tests/Borden05m/data_simulated/sim_1/output-maps/psiliqL0030N0016.asc
ncols         160
nrows         34
xllcorner     620200.000000
yllcorner     5168000.000000
cellsize      0.500000
NODATA_value  -9999.0
[rows 0 to 24 of 34, columns 55 to 109 of 160]
-9999.0 -9999.0 -9999.0 -9999.0 -9999.0 -9999.0 -9999.0 -9999.0 -9999.0 -9999.0 -9999.0 -9999.0 -9999.0 -9999.0 -9999.0 -9999.0 -9999.0 -9999.0 -9999.0 -9999.0 -9999.0 -9999.0 -9999.0 -9999.0 -9999.0 -9999.0 -9999.0 -9999.0 -9999.0 -9999.0 -9999.0 -9999.0 -9999.0 -9999.0 -9999.0 -9999.0 -9999.0 -9999.0 -9999.0 -9999.0 -9999.0 -9999.0 -9999.0 -9999.0 -9999.0 -9999.0 -9999.0 -9999.0 -9999.0 -9999.0 -9999.0 -9999.0 -9999.0 -9999.0 -9999.0
-9999.0 -9999.0 -9999.0 -9999.0 4197.054400 4191.814443 4187.197588 4182.817478 4174.441961 4165.123522 4157.451727 4153.223709 4151.998888 4151.153616 4150.448365 4155.180471 4163.226906 4170.799574 4177.553046 4179.933079 4182.216112 4183.916593 4184.036053 4182.889601 4179.611832 4176.208608 4172.785268 4170.995900 4163.845700 4152.782492 4144.616656 4141.939305 4146.028814 4150.317623 4152.752412 4157.701054 4167.949626 4178.456248 4187.020755 4199.762502 4207.113598 4212.488645 4214.912359 4210.909619 4207.675646 4203.607377 4197.107339 4185.968529 -9999.0 -9999.0 -9999.0 -9999.0 -9999.0 -9999.0 -9999.0
4142.062157 4160.375282 4181.666292 4184.730186 4172.820856 4167.674090 4164.574211 4163.027348 4158.981813 4150.551090 4145.485128 4139.979759 4137.080592 4137.049927 4136.842548 4140.324738 4151.223397 4158.908944 4163.350759 4165.973903 4168.843812 4166.823495 4165.913842 4165.665574 4162.708495 4159.153673 4155.725337 4153.812037 4155.560964 4147.945929 4141.774903 4137.714588 4134.342999 4137.139304 4139.909128 4144.844408 4153.882169 4161.675547 4169.558716 4184.975461 4198.364254 4204.166917 4201.575763 4197.075434 4193.213637 4185.536195 4174.526465 4164.622376 4157.050091 4151.222825 4145.898307 4139.234661 4145.769390 4154.027768 4163.168899
4125.253464 4144.454045 4165.010752 4167.479847 4157.338953 4149.767675 4142.348609 4142.955373 4146.737873 4143.591978 4138.710534 4130.037170 4140.514554 4141.392988 4141.907139 4144.999229 4146.429932 4152.104125 4154.348645 4159.606668 4168.511018 4171.286202 4171.627403 4171.577917 4169.480647 4166.116480 4164.038031 4161.165513 4155.809859 4153.757080 4153.180875 4151.554315 4155.352467 4156.869498 4160.133186 4154.993610 4159.667108 4165.914136 4172.899914 4178.078293 4184.027455 4186.072288 4182.739074 4183.751851 4175.395995 4161.775070 4152.302107 4145.161060 4146.078915 4143.220480 4135.285818 4121.261099 4129.964025 4146.280974 4151.152324
4129.976376 4138.840264 4149.035783 4151.382225 4146.326759 4148.798416 4150.622392 4151.715195 4149.749353 4146.026063 4140.888358 4150.645024 4158.580879 4159.803558 4162.028849 4166.010072 4167.246652 4156.639592 4154.659360 4161.547239 4170.925146 4175.813989 4175.918513 4175.395089 4171.138320 4169.863834 4169.647387 4167.915217 4166.954518 4168.201545 4164.991502 4167.392304 4172.793660 4176.226140 4171.793250 4163.584332 4166.250389 4174.904061 4184.311417 4191.955097 4201.936473 4212.499965 4213.143730 4208.921635 4200.516306 4188.360845 4166.163119 4149.244619 4138.225940 4129.954961 4122.665547 4126.587794 4121.384455 4136.030016 4137.894964
4112.780150 4134.688047 4154.419258 4159.663995 4153.645286 4150.328346 4149.561021 4150.148199 4148.818116 4148.481580 4156.046161 4167.244263 4177.453797 4179.212919 4180.780083 4179.194899 4172.115039 4161.733131 4159.361890 4172.105139 4188.965479 4196.663257 4195.780884 4190.280718 4192.167873 4192.748943 4193.947831 4191.066767 4191.365605 4187.727363 4191.746079 4199.459963 4207.713680 4206.488435 4193.951626 4181.298559 4181.665397 4187.948446 4196.026141 4203.999346 4214.075988 4222.943105 4218.151081 4213.532993 4206.884606 4182.083011 4160.731843 4147.133063 4147.441386 4148.344073 4144.026215 4142.344378 4142.177124 4138.987501 4139.442578
4147.464897 4166.169699 4186.572929 4198.723487 4192.488878 4185.263296 4177.418197 4177.532029 4177.150159 4182.339683 4191.957163 4203.308553 4224.398122 4222.877858 4222.514940 4219.945098 4206.496973 4192.982499 4183.385469 4206.829425 4218.156307 4224.863818 4220.941943 4224.580914 4232.857406 4229.610768 4223.873617 4211.250545 4216.661518 4221.498507 4236.720890 4245.069564 4250.831416 4245.194447 4230.384148 4223.262400 4225.712718 4233.506053 4235.797438 4245.713928 4253.950375 4268.756407 4267.054691 4265.376756 4246.108972 4208.825250 4180.849662 4170.480725 4183.520427 4178.080852 4171.651205 4172.557694 4162.304506 4156.184279 4159.472079
4176.098547 4188.404743 4204.229188 4220.433614 4210.430145 4200.548181 4183.152714 4179.314763 4182.574156 4192.932656 4210.175196 4226.843092 4245.771809 4241.657484 4232.203169 4241.995818 4234.903273 4223.621639 4216.364735 4241.095443 4250.662603 4260.512391 4265.070256 4277.792972 4287.968985 4269.310732 4250.667470 4238.638616 4246.293479 4273.846411 4297.988831 4302.767795 4301.175478 4299.555189 4282.216551 4277.888795 4275.460484 4277.478880 4275.774838 4274.508906 4302.034030 4325.076210 4325.127565 4303.843732 4281.156813 4240.074285 4201.858695 4179.540039 4196.388623 4192.505785 4196.846152 4187.952594 4177.103214 4172.577844 4172.042620
4220.715313 4240.439669 4255.929976 4278.405013 4266.492021 4241.644622 4223.288467 4225.433424 4239.533530 4248.178461 4267.957956 4283.248217 4307.647426 4317.257598 4326.355058 4330.397998 4323.852676 4315.484984 4303.848536 4311.453994 4337.670420 4349.353959 4357.095394 4364.887665 4377.722545 4376.548967 4368.296119 4366.064799 4370.871307 4386.470206 4402.776316 4409.622914 4412.001718 4413.716207 4397.447742 4383.613524 4382.916403 4378.398892 4378.785415 4378.440303 4392.573838 4415.972506 4412.163380 4371.959543 4344.691529 4308.121283 4268.678033 4239.335414 4236.145488 4258.780742 4258.913293 4242.835992 4234.674333 4210.988563 4208.954594
4286.354088 4319.165278 4343.112885 4352.484919 4358.532746 4340.962305 4338.038351 4342.590592 4351.668033 4354.557731 4360.913394 4393.761776 4427.725920 4451.864085 4474.578691 4481.563145 4468.720320 4458.985609 4444.982903 4436.417309 4449.778475 4468.154085 4486.332169 4501.184481 4512.665318 4514.298237 4512.610600 4512.622628 4516.148653 4519.216614 4524.028120 4533.356891 4541.215068 4549.508233 4556.622935 4544.644087 4527.445352 4519.037912 4511.381316 4511.794868 4513.950570 4519.403039 4520.619095 4500.622007 4454.634546 4421.380326 4388.534002 4371.177067 4359.747541 4363.196187 4344.741603 4319.115667 4265.170423 4228.000247 4197.114179
4369.413910 4415.584144 4445.176494 4460.800833 4473.234696 4468.736601 4470.775310 4471.626931 4475.013136 4476.785026 4478.408192 4507.073048 4550.717869 4591.517454 4623.808911 4622.579155 4607.476651 4595.867060 4587.200121 4571.573728 4567.488659 4581.889016 4598.924216 4620.835317 4631.067648 4636.055624 4631.884921 4632.060413 4634.368274 4636.868600 4639.178775 4643.451983 4654.103881 4670.423398 4686.143639 4684.607052 4663.574725 4645.106204 4629.339953 4628.287043 4626.854203 4622.011951 4624.907555 4626.942619 4607.789247 4573.779671 4531.829062 4491.281333 4477.011521 4463.140395 4452.283633 4434.298153 4387.985491 4315.256365 4272.041263
4486.194246 4523.508221 4553.220655 4584.180287 4598.271739 4599.047963 4595.809036 4593.878095 4601.107900 4602.921714 4607.351353 4624.292749 4659.933344 4698.332076 4729.615495 4744.719047 4735.590725 4715.692174 4691.634065 4680.156049 4676.673451 4680.933395 4691.615956 4706.362766 4727.540462 4748.447811 4754.430740 4755.384354 4752.605100 4755.199945 4756.962681 4757.120334 4760.766383 4770.723095 4781.715431 4785.404395 4776.441534 4753.303083 4728.307410 4717.769936 4711.828207 4708.630720 4710.532003 4716.888440 4721.172218 4704.846066 4666.062538 4618.366758 4588.749428 4575.220049 4562.833858 4547.901594 4534.246028 4495.776763 4472.908611
4598.125417 4614.513573 4644.470715 4674.734419 4697.366690 4711.853585 4711.233984 4713.587611 4718.590908 4725.287067 4740.499285 4765.822915 4787.146853 4812.339887 4841.347002 4859.277143 4864.485837 4862.084348 4856.927834 4857.909354 4858.348176 4780.550493 4788.158956 4795.763836 4816.925679 4835.370920 4842.165705 4842.955133 4839.805482 4841.958640 4842.906036 4842.705052 4842.320283 4845.594341 4851.879186 4854.281228 4851.311692 4836.184192 4860.540971 4839.102758 4824.853644 4816.214546 4807.598518 4799.273752 4789.657452 4779.365346 4757.349940 4724.260477 4688.671440 4668.571741 4661.373639 4654.891521 4645.155550 4638.787994 4620.405920
4698.389482 4709.066112 4728.715722 4752.970917 4790.045665 4815.632564 4827.699398 4837.562174 4842.374936 4857.229478 4875.450013 4855.065271 4865.382762 4876.059450 4886.667871 4890.310893 4891.353975 4890.872668 4888.393437 4887.431300 4884.682427 4881.642333 4870.725133 4872.384486 4874.520652 4877.201307 4881.038455 4880.019198 4881.213094 4884.194940 4882.317138 4876.009920 4871.707200 4870.123824 4871.347723 4878.947231 4882.603225 4883.637498 4879.292937 4878.242934 4877.005843 4872.782517 4867.509771 4860.076751 4850.568457 4870.051673 4856.958378 4826.553756 4782.773059 4738.363931 4732.576016 4736.253773 4735.558914 4734.153483 4728.286258
4832.486044 4847.210041 4863.047746 4833.067259 4860.810895 4875.009004 4881.647794 4886.463571 4889.507062 4893.506576 4890.580033 4887.722615 4882.707245 4880.984221 4879.577606 4877.085261 4877.694904 4875.802136 4871.626108 4867.318925 4858.661288 4846.657069 4835.469921 4831.457307 4835.652457 4841.542612 4847.062308 4852.050851 4855.963332 4855.532899 4849.715956 4840.962469 4833.141879 4831.569356 4838.667846 4844.535941 4851.632163 4852.603800 4851.193317 4848.480919 4848.036914 4844.402323 4844.494764 4851.893556 4867.417568 4868.965835 4876.295154 4875.251395 4854.577771 4817.142189 4836.172293 4815.712676 4822.571374 4817.736447 4806.076713
4881.249275 4884.690373 4882.665458 4881.834330 4875.219655 4868.991870 4868.153280 4872.231502 4879.388232 4880.336679 4873.158051 4864.327015 4856.847482 4849.015850 4846.489899 4846.144196 4845.999119 4846.619949 4841.234534 4831.184182 4813.292185 4801.568219 4790.451862 4784.476949 4779.891543 4782.747834 4794.648825 4807.964817 4813.211552 4802.806672 4793.851428 4781.442408 4773.280790 4773.805227 4774.366893 4784.170899 4802.353650 4811.179554 4812.055304 4805.016428 4797.712510 4790.739305 4787.276833 4793.675256 4809.369611 4827.033608 4843.700518 4853.428235 4861.460558 4868.969079 4865.299251 4868.703398 4870.576533 4867.931916 4872.622841
4876.181360 4868.953992 4861.723027 4856.227909 4849.744437 4844.502207 4842.539532 4844.144006 4845.640668 4841.127030 4834.729944 4824.615262 4813.327560 4803.435906 4795.097445 4796.133607 4798.515448 4800.406823 4792.625264 4776.658303 4758.390073 4744.677106 4730.640817 4726.635431 4720.246588 4711.150005 4721.133723 4742.044357 4749.941365 4732.701849 4721.315028 4705.592306 4699.251896 4694.864440 4695.369595 4704.199109 4727.964049 4754.197225 4756.712286 4745.263179 4733.864082 4729.239337 4725.885576 4729.981798 4746.499199 4768.063687 4785.021804 4796.068513 4801.477725 4809.325707 4818.861379 4834.159763 4849.862672 4862.939816 4866.254616
4850.279495 4842.425774 4834.655171 4826.874663 4819.874937 4813.527463 4809.087261 4807.065057 4802.482598 4796.156384 4788.927934 4765.544230 4752.725320 4739.163734 4723.485583 4719.217270 4713.531746 4714.246451 4702.411509 4695.126808 4679.225376 4663.719027 4647.928448 4633.321535 4627.540910 4620.441253 4616.455813 4629.225458 4637.461610 4629.362379 4619.849689 4609.984930 4606.075794 4602.692519 4605.443396 4616.052991 4634.776419 4653.150867 4662.314394 4655.319185 4655.665686 4656.783968 4655.263463 4662.095793 4671.844236 4689.477048 4712.868992 4733.343546 4743.745502 4750.553228 4759.680680 4774.403120 4788.888714 4803.703737 4822.398843
4819.372515 4809.851206 4799.716142 4789.714672 4778.968271 4768.167282 4761.304703 4764.305270 4758.263414 4752.670340 4726.838690 4667.896711 4645.259925 4625.583456 4608.654017 4601.260991 4592.161842 4572.640365 4563.950377 4560.097644 4565.575567 4552.010745 4534.323349 4515.905241 4511.043030 4507.687477 4487.021034 4478.794791 4478.327713 4499.343157 4493.778911 4494.292085 4497.804926 4495.509005 4496.123724 4508.651480 4514.879635 4518.673359 4525.860290 4533.315471 4545.632567 4554.781709 4567.792976 4585.849387 4596.124163 4610.951165 4631.257133 4658.105778 4674.778451 4684.553619 4694.992244 4710.430920 4726.704878 4744.870170 4767.619332
4784.079828 4766.353922 4751.205216 4736.526676 4723.533136 4710.337591 4693.212385 4695.228936 4693.317554 4682.050567 4621.556215 4580.979708 4546.176830 4529.004331 4504.398042 4489.684421 4470.973607 4427.565822 4408.673718 4410.229391 4428.851017 4427.637709 4412.895169 4401.764771 4391.771470 4381.287543 4361.610646 4338.910304 4345.540932 4366.558648 4369.681474 4375.065892 4384.513379 4384.547922 4376.581693 4370.690626 4381.928055 4386.510368 4398.463138 4418.860677 4424.292515 4443.973817 4481.086129 4493.927918 4509.212075 4527.219405 4547.345724 4569.470616 4593.195008 4607.775906 4623.372218 4641.872215 4658.660829 4678.992686 4701.465752
4731.233138 4698.633984 4676.667276 4658.723970 4638.622464 4608.982565 4588.812651 4586.302913 4580.117499 4546.860897 4491.727915 4457.536162 4436.248374 4414.263196 4391.350172 4365.298399 4323.570583 4287.249393 4264.587601 4284.371295 4297.187754 4313.082383 4302.647710 4292.608120 4283.186257 4263.388360 4245.903580 4227.494264 4239.547754 4248.314316 4271.699437 4280.037881 4284.146246 4291.466940 4289.942282 4276.634756 4267.408944 4275.258951 4285.073578 4297.843013 4322.862678 4361.130616 4386.257323 4405.128714 4425.717442 4443.939415 4464.834295 4487.491269 4510.785943 4528.125559 4546.363659 4564.540386 4585.325019 4603.757942 4625.817845
4646.051317 4617.564205 4591.240717 4567.693023 4533.719323 4484.073075 4469.523209 4460.113579 4434.280190 4381.974937 4340.214285 4324.658319 4315.697554 4292.868510 4272.830266 4242.824770 4207.664234 4187.863903 4167.121517 4179.101905 4190.938120 4214.785778 4207.419870 4202.455671 4200.849010 4185.337913 4172.351071 4155.109188 4160.961131 4174.150270 4200.353138 4207.223542 4211.746882 4222.246735 4221.681276 4216.138260 4194.977603 4200.943571 4211.946457 4227.131004 4259.797579 4281.694160 4303.632029 4325.647094 4344.670807 4365.803174 4387.350340 4409.830654 4436.470146 4455.953078 4474.763770 4496.081443 4514.576259 4527.149787 4541.319856
4533.886345 4510.612643 4492.211911 4467.979791 4422.302298 4377.917476 4333.972073 4302.647855 4244.319688 4208.690395 4194.040226 4199.631363 4190.198871 4172.185801 4154.829377 4136.830065 4117.112435 4100.407629 4075.361974 4081.915169 4099.603385 4118.374615 4122.979486 4126.144557 4125.681603 4117.445938 4104.255018 4090.714934 4094.600664 4112.638637 4131.234200 4142.511926 4150.769504 4158.626858 4158.139518 4147.314551 4136.402420 4140.582308 4156.267425 4172.125411 4187.949418 4207.462066 4227.349051 4247.233226 4269.169467 4290.961958 4312.990234 4337.003677 4363.270146 4384.522192 4407.662725 4431.442957 4446.302579 4453.138595 4457.927454
4429.232089 4411.620894 4389.162883 4361.277298 4318.713016 4279.953825 4239.768951 4189.110783 4156.344848 4129.310707 4127.546706 4114.616950 4104.407685 4092.691646 4073.860894 4059.885923 4047.891046 4027.900430 4021.948825 4030.728985 4044.900492 4052.230098 4061.227724 4059.975173 4058.393253 4053.943400 4040.183715 4038.707548 4049.497073 4064.669286 4077.882884 4090.062010 4097.006213 4101.616720 4098.271587 4088.469358 4086.508883 4094.440791 4109.533462 4121.944885 4134.968557 4154.369759 4172.848051 4193.244980 4214.461642 4235.084378 4258.174115 4282.004017 4306.938924 4333.573342 4354.514229 4370.762225 4377.464103 4385.003927 4380.480113
4303.795879 4295.160214 4269.799774 4241.699090 4214.537113 4184.433714 4163.560950 4133.962603 4105.675625 4078.635516 4054.038432 4045.234423 4042.114366 4031.727511 4017.273481 4008.469441 3994.805748 3989.089152 3998.757188 3999.933471 4007.147095 4004.407419 4006.007437 4004.303833 4004.350403 4003.448017 3999.608301 4013.778401 4019.911848 4032.723726 4042.350982 4052.114636 4057.564117 4060.698726 4062.169539 4058.672521 4065.238734 4070.380811 4083.056465 4093.185981 4105.082351 4123.499767 4138.844835 4156.026571 4176.639336 4197.963288 4219.993534 4244.003046 4270.504487 4293.388072 4308.694476 4312.691991 4319.572381 4317.575646 4302.610374
