tests/Borden05m/data_simulated/sim_1/output-maps/psiliqL0013N0012.asc
ncols         160
nrows         34
xllcorner     620200.000000
yllcorner     5168000.000000
cellsize      0.500000
NODATA_value  -9999.0
[rows 0 to 24 of 34, columns 0 to 55 of 160]
-9999.0 -9999.0 -9999.0 -9999.0 -9999.0 -9999.0 -9999.0 -9999.0 -9999.0 -9999.0 -9999.0 -9999.0 -9999.0 -9999.0 -9999.0 -9999.0 -9999.0 -9999.0 -9999.0 -9999.0 -9999.0 -9999.0 -9999.0 -9999.0 -9999.0 -9999.0 -9999.0 -9999.0 -9999.0 -9999.0 -9999.0 -9999.0 -9999.0 -9999.0 -9999.0 -9999.0 -9999.0 -9999.0 -9999.0 -9999.0 -9999.0 -9999.0 -9999.0 -9999.0 -9999.0 -9999.0 -9999.0 -9999.0 -9999.0 -9999.0 -9999.0 -9999.0 -9999.0 -9999.0 -9999.0 -9999.0
-9999.0 -9999.0 -9999.0 -9999.0 -9999.0 -9999.0 -9999.0 -9999.0 -9999.0 -9999.0 -9999.0 -9999.0 -9999.0 -9999.0 -9999.0 -9999.0 -9999.0 -9999.0 -9999.0 -9999.0 -9999.0 -9999.0 -9999.0 -9999.0 -9999.0 -9999.0 -9999.0 -9999.0 -9999.0 -9999.0 -9999.0 -9999.0 -9999.0 -9999.0 -9999.0 -9999.0 -9999.0 -9999.0 -9999.0 -9999.0 -9999.0 -9999.0 -9999.0 -9999.0 -9999.0 -9999.0 -9999.0 -9999.0 -9999.0 -9999.0 -9999.0 -9999.0 -9999.0 -9999.0 -9999.0 -9999.0
-9999.0 -9999.0 -9999.0 -9999.0 -9999.0 -9999.0 -9999.0 -9999.0 -9999.0 -9999.0 -9999.0 -9999.0 -9999.0 -9999.0 -9999.0 -9999.0 -9999.0 -9999.0 -9999.0 -9999.0 -9999.0 -9999.0 -9999.0 -9999.0 -9999.0 -9999.0 -9999.0 -9999.0 -9999.0 -9999.0 -9999.0 -9999.0 -9999.0 -9999.0 -9999.0 -9999.0 -9999.0 -9999.0 -9999.0 -9999.0 -9999.0 -9999.0 -9999.0 -9999.0 -9999.0 -9999.0 -9999.0 694.155498 676.901635 661.291942 659.095236 681.714017 705.214820 729.123832 749.823212 768.559945
-9999.0 -9999.0 -9999.0 -9999.0 -9999.0 -9999.0 -9999.0 -9999.0 -9999.0 -9999.0 -9999.0 -9999.0 -9999.0 -9999.0 -9999.0 -9999.0 -9999.0 -9999.0 -9999.0 -9999.0 -9999.0 -9999.0 -9999.0 -9999.0 -9999.0 -9999.0 -9999.0 -9999.0 -9999.0 -9999.0 -9999.0 -9999.0 -9999.0 -9999.0 -9999.0 -9999.0 -9999.0 -9999.0 -9999.0 -9999.0 741.592860 747.548385 748.833948 738.451137 727.354781 715.262236 695.361877 677.671965 662.907971 660.510815 663.325424 668.561874 691.279296 716.078626 735.899818 753.096098
-9999.0 -9999.0 -9999.0 -9999.0 -9999.0 -9999.0 -9999.0 -9999.0 -9999.0 -9999.0 -9999.0 -9999.0 -9999.0 -9999.0 -9999.0 -9999.0 -9999.0 -9999.0 -9999.0 -9999.0 -9999.0 -9999.0 -9999.0 -9999.0 -9999.0 -9999.0 -9999.0 -9999.0 -9999.0 -9999.0 -9999.0 -9999.0 -9999.0 -9999.0 648.948495 666.468610 684.671327 703.196066 720.035161 726.891847 732.777517 738.596812 734.604943 730.093954 718.906369 699.953670 680.589093 666.903285 664.921935 662.636017 667.129038 680.185568 697.160389 713.553040 734.690747 758.431139
-9999.0 -9999.0 -9999.0 -9999.0 -9999.0 -9999.0 -9999.0 -9999.0 -9999.0 -9999.0 -9999.0 -9999.0 -9999.0 -9999.0 -9999.0 -9999.0 -9999.0 -9999.0 -9999.0 -9999.0 -9999.0 -9999.0 -9999.0 -9999.0 -9999.0 -9999.0 -9999.0 -9999.0 652.713438 646.902722 641.996251 640.672500 639.545616 638.597363 645.580522 657.794999 675.993141 697.824692 710.939507 718.310015 725.090281 725.985025 721.135887 719.311480 719.824015 708.200969 696.729250 686.012667 675.696575 674.389297 684.179508 698.519251 714.971412 730.093914 745.803734 757.028136
-9999.0 -9999.0 -9999.0 -9999.0 -9999.0 -9999.0 -9999.0 -9999.0 -9999.0 -9999.0 -9999.0 -9999.0 -9999.0 -9999.0 -9999.0 -9999.0 -9999.0 -9999.0 -9999.0 -9999.0 -9999.0 -9999.0 -9999.0 622.588117 628.473822 635.119238 642.712587 643.773700 639.822561 634.370527 631.509072 630.204026 628.708507 633.383329 641.680194 655.464008 671.499897 693.556454 702.361855 708.698320 721.141676 724.041418 729.883900 734.157014 732.651784 730.023118 717.788680 708.768161 714.098039 720.234704 727.260477 735.483362 749.156757 764.888988 782.645771 803.292306
-9999.0 -9999.0 -9999.0 -9999.0 -9999.0 -9999.0 -9999.0 -9999.0 -9999.0 -9999.0 -9999.0 -9999.0 -9999.0 -9999.0 -9999.0 -9999.0 -9999.0 -9999.0 -9999.0 597.368253 598.341731 599.606212 604.395136 605.335483 607.616436 614.755950 623.071507 625.578420 624.061301 622.813394 624.570136 627.517398 632.110275 643.690184 657.777717 672.239284 686.436024 707.614004 722.670960 736.594201 752.890546 752.403916 748.598478 746.992752 747.760493 748.335436 753.021671 756.215989 762.754966 767.992310 774.831657 784.538476 796.407359 815.189955 835.660257 856.149291
-9999.0 -9999.0 -9999.0 -9999.0 -9999.0 -9999.0 -9999.0 -9999.0 -9999.0 -9999.0 -9999.0 -9999.0 -9999.0 -9999.0 -9999.0 -9999.0 568.623345 570.538416 572.819964 578.291390 581.218538 585.336530 592.410005 593.777931 597.741509 605.070353 610.193474 619.181463 627.442864 635.035706 641.296412 644.303641 652.141028 662.137246 674.393103 690.102605 712.056725 735.487423 752.177883 769.408131 786.861851 787.840621 787.132658 788.642699 789.584841 796.646509 814.728115 821.143269 823.320302 840.757816 855.436773 861.267288 869.588888 889.224197 913.706550 938.326970
-9999.0 -9999.0 -9999.0 -9999.0 -9999.0 -9999.0 -9999.0 -9999.0 -9999.0 -9999.0 -9999.0 -9999.0 -9999.0 522.588107 526.811861 536.389722 545.512046 548.088178 552.426933 558.549687 570.901036 574.691443 581.120597 588.922216 600.931894 609.784495 619.249771 631.386931 640.154618 647.757791 655.212418 661.462398 675.254850 690.991483 707.275280 728.026536 750.500822 771.737318 792.960474 809.298431 823.757683 826.643840 826.066241 828.834353 837.187339 855.226216 874.919278 885.538294 905.329563 929.418719 944.013846 956.911322 966.624097 980.802024 1002.819375 1038.324557
-9999.0 -9999.0 -9999.0 -9999.0 -9999.0 -9999.0 -9999.0 -9999.0 -9999.0 -9999.0 488.912139 491.380038 488.083367 488.194199 493.310029 505.488535 519.207419 526.010235 537.672146 558.682964 576.523114 580.290048 595.164731 605.611707 612.660146 623.588757 637.137006 650.444611 667.874856 680.976653 693.427466 713.858764 731.018497 748.245133 766.746154 787.699643 808.638251 838.386764 866.484317 880.702951 904.393337 916.984513 914.961488 915.867135 925.428254 942.822924 965.853941 991.304653 1014.600540 1041.451051 1060.687092 1076.254360 1088.160781 1101.680514 1118.405471 1153.705530
-9999.0 -9999.0 -9999.0 -9999.0 -9999.0 -9999.0 -9999.0 -9999.0 464.368007 471.660951 477.951071 475.098607 470.715943 467.139140 480.854673 496.856994 513.069721 530.736791 546.966262 565.348958 581.050874 597.758949 617.862516 630.051508 642.254020 658.069069 672.336939 690.315630 712.355065 726.403934 744.603640 767.066881 786.887248 805.955619 825.726563 845.148242 873.370160 908.423152 941.915308 966.594185 995.875554 1020.502911 1021.163117 1024.788484 1030.248498 1057.094075 1087.891113 1119.794818 1146.761870 1175.285428 1205.492884 1224.023357 1235.499324 1248.902127 1264.859780 1283.618893
-9999.0 -9999.0 -9999.0 -9999.0 -9999.0 -9999.0 437.480962 461.774123 476.849665 469.137144 459.859793 456.492699 452.807313 475.369012 497.383776 514.778091 531.912913 549.790399 566.659557 580.548620 615.131751 633.154532 648.318318 667.477661 682.635161 697.843629 716.074556 740.389626 763.553677 795.105921 823.202044 849.242328 876.961915 898.135439 918.377481 938.449915 971.435664 1010.326598 1048.475163 1079.095071 1107.761944 1139.195299 1147.800516 1154.346573 1162.366686 1183.365915 1215.161217 1246.057814 1280.406932 1312.910945 1339.643503 1351.942164 1362.826517 1374.712779 1388.669332 1401.490347
-9999.0 -9999.0 -9999.0 -9999.0 403.921483 424.924511 445.233435 476.109231 498.864288 494.001907 501.101348 501.645587 500.281776 504.108739 511.154720 529.563337 548.335809 567.401932 586.005073 622.276070 666.490517 683.205550 709.112981 742.120826 756.919098 773.131847 790.268382 814.498275 843.219216 878.560204 924.605165 964.075665 991.676184 1016.176476 1038.725057 1062.364778 1097.289000 1135.907825 1173.661548 1208.820514 1239.616174 1265.822662 1279.405435 1287.739683 1299.741115 1315.985015 1337.204148 1364.495023 1395.466164 1427.446907 1452.598246 1466.677739 1474.974825 1485.947703 1496.935461 1509.400128
-9999.0 -9999.0 -9999.0 355.138317 393.835582 431.518631 458.856273 490.009392 522.259923 527.717849 536.905484 542.690900 548.485477 557.647568 567.118838 584.528592 600.698414 616.387156 638.900924 676.502366 712.895546 745.044811 778.575916 807.670959 830.301609 847.483938 866.913404 892.349876 933.555690 973.101884 1024.945980 1079.477245 1117.665424 1143.203634 1165.810667 1193.365703 1218.668975 1254.787989 1289.871105 1323.145159 1355.039411 1380.149516 1399.458282 1407.403660 1416.752151 1425.511164 1442.011449 1463.471244 1485.270249 1513.802272 1541.802665 1565.706639 1579.499668 1589.510962 1605.444224 1621.258693
-9999.0 -9999.0 308.136365 345.761599 380.311533 431.124927 484.194931 518.643628 559.890537 584.586595 592.081027 610.247020 627.266156 635.576399 652.225042 670.150702 687.381462 694.086859 710.832747 743.829113 796.023728 844.157674 869.992672 923.816269 958.563406 986.383292 1004.399707 1031.821686 1067.691375 1110.795477 1160.080366 1210.112001 1249.104146 1280.542848 1297.053365 1316.187851 1338.821080 1362.264815 1395.467323 1424.404343 1455.386067 1481.463219 1503.430277 1510.897865 1515.945562 1531.313930 1554.794987 1579.725481 1603.432147 1626.230120 1632.157595 1642.456677 1647.598787 1650.948967 1655.419696 1658.563969
-9999.0 -9999.0 281.908005 326.641097 367.815599 435.563230 514.477992 552.254583 595.827446 642.017104 661.722419 686.994927 701.916402 714.848996 739.379991 763.137079 774.489738 781.424609 782.438353 839.121290 899.339451 954.953678 1009.061133 1075.877374 1121.260060 1137.663457 1150.091054 1170.962404 1196.254931 1239.672924 1287.537310 1339.262623 1382.360428 1412.754654 1428.603258 1446.087441 1465.774119 1483.217802 1501.688828 1539.481186 1565.597612 1590.644503 1616.753390 1636.643639 1644.793789 1647.987437 1639.412130 1647.925552 1653.980861 1657.062753 1658.446626 1655.656344 1655.469209 1656.580922 1657.849858 1652.993213
-9999.0 193.613953 245.778105 299.427413 369.071275 437.348761 521.910364 602.797265 658.781698 705.856392 736.234732 752.033348 794.507411 839.945355 867.388803 895.921295 899.137097 904.108715 896.469257 945.104849 997.973570 1076.959525 1188.054455 1245.040863 1287.802567 1291.465505 1287.975633 1301.372970 1325.658492 1367.842432 1431.995432 1477.105326 1527.351619 1565.232140 1579.430956 1585.700473 1602.465257 1621.523381 1613.667872 1633.354205 1642.853845 1650.976214 1653.281495 1655.470256 1656.977442 1657.650712 1654.932035 1649.031820 1641.683076 1636.441050 1632.569407 1628.089366 1630.528639 1633.780038 1634.446166 1627.264810
-9999.0 158.546165 218.366537 290.398214 362.095716 433.211683 539.934931 679.903438 732.985565 771.306072 798.054616 828.627712 910.026161 977.490248 1013.715227 1058.361806 1055.353522 1046.729431 1038.155009 1073.204224 1125.164268 1199.806030 1336.942637 1420.164995 1445.602987 1457.908259 1466.281112 1492.276064 1527.159854 1560.960620 1591.431274 1595.224288 1618.293810 1630.134027 1634.244831 1636.391029 1640.133568 1641.028093 1639.710585 1637.092420 1633.581729 1634.818369 1639.631617 1640.190206 1638.039525 1635.383210 1629.962397 1622.290836 1616.479933 1611.503132 1608.291694 1604.801250 1602.895781 1602.703348 1598.005095 1591.670640
-9999.0 130.451633 201.199348 265.656017 333.697327 451.929422 577.673683 712.402234 805.835719 846.019047 878.259882 953.876297 1054.392630 1148.194931 1199.433794 1225.768724 1231.305096 1216.092791 1224.626396 1270.791415 1335.562063 1422.802046 1506.986331 1579.739017 1593.735011 1598.754661 1583.233174 1595.720380 1607.300721 1610.717554 1613.448006 1617.616332 1624.218347 1628.290371 1628.348954 1626.641401 1622.893235 1615.752211 1611.422295 1608.804537 1606.011744 1606.197124 1609.298978 1610.693319 1608.370274 1604.493137 1599.602987 1593.264298 1586.435952 1579.147575 1574.525950 1569.878419 1567.167558 1561.927801 1556.878203 1550.038576
-9999.0 34.576321 121.736389 179.139795 300.332327 472.616997 599.452432 751.905986 896.705284 941.318340 1023.030811 1140.246077 1242.397838 1313.735071 1354.925810 1397.133021 1426.990190 1452.704044 1488.934000 1460.941274 1515.264759 1567.281381 1590.421466 1602.746525 1605.259088 1608.294992 1602.256828 1584.872022 1576.112902 1570.988782 1574.135421 1582.660870 1589.296050 1595.699863 1594.394853 1595.319317 1595.366856 1591.831983 1588.168894 1580.275082 1573.037565 1567.710654 1566.279534 1571.598485 1566.694591 1563.240908 1556.876458 1548.326316 1539.076045 1530.773110 1522.505053 1515.191849 1511.784187 1505.635615 1503.337435 1494.348658
-9999.0 -46.361780 31.295971 125.508992 268.339371 433.166752 569.062844 739.165319 944.329670 1060.322546 1180.130163 1249.695732 1322.001697 1383.765280 1445.818072 1490.112306 1514.697628 1526.170158 1521.560872 1533.909875 1507.330332 1504.065127 1523.388586 1550.736269 1564.842129 1570.069902 1562.797860 1553.166012 1547.072510 1546.964540 1546.647261 1546.158818 1545.297889 1543.753160 1540.956699 1542.814209 1547.009237 1540.764540 1532.266801 1524.264641 1517.113975 1509.098874 1503.784485 1500.520803 1499.149906 1498.611023 1490.843248 1480.092519 1469.086100 1460.382998 1452.131156 1445.874360 1442.727483 1437.164958 1428.756712 1415.922277
-9999.0 -141.462420 -21.899441 75.297120 202.024242 340.931948 472.032360 639.368678 793.585042 1011.974172 1173.430973 1268.069212 1307.939000 1363.648510 1422.959585 1487.262147 1493.477650 1467.338182 1439.733942 1428.771727 1436.572789 1448.509273 1463.557793 1484.356861 1502.325943 1512.350267 1514.573744 1507.432562 1494.436750 1485.799959 1479.812445 1470.690721 1464.075739 1463.114206 1463.533527 1470.127231 1472.090153 1462.745294 1449.798695 1434.014280 1420.285325 1409.966872 1407.050104 1408.209549 1408.007037 1404.323599 1397.256303 1386.576223 1373.829414 1361.850233 1353.902970 1347.910963 1340.584138 1330.270673 1318.763918 1305.725296
-9999.0 -9999.0 -95.493508 16.368210 127.604580 253.258272 374.006539 523.034009 677.106316 862.290847 981.848497 1105.563577 1174.753500 1220.323165 1270.978424 1324.301711 1342.498291 1361.352984 1346.091177 1352.035196 1360.373772 1368.024141 1379.056770 1391.641878 1405.327648 1415.399462 1422.881145 1420.998011 1412.165488 1395.672196 1376.176559 1361.221525 1352.547652 1345.731383 1354.380851 1365.094842 1361.978319 1355.031387 1343.013309 1327.411181 1314.469084 1300.958158 1297.157275 1297.377949 1297.246087 1294.138027 1289.331929 1276.411079 1263.307924 1251.029190 1244.973684 1238.321423 1232.224644 1220.816363 1208.601706 1195.063017
-9999.0 -9999.0 -179.213177 -69.240195 47.993902 173.207853 277.189597 363.237264 519.542136 639.338259 744.475952 841.626377 922.175094 984.497236 1029.037950 1088.760154 1127.490047 1143.583143 1162.245256 1190.528476 1216.589807 1243.932945 1262.313476 1275.615020 1289.732454 1302.808089 1311.510542 1300.399624 1289.790618 1273.619005 1252.941510 1230.367933 1218.426553 1214.295988 1216.427375 1221.380733 1215.510803 1205.654426 1191.203606 1175.369466 1162.261188 1150.702000 1146.449810 1143.097139 1141.636793 1138.547735 1135.083431 1126.203827 1114.592864 1106.424854 1097.786243 1091.220756 1087.479757 1079.989704 1070.026082 1062.847309
