tests/Borden05m/data_simulated/sim_1/output-maps/psiliqL0010N0013.asc
ncols         160
nrows         34
xllcorner     620200.000000
yllcorner     5168000.000000
cellsize      0.500000
NODATA_value  -9999.0
[rows 0 to 25 of 34, columns 57 to 113 of 160]
-9999.0 -9999.0 -9999.0 -9999.0 -9999.0 -9999.0 -9999.0 -9999.0 -9999.0 -9999.0 -9999.0 -9999.0 -9999.0 -9999.0 -9999.0 -9999.0 -9999.0 -9999.0 -9999.0 -9999.0 -9999.0 -9999.0 -9999.0 -9999.0 -9999.0 -9999.0 -9999.0 -9999.0 -9999.0 -9999.0 -9999.0 -9999.0 -9999.0 -9999.0 -9999.0 -9999.0 -9999.0 -9999.0 -9999.0 -9999.0 -9999.0 -9999.0 -9999.0 -9999.0 -9999.0 -9999.0 -9999.0 -9999.0 -9999.0 -9999.0 -9999.0 -9999.0 -9999.0 -9999.0 -9999.0 -9999.0 -9999.0
-9999.0 -9999.0 216.335959 210.805372 205.467993 200.471671 191.433757 182.210387 173.678030 169.762882 168.932226 168.186755 167.891246 173.278503 181.336185 189.057093 196.355925 198.832160 201.351862 203.727373 204.308927 203.083237 199.869183 196.596274 193.199522 191.725344 183.461789 172.006511 163.076390 160.313939 164.812413 169.339205 171.874671 177.924638 188.809728 199.752187 208.382276 220.216686 225.829953 230.935014 233.990482 229.823241 226.143651 222.278720 217.309073 206.200667 -9999.0 -9999.0 -9999.0 -9999.0 -9999.0 -9999.0 -9999.0 -9999.0 -9999.0 -9999.0 -9999.0
199.145966 202.490574 191.510627 186.665764 183.356744 181.212989 176.172105 167.444709 162.137359 156.768239 155.127690 155.245160 155.408482 159.683355 169.757731 177.828862 182.700282 185.246523 187.859009 187.923572 187.503883 187.197874 184.343309 180.945259 177.562540 175.782605 175.960542 168.359416 162.992048 159.693997 158.351487 160.833236 163.166998 166.305298 175.928615 184.234042 192.550379 206.771953 219.110439 224.292399 221.772818 216.607533 212.692917 206.013935 195.961470 185.397305 175.092497 167.792348 162.186358 156.646177 162.567533 168.903297 178.943999 188.897408 200.877342 213.012621 -9999.0
183.620542 186.555948 175.765959 167.387737 162.801641 162.929675 165.270135 161.688047 157.126683 152.858605 161.075469 162.497708 163.803709 167.156404 170.546690 173.198700 176.051172 181.486082 190.576248 193.358245 193.983866 194.199501 192.436394 189.362458 187.594829 184.855704 179.698055 178.790112 179.252173 179.266545 184.455368 185.945634 187.374424 180.406790 183.776071 190.025443 196.927859 203.815523 210.734902 215.115785 211.813175 210.445736 201.799337 187.654874 175.956799 167.005885 164.411800 160.999284 153.033277 140.468434 147.211015 162.550345 167.033813 170.485265 182.243965 194.479963 204.734552
169.663255 172.802577 167.831341 168.939815 170.464047 172.011741 170.510983 167.684622 166.361137 179.487503 189.317739 191.363525 194.514504 198.133789 197.159264 184.974747 182.463580 191.057724 201.691203 207.782747 208.156491 208.272327 206.685209 205.724580 205.275302 202.981930 204.079127 206.804791 207.464488 212.586124 218.337997 221.126588 212.667026 203.288312 203.728265 211.307309 219.273389 226.652938 237.565087 249.090596 247.630157 241.440498 231.865481 217.510250 193.359349 172.974469 161.849422 154.673336 147.282467 146.386589 143.558232 154.047057 155.520024 157.039922 165.321052 175.477014 185.494263
185.344357 193.824840 187.981132 182.585202 179.432034 180.213203 180.720959 184.483222 198.061972 212.633289 228.296772 231.618479 234.635895 234.561593 225.104213 214.767738 210.658186 225.848813 242.130188 250.821859 252.086481 252.581745 260.580965 258.860238 256.507010 251.244668 253.774463 256.539192 267.908993 275.815780 282.842500 280.933808 268.852449 257.361673 255.183915 257.077476 259.356248 265.300347 275.763779 285.757930 280.381845 272.121300 260.584488 230.305095 201.254735 183.158850 182.832965 182.473070 177.137114 173.359880 169.208852 161.237896 160.296311 159.205462 158.315516 169.994873 182.007138
235.631628 252.436839 246.979877 238.777879 228.171736 228.914348 232.794340 241.809532 256.118339 275.703441 301.361819 306.082658 310.685959 314.795768 304.015500 291.688252 280.030610 296.805848 307.270746 316.993958 320.597995 332.344421 342.999755 338.285368 329.747192 320.013361 326.884169 340.791051 356.681007 363.794189 367.646337 367.371596 356.688430 350.584910 347.589800 347.999792 344.213482 347.591815 358.529712 373.811194 372.992091 361.184224 336.181529 297.347133 259.982400 236.224120 239.300743 231.432957 223.931620 218.642698 203.354114 190.968802 189.828540 179.453302 172.518239 183.392071 188.973297
288.166054 307.770786 304.585535 294.008598 281.656155 282.090645 290.934490 301.784701 322.497344 348.639413 375.892243 388.729904 395.827934 406.058836 399.748357 390.336760 381.458077 389.887965 403.140150 416.360562 428.371022 442.174973 454.655806 446.934078 436.096419 432.377680 437.668549 456.868852 473.885562 479.923586 482.303822 486.124048 478.409217 470.449069 461.809345 454.187868 446.858114 442.030156 458.661494 473.983203 471.131406 445.429942 418.305997 379.835317 339.045092 302.385937 296.520198 292.659785 289.291270 271.874250 254.233099 234.320764 222.107507 211.614457 195.670090 199.607887 204.323294
394.337338 417.107150 421.691880 407.129721 401.682627 407.443670 420.517853 428.475278 444.844420 473.633918 509.956204 536.022192 558.460294 563.558049 555.054791 545.803808 532.112588 528.187215 543.766658 556.484063 568.342214 579.981092 592.286088 598.877003 597.273218 597.150008 600.247545 606.051424 613.972556 620.897745 626.906078 633.026435 631.551283 621.754924 613.824374 603.999745 595.735931 592.718461 593.026118 601.397370 599.012496 574.628623 545.862306 511.984481 471.951239 436.809577 413.952515 414.461478 398.975893 377.815867 353.473342 314.204465 293.223684 274.312587 242.449658 236.331668 244.777449
517.859500 535.676095 551.574763 550.032788 553.086842 557.509535 564.956858 570.976417 579.961692 613.323007 649.525479 680.858168 706.157390 715.609223 706.210731 696.576396 685.068358 675.650139 678.156712 691.821928 708.149870 723.690402 734.487177 738.206324 737.024980 737.346176 739.059074 742.096767 744.820870 750.204780 757.001933 766.925886 778.213524 773.446825 756.905047 743.995345 729.296247 723.136468 720.535393 716.915551 715.895303 709.826645 680.541359 651.837900 618.572255 586.250521 562.160772 543.404898 521.348338 496.380185 448.499396 404.565578 366.461063 335.084730 303.428154 297.199780 319.901034
645.082292 671.169058 687.387686 692.312313 695.560350 699.357528 706.262080 712.480135 720.895514 742.450617 778.790509 815.634146 845.617972 851.140349 843.165365 833.138057 822.419770 812.848774 809.595483 816.147967 826.163787 840.784547 851.957925 861.965849 861.901448 862.337995 862.368065 864.133284 865.853265 867.257830 873.127073 883.666703 893.626711 895.071088 883.234463 866.838352 849.392295 840.679604 832.844570 825.930948 824.746514 824.470302 818.623442 794.724350 759.656223 716.594988 687.556673 664.191592 649.114451 631.605951 607.939675 559.658803 530.186932 494.178999 456.127822 429.837831 463.455425
760.135527 790.281016 810.007722 819.747430 822.104201 826.190731 834.441837 841.873638 853.034883 869.482584 891.375085 919.164251 946.069384 964.163257 961.574679 950.430043 934.312191 930.307291 929.041546 930.561670 936.622780 943.192744 957.050908 971.220898 976.541983 977.250254 974.854630 976.443992 977.513438 977.457290 977.498090 981.021898 986.907852 989.218362 984.994635 970.758000 951.841510 936.328579 925.803803 919.874912 916.393121 916.168813 914.350881 902.842940 875.372597 838.708391 804.233018 779.972968 762.092710 747.393220 735.630903 719.008655 701.204968 671.324648 628.721352 591.777478 585.211264
861.107936 886.651553 911.042384 928.636486 934.961121 942.998325 948.831891 959.422667 974.755481 992.165876 1005.165376 1020.985973 1041.305877 1053.088786 1058.833095 1059.549351 1058.786809 1060.527175 1060.229888 1043.366994 1045.433232 1047.290929 1051.621210 1057.392635 1059.267297 1059.509222 1058.878794 1059.589846 1059.752754 1059.791809 1059.108958 1058.250546 1059.285317 1059.591239 1058.651396 1053.612281 1052.691799 1036.334934 1024.142443 1016.258765 1008.379163 999.649390 989.983366 980.108833 964.262573 937.451573 903.968995 874.739135 860.987268 852.893737 845.665182 839.489281 824.193133 802.715408 773.145429 735.834715 700.209901
958.965715 977.777597 1002.815085 1021.028097 1032.026373 1041.269109 1046.610936 1058.339099 1070.424722 1068.075714 1070.715440 1073.391615 1076.017415 1076.971135 1077.164769 1076.849542 1074.385210 1073.717642 1071.659575 1066.117332 1056.465398 1057.451144 1058.472012 1060.683189 1064.099234 1062.934620 1064.015040 1066.874318 1065.222364 1059.668838 1055.930963 1054.044961 1053.940332 1060.441259 1063.164444 1063.743437 1063.440761 1062.821844 1062.320440 1061.236394 1060.073699 1058.570124 1056.562336 1056.696713 1046.866033 1024.516625 993.325789 959.810691 943.151420 936.258771 935.798149 931.818727 924.835935 905.574028 878.235050 842.954082 805.593858
1062.762879 1064.719960 1070.991375 1074.651337 1076.744660 1079.362021 1081.814593 1082.427090 1079.102096 1075.423371 1070.567593 1068.907199 1067.112599 1064.459813 1064.752285 1062.393056 1058.069463 1054.041170 1047.076084 1035.413015 1023.083240 1020.097556 1024.237817 1028.783903 1032.860534 1036.134187 1039.859742 1041.322822 1036.342162 1028.302810 1021.081686 1018.702019 1024.357142 1029.054861 1033.635002 1034.107372 1033.244289 1031.981146 1032.811194 1031.198136 1032.528670 1039.680741 1053.270806 1060.342629 1062.098167 1061.645303 1056.681408 1047.628083 1034.554678 1014.785637 1017.009359 1011.967514 1000.052891 978.700218 954.380860 925.129982 896.557202
1073.641104 1071.442182 1065.355203 1059.542462 1058.764181 1062.431332 1068.888785 1069.955777 1062.877948 1054.405781 1046.807555 1038.970299 1035.567289 1033.453409 1032.093975 1031.420560 1025.503969 1017.298968 1001.311899 987.939883 975.286034 968.345158 966.396201 971.467489 980.868773 990.249598 995.620185 989.992880 982.112453 971.197594 962.764861 962.483511 964.473355 972.540051 985.093136 988.721133 989.808492 985.880909 982.823839 978.269111 977.911844 986.462460 1002.970066 1018.772007 1032.443365 1040.905236 1048.644288 1054.984091 1059.745683 1060.295232 1060.572661 1059.836864 1057.192069 1042.402291 1022.099910 999.108023 974.935357
1052.653238 1046.885106 1039.197497 1032.549319 1030.175995 1032.081750 1034.592577 1030.990470 1023.927485 1013.230629 1001.251437 989.591858 981.942509 981.342623 982.336324 982.101031 975.182167 960.401693 942.404980 927.756691 912.911958 908.208461 903.284800 899.879827 910.531827 927.111809 933.545021 921.211287 911.313437 897.121054 889.322268 886.155639 887.401867 896.254039 914.683333 932.366064 933.710556 925.239576 917.207437 913.715081 912.829023 921.346930 941.213051 961.893082 977.304952 987.987075 995.392276 1004.566800 1014.559609 1026.574084 1039.689055 1050.892671 1060.550759 1063.417783 1062.154678 1058.159686 1043.868588
1021.980300 1012.940889 1004.043688 996.353267 990.954830 987.821628 984.687072 978.205609 970.826130 957.462230 944.502206 931.349310 916.680256 912.200569 908.658387 909.471569 897.733240 886.356806 866.879322 850.814211 834.777418 824.700608 818.721003 813.085701 818.513267 834.320551 843.625728 829.933567 819.577101 806.353834 799.815301 796.374786 797.787051 807.436450 829.390145 847.735451 854.525036 847.258224 842.405859 840.866503 841.259342 848.217214 864.577290 885.632256 906.998086 923.477727 934.148442 943.214530 954.348148 969.529336 984.498685 999.734183 1017.401571 1037.127543 1051.749172 1061.036708 1065.631150
980.004253 969.150253 957.175743 945.294374 938.071985 937.944284 930.518258 923.531750 909.512368 865.311077 847.572337 829.180947 813.315412 806.892245 798.800303 791.472607 781.474529 773.875436 764.896721 748.898310 731.397488 715.468558 710.080234 705.698383 698.303327 704.657117 708.300122 710.230022 702.895505 696.461725 693.636719 691.059972 694.334215 707.611568 719.750881 730.549328 736.842985 735.017495 742.076828 749.070488 753.190725 769.792860 784.614708 803.332789 825.577581 849.449613 863.244965 873.774115 885.720874 902.265913 920.113341 938.814435 962.278471 987.509589 1004.568910 1016.536273 1029.041588
929.106331 914.236112 900.543244 886.945774 873.379667 872.971510 868.432220 859.884039 821.316564 779.081894 746.930369 728.109307 705.767945 693.924631 682.587588 657.290348 642.628131 635.133120 638.056324 627.082875 609.372146 594.450166 586.044000 579.402935 567.080687 559.765712 564.233001 575.450559 570.421264 568.178315 571.730477 569.846455 566.972456 573.659519 588.287505 597.028034 607.137930 618.466919 624.194739 633.916836 660.495689 675.949023 692.450673 713.872635 736.923408 760.675315 781.474947 795.559646 810.959148 830.654337 848.498412 870.392940 895.027990 924.421806 944.998064 960.519662 973.387124
856.054255 839.194528 821.595974 801.289302 779.918317 776.374855 768.230924 750.109731 705.149270 664.183689 632.797698 609.389273 583.848215 564.501564 537.484143 504.960514 483.658993 486.682978 492.855876 491.192308 475.555725 461.104765 449.636163 435.490713 419.579879 408.427100 416.708481 425.541573 432.438843 435.567407 439.325159 441.389872 440.383057 437.234376 444.718071 454.576895 466.207585 478.059028 492.453714 523.504427 550.762120 570.462051 593.487754 616.212378 641.426942 667.485930 690.571596 708.107381 727.978050 748.533003 770.524339 792.671583 818.848731 849.143788 874.181323 890.687493 906.169018
774.099596 751.421147 725.331166 687.328726 671.272808 661.118614 648.119638 612.376882 568.965842 530.983375 503.500892 475.911585 449.004448 420.022456 387.149768 358.310573 337.228977 342.971297 349.301543 358.849490 345.751141 333.098560 325.643737 310.272799 295.767777 281.430607 289.247956 299.015631 315.352223 319.286730 322.661461 329.226420 328.129926 326.169256 319.043969 328.568879 339.713895 354.325575 382.921915 410.366413 437.562130 462.011034 486.122901 512.688820 540.908270 569.058925 597.651155 619.918331 641.561874 665.265707 687.527862 708.049031 731.188413 759.015851 783.372380 804.095921 826.037800
673.184935 648.193317 611.691670 566.736795 531.957622 515.409890 477.259112 440.757431 400.826837 378.542906 356.835670 331.128928 307.157738 283.932553 256.051359 231.851512 207.462116 210.807659 222.730683 236.100419 229.060819 224.457361 220.696816 208.882090 194.965414 181.326127 184.977672 199.946357 216.689727 223.762354 230.232812 237.741459 237.908490 231.529508 223.530140 229.609493 243.897689 260.697391 283.245368 307.427663 331.500613 354.422217 380.010335 407.214336 435.400519 465.887009 497.507071 522.314232 550.484114 578.974825 602.075277 617.547699 634.990111 661.875370 682.747905 706.526823 730.741671
562.971813 534.314510 490.802324 444.511142 398.321424 358.093155 322.706415 288.962181 267.863805 246.764246 226.775337 206.859961 184.795469 164.160174 144.097659 121.533070 102.449911 107.436364 120.492480 132.160802 134.269882 131.032549 127.748305 119.840757 106.115484 95.214339 103.467614 118.893771 133.973586 143.963299 150.661925 156.881177 154.234853 146.188552 139.982454 148.128625 163.831129 179.275616 197.564077 219.967736 242.606953 265.713334 290.191072 315.158717 342.958374 372.103559 402.134045 432.095022 460.548264 487.828907 503.959789 519.902079 532.583142 553.284889 575.417689 599.445153 626.024452
428.992506 398.066347 361.204190 318.768891 284.768968 250.585147 217.984755 186.130112 159.799048 141.221182 130.212201 114.602111 94.643185 80.471940 63.090320 44.293146 43.124882 46.347062 58.115328 59.924776 60.499728 57.412915 56.194543 51.477305 40.114109 46.310689 54.015231 68.913878 79.877759 89.287293 95.608048 99.817551 99.491215 92.731388 95.858832 103.226945 118.073516 130.278011 145.976347 167.419830 185.654568 206.113041 229.299644 253.493663 279.232586 306.797485 336.714024 364.436337 387.869948 401.550104 416.272700 426.501515 425.584022 444.265589 464.056472 484.362456 512.617321
300.072875 272.319536 244.401101 211.078984 177.539854 146.454608 115.414949 85.124661 60.000329 49.983121 38.443346 26.281789 12.482517 -1.711139 -14.233898 -14.557246 -17.124521 -17.833333 -16.308746 -13.422868 -10.929726 -11.982743 -13.169867 -12.516298 -6.572663 -2.359194 3.189282 13.672700 24.836233 35.221695 39.307796 43.579240 46.636632 50.095387 52.793138 57.331543 68.921966 80.996614 94.612703 111.940848 129.892982 149.383938 172.356758 195.896363 221.230154 249.181223 277.729352 300.445899 312.753210 325.415691 332.092232 330.540497 329.481425 340.708239 357.117808 372.980973 398.823720
