tests/Borden05m/data_simulated/sim_1/output-maps/psiliqL0011N0008.asc
ncols         160
nrows         34
xllcorner     620200.000000
yllcorner     5168000.000000
cellsize      0.500000
NODATA_value  -9999.0
[rows 0 to 24 of 34, columns 57 to 113 of 160]
-9999.0 -9999.0 -9999.0 -9999.0 -9999.0 -9999.0 -9999.0 -9999.0 -9999.0 -9999.0 -9999.0 -9999.0 -9999.0 -9999.0 -9999.0 -9999.0 -9999.0 -9999.0 -9999.0 -9999.0 -9999.0 -9999.0 -9999.0 -9999.0 -9999.0 -9999.0 -9999.0 -9999.0 -9999.0 -9999.0 -9999.0 -9999.0 -9999.0 -9999.0 -9999.0 -9999.0 -9999.0 -9999.0 -9999.0 -9999.0 -9999.0 -9999.0 -9999.0 -9999.0 -9999.0 -9999.0 -9999.0 -9999.0 -9999.0 -9999.0 -9999.0 -9999.0 -9999.0 -9999.0 -9999.0 -9999.0 -9999.0
-9999.0 -9999.0 420.825988 415.332790 410.084981 405.198582 396.292837 387.176275 378.806383 375.000218 374.279361 373.662894 373.484291 378.978545 387.178555 395.040959 402.472481 405.121806 407.826634 410.383886 411.174416 410.193979 407.216074 404.163018 400.969401 399.655776 391.595262 380.275958 371.472900 368.784292 373.317793 377.873626 380.428458 386.428147 397.261129 408.130257 416.668969 428.420774 433.957184 438.878137 441.679170 437.285239 433.392329 429.299583 424.077722 412.864279 -9999.0 -9999.0 -9999.0 -9999.0 -9999.0 -9999.0 -9999.0 -9999.0 -9999.0 -9999.0 -9999.0
404.232272 407.590902 396.460390 391.613403 388.376090 386.352047 381.471828 372.884824 367.724138 362.489437 360.932016 361.191103 361.485702 365.870726 376.137388 384.346494 389.367499 392.110233 394.953859 395.159308 394.982031 394.956587 392.372156 389.225468 386.072414 384.483578 384.901003 377.424976 372.112926 368.850124 367.462695 370.002247 372.384514 375.621678 385.200243 393.432640 401.639342 415.783796 427.990596 432.977515 430.196713 424.786109 420.589655 413.591525 403.261028 392.569618 382.379761 374.977230 369.147922 363.296822 369.001856 375.200075 384.976127 394.657225 406.482935 418.527261 -9999.0
389.217255 392.223126 381.517107 373.252988 368.623946 368.897679 371.453106 368.053660 363.648931 359.339157 367.850990 369.428452 370.871176 374.378523 377.834938 380.809039 383.819790 389.465144 398.807252 401.897997 402.857975 403.427956 402.011940 399.263691 397.779251 395.281632 390.307512 389.486638 390.002387 390.012447 395.188967 396.723974 398.278074 391.420532 394.848299 401.055845 407.872199 414.519765 421.164343 425.134016 421.485821 419.857686 410.833479 396.334324 384.396223 375.225656 372.541901 368.866690 360.595000 347.650837 354.204156 369.322785 373.571433 376.738233 388.260394 400.364216 410.609624
376.327491 379.592802 374.760794 376.082302 377.779880 379.482977 378.162591 375.518769 374.245133 387.444513 397.418575 399.663012 402.991821 406.824997 406.139596 394.215354 391.938086 400.703162 411.610406 418.071723 418.942934 419.575476 418.394608 417.920017 417.911031 415.984500 417.218417 420.028294 420.593121 425.646287 431.429791 434.295349 426.090430 416.818668 417.395458 425.011802 432.966571 440.174086 450.727852 461.774731 459.907361 453.247349 443.138940 428.322775 403.736997 383.026515 371.437068 363.756382 355.942427 354.885886 351.563849 361.908947 363.066046 364.338992 372.285426 382.217725 392.073288
393.389002 401.947476 396.328944 391.274726 388.488008 389.524088 390.240072 394.135775 407.765708 422.503402 438.215893 441.799417 445.061471 445.150387 435.988779 425.810248 421.995808 437.366888 454.146559 463.453005 465.444608 466.552525 475.138550 474.351968 472.848780 468.190470 470.904145 473.484328 484.533755 492.455195 499.563279 497.720488 485.702230 474.271834 472.340270 474.523401 477.058815 482.887640 492.864169 502.105768 495.922006 486.920690 474.667516 443.763425 414.292047 395.669608 394.651740 393.681295 387.788058 383.567212 379.106554 370.883249 369.533599 368.009835 366.754121 378.102408 389.849578
445.634130 462.530765 457.379134 449.595270 439.502462 440.607615 444.733552 454.100498 468.734602 488.399642 514.291741 519.248940 524.147842 528.240021 517.420267 505.044269 493.605837 511.073320 522.296499 533.010007 537.759558 550.806231 562.959429 559.756159 552.472882 543.308245 550.461164 563.951815 579.692535 586.759707 590.632716 590.073680 579.341755 573.481362 571.111378 572.190021 568.828821 572.309051 582.363631 596.420138 594.095093 581.146987 554.672285 514.371282 476.215168 452.003608 454.465960 445.669999 437.329882 431.598338 415.874486 403.114841 401.493440 390.588912 383.192749 393.625519 398.770352
500.702018 520.576788 517.558322 507.595076 495.547222 496.358222 505.672786 517.480294 539.048549 565.509816 593.077187 606.157297 613.614608 624.348531 617.789440 607.798575 598.753631 608.353206 622.623374 637.840439 652.519029 669.713789 685.156975 679.393843 669.969947 666.898987 672.717174 692.226224 709.306570 715.046475 717.054463 720.506015 712.461171 705.145342 697.485121 691.004749 684.376946 679.601523 695.786738 709.650985 704.344568 675.507178 644.854160 603.264245 560.540399 522.855368 516.292301 510.656606 506.307492 488.281452 470.078785 449.953154 437.229413 425.928736 409.481897 412.931435 416.848153
611.062939 634.555871 639.191278 625.052406 619.807138 626.310746 640.764828 650.693345 669.397329 699.182519 736.569306 764.300289 788.761216 794.771261 785.383789 774.531628 759.768493 756.694951 775.059581 791.821058 809.194423 827.051791 844.723413 854.730062 855.205872 856.352828 860.181866 866.593437 874.860204 881.715131 887.461456 893.243679 891.065478 881.416571 874.559071 865.788487 858.577538 855.849007 856.024228 863.009039 856.492845 824.877501 788.448976 748.389324 704.596768 666.779852 641.444957 639.701252 622.683971 600.311494 575.604430 535.575562 513.611433 493.482595 460.762161 453.843800 460.741780
746.527463 765.836162 782.961964 781.765176 785.505688 791.244964 801.043292 810.451754 823.658697 860.546960 898.928548 931.501015 957.760644 967.260888 956.932445 946.358017 934.363668 925.717248 930.989664 948.556105 969.804552 990.577493 1005.804202 1012.523686 1013.273227 1014.778723 1017.251341 1020.599601 1023.455253 1028.940220 1035.603039 1045.134145 1056.090867 1051.371126 1035.858326 1024.518042 1011.506948 1006.716373 1004.616669 1000.230878 996.112459 984.083270 947.662002 913.448003 875.961187 839.561157 809.701111 785.987709 760.057401 732.512151 682.203803 635.661978 594.003406 560.029350 526.770924 519.766718 540.183017
898.372230 926.036523 942.978625 947.563159 950.683971 954.618666 962.604146 970.951475 981.909227 1005.821951 1042.942782 1079.027907 1107.580164 1111.651589 1102.826319 1092.803341 1082.941436 1074.290381 1073.002969 1082.349452 1095.357220 1113.134785 1126.570506 1138.013956 1138.739857 1139.902273 1140.571639 1142.767034 1144.532973 1145.987855 1151.986041 1162.447627 1172.562856 1174.240606 1163.298936 1148.595245 1133.318249 1127.125364 1121.363526 1114.956036 1112.710987 1109.917983 1100.379174 1073.674223 1036.548160 991.329302 959.504339 933.021752 915.390452 895.245292 866.809625 811.240689 773.330665 730.965034 690.122229 663.144475 695.563011
1031.621644 1062.122038 1080.652695 1088.392573 1088.812749 1091.169218 1098.843839 1106.283230 1117.643052 1134.017157 1155.108284 1180.807069 1204.903379 1221.041110 1217.710493 1206.687962 1191.526250 1188.454552 1188.975286 1192.256106 1199.740600 1208.018767 1223.236173 1238.539420 1244.058872 1245.080165 1243.023357 1245.178959 1246.291722 1246.318624 1246.827490 1250.528896 1256.795101 1259.487234 1256.349307 1243.257125 1226.139555 1213.446344 1205.818141 1201.511120 1198.491396 1197.924248 1195.667251 1183.944269 1156.941601 1121.272886 1088.095780 1064.947743 1047.486659 1031.871101 1017.451757 995.274959 971.689474 936.919240 890.961459 851.469025 842.846006
1134.582516 1158.980646 1181.071070 1195.771105 1199.026802 1204.177466 1208.403039 1217.950264 1232.678658 1249.671977 1261.271164 1275.369944 1294.001019 1304.843283 1310.314378 1311.406426 1311.549748 1314.551431 1315.918262 1297.478215 1300.968693 1304.083546 1309.873687 1316.642635 1318.747425 1319.024655 1318.368521 1319.496068 1319.982529 1320.381041 1320.174518 1319.761921 1321.384583 1322.248731 1322.151397 1317.792035 1319.645442 1304.851815 1294.458747 1287.813977 1280.470478 1271.854147 1262.321972 1253.268965 1239.193277 1215.494625 1185.448304 1159.868982 1148.931849 1141.919351 1133.977463 1126.083116 1108.805867 1086.397371 1056.541010 1018.643254 981.721431
1223.365356 1240.801518 1264.366972 1280.360170 1289.122413 1296.423863 1300.449603 1311.522043 1323.330006 1319.476774 1321.561860 1323.646938 1325.778505 1326.340582 1326.582395 1326.823177 1325.418712 1326.201158 1325.934429 1322.417434 1314.289312 1316.413088 1318.033678 1320.362337 1323.539991 1321.973805 1322.826628 1325.926113 1324.920398 1320.133484 1317.154930 1315.886065 1316.372471 1323.502898 1326.875533 1328.274333 1328.604031 1328.982328 1329.520436 1329.023052 1327.892011 1325.858341 1323.128589 1324.407253 1315.569505 1295.152059 1266.367268 1235.623500 1222.664981 1218.087686 1218.095634 1214.239465 1207.828235 1190.487559 1166.078113 1133.490652 1097.841862
1320.351741 1319.759688 1325.991614 1328.812142 1329.910213 1331.601261 1333.419388 1333.812794 1330.350818 1326.702958 1321.926504 1320.469549 1318.877069 1316.244740 1316.786544 1315.128179 1312.063560 1309.938855 1305.451738 1296.663925 1286.787927 1285.240430 1289.920951 1294.314027 1297.706298 1299.980373 1302.930032 1304.487054 1300.712410 1294.111149 1288.185858 1286.832266 1293.289004 1298.719165 1303.710095 1304.706957 1304.135042 1303.326748 1304.738716 1303.388740 1304.396043 1310.505415 1322.636746 1328.243097 1329.851393 1329.778362 1325.063892 1316.032878 1306.090013 1287.177121 1289.837046 1285.004615 1274.161300 1255.389654 1235.090121 1210.045457 1185.384364
1328.635123 1326.586796 1320.523031 1314.530938 1313.490803 1316.934504 1323.345211 1324.541653 1317.818506 1310.061905 1303.620362 1297.255389 1295.092244 1293.415358 1292.457778 1292.637580 1288.299549 1282.543837 1270.018438 1260.887652 1251.604661 1246.609671 1245.032239 1249.309618 1257.292052 1264.943295 1268.856110 1263.145641 1257.171921 1248.424669 1241.892799 1242.984268 1245.752377 1254.397023 1267.317341 1271.425684 1272.842457 1269.394711 1266.826237 1262.457675 1261.334867 1267.873616 1281.380114 1294.627243 1306.428906 1313.499481 1320.201153 1326.043392 1329.995740 1330.056413 1329.472938 1327.801805 1325.433964 1311.578230 1293.491061 1273.469300 1253.130481
1310.721041 1306.267820 1300.013722 1294.413584 1292.630272 1294.882506 1297.741377 1294.701413 1288.534743 1279.306247 1269.421715 1260.320182 1254.324390 1254.372611 1255.707925 1256.286519 1250.979856 1238.929345 1224.664310 1214.129624 1202.522242 1199.556712 1194.718849 1189.798149 1198.171839 1212.556320 1217.570092 1205.245783 1197.053239 1184.989183 1179.257577 1177.601114 1179.978060 1189.595143 1208.629540 1227.065189 1229.112242 1221.508586 1214.349972 1211.379787 1210.026259 1216.689555 1233.628731 1251.388517 1264.058552 1272.048329 1276.686344 1283.721468 1291.802727 1301.846410 1312.597707 1321.299703 1328.630691 1330.818445 1329.361488 1325.792554 1313.778627
1289.476481 1283.018480 1276.838200 1271.120364 1266.919435 1264.532359 1261.930518 1256.237084 1249.945666 1237.642333 1226.557193 1215.185994 1201.351602 1196.677683 1192.519070 1193.364880 1182.788810 1173.918719 1157.726699 1144.874426 1131.195124 1121.811313 1115.180541 1107.352852 1109.285095 1122.182491 1129.988265 1116.709052 1107.492605 1095.929934 1091.146373 1089.402641 1092.746016 1104.385021 1127.744897 1147.330702 1155.497229 1149.677903 1146.470961 1146.117848 1146.909611 1153.546605 1168.430798 1187.590651 1206.979895 1221.399896 1229.750933 1236.583716 1245.288765 1257.488119 1268.655938 1279.437332 1293.098746 1309.650611 1321.852877 1329.790706 1333.555257
1261.938492 1253.856367 1244.438774 1234.348813 1228.065603 1228.457679 1221.322025 1214.683092 1200.530625 1156.268497 1138.767015 1120.222027 1103.071334 1094.251348 1083.666779 1074.247880 1064.259307 1057.985350 1051.555332 1037.504901 1021.046565 1004.738427 997.580150 989.941690 977.844790 980.396577 982.496495 985.276472 978.126510 972.372791 970.784229 969.892287 975.861886 993.019190 1008.520346 1021.745706 1030.194517 1030.622373 1039.616685 1048.374044 1054.765849 1073.405163 1089.847401 1109.533438 1132.041837 1155.919740 1169.517930 1179.390316 1189.953877 1204.117693 1218.429561 1232.628885 1251.177190 1271.548398 1284.035185 1292.607560 1302.528571
1224.892687 1211.874285 1199.418637 1186.213075 1172.126110 1171.047124 1165.665653 1155.750759 1114.396554 1070.014696 1035.287436 1013.582615 986.894738 969.382436 952.347828 922.446955 905.961508 898.727761 903.002934 893.109900 875.625162 859.994186 849.301619 838.830978 821.795562 810.677825 814.207088 825.828878 820.579102 818.187335 822.394890 821.990331 821.938545 832.944789 852.125384 864.079504 876.675526 890.335723 897.802273 910.227190 940.832523 961.011088 983.245217 1009.573090 1036.441153 1063.486855 1087.585277 1104.129929 1120.787700 1140.352927 1156.754588 1175.812166 1196.503265 1221.481038 1237.754869 1249.508073 1258.850611
1160.030083 1142.778243 1123.644642 1100.437734 1076.184743 1069.866983 1059.017051 1036.610086 985.874611 938.417918 901.456044 872.847936 841.533970 814.657729 780.008493 742.506375 718.858886 721.965378 728.397695 727.792902 712.554802 697.990393 685.500473 669.203479 651.064736 637.930801 645.563155 654.011511 661.338404 664.495313 668.543699 671.861605 672.800049 671.975440 681.306669 693.120154 706.158235 719.281111 735.519512 769.034243 800.034895 825.738381 856.504662 886.219778 917.719617 950.445659 980.943385 1004.878297 1029.528780 1053.527583 1077.810794 1100.453769 1125.449876 1153.573133 1176.383470 1190.713659 1203.773425
1074.907428 1048.265065 1016.542316 971.447588 948.851977 933.482290 915.469732 873.954807 823.534483 777.370794 743.653794 711.675084 681.364067 648.454467 611.970140 581.137086 558.723294 564.078912 570.347096 580.503989 567.672423 555.157637 547.375986 531.070119 515.631663 500.337482 507.559059 517.237752 533.930144 538.020452 541.725205 549.133118 549.157776 548.461924 542.053158 552.628757 564.777679 580.291429 609.935200 638.185507 667.023746 694.481313 722.575278 753.456585 786.777190 821.985729 859.638040 890.121294 918.863704 949.486468 978.391692 1003.566955 1029.252774 1058.569814 1084.160448 1106.259256 1128.751906
955.558812 922.808455 877.631101 823.803445 779.933822 756.629439 713.155612 673.376356 630.967026 605.376622 580.354290 552.228872 526.319924 501.237489 471.922242 446.735061 421.425300 424.372378 436.244995 449.673713 443.051777 438.583985 434.587853 422.443611 408.041258 393.984530 397.385299 412.398868 429.227097 436.612780 443.416558 451.364198 452.119632 446.292032 438.965009 445.740202 460.849424 478.328312 501.278384 526.089542 551.147205 575.596494 603.112326 632.375076 663.019529 696.897200 733.058700 762.894757 796.722168 832.515131 863.991839 886.321547 908.727407 940.271630 966.574615 996.293949 1025.208107
816.165287 779.000405 728.617411 677.338962 626.898159 582.680346 544.808437 509.254613 486.949216 463.830932 442.163583 420.909007 397.521853 375.892964 355.093534 331.748092 312.662659 317.426501 330.286851 341.551874 343.826551 340.462343 336.980848 328.925027 314.878327 304.203491 312.477105 327.899446 342.966232 353.207670 360.129477 366.560196 364.254033 356.568440 351.083308 359.778491 376.042832 391.946580 410.616221 433.598804 456.923455 481.010175 506.649419 532.871406 562.091846 592.924035 624.968750 657.214259 688.140206 718.689861 739.177979 759.443717 775.975331 801.692206 830.984488 863.203325 897.012759
658.583052 623.528821 583.676776 539.042532 503.220986 467.160973 433.022000 399.865329 372.128504 352.560256 340.606900 324.087711 303.373482 288.579785 270.628699 251.883257 250.825173 253.644212 264.979705 266.391915 266.858823 263.669228 262.330634 257.614691 246.454185 252.935866 260.518740 275.344396 286.325819 295.882130 302.328220 306.692798 306.702770 300.390863 304.037800 311.703590 326.908432 339.515374 355.578962 377.493942 396.296944 417.417806 441.418450 466.516948 493.229621 521.899945 553.027692 581.944664 606.557939 621.731768 638.486470 650.718075 651.956711 673.426247 697.041940 721.841794 755.112442
