tests/Borden05m/data_simulated/sim_1/output-maps/psiliqL0021N0011.asc
ncols         160
nrows         34
xllcorner     620200.000000
yllcorner     5168000.000000
cellsize      0.500000
NODATA_value  -9999.0
[rows 0 to 24 of 34, columns 55 to 109 of 160]
-9999.0 -9999.0 -9999.0 -9999.0 -9999.0 -9999.0 -9999.0 -9999.0 -9999.0 -9999.0 -9999.0 -9999.0 -9999.0 -9999.0 -9999.0 -9999.0 -9999.0 -9999.0 -9999.0 -9999.0 -9999.0 -9999.0 -9999.0 -9999.0 -9999.0 -9999.0 -9999.0 -9999.0 -9999.0 -9999.0 -9999.0 -9999.0 -9999.0 -9999.0 -9999.0 -9999.0 -9999.0 -9999.0 -9999.0 -9999.0 -9999.0 -9999.0 -9999.0 -9999.0 -9999.0 -9999.0 -9999.0 -9999.0 -9999.0 -9999.0 -9999.0 -9999.0 -9999.0 -9999.0 -9999.0
-9999.0 -9999.0 -9999.0 -9999.0 2435.498606 2430.322665 2425.732032 2421.570360 2413.590602 2404.867851 2397.349109 2393.793110 2393.263620 2392.974961 2392.955329 2398.459618 2406.949310 2414.962954 2422.240638 2424.794548 2427.388532 2429.617233 2430.177621 2429.240886 2426.277312 2423.337196 2420.151993 2418.676731 2411.172303 2400.050771 2391.616155 2388.921710 2393.159470 2397.475870 2399.858441 2405.147122 2415.439824 2425.778923 2433.729508 2445.439439 2451.438311 2456.137866 2458.297960 2453.691571 2449.772333 2445.413089 2439.373964 2428.115771 -9999.0 -9999.0 -9999.0 -9999.0 -9999.0 -9999.0 -9999.0
2380.594826 2399.659531 2420.558611 2423.981896 2412.484468 2407.713377 2404.896981 2403.541925 2399.545209 2391.514031 2386.883439 2381.969615 2380.144339 2380.692264 2381.166773 2385.513407 2396.526906 2404.811507 2409.812163 2412.738794 2415.740211 2414.881612 2414.413908 2414.357381 2411.650380 2408.331848 2405.094087 2403.397947 2404.573601 2397.068865 2391.320704 2387.612615 2385.103645 2387.658014 2390.166488 2394.167570 2403.253649 2410.965396 2418.606608 2432.800468 2445.130857 2450.086068 2446.961512 2441.604663 2437.202042 2429.594261 2418.896936 2408.553709 2399.848045 2392.961211 2386.880347 2379.964770 2385.397085 2391.950052 2400.685883
2365.510875 2385.265067 2406.109424 2409.182866 2399.005818 2391.445543 2385.767279 2386.677762 2390.355778 2387.580960 2383.402348 2377.224902 2387.141094 2388.761654 2390.163340 2393.933939 2396.836536 2401.646780 2404.558097 2410.186565 2419.341259 2422.293457 2422.954074 2423.217940 2421.456951 2418.393180 2416.623667 2413.964945 2408.818725 2407.357672 2407.279085 2406.373078 2410.719191 2412.076509 2414.514343 2408.473922 2412.385334 2418.353912 2424.886844 2430.456585 2436.322883 2438.837065 2434.918851 2434.256014 2425.173756 2410.872365 2400.060490 2391.736950 2390.651268 2386.949720 2378.287249 2364.111138 2371.064130 2386.061377 2389.914739
2372.422900 2382.064646 2393.630941 2396.844434 2392.322420 2394.726240 2397.004700 2398.913435 2397.774347 2395.061961 2392.202481 2403.948380 2413.099546 2415.157553 2418.322834 2422.734861 2423.701607 2412.949371 2411.148659 2419.047282 2429.032945 2434.562032 2434.923869 2434.834654 2431.932056 2430.969969 2430.824473 2428.990097 2429.042839 2430.974768 2429.471957 2433.040572 2438.571257 2441.875381 2435.346623 2426.511779 2428.068250 2436.115155 2444.888535 2452.092473 2461.961968 2472.332296 2471.401143 2465.684127 2456.157687 2442.436064 2418.738624 2399.735505 2387.963138 2379.412484 2371.286300 2372.168637 2367.112467 2378.960568 2379.754956
2366.082330 2386.027755 2407.072072 2414.347899 2409.056814 2405.507644 2404.388433 2405.764172 2405.926911 2408.046171 2418.848729 2432.058742 2445.555086 2448.545207 2451.207829 2450.693610 2442.761708 2432.884473 2430.191295 2444.387779 2461.553600 2469.835655 2469.966564 2467.200797 2471.909108 2471.610136 2471.401797 2467.594206 2468.919201 2468.058648 2475.208419 2482.834603 2490.403938 2488.827175 2476.434681 2464.319517 2463.546792 2467.798104 2473.135608 2479.823703 2489.473781 2498.152173 2492.476587 2485.713911 2476.419464 2448.650578 2422.952135 2406.791432 2405.926102 2405.376580 2399.791038 2396.270448 2393.367756 2387.087605 2386.013014
2409.743022 2430.593806 2451.985826 2466.954982 2461.835776 2455.020663 2446.787093 2447.960168 2450.170539 2457.632716 2469.737106 2485.000324 2508.327453 2509.765937 2511.816222 2512.487695 2500.860220 2488.558713 2478.602927 2499.355699 2510.384118 2518.174346 2517.392016 2524.476286 2533.730667 2529.951739 2523.174337 2511.982167 2517.954114 2526.540939 2541.633109 2549.051986 2553.659896 2550.248225 2537.332870 2530.866886 2531.112942 2535.715438 2535.218463 2541.827643 2550.577559 2564.799357 2562.950804 2556.520359 2534.697586 2496.837298 2464.362819 2447.211622 2455.394804 2447.976793 2439.732999 2436.933233 2423.535232 2413.726221 2414.195319
2454.894077 2471.254754 2489.365043 2507.405554 2501.092482 2491.776844 2477.547939 2476.386562 2482.728480 2493.670722 2512.495932 2533.032707 2555.087542 2558.134395 2555.860280 2565.585072 2559.940457 2550.369785 2543.069786 2560.750597 2571.735119 2582.098493 2589.409777 2602.188656 2613.174449 2599.565922 2584.694799 2576.513567 2582.906542 2606.155327 2626.454304 2631.277708 2631.024295 2631.391299 2618.409650 2612.839434 2608.266738 2606.338904 2602.196182 2599.027409 2620.881567 2639.604357 2637.916417 2614.792916 2590.688258 2551.973682 2513.282255 2484.659552 2491.088135 2486.663518 2486.926797 2473.607741 2459.083959 2446.846246 2439.730489
2522.435584 2548.004983 2566.983394 2588.949769 2584.731157 2565.315407 2553.595699 2557.992438 2572.020054 2580.513501 2598.446933 2618.856657 2647.300047 2663.543164 2678.499522 2684.524077 2676.424393 2668.079216 2656.086097 2658.877110 2680.482992 2694.017297 2703.742795 2713.285879 2725.981439 2728.517961 2723.450882 2722.281468 2726.275674 2737.195327 2749.401425 2756.000688 2759.584881 2761.394390 2751.555154 2739.918881 2737.888671 2731.291589 2727.667847 2725.750217 2733.053733 2749.007582 2745.263000 2711.770736 2683.503034 2647.026507 2608.251614 2577.028939 2565.231935 2577.850380 2571.371974 2553.192872 2537.913716 2507.258751 2496.241074
2607.687651 2642.596850 2669.176142 2683.935718 2695.139443 2685.558210 2686.057007 2691.150647 2699.977554 2704.650802 2712.329423 2745.036454 2777.934448 2804.867195 2828.791848 2837.349588 2826.258381 2816.934003 2804.471775 2795.843052 2804.596836 2821.302345 2838.903149 2854.303551 2865.716835 2868.486503 2867.064703 2867.325690 2870.163128 2873.083769 2876.816862 2884.329124 2891.834266 2818.231409 2824.212446 2818.738462 2884.182083 2873.624701 2862.535585 2859.660798 2859.280655 2860.128846 2859.715030 2845.300391 2806.135728 2774.462927 2742.824124 2718.674037 2701.038905 2693.756536 2671.933299 2647.068017 2596.682739 2557.543318 2523.709839
2711.535842 2755.556180 2784.924673 2806.028656 2821.037617 2821.567656 2824.782943 2827.464938 2832.943654 2837.244722 2842.382441 2868.036909 2821.086102 2856.106811 2886.490676 2887.811894 2875.710230 2864.785246 2855.282726 2842.400654 2838.784979 2849.705828 2863.594469 2882.359647 2893.202859 2900.596848 2897.557845 2897.945428 2900.072959 2901.599379 2903.585865 2906.640208 2915.306346 2926.041448 2939.230430 2939.188282 2925.600828 2908.950131 2892.602323 2888.461494 2884.736659 2879.477999 2880.939337 2882.281107 2869.514677 2843.801567 2887.790471 2845.525260 2823.700525 2804.611019 2791.094009 2774.406054 2737.857048 2673.931074 2636.457936
2837.586375 2870.680714 2815.506375 2842.480760 2858.513654 2862.664371 2861.147082 2861.058206 2868.127025 2872.082108 2879.223983 2894.832144 2920.563923 2953.318557 2981.720793 2997.663675 2991.331662 2975.399633 2955.105715 2947.041961 2944.809194 2947.925085 2956.448927 2967.622585 2985.688381 3003.373161 2983.595573 2984.437433 3007.073428 2984.129440 2984.611067 2984.691312 2986.938995 2994.034573 3002.885596 3005.986881 3000.302318 3007.037157 2985.331441 2972.999739 2965.784107 2961.971742 2961.843979 2965.510793 2967.323938 2953.726533 2924.659098 2882.829239 2851.859181 2834.465132 2823.864835 2892.166344 2878.514369 2848.470243 2826.812082
2862.179322 2876.910485 2900.902279 2928.618829 2950.843780 2965.981270 2967.588402 2971.474118 2976.204527 2984.330930 2999.003684 2994.677097 3010.747484 3031.113505 3055.609144 3070.418135 3075.732831 3074.724976 3071.635608 3073.034645 3073.327105 3023.052083 3028.207349 3033.328514 3047.042529 3059.897461 3063.565670 3064.085481 3062.945686 3063.632201 3064.224966 3064.211364 3063.859076 3065.387961 3069.458858 3071.014223 3069.123057 3059.508582 3072.618238 3053.760924 3040.940412 3033.071919 3025.115061 3016.885852 3007.589184 2998.944606 3006.797059 2977.984196 2944.337875 2921.872243 2912.942164 2909.900821 2901.996260 2896.250570 2879.845908
2958.380982 2969.312831 2986.589350 3007.838445 3012.337910 3032.964470 3043.795334 3052.639461 3057.195759 3070.370739 3085.683119 3072.411748 3079.063358 3085.976595 3092.842774 3095.199584 3095.872811 3095.559573 3093.237844 3092.615591 3090.471754 3086.633349 3076.551612 3078.122558 3079.916978 3082.490502 3086.125402 3084.950427 3086.011436 3088.934535 3087.279740 3081.464590 3077.584748 3076.024580 3076.840475 3084.144788 3087.499056 3088.413899 3085.861799 3085.028961 3084.233113 3081.502111 3078.087301 3073.268474 3067.100094 3078.053562 3067.779611 3041.726935 3005.406932 2994.160305 2984.999100 2984.761733 2984.732071 2982.634034 2976.806678
3048.531769 3061.384438 3075.339350 3059.581586 3076.597374 3085.762396 3090.061971 3093.600168 3096.206757 3098.611171 3095.523685 3092.365774 3087.579256 3086.135945 3084.818389 3082.412887 3083.049068 3081.156685 3077.177847 3073.356120 3065.988868 3054.785822 3043.614218 3040.423874 3044.817065 3050.212114 3055.061201 3059.063637 3062.633521 3063.011525 3057.835272 3049.680658 3042.363359 3040.642102 3047.351361 3053.006938 3059.073159 3059.882820 3058.517904 3056.224110 3056.157412 3053.199054 3053.517492 3060.341741 3074.476208 3078.175935 3082.927653 3082.242309 3068.885176 3045.615293 3050.880826 3031.349667 3036.641577 3032.226110 3021.134227
3087.473665 3089.720620 3088.425562 3087.113300 3080.916471 3075.004031 3074.269769 3078.229091 3085.175013 3086.318303 3079.356368 3070.991573 3063.956670 3056.852586 3054.643247 3053.884473 3053.529139 3053.922452 3048.699228 3040.033706 3024.703425 3013.263471 3002.230736 2996.308824 2993.177726 2997.125572 3007.817577 3019.041801 3023.910900 3015.542087 3007.499598 2996.180980 2988.197202 2988.596031 2990.044913 2999.324023 3015.085220 3021.581624 3022.331634 3016.357343 3010.571049 3004.200380 3001.483973 3007.966034 3022.949576 3037.977572 3052.703419 3061.386643 3068.867642 3075.690808 3075.849256 3078.031635 3079.236118 3077.512185 3079.117744
3081.488015 3074.722258 3067.969459 3062.848686 3056.446150 3051.118760 3049.388956 3051.489947 3053.791491 3050.032988 3043.695953 3034.787021 3023.999305 3014.455056 3007.438311 3008.426892 3010.743111 3012.202052 3005.354525 2991.479255 3000.255721 2987.320837 2973.513678 2969.506527 2963.913227 2957.372353 2967.508008 2986.174184 2993.080833 2977.965599 2967.536692 2952.845976 2946.145178 2942.582656 2943.721395 2952.881018 2974.499670 2997.034046 2999.012520 2988.763921 2978.645292 2974.131634 2971.382910 2976.760409 2993.411448 2985.547236 2999.902661 3009.825741 3015.123769 3022.883888 3032.156800 3044.539349 3058.585132 3070.323347 3076.173314
3057.126404 3049.489987 3041.953217 3034.501751 3027.767581 3022.764156 3018.632284 3016.713417 3013.319285 3007.428563 3001.575477 3010.251567 2998.349589 2985.620510 2970.998870 2967.087184 2962.745644 2963.867280 2952.451446 2943.789067 2927.516553 2912.362680 2899.953852 2887.579497 2881.763064 2875.289889 2875.411093 2889.367116 2897.896771 2887.236217 2877.446622 2866.237500 2861.325627 2858.127010 2860.551119 2871.058489 2891.518364 2910.060633 2918.182970 2910.935985 2908.642469 2904.779587 2903.467474 2909.704020 2921.685519 2939.488200 2961.337356 2979.337505 2989.186447 2996.489680 3005.552415 2991.012034 3003.757547 3017.680650 3035.053221
3027.094805 3019.065132 3009.422860 3000.039854 2990.879260 3008.572654 3002.562313 3004.471818 2997.995976 2991.848790 2971.432796 2920.068454 2903.212356 2884.517618 2868.449587 2861.873237 2853.628497 2840.000803 2831.130007 2825.945215 2825.344169 2814.159917 2876.381952 2858.742603 2853.345670 2849.307057 2834.456058 2832.681149 2833.953734 2846.288732 2839.895729 2837.320986 2838.120051 2835.970689 2838.233178 2851.725773 2861.334117 2869.011478 2876.495578 2880.434204 2890.918064 2815.917629 2820.958582 2837.706026 2849.474257 2865.550421 2886.245211 2907.832821 2922.580533 2932.226552 2942.872032 2957.562957 2973.891987 2991.528583 3013.294799
2995.128576 3007.540489 2993.756178 2979.486948 2966.810036 2954.729397 2939.721625 2941.044473 2938.236832 2928.417046 2880.868746 2842.930434 2891.724726 2872.799013 2847.995076 2833.300245 2816.567603 2780.450645 2762.749006 2759.498717 2770.456882 2764.734810 2750.365469 2737.744419 2728.477388 2719.730572 2703.372437 2687.577420 2693.152621 2709.667135 2709.046858 2711.009674 2717.922664 2717.327773 2712.026350 2712.308480 2725.627953 2732.628492 2744.276470 2761.062981 2766.855854 2781.118076 2814.009834 2828.978273 2846.055908 2867.039169 2889.686026 2827.683436 2846.224762 2860.177925 2875.313579 2890.501666 2907.196038 2927.678362 2950.476032
2972.874461 2943.834252 2923.362494 2906.333804 2890.943723 2865.923556 2845.638115 2843.128452 2836.552318 2813.436792 2838.866789 2800.456740 2775.388972 2752.290615 2727.460132 2703.453436 2666.120158 2631.253769 2608.960361 2620.669516 2629.947303 2637.808362 2625.527136 2613.992427 2604.053094 2587.168934 2570.715450 2555.715009 2565.944935 2574.542592 2590.406586 2596.421131 2600.481289 2605.657702 2604.682625 2596.277062 2594.800919 2603.755215 2614.589093 2627.124909 2647.391440 2683.729815 2710.120157 2729.820310 2752.292650 2773.744191 2797.463724 2821.332920 2845.791262 2864.764404 2885.048252 2819.338410 2836.913921 2856.679479 2880.212889
2898.825165 2870.920341 2844.651958 2824.973857 2872.561092 2826.886337 2810.015307 2799.040430 2778.010001 2732.488984 2690.728700 2663.096631 2645.967911 2621.279521 2598.334200 2568.902010 2535.527252 2511.874401 2490.775222 2499.355897 2508.058858 2525.078608 2515.153669 2506.885360 2502.807812 2487.540937 2474.039829 2458.176454 2464.818888 2476.322862 2498.006255 2503.594802 2507.734084 2516.691996 2516.218035 2512.669102 2498.198682 2506.127326 2517.588778 2532.958804 2563.806407 2587.494062 2611.590168 2634.672041 2656.016459 2681.402215 2706.347189 2731.620081 2760.119788 2781.910869 2802.911682 2825.186197 2846.805898 2864.688418 2884.364834
2869.650078 2843.972858 2822.143183 2796.613558 2755.612568 2710.261604 2668.130354 2643.008831 2593.565753 2557.669600 2532.366268 2526.346980 2511.706429 2490.220219 2469.566042 2448.354856 2424.792063 2404.423601 2379.169888 2383.568660 2397.930687 2413.699033 2412.741740 2412.230908 2410.175679 2400.289950 2386.773079 2373.177923 2376.889082 2393.467246 2411.203193 2420.661511 2428.279303 2436.235059 2436.403074 2428.024880 2418.918872 2424.466670 2440.126513 2457.544457 2476.996276 2498.956516 2521.307909 2543.077683 2566.929372 2590.812342 2615.508376 2642.298844 2672.690997 2695.978013 2721.718497 2748.311637 2767.992163 2780.046902 2791.742344
2758.586002 2737.364423 2712.654036 2683.989313 2639.905601 2598.689991 2556.867689 2510.900535 2476.604516 2445.712090 2435.082642 2418.301267 2403.254166 2387.258575 2366.383561 2348.966835 2332.805471 2311.017176 2298.433106 2304.735575 2317.671442 2326.339623 2331.781593 2329.298552 2326.700906 2320.528247 2306.682820 2300.901382 2310.510275 2325.778385 2339.864534 2351.171215 2358.200849 2363.813871 2361.154990 2352.603442 2349.257231 2357.839462 2373.745532 2387.985535 2404.001966 2425.515723 2447.278087 2469.991747 2493.725482 2517.055630 2542.940683 2569.539036 2596.574288 2624.787735 2649.195043 2672.339144 2684.156942 2696.331585 2700.424684
2624.310183 2610.477946 2583.979323 2554.914763 2524.467863 2489.362532 2462.574273 2429.895660 2399.057337 2369.323406 2343.259308 2329.227594 2321.603793 2307.847065 2290.015843 2278.036317 2261.943920 2249.577598 2253.610417 2254.960271 2263.533391 2262.249411 2262.915026 2260.219397 2259.414024 2256.593954 2249.242019 2259.763158 2266.609005 2280.375653 2290.662378 2300.398405 2306.456432 2310.361160 2311.386175 2306.861741 2312.393948 2319.103160 2333.351571 2345.022894 2359.350408 2379.905394 2397.336007 2417.030834 2440.453825 2464.398079 2489.445233 2516.214487 2545.141447 2571.032873 2590.638379 2599.291312 2610.547393 2615.146081 2607.669038
