tests/Borden05m/data_simulated/sim_1/output-maps/psiliqL0025N0009.asc
ncols         160
nrows         34
xllcorner     620200.000000
yllcorner     5168000.000000
cellsize      0.500000
NODATA_value  -9999.0
[rows 0 to 24 of 34, columns 0 to 54 of 160]
-9999.0 -9999.0 -9999.0 -9999.0 -9999.0 -9999.0 -9999.0 -9999.0 -9999.0 -9999.0 -9999.0 -9999.0 -9999.0 -9999.0 -9999.0 -9999.0 -9999.0 -9999.0 -9999.0 -9999.0 -9999.0 -9999.0 -9999.0 -9999.0 -9999.0 -9999.0 -9999.0 -9999.0 -9999.0 -9999.0 -9999.0 -9999.0 -9999.0 -9999.0 -9999.0 -9999.0 -9999.0 -9999.0 -9999.0 -9999.0 -9999.0 -9999.0 -9999.0 -9999.0 -9999.0 -9999.0 -9999.0 -9999.0 -9999.0 -9999.0 -9999.0 -9999.0 -9999.0 -9999.0 -9999.0
-9999.0 -9999.0 -9999.0 -9999.0 -9999.0 -9999.0 -9999.0 -9999.0 -9999.0 -9999.0 -9999.0 -9999.0 -9999.0 -9999.0 -9999.0 -9999.0 -9999.0 -9999.0 -9999.0 -9999.0 -9999.0 -9999.0 -9999.0 -9999.0 -9999.0 -9999.0 -9999.0 -9999.0 -9999.0 -9999.0 -9999.0 -9999.0 -9999.0 -9999.0 -9999.0 -9999.0 -9999.0 -9999.0 -9999.0 -9999.0 -9999.0 -9999.0 -9999.0 -9999.0 -9999.0 -9999.0 -9999.0 -9999.0 -9999.0 -9999.0 -9999.0 -9999.0 -9999.0 -9999.0 -9999.0
-9999.0 -9999.0 -9999.0 -9999.0 -9999.0 -9999.0 -9999.0 -9999.0 -9999.0 -9999.0 -9999.0 -9999.0 -9999.0 -9999.0 -9999.0 -9999.0 -9999.0 -9999.0 -9999.0 -9999.0 -9999.0 -9999.0 -9999.0 -9999.0 -9999.0 -9999.0 -9999.0 -9999.0 -9999.0 -9999.0 -9999.0 -9999.0 -9999.0 -9999.0 -9999.0 -9999.0 -9999.0 -9999.0 -9999.0 -9999.0 -9999.0 -9999.0 -9999.0 -9999.0 -9999.0 -9999.0 -9999.0 3073.722587 3056.495573 3042.854816 3038.115668 3059.013444 3081.860723 3105.427937 3125.713018
-9999.0 -9999.0 -9999.0 -9999.0 -9999.0 -9999.0 -9999.0 -9999.0 -9999.0 -9999.0 -9999.0 -9999.0 -9999.0 -9999.0 -9999.0 -9999.0 -9999.0 -9999.0 -9999.0 -9999.0 -9999.0 -9999.0 -9999.0 -9999.0 -9999.0 -9999.0 -9999.0 -9999.0 -9999.0 -9999.0 -9999.0 -9999.0 -9999.0 -9999.0 -9999.0 -9999.0 -9999.0 -9999.0 -9999.0 -9999.0 3124.544376 3130.365494 3130.056460 3120.010454 3108.520753 3094.736204 3074.034652 3056.799090 3043.535484 3041.431507 3043.666530 3046.189226 3066.648820 3091.738964 3111.366521
-9999.0 -9999.0 -9999.0 -9999.0 -9999.0 -9999.0 -9999.0 -9999.0 -9999.0 -9999.0 -9999.0 -9999.0 -9999.0 -9999.0 -9999.0 -9999.0 -9999.0 -9999.0 -9999.0 -9999.0 -9999.0 -9999.0 -9999.0 -9999.0 -9999.0 -9999.0 -9999.0 -9999.0 -9999.0 -9999.0 -9999.0 -9999.0 -9999.0 -9999.0 3032.771193 3049.573650 3067.297209 3085.632235 3102.388430 3109.270173 3114.999807 3120.206103 3115.388742 3110.735586 3098.814048 3077.632431 3058.118090 3045.125330 3043.912675 3041.249363 3044.536171 3055.786490 3072.055742 3086.743079 3106.920810
-9999.0 -9999.0 -9999.0 -9999.0 -9999.0 -9999.0 -9999.0 -9999.0 -9999.0 -9999.0 -9999.0 -9999.0 -9999.0 -9999.0 -9999.0 -9999.0 -9999.0 -9999.0 -9999.0 -9999.0 -9999.0 -9999.0 -9999.0 -9999.0 -9999.0 -9999.0 -9999.0 -9999.0 3039.172186 3033.094278 3028.069287 3026.259642 3024.564798 3023.373140 3029.851561 3040.764176 3057.563860 3079.349981 3092.354049 3099.365340 3106.007804 3106.104249 3099.945578 3097.899217 3098.049213 3085.081408 3072.481670 3060.663169 3049.085999 3045.636142 3054.140266 3067.945139 3083.709115 3097.828452 3112.611012
-9999.0 -9999.0 -9999.0 -9999.0 -9999.0 -9999.0 -9999.0 -9999.0 -9999.0 -9999.0 -9999.0 -9999.0 -9999.0 -9999.0 -9999.0 -9999.0 -9999.0 -9999.0 -9999.0 -9999.0 -9999.0 -9999.0 -9999.0 3009.864709 3014.672236 3020.982766 3028.406251 3029.135849 3025.612498 3019.996774 3017.031243 3015.299437 3012.715628 3016.906573 3023.591490 3036.164559 3051.017075 3072.859320 3080.684860 3084.608304 3095.563733 3098.787235 3106.059450 3109.495494 3107.124883 3102.602738 3087.305859 3075.318435 3077.066070 3080.589298 3086.845583 3094.559727 3107.419678 3120.583333 3135.311680
-9999.0 -9999.0 -9999.0 -9999.0 -9999.0 -9999.0 -9999.0 -9999.0 -9999.0 -9999.0 -9999.0 -9999.0 -9999.0 -9999.0 -9999.0 -9999.0 -9999.0 -9999.0 -9999.0 2985.743615 2986.674250 2987.994388 2992.652926 2992.812282 2994.358660 3000.842939 3008.530683 3011.067804 3008.533439 3007.157358 3008.063361 3010.174201 3014.170486 3024.087498 3036.863520 3050.118944 3062.258594 3082.187125 3095.835507 3107.439722 3121.969638 3121.669244 3117.371307 3115.015035 3114.259667 3112.017259 3110.018793 3108.532443 3113.930293 3114.070199 3116.942061 3125.268855 3136.360961 3152.088068 3168.834902
-9999.0 -9999.0 -9999.0 -9999.0 -9999.0 -9999.0 -9999.0 -9999.0 -9999.0 -9999.0 -9999.0 -9999.0 -9999.0 -9999.0 -9999.0 -9999.0 2959.270809 2960.964978 2963.226238 2968.605240 2972.139617 2975.922593 2982.648297 2981.112848 2983.974594 2990.545136 2994.460941 3003.129837 3010.851417 3017.225809 3022.278272 3023.840116 3029.446508 3037.640666 3047.991463 3060.812710 3079.810318 3102.191765 3116.792212 3132.383315 3148.532328 3148.095955 3145.446785 3144.790078 3142.482431 3143.190514 3156.735224 3159.094262 3153.326207 3162.477458 3173.371989 3175.344486 3180.586715 3199.199335 3220.427127
-9999.0 -9999.0 -9999.0 -9999.0 -9999.0 -9999.0 -9999.0 -9999.0 -9999.0 -9999.0 -9999.0 -9999.0 -9999.0 2910.197417 2914.062833 2924.101357 2935.306865 2938.156485 2942.877407 2949.321878 2961.171061 2964.464721 2970.039506 2976.632683 2985.428855 2993.194584 3001.121153 3011.889269 3018.879592 3024.730846 3029.984209 3031.864223 3042.197512 3054.961693 3068.071294 3085.890006 3106.436354 3123.682210 3140.678712 3155.722082 3166.317643 3162.925580 3160.996519 3162.033133 3165.818714 3177.265426 3192.748407 3192.759203 3201.963285 3221.491655 3230.873732 3237.484729 3242.751994 3255.532669 3275.997789
-9999.0 -9999.0 -9999.0 -9999.0 -9999.0 -9999.0 -9999.0 -9999.0 -9999.0 -9999.0 2883.111465 2884.510309 2880.601273 2877.832515 2883.348234 2895.433073 2909.667079 2914.965731 2926.600749 2947.546004 2965.715640 2968.242133 2980.909040 2986.958078 2992.490736 3001.148322 3012.683301 3023.369164 3037.358262 3047.515022 3054.945815 3069.912909 3084.057904 3098.534140 3114.093721 3132.806529 3147.648963 3170.213085 3193.156822 3200.770739 3216.829915 3219.220307 3214.112172 3211.340353 3219.365913 3229.703138 3243.818079 3258.955765 3276.489857 3297.520644 3307.419545 3319.412298 3327.648963 3337.256247 3351.702328
-9999.0 -9999.0 -9999.0 -9999.0 -9999.0 -9999.0 -9999.0 -9999.0 2858.665065 2866.555571 2871.738113 2868.177025 2863.338407 2857.242121 2871.451047 2886.467069 2901.823550 2919.575757 2934.567723 2952.140379 2965.266043 2979.169216 2994.491104 3003.842152 3013.092883 3026.607558 3038.087907 3051.474955 3070.305421 3076.978820 3086.953155 3104.818300 3119.045862 3134.276713 3150.752262 3165.685322 3184.290109 3213.145914 3240.765269 3256.209366 3280.978921 3297.481409 3291.328389 3289.069789 3289.701732 3311.803364 3337.079097 3365.033266 3383.413419 3406.148310 3433.460474 3451.464392 3460.241977 3470.892963 3484.263773
-9999.0 -9999.0 -9999.0 -9999.0 -9999.0 -9999.0 2830.507513 2854.672896 2869.554637 2860.645913 2846.446235 2840.974099 2834.508013 2864.191964 2885.984258 2902.697253 2918.717317 2935.479867 2950.844257 2958.568194 2983.568602 3001.371664 3011.958823 3024.241496 3037.172428 3050.044192 3064.785722 3084.669938 3101.012213 3122.121843 3137.676883 3153.316967 3174.909609 3190.846412 3206.382392 3219.016590 3245.444602 3278.887724 3312.242058 3335.881028 3359.447809 3389.602587 3389.409731 3390.947053 3392.527482 3415.015413 3447.567419 3476.480811 3507.653260 3537.583055 3564.946094 3575.069667 3583.716255 3593.300720 3605.446576
-9999.0 -9999.0 -9999.0 -9999.0 2798.465049 2819.062806 2837.485466 2867.196257 2888.769897 2883.309516 2887.373541 2885.012992 2880.224551 2884.480540 2891.819899 2908.336168 2926.536418 2945.030411 2958.451356 2980.889153 3025.727985 3035.780860 3052.168807 3080.293724 3090.049241 3102.625927 3116.696488 3135.904213 3153.809612 3179.504550 3213.241268 3241.756703 3262.135801 3280.382789 3298.332752 3314.552749 3348.040022 3383.644281 3418.163458 3448.878063 3475.163930 3500.200789 3506.944214 3511.629320 3521.247794 3537.543799 3559.352193 3586.183825 3618.767229 3650.229228 3673.221156 3682.501625 3687.708851 3697.002218 3704.584076
-9999.0 -9999.0 -9999.0 2754.366600 2784.108976 2822.929953 2848.255266 2878.023264 2909.761223 2909.561885 2917.611813 2917.315640 2916.107108 2921.062446 2924.025653 2939.625334 2956.498382 2974.691540 2990.118431 3022.315416 3050.634610 3068.327707 3095.003125 3110.863471 3123.334349 3135.092086 3152.099809 3171.153989 3205.571847 3234.796718 3279.761270 3329.147195 3360.573453 3379.445706 3400.663956 3426.997972 3451.066723 3488.361288 3521.534759 3552.878667 3582.507513 3604.329644 3618.639980 3623.208461 3632.306730 3638.061997 3650.728852 3671.273331 3693.028945 3722.905831 3751.534742 3779.301393 3794.007187 3804.600886 3821.223021
-9999.0 -9999.0 2705.844003 2745.390956 2777.230369 2814.149348 2866.517781 2900.976088 2939.870239 2958.567662 2961.419644 2971.870824 2978.983747 2979.399518 2987.673294 2999.528961 3019.668568 3027.000148 3045.404170 3061.511856 3098.708236 3132.508804 3130.289787 3167.986508 3196.989195 3227.498586 3247.006981 3272.352881 3308.428366 3342.080498 3385.636145 3434.220566 3468.000739 3495.360600 3510.468153 3529.704735 3549.547823 3574.680987 3610.130303 3635.609612 3668.175639 3693.084926 3712.478228 3713.786150 3716.487489 3732.161136 3759.409247 3789.027090 3816.839157 3844.612136 3831.888264 3853.295248 3862.851350 3868.182935 3876.566075
-9999.0 -9999.0 2675.888656 2722.510492 2757.885521 2806.369719 2891.452838 2925.369281 2964.855169 3007.244025 3020.304463 3040.739117 3035.362380 3025.447973 3042.442253 3056.369319 3074.547550 3080.775161 3074.396009 3125.445762 3176.458699 3202.693354 3212.973500 3286.806370 3336.774248 3358.914812 3374.007876 3393.360262 3412.842059 3450.793006 3490.053237 3543.082999 3583.687860 3612.827830 3626.878708 3645.911154 3664.843335 3679.684730 3698.560550 3743.531446 3777.263280 3806.817189 3837.509066 3858.321081 3866.240517 3870.833459 3847.352062 3865.226189 3877.347677 3882.575599 3884.628565 3880.884578 3880.293547 3881.090021 3882.017637
-9999.0 2582.642475 2635.289018 2686.352899 2751.496265 2802.902560 2877.599904 2952.240510 3014.451828 3064.662726 3089.046876 3083.090519 3085.995013 3111.754936 3130.503357 3146.880072 3150.896653 3159.323912 3140.513077 3191.036698 3227.928310 3278.839766 3377.696277 3434.408129 3493.923337 3490.057770 3478.747848 3484.059503 3500.351831 3545.421932 3621.611519 3675.616902 3738.673369 3785.584196 3801.830430 3808.759430 3826.814778 3847.001628 3800.479279 3840.475125 3858.836880 3874.158334 3882.433289 3884.545071 3885.724514 3885.504884 3881.858990 3874.912065 3866.787120 3860.980450 3856.773794 3852.271042 3854.704562 3858.026069 3858.289403
-9999.0 2544.532523 2602.273637 2671.332648 2739.656889 2789.363655 2861.300006 3022.005790 3082.168589 3118.659276 3124.735801 3104.355073 3162.795548 3221.264919 3245.382899 3289.079658 3273.785090 3258.379225 3223.310031 3248.245805 3286.907446 3356.622926 3522.174938 3608.950357 3657.033178 3664.908667 3666.089923 3693.591988 3736.135829 3781.427390 3824.933095 3797.286139 3843.296556 3865.889682 3870.610911 3871.271781 3876.341025 3874.978827 3873.403185 3869.013930 3863.896088 3864.052266 3868.582182 3868.416965 3865.478663 3862.138557 3856.463341 3849.039740 3843.814309 3839.189865 3836.525181 3833.673988 3831.758495 3831.112903 3826.341127
-9999.0 2505.072995 2579.767310 2638.866104 2687.146562 2780.865311 2897.471435 3037.459131 3132.004376 3164.969585 3145.914228 3182.768425 3283.559174 3386.891546 3437.745102 3458.217427 3440.517095 3394.591806 3376.419773 3419.004887 3487.610250 3602.718165 3734.748087 3830.444712 3845.053069 3848.201696 3803.551258 3827.576167 3849.844211 3852.486688 3853.532273 3860.862814 3865.891231 3868.780755 3867.228594 3864.339619 3859.541135 3851.381375 3846.566658 3842.918802 3839.170675 3838.063764 3840.103863 3841.858749 3839.065818 3835.181791 3830.708879 3825.129153 3818.845959 3812.109133 3807.837545 3803.620147 3801.503039 3796.056975 3792.499505
-9999.0 2383.423044 2479.454757 2521.411562 2599.172653 2787.292135 2902.826761 3040.611988 3202.038456 3222.870203 3269.657680 3405.166281 3521.289752 3599.556079 3628.575144 3661.872027 3686.058985 3702.093364 3737.836705 3626.619095 3703.493142 3795.656997 3837.548785 3855.714581 3864.490263 3864.837567 3855.114490 3834.456260 3823.747821 3816.994668 3818.602099 3825.862304 3830.590630 3835.419778 3833.129632 3834.132293 3835.119030 3831.868177 3827.875446 3819.208064 3811.384936 3804.773704 3801.641417 3806.378589 3801.713241 3799.290081 3793.137823 3784.764620 3775.876091 3768.511043 3760.607704 3754.068414 3751.825180 3746.812813 3745.637506
-9999.0 2302.613256 2375.603563 2437.533583 2550.416227 2714.872719 2799.248789 2956.213087 3190.067520 3322.730807 3480.976832 3568.652827 3638.124148 3681.048350 3731.627954 3782.064391 3808.030391 3818.994289 3789.942377 3810.437376 3768.472140 3757.549532 3774.738289 3803.312581 3819.868327 3823.839609 3815.894375 3806.579486 3799.324993 3798.200844 3796.099731 3792.251267 3788.329902 3784.856890 3781.716248 3784.582800 3789.813096 3782.793206 3772.691451 3763.368936 3754.961472 3745.832544 3739.931694 3735.399914 3735.653531 3735.897597 3728.316177 3717.880693 3707.100363 3698.871062 3691.685852 3687.142583 3684.534674 3679.628978 3670.218454
-9999.0 2183.878591 2316.143264 2393.755379 2490.093159 2620.124205 2726.449144 2862.390557 2989.275791 3229.578676 3370.794441 3553.490588 3601.441453 3669.180280 3716.954570 3788.648568 3784.464066 3752.961856 3710.580979 3694.257691 3704.494220 3713.229368 3721.671266 3736.397683 3753.834051 3763.773189 3768.412083 3762.202621 3748.035712 3735.855890 3725.149347 3711.831853 3702.646469 3700.275955 3703.994853 3713.713888 3714.387162 3705.115195 3691.130764 3673.134658 3657.705152 3646.039283 3643.971153 3646.630948 3647.653621 3643.673544 3637.830252 3627.162589 3614.651623 3602.379848 3596.618277 3592.263799 3584.990990 3573.989690 3562.318887
-9999.0 -9999.0 2231.094700 2339.733796 2434.080712 2545.930762 2637.438265 2757.737350 2879.236435 3046.227932 3161.020612 3335.051852 3426.951362 3470.366253 3505.133248 3560.075182 3584.192575 3613.826308 3606.758759 3617.423049 3626.626275 3631.679685 3637.071516 3643.119355 3653.671440 3663.350517 3673.233218 3670.443484 3661.575040 3641.387672 3616.235126 3596.696199 3586.371612 3577.350233 3589.180418 3601.595988 3596.338618 3589.475573 3576.939862 3560.831853 3548.271509 3534.128973 3530.682110 3530.673158 3531.267042 3528.966496 3526.344628 3513.983041 3501.777611 3491.825364 3487.782022 3482.240323 3478.623429 3468.881341 3458.376157
-9999.0 -9999.0 2142.942932 2247.287450 2350.139669 2467.946475 2553.303211 2572.022266 2710.333247 2792.806968 2898.816479 3003.893932 3097.614884 3164.311682 3197.321376 3258.515294 3312.566284 3330.200884 3367.912894 3419.019632 3452.006911 3489.826803 3512.017730 3521.488882 3533.896608 3548.051499 3555.508916 3540.580078 3529.336477 3512.337646 3489.194703 3462.939363 3449.621395 3448.890312 3448.254739 3450.144673 3442.750835 3433.808327 3419.444896 3405.445038 3393.257636 3384.194795 3380.625415 3375.319513 3373.177792 3370.517165 3368.783200 3363.444519 3355.065972 3350.354804 3342.317820 3338.551772 3337.716804 3334.525399 3328.714711
