tests/Borden05m/data_simulated/sim_1/output-maps/psiliqL0001N0011.asc
ncols         160
nrows         34
xllcorner     620200.000000
yllcorner     5168000.000000
cellsize      0.500000
NODATA_value  -9999.0
[rows 0 to 24 of 34, columns 56 to 111 of 160]
-9999.0 -9999.0 -9999.0 -9999.0 -9999.0 -9999.0 -9999.0 -9999.0 -9999.0 -9999.0 -9999.0 -9999.0 -9999.0 -9999.0 -9999.0 -9999.0 -9999.0 -9999.0 -9999.0 -9999.0 -9999.0 -9999.0 -9999.0 -9999.0 -9999.0 -9999.0 -9999.0 -9999.0 -9999.0 -9999.0 -9999.0 -9999.0 -9999.0 -9999.0 -9999.0 -9999.0 -9999.0 -9999.0 -9999.0 -9999.0 -9999.0 -9999.0 -9999.0 -9999.0 -9999.0 -9999.0 -9999.0 -9999.0 -9999.0 -9999.0 -9999.0 -9999.0 -9999.0 -9999.0 -9999.0 -9999.0
-9999.0 -9999.0 -9999.0 -551.765131 -552.815719 -553.503623 -553.839730 -555.289345 -556.369074 -557.695075 -557.847814 -557.652153 -557.903286 -558.494086 -557.794467 -556.910198 -556.174842 -555.083107 -555.373610 -555.276816 -554.850169 -554.731512 -554.917208 -555.417077 -555.715366 -556.078635 -555.443647 -556.992141 -559.008363 -560.551044 -560.845754 -559.465841 -558.680822 -558.890161 -558.194250 -556.635693 -555.346524 -555.027263 -553.465094 -553.873747 -553.272417 -552.160999 -553.029626 -553.176237 -552.952495 -552.499294 -554.810404 -9999.0 -9999.0 -9999.0 -9999.0 -9999.0 -9999.0 -9999.0 -9999.0 -9999.0
-555.915767 -552.953446 -553.248377 -557.852342 -558.217547 -558.244177 -557.969853 -558.543931 -560.145503 -560.483045 -561.691645 -562.218861 -562.363966 -562.883126 -562.539671 -560.545949 -559.152205 -558.801472 -559.171759 -559.379588 -559.853394 -560.176514 -560.060295 -560.538797 -560.966244 -561.425868 -561.238999 -559.885172 -561.369937 -562.090450 -562.829804 -563.652849 -563.375057 -563.150627 -563.095259 -561.235470 -560.603435 -560.215015 -557.744041 -555.436232 -554.883633 -555.884551 -556.917787 -556.553884 -556.522882 -557.386671 -558.207356 -558.025347 -558.387891 -558.508760 -559.393569 -558.020015 -558.138992 -556.662030 -555.459391 -554.055664
-559.997941 -556.544920 -556.853403 -560.270992 -562.280704 -562.858152 -562.379616 -560.888810 -561.415739 -562.601974 -564.447343 -562.419828 -562.731844 -562.948035 -562.613170 -561.961109 -561.721686 -561.434673 -561.021619 -559.245575 -559.441213 -559.619333 -559.520177 -559.819979 -560.381476 -560.292695 -560.577812 -562.099486 -561.826862 -561.439656 -561.790658 -560.289355 -560.227188 -559.345275 -562.033667 -561.636816 -561.078809 -560.732004 -560.531582 -560.262001 -559.785157 -560.957403 -560.062463 -560.878977 -562.794864 -563.121436 -562.788744 -560.974978 -560.025755 -560.994988 -564.654346 -562.730860 -558.695035 -559.104769 -559.854980 -557.978107
-562.314781 -561.728127 -562.266970 -563.675193 -562.231779 -561.071800 -560.339499 -560.985739 -562.308460 -563.936711 -560.700491 -559.447037 -560.244451 -559.900735 -558.961218 -558.903280 -562.977265 -564.046697 -562.537358 -560.978239 -560.352629 -561.134308 -561.509354 -562.208143 -562.175348 -561.706835 -562.113418 -561.469816 -560.946901 -561.694746 -560.703338 -559.567691 -558.426338 -560.951006 -563.214963 -563.079109 -561.212183 -559.904758 -559.315245 -557.446728 -554.402231 -554.935285 -555.566072 -555.743462 -555.862964 -559.309608 -562.480131 -563.699010 -564.206212 -565.130429 -564.303882 -565.011621 -561.775980 -562.076062 -562.649912 -561.159736
-565.373867 -561.521725 -560.636295 -562.850123 -563.994192 -564.479364 -564.113535 -564.571417 -564.563624 -561.754380 -560.347126 -557.795609 -558.905431 -558.870260 -558.974322 -561.680080 -563.678303 -565.083972 -560.964554 -557.744647 -556.770443 -557.752735 -558.579499 -555.591245 -556.472841 -556.809327 -558.573212 -557.952767 -558.311382 -555.226539 -554.111126 -552.492716 -553.136910 -556.191292 -558.740139 -558.850456 -558.603690 -558.994574 -558.355087 -556.514345 -554.115415 -555.973438 -556.654421 -556.230245 -561.441267 -565.416814 -566.656703 -563.524732 -561.726625 -561.981327 -561.632025 -561.423310 -563.583170 -563.037493 -562.791271 -563.859530
-557.856608 -555.833932 -552.180715 -554.775530 -556.497023 -559.651117 -559.277047 -558.942635 -557.958981 -556.618813 -553.957692 -548.550700 -549.893002 -549.620733 -547.736527 -550.745585 -553.498467 -557.799329 -553.061403 -552.138891 -550.703230 -551.062533 -547.423009 -544.142482 -546.154694 -548.866108 -552.152816 -550.183878 -545.914265 -541.953106 -541.133889 -540.739473 -539.963417 -542.825340 -543.468767 -544.028683 -543.704901 -545.711057 -545.721380 -542.784586 -537.551788 -536.934672 -539.380930 -544.188101 -551.462944 -557.982587 -561.428008 -556.992550 -558.212178 -558.720541 -557.893049 -560.465436 -561.898613 -559.502096 -561.489384 -563.037288
-556.533697 -554.605456 -550.494645 -552.364373 -555.631064 -559.117324 -559.048339 -556.980548 -556.075538 -552.145291 -546.540229 -540.043946 -536.413133 -532.836903 -528.694059 -531.913245 -535.218823 -538.998561 -538.335055 -533.959200 -529.572795 -523.936010 -517.180757 -509.683746 -511.213691 -514.686259 -514.866489 -513.381535 -505.919728 -498.754021 -495.700066 -493.579018 -489.197299 -491.888678 -496.912717 -502.541711 -508.063596 -512.842257 -516.706732 -510.591302 -503.698871 -505.116213 -518.378084 -528.775050 -538.667251 -547.436547 -556.664766 -556.414486 -554.659191 -552.994104 -556.265490 -557.659908 -560.528816 -560.995965 -560.514215 -563.796363
-537.864503 -532.840492 -526.691361 -523.909627 -529.997000 -530.773747 -528.621380 -524.085268 -522.390705 -516.805292 -500.543133 -471.791897 -433.350667 -402.027907 -397.172191 -405.913014 -420.541616 -443.551316 -455.316356 -438.083665 -417.060133 -399.716521 -391.217428 -385.595848 -381.629847 -381.818964 -381.742064 -380.772972 -379.803762 -377.504495 -374.482134 -371.263374 -367.316725 -365.785788 -370.440553 -374.865312 -379.573927 -383.873329 -384.826702 -386.328615 -383.796678 -384.246760 -394.846464 -421.846140 -465.654734 -495.943531 -513.844791 -526.564018 -526.579283 -531.762238 -535.800631 -540.287590 -550.225460 -552.724321 -554.003525 -561.929229
-496.706602 -472.793850 -450.877700 -426.284876 -422.037720 -416.653171 -411.725187 -403.941812 -397.115940 -392.778650 -377.915045 -357.147094 -332.543973 -310.869940 -302.714854 -310.746411 -320.082807 -330.645229 -338.894247 -337.638724 -326.178505 -312.572211 -300.146709 -292.365538 -289.656719 -290.984456 -290.821436 -290.152879 -288.028103 -287.036906 -284.251406 -279.429771 -270.846370 -259.500217 -261.245066 -274.701683 -285.193196 -297.674078 -303.054477 -305.834646 -310.763287 -311.490959 -311.814972 -331.242533 -352.157075 -372.083791 -388.858810 -403.678775 -437.954118 -467.328317 -485.254104 -509.552582 -527.816047 -541.068588 -549.554485 -557.377806
-379.964290 -362.855900 -343.920997 -330.854516 -324.968888 -321.752612 -318.273211 -312.246990 -307.020843 -300.493402 -287.121805 -258.718966 -224.761193 -192.521392 -185.246156 -192.199874 -201.279244 -213.137901 -220.107335 -222.885912 -218.470319 -212.042762 -199.719643 -190.603570 -179.116534 -179.248515 -177.480406 -177.300920 -176.602015 -176.699157 -174.925140 -171.404639 -164.593856 -155.105329 -154.060517 -160.645813 -176.013819 -190.561813 -200.886818 -213.965574 -222.335422 -224.514335 -224.759937 -225.574763 -244.010754 -271.702134 -305.943352 -328.871269 -347.931499 -359.450472 -369.548724 -376.876446 -395.833271 -415.701061 -461.878338 -494.773558
-301.428569 -279.393450 -254.167262 -234.521716 -221.472937 -213.743022 -208.377782 -201.532058 -195.367513 -185.439118 -169.494943 -153.840950 -123.303242 -63.076958 -45.819360 -47.500579 -56.162822 -70.520941 -72.209801 -73.173685 -72.134894 -94.265585 -64.010444 -79.194244 -39.441404 -61.845416 -34.422361 -36.140425 -34.805285 -60.910633 -34.223332 -35.165023 -60.726449 -28.284900 -54.163428 -28.672792 -67.697496 -57.303711 -73.645174 -117.693694 -128.355409 -133.756378 -135.468532 -138.240762 -147.356863 -170.468860 -205.116917 -238.445057 -262.302297 -278.558570 -290.232104 -297.672346 -303.191413 -315.626537 -338.151271 -364.695833
-205.245254 -185.593119 -164.124309 -136.870465 -113.929342 -74.085462 -65.801800 -61.679244 -52.332257 -63.358581 -23.327833 -38.425423 -2.517680 14.081914 22.810192 28.131973 29.939732 29.986723 32.508829 31.827448 32.394243 32.374874 33.298427 32.867946 35.749772 36.073950 35.703913 36.134028 36.381045 35.879388 36.626935 35.756567 34.368509 34.187722 33.846913 34.244883 31.627220 24.484196 10.395316 -0.808169 -7.138379 -13.890588 -22.138899 -30.754564 -39.243643 -51.192734 -107.178201 -142.633791 -173.364973 -188.474077 -199.556621 -206.179583 -211.081560 -223.920410 -242.486931 -265.459416
-66.724455 -54.607693 -63.687207 -17.880141 -4.532908 6.637328 12.801401 17.001653 26.066668 35.448600 38.326283 37.478345 38.328968 37.399636 38.109635 38.268897 37.239015 36.135398 35.296737 34.827649 29.106009 20.901146 22.078703 23.179293 25.402419 28.585343 27.390856 27.775054 30.583616 29.496568 24.289541 21.174956 19.479110 19.351268 26.139587 28.531691 29.420207 29.735718 29.322370 29.164720 28.999931 28.950077 28.677801 28.701376 23.774435 16.145890 -2.328309 -28.043130 -55.743454 -77.727036 -113.542662 -117.163645 -121.869693 -128.490825 -147.773629 -176.944442
19.039549 29.483130 38.786522 39.505677 38.788008 39.279785 39.784504 42.115450 40.948493 38.490031 34.186581 30.637581 29.202167 28.457324 25.850795 26.592460 25.012847 21.289907 18.378086 13.644892 4.755127 -8.369060 -10.339065 -5.699466 -24.386713 -7.453248 5.778428 8.495789 10.272726 6.465981 -1.826304 -8.436592 -10.692624 -4.861736 0.619822 5.688036 6.061827 4.878788 1.843405 2.242404 0.332725 1.049216 7.062183 18.365683 26.013492 25.851915 25.780837 25.584789 25.402276 5.569663 -13.057474 -10.697504 -14.318209 -24.480564 -44.447809 -98.045709
32.666604 32.617096 30.791734 25.146960 20.071104 19.518838 23.137705 29.259901 30.990946 24.729757 17.577616 11.567681 6.155420 4.804063 1.360890 0.634013 0.943841 -4.139183 -10.412423 -23.779707 -52.383171 -83.071031 -92.968062 -94.537452 -89.330536 -73.123204 -35.099558 -27.103680 -31.289688 -40.170424 -80.461624 -93.457137 -94.667742 -90.678188 -77.700243 -37.544132 -33.786532 -44.132123 -69.407758 -75.521249 -80.101799 -76.378517 -40.493605 -24.740672 -11.565130 -0.440150 6.567263 12.844435 18.153623 24.993277 24.884094 24.794730 24.710219 20.622635 8.352828 -9.068116
19.092867 13.228017 9.320540 1.964769 -3.421205 -4.745232 -1.743614 1.731007 -0.348071 -6.356415 -15.583297 -25.616996 -37.274048 -55.317822 -75.150632 -77.707828 -78.839416 -85.216267 -99.075213 -116.477043 -132.933649 -150.342163 -155.712599 -159.609236 -160.049822 -146.372454 -126.212215 -118.926507 -129.889105 -140.276781 -158.403251 -168.323430 -171.457458 -169.082929 -158.019062 -136.599856 -120.877465 -122.962455 -135.534550 -145.119579 -149.156873 -148.622939 -135.734759 -115.147051 -94.984095 -77.100843 -40.732022 -33.250654 -25.661478 -17.077020 -7.224304 4.629756 13.240238 23.608896 23.882790 23.733937
-4.331615 -11.716540 -18.909674 -56.880594 -68.877421 -75.072410 -78.066337 -79.890906 -85.266634 -91.161007 -100.195278 -110.995898 -122.465068 -137.780755 -145.331123 -149.702933 -149.176924 -160.571766 -172.255879 -191.376596 -206.158039 -220.790810 -227.966319 -232.353677 -235.902996 -226.786095 -209.836501 -200.329377 -215.223257 -225.403794 -239.540443 -246.674262 -249.865056 -248.750770 -239.825559 -217.748220 -200.771748 -196.527380 -205.828617 -213.606172 -216.907238 -216.647539 -210.279191 -193.580966 -172.906218 -152.125045 -134.209293 -124.068732 -115.642867 -104.907949 -89.399774 -68.088020 -31.268899 -15.945453 0.398081 12.823726
-70.867703 -83.566796 -95.339317 -111.411535 -124.778181 -132.060923 -132.422444 -139.150774 -145.018968 -153.632604 -191.010495 -204.296046 -219.276288 -232.470987 -237.929780 -245.626388 -249.492805 -258.866960 -265.709512 -275.955329 -288.457425 -300.672749 -310.624966 -312.904497 -315.049446 -317.063256 -308.543033 -305.031380 -308.059620 -313.845099 -320.068773 -323.397211 -325.297672 -322.315717 -312.710764 -303.448426 -294.659846 -291.280250 -296.846406 -293.305283 -288.841206 -288.976270 -275.999680 -263.586916 -247.699052 -228.087961 -207.125001 -196.176226 -187.357589 -176.610731 -160.778653 -142.203432 -121.459843 -97.762437 -70.449313 -27.278233
-123.468961 -137.795094 -152.348284 -166.019159 -178.901976 -190.382945 -190.422961 -194.169603 -199.454448 -227.431722 -263.917489 -288.853378 -301.674696 -316.034293 -322.922764 -331.142056 -348.987034 -359.039837 -364.484415 -363.519761 -370.248387 -378.966028 -385.481692 -387.900667 -389.410495 -393.901605 -395.793033 -393.896219 -389.646692 -393.848906 -397.094836 -396.489876 -398.083759 -397.904791 -392.129139 -385.414438 -381.904628 -378.229557 -374.643061 -372.444058 -368.324365 -351.673153 -339.852278 -329.234051 -315.439172 -299.430319 -281.337083 -266.085940 -255.957965 -244.038562 -227.029266 -211.300537 -190.980419 -167.479132 -138.772574 -116.370899
-187.669636 -204.749213 -219.173180 -233.318939 -247.586828 -266.286879 -268.494147 -274.737978 -283.235778 -313.684243 -343.301886 -366.638462 -378.804232 -390.204473 -398.981695 -425.220066 -466.364163 -484.214860 -484.129086 -479.967958 -484.997349 -496.489478 -505.063363 -510.511376 -515.690829 -522.532710 -526.331258 -522.690800 -518.856593 -519.574451 -520.202704 -519.024732 -519.354751 -519.636219 -518.656187 -511.215050 -506.122116 -500.630681 -496.045240 -492.457361 -472.023973 -439.663051 -410.094933 -391.242550 -379.636687 -364.892051 -346.295694 -331.092873 -320.955897 -307.881034 -292.978178 -276.510570 -258.753321 -236.180049 -208.720244 -186.187468
-248.674513 -270.450078 -287.567983 -304.236542 -328.170896 -340.196997 -348.187698 -354.829107 -371.918310 -392.975590 -428.928265 -474.892443 -495.533439 -509.357098 -520.390932 -530.865603 -538.989645 -543.751698 -540.559745 -539.002795 -536.201109 -540.663805 -544.132867 -544.856143 -547.920655 -550.592938 -554.243446 -551.265398 -550.067666 -546.701680 -547.197911 -547.205306 -545.672548 -546.460343 -546.629132 -548.774062 -546.272135 -544.964006 -543.429815 -537.156374 -530.879540 -523.688136 -516.113168 -505.190807 -489.474387 -462.496397 -418.890800 -391.278831 -379.061117 -366.077809 -349.134845 -334.431487 -321.055100 -304.596692 -283.187987 -263.073971
-323.684075 -338.518177 -355.797748 -376.723219 -399.853790 -434.799735 -451.363031 -479.724181 -499.898507 -521.214363 -532.246604 -537.465619 -542.598707 -546.240181 -548.923660 -553.379031 -556.350899 -561.091150 -559.155839 -556.623666 -552.884196 -556.044673 -556.449428 -555.699148 -557.430528 -559.235997 -562.336167 -561.868002 -559.443959 -556.529971 -556.809033 -556.284513 -554.575417 -554.522861 -555.864593 -558.667801 -558.041641 -556.386115 -554.848495 -551.586151 -548.556205 -545.496265 -542.767394 -538.543380 -533.178064 -526.787089 -517.036106 -502.065247 -487.658737 -459.242388 -413.602336 -389.817821 -380.704605 -370.197508 -351.143092 -335.193775
-388.175870 -403.504392 -443.201798 -488.392173 -513.998573 -531.223265 -539.134144 -545.522764 -551.192061 -553.194460 -555.119264 -557.241420 -558.929493 -560.745531 -562.375251 -563.660764 -565.855521 -570.572010 -568.564886 -565.869903 -562.770006 -562.686743 -562.991081 -562.675461 -563.331159 -565.406347 -569.231479 -567.646379 -565.416884 -563.416188 -562.865673 -562.536833 -561.257829 -562.197951 -564.108155 -566.910147 -565.778238 -563.762175 -562.749278 -561.443924 -559.438715 -557.294347 -555.166516 -552.619233 -549.990708 -546.242571 -541.790524 -536.341948 -529.915602 -522.023826 -510.321067 -501.048583 -489.325688 -474.132012 -441.576349 -404.775622
-505.568919 -518.473777 -528.215073 -537.051906 -545.947567 -550.123008 -553.664530 -556.571163 -559.620071 -561.397655 -562.787867 -561.783222 -562.340942 -564.391946 -564.116436 -565.133283 -568.912149 -567.467525 -566.358456 -563.243872 -563.859617 -564.043247 -564.779464 -564.243860 -564.711627 -568.440738 -566.544924 -565.771675 -563.665383 -563.371458 -562.988572 -562.691092 -562.326432 -562.773827 -565.424864 -564.880448 -564.230232 -562.336280 -562.416051 -561.765412 -559.651205 -559.183577 -558.009094 -556.252389 -554.371605 -552.062870 -549.154593 -544.873783 -540.326019 -535.772046 -534.406719 -531.013818 -527.947452 -530.331913 -523.652419 -515.485668
