tests/Borden05m/data_simulated/sim_1/output-maps/psiliqL0002N0018.asc
ncols         160
nrows         34
xllcorner     620200.000000
yllcorner     5168000.000000
cellsize      0.500000
NODATA_value  -9999.0
[rows 0 to 24 of 34, columns 0 to 55 of 160]
-9999.0 -9999.0 -9999.0 -9999.0 -9999.0 -9999.0 -9999.0 -9999.0 -9999.0 -9999.0 -9999.0 -9999.0 -9999.0 -9999.0 -9999.0 -9999.0 -9999.0 -9999.0 -9999.0 -9999.0 -9999.0 -9999.0 -9999.0 -9999.0 -9999.0 -9999.0 -9999.0 -9999.0 -9999.0 -9999.0 -9999.0 -9999.0 -9999.0 -9999.0 -9999.0 -9999.0 -9999.0 -9999.0 -9999.0 -9999.0 -9999.0 -9999.0 -9999.0 -9999.0 -9999.0 -9999.0 -9999.0 -9999.0 -9999.0 -9999.0 -9999.0 -9999.0 -9999.0 -9999.0 -9999.0 -9999.0
-9999.0 -9999.0 -9999.0 -9999.0 -9999.0 -9999.0 -9999.0 -9999.0 -9999.0 -9999.0 -9999.0 -9999.0 -9999.0 -9999.0 -9999.0 -9999.0 -9999.0 -9999.0 -9999.0 -9999.0 -9999.0 -9999.0 -9999.0 -9999.0 -9999.0 -9999.0 -9999.0 -9999.0 -9999.0 -9999.0 -9999.0 -9999.0 -9999.0 -9999.0 -9999.0 -9999.0 -9999.0 -9999.0 -9999.0 -9999.0 -9999.0 -9999.0 -9999.0 -9999.0 -9999.0 -9999.0 -9999.0 -9999.0 -9999.0 -9999.0 -9999.0 -9999.0 -9999.0 -9999.0 -9999.0 -9999.0
-9999.0 -9999.0 -9999.0 -9999.0 -9999.0 -9999.0 -9999.0 -9999.0 -9999.0 -9999.0 -9999.0 -9999.0 -9999.0 -9999.0 -9999.0 -9999.0 -9999.0 -9999.0 -9999.0 -9999.0 -9999.0 -9999.0 -9999.0 -9999.0 -9999.0 -9999.0 -9999.0 -9999.0 -9999.0 -9999.0 -9999.0 -9999.0 -9999.0 -9999.0 -9999.0 -9999.0 -9999.0 -9999.0 -9999.0 -9999.0 -9999.0 -9999.0 -9999.0 -9999.0 -9999.0 -9999.0 -9999.0 -601.622089 -604.843858 -608.709377 -609.756951 -605.435199 -603.445631 -601.576088 -600.293047 -599.088611
-9999.0 -9999.0 -9999.0 -9999.0 -9999.0 -9999.0 -9999.0 -9999.0 -9999.0 -9999.0 -9999.0 -9999.0 -9999.0 -9999.0 -9999.0 -9999.0 -9999.0 -9999.0 -9999.0 -9999.0 -9999.0 -9999.0 -9999.0 -9999.0 -9999.0 -9999.0 -9999.0 -9999.0 -9999.0 -9999.0 -9999.0 -9999.0 -9999.0 -9999.0 -9999.0 -9999.0 -9999.0 -9999.0 -9999.0 -9999.0 -601.707842 -600.214502 -598.998554 -601.172818 -602.124183 -602.018649 -604.326859 -606.970868 -609.679066 -608.887999 -608.833104 -610.682978 -607.684065 -605.242056 -604.341052 -603.569689
-9999.0 -9999.0 -9999.0 -9999.0 -9999.0 -9999.0 -9999.0 -9999.0 -9999.0 -9999.0 -9999.0 -9999.0 -9999.0 -9999.0 -9999.0 -9999.0 -9999.0 -9999.0 -9999.0 -9999.0 -9999.0 -9999.0 -9999.0 -9999.0 -9999.0 -9999.0 -9999.0 -9999.0 -9999.0 -9999.0 -9999.0 -9999.0 -9999.0 -9999.0 -608.738165 -605.963224 -604.696430 -603.485000 -601.690287 -602.261474 -602.749548 -601.441339 -602.611709 -602.694956 -604.181879 -606.930666 -609.689371 -611.239399 -609.630508 -610.168056 -610.156113 -608.739026 -607.834144 -607.461696 -605.450917 -602.243501
-9999.0 -9999.0 -9999.0 -9999.0 -9999.0 -9999.0 -9999.0 -9999.0 -9999.0 -9999.0 -9999.0 -9999.0 -9999.0 -9999.0 -9999.0 -9999.0 -9999.0 -9999.0 -9999.0 -9999.0 -9999.0 -9999.0 -9999.0 -9999.0 -9999.0 -9999.0 -9999.0 -9999.0 -604.606530 -605.696264 -606.532044 -606.481812 -606.867837 -608.357203 -608.736367 -608.442633 -606.935396 -604.519387 -604.094888 -604.376357 -604.181220 -604.750012 -606.372222 -606.543680 -604.768416 -606.447436 -607.261581 -608.368482 -611.118818 -611.787979 -610.203352 -608.680121 -607.357894 -607.014658 -606.798400 -606.754495
-9999.0 -9999.0 -9999.0 -9999.0 -9999.0 -9999.0 -9999.0 -9999.0 -9999.0 -9999.0 -9999.0 -9999.0 -9999.0 -9999.0 -9999.0 -9999.0 -9999.0 -9999.0 -9999.0 -9999.0 -9999.0 -9999.0 -9999.0 -606.524005 -605.516768 -605.133915 -604.250726 -604.699743 -606.815510 -608.170262 -608.758510 -609.242074 -610.371687 -610.501914 -610.517762 -609.778853 -609.222046 -606.693431 -607.926779 -608.718785 -606.534246 -607.059800 -605.644682 -604.017665 -604.404727 -604.071919 -607.095090 -609.351034 -606.980491 -606.018803 -606.126028 -606.654448 -605.877123 -604.815808 -603.485251 -601.207366
-9999.0 -9999.0 -9999.0 -9999.0 -9999.0 -9999.0 -9999.0 -9999.0 -9999.0 -9999.0 -9999.0 -9999.0 -9999.0 -9999.0 -9999.0 -9999.0 -9999.0 -9999.0 -9999.0 -606.490212 -606.799675 -607.412925 -607.168817 -609.169696 -610.016902 -609.436378 -608.347324 -608.986904 -610.148293 -611.155494 -611.033932 -610.896653 -611.145658 -609.607292 -608.358316 -607.934449 -608.249418 -606.254819 -605.650373 -604.507068 -601.526553 -603.480597 -605.402026 -606.411722 -606.494232 -607.050881 -605.246716 -604.697833 -604.531774 -604.700800 -604.655576 -604.224702 -603.975302 -601.546973 -599.275017 -597.351687
-9999.0 -9999.0 -9999.0 -9999.0 -9999.0 -9999.0 -9999.0 -9999.0 -9999.0 -9999.0 -9999.0 -9999.0 -9999.0 -9999.0 -9999.0 -9999.0 -606.787019 -606.955503 -607.708901 -608.927079 -609.993632 -610.014036 -609.182989 -610.679464 -611.172528 -610.830949 -611.487154 -610.736908 -609.929866 -608.962495 -608.527651 -609.601822 -609.399918 -609.546983 -609.664292 -609.151149 -606.899304 -604.817805 -604.360438 -602.853919 -600.142924 -601.712988 -602.387661 -602.312077 -603.293049 -602.443696 -598.370108 -599.017468 -600.776733 -596.480356 -594.210230 -595.039214 -595.471779 -592.704846 -588.461986 -582.886940
-9999.0 -9999.0 -9999.0 -9999.0 -9999.0 -9999.0 -9999.0 -9999.0 -9999.0 -9999.0 -9999.0 -9999.0 -9999.0 -607.187164 -607.337015 -607.116361 -609.027418 -610.520595 -611.425825 -612.690355 -611.062089 -612.221786 -612.586981 -612.303734 -610.852500 -610.818260 -610.648677 -609.728398 -610.033312 -610.473406 -610.900061 -611.792666 -610.565358 -609.340713 -608.491495 -606.711349 -605.334492 -604.241105 -602.216787 -601.843087 -600.460844 -600.981092 -602.637999 -603.005453 -601.717034 -597.901004 -594.953120 -593.886577 -588.512851 -582.787494 -579.944744 -576.275219 -574.444138 -571.874918 -565.454004 -546.070123
-9999.0 -9999.0 -9999.0 -9999.0 -9999.0 -9999.0 -9999.0 -9999.0 -9999.0 -9999.0 -610.254239 -609.253479 -610.723302 -613.434145 -614.622505 -613.993203 -613.331069 -614.351191 -614.316865 -611.440323 -609.860005 -612.551128 -610.687599 -610.654329 -611.802071 -611.505141 -610.743471 -610.613785 -608.827388 -608.755957 -608.728781 -605.802240 -605.036251 -604.217732 -603.088645 -601.861755 -600.768376 -596.222942 -592.281176 -592.339708 -586.776759 -583.193722 -586.093947 -587.117550 -586.265081 -582.040707 -574.934453 -564.264678 -552.787630 -535.097134 -516.756704 -502.705829 -491.300979 -477.486272 -461.095719 -438.015876
-9999.0 -9999.0 -9999.0 -9999.0 -9999.0 -9999.0 -9999.0 -9999.0 -614.251940 -612.679604 -611.680877 -612.925741 -614.592913 -617.612112 -616.459926 -615.327489 -614.560918 -613.421199 -612.874747 -612.420773 -613.108577 -612.123185 -610.299798 -610.790057 -610.589076 -609.390928 -609.355333 -608.266577 -606.593210 -607.356776 -606.421450 -604.852201 -603.464224 -602.228552 -600.739658 -599.830102 -595.118160 -588.721553 -581.629371 -575.237755 -565.831443 -553.392029 -553.220118 -550.789291 -547.883499 -528.812682 -498.752367 -464.567333 -439.503515 -419.046584 -396.930277 -384.006822 -374.914880 -363.402538 -349.141607 -336.388253
-9999.0 -9999.0 -9999.0 -9999.0 -9999.0 -9999.0 -616.617055 -613.120898 -611.421001 -615.349990 -618.352052 -619.349488 -621.143952 -617.245889 -613.781982 -613.126197 -612.615850 -612.005982 -612.347834 -614.605699 -609.303598 -610.745486 -611.788285 -610.148464 -610.276591 -610.138886 -609.111539 -606.764022 -605.698094 -600.979874 -597.463559 -594.377913 -590.248245 -587.618902 -584.797929 -581.402771 -572.156549 -556.977037 -534.650986 -507.562159 -477.542944 -449.684866 -439.531078 -434.366954 -428.311883 -416.452185 -393.849442 -368.448015 -338.259148 -308.982508 -286.908957 -276.509985 -267.022459 -256.231064 -242.961991 -228.456428
-9999.0 -9999.0 -9999.0 -9999.0 -614.736657 -613.956308 -614.580358 -611.522944 -609.388875 -614.162540 -612.436982 -613.265880 -614.819326 -616.728558 -619.012763 -617.352186 -616.396677 -615.753784 -616.036816 -610.840191 -606.424074 -609.258541 -607.008498 -602.655162 -603.594501 -603.106156 -602.860570 -600.823215 -597.077409 -592.239195 -581.089603 -570.095483 -561.589658 -550.774358 -538.732490 -520.254085 -488.183953 -451.518326 -424.973004 -398.885096 -373.346797 -352.152443 -337.703144 -329.296253 -318.995712 -306.699679 -289.791351 -265.464657 -237.343754 -203.695729 -176.850019 -161.182457 -153.002960 -143.167794 -130.751712 -112.796944
-9999.0 -9999.0 -9999.0 -616.842600 -613.413894 -612.148387 -613.775588 -613.141307 -610.507525 -613.043692 -613.513294 -613.920475 -614.146214 -614.081785 -614.256396 -613.282088 -613.110588 -613.864534 -613.154176 -610.023357 -608.546904 -605.918439 -603.875266 -600.700332 -597.961660 -596.885183 -595.365740 -591.406645 -581.353971 -568.700355 -542.765867 -498.667250 -460.012245 -438.365245 -424.980751 -406.773691 -387.760011 -359.213626 -330.426431 -302.761861 -274.700745 -250.709374 -228.692643 -215.100822 -207.356196 -198.554515 -180.925509 -160.277760 -136.806843 -87.287654 -48.636413 -30.207072 -19.800855 -13.612825 -0.604891 10.358506
-9999.0 -9999.0 -616.247932 -614.299192 -615.612119 -613.133615 -610.388238 -612.291664 -608.998722 -607.893141 -611.164030 -609.236480 -608.221869 -610.224075 -608.862204 -607.342830 -606.630733 -609.157184 -610.976803 -607.213117 -599.136412 -592.326580 -588.344343 -570.739585 -559.384944 -551.515765 -547.259010 -533.032195 -506.052235 -460.201742 -423.102923 -384.591801 -350.251329 -322.661984 -310.466372 -295.857903 -273.611726 -249.881075 -221.162429 -194.094824 -169.677174 -143.098741 -115.900476 -69.999574 -65.821985 -53.992398 -35.661385 -16.910146 0.886487 18.584727 34.820471 35.361087 35.663879 35.320121 35.781400 35.398618
-9999.0 -9999.0 -618.474375 -615.249780 -617.441081 -612.308796 -607.583897 -612.104940 -610.645929 -605.727092 -607.003099 -606.381292 -606.869711 -606.439359 -604.207251 -599.744990 -602.063175 -602.939376 -607.826408 -596.044088 -584.928976 -563.802703 -515.980481 -464.190092 -434.507110 -429.142383 -425.696357 -413.573755 -393.907417 -356.475415 -309.147842 -257.903525 -216.257036 -188.733855 -174.989761 -160.699955 -137.797437 -84.993978 -69.421756 -41.140702 -51.058183 -6.893797 12.388946 29.207008 35.164423 34.834991 35.135652 35.321449 35.177987 35.141355 34.982551 31.613591 30.737497 31.324188 32.072937 27.692007
-9999.0 -619.227218 -617.604500 -617.472890 -614.141033 -615.111421 -611.098957 -605.334382 -605.558692 -603.471196 -603.338071 -606.422450 -594.649786 -584.039231 -580.165931 -570.456368 -574.471196 -577.464004 -583.526720 -569.850836 -540.247758 -459.778011 -371.093075 -326.436175 -306.163739 -304.946720 -308.608642 -297.105485 -273.767576 -233.614885 -163.371383 -77.331392 -41.014825 -14.843867 -6.972654 -5.455855 6.493764 21.778951 37.223255 39.650108 38.889672 39.806718 35.016526 35.456831 35.229723 35.563879 32.163408 26.373966 19.148052 12.905514 9.125452 4.293649 6.623695 9.973349 11.142695 4.549715
-9999.0 -624.131325 -617.781801 -614.007543 -615.381518 -617.857439 -608.702136 -595.033293 -599.753892 -601.144849 -601.441083 -591.954418 -561.806321 -527.182821 -497.553417 -465.377468 -466.768673 -477.540189 -475.328147 -445.891298 -403.501978 -334.894803 -232.978652 -165.974503 -175.986510 -175.367869 -171.254609 -151.346794 -121.558825 -84.058366 1.186137 25.457951 28.251979 28.564886 28.622028 28.739801 28.712741 28.893483 25.458166 22.069677 18.102499 6.181201 20.716699 20.623294 18.475843 14.641315 8.798906 0.890169 -12.914906 -44.031680 -52.128687 -57.123240 -59.272829 -59.121992 -63.385519 -70.018974
-9999.0 -619.005570 -611.819680 -613.598804 -619.383399 -610.624606 -606.931387 -597.193092 -589.285276 -591.083702 -577.810412 -528.593240 -457.966868 -408.175862 -376.396641 -358.091009 -345.796881 -346.145099 -325.351166 -277.845661 -202.039518 -83.397927 -42.485038 3.458981 -49.475361 -72.792571 -81.918403 -83.132243 -78.480256 -66.505260 -41.346125 10.588413 16.625648 19.845936 18.646470 14.941735 10.236266 2.811152 -2.604283 -6.775305 -35.104466 -41.416973 -8.577315 -8.059127 -27.018745 -50.240111 -59.289382 -67.677679 -77.552548 -90.089378 -96.903407 -102.299154 -105.307931 -109.991871 -115.274349 -121.770021
-9999.0 -627.326443 -617.095060 -625.563917 -613.328268 -603.069045 -604.352668 -587.824233 -566.135560 -555.164716 -481.664818 -418.518451 -355.727970 -309.759263 -274.274121 -236.411017 -210.580001 -183.804084 -149.144378 -109.072721 2.705574 21.106235 21.768418 21.573553 7.932418 -65.025336 -88.242712 -109.946905 -117.646002 -117.002516 -103.092606 -79.874980 -61.063922 -13.735485 -22.902621 -52.579986 -58.453321 -63.451597 -67.659390 -76.723890 -88.153234 -94.100469 -90.838373 -85.437522 -94.364974 -102.978275 -111.406173 -120.815912 -131.036877 -141.009703 -149.875700 -157.463055 -161.058775 -167.069207 -168.825136 -175.819308
-9999.0 -633.533311 -626.202256 -620.597974 -609.951078 -602.427954 -594.273958 -575.408239 -524.231865 -457.725707 -400.883300 -368.698339 -316.757647 -258.593681 -200.924109 -170.335978 -153.985248 -147.363209 -137.036524 -126.040975 -122.269846 -63.453449 -49.914758 -31.494872 -83.871976 -105.886369 -125.334347 -140.080665 -145.744816 -142.345139 -136.127094 -127.532486 -119.685643 -111.809351 -114.301859 -117.809431 -116.226169 -122.267205 -129.609042 -136.987268 -144.120021 -151.620800 -155.994062 -158.662591 -162.391396 -164.828384 -173.286973 -184.159405 -194.982565 -203.625654 -211.997347 -218.539240 -220.879479 -225.339215 -230.987532 -240.675825
-9999.0 -647.466695 -623.663910 -620.677934 -614.284490 -612.326730 -610.333871 -596.996701 -572.977812 -467.580338 -344.394868 -330.924505 -313.302158 -280.559528 -225.762203 -176.501033 -170.332271 -197.853684 -217.913245 -224.892030 -214.303295 -192.342570 -174.948388 -157.740953 -155.984937 -158.406239 -164.985294 -175.675558 -187.775062 -191.802881 -190.989411 -193.011724 -193.880781 -190.680723 -191.726422 -188.052109 -185.470453 -194.445162 -205.918591 -219.374394 -231.264902 -240.037215 -243.168957 -243.084733 -244.384112 -247.956767 -255.434855 -265.089071 -276.635266 -286.941013 -294.930147 -300.442941 -305.830686 -313.071875 -321.146829 -329.924065
-9999.0 -9999.0 -634.382447 -620.669075 -618.843997 -616.724985 -614.702498 -604.487071 -592.660224 -545.043342 -469.597078 -422.723134 -392.162079 -361.559659 -316.432255 -277.356177 -271.730525 -266.215721 -290.056909 -289.330592 -282.566135 -273.772214 -262.158003 -250.765997 -242.637863 -238.843603 -237.111430 -239.745290 -247.736390 -259.166487 -271.341137 -279.843251 -284.806051 -288.476655 -281.967592 -272.900592 -274.221813 -280.185475 -290.216600 -303.422576 -314.580738 -325.662791 -328.649853 -327.875566 -328.153190 -331.027586 -335.916482 -346.713164 -357.632703 -368.705679 -374.022704 -379.144236 -384.184842 -392.781418 -401.396116 -410.838458
-9999.0 -9999.0 -649.872621 -627.760504 -618.426485 -611.957002 -612.799591 -611.341523 -596.749399 -588.734664 -575.100298 -550.997318 -518.734317 -476.011038 -447.848560 -418.634459 -405.749567 -399.481015 -399.179934 -391.665265 -376.361943 -361.257980 -350.427029 -339.864190 -330.164461 -322.546264 -315.947066 -324.157291 -332.545216 -344.936894 -360.158004 -376.800538 -385.668147 -390.745691 -387.249412 -381.152160 -384.948204 -392.850926 -403.441474 -415.319081 -423.911833 -431.902598 -434.083069 -434.817232 -434.944177 -436.604298 -438.992689 -446.227121 -456.634983 -465.777425 -473.851154 -481.252100 -486.008087 -495.238454 -506.557356 -515.143751
