tests/Borden05m/data_simulated/sim_1/output-maps/psiliqL0009N0008.asc
ncols         160
nrows         34
xllcorner     620200.000000
yllcorner     5168000.000000
cellsize      0.500000
NODATA_value  -9999.0
[rows 0 to 25 of 34, columns 0 to 56 of 160]
-9999.0 -9999.0 -9999.0 -9999.0 -9999.0 -9999.0 -9999.0 -9999.0 -9999.0 -9999.0 -9999.0 -9999.0 -9999.0 -9999.0 -9999.0 -9999.0 -9999.0 -9999.0 -9999.0 -9999.0 -9999.0 -9999.0 -9999.0 -9999.0 -9999.0 -9999.0 -9999.0 -9999.0 -9999.0 -9999.0 -9999.0 -9999.0 -9999.0 -9999.0 -9999.0 -9999.0 -9999.0 -9999.0 -9999.0 -9999.0 -9999.0 -9999.0 -9999.0 -9999.0 -9999.0 -9999.0 -9999.0 -9999.0 -9999.0 -9999.0 -9999.0 -9999.0 -9999.0 -9999.0 -9999.0 -9999.0 -9999.0
-9999.0 -9999.0 -9999.0 -9999.0 -9999.0 -9999.0 -9999.0 -9999.0 -9999.0 -9999.0 -9999.0 -9999.0 -9999.0 -9999.0 -9999.0 -9999.0 -9999.0 -9999.0 -9999.0 -9999.0 -9999.0 -9999.0 -9999.0 -9999.0 -9999.0 -9999.0 -9999.0 -9999.0 -9999.0 -9999.0 -9999.0 -9999.0 -9999.0 -9999.0 -9999.0 -9999.0 -9999.0 -9999.0 -9999.0 -9999.0 -9999.0 -9999.0 -9999.0 -9999.0 -9999.0 -9999.0 -9999.0 -9999.0 -9999.0 -9999.0 -9999.0 -9999.0 -9999.0 -9999.0 -9999.0 -9999.0 -9999.0
-9999.0 -9999.0 -9999.0 -9999.0 -9999.0 -9999.0 -9999.0 -9999.0 -9999.0 -9999.0 -9999.0 -9999.0 -9999.0 -9999.0 -9999.0 -9999.0 -9999.0 -9999.0 -9999.0 -9999.0 -9999.0 -9999.0 -9999.0 -9999.0 -9999.0 -9999.0 -9999.0 -9999.0 -9999.0 -9999.0 -9999.0 -9999.0 -9999.0 -9999.0 -9999.0 -9999.0 -9999.0 -9999.0 -9999.0 -9999.0 -9999.0 -9999.0 -9999.0 -9999.0 -9999.0 -9999.0 -9999.0 -115.735296 -133.336814 -150.077871 -151.863397 -128.967088 -105.527519 -81.804455 -61.304660 -42.671049 -23.706864
-9999.0 -9999.0 -9999.0 -9999.0 -9999.0 -9999.0 -9999.0 -9999.0 -9999.0 -9999.0 -9999.0 -9999.0 -9999.0 -9999.0 -9999.0 -9999.0 -9999.0 -9999.0 -9999.0 -9999.0 -9999.0 -9999.0 -9999.0 -9999.0 -9999.0 -9999.0 -9999.0 -9999.0 -9999.0 -9999.0 -9999.0 -9999.0 -9999.0 -9999.0 -9999.0 -9999.0 -9999.0 -9999.0 -9999.0 -9999.0 -67.836742 -61.996426 -60.473806 -71.376864 -82.799817 -94.798572 -114.873432 -132.926867 -148.605293 -151.558475 -149.014889 -143.304699 -120.161254 -95.789466 -76.276612 -58.916729 -39.780908
-9999.0 -9999.0 -9999.0 -9999.0 -9999.0 -9999.0 -9999.0 -9999.0 -9999.0 -9999.0 -9999.0 -9999.0 -9999.0 -9999.0 -9999.0 -9999.0 -9999.0 -9999.0 -9999.0 -9999.0 -9999.0 -9999.0 -9999.0 -9999.0 -9999.0 -9999.0 -9999.0 -9999.0 -9999.0 -9999.0 -9999.0 -9999.0 -9999.0 -9999.0 -160.158515 -142.545939 -124.428897 -106.126740 -89.558630 -82.977578 -77.109128 -71.333271 -75.430231 -80.350258 -91.817680 -110.619629 -130.540143 -144.993792 -147.755526 -150.473546 -146.112603 -132.935884 -116.175252 -99.674241 -78.677956 -55.507176 -46.321317
-9999.0 -9999.0 -9999.0 -9999.0 -9999.0 -9999.0 -9999.0 -9999.0 -9999.0 -9999.0 -9999.0 -9999.0 -9999.0 -9999.0 -9999.0 -9999.0 -9999.0 -9999.0 -9999.0 -9999.0 -9999.0 -9999.0 -9999.0 -9999.0 -9999.0 -9999.0 -9999.0 -9999.0 -155.331166 -161.364074 -166.685278 -168.358294 -169.824900 -171.165596 -164.264558 -151.927229 -133.598523 -112.098020 -99.342446 -92.251151 -85.779953 -85.053768 -89.980468 -92.280165 -92.234775 -104.092579 -115.917401 -127.002545 -137.633607 -138.919174 -129.324089 -115.402569 -99.313826 -84.477715 -69.095925 -56.220225 -40.371438
-9999.0 -9999.0 -9999.0 -9999.0 -9999.0 -9999.0 -9999.0 -9999.0 -9999.0 -9999.0 -9999.0 -9999.0 -9999.0 -9999.0 -9999.0 -9999.0 -9999.0 -9999.0 -9999.0 -9999.0 -9999.0 -9999.0 -9999.0 -184.439735 -178.438373 -172.049372 -164.819945 -164.086678 -168.524462 -174.388734 -177.763475 -179.525811 -181.282010 -177.025158 -168.699420 -155.006026 -139.065565 -117.407652 -108.823121 -102.238284 -89.825726 -87.644061 -82.920436 -79.037602 -80.977913 -83.755604 -95.829397 -104.730961 -98.989250 -92.755531 -86.264226 -78.681388 -65.532376 -49.718867 -31.694210 -10.673684 11.460470
-9999.0 -9999.0 -9999.0 -9999.0 -9999.0 -9999.0 -9999.0 -9999.0 -9999.0 -9999.0 -9999.0 -9999.0 -9999.0 -9999.0 -9999.0 -9999.0 -9999.0 -9999.0 -9999.0 -209.106345 -208.383326 -207.520776 -203.086099 -202.231229 -200.121871 -193.239786 -185.235318 -183.302757 -185.063486 -186.907534 -185.552732 -183.056947 -179.010560 -167.583104 -153.738007 -139.546897 -125.325893 -104.361770 -89.522502 -75.528160 -59.348409 -60.718994 -65.227196 -67.450182 -67.044328 -66.402383 -60.339495 -56.460056 -50.376608 -44.248749 -36.943439 -27.698701 -16.492407 2.544257 23.710574 45.281445 65.900015
-9999.0 -9999.0 -9999.0 -9999.0 -9999.0 -9999.0 -9999.0 -9999.0 -9999.0 -9999.0 -9999.0 -9999.0 -9999.0 -9999.0 -9999.0 -9999.0 -237.270730 -235.540340 -233.602728 -228.408926 -226.077478 -222.313101 -215.634415 -214.760107 -211.081076 -204.146720 -199.318346 -190.938791 -183.246213 -176.046362 -170.240775 -167.668561 -159.995306 -150.295420 -138.283476 -122.454140 -100.316533 -77.343677 -60.818522 -43.917333 -26.903386 -26.430282 -27.497658 -26.235646 -25.133794 -16.778063 2.127088 9.249126 13.594354 33.496337 48.991341 55.428122 63.867700 83.614783 109.759992 139.163445 174.650378
-9999.0 -9999.0 -9999.0 -9999.0 -9999.0 -9999.0 -9999.0 -9999.0 -9999.0 -9999.0 -9999.0 -9999.0 -9999.0 -281.638223 -277.586983 -268.542222 -260.468994 -258.425600 -254.709541 -249.211006 -237.248854 -233.947538 -227.926698 -220.488209 -209.241383 -200.899359 -191.803499 -180.113361 -171.709540 -164.540996 -157.417230 -150.796992 -136.903284 -121.217720 -104.914339 -84.194485 -62.059279 -40.432005 -18.718321 -2.867089 12.027940 16.119681 15.055940 17.582195 26.861586 46.613502 67.829301 82.633657 107.385210 134.671133 152.132870 167.678758 179.293863 195.272684 221.426222 266.008546 312.225654
-9999.0 -9999.0 -9999.0 -9999.0 -9999.0 -9999.0 -9999.0 -9999.0 -9999.0 -9999.0 -316.532068 -314.053666 -317.670799 -317.101491 -312.627101 -300.933274 -287.927827 -281.247366 -270.242216 -249.895917 -232.937001 -229.653403 -214.992873 -205.189189 -198.755655 -188.143408 -175.006749 -161.924861 -144.453163 -131.555182 -118.639247 -97.553777 -80.579573 -63.621397 -45.298292 -24.686238 -2.627160 28.933122 58.215375 74.368924 100.632775 116.763257 115.739805 118.071238 128.874375 150.128379 178.814851 212.365176 244.501914 280.110664 307.240086 326.948007 342.503644 361.449105 387.737547 437.411894 490.686473
-9999.0 -9999.0 -9999.0 -9999.0 -9999.0 -9999.0 -9999.0 -9999.0 -340.435463 -333.695255 -327.531790 -330.758044 -335.706444 -339.191923 -326.318524 -310.681055 -294.925758 -278.099594 -262.361583 -244.693034 -229.223353 -212.732077 -193.453015 -181.646947 -169.756379 -154.448408 -140.530421 -122.269732 -100.407877 -85.195375 -65.498877 -42.667732 -22.068822 -2.679104 17.377828 37.751531 69.120032 107.449728 144.995225 175.066696 208.688112 239.514757 245.556061 254.642490 266.044159 299.815924 339.835597 384.890733 431.783203 475.505467 513.123486 534.086753 547.177402 562.876946 583.727346 608.698250 640.608028
-9999.0 -9999.0 -9999.0 -9999.0 -9999.0 -9999.0 -366.040706 -342.009933 -327.392203 -335.391428 -343.829599 -347.376659 -351.103767 -331.777619 -310.563873 -293.887924 -277.401232 -260.265456 -244.129497 -229.555785 -194.353149 -177.791849 -162.642544 -142.634778 -128.220232 -113.699579 -95.722040 -71.251990 -47.028701 -12.945819 18.734975 47.982374 77.710878 101.278926 124.160985 148.395297 186.996343 234.147739 282.722179 323.751089 362.405510 404.092093 424.664752 442.339211 462.462089 489.783099 526.499050 564.005074 607.077986 645.973002 674.143928 686.223102 695.808237 706.421731 719.806746 733.490417 747.201928
-9999.0 -9999.0 -9999.0 -9999.0 -399.172976 -378.357644 -357.944424 -327.198079 -304.716501 -310.289102 -303.165908 -302.786323 -304.258959 -301.865176 -296.229956 -278.467460 -260.862910 -243.082738 -224.383143 -186.424195 -143.982674 -126.749176 -99.241780 -66.022755 -50.986755 -34.972045 -18.126169 6.771200 38.721826 77.805368 130.154843 176.441261 210.819967 243.198494 273.565309 306.139142 350.900312 406.232775 463.885335 511.321699 549.547270 580.645059 600.771399 615.441278 633.614988 652.867837 674.443493 700.951708 729.807659 759.271390 781.433035 793.127649 798.606950 806.418670 815.132608 825.681842 835.465630
-9999.0 -9999.0 -9999.0 -446.039206 -407.691564 -370.940268 -343.548255 -312.650525 -281.097090 -274.889986 -266.619564 -260.246346 -253.690751 -244.748598 -234.758543 -218.389702 -204.203388 -191.262332 -169.880667 -132.255291 -94.759002 -59.228292 -24.446497 8.598931 34.440434 53.143905 73.181382 101.309490 146.962253 195.619506 259.077127 325.798514 379.001630 421.949908 458.743216 495.461407 528.258332 572.651304 617.360180 655.330965 688.000123 712.329349 731.603134 740.325193 749.912114 758.593361 773.403102 790.783842 807.557426 830.181228 852.596038 870.455416 879.915263 886.152950 898.666560 911.464143 921.176062
-9999.0 -9999.0 -492.324058 -455.499948 -420.343930 -368.732167 -316.178174 -282.678657 -241.780116 -216.475375 -209.054154 -190.018337 -172.502529 -163.547873 -146.048854 -128.100807 -114.075877 -110.039359 -96.199347 -59.199432 -2.751117 50.741107 88.116559 151.218018 192.730126 223.289690 243.609253 275.317950 317.986523 378.383483 448.629313 510.800936 559.777194 600.654037 624.875557 648.251312 673.927934 697.871516 729.982773 757.203101 782.963097 804.128360 822.475343 829.162276 832.967102 845.507890 863.907641 882.725459 900.609660 917.838942 926.549116 930.293862 931.586105 932.215828 933.712061 934.897226 935.456491
-9999.0 -9999.0 -517.304089 -473.411513 -430.724532 -360.582862 -284.601541 -246.743889 -203.260032 -158.137310 -138.078777 -112.935698 -92.821870 -73.811596 -48.438825 -23.334119 -16.888450 -12.606570 -11.481806 46.976961 112.791468 185.395592 265.439547 344.093858 403.185717 427.620729 445.498587 470.861817 501.982149 553.481598 611.572318 666.006083 710.117720 740.591549 757.170331 773.612332 791.962181 807.839135 822.793343 853.322237 871.623764 890.083257 910.763932 927.752721 934.162497 935.068769 929.371747 932.473913 934.395114 935.030153 934.788624 931.247562 930.296040 930.844984 931.987839 927.599435 921.979712
-9999.0 -603.607024 -551.855862 -497.699822 -427.090735 -357.465169 -270.745943 -189.102919 -137.476296 -93.174385 -62.193778 -39.629580 17.071304 70.389506 101.219481 133.436919 133.566095 133.850150 128.258820 179.821383 247.665960 354.508767 488.285134 556.828441 603.050430 615.242430 617.786808 634.898507 661.354819 701.353499 759.012192 797.331638 838.699936 869.623151 880.689529 884.999908 899.546671 916.193397 918.807132 928.847907 932.376131 935.177885 933.185006 933.813326 934.398737 934.690921 931.759825 925.882013 918.670734 913.771883 910.348456 906.310093 909.105883 912.811584 914.635522 909.063171 903.024232
-9999.0 -637.598396 -577.344845 -504.765936 -432.591833 -355.088601 -241.877837 -110.788450 -61.686047 -23.700787 11.096887 63.856435 163.150229 242.620668 288.701094 337.343738 335.142709 323.171900 322.649815 370.534446 438.999153 525.029535 659.175102 742.840901 762.103096 776.710853 787.335847 811.168301 840.671540 867.288570 889.835632 900.364151 912.209569 917.492298 919.412241 920.753463 923.082595 923.907942 921.802386 918.775079 914.666837 915.035454 918.848182 918.934930 916.869202 914.806950 910.343877 903.921465 899.549440 896.334949 894.837375 892.920730 892.499067 893.955180 891.497192 887.993334 881.865005
-9999.0 -661.766220 -592.633790 -526.954923 -453.163862 -327.543324 -204.140983 -73.078323 19.458983 64.596184 123.625990 232.193498 361.721344 469.448639 525.768388 552.654976 560.504436 548.934011 562.243074 609.989354 674.805325 751.413758 816.485360 877.624547 889.240157 893.837673 887.379467 895.231402 901.967978 903.784890 904.768202 905.361134 910.097687 912.658345 912.070117 910.198409 906.793003 900.464292 896.947672 895.333954 893.336171 894.017281 897.231076 898.421547 896.796423 894.213651 891.276068 887.467077 883.565014 879.261967 877.495273 875.394451 874.799705 871.979996 869.353494 866.064034 856.532062
-9999.0 -748.820718 -664.976447 -603.113522 -468.457239 -302.210863 -177.214600 -21.246386 120.458272 184.497417 304.747485 451.536927 575.023115 654.442835 698.382278 736.977093 760.764108 781.808799 811.169461 805.622352 848.456044 882.914198 895.086648 900.952038 898.496470 901.167923 896.390076 880.843357 873.355916 868.598006 871.149264 878.425163 884.033369 889.710952 888.206941 889.151278 889.676847 887.731744 886.297288 880.875610 875.711627 872.018656 871.635543 877.355212 873.189519 870.949258 867.002065 861.690081 856.009840 851.095255 846.193549 841.744560 840.627801 836.737791 836.939721 831.726646 808.686944
-9999.0 -829.492297 -750.696856 -646.499253 -494.837592 -330.858262 -183.378324 -8.919346 192.856218 328.093856 472.506530 569.144111 661.172711 732.681818 793.016121 827.061947 844.020962 849.918109 848.419449 853.625528 828.703959 824.036149 839.120714 861.138302 871.164748 875.595698 869.294102 861.291123 857.103585 857.907182 857.929622 857.906371 857.397264 856.049198 853.301191 855.058257 859.920088 856.246178 851.333928 846.896702 842.785622 836.911112 832.578073 829.940909 828.400562 828.520000 822.554993 814.377280 806.430601 800.819357 795.369124 791.389233 790.510410 787.026954 781.102160 770.506562 743.660307
-9999.0 -916.465068 -801.511428 -698.572249 -562.926597 -422.447603 -284.081588 -111.582840 56.682994 293.185617 501.084285 598.121548 652.048198 707.727613 767.950551 823.942688 829.163139 802.635715 778.633234 767.580920 772.050261 781.867367 795.322278 814.330796 829.750693 838.663486 840.554728 834.518857 823.247037 816.243291 811.653952 803.746613 797.899028 797.296180 796.515080 802.079736 805.418613 798.504179 789.279640 777.733733 767.308162 758.840670 755.584301 755.299598 753.714419 749.509712 741.970857 731.742048 719.959845 709.652377 702.825357 698.139375 692.491688 683.764918 672.740439 658.280748 626.686365
-9999.0 -9999.0 -871.029411 -758.738278 -642.965102 -514.263283 -385.352292 -227.178429 -66.051966 136.969052 286.676956 424.658941 504.193676 561.042783 624.892117 679.330054 694.725924 709.249374 691.305117 695.015722 702.048411 709.882059 722.569354 737.307711 752.043213 762.267743 769.067035 767.475425 757.906011 740.721449 720.811956 705.776288 696.888908 690.450248 697.547396 707.380527 705.657711 700.542493 691.307356 678.489561 666.984414 653.499261 647.572154 644.815866 641.311147 634.699662 625.625397 608.643503 591.983043 577.048378 569.638510 562.582254 555.794434 543.494244 529.180222 510.496436 476.487394
-9999.0 -9999.0 -952.928869 -841.606474 -720.507665 -594.117138 -485.696250 -379.029160 -216.428894 -88.501233 24.478646 130.699543 219.531804 296.516714 365.790693 434.895643 471.478396 487.587119 500.052469 520.844290 545.889213 573.469186 596.809124 618.188923 638.094422 653.469403 663.038879 651.428199 636.308979 612.250422 583.431093 555.678507 540.923926 534.370198 536.916584 542.761063 537.572121 527.981124 514.227376 498.253577 484.428926 470.112910 461.981991 454.674110 449.035392 440.883524 430.711169 412.922419 392.832521 378.430754 366.517446 357.192786 351.290041 340.729939 327.019140 314.679562 288.669412
-9999.0 -9999.0 -9999.0 -913.661349 -815.563600 -729.856995 -632.448427 -556.105903 -459.784823 -343.932466 -236.379426 -130.074636 -59.125513 0.900516 61.679703 119.428444 160.483743 185.700558 208.511956 264.514899 302.566531 351.692179 399.561270 430.199723 455.910625 476.461864 481.543129 470.234275 453.384120 424.148359 385.527573 351.211973 333.199576 332.433304 330.783443 331.394116 324.524919 318.282757 305.363223 290.467941 274.968349 263.534799 256.634383 249.175270 243.218403 236.608585 229.634179 219.732226 207.789992 196.135399 187.493881 183.048601 178.106081 171.768748 162.859947 152.510616 137.997749
