tests/Borden05m/data_simulated/sim_1/output-maps/psiliqL0009N0007.asc
ncols         160
nrows         34
xllcorner     620200.000000
yllcorner     5168000.000000
cellsize      0.500000
NODATA_value  -9999.0
[rows 0 to 25 of 34, columns 57 to 113 of 160]
-9999.0 -9999.0 -9999.0 -9999.0 -9999.0 -9999.0 -9999.0 -9999.0 -9999.0 -9999.0 -9999.0 -9999.0 -9999.0 -9999.0 -9999.0 -9999.0 -9999.0 -9999.0 -9999.0 -9999.0 -9999.0 -9999.0 -9999.0 -9999.0 -9999.0 -9999.0 -9999.0 -9999.0 -9999.0 -9999.0 -9999.0 -9999.0 -9999.0 -9999.0 -9999.0 -9999.0 -9999.0 -9999.0 -9999.0 -9999.0 -9999.0 -9999.0 -9999.0 -9999.0 -9999.0 -9999.0 -9999.0 -9999.0 -9999.0 -9999.0 -9999.0 -9999.0 -9999.0 -9999.0 -9999.0 -9999.0 -9999.0
-9999.0 -9999.0 12.409325 6.818978 1.377033 -3.733416 -12.912189 -22.254117 -30.960438 -34.984881 -35.909832 -36.757435 -37.126834 -31.771099 -23.755178 -16.061508 -8.766806 -6.322361 -3.820209 -1.430835 -0.837646 -2.070957 -5.278777 -8.532997 -11.910182 -13.346519 -21.671823 -33.179563 -42.178080 -44.944030 -40.383586 -35.794155 -33.207861 -27.044159 -16.052802 -5.023506 3.657719 15.505899 21.084508 26.241404 29.409215 25.321422 21.726318 17.983097 13.183861 2.121225 -9999.0 -9999.0 -9999.0 -9999.0 -9999.0 -9999.0 -9999.0 -9999.0 -9999.0 -9999.0 -9999.0
-5.076862 -1.779570 -12.729326 -17.623402 -21.025149 -23.292927 -28.498739 -37.380331 -42.845392 -48.355478 -50.063747 -50.059039 -49.981866 -45.738354 -35.743881 -27.686985 -22.829959 -20.324869 -17.755915 -17.615146 -18.027319 -18.337420 -21.179262 -24.551427 -27.906110 -29.649555 -29.529174 -37.144564 -42.487274 -45.748924 -46.967326 -44.458229 -42.100942 -39.005189 -29.278896 -20.885206 -12.494419 1.730200 14.082437 19.299490 16.856753 11.757342 7.966964 1.467777 -8.421409 -18.939856 -29.362333 -36.644044 -42.146555 -47.497583 -41.420384 -34.989828 -24.728857 -14.551995 -2.455032 9.751388 -9999.0
-20.945445 -18.092423 -29.035859 -37.576164 -42.138511 -42.149884 -40.007925 -43.771045 -48.492578 -52.712837 -44.745791 -43.441872 -42.223027 -38.949494 -35.527888 -33.085508 -30.247685 -24.832318 -15.747373 -12.988999 -12.363853 -12.124985 -13.839379 -16.849046 -18.538705 -21.220593 -26.341849 -27.172545 -26.642322 -26.524180 -21.215048 -19.682399 -18.312220 -25.368588 -22.020729 -15.721871 -8.786483 -1.782172 5.221961 9.779897 6.556364 5.203115 -3.296678 -17.306905 -28.956978 -37.850592 -40.474664 -43.764050 -51.592993 -63.946959 -57.084406 -41.549455 -36.896510 -33.234225 -21.285936 -8.941055 1.346201
-35.601953 -32.589699 -37.739127 -36.853621 -35.489828 -34.068938 -35.720069 -38.699052 -40.033943 -26.908893 -17.162526 -15.275082 -12.244132 -8.768733 -9.965187 -22.347904 -24.956324 -16.289738 -5.595212 0.541844 0.925500 1.120815 -0.220417 -1.020309 -1.327217 -3.529222 -2.230281 0.628643 1.523237 6.836945 12.673726 15.474567 6.798640 -2.658388 -2.309515 5.242261 13.137209 20.486653 31.454988 43.082197 41.584791 35.437455 26.006014 11.755931 -12.293223 -32.660759 -43.581565 -50.492055 -57.685174 -58.594865 -61.065008 -50.511572 -48.838753 -47.193542 -38.669196 -28.359796 -18.248328
-20.591518 -12.182057 -18.286162 -24.029855 -27.525446 -26.939760 -26.554251 -22.797202 -9.102819 5.441894 21.175006 24.323746 27.206454 27.029734 17.257357 6.757705 2.465983 17.817830 34.123630 42.916159 44.378563 45.398720 54.098399 52.674761 50.519945 45.412219 48.296296 51.546312 63.444087 71.481233 78.550453 76.634193 64.510760 53.006448 50.658102 52.244787 54.057326 59.708560 70.045756 80.021269 74.569699 66.195547 54.576086 24.178987 -5.047763 -23.104069 -23.118365 -23.217996 -28.302489 -31.874836 -35.932989 -43.881597 -44.635406 -45.517078 -46.242264 -34.373530 -22.246367
29.059352 45.800079 40.017217 31.419739 20.341251 20.851397 24.727368 33.784821 48.269472 68.265865 94.146775 99.084389 103.890013 108.199693 97.213352 84.597209 72.595216 89.112768 99.691186 109.857780 114.362305 127.445747 139.469100 135.941385 128.293014 119.453177 127.070875 141.962421 158.287604 165.608694 169.558788 169.640363 159.091417 152.898926 149.362177 148.902556 144.024135 146.257152 156.665299 171.508678 170.284340 157.499143 131.838215 92.695777 54.763050 30.387319 33.236403 25.534208 18.334417 13.119913 -2.084066 -14.494810 -15.560931 -25.839769 -32.695883 -21.666574 -15.956980
81.956423 101.474142 98.267377 87.252737 74.737367 75.112178 84.176023 95.291290 116.885536 144.571464 173.261356 188.001714 197.025813 207.539979 200.484130 190.179535 180.471789 187.976188 201.988987 216.638124 231.199671 248.336119 265.030539 261.791631 254.362821 253.334101 260.277563 280.403382 298.021283 304.769476 307.784724 312.106725 304.632487 295.940922 285.990886 276.143855 265.935005 258.212312 272.438493 286.218309 281.369502 252.325149 221.976275 181.639520 139.358486 100.769546 93.018318 88.910607 85.321082 67.735121 49.985478 29.383847 16.701453 6.136036 -10.043803 -6.188987 -1.252964
193.230458 216.461649 222.120591 207.967780 202.977267 208.913470 222.499786 232.035566 251.683227 286.467684 328.398871 360.352743 388.478121 395.017387 384.055408 371.651193 355.263599 350.117337 367.219201 384.039722 402.416470 423.026515 445.780428 462.645032 468.546604 473.691752 480.399630 487.948437 496.737182 504.423602 510.923922 517.099047 515.816763 505.424365 495.668451 482.359975 467.892410 458.259487 453.573311 459.159647 452.178744 418.878957 379.623180 338.345126 292.716660 251.883282 222.979468 219.504779 202.042248 180.087619 154.256479 112.971840 90.057539 70.033465 37.328234 30.802756 39.615610
336.982244 358.681123 377.475845 377.305334 380.906507 385.946040 395.396193 406.276198 425.028196 472.397366 516.713353 551.946004 578.809795 588.328969 577.998398 567.381155 555.627974 546.648164 550.226770 566.340091 586.525618 607.546184 624.855647 635.165316 639.302661 643.814143 648.581649 653.685993 657.425244 663.073313 669.673725 678.887803 689.349801 684.364591 667.410561 652.952702 635.174945 625.582850 620.804472 615.464210 611.207430 599.929653 564.985922 530.964133 490.659383 445.429121 405.600367 376.285463 349.118741 320.695938 268.673092 218.342596 174.864533 139.669091 105.678416 97.465280 119.497677
516.540640 547.060105 564.130003 568.594486 570.709484 573.839484 581.342692 590.225510 604.308563 632.464027 671.427742 706.885552 733.694721 737.494577 729.463384 720.337410 711.095911 703.331428 701.648309 708.950914 719.612484 735.264598 748.280116 760.624443 762.853383 765.394947 767.134104 770.206290 772.498720 773.924473 779.247467 788.433601 797.034396 798.239358 787.697522 772.623277 756.285010 748.366657 741.724914 735.702253 733.843000 731.630309 724.646303 700.306905 663.659140 615.676428 579.624975 551.770532 533.801162 512.100744 480.434151 416.382258 373.023123 327.964171 283.805142 251.041208 276.993869
662.242977 692.544985 709.978981 716.808541 716.343317 717.935909 724.394551 731.347015 743.040836 759.757180 779.091440 802.155616 823.809289 838.936579 836.156641 826.667896 813.122748 810.992520 811.360185 813.433344 819.134932 825.267863 838.593753 852.546334 857.960785 859.397980 857.993280 860.522659 861.858291 862.024721 862.130689 864.780983 869.915879 871.932111 869.071146 857.015564 840.859142 828.118753 820.686006 816.992953 814.473005 814.403722 813.008828 803.625470 779.716687 747.091092 715.689948 693.961416 677.402605 661.261700 643.821173 618.409942 592.431651 557.729565 510.914113 464.880335 440.367085
762.325394 784.348014 804.091446 816.863394 819.239739 823.607839 826.703860 835.384888 848.973258 864.283200 874.100596 886.097952 902.836945 912.451046 917.848768 919.430776 920.230797 923.262830 924.256930 911.349328 913.583360 915.401473 918.847619 923.906053 925.382398 925.724287 925.568390 926.797204 927.399730 927.959130 927.764461 926.782169 927.560434 927.862631 927.714524 924.262051 923.629529 909.521617 899.717116 893.832412 887.490658 879.945205 871.722803 864.301958 852.895228 832.635097 806.363995 783.367369 774.041287 767.633368 759.387470 750.488618 733.854549 713.092195 684.801739 645.459154 602.542255
841.967622 856.975807 877.199207 890.672146 898.244049 904.695643 908.141607 918.292938 928.955079 926.507471 927.470793 928.397902 929.448403 929.589359 929.715108 930.032673 928.686150 929.487604 929.189086 925.246004 917.003674 918.715790 919.801034 921.730621 924.669562 923.034324 923.943079 927.194939 926.430084 921.939362 919.181523 917.838579 917.920837 924.585908 927.532126 928.648496 929.234960 929.618535 930.330705 930.398046 930.016170 928.951515 927.399050 927.341049 919.784558 901.850419 877.074828 850.389916 838.569120 834.165123 834.579939 830.910986 825.700720 810.529260 788.794330 758.614787 724.609725
927.232984 929.044389 932.302799 933.377580 933.587219 934.755501 936.295549 936.203455 932.645410 928.962185 924.312588 922.990261 921.490372 918.944642 919.569542 918.009184 915.138276 913.344507 909.396434 901.006161 891.309666 889.813091 894.071284 897.833701 900.658229 902.446819 905.295789 907.272891 904.035601 898.030885 892.639030 891.262364 897.142889 901.867338 906.034163 906.636997 905.945792 905.275323 906.886624 905.812499 906.871369 912.639923 924.079325 929.823041 930.762429 931.137057 928.924128 923.853214 911.738105 893.781120 896.406492 892.211778 882.705154 866.219081 848.810442 827.188420 805.955244
931.029531 928.740430 922.661808 916.679009 915.651257 919.059939 925.461852 926.837771 920.455273 913.250118 907.396032 901.639863 899.902569 898.382391 897.600106 898.014499 894.232093 889.630608 878.535913 870.368646 861.710854 856.781156 855.116059 858.932610 865.789458 872.255838 875.899470 871.187523 866.312211 858.819516 853.058806 854.185296 856.563090 864.041742 875.312334 878.310593 879.691576 876.898818 875.132337 871.193145 870.048701 875.699544 887.561252 898.907528 909.119432 915.405715 921.828313 927.474418 932.218630 931.944315 931.098064 929.719609 927.093543 914.659485 898.789356 881.917982 864.491415
912.825681 908.789094 902.926280 897.679547 896.271379 898.846616 902.145702 899.730155 894.357669 886.345169 877.772195 869.787580 864.841698 865.343657 867.069219 868.102574 863.984268 853.574751 840.989192 831.593887 820.484163 817.171681 811.852406 806.763969 814.138308 827.025769 831.617423 820.685782 813.983873 803.495426 798.554409 797.204149 799.117165 807.621063 824.871376 841.813502 844.036026 837.612850 831.578633 828.986137 827.360268 832.903092 847.762492 862.931609 873.343654 879.727005 883.357013 889.457201 896.497755 905.083916 914.564185 922.324990 929.753014 930.935305 930.184581 928.571462 916.754079
893.876090 888.487299 883.370353 878.663297 875.279951 873.452410 871.693315 866.943439 862.035222 852.634099 843.283963 833.362957 820.681582 816.792282 813.743938 815.631732 806.543712 798.868189 783.770456 771.425635 757.083127 746.285886 737.626116 728.616478 730.408447 742.721316 750.549521 737.802129 729.778470 719.142483 714.879841 713.250825 716.039865 727.022185 750.618151 771.009144 780.344215 776.055351 773.373587 772.950820 773.170510 778.052838 791.169204 808.237541 825.157416 837.196136 843.913058 849.490856 856.811804 867.224895 876.517718 885.403789 897.035995 911.440138 922.469843 929.849393 934.001782
871.393287 864.945530 857.140231 848.556266 843.545813 844.528266 838.187534 832.521762 821.290364 781.029571 765.594095 747.647863 730.251605 721.605500 712.082890 705.231363 696.644860 691.221117 683.877702 668.552467 648.827524 627.209319 614.543258 603.673810 591.479260 595.176267 598.200381 600.107986 593.234494 587.139710 585.165086 584.085847 590.250687 608.760928 628.553749 647.455012 659.864310 661.933798 671.590784 680.122212 684.564132 701.247722 716.604495 735.990846 757.752635 779.881312 791.689914 800.373796 809.659753 822.013277 834.202908 845.926418 861.768911 879.212387 889.539960 896.551489 905.214261
841.801127 830.738671 819.995883 808.356107 796.157442 795.840453 790.918563 781.691019 743.201302 699.585099 664.832980 640.341610 609.097074 589.087661 572.541878 545.287712 530.324834 522.885948 525.357638 512.352978 489.498790 464.905533 445.839852 431.089119 412.605147 402.892641 407.444390 419.569963 412.815909 408.883974 412.257939 411.056269 411.530914 426.896465 453.942791 474.977812 493.186197 508.855820 517.341265 528.594490 557.330766 577.008271 600.637656 631.600251 661.701351 689.728083 713.361117 730.184125 746.789605 765.420503 780.126757 797.099380 815.343444 837.270786 850.712295 860.377755 868.045923
785.213299 769.604034 751.475278 729.385401 705.947054 700.339708 689.321515 666.527373 612.658111 559.923427 518.435105 484.086064 442.804628 410.359451 374.834420 336.984538 313.622048 315.561792 321.304502 317.553291 298.854961 280.100554 264.352395 247.198313 228.902125 216.834788 224.816240 233.904741 239.581770 242.035844 245.853109 248.197382 248.741411 249.317220 262.321833 277.075981 292.418622 306.563708 322.091218 355.127785 386.439415 412.918524 448.412277 488.456445 526.721075 562.807582 596.077618 624.898953 653.500557 679.194208 703.615053 726.382508 750.913002 777.387863 797.733022 810.072168 821.344046
704.046090 677.115114 643.607259 594.762557 569.993118 554.411627 536.820860 492.955909 433.193892 373.886765 333.486365 298.108234 264.292236 230.526970 194.809978 164.016992 142.432133 147.989496 154.135581 162.749092 148.578802 134.415828 125.536797 109.172736 93.804631 79.108808 86.956876 96.623990 112.495962 116.247529 119.660522 126.335432 125.778522 124.949898 119.744136 130.808650 143.035013 158.281475 187.025283 214.929375 242.981593 269.340833 297.853098 331.452975 367.751243 405.949454 448.907188 489.315065 525.436735 559.996546 592.353984 622.974616 653.276390 684.256635 709.714382 731.218877 753.445888
574.763069 538.462839 488.066776 422.692133 374.087270 351.434678 309.099491 267.419330 219.627824 189.246793 162.874914 134.406941 108.410642 83.824920 54.932882 30.154072 5.808991 9.272573 21.195068 34.469866 26.746699 21.549492 17.386473 5.110140 -9.108658 -22.966729 -19.341762 -4.434361 12.310125 19.218180 25.679220 33.321082 33.698792 27.750468 20.129518 26.624489 41.106815 58.045259 80.848478 105.000506 128.989926 151.991030 178.228512 206.812474 236.888670 270.287365 306.875360 338.940260 375.695682 414.681174 452.102097 484.636587 515.913309 552.142746 581.157695 614.673144 648.461326
410.484029 368.605918 314.750974 259.485306 207.927209 165.804445 128.688306 93.151118 69.570068 46.638862 25.323841 4.568909 -17.906878 -38.984760 -59.475555 -82.184403 -101.905211 -96.801172 -83.423655 -71.263682 -69.399445 -72.732196 -76.134508 -84.319312 -98.218732 -109.731390 -101.523062 -85.908372 -70.586078 -60.618237 -53.869061 -47.508089 -50.109253 -58.105114 -64.554410 -56.333476 -40.528685 -24.971165 -6.580109 15.686872 38.166246 61.040221 85.392266 110.368791 138.245215 167.644203 198.340068 229.481080 259.947282 290.604884 312.017008 335.080029 355.772276 384.956161 418.336869 459.112367 503.219358
240.729618 205.374155 165.193465 120.140248 84.414356 49.513757 16.446243 -15.851690 -42.477810 -61.689975 -73.104697 -88.969835 -109.223618 -123.615454 -141.147045 -160.566108 -162.083655 -158.493979 -146.187743 -143.967625 -143.335386 -146.447391 -147.695343 -152.625876 -164.453913 -158.625002 -150.757579 -135.606936 -124.460531 -114.984634 -108.572734 -104.290141 -104.745872 -111.772780 -108.864315 -101.381527 -86.392366 -74.127843 -58.344694 -36.919180 -18.809804 1.480627 24.439194 48.390911 73.900854 101.214939 130.888003 158.459950 181.987137 196.176595 211.986108 224.203559 225.784984 247.301039 271.238265 298.252439 335.138694
100.935364 71.977252 42.885577 8.932768 -24.907181 -56.451715 -87.682115 -118.283660 -143.834053 -154.097877 -165.529361 -177.686604 -191.534979 -205.664999 -218.460607 -219.055302 -221.479511 -221.912799 -220.008364 -217.007528 -214.503292 -215.560606 -216.735253 -216.211139 -210.565164 -206.337174 -200.751448 -190.109125 -178.904643 -168.579542 -164.461662 -160.199194 -157.276697 -154.026052 -151.392635 -146.829099 -135.163893 -123.098556 -109.439458 -92.064879 -74.190785 -54.789799 -31.964878 -8.678191 16.342109 44.011094 72.217897 94.538006 106.620260 119.097794 125.900768 124.691637 124.075477 136.129374 153.488475 171.203966 199.631652
