tests/Borden05m/data_simulated/sim_1/output-maps/psiliqL0000N0003.asc
ncols         160
nrows         34
xllcorner     620200.000000
yllcorner     5168000.000000
cellsize      0.500000
NODATA_value  -9999.0
[rows 0 to 25 of 34, columns 57 to 113 of 160]
-9999.0 -9999.0 -9999.0 -9999.0 -9999.0 -9999.0 -9999.0 -9999.0 -9999.0 -9999.0 -9999.0 -9999.0 -9999.0 -9999.0 -9999.0 -9999.0 -9999.0 -9999.0 -9999.0 -9999.0 -9999.0 -9999.0 -9999.0 -9999.0 -9999.0 -9999.0 -9999.0 -9999.0 -9999.0 -9999.0 -9999.0 -9999.0 -9999.0 -9999.0 -9999.0 -9999.0 -9999.0 -9999.0 -9999.0 -9999.0 -9999.0 -9999.0 -9999.0 -9999.0 -9999.0 -9999.0 -9999.0 -9999.0 -9999.0 -9999.0 -9999.0 -9999.0 -9999.0 -9999.0 -9999.0 -9999.0 -9999.0
-9999.0 -9999.0 -511.455214 -512.756681 -513.516478 -513.762262 -515.533870 -516.749629 -518.390251 -518.448104 -518.103814 -518.437088 -519.311549 -518.445654 -517.420865 -516.627108 -515.272075 -515.810917 -515.759738 -515.210950 -515.051740 -515.265177 -515.869877 -516.170092 -516.578184 -515.543410 -517.540658 -520.127274 -522.110264 -522.451534 -520.519406 -519.500915 -519.923322 -519.118088 -517.213097 -515.738822 -515.665624 -513.855426 -514.768855 -514.139031 -512.637860 -513.761329 -513.819087 -513.329208 -512.431399 -515.440427 -9999.0 -9999.0 -9999.0 -9999.0 -9999.0 -9999.0 -9999.0 -9999.0 -9999.0 -9999.0 -9999.0
-512.343826 -512.915653 -519.459793 -519.746780 -519.626828 -519.102001 -519.744382 -521.821639 -522.086549 -523.709050 -524.460276 -524.655947 -525.430794 -525.065823 -522.380823 -520.569731 -520.229760 -520.877928 -521.280990 -522.026135 -522.491196 -522.282116 -522.881482 -523.386194 -523.954022 -523.613064 -521.500640 -523.467288 -524.361263 -525.370044 -526.622106 -526.283543 -526.016266 -526.007476 -523.554459 -522.945916 -522.719775 -519.573706 -516.637577 -516.072786 -517.495956 -518.833388 -518.121874 -517.817670 -518.748592 -519.569916 -518.848186 -519.149019 -519.143556 -520.326897 -518.466673 -518.920728 -517.098075 -515.733707 -514.179721 -511.443680 -9999.0
-517.004406 -517.564150 -522.255183 -524.944270 -525.698509 -524.972373 -522.739388 -523.365353 -524.967289 -527.684675 -524.809452 -525.314247 -525.673307 -525.278140 -524.440553 -524.090052 -523.748587 -523.327045 -520.972822 -521.371408 -521.641985 -521.479135 -521.848093 -522.572407 -522.363653 -522.682070 -524.808882 -524.359724 -523.787471 -524.353614 -522.288822 -522.272739 -520.919499 -524.704881 -524.207390 -523.622502 -523.388353 -523.435495 -523.394010 -522.959167 -524.614029 -523.167235 -524.072328 -526.438060 -526.467566 -525.647186 -522.793037 -521.266710 -522.491247 -527.711326 -525.014183 -519.418420 -520.255993 -521.580054 -519.233185 -517.026028 -513.338492
-524.148220 -525.049886 -526.935111 -524.712787 -522.988052 -521.929399 -522.843188 -524.718946 -527.183985 -522.746809 -521.248896 -522.515095 -522.092510 -520.775406 -520.546913 -526.194560 -527.667068 -525.748308 -523.856484 -523.167884 -524.333966 -524.882680 -525.924213 -525.819446 -525.070058 -525.562634 -524.648902 -523.983799 -525.240530 -524.008851 -522.581483 -520.948369 -524.303156 -527.262130 -527.034756 -524.524369 -522.883449 -522.360878 -520.137745 -516.203317 -516.936992 -517.592795 -517.421804 -516.875622 -521.088199 -525.125682 -526.673330 -527.294872 -528.503471 -527.166098 -528.265916 -523.672358 -524.224260 -525.154120 -523.230089 -522.015764 -520.276804
-524.284485 -523.309694 -526.358287 -527.785063 -528.311858 -527.759121 -528.463644 -528.617690 -524.936837 -523.498262 -520.435085 -522.254663 -522.323327 -522.470288 -525.995227 -528.431440 -530.288991 -524.792416 -520.707285 -519.694802 -521.261223 -522.695634 -518.743467 -519.938566 -520.194420 -522.500710 -521.731736 -522.619300 -518.760923 -517.599063 -515.584401 -516.448336 -520.293311 -523.472118 -523.439471 -523.081804 -523.665979 -523.001873 -520.938333 -518.109093 -520.653186 -521.119754 -519.681653 -525.905814 -530.484176 -531.635965 -527.005594 -524.347571 -524.609083 -523.988516 -523.498678 -526.508951 -525.683778 -525.299724 -526.929829 -523.711260 -520.526335
-517.810158 -513.174990 -516.740404 -518.755859 -522.885672 -522.292139 -522.002236 -520.965264 -519.790487 -517.138312 -510.782563 -513.398496 -513.526841 -511.119929 -514.755653 -517.881118 -523.483151 -517.160633 -516.573745 -515.262702 -516.451850 -512.388464 -508.800146 -511.568027 -514.885698 -519.201043 -516.844338 -511.948931 -507.691681 -507.343158 -507.283686 -506.411382 -509.726667 -509.896992 -510.059631 -509.107017 -511.402689 -511.423379 -508.236715 -502.209999 -501.249873 -502.988577 -507.413105 -515.167086 -522.396401 -526.096047 -519.398609 -521.018165 -521.558110 -520.016994 -523.273573 -524.901750 -521.206173 -523.881714 -525.982056 -521.311328 -521.203786
-519.405210 -514.653678 -517.352168 -521.331059 -525.790858 -525.756150 -523.305730 -522.731452 -518.676292 -513.475896 -507.853239 -506.070960 -504.656689 -500.462079 -503.006935 -505.340600 -508.658064 -507.602441 -503.364306 -500.106572 -496.488397 -492.327214 -487.035870 -490.206069 -494.251159 -494.567140 -493.852048 -487.404771 -482.277959 -481.215784 -480.667492 -477.428921 -479.143883 -482.187459 -485.832921 -489.606766 -493.078144 -496.907689 -490.597995 -484.463224 -484.578817 -494.029409 -499.452024 -506.975717 -514.833950 -524.767869 -522.915206 -519.936389 -517.052831 -520.854742 -521.813733 -524.809158 -524.807930 -523.576337 -527.797559 -525.107499 -524.945142
-499.525177 -494.321059 -492.541711 -499.877732 -500.836089 -498.778057 -494.704168 -494.958669 -492.849246 -483.208403 -468.446217 -455.050394 -438.088363 -434.519638 -443.114509 -450.685657 -460.398847 -466.218395 -459.976041 -453.608357 -444.559830 -431.575041 -420.122833 -411.768811 -410.786300 -410.197386 -408.669948 -407.644812 -404.436009 -399.037059 -392.515484 -384.734187 -380.789353 -388.231076 -396.765351 -406.586236 -416.341164 -421.168988 -427.074998 -426.570764 -426.989130 -438.221390 -454.389317 -467.229282 -480.707508 -491.064021 -499.236352 -494.737489 -498.769344 -501.631025 -504.669802 -515.311861 -516.732166 -517.079819 -527.126809 -527.839321 -524.613150
-469.412325 -463.488010 -454.272973 -453.905609 -451.950164 -450.773491 -447.355766 -442.594947 -434.623553 -409.206280 -376.519673 -330.238990 -257.026516 -220.678210 -256.316983 -301.259127 -331.773432 -350.871821 -353.135725 -330.752927 -275.685052 -187.060634 -152.785652 -143.288631 -142.891121 -142.093427 -140.878750 -138.513998 -137.187134 -133.463746 -128.158140 -119.757123 -109.087285 -112.292312 -126.149264 -135.945492 -148.951380 -159.137548 -178.022564 -217.885519 -236.669500 -256.718617 -325.028449 -365.504102 -396.689623 -426.201287 -448.453202 -461.446430 -469.262989 -474.959382 -490.981991 -503.214391 -512.820106 -519.846972 -527.675017 -528.126844 -515.830700
-389.671528 -358.629687 -334.298230 -322.198117 -317.915162 -310.416221 -287.777852 -243.107212 -183.746152 -150.445203 -114.663519 -76.585615 -39.055101 -29.333924 -43.698899 -63.886090 -81.203789 -92.972195 -95.244281 -83.555930 -58.883760 -23.523308 -4.606124 0.019123 0.018470 0.020354 0.016646 0.020344 0.022322 0.019233 0.023862 0.033420 0.044849 0.056746 0.035046 0.021432 0.003469 -2.049530 -12.200381 -27.742887 -37.185780 -47.610736 -65.106114 -93.954396 -131.511281 -199.264538 -322.226343 -368.929338 -383.933562 -395.278344 -403.485539 -430.424488 -444.658389 -463.556054 -480.689837 -496.206635 -480.232625
-137.876015 -105.046782 -86.086876 -77.451385 -76.308637 -71.615128 -58.355594 -38.904457 -15.064796 0.000673 0.021477 0.039542 0.058057 0.108627 0.083525 0.061757 0.042385 0.045077 0.044547 0.046712 0.057648 0.060654 0.075409 0.103653 0.120911 0.129422 0.082756 0.109667 0.121402 0.111269 0.091837 0.104994 0.132914 0.179833 0.134455 0.097054 0.074195 0.063499 0.061292 0.061128 0.057169 0.066385 0.065814 0.049868 0.018780 -24.302924 -74.637563 -104.454036 -121.074677 -132.527437 -142.869777 -162.102644 -220.921058 -322.270576 -378.957328 -416.331600 -440.867976
-3.577291 0.025521 0.044070 0.059846 0.056140 0.060612 0.057092 0.066982 0.084208 0.110193 0.124444 0.150647 1.118053 9.463902 14.978437 15.792194 17.096748 18.382963 19.053959 18.867813 19.190141 20.164927 19.611205 22.760835 22.265827 23.285193 22.274285 23.874857 22.728018 24.083264 22.874718 22.091233 21.373559 22.130774 21.331978 20.128615 12.535049 0.378981 0.202470 0.189607 0.168263 0.150697 0.131029 0.112930 0.087458 0.064148 0.043205 0.026925 0.026403 0.025445 0.014861 -3.945625 -31.986718 -73.909621 -111.803878 -167.596085 -286.422944
0.071055 0.088180 0.127567 0.179380 0.220576 0.359702 2.726954 12.316647 21.564927 24.608755 23.251068 24.426090 23.169622 24.292874 22.738392 24.265512 21.170682 22.495949 20.605832 16.014309 7.524437 8.881841 10.312991 12.379928 15.948031 14.135382 15.440343 17.475061 16.941823 11.749917 8.949057 7.202889 7.437540 13.727847 16.877996 16.947058 18.086593 17.350797 17.604977 17.377096 17.598358 17.384454 17.606192 12.830090 5.283189 0.187764 0.110124 0.077203 0.070618 0.064491 0.100351 0.083886 0.080796 0.055914 0.031160 -13.490134 -61.264636
14.961437 25.203454 24.216000 25.297285 24.199661 26.361926 26.490325 27.787872 24.271699 20.044015 16.993679 15.363343 14.844675 12.335553 13.444517 11.253430 8.108849 5.050181 0.578158 0.258369 0.176493 0.154690 0.203186 0.243054 0.293690 0.322761 0.484220 0.716688 0.314985 0.219765 0.169410 0.139889 0.207000 0.259785 0.406269 0.557202 0.424593 0.254087 0.410020 0.219934 0.211606 0.310480 7.293952 15.001651 15.067870 14.930963 15.055341 14.935277 0.253241 0.106448 0.291148 0.206495 0.157400 0.110473 0.088204 0.065597 0.050065
18.647985 16.063241 11.322895 5.756667 5.508172 9.076615 15.872700 16.647407 10.525349 3.478672 0.378304 0.253758 0.260755 0.261558 0.270683 0.404026 0.250321 0.213461 0.160502 0.152647 0.132650 0.123805 0.102334 0.111889 0.131794 0.163348 0.258752 0.148561 0.136422 0.112693 0.090810 0.103121 0.105709 0.118469 0.166689 0.204843 0.264678 0.167171 0.161204 0.132713 0.099977 0.123052 0.156811 0.202662 0.282680 0.381066 2.349305 7.764506 14.928610 14.846521 14.890711 14.921628 10.896667 0.435733 0.181720 0.133724 0.102735
0.575481 0.387301 0.288586 0.226893 0.190710 0.292119 0.489038 0.306561 0.233059 0.179499 0.154248 0.132532 0.102794 0.127834 0.141700 0.204374 0.144924 0.118170 0.099904 0.093071 0.075840 0.084353 0.070608 0.048255 0.062722 0.087990 0.129210 0.073528 0.068500 0.053533 0.048890 0.043342 0.047578 0.055878 0.073523 0.126770 0.154955 0.099604 0.088527 0.085176 0.065497 0.076804 0.095552 0.119314 0.141636 0.158442 0.156665 0.170313 0.190957 0.227830 0.331111 3.550811 13.977376 14.223671 14.313509 14.237828 0.443933
0.237747 0.219719 0.202631 0.181833 0.169041 0.216486 0.189307 0.158438 0.140270 0.110549 0.097981 0.087765 0.065562 0.066002 0.053204 0.087841 0.056330 0.052344 0.036332 0.027141 0.005120 -8.763446 -28.851848 -47.322627 -45.516820 -23.656367 -10.041179 -28.335615 -49.171243 -70.450052 -80.333290 -82.867318 -74.780601 -48.353993 -11.118004 0.025344 0.052637 0.033590 0.029085 0.027883 0.023924 0.025633 0.036475 0.051802 0.071318 0.088794 0.100177 0.104318 0.110801 0.127514 0.140682 0.151543 0.182817 0.281581 3.413743 11.211387 16.811836
0.172906 0.159321 0.139432 0.112716 0.086173 0.171158 0.114534 0.103227 0.076230 0.022688 0.007904 -17.460563 -49.361912 -71.018346 -86.404159 -94.884085 -103.629013 -107.985080 -114.711527 -127.153594 -144.651607 -175.266405 -230.275420 -270.751279 -281.461242 -233.250245 -207.292164 -227.031948 -275.645191 -311.324715 -326.630543 -331.992168 -316.925522 -249.984307 -173.540525 -144.767129 -135.668963 -138.173135 -131.630223 -125.749806 -125.354080 -110.251885 -93.291214 -62.885372 -21.236609 0.017231 0.037511 0.047725 0.057254 0.069518 0.082121 0.093571 0.113160 0.146717 0.174455 0.196065 0.236009
0.109235 0.091240 0.079735 0.063181 0.040681 0.068862 0.054125 0.036480 -27.140364 -90.045503 -132.936630 -172.130228 -258.162059 -310.701321 -330.385007 -357.419560 -370.574713 -379.652127 -380.521936 -393.722866 -410.274547 -424.871424 -433.198340 -437.377322 -443.172259 -441.476922 -437.398544 -433.100239 -442.248818 -447.788122 -447.495455 -449.739014 -450.307743 -439.695061 -423.073076 -413.881277 -407.329687 -402.908301 -401.827592 -400.934769 -383.829444 -370.125604 -348.268157 -288.741281 -180.366734 -131.758828 -103.884653 -80.170612 -43.837576 -9.814387 0.018605 0.040511 0.058409 0.081395 0.103090 0.120121 0.130642
0.034986 0.012604 -18.704771 -60.079449 -92.799539 -100.455143 -111.082334 -132.832636 -206.487619 -347.835558 -394.322311 -415.071570 -436.709391 -445.799191 -455.012750 -468.856890 -476.551788 -475.152074 -471.571129 -473.982052 -480.628179 -485.480015 -488.354057 -491.231357 -495.962075 -498.800773 -495.141315 -492.290253 -492.932295 -493.102967 -491.875405 -492.186856 -492.967975 -494.380767 -489.015553 -486.291045 -483.295499 -481.550682 -481.738391 -471.622815 -462.298173 -456.885917 -446.766099 -432.671302 -409.195726 -384.084756 -358.508538 -326.067774 -237.148071 -157.386076 -116.378807 -80.362531 -30.474811 0.005439 0.040232 0.056268 0.069286
-97.508619 -129.770446 -181.190014 -307.777993 -347.771845 -358.571325 -364.251072 -391.536758 -426.545679 -457.883976 -471.013628 -479.080473 -486.208578 -492.391678 -499.601305 -506.456348 -511.050287 -506.537641 -504.855497 -500.948322 -505.729254 -509.168928 -509.155212 -512.319217 -514.951930 -519.468458 -515.575259 -514.571272 -510.374519 -511.281308 -511.515110 -509.589048 -510.690070 -511.034440 -514.437974 -511.756904 -510.969917 -510.128645 -503.519486 -498.106511 -492.745409 -488.655459 -484.126318 -477.649868 -468.758258 -458.682279 -446.585748 -435.786704 -419.342626 -395.265641 -367.773450 -320.679026 -197.544301 -136.253563 -102.157422 -68.754547 -23.016160
-355.374763 -385.368946 -414.094495 -448.209026 -462.918375 -461.145760 -471.697657 -481.778105 -496.823741 -501.279702 -503.518609 -507.644960 -510.399102 -512.236008 -516.869190 -519.770647 -525.804861 -523.045500 -519.784916 -514.725473 -518.941077 -519.118529 -517.717728 -519.724382 -521.787304 -525.893299 -525.363889 -522.289110 -518.591103 -519.272897 -518.742789 -516.514784 -516.410430 -518.151146 -522.022422 -521.389653 -519.552960 -518.115344 -514.641866 -511.807690 -509.151591 -507.156200 -503.742865 -499.607588 -495.186735 -489.183607 -481.645759 -477.416438 -468.781413 -457.503722 -445.993471 -436.217417 -415.907248 -386.447405 -359.390253 -306.976286 -190.212961
-449.970979 -460.296822 -475.496822 -488.915940 -500.832998 -507.378582 -512.832137 -517.906873 -518.168131 -519.030494 -520.877424 -522.331712 -524.110661 -525.755580 -526.919154 -529.505459 -535.988127 -533.093786 -529.463713 -525.207870 -525.045923 -525.390192 -524.818173 -525.529908 -528.249781 -533.639004 -531.409999 -528.482797 -525.920335 -525.348520 -525.054211 -523.331363 -524.654330 -527.237501 -531.172196 -529.674790 -527.121656 -526.132439 -524.899386 -522.820449 -520.652143 -518.635603 -516.265815 -514.069469 -510.702521 -506.905716 -502.517834 -497.469297 -491.652129 -483.891932 -481.588673 -477.466981 -472.783474 -463.848903 -454.169052 -439.919981 -417.532894
-490.423300 -495.585976 -502.192206 -510.314334 -513.361665 -516.561700 -519.266489 -522.454311 -524.137098 -525.556424 -523.632145 -524.037026 -526.646060 -525.856762 -526.998058 -532.268193 -529.923813 -528.376933 -523.947670 -525.037502 -525.323420 -526.372038 -525.520518 -526.082808 -531.453852 -528.555222 -527.554907 -524.682845 -524.504757 -524.122065 -523.810998 -523.364047 -523.978023 -527.776002 -526.918177 -526.118514 -523.625920 -524.084720 -523.568130 -521.035088 -520.978089 -519.987752 -518.326068 -516.665537 -514.646059 -512.099200 -508.008093 -503.767773 -499.526239 -499.345970 -496.521716 -494.039743 -498.426268 -493.110108 -489.037156 -484.855841 -476.609049
-510.411299 -513.526895 -516.444187 -519.432894 -522.183206 -524.997688 -526.899863 -529.552971 -532.580469 -530.032760 -529.361252 -529.173377 -529.482609 -530.254911 -532.508812 -529.274304 -528.840164 -529.112809 -529.534281 -529.617940 -529.263413 -529.799871 -530.100660 -529.900954 -527.585624 -527.350177 -528.246623 -527.618009 -527.203140 -526.678234 -527.718381 -527.586638 -527.559616 -526.723595 -526.891234 -527.673744 -526.569972 -526.505779 -526.518007 -525.705168 -525.381447 -524.905422 -523.474225 -522.759806 -521.748860 -519.155796 -515.746819 -513.760493 -514.474748 -512.538589 -511.756277 -514.063032 -515.954654 -513.035639 -510.545883 -509.005236 -503.806526
