tests/Borden05m/data_simulated/sim_1/output-maps/psiliqL0018N0002.asc
ncols         160
nrows         34
xllcorner     620200.000000
yllcorner     5168000.000000
cellsize      0.500000
NODATA_value  -9999.0
[rows 0 to 24 of 34, columns 55 to 109 of 160]
-9999.0 -9999.0 -9999.0 -9999.0 -9999.0 -9999.0 -9999.0 -9999.0 -9999.0 -9999.0 -9999.0 -9999.0 -9999.0 -9999.0 -9999.0 -9999.0 -9999.0 -9999.0 -9999.0 -9999.0 -9999.0 -9999.0 -9999.0 -9999.0 -9999.0 -9999.0 -9999.0 -9999.0 -9999.0 -9999.0 -9999.0 -9999.0 -9999.0 -9999.0 -9999.0 -9999.0 -9999.0 -9999.0 -9999.0 -9999.0 -9999.0 -9999.0 -9999.0 -9999.0 -9999.0 -9999.0 -9999.0 -9999.0 -9999.0 -9999.0 -9999.0 -9999.0 -9999.0 -9999.0 -9999.0
-9999.0 -9999.0 -9999.0 -9999.0 1816.224370 1810.884304 1805.971141 1801.402995 1792.847047 1783.803325 1775.826089 1771.984617 1771.184170 1770.582997 1770.303232 1775.594607 1783.795136 1791.580775 1798.757234 1801.265184 1803.749506 1805.911942 1806.371223 1805.250708 1802.101688 1798.882662 1795.575040 1794.071973 1786.358964 1775.168407 1766.638652 1763.980294 1768.357027 1772.809131 1775.305066 1780.874885 1791.407121 1802.015207 1810.395685 1822.335358 1828.389610 1833.362319 1835.948149 1831.660673 1828.003768 1823.944443 1818.301176 1807.162721 -9999.0 -9999.0 -9999.0 -9999.0 -9999.0 -9999.0 -9999.0
1761.124753 1779.957588 1800.431603 1803.707529 1792.251233 1787.360495 1784.282067 1782.560570 1778.123883 1769.729804 1764.727867 1759.499760 1757.537998 1757.778487 1757.977542 1762.114510 1772.686152 1780.750198 1785.567821 1788.231467 1791.005248 1790.286504 1789.725428 1789.505844 1786.686937 1783.314408 1780.008461 1778.273342 1779.179886 1771.674057 1766.074582 1762.542770 1760.438012 1763.078064 1765.605424 1769.444342 1778.751430 1786.705838 1794.640482 1809.078502 1821.567009 1826.742252 1823.970902 1818.880402 1814.829297 1807.641379 1797.149820 1786.843261 1777.779594 1770.959565 1765.233867 1758.947184 1764.775624 1771.528316 1780.862578
1745.439905 1764.782408 1785.161941 1788.031853 1777.605298 1769.706870 1764.180207 1764.709258 1767.843683 1764.654574 1760.168358 1754.314219 1763.591577 1764.964377 1766.136888 1769.582787 1772.397546 1776.450664 1779.204132 1784.648676 1793.693717 1796.492681 1797.033677 1797.185810 1795.351813 1792.248610 1790.460817 1787.779213 1782.645724 1781.368178 1781.490037 1780.913268 1785.601708 1787.159905 1789.378449 1783.166023 1787.005223 1793.124676 1799.865541 1805.819500 1812.062180 1815.222080 1811.668059 1811.061602 1802.386231 1788.351953 1777.461693 1769.140634 1767.835503 1764.430010 1756.195546 1742.722299 1749.891154 1765.250145 1769.528358
1750.882697 1760.156225 1771.631934 1774.628973 1769.828829 1771.720035 1773.618877 1775.237328 1773.792411 1770.824454 1768.146097 1780.040984 1789.209203 1791.047870 1793.983193 1797.946180 1798.108413 1786.811231 1784.696628 1792.676137 1802.792880 1808.363228 1808.600355 1808.451345 1805.824730 1804.828090 1804.601173 1802.665728 1803.034525 1805.223283 1804.370192 1808.447623 1814.130431 1817.290607 1810.549179 1801.722260 1803.051553 1810.965980 1819.339520 1826.547116 1836.727265 1847.513296 1846.645961 1841.106569 1831.940946 1818.443420 1795.018288 1775.896592 1764.588008 1756.672150 1748.983682 1749.652844 1745.498120 1757.264638 1758.512607
1745.131832 1763.785979 1784.746367 1792.108920 1786.458697 1782.218693 1780.354937 1781.356374 1781.374064 1783.668543 1794.909810 1808.107052 1821.543310 1824.227235 1826.712881 1826.178058 1817.939095 1807.913668 1804.750849 1819.027434 1835.482334 1843.625647 1843.869170 1841.825559 1847.317403 1846.611759 1845.865194 1841.729077 1843.431735 1843.596163 1851.949663 1859.760928 1867.337408 1865.849427 1853.804107 1842.054419 1840.997360 1844.613777 1849.045006 1855.460357 1865.285910 1874.372244 1869.009931 1862.249694 1852.875153 1825.041420 1799.205165 1782.876945 1782.572082 1782.379875 1777.084848 1773.783015 1770.871141 1764.452079 1763.686173
1788.147052 1808.888749 1829.257951 1844.282520 1838.769139 1831.349600 1822.256971 1823.061815 1825.428397 1832.957898 1845.221572 1861.114380 1884.435753 1886.254694 1888.648987 1890.108914 1878.611063 1866.291713 1855.844920 1875.350917 1885.944348 1894.058920 1894.218067 1902.323071 1911.805034 1907.795620 1900.670387 1890.011048 1896.292961 1906.334424 1921.679210 1929.162664 1933.804951 1931.544101 1919.566121 1913.452716 1912.941890 1916.418605 1914.961786 1920.561099 1929.740379 1944.198802 1942.887939 1935.572686 1913.634293 1876.281235 1843.338862 1825.250889 1832.292825 1825.153720 1817.767792 1814.703911 1801.218001 1791.102236 1791.416817
1833.727817 1850.334761 1868.222947 1886.204777 1880.382568 1870.477641 1856.526871 1855.502462 1862.156343 1872.634595 1891.394930 1912.695880 1935.322998 1940.333488 1940.187786 1950.083692 1943.851389 1934.322626 1926.646060 1941.712964 1953.116692 1964.332728 1972.662964 1985.437009 1996.680359 1984.784472 1971.253139 1964.503656 1970.720672 1992.897657 2012.400826 2017.831756 2018.707220 2020.529177 2009.410201 2003.467826 1997.819805 1994.297766 1989.154627 1985.319007 2005.451220 2023.103541 2021.367063 1998.245735 1974.183959 1936.217198 1897.919616 1868.004444 1871.645441 1867.827943 1867.569062 1853.697483 1838.972890 1825.333082 1817.691520
1904.151442 1930.820800 1950.375118 1972.230462 1970.016379 1951.672481 1941.391391 1945.798904 1959.140447 1967.037225 1983.952325 2005.835338 2035.634515 2053.894553 2070.435728 2075.126353 2067.574705 2059.115310 2046.743460 2047.676027 2067.419751 2079.589837 2089.635760 2099.723411 2112.438696 2116.336949 2112.529017 2111.979183 2116.080620 2125.997037 2137.544851 2144.910697 2150.036282 2154.868485 2147.906213 2136.736942 2131.735850 2123.721853 2118.369299 2115.763806 2120.885454 2134.684777 2131.462163 2100.839357 2073.122265 2039.071444 2000.768047 1969.316072 1955.120343 1964.836586 1956.119817 1937.800193 1920.949021 1888.801396 1875.893387
1993.200003 2028.362377 2055.455674 2069.408833 2081.318346 2073.577736 2074.436009 2078.997000 2087.150572 2092.005803 2099.964805 2132.943318 2167.861366 2196.027092 2220.162646 2228.732340 2218.135241 2208.755557 2196.587969 2187.728892 2194.716459 2210.433135 2227.714416 2243.338550 2254.863873 2258.220894 2257.203855 2257.894055 2260.942456 2264.532490 2268.775113 2276.646464 2284.988222 2295.579555 2305.829255 2298.066503 2280.406094 2268.547206 2255.873021 2251.693312 2250.535598 2250.154019 2249.654753 2237.619626 2201.235260 2170.416862 2137.234142 2110.648826 2091.191839 2081.011729 2060.484830 2036.133709 1987.324393 1947.509214 1913.323664
2100.131783 2142.926607 2174.044302 2196.491843 2211.701818 2213.187036 2216.054565 2218.654176 2224.273891 2229.075169 2235.322227 2260.355320 2300.524666 2339.266709 2370.114459 2372.997753 2362.387993 2352.015061 2342.465969 2330.702220 2327.427939 2337.366153 2350.395063 2368.314931 2379.567080 2388.001556 2386.392497 2387.211168 2389.000149 2391.672142 2394.424836 2398.018783 2407.043384 2420.975139 2433.806801 2433.931385 2417.887477 2400.099661 2382.658226 2376.650343 2371.387308 2365.248023 2365.412293 2365.509818 2353.530565 2324.481096 2285.155738 2241.852579 2217.498201 2196.894092 2182.785119 2164.783713 2131.898988 2073.451255 2038.405702
2230.675110 2262.273573 2293.550687 2325.397086 2343.647599 2350.082468 2350.039210 2351.329690 2359.090925 2364.592947 2373.642756 2390.834136 2418.793165 2450.947061 2479.274322 2496.135557 2491.154908 2476.821218 2457.976370 2451.224167 2449.565893 2452.444781 2460.379038 2470.480929 2487.674851 2505.225261 2511.948366 2513.212823 2510.597155 2514.272072 2516.661486 2517.771939 2520.493319 2527.418471 2535.856120 2538.530267 2531.827337 2512.310212 2490.187739 2476.569603 2468.345934 2463.758989 2462.284284 2464.168976 2463.945150 2449.461615 2416.454072 2374.435918 2340.843568 2319.830140 2302.972498 2286.611424 2272.913070 2246.381170 2225.584058
2354.634047 2370.797162 2399.081897 2427.887954 2452.242708 2468.687650 2471.799085 2476.779150 2481.946558 2491.167104 2507.176499 2529.501946 2546.422000 2566.127205 2589.782423 2604.000500 2609.666757 2609.354227 2607.142541 2608.826916 2609.189401 2568.216994 2572.605716 2576.916932 2588.162960 2599.310504 2603.526867 2604.245127 2602.873671 2605.063808 2606.450217 2607.375180 2607.826084 2609.358796 2612.959755 2614.142009 2612.123794 2602.378885 2611.156949 2592.762903 2580.090958 2572.119357 2563.867312 2554.871098 2544.451977 2533.268543 2513.119187 2483.199293 2448.294904 2422.218054 2410.433361 2401.907588 2392.480954 2384.960862 2367.218090
2467.946867 2480.638685 2498.827536 2521.324331 2553.155303 2574.668603 2585.778260 2594.642955 2599.337552 2612.182475 2626.919427 2617.899652 2623.837119 2629.780006 2635.531537 2637.484417 2637.997041 2637.673820 2635.323095 2634.707819 2632.625728 2628.354859 2618.345511 2619.649018 2621.095734 2623.469227 2627.024150 2625.858776 2627.071760 2630.484780 2629.547656 2624.598063 2621.513432 2620.460638 2621.416359 2628.665766 2631.781186 2632.417891 2630.346345 2629.601463 2629.057002 2626.929389 2624.132420 2619.970946 2614.393206 2621.526691 2609.524623 2583.426431 2546.519656 2507.352738 2494.744762 2491.512680 2490.078289 2486.100642 2478.575254
2595.309855 2609.063807 2623.776094 2614.020468 2629.827286 2637.894827 2641.511561 2644.417871 2646.492799 2647.905107 2644.322312 2640.710516 2635.612611 2633.839296 2632.097691 2629.258315 2629.455168 2627.138224 2622.806350 2618.689667 2611.203914 2599.733139 2588.013287 2584.536102 2588.460960 2593.233923 2597.532061 2601.043540 2604.548580 2605.485425 2600.989354 2593.591404 2586.987263 2585.662568 2592.544801 2598.299069 2604.122307 2605.007464 2603.913818 2602.174413 2602.777792 2600.645656 2601.601720 2608.670552 2622.598568 2627.090606 2630.734737 2629.766679 2618.176854 2597.370172 2597.028432 2576.730666 2580.312576 2574.712100 2562.257618
2642.567541 2645.301876 2644.957484 2643.973991 2638.152028 2632.164298 2630.921523 2633.995233 2639.792899 2639.764923 2631.545311 2621.951692 2613.781114 2605.720385 2602.505147 2600.591757 2599.246364 2598.719361 2592.719487 2583.540364 2566.641866 2554.243685 2542.251054 2535.402962 2531.903788 2535.496168 2545.228492 2555.401101 2560.031985 2552.473288 2545.051767 2534.525588 2527.053210 2527.823947 2529.913465 2539.312304 2554.571136 2560.690110 2561.975939 2557.140134 2552.834613 2547.775403 2546.469404 2554.120750 2570.007899 2586.693707 2601.709797 2610.734087 2618.541581 2625.428742 2627.053752 2628.920282 2629.768384 2628.019755 2628.049173
2641.811352 2635.408571 2628.817085 2623.567184 2616.612967 2610.275764 2607.364810 2608.069532 2608.789427 2603.172179 2594.461623 2582.083566 2569.175260 2557.715233 2549.325946 2548.693884 2549.573733 2549.606526 2541.796780 2525.876016 2506.528496 2491.847157 2476.769124 2471.600582 2465.263413 2458.752635 2468.329317 2485.849309 2492.229467 2477.810989 2467.841182 2453.727530 2447.178344 2444.159002 2445.761932 2455.291552 2476.510015 2498.238919 2500.612410 2491.530886 2482.827699 2479.636285 2478.438037 2485.689192 2504.681243 2527.095037 2543.943532 2555.287500 2562.181422 2571.397112 2581.989983 2596.179233 2610.762500 2622.820316 2630.071823
2618.774013 2610.618648 2602.385474 2593.988139 2585.847864 2577.978647 2571.878235 2567.679276 2562.030341 2553.251041 2543.105637 2522.281207 2507.226274 2492.460831 2476.200197 2470.719292 2465.393173 2465.396280 2452.920471 2442.522088 2423.915845 2407.198456 2390.036282 2376.967769 2369.993624 2362.833833 2363.708415 2377.652051 2386.052940 2374.408758 2364.551152 2352.999611 2347.924257 2345.000173 2347.557923 2358.328781 2379.788992 2398.914880 2407.346706 2400.859682 2398.860139 2399.390834 2400.003017 2407.869025 2422.534143 2443.220017 2466.692621 2486.136634 2497.975641 2507.544672 2519.406984 2536.508274 2552.357683 2567.923606 2586.621025
2584.748607 2574.270109 2563.130677 2552.034734 2539.640698 2526.167749 2517.456552 2516.581973 2507.219754 2497.813746 2475.790602 2422.579584 2399.980660 2378.810835 2360.742019 2352.535818 2342.982334 2329.984195 2319.773831 2312.840167 2308.669773 2292.319752 2272.971310 2254.726032 2248.497384 2243.682769 2230.313893 2230.349289 2231.990431 2241.346206 2234.649037 2231.057339 2230.962586 2228.838665 2231.577829 2245.266231 2255.806984 2264.515556 2271.769817 2274.186356 2283.995010 2293.013534 2301.701591 2320.029063 2334.379305 2353.110905 2376.495994 2403.786538 2420.891725 2433.256434 2446.666595 2464.657814 2483.620128 2503.577245 2528.227131
2541.484636 2523.800903 2507.766206 2491.546881 2476.613968 2461.671221 2444.827347 2443.128243 2436.874162 2423.877319 2372.679934 2327.384329 2290.573537 2269.917115 2244.808138 2230.467131 2215.278733 2182.218566 2165.398006 2160.801696 2169.106604 2161.135160 2143.903214 2129.863329 2120.283141 2111.689161 2096.100056 2082.348424 2087.395414 2102.290396 2100.337012 2101.081100 2107.058652 2106.133484 2101.552345 2103.659670 2117.367018 2124.771353 2135.809393 2150.819554 2156.336639 2169.931218 2200.940692 2215.970780 2233.064999 2254.626660 2278.444103 2304.225439 2328.732980 2345.549210 2363.636854 2385.614585 2405.699986 2429.454677 2455.523150
2479.056973 2448.238137 2425.937938 2406.491356 2385.563170 2359.430382 2336.437218 2331.099499 2321.193300 2293.883370 2240.999040 2199.612552 2170.073889 2145.767780 2120.283918 2097.647940 2064.491085 2030.694071 2009.023479 2018.398170 2026.606174 2031.603317 2018.164628 2005.743667 1995.335394 1979.185469 1962.885349 1948.861715 1958.350534 1966.768666 1980.000118 1985.090161 1988.952391 1993.192550 1992.118712 1984.984744 1985.624263 1994.359347 2004.800968 2016.403161 2034.199258 2067.129759 2092.657610 2111.557327 2133.647408 2155.056509 2179.329110 2205.179510 2230.017186 2249.530968 2271.195621 2294.023722 2318.679458 2342.484225 2370.160333
2389.784786 2359.803580 2331.002658 2305.486961 2273.464774 2228.728819 2211.550339 2200.197628 2180.624680 2136.686041 2092.282243 2061.777318 2041.219493 2015.752971 1992.130947 1963.404771 1930.420390 1905.910523 1885.253558 1893.174619 1901.135252 1915.991390 1905.171567 1895.727398 1890.749736 1875.492728 1861.748019 1846.263569 1853.071323 1863.896996 1883.924455 1888.899100 1892.678969 1900.835310 1900.034112 1896.700056 1883.897919 1891.775860 1902.499404 1916.785285 1946.082566 1970.007745 1993.710113 2015.876730 2036.756681 2060.166885 2084.851099 2110.245329 2138.251368 2160.118368 2181.769722 2206.209277 2229.330682 2249.517760 2272.262985
2268.731088 2241.913717 2218.758133 2192.543372 2151.337427 2105.966727 2067.022398 2044.369995 1998.248522 1962.537048 1933.277756 1922.438888 1905.915227 1883.601570 1862.569910 1841.693249 1817.409140 1796.441363 1771.754683 1775.986139 1789.655770 1804.701529 1802.060753 1800.425896 1797.900816 1787.496994 1773.871946 1760.223427 1763.802146 1779.775973 1797.063612 1805.706026 1812.845245 1820.505264 1820.487993 1812.432736 1803.329900 1808.607015 1823.316910 1839.505829 1858.895100 1880.520014 1902.139395 1922.986036 1946.103199 1969.926291 1994.260874 2020.719198 2049.027088 2071.470290 2097.062687 2123.794645 2144.606868 2158.288769 2172.738871
2152.704765 2130.229369 2104.991335 2076.674379 2034.393006 1992.657077 1950.212852 1906.570072 1872.674767 1841.906160 1828.741264 1810.910540 1794.702849 1777.890237 1756.943695 1738.820851 1721.860431 1700.155576 1686.034374 1692.101026 1705.102882 1714.581583 1719.107320 1716.412197 1713.618828 1706.965137 1693.134429 1685.905913 1695.043918 1710.223268 1724.434377 1735.230320 1742.008047 1747.610501 1744.762805 1736.123518 1731.715061 1739.822193 1755.264856 1769.415089 1785.433868 1806.405932 1827.145799 1848.870391 1871.645041 1894.303071 1919.458615 1945.505902 1972.366281 1999.803096 2024.119265 2046.282296 2058.460172 2071.332737 2077.783859
2018.963297 2003.730623 1977.388994 1948.632215 1917.003381 1880.805494 1852.902410 1820.856917 1790.021424 1759.963968 1734.052603 1718.974180 1710.636103 1696.626405 1678.434612 1666.042832 1649.826340 1635.943695 1638.749702 1640.734623 1650.245157 1649.842134 1650.506207 1647.718120 1646.804776 1643.464790 1635.001645 1644.282565 1651.246975 1665.197599 1675.538376 1685.043158 1691.012910 1694.826115 1695.287690 1689.926321 1694.526066 1701.081063 1715.109093 1726.507571 1740.687868 1760.904110 1777.965826 1797.100565 1819.243349 1842.195000 1866.268584 1892.095576 1920.185411 1945.424445 1965.044199 1974.448659 1985.935668 1991.485911 1985.365272
