tests/Borden05m/data_simulated/sim_1/output-maps/psiliqL0013N0002.asc
ncols         160
nrows         34
xllcorner     620200.000000
yllcorner     5168000.000000
cellsize      0.500000
NODATA_value  -9999.0
[rows 0 to 24 of 34, columns 0 to 55 of 160]
-9999.0 -9999.0 -9999.0 -9999.0 -9999.0 -9999.0 -9999.0 -9999.0 -9999.0 -9999.0 -9999.0 -9999.0 -9999.0 -9999.0 -9999.0 -9999.0 -9999.0 -9999.0 -9999.0 -9999.0 -9999.0 -9999.0 -9999.0 -9999.0 -9999.0 -9999.0 -9999.0 -9999.0 -9999.0 -9999.0 -9999.0 -9999.0 -9999.0 -9999.0 -9999.0 -9999.0 -9999.0 -9999.0 -9999.0 -9999.0 -9999.0 -9999.0 -9999.0 -9999.0 -9999.0 -9999.0 -9999.0 -9999.0 -9999.0 -9999.0 -9999.0 -9999.0 -9999.0 -9999.0 -9999.0 -9999.0
-9999.0 -9999.0 -9999.0 -9999.0 -9999.0 -9999.0 -9999.0 -9999.0 -9999.0 -9999.0 -9999.0 -9999.0 -9999.0 -9999.0 -9999.0 -9999.0 -9999.0 -9999.0 -9999.0 -9999.0 -9999.0 -9999.0 -9999.0 -9999.0 -9999.0 -9999.0 -9999.0 -9999.0 -9999.0 -9999.0 -9999.0 -9999.0 -9999.0 -9999.0 -9999.0 -9999.0 -9999.0 -9999.0 -9999.0 -9999.0 -9999.0 -9999.0 -9999.0 -9999.0 -9999.0 -9999.0 -9999.0 -9999.0 -9999.0 -9999.0 -9999.0 -9999.0 -9999.0 -9999.0 -9999.0 -9999.0
-9999.0 -9999.0 -9999.0 -9999.0 -9999.0 -9999.0 -9999.0 -9999.0 -9999.0 -9999.0 -9999.0 -9999.0 -9999.0 -9999.0 -9999.0 -9999.0 -9999.0 -9999.0 -9999.0 -9999.0 -9999.0 -9999.0 -9999.0 -9999.0 -9999.0 -9999.0 -9999.0 -9999.0 -9999.0 -9999.0 -9999.0 -9999.0 -9999.0 -9999.0 -9999.0 -9999.0 -9999.0 -9999.0 -9999.0 -9999.0 -9999.0 -9999.0 -9999.0 -9999.0 -9999.0 -9999.0 -9999.0 683.775652 666.438145 650.670218 648.249147 670.591613 693.787344 717.385418 737.782752 756.236647
-9999.0 -9999.0 -9999.0 -9999.0 -9999.0 -9999.0 -9999.0 -9999.0 -9999.0 -9999.0 -9999.0 -9999.0 -9999.0 -9999.0 -9999.0 -9999.0 -9999.0 -9999.0 -9999.0 -9999.0 -9999.0 -9999.0 -9999.0 -9999.0 -9999.0 -9999.0 -9999.0 -9999.0 -9999.0 -9999.0 -9999.0 -9999.0 -9999.0 -9999.0 -9999.0 -9999.0 -9999.0 -9999.0 -9999.0 -9999.0 731.673356 737.527012 738.658321 728.098062 716.824673 704.578534 684.578445 666.902152 652.030308 649.446769 652.010832 656.946660 679.333767 703.793496 723.279685 740.155214
-9999.0 -9999.0 -9999.0 -9999.0 -9999.0 -9999.0 -9999.0 -9999.0 -9999.0 -9999.0 -9999.0 -9999.0 -9999.0 -9999.0 -9999.0 -9999.0 -9999.0 -9999.0 -9999.0 -9999.0 -9999.0 -9999.0 -9999.0 -9999.0 -9999.0 -9999.0 -9999.0 -9999.0 -9999.0 -9999.0 -9999.0 -9999.0 -9999.0 -9999.0 640.032053 657.368058 675.303499 693.536110 710.099710 716.737276 722.524946 728.184871 723.998989 719.278159 707.879715 688.728839 669.190824 655.354951 653.178915 650.643304 654.833096 667.541274 684.136330 700.131594 720.865006 744.202847
-9999.0 -9999.0 -9999.0 -9999.0 -9999.0 -9999.0 -9999.0 -9999.0 -9999.0 -9999.0 -9999.0 -9999.0 -9999.0 -9999.0 -9999.0 -9999.0 -9999.0 -9999.0 -9999.0 -9999.0 -9999.0 -9999.0 -9999.0 -9999.0 -9999.0 -9999.0 -9999.0 -9999.0 645.060121 639.092246 633.947176 632.339086 630.907576 629.663896 636.415271 648.346011 666.217182 687.707467 700.494027 707.570467 714.100697 714.741315 709.628021 707.533293 707.773166 695.878357 684.138170 673.150351 662.536910 660.893170 670.303771 684.222956 700.217623 714.848337 730.035675 740.716220
-9999.0 -9999.0 -9999.0 -9999.0 -9999.0 -9999.0 -9999.0 -9999.0 -9999.0 -9999.0 -9999.0 -9999.0 -9999.0 -9999.0 -9999.0 -9999.0 -9999.0 -9999.0 -9999.0 -9999.0 -9999.0 -9999.0 -9999.0 615.836195 621.573539 627.995176 635.330203 636.133837 631.974521 626.274066 623.116279 621.477069 619.622644 623.927596 631.854420 645.242089 660.857707 682.486295 690.873664 696.814721 708.888379 711.428516 716.915430 720.832940 718.966288 715.965930 703.348003 693.929218 698.838635 704.527578 711.072827 718.774665 731.875010 746.969967 764.018817 783.899147
-9999.0 -9999.0 -9999.0 -9999.0 -9999.0 -9999.0 -9999.0 -9999.0 -9999.0 -9999.0 -9999.0 -9999.0 -9999.0 -9999.0 -9999.0 -9999.0 -9999.0 -9999.0 -9999.0 591.173189 592.014759 593.084851 597.659988 598.415090 600.466666 607.330167 615.337950 617.521873 615.677720 614.075470 615.441799 617.963873 622.101757 633.202557 646.790699 660.729050 674.383389 695.011195 709.522962 722.917246 738.707031 737.733440 733.457050 731.385788 731.676750 731.751685 735.910795 738.553976 744.525305 749.180146 755.412496 764.467124 775.608506 793.554776 813.066979 832.503092
-9999.0 -9999.0 -9999.0 -9999.0 -9999.0 -9999.0 -9999.0 -9999.0 -9999.0 -9999.0 -9999.0 -9999.0 -9999.0 -9999.0 -9999.0 -9999.0 562.752326 564.535042 566.635740 571.940113 574.655900 578.521121 585.315963 586.391339 590.031368 597.000218 601.729762 610.295666 618.108917 625.220425 630.962504 633.414405 640.662063 650.037767 661.643870 676.673902 697.921638 720.627728 736.588091 753.098593 769.860784 770.187380 768.865821 769.778991 770.106272 776.507452 793.881790 799.569436 801.023310 817.742954 831.703594 836.777439 844.238821 862.857367 886.158443 909.493989
-9999.0 -9999.0 -9999.0 -9999.0 -9999.0 -9999.0 -9999.0 -9999.0 -9999.0 -9999.0 -9999.0 -9999.0 -9999.0 517.139844 521.206309 530.572700 539.498463 541.850168 545.934006 551.781456 563.822685 567.264798 573.313979 580.708596 592.280013 600.658670 609.611565 621.196091 629.368775 636.330933 643.097870 648.617499 661.640663 676.573097 692.015586 711.880278 733.418351 753.676245 773.898873 789.247444 802.767146 804.796159 803.448670 805.493606 813.102282 830.330425 849.164695 858.940605 877.960560 901.381136 915.364822 927.601740 936.512332 949.703916 970.594422 1004.987691
-9999.0 -9999.0 -9999.0 -9999.0 -9999.0 -9999.0 -9999.0 -9999.0 -9999.0 -9999.0 484.044844 486.332451 482.782681 482.637647 487.485240 499.372607 512.788935 519.265726 530.570929 551.190024 568.594209 571.879175 586.232547 596.125334 602.588211 612.895596 625.779381 638.369473 655.019216 667.272744 678.809344 698.270003 714.418780 730.599041 748.007282 767.798475 787.490987 815.921181 842.679519 855.599978 878.081136 889.618130 886.726927 886.884117 895.719766 912.349827 934.626416 959.472587 982.451204 1009.276941 1028.638576 1044.227630 1055.874169 1068.877206 1085.061657 1120.192652
-9999.0 -9999.0 -9999.0 -9999.0 -9999.0 -9999.0 -9999.0 -9999.0 459.909864 466.996543 473.013188 469.860148 465.138984 461.201592 474.539431 490.147018 505.947104 523.172551 538.916652 556.757248 571.852635 587.892315 607.278279 618.717415 630.145361 645.156993 658.576630 675.636772 696.662968 709.592545 726.570206 747.734574 766.218222 783.934141 802.321329 820.287767 846.961444 880.422202 912.369432 935.636468 963.697714 987.335333 987.281166 990.423695 995.572904 1022.245416 1053.124227 1085.542676 1113.588916 1143.749407 1175.829263 1195.866127 1208.164658 1221.843271 1237.970021 1257.383726
-9999.0 -9999.0 -9999.0 -9999.0 -9999.0 -9999.0 433.565476 457.613946 472.352355 464.281926 454.606058 450.806794 446.658036 468.733036 490.246024 507.125064 523.722444 541.019795 557.238959 570.385755 604.125384 621.219849 635.398943 653.551130 667.699562 681.891836 699.062744 722.220073 744.079315 774.154284 800.628901 824.965356 850.993459 870.558641 889.260157 907.803327 939.261588 976.741067 1013.759177 1043.619367 1071.862261 1103.080266 1111.653606 1118.459803 1127.167310 1149.404583 1183.052823 1216.304153 1253.444118 1289.168672 1319.227494 1334.153074 1346.566696 1359.082147 1373.317025 1386.722767
-9999.0 -9999.0 -9999.0 -9999.0 400.615544 421.387387 441.332182 471.805515 494.094574 488.715561 495.250937 495.192935 493.199259 496.380780 502.774350 520.523506 538.610867 556.929265 574.675718 609.941303 652.995874 668.429151 692.984634 724.643784 738.148739 753.110583 768.972067 791.801171 818.922092 852.471415 896.597038 934.148208 960.013637 983.069696 1004.470988 1027.206730 1061.491930 1099.907173 1138.114060 1174.373823 1206.569658 1233.967313 1248.491755 1257.887223 1271.477279 1290.084660 1314.414291 1345.083972 1379.303310 1414.433582 1442.597632 1459.037637 1468.657985 1480.049828 1491.017893 1503.577681
-9999.0 -9999.0 -9999.0 352.081074 390.557600 427.900822 454.777219 485.376159 516.983996 521.719476 530.118419 535.069508 540.007691 548.311948 556.938316 573.514130 588.830123 603.583321 625.002439 661.289044 696.129076 726.527564 758.229061 785.565836 806.611859 822.377553 840.445973 864.432302 904.024609 941.913559 992.227388 1045.458155 1082.742520 1107.909121 1130.720951 1159.028246 1185.526894 1223.252036 1260.531311 1296.584189 1331.315209 1358.500902 1379.151749 1388.323847 1399.316263 1410.337280 1429.637092 1453.917732 1478.157766 1508.777841 1538.691745 1564.122593 1578.744240 1588.927240 1604.724594 1620.478735
-9999.0 -9999.0 305.290098 342.733220 376.972697 427.324693 479.782435 513.479487 553.835718 577.515945 583.900743 600.901910 616.751742 623.929764 639.499706 656.405110 672.628601 678.244310 693.679937 725.037295 775.214897 821.070716 844.630730 896.413130 929.573059 956.189879 973.246781 999.782490 1034.806196 1077.382868 1126.785667 1177.435124 1217.281174 1249.886779 1268.044922 1289.409926 1314.637052 1340.643141 1376.507578 1408.209104 1441.714506 1469.489555 1492.415553 1500.759327 1507.039250 1524.061484 1549.506889 1576.360106 1601.701965 1625.855122 1632.996760 1644.281788 1649.995964 1653.531984 1658.047060 1661.351363
-9999.0 -9999.0 279.071879 323.577437 364.343765 431.483181 509.581942 546.331189 588.657146 633.404664 651.544487 675.212902 688.590902 700.100680 723.345803 745.957894 756.250061 762.047340 761.641790 816.451431 874.377116 927.588539 979.645148 1045.038365 1089.711224 1105.907149 1118.513032 1139.880134 1165.865349 1210.425847 1260.135792 1314.052229 1359.113967 1391.331494 1409.202184 1429.059037 1451.240992 1470.948243 1491.506734 1531.204683 1558.893959 1584.938929 1611.597640 1632.067169 1641.128885 1645.582114 1638.523889 1648.593189 1656.072533 1660.395531 1662.866398 1660.940685 1661.289068 1662.685266 1664.237297 1659.859508
-9999.0 191.051411 243.003439 296.308745 365.417510 432.905802 516.383251 595.851833 650.082020 695.118223 723.322723 737.015910 777.619806 821.526086 847.734438 875.267010 877.624844 881.673251 872.804927 919.778920 970.782701 1048.391101 1159.203601 1216.538117 1260.123155 1264.837130 1262.690264 1277.780371 1303.774105 1347.739034 1413.922379 1461.029763 1512.995137 1552.422812 1568.265751 1576.380889 1595.040886 1615.819572 1609.494985 1630.455742 1640.939262 1649.688109 1652.398585 1655.094191 1657.432034 1659.301866 1658.082290 1653.824617 1648.074678 1644.271830 1641.623852 1638.065538 1641.029529 1644.562362 1645.605331 1639.083540
-9999.0 155.994966 215.596308 287.202989 358.233413 428.348850 533.651854 671.669098 722.288911 757.755229 781.621158 809.772518 889.607776 956.402065 992.404890 1036.985605 1033.835161 1024.853968 1015.606930 1049.667183 1100.798112 1175.575956 1314.051848 1398.738459 1425.672366 1439.629623 1449.877204 1477.901765 1514.624189 1550.027712 1581.967470 1587.098764 1611.325096 1624.281446 1629.639114 1633.212702 1638.464138 1640.795255 1640.730036 1639.098569 1636.291397 1637.974435 1643.132689 1644.191496 1642.890990 1641.502432 1637.734924 1631.939125 1627.965479 1624.609804 1622.704709 1620.099752 1618.560812 1618.424424 1613.901116 1608.039706
-9999.0 127.924899 198.431830 262.395297 329.639036 446.640475 570.580503 702.701577 792.710233 829.038763 857.856547 931.628317 1032.566905 1128.554809 1182.253800 1210.457355 1217.107769 1202.289817 1210.706711 1256.174335 1320.197788 1407.483811 1492.499152 1566.318980 1581.620113 1588.258199 1574.672144 1589.200084 1602.595231 1607.487446 1611.394748 1616.514647 1623.936289 1628.845597 1629.892519 1629.365821 1626.941514 1621.121676 1617.879295 1616.000712 1613.621128 1614.008552 1617.294599 1619.088409 1617.558894 1614.942146 1611.752350 1607.373166 1602.423972 1596.700730 1593.181623 1589.056958 1586.240565 1580.511996 1574.994143 1567.873579
-9999.0 32.110113 119.001384 175.861260 296.140360 466.997946 591.661843 740.810657 881.112915 920.948018 999.372978 1116.748041 1222.680301 1299.619490 1345.888461 1391.621694 1423.447292 1449.857769 1485.708525 1456.450289 1509.367963 1560.617789 1583.700320 1596.406049 1599.803827 1604.297717 1600.206736 1584.920210 1578.007380 1574.306641 1578.479458 1587.758016 1595.028144 1602.096907 1601.595091 1603.487712 1604.642630 1602.202698 1599.290205 1591.657068 1584.280370 1578.663830 1577.049110 1582.492636 1578.152100 1575.725706 1570.800774 1563.909393 1556.210324 1549.079233 1541.393091 1533.909491 1529.559140 1521.972836 1518.143825 1507.693459
-9999.0 -48.732715 28.626166 122.259780 264.126491 427.436840 560.945501 727.318648 927.260336 1038.002895 1155.249997 1226.656932 1304.809235 1373.926384 1442.363312 1490.917334 1517.823008 1530.098519 1525.073232 1536.076926 1507.939615 1503.512292 1522.183707 1549.400999 1564.052679 1570.564549 1565.143154 1557.463375 1553.018370 1554.116513 1554.638653 1554.774710 1554.460644 1553.484733 1551.330479 1553.893738 1558.812458 1553.134172 1544.689035 1536.053269 1527.777007 1518.614534 1512.493356 1508.907271 1507.701891 1507.750803 1500.893234 1491.199054 1481.130383 1472.971723 1464.604314 1457.351742 1452.296225 1444.228616 1433.171308 1417.732800
-9999.0 -143.776478 -24.498717 72.128385 197.928356 335.373845 464.170477 627.903357 777.106009 990.161654 1149.014083 1245.412336 1290.729551 1353.414900 1419.122695 1487.868939 1496.609885 1471.479497 1443.699968 1431.672752 1438.057781 1448.756981 1462.990565 1483.544870 1501.976823 1513.138447 1516.881935 1511.177976 1499.254474 1491.313486 1485.797481 1477.082560 1470.893451 1470.399478 1471.301810 1478.337950 1480.602832 1471.187831 1457.436294 1439.915782 1423.838981 1411.336888 1406.897719 1407.249587 1406.784770 1403.188984 1396.413833 1386.091921 1373.595968 1361.544721 1352.943322 1345.473750 1335.789387 1322.565605 1308.078002 1292.214733
-9999.0 -9999.0 -98.099261 13.315065 123.730984 248.094781 366.870974 512.884673 662.764071 843.092510 959.401104 1083.085236 1155.253688 1205.595268 1261.351547 1318.535843 1339.005222 1358.784831 1343.301203 1348.268163 1355.313129 1361.808435 1372.142501 1384.671827 1398.991927 1410.181325 1418.817942 1417.675322 1409.091556 1392.550129 1372.981035 1358.110853 1349.692218 1343.236574 1352.283368 1363.293384 1360.199224 1352.765831 1339.425382 1321.499037 1305.608530 1289.440052 1283.817088 1283.022924 1282.406844 1279.085438 1274.180086 1261.176785 1247.948971 1235.374156 1228.683213 1220.878646 1213.101527 1199.724684 1185.587530 1170.357950
-9999.0 -9999.0 -181.735365 -72.169286 44.372235 168.540143 270.984932 354.791410 508.003354 624.213029 726.234275 821.715928 902.253008 966.000074 1012.826189 1074.674124 1114.719975 1131.160506 1149.302502 1176.386369 1201.034580 1227.159090 1244.845813 1258.158326 1272.943389 1287.020414 1296.525891 1285.576926 1274.619192 1257.931917 1236.898745 1214.277222 1202.555131 1198.767396 1201.263899 1206.475556 1200.601877 1190.310922 1174.817651 1157.275953 1142.084924 1128.643866 1123.068331 1118.950362 1117.113330 1113.860051 1110.340298 1101.461484 1089.871913 1081.667739 1072.818981 1065.797693 1061.389873 1053.186358 1042.653365 1035.172182
