tests/Borden05m/data_simulated/sim_1/output-maps/psiliqL0004N0004.asc
ncols         160
nrows         34
xllcorner     620200.000000
yllcorner     5168000.000000
cellsize      0.500000
NODATA_value  -9999.0
[rows 0 to 24 of 34, columns 0 to 55 of 160]
-9999.0 -9999.0 -9999.0 -9999.0 -9999.0 -9999.0 -9999.0 -9999.0 -9999.0 -9999.0 -9999.0 -9999.0 -9999.0 -9999.0 -9999.0 -9999.0 -9999.0 -9999.0 -9999.0 -9999.0 -9999.0 -9999.0 -9999.0 -9999.0 -9999.0 -9999.0 -9999.0 -9999.0 -9999.0 -9999.0 -9999.0 -9999.0 -9999.0 -9999.0 -9999.0 -9999.0 -9999.0 -9999.0 -9999.0 -9999.0 -9999.0 -9999.0 -9999.0 -9999.0 -9999.0 -9999.0 -9999.0 -9999.0 -9999.0 -9999.0 -9999.0 -9999.0 -9999.0 -9999.0 -9999.0 -9999.0
-9999.0 -9999.0 -9999.0 -9999.0 -9999.0 -9999.0 -9999.0 -9999.0 -9999.0 -9999.0 -9999.0 -9999.0 -9999.0 -9999.0 -9999.0 -9999.0 -9999.0 -9999.0 -9999.0 -9999.0 -9999.0 -9999.0 -9999.0 -9999.0 -9999.0 -9999.0 -9999.0 -9999.0 -9999.0 -9999.0 -9999.0 -9999.0 -9999.0 -9999.0 -9999.0 -9999.0 -9999.0 -9999.0 -9999.0 -9999.0 -9999.0 -9999.0 -9999.0 -9999.0 -9999.0 -9999.0 -9999.0 -9999.0 -9999.0 -9999.0 -9999.0 -9999.0 -9999.0 -9999.0 -9999.0 -9999.0
-9999.0 -9999.0 -9999.0 -9999.0 -9999.0 -9999.0 -9999.0 -9999.0 -9999.0 -9999.0 -9999.0 -9999.0 -9999.0 -9999.0 -9999.0 -9999.0 -9999.0 -9999.0 -9999.0 -9999.0 -9999.0 -9999.0 -9999.0 -9999.0 -9999.0 -9999.0 -9999.0 -9999.0 -9999.0 -9999.0 -9999.0 -9999.0 -9999.0 -9999.0 -9999.0 -9999.0 -9999.0 -9999.0 -9999.0 -9999.0 -9999.0 -9999.0 -9999.0 -9999.0 -9999.0 -9999.0 -9999.0 -879.496473 -898.724731 -919.131885 -922.024359 -896.807100 -875.829126 -854.962860 -837.439689 -821.319653
-9999.0 -9999.0 -9999.0 -9999.0 -9999.0 -9999.0 -9999.0 -9999.0 -9999.0 -9999.0 -9999.0 -9999.0 -9999.0 -9999.0 -9999.0 -9999.0 -9999.0 -9999.0 -9999.0 -9999.0 -9999.0 -9999.0 -9999.0 -9999.0 -9999.0 -9999.0 -9999.0 -9999.0 -9999.0 -9999.0 -9999.0 -9999.0 -9999.0 -9999.0 -9999.0 -9999.0 -9999.0 -9999.0 -9999.0 -9999.0 -843.328961 -836.755612 -833.647882 -845.647467 -856.128466 -864.988272 -884.106176 -902.562536 -919.814637 -921.016463 -919.147529 -917.508575 -894.436132 -872.064689 -855.677074 -840.679420
-9999.0 -9999.0 -9999.0 -9999.0 -9999.0 -9999.0 -9999.0 -9999.0 -9999.0 -9999.0 -9999.0 -9999.0 -9999.0 -9999.0 -9999.0 -9999.0 -9999.0 -9999.0 -9999.0 -9999.0 -9999.0 -9999.0 -9999.0 -9999.0 -9999.0 -9999.0 -9999.0 -9999.0 -9999.0 -9999.0 -9999.0 -9999.0 -9999.0 -9999.0 -925.545841 -907.025035 -891.252473 -875.530999 -860.195345 -856.270225 -852.436107 -846.083469 -851.054054 -855.323042 -866.657220 -885.338317 -905.522045 -919.815352 -919.872804 -923.165016 -919.878393 -907.306864 -893.081682 -879.533522 -860.277260 -838.156563
-9999.0 -9999.0 -9999.0 -9999.0 -9999.0 -9999.0 -9999.0 -9999.0 -9999.0 -9999.0 -9999.0 -9999.0 -9999.0 -9999.0 -9999.0 -9999.0 -9999.0 -9999.0 -9999.0 -9999.0 -9999.0 -9999.0 -9999.0 -9999.0 -9999.0 -9999.0 -9999.0 -9999.0 -913.115092 -919.896222 -925.737537 -926.978202 -929.024747 -933.380444 -929.061443 -919.132275 -902.433763 -882.189972 -872.019557 -867.171158 -862.071168 -862.452363 -868.672171 -871.137618 -868.975073 -880.918960 -891.623479 -902.217499 -915.045093 -917.080195 -907.366833 -894.568529 -880.393824 -868.503502 -856.251442 -844.592558
-9999.0 -9999.0 -9999.0 -9999.0 -9999.0 -9999.0 -9999.0 -9999.0 -9999.0 -9999.0 -9999.0 -9999.0 -9999.0 -9999.0 -9999.0 -9999.0 -9999.0 -9999.0 -9999.0 -9999.0 -9999.0 -9999.0 -9999.0 -937.570197 -930.848043 -925.616332 -918.673427 -919.351285 -927.501761 -934.861826 -938.837063 -941.374813 -945.100431 -942.386140 -936.060294 -924.307874 -911.130367 -890.577772 -885.907274 -881.561202 -868.813420 -868.353161 -863.639155 -858.722875 -861.220329 -863.123147 -876.919847 -887.124127 -879.196883 -873.087610 -868.786000 -864.206885 -853.397902 -839.719191 -823.932546 -804.829972
-9999.0 -9999.0 -9999.0 -9999.0 -9999.0 -9999.0 -9999.0 -9999.0 -9999.0 -9999.0 -9999.0 -9999.0 -9999.0 -9999.0 -9999.0 -9999.0 -9999.0 -9999.0 -9999.0 -954.084858 -954.548807 -955.795943 -952.271764 -956.712816 -957.215853 -951.006343 -942.894737 -943.200143 -947.032246 -950.770012 -949.698316 -947.777593 -945.526022 -934.025261 -921.431252 -910.181475 -899.838777 -880.714191 -868.498928 -855.978163 -839.487899 -844.001053 -850.746303 -854.467279 -854.802916 -855.238914 -847.617870 -843.846640 -839.752460 -835.037654 -829.397466 -822.443846 -814.289682 -797.202005 -778.760039 -760.670702
-9999.0 -9999.0 -9999.0 -9999.0 -9999.0 -9999.0 -9999.0 -9999.0 -9999.0 -9999.0 -9999.0 -9999.0 -9999.0 -9999.0 -9999.0 -9999.0 -972.881071 -972.360404 -973.568637 -973.815773 -975.424326 -972.981801 -966.327470 -969.684317 -968.289862 -962.628860 -960.624811 -953.138456 -946.057506 -938.925469 -934.006805 -934.516368 -928.481502 -921.645055 -912.857259 -899.762741 -879.159646 -858.808213 -845.570131 -830.866667 -814.881845 -817.187361 -819.602612 -819.303992 -820.090410 -812.372452 -793.453656 -789.433493 -787.828015 -767.966088 -754.824590 -751.791212 -747.204353 -731.591022 -710.015274 -684.671013
-9999.0 -9999.0 -9999.0 -9999.0 -9999.0 -9999.0 -9999.0 -9999.0 -9999.0 -9999.0 -9999.0 -9999.0 -9999.0 -999.927310 -998.223974 -992.346985 -994.627119 -998.292200 -998.802638 -998.861659 -986.283686 -987.192110 -983.916403 -977.967912 -966.809992 -960.926280 -954.054700 -943.740875 -938.332642 -934.041243 -929.598375 -925.723535 -912.983167 -899.079264 -885.287280 -866.892873 -848.319320 -830.092859 -810.913652 -799.104405 -786.555738 -784.077410 -788.143765 -788.124694 -780.592375 -762.382964 -744.821165 -733.144506 -710.955779 -688.626083 -676.184862 -664.106470 -657.069303 -647.892453 -630.786228 -595.558757
-9999.0 -9999.0 -9999.0 -9999.0 -9999.0 -9999.0 -9999.0 -9999.0 -9999.0 -9999.0 -1032.487411 -1026.844675 -1035.012237 -1044.933085 -1046.554694 -1037.030776 -1026.662258 -1025.314871 -1017.902356 -996.065236 -980.535147 -985.485702 -970.478488 -963.695578 -961.840797 -953.461069 -942.351949 -932.392735 -915.991825 -906.306958 -896.163351 -875.308541 -861.675574 -848.145674 -833.242690 -816.801180 -798.646621 -769.591040 -744.410734 -733.273459 -709.255894 -694.681896 -700.808625 -702.686801 -697.354626 -680.701014 -657.383656 -630.378525 -609.095928 -582.690202 -561.124609 -547.514240 -537.757964 -525.551832 -510.312359 -475.442812
-9999.0 -9999.0 -9999.0 -9999.0 -9999.0 -9999.0 -9999.0 -9999.0 -1062.377001 -1052.231336 -1044.552399 -1051.536581 -1061.144127 -1074.125904 -1062.065576 -1048.129609 -1035.400861 -1020.990831 -1008.912110 -995.796768 -986.594683 -972.321996 -954.666821 -947.234559 -938.122075 -924.756123 -914.499603 -898.743390 -879.820885 -868.683714 -851.537181 -832.308409 -815.161622 -799.944063 -784.473432 -769.428197 -741.985567 -709.799635 -679.510370 -655.977476 -629.894212 -604.546627 -606.238361 -604.242808 -601.704513 -575.488963 -544.295185 -511.009561 -473.954668 -429.277307 -373.323726 -333.489241 -298.731974 -231.022184 -133.128463 -98.307693
-9999.0 -9999.0 -9999.0 -9999.0 -9999.0 -9999.0 -1086.850431 -1058.360642 -1043.055024 -1063.287566 -1078.721782 -1084.276964 -1092.242126 -1068.198201 -1042.842739 -1030.281686 -1018.167242 -1005.236877 -995.514164 -990.046275 -951.987808 -943.938528 -934.427724 -915.851688 -905.618570 -894.836444 -879.882957 -858.106466 -837.862204 -805.419664 -776.664778 -751.734508 -727.672334 -710.792019 -695.229460 -678.513372 -648.779483 -613.539016 -578.771057 -549.325650 -521.205300 -488.717856 -476.242690 -468.742994 -456.683440 -431.468644 -377.215690 -266.371835 -125.438478 -71.864539 -43.796787 -29.614704 -13.370086 11.009718 41.609367 60.050921
-9999.0 -9999.0 -9999.0 -9999.0 -1097.133998 -1082.298155 -1073.548134 -1043.056015 -1021.652227 -1043.039632 -1032.244377 -1034.801563 -1040.757093 -1045.657133 -1048.579754 -1031.622585 -1016.966611 -1002.993407 -989.320085 -949.204573 -910.688899 -902.707029 -877.517193 -846.518241 -837.082536 -825.344801 -813.487056 -793.226271 -765.204859 -732.705407 -686.062629 -647.621504 -624.220127 -603.513551 -585.673907 -564.284006 -533.950847 -494.972019 -448.337420 -389.025762 -302.994417 -161.728755 -107.716538 -89.404424 -76.431150 -62.488051 -41.025119 -2.288581 43.137890 71.345010 78.637782 82.031999 83.886310 87.324675 91.119642 94.606834
-9999.0 -9999.0 -9999.0 -1131.659513 -1094.134388 -1069.494375 -1061.524923 -1040.406109 -1011.720118 -1015.319570 -1011.395004 -1007.550950 -1002.828963 -996.156419 -988.711337 -975.032552 -965.236911 -958.540903 -941.632370 -907.963868 -876.693444 -844.411685 -816.119178 -787.188040 -765.867710 -753.034625 -739.763083 -718.093424 -680.553496 -643.185823 -594.257382 -540.665943 -499.599753 -469.049353 -444.626962 -407.612959 -362.751572 -232.473447 -117.258156 -62.997564 -18.166498 27.581767 57.481184 67.391928 70.803950 72.399417 76.621914 82.348350 87.901167 94.460236 100.328904 104.764614 107.022512 108.233766 111.832084 116.621262
-9999.0 -9999.0 -1149.499682 -1121.423341 -1111.882760 -1072.050742 -1030.988949 -1017.765222 -980.845214 -960.433585 -963.275844 -944.735706 -929.787941 -926.752510 -910.811470 -894.901268 -885.444658 -888.038882 -882.091358 -846.730825 -793.471449 -747.153332 -715.714519 -659.194218 -629.315179 -611.294368 -602.987235 -581.337337 -552.367097 -503.556812 -437.501529 -341.604503 -169.371768 -105.052351 -83.500593 -66.337821 -40.687194 -4.257375 41.245803 69.542607 80.048829 87.724636 93.950802 96.081335 96.380224 99.405026 103.892747 108.402987 112.951076 122.147903 135.988832 135.935121 135.394421 134.994394 134.827804 134.413830
-9999.0 -9999.0 -1174.593462 -1134.831988 -1125.992748 -1062.406679 -1001.291969 -991.614458 -956.755003 -914.294769 -902.281181 -883.394779 -866.430499 -848.186141 -826.599710 -802.385194 -804.102923 -804.326226 -809.555561 -756.614095 -702.328536 -638.944948 -560.498694 -497.359671 -451.609674 -446.448364 -443.039058 -418.638679 -369.702370 -195.473979 -99.645954 -36.358489 25.258092 59.843099 71.831925 76.070066 81.180384 86.962697 92.129725 101.830529 105.672626 110.138217 117.818754 132.706869 138.182575 137.390112 136.053861 135.329264 134.885348 134.283357 133.932685 130.618094 129.722011 130.040296 130.867438 126.734308
-9999.0 -1214.043394 -1182.675211 -1159.095408 -1106.047157 -1071.967981 -1001.667357 -930.087888 -896.347736 -862.347432 -840.236273 -824.973913 -764.387849 -714.972668 -692.608234 -663.199648 -670.748697 -677.349561 -689.722514 -652.763669 -599.816404 -495.787545 -238.253469 -119.933192 -81.714983 -78.314968 -84.307843 -73.224334 -45.294687 9.163785 67.021087 83.709935 97.237818 106.590947 108.941306 108.635788 112.471720 124.610978 138.222727 140.006079 139.955530 139.244809 134.384868 134.346178 134.114149 134.399162 131.319518 126.026685 118.997382 114.098617 111.248936 109.616691 110.746540 112.411621 114.028161 111.293752
-9999.0 -1265.434198 -1193.390258 -1138.987688 -1115.266477 -1077.109112 -969.132997 -852.349748 -829.622246 -805.338981 -779.711804 -728.148496 -639.717445 -573.365812 -533.849811 -487.717824 -492.924400 -511.037544 -512.276241 -470.889470 -381.641844 -161.066597 -11.059622 72.064247 75.975746 79.380646 81.067876 87.195766 95.564052 103.907196 110.538624 126.177477 128.074838 127.812457 127.592996 127.640775 127.438770 127.780337 124.819766 121.666757 117.498979 117.481126 120.661543 120.465365 118.224775 116.033023 111.931183 109.889850 108.912172 108.199490 107.995449 107.555569 107.392583 108.136821 107.499221 106.940583
-9999.0 -1231.102185 -1149.574709 -1144.214234 -1144.152940 -1029.391280 -938.611877 -827.504728 -751.024594 -724.736915 -673.202665 -579.931553 -469.528916 -302.641227 -142.108956 -102.538177 -91.555939 -101.461731 -92.195720 -58.852949 -4.271279 71.861365 92.377279 111.573143 116.398375 116.531658 115.411788 116.305767 116.737446 116.570411 116.060447 113.906950 117.833293 119.525691 118.378243 115.716404 111.736157 108.766206 107.897598 107.870514 107.476830 107.933375 109.173748 109.464454 109.062659 108.484948 107.960593 107.416442 106.836939 105.859971 105.731702 105.294624 105.289531 104.522475 103.887457 103.605001
-9999.0 -1334.118741 -1215.113104 -1258.132437 -1114.357762 -983.713553 -911.078755 -768.311670 -650.484680 -611.031342 -510.493052 -359.665115 -117.195148 -14.281355 44.380024 74.113478 81.229598 86.776347 94.116852 96.033578 109.653612 125.506715 125.685101 123.963237 115.577064 115.809185 110.781560 105.550011 103.632007 102.004948 102.707691 104.862025 106.343526 108.232144 107.360784 107.590893 107.596843 107.243486 107.471980 106.178646 105.015277 104.254530 104.359946 106.877382 105.489572 105.200245 104.596960 103.664387 102.444472 101.188480 99.770223 98.344761 98.071818 96.745690 97.393908 96.818764
-9999.0 -1421.077020 -1325.289669 -1239.850252 -1104.542190 -992.157259 -877.774740 -727.288524 -554.000559 -459.853669 -315.744569 -135.830711 -2.352161 72.766131 94.551669 101.831854 109.466266 110.587819 110.982007 107.273271 97.403707 95.509797 99.181852 104.549591 105.723718 106.497912 104.076408 102.249040 101.887904 102.824203 102.721855 102.490206 102.054894 101.320790 100.244713 100.541168 102.189070 101.211163 100.290862 99.800304 99.500487 98.376911 97.484225 96.988109 96.858134 97.701874 96.532569 94.599066 91.908817 89.015489 85.763906 83.316636 82.402566 80.765211 78.753884 75.242391
-9999.0 -1573.989223 -1315.534720 -1259.338732 -1160.470754 -1084.753752 -988.132458 -835.280921 -685.720040 -474.140337 -169.029850 -81.558677 3.000292 58.079943 82.018555 97.704764 99.219095 90.468113 84.250021 81.857655 84.885882 88.261804 91.111205 95.218316 98.063707 99.662301 99.833082 98.321169 95.430578 94.190846 92.704576 88.554206 85.150402 84.467139 83.762584 85.554965 86.643458 83.983866 81.083469 77.689069 74.932853 72.987848 72.721811 73.387969 73.609268 73.158737 71.541303 67.609151 52.149547 26.731160 2.287855 -13.244001 -25.852098 -39.372784 -53.022638 -69.478260
-9999.0 -9999.0 -1445.440143 -1275.458289 -1225.370588 -1156.425859 -1070.842103 -930.986621 -795.528057 -611.088729 -490.871738 -369.904627 -170.266314 -95.017768 -42.637274 -0.849575 14.163677 33.431929 18.269017 31.153036 53.399581 63.825213 68.752030 71.262398 73.790164 75.469641 76.978870 76.945027 74.851901 69.586695 48.192424 16.051639 -7.865860 -19.860826 -12.521537 -0.694615 -3.966000 -12.821594 -25.188014 -39.268845 -50.090588 -60.901633 -63.403113 -62.137588 -61.711131 -63.928002 -68.674075 -83.391830 -110.650626 -180.937083 -251.856917 -287.444160 -313.907454 -347.938690 -377.242705 -405.998619
-9999.0 -9999.0 -1612.126612 -1369.460345 -1244.552337 -1153.196050 -1118.595444 -1045.784756 -896.908014 -798.071314 -712.935140 -635.541001 -570.556298 -510.565409 -449.008666 -355.011895 -292.380474 -258.656890 -262.206607 -224.134020 -128.477174 -94.887452 -81.611788 -72.240015 -63.037659 -54.600557 -47.371371 -57.161969 -67.535388 -86.367625 -125.325248 -231.386367 -304.847631 -327.762587 -311.475233 -282.084279 -296.293577 -329.275399 -367.092774 -403.333030 -428.455706 -450.294651 -456.921971 -458.720582 -458.836095 -462.700750 -468.413354 -483.395407 -500.563031 -512.104783 -520.489287 -527.650514 -530.891484 -539.362466 -549.766190 -556.173004
