tests/Borden05m/data_simulated/sim_1/output-maps/psiliqL0011N0006.asc
ncols         160
nrows         34
xllcorner     620200.000000
yllcorner     5168000.000000
cellsize      0.500000
NODATA_value  -9999.0
[rows 0 to 24 of 34, columns 57 to 113 of 160]
-9999.0 -9999.0 -9999.0 -9999.0 -9999.0 -9999.0 -9999.0 -9999.0 -9999.0 -9999.0 -9999.0 -9999.0 -9999.0 -9999.0 -9999.0 -9999.0 -9999.0 -9999.0 -9999.0 -9999.0 -9999.0 -9999.0 -9999.0 -9999.0 -9999.0 -9999.0 -9999.0 -9999.0 -9999.0 -9999.0 -9999.0 -9999.0 -9999.0 -9999.0 -9999.0 -9999.0 -9999.0 -9999.0 -9999.0 -9999.0 -9999.0 -9999.0 -9999.0 -9999.0 -9999.0 -9999.0 -9999.0 -9999.0 -9999.0 -9999.0 -9999.0 -9999.0 -9999.0 -9999.0 -9999.0 -9999.0 -9999.0
-9999.0 -9999.0 417.763401 412.259318 406.985302 402.059452 393.104501 383.930799 375.496864 371.621083 370.826905 370.134966 369.878634 375.290587 383.399824 391.158080 398.466755 400.970951 403.507310 405.877398 406.469413 405.289041 402.123348 398.903440 395.570093 394.147523 386.011470 374.646765 365.819430 363.118762 367.645888 372.197681 374.747503 380.737623 391.557388 402.418941 410.967257 422.756130 428.368393 433.410638 436.377226 432.182473 428.503269 424.617429 419.571438 408.472921 -9999.0 -9999.0 -9999.0 -9999.0 -9999.0 -9999.0 -9999.0 -9999.0 -9999.0 -9999.0 -9999.0
400.974192 404.309265 393.216261 388.357792 385.085425 383.010649 378.068350 369.410464 364.171599 358.853452 357.209886 357.382752 357.592177 361.891994 372.068857 380.175477 385.070873 387.656674 390.310094 390.298674 389.888446 389.628347 386.824407 383.485880 380.175811 378.467624 378.803773 371.281484 365.949566 362.683965 361.301711 363.846653 366.228371 369.454191 379.010681 387.222415 395.426193 409.600849 421.884384 427.007916 424.423640 419.254663 415.321952 408.584088 398.483269 387.971564 377.897743 370.651450 364.984957 359.289890 365.137717 371.463072 381.348762 391.118797 403.008079 415.086331 -9999.0
385.691998 388.642142 377.902568 369.593939 364.904801 365.102582 367.568077 364.067260 359.552224 355.126496 363.520769 364.984595 366.322295 369.736491 373.107333 375.986700 378.868637 384.330703 393.430516 396.231615 396.873021 397.120597 395.407178 392.408186 390.728641 388.092270 383.031892 382.170139 382.683230 382.717589 387.929191 389.493979 391.057371 384.179544 387.556266 393.702909 400.479820 407.137333 413.861877 418.003523 414.623941 413.339187 404.697754 390.579166 378.982669 370.096923 367.645089 364.184037 356.112307 343.352162 350.072345 365.340127 369.719460 372.995199 384.599132 396.751511 406.995999
372.213903 375.377691 370.459636 371.694212 373.292063 374.875489 373.414456 370.611817 369.166048 382.185416 391.978067 394.049227 397.227032 400.950411 400.195806 388.206712 385.808504 394.348283 404.914829 410.939700 411.313667 411.439631 409.803030 408.965965 408.697494 406.605031 407.753796 410.549327 411.166409 416.319379 422.218588 425.173048 416.996214 407.668728 408.109803 415.557193 423.376925 430.535150 441.163106 452.444732 450.990201 444.885645 435.402742 421.199449 397.153427 376.886762 365.660442 358.291740 350.753129 349.941277 346.839131 357.382363 358.716533 360.141852 368.211032 378.235744 388.162116
388.223529 396.609278 390.840355 385.641714 382.694327 383.534872 384.016209 387.644887 400.989242 415.438329 430.854879 434.141400 437.146707 437.090779 427.909645 417.751537 413.867082 428.960043 445.220544 453.796748 454.920485 455.138543 462.951525 461.606032 459.750535 454.907507 457.564748 460.213478 471.459341 479.686827 487.119969 485.511462 473.552090 461.957510 459.664938 461.409624 463.577500 469.211490 479.231273 488.823968 483.340292 475.324061 464.184805 434.333259 405.731462 387.790309 387.324287 386.826280 381.341773 377.474769 373.328455 365.392373 364.305099 363.011867 361.945741 373.442939 385.315354
438.670853 455.278723 449.872874 441.850984 431.493887 432.263557 435.974751 444.873157 459.036406 478.266034 503.691682 508.106259 512.496568 516.353587 505.643569 493.525508 482.203857 499.369556 509.769328 519.178104 522.297664 533.660341 544.444572 540.367861 532.618506 523.284784 530.487302 544.267210 560.598970 568.518116 573.252974 573.264738 562.635497 556.310556 552.990079 552.928612 548.616939 551.546022 561.536580 576.134254 575.048760 563.945705 539.582689 501.150522 464.389724 441.193803 444.500517 436.463356 428.770906 423.576524 408.321297 395.997461 394.793208 384.262521 377.167264 387.825947 393.157021
490.761718 510.186599 506.739212 496.372471 483.867086 484.080527 492.639625 503.614460 524.441973 550.410469 577.416313 589.559266 595.990165 606.312109 600.174966 590.994830 582.535984 591.900722 604.824027 617.686276 629.316881 643.403995 656.543402 649.519173 639.526097 636.374511 642.589153 663.011437 681.670919 689.541180 693.607927 698.338206 690.462555 682.009129 672.042948 662.787755 653.854523 647.747930 663.624910 678.375815 675.197775 649.624381 622.793960 584.373500 543.675495 507.285327 501.971162 497.601681 494.314934 477.104685 459.567378 440.099959 428.080147 417.423672 401.468485 405.249953 409.426700
596.436414 619.339758 623.278108 608.475286 602.433908 607.878824 620.975501 629.466680 647.186663 677.070387 714.525426 741.253982 764.167318 769.670720 761.210350 751.959963 738.488192 735.371825 751.824048 765.044153 777.757683 790.929596 805.488517 813.987295 813.845035 815.131783 819.983565 828.445965 839.944420 850.906161 860.483237 868.554432 866.575095 854.716050 843.412616 829.255404 817.609451 812.359747 812.004256 820.390793 816.841903 789.686943 758.819140 723.007680 681.223327 644.168204 620.431731 620.815980 605.534953 584.256420 560.298542 521.142054 500.391463 481.428675 449.513052 443.030454 450.251118
726.115784 745.219670 761.589319 759.503400 762.113071 766.348867 774.200097 781.583256 793.970740 833.101831 874.296302 908.126331 934.368537 943.992571 934.535436 925.202347 914.102564 905.253196 908.827848 923.334789 940.593536 957.325632 969.637230 974.751032 974.818865 976.439053 979.892612 985.186532 991.005685 1000.143353 1010.208439 1021.842798 1032.992093 1026.204844 1006.669640 990.600914 973.670578 966.607390 964.018937 960.843469 959.327116 950.984243 918.532761 886.579547 848.659569 810.507613 781.794208 760.993366 737.213292 710.477263 660.242290 614.237509 574.550612 542.625333 510.515255 503.826215 524.475262
875.418015 904.794334 922.226527 926.541816 928.871302 931.585176 938.010632 944.878892 955.478827 981.336584 1021.224340 1059.256278 1088.655013 1093.222668 1085.024823 1075.675395 1066.184326 1057.212279 1054.698944 1061.975666 1072.351047 1087.463874 1098.823771 1108.984878 1109.101678 1110.268814 1111.575319 1115.065851 1118.753837 1122.497108 1130.601596 1142.360990 1152.544299 1152.875226 1139.424920 1121.807385 1104.083388 1096.447365 1090.392501 1084.796319 1084.239140 1083.662522 1076.177166 1050.184471 1011.960590 965.088187 933.588351 908.513344 891.402402 870.075318 839.179722 782.297231 746.748462 707.205292 667.323497 639.644536 671.659543
1011.413109 1043.888749 1063.423423 1071.343384 1071.395436 1073.031515 1079.801707 1086.466889 1097.747594 1115.204595 1137.916348 1164.948192 1189.817295 1206.431751 1203.495952 1192.776781 1177.682246 1174.268541 1173.945955 1175.914246 1181.786167 1188.423288 1202.288990 1216.668725 1221.702459 1222.648608 1220.929652 1223.820025 1226.009670 1227.276851 1228.897762 1233.257633 1239.501445 1241.420660 1236.922635 1222.278502 1203.852848 1190.400872 1182.681729 1178.916211 1176.894958 1177.527792 1176.253761 1164.771982 1137.122468 1100.590352 1067.297558 1044.315589 1026.302914 1009.021037 992.286017 968.824154 946.163792 912.098873 864.526226 821.394343 810.799477
1118.677757 1144.340930 1167.194124 1182.120411 1185.216531 1189.985053 1193.739684 1202.918445 1217.630711 1235.118544 1247.472028 1262.237984 1281.321073 1292.470120 1298.162181 1299.365623 1299.443224 1302.116739 1302.867538 1283.551983 1286.008159 1288.067577 1292.943932 1299.036192 1300.755239 1300.921232 1300.425846 1301.942215 1303.005659 1304.044492 1304.390622 1304.269407 1305.813045 1306.222304 1305.398487 1300.254574 1301.471529 1286.360111 1276.037850 1269.816003 1263.105591 1255.174561 1246.173500 1237.292707 1223.007158 1198.988022 1168.800760 1143.051160 1131.528410 1123.387944 1114.070052 1105.296876 1087.906906 1064.899772 1032.811399 991.563827 952.646210
1210.678378 1228.764456 1252.746559 1268.858122 1277.507842 1284.581706 1288.341727 1299.204383 1310.962401 1307.279056 1309.656011 1312.026739 1314.383302 1315.122699 1315.482676 1315.746768 1314.215961 1314.679713 1313.879842 1309.668256 1300.757546 1302.093392 1303.017759 1304.818346 1307.683949 1306.015886 1306.943850 1310.262886 1309.570535 1305.128902 1302.419788 1301.239755 1301.587410 1308.379539 1311.322843 1312.315291 1312.382253 1312.705932 1313.430400 1313.311845 1312.653702 1311.091840 1308.729908 1310.204448 1301.399581 1280.960230 1252.155158 1221.304998 1208.025729 1202.891845 1202.231349 1197.850655 1191.071462 1172.988037 1147.024783 1112.422842 1075.396624
1309.483084 1309.201039 1315.631552 1318.507894 1319.516498 1321.040261 1322.656020 1322.867679 1319.286116 1315.606270 1310.864503 1309.468702 1307.960119 1305.427725 1306.051810 1304.397091 1301.194301 1298.723290 1293.666213 1284.151732 1273.492136 1271.183353 1275.224474 1279.162795 1282.321050 1284.541448 1287.558617 1289.266719 1285.688591 1279.290046 1273.488678 1272.091000 1278.320822 1283.400808 1288.063304 1288.845968 1288.243035 1287.595769 1289.341494 1288.428632 1289.889808 1296.405326 1308.854954 1314.683313 1316.436589 1316.479154 1311.861112 1302.869859 1292.865729 1273.792520 1276.208620 1271.132131 1260.023610 1240.776722 1219.658547 1193.605232 1168.138970
1318.707555 1316.789387 1310.817253 1304.842441 1303.716442 1306.980886 1313.164500 1314.122090 1307.179588 1299.216969 1292.595879 1286.107684 1283.923396 1282.330950 1281.496333 1281.725797 1277.254122 1271.055578 1257.742874 1247.563658 1237.147002 1231.141962 1228.850900 1232.762072 1240.666248 1248.396110 1252.442457 1246.885894 1241.068165 1232.439682 1225.911324 1226.825385 1229.237130 1237.444297 1250.030252 1254.038571 1255.642438 1252.634140 1250.668845 1246.941789 1246.382014 1253.355303 1267.181804 1280.687179 1292.720874 1300.024844 1306.948526 1312.978393 1317.068747 1317.208613 1316.637728 1314.950238 1312.522910 1298.502428 1280.114361 1259.687797 1238.966600
1301.185650 1296.757824 1290.518344 1284.902823 1283.012660 1285.029109 1287.560727 1284.137640 1277.561978 1267.876749 1257.520010 1248.042002 1241.914163 1242.116900 1243.747180 1244.520505 1239.081358 1226.381744 1210.869708 1198.584148 1185.042159 1180.451097 1174.650396 1169.470379 1178.060170 1192.792215 1198.087239 1185.975328 1177.971077 1166.018560 1160.211186 1158.212968 1159.984154 1168.896741 1187.462456 1205.896758 1208.447301 1201.747931 1195.695980 1193.787263 1193.235018 1200.401320 1217.658899 1235.744347 1248.826140 1257.262246 1262.315626 1269.724727 1278.150169 1288.495754 1299.486970 1308.400161 1315.900418 1318.185347 1316.753318 1313.142898 1301.056916
1279.798244 1273.252250 1266.987930 1261.187622 1256.843473 1254.161947 1251.075586 1244.712430 1237.623203 1224.427343 1212.370208 1200.161444 1186.019095 1181.730770 1178.324433 1179.770039 1169.202248 1159.447307 1141.298077 1125.495831 1108.421661 1096.257527 1088.198429 1080.315189 1083.020976 1096.744460 1105.056036 1092.070517 1083.155176 1071.807673 1066.928382 1064.637521 1066.932631 1077.299110 1099.877344 1119.587561 1128.783837 1124.652004 1123.403341 1124.802248 1126.707601 1133.815584 1148.857485 1168.389001 1188.507209 1203.734182 1212.779324 1220.230499 1229.566577 1242.395025 1254.137794 1265.442856 1279.571668 1296.510655 1309.025715 1317.200621 1321.139912
1251.270177 1242.922242 1233.282820 1223.050823 1216.632451 1216.686349 1208.829853 1201.052943 1185.498660 1139.722947 1120.466524 1100.237571 1082.452862 1074.552567 1065.703766 1057.768471 1048.242742 1040.996896 1031.881479 1013.426501 991.593162 970.909689 961.747793 954.428437 943.949707 947.959892 950.760110 953.885102 947.224894 941.920170 940.296604 938.666599 943.015118 958.028674 972.262633 985.772206 995.945656 999.060469 1011.055455 1022.292754 1029.853000 1048.458947 1064.403684 1084.382055 1108.166542 1133.392252 1147.973990 1158.719736 1170.321640 1185.606355 1200.962998 1216.124310 1235.590159 1256.791363 1269.969750 1279.090680 1289.458257
1212.016358 1198.469078 1185.583229 1172.211837 1158.161043 1156.825455 1150.459641 1138.724081 1095.153485 1048.778264 1011.556750 987.043057 959.231594 943.552758 929.843032 902.806636 887.612732 879.769167 881.432915 866.892637 843.332069 822.745793 809.961892 800.157361 785.303527 775.953692 780.155403 792.016794 787.325281 785.523696 789.750550 788.589832 786.673409 795.011688 812.707233 825.036208 839.572815 856.112293 866.573388 881.068152 911.798342 930.333188 950.502017 976.761824 1005.585942 1034.342340 1059.272206 1076.706653 1094.925653 1116.292812 1134.300008 1154.867193 1177.131507 1203.601960 1221.085532 1233.772979 1243.930432
1143.306442 1125.199524 1105.310851 1081.981541 1058.332082 1052.244634 1040.385820 1015.488222 961.777721 912.949331 874.263269 842.828658 810.365276 786.144063 755.977413 722.304266 700.600972 703.775930 708.780525 705.665014 687.405598 670.525080 657.240489 641.605586 624.885959 612.898933 620.992783 629.584431 637.152560 640.523644 644.450488 647.169377 646.878546 644.380577 652.470787 663.961929 677.509986 691.608759 708.686141 742.046844 771.211836 793.438771 820.445064 849.281630 882.388812 915.571560 945.159996 969.222309 995.810058 1022.107427 1048.190037 1072.738488 1100.180930 1130.734031 1155.377474 1171.023291 1185.359526
1052.603414 1025.054254 992.291472 947.238552 926.517921 912.622273 894.511994 850.902975 797.685760 752.094183 719.479094 687.727282 658.150995 627.542404 594.061222 565.709380 544.643255 550.247683 555.951270 565.049127 551.048972 537.714968 529.738235 513.836713 499.090715 484.376094 491.860343 501.613143 518.339042 522.420190 525.950847 532.944281 532.281887 530.713664 523.553935 533.668540 545.656670 561.141496 590.572290 618.017835 645.083646 669.783988 694.753483 723.425476 755.121166 787.473768 821.399234 850.458234 880.370303 912.101864 941.271541 967.871943 996.769851 1029.389067 1057.085265 1080.519628 1104.769758
927.502197 895.190423 849.751380 796.591437 756.074355 735.651508 693.794471 654.272727 611.675176 587.148556 563.422024 536.246032 511.360922 487.714717 459.986567 436.096498 411.553320 414.728049 426.425996 439.459193 432.420051 427.679413 423.654530 411.715807 397.630045 383.844708 387.377429 402.405532 419.193776 426.495930 433.133305 440.804804 441.174963 434.892528 427.126793 433.528891 448.333205 465.509965 488.024156 512.088285 535.930997 558.670101 584.170006 611.460005 639.998327 671.006043 703.735571 730.910388 762.825095 796.151928 824.892334 847.132285 872.318569 906.437194 933.446958 963.390304 994.260435
787.061789 752.923727 705.090146 656.222186 608.753186 566.931557 530.626024 495.933366 474.207956 451.930242 431.141513 410.642187 387.996367 367.178078 347.174815 324.472604 305.792286 310.721676 323.562562 334.705980 336.844284 333.401103 329.932745 321.975588 308.066718 297.506593 305.832498 321.247574 336.265291 346.421180 353.212373 359.460103 356.924316 348.975380 343.213370 351.628187 367.609186 383.202526 401.476490 423.900708 446.438583 469.489675 493.889615 518.742092 546.385158 575.249138 605.001582 635.007114 663.718071 691.689138 709.562903 728.432834 744.756642 769.716007 796.821167 827.243501 862.264455
637.596555 604.983318 567.404618 524.797055 490.882120 456.351697 423.309979 390.903188 363.740146 344.738694 333.324183 317.294741 297.047331 282.713118 265.189238 246.792216 245.964074 248.897436 260.256628 261.645864 262.079413 258.876162 257.556560 252.890451 241.791749 248.313917 255.904795 270.704708 281.635273 291.117530 297.464663 301.703048 301.561147 295.076087 298.531698 305.990378 320.969119 333.319961 349.071588 370.585511 388.870571 409.339815 432.555521 456.747914 482.404745 509.821919 539.520820 566.934420 589.972886 603.435490 618.483314 629.396320 629.633508 649.684772 671.133773 693.757248 725.793814
