tests/Borden05m/data_simulated/sim_1/output-maps/psiliqL0001N0013.asc
ncols         160
nrows         34
xllcorner     620200.000000
yllcorner     5168000.000000
cellsize      0.500000
NODATA_value  -9999.0
[rows 0 to 24 of 34, columns 0 to 55 of 160]
-9999.0 -9999.0 -9999.0 -9999.0 -9999.0 -9999.0 -9999.0 -9999.0 -9999.0 -9999.0 -9999.0 -9999.0 -9999.0 -9999.0 -9999.0 -9999.0 -9999.0 -9999.0 -9999.0 -9999.0 -9999.0 -9999.0 -9999.0 -9999.0 -9999.0 -9999.0 -9999.0 -9999.0 -9999.0 -9999.0 -9999.0 -9999.0 -9999.0 -9999.0 -9999.0 -9999.0 -9999.0 -9999.0 -9999.0 -9999.0 -9999.0 -9999.0 -9999.0 -9999.0 -9999.0 -9999.0 -9999.0 -9999.0 -9999.0 -9999.0 -9999.0 -9999.0 -9999.0 -9999.0 -9999.0 -9999.0
-9999.0 -9999.0 -9999.0 -9999.0 -9999.0 -9999.0 -9999.0 -9999.0 -9999.0 -9999.0 -9999.0 -9999.0 -9999.0 -9999.0 -9999.0 -9999.0 -9999.0 -9999.0 -9999.0 -9999.0 -9999.0 -9999.0 -9999.0 -9999.0 -9999.0 -9999.0 -9999.0 -9999.0 -9999.0 -9999.0 -9999.0 -9999.0 -9999.0 -9999.0 -9999.0 -9999.0 -9999.0 -9999.0 -9999.0 -9999.0 -9999.0 -9999.0 -9999.0 -9999.0 -9999.0 -9999.0 -9999.0 -9999.0 -9999.0 -9999.0 -9999.0 -9999.0 -9999.0 -9999.0 -9999.0 -9999.0
-9999.0 -9999.0 -9999.0 -9999.0 -9999.0 -9999.0 -9999.0 -9999.0 -9999.0 -9999.0 -9999.0 -9999.0 -9999.0 -9999.0 -9999.0 -9999.0 -9999.0 -9999.0 -9999.0 -9999.0 -9999.0 -9999.0 -9999.0 -9999.0 -9999.0 -9999.0 -9999.0 -9999.0 -9999.0 -9999.0 -9999.0 -9999.0 -9999.0 -9999.0 -9999.0 -9999.0 -9999.0 -9999.0 -9999.0 -9999.0 -9999.0 -9999.0 -9999.0 -9999.0 -9999.0 -9999.0 -9999.0 -580.841890 -583.969524 -587.759388 -588.809339 -584.616031 -582.819707 -581.177376 -580.127895 -579.161007
-9999.0 -9999.0 -9999.0 -9999.0 -9999.0 -9999.0 -9999.0 -9999.0 -9999.0 -9999.0 -9999.0 -9999.0 -9999.0 -9999.0 -9999.0 -9999.0 -9999.0 -9999.0 -9999.0 -9999.0 -9999.0 -9999.0 -9999.0 -9999.0 -9999.0 -9999.0 -9999.0 -9999.0 -9999.0 -9999.0 -9999.0 -9999.0 -9999.0 -9999.0 -9999.0 -9999.0 -9999.0 -9999.0 -9999.0 -9999.0 -581.516566 -580.059253 -578.829188 -580.911102 -581.738470 -581.484526 -583.627234 -586.143551 -588.754191 -587.927992 -587.894493 -589.817263 -586.989507 -584.758601 -584.070485 -583.511783
-9999.0 -9999.0 -9999.0 -9999.0 -9999.0 -9999.0 -9999.0 -9999.0 -9999.0 -9999.0 -9999.0 -9999.0 -9999.0 -9999.0 -9999.0 -9999.0 -9999.0 -9999.0 -9999.0 -9999.0 -9999.0 -9999.0 -9999.0 -9999.0 -9999.0 -9999.0 -9999.0 -9999.0 -9999.0 -9999.0 -9999.0 -9999.0 -9999.0 -9999.0 -587.714424 -585.039202 -583.916688 -582.866414 -581.215560 -581.882276 -582.456755 -581.189880 -582.332801 -582.353541 -583.731688 -586.326357 -588.929857 -590.367893 -588.713801 -589.231629 -589.254186 -587.933296 -587.172119 -586.964999 -585.157878 -582.180166
-9999.0 -9999.0 -9999.0 -9999.0 -9999.0 -9999.0 -9999.0 -9999.0 -9999.0 -9999.0 -9999.0 -9999.0 -9999.0 -9999.0 -9999.0 -9999.0 -9999.0 -9999.0 -9999.0 -9999.0 -9999.0 -9999.0 -9999.0 -9999.0 -9999.0 -9999.0 -9999.0 -9999.0 -583.537968 -584.601086 -585.410030 -585.344725 -585.727306 -587.234484 -587.677822 -587.480716 -586.111045 -583.857853 -583.562135 -583.931197 -583.807243 -584.394980 -585.987669 -586.128617 -584.315609 -585.891118 -586.596115 -587.611975 -590.300242 -590.964681 -589.444091 -588.028174 -586.847348 -586.662035 -586.625156 -586.759721
-9999.0 -9999.0 -9999.0 -9999.0 -9999.0 -9999.0 -9999.0 -9999.0 -9999.0 -9999.0 -9999.0 -9999.0 -9999.0 -9999.0 -9999.0 -9999.0 -9999.0 -9999.0 -9999.0 -9999.0 -9999.0 -9999.0 -9999.0 -585.265833 -584.282406 -583.939080 -583.092750 -583.559137 -585.683793 -587.019610 -587.592365 -588.069957 -589.203220 -589.367379 -589.447588 -588.809562 -588.382090 -586.015555 -587.359320 -588.234391 -586.151891 -586.705618 -585.312333 -583.692709 -584.055613 -583.678893 -586.621247 -588.815115 -586.463779 -585.546749 -585.724757 -586.345677 -585.708754 -584.830550 -583.727296 -581.725978
-9999.0 -9999.0 -9999.0 -9999.0 -9999.0 -9999.0 -9999.0 -9999.0 -9999.0 -9999.0 -9999.0 -9999.0 -9999.0 -9999.0 -9999.0 -9999.0 -9999.0 -9999.0 -9999.0 -585.054858 -585.376465 -586.007842 -585.790772 -587.834944 -588.710604 -588.168122 -587.117790 -587.782167 -588.950312 -589.957268 -589.843140 -589.721991 -590.002216 -588.528187 -587.370401 -587.062229 -587.513334 -585.692985 -585.240136 -584.237014 -581.392566 -583.365618 -585.259989 -586.250579 -586.332898 -586.900785 -585.141482 -584.626468 -584.529579 -584.784152 -584.835490 -584.518230 -584.420473 -582.244536 -580.295674 -578.751631
-9999.0 -9999.0 -9999.0 -9999.0 -9999.0 -9999.0 -9999.0 -9999.0 -9999.0 -9999.0 -9999.0 -9999.0 -9999.0 -9999.0 -9999.0 -9999.0 -585.179079 -585.362403 -586.144420 -587.417310 -588.516849 -588.561661 -587.760348 -589.287390 -589.811519 -589.510818 -590.206429 -589.502663 -588.738206 -587.807948 -587.408965 -588.519149 -588.374130 -588.602008 -588.823994 -588.448021 -586.382101 -584.519026 -584.256958 -582.941675 -580.409484 -582.012077 -582.670891 -582.597671 -583.604610 -582.860509 -578.986496 -579.764494 -581.641583 -577.602710 -575.560884 -576.536817 -577.140656 -574.720679 -570.993489 -566.131442
-9999.0 -9999.0 -9999.0 -9999.0 -9999.0 -9999.0 -9999.0 -9999.0 -9999.0 -9999.0 -9999.0 -9999.0 -9999.0 -585.349583 -585.522003 -585.344569 -587.335178 -588.866552 -589.808812 -591.119683 -589.537833 -590.733902 -591.137323 -590.895794 -589.496822 -589.515563 -589.404658 -588.553594 -588.924134 -589.425432 -589.914903 -590.871916 -589.747318 -588.647600 -587.944817 -586.357498 -585.220485 -584.397054 -582.653234 -582.518850 -581.360314 -581.959757 -583.596116 -583.980583 -582.809485 -579.274339 -576.685069 -575.934438 -571.006885 -565.848541 -563.516503 -560.364676 -559.016487 -557.163042 -552.091458 -535.723983
-9999.0 -9999.0 -9999.0 -9999.0 -9999.0 -9999.0 -9999.0 -9999.0 -9999.0 -9999.0 -588.326730 -587.320636 -588.801594 -591.549827 -592.772572 -592.185796 -591.576742 -592.640086 -592.657421 -589.849772 -588.342304 -591.089021 -589.289057 -589.318583 -590.523871 -590.294835 -589.617335 -589.584446 -587.913822 -587.955215 -588.047504 -585.280800 -584.685910 -584.049761 -583.128630 -582.160381 -581.391198 -577.294689 -573.830185 -574.263207 -569.176442 -565.928156 -568.823920 -569.856896 -569.180296 -565.489108 -559.398644 -550.339377 -540.606140 -525.720187 -510.764978 -498.846566 -488.191201 -473.105759 -451.257217 -423.397289
-9999.0 -9999.0 -9999.0 -9999.0 -9999.0 -9999.0 -9999.0 -9999.0 -592.293431 -590.729600 -589.739372 -590.987470 -592.660942 -595.694152 -594.580909 -593.498044 -592.788934 -591.713660 -591.237768 -590.872612 -591.652797 -590.756736 -589.035056 -589.614983 -589.497682 -588.400184 -588.479098 -587.536277 -586.051152 -586.997531 -586.282919 -584.982641 -583.859355 -582.887144 -581.684787 -581.110613 -576.935772 -571.288202 -565.065919 -559.677614 -551.807129 -541.304398 -541.461178 -539.298042 -536.918365 -521.571004 -496.228911 -455.791026 -424.438592 -407.289078 -389.861871 -379.361802 -371.294364 -360.202712 -345.592326 -332.505032
-9999.0 -9999.0 -9999.0 -9999.0 -9999.0 -9999.0 -594.597683 -591.140736 -589.474612 -593.423906 -596.418509 -597.413402 -599.202829 -595.356580 -591.939299 -591.344177 -590.901142 -590.366979 -590.801437 -593.163993 -588.008039 -589.596915 -590.769920 -589.271137 -589.526902 -589.520023 -588.654656 -586.540321 -585.762310 -581.444477 -578.398767 -575.818334 -572.207375 -570.043137 -567.697552 -564.944213 -557.092802 -544.453402 -526.062200 -504.143690 -473.195370 -437.831554 -424.685617 -418.916840 -414.057305 -405.205850 -386.572412 -363.248422 -335.225576 -308.712612 -288.902443 -279.367089 -270.035587 -258.671510 -243.766022 -226.450813
-9999.0 -9999.0 -9999.0 -9999.0 -592.594775 -591.866713 -592.564923 -589.574996 -587.500787 -592.318680 -590.602536 -591.442242 -593.007291 -594.952845 -597.281394 -595.686739 -594.807579 -594.252338 -594.640998 -589.620846 -585.462521 -588.507119 -586.488728 -582.420881 -583.568093 -583.272216 -583.248436 -581.550827 -578.298127 -574.164409 -564.063388 -554.584755 -547.885117 -538.896145 -529.100972 -514.805898 -485.653038 -438.901447 -412.789973 -391.176936 -368.266968 -347.539279 -333.127055 -326.138455 -317.486436 -306.754657 -291.347195 -267.963839 -240.348511 -206.924878 -184.496027 -167.858748 -161.167246 -148.020221 -131.223833 -86.870638
-9999.0 -9999.0 -9999.0 -594.596301 -591.226775 -590.057934 -591.798798 -591.275915 -588.744766 -591.346959 -591.869535 -592.312166 -592.571748 -592.553103 -592.780359 -591.892994 -591.808759 -592.656585 -592.087716 -589.228065 -588.104613 -585.851066 -584.242039 -581.551249 -579.210857 -578.445410 -577.257197 -573.859253 -564.929202 -554.320183 -532.344309 -495.466145 -450.517622 -423.975514 -412.148385 -397.647428 -381.145588 -354.722940 -328.800151 -303.220054 -275.707925 -250.465305 -225.665904 -217.047641 -211.974014 -203.055772 -188.159605 -166.243860 -141.273732 -79.745463 -83.321942 -36.378494 -52.668980 -20.039662 -7.075314 5.732771
-9999.0 -9999.0 -593.895063 -592.007315 -593.416629 -591.051545 -588.459389 -590.550638 -587.415594 -586.441751 -589.819625 -587.989522 -587.088152 -589.196282 -587.956481 -586.571317 -585.967947 -588.561919 -590.532591 -587.148149 -579.723528 -573.747866 -570.731001 -554.921671 -545.073709 -538.468900 -535.322493 -524.184229 -502.822823 -449.410987 -411.845129 -379.483588 -347.643140 -321.102159 -309.766656 -296.229837 -275.215898 -252.941402 -225.823459 -200.103591 -172.263582 -142.433324 -85.809134 -75.000577 -99.166606 -59.497972 -68.212344 -23.219288 -6.074552 11.350010 27.393562 28.528137 27.546325 28.175668 28.483802 27.634613
-9999.0 -9999.0 -596.089814 -592.922876 -595.229703 -590.231742 -585.744279 -590.555260 -589.343734 -584.674035 -586.151949 -585.759868 -586.489948 -586.290637 -584.345588 -580.165636 -582.578379 -583.489299 -588.435546 -577.408582 -567.540039 -549.341551 -508.754921 -453.764129 -419.744238 -414.321377 -411.882975 -402.603965 -386.007265 -350.059001 -305.765201 -258.201045 -218.331768 -191.733148 -178.634905 -164.926892 -142.663913 -88.895893 -74.992678 -74.997778 -30.523501 -14.892435 6.775205 22.596905 27.356110 28.487032 27.253742 28.314690 27.632364 27.978266 27.869822 23.912732 23.763899 23.745638 24.568681 20.456572
-9999.0 -596.712321 -595.151260 -595.105930 -591.897603 -593.095897 -589.389582 -584.023882 -584.708873 -583.028821 -583.255522 -586.709866 -575.665320 -565.960428 -562.951992 -554.206529 -558.301346 -561.152227 -567.195620 -555.154912 -530.230004 -446.466618 -366.004458 -316.416085 -287.962469 -283.294488 -286.149387 -273.157700 -249.229657 -213.576244 -157.107411 -81.311596 -46.353570 -20.255744 -12.757629 -11.245301 0.328254 15.000384 30.886730 31.982458 33.041414 32.108309 28.487980 27.581860 28.633199 27.445629 25.404646 19.059542 11.993575 7.082144 2.640366 -23.541098 0.375104 4.721007 5.710402 -1.582039
-9999.0 -601.594891 -595.275451 -591.585808 -593.145347 -595.866124 -587.100377 -574.124481 -579.671798 -581.629513 -582.489824 -573.979878 -546.385112 -516.301907 -489.690960 -451.576935 -454.074775 -469.675849 -467.565723 -428.886229 -389.758034 -328.958103 -227.132131 -147.990783 -97.832781 -89.461092 -82.335450 -63.078735 -38.983118 -18.594327 -1.400249 19.763826 21.748458 22.025270 21.787370 22.027923 21.784488 22.053969 18.351526 15.034443 10.722585 10.669589 13.860212 13.575857 11.228318 8.640555 -18.248624 -5.360665 -11.113728 -17.492313 -52.217852 -62.371567 -60.044283 -42.572636 -31.066304 -66.816717
-9999.0 -596.384119 -589.223784 -591.123919 -597.111624 -588.601646 -585.584032 -576.931276 -570.337003 -573.199407 -561.641240 -517.256822 -437.647876 -393.569938 -362.700914 -341.391462 -326.963285 -326.205063 -305.679984 -251.713822 -149.851663 -84.028200 -44.536035 2.585354 8.832652 8.890900 8.832544 8.852710 8.883775 8.895682 8.923748 7.104551 11.397485 13.330600 12.130635 9.350058 4.931409 -3.098175 -8.545465 -11.466009 -15.006383 -15.116373 -11.971869 -11.511833 -13.889773 -18.465737 -59.882913 -70.081967 -78.324791 -87.715101 -97.561397 -104.128030 -105.681239 -106.856101 -110.012192 -120.129116
-9999.0 -604.609214 -594.416237 -603.027985 -590.847640 -581.002596 -583.208362 -568.156550 -549.124771 -541.895929 -468.101389 -404.180650 -343.915322 -300.481701 -266.569344 -228.771796 -201.742089 -172.159407 -128.870506 -35.836049 4.834066 17.038891 17.209119 17.233016 8.906128 8.888712 0.814948 -18.180878 -28.375119 -35.057052 -33.459594 -27.614413 -20.235969 -14.378345 -16.491743 -17.189588 -31.398360 -61.564120 -69.813128 -78.711887 -86.337805 -91.314136 -92.000201 -86.785361 -92.673197 -98.837563 -111.269109 -121.852136 -131.894327 -141.301877 -150.612778 -158.328144 -161.310965 -166.210490 -167.375995 -174.921708
-9999.0 -610.756747 -603.478164 -597.907529 -587.341689 -580.194925 -572.812807 -555.748695 -510.852874 -442.508228 -387.976212 -357.608714 -308.218000 -252.451272 -196.035199 -165.444409 -148.037823 -139.027778 -123.488014 -101.099024 -66.891957 -64.356355 -52.122365 -32.643369 -26.793570 -24.930145 -77.379965 -96.098303 -104.646609 -105.864246 -106.309424 -105.696424 -105.258154 -106.374786 -110.017588 -110.535444 -110.746261 -121.481197 -130.912911 -138.635992 -145.018892 -152.205241 -157.100323 -159.577762 -162.362661 -164.054534 -173.016947 -184.205030 -195.008788 -203.461129 -211.768549 -218.174216 -220.180485 -224.136065 -229.373451 -238.766131
-9999.0 -624.541934 -600.848025 -597.947378 -591.617890 -589.969228 -588.534585 -576.411241 -555.360203 -451.583074 -334.765789 -322.256345 -305.308816 -273.573526 -220.120505 -171.552845 -164.852833 -190.856122 -208.230420 -212.077235 -199.726435 -185.997673 -169.827469 -148.895367 -134.840847 -129.724152 -138.333324 -150.564156 -164.676261 -171.679514 -174.806656 -181.317649 -186.419492 -186.779165 -189.299169 -185.792845 -184.071467 -194.539574 -206.877818 -220.434146 -231.923173 -240.220261 -243.050481 -242.594984 -243.341786 -246.345194 -253.520832 -262.972790 -274.283410 -284.277491 -292.012720 -297.283178 -302.307858 -308.984034 -316.328377 -323.997701
-9999.0 -9999.0 -611.525684 -597.854539 -596.149889 -594.221865 -592.514355 -582.924951 -572.654393 -529.305355 -450.767842 -406.764748 -380.205067 -349.014180 -304.334328 -267.990507 -262.987232 -257.349628 -279.349640 -278.653061 -273.134525 -266.838807 -255.837890 -242.968975 -231.303117 -224.908614 -222.913165 -226.046094 -235.215098 -248.498114 -263.087283 -274.058778 -281.073911 -286.044854 -280.280859 -271.585374 -273.178082 -279.350487 -289.139296 -301.460737 -311.388375 -321.107580 -323.353426 -322.227801 -322.151133 -324.523550 -328.927607 -339.179352 -349.901001 -360.710146 -366.024595 -371.028808 -375.727674 -383.552471 -391.112485 -398.850932
-9999.0 -9999.0 -626.899529 -604.866323 -595.581762 -589.203921 -590.281518 -589.042703 -574.986629 -568.223701 -556.345707 -534.165829 -506.843397 -460.211959 -425.612268 -399.152181 -387.753560 -382.588560 -383.606212 -378.833792 -365.996463 -351.733602 -341.048319 -331.013967 -321.737464 -314.391240 -307.946562 -316.052609 -324.271965 -336.522220 -352.171260 -369.330102 -378.402399 -383.165363 -380.224448 -374.810727 -378.246723 -384.968278 -393.684659 -403.049464 -409.433185 -415.448798 -416.896002 -417.319009 -417.333585 -418.750055 -421.231339 -429.463646 -443.415172 -456.279377 -466.925782 -476.007652 -481.411814 -491.295930 -502.142236 -509.409070
