tests/Borden05m/data_simulated/sim_1/output-maps/psiliqL0023N0018.asc
ncols         160
nrows         34
xllcorner     620200.000000
yllcorner     5168000.000000
cellsize      0.500000
NODATA_value  -9999.0
[rows 0 to 24 of 34, columns 55 to 109 of 160]
-9999.0 -9999.0 -9999.0 -9999.0 -9999.0 -9999.0 -9999.0 -9999.0 -9999.0 -9999.0 -9999.0 -9999.0 -9999.0 -9999.0 -9999.0 -9999.0 -9999.0 -9999.0 -9999.0 -9999.0 -9999.0 -9999.0 -9999.0 -9999.0 -9999.0 -9999.0 -9999.0 -9999.0 -9999.0 -9999.0 -9999.0 -9999.0 -9999.0 -9999.0 -9999.0 -9999.0 -9999.0 -9999.0 -9999.0 -9999.0 -9999.0 -9999.0 -9999.0 -9999.0 -9999.0 -9999.0 -9999.0 -9999.0 -9999.0 -9999.0 -9999.0 -9999.0 -9999.0 -9999.0 -9999.0
-9999.0 -9999.0 -9999.0 -9999.0 2810.482364 2805.195609 2800.454042 2797.248978 2814.236373 2805.430855 2798.006860 2794.443114 2793.902915 2793.638365 2793.617286 2799.101818 2807.640735 2815.685785 2822.924272 2796.235844 2797.182815 2799.128128 2799.470056 2798.413096 2796.800380 2824.224004 2820.998011 2819.496068 2812.111097 2801.035466 2792.682794 2790.000405 2794.195877 2798.478995 2800.851206 2806.024151 2816.252408 2826.610867 2804.508100 2813.564671 2819.968798 2825.118563 2827.662137 2823.528273 2820.135264 2816.205299 2811.699173 2800.623875 -9999.0 -9999.0 -9999.0 -9999.0 -9999.0 -9999.0 -9999.0
2780.807485 2799.781598 2796.100046 2799.334084 2813.035350 2808.256091 2805.472709 2804.161902 2800.074656 2792.056007 2787.464317 2782.557332 2780.624229 2781.186770 2781.663010 2785.979735 2797.137850 2805.441734 2810.477901 2813.726524 2816.831580 2815.810594 2815.330782 2815.303665 2812.569085 2809.003644 2805.739952 2804.037902 2805.382036 2797.886607 2792.067197 2788.286952 2785.563260 2788.093179 2790.686364 2794.867181 2803.885284 2811.558107 2819.383375 2802.652309 2812.223724 2817.540037 2814.877174 2810.166226 2807.859903 2801.965951 2819.297003 2808.969445 2800.236416 2793.386870 2787.259684 2780.169726 2785.612549 2792.319173 2800.948926
2765.629271 2785.432013 2806.596786 2809.660002 2799.315934 2791.812455 2785.852026 2786.813750 2790.626011 2787.905965 2783.712778 2777.098788 2787.184299 2788.759159 2790.119318 2793.932596 2796.780125 2801.962480 2804.869528 2810.542839 2819.647382 2822.622317 2823.289847 2823.558022 2821.780180 2818.674629 2816.879977 2814.220264 2809.070340 2807.513351 2807.348517 2806.285534 2810.441368 2811.303071 2814.396389 2808.573732 2812.592532 2818.489541 2824.527832 2830.288224 2801.741666 2802.766426 2799.355287 2801.059477 2824.490086 2810.336959 2799.912152 2791.746654 2790.910148 2787.186936 2778.471750 2764.096088 2771.198207 2786.256659 2790.126489
2772.545476 2782.142714 2793.475364 2796.588177 2792.015112 2794.536612 2796.838337 2798.704657 2797.529081 2794.745582 2791.519672 2802.864444 2811.145839 2813.039891 2816.145752 2820.748047 2822.743369 2812.266274 2810.558867 2818.248245 2827.405378 2832.753531 2833.117051 2833.000668 2829.860236 2828.879927 2828.767984 2827.003169 2826.873855 2828.689936 2826.835915 2830.161384 2835.662891 2804.187179 2832.842673 2824.122957 2825.867326 2834.005566 2806.904690 2812.495058 2820.904642 2831.580548 2831.431895 2826.632822 2819.519350 2808.444429 2817.848690 2799.336935 2787.457101 2778.742162 2770.653661 2771.991987 2766.660514 2778.894279 2779.714785
2764.326500 2784.713009 2804.850086 2811.659450 2806.277906 2802.878546 2801.954870 2803.289734 2803.266854 2804.990520 2815.206882 2827.974506 2804.703467 2805.129077 2807.150905 2808.039853 2838.401464 2828.477783 2825.966341 2839.880963 2817.486163 2823.444386 2823.146594 2819.645610 2823.611129 2823.416589 2823.444141 2819.775825 2820.810221 2819.279724 2825.689279 2833.318929 2841.000407 2837.791096 2827.222107 2815.145397 2814.735351 2819.511931 2823.766916 2830.860091 2840.869640 2849.993601 2845.009305 2839.301343 2831.342274 2806.878483 2819.569527 2804.709531 2803.200970 2802.760831 2797.932297 2794.685914 2792.162128 2786.353902 2785.489705
2805.737047 2825.929589 2812.736975 2824.684391 2818.666859 2811.194077 2802.504132 2802.901968 2803.991684 2810.394213 2821.381455 2835.138635 2855.559422 2855.687017 2856.741629 2856.425929 2845.972023 2833.167851 2823.050965 2844.114091 2853.004013 2860.288379 2858.667819 2864.847227 2873.764407 2870.007805 2863.383062 2851.802400 2857.577170 2865.265872 2880.345318 2887.965765 2892.869218 2889.002217 2875.822814 2869.310662 2870.140921 2875.584574 2875.844133 2883.447788 2892.431563 2907.228385 2905.962007 2901.236524 2880.717297 2843.955510 2817.288811 2841.103253 2812.721246 2806.400603 2834.562822 2832.585027 2819.705812 2810.620317 2812.292882
2809.947030 2822.554289 2837.517333 2854.276975 2846.415907 2836.276341 2820.675642 2818.266912 2823.276338 2833.439691 2851.260762 2870.295572 2890.994677 2891.880478 2887.510031 2896.307501 2890.495761 2880.224216 2872.659832 2891.673663 2902.082132 2911.619161 2918.149828 2930.777874 2941.467638 2926.660659 2910.889498 2901.787361 2908.394259 2932.537125 2953.655679 2958.485820 2958.028476 2958.176320 2944.370872 2939.147456 2935.029376 2934.084859 2930.684670 2928.232770 2951.719331 2971.890013 2971.204542 2949.225974 2926.278243 2888.467900 2850.996880 2826.746254 2834.510410 2831.195950 2835.219505 2823.907493 2811.218239 2803.586409 2834.344746
2863.242014 2886.398058 2903.618411 2924.292093 2917.502885 2896.086883 2882.131592 2885.296007 2898.632530 2906.478700 2924.158652 2942.814304 2969.847073 2984.022091 2996.500925 2982.891666 2993.429716 2985.407126 2973.270754 2976.884619 2998.586303 2990.698500 2998.310450 3007.125192 3019.627845 3021.152852 3015.243148 3013.707782 3017.762438 3029.677448 3042.771253 3049.443532 3052.979120 3055.973759 3045.000279 3032.836634 3030.145042 3024.032189 3021.601181 3020.501265 3029.978441 3048.396069 3045.622386 3011.873297 2986.446354 2970.567894 2933.203402 2903.504078 2894.660965 2910.636431 2907.361278 2890.752696 2878.167380 2850.299598 2844.309971
2937.380274 2970.703951 2995.123875 2988.290697 2995.688574 2982.959948 2981.493066 2985.366847 2993.222095 2996.517644 3002.997868 3035.021132 3068.389905 3093.995486 3116.760310 3123.071426 3112.187567 3102.432146 3089.277053 3080.329600 3089.689954 3105.057281 3122.318457 3137.316978 3148.560591 3150.982571 3149.492521 3149.604121 3152.444750 3155.407987 3159.381419 3167.270502 3174.597932 3178.928238 3187.331568 3178.268888 3166.037347 3156.354467 3146.377967 3144.731941 3145.574773 3148.280821 3149.234543 3134.772337 3095.572465 3066.132359 3034.786905 3013.581060 2999.084405 2997.324284 2997.538443 2974.291623 2924.381457 2887.492216 2855.584075
3008.469094 3050.050101 3078.805265 3096.019956 3108.890158 3106.947568 3108.681138 3109.843403 3113.828972 3116.613404 3120.094126 3145.498955 3181.172000 3219.414714 3250.023541 3250.561680 3237.693500 3226.508586 3217.086441 3203.487756 3199.635498 3211.132627 3225.555479 3244.869962 3255.456814 3262.266165 3259.466922 3259.722506 3261.264377 3263.477959 3265.524113 3268.784552 3277.840926 3291.926054 3305.711764 3305.288293 3287.870618 3270.260295 3254.069496 3250.713705 3247.642617 3242.676578 3244.713029 3246.530580 3232.724722 3203.421866 3169.523219 3129.297786 3110.892901 3094.920773 3085.044728 3069.073823 3033.429693 2990.166348 2953.387747
3120.971440 3153.054788 3177.151338 3206.754220 3222.081347 3225.202376 3223.046206 3222.315269 3229.198832 3232.473171 3238.856857 3255.157065 3285.083530 3318.961460 3347.838328 3363.459873 3356.403535 3339.506031 3318.297507 3309.391830 3306.789461 3310.059265 3318.961146 3330.830752 3349.497683 3368.130403 3373.050955 3373.899596 3371.996114 3373.606224 3375.024384 3375.121310 3377.667897 3385.421390 3394.743856 3397.965683 3390.853642 3371.622136 3348.921180 3337.062287 3330.232049 3326.695058 3327.203724 3331.705297 3334.352863 3320.373943 3286.729635 3243.961659 3213.730684 3197.609172 3184.893368 3176.026518 3164.436147 3135.804374 3115.819914
3223.626237 3238.284256 3265.380914 3293.446816 3316.095891 3330.927037 3331.858683 3335.240382 3339.882117 3347.548918 3362.529434 3384.109056 3402.023658 3423.448899 3448.927686 3464.415515 3469.699075 3468.376962 3464.825382 3466.125176 3466.441187 3410.048915 3415.736841 3421.397516 3436.751098 3450.847842 3455.853608 3456.426577 3454.187640 3455.838594 3456.523249 3456.460007 3456.093295 3458.004729 3462.564435 3464.307200 3462.156004 3450.653280 3466.250899 3446.826665 3433.696773 3425.668900 3417.583352 3409.357453 3400.011804 3390.356285 3371.997071 3342.171989 3308.359851 3286.198208 3277.933116 3272.308944 3264.474668 3259.145933 3242.818048
3321.210735 3331.752782 3349.288067 3371.306605 3403.053998 3425.459348 3436.557459 3445.613224 3450.214577 3463.750911 3479.710376 3465.520384 3473.002611 3480.748524 3488.444911 3491.087882 3491.844565 3491.495296 3489.139284 3488.441230 3486.161501 3482.498323 3472.228279 3473.816521 3475.684825 3478.280201 3481.968459 3480.825595 3481.901951 3484.843594 3483.132791 3477.201187 3473.220607 3471.649366 3472.551202 3479.917612 3483.336056 3484.263762 3481.309660 3480.424454 3479.527045 3476.463071 3472.637613 3467.244714 3460.346106 3473.190461 3461.629519 3434.618720 3395.964142 3357.019303 3348.532306 3349.460251 3349.632183 3348.052861 3342.584968
3441.206819 3454.435773 3468.774154 3449.846890 3469.924400 3480.222137 3485.038585 3488.861775 3491.569293 3494.333464 3491.287635 3488.213581 3483.383244 3481.885816 3480.557534 3478.142274 3478.781818 3476.897693 3472.882187 3468.958365 3461.297879 3449.920590 3438.748931 3435.379232 3439.731989 3445.240406 3450.241219 3454.464250 3458.109800 3458.305411 3452.981926 3444.688078 3437.252187 3435.557104 3442.346073 3448.042002 3454.329729 3455.166762 3453.781527 3451.383164 3451.220719 3448.101136 3448.360690 3455.307079 3469.748420 3472.983701 3478.302326 3477.544915 3462.549224 3435.440915 3443.769589 3424.060730 3429.734834 3425.264408 3414.076292
3482.863722 3485.360854 3483.892279 3482.680121 3476.400060 3470.421301 3469.672575 3473.671150 3480.679886 3481.798216 3474.807915 3466.348564 3459.235943 3451.991305 3449.732390 3449.085434 3448.795473 3449.256145 3444.011658 3435.029105 3418.452933 3406.951378 3395.915676 3389.996238 3386.556257 3390.274778 3401.244488 3412.939006 3417.895465 3409.075677 3400.827460 3389.261092 3381.229304 3381.645904 3382.885714 3392.266575 3408.547191 3415.538921 3416.293476 3410.057066 3403.905761 3397.371238 3394.459920 3400.895842 3416.027590 3432.363732 3447.532555 3456.437726 3464.033366 3470.992411 3470.298309 3472.766181 3474.124807 3472.205785 3474.510477
3477.001097 3470.130016 3463.272599 3458.075080 3451.666247 3446.362539 3444.602915 3446.619618 3448.772001 3444.878488 3438.540112 3428.686116 3417.820901 3408.248412 3400.985830 3402.028988 3404.400011 3405.989986 3398.955444 3383.950927 3367.168589 3353.864339 3340.117718 3336.242042 3330.585570 3323.572283 3333.751451 3352.973491 3360.133820 3344.554402 3333.897318 3318.939855 3312.261499 3308.436647 3309.334514 3318.298542 3340.248525 3363.433054 3365.329745 3354.582487 3343.916444 3339.123572 3335.950701 3340.767749 3357.503365 3377.113755 3392.744311 3402.886411 3408.168960 3415.912400 3425.228533 3438.996330 3453.421827 3465.448747 3470.730624
3452.283416 3444.596749 3437.023370 3429.519444 3422.727936 3416.710328 3412.542336 3410.655275 3407.058566 3401.124953 3394.318592 3375.765700 3363.644986 3351.120550 3336.645358 3333.015688 3328.708549 3330.034009 3318.773495 3310.581043 3294.008271 3278.856048 3263.695842 3250.994084 3245.346721 3238.869934 3238.196576 3251.970963 3260.487228 3250.405773 3240.666346 3229.712690 3224.953292 3221.614566 3223.977457 3234.338773 3254.218887 3272.492138 3280.572043 3273.065862 3271.018321 3270.213882 3268.549280 3274.557010 3285.719088 3303.652199 3325.497938 3343.685441 3353.272737 3360.116203 3369.269040 3382.649944 3396.493894 3410.586089 3428.233033
3422.088952 3413.008341 3403.281629 3393.798600 3383.592009 3374.106949 3367.903760 3370.484083 3364.574363 3359.047082 3337.871246 3284.720963 3264.785614 3246.386130 3230.654933 3224.401329 3216.465872 3201.945379 3193.453849 3188.841267 3189.753416 3176.056416 3163.364493 3146.278487 3141.441090 3137.872727 3121.940052 3118.852456 3119.815116 3134.120727 3127.904590 3125.960262 3127.244563 3124.857946 3126.444434 3139.300731 3147.620905 3153.758436 3160.348070 3164.074363 3173.675595 3176.351327 3184.990402 3201.551810 3212.474797 3227.764295 3247.847112 3272.435518 3287.167092 3296.367582 3306.555544 3321.540580 3337.493710 3354.891957 3376.947405
3388.071993 3373.039161 3358.907189 3344.941341 3332.566908 3320.136983 3305.107945 3307.105946 3305.058622 3295.458843 3243.547534 3203.385013 3175.024955 3158.263889 3135.275873 3122.486539 3108.340573 3072.193451 3055.545382 3054.499660 3068.061108 3063.897328 3048.882106 3036.912398 3027.876655 3019.065083 3002.207059 2985.031611 2990.931932 3008.466317 3008.661239 3011.303018 3018.623534 3017.937764 3011.713614 3010.161169 3022.430264 3028.166460 3038.988654 3055.515059 3060.057908 3073.752003 3105.881182 3118.486563 3133.149899 3151.346123 3171.332022 3188.107972 3209.485545 3222.937473 3237.564058 3255.308765 3271.564352 3291.526965 3313.831665
3339.409645 3309.352438 3288.930544 3272.135045 3254.043199 3228.593629 3209.033723 3207.216652 3201.405074 3174.685914 3128.424717 3093.964144 3070.489760 3049.203313 3026.620213 3005.309769 2988.253619 2954.759511 2933.291055 2947.541618 2958.215118 2968.318646 2956.705879 2945.788636 2936.225620 2918.903399 2902.371349 2886.707023 2897.376710 2906.005711 2923.493277 2929.940818 2933.892531 2939.381409 2938.063879 2928.283098 2924.699018 2932.913059 2942.893254 2954.648298 2974.445525 2990.704578 3013.787494 3031.296920 3051.176710 3068.456887 3089.330839 3111.520292 3133.466199 3149.781074 3167.383355 3180.507991 3200.456561 3219.273957 3241.862806
3262.407050 3234.824051 3209.073613 3186.962332 3161.366122 3117.081186 3104.249488 3095.880541 3075.865875 3030.831449 2991.181453 2987.094250 2973.470468 2950.338128 2929.328354 2903.003227 2870.814235 2848.873038 2828.601968 2838.589958 2848.545094 2867.529426 2858.522502 2851.289080 2848.006909 2832.877736 2819.626246 2803.537587 2810.028466 2821.899759 2844.536795 2850.326979 2854.434695 2863.576163 2862.872856 2858.603754 2842.288675 2849.317373 2860.027460 2872.671364 2902.928460 2924.679535 2947.059278 2968.582921 2987.362136 2991.129146 3011.799459 3034.110634 3058.569712 3077.282392 3095.533934 3116.042831 3134.740015 3149.163708 3165.392048
3161.796621 3138.194256 3118.874791 3095.545981 3055.817468 3014.045845 2993.014817 2968.710430 2918.879519 2886.441031 2864.662156 2862.775682 2850.276517 2830.639268 2813.863267 2831.819454 2809.314701 2789.742346 2764.471358 2769.260098 2784.252445 2800.565399 2800.710235 2800.880552 2799.048025 2789.407900 2775.861992 2762.205245 2765.914986 2782.807623 2800.758338 2810.676562 2818.521936 2826.567413 2826.725683 2817.963812 2808.634555 2814.050884 2829.725094 2811.249437 2827.150450 2847.564132 2866.523734 2886.534528 2908.586372 2930.058150 2952.634939 2976.646940 2986.023945 3005.194462 3027.796983 3050.257311 3066.304244 3074.784975 3082.731835
3062.170617 3043.252651 3020.826034 2995.462695 2971.251563 2932.547665 2893.170394 2849.552127 2819.109401 2827.573643 2819.140743 2803.190828 2789.147826 2774.037665 2753.715043 2738.072379 2722.926369 2701.475821 2690.267604 2697.010548 2710.103964 2718.353678 2724.461333 2722.127793 2719.636832 2713.739102 2699.824299 2694.938910 2704.786350 2720.033390 2733.952765 2745.508657 2752.602608 2758.100425 2755.419702 2746.743968 2743.878777 2752.490165 2768.277803 2781.320947 2796.714399 2817.730154 2805.636207 2824.917743 2845.219299 2866.541980 2890.367969 2914.895095 2939.434999 2965.688725 2987.135332 2989.247677 2996.333015 3004.984757 3004.767273
2958.247386 2946.542701 2921.509117 2895.711145 2867.674094 2834.857930 2812.499691 2815.760584 2785.871801 2757.715869 2732.044190 2719.090728 2712.329223 2699.118285 2681.956871 2670.724045 2655.112429 2644.125440 2649.301695 2650.500217 2658.657703 2656.935888 2657.696633 2655.112888 2654.395682 2651.912532 2645.271202 2656.569877 2663.297728 2676.871958 2687.043037 2696.841012 2702.850169 2706.687769 2707.935163 2703.783852 2709.712852 2716.256065 2730.326400 2741.745321 2755.719043 2775.909946 2792.195114 2811.195394 2803.468216 2824.036287 2845.611080 2870.266672 2897.250723 2921.037228 2938.226328 2943.855872 2952.567788 2954.112906 2943.361766
