tests/Borden05m/data_simulated/sim_1/output-maps/psiliqL0007N0011.asc
ncols         160
nrows         34
xllcorner     620200.000000
yllcorner     5168000.000000
cellsize      0.500000
NODATA_value  -9999.0
[rows 0 to 24 of 34, columns 57 to 113 of 160]
-9999.0 -9999.0 -9999.0 -9999.0 -9999.0 -9999.0 -9999.0 -9999.0 -9999.0 -9999.0 -9999.0 -9999.0 -9999.0 -9999.0 -9999.0 -9999.0 -9999.0 -9999.0 -9999.0 -9999.0 -9999.0 -9999.0 -9999.0 -9999.0 -9999.0 -9999.0 -9999.0 -9999.0 -9999.0 -9999.0 -9999.0 -9999.0 -9999.0 -9999.0 -9999.0 -9999.0 -9999.0 -9999.0 -9999.0 -9999.0 -9999.0 -9999.0 -9999.0 -9999.0 -9999.0 -9999.0 -9999.0 -9999.0 -9999.0 -9999.0 -9999.0 -9999.0 -9999.0 -9999.0 -9999.0 -9999.0 -9999.0
-9999.0 -9999.0 -393.083610 -398.773693 -404.390991 -409.693230 -419.115661 -428.638795 -437.630005 -441.804497 -442.862847 -443.877387 -444.379712 -439.091803 -431.180855 -423.566953 -416.302928 -413.970212 -411.561614 -409.218285 -408.704601 -410.083744 -413.433996 -416.815124 -420.320776 -421.827214 -430.409911 -442.105022 -451.291716 -454.130069 -449.539576 -444.921548 -442.313388 -435.981177 -424.811372 -413.597658 -404.758237 -392.791751 -387.208051 -381.866059 -378.408125 -382.330324 -385.766116 -389.287521 -393.773162 -404.798685 -9999.0 -9999.0 -9999.0 -9999.0 -9999.0 -9999.0 -9999.0 -9999.0 -9999.0 -9999.0 -9999.0
-411.357698 -408.107273 -418.962956 -423.892299 -427.417523 -429.872446 -435.349119 -444.473218 -450.170738 -455.894437 -457.691432 -457.876163 -457.957506 -453.792698 -443.983461 -435.985200 -431.199427 -428.838318 -426.432254 -426.239736 -426.762655 -427.232191 -430.232297 -433.750972 -437.251417 -439.106994 -439.244107 -447.005231 -452.383412 -455.660112 -456.735572 -454.267408 -451.929873 -448.962774 -439.055490 -430.478047 -421.884294 -407.525486 -395.005983 -389.610980 -391.844613 -396.793565 -400.329129 -406.482992 -416.082516 -426.537618 -437.235651 -444.484401 -449.759304 -454.726212 -448.395031 -441.866115 -431.220746 -420.627521 -408.305986 -395.936216 -9999.0
-427.957352 -425.226942 -436.422324 -445.210744 -449.649771 -449.869973 -448.048928 -452.102996 -457.079937 -461.166662 -453.665578 -452.576220 -451.516281 -448.402990 -444.935955 -442.942309 -440.182415 -434.881106 -425.887314 -423.308441 -422.863404 -422.809398 -424.716166 -427.920030 -429.771258 -432.634121 -437.946499 -438.826047 -438.334241 -438.171066 -432.749800 -431.227078 -429.999478 -437.235076 -433.881713 -427.396219 -420.257715 -412.842430 -405.455009 -400.352317 -403.305852 -404.545029 -412.745124 -426.492054 -438.019689 -446.753366 -449.398796 -452.403021 -459.906531 -471.808231 -464.764259 -448.929989 -444.005048 -439.963094 -427.655145 -415.100447 -404.747731
-444.136590 -441.338325 -446.759434 -446.208407 -445.071292 -443.830275 -445.733312 -448.991309 -450.356674 -437.220781 -427.623984 -426.045166 -423.226339 -420.006831 -421.647057 -434.504462 -437.374247 -428.636189 -417.926515 -411.871439 -411.785211 -411.867476 -413.285597 -414.391170 -415.023639 -417.604572 -416.352959 -413.571381 -412.501236 -407.021729 -401.165326 -398.417359 -407.600625 -417.201409 -416.871674 -409.069878 -400.943728 -393.224803 -381.663368 -369.375173 -370.676827 -376.583310 -385.648982 -399.658473 -423.497321 -443.735957 -454.140996 -460.424940 -467.136197 -468.018992 -469.780382 -459.137781 -457.084057 -455.190286 -446.186108 -435.584756 -425.273638
-430.822262 -422.464780 -429.017438 -435.365972 -439.462450 -439.196651 -439.048513 -435.366530 -421.524838 -407.099401 -391.182963 -388.420110 -385.809213 -386.162284 -396.640760 -407.556933 -412.335510 -396.629334 -380.352890 -371.664504 -370.442013 -369.298055 -360.340800 -362.642260 -365.798166 -371.805575 -369.080866 -365.473208 -352.886537 -344.929056 -338.008228 -340.044830 -352.308864 -363.753337 -366.096729 -364.493972 -362.763259 -356.680297 -345.514582 -334.595867 -339.525071 -347.674929 -359.168078 -389.772491 -419.280126 -436.986502 -436.060794 -435.428051 -439.876076 -442.933243 -446.701711 -454.497279 -454.749361 -455.094020 -455.409780 -443.111879 -430.681127
-383.258032 -366.396322 -372.764639 -382.140091 -394.201387 -394.103183 -390.290895 -381.414005 -367.027147 -346.668814 -320.544010 -315.424217 -310.455551 -305.689030 -316.988369 -330.127691 -343.013725 -327.060388 -316.548902 -306.213955 -301.389693 -287.990628 -276.457303 -281.628150 -291.051280 -300.770213 -293.674141 -277.991439 -261.403630 -254.209061 -250.393744 -249.543414 -260.030028 -266.270400 -270.221869 -270.921008 -275.711106 -273.116632 -260.824249 -244.030187 -244.116413 -257.629001 -283.558300 -322.586629 -361.120754 -386.084343 -382.732240 -389.517191 -395.792596 -400.648811 -415.508848 -427.641890 -428.142992 -437.893690 -444.311519 -432.723378 -426.544364
-332.252870 -312.635142 -315.745618 -327.792952 -340.696290 -340.408062 -331.164158 -320.736260 -299.581974 -271.093991 -239.957234 -221.888009 -210.278203 -199.099997 -207.043456 -218.540013 -230.044831 -224.583408 -209.123749 -192.973683 -176.916187 -159.572317 -143.503944 -149.886242 -160.944210 -163.756041 -157.910765 -136.600468 -116.993186 -108.698851 -104.191743 -97.713587 -105.277942 -116.390509 -128.849231 -140.509295 -150.788767 -157.164381 -139.300948 -121.709354 -125.419995 -157.035083 -189.909063 -232.690351 -276.858391 -316.521472 -325.000531 -327.462461 -330.588533 -348.075631 -365.471789 -386.566201 -399.157275 -409.001661 -425.065637 -420.748606 -414.777875
-218.382965 -192.935386 -184.669970 -199.623177 -204.112917 -197.700654 -183.680206 -174.986480 -156.000970 -115.766114 -62.600499 -24.036468 4.354516 10.311926 0.808325 -10.899302 -28.386282 -36.008163 -19.556231 -3.562887 10.898970 23.186985 34.612799 41.294542 40.159328 40.126796 42.752463 47.084386 53.575276 59.959320 65.860851 72.158433 72.491890 63.666150 55.561229 46.210080 37.947250 35.373125 34.610874 41.291203 39.502209 17.754392 -13.672051 -56.174554 -111.047624 -157.571493 -188.735480 -192.937231 -212.790926 -236.127584 -263.867627 -305.618503 -328.810483 -348.735458 -381.849039 -387.796841 -376.499373
-58.723951 -32.090295 -10.780909 -8.943596 -4.595167 0.071992 7.573547 13.942205 22.278630 53.775116 89.980024 122.857456 148.877510 158.578678 149.494629 139.342032 127.460138 117.810966 119.593198 133.116889 148.962772 163.866591 173.519312 176.906704 175.466718 175.820707 177.145650 179.838794 181.677749 185.926336 191.847597 201.261649 212.924269 209.611860 194.399628 182.253337 168.125098 161.963882 159.008117 154.308668 153.279547 149.851425 123.564316 95.136375 61.788991 29.170345 4.325322 -21.214437 -50.783071 -84.957164 -144.114586 -196.956700 -240.379714 -276.962126 -312.604467 -321.599897 -295.746863
83.571075 110.731314 127.579721 134.128938 137.901742 141.856179 148.602640 154.435800 162.254936 180.728228 214.375094 250.750075 281.928773 288.783613 281.710606 271.943862 260.787439 252.343022 249.576124 254.784326 262.559726 275.935137 286.116363 296.990038 296.934485 298.174618 298.278349 299.588237 300.236657 301.556511 306.256296 314.815299 324.256212 325.834427 316.692443 301.077680 285.001876 275.481249 265.343677 257.529565 255.685747 255.315029 251.949516 230.353089 197.937866 157.159362 128.543300 104.731709 88.674719 70.762734 50.607629 8.439247 -19.931615 -64.113520 -119.735519 -161.012647 -130.943918
194.030903 222.713490 243.289781 255.333788 260.338310 265.095082 272.420263 279.110081 289.540136 305.538094 324.447413 352.958331 384.580504 404.045074 402.227983 392.698201 377.819960 375.269420 374.666647 374.988934 376.606442 383.656239 393.762432 409.102676 412.087873 415.709184 414.484772 415.343533 413.339737 415.881788 415.137160 414.691492 421.985454 421.943707 421.247070 406.655987 391.943860 375.604754 359.706943 351.674279 347.034470 345.909240 343.479600 333.168990 307.904947 272.764758 238.517987 213.791147 195.903174 181.735931 171.198780 159.459714 143.102572 114.020732 72.557068 36.664765 25.229218
293.294583 317.013902 343.019026 363.378556 375.856589 384.714956 389.374615 398.397433 410.441180 428.613023 437.894804 455.281464 475.992369 487.094932 492.829354 494.134908 494.131308 496.207776 496.016985 488.128632 488.341066 489.569704 490.824600 495.201830 496.123422 497.116727 497.313975 497.680310 497.026137 497.596774 496.781139 494.743756 495.572731 495.427544 495.703399 492.028805 488.021609 472.342394 459.381236 451.229029 443.464706 434.794562 425.342070 415.768066 400.452371 370.573043 336.648097 306.562630 292.039465 282.526749 275.334306 269.582872 255.267193 234.722614 207.597914 173.779364 139.071968
396.725347 411.968923 438.225301 456.133546 468.099330 476.616735 481.153382 491.328577 501.556567 502.299435 503.270243 505.534168 507.303984 507.924457 507.959273 507.705165 505.506889 505.095979 503.523792 497.682237 487.894286 488.629093 489.335867 491.375964 495.508389 495.326506 496.656366 499.490161 497.749494 492.078436 488.255406 486.251743 486.505523 493.578007 496.930010 497.682131 497.622481 496.346789 495.366441 494.472848 493.888384 493.317305 492.347094 489.558152 480.242185 458.574296 429.543215 398.327853 379.531388 366.867366 364.867718 360.288982 353.337830 333.903506 306.023254 272.129970 236.705675
495.232505 501.227171 504.885230 506.938878 508.380687 510.256142 512.325418 512.146637 508.809655 505.281947 500.895641 499.862791 498.353065 495.343993 495.420397 493.220937 489.192854 485.612551 479.374865 467.608733 453.915428 450.341355 453.997614 456.663798 463.409404 469.845108 474.279075 476.019563 470.934563 461.526831 453.624459 450.886085 457.410763 463.751723 469.991955 470.932995 468.703300 465.268156 465.051507 463.234238 464.892977 472.698961 485.623288 493.102759 493.880297 493.584084 491.108163 486.633223 468.915829 448.384958 449.615111 444.680162 432.987808 411.199641 382.907932 353.176487 325.118100
503.610245 501.112738 495.027010 489.100686 488.270643 491.867752 498.362347 499.756274 493.226542 485.464706 478.954016 472.264018 468.852279 464.872279 462.509614 461.945393 456.307242 448.818703 433.306359 417.440867 401.077183 392.628915 390.954233 396.967046 409.564886 424.374104 431.282196 426.287918 417.502010 401.602609 390.892908 390.073703 393.528144 404.466797 421.899847 425.788975 423.626735 414.754077 409.819041 405.038722 406.467868 419.391481 436.057016 450.984471 464.130752 473.067061 480.500906 486.328455 492.137493 491.981109 491.924971 491.516775 487.876841 473.748205 453.583949 431.818035 407.492004
482.752862 476.895350 467.943130 460.305137 457.710646 459.931724 463.182899 460.455943 454.333547 444.422586 434.027487 423.212957 413.826805 408.826678 407.654896 406.654697 399.918495 385.625447 367.995734 352.734290 336.758192 331.690970 327.435521 325.953150 338.762978 357.292089 364.323515 352.692704 342.453317 326.386548 317.209305 314.043438 316.166732 326.710506 346.734310 363.437016 362.687825 351.717979 342.377254 338.395621 338.291783 348.751559 368.938891 389.308517 405.683887 420.152942 427.859289 436.443617 445.874329 457.047107 469.882050 481.061840 491.527472 493.075436 492.360547 490.247188 474.606374
451.583378 441.620835 427.905247 418.067341 412.042011 408.960652 406.671608 401.001937 394.693117 384.016075 372.660253 360.842609 345.994411 339.784905 335.358525 335.661003 323.900690 312.301564 292.995708 277.592121 262.217354 253.685328 248.651753 244.313812 252.217077 269.230095 278.888997 264.426205 253.978489 239.910379 232.767168 229.367138 230.785735 240.495463 263.036263 280.801069 285.957623 277.129507 270.349058 267.772819 268.184180 274.962109 291.603899 312.522216 333.636373 350.429329 360.630863 369.166674 379.958027 395.175937 411.584033 429.724783 447.416724 466.301855 480.994074 489.988668 495.183828
403.316989 391.687456 377.819113 364.948028 357.559576 357.283662 350.322124 344.130299 333.279204 292.950296 277.760827 261.228382 246.504724 240.194087 231.732476 225.690636 215.397064 207.847953 197.842187 183.075697 167.458503 153.782514 149.785737 146.443915 141.909906 150.460340 154.503060 153.566991 146.444869 139.380982 135.830523 133.369371 136.838306 149.272524 160.957341 171.404544 176.266632 172.016734 177.446186 183.664964 185.974149 201.497634 215.642372 233.369036 254.622447 277.142131 289.360035 298.837770 310.033662 326.138234 344.233322 363.533045 387.095846 412.926868 433.466935 445.794048 458.040145
351.073681 336.212600 322.378484 308.977083 296.354066 296.067173 291.921159 285.206682 252.179315 212.241404 182.747985 165.854196 145.986837 135.503903 124.584921 100.381277 85.109347 76.859145 78.631009 67.570491 50.746782 36.733948 29.706199 24.518206 14.152148 9.302854 13.244422 22.591987 16.745163 13.515011 16.075148 14.019437 12.027405 19.738680 33.396028 41.442177 50.121264 59.220952 64.907246 74.445208 100.012860 115.747176 130.992155 150.589283 171.875049 194.017507 212.576541 224.852554 238.622332 257.087295 273.885602 294.965358 318.978597 347.926789 368.915023 384.441048 397.563911
281.195485 265.416760 249.319906 231.750321 211.105379 207.883960 200.152676 186.305262 146.424679 107.377768 74.958794 51.612494 27.053917 9.010886 -19.055565 -59.161253 -88.560664 -89.015049 -82.311009 -88.883895 -111.076803 -130.872209 -145.564631 -161.421576 -179.832276 -191.272387 -182.311956 -171.960547 -167.485298 -165.443393 -161.512904 -160.330954 -161.284653 -162.197254 -149.427103 -136.798505 -122.388906 -108.269815 -91.831512 -52.163073 -16.524785 7.818622 32.179864 55.103452 80.802381 107.025994 128.661368 144.189448 162.255612 181.192879 201.203569 221.658255 246.362419 275.413393 299.162065 314.723009 329.412197
206.553695 185.748695 162.854283 129.114254 113.436298 102.621558 90.299777 57.726475 16.442025 -26.349738 -67.686956 -108.344491 -144.636931 -178.975414 -216.105927 -249.861638 -272.628532 -266.982410 -260.258001 -252.177107 -266.846271 -281.024021 -289.307151 -304.836472 -319.954184 -334.247371 -325.657338 -315.930801 -300.765488 -297.372582 -294.237183 -288.293198 -289.691698 -291.346967 -296.611622 -286.670765 -275.811378 -261.692452 -233.263607 -202.784692 -171.258246 -142.211960 -111.209990 -74.569668 -34.045291 2.984411 34.660434 57.544357 79.896491 103.736136 124.767648 143.782056 165.440124 191.553612 214.579939 233.255404 253.248664
115.080472 90.704776 55.287469 10.751997 -25.575865 -44.577225 -89.931416 -138.673622 -192.209040 -224.060321 -251.018821 -279.480160 -304.636359 -328.387365 -357.442389 -382.629253 -406.654572 -402.614515 -390.303760 -376.592604 -385.010150 -390.332289 -394.100555 -406.302534 -420.342648 -434.129936 -430.295568 -415.444316 -398.628271 -392.177529 -385.992673 -378.529439 -378.538844 -384.805568 -393.160338 -387.316058 -373.752052 -357.491257 -334.666157 -310.672673 -286.913951 -264.423145 -238.550385 -209.487870 -177.337215 -140.295331 -99.715336 -65.379662 -25.523852 11.558292 38.053194 54.518341 73.086624 100.723911 121.609039 143.445202 165.252343
5.379172 -29.699274 -88.729607 -151.060675 -206.489596 -247.901659 -285.364832 -320.915470 -345.006210 -366.932913 -387.581587 -407.617239 -428.959432 -449.346702 -469.478407 -491.455162 -511.720594 -506.374463 -492.632828 -479.564009 -477.965287 -481.036773 -484.144805 -492.284303 -505.878544 -518.164442 -510.148897 -494.546887 -479.111102 -469.491896 -462.928512 -456.588977 -459.431706 -467.688455 -475.120665 -467.474081 -452.278547 -437.176070 -419.022269 -397.188956 -375.082321 -352.864648 -329.311194 -305.223279 -278.126844 -249.066843 -218.103905 -186.106842 -152.531422 -117.154074 -93.869928 -70.058875 -47.053511 -16.163357 12.108464 37.629096 64.234589
-169.064825 -205.818369 -248.453355 -294.452029 -330.205669 -364.304183 -396.640747 -428.059490 -453.150156 -471.584496 -482.166133 -497.131194 -516.672878 -530.479806 -547.425540 -567.373492 -569.396770 -565.227971 -552.208366 -549.301045 -548.517754 -551.500009 -552.608644 -557.675407 -570.064511 -564.932959 -556.932356 -541.681490 -530.550798 -521.270169 -514.937644 -510.723867 -511.563549 -519.176719 -516.936780 -509.664210 -494.987784 -483.153076 -467.702811 -446.726996 -429.167805 -409.429610 -387.136595 -363.891324 -339.079645 -312.595888 -283.842555 -256.915224 -233.279747 -218.776592 -203.003869 -190.731728 -189.614629 -166.293399 -140.580622 -112.103055 -71.932508
