tests/Borden05m/data_simulated/sim_1/output-maps/psiliqL0007N0009.asc
ncols         160
nrows         34
xllcorner     620200.000000
yllcorner     5168000.000000
cellsize      0.500000
NODATA_value  -9999.0
[rows 0 to 24 of 34, columns 0 to 56 of 160]
-9999.0 -9999.0 -9999.0 -9999.0 -9999.0 -9999.0 -9999.0 -9999.0 -9999.0 -9999.0 -9999.0 -9999.0 -9999.0 -9999.0 -9999.0 -9999.0 -9999.0 -9999.0 -9999.0 -9999.0 -9999.0 -9999.0 -9999.0 -9999.0 -9999.0 -9999.0 -9999.0 -9999.0 -9999.0 -9999.0 -9999.0 -9999.0 -9999.0 -9999.0 -9999.0 -9999.0 -9999.0 -9999.0 -9999.0 -9999.0 -9999.0 -9999.0 -9999.0 -9999.0 -9999.0 -9999.0 -9999.0 -9999.0 -9999.0 -9999.0 -9999.0 -9999.0 -9999.0 -9999.0 -9999.0 -9999.0 -9999.0
-9999.0 -9999.0 -9999.0 -9999.0 -9999.0 -9999.0 -9999.0 -9999.0 -9999.0 -9999.0 -9999.0 -9999.0 -9999.0 -9999.0 -9999.0 -9999.0 -9999.0 -9999.0 -9999.0 -9999.0 -9999.0 -9999.0 -9999.0 -9999.0 -9999.0 -9999.0 -9999.0 -9999.0 -9999.0 -9999.0 -9999.0 -9999.0 -9999.0 -9999.0 -9999.0 -9999.0 -9999.0 -9999.0 -9999.0 -9999.0 -9999.0 -9999.0 -9999.0 -9999.0 -9999.0 -9999.0 -9999.0 -9999.0 -9999.0 -9999.0 -9999.0 -9999.0 -9999.0 -9999.0 -9999.0 -9999.0 -9999.0
-9999.0 -9999.0 -9999.0 -9999.0 -9999.0 -9999.0 -9999.0 -9999.0 -9999.0 -9999.0 -9999.0 -9999.0 -9999.0 -9999.0 -9999.0 -9999.0 -9999.0 -9999.0 -9999.0 -9999.0 -9999.0 -9999.0 -9999.0 -9999.0 -9999.0 -9999.0 -9999.0 -9999.0 -9999.0 -9999.0 -9999.0 -9999.0 -9999.0 -9999.0 -9999.0 -9999.0 -9999.0 -9999.0 -9999.0 -9999.0 -9999.0 -9999.0 -9999.0 -9999.0 -9999.0 -9999.0 -9999.0 -521.221908 -538.867369 -556.067030 -557.713528 -534.974965 -511.947689 -488.680566 -468.580082 -450.229637 -431.459880
-9999.0 -9999.0 -9999.0 -9999.0 -9999.0 -9999.0 -9999.0 -9999.0 -9999.0 -9999.0 -9999.0 -9999.0 -9999.0 -9999.0 -9999.0 -9999.0 -9999.0 -9999.0 -9999.0 -9999.0 -9999.0 -9999.0 -9999.0 -9999.0 -9999.0 -9999.0 -9999.0 -9999.0 -9999.0 -9999.0 -9999.0 -9999.0 -9999.0 -9999.0 -9999.0 -9999.0 -9999.0 -9999.0 -9999.0 -9999.0 -473.642958 -467.898675 -466.288245 -477.464466 -489.007977 -500.847931 -520.825807 -538.844410 -554.830419 -558.024910 -555.722916 -550.043483 -527.096999 -503.354878 -484.359921 -467.215801 -448.420851
-9999.0 -9999.0 -9999.0 -9999.0 -9999.0 -9999.0 -9999.0 -9999.0 -9999.0 -9999.0 -9999.0 -9999.0 -9999.0 -9999.0 -9999.0 -9999.0 -9999.0 -9999.0 -9999.0 -9999.0 -9999.0 -9999.0 -9999.0 -9999.0 -9999.0 -9999.0 -9999.0 -9999.0 -9999.0 -9999.0 -9999.0 -9999.0 -9999.0 -9999.0 -564.610367 -547.145423 -529.335436 -511.420025 -495.217572 -488.948469 -483.209618 -477.537572 -481.750416 -486.899994 -498.487332 -517.115381 -537.143427 -551.818827 -554.909510 -557.889763 -553.786462 -540.887266 -524.671104 -508.577172 -488.085900 -465.560555 -456.862622
-9999.0 -9999.0 -9999.0 -9999.0 -9999.0 -9999.0 -9999.0 -9999.0 -9999.0 -9999.0 -9999.0 -9999.0 -9999.0 -9999.0 -9999.0 -9999.0 -9999.0 -9999.0 -9999.0 -9999.0 -9999.0 -9999.0 -9999.0 -9999.0 -9999.0 -9999.0 -9999.0 -9999.0 -559.073005 -565.189062 -570.695692 -572.546692 -574.205132 -575.799492 -569.079276 -556.906210 -538.813793 -517.802101 -505.496551 -498.765075 -492.631243 -492.130632 -497.208919 -499.835175 -500.075322 -512.053285 -524.008857 -535.244142 -546.080525 -547.530660 -538.359589 -525.083651 -509.681607 -495.526219 -480.861895 -467.715694 -453.159101
-9999.0 -9999.0 -9999.0 -9999.0 -9999.0 -9999.0 -9999.0 -9999.0 -9999.0 -9999.0 -9999.0 -9999.0 -9999.0 -9999.0 -9999.0 -9999.0 -9999.0 -9999.0 -9999.0 -9999.0 -9999.0 -9999.0 -9999.0 -587.412354 -581.392399 -575.188999 -568.203060 -567.663537 -572.351680 -578.405379 -582.035620 -584.049295 -585.987407 -582.059992 -573.921766 -560.565501 -545.041453 -523.991963 -515.874292 -509.486741 -497.375661 -495.787266 -491.819801 -488.322082 -490.675238 -493.710514 -505.899976 -514.975967 -509.365363 -503.515088 -497.789506 -491.082675 -478.813660 -463.653526 -446.268997 -425.865268 -404.326085
-9999.0 -9999.0 -9999.0 -9999.0 -9999.0 -9999.0 -9999.0 -9999.0 -9999.0 -9999.0 -9999.0 -9999.0 -9999.0 -9999.0 -9999.0 -9999.0 -9999.0 -9999.0 -9999.0 -611.631290 -611.035260 -610.379007 -606.145755 -605.366310 -603.375557 -596.684406 -588.908545 -587.315974 -589.233338 -591.412346 -590.322940 -588.147352 -584.524505 -573.420161 -560.029684 -546.391538 -532.657476 -512.347547 -498.128976 -484.573661 -468.866013 -471.067509 -476.290560 -479.196997 -479.392401 -479.219792 -473.036046 -469.492205 -464.432179 -458.714216 -452.020122 -443.836337 -433.850037 -415.638236 -395.286378 -374.526932 -354.370646
-9999.0 -9999.0 -9999.0 -9999.0 -9999.0 -9999.0 -9999.0 -9999.0 -9999.0 -9999.0 -9999.0 -9999.0 -9999.0 -9999.0 -9999.0 -9999.0 -639.340914 -637.702321 -635.941120 -630.926278 -628.911017 -625.342988 -618.899394 -618.300788 -614.815777 -608.160725 -603.576525 -595.631018 -588.367025 -581.525040 -576.131693 -573.994564 -566.714815 -557.574524 -546.203258 -530.955333 -509.467331 -487.500238 -471.824690 -455.813987 -439.676553 -440.149044 -442.071682 -441.648796 -441.326654 -433.305500 -415.034265 -408.986769 -405.218915 -385.434385 -370.773875 -365.324006 -358.137321 -339.676465 -314.479377 -284.952126 -249.193462
-9999.0 -9999.0 -9999.0 -9999.0 -9999.0 -9999.0 -9999.0 -9999.0 -9999.0 -9999.0 -9999.0 -9999.0 -9999.0 -682.586272 -678.630883 -669.895839 -662.411163 -660.642879 -657.256248 -652.116770 -640.421573 -637.404358 -631.656756 -624.489398 -613.749704 -605.813428 -597.097957 -585.887551 -577.960826 -571.341539 -564.777063 -558.456824 -545.127461 -530.194569 -514.722644 -494.988925 -474.122043 -453.494665 -432.746782 -418.378577 -404.414367 -400.969603 -403.652335 -402.666661 -394.434384 -375.342795 -355.157152 -340.660691 -315.898830 -289.301999 -272.463938 -257.300028 -246.457984 -231.730163 -206.598855 -160.580406 -110.051461
-9999.0 -9999.0 -9999.0 -9999.0 -9999.0 -9999.0 -9999.0 -9999.0 -9999.0 -9999.0 -717.945757 -715.421585 -719.101099 -718.274184 -714.125114 -702.748972 -690.192450 -683.628533 -673.041602 -653.181528 -636.814257 -633.879735 -619.510240 -610.220382 -604.308182 -594.147904 -581.601192 -569.123278 -552.242191 -540.134963 -527.801484 -507.343129 -491.523722 -475.876086 -458.953275 -440.004527 -419.101205 -388.394341 -360.350616 -345.256318 -319.346885 -303.278647 -306.315410 -305.901957 -297.158881 -276.429650 -247.645320 -213.342211 -181.268475 -144.674138 -114.261081 -91.697892 -72.754131 -48.368741 -14.279792 35.407430 76.202773
-9999.0 -9999.0 -9999.0 -9999.0 -9999.0 -9999.0 -9999.0 -9999.0 -741.469056 -734.992233 -728.858276 -732.155393 -737.235763 -740.573208 -728.200228 -712.885612 -697.513422 -681.267872 -665.944606 -648.853288 -633.777402 -617.705063 -599.228921 -588.039193 -576.780996 -562.307530 -549.268855 -531.755716 -511.059396 -496.535252 -477.571629 -456.212536 -437.037352 -419.480317 -401.422219 -382.954096 -352.454786 -315.196003 -278.757251 -249.140988 -215.829719 -183.585576 -178.853466 -172.185855 -163.404366 -127.755365 -80.251368 -20.877825 31.115570 63.675628 91.232464 106.657859 117.644470 132.478463 152.408912 172.274883 194.727531
-9999.0 -9999.0 -9999.0 -9999.0 -9999.0 -9999.0 -766.410565 -742.623558 -728.263582 -736.272437 -744.121800 -747.597144 -751.186961 -733.592021 -712.972581 -696.847438 -680.883161 -664.336810 -648.834594 -634.326498 -599.472350 -584.296568 -569.940942 -550.428019 -537.332867 -524.188742 -507.538727 -484.449355 -461.504903 -428.270011 -397.135583 -368.770181 -340.703866 -319.040787 -298.196581 -275.392930 -237.831107 -190.750641 -141.128917 -95.145667 -45.979614 8.521982 31.624611 43.970236 53.938053 71.195399 100.258585 133.433112 170.694157 200.626801 221.959975 231.304371 240.816280 252.884982 268.387889 282.150796 293.846750
-9999.0 -9999.0 -9999.0 -9999.0 -799.338931 -778.650157 -758.222918 -727.694818 -705.463611 -711.324021 -704.180366 -703.840281 -705.317709 -703.667947 -698.850918 -681.678594 -664.948536 -648.153854 -629.934336 -592.096391 -551.822964 -535.710020 -509.024427 -477.439276 -464.077047 -449.955937 -435.181744 -412.096238 -381.020889 -342.987723 -290.452364 -244.046689 -209.970332 -178.694603 -150.023356 -115.715071 -63.554656 6.263882 55.459702 91.624017 123.763391 152.748909 171.059725 180.866699 191.606191 204.193623 221.281569 246.416681 275.129845 303.587257 326.517495 339.842948 348.619089 360.804581 376.423528 389.604351 399.010241
-9999.0 -9999.0 -9999.0 -845.169105 -807.046211 -770.848211 -743.545547 -712.982413 -682.018445 -675.561152 -667.907759 -661.449192 -654.775506 -646.262202 -636.396604 -621.014275 -608.283815 -597.267976 -577.422101 -541.457796 -505.625789 -471.031973 -438.630596 -406.623522 -382.225621 -365.693445 -348.072935 -321.020211 -275.752421 -226.316937 -160.963561 -84.853354 -16.221095 29.614352 54.994609 80.626587 105.958493 143.767497 177.850295 206.970082 235.462751 260.258045 281.777889 290.232285 297.415270 305.648159 321.636772 343.249295 366.469865 390.532581 417.309213 435.822134 449.695926 459.139510 474.895154 488.786857 498.784791
-9999.0 -9999.0 -891.071448 -854.650422 -819.191652 -767.333372 -715.367209 -682.664696 -642.377168 -617.258829 -610.446070 -591.806049 -575.055627 -566.834736 -550.010062 -533.043949 -521.433890 -519.598002 -508.727841 -472.287080 -417.039797 -364.534142 -325.110228 -259.642606 -218.919274 -192.494382 -176.034160 -144.204498 -96.028987 -16.910435 49.748822 100.683193 143.223950 177.705739 193.391942 209.735623 231.819727 251.942883 280.334661 306.749291 333.178120 359.265657 384.941869 394.336941 397.147374 412.164827 430.997779 454.411796 475.775116 494.150207 507.973151 511.047867 513.359100 514.956851 517.007275 518.177302 518.717340
-9999.0 -9999.0 -915.380643 -871.888820 -828.425008 -757.346930 -683.413474 -646.068425 -603.446581 -560.058702 -541.411172 -518.515096 -498.426017 -478.917361 -455.263104 -430.937975 -428.125240 -426.387189 -427.648196 -371.018591 -305.712460 -227.214534 -132.622521 -36.996368 25.041002 41.367503 49.996691 67.263766 92.334465 139.403910 190.891553 237.169112 277.645477 306.313995 321.361441 337.585191 359.840118 376.830468 391.809043 422.471197 440.200512 463.119889 486.932449 505.069358 511.583902 513.191683 510.781961 514.223165 516.468336 517.412882 517.532201 514.665594 514.126745 514.921737 516.109521 511.644369 505.315523
-9999.0 -1000.725974 -949.115870 -894.628099 -823.538744 -753.551784 -666.635119 -585.780967 -537.940539 -497.445655 -469.728294 -448.733515 -389.808067 -335.775618 -305.457661 -271.706768 -274.495888 -278.331662 -285.783292 -235.222101 -161.794587 -25.217946 98.956750 160.625711 198.059037 204.960524 202.851955 216.150030 240.402535 279.335800 338.788642 376.082628 416.242588 446.763366 457.809194 462.514346 478.179751 494.957343 504.047966 511.118886 513.619274 516.890580 515.363967 516.526105 517.211053 517.536656 514.885828 509.273869 501.812140 495.906762 491.946837 488.029565 490.399399 493.070105 494.207545 487.902721 479.462741
-9999.0 -1034.162845 -973.611482 -900.649138 -828.197383 -747.938837 -632.855281 -508.270978 -464.035505 -430.903430 -399.204661 -343.218398 -240.412792 -158.247679 -103.029297 -39.637977 -41.355118 -60.875050 -58.635430 0.093897 60.922465 138.068519 256.958020 340.827018 353.571760 365.388176 374.225676 396.056428 423.862772 449.273957 471.311190 487.767976 496.489652 500.532006 502.512014 504.074889 506.250488 507.066929 504.216195 500.084237 495.384911 496.019903 500.543869 501.359926 498.621492 495.755685 490.698897 483.532007 476.657853 468.805100 465.211958 464.075006 462.531608 460.584134 456.640206 452.929832 442.136724
-9999.0 -1056.372132 -987.943546 -921.470720 -844.704911 -716.239900 -595.813339 -469.701582 -382.259613 -342.420283 -279.315060 -163.453868 -17.466332 70.780415 118.089559 148.663896 164.366014 158.018389 174.485534 222.464214 285.784566 354.061409 409.194894 467.224798 477.543095 480.313390 476.316946 479.975694 483.569952 484.929554 486.065158 485.741819 491.317908 493.883879 493.840904 491.604836 488.416116 481.370134 475.724369 469.060995 463.913612 463.971446 468.665517 472.079888 467.559808 462.506409 458.274034 454.079357 444.585650 434.949400 430.063423 426.548658 424.231597 419.085957 414.461283 409.315044 396.253707
-9999.0 -1139.037631 -1056.694135 -992.315994 -850.835341 -688.804119 -566.969319 -413.466235 -278.748255 -212.649247 -73.923282 55.109143 153.405278 214.474332 259.424461 313.236833 355.591029 383.254603 411.755684 414.386870 449.180961 473.608947 481.493045 486.362307 482.305198 483.758853 476.612057 457.000808 446.746546 440.310012 441.701716 446.624249 454.540387 458.816001 459.183449 458.197625 460.283348 457.185875 452.147626 439.411143 429.937878 424.807615 425.148826 432.249254 426.012694 421.524291 415.642408 408.159098 398.207195 388.974979 380.870587 374.184215 371.254777 365.664543 364.547368 358.100087 333.389089
-9999.0 -1219.651906 -1140.080239 -1030.549386 -874.261554 -711.700289 -561.083952 -389.383714 -190.755923 -33.592376 83.870744 145.159688 211.474656 276.163305 346.310045 403.122773 433.620255 441.994436 440.821393 435.869120 403.976152 395.607030 410.256285 432.541358 442.650851 446.040348 435.775722 418.666782 409.519678 407.884048 406.681301 405.881062 406.138485 404.513227 402.171073 403.303125 408.398650 403.590551 396.002445 387.442382 380.514859 373.492255 369.339168 367.540591 365.288788 364.422589 357.030568 346.753791 335.867791 327.258129 319.207837 313.249673 311.305850 307.312264 301.915401 292.594349 267.911173
-9999.0 -1302.627326 -1189.760993 -1083.575935 -943.055614 -801.919058 -662.226707 -493.016501 -324.797196 -63.009671 126.592556 177.966147 207.568170 252.291900 318.141589 387.139684 409.256618 383.585589 354.151141 327.779420 321.592895 327.209366 340.796942 361.202524 377.083655 385.130448 383.843795 372.782551 358.315476 350.207018 345.488586 337.505842 331.807434 331.249384 329.990650 335.144092 338.766320 330.878389 320.026710 306.800597 295.544789 287.541908 285.434048 286.608785 286.135588 282.912193 275.597438 265.181372 252.403947 240.885306 232.519896 226.871301 221.294668 213.812751 205.611350 196.527253 173.785431
-9999.0 -9999.0 -1257.261031 -1144.431920 -1025.892121 -895.263749 -763.016181 -604.697001 -449.002020 -242.080226 -68.616386 39.760568 93.809478 140.296448 200.014818 252.091768 267.985951 278.073931 252.180740 245.953280 245.989687 250.334900 261.609896 275.055172 287.949137 296.116935 300.731192 298.086277 288.744903 273.675546 256.018917 242.304786 234.081140 228.361285 235.031805 244.676487 243.528984 238.498222 229.458985 217.315450 207.382887 197.051310 194.795077 195.945452 195.856333 192.607288 186.498244 172.126640 156.221203 140.678098 132.182990 124.605631 118.026880 107.231540 96.233799 83.944185 60.752298
-9999.0 -9999.0 -1338.333848 -1226.035210 -1102.519150 -974.975139 -863.983448 -748.164900 -588.163000 -465.538278 -357.913175 -254.962363 -168.734295 -78.249206 -7.389120 47.986050 73.481246 83.606991 87.854678 100.133347 119.602602 143.300383 162.631736 177.396298 189.790720 199.560615 207.198277 198.030062 188.248722 171.990367 148.637193 122.853047 109.196942 103.118599 106.165492 112.362573 107.828516 99.170785 86.974665 73.121064 62.389825 52.224694 49.129267 47.465950 46.607484 43.150498 37.071081 20.898415 -2.894455 -23.766119 -41.319291 -55.294214 -64.080954 -78.537912 -95.622902 -109.397240 -137.445135
