tests/Borden05m/data_simulated/sim_1/output-maps/psiliqL0018N0004.asc
ncols         160
nrows         34
xllcorner     620200.000000
yllcorner     5168000.000000
cellsize      0.500000
NODATA_value  -9999.0
[rows 0 to 24 of 34, columns 55 to 109 of 160]
-9999.0 -9999.0 -9999.0 -9999.0 -9999.0 -9999.0 -9999.0 -9999.0 -9999.0 -9999.0 -9999.0 -9999.0 -9999.0 -9999.0 -9999.0 -9999.0 -9999.0 -9999.0 -9999.0 -9999.0 -9999.0 -9999.0 -9999.0 -9999.0 -9999.0 -9999.0 -9999.0 -9999.0 -9999.0 -9999.0 -9999.0 -9999.0 -9999.0 -9999.0 -9999.0 -9999.0 -9999.0 -9999.0 -9999.0 -9999.0 -9999.0 -9999.0 -9999.0 -9999.0 -9999.0 -9999.0 -9999.0 -9999.0 -9999.0 -9999.0 -9999.0 -9999.0 -9999.0 -9999.0 -9999.0
-9999.0 -9999.0 -9999.0 -9999.0 1826.180578 1820.905398 1816.108582 1811.693940 1803.316924 1794.457504 1786.668192 1783.017203 1782.408603 1781.999280 1781.909174 1787.385413 1795.763774 1803.718381 1811.055766 1813.721174 1816.370736 1818.707080 1819.345641 1818.404753 1815.430407 1812.374143 1809.198488 1807.796745 1800.156351 1789.011435 1780.503408 1777.847312 1782.212595 1786.646069 1789.121357 1794.666201 1805.162623 1815.713329 1824.003353 1835.826388 1841.740539 1846.545870 1848.937112 1844.435901 1840.562359 1836.306003 1830.508723 1819.278737 -9999.0 -9999.0 -9999.0 -9999.0 -9999.0 -9999.0 -9999.0
1771.072256 1790.121820 1810.768865 1814.149158 1802.656557 1797.846783 1794.903640 1793.348587 1789.096934 1780.897082 1776.094882 1771.069729 1769.312238 1769.757270 1770.158105 1774.491043 1785.250442 1793.492391 1798.481486 1801.316504 1804.266170 1803.730637 1803.357505 1803.323630 1800.679798 1797.463099 1794.285392 1792.648280 1793.622322 1786.154954 1780.568312 1777.029105 1774.903698 1777.518630 1780.024780 1783.844233 1793.127302 1801.043140 1808.912041 1823.249549 1835.605538 1840.611122 1837.632312 1832.305246 1828.006352 1820.585552 1809.902359 1799.466440 1790.405633 1783.428353 1777.472958 1770.923387 1776.476177 1782.953008 1792.020524
1755.889343 1775.482953 1796.084445 1799.134605 1788.843584 1781.105013 1775.762906 1776.493519 1779.840532 1776.871569 1772.611251 1766.986411 1776.495093 1778.099616 1779.498910 1783.161846 1786.181520 1790.425055 1793.360477 1798.987531 1808.221683 1811.220724 1811.968031 1812.322161 1810.674036 1807.731067 1806.071394 1803.482503 1798.405451 1797.150326 1797.265262 1796.659906 1801.308640 1802.827869 1805.021234 1798.797920 1802.636172 1808.752656 1815.471603 1821.367466 1827.498994 1830.486680 1826.699658 1825.809676 1816.820724 1802.472077 1791.290955 1782.715898 1781.194779 1777.538778 1769.025512 1755.256988 1762.124248 1777.183397 1781.171277
1762.347998 1771.930767 1783.698637 1786.965386 1782.414603 1784.554836 1786.706126 1788.579308 1787.390788 1784.682994 1782.270798 1794.439893 1803.887657 1806.004818 1809.205968 1813.413812 1813.798074 1802.700364 1800.776773 1808.952754 1819.281802 1825.081214 1825.555361 1825.635530 1823.214138 1822.388345 1822.289944 1820.437029 1820.842031 1823.023740 1822.126737 1826.137456 1831.747275 1834.847506 1828.065177 1819.238447 1820.605909 1828.579072 1837.004730 1844.212757 1854.313778 1864.926539 1863.789163 1857.895220 1848.316001 1834.379139 1810.519952 1790.999401 1779.320751 1771.045779 1763.003415 1763.320556 1758.815341 1770.236267 1771.146511
1758.164685 1777.213552 1798.564510 1806.303842 1801.015266 1797.123795 1795.595031 1796.916730 1797.244313 1799.846790 1811.405658 1824.938572 1838.733085 1841.765468 1844.569615 1844.307463 1836.294902 1826.471211 1823.506562 1838.002236 1854.715680 1863.134280 1863.659018 1861.881986 1867.606794 1867.082525 1866.458339 1862.382431 1864.084711 1864.191068 1872.440828 1880.117518 1887.555253 1885.954999 1873.853164 1862.127195 1861.171005 1864.932692 1869.505610 1875.998782 1885.791508 1894.706332 1889.027115 1881.821272 1871.905374 1843.475714 1817.035975 1800.151599 1799.335774 1798.669800 1792.928453 1789.198422 1785.868186 1779.035956 1777.862469
1803.366092 1824.627004 1845.526233 1861.065087 1856.042628 1849.087062 1840.422455 1841.620750 1844.351931 1852.233632 1864.855657 1881.133436 1904.871521 1907.106197 1909.882041 1911.663732 1900.426400 1888.317366 1878.065090 1897.797308 1908.664536 1917.091048 1917.579646 1925.997515 1935.736701 1931.908972 1924.884391 1914.244622 1920.471819 1930.383225 1945.529184 1952.768811 1957.165495 1954.713426 1942.655519 1936.609090 1936.300155 1940.057845 1938.880212 1944.675769 1953.899668 1968.208848 1966.538245 1958.670929 1936.036310 1897.916955 1864.202232 1845.394374 1851.799792 1844.069658 1836.127083 1832.545979 1818.557991 1807.943728 1807.756461
1851.805646 1869.070211 1887.619268 1906.250628 1901.056917 1891.741121 1878.317964 1877.755621 1884.813878 1895.660015 1914.787174 1936.484367 1959.555030 1965.036356 1965.333692 1975.605929 1969.668018 1960.353563 1952.862864 1968.148236 1979.846700 1991.424970 2000.144012 2013.269584 2024.784433 2013.056075 1999.590462 1992.808107 1998.886210 2020.822790 2039.990058 2045.023065 2045.503632 2047.020553 2035.785439 2029.965502 2024.663273 2021.612150 2016.947557 2013.475152 2033.770447 2051.316537 2049.183538 2025.400449 2000.492958 1961.596785 1922.385694 1891.627697 1894.526021 1890.033108 1889.153846 1874.692906 1859.390694 1845.157316 1836.890227
1925.696307 1953.151462 1973.487437 1996.129746 1994.689256 1977.060738 1967.407707 1972.333680 1986.083789 1994.303855 2011.512238 2033.723023 2063.928369 2082.672878 2099.706668 2104.826167 2097.537628 2089.258943 2077.037626 2078.171058 2098.243969 2110.876273 2121.377845 2131.845436 2144.830016 2148.880008 2145.096513 2144.440466 2148.296730 2157.820486 2168.856009 2175.640789 2180.199887 2184.590575 2177.474318 2166.500724 2162.032748 2154.728851 2150.101886 2148.071722 2153.487964 2167.246778 2163.628755 2132.282316 2103.594579 2068.457061 2029.159366 1996.831690 1981.851368 1990.860419 1981.488606 1962.554066 1945.087098 1912.283027 1898.664945
2018.549946 2054.573669 2082.526697 2097.395166 2110.199646 2103.278269 2104.826611 2109.909017 2118.413810 2123.481111 2131.573935 2164.700610 2199.852528 2228.380428 2252.925347 2261.864295 2251.517696 2242.301858 2230.269509 2221.600464 2228.909791 2245.082240 2262.829095 2278.832025 2290.601479 2294.060615 2293.005562 2293.521891 2296.243133 2299.328790 2302.923812 2310.072165 2317.739128 2327.868515 2337.961892 2330.435960 2313.371039 2302.384787 2290.623757 2287.188387 2286.462221 2286.127634 2285.288758 2272.573616 2235.259550 2203.429316 2169.349003 2141.998711 2121.852005 2111.003354 2089.831904 2064.910580 2015.510180 1975.044579 1940.109209
2129.201016 2172.841153 2204.747512 2228.023656 2244.070069 2246.341619 2249.864107 2252.933383 2258.814457 2263.686586 2269.874250 2294.830624 2335.067901 2373.970199 2405.050427 2408.172872 2397.752385 2387.515338 2378.092032 2366.521479 2363.569252 2373.944271 2387.426940 2405.720367 2417.213223 2425.739584 2424.064542 2424.684302 2426.123506 2428.233256 2430.282875 2433.098085 2441.395547 2454.815617 2467.479103 2467.860860 2452.479956 2435.651701 2419.184033 2413.979709 2409.212833 2403.197845 2403.114446 2402.652738 2389.917628 2360.058237 2319.992962 2276.159254 2251.350857 2230.306197 2215.784347 2197.416949 2164.106180 2105.070718 2069.334801
2262.561514 2294.841193 2326.779874 2359.235203 2378.116134 2385.172104 2385.662004 2387.324182 2395.252339 2400.714369 2409.563173 2426.485393 2454.258082 2486.346213 2514.718585 2531.681225 2526.809264 2512.578448 2493.861494 2487.320239 2485.999498 2489.323376 2497.727525 2508.234731 2525.713588 2543.414475 2550.178213 2551.285819 2548.316631 2551.523051 2553.280322 2553.678250 2555.727969 2562.171195 2570.444282 2573.340308 2567.223000 2548.532138 2527.244180 2514.338810 2506.576259 2502.137698 2500.502876 2501.981339 2501.219716 2486.208190 2452.804979 2410.552117 2376.796751 2355.638457 2338.636359 2322.083155 2308.174292 2281.296549 2259.992351
2387.931693 2404.545161 2433.191403 2462.327930 2487.063298 2503.922068 2507.415756 2512.673096 2517.957464 2527.118147 2542.918012 2564.943733 2581.585293 2601.107070 2624.682818 2638.893275 2644.589633 2644.341316 2642.258177 2644.183628 2644.927680 2604.452370 2609.379134 2614.182250 2625.811455 2637.203476 2641.520160 2642.170584 2640.567484 2642.390838 2643.286920 2643.656061 2643.579320 2644.725061 2648.179328 2649.507136 2647.909134 2638.766521 2648.182014 2630.335570 2618.025167 2610.183371 2601.834845 2592.571303 2581.807197 2570.308894 2549.941265 2519.964321 2485.085638 2459.084742 2447.382517 2438.913967 2429.483988 2421.827353 2403.793893
2501.198835 2514.152263 2532.510585 2555.140685 2587.136892 2608.879997 2620.240365 2629.315577 2634.128788 2646.971182 2661.590818 2652.377144 2658.110104 2663.889933 2669.534251 2671.424038 2671.911740 2671.621539 2669.406043 2669.076379 2667.449480 2663.771699 2654.415692 2656.340982 2658.302727 2661.043472 2664.804556 2663.685106 2664.797801 2667.988513 2666.731240 2661.407050 2657.955596 2656.619006 2657.440802 2664.744111 2668.094727 2669.094249 2667.425689 2667.035658 2666.727931 2664.681094 2661.810517 2657.460159 2651.648002 2658.577178 2646.456433 2620.348455 2583.511309 2544.461759 2531.991657 2528.884366 2527.515449 2523.497572 2515.825291
2627.680958 2641.566789 2656.346680 2646.637780 2662.524778 2670.731426 2674.530522 2677.630067 2679.872737 2681.400610 2677.868540 2674.249922 2669.108429 2667.273001 2665.454773 2662.526696 2662.646056 2660.317010 2656.112932 2652.327785 2645.397307 2634.659516 2623.758604 2621.073861 2625.673145 2630.950734 2635.573411 2639.244900 2642.776232 2643.636175 2638.986852 2631.385263 2624.561213 2623.040245 2629.789999 2635.504955 2641.390953 2642.424321 2641.525109 2639.973554 2640.705682 2638.606561 2639.489413 2646.401666 2660.134256 2664.442420 2667.955816 2666.926421 2655.334025 2634.568030 2634.288262 2614.041492 2617.627168 2611.961167 2599.383317
2673.997498 2676.815740 2676.520343 2675.571796 2669.806578 2663.920649 2662.831499 2666.106273 2672.141126 2672.367320 2664.394151 2655.012868 2646.995026 2639.007023 2635.767160 2633.738586 2632.238079 2631.614545 2625.696327 2616.874651 2600.636850 2589.128654 2578.141977 2572.273517 2569.611465 2573.839210 2584.000047 2594.428491 2599.191180 2591.683343 2584.254895 2573.674066 2566.105329 2566.750017 2568.702992 2577.979549 2593.156504 2599.254011 2600.578624 2595.817621 2591.580088 2586.538663 2585.173879 2592.693984 2608.404151 2624.889889 2639.728190 2648.606132 2656.300080 2663.097967 2664.638447 2666.395966 2667.093366 2665.146215 2664.950009
2672.733380 2666.428700 2659.914932 2654.727706 2647.838716 2641.589735 2638.809985 2639.715792 2640.725868 2635.484029 2627.199816 2615.239339 2602.662750 2591.395209 2583.014134 2582.206562 2582.802972 2582.589987 2574.748989 2559.153752 2540.537678 2526.844552 2512.908784 2508.858105 2503.475681 2497.689918 2507.764213 2525.602337 2532.188984 2517.917182 2508.055766 2494.005699 2487.460460 2484.375816 2485.848310 2495.204472 2516.248478 2537.851019 2540.181092 2531.136508 2522.513864 2519.397784 2518.220309 2525.427772 2544.319422 2566.547942 2583.220821 2594.384300 2601.095177 2610.125564 2620.507186 2634.419371 2648.675098 2660.358007 2667.211237
2649.867965 2641.865961 2633.761940 2625.463142 2617.394422 2609.586116 2603.557946 2599.505167 2594.132401 2585.775119 2576.154277 2555.871266 2541.222584 2526.684546 2510.397071 2504.623657 2498.829030 2498.374694 2485.676234 2475.472482 2457.540693 2441.833351 2425.840755 2413.920250 2407.921388 2401.497831 2402.879546 2417.156395 2425.790376 2414.334892 2404.645530 2393.224387 2388.214493 2385.271433 2387.720610 2398.315368 2419.583263 2438.565900 2446.956540 2440.544428 2438.709941 2439.457053 2440.249950 2448.249039 2463.010495 2483.749361 2507.211354 2526.586763 2538.311394 2547.728837 2559.371310 2576.082106 2591.486811 2606.535652 2624.668128
2616.716252 2606.454709 2595.476903 2584.479927 2572.116847 2558.630425 2549.848335 2548.956593 2539.727738 2530.636902 2509.057656 2456.310971 2434.049146 2413.022811 2394.810943 2386.149509 2375.922306 2362.242907 2351.587260 2344.639121 2340.943872 2325.443603 2307.095109 2289.854533 2284.489977 2280.328646 2267.412342 2267.754410 2269.618485 2279.166673 2272.653599 2269.217354 2269.222783 2267.125621 2269.814698 2283.393110 2293.809808 2302.450484 2309.749661 2312.346682 2322.470262 2331.946767 2341.065147 2359.813916 2374.572634 2393.666221 2417.327330 2444.821190 2462.043842 2474.457627 2487.819946 2505.622126 2524.215454 2543.657756 2567.693950
2574.772349 2557.335841 2541.410473 2525.189401 2510.124859 2494.923339 2477.756207 2475.773988 2469.390229 2456.456211 2405.437951 2360.328308 2323.555696 2302.795162 2277.326089 2262.337401 2246.294544 2212.384655 2194.940943 2190.115632 2198.645294 2191.270631 2174.850285 2161.605784 2152.700772 2144.619801 2129.386734 2115.880578 2121.117263 2136.190840 2134.402895 2135.297965 2141.393045 2140.533692 2135.969093 2138.067952 2151.774892 2159.238408 2170.449794 2185.771426 2191.726790 2205.877237 2237.551864 2253.314150 2271.175357 2293.481932 2317.970866 2344.403737 2369.437624 2386.681381 2405.061111 2427.152716 2447.103448 2470.516693 2496.100632
2513.491624 2482.738948 2460.375946 2440.720464 2419.407955 2392.742513 2369.103232 2363.128895 2352.721847 2325.083205 2271.937403 2230.346961 2200.560460 2175.866779 2149.799985 2126.372016 2092.270077 2057.588177 2035.244021 2044.276737 2052.505734 2057.821174 2044.878532 2032.975002 2023.015403 2007.211624 1991.158979 1977.316273 1986.958811 1995.524199 2008.903032 2014.135801 2018.123195 2022.463553 2021.470809 2014.413067 2015.164808 2024.078547 2034.807303 2046.826270 2065.177066 2098.839716 2125.200428 2145.029584 2168.128722 2190.579413 2215.844873 2242.639907 2268.407240 2288.785454 2311.181819 2334.601805 2359.548982 2383.400532 2410.936709
2424.368796 2394.231319 2365.083364 2339.027457 2306.240331 2260.642191 2242.486898 2230.164577 2209.746985 2165.127667 2120.175580 2089.117106 2068.009640 2041.928611 2017.592601 1988.054518 1954.230369 1928.941359 1907.672024 1915.229490 1923.088670 1938.067163 1927.501138 1918.349098 1913.640671 1898.598699 1885.017333 1869.660461 1876.587509 1887.532952 1907.691320 1912.795153 1916.700045 1924.980127 1924.302683 1921.107787 1908.479998 1916.607331 1927.678824 1942.433155 1972.314977 1996.940682 2021.483567 2044.618424 2066.576843 2091.173895 2117.037595 2143.616261 2172.842981 2195.884006 2218.591359 2243.927412 2267.774243 2288.499598 2311.607046
2301.836736 2274.576679 2250.758410 2223.696554 2181.502775 2135.028441 2094.885100 2071.091251 2023.925753 1987.318150 1957.304688 1945.790841 1928.600144 1905.593234 1883.835120 1862.204071 1837.197997 1815.582026 1790.375479 1794.265740 1807.782652 1822.832338 1820.293733 1818.805816 1816.428380 1806.150379 1792.628640 1779.069611 1782.737169 1798.811895 1816.211429 1824.972166 1832.236692 1840.030327 1840.159614 1832.272769 1823.378491 1828.928861 1844.001670 1860.663258 1880.613078 1902.900666 1925.313775 1947.069015 1971.192074 1996.098750 2021.585444 2049.267452 2078.896059 2102.630274 2129.458096 2157.353191 2179.214388 2193.806586 2209.027661
2182.780698 2159.650547 2133.549779 2104.204387 2060.774800 2017.878404 1974.256400 1929.464621 1894.514869 1862.811180 1848.854095 1830.310669 1813.421404 1795.944474 1774.349017 1755.600489 1738.056364 1715.831817 1701.287772 1707.058574 1719.894476 1729.316743 1733.861742 1731.223966 1728.499997 1721.914660 1708.147298 1700.982302 1710.194115 1725.459062 1739.767183 1750.672002 1757.569703 1763.305248 1760.607553 1752.144768 1747.951426 1756.326874 1772.101984 1786.658774 1803.168872 1824.732987 1846.187480 1868.723291 1892.401099 1916.035564 1942.244088 1969.408252 1997.440011 2026.086027 2051.626586 2075.039715 2088.388167 2102.356943 2109.836977
2044.899668 2028.926557 2001.689424 1971.927547 1939.253722 1901.994328 1873.036541 1839.962332 1808.191024 1777.299743 1750.650612 1734.902250 1725.940470 1711.338637 1692.590894 1679.685359 1662.998654 1648.701351 1651.172336 1652.908392 1662.258476 1661.768319 1662.402539 1659.619436 1658.729801 1655.422121 1646.997144 1656.329267 1663.356601 1677.380840 1687.805948 1697.408831 1703.491547 1707.432590 1708.041326 1702.852771 1707.661572 1714.467708 1728.796269 1740.551333 1755.156867 1775.875430 1793.524610 1813.340745 1836.265761 1860.073050 1885.079182 1911.898078 1941.025481 1967.340254 1988.053925 1998.557546 2011.151277 2017.805108 2012.781812
