tests/Borden05m/data_simulated/sim_1/output-maps/psiliqL0029N0018.asc
ncols         160
nrows         34
xllcorner     620200.000000
yllcorner     5168000.000000
cellsize      0.500000
NODATA_value  -9999.0
[rows 0 to 24 of 34, columns 55 to 109 of 160]
-9999.0 -9999.0 -9999.0 -9999.0 -9999.0 -9999.0 -9999.0 -9999.0 -9999.0 -9999.0 -9999.0 -9999.0 -9999.0 -9999.0 -9999.0 -9999.0 -9999.0 -9999.0 -9999.0 -9999.0 -9999.0 -9999.0 -9999.0 -9999.0 -9999.0 -9999.0 -9999.0 -9999.0 -9999.0 -9999.0 -9999.0 -9999.0 -9999.0 -9999.0 -9999.0 -9999.0 -9999.0 -9999.0 -9999.0 -9999.0 -9999.0 -9999.0 -9999.0 -9999.0 -9999.0 -9999.0 -9999.0 -9999.0 -9999.0 -9999.0 -9999.0 -9999.0 -9999.0 -9999.0 -9999.0
-9999.0 -9999.0 -9999.0 -9999.0 3997.335414 3992.078594 3987.420440 3983.001905 3974.584327 3965.260344 3957.533720 3953.307979 3952.088448 3951.233580 3950.534418 3955.284876 3963.317728 3970.884409 3977.652644 3980.025919 3982.310003 3984.034388 3984.168378 3983.010805 3979.730602 3976.329562 3972.904006 3971.127556 3963.920110 3952.836636 3944.631817 3941.948874 3946.057226 3950.357061 3952.797151 3957.801533 3968.082317 3978.611417 3987.180746 3999.880059 4007.150325 4012.522037 4014.992273 4011.000621 4007.766017 4003.729838 3997.325885 3986.201931 -9999.0 -9999.0 -9999.0 -9999.0 -9999.0 -9999.0 -9999.0
3942.311184 3960.630852 3981.825672 3984.893336 3973.035813 3967.901083 3964.783552 3963.196959 3959.090078 3950.631543 3945.538758 3940.023798 3937.170091 3937.129649 3936.924521 3940.430942 3951.273971 3958.965575 3963.416341 3966.023280 3968.868095 3966.940733 3966.045577 3965.785868 3962.827107 3959.274833 3955.844473 3953.934049 3955.601057 3947.983868 3941.850138 3937.825131 3934.552820 3937.332799 3940.082237 3944.930250 3953.999473 3961.820559 3969.727906 3985.088208 3998.430760 4004.213711 4001.643779 3997.133267 3993.295467 3985.695970 3974.760433 3964.843958 3957.145101 3951.264393 3945.949854 3939.367132 3945.894222 3954.077368 3963.281980
3925.494604 3944.664185 3965.169647 3967.644662 3957.461845 3949.840422 3942.551125 3943.119585 3946.813363 3943.626918 3938.740042 3930.262891 3940.601947 3941.483973 3942.016787 3945.104091 3946.618299 3952.129193 3954.391577 3959.643796 3968.541310 3971.301390 3971.642939 3971.594609 3969.504292 3966.147348 3964.078642 3961.207401 3955.855499 3953.852635 3953.320595 3951.769196 3955.632125 3957.147304 3960.323402 3955.099496 3959.714033 3965.966275 3972.952600 3978.221618 3984.226784 3986.402010 3983.093236 3984.018459 3975.686459 3962.081261 3952.537835 3945.341926 3946.113586 3943.257048 3935.351194 3921.429401 3930.062015 3946.355159 3951.229982
3930.068785 3938.913700 3949.167435 3951.525392 3946.453279 3948.838600 3950.629089 3951.723743 3949.756957 3946.049879 3941.068557 3950.953984 3958.943719 3960.171001 3962.412164 3966.352557 3967.464186 3956.768778 3954.750125 3961.704754 3971.122342 3976.047703 3976.143816 3975.632685 3971.493437 3970.223835 3969.988034 3968.219870 3967.350180 3968.655365 3965.621795 3968.143742 3973.553273 3976.952992 3972.328565 3964.075688 3966.643859 3975.254636 3984.598837 3992.236873 4002.273090 4012.900759 4013.471436 4009.199227 4000.796074 3988.598482 3966.370583 3949.338303 3938.364274 3930.192937 3922.941144 3926.663299 3921.617341 3936.090525 3937.968216
3913.495957 3935.063941 3954.831960 3960.192590 3954.148344 3950.700306 3949.787782 3950.354681 3949.079898 3948.902445 3956.709987 3968.008943 3978.420339 3980.195568 3981.786373 3980.244537 3973.031467 3962.646113 3960.178058 3973.019213 3989.815487 3997.524324 3996.711456 3991.475611 3993.639349 3994.089790 3995.102838 3992.092404 3992.481483 3989.131800 3993.482331 4001.176848 4009.351986 4008.092038 3995.595504 3983.027263 3983.293833 3989.381468 3997.189049 4005.073892 4015.178900 4024.121817 4019.348696 4014.627395 4007.836202 3982.875459 3961.251525 3947.524868 3947.880301 3948.788369 3944.483766 3942.758859 3942.451886 3939.078714 3939.513587
3948.396217 3967.178084 3987.486955 3999.793170 3993.541879 3986.227891 3978.209267 3978.310792 3978.085467 3983.393049 3993.149843 4004.795688 4025.987619 4024.669720 4024.471231 4022.182950 4008.851231 3995.397716 3985.695863 4008.778095 4020.012150 4026.807994 4023.196781 4027.176969 4035.523797 4032.184870 4026.303292 4013.812890 4019.260296 4024.490736 4039.681653 4047.919400 4053.557257 4048.184090 4033.606745 4026.579182 4028.806350 4036.277201 4038.304612 4047.917317 4056.295079 4071.142834 4069.555304 4067.501994 4048.119614 4010.949762 3982.690879 3971.813409 3984.482399 3979.030648 3972.649350 3973.345784 3962.938989 3956.596808 3959.743522
3977.780591 3990.324185 4006.204527 4022.449954 4012.696427 4002.720815 3985.525955 3981.836552 3985.289693 3995.563154 4012.830693 4029.780633 4048.916067 4045.468187 4036.708550 4046.441486 4039.363944 4028.183944 4020.853976 4044.743087 4054.426831 4064.354273 4069.187908 4081.876009 4092.103551 4073.975033 4055.723662 4044.095549 4051.585124 4078.637547 4102.337519 4107.117701 4105.688611 4104.331471 4087.505328 4083.055133 4080.387931 4081.995019 4080.069173 4078.662298 4105.647612 4128.325785 4128.327675 4107.008306 4084.340875 4043.667464 4005.606996 3982.825943 3998.741631 3995.029492 3999.146325 3989.992513 3978.968992 3973.828939 3972.844638
4023.676686 4043.826755 4059.509599 4081.795418 4070.564504 4046.146022 4028.357168 4030.587814 4044.519682 4052.991871 4072.414131 4088.130263 4112.857346 4123.070650 4132.681935 4136.688668 4130.007098 4121.590297 4109.856454 4116.868363 4142.497871 4154.161258 4162.041459 4169.977170 4182.757743 4181.964697 4174.042155 4171.905398 4176.599493 4191.667063 4207.510188 4214.329862 4216.876947 4218.815571 4203.309400 4189.711036 4188.689881 4183.943252 4183.931478 4183.485783 4196.962317 4219.660643 4216.014621 4176.747404 4149.608727 4113.444385 4074.294203 4044.983061 4041.088424 4062.854452 4062.452002 4046.381262 4037.682413 4013.474126 4010.712084
4090.171196 4122.988617 4147.013180 4156.580416 4162.953816 4146.063391 4143.332140 4147.772138 4156.659877 4159.593117 4165.952479 4198.673080 4232.579805 4256.919613 4279.635607 4286.658318 4273.941878 4264.192450 4250.305145 4241.678593 4254.465987 4272.565690 4290.615221 4305.482345 4316.923935 4318.665368 4317.003127 4317.025664 4320.449492 4323.500277 4328.189764 4337.311132 4345.118401 4353.502026 4360.840467 4349.239222 4332.093771 4323.479172 4315.494598 4315.619777 4317.595648 4322.665666 4323.856387 4304.664282 4259.654370 4226.810119 4194.155025 4176.268557 4164.422149 4166.994378 4148.629007 4123.347617 4070.062971 4032.895548 4001.952464
4173.874544 4219.532217 4249.034673 4265.020018 4277.509023 4273.361833 4275.344122 4276.228229 4279.688701 4281.594244 4283.472970 4311.690968 4354.856384 4395.329320 4427.379937 4426.405464 4411.616783 4400.066783 4391.291098 4375.953583 4371.900869 4385.889838 4402.550716 4424.089618 4434.371663 4439.619718 4435.651002 4435.837259 4438.028734 4440.493751 4442.766275 4446.894258 4457.319416 4473.359344 4488.805458 4487.425602 4466.869442 4448.515372 4432.688582 4431.307551 4429.641882 4424.783639 4427.558631 4429.565260 4411.177903 4377.798899 4336.340081 4295.828734 4280.988718 4266.830576 4255.978394 4238.255483 4193.325670 4122.062801 4079.781625
4290.279962 4326.864763 4356.425728 4387.233219 4401.500299 4402.609220 4399.522798 4397.761308 4404.939749 4406.960472 4411.668164 4428.524799 4463.388116 4501.142193 4532.080772 4547.257518 4538.424423 4518.954049 4495.302533 4484.191498 4480.834100 4484.952085 4495.379642 4509.714813 4530.533384 4551.120446 4557.059730 4557.998300 4555.239800 4557.798378 4559.518654 4559.667771 4563.156722 4572.799837 4583.553652 4587.175596 4578.468924 4555.778256 4531.105551 4520.379742 4514.311806 4511.066769 4512.770355 4518.863403 4522.915268 4506.923476 4468.829107 4421.838652 4392.137293 4378.239653 4365.763904 4351.032120 4337.654420 4300.450225 4278.016511
4401.584813 4417.724021 4447.309903 4477.260519 4499.900545 4514.435797 4514.036573 4516.535941 4521.486560 4528.320517 4543.504020 4568.403588 4589.248547 4613.903422 4642.406336 4659.987453 4665.206786 4662.959473 4658.032233 4659.059183 4659.480405 4584.740668 4592.074681 4599.401722 4619.733691 4637.557943 4644.103912 4644.862383 4641.836246 4643.924182 4644.834425 4644.653089 4644.270858 4647.350249 4653.388631 4655.696474 4652.843389 4638.226773 4661.331914 4640.181472 4626.092324 4617.540642 4609.000537 4600.690075 4591.112454 4580.904353 4559.298572 4526.671832 4491.338050 4470.939121 4463.588006 4457.189893 4447.727488 4441.507681 4423.423335
4501.501658 4512.156854 4531.503733 4555.443430 4591.872108 4617.011679 4628.940206 4638.687580 4643.470037 4658.136166 4676.033934 4656.541144 4666.454028 4676.712022 4686.904427 4690.404585 4691.406763 4690.944330 4688.482714 4687.558308 4684.876448 4681.747339 4670.922577 4672.571760 4674.669646 4677.338119 4681.154201 4680.117269 4681.294148 4684.270431 4682.416465 4676.162864 4671.906132 4670.324458 4671.502322 4679.068515 4682.690548 4683.709361 4679.563410 4678.536936 4677.348358 4673.290653 4668.224682 4661.083152 4651.947732 4670.482195 4657.600796 4627.680668 4584.625095 4540.880247 4534.702840 4537.988528 4537.419740 4535.991779 4530.184052
4633.706590 4648.216706 4663.839992 4635.438739 4662.094389 4675.735710 4682.114156 4686.788138 4689.783648 4693.606711 4690.663169 4687.775062 4682.786176 4681.095428 4679.700053 4677.218780 4677.832751 4675.941268 4671.788222 4667.535830 4659.020452 4647.105811 4635.920904 4632.000157 4636.217852 4642.053489 4647.499081 4652.378270 4656.252613 4655.911607 4650.165134 4641.477276 4633.711611 4632.121539 4639.175776 4645.019237 4651.999919 4652.952277 4651.545344 4648.877746 4648.473899 4644.912822 4645.029089 4652.363221 4667.732565 4669.522077 4676.563972 4675.561145 4655.698251 4619.730731 4637.231813 4616.879631 4623.569359 4618.786784 4607.194490
4681.461458 4684.767613 4682.822107 4681.936513 4675.369865 4669.177679 4668.351975 4672.418894 4679.554575 4680.527396 4673.375773 4664.597719 4657.170717 4649.423070 4646.935392 4646.546775 4646.381114 4646.979168 4641.613965 4631.715783 4614.004647 4602.312210 4591.207475 4585.240599 4580.818934 4583.798508 4595.566518 4608.650904 4613.856198 4603.677783 4594.823530 4582.534865 4574.391742 4574.900711 4575.559173 4585.302628 4603.213506 4611.777218 4612.635487 4605.711078 4598.571628 4591.660903 4588.276960 4594.680542 4610.294725 4627.776605 4644.229911 4653.840070 4661.809949 4669.239705 4665.994969 4669.265619 4671.065297 4668.524391 4672.874494
4676.279735 4669.103247 4661.925654 4656.473089 4650.000341 4644.749177 4642.815629 4644.479143 4646.069660 4641.644791 4635.255827 4625.171133 4613.943735 4604.098027 4595.913624 4596.951113 4599.331706 4601.180282 4593.505450 4577.668957 4559.501050 4545.841927 4531.846669 4527.860709 4521.577311 4512.779025 4522.791223 4543.461049 4551.253076 4534.250796 4522.968165 4507.354569 4500.965548 4496.657992 4497.218631 4506.066595 4529.571342 4555.367923 4557.793374 4546.443053 4535.147058 4530.497796 4527.168105 4531.365651 4547.918448 4569.323151 4586.098989 4597.016415 4602.407225 4610.239993 4619.744462 4634.831927 4650.352762 4663.279824 4666.875611
4650.546965 4642.716919 4634.974576 4627.233695 4620.263370 4613.955404 4609.554034 4607.551526 4603.110338 4596.840448 4589.665269 4566.856221 4554.132563 4540.721628 4525.217914 4521.043261 4515.556777 4516.360708 4504.609487 4497.195952 4481.193007 4465.735537 4449.995960 4435.661082 4429.900875 4422.891400 4419.380291 4432.294264 4440.570958 4432.188561 4422.643427 4412.622776 4408.591646 4405.213988 4407.908361 4418.481109 4437.368324 4455.726520 4464.733044 4457.662353 4457.665854 4458.549696 4457.008819 4463.721058 4473.669560 4491.349714 4514.518835 4534.665365 4544.948422 4551.758983 4560.893985 4575.546918 4589.948371 4604.660061 4623.205556
4619.741436 4610.275473 4600.198647 4590.271350 4579.594613 4568.861506 4562.089617 4565.032906 4559.013085 4553.432681 4528.267762 4470.147036 4447.857183 4428.365673 4411.611900 4404.385659 4395.451968 4376.648587 4367.989970 4364.031069 4368.856918 4355.234245 4337.611845 4319.364251 4314.512324 4311.132676 4291.147268 4283.658525 4283.397999 4303.456367 4297.798955 4297.959847 4301.151792 4298.838848 4299.586716 4312.154168 4318.672198 4322.790091 4329.879495 4336.788982 4348.733252 4357.642818 4370.068546 4387.908625 4398.271844 4413.160924 4433.432540 4459.997709 4476.392238 4486.082104 4496.482352 4511.861470 4528.087431 4546.140751 4568.794651
4584.616306 4567.155729 4552.148542 4537.574257 4524.670268 4511.580039 4494.756998 4496.774468 4494.847454 4483.820347 4424.516362 4383.955013 4349.402053 4332.281418 4307.929101 4293.504250 4275.312292 4232.958931 4214.407300 4215.607065 4233.518431 4231.889958 4217.076535 4205.831642 4195.983963 4185.747248 4166.480033 4144.574605 4151.103641 4171.624586 4174.328085 4179.318210 4188.457953 4188.384083 4180.659669 4175.380013 4186.753623 4191.487218 4203.262234 4223.088497 4228.383008 4247.383865 4283.776869 4296.562509 4311.733563 4329.747274 4349.859620 4371.908239 4395.335206 4409.750578 4425.205073 4443.636442 4460.347856 4480.623561 4503.069838
4532.250662 4500.009906 4478.266206 4460.487734 4440.636092 4411.597759 4391.515684 4389.110642 4382.983479 4350.627920 4296.136232 4261.746510 4240.127656 4218.269346 4195.428598 4169.916503 4129.134498 4093.212571 4070.794379 4089.854006 4102.420016 4117.532895 4106.963110 4096.832130 4087.422890 4068.007263 4050.681885 4032.681169 4044.547071 4053.297298 4075.837906 4083.897587 4087.968761 4095.007076 4093.484168 4080.644387 4072.179195 4080.027242 4089.801689 4102.362520 4126.645727 4164.296870 4189.262136 4207.914255 4228.376366 4246.582184 4267.457658 4290.061024 4313.141398 4330.306128 4348.456458 4366.596841 4387.299332 4405.782728 4427.914790
4448.201853 4419.847569 4393.609316 4370.230550 4336.801703 4287.909817 4273.479947 4264.248342 4239.282930 4188.035137 4146.413729 4129.969383 4120.356883 4097.590937 4077.506349 4047.829312 4013.037426 3993.003775 3972.406973 3984.172051 3995.798610 4019.000478 4011.442252 4006.191944 4004.380446 3988.954097 3975.953405 3958.893554 3964.846597 3977.849103 4003.536959 4010.241857 4014.688596 4024.970413 4024.354581 4018.955604 3998.441248 4004.501885 4015.401520 4030.413333 4062.683963 4084.615580 4106.539023 4128.376633 4147.334711 4168.398738 4189.935426 4212.369060 4238.804651 4258.153743 4276.856955 4298.073543 4316.570524 4329.378815 4343.845351
4337.005312 4313.705481 4295.197326 4271.108032 4226.120639 4181.975223 4138.776320 4108.485996 4051.487169 4016.158642 4000.584165 4005.079180 3995.308745 3977.169912 3959.716101 3941.661626 3921.717240 3904.788303 3879.887962 3886.349654 3903.794014 3922.336957 3926.413008 3929.244936 3928.668371 3920.300769 3907.111844 3893.590192 3897.467459 3915.340414 3933.825957 3944.876714 3953.027720 3960.849102 3960.374992 3949.747869 3938.944845 3943.163171 3958.699847 3974.501307 3990.526716 4010.104359 4030.001257 4049.808798 4071.664794 4093.426207 4115.423963 4139.393350 4165.547398 4186.605246 4209.641443 4233.337351 4248.342088 4255.381005 4260.592653
4233.002596 4215.230274 4192.801595 4165.155444 4122.900755 4084.165453 4044.060379 3994.253129 3961.653320 3934.561072 3932.078407 3918.955301 3908.446390 3896.488229 3877.643384 3863.463516 3851.175102 3831.146463 3824.606680 3833.242123 3847.388075 3854.960833 3863.642863 3862.320998 3860.682289 3856.085368 3842.348415 3840.413274 3851.076933 3866.254156 3879.549183 3891.605990 3898.524540 3903.201304 3899.876373 3890.144037 3887.945543 3895.849536 3910.919360 3923.413073 3936.611506 3956.053048 3974.608151 3994.987154 4016.187472 4036.817551 4059.898278 4083.713675 4108.590743 4135.054008 4156.016428 4172.466062 4179.320414 4186.984562 4183.038151
4108.325469 4099.343752 4074.117053 4046.183070 4018.865876 3988.468492 3967.221334 3937.632086 3909.335974 3882.237446 3857.711220 3848.552460 3845.152795 3834.605888 3819.965738 3810.970869 3797.188489 3790.874104 3800.042210 3801.349613 3808.810932 3806.316338 3807.882627 3806.127397 3806.127039 3805.048666 3800.844624 3814.620992 3820.831108 3833.740161 3843.424780 3853.160448 3858.642891 3861.820066 3863.188888 3859.514106 3865.888314 3871.113842 3883.861043 3894.047444 3906.075329 3924.572065 3939.975750 3957.219769 3977.841345 3999.168274 4021.220072 4045.218231 4071.675695 4094.563845 4110.022548 4114.246434 4121.266419 4119.634654 4105.123708
