tests/Borden05m/data_simulated/sim_1/output-maps/psiliqL0010N0007.asc
ncols         160
nrows         34
xllcorner     620200.000000
yllcorner     5168000.000000
cellsize      0.500000
NODATA_value  -9999.0
[rows 0 to 24 of 34, columns 0 to 56 of 160]
-9999.0 -9999.0 -9999.0 -9999.0 -9999.0 -9999.0 -9999.0 -9999.0 -9999.0 -9999.0 -9999.0 -9999.0 -9999.0 -9999.0 -9999.0 -9999.0 -9999.0 -9999.0 -9999.0 -9999.0 -9999.0 -9999.0 -9999.0 -9999.0 -9999.0 -9999.0 -9999.0 -9999.0 -9999.0 -9999.0 -9999.0 -9999.0 -9999.0 -9999.0 -9999.0 -9999.0 -9999.0 -9999.0 -9999.0 -9999.0 -9999.0 -9999.0 -9999.0 -9999.0 -9999.0 -9999.0 -9999.0 -9999.0 -9999.0 -9999.0 -9999.0 -9999.0 -9999.0 -9999.0 -9999.0 -9999.0 -9999.0
-9999.0 -9999.0 -9999.0 -9999.0 -9999.0 -9999.0 -9999.0 -9999.0 -9999.0 -9999.0 -9999.0 -9999.0 -9999.0 -9999.0 -9999.0 -9999.0 -9999.0 -9999.0 -9999.0 -9999.0 -9999.0 -9999.0 -9999.0 -9999.0 -9999.0 -9999.0 -9999.0 -9999.0 -9999.0 -9999.0 -9999.0 -9999.0 -9999.0 -9999.0 -9999.0 -9999.0 -9999.0 -9999.0 -9999.0 -9999.0 -9999.0 -9999.0 -9999.0 -9999.0 -9999.0 -9999.0 -9999.0 -9999.0 -9999.0 -9999.0 -9999.0 -9999.0 -9999.0 -9999.0 -9999.0 -9999.0 -9999.0
-9999.0 -9999.0 -9999.0 -9999.0 -9999.0 -9999.0 -9999.0 -9999.0 -9999.0 -9999.0 -9999.0 -9999.0 -9999.0 -9999.0 -9999.0 -9999.0 -9999.0 -9999.0 -9999.0 -9999.0 -9999.0 -9999.0 -9999.0 -9999.0 -9999.0 -9999.0 -9999.0 -9999.0 -9999.0 -9999.0 -9999.0 -9999.0 -9999.0 -9999.0 -9999.0 -9999.0 -9999.0 -9999.0 -9999.0 -9999.0 -9999.0 -9999.0 -9999.0 -9999.0 -9999.0 -9999.0 -9999.0 86.545067 69.062414 52.645980 50.781293 73.596405 97.050244 120.830374 141.397244 160.068720 179.051502
-9999.0 -9999.0 -9999.0 -9999.0 -9999.0 -9999.0 -9999.0 -9999.0 -9999.0 -9999.0 -9999.0 -9999.0 -9999.0 -9999.0 -9999.0 -9999.0 -9999.0 -9999.0 -9999.0 -9999.0 -9999.0 -9999.0 -9999.0 -9999.0 -9999.0 -9999.0 -9999.0 -9999.0 -9999.0 -9999.0 -9999.0 -9999.0 -9999.0 -9999.0 -9999.0 -9999.0 -9999.0 -9999.0 -9999.0 -9999.0 134.286205 140.158028 141.629307 130.873332 119.547826 107.540849 87.535741 69.595370 54.181318 51.391294 54.024483 59.637479 82.672515 107.158217 126.766012 144.099980 163.303896
-9999.0 -9999.0 -9999.0 -9999.0 -9999.0 -9999.0 -9999.0 -9999.0 -9999.0 -9999.0 -9999.0 -9999.0 -9999.0 -9999.0 -9999.0 -9999.0 -9999.0 -9999.0 -9999.0 -9999.0 -9999.0 -9999.0 -9999.0 -9999.0 -9999.0 -9999.0 -9999.0 -9999.0 -9999.0 -9999.0 -9999.0 -9999.0 -9999.0 -9999.0 41.873607 59.450126 77.584392 95.945012 112.590427 119.259617 125.146917 130.945179 126.893111 122.093994 110.720299 91.915928 72.178813 57.959455 55.422662 52.849094 57.271674 70.435556 87.266084 103.763610 124.815411 148.144102 157.422650
-9999.0 -9999.0 -9999.0 -9999.0 -9999.0 -9999.0 -9999.0 -9999.0 -9999.0 -9999.0 -9999.0 -9999.0 -9999.0 -9999.0 -9999.0 -9999.0 -9999.0 -9999.0 -9999.0 -9999.0 -9999.0 -9999.0 -9999.0 -9999.0 -9999.0 -9999.0 -9999.0 -9999.0 46.387635 40.420717 35.215331 33.639636 32.271404 31.045594 37.972163 50.279890 68.574512 90.158576 103.021050 110.206235 116.776242 117.570287 112.693568 110.539845 110.727827 98.972918 87.289577 76.358312 65.875867 64.644066 74.327200 88.387100 104.601101 119.549276 135.052220 147.550491 163.811108
-9999.0 -9999.0 -9999.0 -9999.0 -9999.0 -9999.0 -9999.0 -9999.0 -9999.0 -9999.0 -9999.0 -9999.0 -9999.0 -9999.0 -9999.0 -9999.0 -9999.0 -9999.0 -9999.0 -9999.0 -9999.0 -9999.0 -9999.0 17.064523 23.029038 29.473928 36.785940 37.602371 33.294903 27.548254 24.316074 22.683737 21.013067 25.389560 33.720335 47.445280 63.420168 85.185156 93.856701 100.413594 112.857361 115.255456 120.293699 124.312430 122.532214 119.853579 107.824896 98.987711 104.704699 111.000426 117.714929 125.542651 138.891415 154.739591 172.739868 193.697751 215.776295
-9999.0 -9999.0 -9999.0 -9999.0 -9999.0 -9999.0 -9999.0 -9999.0 -9999.0 -9999.0 -9999.0 -9999.0 -9999.0 -9999.0 -9999.0 -9999.0 -9999.0 -9999.0 -9999.0 -7.691694 -6.908785 -5.949544 -1.434284 -0.561978 1.586977 8.526830 16.602838 18.683479 16.996692 15.318655 16.790030 19.418406 23.623696 35.103502 49.025446 63.307460 77.552194 98.595126 113.529597 127.546495 143.788987 142.698666 138.435802 136.444073 137.029449 137.757305 143.582635 147.421413 153.767277 159.833861 167.183321 176.683086 188.156356 207.178483 228.180977 249.486005 269.686899
-9999.0 -9999.0 -9999.0 -9999.0 -9999.0 -9999.0 -9999.0 -9999.0 -9999.0 -9999.0 -9999.0 -9999.0 -9999.0 -9999.0 -9999.0 -9999.0 -35.961026 -34.186229 -32.165213 -26.909434 -24.432081 -20.583635 -13.813835 -12.814737 -9.064512 -2.032896 2.873234 11.408297 19.251843 26.564302 32.506519 35.223961 42.971552 52.782780 64.898297 80.741984 102.876831 126.015379 142.645965 159.688397 176.859857 177.533436 176.648038 178.084323 179.291552 187.482350 206.340476 213.482167 217.519950 237.054427 252.601345 259.098751 267.616401 287.293788 312.859905 340.848884 374.968458
-9999.0 -9999.0 -9999.0 -9999.0 -9999.0 -9999.0 -9999.0 -9999.0 -9999.0 -9999.0 -9999.0 -9999.0 -9999.0 -80.717849 -76.623476 -67.447595 -59.112469 -56.931864 -53.058215 -47.404162 -35.353627 -31.927213 -25.805161 -18.276956 -6.843567 1.629590 10.827169 22.640495 31.159576 38.472638 45.723846 52.304304 66.218694 81.972336 98.341895 119.148458 141.454639 163.070494 184.745893 200.803853 215.638971 219.482049 218.641160 221.376430 230.632598 250.195161 271.238586 285.154296 308.814627 335.672144 352.840278 367.980787 379.116664 394.263935 418.524619 459.582328 503.152801
-9999.0 -9999.0 -9999.0 -9999.0 -9999.0 -9999.0 -9999.0 -9999.0 -9999.0 -9999.0 -115.272655 -112.799992 -116.331302 -115.870286 -111.230126 -99.415883 -86.232339 -79.513014 -68.341218 -47.839781 -30.668131 -27.251631 -12.544383 -2.575815 4.025398 14.730900 27.989882 41.157924 58.650543 71.655352 84.520482 105.500597 122.601273 139.727795 158.221283 179.059825 200.961361 232.143068 261.194306 276.934521 302.468227 317.532544 316.193823 318.231462 328.990438 349.695323 377.106119 408.203738 437.478320 471.418542 497.299941 516.269763 530.561503 546.843511 568.087919 610.423401 661.810490
-9999.0 -9999.0 -9999.0 -9999.0 -9999.0 -9999.0 -9999.0 -9999.0 -139.302154 -132.426461 -126.235380 -129.358236 -134.148878 -137.633965 -124.549088 -108.818782 -92.944604 -75.904023 -60.036102 -42.184001 -26.651449 -10.102823 9.376270 21.289674 33.277601 48.735562 62.785649 81.030446 103.006253 118.026956 137.447871 160.276733 180.772168 200.202322 220.371506 240.716489 271.372591 308.781284 345.185316 373.813603 405.793128 433.952594 437.698306 444.759905 454.758366 487.795645 525.557057 565.248196 603.829240 645.207184 683.554455 705.632564 718.960750 733.740328 752.247216 774.522900 806.859330
-9999.0 -9999.0 -9999.0 -9999.0 -9999.0 -9999.0 -165.215809 -141.125373 -126.393374 -134.292194 -142.907897 -146.380907 -150.061211 -129.929136 -108.514710 -91.645515 -74.981286 -57.645345 -41.306287 -26.881094 8.140207 25.087205 40.259396 60.058599 74.691916 89.441229 107.567413 132.105477 156.189607 189.738022 220.590752 249.040698 278.181647 301.090013 323.449865 346.888913 383.849797 427.944874 472.889354 510.920934 545.546013 581.391845 595.772249 607.948275 624.382839 654.047766 692.891074 730.037371 771.148035 810.600916 841.006133 855.042018 865.965371 877.164961 890.589682 904.119980 919.043870
-9999.0 -9999.0 -9999.0 -9999.0 -198.476993 -177.603397 -157.202065 -126.419659 -103.856365 -109.203495 -102.050635 -101.579383 -102.965023 -100.154205 -94.111039 -76.159260 -58.237588 -40.110785 -21.407755 16.104935 58.959031 76.105664 103.224745 136.367788 151.360924 167.490708 184.557665 209.485555 240.767416 278.898021 329.444031 373.550386 405.300016 434.597393 462.703184 493.500518 534.879894 582.719382 632.801378 678.808428 716.305600 745.678521 762.874656 774.753722 791.720364 813.396577 838.238047 867.368591 898.429477 930.501521 955.300985 968.934499 975.821276 984.668761 994.003637 1005.158745 1015.975378
-9999.0 -9999.0 -9999.0 -245.861690 -207.391588 -170.385450 -142.981408 -111.993611 -80.230547 -74.137441 -65.552645 -59.227656 -52.757713 -43.662030 -33.721738 -17.049017 -2.332070 11.335803 33.029828 70.643078 107.886061 142.593101 177.004135 208.824746 233.579289 251.799439 271.860744 299.640109 344.170522 389.856028 449.238303 511.331575 557.630611 592.349358 624.540866 661.798767 694.643305 737.173598 779.865540 818.879748 853.300561 878.821100 898.272973 906.785614 917.010760 927.587431 944.945184 965.076146 984.373274 1009.667108 1034.566588 1054.719396 1065.647537 1072.930176 1086.286558 1099.789332 1110.201229
-9999.0 -9999.0 -292.428170 -255.326541 -220.258759 -168.806046 -116.099548 -82.303994 -41.247046 -15.987304 -8.385637 10.597057 28.160773 37.127123 54.513966 72.501940 87.374526 92.160880 106.819660 142.852211 198.196602 250.092743 283.982325 343.357580 381.461006 410.318332 430.159407 461.725667 502.637351 556.250915 618.781931 678.462198 724.996190 762.813002 785.629332 810.542098 837.842412 863.325524 897.376012 926.960561 955.556626 978.858396 998.478780 1005.569086 1010.179342 1024.433286 1045.260814 1066.582197 1086.575902 1105.659734 1114.074526 1119.745596 1122.114074 1123.426634 1125.633193 1127.267949 1128.134609
-9999.0 -9999.0 -317.785710 -273.574518 -231.163925 -161.560046 -84.812720 -46.874168 -3.244449 42.302812 62.536713 88.023189 107.151446 124.916836 150.227018 175.004764 182.753431 187.813453 189.029648 246.864590 310.832431 377.757718 448.968436 520.281666 570.613846 590.100901 606.795300 634.756291 667.574610 718.377125 774.932061 830.700907 876.325800 907.920794 925.522945 943.989010 964.344479 981.948817 998.982083 1032.506046 1053.557537 1074.107490 1096.232930 1114.009226 1121.083068 1123.014977 1117.109454 1122.040661 1125.348908 1126.879269 1127.312486 1124.151245 1123.522023 1124.270687 1125.493668 1121.093341 1115.378604
-9999.0 -404.797624 -352.837551 -298.649781 -228.120189 -158.735381 -72.496151 9.052531 61.948889 107.247614 138.545595 159.938681 213.347837 264.877941 294.795307 325.673047 326.627874 328.319465 322.178455 372.110793 434.874039 530.783049 656.835447 720.950060 764.077126 772.825860 774.577503 793.874230 823.041909 866.102202 927.729674 969.814441 1015.095305 1048.959816 1061.726139 1067.436666 1083.349683 1101.261400 1101.800560 1114.680627 1119.906231 1124.115144 1123.161908 1124.202393 1125.199518 1125.891003 1123.423836 1117.965001 1111.145940 1106.544454 1103.357073 1099.488795 1102.413877 1106.149369 1107.821574 1102.035207 1095.633639
-9999.0 -439.112088 -378.880929 -306.245846 -233.985073 -157.940114 -46.284843 87.095462 137.472106 176.028530 209.431677 256.884363 350.782279 427.006900 469.857676 515.712400 513.379568 503.044570 499.964454 541.866334 605.914409 689.190128 825.029803 909.495206 930.212017 944.330652 955.367531 981.803816 1014.889061 1045.136896 1071.085258 1081.007671 1096.464847 1104.001242 1106.966406 1108.993870 1112.125384 1113.342062 1111.730514 1108.977835 1105.063401 1105.624599 1109.666629 1109.940132 1108.055632 1106.189904 1101.963573 1095.785654 1091.641274 1088.495886 1087.018386 1085.066423 1084.531143 1085.730955 1082.812155 1078.690473 1071.639597
-9999.0 -464.298119 -394.693480 -329.161971 -256.533915 -132.601245 -8.519631 123.546335 216.520882 260.737233 313.028652 411.787050 529.276362 634.819848 691.772070 719.224045 727.062964 715.015114 726.944580 773.601165 839.154852 919.894263 991.179171 1056.238303 1068.785986 1073.825500 1065.813989 1075.933825 1085.058906 1088.300458 1090.544302 1092.671454 1098.367933 1101.697128 1101.608669 1100.110427 1096.942059 1090.684458 1087.151548 1085.331547 1083.034750 1083.466488 1086.613495 1087.943514 1086.366785 1083.843505 1080.950988 1077.142162 1073.164364 1068.707699 1066.743275 1064.392618 1063.500092 1060.121109 1056.808584 1052.432904 1041.189010
-9999.0 -553.627461 -468.940286 -408.145448 -276.413028 -108.455424 17.108588 172.187649 314.322178 372.335714 480.565359 618.204802 736.604903 817.339170 863.967549 905.551842 931.926559 954.655458 985.849173 974.567886 1020.447220 1059.696432 1075.050047 1082.856542 1081.850856 1084.937636 1080.382792 1065.053002 1057.921403 1053.733212 1057.085727 1065.274853 1071.634120 1077.881833 1076.709775 1077.917814 1078.566474 1076.357807 1074.323829 1067.993180 1061.836570 1057.264015 1056.367064 1062.032620 1057.912912 1055.821787 1051.885317 1046.474993 1040.626070 1035.519125 1030.301216 1025.480041 1023.913097 1019.270771 1018.384023 1011.409368 985.853121
-9999.0 -634.378452 -555.912098 -454.209212 -304.324598 -139.798637 4.876310 178.053142 379.114535 504.805364 641.218163 732.768709 823.406240 896.890705 961.372229 1000.410772 1020.427029 1028.026910 1025.604490 1032.173207 1006.269234 1001.618761 1017.719685 1041.210350 1052.467343 1057.440440 1051.293238 1043.302787 1039.116630 1040.286425 1040.863726 1041.312499 1041.190691 1040.148109 1037.636221 1039.652516 1044.508177 1040.084244 1033.816837 1027.601015 1021.519043 1013.903729 1008.583635 1005.638664 1004.428238 1004.997601 999.360783 991.405634 983.553514 977.928919 972.343236 968.099208 966.608552 962.032788 954.329681 941.363294 911.899372
-9999.0 -723.375497 -607.335919 -505.894734 -372.272821 -231.571708 -94.758338 76.420372 240.156978 467.114737 660.713661 759.103353 813.258608 872.533234 935.661414 996.702286 1003.830202 977.755610 952.502227 940.855136 945.454755 955.170021 968.577226 987.912017 1004.204445 1013.880259 1016.276960 1010.198646 998.732366 991.852343 987.659304 980.142040 974.645781 974.357859 974.157601 980.198369 983.199356 975.210267 963.933543 949.338503 935.403206 923.834275 919.154809 918.974650 918.259158 915.158517 908.967002 899.991441 889.264657 879.597819 873.228594 868.563625 862.295429 852.195286 839.176603 822.216651 788.830874
-9999.0 -9999.0 -677.892997 -565.794016 -451.165368 -322.745371 -195.224310 -39.085575 120.181586 317.008937 455.632608 589.646137 668.354332 723.407377 784.779410 842.294592 860.983048 877.759950 860.417939 864.135368 870.575259 877.094899 888.024592 901.354276 915.928608 926.888029 934.387377 932.695369 923.284121 906.992203 888.476911 874.683474 866.706850 860.699644 868.566152 878.835146 876.618626 870.304852 858.633989 841.840974 825.273457 806.961516 799.123822 797.048004 795.529169 791.565769 785.793473 772.399604 759.077638 746.691825 740.892311 734.623178 728.046420 715.247058 699.697506 679.239583 644.545834
-9999.0 -9999.0 -760.221862 -649.356122 -529.331100 -403.123182 -295.173361 -192.979609 -31.619010 94.537696 205.695790 309.844385 396.228952 466.819327 526.244423 596.009875 636.148191 653.796471 668.077206 690.055522 713.826863 738.716635 757.477076 774.218248 792.330910 808.464529 818.497316 806.416104 792.070156 771.798336 748.276085 724.580379 712.168918 706.996617 709.799534 715.519951 710.019412 699.703479 684.133021 664.835423 645.776899 626.026920 616.133760 610.215354 607.231224 602.603844 597.046863 585.201985 570.918901 560.832347 551.591052 544.104646 539.267598 529.610175 516.382131 504.175811 479.111579
