tests/Borden05m/data_simulated/sim_1/output-maps/psiliqL0028N0007.asc
ncols         160
nrows         34
xllcorner     620200.000000
yllcorner     5168000.000000
cellsize      0.500000
NODATA_value  -9999.0
[rows 0 to 24 of 34, columns 0 to 54 of 160]
-9999.0 -9999.0 -9999.0 -9999.0 -9999.0 -9999.0 -9999.0 -9999.0 -9999.0 -9999.0 -9999.0 -9999.0 -9999.0 -9999.0 -9999.0 -9999.0 -9999.0 -9999.0 -9999.0 -9999.0 -9999.0 -9999.0 -9999.0 -9999.0 -9999.0 -9999.0 -9999.0 -9999.0 -9999.0 -9999.0 -9999.0 -9999.0 -9999.0 -9999.0 -9999.0 -9999.0 -9999.0 -9999.0 -9999.0 -9999.0 -9999.0 -9999.0 -9999.0 -9999.0 -9999.0 -9999.0 -9999.0 -9999.0 -9999.0 -9999.0 -9999.0 -9999.0 -9999.0 -9999.0 -9999.0
-9999.0 -9999.0 -9999.0 -9999.0 -9999.0 -9999.0 -9999.0 -9999.0 -9999.0 -9999.0 -9999.0 -9999.0 -9999.0 -9999.0 -9999.0 -9999.0 -9999.0 -9999.0 -9999.0 -9999.0 -9999.0 -9999.0 -9999.0 -9999.0 -9999.0 -9999.0 -9999.0 -9999.0 -9999.0 -9999.0 -9999.0 -9999.0 -9999.0 -9999.0 -9999.0 -9999.0 -9999.0 -9999.0 -9999.0 -9999.0 -9999.0 -9999.0 -9999.0 -9999.0 -9999.0 -9999.0 -9999.0 -9999.0 -9999.0 -9999.0 -9999.0 -9999.0 -9999.0 -9999.0 -9999.0
-9999.0 -9999.0 -9999.0 -9999.0 -9999.0 -9999.0 -9999.0 -9999.0 -9999.0 -9999.0 -9999.0 -9999.0 -9999.0 -9999.0 -9999.0 -9999.0 -9999.0 -9999.0 -9999.0 -9999.0 -9999.0 -9999.0 -9999.0 -9999.0 -9999.0 -9999.0 -9999.0 -9999.0 -9999.0 -9999.0 -9999.0 -9999.0 -9999.0 -9999.0 -9999.0 -9999.0 -9999.0 -9999.0 -9999.0 -9999.0 -9999.0 -9999.0 -9999.0 -9999.0 -9999.0 -9999.0 -9999.0 3672.640867 3655.463228 3642.394572 3637.132218 3657.738961 3680.579648 3704.226365 3724.573541
-9999.0 -9999.0 -9999.0 -9999.0 -9999.0 -9999.0 -9999.0 -9999.0 -9999.0 -9999.0 -9999.0 -9999.0 -9999.0 -9999.0 -9999.0 -9999.0 -9999.0 -9999.0 -9999.0 -9999.0 -9999.0 -9999.0 -9999.0 -9999.0 -9999.0 -9999.0 -9999.0 -9999.0 -9999.0 -9999.0 -9999.0 -9999.0 -9999.0 -9999.0 -9999.0 -9999.0 -9999.0 -9999.0 -9999.0 -9999.0 3724.089148 3729.926916 3729.294871 3719.419352 3707.917781 3693.786328 3672.935375 3655.808726 3642.977983 3641.044515 3643.263394 3645.261913 3665.329308 3690.673985 3710.437569
-9999.0 -9999.0 -9999.0 -9999.0 -9999.0 -9999.0 -9999.0 -9999.0 -9999.0 -9999.0 -9999.0 -9999.0 -9999.0 -9999.0 -9999.0 -9999.0 -9999.0 -9999.0 -9999.0 -9999.0 -9999.0 -9999.0 -9999.0 -9999.0 -9999.0 -9999.0 -9999.0 -9999.0 -9999.0 -9999.0 -9999.0 -9999.0 -9999.0 -9999.0 3632.103861 3648.805082 3666.525198 3684.943328 3701.804835 3708.794627 3714.530319 3719.662089 3714.735077 3710.151602 3698.153236 3676.516089 3657.056045 3644.319456 3643.406483 3640.784686 3643.932999 3654.918509 3671.216475 3685.695066 3705.857878
-9999.0 -9999.0 -9999.0 -9999.0 -9999.0 -9999.0 -9999.0 -9999.0 -9999.0 -9999.0 -9999.0 -9999.0 -9999.0 -9999.0 -9999.0 -9999.0 -9999.0 -9999.0 -9999.0 -9999.0 -9999.0 -9999.0 -9999.0 -9999.0 -9999.0 -9999.0 -9999.0 -9999.0 3638.680039 3632.600363 3627.645234 3625.832765 3624.122255 3622.989877 3629.429299 3640.136363 3656.730734 3678.661043 3691.791241 3698.854284 3705.586407 3705.612415 3699.262754 3697.302937 3697.507867 3684.350939 3671.617400 3659.676806 3647.954758 3644.162301 3652.561981 3666.472841 3682.325290 3696.472229 3711.317704
-9999.0 -9999.0 -9999.0 -9999.0 -9999.0 -9999.0 -9999.0 -9999.0 -9999.0 -9999.0 -9999.0 -9999.0 -9999.0 -9999.0 -9999.0 -9999.0 -9999.0 -9999.0 -9999.0 -9999.0 -9999.0 -9999.0 -9999.0 3609.217949 3613.821583 3620.146417 3627.638954 3628.393617 3625.057491 3619.504267 3616.638463 3614.942509 3612.239956 3616.468166 3622.909162 3635.355421 3650.104653 3672.095866 3679.880239 3683.399128 3694.174147 3697.668508 3705.490159 3708.913782 3706.531145 3701.749590 3685.910831 3673.418616 3674.526547 3677.672007 3684.032092 3691.938260 3704.942640 3717.837717 3732.214491
-9999.0 -9999.0 -9999.0 -9999.0 -9999.0 -9999.0 -9999.0 -9999.0 -9999.0 -9999.0 -9999.0 -9999.0 -9999.0 -9999.0 -9999.0 -9999.0 -9999.0 -9999.0 -9999.0 3585.042265 3586.021461 3587.443080 3592.166614 3592.296393 3593.766016 3600.210164 3607.877447 3610.563455 3607.915975 3606.662282 3607.526995 3609.616456 3613.665912 3623.382492 3636.058527 3649.257052 3661.143603 3681.033400 3694.609092 3705.912270 3720.274476 3720.288680 3716.133943 3713.862412 3713.014094 3710.378623 3707.040421 3704.736744 3710.222739 3709.480138 3711.771299 3720.190410 3731.590515 3747.064423 3763.452375
-9999.0 -9999.0 -9999.0 -9999.0 -9999.0 -9999.0 -9999.0 -9999.0 -9999.0 -9999.0 -9999.0 -9999.0 -9999.0 -9999.0 -9999.0 -9999.0 3556.083486 3557.708333 3559.947926 3565.322505 3568.989718 3572.677276 3579.374171 3580.613242 3583.526475 3590.077554 3593.872150 3602.653687 3610.443756 3616.732321 3621.719348 3623.174947 3628.497634 3636.534058 3646.721429 3659.156392 3677.774444 3700.272869 3714.744294 3730.320297 3746.531446 3746.117681 3743.352507 3742.530485 3739.814840 3739.410947 3752.307979 3754.166787 3746.949583 3754.588925 3765.109049 3766.719150 3772.732811 3791.813097 3812.995968
-9999.0 -9999.0 -9999.0 -9999.0 -9999.0 -9999.0 -9999.0 -9999.0 -9999.0 -9999.0 -9999.0 -9999.0 -9999.0 3506.294000 3510.045448 3520.169931 3531.876487 3534.771950 3539.568303 3546.079740 3557.794917 3560.963764 3566.351516 3572.829208 3584.924482 3592.739318 3600.526179 3611.214358 3618.042306 3623.759565 3628.790136 3629.929194 3639.774190 3652.196310 3664.941596 3682.491189 3703.058982 3719.843409 3736.369946 3751.655060 3761.836488 3757.402091 3755.641940 3756.755819 3759.966799 3771.248636 3786.411732 3784.524671 3791.866498 3811.044463 3819.906826 3825.732137 3830.712359 3843.988491 3864.983213
-9999.0 -9999.0 -9999.0 -9999.0 -9999.0 -9999.0 -9999.0 -9999.0 -9999.0 -9999.0 3480.968033 3482.065029 3477.955756 3474.422494 3479.995959 3492.016549 3506.344183 3511.237910 3522.849276 3543.779550 3562.055388 3564.309523 3576.673618 3585.998907 3591.635692 3600.036685 3611.398306 3621.785867 3635.303870 3645.147927 3651.782070 3665.876565 3679.793595 3694.136003 3709.551620 3728.348868 3742.401137 3763.943072 3787.165323 3793.978370 3808.946925 3809.556195 3804.389134 3801.395227 3809.778166 3819.201697 3832.005087 3845.530068 3862.586926 3883.101590 3891.573560 3903.555171 3911.753529 3921.282774 3936.091751
-9999.0 -9999.0 -9999.0 -9999.0 -9999.0 -9999.0 -9999.0 -9999.0 3456.641601 3464.645243 3469.497953 3465.705564 3460.694535 3453.910415 3468.187221 3482.905322 3498.005295 3515.753152 3530.441086 3547.870457 3560.559578 3573.929951 3592.917642 3602.149518 3611.064640 3624.421790 3635.651178 3648.376816 3666.943593 3672.368542 3680.934109 3698.347207 3711.940933 3726.978535 3743.437029 3758.138376 3776.152717 3804.542252 3831.811062 3846.045612 3870.749275 3886.205953 3879.227189 3876.323080 3876.593381 3898.449131 3923.360920 3951.358525 3968.659424 3990.860004 4018.305451 4037.000687 4045.921097 4056.716849 4070.283684
-9999.0 -9999.0 -9999.0 -9999.0 -9999.0 -9999.0 3428.267861 3452.370649 3467.152050 3457.890717 3442.399796 3436.337851 3429.111945 3460.511926 3482.186509 3498.673762 3514.375558 3530.854978 3545.917950 3552.456909 3580.193765 3598.536366 3608.604309 3619.706190 3632.627759 3645.480521 3659.950945 3679.389842 3694.775784 3714.146843 3727.486796 3741.521408 3763.438523 3779.153921 3794.611843 3806.550260 3832.608308 3865.992003 3899.450595 3922.610177 3946.094491 3977.092628 3975.658753 3976.801760 3977.596093 4001.303908 4034.938854 4064.258135 4095.504726 4125.590928 4153.847043 4164.135854 4172.929882 4182.662795 4195.084609
-9999.0 -9999.0 -9999.0 -9999.0 3396.677839 3417.158206 3435.071334 3464.450873 3485.679546 3480.014251 3483.260728 3480.118078 3474.425019 3478.734049 3486.094005 3502.093815 3520.132582 3538.534620 3551.059965 3575.798754 3621.667767 3630.752337 3645.502315 3673.169892 3682.422334 3694.853170 3708.957221 3727.795014 3744.055888 3769.348697 3801.322308 3828.445910 3848.372818 3866.357223 3884.442484 3900.122803 3934.607366 3970.878339 4005.861637 4036.658601 4062.930665 4088.696218 4094.642433 4099.219774 4108.976821 4125.999342 4148.679661 4176.144727 4209.862973 4241.887196 4264.967189 4273.634724 4278.654227 4288.129546 4295.459963
-9999.0 -9999.0 -9999.0 3341.975188 3380.854033 3420.343586 3445.141772 3474.528688 3506.101356 3504.451827 3512.185815 3510.362620 3507.497395 3511.412878 3512.756181 3527.919136 3545.014283 3564.058503 3584.105704 3615.992557 3643.196349 3658.276722 3684.307634 3697.966965 3708.940692 3720.348058 3737.775196 3756.366530 3791.341861 3819.469683 3864.248999 3913.905632 3945.114409 3963.748857 3985.890526 4013.161393 4038.150154 4076.929891 4110.727125 4142.612968 4172.651935 4194.565281 4208.458586 4212.900953 4222.560905 4228.148650 4240.438945 4261.354476 4283.700667 4314.490267 4343.787795 4372.982533 4388.368225 4399.562467 4416.790766
-9999.0 -9999.0 3293.458127 3333.074814 3363.631194 3409.270617 3461.657852 3496.110544 3534.427605 3551.699262 3553.449213 3562.164661 3570.951723 3570.127287 3576.980024 3587.997603 3609.562048 3617.804545 3637.643371 3650.595954 3685.338299 3716.984705 3709.266768 3745.314565 3774.319660 3806.799373 3827.924967 3854.043923 3891.590532 3924.361897 3968.057124 4017.734236 4051.561222 4079.127735 4095.004481 4115.336405 4135.529587 4162.089339 4199.019667 4224.491558 4258.276179 4283.679977 4303.152789 4303.529651 4306.150697 4322.361939 4350.997108 4382.240780 4411.522421 4440.949498 4423.919692 4448.412588 4459.367148 4465.478963 4475.088905
-9999.0 -9999.0 3262.521423 3309.132700 3342.362696 3398.449774 3485.309063 3518.318742 3557.005187 3601.537380 3613.720949 3633.782203 3624.331529 3609.666900 3625.744350 3638.161042 3658.979160 3666.016349 3658.931526 3710.025282 3761.284380 3782.134588 3783.437604 3860.883209 3913.594718 3938.527729 3955.594958 3975.773250 3995.046011 4032.922193 4071.328393 4125.940036 4167.083066 4196.944667 4211.485905 4231.788935 4251.384349 4266.384153 4286.090570 4333.544999 4369.838368 4401.140165 4433.541582 4455.056346 4463.299103 4468.564181 4441.646483 4462.136344 4476.031709 4482.024693 4484.433706 4480.608654 4480.062839 4480.910007 4481.832896
-9999.0 3168.343537 3220.765399 3270.523859 3333.692303 3393.435910 3466.234869 3539.578720 3606.313186 3658.306332 3682.264598 3672.092870 3666.446002 3688.672864 3706.580970 3721.178896 3726.585977 3737.098450 3716.896778 3770.519907 3805.474453 3851.543889 3949.509792 4007.993030 4073.249564 4068.788673 4056.633141 4060.954095 4076.273358 4123.112686 4203.384362 4260.645310 4327.847236 4377.852093 4395.349007 4403.113472 4422.119360 4443.175016 4387.520603 4433.085593 4454.134445 4471.698063 4481.861557 4484.282382 4485.634424 4485.382653 4481.645170 4474.540634 4466.300837 4460.406842 4456.140668 4451.637528 4454.078868 4457.415243 4457.512240
-9999.0 3129.306894 3186.140848 3253.660757 3319.971279 3362.917576 3441.312612 3610.224394 3673.241375 3710.538544 3712.959467 3681.548440 3736.064403 3794.637478 3817.482910 3862.561320 3845.706793 3830.123735 3790.099776 3814.411727 3851.781451 3922.378584 4096.971112 4186.340183 4241.472792 4249.379782 4249.715385 4278.436755 4323.695790 4372.655119 4420.212547 4385.483109 4437.928230 4463.827676 4469.239817 4469.997400 4475.808482 4474.246936 4472.939723 4468.424725 4463.213552 4463.389657 4468.103962 4467.959924 4464.961855 4461.517833 4455.776016 4448.356266 4443.192971 4438.556165 4435.908353 4433.089192 4431.063129 4430.192817 4425.217372
-9999.0 3086.700282 3161.997516 3218.882752 3260.991274 3347.235163 3477.251953 3621.962704 3718.191058 3751.075836 3721.219069 3750.974771 3853.974800 3961.696192 4014.254266 4034.951729 4013.102039 3961.206173 3938.212864 3981.909254 4053.490236 4177.435432 4323.059187 4425.919039 4441.851564 4445.460963 4394.276315 4421.817063 4447.343845 4450.373032 4451.571631 4460.244188 4465.377750 4468.403299 4466.806920 4463.906387 4459.058356 4450.804966 4446.017374 4442.270317 4438.452212 4437.187711 4439.104911 4441.049278 4438.178352 4434.257166 4429.770660 4424.195362 4417.839980 4411.028971 4406.628375 4402.303065 4400.135161 4394.430650 4390.974532
-9999.0 2958.844190 3056.053576 3093.264804 3159.058581 3349.647141 3478.625030 3616.435983 3784.135857 3801.280283 3841.795791 3984.226879 4105.926883 4187.785027 4215.481074 4248.218438 4272.674181 4288.071121 4325.620794 4195.632292 4280.087400 4383.994589 4432.016898 4452.841111 4464.133233 4464.531361 4454.431729 4433.397659 4422.607493 4415.845101 4417.458011 4424.770920 4429.351204 4434.060221 4431.730529 4432.884317 4434.160344 4430.979595 4426.905980 4418.078007 4410.169527 4403.307890 4399.807945 4404.423243 4399.786372 4397.520799 4391.245290 4382.676975 4373.612727 4366.213266 4358.130903 4351.515629 4349.298265 4344.289963 4343.065586
-9999.0 2877.826019 2949.095373 3001.437836 3105.683463 3268.410785 3356.340947 3511.605757 3757.698147 3897.131282 4067.561693 4162.018022 4232.755294 4272.728502 4322.075840 4375.646486 4403.591904 4416.160268 4382.856856 4407.312567 4363.328329 4352.068752 4370.019968 4399.930997 4417.879289 4422.092215 4414.356955 4405.408652 4398.124235 4397.000953 4394.699195 4390.234856 4385.738169 4381.926657 4378.787382 4381.930025 4387.379870 4380.083406 4369.502564 4359.807957 4351.077455 4341.675036 4335.623325 4330.741531 4331.324933 4331.632523 4323.903103 4313.299987 4302.301545 4293.902596 4286.685889 4282.265061 4279.477462 4274.398256 4264.353843
-9999.0 2761.857978 2887.711618 2959.524910 3046.282896 3172.071162 3270.184437 3418.281059 3543.821602 3792.555224 3931.302607 4138.198478 4190.091043 4262.553784 4309.026248 4384.091249 4378.842191 4347.601446 4303.217041 4287.275208 4299.754624 4309.109525 4317.061469 4331.177095 4349.150006 4359.528024 4365.068226 4359.299314 4345.009923 4332.096951 4320.343112 4306.080619 4296.325183 4293.641429 4298.181134 4308.633200 4308.894251 4299.522502 4285.165680 4266.529020 4250.615197 4238.569440 4236.665492 4239.629642 4240.851728 4236.644811 4230.904953 4219.993218 4207.259666 4194.608617 4189.067806 4184.779986 4177.155567 4165.583186 4153.416781
-9999.0 -9999.0 2799.108865 2906.136119 2994.156497 3100.721528 3182.448686 3293.424342 3430.312387 3599.194836 3715.511948 3904.353586 4003.883083 4048.507260 4080.863291 4137.653115 4164.661796 4198.446150 4194.932119 4208.298781 4219.167839 4224.850988 4229.890402 4235.128671 4245.502511 4255.499007 4266.252817 4263.416286 4254.659284 4233.622050 4207.084718 4186.392765 4175.621174 4165.995202 4178.549798 4191.292524 4185.371153 4178.381814 4165.568508 4149.195053 4136.619934 4122.225352 4118.774610 4118.601942 4119.243258 4116.973423 4114.682009 4102.195014 4089.911274 4080.204676 4076.305855 4070.658700 4067.245829 4057.456767 4046.852707
-9999.0 -9999.0 2719.751310 2811.627485 2909.398962 3022.470601 3100.867946 3100.478272 3231.576374 3331.386691 3439.146765 3552.638966 3652.173792 3722.192922 3753.826523 3816.896217 3876.080979 3895.409937 3939.307747 3997.527807 4033.595354 4075.241678 4099.390519 4108.695415 4121.256335 4136.083518 4143.493613 4127.765843 4116.436811 4099.228801 4075.394048 4048.093023 4034.289527 4034.272444 4032.816565 4033.799201 4025.853140 4016.939560 4002.385364 3988.636671 3976.495043 3967.894273 3964.348471 3958.406648 3955.932564 3953.188478 3951.653569 3946.830224 3938.932788 3934.729232 3926.460144 3922.986207 3922.436359 3919.820429 3914.474165
