tests/Borden05m/data_simulated/sim_1/output-maps/psiliqL0020N0004.asc
ncols         160
nrows         34
xllcorner     620200.000000
yllcorner     5168000.000000
cellsize      0.500000
NODATA_value  -9999.0
[rows 0 to 24 of 34, columns 0 to 54 of 160]
-9999.0 -9999.0 -9999.0 -9999.0 -9999.0 -9999.0 -9999.0 -9999.0 -9999.0 -9999.0 -9999.0 -9999.0 -9999.0 -9999.0 -9999.0 -9999.0 -9999.0 -9999.0 -9999.0 -9999.0 -9999.0 -9999.0 -9999.0 -9999.0 -9999.0 -9999.0 -9999.0 -9999.0 -9999.0 -9999.0 -9999.0 -9999.0 -9999.0 -9999.0 -9999.0 -9999.0 -9999.0 -9999.0 -9999.0 -9999.0 -9999.0 -9999.0 -9999.0 -9999.0 -9999.0 -9999.0 -9999.0 -9999.0 -9999.0 -9999.0 -9999.0 -9999.0 -9999.0 -9999.0 -9999.0
-9999.0 -9999.0 -9999.0 -9999.0 -9999.0 -9999.0 -9999.0 -9999.0 -9999.0 -9999.0 -9999.0 -9999.0 -9999.0 -9999.0 -9999.0 -9999.0 -9999.0 -9999.0 -9999.0 -9999.0 -9999.0 -9999.0 -9999.0 -9999.0 -9999.0 -9999.0 -9999.0 -9999.0 -9999.0 -9999.0 -9999.0 -9999.0 -9999.0 -9999.0 -9999.0 -9999.0 -9999.0 -9999.0 -9999.0 -9999.0 -9999.0 -9999.0 -9999.0 -9999.0 -9999.0 -9999.0 -9999.0 -9999.0 -9999.0 -9999.0 -9999.0 -9999.0 -9999.0 -9999.0 -9999.0
-9999.0 -9999.0 -9999.0 -9999.0 -9999.0 -9999.0 -9999.0 -9999.0 -9999.0 -9999.0 -9999.0 -9999.0 -9999.0 -9999.0 -9999.0 -9999.0 -9999.0 -9999.0 -9999.0 -9999.0 -9999.0 -9999.0 -9999.0 -9999.0 -9999.0 -9999.0 -9999.0 -9999.0 -9999.0 -9999.0 -9999.0 -9999.0 -9999.0 -9999.0 -9999.0 -9999.0 -9999.0 -9999.0 -9999.0 -9999.0 -9999.0 -9999.0 -9999.0 -9999.0 -9999.0 -9999.0 -9999.0 2097.449645 2080.417698 2066.300274 2063.048088 2085.140734 2108.768273 2132.997248 2153.962177
-9999.0 -9999.0 -9999.0 -9999.0 -9999.0 -9999.0 -9999.0 -9999.0 -9999.0 -9999.0 -9999.0 -9999.0 -9999.0 -9999.0 -9999.0 -9999.0 -9999.0 -9999.0 -9999.0 -9999.0 -9999.0 -9999.0 -9999.0 -9999.0 -9999.0 -9999.0 -9999.0 -9999.0 -9999.0 -9999.0 -9999.0 -9999.0 -9999.0 -9999.0 -9999.0 -9999.0 -9999.0 -9999.0 -9999.0 -9999.0 2145.477594 2151.579353 2152.284006 2142.508387 2131.606525 2118.916574 2098.837963 2081.472103 2067.860558 2066.035450 2068.987713 2073.161540 2095.108019 2120.632656 2140.884677
-9999.0 -9999.0 -9999.0 -9999.0 -9999.0 -9999.0 -9999.0 -9999.0 -9999.0 -9999.0 -9999.0 -9999.0 -9999.0 -9999.0 -9999.0 -9999.0 -9999.0 -9999.0 -9999.0 -9999.0 -9999.0 -9999.0 -9999.0 -9999.0 -9999.0 -9999.0 -9999.0 -9999.0 -9999.0 -9999.0 -9999.0 -9999.0 -9999.0 -9999.0 2051.923131 2069.269588 2087.569563 2106.423791 2123.659331 2130.906177 2136.879359 2142.676851 2138.632958 2134.517143 2123.392465 2103.612976 2084.590768 2071.687702 2070.600295 2068.609733 2072.966261 2085.568746 2102.748644 2118.767618 2139.948309
-9999.0 -9999.0 -9999.0 -9999.0 -9999.0 -9999.0 -9999.0 -9999.0 -9999.0 -9999.0 -9999.0 -9999.0 -9999.0 -9999.0 -9999.0 -9999.0 -9999.0 -9999.0 -9999.0 -9999.0 -9999.0 -9999.0 -9999.0 -9999.0 -9999.0 -9999.0 -9999.0 -9999.0 2055.558838 2049.842459 2045.253123 2044.100189 2043.108907 2042.431341 2049.364668 2061.191986 2079.037031 2101.358135 2114.941490 2122.616686 2129.791287 2130.743260 2125.701860 2124.347691 2125.254777 2113.444591 2101.901266 2091.125003 2080.687367 2078.784847 2088.512361 2103.244460 2120.002654 2135.247232 2151.092484
-9999.0 -9999.0 -9999.0 -9999.0 -9999.0 -9999.0 -9999.0 -9999.0 -9999.0 -9999.0 -9999.0 -9999.0 -9999.0 -9999.0 -9999.0 -9999.0 -9999.0 -9999.0 -9999.0 -9999.0 -9999.0 -9999.0 -9999.0 2024.822427 2030.299379 2037.087828 2044.969269 2046.205493 2042.750527 2037.575651 2035.121164 2034.093488 2032.512734 2037.443769 2045.307836 2058.936795 2074.885723 2097.461995 2106.366134 2111.978652 2124.246304 2128.055839 2135.480753 2140.024833 2138.765572 2135.767705 2122.484230 2112.483164 2116.499431 2121.913241 2129.309443 2138.054416 2152.057615 2167.106435 2183.881254
-9999.0 -9999.0 -9999.0 -9999.0 -9999.0 -9999.0 -9999.0 -9999.0 -9999.0 -9999.0 -9999.0 -9999.0 -9999.0 -9999.0 -9999.0 -9999.0 -9999.0 -9999.0 -9999.0 1999.641059 2000.800266 2002.394996 2007.404487 2008.123909 2010.311094 2017.493298 2025.916135 2028.927544 2027.297211 2026.511032 2028.370537 2031.479071 2036.405460 2047.713883 2061.745592 2076.239980 2090.004528 2111.253123 2126.316353 2139.751249 2155.912845 2156.459241 2153.311627 2152.210908 2153.001588 2152.801982 2154.468942 2155.827894 2162.609234 2165.802791 2171.279762 2181.141305 2193.528320 2211.518888 2230.830259
-9999.0 -9999.0 -9999.0 -9999.0 -9999.0 -9999.0 -9999.0 -9999.0 -9999.0 -9999.0 -9999.0 -9999.0 -9999.0 -9999.0 -9999.0 -9999.0 1970.472791 1972.468844 1975.005766 1980.634451 1984.199132 1988.456722 1995.705366 1997.367577 2001.276605 2008.736994 2013.770596 2023.213370 2031.823618 2039.412080 2045.724550 2048.691132 2056.068629 2065.889513 2077.936805 2092.883919 2114.050226 2137.826977 2154.280387 2171.598405 2189.381684 2190.661791 2189.978761 2191.378361 2191.530370 2195.944640 2212.415180 2217.469447 2215.997599 2229.635089 2243.198321 2247.986619 2256.477930 2276.855151 2300.595622
-9999.0 -9999.0 -9999.0 -9999.0 -9999.0 -9999.0 -9999.0 -9999.0 -9999.0 -9999.0 -9999.0 -9999.0 -9999.0 1921.932740 1926.226545 1936.442893 1947.112446 1950.213768 1955.168452 1961.873246 1974.362067 1978.331688 1984.775034 1992.512427 2005.184588 2014.207657 2023.565902 2035.719330 2044.290718 2051.749468 2058.842971 2063.509789 2076.293285 2091.357113 2106.887324 2127.034236 2149.479387 2169.509896 2189.448529 2206.272593 2219.752099 2220.280609 2220.286413 2223.447096 2230.573606 2246.806987 2265.384795 2270.940906 2285.577492 2308.124449 2320.881878 2331.417843 2340.042788 2354.832861 2377.189027
-9999.0 -9999.0 -9999.0 -9999.0 -9999.0 -9999.0 -9999.0 -9999.0 -9999.0 -9999.0 1890.991826 1893.160470 1889.965732 1888.867754 1894.695812 1907.331829 1921.870895 1928.332557 1940.530258 1962.068193 1980.699301 1984.388234 1998.781449 2009.494258 2016.696173 2027.267384 2040.624313 2053.399187 2069.833163 2082.253392 2092.857384 2111.224431 2127.785643 2144.644970 2162.721580 2183.667194 2202.362145 2229.321888 2256.510206 2268.477831 2289.220622 2297.332888 2295.125876 2295.574122 2305.915702 2320.832981 2340.044376 2360.629510 2381.562352 2406.261808 2421.350940 2436.081012 2447.376444 2460.267178 2477.446580
-9999.0 -9999.0 -9999.0 -9999.0 -9999.0 -9999.0 -9999.0 -9999.0 1865.710054 1873.692120 1879.821895 1877.084458 1873.037205 1868.634035 1883.309292 1899.434875 1915.862371 1934.304597 1950.548592 1969.224787 1984.293416 2000.273726 2020.795464 2032.568288 2044.208702 2059.854231 2073.675291 2090.148480 2111.471579 2122.373920 2136.983329 2158.020897 2175.908019 2194.150262 2213.499984 2231.898377 2256.786325 2289.903916 2321.760364 2342.780642 2371.056555 2392.540432 2391.114224 2393.292283 2397.854644 2423.698111 2452.805275 2483.866744 2508.547301 2535.716596 2565.851397 2584.931709 2596.496801 2610.235074 2626.772529
-9999.0 -9999.0 -9999.0 -9999.0 -9999.0 -9999.0 1837.200725 1861.750009 1877.221025 1869.363030 1857.859918 1853.987660 1849.476407 1877.044655 1899.822124 1917.739667 1935.160986 1953.334269 1970.298739 1981.720376 2014.153616 2033.359201 2047.198538 2063.658176 2078.857324 2094.066328 2111.625406 2134.686766 2155.145863 2181.901052 2204.013483 2225.451055 2251.827443 2271.660171 2290.932394 2308.494559 2339.519601 2376.930161 2414.217820 2442.741726 2470.456907 2504.487710 2510.674345 2516.793675 2523.387241 2547.356661 2581.357454 2612.222126 2646.916863 2680.137357 2709.386663 2724.874004 2736.920698 2749.622832 2764.617445
-9999.0 -9999.0 -9999.0 -9999.0 1803.728543 1824.758914 1844.412583 1875.112581 1897.805197 1893.328084 1899.501884 1899.297388 1896.974190 1902.155499 1910.523624 1929.009839 1948.646315 1968.598363 1985.566223 2017.710269 2063.888228 2078.157400 2099.931673 2131.514377 2144.851208 2160.465246 2177.329090 2200.124852 2224.075569 2255.992384 2296.437469 2331.121111 2356.269463 2378.902195 2400.824013 2422.295352 2458.667104 2498.869556 2537.547520 2572.647071 2602.804129 2631.281537 2643.802108 2652.774879 2665.978794 2684.639170 2708.471247 2740.126494 2774.689762 2808.606475 2834.393227 2846.138055 2854.535492 2866.507872 2877.420296
-9999.0 -9999.0 -9999.0 1751.886330 1790.901936 1829.789908 1856.458829 1887.438785 1920.175514 1923.270085 1932.873168 1936.326292 1939.419778 1947.552665 1954.696460 1972.545870 1990.638805 2009.380542 2032.266502 2068.572841 2101.856921 2127.077020 2158.047998 2180.913321 2199.214577 2214.887516 2234.554991 2258.040585 2297.883206 2333.331210 2382.785162 2436.106588 2472.393435 2497.490456 2522.232999 2551.894105 2579.193465 2618.581086 2655.678194 2691.010209 2727.318357 2754.134960 2773.626212 2782.420382 2794.223563 2803.596570 2819.885785 2841.508506 2865.262407 2896.575570 2926.683424 2803.830010 2816.143339 2825.945986 2841.750220
-9999.0 -9999.0 1703.973253 1742.691586 1775.663269 1824.499777 1877.854242 1913.080709 1953.927046 1976.326950 1982.479799 1997.735237 2012.610095 2018.412322 2032.283837 2048.798681 2069.859457 2079.031793 2098.845656 2123.829470 2168.941740 2210.187576 2221.088272 2267.840891 2301.170836 2332.488927 2353.257890 2381.548813 2419.762160 2459.580659 2508.762432 2560.492083 2598.530055 2630.519066 2649.397274 2671.799453 2696.078716 2726.627358 2765.128119 2795.361524 2829.257379 2857.730917 2881.122110 2887.696738 2893.869567 2911.690313 2939.254500 2814.591113 2838.708939 2863.986258 2858.663563 2873.637374 2881.010508 2885.173460 2891.619715
-9999.0 -9999.0 1675.556440 1721.342102 1759.136955 1821.943721 1905.253185 1941.697611 1984.126270 2030.958968 2048.754735 2073.360159 2078.823682 2080.884061 2103.542977 2124.111624 2141.968781 2150.926380 2149.880710 2205.359754 2262.707574 2302.765226 2332.742829 2405.432298 2455.659180 2477.899163 2495.549826 2518.443439 2542.951700 2585.514534 2630.834821 2686.274950 2733.393859 2764.979373 2783.027901 2804.838296 2827.636891 2847.603022 2869.946419 2914.876337 2802.961332 2828.526013 2856.669037 2876.583770 2884.221688 2887.949314 2870.429136 2882.631339 2891.972476 2896.093635 2897.701835 2894.215040 2893.651773 2894.439944 2895.427776
-9999.0 1584.402615 1636.804502 1688.857939 1755.848180 1820.686746 1900.507832 1978.868928 2041.162265 2092.068057 2121.179944 2126.763286 2148.836754 2185.683031 2211.022273 2235.438135 2242.035503 2251.796083 2240.224893 2293.068551 2338.809005 2403.227844 2510.184852 2569.011721 2624.202644 2626.464804 2621.737194 2633.511217 2655.812756 2701.007677 2777.591212 2831.685441 2892.836754 2810.290581 2823.603666 2829.503473 2846.327579 2865.414832 2834.420463 2865.460847 2878.202905 2890.007559 2895.340620 2897.122242 2898.184412 2898.178795 2894.839408 2888.293717 2880.489712 2874.939272 2870.923377 2866.491970 2868.958527 2872.275436 2872.810181
-9999.0 1547.529604 1606.080203 1676.247162 1745.819216 1804.341565 1898.612374 2053.134737 2112.127098 2151.435686 2168.506148 2172.143181 2243.271482 2309.552126 2342.523444 2390.289317 2383.575865 2374.192676 2353.072141 2384.937991 2431.551458 2506.335310 2663.118458 2752.626504 2794.860747 2808.041756 2815.623558 2845.708653 2887.731520 2807.411736 2843.383862 2827.912707 2863.583799 2879.737686 2883.578201 2884.335760 2888.408504 2887.605419 2885.796143 2881.818440 2877.039385 2877.332608 2881.704750 2881.637347 2878.919037 2875.861810 2870.396465 2863.051616 2857.799084 2853.248310 2850.592057 2847.703346 2845.963375 2845.655997 2841.156436
-9999.0 1512.739164 1585.729880 1646.915620 1703.241435 1807.077272 1935.523356 2075.835001 2171.644044 2209.605898 2214.408542 2271.114626 2375.837568 2480.808444 2536.968751 2564.521356 2560.665094 2531.184378 2527.342675 2574.277266 2643.897833 2751.662387 2866.848945 2847.724397 2859.642979 2862.472848 2829.106711 2847.649734 2864.834550 2865.929168 2866.985210 2872.333796 2877.425751 2880.309853 2879.041925 2876.365336 2871.826738 2863.984414 2859.278225 2855.930774 2852.424140 2851.690746 2854.031931 2855.554189 2852.963003 2849.201102 2844.796726 2839.253436 2834.754009 2828.135257 2824.049387 2819.960180 2817.847445 2812.716423 2808.846328
-9999.0 1401.766629 1494.023382 1542.255875 1637.959937 1819.291935 1947.707865 2093.964680 2250.210776 2282.848450 2347.008171 2479.592589 2595.237510 2678.820451 2719.307861 2761.824269 2793.256582 2817.448121 2856.871856 2783.460892 2854.103285 2825.540269 2855.743040 2868.937027 2873.918861 2874.536313 2865.749700 2845.989149 2835.659690 2829.137669 2830.933669 2838.283217 2843.421303 2848.603932 2846.522450 2847.404317 2848.025432 2844.771209 2842.502292 2834.178941 2826.563171 2820.424583 2817.948740 2822.921115 2818.231727 2815.556418 2809.610389 2803.194375 2955.737795 2947.594583 2938.899941 2931.154567 2927.273669 2920.359375 2917.079231
-9999.0 1320.882013 1395.713245 1470.933976 1596.118838 1760.443642 1874.438129 2037.975045 2262.606399 2390.072529 2535.942343 2620.769955 2699.444411 2757.640403 2818.671075 2798.712650 2821.505078 2831.215580 2809.842328 2825.359725 2895.070420 2889.927607 2792.926163 2818.630143 2833.260845 2837.173031 2829.169522 2819.486182 2812.478688 2811.514105 2809.878662 2807.164875 2804.298945 2801.482615 2798.427771 2800.916496 2805.858385 2800.861533 2937.925352 2929.715079 2922.543915 2914.578290 2909.535173 2906.028181 2905.964401 2906.094961 2898.515125 2888.096879 2878.719534 2869.908734 2861.357512 2854.875569 2850.535974 2843.474081 2832.056595
-9999.0 1211.984175 1338.815266 1424.421975 1533.209619 1666.490408 1782.677875 1941.373823 2082.386103 2315.386243 2468.622826 2619.081640 2671.540129 2741.116789 2799.021970 2801.967095 2800.486979 2858.344517 2824.851754 2814.035120 2826.891402 2840.006691 2853.741504 2873.743248 2893.930174 2906.150135 2911.714813 2906.663456 2894.081746 2884.028638 2875.559892 2864.019636 2855.849545 2854.071161 2856.563727 2865.332458 2867.131184 2858.798725 2847.791793 2831.179073 2816.904712 2806.251572 2804.217149 2806.531329 2807.173397 2803.256086 2796.620722 2785.486606 2772.419992 2759.333583 2751.389380 2744.838856 2735.761627 2722.688510 2706.185123
-9999.0 -9999.0 1258.456648 1368.289036 1469.416189 1586.674523 1689.798699 1821.565527 1968.001356 2146.099669 2265.765223 2422.614057 2510.596475 2560.353221 2606.656024 2667.510537 2694.601473 2725.788700 2719.443201 2731.698476 2743.812381 2752.919137 2763.410067 2774.808096 2788.998773 2800.831204 2811.338863 2810.142560 2802.031488 2783.655741 2760.748035 2742.832625 2732.869321 2724.520801 2734.956301 2746.786129 2742.721598 2736.273721 2724.351047 2706.569323 2693.877842 2680.175559 2676.717861 2676.842737 2677.014376 2674.026594 2669.809763 2656.101285 2642.454779 2630.316100 2624.051515 2616.530345 2610.303213 2598.422481 2586.451091
-9999.0 -9999.0 1172.130674 1278.629748 1387.222825 1507.754382 1600.447544 1646.843928 1792.130409 1903.448376 2011.104503 2117.895640 2209.929777 2279.188782 2320.993665 2385.461318 2437.069561 2457.976475 2492.408705 2537.534146 2570.583919 2606.665036 2629.784902 2643.477206 2658.755676 2674.171385 2683.446718 2670.969489 2660.390239 2643.650525 2620.981713 2595.744753 2582.529105 2579.985281 2580.254663 2583.341211 2576.668029 2567.620078 2553.829793 2540.445415 2528.375391 2518.471879 2514.678373 2510.126165 2508.058632 2504.786244 2501.475597 2492.754437 2481.912887 2474.635439 2465.089985 2458.801600 2455.371329 2449.058609 2440.316363
