tests/Borden05m/data_simulated/sim_1/output-maps/psiliqL0024N0008.asc
ncols         160
nrows         34
xllcorner     620200.000000
yllcorner     5168000.000000
cellsize      0.500000
NODATA_value  -9999.0
[rows 0 to 24 of 34, columns 0 to 54 of 160]
-9999.0 -9999.0 -9999.0 -9999.0 -9999.0 -9999.0 -9999.0 -9999.0 -9999.0 -9999.0 -9999.0 -9999.0 -9999.0 -9999.0 -9999.0 -9999.0 -9999.0 -9999.0 -9999.0 -9999.0 -9999.0 -9999.0 -9999.0 -9999.0 -9999.0 -9999.0 -9999.0 -9999.0 -9999.0 -9999.0 -9999.0 -9999.0 -9999.0 -9999.0 -9999.0 -9999.0 -9999.0 -9999.0 -9999.0 -9999.0 -9999.0 -9999.0 -9999.0 -9999.0 -9999.0 -9999.0 -9999.0 -9999.0 -9999.0 -9999.0 -9999.0 -9999.0 -9999.0 -9999.0 -9999.0
-9999.0 -9999.0 -9999.0 -9999.0 -9999.0 -9999.0 -9999.0 -9999.0 -9999.0 -9999.0 -9999.0 -9999.0 -9999.0 -9999.0 -9999.0 -9999.0 -9999.0 -9999.0 -9999.0 -9999.0 -9999.0 -9999.0 -9999.0 -9999.0 -9999.0 -9999.0 -9999.0 -9999.0 -9999.0 -9999.0 -9999.0 -9999.0 -9999.0 -9999.0 -9999.0 -9999.0 -9999.0 -9999.0 -9999.0 -9999.0 -9999.0 -9999.0 -9999.0 -9999.0 -9999.0 -9999.0 -9999.0 -9999.0 -9999.0 -9999.0 -9999.0 -9999.0 -9999.0 -9999.0 -9999.0
-9999.0 -9999.0 -9999.0 -9999.0 -9999.0 -9999.0 -9999.0 -9999.0 -9999.0 -9999.0 -9999.0 -9999.0 -9999.0 -9999.0 -9999.0 -9999.0 -9999.0 -9999.0 -9999.0 -9999.0 -9999.0 -9999.0 -9999.0 -9999.0 -9999.0 -9999.0 -9999.0 -9999.0 -9999.0 -9999.0 -9999.0 -9999.0 -9999.0 -9999.0 -9999.0 -9999.0 -9999.0 -9999.0 -9999.0 -9999.0 -9999.0 -9999.0 -9999.0 -9999.0 -9999.0 -9999.0 -9999.0 2877.400979 2860.200504 2846.441589 2841.968871 2863.068137 2886.028917 2909.682469 2930.055654
-9999.0 -9999.0 -9999.0 -9999.0 -9999.0 -9999.0 -9999.0 -9999.0 -9999.0 -9999.0 -9999.0 -9999.0 -9999.0 -9999.0 -9999.0 -9999.0 -9999.0 -9999.0 -9999.0 -9999.0 -9999.0 -9999.0 -9999.0 -9999.0 -9999.0 -9999.0 -9999.0 -9999.0 -9999.0 -9999.0 -9999.0 -9999.0 -9999.0 -9999.0 -9999.0 -9999.0 -9999.0 -9999.0 -9999.0 -9999.0 2927.730560 2933.591837 2933.461560 2923.442502 2912.043573 2898.454809 2877.863018 2860.604451 2847.255250 2845.179976 2847.523273 2850.334491 2871.044486 2896.170712 2915.870026
-9999.0 -9999.0 -9999.0 -9999.0 -9999.0 -9999.0 -9999.0 -9999.0 -9999.0 -9999.0 -9999.0 -9999.0 -9999.0 -9999.0 -9999.0 -9999.0 -9999.0 -9999.0 -9999.0 -9999.0 -9999.0 -9999.0 -9999.0 -9999.0 -9999.0 -9999.0 -9999.0 -9999.0 -9999.0 -9999.0 -9999.0 -9999.0 -9999.0 -9999.0 2835.717705 2852.609136 2870.417357 2888.820419 2905.636371 2912.560731 2918.324714 2923.624162 2918.930789 2914.352146 2902.557262 2881.625633 2862.183207 2849.185599 2847.968617 2845.402977 2848.859716 2860.329826 2876.724603 2891.617108 2911.930087
-9999.0 -9999.0 -9999.0 -9999.0 -9999.0 -9999.0 -9999.0 -9999.0 -9999.0 -9999.0 -9999.0 -9999.0 -9999.0 -9999.0 -9999.0 -9999.0 -9999.0 -9999.0 -9999.0 -9999.0 -9999.0 -9999.0 -9999.0 -9999.0 -9999.0 -9999.0 -9999.0 -9999.0 2841.680226 2835.657973 2830.694060 2828.984561 2827.397571 2826.278602 2832.828793 2843.894193 2860.864838 2882.715085 2895.790656 2902.892214 2909.602484 2909.829080 2903.850654 2901.898595 2902.156096 2889.376907 2876.947128 2865.295928 2853.901774 2850.710679 2859.401824 2873.326520 2889.214676 2903.479556 2918.385903
-9999.0 -9999.0 -9999.0 -9999.0 -9999.0 -9999.0 -9999.0 -9999.0 -9999.0 -9999.0 -9999.0 -9999.0 -9999.0 -9999.0 -9999.0 -9999.0 -9999.0 -9999.0 -9999.0 -9999.0 -9999.0 -9999.0 -9999.0 2812.157641 2817.083196 2823.465715 2830.954211 2831.760297 2828.234972 2822.682130 2819.786381 2818.158165 2815.735034 2820.033388 2826.913908 2839.652588 2854.672906 2876.605730 2884.587874 2888.789508 2899.948224 2903.229111 2910.471398 2914.068372 2911.858932 2907.579116 2892.624755 2880.974224 2883.111751 2886.943969 2893.351151 2901.180491 2914.150252 2927.578431 2942.578826
-9999.0 -9999.0 -9999.0 -9999.0 -9999.0 -9999.0 -9999.0 -9999.0 -9999.0 -9999.0 -9999.0 -9999.0 -9999.0 -9999.0 -9999.0 -9999.0 -9999.0 -9999.0 -9999.0 2788.179525 2789.150206 2790.512990 2795.222780 2795.155129 2796.794064 2803.387504 2811.189000 2813.786826 2811.399415 2810.102815 2811.155756 2813.417662 2817.547656 2827.687493 2840.655873 2854.094949 2866.489121 2886.605076 2900.453916 2912.341072 2927.113998 2926.899698 2922.748677 2920.559801 2920.024947 2918.085106 2916.730185 2915.727156 2921.314074 2921.971757 2925.259799 2933.751840 2944.728148 2960.727466 2977.722579
-9999.0 -9999.0 -9999.0 -9999.0 -9999.0 -9999.0 -9999.0 -9999.0 -9999.0 -9999.0 -9999.0 -9999.0 -9999.0 -9999.0 -9999.0 -9999.0 2778.244009 2780.393926 2783.247237 2789.230729 2793.419061 2798.009796 2805.482760 2784.251496 2786.603214 2793.299469 2797.394127 2806.170617 2814.020045 2820.582944 2825.827933 2827.605943 2833.496463 2841.941094 2852.550656 2865.708710 2885.041019 2907.592074 2922.432585 2938.249631 2954.609438 2954.401666 2952.031390 2951.668836 2949.711170 2950.809339 2964.786097 2967.556925 2962.524451 2972.441216 2983.722512 2985.983575 2984.108311 3002.446541 3023.712373
-9999.0 -9999.0 -9999.0 -9999.0 -9999.0 -9999.0 -9999.0 -9999.0 -9999.0 -9999.0 -9999.0 -9999.0 -9999.0 2728.044712 2732.481170 2743.200904 2754.877043 2758.442310 2763.951078 2771.222955 2784.041302 2788.364777 2794.961226 2802.675954 2788.761818 2796.359091 2804.508487 2815.489785 2822.727808 2828.826227 2834.367114 2836.716700 2847.443605 2860.566183 2874.050392 2892.210164 2912.980396 2930.609741 2947.829733 2963.036592 2974.038983 2971.267630 2969.561837 2970.854574 2975.024844 2980.119027 2995.601977 2996.272537 3006.123343 3025.798335 3035.384616 3042.286212 3047.533880 3060.173759 3080.485818
-9999.0 -9999.0 -9999.0 -9999.0 -9999.0 -9999.0 -9999.0 -9999.0 -9999.0 -9999.0 2698.358202 2700.482783 2697.512589 2695.869747 2702.276524 2715.367394 2730.578653 2737.069870 2749.813573 2771.886525 2791.160543 2794.975224 2808.615815 2791.096595 2796.147310 2805.101678 2816.921321 2827.939553 2842.324200 2852.830632 2860.785626 2876.308967 2890.788547 2905.599693 2921.511825 2940.481927 2955.678741 2978.776321 2995.913156 3003.705101 3020.157893 3023.170582 3018.114401 3015.450698 3023.390398 3033.929259 3048.508731 3064.209888 3081.900181 3103.128456 3113.531198 3125.554919 3133.832165 3143.495083 3157.833637
-9999.0 -9999.0 -9999.0 -9999.0 -9999.0 -9999.0 -9999.0 -9999.0 2672.394948 2680.936856 2687.171549 2684.715383 2681.089048 2676.446395 2691.915805 2708.370743 2725.188954 2744.342148 2760.820364 2779.736740 2794.066365 2809.599098 2799.263047 2808.208054 2817.826625 2831.667909 2843.511279 2857.400640 2876.597114 2883.957345 2894.701893 2913.012499 2927.573651 2943.187160 2960.020662 2975.294211 2987.843060 3016.753972 3044.402129 3060.280062 3085.100460 3101.953739 3096.104488 3094.093303 3094.879216 3117.095463 3142.525183 3170.479849 3188.422313 3211.318669 3238.588553 3256.362001 3265.094285 3275.699627 3289.007368
-9999.0 -9999.0 -9999.0 -9999.0 -9999.0 -9999.0 2642.502448 2667.426640 2683.418167 2675.777326 2663.311507 2659.458620 2654.776008 2685.512031 2709.038528 2727.572987 2745.471984 2764.076359 2781.118731 2790.377450 2789.138367 2806.682992 2817.377581 2830.357292 2843.614229 2856.823236 2871.989943 2892.350562 2909.297620 2931.111412 2947.733319 2964.175158 2979.558986 2995.476738 3011.079062 3023.985936 3050.441632 3083.910421 3117.263618 3141.098598 3164.712037 3193.856178 3194.062225 3195.733798 3197.579260 3219.663681 3251.857508 3280.635590 3311.766425 3341.645924 3368.712058 3378.720704 3387.316727 3396.851843 3408.905868
-9999.0 -9999.0 -9999.0 -9999.0 2608.494385 2629.774875 2649.410120 2680.392609 2703.467410 2699.639507 2705.709942 2705.465076 2702.911932 2709.213751 2718.690910 2737.573394 2758.027454 2778.628163 2793.796759 2787.562058 2831.599410 2842.320907 2859.610549 2888.237971 2898.537330 2911.551247 2925.998505 2945.691189 2964.199058 2983.746185 3017.974165 3046.992376 3067.430206 3085.773384 3103.715660 3120.156132 3153.334738 3187.984367 3222.334412 3253.024495 3279.315454 3304.094474 3311.105758 3315.829252 3325.403939 3341.460088 3362.978660 3389.536937 3421.740361 3453.015104 3475.977794 3485.460983 3490.730831 3499.963638 3507.629398
-9999.0 -9999.0 -9999.0 2554.693094 2594.089351 2634.013131 2660.754320 2692.150117 2725.708156 2727.990453 2738.353273 2740.850337 2742.355745 2750.158884 2756.265410 2774.651303 2794.077494 2814.435191 2797.689181 2829.502029 2858.570859 2877.544167 2904.826309 2921.639729 2935.020763 2947.329011 2964.621029 2984.152912 3011.292155 3040.635343 3085.670635 3135.004662 3166.526807 3184.761547 3205.658225 3231.683499 3255.448775 3292.231306 3325.199020 3356.363594 3385.798897 3407.589100 3422.038606 3426.649311 3435.560531 3441.371807 3454.164302 3474.583464 3496.142279 3525.715033 3554.121083 3581.408043 3595.887104 3606.280626 3622.700713
-9999.0 -9999.0 2506.204086 2545.656038 2577.911259 2626.125827 2680.231022 2716.538333 2757.753421 2779.292750 2785.187699 2798.802755 2785.248545 2786.253088 2795.471456 2808.086314 2828.237235 2835.749521 2853.675051 2871.244379 2909.521683 2944.478389 2944.434095 2976.412108 3005.331220 3035.230910 3054.223999 3079.358367 3114.840087 3148.809729 3191.582094 3239.787877 3273.553337 3300.829984 3315.683672 3334.558040 3354.285881 3378.884438 3413.838746 3439.320660 3471.479026 3496.223558 3515.590472 3517.208866 3519.937073 3535.431630 3562.217394 3591.289561 3618.611675 3645.833293 3634.544737 3654.922984 3664.012935 3669.084445 3677.058654
-9999.0 -9999.0 2476.573285 2523.120021 2559.219142 2619.856484 2706.396757 2742.756460 2784.725589 2811.743981 2825.364227 2846.428191 2842.635606 2834.822110 2852.661268 2867.634559 2885.472118 2891.963003 2886.314923 2937.548458 2982.371147 3010.319115 3023.615395 3096.161884 3145.260252 3166.500607 3180.230302 3199.294189 3218.847693 3256.826726 3296.354908 3348.858391 3389.228821 3418.126687 3432.014291 3450.623420 3469.334699 3484.121919 3502.720970 3546.864064 3579.738591 3608.709784 3638.831823 3659.409589 3667.221262 3671.590165 3649.254205 3666.256322 3677.786518 3682.759422 3684.693707 3680.976743 3680.370640 3681.150222 3682.079412
-9999.0 2383.678754 2436.354170 2487.750111 2553.551587 2617.172677 2695.087900 2772.419267 2819.568799 2869.277643 2894.333243 2890.358269 2896.708947 2924.172193 2943.823290 2961.420259 2965.587039 2973.912591 2956.020451 2998.813699 3036.131191 3088.665000 3187.169171 3243.276357 3300.881969 3297.218703 3286.177342 3291.821898 3308.441295 3352.922365 3427.693289 3480.612163 3542.285454 3588.161882 3603.991148 3610.641669 3628.380178 3648.277416 3604.799095 3642.938566 3660.404533 3674.978600 3682.624043 3684.632815 3685.754727 3685.545813 3681.930450 3675.036066 3666.949403 3661.171845 3656.985033 3652.482407 3654.913325 3658.229872 3658.548653
-9999.0 2345.834643 2403.828532 2473.271263 2542.107091 2594.027789 2681.946921 2828.054650 2887.396522 2924.166918 2932.071951 2915.972178 2976.285945 3030.698645 3055.234640 3098.543929 3083.840803 3068.564640 3035.212358 3060.280157 3099.407625 3168.119168 3330.628024 3416.492106 3462.224078 3470.089298 3471.552453 3498.648293 3540.287198 3584.353314 3626.506891 3601.220730 3645.086232 3666.577173 3671.068101 3671.696737 3676.518704 3675.222958 3673.557846 3669.210507 3664.123775 3664.273314 3668.741769 3668.569494 3665.651119 3662.345654 3656.692636 3649.267756 3644.021614 3639.401293 3636.730987 3633.869113 3631.990479 3631.419794 3626.715904
-9999.0 2307.325585 2381.780219 2441.486868 2491.667972 2587.925460 2718.891296 2844.687708 2939.013697 2972.607767 2957.716658 2993.808577 3093.865360 3195.332286 3245.614534 3266.017601 3249.705785 3205.775895 3189.215947 3231.434237 3299.050989 3411.151138 3538.648255 3631.953561 3646.120443 3649.115488 3606.643129 3629.496103 3650.677909 3653.191407 3654.185969 3661.069177 3666.062547 3668.906733 3667.369313 3664.484194 3659.702232 3651.573684 3646.749927 3643.135139 3639.410343 3638.355963 3640.437027 3642.128757 3639.361825 3635.490182 3631.021804 3625.440605 3619.181584 3612.469490 3608.240901 3604.059474 3601.959294 3596.599377 3593.008120
-9999.0 2187.825522 2283.207727 2326.612779 2408.314640 2595.617832 2726.158469 2850.940362 3008.251620 3030.334586 3079.265638 3212.177675 3326.440373 3403.482297 3432.942054 3466.425749 3490.523438 3506.770593 3541.912115 3436.951730 3511.299032 3599.544822 3639.392948 3656.672528 3664.609401 3664.939769 3655.342216 3634.809270 3624.128078 3617.378008 3618.983615 3626.226256 3631.003930 3635.873125 3633.596165 3634.548452 3635.438756 3632.164545 3628.198874 3619.585024 3611.790352 3605.262583 3602.252854 3607.030647 3602.355808 3599.880120 3593.768945 3585.460889 3576.634909 3569.281399 3561.437703 3554.923700 3552.671793 3547.658004 3546.499000
-9999.0 2107.022157 2180.490806 2245.290129 2361.003051 2526.003214 2629.220225 2790.467121 3001.318598 3131.478062 3285.473407 3370.882690 3439.915797 3483.822923 3534.813454 3584.203847 3609.510022 3619.939164 3592.304436 3611.479286 3570.189502 3559.379285 3576.311327 3604.439976 3620.531549 3624.422291 3616.407070 3606.969995 3599.725479 3598.601043 3596.566814 3592.923643 3589.194055 3585.833880 3582.692784 3585.467305 3590.624421 3583.696823 3573.758385 3564.560000 3556.260209 3547.222437 3541.371870 3536.956752 3537.100434 3537.323311 3529.791207 3519.411597 3508.704096 3500.531323 3493.356575 3488.772443 3486.224371 3481.376476 3472.178732
-9999.0 1990.271053 2121.576128 2201.000215 2300.192258 2431.340384 2540.390089 2695.988114 2807.290314 3042.222197 3183.986411 3358.612475 3405.227900 3471.391075 3519.599553 3590.167973 3586.338356 3554.750943 3513.037935 3496.587643 3506.076767 3514.605486 3523.210767 3538.140913 3555.398546 3565.191497 3569.530033 3563.173789 3549.047757 3537.112356 3526.754937 3513.752460 3504.757109 3502.491018 3505.936326 3515.411024 3516.221719 3506.983021 3493.122899 3475.341889 3460.073827 3448.534560 3446.411674 3448.969990 3449.926159 3446.021658 3440.143850 3429.557740 3417.120927 3404.975510 3399.140273 3394.763491 3387.607796 3376.798338 3365.353450
-9999.0 -9999.0 2037.538251 2146.592572 2242.603255 2356.024567 2450.460667 2573.970665 2718.353955 2865.357512 2976.898552 3145.660026 3234.757244 3277.692611 3313.266545 3367.563664 3390.718458 3418.970094 3410.705895 3420.467894 3429.116041 3433.959758 3439.469254 3445.786927 3456.398579 3465.971980 3475.564420 3472.790356 3463.884815 3443.980763 3419.290037 3400.135451 3389.959855 3381.140005 3392.728718 3405.035231 3399.999183 3393.178246 3380.736652 3364.777798 3352.223152 3338.164214 3334.718207 3334.763376 3335.340953 3333.029582 3330.297310 3317.996418 3305.816304 3295.780965 3291.688070 3286.179981 3282.493457 3272.765506 3262.293985
-9999.0 -9999.0 1949.780783 2054.724604 2159.007660 2277.774061 2365.146316 2390.182354 2530.945013 2640.079651 2750.314762 2825.074277 2917.819148 2979.398945 3012.905322 3073.007560 3125.415797 3142.536985 3177.642312 3226.241900 3258.203282 3294.751375 3316.292681 3325.805035 3338.163286 3352.095656 3359.570056 3344.908365 3333.693716 3316.765188 3293.870595 3267.963843 3254.807441 3253.838188 3253.475775 3255.667843 3248.457775 3239.505378 3225.205542 3211.126103 3198.923210 3189.705809 3186.127916 3181.033259 3179.001566 3176.368198 3174.587184 3169.910958 3161.373626 3156.479750 3148.504886 3144.624402 3143.675735 3140.272688 3134.286687
