tests/Borden05m/data_simulated/sim_1/output-maps/psiliqL0024N0018.asc
ncols         160
nrows         34
xllcorner     620200.000000
yllcorner     5168000.000000
cellsize      0.500000
NODATA_value  -9999.0
[rows 0 to 24 of 34, columns 55 to 109 of 160]
-9999.0 -9999.0 -9999.0 -9999.0 -9999.0 -9999.0 -9999.0 -9999.0 -9999.0 -9999.0 -9999.0 -9999.0 -9999.0 -9999.0 -9999.0 -9999.0 -9999.0 -9999.0 -9999.0 -9999.0 -9999.0 -9999.0 -9999.0 -9999.0 -9999.0 -9999.0 -9999.0 -9999.0 -9999.0 -9999.0 -9999.0 -9999.0 -9999.0 -9999.0 -9999.0 -9999.0 -9999.0 -9999.0 -9999.0 -9999.0 -9999.0 -9999.0 -9999.0 -9999.0 -9999.0 -9999.0 -9999.0 -9999.0 -9999.0 -9999.0 -9999.0 -9999.0 -9999.0 -9999.0 -9999.0
-9999.0 -9999.0 -9999.0 -9999.0 3000.935830 2995.613145 2990.786989 2986.653840 2985.811082 2976.836299 2969.020134 2964.990918 2963.982781 2963.265699 2962.781980 2967.805256 2975.941673 2983.623855 2990.320689 2983.754388 2985.554184 2987.407737 2987.639816 2986.469007 2983.754082 2989.893345 2986.806999 2985.174246 2977.744931 2966.612592 2958.251216 2955.561938 2959.766990 2964.106385 2966.553348 2971.795314 2982.164664 2992.441391 2991.422523 3002.739473 3009.502093 3014.819967 3017.486312 3013.513708 3010.257891 3006.383175 3000.948109 2989.902877 -9999.0 -9999.0 -9999.0 -9999.0 -9999.0 -9999.0 -9999.0
2953.855506 2972.167248 2985.400754 2988.516961 2984.425518 2979.640703 2976.561430 2974.931133 2970.842884 2962.426317 2957.389452 2952.017108 2949.575445 2949.676390 2949.676227 2953.498429 2964.255244 2972.147536 2976.792402 2979.279515 2982.107387 2980.752295 2980.035062 2979.819008 2976.949551 2973.689600 2970.328411 2968.506349 2969.830278 2962.257483 2956.350844 2952.524202 2949.743789 2952.397222 2955.054827 2959.434039 2968.595756 2976.450122 2983.851278 2989.196149 3001.104547 3006.699754 3004.196413 2999.627211 2996.439095 2989.705465 2987.675793 2977.866023 2969.740257 2963.419613 2957.906443 2951.441076 2957.627035 2965.133275 2974.369689
2937.531244 2956.775338 2977.082910 2979.740993 2969.585601 2961.839066 2955.357312 2955.914738 2959.356666 2956.173504 2951.470122 2944.170792 2953.972188 2955.065036 2955.900618 2959.189025 2961.381145 2966.271832 2968.784851 2974.140677 2983.069173 2985.850692 2986.302671 2986.368642 2984.412706 2981.178131 2979.243018 2976.459154 2971.198499 2969.506156 2969.240897 2968.089405 2972.242831 2973.258113 2976.451073 2970.804436 2975.059676 2981.210491 2987.570880 2992.675477 2988.380185 2990.560772 2987.328500 2988.322540 2989.712214 2976.325684 2966.869094 2959.243618 2959.081896 2955.982235 2947.936181 2934.215829 2942.170756 2958.022319 2962.610259
2942.379834 2951.381481 2962.123822 2964.736580 2959.757720 2961.902860 2963.735592 2965.063702 2963.327104 2959.944866 2955.985703 2966.698840 2974.625832 2976.034339 2978.577340 2982.604588 2983.916495 2973.023143 2970.976243 2978.348087 2987.465989 2992.615550 2992.776021 2992.439765 2988.997404 2987.852262 2987.613960 2985.752994 2985.416877 2987.079675 2984.981963 2988.141181 2993.291031 2985.668793 2990.900672 2982.702151 2984.719791 2992.724444 2990.350735 2997.242338 3006.891665 3017.760526 3017.914464 3013.367072 3005.485015 2993.646499 2981.659680 2964.147367 2953.039626 2945.026294 2937.660352 2940.032023 2935.406281 2948.657364 2950.259477
2930.379129 2950.482783 2970.168360 2976.302542 2970.366013 2966.505463 2965.117350 2965.842379 2965.112867 2966.007969 2975.302644 2987.035031 2987.494619 2988.776689 2990.544410 2989.964347 2994.117457 2984.205991 2981.412619 2994.529161 2998.766281 3005.848978 3005.395705 3001.514079 3005.092194 3004.921631 3005.035972 3001.406693 3002.271189 3000.384654 3006.409639 3014.019760 3021.784814 3019.725455 3008.049518 2995.918416 2995.669878 3000.738690 3006.515248 3013.889755 3024.078026 3033.348652 3028.609930 3023.305341 3015.761373 2990.616036 2979.331783 2965.561587 2965.165239 2965.686809 2961.610903 2959.307782 2957.885246 2953.191545 2953.180147
2967.686104 2986.794515 2996.160203 3008.709180 3002.431336 2994.748858 2985.936574 2986.050202 2986.682165 2992.656968 3003.188919 3016.359770 3037.499961 3037.217614 3037.890141 3037.080629 3025.068709 3011.993037 3001.811806 3023.100783 3033.197292 3040.405906 3038.373429 3044.091495 3052.821673 3049.050912 3042.474358 3030.672404 3036.325799 3043.544852 3058.595765 3066.290543 3071.312060 3067.236352 3053.834665 3047.270785 3048.372767 3054.214432 3054.878394 3062.936868 3071.975632 3086.975383 3085.890373 3081.881417 3061.843203 3025.224296 2996.849833 2995.547250 2994.055221 2988.355907 2993.478988 2993.042364 2981.408964 2973.559361 2976.160231
2990.804873 3003.936892 3019.557239 3036.036446 3027.604047 3017.233449 3001.113496 2998.238479 3002.732965 3012.655334 3030.122976 3048.555936 3068.776022 3068.722289 3063.474539 3072.767715 3066.028421 3055.415585 3047.758972 3067.473181 3077.732967 3087.851252 3094.071867 3106.618510 3117.137060 3101.689144 3085.426241 3075.829062 3082.516508 3107.087193 3128.591715 3133.389002 3132.777260 3132.724002 3118.452540 3113.384798 3109.521587 3109.057464 3105.996039 3103.847297 3128.084442 3148.881544 3148.562510 3126.981614 3104.339918 3065.827397 3028.511513 3004.005295 3014.434370 3011.456339 3015.017309 3004.459881 2992.450566 2984.796329 2993.087102
3042.410738 3064.752739 3081.457092 3102.669981 3094.910633 3072.715580 3057.842195 3060.578162 3073.744771 3081.429006 3099.139483 3117.056825 3143.486520 3156.778974 3168.882562 3169.427567 3165.464012 3156.967877 3144.782463 3148.856949 3171.436635 3179.321122 3187.680311 3196.334366 3208.850695 3209.965362 3203.698983 3202.040318 3206.177921 3218.594862 3232.127957 3238.815422 3242.201005 3245.218973 3233.518195 3221.101925 3218.499966 3212.609017 3210.601506 3209.645439 3219.829132 3239.014644 3236.168706 3201.571299 3175.267664 3144.559467 3106.917314 3077.664605 3070.099875 3087.414206 3084.449305 3068.306294 3056.797751 3029.900843 3024.050390
3113.599808 3146.531257 3170.890664 3178.098135 3185.913713 3172.432927 3170.680488 3174.574749 3182.529396 3185.695031 3192.087414 3224.179344 3257.771606 3283.127673 3305.853362 3312.882771 3301.002154 3291.194067 3277.889454 3268.964607 3278.882564 3295.392256 3312.792776 3327.739813 3338.990547 3341.278833 3339.746565 3339.825444 3342.742624 3345.709955 3349.791828 3357.878023 3365.404906 3373.637017 3382.057451 3372.380314 3356.105449 3346.481170 3336.853543 3335.531341 3336.600832 3339.749349 3340.802044 3325.621585 3285.495929 3254.890682 3223.217902 3202.663403 3188.712416 3187.092006 3172.658490 3149.133663 3099.046235 3061.984178 3030.649457
3197.325885 3240.219183 3269.237246 3286.841031 3299.608528 3297.228859 3298.940861 3299.998374 3303.840678 3306.424693 3309.590319 3335.553609 3375.717402 3414.521133 3445.367619 3445.664984 3432.452102 3421.201027 3411.882309 3397.989796 3394.099456 3406.026147 3420.816175 3440.495124 3451.026483 3457.575047 3454.611758 3454.852417 3456.467203 3458.751516 3460.835796 3464.238100 3473.528284 3488.133557 3502.206942 3501.612888 3483.474692 3465.699413 3449.569793 3446.547467 3443.716691 3438.777147 3440.947391 3442.809746 3428.251091 3398.066096 3359.674410 3319.356726 3301.646537 3286.045090 3275.408429 3259.029022 3221.215490 3161.030768 3123.440439
3311.500968 3344.415958 3372.620665 3402.626472 3417.772066 3420.546252 3418.224079 3417.311423 3424.234547 3427.291211 3433.390039 3449.817390 3480.758083 3515.287526 3544.502656 3560.045888 3552.689534 3535.360428 3513.742219 3504.466434 3501.735432 3505.143925 3514.296919 3526.574361 3545.597650 3564.579738 3570.224740 3571.088125 3568.506611 3570.810581 3572.313796 3572.420122 3575.123580 3583.197624 3592.758785 3596.045867 3588.626224 3568.252289 3545.198103 3533.530287 3526.830777 3523.347293 3524.061482 3528.836415 3531.727412 3517.408677 3482.801045 3439.336441 3409.212049 3393.471807 3380.590326 3367.478253 3355.513371 3324.836454 3304.555148
3419.019516 3433.914877 3461.609355 3489.993312 3512.668036 3527.445677 3528.149217 3531.378119 3536.066090 3543.589664 3558.626236 3581.327424 3599.771477 3621.735444 3647.717459 3663.553546 3668.826120 3667.349687 3663.568816 3664.822946 3665.156198 3605.706173 3611.667978 3617.605890 3633.788566 3648.507721 3653.804807 3654.408509 3652.004603 3653.761806 3654.486008 3654.402912 3654.033411 3656.139467 3660.945536 3662.782402 3660.511908 3648.454632 3665.301825 3645.590192 3632.300817 3624.186161 3616.025574 3607.786503 3598.402274 3588.619167 3569.141305 3538.830950 3504.772402 3482.880906 3474.765787 3468.824035 3460.728559 3455.250896 3438.651821
3517.165365 3527.715008 3545.548483 3567.907567 3601.024622 3623.922423 3635.159367 3644.329786 3648.960792 3662.684930 3678.968677 3663.930686 3671.820215 3679.984745 3688.097077 3690.882916 3691.680562 3691.312494 3688.938934 3688.203178 3685.856394 3682.282201 3671.919647 3673.517986 3675.424492 3678.032039 3681.742641 3680.617359 3681.709298 3684.657638 3682.922854 3676.937388 3672.910594 3671.337452 3672.285164 3679.684777 3683.137018 3684.078710 3680.925830 3680.016991 3679.070985 3675.841382 3671.809269 3666.125164 3658.854077 3672.645038 3660.828108 3633.330725 3593.905889 3553.564703 3545.442885 3546.767965 3546.827921 3545.285716 3539.773709
3639.824843 3653.265778 3667.817083 3647.311855 3668.522462 3679.379543 3684.456272 3688.421269 3691.176882 3694.117677 3691.089111 3688.047354 3683.190868 3681.661465 3680.322279 3677.896314 3678.531893 3676.646818 3672.608634 3668.630197 3660.826240 3649.359496 3638.185765 3634.724353 3639.054724 3644.617787 3649.692829 3654.025261 3657.708912 3657.815037 3652.420926 3644.061245 3636.570206 3634.892432 3641.725419 3647.445738 3653.848739 3654.704721 3653.315578 3650.872017 3650.669002 3647.475525 3647.710946 3654.721793 3669.317795 3672.313351 3677.918258 3677.120078 3661.311131 3632.689091 3642.545264 3622.730152 3628.574851 3624.053849 3612.798741
3682.532933 3685.164421 3683.615999 3682.458109 3676.131409 3670.117228 3669.355928 3673.366275 3680.396646 3681.491275 3674.474619 3665.961584 3658.797168 3651.469358 3649.172973 3648.569707 3648.301060 3648.785171 3643.520991 3634.383935 3617.582157 3606.047580 3595.000873 3589.074107 3585.471093 3589.066982 3600.170066 3612.096402 3617.094468 3608.048352 3599.699076 3588.012187 3579.961576 3580.393236 3581.535742 3590.976485 3607.528092 3614.780958 3615.551946 3609.199961 3602.882977 3596.284768 3593.293590 3599.723102 3614.936253 3631.502161 3646.887143 3655.909551 3663.567240 3670.603370 3669.484096 3672.087084 3673.519453 3671.497069 3674.143006
3676.782301 3669.860221 3662.949499 3657.709675 3651.290500 3645.994792 3644.206801 3646.165447 3648.225107 3644.243985 3637.895836 3627.966295 3617.040470 3607.424272 3600.009914 3601.053825 3603.427991 3605.062390 3597.921208 3582.742066 3565.154978 3551.768570 3537.978984 3534.089505 3528.332716 3521.025388 3531.179572 3550.645039 3557.911953 3542.095789 3531.334142 3516.266287 3509.634466 3505.726735 3506.565241 3515.506012 3537.710471 3561.324851 3563.303141 3552.447811 3541.668458 3536.896647 3533.688543 3538.393865 3555.120351 3575.641713 3591.500907 3601.771909 3607.070925 3614.827825 3624.176138 3638.203502 3652.813662 3664.990359 3669.991093
3651.895047 3644.183544 3636.582443 3629.039613 3622.216573 3616.111603 3611.904475 3610.000193 3606.265052 3600.276634 3593.372875 3573.519024 3561.275340 3548.615823 3533.982386 3530.274262 3525.781472 3527.030096 3515.696268 3507.637944 3491.131697 3475.920382 3460.472367 3447.498100 3441.838867 3435.279340 3434.138873 3447.773839 3456.252788 3446.454548 3436.747220 3425.947365 3421.306668 3417.957666 3420.370385 3430.760000 3450.467263 3468.745600 3476.968848 3469.522645 3467.811489 3467.485246 3465.841765 3471.955138 3482.905282 3500.818691 3522.875070 3541.382164 3551.072552 3557.898961 3567.068724 3581.287728 3595.263137 3609.458214 3627.255533
3621.597085 3612.413299 3602.627752 3593.071266 3582.748228 3572.440088 3566.124384 3568.779255 3562.867285 3557.347819 3535.515610 3481.506349 3460.988085 3442.419715 3426.540649 3420.145277 3412.042210 3396.826368 3388.322087 3383.830419 3385.395919 3371.520453 3354.825027 3337.451286 3332.644350 3329.138058 3312.553146 3308.748513 3309.518401 3324.789858 3318.666504 3317.067009 3318.656810 3316.262563 3317.681581 3330.454360 3338.430310 3344.179074 3350.792229 3354.985171 3365.047721 3372.120929 3381.581965 3398.342290 3409.150965 3424.353537 3444.454910 3469.565604 3484.569520 3493.835210 3504.045445 3519.122567 3535.110131 3552.605393 3574.780070
3587.320320 3571.271470 3556.974768 3542.919973 3530.463198 3517.902695 3502.588567 3504.607985 3502.600016 3492.771525 3439.453590 3399.011918 3366.333474 3349.481117 3326.376993 3313.387057 3297.981280 3260.885288 3244.015300 3243.419542 3257.766774 3254.055922 3238.919855 3227.096694 3217.967689 3208.958084 3191.731671 3173.794517 3179.812667 3197.848804 3198.456853 3201.478115 3209.083132 3208.472895 3201.964732 3199.750421 3211.816270 3217.320049 3228.222821 3245.210930 3249.825644 3265.192536 3297.991083 3310.516308 3325.144255 3343.206894 3363.240474 3384.271770 3406.175856 3419.766787 3434.514436 3452.565804 3468.891524 3488.889003 3511.203387
3537.443504 3506.998322 3486.367976 3469.413552 3450.846716 3424.814390 3405.173721 3403.287588 3397.447864 3369.629176 3318.930392 3283.769770 3260.516950 3239.264388 3216.761120 3194.156902 3161.638232 3127.755709 3106.456759 3121.805464 3133.043559 3144.185810 3132.895263 3122.260934 3112.869886 3095.326230 3078.765539 3062.784657 3073.697837 3082.360867 3100.680528 3107.357255 3111.262125 3116.916533 3115.440422 3104.988775 3100.388244 3108.299003 3117.956890 3129.546871 3150.094202 3181.215685 3205.186078 3222.764525 3242.615393 3260.568542 3281.358067 3303.677687 3325.704751 3342.021627 3359.727544 3377.054076 3397.310762 3416.049922 3438.545159
3459.094750 3431.401638 3405.587048 3383.087601 3352.994825 3307.892556 3294.248127 3285.879790 3265.216038 3219.250611 3178.544949 3161.138142 3148.278090 3125.678544 3105.254858 3077.861632 3045.029324 3023.721787 3003.734561 3014.319203 3024.810361 3044.711717 3036.129602 3029.392967 3026.506271 3011.458451 2998.352335 2982.175887 2988.618234 3000.685025 3023.806080 3029.699725 3033.788913 3043.016423 3042.194409 3037.571226 3020.354597 3026.970755 3037.425240 3050.973668 3081.306649 3103.296678 3125.234080 3146.320946 3164.952727 3182.418861 3203.735845 3225.953735 3251.212482 3269.911128 3288.102463 3308.795726 3327.328633 3341.338868 3357.283148
3353.385681 3329.935154 3310.867065 3287.482881 3246.162205 3203.410492 3167.457012 3142.338636 3091.848329 3058.607083 3038.288802 3037.355444 3025.740122 3006.820379 2989.491092 2984.071643 2962.976725 2944.486823 2919.891398 2925.518556 2941.414388 2958.532607 2959.716636 2960.667364 2959.337130 2950.154273 2936.855420 2923.344373 2927.137570 2944.181827 2962.150379 2972.132316 2979.850754 2987.627811 2987.392567 2977.968193 2967.967538 2972.671664 2987.419109 2991.170877 3007.600693 3027.563226 3047.010090 3066.536673 3088.104352 3109.651289 3131.632828 3155.403947 3177.920166 3197.855563 3220.393183 3243.516164 3259.266255 3267.350056 3274.702533
3252.770857 3234.166303 3211.860702 3185.598113 3148.084824 3109.481966 3069.879493 3024.897512 2993.749075 2979.459774 2973.192630 2958.500144 2945.864854 2932.123598 2912.739082 2897.786908 2883.660826 2863.027105 2853.155103 2860.718891 2874.434648 2882.962761 2889.842258 2887.978510 2885.888693 2880.419657 2866.692866 2862.395536 2872.378204 2887.586409 2901.326340 2912.840417 2919.730416 2924.869438 2921.808710 2912.625147 2909.473840 2917.507556 2932.701340 2945.257213 2959.628200 2979.336357 2987.719341 3007.499287 3028.180934 3048.946478 3072.120475 3096.007549 3120.561674 3146.317260 3167.421295 3181.931753 3189.405524 3197.725032 3196.704227
3135.167439 3124.326521 3099.667254 3073.124090 3045.107449 3013.111942 2990.558500 2972.886860 2944.404993 2917.159504 2892.433284 2880.896658 2875.564248 2864.857683 2848.792770 2838.430685 2823.632629 2813.931958 2820.235906 2821.868868 2830.277405 2828.755786 2829.938789 2827.742410 2827.354192 2825.275311 2819.165642 2830.904582 2836.551119 2849.911754 2859.921763 2869.584381 2875.307556 2878.818870 2879.826959 2875.443001 2881.071594 2886.959820 2900.327468 2911.043276 2924.064810 2943.295449 2958.810228 2976.449639 2987.689840 3008.602201 3030.391684 3054.442872 3080.822268 3103.893753 3120.263613 3125.596710 3133.473113 3133.853872 3121.812945
