tests/Borden05m/data_simulated/sim_1/output-maps/psiliqL0004N0014.asc
ncols         160
nrows         34
xllcorner     620200.000000
yllcorner     5168000.000000
cellsize      0.500000
NODATA_value  -9999.0
[rows 0 to 24 of 34, columns 0 to 55 of 160]
-9999.0 -9999.0 -9999.0 -9999.0 -9999.0 -9999.0 -9999.0 -9999.0 -9999.0 -9999.0 -9999.0 -9999.0 -9999.0 -9999.0 -9999.0 -9999.0 -9999.0 -9999.0 -9999.0 -9999.0 -9999.0 -9999.0 -9999.0 -9999.0 -9999.0 -9999.0 -9999.0 -9999.0 -9999.0 -9999.0 -9999.0 -9999.0 -9999.0 -9999.0 -9999.0 -9999.0 -9999.0 -9999.0 -9999.0 -9999.0 -9999.0 -9999.0 -9999.0 -9999.0 -9999.0 -9999.0 -9999.0 -9999.0 -9999.0 -9999.0 -9999.0 -9999.0 -9999.0 -9999.0 -9999.0 -9999.0
-9999.0 -9999.0 -9999.0 -9999.0 -9999.0 -9999.0 -9999.0 -9999.0 -9999.0 -9999.0 -9999.0 -9999.0 -9999.0 -9999.0 -9999.0 -9999.0 -9999.0 -9999.0 -9999.0 -9999.0 -9999.0 -9999.0 -9999.0 -9999.0 -9999.0 -9999.0 -9999.0 -9999.0 -9999.0 -9999.0 -9999.0 -9999.0 -9999.0 -9999.0 -9999.0 -9999.0 -9999.0 -9999.0 -9999.0 -9999.0 -9999.0 -9999.0 -9999.0 -9999.0 -9999.0 -9999.0 -9999.0 -9999.0 -9999.0 -9999.0 -9999.0 -9999.0 -9999.0 -9999.0 -9999.0 -9999.0
-9999.0 -9999.0 -9999.0 -9999.0 -9999.0 -9999.0 -9999.0 -9999.0 -9999.0 -9999.0 -9999.0 -9999.0 -9999.0 -9999.0 -9999.0 -9999.0 -9999.0 -9999.0 -9999.0 -9999.0 -9999.0 -9999.0 -9999.0 -9999.0 -9999.0 -9999.0 -9999.0 -9999.0 -9999.0 -9999.0 -9999.0 -9999.0 -9999.0 -9999.0 -9999.0 -9999.0 -9999.0 -9999.0 -9999.0 -9999.0 -9999.0 -9999.0 -9999.0 -9999.0 -9999.0 -9999.0 -9999.0 -603.492136 -611.848701 -621.989119 -624.775623 -613.187697 -607.434342 -601.992373 -598.061229 -594.381217
-9999.0 -9999.0 -9999.0 -9999.0 -9999.0 -9999.0 -9999.0 -9999.0 -9999.0 -9999.0 -9999.0 -9999.0 -9999.0 -9999.0 -9999.0 -9999.0 -9999.0 -9999.0 -9999.0 -9999.0 -9999.0 -9999.0 -9999.0 -9999.0 -9999.0 -9999.0 -9999.0 -9999.0 -9999.0 -9999.0 -9999.0 -9999.0 -9999.0 -9999.0 -9999.0 -9999.0 -9999.0 -9999.0 -9999.0 -9999.0 -601.453424 -597.737947 -594.971254 -600.423904 -603.192818 -603.555202 -609.898986 -617.037503 -624.392549 -622.534223 -622.329551 -626.826768 -618.375123 -611.328451 -608.239607 -605.541977
-9999.0 -9999.0 -9999.0 -9999.0 -9999.0 -9999.0 -9999.0 -9999.0 -9999.0 -9999.0 -9999.0 -9999.0 -9999.0 -9999.0 -9999.0 -9999.0 -9999.0 -9999.0 -9999.0 -9999.0 -9999.0 -9999.0 -9999.0 -9999.0 -9999.0 -9999.0 -9999.0 -9999.0 -9999.0 -9999.0 -9999.0 -9999.0 -9999.0 -9999.0 -622.404810 -614.867812 -611.080119 -607.408358 -602.479099 -603.501005 -604.351153 -601.068501 -603.978552 -604.444834 -608.495742 -616.039209 -623.791990 -628.336077 -624.346879 -625.805940 -625.623769 -621.571514 -618.615644 -616.987819 -611.121904 -602.424030
-9999.0 -9999.0 -9999.0 -9999.0 -9999.0 -9999.0 -9999.0 -9999.0 -9999.0 -9999.0 -9999.0 -9999.0 -9999.0 -9999.0 -9999.0 -9999.0 -9999.0 -9999.0 -9999.0 -9999.0 -9999.0 -9999.0 -9999.0 -9999.0 -9999.0 -9999.0 -9999.0 -9999.0 -611.928257 -614.803150 -617.046537 -616.994314 -618.023941 -621.802789 -622.547918 -621.371357 -616.938050 -610.173977 -608.605310 -608.971603 -608.213054 -609.551513 -613.712528 -614.227679 -609.987564 -614.599858 -617.177505 -620.443865 -627.862868 -629.704806 -625.271221 -620.838948 -616.859428 -615.348723 -614.076146 -613.425207
-9999.0 -9999.0 -9999.0 -9999.0 -9999.0 -9999.0 -9999.0 -9999.0 -9999.0 -9999.0 -9999.0 -9999.0 -9999.0 -9999.0 -9999.0 -9999.0 -9999.0 -9999.0 -9999.0 -9999.0 -9999.0 -9999.0 -9999.0 -617.598916 -614.952337 -613.800121 -611.413294 -612.491258 -617.816007 -621.420279 -623.027032 -624.324488 -627.300924 -627.507568 -627.294660 -624.936695 -622.923093 -615.742610 -618.423698 -620.143523 -614.221871 -615.383884 -611.716807 -607.681936 -608.688321 -608.110488 -616.024773 -622.109376 -616.077266 -613.508222 -613.495085 -614.431406 -611.923434 -608.612402 -604.545155 -598.136732
-9999.0 -9999.0 -9999.0 -9999.0 -9999.0 -9999.0 -9999.0 -9999.0 -9999.0 -9999.0 -9999.0 -9999.0 -9999.0 -9999.0 -9999.0 -9999.0 -9999.0 -9999.0 -9999.0 -618.228893 -618.986809 -620.491432 -619.763757 -624.815611 -626.943486 -625.248515 -622.239468 -623.787011 -626.850286 -629.511699 -629.172410 -628.759562 -629.270811 -624.961196 -621.333461 -619.766294 -620.012627 -614.218601 -612.114900 -608.746011 -601.019923 -605.627502 -610.439441 -613.007462 -613.255811 -614.638907 -610.147408 -608.764895 -608.118898 -608.312314 -607.908293 -606.432343 -605.221387 -598.533611 -592.164194 -586.600107
-9999.0 -9999.0 -9999.0 -9999.0 -9999.0 -9999.0 -9999.0 -9999.0 -9999.0 -9999.0 -9999.0 -9999.0 -9999.0 -9999.0 -9999.0 -9999.0 -619.719704 -620.114691 -621.978444 -624.949353 -627.607315 -627.571900 -625.263529 -629.102390 -630.301326 -629.221932 -630.790555 -628.570095 -626.247844 -623.570533 -622.303615 -624.970135 -624.243613 -624.294904 -624.171792 -622.287971 -615.799560 -609.715453 -607.838989 -603.449128 -596.362685 -599.942528 -601.643627 -601.492607 -603.786158 -601.471478 -591.315118 -592.445492 -596.277289 -585.763054 -580.048663 -581.474164 -581.898002 -574.805448 -564.474963 -551.769438
-9999.0 -9999.0 -9999.0 -9999.0 -9999.0 -9999.0 -9999.0 -9999.0 -9999.0 -9999.0 -9999.0 -9999.0 -9999.0 -621.840990 -622.147641 -621.390919 -626.020999 -629.853056 -632.144670 -635.325192 -630.735988 -633.716953 -634.521171 -633.586646 -629.454120 -629.117924 -628.421613 -625.702395 -626.223718 -627.143859 -628.049197 -630.216536 -626.592625 -622.901921 -620.131415 -614.850867 -610.476243 -606.799416 -600.951078 -599.190267 -595.224176 -596.298808 -600.251136 -601.058681 -597.670271 -588.053786 -580.434680 -577.401969 -565.077555 -552.309342 -545.870333 -538.169611 -534.071614 -528.333351 -515.591305 -482.843965
-9999.0 -9999.0 -9999.0 -9999.0 -9999.0 -9999.0 -9999.0 -9999.0 -9999.0 -9999.0 -630.267963 -627.648563 -631.605271 -638.947538 -642.091981 -640.120785 -638.034021 -640.690443 -640.315439 -632.104845 -627.530018 -634.489462 -629.240236 -628.885173 -631.694832 -630.627823 -628.257992 -627.507797 -622.393363 -621.792818 -621.310052 -613.308179 -610.748115 -608.044111 -604.524007 -600.635227 -596.973435 -585.133663 -575.039124 -574.146161 -561.358351 -553.607877 -559.426076 -561.544858 -559.365063 -550.017610 -535.075950 -514.483706 -494.326020 -466.039558 -439.317446 -420.178137 -405.496174 -388.433833 -367.767410 -339.698914
-9999.0 -9999.0 -9999.0 -9999.0 -9999.0 -9999.0 -9999.0 -9999.0 -641.506573 -637.095699 -634.334868 -637.748068 -642.438466 -651.006159 -647.476068 -644.015171 -641.570992 -638.079472 -636.261644 -634.623478 -636.050906 -633.052153 -627.722724 -628.656037 -627.804528 -624.243197 -623.683580 -620.316529 -615.337391 -616.683284 -613.638916 -608.790335 -604.504754 -600.617891 -596.117224 -592.886921 -580.737732 -565.109958 -549.004579 -535.324305 -516.667092 -494.994739 -494.608882 -490.766573 -485.843877 -456.521776 -415.024300 -372.013299 -341.667654 -320.653371 -299.201509 -286.575940 -277.445573 -265.550097 -250.490962 -236.925679
-9999.0 -9999.0 -9999.0 -9999.0 -9999.0 -9999.0 -648.641422 -638.503899 -633.681842 -644.557467 -653.342747 -656.387091 -661.775679 -649.891413 -639.839108 -637.691786 -635.962799 -633.947116 -634.499563 -640.281627 -625.394316 -628.578324 -630.863263 -626.042256 -625.853271 -624.942820 -621.624303 -614.757527 -611.073427 -598.377723 -588.877111 -580.585527 -570.252967 -563.612543 -556.794627 -548.875438 -529.502358 -501.243979 -465.224506 -426.489985 -388.196056 -353.822908 -341.440255 -335.536082 -329.536357 -317.638365 -295.067611 -269.449865 -239.686649 -211.557498 -190.559441 -180.702075 -171.233294 -160.065587 -145.957992 -130.753475
-9999.0 -9999.0 -9999.0 -9999.0 -643.826960 -641.369304 -642.832428 -633.997531 -627.991381 -640.831852 -636.146325 -638.452789 -642.837389 -648.081705 -654.387786 -649.286134 -646.152869 -643.895541 -644.247620 -629.372613 -616.685125 -623.254060 -616.694684 -604.828790 -606.408062 -604.543089 -603.136132 -597.139189 -587.053999 -574.419106 -549.264809 -526.491929 -509.769142 -491.068810 -471.685321 -444.287804 -401.566330 -355.787079 -326.329357 -300.154296 -274.452575 -252.423394 -237.604447 -230.216625 -220.899109 -209.335227 -193.054616 -168.970336 -140.754794 -106.915838 -82.699384 -69.820640 -60.233862 -51.462547 -36.304694 -16.007624
-9999.0 -9999.0 -9999.0 -650.579670 -640.466943 -636.435930 -640.456136 -638.178913 -630.494466 -637.271598 -638.400211 -639.522676 -640.172110 -639.885043 -640.246271 -637.171067 -636.225450 -637.728946 -635.130580 -625.659276 -620.493823 -612.655730 -606.117953 -597.145852 -589.725644 -586.371745 -581.929965 -571.897615 -549.165631 -522.919884 -477.987097 -415.143792 -367.012664 -340.844080 -326.491971 -308.298764 -289.043893 -260.241105 -232.247368 -205.165269 -176.819849 -151.561979 -127.473064 -118.124293 -111.000361 -103.359262 -87.326586 -65.984147 -41.014268 9.287788 35.230543 36.533985 63.621275 55.440632 84.926468 99.875193
-9999.0 -9999.0 -649.457272 -643.523061 -646.870720 -639.352159 -631.078950 -635.455012 -625.874665 -622.528733 -630.860081 -625.497490 -622.539795 -627.546839 -623.622471 -619.220273 -616.799842 -622.899220 -626.892105 -615.993808 -594.275707 -576.684726 -566.545673 -529.593496 -507.916401 -493.839048 -486.253713 -463.782826 -425.181737 -367.208913 -325.768495 -287.253936 -252.858874 -225.258928 -213.303657 -199.031159 -177.294432 -154.318904 -126.516996 -101.136932 -72.296561 -43.939376 -1.480303 14.653237 18.684505 31.488730 48.874352 68.978984 87.631013 106.668362 122.787645 122.603970 124.052339 123.304073 124.992860 125.334675
-9999.0 -9999.0 -656.286077 -646.530415 -652.469536 -637.427187 -623.372211 -634.375629 -629.363904 -615.447430 -618.014989 -615.660576 -616.498430 -615.087613 -608.579159 -597.092213 -601.904112 -603.770310 -615.520251 -585.021091 -558.259314 -515.377093 -440.593996 -373.194558 -337.503381 -330.887735 -327.131149 -314.858266 -294.811731 -256.020469 -209.692919 -160.633887 -120.051223 -93.135520 -79.819968 -65.821838 -43.543290 -1.490335 13.538850 24.930673 59.678947 75.322543 101.158009 117.976478 123.867858 124.524124 123.356522 124.472700 124.532895 125.127879 124.073534 121.089425 119.281036 120.642542 121.618543 117.315488
-9999.0 -659.441725 -654.267899 -653.459352 -643.449155 -645.353980 -632.870400 -615.978048 -614.509362 -607.567494 -606.026427 -612.763053 -583.506231 -558.997630 -549.656099 -530.085467 -537.042324 -542.662059 -554.426543 -526.047117 -474.776996 -367.728558 -275.056311 -224.616723 -193.241614 -187.947356 -190.623048 -177.267889 -152.905138 -116.479844 -59.079779 4.482104 42.742079 69.739779 78.326917 80.213795 93.010363 109.618183 124.253612 126.132078 128.231619 128.391329 125.224034 125.178469 125.765057 125.092128 122.286065 116.094218 108.643963 102.618835 93.106724 90.888185 78.529983 95.917098 98.054204 91.799232
-9999.0 -674.717648 -655.143946 -643.949154 -647.259818 -653.837362 -626.903511 -589.337520 -597.580249 -598.884678 -598.113280 -575.264391 -513.405260 -456.062356 -414.195321 -372.930995 -374.739981 -388.557149 -386.643743 -349.997118 -305.452070 -238.557949 -132.074626 -51.970586 -15.064222 -3.744590 4.136780 24.124492 49.177327 70.890230 89.953185 112.024772 116.076152 116.924064 117.384902 117.460465 117.619068 117.941786 114.558473 111.145440 106.964010 107.032222 110.498938 110.243270 107.761978 104.625366 97.413475 88.771408 81.881298 69.824925 47.221869 38.964498 33.756073 35.811065 32.623580 26.945305
-9999.0 -659.692080 -638.553917 -643.334824 -659.984148 -634.158098 -621.429833 -592.826884 -570.918306 -571.965089 -543.209459 -458.677143 -362.921148 -308.211690 -274.368845 -253.986838 -241.253559 -241.976621 -221.926621 -176.101514 -105.777300 -4.418121 41.356456 91.686644 100.800934 101.798417 100.797203 101.548578 102.345351 102.701725 103.151361 101.884634 106.620719 108.799149 107.560785 104.383424 98.027395 89.976398 84.568007 81.498466 77.908007 77.813062 81.094976 81.509961 78.676350 71.936346 44.038968 31.938595 22.730578 12.147059 2.483878 -4.554893 -8.542903 -13.011887 -17.730095 -23.588390
-9999.0 -687.132336 -654.768881 -680.967668 -644.793993 -614.827914 -614.650502 -570.919073 -521.878198 -499.541118 -393.181980 -318.941847 -252.575119 -206.739566 -172.004079 -134.220452 -108.254459 -81.579665 -47.052999 -11.549392 78.415195 103.949463 107.706527 109.383133 102.090905 102.053709 92.247568 72.577167 62.245710 55.643677 57.218610 61.331708 71.043252 77.213657 74.767384 71.879338 45.591167 35.882019 30.667789 22.531865 15.109716 10.151655 9.436353 14.583037 8.587520 2.304805 -9.621081 -20.673183 -31.173503 -41.030053 -50.649811 -58.865341 -62.773202 -68.685432 -70.114861 -76.736281
-9999.0 -708.340327 -683.783205 -667.151801 -636.490946 -614.875268 -593.434331 -547.937781 -454.898136 -364.572743 -299.201182 -264.803489 -212.909660 -156.216676 -99.437447 -68.637076 -52.005623 -45.079646 -35.438287 -24.370703 -23.033767 17.834948 34.719145 55.616540 61.637440 61.878312 23.365680 5.076460 -3.438761 -4.667011 -5.245734 -5.079999 -4.299289 -5.436824 -9.453600 -11.037700 -13.838293 -22.306360 -30.589154 -37.854407 -44.119809 -51.335300 -56.297316 -58.924759 -61.790999 -63.649087 -72.800318 -84.231923 -95.261831 -103.948262 -112.484443 -119.145057 -121.514574 -125.810871 -131.221590 -140.564582
-9999.0 -761.338251 -676.051697 -667.487662 -648.971755 -642.385504 -635.140388 -596.737242 -539.478174 -377.579106 -246.350345 -228.841510 -210.713709 -177.563307 -123.601074 -74.393663 -68.541236 -95.861463 -115.842693 -122.682868 -112.234864 -90.749411 -71.707689 -49.687653 -35.120849 -29.686158 -37.613192 -49.643262 -63.754500 -70.896197 -74.230247 -80.947386 -86.075271 -86.529708 -89.131190 -85.959829 -84.931608 -95.047454 -107.096293 -120.651011 -132.300810 -140.830231 -143.775501 -143.394640 -144.276106 -147.552408 -154.981896 -164.678468 -176.205047 -186.468681 -194.367040 -199.803656 -205.101800 -212.183080 -219.997329 -228.342454
-9999.0 -9999.0 -712.478685 -667.357169 -662.216021 -655.564804 -649.126254 -619.116903 -585.740192 -489.458921 -380.036628 -324.749715 -291.943415 -259.205660 -214.095724 -175.933230 -170.347882 -164.195738 -186.819810 -185.590887 -179.047538 -170.645444 -158.386306 -144.833898 -132.678275 -125.894806 -123.540091 -126.652997 -135.874200 -149.434746 -164.371065 -175.593286 -182.706107 -187.852752 -181.907797 -173.164342 -175.074229 -181.386366 -191.487215 -204.399848 -214.998289 -225.484908 -228.065482 -227.061136 -227.085107 -229.679603 -234.318317 -245.050675 -256.167399 -267.443017 -272.980449 -278.308927 -283.420445 -292.179018 -300.959151 -310.364447
-9999.0 -9999.0 -771.334984 -690.216288 -661.303524 -642.407810 -644.783878 -641.500360 -601.364101 -579.607117 -547.141103 -499.804543 -447.127352 -387.635637 -351.947158 -320.126813 -306.073435 -299.628304 -298.831547 -290.682378 -275.109288 -259.136995 -247.643440 -236.919572 -226.844471 -218.787759 -212.019606 -220.592200 -229.287085 -242.216373 -258.536189 -276.554586 -286.264884 -291.449348 -288.249087 -282.409648 -286.359734 -294.181374 -304.668509 -316.297207 -324.699234 -332.535441 -334.643138 -335.438050 -335.592638 -337.353436 -340.055549 -348.496908 -361.502450 -373.127888 -383.288448 -392.430007 -398.398899 -410.035466 -424.857667 -436.762168
