tests/Borden05m/data_simulated/sim_1/output-maps/psiliqL0003N0012.asc
ncols         160
nrows         34
xllcorner     620200.000000
yllcorner     5168000.000000
cellsize      0.500000
NODATA_value  -9999.0
[rows 0 to 24 of 34, columns 56 to 111 of 160]
-9999.0 -9999.0 -9999.0 -9999.0 -9999.0 -9999.0 -9999.0 -9999.0 -9999.0 -9999.0 -9999.0 -9999.0 -9999.0 -9999.0 -9999.0 -9999.0 -9999.0 -9999.0 -9999.0 -9999.0 -9999.0 -9999.0 -9999.0 -9999.0 -9999.0 -9999.0 -9999.0 -9999.0 -9999.0 -9999.0 -9999.0 -9999.0 -9999.0 -9999.0 -9999.0 -9999.0 -9999.0 -9999.0 -9999.0 -9999.0 -9999.0 -9999.0 -9999.0 -9999.0 -9999.0 -9999.0 -9999.0 -9999.0 -9999.0 -9999.0 -9999.0 -9999.0 -9999.0 -9999.0 -9999.0 -9999.0
-9999.0 -9999.0 -9999.0 -547.460407 -548.917110 -549.918112 -550.470238 -552.516786 -554.104037 -555.980681 -556.267735 -556.043580 -556.384781 -557.150382 -556.149607 -554.850477 -553.744930 -552.199616 -552.508103 -552.328259 -551.738117 -551.579329 -551.846754 -552.559047 -553.018706 -553.561234 -552.799335 -554.945739 -557.767205 -559.931848 -560.368352 -558.506994 -557.408502 -557.620480 -556.602646 -554.374706 -552.482734 -551.857841 -549.580089 -549.920196 -549.015383 -547.539157 -548.729116 -549.007607 -548.830056 -548.401299 -551.578773 -9999.0 -9999.0 -9999.0 -9999.0 -9999.0 -9999.0 -9999.0 -9999.0 -9999.0
-553.593068 -549.403262 -549.692599 -555.758369 -556.346674 -556.463042 -556.168092 -557.016140 -559.259909 -559.813523 -561.487373 -562.210488 -562.402397 -563.076650 -562.550381 -559.770265 -557.812830 -557.258992 -557.675251 -557.881086 -558.493511 -558.921351 -558.784301 -559.467418 -560.098254 -560.768334 -560.570447 -558.831923 -560.903125 -561.950373 -562.978646 -564.077761 -563.665257 -563.322493 -563.175938 -560.567669 -559.563381 -558.862215 -555.353485 -552.107836 -551.260908 -552.575773 -554.006146 -553.645945 -553.777867 -555.118440 -556.408695 -556.404471 -557.013384 -557.277749 -558.520304 -556.633045 -556.632379 -554.529163 -552.773869 -550.705675
-559.156925 -554.320398 -554.648927 -559.252658 -562.022502 -562.881653 -562.264677 -560.298493 -561.058044 -562.693314 -565.192759 -562.398766 -562.780377 -563.041637 -562.543483 -561.639003 -561.268362 -560.842222 -560.192470 -557.716324 -557.903110 -558.121609 -557.996060 -558.427085 -559.221828 -559.154464 -559.587154 -561.658958 -561.337003 -560.836464 -561.293042 -559.256529 -559.139847 -557.976860 -561.570222 -560.975823 -560.107799 -559.489888 -559.055215 -558.520219 -557.787721 -559.355930 -558.241197 -559.496891 -562.293956 -562.979230 -562.737298 -560.438227 -559.280550 -560.680156 -565.660185 -563.015473 -557.501685 -557.917683 -558.795390 -556.128626
-562.303726 -561.304698 -561.939530 -563.876610 -561.994026 -560.474571 -559.510451 -560.381871 -562.159093 -564.312627 -559.880801 -558.068333 -559.053211 -558.553469 -557.277261 -557.230990 -562.733896 -564.176388 -562.036959 -559.784837 -558.842147 -559.838496 -560.325968 -561.272721 -561.264190 -560.681395 -561.264113 -560.424321 -559.697405 -560.646935 -559.258819 -557.661237 -556.140923 -559.562676 -562.699998 -562.502075 -559.904897 -558.014793 -557.049988 -554.364371 -550.193394 -550.881409 -551.831602 -552.308424 -552.833463 -557.778692 -562.282677 -564.080650 -564.877670 -566.216062 -565.131583 -566.101482 -561.672026 -562.015269 -562.709534 -560.608445
-566.239053 -560.798882 -559.483947 -562.480357 -564.090500 -564.796845 -564.318591 -564.918507 -564.848053 -560.943559 -558.800850 -555.177785 -556.514344 -556.410811 -556.564737 -560.275820 -563.128927 -565.048289 -559.368930 -554.834682 -553.363803 -554.578446 -555.623849 -551.655672 -552.824456 -553.332799 -555.721267 -554.876962 -555.252075 -551.044761 -549.400590 -547.165474 -548.028089 -552.231322 -555.793063 -555.985771 -555.589334 -555.979758 -554.956184 -552.270318 -548.906299 -551.360340 -552.458364 -552.282677 -559.737167 -565.587705 -567.604457 -563.526935 -561.192397 -561.614386 -561.219470 -561.011438 -563.930382 -563.222846 -562.913571 -564.296841
-555.556917 -552.477805 -547.470772 -550.893096 -553.321641 -557.622580 -557.154917 -556.656044 -555.195486 -553.126756 -549.236256 -541.761112 -543.277845 -542.834195 -540.426804 -544.518737 -548.367554 -554.119362 -547.653796 -546.136692 -544.032649 -544.364509 -539.525677 -535.185763 -537.859264 -541.546466 -545.978464 -543.315095 -537.554320 -532.110993 -530.811678 -530.164115 -529.232796 -533.120457 -534.177804 -534.983014 -534.570184 -537.109733 -536.941771 -532.865611 -525.894653 -525.127591 -528.490630 -535.201473 -545.471546 -554.781878 -559.780076 -554.004362 -555.696042 -556.495385 -555.540722 -559.150038 -561.237985 -558.158839 -560.903342 -563.021643
-552.638396 -549.611949 -543.893080 -546.369614 -550.870831 -555.719788 -555.668316 -552.823693 -551.370384 -545.836627 -538.025402 -528.953372 -523.824756 -519.133651 -513.841789 -517.923385 -522.403384 -527.460215 -526.389213 -520.465689 -514.464795 -507.308864 -498.940617 -489.724265 -491.964875 -496.640738 -497.092495 -495.051023 -485.262318 -475.780651 -471.674492 -468.897606 -463.506173 -467.136690 -473.625914 -480.853763 -487.841159 -493.876269 -498.573153 -490.458163 -481.400217 -483.130395 -499.813033 -513.234761 -527.049104 -539.476216 -552.164683 -551.897296 -549.711378 -547.676981 -552.242234 -554.485423 -558.621424 -559.475916 -559.087203 -563.637894
-526.593240 -519.491580 -511.113363 -507.493114 -515.308548 -516.536534 -513.766237 -507.908304 -505.648885 -498.490487 -477.627199 -441.138206 -402.191152 -374.731111 -370.271947 -378.144873 -390.392303 -410.703523 -421.809199 -405.200541 -387.080822 -372.742270 -364.533880 -358.221361 -353.813623 -354.155851 -354.102712 -352.895699 -351.459883 -348.503797 -344.864045 -341.069197 -336.536734 -335.028178 -340.515957 -345.747349 -351.343801 -356.403370 -357.642727 -359.166540 -356.027627 -356.517044 -368.193505 -392.490257 -434.139216 -472.097378 -495.394389 -511.092060 -511.155587 -518.079214 -523.834838 -530.224698 -543.651959 -547.350000 -549.469204 -560.327693
-472.218138 -441.803791 -417.707390 -395.033778 -391.362306 -386.673033 -382.455153 -375.927279 -370.402634 -366.149001 -348.701791 -324.795382 -298.489451 -275.991042 -267.476536 -275.527668 -284.771596 -295.307398 -303.937080 -303.031910 -291.587662 -277.879400 -265.008919 -256.811039 -253.919198 -255.342582 -255.169275 -254.455164 -252.105870 -250.793575 -247.653028 -242.358454 -233.334553 -221.662731 -223.796269 -237.952576 -249.135560 -262.466214 -268.442079 -271.618860 -276.757262 -277.482673 -277.920140 -297.957142 -319.757910 -342.289910 -361.715542 -376.910562 -405.517128 -435.180686 -457.961828 -489.659171 -513.260482 -530.490466 -542.227872 -553.204648
-350.714388 -330.968257 -310.267369 -296.622575 -290.540291 -287.200548 -283.546766 -277.437530 -272.167345 -265.319814 -250.736840 -220.801555 -186.261903 -153.812220 -146.856383 -153.817895 -163.582330 -174.682164 -182.513068 -184.378929 -180.931805 -172.738076 -161.914325 -150.337202 -141.323807 -140.743582 -138.107394 -140.667406 -138.990251 -135.565843 -135.471175 -130.426045 -122.088605 -113.255654 -111.573708 -121.802527 -134.399409 -151.078552 -162.038008 -175.448234 -183.989310 -186.169525 -186.366118 -187.386400 -206.196646 -235.086391 -271.383011 -295.810194 -315.428867 -327.540161 -339.055272 -348.288727 -370.174643 -388.436669 -431.384093 -471.732785
-265.611037 -242.188358 -216.101477 -196.425681 -183.930313 -177.592697 -170.302011 -162.761566 -155.869659 -144.231796 -131.641658 -114.717661 -83.669899 -27.241906 -8.936209 -10.426974 -19.902604 -33.474126 -35.949858 -36.148855 -57.975790 -32.092768 -50.099943 -16.017790 -29.642169 -24.874175 1.937989 -26.414657 -24.483981 2.536860 2.626020 2.979760 4.304383 9.389829 10.925615 -14.542268 -3.635891 -20.002262 -37.566769 -77.317536 -88.164262 -93.578537 -95.258844 -98.059496 -107.293138 -130.960460 -166.533468 -200.630532 -225.203332 -242.386890 -254.516369 -262.538756 -268.847079 -281.455432 -304.552931 -334.146200
-165.978361 -145.862025 -124.311891 -97.994739 -77.085570 -57.174958 -29.752242 -24.832460 -14.974039 -1.077867 -10.767924 -1.026700 34.513189 53.204327 62.283224 67.914216 69.037800 69.853089 71.638574 71.969047 70.301276 71.636423 71.468003 72.208350 74.161057 74.576889 75.287543 74.301795 74.873346 75.635778 75.629992 75.831219 73.640528 73.723096 73.918404 72.698601 71.212123 64.111795 49.850746 38.212315 31.206378 24.337431 16.077001 7.332524 -1.131703 -14.338315 -66.783176 -103.012556 -134.966825 -153.624691 -162.518890 -168.194148 -172.793529 -185.616762 -204.491792 -228.586598
-29.823954 -18.122670 -23.032431 18.579804 34.683660 45.496118 52.077761 56.249734 65.799488 75.560738 76.720290 76.722051 77.589304 78.422899 78.337987 77.414911 77.986912 75.991428 76.000633 74.528153 69.354920 60.767030 61.766140 63.055878 65.035291 68.570650 67.075114 67.914533 70.816556 69.412182 64.291635 60.941424 59.370122 59.305989 65.747805 68.695161 69.340314 69.937248 69.132944 69.036404 68.847031 68.810576 68.612275 68.550267 64.012452 55.931521 36.590286 10.234227 -18.523050 -64.283389 -77.481874 -77.902651 -81.815149 -88.288815 -107.870880 -137.484896
58.480356 68.863154 78.067433 78.418282 79.417849 78.826978 80.814045 82.334245 81.164778 77.955250 75.159528 70.443641 69.382909 67.981285 65.683893 66.759163 64.578413 60.919284 58.027209 53.154464 41.829240 30.093000 27.902066 32.583145 36.983367 41.028796 43.507613 47.978338 49.791976 45.677776 36.745080 29.857110 27.719581 33.516055 38.356329 42.860418 45.028148 42.003928 40.204240 40.845269 39.095417 40.104906 46.843002 58.563704 66.146129 66.209782 66.132437 65.594711 65.076856 44.324762 25.818340 28.106895 24.318536 13.915830 -8.054665 -57.204566
72.565537 72.862627 70.626309 65.111987 59.764283 59.219248 62.682341 69.013485 71.002895 64.345705 57.147858 51.116120 43.612165 41.026410 39.470010 38.942959 38.753950 33.696063 27.292888 12.914577 -27.909193 -45.000731 -52.843649 -54.018956 -47.528515 -37.255218 -24.282535 7.529372 4.731889 -24.789502 -44.203297 -54.431964 -55.276561 -52.917601 -45.154647 -33.191196 -26.683135 -30.281097 -34.679173 -37.067709 -40.568078 -36.977526 -8.861838 13.632781 27.224652 38.813721 46.569906 53.125930 58.581979 65.340563 65.249487 65.192341 65.103814 61.098329 48.513867 30.292056
59.046590 53.281469 48.644595 40.986110 34.964379 33.523284 36.221870 39.642466 37.963612 31.508954 22.098028 10.848385 -27.185960 -38.419989 -39.827428 -38.983387 -39.090621 -45.131515 -59.111177 -77.346625 -96.136326 -112.271960 -117.121086 -121.218761 -122.278140 -110.318907 -92.870101 -82.302044 -92.764012 -105.500672 -121.409121 -130.376742 -133.494709 -132.229018 -123.654298 -106.736233 -91.118770 -91.410832 -99.998592 -107.626396 -110.719455 -109.835972 -97.070239 -75.433067 -55.058757 -38.056551 -12.319579 4.965940 13.242581 22.066951 32.127454 43.536662 53.722740 64.154437 64.569613 64.451151
34.089205 26.486247 16.593965 -15.994274 -27.477306 -33.481440 -36.675514 -38.964871 -44.370435 -50.768047 -60.565481 -73.461379 -89.919063 -105.154577 -109.551445 -112.182111 -110.745584 -121.764933 -133.444071 -153.113657 -168.839402 -183.750277 -191.208141 -195.945799 -200.010502 -191.453846 -174.636327 -164.343042 -178.857899 -189.243281 -203.160592 -210.243035 -213.585653 -212.781418 -204.408777 -183.300574 -166.476090 -161.742500 -169.970797 -176.879888 -179.569957 -178.929170 -172.205862 -155.094069 -134.178897 -113.466140 -96.138158 -84.490898 -75.545736 -64.695402 -49.509337 -31.385686 6.994580 23.281106 40.147979 53.325129
-32.193617 -43.903514 -55.675595 -71.491649 -84.662736 -91.901307 -92.406602 -99.451382 -105.500818 -114.685484 -152.891834 -167.400942 -183.933981 -197.732036 -202.678038 -209.694794 -213.136564 -222.349950 -229.307052 -239.917683 -253.299748 -266.496933 -277.371166 -280.106840 -282.575520 -284.902367 -276.000304 -272.174448 -274.998595 -281.086964 -287.565963 -291.048455 -293.111507 -290.117248 -280.083604 -270.346661 -261.160510 -257.529462 -262.945931 -258.994818 -254.097595 -253.846882 -240.263938 -227.271005 -210.727179 -190.603954 -169.298983 -157.826129 -148.695722 -137.780487 -121.893271 -103.343634 -81.489723 -57.176910 -29.338733 10.916689
-85.167177 -99.153192 -113.666482 -127.388473 -140.401066 -152.103647 -152.268622 -156.225353 -161.816803 -190.703417 -228.046337 -253.962522 -267.840611 -283.361612 -290.610618 -298.421429 -316.567987 -327.418715 -333.487450 -332.460817 -340.178463 -350.437817 -358.210698 -361.246768 -363.148568 -368.227349 -370.125969 -368.106466 -363.307081 -367.702407 -370.632806 -369.684811 -371.236705 -371.668521 -366.100479 -358.497503 -354.347188 -349.935785 -345.557892 -342.820947 -337.935233 -320.037095 -308.096526 -297.050754 -282.113353 -264.900762 -245.899924 -229.992177 -219.407541 -207.091815 -189.720144 -173.562410 -152.461867 -128.287803 -99.007081 -76.108245
-150.157664 -167.368437 -182.027426 -196.600860 -211.462545 -230.507318 -232.786602 -239.270755 -248.601839 -280.732859 -311.585975 -336.105401 -350.140003 -363.435425 -372.651634 -395.332159 -435.096022 -457.169116 -457.191503 -452.058515 -458.097628 -472.751194 -483.830378 -490.853188 -497.546473 -506.133458 -510.989616 -506.385526 -501.524042 -501.912260 -502.384662 -500.804574 -501.070541 -501.527061 -500.776234 -491.918763 -485.468485 -478.331157 -472.112816 -466.516691 -440.087132 -406.320953 -381.078307 -363.713889 -350.663399 -334.165173 -314.758624 -298.999645 -288.051234 -274.039749 -258.356738 -241.081837 -222.365478 -198.847934 -170.620857 -147.549600
-212.757688 -235.151983 -252.883457 -270.598434 -296.128511 -308.047488 -316.050488 -323.174202 -342.832834 -366.553914 -399.547769 -444.738260 -471.542944 -489.538036 -503.660085 -517.413490 -528.511846 -535.149296 -531.042021 -528.826835 -525.094360 -530.933028 -535.570975 -536.691090 -540.944907 -544.707499 -549.693765 -545.741670 -543.908972 -539.180416 -539.607965 -539.478155 -537.376122 -538.398407 -538.759207 -541.715895 -538.377435 -536.393847 -533.966505 -525.280069 -516.507200 -506.475404 -496.183721 -482.098633 -461.344441 -428.357827 -388.194945 -363.315688 -349.869377 -335.513468 -317.991087 -302.661179 -288.188360 -270.409465 -247.758140 -226.915726
-291.463821 -307.244046 -324.909153 -347.750457 -373.504603 -403.547403 -419.507558 -452.428175 -478.841535 -505.714096 -519.518274 -526.773691 -533.928386 -539.119929 -543.088190 -549.393706 -553.761320 -560.392005 -557.798846 -554.228070 -549.128787 -553.226377 -553.823974 -552.953792 -555.421315 -558.048221 -562.335473 -561.642599 -558.169460 -554.039027 -554.187395 -553.345923 -550.994363 -550.937987 -552.829940 -556.620641 -555.690681 -553.221217 -550.818319 -546.076700 -541.549998 -536.975014 -532.836416 -526.814931 -519.299455 -510.311290 -496.962320 -477.564671 -458.258183 -424.215988 -383.098236 -361.654858 -351.738627 -339.855540 -319.389798 -303.186940
-360.995686 -376.741710 -410.840166 -461.416854 -494.842300 -517.292857 -528.522964 -537.760449 -545.915261 -548.964854 -551.835508 -554.951304 -557.530753 -560.324223 -562.815155 -564.829942 -568.084032 -574.560398 -571.788599 -567.998584 -563.757272 -563.572861 -564.010107 -563.644184 -564.614488 -567.554946 -572.724291 -570.483461 -567.293679 -564.423632 -563.513286 -562.956696 -561.190331 -562.463605 -565.115988 -568.884896 -567.256372 -564.325608 -562.703834 -560.627783 -557.523092 -554.213347 -550.880569 -546.954400 -542.879167 -537.300718 -530.796064 -523.056935 -514.116695 -503.238331 -487.730020 -475.861390 -460.735649 -441.593516 -407.894021 -376.878078
-484.384861 -500.702506 -513.690189 -525.936648 -538.212829 -544.409865 -549.794703 -554.281929 -558.868650 -561.665947 -563.744321 -562.582097 -563.526460 -566.472048 -566.279783 -567.822487 -572.977859 -571.006815 -569.504603 -565.287881 -566.091788 -566.317665 -567.313404 -566.616277 -567.267273 -572.290787 -569.658011 -568.549750 -565.603715 -565.077645 -564.443270 -563.968569 -563.436777 -564.018902 -567.573832 -566.801745 -565.852289 -563.162596 -563.074379 -561.970938 -558.849076 -557.878033 -555.925482 -553.128549 -550.107001 -546.456899 -541.952941 -535.655998 -529.121870 -522.792112 -520.635262 -516.130457 -512.211778 -515.031898 -506.124261 -495.476996
