tests/Borden05m/data_simulated/sim_1/output-maps/psiliqL0008N0003.asc
ncols         160
nrows         34
xllcorner     620200.000000
yllcorner     5168000.000000
cellsize      0.500000
NODATA_value  -9999.0
[rows 0 to 24 of 34, columns 0 to 56 of 160]
-9999.0 -9999.0 -9999.0 -9999.0 -9999.0 -9999.0 -9999.0 -9999.0 -9999.0 -9999.0 -9999.0 -9999.0 -9999.0 -9999.0 -9999.0 -9999.0 -9999.0 -9999.0 -9999.0 -9999.0 -9999.0 -9999.0 -9999.0 -9999.0 -9999.0 -9999.0 -9999.0 -9999.0 -9999.0 -9999.0 -9999.0 -9999.0 -9999.0 -9999.0 -9999.0 -9999.0 -9999.0 -9999.0 -9999.0 -9999.0 -9999.0 -9999.0 -9999.0 -9999.0 -9999.0 -9999.0 -9999.0 -9999.0 -9999.0 -9999.0 -9999.0 -9999.0 -9999.0 -9999.0 -9999.0 -9999.0 -9999.0
-9999.0 -9999.0 -9999.0 -9999.0 -9999.0 -9999.0 -9999.0 -9999.0 -9999.0 -9999.0 -9999.0 -9999.0 -9999.0 -9999.0 -9999.0 -9999.0 -9999.0 -9999.0 -9999.0 -9999.0 -9999.0 -9999.0 -9999.0 -9999.0 -9999.0 -9999.0 -9999.0 -9999.0 -9999.0 -9999.0 -9999.0 -9999.0 -9999.0 -9999.0 -9999.0 -9999.0 -9999.0 -9999.0 -9999.0 -9999.0 -9999.0 -9999.0 -9999.0 -9999.0 -9999.0 -9999.0 -9999.0 -9999.0 -9999.0 -9999.0 -9999.0 -9999.0 -9999.0 -9999.0 -9999.0 -9999.0 -9999.0
-9999.0 -9999.0 -9999.0 -9999.0 -9999.0 -9999.0 -9999.0 -9999.0 -9999.0 -9999.0 -9999.0 -9999.0 -9999.0 -9999.0 -9999.0 -9999.0 -9999.0 -9999.0 -9999.0 -9999.0 -9999.0 -9999.0 -9999.0 -9999.0 -9999.0 -9999.0 -9999.0 -9999.0 -9999.0 -9999.0 -9999.0 -9999.0 -9999.0 -9999.0 -9999.0 -9999.0 -9999.0 -9999.0 -9999.0 -9999.0 -9999.0 -9999.0 -9999.0 -9999.0 -9999.0 -9999.0 -9999.0 -321.584342 -339.231142 -356.249717 -358.072709 -335.416305 -312.356276 -289.003466 -268.823291 -250.442269 -231.690728
-9999.0 -9999.0 -9999.0 -9999.0 -9999.0 -9999.0 -9999.0 -9999.0 -9999.0 -9999.0 -9999.0 -9999.0 -9999.0 -9999.0 -9999.0 -9999.0 -9999.0 -9999.0 -9999.0 -9999.0 -9999.0 -9999.0 -9999.0 -9999.0 -9999.0 -9999.0 -9999.0 -9999.0 -9999.0 -9999.0 -9999.0 -9999.0 -9999.0 -9999.0 -9999.0 -9999.0 -9999.0 -9999.0 -9999.0 -9999.0 -273.734952 -267.975530 -266.468956 -277.597305 -289.162160 -301.137189 -321.195368 -339.196431 -355.046356 -358.181847 -355.885287 -350.384505 -327.543788 -303.659662 -284.550282 -267.416240 -248.556437
-9999.0 -9999.0 -9999.0 -9999.0 -9999.0 -9999.0 -9999.0 -9999.0 -9999.0 -9999.0 -9999.0 -9999.0 -9999.0 -9999.0 -9999.0 -9999.0 -9999.0 -9999.0 -9999.0 -9999.0 -9999.0 -9999.0 -9999.0 -9999.0 -9999.0 -9999.0 -9999.0 -9999.0 -9999.0 -9999.0 -9999.0 -9999.0 -9999.0 -9999.0 -364.855717 -347.423241 -329.607085 -311.645663 -295.382905 -289.065887 -283.313448 -277.654398 -281.905324 -287.038263 -298.670553 -317.484820 -337.521893 -352.120397 -355.106944 -358.074201 -354.017304 -341.197069 -324.945179 -308.872525 -288.298594 -265.586664 -256.822179
-9999.0 -9999.0 -9999.0 -9999.0 -9999.0 -9999.0 -9999.0 -9999.0 -9999.0 -9999.0 -9999.0 -9999.0 -9999.0 -9999.0 -9999.0 -9999.0 -9999.0 -9999.0 -9999.0 -9999.0 -9999.0 -9999.0 -9999.0 -9999.0 -9999.0 -9999.0 -9999.0 -9999.0 -359.246369 -365.363936 -370.847546 -372.699602 -374.364120 -375.941278 -369.239234 -357.138745 -339.111260 -318.031537 -305.665189 -298.902686 -292.722875 -292.239937 -297.388185 -299.986145 -300.203569 -312.269330 -324.292625 -335.586027 -346.487059 -348.054426 -338.903334 -325.558921 -310.068398 -295.828192 -281.052892 -268.306741 -253.380760
-9999.0 -9999.0 -9999.0 -9999.0 -9999.0 -9999.0 -9999.0 -9999.0 -9999.0 -9999.0 -9999.0 -9999.0 -9999.0 -9999.0 -9999.0 -9999.0 -9999.0 -9999.0 -9999.0 -9999.0 -9999.0 -9999.0 -9999.0 -387.633702 -381.682042 -375.474014 -368.464423 -367.916602 -372.544317 -378.577213 -382.173889 -384.175823 -386.154639 -382.218305 -374.167142 -360.858104 -345.368348 -324.248418 -316.132376 -309.863124 -297.773485 -296.082149 -291.912367 -288.399312 -290.751865 -293.875597 -306.281249 -315.554851 -310.126922 -304.366982 -298.567694 -291.745658 -279.345596 -264.204154 -246.942354 -226.823059 -205.729032
-9999.0 -9999.0 -9999.0 -9999.0 -9999.0 -9999.0 -9999.0 -9999.0 -9999.0 -9999.0 -9999.0 -9999.0 -9999.0 -9999.0 -9999.0 -9999.0 -9999.0 -9999.0 -9999.0 -411.844301 -411.230695 -410.538976 -406.284126 -405.536800 -403.572558 -396.896078 -389.128020 -387.485985 -389.441011 -391.579332 -390.504596 -388.337818 -384.700834 -373.667802 -360.313417 -346.693159 -333.034204 -312.693687 -298.450747 -284.937558 -269.230865 -271.310949 -276.482257 -279.352613 -279.562348 -279.501204 -273.734665 -270.437936 -265.321480 -259.905648 -253.425614 -245.237638 -235.240180 -217.429398 -197.813395 -178.141639 -159.495998
-9999.0 -9999.0 -9999.0 -9999.0 -9999.0 -9999.0 -9999.0 -9999.0 -9999.0 -9999.0 -9999.0 -9999.0 -9999.0 -9999.0 -9999.0 -9999.0 -439.604341 -437.967724 -436.185279 -431.155555 -429.063106 -425.491472 -419.038734 -418.410998 -414.955601 -408.308989 -403.765969 -395.785284 -388.500546 -381.688930 -376.319388 -374.221813 -367.040717 -357.956342 -346.637626 -331.498426 -310.071567 -287.970908 -272.269104 -256.223318 -240.085682 -240.532304 -242.461335 -242.072057 -241.875756 -234.312972 -216.521206 -210.849399 -207.870064 -189.375658 -175.619551 -170.851875 -164.323455 -147.035255 -123.938008 -97.973348 -66.309821
-9999.0 -9999.0 -9999.0 -9999.0 -9999.0 -9999.0 -9999.0 -9999.0 -9999.0 -9999.0 -9999.0 -9999.0 -9999.0 -483.142377 -479.198982 -470.402385 -462.721116 -460.901270 -457.450191 -452.248549 -440.557924 -437.535813 -431.808713 -424.678131 -413.878867 -405.952816 -397.286774 -386.105946 -378.236946 -371.666258 -365.180409 -359.112621 -345.936030 -331.087425 -315.682639 -295.942853 -274.974882 -254.496039 -234.057692 -219.827355 -206.353739 -203.462870 -206.080962 -205.136041 -197.437377 -179.526199 -160.802019 -148.570503 -126.941169 -103.274340 -88.942855 -76.011441 -67.194656 -55.057501 -34.583290 2.137095 40.462687
-9999.0 -9999.0 -9999.0 -9999.0 -9999.0 -9999.0 -9999.0 -9999.0 -9999.0 -9999.0 -518.010907 -515.555684 -519.255247 -518.636981 -514.422303 -503.020629 -490.386186 -483.906140 -473.276633 -453.375698 -436.925653 -434.026274 -419.759283 -410.472812 -404.578576 -394.508096 -382.022104 -369.645537 -352.910861 -340.891997 -328.793282 -308.538686 -292.710517 -277.028207 -260.115616 -241.217279 -220.931172 -191.471667 -164.853660 -151.319953 -127.598943 -113.749110 -117.499838 -117.887198 -110.356833 -92.520995 -68.062085 -40.129015 -15.441347 13.519104 36.046672 51.885886 63.833100 78.051409 96.402954 133.592125 181.084367
-9999.0 -9999.0 -9999.0 -9999.0 -9999.0 -9999.0 -9999.0 -9999.0 -541.566490 -535.018523 -528.947374 -532.267770 -537.344024 -540.845237 -528.385915 -513.106403 -497.755371 -481.447854 -466.164177 -449.066696 -434.113525 -418.179227 -399.686964 -388.596148 -377.451142 -363.021891 -350.050542 -332.709383 -312.003501 -297.814044 -279.245801 -258.050598 -239.274446 -222.123657 -204.655876 -187.255330 -159.227423 -125.398161 -93.022778 -67.810507 -39.512916 -13.960639 -12.810303 -8.612662 -2.492927 25.633717 58.823276 94.416919 130.467467 168.917730 205.874108 227.501691 241.875564 259.558898 283.657671 314.568195 359.091665
-9999.0 -9999.0 -9999.0 -9999.0 -9999.0 -9999.0 -566.667323 -542.868762 -528.492143 -536.559740 -544.771802 -548.369889 -552.132273 -533.885653 -513.225092 -497.092373 -481.151308 -464.619429 -449.148607 -435.031001 -400.533971 -385.214705 -371.064153 -351.920309 -338.787589 -325.582988 -308.907278 -285.803172 -263.125954 -230.808067 -201.389595 -175.098127 -149.184078 -129.885016 -111.730230 -92.598114 -60.523276 -22.276226 16.028103 48.674995 79.341172 112.076101 125.602056 136.513229 151.168512 176.024086 213.365454 255.535998 311.424980 365.577467 400.944949 416.369280 428.260873 441.478276 458.726484 478.849449 501.569390
-9999.0 -9999.0 -9999.0 -9999.0 -599.529570 -578.851867 -558.546560 -528.078962 -505.902875 -511.754732 -504.801274 -504.629646 -506.309541 -504.536714 -499.604100 -482.500934 -465.722254 -448.864438 -430.931798 -393.739624 -353.161792 -337.332906 -311.046301 -279.406221 -266.142472 -252.059252 -237.403947 -215.005817 -185.966821 -151.158449 -103.956205 -63.627179 -36.370106 -12.031550 9.831878 34.146607 68.235910 109.430424 154.208733 199.130786 239.651581 274.885266 300.823928 322.375680 350.756195 376.411977 402.477433 434.926370 473.493427 513.514728 541.330408 555.336309 561.970123 570.634480 580.598527 593.154496 605.859992
-9999.0 -9999.0 -9999.0 -645.781412 -607.623084 -571.270406 -544.091029 -513.592576 -482.613946 -476.551367 -468.904972 -462.852661 -456.646581 -448.367241 -438.924428 -423.572717 -410.647216 -399.255181 -379.399457 -343.540214 -307.887717 -274.036503 -242.084355 -211.772235 -189.188361 -174.062832 -157.989793 -134.175562 -94.284688 -53.450502 -0.299565 56.017913 98.667963 130.784719 157.245688 187.963334 217.539685 263.329062 319.887562 372.276454 414.235856 445.230163 470.661890 485.999135 503.266227 517.624072 536.047035 555.839975 575.549587 600.779678 624.475056 642.275535 651.644381 657.673766 669.617307 681.833328 691.834676
-9999.0 -9999.0 -691.808140 -655.235009 -620.010062 -568.450711 -516.474905 -483.704759 -443.539116 -418.825689 -412.282357 -394.156848 -377.826090 -370.069128 -353.722953 -336.991391 -324.800601 -322.581853 -311.110494 -275.512024 -221.811319 -172.771057 -139.867883 -82.837796 -48.864803 -25.792086 -12.293288 12.654570 46.737565 96.081620 155.292410 215.368213 270.919509 324.466788 354.227887 378.539588 404.610113 431.617753 472.584126 510.164359 542.220598 566.336487 586.544800 595.990150 602.842746 617.321078 636.287393 654.957929 672.489696 689.188225 699.886210 703.068302 704.154070 704.633534 705.656884 706.551366 707.294262
-9999.0 -9999.0 -716.432928 -672.792564 -629.816337 -559.456450 -484.929129 -447.820393 -405.439311 -362.066102 -343.790702 -321.075844 -302.463253 -284.701226 -261.437325 -237.776258 -233.850498 -231.588882 -233.046223 -179.057933 -120.037144 -54.866841 18.551344 86.527281 132.040475 144.763526 153.675554 174.174163 205.103937 264.528415 339.299040 402.672721 454.916363 494.992603 517.812530 536.440201 554.745149 571.413883 588.957370 621.729515 641.304328 659.745160 679.427101 696.645555 704.050367 705.839199 702.102574 704.985553 706.752197 707.536017 707.758168 704.715916 703.907871 704.413443 705.580159 701.504611 696.433262
-9999.0 -802.200356 -750.550144 -696.287508 -625.575704 -556.081939 -469.871447 -389.456400 -340.808141 -299.847722 -272.442851 -253.388133 -199.585914 -150.554420 -123.639593 -93.761185 -95.676818 -97.679379 -106.691841 -63.230568 -5.057641 92.579554 228.416070 311.536693 357.929408 366.037501 363.509367 377.407034 404.214951 449.464706 516.653672 560.303997 603.476929 636.341074 649.319179 654.361559 668.054364 684.145189 690.782063 700.323762 704.009924 706.615691 704.038760 704.836830 705.953705 706.937040 704.867999 699.857777 693.450965 689.416907 686.840514 683.395646 686.113231 689.460716 691.261435 686.286036 681.112882
-9999.0 -835.903914 -775.528129 -702.824838 -630.665817 -552.191314 -438.920724 -312.356435 -267.406392 -234.603946 -206.043616 -160.082480 -71.795523 -0.675041 42.387388 89.124541 88.516610 77.153549 73.866513 110.751163 173.472651 272.739030 419.317448 515.473055 536.880135 550.456260 558.742023 579.547191 606.693022 632.805887 656.393968 670.932761 681.797559 687.143153 689.805358 691.706378 694.012291 695.289569 693.880345 691.749982 688.372960 689.150893 693.056900 693.346416 691.694634 690.300108 686.867981 681.632287 678.254037 675.785422 674.789983 673.153436 672.646409 673.820766 671.216453 667.733218 661.829496
-9999.0 -859.085047 -790.328931 -724.311089 -649.195669 -522.757212 -401.986420 -275.230821 -188.742169 -153.206515 -105.990265 -14.791547 95.227972 201.108377 273.733454 318.372207 336.159400 328.900622 341.044523 381.833896 442.217699 522.311146 589.141876 651.255550 664.047812 668.337552 663.286963 669.323444 674.521662 676.232354 677.490940 677.748520 682.420743 685.171568 685.028165 683.687628 681.113192 675.978378 673.601312 672.970178 671.717091 672.833642 676.165822 677.356993 675.995358 673.720180 671.146661 667.741140 664.220681 660.214333 658.607802 656.529721 655.667101 652.474018 649.102863 644.853933 634.497869
-9999.0 -943.932768 -860.851731 -797.766426 -659.890078 -496.524567 -374.525897 -222.604798 -92.482100 -45.442050 50.047108 175.298686 310.179827 403.328219 463.401203 515.229752 544.593161 566.756371 593.266621 590.208568 627.650916 659.536950 671.696292 677.782692 675.056322 677.807510 673.471354 659.074970 652.060685 647.230020 649.226639 655.679319 660.655815 666.040192 664.717031 665.880622 666.758975 665.551882 664.976720 660.512482 656.213151 653.234902 653.255406 658.971148 654.828574 652.213735 647.648053 641.558597 635.192695 629.749603 624.545287 619.761264 617.990314 613.135795 611.534920 603.430884 576.571666
-9999.0 -1024.572673 -945.392419 -838.553047 -684.742443 -522.190121 -374.781079 -205.634047 -21.320939 82.878002 197.280424 289.186467 401.299265 493.993835 565.595167 604.293415 623.494896 629.986747 629.526655 632.482482 608.392599 604.727238 620.040006 641.524151 651.000664 655.296464 649.365357 641.944239 637.790728 637.606137 636.132831 634.888764 633.641248 632.020228 629.384021 631.128036 635.950739 632.796320 628.635751 625.021173 621.819308 616.934539 613.385870 611.195365 609.278983 607.915969 599.242112 587.485756 576.402436 568.532781 561.614641 556.438577 554.242477 548.905826 539.721784 522.087554 482.954568
-9999.0 -1109.546244 -995.637382 -891.086308 -753.089869 -612.682803 -475.054925 -307.642581 -150.783947 55.666401 244.930404 327.665123 393.144207 466.521497 535.875642 592.820749 599.986481 575.337220 552.992868 542.425097 547.032901 557.936167 573.056500 593.422353 609.014139 617.572183 619.094988 612.970997 601.026537 591.531901 583.191134 572.415917 564.948691 563.685623 562.748095 568.218061 571.583315 564.753239 555.775566 544.771749 535.205557 527.982286 525.919214 526.404964 524.422598 517.274752 502.709462 482.521803 462.318834 446.376004 436.032534 428.910706 420.975031 409.324755 393.492245 369.117025 318.837454
-9999.0 -9999.0 -1064.145423 -951.588720 -834.464935 -704.981293 -575.144960 -419.333784 -266.563197 -81.505932 40.668619 153.586874 235.024973 309.738235 377.793839 431.740215 447.116292 461.324313 441.533094 444.600138 453.053122 464.419266 482.747851 503.360347 520.600019 530.775930 536.790695 534.540480 522.752779 499.099499 469.101569 446.761055 434.029017 426.325985 433.790465 444.553778 442.884784 436.745473 426.094435 412.030924 400.120316 387.592232 383.785897 383.426048 380.764655 371.648029 354.046131 322.747633 295.022660 273.155551 262.300669 253.054375 244.146493 229.535908 213.046966 192.387238 158.643772
-9999.0 -9999.0 -1145.631375 -1033.821342 -911.522749 -784.625083 -675.185125 -564.914222 -406.623367 -286.946001 -187.821573 -98.223617 -21.555284 44.192324 98.030948 161.337574 196.333902 211.742585 220.043564 237.821643 264.051367 294.696003 323.975908 352.393402 373.857202 388.588444 397.573884 385.506727 368.404351 337.300726 294.217539 257.555458 239.002743 231.041322 235.145739 243.173740 237.835600 226.176330 209.738098 191.194200 176.013839 161.819649 156.305097 153.053441 150.822748 145.280512 137.101796 121.369214 104.119080 92.133414 82.444203 74.743592 70.175094 61.191631 49.654734 40.340279 19.352645
