tests/Borden05m/data_simulated/sim_1/output-maps/psiliqL0010N0002.asc
ncols         160
nrows         34
xllcorner     620200.000000
yllcorner     5168000.000000
cellsize      0.500000
NODATA_value  -9999.0
[rows 0 to 25 of 34, columns 57 to 113 of 160]
-9999.0 -9999.0 -9999.0 -9999.0 -9999.0 -9999.0 -9999.0 -9999.0 -9999.0 -9999.0 -9999.0 -9999.0 -9999.0 -9999.0 -9999.0 -9999.0 -9999.0 -9999.0 -9999.0 -9999.0 -9999.0 -9999.0 -9999.0 -9999.0 -9999.0 -9999.0 -9999.0 -9999.0 -9999.0 -9999.0 -9999.0 -9999.0 -9999.0 -9999.0 -9999.0 -9999.0 -9999.0 -9999.0 -9999.0 -9999.0 -9999.0 -9999.0 -9999.0 -9999.0 -9999.0 -9999.0 -9999.0 -9999.0 -9999.0 -9999.0 -9999.0 -9999.0 -9999.0 -9999.0 -9999.0 -9999.0 -9999.0
-9999.0 -9999.0 207.776893 202.212221 196.807925 191.713213 182.550691 173.179194 164.480547 160.390685 159.385538 158.470593 158.017259 163.267067 171.203611 178.810381 185.996498 188.358012 190.763096 193.026853 193.503936 192.184021 188.888692 185.547722 182.094365 180.572847 172.263061 160.759727 151.789873 149.009572 153.518449 158.074696 160.652213 166.756954 177.703149 188.701438 197.381699 209.266793 214.952370 220.169356 223.388049 219.432123 215.990589 212.362904 207.598656 196.624020 -9999.0 -9999.0 -9999.0 -9999.0 -9999.0 -9999.0 -9999.0 -9999.0 -9999.0 -9999.0 -9999.0
190.223414 193.470371 182.533510 177.638585 174.237485 171.972290 166.782163 157.877074 152.372303 146.793157 144.945955 144.866638 144.851711 148.977875 158.931345 166.891114 171.648868 174.073970 176.559326 176.494117 175.950585 175.532978 172.581845 169.104721 165.657646 163.823301 163.949547 156.290813 150.874631 147.548045 146.206191 148.719555 151.107400 154.312497 164.012070 172.385663 180.762246 195.044460 207.457904 212.761984 210.432266 205.520227 201.900282 195.519761 185.733190 175.364618 165.131270 158.021072 152.652188 147.369339 153.567846 160.172529 170.456399 180.613260 192.745831 204.966144 -9999.0
174.048760 176.810404 165.896498 157.388671 152.658555 152.622931 154.771385 150.957407 146.130695 141.579181 149.522281 150.682050 151.760094 154.933459 158.187984 160.723563 163.456912 168.754517 177.686561 180.294190 180.748372 180.808777 178.916478 175.746634 173.908009 171.103122 165.868426 164.877931 165.265313 165.232305 170.420101 171.954625 173.467642 166.592042 170.056706 176.386943 183.352263 190.293176 197.282468 201.798290 198.741157 197.729050 189.510659 175.814149 164.530821 155.929245 153.626234 150.509320 142.843059 130.582628 137.655448 153.322521 158.092281 161.788153 173.747420 186.121299 196.427684
158.666903 161.517581 156.306750 157.212453 158.536600 159.858325 158.083635 154.924803 153.212272 165.915643 175.303259 176.936979 179.751306 183.131481 182.008425 169.711395 167.076073 175.493210 185.885993 191.699968 191.795609 191.658799 189.872858 188.793206 188.274859 185.909924 186.891870 189.462583 189.966176 194.986632 200.721608 203.585102 195.286046 186.081426 186.670459 194.354625 202.379802 209.778661 220.717240 232.373610 231.260223 225.639940 216.785625 203.206444 179.771050 159.978641 149.353462 142.631255 135.674622 135.216363 132.823154 143.741341 145.594925 147.446918 156.015859 166.409127 176.619866
171.820437 179.821774 173.597864 167.904395 164.472663 164.933771 165.040068 168.299533 181.252334 195.070460 209.923449 212.521176 214.978445 214.552653 204.954454 194.577353 190.379812 205.318623 221.191157 229.394707 230.167392 230.214558 237.880208 236.024068 233.643102 228.321932 230.658184 233.108023 244.152882 251.869374 258.881664 257.135230 245.364769 234.204502 232.276717 234.315237 236.647330 242.553150 252.937590 263.021989 258.161608 250.870784 240.594299 211.681833 183.892029 166.831761 167.352005 167.717102 163.054061 159.942296 156.441681 149.080388 148.694193 148.085629 147.607803 159.647000 171.964088
217.692204 233.648944 227.594649 218.994215 208.029108 208.311954 211.576988 219.787152 233.031610 251.275994 275.478593 278.932961 282.595185 286.150015 275.230450 262.979434 251.344760 267.811573 277.651551 286.573491 289.353778 300.354414 310.518665 305.739475 297.326531 287.600418 294.177314 307.519408 322.877487 329.788541 333.773547 333.863330 323.742005 318.157521 315.489624 316.001872 312.173531 315.348631 325.931890 341.114623 341.020235 330.844401 307.978033 271.436850 236.209970 214.213999 218.651613 211.915632 205.488982 201.294808 187.093440 175.721698 175.478009 165.853594 159.541962 170.934881 176.930044
262.629875 280.811000 276.685405 265.570505 252.730954 252.494156 260.433582 270.144313 289.319611 313.452284 338.530271 349.562278 355.412367 364.904832 358.396465 349.100082 340.319469 348.432120 360.853364 373.018011 384.028641 397.085342 409.229263 401.799913 391.422943 387.894368 392.981026 411.629849 428.326047 434.729218 438.016153 442.845942 436.045788 428.592216 419.858169 411.605214 403.499540 397.929725 413.710954 428.664611 426.653561 403.069486 378.666886 343.229657 305.394736 271.232348 267.292165 265.043268 263.326706 247.718022 231.964894 213.822821 203.129090 193.893693 178.960314 183.658675 188.921844
356.954731 377.757541 381.118637 365.957548 359.865643 364.722331 376.710732 383.565405 398.629948 425.820232 460.700380 485.955899 508.089854 512.887374 503.872105 494.193710 480.196154 475.888916 490.974647 503.405745 515.527521 528.069665 541.635621 549.467420 548.737491 549.252432 552.970397 559.628743 569.087218 578.635930 587.985971 596.885345 596.732518 586.403425 576.113515 562.492082 550.608771 545.254558 544.322060 552.314095 550.218794 526.445758 498.498466 466.012424 427.797322 394.326094 372.984263 375.026426 361.616459 343.042389 321.686455 285.260334 266.661019 249.754003 219.536541 214.544416 223.665846
468.624142 485.757887 501.315371 499.348584 501.737599 505.406029 512.391146 518.648468 529.073857 565.493362 605.425549 639.659799 666.743042 676.686760 666.498859 655.786910 643.378712 633.287725 635.692107 650.092670 668.101257 686.172746 699.623888 705.368708 705.359206 706.705192 709.799633 715.008504 721.059419 731.560340 744.565948 759.045552 772.100651 766.117908 745.220706 725.012775 703.426921 693.348775 689.193407 685.092348 684.001909 677.440934 646.526615 615.538403 578.940753 542.275338 515.245451 495.495293 473.970374 450.748600 405.833184 364.938521 329.495167 300.546776 271.045791 266.212157 289.469432
600.291522 630.064650 648.436250 653.846598 656.537816 659.568689 666.448332 674.063506 686.298135 714.804042 758.636120 799.616110 830.731624 836.107155 827.611323 817.186482 806.384904 796.718509 793.814181 801.014106 812.037685 828.229400 840.971376 852.208433 852.788037 854.045167 855.401881 859.332400 864.046943 869.740476 880.594982 894.587974 905.732964 906.125209 891.331921 870.040326 848.251590 837.593788 829.809633 823.477887 822.692187 822.066896 814.631989 787.343009 745.761240 692.750652 656.348849 628.551167 610.422865 590.443381 565.395977 516.224595 486.530877 451.081049 414.065257 388.153258 421.057570
739.647886 776.843126 799.832647 809.840076 810.872881 813.184980 820.544914 828.499230 842.139688 863.062401 889.168276 918.367451 944.098029 960.943082 957.935578 947.085630 931.828101 928.293218 927.895602 929.930579 936.110615 943.080028 957.220905 971.651332 976.800387 977.843595 976.349945 979.609251 982.551612 985.155728 988.339270 993.805766 1000.452737 1002.100116 996.722397 980.554102 960.483628 945.566045 937.043435 932.876292 930.479872 930.541174 928.128301 914.934293 883.983206 842.110171 803.321592 775.362520 752.658182 731.710136 714.938452 694.564920 673.608054 640.593677 594.063887 551.855519 540.416937
863.224549 893.113345 918.834994 935.193336 939.066231 944.190475 948.133165 957.960385 973.764773 992.702362 1006.693112 1022.272037 1041.181679 1051.796599 1057.191286 1058.226161 1058.243075 1060.744949 1061.432037 1045.354812 1047.861840 1050.003985 1054.331700 1059.968499 1061.514385 1061.710523 1061.462301 1063.170043 1064.686653 1066.497279 1067.727277 1068.121913 1069.697430 1069.802627 1068.432621 1062.839064 1061.954793 1046.746548 1036.484037 1030.278711 1023.534633 1015.340173 1005.722329 995.645346 979.581365 953.010921 920.060647 890.858739 875.474948 863.834309 853.024965 843.936603 826.112402 801.606642 766.642982 720.102650 675.290225
967.967670 988.112338 1012.980370 1029.350110 1038.011167 1044.834740 1048.428125 1059.140634 1071.035558 1069.108592 1072.054589 1074.664486 1076.766721 1077.256661 1077.386485 1077.493454 1075.850801 1076.321886 1075.694217 1071.629609 1063.078491 1064.571270 1065.531686 1067.322884 1070.119999 1068.386451 1069.303937 1072.753881 1072.423248 1068.527809 1066.369959 1065.538235 1065.875085 1072.350473 1074.761406 1075.168824 1074.956125 1075.043131 1075.672099 1075.578232 1074.911441 1073.261445 1070.681208 1070.447317 1060.925984 1039.965956 1010.827846 979.429731 964.236296 957.120138 955.528389 950.578012 943.189142 923.737831 894.881674 855.313877 813.090459
1070.769050 1073.281968 1079.560026 1082.393063 1083.258197 1084.476655 1085.814320 1085.701105 1082.200949 1078.815674 1074.524905 1073.479763 1072.085537 1069.521027 1070.044392 1068.298988 1065.106834 1062.785895 1058.079611 1048.919099 1038.454292 1036.243632 1040.183793 1043.885166 1046.757303 1048.683069 1051.547734 1053.397257 1050.174739 1044.265146 1038.871273 1037.589361 1043.619673 1048.290461 1052.336906 1052.639449 1051.647519 1050.726164 1052.237552 1051.193497 1052.453496 1058.530710 1070.290353 1075.880277 1076.919407 1076.622343 1072.446251 1064.619655 1052.905473 1033.741283 1035.745652 1030.607401 1019.453645 999.934783 977.728928 949.587499 921.709520
1082.870555 1081.700374 1076.490502 1071.015302 1069.992280 1072.992855 1078.761751 1079.355388 1072.166777 1064.144601 1057.566330 1051.167786 1048.969625 1047.235215 1046.254868 1046.349002 1041.858805 1035.779840 1022.524744 1012.039240 1001.201297 994.803702 992.377432 996.176712 1003.736904 1011.073441 1014.982214 1009.661948 1004.049118 995.715787 989.320327 990.178521 992.494164 1000.314201 1012.221405 1015.568688 1016.701711 1013.297035 1011.042276 1007.171302 1006.776965 1013.993473 1027.858387 1041.194283 1053.010155 1060.248493 1067.208764 1073.326507 1078.107613 1078.353365 1077.861096 1076.440563 1073.898395 1060.357429 1042.242127 1021.782390 1000.546061
1067.982620 1064.241315 1058.596328 1053.340192 1051.474926 1053.148464 1055.091063 1050.916651 1043.383523 1032.714281 1021.415229 1011.165615 1004.653649 1004.501463 1005.854632 1006.330574 1000.752780 987.730915 971.329864 957.380160 942.074630 936.272509 930.017639 925.006012 933.700792 948.352102 953.599515 941.574212 933.349350 921.169761 915.018651 912.879525 914.609160 923.549825 941.867931 959.702794 961.576133 953.970980 947.084976 944.819659 944.972077 953.858175 972.729376 991.768890 1005.613834 1015.018129 1021.216098 1029.566272 1038.687753 1049.396236 1060.692169 1069.905207 1078.164525 1080.473857 1079.523134 1076.677916 1064.309602
1047.923230 1041.619371 1035.530957 1029.817638 1025.305434 1022.039904 1018.008614 1010.009285 1000.632389 985.282356 970.401010 955.954008 940.608962 935.751515 932.163888 933.307963 922.284111 911.306175 890.790002 871.253059 850.435374 836.342310 827.582990 819.946036 823.839829 838.628391 847.371374 833.564976 823.556867 810.912877 805.023882 802.261307 804.548776 815.457635 839.026604 859.088639 867.230842 860.860740 857.168712 857.427647 860.622734 871.386714 890.420404 912.710350 934.986156 952.776750 964.762914 974.573679 985.581634 999.791319 1012.979585 1025.622368 1040.751571 1058.212750 1071.150569 1079.760610 1084.407609
1017.758530 1008.828041 998.600357 987.941600 981.084253 980.154126 970.607860 959.753290 940.276253 890.002997 865.382107 840.800289 820.950575 812.514876 803.605176 796.049530 785.885841 777.187080 764.785663 742.031695 716.512169 694.659081 685.835271 679.507667 671.094493 677.340722 680.963131 682.489174 674.398661 667.313364 664.232092 661.922539 666.321109 681.808583 696.856545 710.526903 718.558395 717.135683 724.894952 733.533708 741.184025 764.195719 784.746199 808.023149 835.136136 865.136528 885.063178 899.801622 914.212711 932.367612 951.294893 969.873078 992.031448 1015.210819 1030.048488 1040.456238 1051.733748
972.228095 956.561041 941.634372 926.996091 912.355220 909.894266 901.272400 885.220311 835.764243 782.311317 738.705115 710.065913 681.685909 667.087929 654.808079 629.186344 614.315437 605.848016 606.467052 591.591179 569.702982 551.809603 541.789536 534.394073 521.776996 514.493745 518.969270 529.922689 524.281653 521.466690 524.713113 522.838707 520.462209 528.259800 544.281004 554.147101 564.618503 575.468118 580.470808 589.866040 617.566702 635.978441 656.275710 682.317131 711.858983 744.732687 775.140340 796.330954 817.318620 842.879222 867.368011 894.496591 922.091995 953.057095 974.347669 989.897936 1002.160031
890.319683 867.915178 844.146780 819.239158 794.819175 788.279619 775.060139 747.558945 688.927415 636.573944 596.942787 568.231372 540.136516 520.321000 494.079760 462.911701 442.820657 446.149140 451.776705 449.339597 433.350786 419.095938 408.173965 394.762318 379.592871 368.875047 377.061205 385.491928 391.954604 394.701014 398.150990 400.054827 399.005894 395.781515 402.839249 411.909209 422.248632 432.260917 444.328557 472.728891 497.891034 516.506520 539.402555 562.963653 590.484327 620.729802 649.095418 671.776125 697.429836 726.023105 758.897429 791.060287 825.485331 863.441416 894.852268 915.336594 933.196334
780.495835 748.540004 712.810639 668.165190 648.852378 636.826104 621.407428 581.153293 531.717433 489.310472 460.090823 432.924265 407.776846 381.174421 350.853867 324.321322 304.873190 311.345034 317.849693 327.543690 314.953314 303.025686 296.335772 281.722540 267.859686 253.881803 261.667085 271.178436 287.200668 290.857349 293.977461 300.316166 299.001305 296.704921 288.973388 297.546536 307.348446 320.128846 346.250760 370.573224 394.349693 415.386562 436.140108 459.520860 485.228159 511.983210 540.333892 563.190396 586.588792 614.131565 642.802837 671.084807 703.293663 742.203547 777.105685 805.579030 833.964824
644.234138 613.660668 572.735049 525.657835 490.924589 475.520398 438.830650 403.771468 364.990350 343.784807 323.602760 299.865358 278.041270 256.934756 231.028395 208.478124 185.251003 189.240704 201.480786 215.116202 208.482417 204.360236 201.087018 189.723430 176.158496 162.703544 166.368362 181.222387 197.784030 204.658767 210.927380 218.227063 218.164779 211.478779 203.012040 208.395947 221.710834 237.192222 257.989607 279.956349 301.427011 321.428563 343.722333 367.213632 391.364777 417.671908 445.248349 466.488315 491.934541 519.246737 543.225774 561.215374 582.742935 615.422726 642.760752 673.007495 704.685051
518.462452 489.722345 447.927727 404.931328 362.351550 325.242166 292.575339 261.238089 242.162698 222.772090 204.371579 185.972372 165.308566 145.935989 126.973935 105.301664 86.877054 92.339236 105.726878 117.666005 120.041752 117.074741 114.052033 106.366669 92.794670 81.967440 90.239633 105.630265 120.631595 130.510387 137.076018 143.140373 140.292381 131.973828 125.406493 133.091491 148.183720 162.804820 180.009531 201.034638 221.994732 243.133796 265.309703 287.581906 312.248511 337.817455 363.886959 389.637738 413.843582 437.358045 450.804792 465.066673 477.022581 497.856623 520.912868 546.685520 576.250550
390.599526 362.536006 329.099811 290.239341 259.376235 227.724398 197.198671 167.048085 142.109426 124.707314 114.745955 100.074301 80.959152 67.562598 50.866390 32.649694 31.934987 35.476897 47.473962 49.466187 50.214061 47.294746 46.236687 41.659005 30.396830 36.640586 44.329045 59.167550 70.044177 79.351592 85.556268 89.631450 89.135818 82.155048 85.012845 92.041063 106.460888 118.114221 133.123160 153.718502 170.914288 190.126260 211.819146 234.237819 257.882402 283.011445 310.151073 334.806648 355.002922 365.552148 377.487596 385.325632 382.329164 398.753741 416.178256 434.108801 460.256712
273.758908 248.321241 222.804715 191.741513 160.102456 130.538619 100.743717 71.511726 47.314736 38.123878 27.312713 15.802329 2.587025 -11.082631 -23.154164 -23.089097 -25.357731 -25.845778 -24.154423 -21.129714 -18.512196 -19.454418 -20.542388 -19.803450 -13.795776 -9.562098 -4.037925 6.379007 17.453890 27.736657 31.709679 35.856335 38.768682 42.051535 44.527866 48.783855 60.023922 71.671246 84.779151 101.513399 118.769537 137.447262 159.462824 181.861174 205.830313 232.179880 258.910646 279.653527 289.914507 300.558983 305.348890 302.056108 299.264022 308.477472 322.528776 335.637231 358.249898
