tests/Borden05m/data_simulated/sim_1/output-maps/psiliqL0029N0014.asc
ncols         160
nrows         34
xllcorner     620200.000000
yllcorner     5168000.000000
cellsize      0.500000
NODATA_value  -9999.0
[rows 0 to 24 of 34, columns 55 to 109 of 160]
-9999.0 -9999.0 -9999.0 -9999.0 -9999.0 -9999.0 -9999.0 -9999.0 -9999.0 -9999.0 -9999.0 -9999.0 -9999.0 -9999.0 -9999.0 -9999.0 -9999.0 -9999.0 -9999.0 -9999.0 -9999.0 -9999.0 -9999.0 -9999.0 -9999.0 -9999.0 -9999.0 -9999.0 -9999.0 -9999.0 -9999.0 -9999.0 -9999.0 -9999.0 -9999.0 -9999.0 -9999.0 -9999.0 -9999.0 -9999.0 -9999.0 -9999.0 -9999.0 -9999.0 -9999.0 -9999.0 -9999.0 -9999.0 -9999.0 -9999.0 -9999.0 -9999.0 -9999.0 -9999.0 -9999.0
-9999.0 -9999.0 -9999.0 -9999.0 3997.335402 3992.078590 3987.420431 3983.001889 3974.584253 3965.260265 3957.533643 3953.307891 3952.088367 3951.233496 3950.534333 3955.284783 3963.317643 3970.884314 3977.652560 3980.025901 3982.309992 3984.034378 3984.168367 3983.010794 3979.730586 3976.329468 3972.903909 3971.127453 3963.920006 3952.836532 3944.631719 3941.948773 3946.057125 3950.356962 3952.797049 3957.801434 3968.082219 3978.611315 3987.180729 3999.880059 4007.150316 4012.522028 4014.992271 4011.000616 4007.766008 4003.729835 3997.325877 3986.201918 -9999.0 -9999.0 -9999.0 -9999.0 -9999.0 -9999.0 -9999.0
3942.311109 3960.630780 3981.825660 3984.893323 3973.035744 3967.901001 3964.783481 3963.196880 3959.089995 3950.631456 3945.538672 3940.023714 3937.170007 3937.129556 3936.924430 3940.430853 3951.273878 3958.965478 3963.416249 3966.023186 3968.867997 3966.940634 3966.045476 3965.785768 3962.827004 3959.274726 3955.844368 3953.933949 3955.600958 3947.983758 3941.850030 3937.825022 3934.552715 3937.332687 3940.082124 3944.930144 3953.999365 3961.820459 3969.727809 3985.088185 3998.430756 4004.213709 4001.643767 3997.133267 3993.295457 3985.695949 3974.760345 3964.843878 3957.145010 3951.264304 3945.949769 3939.367046 3945.894140 3954.077287 3963.281906
3925.494524 3944.664100 3965.169572 3967.644585 3957.461753 3949.840340 3942.551034 3943.119493 3946.813277 3943.626831 3938.739946 3930.262795 3940.601844 3941.483877 3942.016685 3945.103986 3946.618195 3952.129082 3954.391469 3959.643689 3968.541199 3971.301284 3971.642831 3971.594500 3969.504183 3966.147236 3964.078525 3961.207281 3955.855379 3953.852520 3953.320482 3951.769077 3955.632006 3957.147198 3960.323290 3955.099377 3959.713915 3965.966161 3972.952493 3978.221519 3984.226769 3986.402007 3983.093227 3984.018446 3975.686367 3962.081176 3952.537739 3945.341822 3946.113487 3943.256950 3935.351098 3921.429309 3930.061928 3946.355080 3951.229896
3930.068701 3938.913609 3949.167337 3951.525293 3946.453190 3948.838501 3950.628995 3951.723643 3949.756849 3946.049769 3941.068452 3950.953879 3958.943622 3960.170897 3962.412059 3966.352448 3967.464065 3956.768664 3954.749999 3961.704628 3971.122225 3976.047586 3976.143702 3975.632567 3971.493316 3970.223718 3969.987916 3968.219752 3967.350058 3968.655248 3965.621668 3968.143620 3973.553156 3976.952962 3972.328445 3964.075562 3966.643735 3975.254516 3984.598818 3992.236860 4002.273078 4012.900754 4013.471431 4009.199217 4000.796065 3988.598461 3966.370476 3949.338194 3938.364164 3930.192836 3922.941044 3926.663193 3921.617242 3936.090432 3937.968119
3913.495854 3935.063840 3954.831862 3960.192488 3954.148239 3950.700199 3949.787679 3950.354568 3949.079789 3948.902336 3956.709866 3968.008834 3978.420314 3980.195552 3981.786363 3980.244510 3973.031344 3962.645988 3960.177926 3973.019084 3989.815470 3997.524306 3996.711439 3991.475595 3993.639330 3994.089774 3995.102821 3992.092385 3992.481462 3989.131781 3993.482313 4001.176831 4009.351965 4008.092023 3995.595488 3983.027250 3983.293814 3989.381455 3997.189040 4005.073878 4015.178895 4024.121804 4019.348688 4014.627383 4007.836194 3982.875442 3961.251402 3947.524746 3947.880186 3948.788255 3944.483651 3942.758751 3942.451777 3939.078611 3939.513483
3948.396103 3967.177980 3987.486935 3999.793155 3993.541864 3986.227874 3978.209251 3978.310774 3978.085455 3983.393033 3993.149828 4004.795667 4025.987605 4024.669712 4024.471220 4022.182945 4008.851209 3995.397693 3985.695843 4008.778076 4020.012136 4026.807981 4023.196764 4027.176956 4035.523786 4032.184861 4026.303276 4013.812878 4019.260286 4024.490722 4039.681641 4047.919392 4053.557247 4048.184084 4033.606731 4026.579170 4028.806333 4036.277191 4038.304597 4047.917308 4056.295063 4071.142825 4069.555291 4067.501981 4048.119608 4010.949746 3982.690858 3971.813281 3984.482370 3979.030625 3972.649231 3973.345657 3962.938870 3956.596690 3959.743404
3977.780567 3990.324174 4006.204512 4022.449944 4012.696420 4002.720809 3985.525949 3981.836541 3985.289680 3995.563136 4012.830685 4029.780624 4048.916056 4045.468180 4036.708531 4046.441469 4039.363937 4028.183929 4020.853964 4044.743071 4054.426818 4064.354266 4069.187901 4081.875993 4092.103541 4073.975020 4055.723646 4044.095541 4051.585109 4078.637539 4102.337500 4107.117687 4105.688593 4104.331453 4087.505320 4083.055116 4080.387922 4081.995005 4080.069162 4078.662290 4105.647596 4128.325775 4128.327667 4107.008293 4084.340868 4043.667451 4005.606981 3982.825930 3998.741620 3995.029476 3999.146304 3989.992500 3978.968976 3973.828916 3972.844510
4023.676673 4043.826743 4059.509589 4081.795403 4070.564492 4046.146009 4028.357151 4030.587805 4044.519670 4052.991861 4072.414117 4088.130250 4112.857328 4123.070636 4132.681927 4136.688668 4130.007084 4121.590286 4109.856438 4116.868351 4142.497859 4154.161251 4162.041456 4169.977170 4182.757744 4181.964693 4174.042153 4171.905395 4176.599491 4191.667056 4207.510191 4214.329864 4216.876951 4218.815568 4203.309397 4189.711037 4188.689880 4183.943252 4183.931472 4183.485781 4196.962316 4219.660638 4216.014615 4176.747399 4149.608726 4113.444369 4074.294187 4044.983049 4041.088407 4062.854444 4062.451994 4046.381245 4037.682402 4013.474116 4010.712064
4090.171185 4122.988601 4147.013172 4156.580414 4162.953814 4146.063386 4143.332141 4147.772132 4156.659870 4159.593120 4165.952479 4198.673077 4232.579805 4256.919606 4279.635608 4286.658310 4273.941874 4264.192451 4250.305145 4241.678585 4254.465990 4272.565688 4290.615220 4305.482338 4316.923935 4318.665368 4317.003130 4317.025661 4320.449494 4323.500279 4328.189761 4337.311128 4345.118402 4353.502023 4360.840462 4349.239224 4332.093770 4323.479171 4315.494596 4315.619778 4317.595651 4322.665664 4323.856388 4304.664284 4259.654371 4226.810123 4194.155023 4176.268558 4164.422143 4166.994377 4148.628991 4123.347604 4070.062953 4032.895537 4001.952449
4173.874536 4219.532219 4249.034666 4265.020017 4277.509020 4273.361836 4275.344117 4276.228231 4279.688704 4281.594238 4283.472972 4311.690962 4354.856378 4395.329325 4427.379938 4426.405469 4411.616783 4400.066777 4391.291102 4375.953587 4371.900865 4385.889840 4402.550714 4424.089625 4434.371661 4439.619720 4435.650999 4435.837265 4438.028728 4440.493748 4442.766280 4446.894253 4457.319420 4473.359339 4488.805462 4487.425604 4466.869439 4448.515376 4432.688577 4431.307551 4429.641881 4424.783641 4427.558632 4429.565255 4411.177900 4377.798893 4336.340080 4295.828736 4280.988720 4266.830570 4255.978398 4238.255482 4193.325671 4122.062782 4079.781613
4290.279966 4326.864761 4356.425730 4387.233223 4401.500301 4402.609218 4399.522795 4397.761311 4404.939747 4406.960475 4411.668162 4428.524800 4463.388118 4501.142195 4532.080776 4547.257517 4538.424422 4518.954048 4495.302532 4484.191495 4480.834102 4484.952083 4495.379640 4509.714812 4530.533389 4551.120444 4557.059726 4557.998299 4555.239803 4557.798373 4559.518660 4559.667773 4563.156722 4572.799839 4583.553651 4587.175601 4578.468920 4555.778254 4531.105556 4520.379743 4514.311805 4511.066766 4512.770353 4518.863401 4522.915275 4506.923475 4468.829108 4421.838650 4392.137296 4378.239650 4365.763903 4351.032122 4337.654415 4300.450227 4278.016510
4401.584811 4417.724022 4447.309900 4477.260516 4499.900542 4514.435802 4514.036570 4516.535944 4521.486561 4528.320520 4543.504016 4568.403591 4589.248549 4613.903416 4642.406331 4659.987453 4665.206789 4662.959472 4658.032233 4659.059186 4659.480406 4584.740672 4592.074679 4599.401720 4619.733685 4637.557950 4644.103913 4644.862382 4641.836247 4643.924181 4644.834424 4644.653083 4644.270857 4647.350251 4653.388630 4655.696475 4652.843392 4638.226774 4661.331914 4640.181471 4626.092323 4617.540647 4609.000541 4600.690075 4591.112450 4580.904357 4559.298575 4526.671833 4491.338044 4470.939119 4463.588011 4457.189888 4447.727488 4441.507682 4423.423330
4501.501654 4512.156857 4531.503737 4555.443425 4591.872109 4617.011674 4628.940211 4638.687576 4643.470033 4658.136165 4676.033932 4656.541147 4666.454030 4676.712025 4686.904429 4690.404587 4691.406764 4690.944332 4688.482711 4687.558305 4684.876448 4681.747335 4670.922577 4672.571759 4674.669652 4677.338117 4681.154198 4680.117273 4681.294144 4684.270432 4682.416461 4676.162871 4671.906129 4670.324456 4671.502324 4679.068511 4682.690543 4683.709364 4679.563413 4678.536933 4677.348356 4673.290649 4668.224678 4661.083149 4651.947730 4670.482193 4657.600795 4627.680670 4584.625099 4540.880244 4534.702841 4537.988530 4537.419735 4535.991781 4530.184058
4633.706586 4648.216712 4663.839984 4635.438741 4662.094391 4675.735711 4682.114156 4686.788136 4689.783653 4693.606716 4690.663174 4687.775057 4682.786175 4681.095425 4679.700057 4677.218777 4677.832749 4675.941271 4671.788219 4667.535834 4659.020448 4647.105815 4635.920903 4632.000163 4636.217844 4642.053492 4647.499078 4652.378273 4656.252614 4655.911604 4650.165131 4641.477280 4633.711607 4632.121542 4639.175777 4645.019241 4651.999920 4652.952273 4651.545344 4648.877747 4648.473903 4644.912824 4645.029092 4652.363222 4667.732567 4669.522076 4676.563971 4675.561143 4655.698250 4619.730730 4637.231813 4616.879634 4623.569356 4618.786781 4607.194492
4681.461460 4684.767612 4682.822106 4681.936517 4675.369859 4669.177683 4668.351979 4672.418893 4679.554572 4680.527393 4673.375770 4664.597721 4657.170719 4649.423067 4646.935391 4646.546772 4646.381112 4646.979167 4641.613968 4631.715785 4614.004642 4602.312215 4591.207470 4585.240595 4580.818940 4583.798503 4595.566520 4608.650907 4613.856200 4603.677780 4594.823535 4582.534866 4574.391745 4574.900711 4575.559178 4585.302622 4603.213502 4611.777216 4612.635491 4605.711075 4598.571628 4591.660906 4588.276957 4594.680544 4610.294724 4627.776606 4644.229910 4653.840075 4661.809949 4669.239709 4665.994970 4669.265622 4671.065300 4668.524394 4672.874488
4676.279733 4669.103244 4661.925658 4656.473091 4650.000340 4644.749175 4642.815625 4644.479149 4646.069657 4641.644792 4635.255823 4625.171138 4613.943731 4604.098029 4595.913623 4596.951113 4599.331711 4601.180281 4593.505452 4577.668960 4559.501046 4545.841930 4531.846672 4527.860713 4521.577314 4512.779023 4522.791222 4543.461048 4551.253072 4534.250796 4522.968168 4507.354562 4500.965551 4496.657991 4497.218629 4506.066593 4529.571348 4555.367928 4557.793370 4546.443054 4535.147058 4530.497794 4527.168107 4531.365655 4547.918442 4569.323154 4586.098995 4597.016410 4602.407223 4610.239996 4619.744463 4634.831923 4650.352757 4663.279826 4666.875610
4650.546961 4642.716924 4634.974577 4627.233690 4620.263371 4613.955400 4609.554034 4607.551529 4603.110334 4596.840445 4589.665275 4566.856215 4554.132569 4540.721627 4525.217914 4521.043265 4515.556773 4516.360707 4504.609485 4497.195946 4481.193011 4465.735534 4449.995965 4435.661079 4429.900871 4422.891406 4419.380285 4432.294268 4440.570960 4432.188559 4422.643426 4412.622778 4408.591647 4405.213985 4407.908362 4418.481113 4437.368319 4455.726519 4464.733051 4457.662349 4457.665852 4458.549695 4457.008822 4463.721054 4473.669566 4491.349710 4514.518831 4534.665363 4544.948419 4551.758982 4560.893986 4575.546916 4589.948372 4604.660065 4623.205556
4619.741440 4610.275473 4600.198644 4590.271346 4579.594620 4568.861504 4562.089616 4565.032902 4559.013091 4553.432686 4528.267763 4470.147032 4447.857185 4428.365672 4411.611898 4404.385660 4395.451970 4376.648591 4367.989964 4364.031072 4368.856913 4355.234246 4337.611841 4319.364246 4314.512328 4311.132670 4291.147268 4283.658527 4283.397993 4303.456369 4297.798953 4297.959843 4301.151794 4298.838842 4299.586722 4312.154161 4318.672200 4322.790088 4329.879490 4336.788980 4348.733248 4357.642820 4370.068548 4387.908622 4398.271842 4413.160929 4433.432541 4459.997707 4476.392244 4486.082101 4496.482348 4511.861471 4528.087427 4546.140750 4568.794646
4584.616300 4567.155731 4552.148547 4537.574257 4524.670266 4511.580039 4494.757003 4496.774468 4494.847452 4483.820343 4424.516362 4383.955013 4349.402053 4332.281413 4307.929106 4293.504242 4275.312294 4232.958930 4214.407299 4215.607066 4233.518430 4231.889955 4217.076531 4205.831639 4195.983961 4185.747249 4166.480027 4144.574602 4151.103637 4171.624587 4174.328085 4179.318204 4188.457948 4188.384084 4180.659664 4175.380015 4186.753621 4191.487216 4203.262234 4223.088498 4228.383011 4247.383859 4283.776864 4296.562505 4311.733566 4329.747268 4349.859622 4371.908242 4395.335206 4409.750579 4425.205079 4443.636440 4460.347859 4480.623561 4503.069841
4532.250668 4500.009903 4478.266206 4460.487733 4440.636087 4411.597761 4391.515684 4389.110641 4382.983482 4350.627916 4296.136229 4261.746512 4240.127651 4218.269346 4195.428597 4169.916503 4129.134481 4093.212554 4070.794367 4089.853987 4102.420005 4117.532883 4106.963099 4096.832114 4087.422876 4068.007245 4050.681876 4032.681154 4044.547062 4053.297282 4075.837896 4083.897576 4087.968751 4095.007061 4093.484162 4080.644371 4072.179178 4080.027230 4089.801676 4102.362511 4126.645712 4164.296872 4189.262135 4207.914252 4228.376362 4246.582183 4267.457659 4290.061017 4313.141397 4330.306131 4348.456451 4366.596840 4387.299336 4405.782724 4427.914790
4448.201851 4419.847567 4393.609320 4370.230547 4336.801707 4287.909819 4273.479942 4264.248339 4239.282925 4188.035142 4146.413723 4129.969371 4120.356875 4097.590919 4077.506334 4047.829287 4013.037403 3993.003756 3972.406953 3984.172032 3995.798591 4019.000458 4011.442234 4006.191927 4004.380430 3988.954082 3975.953391 3958.893533 3964.846577 3977.849084 4003.536942 4010.241841 4014.688575 4024.970397 4024.354556 4018.955585 3998.441233 4004.501865 4015.401496 4030.413320 4062.683944 4084.615572 4106.539014 4128.376621 4147.334696 4168.398738 4189.935429 4212.369055 4238.804646 4258.153745 4276.856953 4298.073538 4316.570526 4329.378814 4343.845349
4337.005306 4313.705484 4295.197324 4271.108029 4226.120634 4181.975217 4138.776304 4108.485987 4051.487157 4016.158618 4000.584146 4005.079155 3995.308724 3977.169894 3959.716077 3941.661470 3921.717091 3904.788149 3879.887819 3886.349516 3903.793870 3922.336826 3926.412870 3929.244809 3928.668242 3920.300641 3907.111720 3893.590066 3897.467334 3915.340285 3933.825839 3944.876584 3953.027599 3960.848972 3960.374864 3949.747741 3938.944709 3943.163038 3958.699716 3974.501282 3990.526704 4010.104341 4030.001243 4049.808786 4071.664786 4093.426193 4115.423950 4139.393341 4165.547401 4186.605247 4209.641441 4233.337353 4248.342084 4255.381007 4260.592652
4233.002597 4215.230276 4192.801590 4165.155440 4122.900746 4084.165441 4044.060363 3994.253105 3961.653292 3934.560912 3932.078252 3918.955155 3908.446243 3896.488087 3877.643242 3863.463377 3851.174966 3831.146329 3824.606547 3833.241993 3847.387950 3854.960709 3863.642746 3862.320880 3860.682169 3856.085255 3842.348301 3840.413159 3851.076822 3866.254049 3879.549076 3891.605877 3898.524423 3903.201197 3899.876264 3890.143917 3887.945425 3895.849418 3910.919235 3923.412962 3936.611386 3956.052939 3974.608128 3994.987144 4016.187457 4036.817546 4059.898263 4083.713667 4108.590729 4135.053992 4156.016419 4172.466058 4179.320415 4186.984559 4183.038151
4108.325453 4099.343742 4074.117045 4046.183045 4018.865861 3988.468475 3967.221308 3937.631944 3909.335835 3882.237293 3857.711076 3848.552324 3845.152655 3834.605701 3819.965548 3810.970685 3797.188312 3790.873929 3800.042047 3801.349451 3808.810777 3806.316184 3807.882478 3806.127248 3806.126899 3805.048519 3800.844479 3814.620857 3820.831020 3833.740067 3843.424687 3853.160363 3858.642803 3861.819977 3863.188790 3859.514014 3865.888226 3871.113742 3883.860948 3894.047345 3906.075229 3924.571955 3939.975646 3957.219665 3977.841329 3999.168261 4021.220061 4045.218221 4071.675690 4094.563841 4110.022534 4114.246430 4121.266405 4119.634648 4105.123698
