tests/Borden05m/data_simulated/sim_1/output-maps/psiliqL0001N0002.asc
ncols         160
nrows         34
xllcorner     620200.000000
yllcorner     5168000.000000
cellsize      0.500000
NODATA_value  -9999.0
[rows 0 to 24 of 34, columns 57 to 113 of 160]
-9999.0 -9999.0 -9999.0 -9999.0 -9999.0 -9999.0 -9999.0 -9999.0 -9999.0 -9999.0 -9999.0 -9999.0 -9999.0 -9999.0 -9999.0 -9999.0 -9999.0 -9999.0 -9999.0 -9999.0 -9999.0 -9999.0 -9999.0 -9999.0 -9999.0 -9999.0 -9999.0 -9999.0 -9999.0 -9999.0 -9999.0 -9999.0 -9999.0 -9999.0 -9999.0 -9999.0 -9999.0 -9999.0 -9999.0 -9999.0 -9999.0 -9999.0 -9999.0 -9999.0 -9999.0 -9999.0 -9999.0 -9999.0 -9999.0 -9999.0 -9999.0 -9999.0 -9999.0 -9999.0 -9999.0 -9999.0 -9999.0
-9999.0 -9999.0 -530.994440 -532.308310 -533.106477 -533.410806 -535.220183 -536.500471 -538.177978 -538.284275 -537.968392 -538.300154 -539.144551 -538.254356 -537.178431 -536.326441 -534.943042 -535.427903 -535.349067 -534.796522 -534.638940 -534.860834 -535.481664 -535.812265 -536.246663 -535.278113 -537.289230 -539.906153 -541.916423 -542.277116 -540.370777 -539.340993 -539.715082 -538.868998 -536.909141 -535.359185 -535.172423 -533.282593 -534.071431 -533.393445 -531.914348 -533.038826 -533.142562 -532.726704 -531.936369 -534.949767 -9999.0 -9999.0 -9999.0 -9999.0 -9999.0 -9999.0 -9999.0 -9999.0 -9999.0 -9999.0 -9999.0
-532.084242 -532.587628 -538.973392 -539.312248 -539.241783 -538.769095 -539.450210 -541.551709 -541.875178 -543.502703 -544.245617 -544.437993 -545.187070 -544.788424 -542.091304 -540.257383 -539.874093 -540.467760 -540.825518 -541.540191 -541.994732 -541.800314 -542.413881 -542.943156 -543.531597 -543.224445 -541.196489 -543.175920 -544.099155 -545.109542 -546.328612 -545.975047 -545.690891 -545.649218 -543.170227 -542.480293 -542.154561 -538.948069 -535.968180 -535.352277 -536.742244 -538.088527 -537.456234 -537.248730 -538.263880 -539.180102 -538.617241 -538.987843 -539.043447 -540.235756 -538.379539 -538.733450 -536.862949 -535.429279 -533.788593 -531.021793 -9999.0
-536.739511 -537.243676 -541.880059 -544.572290 -545.351331 -544.652341 -542.482318 -543.132222 -544.734495 -547.400002 -544.542745 -545.016327 -545.351671 -544.935513 -544.088879 -543.730853 -543.371582 -542.901357 -540.529472 -540.879557 -541.134841 -540.978441 -541.357657 -542.093828 -541.916494 -542.258099 -544.366006 -543.943754 -543.387033 -543.927957 -541.877107 -541.841569 -540.531737 -544.260175 -543.741538 -543.097814 -542.782083 -542.730403 -542.590506 -542.101988 -543.732948 -542.358104 -543.337691 -545.793397 -545.963682 -545.273609 -542.552797 -541.118488 -542.380182 -547.537193 -544.857960 -539.299988 -540.042882 -541.265425 -538.864799 -536.593734 -532.942385
-543.792809 -544.631436 -546.516781 -544.369655 -542.695848 -541.662872 -542.563076 -544.407876 -546.797881 -542.369381 -540.808211 -542.004267 -541.563992 -540.260677 -540.068315 -545.663210 -547.123540 -545.162215 -543.201442 -542.460185 -543.581160 -544.111943 -545.133214 -545.047801 -544.334610 -544.842969 -543.946071 -543.268321 -544.459993 -543.200390 -541.747560 -540.144187 -543.494146 -546.476845 -546.254354 -543.731838 -542.042810 -541.431295 -539.129810 -535.182367 -535.901368 -536.615510 -536.585034 -536.265068 -540.614573 -544.744848 -546.353027 -547.021160 -548.261401 -546.980550 -548.056586 -543.508830 -544.014217 -544.888186 -542.932767 -541.635580 -539.837205
-543.765599 -542.724212 -545.745355 -547.202307 -547.762601 -547.226176 -547.905509 -548.008599 -544.283967 -542.705326 -539.545551 -541.252536 -541.284386 -541.434714 -544.975797 -547.480262 -549.341900 -543.820890 -539.663169 -538.564775 -540.049047 -541.410378 -537.490828 -538.673938 -538.972090 -541.277652 -540.498902 -541.293119 -537.398689 -536.160847 -534.128900 -534.990432 -538.865073 -542.093520 -542.097355 -541.725325 -542.252620 -541.510185 -539.342811 -536.449736 -538.963383 -539.543182 -538.350093 -544.788101 -549.616859 -550.957573 -546.463027 -543.889312 -544.191998 -543.628640 -543.204985 -546.192239 -545.399565 -545.036392 -546.610519 -543.362356 -540.150046
-536.912061 -532.246889 -535.742391 -537.810511 -541.946166 -541.378237 -541.047258 -539.927328 -538.590741 -535.745381 -529.279018 -531.695046 -531.763600 -529.411822 -533.052581 -536.239868 -541.805755 -535.481992 -534.746194 -533.326994 -534.401648 -530.339580 -526.779049 -529.532193 -532.879449 -537.187835 -534.816284 -529.873907 -525.544054 -525.095680 -524.984969 -524.155937 -527.487656 -527.748294 -527.961776 -527.038934 -529.246820 -529.157338 -525.861361 -519.831368 -518.914066 -520.790264 -525.433137 -533.476071 -541.012341 -544.936014 -538.445376 -540.084519 -540.686511 -539.277197 -542.601752 -544.326745 -540.783489 -543.472751 -545.574601 -540.939362 -540.755156
-537.668530 -532.817227 -535.463205 -539.485430 -543.994470 -543.969296 -541.479330 -540.780047 -536.583704 -531.204217 -525.416596 -523.596620 -522.389016 -518.399765 -520.784501 -522.988028 -526.179930 -524.997596 -520.717888 -517.462501 -514.050460 -510.371912 -505.581795 -508.909866 -513.012968 -513.417873 -512.707829 -506.349747 -501.314100 -500.260010 -499.654377 -496.439504 -498.052481 -500.979072 -504.638072 -508.377079 -511.532542 -514.872157 -508.301159 -502.044076 -502.110326 -511.342526 -516.740881 -524.459545 -532.625885 -542.739959 -541.004296 -538.144013 -535.416737 -539.329333 -540.514712 -543.702418 -543.874850 -542.822196 -547.099005 -544.447696 -544.206178
-517.058770 -511.816899 -510.114853 -517.339727 -518.376311 -516.387489 -512.436561 -512.774629 -510.980171 -501.892723 -487.814152 -476.235656 -463.456210 -461.977935 -468.266535 -473.117990 -480.926895 -485.743378 -479.730732 -474.565329 -468.895415 -462.367644 -454.894488 -448.467197 -448.162779 -447.882137 -446.642112 -445.701562 -442.720982 -437.041270 -428.537495 -418.814740 -413.821963 -420.430644 -430.289043 -442.892277 -452.473913 -455.096074 -458.025968 -454.840838 -454.017530 -463.240732 -475.559309 -486.640747 -499.432973 -509.361451 -516.776737 -512.306325 -516.343473 -519.392374 -522.700205 -533.487875 -535.182017 -535.790112 -545.907201 -546.660072 -543.363149
-488.418461 -483.018309 -474.827848 -474.946832 -473.361656 -472.650798 -470.590398 -468.835608 -465.982078 -444.270898 -412.707961 -380.715448 -350.662513 -337.778328 -351.926569 -365.781247 -378.972108 -390.233011 -392.273975 -380.523472 -362.015953 -337.916233 -315.623234 -303.180933 -303.698249 -302.157355 -298.254897 -289.013238 -277.796451 -246.370259 -183.359472 -146.290082 -128.896439 -135.504888 -171.225627 -255.019540 -319.223128 -338.241483 -344.531972 -352.080108 -351.859525 -351.496496 -377.647746 -401.902814 -428.849838 -457.123971 -471.051972 -481.256079 -488.583121 -494.178492 -509.749988 -521.673512 -530.989919 -537.835991 -545.707287 -546.139539 -533.760039
-426.274680 -398.345599 -380.873983 -374.010719 -372.406034 -369.905128 -362.769943 -354.567971 -337.210047 -275.621231 -165.680717 -112.193575 -82.907542 -79.064006 -87.470392 -96.954930 -106.406076 -114.337826 -117.347315 -112.519043 -103.405581 -88.092043 -74.883551 -63.334531 -62.992731 -61.870269 -60.220324 -55.120829 -47.594469 -34.684800 -12.219041 3.131492 3.370170 3.361662 -3.310805 -35.784177 -66.581279 -79.463710 -87.010087 -92.338890 -92.383759 -92.389022 -96.259695 -122.668235 -182.387103 -329.208681 -382.426485 -408.459512 -422.589700 -434.999594 -441.764964 -464.061784 -472.530175 -485.316228 -500.120280 -514.688783 -498.280812
-226.065126 -144.352539 -113.850948 -104.220259 -104.432478 -103.242153 -97.641397 -90.784255 -76.042971 -47.360757 -12.617505 3.376356 3.790315 4.084363 3.996889 3.830090 3.566889 3.561611 3.564724 3.580623 3.676771 3.745774 3.974301 4.214501 4.285481 4.295785 4.237076 4.316110 4.380945 4.452117 4.531351 4.621535 4.725633 4.766698 4.685809 4.373541 4.009299 3.770094 3.671311 3.643490 3.620522 3.656159 3.643452 3.421957 -14.634306 -68.201273 -109.180113 -140.817004 -190.772038 -276.237426 -309.714987 -327.446978 -349.266482 -378.645976 -415.063838 -449.549247 -465.839381
-38.780666 -4.520308 3.458394 3.707530 3.705656 3.770317 3.776113 3.918686 4.184236 4.527144 4.757190 4.954983 5.244073 6.425460 11.343174 12.759856 13.673768 15.458849 15.685518 15.732652 16.313848 16.838421 16.734345 19.295560 20.005820 19.583361 20.064689 20.047192 20.633037 20.590225 20.420258 18.752311 18.819743 18.754317 19.079673 16.830283 9.553500 5.284038 5.125718 5.062584 4.971022 4.844800 4.699615 4.584429 4.391554 3.974102 3.481994 -2.559082 -19.143373 -44.785529 -62.145409 -73.024979 -90.077467 -113.601494 -159.107261 -280.836436 -370.230278
4.159940 4.488609 4.840069 5.040486 5.151644 5.266974 5.296247 9.116735 18.546322 21.484966 20.728775 21.275897 20.545213 21.066895 20.411716 21.082162 18.393092 19.052208 17.717320 12.549228 5.334031 5.697765 6.812016 9.143040 12.325540 10.960522 11.659804 14.501693 13.223858 8.514537 5.679221 5.376471 5.402290 10.637898 13.311692 14.108941 14.757875 14.523109 14.583238 14.693268 14.747129 14.834486 14.829856 10.395554 5.545414 5.146256 4.784001 4.362134 4.142146 3.998668 4.002869 3.914031 3.857162 3.555652 -4.219222 -51.533398 -99.385116
12.431580 22.309036 22.532740 21.888610 22.044315 22.906720 25.376041 23.793237 21.490920 17.146798 13.306613 12.347717 11.274842 9.175440 9.771913 8.147370 5.576999 5.422163 5.310023 5.130471 4.930113 4.917390 5.034264 5.101532 5.146652 5.155513 5.281463 5.412882 5.211841 5.086526 4.983352 4.937595 5.082815 5.150032 5.250940 5.305654 5.222875 5.122098 5.251247 5.136887 5.141586 5.236284 5.689033 12.501416 12.541945 12.647223 12.765698 12.925069 5.327357 4.925955 5.140133 5.036109 4.875066 4.621383 4.387112 3.960435 3.568181
15.657152 13.421909 8.508032 5.392827 5.295544 6.373692 12.665527 13.972859 8.240006 5.360661 5.228629 5.118172 5.125641 5.106890 5.097939 5.211625 5.061482 5.026777 4.843725 4.759959 4.643251 4.563961 4.525151 4.602867 4.697666 4.778190 4.896307 4.755390 4.709020 4.615744 4.527130 4.571986 4.580114 4.661588 4.828693 4.816835 4.868371 4.771052 4.769949 4.689858 4.651458 4.733815 4.890186 5.046592 5.222384 5.324092 5.499579 7.892422 15.102259 15.138899 15.136068 15.124817 11.297874 5.395217 5.090847 4.864950 4.643905
5.327821 5.277687 5.156863 5.058310 5.028823 5.142742 5.322353 5.181058 5.060674 4.922381 4.798989 4.680772 4.621066 4.676043 4.732667 4.803688 4.734675 4.570349 4.376503 4.169334 3.869268 3.801896 3.692527 3.572754 3.708744 3.951853 4.060325 3.818020 3.735055 3.551419 3.477124 3.448518 3.456672 3.568868 3.842354 4.157914 4.178938 4.021240 3.920957 3.912064 3.913905 4.103808 4.408761 4.622964 4.733449 4.802783 4.823628 4.915817 5.027194 5.155603 5.332084 5.631262 14.352800 14.712378 14.772899 14.868199 5.453051
5.065905 5.007210 4.961061 4.917023 4.874103 4.870829 4.830320 4.727077 4.648211 4.532314 4.294405 4.054249 3.784136 3.741476 3.688472 3.786707 3.598212 3.464520 -0.339018 -27.617737 -61.521721 -79.614640 -88.853958 -96.045055 -91.565933 -77.752897 -68.955456 -82.613914 -91.700263 -103.363168 -108.700117 -111.219725 -109.727043 -100.101855 -76.759607 -56.188714 -47.098006 -53.814613 -57.212893 -55.410806 -47.245177 -21.636714 0.586225 3.442860 3.783497 4.075577 4.295066 4.409642 4.505752 4.650778 4.760470 4.853030 5.012679 5.256926 5.646671 11.858902 17.544610
4.807798 4.742569 4.641524 4.519099 4.459498 4.562805 4.384499 4.224206 3.890907 -11.658306 -41.353392 -76.425371 -97.605569 -104.555710 -111.540278 -114.490668 -121.598970 -129.455523 -153.694667 -229.014957 -312.125661 -346.017491 -355.221618 -360.934209 -364.171970 -349.051643 -341.692159 -347.740080 -360.293785 -372.309937 -378.857329 -382.195501 -377.069436 -358.700863 -334.703309 -306.270114 -291.398766 -305.698963 -299.481364 -289.798478 -281.106690 -187.715365 -136.423124 -109.075088 -80.553310 -40.890486 -6.981367 3.237916 3.475086 3.751086 4.076205 4.328376 4.567219 4.813112 4.931492 5.017813 5.167055
4.419453 4.151316 3.887687 3.667270 3.446137 3.476873 3.273099 -11.172398 -76.216221 -145.031311 -247.707342 -326.878194 -361.922025 -372.699888 -378.925849 -395.339492 -404.880659 -413.131665 -416.122079 -431.512490 -447.198681 -457.306134 -460.678674 -462.226900 -467.253698 -467.954703 -465.550599 -460.443929 -466.410452 -469.811512 -468.798559 -470.758216 -472.183891 -465.903898 -456.031581 -450.178914 -445.146383 -442.139533 -441.681923 -441.394921 -427.011764 -413.399654 -396.585669 -372.134633 -336.183538 -260.360884 -158.670968 -122.151393 -99.789380 -70.785579 -31.476607 0.269746 3.565905 4.085867 4.395739 4.562471 4.654283
-3.877329 -35.509055 -71.912337 -96.570794 -118.254785 -123.312871 -140.247540 -192.662882 -339.768462 -399.360484 -433.125955 -449.473947 -463.030556 -468.265944 -475.997515 -488.467563 -495.659338 -494.277946 -490.974077 -493.271886 -499.399543 -503.654046 -506.157584 -508.926986 -513.633383 -516.663651 -513.184618 -510.255133 -510.546926 -510.496450 -509.207985 -509.462310 -510.294984 -511.984045 -507.328826 -505.000691 -502.186097 -500.449647 -500.467429 -490.591214 -481.708086 -476.583746 -467.509323 -457.312860 -443.338882 -424.325788 -402.370611 -384.792354 -360.881048 -320.923353 -214.740381 -135.888319 -91.119336 -42.567387 -1.897308 3.445964 3.711077
-147.582359 -237.589534 -328.784161 -377.934597 -392.365033 -398.142864 -402.392326 -426.387728 -457.385871 -479.505339 -490.481393 -497.758306 -504.172992 -510.174539 -517.431491 -524.360597 -529.043209 -524.640031 -522.927928 -519.058688 -523.744897 -527.176979 -527.270341 -530.526417 -533.280000 -537.837539 -533.987858 -532.866306 -528.597288 -529.380496 -529.541056 -527.608912 -528.689111 -529.078041 -532.470355 -529.797133 -528.886676 -527.841124 -521.065095 -515.437837 -509.893368 -505.617975 -500.997219 -494.758604 -486.755966 -477.679577 -466.648719 -457.834351 -447.719180 -433.062371 -412.289536 -385.426081 -347.064640 -258.383996 -154.719737 -114.279411 -84.795757
-400.390600 -424.887337 -448.034897 -471.632540 -483.226774 -481.348110 -491.548431 -501.144868 -515.365410 -519.253627 -521.533337 -525.783333 -528.721848 -530.810959 -535.653896 -538.781554 -544.902558 -542.189775 -538.888425 -533.856999 -537.993061 -538.231459 -536.942247 -539.026829 -541.190867 -545.318495 -544.762023 -541.615433 -537.847367 -538.411897 -537.819862 -535.586458 -535.489070 -537.245599 -541.078978 -540.396199 -538.444943 -536.826193 -533.146976 -530.045599 -527.104586 -524.802259 -521.101278 -516.697112 -512.047296 -505.895560 -498.317170 -494.047639 -485.978675 -475.943906 -465.915381 -458.929907 -447.730476 -425.246136 -402.433809 -377.032162 -344.460542
-470.662412 -479.920888 -494.057457 -506.578714 -518.388551 -525.239045 -531.000855 -536.329895 -536.822272 -537.873318 -539.896427 -541.543275 -543.515069 -545.340128 -546.691235 -549.431451 -555.919625 -553.054368 -549.392153 -545.146170 -544.971496 -545.336230 -544.818961 -545.591698 -548.361052 -553.698299 -551.463464 -548.474835 -545.842680 -545.190452 -544.836680 -543.110148 -544.418040 -547.007384 -550.896347 -549.366449 -546.727898 -545.595555 -544.180953 -541.890062 -539.492724 -537.220998 -534.570174 -532.054244 -528.353373 -524.201069 -519.462755 -514.115373 -508.121778 -500.422762 -498.104441 -494.255232 -490.423353 -482.662895 -474.092994 -463.137853 -449.848625
-507.920719 -513.240648 -520.060871 -528.436390 -531.886673 -535.449728 -538.480322 -541.931037 -543.834326 -545.394137 -543.649329 -544.188258 -546.887582 -546.254532 -547.505993 -552.759853 -550.509118 -548.974541 -544.597348 -545.617982 -545.887854 -546.924316 -546.115300 -546.702561 -551.989547 -549.151921 -548.120097 -545.224953 -544.956848 -544.508152 -544.154494 -543.687969 -544.291076 -548.025450 -547.183500 -546.345122 -543.803623 -544.126816 -543.468768 -540.801367 -540.536369 -539.335495 -537.438617 -535.506232 -533.178900 -530.289997 -525.867391 -521.328776 -516.868985 -516.434779 -513.524498 -511.044410 -515.267838 -510.048876 -505.986551 -501.972496 -494.510073
