tests/Borden05m/data_simulated/sim_1/output-maps/psiliqL0030N0009.asc
ncols         160
nrows         34
xllcorner     620200.000000
yllcorner     5168000.000000
cellsize      0.500000
NODATA_value  -9999.0
[rows 0 to 24 of 34, columns 0 to 54 of 160]
-9999.0 -9999.0 -9999.0 -9999.0 -9999.0 -9999.0 -9999.0 -9999.0 -9999.0 -9999.0 -9999.0 -9999.0 -9999.0 -9999.0 -9999.0 -9999.0 -9999.0 -9999.0 -9999.0 -9999.0 -9999.0 -9999.0 -9999.0 -9999.0 -9999.0 -9999.0 -9999.0 -9999.0 -9999.0 -9999.0 -9999.0 -9999.0 -9999.0 -9999.0 -9999.0 -9999.0 -9999.0 -9999.0 -9999.0 -9999.0 -9999.0 -9999.0 -9999.0 -9999.0 -9999.0 -9999.0 -9999.0 -9999.0 -9999.0 -9999.0 -9999.0 -9999.0 -9999.0 -9999.0 -9999.0
-9999.0 -9999.0 -9999.0 -9999.0 -9999.0 -9999.0 -9999.0 -9999.0 -9999.0 -9999.0 -9999.0 -9999.0 -9999.0 -9999.0 -9999.0 -9999.0 -9999.0 -9999.0 -9999.0 -9999.0 -9999.0 -9999.0 -9999.0 -9999.0 -9999.0 -9999.0 -9999.0 -9999.0 -9999.0 -9999.0 -9999.0 -9999.0 -9999.0 -9999.0 -9999.0 -9999.0 -9999.0 -9999.0 -9999.0 -9999.0 -9999.0 -9999.0 -9999.0 -9999.0 -9999.0 -9999.0 -9999.0 -9999.0 -9999.0 -9999.0 -9999.0 -9999.0 -9999.0 -9999.0 -9999.0
-9999.0 -9999.0 -9999.0 -9999.0 -9999.0 -9999.0 -9999.0 -9999.0 -9999.0 -9999.0 -9999.0 -9999.0 -9999.0 -9999.0 -9999.0 -9999.0 -9999.0 -9999.0 -9999.0 -9999.0 -9999.0 -9999.0 -9999.0 -9999.0 -9999.0 -9999.0 -9999.0 -9999.0 -9999.0 -9999.0 -9999.0 -9999.0 -9999.0 -9999.0 -9999.0 -9999.0 -9999.0 -9999.0 -9999.0 -9999.0 -9999.0 -9999.0 -9999.0 -9999.0 -9999.0 -9999.0 -9999.0 4072.143923 4055.002210 4042.320059 4036.715379 4057.135465 4079.979617 4103.687316 4124.083622
-9999.0 -9999.0 -9999.0 -9999.0 -9999.0 -9999.0 -9999.0 -9999.0 -9999.0 -9999.0 -9999.0 -9999.0 -9999.0 -9999.0 -9999.0 -9999.0 -9999.0 -9999.0 -9999.0 -9999.0 -9999.0 -9999.0 -9999.0 -9999.0 -9999.0 -9999.0 -9999.0 -9999.0 -9999.0 -9999.0 -9999.0 -9999.0 -9999.0 -9999.0 -9999.0 -9999.0 -9999.0 -9999.0 -9999.0 -9999.0 4123.990347 4129.842385 4128.999966 4119.243959 4107.740561 4093.383461 4072.437093 4055.383932 4042.845883 4041.032121 4043.247504 4044.904614 4064.719014 4090.241975 4110.104588
-9999.0 -9999.0 -9999.0 -9999.0 -9999.0 -9999.0 -9999.0 -9999.0 -9999.0 -9999.0 -9999.0 -9999.0 -9999.0 -9999.0 -9999.0 -9999.0 -9999.0 -9999.0 -9999.0 -9999.0 -9999.0 -9999.0 -9999.0 -9999.0 -9999.0 -9999.0 -9999.0 -9999.0 -9999.0 -9999.0 -9999.0 -9999.0 -9999.0 -9999.0 4031.842911 4048.480395 4066.203932 4084.684037 4101.622269 4108.689476 4114.431602 4119.518436 4114.524432 4109.994272 4097.951798 4076.017882 4056.600380 4044.040259 4043.333843 4040.747620 4043.812396 4054.630722 4070.957452 4085.306557 4105.468760
-9999.0 -9999.0 -9999.0 -9999.0 -9999.0 -9999.0 -9999.0 -9999.0 -9999.0 -9999.0 -9999.0 -9999.0 -9999.0 -9999.0 -9999.0 -9999.0 -9999.0 -9999.0 -9999.0 -9999.0 -9999.0 -9999.0 -9999.0 -9999.0 -9999.0 -9999.0 -9999.0 -9999.0 4038.510672 4032.433570 4027.530788 4025.723207 4024.009237 4022.922628 4029.339867 4039.915624 4056.380148 4078.414313 4091.636452 4098.741446 4105.540135 4105.526658 4099.057882 4097.164453 4097.414906 4084.140794 4071.326958 4059.313977 4047.504943 4043.494405 4051.835340 4065.827955 4081.750410 4095.926883 4110.824737
-9999.0 -9999.0 -9999.0 -9999.0 -9999.0 -9999.0 -9999.0 -9999.0 -9999.0 -9999.0 -9999.0 -9999.0 -9999.0 -9999.0 -9999.0 -9999.0 -9999.0 -9999.0 -9999.0 -9999.0 -9999.0 -9999.0 -9999.0 4008.927546 4013.398745 4019.738457 4027.283120 4028.060313 4024.853018 4019.347174 4016.554925 4014.890799 4012.117381 4016.378635 4022.664819 4035.035015 4049.724608 4071.824859 4079.591744 4082.850953 4093.515767 4097.201134 4105.399939 4108.826439 4106.446975 4101.503596 4085.315150 4072.498477 4073.192615 4076.099392 4082.542046 4090.589148 4103.701138 4116.429847 4130.583371
-9999.0 -9999.0 -9999.0 -9999.0 -9999.0 -9999.0 -9999.0 -9999.0 -9999.0 -9999.0 -9999.0 -9999.0 -9999.0 -9999.0 -9999.0 -9999.0 -9999.0 -9999.0 -9999.0 3984.747128 3985.763701 3987.259497 3992.031850 3992.101195 3993.523112 3999.947185 4007.608277 4010.401200 4007.685838 4006.522047 4007.368434 4009.453589 4013.548957 4023.142702 4035.763081 4048.935099 4060.664755 4080.540912 4094.080498 4105.195862 4119.459523 4119.697059 4115.651705 4113.450698 4112.554001 4109.668708 4105.451514 4102.618156 4108.178696 4106.863957 4108.784155 4117.278937 4128.879890 4144.198397 4160.352982
-9999.0 -9999.0 -9999.0 -9999.0 -9999.0 -9999.0 -9999.0 -9999.0 -9999.0 -9999.0 -9999.0 -9999.0 -9999.0 -9999.0 -9999.0 -9999.0 3955.662364 3957.286761 3959.573104 3964.983834 3968.809943 3972.510900 3979.234751 3980.536902 3983.398503 3989.943724 3993.667212 4002.534002 4010.380232 4016.622718 4021.578015 4022.975362 4028.122104 4036.067162 4046.159832 4058.351810 4076.731398 4099.322454 4113.721679 4129.303290 4145.572398 4145.190665 4142.365467 4141.450518 4138.478203 4137.331015 4149.811614 4151.354582 4143.189522 4149.839880 4160.129365 4161.506288 4167.557736 4186.938458 4208.092647
-9999.0 -9999.0 -9999.0 -9999.0 -9999.0 -9999.0 -9999.0 -9999.0 -9999.0 -9999.0 -9999.0 -9999.0 -9999.0 3905.242289 3908.975140 3919.233595 3931.344112 3934.348109 3939.280332 3945.924642 3957.645344 3960.831104 3966.188022 3972.604242 3984.834647 3992.643944 4000.349667 4010.997701 4017.731001 4023.373142 4028.270129 4028.930821 4038.466461 4050.677673 4063.197885 4080.585745 4101.183986 4117.676872 4133.891623 4149.355041 4159.279566 4154.169901 4152.542499 4153.728208 4156.566499 4167.294486 4182.234008 4179.083371 4185.185359 4204.131643 4212.649538 4217.952744 4222.730434 4236.338142 4257.687312
-9999.0 -9999.0 -9999.0 -9999.0 -9999.0 -9999.0 -9999.0 -9999.0 -9999.0 -9999.0 3880.868180 3881.829610 3877.679530 3873.731496 3879.441423 3891.525023 3906.023527 3910.760100 3922.471984 3943.509499 3961.973066 3964.166263 3976.346884 3985.683053 3991.300840 3999.544486 4010.806661 4021.011877 4034.232691 4043.885606 4050.006907 4063.538380 4077.321534 4091.595228 4106.936432 4125.810042 4139.338246 4160.208840 4183.221956 4189.492281 4203.735587 4203.159268 4197.955010 4194.815244 4203.438441 4212.242695 4224.173174 4236.624538 4253.362844 4273.534907 4281.057262 4293.033062 4301.207443 4310.686420 4325.737859
-9999.0 -9999.0 -9999.0 -9999.0 -9999.0 -9999.0 -9999.0 -9999.0 3856.463756 3864.613236 3869.344469 3865.505068 3860.500719 3853.388594 3867.848111 3882.511554 3897.588513 3915.483422 3930.115832 3947.584291 3960.054607 3973.178173 3992.228902 4001.288179 4009.996087 4023.267891 4034.349997 4046.654820 4065.065598 4069.677342 4077.325078 4094.457589 4107.633750 4122.564769 4139.036755 4153.598639 4170.784432 4198.853073 4225.879239 4239.309071 4263.970480 4278.729861 4271.202266 4267.869719 4267.900908 4289.594586 4314.265675 4342.292876 4358.828727 4380.671928 4408.206338 4427.362453 4436.378207 4447.270618 4460.968260
-9999.0 -9999.0 -9999.0 -9999.0 -9999.0 -9999.0 3827.762096 3851.895720 3866.718096 3857.337508 3841.118823 3834.810740 3827.238783 3859.955319 3881.733259 3898.258545 3913.940050 3930.419399 3945.448558 3951.239332 3978.321723 3996.986254 4006.671049 4017.006267 4029.945004 4042.809052 4057.122917 4076.288527 4091.057101 4109.274220 4121.160543 4134.140240 4155.846917 4171.405328 4186.813701 4198.290710 4224.092408 4257.436424 4290.966388 4313.808484 4337.238713 4368.757525 4366.495252 4367.375535 4367.645966 4392.167224 4426.524286 4456.114146 4487.408964 4517.599514 4546.451041 4556.846999 4565.739230 4575.571119 4588.176906
-9999.0 -9999.0 -9999.0 -9999.0 3796.298860 3816.759680 3834.433911 3863.705352 3884.840276 3879.194077 3882.070870 3878.597756 3872.504429 3877.068657 3884.673700 3900.567926 3918.739327 3937.304917 3949.303032 3972.827570 4019.280336 4027.743157 4041.426741 4068.814980 4077.759534 4090.121493 4104.276102 4122.893303 4138.053820 4162.636233 4193.424635 4219.622574 4239.238598 4257.048055 4275.225683 4290.548577 4325.699064 4362.372658 4397.664330 4428.516362 4454.779234 4481.029507 4486.444349 4490.949978 4500.799531 4518.306508 4541.568149 4569.452358 4603.927066 4636.326108 4659.464812 4667.723633 4672.617988 4682.214613 4689.377407
-9999.0 -9999.0 -9999.0 3740.749446 3779.701915 3819.505525 3844.066121 3873.342954 3904.977116 3902.558243 3910.303605 3907.696281 3903.928456 3907.413759 3907.955598 3923.112817 3940.640696 3960.469077 3980.570000 4012.137448 4038.623265 4051.992168 4077.622304 4089.827104 4099.832654 4111.038080 4128.775623 4147.077700 4181.921594 4209.294346 4253.950190 4303.789525 4334.854358 4353.289174 4376.045453 4403.941086 4429.543352 4469.312011 4503.525188 4535.772367 4566.081884 4588.055947 4601.671242 4606.029532 4616.063949 4621.540031 4633.579290 4654.742087 4677.481998 4708.880083 4738.623358 4768.769973 4784.608933 4796.203536 4813.835944
-9999.0 -9999.0 3691.983338 3731.904355 3761.993929 3807.043337 3859.472917 3894.096040 3932.233248 3948.768012 3950.046430 3957.835516 3965.889731 3964.231724 3970.174908 3980.673116 4003.227736 4012.116408 4032.872570 4043.750488 4076.873451 4107.116140 4095.754124 4130.258785 4159.256662 4193.052924 4215.258165 4241.895328 4280.411863 4312.596937 4356.342837 4406.747355 4440.605586 4468.308826 4484.698484 4505.760786 4526.187420 4553.695240 4591.612824 4617.079784 4651.676711 4677.410178 4696.936012 4696.692163 4699.259695 4715.829331 4745.389214 4777.716592 4807.977943 4838.507754 4818.607322 4845.157492 4857.044353 4863.676323 4874.104132
-9999.0 -9999.0 3660.415420 3707.323743 3739.579132 3794.241167 3882.336130 3914.940654 3953.268499 3997.939700 4009.544847 4029.395155 4017.221864 3999.427479 4014.933651 4026.384093 4049.002898 4056.620265 4049.101847 4100.233380 4151.226018 4168.477958 4163.797402 4243.642620 4298.185757 4324.981994 4343.324737 4364.052666 4383.186085 4421.012605 4458.848244 4514.514509 4556.013528 4586.356120 4601.224272 4622.374369 4642.411946 4657.517280 4677.777431 4726.887543 4764.888447 4797.355496 4830.896601 4852.879876 4861.338173 4867.051343 4837.842777 4860.076456 4875.154405 4881.657430 4884.303810 4880.424714 4879.909047 4880.790001 4881.709746
-9999.0 3565.363092 3617.894919 3667.203450 3729.617611 3788.388590 3859.850518 3932.501914 4001.076002 4054.233669 4077.944126 4065.002901 4053.697560 4073.605862 4090.999750 4104.458791 4110.839221 4122.786800 4101.688816 4156.905428 4190.547173 4233.388464 4330.723399 4390.386484 4459.470796 4454.613230 4441.892982 4445.553597 4460.224295 4508.243117 4591.233253 4650.664497 4720.629970 4772.697374 4791.028072 4799.349514 4818.989098 4840.623954 4778.881495 4828.159250 4850.999492 4870.057886 4881.480411 4884.107262 4885.574373 4885.301174 4881.502634 4874.293017 4865.976662 4860.024446 4855.718589 4851.215197 4853.661744 4857.008039 4856.994142
-9999.0 3525.792596 3582.305027 3649.307708 3715.033340 3754.427631 3829.345058 4002.537094 4067.437228 4105.308624 4105.334727 4066.611283 4118.549026 4176.922372 4198.917202 4244.921439 4227.031626 4211.335121 4168.012105 4191.899544 4228.409661 4299.553772 4480.171214 4571.267003 4631.099422 4639.027416 4638.799250 4668.333497 4715.402671 4766.807044 4817.065527 4777.614431 4834.349359 4862.453013 4868.325762 4869.147819 4875.453463 4873.759019 4872.630752 4868.031928 4862.758540 4862.947927 4867.785160 4867.655241 4864.617323 4861.104022 4855.317813 4847.900623 4842.778753 4838.133706 4835.497140 4832.699340 4830.599559 4829.579431 4824.468210
-9999.0 3481.230998 3557.192391 3613.199074 3652.007347 3734.234249 3865.192401 4011.780799 4109.137535 4142.009096 4104.988336 4129.807514 4234.279028 4344.901832 4398.595902 4419.443792 4394.828180 4338.952221 4312.745010 4357.182386 4430.747282 4560.580583 4715.266786 4822.901938 4839.717239 4843.633821 4788.093032 4817.977674 4845.676948 4848.963939 4850.264547 4859.831776 4865.035440 4868.151669 4866.525815 4863.617577 4858.736507 4850.420698 4845.651195 4841.838003 4837.973242 4836.603681 4838.438955 4840.509636 4837.586714 4833.640763 4829.145190 4823.572845 4817.169344 4810.308875 4805.822280 4801.425023 4799.223257 4793.346446 4789.957897
-9999.0 3348.377920 3447.681476 3482.323754 3540.905323 3734.264257 3863.965732 4000.497765 4172.217205 4186.903279 4223.240547 4370.269160 4495.686627 4579.937800 4606.751814 4639.116179 4663.751126 4678.723121 4717.477040 4574.974618 4664.483783 4776.219671 4828.328986 4850.925472 4863.895220 4864.327231 4853.976559 4832.691932 4821.847280 4815.078729 4816.695293 4824.043335 4828.524928 4833.153857 4830.797797 4832.052337 4833.521233 4830.387209 4826.259685 4817.324654 4809.359262 4802.330700 4798.585640 4803.119696 4798.501806 4796.341289 4789.983615 4781.285233 4772.104023 4764.681620 4756.479909 4749.813981 4747.613856 4742.608270 4741.351174
-9999.0 3267.176153 3337.743615 3385.366679 3484.675853 3647.469797 3729.478685 3883.511651 4136.166075 4280.076914 4458.619704 4557.595733 4629.176163 4667.182002 4715.707833 4771.367890 4800.632921 4814.270933 4778.133188 4805.229371 4759.899251 4748.415033 4766.874430 4797.676618 4816.553272 4820.927294 4813.332022 4804.628102 4797.323739 4796.201039 4793.765518 4788.890597 4784.010360 4779.973177 4776.834814 4780.161522 4785.757731 4778.276892 4767.376828 4757.434159 4748.488304 4738.903559 4732.751271 4727.636138 4728.439389 4728.789329 4720.961245 4710.246373 4699.102530 4690.590486 4683.352775 4679.013570 4676.106172 4670.911294 4660.444374
-9999.0 3138.315779 3275.088099 3343.689968 3426.155424 3550.542467 3644.712894 3790.970245 3913.751937 4167.893543 4304.976883 4528.005148 4582.524322 4658.136232 4703.740825 4781.053056 4775.094301 4744.027950 4698.307862 4682.620337 4696.595023 4706.363090 4713.988413 4727.696840 4746.027461 4756.698062 4762.839150 4757.363936 4742.992893 4729.591153 4717.139120 4702.246630 4692.111159 4689.218583 4694.305492 4705.246248 4705.232473 4695.794216 4681.189132 4662.125538 4645.888836 4633.589815 4631.795323 4634.962372 4636.317401 4631.959252 4626.288350 4615.213920 4602.331972 4589.428070 4584.034436 4579.791040 4571.932223 4559.979198 4547.485449
-9999.0 -9999.0 3184.404600 3290.966513 3376.933451 3481.228746 3558.203746 3664.718245 3800.216916 3968.120327 4085.252540 4283.916443 4388.513992 4433.937656 4464.686545 4522.706138 4551.642370 4588.193897 4587.048046 4602.216111 4614.195738 4620.298724 4625.103207 4629.801755 4640.056772 4650.264892 4661.599440 4658.731718 4650.049009 4628.445200 4600.984700 4579.524055 4568.454468 4558.425431 4571.462966 4584.423797 4578.059760 4570.986224 4557.987948 4541.440597 4528.855678 4514.293041 4510.839694 4510.557856 4511.230760 4508.981373 4506.910259 4494.340981 4482.004994 4472.462097 4468.659537 4462.941998 4459.665039 4449.844585 4439.174647
-9999.0 -9999.0 3093.914753 3194.893170 3290.403631 3403.075923 3478.372600 3466.928720 3595.422698 3693.443655 3802.540972 3919.215735 4022.266851 4094.232314 4124.953874 4189.196321 4251.801059 4272.262687 4320.253098 4383.203376 4421.324331 4465.521820 4490.976089 4500.169075 4512.832182 4528.107651 4535.486256 4519.225908 4507.839956 4490.492532 4466.197801 4438.199664 4424.072464 4424.531374 4422.528604 4422.906357 4414.592134 4405.697826 4391.016448 4377.435539 4365.324416 4357.031656 4353.501536 4347.135716 4344.440015 4341.640260 4340.239394 4335.807269 4328.230888 4324.364916 4315.940152 4312.659916 4312.299038 4310.065568 4305.027710
