tests/Borden05m/data_simulated/sim_1/output-maps/psiliqL0022N0017.asc
ncols         160
nrows         34
xllcorner     620200.000000
yllcorner     5168000.000000
cellsize      0.500000
NODATA_value  -9999.0
[rows 0 to 24 of 34, columns 0 to 54 of 160]
-9999.0 -9999.0 -9999.0 -9999.0 -9999.0 -9999.0 -9999.0 -9999.0 -9999.0 -9999.0 -9999.0 -9999.0 -9999.0 -9999.0 -9999.0 -9999.0 -9999.0 -9999.0 -9999.0 -9999.0 -9999.0 -9999.0 -9999.0 -9999.0 -9999.0 -9999.0 -9999.0 -9999.0 -9999.0 -9999.0 -9999.0 -9999.0 -9999.0 -9999.0 -9999.0 -9999.0 -9999.0 -9999.0 -9999.0 -9999.0 -9999.0 -9999.0 -9999.0 -9999.0 -9999.0 -9999.0 -9999.0 -9999.0 -9999.0 -9999.0 -9999.0 -9999.0 -9999.0 -9999.0 -9999.0
-9999.0 -9999.0 -9999.0 -9999.0 -9999.0 -9999.0 -9999.0 -9999.0 -9999.0 -9999.0 -9999.0 -9999.0 -9999.0 -9999.0 -9999.0 -9999.0 -9999.0 -9999.0 -9999.0 -9999.0 -9999.0 -9999.0 -9999.0 -9999.0 -9999.0 -9999.0 -9999.0 -9999.0 -9999.0 -9999.0 -9999.0 -9999.0 -9999.0 -9999.0 -9999.0 -9999.0 -9999.0 -9999.0 -9999.0 -9999.0 -9999.0 -9999.0 -9999.0 -9999.0 -9999.0 -9999.0 -9999.0 -9999.0 -9999.0 -9999.0 -9999.0 -9999.0 -9999.0 -9999.0 -9999.0
-9999.0 -9999.0 -9999.0 -9999.0 -9999.0 -9999.0 -9999.0 -9999.0 -9999.0 -9999.0 -9999.0 -9999.0 -9999.0 -9999.0 -9999.0 -9999.0 -9999.0 -9999.0 -9999.0 -9999.0 -9999.0 -9999.0 -9999.0 -9999.0 -9999.0 -9999.0 -9999.0 -9999.0 -9999.0 -9999.0 -9999.0 -9999.0 -9999.0 -9999.0 -9999.0 -9999.0 -9999.0 -9999.0 -9999.0 -9999.0 -9999.0 -9999.0 -9999.0 -9999.0 -9999.0 -9999.0 -9999.0 2504.799649 2487.842544 2474.170773 2470.646138 2492.626511 2516.331874 2540.692465 2561.768674
-9999.0 -9999.0 -9999.0 -9999.0 -9999.0 -9999.0 -9999.0 -9999.0 -9999.0 -9999.0 -9999.0 -9999.0 -9999.0 -9999.0 -9999.0 -9999.0 -9999.0 -9999.0 -9999.0 -9999.0 -9999.0 -9999.0 -9999.0 -9999.0 -9999.0 -9999.0 -9999.0 -9999.0 -9999.0 -9999.0 -9999.0 -9999.0 -9999.0 -9999.0 -9999.0 -9999.0 -9999.0 -9999.0 -9999.0 -9999.0 2552.905313 2559.039627 2559.565674 2549.951461 2539.096481 2526.233120 2506.112255 2488.874735 2475.606366 2473.958183 2476.969441 2480.865785 2502.621071 2528.380674 2548.779587
-9999.0 -9999.0 -9999.0 -9999.0 -9999.0 -9999.0 -9999.0 -9999.0 -9999.0 -9999.0 -9999.0 -9999.0 -9999.0 -9999.0 -9999.0 -9999.0 -9999.0 -9999.0 -9999.0 -9999.0 -9999.0 -9999.0 -9999.0 -9999.0 -9999.0 -9999.0 -9999.0 -9999.0 -9999.0 -9999.0 -9999.0 -9999.0 -9999.0 -9999.0 2458.927514 2476.267072 2494.641532 2513.624593 2530.989697 2538.347045 2544.336922 2550.106576 2546.020980 2541.990913 2530.859766 2510.823991 2491.885826 2479.200533 2478.360249 2476.446932 2480.760969 2493.233212 2510.471336 2526.381838 2547.567265
-9999.0 -9999.0 -9999.0 -9999.0 -9999.0 -9999.0 -9999.0 -9999.0 -9999.0 -9999.0 -9999.0 -9999.0 -9999.0 -9999.0 -9999.0 -9999.0 -9999.0 -9999.0 -9999.0 -9999.0 -9999.0 -9999.0 -9999.0 -9999.0 -9999.0 -9999.0 -9999.0 -9999.0 2461.731945 2456.141304 2451.772528 2450.805434 2449.985934 2449.509967 2456.546451 2468.335729 2486.130645 2508.620472 2522.342197 2530.086192 2537.337357 2538.255320 2533.100836 2531.821148 2532.783162 2520.865322 2509.252724 2498.414743 2487.898496 2485.781988 2495.446400 2510.240567 2527.026702 2542.248024 2558.057765
-9999.0 -9999.0 -9999.0 -9999.0 -9999.0 -9999.0 -9999.0 -9999.0 -9999.0 -9999.0 -9999.0 -9999.0 -9999.0 -9999.0 -9999.0 -9999.0 -9999.0 -9999.0 -9999.0 -9999.0 -9999.0 -9999.0 -9999.0 2429.753756 2435.241223 2442.248181 2450.413021 2451.914127 2448.833371 2443.904320 2441.718526 2440.914636 2439.443186 2444.566379 2452.406437 2466.060349 2482.024476 2504.758489 2513.667157 2519.019541 2531.158177 2535.128402 2542.893583 2547.398746 2546.093442 2542.873623 2529.187704 2518.810922 2522.356660 2527.464542 2534.855579 2543.610288 2557.507822 2572.196483 2588.480050
-9999.0 -9999.0 -9999.0 -9999.0 -9999.0 -9999.0 -9999.0 -9999.0 -9999.0 -9999.0 -9999.0 -9999.0 -9999.0 -9999.0 -9999.0 -9999.0 -9999.0 -9999.0 -9999.0 2403.679084 2405.008987 2406.866986 2412.142250 2413.051512 2415.413281 2422.809710 2431.472167 2434.840331 2433.387129 2432.916971 2434.971824 2438.276098 2443.429082 2454.769088 2468.866580 2483.418009 2497.068395 2518.304055 2533.287766 2546.468525 2562.444877 2563.111171 2559.955914 2558.793348 2559.371118 2558.693415 2559.303298 2559.969819 2566.657328 2569.094011 2573.975798 2583.577545 2595.517668 2612.932354 2631.603769
-9999.0 -9999.0 -9999.0 -9999.0 -9999.0 -9999.0 -9999.0 -9999.0 -9999.0 -9999.0 -9999.0 -9999.0 -9999.0 -9999.0 -9999.0 -9999.0 2373.804314 2375.917998 2378.685219 2384.586968 2388.517400 2392.992512 2400.455342 2402.369134 2406.477233 2414.191385 2419.415679 2429.203368 2438.120944 2445.898901 2452.396700 2455.498736 2462.864053 2472.722522 2484.759661 2499.491744 2520.377527 2544.134571 2560.303392 2577.424724 2595.052491 2596.132228 2595.136992 2596.161022 2595.680901 2598.692515 2614.343628 2618.738710 2615.971221 2628.250565 2641.171910 2645.246890 2654.156779 2674.421054 2697.587229
-9999.0 -9999.0 -9999.0 -9999.0 -9999.0 -9999.0 -9999.0 -9999.0 -9999.0 -9999.0 -9999.0 -9999.0 -9999.0 2324.074195 2328.427284 2338.910864 2350.183533 2353.560473 2358.836271 2365.880384 2378.577157 2382.758937 2389.349511 2397.235403 2410.354333 2419.653115 2429.199838 2441.572774 2450.294114 2457.900300 2465.055309 2469.400257 2481.981234 2496.898286 2512.205443 2532.095298 2554.325012 2573.716405 2592.698798 2609.250701 2622.046223 2621.453593 2621.128883 2623.869820 2630.079960 2646.117477 2664.061972 2667.820826 2680.547970 2702.261975 2714.079626 2723.476577 2731.311336 2745.694932 2767.457776
-9999.0 -9999.0 -9999.0 -9999.0 -9999.0 -9999.0 -9999.0 -9999.0 -9999.0 -9999.0 2293.744505 2295.810230 2292.638538 2291.240792 2297.300713 2310.117480 2324.975887 2331.437061 2343.902938 2365.720459 2384.704158 2388.488964 2402.845831 2413.947585 2421.433387 2432.117995 2445.629099 2458.455756 2474.797149 2487.191752 2497.409649 2515.270348 2531.645069 2548.364290 2566.215766 2586.907325 2604.362395 2630.034953 2657.300272 2668.218377 2687.562829 2693.675912 2690.699012 2690.294598 2700.180136 2713.858266 2731.456919 2750.034549 2768.622239 2791.959956 2805.253491 2819.192648 2829.574899 2841.391351 2857.404421
-9999.0 -9999.0 -9999.0 -9999.0 -9999.0 -9999.0 -9999.0 -9999.0 2268.247088 2276.391870 2282.440662 2279.679900 2275.670729 2270.989848 2285.907399 2302.058488 2318.567015 2337.273811 2353.579480 2372.395539 2387.342990 2403.209721 2424.177295 2436.071417 2447.751783 2463.535193 2477.408325 2493.620801 2514.879816 2524.969703 2538.638650 2559.238694 2576.236921 2594.054274 2613.038489 2630.742760 2655.116744 2687.203598 2718.071581 2737.356197 2764.426024 2782.971849 2779.772328 2780.479678 2783.823651 2808.532101 2836.377662 2866.135983 2832.142018 2853.420330 2881.240139 2898.170840 2907.480994 2918.799000 2932.731707
-9999.0 -9999.0 -9999.0 -9999.0 -9999.0 -9999.0 2239.324186 2263.915736 2279.447583 2271.467637 2259.222459 2255.073552 2250.180585 2279.037698 2301.906077 2319.872620 2337.307541 2355.520729 2372.468201 2383.158390 2415.237397 2434.950052 2448.605181 2464.463522 2479.826466 2495.172446 2512.661299 2535.450846 2555.106689 2580.265457 2600.638147 2620.632627 2647.339742 2666.594411 2685.260833 2701.651768 2731.496445 2766.684457 2802.671322 2829.494138 2855.405006 2834.183415 2833.563017 2836.417964 2839.742921 2861.953798 2894.220848 2922.348044 2951.353374 2981.760905 3008.219964 2995.111483 3002.439267 3012.016174 3024.060514
-9999.0 -9999.0 -9999.0 -9999.0 2205.916812 2226.942867 2246.378112 2276.969632 2299.544517 2295.026850 2300.733344 2300.063186 2297.180865 2302.462503 2310.939695 2329.213015 2348.899579 2368.928887 2385.277070 2416.436145 2463.328978 2477.040971 2497.765368 2529.020407 2542.019486 2557.519008 2574.326781 2596.626001 2618.806715 2650.488277 2689.388244 2722.666839 2746.892914 2767.616521 2788.624122 2808.649080 2844.039321 2828.732473 2861.285401 2892.873646 2919.051826 2941.615816 2949.971981 2955.669559 2966.008929 2982.371997 3003.295635 3005.671826 3035.852055 3066.902921 3089.909158 3098.315769 3103.741242 3112.973515 3120.925685
-9999.0 -9999.0 -9999.0 2153.222712 2192.315683 2231.529391 2257.959749 2288.792025 2321.497467 2323.661671 2333.038060 2335.387410 2337.214179 2344.551047 2350.552121 2368.098661 2386.369182 2405.672296 2428.723994 2464.694896 2497.141608 2520.484288 2550.769729 2571.678920 2588.678337 2603.828708 2623.384965 2646.030714 2686.168800 2720.406831 2768.200077 2820.798626 2855.626480 2826.815357 2845.822271 2872.444369 2896.684803 2929.909655 2963.279471 2994.322750 3001.235901 3021.833816 3036.747794 3041.656241 3050.398250 3056.513024 3069.663373 3088.321642 3109.526891 3138.617902 3166.470944 3187.292763 3201.008897 3211.012426 3227.046166
-9999.0 -9999.0 2105.088625 2144.101976 2176.597738 2224.846731 2278.211396 2313.504696 2353.962382 2375.307352 2380.530997 2394.258791 2407.917627 2412.268190 2424.619961 2440.081850 2461.693928 2471.161793 2491.617429 2514.133410 2557.029980 2596.336133 2602.884326 2648.326838 2681.131526 2713.050382 2733.440821 2761.517035 2800.099919 2838.137693 2835.313902 2881.404292 2915.262319 2940.957739 2956.340600 2975.604433 2995.416575 2996.299309 3029.207734 3054.832110 3084.817262 3109.314305 3128.790814 3131.183763 3134.108187 3149.371994 3175.121690 3197.511656 3223.542594 3249.675398 3241.261395 3259.271280 3267.421130 3271.981508 3279.145741
-9999.0 -9999.0 2076.063001 2122.139835 2158.941666 2220.308115 2304.771097 2340.602188 2382.302267 2428.872782 2445.398130 2468.877546 2470.592190 2468.420378 2489.459799 2508.152042 2527.066130 2535.978877 2533.849165 2588.409133 2645.551368 2681.193434 2703.626758 2777.845481 2828.889254 2851.513068 2823.098371 2840.544549 2861.525075 2900.675474 2938.433423 2990.090049 3008.789253 3035.933824 3049.706252 3067.731874 3086.208298 3099.808145 3117.969162 3160.400360 3186.293131 3213.814527 3242.815603 3262.948914 3270.567886 3274.511883 3254.472255 3269.413016 3279.753928 3284.227850 3285.934549 3282.270787 3281.641190 3282.392382 3283.328533
-9999.0 1984.119078 2036.588021 2088.183948 2154.392194 2218.208803 2296.540160 2373.884008 2437.623836 2488.962491 2516.716364 2518.074599 2532.759998 2565.418069 2588.550025 2610.380717 2616.789276 2627.010349 2613.536793 2667.903975 2711.442144 2770.451392 2833.856008 2887.364875 2942.572056 2940.714926 2929.197676 2936.625786 2954.980110 2998.331635 3048.330508 3098.035316 3155.715701 3194.787320 3209.541788 3215.665466 3232.804709 3252.118872 3214.752256 3249.198118 3264.581517 3277.659266 3284.060004 3285.875945 3286.894878 3286.718697 3283.174600 3276.385209 3268.383501 3262.671627 3258.530719 3254.033093 3256.462100 3259.770379 3260.199919
-9999.0 1946.750087 2004.948716 2074.594521 2143.547202 2198.409654 2288.975573 2447.470148 2507.697299 2546.459709 2559.452402 2553.544309 2619.351710 2682.994076 2712.673516 2759.282421 2749.927738 2739.212219 2713.792025 2744.302823 2788.457727 2819.716379 2972.513501 3038.655107 3078.986049 3087.109238 3089.357333 3115.901744 3155.785747 3192.941190 3230.916293 3210.305566 3249.872760 3268.904798 3272.940458 3273.523941 3277.869555 3276.722962 3274.894638 3270.645491 3265.625187 3265.772917 3270.129011 3269.952015 3267.081945 3263.853440 3258.251751 3250.830676 3245.558551 3240.950713 3238.271780 3235.389799 3233.584453 3233.161295 3228.589450
-9999.0 1910.077096 1983.725315 2043.997634 2096.976158 2196.644969 2325.739613 2467.508252 2563.555887 2599.947242 2595.123452 2644.163241 2746.445626 2828.173070 2878.086485 2900.216110 2888.489233 2850.323092 2838.740716 2881.957323 2948.529772 3035.173267 3152.557907 3236.258070 3249.304809 3252.030504 3213.951900 3234.501940 3253.537330 3255.549552 3256.411444 3262.417672 3267.358855 3270.121474 3268.628902 3265.765776 3261.029760 3252.975795 3248.154137 3244.615468 3240.945947 3240.004488 3242.174404 3243.745842 3241.036196 3237.193873 3232.738750 3227.178237 3221.319870 3214.672076 3210.527119 3206.412887 3204.339407 3199.141716 3195.481400
-9999.0 1794.813548 1888.551044 1934.192607 2022.627862 2206.519899 2335.303525 2479.598133 2639.055949 2667.368847 2724.057265 2839.240545 2950.147356 3015.418448 3045.657628 3079.839830 3104.166779 3121.224396 3155.535693 3063.445707 3133.064992 3208.831366 3244.120114 3259.386492 3265.662245 3265.986251 3256.664166 3236.403681 3225.796433 3219.062536 3220.679418 3227.901242 3232.790608 3237.751624 3235.511768 3236.372922 3237.079307 3233.784800 3230.202942 3221.716298 3213.983453 3207.626496 3204.864848 3209.726075 3205.034373 3202.455166 3196.436721 3188.609603 3185.642323 3178.522613 3170.770341 3164.262686 3161.935121 3156.845996 3155.669355
-9999.0 1713.947667 1788.009771 1857.843452 1978.014560 2142.202751 2249.914856 2411.358878 2641.664663 2771.182731 2905.723934 2986.348560 3047.115887 3092.401776 3144.430216 3189.313865 3213.233025 3222.844372 3198.122170 3214.957133 3178.908084 3168.347785 3180.741468 3207.767768 3222.960000 3226.720746 3218.592360 3208.933402 3201.727199 3200.617326 3198.729539 3195.507057 3192.169684 3189.043241 3185.908489 3188.505700 3193.531420 3187.116539 3182.838318 3174.141742 3166.064430 3157.209853 3151.458753 3147.273108 3147.188615 3147.356834 3139.909233 3129.651144 3119.371542 3111.301868 3104.104374 3099.379479 3096.877648 3092.126877 3084.562054
-9999.0 1601.105219 1730.063518 1812.406612 1916.101468 2047.788814 2159.673115 2315.752562 2452.725037 2688.984670 2821.363637 2980.640869 3016.397699 3079.384827 3128.738150 3194.095022 3191.059913 3162.585196 3122.518718 3106.086482 3114.505552 3122.857719 3131.825450 3147.346103 3164.417495 3174.063420 3177.920557 3171.366361 3157.396973 3146.007576 3136.392490 3124.052620 3115.462749 3113.425767 3116.339432 3125.337639 3126.434665 3117.296406 3104.046794 3088.016305 3073.102642 3061.795808 3059.542961 3061.875928 3062.671958 3058.883867 3052.899963 3042.508017 3030.186549 3018.233551 3012.177653 3007.667068 3000.676142 2991.460703 3002.374248
-9999.0 -9999.0 1647.786516 1757.079407 1855.347671 1970.204284 2068.225153 2194.861762 2338.734428 2513.960993 2632.059601 2794.935618 2864.343031 2907.285072 2945.712642 2988.720299 3009.889967 3035.993460 3023.942578 3032.128341 3039.982480 3044.692539 3050.687224 3057.715944 3068.644810 3078.173840 3087.319659 3084.673033 3075.761264 3056.466658 3032.787332 3014.408058 3004.533030 2996.116696 3007.223035 3019.308261 3014.706598 3007.999769 2997.066396 3003.374277 2991.372962 2977.365716 2973.784269 2973.787001 2974.157728 2971.618284 2968.553047 2958.720198 2946.335239 2935.791909 2931.219413 2925.358634 2921.086849 2911.018572 2901.236262
-9999.0 -9999.0 1560.699608 1666.251562 1772.405234 1891.578703 1980.943000 2015.762652 2157.444148 2265.540833 2372.386952 2479.816937 2571.936526 2640.438282 2678.429047 2741.362277 2793.862153 2813.103830 2819.384604 2862.916804 2894.146595 2929.415480 2950.758113 2959.287033 2972.262290 2986.403757 2994.413532 2980.646796 2969.721429 2953.178764 2933.246788 2908.079199 2895.210276 2893.726899 2893.849868 2896.571814 2889.646550 2880.604278 2866.476280 2853.289372 2841.033566 2831.363029 2827.591929 2822.722093 2820.696835 2817.952466 2818.509093 2859.962889 2850.244424 2844.070706 2835.241208 2830.090250 2827.824807 2822.875897 2815.396746
