tests/Borden05m/data_simulated/sim_1/output-maps/psiliqL0008N0002.asc
ncols         160
nrows         34
xllcorner     620200.000000
yllcorner     5168000.000000
cellsize      0.500000
NODATA_value  -9999.0
[rows 0 to 24 of 34, columns 57 to 113 of 160]
-9999.0 -9999.0 -9999.0 -9999.0 -9999.0 -9999.0 -9999.0 -9999.0 -9999.0 -9999.0 -9999.0 -9999.0 -9999.0 -9999.0 -9999.0 -9999.0 -9999.0 -9999.0 -9999.0 -9999.0 -9999.0 -9999.0 -9999.0 -9999.0 -9999.0 -9999.0 -9999.0 -9999.0 -9999.0 -9999.0 -9999.0 -9999.0 -9999.0 -9999.0 -9999.0 -9999.0 -9999.0 -9999.0 -9999.0 -9999.0 -9999.0 -9999.0 -9999.0 -9999.0 -9999.0 -9999.0 -9999.0 -9999.0 -9999.0 -9999.0 -9999.0 -9999.0 -9999.0 -9999.0 -9999.0 -9999.0 -9999.0
-9999.0 -9999.0 -195.125598 -200.762617 -206.309200 -211.555279 -220.907298 -230.410208 -239.346531 -243.542133 -244.633181 -245.666200 -246.203558 -240.972768 -233.096092 -225.531142 -218.344248 -216.046972 -213.684477 -211.411948 -210.947761 -212.335814 -215.688477 -219.074903 -222.579920 -224.109309 -232.611205 -244.263359 -253.405155 -256.242134 -251.681126 -247.084019 -244.485684 -238.222337 -227.121759 -215.987235 -207.214524 -195.309669 -189.699284 -184.392002 -180.977171 -184.819511 -188.161281 -191.624690 -196.116949 -207.044207 -9999.0 -9999.0 -9999.0 -9999.0 -9999.0 -9999.0 -9999.0 -9999.0 -9999.0 -9999.0 -9999.0
-213.226275 -210.015944 -220.863303 -225.786648 -229.292570 -231.716329 -237.137224 -246.241329 -251.934769 -257.677904 -259.555594 -259.766131 -259.883931 -255.776431 -245.948612 -237.998262 -233.262350 -230.922359 -228.533732 -228.470646 -229.041253 -229.531342 -232.548699 -236.084594 -239.596204 -241.470136 -241.542224 -249.302452 -254.726542 -258.048021 -259.231999 -256.751170 -254.391534 -251.330223 -241.462797 -232.931695 -224.397179 -210.076512 -197.616481 -192.237692 -194.428711 -199.259548 -202.713584 -208.829863 -218.387896 -228.740178 -239.259870 -246.402401 -251.632177 -256.625137 -250.247186 -243.611416 -233.017040 -222.519310 -210.238380 -197.927906 -9999.0
-229.869452 -227.186298 -238.322212 -247.061772 -251.647182 -251.853933 -249.975706 -254.022396 -259.035854 -263.372649 -255.787975 -254.752642 -253.757593 -250.678927 -247.324760 -245.187841 -242.476300 -237.218337 -228.298508 -225.770100 -225.379091 -225.377351 -227.326991 -230.559240 -232.442246 -235.319489 -240.646233 -241.604505 -241.187145 -241.127269 -235.808879 -234.291976 -232.955159 -240.052111 -236.633126 -230.172487 -223.072532 -215.807934 -208.556083 -203.632266 -206.520369 -207.555592 -215.594717 -229.158666 -240.474734 -249.064227 -251.501983 -254.446016 -261.911756 -273.853544 -266.682011 -250.784030 -245.823017 -241.822355 -229.572050 -217.051115 -206.719513
-246.247063 -243.521940 -248.954520 -248.346018 -247.205599 -246.004604 -247.950390 -251.282134 -252.886136 -240.002956 -230.618939 -229.152332 -226.448599 -223.259301 -224.762162 -237.456967 -240.292059 -231.729670 -221.239240 -215.391874 -215.405171 -215.608478 -217.251921 -218.408044 -219.043540 -221.580673 -220.493273 -217.880898 -217.119874 -211.915608 -206.199312 -203.432713 -212.206130 -221.559644 -221.082327 -213.298535 -205.205597 -197.627649 -186.364506 -174.356036 -175.438428 -180.968281 -189.610176 -203.079295 -226.460447 -246.368214 -256.706252 -262.997484 -269.657311 -270.249583 -272.085725 -261.190650 -259.081864 -257.093937 -248.130706 -237.513915 -227.172083
-233.825347 -225.766402 -232.318131 -238.532493 -242.486561 -242.257184 -242.254971 -238.882593 -225.578063 -211.718862 -196.636674 -194.264151 -191.976223 -192.497606 -202.578673 -213.173622 -217.707524 -202.516161 -186.753262 -178.591264 -177.805427 -177.349323 -169.195375 -171.442191 -174.330093 -180.071402 -177.667705 -174.762967 -163.135648 -155.575252 -148.824021 -150.752379 -162.565374 -173.586692 -175.590916 -173.728780 -171.706208 -165.717814 -154.982946 -144.444547 -149.038904 -156.285898 -166.564917 -195.585925 -223.741973 -240.804023 -239.721857 -238.915390 -243.203276 -246.057582 -249.526451 -256.997998 -257.116064 -257.388395 -257.617580 -245.256995 -232.742904
-188.732603 -172.720334 -179.159767 -188.281357 -199.940767 -199.945917 -196.630202 -188.462712 -175.233703 -156.695283 -132.541980 -129.037986 -125.333786 -121.417122 -132.375657 -144.744065 -156.792816 -141.023462 -131.391419 -122.352131 -119.072379 -107.433191 -97.171616 -102.355696 -111.331207 -121.063290 -114.528315 -100.436369 -85.195098 -78.689688 -75.152647 -74.693710 -84.537089 -89.939688 -92.888465 -92.723152 -96.786369 -93.852128 -82.509515 -66.733991 -66.267552 -76.971359 -99.874654 -135.979029 -171.438392 -193.981075 -189.594441 -195.790163 -201.608688 -205.743466 -219.888125 -231.358587 -231.452434 -240.901565 -247.064720 -235.330217 -229.046236
-144.478459 -126.578011 -130.676951 -142.486714 -155.389161 -155.671451 -147.647088 -138.479220 -119.600110 -95.163574 -69.816916 -57.666112 -50.600724 -41.351836 -48.179151 -57.636856 -66.890926 -60.492818 -47.718508 -35.301075 -23.677536 -10.613095 1.665227 -4.897768 -14.820741 -17.806669 -13.186840 4.449389 20.214863 26.483288 30.032036 35.442841 29.600028 21.786038 12.482129 3.398832 -4.989548 -10.524524 4.733926 19.511496 17.753112 -5.779122 -30.082361 -64.693456 -102.061831 -136.696224 -141.655089 -142.695628 -144.091103 -159.609388 -175.152789 -194.038112 -205.106340 -214.078944 -229.219443 -224.442071 -218.495062
-50.059131 -29.939314 -25.645012 -40.590466 -46.035828 -41.301496 -29.872677 -23.730504 -9.672235 18.448965 54.487959 81.535243 105.339818 110.173254 100.263757 89.770838 74.891601 69.005690 83.003796 95.718598 108.649105 122.220306 136.444442 145.451836 145.308301 145.893506 149.381566 155.131362 164.031650 174.436814 185.694933 196.410195 198.267670 187.827192 175.481713 159.202673 144.854294 138.811545 136.651740 143.565014 142.057154 120.006674 91.787767 59.685677 21.751697 -11.736309 -34.038501 -32.839298 -46.598277 -64.537834 -86.448826 -123.530613 -142.978659 -159.986907 -190.416264 -195.209508 -184.446800
59.602722 77.273296 93.537045 92.648703 95.135243 98.364000 104.868404 111.169124 122.118591 160.714674 204.551696 242.845971 273.265840 284.649540 273.151026 260.429475 246.523455 235.128914 236.267515 251.272002 271.288334 292.658327 309.279523 317.132418 317.476339 319.061874 322.568740 329.081124 337.131947 352.080970 372.302025 391.192594 405.753525 399.529224 374.730837 344.501880 313.361912 299.032382 293.317274 287.836717 286.701604 281.272058 249.740293 216.932272 177.600161 135.963350 106.586260 84.943669 63.848795 41.629497 -1.772286 -42.602136 -77.984290 -107.478671 -137.074088 -142.367823 -116.945441
194.943457 228.751840 249.186841 255.955704 258.604031 261.829435 269.472116 278.566785 294.775838 331.744067 385.884170 430.838566 462.718988 468.487582 459.978662 449.256478 438.071621 428.775218 425.907394 432.601361 443.538941 459.960641 473.580292 485.595703 486.465678 487.778805 489.239175 493.775217 499.704711 507.667486 521.526928 536.780319 547.257423 547.325679 532.029629 507.211096 482.012905 469.578991 461.262361 455.045900 454.288674 453.574979 446.805462 418.682800 371.542472 302.455901 256.714344 225.076327 204.924190 183.404233 159.989049 112.786380 84.473126 49.510666 11.542063 -17.206709 12.789943
359.010780 404.451730 430.358817 441.113355 442.006363 444.217820 451.253303 459.631179 474.899930 499.078134 527.634326 556.064684 579.305709 594.564554 591.755829 582.332002 568.821546 566.350628 566.248081 567.920370 573.329930 579.067797 591.574944 604.304864 608.730572 609.545444 608.159661 611.334262 614.361249 617.467394 621.048407 626.068427 631.820260 633.043522 628.212281 613.210002 594.673329 580.845581 573.402808 570.087919 568.057100 568.166018 565.807059 553.640598 522.575416 476.945373 435.313775 404.608673 376.389863 346.049535 323.950033 302.569823 279.189910 243.946212 194.898783 147.990886 129.113570
500.219633 532.217926 557.188799 571.840422 574.833321 579.154401 582.052933 590.902584 605.427004 622.850916 635.568407 648.834923 664.759920 673.284897 678.298268 679.755949 680.507225 683.229767 683.946536 673.994653 675.925726 677.354451 679.685155 683.694725 684.486510 684.471217 684.399903 685.848533 687.235617 689.086092 690.373081 690.321724 691.207897 690.992428 689.937936 685.675700 682.990062 669.715944 661.152947 656.201261 650.598654 643.462038 635.067690 626.479281 612.691647 588.786388 559.189399 531.492139 514.708957 499.410762 486.312332 475.929061 457.515308 431.929175 393.291393 334.638217 276.619184
601.744422 620.002014 641.314852 654.693711 661.623916 667.124772 669.825636 679.257864 689.916547 689.417159 691.285935 692.648390 693.323090 693.142992 693.059517 693.281403 691.827096 692.630205 692.473230 688.681055 680.771424 682.345027 683.099708 684.644144 687.175898 685.220258 685.947560 689.297222 689.071884 685.448079 683.539046 682.730525 682.722204 688.775539 690.926801 691.331073 691.739999 692.320951 693.482141 694.070502 694.052056 693.092913 691.354333 689.692959 681.740845 664.205548 639.978643 613.300599 599.282120 591.828036 590.255674 585.546176 579.252762 561.582856 533.507459 491.037699 445.780711
689.845648 694.760783 698.097337 699.181694 699.094688 699.685034 700.741075 700.119411 696.672108 693.437004 689.504586 688.762966 687.496008 685.033796 685.659105 684.118882 681.426758 680.010457 676.787002 669.314686 660.284621 658.830598 662.627105 665.689346 667.777249 668.928269 671.330180 673.378321 670.846466 665.942846 661.381791 660.176880 665.483207 669.201864 672.216638 672.154224 671.210550 670.619640 672.391991 671.664797 672.765905 677.853766 687.996495 693.334279 693.609091 693.830612 692.163021 688.469882 675.401511 657.966088 660.042655 655.745073 646.347088 629.820179 610.999887 586.028656 561.372545
696.490944 695.208149 690.230530 685.081893 684.201024 687.089731 692.895625 693.864599 687.416036 680.586101 675.348208 670.208629 668.768731 667.352101 666.599419 667.031382 663.539351 659.297639 648.507954 640.078196 630.969858 625.525749 623.588026 627.051046 633.237674 639.023886 642.360711 638.011052 633.645972 626.898788 621.547274 622.502326 624.354092 630.722239 640.533574 642.514290 643.471583 640.706613 639.266300 635.956120 635.590719 641.669901 653.232304 663.979537 673.539783 679.343806 685.381352 690.903028 696.482812 696.432766 695.503982 694.203340 691.478694 679.954806 665.000681 648.486084 631.088558
682.342345 679.569269 674.957634 670.636701 669.395141 671.371625 673.777846 670.628864 664.525764 655.774993 646.436229 637.863717 632.771927 633.114906 634.697189 635.512553 631.414384 620.695527 606.698289 594.092946 579.526143 574.045343 568.205683 563.547216 571.166854 584.040043 588.657529 577.951251 571.087175 560.499570 555.193777 553.442159 554.824116 562.595538 578.712944 594.473093 596.063509 589.287229 583.461575 581.856907 582.459567 591.302039 608.440287 624.476189 635.504441 642.898882 647.758010 654.687226 662.196598 670.758081 679.897019 687.275679 695.137220 696.226316 695.878962 695.083957 683.505313
667.000235 662.278196 657.765574 653.544517 650.182814 647.700427 644.799099 638.133069 630.367630 617.945967 604.324920 590.901234 576.816983 572.677825 569.810114 571.482732 561.881315 552.136359 531.990232 509.738017 484.817021 468.787244 459.142219 451.223919 455.611251 470.609338 479.577825 465.344719 455.258120 442.371526 436.326550 433.576688 435.800334 446.910813 471.399740 492.360073 500.922640 494.520721 490.761836 491.633998 496.762139 511.238578 532.248960 553.414164 573.504481 589.756937 601.108343 609.801959 618.909751 630.590797 641.171195 651.082171 663.166611 677.330414 687.972738 695.478728 700.321239
644.234000 637.266433 628.979877 620.247172 614.970814 614.779422 606.241288 595.951336 577.760669 529.156399 501.959709 473.644122 452.148634 443.455460 434.708478 428.488014 418.629856 409.558383 393.342438 362.073503 325.748714 298.445421 287.705693 280.611690 273.510204 282.664899 287.630521 286.693654 276.866742 267.608188 263.009387 260.305652 265.590127 283.334700 302.396312 320.609887 330.428213 326.981548 334.414834 343.947050 353.633296 386.272129 412.908534 438.629088 467.884370 501.590315 525.517146 541.359053 554.811649 571.356899 588.861717 605.204447 623.904437 643.053998 654.768824 662.790871 671.949502
607.624457 593.212928 579.182152 565.904586 553.132842 551.197359 542.322295 523.746892 469.476360 409.495767 355.767317 316.083416 282.738879 266.951691 254.852445 230.114226 215.228669 205.625609 204.136602 186.250172 161.847342 142.598338 132.657056 125.767579 113.974756 108.586039 113.220335 123.282260 116.400123 112.383304 114.781636 112.486536 110.578588 120.052997 137.174330 148.131768 158.603684 168.022900 172.512266 180.570326 207.742576 228.412575 250.921847 280.014588 315.146763 358.733876 399.976246 425.597433 448.358784 476.432424 505.483301 534.988608 561.437098 589.880869 608.778318 621.888799 631.685695
530.567555 504.953180 476.969566 450.853106 426.063617 419.334505 404.163629 370.832434 296.438917 234.803323 189.887222 158.941123 130.089670 111.302768 86.903807 56.299921 36.709639 39.003974 44.622523 40.861263 24.690306 10.466277 -0.141699 -12.635958 -27.488096 -37.369526 -29.310256 -20.710736 -15.893679 -13.738565 -10.397544 -9.156295 -10.364152 -12.813980 -4.283524 4.685698 14.782756 24.088237 34.355195 61.301715 85.938045 103.957498 126.568337 150.342087 178.822763 211.397503 242.490770 267.184374 295.846922 331.066658 376.998979 418.119527 457.137122 499.614761 534.206156 554.521315 570.689631
406.816471 365.123654 317.935890 267.843205 246.746816 234.707534 220.409847 179.811866 127.042562 81.498467 50.968405 24.403303 -0.246321 -25.740082 -55.155586 -82.102648 -101.055549 -94.384026 -87.628619 -78.571297 -91.196607 -103.380046 -110.168074 -124.460637 -138.286730 -151.890760 -143.737989 -134.456339 -119.322528 -115.988543 -113.042927 -107.174787 -108.740361 -110.962243 -117.687647 -109.116602 -99.739765 -87.539044 -62.347688 -38.161022 -14.757973 5.407783 25.459637 48.117537 73.279137 99.602275 127.389955 149.812696 173.193763 201.806807 233.671613 266.345707 305.180598 356.315940 402.388398 434.840020 465.084710
239.520940 205.680530 163.003091 114.812926 81.409550 68.660131 35.076317 0.889772 -39.495200 -62.111155 -82.019492 -105.148243 -126.409785 -147.006100 -172.928461 -195.598042 -218.330424 -214.010811 -201.682095 -187.967001 -195.349647 -199.841622 -203.079836 -214.588091 -228.138811 -241.633635 -237.867143 -223.133044 -206.630082 -200.185737 -194.135801 -186.927907 -187.071646 -193.557146 -202.068241 -196.794314 -183.954009 -168.812098 -147.859333 -126.073373 -104.971698 -85.598427 -63.975845 -41.101672 -17.633118 7.903302 34.553268 54.621220 79.119088 105.666944 129.588123 147.870912 170.903617 206.639323 237.337739 270.363782 306.288534
108.208135 79.851172 38.707128 -4.001230 -46.115494 -81.045898 -112.734968 -143.375128 -162.893914 -181.662568 -199.752781 -217.898473 -238.058542 -257.458270 -276.735235 -298.303344 -317.726709 -312.117485 -298.302772 -285.432885 -283.409632 -286.312526 -289.268649 -297.157728 -310.684176 -322.450767 -314.323982 -298.782094 -283.486782 -273.793583 -267.261568 -261.057650 -263.982506 -272.374766 -279.658616 -272.125045 -257.122250 -242.441262 -225.031473 -204.130692 -183.326109 -162.624998 -140.954923 -119.202747 -95.117718 -70.154979 -44.789760 -20.026835 3.482068 26.574616 39.370959 52.869559 65.002008 85.892834 108.734027 134.599502 164.400933
-16.073790 -43.299068 -76.577501 -115.533882 -146.500000 -177.462287 -207.376365 -237.098976 -261.334761 -278.806534 -288.627888 -303.059853 -322.088849 -335.396480 -351.931853 -371.007227 -372.392760 -368.328972 -355.599530 -352.938371 -352.091672 -354.968512 -355.979608 -360.800426 -372.729737 -367.204760 -359.337814 -344.286624 -333.302009 -324.063974 -317.819447 -313.695474 -314.467121 -321.932041 -319.556570 -312.472611 -298.005375 -286.386995 -271.258875 -250.624499 -233.515377 -214.436645 -193.049234 -171.026787 -147.803487 -123.200782 -96.662208 -72.535777 -52.640289 -42.374974 -30.989236 -23.383914 -26.608226 -10.718525 5.975188 23.372560 48.560500
