tests/Borden05m/data_simulated/sim_1/output-maps/psiliqL0029N0013.asc
ncols         160
nrows         34
xllcorner     620200.000000
yllcorner     5168000.000000
cellsize      0.500000
NODATA_value  -9999.0
[rows 0 to 24 of 34, columns 0 to 54 of 160]
-9999.0 -9999.0 -9999.0 -9999.0 -9999.0 -9999.0 -9999.0 -9999.0 -9999.0 -9999.0 -9999.0 -9999.0 -9999.0 -9999.0 -9999.0 -9999.0 -9999.0 -9999.0 -9999.0 -9999.0 -9999.0 -9999.0 -9999.0 -9999.0 -9999.0 -9999.0 -9999.0 -9999.0 -9999.0 -9999.0 -9999.0 -9999.0 -9999.0 -9999.0 -9999.0 -9999.0 -9999.0 -9999.0 -9999.0 -9999.0 -9999.0 -9999.0 -9999.0 -9999.0 -9999.0 -9999.0 -9999.0 -9999.0 -9999.0 -9999.0 -9999.0 -9999.0 -9999.0 -9999.0 -9999.0
-9999.0 -9999.0 -9999.0 -9999.0 -9999.0 -9999.0 -9999.0 -9999.0 -9999.0 -9999.0 -9999.0 -9999.0 -9999.0 -9999.0 -9999.0 -9999.0 -9999.0 -9999.0 -9999.0 -9999.0 -9999.0 -9999.0 -9999.0 -9999.0 -9999.0 -9999.0 -9999.0 -9999.0 -9999.0 -9999.0 -9999.0 -9999.0 -9999.0 -9999.0 -9999.0 -9999.0 -9999.0 -9999.0 -9999.0 -9999.0 -9999.0 -9999.0 -9999.0 -9999.0 -9999.0 -9999.0 -9999.0 -9999.0 -9999.0 -9999.0 -9999.0 -9999.0 -9999.0 -9999.0 -9999.0
-9999.0 -9999.0 -9999.0 -9999.0 -9999.0 -9999.0 -9999.0 -9999.0 -9999.0 -9999.0 -9999.0 -9999.0 -9999.0 -9999.0 -9999.0 -9999.0 -9999.0 -9999.0 -9999.0 -9999.0 -9999.0 -9999.0 -9999.0 -9999.0 -9999.0 -9999.0 -9999.0 -9999.0 -9999.0 -9999.0 -9999.0 -9999.0 -9999.0 -9999.0 -9999.0 -9999.0 -9999.0 -9999.0 -9999.0 -9999.0 -9999.0 -9999.0 -9999.0 -9999.0 -9999.0 -9999.0 -9999.0 3872.392406 3855.232721 3842.357324 3836.923806 3857.437222 3880.279646 3903.956843 3924.328591
-9999.0 -9999.0 -9999.0 -9999.0 -9999.0 -9999.0 -9999.0 -9999.0 -9999.0 -9999.0 -9999.0 -9999.0 -9999.0 -9999.0 -9999.0 -9999.0 -9999.0 -9999.0 -9999.0 -9999.0 -9999.0 -9999.0 -9999.0 -9999.0 -9999.0 -9999.0 -9999.0 -9999.0 -9999.0 -9999.0 -9999.0 -9999.0 -9999.0 -9999.0 -9999.0 -9999.0 -9999.0 -9999.0 -9999.0 -9999.0 3924.039757 3929.884652 3929.147431 3919.331657 3907.829177 3893.584905 3872.686235 3855.596337 3842.911937 3841.038325 3843.255457 3845.083267 3865.024159 3890.457990 3910.271087
-9999.0 -9999.0 -9999.0 -9999.0 -9999.0 -9999.0 -9999.0 -9999.0 -9999.0 -9999.0 -9999.0 -9999.0 -9999.0 -9999.0 -9999.0 -9999.0 -9999.0 -9999.0 -9999.0 -9999.0 -9999.0 -9999.0 -9999.0 -9999.0 -9999.0 -9999.0 -9999.0 -9999.0 -9999.0 -9999.0 -9999.0 -9999.0 -9999.0 -9999.0 3831.973394 3848.642740 3866.364571 3884.813691 3901.713561 3908.742055 3914.480959 3919.590275 3914.629757 3910.072939 3898.052524 3876.266996 3856.828219 3844.179867 3843.370176 3840.766154 3843.872706 3854.774630 3871.086978 3885.500821 3905.663333
-9999.0 -9999.0 -9999.0 -9999.0 -9999.0 -9999.0 -9999.0 -9999.0 -9999.0 -9999.0 -9999.0 -9999.0 -9999.0 -9999.0 -9999.0 -9999.0 -9999.0 -9999.0 -9999.0 -9999.0 -9999.0 -9999.0 -9999.0 -9999.0 -9999.0 -9999.0 -9999.0 -9999.0 3838.595360 3832.516967 3827.588021 3825.777993 3824.065747 3822.956262 3829.384587 3840.026004 3856.555446 3878.537683 3891.713857 3898.797871 3905.563279 3905.569545 3899.160333 3897.233702 3897.461393 3884.245872 3871.472187 3859.495403 3847.729861 3843.828366 3852.198677 3866.150402 3882.037861 3896.199571 3911.071233
-9999.0 -9999.0 -9999.0 -9999.0 -9999.0 -9999.0 -9999.0 -9999.0 -9999.0 -9999.0 -9999.0 -9999.0 -9999.0 -9999.0 -9999.0 -9999.0 -9999.0 -9999.0 -9999.0 -9999.0 -9999.0 -9999.0 -9999.0 3809.072745 3813.610175 3819.942445 3827.461042 3828.226973 3824.955260 3819.425724 3816.596701 3814.916660 3812.178671 3816.423404 3822.786993 3835.195220 3849.914634 3871.960365 3879.736002 3883.125043 3893.844967 3897.434830 3905.445050 3908.870123 3906.489068 3901.626608 3885.613002 3872.958551 3873.859589 3876.885708 3883.287084 3891.263711 3904.321898 3917.133794 3931.398944
-9999.0 -9999.0 -9999.0 -9999.0 -9999.0 -9999.0 -9999.0 -9999.0 -9999.0 -9999.0 -9999.0 -9999.0 -9999.0 -9999.0 -9999.0 -9999.0 -9999.0 -9999.0 -9999.0 3784.894703 3785.892588 3787.351294 3792.099243 3792.198806 3793.644564 3800.078674 3807.742860 3810.482338 3807.800910 3806.592173 3807.447720 3809.535026 3813.607440 3823.262608 3835.910816 3849.096089 3860.904191 3880.787164 3894.344804 3905.554079 3919.867008 3919.992877 3915.892832 3913.656571 3912.784057 3910.023677 3906.245984 3903.677464 3909.200730 3908.172059 3910.277741 3918.734691 3930.235210 3945.631426 3961.902691
-9999.0 -9999.0 -9999.0 -9999.0 -9999.0 -9999.0 -9999.0 -9999.0 -9999.0 -9999.0 -9999.0 -9999.0 -9999.0 -9999.0 -9999.0 -9999.0 3755.872983 3757.497606 3759.760564 3765.153233 3768.899891 3772.594151 3779.304516 3780.575082 3783.462491 3790.010646 3793.769683 3802.593856 3810.411996 3816.677522 3821.648694 3823.075163 3828.309876 3836.300621 3846.440635 3858.754105 3877.252927 3899.797667 3914.233004 3929.811806 3946.051930 3945.654191 3942.858998 3941.990520 3939.146528 3938.370996 3951.059805 3952.760700 3945.069562 3952.214422 3962.619218 3964.112733 3970.145282 3989.375774 4010.544312
-9999.0 -9999.0 -9999.0 -9999.0 -9999.0 -9999.0 -9999.0 -9999.0 -9999.0 -9999.0 -9999.0 -9999.0 -9999.0 3705.768194 3709.510352 3719.701812 3731.610353 3734.560081 3739.424388 3746.002258 3757.720194 3760.897502 3766.269843 3772.716790 3784.879580 3792.691643 3800.437924 3811.106040 3817.886660 3823.566368 3828.530135 3829.430019 3839.120343 3851.436992 3864.069749 3881.538479 3902.121495 3918.760152 3935.130791 3950.505059 3960.558037 3955.786006 3954.092229 3955.242029 3958.266658 3969.271569 3984.322872 3981.804025 3988.525937 4007.588049 4016.278189 4021.842442 4026.721400 4040.163313 4061.335261
-9999.0 -9999.0 -9999.0 -9999.0 -9999.0 -9999.0 -9999.0 -9999.0 -9999.0 -9999.0 3680.918148 3681.947371 3677.817696 3674.077041 3679.718744 3691.770838 3706.183926 3710.999070 3722.660693 3743.644590 3762.014303 3764.237974 3776.510330 3785.840997 3791.468266 3799.790597 3811.102491 3821.398876 3834.768286 3844.516774 3850.894497 3864.707481 3878.557569 3892.865633 3908.244044 3927.079473 3940.869710 3962.075964 3985.193648 3991.735333 4006.341253 4006.357734 4001.172072 3998.105238 4006.608309 4015.722199 4028.089128 4041.077300 4057.974893 4078.318244 4086.315410 4098.294121 4106.480485 4115.984604 4130.914806
-9999.0 -9999.0 -9999.0 -9999.0 -9999.0 -9999.0 -9999.0 -9999.0 3656.552712 3664.629273 3669.421248 3665.605364 3660.597661 3653.649558 3668.017735 3682.708504 3697.796963 3715.618365 3730.278533 3747.727460 3760.307176 3773.554134 3792.573286 3801.718853 3810.530373 3823.844851 3835.000605 3847.515823 3866.004616 3871.022955 3879.129605 3896.402411 3909.787348 3924.771661 3941.236904 3955.868518 3973.468576 4001.697660 4028.845153 4042.677345 4067.359873 4082.467909 4075.214728 4072.096396 4072.247150 4094.021857 4118.813297 4146.825709 4163.744066 4185.765973 4213.255893 4232.181573 4241.149650 4251.993729 4265.625979
-9999.0 -9999.0 -9999.0 -9999.0 -9999.0 -9999.0 3628.015021 3652.133208 3666.935112 3657.614168 3641.759360 3635.574352 3628.175429 3660.233679 3681.959952 3698.466222 3714.157884 3730.637274 3745.683345 3751.848197 3779.257761 3797.761326 3807.637693 3818.356232 3831.286396 3844.144794 3858.536941 3877.839193 3892.916450 3911.710549 3924.323680 3937.830843 3959.642727 3975.279630 3990.712771 4002.420490 4028.350353 4061.714215 4095.208493 4118.209327 4141.666612 4172.925071 4171.077008 4172.088651 4172.621023 4196.735571 4230.731568 4260.186139 4291.456849 4321.595218 4350.149039 4360.491433 4369.334553 4379.116960 4391.630750
-9999.0 -9999.0 -9999.0 -9999.0 3596.488375 3616.958969 3634.752638 3664.078160 3685.259955 3679.604205 3682.665846 3679.357966 3673.464792 3677.901416 3685.383932 3701.330953 3719.436046 3737.919870 3750.181580 3774.313189 3820.474064 3829.247757 3843.464532 3870.992456 3880.090945 3892.487341 3906.616669 3925.344182 3941.054872 3965.992459 3997.373477 4024.034235 4043.805713 4061.702642 4079.834091 4095.335692 4130.153223 4166.625493 4201.762983 4232.587487 4258.854950 4284.862857 4290.543393 4295.084883 4304.888179 4322.152916 4345.123910 4372.798538 4406.895026 4439.106653 4462.215994 4470.679178 4475.636105 4485.172079 4492.418684
-9999.0 -9999.0 -9999.0 3541.362503 3580.278038 3619.924584 3644.603990 3673.935850 3705.539278 3703.505082 3711.244763 3709.029511 3705.712983 3709.413400 3710.355970 3725.516073 3742.827585 3762.263885 3782.337881 3814.065016 3840.909823 3855.134457 3880.964984 3893.897042 3904.386693 3915.693083 3933.275431 3951.722128 3986.631729 4014.382023 4059.099593 4108.847587 4139.984384 4158.519008 4180.967982 4208.551240 4233.846749 4273.120952 4307.126163 4339.192663 4369.366907 4391.310617 4405.064920 4409.465235 4419.312421 4424.844347 4437.009122 4458.048278 4480.591330 4511.685178 4541.205582 4570.876246 4586.488584 4597.883005 4615.313357
-9999.0 -9999.0 3492.720927 3532.489797 3562.812728 3608.157023 3660.565421 3695.103338 3733.330470 3750.233694 3751.747878 3760.000154 3768.420744 3767.179515 3773.577482 3784.335367 3806.394911 3814.960503 3835.257977 3847.173234 3881.105887 3912.050433 3902.510457 3937.786681 3966.788169 3999.926143 4021.591574 4047.969631 4086.001206 4118.479407 4162.199984 4212.240790 4246.083408 4273.718287 4289.851486 4310.548600 4330.858502 4357.892290 4395.316239 4420.785678 4454.976448 4480.545071 4500.044407 4500.110899 4502.705201 4519.095629 4548.193168 4579.978687 4609.750180 4639.728627 4621.263504 4646.785042 4658.205749 4664.577643 4674.596517
-9999.0 -9999.0 3461.468623 3508.228433 3540.971103 3596.345540 3683.822627 3716.629733 3755.136893 3799.738548 3811.632904 3831.588694 3820.776703 3804.547199 3820.339015 3832.272577 3853.991042 3861.318315 3854.016701 3905.129352 3956.255194 3975.306278 3973.617508 4052.262909 4105.890240 4131.754861 4149.459846 4169.912953 4189.116038 4226.967412 4265.088309 4320.227275 4361.548292 4391.650390 4406.355086 4427.081649 4446.898143 4461.950722 4481.934005 4530.216265 4567.363413 4599.247833 4632.219084 4653.968121 4662.318636 4667.807763 4639.744627 4661.106401 4675.593056 4681.841060 4684.368760 4680.516685 4679.985948 4680.849997 4681.771323
-9999.0 3366.850476 3419.330565 3468.863852 3531.655181 3590.912310 3663.042737 3736.040359 3803.694604 3856.270004 3880.104365 3868.547897 3860.071784 3881.139373 3898.790363 3912.818860 3918.712607 3929.942638 3909.292809 3963.712668 3998.010817 4042.466171 4140.116600 4199.189761 4266.360175 4261.700948 4249.263063 4253.253848 4268.248835 4315.677892 4397.308814 4455.654911 4524.238598 4575.274733 4593.188541 4601.231494 4620.554232 4641.899485 4583.201046 4630.622419 4652.566963 4670.877969 4681.670984 4684.194819 4685.604399 4685.341914 4681.573905 4674.416818 4666.138757 4660.215645 4655.929623 4651.426368 4653.870300 4657.211648 4657.253194
-9999.0 3327.546974 3384.223506 3451.484488 3517.502534 3558.672832 3635.328903 3806.380748 3870.339304 3907.923589 3909.147102 3874.079873 3927.306726 3985.779927 4008.200059 4053.741384 4036.369210 4020.729434 3979.055948 4003.155641 4040.095557 4110.966171 4288.571167 4378.803588 4436.286113 4444.203593 4444.257319 4473.385122 4519.549231 4569.731081 4618.639033 4581.548765 4636.138797 4663.140346 4668.782790 4669.572610 4675.630974 4674.002982 4672.785233 4668.228325 4662.986053 4663.168793 4667.944566 4667.807586 4664.789585 4661.310921 4655.546920 4648.128441 4642.985861 4638.344935 4635.702743 4632.894270 4630.831342 4629.886119 4624.842790
-9999.0 3283.963752 3359.591894 3416.041542 3456.499810 3540.734964 3671.222236 3816.871757 3913.664307 3946.542475 3913.103705 3940.391143 4044.126908 4153.299015 4206.425080 4227.197760 4203.965118 4150.079192 4125.478928 4169.545822 4242.118759 4369.008010 4519.162988 4624.410486 4640.784404 4644.547395 4591.184676 4619.897372 4646.510399 4649.668489 4650.918094 4660.037979 4665.206599 4668.277484 4666.666372 4663.761988 4658.897426 4650.612828 4645.834288 4642.054162 4638.212722 4636.895692 4638.771939 4640.779452 4637.882529 4633.948971 4629.457926 4623.884105 4617.504665 4610.668920 4606.225331 4601.864042 4599.679210 4593.888545 4590.466214
-9999.0 3153.450827 3251.866152 3287.790808 3349.977389 3541.956181 3671.295457 3808.466888 3978.176531 3994.091778 4032.518178 4177.248014 4300.806763 4383.861412 4411.116449 4443.667308 4468.212649 4483.397115 4521.548923 4385.303456 4472.285594 4580.107133 4630.172945 4651.883295 4664.014228 4664.429299 4654.204142 4633.044797 4622.227385 4615.461914 4617.076652 4624.407123 4628.938067 4633.607039 4631.264156 4632.468321 4633.840797 4630.683395 4626.582835 4617.701337 4609.764386 4602.819302 4599.196788 4603.771473 4599.144089 4596.931042 4590.614453 4581.981106 4572.858375 4565.447438 4557.305403 4550.664808 4548.456057 4543.449125 4542.208385
-9999.0 3072.338520 3143.247135 3193.400414 3295.175397 3457.940817 3542.909928 3697.558754 3946.932119 4088.604093 4263.090694 4359.806885 4430.965722 4469.955257 4518.891838 4573.507187 4602.112415 4615.215603 4580.495023 4606.270961 4561.613789 4550.241894 4568.447193 4598.803809 4617.216278 4621.509750 4613.844492 4605.018370 4597.723984 4596.600999 4594.232360 4589.562729 4584.874267 4580.949913 4577.811095 4581.045777 4586.568800 4579.180152 4568.439699 4558.621052 4549.782880 4540.289302 4534.187298 4529.188840 4529.882158 4530.210925 4522.432178 4511.773180 4500.702038 4492.246547 4485.019333 4480.639313 4477.791812 4472.654773 4462.399102
-9999.0 2946.891397 3081.221753 3151.411974 3236.215606 3361.307715 3457.448984 3604.625790 3728.786786 3980.224386 4118.139752 4333.101806 4386.307682 4460.345006 4506.383538 4582.572152 4576.968252 4545.814696 4500.762456 4484.947776 4498.174827 4507.736300 4515.524949 4529.436959 4547.588739 4558.113036 4563.953694 4558.331625 4544.001408 4530.844048 4518.741114 4504.163624 4494.218171 4491.430013 4496.243315 4506.939731 4507.063353 4497.658368 4483.177399 4464.327282 4448.252019 4436.079624 4434.230407 4437.296003 4438.584564 4434.302027 4428.596651 4417.603571 4404.795815 4392.018340 4386.551127 4382.285507 4374.543905 4362.781187 4350.451118
-9999.0 -9999.0 2991.567549 3098.350517 3185.542375 3290.969330 3370.327322 3479.071999 3615.264841 3783.657619 3900.382255 4094.135017 4196.198545 4241.222453 4272.774917 4330.179622 4358.152082 4393.320019 4390.990084 4405.257436 4416.681788 4422.574852 4427.496807 4432.465215 4442.779642 4452.881956 4463.926126 4461.074005 4452.354145 4431.033622 4404.034714 4382.958404 4372.037823 4362.210315 4375.006380 4387.858159 4381.715456 4374.684019 4361.778224 4345.317829 4332.737807 4318.259194 4314.807158 4314.579903 4315.237005 4312.977402 4310.796131 4298.268004 4285.958131 4276.333389 4272.482691 4266.800355 4263.455425 4253.650681 4243.013681
-9999.0 -9999.0 2903.117490 3003.044742 3099.663402 3212.770320 3289.613763 3283.694086 3413.500782 3512.415814 3620.844060 3735.927463 3837.220339 3908.212634 3939.390211 4003.046276 4063.941020 4083.836307 4129.780429 4190.365596 4227.459849 4270.381747 4295.183299 4304.432251 4317.044250 4332.095587 4339.489932 4323.495871 4312.138392 4294.860668 4270.795927 4243.146345 4229.180996 4229.401910 4227.672582 4228.352775 4220.222641 4211.318697 4196.700901 4183.036107 4170.909733 4162.462961 4158.925005 4152.771178 4150.186291 4147.414369 4145.946478 4141.318754 4133.581835 4129.547081 4121.200150 4117.823056 4117.367709 4114.942998 4109.750939
