tests/Borden05m/data_simulated/sim_1/output-maps/psiliqL0025N0004.asc
ncols         160
nrows         34
xllcorner     620200.000000
yllcorner     5168000.000000
cellsize      0.500000
NODATA_value  -9999.0
[rows 0 to 24 of 34, columns 0 to 54 of 160]
-9999.0 -9999.0 -9999.0 -9999.0 -9999.0 -9999.0 -9999.0 -9999.0 -9999.0 -9999.0 -9999.0 -9999.0 -9999.0 -9999.0 -9999.0 -9999.0 -9999.0 -9999.0 -9999.0 -9999.0 -9999.0 -9999.0 -9999.0 -9999.0 -9999.0 -9999.0 -9999.0 -9999.0 -9999.0 -9999.0 -9999.0 -9999.0 -9999.0 -9999.0 -9999.0 -9999.0 -9999.0 -9999.0 -9999.0 -9999.0 -9999.0 -9999.0 -9999.0 -9999.0 -9999.0 -9999.0 -9999.0 -9999.0 -9999.0 -9999.0 -9999.0 -9999.0 -9999.0 -9999.0 -9999.0
-9999.0 -9999.0 -9999.0 -9999.0 -9999.0 -9999.0 -9999.0 -9999.0 -9999.0 -9999.0 -9999.0 -9999.0 -9999.0 -9999.0 -9999.0 -9999.0 -9999.0 -9999.0 -9999.0 -9999.0 -9999.0 -9999.0 -9999.0 -9999.0 -9999.0 -9999.0 -9999.0 -9999.0 -9999.0 -9999.0 -9999.0 -9999.0 -9999.0 -9999.0 -9999.0 -9999.0 -9999.0 -9999.0 -9999.0 -9999.0 -9999.0 -9999.0 -9999.0 -9999.0 -9999.0 -9999.0 -9999.0 -9999.0 -9999.0 -9999.0 -9999.0 -9999.0 -9999.0 -9999.0 -9999.0
-9999.0 -9999.0 -9999.0 -9999.0 -9999.0 -9999.0 -9999.0 -9999.0 -9999.0 -9999.0 -9999.0 -9999.0 -9999.0 -9999.0 -9999.0 -9999.0 -9999.0 -9999.0 -9999.0 -9999.0 -9999.0 -9999.0 -9999.0 -9999.0 -9999.0 -9999.0 -9999.0 -9999.0 -9999.0 -9999.0 -9999.0 -9999.0 -9999.0 -9999.0 -9999.0 -9999.0 -9999.0 -9999.0 -9999.0 -9999.0 -9999.0 -9999.0 -9999.0 -9999.0 -9999.0 -9999.0 -9999.0 3073.423949 3056.193002 3042.545579 3037.797974 3058.686133 3081.523149 3105.079953 3125.354954
-9999.0 -9999.0 -9999.0 -9999.0 -9999.0 -9999.0 -9999.0 -9999.0 -9999.0 -9999.0 -9999.0 -9999.0 -9999.0 -9999.0 -9999.0 -9999.0 -9999.0 -9999.0 -9999.0 -9999.0 -9999.0 -9999.0 -9999.0 -9999.0 -9999.0 -9999.0 -9999.0 -9999.0 -9999.0 -9999.0 -9999.0 -9999.0 -9999.0 -9999.0 -9999.0 -9999.0 -9999.0 -9999.0 -9999.0 -9999.0 3124.271471 3130.088424 3129.772877 3119.719214 3108.221561 3094.429671 3073.722650 3056.485904 3043.216922 3041.105080 3043.330634 3045.842849 3066.291403 3091.370351 3110.987053
-9999.0 -9999.0 -9999.0 -9999.0 -9999.0 -9999.0 -9999.0 -9999.0 -9999.0 -9999.0 -9999.0 -9999.0 -9999.0 -9999.0 -9999.0 -9999.0 -9999.0 -9999.0 -9999.0 -9999.0 -9999.0 -9999.0 -9999.0 -9999.0 -9999.0 -9999.0 -9999.0 -9999.0 -9999.0 -9999.0 -9999.0 -9999.0 -9999.0 -9999.0 3032.526129 3049.323608 3067.039602 3085.365942 3102.113522 3108.988135 3114.714522 3119.914567 3115.089210 3110.427094 3098.496283 3077.305657 3057.783063 3044.782905 3043.561456 3040.887885 3044.163267 3055.401431 3071.658183 3086.332957 3106.498578
-9999.0 -9999.0 -9999.0 -9999.0 -9999.0 -9999.0 -9999.0 -9999.0 -9999.0 -9999.0 -9999.0 -9999.0 -9999.0 -9999.0 -9999.0 -9999.0 -9999.0 -9999.0 -9999.0 -9999.0 -9999.0 -9999.0 -9999.0 -9999.0 -9999.0 -9999.0 -9999.0 -9999.0 3038.960910 3032.878045 3027.845435 3026.026847 3024.322763 3023.122799 3029.596046 3040.501061 3057.291460 3079.067386 3092.061108 3099.062594 3105.696127 3105.782790 3099.613403 3097.555727 3097.694153 3084.714799 3072.103518 3060.273350 3048.683753 3045.220539 3053.710578 3067.501089 3083.250802 3097.355744 3112.124824
-9999.0 -9999.0 -9999.0 -9999.0 -9999.0 -9999.0 -9999.0 -9999.0 -9999.0 -9999.0 -9999.0 -9999.0 -9999.0 -9999.0 -9999.0 -9999.0 -9999.0 -9999.0 -9999.0 -9999.0 -9999.0 -9999.0 -9999.0 3009.677235 3014.480204 3020.783753 3028.199256 3028.921197 3025.392490 3019.769228 3016.794386 3015.052135 3012.457386 3016.637507 3023.312107 3035.873998 3050.714386 3072.543849 3080.356325 3084.266642 3095.208913 3098.418820 3105.676916 3109.098483 3106.713380 3102.176858 3086.865041 3074.862044 3076.593331 3080.099593 3086.338652 3094.036155 3106.881533 3120.028871 3134.742949
-9999.0 -9999.0 -9999.0 -9999.0 -9999.0 -9999.0 -9999.0 -9999.0 -9999.0 -9999.0 -9999.0 -9999.0 -9999.0 -9999.0 -9999.0 -9999.0 -9999.0 -9999.0 -9999.0 2985.513842 2986.438033 2987.749753 2992.401306 2992.614266 2994.156366 3000.631945 3008.309959 3010.837053 3008.292809 3006.905825 3007.799757 3009.897542 3013.880087 3023.782932 3036.544504 3049.784938 3061.909070 3081.821650 3095.453881 3107.041297 3121.553959 3121.235914 3116.919959 3114.545561 3113.772671 3111.514537 3109.497853 3107.991968 3113.369551 3113.488669 3116.339797 3124.648529 3135.747369 3151.457429 3168.197843
-9999.0 -9999.0 -9999.0 -9999.0 -9999.0 -9999.0 -9999.0 -9999.0 -9999.0 -9999.0 -9999.0 -9999.0 -9999.0 -9999.0 -9999.0 -9999.0 2957.377563 2959.025625 2961.225326 2966.571427 2970.034533 2973.738947 2980.423681 2980.773443 2983.748031 2990.309567 2994.212757 3002.868410 3010.576283 3016.936124 3021.973042 3023.518441 3029.107580 3037.283704 3047.615876 3060.418125 3079.396697 3101.759032 3116.341478 3131.912214 3148.039799 3147.581500 3144.910012 3144.231080 3141.903803 3142.615374 3156.140512 3158.477005 3152.685651 3161.812722 3172.683111 3174.646110 3180.500799 3199.129397 3220.355448
-9999.0 -9999.0 -9999.0 -9999.0 -9999.0 -9999.0 -9999.0 -9999.0 -9999.0 -9999.0 -9999.0 -9999.0 -9999.0 2908.454497 2912.261720 2922.222951 2933.359079 2936.130329 2940.764964 2947.120427 2958.873341 2962.064934 2967.544321 2974.143008 2985.103888 2992.919924 3000.831020 3011.582066 3018.554708 3024.387466 3029.621376 3031.481064 3041.793277 3054.535145 3067.621568 3085.417268 3105.942594 3123.167572 3140.162699 3155.183945 3165.754770 3162.337472 3160.382591 3161.393256 3165.166737 3177.184855 3192.682380 3192.690863 3201.892620 3221.418307 3230.797579 3237.406244 3242.689245 3255.468173 3275.931375
-9999.0 -9999.0 -9999.0 -9999.0 -9999.0 -9999.0 -9999.0 -9999.0 -9999.0 -9999.0 2881.592624 2882.923206 2878.918653 2876.053705 2881.469901 2893.447641 2907.572486 2912.757637 2924.275635 2945.102874 2963.154698 2965.559435 2978.224051 2986.532584 2992.181153 3000.821315 3012.335469 3022.999961 3036.967206 3047.101504 3054.508620 3069.451435 3083.572927 3098.022560 3113.554193 3132.241023 3147.080604 3169.632580 3193.084815 3200.711141 3216.767754 3219.155585 3214.044528 3211.269628 3219.292402 3229.643935 3243.756868 3258.892437 3276.427136 3297.455867 3307.352442 3319.342946 3327.577454 3337.182298 3351.627715
-9999.0 -9999.0 -9999.0 -9999.0 -9999.0 -9999.0 -9999.0 -9999.0 2857.310067 2865.125849 2870.205313 2866.532299 2861.567795 2855.337744 2869.406764 2884.277178 2899.484765 2917.086612 2931.931394 2949.370189 2962.433590 2976.237781 2994.018554 3003.491489 3012.721391 3026.210791 3037.665373 3051.026501 3069.831434 3076.480177 3086.426945 3104.265275 3118.487015 3133.689185 3150.132721 3165.047470 3184.210213 3213.080160 3240.712130 3256.153936 3280.921147 3297.423803 3291.268460 3289.007208 3289.636387 3311.735459 3337.008511 3364.961860 3383.405696 3406.142294 3433.454301 3451.458220 3460.235621 3470.886393 3484.257023
-9999.0 -9999.0 -9999.0 -9999.0 -9999.0 -9999.0 2829.349212 2853.435663 2868.201332 2859.168718 2844.828185 2839.201937 2832.569581 2862.076688 2883.684342 2900.207435 2916.035466 2932.610190 2947.809880 2955.514348 2983.073036 3000.926054 3011.562054 3023.818794 3036.719785 3049.560891 3064.271452 3084.125426 3100.441822 3121.545640 3137.071088 3152.692425 3174.831013 3190.780994 3206.313491 3218.944274 3245.385942 3278.829205 3312.180937 3335.816966 3359.382555 3389.595489 3389.404163 3390.941266 3392.521459 3415.009118 3447.560899 3476.474314 3507.648511 3537.578197 3564.941200 3575.069143 3583.715866 3593.300315 3605.446170
-9999.0 -9999.0 -9999.0 -9999.0 2797.497457 2818.030835 2836.342659 2865.930005 2887.355817 2881.728122 2885.605893 2883.045191 2878.047408 2882.078974 2889.184686 2905.462124 2923.423809 2941.696635 2955.074327 2980.336263 3025.309932 3035.332884 3051.688380 3079.780783 3089.501294 3102.041859 3116.076447 3135.251052 3153.163648 3179.422780 3213.173257 3241.685609 3262.077946 3280.324842 3298.271774 3314.488475 3347.974326 3383.637073 3418.157763 3448.872133 3475.157989 3500.196415 3506.939695 3511.624610 3521.242906 3537.538749 3559.347089 3586.183287 3618.766839 3650.228833 3673.220760 3682.501364 3687.708589 3697.001949 3704.583800
-9999.0 -9999.0 -9999.0 2749.333452 2782.897661 2821.878929 2847.079150 2876.688800 2908.239769 2907.828010 2915.641979 2915.101218 2913.693733 2918.383236 2921.067961 2936.385288 2952.979278 2970.973801 2989.500464 3021.844822 3050.132113 3067.786776 3094.425643 3110.270853 3122.703927 3134.421621 3151.390375 3170.421445 3205.478588 3234.736688 3279.701295 3329.084113 3360.508984 3379.438596 3400.658304 3426.992031 3451.060544 3488.356846 3521.530171 3552.874016 3582.507018 3604.329286 3618.639608 3623.208089 3632.306343 3638.061583 3650.728433 3671.273064 3693.028675 3722.905547 3751.534455 3779.301374 3794.007162 3804.600863 3821.223000
-9999.0 -9999.0 2700.901991 2740.336735 2772.001414 2812.934432 2865.277089 2899.543545 2938.214406 2956.687228 2959.260557 2969.477100 2978.593979 2979.020142 2987.245544 2999.051034 3019.139488 3026.422041 3044.878224 3060.950211 3098.126887 3131.886785 3129.641466 3167.903738 3196.918835 3227.424065 3246.930401 3272.272383 3308.363050 3342.014051 3385.628778 3434.214733 3467.994857 3495.356232 3510.463618 3529.699981 3549.542991 3574.680494 3610.129938 3635.609224 3668.175384 3693.084680 3712.477958 3713.785887 3716.487205 3732.160857 3759.408954 3789.027062 3816.839140 3844.612116 3831.888247 3853.295233 3862.851340 3868.182923 3876.566065
-9999.0 -9999.0 2670.914062 2717.396704 2752.564838 2805.099235 2890.132564 2923.829050 2963.132602 3006.965601 3020.018866 3040.404116 3035.037359 3025.075465 3042.018716 3055.894127 3074.020824 3080.197476 3073.772274 3124.814163 3176.377258 3202.624094 3212.902689 3286.748051 3336.712431 3358.850846 3374.000515 3393.354306 3412.836084 3450.786768 3490.048756 3543.078472 3583.687381 3612.827493 3626.878359 3645.910788 3664.842959 3679.684467 3698.560282 3743.531187 3777.263248 3806.817169 3837.509054 3858.321051 3866.240499 3870.833439 3847.352044 3865.226177 3877.347666 3882.575588 3884.628550 3880.884564 3880.293528 3881.090016 3882.017622
-9999.0 2577.693568 2630.270422 2681.142748 2746.027537 2801.405916 2876.196953 2950.655154 3014.197002 3064.440483 3088.777309 3082.767835 3085.617569 3111.331165 3130.021208 3146.338622 3150.297006 3158.668055 3139.820061 3190.947524 3227.869267 3278.781067 3377.689581 3434.403003 3493.917885 3490.052016 3478.743514 3484.054985 3500.347103 3545.417194 3621.611033 3675.616534 3738.673138 3785.584172 3801.830410 3808.759411 3826.814755 3847.001610 3800.479263 3840.475108 3858.836874 3874.158328 3882.433277 3884.545062 3885.724501 3885.504871 3881.858974 3874.912060 3866.787099 3860.980436 3856.773787 3852.271023 3854.704555 3858.026048 3858.289387
-9999.0 2539.515251 2597.160300 2665.982565 2733.953582 2783.226453 2859.703542 3021.779206 3081.969285 3118.411748 3124.432803 3103.999112 3162.391069 3221.213068 3245.334326 3289.024507 3273.723425 3258.311063 3223.236180 3248.184137 3286.843571 3356.616013 3522.171076 3608.949959 3657.032851 3664.908335 3666.089591 3693.591647 3736.135473 3781.427232 3824.933077 3797.286127 3843.296536 3865.889671 3870.610901 3871.271771 3876.341012 3874.978810 3873.403179 3869.013920 3863.896069 3864.052252 3868.582164 3868.416948 3865.478654 3862.138551 3856.463322 3849.039731 3843.814297 3839.189853 3836.525173 3833.673970 3831.758484 3831.112895 3826.341115
-9999.0 2499.930811 2574.504968 2633.355240 2681.255277 2774.543555 2895.799189 3037.256565 3131.794506 3164.706353 3145.602883 3182.727776 3283.520577 3386.887824 3437.741893 3458.213733 3440.512941 3394.587230 3376.414790 3418.999708 3487.604832 3602.717713 3734.747792 3830.444691 3845.053052 3848.201676 3803.551238 3827.576146 3849.844190 3852.486672 3853.532258 3860.862807 3865.891216 3868.780744 3867.228578 3864.339602 3859.541129 3851.381369 3846.566643 3842.918788 3839.170668 3838.063757 3840.103845 3841.858742 3839.065810 3835.181771 3830.708866 3825.129139 3818.845933 3812.109114 3807.837519 3803.620128 3801.503016 3796.056956 3792.499485
-9999.0 2378.127609 2474.026053 2515.703676 2593.099643 2780.763333 2901.086879 3040.368681 3202.014888 3222.846885 3269.630037 3405.163520 3521.287324 3599.555870 3628.574965 3661.871831 3686.058768 3702.093124 3737.836429 3626.618806 3703.492830 3795.656965 3837.548767 3855.714570 3864.490253 3864.837554 3855.114483 3834.456248 3823.747813 3816.994660 3818.602089 3825.862298 3830.590618 3835.419767 3833.129628 3834.132288 3835.119009 3831.868173 3827.875423 3819.208037 3811.384924 3804.773675 3801.641402 3806.378564 3801.713220 3799.290064 3793.137803 3784.764589 3775.875788 3768.510739 3760.607400 3754.068106 3751.824883 3746.812508 3745.637208
-9999.0 2297.184292 2370.012911 2431.666621 2544.174454 2708.126760 2797.193924 2954.288687 3190.001848 3322.713621 3480.974722 3568.651484 3638.123993 3681.048254 3731.627851 3782.064381 3808.030379 3818.994270 3789.942359 3810.437361 3768.471948 3757.549334 3774.738275 3803.312564 3819.868314 3823.839598 3815.894354 3806.579477 3799.324978 3798.200824 3796.099711 3792.251246 3788.329882 3784.856877 3781.716233 3784.582778 3789.813079 3782.793176 3772.691172 3763.368658 3754.961187 3745.832255 3739.931410 3735.399625 3735.653252 3735.897316 3728.315893 3717.880413 3707.100073 3698.870766 3691.685565 3687.142303 3684.534402 3679.628704 3670.218052
-9999.0 2178.347368 2310.378250 2387.705538 2483.650558 2613.087710 2718.753147 2859.940908 2988.960249 3229.549113 3370.791285 3553.488520 3601.441131 3669.180115 3716.954384 3788.648538 3784.464027 3752.961691 3710.580812 3694.257516 3704.494028 3713.229179 3721.671055 3736.397480 3753.833825 3763.772970 3768.411843 3762.202384 3748.035470 3735.855651 3725.149103 3711.831606 3702.646222 3700.275699 3703.994601 3713.713630 3714.386922 3705.114934 3691.130505 3673.134250 3657.704743 3646.038883 3643.970752 3646.630552 3647.653224 3643.673154 3637.829862 3627.162170 3614.651213 3602.379442 3596.617867 3592.263410 3584.990589 3573.989175 3562.313929
-9999.0 -9999.0 2225.077025 2333.474581 2427.406999 2538.693557 2629.502503 2749.115630 2876.319871 3045.849263 3160.911820 3335.011720 3426.937390 3470.361815 3505.128577 3560.073622 3584.190976 3613.824573 3606.758238 3617.422789 3626.625994 3631.679389 3637.071198 3643.119049 3653.671124 3663.350185 3673.232887 3670.443143 3661.574699 3641.387330 3616.234749 3596.695834 3586.371238 3577.349864 3589.180050 3601.595620 3596.338249 3589.475203 3576.939356 3560.826892 3548.266471 3534.123971 3530.677134 3530.668219 3531.262151 3528.961643 3526.339779 3513.976264 3501.770890 3491.818739 3487.775521 3482.233938 3478.617194 3468.875215 3458.369972
-9999.0 -9999.0 2136.768635 2240.819625 2343.260705 2460.477659 2545.166679 2563.238334 2700.868909 2789.356623 2895.219555 3002.979143 3097.100538 3164.151396 3197.154960 3258.450446 3312.504612 3330.134939 3367.890920 3419.014592 3452.002023 3489.821612 3512.012318 3521.485035 3533.892679 3548.047439 3555.504770 3540.575870 3529.332219 3512.333331 3489.188600 3462.933244 3449.615301 3448.884230 3448.248685 3450.138647 3442.744826 3433.802337 3419.438913 3405.438557 3393.251170 3384.188383 3380.619056 3375.313226 3373.171565 3370.510979 3368.775065 3363.369686 3354.990624 3350.280593 3342.244909 3338.480306 3337.646880 3334.457132 3328.648134
