tests/Borden05m/data_simulated/sim_1/output-maps/psiliqL0002N0012.asc
ncols         160
nrows         34
xllcorner     620200.000000
yllcorner     5168000.000000
cellsize      0.500000
NODATA_value  -9999.0
[rows 0 to 24 of 34, columns 0 to 55 of 160]
-9999.0 -9999.0 -9999.0 -9999.0 -9999.0 -9999.0 -9999.0 -9999.0 -9999.0 -9999.0 -9999.0 -9999.0 -9999.0 -9999.0 -9999.0 -9999.0 -9999.0 -9999.0 -9999.0 -9999.0 -9999.0 -9999.0 -9999.0 -9999.0 -9999.0 -9999.0 -9999.0 -9999.0 -9999.0 -9999.0 -9999.0 -9999.0 -9999.0 -9999.0 -9999.0 -9999.0 -9999.0 -9999.0 -9999.0 -9999.0 -9999.0 -9999.0 -9999.0 -9999.0 -9999.0 -9999.0 -9999.0 -9999.0 -9999.0 -9999.0 -9999.0 -9999.0 -9999.0 -9999.0 -9999.0 -9999.0
-9999.0 -9999.0 -9999.0 -9999.0 -9999.0 -9999.0 -9999.0 -9999.0 -9999.0 -9999.0 -9999.0 -9999.0 -9999.0 -9999.0 -9999.0 -9999.0 -9999.0 -9999.0 -9999.0 -9999.0 -9999.0 -9999.0 -9999.0 -9999.0 -9999.0 -9999.0 -9999.0 -9999.0 -9999.0 -9999.0 -9999.0 -9999.0 -9999.0 -9999.0 -9999.0 -9999.0 -9999.0 -9999.0 -9999.0 -9999.0 -9999.0 -9999.0 -9999.0 -9999.0 -9999.0 -9999.0 -9999.0 -9999.0 -9999.0 -9999.0 -9999.0 -9999.0 -9999.0 -9999.0 -9999.0 -9999.0
-9999.0 -9999.0 -9999.0 -9999.0 -9999.0 -9999.0 -9999.0 -9999.0 -9999.0 -9999.0 -9999.0 -9999.0 -9999.0 -9999.0 -9999.0 -9999.0 -9999.0 -9999.0 -9999.0 -9999.0 -9999.0 -9999.0 -9999.0 -9999.0 -9999.0 -9999.0 -9999.0 -9999.0 -9999.0 -9999.0 -9999.0 -9999.0 -9999.0 -9999.0 -9999.0 -9999.0 -9999.0 -9999.0 -9999.0 -9999.0 -9999.0 -9999.0 -9999.0 -9999.0 -9999.0 -9999.0 -9999.0 -561.393940 -564.745254 -568.806781 -569.954533 -565.454461 -563.540710 -561.798401 -560.696635 -559.687839
-9999.0 -9999.0 -9999.0 -9999.0 -9999.0 -9999.0 -9999.0 -9999.0 -9999.0 -9999.0 -9999.0 -9999.0 -9999.0 -9999.0 -9999.0 -9999.0 -9999.0 -9999.0 -9999.0 -9999.0 -9999.0 -9999.0 -9999.0 -9999.0 -9999.0 -9999.0 -9999.0 -9999.0 -9999.0 -9999.0 -9999.0 -9999.0 -9999.0 -9999.0 -9999.0 -9999.0 -9999.0 -9999.0 -9999.0 -9999.0 -562.166226 -560.606217 -559.296279 -561.511479 -562.386487 -562.108248 -564.397606 -567.089799 -569.884445 -568.987162 -568.954277 -571.048070 -568.023470 -565.634730 -564.912090 -564.339084
-9999.0 -9999.0 -9999.0 -9999.0 -9999.0 -9999.0 -9999.0 -9999.0 -9999.0 -9999.0 -9999.0 -9999.0 -9999.0 -9999.0 -9999.0 -9999.0 -9999.0 -9999.0 -9999.0 -9999.0 -9999.0 -9999.0 -9999.0 -9999.0 -9999.0 -9999.0 -9999.0 -9999.0 -9999.0 -9999.0 -9999.0 -9999.0 -9999.0 -9999.0 -568.758429 -565.886729 -564.692245 -563.576236 -561.816084 -562.539126 -563.164619 -561.812178 -563.037506 -563.052411 -564.522949 -567.312049 -570.104064 -571.640626 -569.844047 -570.398922 -570.429309 -569.020219 -568.211145 -568.008631 -566.083352 -562.901547
-9999.0 -9999.0 -9999.0 -9999.0 -9999.0 -9999.0 -9999.0 -9999.0 -9999.0 -9999.0 -9999.0 -9999.0 -9999.0 -9999.0 -9999.0 -9999.0 -9999.0 -9999.0 -9999.0 -9999.0 -9999.0 -9999.0 -9999.0 -9999.0 -9999.0 -9999.0 -9999.0 -9999.0 -564.246663 -565.388792 -566.255794 -566.184288 -566.597370 -568.223146 -568.709735 -568.510782 -567.052486 -564.638849 -564.330535 -564.735458 -564.607243 -565.242870 -566.957980 -567.102975 -565.148028 -566.837220 -567.591385 -568.682376 -571.581067 -572.308177 -570.673751 -569.152026 -567.889839 -567.704807 -567.680883 -567.882064
-9999.0 -9999.0 -9999.0 -9999.0 -9999.0 -9999.0 -9999.0 -9999.0 -9999.0 -9999.0 -9999.0 -9999.0 -9999.0 -9999.0 -9999.0 -9999.0 -9999.0 -9999.0 -9999.0 -9999.0 -9999.0 -9999.0 -9999.0 -566.092999 -565.041619 -564.674773 -563.765609 -564.269160 -566.553158 -567.991122 -568.605456 -569.119596 -570.347092 -570.526968 -570.626001 -569.949877 -569.502512 -566.962349 -568.421714 -569.383801 -567.154740 -567.745636 -566.233617 -564.493143 -564.879028 -564.477958 -567.649747 -570.022522 -567.507745 -566.534308 -566.730019 -567.402091 -566.726673 -565.807481 -564.654831 -562.546886
-9999.0 -9999.0 -9999.0 -9999.0 -9999.0 -9999.0 -9999.0 -9999.0 -9999.0 -9999.0 -9999.0 -9999.0 -9999.0 -9999.0 -9999.0 -9999.0 -9999.0 -9999.0 -9999.0 -565.846913 -566.193969 -566.873784 -566.641440 -568.854120 -569.804904 -569.223427 -568.094024 -568.809130 -570.075045 -571.159822 -571.038419 -570.910004 -571.213811 -569.632848 -568.394607 -568.074873 -568.580120 -566.636095 -566.165835 -565.108382 -562.072654 -564.183386 -566.212877 -567.273882 -567.365715 -567.987999 -566.135837 -565.607785 -565.508899 -565.814691 -565.895431 -565.564181 -565.466863 -563.165274 -561.123200 -559.526731
-9999.0 -9999.0 -9999.0 -9999.0 -9999.0 -9999.0 -9999.0 -9999.0 -9999.0 -9999.0 -9999.0 -9999.0 -9999.0 -9999.0 -9999.0 -9999.0 -565.967305 -566.167375 -567.013058 -568.391560 -569.576091 -569.627151 -568.764374 -570.415104 -570.987193 -570.666722 -571.424627 -570.664797 -569.840946 -568.842494 -568.417257 -569.621624 -569.478308 -569.735575 -569.989105 -569.605943 -567.406717 -565.419954 -565.160926 -563.767876 -561.070160 -562.790035 -563.498825 -563.425360 -564.519049 -563.761195 -559.650801 -560.511653 -562.572741 -558.322925 -556.180880 -557.248698 -557.911782 -555.362486 -551.465536 -546.446064
-9999.0 -9999.0 -9999.0 -9999.0 -9999.0 -9999.0 -9999.0 -9999.0 -9999.0 -9999.0 -9999.0 -9999.0 -9999.0 -566.153099 -566.342595 -566.151226 -568.291797 -569.947336 -570.965966 -572.382867 -570.676556 -571.973901 -572.414743 -572.160168 -570.647413 -570.672466 -570.561461 -569.650593 -570.060347 -570.611190 -571.152454 -572.212314 -571.019627 -569.852815 -569.117768 -567.432969 -566.232602 -565.386647 -563.557526 -563.432628 -562.226352 -562.905831 -564.653494 -565.065421 -563.837195 -560.107079 -557.393581 -556.681789 -551.546076 -546.158839 -543.772077 -540.537751 -539.190791 -537.327047 -532.180456 -515.548634
-9999.0 -9999.0 -9999.0 -9999.0 -9999.0 -9999.0 -9999.0 -9999.0 -9999.0 -9999.0 -569.321924 -568.240213 -569.845737 -572.842310 -574.166276 -573.531306 -572.870167 -574.033201 -574.052063 -571.013782 -569.383903 -572.360831 -570.428207 -570.466084 -571.775147 -571.540367 -570.820395 -570.800694 -569.020442 -569.084784 -569.216793 -566.274805 -565.657518 -564.995539 -564.031215 -563.017544 -562.249301 -557.945907 -554.318691 -554.846785 -549.533964 -546.187708 -549.252333 -550.353563 -549.646101 -545.829207 -539.571278 -530.338257 -520.427268 -505.341430 -490.587197 -479.075460 -468.826651 -453.841387 -430.294035 -399.218462
-9999.0 -9999.0 -9999.0 -9999.0 -9999.0 -9999.0 -9999.0 -9999.0 -573.621218 -571.921959 -570.855519 -572.209338 -574.026656 -577.334693 -576.121043 -574.951307 -574.187322 -573.021738 -572.515108 -572.126954 -572.986642 -572.036656 -570.182551 -570.824409 -570.714614 -569.542835 -569.644733 -568.658584 -567.084085 -568.154961 -567.446066 -566.086997 -564.925277 -563.914847 -562.657233 -562.085132 -557.720121 -551.814641 -545.342927 -539.821373 -531.771260 -521.127071 -521.367388 -519.149914 -516.705421 -501.350126 -476.832136 -435.113650 -400.175872 -383.525932 -367.333795 -357.647927 -350.081616 -339.317996 -324.762320 -311.542725
-9999.0 -9999.0 -9999.0 -9999.0 -9999.0 -9999.0 -576.133072 -572.381576 -570.579358 -574.867765 -578.151050 -579.246059 -581.208629 -576.974565 -573.264842 -572.622326 -572.148947 -571.577659 -572.059315 -574.655910 -569.117625 -570.836652 -572.132718 -570.557646 -570.846166 -570.851023 -569.939058 -567.694528 -566.910952 -562.364344 -559.216692 -556.564982 -552.793615 -550.559492 -548.133195 -545.318095 -537.238816 -524.373768 -505.789333 -484.410227 -453.847199 -415.518863 -400.769550 -394.403184 -389.690060 -381.507351 -364.074907 -341.409417 -313.939489 -288.430729 -269.422295 -260.456753 -251.268674 -239.869242 -224.908911 -207.492478
-9999.0 -9999.0 -9999.0 -9999.0 -573.940232 -573.155869 -573.930688 -570.699781 -568.466737 -573.685537 -571.844900 -572.769493 -574.485204 -576.591578 -579.116230 -577.392271 -576.437850 -575.836386 -576.287545 -570.913913 -566.428385 -569.757645 -567.647784 -563.314298 -564.581105 -564.287810 -564.284236 -562.509793 -559.129850 -554.833376 -544.302448 -534.559778 -527.819033 -518.708571 -508.805004 -494.755782 -466.547353 -416.153656 -388.970885 -368.545154 -346.686221 -326.233571 -311.987800 -305.168105 -296.888902 -286.683103 -271.787555 -248.752839 -221.447586 -188.280841 -164.778897 -152.626161 -144.374278 -130.394163 -113.246584 -68.041348
-9999.0 -9999.0 -9999.0 -576.140573 -572.484180 -571.213781 -573.120407 -572.568423 -569.835615 -572.690734 -573.264044 -573.779584 -574.101610 -574.104454 -574.387817 -573.434569 -573.333602 -574.228975 -573.623637 -570.569486 -569.419720 -567.100087 -565.432966 -562.658194 -560.237972 -559.463268 -558.219176 -554.674485 -545.352063 -534.495802 -512.081270 -475.998712 -429.447599 -400.013379 -388.179558 -374.578719 -358.873305 -333.003914 -307.852994 -283.254000 -256.365680 -231.477453 -206.975392 -198.891572 -193.966349 -185.952445 -170.460257 -148.317259 -123.197547 -64.022408 -39.566744 -50.198122 -39.064316 -4.515988 7.555987 21.669886
-9999.0 -9999.0 -575.379438 -573.322964 -574.880441 -572.346924 -569.553369 -571.829477 -568.461346 -567.453624 -571.132958 -569.203994 -568.274077 -570.595577 -569.306429 -567.846408 -567.167653 -569.945071 -572.051905 -568.520464 -560.682011 -554.458365 -551.514482 -535.144600 -525.034750 -518.251003 -515.061103 -503.918928 -483.266030 -427.852441 -388.475157 -357.909614 -327.032179 -300.714693 -289.401836 -275.613571 -254.249335 -233.578222 -208.620370 -181.544665 -153.578416 -124.195313 -69.292526 -60.038231 -82.043193 -44.724390 -51.103196 -8.240076 10.218267 27.601313 43.836581 43.599903 43.804316 44.512159 44.370532 44.526137
-9999.0 -9999.0 -577.790600 -574.340229 -576.896706 -571.541661 -566.662868 -571.909135 -570.636059 -565.617017 -567.254194 -566.867725 -567.791290 -567.728860 -565.690196 -561.277509 -563.799307 -564.758500 -570.099807 -558.352177 -548.016916 -529.410877 -488.827813 -432.978142 -396.148561 -390.340953 -387.999065 -379.459082 -364.085147 -328.958230 -285.485127 -239.377858 -200.008060 -173.526005 -160.464134 -146.819491 -124.900332 -74.046585 -87.109317 -32.131863 -15.059563 1.779990 22.571204 38.516643 43.672882 44.432254 43.529557 44.070414 44.220501 44.350926 43.846036 40.858230 39.638007 40.138325 40.969349 36.699232
-9999.0 -578.494262 -576.795978 -576.770250 -573.330017 -574.692706 -570.754939 -565.028953 -565.742520 -563.932598 -564.228183 -568.094341 -556.569478 -546.462162 -543.418062 -534.413358 -538.683388 -541.599378 -548.008164 -535.476380 -510.204717 -424.186903 -345.824326 -294.599528 -267.977220 -263.802964 -266.877203 -254.233822 -230.692217 -195.295669 -139.177728 -66.553899 -31.092767 -4.877924 2.770207 4.327913 15.963651 31.102286 45.868658 48.573696 49.038233 48.523850 44.684905 44.129594 44.809358 44.112279 41.409838 35.591422 28.100628 23.271622 19.673237 14.093931 16.147582 20.343204 21.798623 14.365591
-9999.0 -583.843213 -576.962382 -572.984318 -574.724062 -577.846187 -568.519051 -554.477869 -560.440017 -562.581814 -563.664503 -554.978807 -526.340668 -495.803272 -469.863621 -430.194998 -433.462447 -450.554642 -448.695102 -406.133671 -368.297835 -308.996247 -202.615403 -89.864363 -81.877723 -73.810648 -66.683998 -47.385900 -23.199143 -2.677363 14.222591 35.496681 37.775960 38.125307 37.983252 38.201833 38.084013 37.989278 34.907715 31.194942 26.884111 27.013612 30.147600 29.836058 27.391924 25.008935 19.720273 11.049625 4.782928 -0.179272 -7.316096 -35.377973 -36.785685 -9.485472 -11.315168 -47.662157
-9999.0 -578.225847 -570.419206 -572.534093 -579.200018 -570.143510 -566.918355 -557.662336 -550.749397 -553.927253 -542.203571 -496.903058 -412.951000 -370.088369 -338.951302 -313.712232 -294.289381 -293.453307 -274.875375 -226.877412 -128.248283 -69.426782 -29.351004 18.815256 24.658275 24.764497 24.576438 24.672426 24.801510 24.856617 24.938776 23.214070 27.535587 29.519024 28.272389 25.470762 20.980586 11.090285 7.608931 4.294616 0.918490 0.992351 3.897664 4.340093 1.984360 -1.774296 -11.059197 -45.668291 -57.434430 -66.398540 -72.840354 -81.263004 -83.828903 -84.420659 -89.487845 -100.561492
-9999.0 -587.385904 -576.195932 -585.718573 -572.741841 -562.039735 -564.490542 -548.619554 -528.749253 -521.875098 -446.854271 -380.659720 -320.323314 -274.306474 -236.821031 -199.153128 -172.670429 -144.194848 -102.106527 -12.445143 19.517608 32.367055 32.827996 33.062933 24.835657 24.833446 17.817354 -1.997677 -12.259017 -18.946901 -17.335544 -10.764182 -4.404428 1.378987 -0.739969 -1.124871 -4.493561 -42.227283 -51.509271 -60.650761 -68.257691 -73.148953 -73.736598 -68.274447 -73.578027 -78.216798 -86.524970 -99.850585 -111.093644 -120.509704 -129.215414 -137.247025 -140.577014 -145.627498 -147.284938 -155.155622
-9999.0 -594.140814 -586.182032 -580.320125 -569.049554 -561.381289 -553.817985 -536.007382 -489.964330 -419.732678 -364.649022 -334.262036 -284.110053 -225.711691 -168.790962 -137.922894 -120.322650 -111.461465 -96.725408 -75.468733 -44.526291 -49.284894 -36.923348 -17.317832 -10.826989 -9.029217 -51.337427 -75.922096 -85.551058 -87.165879 -87.816765 -87.300145 -87.090104 -88.281855 -91.839075 -91.923058 -90.818353 -102.521402 -112.336646 -120.129691 -126.436742 -133.493971 -138.231254 -140.488055 -142.882554 -143.920603 -152.030414 -163.574196 -174.667552 -183.141242 -191.323306 -197.761888 -199.840009 -203.847390 -209.151705 -218.473185
-9999.0 -609.553145 -583.336893 -580.320440 -573.643970 -571.950942 -570.616294 -557.780718 -535.971846 -429.419600 -313.221068 -299.766424 -281.832532 -246.980406 -192.480616 -143.572061 -136.164478 -161.359641 -178.503984 -184.331308 -175.114308 -164.274872 -149.416834 -129.069716 -115.120855 -109.758317 -117.310673 -130.334488 -145.003727 -152.387913 -155.798940 -162.519322 -167.785928 -168.226559 -170.728427 -167.086969 -165.117594 -175.626202 -187.916872 -201.291228 -212.534310 -220.595872 -223.241128 -222.635196 -223.208776 -225.998304 -232.956602 -242.384900 -253.690709 -263.615332 -271.237460 -276.403450 -281.304118 -287.793618 -294.844242 -302.071758
-9999.0 -9999.0 -595.138083 -580.174709 -578.453529 -576.471760 -574.845736 -564.721170 -553.961498 -509.054974 -427.974791 -382.944886 -357.336220 -325.405278 -276.407863 -236.678167 -229.346889 -223.352662 -244.449138 -248.294045 -247.349912 -243.772615 -234.109196 -221.924650 -210.557137 -204.159058 -201.936373 -205.346557 -214.811186 -228.348932 -243.189748 -254.364794 -261.485516 -266.486831 -260.818506 -252.201820 -253.706552 -259.637943 -269.025767 -280.795276 -290.167599 -299.400778 -301.427321 -300.244161 -300.116665 -302.396131 -306.708271 -316.904964 -327.696574 -338.470209 -343.808531 -348.783239 -353.319252 -360.824626 -367.953237 -375.119046
-9999.0 -9999.0 -612.208450 -587.880354 -577.843596 -570.982106 -572.314162 -571.443828 -556.473803 -549.499855 -537.109756 -513.978448 -486.423625 -438.848947 -401.030558 -374.724333 -363.058489 -357.970504 -359.466337 -355.674000 -343.770748 -329.570787 -318.640715 -308.743852 -299.763344 -292.629794 -286.238450 -294.265198 -302.342700 -314.434804 -330.212105 -347.458241 -356.429667 -360.956346 -358.195139 -353.037805 -356.294538 -362.533580 -370.602054 -379.224111 -385.064800 -390.628886 -391.932885 -392.328247 -392.357106 -393.780970 -396.449439 -405.492942 -421.390818 -435.762422 -447.174444 -456.556617 -461.935357 -471.694519 -482.233881 -489.249251
