tests/Borden05m/data_simulated/sim_1/output-maps/psiliqL0025N0004.asc
ncols         160
nrows         34
xllcorner     620200.000000
yllcorner     5168000.000000
cellsize      0.500000
NODATA_value  -9999.0
[rows 0 to 24 of 34, columns 55 to 109 of 160]
-9999.0 -9999.0 -9999.0 -9999.0 -9999.0 -9999.0 -9999.0 -9999.0 -9999.0 -9999.0 -9999.0 -9999.0 -9999.0 -9999.0 -9999.0 -9999.0 -9999.0 -9999.0 -9999.0 -9999.0 -9999.0 -9999.0 -9999.0 -9999.0 -9999.0 -9999.0 -9999.0 -9999.0 -9999.0 -9999.0 -9999.0 -9999.0 -9999.0 -9999.0 -9999.0 -9999.0 -9999.0 -9999.0 -9999.0 -9999.0 -9999.0 -9999.0 -9999.0 -9999.0 -9999.0 -9999.0 -9999.0 -9999.0 -9999.0 -9999.0 -9999.0 -9999.0 -9999.0 -9999.0 -9999.0
-9999.0 -9999.0 -9999.0 -9999.0 3198.461057 3193.136848 3188.313498 3183.741798 3175.202944 3165.858029 3157.913156 3153.697531 3152.500271 3151.608068 3150.934319 3155.759184 3163.738749 3171.282298 3178.109859 3180.400014 3182.687712 3184.507736 3184.699858 3183.497827 3180.208582 3176.876818 3173.443333 3171.719022 3164.283041 3153.118893 3144.758479 3142.053345 3146.237135 3150.581027 3153.042228 3158.269363 3168.678606 3179.296589 3187.823631 3200.351795 3207.298640 3212.656988 3215.313315 3211.365962 3208.128783 3204.220976 3198.201953 3187.137382 -9999.0 -9999.0 -9999.0 -9999.0 -9999.0 -9999.0 -9999.0
3143.354766 3161.701342 3182.465454 3185.548238 3173.945160 3168.859323 3165.672018 3163.927341 3159.575981 3151.007217 3145.808288 3140.256107 3137.585317 3137.506834 3137.311863 3140.916373 3151.538005 3159.254826 3163.742375 3166.285470 3169.030614 3167.475696 3166.639158 3166.334312 3163.369323 3159.827627 3156.389633 3154.491265 3155.831098 3148.205657 3142.221459 3138.337885 3135.462733 3138.177141 3140.845133 3145.343945 3154.538611 3162.470018 3170.472773 3185.542289 3198.698365 3204.402429 3201.917290 3197.366087 3193.624917 3186.337730 3175.754196 3165.788114 3157.582994 3151.487443 3146.211314 3139.950536 3146.445256 3154.325674 3163.782573
3126.510264 3145.557296 3165.859296 3168.358961 3158.008775 3150.187591 3143.418361 3143.834772 3147.174905 3143.827575 3138.920253 3131.229179 3141.015822 3141.913429 3142.522140 3145.591677 3147.441532 3152.300388 3154.635215 3159.865028 3168.735507 3171.435764 3171.779359 3171.736355 3169.674521 3166.347024 3164.317885 3161.452354 3156.116037 3154.313370 3153.958406 3152.707872 3156.829835 3158.335587 3161.163254 3155.601939 3159.980212 3166.252547 3173.238291 3178.868915 3185.026700 3187.722692 3184.511598 3185.087268 3176.914109 3163.371116 3153.546038 3146.129437 3146.314961 3143.464374 3135.671959 3122.159939 3130.509307 3146.705295 3151.592107
3130.496689 3139.267289 3149.755180 3152.160504 3147.023043 3149.064285 3150.722321 3151.825901 3149.856913 3146.216339 3141.862211 3152.263986 3160.468180 3161.714956 3164.021046 3167.799890 3168.415931 3157.368659 3155.197257 3162.419415 3171.993570 3177.065324 3177.128525 3176.667346 3172.998980 3171.749725 3171.437277 3169.525881 3169.020888 3170.559343 3168.232115 3171.239067 3176.680967 3179.865501 3174.558890 3166.130423 3168.306610 3176.744770 3185.752568 3193.367033 3203.621748 3214.506104 3214.784372 3210.311631 3201.917860 3189.552440 3167.275629 3149.787131 3138.989156 3131.214099 3124.110774 3127.030236 3122.611474 3136.392877 3138.319355
3116.427992 3136.637994 3156.552668 3162.378350 3156.233660 3152.263021 3150.771589 3151.259244 3150.207672 3150.668593 3159.449966 3171.153626 3182.290598 3184.129401 3185.814865 3184.447471 3176.792166 3166.394618 3163.540299 3176.773341 3193.220200 3200.972174 3200.437355 3196.258830 3199.528919 3199.456899 3199.726620 3196.198727 3196.948793 3194.753382 3200.431201 3208.048272 3215.909080 3214.509366 3202.174904 3189.945977 3189.811414 3195.117394 3201.843533 3209.374850 3219.593319 3228.839328 3224.141784 3219.007532 3211.645059 3186.048570 3163.417257 3149.179929 3149.717968 3150.644551 3146.392708 3144.492980 3143.624284 3139.514239 3139.865960
3152.202179 3171.293746 3191.146998 3204.075031 3197.757103 3190.089574 3181.376952 3181.429337 3181.830328 3187.610218 3197.924378 3210.748094 3232.348622 3231.840281 3232.299544 3231.137585 3218.272513 3205.062890 3194.941807 3216.577182 3227.438883 3234.588059 3232.219496 3237.564608 3246.192827 3242.484788 3236.025496 3224.065828 3229.659007 3236.463257 3251.528346 3259.322427 3264.464301 3260.146355 3246.500771 3239.849953 3241.184472 3247.365404 3248.336839 3256.734387 3265.677307 3280.691917 3279.561029 3276.006117 3256.165291 3219.450788 3190.060715 3177.247035 3188.334921 3182.834197 3176.732956 3176.586641 3165.562072 3158.329080 3160.911151
3184.513404 3198.005700 3214.108780 3230.518317 3221.764660 3211.414556 3195.022218 3191.927073 3196.155286 3206.088658 3223.456353 3241.534553 3261.496925 3260.714928 3254.733987 3264.228003 3257.210735 3246.437278 3238.815110 3259.337835 3269.487942 3279.725892 3285.662623 3298.212249 3308.645984 3292.636425 3275.952645 3265.927581 3272.756000 3297.806457 3319.736603 3324.521706 3323.745506 3323.440945 3308.664825 3303.724814 3300.102086 3300.063880 3297.250788 3295.280094 3320.106051 3341.328139 3341.132077 3319.670420 3297.080873 3258.043922 3220.603818 3195.974184 3208.157008 3205.127496 3208.351047 3198.156114 3186.435849 3178.837939 3176.148527
3235.525648 3257.378692 3273.831800 3295.360677 3286.858191 3264.155476 3248.635918 3251.209479 3264.468484 3272.249824 3290.243228 3307.662956 3333.701596 3346.327538 3357.994199 3361.851624 3354.629660 3346.016505 3333.893083 3338.530852 3361.812680 3373.390644 3381.825874 3390.335365 3402.898713 3403.627767 3397.026460 3395.267951 3399.512404 3412.454632 3426.445873 3433.157846 3436.378064 3439.213186 3426.756187 3414.101260 3411.783965 3406.120869 3404.515868 3403.667863 3414.516398 3434.413329 3431.419714 3395.898980 3369.277717 3334.741247 3296.763234 3267.577855 3260.864164 3279.153190 3276.610732 3260.566044 3249.718322 3223.419841 3217.746358
3305.443858 3338.286303 3362.618824 3372.962603 3380.638240 3366.467868 3364.507471 3368.498456 3376.627390 3379.734860 3386.109004 3418.318462 3451.995532 3477.141874 3499.863468 3507.039102 3494.828283 3485.020015 3471.594310 3462.723881 3473.216256 3490.212244 3507.747562 3522.673905 3533.958552 3536.134041 3534.573399 3534.637939 3537.653006 3540.635090 3544.836469 3553.128229 3560.731890 3569.477190 3577.710572 3567.619779 3550.687591 3541.244356 3531.947861 3530.919568 3532.176122 3535.716302 3536.805699 3520.833530 3479.733802 3448.529492 3416.639280 3396.634698 3383.120710 3382.187348 3364.183204 3340.279903 3289.637460 3252.481082 3221.309743
3391.717272 3435.324704 3464.467527 3481.896885 3494.606450 3491.862920 3493.619485 3494.633580 3498.391124 3500.831232 3503.732246 3530.162771 3571.410416 3610.576816 3641.664053 3641.710733 3628.177317 3616.865647 3607.655036 3593.473033 3589.549692 3601.893146 3617.056710 3637.106867 3647.587716 3653.876108 3650.715313 3650.944681 3652.670544 3654.994347 3657.116306 3660.663333 3670.181584 3685.103103 3699.452764 3698.699816 3680.048297 3662.152071 3646.083076 3643.389586 3640.792598 3635.870406 3638.162947 3640.055803 3624.732513 3593.875786 3554.384299 3514.018496 3496.897658 3481.591398 3470.757646 3454.084978 3414.686629 3349.293648 3310.748064
3506.623003 3540.291068 3569.246040 3599.444975 3614.414555 3616.854245 3614.377834 3613.294181 3620.267134 3623.115527 3628.935404 3645.453010 3677.207220 3712.382675 3741.941905 3757.411400 3749.759215 3732.001548 3709.976402 3700.333282 3697.476714 3701.026839 3710.434378 3723.123000 3742.505106 3761.810977 3767.575668 3768.454080 3765.778623 3768.192080 3769.742580 3769.857532 3772.718075 3781.106817 3790.906529 3794.260428 3786.578459 3765.678939 3742.298149 3730.818973 3724.246200 3720.810953 3721.723760 3726.763246 3729.887514 3715.233115 3679.895394 3635.726220 3605.688774 3590.318057 3577.484088 3563.554384 3551.288106 3519.144292 3498.448304
3615.422391 3630.565825 3658.666643 3687.364909 3710.035952 3724.764677 3725.246914 3728.329284 3733.069178 3740.454338 3755.522941 3778.726298 3797.655336 3820.157529 3846.643642 3862.828689 3868.090596 3866.459966 3862.449828 3863.658514 3864.009326 3801.501394 3807.737570 3813.953255 3830.965707 3846.306072 3851.856745 3852.491380 3849.959312 3851.786347 3852.547978 3852.445201 3852.073151 3854.373889 3859.426408 3861.357463 3858.970194 3846.397104 3864.495683 3844.496319 3831.047035 3822.845053 3814.608633 3806.355366 3796.932440 3787.060401 3767.093119 3736.317261 3702.004458 3680.408632 3672.445506 3666.383355 3658.015248 3652.386438 3635.492969
3713.950342 3724.519840 3742.655804 3765.333457 3799.177887 3822.528112 3833.903466 3843.189178 3847.850418 3861.762910 3878.369609 3862.444652 3870.739102 3879.322327 3887.850662 3890.779366 3891.617921 3891.230991 3888.839807 3888.066324 3885.652532 3882.167338 3871.712356 3873.320849 3875.265660 3877.885354 3881.617167 3880.509578 3881.618343 3884.572402 3882.813750 3876.774684 3872.701842 3871.126985 3872.120731 3879.553629 3883.039812 3883.996828 3880.645321 3879.712926 3878.718403 3875.323177 3871.084304 3865.108742 3857.464820 3872.204276 3860.170464 3832.188329 3792.033262 3750.945499 3743.210147 3744.927564 3744.863018 3743.344979 3737.775269
3838.588755 3852.243404 3867.008931 3844.924672 3867.228377 3878.642541 3883.979604 3888.086396 3890.890017 3894.007280 3890.995740 3887.984816 3883.101895 3881.540236 3880.189869 3877.752840 3878.384127 3876.497816 3872.436659 3868.403475 3860.457087 3848.900803 3837.724829 3834.171590 3838.479384 3844.097019 3849.246155 3853.687964 3857.409744 3857.426423 3851.961828 3843.536524 3835.990512 3834.330289 3841.207502 3846.952443 3853.470949 3854.346162 3852.953453 3850.465062 3850.221862 3846.954831 3847.166405 3854.241885 3868.992562 3871.747040 3877.639237 3876.800134 3860.180164 3830.084891 3841.469896 3821.547466 3827.561287 3822.988114 3811.665613
3882.310202 3885.076568 3883.448695 3882.345269 3875.970669 3869.920938 3869.146781 3873.168457 3880.219930 3881.290246 3874.246646 3865.680547 3858.463672 3851.051935 3848.717360 3848.157074 3847.909083 3848.416038 3843.131704 3833.842197 3816.854466 3805.288202 3794.229900 3788.295177 3784.528536 3788.001172 3799.237302 3811.395266 3816.434793 3807.162212 3798.711969 3786.904697 3778.835569 3779.282644 3780.328323 3789.829511 3806.652909 3814.167862 3814.956246 3808.489660 3802.008099 3795.347311 3792.277453 3798.701693 3813.995178 3830.748599 3846.347478 3855.487439 3863.207516 3870.322230 3868.777847 3871.514518 3873.020374 3870.894310 3873.881072
3876.673223 3869.700250 3862.736184 3857.453825 3851.023951 3845.737047 3843.919995 3845.819729 3847.785607 3843.715841 3837.359333 3827.394647 3816.408408 3806.746519 3799.178335 3800.221136 3802.596765 3804.274109 3797.026204 3781.711592 3763.944939 3750.501233 3736.670095 3732.761850 3726.900224 3719.295093 3729.421222 3749.127816 3756.499902 3740.446587 3729.580732 3714.403582 3707.820182 3703.832196 3704.614767 3713.536532 3736.000550 3760.050748 3762.117703 3751.162558 3740.278970 3735.531626 3732.298239 3736.901092 3753.595409 3774.361027 3790.407760 3800.807991 3806.125213 3813.897156 3823.276795 3837.520562 3852.313094 3864.639867 3869.359588
3851.616821 3843.881526 3836.252206 3828.669794 3821.817107 3815.667146 3811.421126 3809.497417 3805.621276 3799.576685 3792.614643 3772.104157 3759.761572 3746.953205 3732.147243 3728.347250 3723.656884 3724.817735 3713.401396 3705.472498 3689.063560 3673.801566 3658.266045 3645.019259 3639.340717 3632.692030 3631.078177 3644.569517 3653.008370 3643.493280 3633.818378 3623.174177 3618.655066 3615.299852 3617.768236 3628.193609 3647.735921 3666.029129 3674.407689 3667.035005 3665.666520 3665.612607 3663.990266 3670.222097 3680.970897 3698.840355 3721.118189 3739.952637 3749.760088 3756.581999 3765.747214 3780.122097 3794.187007 3808.485382 3826.432409
3821.217143 3811.972539 3802.128647 3792.498040 3782.100024 3771.638395 3765.229271 3767.943431 3762.011805 3756.482077 3733.984060 3679.148319 3658.246232 3639.494545 3623.443430 3616.884341 3608.612489 3592.681508 3584.148312 3579.764796 3581.982297 3568.128257 3550.765959 3533.200412 3528.389674 3524.913584 3507.652348 3503.113620 3503.679250 3519.909365 3513.879266 3512.631017 3514.539410 3512.158329 3513.438859 3526.165021 3533.842613 3539.257152 3545.956434 3550.683166 3561.136123 3569.087273 3579.170845 3596.145564 3606.862563 3621.999996 3642.134178 3667.565421 3682.847423 3692.196031 3702.442761 3717.583685 3733.617627 3751.223073 3773.495906
3786.762180 3770.362972 3755.921877 3741.764583 3729.218793 3716.549837 3700.935482 3702.956603 3700.967047 3690.899446 3636.356957 3595.856242 3562.303107 3545.389892 3522.053518 3508.783665 3492.667248 3454.531560 3437.341814 3437.117952 3452.188264 3448.899117 3433.802160 3422.099289 3412.834096 3403.586249 3385.957715 3367.231962 3373.354623 3391.888512 3392.914694 3396.327615 3404.236388 3403.728900 3396.971708 3394.137743 3406.056052 3411.394782 3422.458793 3439.999966 3444.745177 3461.024151 3494.539932 3507.100985 3521.819673 3539.858855 3559.915358 3581.658758 3603.896001 3617.649273 3632.536532 3650.693341 3667.095987 3687.147064 3709.486207
3736.320799 3705.513581 3684.661933 3667.542792 3648.690582 3622.058549 3602.327823 3600.341557 3594.447423 3565.695992 3513.769627 3478.588112 3455.644952 3434.294138 3411.742478 3388.389162 3351.395144 3317.070165 3295.626244 3311.789430 3323.353576 3335.339350 3324.229051 3313.732409 3304.373600 3286.486972 3269.799205 3253.432816 3264.548373 3273.233195 3292.395771 3299.340400 3303.262822 3309.171609 3307.655790 3296.686975 3291.264318 3299.104622 3308.718425 3320.444946 3341.782335 3376.962099 3401.281535 3419.056557 3439.012198 3457.153379 3477.951241 3500.340129 3522.563346 3539.028561 3556.827756 3574.822661 3595.196611 3613.881853 3636.302574
3656.803989 3628.981020 3603.083742 3580.380649 3549.131402 3503.256944 3489.307070 3480.787571 3459.294043 3412.276148 3371.211706 3351.218548 3338.998983 3316.485149 3296.215006 3267.852926 3234.535631 3213.568552 3193.553905 3204.457593 3215.245394 3235.863988 3227.536403 3221.141578 3218.510663 3203.423239 3190.367095 3174.035290 3180.392705 3192.648663 3216.276478 3222.319364 3226.459682 3235.869413 3235.052078 3230.229345 3212.300277 3218.739637 3229.226335 3243.546244 3274.233117 3296.304872 3318.170692 3339.298599 3357.994225 3378.781175 3400.275929 3422.522802 3448.142754 3466.956528 3485.229806 3506.042034 3524.547729 3538.295060 3553.947462
3549.481296 3526.076989 3507.139109 3483.621109 3441.394159 3398.206410 3357.998258 3331.843364 3280.161634 3246.037222 3226.765317 3226.875731 3215.753313 3197.111206 3179.268965 3161.109577 3140.255462 3122.426072 3098.103386 3104.195810 3120.661829 3138.289197 3140.247713 3141.745196 3140.712489 3131.815698 3118.633609 3105.184785 3109.027609 3126.240135 3144.285585 3154.428569 3162.153769 3169.831912 3169.411716 3159.577232 3149.212130 3153.586048 3168.530143 3184.009626 3200.839677 3220.677332 3240.613085 3260.114210 3281.649370 3303.286440 3325.162265 3348.955579 3374.656590 3394.937600 3417.556440 3440.915045 3456.500208 3464.350773 3471.253568
3448.084799 3429.667966 3407.356569 3380.668214 3339.656040 3301.016143 3261.230214 3214.827609 3182.893442 3155.688768 3150.327002 3136.425103 3124.712049 3111.780237 3092.874751 3077.875256 3064.409550 3044.225490 3035.329857 3043.383653 3057.424963 3065.968192 3073.386024 3071.785261 3069.917964 3064.731625 3051.084644 3047.312910 3057.472646 3072.669722 3086.290454 3097.858157 3104.674483 3109.616962 3106.373673 3096.921921 3093.772653 3101.566427 3116.546040 3129.367238 3143.266211 3162.870617 3181.652506 3201.959068 3223.093314 3243.752924 3266.797686 3290.555249 3315.200965 3340.979774 3362.028515 3379.281538 3386.745786 3394.907215 3393.270446
3326.447866 3316.081806 3291.389910 3264.123605 3236.185556 3204.612029 3181.868287 3152.420752 3124.084370 3096.750896 3072.503425 3061.920762 3057.397945 3046.224227 3030.835111 3021.073302 3006.812622 2998.103811 3005.269232 3007.098341 3015.547988 3014.031570 3015.461124 3013.497796 3013.308423 3011.524967 3005.862850 3018.063763 3024.567848 3037.865364 3047.779493 3057.403477 3063.018108 3066.366100 3067.327631 3062.942715 3068.549997 3074.110470 3087.145119 3097.560061 3110.115557 3128.931118 3144.568625 3162.063259 3182.652715 3203.990911 3226.128389 3250.081264 3276.362983 3299.269552 3315.337543 3320.467038 3328.045533 3327.873920 3315.180489
