tests/Borden05m/data_simulated/sim_1/output-maps/psiliqL0026N0019.asc
ncols         160
nrows         34
xllcorner     620200.000000
yllcorner     5168000.000000
cellsize      0.500000
NODATA_value  -9999.0
[rows 0 to 24 of 34, columns 55 to 109 of 160]
-9999.0 -9999.0 -9999.0 -9999.0 -9999.0 -9999.0 -9999.0 -9999.0 -9999.0 -9999.0 -9999.0 -9999.0 -9999.0 -9999.0 -9999.0 -9999.0 -9999.0 -9999.0 -9999.0 -9999.0 -9999.0 -9999.0 -9999.0 -9999.0 -9999.0 -9999.0 -9999.0 -9999.0 -9999.0 -9999.0 -9999.0 -9999.0 -9999.0 -9999.0 -9999.0 -9999.0 -9999.0 -9999.0 -9999.0 -9999.0 -9999.0 -9999.0 -9999.0 -9999.0 -9999.0 -9999.0 -9999.0 -9999.0 -9999.0 -9999.0 -9999.0 -9999.0 -9999.0 -9999.0 -9999.0
-9999.0 -9999.0 -9999.0 -9999.0 3398.215512 3392.908605 3388.127406 3383.606476 3375.255504 3365.927886 3358.041465 3353.827124 3352.628054 3351.749017 3351.072751 3355.882814 3363.879273 3371.431538 3378.236161 3380.366079 3382.639410 3384.435483 3384.613518 3383.423553 3380.151960 3376.998137 3373.579620 3371.844362 3364.467097 3353.324433 3345.003902 3342.304960 3346.470110 3350.802803 3353.258490 3358.429202 3368.804729 3379.387379 3387.725855 3400.265452 3407.290593 3412.651715 3415.260994 3411.302095 3408.065622 3404.126231 3398.024427 3386.945499 -9999.0 -9999.0 -9999.0 -9999.0 -9999.0 -9999.0 -9999.0
3343.302073 3361.636711 3382.356235 3385.435728 3373.916983 3368.828957 3365.661679 3363.959895 3359.680573 3351.143314 3345.974791 3340.435793 3337.723041 3337.658013 3337.464517 3341.048571 3351.729626 3359.443768 3363.924979 3366.478184 3369.250229 3367.604556 3366.755724 3366.464467 3363.503672 3359.970866 3356.537041 3354.637459 3356.060724 3348.438766 3342.418242 3338.499959 3335.525559 3338.255349 3340.944341 3345.529931 3354.691991 3362.593121 3370.547713 3385.493138 3398.663785 3404.385455 3401.878592 3397.337961 3393.587470 3386.235661 3375.736924 3365.791965 3357.723367 3351.678255 3346.387454 3340.040283 3346.536824 3354.486678 3363.874398
3326.476014 3345.558114 3365.907679 3368.404192 3358.104958 3350.336438 3343.440419 3343.898499 3347.331038 3344.028129 3339.130250 3331.246641 3341.174266 3342.071893 3342.666010 3345.744760 3347.516502 3352.542612 3354.862782 3360.100900 3368.979340 3371.696713 3372.042312 3372.000527 3369.933964 3366.601393 3364.564472 3361.699516 3356.361103 3354.509904 3354.111864 3352.786825 3356.843024 3358.335033 3361.265524 3355.789219 3360.225339 3366.489545 3373.455187 3378.970405 3384.877884 3387.426712 3384.190545 3384.867849 3376.847826 3363.298851 3353.564861 3346.201170 3346.529298 3343.672067 3335.845463 3322.224518 3330.637920 3346.851460 3351.728942
3330.631083 3339.425389 3349.858351 3352.255774 3347.138279 3349.269444 3350.964822 3352.070746 3350.107120 3346.454908 3341.948867 3352.224800 3360.362180 3361.606703 3363.901091 3367.726925 3368.490727 3357.537133 3355.407499 3362.564089 3372.081928 3377.117507 3377.191332 3376.720305 3372.936817 3371.684853 3371.393833 3369.520347 3368.926105 3370.407867 3367.905446 3370.791774 3376.212826 3379.235726 3374.314656 3365.942633 3368.215707 3376.682139 3385.542078 3393.142630 3403.325236 3414.143677 3414.494318 3410.071913 3401.690379 3389.383787 3367.338360 3349.972693 3339.123208 3331.242001 3324.095617 3327.208537 3322.625313 3336.572115 3338.479312
3315.967174 3336.520924 3356.387203 3362.099878 3355.984910 3352.149708 3350.807924 3351.320558 3350.218515 3350.525373 3359.068542 3370.662715 3381.398934 3383.205406 3384.868203 3383.477209 3376.173466 3365.796361 3363.041962 3376.165222 3392.453599 3400.175689 3399.571255 3395.128951 3398.122996 3398.182160 3398.638274 3395.240269 3395.900531 3393.416913 3398.763167 3406.399818 3414.338442 3412.956630 3400.598618 3388.285600 3388.251121 3393.751287 3400.729343 3408.347393 3418.536312 3427.705818 3422.988497 3417.956562 3410.736958 3385.317516 3363.183190 3349.100378 3349.565777 3350.479271 3346.224586 3344.361534 3343.624565 3339.690308 3340.055884
3351.544081 3370.549700 3390.305432 3403.062403 3396.761798 3389.183875 3380.646000 3380.711908 3380.957541 3386.620652 3396.796767 3409.326369 3430.808416 3430.097382 3430.392917 3428.951029 3415.988938 3402.720117 3392.704614 3414.701397 3425.637251 3432.696934 3430.018072 3435.022422 3443.580773 3439.965469 3433.651056 3421.559089 3427.116194 3433.527345 3448.624163 3456.529344 3461.795278 3457.212920 3443.334895 3436.589806 3438.147377 3444.650505 3445.884995 3454.585774 3463.386753 3478.358806 3477.112772 3473.932124 3454.204737 3417.377238 3388.307282 3376.220934 3387.458620 3381.966418 3376.027958 3376.097999 3365.218741 3358.200949 3360.934686
3382.913253 3396.150245 3412.181611 3428.549868 3419.547240 3409.291815 3392.699886 3389.457227 3393.492734 3403.512221 3420.855938 3438.653119 3458.409197 3456.961593 3450.286517 3459.837661 3452.810012 3441.935883 3434.387322 3455.752125 3465.785122 3475.941874 3481.602894 3494.187644 3504.570328 3488.031542 3470.956332 3460.530909 3467.525024 3493.076281 3515.449191 3520.233236 3519.293873 3518.726010 3503.437271 3498.619676 3495.235792 3495.608713 3493.017028 3491.186736 3516.551832 3538.137034 3537.989391 3516.562118 3493.952114 3454.508435 3416.913893 3392.764064 3405.859032 3402.657081 3406.120946 3396.185168 3384.637499 3377.671254 3375.648059
3432.619034 3454.046550 3470.307553 3492.023194 3482.839401 3459.708880 3443.623142 3446.112046 3459.540364 3467.495502 3485.847207 3502.842072 3528.553753 3540.577427 3551.728462 3555.577476 3548.538082 3539.977081 3527.951610 3533.183310 3557.049655 3568.597084 3576.890038 3585.256048 3597.873788 3598.222387 3591.290821 3589.437815 3593.794745 3607.268408 3621.722658 3628.461591 3631.513487 3634.124031 3620.904662 3608.013893 3606.021088 3600.587118 3599.380394 3598.632861 3610.138302 3630.735468 3627.578566 3591.121084 3564.373582 3529.478841 3491.209109 3461.991188 3455.979811 3475.136588 3473.131769 3457.079152 3446.766854 3420.990544 3416.062161
3501.685781 3534.523058 3558.777163 3568.879760 3576.226772 3561.376468 3559.223517 3563.326969 3571.645793 3574.709854 3581.080493 3613.417874 3647.152043 3672.096870 3694.817004 3701.951430 3689.617429 3679.824105 3666.283067 3657.473709 3668.539725 3685.808219 3703.471928 3718.383543 3729.707457 3731.774478 3730.188463 3730.242562 3733.359849 3736.359137 3740.682590 3749.181768 3756.836006 3765.484946 3773.494202 3763.026166 3746.046632 3736.810868 3727.842324 3727.102328 3728.538630 3732.461190 3733.575787 3716.798497 3674.721280 3643.110108 3611.029054 3591.553756 3578.456473 3578.402672 3560.357992 3536.111370 3484.806977 3447.649900 3416.534467
3587.270728 3631.387330 3660.619581 3677.684832 3690.339206 3687.244873 3689.058018 3690.039710 3693.723095 3696.029695 3698.675207 3725.552367 3767.273491 3806.766102 3838.094191 3837.885481 3824.038371 3812.667151 3803.565245 3789.094368 3785.138715 3797.893423 3813.431334 3833.853658 3844.284842 3850.313137 3846.950342 3847.168908 3849.011253 3851.370318 3853.529894 3857.222197 3866.967126 3882.167879 3896.791599 3895.881957 3876.754694 3858.744047 3842.735628 3840.370233 3838.006066 3833.099842 3835.512981 3837.434280 3821.344963 3789.858163 3749.880840 3709.478807 3692.927975 3677.908781 3667.073609 3650.138859 3609.361036 3542.554542 3503.076104
3702.545108 3736.941990 3766.042525 3796.393104 3811.187064 3813.294088 3810.665196 3809.412080 3816.436437 3819.077906 3824.619759 3841.222063 3873.753154 3909.573245 3939.477312 3954.873638 3946.926229 3928.740388 3906.308655 3896.298565 3893.316773 3897.008877 3906.671425 3919.771687 3939.512893 3959.139054 3964.946838 3965.840283 3963.144585 3965.593814 3967.186689 3967.310192 3970.327843 3979.030158 3989.068404 3992.489301 3984.551237 3963.204494 3939.500731 3928.209910 3921.763345 3918.375653 3919.486141 3924.789009 3928.145139 3913.156438 3877.129981 3832.255495 3802.302030 3787.299595 3774.555677 3760.431569 3747.887848 3714.482329 3693.351755
3811.964165 3827.356532 3855.828242 3884.839575 3907.502831 3922.183167 3922.445073 3925.381677 3930.174266 3937.421624 3952.518945 3976.145757 3995.553728 4018.594114 4045.584427 4062.118477 4067.369733 4065.584942 4061.345525 4062.508770 4062.877190 3997.311297 4003.821951 4010.315476 4028.157820 4044.119115 4049.918593 4050.584190 4047.928636 4049.820865 4050.619648 4050.497246 4050.122639 4052.618031 4057.917021 4059.942271 4057.438544 4044.354616 4063.704843 4043.417713 4029.808460 4021.519034 4013.206696 4004.939140 3995.477553 3985.521515 3965.145201 3933.906651 3899.338616 3878.042037 3870.231908 3864.086197 3855.444500 3849.668030 3832.476833
3910.838942 3921.429855 3939.868540 3962.861704 3997.351580 4021.149120 4032.662735 4042.063891 4046.755435 4060.856330 4077.785797 4060.968827 4069.667887 4078.669798 4087.614155 4090.685722 4091.565184 4091.159375 4088.750598 4087.939384 4085.458568 4082.062409 4071.514966 4073.133640 4075.116691 4077.748610 4081.501493 4080.411543 4081.537365 4084.496960 4082.714497 4076.621761 4072.502982 4070.926416 4071.966180 4079.432420 4082.952568 4083.925010 4080.374892 4079.418996 4078.375958 4074.815116 4070.369467 4064.102409 4056.085611 4071.773821 4059.528148 4031.061511 3990.181352 3948.429942 3941.084091 3943.193573 3943.002981 3941.507425 3935.878186
4037.368326 4051.236813 4066.216824 4042.553284 4065.944936 4077.915891 4083.513303 4087.761895 4090.613472 4093.907183 4090.912643 4087.932454 4083.023027 4081.429103 4080.067458 4077.619391 4078.246347 4076.358727 4072.274617 4068.186606 4060.097998 4048.452100 4037.273910 4033.628772 4037.914084 4043.586182 4048.809453 4053.360589 4057.120515 4057.047786 4051.512722 4043.021758 4035.420858 4033.778151 4040.699625 4046.469187 4053.103247 4053.997763 4052.601484 4050.068287 4049.784918 4046.444382 4046.632125 4053.772277 4068.677618 4071.190860 4077.370483 4076.490452 4059.059752 4027.496459 4040.410478 4020.380605 4026.563415 4021.937891 4010.547925
4082.098072 4084.999394 4083.292114 4082.243130 4075.820547 4069.735172 4068.948129 4072.981131 4080.053659 4081.099603 4074.028995 4065.409896 4058.140485 4050.644787 4048.271929 4047.754567 4047.527155 4048.056880 4042.752319 4033.310649 4016.142127 4004.544293 3993.474411 3987.531646 3983.601214 3986.950622 3998.319699 4010.709268 4015.790236 4006.291212 3997.739942 3985.812335 3977.724701 3978.187262 3979.136119 3988.697908 4005.793169 4013.570309 4014.376147 4007.795128 4001.149087 3994.425805 3991.277444 3997.696509 4013.070171 4030.005659 4045.818150 4055.075640 4062.858183 4070.051650 4068.082186 4070.952346 4072.531653 4070.301878 4073.629505
4076.574921 4069.551070 4062.533602 4057.208695 4050.768111 4045.490150 4043.643977 4045.484624 4047.356693 4043.198136 4036.833535 4026.838857 4015.792359 4006.084495 3998.362261 3999.403732 4001.780583 4003.500755 3996.146109 3980.701062 3962.834701 3949.337147 3935.464992 3931.537308 3925.570238 3917.666829 3927.764468 3947.711867 3955.188945 3938.898376 3927.928318 3912.642091 3906.107252 3902.039391 3902.766485 3911.669803 3934.393984 3958.880786 3961.037402 3949.983454 3938.996775 3934.273952 3931.016486 3935.518013 3952.176956 3973.101695 3989.330655 3999.860217 4005.195829 4012.982964 4022.393819 4036.848480 4051.823088 4064.299911 4068.738656
4051.349430 4043.590426 4035.932857 4028.310848 4021.428735 4015.239331 4010.954463 4009.011043 4004.993661 3998.892739 3991.877428 3970.792943 3958.355090 3945.396086 3930.415669 3926.521986 3921.632604 3922.704204 3911.204136 3903.404088 3887.096652 3871.785834 3856.199673 3842.680900 3836.981935 3830.243007 3828.154868 3841.501831 3849.900145 3840.668242 3831.025779 3820.537456 3816.140348 3812.779542 3815.304417 3825.766634 3845.145211 3863.454665 3871.990207 3864.693072 3863.667571 3863.847677 3862.245676 3868.597642 3879.146346 3896.968482 3919.469145 3938.631607 3948.557979 3955.377059 3964.534689 3978.978459 3993.127452 4007.529149 4025.625802
4020.848268 4011.548383 4001.646266 3991.941491 3981.473801 3970.944967 3964.445171 3967.216611 3961.262884 3955.720471 3932.555739 3876.898820 3855.650183 3836.713540 3820.486728 3813.760822 3805.323592 3788.674476 3780.109933 3775.832520 3778.702139 3764.906318 3747.484986 3729.749196 3724.928062 3721.476049 3703.533701 3698.257425 3698.616518 3715.803650 3709.866730 3708.970780 3711.200066 3708.836084 3709.983466 3722.670062 3730.057817 3735.148312 3741.945250 3747.217777 3758.043329 3766.227695 3776.896395 3794.087487 3804.716063 3819.791412 3839.959974 3865.674305 3881.234402 3890.668372 3900.953499 3916.153914 3932.235889 3949.953310 3972.321398
3986.225882 3969.561937 3954.979334 3940.717796 3928.082459 3915.308208 3899.391655 3901.411855 3899.437920 3889.130454 3833.397959 3792.882618 3759.085762 3742.120844 3718.530227 3704.971678 3688.339595 3649.149387 3631.618915 3631.750760 3647.531186 3644.657132 3629.631416 3618.042963 3608.632027 3599.136835 3581.098559 3561.577793 3567.802014 3586.832636 3588.278169 3592.085441 3600.301999 3599.902962 3592.904069 3589.458750 3601.241027 3606.428633 3617.670583 3635.783230 3640.665760 3657.621588 3691.856585 3704.473981 3719.305960 3737.338933 3757.409227 3779.222673 3801.756966 3815.675788 3830.704849 3848.929926 3865.409739 3885.517004 3907.882938
3935.304020 3904.138481 3883.063797 3865.779833 3846.678172 3819.444537 3799.626057 3797.535060 3791.582620 3761.930544 3709.368769 3674.388762 3651.777008 3630.298950 3607.674797 3583.785677 3545.895618 3511.172731 3489.483781 3506.369741 3518.183188 3530.949811 3519.973946 3509.568031 3500.195923 3481.926457 3465.078762 3448.303447 3459.606330 3468.307429 3488.314499 3495.538034 3499.497920 3505.689512 3504.172446 3492.736653 3486.554264 3494.397542 3504.052705 3515.988436 3538.060765 3573.809070 3598.286818 3616.281340 3636.363782 3654.518214 3675.335494 3697.777811 3720.215436 3736.855786 3754.742696 3772.767754 3793.223445 3811.858277 3834.206838
3854.654646 3826.698819 3800.716257 3777.844657 3746.056637 3699.428166 3685.361514 3676.663743 3654.301805 3606.226815 3565.026712 3545.971009 3534.403981 3511.824930 3491.600316 3462.929550 3429.246340 3408.510762 3388.348467 3399.465655 3410.461626 3431.724802 3423.588449 3417.478779 3415.051817 3399.878855 3386.835922 3370.321630 3376.577626 3389.020176 3413.163142 3419.371802 3423.589180 3433.217543 3432.451400 3427.485526 3408.911222 3415.257279 3425.847807 3440.322409 3471.405035 3493.439270 3515.320301 3536.627505 3555.388087 3576.198161 3597.700568 3619.994255 3645.815462 3664.763159 3683.144185 3704.057251 3722.560996 3736.073873 3751.429726
3746.370079 3722.991656 3704.160984 3680.500172 3637.586598 3594.162831 3553.258042 3526.070372 3473.058127 3438.651982 3420.303023 3421.510537 3410.723321 3392.204706 3374.478965 3356.618229 3335.999637 3318.386107 3293.909916 3300.086578 3316.790160 3334.640338 3337.122973 3338.949427 3338.026792 3329.258962 3316.072576 3302.603798 3306.454311 3323.831873 3341.988048 3352.359473 3360.193319 3367.910307 3367.480440 3357.452501 3346.983550 3351.324640 3366.408226 3381.719572 3398.330088 3418.102820 3438.013208 3457.591716 3479.208298 3500.874941 3522.783065 3546.620071 3572.391117 3592.863783 3615.587147 3639.027526 3654.467734 3662.115684 3668.595982
3644.324659 3626.068628 3603.727708 3576.803382 3535.526680 3496.863844 3457.001085 3409.766038 3377.686042 3350.789141 3346.151372 3332.430808 3321.004833 3308.305850 3289.405829 3274.623938 3261.444792 3241.290315 3232.974951 3241.166434 3255.227213 3263.522088 3271.251017 3269.715695 3267.901875 3262.859854 3249.188096 3245.873930 3256.156835 3271.348949 3284.889091 3296.580620 3303.424715 3308.303658 3305.043604 3295.526158 3292.619803 3300.446986 3315.453724 3328.178464 3341.907619 3361.465704 3379.968860 3400.277300 3421.414093 3442.067053 3465.122517 3488.896472 3513.598967 3539.550911 3560.577959 3577.588996 3584.898350 3592.935840 3590.722112
3521.976664 3511.954741 3487.128314 3459.712836 3431.931987 3400.650698 3378.299190 3349.069646 3320.748967 3293.487488 3269.158290 3258.917833 3254.667941 3243.720723 3228.509559 3218.928419 3204.775897 3196.655363 3204.311785 3206.001612 3214.196263 3212.428574 3213.886663 3211.970578 3211.824419 3210.214185 3204.914521 3217.504838 3223.872419 3237.068733 3246.926204 3256.579483 3262.161416 3265.469285 3266.535935 3262.332459 3268.136114 3273.618172 3286.586477 3296.949116 3309.379717 3328.122132 3343.690658 3361.117684 3381.518105 3402.839649 3424.943580 3448.908594 3475.236155 3498.140384 3514.058175 3518.960380 3526.401505 3525.867551 3512.722665
