tests/Borden05m/data_simulated/sim_1/output-maps/psiliqL0008N0003.asc
ncols         160
nrows         34
xllcorner     620200.000000
yllcorner     5168000.000000
cellsize      0.500000
NODATA_value  -9999.0
[rows 0 to 24 of 34, columns 57 to 113 of 160]
-9999.0 -9999.0 -9999.0 -9999.0 -9999.0 -9999.0 -9999.0 -9999.0 -9999.0 -9999.0 -9999.0 -9999.0 -9999.0 -9999.0 -9999.0 -9999.0 -9999.0 -9999.0 -9999.0 -9999.0 -9999.0 -9999.0 -9999.0 -9999.0 -9999.0 -9999.0 -9999.0 -9999.0 -9999.0 -9999.0 -9999.0 -9999.0 -9999.0 -9999.0 -9999.0 -9999.0 -9999.0 -9999.0 -9999.0 -9999.0 -9999.0 -9999.0 -9999.0 -9999.0 -9999.0 -9999.0 -9999.0 -9999.0 -9999.0 -9999.0 -9999.0 -9999.0 -9999.0 -9999.0 -9999.0 -9999.0 -9999.0
-9999.0 -9999.0 -194.230502 -199.863696 -205.402364 -210.636810 -219.971917 -229.457381 -238.377583 -242.559604 -243.635259 -244.650275 -245.167037 -239.915943 -232.022036 -224.443464 -217.244240 -214.928960 -212.547002 -210.252942 -209.764419 -211.126687 -214.453556 -217.816593 -221.301507 -222.816003 -231.306848 -242.957461 -252.106218 -254.945007 -250.374245 -245.766764 -243.161529 -236.894839 -225.798191 -214.675496 -205.918630 -194.032148 -188.441094 -183.155312 -179.765357 -183.637542 -187.008121 -190.496351 -195.008334 -205.945411 -9999.0 -9999.0 -9999.0 -9999.0 -9999.0 -9999.0 -9999.0 -9999.0 -9999.0 -9999.0 -9999.0
-212.276712 -209.056412 -219.903863 -224.821303 -228.317836 -230.729736 -236.134708 -245.221674 -250.902210 -256.630116 -258.487274 -258.676044 -258.770012 -254.635873 -244.787312 -236.821461 -232.069364 -229.709687 -227.300197 -227.211190 -227.753737 -228.215660 -231.203905 -234.713762 -238.203638 -240.061187 -240.123310 -247.878471 -253.303132 -256.623332 -257.800247 -255.310966 -252.946778 -249.883353 -240.018616 -231.498807 -222.984872 -208.693811 -196.260468 -190.908704 -193.130499 -197.994428 -201.481993 -207.623943 -217.202512 -227.570073 -238.097123 -245.270702 -250.542458 -255.576954 -249.218822 -242.594852 -232.016625 -221.537098 -209.272473 -196.971569 -9999.0
-228.834893 -226.131187 -237.246184 -245.970341 -250.542311 -250.734300 -248.840498 -252.867233 -257.858207 -262.165657 -254.550410 -253.484067 -252.461416 -249.359091 -245.984691 -243.828364 -241.098134 -235.823106 -226.888223 -224.328650 -223.898495 -223.854918 -225.761941 -228.955575 -230.806878 -233.657281 -238.960101 -239.900569 -239.468695 -239.396815 -234.074536 -232.558819 -231.230745 -238.332099 -234.928051 -228.489523 -221.418293 -214.185713 -206.967488 -202.080639 -205.008448 -206.090213 -214.172053 -227.767451 -239.116301 -247.748804 -250.234045 -253.228660 -260.752944 -272.758036 -265.605789 -249.712327 -244.768114 -240.785865 -228.553527 -216.047801 -205.722704
-245.032228 -242.272558 -247.675919 -247.050978 -245.892895 -244.669461 -246.583759 -249.877107 -251.437287 -238.526630 -229.110620 -227.604592 -224.870715 -221.660790 -223.143637 -235.796374 -238.604548 -230.033687 -219.519950 -213.619791 -213.560594 -213.683180 -215.245674 -216.335825 -216.919193 -219.414362 -218.286278 -215.636755 -214.844439 -209.624724 -203.912765 -201.165828 -209.964243 -219.338783 -218.889238 -211.140453 -203.084610 -195.535629 -184.297374 -172.318988 -173.474608 -179.100953 -187.845674 -201.408975 -224.842279 -244.795945 -255.201408 -261.565412 -268.301217 -268.959217 -270.846031 -259.976569 -257.901638 -255.945267 -247.004186 -236.406700 -226.088775
-232.327406 -224.230483 -230.734731 -236.907725 -240.823648 -240.557279 -240.506108 -237.080075 -223.728037 -209.799157 -194.624175 -192.166385 -189.808005 -190.290483 -200.378799 -210.983169 -215.512353 -200.286662 -184.421269 -176.107652 -175.147357 -174.491241 -166.130355 -168.251695 -171.064823 -176.761034 -174.287467 -171.309646 -159.612083 -152.031657 -145.302725 -147.303395 -159.221466 -170.318377 -172.354131 -170.505147 -168.507703 -162.541696 -151.820008 -141.325911 -146.074727 -153.534857 -164.057655 -193.328182 -221.626720 -238.775489 -237.798422 -237.083869 -241.451109 -244.385509 -247.933924 -255.480522 -255.671162 -256.007842 -256.286971 -243.962831 -231.490832
-186.751400 -170.635334 -177.023383 -186.115989 -197.739155 -197.676414 -194.255901 -185.940961 -172.506731 -153.697994 -129.222285 -125.458694 -121.526923 -117.488906 -128.536377 -141.076457 -153.253460 -137.383463 -127.526792 -118.128142 -114.386387 -102.182802 -91.424571 -96.346245 -105.219994 -114.911848 -108.240141 -93.962938 -78.603475 -72.141696 -68.759808 -68.498562 -78.541851 -84.047863 -86.983192 -86.746729 -90.810320 -87.922442 -76.648249 -61.036400 -60.906858 -72.099185 -95.592972 -132.330407 -168.299923 -191.156973 -186.955804 -193.294547 -199.235215 -203.496358 -217.760467 -229.353045 -229.572843 -239.122492 -245.372991 -233.722733 -227.508048
-141.306486 -123.153048 -127.131610 -138.900906 -151.756626 -151.878828 -143.567225 -134.013015 -114.614668 -89.575644 -63.588208 -50.701422 -42.866581 -33.235958 -40.296792 -50.280156 -59.984646 -53.701642 -40.598532 -27.334398 -14.341646 0.367367 14.020624 8.198900 -1.357286 -4.151730 0.602541 18.342925 33.924756 39.611542 42.292809 46.931400 40.623533 32.751478 23.907903 15.559166 7.574734 1.955792 16.902030 31.080280 28.356389 3.457516 -22.247279 -58.033140 -96.367189 -131.782425 -137.231931 -138.599934 -140.248474 -156.049468 -171.892665 -191.101017 -202.452436 -211.652271 -226.960300 -222.324034 -216.487236
-44.103351 -23.572206 -18.934630 -33.603812 -38.748155 -33.554983 -21.399176 -14.285227 0.852317 30.016313 67.344859 96.957315 124.166552 130.546287 119.466238 106.508333 89.423194 82.501849 97.183791 112.528742 130.060654 148.952764 166.688093 177.519643 178.189250 179.024534 182.362687 187.416391 194.927903 202.723243 210.341410 218.291438 218.903825 208.598645 198.586625 186.546180 175.499279 170.220133 166.801092 171.425999 167.085807 141.196693 108.382042 72.813990 32.894069 -1.702928 -25.285218 -25.004669 -39.308247 -57.705723 -80.244074 -118.184026 -138.418996 -156.106733 -187.068946 -192.151192 -181.547973
71.512591 90.133775 107.495946 107.514410 110.923286 115.539174 124.369059 133.835037 147.615490 187.060192 231.637746 276.368950 317.267717 333.314311 318.393482 297.768060 276.986924 261.882040 263.898883 285.648000 318.632145 353.934778 375.557567 384.255199 385.084171 386.331286 388.317120 391.554132 394.161141 399.347325 406.211304 416.247241 427.711261 423.322764 407.042313 394.241328 378.963282 370.629776 363.033254 350.822090 342.504708 328.316696 284.465353 243.061836 200.427195 158.401551 124.981997 100.353809 78.155820 55.559158 11.240517 -31.224515 -68.551251 -99.949411 -130.972178 -136.992636 -111.858239
220.638151 255.399193 278.238856 287.324626 292.091819 298.734793 312.772712 331.019910 352.677010 380.933130 421.087558 462.124752 496.674376 504.218096 493.519768 478.179992 462.885694 451.550941 449.678768 461.094965 480.323337 505.533056 523.384107 536.333228 537.494500 538.438019 538.600944 540.432008 541.890921 542.764273 547.597500 556.284754 564.504763 566.062127 557.014747 543.946895 529.650359 521.992895 512.862527 502.347447 496.387282 489.721876 476.523042 446.136671 404.597190 348.520454 293.839230 254.871978 234.058147 214.681491 191.509527 141.164482 107.854183 66.787504 24.698219 -5.953977 22.763971
399.363532 434.364673 456.271537 466.516347 468.435869 473.096666 484.409256 498.119702 515.856080 534.638669 553.715173 577.109153 599.674682 615.103941 611.387477 600.241069 585.197235 582.066903 582.644166 586.555692 595.546574 605.035644 619.804181 633.435534 638.168774 638.869603 636.814783 638.638734 639.439815 639.349505 639.143771 641.313244 646.016847 648.038956 646.064514 635.752610 621.476609 609.521113 601.751998 596.647014 592.290424 589.901649 585.478398 573.683799 547.620677 509.457564 466.554917 436.582526 417.077204 402.103387 388.599827 367.619444 335.267068 282.421348 222.526300 172.417427 150.236088
529.810550 553.954820 574.751240 588.142793 591.301581 596.731365 601.574620 612.585499 627.897988 643.374039 652.605475 663.599604 678.934409 687.774887 692.576072 693.459804 693.718491 696.296191 697.452685 688.556853 692.053684 695.114465 698.603790 703.262125 704.283454 704.309521 703.880522 704.722866 705.023735 705.540366 705.288247 704.123448 704.620007 704.865501 705.074269 702.529186 701.217774 688.061837 679.154289 673.428310 666.833770 658.718763 649.723905 641.517415 629.645846 608.343101 579.759828 554.912048 545.158588 539.706446 532.969002 523.519621 500.199078 467.028980 427.795687 378.206444 319.159423
619.445392 634.741396 654.068559 666.633596 673.538990 679.596702 683.441048 694.141129 705.211322 704.121100 704.813207 705.292568 705.560474 705.343792 705.106219 705.105344 703.458953 704.231980 704.335109 701.212730 694.131305 696.616872 698.031120 699.954843 702.666012 700.723271 701.288879 704.262162 703.492292 699.187677 696.584774 695.290133 695.272315 701.837100 704.718436 705.943990 706.915819 707.584575 708.561509 708.755126 708.214972 706.779178 704.881910 703.286005 695.640082 678.583503 655.051243 629.947550 618.823363 615.104543 616.062720 611.780340 603.892817 584.460918 558.327153 522.120668 477.882100
702.897893 706.889582 709.362699 709.987196 709.882323 710.769315 712.415482 712.374649 709.191315 705.714069 701.362432 700.222000 698.678523 695.998477 696.425930 694.694957 691.848972 690.356060 687.318872 680.579280 672.417262 671.660555 675.827079 679.029298 681.172593 682.327794 684.616932 686.360095 683.366428 677.975762 673.058259 671.771258 677.388300 681.762183 685.522102 686.103702 685.575587 685.141218 686.828308 685.770310 686.364100 690.998485 701.179554 706.483807 706.723962 707.000895 705.616635 702.451898 689.930739 673.569958 676.449266 672.274710 662.369735 645.393238 627.465631 604.666405 580.949442
707.473716 705.745721 700.311639 694.770144 693.873766 697.141458 703.394463 704.838591 698.635229 691.642190 686.217098 680.930451 679.201785 677.386185 676.270612 676.494018 673.065530 669.309461 659.623164 652.947004 645.569784 641.081913 639.237316 642.441106 648.482571 654.312417 657.561745 652.749119 647.626737 640.153757 634.424955 635.551191 638.217058 645.890154 656.973763 659.774706 661.197078 658.697732 657.194863 653.366587 651.980139 656.700972 667.210265 677.328864 686.538085 692.088521 698.086236 703.807194 709.498084 709.688090 708.903880 707.564412 704.511594 692.472130 677.644078 661.704986 644.722783
691.722878 688.652503 683.807563 679.284817 678.033680 680.282385 683.186058 680.757735 675.489590 667.575824 659.094297 650.924197 645.379218 644.797983 645.514627 645.837175 641.902106 632.378231 621.145650 613.063407 602.937449 599.380015 592.901281 586.917583 593.987880 607.280269 612.029574 600.340463 591.587480 579.201226 572.987640 571.614408 574.918412 585.876174 604.815330 621.770748 623.840044 617.614320 611.773136 609.140575 607.363845 612.429780 626.468002 641.042879 651.405975 657.895856 661.709335 668.001071 675.231267 683.635265 692.543782 699.758047 707.360768 708.073860 707.606921 706.801874 695.059740
676.312871 671.620196 667.065814 662.663922 659.217155 657.002409 654.908827 649.744768 644.099232 634.217571 623.685588 611.992585 596.760973 590.100739 584.984018 585.220510 575.540092 567.829688 553.403950 541.984627 528.231935 516.260433 503.630028 491.535555 494.554391 511.519469 521.533492 505.140523 490.223854 472.760289 464.338140 462.075323 468.511411 487.481929 518.500500 540.927049 549.560893 544.522399 540.948890 539.898011 540.006028 544.968854 558.954628 578.065080 597.831323 611.844287 619.858690 626.589590 635.093616 646.312391 655.899221 664.719355 675.965755 689.468384 699.777437 707.095340 711.746735
655.459933 649.135438 641.110002 631.914171 626.164389 626.191528 619.128726 612.170816 598.887845 555.571173 536.414576 513.275515 488.425972 473.054845 458.957446 449.021880 437.952960 430.998196 422.387873 406.809278 387.420600 365.120827 347.588875 332.789494 323.549643 337.404589 344.894644 340.745948 322.895308 306.144324 297.672676 295.091036 306.320666 337.335730 367.168992 387.224083 397.116497 396.201993 403.701134 410.899833 414.698773 432.512536 451.336115 478.322379 510.611930 539.222007 554.402232 566.228736 579.615621 595.711926 610.354063 623.549356 640.317486 657.872722 668.185360 675.359249 684.082969
623.779729 611.726103 598.870462 583.942924 569.318211 567.104356 560.669177 548.952852 504.597786 447.795631 404.204093 373.020169 332.799128 305.330866 285.158133 254.181711 236.217974 226.260982 227.105022 213.020987 191.582574 171.878598 159.055210 149.460195 136.546102 131.960805 137.222456 146.447690 137.110049 130.800883 132.089739 130.067292 130.390006 144.453826 166.441619 180.178894 192.395005 203.519571 208.808403 217.092944 244.404958 263.892871 289.220470 328.992429 374.815976 411.653688 440.579933 463.694581 491.012126 520.010996 541.541379 563.632515 586.902960 611.939283 627.047864 638.187207 647.248725
556.531723 537.571420 513.459930 481.842702 451.409060 442.593577 429.664640 404.762172 343.455569 270.393232 220.056370 186.786331 153.176173 129.619982 101.734476 68.555323 47.632291 49.718090 55.903135 52.892705 37.012228 22.277611 10.692104 -2.650155 -17.991602 -27.919623 -19.792782 -11.366561 -7.023298 -5.328004 -2.160567 -0.696190 -1.163743 -2.315424 7.748706 18.025711 29.137122 39.305117 50.252275 77.883372 103.257860 122.060484 146.843633 175.337997 209.619907 244.674064 277.769887 309.823593 352.970779 393.035460 427.706232 461.566976 500.591649 536.822011 562.318427 579.221101 595.189204
444.723950 411.561591 370.946758 308.597760 276.929131 260.106024 243.989025 202.454203 148.947645 98.472697 64.885926 36.400055 9.766728 -17.390208 -48.016472 -75.851521 -95.347537 -88.791715 -81.943944 -72.779899 -85.508593 -97.975907 -105.108575 -119.758900 -133.864288 -147.630393 -139.452513 -130.140095 -114.986919 -111.683261 -108.703417 -102.683092 -103.998336 -105.852626 -112.154676 -103.072969 -93.194855 -80.481204 -54.725052 -29.992483 -6.043345 14.749990 35.836399 60.234681 87.606014 115.887086 145.955857 172.361758 202.142335 236.214241 271.318665 311.613965 363.204351 407.618520 442.356027 473.982197 508.586585
274.263127 235.897511 189.821879 135.026791 96.910227 81.697718 46.624393 11.358774 -30.118044 -54.280427 -75.404307 -99.506764 -121.627877 -142.939366 -169.433148 -192.482611 -215.389731 -211.148449 -198.845277 -185.129453 -192.582554 -197.190678 -200.559179 -212.188710 -225.822426 -239.345833 -235.593892 -220.871211 -204.353517 -197.883777 -191.784867 -184.490846 -184.528475 -190.888124 -199.248077 -193.757553 -180.661944 -165.237088 -143.947018 -121.780772 -100.257350 -80.410291 -58.194551 -34.558275 -10.166611 16.374013 44.229941 66.003202 92.913400 122.087655 148.709381 171.109605 200.083662 238.694540 272.498797 315.862414 366.455705
125.704709 94.320768 50.771859 5.530647 -38.341157 -74.447169 -107.088529 -138.514263 -158.654023 -177.994955 -196.546929 -215.058554 -235.500235 -255.121842 -274.618289 -296.433393 -316.087867 -310.500781 -296.629547 -283.733557 -281.746333 -284.714208 -287.741154 -295.720146 -309.364010 -321.224190 -313.048609 -297.399651 -282.015448 -272.266951 -265.692517 -259.451118 -262.337022 -270.696351 -277.936250 -270.295793 -255.151344 -240.324962 -222.757859 -201.677783 -180.653373 -159.683702 -137.661587 -115.455250 -90.813294 -65.230277 -39.187925 -13.625818 10.884215 35.129733 49.192312 64.337024 78.581186 101.459225 126.851768 157.534355 194.212744
-7.652402 -36.177657 -70.589185 -110.675000 -142.523027 -174.106586 -204.431146 -234.416516 -258.902978 -276.664724 -286.757848 -301.457333 -320.764023 -334.289293 -351.025005 -370.273242 -371.716608 -367.654138 -354.875018 -352.207110 -351.372984 -354.283442 -355.320732 -360.184132 -372.177561 -366.644324 -358.739628 -343.608011 -332.549748 -323.246359 -316.951334 -312.788475 -313.548670 -321.032152 -318.623302 -311.454286 -296.845677 -285.084446 -269.799521 -249.015871 -231.771289 -212.548916 -190.981809 -168.723477 -145.191079 -120.198079 -93.193814 -68.563341 -48.141900 -37.322702 -25.340502 -17.047849 -19.460999 -2.635740 15.269159 34.521946 62.297310
