tests/Borden05m/data_simulated/sim_1/output-maps/psiliqL0030N0004.asc
ncols         160
nrows         34
xllcorner     620200.000000
yllcorner     5168000.000000
cellsize      0.500000
NODATA_value  -9999.0
[rows 0 to 24 of 34, columns 55 to 109 of 160]
-9999.0 -9999.0 -9999.0 -9999.0 -9999.0 -9999.0 -9999.0 -9999.0 -9999.0 -9999.0 -9999.0 -9999.0 -9999.0 -9999.0 -9999.0 -9999.0 -9999.0 -9999.0 -9999.0 -9999.0 -9999.0 -9999.0 -9999.0 -9999.0 -9999.0 -9999.0 -9999.0 -9999.0 -9999.0 -9999.0 -9999.0 -9999.0 -9999.0 -9999.0 -9999.0 -9999.0 -9999.0 -9999.0 -9999.0 -9999.0 -9999.0 -9999.0 -9999.0 -9999.0 -9999.0 -9999.0 -9999.0 -9999.0 -9999.0 -9999.0 -9999.0 -9999.0 -9999.0 -9999.0 -9999.0
-9999.0 -9999.0 -9999.0 -9999.0 4197.054390 4191.814460 4187.197590 4182.817469 4174.441958 4165.123519 4157.451737 4153.223685 4151.998895 4151.153616 4150.448365 4155.180452 4163.226920 4170.799557 4177.553051 4179.933073 4182.216114 4183.916601 4184.036055 4182.889602 4179.611835 4176.208604 4172.785269 4170.995888 4163.845688 4152.782480 4144.616665 4141.939306 4146.028814 4150.317629 4152.752408 4157.701057 4167.949635 4178.456224 4187.020757 4199.762523 4207.113585 4212.488635 4214.912371 4210.909619 4207.675633 4203.607386 4197.107344 4185.968520 -9999.0 -9999.0 -9999.0 -9999.0 -9999.0 -9999.0 -9999.0
4142.062151 4160.375281 4181.666294 4184.730190 4172.820864 4167.674063 4164.574227 4163.027341 4158.981806 4150.551077 4145.485123 4139.979766 4137.080602 4137.049911 4136.842543 4140.324749 4151.223399 4158.908936 4163.350772 4165.973901 4168.843803 4166.823483 4165.913829 4165.665562 4162.708480 4159.153662 4155.725331 4153.812051 4155.560982 4147.945913 4141.774894 4137.714578 4134.343002 4137.139286 4139.909108 4144.844406 4153.882162 4161.675564 4169.558708 4184.975442 4198.364263 4204.166929 4201.575740 4197.075455 4193.213641 4185.536177 4174.526446 4164.622397 4157.050086 4151.222824 4145.898312 4139.234657 4145.769387 4154.027760 4163.168911
4125.253462 4144.454032 4165.010766 4167.479859 4157.338925 4149.767688 4142.348593 4142.955358 4146.737886 4143.591995 4138.710521 4130.037165 4140.514528 4141.392994 4141.907129 4144.999216 4146.429932 4152.104103 4154.348641 4159.606671 4168.511007 4171.286213 4171.627408 4171.577920 4169.480656 4166.116482 4164.038018 4161.165494 4155.809840 4153.757082 4153.180882 4151.554307 4155.352458 4156.869510 4160.133196 4154.993599 4159.667101 4165.914138 4172.899913 4178.078286 4184.027447 4186.072300 4182.739068 4183.751847 4175.395978 4161.775089 4152.302115 4145.161040 4146.078905 4143.220466 4135.285804 4121.261092 4129.964024 4146.280990 4151.152308
4129.976388 4138.840261 4149.035761 4151.382206 4146.326780 4148.798403 4150.622406 4151.715193 4149.749332 4146.026044 4140.888362 4150.645031 4158.580893 4159.803554 4162.028848 4166.010069 4167.246638 4156.639611 4154.659345 4161.547227 4170.925137 4175.813980 4175.918518 4175.395084 4171.138307 4169.863838 4169.647392 4167.915224 4166.954513 4168.201562 4164.991486 4167.392306 4172.793662 4176.226136 4171.793241 4163.584319 4166.250380 4174.904044 4184.311425 4191.955100 4201.936461 4212.499972 4213.143738 4208.921629 4200.516319 4188.360837 4166.163120 4149.244623 4138.225932 4129.954971 4122.665555 4126.587771 4121.384443 4136.030015 4137.894942
4112.780143 4134.688052 4154.419259 4159.663987 4153.645276 4150.328335 4149.561030 4150.148183 4148.818119 4148.481592 4156.046140 4167.244271 4177.453781 4179.212916 4180.780099 4179.194881 4172.115038 4161.733142 4159.361883 4172.105126 4188.965502 4196.663251 4195.780882 4190.280719 4192.167865 4192.748945 4193.947831 4191.066761 4191.365594 4187.727357 4191.746077 4199.459963 4207.713667 4206.488420 4193.951631 4181.298575 4181.665392 4187.948458 4196.026144 4203.999331 4214.076004 4222.943090 4218.151087 4213.532984 4206.884612 4182.083008 4160.731818 4147.133077 4147.441386 4148.344065 4144.026216 4142.344392 4142.177124 4138.987509 4139.442576
4147.464884 4166.169709 4186.572928 4198.723484 4192.488875 4185.263290 4177.418192 4177.532021 4177.150173 4182.339683 4191.957168 4203.308536 4224.398109 4222.877866 4222.514940 4219.945119 4206.496959 4192.982485 4183.385465 4206.829425 4218.156298 4224.863813 4220.941926 4224.580910 4232.857410 4229.610777 4223.873603 4211.250544 4216.661526 4221.498500 4236.720890 4245.069578 4250.831423 4245.194467 4230.384139 4223.262402 4225.712700 4233.506059 4235.797429 4245.713938 4253.950361 4268.756412 4267.054686 4265.376749 4246.108986 4208.825234 4180.849672 4170.480722 4183.520411 4178.080850 4171.651210 4172.557676 4162.304501 4156.184268 4159.472084
4176.098541 4188.404759 4204.229172 4220.433615 4210.430154 4200.548193 4183.152729 4179.314766 4182.574149 4192.932633 4210.175209 4226.843102 4245.771814 4241.657503 4232.203146 4241.995801 4234.903293 4223.621634 4216.364742 4241.095432 4250.662606 4260.512407 4265.070273 4277.792962 4287.968994 4269.310730 4250.667459 4238.638634 4246.293473 4273.846427 4297.988809 4302.767792 4301.175460 4299.555174 4282.216566 4277.888782 4275.460496 4277.478876 4275.774843 4274.508921 4302.034019 4325.076218 4325.127579 4303.843727 4281.156828 4240.074283 4201.858685 4179.540057 4196.388627 4192.505771 4196.846142 4187.952609 4177.103217 4172.577847 4172.042610
4220.715307 4240.439667 4255.929983 4278.405002 4266.492022 4241.644616 4223.288449 4225.433437 4239.533534 4248.178470 4267.957950 4283.248219 4307.647412 4317.257595 4326.355074 4330.398005 4323.852673 4315.484994 4303.848528 4311.454000 4337.670423 4349.353946 4357.095392 4364.887672 4377.722554 4376.548961 4368.296116 4366.064795 4370.871307 4386.470189 4402.776332 4409.622925 4412.001734 4413.716201 4397.447736 4383.613533 4382.916405 4378.398900 4378.785398 4378.440300 4392.573842 4415.972493 4412.163368 4371.959531 4344.691532 4308.121274 4268.678023 4239.335418 4236.145472 4258.780756 4258.913307 4242.835974 4234.674337 4210.988570 4208.954588
4286.354092 4319.165268 4343.112902 4352.484923 4358.532745 4340.962292 4338.038360 4342.590575 4351.668017 4354.557747 4360.913398 4393.761770 4427.725926 4451.864068 4474.578697 4481.563125 4468.720313 4458.985616 4444.982909 4436.417286 4449.778491 4468.154083 4486.332168 4501.184459 4512.665323 4514.298242 4512.610612 4512.622620 4516.148664 4519.216624 4524.028110 4533.356884 4541.215076 4549.508224 4556.622921 4544.644093 4527.445351 4519.037912 4511.381312 4511.794876 4513.950584 4519.403034 4520.619104 4500.622018 4454.634553 4421.380343 4388.534001 4371.177076 4359.747527 4363.196192 4344.741592 4319.115669 4265.170405 4228.000257 4197.114174
4369.413893 4415.584156 4445.176474 4460.800835 4473.234689 4468.736617 4470.775298 4471.626942 4475.013148 4476.785010 4478.408201 4507.073034 4550.717851 4591.517471 4623.808912 4622.579171 4607.476653 4595.867040 4587.200136 4571.573745 4567.488645 4581.889025 4598.924208 4620.835341 4631.067639 4636.055630 4631.884908 4632.060432 4634.368256 4636.868590 4639.178793 4643.451964 4654.103896 4670.423383 4686.143654 4684.607060 4663.574715 4645.106217 4629.339937 4628.287042 4626.854201 4622.011957 4624.907560 4626.942604 4607.789236 4573.779653 4531.829062 4491.281341 4477.011533 4463.140377 4452.283651 4434.298153 4387.985502 4315.256351 4272.041271
4486.194264 4523.508214 4553.220663 4584.180303 4598.271746 4599.047958 4595.809025 4593.878104 4601.107891 4602.921725 4607.351348 4624.292752 4659.933350 4698.332082 4729.615507 4744.719044 4735.590723 4715.692172 4691.634061 4680.156038 4676.673460 4680.933389 4691.615950 4706.362761 4727.540478 4748.447803 4754.430730 4755.384350 4752.605110 4755.199930 4756.962699 4757.120340 4760.766383 4770.723102 4781.715428 4785.404409 4776.441518 4753.303074 4728.307428 4717.769937 4711.828205 4708.630709 4710.531998 4716.888435 4721.172243 4704.846062 4666.062543 4618.366752 4588.749438 4575.220040 4562.833856 4547.901602 4534.246013 4495.776775 4472.908614
4598.125411 4614.513575 4644.470707 4674.734410 4697.366680 4711.853602 4711.233972 4713.587623 4718.590912 4725.287077 4740.499271 4765.822928 4787.146859 4812.339869 4841.346985 4859.277143 4864.485845 4862.084345 4856.927835 4857.909362 4858.348179 4780.550505 4788.158950 4795.763829 4816.925658 4835.370942 4842.165707 4842.955131 4839.805486 4841.958639 4842.906034 4842.705034 4842.320277 4845.594345 4851.879185 4854.281229 4851.311700 4836.184195 4860.540969 4839.102752 4824.853641 4816.214562 4807.598530 4799.273753 4789.657439 4779.365358 4757.349949 4724.260481 4688.671421 4668.571732 4661.373656 4654.891504 4645.155554 4638.787997 4620.405902
4698.389468 4709.066121 4728.715738 4752.970902 4790.045669 4815.632547 4827.699416 4837.562162 4842.374924 4857.229473 4875.450005 4855.065280 4865.382767 4876.059461 4886.667878 4890.310900 4891.353980 4890.872677 4888.393429 4887.431292 4884.682428 4881.642320 4870.725135 4872.384479 4874.520676 4877.201298 4881.038443 4880.019212 4881.213079 4884.194947 4882.317125 4876.009945 4871.707188 4870.123817 4871.347729 4878.947217 4882.603209 4883.637509 4879.292947 4878.242924 4877.005835 4872.782505 4867.509760 4860.076744 4850.568451 4870.051667 4856.958377 4826.553761 4782.773071 4738.363922 4732.576020 4736.253783 4735.558896 4734.153492 4728.286278
4832.486033 4847.210064 4863.047722 4833.067268 4860.810902 4875.009007 4881.647792 4886.463568 4889.507076 4893.506591 4890.580048 4887.722597 4882.707242 4880.984210 4879.577622 4877.085251 4877.694896 4875.802145 4871.626096 4867.318941 4858.661275 4846.657083 4835.469916 4831.457326 4835.652429 4841.542625 4847.062299 4852.050860 4855.963336 4855.532888 4849.715946 4840.962482 4833.141865 4831.569365 4838.667849 4844.535954 4851.632166 4852.603786 4851.193317 4848.480924 4848.036927 4844.402329 4844.494775 4851.893557 4867.417572 4868.965832 4876.295151 4875.251388 4854.577767 4817.142183 4836.172295 4815.712683 4822.571366 4817.736438 4806.076721
4881.249281 4884.690370 4882.665455 4881.834342 4875.219635 4868.991883 4868.153292 4872.231497 4879.388224 4880.336669 4873.158042 4864.327020 4856.847490 4849.015840 4846.489896 4846.144186 4845.999113 4846.619947 4841.234543 4831.184186 4813.292168 4801.568233 4790.451845 4784.476936 4779.891566 4782.747817 4794.648832 4807.964824 4813.211560 4802.806663 4793.851445 4781.442411 4773.280802 4773.805226 4774.366910 4784.170880 4802.353639 4811.179547 4812.055317 4805.016417 4797.712508 4790.739315 4787.276824 4793.675260 4809.369609 4827.033611 4843.700514 4853.428253 4861.460559 4868.969090 4865.299254 4868.703406 4870.576545 4867.931928 4872.622821
4876.181352 4868.953983 4861.723040 4856.227917 4849.744436 4844.502199 4842.539520 4844.144028 4845.640657 4841.127035 4834.729927 4824.615279 4813.327545 4803.435912 4795.097443 4796.133605 4798.515465 4800.406818 4792.625269 4776.658313 4758.390059 4744.677117 4730.640824 4726.635443 4720.246596 4711.149997 4721.133720 4742.044353 4749.941352 4732.701850 4721.315038 4705.592280 4699.251908 4694.864436 4695.369587 4704.199103 4727.964069 4754.197242 4756.712271 4745.263183 4733.864082 4729.239331 4725.885583 4729.981812 4746.499177 4768.063697 4785.021823 4796.068497 4801.477718 4809.325716 4818.861379 4834.159749 4849.862654 4862.939823 4866.254614
4850.279484 4842.425787 4834.655176 4826.874647 4819.874941 4813.527452 4809.087261 4807.065068 4802.482583 4796.156376 4788.927953 4765.544210 4752.725340 4739.163732 4723.485583 4719.217283 4713.531733 4714.246448 4702.411504 4695.126788 4679.225391 4663.719018 4647.928465 4633.321524 4627.540896 4620.441277 4616.455795 4629.225472 4637.461619 4629.362373 4619.849686 4609.984939 4606.075798 4602.692508 4605.443400 4616.053006 4634.776400 4653.150863 4662.314416 4655.319171 4655.665681 4656.783967 4655.263473 4662.095780 4671.844257 4689.477033 4712.868980 4733.343541 4743.745491 4750.553225 4759.680683 4774.403115 4788.888719 4803.703749 4822.398846
4819.372530 4809.851205 4799.716133 4789.714659 4778.968296 4768.167276 4761.304701 4764.305254 4758.263434 4752.670358 4726.838694 4667.896700 4645.259930 4625.583454 4608.654012 4601.260993 4592.161848 4572.640380 4563.950357 4560.097658 4565.575552 4552.010751 4534.323339 4515.905229 4511.043051 4507.687462 4487.021038 4478.794802 4478.327695 4499.343167 4493.778910 4494.292078 4497.804937 4495.508987 4496.123746 4508.651457 4514.879648 4518.673356 4525.860275 4533.315468 4545.632560 4554.781715 4567.792985 4585.849374 4596.124157 4610.951184 4631.257135 4658.105770 4674.778473 4684.553609 4694.992231 4710.430926 4726.704866 4744.870168 4767.619315
4784.079807 4766.353928 4751.205233 4736.526676 4723.533132 4710.337592 4693.212400 4695.228937 4693.317548 4682.050551 4621.556215 4580.979709 4546.176832 4529.004317 4504.398064 4489.684398 4470.973621 4427.565826 4408.673720 4410.229400 4428.851021 4427.637706 4412.895162 4401.764767 4391.771468 4381.287555 4361.610631 4338.910299 4345.540925 4366.558660 4369.681479 4375.065877 4384.513368 4384.547933 4376.581680 4370.690637 4381.928054 4386.510368 4398.463145 4418.860685 4424.292530 4443.973802 4481.086118 4493.927911 4509.212092 4527.219388 4547.345733 4569.470626 4593.195007 4607.775907 4623.372241 4641.872207 4658.660842 4678.992687 4701.465763
4731.233162 4698.633973 4676.667276 4658.723968 4638.622448 4608.982572 4588.812650 4586.302910 4580.117512 4546.860883 4491.727909 4457.536172 4436.248362 4414.263203 4391.350172 4365.298409 4323.570572 4287.249384 4264.587607 4284.371275 4297.187763 4313.082386 4302.647718 4292.608109 4283.186255 4263.388342 4245.903592 4227.494256 4239.547768 4248.314302 4271.699443 4280.037886 4284.146255 4291.466932 4289.942307 4276.634743 4267.408930 4275.258953 4285.073577 4297.843025 4322.862671 4361.130629 4386.257327 4405.128710 4425.717431 4443.939418 4464.834302 4487.491249 4510.785946 4528.125575 4546.363639 4564.540385 4585.325030 4603.757929 4625.817844
4646.051308 4617.564198 4591.240732 4567.693013 4533.719343 4484.073082 4469.523199 4460.113576 4434.280178 4381.974959 4340.214274 4324.658323 4315.697574 4292.868492 4272.830262 4242.824758 4207.664229 4187.863911 4167.121517 4179.101909 4190.938122 4214.785776 4207.419873 4202.455677 4200.849020 4185.337922 4172.351082 4155.109179 4160.961127 4174.150267 4200.353139 4207.223550 4211.746873 4222.246742 4221.681255 4216.138260 4194.977618 4200.943569 4211.946443 4227.131006 4259.797556 4281.694171 4303.632038 4325.647093 4344.670798 4365.803180 4387.350354 4409.830641 4436.470133 4455.953084 4474.763767 4496.081426 4514.576270 4527.149785 4541.319851
4533.886331 4510.612654 4492.211906 4467.979783 4422.302288 4377.917465 4333.972067 4302.647875 4244.319694 4208.690389 4194.040235 4199.631351 4190.198870 4172.185810 4154.829390 4136.830045 4117.112449 4100.407609 4075.361977 4081.915177 4099.603361 4118.374629 4122.979464 4126.144563 4125.681601 4117.445931 4104.255023 4090.714928 4094.600659 4112.638615 4131.234216 4142.511905 4150.769517 4158.626842 4158.139515 4147.314555 4136.402403 4140.582312 4156.267421 4172.125407 4187.949436 4207.462060 4227.349041 4247.233221 4269.169480 4290.961946 4312.990228 4337.003683 4363.270163 4384.522202 4407.662721 4431.442969 4446.302568 4453.138606 4457.927456
4429.232096 4411.620905 4389.162871 4361.277295 4318.713028 4279.953826 4239.768944 4189.110773 4156.344854 4129.310690 4127.546707 4114.616962 4104.407672 4092.691638 4073.860873 4059.885930 4047.891048 4027.900429 4021.948809 4030.728972 4044.900484 4052.230083 4061.227727 4059.975164 4058.393232 4053.943398 4040.183705 4038.707536 4049.497067 4064.669291 4077.882888 4090.061999 4097.006189 4101.616735 4098.271598 4088.469340 4086.508877 4094.440791 4109.533441 4121.944892 4134.968540 4154.369770 4172.848041 4193.244999 4214.461625 4235.084395 4258.174097 4282.004027 4306.938909 4333.573324 4354.514236 4370.762215 4377.464110 4385.003924 4380.480120
4303.795868 4295.160223 4269.799787 4241.699068 4214.537125 4184.433720 4163.560947 4133.962589 4105.675630 4078.635496 4054.038420 4045.234421 4042.114345 4031.727518 4017.273469 4008.469431 3994.805738 3989.089131 3998.757193 3999.933463 4007.147094 4004.407409 4006.007434 4004.303823 4004.350417 4003.448001 3999.608288 4013.778410 4019.911862 4032.723708 4042.350971 4052.114650 4057.564121 4060.698728 4062.169516 4058.672522 4065.238754 4070.380795 4083.056476 4093.185980 4105.082358 4123.499747 4138.844823 4156.026546 4176.639345 4197.963288 4219.993526 4244.003041 4270.504499 4293.388091 4308.694458 4312.692009 4319.572368 4317.575663 4302.610375
