tests/Borden05m/data_simulated/sim_1/output-maps/psiliqL0003N0018.asc
ncols         160
nrows         34
xllcorner     620200.000000
yllcorner     5168000.000000
cellsize      0.500000
NODATA_value  -9999.0
[rows 0 to 24 of 34, columns 0 to 55 of 160]
-9999.0 -9999.0 -9999.0 -9999.0 -9999.0 -9999.0 -9999.0 -9999.0 -9999.0 -9999.0 -9999.0 -9999.0 -9999.0 -9999.0 -9999.0 -9999.0 -9999.0 -9999.0 -9999.0 -9999.0 -9999.0 -9999.0 -9999.0 -9999.0 -9999.0 -9999.0 -9999.0 -9999.0 -9999.0 -9999.0 -9999.0 -9999.0 -9999.0 -9999.0 -9999.0 -9999.0 -9999.0 -9999.0 -9999.0 -9999.0 -9999.0 -9999.0 -9999.0 -9999.0 -9999.0 -9999.0 -9999.0 -9999.0 -9999.0 -9999.0 -9999.0 -9999.0 -9999.0 -9999.0 -9999.0 -9999.0
-9999.0 -9999.0 -9999.0 -9999.0 -9999.0 -9999.0 -9999.0 -9999.0 -9999.0 -9999.0 -9999.0 -9999.0 -9999.0 -9999.0 -9999.0 -9999.0 -9999.0 -9999.0 -9999.0 -9999.0 -9999.0 -9999.0 -9999.0 -9999.0 -9999.0 -9999.0 -9999.0 -9999.0 -9999.0 -9999.0 -9999.0 -9999.0 -9999.0 -9999.0 -9999.0 -9999.0 -9999.0 -9999.0 -9999.0 -9999.0 -9999.0 -9999.0 -9999.0 -9999.0 -9999.0 -9999.0 -9999.0 -9999.0 -9999.0 -9999.0 -9999.0 -9999.0 -9999.0 -9999.0 -9999.0 -9999.0
-9999.0 -9999.0 -9999.0 -9999.0 -9999.0 -9999.0 -9999.0 -9999.0 -9999.0 -9999.0 -9999.0 -9999.0 -9999.0 -9999.0 -9999.0 -9999.0 -9999.0 -9999.0 -9999.0 -9999.0 -9999.0 -9999.0 -9999.0 -9999.0 -9999.0 -9999.0 -9999.0 -9999.0 -9999.0 -9999.0 -9999.0 -9999.0 -9999.0 -9999.0 -9999.0 -9999.0 -9999.0 -9999.0 -9999.0 -9999.0 -9999.0 -9999.0 -9999.0 -9999.0 -9999.0 -9999.0 -9999.0 -591.734619 -595.695003 -600.434253 -601.727042 -596.384211 -593.827497 -591.406513 -589.698368 -588.091386
-9999.0 -9999.0 -9999.0 -9999.0 -9999.0 -9999.0 -9999.0 -9999.0 -9999.0 -9999.0 -9999.0 -9999.0 -9999.0 -9999.0 -9999.0 -9999.0 -9999.0 -9999.0 -9999.0 -9999.0 -9999.0 -9999.0 -9999.0 -9999.0 -9999.0 -9999.0 -9999.0 -9999.0 -9999.0 -9999.0 -9999.0 -9999.0 -9999.0 -9999.0 -9999.0 -9999.0 -9999.0 -9999.0 -9999.0 -9999.0 -591.388472 -589.572343 -588.144736 -590.799893 -592.034368 -592.033047 -594.943922 -598.235773 -601.595476 -600.665984 -600.587236 -602.787599 -599.012199 -595.883715 -594.628699 -593.543781
-9999.0 -9999.0 -9999.0 -9999.0 -9999.0 -9999.0 -9999.0 -9999.0 -9999.0 -9999.0 -9999.0 -9999.0 -9999.0 -9999.0 -9999.0 -9999.0 -9999.0 -9999.0 -9999.0 -9999.0 -9999.0 -9999.0 -9999.0 -9999.0 -9999.0 -9999.0 -9999.0 -9999.0 -9999.0 -9999.0 -9999.0 -9999.0 -9999.0 -9999.0 -600.534868 -597.085250 -595.437324 -593.846529 -591.580696 -592.193317 -592.713405 -591.120831 -592.542518 -592.693252 -594.562898 -598.017453 -601.495872 -603.474829 -601.549521 -602.215315 -602.173994 -600.380881 -599.161648 -598.582540 -595.994167 -591.966476
-9999.0 -9999.0 -9999.0 -9999.0 -9999.0 -9999.0 -9999.0 -9999.0 -9999.0 -9999.0 -9999.0 -9999.0 -9999.0 -9999.0 -9999.0 -9999.0 -9999.0 -9999.0 -9999.0 -9999.0 -9999.0 -9999.0 -9999.0 -9999.0 -9999.0 -9999.0 -9999.0 -9999.0 -595.531114 -596.874652 -597.909764 -597.862797 -598.339510 -600.139792 -600.557584 -600.124826 -598.188995 -595.133568 -594.520008 -594.794371 -594.504049 -595.177227 -597.160750 -597.383977 -595.275515 -597.385986 -598.471630 -599.899050 -603.300441 -604.135112 -602.150926 -600.204315 -598.484399 -597.945019 -597.542058 -597.395125
-9999.0 -9999.0 -9999.0 -9999.0 -9999.0 -9999.0 -9999.0 -9999.0 -9999.0 -9999.0 -9999.0 -9999.0 -9999.0 -9999.0 -9999.0 -9999.0 -9999.0 -9999.0 -9999.0 -9999.0 -9999.0 -9999.0 -9999.0 -598.008957 -596.773966 -596.275693 -595.174977 -595.708444 -598.264398 -599.932681 -600.662734 -601.258610 -602.641467 -602.775180 -602.750112 -601.771676 -600.989124 -597.784527 -599.193244 -600.100641 -597.381679 -597.984402 -596.245553 -594.282198 -594.759061 -594.407616 -598.133894 -600.936765 -598.071057 -596.883370 -596.955932 -597.516539 -596.466586 -595.055678 -593.297314 -590.382244
-9999.0 -9999.0 -9999.0 -9999.0 -9999.0 -9999.0 -9999.0 -9999.0 -9999.0 -9999.0 -9999.0 -9999.0 -9999.0 -9999.0 -9999.0 -9999.0 -9999.0 -9999.0 -9999.0 -598.099451 -598.468498 -599.199611 -598.883638 -601.296426 -602.314386 -601.574877 -600.216221 -600.972563 -602.394812 -603.625574 -603.473933 -603.296930 -603.574088 -601.648583 -600.056877 -599.452534 -599.731499 -597.176100 -596.332284 -594.853204 -591.180669 -593.497905 -595.826131 -597.054510 -597.162283 -597.835220 -595.669288 -595.010433 -594.760023 -594.924657 -594.816361 -594.214305 -593.792117 -590.711778 -587.789925 -585.263362
-9999.0 -9999.0 -9999.0 -9999.0 -9999.0 -9999.0 -9999.0 -9999.0 -9999.0 -9999.0 -9999.0 -9999.0 -9999.0 -9999.0 -9999.0 -9999.0 -598.593784 -598.792082 -599.693251 -601.141686 -602.415395 -602.424450 -601.386787 -603.195531 -603.780019 -603.330991 -604.104052 -603.143346 -602.120554 -600.913911 -600.359272 -601.645289 -601.364719 -601.483166 -601.547315 -600.822389 -597.954309 -595.268133 -594.570767 -592.618551 -589.249596 -591.096138 -591.922617 -591.839562 -593.004264 -591.941223 -586.971025 -587.663982 -589.709744 -584.489942 -581.674168 -582.559208 -582.949614 -579.463630 -574.193895 -567.366366
-9999.0 -9999.0 -9999.0 -9999.0 -9999.0 -9999.0 -9999.0 -9999.0 -9999.0 -9999.0 -9999.0 -9999.0 -9999.0 -599.285199 -599.454064 -599.150256 -601.410966 -603.215224 -604.300164 -605.811124 -603.775095 -605.174763 -605.592263 -605.214931 -603.388388 -603.302252 -603.051321 -601.873463 -602.195733 -602.690487 -603.172894 -604.235207 -602.668053 -601.085099 -599.945937 -597.645952 -595.799568 -594.291178 -591.675821 -591.048642 -589.254696 -589.851675 -591.837062 -592.261743 -590.657894 -585.961262 -582.255832 -580.849635 -574.359487 -567.406331 -563.861111 -559.421445 -557.095852 -553.807270 -545.923829 -523.395892
-9999.0 -9999.0 -9999.0 -9999.0 -9999.0 -9999.0 -9999.0 -9999.0 -9999.0 -9999.0 -603.077261 -601.861089 -603.670308 -607.010973 -608.453240 -607.635509 -606.769895 -608.005653 -607.913965 -604.304293 -602.299577 -605.558867 -603.230436 -603.141107 -604.502543 -604.091521 -603.097195 -602.865942 -600.608925 -600.446128 -600.342339 -596.697620 -595.647379 -594.527886 -593.020769 -591.360937 -589.842477 -584.170056 -579.229700 -579.071213 -572.338092 -568.062085 -571.402987 -572.585439 -571.472171 -566.315114 -557.694394 -544.972071 -531.467860 -511.286743 -491.221716 -476.407826 -464.681668 -450.692655 -434.188143 -410.466935
-9999.0 -9999.0 -9999.0 -9999.0 -9999.0 -9999.0 -9999.0 -9999.0 -608.062703 -606.104967 -604.870084 -606.408395 -608.483204 -612.246409 -610.768129 -609.317177 -608.315803 -606.845942 -606.116941 -605.486267 -606.258041 -604.991659 -602.671772 -603.206863 -602.906343 -601.368234 -601.239347 -599.817057 -597.652143 -598.472572 -597.218904 -595.139744 -593.297018 -591.632083 -589.652292 -588.337935 -582.448377 -574.510531 -565.809789 -557.994255 -546.639060 -532.091165 -531.780209 -529.004977 -525.557135 -504.000815 -472.138277 -437.594848 -412.108023 -391.032694 -368.447870 -355.309332 -346.122670 -334.528318 -320.189013 -307.292832
-9999.0 -9999.0 -9999.0 -9999.0 -9999.0 -9999.0 -611.084343 -606.691108 -604.563707 -609.427097 -613.216423 -614.492820 -616.768337 -611.780862 -607.426901 -606.556732 -605.870226 -605.056896 -605.411871 -608.136030 -601.528338 -603.168646 -604.360107 -602.276913 -602.334541 -602.062920 -600.691411 -597.677564 -596.196369 -590.300269 -585.857098 -581.925589 -576.767924 -573.423124 -569.864734 -565.595814 -554.345898 -536.227797 -510.562446 -481.227015 -450.599519 -422.371834 -412.118210 -406.830329 -400.582999 -388.280412 -365.220195 -339.548668 -309.177610 -279.791516 -257.605652 -247.167327 -237.658846 -226.849718 -213.557773 -199.052125
-9999.0 -9999.0 -9999.0 -9999.0 -608.825209 -607.813488 -608.544838 -604.701730 -602.033954 -607.890824 -605.779517 -606.813857 -608.756234 -611.096202 -613.896978 -611.772317 -610.509383 -609.631248 -609.912681 -603.408670 -597.793661 -601.106333 -598.242283 -592.791673 -593.778948 -593.058479 -592.598856 -589.930511 -585.191481 -579.063779 -565.556253 -552.273468 -541.909819 -529.179042 -515.264885 -494.691469 -461.340110 -424.271463 -396.945308 -370.309670 -344.489832 -323.120196 -308.639384 -300.201139 -289.851465 -277.470391 -260.467058 -236.072497 -207.881233 -174.227621 -147.374384 -131.726889 -123.550562 -113.696346 -101.305669 -83.413745
-9999.0 -9999.0 -9999.0 -611.584145 -607.255879 -605.595467 -607.531107 -606.660922 -603.326022 -606.441976 -606.992019 -607.506753 -607.804712 -607.714547 -607.923488 -606.649412 -606.346099 -607.164638 -606.171538 -602.128517 -600.081078 -596.692982 -593.933870 -589.858001 -586.376347 -584.896613 -582.862596 -577.865200 -565.590933 -550.212251 -519.915386 -472.241008 -433.019528 -410.965793 -397.106212 -378.412095 -359.084202 -330.228800 -301.241872 -273.445639 -245.316797 -221.287918 -199.287969 -185.757307 -177.931283 -169.114473 -151.536317 -130.873705 -107.410760 -60.143378 -22.492011 -3.669855 6.852341 13.210435 26.321651 37.737138
-9999.0 -9999.0 -610.940025 -608.446257 -610.025965 -606.870413 -603.355209 -605.555549 -601.387773 -599.969453 -603.917905 -601.528990 -600.244681 -602.651382 -600.937108 -599.004866 -598.014678 -601.002879 -603.067025 -598.284123 -588.188888 -579.655591 -574.559284 -553.542490 -540.055807 -530.701785 -525.473298 -509.100171 -479.858924 -433.417913 -395.343241 -356.115496 -321.495559 -293.761412 -281.472172 -266.757165 -244.454673 -220.679810 -191.857178 -164.784368 -140.332406 -113.689821 -86.529688 -44.436021 -39.753087 -27.611237 -9.121736 9.826826 27.923529 46.037273 62.433548 63.204024 63.590467 63.368627 63.873058 63.619495
-9999.0 -9999.0 -613.793321 -609.692480 -612.382568 -605.945881 -599.888264 -605.240528 -603.263478 -597.063791 -598.489110 -597.586794 -598.126668 -597.579988 -594.703086 -589.213863 -591.819729 -592.821521 -598.662901 -584.058419 -570.294705 -544.963845 -491.456768 -438.009432 -407.612575 -402.006139 -398.356090 -385.881921 -365.891592 -328.060879 -280.435465 -229.003284 -187.258805 -159.671458 -145.890141 -131.531085 -108.645982 -59.599998 -43.516808 -15.258440 -21.627525 19.453935 39.445151 56.894960 62.988001 62.817132 62.940128 63.275633 63.263184 63.288866 63.141704 59.800025 58.932911 59.504578 60.282768 55.834634
-9999.0 -614.900969 -612.800048 -612.574587 -608.362596 -609.440761 -604.267875 -596.928357 -596.781698 -593.909006 -593.509200 -597.071123 -582.785978 -569.940375 -565.010887 -553.560032 -558.002214 -561.399363 -568.352687 -551.861948 -517.448347 -433.596259 -343.211050 -298.299346 -277.730668 -276.596035 -280.360679 -268.778867 -245.276186 -204.885975 -134.535145 -53.107868 -15.532258 11.123039 19.269790 21.015654 33.311936 49.216775 64.430445 67.121909 66.317996 67.456097 63.077781 63.609347 63.452719 63.702718 60.316913 54.452641 46.988832 40.415560 36.449875 31.579234 33.873852 37.173683 38.314397 31.597337
-9999.0 -621.166251 -613.095842 -608.340603 -609.960776 -613.017835 -601.500185 -584.271845 -589.265790 -590.509778 -590.570907 -579.041899 -543.368809 -503.957837 -472.538355 -439.616018 -441.075981 -451.888897 -449.821354 -419.882322 -376.411333 -307.200049 -204.490365 -137.296614 -146.866603 -146.220252 -142.137624 -122.155044 -92.227718 -54.638119 24.861907 51.393493 55.167546 55.950568 56.184180 56.350198 56.448347 56.707701 53.334205 49.875756 45.328265 34.917795 48.432909 48.502567 46.020216 41.953961 35.972865 27.842330 14.400667 -14.191610 -22.248066 -27.238019 -29.393098 -29.254199 -33.528292 -40.162142
-9999.0 -614.814576 -605.756830 -607.944425 -615.200877 -604.246730 -599.171297 -586.532757 -576.288588 -577.711663 -561.760928 -505.830256 -432.316206 -380.653065 -348.293101 -329.813095 -317.629972 -318.266835 -297.590831 -249.917017 -174.086159 -60.565112 -18.082698 27.484281 -19.895517 -42.987226 -52.410898 -53.442122 -48.629469 -36.657777 -11.665297 35.756793 43.063231 47.049215 45.896417 41.909998 37.115191 29.648209 24.231804 19.794637 -5.935049 -11.647147 17.946240 18.630192 1.144678 -20.405215 -29.427499 -37.814126 -47.680152 -60.177119 -66.990318 -72.389730 -75.400679 -80.097655 -85.375368 -91.875500
-9999.0 -625.720848 -612.592172 -623.376189 -608.201523 -595.143968 -596.019913 -575.353424 -548.704598 -534.947680 -456.596458 -390.988953 -327.027343 -280.587177 -245.062134 -207.173044 -181.307540 -154.553617 -119.808844 -80.794783 24.153678 46.032029 47.582886 47.186232 31.250678 -35.187380 -58.307149 -80.018822 -87.722229 -87.086229 -73.197864 -50.058934 -31.311754 11.887509 3.803455 -22.798598 -28.606198 -33.596121 -37.805896 -46.876162 -58.267981 -64.219296 -61.023975 -55.628451 -64.527147 -73.100738 -81.528982 -90.946699 -101.174379 -111.144984 -120.018491 -127.609642 -131.204592 -137.216075 -138.975646 -145.996330
-9999.0 -633.841121 -624.330188 -617.427936 -604.249041 -594.750363 -584.741674 -561.597875 -501.918435 -431.661602 -372.657295 -339.658674 -287.290912 -229.116742 -171.451062 -140.689756 -124.234641 -117.532612 -107.424741 -96.260680 -92.808197 -39.882387 -25.192557 -7.434358 -54.227139 -76.027304 -95.437364 -110.160653 -115.827023 -112.429719 -106.227206 -97.673119 -89.866271 -82.069847 -84.546243 -87.986653 -86.382564 -92.435257 -99.801140 -107.199341 -114.349564 -121.866682 -126.248751 -128.933106 -132.642286 -135.070774 -143.535313 -154.417769 -165.254826 -173.908667 -182.284431 -188.822892 -191.174050 -195.646299 -201.332262 -211.061135
-9999.0 -652.640332 -621.188260 -617.515949 -609.650969 -607.064164 -604.360817 -587.379230 -557.775641 -442.551771 -316.873183 -302.055513 -284.122248 -251.037212 -196.227387 -146.768235 -140.647351 -168.163350 -188.337838 -195.314705 -184.637803 -162.736039 -145.352791 -128.167444 -126.288192 -128.661148 -135.187860 -145.857851 -157.971027 -162.042064 -161.286345 -163.364606 -164.268834 -161.080187 -162.077939 -158.354083 -155.786537 -164.767449 -176.264988 -189.763299 -201.691364 -210.493243 -213.618046 -213.516424 -214.805391 -218.390022 -225.868839 -235.546575 -247.119504 -257.460835 -265.453736 -270.975755 -276.396236 -283.690184 -291.823427 -300.673226
-9999.0 -9999.0 -635.195920 -617.505132 -615.277055 -612.589958 -610.051390 -597.179039 -582.013226 -525.726074 -445.249978 -395.839289 -364.214929 -333.217399 -287.925172 -248.630083 -242.838394 -237.106235 -260.815682 -259.963521 -253.116594 -244.293592 -232.684027 -221.314618 -213.174165 -209.353434 -207.573817 -210.217037 -218.222864 -229.727043 -242.004610 -250.581262 -255.565979 -259.252806 -252.672329 -243.556660 -244.903670 -250.879083 -260.942149 -274.193990 -285.391258 -296.531368 -299.536746 -298.772009 -299.051936 -301.940383 -306.839355 -317.702679 -328.696374 -339.838448 -345.192212 -350.365876 -355.453094 -364.159757 -372.915068 -382.547457
-9999.0 -9999.0 -655.970779 -626.673114 -614.857295 -606.763584 -607.838818 -606.371555 -588.287743 -578.078288 -561.150572 -532.715058 -496.057869 -451.633646 -422.669345 -392.312981 -378.795482 -372.280363 -371.634266 -363.622580 -347.976422 -332.566515 -321.581428 -310.981820 -301.242289 -293.565853 -286.943231 -295.237229 -303.672465 -316.136980 -331.466907 -348.246532 -357.182003 -362.254185 -358.738732 -352.610554 -356.461853 -364.457406 -375.224916 -387.351793 -396.206765 -404.462545 -406.753462 -407.564966 -407.727302 -409.459438 -411.921493 -419.329388 -429.904288 -439.106591 -447.252593 -454.701372 -459.488654 -468.825853 -480.424890 -489.460634
