tests/Borden05m/data_simulated/sim_1/output-maps/psiliqL0004N0006.asc
ncols         160
nrows         34
xllcorner     620200.000000
yllcorner     5168000.000000
cellsize      0.500000
NODATA_value  -9999.0
[rows 0 to 24 of 34, columns 0 to 56 of 160]
-9999.0 -9999.0 -9999.0 -9999.0 -9999.0 -9999.0 -9999.0 -9999.0 -9999.0 -9999.0 -9999.0 -9999.0 -9999.0 -9999.0 -9999.0 -9999.0 -9999.0 -9999.0 -9999.0 -9999.0 -9999.0 -9999.0 -9999.0 -9999.0 -9999.0 -9999.0 -9999.0 -9999.0 -9999.0 -9999.0 -9999.0 -9999.0 -9999.0 -9999.0 -9999.0 -9999.0 -9999.0 -9999.0 -9999.0 -9999.0 -9999.0 -9999.0 -9999.0 -9999.0 -9999.0 -9999.0 -9999.0 -9999.0 -9999.0 -9999.0 -9999.0 -9999.0 -9999.0 -9999.0 -9999.0 -9999.0 -9999.0
-9999.0 -9999.0 -9999.0 -9999.0 -9999.0 -9999.0 -9999.0 -9999.0 -9999.0 -9999.0 -9999.0 -9999.0 -9999.0 -9999.0 -9999.0 -9999.0 -9999.0 -9999.0 -9999.0 -9999.0 -9999.0 -9999.0 -9999.0 -9999.0 -9999.0 -9999.0 -9999.0 -9999.0 -9999.0 -9999.0 -9999.0 -9999.0 -9999.0 -9999.0 -9999.0 -9999.0 -9999.0 -9999.0 -9999.0 -9999.0 -9999.0 -9999.0 -9999.0 -9999.0 -9999.0 -9999.0 -9999.0 -9999.0 -9999.0 -9999.0 -9999.0 -9999.0 -9999.0 -9999.0 -9999.0 -9999.0 -9999.0
-9999.0 -9999.0 -9999.0 -9999.0 -9999.0 -9999.0 -9999.0 -9999.0 -9999.0 -9999.0 -9999.0 -9999.0 -9999.0 -9999.0 -9999.0 -9999.0 -9999.0 -9999.0 -9999.0 -9999.0 -9999.0 -9999.0 -9999.0 -9999.0 -9999.0 -9999.0 -9999.0 -9999.0 -9999.0 -9999.0 -9999.0 -9999.0 -9999.0 -9999.0 -9999.0 -9999.0 -9999.0 -9999.0 -9999.0 -9999.0 -9999.0 -9999.0 -9999.0 -9999.0 -9999.0 -9999.0 -9999.0 -764.504000 -781.798321 -802.325382 -807.328495 -783.425700 -769.872595 -756.797513 -746.719854 -737.290228 -725.623515
-9999.0 -9999.0 -9999.0 -9999.0 -9999.0 -9999.0 -9999.0 -9999.0 -9999.0 -9999.0 -9999.0 -9999.0 -9999.0 -9999.0 -9999.0 -9999.0 -9999.0 -9999.0 -9999.0 -9999.0 -9999.0 -9999.0 -9999.0 -9999.0 -9999.0 -9999.0 -9999.0 -9999.0 -9999.0 -9999.0 -9999.0 -9999.0 -9999.0 -9999.0 -9999.0 -9999.0 -9999.0 -9999.0 -9999.0 -9999.0 -753.137934 -746.155122 -741.343960 -752.280889 -758.916406 -761.476198 -775.522737 -790.814300 -806.242435 -803.530018 -802.750579 -809.328530 -790.799653 -774.705469 -765.918950 -757.929928 -744.661885
-9999.0 -9999.0 -9999.0 -9999.0 -9999.0 -9999.0 -9999.0 -9999.0 -9999.0 -9999.0 -9999.0 -9999.0 -9999.0 -9999.0 -9999.0 -9999.0 -9999.0 -9999.0 -9999.0 -9999.0 -9999.0 -9999.0 -9999.0 -9999.0 -9999.0 -9999.0 -9999.0 -9999.0 -9999.0 -9999.0 -9999.0 -9999.0 -9999.0 -9999.0 -804.433053 -788.368547 -779.022946 -769.852134 -758.794700 -759.380145 -759.640248 -753.241880 -758.731565 -760.464760 -769.254138 -785.065506 -801.680816 -812.128593 -806.013661 -809.069722 -808.003422 -798.715888 -790.732498 -784.753592 -771.100071 -752.792620 -755.284439
-9999.0 -9999.0 -9999.0 -9999.0 -9999.0 -9999.0 -9999.0 -9999.0 -9999.0 -9999.0 -9999.0 -9999.0 -9999.0 -9999.0 -9999.0 -9999.0 -9999.0 -9999.0 -9999.0 -9999.0 -9999.0 -9999.0 -9999.0 -9999.0 -9999.0 -9999.0 -9999.0 -9999.0 -784.854000 -790.912712 -795.754786 -795.867932 -797.944014 -805.076172 -805.375192 -801.355620 -790.627180 -775.532934 -770.753181 -770.051450 -767.614041 -769.611189 -777.185175 -778.626685 -771.951785 -781.769653 -788.230495 -795.703699 -810.079211 -813.306065 -804.189255 -794.306511 -784.726330 -779.218137 -773.772310 -769.103744 -763.049376
-9999.0 -9999.0 -9999.0 -9999.0 -9999.0 -9999.0 -9999.0 -9999.0 -9999.0 -9999.0 -9999.0 -9999.0 -9999.0 -9999.0 -9999.0 -9999.0 -9999.0 -9999.0 -9999.0 -9999.0 -9999.0 -9999.0 -9999.0 -798.847842 -793.084543 -790.231887 -784.933853 -786.875952 -797.381788 -804.783197 -808.214353 -810.857903 -816.517887 -816.250121 -814.504732 -808.072659 -801.819586 -785.894658 -788.623123 -789.784521 -777.879683 -779.347984 -772.898522 -765.852830 -767.998410 -767.601213 -782.629332 -794.037249 -783.217238 -777.862333 -776.670262 -776.647352 -769.993848 -761.363203 -751.044134 -736.715526 -720.457652
-9999.0 -9999.0 -9999.0 -9999.0 -9999.0 -9999.0 -9999.0 -9999.0 -9999.0 -9999.0 -9999.0 -9999.0 -9999.0 -9999.0 -9999.0 -9999.0 -9999.0 -9999.0 -9999.0 -802.620383 -804.033075 -806.923638 -805.031569 -814.666723 -818.408545 -814.347087 -807.689927 -810.369767 -816.204698 -821.344857 -820.535027 -819.419532 -819.760193 -810.266477 -801.683782 -796.676888 -794.570802 -781.101611 -774.802529 -766.592284 -751.249590 -758.875426 -767.327989 -771.867823 -772.266872 -774.227910 -765.913935 -762.863974 -760.748648 -759.498687 -757.086302 -752.833612 -748.470522 -734.479576 -720.454533 -707.524511 -695.218080
-9999.0 -9999.0 -9999.0 -9999.0 -9999.0 -9999.0 -9999.0 -9999.0 -9999.0 -9999.0 -9999.0 -9999.0 -9999.0 -9999.0 -9999.0 -9999.0 -808.011465 -808.636390 -812.233440 -817.712797 -822.772464 -822.264855 -817.013345 -824.338988 -826.139965 -823.205290 -825.485307 -820.252281 -814.940763 -809.028534 -805.912337 -810.370560 -807.850025 -806.380634 -804.055146 -797.858638 -782.889462 -768.683042 -762.292838 -752.012430 -737.881438 -743.181086 -746.023332 -745.681538 -748.792479 -743.351601 -724.596542 -724.655509 -728.551727 -709.406267 -698.285098 -698.822174 -697.512199 -684.027297 -665.096047 -642.945593 -613.117506
-9999.0 -9999.0 -9999.0 -9999.0 -9999.0 -9999.0 -9999.0 -9999.0 -9999.0 -9999.0 -9999.0 -9999.0 -9999.0 -815.195526 -815.592983 -813.431938 -822.654126 -830.318819 -834.598586 -840.430319 -830.042973 -835.499094 -836.326795 -833.577030 -824.333774 -822.662869 -820.134781 -813.512065 -813.255472 -813.764312 -814.108531 -816.419434 -807.650310 -798.498306 -790.686535 -778.006677 -766.533726 -755.987254 -742.280115 -736.015696 -726.900745 -727.102556 -732.891196 -733.710224 -727.101377 -709.774922 -695.037293 -687.434700 -666.425569 -645.660173 -635.546951 -624.240410 -618.505929 -610.853099 -595.041671 -558.839869 -520.361680
-9999.0 -9999.0 -9999.0 -9999.0 -9999.0 -9999.0 -9999.0 -9999.0 -9999.0 -9999.0 -835.395755 -829.505910 -838.225367 -853.863357 -860.153572 -855.063930 -849.613827 -854.374075 -852.504885 -834.006983 -823.258270 -836.549427 -824.614972 -822.757585 -827.170917 -823.638955 -817.362705 -813.942682 -802.069589 -798.763880 -795.385491 -778.131197 -770.799417 -763.186219 -753.988218 -743.786548 -733.216445 -709.152733 -688.799470 -683.878314 -661.352803 -647.921731 -656.454133 -659.488581 -655.561098 -640.597485 -618.783853 -592.166773 -571.602718 -543.820254 -518.585356 -501.159004 -487.832500 -471.366373 -451.425840 -402.272613 -280.493070
-9999.0 -9999.0 -9999.0 -9999.0 -9999.0 -9999.0 -9999.0 -9999.0 -860.996796 -851.016944 -844.645324 -852.228088 -862.563118 -880.970309 -872.475206 -863.918262 -857.482215 -848.803953 -843.587868 -838.494307 -839.474548 -831.508120 -819.011713 -819.072531 -815.649598 -806.928219 -803.641992 -794.594557 -782.323101 -781.044366 -771.618058 -759.157860 -747.999349 -737.937799 -727.064975 -717.715599 -694.179666 -665.810683 -638.682660 -617.768280 -592.566209 -566.246286 -569.196502 -567.237166 -565.573646 -537.206839 -500.575119 -456.596805 -403.558125 -316.658100 -158.945463 -113.946232 -96.371326 -83.678968 -70.296213 -53.529014 -16.177700
-9999.0 -9999.0 -9999.0 -9999.0 -9999.0 -9999.0 -878.001078 -854.511414 -843.178799 -867.074766 -886.154699 -892.704643 -904.119159 -877.851888 -855.032998 -849.313476 -844.368232 -838.707749 -838.151361 -847.359789 -814.461187 -818.191303 -819.600508 -807.537255 -804.509839 -800.129207 -791.051878 -775.128974 -763.853874 -737.203348 -716.060332 -697.809945 -677.771805 -664.704569 -652.294414 -638.888205 -610.884137 -576.487530 -541.079302 -507.846422 -471.377245 -427.165254 -407.737634 -395.193981 -374.561452 -314.379713 -159.448982 -101.741825 -58.418444 -15.513659 30.329267 50.717306 61.891221 68.501532 71.567330 74.631890 78.367325
-9999.0 -9999.0 -9999.0 -9999.0 -869.350060 -862.829126 -864.882973 -843.811052 -829.533110 -857.236426 -846.572689 -851.306611 -860.407653 -871.015083 -883.082477 -870.835390 -862.586042 -855.941617 -853.673973 -820.436362 -791.738350 -800.008880 -783.571254 -758.263477 -757.673361 -751.469516 -745.714625 -731.496145 -709.880883 -684.275506 -641.169651 -605.985058 -585.152271 -565.157172 -547.551728 -524.779499 -488.924288 -436.702495 -358.278912 -180.366721 -111.520625 -79.175216 -64.566124 -56.536005 -42.002510 -16.357480 24.220528 54.703319 72.357819 81.456994 88.814271 92.553463 93.761528 95.421815 96.832691 99.116774 101.204652
-9999.0 -9999.0 -9999.0 -886.652547 -861.942793 -851.416289 -858.841539 -851.803093 -833.295577 -846.530467 -847.915227 -849.244098 -849.469472 -847.602369 -846.677110 -838.712525 -835.057456 -835.899793 -827.613305 -804.733604 -788.665797 -768.070609 -750.438850 -729.667735 -713.505734 -704.983484 -695.194508 -676.866398 -640.885343 -606.018892 -556.117493 -494.451760 -442.095239 -399.817360 -358.188903 -259.156659 -150.225074 -94.559559 -45.626381 9.487258 47.527901 67.708352 73.645081 74.786039 76.785901 79.383456 85.026115 90.068023 93.538633 98.878062 104.642774 109.078394 111.160370 112.058729 115.569487 125.336038 133.529782
-9999.0 -9999.0 -885.606812 -870.633710 -877.076656 -857.670371 -836.641987 -843.564832 -820.288311 -811.014192 -826.040423 -813.186228 -805.169273 -812.460603 -802.464294 -791.866252 -785.784493 -795.106652 -798.522982 -772.875209 -728.330222 -692.290245 -671.302665 -615.146401 -587.149869 -570.179682 -563.571665 -541.443600 -508.748902 -446.534910 -336.997992 -162.564844 -99.965328 -63.986167 -44.138749 -13.216011 25.492128 49.842765 72.441316 81.726764 88.982363 94.133490 98.469007 99.617443 99.663228 102.837062 107.507277 111.976295 117.113753 130.708542 144.770317 144.827870 143.954696 143.871153 142.980756 143.239563 142.942090
-9999.0 -9999.0 -902.392448 -878.070842 -890.157775 -852.601888 -818.042385 -837.612841 -822.345815 -790.602418 -792.038532 -783.757215 -780.272508 -772.614614 -757.245991 -735.048364 -741.315415 -743.267898 -757.695143 -704.735151 -657.390007 -597.719975 -509.523679 -437.294230 -378.006599 -369.381942 -361.693601 -306.625852 -181.008481 -110.372960 -46.234508 18.684890 59.513121 74.921873 78.957612 83.861779 90.091293 94.967616 98.256940 106.414874 109.603358 113.879761 126.730270 141.449086 146.523926 146.189630 144.744008 143.860366 143.440260 142.939640 142.734559 139.108420 138.455024 138.498912 139.686396 135.009386 129.603142
-9999.0 -911.931168 -898.416558 -895.107610 -869.104302 -869.715976 -836.319314 -794.396851 -785.349921 -766.599238 -758.238151 -761.634268 -706.389585 -662.402340 -645.733692 -616.329319 -626.562220 -633.929345 -651.090703 -614.195058 -558.291377 -426.186390 -158.030775 -86.403921 -54.560733 -50.832286 -53.008107 -32.028429 7.870685 45.288906 80.222549 91.936460 103.377916 111.072537 112.754144 112.692916 120.618495 134.085088 147.381957 149.242981 148.493590 147.781863 143.238854 142.804566 143.143756 142.924491 139.837964 134.215503 127.220253 122.410100 119.102249 114.858059 117.387343 120.430910 122.106112 116.204000 112.365665
-9999.0 -949.940471 -901.164646 -872.731981 -878.110998 -886.969830 -820.016390 -735.433772 -744.019579 -738.130397 -728.051659 -685.473478 -596.310494 -523.312137 -478.508723 -424.414208 -431.676620 -453.770578 -456.419283 -403.382424 -230.266932 -114.024610 18.539565 79.017331 81.051121 84.372808 86.506513 93.567935 102.787062 110.100719 118.036431 135.731499 137.527518 136.783576 136.620352 136.461638 136.630204 136.601838 133.435551 130.057883 125.642861 125.615880 128.834633 128.617860 126.316352 123.905663 119.169768 112.832668 111.144879 110.426461 110.238858 109.698600 109.657692 110.544438 109.878903 109.109616 107.947311
-9999.0 -913.404598 -861.125481 -871.678263 -907.895278 -842.063475 -805.353235 -736.645063 -686.303157 -679.291173 -635.511059 -534.423756 -390.822019 -158.390612 -93.504589 -75.381407 -70.752735 -82.757828 -72.736391 -34.056047 30.448178 80.593069 97.949699 120.272097 124.934483 124.983058 123.922093 124.754917 125.337089 125.147264 124.720164 122.748943 126.655545 128.349341 127.130069 124.483980 120.292452 113.380465 110.587525 110.258336 109.694842 110.049107 111.260821 111.564147 111.071246 110.456967 109.883901 109.139506 108.621956 107.816422 107.871973 107.577792 107.687377 106.979048 106.358446 106.096418 104.635190
-9999.0 -982.493394 -900.961900 -963.819009 -872.296702 -798.995922 -789.300402 -690.867496 -598.094908 -573.038564 -456.348805 -176.747038 -44.368504 38.088915 69.534716 80.395345 85.522705 90.590276 97.984275 100.744717 119.852599 134.298951 133.825329 132.058335 123.555344 123.730040 117.725439 108.192877 106.073474 104.502088 105.342710 107.687010 109.329454 111.367519 110.459640 110.694722 110.614564 109.882434 109.821925 108.309798 106.945749 106.022327 106.016865 108.477369 107.062457 106.797814 106.277523 105.525859 104.682326 103.965404 103.094913 102.088901 102.076039 100.844738 101.463260 100.933587 94.981051
-9999.0 -1037.406950 -974.349757 -930.757350 -853.676149 -799.882043 -746.519482 -648.764144 -500.577199 -402.521978 -167.812550 -39.941053 53.182541 84.966221 100.983640 106.245637 113.318881 114.134287 114.400383 110.545402 100.547639 98.214274 101.595525 106.841083 107.978035 108.771379 106.253980 104.199310 103.893144 105.042110 105.365553 105.715802 105.786100 105.340076 104.323141 104.574343 106.181102 105.078810 103.899272 102.980157 102.223672 100.743429 99.625634 99.012975 98.846500 99.738467 98.755365 97.356889 96.141252 95.607197 94.729900 93.927542 93.915541 92.522120 90.000242 85.947789 77.112525
-9999.0 -1174.615997 -955.151186 -932.982463 -884.868672 -864.900847 -838.042298 -744.282612 -633.024300 -414.543657 -98.391902 4.563360 57.835395 74.289089 90.089199 106.177200 107.378275 97.711966 91.529063 87.931990 89.026449 91.190033 93.504717 97.473734 100.348086 102.037821 102.265201 100.769582 98.016398 97.299598 97.590714 96.214343 95.085410 95.450417 94.705901 95.966250 97.107191 94.658233 91.145251 86.000974 81.405539 78.227382 77.320880 77.697510 77.819727 77.408116 76.153429 74.423200 72.126574 70.157754 68.828011 67.692418 62.366291 50.650251 30.549197 -2.231852 -45.570684
-9999.0 -9999.0 -1048.895926 -932.998319 -919.039793 -899.461067 -876.781298 -799.480220 -719.532749 -557.082458 -426.716730 -175.807104 -95.054983 -54.340332 -1.620931 58.686943 70.240055 76.178558 69.164414 70.182369 71.144315 71.589605 73.387662 75.738577 78.651908 80.861660 82.600218 82.386146 80.297275 76.576073 72.313969 69.520475 67.889125 64.380608 68.465958 71.500778 70.452543 67.616139 51.348748 19.602706 -8.308061 -28.662348 -35.153435 -35.412528 -35.500357 -37.913273 -41.891398 -52.395635 -62.350412 -72.027868 -75.604853 -80.404750 -88.236257 -106.449429 -141.762628 -245.162682 -357.847696
-9999.0 -9999.0 -1202.051393 -991.273145 -917.305644 -869.525378 -872.887063 -858.015817 -762.234671 -710.955549 -651.538724 -580.422781 -511.806902 -446.387220 -362.758155 -166.417235 -117.448402 -101.905618 -96.576275 -90.149711 -76.870723 -64.352777 -55.382604 -45.050862 -31.852641 -18.079761 -8.987035 -21.990005 -35.140563 -51.458374 -68.913606 -86.365511 -94.930296 -100.275203 -96.682207 -91.225949 -97.007032 -111.127524 -144.300409 -239.989386 -320.848175 -363.541778 -375.002956 -378.100915 -378.407475 -384.158950 -392.519998 -413.548996 -436.864526 -452.629526 -464.515715 -474.907690 -480.727903 -493.075231 -507.204986 -515.643365 -536.966373
