tests/Borden05m/data_simulated/sim_1/output-maps/psiliqL0008N0016.asc
ncols         160
nrows         34
xllcorner     620200.000000
yllcorner     5168000.000000
cellsize      0.500000
NODATA_value  -9999.0
[rows 0 to 24 of 34, columns 57 to 113 of 160]
-9999.0 -9999.0 -9999.0 -9999.0 -9999.0 -9999.0 -9999.0 -9999.0 -9999.0 -9999.0 -9999.0 -9999.0 -9999.0 -9999.0 -9999.0 -9999.0 -9999.0 -9999.0 -9999.0 -9999.0 -9999.0 -9999.0 -9999.0 -9999.0 -9999.0 -9999.0 -9999.0 -9999.0 -9999.0 -9999.0 -9999.0 -9999.0 -9999.0 -9999.0 -9999.0 -9999.0 -9999.0 -9999.0 -9999.0 -9999.0 -9999.0 -9999.0 -9999.0 -9999.0 -9999.0 -9999.0 -9999.0 -9999.0 -9999.0 -9999.0 -9999.0 -9999.0 -9999.0 -9999.0 -9999.0 -9999.0 -9999.0
-9999.0 -9999.0 -188.712335 -194.347478 -199.867111 -205.060115 -214.340835 -223.748573 -232.565260 -236.630487 -237.587070 -238.482546 -238.883835 -233.535249 -225.548418 -217.872418 -210.574326 -208.165522 -205.695590 -203.322954 -202.770469 -204.085606 -207.380486 -210.720878 -214.187213 -215.687429 -224.155599 -235.760182 -244.852725 -247.661834 -243.106549 -238.520925 -235.934564 -229.699133 -218.629508 -207.507395 -198.731372 -186.811758 -181.214522 -175.964900 -172.672122 -176.713251 -180.281331 -183.973590 -188.673499 -199.751490 -9999.0 -9999.0 -9999.0 -9999.0 -9999.0 -9999.0 -9999.0 -9999.0 -9999.0 -9999.0 -9999.0
-206.593064 -203.283299 -214.164300 -219.061649 -222.506589 -224.845548 -230.157117 -239.120332 -244.659456 -250.224585 -251.926668 -251.971842 -251.932984 -247.699672 -237.784467 -229.743962 -224.904171 -222.447580 -219.938601 -219.755268 -220.217570 -220.615464 -223.551735 -227.021089 -230.476009 -232.305601 -232.344485 -240.034143 -245.393160 -248.660290 -249.808656 -247.335724 -245.007495 -241.993836 -232.198078 -223.713290 -215.209088 -200.912222 -188.471850 -183.164825 -185.519808 -190.588122 -194.322585 -200.728486 -210.546770 -221.093710 -231.703209 -239.018878 -244.456893 -249.660535 -243.517144 -237.088416 -226.679795 -216.324648 -204.132746 -191.850605 -9999.0
-222.704944 -219.862262 -230.883587 -239.507783 -243.971385 -244.051680 -242.033783 -245.886138 -250.662756 -254.727632 -246.929002 -245.663197 -244.466493 -241.236617 -237.777137 -235.553592 -232.741292 -227.355670 -218.292616 -215.595292 -215.046318 -214.904119 -216.733819 -219.876596 -221.695642 -224.507477 -229.734984 -230.594550 -230.078162 -229.926659 -224.575427 -223.065658 -221.804386 -228.957527 -225.627448 -219.238872 -212.187622 -204.948083 -197.717137 -192.874120 -195.982666 -197.365137 -205.825081 -219.823229 -231.539390 -240.460881 -243.187962 -246.408031 -254.128032 -266.293280 -259.421384 -243.824783 -239.086887 -235.270071 -223.175324 -210.745469 -200.437578
-237.797622 -234.803107 -240.016883 -239.259403 -237.970717 -236.588750 -238.292049 -241.311009 -242.531383 -229.282570 -219.474291 -217.608201 -214.587996 -211.189868 -212.596392 -225.191006 -227.914879 -219.176773 -208.422676 -202.269941 -201.987659 -201.913954 -203.317392 -204.353179 -204.931984 -207.398767 -206.158087 -203.315568 -202.274126 -196.851715 -191.011144 -188.270022 -197.219489 -206.775032 -206.480422 -198.839351 -190.828415 -183.247644 -171.924535 -159.939110 -161.368397 -167.533303 -176.995768 -191.366586 -215.513779 -235.974962 -246.758271 -253.454732 -260.494158 -261.491531 -263.702323 -253.223595 -251.435396 -249.723884 -241.014676 -230.597727 -220.415318
-222.979065 -214.438930 -220.636843 -226.606587 -230.339363 -229.830248 -229.438006 -225.558938 -211.606500 -196.873226 -180.789874 -177.569666 -174.636753 -174.782911 -184.847378 -195.549257 -200.079845 -184.558596 -168.209098 -159.365762 -157.918883 -156.790856 -148.080951 -150.173648 -153.099122 -158.810692 -156.056064 -152.511012 -140.144032 -132.044961 -125.010567 -127.000318 -139.269934 -150.819588 -153.264331 -151.727692 -149.933627 -143.945391 -132.955309 -122.273571 -127.467719 -136.044826 -148.079162 -178.995585 -208.741073 -226.959983 -226.784398 -226.721391 -231.657826 -235.152068 -239.239568 -247.250575 -247.879904 -248.591739 -249.183683 -237.172005 -224.944676
-173.111132 -156.027131 -161.876494 -170.747676 -182.179465 -181.731847 -177.691714 -168.505483 -153.782541 -133.193836 -106.690751 -101.255507 -96.111259 -91.363339 -102.452511 -115.334191 -127.729212 -111.454472 -100.685415 -90.195545 -85.388574 -72.139389 -60.653932 -65.745804 -75.090481 -84.889635 -77.594656 -61.942621 -45.061171 -37.572253 -33.631047 -33.269146 -43.979911 -50.385390 -54.268070 -54.867454 -59.562558 -56.698945 -44.544755 -28.012747 -28.525288 -42.179574 -68.972728 -109.150795 -148.109840 -173.273866 -170.655166 -178.172127 -185.213465 -190.601632 -205.945563 -218.499553 -219.538831 -229.708890 -236.468349 -225.275600 -219.377041
-118.583524 -98.392947 -101.255119 -112.764234 -125.331057 -124.752019 -115.323740 -104.308883 -82.615763 -54.160681 -24.358096 -8.594584 0.972335 11.703902 4.775098 -5.511120 -15.513353 -8.614156 6.059588 20.949020 35.117499 50.499738 64.301403 57.475261 46.756411 43.658270 49.210700 68.902384 86.337390 93.013450 96.053317 100.601878 93.659292 84.913338 74.982504 65.546794 56.828319 51.358706 68.014461 83.762599 80.554021 52.667212 22.713728 -18.262251 -61.637203 -101.241117 -109.689170 -113.198078 -117.052691 -135.227864 -153.485019 -174.856758 -187.886442 -198.393113 -214.708729 -210.794628 -205.380255
-3.224997 21.031114 27.545370 12.827944 8.001322 14.274327 27.941552 36.450354 53.814898 86.047031 124.925078 153.072113 176.773725 181.935450 173.173978 163.669490 149.522084 144.403374 159.230599 172.337557 184.708400 196.699223 208.793172 215.794802 214.532373 214.481795 217.467816 222.554017 229.793680 236.687246 242.973088 249.465575 249.433100 240.088697 231.482957 221.115820 211.906073 208.570613 207.857086 215.132682 213.210405 190.701108 161.969806 127.915625 86.622330 48.713425 22.004901 19.803466 1.761170 -21.130860 -48.706576 -91.213741 -114.809439 -135.043829 -168.017651 -174.404009 -164.329200
130.655047 149.620624 166.301370 165.818251 169.074849 173.356716 180.626737 186.823143 195.830396 228.743670 264.562030 296.180092 321.597477 331.279453 322.276341 312.818032 301.613261 292.230072 293.908096 307.070707 322.944870 338.254621 348.689597 352.373594 351.024434 351.262639 352.781796 355.901115 358.437730 363.393630 370.124385 380.247078 391.983229 387.924756 371.435994 357.907802 342.110401 334.750739 331.617766 327.335072 326.467282 322.334101 295.473778 267.997934 235.458886 202.301708 177.554582 157.069372 134.608522 109.149264 59.760082 11.906602 -29.539865 -64.153919 -98.179342 -106.423986 -81.684138
257.980004 284.333213 300.321949 305.714024 308.842129 312.985600 320.380222 326.964385 335.769851 356.148861 391.405424 428.050893 458.691115 465.212332 457.764009 448.273326 437.127347 428.340049 426.153717 432.164977 441.209150 454.880932 465.943976 476.378450 476.468827 476.806531 476.616691 478.493422 480.149377 481.287681 486.972098 497.128847 506.671251 508.283950 497.229029 480.437629 461.605439 450.283816 441.328458 434.408571 433.197356 433.139002 429.147421 406.810928 372.954944 330.100696 300.231625 276.624273 261.678057 244.733745 223.688266 178.331338 150.569379 114.821277 74.645311 43.591518 74.130777
369.924002 399.430863 419.412507 429.728221 432.590385 437.943815 447.271671 455.627253 467.489971 483.756212 504.306675 531.939958 560.773696 579.633427 576.584873 567.275294 550.738604 547.679353 549.362526 551.347640 556.583306 562.159969 575.188777 588.840176 593.675287 594.204862 591.842397 593.694751 594.574186 594.604295 594.820104 597.860284 603.528750 605.519102 601.763379 587.580083 567.426861 547.809242 535.972087 529.970709 526.325428 525.801919 523.715251 512.910370 486.431721 450.080525 414.859283 389.575216 371.162756 356.693465 345.490265 331.576696 314.842952 286.533806 245.604580 208.637002 197.819805
471.035243 495.715688 520.643452 538.314867 545.240035 555.470802 563.605153 575.296398 590.844358 607.462407 619.403845 634.425109 654.642062 665.963704 671.553081 672.915558 672.360160 674.361838 675.012552 664.575653 666.003512 667.246916 669.835946 674.354761 675.389073 675.284231 674.786203 675.499180 675.733183 676.093065 675.832711 674.810898 675.627292 675.804148 675.114448 670.661458 666.259562 649.046076 636.763870 629.153600 621.637085 613.116268 603.712699 593.965091 578.155219 549.636572 515.313399 484.563606 469.121252 460.392940 453.334636 447.215811 432.188764 410.879061 382.543209 346.416286 310.026904
572.694651 589.964143 615.209409 632.403599 642.422776 652.674289 658.984012 670.626465 682.189723 681.661145 683.319658 685.150638 687.170934 688.006532 688.396879 688.362903 686.073587 685.597701 683.840506 678.020818 668.574964 669.524393 670.405858 672.410144 675.302924 673.242042 674.132495 676.802372 675.958818 671.125178 667.989381 666.473339 666.659216 673.425054 676.189020 676.626670 676.171877 674.981748 674.301035 673.556563 672.920424 672.149427 671.137787 669.451331 659.825685 637.683630 607.439156 574.353632 554.258292 545.267258 544.480793 539.947545 532.120017 511.303829 483.702073 448.879765 411.874154
673.527998 678.397361 683.059657 685.602333 686.928842 689.566177 692.218153 692.526724 689.149010 685.385245 680.290005 678.570998 676.517535 674.050563 675.240907 673.440689 669.418165 665.513362 658.468617 646.087543 633.628560 630.754161 634.820828 638.902650 641.894192 642.787955 646.464049 647.242184 644.481231 637.825428 631.469245 629.581662 635.724467 641.031220 645.560158 646.074314 644.687313 642.971557 643.553301 642.009613 643.501157 650.896108 664.942784 672.791991 674.022680 673.596854 670.289554 663.971530 647.087839 627.098545 628.765834 623.436134 610.357833 585.991474 560.745097 531.264650 501.955097
682.507662 680.117031 674.379125 668.846861 668.156125 671.792077 678.000956 679.373794 671.964047 663.500978 655.043266 646.789368 642.062411 639.990624 640.837682 641.161410 635.604918 627.492507 610.680501 595.036006 581.430887 574.107923 572.186498 577.023750 585.208784 592.469994 596.827141 591.182354 585.184074 575.921923 568.438331 568.753077 571.494182 579.981845 592.223463 595.399579 596.143998 592.076876 589.111268 584.671424 584.820134 594.519355 613.293299 629.550620 643.074838 651.657483 659.960477 666.416540 671.970966 672.176302 672.297897 671.699972 667.853318 652.425482 632.179128 609.104164 582.502404
659.803164 653.629851 646.194664 639.941126 637.858441 639.662233 641.276896 638.671703 630.398760 619.887611 605.485173 593.060688 585.238618 584.931495 587.151676 587.585779 581.144577 566.452166 547.920106 532.189595 516.756186 511.727832 506.697524 503.437813 513.409929 528.447700 533.846951 521.796628 513.064048 500.123108 493.000065 490.534535 492.304367 501.512745 519.579169 536.420756 537.436701 528.953863 520.977575 517.423271 516.820925 526.231479 547.398193 568.415947 584.001083 595.528937 605.175334 615.270203 625.455233 637.165128 650.232015 661.735118 672.059344 673.903631 672.950710 669.811515 653.767501
625.113645 614.576036 605.853895 598.786163 593.862418 590.824747 587.641731 581.537659 573.706700 561.250166 547.290984 534.102453 519.863064 515.955136 513.470646 514.969453 503.653912 492.020885 472.088570 455.738063 439.566058 429.880806 423.751962 417.992497 423.886466 439.342735 448.227804 433.923778 424.037966 411.183275 404.957718 401.912589 403.422631 413.056117 435.292022 453.522978 459.872276 452.312436 446.640450 444.544630 444.903318 451.799523 468.910449 490.307012 511.525541 527.993094 539.560702 549.274636 560.754593 576.220327 592.105306 609.404143 627.684398 647.212192 662.081790 671.292818 676.219191
579.121861 567.808450 556.256627 545.087651 538.544976 538.603910 531.352763 524.602434 511.903081 469.372900 452.165838 434.316392 419.200006 413.587181 406.343668 400.902435 391.298786 383.692482 373.514630 357.515322 340.322826 324.888394 319.534120 314.989434 308.726385 316.178652 319.961671 319.996924 312.858500 306.199436 303.112084 300.738845 304.296887 317.421117 329.838350 341.026706 346.918946 343.824518 349.941607 356.237913 358.931616 374.843717 389.608870 408.208751 430.224525 453.564547 467.046429 477.576537 489.571730 506.258083 524.681778 544.396869 568.603514 594.638741 613.733103 626.377167 639.004749
527.269170 512.738365 499.712188 486.963891 474.585940 474.635393 470.448275 462.812508 427.133659 385.561638 354.510109 336.442464 315.300130 304.611863 294.784968 271.997356 258.353240 250.503710 252.313626 240.877854 223.348845 208.356807 200.174373 193.806579 182.051740 176.071728 180.260429 190.549090 185.004403 182.291699 185.441585 183.499691 181.114361 188.768689 203.422802 212.311632 221.920749 231.931314 237.232624 245.432242 270.184088 285.034841 300.665341 321.361586 343.700626 366.755782 386.555508 399.984675 414.842052 434.266989 452.052661 474.200110 499.223922 528.983614 550.263470 566.277257 579.659749
455.772322 439.831194 423.498758 405.246852 384.794225 382.039437 374.584031 359.007341 316.364763 276.209067 245.096673 222.620543 197.686829 179.524857 154.168501 121.885019 100.632999 102.362544 108.338697 105.069524 88.377720 72.521336 59.798174 45.000785 27.898933 16.692413 25.095742 34.675068 40.244505 42.991667 46.924661 48.530031 47.546403 45.568658 55.561472 66.443347 78.870595 90.930126 104.498595 135.231273 162.889518 182.449208 204.986980 227.110232 251.590729 276.809202 298.661048 315.071296 334.059628 353.923929 375.256740 397.186526 423.344376 453.644827 478.461997 494.901667 510.357494
377.572021 356.232611 332.381610 297.097470 282.115171 272.834140 262.040326 228.993936 186.420640 147.079054 117.710691 88.982215 59.933479 29.082983 -5.890601 -37.595000 -59.629229 -54.025352 -47.511057 -38.910654 -53.190386 -67.327177 -75.884842 -91.910115 -107.231644 -121.688068 -113.380612 -103.509784 -87.751805 -83.988985 -80.622370 -74.354039 -75.617228 -77.337403 -83.056910 -72.861501 -61.365912 -46.365163 -17.058498 12.679683 42.311557 68.595518 94.542368 122.532987 151.840159 180.534772 208.625184 230.106328 250.901462 273.645111 295.007091 315.135885 338.119827 365.547661 389.568678 409.536799 430.826443
281.995789 258.396723 224.295744 180.545868 147.189649 132.230034 95.951729 58.155564 12.826213 -14.560403 -39.112628 -66.778962 -92.266428 -116.665056 -145.959369 -171.271932 -195.663365 -192.130558 -180.149373 -166.783274 -174.927453 -180.282487 -184.321294 -196.581271 -210.718032 -224.494082 -220.740658 -205.852760 -189.071544 -182.359993 -176.041645 -168.555490 -168.459927 -174.649372 -182.665249 -176.550043 -162.514926 -145.713291 -122.373052 -97.376197 -72.344534 -48.439597 -21.420740 7.877844 38.640227 71.885210 105.732898 131.711488 160.761114 189.564566 212.599112 227.792757 245.276741 271.943345 292.283264 315.090128 338.294160
176.344269 147.834073 103.414265 53.934344 4.011341 -37.266309 -74.239709 -109.653059 -133.472232 -155.705422 -176.658253 -197.208297 -219.319634 -240.290851 -260.845934 -283.364161 -303.448226 -298.393612 -284.991520 -272.493134 -270.839925 -274.089326 -277.378664 -285.544818 -299.244898 -311.084554 -303.016949 -287.475171 -272.136904 -262.361203 -255.715515 -249.387522 -252.115314 -260.229714 -267.150043 -259.223439 -243.703673 -228.251700 -209.734433 -187.313539 -164.538863 -141.414365 -116.724052 -91.186383 -62.369916 -31.616888 0.545353 32.785254 64.051005 94.112531 111.915890 128.828128 143.003253 164.877952 187.345397 211.283158 237.127132
37.955563 4.406094 -35.968999 -81.765621 -118.236500 -153.229901 -186.217391 -218.318772 -244.403170 -263.400243 -274.579725 -290.123121 -310.090701 -324.283712 -341.586768 -361.321533 -363.230227 -359.451849 -346.899444 -344.378287 -343.707281 -346.770378 -347.972120 -352.973399 -365.050312 -359.602383 -351.688629 -336.541553 -325.441352 -316.098033 -309.747829 -305.511657 -306.149612 -313.424415 -310.852332 -303.487796 -288.676674 -276.584747 -260.870447 -239.514965 -221.437962 -201.120732 -178.134149 -154.071384 -128.256907 -100.388341 -69.803685 -40.912682 -15.751836 -0.369903 15.750361 27.481920 27.798239 48.550075 70.524923 93.142070 123.017413
