tests/Borden05m/data_simulated/sim_1/output-maps/psiliqL0014N0019.asc
ncols         160
nrows         34
xllcorner     620200.000000
yllcorner     5168000.000000
cellsize      0.500000
NODATA_value  -9999.0
[rows 0 to 24 of 34, columns 0 to 55 of 160]
-9999.0 -9999.0 -9999.0 -9999.0 -9999.0 -9999.0 -9999.0 -9999.0 -9999.0 -9999.0 -9999.0 -9999.0 -9999.0 -9999.0 -9999.0 -9999.0 -9999.0 -9999.0 -9999.0 -9999.0 -9999.0 -9999.0 -9999.0 -9999.0 -9999.0 -9999.0 -9999.0 -9999.0 -9999.0 -9999.0 -9999.0 -9999.0 -9999.0 -9999.0 -9999.0 -9999.0 -9999.0 -9999.0 -9999.0 -9999.0 -9999.0 -9999.0 -9999.0 -9999.0 -9999.0 -9999.0 -9999.0 -9999.0 -9999.0 -9999.0 -9999.0 -9999.0 -9999.0 -9999.0 -9999.0 -9999.0
-9999.0 -9999.0 -9999.0 -9999.0 -9999.0 -9999.0 -9999.0 -9999.0 -9999.0 -9999.0 -9999.0 -9999.0 -9999.0 -9999.0 -9999.0 -9999.0 -9999.0 -9999.0 -9999.0 -9999.0 -9999.0 -9999.0 -9999.0 -9999.0 -9999.0 -9999.0 -9999.0 -9999.0 -9999.0 -9999.0 -9999.0 -9999.0 -9999.0 -9999.0 -9999.0 -9999.0 -9999.0 -9999.0 -9999.0 -9999.0 -9999.0 -9999.0 -9999.0 -9999.0 -9999.0 -9999.0 -9999.0 -9999.0 -9999.0 -9999.0 -9999.0 -9999.0 -9999.0 -9999.0 -9999.0 -9999.0
-9999.0 -9999.0 -9999.0 -9999.0 -9999.0 -9999.0 -9999.0 -9999.0 -9999.0 -9999.0 -9999.0 -9999.0 -9999.0 -9999.0 -9999.0 -9999.0 -9999.0 -9999.0 -9999.0 -9999.0 -9999.0 -9999.0 -9999.0 -9999.0 -9999.0 -9999.0 -9999.0 -9999.0 -9999.0 -9999.0 -9999.0 -9999.0 -9999.0 -9999.0 -9999.0 -9999.0 -9999.0 -9999.0 -9999.0 -9999.0 -9999.0 -9999.0 -9999.0 -9999.0 -9999.0 -9999.0 -9999.0 897.259925 880.070172 864.718407 862.414940 884.999080 908.563029 932.574458 953.380251 972.197564
-9999.0 -9999.0 -9999.0 -9999.0 -9999.0 -9999.0 -9999.0 -9999.0 -9999.0 -9999.0 -9999.0 -9999.0 -9999.0 -9999.0 -9999.0 -9999.0 -9999.0 -9999.0 -9999.0 -9999.0 -9999.0 -9999.0 -9999.0 -9999.0 -9999.0 -9999.0 -9999.0 -9999.0 -9999.0 -9999.0 -9999.0 -9999.0 -9999.0 -9999.0 -9999.0 -9999.0 -9999.0 -9999.0 -9999.0 -9999.0 944.549731 950.550711 951.788400 941.532626 930.508100 918.377364 898.498517 880.891181 866.337155 864.070668 866.951561 872.080343 894.735744 919.698221 939.652478 956.860363
-9999.0 -9999.0 -9999.0 -9999.0 -9999.0 -9999.0 -9999.0 -9999.0 -9999.0 -9999.0 -9999.0 -9999.0 -9999.0 -9999.0 -9999.0 -9999.0 -9999.0 -9999.0 -9999.0 -9999.0 -9999.0 -9999.0 -9999.0 -9999.0 -9999.0 -9999.0 -9999.0 -9999.0 -9999.0 -9999.0 -9999.0 -9999.0 -9999.0 -9999.0 851.522571 869.054766 887.321102 905.948755 922.902282 929.867518 935.802859 941.658109 937.701003 933.291422 922.161096 903.142548 883.882053 870.362591 868.564569 866.375100 870.899227 883.940325 900.999310 917.404609 938.626102 962.552634
-9999.0 -9999.0 -9999.0 -9999.0 -9999.0 -9999.0 -9999.0 -9999.0 -9999.0 -9999.0 -9999.0 -9999.0 -9999.0 -9999.0 -9999.0 -9999.0 -9999.0 -9999.0 -9999.0 -9999.0 -9999.0 -9999.0 -9999.0 -9999.0 -9999.0 -9999.0 -9999.0 -9999.0 854.663868 848.940902 844.183322 842.998652 842.007047 841.205885 848.273669 860.502286 878.715141 900.682532 913.931100 921.408608 928.301305 929.256710 924.431119 922.725288 923.347965 911.755700 900.334365 889.670998 879.398423 878.063565 887.898473 902.348584 918.905557 934.115422 949.923329 960.741870
-9999.0 -9999.0 -9999.0 -9999.0 -9999.0 -9999.0 -9999.0 -9999.0 -9999.0 -9999.0 -9999.0 -9999.0 -9999.0 -9999.0 -9999.0 -9999.0 -9999.0 -9999.0 -9999.0 -9999.0 -9999.0 -9999.0 -9999.0 823.895967 829.781108 836.531500 844.269447 845.477235 841.737521 836.444037 833.763278 832.624310 831.241995 836.071201 844.411533 858.265254 874.374285 896.588803 905.491204 911.802402 924.290993 927.383853 933.510503 937.878442 936.465576 933.843713 921.518730 912.416294 917.613957 923.697616 930.821922 939.165408 952.937276 968.622989 986.288856 1006.813096
-9999.0 -9999.0 -9999.0 -9999.0 -9999.0 -9999.0 -9999.0 -9999.0 -9999.0 -9999.0 -9999.0 -9999.0 -9999.0 -9999.0 -9999.0 -9999.0 -9999.0 -9999.0 -9999.0 798.295003 799.341537 800.724475 805.636518 806.660595 809.019900 816.262143 824.702171 827.405255 826.008938 824.965556 826.879243 829.994132 834.776867 846.452740 860.657470 875.240204 889.486381 910.782176 925.943086 939.888888 956.244890 955.972429 952.318154 950.836634 951.658134 952.171194 956.465055 959.428039 966.024007 970.979711 977.622962 987.343676 999.273354 1017.911765 1038.154341 1058.335225
-9999.0 -9999.0 -9999.0 -9999.0 -9999.0 -9999.0 -9999.0 -9999.0 -9999.0 -9999.0 -9999.0 -9999.0 -9999.0 -9999.0 -9999.0 -9999.0 769.248758 771.208598 773.583711 779.162555 782.249746 786.464197 793.651927 795.162619 799.216036 806.667241 811.893410 821.077140 829.534172 837.283445 843.717066 846.888150 854.827218 864.958711 877.336492 893.081107 915.060256 938.668652 955.439372 972.771763 990.338488 991.408221 990.737890 992.255320 993.095649 999.769733 1017.580708 1023.740363 1025.318644 1042.108194 1056.494422 1062.013257 1070.133368 1089.644968 1113.747580 1137.363777
-9999.0 -9999.0 -9999.0 -9999.0 -9999.0 -9999.0 -9999.0 -9999.0 -9999.0 -9999.0 -9999.0 -9999.0 -9999.0 722.728584 726.968653 736.658020 746.047905 748.741210 753.221369 759.493654 771.933613 775.825174 782.339277 790.219675 802.415377 811.395527 820.965260 833.244351 842.145511 849.909508 857.507930 863.733411 877.581303 893.411595 909.764274 930.591018 953.205081 974.383144 995.497542 1011.932969 1026.245079 1028.768496 1028.233970 1030.998891 1039.070167 1056.638404 1075.919695 1085.536114 1104.295109 1127.828461 1141.788464 1153.942414 1163.048069 1176.823656 1198.328597 1232.809739
-9999.0 -9999.0 -9999.0 -9999.0 -9999.0 -9999.0 -9999.0 -9999.0 -9999.0 -9999.0 689.438360 691.852533 688.559388 688.494967 693.709246 705.959236 719.817358 726.604303 738.387978 759.529599 777.543498 781.363952 796.234762 806.783038 813.929379 824.901118 838.540025 851.918825 869.386550 882.600635 895.015071 915.384534 932.686054 950.064563 968.675757 989.756457 1010.447678 1039.791322 1067.630668 1081.349551 1104.405541 1116.146336 1113.894622 1114.521285 1123.905253 1140.504553 1162.416312 1186.548179 1208.910464 1234.840941 1252.869157 1267.707064 1278.866490 1291.589786 1307.622080 1342.807289
-9999.0 -9999.0 -9999.0 -9999.0 -9999.0 -9999.0 -9999.0 -9999.0 664.823876 672.195016 678.437222 675.575558 671.214118 667.492245 681.318815 697.322292 713.565401 731.359564 747.621943 766.084934 781.733475 798.370267 818.554133 830.709998 842.875313 858.734525 873.041892 890.951061 913.078682 926.903875 944.826132 967.310273 987.053841 1006.157226 1025.948646 1045.198725 1072.758819 1107.254297 1140.085662 1163.706267 1192.271647 1215.932517 1215.853266 1218.873827 1223.737585 1249.762771 1279.459848 1310.358818 1336.072087 1363.729129 1393.397650 1411.589611 1422.492593 1435.256634 1450.574791 1469.283440
-9999.0 -9999.0 -9999.0 -9999.0 -9999.0 -9999.0 637.769904 662.069576 677.162944 669.391112 659.752395 656.263862 652.404832 675.619748 697.682932 715.103010 732.248404 750.157434 767.042144 780.576355 814.828584 832.988775 847.917808 866.644671 881.778527 896.992220 915.179152 939.418076 962.344880 993.378642 1020.767793 1046.241143 1073.766966 1094.721539 1114.691797 1134.102259 1166.306534 1204.345895 1241.564901 1270.972111 1298.588029 1329.431893 1337.021282 1343.024917 1350.394621 1371.261901 1402.690884 1432.940670 1466.641871 1498.714580 1525.419687 1537.464759 1547.977832 1559.367886 1572.837829 1585.182476
-9999.0 -9999.0 -9999.0 -9999.0 604.293302 625.276817 645.452051 676.256331 698.947788 694.076804 700.967128 701.313058 699.707091 703.612433 710.731837 729.047821 747.861823 766.994206 785.307292 820.904966 865.288315 881.506922 906.630235 939.216416 953.604248 969.579430 986.587317 1010.568475 1038.578767 1073.350486 1118.493177 1157.091196 1184.110023 1208.098899 1230.192806 1252.960942 1287.326313 1325.207734 1362.220007 1396.526423 1426.474254 1452.206868 1465.017356 1473.036482 1484.891161 1501.101346 1522.187732 1549.165290 1580.011016 1611.819055 1636.844016 1650.605511 1658.576410 1669.173974 1679.599147 1691.626861
-9999.0 -9999.0 -9999.0 555.102392 593.826845 631.650735 658.846414 689.914597 722.156126 727.173110 736.286724 741.572972 746.784015 755.580787 764.496172 781.760879 798.029936 814.007955 836.419136 873.649046 909.335885 940.104690 972.740607 1000.335637 1021.761451 1038.244545 1057.333278 1082.157196 1122.788641 1161.416938 1212.606731 1266.578025 1304.153334 1329.215623 1351.803546 1379.250402 1404.318640 1440.367419 1475.140452 1508.065007 1539.538136 1564.147081 1582.932634 1590.700540 1600.213645 1608.811356 1624.930255 1646.111838 1667.673070 1696.194696 1724.357517 1748.761646 1762.642191 1772.535152 1788.335190 1804.181720
-9999.0 -9999.0 507.988794 545.762374 580.070462 630.564675 683.618767 718.099308 759.170473 783.363934 790.429683 807.872292 824.204735 831.738144 847.558525 864.882696 882.323764 889.105138 906.012628 937.503453 988.108665 1034.368802 1056.877353 1108.261571 1141.512059 1168.796186 1186.447676 1213.379028 1249.086849 1291.435410 1340.552385 1390.894004 1429.949737 1461.578793 1478.466806 1497.993202 1520.652910 1544.433329 1577.967243 1606.634974 1637.657082 1663.496978 1685.186867 1692.292364 1697.371743 1712.883256 1736.658114 1761.821549 1785.670426 1808.777696 1813.229125 1824.595911 1830.137611 1833.563497 1838.263710 1841.596407
-9999.0 -9999.0 481.463847 526.340373 567.016987 634.017850 713.491929 750.966774 794.186948 840.164606 859.169991 883.783126 896.661953 907.265666 930.724479 953.290538 964.973882 971.713497 971.950890 1027.773787 1086.454838 1138.222069 1186.799481 1252.165458 1296.173479 1311.821377 1323.787035 1344.340101 1369.416695 1413.116858 1461.412284 1514.532791 1558.673801 1590.079602 1606.710920 1625.065819 1645.261982 1662.934094 1681.780710 1720.316554 1747.086190 1772.461135 1798.939543 1819.009207 1827.272569 1830.638668 1820.784800 1829.942696 1836.331974 1839.492375 1840.968033 1838.191641 1837.995067 1839.027864 1840.235446 1835.367166
-9999.0 392.818477 444.991756 498.398896 567.648644 635.391827 719.191701 799.551196 856.127862 903.238090 932.676734 945.992058 984.279611 1027.064842 1052.764868 1079.428020 1082.131907 1087.011513 1078.061907 1126.246818 1176.607864 1251.455658 1359.323892 1413.887318 1455.830896 1457.219138 1452.210919 1464.903263 1489.321386 1533.311091 1600.550358 1648.571449 1701.862548 1742.171198 1757.877298 1765.254627 1782.959055 1802.759800 1792.147202 1813.760383 1824.072039 1832.801584 1835.607452 1837.804369 1839.271722 1839.822779 1836.952053 1830.845208 1823.274844 1817.886784 1814.012676 1809.619543 1812.073969 1815.278569 1815.923172 1808.892108
-9999.0 357.512386 417.136141 488.887753 560.268997 629.541427 734.379599 876.175996 929.604403 967.184019 991.211912 1016.149306 1093.941874 1158.931423 1192.465537 1235.640151 1230.641867 1220.800005 1209.427267 1242.915885 1292.824066 1365.729983 1503.318526 1584.406138 1609.255490 1619.184014 1625.861639 1652.009910 1688.712178 1725.686972 1760.105025 1764.190890 1791.755155 1806.597571 1812.391996 1815.694613 1820.586275 1822.119028 1821.350392 1818.872240 1815.315268 1816.480582 1821.263736 1821.683903 1819.315507 1816.456850 1810.929401 1803.212931 1797.342441 1792.327351 1789.212937 1785.889946 1784.002317 1783.714014 1779.062551 1773.028218
-9999.0 328.488556 399.547159 463.527513 529.882803 646.008457 772.004690 907.164992 1000.117037 1038.488272 1064.618585 1134.804533 1233.035177 1325.571558 1374.968884 1399.307576 1401.723741 1383.044050 1388.563948 1433.705647 1498.198604 1587.068122 1673.946742 1746.530724 1758.096922 1760.794319 1741.628053 1755.121808 1768.899529 1774.649513 1780.341897 1788.008585 1797.373747 1803.700642 1805.429090 1805.050526 1802.420319 1796.199300 1792.520735 1790.163084 1787.386115 1787.479645 1790.467588 1791.747481 1789.138941 1785.062516 1780.147157 1773.904994 1767.120298 1759.883078 1755.363409 1750.858120 1748.229836 1742.956252 1738.108523 1731.562089
-9999.0 230.506413 318.383386 374.470667 491.999327 665.517538 792.408631 943.458970 1088.607113 1129.234694 1205.414231 1321.608076 1422.638527 1492.614616 1531.114385 1571.146546 1599.333176 1623.224857 1658.525539 1622.890262 1678.778743 1733.887506 1757.752523 1768.884669 1769.693415 1770.469511 1763.006546 1745.434367 1737.772285 1734.767115 1740.702418 1752.232767 1761.575401 1770.230138 1770.681610 1773.096974 1774.527883 1772.153498 1769.262288 1761.724974 1754.578901 1749.162018 1747.534988 1752.634521 1747.496654 1743.928394 1737.523345 1729.036780 1719.862781 1711.691355 1703.537521 1696.383073 1693.126242 1687.104136 1684.991455 1676.154141
-9999.0 149.646405 226.874538 318.358321 458.637787 623.328712 755.892067 924.409184 1130.687698 1245.504106 1365.676770 1434.274690 1504.235159 1562.625116 1622.173919 1665.683003 1689.281294 1699.762723 1692.301267 1704.737786 1676.638814 1672.629949 1691.226469 1717.395051 1729.925214 1733.446292 1725.333354 1715.946665 1710.921362 1712.689790 1714.731906 1716.673406 1718.125142 1718.617725 1717.545936 1720.928341 1726.472340 1721.249799 1713.394038 1705.717372 1698.628835 1690.537383 1685.098788 1681.562895 1680.108568 1679.460275 1671.644534 1660.957577 1650.045594 1641.470476 1633.409697 1627.401327 1624.388119 1618.963257 1610.587525 1597.879328
-9999.0 52.623782 173.207732 268.717072 392.853370 530.894903 659.662763 825.133910 975.895281 1193.538979 1350.472897 1450.083112 1488.596051 1543.528646 1600.378370 1664.104203 1668.487879 1641.112042 1611.639930 1599.809224 1607.644066 1619.229004 1633.334245 1652.726608 1669.416525 1678.359303 1680.324858 1673.556425 1661.473386 1654.155918 1649.819489 1642.580857 1637.913072 1638.734527 1641.000916 1649.165436 1652.150984 1643.766673 1631.434585 1615.876254 1602.176223 1591.760415 1588.835365 1589.974377 1589.700284 1585.851243 1578.825978 1568.173800 1555.534533 1543.652020 1536.028790 1530.325764 1523.160073 1512.957064 1501.631818 1488.857911
-9999.0 -9999.0 98.707167 210.242025 320.002185 444.396819 562.468660 708.557557 860.378354 1042.325325 1159.045181 1284.714471 1353.758407 1397.274948 1445.081093 1497.436409 1515.321903 1534.459305 1519.416589 1525.425914 1533.641085 1540.912154 1551.146422 1562.597336 1575.278265 1584.708692 1592.189181 1590.544498 1582.541674 1567.034283 1548.708808 1535.183455 1528.151239 1522.740076 1532.996302 1544.984504 1542.664149 1536.545171 1525.108646 1509.856610 1497.134303 1483.608215 1479.780658 1479.872588 1479.674935 1476.533706 1471.872981 1459.044310 1446.139417 1434.231223 1428.550374 1422.220557 1416.588420 1405.621911 1393.905951 1381.052550
-9999.0 -9999.0 14.698728 124.124983 240.074408 364.575089 466.838141 546.931207 700.965416 818.243703 921.883022 1018.251008 1098.034489 1158.867009 1200.968986 1259.825594 1299.168352 1314.904563 1334.742028 1364.529321 1390.774272 1418.627746 1436.960925 1449.540641 1463.112932 1475.999729 1484.578687 1473.473749 1463.498985 1448.298180 1428.751614 1407.374419 1396.798629 1394.262454 1397.268391 1402.910095 1397.753088 1388.721588 1374.907329 1359.688653 1346.934091 1335.700171 1331.512010 1327.943012 1326.352381 1323.244799 1319.925513 1311.416849 1300.241454 1292.581199 1284.242721 1278.186696 1275.003356 1268.256693 1259.098195 1252.851363
