tests/Borden05m/data_simulated/sim_1/output-maps/psiliqL0017N0009.asc
ncols         160
nrows         34
xllcorner     620200.000000
yllcorner     5168000.000000
cellsize      0.500000
NODATA_value  -9999.0
[rows 0 to 24 of 34, columns 0 to 54 of 160]
-9999.0 -9999.0 -9999.0 -9999.0 -9999.0 -9999.0 -9999.0 -9999.0 -9999.0 -9999.0 -9999.0 -9999.0 -9999.0 -9999.0 -9999.0 -9999.0 -9999.0 -9999.0 -9999.0 -9999.0 -9999.0 -9999.0 -9999.0 -9999.0 -9999.0 -9999.0 -9999.0 -9999.0 -9999.0 -9999.0 -9999.0 -9999.0 -9999.0 -9999.0 -9999.0 -9999.0 -9999.0 -9999.0 -9999.0 -9999.0 -9999.0 -9999.0 -9999.0 -9999.0 -9999.0 -9999.0 -9999.0 -9999.0 -9999.0 -9999.0 -9999.0 -9999.0 -9999.0 -9999.0 -9999.0
-9999.0 -9999.0 -9999.0 -9999.0 -9999.0 -9999.0 -9999.0 -9999.0 -9999.0 -9999.0 -9999.0 -9999.0 -9999.0 -9999.0 -9999.0 -9999.0 -9999.0 -9999.0 -9999.0 -9999.0 -9999.0 -9999.0 -9999.0 -9999.0 -9999.0 -9999.0 -9999.0 -9999.0 -9999.0 -9999.0 -9999.0 -9999.0 -9999.0 -9999.0 -9999.0 -9999.0 -9999.0 -9999.0 -9999.0 -9999.0 -9999.0 -9999.0 -9999.0 -9999.0 -9999.0 -9999.0 -9999.0 -9999.0 -9999.0 -9999.0 -9999.0 -9999.0 -9999.0 -9999.0 -9999.0
-9999.0 -9999.0 -9999.0 -9999.0 -9999.0 -9999.0 -9999.0 -9999.0 -9999.0 -9999.0 -9999.0 -9999.0 -9999.0 -9999.0 -9999.0 -9999.0 -9999.0 -9999.0 -9999.0 -9999.0 -9999.0 -9999.0 -9999.0 -9999.0 -9999.0 -9999.0 -9999.0 -9999.0 -9999.0 -9999.0 -9999.0 -9999.0 -9999.0 -9999.0 -9999.0 -9999.0 -9999.0 -9999.0 -9999.0 -9999.0 -9999.0 -9999.0 -9999.0 -9999.0 -9999.0 -9999.0 -9999.0 1506.276110 1489.230025 1474.612095 1471.989330 1494.509537 1518.302105 1542.621293 1563.695401
-9999.0 -9999.0 -9999.0 -9999.0 -9999.0 -9999.0 -9999.0 -9999.0 -9999.0 -9999.0 -9999.0 -9999.0 -9999.0 -9999.0 -9999.0 -9999.0 -9999.0 -9999.0 -9999.0 -9999.0 -9999.0 -9999.0 -9999.0 -9999.0 -9999.0 -9999.0 -9999.0 -9999.0 -9999.0 -9999.0 -9999.0 -9999.0 -9999.0 -9999.0 -9999.0 -9999.0 -9999.0 -9999.0 -9999.0 -9999.0 1553.513694 1559.654119 1560.757832 1550.891440 1540.074188 1527.787995 1507.888384 1490.391732 1476.387641 1474.472542 1477.555733 1482.398315 1504.904401 1530.354961 1550.655610
-9999.0 -9999.0 -9999.0 -9999.0 -9999.0 -9999.0 -9999.0 -9999.0 -9999.0 -9999.0 -9999.0 -9999.0 -9999.0 -9999.0 -9999.0 -9999.0 -9999.0 -9999.0 -9999.0 -9999.0 -9999.0 -9999.0 -9999.0 -9999.0 -9999.0 -9999.0 -9999.0 -9999.0 -9999.0 -9999.0 -9999.0 -9999.0 -9999.0 -9999.0 1459.431575 1477.000837 1495.477765 1514.438078 1531.747326 1539.031179 1545.077315 1551.039548 1547.201030 1543.110321 1532.151086 1512.904897 1493.891859 1480.785302 1479.473826 1477.545710 1482.174339 1495.204754 1512.544624 1528.978371 1550.393564
-9999.0 -9999.0 -9999.0 -9999.0 -9999.0 -9999.0 -9999.0 -9999.0 -9999.0 -9999.0 -9999.0 -9999.0 -9999.0 -9999.0 -9999.0 -9999.0 -9999.0 -9999.0 -9999.0 -9999.0 -9999.0 -9999.0 -9999.0 -9999.0 -9999.0 -9999.0 -9999.0 -9999.0 1461.874056 1456.280212 1451.798314 1450.854607 1450.097601 1449.574721 1456.729425 1468.952833 1487.212488 1509.604692 1523.266358 1531.068591 1538.299381 1539.454884 1534.730845 1533.412123 1534.383199 1522.877296 1511.576337 1501.028891 1490.854386 1489.431941 1499.427258 1514.249026 1531.148912 1546.617132 1562.680061
-9999.0 -9999.0 -9999.0 -9999.0 -9999.0 -9999.0 -9999.0 -9999.0 -9999.0 -9999.0 -9999.0 -9999.0 -9999.0 -9999.0 -9999.0 -9999.0 -9999.0 -9999.0 -9999.0 -9999.0 -9999.0 -9999.0 -9999.0 1430.472718 1436.271119 1443.218009 1451.230423 1452.648515 1449.195720 1444.149994 1441.810374 1440.981178 1439.765425 1444.908810 1453.262963 1467.270888 1483.584075 1506.273454 1515.469288 1521.712464 1534.358694 1538.074691 1545.114485 1549.831049 1548.749310 1546.185468 1533.613155 1524.284456 1529.113951 1535.088680 1542.584415 1551.381525 1565.540221 1581.170283 1598.646599
-9999.0 -9999.0 -9999.0 -9999.0 -9999.0 -9999.0 -9999.0 -9999.0 -9999.0 -9999.0 -9999.0 -9999.0 -9999.0 -9999.0 -9999.0 -9999.0 -9999.0 -9999.0 -9999.0 1404.699473 1405.906597 1407.550432 1412.679124 1413.683889 1416.136498 1423.566762 1432.238341 1435.340999 1434.067835 1433.411730 1435.580358 1438.993836 1444.163289 1455.976696 1470.419667 1485.292191 1499.641105 1521.261826 1536.721290 1550.749312 1567.336426 1567.797106 1564.716105 1563.738963 1564.853712 1565.314142 1568.575032 1570.999577 1577.939242 1582.254009 1588.557944 1598.613853 1611.061014 1629.644961 1649.655567
-9999.0 -9999.0 -9999.0 -9999.0 -9999.0 -9999.0 -9999.0 -9999.0 -9999.0 -9999.0 -9999.0 -9999.0 -9999.0 -9999.0 -9999.0 -9999.0 1375.382923 1377.465152 1380.059388 1385.780544 1389.271387 1393.711544 1401.158462 1402.983972 1407.222675 1414.960716 1420.391099 1430.014475 1438.864012 1446.860980 1453.577619 1457.005855 1465.037351 1475.396337 1487.999192 1503.743647 1525.722435 1549.822394 1566.842020 1584.558895 1602.615561 1604.169848 1603.869189 1605.694654 1606.548930 1612.442906 1629.897813 1635.794629 1636.116182 1651.569768 1665.770294 1671.139341 1679.559344 1699.717976 1723.881858
-9999.0 -9999.0 -9999.0 -9999.0 -9999.0 -9999.0 -9999.0 -9999.0 -9999.0 -9999.0 -9999.0 -9999.0 -9999.0 1327.535083 1331.933164 1342.059634 1352.242374 1355.320224 1360.242013 1366.948944 1379.663254 1383.876969 1390.666359 1398.800411 1411.572914 1420.934926 1430.774429 1443.374604 1452.500434 1460.508736 1468.261338 1474.127281 1487.878561 1503.770023 1520.162944 1541.110343 1564.109591 1585.175607 1606.156951 1623.217456 1637.537665 1639.495651 1639.657802 1643.024394 1650.977694 1668.084795 1687.287166 1695.171528 1712.172781 1735.438956 1748.986567 1760.525962 1769.576640 1784.102954 1806.337701
-9999.0 -9999.0 -9999.0 -9999.0 -9999.0 -9999.0 -9999.0 -9999.0 -9999.0 -9999.0 1294.931157 1297.380546 1294.354761 1293.987213 1299.733544 1312.420282 1326.869807 1333.763676 1346.046997 1367.704669 1386.376398 1390.511656 1405.548077 1416.585920 1424.194042 1435.418953 1449.379089 1462.920218 1480.335708 1493.617477 1505.591721 1525.438323 1542.867697 1560.486683 1579.332416 1600.854940 1621.059172 1649.680655 1677.524579 1690.766123 1713.114461 1723.536722 1721.772657 1722.727863 1732.947090 1748.990915 1769.861721 1792.582368 1814.629374 1840.181328 1856.918057 1871.934726 1883.370438 1896.420442 1913.261907
-9999.0 -9999.0 -9999.0 -9999.0 -9999.0 -9999.0 -9999.0 -9999.0 1269.614166 1277.472853 1283.900839 1281.364782 1277.453485 1273.698053 1288.269327 1304.668574 1321.352201 1339.838617 1356.486862 1375.482264 1391.295515 1408.086717 1428.929341 1441.417056 1453.870383 1470.183456 1484.805129 1502.544326 1524.808673 1537.698023 1554.469464 1576.742952 1596.096024 1615.306394 1635.404599 1654.731758 1681.331972 1715.597608 1748.351306 1771.108280 1800.041997 1823.219330 1822.971600 1825.993461 1831.056941 1857.305271 1887.052995 1918.412114 1943.462916 1970.943761 2001.000780 2020.131231 2031.550058 2044.940958 2060.987727
-9999.0 -9999.0 -9999.0 -9999.0 -9999.0 -9999.0 1241.344122 1265.976922 1281.554868 1274.051750 1263.827246 1260.520433 1256.732614 1282.538465 1305.386346 1323.495188 1341.233617 1359.752112 1377.182797 1390.188701 1424.067343 1443.336576 1458.347005 1476.606495 1492.456527 1508.346509 1526.877013 1551.156610 1573.454025 1602.912770 1628.171647 1652.105185 1679.446051 1700.356790 1720.496226 1739.486004 1771.598286 1809.901513 1847.631196 1877.071604 1905.261312 1937.759772 1944.972518 1951.357648 1958.611994 1981.287084 2014.348529 2045.548445 2079.881063 2112.536243 2140.468679 2153.150126 2164.268458 2176.289663 2190.505129
-9999.0 -9999.0 -9999.0 -9999.0 1207.349937 1228.545099 1248.762894 1279.850487 1302.936024 1298.697981 1305.705209 1306.281511 1304.843805 1309.927393 1318.221282 1337.182733 1356.981422 1377.116223 1395.364093 1429.838399 1475.770614 1491.725355 1515.951234 1548.867541 1563.566080 1580.172008 1597.869091 1621.948957 1648.532077 1682.268806 1725.498265 1762.567835 1789.124474 1813.024438 1835.553586 1858.165034 1894.007889 1933.133062 1971.298320 2006.427762 2037.183252 2064.570889 2077.462029 2086.138036 2098.816782 2116.402126 2139.031708 2167.433944 2200.019850 2232.766695 2258.106960 2271.514276 2279.659733 2290.850946 2301.399936
-9999.0 -9999.0 -9999.0 1156.631743 1195.677950 1234.301694 1261.601582 1293.071440 1326.080366 1330.716396 1340.705314 1345.740412 1350.572955 1359.728063 1368.452276 1386.706207 1404.587428 1422.647628 1445.969783 1483.448682 1518.701800 1547.530756 1580.262895 1606.500283 1627.382600 1644.437299 1664.707172 1689.574193 1730.232758 1767.663773 1818.416276 1872.437676 1909.798187 1934.886871 1958.842092 1987.730990 2014.287032 2052.514187 2088.693911 2123.034205 2155.980946 2181.624899 2200.778160 2209.071373 2219.761179 2228.821016 2245.207960 2267.404731 2290.094913 2319.885217 2349.004984 2375.472673 2390.477777 2401.347932 2418.064309
-9999.0 -9999.0 1108.948333 1147.340271 1181.223448 1231.238405 1284.907264 1320.332813 1361.963458 1386.011148 1393.435351 1410.636595 1427.077166 1434.594303 1450.293681 1468.058509 1488.141214 1496.927686 1516.080407 1545.129053 1593.841733 1638.532553 1656.308307 1706.454481 1740.957166 1771.452928 1791.735112 1820.095131 1857.517172 1898.889004 1947.803939 1998.886732 2037.833463 2069.816269 2087.830720 2108.918576 2132.501440 2158.533563 2194.342714 2223.806196 2256.897484 2284.032516 2306.473709 2313.212914 2318.796377 2335.503259 2361.429960 2389.266524 2415.284046 2440.486771 2440.961334 2455.819031 2463.115834 2467.639203 2473.834686
-9999.0 -9999.0 1081.481033 1126.985417 1166.528573 1231.870419 1313.842076 1351.518360 1395.184876 1442.524450 1461.945037 1487.617743 1497.850370 1505.239886 1529.349362 1551.943499 1567.692983 1576.460878 1576.920177 1633.389869 1692.113628 1739.023031 1779.606670 1850.123216 1898.787909 1919.111940 1934.581878 1956.901413 1982.006518 2025.254365 2071.971412 2125.914309 2170.240969 2202.237386 2219.503424 2239.444989 2260.725398 2279.119594 2299.442481 2341.259311 2371.746895 2399.726311 2428.584260 2449.951047 2459.162017 2463.891811 2451.366990 2463.995957 2472.864743 2477.320288 2479.550620 2477.046307 2477.200580 2478.552330 2479.985334
-9999.0 991.430716 1043.850995 1096.823669 1165.325291 1232.148907 1314.661880 1394.891815 1455.338323 1505.507452 1536.055910 1546.831069 1578.361830 1619.505511 1646.330455 1673.131456 1678.931833 1687.251938 1677.821738 1728.908163 1777.663265 1848.370948 1956.807009 2015.350865 2065.692795 2069.053084 2065.221382 2078.042952 2101.594230 2146.592002 2216.761680 2266.686649 2323.208405 2366.498932 2383.441286 2391.787479 2410.705935 2431.761058 2412.542732 2440.408067 2454.258078 2465.983666 2471.343262 2474.504979 2476.855920 2478.133121 2475.961573 2470.503261 2463.555836 2458.683624 2455.209693 2451.165018 2453.894157 2457.318907 2457.959225
-9999.0 955.357694 1014.587172 1085.833536 1156.757882 1221.280443 1321.652026 1470.817393 1528.226221 1568.080807 1590.207030 1606.152922 1682.339287 1749.548960 1784.398881 1831.409001 1826.873222 1818.282197 1802.763173 1835.925645 1884.698492 1959.121530 2107.501866 2194.099135 2229.364582 2242.542275 2250.831309 2279.498118 2318.992583 2358.931125 2395.661823 2390.668236 2423.083612 2440.357742 2446.432569 2449.752690 2455.522695 2457.153404 2457.109517 2455.123889 2452.198720 2454.074394 2459.691792 2460.836928 2459.196592 2457.049156 2452.254074 2445.316012 2440.217269 2435.787152 2433.134444 2430.150894 2428.347583 2427.943554 2423.125400
-9999.0 923.474113 995.656420 1058.560989 1120.402981 1231.088305 1359.218785 1498.079638 1593.824951 1633.662179 1651.071778 1716.506572 1820.144352 1920.658315 1975.302533 2003.022624 2003.765939 1980.679536 1982.028423 2028.193236 2095.324121 2193.434322 2295.516885 2378.604569 2395.286283 2402.036757 2379.039936 2397.418259 2414.443871 2419.434329 2423.196324 2429.846274 2437.319829 2442.438593 2443.409189 2442.758875 2440.105921 2434.006457 2430.730431 2428.820715 2426.630427 2427.199157 2430.673801 2432.838640 2430.948670 2427.626677 2423.418955 2417.804258 2411.437061 2404.554626 2400.216392 2395.782433 2393.166436 2387.594087 2382.705282
-9999.0 819.019932 909.259121 961.763817 1068.922078 1247.103081 1375.729968 1525.605226 1677.760053 1716.291972 1788.752348 1915.349619 2026.144899 2104.296249 2145.790541 2189.121124 2220.474462 2245.429021 2283.013084 2228.123203 2290.776606 2357.726832 2389.057837 2405.632420 2412.542846 2416.928655 2411.782774 2395.206399 2387.448030 2383.227464 2387.103778 2396.319562 2403.393020 2410.373780 2409.893364 2412.064286 2413.701103 2411.498367 2408.738484 2401.454160 2394.762181 2389.645966 2388.197846 2393.788823 2389.352161 2386.578389 2380.577643 2372.258703 2362.985717 2354.943463 2346.698874 2339.448628 2336.088973 2329.834180 2327.334033
-9999.0 738.170658 814.384295 898.094363 1031.384273 1196.667476 1320.954070 1488.255934 1705.250428 1828.468432 1963.764391 2043.094198 2119.091651 2179.428449 2242.367440 2293.501773 2322.279740 2336.113882 2324.810293 2340.607846 2309.505385 2304.803773 2325.245955 2355.047766 2372.082224 2378.979388 2373.452711 2365.630499 2360.535405 2361.193902 2361.176595 2360.343154 2359.207458 2357.799592 2355.745843 2358.895256 2364.470907 2358.949642 2350.572240 2342.769860 2335.759964 2327.839238 2322.700660 2319.287154 2318.634709 2318.453194 2310.785498 2300.140118 2289.182804 2280.444136 2272.225990 2266.115247 2262.603216 2256.561743 2246.960239
-9999.0 635.230582 759.149879 850.056333 967.065604 1103.495009 1226.982332 1390.353480 1537.816701 1765.152965 1922.447547 2050.063343 2097.138915 2161.493178 2221.535210 2293.098586 2299.603788 2274.217974 2243.198286 2231.405283 2240.905312 2252.922726 2267.317035 2287.919829 2307.632164 2319.503447 2324.243405 2318.829088 2306.510433 2297.452986 2290.434390 2280.346847 2273.292675 2272.333779 2274.418504 2282.742203 2285.080780 2276.630021 2264.173179 2248.211818 2234.348910 2223.917720 2221.518506 2223.301013 2223.505536 2219.596144 2212.694632 2201.694307 2188.657829 2176.107955 2168.333969 2162.271491 2154.262048 2142.869535 2130.212622
-9999.0 -9999.0 681.832553 792.796622 898.743042 1020.296832 1131.853013 1272.004744 1422.621054 1604.469617 1724.702783 1868.258413 1948.725639 1997.482770 2046.840570 2104.803857 2128.452400 2153.623705 2142.927863 2151.747845 2161.552223 2169.671424 2180.427088 2192.633987 2207.092394 2218.722714 2228.464161 2227.419068 2219.355593 2202.090818 2180.950088 2164.625326 2155.568266 2148.248669 2158.302022 2170.050075 2166.800306 2160.531171 2148.945820 2133.514228 2121.020285 2107.539371 2103.989647 2104.142618 2104.116126 2100.978016 2096.431892 2083.083561 2069.631707 2057.443206 2051.355849 2044.362709 2038.378084 2026.807035 2014.416317
-9999.0 -9999.0 596.711127 704.951068 817.670189 940.848961 1039.183484 1103.508357 1254.495966 1370.333605 1477.720778 1581.145647 1668.968705 1735.834941 1779.692910 1843.164545 1889.905017 1908.934058 1935.907930 1973.282112 2002.989559 2035.266501 2056.567646 2070.398604 2085.671755 2100.623912 2110.150631 2098.672711 2088.410067 2072.205419 2050.730309 2026.906803 2014.511513 2011.574491 2012.941476 2017.151041 2011.174921 2002.133203 1988.291205 1973.628769 1961.242949 1950.766992 1946.841447 1942.791004 1940.905414 1937.596284 1934.165180 1925.727203 1914.478488 1906.742349 1897.573384 1891.219847 1887.759167 1881.055525 1871.842575
