tests/Borden05m/data_simulated/sim_1/output-maps/psiliqL0024N0018.asc
ncols         160
nrows         34
xllcorner     620200.000000
yllcorner     5168000.000000
cellsize      0.500000
NODATA_value  -9999.0
[rows 0 to 24 of 34, columns 0 to 54 of 160]
-9999.0 -9999.0 -9999.0 -9999.0 -9999.0 -9999.0 -9999.0 -9999.0 -9999.0 -9999.0 -9999.0 -9999.0 -9999.0 -9999.0 -9999.0 -9999.0 -9999.0 -9999.0 -9999.0 -9999.0 -9999.0 -9999.0 -9999.0 -9999.0 -9999.0 -9999.0 -9999.0 -9999.0 -9999.0 -9999.0 -9999.0 -9999.0 -9999.0 -9999.0 -9999.0 -9999.0 -9999.0 -9999.0 -9999.0 -9999.0 -9999.0 -9999.0 -9999.0 -9999.0 -9999.0 -9999.0 -9999.0 -9999.0 -9999.0 -9999.0 -9999.0 -9999.0 -9999.0 -9999.0 -9999.0
-9999.0 -9999.0 -9999.0 -9999.0 -9999.0 -9999.0 -9999.0 -9999.0 -9999.0 -9999.0 -9999.0 -9999.0 -9999.0 -9999.0 -9999.0 -9999.0 -9999.0 -9999.0 -9999.0 -9999.0 -9999.0 -9999.0 -9999.0 -9999.0 -9999.0 -9999.0 -9999.0 -9999.0 -9999.0 -9999.0 -9999.0 -9999.0 -9999.0 -9999.0 -9999.0 -9999.0 -9999.0 -9999.0 -9999.0 -9999.0 -9999.0 -9999.0 -9999.0 -9999.0 -9999.0 -9999.0 -9999.0 -9999.0 -9999.0 -9999.0 -9999.0 -9999.0 -9999.0 -9999.0 -9999.0
-9999.0 -9999.0 -9999.0 -9999.0 -9999.0 -9999.0 -9999.0 -9999.0 -9999.0 -9999.0 -9999.0 -9999.0 -9999.0 -9999.0 -9999.0 -9999.0 -9999.0 -9999.0 -9999.0 -9999.0 -9999.0 -9999.0 -9999.0 -9999.0 -9999.0 -9999.0 -9999.0 -9999.0 -9999.0 -9999.0 -9999.0 -9999.0 -9999.0 -9999.0 -9999.0 -9999.0 -9999.0 -9999.0 -9999.0 -9999.0 -9999.0 -9999.0 -9999.0 -9999.0 -9999.0 -9999.0 -9999.0 2882.212254 2865.060639 2851.384900 2847.018743 2868.240251 2891.332652 2915.121109 2935.625917
-9999.0 -9999.0 -9999.0 -9999.0 -9999.0 -9999.0 -9999.0 -9999.0 -9999.0 -9999.0 -9999.0 -9999.0 -9999.0 -9999.0 -9999.0 -9999.0 -9999.0 -9999.0 -9999.0 -9999.0 -9999.0 -9999.0 -9999.0 -9999.0 -9999.0 -9999.0 -9999.0 -9999.0 -9999.0 -9999.0 -9999.0 -9999.0 -9999.0 -9999.0 -9999.0 -9999.0 -9999.0 -9999.0 -9999.0 -9999.0 2932.222005 2938.134648 2938.083924 2928.158084 2916.855152 2903.354371 2882.827963 2865.584370 2852.300139 2850.320707 2852.780741 2855.722692 2876.571887 2901.840532 2921.679564
-9999.0 -9999.0 -9999.0 -9999.0 -9999.0 -9999.0 -9999.0 -9999.0 -9999.0 -9999.0 -9999.0 -9999.0 -9999.0 -9999.0 -9999.0 -9999.0 -9999.0 -9999.0 -9999.0 -9999.0 -9999.0 -9999.0 -9999.0 -9999.0 -9999.0 -9999.0 -9999.0 -9999.0 -9999.0 -9999.0 -9999.0 -9999.0 -9999.0 -9999.0 2839.827342 2856.787220 2874.697192 2893.215136 2910.143244 2917.159207 2922.965180 2928.340751 2923.743806 2919.272121 2907.586877 2886.760700 2867.413964 2854.501415 2853.386278 2850.941058 2854.533438 2866.149874 2882.697243 2897.745001 2918.209491
-9999.0 -9999.0 -9999.0 -9999.0 -9999.0 -9999.0 -9999.0 -9999.0 -9999.0 -9999.0 -9999.0 -9999.0 -9999.0 -9999.0 -9999.0 -9999.0 -9999.0 -9999.0 -9999.0 -9999.0 -9999.0 -9999.0 -9999.0 -9999.0 -9999.0 -9999.0 -9999.0 -9999.0 2845.257714 2839.310622 2834.459565 2832.880867 2831.427953 2830.429920 2837.061050 2848.231379 2865.325615 2887.308495 2900.515929 2907.739871 2914.558809 2914.901814 2909.048920 2907.227913 2907.617779 2894.969140 2882.668241 2871.146352 2859.890260 2856.848768 2865.699578 2879.789737 2895.844781 2910.280126 2925.348483
-9999.0 -9999.0 -9999.0 -9999.0 -9999.0 -9999.0 -9999.0 -9999.0 -9999.0 -9999.0 -9999.0 -9999.0 -9999.0 -9999.0 -9999.0 -9999.0 -9999.0 -9999.0 -9999.0 -9999.0 -9999.0 -9999.0 -9999.0 2815.309546 2820.307035 2826.799103 2834.412578 2835.340881 2831.910419 2826.472787 2823.713172 2822.234513 2819.965734 2824.414740 2831.436804 2844.323724 2859.500690 2881.595050 2889.738661 2894.098885 2905.412580 2908.850251 2916.252436 2920.010493 2917.960050 2913.835510 2899.040671 2887.555211 2889.865713 2893.878239 2900.470186 2908.480661 2921.608394 2935.218939 2950.372195
-9999.0 -9999.0 -9999.0 -9999.0 -9999.0 -9999.0 -9999.0 -9999.0 -9999.0 -9999.0 -9999.0 -9999.0 -9999.0 -9999.0 -9999.0 -9999.0 -9999.0 -9999.0 -9999.0 2791.418673 2792.472697 2793.948538 2798.756799 2798.441130 2800.142481 2806.868105 2814.816915 2817.565721 2815.326850 2814.188406 2815.411981 2817.854623 2822.171247 2832.499683 2845.656392 2859.286315 2871.873784 2892.184169 2906.225423 2918.307807 2933.276612 2933.258177 2929.302747 2927.306473 2926.953850 2925.169057 2923.997494 2923.190397 2928.980013 2929.845726 2933.342001 2942.006672 2952.780498 2968.934713 2985.846055
-9999.0 -9999.0 -9999.0 -9999.0 -9999.0 -9999.0 -9999.0 -9999.0 -9999.0 -9999.0 -9999.0 -9999.0 -9999.0 -9999.0 -9999.0 -9999.0 2773.387181 2775.480211 2778.270928 2784.234662 2788.328192 2792.787003 2800.142123 2788.439933 2790.262925 2797.081037 2801.357736 2810.324005 2818.367538 2825.132257 2830.588326 2832.585426 2838.701120 2847.375746 2858.217570 2871.607304 2891.166822 2913.940549 2928.981814 2945.024596 2961.616933 2961.641580 2959.502102 2959.362958 2957.585986 2958.496932 2972.638316 2975.617719 2970.801740 2980.941914 2992.440776 2994.618102 2988.100984 3005.982637 3027.306292
-9999.0 -9999.0 -9999.0 -9999.0 -9999.0 -9999.0 -9999.0 -9999.0 -9999.0 -9999.0 -9999.0 -9999.0 -9999.0 2723.101410 2727.418570 2738.008888 2749.652267 2753.101976 2758.471555 2765.603156 2778.246598 2782.363290 2788.761231 2796.280332 2793.165638 2800.615537 2808.975715 2820.190993 2827.668457 2834.012901 2839.807686 2842.417004 2853.407528 2866.802328 2880.561824 2898.988442 2919.992687 2937.842598 2954.956219 2970.377352 2981.630724 2979.110694 2977.653853 2979.183890 2983.296930 2983.914464 2998.976669 2999.735314 3009.678758 3029.463019 3039.162451 3046.150763 3050.951064 3063.654794 3084.046356
-9999.0 -9999.0 -9999.0 -9999.0 -9999.0 -9999.0 -9999.0 -9999.0 -9999.0 -9999.0 2693.773896 2695.692911 2692.462070 2690.626188 2696.795601 2709.640995 2724.627496 2730.878787 2743.376578 2765.206089 2784.233315 2787.761789 2801.289953 2796.192971 2800.789987 2809.965258 2822.061598 2833.361242 2848.029727 2858.823051 2867.073695 2882.893505 2897.650920 2912.770013 2928.996260 2948.240420 2963.334663 2986.398435 2999.371510 3006.810363 3023.370063 3026.490915 3021.557900 3019.021908 3027.067156 3037.197452 3051.850969 3067.638068 3085.240393 3106.548587 3117.049099 3129.167082 3137.527778 3147.289518 3161.585229
-9999.0 -9999.0 -9999.0 -9999.0 -9999.0 -9999.0 -9999.0 -9999.0 2668.215105 2676.497553 2682.412027 2679.586519 2675.559875 2670.520718 2685.584104 2701.634452 2718.060921 2736.834386 2752.959753 2771.580163 2785.766993 2800.916577 2804.739597 2813.279737 2823.152080 2837.319115 2849.491673 2863.707900 2883.222053 2890.881611 2901.953568 2920.566121 2935.085456 2950.995120 2968.157288 2983.463357 2991.606405 3020.109009 3047.393270 3063.366888 3088.291107 3105.083268 3099.330331 3097.434063 3098.337091 3120.653085 3146.189935 3174.106360 3189.428862 3212.158185 3239.442454 3257.200849 3265.952273 3276.580982 3289.902883
-9999.0 -9999.0 -9999.0 -9999.0 -9999.0 -9999.0 2638.975060 2663.591251 2679.154239 2671.040415 2658.046763 2653.623168 2648.346259 2678.475968 2701.395524 2719.335474 2736.663959 2754.741489 2771.365554 2780.474865 2794.682175 2812.213299 2822.888265 2836.186223 2849.820204 2863.410421 2878.955132 2899.678439 2916.921292 2938.704174 2955.636594 2972.139218 2983.237344 2998.798065 3014.548541 3027.597683 3053.674013 3087.074074 3120.531728 3144.494002 3168.095786 3194.796382 3194.852339 3196.547033 3198.420589 3220.533770 3252.751651 3281.507594 3312.466649 3342.353172 3369.408530 3378.883492 3387.446844 3396.984116 3409.041075
-9999.0 -9999.0 -9999.0 -9999.0 2605.702490 2626.704810 2645.893776 2676.365069 2698.827414 2694.301700 2699.601505 2698.546751 2695.182943 2700.644618 2709.285220 2727.354713 2747.037938 2766.964064 2781.869033 2793.483322 2837.190954 2848.273895 2865.965284 2894.995776 2905.721337 2919.164359 2934.029142 2954.081830 2972.259186 2987.510680 3021.373298 3050.516529 3070.594299 3088.885934 3106.962154 3123.549730 3156.723501 3188.931703 3223.136808 3253.850371 3280.126504 3304.751641 3311.774967 3316.520443 3326.116421 3342.192055 3363.699928 3389.706219 3421.870119 3453.146782 3476.110309 3485.555143 3490.824227 3500.058774 3507.726279
-9999.0 -9999.0 -9999.0 2552.173857 2591.325428 2630.846348 2657.025476 2687.723566 2720.450170 2721.783721 2731.094752 2732.523966 2733.128144 2739.852809 2744.880152 2762.228601 2780.675281 2800.179444 2804.004620 2835.509546 2864.947452 2884.389596 2912.109595 2929.032426 2942.837882 2955.594222 2973.304637 2992.921094 3015.467511 3043.874947 3088.844840 3138.311492 3169.832505 3185.688019 3206.448534 3232.505396 3256.294954 3292.894096 3325.872701 3357.032808 3385.956448 3407.710828 3422.162849 3426.777299 3435.692230 3441.506988 3454.300428 3474.680267 3496.238372 3525.812982 3554.216707 3581.427542 3595.901830 3606.295433 3622.715734
-9999.0 -9999.0 2503.849582 2543.134518 2575.093499 2622.760251 2676.142851 2711.552785 2751.716405 2772.104415 2776.654526 2788.991697 2789.395034 2790.593249 2800.260179 2813.356194 2834.007562 2842.010138 2860.052815 2878.017704 2916.468107 2951.886603 2952.021947 2980.135483 3008.756792 3038.825557 3057.851766 3083.135196 3118.225599 3152.167788 3192.525816 3240.589369 3274.342263 3301.474606 3316.345622 3335.246457 3354.971362 3379.040909 3413.964373 3439.447284 3471.569958 3496.314416 3515.683707 3517.304364 3520.034736 3535.531166 3562.314555 3591.309406 3618.626684 3645.848439 3634.559830 3654.933299 3664.023042 3669.094642 3677.068929
-9999.0 -9999.0 2474.197148 2520.536851 2556.270189 2616.217571 2701.863601 2737.144012 2778.008440 2814.942082 2828.802521 2850.298823 2846.721511 2839.354226 2857.694550 2873.189092 2891.563666 2898.601046 2893.440555 2944.564562 2985.991953 3013.644549 3026.953322 3099.190801 3148.433984 3169.715170 3181.154979 3200.090077 3219.657527 3257.659676 3297.010011 3349.499601 3389.379592 3418.239968 3432.130495 3450.744162 3469.458080 3484.214025 3502.813626 3546.955088 3579.757246 3608.724007 3638.846216 3659.424305 3667.236236 3671.605433 3649.269443 3666.266674 3677.796675 3682.769692 3684.704082 3680.987046 3680.381016 3681.160629 3682.089875
-9999.0 2381.448100 2433.970880 2485.073056 2550.418610 2613.237039 2690.109213 2766.301625 2822.568689 2872.347545 2897.849685 2894.365435 2901.198359 2928.988869 2949.160205 2967.312078 2972.046352 2980.933461 2963.284914 3002.689330 3039.209041 3091.613613 3188.015490 3243.969579 3301.609836 3297.977956 3286.806103 3292.469441 3309.113210 3353.584145 3427.840825 3480.728602 3542.368356 3588.179489 3604.004999 3610.655873 3628.394787 3648.291322 3604.813218 3642.952847 3660.414313 3674.988246 3682.633841 3684.642743 3685.764786 3685.555989 3681.940734 3675.046269 3666.959719 3661.182228 3656.995468 3652.492911 3654.923840 3658.240428 3658.559200
-9999.0 2343.557493 2401.379077 2470.463769 2538.741182 2589.871287 2676.672239 2830.806150 2890.236668 2927.464913 2935.875125 2920.140668 2980.733185 3033.138464 3057.624465 3101.189073 3086.744890 3071.725134 3038.594869 3063.388364 3102.537214 3168.981822 3331.185491 3416.618168 3462.328337 3470.197745 3471.660576 3498.760568 3540.400307 3584.405624 3626.522515 3601.234440 3645.099138 3666.586099 3671.076968 3671.705793 3676.527945 3675.232352 3673.567381 3669.220190 3664.133455 3664.283095 3668.751663 3668.579480 3665.661177 3662.355787 3656.702863 3649.278035 3644.032128 3639.411856 3636.741571 3633.879725 3632.001072 3631.430358 3626.726439
-9999.0 2304.968305 2379.238298 2438.548098 2488.116829 2583.526766 2713.238798 2847.390063 2941.893059 2975.972050 2961.406772 2995.834651 3095.817584 3195.845589 3246.080690 3266.536850 3250.275711 3206.394485 3189.880436 3232.128533 3299.756412 3411.286721 3538.744239 3631.970032 3646.132360 3649.127810 3606.655810 3629.509303 3650.691376 3653.201090 3654.194524 3661.077837 3666.071378 3668.915590 3667.378325 3664.493348 3659.711494 3651.583072 3646.759597 3643.144909 3639.420186 3638.365884 3640.447036 3642.138805 3639.371929 3635.500352 3631.032012 3625.451195 3619.197570 3612.485739 3608.257129 3604.075623 3601.975352 3596.615296 3593.024080
-9999.0 2185.374778 2280.554126 2323.546400 2404.620785 2590.999625 2720.194024 2853.784382 3009.548571 3031.692409 3080.767383 3212.591913 3326.806609 3403.558088 3433.007080 3466.496069 3490.600718 3506.854324 3542.002214 3437.047367 3511.399651 3599.565053 3639.404752 3656.680054 3664.616955 3664.947595 3655.350272 3634.817551 3624.136543 3617.386517 3618.992251 3626.235021 3631.012832 3635.882139 3633.605270 3634.557655 3635.448079 3632.174232 3628.213575 3619.600073 3611.805424 3605.277718 3602.267991 3607.045816 3602.370989 3599.895309 3593.784310 3585.481632 3576.735811 3569.386278 3561.542227 3555.027583 3552.774787 3547.759956 3546.600752
-9999.0 2104.484145 2177.730353 2242.107407 2357.168759 2521.173052 2622.830312 2782.418142 3002.844031 3132.585083 3285.814130 3371.130716 3439.979059 3483.863793 3534.856348 3584.213772 3609.518800 3619.951501 3592.317750 3611.496932 3570.260518 3559.449439 3576.326253 3604.451579 3620.543438 3624.434528 3616.419628 3606.982787 3599.738480 3598.614216 3596.580123 3592.937053 3589.207551 3585.847447 3582.706430 3585.481039 3590.638364 3583.715758 3573.851324 3564.658003 3556.358382 3547.320614 3541.470010 3537.054846 3537.198398 3537.421115 3529.888844 3519.509582 3508.807064 3500.634238 3493.458828 3488.873789 3486.324620 3481.477578 3472.313972
-9999.0 1987.664253 2118.684129 2197.688281 2296.207843 2426.303333 2533.963899 2687.743655 2810.605804 3043.733820 3184.352913 3358.935514 3405.305670 3471.450485 3519.662497 3590.182601 3586.353921 3554.811271 3513.099642 3496.652596 3506.148160 3514.680114 3523.285252 3538.217770 3555.477826 3565.272814 3569.613076 3563.258179 3549.133203 3537.198590 3526.841865 3513.839822 3504.844804 3502.578998 3506.024516 3515.499400 3516.310233 3507.072173 3493.219220 3475.474005 3460.207364 3448.667651 3446.544349 3449.102223 3450.057892 3446.152746 3440.274578 3429.693844 3417.256576 3405.109965 3399.273339 3394.894831 3387.738288 3376.962805 3366.052938
-9999.0 -9999.0 2034.418942 2143.116201 2238.467285 2350.895437 2443.935736 2565.719710 2707.745415 2869.117682 2978.957833 3147.425276 3235.536374 3278.155615 3313.743565 3367.777851 3390.935541 3419.201893 3410.817588 3420.560809 3429.213289 3434.062000 3439.575607 3445.891904 3456.506595 3466.082808 3475.677498 3472.904997 3464.000535 3444.097372 3419.412451 3400.257974 3390.082292 3381.262354 3392.851001 3405.157381 3400.121105 3393.301106 3380.895312 3365.467441 3352.936689 3338.875177 3335.425795 3335.467367 3336.040914 3333.725159 3330.999317 3318.882205 3306.702241 3296.657429 3292.553217 3287.032422 3283.332341 3273.593240 3263.143686
-9999.0 -9999.0 1946.534099 2051.083335 2154.741978 2272.539367 2358.653707 2382.124443 2520.781064 2626.934381 2734.406905 2829.950035 2922.552453 2982.259420 3015.703268 3075.663936 3128.253488 3145.490163 3178.847186 3226.900592 3258.863158 3295.446137 3317.010846 3326.378590 3338.744752 3352.691606 3360.177205 3345.523419 3334.313791 3317.398244 3294.677544 3268.777061 3255.618555 3254.647824 3254.282746 3256.471883 3249.258987 3240.304499 3226.007260 3211.983698 3199.780992 3190.559130 3186.975635 3181.874589 3179.836419 3177.202440 3175.609003 3173.538965 3165.094932 3160.159781 3152.135802 3148.200581 3147.192131 3143.725129 3137.672218
