tests/Borden05m/data_simulated/sim_1/output-maps/psiliqL0015N0011.asc
ncols         160
nrows         34
xllcorner     620200.000000
yllcorner     5168000.000000
cellsize      0.500000
NODATA_value  -9999.0
[rows 0 to 24 of 34, columns 56 to 111 of 160]
-9999.0 -9999.0 -9999.0 -9999.0 -9999.0 -9999.0 -9999.0 -9999.0 -9999.0 -9999.0 -9999.0 -9999.0 -9999.0 -9999.0 -9999.0 -9999.0 -9999.0 -9999.0 -9999.0 -9999.0 -9999.0 -9999.0 -9999.0 -9999.0 -9999.0 -9999.0 -9999.0 -9999.0 -9999.0 -9999.0 -9999.0 -9999.0 -9999.0 -9999.0 -9999.0 -9999.0 -9999.0 -9999.0 -9999.0 -9999.0 -9999.0 -9999.0 -9999.0 -9999.0 -9999.0 -9999.0 -9999.0 -9999.0 -9999.0 -9999.0 -9999.0 -9999.0 -9999.0 -9999.0 -9999.0 -9999.0
-9999.0 -9999.0 -9999.0 1228.670473 1223.328785 1218.379875 1213.811445 1205.262298 1196.363215 1188.400749 1184.755017 1184.160749 1183.712568 1183.617168 1189.111277 1197.402837 1205.293972 1212.638767 1215.257394 1217.872613 1220.229315 1220.845888 1219.791631 1216.714304 1213.555548 1210.284210 1208.847685 1200.974039 1189.717434 1181.050073 1178.339557 1182.723695 1187.146949 1189.585526 1195.247942 1205.808611 1216.427164 1224.779617 1236.537796 1242.264146 1247.104227 1249.668360 1245.218742 1241.341396 1237.152624 1231.593325 1220.367853 -9999.0 -9999.0 -9999.0 -9999.0 -9999.0 -9999.0 -9999.0 -9999.0 -9999.0
1192.374232 1212.762364 1216.168273 1204.847499 1200.057706 1197.034619 1195.332158 1190.874443 1182.581889 1177.701972 1172.659735 1171.051321 1171.467008 1171.854686 1176.219315 1186.755494 1194.957653 1199.921135 1202.660927 1205.493589 1205.188387 1204.797430 1204.655387 1201.923870 1198.629700 1195.365892 1193.666900 1194.337252 1186.818127 1181.307355 1177.841637 1175.979007 1178.499757 1180.881137 1184.374049 1193.700931 1201.675780 1209.629782 1223.844010 1236.107209 1241.094966 1238.211369 1232.869952 1228.636750 1221.408902 1210.874416 1200.328253 1190.774961 1183.597698 1177.663209 1171.361878 1176.906258 1183.180033 1192.471254 1201.568440 1213.174799
1177.555105 1198.025026 1201.103896 1190.687461 1182.777045 1177.792768 1178.380854 1181.447827 1178.361137 1174.107619 1169.110755 1178.247288 1179.884997 1181.330948 1184.935489 1188.133795 1191.814481 1194.742475 1200.307898 1209.492024 1212.409597 1213.105302 1213.393950 1211.686159 1208.679485 1206.965899 1204.309600 1199.191732 1198.053041 1198.278258 1197.875794 1202.684967 1204.144268 1205.994541 1199.427830 1203.005462 1209.073582 1215.757503 1221.916308 1228.235807 1231.647871 1227.961558 1226.819229 1217.889179 1203.541472 1192.082689 1183.280976 1181.270994 1177.596317 1169.156882 1155.692441 1162.351302 1177.350238 1181.371786 1184.037515 1195.132422
1173.580241 1185.568194 1188.889311 1184.279405 1186.124954 1188.131321 1189.976468 1188.776545 1186.140403 1184.253021 1196.887576 1206.576577 1208.761992 1212.025177 1216.077665 1216.011936 1204.565816 1202.457974 1210.790182 1221.213712 1227.097479 1227.503513 1227.555437 1225.401537 1224.493027 1224.240914 1222.204626 1222.839622 1225.183159 1224.816707 1229.182434 1234.775014 1237.688436 1230.246955 1221.168057 1222.106663 1229.818954 1237.935064 1245.072550 1255.343245 1266.179023 1264.843177 1258.792173 1249.185044 1235.069625 1211.071304 1191.153736 1179.576431 1171.576347 1163.616050 1163.300600 1159.239675 1170.125938 1171.075488 1172.322163 1179.754245
1179.854565 1201.393083 1209.514487 1204.131570 1199.789939 1197.760202 1198.978838 1199.473510 1202.606993 1214.997359 1228.957069 1243.449955 1246.618965 1249.550372 1249.430689 1240.988526 1231.075209 1227.735565 1242.454803 1258.903016 1267.322009 1268.017207 1266.967053 1273.424691 1272.388013 1271.087902 1266.538265 1268.478956 1269.466527 1278.747262 1286.384568 1293.560177 1291.769843 1279.657904 1268.002656 1266.537762 1269.519184 1273.128454 1279.284348 1289.164294 1298.340036 1292.730884 1285.182018 1274.762507 1245.769274 1218.462854 1201.132269 1200.414888 1199.725157 1193.964520 1190.024588 1186.189875 1178.735160 1177.460139 1175.774183 1174.429347
1229.388922 1250.081698 1266.128762 1261.026454 1253.717870 1244.436988 1245.543521 1248.758851 1257.089554 1270.303484 1287.690687 1311.958021 1314.982898 1318.366360 1321.022780 1310.054324 1298.003149 1287.322315 1305.895678 1316.445383 1325.137244 1326.524862 1335.884628 1345.706016 1341.440251 1333.826712 1323.479951 1329.788149 1340.920332 1356.036171 1362.983431 1366.998614 1365.262123 1353.731311 1347.707165 1346.423944 1348.939361 1346.766926 1351.549217 1361.191577 1375.665477 1374.353644 1365.312819 1342.220506 1304.288357 1269.612125 1249.214727 1254.416762 1246.586649 1238.724118 1234.368626 1219.746739 1208.315839 1207.613684 1197.239377 1190.291290
1276.946079 1295.836790 1314.695501 1310.223440 1300.506038 1287.555741 1287.371937 1295.037869 1305.759268 1325.198719 1348.067491 1372.101863 1379.841727 1382.358678 1392.462708 1386.440851 1377.273191 1369.423457 1382.087913 1394.076665 1405.835635 1415.268525 1428.117993 1439.575211 1429.207336 1416.715740 1410.997753 1416.528095 1436.988894 1454.875757 1459.932831 1460.888726 1463.147495 1453.258925 1446.743553 1440.302693 1435.655999 1430.061080 1426.015823 1444.654486 1461.148243 1458.923283 1435.063158 1410.191325 1372.430530 1333.573719 1301.363456 1301.403147 1297.340394 1295.622182 1280.115113 1263.995607 1247.683139 1237.967325 1228.091169 1213.480115
1366.025705 1387.176825 1409.342268 1409.860920 1393.333050 1385.210152 1390.304100 1403.563824 1411.379263 1427.732891 1451.538429 1483.078301 1503.828833 1522.404214 1527.206922 1519.487338 1510.961305 1498.309023 1497.498488 1515.555306 1527.653190 1538.152522 1548.660182 1561.115766 1565.993275 1562.966985 1562.416858 1565.815625 1573.708855 1583.315078 1589.939075 1594.908143 1599.911257 1594.875131 1584.267465 1578.341026 1569.940420 1563.804037 1561.249350 1564.588527 1576.266171 1573.290834 1545.034695 1517.120983 1483.659863 1445.421280 1413.328688 1396.357595 1402.783286 1391.635575 1372.364757 1352.867293 1318.132790 1302.127157 1286.000127 1256.551286
1468.918668 1497.135603 1512.248171 1525.664209 1520.452107 1522.336025 1526.952395 1534.852007 1540.076831 1548.256816 1581.128486 1616.251441 1645.357049 1669.761042 1678.601178 1668.517382 1659.133792 1647.293252 1638.224388 1643.450904 1658.232985 1674.996795 1690.484005 1701.667963 1705.131198 1704.000543 1704.364890 1706.564582 1709.547933 1712.662528 1718.969234 1726.095563 1735.724575 1746.070700 1739.500424 1722.723798 1710.788353 1697.666468 1693.022701 1691.511376 1689.975738 1689.258622 1679.426269 1645.747138 1615.928189 1583.005238 1554.630671 1533.762354 1520.705201 1500.067041 1475.976044 1428.221395 1387.470149 1352.205763 1325.315213 1297.077488
1585.762794 1617.030766 1640.814027 1656.491212 1659.400317 1662.496618 1665.535769 1671.586485 1676.832723 1683.764458 1707.284320 1745.448316 1783.021927 1813.160547 1816.864611 1807.229795 1797.008231 1787.053295 1776.050861 1772.739003 1781.256594 1792.931991 1809.474451 1820.616266 1829.653001 1828.652910 1829.150579 1829.865059 1831.938855 1833.741612 1835.847955 1843.070416 1855.132009 1866.610467 1867.220653 1853.041633 1835.912511 1818.722541 1812.022056 1806.132468 1799.873073 1799.571439 1799.541019 1789.949977 1763.119788 1725.976426 1683.224840 1657.501933 1636.224848 1622.135836 1604.637449 1575.566847 1521.262488 1488.554272 1452.376617 1418.644700
1702.269493 1732.403065 1763.505382 1782.396142 1790.120217 1790.917278 1793.054402 1800.838617 1806.942656 1816.687509 1833.540978 1858.776839 1888.763387 1915.994098 1933.056886 1928.913167 1915.758279 1897.971036 1892.115852 1890.594690 1892.778066 1899.663381 1908.260561 1924.111588 1940.344474 1945.886962 1946.779614 1944.404348 1946.575022 1947.740914 1947.739913 1948.941057 1954.079204 1961.360037 1963.869396 1958.490530 1941.667884 1921.018336 1906.986875 1898.298302 1893.397985 1891.215618 1892.341733 1891.643574 1878.559605 1848.063600 1808.691620 1775.355589 1753.629580 1736.982565 1721.960200 1709.350649 1686.757535 1667.268726 1634.867906 1590.163016
1806.390342 1832.951564 1860.468084 1885.001012 1901.850228 1905.995021 1911.766059 1916.985686 1926.609408 1942.216527 1962.062307 1977.041933 1994.940170 2017.034079 2030.168871 2035.768949 2035.743597 2033.977015 2035.516435 2035.523134 2003.415627 2006.712305 2009.999249 2018.641779 2027.824539 2031.048308 2031.536876 2030.347799 2031.595730 2031.974524 2031.987041 2031.520182 2031.751688 2034.237455 2035.122064 2033.747720 2026.027085 2031.248549 2013.639277 2001.188675 1993.194753 1984.996756 1976.063065 1966.023523 1955.728065 1938.293731 1910.399918 1876.702392 1849.960322 1838.102224 1830.346685 1822.124252 1815.367086 1798.794055 1776.292103 1744.288144
1911.662770 1928.361458 1949.304704 1978.032522 1998.082111 2009.067030 2017.988026 2022.940776 2035.426571 2049.201869 2042.591366 2047.170349 2051.811936 2056.295771 2057.754568 2057.997840 2057.507479 2054.924850 2054.108162 2051.909902 2047.075937 2037.125679 2038.315850 2039.713615 2042.216874 2045.880111 2044.772202 2045.835808 2048.772284 2047.186224 2041.545029 2037.780694 2036.115131 2036.608408 2043.714188 2046.853045 2047.574919 2046.038550 2045.096598 2044.316144 2042.331185 2039.939264 2036.627115 2032.335472 2036.992759 2026.229215 2002.025279 1967.817278 1931.798238 1918.426442 1914.344465 1913.594769 1909.854560 1902.806567 1883.741509 1856.084728
2027.836797 2041.406248 2035.883345 2047.947779 2054.303232 2057.421132 2060.358441 2062.800638 2064.163261 2060.923198 2057.494023 2052.687343 2051.151157 2049.482926 2046.596595 2046.625643 2044.061935 2039.513514 2035.285119 2028.001233 2016.603752 2004.798429 2001.681365 2005.953514 2010.991187 2015.538173 2019.086822 2022.567475 2023.498083 2018.625504 2010.664498 2003.490951 2001.568511 2008.041849 2013.671933 2019.193856 2019.984387 2018.669883 2016.654045 2016.904426 2014.583886 2015.356271 2022.146635 2035.646657 2040.962645 2043.925138 2043.231060 2034.227477 2018.080394 2013.233174 1993.300478 1996.450560 1991.131048 1979.069302 1957.652461 1933.451375
2056.708266 2056.143724 2054.564165 2048.587122 2042.701268 2041.791442 2045.373808 2051.821079 2052.672391 2045.362175 2036.708374 2029.306918 2021.901329 2018.972557 2016.896160 2015.318183 2014.493011 2008.333154 1999.499529 1983.259735 1971.025746 1959.240272 1952.762649 1950.283406 1954.905727 1964.928629 1974.962275 1979.722208 1972.718186 1965.142604 1954.329362 1946.273988 1946.524627 1948.655452 1957.804418 1972.225557 1977.418911 1978.310467 1973.317738 1968.964106 1963.619640 1962.214002 1969.672360 1985.139979 2000.972022 2015.177885 2023.699227 2031.132941 2037.572832 2040.208533 2041.403117 2041.853860 2040.321395 2039.287766 2023.400334 2001.897598
2043.388025 2036.547469 2031.060426 2023.933415 2017.655982 2015.214139 2016.790706 2018.772217 2014.627253 2007.318128 1996.515879 1984.913128 1974.365902 1966.855094 1966.333599 1967.121731 1966.866282 1959.272724 1943.915176 1925.855445 1911.811599 1897.433614 1893.011440 1887.769909 1882.977585 1893.422895 1910.843361 1917.249611 1903.552945 1893.613960 1879.368188 1872.194546 1869.033847 1870.564122 1880.012521 1900.321351 1920.503530 1922.222007 1912.933901 1903.992393 1900.185692 1898.603839 1905.765795 1924.403600 1945.159782 1960.856430 1971.289990 1977.554664 1986.103918 1995.941178 2008.737467 2022.251066 2033.485133 2041.258920 2045.948375 2043.613900
2016.455171 2008.066726 1999.613204 1991.593724 1984.279907 1978.890421 1975.675559 1971.748335 1964.790932 1956.824164 1940.418574 1927.327306 1914.222066 1899.232746 1894.369067 1889.693297 1889.888684 1877.608181 1866.872121 1848.094560 1832.127087 1816.076525 1804.768994 1798.766839 1792.729707 1795.770223 1810.717690 1819.581047 1807.188473 1797.118973 1784.845370 1779.104411 1775.927053 1778.098937 1788.576852 1810.329372 1829.154668 1836.801944 1829.731385 1826.292136 1825.582956 1825.677831 1832.755801 1847.601095 1868.040622 1890.158228 1907.702599 1918.159473 1926.674703 1937.448327 1952.592280 1967.155524 1981.631985 1999.154495 2019.841548 2034.824839
1979.833071 1969.008850 1958.341630 1946.658919 1934.765790 1927.198074 1927.314250 1919.602991 1912.211460 1894.378891 1845.675649 1826.090828 1806.939721 1790.316464 1783.045275 1774.077506 1763.136437 1752.950043 1745.807761 1740.043582 1724.331797 1706.501821 1689.752833 1684.396100 1680.239950 1669.524107 1672.234719 1674.797065 1681.424228 1674.463899 1669.733983 1668.544005 1666.219743 1669.205944 1682.856985 1694.114494 1703.652297 1710.501860 1711.208365 1719.774233 1727.550620 1734.212813 1751.605736 1765.832004 1784.230125 1806.673895 1831.893858 1846.878746 1857.695427 1869.739321 1886.365932 1903.904168 1922.270420 1945.375820 1970.809389 1987.406018
1933.068140 1918.106284 1902.835591 1888.834779 1874.758562 1859.651359 1859.145654 1854.463643 1844.264150 1799.063904 1756.110327 1722.356082 1703.239525 1679.686317 1666.542371 1652.912846 1622.780538 1606.764476 1601.098296 1607.522227 1598.745939 1581.777935 1567.942941 1559.337506 1551.957766 1537.989123 1526.934837 1531.911452 1545.479248 1542.363057 1541.961769 1547.012128 1545.734463 1541.843986 1545.762378 1559.891472 1567.835875 1578.537735 1592.172418 1597.760517 1609.855680 1639.131626 1654.231123 1670.995494 1692.334058 1715.521520 1739.771898 1762.176385 1777.250163 1793.550114 1813.735298 1831.940036 1853.877883 1878.296287 1908.058928 1929.108503
1862.908774 1842.094354 1824.123372 1805.006406 1781.481857 1759.591731 1755.561924 1747.139728 1724.297805 1675.647085 1635.357735 1605.939390 1582.689483 1557.713999 1536.672736 1506.141702 1473.043230 1451.653082 1458.650372 1466.148306 1468.962975 1455.292740 1442.807343 1432.647975 1417.832243 1402.173237 1389.536479 1398.633558 1407.169749 1418.009763 1422.377175 1426.217310 1429.686437 1428.705243 1423.104221 1426.244621 1435.309374 1446.123742 1457.781003 1474.232554 1506.230209 1532.238249 1551.327868 1573.683051 1595.448425 1619.907461 1645.613877 1669.461148 1687.811738 1708.232773 1729.229180 1751.950692 1774.138041 1800.171595 1830.644769 1856.816584
1782.478609 1754.922832 1730.998401 1701.932093 1660.139572 1643.830756 1633.454015 1617.018732 1576.956935 1533.734156 1501.314393 1479.077425 1453.754625 1429.699664 1401.450819 1368.872066 1342.940204 1322.157448 1329.124174 1336.360872 1349.292714 1337.922820 1327.653985 1322.098060 1307.127229 1293.382672 1278.517843 1285.751920 1296.170096 1314.814748 1319.441923 1323.131015 1330.776514 1329.988971 1327.308043 1316.759016 1325.372992 1336.403244 1350.987605 1380.172942 1405.483811 1430.469251 1453.393586 1475.269250 1499.462425 1525.100505 1551.197616 1579.091341 1600.793370 1622.085251 1645.812462 1668.056432 1687.687554 1709.738362 1737.496134 1761.975918
1672.591251 1649.746548 1624.356975 1585.328373 1540.586763 1503.801124 1483.981774 1441.580769 1406.581932 1374.354649 1360.006766 1342.136994 1318.997662 1297.134100 1275.483698 1249.802775 1227.490458 1202.722056 1206.367172 1219.164366 1233.474490 1229.217777 1226.561424 1223.675671 1212.859897 1199.243288 1185.690077 1189.332360 1204.943751 1222.054515 1230.172090 1237.151107 1244.874344 1245.095376 1237.884989 1229.449103 1235.304642 1250.177645 1266.960434 1287.952899 1310.970026 1333.907207 1355.884764 1380.186815 1405.392039 1431.104873 1458.805169 1487.868608 1510.715871 1536.767298 1563.638572 1584.839877 1598.704048 1613.734369 1639.044426 1659.324849
1564.527864 1539.411067 1511.549051 1469.667581 1427.148582 1384.023320 1342.099637 1307.986012 1276.468315 1260.602849 1241.666650 1224.038408 1205.960168 1184.397204 1165.055260 1146.615107 1124.268005 1107.977116 1113.350225 1126.136511 1136.275781 1139.814230 1136.878563 1133.887205 1126.773822 1113.010977 1104.437230 1113.271789 1128.578033 1143.168421 1153.744833 1160.602388 1166.576445 1163.990021 1155.810556 1151.015279 1159.473284 1175.414119 1190.526113 1207.936885 1230.033216 1252.088628 1274.961106 1298.993502 1323.095689 1349.715163 1377.246840 1405.438740 1433.777078 1459.385732 1482.998868 1496.222585 1509.793091 1518.093157 1535.546273 1555.830057
1438.804070 1412.377620 1383.355875 1350.211599 1311.977019 1281.856613 1248.909170 1217.213674 1186.260444 1159.940115 1143.254359 1133.589369 1118.631501 1099.403709 1085.959351 1068.934863 1052.869375 1053.879409 1056.055715 1066.187331 1066.446087 1066.962774 1063.986685 1062.909344 1059.029349 1049.478302 1057.611879 1064.869018 1079.206248 1089.837003 1099.390767 1105.604956 1109.709701 1110.057892 1104.399105 1108.723452 1115.913226 1130.644037 1142.817133 1158.110596 1179.397396 1197.567048 1217.906182 1241.161327 1265.320544 1290.740232 1317.893886 1347.262452 1373.907502 1395.300121 1406.536785 1419.378938 1426.756620 1422.582447 1438.536878 1455.583039
