tests/Borden05m/data_simulated/sim_1/output-maps/psiliqL0012N0013.asc
ncols         160
nrows         34
xllcorner     620200.000000
yllcorner     5168000.000000
cellsize      0.500000
NODATA_value  -9999.0
[rows 0 to 24 of 34, columns 57 to 113 of 160]
-9999.0 -9999.0 -9999.0 -9999.0 -9999.0 -9999.0 -9999.0 -9999.0 -9999.0 -9999.0 -9999.0 -9999.0 -9999.0 -9999.0 -9999.0 -9999.0 -9999.0 -9999.0 -9999.0 -9999.0 -9999.0 -9999.0 -9999.0 -9999.0 -9999.0 -9999.0 -9999.0 -9999.0 -9999.0 -9999.0 -9999.0 -9999.0 -9999.0 -9999.0 -9999.0 -9999.0 -9999.0 -9999.0 -9999.0 -9999.0 -9999.0 -9999.0 -9999.0 -9999.0 -9999.0 -9999.0 -9999.0 -9999.0 -9999.0 -9999.0 -9999.0 -9999.0 -9999.0 -9999.0 -9999.0 -9999.0 -9999.0
-9999.0 -9999.0 621.715591 616.266090 611.091601 606.275656 597.447440 588.372876 580.090097 576.303819 575.587266 574.979128 574.779282 580.218732 588.374831 596.168297 603.492347 606.037177 608.607360 610.987123 611.594087 610.447210 607.297069 604.076980 600.737027 599.284861 591.190177 579.831537 571.021648 568.289128 572.743833 577.227127 579.719247 585.604900 596.345837 607.144706 615.652188 627.441402 633.084985 638.065917 640.903835 636.600821 632.813314 628.786655 623.552300 612.381474 -9999.0 -9999.0 -9999.0 -9999.0 -9999.0 -9999.0 -9999.0 -9999.0 -9999.0 -9999.0 -9999.0
605.114355 608.490635 597.368364 592.552583 589.367219 587.411230 582.620319 574.090259 568.980294 563.769332 562.166674 562.426571 562.698780 567.021724 577.287107 585.416825 590.333754 592.969096 595.682651 595.614475 595.221519 594.994483 592.201429 588.855466 585.529564 583.791169 584.177940 576.626388 571.217459 567.863967 566.318408 568.815147 571.163393 574.435204 583.923895 592.079810 600.234260 614.432200 626.717887 631.799533 629.111820 623.848297 619.771099 612.834080 602.551557 591.964956 581.946717 574.663699 568.891771 563.013609 568.748233 575.025492 584.737109 594.324280 606.135422 618.171176 -9999.0
590.014718 593.026447 582.405977 574.233275 569.504198 569.833253 572.486828 569.134501 564.733004 560.209620 568.826047 570.365950 571.753656 575.224982 578.552683 581.631399 584.527538 590.024893 599.162965 602.016005 602.689806 602.952890 601.227773 598.195173 596.462151 593.771503 588.647752 587.665938 588.050145 587.909734 592.949642 594.426698 596.022353 589.210690 592.644761 598.795742 605.584278 612.152764 618.801510 622.761994 619.274978 617.958934 609.154889 594.882578 583.230560 574.287657 571.876102 568.307945 560.106336 547.138553 553.802152 568.960575 573.223591 576.332426 587.800643 599.889610 610.120394
576.884574 580.129237 575.336685 576.768239 578.511019 580.205501 578.861474 576.156421 574.654273 587.623682 597.433362 599.574790 602.803590 606.622950 606.042995 594.189887 591.864577 600.359421 610.912007 616.933923 617.342856 617.452072 615.651693 614.728730 614.377376 612.209992 613.141684 615.731411 615.993457 620.819560 626.506784 629.345403 621.303378 612.046641 612.664046 620.259403 628.246134 635.487422 646.092127 657.287228 655.834729 649.658557 640.023886 625.718470 601.578446 581.315987 569.933333 562.352492 554.664871 553.935213 550.551041 561.138393 562.350608 563.719265 571.624454 581.573771 591.472828
592.963614 601.339038 595.729961 590.806108 588.150004 589.149759 589.700898 593.263614 606.410140 620.764123 635.972330 639.258835 642.268362 642.209042 633.217331 623.115368 619.358165 634.353530 650.680990 659.253032 660.289448 660.156204 667.522678 666.092649 664.195052 659.253549 661.558746 663.602470 674.112723 681.896421 688.970768 687.109406 675.042850 663.505337 661.605431 663.909133 666.691738 672.673898 682.825733 692.407298 686.896656 678.912131 667.821721 638.062757 609.693246 591.840922 591.254187 590.658027 585.057618 581.125680 577.017986 569.175251 568.025630 566.634434 565.510329 576.952328 588.827775
643.003746 659.523546 654.260953 646.491446 636.491062 637.434039 641.092713 649.871064 663.744823 682.395477 707.395298 711.362725 715.431899 718.958821 708.188714 696.090928 684.921467 702.412615 712.847685 722.071480 724.693675 735.367186 745.592039 741.071934 732.970242 723.035888 729.648850 742.331767 757.779218 764.742835 768.607734 767.725799 756.761617 750.764756 748.517059 749.814671 746.706131 750.615011 760.893330 775.692761 774.663790 764.109967 740.069298 701.789965 665.635486 643.258604 647.113746 639.162797 631.422592 626.418643 611.315608 599.229157 598.173748 587.721722 580.715663 591.430413 596.804810
692.985187 712.206642 708.504524 698.355078 685.847022 686.069556 694.438889 705.208409 725.276513 749.793941 775.327209 785.769653 790.804091 800.887981 794.797612 785.681495 777.399756 787.541186 800.122643 812.506405 823.205202 836.346611 848.208016 839.442546 828.046318 823.560216 828.848188 848.291979 865.388311 870.870637 872.581276 875.715835 867.209596 859.985491 852.408240 846.143887 839.634368 835.131898 852.355411 867.934587 865.400707 840.835195 815.126818 777.512637 738.017241 703.491856 700.116738 696.179964 693.469377 676.828149 659.810329 641.334668 630.078156 619.781347 604.326486 608.516867 612.759325
792.240703 814.397474 817.178205 801.883559 795.408360 800.860791 813.898442 821.660093 837.692459 863.836088 897.484652 920.906086 941.535166 946.423176 938.270310 929.436656 916.317291 913.689163 930.137040 942.420111 953.587262 964.701414 977.057263 983.021011 980.907115 980.637278 983.839110 990.420908 998.963601 1005.761321 1011.372472 1017.065133 1014.195358 1004.080482 996.926956 987.619568 980.146523 977.254361 978.680851 988.306154 985.703806 959.897742 931.745992 898.572161 860.026945 826.853245 806.840612 809.970326 796.512439 776.438611 754.405914 717.251764 698.424363 680.734018 649.925806 644.321091 651.640802
907.755777 924.021007 938.666710 935.562824 938.102456 942.562712 950.166892 955.871175 964.525622 997.617708 1033.227122 1063.505229 1088.316535 1097.465788 1087.795127 1078.301539 1066.716716 1057.436999 1060.979273 1075.019635 1091.478476 1107.014692 1118.011909 1121.685994 1120.546724 1120.895499 1122.810974 1125.850986 1128.749960 1134.537247 1141.515063 1151.335777 1162.248232 1156.712521 1140.008062 1127.367204 1113.188877 1107.587322 1105.434223 1102.667613 1101.790670 1094.242102 1063.254505 1034.241284 1001.289268 970.675519 947.968732 931.687658 910.575824 886.519931 839.501842 797.567037 761.131137 732.001366 702.130509 697.880226 719.585992
1030.757481 1055.801631 1071.706534 1075.741742 1078.849194 1082.283756 1088.860034 1094.766135 1102.697971 1125.134026 1162.181272 1199.184423 1229.014602 1233.715225 1225.074446 1214.992589 1204.631877 1194.462837 1191.204420 1198.506507 1209.110878 1224.498757 1235.685296 1245.356046 1244.878333 1245.324025 1245.631903 1247.583511 1249.333181 1251.036379 1257.517414 1268.661018 1279.224745 1280.254892 1267.433962 1250.615894 1233.178570 1225.310800 1218.434252 1211.913399 1211.149720 1211.004724 1203.679396 1178.631218 1142.745165 1099.777600 1072.005129 1049.485516 1034.927242 1017.615154 992.018215 941.483021 910.939381 875.352186 839.779444 817.779660 855.539023
1145.665611 1176.190274 1195.541758 1204.364903 1205.939157 1209.068303 1217.105761 1224.083804 1234.800448 1251.514398 1274.663308 1303.102954 1329.760220 1347.299934 1344.098213 1332.187202 1315.519521 1310.722009 1309.468045 1311.219547 1317.422394 1324.752448 1339.403084 1354.462612 1359.716078 1360.447765 1358.070829 1359.990624 1361.023244 1360.983070 1361.611268 1365.734681 1372.199187 1374.459612 1369.786615 1354.378769 1334.698308 1319.905212 1310.478642 1305.184074 1302.327677 1302.693848 1301.354842 1289.252762 1260.643541 1223.023614 1189.050693 1165.835739 1148.538369 1133.807823 1121.765832 1102.762935 1084.331544 1053.586911 1010.320193 974.310369 972.963828
1246.101431 1272.457043 1296.881676 1314.008388 1319.215369 1326.021334 1331.534352 1341.803366 1357.360124 1375.860176 1389.521174 1406.028665 1426.884373 1439.149158 1444.845190 1445.285083 1444.162615 1445.798016 1445.653134 1422.664535 1425.132920 1427.516165 1433.533104 1440.648693 1442.956756 1443.235262 1442.353394 1443.304448 1443.526077 1443.553835 1442.998114 1442.544105 1444.135021 1444.592913 1443.443468 1437.265213 1438.770204 1421.989139 1409.883317 1402.082311 1394.150114 1385.385187 1375.607199 1365.632452 1349.322501 1322.413042 1289.030146 1260.928431 1248.146592 1240.346739 1232.802598 1226.427880 1210.657042 1188.830858 1158.328140 1120.269827 1085.887681
1342.251316 1361.965540 1388.495183 1407.258546 1418.108761 1427.094423 1432.277723 1444.363071 1457.187699 1453.176181 1456.531493 1459.942255 1463.262888 1464.403625 1464.622573 1464.250999 1461.741032 1461.000046 1458.880262 1453.619350 1443.815978 1444.840253 1445.954553 1448.215903 1451.639139 1450.398540 1451.401372 1454.274711 1452.671643 1447.099307 1443.359676 1441.533355 1441.633556 1448.337928 1451.158575 1451.770863 1450.947671 1450.239057 1449.730032 1448.372854 1446.784099 1444.595362 1441.696784 1443.689105 1433.579530 1410.641655 1378.357775 1344.018493 1329.031723 1323.493332 1323.031723 1319.211934 1312.274194 1293.219453 1265.913782 1230.181650 1192.372623
1449.371645 1448.359753 1456.950118 1461.621365 1464.087065 1466.809581 1469.280184 1470.215021 1466.936228 1463.340519 1458.475597 1456.870273 1455.157414 1452.394804 1452.586742 1450.156581 1445.742189 1441.631664 1434.570312 1423.111223 1411.028196 1407.963765 1412.091538 1416.744105 1420.899012 1424.111142 1427.574989 1428.777564 1423.950386 1416.016039 1408.836865 1406.625509 1412.592289 1417.694438 1422.548373 1423.167688 1422.054177 1420.503369 1421.183369 1419.368576 1420.523982 1427.521629 1441.013562 1447.386390 1449.665697 1449.160658 1442.608783 1430.793970 1421.171809 1401.456178 1404.118884 1399.016266 1387.129724 1365.964879 1342.032984 1312.680275 1283.906185
1461.648724 1459.717018 1453.704629 1447.865194 1447.034812 1450.670647 1457.135079 1458.115716 1450.908919 1442.323857 1434.814009 1427.277215 1424.223335 1422.094154 1420.653880 1419.942511 1413.944671 1405.517466 1389.551720 1376.925215 1364.760531 1358.011794 1355.782396 1360.560375 1370.053099 1379.453477 1384.286795 1378.008076 1370.495446 1359.792485 1351.574286 1351.499189 1353.513538 1361.986812 1375.213184 1379.469519 1380.481216 1376.182950 1372.695183 1367.888371 1367.111447 1375.103965 1390.945682 1406.675222 1420.550430 1429.002514 1436.545274 1442.930762 1446.905212 1447.771839 1448.154566 1447.120306 1445.167478 1430.042893 1409.418489 1385.791873 1361.701643
1441.156474 1435.581053 1428.254076 1421.836765 1419.468243 1421.254438 1423.557651 1419.732326 1412.509029 1401.740242 1389.992186 1379.072291 1371.704307 1371.215912 1372.194879 1372.013813 1364.868343 1349.898788 1331.968120 1317.711391 1303.113192 1298.488874 1293.347299 1289.262816 1299.682948 1316.417638 1322.651569 1309.706174 1299.914548 1285.802367 1278.289185 1275.111250 1276.431045 1285.484646 1304.631312 1323.331780 1324.875117 1316.158840 1307.845775 1304.279928 1303.116422 1311.021041 1330.259035 1350.896759 1366.368219 1376.811128 1383.509138 1392.362969 1402.315065 1414.663939 1427.919094 1439.067862 1447.966247 1451.589041 1449.929937 1444.788069 1431.553076
1411.547248 1402.947095 1394.720210 1387.378550 1382.070488 1378.937854 1375.494653 1368.808526 1361.144296 1346.539009 1333.560599 1320.574910 1305.910978 1301.373682 1297.476196 1298.131402 1286.233886 1275.130520 1255.928054 1239.895180 1223.803625 1213.135602 1207.022223 1201.093703 1205.441532 1220.796722 1229.834281 1216.619102 1206.394977 1193.565334 1187.339223 1183.979156 1185.673642 1195.655966 1217.558726 1236.154097 1243.364609 1236.257152 1232.035692 1230.859658 1231.145374 1238.148949 1253.895911 1274.720597 1296.384066 1313.220022 1323.679460 1332.490335 1343.488379 1358.624671 1373.308348 1387.994002 1405.503391 1425.551886 1440.230609 1449.600471 1453.722588
1371.358074 1360.754729 1349.123562 1337.406017 1330.129104 1330.138401 1322.607020 1315.430946 1299.814704 1253.731095 1235.209306 1216.521893 1200.380656 1193.680318 1185.342538 1176.686783 1166.693992 1159.285428 1151.540362 1135.571612 1117.830094 1101.433583 1095.916567 1091.495598 1082.667130 1087.502723 1090.674528 1094.454137 1087.234676 1081.447105 1079.244245 1076.741238 1079.899676 1093.378596 1105.248333 1115.635904 1122.237745 1121.489959 1129.179399 1136.467523 1141.596547 1158.538397 1173.180631 1191.852589 1214.240820 1238.673085 1252.944630 1263.618364 1275.645141 1292.235994 1309.905309 1328.341256 1351.564186 1376.710204 1393.312308 1405.091249 1417.569559
1320.893668 1305.956626 1292.238202 1278.514275 1264.376500 1263.964071 1259.376924 1250.123331 1208.795458 1166.145243 1133.277520 1114.300070 1091.458932 1079.150633 1067.048785 1040.026089 1024.993828 1018.268324 1022.544504 1012.388821 994.934805 980.403466 971.867109 964.884888 951.866780 943.031999 947.670526 959.795653 955.487452 953.946443 958.072194 956.405722 953.118419 958.730735 973.198936 981.651930 992.016627 1004.257072 1009.853384 1020.370538 1047.909058 1063.167745 1079.804842 1101.270987 1124.451355 1148.454114 1169.955646 1184.511250 1200.346764 1220.296858 1238.321584 1260.241055 1284.786513 1314.264115 1334.891153 1350.326899 1363.006492
1246.721837 1229.428942 1211.234642 1189.637911 1168.083289 1164.399534 1156.187803 1136.152405 1089.607501 1048.812799 1018.261033 995.061025 969.907739 950.097049 922.011185 889.710313 868.763712 873.498392 880.194438 880.423926 865.850495 852.476004 841.749323 827.527021 811.894431 800.228781 808.750183 817.345376 825.760088 829.360349 833.119358 835.725956 834.711572 830.524903 836.102971 845.452530 856.557357 868.116411 883.025890 913.973950 940.290650 959.421954 981.976112 1004.167538 1028.959396 1054.800499 1078.187607 1096.094626 1116.243809 1137.035986 1159.408375 1181.670130 1207.875255 1238.280622 1263.768173 1280.534732 1296.268986
1162.481002 1139.268126 1111.980307 1072.457503 1056.383407 1046.301684 1032.139847 994.862833 951.665492 916.123894 891.247372 865.247091 840.153460 812.059552 779.854931 752.649165 731.979898 738.249467 744.883917 755.773569 743.488069 731.910637 725.288046 710.146867 696.013339 681.494687 689.021746 698.973351 716.178824 720.372562 723.858209 730.842550 729.873053 727.622302 719.099220 728.201164 739.232065 753.733140 782.352143 808.573360 834.424531 857.767045 880.424165 905.403432 931.976325 958.803153 986.783401 1008.614557 1029.962332 1053.591333 1075.874710 1096.131973 1118.938459 1146.809219 1171.270842 1192.606092 1215.142329
1059.665195 1034.575595 997.259730 952.671363 917.461960 900.028743 860.764981 825.651854 789.601154 771.067535 751.369638 727.091211 704.263963 681.889103 655.073315 631.775626 607.314218 610.744561 622.934519 636.608727 630.667310 626.827174 623.388650 611.960032 598.162436 584.554290 588.166761 603.345804 620.197804 627.674526 634.340989 641.931947 642.137301 635.461167 627.330335 633.349151 647.896008 664.709159 686.624656 710.283139 733.797416 756.189777 781.020844 807.049606 833.727921 862.451031 892.333412 915.679425 942.368238 969.709908 991.784151 1006.481314 1022.884862 1049.080376 1069.691081 1093.728047 1118.339534
950.070702 922.191700 880.147719 836.376448 792.250742 751.882795 717.420071 684.935819 666.212515 646.146265 627.201195 608.074659 586.225915 566.097074 546.667880 524.174302 506.181298 511.268965 524.152028 535.147405 537.783079 534.621475 531.407861 523.782062 510.017985 500.028231 508.490009 523.844911 538.712821 548.932585 555.695699 561.822388 559.220447 551.157491 545.563269 553.882943 569.735967 585.113100 603.117907 625.460876 647.922375 670.982649 695.303587 719.897617 747.117927 775.402109 804.356685 833.206384 859.924948 885.086085 899.506813 914.015526 924.506586 943.470711 964.517695 987.604199 1013.736460
821.517720 791.975936 757.231792 717.004746 684.872732 651.333169 619.171363 587.712415 561.373522 543.501269 532.962084 517.542382 497.805804 483.860219 466.570556 448.830149 448.495018 451.250843 462.312661 463.458741 463.974209 460.898058 459.703196 455.295904 444.642762 451.593984 459.095871 473.747776 484.565623 494.029026 500.309744 504.484783 504.444381 498.150994 501.791236 509.128908 523.980691 536.239023 551.853158 573.318921 591.620433 612.127430 635.434236 659.700434 685.379495 712.814541 742.492212 769.693213 792.139162 804.621583 818.356055 827.206736 824.745469 841.913818 860.086623 878.325850 904.712961
