tests/Borden05m/data_simulated/sim_1/output-maps/psiliqL0011N0003.asc
ncols         160
nrows         34
xllcorner     620200.000000
yllcorner     5168000.000000
cellsize      0.500000
NODATA_value  -9999.0
[rows 0 to 24 of 34, columns 57 to 113 of 160]
-9999.0 -9999.0 -9999.0 -9999.0 -9999.0 -9999.0 -9999.0 -9999.0 -9999.0 -9999.0 -9999.0 -9999.0 -9999.0 -9999.0 -9999.0 -9999.0 -9999.0 -9999.0 -9999.0 -9999.0 -9999.0 -9999.0 -9999.0 -9999.0 -9999.0 -9999.0 -9999.0 -9999.0 -9999.0 -9999.0 -9999.0 -9999.0 -9999.0 -9999.0 -9999.0 -9999.0 -9999.0 -9999.0 -9999.0 -9999.0 -9999.0 -9999.0 -9999.0 -9999.0 -9999.0 -9999.0 -9999.0 -9999.0 -9999.0 -9999.0 -9999.0 -9999.0 -9999.0 -9999.0 -9999.0 -9999.0 -9999.0
-9999.0 -9999.0 411.690003 406.166666 400.848694 395.855996 386.816529 377.542288 368.994105 364.994745 364.073450 363.256526 362.882657 368.188863 376.206000 383.886369 391.132074 393.588884 396.093119 398.445275 399.031290 397.852582 394.690983 391.471766 388.130903 386.688763 378.518617 367.105471 358.221673 355.466435 359.949942 364.473928 367.014533 373.013814 383.855923 394.745633 403.323573 415.140489 420.789188 425.884530 428.928368 424.835471 421.274165 417.509790 412.571267 401.542341 -9999.0 -9999.0 -9999.0 -9999.0 -9999.0 -9999.0 -9999.0 -9999.0 -9999.0 -9999.0 -9999.0
394.546688 397.820245 386.791991 381.913824 378.585855 376.432303 371.391903 362.617287 357.245137 351.781940 349.989673 350.018161 350.094474 354.277653 364.356052 372.381047 377.210511 379.746100 382.365498 382.336396 381.922230 381.666754 378.869145 375.532075 372.212114 370.477532 370.767093 363.178108 357.767417 354.423260 352.976196 355.481525 357.853949 361.098259 370.692904 378.949754 387.196721 401.409563 413.734348 418.916486 416.421490 411.373357 407.585723 401.004112 391.048375 380.639509 370.566624 363.440923 357.948852 352.452725 358.508869 365.037873 375.111427 385.043126 397.056793 409.207621 -9999.0
378.748066 381.576005 370.768052 362.385815 357.610489 357.705743 360.047778 356.397500 351.706786 347.086126 355.280225 356.553231 357.721453 360.993557 364.249862 367.037320 369.844954 375.248517 384.308395 387.091151 387.733868 387.993614 386.293289 383.299087 381.606321 378.927984 373.789209 372.813606 373.188734 373.081773 378.174849 379.670496 381.226819 374.395313 377.851436 384.086344 390.940451 397.657329 404.433268 408.641566 405.374288 404.252211 395.819040 381.938122 370.580850 361.910177 359.641926 356.388882 348.547148 336.029774 342.998252 358.507518 363.108064 366.577426 378.339292 390.601241 400.882785
364.150816 367.109053 362.035438 363.141820 364.618312 366.068506 364.445037 361.436180 359.733572 372.454748 381.936198 383.721329 386.659214 390.194952 389.300528 377.204805 374.715691 383.177080 393.688114 399.692557 400.079113 400.232692 398.620558 397.793269 397.504147 395.338827 396.341407 398.916031 399.257488 404.122461 409.778251 412.598609 404.429213 395.223094 395.851807 403.498784 411.480173 418.743104 429.432938 440.785731 439.475536 433.611214 424.457346 410.648554 387.017540 367.140804 356.268088 349.238857 342.038324 341.566950 338.801852 349.667827 351.296547 352.982263 361.275860 371.487580 381.570877
378.198159 386.249109 380.231078 374.849616 371.748963 372.424396 372.691321 376.019843 388.951611 402.890470 417.768959 420.586838 423.228354 422.912600 413.554311 403.263229 399.254889 414.224933 430.398748 438.957199 440.126269 440.407897 448.260533 446.927923 445.035272 440.058821 442.432162 444.637313 455.307548 462.925099 469.845439 467.963157 456.034249 444.734234 442.896335 445.126897 447.681456 453.535950 463.641477 473.299434 468.000470 460.345186 449.732672 420.542242 392.654702 375.392327 375.526759 375.571530 370.607228 367.256872 363.618712 356.161427 355.503990 354.585548 353.843462 365.623450 377.747925
425.325570 441.369606 435.578364 427.318352 416.796391 417.383104 420.821399 429.275068 442.746281 461.049898 485.500260 489.125141 492.960254 496.446650 485.482762 473.155242 461.638075 478.602641 488.894092 498.340085 501.624639 513.161599 524.039870 519.976536 512.152404 502.569468 509.228120 522.134960 537.312773 543.971109 547.624785 547.037838 536.449645 530.754694 528.490082 529.589241 526.190763 529.596544 539.694348 554.271786 553.364560 542.787177 519.245998 481.876279 446.327937 424.320942 428.632050 421.465856 414.596440 410.236187 395.820985 384.281097 383.755653 373.795597 367.181678 378.252939 383.946848
471.861135 490.334904 486.290204 475.623752 462.974816 463.039718 471.316127 481.699756 501.402522 525.698551 550.982811 561.888145 567.609249 577.484047 570.934537 561.278153 552.358483 561.364127 574.172527 587.304111 599.527096 614.224921 627.663219 620.664493 610.522506 606.914225 612.184490 631.034988 647.509950 652.878442 654.759582 658.272850 650.445716 643.264154 635.558387 628.856507 621.868848 616.681178 632.580115 646.978429 643.803715 618.887970 593.122339 556.169910 517.363636 483.008519 479.342947 476.312291 474.306219 458.489456 442.411245 424.312521 413.423791 403.666311 388.447554 392.843377 397.543600
568.309423 589.646535 592.705734 577.598207 571.518762 577.007104 590.046638 598.027716 614.174041 641.201793 675.884648 701.169762 723.750565 729.100094 719.940156 709.471140 694.808942 690.916940 707.324069 721.581567 736.242714 751.447394 767.121010 775.859576 775.554617 776.221334 779.752863 785.998878 794.221002 801.204169 807.271557 813.464100 811.479002 801.493988 793.806814 783.896282 775.398677 771.401435 770.706143 777.889793 773.570905 746.531107 716.177227 681.612900 642.257440 608.356960 587.043016 589.224387 575.824181 556.820617 535.453735 498.761461 479.890310 462.303448 431.511476 425.970970 433.974745
684.253639 701.220777 716.687480 714.572830 717.570293 722.489807 731.162451 738.923452 750.050329 785.630890 824.025519 857.896150 885.989601 896.479485 885.586132 873.348259 859.398290 848.883011 852.795434 870.052072 892.114517 914.084594 929.905915 936.700970 937.300565 938.633127 941.003955 944.349739 947.320680 953.074354 960.151844 970.135332 981.277018 976.091976 959.502668 946.737463 932.035898 925.318226 921.233735 915.437632 911.430704 900.793973 865.874860 832.745472 796.133759 761.254173 734.459313 714.979360 693.228290 669.789531 623.947354 582.134963 545.253280 515.057080 484.392418 479.109634 500.955017
819.470707 847.381820 865.086753 870.423568 874.081131 878.623852 887.578531 897.184935 909.313335 934.447513 973.408696 1012.148494 1043.338868 1048.646513 1039.154576 1027.215685 1015.174848 1004.783886 1002.768126 1012.805478 1027.798312 1048.017304 1063.204994 1075.550180 1076.608038 1077.855672 1078.547624 1080.790089 1082.666647 1084.309707 1090.567079 1101.272168 1111.418531 1112.714554 1100.959719 1085.112293 1068.398789 1060.456025 1052.718119 1044.538935 1041.262350 1037.887113 1027.434025 999.158148 959.859894 911.988516 877.564331 850.374188 833.673871 815.590425 790.257001 738.990971 706.255607 667.587654 628.756519 603.012287 636.804918
956.460258 989.271736 1009.833472 1019.088840 1020.618929 1024.169733 1033.537317 1043.142855 1056.750786 1075.107660 1098.046988 1125.657817 1151.367936 1168.223265 1164.451638 1152.197578 1135.628060 1131.503455 1131.712470 1135.625197 1144.561703 1154.577939 1171.178498 1187.304272 1193.218306 1194.399093 1192.406967 1194.615755 1195.805242 1195.941902 1196.570875 1200.358073 1206.576861 1208.999339 1205.349244 1191.526209 1173.475002 1159.659667 1150.787957 1145.268013 1141.249015 1139.743044 1136.222284 1122.677332 1093.099335 1053.927074 1016.799501 991.020670 972.593762 957.311262 944.021490 923.052748 899.562567 862.426514 813.256411 771.276352 762.151080
1072.732071 1099.616931 1123.585962 1139.580000 1143.736776 1149.795851 1155.240232 1166.340029 1182.703740 1201.136952 1213.893804 1228.909458 1248.109132 1259.122815 1264.274671 1264.693612 1264.096909 1266.559611 1267.811157 1249.777015 1254.066116 1258.097440 1264.629292 1271.861193 1274.206370 1274.591299 1273.977353 1275.130156 1275.660121 1276.124974 1275.982804 1275.610884 1277.195900 1277.917223 1277.558285 1272.830468 1274.217889 1258.906934 1247.967078 1240.702932 1232.691469 1223.316397 1212.810756 1202.458050 1186.629263 1160.625678 1127.986697 1100.436934 1088.505623 1081.241902 1073.233030 1064.637223 1045.010356 1018.184855 982.925901 939.420184 897.485273
1173.313168 1192.475020 1217.283226 1234.049623 1243.252528 1250.945933 1255.542456 1267.373658 1280.002133 1276.875002 1279.489463 1281.902080 1284.120125 1284.591187 1284.547061 1284.380183 1282.558377 1283.054122 1282.735997 1279.450732 1271.706850 1274.197114 1276.067273 1278.521104 1281.748040 1280.193533 1281.017594 1284.074554 1283.052446 1278.289401 1275.342510 1274.110786 1274.626207 1281.760248 1285.101692 1286.423786 1286.622191 1286.816086 1287.117442 1286.289212 1284.718553 1282.141444 1278.777311 1279.323301 1269.618798 1248.176012 1218.233228 1186.584610 1173.173156 1168.437535 1168.161966 1163.367480 1154.845334 1134.050928 1105.214771 1067.446551 1026.438333
1277.674702 1278.085847 1285.023862 1288.256268 1289.519017 1291.282907 1293.218417 1293.799479 1290.541741 1287.025087 1282.287009 1280.744791 1278.939255 1276.017929 1276.228923 1274.232862 1270.871657 1268.524802 1263.944447 1255.214418 1245.391170 1243.761787 1248.260401 1252.471356 1255.769212 1258.010135 1260.872484 1262.254696 1258.293262 1251.557881 1245.561969 1244.239551 1250.857778 1256.541426 1261.825304 1263.075729 1262.656242 1261.872805 1263.186184 1261.625348 1262.306295 1268.013570 1279.770221 1285.087478 1286.436539 1286.089369 1281.103411 1271.977540 1262.172337 1243.478435 1246.115912 1240.774829 1228.736840 1208.025182 1185.126585 1156.871413 1128.764392
1290.186733 1288.657845 1282.967223 1277.138838 1276.049030 1279.291276 1285.447758 1286.368836 1279.317972 1271.125453 1264.179217 1257.242117 1254.454939 1252.187717 1250.729142 1250.493972 1245.816216 1239.723596 1226.847515 1217.335097 1207.546687 1201.882010 1199.627823 1203.490538 1211.449397 1219.281138 1223.183391 1217.068395 1210.431369 1201.029330 1194.073938 1195.138845 1198.342952 1207.803342 1221.663083 1226.530066 1228.399024 1225.115314 1222.494593 1217.939395 1216.572671 1222.915600 1236.404705 1249.866213 1262.008127 1269.421001 1276.482540 1282.812299 1287.386547 1288.052871 1287.846113 1286.236584 1283.576877 1269.056299 1249.936937 1228.477842 1206.513134
1274.433891 1270.123079 1263.911263 1258.183833 1256.065244 1257.792959 1259.992876 1256.173181 1249.033670 1238.593344 1227.355073 1216.829145 1209.451840 1208.366625 1208.871837 1208.817184 1202.951961 1190.287212 1175.275470 1163.798423 1150.985248 1146.566692 1140.348796 1134.741298 1143.413463 1158.581942 1163.846494 1150.727910 1141.042658 1127.435191 1120.676496 1118.851085 1122.067450 1133.384979 1154.375964 1174.292189 1177.127705 1169.765899 1162.500523 1159.257785 1157.637956 1164.257191 1181.596040 1200.303056 1214.259921 1223.525408 1229.335168 1237.561494 1246.905302 1258.156920 1269.888164 1279.335697 1287.206942 1289.673361 1288.225254 1284.436563 1272.084232
1253.226819 1246.341085 1239.606717 1233.203025 1228.217552 1224.929028 1221.228222 1214.086992 1205.856459 1191.171299 1177.522706 1163.518945 1147.210400 1140.700067 1135.393226 1135.428899 1124.078343 1114.297763 1096.931457 1082.558397 1066.956617 1055.266273 1046.459573 1037.785626 1040.761223 1055.593055 1064.176055 1049.602090 1037.843103 1023.663142 1017.108248 1014.939493 1019.439422 1033.657596 1060.020374 1081.715445 1090.857553 1085.189339 1081.635998 1080.708708 1080.954009 1087.440849 1103.034469 1124.096598 1146.149280 1163.089350 1173.588923 1182.517731 1193.483606 1207.957863 1221.186816 1233.796404 1249.062380 1266.891206 1280.026922 1288.691172 1293.034510
1222.489822 1213.190614 1202.380219 1190.795340 1183.120430 1182.187758 1173.489772 1164.640194 1147.312653 1099.069870 1077.602858 1055.207035 1034.602017 1023.665939 1012.211518 1002.292177 991.655101 984.414469 976.618485 960.747296 942.109917 923.365205 914.162423 906.399276 896.581135 902.240451 905.560224 906.963296 897.097243 888.611418 885.073091 883.459194 890.080107 909.132071 926.965626 941.702534 950.634849 950.743103 958.864556 966.364754 971.349070 988.999796 1005.692488 1027.857887 1054.350504 1081.817542 1098.290922 1111.158465 1125.328879 1143.304618 1161.178194 1178.709173 1200.404316 1223.488839 1238.164665 1248.564288 1260.045613
1177.927675 1162.711677 1147.811242 1132.052100 1115.917240 1113.243055 1106.105184 1093.535423 1048.109343 998.623430 959.488255 934.291511 905.118641 887.374535 871.757030 843.121855 827.100889 819.539327 822.946104 811.830180 793.090231 776.503008 765.781021 757.093494 743.452611 735.276588 739.671130 750.437366 744.119340 740.715108 743.908389 742.726345 741.771879 751.452891 769.760255 781.131853 792.970005 805.413691 811.008589 820.814439 848.127564 864.744008 884.424647 911.343524 941.107048 970.623068 996.667159 1016.140536 1037.451724 1062.273344 1083.666869 1107.772141 1133.668479 1163.261868 1183.283922 1198.247763 1210.502014
1100.325327 1080.044513 1057.680052 1031.155177 1004.823791 997.451072 985.606395 961.517104 908.290484 858.064486 819.718949 791.086155 761.440999 738.753313 709.441662 676.354721 655.229687 659.226842 665.741779 665.146105 650.173675 636.182609 624.790281 610.388795 594.648156 583.336046 591.512851 599.601632 606.435682 609.085815 612.522670 615.147094 615.087581 612.814698 620.612407 630.962442 642.387077 653.480617 666.902359 696.275002 721.719552 740.635250 764.354639 789.433229 818.285601 848.398103 876.375394 900.166385 927.834612 956.033322 984.808274 1013.226934 1045.327193 1079.878305 1107.879056 1126.878291 1144.560072
998.719400 969.661018 936.049837 889.449028 867.486219 853.612954 837.101983 796.948187 748.883403 707.052476 677.639397 649.354736 622.799727 594.298868 562.280196 535.012260 514.824184 521.239454 527.970900 538.477861 526.200334 514.445181 507.643063 492.593082 478.475713 464.149181 471.687550 481.217435 497.585431 501.319431 504.592039 511.459175 510.768826 509.114632 501.604975 510.912225 521.568744 535.197502 562.295402 587.078672 611.344373 633.137877 654.852941 679.587712 706.669479 734.523875 764.177986 788.982851 814.795012 843.828843 872.416884 900.541996 932.307916 967.453216 997.948652 1025.150489 1053.636983
868.595949 837.432913 795.334886 746.051657 708.281592 690.126232 651.126161 615.319413 577.079097 556.082030 535.188291 510.513952 487.699468 465.620718 439.079709 416.108072 392.305689 396.093190 408.408838 422.176508 415.985609 412.041468 408.664554 397.229426 383.510112 369.940754 373.515996 388.438423 405.045936 412.157303 418.632745 426.183218 426.456290 420.032940 411.981531 417.853675 431.831509 447.871264 468.950797 491.332731 513.306534 533.986113 557.121404 581.593982 606.841067 634.287534 663.209579 686.217258 713.618563 742.724623 767.981366 787.329294 809.843601 842.205247 869.223303 900.889731 934.178617
739.048017 708.461213 664.886958 620.127085 575.816564 536.525845 502.683067 470.604592 451.500802 431.468362 412.525503 393.576973 372.205024 352.395723 333.188993 311.129388 292.971063 298.317900 311.536096 323.080207 325.645868 322.612758 319.497327 311.825555 298.129351 287.691236 296.032509 311.380992 326.291548 336.329303 343.008886 349.154737 346.513204 338.420407 332.427371 340.479356 355.934870 370.824771 388.213284 409.576907 430.891936 452.550623 475.344744 498.324302 523.809039 550.273382 577.383855 604.455851 629.951409 654.636965 669.331460 684.997593 697.936231 719.680289 744.037132 771.785548 803.693297
604.675549 575.068250 540.522781 500.699330 469.053763 436.411763 405.089545 374.329279 348.701776 331.025849 320.724319 305.641147 286.194705 272.524833 255.553770 237.614255 237.139092 240.348014 251.938809 253.562636 254.234343 251.260184 250.142086 245.644980 234.674147 241.254950 248.838144 263.575801 274.419442 283.806586 290.060444 294.206832 293.965434 287.353186 290.620629 297.806219 312.412227 324.286285 339.452682 360.269760 377.744461 397.279060 419.414198 442.356448 466.583003 492.399785 520.336384 545.828329 566.801343 578.124567 590.989860 599.631624 597.435357 614.895652 633.620706 653.107389 681.270360
