tests/Borden05m/data_simulated/sim_1/output-maps/psiliqL0014N0007.asc
ncols         160
nrows         34
xllcorner     620200.000000
yllcorner     5168000.000000
cellsize      0.500000
NODATA_value  -9999.0
[rows 0 to 24 of 34, columns 0 to 55 of 160]
-9999.0 -9999.0 -9999.0 -9999.0 -9999.0 -9999.0 -9999.0 -9999.0 -9999.0 -9999.0 -9999.0 -9999.0 -9999.0 -9999.0 -9999.0 -9999.0 -9999.0 -9999.0 -9999.0 -9999.0 -9999.0 -9999.0 -9999.0 -9999.0 -9999.0 -9999.0 -9999.0 -9999.0 -9999.0 -9999.0 -9999.0 -9999.0 -9999.0 -9999.0 -9999.0 -9999.0 -9999.0 -9999.0 -9999.0 -9999.0 -9999.0 -9999.0 -9999.0 -9999.0 -9999.0 -9999.0 -9999.0 -9999.0 -9999.0 -9999.0 -9999.0 -9999.0 -9999.0 -9999.0 -9999.0 -9999.0
-9999.0 -9999.0 -9999.0 -9999.0 -9999.0 -9999.0 -9999.0 -9999.0 -9999.0 -9999.0 -9999.0 -9999.0 -9999.0 -9999.0 -9999.0 -9999.0 -9999.0 -9999.0 -9999.0 -9999.0 -9999.0 -9999.0 -9999.0 -9999.0 -9999.0 -9999.0 -9999.0 -9999.0 -9999.0 -9999.0 -9999.0 -9999.0 -9999.0 -9999.0 -9999.0 -9999.0 -9999.0 -9999.0 -9999.0 -9999.0 -9999.0 -9999.0 -9999.0 -9999.0 -9999.0 -9999.0 -9999.0 -9999.0 -9999.0 -9999.0 -9999.0 -9999.0 -9999.0 -9999.0 -9999.0 -9999.0
-9999.0 -9999.0 -9999.0 -9999.0 -9999.0 -9999.0 -9999.0 -9999.0 -9999.0 -9999.0 -9999.0 -9999.0 -9999.0 -9999.0 -9999.0 -9999.0 -9999.0 -9999.0 -9999.0 -9999.0 -9999.0 -9999.0 -9999.0 -9999.0 -9999.0 -9999.0 -9999.0 -9999.0 -9999.0 -9999.0 -9999.0 -9999.0 -9999.0 -9999.0 -9999.0 -9999.0 -9999.0 -9999.0 -9999.0 -9999.0 -9999.0 -9999.0 -9999.0 -9999.0 -9999.0 -9999.0 -9999.0 897.552775 880.384992 865.083236 862.859392 885.548838 909.230126 933.352949 954.248503 973.124291
-9999.0 -9999.0 -9999.0 -9999.0 -9999.0 -9999.0 -9999.0 -9999.0 -9999.0 -9999.0 -9999.0 -9999.0 -9999.0 -9999.0 -9999.0 -9999.0 -9999.0 -9999.0 -9999.0 -9999.0 -9999.0 -9999.0 -9999.0 -9999.0 -9999.0 -9999.0 -9999.0 -9999.0 -9999.0 -9999.0 -9999.0 -9999.0 -9999.0 -9999.0 -9999.0 -9999.0 -9999.0 -9999.0 -9999.0 -9999.0 944.742944 950.789264 952.093637 941.911292 930.955517 918.878084 899.024379 881.387351 866.866786 864.670353 867.650037 872.899566 895.686258 920.773633 940.831507 958.112366
-9999.0 -9999.0 -9999.0 -9999.0 -9999.0 -9999.0 -9999.0 -9999.0 -9999.0 -9999.0 -9999.0 -9999.0 -9999.0 -9999.0 -9999.0 -9999.0 -9999.0 -9999.0 -9999.0 -9999.0 -9999.0 -9999.0 -9999.0 -9999.0 -9999.0 -9999.0 -9999.0 -9999.0 -9999.0 -9999.0 -9999.0 -9999.0 -9999.0 -9999.0 851.391483 868.970572 887.317387 906.044136 923.099031 930.150802 936.131556 942.060715 938.193661 933.881030 922.845808 903.912918 884.725594 871.271543 869.565000 867.494076 872.159750 885.358209 902.579101 919.137050 940.490182 964.519402
-9999.0 -9999.0 -9999.0 -9999.0 -9999.0 -9999.0 -9999.0 -9999.0 -9999.0 -9999.0 -9999.0 -9999.0 -9999.0 -9999.0 -9999.0 -9999.0 -9999.0 -9999.0 -9999.0 -9999.0 -9999.0 -9999.0 -9999.0 -9999.0 -9999.0 -9999.0 -9999.0 -9999.0 854.612414 848.883448 844.128252 842.956435 841.985736 841.206726 848.278450 860.568623 878.879325 900.965491 914.338911 921.937563 928.944021 930.023325 925.333931 923.774153 924.547490 913.105377 901.834299 891.328361 881.232833 880.096221 890.145447 904.816163 921.589823 937.002856 952.994410 963.972313
-9999.0 -9999.0 -9999.0 -9999.0 -9999.0 -9999.0 -9999.0 -9999.0 -9999.0 -9999.0 -9999.0 -9999.0 -9999.0 -9999.0 -9999.0 -9999.0 -9999.0 -9999.0 -9999.0 -9999.0 -9999.0 -9999.0 -9999.0 824.124965 829.998090 836.737644 844.462075 845.641802 841.836278 836.529218 833.858539 832.746349 831.405589 836.290558 844.701934 858.661584 874.908179 897.282237 906.353901 912.838705 925.505872 928.788878 935.123062 939.717124 938.546424 936.179768 924.123266 915.309085 920.820584 927.234616 934.691998 943.359984 957.443067 973.427293 991.384187 1012.194324
-9999.0 -9999.0 -9999.0 -9999.0 -9999.0 -9999.0 -9999.0 -9999.0 -9999.0 -9999.0 -9999.0 -9999.0 -9999.0 -9999.0 -9999.0 -9999.0 -9999.0 -9999.0 -9999.0 798.837975 799.867026 801.225449 806.098607 807.045903 809.383662 816.623925 825.067891 827.772795 826.374315 825.348572 827.300081 830.473345 835.337521 847.121199 861.463070 876.217187 890.666292 912.189101 927.591094 941.788379 958.408057 958.418550 955.077858 953.946900 955.156539 956.092963 960.846370 964.309115 971.442841 976.952366 984.136482 994.366464 1006.778431 1025.898364 1046.654337 1067.394933
-9999.0 -9999.0 -9999.0 -9999.0 -9999.0 -9999.0 -9999.0 -9999.0 -9999.0 -9999.0 -9999.0 -9999.0 -9999.0 -9999.0 -9999.0 -9999.0 770.055842 772.006082 774.353726 779.861942 782.926219 787.130882 794.310861 795.812990 799.879809 807.361159 812.627459 821.857173 830.366122 838.181370 844.700578 847.982998 856.067074 866.383036 878.987806 895.002064 917.289029 941.235285 958.365317 976.074438 994.036609 995.534506 995.348493 997.420266 998.889948 1006.268092 1024.858727 1031.875380 1034.386582 1052.147702 1067.457452 1073.806250 1082.699557 1103.015685 1128.054889 1152.788837
-9999.0 -9999.0 -9999.0 -9999.0 -9999.0 -9999.0 -9999.0 -9999.0 -9999.0 -9999.0 -9999.0 -9999.0 -9999.0 723.660998 727.928561 737.639679 747.005532 749.703180 754.188399 760.459781 772.914722 776.834306 783.388052 791.320479 803.586545 812.654069 822.324814 834.715781 843.738879 851.639327 859.397468 865.818056 879.910887 896.045699 912.765943 934.021506 957.119673 978.832088 1000.524111 1017.565133 1032.503787 1035.698622 1035.927852 1039.581374 1048.687516 1067.436274 1088.034581 1099.123749 1119.531526 1144.771037 1160.296058 1173.801225 1184.111409 1199.139277 1222.195813 1258.664296
-9999.0 -9999.0 -9999.0 -9999.0 -9999.0 -9999.0 -9999.0 -9999.0 -9999.0 -9999.0 690.316844 692.791193 689.570617 689.552020 694.833670 707.151823 721.064716 727.907419 739.747363 760.948739 779.034836 782.944189 797.925302 808.606531 815.909582 827.060926 840.898982 854.492604 872.189660 885.650618 898.343378 919.044553 936.752496 954.632798 973.850144 995.639389 1017.139535 1047.401304 1076.253536 1091.027182 1115.154018 1128.000371 1126.964207 1129.002064 1140.058638 1158.589093 1182.663600 1209.224352 1234.284005 1262.991271 1283.456822 1300.246962 1313.029553 1327.379507 1345.419417 1383.210595
-9999.0 -9999.0 -9999.0 -9999.0 -9999.0 -9999.0 -9999.0 -9999.0 665.608479 673.066992 679.408519 676.667478 672.437255 668.847812 682.814427 698.956157 715.328250 733.245648 749.631390 768.227673 784.030148 800.850135 821.253860 833.667323 846.127346 862.315326 876.979346 895.268302 917.796670 932.048956 950.447609 973.491547 993.921884 1013.878821 1034.708532 1055.177781 1084.148183 1120.271883 1154.926860 1180.426212 1210.813339 1236.255633 1238.019419 1243.134894 1250.488109 1279.417238 1312.252716 1346.516001 1375.846119 1407.083791 1439.713434 1460.061473 1472.551951 1486.733291 1503.677582 1524.366750
-9999.0 -9999.0 -9999.0 -9999.0 -9999.0 -9999.0 638.347708 662.765980 678.014721 670.419294 660.978772 657.709219 654.082908 677.539328 699.844180 717.495865 734.858399 752.975679 770.073603 783.845039 818.378012 836.870391 852.195104 871.383332 887.037232 902.821237 921.622156 946.513320 970.133634 1001.929890 1030.174542 1056.639276 1085.371407 1107.810339 1129.574492 1151.065416 1185.647802 1226.425772 1266.691334 1299.120894 1329.465609 1362.771366 1372.721567 1381.290255 1391.679696 1415.941533 1450.791686 1484.345233 1521.254829 1556.246940 1585.202637 1598.783825 1610.307642 1622.460204 1636.697290 1649.910476
-9999.0 -9999.0 -9999.0 -9999.0 604.614891 625.702104 646.046352 677.060165 700.009685 695.440057 702.674634 703.397660 702.186373 706.488298 713.990797 732.666884 751.815356 771.270668 789.924712 825.919379 870.782577 887.578236 913.401238 946.803927 962.098780 979.056258 997.111126 1022.209345 1051.431398 1087.566523 1134.279050 1174.641459 1203.691892 1230.108591 1255.058300 1281.013280 1318.828695 1360.494392 1401.527807 1439.563822 1472.539195 1500.648922 1515.522487 1525.688314 1540.047879 1559.013315 1582.726549 1612.015890 1644.803493 1678.137151 1704.181702 1718.540464 1726.807998 1737.530377 1748.015050 1760.074594
-9999.0 -9999.0 -9999.0 555.316410 594.138946 632.121832 659.552819 690.936059 723.578886 729.082460 738.765885 744.685967 750.561478 760.014948 769.545036 787.364869 804.134436 820.591565 843.523034 881.379914 917.856664 949.625061 983.496107 1012.535138 1035.563525 1053.740799 1074.606862 1101.306704 1143.974472 1184.872222 1238.633347 1295.347394 1335.831644 1364.120586 1390.314810 1421.535980 1450.276512 1489.953484 1528.253466 1564.227233 1597.975947 1624.144833 1644.110929 1653.070856 1664.040242 1674.274138 1691.920129 1714.328306 1736.746210 1765.755511 1794.086834 1818.498060 1832.284278 1842.020995 1857.631487 1873.272694
-9999.0 -9999.0 508.097309 545.956228 580.406324 631.125016 684.511640 719.449541 761.128333 786.095032 794.097533 812.611630 830.076455 838.711743 855.538306 873.727604 891.910336 899.373261 917.039080 949.500160 1001.432759 1049.453323 1074.162006 1128.160727 1164.210073 1194.327381 1214.794121 1244.566164 1283.138099 1328.499870 1380.756331 1434.041873 1475.856466 1510.307552 1530.195816 1552.746028 1578.192628 1604.460250 1640.193657 1670.595990 1702.752903 1729.201043 1751.237367 1758.738876 1764.468409 1780.817016 1805.419322 1831.269252 1855.578194 1878.913610 1883.408083 1894.747233 1900.233391 1903.594861 1908.241935 1911.553671
-9999.0 -9999.0 481.554866 526.534031 567.398100 634.699824 714.630974 752.756606 796.884748 844.087138 864.644830 891.086755 905.918939 918.408259 943.534123 967.450162 980.193349 987.864007 989.155547 1046.474877 1107.314755 1162.047739 1214.345243 1283.847683 1332.098738 1351.732239 1367.428059 1391.404725 1419.422761 1465.610819 1515.989551 1570.753906 1616.302855 1649.150609 1667.415231 1687.464541 1709.184150 1728.126755 1748.008523 1787.296712 1814.477285 1839.962299 1866.442165 1886.636242 1895.286724 1899.258144 1890.104218 1899.969167 1906.990602 1910.656524 1912.501443 1910.005429 1910.038468 1911.287124 1912.740949 1908.192653
-9999.0 392.777886 445.038481 498.591985 568.082911 636.211477 720.616700 801.887710 859.806733 908.844495 940.864947 957.326205 999.074656 1045.178976 1073.662813 1102.427436 1106.585919 1112.616072 1104.965960 1155.155849 1208.521137 1287.499002 1400.376359 1459.982979 1506.829305 1512.682194 1511.541572 1527.358566 1553.900210 1598.961423 1666.433778 1714.175625 1767.193555 1807.531115 1823.620811 1831.606951 1849.951281 1870.319143 1860.190380 1882.173982 1892.698908 1901.482542 1904.322984 1906.728603 1908.693278 1909.996785 1908.055375 1902.992863 1896.502517 1892.118229 1889.096775 1885.401165 1888.431973 1892.151807 1893.326172 1886.906910
-9999.0 357.451173 417.159011 489.081670 560.751459 630.495968 736.102186 879.134225 934.504720 975.087308 1003.378680 1033.698022 1117.451925 1188.006873 1225.965540 1272.242379 1269.092267 1260.444591 1250.372085 1285.900583 1338.758577 1415.366944 1557.466615 1643.321039 1672.895014 1687.248643 1697.602539 1726.314063 1764.214426 1801.022092 1834.207602 1836.652152 1862.757699 1876.648708 1882.034590 1885.319041 1890.397570 1892.214212 1891.786043 1889.661254 1886.395783 1887.739493 1892.699573 1893.517092 1891.883929 1890.058066 1885.795027 1879.527597 1875.202718 1871.667497 1869.839634 1867.570680 1866.528825 1866.945302 1862.946142 1857.580905
-9999.0 328.387051 399.537725 463.705856 530.391120 647.073522 773.991141 910.734633 1006.417027 1049.345296 1082.274321 1161.102745 1268.489260 1369.166315 1424.521720 1452.593197 1457.127769 1439.558975 1445.935821 1492.178698 1558.178223 1649.067388 1738.727333 1814.976173 1830.763430 1837.623518 1821.894383 1837.590628 1852.112730 1857.190425 1861.118827 1866.579871 1873.938027 1878.809353 1879.718981 1879.007534 1876.356760 1870.320603 1866.971368 1865.022801 1862.632181 1862.990505 1866.232014 1868.015578 1866.299663 1863.448906 1860.020512 1855.469122 1850.477371 1844.967207 1841.958602 1838.674385 1836.971254 1832.372539 1828.015349 1821.831363
-9999.0 230.324593 318.310211 374.601070 492.499096 666.637033 794.569785 947.532068 1096.290870 1143.338167 1229.311410 1357.277636 1469.724608 1549.010893 1594.049566 1638.164215 1668.617497 1693.614312 1729.313985 1693.751354 1749.691175 1805.344549 1830.727547 1844.518105 1848.891436 1853.453176 1849.187386 1833.674143 1826.686763 1823.007387 1827.230062 1836.567393 1843.819537 1850.858086 1850.321785 1852.243579 1853.524163 1851.244090 1848.605153 1841.391723 1834.523887 1829.268073 1827.800471 1833.305360 1828.964599 1826.550773 1821.588009 1814.755941 1807.331514 1800.849134 1794.168013 1788.159298 1785.664348 1780.010792 1777.887522 1768.688742
-9999.0 149.370570 226.715325 318.423156 459.089454 624.423879 758.098536 928.730879 1139.258558 1261.903522 1393.781181 1475.563885 1557.684977 1625.631857 1691.891455 1739.759465 1765.974119 1777.835150 1770.886653 1783.222204 1754.811147 1750.804421 1770.249813 1798.368675 1813.803465 1820.542058 1815.193021 1807.589013 1803.138972 1804.320271 1804.898090 1804.945663 1804.526819 1803.491205 1801.380354 1804.141459 1809.382926 1804.084730 1796.254200 1788.580159 1781.369747 1773.032862 1767.390381 1763.913656 1762.901216 1763.059532 1756.349605 1746.985626 1737.502731 1730.311512 1723.432110 1718.263169 1715.633557 1710.040783 1700.869942 1686.702219
-9999.0 52.246606 172.966857 268.700089 393.212766 531.883530 661.752917 829.336360 984.239942 1209.636257 1378.231069 1490.681848 1540.953678 1605.248967 1669.093784 1737.814403 1745.537776 1720.206734 1691.814955 1680.309369 1688.086403 1699.767282 1714.626936 1735.669103 1754.766854 1766.328403 1770.467233 1764.983643 1753.142966 1745.131488 1739.449778 1730.571368 1724.288248 1723.733515 1724.953104 1732.382227 1734.890840 1726.181434 1713.508033 1697.411617 1682.902378 1671.522827 1667.752478 1668.392756 1668.033278 1664.455876 1657.968152 1648.043537 1636.241105 1625.195458 1618.260900 1612.937107 1605.661767 1594.677696 1581.717743 1566.345612
-9999.0 -9999.0 98.397140 210.126979 320.232930 445.196244 564.248050 712.156019 867.389130 1055.549393 1181.524830 1318.111824 1397.466277 1449.812228 1504.966507 1563.066536 1585.043178 1606.898992 1593.454662 1600.302886 1609.001957 1616.875280 1628.240805 1641.498338 1656.477538 1668.173610 1677.287012 1676.288484 1667.912014 1651.255371 1631.365483 1616.200868 1607.661842 1600.976628 1610.217969 1621.408433 1618.442599 1611.705492 1599.474858 1583.041863 1568.717229 1553.396161 1548.017840 1547.041363 1546.238929 1542.818446 1538.071328 1525.271986 1512.506103 1500.795391 1495.267871 1488.859625 1482.709410 1470.563713 1456.790349 1440.830963
-9999.0 -9999.0 14.264133 123.892378 240.149452 365.122746 468.169178 549.625333 706.118105 827.483181 937.154580 1040.941235 1128.400570 1196.626251 1245.597581 1310.336955 1354.051047 1372.773990 1394.563146 1425.572717 1452.871271 1481.953449 1501.983044 1516.787837 1532.848127 1547.919004 1557.754053 1546.650129 1535.567604 1518.570010 1497.017807 1473.786884 1461.677311 1457.919680 1459.970243 1464.814827 1458.902698 1449.023161 1434.096546 1417.322976 1402.555601 1389.121983 1383.054742 1378.144573 1375.678094 1371.971408 1368.179105 1359.253883 1347.753314 1339.878853 1331.332353 1324.926665 1321.086046 1313.174583 1302.181746 1293.352686
