tests/Borden05m/data_simulated/sim_1/output-maps/psiliqL0024N0016.asc
ncols         160
nrows         34
xllcorner     620200.000000
yllcorner     5168000.000000
cellsize      0.500000
NODATA_value  -9999.0
[rows 0 to 24 of 34, columns 55 to 109 of 160]
-9999.0 -9999.0 -9999.0 -9999.0 -9999.0 -9999.0 -9999.0 -9999.0 -9999.0 -9999.0 -9999.0 -9999.0 -9999.0 -9999.0 -9999.0 -9999.0 -9999.0 -9999.0 -9999.0 -9999.0 -9999.0 -9999.0 -9999.0 -9999.0 -9999.0 -9999.0 -9999.0 -9999.0 -9999.0 -9999.0 -9999.0 -9999.0 -9999.0 -9999.0 -9999.0 -9999.0 -9999.0 -9999.0 -9999.0 -9999.0 -9999.0 -9999.0 -9999.0 -9999.0 -9999.0 -9999.0 -9999.0 -9999.0 -9999.0 -9999.0 -9999.0 -9999.0 -9999.0 -9999.0 -9999.0
-9999.0 -9999.0 -9999.0 -9999.0 3000.523296 2995.196809 2990.362483 2986.150256 2984.892100 2975.868082 2968.035680 2963.990925 2962.967333 2962.234854 2961.735985 2966.744633 2974.867421 2982.539132 2989.269139 2983.157092 2985.036440 2986.889906 2987.117810 2985.938454 2983.130474 2988.793995 2985.659936 2984.022668 2976.590892 2965.456857 2957.094676 2954.405680 2958.612312 2962.954573 2965.404651 2970.651208 2981.028216 2991.356602 2990.804330 3002.307903 3009.094873 3014.419865 3017.092789 3013.126564 3009.872487 3005.995049 3000.483042 2989.435371 -9999.0 -9999.0 -9999.0 -9999.0 -9999.0 -9999.0 -9999.0
2952.949936 2971.282347 2984.889741 2988.000959 2983.551061 2978.725485 2975.634744 2973.989223 2969.855347 2961.422103 2956.369403 2950.981220 2948.524211 2948.609521 2948.593677 2952.400377 2963.142137 2971.021307 2975.656784 2978.170361 2980.993832 2979.632163 2978.908963 2978.687652 2975.810568 2972.508379 2969.141988 2967.317071 2968.638634 2961.064122 2955.156656 2951.330398 2948.552224 2951.211693 2953.869447 2958.252651 2967.420622 2975.286974 2982.783076 2988.567342 3000.663410 3006.278836 3003.782618 2999.212078 2995.940585 2989.131262 2986.728563 2976.887321 2968.725546 2962.419585 2956.927183 2950.485169 2956.695400 2964.225506 2973.485115
2936.587753 2955.814767 2976.136228 2978.781384 2968.587059 2960.828165 2954.333217 2954.875786 2958.301215 2955.101243 2950.380752 2943.065425 2952.854986 2953.932355 2954.751339 2958.022152 2960.193357 2965.069100 2967.570165 2972.917495 2981.843114 2984.618973 2985.065016 2985.125651 2983.165366 2979.926694 2977.988578 2975.201950 2969.938940 2968.244834 2967.978657 2966.827698 2970.987788 2972.059693 2975.202823 2969.555851 2973.817358 2979.981195 2986.414472 2991.618819 2987.812670 2990.094790 2986.870688 2987.786529 2988.742236 2975.316700 2965.785167 2958.168821 2958.023093 2954.944058 2946.920920 2933.225480 2941.206087 2957.082854 2961.694421
2941.366510 2950.348227 2961.076239 2963.673103 2958.679108 2960.808909 2962.625049 2963.935448 2962.180300 2958.778904 2954.801006 2965.501857 2973.473866 2974.873457 2977.399639 2981.401657 2982.630124 2971.716297 2969.657506 2977.026311 2986.205386 2991.357575 2991.513231 2991.172169 2987.725707 2986.577407 2986.336380 2984.473002 2984.134733 2985.795874 2983.697082 2986.857770 2992.055983 2984.790652 2989.674017 2981.432747 2983.456423 2991.517324 2989.593661 2996.597638 3006.352553 3017.238413 3017.401243 3012.855176 3004.892496 2992.963451 2980.534551 2962.989062 2951.907683 2943.920152 2936.576671 2938.975196 2934.377479 2947.655976 2949.283727
2929.270068 2949.357915 2969.082358 2975.204968 2969.250952 2965.372338 2963.965616 2964.671258 2963.921664 2964.796197 2974.072107 2985.835983 2986.742025 2988.110852 2989.868363 2989.173677 2992.825408 2982.850285 2980.046166 2993.208219 2997.937851 3005.124112 3004.671272 3000.784949 3004.358570 3004.183491 3004.293592 3000.660449 3001.521642 2999.632385 3005.655409 3013.264155 3021.034849 3019.066567 3007.301613 2995.166421 2994.920457 2999.998862 3005.878807 3013.268596 3023.468654 3032.748162 3028.019631 3022.726198 3015.185452 2989.946109 2978.169120 2964.306139 2963.996887 2964.547675 2960.439755 2958.160990 2956.768975 2952.104752 2952.117629
2966.522250 2985.664224 2995.435653 3008.064662 3001.778613 2994.083584 2985.258630 2985.359637 2985.978849 2991.940557 3002.459323 3015.623569 3036.849051 3036.565917 3037.230076 3036.405283 3024.279142 3011.188738 3001.000131 3022.289346 3032.488201 3039.706351 3037.670503 3043.384035 3052.109782 3048.334953 3041.754712 3029.949379 3035.599563 3042.815765 3057.864450 3065.557883 3070.579461 3066.509333 3053.104654 3046.542187 3047.646038 3053.490844 3054.163895 3062.228487 3071.274889 3086.284040 3085.210367 3081.214471 3061.189630 3024.567697 2996.000726 2994.338638 2993.233094 2987.562282 2992.316821 2991.858230 2980.254685 2972.428736 2974.996781
2990.000175 3003.222637 3018.925687 3035.403585 3026.959179 3016.576018 3000.443707 2997.556381 3002.038448 3011.948221 3029.403212 3047.824113 3068.037349 3067.973546 3062.720362 3072.044789 3065.251787 3054.627874 3046.964798 3066.673891 3076.938246 3087.100161 3093.321844 3105.864417 3116.378627 3100.926500 3084.659848 3075.059202 3081.743626 3106.311886 3127.814525 3132.610728 3131.999347 3131.948563 3117.678656 3112.612181 3108.749552 3108.288051 3105.231099 3103.088375 3127.333541 3148.140498 3147.833231 3126.265620 3103.633862 3065.092121 3027.774431 3003.186414 3013.735475 3010.777499 3014.256948 3003.713976 2991.721854 2983.988373 2991.925697
3041.706863 3064.042062 3080.739461 3101.982765 3094.214645 3072.006491 3057.119899 3059.843074 3072.997121 3080.668910 3098.367312 3116.273007 3142.692638 3155.975429 3168.102611 3169.090600 3164.664879 3156.130450 3143.938797 3148.009311 3170.620984 3179.024297 3187.436264 3196.090681 3208.605288 3209.718767 3203.451316 3201.791416 3205.927713 3218.343235 3231.875215 3238.562188 3241.948830 3244.979223 3233.280263 3220.863046 3218.249259 3212.357748 3210.351265 3209.397052 3219.582721 3238.771044 3235.928996 3201.334417 3174.984848 3143.804708 3106.142848 3076.903209 3069.363456 3086.693289 3083.698397 3067.571477 3056.083132 3029.194663 3023.265721
3112.847976 3145.768524 3170.148022 3177.822974 3185.684037 3172.201302 3170.444967 3174.335253 3182.285960 3185.447870 3191.836595 3223.926190 3257.527364 3282.881754 3305.607557 3312.681212 3300.751461 3290.938823 3277.632702 3268.706235 3278.625250 3295.186641 3312.589932 3327.535641 3338.785118 3341.072406 3339.539478 3339.617480 3342.533655 3345.500468 3349.581803 3357.667754 3365.203487 3373.579694 3382.012157 3372.323202 3355.904237 3346.271109 3336.644132 3335.323300 3336.394600 3339.545435 3340.600989 3325.423799 3285.297896 3254.646108 3222.963865 3202.414125 3188.467649 3186.801307 3171.893429 3148.350584 3098.277605 3061.189919 3029.869160
3197.024267 3239.966879 3268.997099 3286.646992 3299.414827 3297.031927 3298.740913 3299.795629 3303.635259 3306.216685 3309.380154 3335.350869 3375.659303 3414.474920 3445.321496 3445.620384 3432.405271 3421.153832 3411.834883 3397.942155 3394.051625 3405.980119 3420.769923 3440.448542 3450.979650 3457.528215 3454.566675 3454.807161 3456.419977 3458.705910 3460.790237 3464.192402 3473.483177 3488.100566 3502.174831 3501.579888 3483.429385 3465.651531 3449.521897 3446.499795 3443.669331 3438.730234 3440.901037 3442.764076 3428.205753 3398.007141 3359.471126 3319.148111 3301.442490 3285.841952 3275.158195 3258.767612 3220.905160 3160.217513 3122.609955
3311.290398 3344.214832 3372.562220 3402.581587 3417.727197 3420.500799 3418.178054 3417.264882 3424.187502 3427.243715 3433.342292 3449.771875 3480.724569 3515.254649 3544.469548 3560.012612 3552.656044 3535.326802 3513.708470 3504.432561 3501.701430 3505.109827 3514.262670 3526.539964 3545.563168 3564.546709 3570.216384 3571.079770 3568.474838 3570.802254 3572.307398 3572.413774 3575.117234 3583.191727 3592.752907 3596.039887 3588.617771 3568.218615 3545.162922 3533.495190 3526.795852 3523.312596 3524.027087 3528.802404 3531.693829 3517.374428 3482.753014 3439.288464 3409.165009 3393.425041 3380.529686 3367.271792 3355.297510 3324.571791 3304.294416
3418.971743 3433.867001 3461.573050 3489.957637 3512.634000 3527.411493 3528.114735 3531.343371 3536.031094 3543.554479 3558.592446 3581.318944 3599.765422 3621.729439 3647.711414 3663.547471 3668.820031 3667.343591 3663.562721 3664.816842 3665.150079 3605.700067 3611.661845 3617.599730 3633.782372 3648.501622 3653.800636 3654.404330 3651.998569 3653.757612 3654.481947 3654.398843 3654.029335 3656.135396 3660.941461 3662.778320 3660.507670 3648.448408 3665.295482 3645.583863 3632.294509 3624.179883 3616.019333 3607.780306 3598.396061 3588.610955 3569.107172 3538.795582 3504.737306 3482.844330 3474.728643 3468.774934 3460.679579 3455.200767 3438.602769
3517.129862 3527.678994 3545.512503 3567.872930 3601.016225 3623.916078 3635.153067 3644.323451 3648.954429 3662.678543 3678.962385 3663.926395 3671.816076 3679.980605 3688.092934 3690.878773 3691.676421 3691.308356 3688.934796 3688.199041 3685.852256 3682.278060 3671.915505 3673.513840 3675.420347 3678.027890 3681.738562 3680.613280 3681.705141 3684.653547 3682.918757 3676.933288 3672.906480 3671.333331 3672.281039 3679.680644 3683.132876 3684.074495 3680.921607 3680.012761 3679.066752 3675.837149 3671.805040 3666.120947 3658.849874 3672.640708 3660.821765 3633.324244 3593.897349 3553.529597 3545.406459 3546.731520 3546.791995 3545.250320 3539.738904
3639.818371 3653.259231 3667.810474 3647.305340 3668.518000 3679.375224 3684.451951 3688.416948 3691.172568 3694.113370 3691.084815 3688.043136 3683.186666 3681.657274 3680.318105 3677.892149 3678.527742 3676.642682 3672.604506 3668.626078 3660.822047 3649.355310 3638.181583 3634.720180 3639.050551 3644.613624 3649.688668 3654.021105 3657.704753 3657.810874 3652.416757 3644.057073 3636.566021 3634.888242 3641.721219 3647.441530 3653.844519 3654.700485 3653.311331 3650.867755 3650.664726 3647.471234 3647.706643 3654.717482 3669.313486 3672.309121 3677.913963 3677.115785 3661.306696 3632.682577 3642.538652 3622.723584 3628.568348 3624.047419 3612.792314
3682.528512 3685.159977 3683.611538 3682.453645 3676.127016 3670.112848 3669.351560 3673.361922 3680.392314 3681.486968 3674.470334 3665.957252 3658.792862 3651.465080 3649.168726 3648.565489 3648.296870 3648.781007 3643.516846 3634.379655 3617.575837 3606.041168 3594.994475 3589.067739 3585.464760 3589.060672 3600.163775 3612.090121 3617.088193 3608.042081 3599.692807 3588.005909 3579.955286 3580.386928 3581.529416 3590.970125 3607.521696 3614.774519 3615.545466 3609.193431 3602.876399 3596.278148 3593.286912 3599.716374 3614.929611 3631.497690 3646.882815 3655.905216 3663.562886 3670.598929 3669.479650 3672.082726 3673.515109 3671.492738 3674.138684
3676.777838 3669.855753 3662.945036 3657.705221 3651.286057 3645.990286 3644.202322 3646.161011 3648.220708 3644.239630 3637.891368 3627.959751 3617.033867 3607.417763 3600.003499 3601.047497 3603.421743 3605.056206 3597.915011 3582.733858 3565.121219 3551.733352 3537.943479 3534.054202 3528.297609 3520.990442 3531.144763 3550.610333 3557.877308 3542.061164 3531.299503 3516.231593 3509.599697 3505.691847 3506.530202 3515.470787 3537.675030 3561.289150 3563.267126 3552.411441 3541.631709 3536.859967 3533.651459 3538.356407 3555.084279 3575.632902 3591.494212 3601.765215 3607.064152 3614.820982 3624.169371 3638.198947 3652.809254 3664.985945 3669.986673
3651.890562 3644.178994 3636.577909 3629.035102 3622.211933 3616.104776 3611.897599 3609.993420 3606.258392 3600.270019 3593.364240 3573.484041 3561.238728 3548.579771 3533.946958 3530.239419 3525.747107 3526.996210 3515.662779 3507.604613 3491.096678 3475.884552 3460.424536 3447.449953 3441.791071 3435.231868 3434.091716 3447.726903 3456.205994 3446.407742 3436.700396 3425.900448 3421.259607 3417.910402 3420.322836 3430.712083 3450.418961 3468.696829 3476.919499 3469.472640 3467.761511 3467.447724 3465.804666 3471.917494 3482.867223 3500.782045 3522.838016 3541.344995 3551.034799 3557.860688 3567.031784 3581.278674 3595.256242 3609.451322 3627.248707
3621.592446 3612.406477 3602.620866 3593.064387 3582.739213 3572.403686 3566.086752 3568.742258 3562.831048 3557.312345 3535.480279 3481.468780 3460.938400 3442.370396 3426.492503 3420.098106 3411.993920 3396.779029 3388.275567 3383.784541 3385.349907 3371.462460 3354.625040 3337.243629 3332.438120 3328.933291 3312.349483 3308.545640 3309.316046 3324.587861 3318.464484 3316.864695 3318.453893 3316.058675 3317.476361 3330.247434 3338.221257 3343.967487 3350.577754 3354.767782 3364.837135 3372.061414 3381.534620 3398.294373 3409.101956 3424.303527 3444.404551 3469.527502 3484.531590 3493.796513 3504.006178 3519.085123 3535.072233 3552.566951 3574.742942
3587.311393 3571.235318 3556.937337 3542.883080 3530.426336 3517.864487 3502.550950 3504.571233 3502.564171 3492.735751 3439.406448 3398.950189 3366.125284 3349.268139 3326.169095 3313.180138 3297.728190 3260.634905 3243.769983 3243.178176 3257.528559 3253.818989 3238.672904 3226.850877 3217.724143 3208.716709 3191.492126 3173.556478 3179.575299 3197.611617 3198.219303 3201.239846 3208.843813 3208.232119 3201.722125 3199.505716 3211.568685 3217.068946 3227.967479 3244.950975 3249.564896 3264.990285 3297.789554 3310.309601 3324.931870 3342.990839 3363.029193 3384.211076 3406.126989 3419.716978 3434.464074 3452.527676 3468.853516 3488.850185 3511.163963
3537.407318 3506.960637 3486.330801 3469.376223 3450.797762 3424.765833 3405.124403 3403.239744 3397.401190 3369.572056 3318.734139 3283.518000 3260.256462 3239.010500 3216.512360 3193.857590 3160.867201 3126.964715 3105.680233 3121.043029 3132.292942 3143.444878 3132.161271 3121.534045 3112.149780 3094.611977 3078.056047 3062.078465 3072.993722 3081.657356 3099.976626 3106.651534 3110.553262 3116.203327 3114.721364 3104.262015 3099.651856 3107.551183 3117.195781 3128.776623 3149.344731 3180.929693 3204.945327 3222.518396 3242.364396 3260.359440 3281.147331 3303.473084 3325.496426 3341.806928 3359.516834 3376.993461 3397.261810 3415.999973 3438.494634
3459.046387 3431.354210 3405.540347 3383.029510 3352.793317 3307.682998 3293.994126 3285.631343 3264.976656 3219.011405 3178.250488 3160.382705 3147.506628 3124.927827 3104.515290 3077.030429 3044.165071 3022.872521 3002.903541 3013.504413 3024.009249 3043.921881 3035.349523 3028.621582 3025.742770 3010.701860 2997.601210 2981.428699 2987.873300 2999.940231 3023.059751 3028.950607 3033.035608 3042.257375 3041.428084 3036.796031 3019.568719 3026.171667 3036.617103 3050.249569 3080.579893 3102.598177 3124.524230 3145.589471 3164.232480 3182.142440 3203.500145 3225.714840 3251.012293 3269.707134 3287.892347 3308.592854 3327.119998 3341.123542 3357.071681
3353.180854 3329.735055 3310.672432 3287.288999 3245.913312 3203.113507 3166.702632 3141.567430 3091.091779 3057.770186 3037.464273 3036.510020 3024.915974 3006.016398 2988.602125 2982.876429 2961.743707 2943.273703 2918.699798 2924.347133 2940.261444 2957.396168 2958.595107 2959.559071 2958.240293 2949.067041 2935.775485 2922.269216 2926.064625 2943.108636 2961.074566 2971.051875 2978.763700 2986.532127 2986.286104 2976.848375 2966.831586 2971.518507 2986.298221 2990.359096 3006.872774 3026.829299 3046.346228 3065.858541 3087.409672 3108.975354 3130.936526 3154.715305 3177.656844 3197.629430 3220.162394 3243.322992 3259.069048 3267.145296 3274.491335
3252.530068 3233.931995 3211.631547 3185.324010 3147.390109 3108.770689 3069.135651 3024.071674 2992.835577 2978.284428 2971.984899 2957.314921 2944.706034 2930.986046 2911.617001 2896.616788 2882.505952 2861.894440 2852.044399 2859.628427 2873.362354 2881.906574 2888.800327 2886.949196 2884.870289 2879.410206 2865.690112 2861.397179 2871.385388 2886.593027 2900.329907 2911.838868 2918.721847 2923.851797 2920.779896 2911.582692 2908.415010 2916.429916 2931.608856 2944.207078 2958.561037 2978.289422 2986.977600 3006.830910 3027.576295 3048.328091 3071.479963 3095.343837 3119.912413 3145.645874 3166.755598 3181.678071 3189.187209 3197.498663 3196.468193
3134.469416 3123.647418 3098.999028 3072.376964 3044.334747 3012.355160 2989.723740 2971.807652 2943.290036 2915.995624 2891.291261 2879.783075 2874.469587 2863.747885 2847.703117 2837.359680 2822.583706 2812.905006 2819.229714 2820.881957 2829.307937 2827.801867 2828.998448 2826.813864 2826.435640 2824.364703 2818.260736 2830.006766 2835.692471 2849.060004 2859.067209 2868.724889 2874.444369 2877.947066 2878.944321 2874.547286 2880.160122 2886.029981 2899.377578 2910.074732 2923.070121 2942.276533 2957.821315 2975.479660 2987.019791 3007.994735 3029.838744 3053.874622 3080.230376 3103.274715 3119.620525 3124.966505 3132.818878 3133.169968 3121.097877
