tests/Borden05m/data_simulated/sim_1/output-maps/psiliqL0010N0013.asc
ncols         160
nrows         34
xllcorner     620200.000000
yllcorner     5168000.000000
cellsize      0.500000
NODATA_value  -9999.0
[rows 0 to 25 of 34, columns 0 to 56 of 160]
-9999.0 -9999.0 -9999.0 -9999.0 -9999.0 -9999.0 -9999.0 -9999.0 -9999.0 -9999.0 -9999.0 -9999.0 -9999.0 -9999.0 -9999.0 -9999.0 -9999.0 -9999.0 -9999.0 -9999.0 -9999.0 -9999.0 -9999.0 -9999.0 -9999.0 -9999.0 -9999.0 -9999.0 -9999.0 -9999.0 -9999.0 -9999.0 -9999.0 -9999.0 -9999.0 -9999.0 -9999.0 -9999.0 -9999.0 -9999.0 -9999.0 -9999.0 -9999.0 -9999.0 -9999.0 -9999.0 -9999.0 -9999.0 -9999.0 -9999.0 -9999.0 -9999.0 -9999.0 -9999.0 -9999.0 -9999.0 -9999.0
-9999.0 -9999.0 -9999.0 -9999.0 -9999.0 -9999.0 -9999.0 -9999.0 -9999.0 -9999.0 -9999.0 -9999.0 -9999.0 -9999.0 -9999.0 -9999.0 -9999.0 -9999.0 -9999.0 -9999.0 -9999.0 -9999.0 -9999.0 -9999.0 -9999.0 -9999.0 -9999.0 -9999.0 -9999.0 -9999.0 -9999.0 -9999.0 -9999.0 -9999.0 -9999.0 -9999.0 -9999.0 -9999.0 -9999.0 -9999.0 -9999.0 -9999.0 -9999.0 -9999.0 -9999.0 -9999.0 -9999.0 -9999.0 -9999.0 -9999.0 -9999.0 -9999.0 -9999.0 -9999.0 -9999.0 -9999.0 -9999.0
-9999.0 -9999.0 -9999.0 -9999.0 -9999.0 -9999.0 -9999.0 -9999.0 -9999.0 -9999.0 -9999.0 -9999.0 -9999.0 -9999.0 -9999.0 -9999.0 -9999.0 -9999.0 -9999.0 -9999.0 -9999.0 -9999.0 -9999.0 -9999.0 -9999.0 -9999.0 -9999.0 -9999.0 -9999.0 -9999.0 -9999.0 -9999.0 -9999.0 -9999.0 -9999.0 -9999.0 -9999.0 -9999.0 -9999.0 -9999.0 -9999.0 -9999.0 -9999.0 -9999.0 -9999.0 -9999.0 -9999.0 87.338361 69.903905 53.527378 51.659208 74.401144 97.736301 121.381748 141.835349 160.429571 179.372303
-9999.0 -9999.0 -9999.0 -9999.0 -9999.0 -9999.0 -9999.0 -9999.0 -9999.0 -9999.0 -9999.0 -9999.0 -9999.0 -9999.0 -9999.0 -9999.0 -9999.0 -9999.0 -9999.0 -9999.0 -9999.0 -9999.0 -9999.0 -9999.0 -9999.0 -9999.0 -9999.0 -9999.0 -9999.0 -9999.0 -9999.0 -9999.0 -9999.0 -9999.0 -9999.0 -9999.0 -9999.0 -9999.0 -9999.0 -9999.0 134.855762 140.708108 142.170720 131.431348 120.145055 108.200404 88.279273 70.408070 55.041657 52.267285 54.887701 60.449336 83.367781 107.710431 127.191346 144.434368 163.588993
-9999.0 -9999.0 -9999.0 -9999.0 -9999.0 -9999.0 -9999.0 -9999.0 -9999.0 -9999.0 -9999.0 -9999.0 -9999.0 -9999.0 -9999.0 -9999.0 -9999.0 -9999.0 -9999.0 -9999.0 -9999.0 -9999.0 -9999.0 -9999.0 -9999.0 -9999.0 -9999.0 -9999.0 -9999.0 -9999.0 -9999.0 -9999.0 -9999.0 -9999.0 42.827213 60.373934 78.454015 96.738579 113.306196 119.914222 125.744765 131.509432 127.446991 122.655565 111.316116 92.580722 72.926433 58.767395 56.252569 53.678329 58.067666 71.154924 87.866420 104.226317 125.142736 148.372042 157.608114
-9999.0 -9999.0 -9999.0 -9999.0 -9999.0 -9999.0 -9999.0 -9999.0 -9999.0 -9999.0 -9999.0 -9999.0 -9999.0 -9999.0 -9999.0 -9999.0 -9999.0 -9999.0 -9999.0 -9999.0 -9999.0 -9999.0 -9999.0 -9999.0 -9999.0 -9999.0 -9999.0 -9999.0 47.282214 41.330839 36.143609 34.584068 33.231512 32.018405 38.941702 51.226762 69.467483 90.968094 103.752012 110.870323 117.379347 118.134898 113.238580 111.071254 111.258730 99.540822 87.910613 77.021932 66.553216 65.293731 74.901208 88.848973 104.926792 119.742504 135.133212 147.559912 163.792235
-9999.0 -9999.0 -9999.0 -9999.0 -9999.0 -9999.0 -9999.0 -9999.0 -9999.0 -9999.0 -9999.0 -9999.0 -9999.0 -9999.0 -9999.0 -9999.0 -9999.0 -9999.0 -9999.0 -9999.0 -9999.0 -9999.0 -9999.0 17.861886 23.844195 30.312622 37.648228 38.490610 34.207461 28.483787 25.272043 23.658177 22.004421 26.389497 34.715037 48.411276 64.324576 85.990667 94.574169 101.047682 113.405160 115.745895 120.732531 124.701175 122.883490 120.185146 108.159868 99.310717 104.953373 111.146881 117.747490 125.456126 138.680719 154.420113 172.340480 193.253275 215.328627
-9999.0 -9999.0 -9999.0 -9999.0 -9999.0 -9999.0 -9999.0 -9999.0 -9999.0 -9999.0 -9999.0 -9999.0 -9999.0 -9999.0 -9999.0 -9999.0 -9999.0 -9999.0 -9999.0 -7.030241 -6.223081 -5.228897 -0.675302 0.238371 2.422958 9.394148 17.499526 19.610250 17.952662 16.300764 17.793471 20.439270 24.654728 36.127046 50.019198 64.241593 78.389192 99.295815 114.103382 128.003580 144.141049 142.981665 138.653359 136.581898 137.074884 137.703987 143.417583 147.127670 153.302285 159.177095 166.350107 175.709303 187.074579 206.003695 226.916849 248.120319 268.229685
-9999.0 -9999.0 -9999.0 -9999.0 -9999.0 -9999.0 -9999.0 -9999.0 -9999.0 -9999.0 -9999.0 -9999.0 -9999.0 -9999.0 -9999.0 -9999.0 -35.386638 -33.590972 -31.537312 -26.243901 -23.729626 -19.840222 -13.027927 -11.982693 -8.189761 -1.118746 3.826546 12.393513 20.263963 27.597877 33.556098 36.283379 44.019415 53.792116 65.833563 81.556072 103.523693 126.483918 142.963774 159.879319 176.943997 177.527063 176.522870 177.796855 178.807583 186.777040 205.386620 212.240979 215.888853 234.954859 250.109758 256.357027 264.708946 284.189863 309.408924 336.799533 370.130386
-9999.0 -9999.0 -9999.0 -9999.0 -9999.0 -9999.0 -9999.0 -9999.0 -9999.0 -9999.0 -9999.0 -9999.0 -9999.0 -80.139349 -76.035332 -66.852232 -58.506671 -56.300165 -52.394759 -46.705093 -34.616644 -31.139114 -24.964442 -17.383982 -5.902708 2.617244 11.853523 23.693934 32.231137 39.553399 46.799413 53.350829 67.192305 82.828248 99.038212 119.647426 141.747742 163.170711 184.675900 200.598655 215.323415 219.036157 217.965632 220.351139 229.151948 248.203271 268.692191 281.866722 304.362481 329.781726 345.811737 360.246639 370.925605 385.495878 408.480935 446.845251 486.456752
-9999.0 -9999.0 -9999.0 -9999.0 -9999.0 -9999.0 -9999.0 -9999.0 -9999.0 -9999.0 -114.698706 -112.205603 -115.694309 -115.205530 -110.547185 -98.733745 -85.552067 -78.816931 -67.625500 -47.101791 -29.887229 -26.404377 -11.634440 -1.601812 5.060749 15.809620 29.090493 42.254479 59.709773 72.664573 85.452869 106.306901 123.253846 140.185691 158.445401 179.031355 200.678990 231.576268 260.301088 275.748063 301.024830 315.775089 313.866255 315.021841 324.566296 343.879853 369.790707 398.731794 424.454077 453.803865 476.226100 493.135456 506.094855 520.701402 538.264352 572.695468 613.298305
-9999.0 -9999.0 -9999.0 -9999.0 -9999.0 -9999.0 -9999.0 -9999.0 -138.741680 -131.852811 -125.638992 -128.717863 -133.450566 -136.884847 -123.794243 -108.078494 -92.220492 -75.184170 -59.297495 -41.405019 -25.808529 -9.181854 10.373752 22.354797 34.388285 49.851202 63.862697 82.013097 103.857072 118.750566 138.033861 160.705995 180.989180 200.099601 219.839718 239.694448 269.787396 306.397259 341.687188 369.196979 400.210776 427.270921 429.412623 434.149466 440.799199 469.690178 503.163919 537.045716 566.517794 596.390451 627.000556 645.268790 656.998275 670.752013 687.151001 704.800134 730.797534
-9999.0 -9999.0 -9999.0 -9999.0 -9999.0 -9999.0 -164.689899 -140.606967 -125.867312 -133.720592 -142.280145 -145.694733 -149.311490 -129.178256 -107.790913 -90.948211 -74.298785 -56.953677 -40.571206 -26.074017 9.013318 26.048589 41.290173 61.112063 75.736578 90.417638 108.403479 132.744002 156.617731 189.934964 220.543125 248.728411 277.393907 299.454345 320.573763 342.558116 377.815051 419.243554 460.038672 493.759564 524.617902 556.696363 567.247448 574.486808 583.541979 603.856926 635.303452 666.462302 701.156962 733.688162 759.527379 771.706525 782.544621 794.614472 808.889594 822.440823 836.591215
-9999.0 -9999.0 -9999.0 -9999.0 -198.013313 -177.120623 -156.696082 -125.930995 -103.391290 -108.711958 -101.547753 -101.048782 -102.393779 -99.554633 -93.498339 -75.566516 -57.643819 -39.480631 -20.710988 16.851557 59.717041 76.906712 104.021318 137.117993 152.041170 168.019061 184.833792 209.424353 240.276315 277.747135 327.325742 370.396031 400.509890 427.072924 451.266988 477.574443 513.935890 554.070517 592.784395 628.840325 660.423579 686.538321 701.352498 709.909329 721.672075 737.126643 757.466739 784.280608 814.410715 846.176140 871.246007 886.028263 894.530740 905.710979 917.677855 931.363364 943.953224
-9999.0 -9999.0 -9999.0 -245.398730 -206.927205 -169.902917 -142.493055 -111.546106 -79.850459 -73.786071 -65.235304 -58.942878 -52.499505 -43.421362 -33.483857 -16.805628 -2.047822 11.700312 33.454969 71.035296 108.210497 142.905359 177.310736 209.036537 233.494228 251.237897 270.563287 297.325466 340.451092 383.713319 439.157233 497.041362 537.954289 565.214684 587.774908 615.260846 640.675552 676.176970 710.969322 743.738081 775.394411 800.873150 821.204486 829.445399 838.007710 846.769758 863.431163 884.663565 906.323390 934.584746 961.893115 984.539252 997.535123 1007.303094 1023.079060 1038.612598 1050.454663
-9999.0 -9999.0 -291.911147 -254.849326 -219.776740 -168.312158 -115.655342 -81.937071 -40.987235 -15.833755 -8.353449 10.463398 27.845737 36.668168 53.938313 71.861830 86.747367 91.624634 106.324568 142.263512 197.458884 249.164602 282.595800 340.987502 377.466011 404.518704 422.006706 450.402469 487.304490 533.858174 585.117851 635.768733 675.769172 707.474562 723.412810 741.714533 764.530995 787.183882 819.006113 847.688619 877.553353 903.722406 926.522966 935.128824 939.858426 954.530434 976.211405 999.594008 1021.984828 1043.284059 1053.354431 1060.504359 1064.179627 1066.913228 1070.342184 1072.786315 1074.021439
-9999.0 -9999.0 -317.215289 -273.057309 -230.651086 -161.051340 -84.421237 -46.593943 -3.122750 42.159054 62.003125 86.936086 105.433275 122.643117 147.588681 172.223781 180.054670 185.295124 186.595344 244.086085 307.127076 372.195778 440.008906 506.849548 551.528180 566.120119 577.170342 597.822556 624.205519 668.674941 718.302970 769.386057 812.387085 842.102885 857.391076 873.702289 893.231211 911.351672 929.054512 963.827230 987.368251 1010.924243 1035.684748 1054.838807 1062.292850 1064.464034 1058.850789 1064.535112 1068.622851 1070.660074 1071.243851 1068.239594 1068.088193 1069.374831 1070.806989 1066.062295 1059.526398
-9999.0 -404.253854 -352.229304 -298.068416 -227.577680 -158.192144 -72.119667 9.231988 61.811411 106.506150 136.823022 156.783300 208.330808 258.104922 286.954250 317.339443 318.535815 320.722268 314.578732 362.886454 421.799892 510.426655 625.581591 683.002081 721.669852 726.706094 724.264616 738.663482 764.002034 804.693879 865.410791 908.274589 954.684383 989.313884 1001.979267 1007.218103 1023.045934 1041.398603 1042.506966 1056.160499 1062.732737 1068.508370 1068.859501 1070.501653 1071.410532 1071.541053 1068.228032 1062.095785 1054.459714 1048.671899 1043.963043 1038.902280 1041.650976 1045.408690 1046.529796 1039.219524 1030.692185
-9999.0 -438.601655 -378.265029 -305.628513 -233.396387 -157.349238 -45.919209 87.124917 136.971389 174.394964 205.474646 248.830225 336.756583 407.130102 446.385546 490.245432 488.553490 479.860398 476.948769 514.758946 570.837901 647.143649 776.664791 858.582706 878.521619 891.432429 900.626974 925.131534 957.020271 986.987144 1013.486252 1024.638432 1041.231186 1049.475491 1052.509575 1054.166891 1056.796073 1057.556477 1055.594153 1052.696726 1048.971812 1049.949113 1054.344037 1054.542017 1051.907087 1048.468204 1041.922775 1033.693595 1027.279302 1021.408737 1016.874084 1012.686975 1011.200895 1011.983644 1007.934232 1001.198202 990.965138
-9999.0 -463.834963 -394.100093 -328.478797 -255.863408 -132.001540 -8.123417 123.580153 215.851948 257.716625 303.776945 390.690142 491.746697 581.660695 630.835406 656.418292 665.744762 656.833345 671.811907 720.068280 785.353068 865.809266 937.117337 1003.081776 1016.193782 1020.712557 1011.279682 1019.733997 1027.622653 1030.332035 1032.718570 1035.429775 1041.727055 1045.347366 1045.032840 1042.790767 1038.372112 1030.552597 1025.604354 1022.664797 1019.637964 1019.734347 1022.704516 1023.545352 1020.683991 1015.747687 1009.263540 1001.981534 994.572643 986.588320 981.184684 976.212801 973.758270 969.321726 964.556579 957.710054 943.447525
-9999.0 -553.285343 -468.433788 -407.377860 -275.654195 -107.833154 17.621191 172.479591 313.839438 366.609539 459.391964 571.614238 667.944349 734.103880 774.884815 816.374036 845.488551 872.591557 909.540612 904.662876 955.250104 997.514360 1015.125016 1024.786690 1024.531776 1026.865822 1020.161711 1002.313557 993.100033 987.645643 990.557183 998.845531 1005.445816 1011.702848 1010.023555 1010.119848 1008.794862 1003.956194 999.566134 991.381817 983.962664 978.688752 977.412732 982.540722 977.084600 972.615093 965.238078 956.114962 946.531959 937.782436 929.232117 921.812248 918.547627 912.776978 910.889232 902.580018 875.473109
-9999.0 -634.189359 -555.536668 -453.516102 -303.468596 -139.046598 5.569653 178.744988 378.958049 494.584182 605.441205 668.251029 737.622772 800.030275 861.126724 900.698337 922.677942 933.211651 935.129873 947.334172 926.664657 925.931449 945.230712 971.198537 983.391069 987.299610 978.114544 966.948455 960.285366 959.893024 959.626105 959.640835 959.235776 957.833107 954.698286 955.720922 958.866733 952.004082 943.393982 935.454332 928.475368 920.635560 915.348513 912.226605 910.186277 909.079644 900.860030 889.840486 878.762321 870.001236 861.613890 855.226264 852.444313 847.388659 840.005989 828.158312 800.710642
-9999.0 -723.305829 -607.080996 -505.323563 -371.279252 -230.631436 -93.895852 77.037387 239.348617 457.012571 624.544426 695.003245 729.493656 778.507361 837.010876 896.191757 902.590554 876.456074 852.373786 843.579371 851.852871 864.927171 881.195844 902.638789 919.622894 928.319738 928.412261 919.971845 906.686723 898.643114 893.668949 885.466801 879.366091 878.593416 877.953896 883.440302 885.324660 875.597392 862.715902 847.453992 834.204899 824.294098 821.197071 821.959770 821.391464 817.712946 810.312966 799.722016 787.101781 775.436469 767.242357 761.246012 754.450171 744.989645 734.326197 722.146312 696.363682
-9999.0 -9999.0 -677.755928 -565.384933 -450.309538 -321.593832 -194.112357 -38.303310 119.833414 311.870835 435.336616 545.784940 607.475753 651.215752 702.770167 752.514453 766.729582 781.298414 763.354594 768.193868 776.574254 784.815055 796.767967 810.186525 823.690477 832.833268 838.746127 836.459153 827.356407 811.727605 793.658226 779.844680 771.559307 765.250867 772.998791 783.135174 780.405345 773.344949 761.461622 746.096206 733.225633 720.053711 716.294181 716.646186 716.396242 713.184298 707.989871 695.152492 682.055357 669.429831 663.134841 656.547442 650.263845 638.927206 626.794584 612.961985 588.970878
-9999.0 -9999.0 -760.178692 -649.145452 -528.727510 -401.992871 -293.918711 -191.707825 -31.132326 92.997769 198.808944 293.792293 371.953882 433.262895 479.070084 535.904592 568.640643 582.832353 595.955048 618.519793 642.943537 667.557113 684.534769 698.062585 711.747730 723.731282 732.091740 721.573379 711.015543 695.072425 674.988647 653.206679 641.483227 636.469020 639.263169 644.935037 639.376347 629.206809 614.603699 598.176390 584.751491 572.565570 568.178985 565.355464 564.126497 561.024065 557.236692 547.564916 535.127598 526.042352 517.260150 510.090830 505.762111 497.238231 486.109586 477.360723 457.167909
-9999.0 -9999.0 -9999.0 -719.986524 -622.899122 -539.665213 -441.705364 -366.630976 -274.363665 -159.891313 -53.381409 51.499806 118.596622 173.542166 226.811154 276.903310 314.672263 339.411152 363.379870 419.182620 454.828434 495.967267 531.548919 549.303088 564.933632 580.443861 584.109087 575.296051 565.757103 550.093173 526.727907 503.071269 490.448457 491.633133 490.228348 490.417507 483.847961 478.158675 466.058968 452.032394 437.669465 428.105419 423.186880 417.771247 413.702314 409.259030 404.872900 398.226098 389.168018 379.457192 372.229916 368.591127 364.137677 358.554403 350.568686 341.378852 328.914485
