tests/Borden05m/data_simulated/sim_1/output-maps/psiliqL0021N0018.asc
ncols         160
nrows         34
xllcorner     620200.000000
yllcorner     5168000.000000
cellsize      0.500000
NODATA_value  -9999.0
[rows 0 to 24 of 34, columns 0 to 54 of 160]
-9999.0 -9999.0 -9999.0 -9999.0 -9999.0 -9999.0 -9999.0 -9999.0 -9999.0 -9999.0 -9999.0 -9999.0 -9999.0 -9999.0 -9999.0 -9999.0 -9999.0 -9999.0 -9999.0 -9999.0 -9999.0 -9999.0 -9999.0 -9999.0 -9999.0 -9999.0 -9999.0 -9999.0 -9999.0 -9999.0 -9999.0 -9999.0 -9999.0 -9999.0 -9999.0 -9999.0 -9999.0 -9999.0 -9999.0 -9999.0 -9999.0 -9999.0 -9999.0 -9999.0 -9999.0 -9999.0 -9999.0 -9999.0 -9999.0 -9999.0 -9999.0 -9999.0 -9999.0 -9999.0 -9999.0
-9999.0 -9999.0 -9999.0 -9999.0 -9999.0 -9999.0 -9999.0 -9999.0 -9999.0 -9999.0 -9999.0 -9999.0 -9999.0 -9999.0 -9999.0 -9999.0 -9999.0 -9999.0 -9999.0 -9999.0 -9999.0 -9999.0 -9999.0 -9999.0 -9999.0 -9999.0 -9999.0 -9999.0 -9999.0 -9999.0 -9999.0 -9999.0 -9999.0 -9999.0 -9999.0 -9999.0 -9999.0 -9999.0 -9999.0 -9999.0 -9999.0 -9999.0 -9999.0 -9999.0 -9999.0 -9999.0 -9999.0 -9999.0 -9999.0 -9999.0 -9999.0 -9999.0 -9999.0 -9999.0 -9999.0
-9999.0 -9999.0 -9999.0 -9999.0 -9999.0 -9999.0 -9999.0 -9999.0 -9999.0 -9999.0 -9999.0 -9999.0 -9999.0 -9999.0 -9999.0 -9999.0 -9999.0 -9999.0 -9999.0 -9999.0 -9999.0 -9999.0 -9999.0 -9999.0 -9999.0 -9999.0 -9999.0 -9999.0 -9999.0 -9999.0 -9999.0 -9999.0 -9999.0 -9999.0 -9999.0 -9999.0 -9999.0 -9999.0 -9999.0 -9999.0 -9999.0 -9999.0 -9999.0 -9999.0 -9999.0 -9999.0 -9999.0 2304.796597 2287.820798 2273.954185 2270.598930 2292.671393 2316.374916 2340.706560 2361.762418
-9999.0 -9999.0 -9999.0 -9999.0 -9999.0 -9999.0 -9999.0 -9999.0 -9999.0 -9999.0 -9999.0 -9999.0 -9999.0 -9999.0 -9999.0 -9999.0 -9999.0 -9999.0 -9999.0 -9999.0 -9999.0 -9999.0 -9999.0 -9999.0 -9999.0 -9999.0 -9999.0 -9999.0 -9999.0 -9999.0 -9999.0 -9999.0 -9999.0 -9999.0 -9999.0 -9999.0 -9999.0 -9999.0 -9999.0 -9999.0 2352.671804 2358.805086 2359.441927 2349.771748 2338.919947 2326.170928 2306.099540 2288.828706 2275.414229 2273.705184 2276.717135 2280.784036 2302.667258 2328.341097 2348.696532
-9999.0 -9999.0 -9999.0 -9999.0 -9999.0 -9999.0 -9999.0 -9999.0 -9999.0 -9999.0 -9999.0 -9999.0 -9999.0 -9999.0 -9999.0 -9999.0 -9999.0 -9999.0 -9999.0 -9999.0 -9999.0 -9999.0 -9999.0 -9999.0 -9999.0 -9999.0 -9999.0 -9999.0 -9999.0 -9999.0 -9999.0 -9999.0 -9999.0 -9999.0 2258.610164 2276.001304 2294.398721 2313.376154 2330.727794 2338.071082 2344.083970 2349.889765 2345.845985 2341.794503 2330.688844 2310.803968 2291.846509 2279.074757 2278.131780 2276.200798 2280.557477 2293.116349 2310.346369 2326.330611 2347.531100
-9999.0 -9999.0 -9999.0 -9999.0 -9999.0 -9999.0 -9999.0 -9999.0 -9999.0 -9999.0 -9999.0 -9999.0 -9999.0 -9999.0 -9999.0 -9999.0 -9999.0 -9999.0 -9999.0 -9999.0 -9999.0 -9999.0 -9999.0 -9999.0 -9999.0 -9999.0 -9999.0 -9999.0 2261.122990 2255.546952 2251.175428 2250.235259 2249.453081 2248.997569 2256.100387 2267.991570 2285.882787 2308.349970 2322.053204 2329.801430 2337.041562 2337.994990 2332.910884 2331.605841 2332.551752 2320.698970 2309.131315 2298.333014 2287.862947 2285.858463 2295.557617 2310.322311 2327.094735 2342.324030 2358.146087
-9999.0 -9999.0 -9999.0 -9999.0 -9999.0 -9999.0 -9999.0 -9999.0 -9999.0 -9999.0 -9999.0 -9999.0 -9999.0 -9999.0 -9999.0 -9999.0 -9999.0 -9999.0 -9999.0 -9999.0 -9999.0 -9999.0 -9999.0 2229.117030 2234.662514 2241.654050 2249.792381 2251.296132 2248.188215 2243.261283 2241.065953 2240.277994 2238.879208 2244.028410 2251.992246 2265.726046 2281.758932 2304.475366 2313.427565 2318.939981 2331.158652 2335.052555 2342.643903 2347.160560 2345.868734 2342.750136 2329.252707 2319.047572 2322.808233 2328.044329 2335.408798 2344.127012 2358.049843 2372.876340 2389.365439
-9999.0 -9999.0 -9999.0 -9999.0 -9999.0 -9999.0 -9999.0 -9999.0 -9999.0 -9999.0 -9999.0 -9999.0 -9999.0 -9999.0 -9999.0 -9999.0 -9999.0 -9999.0 -9999.0 2203.086173 2204.371777 2206.162988 2211.394032 2212.330920 2214.701623 2222.094011 2230.753619 2234.074913 2232.675990 2232.186044 2234.280784 2237.624150 2242.796989 2254.245804 2268.421545 2283.037394 2296.818386 2318.113583 2333.169483 2346.487431 2362.546804 2363.127876 2359.939835 2358.765084 2359.405039 2358.928974 2360.016779 2360.970886 2367.639670 2370.381298 2375.479446 2385.132248 2397.277710 2414.881713 2433.763822
-9999.0 -9999.0 -9999.0 -9999.0 -9999.0 -9999.0 -9999.0 -9999.0 -9999.0 -9999.0 -9999.0 -9999.0 -9999.0 -9999.0 -9999.0 -9999.0 2173.329039 2175.410239 2178.108556 2183.947612 2187.751739 2192.183148 2199.623322 2201.517948 2205.623363 2213.314934 2218.560630 2228.305964 2237.210643 2245.038832 2251.590165 2254.768638 2262.277418 2272.241670 2284.390338 2299.314334 2320.400602 2344.200552 2360.523243 2377.716450 2395.367223 2396.471232 2395.540631 2396.652538 2396.395410 2400.080661 2416.038242 2420.639861 2418.386017 2431.195908 2444.277758 2448.547780 2456.844625 2476.921316 2500.127174
-9999.0 -9999.0 -9999.0 -9999.0 -9999.0 -9999.0 -9999.0 -9999.0 -9999.0 -9999.0 -9999.0 -9999.0 -9999.0 2124.058737 2128.387342 2138.754585 2149.769034 2153.039745 2158.193544 2165.117874 2177.763035 2181.898337 2188.489510 2196.387104 2209.360135 2218.617201 2228.181083 2240.570898 2249.357135 2257.037568 2264.311800 2268.964069 2281.783111 2296.890293 2312.399852 2332.480746 2354.856862 2374.569402 2394.052944 2410.659317 2423.669692 2423.483163 2423.149342 2425.915671 2432.406171 2448.134020 2466.157881 2470.582234 2484.033857 2505.902802 2517.911085 2527.575151 2535.460352 2549.684392 2571.380209
-9999.0 -9999.0 -9999.0 -9999.0 -9999.0 -9999.0 -9999.0 -9999.0 -9999.0 -9999.0 2093.393130 2095.498361 2092.303130 2091.057827 2096.997138 2109.724010 2124.434184 2130.911376 2143.267134 2164.978843 2183.828304 2187.614480 2202.055431 2212.989346 2220.393041 2231.099699 2244.630553 2257.547175 2274.068140 2286.620648 2297.176710 2315.430219 2332.032040 2348.917904 2366.939309 2387.783995 2405.910562 2432.171115 2459.058514 2470.272534 2490.055558 2496.895537 2493.997195 2493.698335 2503.480681 2517.425062 2535.474148 2554.707797 2574.394374 2598.044440 2611.832384 2625.721086 2636.101964 2647.965662 2664.125725
-9999.0 -9999.0 -9999.0 -9999.0 -9999.0 -9999.0 -9999.0 -9999.0 2068.014165 2076.061315 2082.130760 2079.352599 2075.291102 2070.716925 2085.480773 2101.591319 2118.040458 2136.605870 2152.883993 2171.647832 2186.684272 2202.631684 2223.349961 2235.192025 2246.880275 2262.640558 2276.554867 2292.988918 2314.397020 2325.032558 2339.299529 2360.241925 2377.856445 2395.951374 2415.119147 2433.127051 2457.410406 2489.788289 2520.828363 2540.597415 2567.860190 2587.714291 2584.959298 2585.936896 2589.424140 2614.222607 2642.211520 2672.176589 2695.896797 2721.790797 2750.867485 2768.454304 2778.914488 2791.521560 2806.891125
-9999.0 -9999.0 -9999.0 -9999.0 -9999.0 -9999.0 2039.324045 2063.880424 2079.358383 2071.404370 2059.482794 2055.411814 2050.639687 2078.777072 2101.524255 2119.396226 2136.765123 2154.914069 2171.845910 2182.893746 2215.077203 2234.491819 2248.192295 2264.314162 2279.567931 2294.835465 2312.373807 2335.345013 2355.498780 2381.626118 2402.963919 2423.759540 2450.113476 2469.623999 2488.481793 2505.259339 2535.408945 2571.612575 2607.781140 2634.887457 2661.153267 2694.586492 2698.995414 2703.688586 2708.801950 2731.997828 2765.141795 2794.267082 2827.687372 2859.697657 2887.807686 2834.086988 2839.675289 2849.803917 2862.423486
-9999.0 -9999.0 -9999.0 -9999.0 2005.903886 2026.926430 2046.456905 2077.077638 2099.669168 2095.107959 2100.960615 2100.413762 2097.684270 2102.777471 2111.060182 2129.307611 2148.852200 2168.748417 2185.336927 2216.848770 2263.270918 2277.149100 2298.280332 2329.587932 2342.642027 2358.100509 2374.868559 2397.391656 2420.551579 2452.151103 2491.808882 2525.741334 2550.350466 2572.176383 2593.441746 2613.864483 2649.406320 2689.100188 2726.450416 2759.914770 2787.708191 2814.694994 2825.329222 2832.790162 2844.687946 2862.302258 2884.912938 2845.544278 2873.727910 2905.230532 2928.722346 2934.544694 2940.363299 2950.067899 2958.626176
-9999.0 -9999.0 -9999.0 1953.645964 1992.696392 2031.738565 2058.267780 2089.133346 2121.784663 2124.307310 2133.649606 2136.366964 2138.613060 2146.112358 2152.446991 2169.920681 2187.902016 2206.750891 2229.485811 2265.436753 2298.122877 2322.196651 2352.605632 2374.314767 2391.724384 2406.909705 2426.345446 2449.277366 2488.879964 2523.581284 2572.368305 2625.211368 2660.685085 2685.542061 2709.720685 2738.606849 2764.869935 2802.629631 2838.125850 2871.486258 2839.184862 2858.438860 2874.288412 2880.036354 2889.339162 2896.203883 2910.001745 2925.720658 2947.088556 2976.411428 3003.800164 3000.351549 3012.433353 3022.313290 3038.255748
-9999.0 -9999.0 1905.630154 1944.495835 1977.229668 2025.760151 2079.089418 2114.287667 2154.832123 2176.534534 2181.984886 2196.177079 2210.039270 2214.712537 2227.424961 2243.040618 2264.042398 2273.066123 2292.919235 2316.416020 2360.181370 2400.123525 2408.494764 2453.903846 2486.471874 2517.666509 2538.135770 2566.026872 2604.139276 2642.948419 2692.072039 2743.499423 2780.405148 2811.769775 2829.955738 2851.536355 2874.155243 2835.999371 2867.100871 2893.455095 2920.613734 2945.496024 2965.650784 2969.010355 2972.562458 2988.183663 3013.208798 3010.883353 3035.007434 3060.681375 3053.754774 3069.312634 3076.980445 3081.345037 3088.155950
-9999.0 -9999.0 1876.919244 1922.853971 1960.155332 2022.226722 2106.071174 2142.121652 2184.028649 2230.433423 2247.202141 2270.746354 2273.749235 2273.073441 2294.304744 2313.365856 2331.253749 2339.757214 2337.790490 2392.495990 2449.059400 2486.368846 2512.156458 2584.906848 2634.822855 2656.705020 2674.298341 2696.577900 2720.318643 2762.325830 2806.490137 2861.300780 2847.514488 2872.534537 2887.069328 2905.692972 2924.885227 2937.068361 2955.636041 2997.221827 2999.332249 3024.986224 3053.545101 3073.594025 3081.245214 3085.103175 3066.267471 3078.882222 3088.620783 3092.914100 3094.568336 3090.943233 3090.344837 3091.116481 3092.080322
-9999.0 1785.387168 1837.822349 1889.653700 1956.258741 2020.570366 2099.593446 2177.325718 2240.071791 2290.780882 2318.631606 2321.356414 2338.865738 2372.704074 2396.028169 2418.328431 2424.136780 2433.547445 2420.540065 2473.354942 2517.337654 2578.623197 2684.064311 2741.686023 2797.153163 2797.695088 2791.393759 2801.830448 2823.154733 2869.008076 2887.629197 2935.109303 2989.513075 3006.967951 3020.230581 3026.269766 3043.309518 3062.470151 3028.312095 3061.039886 3074.203776 3086.561128 3092.434027 3094.239184 3095.283595 3095.194162 3091.748763 3085.026767 3077.117570 3071.482398 3067.400940 3062.933745 3065.381271 3068.694544 3069.177440
-9999.0 1748.278884 1806.659683 1876.577229 1945.848360 2002.530017 2094.884157 2251.197022 2310.456202 2348.926018 2363.146078 2360.957154 2428.211085 2491.724343 2521.716775 2567.744024 2558.767433 2547.958522 2524.021677 2554.524609 2599.285988 2673.028289 2830.685411 2873.602228 2911.158178 2920.474692 2924.236659 2951.445474 2990.760407 3007.474324 3040.852888 3022.652267 3060.200821 3076.990784 3080.871589 3081.562827 3085.791331 3084.830187 3083.023715 3078.918107 3073.977577 3074.200714 3078.569520 3078.450527 3075.657575 3072.513910 3066.977913 3059.593788 3054.381105 3049.800566 3047.129835 3044.242453 3042.468861 3042.103363 3037.571267
-9999.0 1712.565714 1785.895167 1846.639875 1901.305037 2003.048546 2131.743150 2272.544247 2368.027550 2404.475162 2403.423120 2454.749627 2556.629198 2659.338204 2712.577569 2737.324294 2729.816005 2696.642272 2689.827960 2735.833162 2804.696845 2870.269152 2982.403936 3045.891014 3057.637529 3060.470614 3024.825580 3044.458015 3062.590366 3063.386739 3064.207952 3069.909951 3074.952111 3077.755561 3076.390526 3073.634183 3069.006812 3061.069007 3056.359835 3052.923339 3049.338123 3048.504444 3050.763399 3052.312735 3049.663521 3045.861297 3041.433859 3035.987494 3031.763195 3025.197932 3021.078391 3016.970202 3014.870104 3009.698383 3005.980686
-9999.0 1599.468391 1692.478081 1739.434537 1831.521678 2014.124996 2142.644465 2287.689775 2444.947118 2474.520173 2533.708289 2665.071467 2777.824355 2834.429756 2866.109248 2901.831156 2927.696335 2946.574521 2981.862152 2897.594497 2966.123778 3021.750794 3053.091474 3066.518153 3072.122101 3072.634766 3063.618837 3043.644175 3033.207782 3026.570058 3028.301242 3035.612909 3040.648590 3045.736698 3043.588327 3044.467948 3045.139813 3041.967187 3039.947809 3031.612566 3023.941790 3017.695953 3015.078573 3019.995867 3015.306957 3012.681905 3006.752946 3000.589269 3021.524358 3015.015556 3007.152688 3000.448182 2997.843788 2992.433521 2990.971543
-9999.0 1518.612788 1593.075035 1665.623947 1788.320570 1952.566799 2063.332528 2225.609580 2452.431921 2580.037586 2727.038687 2809.821043 2862.578454 2909.027429 2962.554993 2996.825851 3019.898687 3030.266162 3007.444358 3024.462610 3005.068997 2995.089163 2990.673777 3016.361822 3031.299972 3035.190082 3027.171106 3017.541280 3010.471086 3009.467368 3007.737346 3004.795289 3001.714364 2998.758939 2995.674439 2998.224600 3003.260143 2998.459789 3016.864063 3009.050827 3001.097543 2992.330370 2986.610707 2982.501801 2982.239442 2982.292939 2974.786489 2964.558607 2955.279907 2947.170453 2939.764084 2934.725469 2931.958488 2927.005218 2921.359498
-9999.0 1407.756690 1535.674327 1619.671078 1725.928846 1858.399831 1972.353473 2129.511489 2267.989362 2501.679956 2651.221364 2805.564320 2833.509538 2896.014869 2946.933787 3000.864674 2998.769197 2983.640181 2945.846919 2930.632085 2940.165905 2949.485526 2959.070730 2975.704428 2993.411132 3003.588891 3007.699418 3001.450687 2987.893393 2977.054599 2968.040220 2956.225269 2947.997670 2946.202314 2948.943473 2957.770357 2959.065495 2950.097902 2938.135904 2924.545154 2909.787238 2898.536116 2896.149347 2898.283753 2898.889789 2895.020640 2888.811984 2878.224332 2865.822595 2853.756064 2847.336679 2842.465044 2835.262194 2827.970304 2871.398876
-9999.0 -9999.0 1454.383101 1563.960360 1663.669799 1779.714222 1880.208082 2009.202166 2153.910051 2329.748156 2447.276599 2605.557549 2692.040484 2738.022704 2779.460877 2811.750151 2832.371352 2859.085342 2848.859667 2857.642216 2866.288402 2872.002058 2879.194842 2887.541335 2899.375197 2909.487959 2918.895508 2916.688023 2908.060513 2889.272918 2866.140036 2848.255540 2838.618276 2830.466230 2841.375897 2853.371852 2848.987220 2842.380714 2833.763238 2873.811374 2861.043467 2846.952709 2843.142967 2842.887622 2842.839243 2839.783371 2835.821119 2822.461078 2809.378390 2798.116741 2792.849868 2786.352212 2781.325781 2770.651038 2760.479562
-9999.0 -9999.0 1367.691007 1473.731457 1581.113755 1700.953829 1791.915800 1832.353205 1975.476871 2084.546695 2190.866692 2296.679287 2387.354066 2454.466820 2492.807753 2554.948611 2605.699698 2624.688992 2659.399174 2705.256861 2737.955857 2774.124930 2796.821641 2809.473017 2823.998903 2839.088907 2848.116442 2835.548194 2825.572904 2809.865884 2788.447238 2764.464769 2752.645245 2751.705711 2752.780309 2756.341411 2749.991650 2741.222424 2727.448963 2714.632762 2702.422927 2692.460752 2688.449743 2683.489455 2681.196616 2677.928500 2674.927386 2666.505016 2656.503414 2650.175135 2641.444983 2636.218079 2633.877924 2628.763741 2621.204288
