tests/Borden05m/data_simulated/sim_1/output-maps/psiliqL0016N0013.asc
ncols         160
nrows         34
xllcorner     620200.000000
yllcorner     5168000.000000
cellsize      0.500000
NODATA_value  -9999.0
[rows 0 to 24 of 34, columns 55 to 109 of 160]
-9999.0 -9999.0 -9999.0 -9999.0 -9999.0 -9999.0 -9999.0 -9999.0 -9999.0 -9999.0 -9999.0 -9999.0 -9999.0 -9999.0 -9999.0 -9999.0 -9999.0 -9999.0 -9999.0 -9999.0 -9999.0 -9999.0 -9999.0 -9999.0 -9999.0 -9999.0 -9999.0 -9999.0 -9999.0 -9999.0 -9999.0 -9999.0 -9999.0 -9999.0 -9999.0 -9999.0 -9999.0 -9999.0 -9999.0 -9999.0 -9999.0 -9999.0 -9999.0 -9999.0 -9999.0 -9999.0 -9999.0 -9999.0 -9999.0 -9999.0 -9999.0 -9999.0 -9999.0 -9999.0 -9999.0
-9999.0 -9999.0 -9999.0 -9999.0 1430.086448 1424.767502 1419.872702 1415.362013 1406.879080 1398.008587 1390.122455 1386.494640 1385.914593 1385.496091 1385.416095 1390.914696 1399.242848 1407.160867 1414.507510 1417.144506 1419.768242 1422.109509 1422.719533 1421.684702 1418.619490 1415.469816 1412.209716 1410.767863 1402.958287 1391.727676 1383.102993 1380.398962 1384.761918 1389.168700 1391.593725 1397.187509 1407.696444 1418.264345 1426.574174 1438.333334 1444.100736 1448.907520 1451.392042 1446.902083 1443.000703 1438.761265 1433.093598 1421.845346 -9999.0 -9999.0 -9999.0 -9999.0 -9999.0 -9999.0 -9999.0
1374.769505 1393.864663 1414.348718 1417.747332 1406.363062 1401.564074 1398.569401 1396.922792 1392.545632 1384.300126 1379.464690 1374.447438 1372.807488 1373.247875 1373.651070 1378.012741 1388.628140 1396.846929 1401.820380 1404.590066 1407.456461 1407.063983 1406.662945 1406.536519 1403.811412 1400.520222 1397.264339 1395.568639 1396.327022 1388.815160 1383.270183 1379.769375 1377.804385 1380.335560 1382.729189 1386.297017 1395.573625 1403.494534 1411.390294 1425.621774 1437.892971 1442.865715 1439.930897 1434.574803 1430.298501 1422.980424 1412.364607 1401.822356 1392.382441 1385.233480 1379.256679 1372.838591 1378.353916 1384.667270 1393.861420
1359.548145 1379.109939 1399.628209 1402.696229 1392.316284 1384.457656 1379.351902 1379.990999 1383.161146 1380.128145 1375.889076 1370.699470 1379.974210 1381.609776 1383.044466 1386.669474 1389.807246 1393.675557 1396.605665 1402.188549 1411.382362 1414.312768 1415.004009 1415.287504 1413.570191 1410.556217 1408.835368 1406.182146 1401.064999 1399.879671 1400.061727 1399.582398 1404.322503 1405.777278 1407.707009 1401.212741 1404.831774 1410.870579 1417.524712 1423.559879 1429.789532 1433.041315 1429.308645 1428.241009 1419.283072 1404.922943 1393.539698 1384.792689 1382.919299 1379.223306 1370.729409 1357.132722 1363.831060 1378.823304 1382.812487
1365.684003 1375.270926 1387.182424 1390.474296 1385.867817 1387.794824 1389.837351 1391.687676 1390.495520 1387.844724 1385.792199 1398.277319 1407.884379 1410.038543 1413.269664 1417.363576 1417.439951 1406.107199 1404.058629 1412.332213 1422.709791 1428.540644 1428.934953 1428.955378 1426.669358 1425.747628 1425.512672 1423.513160 1424.057770 1426.341218 1425.793844 1430.032103 1435.609987 1438.550755 1431.291498 1422.246172 1423.267339 1431.002781 1439.158589 1446.273267 1456.459213 1467.209053 1465.941124 1459.954432 1450.375790 1436.342467 1412.412164 1392.636729 1381.027622 1372.928535 1364.924089 1364.797279 1360.564190 1371.606404 1372.526578
1362.726167 1381.149223 1402.598471 1410.554652 1405.159766 1400.926763 1399.032080 1400.266024 1400.697450 1403.651041 1415.756120 1429.549032 1443.760531 1446.832545 1449.677771 1449.483670 1441.176961 1431.291622 1428.073090 1442.700075 1459.195275 1467.564208 1468.142225 1466.782859 1472.928514 1472.001879 1470.878120 1466.453316 1468.296333 1468.983127 1477.915229 1485.554808 1492.794916 1491.030065 1478.872629 1467.127755 1465.754205 1468.914282 1472.771730 1478.987922 1488.813840 1497.905278 1492.302709 1484.921474 1474.742881 1446.025233 1419.101421 1401.989844 1401.290710 1400.640819 1394.900566 1391.030531 1387.356016 1380.099698 1378.855515
1408.291271 1429.737897 1450.408818 1466.188647 1461.014774 1453.736258 1444.593497 1445.685774 1448.711265 1456.866947 1469.843084 1486.788238 1510.770336 1513.412565 1516.490877 1518.788537 1507.694361 1495.614760 1485.073332 1504.008350 1514.608625 1523.133589 1524.121077 1533.056389 1542.746020 1538.538086 1531.053403 1520.562647 1526.814558 1537.522897 1552.636277 1559.664945 1563.780163 1561.764954 1549.997763 1543.882149 1542.820092 1545.646935 1543.717844 1548.777907 1558.256950 1572.697509 1571.339750 1562.816114 1540.046413 1502.247517 1468.095207 1448.407679 1454.140329 1446.449049 1438.644467 1434.597922 1420.218509 1409.084632 1408.586535
1457.930061 1475.651886 1494.250162 1512.843267 1507.944888 1498.200154 1484.972038 1484.580028 1491.986839 1502.693759 1521.942903 1544.279358 1567.793087 1574.557929 1576.144983 1586.175820 1580.110468 1570.876982 1563.144489 1576.649716 1588.455527 1600.022854 1609.052979 1621.826116 1633.151787 1622.212571 1609.306931 1603.167926 1608.835062 1629.754825 1648.042563 1653.065955 1653.833366 1655.806592 1645.402424 1639.013245 1632.814535 1628.565600 1623.169218 1619.238717 1638.399634 1655.285786 1653.226590 1629.625736 1605.055495 1567.276944 1528.665935 1497.266666 1498.522045 1494.532823 1493.267294 1478.244129 1462.502934 1446.981328 1437.865908
1533.653820 1561.866634 1582.426726 1604.415133 1603.960691 1586.803218 1577.977218 1582.888839 1596.227996 1604.101311 1620.619427 1643.692645 1674.503362 1694.256569 1712.020348 1716.705175 1709.064883 1700.611919 1688.104768 1687.895548 1706.478612 1718.503506 1728.754487 1739.022711 1751.463687 1755.910867 1752.517926 1751.845147 1755.334824 1763.740608 1773.797814 1780.444285 1785.240514 1790.009888 1784.196558 1773.331708 1767.691163 1759.471725 1753.681815 1751.196085 1755.196976 1767.633628 1764.633349 1735.683202 1707.990921 1674.561130 1636.514532 1604.829807 1588.946143 1596.596898 1586.355254 1567.458557 1548.859714 1514.974198 1499.989768
1626.578600 1662.268156 1689.906296 1704.387758 1717.115534 1710.953221 1712.465127 1717.087667 1725.111539 1730.221306 1738.273141 1771.049802 1805.925054 1834.507717 1858.651983 1867.299273 1857.024204 1847.656695 1835.723945 1826.713374 1832.467370 1847.454682 1864.270327 1879.676207 1890.848012 1894.155213 1892.945712 1893.259503 1895.540176 1898.525985 1901.771586 1908.311521 1915.530348 1925.119758 1935.234952 1928.216172 1911.266311 1899.443318 1886.584028 1882.201856 1880.898972 1879.828438 1879.279283 1868.852994 1834.490102 1804.620391 1771.898284 1744.421259 1724.319228 1712.513632 1692.203775 1668.241304 1620.304970 1579.992353 1545.214113
1734.989495 1776.788460 1807.707514 1830.731079 1846.002920 1848.285542 1851.256209 1854.180899 1860.141445 1865.257979 1871.904936 1895.783937 1934.303089 1972.010177 2002.196377 2005.515930 1995.503579 1985.206609 1975.359850 1964.053961 1960.671850 1969.557946 1981.568982 1998.441104 2009.488964 2018.201954 2016.918924 2017.339928 2018.138252 2020.224518 2022.078612 2024.365216 2031.855850 2044.231639 2055.957026 2056.326937 2041.544935 2024.211259 2007.022960 2000.654859 1995.063516 1988.932243 1988.894409 1989.069980 1978.921449 1951.687846 1914.266809 1871.713912 1846.809678 1826.110183 1812.360779 1794.996993 1764.944805 1709.567174 1676.359524
1862.465774 1892.130400 1922.154709 1953.119951 1971.534437 1978.669154 1979.149235 1981.069474 1988.945556 1994.910153 2004.414657 2021.325897 2047.274637 2077.774845 2105.206140 2122.092924 2117.604798 2104.002825 2085.800489 2079.558837 2077.882106 2080.183633 2087.307352 2096.284333 2112.447907 2128.943417 2134.503160 2135.320287 2132.813202 2135.051050 2136.299122 2136.342016 2137.732018 2143.185564 2150.650753 2153.112655 2147.321403 2129.874827 2108.846668 2095.041308 2086.590812 2081.876521 2080.040604 2081.582544 2081.275143 2068.014524 2036.982504 1997.062116 1963.975098 1942.812405 1926.478553 1911.495762 1898.901357 1875.350512 1855.779825
1980.159970 1995.226388 2021.971165 2049.587888 2073.866785 2090.454202 2094.244121 2099.856537 2105.202264 2114.794279 2130.522815 2150.888060 2166.334446 2184.684616 2207.184663 2220.610281 2226.179370 2225.998135 2223.998108 2225.475519 2225.471301 2190.280948 2193.829874 2197.348473 2206.743874 2216.437495 2219.795074 2220.182654 2218.765723 2220.064660 2220.503206 2220.529313 2220.076308 2220.478432 2223.115190 2223.952653 2222.301114 2213.957338 2220.424264 2202.626209 2190.169266 2182.255858 2174.136175 2165.331579 2155.383050 2145.101213 2127.289573 2099.022937 2065.176522 2038.864477 2027.320070 2019.679136 2011.421327 2004.766421 1988.160745
2087.713927 2099.779201 2116.666070 2137.813467 2167.114899 2187.502929 2198.554055 2207.596771 2212.647658 2225.403939 2239.564474 2232.091201 2237.044817 2242.037651 2246.889545 2248.489074 2248.805729 2248.330288 2245.748341 2244.885622 2242.592366 2237.816831 2227.740955 2228.876505 2230.194210 2232.537120 2236.021170 2234.746902 2235.706226 2238.608551 2237.014232 2231.356034 2227.562908 2225.843855 2226.250344 2233.197872 2236.199917 2236.855932 2235.182859 2234.382412 2233.761950 2231.801848 2229.362657 2225.892938 2221.351680 2227.057811 2216.145447 2191.522378 2156.636870 2119.966626 2107.089393 2103.571690 2102.898117 2099.382931 2092.472244
2204.767374 2217.609352 2231.335847 2224.186773 2237.304873 2244.178994 2247.535828 2250.631819 2253.159426 2254.733278 2251.512926 2248.079630 2243.177434 2241.546903 2239.861176 2237.032288 2237.157221 2234.680393 2230.158902 2225.880775 2218.421867 2206.897117 2195.047573 2191.755474 2195.849402 2200.710437 2205.060983 2208.479499 2211.851662 2212.641967 2207.716520 2199.744874 2192.539607 2190.574330 2196.919277 2202.342781 2207.777338 2208.527676 2207.322576 2205.500536 2205.965772 2203.784529 2204.684772 2211.659778 2225.431177 2230.613510 2233.940986 2233.268056 2223.508952 2205.947145 2202.733033 2182.845858 2186.336150 2181.128940 2169.145930
2245.009450 2247.059778 2246.421684 2244.912070 2238.914864 2233.020322 2232.124182 2235.738937 2242.217686 2243.028826 2235.639307 2226.837890 2219.278289 2211.721865 2208.791332 2206.899313 2205.523761 2204.873701 2198.787726 2189.820541 2173.349662 2161.030637 2149.172797 2142.578685 2139.746876 2143.977962 2153.826273 2163.824400 2168.465169 2161.178649 2153.523323 2142.653061 2134.612340 2134.812888 2136.670943 2145.634136 2160.125324 2165.532211 2166.591085 2161.752726 2157.512340 2152.313572 2150.961794 2158.505875 2174.154392 2190.278258 2204.770976 2213.465822 2221.031775 2227.637511 2229.961610 2231.428816 2232.095423 2230.592342 2230.017059
2239.995023 2233.374500 2226.550110 2221.104018 2214.060410 2207.879874 2205.475784 2207.029332 2208.913476 2204.636759 2197.225467 2186.249988 2174.458030 2163.807714 2156.217549 2155.900387 2156.942180 2156.952446 2149.398935 2133.953294 2115.708456 2101.536690 2087.021798 2082.438164 2076.882825 2071.522803 2081.648497 2099.062561 2105.423035 2091.431259 2081.396682 2067.088184 2059.981144 2056.682338 2058.005427 2067.239453 2087.649898 2108.251017 2110.200388 2101.056572 2092.250035 2088.643565 2087.133500 2094.249981 2112.917073 2133.941584 2149.871814 2160.472502 2166.825063 2175.486730 2185.471192 2198.614393 2212.429836 2223.920646 2231.511214
2214.299685 2206.095644 2197.807430 2189.450886 2181.544091 2174.303940 2168.976700 2165.803209 2161.748919 2154.698015 2146.580250 2129.422130 2116.128109 2102.851458 2087.800942 2083.084157 2078.511060 2078.902113 2066.755842 2056.273890 2037.637551 2021.571404 2005.348871 1993.609219 1987.383845 1981.019426 1983.344420 1997.948588 2006.646199 1994.481620 1984.436052 1972.332695 1966.712135 1963.475186 1965.597664 1975.981584 1997.478035 2016.319297 2024.231264 2017.397698 2014.453042 2014.078584 2014.221318 2021.405772 2036.030404 2056.399361 2078.723897 2096.604036 2107.226840 2115.814725 2126.675853 2142.029440 2156.774593 2171.435225 2189.188085
2179.201649 2169.251897 2158.529619 2147.955564 2136.358289 2124.495189 2116.969035 2117.250238 2109.579349 2102.193136 2083.677757 2034.136804 2014.195027 1994.924511 1978.297986 1971.142641 1962.358273 1951.051237 1941.121397 1934.268154 1929.232573 1913.549200 1895.532276 1878.475551 1872.945744 1868.633121 1857.060341 1858.889068 1861.150573 1868.684603 1861.794060 1857.407948 1856.521570 1854.171491 1856.953509 1870.491676 1881.413087 1890.633737 1897.632246 1898.946161 1907.909937 1915.919695 1923.082786 1940.573617 1954.595603 1972.824284 1995.215577 2020.673310 2035.919905 2046.827822 2058.928185 2075.643693 2093.269981 2111.796918 2135.057752
2137.771322 2122.124625 2107.188616 2092.002797 2078.119121 2064.163000 2048.970372 2048.654124 2044.140720 2033.805789 1987.484272 1944.604685 1910.706970 1891.732941 1868.196461 1855.107958 1841.363533 1810.603214 1794.611000 1789.543969 1796.804121 1788.492752 1771.597974 1757.832924 1748.998080 1741.266033 1726.783427 1714.845500 1719.856501 1733.872216 1731.147036 1731.119886 1736.454720 1735.250713 1731.073461 1734.331152 1748.288505 1756.063447 1766.927131 1781.079778 1786.680976 1799.253010 1828.988958 1843.880131 1860.512928 1881.616932 1904.610770 1928.790100 1951.360194 1966.492288 1982.855807 2003.069888 2021.333555 2043.325358 2067.773452
2081.048740 2051.749399 2030.914817 2012.995934 1993.864771 1970.020696 1948.343870 1944.514617 1936.320405 1912.816098 1863.718864 1823.895921 1795.159764 1772.173172 1747.526689 1726.365761 1695.339344 1662.317612 1641.090575 1649.081722 1656.982692 1660.674266 1647.205121 1634.837985 1624.656541 1609.426544 1593.566920 1580.475493 1589.709308 1598.215981 1609.864995 1614.484722 1618.337708 1622.062192 1621.046404 1614.943037 1617.280891 1626.302204 1637.088586 1648.833206 1665.809572 1698.116553 1723.916963 1742.845670 1764.953948 1786.362303 1810.450551 1835.836133 1859.572003 1877.818435 1898.097123 1918.982004 1941.665488 1963.712203 1989.605482
1999.682029 1971.102799 1943.695847 1919.878407 1890.569126 1848.402339 1832.388610 1822.281946 1805.433363 1764.752150 1721.811874 1690.725094 1669.648750 1644.777684 1621.247043 1593.120278 1560.618210 1535.338282 1514.748111 1522.150290 1529.723012 1543.375938 1532.252829 1522.299275 1516.951885 1501.885116 1488.133923 1473.058785 1480.152759 1490.717248 1509.840690 1514.607842 1518.353954 1526.198187 1525.442867 1522.598440 1511.381610 1519.865787 1530.940981 1545.589383 1574.975552 1599.968211 1624.626939 1647.352636 1668.887789 1692.707521 1717.856136 1743.487137 1771.106028 1792.487526 1813.457359 1836.910630 1858.850110 1878.005452 1899.562145
1887.386727 1861.557649 1839.133029 1814.017623 1774.802257 1730.366108 1693.374483 1673.077303 1629.918419 1595.164587 1564.376115 1551.610859 1534.557448 1511.989998 1490.613761 1469.362365 1444.230538 1422.428011 1397.736805 1401.614761 1414.730354 1429.306059 1425.598273 1423.279473 1420.498906 1409.799705 1396.161611 1382.565460 1386.185339 1401.927635 1419.118442 1427.441511 1434.512473 1442.262114 1442.464814 1435.055178 1426.507778 1432.314520 1447.308819 1464.091565 1484.770250 1507.551026 1530.263279 1552.059305 1576.130588 1600.990897 1626.293685 1653.557116 1682.242472 1704.762348 1730.380180 1756.831737 1777.442595 1790.706558 1804.935818
1777.099518 1754.877287 1730.126864 1702.538288 1660.951381 1619.038362 1576.426003 1534.192548 1500.409798 1469.396954 1454.650706 1436.273399 1419.278578 1401.737052 1380.441987 1361.524986 1343.571967 1321.425208 1305.842281 1311.431236 1324.274181 1334.177523 1338.025954 1335.146073 1332.192564 1325.205078 1311.397854 1303.259363 1312.192860 1327.466427 1341.951922 1352.634389 1359.509133 1365.415340 1362.813640 1354.573996 1350.027705 1358.520518 1374.481130 1389.490572 1406.680760 1428.662984 1450.545415 1473.307229 1497.186939 1521.059053 1547.409728 1574.625868 1602.498483 1630.582307 1655.709083 1678.664644 1691.284992 1704.277331 1711.529695
1646.766527 1630.919731 1604.753206 1576.034552 1543.569184 1506.140063 1476.844866 1444.274264 1412.928693 1382.331982 1356.197338 1340.086054 1330.888266 1316.250608 1297.346852 1284.212398 1267.407671 1252.019727 1253.582376 1255.652968 1265.539828 1265.543150 1266.075910 1263.130079 1262.076588 1258.349820 1249.141249 1257.646014 1264.803427 1279.020568 1289.574895 1299.144405 1305.321420 1309.386719 1309.846616 1304.380699 1308.914729 1316.038277 1330.710502 1342.832074 1357.989057 1379.178943 1397.260200 1417.493356 1440.678969 1464.743662 1490.017070 1517.017563 1546.221688 1572.609676 1593.556838 1604.249587 1616.617957 1623.275591 1618.260606
