tests/Borden05m/data_simulated/sim_1/output-maps/psiliqL0000N0017.asc
ncols         160
nrows         34
xllcorner     620200.000000
yllcorner     5168000.000000
cellsize      0.500000
NODATA_value  -9999.0
[rows 0 to 24 of 34, columns 56 to 111 of 160]
-9999.0 -9999.0 -9999.0 -9999.0 -9999.0 -9999.0 -9999.0 -9999.0 -9999.0 -9999.0 -9999.0 -9999.0 -9999.0 -9999.0 -9999.0 -9999.0 -9999.0 -9999.0 -9999.0 -9999.0 -9999.0 -9999.0 -9999.0 -9999.0 -9999.0 -9999.0 -9999.0 -9999.0 -9999.0 -9999.0 -9999.0 -9999.0 -9999.0 -9999.0 -9999.0 -9999.0 -9999.0 -9999.0 -9999.0 -9999.0 -9999.0 -9999.0 -9999.0 -9999.0 -9999.0 -9999.0 -9999.0 -9999.0 -9999.0 -9999.0 -9999.0 -9999.0 -9999.0 -9999.0 -9999.0 -9999.0
-9999.0 -9999.0 -9999.0 -604.177220 -605.259262 -606.015213 -606.445155 -607.958432 -609.125419 -610.501617 -610.718055 -610.562128 -610.808149 -611.348199 -610.618524 -609.674932 -608.863549 -607.728519 -607.938848 -607.798296 -607.360441 -607.241639 -607.441735 -607.965462 -608.307075 -608.710313 -608.171617 -609.745197 -611.781142 -613.338551 -613.654114 -612.328263 -611.538596 -611.679075 -610.926778 -609.301959 -607.903001 -607.414690 -605.731264 -605.964264 -605.283817 -604.186762 -605.065501 -605.286554 -605.174662 -604.869955 -607.201300 -9999.0 -9999.0 -9999.0 -9999.0 -9999.0 -9999.0 -9999.0 -9999.0 -9999.0
-608.751874 -605.702288 -605.884678 -610.245735 -610.670669 -610.771305 -610.581597 -611.215165 -612.834291 -613.241787 -614.432412 -614.935629 -615.069865 -615.539674 -615.157683 -613.193289 -611.788619 -611.379938 -611.667719 -611.810179 -612.220271 -612.520512 -612.427087 -612.919651 -613.374138 -613.858268 -613.727986 -612.517082 -614.000194 -614.738039 -615.455745 -616.208247 -615.916766 -615.676439 -615.584014 -613.719746 -612.980191 -612.451095 -609.921812 -607.556985 -606.926307 -607.874538 -608.923275 -608.676744 -608.783947 -609.767505 -610.726891 -610.792699 -611.265031 -611.466094 -612.337280 -610.988703 -610.987695 -609.443615 -608.132138 -606.601813
-612.746698 -609.271665 -609.487734 -612.783010 -614.765483 -615.352400 -614.933979 -613.567618 -614.119891 -615.274540 -616.991086 -615.047466 -615.311061 -615.486030 -615.131703 -614.472824 -614.239820 -613.926905 -613.457621 -611.680581 -611.807631 -611.958287 -611.868094 -612.176468 -612.747822 -612.704542 -613.017843 -614.495951 -614.258339 -613.892871 -614.199999 -612.735609 -612.654036 -611.840973 -614.412482 -613.995101 -613.364142 -612.903573 -612.550507 -612.134071 -611.564822 -612.683204 -611.912911 -612.831960 -614.850760 -615.377896 -615.246218 -613.678683 -612.877045 -613.872872 -617.359004 -615.515484 -611.609619 -611.887942 -612.477068 -610.537671
-614.991846 -614.248799 -614.680797 -616.050204 -614.745589 -613.686165 -613.006815 -613.627412 -614.875971 -616.355914 -613.181194 -611.864070 -612.551427 -612.184950 -611.280582 -611.275384 -615.211387 -616.233086 -614.698044 -613.074662 -612.377389 -613.081137 -613.418693 -614.068863 -614.064026 -613.660198 -614.088014 -613.471494 -612.933612 -613.565465 -612.538213 -611.386398 -610.299893 -612.802670 -615.049823 -614.931441 -613.085502 -611.731061 -611.016932 -609.040431 -605.968354 -606.486847 -607.213447 -607.605992 -608.054234 -611.669334 -614.927579 -616.209739 -616.762746 -617.701638 -616.986229 -617.640911 -614.563138 -614.796764 -615.284096 -613.766218
-617.657564 -613.784178 -612.805349 -614.937301 -616.110926 -616.646355 -616.316903 -616.722920 -616.629637 -613.795357 -612.215456 -609.533185 -610.467186 -610.374010 -610.475257 -613.179673 -615.223880 -616.606287 -612.538650 -609.261850 -608.164016 -609.009487 -609.697736 -606.741390 -607.628418 -608.048843 -609.817120 -609.177653 -609.369258 -606.204473 -604.974837 -603.323830 -603.970700 -607.074775 -609.672957 -609.841916 -609.592547 -609.921906 -609.175619 -607.173702 -604.646345 -606.454695 -607.321880 -607.296168 -612.804466 -617.073602 -618.551574 -615.702198 -614.065680 -614.376426 -614.121690 -614.012434 -616.121017 -615.632967 -615.405548 -616.376363
-609.846252 -607.582745 -603.853107 -606.363376 -608.166243 -611.320394 -610.987216 -610.586115 -609.481253 -607.902228 -604.923696 -599.263413 -600.285014 -599.876508 -597.995320 -601.081082 -603.971839 -608.243771 -603.535891 -602.370825 -600.716205 -600.844181 -597.061683 -593.675379 -595.762608 -598.636097 -601.963403 -599.929616 -595.393652 -591.086428 -590.006300 -589.469839 -588.663553 -591.726642 -592.617948 -593.350469 -593.139520 -595.163617 -595.076317 -591.809344 -586.234964 -585.624600 -588.521606 -593.944493 -601.874719 -608.914265 -612.697770 -608.651026 -609.898956 -610.486420 -609.870065 -612.521763 -614.082746 -611.944030 -613.928328 -615.446519
-607.296587 -604.970620 -600.630001 -602.414887 -605.805356 -609.343341 -609.269848 -607.118574 -606.020276 -601.811828 -595.643118 -588.126857 -583.470309 -579.353007 -574.912230 -578.310796 -582.086040 -586.327000 -585.647170 -580.587692 -575.285620 -568.873932 -561.413145 -552.991197 -555.297291 -559.755648 -560.191763 -558.236486 -548.774790 -539.143361 -534.818250 -531.947868 -526.718330 -530.369005 -537.049440 -544.417721 -551.336453 -557.057357 -561.261587 -553.435758 -544.455615 -546.222438 -562.159044 -574.391760 -586.384409 -596.591375 -606.421995 -606.492388 -604.889918 -603.486190 -606.967989 -608.715901 -611.896396 -612.653199 -612.440608 -615.755615
-586.554795 -580.322312 -572.928944 -569.444771 -576.027150 -576.979731 -574.567126 -569.404519 -567.275096 -560.676625 -539.970379 -504.513602 -474.584615 -453.820761 -450.147736 -456.920572 -465.272518 -479.321894 -487.331444 -475.251189 -463.122369 -453.041103 -444.978625 -437.425939 -431.909201 -432.281448 -432.203687 -430.553035 -428.510401 -424.608327 -419.765366 -414.722946 -409.016101 -406.910517 -413.696000 -420.776411 -428.414066 -435.336968 -437.340694 -439.384432 -435.770772 -436.262032 -448.948452 -468.921157 -499.056272 -534.685288 -558.088423 -572.226178 -572.715010 -579.071140 -584.177318 -589.747847 -600.336007 -603.383013 -605.130265 -613.134442
-534.415424 -504.945578 -485.365312 -468.716692 -466.304085 -462.866708 -459.889123 -455.210056 -451.186796 -446.552215 -424.580280 -396.222034 -367.787169 -344.218007 -334.904312 -342.811948 -351.785920 -361.923429 -370.958766 -371.258861 -360.086328 -346.089968 -332.231457 -323.105896 -319.801245 -321.328263 -321.222856 -320.326638 -317.550097 -315.728639 -311.923653 -305.851303 -295.905622 -283.571129 -286.066516 -301.467841 -314.604388 -330.304089 -338.382360 -342.005539 -347.418476 -348.107543 -348.417878 -368.956825 -391.349992 -416.996273 -441.365884 -457.633387 -477.205661 -499.317725 -520.742879 -552.846837 -574.433517 -588.700044 -598.323879 -606.940882
-427.615295 -404.224978 -381.203652 -367.171314 -361.242977 -358.383828 -354.145948 -346.896485 -340.773529 -332.594217 -315.964713 -284.150504 -248.570938 -215.674725 -206.723101 -212.377741 -222.863486 -233.635660 -241.317139 -244.639181 -239.922348 -231.789019 -219.646823 -209.047524 -200.382365 -199.335265 -199.952387 -199.328076 -196.881760 -196.568088 -194.723555 -191.251114 -181.182658 -172.008255 -171.891980 -178.790719 -195.232677 -213.667901 -229.808494 -240.770467 -248.024059 -249.642128 -249.543375 -250.289893 -269.498424 -300.040686 -340.052839 -368.087139 -389.076327 -401.566487 -414.358383 -425.546892 -451.529751 -466.781108 -497.275556 -534.568421
-333.921801 -308.020590 -280.765846 -261.219500 -250.222565 -246.835431 -240.036320 -226.904174 -217.421379 -206.714008 -190.463775 -172.302098 -143.120625 -84.967301 -60.512284 -61.806003 -99.896344 -84.578198 -85.893988 -115.375964 -86.422120 -81.639888 -78.040272 -65.361780 -83.011989 -48.371647 -78.268142 -49.992887 -47.656756 -77.310485 -47.386997 -77.947640 -46.495770 -40.796029 -69.053048 -41.921134 -53.334996 -70.463208 -126.064619 -142.246771 -148.992408 -153.379496 -154.659888 -157.379811 -166.825637 -191.251877 -228.355774 -264.196605 -290.272583 -308.820551 -321.914654 -330.950444 -338.348802 -351.387822 -374.522077 -407.304524
-229.296653 -206.365726 -184.804620 -159.465866 -142.665878 -136.732527 -121.054181 -79.548563 -67.058728 -80.560403 -37.009970 -29.350136 -21.845236 0.664597 8.586433 13.994461 15.354375 16.009790 18.064250 18.008947 18.269287 18.786893 19.323861 19.271223 21.845603 22.238202 22.116807 22.086215 22.446740 22.527264 22.739473 22.473067 20.738523 20.805486 20.731043 20.804771 18.728840 11.212906 -3.023824 -13.596471 -19.818502 -26.888449 -34.504926 -43.538762 -51.641114 -64.962184 -125.203949 -162.247589 -195.039451 -214.813494 -224.369994 -230.580604 -235.910787 -249.625909 -269.839700 -294.973559
-82.992433 -69.609738 -81.260210 -32.248003 -18.963087 -35.468543 -2.691460 2.605184 11.337089 21.067163 23.537385 23.472753 23.512099 23.472419 23.354928 23.270948 23.300722 21.300486 21.277074 20.320347 15.229397 6.798269 8.202560 9.231599 11.545359 14.829399 13.368754 14.207802 16.891812 15.617601 10.728292 7.847034 6.117111 6.323601 12.678380 15.412365 16.036231 16.705157 16.229579 16.175215 16.140330 16.105351 16.070534 16.064855 11.378228 3.756717 -14.799915 -40.177653 -67.930045 -122.169490 -136.159696 -136.997785 -141.634648 -149.793763 -174.159281 -202.072105
4.182116 14.386093 24.258986 24.198007 24.212779 24.179246 25.145446 26.800838 26.462563 23.337426 19.831001 15.670199 14.802306 13.853686 11.649446 12.482150 10.486202 7.277422 4.162365 0.023398 -11.084864 -23.113809 -24.634762 -19.784340 -15.179175 -11.352284 -9.090209 -33.572373 -4.968950 -8.695186 -15.695165 -22.462802 -24.693604 -18.831726 -12.940793 -8.529969 -34.909971 -9.936861 -11.304691 -10.851234 -12.400696 -12.067169 -5.872678 5.930358 13.471234 13.448652 13.423829 13.385368 13.360491 -6.866658 -25.010811 -22.432755 -25.947999 -36.419079 -93.657013 -122.058320
17.722871 17.738535 15.421860 10.074785 4.893366 4.871610 8.358785 14.896635 16.290785 10.471755 2.988064 -3.539760 -10.076462 -11.572262 -13.236207 -13.805224 -13.802296 -18.910214 -25.547748 -68.698556 -91.744702 -105.629158 -112.614660 -113.725269 -108.305451 -100.537111 -94.494094 -93.192986 -95.266635 -100.459794 -109.165856 -116.571102 -116.332199 -113.346398 -105.281246 -94.815108 -95.425721 -92.334215 -94.999467 -96.985725 -100.963776 -99.966530 -86.767747 -37.945259 -24.079386 -12.985129 -6.226781 0.721195 6.079656 13.170825 13.139281 13.094316 13.065344 9.071495 -3.491354 -20.700395
3.934806 -2.462274 -6.957445 -13.367586 -19.213272 -20.330099 -17.053183 -13.012496 -15.255474 -21.530466 -32.014229 -77.277834 -92.908374 -99.557470 -99.667782 -98.254433 -98.493183 -105.015331 -120.314935 -142.284274 -159.097842 -174.330940 -179.044278 -183.512836 -185.633159 -175.637000 -161.736940 -157.169532 -167.999328 -176.100091 -188.394913 -195.526189 -197.674467 -195.813947 -186.825301 -170.155273 -155.450627 -154.552895 -162.340181 -169.718667 -173.168361 -173.303648 -162.316425 -137.425839 -116.290824 -100.920150 -87.191771 -53.253404 -38.271758 -28.957706 -19.147464 -7.947283 1.724547 12.064763 12.390015 12.353018
-20.784318 -62.028952 -75.111183 -83.654703 -90.261213 -94.625742 -96.980165 -98.812208 -104.637259 -111.913450 -123.527793 -141.015320 -154.823385 -168.291728 -171.682801 -173.627472 -171.992278 -183.179208 -195.555157 -216.341644 -232.525129 -248.133861 -256.416981 -262.104009 -267.248559 -259.645416 -243.950000 -235.131286 -250.213662 -259.898501 -272.872907 -279.264244 -282.211214 -281.126620 -272.237105 -250.218917 -232.624127 -227.090453 -234.911410 -241.777474 -244.697855 -244.383218 -237.764847 -219.546031 -197.942304 -177.393614 -161.240810 -147.146404 -136.120620 -124.264354 -108.520469 -89.873447 -45.912540 -27.553755 -11.055549 1.536301
-99.676101 -115.144459 -127.093848 -138.293455 -148.911357 -154.793303 -154.568493 -161.336221 -167.749881 -177.730630 -217.261352 -233.451839 -250.372902 -264.223506 -268.761500 -275.086276 -277.703208 -286.798783 -294.324227 -306.193449 -321.274944 -336.577869 -349.547141 -353.642432 -357.239904 -360.285153 -350.929466 -346.916516 -350.079777 -356.585385 -363.428070 -367.102958 -369.304214 -366.045350 -354.906511 -343.647876 -332.952770 -328.303379 -333.529618 -329.166381 -324.148762 -324.032768 -309.878627 -295.787346 -278.018267 -256.953814 -235.001178 -222.320435 -211.995600 -200.138495 -183.474476 -164.200056 -141.542719 -116.287711 -87.829802 -41.929214
-153.163696 -167.425213 -181.684928 -194.066852 -205.957924 -216.813423 -216.423265 -220.258882 -226.387066 -256.555571 -295.997933 -323.916896 -339.615094 -357.096582 -364.845948 -371.482917 -388.563196 -399.363069 -406.611622 -406.316750 -415.963834 -428.755398 -438.846047 -443.050272 -445.677006 -451.616177 -453.282470 -451.033883 -445.618715 -450.524362 -453.333360 -452.057447 -453.681329 -454.758167 -448.876601 -439.675212 -434.179093 -428.482695 -423.062536 -419.703449 -415.048432 -396.704969 -384.894987 -372.917244 -355.785790 -336.461062 -315.858280 -298.580643 -286.755425 -273.245396 -254.704900 -237.425906 -215.192547 -189.950417 -159.817493 -136.131256
-218.446235 -235.777025 -250.482447 -264.931578 -279.772394 -298.747483 -300.576044 -307.012519 -317.486039 -353.076992 -386.979582 -412.770483 -428.864144 -445.066183 -454.585891 -470.928478 -499.844989 -519.660566 -520.171518 -515.471985 -521.298897 -535.845667 -547.048997 -553.991365 -560.314840 -568.006097 -572.187516 -568.257015 -563.942927 -564.130660 -564.373878 -562.875326 -563.070860 -563.518604 -563.063711 -555.077483 -548.910091 -541.712454 -535.095367 -528.577987 -503.066436 -476.813029 -460.112848 -444.844315 -429.985346 -411.741586 -391.773926 -374.997085 -362.450252 -346.594331 -329.191075 -310.055418 -289.371080 -264.002062 -234.290698 -210.188898
-282.977231 -306.350336 -324.877552 -343.760874 -371.502475 -383.150256 -390.410374 -396.589659 -419.143178 -447.199106 -475.618838 -508.015672 -534.159382 -552.599681 -565.932006 -578.001651 -587.491599 -592.929062 -589.817252 -588.064553 -585.274591 -590.026696 -593.774179 -594.757971 -598.053631 -600.954849 -604.658183 -601.691375 -600.311817 -596.805998 -597.125768 -597.011823 -595.438587 -596.229639 -596.484374 -598.574960 -595.969434 -594.377337 -592.399509 -585.414888 -577.747132 -568.342202 -558.072720 -543.690511 -521.885408 -492.321462 -464.298920 -443.766744 -429.141233 -413.743385 -396.000904 -379.282514 -362.307903 -341.637393 -316.483013 -293.982536
-367.497730 -385.162389 -402.999889 -426.841023 -455.575482 -477.501164 -488.054393 -515.908461 -542.594241 -567.947080 -579.844304 -586.257474 -592.223682 -596.419489 -599.573749 -604.417407 -607.744043 -612.530638 -610.694589 -608.155915 -604.474946 -607.578848 -608.103505 -607.525943 -609.368361 -611.283151 -614.343152 -613.844310 -611.382840 -608.406723 -608.532250 -607.925807 -606.211696 -606.171262 -607.515783 -610.233790 -609.534387 -607.736306 -605.935310 -602.308424 -598.781332 -595.145118 -591.774714 -586.808103 -580.322804 -571.979735 -558.677172 -538.673900 -518.143288 -488.304212 -459.898999 -441.956739 -431.071980 -417.311407 -395.180052 -378.444427
-442.413100 -458.485177 -481.722948 -523.430862 -557.266740 -577.884640 -587.385111 -594.997886 -601.448380 -604.033136 -606.282841 -608.680949 -610.652613 -612.708617 -614.562395 -616.084637 -618.397426 -622.982763 -621.114359 -618.498738 -615.489970 -615.426588 -615.756587 -615.523557 -616.247599 -618.302152 -621.955901 -620.435874 -618.218036 -616.183852 -615.552516 -615.154234 -613.887920 -614.781506 -616.630779 -619.302496 -618.164575 -616.098044 -614.905366 -613.351675 -611.064119 -608.587340 -606.073979 -603.073754 -599.890533 -595.478293 -590.188491 -583.673377 -575.780462 -565.228408 -549.240319 -536.670353 -520.993628 -503.023310 -477.616368 -456.934371
-547.629447 -563.139711 -575.061788 -585.827247 -595.835843 -600.825126 -604.959261 -608.343372 -611.732110 -613.765677 -615.340372 -614.621188 -615.351980 -617.471470 -617.408080 -618.526214 -622.191946 -620.954644 -619.909060 -616.951324 -617.451929 -617.609858 -618.310573 -617.844291 -618.333424 -621.853834 -620.129495 -619.352572 -617.287311 -616.893756 -616.441941 -616.093690 -615.707420 -616.129381 -618.632541 -618.130960 -617.448578 -615.539751 -615.436810 -614.598662 -612.330541 -611.571588 -610.097276 -608.000148 -605.703541 -602.892919 -599.386562 -594.436947 -589.171425 -583.910516 -581.868738 -577.925148 -574.338109 -576.269413 -567.849780 -557.367464
