tests/Borden05m/data_simulated/sim_1/output-maps/psiliqL0014N0006.asc
ncols         160
nrows         34
xllcorner     620200.000000
yllcorner     5168000.000000
cellsize      0.500000
NODATA_value  -9999.0
[rows 0 to 24 of 34, columns 0 to 55 of 160]
-9999.0 -9999.0 -9999.0 -9999.0 -9999.0 -9999.0 -9999.0 -9999.0 -9999.0 -9999.0 -9999.0 -9999.0 -9999.0 -9999.0 -9999.0 -9999.0 -9999.0 -9999.0 -9999.0 -9999.0 -9999.0 -9999.0 -9999.0 -9999.0 -9999.0 -9999.0 -9999.0 -9999.0 -9999.0 -9999.0 -9999.0 -9999.0 -9999.0 -9999.0 -9999.0 -9999.0 -9999.0 -9999.0 -9999.0 -9999.0 -9999.0 -9999.0 -9999.0 -9999.0 -9999.0 -9999.0 -9999.0 -9999.0 -9999.0 -9999.0 -9999.0 -9999.0 -9999.0 -9999.0 -9999.0 -9999.0
-9999.0 -9999.0 -9999.0 -9999.0 -9999.0 -9999.0 -9999.0 -9999.0 -9999.0 -9999.0 -9999.0 -9999.0 -9999.0 -9999.0 -9999.0 -9999.0 -9999.0 -9999.0 -9999.0 -9999.0 -9999.0 -9999.0 -9999.0 -9999.0 -9999.0 -9999.0 -9999.0 -9999.0 -9999.0 -9999.0 -9999.0 -9999.0 -9999.0 -9999.0 -9999.0 -9999.0 -9999.0 -9999.0 -9999.0 -9999.0 -9999.0 -9999.0 -9999.0 -9999.0 -9999.0 -9999.0 -9999.0 -9999.0 -9999.0 -9999.0 -9999.0 -9999.0 -9999.0 -9999.0 -9999.0 -9999.0
-9999.0 -9999.0 -9999.0 -9999.0 -9999.0 -9999.0 -9999.0 -9999.0 -9999.0 -9999.0 -9999.0 -9999.0 -9999.0 -9999.0 -9999.0 -9999.0 -9999.0 -9999.0 -9999.0 -9999.0 -9999.0 -9999.0 -9999.0 -9999.0 -9999.0 -9999.0 -9999.0 -9999.0 -9999.0 -9999.0 -9999.0 -9999.0 -9999.0 -9999.0 -9999.0 -9999.0 -9999.0 -9999.0 -9999.0 -9999.0 -9999.0 -9999.0 -9999.0 -9999.0 -9999.0 -9999.0 -9999.0 895.532566 878.353030 863.027665 860.770221 883.418490 907.054584 931.131783 951.984253 970.822087
-9999.0 -9999.0 -9999.0 -9999.0 -9999.0 -9999.0 -9999.0 -9999.0 -9999.0 -9999.0 -9999.0 -9999.0 -9999.0 -9999.0 -9999.0 -9999.0 -9999.0 -9999.0 -9999.0 -9999.0 -9999.0 -9999.0 -9999.0 -9999.0 -9999.0 -9999.0 -9999.0 -9999.0 -9999.0 -9999.0 -9999.0 -9999.0 -9999.0 -9999.0 -9999.0 -9999.0 -9999.0 -9999.0 -9999.0 -9999.0 942.795504 948.818337 950.086746 939.863232 928.867132 916.756542 896.885496 879.263481 864.728794 862.503871 865.445328 870.649552 893.386555 918.422937 938.431217 955.666853
-9999.0 -9999.0 -9999.0 -9999.0 -9999.0 -9999.0 -9999.0 -9999.0 -9999.0 -9999.0 -9999.0 -9999.0 -9999.0 -9999.0 -9999.0 -9999.0 -9999.0 -9999.0 -9999.0 -9999.0 -9999.0 -9999.0 -9999.0 -9999.0 -9999.0 -9999.0 -9999.0 -9999.0 -9999.0 -9999.0 -9999.0 -9999.0 -9999.0 -9999.0 849.638439 867.178819 885.469242 904.133995 921.130183 928.135872 934.098927 939.991829 936.078637 931.715533 920.630114 901.651783 882.427714 868.946407 867.205867 865.093632 869.711658 882.856672 900.019123 916.514765 937.804163 961.771948
-9999.0 -9999.0 -9999.0 -9999.0 -9999.0 -9999.0 -9999.0 -9999.0 -9999.0 -9999.0 -9999.0 -9999.0 -9999.0 -9999.0 -9999.0 -9999.0 -9999.0 -9999.0 -9999.0 -9999.0 -9999.0 -9999.0 -9999.0 -9999.0 -9999.0 -9999.0 -9999.0 -9999.0 853.143394 847.375926 842.562819 841.322898 840.280707 839.434831 846.458847 858.688295 876.928743 898.941212 912.243236 919.777141 926.727157 927.745820 922.990683 921.361970 922.066005 910.557124 899.223822 888.659939 878.506559 877.311166 887.299922 901.906401 918.608470 933.940463 949.842790 960.730398
-9999.0 -9999.0 -9999.0 -9999.0 -9999.0 -9999.0 -9999.0 -9999.0 -9999.0 -9999.0 -9999.0 -9999.0 -9999.0 -9999.0 -9999.0 -9999.0 -9999.0 -9999.0 -9999.0 -9999.0 -9999.0 -9999.0 -9999.0 822.881231 828.717099 835.400791 843.060934 844.176679 840.319477 834.951275 832.208267 831.015353 829.589078 834.387789 842.715264 856.586277 872.739623 895.018861 903.997349 910.392369 922.972167 926.165582 932.405971 936.902693 935.633068 933.168488 921.017029 912.111141 917.534618 923.867680 931.251361 939.844772 953.840299 969.714353 987.539015 1008.208589
-9999.0 -9999.0 -9999.0 -9999.0 -9999.0 -9999.0 -9999.0 -9999.0 -9999.0 -9999.0 -9999.0 -9999.0 -9999.0 -9999.0 -9999.0 -9999.0 -9999.0 -9999.0 -9999.0 797.736054 798.734470 800.046405 804.866553 805.765362 808.044576 815.215043 823.581664 826.205868 824.726151 823.612913 825.468501 828.537663 833.291066 844.959222 859.182627 873.814716 888.139298 909.536841 924.815009 938.890171 955.387594 955.271981 951.798784 950.528827 951.595799 952.389963 957.003817 960.330200 967.336415 972.739455 979.841489 989.995127 1002.306063 1021.276663 1041.832730 1062.354334
-9999.0 -9999.0 -9999.0 -9999.0 -9999.0 -9999.0 -9999.0 -9999.0 -9999.0 -9999.0 -9999.0 -9999.0 -9999.0 -9999.0 -9999.0 -9999.0 769.019418 770.944237 773.255281 778.727293 781.743199 785.887607 792.998638 794.426119 798.409554 805.798263 810.964134 820.087386 828.484384 836.180210 842.570820 845.714984 853.651242 863.811513 876.254805 892.103849 914.223262 938.001779 954.965845 972.511010 990.306903 991.629988 991.255473 993.126097 994.388413 1001.562203 1019.954883 1026.777420 1029.108012 1046.733045 1061.974095 1068.278173 1077.081381 1097.209428 1121.956624 1146.356225
-9999.0 -9999.0 -9999.0 -9999.0 -9999.0 -9999.0 -9999.0 -9999.0 -9999.0 -9999.0 -9999.0 -9999.0 -9999.0 722.684457 726.926287 736.602316 745.936093 748.591711 753.025234 759.236884 771.620694 775.456978 781.916042 789.743597 801.894555 810.837296 820.374579 832.623897 841.496909 849.236948 856.822661 863.057329 876.949986 892.872042 909.371532 930.402208 953.274045 974.759998 996.230089 1013.055794 1027.775887 1030.732570 1030.695074 1034.056467 1042.862460 1061.328820 1081.671975 1092.505552 1112.665269 1137.753818 1153.289831 1166.862155 1177.156799 1191.994195 1214.669358 1250.678890
-9999.0 -9999.0 -9999.0 -9999.0 -9999.0 -9999.0 -9999.0 -9999.0 -9999.0 -9999.0 689.418164 691.862799 688.601652 688.545323 693.782946 706.050993 719.909494 726.689359 738.455669 759.570939 777.556379 781.349693 796.199422 806.735187 813.880129 824.862347 838.521438 851.926474 869.423185 882.669476 895.129955 915.578476 933.011439 950.597133 969.509231 990.993287 1012.190089 1042.149183 1070.711993 1085.222360 1109.079610 1121.614511 1120.209743 1121.832504 1132.470243 1150.649428 1174.461310 1200.752423 1225.531969 1254.125931 1274.808492 1291.917358 1304.874042 1319.120709 1336.776645 1374.077337
-9999.0 -9999.0 -9999.0 -9999.0 -9999.0 -9999.0 -9999.0 -9999.0 664.766200 672.189305 678.486773 675.694591 671.406842 667.756710 681.658027 697.729095 714.023801 731.853407 748.136964 766.613213 782.275428 798.933863 819.154652 831.365739 843.606822 859.563131 873.985923 892.023370 914.285944 928.251876 946.339238 969.042255 989.094894 1008.640781 1029.050818 1049.118385 1077.705882 1113.452756 1147.767120 1173.001044 1203.125212 1228.215076 1229.514729 1234.081005 1240.898360 1269.464279 1302.186511 1336.345118 1365.506979 1396.786698 1429.946438 1450.945220 1463.878338 1478.165936 1494.905609 1515.278882
-9999.0 -9999.0 -9999.0 -9999.0 -9999.0 -9999.0 637.593280 661.966994 677.156323 669.495976 659.983639 656.636172 652.927024 676.296814 698.511290 716.067414 733.325682 751.324389 768.283215 781.889827 816.228622 834.496991 849.566812 868.470722 883.817155 899.280104 917.753079 942.310698 965.582828 997.000925 1024.835352 1050.856675 1079.084403 1100.964127 1122.170922 1143.181096 1177.355398 1217.745293 1257.697551 1290.001715 1320.242495 1353.288672 1362.782560 1370.760922 1380.588190 1404.604959 1439.676158 1473.520120 1510.622293 1545.914648 1575.511117 1589.817563 1601.887476 1614.294572 1628.524922 1641.627957
-9999.0 -9999.0 -9999.0 -9999.0 603.967699 625.011680 645.288729 676.226176 699.086682 694.417878 701.544517 702.153501 700.824760 705.007672 712.389262 730.939462 749.951181 769.250019 787.718060 823.489016 868.087046 884.574326 910.039949 943.036884 957.891926 974.396931 992.007039 1016.674795 1045.466674 1081.137466 1127.352655 1167.204636 1195.662037 1221.386587 1245.671067 1271.161280 1308.715519 1350.166045 1391.092495 1429.326184 1462.541913 1490.685580 1505.332158 1515.094774 1529.069291 1547.942610 1571.992128 1601.746001 1634.947184 1668.717351 1695.343871 1710.312578 1719.060039 1730.059901 1740.637503 1752.710734
-9999.0 -9999.0 -9999.0 554.712734 593.493615 631.411208 658.752621 690.026145 722.540160 727.898529 737.423917 743.178751 748.887928 758.177953 767.547291 785.204072 801.798931 818.055414 840.744337 878.305795 914.429203 945.779473 979.158614 1007.625135 1030.023127 1047.567524 1067.844605 1094.032437 1136.244729 1176.668389 1229.946592 1286.247071 1326.218841 1353.844596 1379.415912 1410.360652 1439.192189 1479.054039 1517.597521 1554.001321 1588.184672 1614.602531 1634.575227 1643.376565 1654.181423 1664.440375 1682.387682 1705.217674 1728.050879 1757.472597 1786.257511 1811.113055 1825.254215 1835.214749 1850.933010 1866.625879
-9999.0 -9999.0 507.531447 545.355196 579.744324 630.371893 683.635654 718.420002 759.914421 784.669537 792.440543 810.713448 827.941393 836.354541 852.970774 870.954535 888.922471 896.139456 913.499840 945.581407 997.055518 1044.538062 1068.614254 1121.842509 1157.032345 1186.308193 1206.056014 1235.316566 1273.590145 1318.671502 1370.680400 1423.913265 1465.594322 1499.718474 1519.261300 1541.735272 1567.438988 1594.087779 1630.243800 1661.124527 1693.725499 1720.474968 1742.639540 1750.148131 1755.871180 1772.313802 1797.158212 1823.329853 1847.967525 1871.621235 1876.431838 1888.060242 1893.772544 1897.279482 1902.001202 1905.353985
-9999.0 -9999.0 480.988239 525.922203 566.704370 633.883735 713.647869 751.560031 795.425550 842.319538 862.537464 888.628469 903.128045 915.324206 940.187064 963.855985 976.352182 983.737391 984.662307 1041.515563 1101.818190 1155.951780 1207.567700 1276.222271 1323.493535 1342.189298 1357.142025 1380.742931 1408.805149 1455.141229 1505.673327 1560.693241 1606.410405 1639.253463 1657.442120 1677.541864 1699.506645 1718.799200 1739.063337 1778.747057 1806.281707 1832.031367 1858.671637 1878.957599 1887.688208 1891.785782 1882.827608 1892.931058 1900.195380 1904.088519 1906.138246 1903.809417 1903.957794 1905.265806 1906.736852 1902.188315
-9999.0 392.257052 444.478893 497.964676 567.347388 635.316016 719.498002 800.473460 858.020673 906.614199 938.141810 954.102467 995.390977 1041.132340 1069.319943 1097.816058 1101.721016 1107.456042 1099.405535 1149.091456 1201.941201 1280.424460 1392.812745 1451.786254 1497.846487 1502.917099 1501.180401 1516.768014 1543.503896 1588.923469 1656.773364 1704.889735 1758.191456 1798.673034 1814.822494 1822.890070 1841.399373 1861.992964 1852.119480 1874.360219 1885.125767 1894.110234 1897.107604 1899.641478 1901.732741 1903.184307 1901.421625 1896.554559 1890.252535 1886.027832 1883.124616 1879.496103 1882.539049 1886.223231 1887.332649 1880.844483
-9999.0 356.930003 416.595837 488.434467 559.969357 629.511358 734.826924 877.456755 932.310306 972.266483 999.869192 1029.509836 1112.688913 1182.889149 1220.604831 1266.661004 1263.305870 1254.404135 1243.950646 1279.016437 1331.510599 1407.870288 1549.730326 1635.207915 1664.264629 1678.089602 1688.059122 1716.664503 1754.762060 1791.921159 1825.485533 1828.288602 1854.667694 1868.727525 1874.199494 1877.542308 1882.689069 1884.594908 1884.272534 1882.268023 1879.135076 1880.620810 1885.727086 1886.695972 1885.222980 1883.569990 1879.490362 1873.404778 1869.238872 1865.815596 1864.036627 1861.744821 1860.610041 1860.877796 1856.701881 1851.166092
-9999.0 327.867408 398.970638 463.041092 529.566033 646.001110 772.555653 908.775245 1003.757414 1045.840936 1077.879016 1155.907368 1262.716793 1363.195117 1418.508629 1446.536015 1450.985715 1433.251266 1439.343090 1485.241595 1550.982601 1641.710410 1731.195381 1807.167670 1822.594085 1829.102279 1813.143775 1828.812828 1843.520332 1848.908828 1853.183746 1858.963705 1866.568728 1871.591654 1872.565881 1871.854053 1869.163974 1863.067937 1859.660391 1857.680096 1855.311848 1855.757078 1859.140573 1861.102935 1859.587820 1856.948280 1853.730321 1849.371671 1844.530895 1839.102867 1836.086415 1832.692442 1830.779032 1825.890522 1821.206603 1814.715782
-9999.0 229.812942 317.745208 373.928075 491.644023 665.497813 793.002870 945.321519 1093.190819 1139.187204 1224.157839 1351.396478 1463.435927 1542.668296 1587.807247 1632.024244 1662.521432 1687.462109 1722.985949 1687.167234 1742.856335 1798.283461 1823.415088 1836.895446 1840.932799 1845.211590 1840.799077 1825.325389 1818.550984 1815.193525 1819.766042 1829.419065 1836.906020 1844.076793 1843.564081 1845.407372 1846.517873 1843.998582 1841.093880 1833.658308 1826.683438 1821.465352 1820.153799 1825.886940 1821.808868 1819.668892 1814.972607 1808.376357 1801.126089 1794.722125 1787.994191 1781.792816 1778.956132 1772.838119 1770.193739 1760.517847
-9999.0 148.871664 226.158666 317.751778 458.226455 623.260257 756.470126 926.389891 1135.902824 1257.368636 1388.252847 1469.419869 1551.255415 1619.188173 1685.575237 1733.624161 1759.985622 1771.886246 1764.838062 1776.953193 1748.247861 1743.895505 1762.938188 1790.615843 1805.629640 1812.055552 1806.582237 1799.076360 1794.918186 1796.504986 1797.510208 1797.927801 1797.771623 1796.864765 1794.739548 1797.334196 1802.254180 1796.494529 1788.127760 1779.976943 1772.499604 1764.163220 1758.724253 1755.559404 1754.902936 1755.429128 1749.077106 1740.032997 1730.790305 1723.712625 1716.777928 1711.352719 1708.252813 1702.003888 1692.084548 1677.248384
-9999.0 51.758732 172.418444 268.040231 392.367543 530.746719 660.163910 827.050085 980.968826 1205.179537 1372.773226 1484.631657 1534.601439 1598.788466 1662.683911 1731.620599 1739.583864 1714.375624 1685.929280 1674.189863 1681.580092 1692.745793 1706.989062 1727.370805 1745.861997 1756.995303 1760.989378 1755.678460 1744.273877 1736.844003 1731.753565 1723.369142 1717.420403 1717.018301 1718.200209 1725.383748 1727.415521 1717.996335 1704.458687 1687.560940 1672.593035 1661.202701 1657.730528 1658.805173 1658.921122 1655.828167 1649.818882 1640.335441 1628.880658 1618.025586 1611.071299 1605.476035 1597.654604 1585.874654 1571.982943 1555.799521
-9999.0 -9999.0 97.843764 209.484252 319.425502 444.129635 562.786963 710.097226 864.489903 1051.600082 1176.612618 1312.533906 1391.440806 1443.466339 1498.500211 1556.819228 1579.107237 1601.138517 1587.643917 1594.203661 1602.388292 1609.540940 1620.022757 1632.326320 1646.426721 1657.508196 1666.429641 1665.704575 1657.979265 1642.165391 1623.109592 1608.620068 1600.525248 1594.041247 1603.248237 1614.147998 1610.596167 1602.951448 1589.566710 1572.025829 1557.074698 1541.771306 1536.809941 1536.390055 1536.168019 1533.333626 1529.176642 1516.940816 1504.640505 1493.219129 1487.749229 1481.131725 1474.488553 1461.590704 1446.919630 1430.202803
-9999.0 -9999.0 13.723883 123.269435 239.387412 364.146962 466.880421 547.881114 703.735101 824.319645 933.189920 1036.280781 1123.142486 1190.836046 1239.489331 1304.368243 1348.359112 1367.224223 1388.914878 1419.557124 1446.214730 1474.386323 1493.283043 1506.851323 1521.759698 1536.022231 1545.611236 1534.876122 1524.663735 1508.778677 1488.305807 1465.927356 1454.367459 1450.866221 1452.909149 1457.479087 1450.991437 1440.202888 1424.095961 1406.165521 1390.759471 1377.395755 1371.801514 1367.479354 1365.608278 1362.501584 1359.323072 1350.998821 1340.009931 1332.477419 1324.058840 1317.552055 1313.387920 1304.974269 1293.409226 1284.155482
