tests/Borden05m/data_simulated/sim_1/output-maps/psiliqL0023N0014.asc
ncols         160
nrows         34
xllcorner     620200.000000
yllcorner     5168000.000000
cellsize      0.500000
NODATA_value  -9999.0
[rows 0 to 24 of 34, columns 55 to 109 of 160]
-9999.0 -9999.0 -9999.0 -9999.0 -9999.0 -9999.0 -9999.0 -9999.0 -9999.0 -9999.0 -9999.0 -9999.0 -9999.0 -9999.0 -9999.0 -9999.0 -9999.0 -9999.0 -9999.0 -9999.0 -9999.0 -9999.0 -9999.0 -9999.0 -9999.0 -9999.0 -9999.0 -9999.0 -9999.0 -9999.0 -9999.0 -9999.0 -9999.0 -9999.0 -9999.0 -9999.0 -9999.0 -9999.0 -9999.0 -9999.0 -9999.0 -9999.0 -9999.0 -9999.0 -9999.0 -9999.0 -9999.0 -9999.0 -9999.0 -9999.0 -9999.0 -9999.0 -9999.0 -9999.0 -9999.0
-9999.0 -9999.0 -9999.0 -9999.0 2808.423727 2803.123712 2798.347721 2794.956885 2813.455989 2804.641971 2797.205869 2793.627427 2793.070395 2792.787543 2792.746952 2798.210807 2806.727798 2814.749591 2821.965829 2793.546450 2794.652831 2796.597071 2796.924852 2795.839680 2794.033486 2823.111682 2819.881201 2818.375633 2810.988729 2799.912769 2791.561092 2788.880723 2793.078951 2797.365555 2799.742867 2804.920724 2815.152830 2825.513186 2801.816412 2811.259240 2817.756291 2822.941239 2825.518709 2821.418690 2818.043904 2814.116155 2809.472891 2798.399370 -9999.0 -9999.0 -9999.0 -9999.0 -9999.0 -9999.0 -9999.0
2780.168175 2799.133104 2793.801577 2797.009564 2812.332145 2807.545430 2804.754902 2803.435792 2799.334086 2791.304797 2786.701021 2781.779527 2779.829335 2780.373802 2780.831116 2785.128053 2796.265449 2804.546258 2809.557864 2812.783898 2815.860754 2814.813308 2814.310640 2814.264664 2811.514546 2807.932436 2804.661336 2802.955359 2804.297908 2796.802675 2790.984852 2787.207090 2784.486108 2787.018200 2789.619145 2793.806210 2802.829211 2810.505703 2818.336554 2799.925072 2809.876862 2815.272506 2812.645620 2807.942715 2805.490950 2799.470131 2818.405193 2808.106951 2799.415319 2792.597495 2786.495370 2779.425765 2784.885271 2791.605327 2800.245190
2765.027579 2784.823934 2805.986076 2809.040187 2798.677858 2791.167032 2785.201505 2786.157593 2789.962191 2787.233572 2783.029850 2776.401909 2786.467720 2788.024649 2789.367090 2793.162820 2795.994497 2801.154932 2804.035987 2809.680181 2818.750575 2821.696712 2822.340598 2822.589897 2820.797436 2817.680805 2815.879638 2813.216841 2808.066330 2806.510776 2806.348791 2805.289422 2809.447440 2810.298652 2813.414974 2807.601074 2811.625842 2817.525803 2823.551776 2829.325793 2799.066805 2800.310118 2796.938587 2798.514884 2823.606725 2809.476835 2799.091086 2790.953362 2790.143806 2786.444373 2777.750174 2763.391837 2770.508155 2785.578129 2789.456917
2772.023602 2781.618294 2792.945522 2796.055340 2791.479600 2794.000797 2796.302471 2798.167416 2796.988546 2794.200072 2790.967053 2802.299113 2810.540341 2812.415530 2815.505321 2820.094253 2822.098194 2811.601838 2809.867564 2817.523746 2826.620240 2831.934925 2832.273952 2832.138965 2828.984949 2827.995435 2827.878468 2826.111915 2825.983658 2827.802823 2825.953587 2829.284905 2834.792660 2800.709455 2831.989426 2823.275088 2825.026518 2833.172006 2803.700184 2809.503286 2818.142998 2828.886949 2828.780294 2823.999004 2816.751228 2805.540265 2817.160131 2798.664839 2786.794482 2778.092628 2770.021063 2771.371463 2766.049158 2778.290423 2779.116885
2763.934206 2784.323189 2804.439141 2811.250998 2805.876283 2802.484419 2801.566876 2802.905408 2802.883735 2804.607081 2814.822573 2827.589818 2801.406298 2801.962897 2803.940911 2804.600517 2837.944143 2827.997092 2825.458688 2839.349304 2813.905057 2820.043757 2819.751752 2816.241545 2820.199547 2819.998644 2820.020727 2816.347486 2817.377546 2815.843621 2822.251352 2829.881441 2837.581816 2834.523710 2823.823962 2811.746037 2811.351860 2816.162396 2820.611062 2827.763144 2837.821652 2846.985815 2842.047339 2836.389854 2828.456515 2803.860123 2819.044799 2804.214137 2802.676036 2802.237414 2797.439730 2794.198813 2791.676391 2785.869761 2785.009533
2805.513488 2825.721127 2809.607337 2821.660738 2815.601700 2808.073695 2799.328300 2799.670371 2800.703648 2807.048871 2817.979075 2831.696277 2852.241743 2852.353508 2853.368924 2852.994363 2842.305388 2829.451293 2819.306280 2840.362982 2849.429818 2856.751505 2855.125978 2861.298009 2870.209499 2866.448937 2859.821191 2848.237562 2854.008672 2861.693883 2876.771427 2884.392980 2889.302688 2885.460804 2872.279263 2865.779890 2866.624760 2872.087379 2872.385738 2880.018765 2889.037267 2903.875177 2902.657214 2897.987085 2877.525227 2840.766950 2813.824199 2840.846168 2809.381066 2803.156958 2834.255355 2832.267023 2819.378270 2810.288744 2811.983990
2806.555406 2819.273976 2834.350089 2851.090108 2843.172541 2832.974202 2817.315121 2814.847912 2819.798580 2829.903234 2847.666504 2866.646773 2887.310002 2888.150782 2883.755685 2892.688791 2886.646061 2876.325900 2868.734611 2887.729750 2898.159757 2907.898643 2914.449343 2927.075609 2937.763494 2922.954892 2907.183048 2898.079907 2904.685970 2928.828971 2949.948606 2954.782009 2954.332965 2954.497571 2940.705266 2935.494775 2931.386920 2930.460456 2927.084526 2924.661783 2948.184376 2968.396737 2967.759031 2945.833249 2922.921971 2884.983823 2847.516797 2823.191789 2831.188280 2827.958744 2831.900287 2820.658289 2808.042952 2800.348280 2834.252101
2859.804713 2882.920343 2900.105174 2920.909787 2914.082062 2892.606173 2878.589612 2881.694047 2894.971860 2902.760827 2920.386705 2938.991252 2965.980729 2980.115027 2992.706510 2980.100904 2989.550319 2981.351145 2969.189018 2972.791472 2994.652237 2988.136394 2996.072360 3004.889233 3017.379830 3018.896506 3012.979579 3011.435953 3015.481896 3027.388022 3040.475016 3047.144911 3050.691254 3053.800698 3042.843798 3030.671836 3027.872572 3021.755011 3019.333265 3018.249193 3027.744525 3046.186860 3043.446073 3009.723218 2984.028893 2967.096070 2929.628322 2899.981239 2891.233100 2907.269191 2903.871518 2887.331307 2874.832064 2847.010748 2840.959717
2933.781189 2967.063822 2991.585168 2985.913072 2993.579667 2980.829227 2979.327419 2983.166399 2990.987570 2994.250859 3000.700178 3032.704466 3066.158165 3091.750270 3114.509364 3121.085578 3109.894998 3100.107328 3086.939637 3077.979139 3087.343550 3103.027705 3120.307094 3135.295420 3146.529878 3148.945004 3147.451128 3147.556750 3150.389974 3153.350366 3157.320644 3165.209124 3172.620149 3178.223556 3186.752027 3177.566498 3164.065719 3154.300979 3144.330892 3142.697824 3143.557684 3146.285339 3147.265336 3132.833138 3093.639175 3063.924140 3032.496214 3011.330412 2996.874196 2994.853314 2994.083228 2970.744769 2920.889302 2883.890529 2852.039541
3005.888608 3047.758976 3076.615232 3094.105842 3106.969810 3104.996012 3106.700526 3107.835701 3111.795522 3114.555401 3118.015860 3143.490087 3180.456586 3218.822453 3249.431101 3249.978005 3237.092457 3225.903756 3216.478741 3202.877408 3199.022393 3210.530616 3224.950196 3244.260826 3254.844847 3261.654393 3258.878663 3259.132274 3260.648447 3262.883909 3264.930978 3268.189972 3277.252106 3291.463394 3305.258491 3304.825559 3287.279382 3269.637145 3253.446105 3250.093023 3247.025801 3242.065228 3244.108539 3245.934529 3232.133947 3202.698047 3167.540711 3127.264840 3108.901633 3092.946920 3082.798815 3066.735956 3030.813782 2986.595494 2949.722571
3118.913163 3151.074983 3176.432030 3206.167789 3221.493605 3224.607335 3222.444086 3221.706701 3228.584069 3231.852829 3238.233499 3254.561408 3284.612871 3318.496876 3347.370543 3362.989561 3355.930603 3339.031252 3317.821054 3308.913733 3306.309623 3309.577916 3318.477901 3330.345679 3349.011551 3367.663673 3372.921317 3373.769898 3371.546317 3373.476900 3374.922321 3375.019964 3377.566477 3385.324698 3394.647334 3397.867805 3390.722507 3371.147917 3348.426954 3336.569233 3329.741321 3326.207412 3326.720114 3331.226791 3333.880068 3319.895074 3286.103571 3243.337570 3213.117992 3197.001361 3184.151066 3174.023935 3162.356548 3133.449214 3113.503668
3223.004345 3237.658681 3264.874132 3292.945612 3315.616175 3330.445221 3331.372858 3334.750871 3339.389237 3347.053440 3362.052431 3383.977420 3401.924646 3423.350481 3448.828663 3464.316011 3469.599346 3468.277128 3464.725528 3466.025165 3466.340940 3409.948797 3415.636354 3421.296646 3436.649741 3450.747670 3455.780710 3456.353545 3454.088283 3455.765314 3456.451806 3456.388450 3456.021591 3457.933026 3462.492667 3464.235346 3462.081985 3450.551242 3466.147260 3446.723235 3433.593639 3425.566167 3417.481170 3409.255967 3399.910187 3390.226628 3371.516905 3341.675494 3307.867025 3285.685987 3277.416316 3271.670468 3263.840310 3258.509347 3242.194906
3320.711974 3331.247115 3348.781636 3370.817858 3402.921560 3425.355781 3436.454418 3445.509706 3450.110647 3463.646612 3479.607317 3465.445507 3472.929800 3480.675688 3488.372028 3491.014999 3491.771714 3491.422489 3489.066506 3488.368464 3486.088700 3482.425496 3472.155411 3473.743603 3475.611867 3478.207238 3481.896468 3480.753555 3481.828843 3484.771363 3483.060481 3477.128740 3473.148006 3471.576642 3472.478382 3479.844709 3483.263023 3484.189630 3481.235398 3480.350109 3479.452640 3476.388652 3472.563261 3467.170534 3460.272148 3473.114794 3461.525540 3434.512938 3395.829434 3356.525129 3348.020884 3348.949986 3349.129084 3347.557178 3342.097157
3441.101171 3454.328947 3468.666417 3449.740276 3469.846648 3480.146352 3484.962779 3488.785973 3491.493566 3494.257842 3491.212190 3488.139302 3483.309201 3481.811961 3480.483902 3478.068861 3478.708633 3476.824723 3472.809395 3468.885669 3461.224228 3449.847008 3438.675446 3435.305852 3439.658692 3445.167204 3450.168091 3454.391158 3458.036674 3458.232247 3452.908662 3444.614693 3437.178649 3435.483422 3442.272238 3447.968012 3454.255560 3455.092362 3453.706896 3451.308271 3451.145556 3448.025716 3448.285061 3455.231305 3469.672644 3472.909040 3478.226778 3477.469430 3462.471787 3435.334247 3443.661670 3423.953541 3429.628682 3425.159385 3413.971389
3482.786255 3485.283015 3483.814169 3482.601916 3476.322901 3470.344283 3469.595754 3473.594614 3480.603710 3481.722456 3474.732537 3466.272567 3459.160390 3451.916257 3449.657852 3449.011384 3448.721886 3449.182977 3443.938802 3434.954422 3418.349622 3406.846836 3395.811463 3389.892463 3386.452936 3390.171849 3401.141812 3412.836459 3417.793015 3408.973300 3400.725042 3389.158554 3381.126553 3381.542884 3382.782373 3392.162790 3408.442842 3415.433893 3416.187776 3409.950633 3403.798540 3397.263256 3394.351063 3400.786188 3415.919002 3432.285645 3447.456438 3456.361429 3463.956793 3470.914606 3470.220463 3472.689567 3474.048416 3472.129633 3474.434574
3476.922738 3470.051576 3463.194213 3457.996852 3451.588242 3446.283755 3444.524590 3446.541923 3448.694999 3444.802195 3438.462398 3428.579324 3417.713557 3408.142457 3400.881308 3401.925780 3404.298006 3405.888995 3398.854335 3383.821569 3366.693433 3353.370009 3339.620873 3335.747915 3330.093988 3323.082785 3333.263676 3352.486996 3359.648080 3344.068848 3333.411532 3318.453377 3311.773965 3307.947588 3308.843492 3317.805090 3339.752193 3362.933293 3364.825838 3354.073752 3343.402469 3338.609028 3335.430458 3340.242303 3356.996131 3376.974801 3392.635052 3402.777111 3408.058458 3415.800823 3425.117911 3438.916875 3453.344408 3465.371186 3470.652995
3452.204759 3444.517179 3436.944117 3429.440618 3422.647397 3416.599327 3412.430825 3410.545300 3406.950348 3401.017488 3394.182903 3375.274691 3363.133586 3350.616554 3336.149504 3332.527552 3328.227131 3329.558969 3318.303780 3310.113499 3293.518446 3278.358018 3263.074569 3250.370508 3244.727342 3238.254289 3237.584543 3251.361385 3259.879214 3249.797666 3240.057953 3229.103132 3224.341970 3221.000802 3223.360248 3233.717169 3253.592607 3271.860071 3279.932840 3272.418558 3270.369444 3269.691784 3268.029941 3274.030155 3285.186412 3303.138049 3324.978209 3343.162862 3352.742361 3359.578992 3368.749547 3382.507253 3396.381568 3410.473734 3428.121527
3422.008419 3412.897345 3403.169920 3393.687123 3383.450729 3373.598571 3367.379200 3369.967850 3364.067928 3358.550588 3337.377711 3284.200540 3264.142131 3245.748571 3230.031408 3223.790272 3215.852198 3201.343291 3192.861455 3188.256467 3189.167780 3175.347719 3161.431484 3144.274186 3139.449056 3135.893214 3119.969693 3116.888455 3117.855254 3132.163731 3125.947235 3124.000353 3125.279565 3122.884863 3124.460193 3137.302168 3145.604103 3151.719567 3158.283593 3161.983627 3171.647556 3175.612031 3184.374170 3200.927514 3211.836910 3227.113804 3247.190525 3271.903896 3286.635207 3295.825615 3306.006049 3321.014018 3336.961266 3354.352502 3376.425537
3387.932099 3372.534500 3358.385666 3344.427016 3332.054200 3319.606575 3304.585596 3306.594899 3304.559448 3294.962750 3242.937018 3202.633639 3173.021875 3156.213459 3133.269246 3120.496837 3106.090569 3069.971025 3053.364188 3052.351713 3065.939843 3061.785822 3046.677158 3034.715618 3025.697670 3016.902835 3000.058716 2982.894281 2988.799703 3006.335296 3006.527530 3009.163754 3016.476003 3015.778835 3009.540210 3007.970462 3020.216238 3025.923712 3036.711005 3053.198298 3057.727710 3071.796655 3103.922461 3116.479219 3131.089794 3149.248265 3169.278984 3187.350677 3208.848306 3222.288064 3236.906328 3254.776303 3271.031213 3290.983342 3313.280178
3338.906252 3308.829217 3288.414026 3271.618885 3253.410301 3227.967677 3208.409673 3206.610554 3200.813204 3173.989995 3126.544501 3091.735154 3068.180932 3046.944589 3024.405987 3002.825658 2984.925643 2951.321489 2929.900041 2944.201294 2954.919754 2965.062302 2953.478537 2942.591298 2933.056471 2915.758268 2899.245515 2883.594284 2894.271986 2902.902904 2920.388619 2926.829075 2930.769406 2936.243557 2934.906605 2925.099841 2921.482353 2929.655329 2939.585787 2951.303321 2971.202915 2988.286290 3011.621788 3029.081252 3048.911941 3066.425129 3087.275363 3109.520366 3131.429362 3147.687100 3165.328944 3179.750404 3199.817920 3218.622802 3241.203238
3261.783228 3234.211283 3208.470181 3186.244893 3159.443173 3115.091114 3102.017426 3093.698666 3073.755676 3028.747692 2988.748938 2983.898939 2970.164037 2947.083103 2926.100511 2899.676545 2867.334351 2845.432610 2825.217763 2835.258973 2845.261906 2864.287940 2855.317821 2848.118135 2844.866444 2829.763566 2816.532727 2800.458413 2806.956801 2818.828721 2841.460341 2847.240467 2851.333739 2860.456198 2859.728982 2855.429982 2839.077505 2846.059032 2856.727429 2869.439418 2899.674123 2921.538365 2943.867482 2965.303649 2984.147742 2988.765740 3009.661020 3031.935515 3056.609761 3075.280463 3093.476492 3114.049519 3132.696120 3147.061389 3163.329024
3159.846646 3136.284092 3117.011402 3093.695350 3053.618717 3011.579769 2989.922995 2965.507508 2915.707316 2883.213033 2861.451559 2859.434958 2846.979911 2827.392102 2810.545186 2832.818254 2810.233757 2790.580396 2765.237503 2769.965908 2784.909252 2801.183404 2801.298071 2801.446048 2799.597961 2789.947631 2776.394980 2762.732122 2766.433641 2783.313903 2801.246937 2811.142237 2818.961127 2826.978859 2827.110707 2818.326179 2808.980361 2814.388266 2830.063321 2808.130447 2824.092186 2844.464189 2863.461853 2883.399920 2905.376489 2926.926499 2949.423255 2973.486918 2983.752597 3003.128269 3025.682606 3048.355804 3064.359795 3072.773189 3080.663474
3060.044145 3041.177452 3018.795497 2993.197300 2968.371208 2929.556397 2890.025415 2846.334329 2815.827911 2828.879140 2820.317439 2804.238618 2790.069490 2774.841693 2754.421511 2738.737692 2723.522391 2702.004769 2690.737499 2697.430945 2710.484056 2718.701785 2724.784878 2722.433075 2719.929311 2714.023090 2700.102250 2695.211180 2705.051432 2720.287620 2734.191693 2745.728205 2752.799746 2758.273772 2755.569670 2746.872765 2743.989922 2752.587396 2768.360549 2781.359155 2796.746882 2817.769274 2802.685864 2822.008814 2842.345532 2863.594744 2887.319339 2911.747132 2936.351129 2962.519624 2984.012578 2987.046981 2994.329507 3002.911951 3002.614463
2955.351628 2943.699524 2918.692852 2892.822961 2864.659970 2831.879974 2809.465230 2816.896000 2786.889575 2758.655765 2732.869953 2719.803721 2712.935302 2699.624236 2682.380566 2671.084305 2655.414086 2644.374761 2649.506375 2650.667342 2658.794126 2657.047686 2657.789620 2655.192061 2654.465242 2651.975556 2645.329383 2656.623876 2663.346922 2676.912308 2687.070601 2696.852494 2702.843059 2706.660444 2707.887268 2703.716103 2709.626786 2716.153054 2730.206534 2741.605754 2755.567137 2775.747164 2791.998165 2810.995898 2800.716229 2821.312156 2842.907451 2867.479450 2894.356529 2918.025683 2935.115029 2940.807975 2949.430494 2950.865146 2940.001154
