tests/Borden05m/data_simulated/sim_1/output-maps/psiliqL0013N0014.asc
ncols         160
nrows         34
xllcorner     620200.000000
yllcorner     5168000.000000
cellsize      0.500000
NODATA_value  -9999.0
[rows 0 to 24 of 34, columns 56 to 111 of 160]
-9999.0 -9999.0 -9999.0 -9999.0 -9999.0 -9999.0 -9999.0 -9999.0 -9999.0 -9999.0 -9999.0 -9999.0 -9999.0 -9999.0 -9999.0 -9999.0 -9999.0 -9999.0 -9999.0 -9999.0 -9999.0 -9999.0 -9999.0 -9999.0 -9999.0 -9999.0 -9999.0 -9999.0 -9999.0 -9999.0 -9999.0 -9999.0 -9999.0 -9999.0 -9999.0 -9999.0 -9999.0 -9999.0 -9999.0 -9999.0 -9999.0 -9999.0 -9999.0 -9999.0 -9999.0 -9999.0 -9999.0 -9999.0 -9999.0 -9999.0 -9999.0 -9999.0 -9999.0 -9999.0 -9999.0 -9999.0
-9999.0 -9999.0 -9999.0 824.297894 818.884562 813.785586 809.052785 800.319320 791.306846 783.135814 779.402059 778.732218 778.183448 778.024293 783.487372 791.693998 799.526249 806.864917 809.443598 812.038168 814.418983 815.036943 813.927317 810.806269 807.610103 804.296461 802.853628 794.838324 783.520649 774.765221 772.045993 776.481369 780.946834 783.421045 789.230010 799.906721 810.640840 819.092052 830.864837 836.527846 841.450881 844.183589 839.814724 835.977136 831.874541 826.511231 815.307984 -9999.0 -9999.0 -9999.0 -9999.0 -9999.0 -9999.0 -9999.0 -9999.0 -9999.0
787.787655 807.942091 811.332518 800.142325 795.335688 792.205344 790.335566 785.659040 777.213464 772.186796 767.039272 765.441723 765.760210 766.076956 770.419148 780.780018 788.940158 793.880372 796.559640 799.322611 799.185221 798.802021 798.610984 795.844653 792.520941 789.220465 787.500676 787.989073 780.457023 775.023060 771.639869 769.994000 772.501213 774.860034 778.202281 787.631089 795.719378 803.799363 817.993950 830.261633 835.299370 832.531175 827.222907 823.071376 816.012868 805.621491 795.025297 785.138972 777.867670 772.020299 765.982995 771.639233 777.903742 787.466949 796.885693 808.626066
772.675663 792.990082 796.030659 785.482047 777.399373 772.587596 773.006477 775.803528 772.547824 768.204871 763.532428 772.329628 773.908661 775.321332 778.842089 782.132434 785.419376 788.334937 793.864230 803.027561 805.912932 806.604824 806.885856 805.174110 802.156570 800.436273 797.765164 792.653835 791.632071 791.975633 791.758260 796.727680 798.201599 799.881408 793.147078 796.619635 802.730709 809.471011 815.889358 822.413953 826.175824 822.604586 821.324879 812.454057 798.130068 786.514973 777.591299 775.285904 771.656126 763.351880 750.198178 756.842650 771.933464 776.105390 779.059612 790.399356
768.089085 780.136836 783.414351 778.687705 780.260508 782.094708 783.845053 782.557873 779.886756 778.266386 791.130570 800.902476 803.060111 806.302058 810.202948 809.802301 798.096504 795.855230 804.304845 814.822637 820.808218 821.226907 821.326317 819.415240 818.503638 818.193045 816.080077 816.926729 819.450112 819.518120 824.202805 829.865728 832.732115 824.891589 815.689558 816.401553 824.017119 832.026541 839.213006 849.686218 860.741107 859.307905 853.152328 843.504199 829.240043 805.124888 784.951621 773.475640 765.727279 757.922981 757.307528 753.676094 764.343996 765.453493 766.771075 774.512224
774.615721 796.192852 804.485691 798.953609 794.225998 791.782970 792.862755 793.405196 796.834948 809.733129 823.947454 838.897880 842.126017 845.096737 845.015742 836.219351 826.199460 822.599011 837.509583 853.878394 862.400422 863.325326 862.887465 869.950741 868.656561 866.966844 862.169085 864.366721 866.072296 876.183666 883.928054 891.041192 889.207168 877.130104 865.553544 863.787569 866.298030 869.332831 875.348038 885.381718 894.802832 889.243687 881.397182 870.528270 841.028062 813.015430 795.328412 794.677895 794.027373 788.350653 784.392795 780.352764 772.616734 771.405619 769.902673 768.697432
825.259857 845.795703 862.138150 856.914738 849.292721 839.533051 840.534541 844.050535 852.679416 866.313656 884.491518 909.168137 912.745621 916.532708 919.748480 908.925789 896.876406 885.901192 903.761036 914.221418 923.244582 925.429467 935.638686 945.710252 941.275340 933.348317 923.289102 929.806406 941.966701 957.294108 964.245965 968.157828 966.990973 955.852703 949.860673 947.938872 949.632750 946.818939 950.989730 961.014313 975.668933 974.545732 964.536807 940.877382 902.793155 867.207450 845.539785 849.860153 841.952118 834.169621 829.375822 814.422131 802.538192 801.584344 791.149129 784.160498
875.008833 894.183833 913.207746 909.192187 899.156615 886.487154 886.564568 894.687196 905.414404 925.201732 949.024983 973.858181 983.214775 987.284425 997.318742 991.264946 982.182631 974.095161 985.084813 997.424783 1009.527818 1019.727549 1032.705935 1044.390051 1035.090302 1023.344768 1018.457400 1023.818085 1043.568942 1060.891219 1066.209961 1067.657116 1070.498777 1061.555238 1054.600912 1047.424046 1041.702790 1035.483241 1031.099227 1048.730869 1064.569627 1062.166905 1037.954674 1012.701840 975.260634 936.204364 902.626078 900.494597 896.584105 894.262672 878.051774 861.372730 843.640096 832.910621 822.772577 807.624356
968.238033 990.113065 1012.083126 1013.971950 998.191911 991.121726 996.417326 1009.489128 1017.212757 1033.229235 1058.357604 1090.992717 1113.257434 1133.033492 1137.826297 1129.828279 1121.145079 1108.227550 1106.205263 1123.126406 1135.255557 1146.120096 1156.985949 1169.360600 1174.966961 1172.557021 1172.199361 1175.477844 1182.507980 1191.417567 1198.171912 1203.592554 1209.072595 1205.494195 1195.206650 1188.432554 1179.370823 1172.279681 1169.437759 1171.452178 1181.738116 1179.042938 1152.525769 1124.650895 1091.681813 1053.592917 1021.087804 1002.311782 1006.711190 994.199668 974.571084 953.545874 917.319205 899.523684 882.448641 852.193203
1073.746305 1102.435987 1118.049485 1132.085531 1128.149249 1130.389841 1134.855279 1142.530060 1148.049954 1156.499255 1189.412094 1224.700481 1254.437562 1279.016241 1288.032374 1278.240474 1268.803987 1257.134215 1247.886296 1251.926736 1266.137449 1282.627938 1298.112622 1309.168999 1312.782925 1311.644207 1311.996939 1314.025198 1317.087435 1320.095551 1326.091109 1333.160321 1342.935529 1353.654348 1347.737102 1330.957790 1318.466114 1304.550512 1299.201259 1297.225130 1294.863615 1294.069239 1285.838518 1254.099039 1225.028690 1192.318327 1162.648473 1140.724619 1125.717042 1105.013567 1081.232260 1034.269102 992.970360 957.131778 928.970800 899.878237
1191.952173 1223.120982 1247.578199 1263.262091 1266.805954 1269.830724 1273.091744 1279.483012 1285.178739 1292.792175 1315.578147 1352.942591 1390.078827 1419.975462 1424.359350 1415.422968 1405.296158 1395.032165 1384.511997 1381.181364 1388.827068 1399.703530 1415.418719 1426.576616 1436.035318 1435.357261 1435.794837 1436.260352 1438.308707 1440.119984 1441.986118 1448.780479 1460.247609 1471.111339 1471.935741 1458.611538 1441.588104 1424.150006 1416.620371 1410.071657 1403.654010 1403.079700 1403.039182 1395.065496 1369.566815 1333.411166 1290.634882 1263.647934 1241.671218 1227.438915 1210.253611 1183.677171 1132.036792 1100.950158 1065.445559 1030.838568
1307.516008 1337.271726 1367.935616 1387.055173 1395.422753 1396.665886 1399.422314 1407.374219 1414.086607 1424.524198 1441.309614 1465.145361 1494.093674 1520.941784 1538.370043 1534.911163 1522.581927 1505.490800 1500.252548 1498.874069 1500.718815 1507.029393 1514.684415 1529.691737 1545.113133 1550.375404 1551.100227 1548.746960 1550.810264 1551.923117 1551.925603 1552.836730 1557.321719 1564.060135 1566.325878 1561.378789 1545.407803 1525.334506 1510.770683 1501.619745 1496.494735 1493.903282 1494.586951 1493.554536 1481.244600 1452.131759 1414.039310 1380.362451 1357.725099 1340.745773 1326.025120 1313.873887 1293.727418 1275.020805 1243.870570 1200.322456
1411.267075 1437.068686 1463.854532 1488.293360 1505.263708 1510.058969 1516.482731 1521.905929 1531.991864 1547.614012 1566.581556 1580.681152 1597.685271 1619.006181 1631.636103 1637.363070 1637.653257 1636.270453 1637.798481 1637.654617 1611.568405 1614.214624 1616.800159 1623.609789 1631.321552 1633.807909 1634.057064 1633.061368 1634.163324 1634.506143 1634.594498 1634.167032 1633.983472 1635.884011 1636.424691 1635.142794 1628.362240 1631.037947 1613.948549 1601.739749 1593.899087 1585.916719 1577.158523 1567.386186 1557.427546 1540.888723 1513.789208 1480.395646 1452.817653 1440.418919 1432.694967 1424.947166 1418.428048 1402.364443 1380.325394 1349.397366
1516.250190 1532.404739 1552.636777 1579.917550 1599.088521 1609.982598 1618.967348 1624.112791 1636.371401 1649.550414 1644.686909 1648.459520 1652.327640 1656.111465 1657.440714 1657.733591 1657.342818 1654.780780 1653.957937 1651.755049 1646.575433 1636.638955 1637.615273 1638.694985 1640.870857 1644.174468 1642.821235 1643.788643 1646.745828 1645.265174 1639.799686 1636.171259 1634.475338 1634.732534 1641.539113 1644.374639 1644.940607 1643.796984 1642.984734 1642.392272 1640.851942 1639.033643 1636.535150 1633.261545 1636.257234 1626.056487 1602.814370 1569.980520 1535.164564 1520.796523 1515.788472 1515.220100 1511.355622 1504.270718 1485.130551 1457.734004
1627.824102 1641.039895 1638.652201 1648.484058 1653.781850 1656.538017 1659.405304 1661.928672 1663.045532 1659.799032 1656.257937 1651.417811 1649.884962 1648.277425 1645.559062 1645.768538 1643.331826 1638.865898 1634.678440 1627.494713 1616.004683 1603.938186 1600.738455 1604.743590 1609.285553 1613.288961 1616.375903 1619.740657 1620.929961 1616.273643 1608.525614 1601.512898 1599.502400 1605.691695 1610.954749 1615.920116 1616.513644 1615.245207 1613.524514 1614.085743 1612.133359 1613.200168 1620.182459 1633.750472 1639.869442 1642.487504 1642.021277 1634.735305 1621.546352 1613.572085 1593.805416 1596.597593 1591.323538 1579.227172 1557.853957 1533.855058
1654.076135 1653.736518 1652.059511 1646.214841 1640.519831 1639.809322 1643.546073 1650.085311 1651.061412 1643.823107 1635.199953 1627.726147 1620.297240 1617.403922 1615.388331 1613.990441 1613.303003 1607.269621 1598.691768 1582.607866 1570.083533 1557.974257 1551.186731 1548.674780 1553.128435 1562.472335 1571.789729 1576.435366 1569.991416 1562.686014 1552.188243 1544.209547 1544.362090 1546.464272 1555.148346 1568.679247 1573.182216 1574.099906 1569.579222 1565.831763 1560.874758 1559.909769 1567.749385 1583.499364 1599.330789 1613.406232 1621.967101 1629.546262 1636.017029 1639.595592 1640.588924 1640.965208 1639.680247 1637.905787 1622.406345 1601.447918
1639.814875 1633.146340 1627.762042 1620.748691 1614.642072 1612.474040 1614.357364 1616.658539 1612.773369 1605.522017 1594.727052 1583.031738 1572.317847 1565.034490 1564.666369 1565.707680 1565.601259 1558.359125 1543.269968 1525.280738 1511.048929 1496.434131 1491.730877 1486.350779 1481.765746 1491.897682 1508.594037 1514.740962 1501.594722 1491.936993 1477.980780 1470.743194 1467.670889 1469.105757 1478.281431 1497.768742 1516.926477 1518.515018 1509.622941 1501.122100 1497.483613 1496.182843 1503.845651 1522.902989 1543.619348 1559.225708 1569.720866 1576.319954 1585.130909 1595.094564 1607.611796 1620.933964 1632.050141 1640.490619 1644.383149 1642.438978
1611.843873 1603.615629 1595.277495 1587.458324 1580.483587 1575.441802 1572.494838 1569.025630 1562.317073 1554.572466 1539.374950 1526.372947 1513.416828 1498.763774 1494.265227 1490.266253 1490.907283 1478.972867 1468.021695 1448.935544 1432.860327 1416.678789 1405.647688 1399.377030 1393.184796 1396.858377 1411.878545 1420.751820 1407.835791 1397.772560 1385.261007 1379.306910 1376.082901 1377.973712 1388.134650 1409.981663 1428.655184 1436.017600 1428.933264 1424.965212 1423.915787 1424.103128 1431.111788 1446.561605 1467.285532 1489.138517 1506.247771 1516.744414 1525.505759 1536.469943 1551.618944 1566.242581 1580.805755 1598.267077 1618.469817 1633.193725
1574.264082 1563.783817 1553.430386 1542.134167 1530.730038 1523.668864 1523.952474 1516.525517 1509.373295 1493.063228 1446.130329 1427.292606 1408.525118 1392.339158 1385.606158 1377.246761 1368.014487 1358.097831 1350.844324 1343.757168 1327.825282 1309.971626 1293.331272 1287.708343 1283.196922 1273.565808 1277.556281 1280.456003 1285.190570 1278.112732 1272.749892 1270.952407 1268.556534 1271.690640 1285.251914 1296.941363 1307.063779 1313.758197 1313.480385 1321.408285 1328.762801 1334.307011 1351.324541 1365.786832 1384.352357 1406.755185 1431.449939 1445.970894 1456.716010 1468.772327 1485.387370 1503.007880 1521.398333 1544.555206 1569.747242 1586.287210
1527.722049 1513.391614 1498.633455 1485.142314 1471.627184 1457.465412 1457.275920 1452.853693 1443.419706 1400.889867 1358.216286 1325.158751 1306.263047 1283.334134 1270.934243 1258.554704 1230.744447 1215.590995 1209.334394 1214.362884 1204.665212 1187.347476 1172.989379 1164.337428 1157.111877 1143.668163 1134.009529 1138.713153 1151.313399 1147.427853 1146.307438 1150.780483 1149.274413 1145.807157 1150.873366 1165.240238 1173.526436 1183.982977 1196.628830 1202.103344 1212.970091 1240.900229 1255.946052 1272.503551 1293.829966 1316.925946 1340.931891 1362.679997 1377.374771 1393.341230 1413.349305 1431.420910 1453.338142 1477.834024 1507.386432 1528.120639
1458.946324 1438.970823 1421.730902 1403.530732 1381.596154 1360.231691 1356.717931 1348.687784 1327.916783 1280.831230 1240.369389 1210.411148 1187.439126 1162.584659 1142.608773 1113.989649 1081.728962 1060.896236 1066.533205 1073.564665 1074.714769 1060.509707 1047.470228 1036.928553 1022.478361 1006.800366 994.771698 1003.443656 1011.997281 1021.225941 1025.103077 1028.911505 1031.823479 1030.831457 1026.172520 1030.914210 1040.127488 1051.071352 1062.556173 1077.802743 1108.838524 1134.777010 1153.642296 1175.902168 1197.728037 1222.189395 1247.787062 1271.164946 1289.087075 1309.211873 1329.973771 1352.398922 1374.599254 1400.721553 1431.119233 1456.802247
1381.288123 1354.302549 1331.133502 1303.573863 1263.623525 1247.810078 1237.975819 1223.397200 1185.501791 1142.562123 1108.343852 1084.697774 1059.301598 1034.891833 1007.034295 974.968414 948.429648 927.911672 934.516407 941.398277 953.001421 941.057769 929.930718 923.647110 908.531625 894.494198 879.829381 887.228222 897.317607 915.000957 919.351448 922.919716 930.137268 929.239536 926.852868 917.654489 926.582728 937.587160 952.060435 980.758894 1006.505199 1031.856218 1054.822116 1076.944578 1101.337349 1127.251730 1153.502829 1181.154639 1202.671244 1223.748520 1247.193299 1269.301942 1289.232400 1311.689644 1339.428040 1363.814493
1274.330844 1251.549810 1226.684886 1189.194600 1144.972820 1109.649581 1091.823216 1051.940775 1017.290976 982.882747 966.047404 947.244227 923.607212 901.311804 879.341583 853.040946 830.190845 805.718965 809.269336 821.678647 835.568206 830.187088 826.725310 823.439922 812.179712 798.409462 784.792428 788.392351 803.701081 820.635380 828.331237 835.110948 842.755731 842.978624 836.139573 827.923766 833.901618 848.565297 865.365081 886.950533 910.347001 933.596261 955.751995 980.268555 1005.829651 1031.937313 1060.021828 1089.292831 1112.110902 1138.212235 1165.046396 1186.539800 1200.715317 1216.440688 1242.135463 1262.455814
1168.058374 1143.004280 1115.530521 1074.041208 1031.196367 987.833498 947.291480 913.248653 881.355989 863.797969 844.274027 825.908221 807.248096 785.582565 765.779347 746.729882 724.328139 706.934884 712.133865 724.986794 735.689907 738.612838 735.504053 732.334938 724.849175 711.057946 701.517212 710.085170 725.412380 740.183678 750.524531 757.324818 763.408433 760.822662 752.735909 747.426678 755.813568 771.718663 787.030436 804.856728 827.130070 849.460257 872.452404 896.655278 921.039104 947.980273 975.895106 1004.428230 1032.883897 1058.948409 1083.270110 1096.970609 1110.843535 1120.278775 1138.414924 1158.905228
1043.069018 1016.638385 987.605588 953.743913 914.492752 883.266839 850.101036 818.238823 787.067157 760.823175 743.411161 733.214452 717.989480 698.452206 684.694884 667.511509 650.345561 650.469262 653.034241 663.781083 664.622195 665.124756 662.064274 660.887680 656.635375 646.331026 653.658462 661.062780 675.597567 686.346395 695.838321 702.099066 706.255648 706.352788 700.282313 704.165437 711.472186 726.306156 738.562883 754.099920 775.537257 793.826620 814.308351 837.624571 861.876131 887.480233 914.819027 944.368548 971.324479 993.314838 1005.235648 1018.494673 1026.648415 1023.385443 1039.876711 1057.370261
