tests/Borden05m/data_simulated/sim_1/output-maps/psiliqL0018N0012.asc
ncols         160
nrows         34
xllcorner     620200.000000
yllcorner     5168000.000000
cellsize      0.500000
NODATA_value  -9999.0
[rows 0 to 24 of 34, columns 0 to 54 of 160]
-9999.0 -9999.0 -9999.0 -9999.0 -9999.0 -9999.0 -9999.0 -9999.0 -9999.0 -9999.0 -9999.0 -9999.0 -9999.0 -9999.0 -9999.0 -9999.0 -9999.0 -9999.0 -9999.0 -9999.0 -9999.0 -9999.0 -9999.0 -9999.0 -9999.0 -9999.0 -9999.0 -9999.0 -9999.0 -9999.0 -9999.0 -9999.0 -9999.0 -9999.0 -9999.0 -9999.0 -9999.0 -9999.0 -9999.0 -9999.0 -9999.0 -9999.0 -9999.0 -9999.0 -9999.0 -9999.0 -9999.0 -9999.0 -9999.0 -9999.0 -9999.0 -9999.0 -9999.0 -9999.0 -9999.0
-9999.0 -9999.0 -9999.0 -9999.0 -9999.0 -9999.0 -9999.0 -9999.0 -9999.0 -9999.0 -9999.0 -9999.0 -9999.0 -9999.0 -9999.0 -9999.0 -9999.0 -9999.0 -9999.0 -9999.0 -9999.0 -9999.0 -9999.0 -9999.0 -9999.0 -9999.0 -9999.0 -9999.0 -9999.0 -9999.0 -9999.0 -9999.0 -9999.0 -9999.0 -9999.0 -9999.0 -9999.0 -9999.0 -9999.0 -9999.0 -9999.0 -9999.0 -9999.0 -9999.0 -9999.0 -9999.0 -9999.0 -9999.0 -9999.0 -9999.0 -9999.0 -9999.0 -9999.0 -9999.0 -9999.0
-9999.0 -9999.0 -9999.0 -9999.0 -9999.0 -9999.0 -9999.0 -9999.0 -9999.0 -9999.0 -9999.0 -9999.0 -9999.0 -9999.0 -9999.0 -9999.0 -9999.0 -9999.0 -9999.0 -9999.0 -9999.0 -9999.0 -9999.0 -9999.0 -9999.0 -9999.0 -9999.0 -9999.0 -9999.0 -9999.0 -9999.0 -9999.0 -9999.0 -9999.0 -9999.0 -9999.0 -9999.0 -9999.0 -9999.0 -9999.0 -9999.0 -9999.0 -9999.0 -9999.0 -9999.0 -9999.0 -9999.0 1702.131445 1685.076916 1670.596049 1667.718288 1690.037427 1713.706544 1737.922409 1758.888098
-9999.0 -9999.0 -9999.0 -9999.0 -9999.0 -9999.0 -9999.0 -9999.0 -9999.0 -9999.0 -9999.0 -9999.0 -9999.0 -9999.0 -9999.0 -9999.0 -9999.0 -9999.0 -9999.0 -9999.0 -9999.0 -9999.0 -9999.0 -9999.0 -9999.0 -9999.0 -9999.0 -9999.0 -9999.0 -9999.0 -9999.0 -9999.0 -9999.0 -9999.0 -9999.0 -9999.0 -9999.0 -9999.0 -9999.0 -9999.0 1749.734144 1755.815970 1756.724374 1746.824378 1735.922994 1723.461919 1703.487632 1686.065814 1672.178662 1670.257078 1673.244247 1677.798857 1700.043921 1725.439810 1745.645558
-9999.0 -9999.0 -9999.0 -9999.0 -9999.0 -9999.0 -9999.0 -9999.0 -9999.0 -9999.0 -9999.0 -9999.0 -9999.0 -9999.0 -9999.0 -9999.0 -9999.0 -9999.0 -9999.0 -9999.0 -9999.0 -9999.0 -9999.0 -9999.0 -9999.0 -9999.0 -9999.0 -9999.0 -9999.0 -9999.0 -9999.0 -9999.0 -9999.0 -9999.0 1656.261896 1673.701299 1692.032883 1710.854533 1728.030776 1735.202573 1741.155602 1746.985301 1742.995749 1738.816281 1727.729940 1708.247000 1689.187298 1676.118247 1674.838793 1672.833539 1677.302960 1690.111655 1707.310935 1723.514141 1744.759195
-9999.0 -9999.0 -9999.0 -9999.0 -9999.0 -9999.0 -9999.0 -9999.0 -9999.0 -9999.0 -9999.0 -9999.0 -9999.0 -9999.0 -9999.0 -9999.0 -9999.0 -9999.0 -9999.0 -9999.0 -9999.0 -9999.0 -9999.0 -9999.0 -9999.0 -9999.0 -9999.0 -9999.0 1659.396940 1653.730065 1649.160197 1648.081190 1647.172387 1646.522889 1653.540796 1665.548443 1683.565219 1705.813975 1719.322537 1726.956360 1734.050040 1735.019770 1730.073314 1728.631477 1729.479236 1717.781352 1706.318912 1695.620126 1685.279276 1683.611056 1693.423230 1708.113730 1724.858374 1740.137422 1756.012882
-9999.0 -9999.0 -9999.0 -9999.0 -9999.0 -9999.0 -9999.0 -9999.0 -9999.0 -9999.0 -9999.0 -9999.0 -9999.0 -9999.0 -9999.0 -9999.0 -9999.0 -9999.0 -9999.0 -9999.0 -9999.0 -9999.0 -9999.0 1628.316966 1633.989139 1640.851130 1648.780567 1650.098300 1646.616257 1641.479331 1639.036758 1638.063323 1636.637269 1641.613451 1649.701557 1663.465216 1679.521773 1702.023335 1710.961761 1716.829044 1729.182143 1732.762486 1739.766809 1744.269324 1742.982939 1740.140704 1727.204598 1717.527947 1721.961525 1727.622503 1734.955522 1743.601981 1757.570722 1772.853905 1789.937715
-9999.0 -9999.0 -9999.0 -9999.0 -9999.0 -9999.0 -9999.0 -9999.0 -9999.0 -9999.0 -9999.0 -9999.0 -9999.0 -9999.0 -9999.0 -9999.0 -9999.0 -9999.0 -9999.0 1602.731686 1603.911277 1605.521179 1610.593658 1611.498728 1613.835431 1621.141440 1629.679409 1632.695346 1631.242701 1630.470124 1632.447995 1635.657621 1640.630024 1652.145669 1666.308355 1680.895113 1694.872043 1716.174931 1731.294955 1744.905487 1761.123076 1761.382111 1758.051418 1756.814528 1757.616936 1757.668468 1760.210148 1762.091917 1768.793596 1772.552727 1778.399911 1788.207662 1800.443028 1818.604420 1838.128716
-9999.0 -9999.0 -9999.0 -9999.0 -9999.0 -9999.0 -9999.0 -9999.0 -9999.0 -9999.0 -9999.0 -9999.0 -9999.0 -9999.0 -9999.0 -9999.0 1573.423915 1575.465808 1578.028201 1583.718992 1587.215892 1591.568353 1598.919433 1600.658526 1604.739140 1612.323532 1617.549982 1627.032001 1635.710466 1643.466195 1649.926856 1653.062702 1660.719760 1670.724283 1682.947876 1698.213077 1719.688075 1743.427413 1759.988217 1777.278729 1794.934764 1796.081055 1795.337010 1796.715158 1797.048673 1802.180035 1819.031110 1824.372172 1823.829733 1838.415394 1852.144581 1857.044572 1865.121064 1884.992504 1908.641199
-9999.0 -9999.0 -9999.0 -9999.0 -9999.0 -9999.0 -9999.0 -9999.0 -9999.0 -9999.0 -9999.0 -9999.0 -9999.0 1525.341760 1529.683872 1539.815414 1550.149876 1553.212063 1558.117171 1564.795145 1577.398048 1581.486288 1588.108902 1596.047661 1608.707422 1617.865763 1627.442337 1639.778318 1648.589658 1656.267599 1663.632754 1668.909392 1682.125516 1697.503084 1713.345894 1733.741102 1756.248792 1776.633962 1796.904565 1813.485844 1827.101685 1828.149126 1827.821954 1830.692965 1837.950032 1854.292494 1872.862631 1879.570563 1895.409331 1918.069288 1931.000165 1941.839514 1950.322167 1964.468335 1986.251078
-9999.0 -9999.0 -9999.0 -9999.0 -9999.0 -9999.0 -9999.0 -9999.0 -9999.0 -9999.0 1493.339110 1495.663023 1492.539937 1491.898515 1497.630726 1510.255503 1524.691794 1531.395521 1543.601876 1565.168342 1583.768304 1587.685932 1602.424514 1613.246321 1620.600447 1631.476736 1645.090681 1658.214881 1675.122512 1687.913398 1699.198552 1718.290430 1735.141655 1752.182808 1770.414588 1791.357984 1810.640249 1838.230683 1865.271292 1877.505997 1898.724118 1907.783744 1905.271619 1905.473008 1915.167184 1930.267671 1950.031008 1971.508974 1992.723071 2017.518826 2033.271198 2047.788146 2058.691480 2071.123209 2087.440314
-9999.0 -9999.0 -9999.0 -9999.0 -9999.0 -9999.0 -9999.0 -9999.0 1468.083359 1475.942432 1482.222565 1479.559100 1475.534831 1471.494169 1486.026585 1502.259538 1518.783863 1537.182355 1553.622494 1572.434223 1587.910101 1604.322850 1624.919005 1637.013953 1649.027400 1664.932899 1679.084782 1696.178249 1717.881092 1729.830053 1745.559048 1767.058029 1785.522688 1803.962297 1823.316927 1841.786983 1867.151486 1900.364057 1932.078929 1953.487323 1981.424168 2003.282326 2001.859230 2003.847731 2008.039598 2033.469925 2062.338000 2092.946656 2116.992593 2143.737713 2173.344549 2192.217991 2203.209061 2216.124308 2231.673328
-9999.0 -9999.0 -9999.0 -9999.0 -9999.0 -9999.0 1439.828794 1464.383625 1479.857243 1472.156049 1461.413757 1457.815493 1453.675464 1479.953165 1502.660385 1520.590208 1538.112056 1556.408984 1573.578537 1585.939022 1619.186841 1638.269086 1652.697126 1670.141730 1685.536855 1700.941112 1718.867321 1742.434217 1763.781517 1791.950981 1815.706095 1838.280873 1864.653700 1884.566780 1903.734057 1921.509333 1952.452242 1989.632667 2026.292575 2054.474456 2081.544656 2113.318237 2119.157667 2124.539737 2130.754306 2153.115770 2185.817370 2216.428918 2250.196615 2282.433672 2310.307603 2322.882275 2333.743112 2345.426555 2359.311692
-9999.0 -9999.0 -9999.0 -9999.0 1406.124217 1427.219666 1447.176748 1478.047835 1500.893729 1496.446425 1503.026331 1503.176827 1501.267789 1506.203542 1514.344097 1532.976578 1552.561204 1572.483311 1590.148175 1623.658295 1669.465598 1684.625083 1707.764668 1739.934355 1753.844147 1769.760586 1786.798772 1810.031693 1835.255419 1867.758342 1909.403823 1944.948370 1970.243041 1992.922735 2014.374973 2035.679091 2070.702370 2108.919951 2146.113737 2180.164869 2209.827567 2236.472838 2248.180886 2255.998278 2268.001065 2285.189370 2307.539860 2335.785978 2368.344447 2400.938422 2426.021893 2438.934128 2446.764352 2457.742396 2467.918847
-9999.0 -9999.0 -9999.0 1355.082879 1394.075396 1432.719733 1459.712317 1490.891329 1523.647289 1527.571115 1537.198815 1541.446770 1545.420918 1553.953216 1561.878688 1579.745420 1597.467190 1615.537117 1638.476214 1675.318522 1709.644110 1736.948438 1768.719791 1793.408554 1812.957826 1829.061659 1848.627464 1872.460305 1912.105631 1948.094851 1997.615376 2050.496797 2086.534583 2110.375914 2133.486676 2161.549260 2187.281932 2224.896442 2260.251857 2293.832872 2326.197288 2351.076634 2369.314034 2376.855286 2387.103255 2395.552414 2411.310231 2433.164475 2455.714470 2485.560712 2514.727048 2541.866430 2556.973911 2567.845626 2584.548212
-9999.0 -9999.0 1307.370002 1345.834569 1379.354253 1428.884050 1482.316225 1517.496883 1558.631152 1581.830878 1588.473143 1604.616304 1620.081749 1626.580194 1641.246895 1658.213866 1678.288476 1686.906936 1705.987443 1733.377003 1780.529990 1823.635571 1838.603690 1886.929383 1920.357145 1950.468527 1970.294348 1997.921259 2034.783741 2074.729332 2122.560048 2172.824935 2210.567333 2241.454592 2258.626517 2279.034485 2301.754872 2327.528185 2363.022117 2391.697319 2424.437048 2451.058880 2472.889988 2478.728964 2483.750264 2500.156799 2526.142172 2554.508363 2580.788973 2606.335751 2605.209968 2621.002198 2628.619145 2633.234338 2639.661763
-9999.0 -9999.0 1279.593217 1325.150034 1364.034736 1428.411969 1510.654915 1547.676378 1590.594118 1637.312972 1655.639762 1680.318137 1688.272626 1693.201176 1716.181556 1737.533575 1753.516652 1761.957563 1761.558482 1817.302404 1875.023156 1919.077245 1955.488132 2025.964832 2074.321482 2094.466549 2109.637581 2131.280755 2155.315906 2197.466861 2242.852902 2296.319973 2339.987784 2371.191323 2387.645774 2407.087862 2427.736291 2445.450687 2465.362629 2507.381095 2538.493036 2566.557792 2595.455694 2616.543418 2625.381989 2629.897205 2615.844501 2629.067532 2638.266496 2642.755411 2644.915913 2642.218877 2642.227159 2643.435269 2644.703932
-9999.0 1189.228079 1241.606983 1294.215441 1362.118631 1428.132105 1509.523352 1588.799066 1649.381980 1699.149365 1728.401835 1736.486697 1763.820253 1802.485705 1827.846312 1853.023275 1858.445658 1866.757140 1856.197056 1907.343886 1954.546628 2022.565556 2129.567105 2187.505002 2238.590540 2240.684287 2235.634111 2247.235225 2269.561240 2314.220836 2385.082094 2435.357709 2492.534949 2536.452349 2553.049326 2560.856368 2579.298256 2599.919028 2577.008840 2606.168661 2620.458061 2632.458227 2637.976050 2640.783292 2642.755371 2643.611438 2641.030987 2635.190382 2627.919238 2622.778627 2619.074566 2614.842711 2617.408534 2620.687663 2621.121988
-9999.0 1152.896276 1211.865740 1282.684971 1353.047007 1415.392738 1513.451151 1663.960415 1721.252601 1760.029134 1779.310415 1789.758170 1862.735890 1928.051826 1960.849791 2006.926151 2000.795708 1991.353587 1973.539746 2005.862735 2053.502186 2127.457176 2277.942783 2364.559166 2401.233876 2413.483230 2420.623639 2448.898757 2488.562912 2529.427098 2566.964283 2559.019273 2592.977491 2610.756635 2616.360103 2618.960001 2624.222928 2625.074425 2624.480101 2621.895723 2618.450171 2619.871732 2625.108980 2625.839730 2623.781736 2621.221437 2616.046730 2608.782769 2603.419373 2598.752241 2595.905125 2592.755626 2590.768672 2590.164246 2585.157164
-9999.0 1120.057524 1192.472991 1254.729567 1314.606564 1422.803652 1550.707361 1689.505198 1784.434164 1822.460103 1834.103671 1894.674057 1996.609913 2096.349190 2149.553487 2175.661927 2173.734895 2147.815006 2147.035369 2193.204158 2260.975015 2361.787429 2467.901365 2553.134671 2569.550582 2575.655089 2549.708062 2568.561458 2586.060783 2590.694530 2594.027585 2600.650145 2607.660184 2612.274071 2612.597584 2611.243675 2607.838652 2600.985918 2597.054090 2594.540052 2591.827068 2591.888068 2594.898627 2596.738712 2594.471108 2590.812627 2586.294925 2580.393502 2573.714009 2566.621773 2562.097075 2557.507632 2554.780377 2549.050321 2544.133207
-9999.0 1013.451181 1104.322746 1155.321820 1258.522938 1437.526696 1565.711374 1713.751631 1866.232568 1901.324735 1969.052151 2095.172053 2205.067211 2281.952358 2320.696015 2361.888006 2391.872914 2415.747334 2453.589333 2392.406645 2457.618226 2528.741352 2561.982445 2579.065747 2586.200926 2589.901511 2583.944497 2566.632008 2558.329457 2553.679593 2557.187066 2566.065771 2572.704646 2579.189450 2578.146154 2579.724301 2580.745511 2577.824421 2574.296912 2566.354220 2559.119197 2553.464339 2551.490605 2556.694461 2551.980261 2549.020042 2542.773014 2534.174508 2524.397650 2516.258704 2507.924110 2500.629485 2497.271587 2491.028096 2488.554702
-9999.0 932.613462 1008.323120 1089.116622 1219.558140 1384.282328 1504.742666 1670.122276 1888.518378 2011.509449 2148.023261 2226.656812 2300.290341 2356.952606 2416.912344 2467.159000 2495.066942 2508.580567 2495.609358 2512.877055 2481.275032 2476.453860 2497.247576 2527.154085 2544.090297 2550.427003 2544.353579 2536.128111 2530.608268 2530.956861 2530.633656 2529.377482 2527.794714 2525.936900 2523.436553 2526.117821 2531.106004 2524.738255 2515.188956 2506.612564 2498.961596 2490.494058 2484.925163 2481.099365 2480.349788 2480.066708 2472.308229 2461.663724 2450.838607 2442.202192 2434.114155 2428.171823 2424.716788 2418.732162 2409.046334
-9999.0 827.706719 952.551510 1041.605066 1155.726833 1290.867806 1411.530413 1572.682927 1716.912076 1944.484480 2098.116905 2230.895559 2276.557356 2339.800167 2396.827832 2467.579905 2472.185879 2445.985450 2413.911115 2402.316873 2412.771733 2424.955882 2438.893688 2458.814123 2478.110329 2489.506961 2493.985062 2488.269909 2475.599959 2466.115801 2458.657949 2448.193979 2440.846637 2439.583407 2441.621178 2449.742489 2451.395153 2442.324842 2429.227999 2412.464942 2397.931433 2386.949828 2384.275630 2385.934736 2386.094626 2382.112135 2375.358968 2364.497121 2351.710139 2339.369164 2331.989593 2326.238337 2318.368715 2307.003917 2294.306594
-9999.0 -9999.0 874.225119 984.738387 1088.940484 1208.838787 1317.224567 1453.989848 1602.265172 1781.415687 1899.528999 2045.321314 2125.733166 2172.356350 2218.505113 2275.133214 2298.270865 2323.992454 2314.078215 2323.676363 2333.949914 2342.015553 2352.184531 2363.531750 2377.296135 2388.432076 2397.960606 2396.540305 2388.323503 2370.749568 2349.240594 2332.666780 2323.544635 2315.992368 2326.111649 2337.655853 2333.758893 2326.949777 2314.735946 2298.548428 2285.575867 2271.643229 2267.825273 2267.771538 2267.736698 2264.718356 2260.520081 2247.479070 2234.460600 2222.854483 2217.296877 2210.707223 2205.191907 2194.008321 2182.058236
-9999.0 -9999.0 788.715892 896.305357 1007.524985 1129.623238 1225.771038 1283.637340 1431.964294 1545.192960 1651.220088 1754.030840 1841.349750 1906.970946 1948.278869 2010.515292 2057.565139 2076.214324 2104.701958 2144.058725 2174.355800 2207.327358 2228.583853 2241.648589 2256.292014 2270.879112 2279.936702 2267.912970 2257.537847 2241.368930 2219.905418 2196.042975 2183.738436 2181.157612 2182.210516 2185.934997 2179.483836 2170.091548 2155.807246 2140.888032 2128.184797 2117.587659 2113.483096 2109.142679 2107.192615 2104.034985 2100.973847 2093.116224 2082.565693 2075.582892 2066.904321 2061.167081 2058.271516 2052.217922 2043.658198
