tests/Borden05m/data_simulated/sim_1/output-maps/psiliqL0026N0016.asc
ncols         160
nrows         34
xllcorner     620200.000000
yllcorner     5168000.000000
cellsize      0.500000
NODATA_value  -9999.0
[rows 0 to 24 of 34, columns 0 to 54 of 160]
-9999.0 -9999.0 -9999.0 -9999.0 -9999.0 -9999.0 -9999.0 -9999.0 -9999.0 -9999.0 -9999.0 -9999.0 -9999.0 -9999.0 -9999.0 -9999.0 -9999.0 -9999.0 -9999.0 -9999.0 -9999.0 -9999.0 -9999.0 -9999.0 -9999.0 -9999.0 -9999.0 -9999.0 -9999.0 -9999.0 -9999.0 -9999.0 -9999.0 -9999.0 -9999.0 -9999.0 -9999.0 -9999.0 -9999.0 -9999.0 -9999.0 -9999.0 -9999.0 -9999.0 -9999.0 -9999.0 -9999.0 -9999.0 -9999.0 -9999.0 -9999.0 -9999.0 -9999.0 -9999.0 -9999.0
-9999.0 -9999.0 -9999.0 -9999.0 -9999.0 -9999.0 -9999.0 -9999.0 -9999.0 -9999.0 -9999.0 -9999.0 -9999.0 -9999.0 -9999.0 -9999.0 -9999.0 -9999.0 -9999.0 -9999.0 -9999.0 -9999.0 -9999.0 -9999.0 -9999.0 -9999.0 -9999.0 -9999.0 -9999.0 -9999.0 -9999.0 -9999.0 -9999.0 -9999.0 -9999.0 -9999.0 -9999.0 -9999.0 -9999.0 -9999.0 -9999.0 -9999.0 -9999.0 -9999.0 -9999.0 -9999.0 -9999.0 -9999.0 -9999.0 -9999.0 -9999.0 -9999.0 -9999.0 -9999.0 -9999.0
-9999.0 -9999.0 -9999.0 -9999.0 -9999.0 -9999.0 -9999.0 -9999.0 -9999.0 -9999.0 -9999.0 -9999.0 -9999.0 -9999.0 -9999.0 -9999.0 -9999.0 -9999.0 -9999.0 -9999.0 -9999.0 -9999.0 -9999.0 -9999.0 -9999.0 -9999.0 -9999.0 -9999.0 -9999.0 -9999.0 -9999.0 -9999.0 -9999.0 -9999.0 -9999.0 -9999.0 -9999.0 -9999.0 -9999.0 -9999.0 -9999.0 -9999.0 -9999.0 -9999.0 -9999.0 -9999.0 -9999.0 3273.260449 3256.048422 3242.595916 3237.679246 3258.476472 3281.317783 3304.907646 3325.209719
-9999.0 -9999.0 -9999.0 -9999.0 -9999.0 -9999.0 -9999.0 -9999.0 -9999.0 -9999.0 -9999.0 -9999.0 -9999.0 -9999.0 -9999.0 -9999.0 -9999.0 -9999.0 -9999.0 -9999.0 -9999.0 -9999.0 -9999.0 -9999.0 -9999.0 -9999.0 -9999.0 -9999.0 -9999.0 -9999.0 -9999.0 -9999.0 -9999.0 -9999.0 -9999.0 -9999.0 -9999.0 -9999.0 -9999.0 -9999.0 3324.300419 3330.125557 3329.706490 3319.714476 3308.217890 3294.314994 3273.561595 3256.361922 3243.240597 3241.190538 3243.416669 3245.760747 3266.085512 3291.256376 3310.925250
-9999.0 -9999.0 -9999.0 -9999.0 -9999.0 -9999.0 -9999.0 -9999.0 -9999.0 -9999.0 -9999.0 -9999.0 -9999.0 -9999.0 -9999.0 -9999.0 -9999.0 -9999.0 -9999.0 -9999.0 -9999.0 -9999.0 -9999.0 -9999.0 -9999.0 -9999.0 -9999.0 -9999.0 -9999.0 -9999.0 -9999.0 -9999.0 -9999.0 -9999.0 3232.466122 3249.233070 3266.952810 3285.312448 3302.100674 3309.015884 3314.746417 3319.925627 3315.068757 3310.435514 3298.484931 3277.148118 3257.648774 3244.738632 3243.622570 3240.969222 3244.205597 3255.363107 3271.637257 3286.250305 3306.418539
-9999.0 -9999.0 -9999.0 -9999.0 -9999.0 -9999.0 -9999.0 -9999.0 -9999.0 -9999.0 -9999.0 -9999.0 -9999.0 -9999.0 -9999.0 -9999.0 -9999.0 -9999.0 -9999.0 -9999.0 -9999.0 -9999.0 -9999.0 -9999.0 -9999.0 -9999.0 -9999.0 -9999.0 3238.936911 3232.856671 3227.852311 3226.038576 3224.335261 3223.160494 3229.624194 3240.465635 3257.193565 3279.024092 3292.066486 3299.091470 3305.760573 3305.829939 3299.603641 3297.581891 3297.745859 3284.710659 3272.061960 3260.198339 3248.568152 3244.999025 3253.462995 3267.297729 3283.085801 3297.208891 3312.007295
-9999.0 -9999.0 -9999.0 -9999.0 -9999.0 -9999.0 -9999.0 -9999.0 -9999.0 -9999.0 -9999.0 -9999.0 -9999.0 -9999.0 -9999.0 -9999.0 -9999.0 -9999.0 -9999.0 -9999.0 -9999.0 -9999.0 -9999.0 3209.586000 3214.323923 3220.636732 3228.080406 3228.815683 3225.352940 3219.755406 3216.819833 3215.096276 3212.469001 3216.668536 3223.268490 3235.795292 3250.609012 3272.496278 3280.303346 3284.087107 3294.977548 3298.286269 3305.736321 3309.162784 3306.782657 3302.168570 3286.685340 3274.523662 3276.051783 3279.442561 3285.726826 3293.498541 3306.400862 3319.468680 3334.074016
-9999.0 -9999.0 -9999.0 -9999.0 -9999.0 -9999.0 -9999.0 -9999.0 -9999.0 -9999.0 -9999.0 -9999.0 -9999.0 -9999.0 -9999.0 -9999.0 -9999.0 -9999.0 -9999.0 3185.442354 3186.387191 3187.738484 3192.415609 3192.575082 3194.092581 3200.560282 3208.237720 3210.820922 3208.245335 3206.906170 3207.794084 3209.893113 3213.902189 3223.747298 3236.484773 3249.715791 3261.765407 3281.675167 3295.293355 3306.790986 3321.258531 3321.056345 3316.799302 3314.464367 3313.671251 3311.291577 3308.839450 3307.073050 3312.492378 3312.329994 3315.000167 3323.350314 3334.543141 3350.178475 3366.798342
-9999.0 -9999.0 -9999.0 -9999.0 -9999.0 -9999.0 -9999.0 -9999.0 -9999.0 -9999.0 -9999.0 -9999.0 -9999.0 -9999.0 -9999.0 -9999.0 3157.172024 3158.815406 3161.032185 3166.374230 3169.909517 3173.612916 3180.287477 3180.848798 3183.749455 3190.308423 3194.179188 3202.880858 3210.620296 3216.960813 3221.985846 3223.506294 3229.011832 3237.146833 3247.436313 3260.121802 3278.985851 3301.399171 3315.949762 3331.528128 3347.689710 3347.252517 3344.556075 3343.835644 3341.383969 3341.718382 3355.038918 3357.222147 3350.961680 3359.599226 3370.358997 3372.201622 3377.958136 3396.727493 3417.939535
-9999.0 -9999.0 -9999.0 -9999.0 -9999.0 -9999.0 -9999.0 -9999.0 -9999.0 -9999.0 -9999.0 -9999.0 -9999.0 3107.950586 3111.743071 3121.763708 3133.094348 3135.911983 3140.606091 3147.018974 3158.765617 3161.956316 3167.408545 3173.909109 3185.157925 3192.947902 3200.821561 3211.556777 3218.486488 3224.286310 3229.458239 3231.083802 3241.246559 3253.888422 3266.867977 3284.588379 3305.133827 3322.217687 3339.053292 3354.168266 3364.616083 3360.866643 3358.983607 3360.035417 3363.619637 3375.250088 3390.627133 3390.004719 3398.587604 3417.998661 3427.206991 3433.555329 3438.727711 3451.672770 3472.313931
-9999.0 -9999.0 -9999.0 -9999.0 -9999.0 -9999.0 -9999.0 -9999.0 -9999.0 -9999.0 3081.585276 3082.843102 3078.810461 3075.729131 3081.204214 3093.202959 3107.402083 3112.496900 3124.053008 3144.921578 3163.054465 3165.414442 3177.936933 3186.510286 3192.098790 3200.662420 3212.131813 3222.710300 3236.534254 3246.578432 3253.734856 3268.402009 3282.462074 3296.883707 3312.384721 3331.115490 3345.689248 3367.903196 3391.151153 3398.498635 3414.193665 3415.989895 3410.861604 3408.015202 3416.159092 3426.192357 3439.869315 3454.468903 3471.843499 3492.701687 3502.124407 3514.112922 3522.336112 3531.916776 3546.482961
-9999.0 -9999.0 -9999.0 -9999.0 -9999.0 -9999.0 -9999.0 -9999.0 3057.275312 3065.159955 3070.171944 3066.467555 3061.496395 3055.090511 3069.237522 3084.065768 3099.245908 3116.904724 3131.705005 3149.145663 3162.064377 3175.703033 3193.822476 3203.156051 3212.284332 3225.736892 3237.123905 3250.280704 3269.013672 3275.261465 3284.755751 3302.459737 3316.469910 3331.624832 3348.081991 3362.925874 3381.567790 3410.268619 3437.771454 3452.811583 3477.558616 3493.712035 3487.283194 3484.808813 3485.319579 3507.338459 3532.492204 3560.460003 3578.496283 3601.052813 3628.409367 3646.643686 3655.468869 3666.168110 3679.604236
-9999.0 -9999.0 -9999.0 -9999.0 -9999.0 -9999.0 3029.159142 3053.258472 3068.039865 3058.941618 3044.228832 3038.468744 3031.649836 3061.798944 3083.439614 3099.961010 3115.756749 3132.308660 3147.467321 3154.734299 3182.292521 3200.280951 3210.700359 3222.577355 3235.493689 3248.347426 3262.986778 3282.710968 3298.724073 3319.247901 3334.052468 3349.145446 3371.076002 3386.939650 3402.448850 3414.850254 3441.155479 3474.577994 3507.966286 3531.444755 3554.983198 3585.433433 3584.826658 3586.232526 3587.550917 3610.445499 3643.358477 3672.407074 3703.603951 3733.585813 3761.246476 3771.425326 3780.120985 3789.754942 3801.992772
-9999.0 -9999.0 -9999.0 -9999.0 2997.379072 3017.898192 3036.088029 3065.618062 3086.991617 3081.365598 3085.047539 3082.307050 3077.090313 3081.227152 3088.429752 3104.625944 3122.623653 3140.946018 3153.985245 3179.020263 3224.226812 3233.942976 3249.771607 3277.731372 3287.305658 3299.819760 3313.887526 3332.958559 3350.309213 3376.108642 3409.258376 3437.308853 3457.537795 3475.696429 3493.690785 3509.730125 3543.548753 3579.389787 3614.063423 3644.805473 3671.086650 3696.366127 3702.843776 3707.492961 3717.157615 3733.695766 3755.794753 3782.837716 3815.799328 3847.448726 3870.469997 3879.546090 3884.690735 3894.044756 3901.542802
-9999.0 -9999.0 -9999.0 2945.184337 2982.476746 3021.532710 3046.606773 3076.157334 3107.732437 3106.925409 3114.730480 3113.777595 3111.876970 3116.318550 3118.566251 3133.840883 3150.608482 3168.926494 3187.919546 3220.039832 3247.971173 3264.778206 3291.224184 3306.340757 3318.297192 3329.922123 3347.053865 3365.938991 3400.815553 3429.676977 3474.578747 3524.054139 3555.406832 3574.214195 3595.740015 3622.386321 3646.761702 3684.551022 3717.932365 3749.456839 3779.222560 3801.075025 3815.246355 3819.772783 3829.058287 3834.757736 3847.299066 3867.967144 3889.919613 3920.100746 3948.952526 3977.195123 3992.127559 4002.921437 4019.745624
-9999.0 -9999.0 2896.877108 2936.266716 2967.328264 3011.935696 3064.253399 3098.598647 3137.170315 3155.247175 3157.562628 3167.273417 3176.190646 3176.188067 3183.970295 3195.528477 3216.124476 3223.740204 3242.626871 3257.665499 3294.031646 3327.097252 3323.029954 3360.417990 3389.422007 3420.587202 3440.633917 3466.236391 3502.802966 3536.160065 3579.777243 3628.725640 3662.521331 3689.949827 3705.313728 3724.915420 3744.875133 3770.484000 3806.426916 3831.903767 3864.875921 3889.950025 3909.369852 3910.367403 3913.041997 3928.894828 3956.605305 3986.765015 4015.066928 4043.391277 4029.232089 4051.667709 4061.689958 4067.281622 4076.073694
-9999.0 -9999.0 2866.582941 2912.984182 2947.283626 3003.117415 3088.717263 3122.202582 3161.291616 3205.262877 3218.022477 3238.313994 3231.573120 3220.055799 3236.724560 3250.127871 3269.165709 3275.642860 3269.008614 3320.060366 3371.389654 3395.829897 3403.116476 3478.153974 3529.035252 3552.105547 3567.871096 3587.498551 3606.910533 3644.836545 3683.811768 3737.368734 3778.153152 3807.533588 3821.747921 3841.203900 3860.357158 3875.251309 3894.403990 3940.202710 3974.788344 4004.924868 4036.186580 4057.232870 4065.260062 4070.077053 4045.450218 4064.196253 4076.909030 4082.391973 4084.563626 4080.792616 4080.216663 4081.030017 4081.956071
-9999.0 2778.568338 2825.832199 2875.927778 2939.974237 2999.058854 3073.082341 3147.157913 3211.666943 3262.470604 3286.694183 3279.312538 3279.344682 3303.905637 3322.350168 3338.109863 3342.566091 3351.665086 3332.370049 3384.185236 3420.432924 3469.728869 3568.301580 3625.603535 3687.032484 3682.968447 3671.376429 3676.357808 3692.325778 3737.985531 3815.536022 3870.626533 3935.064735 3983.006853 3999.669976 4006.877465 4025.249664 4045.726109 3996.159733 4038.011963 4057.269405 4073.338246 4082.242722 4084.457515 4085.694496 4085.464152 4081.787732 4074.788255 4066.625048 4060.789261 4056.562756 4052.059890 4054.496000 4057.822482 4058.030365
-9999.0 2740.151122 2792.453828 2860.173413 2927.283278 2973.967729 3053.838814 3218.017893 3279.127996 3315.868449 3320.705496 3296.625122 3353.734940 3412.383145 3436.076114 3480.232037 3464.416178 3448.949950 3412.227686 3436.955716 3475.185082 3545.208778 3713.773793 3801.413821 3851.846544 3859.732519 3860.631887 3888.540382 3931.989295 3978.503390 4023.359599 3993.351807 4041.507134 4065.202358 4070.153890 4070.846997 4076.163523 4074.734880 4073.248701 4068.817536 4063.668597 4063.831409 4068.422794 4068.264634 4065.306399 4061.931651 4056.234252 4048.811921 4043.607206 4038.978643 4036.319578 4033.479074 4031.526714 4030.806212 4025.966552
-9999.0 2699.661501 2774.535484 2827.304536 2872.745976 2962.937506 3089.896470 3232.236241 3327.328887 3360.246716 3337.570137 3372.166483 3473.692470 3578.493855 3629.915298 3650.462686 3631.379264 3583.463779 3563.684649 3606.640102 3676.237248 3794.290825 3930.851915 4028.936176 4043.985921 4047.288140 4000.459632 4025.656489 4049.010778 4051.782153 4052.878743 4060.656610 4065.720087 4068.654946 4067.088052 4064.195226 4059.380211 4051.189242 4046.383579 4042.702653 4038.931191 4037.771751 4039.770899 4041.588928 4038.770001 4034.873604 4030.396152 4024.817904 4018.510658 4011.749095 4007.434515 4003.181137 4001.047102 3995.514883 3991.991201
-9999.0 2575.751099 2672.372194 2712.769833 2786.449885 2968.104155 3093.900879 3232.488071 3396.070355 3415.671542 3460.367168 3598.187144 3716.169213 3795.632537 3824.210563 3857.320939 3881.597495 3897.419401 3933.764880 3816.290302 3895.691376 3991.769565 4035.704844 4054.756771 4064.371264 4064.735512 4054.886908 4034.103405 4023.367719 4016.611487 4018.220746 4025.498512 4030.177499 4034.966603 4032.663264 4033.716302 4034.799490 4031.571983 4027.552314 4018.831408 4010.979807 4004.285129 4001.030273 4005.726833 4001.070972 3998.700337 3992.506998 3984.068769 3975.121732 3967.745214 3959.782201 3953.217593 3950.982972 3945.971977 3944.780309
-9999.0 2494.832226 2567.261108 2626.209351 2736.120870 2892.538644 2983.984544 3140.308930 3379.270008 3514.195872 3676.505640 3766.441439 3836.334629 3878.275126 3928.443967 3979.925103 4006.550911 4018.049638 3987.580558 4009.395788 3966.757609 3955.722677 3973.165527 4002.185404 4019.205327 4023.257154 4015.381923 4006.189214 3998.924753 3997.800902 3995.632908 3991.579152 3987.466012 3983.880157 3980.739973 3983.698565 3989.002037 3981.889969 3971.628581 3962.182033 3953.666900 3944.446814 3938.495670 3933.847227 3934.210760 3934.476004 3926.845257 3916.353892 3905.500866 3897.215025 3890.019308 3885.516846 3882.849036 3877.885512 3868.263751
-9999.0 2374.032501 2507.119032 2582.779726 2676.085815 2797.342904 2899.090406 3046.513066 3174.042989 3417.237055 3557.631549 3748.393717 3797.658202 3866.971562 3914.311913 3987.129498 3982.590153 3951.175129 3908.126410 3891.930272 3902.914438 3911.856156 3920.134757 3934.657555 3952.272792 3962.358207 3967.297558 3961.234937 3947.027203 3934.602993 3923.547354 3909.914864 3900.539463 3898.064546 3902.057041 3912.020426 3912.556268 3903.251069 3889.142497 3870.932956 3855.342015 3843.549506 3841.536109 3844.297349 3845.386498 3841.330801 3835.521994 3824.773001 3812.187832 3799.789631 3794.101660 3789.769379 3782.379392 3771.187775 3759.351605
-9999.0 -9999.0 2420.862865 2528.951033 2621.440984 2731.420444 2811.138782 2926.656666 3061.512433 3230.461623 3345.838082 3524.818399 3619.262952 3663.081063 3697.044254 3752.601759 3777.682809 3808.700079 3802.816831 3814.381763 3824.140277 3829.403602 3834.677977 3840.455940 3850.948610 3860.733505 3870.906566 3868.101242 3859.269941 3838.799284 3813.185177 3793.261892 3782.788315 3773.565401 3785.637054 3798.161676 3792.682975 3785.777835 3773.149653 3756.952981 3744.387770 3730.161219 3726.713078 3726.649554 3727.259240 3724.968948 3722.457277 3710.054190 3697.822690 3687.952337 3683.957159 3678.380325 3674.831417 3665.073696 3654.535599
-9999.0 -9999.0 2332.181451 2435.736836 2536.906386 2653.421070 2736.412826 2748.533373 2873.391501 2971.189636 3077.039312 3186.552140 3282.307370 3350.249322 3382.795981 3444.638152 3500.396273 3518.594018 3558.377706 3611.856510 3645.870331 3684.965701 3707.809215 3717.224605 3729.683321 3744.062321 3751.503954 3736.308800 3725.036743 3707.968223 3684.594942 3657.991077 3644.511266 3644.018183 3643.109167 3644.696663 3637.118762 3628.185897 3613.758880 3599.842940 3587.670813 3578.761986 3575.200470 3569.682584 3567.430084 3564.741661 3563.074334 3557.890591 3549.672972 3545.131343 3537.017319 3533.348993 3532.609475 3529.610278 3523.954799
