tests/Borden05m/data_simulated/sim_1/output-maps/psiliqL0014N0003.asc
ncols         160
nrows         34
xllcorner     620200.000000
yllcorner     5168000.000000
cellsize      0.500000
NODATA_value  -9999.0
[rows 0 to 24 of 34, columns 56 to 111 of 160]
-9999.0 -9999.0 -9999.0 -9999.0 -9999.0 -9999.0 -9999.0 -9999.0 -9999.0 -9999.0 -9999.0 -9999.0 -9999.0 -9999.0 -9999.0 -9999.0 -9999.0 -9999.0 -9999.0 -9999.0 -9999.0 -9999.0 -9999.0 -9999.0 -9999.0 -9999.0 -9999.0 -9999.0 -9999.0 -9999.0 -9999.0 -9999.0 -9999.0 -9999.0 -9999.0 -9999.0 -9999.0 -9999.0 -9999.0 -9999.0 -9999.0 -9999.0 -9999.0 -9999.0 -9999.0 -9999.0 -9999.0 -9999.0 -9999.0 -9999.0 -9999.0 -9999.0 -9999.0 -9999.0 -9999.0 -9999.0
-9999.0 -9999.0 -9999.0 1016.809411 1011.378555 1006.262650 1001.491728 992.708625 983.595256 975.359733 971.495982 970.691889 970.030539 969.756364 975.109141 983.255699 991.038316 998.324265 1000.890256 1003.485246 1005.866921 1006.519181 1005.490886 1002.458454 999.353168 996.131051 994.752284 986.854130 975.597768 966.906192 964.207466 968.635784 973.103154 975.586230 981.349930 991.994699 1002.692758 1011.113279 1022.899440 1028.627824 1033.569378 1036.314101 1032.038147 1028.341385 1024.365540 1019.058114 1007.947962 -9999.0 -9999.0 -9999.0 -9999.0 -9999.0 -9999.0 -9999.0 -9999.0 -9999.0
980.357931 1000.462124 1003.750573 992.498238 987.628834 984.444195 982.525548 977.805770 969.267060 964.130870 958.846136 957.054909 957.244288 957.437639 961.657030 971.998530 980.098977 984.994931 987.672995 990.464625 990.263996 989.923879 989.827170 987.163743 983.946682 980.751863 979.115469 979.746963 972.252506 966.796502 963.383337 961.643512 964.178996 966.576873 970.024569 979.429480 987.480587 995.509613 1009.724816 1022.012862 1027.078233 1024.349542 1019.169519 1015.159620 1008.217079 997.947786 987.538885 977.928718 970.895457 965.233136 959.310132 965.161918 971.673181 981.319415 990.762346 1002.577039
964.968966 985.155352 988.046111 977.439418 969.313816 964.275159 964.623282 967.382418 964.018610 959.509378 954.452030 963.195855 964.594494 965.839492 969.250686 972.378253 975.777463 978.643407 984.162526 993.338982 996.278719 997.047790 997.439774 995.859006 992.983115 991.392397 988.828385 983.777846 982.727115 983.018023 982.707258 987.601909 989.087502 990.884593 984.270984 987.826829 993.931656 1000.641098 1006.915887 1013.332354 1016.950537 1013.416135 1012.370440 1003.695532 989.620461 978.350345 969.738425 967.813082 964.410957 956.305783 943.273505 950.203256 965.513791 969.848982 972.861471 984.239127
959.823736 971.565838 974.621132 969.746518 971.271848 973.015973 974.632414 973.190934 970.314150 968.308001 980.781434 990.230950 992.140765 995.169535 998.968856 998.605069 986.939673 984.708823 993.076407 1003.565699 1009.573563 1010.117620 1010.374629 1008.554984 1007.865449 1007.782283 1005.855714 1006.679156 1009.135095 1008.970848 1013.472001 1019.089417 1021.995797 1014.398231 1005.311253 1006.177949 1013.853578 1021.889270 1028.992490 1039.300816 1050.227095 1048.916950 1043.000512 1033.656520 1019.812671 996.121970 976.429089 965.235088 957.689068 950.139630 950.011256 946.497239 957.585671 958.891284 960.406867 968.183761
964.876195 986.055535 993.925200 988.187167 983.420618 980.979741 981.928380 982.230769 985.262454 997.608916 1011.354467 1025.720841 1028.595509 1031.279877 1030.974637 1022.206467 1012.137282 1008.604913 1023.402339 1039.860881 1048.477518 1049.536074 1049.120793 1056.252143 1055.460887 1054.291708 1049.848477 1052.031742 1053.389187 1063.036889 1070.672265 1077.789026 1075.993944 1063.961114 1052.424382 1050.870588 1053.627471 1056.889010 1062.841095 1072.628808 1081.803586 1076.229424 1068.710218 1058.392026 1029.571860 1002.377381 985.319491 985.058332 984.799153 979.498747 975.976226 972.455755 965.243475 964.330483 963.008186 961.951595
1013.101526 1033.206184 1048.956036 1043.442823 1035.714122 1025.982650 1026.842155 1030.005028 1038.246958 1051.367894 1068.775791 1092.849942 1095.804452 1099.117571 1101.834143 1090.754489 1078.557650 1067.641065 1085.851961 1096.486421 1105.656016 1107.941467 1118.354993 1128.976830 1125.272116 1118.037456 1108.197743 1114.784102 1126.445037 1141.599581 1148.479227 1152.411862 1150.984424 1139.727966 1133.821037 1132.293325 1134.396900 1131.783952 1136.007032 1145.490955 1159.730709 1158.350490 1148.886792 1125.770663 1088.170901 1053.523439 1032.973722 1038.188742 1030.778808 1023.455574 1019.415508 1005.159773 993.979717 993.544453 983.445306 976.708227
1059.527126 1077.951184 1096.377734 1091.753811 1081.621441 1068.634437 1068.448815 1076.240593 1086.861813 1106.311044 1129.403579 1153.561065 1161.905892 1165.063906 1174.968561 1168.683447 1159.284059 1151.125912 1162.955752 1175.409644 1188.001223 1198.833118 1212.971899 1225.767210 1217.007030 1205.724127 1200.978464 1206.717312 1226.915960 1244.512470 1249.680987 1250.896743 1253.500377 1244.165365 1237.513843 1230.744419 1225.495470 1219.361567 1214.718584 1232.263504 1247.797648 1244.964676 1220.595573 1195.399038 1157.869231 1119.138658 1086.524408 1085.770156 1082.147057 1080.628193 1065.384492 1049.621665 1033.153851 1023.349971 1013.632773 998.943109
1148.776122 1169.762540 1191.414049 1192.331196 1176.014502 1168.343136 1173.569636 1186.903277 1194.953440 1211.429419 1236.116340 1268.414377 1290.210976 1309.665240 1314.473856 1306.264859 1297.132421 1283.941441 1282.508809 1300.570985 1313.942594 1326.493394 1339.333593 1353.760431 1360.633026 1359.097169 1359.423799 1363.226760 1370.931887 1380.331839 1387.145936 1392.467226 1397.823320 1393.586302 1383.148973 1376.744684 1367.846566 1360.888171 1357.607070 1359.442280 1369.425778 1365.522278 1337.037713 1308.113794 1274.098463 1235.383878 1202.675817 1184.498425 1189.857572 1178.311617 1159.399700 1139.746593 1104.746714 1088.118556 1071.620732 1041.767401
1253.228755 1281.703640 1297.115486 1310.894726 1306.363434 1308.529150 1313.363745 1321.758670 1328.040804 1337.404692 1371.318200 1407.458514 1437.755016 1462.918438 1472.010173 1461.628250 1451.481163 1439.161858 1429.993000 1435.459901 1451.762369 1470.998847 1489.378906 1503.045066 1508.507498 1508.708227 1509.948043 1512.621267 1515.999032 1519.301759 1525.649308 1532.912583 1542.741799 1553.359711 1547.150411 1530.364172 1518.083535 1504.337432 1498.848235 1496.270114 1493.137167 1490.941931 1480.228847 1445.649565 1414.436452 1380.028297 1349.498349 1326.738928 1311.821780 1290.867452 1267.056218 1219.897732 1178.874199 1143.025523 1115.021625 1085.827268
1375.666190 1407.874941 1432.752610 1448.885588 1452.327758 1455.562422 1459.130821 1466.237107 1473.035730 1481.790182 1506.237800 1544.993899 1583.044559 1613.430750 1617.421464 1607.684972 1596.925642 1586.477746 1575.932791 1573.621204 1583.573978 1597.402970 1616.286536 1629.818577 1640.844699 1641.222060 1642.499053 1643.620604 1646.061998 1648.152386 1650.369988 1657.552877 1669.442073 1680.703306 1681.547830 1667.975756 1651.106769 1633.916782 1626.724027 1620.088096 1612.910963 1611.240158 1609.623219 1599.033134 1571.009432 1532.495556 1487.755884 1459.440721 1436.369389 1421.430645 1403.668115 1375.347909 1321.420728 1288.134435 1250.664492 1214.908753
1501.067254 1532.464361 1564.280815 1583.675719 1591.722073 1592.639970 1595.220595 1603.710999 1611.176619 1622.446336 1640.191613 1665.209875 1694.756244 1721.591320 1738.495002 1734.303627 1721.284562 1703.886200 1698.849762 1698.506571 1702.204485 1710.904828 1721.190182 1738.440910 1755.606176 1761.912672 1763.327962 1761.382191 1763.852061 1765.306116 1765.604605 1766.907432 1771.917142 1779.099190 1781.720144 1776.888103 1760.920386 1740.999012 1727.057496 1718.259845 1712.958533 1709.851236 1709.675062 1707.523706 1693.525944 1662.462939 1622.449903 1587.663653 1564.540231 1547.173724 1531.836182 1518.658882 1495.851272 1474.578239 1440.149974 1393.294669
1614.415076 1641.673104 1669.372022 1693.858470 1710.381299 1714.356689 1720.156333 1725.594730 1735.935036 1752.139023 1771.957574 1786.546388 1803.717311 1824.974176 1837.436235 1842.833499 1842.955265 1841.722694 1844.001078 1845.108513 1817.542652 1822.214819 1826.753690 1835.741636 1845.051887 1848.439770 1849.137432 1848.290969 1849.748396 1850.453501 1850.895809 1850.825152 1851.185362 1853.681395 1854.741496 1853.849860 1847.147373 1851.703035 1834.938867 1823.022237 1815.169798 1806.742964 1797.228682 1786.494513 1775.592353 1758.020971 1730.145643 1696.366790 1669.183071 1657.166244 1649.363173 1640.815794 1632.930317 1614.685375 1590.041697 1556.008016
1725.879876 1742.804169 1763.548223 1791.311030 1810.363379 1820.656768 1829.095442 1833.924819 1846.338395 1859.959082 1854.290715 1858.341236 1862.282805 1866.023695 1867.100261 1867.250782 1866.989205 1864.964522 1865.082167 1864.175004 1860.679543 1852.227591 1854.535277 1856.589109 1859.348583 1862.969062 1861.736813 1862.773122 1865.894331 1864.731430 1859.681241 1856.521031 1855.340753 1856.175952 1863.606037 1867.139169 1868.416607 1867.775497 1867.566523 1867.386766 1865.805739 1863.488719 1860.030872 1855.545216 1858.758236 1847.932452 1824.201867 1790.952011 1756.019713 1742.685098 1738.424280 1737.573704 1733.067251 1724.906550 1704.496919 1675.521230
1843.579193 1857.218339 1853.342290 1864.105809 1869.503792 1871.893533 1874.282014 1876.398128 1877.428251 1874.061721 1870.460876 1865.465372 1863.688989 1861.772628 1858.756062 1858.853182 1856.645883 1852.831743 1849.732144 1843.942934 1834.077629 1823.530484 1821.309603 1825.853840 1830.616885 1834.608993 1837.565084 1840.748084 1841.840238 1837.440507 1830.178592 1823.766943 1822.477938 1829.459260 1835.570753 1841.531411 1843.000918 1842.529136 1841.416511 1842.381371 1840.453901 1841.137955 1847.388534 1860.096628 1865.083405 1867.419812 1866.730484 1858.786535 1844.548824 1838.625405 1819.074800 1822.002083 1816.369651 1803.843962 1782.052007 1757.601696
1874.456779 1874.316476 1872.929801 1867.071506 1861.093623 1859.908877 1863.102562 1869.144212 1869.662289 1862.046419 1853.107606 1845.397140 1837.698709 1834.474996 1832.153923 1830.585388 1830.096193 1824.722707 1817.190873 1802.525875 1791.686476 1780.930872 1774.876260 1772.329723 1776.374753 1785.372481 1794.384231 1798.622931 1791.757103 1784.565017 1774.453163 1767.158221 1768.190724 1771.227259 1781.139204 1796.154360 1802.049198 1803.984006 1800.142436 1796.756864 1791.868778 1790.454505 1797.425017 1812.135720 1827.158966 1840.737910 1848.999054 1856.486766 1863.133095 1866.492665 1867.702258 1867.980520 1866.264056 1864.572416 1848.769621 1827.639988
1864.743609 1858.470524 1853.484024 1846.667059 1840.442689 1837.826394 1839.046539 1840.571573 1835.896656 1827.929109 1816.459249 1804.168096 1792.893319 1784.803959 1783.718715 1784.237332 1784.082850 1777.207705 1762.990831 1746.233713 1733.284244 1719.505984 1714.959864 1709.027561 1703.380867 1712.696144 1728.956283 1734.653143 1720.877662 1711.003359 1697.134516 1690.492502 1688.295850 1691.054545 1701.908703 1723.410483 1744.571535 1747.540114 1739.541873 1731.593320 1728.230464 1726.700380 1733.658871 1751.914680 1772.183346 1787.577932 1797.959270 1804.454713 1813.337498 1823.458065 1836.172327 1849.377207 1860.144192 1867.846927 1871.895728 1869.755899
1842.144083 1834.335808 1826.373935 1818.636732 1811.320189 1805.603396 1801.757557 1797.096697 1789.119630 1779.951705 1762.734623 1748.233325 1733.703698 1717.357019 1711.301821 1705.985435 1705.969981 1694.005250 1683.751462 1665.588663 1650.161419 1634.107121 1622.292791 1614.945342 1607.480218 1609.743709 1623.990893 1632.286814 1619.038308 1608.440527 1595.790570 1590.191553 1587.900421 1591.549554 1604.030484 1628.117456 1648.861618 1657.943351 1652.038710 1649.116511 1648.653685 1648.922446 1655.959294 1671.212031 1692.188454 1714.814402 1732.852735 1744.054866 1753.453406 1765.032559 1780.651655 1795.338241 1809.622807 1826.749515 1846.852103 1861.508489
1809.412528 1798.862630 1788.289134 1776.407984 1763.993987 1755.617444 1754.523743 1745.411484 1736.263012 1716.935390 1666.574647 1644.750847 1623.164257 1604.195439 1594.970251 1584.683930 1573.670461 1563.309287 1556.219807 1550.014846 1534.202012 1515.880311 1498.107080 1491.137093 1485.360726 1474.150046 1476.914272 1479.147809 1484.151194 1476.333814 1470.706472 1469.200587 1467.634552 1472.387704 1488.388179 1502.386544 1514.350595 1522.682913 1523.927751 1532.800725 1540.705052 1547.047700 1564.691740 1579.915932 1599.848998 1624.099788 1650.902161 1667.421654 1679.979898 1693.777174 1711.887369 1730.502636 1749.470404 1772.880832 1798.266881 1814.842582
1764.357808 1748.924654 1732.845386 1717.647364 1702.054853 1685.494663 1683.156612 1676.407065 1663.927832 1616.785858 1570.268174 1533.234616 1510.853624 1484.523152 1469.204780 1454.404835 1424.344165 1408.264725 1402.150922 1407.825383 1398.366556 1380.674360 1365.667335 1355.915377 1347.570015 1333.113666 1322.292417 1326.724847 1339.265091 1335.102066 1333.845552 1338.563541 1337.761120 1335.365693 1341.685194 1357.875219 1367.604485 1379.296880 1393.057354 1398.787757 1410.247938 1438.934378 1454.449740 1472.219721 1495.446576 1521.002135 1547.643143 1572.278044 1589.905172 1608.957806 1631.850405 1652.393563 1676.315872 1702.393401 1733.269220 1755.088596
1691.502832 1669.064631 1649.123166 1627.765285 1602.113132 1577.708628 1571.428248 1560.664400 1535.888886 1484.388902 1440.033801 1406.740371 1380.634572 1353.272247 1330.928002 1300.168009 1266.873037 1245.543775 1251.837116 1259.101388 1261.008911 1246.846646 1233.682168 1222.812958 1207.687452 1191.652556 1179.046227 1187.635115 1195.788475 1205.398882 1209.212683 1213.011086 1216.570083 1216.356945 1212.273821 1217.279467 1227.247694 1238.578485 1250.192133 1265.721477 1296.713596 1322.200739 1341.018413 1363.747534 1386.639090 1412.740840 1440.363985 1466.297799 1487.255579 1510.850335 1535.230151 1561.245353 1586.793329 1616.052211 1649.237042 1677.508246
1603.180756 1572.706387 1545.868749 1514.153540 1469.892280 1450.956518 1438.522516 1420.924510 1379.635734 1333.908149 1297.854625 1272.625437 1245.564721 1220.137107 1191.330536 1158.658560 1132.374849 1111.828211 1118.743570 1125.900503 1138.225148 1126.567957 1115.788005 1109.718288 1094.512340 1080.480069 1065.572871 1072.697739 1082.704444 1100.613878 1104.925551 1108.535557 1116.159294 1115.709297 1113.681031 1104.275797 1113.338935 1124.372152 1138.594698 1166.911898 1191.570943 1215.797222 1237.931056 1259.413631 1283.572888 1309.598696 1336.384971 1365.228097 1388.500146 1411.980504 1438.380154 1463.801018 1487.242091 1513.384615 1544.828812 1572.749410
1481.561534 1455.360439 1427.124121 1386.067071 1339.142529 1301.217465 1281.076816 1238.893251 1203.071417 1168.650471 1151.930653 1132.673191 1108.671209 1086.251874 1064.332523 1038.419094 1016.031503 991.635701 995.425734 1008.172157 1022.378172 1017.634417 1014.605661 1011.507631 1000.432941 986.687551 973.025878 976.533542 991.846924 1008.722204 1016.524368 1023.380673 1031.141830 1031.529179 1024.704579 1016.532135 1022.472207 1037.067901 1053.446856 1074.071588 1096.395222 1118.473128 1139.498800 1162.925303 1187.435081 1212.609792 1239.949660 1268.857344 1291.865905 1318.655005 1346.805324 1370.073858 1386.625855 1405.004589 1433.719935 1457.443602
1362.592746 1335.251714 1305.771859 1262.762589 1219.181698 1175.398759 1133.886173 1099.669969 1067.839005 1050.936548 1031.464661 1013.280328 994.831950 973.247369 953.797057 935.243739 913.094266 896.473196 901.947332 914.915381 925.450392 928.765543 925.796974 922.740340 915.439061 901.638089 892.535001 901.166994 916.398922 930.994070 941.386524 948.185124 954.225818 951.681473 943.589561 938.534732 946.864895 962.562926 977.384149 994.430486 1015.870711 1037.182139 1059.144391 1082.240232 1105.433691 1131.155265 1157.847443 1185.281024 1212.953030 1238.373548 1262.340390 1276.311390 1291.063659 1301.400821 1320.990395 1343.552298
1230.904894 1203.603203 1174.042394 1140.347238 1101.652732 1071.164200 1038.350677 1006.821603 975.972099 949.839484 932.890878 923.051922 908.076371 888.841730 875.419683 858.515955 842.105879 842.860829 845.393056 855.962754 856.616410 857.203873 854.239176 853.142719 849.086121 839.148446 846.847667 854.131088 868.508777 879.138670 888.607933 894.805130 898.908708 899.108088 893.205800 897.234064 904.343509 918.897642 930.772385 945.723098 966.495972 984.023865 1003.636440 1026.041326 1049.293461 1073.789505 1099.980616 1128.389570 1154.211228 1175.075684 1186.071679 1198.852862 1206.678777 1203.302259 1220.077637 1238.144058
