tests/Borden05m/data_simulated/sim_1/output-maps/psiliqL0016N0014.asc
ncols         160
nrows         34
xllcorner     620200.000000
yllcorner     5168000.000000
cellsize      0.500000
NODATA_value  -9999.0
[rows 0 to 24 of 34, columns 55 to 109 of 160]
-9999.0 -9999.0 -9999.0 -9999.0 -9999.0 -9999.0 -9999.0 -9999.0 -9999.0 -9999.0 -9999.0 -9999.0 -9999.0 -9999.0 -9999.0 -9999.0 -9999.0 -9999.0 -9999.0 -9999.0 -9999.0 -9999.0 -9999.0 -9999.0 -9999.0 -9999.0 -9999.0 -9999.0 -9999.0 -9999.0 -9999.0 -9999.0 -9999.0 -9999.0 -9999.0 -9999.0 -9999.0 -9999.0 -9999.0 -9999.0 -9999.0 -9999.0 -9999.0 -9999.0 -9999.0 -9999.0 -9999.0 -9999.0 -9999.0 -9999.0 -9999.0 -9999.0 -9999.0 -9999.0 -9999.0
-9999.0 -9999.0 -9999.0 -9999.0 1430.185242 1424.866477 1419.971415 1415.460070 1406.976228 1398.104778 1390.217725 1386.589097 1386.008408 1385.589550 1385.509653 1391.009013 1399.338732 1407.259225 1414.609266 1417.250452 1419.878800 1422.224766 1422.839306 1421.808604 1418.747041 1415.600634 1412.343732 1410.905261 1403.099373 1391.872712 1383.252074 1380.551920 1384.918225 1389.327514 1391.753920 1397.348009 1407.856208 1418.422527 1426.729944 1438.485786 1444.248779 1449.049987 1451.527751 1447.029997 1443.120141 1438.872087 1433.196465 1421.942408 -9999.0 -9999.0 -9999.0 -9999.0 -9999.0 -9999.0 -9999.0
1374.846866 1393.945207 1414.432518 1417.834319 1406.454212 1401.656192 1398.661323 1397.014018 1392.635927 1384.389356 1379.552768 1374.534304 1372.893174 1373.332562 1373.735210 1378.097052 1388.713529 1396.934440 1401.911067 1404.684857 1407.555951 1407.168398 1406.772179 1406.650216 1403.929111 1400.641525 1397.389174 1395.697280 1396.459955 1388.952811 1383.412716 1379.916502 1377.955454 1380.489419 1382.884572 1386.452482 1395.728015 1403.646693 1411.539377 1425.766880 1438.033184 1442.999956 1440.058044 1434.693841 1430.408776 1423.081735 1412.457056 1401.905663 1392.452438 1385.294614 1379.311508 1372.888969 1378.401423 1384.713268 1393.907050
1359.617585 1379.182025 1399.702759 1402.772693 1392.394055 1384.535383 1379.428823 1380.066827 1383.235710 1380.201221 1375.960280 1370.768377 1380.040486 1381.673453 1383.106090 1386.730010 1389.867909 1393.737686 1396.670641 1402.257540 1411.456234 1414.391926 1415.088484 1415.377024 1413.664222 1410.654306 1408.937416 1406.288709 1401.176941 1399.997812 1400.186273 1399.713019 1404.458044 1405.916432 1407.847827 1401.353633 1404.970761 1411.006341 1417.655910 1423.685872 1429.909592 1433.154755 1429.414487 1428.338419 1419.371660 1405.002892 1393.611485 1384.856641 1382.975116 1379.272589 1370.773663 1357.173255 1363.869105 1378.860033 1382.848998
1365.735088 1375.323371 1387.235774 1390.527612 1385.920142 1387.845285 1389.885687 1391.733912 1390.539656 1387.886263 1385.830189 1398.310460 1407.911682 1410.059918 1413.286142 1417.376934 1417.452084 1406.120062 1404.073840 1412.351216 1422.733550 1428.569842 1428.969883 1428.995903 1426.714993 1425.797603 1425.567008 1423.572682 1424.124124 1426.415594 1425.876862 1430.122876 1435.707420 1438.652593 1431.396112 1422.350635 1423.369536 1431.099869 1439.249313 1446.356650 1456.535389 1467.277708 1466.001943 1460.007097 1450.420728 1436.380864 1412.445466 1392.665906 1381.053181 1372.951128 1364.944248 1364.815448 1360.580883 1371.622334 1372.542796
1362.741479 1381.163139 1402.610070 1410.562872 1405.163532 1400.925705 1399.026461 1400.256543 1400.684149 1403.632978 1415.731009 1429.513999 1443.713316 1446.773196 1449.608740 1449.408530 1441.099169 1431.213717 1427.996970 1442.626771 1459.125667 1467.499154 1468.082501 1466.728892 1472.879700 1471.957604 1470.838131 1466.419249 1468.270216 1468.967224 1477.909647 1485.559289 1492.807285 1491.049228 1478.895377 1467.151928 1465.774962 1468.928847 1472.776779 1478.983358 1488.799754 1497.883000 1492.273002 1484.885720 1474.703286 1445.985038 1419.063439 1401.955237 1401.259506 1400.612650 1394.874822 1391.006379 1387.332733 1380.077172 1378.834656
1408.238755 1429.678088 1450.340511 1466.110623 1460.926675 1453.638363 1444.487454 1445.572873 1448.591832 1456.738854 1469.702101 1486.628624 1510.587901 1513.208098 1516.269421 1518.556938 1507.458304 1495.378198 1484.837702 1503.773665 1514.374857 1522.901439 1523.891861 1532.831156 1542.525462 1538.321642 1530.841556 1520.356735 1526.617621 1537.336565 1552.462089 1559.501533 1563.627574 1561.620399 1549.860524 1543.746519 1542.682152 1545.499464 1543.558352 1548.603885 1558.070467 1572.500743 1571.137370 1562.613240 1539.849720 1502.063476 1467.928173 1448.257991 1454.005875 1446.327958 1438.534544 1434.496496 1420.123009 1408.993425 1408.500242
1457.752054 1475.456505 1494.035600 1512.609153 1507.691939 1497.930704 1484.689266 1484.286669 1491.682889 1502.376045 1521.604065 1543.910191 1567.387186 1574.117493 1575.679643 1585.696429 1579.626110 1570.391754 1562.658543 1576.160259 1587.960540 1599.522138 1608.548867 1621.322333 1632.650420 1621.715331 1608.813514 1602.680622 1608.356367 1629.288186 1647.588045 1652.625428 1653.404919 1655.391127 1644.995222 1638.611281 1632.407621 1628.147969 1622.732778 1618.783208 1637.924716 1654.798485 1652.736124 1629.145090 1604.597314 1566.853255 1528.282781 1496.922426 1498.210776 1494.250149 1493.009224 1478.006493 1462.280480 1446.770087 1437.666082
1533.256515 1561.435747 1581.961848 1603.916963 1603.433247 1586.251632 1577.406937 1582.303235 1595.627901 1603.483009 1619.974393 1643.008875 1673.773217 1693.484703 1711.220440 1715.893304 1708.251324 1699.798509 1687.286920 1687.067063 1705.634167 1717.643009 1727.882698 1738.146121 1750.587381 1755.035392 1751.644853 1750.976352 1754.477293 1762.898532 1772.974922 1779.638340 1784.454014 1789.237650 1783.436393 1772.571993 1766.925241 1758.685917 1752.871866 1750.357057 1754.334941 1766.755210 1763.753593 1734.820403 1707.166501 1673.793178 1635.811162 1604.187161 1588.356553 1596.053901 1585.855191 1566.995722 1548.426205 1514.563152 1499.600285
1625.837845 1661.479893 1689.072766 1703.513681 1716.205985 1710.015899 1711.506533 1716.113182 1724.121857 1729.214150 1737.242809 1769.988122 1804.828955 1833.384795 1857.516730 1866.164406 1855.894926 1846.526113 1834.580588 1825.547425 1831.276355 1846.239600 1863.036382 1878.432199 1889.600262 1892.907326 1891.696619 1892.013884 1894.304881 1897.312199 1900.580335 1907.145734 1914.386754 1923.996153 1934.119054 1927.102241 1910.140804 1898.296632 1885.403310 1880.987479 1879.652005 1878.561830 1878.007596 1867.598606 1833.277331 1803.469520 1770.817764 1743.408502 1723.368422 1711.622003 1691.368589 1667.456613 1619.562479 1579.282164 1544.536397
1733.797310 1775.552335 1806.439529 1829.436053 1844.685605 1846.949330 1849.906412 1852.819603 1858.768782 1863.872210 1870.505434 1894.368599 1932.873262 1970.578204 2000.776511 2004.116532 1994.120046 1983.821617 1973.952835 1962.613207 1959.197703 1968.054018 1980.039300 1996.892770 2007.930277 2016.634358 2015.343570 2015.760038 2016.569889 2018.679106 2020.564455 2022.879795 2030.405584 2042.804092 2054.545490 2054.911040 2040.119949 2022.756052 2005.532769 1999.120927 1993.493277 1987.333951 1987.287712 1987.476624 1977.366608 1950.192189 1912.840462 1870.353631 1845.508960 1824.864296 1811.164763 1793.843110 1763.822767 1708.471218 1675.292392
1860.794399 1890.440741 1920.462664 1951.432248 1969.848786 1976.984382 1977.464998 1979.385262 1987.257352 1993.216478 2002.716901 2019.626798 2045.581753 2076.104226 2103.570429 2120.494687 2116.032554 2102.430656 2084.202921 2077.921671 2076.207444 2078.474650 2085.563747 2094.511515 2110.650464 2127.122884 2132.653942 2133.456575 2130.956653 2133.220466 2134.502630 2134.588401 2136.021921 2141.514794 2148.998452 2151.465633 2145.661144 2128.190929 2107.119609 2093.269493 2084.772726 2080.027198 2078.176465 2079.729778 2079.457874 2066.253255 2035.285681 1995.426153 1962.391898 1941.272993 1924.973947 1910.014919 1897.429689 1873.878001 1854.309988
1978.044252 1993.125217 2019.909724 2047.567235 2071.878858 2088.490470 2092.302013 2097.930513 2103.285745 2112.881377 2128.614226 2148.984045 2164.448291 2182.834842 2205.383234 2218.856024 2224.456907 2224.280445 2222.258395 2223.698777 2223.655865 2188.426738 2191.935313 2195.412541 2204.767267 2214.414652 2217.725607 2218.079048 2216.661894 2217.987491 2218.476978 2218.558989 2218.171023 2218.622246 2221.296725 2222.141471 2220.483774 2212.105431 2218.528266 2200.673604 2188.168425 2180.215986 2172.080640 2163.284520 2153.371464 2143.145226 2125.399774 2097.192698 2063.394529 2037.116662 2025.590699 2017.950675 2009.674362 2002.985838 1986.344776
2085.219047 2097.330494 2114.289573 2135.509616 2164.868760 2185.309122 2196.407484 2205.490319 2210.568762 2223.343341 2237.517687 2230.058895 2235.036830 2240.071019 2244.974186 2246.622981 2246.973951 2246.508900 2243.912961 2243.020037 2240.689838 2235.873321 2225.750302 2226.833201 2228.088422 2230.360844 2233.769838 2232.442163 2233.386476 2236.323679 2234.792879 2229.216969 2225.502712 2223.856723 2224.309525 2231.282343 2234.272200 2234.897627 2233.168506 2232.312801 2231.636848 2229.639331 2227.180904 2223.719997 2219.211109 2224.969823 2214.119356 2189.554843 2154.716886 2118.078395 2105.210225 2101.677497 2100.963485 2097.385777 2090.403389
2201.950270 2214.856548 2228.676311 2221.623311 2234.833529 2241.794365 2245.231900 2248.394717 2250.972338 2252.579387 2249.383441 2245.971095 2241.097321 2239.508062 2237.873723 2235.093481 2235.254752 2232.794041 2228.267131 2223.966693 2216.474678 2204.907181 2193.005255 2189.647308 2193.661546 2198.426106 2202.678124 2206.018599 2209.366586 2210.192359 2205.349576 2197.474925 2190.370668 2188.487458 2194.898343 2200.350130 2205.783050 2206.497150 2205.241566 2203.359221 2203.774412 2201.552665 2202.435512 2209.415331 2223.215335 2228.443109 2231.826643 2231.209136 2221.495632 2203.962169 2200.752960 2180.843944 2184.283644 2178.999311 2166.924853
2241.912061 2244.043085 2243.509283 2242.115901 2236.241938 2230.473236 2229.692865 2233.405055 2239.955992 2240.817247 2233.461771 2224.688659 2217.159959 2209.646412 2206.767408 2204.925770 2203.589801 2202.963219 2196.880820 2187.900285 2171.401747 2159.041752 2147.127644 2140.461434 2137.537495 2141.660916 2151.395082 2161.303957 2165.908106 2158.658405 2151.087618 2140.325702 2132.387622 2132.680771 2134.603718 2143.607380 2158.097807 2163.482027 2164.491967 2159.603668 2155.311733 2150.075586 2148.700775 2156.244449 2171.910982 2188.069439 2202.608279 2211.352027 2218.959676 2225.591546 2227.920040 2229.366305 2229.985110 2228.409257 2227.746162
2236.641185 2230.118885 2223.415912 2218.104525 2211.217237 2205.200072 2202.948220 2204.627922 2206.607919 2202.397584 2195.033459 2184.094775 2172.340043 2161.734972 2154.199186 2153.935829 2155.024579 2155.067633 2147.529457 2132.081039 2113.817760 2099.609894 2085.042089 2080.386004 2074.740428 2069.273461 2079.290734 2096.616241 2102.940269 2088.975136 2079.017689 2064.804589 2057.795503 2054.578286 2055.967453 2065.237736 2085.660453 2106.243817 2108.160642 2098.970149 2090.118490 2086.469067 2084.930459 2092.033263 2110.704120 2131.746090 2147.707146 2158.343872 2164.728839 2173.411320 2183.399231 2196.525186 2210.302397 2221.735658 2229.256259
2210.735574 2202.659013 2194.514299 2186.316455 2178.593667 2171.549150 2166.401713 2163.379189 2159.440745 2152.474613 2144.418773 2127.312181 2114.065139 2100.841282 2085.849246 2081.193170 2076.675696 2077.112156 2064.994474 2054.522481 2035.876590 2019.783707 2003.516461 1991.714108 1985.407971 1978.951620 1981.182705 1995.713307 2004.377044 1992.231963 1982.243599 1970.218243 1964.675052 1961.508975 1963.684444 1974.105873 1995.614276 2014.450262 2022.334956 2015.464195 2012.471488 2012.049702 2012.150406 2019.306586 2033.916429 2054.284714 2076.619274 2094.515240 2105.153503 2113.750374 2124.609199 2139.946099 2154.661452 2169.280143 2186.982561
2175.547488 2165.750644 2155.198557 2144.804746 2133.409925 2121.758104 2114.425712 2114.871873 2107.333444 2100.048488 2081.612058 2032.137106 2012.258187 1993.051746 1976.492896 1969.406000 1960.688591 1949.439688 1939.553858 1932.724824 1927.694115 1911.997661 1893.951660 1876.847500 1871.255084 1866.869420 1855.225227 1856.996987 1859.233144 1866.777435 1859.927047 1855.595416 1854.768066 1852.469822 1855.295415 1868.861757 1879.798692 1889.015029 1895.994439 1897.270745 1906.184947 1914.135111 1921.242730 1938.685363 1952.670997 1970.874118 1993.248645 2018.695006 2033.933136 2044.831211 2056.916901 2073.611105 2091.209550 2109.702931 2132.925941
2134.208090 2118.725415 2103.969517 2088.975116 2075.296164 2061.548445 2046.550859 2046.406803 2042.037509 2031.820174 1985.596007 1942.802753 1908.988118 1890.095209 1866.637882 1853.627641 1839.959020 1809.269058 1793.333375 1788.304270 1795.582098 1787.272311 1770.363329 1756.568838 1747.690077 1739.905943 1725.371567 1713.394247 1718.386189 1732.407280 1729.707640 1729.718165 1735.092979 1733.927444 1729.780897 1733.061429 1747.028706 1754.801689 1765.645348 1779.761919 1785.309615 1797.817536 1827.484292 1842.310736 1858.885077 1879.936971 1902.884001 1927.020431 1949.552558 1964.649051 1980.976724 2001.153623 2019.380287 2041.335513 2065.747570
2077.752003 2048.602634 2027.943490 2010.214610 1991.285221 1967.642803 1946.158459 1942.503945 1934.463273 1911.090395 1862.108285 1822.388917 1793.752756 1770.861984 1746.305159 1725.226791 1694.279038 1661.329486 1640.162845 1648.196218 1656.122328 1659.825460 1646.355334 1633.973375 1623.764899 1608.499777 1592.605090 1579.486138 1588.706434 1597.215294 1608.880188 1613.523728 1617.404100 1621.154284 1620.160868 1614.073287 1616.419277 1625.436957 1636.207010 1647.918401 1664.845834 1697.088411 1722.818808 1741.676129 1763.713020 1785.049619 1809.067068 1834.384306 1858.054706 1876.237761 1896.454180 1917.277981 1939.905369 1961.900834 1987.746467
1996.778174 1968.337443 1941.095499 1917.462246 1888.349358 1846.377369 1830.548976 1820.614747 1803.922113 1763.379405 1720.559857 1689.584075 1668.613257 1643.841576 1620.398573 1592.347482 1559.911254 1534.689483 1514.147695 1521.585565 1529.181379 1542.846374 1531.725058 1521.762450 1516.396048 1501.304648 1487.528375 1472.434025 1479.517900 1490.083183 1509.215863 1513.998573 1517.762629 1525.624544 1524.884337 1522.051877 1510.841751 1519.325792 1530.391075 1545.018706 1574.371320 1599.320105 1623.926822 1646.594332 1668.064543 1691.811769 1716.883048 1742.434348 1769.971460 1791.269678 1812.155796 1835.527094 1857.389079 1876.472005 1897.960442
1884.981243 1859.280192 1837.008037 1812.064328 1773.032210 1728.778097 1691.958505 1671.819406 1628.807184 1594.183427 1563.506184 1550.837215 1533.872139 1511.384961 1490.077348 1468.882336 1443.797458 1422.034717 1397.376824 1401.279874 1414.412012 1428.996104 1425.288803 1422.962404 1420.167679 1409.450559 1395.794716 1382.184643 1385.797088 1401.538695 1418.734848 1427.067386 1434.149913 1441.911188 1442.124587 1434.723671 1426.182601 1431.991574 1446.983123 1463.756582 1484.419616 1507.178207 1529.862348 1551.624155 1575.654219 1600.465336 1625.711156 1652.909825 1681.521624 1703.959951 1729.489314 1755.848867 1776.367952 1789.542177 1803.683947
1775.247081 1753.142593 1728.528201 1701.091423 1659.665026 1617.906989 1575.436623 1533.330967 1499.662960 1468.750788 1454.088909 1435.783907 1418.853118 1401.367739 1380.119623 1361.240618 1343.318287 1321.197105 1305.635123 1311.239969 1324.093270 1334.001395 1337.848872 1334.962774 1331.998853 1324.998701 1311.178976 1303.030473 1311.957894 1327.229909 1341.717885 1352.405767 1359.287602 1365.201483 1362.607139 1354.374128 1349.833222 1358.329876 1374.292009 1389.300340 1406.486354 1428.461238 1450.332914 1473.080458 1496.941788 1520.790736 1547.112627 1574.293253 1602.121527 1630.149995 1655.209622 1678.087265 1690.622660 1703.524605 1710.683534
1645.464967 1629.717847 1603.660472 1575.057838 1542.710017 1505.392228 1476.196888 1443.715470 1412.449254 1381.922032 1355.846413 1339.785385 1330.630994 1316.030654 1297.157919 1284.048435 1267.263921 1251.892453 1253.468090 1255.548280 1265.441121 1265.446767 1265.978081 1263.027410 1261.966501 1258.230974 1249.013754 1257.511132 1264.663558 1278.878527 1289.433407 1299.005587 1305.186697 1309.256828 1309.721747 1304.260693 1308.799247 1315.926832 1330.602453 1342.726551 1357.885085 1379.075431 1397.156000 1417.387105 1440.569022 1464.628125 1489.893387 1516.882062 1546.068551 1572.430227 1593.340099 1603.983764 1616.291673 1622.879224 1617.787395
