tests/Borden05m/data_simulated/sim_1/output-maps/psiliqL0028N0007.asc
ncols         160
nrows         34
xllcorner     620200.000000
yllcorner     5168000.000000
cellsize      0.500000
NODATA_value  -9999.0
[rows 0 to 24 of 34, columns 55 to 109 of 160]
-9999.0 -9999.0 -9999.0 -9999.0 -9999.0 -9999.0 -9999.0 -9999.0 -9999.0 -9999.0 -9999.0 -9999.0 -9999.0 -9999.0 -9999.0 -9999.0 -9999.0 -9999.0 -9999.0 -9999.0 -9999.0 -9999.0 -9999.0 -9999.0 -9999.0 -9999.0 -9999.0 -9999.0 -9999.0 -9999.0 -9999.0 -9999.0 -9999.0 -9999.0 -9999.0 -9999.0 -9999.0 -9999.0 -9999.0 -9999.0 -9999.0 -9999.0 -9999.0 -9999.0 -9999.0 -9999.0 -9999.0 -9999.0 -9999.0 -9999.0 -9999.0 -9999.0 -9999.0 -9999.0 -9999.0
-9999.0 -9999.0 -9999.0 -9999.0 3797.616397 3792.342742 3787.643272 3783.186291 3774.726516 3765.396977 3757.615533 3753.392031 3752.177818 3751.313344 3750.620267 3755.389052 3763.408352 3770.969014 3777.752042 3780.118715 3782.403870 3784.152164 3784.300678 3783.131984 3779.849335 3776.450290 3773.022513 3771.258964 3763.994269 3752.890529 3744.646748 3741.958203 3746.085397 3750.396264 3752.841645 3757.901777 3768.214779 3778.766334 3787.340698 3799.997622 3807.187026 3812.555407 3815.072187 3811.091611 3807.856364 3803.852295 3797.544414 3786.435301 -9999.0 -9999.0 -9999.0 -9999.0 -9999.0 -9999.0 -9999.0
3742.560030 3760.886251 3781.985024 3785.056457 3773.250608 3768.127871 3764.992729 3763.366380 3759.198143 3750.711786 3745.592183 3740.067639 3737.259391 3737.209143 3737.006275 3740.536937 3751.324324 3759.021972 3763.481708 3766.072432 3768.892142 3767.057730 3766.177068 3765.905919 3762.945470 3759.395736 3755.963356 3754.055827 3755.640920 3748.021540 3741.925113 3737.935411 3734.762390 3737.526022 3740.255071 3745.015838 3754.116518 3761.965339 3769.896861 3785.200895 3798.497260 3804.260505 3801.711760 3797.191108 3793.377275 3785.855690 3774.994184 3765.065357 3757.239893 3751.305749 3746.001199 3739.499397 3746.018857 3754.126772 3763.394890
3725.735553 3744.874118 3765.328368 3767.809296 3757.584509 3749.912977 3742.753420 3743.283573 3746.888653 3743.661657 3738.769317 3730.488381 3740.689087 3741.574731 3742.126189 3745.208699 3746.806419 3752.153989 3754.434251 3759.680670 3768.571333 3771.316330 3771.658218 3771.611042 3769.527680 3766.177951 3764.118971 3761.248997 3755.900846 3753.947916 3753.460047 3751.983789 3755.911498 3757.424860 3760.513353 3755.205094 3759.760674 3766.018143 3773.005032 3778.364704 3784.426076 3786.731730 3783.447376 3784.285035 3775.976698 3762.387254 3752.773336 3745.522538 3746.148018 3743.293378 3735.416336 3721.597483 3730.159797 3746.429162 3751.307431
3730.160997 3738.986919 3749.298848 3751.668317 3746.579594 3748.878542 3750.635566 3751.732052 3749.764298 3746.073426 3741.248506 3751.262696 3759.306331 3760.538194 3762.795228 3766.694781 3767.681426 3756.897699 3754.840586 3761.861965 3771.319257 3776.281134 3776.368849 3775.869997 3771.848261 3770.583558 3770.328401 3768.524244 3767.745548 3769.108911 3766.251779 3768.894888 3774.312608 3777.679773 3772.863590 3764.566739 3767.037029 3775.604918 3784.886215 3792.518618 3802.609677 3813.301543 3813.799132 3809.476795 3801.075825 3788.836068 3766.577792 3749.431727 3738.502344 3730.430674 3723.216507 3726.738544 3721.849987 3736.150812 3738.041231
3714.211517 3735.439595 3755.244428 3760.720939 3754.651149 3751.072008 3750.014300 3750.560889 3749.341421 3749.323054 3757.373519 3768.773364 3779.386817 3781.178180 3782.792644 3781.294107 3773.947600 3763.558799 3760.993908 3773.932974 3790.665463 3798.385348 3797.641987 3792.670466 3795.110778 3795.430600 3796.257806 3793.117994 3793.597309 3790.536191 3795.218541 3802.893693 3810.990239 3809.695600 3797.239346 3784.755943 3784.922223 3790.814463 3798.351936 3806.148400 3816.281805 3825.300493 3820.546295 3815.721768 3808.787781 3783.667867 3761.770905 3747.916386 3748.318941 3749.232391 3744.941043 3743.173086 3742.726387 3739.169683 3739.584349
3749.327260 3768.186223 3788.400935 3800.862817 3794.594844 3787.192444 3779.000297 3779.089510 3779.020752 3784.446378 3794.342490 3806.282767 3827.577077 3826.461567 3826.427497 3824.420797 3811.205432 3797.812875 3788.006209 3810.726719 3821.867959 3828.752139 3825.451575 3829.772993 3838.190165 3834.758954 3828.732926 3816.375207 3821.859053 3827.482930 3842.642388 3850.769223 3856.283078 3851.173726 3836.829306 3829.895938 3831.899937 3839.048329 3840.811748 3850.120688 3858.639741 3873.529240 3872.055887 3869.627199 3850.130246 3813.074233 3784.532050 3773.145785 3785.444299 3779.980389 3773.647212 3774.133564 3763.573187 3757.009050 3760.014685
3779.462577 3792.243606 3808.179825 3824.466272 3814.962695 3804.893438 3787.899186 3784.358317 3788.005196 3798.193602 3815.486177 3832.718156 3852.060301 3849.278880 3841.213879 3850.887110 3843.824606 3832.746213 3825.343192 3848.390689 3858.191030 3868.196144 3873.305549 3885.959006 3896.238097 3878.639301 3860.779813 3849.552470 3856.876733 3883.428669 3906.686155 3911.467573 3910.201696 3909.107706 3892.794090 3888.221427 3885.315361 3886.511123 3884.363483 3882.815676 3909.261154 3931.575339 3931.527770 3910.172846 3887.524925 3847.260613 3809.355258 3786.111821 3801.094615 3797.553158 3801.446446 3792.032407 3780.834735 3775.079982 3773.646347
3826.638027 3847.213813 3863.089203 3885.185785 3874.636961 3850.647389 3833.425824 3835.742189 3849.505808 3857.805260 3876.870271 3893.012280 3918.067221 3928.883667 3939.008798 3942.979339 3936.161487 3927.695586 3915.864331 3922.282705 3947.325293 3958.968537 3966.987518 3975.066679 3987.792946 3987.380416 3979.788185 3977.745988 3982.327675 3996.863900 4012.244072 4019.036818 4021.752189 4023.914926 4009.171049 3995.808552 3994.463357 3989.487614 3989.077520 3988.531257 4001.350795 4023.348764 4019.865845 3981.535250 3954.525922 3918.767447 3879.910332 3850.630680 3846.031315 3866.928149 3865.990696 3849.926486 3840.690469 3815.959668 3812.469525
3893.988280 3926.811914 3950.913462 3960.675911 3967.374880 3951.164461 3948.625935 3952.953664 3961.651701 3964.628516 3970.991566 4003.584374 4037.433692 4061.975120 4084.692527 4091.753466 4079.163424 4069.399295 4055.627388 4046.939850 4059.153512 4076.977291 4094.898269 4109.780186 4121.182555 4123.032502 4121.395665 4121.428691 4124.750338 4127.783948 4132.351396 4141.265363 4149.021739 4157.495810 4165.057983 4153.834363 4136.742187 4127.920430 4119.607873 4119.444692 4121.240738 4125.928286 4127.093684 4108.706566 4064.674199 4032.239926 3999.776042 3981.360053 3969.096738 3970.792567 3952.516369 3927.579536 3874.955470 3837.790827 3806.790713
3978.335154 4023.480299 4052.892828 4069.239202 4081.783342 4077.987078 4079.912919 4080.829536 4084.364276 4086.403442 4088.537755 4116.308870 4158.994879 4199.141202 4230.950966 4230.231790 4215.756916 4204.266486 4195.382090 4180.333453 4176.313065 4189.890669 4206.177209 4227.343943 4237.675670 4243.183817 4239.417071 4239.614124 4241.689174 4244.118893 4246.353791 4250.336514 4260.534965 4276.295274 4291.467292 4290.244159 4270.164148 4251.924553 4236.037195 4234.328058 4232.429558 4227.555333 4230.209712 4232.187886 4214.566548 4181.818108 4140.851097 4100.376143 4084.965924 4070.520737 4059.673170 4042.212810 3998.665854 3928.869189 3887.521961
4094.365695 4130.221297 4159.630809 4190.286166 4204.728865 4206.170472 4203.236549 4201.644530 4208.771589 4210.999241 4215.984969 4232.756852 4266.842895 4303.952316 4334.546062 4349.795986 4341.258119 4322.215921 4298.970997 4288.226937 4284.994757 4288.970769 4299.143321 4313.066856 4333.526323 4353.793073 4359.688708 4360.612243 4357.874511 4360.396794 4362.074646 4362.215215 4365.547060 4374.876586 4385.391869 4388.946813 4380.496299 4358.253421 4333.903710 4322.989550 4316.795402 4313.502808 4315.008702 4320.838359 4324.658343 4309.000883 4271.595680 4225.310539 4195.525168 4181.259247 4168.693947 4154.162652 4141.062795 4105.123697 4083.124411
4205.044203 4220.934472 4250.149082 4279.786610 4302.434390 4317.018026 4316.839150 4319.484282 4324.382216 4331.353977 4346.508741 4370.984273 4391.350248 4415.466938 4443.465652 4460.697762 4465.927743 4463.834594 4459.136632 4460.209021 4460.612637 4388.930857 4395.990400 4403.039601 4422.541683 4439.744988 4446.042122 4446.769631 4443.867015 4445.889723 4446.762812 4446.601106 4446.221428 4449.106162 4454.898074 4457.111722 4454.375095 4440.269358 4462.122856 4441.260181 4427.330999 4418.866754 4410.402568 4402.106398 4392.567443 4382.443372 4361.247213 4329.083191 4294.004639 4273.306493 4265.802390 4259.488247 4250.299428 4244.227370 4226.440732
4304.613820 4315.247604 4334.291758 4357.915926 4393.698555 4418.390777 4430.181031 4439.812972 4444.565125 4459.042849 4476.617848 4458.017026 4467.525300 4477.364604 4487.140990 4490.498285 4491.459556 4491.016000 4488.571982 4487.685307 4485.070469 4481.852331 4471.120023 4472.759029 4474.818663 4477.474923 4481.269935 4480.215355 4481.375189 4484.345927 4482.515779 4476.315834 4472.105053 4470.525086 4471.656928 4479.189786 4482.777855 4483.781234 4479.833894 4478.830928 4477.690865 4473.798777 4468.939581 4462.089545 4453.327000 4470.912712 4458.243212 4428.807587 4386.477144 4343.396554 4336.829668 4339.723291 4339.280548 4337.830083 4332.081867
4434.927125 4449.223394 4464.632212 4437.810227 4463.377890 4476.462420 4482.580517 4487.112700 4490.060249 4493.706863 4490.746321 4487.827490 4482.865104 4481.206624 4479.822516 4477.352289 4477.970591 4476.080411 4471.950325 4467.752750 4459.379603 4447.554568 4436.371883 4432.543027 4436.783219 4442.564379 4447.935844 4452.705699 4456.541898 4456.290305 4450.614301 4441.992095 4434.281328 4432.673732 4439.683709 4445.502546 4452.367678 4453.300740 4451.897372 4449.274578 4448.910897 4445.423328 4445.563424 4452.832888 4468.047567 4470.078316 4476.832786 4475.870888 4456.818727 4422.319268 4438.291335 4418.046594 4424.567336 4419.837111 4408.312276
4481.673647 4484.844850 4482.978752 4482.038709 4475.520054 4469.363502 4468.550684 4472.606282 4479.720908 4480.718103 4473.593486 4464.868429 4457.493961 4449.830280 4447.380882 4446.949344 4446.763102 4447.338384 4441.993405 4432.247389 4414.717091 4403.056217 4391.963071 4386.004236 4381.746347 4384.849164 4396.484218 4409.336999 4414.500851 4404.548885 4395.795650 4383.627324 4375.502706 4375.996194 4376.751471 4386.434337 4404.073350 4412.374875 4413.215685 4406.405717 4399.430745 4392.582511 4389.277078 4395.685832 4411.219837 4428.519606 4444.759301 4454.251923 4462.159341 4469.510343 4466.690691 4469.827849 4471.554073 4469.116878 4473.126127
4476.378102 4469.252492 4462.128294 4456.718278 4450.256242 4444.996140 4443.091713 4444.814302 4446.498640 4442.162556 4435.781694 4425.727021 4414.559894 4404.760153 4396.729800 4397.768618 4400.147980 4401.953736 4394.385642 4378.679622 4360.612013 4347.006759 4333.052529 4329.086001 4322.908043 4314.408036 4324.448720 4344.877738 4352.564774 4335.799743 4324.621311 4309.116806 4302.679212 4298.451539 4299.067660 4307.934074 4331.178655 4356.538638 4358.874447 4347.622930 4336.430035 4331.756249 4328.450642 4332.749518 4349.337675 4370.582626 4387.176193 4397.964299 4403.336718 4411.154289 4420.627546 4435.504078 4450.842835 4463.619839 4467.496604
4450.814422 4443.008079 4435.293987 4427.592710 4420.651806 4414.383333 4410.020807 4408.038005 4403.738064 4397.524502 4390.402624 4368.168193 4355.539826 4342.279520 4326.950245 4322.869265 4317.581795 4318.474962 4306.807460 4299.265076 4283.160653 4267.752038 4252.063490 4238.000618 4232.260826 4225.341569 4222.304751 4235.363084 4243.680315 4235.014735 4225.437162 4215.260630 4211.107502 4207.735447 4210.373331 4220.909241 4239.960211 4258.302168 4267.151717 4260.005506 4259.666016 4260.315422 4258.754186 4265.346309 4275.494905 4293.222365 4316.168665 4335.987179 4346.151331 4352.964734 4362.107293 4376.690709 4391.008032 4405.616399 4424.012271
4420.110371 4410.699739 4400.681141 4390.828015 4380.220980 4369.555723 4362.874528 4365.760527 4359.762775 4354.195039 4329.696838 4272.397349 4250.454447 4231.147888 4214.569778 4207.510329 4198.742101 4180.656825 4172.029542 4167.964507 4172.138252 4158.457749 4140.900329 4122.823246 4117.981635 4114.577856 4095.273503 4088.522268 4088.468264 4107.569586 4101.818996 4101.627599 4104.498667 4102.168672 4103.049728 4115.656831 4122.464772 4126.906816 4133.898683 4140.262487 4151.833926 4160.503934 4172.344125 4189.967851 4200.419519 4215.370701 4235.607949 4261.889632 4278.006046 4287.610579 4297.972445 4313.292026 4329.469972 4347.411329 4369.969954
4385.152762 4367.957542 4353.091885 4338.621837 4325.807396 4312.822488 4296.301627 4298.320001 4296.377347 4285.590112 4227.476509 4186.930319 4152.627276 4135.558487 4111.460178 4097.324052 4079.650987 4038.352040 4020.140881 4020.984744 4038.185845 4036.142200 4021.257891 4009.898506 4000.196450 3990.206960 3971.349401 3950.238898 3956.666340 3976.690531 3978.974697 3983.570510 3992.402513 3992.220250 3984.737628 3980.069409 3991.579185 3996.464064 4008.061332 4027.316323 4032.473512 4050.793895 4086.467595 4099.197090 4114.255065 4132.275123 4152.373522 4174.345873 4197.475403 4211.725251 4227.037949 4245.400662 4262.034895 4282.254436 4304.673936
4333.268209 4301.385818 4279.865137 4262.251496 4242.649704 4214.212959 4194.218717 4191.918367 4185.849471 4154.394928 4100.544540 4065.956865 4044.006922 4022.275499 3999.507022 3974.534610 3934.698369 3899.175707 3877.001130 3895.336666 3907.652256 3921.983380 3911.278487 3901.056100 3891.659489 3872.626119 3855.460174 3837.868037 3849.546373 3858.280238 3879.976352 3887.757271 3891.791257 3898.547174 3897.026049 3884.653976 3876.949402 3884.795505 3894.529769 3906.882009 3930.428740 3967.463133 3992.266949 4010.699787 4031.035276 4049.224953 4070.081026 4092.630756 4115.496853 4132.486710 4150.549234 4168.653293 4189.273657 4207.807500 4230.011734
4250.352381 4222.130926 4195.977930 4172.768068 4139.884100 4091.746565 4077.436670 4068.383098 4044.285655 3994.095356 3952.613155 3935.280419 3925.016200 3902.313315 3882.182395 3852.833793 3818.410563 3798.143605 3777.692382 3789.242154 3800.659055 3823.215131 3815.464593 3809.928180 3807.911849 3792.570249 3779.555709 3762.677869 3768.732016 3781.547889 3806.720740 3813.260138 3817.630258 3827.694056 3827.027821 3821.772905 3801.904864 3808.060152 3818.856524 3833.695633 3865.570296 3887.536985 3909.445998 3931.106143 3949.998577 3970.994304 3992.520524 4014.907450 4041.139141 4060.354414 4078.950135 4100.065625 4118.564798 4131.607840 4146.370839
4140.124262 4116.798329 4098.182735 4074.236263 4029.938966 3986.032952 3943.580528 3914.324122 3858.654623 3823.626831 3807.128063 3810.526934 3800.418569 3782.153984 3764.602773 3746.492808 3726.321694 3709.168603 3684.413609 3690.783811 3707.984291 3726.298992 3729.846192 3732.345012 3731.654831 3723.155292 3709.968376 3696.465146 3700.333954 3718.041875 3736.417436 3747.241185 3755.285652 3763.071030 3762.610158 3752.180881 3741.486938 3745.743719 3761.131954 3776.877143 3793.103993 3812.746607 3832.653428 3852.384341 3874.160108 3895.890420 3917.857660 3941.783004 3967.824663 3988.688307 4011.620155 4035.231755 4050.381583 4057.623423 4063.257851
4036.773107 4018.839661 3996.440291 3969.033580 3927.088477 3888.377053 3848.351767 3799.395415 3766.961730 3739.811050 3736.609736 3723.293306 3712.484738 3700.284471 3681.425529 3667.040780 3654.458833 3634.392176 3627.264211 3635.754947 3649.875359 3657.691266 3666.057724 3664.666538 3662.971031 3658.227066 3644.512840 3642.118723 3652.656527 3667.838771 3681.215227 3693.149698 3700.042580 3704.785637 3701.480902 3691.818425 3689.381921 3697.257999 3712.304952 3724.880998 3738.254164 3757.736080 3776.368193 3796.729313 3817.913263 3838.550718 3861.622400 3885.423319 3910.242524 3936.534631 3957.518608 3974.169885 3981.176729 3988.965189 3985.596193
3912.855017 3903.527270 3878.434317 3850.666983 3823.194607 3792.503233 3770.881656 3741.301225 3712.995993 3685.839005 3661.383660 3651.870172 3648.190885 3637.483818 3622.657536 3613.471854 3599.570803 3592.658631 3601.326844 3602.765366 3610.474397 3608.224886 3609.757459 3607.950600 3607.903345 3606.648957 3602.080597 3615.463262 3621.750163 3634.756366 3644.498354 3654.206061 3659.721456 3662.941194 3664.207998 3660.355472 3666.537689 3671.846629 3684.665397 3694.908669 3707.068071 3725.644094 3741.106415 3758.412711 3779.043321 3800.373229 3822.446581 3846.433390 3872.846896 3895.739615 3911.350580 3915.800873 3922.960420 3921.693655 3907.637018
