tests/Borden05m/data_simulated/sim_1/output-maps/psiliqL0014N0011.asc
ncols         160
nrows         34
xllcorner     620200.000000
yllcorner     5168000.000000
cellsize      0.500000
NODATA_value  -9999.0
[rows 0 to 24 of 34, columns 0 to 55 of 160]
-9999.0 -9999.0 -9999.0 -9999.0 -9999.0 -9999.0 -9999.0 -9999.0 -9999.0 -9999.0 -9999.0 -9999.0 -9999.0 -9999.0 -9999.0 -9999.0 -9999.0 -9999.0 -9999.0 -9999.0 -9999.0 -9999.0 -9999.0 -9999.0 -9999.0 -9999.0 -9999.0 -9999.0 -9999.0 -9999.0 -9999.0 -9999.0 -9999.0 -9999.0 -9999.0 -9999.0 -9999.0 -9999.0 -9999.0 -9999.0 -9999.0 -9999.0 -9999.0 -9999.0 -9999.0 -9999.0 -9999.0 -9999.0 -9999.0 -9999.0 -9999.0 -9999.0 -9999.0 -9999.0 -9999.0 -9999.0
-9999.0 -9999.0 -9999.0 -9999.0 -9999.0 -9999.0 -9999.0 -9999.0 -9999.0 -9999.0 -9999.0 -9999.0 -9999.0 -9999.0 -9999.0 -9999.0 -9999.0 -9999.0 -9999.0 -9999.0 -9999.0 -9999.0 -9999.0 -9999.0 -9999.0 -9999.0 -9999.0 -9999.0 -9999.0 -9999.0 -9999.0 -9999.0 -9999.0 -9999.0 -9999.0 -9999.0 -9999.0 -9999.0 -9999.0 -9999.0 -9999.0 -9999.0 -9999.0 -9999.0 -9999.0 -9999.0 -9999.0 -9999.0 -9999.0 -9999.0 -9999.0 -9999.0 -9999.0 -9999.0 -9999.0 -9999.0
-9999.0 -9999.0 -9999.0 -9999.0 -9999.0 -9999.0 -9999.0 -9999.0 -9999.0 -9999.0 -9999.0 -9999.0 -9999.0 -9999.0 -9999.0 -9999.0 -9999.0 -9999.0 -9999.0 -9999.0 -9999.0 -9999.0 -9999.0 -9999.0 -9999.0 -9999.0 -9999.0 -9999.0 -9999.0 -9999.0 -9999.0 -9999.0 -9999.0 -9999.0 -9999.0 -9999.0 -9999.0 -9999.0 -9999.0 -9999.0 -9999.0 -9999.0 -9999.0 -9999.0 -9999.0 -9999.0 -9999.0 896.313602 879.106852 863.736948 861.422942 884.004560 907.565785 931.564986 952.345296 971.126603
-9999.0 -9999.0 -9999.0 -9999.0 -9999.0 -9999.0 -9999.0 -9999.0 -9999.0 -9999.0 -9999.0 -9999.0 -9999.0 -9999.0 -9999.0 -9999.0 -9999.0 -9999.0 -9999.0 -9999.0 -9999.0 -9999.0 -9999.0 -9999.0 -9999.0 -9999.0 -9999.0 -9999.0 -9999.0 -9999.0 -9999.0 -9999.0 -9999.0 -9999.0 -9999.0 -9999.0 -9999.0 -9999.0 -9999.0 -9999.0 943.769548 949.759722 950.982862 940.710244 929.664825 917.507304 897.595968 879.953487 865.372713 863.086242 865.956395 871.082050 893.734468 918.684888 938.614089 955.786866
-9999.0 -9999.0 -9999.0 -9999.0 -9999.0 -9999.0 -9999.0 -9999.0 -9999.0 -9999.0 -9999.0 -9999.0 -9999.0 -9999.0 -9999.0 -9999.0 -9999.0 -9999.0 -9999.0 -9999.0 -9999.0 -9999.0 -9999.0 -9999.0 -9999.0 -9999.0 -9999.0 -9999.0 -9999.0 -9999.0 -9999.0 -9999.0 -9999.0 -9999.0 850.856531 868.374580 886.625466 905.236590 922.170916 929.114743 935.027824 940.865683 936.891995 932.464721 921.313253 902.268197 882.976080 869.423707 867.597927 865.388783 869.902826 882.940547 899.995450 916.387841 937.584427 961.477852
-9999.0 -9999.0 -9999.0 -9999.0 -9999.0 -9999.0 -9999.0 -9999.0 -9999.0 -9999.0 -9999.0 -9999.0 -9999.0 -9999.0 -9999.0 -9999.0 -9999.0 -9999.0 -9999.0 -9999.0 -9999.0 -9999.0 -9999.0 -9999.0 -9999.0 -9999.0 -9999.0 -9999.0 854.405826 848.635218 843.813617 842.559934 841.499685 840.633546 847.640307 859.835334 878.024483 899.970572 913.196482 920.650184 927.519926 928.455736 923.612769 921.889508 922.492324 910.876135 899.427054 888.735118 878.437819 877.085989 886.913150 901.361469 917.915507 933.114562 948.902086 959.696218
-9999.0 -9999.0 -9999.0 -9999.0 -9999.0 -9999.0 -9999.0 -9999.0 -9999.0 -9999.0 -9999.0 -9999.0 -9999.0 -9999.0 -9999.0 -9999.0 -9999.0 -9999.0 -9999.0 -9999.0 -9999.0 -9999.0 -9999.0 824.056739 829.906420 836.605798 844.279460 845.405803 841.558746 836.186632 833.430524 832.216729 830.762297 835.525439 843.808820 857.620117 873.695714 895.880072 904.752278 911.034145 923.496873 926.569576 932.680656 937.034696 935.607002 932.968048 920.624236 911.503229 916.685690 922.761122 929.887101 938.240496 952.024615 967.718511 985.388030 1005.920113
-9999.0 -9999.0 -9999.0 -9999.0 -9999.0 -9999.0 -9999.0 -9999.0 -9999.0 -9999.0 -9999.0 -9999.0 -9999.0 -9999.0 -9999.0 -9999.0 -9999.0 -9999.0 -9999.0 798.757386 799.777740 801.120348 805.975550 806.913894 809.216734 816.403627 824.780479 827.408331 825.924932 824.796803 826.626254 829.657896 834.361303 845.965092 860.106961 874.636624 888.836295 910.088778 925.208812 939.118876 955.447844 955.159409 951.498064 950.013754 950.833778 951.346534 955.642657 958.611533 965.217662 970.192214 976.870100 986.643668 998.639180 1017.349045 1037.668133 1057.944688
-9999.0 -9999.0 -9999.0 -9999.0 -9999.0 -9999.0 -9999.0 -9999.0 -9999.0 -9999.0 -9999.0 -9999.0 -9999.0 -9999.0 -9999.0 -9999.0 769.908799 771.855703 774.200647 779.717714 782.767619 786.945435 794.089594 795.547645 799.552227 806.952436 812.119685 821.233084 829.607978 837.267632 843.606766 846.682209 854.529439 864.576417 876.878503 892.555755 914.473794 938.026846 954.751393 972.052128 989.604725 990.678311 990.025768 991.568569 992.440833 999.158343 1017.028893 1023.260230 1024.917182 1041.798722 1056.304830 1061.978473 1070.286562 1090.010509 1114.350063 1138.249194
-9999.0 -9999.0 -9999.0 -9999.0 -9999.0 -9999.0 -9999.0 -9999.0 -9999.0 -9999.0 -9999.0 -9999.0 -9999.0 723.458427 727.717874 737.420732 746.793024 749.479245 753.945405 760.192772 772.610657 776.480417 782.970189 790.822154 802.986482 811.928579 821.448736 833.662745 842.481211 850.146474 857.634904 863.746309 877.483797 893.212283 909.474565 930.223645 952.773424 973.903887 994.995578 1011.440350 1025.792405 1028.379378 1027.924200 1030.776896 1038.953398 1056.665069 1076.138590 1085.979387 1104.972693 1128.749472 1142.987548 1155.477180 1164.975128 1179.190505 1201.182161 1236.218495
-9999.0 -9999.0 -9999.0 -9999.0 -9999.0 -9999.0 -9999.0 -9999.0 -9999.0 -9999.0 690.082770 692.538599 689.299438 689.279002 694.541129 706.833191 720.718586 727.525335 739.319911 760.465312 778.482266 782.306990 797.183108 807.734738 814.878469 825.836027 839.442423 852.764230 870.146884 883.248658 895.531989 915.765010 932.936697 950.201420 968.723080 989.745689 1010.414533 1039.777608 1067.689778 1081.543584 1104.785502 1116.733411 1114.685728 1115.510903 1125.124603 1142.041504 1164.385246 1189.012926 1211.855750 1238.236611 1256.726741 1272.082969 1283.833809 1297.207093 1313.913446 1349.766969
-9999.0 -9999.0 -9999.0 -9999.0 -9999.0 -9999.0 -9999.0 -9999.0 665.371417 672.796594 679.108538 676.324427 672.048997 668.416554 682.334184 698.421773 714.734866 732.584910 748.891608 767.393395 783.082487 799.765826 820.002878 832.212748 844.423951 860.310218 874.614675 892.482458 914.525869 928.227102 946.002286 968.341529 987.962089 1006.977332 1026.731906 1046.015052 1073.688691 1108.378733 1141.498960 1165.513637 1194.545167 1218.666433 1218.979012 1222.334290 1227.557134 1254.085184 1284.457512 1316.097651 1342.463213 1370.630617 1400.738331 1419.398910 1430.854458 1444.248485 1460.209299 1479.488268
-9999.0 -9999.0 -9999.0 -9999.0 -9999.0 -9999.0 638.172313 662.538310 677.723114 670.049554 660.523081 657.160798 653.441269 676.806123 699.020864 716.582672 733.851795 751.865240 768.840806 782.463407 816.813977 835.087460 850.147518 869.014078 884.277101 899.589796 917.830702 942.069758 964.941772 995.877636 1023.149863 1048.531019 1076.014597 1096.982718 1117.050815 1136.684781 1169.254867 1207.774325 1245.578125 1275.684608 1304.058170 1335.597805 1343.724775 1350.115266 1357.831135 1379.133628 1411.149175 1442.051865 1476.329608 1508.814619 1535.812441 1548.170789 1559.100722 1571.004506 1585.001943 1597.772775
-9999.0 -9999.0 -9999.0 -9999.0 604.542337 625.580495 645.847597 676.759175 699.580251 694.860007 701.925994 702.472451 701.088922 705.232092 712.592499 731.137451 750.155257 769.463158 787.933324 823.690288 868.255108 884.692753 910.085522 942.972317 957.648129 973.864595 991.047191 1015.135834 1043.196112 1077.975238 1123.121728 1161.778664 1188.920035 1213.085516 1235.445901 1258.635883 1293.584374 1332.108819 1369.766288 1404.753120 1435.410063 1461.785471 1475.074451 1483.387408 1495.465849 1511.955936 1533.446017 1560.910450 1592.210041 1624.329674 1649.517739 1663.460333 1671.721329 1682.719804 1693.557227 1705.886444
-9999.0 -9999.0 -9999.0 555.296123 594.066183 631.966651 659.275441 690.489381 722.913036 728.153501 737.536889 743.139153 748.706783 757.889075 767.198891 784.839471 801.440881 817.698813 840.354762 877.829477 913.811469 944.980303 978.145719 1006.357269 1028.391221 1045.394754 1064.891255 1090.024747 1130.900656 1169.700843 1221.021441 1275.168772 1312.948887 1338.204349 1361.012331 1388.773931 1414.245288 1450.707955 1485.880613 1519.252108 1551.234395 1576.333488 1595.468621 1603.394724 1613.002817 1621.756753 1638.163674 1659.731460 1681.692058 1710.492338 1738.768617 1763.294213 1777.383951 1787.574927 1803.670470 1819.711701
-9999.0 -9999.0 508.136987 545.944801 580.312577 630.906020 684.105408 718.779890 760.107292 784.633538 792.116483 810.063556 826.977526 835.148121 851.630563 869.582254 887.563356 894.771037 912.028711 943.869612 994.954501 1041.937474 1065.447046 1118.054436 1152.489381 1180.765316 1199.153815 1226.610470 1262.667302 1305.155535 1354.154216 1404.261325 1443.097932 1474.564723 1491.369396 1510.910429 1533.640870 1557.465622 1591.073258 1619.937163 1651.287943 1677.490715 1699.440364 1706.629359 1711.754546 1727.384058 1751.410788 1776.928770 1801.168371 1824.575589 1829.183362 1840.675364 1846.377316 1850.001531 1854.875976 1858.306546
-9999.0 -9999.0 481.598972 526.516669 567.267725 634.392405 714.050934 751.784151 795.367455 841.844206 861.499828 886.920887 900.750925 912.417578 936.997290 960.619426 973.173357 980.554622 981.267735 1037.575307 1096.969146 1149.896873 1200.126002 1267.469180 1313.377689 1330.531329 1343.513238 1364.580843 1389.699228 1432.975975 1480.424010 1532.526239 1575.745085 1606.432791 1622.565335 1640.592608 1660.532367 1677.932736 1696.590204 1735.147532 1762.126305 1787.778251 1814.476965 1834.667827 1843.041982 1846.573508 1836.977740 1846.476800 1853.252838 1856.743121 1858.437472 1855.815856 1855.756852 1856.906384 1858.178507 1853.307311
-9999.0 392.876278 445.095521 498.565298 567.907883 635.800611 719.829418 800.532419 857.621256 905.477042 935.932247 950.546320 990.414878 1034.993933 1062.588380 1091.022276 1095.115313 1100.919819 1092.531200 1141.204833 1192.323666 1268.529015 1378.361154 1435.286762 1479.609802 1482.947372 1479.176474 1492.287728 1516.293988 1559.096085 1624.580663 1670.678666 1722.290979 1761.306816 1776.078994 1782.779878 1799.945416 1819.273694 1808.341874 1829.877818 1840.320787 1849.260715 1852.270074 1854.659353 1856.350455 1857.157063 1854.576333 1848.809403 1841.627863 1836.595126 1832.976338 1828.752994 1831.323288 1834.576353 1835.176555 1828.019898
-9999.0 357.558639 417.220707 489.043927 560.533097 629.979516 735.092255 877.334396 931.477797 970.178173 995.797286 1022.800000 1103.112133 1170.916578 1207.409844 1253.340880 1250.430191 1241.825134 1230.991325 1264.642472 1314.755535 1388.398665 1527.602898 1611.068089 1638.541747 1650.775851 1658.922062 1685.431093 1721.339131 1756.477660 1788.345546 1789.757740 1814.992922 1828.033902 1832.519692 1834.853384 1838.969479 1839.869885 1838.691297 1836.093883 1832.640837 1833.985661 1838.964779 1839.646061 1837.613764 1835.093700 1829.868296 1822.452007 1816.930358 1812.245323 1809.371674 1806.195507 1804.389540 1804.084694 1799.287240 1792.992852
-9999.0 328.515614 399.611343 463.667203 530.143801 646.466323 772.778570 908.495411 1002.442284 1042.484178 1071.016819 1144.235799 1245.991707 1342.316303 1395.599052 1423.554433 1428.778947 1411.649795 1417.524435 1462.174075 1525.896768 1614.470654 1702.125387 1776.663980 1790.833223 1795.976835 1778.380021 1792.171575 1804.957801 1808.603295 1811.439216 1816.072583 1822.744061 1826.941575 1827.107329 1825.547539 1821.948730 1814.933845 1810.740017 1808.211366 1805.518675 1805.771501 1808.948782 1810.528408 1808.322811 1804.619580 1799.971630 1793.926592 1787.359372 1780.339650 1775.979483 1771.558972 1768.947264 1763.590312 1758.529304 1751.652071
-9999.0 230.496698 318.416456 374.581797 492.246597 665.979132 793.222705 944.947500 1091.429290 1134.383982 1213.802613 1333.717399 1438.822396 1513.138116 1556.170846 1600.540536 1632.083960 1657.716103 1693.058795 1656.189359 1710.327600 1764.221177 1788.129471 1800.662592 1803.751447 1806.821519 1800.819188 1783.458397 1774.767116 1769.695185 1772.868332 1781.420243 1788.027042 1794.445591 1793.225167 1794.345418 1794.683399 1791.391403 1787.881254 1780.088748 1772.960381 1767.673456 1766.234246 1771.628091 1766.865668 1763.630300 1757.436551 1749.060609 1739.976745 1731.888433 1723.781512 1716.618884 1713.293256 1707.117180 1704.746371 1695.550847
-9999.0 149.591908 226.868018 318.439650 458.861927 623.775653 756.721858 926.006358 1133.887516 1251.494635 1375.274775 1447.783262 1521.942604 1584.852332 1649.180740 1697.272483 1724.363310 1736.544034 1728.926459 1739.775779 1709.557588 1703.924298 1722.100897 1749.159709 1763.463238 1768.820496 1761.825095 1752.468396 1746.426936 1746.325288 1745.921819 1745.204694 1744.144144 1742.511456 1739.784279 1741.854064 1746.293917 1740.154757 1731.663221 1723.681944 1716.550701 1708.555921 1703.292582 1700.011161 1698.855708 1698.460887 1690.790118 1680.146173 1669.225944 1660.612838 1652.477491 1646.349771 1643.165276 1637.501749 1628.808035 1615.700314
-9999.0 52.538488 173.165182 268.765473 393.040366 531.304820 660.463895 826.713342 979.033725 1199.424427 1359.901394 1463.249108 1505.768896 1565.023168 1626.398656 1694.406641 1702.031104 1676.204851 1646.566638 1633.286206 1639.238114 1649.347828 1662.931383 1682.832171 1700.718555 1710.910636 1713.585832 1706.696755 1693.680726 1684.763660 1678.367530 1668.872488 1662.028577 1660.957429 1661.689338 1668.614981 1670.574067 1661.357854 1648.442270 1632.575138 1618.796777 1608.448278 1605.672179 1607.012846 1606.953508 1603.270683 1596.315779 1585.632763 1572.887020 1560.845116 1553.017969 1547.067587 1539.605677 1529.048462 1517.305643 1504.047450
-9999.0 -9999.0 98.640019 210.249266 320.140637 444.744556 563.167992 709.921531 863.004132 1047.160385 1166.839602 1295.797422 1368.404013 1415.779569 1467.499904 1523.396023 1543.923677 1564.412684 1549.380632 1554.479889 1561.493367 1567.838444 1577.754533 1589.524803 1602.934920 1613.102902 1620.952249 1619.102989 1610.294646 1593.457553 1573.419514 1558.003772 1549.124773 1542.082550 1550.990544 1561.874875 1558.638756 1551.781254 1539.810628 1524.247162 1511.413740 1497.915520 1494.195126 1494.431031 1494.372543 1491.319140 1486.655009 1473.715972 1460.608225 1448.427672 1442.424949 1435.726560 1429.674757 1418.229769 1405.980187 1392.536330
-9999.0 -9999.0 14.575812 124.087223 240.157720 364.835050 467.383942 547.973504 702.900044 821.628435 927.287152 1026.094431 1108.723911 1172.718711 1217.895114 1279.410832 1320.712088 1337.547800 1357.686643 1387.225687 1413.097441 1440.713015 1459.070288 1471.940522 1485.951568 1499.226413 1507.943341 1496.586047 1485.931472 1469.640905 1448.672456 1425.697214 1413.553519 1409.637205 1411.500878 1416.196777 1410.233501 1400.523447 1386.183920 1370.621073 1357.699887 1346.433350 1342.294024 1338.808267 1337.294848 1334.217885 1330.846962 1322.183486 1310.758205 1302.780306 1294.071361 1287.597651 1283.948336 1276.676222 1266.944217 1260.094357
