tests/Borden05m/data_simulated/sim_1/output-maps/psiliqL0008N0012.asc
ncols         160
nrows         34
xllcorner     620200.000000
yllcorner     5168000.000000
cellsize      0.500000
NODATA_value  -9999.0
[rows 0 to 24 of 34, columns 57 to 113 of 160]
-9999.0 -9999.0 -9999.0 -9999.0 -9999.0 -9999.0 -9999.0 -9999.0 -9999.0 -9999.0 -9999.0 -9999.0 -9999.0 -9999.0 -9999.0 -9999.0 -9999.0 -9999.0 -9999.0 -9999.0 -9999.0 -9999.0 -9999.0 -9999.0 -9999.0 -9999.0 -9999.0 -9999.0 -9999.0 -9999.0 -9999.0 -9999.0 -9999.0 -9999.0 -9999.0 -9999.0 -9999.0 -9999.0 -9999.0 -9999.0 -9999.0 -9999.0 -9999.0 -9999.0 -9999.0 -9999.0 -9999.0 -9999.0 -9999.0 -9999.0 -9999.0 -9999.0 -9999.0 -9999.0 -9999.0 -9999.0 -9999.0
-9999.0 -9999.0 -189.762933 -195.391304 -200.908343 -206.102702 -215.381513 -224.788533 -233.607427 -237.683371 -238.657981 -239.573100 -239.996151 -234.678732 -226.726956 -219.083673 -211.815294 -209.429241 -206.980389 -204.625983 -204.087213 -205.410414 -208.707833 -212.047447 -215.511111 -217.008987 -225.465356 -237.049927 -246.123371 -248.926500 -244.382151 -239.808211 -237.229034 -231.005091 -219.952740 -208.845596 -200.080085 -188.172053 -182.575366 -177.319915 -174.010710 -178.014477 -181.540702 -185.189817 -189.848486 -200.887273 -9999.0 -9999.0 -9999.0 -9999.0 -9999.0 -9999.0 -9999.0 -9999.0 -9999.0 -9999.0 -9999.0
-207.649750 -204.362007 -215.228064 -220.122209 -223.570431 -225.917647 -231.236651 -240.204538 -245.753535 -251.333326 -253.059907 -253.130914 -253.117958 -248.917312 -239.039572 -231.031072 -226.219129 -223.788820 -221.305994 -221.143990 -221.622855 -222.032773 -224.974262 -228.443653 -231.896285 -233.724336 -233.762043 -241.443542 -246.796617 -250.062902 -251.216631 -248.750984 -246.424924 -243.412516 -233.628787 -225.154902 -216.659698 -202.371950 -189.936053 -184.620469 -186.946908 -191.971375 -195.653783 -202.001042 -211.759101 -222.250564 -232.812034 -240.074038 -245.457982 -250.611773 -244.447990 -238.007721 -227.593704 -217.236305 -205.049631 -192.779456 -9999.0
-223.823203 -221.013239 -232.037712 -240.663909 -245.135883 -245.234052 -243.239680 -247.113547 -251.917127 -256.020487 -248.276788 -247.053084 -245.892602 -242.695565 -239.261262 -237.055845 -234.267692 -228.918466 -219.897095 -217.234312 -216.712636 -216.592145 -218.435380 -221.582066 -223.401284 -226.214224 -231.449003 -232.324918 -231.829678 -231.698513 -226.363928 -224.855988 -223.580441 -230.710498 -227.369156 -220.977249 -213.925605 -206.688190 -199.459641 -194.607497 -197.679161 -198.999125 -207.376958 -221.279578 -232.896889 -241.728600 -244.385298 -247.540776 -255.190780 -267.283545 -260.386446 -244.787217 -240.031999 -236.200715 -224.106591 -211.683398 -201.385659
-239.103646 -236.162945 -241.400455 -240.661109 -239.393506 -238.041969 -239.782980 -242.850628 -244.139937 -230.983318 -221.265083 -219.467895 -216.501842 -213.141031 -214.560522 -227.156048 -229.896563 -221.208449 -210.516272 -204.422439 -204.192211 -204.165662 -205.603747 -206.645269 -207.218087 -209.688222 -208.476701 -205.687987 -204.710679 -199.337199 -193.522993 -190.776602 -199.691263 -209.203519 -208.868350 -201.193575 -193.158081 -185.571486 -174.261563 -162.285858 -163.660891 -169.711931 -179.024525 -193.230956 -217.218381 -237.535717 -248.205310 -254.806693 -261.755291 -262.677403 -264.822522 -254.309149 -252.480150 -250.735761 -242.013743 -231.594636 -221.409455
-224.720076 -216.273696 -222.518483 -228.510103 -232.265796 -231.803052 -231.482017 -227.702444 -213.882038 -199.304811 -183.378018 -180.275722 -177.432240 -177.641727 -187.716153 -198.411032 -202.952644 -187.492040 -171.235986 -162.502944 -161.165580 -160.154814 -151.529435 -153.604931 -156.478482 -162.174355 -159.494637 -156.104526 -143.915301 -135.942317 -128.979187 -130.949166 -143.110704 -154.562188 -156.916618 -155.296433 -153.428674 -147.435448 -136.540782 -125.971505 -131.078763 -139.393602 -151.076815 -181.649328 -211.120625 -229.111067 -228.770759 -228.579378 -233.395186 -236.769849 -240.736455 -248.633169 -249.173988 -249.814289 -250.355929 -238.328753 -226.088085
-175.687942 -158.776410 -164.694031 -173.576150 -185.036994 -184.666441 -180.751832 -171.729411 -157.235547 -136.944731 -110.759812 -105.488594 -100.475501 -95.860439 -106.898148 -119.711323 -132.103438 -115.989539 -105.454290 -95.227766 -90.666381 -77.735897 -66.470066 -71.469819 -80.607645 -90.291029 -83.194071 -67.949937 -51.432171 -44.114449 -40.205814 -39.754969 -50.323854 -56.649973 -60.436413 -60.911056 -65.434592 -62.576023 -50.685493 -34.450641 -34.896205 -48.061432 -74.032644 -113.329014 -151.707958 -176.494224 -173.600819 -180.930583 -187.786553 -192.966396 -208.093860 -220.436680 -221.305256 -231.341865 -238.000395 -226.755599 -220.821932
-122.814539 -102.970541 -105.885455 -117.265741 -129.799092 -129.350298 -120.161727 -109.442865 -88.180512 -60.052918 -30.071458 -13.921972 -4.091630 6.608033 -0.446508 -10.908142 -21.157341 -14.587849 -0.097523 14.760838 29.032038 44.584708 58.697492 51.900795 41.157621 38.083071 43.664781 63.715346 81.847728 89.092646 92.646090 97.724817 90.383639 80.810674 70.162729 60.314223 51.463173 45.968942 62.920698 79.078844 75.732213 47.193849 16.986638 -23.931577 -67.146841 -106.282251 -114.344215 -117.641691 -121.221673 -139.002698 -156.814876 -177.736213 -190.435850 -200.716246 -216.873950 -212.857421 -207.394021
-9.606266 14.756273 21.617274 7.222214 2.534743 8.700795 22.202560 30.620054 48.378817 82.914097 126.309979 157.650305 182.892927 188.388485 179.371075 169.121146 153.981830 148.288850 163.612534 177.543089 190.540029 202.656988 214.668563 221.541564 220.275818 220.246684 223.155500 228.200421 235.477203 242.350411 248.580254 255.006987 254.789109 245.374430 236.934472 226.997845 218.325827 215.409949 214.890255 222.187092 220.125465 197.234542 167.277440 130.333554 84.598872 44.027864 16.523620 13.937328 -4.300861 -27.123413 -54.245284 -95.710478 -118.552219 -138.415529 -171.231141 -177.509461 -167.425820
131.887282 153.349903 171.612118 171.963752 175.670416 180.092310 187.377949 193.536486 202.426532 235.458474 272.161755 304.617039 330.447796 340.125118 330.942723 321.044725 309.493549 299.940070 301.750616 315.117976 331.186398 346.385716 356.708239 360.197666 358.863637 359.247966 360.653124 363.709143 366.268606 371.098811 377.623985 387.470891 399.056731 395.072578 379.006595 366.367075 351.593388 345.112670 342.110190 337.677799 336.591219 332.178127 304.780958 276.301743 242.657763 209.146577 184.081559 162.088289 137.291825 108.777125 56.079604 7.488486 -33.716053 -68.394475 -102.803162 -111.232654 -86.834556
266.341540 293.413984 310.077394 316.057903 319.579427 323.588002 330.485869 336.574829 344.873992 364.671502 399.650339 436.343045 467.004907 473.390455 465.978856 455.988929 445.146804 436.250689 433.405542 438.810740 447.979674 461.287723 472.478657 482.353355 482.496686 483.473538 482.893392 484.845649 487.166240 488.394939 493.992577 503.787996 513.177940 514.639371 503.727757 488.370183 471.158421 461.521611 452.171118 444.609074 442.940631 442.560160 438.298619 415.783899 382.023237 339.685732 310.229199 286.364709 270.674194 252.799766 231.008052 185.720003 157.194400 118.471672 73.356903 39.458651 69.775757
379.837368 409.326424 429.642301 440.690031 444.314482 449.307894 457.290117 464.584320 475.668686 490.873233 510.955335 539.046299 568.217521 587.226615 585.104345 574.731285 559.751090 556.554645 555.878154 555.772273 561.592905 566.099361 579.894799 591.955123 596.922876 599.133272 595.508507 597.562885 600.504812 600.909535 601.226484 603.893483 609.412977 610.837660 606.270986 594.331596 576.362074 559.740708 546.471262 539.263673 534.985626 534.118769 531.830815 521.047531 494.854832 459.046080 424.334344 399.323781 381.004997 366.535598 355.399160 341.727648 324.834406 295.648217 253.524184 216.258936 205.611361
480.481273 504.967493 530.134228 548.926989 557.482373 567.230669 572.904298 583.107745 597.649995 612.208548 623.771691 640.431728 661.339951 672.881601 678.646538 679.671803 679.567109 681.493904 681.366627 670.211496 671.673877 672.584837 675.404052 679.598837 680.972456 681.687784 681.047885 681.928769 682.660218 682.924296 682.520482 681.202087 681.808586 681.707555 680.849241 677.322706 673.949438 657.847339 645.175923 637.038626 629.196021 620.477136 610.887609 601.164635 585.584118 557.491806 523.540495 493.106148 477.976028 469.494873 462.705009 456.966354 442.363368 421.419253 393.092722 357.349805 321.532714
581.335886 598.413611 623.578193 641.678156 653.054900 662.250931 667.291521 678.207228 689.266337 688.004020 689.552817 691.925535 694.234036 695.070946 695.174051 695.021073 692.749072 692.288720 690.434934 684.549360 674.971091 675.782945 676.760386 679.085900 682.738744 681.862030 683.125538 686.144693 684.626615 679.081585 675.417237 673.515278 673.385234 679.881343 682.678031 683.533015 683.394787 682.519694 681.835883 680.979749 680.298492 679.493286 678.207951 676.390599 666.782024 644.769989 614.626597 581.716412 561.956683 553.234684 552.747381 548.730265 541.864897 522.451583 494.765779 460.114577 423.645342
682.058785 686.818467 691.275425 694.050431 695.710191 697.987081 700.184651 700.275279 696.850229 693.003879 688.096609 686.498470 684.819045 682.195295 682.527106 680.361569 676.279393 672.495762 665.721721 653.547719 640.815429 637.779831 641.915869 646.807561 651.354506 655.057472 659.625911 661.452041 656.176178 647.634805 640.204185 637.697004 643.335913 648.165510 652.788241 653.768590 652.246682 650.606795 651.293838 649.899566 651.683570 659.355648 672.693173 680.111328 681.213053 680.767880 677.285645 670.871136 654.016134 634.115953 635.961921 631.117080 619.345375 597.675582 571.578279 542.042170 513.643853
691.539799 689.107136 683.058326 677.282127 676.501018 680.071004 686.449728 687.743818 680.836304 672.536413 664.901568 656.606885 652.998823 650.596361 649.092999 648.680417 643.041125 635.196758 619.001118 603.373222 589.643142 582.351193 580.759585 586.596242 596.618733 607.025826 614.875481 609.970310 600.516891 588.311272 579.198269 578.627736 580.786813 588.881963 601.223600 604.818982 605.147762 600.905999 598.019500 593.947052 594.888724 605.560237 622.523401 637.923930 651.292965 659.926561 667.576643 673.533597 678.835666 678.958306 679.093949 678.697961 675.437516 661.040685 640.834646 618.509478 594.111142
670.439768 664.522237 656.191028 649.147904 646.700258 648.631087 651.320781 648.361302 641.573920 631.017953 618.618489 604.828455 596.438693 595.398879 596.218414 596.027007 589.451675 574.946373 556.825291 541.293256 526.040054 521.311008 516.806702 514.480904 525.893298 542.987785 550.528087 538.903659 528.468504 513.703596 505.350337 502.128659 503.392693 512.247024 530.187947 547.022882 547.714973 539.046390 531.114022 527.857916 527.772611 537.583037 557.882728 578.412969 594.157180 606.186676 614.264058 623.263776 632.911009 644.365307 657.269871 668.689415 679.073648 681.150279 680.279708 677.495263 662.201348
638.913310 629.227023 618.185462 609.470381 603.742919 600.504928 597.702110 591.717184 584.783534 572.778872 559.824384 546.063367 531.218744 526.662425 523.364313 524.329911 512.796641 501.251661 481.634790 465.653550 449.918796 440.759641 435.261289 430.296569 437.151536 453.691146 463.558128 449.502789 439.020159 425.343555 418.445233 414.930455 416.081411 425.367583 447.268628 465.197553 471.223102 463.498129 457.864375 456.005099 456.674866 463.709344 480.462141 501.552057 522.717378 539.156801 549.748974 558.590153 569.493116 584.564007 600.103855 617.037927 634.988189 654.360508 669.093869 678.279886 683.302111
593.299347 582.034464 569.090255 556.677550 549.352177 549.029738 541.768945 535.206592 523.066144 481.063143 464.387987 446.481483 431.106604 425.038142 417.117870 410.998423 400.956653 393.322262 383.414085 367.829700 351.137195 336.292325 331.545736 327.639671 322.012442 329.959426 334.083054 334.196274 326.909206 319.968573 316.594638 313.999903 317.335760 330.116577 342.102414 352.885082 358.479375 355.298266 361.567023 368.271337 371.377817 387.495703 402.142957 420.500309 442.310196 465.402206 478.305665 488.230568 499.713650 515.956072 533.945332 553.203937 576.966156 602.622273 621.324225 633.613459 646.035748
541.357197 526.534186 512.759504 499.249026 486.248300 485.850585 481.466915 473.960782 438.735882 397.584585 366.709515 348.576899 327.340286 316.272943 305.538394 281.482198 266.746458 258.599665 260.507907 249.083970 231.447799 216.565975 208.685463 202.725245 191.415771 185.719110 189.985465 200.191101 194.559868 191.673754 194.635785 192.585511 190.157165 197.649804 212.010570 220.653356 230.182352 240.381870 246.312482 255.759666 281.622172 297.264795 313.215283 333.950399 356.289838 379.293981 398.849225 411.923868 426.397518 445.415645 462.736511 484.363491 508.863145 538.140282 558.966956 574.562702 587.589676
469.930719 453.696634 436.931947 418.220117 397.206136 393.839430 385.873292 370.199889 327.872967 287.631953 255.527348 231.845943 206.224910 187.447955 160.676270 125.833629 101.935041 102.881360 108.869592 104.582629 85.992103 68.903459 55.749267 40.892164 23.857688 12.784730 21.251777 30.805909 36.220670 38.785066 42.614796 44.129218 43.141253 41.270271 51.557841 62.769149 75.792485 88.769259 103.925831 137.854707 168.196256 189.683733 213.468658 236.706869 262.375845 288.565184 310.914441 327.481412 346.492435 366.258472 387.268505 408.699143 434.299258 464.080787 488.442958 504.451751 519.492488
391.876473 370.184525 345.829750 310.055583 294.203562 283.773956 271.502596 237.335829 194.339128 153.642095 120.701107 87.786087 56.249123 24.501722 -10.621794 -42.380368 -64.576873 -59.147844 -52.739782 -44.362766 -58.620839 -72.513113 -80.742176 -96.339062 -111.283915 -125.522355 -117.257349 -107.538578 -92.005736 -88.386461 -85.144159 -78.994543 -80.272243 -81.997283 -87.775065 -77.841974 -66.655221 -52.021409 -23.193388 6.364158 36.193174 63.249748 90.909953 122.027720 155.018759 186.651011 216.662110 239.519063 261.600020 285.341583 307.075948 327.122831 349.837936 376.981735 400.741682 420.360034 441.252811
295.447000 270.778791 234.966233 189.659821 154.585250 137.665254 97.896349 56.139071 8.971957 -18.888953 -43.838135 -71.682311 -96.932992 -120.881973 -149.748685 -174.790970 -199.047325 -195.462455 -183.459293 -170.071393 -178.095623 -183.286878 -187.160553 -199.254571 -213.250444 -226.939750 -223.186283 -208.345259 -191.626881 -184.968162 -178.697726 -171.254630 -171.184023 -177.408114 -185.498466 -179.517994 -165.664462 -149.127273 -126.231068 -101.850051 -77.546496 -54.374383 -28.037218 0.834126 31.706405 65.941045 102.024914 131.136236 163.789678 195.609532 220.401231 236.703999 255.094939 282.551975 303.462734 326.355018 349.475789
184.726575 153.598154 104.460455 50.878240 -0.266199 -41.378634 -78.341536 -113.731318 -137.249793 -159.207033 -179.957044 -200.284578 -222.136149 -242.832991 -263.125598 -285.415178 -305.326715 -300.230357 -286.836838 -274.345253 -272.634139 -275.800020 -279.003968 -287.075302 -300.687322 -312.468999 -304.401066 -288.903078 -273.630663 -263.905841 -257.302923 -251.012905 -253.757320 -261.877819 -268.821491 -260.993055 -245.620598 -230.346883 -212.057841 -189.918489 -167.485036 -144.781177 -120.653125 -95.860014 -67.967630 -38.228082 -6.978699 24.752928 56.461854 88.134904 107.975686 127.561186 144.732069 169.423505 194.017853 219.124481 246.126169
33.812904 -0.343823 -40.882189 -86.249468 -122.006886 -156.467465 -189.151390 -220.991984 -246.796794 -265.536150 -276.504867 -291.851248 -311.646976 -325.740669 -343.016136 -362.792336 -364.661309 -360.807793 -348.153015 -345.587134 -344.882054 -347.925613 -349.107389 -354.113070 -366.237957 -360.754410 -352.784277 -337.563662 -326.428140 -317.073776 -310.728896 -306.505580 -307.153445 -314.434406 -311.881026 -304.558597 -289.835045 -277.861190 -262.306683 -241.142794 -223.275062 -203.196064 -180.493176 -156.794164 -131.492003 -104.370354 -74.804163 -47.067599 -22.940781 -8.167318 7.648345 19.523643 20.348956 41.770478 64.856892 89.457300 122.979360
