tests/Borden05m/data_simulated/sim_1/output-maps/psiliqL0014N0009.asc
ncols         160
nrows         34
xllcorner     620200.000000
yllcorner     5168000.000000
cellsize      0.500000
NODATA_value  -9999.0
[rows 0 to 24 of 34, columns 0 to 55 of 160]
-9999.0 -9999.0 -9999.0 -9999.0 -9999.0 -9999.0 -9999.0 -9999.0 -9999.0 -9999.0 -9999.0 -9999.0 -9999.0 -9999.0 -9999.0 -9999.0 -9999.0 -9999.0 -9999.0 -9999.0 -9999.0 -9999.0 -9999.0 -9999.0 -9999.0 -9999.0 -9999.0 -9999.0 -9999.0 -9999.0 -9999.0 -9999.0 -9999.0 -9999.0 -9999.0 -9999.0 -9999.0 -9999.0 -9999.0 -9999.0 -9999.0 -9999.0 -9999.0 -9999.0 -9999.0 -9999.0 -9999.0 -9999.0 -9999.0 -9999.0 -9999.0 -9999.0 -9999.0 -9999.0 -9999.0 -9999.0
-9999.0 -9999.0 -9999.0 -9999.0 -9999.0 -9999.0 -9999.0 -9999.0 -9999.0 -9999.0 -9999.0 -9999.0 -9999.0 -9999.0 -9999.0 -9999.0 -9999.0 -9999.0 -9999.0 -9999.0 -9999.0 -9999.0 -9999.0 -9999.0 -9999.0 -9999.0 -9999.0 -9999.0 -9999.0 -9999.0 -9999.0 -9999.0 -9999.0 -9999.0 -9999.0 -9999.0 -9999.0 -9999.0 -9999.0 -9999.0 -9999.0 -9999.0 -9999.0 -9999.0 -9999.0 -9999.0 -9999.0 -9999.0 -9999.0 -9999.0 -9999.0 -9999.0 -9999.0 -9999.0 -9999.0 -9999.0
-9999.0 -9999.0 -9999.0 -9999.0 -9999.0 -9999.0 -9999.0 -9999.0 -9999.0 -9999.0 -9999.0 -9999.0 -9999.0 -9999.0 -9999.0 -9999.0 -9999.0 -9999.0 -9999.0 -9999.0 -9999.0 -9999.0 -9999.0 -9999.0 -9999.0 -9999.0 -9999.0 -9999.0 -9999.0 -9999.0 -9999.0 -9999.0 -9999.0 -9999.0 -9999.0 -9999.0 -9999.0 -9999.0 -9999.0 -9999.0 -9999.0 -9999.0 -9999.0 -9999.0 -9999.0 -9999.0 -9999.0 899.797809 882.614243 867.293983 865.054994 887.735358 911.414919 935.544064 956.454876 975.355923
-9999.0 -9999.0 -9999.0 -9999.0 -9999.0 -9999.0 -9999.0 -9999.0 -9999.0 -9999.0 -9999.0 -9999.0 -9999.0 -9999.0 -9999.0 -9999.0 -9999.0 -9999.0 -9999.0 -9999.0 -9999.0 -9999.0 -9999.0 -9999.0 -9999.0 -9999.0 -9999.0 -9999.0 -9999.0 -9999.0 -9999.0 -9999.0 -9999.0 -9999.0 -9999.0 -9999.0 -9999.0 -9999.0 -9999.0 -9999.0 947.120582 953.165198 954.461810 944.263522 933.282843 921.172418 901.280916 883.609318 869.055172 866.827110 869.780368 875.010993 897.787215 922.873112 942.939177 960.239228
-9999.0 -9999.0 -9999.0 -9999.0 -9999.0 -9999.0 -9999.0 -9999.0 -9999.0 -9999.0 -9999.0 -9999.0 -9999.0 -9999.0 -9999.0 -9999.0 -9999.0 -9999.0 -9999.0 -9999.0 -9999.0 -9999.0 -9999.0 -9999.0 -9999.0 -9999.0 -9999.0 -9999.0 -9999.0 -9999.0 -9999.0 -9999.0 -9999.0 -9999.0 853.646485 871.241256 889.609462 908.358368 925.433128 932.500622 938.493209 944.421307 940.542852 936.207694 925.138340 906.160664 886.920187 873.408455 871.642472 869.514039 874.128428 887.285344 904.476029 921.015098 942.360293 966.393882
-9999.0 -9999.0 -9999.0 -9999.0 -9999.0 -9999.0 -9999.0 -9999.0 -9999.0 -9999.0 -9999.0 -9999.0 -9999.0 -9999.0 -9999.0 -9999.0 -9999.0 -9999.0 -9999.0 -9999.0 -9999.0 -9999.0 -9999.0 -9999.0 -9999.0 -9999.0 -9999.0 -9999.0 856.686205 850.977571 846.250546 845.109500 844.169440 843.419628 850.519966 862.830963 881.161010 903.264802 916.652726 924.260946 931.269867 932.340480 927.628655 926.030128 926.747459 915.233152 903.876052 893.273268 883.074091 881.833031 891.785087 906.373024 923.081156 938.444178 954.397520 965.349294
-9999.0 -9999.0 -9999.0 -9999.0 -9999.0 -9999.0 -9999.0 -9999.0 -9999.0 -9999.0 -9999.0 -9999.0 -9999.0 -9999.0 -9999.0 -9999.0 -9999.0 -9999.0 -9999.0 -9999.0 -9999.0 -9999.0 -9999.0 826.003981 831.907504 838.688555 846.457070 847.678707 843.909978 838.633024 835.991668 834.907732 833.592671 838.499469 846.928249 860.899726 877.154191 899.532527 908.604814 915.085373 927.740642 930.999017 937.288845 941.813002 940.544484 938.053814 925.850555 916.869489 922.196849 928.420728 935.699283 944.214580 958.174786 974.058323 991.922777 1012.643314
-9999.0 -9999.0 -9999.0 -9999.0 -9999.0 -9999.0 -9999.0 -9999.0 -9999.0 -9999.0 -9999.0 -9999.0 -9999.0 -9999.0 -9999.0 -9999.0 -9999.0 -9999.0 -9999.0 800.509649 801.576539 802.987742 807.918534 808.922247 811.307932 818.595334 827.084581 829.830573 828.467431 827.470950 829.446973 832.639606 837.516503 849.304687 863.642349 878.383901 892.813500 914.311195 929.684256 943.849608 960.431678 960.389914 956.967074 955.710785 956.747095 957.466108 961.964899 965.137139 971.944554 977.109486 983.969411 993.928595 1006.129662 1025.073407 1045.646363 1066.173365
-9999.0 -9999.0 -9999.0 -9999.0 -9999.0 -9999.0 -9999.0 -9999.0 -9999.0 -9999.0 -9999.0 -9999.0 -9999.0 -9999.0 -9999.0 -9999.0 771.542374 773.534181 775.941488 781.518669 784.643611 788.910979 796.154344 797.717197 801.838931 809.369801 814.679232 823.944227 832.479939 840.313286 846.841699 850.123068 858.192954 868.478927 881.036936 896.989129 919.201594 943.064400 960.107307 977.731894 995.611948 997.012789 996.681331 998.530889 999.692227 1006.688028 1024.838943 1031.357591 1033.293891 1050.426223 1065.150137 1071.036209 1079.593978 1099.634504 1124.345790 1148.619023
-9999.0 -9999.0 -9999.0 -9999.0 -9999.0 -9999.0 -9999.0 -9999.0 -9999.0 -9999.0 -9999.0 -9999.0 -9999.0 724.941524 729.249549 739.021441 748.463070 751.226338 755.781176 762.126186 774.654075 778.646309 785.270457 793.267781 805.589973 814.702547 824.405481 836.814946 845.842984 853.734649 861.469226 867.848436 881.876260 897.916048 914.509072 935.609000 958.529801 980.048539 1001.540616 1018.397624 1033.178384 1036.207978 1036.192341 1039.460112 1048.021747 1066.103125 1085.961784 1096.219607 1115.627566 1139.743506 1154.241131 1166.972903 1176.777465 1191.422889 1213.960605 1249.556843
-9999.0 -9999.0 -9999.0 -9999.0 -9999.0 -9999.0 -9999.0 -9999.0 -9999.0 -9999.0 691.406966 693.912472 690.742573 690.793748 696.136023 708.521136 722.508430 729.427156 741.346351 762.629611 780.797806 784.787462 799.843518 810.589642 817.941942 829.121705 842.964684 856.539781 874.195696 887.593297 900.198654 920.783604 938.335229 956.003186 974.946044 996.409697 1017.547291 1047.410637 1075.843432 1090.238377 1114.066154 1126.639252 1125.208544 1126.598742 1136.715364 1154.106078 1176.967886 1202.202974 1225.643487 1252.473406 1271.257896 1286.864069 1298.953556 1312.850221 1330.250232 1366.811120
-9999.0 -9999.0 -9999.0 -9999.0 -9999.0 -9999.0 -9999.0 -9999.0 666.588986 674.073608 680.461319 677.761314 673.580293 670.050478 684.081406 700.294683 716.745489 734.746290 751.218641 769.902633 785.791402 802.693542 823.170393 835.639869 848.127967 864.306049 878.918105 897.114101 919.511777 933.596192 951.788312 974.583568 994.701109 1014.241206 1034.535099 1054.380769 1082.669580 1118.035333 1151.854771 1176.589924 1206.416865 1231.415802 1232.581869 1236.683704 1242.526786 1269.617068 1300.613389 1333.019015 1360.141161 1388.823687 1419.224434 1438.090584 1449.815488 1463.625815 1480.129564 1499.936504
-9999.0 -9999.0 -9999.0 -9999.0 -9999.0 -9999.0 639.234244 663.674299 678.959988 671.393125 661.983536 658.746284 655.159428 678.665738 701.032017 718.756882 736.202054 754.407239 771.593752 785.450338 820.062290 838.626430 854.009315 873.228737 888.864645 904.561604 923.198356 947.854206 971.176765 1002.609080 1030.423555 1056.405257 1084.562276 1106.240320 1127.016242 1147.375698 1180.759531 1220.200426 1258.928453 1289.939487 1319.297599 1351.931914 1361.101449 1368.367936 1376.771189 1398.634206 1431.207309 1462.734725 1497.586807 1530.428209 1557.600547 1570.075597 1581.170289 1593.325828 1607.622980 1620.654874
-9999.0 -9999.0 -9999.0 -9999.0 605.422620 626.529810 646.906634 677.943289 700.911233 696.351535 703.590460 704.317409 703.118274 707.448887 715.001564 733.747930 752.980182 772.522735 791.256796 827.316086 872.227213 889.057103 914.893740 948.270359 963.455246 980.176638 997.856922 1022.459897 1051.090400 1086.520756 1132.393331 1171.858792 1199.923304 1225.052337 1248.320299 1272.393791 1308.333308 1348.001063 1386.746765 1422.687085 1454.259800 1481.583924 1495.780913 1504.882704 1517.599039 1534.599640 1556.533362 1584.413623 1616.022410 1648.270989 1673.503043 1687.480278 1695.831436 1706.962030 1717.931451 1730.336380
-9999.0 -9999.0 -9999.0 556.088856 594.932113 632.936820 660.387751 691.778063 724.409616 729.880482 739.511880 745.370695 751.193627 760.623724 770.174019 788.054819 804.907613 821.446164 844.432878 882.302359 918.746152 950.446829 984.218532 1013.112129 1035.855719 1053.531534 1073.655601 1099.420907 1141.019784 1180.673546 1232.927479 1288.090869 1327.034710 1353.476788 1377.332003 1406.019710 1432.427116 1469.909614 1506.038710 1540.208852 1572.885746 1598.652173 1618.435557 1626.971490 1637.117338 1646.330719 1663.109276 1684.970624 1707.073684 1735.862493 1764.108175 1788.634655 1802.781906 1813.052559 1829.221495 1845.308867
-9999.0 -9999.0 508.840442 546.716885 581.187739 631.923502 685.313545 720.227208 761.839794 786.689029 794.523907 812.836595 830.106152 838.603613 855.386256 873.622822 891.894715 899.433540 917.106802 949.465811 1001.171117 1048.876736 1073.218239 1126.809821 1162.262386 1191.449568 1210.615042 1238.800665 1275.679972 1319.171198 1369.209843 1420.319575 1460.217121 1492.758076 1510.523941 1530.902235 1554.429857 1579.066865 1613.433680 1642.914153 1674.753362 1701.397349 1723.789740 1731.439461 1737.016101 1753.067746 1777.438298 1803.215272 1827.560690 1850.946701 1855.528910 1867.027832 1872.785589 1876.488890 1881.459746 1884.993623
-9999.0 -9999.0 482.291624 527.287027 568.169950 635.479135 715.387909 753.436948 797.404227 844.333696 864.497985 890.454111 904.793668 916.899837 941.853138 965.805344 978.673949 986.427508 987.652675 1044.647513 1104.877285 1158.790811 1210.129925 1278.753676 1325.976133 1344.248696 1358.126740 1379.951286 1405.825843 1449.944634 1498.226082 1551.092374 1595.105922 1626.629508 1643.571039 1662.346875 1682.996340 1701.093362 1720.391160 1759.457741 1786.816837 1812.807491 1839.859109 1860.433096 1869.199274 1873.115403 1863.854362 1873.618031 1880.528939 1884.057157 1885.774802 1883.201996 1883.216883 1884.474583 1885.901277 1881.225985
-9999.0 393.481529 445.762381 499.338287 568.846699 636.969603 721.316187 802.430610 860.036804 908.531963 939.734330 955.148830 995.780773 1040.968780 1069.025103 1097.833353 1102.233817 1108.415932 1100.636976 1150.197491 1202.374178 1279.800887 1390.899844 1449.108531 1494.703697 1499.155079 1496.290281 1510.143533 1534.816108 1578.266986 1644.355683 1690.981627 1743.168880 1782.843879 1798.320382 1805.735413 1823.611576 1843.623623 1833.294317 1855.292932 1866.085088 1875.338841 1878.676160 1881.413646 1883.460684 1884.628167 1882.398165 1876.930006 1869.935781 1864.995392 1861.453886 1857.320149 1859.985469 1863.370092 1864.186360 1857.314187
-9999.0 358.152216 417.877916 489.825018 561.510248 631.233707 736.736786 879.505290 934.338436 973.936343 1000.654930 1028.879955 1110.366317 1179.024442 1216.079374 1262.408405 1259.745220 1251.456947 1241.274891 1275.937171 1327.160675 1401.941443 1542.292991 1626.897137 1655.477889 1668.729388 1677.746269 1704.981663 1741.509438 1777.194347 1809.533777 1811.368950 1837.070934 1850.673809 1855.811349 1858.865371 1863.742400 1865.381097 1864.823706 1862.679059 1859.568020 1861.228490 1866.536966 1867.554005 1865.846870 1863.669177 1858.811608 1851.738858 1846.437504 1841.868245 1839.089936 1836.023051 1834.312335 1834.143481 1829.588372 1823.618132
-9999.0 329.084653 400.254240 464.449674 531.149478 647.795978 774.566630 910.930343 1005.780728 1047.071322 1077.202016 1152.213481 1255.631121 1353.076089 1406.955009 1435.190722 1440.558820 1423.668182 1430.099122 1475.615110 1540.293726 1629.838518 1718.477377 1794.031130 1809.207789 1815.292568 1798.529128 1813.030265 1826.416017 1830.561281 1833.812431 1838.821916 1845.915883 1850.625610 1851.421579 1850.605364 1847.846350 1841.666622 1838.151261 1836.082340 1833.728634 1834.300381 1837.810211 1839.710141 1837.788093 1834.382354 1830.080988 1824.373976 1818.013698 1811.083513 1806.785929 1802.437234 1799.898914 1794.656135 1789.796062 1783.166816
-9999.0 231.018943 319.026039 375.348792 493.262069 667.356063 795.113117 947.598269 1095.219972 1139.839661 1221.396285 1343.543013 1450.507600 1526.000196 1569.608625 1614.191417 1645.819602 1671.651601 1707.449019 1671.275960 1726.226418 1780.989217 1805.825906 1819.329088 1823.389263 1827.376702 1822.196730 1805.544427 1797.440031 1792.829351 1796.359409 1805.229724 1812.204959 1819.083542 1818.461379 1820.328079 1821.556364 1819.178552 1816.411218 1809.120534 1802.358183 1797.401594 1796.282857 1801.959348 1797.417703 1794.389647 1788.421454 1780.250357 1771.259464 1763.168812 1755.034865 1747.864826 1744.554803 1738.436265 1736.169160 1727.071119
-9999.0 150.061059 227.431364 319.175431 459.860922 625.155001 758.648898 928.764029 1137.966374 1257.580361 1383.809339 1458.669069 1534.685103 1598.784381 1663.732839 1712.076030 1739.286408 1751.681696 1744.494606 1755.988032 1726.556834 1721.799659 1740.929407 1768.976781 1784.260435 1790.533123 1784.352617 1775.683963 1770.184153 1770.468573 1770.330933 1769.837728 1769.052800 1767.795040 1765.588689 1768.339921 1773.616830 1768.360889 1760.629331 1753.207422 1746.498771 1738.857095 1733.894656 1730.840562 1729.823049 1729.503441 1721.866482 1711.196104 1700.159331 1691.367839 1683.058082 1676.801003 1673.541737 1667.848319 1659.138037 1645.952669
-9999.0 52.938479 173.685896 269.457287 393.996210 532.638625 662.342411 829.426279 983.055843 1205.461709 1368.406362 1474.041722 1518.372241 1578.882280 1641.049407 1709.491909 1717.378643 1691.854830 1662.683111 1650.060435 1656.830357 1667.893059 1682.522306 1703.480605 1722.368816 1733.459930 1736.903714 1730.631047 1718.050489 1709.379972 1703.084928 1693.647562 1686.923810 1686.093913 1687.217132 1694.698189 1697.363952 1688.923134 1676.727083 1661.448102 1648.135484 1638.156373 1635.654272 1637.159997 1637.143396 1633.387180 1626.244677 1615.260539 1602.117019 1589.647216 1581.437298 1575.196284 1567.536067 1556.842424 1544.961240 1531.466269
-9999.0 -9999.0 99.132240 210.892820 321.030229 445.981714 564.905242 712.407145 866.621923 1052.473859 1174.251611 1305.283651 1379.608990 1428.362309 1481.150690 1537.751344 1558.736074 1579.635858 1565.105263 1570.876096 1578.767314 1586.192648 1597.302102 1610.228241 1624.662239 1635.687289 1644.222498 1642.872441 1634.340694 1617.539137 1597.348134 1581.732212 1572.754030 1565.776009 1574.922592 1586.210923 1583.524842 1577.303812 1565.968766 1550.967166 1538.595601 1525.450054 1521.964195 1522.303180 1522.200639 1518.941885 1513.895979 1500.399051 1486.612570 1473.737173 1467.131298 1459.970565 1453.591958 1441.906637 1429.424401 1415.639143
-9999.0 -9999.0 15.010444 124.670167 240.961365 365.944508 468.916415 550.104738 705.914608 825.851009 933.012358 1033.406336 1117.517128 1182.916111 1229.355216 1291.805344 1333.737101 1351.073887 1371.737647 1401.942085 1428.748711 1457.588774 1477.301615 1491.421903 1506.457219 1520.523783 1529.824207 1518.833308 1508.281268 1491.791234 1470.370580 1446.886851 1434.396458 1430.361351 1432.313359 1437.267052 1431.695870 1422.467894 1408.639969 1393.555040 1381.033765 1370.062364 1366.099391 1362.659793 1361.045183 1357.695640 1353.852987 1344.514341 1332.274407 1323.473302 1314.045427 1307.014281 1302.963544 1295.387740 1285.372720 1278.164201
