tests/Borden05m/data_simulated/sim_1/output-maps/psiliqL0018N0018.asc
ncols         160
nrows         34
xllcorner     620200.000000
yllcorner     5168000.000000
cellsize      0.500000
NODATA_value  -9999.0
[rows 0 to 24 of 34, columns 55 to 109 of 160]
-9999.0 -9999.0 -9999.0 -9999.0 -9999.0 -9999.0 -9999.0 -9999.0 -9999.0 -9999.0 -9999.0 -9999.0 -9999.0 -9999.0 -9999.0 -9999.0 -9999.0 -9999.0 -9999.0 -9999.0 -9999.0 -9999.0 -9999.0 -9999.0 -9999.0 -9999.0 -9999.0 -9999.0 -9999.0 -9999.0 -9999.0 -9999.0 -9999.0 -9999.0 -9999.0 -9999.0 -9999.0 -9999.0 -9999.0 -9999.0 -9999.0 -9999.0 -9999.0 -9999.0 -9999.0 -9999.0 -9999.0 -9999.0 -9999.0 -9999.0 -9999.0 -9999.0 -9999.0 -9999.0 -9999.0
-9999.0 -9999.0 -9999.0 -9999.0 1833.707946 1828.450466 1823.684172 1819.313226 1810.992678 1802.198813 1794.481590 1790.905632 1790.370625 1790.029478 1789.999597 1795.527278 1803.948636 1811.938753 1819.304086 1821.988768 1824.646832 1826.978602 1827.598566 1826.626358 1823.611095 1820.508763 1817.287893 1815.844530 1808.167282 1796.988993 1788.447177 1785.751643 1790.067064 1794.437304 1796.836001 1802.295594 1812.704010 1823.169298 1831.379307 1843.127328 1848.969354 1853.703533 1856.021584 1851.442682 1847.486569 1843.144704 1837.265808 1825.975277 -9999.0 -9999.0 -9999.0 -9999.0 -9999.0 -9999.0 -9999.0
1778.396176 1797.509480 1818.208465 1821.627147 1810.164239 1805.376068 1802.460716 1800.945245 1796.746312 1788.609343 1783.876871 1778.923886 1777.236216 1777.744354 1778.199638 1782.578115 1793.375197 1801.648635 1806.662770 1809.514360 1812.469914 1811.925915 1811.528632 1811.456699 1808.765142 1805.496510 1802.267822 1800.584890 1801.520096 1794.019148 1788.399127 1784.820216 1782.642994 1785.190310 1787.612621 1791.337810 1800.522702 1808.342562 1816.121958 1830.378636 1842.660595 1847.597965 1844.552624 1839.156991 1834.785575 1827.286930 1816.520275 1805.992237 1796.780851 1789.687474 1783.623256 1776.964909 1782.410538 1788.787721 1797.770236
1763.202212 1782.852297 1803.496593 1806.574310 1796.298736 1788.570185 1783.243439 1784.002096 1787.392042 1784.478152 1780.279850 1774.717928 1784.284586 1785.938055 1787.377071 1791.072158 1794.118337 1798.385683 1801.341244 1806.980952 1816.215387 1819.196594 1819.906346 1820.206176 1818.492850 1815.480894 1813.755762 1811.111025 1805.990215 1804.700256 1804.781779 1804.135028 1808.726482 1810.168069 1812.264207 1805.929984 1809.650444 1815.650195 1822.260425 1828.062014 1834.116655 1837.044823 1833.208807 1832.274161 1823.241501 1808.845944 1797.612351 1788.976354 1787.375456 1783.636100 1775.031956 1761.165464 1767.932548 1782.897561 1786.806215
1769.589737 1779.209262 1790.996329 1794.262300 1789.695106 1791.813716 1793.951585 1795.828884 1794.664058 1791.994321 1789.625393 1801.832866 1811.307662 1813.440133 1816.650140 1820.865987 1821.260073 1810.175677 1808.264354 1816.443549 1826.757429 1832.517434 1832.926313 1832.920502 1830.401322 1829.475466 1829.285651 1827.358730 1827.709719 1829.852238 1828.919338 1832.883115 1838.424187 1841.428230 1834.533230 1825.573035 1826.793172 1834.616478 1842.900555 1849.998560 1860.026360 1870.600281 1869.450025 1863.561009 1853.998728 1840.085660 1816.251230 1796.742574 1785.057921 1776.754797 1768.659662 1768.904517 1764.317326 1775.659101 1776.506671
1765.160869 1784.200201 1805.515282 1813.192587 1807.822714 1803.847255 1802.251090 1803.534170 1803.851242 1806.459409 1818.022329 1831.540684 1845.292417 1848.270154 1851.023822 1850.729760 1842.706437 1832.883046 1829.918944 1844.397456 1861.057846 1869.392596 1869.799257 1867.879078 1873.449030 1872.774456 1872.018647 1867.840016 1869.469518 1869.524964 1877.727427 1885.344571 1892.699529 1890.989276 1878.750291 1866.858247 1865.715176 1869.289124 1873.693504 1880.062975 1889.791227 1898.703223 1893.076543 1885.967475 1876.183752 1847.911849 1821.640653 1804.901383 1804.196199 1803.597797 1797.877563 1794.128637 1790.755810 1783.879126 1782.680350
1809.724837 1830.877646 1851.626964 1866.985173 1861.763931 1854.616517 1845.796643 1846.888131 1849.553898 1857.386490 1869.945932 1886.122072 1909.711450 1911.777029 1914.399437 1916.071474 1904.769297 1892.636967 1882.374576 1902.066653 1912.842726 1921.119845 1921.402275 1929.579636 1939.077261 1935.030910 1927.823786 1917.044332 1923.165133 1932.995666 1948.068048 1955.225586 1959.521057 1956.943958 1944.723224 1938.468897 1937.920408 1941.439886 1940.056138 1945.704583 1954.867188 1969.217330 1967.698047 1960.085065 1937.789670 1900.057418 1866.744990 1848.309873 1855.012686 1847.515054 1839.731892 1836.233348 1822.282594 1811.696174 1811.563050
1856.774067 1873.759139 1891.980272 1910.243728 1904.667662 1894.998608 1881.295906 1880.535115 1887.454923 1898.177285 1917.143543 1938.610205 1961.375763 1966.513941 1966.503511 1976.548654 1970.479963 1961.118838 1953.605144 1968.820189 1980.350783 1991.654184 2000.017052 2012.761400 2023.917377 2011.888787 1998.182350 1991.208504 1997.139897 2018.954011 2038.008705 2042.925398 2043.280517 2044.660290 2033.240257 2027.171967 2021.564913 2018.213891 2013.285257 2009.625200 2029.839053 2047.471632 2045.627848 2022.338341 1998.081020 1959.925709 1921.462846 1891.404701 1894.893750 1890.879300 1890.350441 1876.134707 1861.007902 1846.938737 1838.882606
1928.036990 1954.941612 1974.668633 1996.647024 1994.549734 1976.351630 1966.257438 1970.875880 1984.411892 1992.441663 2009.396657 2031.237751 2060.954030 2079.137943 2095.654660 2100.392162 2092.966673 2084.650069 2072.410518 2073.437393 2093.211568 2105.333664 2115.270829 2125.189168 2137.685097 2141.330533 2137.239808 2136.346297 2140.017929 2149.413435 2160.317234 2166.945648 2171.334044 2175.559270 2168.217964 2156.951372 2152.093282 2144.399316 2139.414525 2137.112361 2142.426400 2156.308359 2153.110948 2122.516922 2094.874616 2060.974139 2022.855209 1991.618421 1977.612587 1987.432161 1978.707047 1960.260065 1943.185461 1910.759676 1897.574353
2016.522382 2051.630737 2078.600449 2092.390532 2104.194647 2096.453129 2097.408507 2102.117744 2110.391806 2115.257140 2123.072091 2155.764691 2190.342587 2218.204872 2242.159914 2250.683708 2240.149943 2230.865723 2218.774979 2209.941853 2216.875530 2232.438054 2249.485428 2264.819135 2276.028497 2279.068251 2277.726210 2277.989281 2280.483283 2283.441059 2286.894806 2293.850370 2301.241473 2310.914883 2320.662693 2312.856162 2295.580498 2284.158684 2271.936052 2268.113123 2267.183145 2266.942882 2266.565769 2254.715563 2218.657441 2188.305927 2155.687255 2129.739186 2110.896886 2101.235291 2081.100282 2056.967460 2008.262922 1968.468639 1934.282897
2120.759230 2163.112296 2193.736316 2215.709307 2230.598498 2231.954877 2234.862094 2237.589891 2243.306577 2248.064778 2254.069810 2278.675812 2318.214512 2356.473025 2387.044770 2389.838990 2379.241293 2368.900808 2359.348302 2347.517764 2344.097195 2353.805733 2366.536792 2384.113790 2395.012480 2403.110673 2401.204958 2401.565199 2402.708387 2404.743546 2406.656053 2409.279275 2417.319341 2430.400988 2442.745172 2442.794626 2427.010779 2409.549947 2392.482913 2386.757553 2381.663809 2375.637750 2375.948346 2376.317675 2364.802748 2336.475756 2298.137482 2255.811814 2232.380529 2212.596754 2199.194017 2181.764300 2149.358260 2091.354369 2056.679052
2246.365835 2277.213430 2307.557903 2338.664866 2356.478107 2362.738088 2362.750703 2364.224265 2372.152642 2377.676947 2386.552127 2403.435892 2430.913585 2462.664490 2490.763615 2507.539051 2502.541977 2488.179337 2469.247681 2462.326486 2460.429024 2463.015970 2470.626340 2480.393980 2497.241530 2514.385031 2520.374319 2521.186232 2518.296229 2520.988198 2522.463929 2522.636443 2524.462425 2530.660842 2538.673762 2541.275616 2534.848673 2516.010627 2494.218277 2480.755660 2472.578735 2468.017311 2466.647126 2468.795903 2469.049700 2455.261179 2423.096962 2382.020475 2349.368340 2329.235595 2313.284546 2297.892484 2284.957545 2259.088913 2238.925039
2363.704757 2379.066178 2406.479248 2434.579236 2458.566209 2474.885941 2478.125470 2483.394151 2488.860800 2498.236848 2514.134831 2535.873246 2552.408393 2571.872391 2595.421286 2609.618635 2615.259537 2614.854383 2612.454800 2613.870319 2613.910604 2572.594818 2576.663122 2580.693139 2591.690590 2602.571201 2606.421521 2606.797176 2605.037647 2606.569595 2607.205811 2607.340227 2607.045011 2607.985112 2611.229869 2612.312599 2610.409868 2600.909856 2609.805200 2591.393550 2578.626330 2570.572807 2562.345345 2553.552481 2543.557401 2533.069928 2514.048345 2484.948376 2450.786229 2425.382200 2414.345679 2406.628463 2397.949700 2391.126537 2374.082871
2470.395669 2482.376021 2499.836998 2521.650500 2552.680215 2574.024944 2585.349197 2594.643204 2599.819856 2613.047773 2627.971131 2618.903933 2624.777571 2630.698001 2636.482948 2638.480527 2638.983751 2638.547259 2635.970017 2635.042195 2632.612239 2628.009287 2617.729405 2618.841467 2620.160515 2622.423161 2625.831400 2624.465520 2625.375416 2628.320024 2626.802170 2621.222678 2617.546652 2616.025966 2616.692340 2623.829158 2626.953308 2627.630585 2625.520441 2624.636204 2623.897422 2621.601352 2618.742942 2614.679440 2609.374475 2616.947334 2605.528743 2579.957253 2543.616333 2505.298189 2493.263329 2490.590048 2489.707204 2486.269017 2479.292242
2590.886314 2604.069565 2618.230327 2608.002122 2623.477979 2631.579308 2635.550444 2639.031793 2641.771171 2643.813003 2640.732190 2637.470340 2632.628449 2631.070575 2629.518657 2626.817782 2627.054926 2624.651313 2620.112761 2615.718882 2607.956099 2596.255487 2584.398606 2580.885584 2584.848181 2589.682903 2594.009697 2597.471308 2600.801299 2601.418286 2596.488438 2588.607576 2581.547842 2579.864914 2586.520162 2592.165593 2597.943411 2598.772883 2597.551020 2595.597534 2595.937876 2593.560757 2594.357984 2601.394413 2615.407776 2620.058689 2623.912884 2623.136333 2611.737628 2591.185749 2591.066823 2571.007419 2574.852752 2569.533614 2557.395039
2632.602477 2634.892080 2634.151030 2632.885670 2626.985306 2621.215861 2620.484053 2624.302386 2630.986117 2631.879624 2624.530340 2615.701459 2608.160628 2600.616438 2597.817054 2596.201427 2595.013263 2594.498244 2588.401704 2579.101659 2562.168513 2549.785206 2537.908537 2531.263843 2528.012053 2531.843987 2541.761244 2552.018436 2556.600441 2548.852358 2541.136335 2530.265052 2522.462939 2522.968762 2524.880387 2534.172688 2549.351138 2555.360520 2556.464258 2551.363785 2546.732904 2541.333444 2539.725735 2547.143649 2562.844648 2579.308762 2594.165235 2603.029156 2610.668357 2617.404210 2618.890065 2620.646658 2621.450267 2619.700497 2619.756011
2627.380710 2620.681836 2613.866901 2608.540592 2601.743641 2595.858209 2593.674665 2595.362947 2597.268057 2592.961892 2585.607003 2574.562380 2562.771568 2552.239466 2544.587022 2544.495331 2545.720712 2545.937430 2538.223601 2522.454768 2503.562916 2489.265158 2474.656635 2469.989815 2464.128013 2458.020933 2467.898335 2485.600220 2492.035414 2477.555378 2467.435973 2453.127401 2446.378509 2443.184879 2444.648877 2454.062756 2475.161396 2496.735135 2498.898888 2489.533859 2480.464765 2476.830956 2475.157588 2481.921796 2500.381318 2521.951267 2538.191701 2548.951955 2555.254858 2563.896992 2573.936244 2587.557372 2601.717805 2613.446351 2620.405458
2601.135367 2592.953118 2584.781362 2576.616381 2568.971424 2561.928370 2556.862819 2553.963792 2549.880434 2542.888119 2534.696137 2516.019087 2502.645267 2489.289448 2474.150446 2469.497268 2464.739867 2465.121931 2452.940816 2442.857124 2424.662116 2408.575944 2392.195879 2379.866072 2373.525185 2366.862367 2368.087489 2382.250313 2390.761924 2379.153660 2369.267317 2357.649311 2352.486572 2349.465506 2351.919296 2362.571946 2383.886405 2402.843930 2411.078838 2404.342064 2401.991175 2402.016514 2402.042128 2409.252374 2423.214641 2443.171366 2465.747053 2484.162429 2494.928461 2503.443710 2514.262945 2530.049797 2544.963636 2559.753448 2577.728584
2565.863119 2555.841399 2545.214102 2534.802548 2523.377210 2511.355590 2504.027858 2504.788494 2497.371530 2490.189679 2470.545448 2419.673312 2399.232565 2379.864592 2363.197227 2356.012010 2347.168890 2334.665422 2324.871335 2318.398330 2314.828934 2299.295262 2280.942234 2263.523177 2257.952273 2253.630221 2240.607353 2240.865273 2242.647186 2252.088714 2245.447212 2241.887761 2241.803524 2239.662269 2242.351326 2255.961744 2266.415025 2275.031600 2282.192740 2284.485959 2294.049940 2302.571179 2310.713350 2328.359444 2341.903731 2359.700139 2381.926730 2407.828250 2423.491081 2434.430006 2446.461027 2463.118505 2480.728070 2499.375033 2522.741491
2524.241434 2507.789055 2492.808895 2477.778016 2464.181597 2450.651572 2435.393480 2435.534622 2431.437101 2420.915114 2372.407600 2329.735301 2295.400188 2276.661965 2253.005103 2239.699212 2225.222004 2192.661799 2176.255754 2172.113456 2180.974562 2173.676894 2157.147283 2143.756625 2134.705350 2126.501181 2111.186286 2097.625884 2102.807832 2117.807953 2115.958950 2116.798795 2122.856087 2121.992819 2117.453157 2119.584948 2133.318933 2140.775709 2151.893402 2166.990922 2172.569147 2186.136305 2216.923240 2231.536817 2248.016400 2268.747692 2291.459908 2315.747003 2338.716569 2353.957981 2370.408888 2390.633902 2408.916667 2430.872064 2455.200640
2466.749183 2437.145139 2416.246659 2398.390350 2379.174713 2354.696639 2333.408833 2329.910857 2322.089808 2297.156521 2246.901379 2207.869690 2180.352275 2157.664928 2133.384879 2111.579186 2078.981586 2045.539988 2024.152429 2033.832549 2042.423629 2047.871026 2034.891628 2022.888113 2012.813599 1996.905069 1980.772827 1966.875761 1976.473272 1985.004293 1998.357822 2003.579568 2007.575965 2011.946952 2011.006047 2004.021020 2004.839790 2013.801899 2024.527474 2036.458190 2054.587034 2087.790675 2113.475864 2132.366070 2154.250736 2175.242568 2198.872067 2223.848315 2247.579721 2265.795553 2285.940571 2306.869635 2329.546676 2351.290485 2376.849199
2384.310322 2355.824073 2328.645738 2304.890788 2274.758138 2231.651745 2215.993007 2206.166962 2188.222267 2146.066741 2103.493714 2074.720416 2055.592715 2031.229568 2008.374991 1980.120125 1947.385687 1922.999526 1902.438127 1910.488632 1918.639769 1933.729069 1923.148646 1913.913802 1909.094130 1893.945136 1880.276103 1864.861246 1871.751811 1882.683515 1902.841002 1907.967077 1911.913940 1920.251151 1919.652073 1916.556439 1904.047178 1912.286365 1923.450994 1938.255164 1968.119449 1992.622879 2016.850181 2039.435613 2060.593882 2084.110409 2108.722533 2133.843402 2161.337047 2182.458782 2203.120114 2226.284905 2247.820958 2266.167807 2286.855974
2271.328864 2245.940265 2224.217839 2199.414165 2159.527009 2115.347534 2077.506284 2055.858777 2010.772551 1976.134547 1947.934753 1938.059151 1922.323642 1900.583140 1879.899251 1859.173388 1834.898458 1813.874819 1789.132940 1793.349383 1807.054492 1822.170997 1819.608202 1818.038643 1815.555748 1805.174571 1791.568223 1777.952522 1781.592030 1797.661222 1815.076999 1823.875608 1831.196965 1839.065616 1839.290874 1831.524805 1822.774271 1828.482054 1843.713699 1860.521934 1880.606984 1902.979424 1925.359156 1946.934672 1970.720562 1995.124837 2019.921351 2046.686644 2075.104816 2097.439645 2122.668297 2148.739746 2168.557486 2180.948242 2193.867158
2162.029405 2140.611313 2116.370977 2088.959702 2047.459947 2006.334038 1964.390080 1921.197377 1887.750651 1857.447978 1844.729304 1827.291715 1811.380767 1794.742370 1773.844013 1755.661200 1738.568209 1716.704618 1702.438277 1708.399755 1721.339932 1730.788825 1735.298364 1732.587096 1729.773267 1723.099631 1709.259955 1702.045670 1711.232494 1726.496785 1740.827362 1751.775263 1758.736075 1764.554745 1761.962413 1753.629555 1749.591825 1758.147887 1774.127006 1788.906434 1805.642697 1827.408863 1849.004064 1871.607941 1895.269124 1918.792790 1944.765106 1971.543621 1999.008815 2026.879129 2051.407868 2073.513931 2085.339360 2097.578818 2103.158170
2032.832170 2018.180660 1992.324470 1963.930189 1932.526145 1896.437161 1868.571205 1836.545081 1805.738570 1775.730695 1749.873729 1734.830747 1726.486310 1712.411360 1694.094456 1681.529567 1665.110442 1651.021393 1653.644380 1655.479957 1664.876988 1664.387139 1664.982948 1662.137130 1661.174566 1657.796572 1649.313665 1658.604533 1665.611705 1679.638170 1690.087378 1699.734177 1705.880203 1709.904838 1710.618930 1705.560079 1710.524719 1717.515965 1732.059986 1744.058520 1758.923863 1779.904140 1797.799246 1817.828070 1840.921334 1864.849084 1889.907384 1916.691309 1945.669012 1971.679557 1991.905921 2001.709220 2013.367818 2018.866979 2012.498913
