tests/Borden05m/data_simulated/sim_1/output-maps/psiliqL0023N0016.asc
ncols         160
nrows         34
xllcorner     620200.000000
yllcorner     5168000.000000
cellsize      0.500000
NODATA_value  -9999.0
[rows 0 to 24 of 34, columns 55 to 109 of 160]
-9999.0 -9999.0 -9999.0 -9999.0 -9999.0 -9999.0 -9999.0 -9999.0 -9999.0 -9999.0 -9999.0 -9999.0 -9999.0 -9999.0 -9999.0 -9999.0 -9999.0 -9999.0 -9999.0 -9999.0 -9999.0 -9999.0 -9999.0 -9999.0 -9999.0 -9999.0 -9999.0 -9999.0 -9999.0 -9999.0 -9999.0 -9999.0 -9999.0 -9999.0 -9999.0 -9999.0 -9999.0 -9999.0 -9999.0 -9999.0 -9999.0 -9999.0 -9999.0 -9999.0 -9999.0 -9999.0 -9999.0 -9999.0 -9999.0 -9999.0 -9999.0 -9999.0 -9999.0 -9999.0 -9999.0
-9999.0 -9999.0 -9999.0 -9999.0 2809.485826 2804.192623 2799.434229 2796.142610 2813.752830 2804.943431 2797.513537 2793.942310 2793.393318 2793.119057 2793.087559 2798.561058 2807.088343 2815.121177 2822.348115 2794.935955 2795.956141 2797.900853 2798.235665 2797.164599 2795.461533 2823.559211 2820.328794 2818.822621 2811.434253 2800.356060 2792.001519 2789.317786 2793.512270 2797.794718 2800.166965 2805.340016 2815.568253 2825.926461 2803.205494 2812.442244 2818.892236 2824.059251 2826.619317 2822.501883 2819.117578 2815.188465 2810.619350 2799.544866 -9999.0 -9999.0 -9999.0 -9999.0 -9999.0 -9999.0 -9999.0
2780.370544 2799.340924 2794.991580 2798.213061 2812.578899 2807.798241 2805.013473 2803.700345 2799.607624 2791.584427 2786.986990 2782.072710 2780.130798 2780.683838 2781.150043 2785.456269 2796.603425 2804.895235 2809.918565 2813.154914 2816.244924 2815.209409 2814.716437 2814.677747 2811.932957 2808.356829 2805.086798 2803.380087 2804.720768 2797.222838 2791.401683 2787.620177 2784.895361 2787.423887 2790.017954 2794.199170 2803.217395 2810.890331 2818.716998 2801.334278 2811.082411 2816.437754 2813.792401 2809.085046 2806.711815 2800.759735 2818.725085 2808.412995 2799.700821 2792.867871 2786.754206 2779.675541 2785.127917 2791.842568 2800.478781
2765.205959 2785.006561 2806.171654 2809.233527 2798.884949 2791.380980 2785.420567 2786.381521 2790.191500 2787.468104 2783.270100 2776.649291 2786.725041 2788.290706 2789.641640 2793.445728 2796.284835 2801.455917 2804.349655 2810.007901 2819.094611 2822.053790 2822.707523 2822.963746 2821.175676 2818.061455 2816.260301 2813.595821 2808.442482 2806.883227 2806.716948 2805.652999 2809.807332 2810.662020 2813.761983 2807.940288 2811.959141 2817.855544 2823.888029 2829.653605 2800.447469 2801.574308 2798.182391 2799.828231 2823.910285 2809.771371 2799.367907 2791.218050 2790.396453 2786.686441 2777.982939 2763.617164 2770.727686 2785.793308 2789.669150
2772.151895 2781.749301 2793.082028 2796.196714 2791.626064 2794.150806 2796.455426 2798.323424 2797.147972 2794.363131 2791.134323 2802.473198 2810.735978 2812.620772 2815.718550 2820.313993 2822.312732 2811.826087 2810.105417 2817.778155 2826.904926 2832.234942 2832.583881 2832.455106 2829.304250 2828.315402 2828.196921 2826.427307 2826.294797 2828.108935 2826.254025 2829.579303 2835.081175 2802.515495 2832.260503 2823.540108 2825.284298 2833.423154 2805.360838 2811.049843 2819.567287 2830.276569 2830.148223 2825.357307 2818.182056 2807.045080 2817.359357 2798.858023 2786.985549 2778.279051 2770.200205 2771.545880 2766.220424 2778.459494 2779.284703
2763.983015 2784.372795 2804.504774 2811.319396 2805.945222 2802.553374 2801.636098 2802.975561 2802.955364 2804.680285 2814.897004 2827.664835 2803.122804 2803.606145 2805.606727 2806.390552 2838.058882 2828.124445 2825.600348 2839.503400 2815.766814 2821.806034 2821.510940 2818.005257 2821.966933 2821.769184 2821.794020 2818.123305 2819.155622 2817.623513 2824.032239 2831.662196 2839.353048 2836.211881 2825.584678 2813.507228 2813.104931 2817.898274 2822.242536 2829.364744 2839.398309 2848.541763 2843.579529 2837.895730 2829.948460 2805.424693 2819.148837 2804.304663 2802.786545 2802.349510 2797.535910 2794.293483 2791.771927 2785.966156 2785.105599
2805.461131 2825.662872 2811.238765 2823.232735 2817.196045 2809.697249 2800.981068 2801.352397 2802.415179 2808.790297 2819.750267 2833.488625 2853.964325 2854.084769 2855.120384 2854.775708 2844.213539 2831.384669 2821.253853 2842.313797 2851.283133 2858.585754 2856.962581 2863.138196 2872.052455 2868.293815 2861.667547 2850.085432 2855.858476 2863.545572 2878.624186 2886.245234 2891.151786 2887.297039 2874.116493 2867.610550 2868.448028 2873.901088 2874.179779 2881.797851 2890.798496 2905.615122 2904.371962 2899.672938 2879.180919 2842.419648 2815.629220 2840.800503 2811.120103 2804.844898 2834.243906 2832.262379 2819.380100 2810.294135 2811.977639
2808.326774 2820.983090 2835.996654 2852.748278 2844.860871 2834.693690 2819.065417 2816.628911 2821.610293 2831.745547 2849.538927 2868.547653 2889.229818 2890.094071 2885.712038 2894.573965 2888.650973 2878.355213 2870.777437 2889.781925 2900.201057 2909.835046 2916.375686 2929.002651 2939.691304 2924.883371 2909.111765 2900.009103 2906.615616 2930.758612 2951.877751 2956.709492 2956.256124 2956.412112 2942.612973 2937.395891 2933.282868 2932.347322 2928.959115 2926.521476 2950.025515 2970.216236 2969.553559 2947.600013 2924.668763 2886.796381 2849.325647 2825.043943 2832.913794 2829.639624 2833.627801 2822.348591 2809.694095 2802.036511 2834.118776
2861.595178 2884.733507 2901.938630 2922.676463 2915.870394 2894.426532 2880.442495 2883.578562 2896.887146 2904.705962 2922.360012 2940.991178 2968.003337 2982.159094 2994.692952 2981.490056 2991.580201 2983.471360 2971.321873 2974.930092 2996.709378 2989.408698 2997.179092 3005.995722 3018.492709 3020.013848 3014.100811 3012.561572 3016.612098 3028.522882 3041.613467 3048.284720 3051.826152 3054.880315 3043.915623 3031.747541 3029.000317 3022.884930 3020.458681 3019.366789 3028.853151 3047.283182 3044.525891 3010.789358 2985.232796 2968.910554 2931.494560 2901.819119 2893.020973 2909.024191 2905.689356 2889.112504 2876.567810 2848.721192 2842.706311
2935.663339 2968.969774 2993.441118 2987.094596 2994.623015 2981.883808 2980.399333 2984.255554 2992.093613 2995.372899 3001.837606 3033.851686 3067.265048 3092.864365 3115.626912 3122.066090 3111.033260 3101.261095 3088.099677 3079.145840 3088.509127 3104.031353 3121.302907 3136.296711 3147.536044 3149.954877 3148.463213 3148.572055 3151.409141 3154.371156 3158.343160 3166.232255 3173.603990 3178.549541 3187.018678 3177.891466 3165.047045 3155.320944 3145.347611 3143.708187 3144.559624 3147.276515 3148.243359 3133.796010 3094.598034 3065.023938 3033.634482 3012.448127 2997.971143 2996.085135 2995.891226 2972.598566 2922.712894 2885.770376 2853.888292
3007.173087 3048.894903 3077.703837 3095.053287 3107.921239 3105.963002 3107.681890 3108.830428 3112.802944 3115.574954 3119.045610 3144.487596 3180.787037 3219.094752 3249.703677 3250.246421 3237.369030 3226.182060 3216.758383 3203.158296 3199.304626 3210.807681 3225.228879 3244.541362 3255.126759 3261.936342 3259.150262 3259.404839 3260.932548 3263.158340 3265.205117 3268.464845 3277.524582 3291.676245 3305.467291 3305.038473 3287.552964 3269.924789 3253.733778 3250.379446 3247.310440 3242.347330 3244.387449 3246.209492 3232.406222 3203.033312 3168.528544 3128.275446 3109.891095 3093.926698 3083.918539 3067.898490 3032.119846 2988.467372 2951.641863
3119.933635 3152.059655 3176.764646 3206.437590 3221.764248 3224.881367 3222.721383 3221.986966 3228.867191 3232.138532 3238.520693 3254.836526 3284.829092 3318.710600 3347.585779 3363.205980 3356.148223 3339.249726 3318.040309 3309.133766 3306.530491 3309.799532 3318.700437 3330.569105 3349.235550 3367.879287 3372.976842 3373.825478 3371.754804 3373.532359 3374.965861 3375.063230 3377.609791 3385.365963 3394.688538 3397.909550 3390.778766 3371.367302 3348.655045 3336.796754 3329.967777 3326.432450 3326.943281 3331.447584 3334.098165 3320.115545 3286.393010 3243.625725 3213.400790 3197.281631 3184.495127 3175.022672 3163.390458 3134.625569 3114.659676
3223.291044 3237.947397 3265.106639 3293.175930 3315.837087 3330.667194 3331.596673 3334.976369 3339.616276 3347.281707 3362.272716 3384.033854 3401.966855 3423.392481 3448.870928 3464.358485 3469.641916 3468.319743 3464.768152 3466.067858 3466.383737 3409.991540 3415.679261 3421.339722 3436.693035 3450.790505 3455.811640 3456.384536 3454.130829 3455.796419 3456.482180 3456.418880 3456.052087 3457.963526 3462.523197 3464.265908 3462.113414 3450.594910 3466.191569 3446.767450 3433.637726 3425.610081 3417.524845 3409.299338 3399.953577 3390.282259 3371.739210 3341.904748 3308.094424 3285.921805 3277.653858 3271.965777 3264.133398 3258.803529 3242.482766
3320.941966 3331.480340 3349.015421 3371.044079 3402.978396 3425.399998 3436.498439 3445.553935 3450.155052 3463.691179 3479.651401 3465.477290 3472.960759 3480.706662 3488.403022 3491.045992 3491.802694 3491.453450 3489.097456 3488.399410 3486.119661 3482.456471 3472.186405 3473.774620 3475.642902 3478.238280 3481.927122 3480.784230 3481.859953 3484.802123 3483.091281 3477.159601 3473.178935 3471.607626 3472.509408 3479.875771 3483.294137 3484.221186 3481.267007 3480.381755 3479.484312 3476.420330 3472.594910 3467.202107 3460.303619 3473.146938 3461.570054 3434.558139 3395.887286 3356.754255 3348.257383 3349.185751 3349.361501 3347.786136 3342.322448
3441.146340 3454.374628 3468.712505 3449.785934 3469.879691 3480.178611 3484.995050 3488.818241 3491.525799 3494.290028 3491.244302 3488.170941 3483.340742 3481.843421 3480.515265 3478.100131 3478.739805 3476.855802 3472.840399 3468.916628 3461.255570 3449.878318 3438.706716 3435.337078 3439.689884 3445.198354 3450.199211 3454.422261 3458.067791 3458.263382 3452.939841 3444.645926 3437.209949 3435.514785 3442.303668 3447.999509 3454.287135 3455.124035 3453.738668 3451.340156 3451.177557 3448.057827 3448.317260 3455.263564 3469.704906 3472.940848 3478.258940 3477.501556 3462.504689 3435.379939 3443.707849 3423.999399 3429.674092 3425.204305 3414.016222
3482.819253 3485.316175 3483.847447 3482.635240 3476.355807 3470.377131 3469.628516 3473.627252 3480.636190 3481.754754 3474.764663 3466.304926 3459.192553 3451.948202 3449.689577 3449.042899 3448.753203 3449.214114 3443.969801 3434.986147 3418.393875 3406.891568 3395.856046 3389.936855 3386.497129 3390.215872 3401.185723 3412.880312 3417.836825 3409.017078 3400.768837 3389.202402 3381.170494 3381.586943 3382.826572 3392.207183 3408.487481 3415.478827 3416.233001 3409.996176 3403.844423 3397.309471 3394.397656 3400.833126 3415.965535 3432.318825 3447.488833 3456.393905 3463.989384 3470.947695 3470.253572 3472.722182 3474.080943 3472.162059 3474.466891
3476.956177 3470.085050 3463.227664 3458.030236 3451.621527 3446.317342 3444.557974 3446.575033 3448.727809 3444.834690 3438.495439 3428.625096 3417.759502 3408.187792 3400.926019 3401.969920 3404.341624 3405.932174 3398.897532 3383.877127 3366.913701 3353.598579 3339.850428 3335.976196 3330.321088 3323.308910 3333.488994 3352.711714 3359.872443 3344.293123 3333.635920 3318.678097 3311.999190 3308.173540 3309.070376 3318.033126 3339.981591 3363.164309 3365.058799 3354.308970 3343.640150 3338.847142 3335.671245 3340.485547 3357.231542 3377.034496 3392.681747 3402.823867 3408.105740 3415.848576 3425.165316 3438.950640 3453.377368 3465.404213 3470.686058
3452.238336 3444.551116 3436.977914 3429.474227 3422.681678 3416.646970 3412.478626 3410.592427 3406.996705 3401.063475 3394.241239 3375.502408 3363.369964 3350.849391 3336.378528 3332.752970 3328.449407 3329.778282 3318.520621 3310.329240 3293.743969 3278.586974 3263.362018 3250.658777 3245.013631 3238.538823 3237.867373 3251.643055 3260.160143 3250.078638 3240.339059 3229.384789 3224.624464 3221.284454 3223.645533 3234.004534 3253.882179 3272.152366 3280.228484 3272.718009 3270.669905 3269.931993 3268.269181 3274.272899 3285.431932 3303.375548 3325.218434 3343.404599 3352.987768 3359.827643 3368.990635 3382.568571 3396.429600 3410.521827 3428.169321
3422.042707 3412.944997 3403.217818 3393.734877 3383.511550 3373.834786 3367.622272 3370.206956 3364.302415 3358.780354 3337.605740 3284.440060 3264.440013 3246.043361 3230.319581 3224.072552 3216.135751 3201.621392 3193.135037 3188.526500 3189.438007 3175.676347 3162.396770 3145.272915 3140.441540 3136.879489 3120.951424 3117.867036 3118.831785 3133.138860 3126.922557 3124.976973 3126.258763 3123.868162 3125.449162 3138.298417 3146.609585 3152.736194 3159.313137 3163.026589 3172.661666 3175.954996 3184.658649 3201.215914 3212.131654 3227.414502 3247.494359 3272.148358 3286.880138 3296.075277 3306.259339 3321.257462 3337.207612 3354.602186 3376.667723
3387.992331 3372.769131 3358.627483 3344.665372 3332.291491 3319.851436 3304.826572 3306.830575 3304.789533 3295.191039 3243.219397 3202.982507 3174.022908 3157.235481 3134.268713 3121.486592 3107.215046 3071.080713 3054.452976 3053.423781 3066.998532 3062.839218 3047.775458 3035.809542 3026.782708 3017.979521 3001.128457 2983.958501 2989.861391 3007.396398 3007.590001 3010.229028 3017.545451 3016.854048 3010.622751 3009.061746 3021.319307 3027.041266 3037.846139 3054.353191 3058.890391 3072.769039 3104.897948 3117.479189 3132.116304 3150.294426 3170.305386 3187.701793 3209.142386 3222.588058 3237.210537 3255.021097 3271.276691 3291.233748 3313.534374
3339.139303 3309.070864 3288.652408 3271.856748 3253.703737 3228.257453 3208.698560 3206.890949 3201.086722 3174.312893 3127.483211 3092.850166 3069.332448 3048.069999 3025.508079 3004.067322 2986.679516 2953.130648 2931.683283 2945.957153 2956.651392 2966.772941 2955.173412 2944.270079 2934.720195 2917.409211 2900.886220 2885.228030 2895.901412 2904.531126 2922.017514 2928.461282 2932.407095 2937.888439 2936.561152 2926.767552 2923.167248 2931.361586 2941.318212 2953.056170 2972.903870 2989.494690 3012.699007 3030.184040 3050.040053 3067.432347 3088.295752 3110.515287 3132.443876 3148.730746 3166.355506 3180.101540 3200.112585 3218.923561 3241.508268
3262.072282 3234.495043 3208.749343 3186.578288 3160.406596 3116.084478 3103.136444 3094.791154 3074.811305 3029.788570 2989.966706 2985.585500 2971.906123 2948.796294 2927.797315 2901.428883 2869.164855 2847.240718 2826.995331 2837.007789 2846.984975 2865.988598 2856.998722 2849.780983 2846.513031 2831.396162 2818.154356 2802.072394 2808.566690 2820.438082 2843.072264 2848.857281 2852.957672 2862.089618 2861.374460 2857.090700 2840.757478 2847.763577 2858.454120 2871.125949 2901.373583 2923.179438 2945.536594 2967.019680 2985.831881 2989.944711 3010.723186 3033.017418 3057.580235 3076.272926 3094.497364 3115.041038 3133.713778 3148.108787 3164.359492
3160.822080 3137.239020 3117.942350 3094.618094 3054.717683 3012.816347 2991.559158 2967.198764 2917.379594 2884.918650 2863.145118 2861.194784 2848.714482 2829.098857 2812.293684 2832.133682 2809.601833 2790.002006 2764.705865 2769.471643 2784.442274 2800.733862 2800.857116 2801.005885 2799.152380 2789.492490 2775.928514 2762.255407 2765.950262 2782.829274 2800.767362 2810.673900 2818.508839 2826.545592 2826.697340 2817.931583 2808.601451 2814.020192 2829.699710 2809.762327 2825.687633 2846.082387 2865.056413 2885.033456 2907.050670 2928.560804 2951.101130 2975.139887 2984.883980 3004.153257 3026.732956 3049.296381 3065.322864 3073.770202 3081.689345
3061.106850 3042.213984 3019.808665 2994.332394 2969.893791 2931.133776 2891.680787 2848.030983 2817.562049 2827.994674 2819.508755 2803.506619 2789.413576 2774.258084 2753.899470 2738.245259 2723.075780 2701.602172 2690.372924 2697.096733 2710.172166 2718.404395 2724.494771 2722.144112 2719.636576 2713.723245 2699.793997 2694.895301 2704.730446 2719.965892 2733.874260 2745.419816 2752.504287 2757.993810 2755.306289 2746.625521 2743.757143 2752.366860 2768.152325 2781.181084 2796.574835 2817.595203 2804.225892 2823.523461 2843.838679 2865.127224 2888.905497 2913.386194 2937.957684 2964.172402 2985.643318 2988.141907 2995.322363 3003.940157 3003.683017
2956.880787 2945.199844 2920.177255 2894.348516 2866.249703 2833.448391 2811.067243 2816.108231 2786.172030 2757.985324 2732.267896 2719.269685 2712.466570 2699.217643 2682.026065 2670.771207 2655.139435 2644.134338 2649.294606 2650.478502 2658.622250 2656.887092 2657.634848 2655.038435 2654.309051 2651.814379 2645.162256 2656.450950 2663.169315 2676.734108 2686.895900 2696.684901 2702.685525 2706.515242 2707.755599 2703.598170 2709.521929 2716.060403 2730.125750 2741.538163 2755.507765 2775.694615 2791.965903 2810.964621 2802.149259 2822.727299 2844.309087 2868.925497 2895.858975 2919.589855 2936.732290 2942.393306 2951.064105 2952.557613 2941.753805
