tests/Borden05m/data_simulated/sim_1/output-maps/psiliqL0004N0006.asc
ncols         160
nrows         34
xllcorner     620200.000000
yllcorner     5168000.000000
cellsize      0.500000
NODATA_value  -9999.0
[rows 0 to 24 of 34, columns 57 to 113 of 160]
-9999.0 -9999.0 -9999.0 -9999.0 -9999.0 -9999.0 -9999.0 -9999.0 -9999.0 -9999.0 -9999.0 -9999.0 -9999.0 -9999.0 -9999.0 -9999.0 -9999.0 -9999.0 -9999.0 -9999.0 -9999.0 -9999.0 -9999.0 -9999.0 -9999.0 -9999.0 -9999.0 -9999.0 -9999.0 -9999.0 -9999.0 -9999.0 -9999.0 -9999.0 -9999.0 -9999.0 -9999.0 -9999.0 -9999.0 -9999.0 -9999.0 -9999.0 -9999.0 -9999.0 -9999.0 -9999.0 -9999.0 -9999.0 -9999.0 -9999.0 -9999.0 -9999.0 -9999.0 -9999.0 -9999.0 -9999.0 -9999.0
-9999.0 -9999.0 -698.653679 -703.856921 -708.090054 -711.219714 -719.176503 -726.126006 -733.663770 -735.768336 -735.594214 -736.774253 -738.800527 -734.619063 -728.897547 -723.743959 -717.686475 -717.581964 -716.327980 -714.170950 -713.641030 -714.750258 -717.548961 -719.791492 -722.281565 -721.051274 -729.029196 -739.706155 -748.078559 -750.119119 -744.023787 -739.808896 -739.433254 -734.800176 -725.717423 -717.450296 -712.873639 -703.558706 -702.216861 -698.260625 -693.826920 -697.730978 -699.595988 -700.518324 -701.154438 -712.051335 -9999.0 -9999.0 -9999.0 -9999.0 -9999.0 -9999.0 -9999.0 -9999.0 -9999.0 -9999.0 -9999.0
-709.450431 -708.979782 -726.373206 -729.457086 -731.037968 -731.303798 -735.282600 -743.827366 -747.161009 -753.224660 -755.613988 -756.155844 -757.814099 -755.057925 -744.993289 -737.569416 -734.586510 -734.695428 -734.294110 -735.547279 -736.702596 -736.597707 -739.284208 -742.055008 -744.928758 -745.209447 -741.266485 -748.932255 -753.326019 -756.941203 -759.913210 -758.032989 -756.357810 -754.928128 -745.155648 -739.618280 -734.711811 -721.541939 -709.814912 -705.945841 -709.480900 -714.370538 -714.956164 -717.521259 -724.007715 -730.761618 -734.635521 -738.603288 -740.961495 -745.569169 -738.819608 -736.704773 -728.015447 -720.213880 -711.223115 -700.094332 -9999.0
-726.429008 -726.231491 -740.819833 -750.502943 -754.129125 -752.850109 -747.624779 -750.911585 -756.620500 -764.025703 -754.717484 -755.249121 -755.481527 -753.193385 -749.781066 -748.267017 -746.249301 -742.810661 -733.873384 -733.362880 -733.688749 -733.405931 -735.102012 -738.112666 -738.678410 -740.747778 -747.494201 -747.074070 -745.723868 -746.686108 -739.984332 -739.180130 -736.077667 -746.979518 -744.362059 -739.906655 -735.725653 -731.733323 -727.517927 -723.766732 -728.093662 -726.354323 -732.294836 -743.834859 -750.005896 -752.877340 -748.546418 -746.785125 -752.705791 -769.063586 -760.070432 -741.129386 -740.458132 -741.026541 -730.361486 -719.911435 -708.028186
-748.581256 -748.990282 -755.485822 -751.004757 -747.100651 -744.434437 -747.217510 -752.602580 -758.101820 -742.904823 -735.300588 -736.967367 -734.816979 -730.835083 -731.398615 -748.625382 -752.962442 -744.783956 -735.693554 -731.286062 -733.379687 -734.462715 -737.016412 -737.500798 -736.595263 -738.928941 -736.614989 -733.958143 -735.476022 -730.303758 -724.674074 -720.444206 -731.329094 -741.749859 -741.215991 -732.564954 -725.304384 -720.100776 -709.871590 -696.544990 -698.368183 -702.581075 -707.076345 -713.428931 -733.106154 -750.933143 -758.994310 -763.150056 -768.782671 -766.520175 -769.425796 -754.878202 -754.952866 -755.895532 -747.544298 -739.853261 -731.324720
-742.510890 -736.383280 -745.539704 -751.739933 -755.088061 -754.006083 -755.303267 -753.622786 -739.514775 -729.313720 -715.504166 -717.198453 -716.034409 -716.571525 -728.410065 -738.693258 -744.618524 -726.564918 -710.947618 -704.600811 -706.486312 -707.972339 -696.728615 -700.120640 -702.607242 -709.819206 -707.103993 -706.208134 -692.938561 -686.703197 -679.882430 -682.397980 -695.162457 -706.452577 -707.763080 -706.314426 -706.256934 -701.584244 -691.698324 -680.825539 -687.044908 -692.407056 -696.925311 -724.084114 -748.496086 -760.281903 -750.991367 -745.441569 -747.995622 -748.180216 -749.037844 -758.838688 -757.203408 -756.488623 -759.816486 -747.253863 -734.895558
-706.741546 -690.186702 -699.647007 -708.352832 -722.108457 -721.252062 -718.748850 -712.324030 -702.639091 -687.197703 -663.442145 -664.609487 -662.295524 -656.308984 -667.970550 -680.024574 -695.556696 -677.597501 -670.801064 -663.127569 -661.954257 -648.745736 -637.583948 -644.660936 -655.061890 -666.681709 -659.478635 -643.543553 -628.506643 -624.110536 -622.079309 -620.450951 -630.547165 -634.227603 -636.636343 -635.720401 -641.323731 -639.648934 -627.718388 -609.806963 -607.966080 -617.647196 -638.025265 -670.826496 -703.435841 -723.356726 -710.463617 -716.366843 -720.259679 -720.076353 -733.475187 -742.717994 -735.951949 -745.767983 -752.958124 -738.058935 -734.666658
-681.818367 -664.158955 -670.096264 -683.418091 -697.595617 -697.644943 -688.983513 -682.539724 -665.163437 -642.308181 -618.448623 -606.874083 -599.057267 -588.595647 -596.282022 -605.334349 -615.736844 -611.976793 -598.350796 -586.029694 -573.623828 -560.447520 -546.371820 -553.180835 -563.790316 -565.690071 -562.121884 -544.252693 -528.745502 -523.065662 -519.252530 -510.877559 -515.701222 -525.734923 -537.367381 -548.560922 -558.078285 -565.341215 -548.588077 -531.690632 -532.778955 -559.418664 -582.235030 -613.445587 -647.302199 -682.956633 -685.195799 -681.244672 -678.314222 -693.448933 -704.522300 -721.260786 -728.200089 -731.147285 -747.166366 -739.954534 -736.156826
-594.641199 -575.893212 -570.033980 -587.709503 -591.752831 -586.427070 -574.881603 -571.814764 -561.417043 -530.160480 -483.139830 -440.686065 -396.606983 -387.941372 -407.898778 -426.206447 -451.204153 -464.955408 -447.871289 -427.858035 -404.128073 -376.282061 -342.942467 -313.059286 -309.423404 -306.792028 -297.532785 -285.015390 -255.018383 -198.505248 -144.047850 -121.565178 -118.418598 -139.839927 -195.096880 -275.644532 -324.535487 -339.544110 -349.616456 -335.871275 -337.916046 -382.947533 -432.697550 -476.690878 -522.883658 -558.703321 -582.978045 -578.318862 -592.375769 -607.084746 -625.669888 -663.479172 -678.654138 -689.890335 -723.711310 -727.867929 -715.355963
-484.110184 -459.054546 -431.635099 -429.519180 -424.294794 -420.170628 -411.076191 -401.757905 -382.562593 -249.497894 -135.844191 -88.417307 -63.276050 -54.664424 -63.360849 -71.414146 -80.017686 -88.004338 -87.570740 -75.501522 -60.196238 -44.622235 -32.708222 -26.686310 -26.433959 -24.591800 -20.649499 -13.360756 -2.564992 16.000740 35.642763 50.515172 61.016511 51.341136 22.626964 -5.346767 -28.643656 -37.607246 -39.981565 -42.843949 -44.106086 -50.353772 -79.046818 -111.120442 -173.143536 -348.447213 -415.337412 -454.061503 -481.324747 -504.687950 -551.452398 -593.510397 -627.582124 -656.147334 -686.063516 -691.121801 -657.457381
-143.879335 -94.663137 -75.861089 -71.468584 -70.601869 -69.085982 -64.138540 -58.282365 -45.232646 -9.362398 38.385120 69.642016 78.123943 78.553197 76.213506 74.072324 71.808465 69.881336 69.204230 70.702869 72.749689 76.297612 78.913829 81.879396 81.492168 81.756812 81.973817 83.127997 84.574007 86.054504 88.751156 91.962566 94.306137 94.251471 90.303654 85.088227 80.158725 78.592825 77.286294 76.153665 76.249487 76.082793 75.425984 65.278200 29.119454 -32.173322 -68.154913 -92.009997 -110.027332 -144.720786 -240.548478 -382.508752 -424.956415 -472.029001 -523.247277 -566.315114 -532.005245
30.840516 62.255537 71.797602 73.583797 72.819343 72.889494 74.295587 75.595179 78.545638 83.605459 88.950757 94.914162 100.146965 104.727224 103.952879 101.810500 98.095026 98.324260 98.551146 98.553803 99.501341 99.820135 102.760567 106.013514 106.997795 107.016316 106.215771 106.989260 107.443858 107.634992 107.517347 107.837902 109.090494 109.539888 109.158096 106.293524 102.281392 98.862572 97.246739 96.973024 96.651651 97.200294 97.511130 96.266308 89.908678 80.566662 72.079762 63.952016 50.750560 30.722411 0.106015 -31.166550 -52.657821 -82.062397 -141.268444 -289.765203 -382.456181
85.660667 91.530459 96.315448 99.187780 99.284886 100.501624 100.648640 102.797923 106.194750 109.793899 111.397859 114.032509 127.388381 135.060300 140.229953 142.253784 143.733619 145.720221 146.245001 144.267809 145.106584 145.062683 144.942955 146.681418 147.100801 146.516835 146.872500 146.839718 147.432842 147.450037 147.505565 145.463206 145.499803 145.260547 145.066957 143.691898 137.749552 124.745191 115.822777 114.145643 112.641600 110.643994 108.512222 107.102669 105.327005 101.245280 95.955797 90.649068 89.102630 87.354893 84.055609 81.087183 76.681142 70.648336 47.100971 -2.443314 -50.851931
103.470498 106.637844 111.437972 114.597455 119.952485 126.147823 129.768111 138.699687 147.891508 148.182628 148.164409 147.029049 147.365897 146.865347 147.379360 147.181546 145.179629 145.682870 144.398591 139.820764 131.573037 133.002650 133.651300 135.556208 138.320574 136.910827 137.345476 140.448098 138.984785 134.517853 131.682941 130.184352 129.834565 136.094291 138.844096 139.168151 140.196420 139.723010 140.021128 140.341047 140.617871 140.856209 140.891935 137.195888 130.461077 116.424441 110.333853 103.880496 100.961307 100.171170 101.106859 100.476360 100.481148 97.498207 92.205648 83.606945 74.021283
142.760800 151.026377 149.897031 149.673178 149.135805 149.987450 151.947767 151.048271 147.489632 144.279024 139.539651 138.841182 137.367226 135.337454 135.855748 134.236855 130.978090 128.855824 124.808105 116.546426 110.960253 110.758315 112.319824 113.418833 115.824691 117.538684 120.081106 122.183996 118.649753 113.366518 111.643222 111.028660 112.881561 114.558033 117.920108 117.903053 116.638405 115.197586 116.007940 114.671719 115.339523 120.579211 131.137485 137.816063 137.328308 137.539901 138.403159 139.240887 121.673710 112.392717 114.010810 113.075721 110.833662 106.828307 103.456739 99.317360 95.782635
143.108987 140.436265 135.224409 129.949051 129.338305 132.863721 139.090615 140.878552 134.675000 128.069492 122.712358 117.729990 116.201191 114.973799 114.206402 114.398464 112.409844 111.784008 108.945984 107.216538 105.294394 104.154488 103.819314 105.107495 106.748023 108.022208 109.132513 108.011379 107.095381 105.403724 104.019128 104.580935 104.807037 106.226773 108.761584 108.352970 108.627258 107.855392 107.862252 106.727597 106.320770 107.654794 110.535458 112.958181 115.617135 120.634950 126.503265 131.609950 138.037357 137.829160 137.147708 136.958180 133.470617 122.593289 113.813467 110.198426 106.574739
124.400177 120.518691 115.107478 111.702641 111.399957 112.751600 115.928289 114.315482 112.354234 110.429720 108.505653 106.688468 105.935481 106.586024 107.415189 107.989962 107.477409 105.128999 102.475661 100.843766 98.169066 98.151809 97.007299 95.515906 97.498492 100.782470 101.906233 98.917302 98.003733 95.615264 94.694645 94.398728 94.399197 95.715019 99.146736 102.970163 102.880315 101.081034 99.818367 99.581827 99.011047 100.126460 103.539029 106.501384 108.026347 108.956820 109.332352 110.728603 112.304801 114.268342 119.011846 126.779375 135.813170 135.447293 135.625244 136.345891 122.924772
111.027908 109.917652 108.964381 108.207831 107.648815 107.276743 107.303106 106.281120 105.869560 105.488948 104.001080 102.377304 99.377107 99.122579 98.790100 100.339348 98.025244 96.677625 92.276691 88.574672 83.210994 79.780348 77.529029 74.864303 75.661736 79.396363 82.161362 77.824182 76.274150 73.380555 72.510030 71.954347 72.063666 73.997517 80.127548 85.155010 87.786207 87.043435 87.446480 88.625438 89.275770 90.080948 92.826366 96.294477 99.721648 101.705720 102.572825 103.231436 104.379996 106.414386 108.019158 109.634765 112.077906 115.990988 126.061809 133.149467 138.022069
106.937936 106.136313 104.833006 103.157518 102.525712 103.599158 101.862547 101.042223 100.637769 89.476343 86.505310 80.756224 75.579627 74.034465 71.816009 71.151125 69.040994 67.579732 58.165480 35.669173 -0.989422 -31.170505 -42.910079 -50.706215 -59.750238 -54.563133 -51.359515 -50.288380 -55.686714 -60.899588 -62.981220 -64.608592 -60.363322 -46.669397 -32.845507 -17.899540 -4.145253 5.055786 26.399240 46.812608 54.485481 68.251038 72.259659 77.296548 84.175202 90.822492 93.285174 94.617025 96.117987 98.494539 100.751150 102.441659 105.439125 108.917500 110.787776 111.945629 114.070514
103.142175 101.125736 99.309678 97.282421 94.900429 95.829401 94.672127 92.532992 80.438321 62.119734 29.997043 -7.629938 -43.849665 -59.481057 -68.624505 -87.295044 -97.260194 -105.616789 -111.234428 -147.580847 -261.726797 -339.138082 -362.735354 -374.810155 -395.646229 -400.208133 -391.663429 -373.680679 -392.430669 -404.101097 -402.249398 -407.909706 -409.801154 -386.251926 -344.709281 -311.511142 -272.802197 -228.173993 -182.483834 -133.683995 -96.187820 -76.742973 -58.031504 -26.949422 18.967214 52.220979 70.535086 75.574016 80.862394 86.870402 90.421734 93.929436 97.286417 101.953693 103.958292 105.451030 106.454403
91.996900 88.251271 82.874883 76.890999 70.176211 69.519710 60.950406 35.390893 -32.572517 -88.266666 -146.153950 -271.526474 -371.178944 -403.716950 -437.016650 -479.088349 -503.830670 -503.626124 -496.412222 -504.329507 -524.135001 -539.254585 -549.124141 -559.839004 -574.881301 -584.032840 -574.876925 -565.571016 -564.494017 -563.731765 -560.181567 -560.284380 -562.119693 -564.520950 -551.802210 -542.869829 -532.658648 -524.386766 -518.473146 -488.948104 -456.696776 -432.160226 -392.855499 -327.921288 -168.835409 -102.874501 -66.487224 -37.682929 3.425989 40.208116 64.439388 74.279034 81.830261 89.748418 94.883163 96.775547 98.474760
66.904408 42.265202 0.090100 -53.542521 -72.201418 -82.552252 -97.453163 -158.256241 -355.351345 -449.128129 -493.050236 -522.356400 -546.809155 -569.692231 -596.575296 -622.762136 -640.340043 -630.669106 -624.147161 -614.337479 -628.278626 -640.612479 -645.136132 -658.058671 -670.292631 -684.654354 -674.018711 -667.031430 -652.767707 -652.059535 -650.578139 -644.778168 -647.327510 -649.098417 -656.742406 -647.831811 -641.017647 -632.309036 -608.719585 -586.357608 -564.663001 -546.933760 -528.496668 -505.876607 -476.924350 -440.792235 -394.068142 -338.252652 -211.278169 -116.948437 -73.066333 -39.300906 3.849908 44.675958 68.878782 75.512744 82.221183
-79.745239 -126.310855 -247.600741 -404.557160 -453.540348 -460.972171 -496.444512 -534.205699 -581.619433 -603.128044 -618.777391 -638.325966 -655.003240 -669.959177 -692.321749 -710.182211 -732.628776 -725.563418 -713.426319 -697.717900 -709.319439 -712.527387 -712.032091 -721.787296 -732.585178 -747.144126 -744.165604 -731.007728 -715.850190 -713.811159 -709.733429 -702.129591 -702.062250 -708.304896 -719.379510 -715.353582 -705.317920 -694.350528 -676.379813 -658.931073 -642.122337 -627.304467 -609.283132 -589.528574 -569.058006 -545.418716 -519.353380 -501.070476 -473.540769 -436.564741 -392.861682 -343.969340 -217.355190 -118.393386 -78.435218 -45.438119 -4.246693
-416.599894 -458.071689 -508.549425 -553.191313 -594.121351 -622.744903 -649.460021 -675.454978 -688.766613 -701.102921 -714.525579 -727.118799 -740.836354 -753.939211 -765.924093 -781.509601 -805.581876 -796.557351 -782.059738 -766.620789 -765.691043 -767.787086 -767.863660 -773.015241 -785.042193 -803.222653 -794.562827 -780.966549 -768.369531 -762.866925 -759.238065 -752.710190 -756.792953 -766.087265 -778.104289 -771.378522 -758.847963 -749.390955 -737.697257 -722.538123 -707.008898 -691.698586 -675.062469 -658.355275 -638.527071 -617.525149 -595.621372 -573.707884 -551.555252 -527.523078 -516.325248 -502.921917 -488.185111 -458.530114 -423.233009 -370.409022 -253.251905
-560.867452 -584.389545 -613.966364 -649.240951 -672.948597 -695.669874 -716.510813 -737.639067 -752.587992 -763.952623 -764.380906 -771.438536 -785.384925 -788.725025 -797.766838 -819.070129 -813.546044 -807.775483 -791.390068 -793.168092 -793.659846 -797.453318 -795.576041 -798.844624 -817.787659 -808.278090 -802.812073 -789.945861 -785.538181 -781.217649 -778.088595 -775.397044 -777.295017 -789.612619 -786.806097 -781.976803 -770.201806 -766.330834 -758.427542 -743.641646 -735.206221 -723.572520 -709.198075 -694.083690 -677.272144 -658.539493 -636.386043 -615.510396 -597.295899 -590.031472 -579.484870 -571.714242 -578.606243 -562.467120 -547.076769 -530.742826 -504.553873
