tests/Borden05m/data_simulated/sim_1/output-maps/psiliqL0027N0019.asc
ncols         160
nrows         34
xllcorner     620200.000000
yllcorner     5168000.000000
cellsize      0.500000
NODATA_value  -9999.0
[rows 0 to 24 of 34, columns 55 to 109 of 160]
-9999.0 -9999.0 -9999.0 -9999.0 -9999.0 -9999.0 -9999.0 -9999.0 -9999.0 -9999.0 -9999.0 -9999.0 -9999.0 -9999.0 -9999.0 -9999.0 -9999.0 -9999.0 -9999.0 -9999.0 -9999.0 -9999.0 -9999.0 -9999.0 -9999.0 -9999.0 -9999.0 -9999.0 -9999.0 -9999.0 -9999.0 -9999.0 -9999.0 -9999.0 -9999.0 -9999.0 -9999.0 -9999.0 -9999.0 -9999.0 -9999.0 -9999.0 -9999.0 -9999.0 -9999.0 -9999.0 -9999.0 -9999.0 -9999.0 -9999.0 -9999.0 -9999.0 -9999.0 -9999.0 -9999.0
-9999.0 -9999.0 -9999.0 -9999.0 3597.900677 3592.610187 3587.869513 3583.375409 3574.892716 3565.559002 3557.723191 3553.502451 3552.293962 3551.420360 3550.733836 3555.521445 3563.527572 3571.082624 3577.879523 3580.217203 3582.501990 3584.274173 3584.437263 3583.257542 3579.974062 3576.601238 3573.172703 3571.422336 3564.100592 3552.976751 3544.694098 3542.000050 3546.146118 3550.467987 3552.918651 3558.034429 3568.379445 3578.952024 3587.506646 3600.117844 3607.226187 3612.591179 3615.154420 3611.184902 3607.949048 3603.977112 3597.766728 3586.672536 -9999.0 -9999.0 -9999.0 -9999.0 -9999.0 -9999.0 -9999.0
3542.832962 3561.165189 3582.149195 3585.224443 3573.488568 3568.379019 3565.226514 3563.560858 3559.332501 3550.818815 3545.672858 3540.139188 3537.376856 3537.317329 3537.117192 3540.672568 3551.404827 3559.108981 3563.578005 3566.151945 3568.946811 3567.205639 3566.339759 3566.057447 3563.095628 3559.549710 3556.115573 3554.211130 3555.714508 3548.093178 3542.034179 3538.079870 3535.006128 3537.753325 3540.462073 3545.135499 3554.267490 3562.143678 3570.096679 3585.319748 3598.566497 3604.309817 3601.782274 3597.251459 3593.463198 3586.020987 3575.255017 3565.314722 3557.363797 3551.375802 3546.080604 3539.659008 3546.170060 3554.201984 3563.532827
3526.002045 3545.110171 3565.512873 3568.000098 3557.734424 3550.013054 3542.983692 3543.475999 3546.992833 3543.725807 3538.828594 3530.744357 3540.807102 3541.696796 3542.267465 3545.345780 3547.027711 3552.212517 3554.511051 3559.751989 3568.635960 3571.366096 3571.708640 3571.662933 3569.586814 3566.244593 3564.195632 3561.327192 3555.983025 3554.080193 3553.636642 3552.235652 3556.228024 3557.737635 3560.740384 3555.347887 3559.844349 3566.106640 3573.091695 3578.539236 3584.630071 3587.064329 3583.804370 3584.555977 3576.295479 3562.722742 3553.040650 3545.734707 3546.213486 3543.360102 3535.511145 3521.794412 3530.285576 3546.530296 3551.411283
3530.281516 3539.089114 3549.459728 3551.841207 3546.736269 3548.949403 3550.673462 3551.772393 3549.804319 3546.130291 3541.462357 3551.605721 3559.701704 3560.938519 3563.211988 3567.071525 3567.936084 3557.064689 3554.969615 3562.057900 3571.552838 3576.551285 3576.630874 3576.144651 3572.240769 3570.981242 3570.707024 3568.867147 3568.179722 3569.601443 3566.920995 3569.685332 3575.109809 3578.416174 3573.436455 3565.097044 3567.469300 3575.992608 3585.181023 3592.805687 3602.949768 3613.705628 3614.130063 3609.757655 3601.360390 3589.080314 3566.819407 3549.560470 3538.674784 3530.701848 3523.524555 3526.845620 3522.113484 3536.240986 3538.143284
3514.959413 3535.848114 3555.688424 3561.281268 3555.186540 3551.476925 3550.274646 3550.801645 3549.638158 3549.779585 3558.073718 3569.573546 3580.360580 3582.166278 3583.804464 3582.351422 3574.902875 3564.512615 3561.851338 3574.887015 3591.523510 3599.252428 3598.578551 3593.871398 3596.588350 3596.777589 3597.419010 3594.149883 3594.719485 3591.946956 3596.961142 3604.616946 3612.634839 3611.303687 3598.889498 3586.490996 3586.557003 3592.253688 3599.519102 3607.227050 3617.388684 3626.483128 3621.747740 3616.819930 3609.743148 3584.466034 3562.327454 3548.348044 3548.794419 3549.712164 3545.435211 3543.623276 3543.035769 3539.294450 3539.688045
3550.293666 3569.228808 3589.321929 3601.937794 3595.653198 3588.162508 3579.796956 3579.873982 3579.961870 3585.505687 3595.541233 3607.776000 3629.170916 3628.257709 3628.388137 3626.663150 3613.566295 3600.234878 3590.323454 3612.682193 3623.728582 3630.700967 3627.711104 3632.373772 3640.861315 3637.337853 3631.167455 3618.942432 3624.462738 3630.480109 3645.608120 3653.624035 3659.013906 3654.168285 3640.056892 3633.217694 3634.998546 3641.824411 3643.323771 3652.328861 3660.989187 3675.920320 3674.561070 3671.756907 3652.145239 3615.203223 3586.381725 3574.519007 3586.414561 3580.938089 3574.683431 3574.960240 3564.245067 3557.458002 3560.323703
3581.152542 3594.168990 3610.159403 3626.486800 3617.233247 3607.070436 3590.276884 3586.884665 3590.725397 3600.828874 3618.146518 3635.660637 3655.209534 3653.094625 3645.724381 3655.337661 3648.290563 3637.313907 3629.837863 3652.043817 3661.960673 3672.043110 3677.428289 3690.047194 3700.377846 3683.308840 3665.841291 3655.014704 3662.173734 3688.225174 3711.040268 3715.822906 3714.720274 3713.889416 3698.088264 3693.393178 3690.248199 3691.032645 3688.663157 3686.974347 3712.879969 3734.830050 3734.732915 3713.342362 3690.713824 3650.858856 3613.108715 3589.404778 3603.452463 3600.081557 3603.753141 3594.078741 3582.706792 3576.339222 3574.487873
3629.604241 3650.605737 3666.673690 3688.580848 3678.714165 3655.153619 3638.499468 3640.901597 3654.497085 3662.623892 3681.331778 3697.899747 3723.282657 3734.702309 3745.341094 3749.271333 3742.321497 3733.806751 3721.878162 3727.703012 3752.158470 3763.776929 3771.934365 3780.156957 3792.828922 3792.796940 3785.535016 3783.587388 3788.056664 3802.061580 3816.978748 3823.744575 3826.628222 3829.015076 3815.033486 3801.906833 3800.237643 3795.032778 3794.224403 3793.577539 3805.740063 3827.037694 3823.717862 3786.323880 3759.444145 3724.095919 3685.531988 3656.283710 3650.979416 3671.006867 3669.534658 3653.476905 3643.703522 3618.450187 3614.233857
3697.810604 3730.640577 3754.818938 3764.772400 3771.796684 3756.266295 3753.920469 3758.135990 3766.644339 3769.664685 3776.031458 3808.496503 3842.288371 3867.031468 3889.750240 3896.849199 3884.385808 3874.606971 3860.950472 3852.202005 3863.841856 3881.389447 3899.181856 3914.078606 3925.441710 3927.400174 3925.788731 3925.832285 3929.051723 3932.068160 3936.513608 3945.220170 3952.925603 3961.489716 3969.275604 3958.429599 3941.391145 3932.362250 3923.721716 3923.270147 3924.886352 3929.191457 3930.331500 3912.749354 3869.694545 3837.670502 3805.397889 3786.452342 3773.772146 3774.591817 3756.409285 3731.817092 3679.853512 3642.691788 3611.634572
3782.796912 3827.429184 3856.751804 3873.458901 3886.058183 3882.612816 3884.482269 3885.431362 3889.040376 3891.213226 3893.603086 3920.927342 3963.133516 4002.953135 4034.522070 4034.058158 4019.897127 4008.466307 3999.473136 3984.713377 3980.725370 3993.891557 4009.803789 4030.598299 4040.979767 4046.747981 4043.183235 4043.391028 4045.349724 4047.744126 4049.941350 4053.778879 4063.750560 4079.231275 4094.129141 4093.062746 4073.458946 4055.333787 4039.385913 4037.348643 4035.217314 4030.327091 4032.860857 4034.810611 4017.955285 3985.837460 3945.362661 3904.924093 3888.943652 3874.211476 3863.368739 3846.170998 3804.007177 3735.681627 3695.268398
3898.451966 3933.578382 3962.835984 3993.339156 4007.957491 4009.731804 4006.950394 4005.527811 4012.603520 4015.038066 4020.301861 4036.988973 4070.297707 4106.762472 4137.011373 4152.334504 4144.091863 4125.477842 4102.639513 4092.262440 4089.155444 4092.989508 4102.907057 4116.418953 4136.519279 4156.465759 4162.317714 4163.226201 4160.509245 4162.995248 4164.630612 4164.762654 4167.937405 4176.953328 4187.230098 4190.718008 4182.523711 4160.728646 4136.701883 4125.599401 4119.279048 4115.938912 4117.247103 4122.813371 4126.401418 4111.078342 4074.362322 4028.782514 3998.913100 3984.278934 3971.624106 3957.293729 3944.471787 3909.798033 3888.233181
4008.503680 4024.144995 4052.988325 4082.312765 4104.968298 4119.600270 4119.641795 4122.432649 4127.277911 4134.387466 4149.513532 4173.564944 4193.451943 4217.030493 4244.525006 4261.408077 4266.648692 4264.709727 4260.241036 4261.358849 4261.744869 4193.121028 4199.906136 4206.677499 4225.349718 4241.931999 4247.980331 4248.676885 4245.897782 4247.855268 4248.691206 4248.549160 4248.172011 4250.862070 4256.407523 4258.526971 4255.906790 4242.311941 4262.913806 4242.338905 4228.569688 4220.192843 4211.804583 4203.522726 4194.022461 4183.982378 4163.195883 4131.494589 4096.671310 4075.673929 4068.016793 4061.786711 4052.871442 4046.947142 4029.458247
4107.726055 4118.338387 4137.079804 4160.388497 4195.525004 4219.769912 4231.421831 4240.938393 4245.660241 4259.949547 4277.201782 4259.492896 4268.596565 4278.017170 4287.377544 4290.591974 4291.512342 4291.087658 4288.661269 4287.812324 4285.264493 4281.957351 4271.317468 4272.946312 4274.967640 4277.611745 4281.385695 4280.313417 4281.456258 4284.421415 4282.615119 4276.468760 4272.303998 4270.725729 4271.811526 4279.311084 4282.865194 4283.853091 4280.104362 4279.124940 4278.033389 4274.306926 4269.654503 4263.095954 4254.706283 4271.343242 4258.885637 4229.934501 4188.329179 4145.912923 4138.956537 4141.458086 4141.141436 4139.668418 4133.979692
4236.147685 4250.230047 4265.424483 4240.181706 4264.661382 4277.189127 4283.046884 4287.437272 4290.336827 4293.806989 4290.829448 4287.879955 4282.944041 4281.317843 4279.944954 4277.485819 4278.108447 4276.219539 4272.112451 4267.969645 4259.738781 4248.003301 4236.822873 4233.085865 4237.348639 4243.075248 4248.372627 4253.033114 4256.831179 4256.669025 4251.063491 4242.506895 4234.851074 4233.225912 4240.191640 4245.985834 4252.735435 4253.649232 4252.249402 4249.671404 4249.347875 4245.933825 4246.097743 4253.302556 4268.362564 4270.634563 4277.101610 4276.180647 4257.939214 4224.907821 4239.350859 4219.213550 4225.565334 4220.887461 4209.430052
4281.885830 4284.922096 4283.135407 4282.140886 4275.670283 4269.549304 4268.749373 4272.793682 4279.887261 4280.908831 4273.811218 4265.139133 4257.817192 4250.237512 4247.826381 4247.351934 4247.145106 4247.697608 4242.372832 4232.778990 4215.429573 4203.800203 4192.718704 4186.767903 4182.673726 4185.899857 4197.401911 4210.023086 4215.145496 4205.420009 4196.767744 4184.719785 4176.613654 4177.091684 4177.943742 4187.566087 4204.933220 4212.972550 4213.795864 4207.100382 4200.289871 4193.504107 4190.277218 4196.691122 4212.144958 4229.262603 4245.288701 4254.663747 4262.508735 4269.780964 4267.386409 4270.390067 4272.042831 4269.709346 4273.377799
4276.476488 4269.401758 4262.330914 4256.963455 4250.512150 4245.243120 4243.367823 4245.149425 4246.927645 4242.680317 4236.307594 4226.282885 4215.176087 4205.422276 4197.545986 4198.586131 4200.964230 4202.727204 4195.265830 4179.690277 4161.723046 4148.171617 4134.258423 4130.311317 4124.238807 4116.037109 4126.106269 4146.294479 4153.876541 4137.348735 4126.274486 4110.879136 4104.392901 4100.245141 4100.916748 4109.801612 4132.785978 4157.709370 4159.955594 4148.802849 4137.713061 4133.014761 4129.733214 4134.133409 4150.756988 4171.842091 4188.253369 4198.912219 4204.266230 4212.068574 4221.510635 4236.176257 4251.332943 4263.959844 4268.117604
4251.081904 4243.299218 4235.613391 4227.951759 4221.040240 4214.811289 4210.487586 4208.524471 4204.365823 4198.208578 4191.139952 4169.480246 4156.947102 4143.837463 4128.682624 4124.695292 4119.606883 4120.589266 4109.005487 4101.334280 4085.128318 4069.768603 4054.131066 4040.340253 4034.620880 4027.791774 4025.229318 4038.431954 4046.789731 4037.840997 4028.230977 4017.898543 4013.623426 4010.257000 4012.838369 4023.337424 4042.552209 4060.877903 4069.570429 4062.348766 4061.666268 4062.081200 4060.499582 4066.971633 4077.320263 4095.095090 4117.818567 4137.309051 4147.354309 4154.170541 4163.320644 4177.834520 4192.067692 4206.572720 4224.818987
4220.479283 4211.124013 4201.163659 4191.384711 4180.847312 4170.250001 4163.659493 4166.488226 4160.512478 4154.957413 4131.125954 4074.647733 4053.051781 4033.930188 4017.527742 4010.635072 4002.032306 3984.665117 3976.069232 3971.898000 3975.419694 3961.681352 3944.189374 3926.282826 3921.451469 3918.023618 3899.400281 3893.386538 3893.539108 3911.683330 3905.839581 3905.295907 3907.846066 3905.499075 3906.513252 3919.160092 3926.257885 3931.024118 3937.918476 3943.736585 3954.935183 3963.365142 3974.619761 3992.027175 4002.567282 4017.580524 4037.783434 4063.781619 4079.619864 4089.139123 4099.462615 4114.722620 4130.852584 4148.681962 4171.145336
4185.689266 4168.759393 4154.035247 4139.669468 4126.944580 4114.064986 4097.846278 4099.865581 4097.907300 4087.359953 4030.436733 3989.905740 3955.853068 3938.836165 3914.991784 3901.144467 3883.990511 3843.745988 3825.875283 3826.363217 3842.854050 3840.395238 3825.440076 3813.966187 3804.409742 3794.667444 3776.219580 3755.903977 3762.229825 3781.757228 3783.622075 3787.823613 3796.347872 3796.057184 3788.816401 3784.759582 3796.405558 3801.441731 3812.861253 3831.544983 3836.564837 3854.204492 3889.158872 3901.832228 3916.777097 3934.803571 3954.887966 3976.783593 3999.615677 4013.700001 4028.870864 4047.164945 4063.721961 4083.885361 4106.278065
4134.285762 4102.761799 4081.464117 4064.015313 4044.663424 4016.828226 3996.921837 3994.726183 3988.715522 3958.162070 3904.953403 3870.168052 3847.887084 3826.282486 3803.586275 3779.153884 3740.268059 3705.144773 3683.213649 3700.825014 3712.890026 3726.439318 3715.599245 3705.285417 3695.901359 3677.250215 3660.243603 3643.060048 3654.550754 3663.268296 3684.119880 3691.622046 3695.618861 3702.092448 3700.573094 3688.668861 3681.724986 3689.569207 3699.263397 3711.407066 3734.217215 3770.630414 3795.272525 3813.486113 3833.695003 3851.868265 3872.704928 3895.201055 3917.852842 3934.667823 3952.642598 3970.709852 3991.248038 4009.832375 4032.108760
4052.503002 4024.414372 3998.346592 3975.305706 3942.967015 3895.583881 3881.394273 3872.518704 3849.289211 3800.156398 3758.813769 3740.597167 3729.681264 3707.041304 3686.863972 3657.846039 3623.791709 3603.291240 3582.985401 3594.319679 3605.526778 3627.436947 3619.493978 3613.671358 3611.450101 3596.193170 3583.164716 3566.468874 3572.624083 3585.253318 3609.911165 3616.285075 3620.578646 3630.424454 3629.707940 3624.597133 3605.375481 3611.625576 3622.318742 3636.983118 3668.461812 3690.463284 3712.357929 3733.840787 3752.667530 3773.590842 3795.106336 3817.446608 3843.474171 3862.555594 3881.043861 3902.058256 3920.559592 3933.837429 3948.896891
3943.243798 3919.891700 3901.168678 3877.365039 3833.758140 3790.091827 3748.390500 3720.168072 3665.827832 3631.102959 3613.679752 3615.982582 3605.535994 3587.145422 3569.498962 3551.370853 3530.973703 3513.595247 3488.984323 3495.261925 3512.217616 3530.303174 3533.320859 3535.485880 3534.681546 3526.049611 3512.864317 3499.379270 3503.239464 3520.782334 3539.047902 3549.644864 3557.582981 3565.332762 3564.885565 3554.654693 3544.070552 3548.366495 3563.605367 3579.261329 3595.687567 3615.395173 3635.310211 3654.964531 3676.660135 3698.359248 3720.296120 3744.177370 3770.102818 3790.772050 3813.599584 3837.126631 3852.421600 3859.866347 3865.923591
3840.544402 3822.449800 3800.079765 3772.912794 3731.281401 3692.593954 3652.648759 3604.545394 3572.280108 3545.109521 3541.189737 3527.678131 3516.568053 3504.124250 3485.249896 3470.661646 3457.785123 3437.679223 3429.961944 3438.306940 3452.400906 3460.459206 3468.509394 3467.048327 3465.295544 3460.404086 3446.712282 3443.858964 3454.270490 3469.457706 3482.915665 3494.727992 3501.595475 3506.405095 3503.120991 3493.528952 3490.855039 3498.703889 3513.728536 3526.385087 3539.933643 3559.455289 3578.135614 3598.477024 3619.643144 3640.287960 3663.350797 3687.137357 3711.898646 3738.019779 3759.025263 3775.874604 3783.033704 3790.946523 3788.154957
3717.389792 3707.715802 3682.756532 3655.157869 3627.530438 3596.544920 3574.550949 3545.013841 3516.699885 3489.485996 3465.099897 3455.229837 3451.269965 3440.414089 3425.400467 3416.022413 3402.001102 3394.489740 3402.656681 3404.225112 3412.180737 3410.175381 3411.673437 3409.814291 3409.719526 3408.288742 3403.355760 3416.344018 3422.697917 3435.800725 3445.600134 3455.279981 3460.828339 3464.090935 3465.256144 3461.226292 3467.217030 3472.610062 3485.500989 3495.801690 3508.093402 3526.749511 3542.269187 3559.637262 3580.251721 3601.583115 3623.676715 3647.652218 3674.021897 3696.919373 3712.682848 3717.359409 3724.658772 3723.757197 3710.155158
