tests/Borden05m/data_simulated/sim_1/output-maps/psiliqL0014N0012.asc
ncols         160
nrows         34
xllcorner     620200.000000
yllcorner     5168000.000000
cellsize      0.500000
NODATA_value  -9999.0
[rows 0 to 24 of 34, columns 0 to 55 of 160]
-9999.0 -9999.0 -9999.0 -9999.0 -9999.0 -9999.0 -9999.0 -9999.0 -9999.0 -9999.0 -9999.0 -9999.0 -9999.0 -9999.0 -9999.0 -9999.0 -9999.0 -9999.0 -9999.0 -9999.0 -9999.0 -9999.0 -9999.0 -9999.0 -9999.0 -9999.0 -9999.0 -9999.0 -9999.0 -9999.0 -9999.0 -9999.0 -9999.0 -9999.0 -9999.0 -9999.0 -9999.0 -9999.0 -9999.0 -9999.0 -9999.0 -9999.0 -9999.0 -9999.0 -9999.0 -9999.0 -9999.0 -9999.0 -9999.0 -9999.0 -9999.0 -9999.0 -9999.0 -9999.0 -9999.0 -9999.0
-9999.0 -9999.0 -9999.0 -9999.0 -9999.0 -9999.0 -9999.0 -9999.0 -9999.0 -9999.0 -9999.0 -9999.0 -9999.0 -9999.0 -9999.0 -9999.0 -9999.0 -9999.0 -9999.0 -9999.0 -9999.0 -9999.0 -9999.0 -9999.0 -9999.0 -9999.0 -9999.0 -9999.0 -9999.0 -9999.0 -9999.0 -9999.0 -9999.0 -9999.0 -9999.0 -9999.0 -9999.0 -9999.0 -9999.0 -9999.0 -9999.0 -9999.0 -9999.0 -9999.0 -9999.0 -9999.0 -9999.0 -9999.0 -9999.0 -9999.0 -9999.0 -9999.0 -9999.0 -9999.0 -9999.0 -9999.0
-9999.0 -9999.0 -9999.0 -9999.0 -9999.0 -9999.0 -9999.0 -9999.0 -9999.0 -9999.0 -9999.0 -9999.0 -9999.0 -9999.0 -9999.0 -9999.0 -9999.0 -9999.0 -9999.0 -9999.0 -9999.0 -9999.0 -9999.0 -9999.0 -9999.0 -9999.0 -9999.0 -9999.0 -9999.0 -9999.0 -9999.0 -9999.0 -9999.0 -9999.0 -9999.0 -9999.0 -9999.0 -9999.0 -9999.0 -9999.0 -9999.0 -9999.0 -9999.0 -9999.0 -9999.0 -9999.0 -9999.0 896.155562 878.950641 863.579678 861.259173 883.828365 907.373341 931.356056 952.122718 970.894343
-9999.0 -9999.0 -9999.0 -9999.0 -9999.0 -9999.0 -9999.0 -9999.0 -9999.0 -9999.0 -9999.0 -9999.0 -9999.0 -9999.0 -9999.0 -9999.0 -9999.0 -9999.0 -9999.0 -9999.0 -9999.0 -9999.0 -9999.0 -9999.0 -9999.0 -9999.0 -9999.0 -9999.0 -9999.0 -9999.0 -9999.0 -9999.0 -9999.0 -9999.0 -9999.0 -9999.0 -9999.0 -9999.0 -9999.0 -9999.0 943.585041 949.571137 950.790217 940.515434 929.470983 917.318107 897.414752 879.783065 865.206374 862.918795 865.782126 870.895327 893.531405 918.464995 938.379922 955.542131
-9999.0 -9999.0 -9999.0 -9999.0 -9999.0 -9999.0 -9999.0 -9999.0 -9999.0 -9999.0 -9999.0 -9999.0 -9999.0 -9999.0 -9999.0 -9999.0 -9999.0 -9999.0 -9999.0 -9999.0 -9999.0 -9999.0 -9999.0 -9999.0 -9999.0 -9999.0 -9999.0 -9999.0 -9999.0 -9999.0 -9999.0 -9999.0 -9999.0 -9999.0 850.757834 868.266034 886.501616 905.094940 922.011660 928.939980 934.841081 940.670584 936.690746 932.259892 921.108105 902.066256 882.779933 869.233691 867.410412 865.199036 869.705420 882.730301 899.768866 916.144373 937.326119 961.207641
-9999.0 -9999.0 -9999.0 -9999.0 -9999.0 -9999.0 -9999.0 -9999.0 -9999.0 -9999.0 -9999.0 -9999.0 -9999.0 -9999.0 -9999.0 -9999.0 -9999.0 -9999.0 -9999.0 -9999.0 -9999.0 -9999.0 -9999.0 -9999.0 -9999.0 -9999.0 -9999.0 -9999.0 854.345438 848.572595 843.746964 842.487537 841.419811 840.544313 847.539848 859.721310 877.893476 899.820639 913.027965 920.464891 927.320398 928.244725 923.392806 921.663366 922.263201 910.647260 899.200617 888.511210 878.214120 876.858607 886.677305 901.112466 917.650154 932.832040 948.603611 959.383194
-9999.0 -9999.0 -9999.0 -9999.0 -9999.0 -9999.0 -9999.0 -9999.0 -9999.0 -9999.0 -9999.0 -9999.0 -9999.0 -9999.0 -9999.0 -9999.0 -9999.0 -9999.0 -9999.0 -9999.0 -9999.0 -9999.0 -9999.0 823.997667 829.847588 836.546347 844.218500 845.342894 841.494242 836.118790 833.357662 832.137105 830.674003 835.426251 843.696202 857.491228 873.547768 895.711587 904.563799 910.827165 923.273185 926.331130 932.429664 936.773896 935.339465 932.696691 920.350899 911.228222 916.407741 922.478007 929.595038 937.934757 951.700731 967.374069 985.022439 1005.532667
-9999.0 -9999.0 -9999.0 -9999.0 -9999.0 -9999.0 -9999.0 -9999.0 -9999.0 -9999.0 -9999.0 -9999.0 -9999.0 -9999.0 -9999.0 -9999.0 -9999.0 -9999.0 -9999.0 798.675634 799.698703 801.044748 805.903877 806.847307 809.151522 816.337836 824.712685 827.337475 825.850137 824.716648 826.539087 829.561843 834.254149 845.844247 859.969619 874.480034 888.658324 909.888650 924.987219 938.876805 955.186011 954.878569 951.199838 949.700866 950.509416 951.013142 955.301409 958.262559 964.861546 969.828670 976.495822 986.251165 998.219656 1016.895606 1037.177961 1057.415392
-9999.0 -9999.0 -9999.0 -9999.0 -9999.0 -9999.0 -9999.0 -9999.0 -9999.0 -9999.0 -9999.0 -9999.0 -9999.0 -9999.0 -9999.0 -9999.0 769.800603 771.749152 774.098231 779.623834 782.678698 786.860498 794.008136 795.468930 799.474147 806.872933 812.036854 821.145196 829.513430 837.164751 843.493725 846.556888 854.389295 864.418744 876.700665 892.355473 914.249744 937.778890 954.479790 971.756090 989.282763 990.329611 989.651584 991.172278 992.025925 998.726300 1016.577983 1022.789520 1024.429143 1041.296542 1055.784744 1061.427774 1069.686879 1089.347417 1113.617282 1137.443941
-9999.0 -9999.0 -9999.0 -9999.0 -9999.0 -9999.0 -9999.0 -9999.0 -9999.0 -9999.0 -9999.0 -9999.0 -9999.0 723.341610 727.597349 737.297043 746.671297 749.358490 753.827407 760.079844 772.502679 776.376644 782.869542 790.723010 802.886559 811.825350 821.339634 833.545282 842.353142 850.005802 857.479543 863.573828 877.291436 892.997558 909.235349 929.958099 952.480138 973.581934 994.642918 1011.052488 1025.363767 1027.907669 1027.411565 1030.228920 1038.374754 1056.054074 1075.486958 1085.280682 1104.233147 1127.979832 1142.186464 1154.622088 1164.034444 1178.137967 1200.007161 1234.917552
-9999.0 -9999.0 -9999.0 -9999.0 -9999.0 -9999.0 -9999.0 -9999.0 -9999.0 -9999.0 689.977025 692.426573 689.179061 689.151608 694.405149 706.689320 720.569919 727.374658 739.170574 760.320229 778.342418 782.171618 797.050370 807.601976 814.742590 825.693691 839.290199 852.598768 869.965224 883.048483 895.310964 915.520139 932.664896 949.900213 968.390058 989.377156 1010.005967 1039.324855 1067.187954 1080.982214 1104.151601 1116.023211 1113.906170 1114.674273 1124.238549 1141.099854 1163.364162 1187.895029 1210.654513 1236.978513 1255.416307 1270.692937 1282.319903 1295.533534 1312.066958 1347.754700
-9999.0 -9999.0 -9999.0 -9999.0 -9999.0 -9999.0 -9999.0 -9999.0 665.274624 672.691628 678.993884 676.197405 671.907512 668.259260 682.160226 698.232834 714.535293 732.380284 748.687518 767.193941 782.889112 799.577336 819.816182 832.023828 844.228621 860.104262 874.393821 892.242353 914.262462 927.937070 945.682132 967.985902 987.564569 1006.533607 1026.237554 1045.461900 1073.065278 1107.677808 1140.714093 1164.626580 1193.531072 1217.521300 1217.721682 1220.990144 1226.141956 1252.586861 1282.837733 1314.327817 1340.569058 1368.659860 1398.713123 1417.300570 1428.647647 1441.898815 1457.702201 1476.831131
-9999.0 -9999.0 -9999.0 -9999.0 -9999.0 -9999.0 638.092762 662.447805 677.618618 669.928531 660.382578 656.997363 653.251615 676.587455 698.773010 716.309463 733.560756 751.565768 768.541610 782.170305 816.528697 834.808335 849.869775 868.731653 883.984733 899.282777 917.503667 941.715877 964.552639 995.444433 1022.664817 1047.982364 1075.388666 1096.273688 1116.253594 1135.784638 1168.230281 1206.616657 1244.288380 1274.243530 1302.433512 1333.788751 1341.764983 1348.046916 1355.683058 1376.911386 1408.827529 1439.612946 1473.790137 1506.214883 1533.170381 1545.471425 1556.321999 1568.124894 1582.005784 1594.662434
-9999.0 -9999.0 -9999.0 -9999.0 604.481848 625.511874 645.764792 676.657119 699.454062 694.704817 701.735853 702.241165 700.810929 704.903664 712.214033 730.715405 749.702444 768.995736 787.466149 823.233100 867.811538 884.260713 909.656399 942.535596 957.196921 973.393697 990.548750 1014.595570 1042.593037 1077.288567 1122.337136 1160.876169 1187.877543 1211.899179 1234.114900 1257.143510 1291.905823 1330.252263 1367.764462 1402.615502 1433.118675 1459.338217 1472.495949 1480.711352 1492.718908 1509.155460 1530.586064 1557.984575 1589.222321 1621.297041 1646.445763 1660.325651 1668.524924 1679.455920 1690.215087 1702.463378
-9999.0 -9999.0 -9999.0 555.239662 594.004154 631.892273 659.180341 690.365260 722.751378 727.944424 737.268486 742.798812 748.283025 757.374031 766.591959 784.151475 800.695418 816.927309 839.586700 877.085892 913.100482 944.295262 977.467300 1005.661829 1027.667158 1044.638023 1064.091658 1089.156586 1129.920870 1168.570495 1219.726225 1273.688399 1311.259419 1336.311559 1358.930265 1386.506534 1411.805693 1448.144223 1483.242077 1516.551889 1548.450288 1573.449756 1592.493262 1600.343686 1609.888600 1618.604752 1634.971322 1656.504532 1678.413631 1707.162339 1735.379273 1759.819321 1773.846273 1783.991269 1800.035544 1816.024114
-9999.0 -9999.0 508.086525 545.888496 580.246419 630.821579 683.991074 718.623739 759.894430 784.344338 791.727345 809.548208 826.311168 834.312391 850.618819 868.412765 886.283550 893.448497 910.726183 942.630514 993.788654 1040.823341 1064.342516 1116.904942 1151.280554 1179.500604 1197.827667 1225.187791 1261.083381 1303.355845 1352.151630 1402.081155 1440.735820 1472.014694 1488.629880 1507.989069 1530.584882 1554.376127 1588.006352 1616.891221 1648.215771 1674.357406 1696.240708 1703.365414 1708.426702 1724.019029 1748.002068 1773.483528 1797.653568 1820.973327 1825.486216 1836.873937 1842.507428 1846.095030 1850.941510 1854.344574
-9999.0 -9999.0 481.550421 526.459400 567.195806 634.294946 713.912016 751.585607 795.082841 841.436843 860.925343 886.128297 899.689195 911.043620 935.287324 958.601481 970.945210 978.256875 979.033875 1035.485803 1095.038372 1148.073391 1198.333619 1265.619434 1311.448471 1328.535339 1341.450836 1362.425311 1387.397653 1430.487827 1477.774229 1529.765913 1572.877517 1603.432938 1619.405515 1637.269549 1657.109082 1674.541111 1693.286116 1731.910489 1758.886337 1784.487692 1811.124917 1831.253042 1839.561675 1843.040825 1833.383700 1842.818301 1849.494475 1852.859025 1854.412388 1851.657728 1851.516498 1852.641960 1853.910145 1849.039120
-9999.0 392.840633 445.051622 498.507485 567.829673 635.688571 719.661971 800.280301 857.240469 904.904386 935.087638 949.334691 988.727724 1032.734341 1059.694144 1087.530123 1091.222348 1096.918484 1088.702535 1137.713903 1189.194769 1265.661388 1375.651027 1432.634795 1476.959530 1480.274761 1476.464039 1489.509905 1513.414606 1556.093114 1621.481341 1667.540801 1719.115823 1758.059598 1772.723826 1779.309614 1796.410708 1815.775046 1804.919513 1826.507928 1836.943477 1845.833921 1848.780398 1851.103057 1852.723651 1853.457990 1850.794346 1844.929856 1837.619534 1832.421941 1828.615843 1824.218203 1826.691934 1829.938919 1830.564576 1823.434199
-9999.0 357.523364 417.178471 488.985216 560.448629 629.852603 734.894550 877.020429 930.978649 969.387323 994.575762 1020.979545 1100.494202 1167.321744 1202.697700 1247.543286 1243.904295 1235.138380 1224.686770 1259.066565 1309.983402 1384.283522 1523.934790 1607.662071 1635.275650 1647.564107 1655.715097 1682.203419 1718.070434 1753.158161 1784.995362 1786.412334 1811.651083 1824.664977 1829.091695 1831.357030 1835.434920 1836.353704 1835.213913 1832.626625 1829.141341 1830.425451 1835.333906 1835.941073 1833.829075 1831.221383 1825.894203 1818.360743 1812.691661 1807.821089 1804.731083 1801.355747 1799.443189 1799.149068 1794.398142 1788.149531
-9999.0 328.482792 399.570965 463.608843 530.054501 646.326057 772.553005 908.120245 1001.809078 1041.421047 1069.304858 1141.622267 1242.181329 1337.019856 1388.579835 1414.835687 1418.866801 1401.488562 1408.072274 1454.072341 1519.271480 1609.061154 1697.561272 1772.611464 1787.057301 1792.327327 1774.780379 1788.604400 1801.416166 1805.080491 1807.940520 1812.609673 1819.309233 1823.509638 1823.651465 1822.055496 1818.431408 1811.416159 1807.224120 1804.664010 1801.908491 1802.082903 1805.177905 1806.674481 1804.381909 1800.582549 1795.827205 1789.662966 1782.954831 1775.761509 1771.205226 1766.606902 1763.900482 1758.549346 1753.533346 1746.706721
-9999.0 230.471812 318.380604 374.526550 492.155802 665.830874 792.977150 944.520960 1090.664480 1133.030285 1211.570664 1330.332185 1433.937060 1506.340646 1547.069241 1589.084866 1618.961117 1644.249752 1680.656832 1645.800531 1702.113385 1757.756990 1782.854999 1796.104199 1799.574185 1802.815188 1796.889053 1779.608630 1771.006617 1766.017306 1769.264564 1777.883516 1784.541751 1790.986773 1789.766549 1790.868791 1791.183923 1787.871734 1784.330820 1776.475848 1769.261493 1763.880278 1762.348486 1767.653616 1762.802976 1759.476225 1753.185761 1744.709044 1735.512012 1727.292499 1719.042775 1711.755980 1708.363734 1702.189450 1699.852984 1690.703730
-9999.0 149.574456 226.840046 318.388778 458.774228 623.627742 756.468641 925.552027 1133.036730 1249.939727 1372.729575 1443.990510 1516.530398 1577.327816 1639.062917 1684.498998 1709.733800 1721.558994 1715.145954 1728.277360 1700.532387 1696.891955 1716.422768 1744.295571 1759.028783 1764.574953 1757.667660 1748.427554 1742.524219 1742.554115 1742.266655 1741.648653 1740.665261 1739.081475 1736.373693 1738.437570 1742.853523 1736.676959 1728.128494 1720.063153 1712.830104 1704.730381 1699.368597 1695.997976 1694.761006 1694.289508 1686.546554 1675.834349 1664.845555 1656.158900 1647.949479 1641.762141 1638.552248 1632.901262 1624.241433 1611.179631
-9999.0 52.529485 173.143840 268.721560 392.961404 531.165988 660.218909 826.265757 978.197685 1197.896567 1357.405518 1459.566523 1500.557040 1557.821827 1616.777307 1682.324296 1688.219086 1662.052638 1633.505536 1622.295245 1630.493599 1642.433649 1657.275811 1677.944493 1696.247141 1706.636032 1709.416319 1702.651790 1689.783939 1681.018036 1674.765960 1665.401279 1658.663728 1657.665707 1658.435547 1665.366580 1667.302978 1658.039221 1645.050161 1629.085226 1615.195769 1604.737014 1601.861812 1603.118292 1602.989309 1599.250811 1592.254765 1581.545633 1568.785235 1556.735732 1548.907014 1542.965903 1535.530301 1525.016052 1513.324129 1500.123005
-9999.0 -9999.0 98.621235 210.214532 320.072815 444.622767 562.953014 709.533301 862.295245 1045.890185 1164.770090 1292.722235 1364.054526 1409.796804 1459.595341 1513.602408 1532.811157 1553.002179 1538.759299 1545.357980 1554.007341 1561.705215 1572.571343 1584.940525 1598.694593 1609.045159 1617.005139 1615.269716 1606.596531 1589.912332 1570.039586 1554.787972 1546.050167 1539.108361 1548.072718 1558.974624 1555.723456 1548.820080 1536.773851 1521.110425 1508.165523 1494.559292 1490.745165 1490.905898 1490.792136 1487.704361 1483.029729 1470.105816 1457.035654 1444.908425 1438.969204 1432.342786 1426.370428 1415.008822 1402.838101 1389.469050
-9999.0 -9999.0 14.573712 124.061654 240.103872 364.737440 467.211562 547.673186 702.368938 820.721703 925.836042 1023.927647 1105.626195 1168.431678 1212.279169 1272.543577 1312.983144 1329.595033 1350.163640 1380.575570 1407.397332 1435.804363 1454.733327 1467.984623 1482.235878 1495.656987 1504.472669 1493.211286 1482.672879 1466.530766 1445.745402 1422.969279 1411.003097 1407.213093 1409.148900 1413.874601 1407.910382 1398.169878 1383.768793 1368.118240 1355.097054 1343.734571 1339.513760 1335.965507 1334.410314 1331.314865 1327.952744 1319.328631 1307.970249 1300.078285 1291.468063 1285.100743 1281.560252 1274.395234 1264.758102 1257.986801
