tests/Borden05m/data_simulated/sim_1/output-maps/psiliqL0004N0009.asc
ncols         160
nrows         34
xllcorner     620200.000000
yllcorner     5168000.000000
cellsize      0.500000
NODATA_value  -9999.0
[rows 0 to 24 of 34, columns 0 to 55 of 160]
-9999.0 -9999.0 -9999.0 -9999.0 -9999.0 -9999.0 -9999.0 -9999.0 -9999.0 -9999.0 -9999.0 -9999.0 -9999.0 -9999.0 -9999.0 -9999.0 -9999.0 -9999.0 -9999.0 -9999.0 -9999.0 -9999.0 -9999.0 -9999.0 -9999.0 -9999.0 -9999.0 -9999.0 -9999.0 -9999.0 -9999.0 -9999.0 -9999.0 -9999.0 -9999.0 -9999.0 -9999.0 -9999.0 -9999.0 -9999.0 -9999.0 -9999.0 -9999.0 -9999.0 -9999.0 -9999.0 -9999.0 -9999.0 -9999.0 -9999.0 -9999.0 -9999.0 -9999.0 -9999.0 -9999.0 -9999.0
-9999.0 -9999.0 -9999.0 -9999.0 -9999.0 -9999.0 -9999.0 -9999.0 -9999.0 -9999.0 -9999.0 -9999.0 -9999.0 -9999.0 -9999.0 -9999.0 -9999.0 -9999.0 -9999.0 -9999.0 -9999.0 -9999.0 -9999.0 -9999.0 -9999.0 -9999.0 -9999.0 -9999.0 -9999.0 -9999.0 -9999.0 -9999.0 -9999.0 -9999.0 -9999.0 -9999.0 -9999.0 -9999.0 -9999.0 -9999.0 -9999.0 -9999.0 -9999.0 -9999.0 -9999.0 -9999.0 -9999.0 -9999.0 -9999.0 -9999.0 -9999.0 -9999.0 -9999.0 -9999.0 -9999.0 -9999.0
-9999.0 -9999.0 -9999.0 -9999.0 -9999.0 -9999.0 -9999.0 -9999.0 -9999.0 -9999.0 -9999.0 -9999.0 -9999.0 -9999.0 -9999.0 -9999.0 -9999.0 -9999.0 -9999.0 -9999.0 -9999.0 -9999.0 -9999.0 -9999.0 -9999.0 -9999.0 -9999.0 -9999.0 -9999.0 -9999.0 -9999.0 -9999.0 -9999.0 -9999.0 -9999.0 -9999.0 -9999.0 -9999.0 -9999.0 -9999.0 -9999.0 -9999.0 -9999.0 -9999.0 -9999.0 -9999.0 -9999.0 -636.091350 -648.562508 -663.804260 -668.080428 -650.796844 -642.734108 -635.232464 -630.036428 -625.215713
-9999.0 -9999.0 -9999.0 -9999.0 -9999.0 -9999.0 -9999.0 -9999.0 -9999.0 -9999.0 -9999.0 -9999.0 -9999.0 -9999.0 -9999.0 -9999.0 -9999.0 -9999.0 -9999.0 -9999.0 -9999.0 -9999.0 -9999.0 -9999.0 -9999.0 -9999.0 -9999.0 -9999.0 -9999.0 -9999.0 -9999.0 -9999.0 -9999.0 -9999.0 -9999.0 -9999.0 -9999.0 -9999.0 -9999.0 -9999.0 -635.126163 -629.593182 -625.303210 -633.334265 -637.123820 -637.116119 -646.221511 -656.699372 -667.580055 -664.558260 -664.303935 -671.472501 -659.176880 -649.145885 -645.140351 -641.710840
-9999.0 -9999.0 -9999.0 -9999.0 -9999.0 -9999.0 -9999.0 -9999.0 -9999.0 -9999.0 -9999.0 -9999.0 -9999.0 -9999.0 -9999.0 -9999.0 -9999.0 -9999.0 -9999.0 -9999.0 -9999.0 -9999.0 -9999.0 -9999.0 -9999.0 -9999.0 -9999.0 -9999.0 -9999.0 -9999.0 -9999.0 -9999.0 -9999.0 -9999.0 -664.186606 -652.995294 -647.755959 -642.745564 -635.698708 -637.601846 -639.195980 -634.309206 -638.674619 -639.147160 -644.964385 -655.939098 -667.192059 -673.714869 -667.443922 -669.613424 -669.464939 -663.605400 -659.596833 -657.656486 -649.382973 -636.868724
-9999.0 -9999.0 -9999.0 -9999.0 -9999.0 -9999.0 -9999.0 -9999.0 -9999.0 -9999.0 -9999.0 -9999.0 -9999.0 -9999.0 -9999.0 -9999.0 -9999.0 -9999.0 -9999.0 -9999.0 -9999.0 -9999.0 -9999.0 -9999.0 -9999.0 -9999.0 -9999.0 -9999.0 -647.925710 -652.242165 -655.580485 -655.421199 -656.975201 -662.860941 -664.241535 -662.824806 -656.550740 -646.783589 -644.843410 -645.685502 -644.755410 -646.845927 -653.066697 -653.769015 -647.186066 -653.875396 -657.396700 -662.033092 -673.126585 -675.896869 -669.375033 -662.990357 -657.388809 -655.557801 -654.114830 -653.584096
-9999.0 -9999.0 -9999.0 -9999.0 -9999.0 -9999.0 -9999.0 -9999.0 -9999.0 -9999.0 -9999.0 -9999.0 -9999.0 -9999.0 -9999.0 -9999.0 -9999.0 -9999.0 -9999.0 -9999.0 -9999.0 -9999.0 -9999.0 -655.874010 -651.879025 -650.284124 -646.747253 -648.476137 -656.736682 -662.188167 -664.580499 -666.542083 -671.128463 -671.558795 -671.474745 -668.223843 -665.608361 -655.200241 -659.641313 -662.477767 -653.833376 -655.662966 -650.158622 -644.053703 -645.533713 -644.479326 -656.259822 -665.267566 -656.185822 -652.430352 -652.628066 -654.306766 -650.901790 -646.410954 -640.893717 -632.001419
-9999.0 -9999.0 -9999.0 -9999.0 -9999.0 -9999.0 -9999.0 -9999.0 -9999.0 -9999.0 -9999.0 -9999.0 -9999.0 -9999.0 -9999.0 -9999.0 -9999.0 -9999.0 -9999.0 -656.057486 -657.273547 -659.683432 -658.655011 -666.672644 -670.074054 -667.617832 -663.127415 -665.613606 -670.339712 -674.412720 -673.908710 -673.319755 -674.217814 -667.843547 -662.616578 -660.639478 -661.507389 -653.261587 -650.541324 -645.872425 -634.567899 -641.607301 -648.771512 -652.574680 -652.928876 -655.046638 -648.438363 -646.441118 -645.653653 -646.189934 -645.816222 -643.847110 -642.362810 -633.014259 -624.314130 -616.953118
-9999.0 -9999.0 -9999.0 -9999.0 -9999.0 -9999.0 -9999.0 -9999.0 -9999.0 -9999.0 -9999.0 -9999.0 -9999.0 -9999.0 -9999.0 -9999.0 -657.570568 -658.234576 -661.243298 -666.103050 -670.365907 -670.399009 -666.933635 -672.994139 -674.968822 -673.463485 -676.054042 -672.813133 -669.398453 -665.413887 -663.594646 -667.833139 -666.924303 -667.304580 -667.476332 -665.059965 -655.787891 -647.235544 -644.981844 -638.900268 -628.722409 -634.187807 -636.655020 -636.410895 -639.910268 -636.744318 -622.083648 -624.129250 -630.126262 -615.203267 -607.302264 -609.782026 -610.760924 -601.113301 -587.188331 -570.568329
-9999.0 -9999.0 -9999.0 -9999.0 -9999.0 -9999.0 -9999.0 -9999.0 -9999.0 -9999.0 -9999.0 -9999.0 -9999.0 -659.735793 -660.320903 -659.334237 -666.918489 -673.022020 -676.714729 -681.858707 -674.935815 -679.694414 -681.105740 -679.829639 -673.646659 -673.356210 -672.522841 -668.607546 -669.678717 -671.309600 -672.899342 -676.416987 -671.231728 -666.016078 -662.257543 -654.829960 -648.903413 -644.105578 -636.051565 -633.966596 -628.607553 -630.331741 -636.020804 -637.212152 -632.507777 -619.068701 -608.744498 -605.091665 -588.300474 -571.368541 -563.621744 -554.000328 -549.653247 -543.757951 -529.908185 -492.043346
-9999.0 -9999.0 -9999.0 -9999.0 -9999.0 -9999.0 -9999.0 -9999.0 -9999.0 -9999.0 -672.309258 -668.187976 -674.375673 -686.008577 -691.040122 -688.181258 -685.167828 -689.492123 -689.142623 -676.728480 -669.955211 -680.999170 -673.146392 -672.857710 -677.426019 -676.046992 -672.721069 -671.944484 -664.529281 -663.988587 -663.646746 -651.986262 -648.651093 -645.099455 -640.371782 -635.212585 -630.573338 -614.058260 -600.257179 -599.900270 -582.191899 -571.654055 -580.336992 -583.604983 -581.072656 -569.098329 -550.572822 -526.198162 -503.830783 -470.189714 -439.733314 -418.674751 -402.048150 -379.314046 -338.138785 -263.097779
-9999.0 -9999.0 -9999.0 -9999.0 -9999.0 -9999.0 -9999.0 -9999.0 -689.562356 -682.718317 -678.472854 -683.802275 -691.069304 -704.452013 -699.153035 -694.044697 -690.546587 -685.426191 -682.937144 -680.794040 -683.453531 -679.168120 -671.357978 -673.165698 -672.156669 -667.054885 -666.612600 -661.978287 -655.005473 -657.606290 -653.606566 -647.033626 -641.269873 -636.083635 -630.049691 -625.983268 -609.365042 -588.335376 -567.267393 -550.398765 -528.121335 -502.601272 -504.356922 -500.622543 -496.010750 -462.539734 -417.291138 -347.196657 -264.630458 -243.276184 -229.147797 -221.705809 -216.192482 -207.565992 -193.522983 -177.212321
-9999.0 -9999.0 -9999.0 -9999.0 -9999.0 -9999.0 -700.299690 -684.795249 -677.458302 -694.456729 -708.061199 -712.718386 -721.021841 -702.795379 -687.435386 -684.436862 -682.092229 -679.324431 -680.583987 -690.027341 -667.687022 -673.157639 -677.123121 -670.250469 -670.336057 -669.317587 -664.740701 -655.039980 -650.272787 -632.322232 -619.412854 -608.397740 -594.413507 -585.925063 -577.379689 -567.782474 -544.008671 -511.589475 -470.940906 -429.217043 -379.605686 -306.806123 -272.480044 -255.141509 -248.032552 -240.406390 -226.058095 -205.916486 -177.353840 -155.575871 -140.403961 -134.053503 -126.749007 -116.462903 -101.466796 -88.734235
-9999.0 -9999.0 -9999.0 -9999.0 -692.205951 -688.664656 -691.335995 -677.973659 -668.938601 -689.126326 -681.831253 -685.470178 -692.311259 -700.572931 -710.492074 -702.905596 -698.395089 -695.253679 -696.215740 -674.119282 -655.611895 -666.443183 -657.195925 -640.083974 -643.112759 -640.790636 -639.222644 -631.126748 -617.387734 -600.564132 -566.451008 -537.608824 -519.609016 -499.063248 -477.756472 -448.934052 -401.326652 -303.692561 -250.496855 -230.489862 -212.477539 -192.577554 -177.978379 -169.990674 -162.151325 -153.831649 -142.051324 -121.724464 -95.690178 -70.673691 -48.804215 -36.768767 -27.321520 -14.037635 13.298569 26.251009
-9999.0 -9999.0 -9999.0 -702.178585 -686.759124 -681.007324 -687.903701 -684.936341 -673.502009 -684.363291 -686.303941 -688.217919 -689.378455 -689.095585 -689.872401 -685.491579 -684.345766 -686.913041 -683.380174 -669.894793 -663.189428 -652.397681 -643.722411 -631.662197 -621.731263 -617.572971 -611.876282 -598.752246 -568.805151 -538.095553 -484.712382 -414.892288 -335.620790 -267.752629 -248.453118 -235.787929 -223.152263 -198.024465 -173.514528 -153.097279 -131.176255 -109.979975 -88.901780 -81.126966 -75.613710 -67.731439 -53.103819 -30.439336 3.541855 16.760110 52.489554 59.827321 82.106504 89.594188 105.081497 117.125530
-9999.0 -9999.0 -699.843201 -690.921385 -696.724094 -685.707337 -673.629633 -681.365280 -667.237961 -662.681659 -676.039920 -668.160318 -664.055191 -672.146522 -666.582195 -660.359795 -656.958616 -666.324312 -672.588681 -657.321853 -626.682622 -602.862517 -591.062961 -542.673924 -516.482192 -500.276883 -492.984197 -468.002756 -428.776086 -330.091527 -253.423523 -224.776689 -197.842468 -170.829631 -159.514774 -148.027397 -129.594811 -114.113408 -89.836207 -65.649024 -42.163362 -14.765962 23.875205 32.325581 24.526502 47.827546 56.201601 86.394639 106.458415 122.732001 138.982126 138.977840 140.438243 140.366207 141.461278 141.246049
-9999.0 -9999.0 -710.316487 -695.429022 -705.424011 -682.824317 -662.106189 -680.681624 -673.963934 -653.474885 -658.198576 -655.352831 -657.482905 -656.023287 -647.037701 -630.674691 -637.971552 -640.636628 -657.643674 -614.975999 -579.269316 -526.717461 -437.172262 -342.393033 -265.218250 -252.653170 -248.914393 -241.442234 -229.634853 -199.562683 -158.593739 -122.537160 -87.191191 -60.989641 -47.076996 -30.796989 3.473584 19.009082 31.945375 60.338823 65.630679 95.773464 117.965604 134.251833 139.193121 140.388604 138.973389 140.702410 140.939164 141.458646 140.622105 138.006580 136.804561 137.709466 138.295711 134.157548
-9999.0 -714.484660 -706.815450 -706.139180 -691.224112 -695.493119 -677.766625 -653.435308 -652.930219 -643.660861 -642.407634 -653.488964 -612.238818 -578.539531 -567.493465 -541.855268 -552.544423 -560.022251 -577.772605 -542.604003 -482.118865 -317.356307 -222.354145 -179.011905 -149.973126 -144.347406 -146.580036 -135.776445 -114.880919 -79.192797 -9.618202 23.987960 59.654656 86.725371 95.160716 97.844470 111.528234 126.432583 140.373183 143.720668 143.418669 144.594170 141.262543 140.942811 141.626256 141.088333 138.678231 132.656204 125.486659 119.699828 115.764321 112.114288 114.270295 116.847882 118.031745 112.220068
-9999.0 -738.153248 -708.019678 -691.088522 -697.248338 -708.973272 -669.277541 -613.843060 -629.834325 -633.297217 -633.580624 -603.368617 -521.463386 -449.238795 -402.450854 -334.051702 -343.867765 -374.810957 -374.391092 -287.936869 -241.253352 -191.276762 -93.478450 3.501055 7.952898 16.992870 24.523890 44.226515 68.942122 90.528108 108.756205 128.510224 131.879211 132.954655 133.234698 133.821936 134.284006 134.446817 131.254166 126.836972 122.064380 122.210180 125.984950 126.607629 123.536450 120.669120 115.728410 108.853284 102.989662 86.759724 82.342266 89.945826 88.523163 77.791247 74.043794 79.819880
-9999.0 -714.482947 -681.832950 -689.919540 -717.192060 -678.546554 -661.954646 -622.169666 -593.038783 -597.769742 -562.516358 -454.463384 -280.448084 -233.361383 -208.862968 -188.546241 -174.347522 -179.225396 -163.643716 -116.312574 -40.700426 17.576838 60.393878 111.015859 117.810476 118.541831 117.630258 118.328191 119.075567 119.387856 119.659972 117.525308 122.588391 124.114724 123.708324 120.546522 116.930687 109.542435 104.260881 89.047811 81.020620 80.977045 88.263884 101.049526 87.177845 79.293710 75.927051 81.617427 62.677237 49.506001 44.224067 41.837031 39.580908 33.528724 28.930909 25.082059
-9999.0 -756.763623 -706.680446 -748.452700 -693.004246 -648.464045 -652.666286 -590.995148 -525.338083 -506.793853 -360.838550 -244.685226 -182.085144 -141.622037 -103.149374 -43.425002 27.872120 52.483766 76.764834 80.571176 108.518254 123.229988 125.073792 126.155558 118.937623 119.201497 111.882583 92.028968 81.685434 74.966391 75.865509 69.154952 87.853336 81.006302 91.771328 79.803660 91.758936 88.267427 81.736492 56.439695 44.695330 39.474366 40.890790 51.492173 41.712926 36.288521 30.637315 24.405270 13.412872 3.592057 -4.517618 -10.919975 -13.729932 -19.261596 -20.078435 -25.628369
-9999.0 -789.279558 -751.602268 -726.331151 -679.631075 -648.107022 -618.884957 -556.290627 -438.113981 -310.227582 -229.173555 -193.596613 -148.484432 -92.914219 -20.874175 72.377049 97.844252 100.648525 100.159544 90.269429 50.497231 41.196358 54.071712 73.859129 82.029933 84.489378 73.616931 39.841989 28.333682 26.214374 24.787343 22.999147 24.629567 22.055447 20.660308 20.461097 26.513383 21.950950 14.281067 4.267148 -2.942317 -9.744205 -13.533195 -14.657809 -17.519686 -18.541138 -25.660882 -35.441216 -45.958244 -54.109154 -61.676226 -67.227227 -68.616889 -71.897081 -76.059134 -83.654207
-9999.0 -871.595200 -739.103819 -726.612523 -698.598123 -690.166041 -681.880185 -627.825370 -552.257000 -329.667535 -188.073368 -164.663941 -148.136062 -115.454829 -52.230077 22.149317 74.831205 45.888772 15.556733 -38.848940 -51.965075 -48.415989 -35.137628 -15.032596 0.037042 7.329195 4.806852 -8.979540 -23.958263 -31.563359 -35.419584 -42.581020 -47.515883 -47.838695 -49.674162 -45.351388 -41.373257 -48.864875 -58.955391 -71.113372 -81.181422 -88.076311 -89.896776 -88.829711 -89.403164 -92.224807 -98.973669 -108.167897 -119.265187 -128.654755 -135.436159 -139.647255 -143.453214 -148.489897 -153.881043 -159.366370
-9999.0 -9999.0 -795.606469 -725.854910 -718.802683 -709.684450 -701.576114 -658.253059 -613.572043 -483.779750 -323.649236 -246.451035 -221.127856 -193.476492 -144.754810 -100.514820 -85.453739 -78.987707 -107.327929 -118.743146 -121.983657 -119.758851 -109.691824 -97.172022 -85.366961 -78.301151 -74.810946 -77.488288 -86.213080 -99.417226 -114.415832 -125.290854 -131.536476 -135.858702 -130.556207 -122.409431 -122.933690 -126.687640 -133.433712 -142.491659 -149.576997 -156.961278 -158.248696 -157.026960 -157.066674 -159.651499 -164.826464 -176.928498 -189.945372 -201.375159 -206.816742 -211.312974 -214.919752 -221.031257 -226.792995 -232.781787
-9999.0 -9999.0 -887.174548 -760.937162 -716.596241 -687.881592 -693.021937 -689.754441 -630.279371 -602.626809 -561.164282 -496.012242 -433.482865 -349.905693 -266.197925 -238.215671 -228.045095 -224.171201 -224.958560 -221.093901 -211.290852 -196.740885 -181.679854 -170.026593 -161.239789 -154.696067 -148.586539 -155.372847 -162.328418 -174.393692 -193.241231 -211.486875 -219.452100 -222.986167 -220.785201 -216.464118 -219.028011 -223.724498 -230.005531 -236.939671 -241.762447 -246.568292 -247.721230 -248.294924 -248.758905 -251.365457 -258.131928 -281.106412 -319.519867 -348.270369 -367.681121 -382.567207 -390.727682 -406.584533 -424.725300 -437.729084
