tests/Borden05m/data_simulated/sim_1/output-maps/psiliqL0011N0003.asc
ncols         160
nrows         34
xllcorner     620200.000000
yllcorner     5168000.000000
cellsize      0.500000
NODATA_value  -9999.0
[rows 0 to 24 of 34, columns 0 to 56 of 160]
-9999.0 -9999.0 -9999.0 -9999.0 -9999.0 -9999.0 -9999.0 -9999.0 -9999.0 -9999.0 -9999.0 -9999.0 -9999.0 -9999.0 -9999.0 -9999.0 -9999.0 -9999.0 -9999.0 -9999.0 -9999.0 -9999.0 -9999.0 -9999.0 -9999.0 -9999.0 -9999.0 -9999.0 -9999.0 -9999.0 -9999.0 -9999.0 -9999.0 -9999.0 -9999.0 -9999.0 -9999.0 -9999.0 -9999.0 -9999.0 -9999.0 -9999.0 -9999.0 -9999.0 -9999.0 -9999.0 -9999.0 -9999.0 -9999.0 -9999.0 -9999.0 -9999.0 -9999.0 -9999.0 -9999.0 -9999.0 -9999.0
-9999.0 -9999.0 -9999.0 -9999.0 -9999.0 -9999.0 -9999.0 -9999.0 -9999.0 -9999.0 -9999.0 -9999.0 -9999.0 -9999.0 -9999.0 -9999.0 -9999.0 -9999.0 -9999.0 -9999.0 -9999.0 -9999.0 -9999.0 -9999.0 -9999.0 -9999.0 -9999.0 -9999.0 -9999.0 -9999.0 -9999.0 -9999.0 -9999.0 -9999.0 -9999.0 -9999.0 -9999.0 -9999.0 -9999.0 -9999.0 -9999.0 -9999.0 -9999.0 -9999.0 -9999.0 -9999.0 -9999.0 -9999.0 -9999.0 -9999.0 -9999.0 -9999.0 -9999.0 -9999.0 -9999.0 -9999.0 -9999.0
-9999.0 -9999.0 -9999.0 -9999.0 -9999.0 -9999.0 -9999.0 -9999.0 -9999.0 -9999.0 -9999.0 -9999.0 -9999.0 -9999.0 -9999.0 -9999.0 -9999.0 -9999.0 -9999.0 -9999.0 -9999.0 -9999.0 -9999.0 -9999.0 -9999.0 -9999.0 -9999.0 -9999.0 -9999.0 -9999.0 -9999.0 -9999.0 -9999.0 -9999.0 -9999.0 -9999.0 -9999.0 -9999.0 -9999.0 -9999.0 -9999.0 -9999.0 -9999.0 -9999.0 -9999.0 -9999.0 -9999.0 283.556582 266.131172 249.914907 247.793362 270.314307 293.522874 317.090591 337.471275 355.960425 374.785774
-9999.0 -9999.0 -9999.0 -9999.0 -9999.0 -9999.0 -9999.0 -9999.0 -9999.0 -9999.0 -9999.0 -9999.0 -9999.0 -9999.0 -9999.0 -9999.0 -9999.0 -9999.0 -9999.0 -9999.0 -9999.0 -9999.0 -9999.0 -9999.0 -9999.0 -9999.0 -9999.0 -9999.0 -9999.0 -9999.0 -9999.0 -9999.0 -9999.0 -9999.0 -9999.0 -9999.0 -9999.0 -9999.0 -9999.0 -9999.0 331.355902 337.190232 338.506021 327.774475 316.433196 304.331001 284.341632 266.534343 251.303741 248.539739 251.060911 256.314658 278.961469 303.267689 322.685037 339.737664 358.795654
-9999.0 -9999.0 -9999.0 -9999.0 -9999.0 -9999.0 -9999.0 -9999.0 -9999.0 -9999.0 -9999.0 -9999.0 -9999.0 -9999.0 -9999.0 -9999.0 -9999.0 -9999.0 -9999.0 -9999.0 -9999.0 -9999.0 -9999.0 -9999.0 -9999.0 -9999.0 -9999.0 -9999.0 -9999.0 -9999.0 -9999.0 -9999.0 -9999.0 -9999.0 239.663028 257.076111 275.027426 293.221624 309.730615 316.309085 322.123086 327.824428 323.674317 318.848283 307.422023 288.476718 268.798931 254.700336 252.241159 249.601315 253.822496 266.668318 283.229036 299.366074 320.127580 343.289858 352.352382
-9999.0 -9999.0 -9999.0 -9999.0 -9999.0 -9999.0 -9999.0 -9999.0 -9999.0 -9999.0 -9999.0 -9999.0 -9999.0 -9999.0 -9999.0 -9999.0 -9999.0 -9999.0 -9999.0 -9999.0 -9999.0 -9999.0 -9999.0 -9999.0 -9999.0 -9999.0 -9999.0 -9999.0 244.668338 238.672535 233.439562 231.789763 230.328508 229.019000 235.805069 247.875616 265.891232 287.298082 300.006954 307.049139 313.517636 314.180088 309.147310 306.934930 307.063235 295.196447 283.435104 272.419212 261.801119 260.298245 269.710113 283.511119 299.422652 314.030801 329.189128 340.836840 357.052123
-9999.0 -9999.0 -9999.0 -9999.0 -9999.0 -9999.0 -9999.0 -9999.0 -9999.0 -9999.0 -9999.0 -9999.0 -9999.0 -9999.0 -9999.0 -9999.0 -9999.0 -9999.0 -9999.0 -9999.0 -9999.0 -9999.0 -9999.0 215.628985 221.480453 227.859956 235.112253 235.862058 231.554853 225.771712 222.498958 220.785744 218.963520 223.208669 231.279369 244.740923 260.423459 281.959656 290.372775 296.576741 308.760724 311.085626 316.156747 320.022933 318.090894 315.174738 302.812779 293.623988 298.870949 304.729705 311.128910 318.639091 331.610870 346.885998 364.203195 384.379223 405.657190
-9999.0 -9999.0 -9999.0 -9999.0 -9999.0 -9999.0 -9999.0 -9999.0 -9999.0 -9999.0 -9999.0 -9999.0 -9999.0 -9999.0 -9999.0 -9999.0 -9999.0 -9999.0 -9999.0 191.022010 191.804185 192.768075 197.262979 198.057165 200.123792 206.969590 214.943597 216.977787 215.158781 213.419553 214.756099 217.235288 221.286017 232.480581 246.107717 260.067457 273.887581 294.552484 309.120472 322.719019 338.614954 337.391519 332.961145 330.771687 331.063734 331.343068 336.339164 339.465367 345.319953 350.502963 357.050629 365.974336 376.892489 395.041705 414.912150 434.804844 453.319843
-9999.0 -9999.0 -9999.0 -9999.0 -9999.0 -9999.0 -9999.0 -9999.0 -9999.0 -9999.0 -9999.0 -9999.0 -9999.0 -9999.0 -9999.0 -9999.0 162.740784 164.500871 166.525239 171.775803 174.300740 178.112191 184.837625 185.804467 189.446645 196.369249 201.115185 209.542028 217.246696 224.351891 230.074078 232.535540 239.920999 249.361996 261.050458 276.330857 297.848301 320.508942 336.586262 353.131015 369.864481 370.157879 368.882807 369.881248 370.470994 377.643430 395.481894 401.533629 403.993718 421.756647 435.953802 441.235320 448.685046 467.178354 490.883655 515.796928 546.427415
-9999.0 -9999.0 -9999.0 -9999.0 -9999.0 -9999.0 -9999.0 -9999.0 -9999.0 -9999.0 -9999.0 -9999.0 -9999.0 117.764822 121.823447 131.026832 139.530338 141.736349 145.643515 151.320822 163.316068 166.687589 172.711527 180.107791 191.481549 199.798892 208.765589 220.328181 228.538005 235.522359 242.379405 248.347946 261.669754 276.817382 292.504761 312.573813 334.149661 354.788597 375.421855 390.689754 404.565927 407.356249 405.960411 408.041491 416.169086 434.143439 453.436925 464.768714 485.394325 509.390983 523.914994 536.779762 546.075748 559.403219 580.832430 616.882906 654.410122
-9999.0 -9999.0 -9999.0 -9999.0 -9999.0 -9999.0 -9999.0 -9999.0 -9999.0 -9999.0 83.806965 86.191130 82.622157 82.840633 87.500523 99.278889 112.480920 119.063373 130.219308 150.690479 167.858250 171.139219 185.612558 195.423696 201.827242 212.213043 225.123012 237.835017 254.741102 267.162054 279.215525 299.280396 315.624037 331.947005 349.512024 369.325685 389.680248 418.982881 446.205354 459.951198 483.476679 496.535599 494.029717 494.741012 503.820387 521.617170 545.407269 572.167492 596.527593 624.702555 645.600031 661.489948 673.575622 687.584568 705.306473 741.632606 785.116884
-9999.0 -9999.0 -9999.0 -9999.0 -9999.0 -9999.0 -9999.0 -9999.0 59.824156 66.731452 72.817713 69.644661 64.835152 61.143802 74.228748 89.826153 105.586635 122.602509 138.339708 156.083021 171.339819 187.564217 206.827724 218.374944 229.937581 244.960829 258.463081 275.909687 297.101554 310.898801 328.909234 350.525825 369.634520 387.679355 406.273800 424.614772 452.448281 486.728482 519.581857 544.396544 573.292552 598.498497 599.952437 604.632466 611.232288 639.270089 671.642722 705.734948 736.908492 769.646196 802.744314 822.663231 835.327649 850.235813 868.842631 890.910379 922.818686
-9999.0 -9999.0 -9999.0 -9999.0 -9999.0 -9999.0 33.880313 57.883866 72.543044 64.532998 55.508599 51.864814 47.958922 68.626708 89.951269 106.707826 123.239808 140.450224 156.617165 170.442123 204.798042 221.536504 236.084652 255.002168 269.108540 283.247980 300.543595 323.995870 346.577634 378.031982 406.312307 432.174600 458.984824 479.323694 498.655497 518.223565 550.669617 589.298042 627.756170 659.568708 689.472909 721.955250 733.435771 742.922843 754.687097 778.137343 812.724627 847.953299 888.533088 927.186540 957.379584 971.613472 983.458190 996.279200 1011.857370 1027.661763 1045.313319
-9999.0 -9999.0 -9999.0 -9999.0 0.853584 21.635382 41.796232 72.359616 94.711523 89.251779 96.082497 96.259638 94.552472 97.359029 103.387355 121.133504 138.972932 157.005563 175.174497 211.613974 254.119365 270.260306 296.044099 328.174956 342.104592 357.173985 372.995036 396.128546 424.627252 459.460797 505.682703 545.336474 572.931214 597.700224 620.352520 644.549826 679.441436 719.521520 760.405314 799.619347 834.331074 863.839886 882.049552 895.293051 912.632272 932.993978 957.337099 987.889547 1022.361014 1057.870235 1085.223272 1100.479662 1108.877080 1119.517095 1130.767891 1144.068902 1157.310823
-9999.0 -9999.0 -9999.0 -46.844868 -8.432518 28.592488 55.693281 86.390339 117.921559 123.383301 131.711515 137.372726 143.125400 151.760482 161.078414 177.538392 192.267031 206.062805 227.310101 263.948947 299.726676 332.245551 364.916875 394.327601 416.792295 432.977644 450.827749 475.315910 515.692263 555.645322 608.055997 663.539571 703.959961 732.605271 757.398997 786.746209 814.125445 853.581325 894.628685 933.886211 970.207222 998.670042 1021.431946 1033.194507 1046.307221 1058.504703 1077.429021 1100.059256 1122.664983 1151.420501 1179.161677 1201.725754 1214.347586 1223.129493 1237.982951 1252.990766 1264.947601
-9999.0 -9999.0 -93.414944 -56.258047 -21.541968 29.407809 81.832143 115.368428 155.921400 180.342256 187.190947 205.120273 221.712137 229.724228 246.195396 263.563224 278.648744 283.408808 297.814077 331.445339 383.864240 432.230877 460.979436 516.054046 550.494822 576.410093 592.573253 618.892164 654.057545 699.690949 752.644362 806.441641 850.898098 888.528097 909.714649 931.693167 956.933002 982.869126 1019.672200 1052.869815 1085.752856 1112.866309 1135.810228 1145.481192 1152.582049 1169.148177 1192.464019 1216.414887 1238.979890 1260.414485 1268.913005 1276.764770 1280.457128 1282.727875 1285.970209 1288.471785 1290.083273
-9999.0 -9999.0 -119.023488 -74.795741 -33.036782 35.553095 112.460405 149.666955 192.422967 237.131298 255.988955 280.087023 296.491630 311.477974 335.634862 359.420884 367.849099 372.827949 372.714707 427.935438 487.489735 546.904900 608.663924 675.656334 721.152312 736.493165 747.847207 768.646855 795.955959 843.880849 898.740405 954.993413 1002.740803 1037.630216 1057.236790 1076.562481 1097.466151 1116.372185 1136.219769 1173.946494 1199.101565 1222.989772 1247.843333 1267.668156 1276.462918 1280.049630 1274.327030 1281.372555 1286.392466 1289.106393 1290.438491 1287.834856 1287.597834 1288.604755 1290.008580 1285.728081 1280.083822
-9999.0 -206.244290 -154.353580 -100.579659 -30.679745 37.822891 122.730442 203.031578 255.614473 299.793106 328.737204 345.963690 393.329504 440.822728 468.788338 498.368431 499.943426 502.240088 493.976249 540.052181 594.779375 680.458800 798.624528 861.523445 905.058449 911.194358 908.952810 923.471085 949.715159 993.652373 1059.078451 1105.075153 1154.845791 1192.847208 1208.212703 1215.400274 1232.457972 1251.756648 1250.952082 1267.706320 1275.774724 1282.378522 1283.330102 1285.529268 1287.507123 1289.000916 1287.234445 1282.358350 1276.006681 1271.764363 1268.855830 1265.152938 1268.059008 1271.644931 1273.022768 1266.925074 1260.038262
-9999.0 -240.802919 -180.818920 -108.671149 -37.012674 36.724675 145.676768 279.694396 328.857304 364.473250 391.979798 429.472198 514.798868 585.066147 625.170079 671.285003 669.905242 660.503948 653.767689 688.680343 743.510504 823.507489 962.092534 1050.018941 1074.743231 1088.980173 1098.651828 1124.038707 1157.411130 1189.604282 1218.580117 1227.991119 1247.427205 1257.846529 1262.464553 1265.544988 1269.762359 1271.841936 1271.468165 1269.917003 1267.152240 1268.741905 1273.650416 1274.538295 1273.063403 1271.439800 1267.355369 1261.212434 1256.962455 1253.573491 1251.831576 1249.566492 1248.574604 1249.139285 1245.383237 1240.228532 1231.754838
-9999.0 -266.967325 -197.070332 -132.183497 -61.588086 59.563880 182.820678 313.531355 403.241008 441.094610 479.854042 563.177034 668.897745 768.298880 826.708890 858.818842 869.455182 857.716794 867.602134 911.353731 974.267780 1058.354544 1136.894319 1207.757991 1222.994186 1229.100884 1218.879706 1229.673605 1239.502753 1242.949391 1245.727377 1248.936646 1255.389358 1259.565031 1260.236457 1259.471719 1257.044928 1251.576402 1248.921488 1247.909218 1246.381683 1247.489688 1251.177440 1252.890783 1251.251161 1248.329427 1244.740168 1240.012004 1234.972003 1229.466666 1226.539701 1223.306300 1221.539321 1217.051588 1212.415395 1206.124874 1192.149695
-9999.0 -358.514695 -273.051594 -213.585321 -85.996550 82.329261 206.610826 357.737872 495.419459 540.476492 628.362190 749.436586 861.696519 943.454649 994.969062 1043.161126 1074.698601 1100.044058 1132.699786 1114.564468 1162.227893 1206.516757 1226.420595 1237.878279 1239.706196 1243.837792 1239.374656 1223.558238 1215.717226 1210.829326 1213.650188 1221.548414 1227.787990 1234.162725 1233.296535 1235.022981 1236.317391 1234.692075 1233.216018 1227.449853 1221.950695 1217.987905 1217.506580 1223.295787 1218.722266 1215.559033 1209.827696 1202.188689 1194.065709 1186.952064 1179.997071 1173.732628 1170.878898 1164.796475 1162.016360 1152.143658 1122.580983
-9999.0 -439.297950 -361.215284 -262.166466 -115.216642 48.282756 188.106159 356.578564 551.885440 662.242123 779.084616 856.348727 943.997710 1021.505092 1092.898204 1139.195919 1163.778308 1173.804992 1170.569042 1178.452763 1152.039580 1148.701010 1167.605921 1194.313723 1208.072297 1214.160464 1208.200222 1199.732781 1194.372208 1193.975860 1192.779827 1191.554479 1190.250610 1188.634180 1186.108753 1188.538112 1193.888658 1189.725214 1183.728404 1178.099329 1172.965546 1166.431110 1161.915942 1159.037698 1157.154931 1155.837849 1147.084459 1135.296777 1123.656067 1114.824451 1106.748121 1100.604667 1097.425841 1091.153909 1081.206652 1065.104758 1031.684554
-9999.0 -530.292366 -413.209784 -313.373506 -182.416438 -43.337841 89.750175 256.169462 410.075190 622.147588 790.992584 880.792588 932.458090 997.918711 1066.022485 1131.751651 1140.300049 1114.643107 1088.340704 1076.739482 1082.937021 1094.969684 1111.308887 1133.628983 1152.312643 1163.125255 1165.873705 1159.219602 1146.068760 1136.273702 1128.446533 1117.643177 1109.896823 1108.485101 1108.401890 1115.044588 1118.278321 1110.478052 1099.526295 1085.906370 1073.959086 1064.874381 1062.209207 1062.843596 1061.393481 1055.695642 1045.254172 1030.835082 1014.920292 1000.998631 991.679095 984.842723 976.788965 965.193957 950.971529 932.993043 899.307100
-9999.0 -9999.0 -484.775283 -372.941281 -259.674518 -132.905330 -9.072917 142.007198 294.642594 478.889712 599.492509 720.041536 794.443163 850.043920 909.629341 965.694310 984.132589 1001.444576 984.275214 988.829197 997.089994 1006.381163 1020.646390 1036.963283 1053.189508 1064.546606 1072.182857 1070.100742 1059.363068 1039.539190 1015.877193 997.446717 986.459528 978.877973 986.929772 997.855631 995.808077 989.723409 978.743215 964.123663 951.801234 938.735542 934.797996 934.427163 932.699499 926.693745 917.190733 898.855135 881.044827 865.323777 857.244450 849.411392 841.988470 828.981958 814.355114 796.967692 768.696940
-9999.0 -9999.0 -567.516848 -457.139319 -338.305486 -212.764251 -107.114619 -11.968807 144.655012 264.025684 367.013125 462.462240 543.179414 608.321366 657.876560 719.601922 757.064686 773.135218 788.101258 812.102031 837.587018 865.272638 886.555731 904.490451 921.805948 936.268685 945.514199 933.937833 920.413026 899.033106 872.110335 844.901591 830.184569 824.252162 826.808065 832.767018 827.591408 817.879026 803.619742 787.607124 774.361090 762.229235 757.543257 753.921541 751.495117 746.498651 740.078858 727.516702 712.738871 702.292586 692.689218 685.289609 680.864626 672.367641 661.159600 652.254720 632.351473
