tests/Borden05m/data_simulated/sim_1/output-maps/psiliqL0013N0017.asc
ncols         160
nrows         34
xllcorner     620200.000000
yllcorner     5168000.000000
cellsize      0.500000
NODATA_value  -9999.0
[rows 0 to 24 of 34, columns 0 to 55 of 160]
-9999.0 -9999.0 -9999.0 -9999.0 -9999.0 -9999.0 -9999.0 -9999.0 -9999.0 -9999.0 -9999.0 -9999.0 -9999.0 -9999.0 -9999.0 -9999.0 -9999.0 -9999.0 -9999.0 -9999.0 -9999.0 -9999.0 -9999.0 -9999.0 -9999.0 -9999.0 -9999.0 -9999.0 -9999.0 -9999.0 -9999.0 -9999.0 -9999.0 -9999.0 -9999.0 -9999.0 -9999.0 -9999.0 -9999.0 -9999.0 -9999.0 -9999.0 -9999.0 -9999.0 -9999.0 -9999.0 -9999.0 -9999.0 -9999.0 -9999.0 -9999.0 -9999.0 -9999.0 -9999.0 -9999.0 -9999.0
-9999.0 -9999.0 -9999.0 -9999.0 -9999.0 -9999.0 -9999.0 -9999.0 -9999.0 -9999.0 -9999.0 -9999.0 -9999.0 -9999.0 -9999.0 -9999.0 -9999.0 -9999.0 -9999.0 -9999.0 -9999.0 -9999.0 -9999.0 -9999.0 -9999.0 -9999.0 -9999.0 -9999.0 -9999.0 -9999.0 -9999.0 -9999.0 -9999.0 -9999.0 -9999.0 -9999.0 -9999.0 -9999.0 -9999.0 -9999.0 -9999.0 -9999.0 -9999.0 -9999.0 -9999.0 -9999.0 -9999.0 -9999.0 -9999.0 -9999.0 -9999.0 -9999.0 -9999.0 -9999.0 -9999.0 -9999.0
-9999.0 -9999.0 -9999.0 -9999.0 -9999.0 -9999.0 -9999.0 -9999.0 -9999.0 -9999.0 -9999.0 -9999.0 -9999.0 -9999.0 -9999.0 -9999.0 -9999.0 -9999.0 -9999.0 -9999.0 -9999.0 -9999.0 -9999.0 -9999.0 -9999.0 -9999.0 -9999.0 -9999.0 -9999.0 -9999.0 -9999.0 -9999.0 -9999.0 -9999.0 -9999.0 -9999.0 -9999.0 -9999.0 -9999.0 -9999.0 -9999.0 -9999.0 -9999.0 -9999.0 -9999.0 -9999.0 -9999.0 694.871348 677.629755 662.033693 659.844483 682.464417 705.968468 729.890908 750.615392 769.384925
-9999.0 -9999.0 -9999.0 -9999.0 -9999.0 -9999.0 -9999.0 -9999.0 -9999.0 -9999.0 -9999.0 -9999.0 -9999.0 -9999.0 -9999.0 -9999.0 -9999.0 -9999.0 -9999.0 -9999.0 -9999.0 -9999.0 -9999.0 -9999.0 -9999.0 -9999.0 -9999.0 -9999.0 -9999.0 -9999.0 -9999.0 -9999.0 -9999.0 -9999.0 -9999.0 -9999.0 -9999.0 -9999.0 -9999.0 -9999.0 742.242397 748.202363 749.493786 739.117526 728.030094 715.950668 696.067648 678.395460 663.649081 661.266235 664.088433 669.327026 692.048213 716.861318 736.708348 753.938412
-9999.0 -9999.0 -9999.0 -9999.0 -9999.0 -9999.0 -9999.0 -9999.0 -9999.0 -9999.0 -9999.0 -9999.0 -9999.0 -9999.0 -9999.0 -9999.0 -9999.0 -9999.0 -9999.0 -9999.0 -9999.0 -9999.0 -9999.0 -9999.0 -9999.0 -9999.0 -9999.0 -9999.0 -9999.0 -9999.0 -9999.0 -9999.0 -9999.0 -9999.0 649.595539 667.115179 685.316507 703.841882 720.685216 727.547960 733.437920 739.263671 735.278821 730.775701 719.598360 700.660081 681.314679 667.650092 665.688364 663.417102 667.917935 680.978092 697.959411 714.368630 735.534777 759.310923
-9999.0 -9999.0 -9999.0 -9999.0 -9999.0 -9999.0 -9999.0 -9999.0 -9999.0 -9999.0 -9999.0 -9999.0 -9999.0 -9999.0 -9999.0 -9999.0 -9999.0 -9999.0 -9999.0 -9999.0 -9999.0 -9999.0 -9999.0 -9999.0 -9999.0 -9999.0 -9999.0 -9999.0 653.194653 647.411061 642.539786 641.251703 640.157062 639.234107 646.231953 658.452160 676.652416 698.487215 711.608938 718.988832 725.778771 726.682907 721.842711 720.027926 720.552183 708.944262 697.491618 686.796328 676.500244 675.207912 685.006609 699.352008 715.813884 730.955997 746.696085 757.956022
-9999.0 -9999.0 -9999.0 -9999.0 -9999.0 -9999.0 -9999.0 -9999.0 -9999.0 -9999.0 -9999.0 -9999.0 -9999.0 -9999.0 -9999.0 -9999.0 -9999.0 -9999.0 -9999.0 -9999.0 -9999.0 -9999.0 -9999.0 622.810762 628.727545 635.414954 643.055957 644.170037 640.278192 634.871499 632.052463 630.787196 629.326888 634.029720 642.345903 656.141688 672.186237 694.252624 703.071441 709.423483 721.882030 724.794461 730.647656 734.931301 733.438121 730.824061 718.606894 709.605282 714.953319 721.103296 728.135161 736.359644 750.037044 765.781886 783.560350 804.229724
-9999.0 -9999.0 -9999.0 -9999.0 -9999.0 -9999.0 -9999.0 -9999.0 -9999.0 -9999.0 -9999.0 -9999.0 -9999.0 -9999.0 -9999.0 -9999.0 -9999.0 -9999.0 -9999.0 597.325766 598.333146 599.646739 604.495724 605.509893 607.843512 615.032663 623.399144 625.959734 624.498330 623.302623 625.108779 628.102070 632.735540 644.348678 658.462181 672.944730 687.161287 708.361150 723.442428 737.389721 753.706559 753.234214 749.438116 747.840338 748.616836 749.201926 753.898967 757.104248 763.652046 768.890163 775.715810 785.396029 797.234380 815.992232 836.444130 856.906164
-9999.0 -9999.0 -9999.0 -9999.0 -9999.0 -9999.0 -9999.0 -9999.0 -9999.0 -9999.0 -9999.0 -9999.0 -9999.0 -9999.0 -9999.0 -9999.0 568.376348 570.318199 572.646267 578.188184 581.167921 585.339311 592.470487 593.899829 597.919626 605.302514 610.480126 619.524314 627.844005 635.495763 641.814903 644.878068 652.765853 662.805748 675.099428 690.843585 712.832513 736.299021 753.022947 770.280035 787.751630 788.737952 788.029335 789.535292 790.471486 797.521884 815.584793 821.976490 824.125584 841.518082 856.120518 861.844332 870.043095 889.553729 913.907601 938.364612
-9999.0 -9999.0 -9999.0 -9999.0 -9999.0 -9999.0 -9999.0 -9999.0 -9999.0 -9999.0 -9999.0 -9999.0 -9999.0 522.223779 526.449422 536.041632 545.204863 547.814565 552.195385 558.370542 570.773714 574.617050 581.100818 588.958256 601.022732 609.930060 619.451711 631.648686 640.481396 648.154884 655.682852 662.005234 675.864885 691.662008 707.999712 728.799440 751.317879 772.591971 793.839178 810.182007 824.629283 827.490212 826.877093 829.606138 837.909732 855.873205 875.457248 885.950774 905.608155 929.537378 943.916454 956.541763 965.949871 979.809379 1001.486173 1036.585007
-9999.0 -9999.0 -9999.0 -9999.0 -9999.0 -9999.0 -9999.0 -9999.0 -9999.0 -9999.0 488.556474 491.007351 487.691789 487.793874 492.899581 505.076814 518.809750 525.635637 537.331115 558.384164 576.269826 580.083755 595.005396 605.499776 612.596652 623.575950 637.180062 650.552201 668.058656 681.249383 693.797312 714.325864 731.575790 748.880426 767.442611 788.437365 809.397025 839.142977 867.201071 881.334862 904.909488 917.375091 915.230302 916.021083 925.443656 942.623249 965.345676 990.448063 1013.407503 1039.910927 1058.741470 1073.836239 1085.227426 1098.214427 1114.414436 1149.211728
-9999.0 -9999.0 -9999.0 -9999.0 -9999.0 -9999.0 -9999.0 -9999.0 464.057273 471.322340 477.578958 474.691261 470.272181 466.659860 480.341570 496.319888 512.524332 530.198554 546.448550 564.860376 580.594332 597.334300 617.467436 629.685556 641.920152 657.774446 672.094557 690.143645 712.275276 726.437226 744.760263 767.339337 787.256449 806.394423 826.195056 845.593237 873.735511 908.652423 941.927958 966.294389 995.211995 1019.495333 1019.878340 1023.281607 1028.493269 1054.949072 1085.197631 1116.526388 1143.016104 1171.165452 1201.009917 1219.122915 1230.106295 1242.966600 1258.396459 1276.727496
-9999.0 -9999.0 -9999.0 -9999.0 -9999.0 -9999.0 437.253061 461.505884 476.529682 468.764940 459.430881 456.002200 452.250716 474.742473 496.690808 514.031496 531.131330 548.993030 565.861392 579.756655 614.344749 632.369618 647.528523 666.679209 681.834428 697.056348 715.323640 739.702284 762.957719 794.623331 822.836534 848.962820 876.726232 897.898127 918.064099 937.948151 970.625346 1009.115005 1046.753115 1076.737426 1104.729384 1135.575489 1143.761402 1150.044379 1157.848879 1178.555132 1209.939464 1240.389156 1274.368619 1306.608331 1333.116329 1345.132277 1355.616086 1367.008352 1380.480733 1392.959419
-9999.0 -9999.0 -9999.0 -9999.0 403.787557 424.756527 445.008961 475.820016 498.501052 493.556616 500.563460 501.004603 499.529109 503.239505 510.172334 528.481621 547.176920 566.189760 584.756835 620.995452 665.171119 681.833415 707.661554 740.572659 755.283050 771.434627 788.544479 812.778785 841.528280 876.915426 922.988782 962.410337 989.902858 1014.252188 1036.562030 1059.804195 1094.176848 1132.207200 1169.379143 1203.914438 1234.064778 1259.703459 1272.895474 1281.049010 1292.954956 1309.069937 1330.085699 1357.114730 1387.845876 1419.659445 1444.689483 1458.597415 1466.570048 1477.088492 1487.631580 1499.814494
-9999.0 -9999.0 -9999.0 355.038818 393.708222 431.343440 458.611544 489.678543 521.826154 527.161374 536.203873 541.822031 547.431001 556.395774 565.669319 582.897669 598.917495 614.492765 636.918977 674.438658 710.727065 742.707684 775.979039 804.752130 827.071724 844.002648 863.245770 888.537996 929.613319 969.058495 1020.793737 1075.117057 1113.077064 1138.426647 1160.839011 1188.113057 1213.041145 1248.765005 1283.457883 1316.281348 1347.663469 1372.286456 1391.273643 1399.148865 1408.516165 1417.248571 1433.670146 1454.953023 1476.553699 1504.932707 1532.843196 1556.632989 1570.161887 1579.783859 1595.360255 1610.964057
-9999.0 -9999.0 308.062816 345.669001 380.183890 430.935815 483.917547 518.254272 559.357162 583.868404 591.134283 609.026814 625.734269 633.706059 650.004742 667.604949 684.564872 691.067631 707.656372 740.495478 792.443309 840.142885 865.312079 918.293648 952.248291 979.432080 996.991248 1024.072869 1059.688104 1102.699903 1152.112744 1202.332663 1241.485061 1273.044948 1289.624573 1308.748869 1331.303778 1354.645099 1387.697373 1416.344650 1446.917053 1472.566438 1494.246573 1501.695121 1506.786026 1522.127811 1545.548102 1570.293666 1593.760397 1616.342394 1622.115050 1632.276040 1637.201531 1640.279992 1644.523301 1647.540762
-9999.0 -9999.0 281.844764 326.553811 367.685250 435.357252 514.162561 551.791904 595.160072 641.069174 660.412481 685.239170 699.639179 711.989911 735.904042 759.086388 769.970483 776.556966 777.297932 833.674702 893.393863 948.120377 1000.888950 1066.077094 1109.949441 1125.218021 1136.933519 1157.497309 1182.866077 1226.776126 1275.511221 1328.195078 1372.107010 1403.104881 1419.362861 1437.109882 1456.972942 1474.545133 1493.057201 1530.684633 1556.490016 1581.188452 1607.038762 1626.829154 1634.910633 1637.985367 1629.269306 1637.550821 1643.304394 1646.072256 1647.213154 1644.243701 1643.867715 1644.806335 1645.970818 1641.083402
-9999.0 193.610668 245.740492 299.349414 368.939496 437.127567 521.556826 602.249531 657.945827 704.598052 734.397686 749.455494 791.025081 835.436444 861.788487 889.318140 891.749059 896.155950 888.086045 936.256571 988.406299 1066.157481 1175.501135 1230.357252 1271.004931 1272.995128 1268.516797 1281.683233 1306.515783 1350.007940 1416.016319 1463.031499 1514.837440 1553.835947 1568.777484 1575.533538 1592.648242 1611.974119 1604.270665 1623.916374 1633.222238 1641.087809 1643.149611 1645.131078 1646.404326 1646.809858 1643.835020 1637.651855 1629.933834 1624.280169 1620.095692 1615.425557 1617.690405 1620.825227 1621.493195 1614.411561
-9999.0 158.552963 218.346134 290.330814 361.966190 432.980505 539.550499 679.272657 731.953663 769.616002 795.406212 824.725932 904.595122 970.389238 1004.885209 1047.980320 1043.796475 1034.350621 1025.165444 1059.710547 1111.162575 1184.947718 1320.464680 1401.303062 1424.114131 1434.171295 1441.192951 1466.966430 1502.804239 1538.654172 1571.909442 1578.487401 1603.824420 1617.258930 1622.384889 1625.167365 1629.378755 1630.660882 1629.600089 1627.048945 1623.440327 1624.488079 1629.063860 1629.315450 1626.766163 1623.674226 1617.908583 1609.949700 1603.770656 1598.354688 1594.829530 1591.181550 1589.131883 1588.838665 1584.217925 1578.129257
-9999.0 130.473297 201.196577 265.605234 333.576387 451.695838 577.272249 711.703540 804.566327 843.693619 874.364869 948.018378 1046.327992 1137.980374 1187.196733 1211.756875 1215.860100 1199.584004 1207.353398 1253.076010 1317.766776 1404.813777 1487.924807 1558.482854 1569.626418 1572.028271 1554.911516 1567.169032 1579.873261 1585.608481 1591.473963 1598.899475 1608.231089 1614.226333 1615.466037 1614.459281 1611.260814 1604.639192 1600.692997 1598.245786 1595.427835 1595.471399 1598.339207 1599.364807 1596.528528 1592.103663 1586.833507 1580.275546 1573.191926 1565.587139 1560.730172 1555.967150 1553.167995 1547.890093 1542.966613 1536.415547
-9999.0 34.630307 121.761348 179.118450 300.227942 472.392502 599.048434 751.146724 895.139497 938.145021 1017.588589 1132.377917 1232.115324 1301.212786 1340.361499 1380.775567 1409.148328 1433.697682 1469.103254 1440.751843 1495.356125 1547.638176 1570.153161 1580.664011 1580.524941 1580.995869 1573.425316 1555.860982 1548.212904 1545.298754 1551.416610 1563.127340 1572.560577 1580.979596 1580.895392 1582.520000 1583.159898 1580.250351 1577.079916 1569.445274 1562.247531 1556.811017 1555.150790 1560.098693 1554.698479 1550.733125 1544.018135 1535.283918 1525.875251 1517.392761 1508.994012 1501.625411 1498.201925 1492.093825 1489.956087 1481.249723
-9999.0 -46.262943 31.356943 125.514146 268.256270 432.961029 568.661926 738.345495 942.475422 1056.431340 1173.695618 1240.760711 1310.691061 1370.256846 1430.331342 1472.916665 1496.089879 1506.461187 1501.095932 1513.171208 1486.889553 1484.032034 1503.037615 1529.013064 1540.977161 1544.172728 1535.792356 1526.180221 1521.137402 1522.937244 1525.123823 1527.340795 1528.927436 1529.220222 1527.599779 1530.180979 1534.976500 1529.331283 1521.312602 1513.578908 1506.489284 1498.379538 1492.849748 1489.258676 1487.478031 1486.535428 1478.482060 1467.581081 1456.482689 1447.709080 1439.427120 1433.193994 1430.114508 1424.675119 1416.474227 1403.932725
-9999.0 -141.338162 -21.802892 75.329110 201.973709 340.757896 471.648987 638.542048 791.743446 1008.130440 1167.084332 1259.340261 1296.939855 1350.507506 1407.901570 1470.595219 1475.528157 1448.436003 1420.222927 1409.068994 1417.089481 1429.340931 1444.221145 1464.116848 1480.659037 1489.366781 1490.943920 1483.974227 1471.897811 1464.793258 1460.762183 1453.751179 1449.080565 1449.644154 1451.117641 1458.421456 1460.953495 1452.124224 1439.579314 1424.022899 1410.344272 1399.934945 1396.825892 1397.717202 1397.205576 1393.231683 1385.961953 1375.185258 1362.417995 1350.465819 1342.591054 1336.718835 1329.560493 1319.472657 1308.257567 1295.574378
-9999.0 -9999.0 -95.371349 16.439151 127.595145 253.127618 373.685176 522.335879 675.620048 859.280567 976.751240 1098.340535 1165.419952 1208.892942 1257.690831 1309.543734 1326.638903 1344.709388 1328.978224 1334.746898 1343.149369 1350.912733 1361.805257 1373.861450 1386.755135 1396.128401 1403.325039 1401.679558 1393.590833 1378.271833 1360.255925 1346.896269 1339.712505 1334.106553 1343.644652 1355.004071 1352.408028 1345.908692 1334.237955 1318.839705 1305.948276 1292.363444 1288.405862 1288.421489 1288.069780 1284.769628 1279.844005 1266.898532 1253.854550 1241.697448 1235.811211 1229.377357 1223.555103 1212.489229 1200.682387 1187.605281
-9999.0 -9999.0 -179.029659 -69.123201 48.027707 173.141462 276.965686 362.736580 518.513642 637.390640 741.211443 836.821485 915.602754 976.012532 1018.893358 1077.365034 1115.210884 1130.692500 1148.937170 1176.945663 1202.802062 1229.977843 1248.145548 1261.130359 1274.871672 1287.658578 1296.306509 1285.454151 1275.423725 1260.130538 1240.570485 1219.225887 1208.445838 1205.270348 1208.125767 1213.636392 1208.243911 1198.818272 1184.727923 1169.134325 1156.122950 1144.539431 1140.184742 1136.691325 1135.084853 1131.877783 1128.357314 1119.505218 1108.003686 1100.003904 1091.581285 1085.280538 1081.861555 1074.769320 1065.269648 1058.589148
