tests/Borden05m/data_simulated/sim_1/output-maps/psiliqL0015N0009.asc
ncols         160
nrows         34
xllcorner     620200.000000
yllcorner     5168000.000000
cellsize      0.500000
NODATA_value  -9999.0
[rows 0 to 23 of 34, columns 0 to 55 of 160]
-9999.0 -9999.0 -9999.0 -9999.0 -9999.0 -9999.0 -9999.0 -9999.0 -9999.0 -9999.0 -9999.0 -9999.0 -9999.0 -9999.0 -9999.0 -9999.0 -9999.0 -9999.0 -9999.0 -9999.0 -9999.0 -9999.0 -9999.0 -9999.0 -9999.0 -9999.0 -9999.0 -9999.0 -9999.0 -9999.0 -9999.0 -9999.0 -9999.0 -9999.0 -9999.0 -9999.0 -9999.0 -9999.0 -9999.0 -9999.0 -9999.0 -9999.0 -9999.0 -9999.0 -9999.0 -9999.0 -9999.0 -9999.0 -9999.0 -9999.0 -9999.0 -9999.0 -9999.0 -9999.0 -9999.0 -9999.0
-9999.0 -9999.0 -9999.0 -9999.0 -9999.0 -9999.0 -9999.0 -9999.0 -9999.0 -9999.0 -9999.0 -9999.0 -9999.0 -9999.0 -9999.0 -9999.0 -9999.0 -9999.0 -9999.0 -9999.0 -9999.0 -9999.0 -9999.0 -9999.0 -9999.0 -9999.0 -9999.0 -9999.0 -9999.0 -9999.0 -9999.0 -9999.0 -9999.0 -9999.0 -9999.0 -9999.0 -9999.0 -9999.0 -9999.0 -9999.0 -9999.0 -9999.0 -9999.0 -9999.0 -9999.0 -9999.0 -9999.0 -9999.0 -9999.0 -9999.0 -9999.0 -9999.0 -9999.0 -9999.0 -9999.0 -9999.0
-9999.0 -9999.0 -9999.0 -9999.0 -9999.0 -9999.0 -9999.0 -9999.0 -9999.0 -9999.0 -9999.0 -9999.0 -9999.0 -9999.0 -9999.0 -9999.0 -9999.0 -9999.0 -9999.0 -9999.0 -9999.0 -9999.0 -9999.0 -9999.0 -9999.0 -9999.0 -9999.0 -9999.0 -9999.0 -9999.0 -9999.0 -9999.0 -9999.0 -9999.0 -9999.0 -9999.0 -9999.0 -9999.0 -9999.0 -9999.0 -9999.0 -9999.0 -9999.0 -9999.0 -9999.0 -9999.0 -9999.0 1102.219160 1085.086936 1070.008554 1067.649106 1090.282163 1114.004907 1138.203384 1159.175562 1178.105861
-9999.0 -9999.0 -9999.0 -9999.0 -9999.0 -9999.0 -9999.0 -9999.0 -9999.0 -9999.0 -9999.0 -9999.0 -9999.0 -9999.0 -9999.0 -9999.0 -9999.0 -9999.0 -9999.0 -9999.0 -9999.0 -9999.0 -9999.0 -9999.0 -9999.0 -9999.0 -9999.0 -9999.0 -9999.0 -9999.0 -9999.0 -9999.0 -9999.0 -9999.0 -9999.0 -9999.0 -9999.0 -9999.0 -9999.0 -9999.0 1149.485629 1155.565525 1156.803601 1146.723482 1135.805868 1123.645774 1103.759328 1086.148883 1071.785156 1069.669950 1072.674947 1077.783841 1100.477025 1125.691863 1145.844417 1163.103388
-9999.0 -9999.0 -9999.0 -9999.0 -9999.0 -9999.0 -9999.0 -9999.0 -9999.0 -9999.0 -9999.0 -9999.0 -9999.0 -9999.0 -9999.0 -9999.0 -9999.0 -9999.0 -9999.0 -9999.0 -9999.0 -9999.0 -9999.0 -9999.0 -9999.0 -9999.0 -9999.0 -9999.0 -9999.0 -9999.0 -9999.0 -9999.0 -9999.0 -9999.0 1055.797125 1073.386532 1091.795758 1110.620853 1127.779934 1134.924828 1140.936546 1146.881145 1143.023403 1138.778646 1127.756107 1108.699937 1089.546253 1076.179366 1074.575219 1072.524190 1077.153705 1090.278470 1107.528871 1124.043365 1145.423322 1169.589346
-9999.0 -9999.0 -9999.0 -9999.0 -9999.0 -9999.0 -9999.0 -9999.0 -9999.0 -9999.0 -9999.0 -9999.0 -9999.0 -9999.0 -9999.0 -9999.0 -9999.0 -9999.0 -9999.0 -9999.0 -9999.0 -9999.0 -9999.0 -9999.0 -9999.0 -9999.0 -9999.0 -9999.0 1058.603651 1052.938871 1048.301919 1047.236271 1046.367058 1045.701375 1052.824067 1065.111765 1083.425173 1105.632634 1119.120101 1126.801302 1133.891809 1134.999751 1130.294292 1128.800544 1129.615091 1118.117435 1106.793422 1096.223201 1086.046044 1084.757979 1094.737734 1109.417238 1126.203576 1141.616436 1157.621742 1168.121237
-9999.0 -9999.0 -9999.0 -9999.0 -9999.0 -9999.0 -9999.0 -9999.0 -9999.0 -9999.0 -9999.0 -9999.0 -9999.0 -9999.0 -9999.0 -9999.0 -9999.0 -9999.0 -9999.0 -9999.0 -9999.0 -9999.0 -9999.0 1027.660440 1033.533368 1040.376141 1048.233365 1049.528032 1045.870168 1040.678637 1038.148079 1037.160369 1035.890079 1040.886818 1049.300582 1063.294239 1079.578719 1102.071719 1111.197144 1117.610835 1130.275393 1133.699689 1140.253923 1144.857522 1143.667657 1141.169996 1128.861237 1119.781321 1124.958909 1131.115506 1138.482724 1147.109551 1161.154440 1176.971043 1194.722041 1215.307988
-9999.0 -9999.0 -9999.0 -9999.0 -9999.0 -9999.0 -9999.0 -9999.0 -9999.0 -9999.0 -9999.0 -9999.0 -9999.0 -9999.0 -9999.0 -9999.0 -9999.0 -9999.0 -9999.0 1002.054039 1003.172749 1004.669131 1009.674287 1010.684899 1013.100511 1020.444058 1029.003427 1031.878350 1030.555663 1029.684557 1031.738052 1035.018601 1040.007779 1051.819011 1066.206213 1081.006122 1095.424011 1116.978516 1132.397138 1146.533615 1163.134412 1163.278328 1159.988680 1158.845371 1159.928335 1160.581557 1164.686489 1167.626742 1174.494032 1179.390529 1186.080869 1196.089422 1208.388739 1227.224649 1247.614625 1267.909639
-9999.0 -9999.0 -9999.0 -9999.0 -9999.0 -9999.0 -9999.0 -9999.0 -9999.0 -9999.0 -9999.0 -9999.0 -9999.0 -9999.0 -9999.0 -9999.0 972.959271 974.986052 977.462457 983.093918 986.349107 990.684322 998.006978 999.668882 1003.840890 1011.452516 1016.814786 1026.212684 1034.867541 1042.771404 1049.379924 1052.728757 1060.804936 1071.134525 1083.727010 1099.629998 1121.785286 1145.748371 1162.805189 1180.481509 1198.440986 1199.914549 1199.616013 1201.480215 1202.560329 1209.206069 1227.137631 1233.457948 1234.862319 1251.439773 1265.994363 1271.712283 1280.220060 1300.290288 1324.798089 1348.313865
-9999.0 -9999.0 -9999.0 -9999.0 -9999.0 -9999.0 -9999.0 -9999.0 -9999.0 -9999.0 -9999.0 -9999.0 -9999.0 925.935339 930.278289 940.174784 949.868735 952.744915 957.431925 963.908492 976.511048 980.591450 987.285849 995.343651 1007.830615 1017.041771 1026.806771 1039.297557 1048.377429 1056.328871 1064.091689 1070.323094 1084.282771 1100.297402 1116.848325 1137.922431 1160.894175 1182.284864 1203.626714 1220.569488 1235.213462 1237.903888 1237.967295 1241.286571 1249.656606 1267.408954 1287.036388 1296.483844 1315.067500 1338.878948 1353.043152 1365.362250 1374.891271 1389.457668 1411.833973 1446.858209
-9999.0 -9999.0 -9999.0 -9999.0 -9999.0 -9999.0 -9999.0 -9999.0 -9999.0 -9999.0 892.697797 895.191053 892.078099 891.996878 897.482387 909.977498 924.129187 931.052004 943.106897 964.530891 982.884556 986.941811 1002.010169 1012.871536 1020.327941 1031.542853 1045.446250 1059.032692 1076.632676 1090.017394 1102.438717 1122.804442 1140.342915 1158.021953 1176.958968 1198.466340 1219.310698 1248.768782 1277.001710 1291.007193 1314.335897 1326.188800 1324.649275 1325.897993 1336.042931 1352.957053 1375.104797 1399.433003 1422.339743 1448.691466 1466.759488 1482.143845 1493.975920 1507.524463 1524.641737 1561.512021
-9999.0 -9999.0 -9999.0 -9999.0 -9999.0 -9999.0 -9999.0 -9999.0 867.703901 875.319969 881.729791 879.095685 875.017579 871.425499 885.649549 901.938594 918.482349 936.662726 953.213844 972.023407 987.909542 1004.797921 1025.418748 1037.916773 1050.417270 1066.665660 1081.307311 1099.378289 1121.759500 1135.473031 1153.216733 1175.860800 1195.744209 1215.194234 1235.439056 1255.117464 1282.828139 1317.798546 1351.222594 1375.253719 1404.732435 1429.072797 1429.732631 1433.453432 1439.014253 1465.778204 1496.279096 1528.225730 1554.540972 1582.767450 1613.043852 1632.005159 1643.615284 1657.246026 1673.534824 1693.661766
-9999.0 -9999.0 -9999.0 -9999.0 -9999.0 -9999.0 840.030333 864.540863 879.933778 872.400767 862.734658 859.491568 855.856441 880.147813 902.693307 920.565884 938.130582 956.464638 973.758976 987.358213 1021.750701 1040.576174 1055.861122 1074.787162 1090.522484 1106.313195 1124.944362 1149.503058 1172.507824 1203.297612 1230.265951 1255.559754 1283.428310 1304.837786 1325.386949 1345.260037 1378.160454 1417.138516 1455.447315 1485.851461 1514.725664 1547.198196 1555.637956 1562.572641 1570.576967 1592.696286 1625.404282 1656.777802 1691.404675 1724.167840 1751.599960 1764.125353 1775.217769 1787.306936 1801.543702 1814.448790
-9999.0 -9999.0 -9999.0 -9999.0 806.142561 827.285023 847.618397 878.683060 901.704666 897.270749 904.454173 905.155232 903.902439 908.510315 916.336579 935.181935 954.632395 974.403928 993.007112 1028.565878 1073.843482 1090.407580 1115.731656 1148.977774 1164.025124 1180.735499 1198.448075 1222.893789 1250.838352 1285.672790 1330.617696 1369.222454 1396.712651 1421.368661 1444.337329 1467.859620 1503.666418 1543.017414 1581.475525 1617.093950 1648.351458 1675.635822 1689.350666 1698.289273 1710.992620 1728.195610 1750.359400 1778.370162 1810.282222 1842.702524 1867.994452 1881.808040 1890.094786 1901.231634 1912.038335 1924.324561
-9999.0 -9999.0 -9999.0 756.342006 795.258459 833.478376 860.891537 892.324583 925.102563 930.320679 940.100756 945.716983 951.242488 960.614109 969.922458 987.961986 1005.194330 1022.277911 1045.410081 1083.176755 1119.243894 1149.998856 1183.426063 1211.428061 1233.550115 1251.028569 1271.211262 1296.664481 1337.892322 1376.711418 1428.356954 1483.021565 1521.313482 1547.189586 1571.013077 1599.724748 1626.131218 1663.801748 1699.914041 1734.130758 1766.858197 1792.555534 1812.107947 1820.556336 1830.890870 1840.067210 1856.730922 1878.712093 1901.009815 1930.141626 1958.685726 1983.800182 1998.218748 2008.680004 2025.021459 2041.354613
-9999.0 -9999.0 708.943895 746.996939 781.280659 831.788587 885.288390 920.395161 962.041796 986.656722 994.391391 1012.370978 1029.399081 1037.604123 1054.059941 1072.175411 1091.091913 1099.089446 1117.290766 1148.563348 1199.262587 1245.925693 1268.016093 1320.372640 1355.444097 1385.039290 1404.563216 1432.771981 1469.747857 1512.403651 1561.939605 1612.956349 1652.474496 1684.779910 1702.600876 1723.199552 1746.722056 1771.767276 1806.605999 1836.100801 1868.376319 1895.183371 1917.582665 1924.927184 1930.514020 1946.794561 1971.687015 1998.086726 2022.976380 2046.975054 2050.196552 2062.807561 2069.077321 2073.053028 2078.430515 2082.248418
-9999.0 -9999.0 682.090474 727.261545 767.709756 834.379860 914.998284 952.952067 996.853540 1043.956729 1063.910850 1089.805825 1102.802418 1113.358871 1138.052523 1161.578605 1175.446878 1183.582123 1184.576948 1241.376534 1301.026817 1352.479704 1400.085452 1469.181445 1516.767980 1535.669165 1550.043677 1572.015982 1597.604093 1641.384165 1689.095080 1742.292895 1786.366605 1818.045196 1835.093208 1854.251549 1875.098656 1893.279964 1912.929041 1952.929449 1981.279490 2007.923269 2035.575177 2056.418405 2065.343751 2069.542732 2059.201144 2069.910199 2077.476322 2081.323704 2083.222071 2080.677062 2080.742537 2082.034525 2083.464733 2078.756550
-9999.0 592.864419 645.195461 698.578982 767.767234 835.478809 919.241435 1000.094223 1058.682874 1107.769553 1138.778042 1152.651979 1190.236909 1234.057008 1261.683530 1289.814295 1294.706266 1301.638515 1293.312061 1343.309002 1394.215630 1469.225607 1579.277555 1637.481009 1684.581074 1688.635245 1685.439826 1698.959975 1723.274077 1767.244663 1834.649524 1882.365317 1935.989128 1976.797509 1992.752680 2000.480538 2018.706810 2039.075492 2025.803050 2049.780108 2061.595666 2071.680553 2075.698179 2078.585510 2080.745747 2081.961958 2079.761485 2074.303741 2067.336797 2062.433022 2058.924021 2054.824722 2057.515243 2060.916923 2061.675620 2054.786371
-9999.0 557.288665 616.853172 688.577624 760.028337 828.044601 931.868031 1076.800736 1132.518577 1172.210381 1197.373835 1221.438939 1301.060073 1369.146106 1405.391286 1451.889255 1448.600733 1440.240320 1428.268762 1462.353477 1512.668142 1587.226131 1730.176997 1815.357879 1846.126250 1859.346232 1868.133275 1895.870862 1933.407487 1970.445500 2004.233574 2003.802914 2031.757171 2046.582355 2052.041859 2055.196349 2060.382608 2062.035505 2061.673917 2059.610330 2056.582368 2058.328376 2063.747624 2064.814967 2063.142067 2060.986853 2056.160590 2049.144406 2043.929739 2039.425985 2036.700361 2033.663880 2031.924351 2031.679855 2027.036147 2021.036518
-9999.0 527.284596 598.796199 662.574744 727.676783 842.365291 969.621161 1106.839342 1201.979628 1242.724489 1268.492088 1340.141227 1443.462835 1541.821140 1595.893055 1623.903955 1627.707466 1608.760721 1613.497832 1659.202419 1724.669033 1817.020955 1910.119413 1988.081547 2003.739883 2010.061474 1991.250012 2007.080055 2021.709150 2026.142019 2029.578583 2035.156453 2042.397177 2047.259899 2048.129378 2047.383175 2044.672902 2038.538821 2035.132317 2033.150298 2030.877548 2031.462623 2034.965713 2036.958120 2035.058358 2031.693140 2027.433449 2021.772134 2015.441817 2008.550051 2004.250235 1999.875489 1997.310965 1991.956918 1987.083022 1980.358941
-9999.0 427.097567 515.851117 570.914833 685.264115 860.749664 988.826011 1140.442396 1289.498625 1331.913257 1410.208643 1533.645246 1641.765311 1718.062801 1760.920044 1805.010021 1836.489641 1862.018830 1898.430918 1856.046135 1913.588489 1972.382727 1999.380919 2013.900108 2018.925531 2023.075899 2017.948091 2001.367165 1993.416240 1988.962963 1992.633838 2001.643708 2008.670625 2015.600793 2015.039590 2017.021067 2018.396415 2016.095725 2013.368209 2006.115196 1999.401166 1994.402947 1993.176992 1998.827059 1994.329447 1991.396827 1985.428023 1977.228303 1968.208683 1960.155985 1951.994351 1944.799674 1941.471327 1935.302756 1932.947971 1923.619874
-9999.0 346.186369 423.171401 512.247600 650.487991 815.807528 946.258433 1115.417697 1327.077427 1447.615854 1576.604591 1652.809081 1728.732165 1791.546531 1855.797102 1904.918985 1932.567636 1945.431966 1936.913424 1949.908667 1919.998013 1915.313626 1934.877836 1963.527371 1979.421701 1985.938074 1980.020941 1971.685988 1966.363150 1966.803616 1966.732234 1966.148209 1965.263467 1963.970783 1961.827424 1964.722395 1970.107659 1964.782392 1956.898558 1949.380857 1942.587437 1934.858197 1929.837514 1926.665051 1925.775543 1925.509784 1917.868352 1907.205649 1896.180103 1887.405828 1879.129046 1872.919339 1869.570416 1863.754510 1854.742512 1841.285435
-9999.0 247.140523 368.937421 463.093768 585.142107 723.076397 850.736771 1016.571517 1168.017553 1391.779332 1552.565817 1665.398761 1710.568391 1772.336009 1833.771632 1903.111019 1910.463481 1884.993555 1855.271570 1843.002273 1850.741607 1862.172077 1876.758740 1897.627708 1916.820451 1928.206235 1932.122405 1926.178689 1913.721367 1904.951575 1898.443113 1888.814284 1882.000247 1881.143376 1882.600395 1890.372781 1892.933114 1884.481854 1872.176218 1856.672703 1843.175502 1833.039974 1830.566563 1832.162300 1832.221607 1828.419657 1821.365763 1810.386378 1797.284724 1784.799438 1776.744293 1770.566102 1762.787469 1751.862325 1739.746083 1726.060466
-9999.0 -9999.0 293.474749 404.970407 513.725921 637.573762 754.075772 899.140653 1052.092146 1236.416784 1357.441901 1492.507063 1568.796113 1617.492885 1669.096156 1726.084585 1747.921935 1770.228626 1757.004900 1763.835358 1772.393891 1780.062790 1791.058837 1803.753759 1818.215336 1829.469132 1838.435466 1837.214273 1828.862829 1811.933976 1791.461842 1775.645820 1766.668406 1759.593914 1769.055259 1780.505853 1777.635159 1771.393877 1759.968369 1744.844594 1732.429194 1719.162172 1715.647590 1715.921716 1715.846495 1712.635959 1707.775827 1694.363326 1680.726604 1668.117873 1661.715076 1654.629205 1648.389351 1636.738604 1624.271746 1610.629139
