tests/Borden05m/data_simulated/sim_1/output-maps/psiliqL0004N0011.asc
ncols         160
nrows         34
xllcorner     620200.000000
yllcorner     5168000.000000
cellsize      0.500000
NODATA_value  -9999.0
[rows 0 to 24 of 34, columns 56 to 111 of 160]
-9999.0 -9999.0 -9999.0 -9999.0 -9999.0 -9999.0 -9999.0 -9999.0 -9999.0 -9999.0 -9999.0 -9999.0 -9999.0 -9999.0 -9999.0 -9999.0 -9999.0 -9999.0 -9999.0 -9999.0 -9999.0 -9999.0 -9999.0 -9999.0 -9999.0 -9999.0 -9999.0 -9999.0 -9999.0 -9999.0 -9999.0 -9999.0 -9999.0 -9999.0 -9999.0 -9999.0 -9999.0 -9999.0 -9999.0 -9999.0 -9999.0 -9999.0 -9999.0 -9999.0 -9999.0 -9999.0 -9999.0 -9999.0 -9999.0 -9999.0 -9999.0 -9999.0 -9999.0 -9999.0 -9999.0 -9999.0
-9999.0 -9999.0 -9999.0 -580.012639 -583.258331 -585.620753 -587.077307 -591.794756 -595.624880 -600.028695 -600.878937 -600.482953 -601.252415 -602.874797 -600.488351 -597.332282 -594.599177 -591.013089 -591.480774 -590.961909 -589.627021 -589.278913 -589.909163 -591.565109 -592.718447 -594.045663 -592.606811 -597.508072 -604.058273 -609.148732 -610.239412 -606.051855 -603.484148 -603.767831 -601.270926 -595.994877 -591.435268 -589.578382 -584.216335 -584.458464 -582.277831 -579.148574 -581.745170 -582.541514 -582.451295 -581.940452 -588.982730 -9999.0 -9999.0 -9999.0 -9999.0 -9999.0 -9999.0 -9999.0 -9999.0 -9999.0
-594.719915 -585.075091 -585.441423 -598.358272 -599.905487 -600.378989 -599.934319 -602.033966 -607.279308 -608.796829 -612.690655 -614.344493 -614.770974 -616.223685 -614.847912 -608.351247 -603.762178 -602.311182 -603.021776 -603.288984 -604.554048 -605.481442 -605.232393 -606.858495 -608.415738 -610.055168 -609.758974 -606.126225 -610.960354 -613.519319 -615.920731 -618.349434 -617.311682 -616.428297 -615.920825 -609.758105 -607.088912 -605.040149 -596.823633 -589.393500 -587.306981 -590.069225 -593.286902 -592.824431 -593.529612 -596.906231 -600.244855 -600.911004 -602.600937 -603.457217 -606.344161 -602.031609 -601.629513 -596.649614 -592.411376 -587.445185
-607.266823 -596.036533 -596.538610 -606.770363 -613.168646 -615.292367 -613.990442 -609.711921 -611.567214 -615.360309 -621.002014 -614.539683 -615.292700 -615.792254 -614.537495 -612.402918 -611.485253 -610.414420 -608.705156 -602.964051 -603.179547 -603.607064 -603.349621 -604.377510 -606.247175 -606.235178 -607.331507 -612.030081 -611.418193 -610.339997 -611.295814 -606.676257 -606.328209 -603.829621 -611.810537 -610.332194 -608.071380 -606.285367 -604.849551 -603.188444 -601.296312 -604.720559 -602.526296 -605.712558 -612.534531 -614.780508 -614.832283 -610.102888 -607.833594 -611.226230 -622.628217 -616.484558 -603.873776 -604.440916 -606.020026 -599.703371
-614.462965 -611.610690 -612.781598 -617.263669 -613.219561 -609.934688 -607.834454 -609.789987 -613.768977 -618.473152 -608.249800 -603.862526 -605.814248 -604.597203 -601.748190 -601.764695 -614.120440 -617.383925 -612.256953 -606.802395 -604.430725 -606.491794 -607.524217 -609.612075 -609.688840 -608.528011 -609.932891 -608.105215 -606.411296 -608.317951 -605.054921 -601.343527 -598.048586 -605.716283 -612.952030 -612.497192 -606.496446 -601.985481 -599.412581 -593.086711 -583.873130 -585.295997 -587.610811 -589.235821 -591.297930 -602.980976 -613.723390 -618.209300 -620.310198 -623.614323 -621.291069 -623.498337 -613.298199 -613.901293 -615.258710 -610.239403
-622.754214 -609.762247 -606.466042 -613.207296 -617.063912 -618.852897 -617.821276 -619.111324 -618.731992 -609.547861 -604.096860 -595.577575 -598.092300 -597.714290 -598.077917 -606.466135 -613.240206 -617.633931 -604.595995 -594.148118 -590.550108 -592.890111 -594.914664 -586.394233 -588.900208 -590.187094 -595.438682 -593.558933 -594.024367 -584.718375 -580.868403 -576.015320 -577.845692 -587.017709 -595.009146 -595.570039 -594.604808 -595.179759 -592.570317 -586.271010 -578.778398 -583.867964 -586.683671 -587.310217 -604.715643 -619.198243 -624.793552 -615.966057 -610.959523 -612.117986 -611.454342 -611.227667 -617.902832 -616.384645 -615.739117 -618.710910
-597.135894 -589.545675 -578.510050 -585.677929 -591.231582 -600.831520 -599.903673 -598.633756 -595.048733 -589.855816 -580.672061 -564.471877 -566.938174 -565.815600 -561.066656 -569.603234 -577.999691 -590.192717 -576.316327 -572.527683 -567.738665 -568.015697 -558.114690 -549.486383 -554.832283 -562.478509 -571.637496 -566.075198 -554.167240 -543.041913 -540.117200 -538.652723 -537.009576 -544.695647 -547.144331 -548.889561 -548.160277 -552.984289 -552.321231 -543.886800 -530.344075 -528.941042 -535.657292 -549.490129 -571.595040 -592.789195 -604.795493 -592.763930 -596.599721 -598.638679 -597.012010 -605.415712 -610.560524 -604.131722 -610.468085 -615.345828
-587.707567 -580.193566 -567.769984 -572.782230 -582.531212 -593.225683 -593.186584 -586.885740 -583.240249 -571.032812 -554.389795 -535.811692 -525.535290 -517.025069 -507.809582 -514.948362 -523.146381 -532.632494 -530.360413 -519.105104 -508.222601 -496.112630 -482.314712 -467.526583 -471.259958 -479.122289 -480.100949 -476.533114 -460.478512 -445.386456 -438.887044 -434.570438 -426.689095 -432.166262 -442.006295 -453.247565 -464.363289 -474.220418 -481.745292 -468.258571 -453.655091 -456.254923 -482.914346 -505.749450 -531.960437 -557.674546 -584.746720 -584.604338 -580.337411 -576.567250 -586.740605 -592.521087 -602.429928 -605.055271 -604.911223 -615.510143
-532.068809 -517.955236 -502.450131 -496.343702 -509.935347 -512.465386 -507.686598 -497.625188 -493.738480 -481.680775 -448.091605 -395.256300 -347.332477 -315.652476 -310.406656 -319.496618 -333.808039 -357.043325 -369.929024 -350.337350 -329.501261 -312.559757 -303.101046 -296.124740 -291.560387 -292.032791 -291.997901 -290.679740 -288.951437 -285.670673 -281.880581 -278.033750 -273.447052 -272.158101 -277.850064 -283.160702 -288.937977 -294.163630 -295.455575 -296.778765 -293.175594 -293.842152 -307.146345 -335.671290 -385.909463 -439.839930 -477.096152 -503.096429 -502.975397 -515.433611 -526.795546 -539.933373 -567.394446 -576.077169 -581.601439 -605.758803
-439.481435 -395.658669 -364.755873 -338.539732 -334.513005 -329.224018 -324.281268 -316.497420 -309.822090 -304.783681 -286.033846 -261.242960 -234.335099 -211.520489 -203.009273 -211.344391 -220.945332 -231.978700 -240.690337 -239.219264 -227.102955 -212.913614 -199.967601 -191.879187 -189.099069 -190.490473 -190.291982 -189.489756 -187.280858 -186.158699 -183.090961 -178.099026 -169.382625 -157.936898 -159.991151 -173.746879 -184.514692 -197.282953 -202.822642 -205.680059 -210.626993 -211.383086 -212.210495 -233.160095 -256.042025 -279.488734 -300.025458 -317.223588 -350.411116 -386.726437 -418.585270 -467.178263 -507.542937 -539.007080 -563.101884 -586.980663
-287.879921 -267.185780 -246.098789 -232.064335 -225.977277 -222.565271 -218.943666 -212.734426 -207.419079 -200.726039 -186.442267 -157.042074 -122.526404 -90.260954 -83.039018 -89.944678 -99.238585 -110.899215 -118.223844 -120.951526 -116.436210 -110.080117 -97.308870 -88.267428 -76.633091 -77.040674 -75.072633 -74.919624 -74.100205 -74.365221 -72.451431 -68.663964 -61.794188 -52.093412 -51.139570 -58.009062 -73.639508 -88.216830 -98.346821 -111.070933 -119.424705 -121.546112 -121.781552 -123.048442 -142.057904 -170.601773 -206.142173 -230.238931 -250.505742 -263.308563 -275.433784 -285.708140 -309.942891 -331.839863 -383.489666 -440.113224
-200.615220 -177.644181 -151.813553 -131.965710 -119.047004 -111.621112 -106.320323 -99.386456 -93.135774 -83.436117 -67.357410 -51.207514 -20.661787 28.260568 47.136634 45.294019 36.650685 22.066865 20.409511 19.647443 19.805945 7.667251 27.257163 23.161051 51.575181 40.705176 57.729801 56.947079 57.331239 41.706641 58.062376 56.889637 42.111028 62.903940 48.806285 62.501286 34.952811 34.855240 18.294751 -14.834564 -25.211708 -30.496704 -32.076565 -34.744666 -44.068873 -67.613645 -102.525851 -136.044275 -160.054324 -176.648127 -188.834933 -196.827122 -203.419474 -216.611053 -240.793553 -271.289068
-102.724396 -82.604667 -60.988556 -33.781711 -11.105606 18.226605 27.466735 31.714445 40.188349 39.074161 68.978450 64.479458 92.192312 111.364914 120.874041 126.304626 127.951059 128.088959 130.446335 129.985777 128.571484 128.080298 129.479342 128.879658 132.512524 132.456725 133.108271 133.516700 133.714280 132.659465 133.869948 133.046914 130.795140 131.398094 130.596941 131.456036 128.197236 122.273741 107.721391 95.244952 88.125687 81.029600 72.658237 63.777741 54.957823 41.227803 -4.267341 -39.627544 -70.247665 -85.303277 -96.257861 -103.040523 -108.071060 -121.169303 -140.095539 -163.830068
26.521008 37.893773 39.069317 76.063502 91.646912 103.661707 110.731491 114.966754 124.270196 133.337219 136.158028 135.412097 137.001719 137.021351 137.575885 137.664852 137.012037 135.451981 134.874934 134.029029 128.326948 119.514566 120.586576 121.479023 123.171051 126.922573 126.328837 127.063141 129.866731 128.523104 123.196616 119.848192 118.027026 118.052027 124.880605 127.685840 128.454735 128.775165 128.027055 127.587179 127.245558 127.086423 126.848090 126.646566 122.175586 113.996207 93.835809 67.092968 38.254211 16.835700 -10.197376 -13.681960 -18.377067 -25.050353 -44.394466 -73.490961
117.303123 127.745940 135.959280 137.736158 137.871795 138.591631 139.550227 141.673801 140.848452 137.960347 134.042557 130.110016 128.933392 127.881980 125.151684 125.688230 123.924037 120.176334 117.086919 111.917625 101.585625 87.797021 84.985817 88.773011 79.269338 91.891684 103.114542 106.786830 108.601658 104.246854 94.918055 87.708867 85.043216 91.339834 97.242917 103.334560 103.990901 102.113856 98.435854 98.587906 96.755753 97.952042 105.203827 117.098879 124.741053 124.807758 124.673423 123.976022 122.830223 103.062474 83.216824 85.001165 80.944536 70.247647 49.008847 5.422636
132.504809 132.379286 130.258263 124.515489 119.117188 118.497663 122.096892 128.393303 129.997761 123.719889 116.365121 110.262524 104.381420 101.987695 97.873897 96.323394 96.563045 91.359964 84.735786 70.294374 46.407740 20.893044 11.125478 9.483185 14.805693 30.431970 59.621103 67.822662 63.447292 54.002539 23.217008 10.449050 9.261375 13.188206 25.971702 57.180119 61.236258 53.690758 34.576731 28.539881 23.925289 27.388106 54.321578 70.969582 84.755545 96.624488 104.900001 111.642611 117.100229 123.734239 123.535545 123.469909 123.335957 119.318747 106.434198 87.475139
118.582067 112.463456 107.853484 99.308894 92.701313 90.875554 93.632218 97.180922 94.893256 89.145919 79.516750 69.594425 58.093883 43.142227 28.781653 26.351066 25.251284 18.813794 4.876557 -12.590699 -28.956850 -46.239699 -51.595805 -55.579326 -56.247883 -42.610559 -22.503450 -15.179070 -26.274581 -36.703645 -54.656837 -64.522634 -67.682576 -65.354250 -54.319884 -32.972102 -17.018305 -18.961289 -31.409079 -41.023729 -45.050280 -44.563424 -31.949360 -11.381396 8.864151 26.637388 54.410931 62.524101 70.503176 79.367224 89.657337 101.955148 112.007832 122.516831 123.088913 122.812243
92.585983 84.544218 75.676325 47.216571 35.410330 29.202240 26.195328 24.298221 18.886359 12.960162 3.612428 -7.254349 -18.807509 -34.145571 -41.581576 -46.021454 -45.551454 -57.009351 -68.647658 -87.794878 -102.712576 -117.493400 -124.913269 -129.399922 -133.089972 -124.167230 -107.122213 -97.555120 -112.366515 -122.605652 -136.777357 -143.935499 -147.182636 -146.020392 -136.950327 -114.763289 -97.658113 -93.290259 -102.568208 -110.185600 -113.353629 -113.059347 -106.580678 -89.899253 -69.182165 -48.274705 -30.388409 -20.187549 -11.749019 -1.008882 14.500316 34.376566 63.884711 80.553904 97.828890 111.610536
33.385923 20.721081 8.907300 -6.955796 -20.311492 -27.631714 -27.968594 -34.726329 -40.616642 -49.630477 -87.553846 -101.156976 -116.394288 -129.872960 -135.495714 -143.357813 -147.651692 -157.186424 -164.114470 -174.265282 -187.178258 -200.025905 -210.688775 -213.229535 -215.561261 -218.064362 -209.437422 -205.817553 -208.457484 -214.527927 -220.951162 -224.347409 -226.381185 -223.291031 -213.101583 -203.410294 -194.342877 -190.740297 -196.163944 -192.258667 -187.441644 -187.154665 -173.645078 -160.930489 -144.739495 -124.849116 -103.580686 -92.409390 -83.495853 -72.689089 -56.798812 -38.234603 -17.596753 6.149733 33.369406 67.592174
-19.096546 -33.495363 -48.120293 -61.853681 -74.838040 -86.545406 -86.609659 -90.399271 -95.871008 -124.748278 -161.806342 -187.582725 -201.104143 -216.510834 -224.058787 -232.876389 -252.498590 -264.057441 -270.162827 -268.821623 -276.593299 -287.293977 -295.536785 -298.895098 -301.120009 -306.916151 -309.414609 -307.077723 -301.650426 -306.342959 -309.617649 -308.552375 -310.265482 -310.621213 -304.435972 -296.142873 -291.687000 -286.916133 -282.120499 -279.166585 -273.570105 -254.482446 -241.687415 -230.156856 -215.243086 -198.226628 -179.358934 -163.509998 -153.042080 -140.829585 -123.581283 -107.672513 -87.192129 -63.592809 -34.775403 -12.456861
-83.719592 -101.018839 -115.661819 -130.130568 -144.973253 -164.052442 -166.409931 -172.895994 -182.278116 -214.504019 -246.116484 -271.966980 -286.930782 -301.350214 -312.161604 -339.278343 -387.269504 -417.683146 -417.718177 -410.512298 -418.991811 -440.781789 -458.166836 -469.548435 -480.641350 -494.967014 -503.265188 -495.398810 -487.130743 -487.266582 -487.703411 -484.961455 -485.259166 -486.183517 -485.390474 -471.320847 -460.879856 -449.500373 -439.653566 -430.560522 -392.962235 -351.017982 -321.541903 -301.259962 -286.902997 -269.270404 -248.669934 -232.096110 -220.962692 -206.930117 -191.261435 -174.147533 -155.926716 -132.999051 -105.267392 -82.492942
-145.881463 -168.174408 -185.944787 -203.751444 -229.657847 -242.445749 -251.149879 -259.240168 -280.031358 -305.831547 -344.041164 -400.213792 -439.221236 -467.660166 -491.049040 -515.104073 -536.471893 -549.956429 -542.162371 -537.603639 -530.469771 -541.608046 -550.876772 -553.490488 -562.452581 -570.638020 -581.266954 -573.022592 -568.740860 -558.644016 -559.032863 -558.484337 -554.168552 -556.178134 -557.166654 -563.240771 -556.452928 -551.998414 -546.426613 -528.995724 -511.930805 -493.613145 -476.262680 -453.939747 -422.514708 -377.411739 -329.858226 -300.796311 -285.895170 -270.384544 -251.620375 -235.573831 -221.115226 -203.668258 -181.355489 -160.709708
-224.532824 -240.627949 -259.541127 -284.223663 -312.699263 -348.314648 -367.817428 -411.702723 -451.451369 -495.381653 -519.420237 -533.611680 -548.200905 -559.351756 -568.359847 -582.481261 -592.866398 -608.055822 -602.382475 -594.196798 -583.045311 -591.674813 -593.197323 -591.681285 -597.473409 -603.783713 -613.648140 -611.936726 -603.678229 -594.071099 -593.884339 -591.733084 -586.519033 -586.421038 -590.672293 -598.958458 -596.691405 -590.746235 -584.751326 -573.780010 -563.311243 -552.979518 -543.758737 -531.340930 -516.568615 -499.666854 -476.893807 -446.485550 -417.571535 -371.889099 -323.740935 -298.867391 -287.926545 -275.368090 -253.958738 -236.808132
-298.568430 -316.597016 -356.896806 -423.675378 -475.706103 -514.134313 -536.212473 -555.768643 -573.756824 -581.183160 -588.062050 -595.585401 -602.126039 -609.267641 -615.761343 -621.221508 -629.528219 -645.182296 -638.560281 -629.329793 -619.320564 -618.792899 -619.882531 -619.236778 -621.745789 -628.896604 -641.134102 -635.634883 -627.707029 -620.591059 -618.078079 -616.502274 -612.364229 -615.253727 -621.467103 -630.163558 -626.132368 -618.849478 -614.433704 -608.852554 -600.882165 -592.527202 -584.180820 -574.666588 -564.946207 -552.414282 -538.466506 -522.838811 -505.822200 -486.451424 -461.515187 -443.520787 -421.236717 -394.552543 -352.731192 -316.587908
-458.987924 -485.423109 -507.919118 -531.508382 -556.581782 -570.736558 -583.618399 -594.781023 -606.196381 -613.542306 -618.972069 -616.948782 -619.700022 -627.071403 -627.204191 -631.320311 -643.841273 -639.296344 -635.700107 -625.715420 -627.432601 -627.906982 -630.249566 -628.712617 -630.346664 -642.258092 -635.964776 -633.141194 -625.934545 -624.325315 -622.530115 -621.209731 -619.860098 -621.169418 -629.383469 -627.543607 -625.106595 -618.515652 -617.746458 -614.559292 -606.746768 -603.652293 -598.334076 -591.104793 -583.365695 -574.306861 -563.572848 -549.600605 -535.805977 -523.174698 -518.528389 -510.246436 -503.410492 -508.021473 -492.582229 -475.252795
