tests/Borden05m/data_simulated/sim_1/output-maps/psiliqL0020N0018.asc
ncols         160
nrows         34
xllcorner     620200.000000
yllcorner     5168000.000000
cellsize      0.500000
NODATA_value  -9999.0
[rows 0 to 24 of 34, columns 0 to 54 of 160]
-9999.0 -9999.0 -9999.0 -9999.0 -9999.0 -9999.0 -9999.0 -9999.0 -9999.0 -9999.0 -9999.0 -9999.0 -9999.0 -9999.0 -9999.0 -9999.0 -9999.0 -9999.0 -9999.0 -9999.0 -9999.0 -9999.0 -9999.0 -9999.0 -9999.0 -9999.0 -9999.0 -9999.0 -9999.0 -9999.0 -9999.0 -9999.0 -9999.0 -9999.0 -9999.0 -9999.0 -9999.0 -9999.0 -9999.0 -9999.0 -9999.0 -9999.0 -9999.0 -9999.0 -9999.0 -9999.0 -9999.0 -9999.0 -9999.0 -9999.0 -9999.0 -9999.0 -9999.0 -9999.0 -9999.0
-9999.0 -9999.0 -9999.0 -9999.0 -9999.0 -9999.0 -9999.0 -9999.0 -9999.0 -9999.0 -9999.0 -9999.0 -9999.0 -9999.0 -9999.0 -9999.0 -9999.0 -9999.0 -9999.0 -9999.0 -9999.0 -9999.0 -9999.0 -9999.0 -9999.0 -9999.0 -9999.0 -9999.0 -9999.0 -9999.0 -9999.0 -9999.0 -9999.0 -9999.0 -9999.0 -9999.0 -9999.0 -9999.0 -9999.0 -9999.0 -9999.0 -9999.0 -9999.0 -9999.0 -9999.0 -9999.0 -9999.0 -9999.0 -9999.0 -9999.0 -9999.0 -9999.0 -9999.0 -9999.0 -9999.0
-9999.0 -9999.0 -9999.0 -9999.0 -9999.0 -9999.0 -9999.0 -9999.0 -9999.0 -9999.0 -9999.0 -9999.0 -9999.0 -9999.0 -9999.0 -9999.0 -9999.0 -9999.0 -9999.0 -9999.0 -9999.0 -9999.0 -9999.0 -9999.0 -9999.0 -9999.0 -9999.0 -9999.0 -9999.0 -9999.0 -9999.0 -9999.0 -9999.0 -9999.0 -9999.0 -9999.0 -9999.0 -9999.0 -9999.0 -9999.0 -9999.0 -9999.0 -9999.0 -9999.0 -9999.0 -9999.0 -9999.0 2104.355763 2087.356672 2073.288865 2070.095989 2092.253432 2115.948245 2140.244609 2161.274607
-9999.0 -9999.0 -9999.0 -9999.0 -9999.0 -9999.0 -9999.0 -9999.0 -9999.0 -9999.0 -9999.0 -9999.0 -9999.0 -9999.0 -9999.0 -9999.0 -9999.0 -9999.0 -9999.0 -9999.0 -9999.0 -9999.0 -9999.0 -9999.0 -9999.0 -9999.0 -9999.0 -9999.0 -9999.0 -9999.0 -9999.0 -9999.0 -9999.0 -9999.0 -9999.0 -9999.0 -9999.0 -9999.0 -9999.0 -9999.0 2152.090983 2158.211512 2158.944589 2149.203909 2138.341814 2125.695100 2105.662579 2088.348709 2074.781023 2073.004352 2076.010322 2080.241367 2102.246608 2127.829535 2148.137404
-9999.0 -9999.0 -9999.0 -9999.0 -9999.0 -9999.0 -9999.0 -9999.0 -9999.0 -9999.0 -9999.0 -9999.0 -9999.0 -9999.0 -9999.0 -9999.0 -9999.0 -9999.0 -9999.0 -9999.0 -9999.0 -9999.0 -9999.0 -9999.0 -9999.0 -9999.0 -9999.0 -9999.0 -9999.0 -9999.0 -9999.0 -9999.0 -9999.0 -9999.0 2058.149099 2075.566519 2093.954332 2112.892174 2130.197135 2137.494485 2143.498838 2149.319911 2145.300426 2141.212038 2130.118275 2110.372570 2091.385835 2078.519164 2077.466585 2075.511907 2079.905873 2092.546772 2109.764967 2125.820507 2147.034834
-9999.0 -9999.0 -9999.0 -9999.0 -9999.0 -9999.0 -9999.0 -9999.0 -9999.0 -9999.0 -9999.0 -9999.0 -9999.0 -9999.0 -9999.0 -9999.0 -9999.0 -9999.0 -9999.0 -9999.0 -9999.0 -9999.0 -9999.0 -9999.0 -9999.0 -9999.0 -9999.0 -9999.0 2060.686691 2055.099933 2050.688490 2049.730564 2048.935249 2048.444198 2055.549308 2067.498264 2085.446544 2107.854218 2121.504435 2129.225035 2136.425454 2137.391193 2132.358323 2131.011966 2131.928626 2120.130217 2108.599113 2097.833997 2087.405215 2085.509129 2095.240573 2109.974352 2126.731786 2141.970489 2157.805396
-9999.0 -9999.0 -9999.0 -9999.0 -9999.0 -9999.0 -9999.0 -9999.0 -9999.0 -9999.0 -9999.0 -9999.0 -9999.0 -9999.0 -9999.0 -9999.0 -9999.0 -9999.0 -9999.0 -9999.0 -9999.0 -9999.0 -9999.0 2028.802202 2034.405900 2041.377098 2049.474250 2050.951478 2047.765626 2042.801457 2040.554475 2039.735268 2038.357392 2043.477576 2051.509205 2065.273780 2081.331351 2103.990059 2112.949260 2118.589087 2130.859335 2134.653183 2142.051373 2146.564268 2145.274215 2142.247232 2128.932877 2118.896758 2122.871811 2128.237142 2135.577147 2144.259122 2158.192621 2173.157916 2189.837954
-9999.0 -9999.0 -9999.0 -9999.0 -9999.0 -9999.0 -9999.0 -9999.0 -9999.0 -9999.0 -9999.0 -9999.0 -9999.0 -9999.0 -9999.0 -9999.0 -9999.0 -9999.0 -9999.0 2002.781541 2004.042255 2005.790216 2010.994704 2011.961843 2014.346689 2021.734749 2030.381407 2033.633181 2032.253040 2031.703504 2033.792997 2037.124868 2042.262697 2053.763222 2067.960599 2082.588201 2096.451801 2117.763250 2132.851612 2146.273244 2162.387540 2162.860447 2159.621634 2158.421349 2159.111607 2158.813379 2160.374867 2161.619588 2168.276173 2171.330552 2176.651300 2186.338698 2198.531415 2216.299483 2235.359919
-9999.0 -9999.0 -9999.0 -9999.0 -9999.0 -9999.0 -9999.0 -9999.0 -9999.0 -9999.0 -9999.0 -9999.0 -9999.0 -9999.0 -9999.0 -9999.0 1973.079501 1975.152725 1977.817406 1983.632470 1987.348009 1991.768946 1999.203927 2001.078680 2005.197594 2012.875372 2018.139856 2027.826991 2036.689841 2044.529194 2051.086356 2054.286456 2061.878934 2071.887430 2084.087296 2099.146432 2120.379949 2144.173656 2160.591581 2177.819163 2195.465553 2196.573279 2195.691871 2196.879089 2196.814281 2201.007421 2217.245532 2222.058927 2220.334432 2233.689363 2246.938362 2251.368439 2259.405706 2279.328641 2302.606841
-9999.0 -9999.0 -9999.0 -9999.0 -9999.0 -9999.0 -9999.0 -9999.0 -9999.0 -9999.0 -9999.0 -9999.0 -9999.0 1924.170387 1928.496958 1938.781918 1949.578550 1952.782820 1957.858778 1964.710413 1977.350517 1981.481612 1988.101093 1996.030314 2008.906338 2018.145237 2027.733953 2040.132286 2048.958969 2056.674807 2064.017704 2068.917144 2081.906602 2097.136104 2112.782468 2132.989877 2155.434506 2175.390949 2195.176473 2211.771985 2224.965138 2225.166149 2224.807450 2227.580986 2234.296474 2250.057083 2268.187656 2273.307720 2287.503481 2309.562420 2321.795404 2331.761083 2339.734880 2353.832999 2375.480540
-9999.0 -9999.0 -9999.0 -9999.0 -9999.0 -9999.0 -9999.0 -9999.0 -9999.0 -9999.0 1893.088225 1895.249317 1892.056793 1890.997546 1896.850901 1909.529018 1924.138291 1930.683077 1942.984313 1964.647076 1983.415913 1987.250986 2001.799325 2012.677143 2020.059818 2030.828047 2044.399638 2057.407082 2074.087415 2086.757390 2097.597393 2116.174489 2132.908902 2149.881608 2167.997844 2188.901600 2207.463868 2234.176325 2260.965373 2272.458811 2292.669432 2300.216593 2297.397497 2297.209618 2306.898055 2321.135248 2339.665934 2359.578233 2379.848816 2403.809422 2418.148017 2432.140425 2442.576531 2454.515977 2470.649323
-9999.0 -9999.0 -9999.0 -9999.0 -9999.0 -9999.0 -9999.0 -9999.0 1867.789788 1875.752372 1881.863739 1879.092351 1875.009267 1870.579431 1885.233031 1901.353653 1917.801295 1936.289025 1952.605178 1971.375791 1986.551086 2002.640504 2023.271846 2035.166625 2046.943108 2062.741215 2076.735212 2093.402998 2114.939880 2126.060347 2140.860956 2162.045581 2180.027060 2198.280609 2217.533074 2235.705023 2260.195814 2292.809600 2323.995951 2344.231933 2371.663114 2392.272495 2389.916354 2391.161718 2394.804082 2419.717647 2447.896442 2478.010631 2501.362832 2527.411591 2556.573633 2574.943172 2585.493296 2598.077540 2613.378956
-9999.0 -9999.0 -9999.0 -9999.0 -9999.0 -9999.0 1839.302626 1863.833750 1879.274430 1871.365538 1859.792327 1855.829470 1851.215099 1878.677802 1901.357100 1919.196564 1936.569784 1954.728963 1971.711093 1983.169369 2015.640695 2034.890075 2048.774243 2065.283852 2080.538126 2095.815720 2113.464016 2136.637944 2157.231943 2184.118176 2206.318333 2227.763409 2254.029972 2273.696605 2292.660454 2309.750431 2340.128860 2376.749834 2413.021214 2440.394184 2466.880405 2499.293331 2504.069477 2508.904286 2514.297059 2537.119627 2570.034653 2600.005346 2633.441476 2665.421421 2693.488289 2706.975414 2717.693325 2729.134871 2742.872352
-9999.0 -9999.0 -9999.0 -9999.0 1805.847962 1826.873698 1846.511340 1877.175544 1899.802775 1895.222024 1901.251038 1900.863596 1898.329237 1903.287493 1911.439885 1929.736015 1949.221412 1969.064642 1985.956416 2018.034979 2064.160476 2078.374431 2100.080469 2131.586972 2144.839234 2160.377311 2177.188931 2199.944012 2223.851136 2255.661392 2296.012707 2330.520196 2355.402908 2377.687039 2399.050569 2419.760731 2455.140859 2493.904081 2531.094682 2564.672506 2593.432630 2620.214340 2631.107796 2638.599596 2650.449046 2667.841459 2690.419175 2719.917243 2753.046159 2785.718146 2810.446659 2821.727988 2829.066589 2839.906693 2849.698085
-9999.0 -9999.0 -9999.0 1754.018660 1793.031376 1831.911252 1858.552656 1889.468977 1922.088524 1924.997770 1934.341300 1937.464690 1940.172063 1947.893914 1954.636089 1972.122939 1989.909375 2008.398481 2031.061057 2067.185231 2100.296740 2125.308537 2156.028960 2178.606536 2196.586518 2211.955420 2231.361671 2254.562317 2294.031811 2329.171578 2378.380942 2431.329995 2467.137098 2491.344739 2515.185564 2543.801523 2569.893548 2607.965030 2643.388888 2676.919413 2710.436730 2735.218582 2752.942792 2760.190814 2770.622241 2778.746029 2793.911928 2814.937785 2837.574086 2867.791113 2896.948475 2845.457549 2855.003961 2865.068401 2881.229598
-9999.0 -9999.0 1706.119883 1744.839138 1777.812622 1826.637652 1879.947692 1915.070540 1955.723416 1977.812690 1983.527470 1998.218942 2012.418825 2017.511302 2030.688650 2046.576471 2067.103115 2075.837379 2095.277276 2119.928566 2164.674902 2205.476608 2215.839657 2261.843860 2294.438979 2325.089973 2345.326307 2373.075023 2410.751611 2450.052571 2498.501552 2549.673731 2587.360896 2618.660351 2636.602902 2657.868390 2680.764965 2708.747509 2745.268091 2773.666447 2806.213504 2832.894788 2854.615992 2859.719033 2864.588139 2881.219677 2907.743870 2856.718117 2878.013406 2903.545760 2898.421974 2910.549844 2917.921128 2922.307430 2928.948120
-9999.0 -9999.0 1677.722411 1723.516564 1761.318637 1824.110954 1907.354945 1943.641189 1985.767101 2032.099838 2049.187170 2072.880731 2077.278474 2078.208657 2099.759212 2119.332861 2136.356384 2144.631391 2143.002070 2197.887406 2254.481538 2293.763376 2322.865522 2394.511710 2443.580860 2464.674493 2480.955289 2502.921157 2526.773917 2568.949764 2613.993988 2668.843841 2714.548874 2746.163003 2763.423058 2784.153686 2805.598422 2823.831975 2844.432835 2887.765648 2843.518056 2866.587318 2895.142486 2915.521023 2923.573884 2927.686413 2910.361491 2919.628988 2928.942130 2933.273869 2935.072152 2931.625276 2931.203117 2932.107568 2933.176197
-9999.0 1586.597480 1639.001264 1691.070967 1758.075307 1822.898086 1902.629570 1980.761128 2042.603203 2092.768253 2120.811426 2125.009260 2145.453168 2180.553512 2204.203908 2227.130133 2232.512673 2241.297389 2228.880822 2280.761338 2325.515517 2388.854114 2494.132481 2551.667149 2605.285970 2606.007755 2599.877710 2610.610680 2632.301227 2677.845371 2753.210577 2806.737564 2867.293140 2847.382565 2858.754358 2865.333448 2882.887106 2902.647004 2872.221102 2903.730995 2913.868508 2925.825754 2931.509249 2933.597377 2934.919751 2935.134463 2931.977063 2925.449943 2917.768518 2912.320245 2908.387498 2904.019307 2906.528946 2909.859877 2910.371988
-9999.0 1549.749119 1608.313972 1678.507685 1748.102968 1806.610899 1900.768047 2054.976982 2113.350594 2151.626411 2167.178897 2168.799000 2237.543916 2301.153863 2331.619812 2377.240248 2368.839892 2358.161984 2335.970190 2366.780673 2412.269462 2485.655342 2640.637488 2727.894015 2767.983633 2779.209015 2785.164990 2814.066492 2855.341496 2843.196803 2876.968029 2862.239390 2898.669908 2912.735261 2916.963975 2918.260671 2922.817916 2922.450372 2921.033380 2917.408054 2912.822572 2913.395265 2918.012680 2918.148456 2915.591387 2912.655576 2907.275484 2899.988541 2894.903775 2890.361560 2887.693569 2884.777064 2882.987487 2882.600489 2877.989572
-9999.0 1514.995373 1588.007501 1649.229361 1705.587684 1809.412326 1937.726934 2077.654368 2172.664711 2209.272489 2212.032570 2265.884087 2367.312381 2468.363472 2521.043968 2545.751811 2539.666363 2508.529374 2503.388795 2549.147659 2617.540038 2723.654392 2837.143589 2878.344959 2889.230523 2893.031597 2860.588611 2880.018177 2897.922435 2897.105961 2898.610026 2904.595426 2910.275193 2913.572537 2912.759762 2910.477802 2906.276290 2898.730655 2894.409303 2891.291328 2887.987351 2887.434694 2889.926481 2891.564683 2889.052637 2885.332283 2880.940680 2875.655968 2874.226427 2867.661035 2863.469672 2859.253419 2856.987543 2851.667821 2847.710958
-9999.0 1404.063791 1496.347256 1544.623001 1640.367307 1821.692512 1949.971517 2095.801662 2251.083507 2282.057544 2343.625289 2472.492841 2583.932156 2661.929372 2698.006717 2737.118630 2765.819045 2788.014448 2825.973805 2751.274512 2820.269014 2857.099938 2884.346392 2896.164459 2901.923503 2903.360274 2895.285801 2876.164711 2866.427213 2860.360587 2862.683278 2870.522154 2876.099786 2881.664879 2879.907593 2881.055246 2881.897145 2879.078582 2879.923510 2871.841993 2864.329616 2858.276981 2855.863401 2860.868558 2856.184723 2853.484108 2847.618475 2844.243834 2907.418906 2899.356421 2890.896438 2883.556297 2880.249493 2874.085250 2871.731074
-9999.0 1323.217032 1398.080806 1473.348715 1598.577047 1762.898394 1876.756379 2039.858154 2263.457331 2389.095436 2531.884646 2612.843029 2685.852688 2738.682887 2795.436061 2818.904308 2842.023532 2855.017787 2835.361324 2854.584060 2856.917269 2850.175189 2824.001430 2848.413435 2863.860717 2868.538462 2861.183938 2852.063063 2845.556460 2845.050033 2843.835183 2841.493645 2838.950877 2836.407831 2833.571221 2836.230676 2841.427640 2839.496586 2898.663694 2890.080896 2882.328062 2873.686974 2867.945613 2863.760826 2863.078583 2862.696901 2854.758366 2844.111582 2834.250638 2825.672147 2817.638422 2811.866642 2808.409695 2802.447921 2792.440454
-9999.0 1214.346046 1341.224081 1426.877775 1535.706614 1668.982832 1785.037381 1943.312840 2083.369857 2314.560690 2464.744417 2611.482370 2658.394158 2722.926241 2776.748542 2821.697744 2822.165060 2824.689482 2789.758870 2777.578692 2789.164767 2801.010957 2813.550442 2832.221391 2851.100591 2862.194000 2866.998047 2861.714874 2849.533439 2840.512536 2833.592511 2823.890922 2817.574017 2817.417090 2821.157477 2830.747118 2832.959724 2824.639122 2812.892977 2796.043533 2781.370207 2770.210014 2767.636447 2769.434260 2769.636767 2765.416804 2758.676877 2747.660193 2734.884800 2722.394345 2715.273319 2709.707142 2701.772396 2690.135115 2676.224658
-9999.0 -9999.0 1260.917552 1370.782451 1471.942278 1589.192996 1692.193264 1823.585832 1969.192859 2145.726476 2262.912254 2416.557252 2500.368326 2546.018934 2588.668083 2645.391467 2669.265211 2697.231425 2688.864488 2699.569345 2710.382376 2718.298981 2727.640049 2737.884794 2751.016697 2762.001354 2772.007565 2770.784610 2763.224132 2745.982950 2724.683634 2708.606089 2700.469875 2693.722297 2705.395032 2718.076987 2714.517072 2708.281850 2696.400413 2679.357244 2666.526005 2652.522746 2648.722546 2648.528629 2648.470469 2645.413520 2641.370484 2628.146991 2615.118344 2603.779957 2598.463098 2591.992374 2586.870441 2576.072595 2564.943424
-9999.0 -9999.0 1174.619681 1281.152322 1389.771525 1510.295093 1602.881573 1648.972653 1793.596417 1903.731751 2009.576858 2113.941159 2203.087303 2269.161996 2308.057879 2369.994031 2419.236837 2437.969679 2470.107930 2513.597314 2545.340481 2580.303996 2602.382608 2615.014925 2629.460122 2644.310273 2653.346441 2641.048652 2631.126515 2615.542448 2594.465574 2570.899482 2559.296374 2558.166334 2559.549836 2563.438513 2557.287973 2548.505673 2534.690456 2520.833873 2508.511437 2498.379203 2494.354408 2489.601725 2487.416209 2484.177988 2481.167945 2473.267265 2463.087243 2456.573065 2447.907377 2442.570174 2440.117918 2434.779390 2426.983324
