tests/Borden05m/data_simulated/sim_1/output-maps/psiliqL0025N0017.asc
ncols         160
nrows         34
xllcorner     620200.000000
yllcorner     5168000.000000
cellsize      0.500000
NODATA_value  -9999.0
[rows 0 to 24 of 34, columns 0 to 54 of 160]
-9999.0 -9999.0 -9999.0 -9999.0 -9999.0 -9999.0 -9999.0 -9999.0 -9999.0 -9999.0 -9999.0 -9999.0 -9999.0 -9999.0 -9999.0 -9999.0 -9999.0 -9999.0 -9999.0 -9999.0 -9999.0 -9999.0 -9999.0 -9999.0 -9999.0 -9999.0 -9999.0 -9999.0 -9999.0 -9999.0 -9999.0 -9999.0 -9999.0 -9999.0 -9999.0 -9999.0 -9999.0 -9999.0 -9999.0 -9999.0 -9999.0 -9999.0 -9999.0 -9999.0 -9999.0 -9999.0 -9999.0 -9999.0 -9999.0 -9999.0 -9999.0 -9999.0 -9999.0 -9999.0 -9999.0
-9999.0 -9999.0 -9999.0 -9999.0 -9999.0 -9999.0 -9999.0 -9999.0 -9999.0 -9999.0 -9999.0 -9999.0 -9999.0 -9999.0 -9999.0 -9999.0 -9999.0 -9999.0 -9999.0 -9999.0 -9999.0 -9999.0 -9999.0 -9999.0 -9999.0 -9999.0 -9999.0 -9999.0 -9999.0 -9999.0 -9999.0 -9999.0 -9999.0 -9999.0 -9999.0 -9999.0 -9999.0 -9999.0 -9999.0 -9999.0 -9999.0 -9999.0 -9999.0 -9999.0 -9999.0 -9999.0 -9999.0 -9999.0 -9999.0 -9999.0 -9999.0 -9999.0 -9999.0 -9999.0 -9999.0
-9999.0 -9999.0 -9999.0 -9999.0 -9999.0 -9999.0 -9999.0 -9999.0 -9999.0 -9999.0 -9999.0 -9999.0 -9999.0 -9999.0 -9999.0 -9999.0 -9999.0 -9999.0 -9999.0 -9999.0 -9999.0 -9999.0 -9999.0 -9999.0 -9999.0 -9999.0 -9999.0 -9999.0 -9999.0 -9999.0 -9999.0 -9999.0 -9999.0 -9999.0 -9999.0 -9999.0 -9999.0 -9999.0 -9999.0 -9999.0 -9999.0 -9999.0 -9999.0 -9999.0 -9999.0 -9999.0 -9999.0 3074.692078 3057.476325 3043.854690 3039.139899 3060.065452 3082.942450 3106.539891 3126.854246
-9999.0 -9999.0 -9999.0 -9999.0 -9999.0 -9999.0 -9999.0 -9999.0 -9999.0 -9999.0 -9999.0 -9999.0 -9999.0 -9999.0 -9999.0 -9999.0 -9999.0 -9999.0 -9999.0 -9999.0 -9999.0 -9999.0 -9999.0 -9999.0 -9999.0 -9999.0 -9999.0 -9999.0 -9999.0 -9999.0 -9999.0 -9999.0 -9999.0 -9999.0 -9999.0 -9999.0 -9999.0 -9999.0 -9999.0 -9999.0 3125.439682 3131.272843 3130.982515 3120.958440 3109.491397 3095.727663 3075.041562 3057.809336 3044.560933 3042.479291 3044.741332 3047.294053 3067.785374 3092.907747 3112.566634
-9999.0 -9999.0 -9999.0 -9999.0 -9999.0 -9999.0 -9999.0 -9999.0 -9999.0 -9999.0 -9999.0 -9999.0 -9999.0 -9999.0 -9999.0 -9999.0 -9999.0 -9999.0 -9999.0 -9999.0 -9999.0 -9999.0 -9999.0 -9999.0 -9999.0 -9999.0 -9999.0 -9999.0 -9999.0 -9999.0 -9999.0 -9999.0 -9999.0 -9999.0 3033.581337 3050.398923 3068.145238 3086.506200 3103.287958 3110.190780 3115.930178 3121.154467 3116.359962 3111.732256 3099.836910 3078.680593 3059.189305 3046.217088 3045.028911 3042.394304 3045.713188 3056.997787 3073.302440 3088.025478 3108.237698
-9999.0 -9999.0 -9999.0 -9999.0 -9999.0 -9999.0 -9999.0 -9999.0 -9999.0 -9999.0 -9999.0 -9999.0 -9999.0 -9999.0 -9999.0 -9999.0 -9999.0 -9999.0 -9999.0 -9999.0 -9999.0 -9999.0 -9999.0 -9999.0 -9999.0 -9999.0 -9999.0 -9999.0 3039.873475 3033.811115 3028.809814 3027.027880 3025.361626 3024.195781 3030.690974 3041.626712 3058.454177 3080.270487 3093.304919 3100.344736 3107.012903 3107.137175 3101.008733 3098.994100 3099.176334 3086.240511 3073.672535 3061.886004 3050.342877 3046.929683 3055.472598 3069.317212 3085.120785 3099.280230 3114.100397
-9999.0 -9999.0 -9999.0 -9999.0 -9999.0 -9999.0 -9999.0 -9999.0 -9999.0 -9999.0 -9999.0 -9999.0 -9999.0 -9999.0 -9999.0 -9999.0 -9999.0 -9999.0 -9999.0 -9999.0 -9999.0 -9999.0 -9999.0 3010.486798 3015.308427 3021.640891 3029.089517 3029.843481 3026.338036 3020.745983 3017.809201 3016.109417 3013.558997 3017.782842 3024.498978 3037.105377 3051.993637 3073.873199 3081.736505 3085.697525 3096.690195 3099.951804 3107.263265 3110.739212 3108.408281 3103.925182 3088.668685 3076.723201 3078.514770 3082.083597 3088.386245 3096.145246 3109.043476 3122.251272 3137.016048
-9999.0 -9999.0 -9999.0 -9999.0 -9999.0 -9999.0 -9999.0 -9999.0 -9999.0 -9999.0 -9999.0 -9999.0 -9999.0 -9999.0 -9999.0 -9999.0 -9999.0 -9999.0 -9999.0 2986.485920 2987.435956 2988.781567 2993.457905 2993.472861 2995.024746 3001.535564 3009.253483 3011.821703 3009.318029 3007.975372 3008.918055 3011.068277 3015.105740 3025.064901 3037.883574 3051.182829 3063.367437 3083.341751 3097.036005 3108.687438 3123.265373 3123.013616 3118.764856 3116.457589 3115.749082 3113.547112 3111.596639 3110.161732 3115.612839 3115.807276 3118.733397 3127.104842 3138.146759 3153.913348 3170.642428
-9999.0 -9999.0 -9999.0 -9999.0 -9999.0 -9999.0 -9999.0 -9999.0 -9999.0 -9999.0 -9999.0 -9999.0 -9999.0 -9999.0 -9999.0 -9999.0 2961.382115 2963.134663 2965.474600 2970.861058 2974.483062 2978.358756 2985.089635 2982.156483 2984.719128 2991.308592 2995.262458 3003.971543 3011.734596 3018.152699 3023.251513 3024.862081 3030.519222 3038.765977 3049.170644 3062.046350 3081.098012 3103.533131 3118.182575 3133.829638 3150.037079 3149.659917 3147.070394 3146.472322 3144.213291 3144.879557 3158.470264 3160.886112 3155.176987 3164.389037 3175.342764 3177.301080 3181.114764 3199.639514 3220.873057
-9999.0 -9999.0 -9999.0 -9999.0 -9999.0 -9999.0 -9999.0 -9999.0 -9999.0 -9999.0 -9999.0 -9999.0 -9999.0 2912.085915 2916.018075 2926.149168 2937.448678 2940.395092 2945.221581 2951.774741 2963.740042 2967.153674 2972.829788 2979.266415 2986.436971 2994.072263 3002.042047 3012.860898 3019.903653 3025.809409 3031.119730 3033.058800 3043.452842 3056.280811 3069.455986 3087.339130 3107.942610 3125.243344 3142.215950 3157.314701 3167.975033 3164.648681 3162.785855 3163.886954 3167.666686 3177.764815 3193.166952 3193.189012 3202.405559 3221.948686 3231.346004 3237.967272 3243.147822 3255.934960 3276.409798
-9999.0 -9999.0 -9999.0 -9999.0 -9999.0 -9999.0 -9999.0 -9999.0 -9999.0 -9999.0 2884.732109 2886.200519 2882.392255 2879.733774 2885.359265 2897.563978 2911.924012 2917.353753 2929.125019 2950.208948 2968.515300 2971.175470 2983.747518 2988.239150 2993.470959 3002.170523 3013.766279 3024.514619 3038.567286 3048.788960 3056.287649 3071.323740 3085.534044 3100.084434 3115.721099 3134.502352 3149.321582 3171.882728 3193.607963 3201.152720 3217.225360 3219.630040 3214.538346 3211.783609 3219.822166 3230.079764 3244.202726 3259.351229 3276.874746 3297.915729 3307.826968 3319.831559 3328.078018 3337.697653 3352.138652
-9999.0 -9999.0 -9999.0 -9999.0 -9999.0 -9999.0 -9999.0 -9999.0 2860.108139 2868.070551 2873.356768 2869.905617 2865.192607 2859.233580 2873.587601 2888.757581 2904.275188 2922.193252 2937.350930 2955.072986 2968.227994 2982.173957 2995.894217 3004.937567 3014.235888 3027.823096 3039.377675 3052.839036 3071.742167 3078.484329 3088.535713 3106.472929 3120.688963 3135.993560 3152.552368 3167.498991 3184.783962 3213.559760 3241.107229 3256.561788 3281.344054 3297.839151 3291.698163 3289.453915 3290.100560 3312.214191 3337.503532 3365.453518 3383.504566 3406.220805 3433.534247 3451.537112 3460.316485 3470.969632 3484.341597
-9999.0 -9999.0 -9999.0 -9999.0 -9999.0 -9999.0 2831.757358 2855.994886 2870.985372 2862.190584 2848.121396 2842.792675 2836.483920 2866.338719 2888.313232 2905.218287 2921.437644 2938.400165 2953.938710 2961.583760 2985.026885 3002.707283 3013.173914 3025.520855 3038.536735 3051.495677 3066.324661 3086.293477 3102.704252 3123.802117 3139.432461 3155.089587 3175.392475 3191.257617 3206.812377 3219.463923 3245.816397 3279.249699 3312.616320 3336.271018 3359.836674 3389.687258 3389.477594 3391.016963 3392.599958 3415.090574 3447.644850 3476.556388 3507.709720 3537.639931 3565.002137 3575.081040 3583.725055 3593.309681 3605.455727
-9999.0 -9999.0 -9999.0 -9999.0 2799.545654 2820.193557 2838.715608 2868.535650 2890.239649 2884.925661 2889.152864 2886.969342 2882.368876 2886.831729 2894.392117 2911.140803 2929.579685 2948.294819 2961.649207 2982.484139 3026.995586 3037.122100 3053.598064 3081.813579 3091.667325 3104.344639 3118.514432 3137.808616 3155.630357 3180.001554 3213.664048 3242.193690 3262.500121 3280.739237 3298.705537 3314.943560 3348.429766 3383.729697 3418.232484 3448.949185 3475.233806 3500.253479 3506.997752 3511.684740 3521.305042 3537.602722 3559.410317 3586.195655 3618.775823 3650.237940 3673.229910 3682.507450 3687.714608 3697.008090 3704.590064
-9999.0 -9999.0 -9999.0 2751.571159 2785.376482 2824.084618 2849.507204 2879.409845 2911.305354 2911.282403 2919.528516 2919.434563 2918.352816 2923.533500 2926.744378 2942.603705 2959.738369 2978.047586 2991.871110 3023.717573 3052.108999 3069.908318 3096.683146 3112.559666 3125.130209 3136.995372 3154.105092 3173.182247 3206.126692 3235.172475 3280.126475 3329.528488 3360.953936 3379.529322 3400.732032 3427.068849 3451.139644 3488.414506 3521.588723 3552.932299 3582.518471 3604.337665 3618.648167 3623.216893 3632.315428 3638.070960 3650.737872 3671.279324 3693.034873 3722.911891 3751.540666 3779.302453 3794.007976 3804.601677 3821.223822
-9999.0 -9999.0 2703.161790 2742.589465 2774.247621 2815.425692 2867.820147 2902.432203 2941.503187 2960.339492 2963.400859 2973.976511 2980.135940 2980.530199 2988.929706 3000.918698 3021.194191 3028.650260 3046.939405 3063.128778 3100.352517 3134.258726 3132.078727 3168.482233 3197.419204 3227.950120 3247.464047 3272.828321 3308.822490 3342.468972 3385.721650 3434.289877 3468.068886 3495.412422 3510.521232 3529.760049 3549.602926 3574.691725 3610.138588 3635.617968 3668.181256 3693.090503 3712.483978 3713.792030 3716.493529 3732.167286 3759.415273 3789.028182 3816.839953 3844.612943 3831.889063 3853.295765 3862.851851 3868.183442 3876.566584
-9999.0 -9999.0 2673.193593 2719.673014 2754.833972 2807.696308 2892.814211 2926.896009 2966.443008 3008.102704 3021.183436 3041.743732 3036.347352 3026.552605 3043.681527 3057.745283 3076.060375 3082.423370 3076.158954 3127.168834 3176.945653 3203.114519 3213.394129 3287.159551 3337.143479 3359.288723 3374.093123 3393.430655 3412.912319 3450.865165 3490.106069 3543.134521 3583.698370 3612.835318 3626.886388 3645.919150 3664.851500 3679.690433 3698.566268 3743.537053 3777.264310 3806.817945 3837.509820 3858.321877 3866.241311 3870.834273 3847.352870 3865.226706 3877.348180 3882.576108 3884.629084 3880.885091 3880.294070 3881.090528 3882.018161
-9999.0 2580.031993 2632.586353 2683.453716 2748.331378 2804.388654 2879.028204 2953.719861 3015.245514 3065.371539 3089.878893 3084.063087 3087.106090 3112.963286 3131.857660 3148.384867 3152.549859 3161.119517 3142.368862 3191.562015 3228.292177 3279.184806 3377.774159 3434.468298 3493.986559 3490.123659 3478.798660 3484.111701 3500.406061 3545.475340 3621.621713 3675.624629 3738.678487 3785.585176 3801.831185 3808.760206 3826.815579 3847.002366 3800.480023 3840.475880 3858.837359 3874.158805 3882.433775 3884.545560 3885.725015 3885.505390 3881.859506 3874.912561 3866.787644 3860.980969 3856.774306 3852.271573 3854.705077 3858.026604 3858.289932
-9999.0 2541.878912 2599.515037 2668.335950 2736.299689 2785.548569 2862.828975 3022.727966 3082.814524 3119.430601 3125.654018 3105.390676 3163.927630 3221.591093 3245.687133 3289.418033 3274.158064 3258.786413 3223.744868 3248.615188 3287.277035 3356.701713 3522.220047 3608.959159 3657.040264 3664.916021 3666.097094 3693.599432 3736.143364 3781.431085 3824.933986 3797.286880 3843.297243 3865.890127 3870.611350 3871.272230 3876.341485 3874.979299 3873.403651 3869.014408 3863.896578 3864.052752 3868.582680 3868.417466 3865.479157 3862.139051 3856.463857 3849.040245 3843.814831 3839.190391 3836.525703 3833.674523 3831.759019 3831.113423 3826.341650
-9999.0 2502.335753 2576.914330 2635.760039 2683.652858 2776.909058 2899.057737 3038.120119 3132.663046 3165.767360 3146.818332 3183.034981 3283.805208 3386.939339 3437.785961 3458.263178 3440.567508 3394.646666 3376.478748 3419.065452 3487.671805 3602.727963 3734.754463 3830.445657 3845.053725 3848.202375 3803.551953 3827.576893 3849.844952 3852.487201 3853.532705 3860.863238 3865.891674 3868.781193 3867.229045 3864.340079 3859.541586 3851.381833 3846.567143 3842.919289 3839.171158 3838.064251 3840.104369 3841.859241 3839.066315 3835.182307 3830.709388 3825.129686 3818.846819 3812.109998 3807.838419 3803.621008 3801.503899 3796.057822 3792.500357
-9999.0 2380.581211 2476.483614 2518.169623 2595.560732 2783.179160 2904.475572 3041.374991 3202.209619 3223.036270 3269.842943 3405.204185 3521.321568 3599.561425 3628.579483 3661.876745 3686.064189 3702.099018 3737.842825 3626.625567 3703.499960 3795.658185 3837.549432 3855.714959 3864.490638 3864.837958 3855.114884 3834.456672 3823.748238 3816.995087 3818.602526 3825.862730 3830.591072 3835.420225 3833.130073 3834.132741 3835.119503 3831.868649 3827.876234 3819.208878 3811.385730 3804.774522 3801.642219 3806.379404 3801.714052 3799.290888 3793.138643 3784.765766 3775.882366 3768.517560 3760.614196 3754.074872 3751.831569 3746.819148 3745.643830
-9999.0 2299.677102 2372.517008 2434.176506 2546.676967 2710.581915 2801.147743 2957.946032 3190.357678 3322.856858 3481.006999 3568.672114 3638.128428 3681.050811 3731.630528 3782.064936 3808.030873 3818.994981 3789.943119 3810.438361 3768.476491 3757.553825 3774.739094 3803.313197 3819.868954 3823.840251 3815.895047 3806.580156 3799.325679 3798.201548 3796.100443 3792.251984 3788.330623 3784.857605 3781.716969 3784.583536 3789.813836 3782.794251 3772.697214 3763.375017 3754.967571 3745.838647 3739.937787 3735.406010 3735.659607 3735.903664 3728.322238 3717.886774 3707.106758 3698.877459 3691.692197 3687.148860 3684.540874 3679.635256 3670.227411
-9999.0 2180.867677 2312.921415 2390.258124 2486.189035 2615.562872 2721.111793 2864.505345 2990.225671 3229.784690 3370.832592 3553.518962 3601.447966 3669.184406 3716.958914 3788.649596 3784.465155 3752.965727 3710.584783 3694.261660 3704.498592 3713.233930 3721.675847 3736.402391 3753.838933 3763.778187 3768.417211 3762.207826 3748.040985 3735.861209 3725.154715 3711.837251 3702.651888 3700.281401 3704.000307 3713.719360 3714.392620 3705.120718 3691.136742 3673.143449 3657.714050 3646.048137 3643.979980 3646.639735 3647.662376 3643.682244 3637.838941 3627.171856 3614.660852 3602.388986 3596.627323 3592.272698 3584.999850 3574.001196 3562.375648
-9999.0 -9999.0 2227.662194 2336.061785 2429.975060 2541.202860 2631.851042 2751.217200 2881.591876 3047.340261 3161.450274 3335.297582 3427.057653 3470.414810 3505.182215 3560.096609 3584.214103 3613.849189 3606.768184 3617.429390 3626.632847 3631.686606 3637.078730 3643.126281 3653.678565 3663.357844 3673.240689 3670.451068 3661.582692 3641.395390 3616.243440 3596.704508 3586.379921 3577.358530 3589.188706 3601.604264 3596.346878 3589.483902 3576.950985 3560.887940 3548.329564 3534.186785 3530.739631 3530.730357 3531.323877 3529.022964 3526.401846 3514.060781 3501.855494 3491.902358 3487.857925 3482.315026 3478.696821 3468.953647 3458.450137
-9999.0 -9999.0 2139.379515 2243.433381 2345.854447 2463.001605 2547.544463 2565.362839 2702.535628 2795.606095 2901.554034 3005.571080 3099.034850 3164.919792 3197.918730 3258.890583 3312.941307 3330.591819 3368.071031 3419.080660 3452.065727 3489.888819 3512.081593 3521.535346 3533.943458 3548.099571 3555.557921 3540.629739 3529.386577 3512.389024 3489.265244 3463.010594 3449.692411 3448.961194 3448.325352 3450.214996 3442.820898 3433.878192 3419.515013 3405.521453 3393.334080 3384.270796 3380.700870 3375.394330 3373.251983 3370.591345 3368.878267 3363.876904 3355.509841 3350.793403 3342.750101 3338.976956 3338.134226 3334.934462 3329.115034
