tests/Borden05m/data_simulated/sim_1/output-maps/psiliqL0000N0017.asc
ncols         160
nrows         34
xllcorner     620200.000000
yllcorner     5168000.000000
cellsize      0.500000
NODATA_value  -9999.0
[rows 0 to 24 of 34, columns 0 to 55 of 160]
-9999.0 -9999.0 -9999.0 -9999.0 -9999.0 -9999.0 -9999.0 -9999.0 -9999.0 -9999.0 -9999.0 -9999.0 -9999.0 -9999.0 -9999.0 -9999.0 -9999.0 -9999.0 -9999.0 -9999.0 -9999.0 -9999.0 -9999.0 -9999.0 -9999.0 -9999.0 -9999.0 -9999.0 -9999.0 -9999.0 -9999.0 -9999.0 -9999.0 -9999.0 -9999.0 -9999.0 -9999.0 -9999.0 -9999.0 -9999.0 -9999.0 -9999.0 -9999.0 -9999.0 -9999.0 -9999.0 -9999.0 -9999.0 -9999.0 -9999.0 -9999.0 -9999.0 -9999.0 -9999.0 -9999.0 -9999.0
-9999.0 -9999.0 -9999.0 -9999.0 -9999.0 -9999.0 -9999.0 -9999.0 -9999.0 -9999.0 -9999.0 -9999.0 -9999.0 -9999.0 -9999.0 -9999.0 -9999.0 -9999.0 -9999.0 -9999.0 -9999.0 -9999.0 -9999.0 -9999.0 -9999.0 -9999.0 -9999.0 -9999.0 -9999.0 -9999.0 -9999.0 -9999.0 -9999.0 -9999.0 -9999.0 -9999.0 -9999.0 -9999.0 -9999.0 -9999.0 -9999.0 -9999.0 -9999.0 -9999.0 -9999.0 -9999.0 -9999.0 -9999.0 -9999.0 -9999.0 -9999.0 -9999.0 -9999.0 -9999.0 -9999.0 -9999.0
-9999.0 -9999.0 -9999.0 -9999.0 -9999.0 -9999.0 -9999.0 -9999.0 -9999.0 -9999.0 -9999.0 -9999.0 -9999.0 -9999.0 -9999.0 -9999.0 -9999.0 -9999.0 -9999.0 -9999.0 -9999.0 -9999.0 -9999.0 -9999.0 -9999.0 -9999.0 -9999.0 -9999.0 -9999.0 -9999.0 -9999.0 -9999.0 -9999.0 -9999.0 -9999.0 -9999.0 -9999.0 -9999.0 -9999.0 -9999.0 -9999.0 -9999.0 -9999.0 -9999.0 -9999.0 -9999.0 -9999.0 -612.664520 -615.750601 -619.471306 -620.468127 -616.329817 -614.463609 -612.721847 -611.546364 -610.444708
-9999.0 -9999.0 -9999.0 -9999.0 -9999.0 -9999.0 -9999.0 -9999.0 -9999.0 -9999.0 -9999.0 -9999.0 -9999.0 -9999.0 -9999.0 -9999.0 -9999.0 -9999.0 -9999.0 -9999.0 -9999.0 -9999.0 -9999.0 -9999.0 -9999.0 -9999.0 -9999.0 -9999.0 -9999.0 -9999.0 -9999.0 -9999.0 -9999.0 -9999.0 -9999.0 -9999.0 -9999.0 -9999.0 -9999.0 -9999.0 -612.923293 -611.489427 -610.300151 -612.384087 -613.269610 -613.117502 -615.297767 -617.817026 -620.411058 -619.641607 -619.593876 -621.385735 -618.534143 -616.243529 -615.436550 -614.744950
-9999.0 -9999.0 -9999.0 -9999.0 -9999.0 -9999.0 -9999.0 -9999.0 -9999.0 -9999.0 -9999.0 -9999.0 -9999.0 -9999.0 -9999.0 -9999.0 -9999.0 -9999.0 -9999.0 -9999.0 -9999.0 -9999.0 -9999.0 -9999.0 -9999.0 -9999.0 -9999.0 -9999.0 -9999.0 -9999.0 -9999.0 -9999.0 -9999.0 -9999.0 -619.471465 -616.821681 -615.639978 -614.517688 -612.825348 -613.406506 -613.902516 -612.646542 -613.768856 -613.833156 -615.238602 -617.837781 -620.454726 -621.921947 -620.365478 -620.879697 -620.875231 -619.530170 -618.699974 -618.382793 -616.498848 -613.469086
-9999.0 -9999.0 -9999.0 -9999.0 -9999.0 -9999.0 -9999.0 -9999.0 -9999.0 -9999.0 -9999.0 -9999.0 -9999.0 -9999.0 -9999.0 -9999.0 -9999.0 -9999.0 -9999.0 -9999.0 -9999.0 -9999.0 -9999.0 -9999.0 -9999.0 -9999.0 -9999.0 -9999.0 -615.480621 -616.524300 -617.324544 -617.271703 -617.642109 -619.083872 -619.465644 -619.205451 -617.786183 -615.504093 -615.133259 -615.430476 -615.263976 -615.817065 -617.371001 -617.531153 -615.807207 -617.395220 -618.145509 -619.183330 -621.813220 -622.447557 -620.937336 -619.503132 -618.270466 -617.984547 -617.827953 -617.799681
-9999.0 -9999.0 -9999.0 -9999.0 -9999.0 -9999.0 -9999.0 -9999.0 -9999.0 -9999.0 -9999.0 -9999.0 -9999.0 -9999.0 -9999.0 -9999.0 -9999.0 -9999.0 -9999.0 -9999.0 -9999.0 -9999.0 -9999.0 -617.272965 -616.303141 -615.945768 -615.105818 -615.544141 -617.591960 -618.893306 -619.457951 -619.922943 -621.008856 -621.144617 -621.172213 -620.485986 -619.984259 -617.595755 -618.815973 -619.593329 -617.509942 -618.032584 -616.686187 -615.116413 -615.484844 -615.143739 -618.027105 -620.172798 -617.875231 -616.950616 -617.076841 -617.618107 -616.910626 -615.930120 -614.698428 -612.561631
-9999.0 -9999.0 -9999.0 -9999.0 -9999.0 -9999.0 -9999.0 -9999.0 -9999.0 -9999.0 -9999.0 -9999.0 -9999.0 -9999.0 -9999.0 -9999.0 -9999.0 -9999.0 -9999.0 -617.191959 -617.494491 -618.093079 -617.866506 -619.803513 -620.625154 -620.076127 -619.037511 -619.664617 -620.781671 -621.754362 -621.638398 -621.510073 -621.760418 -620.292398 -619.112411 -618.735142 -619.071728 -617.196205 -616.653386 -615.581365 -612.733586 -614.636877 -616.489799 -617.462251 -617.539173 -618.070530 -616.306983 -615.765513 -615.626381 -615.791813 -615.760499 -615.377645 -615.185987 -612.899978 -610.778526 -609.005999
-9999.0 -9999.0 -9999.0 -9999.0 -9999.0 -9999.0 -9999.0 -9999.0 -9999.0 -9999.0 -9999.0 -9999.0 -9999.0 -9999.0 -9999.0 -9999.0 -617.426552 -617.592300 -618.326828 -619.515921 -620.557733 -620.584109 -619.792732 -621.243771 -621.724728 -621.406971 -622.047396 -621.341656 -620.578578 -619.655190 -619.244710 -620.287294 -620.101725 -620.262889 -620.401874 -619.937171 -617.808629 -615.863512 -615.473395 -614.070172 -611.497664 -613.027593 -613.672782 -613.596038 -614.542512 -613.722181 -609.815704 -610.466062 -612.166905 -608.034021 -605.883041 -606.718627 -607.185968 -604.602125 -600.611326 -595.332705
-9999.0 -9999.0 -9999.0 -9999.0 -9999.0 -9999.0 -9999.0 -9999.0 -9999.0 -9999.0 -9999.0 -9999.0 -9999.0 -617.725519 -617.874936 -617.678580 -619.555315 -621.005755 -621.890813 -623.125173 -621.571839 -622.697605 -623.058783 -622.795562 -621.418661 -621.400736 -621.250981 -620.382690 -620.691627 -621.129555 -621.552392 -622.411927 -621.247277 -620.094636 -619.308829 -617.639334 -616.377794 -615.385484 -613.492753 -613.203085 -611.915863 -612.414957 -614.017740 -614.380377 -613.151393 -609.508995 -606.736613 -605.738584 -600.586183 -595.155390 -592.509082 -589.044518 -587.375735 -585.064204 -579.147597 -560.893308
-9999.0 -9999.0 -9999.0 -9999.0 -9999.0 -9999.0 -9999.0 -9999.0 -9999.0 -9999.0 -620.687687 -619.718023 -621.131836 -623.730878 -624.886281 -624.296416 -623.681143 -624.667088 -624.652884 -621.911608 -620.418381 -623.021322 -621.239063 -621.224832 -622.345018 -622.072450 -621.359083 -621.255213 -619.555481 -619.510495 -619.498494 -616.698381 -616.001443 -615.258496 -614.221531 -613.108319 -612.119106 -607.809425 -604.101148 -604.237781 -598.922975 -595.474550 -598.300140 -599.295776 -598.524551 -594.530466 -587.833322 -577.770290 -566.969593 -550.258590 -532.717739 -518.978864 -507.563811 -493.437737 -476.346702 -453.106468
-9999.0 -9999.0 -9999.0 -9999.0 -9999.0 -9999.0 -9999.0 -9999.0 -624.514476 -623.011959 -622.050107 -623.245180 -624.845967 -627.733793 -626.646915 -625.572924 -624.853034 -623.782101 -623.274737 -622.864527 -623.545285 -622.612570 -620.888810 -621.379790 -621.201637 -620.072522 -620.065145 -619.041025 -617.473131 -618.230238 -617.353529 -615.901476 -614.616733 -613.489416 -612.126542 -611.331599 -606.874306 -600.844363 -594.160105 -588.160711 -579.361454 -567.625935 -567.521968 -565.202528 -562.506096 -544.564063 -515.250638 -480.028591 -454.490756 -434.732556 -413.400075 -400.838833 -391.879516 -380.430976 -366.178227 -353.527235
-9999.0 -9999.0 -9999.0 -9999.0 -9999.0 -9999.0 -626.752062 -623.411291 -621.788742 -625.561891 -628.410417 -629.354128 -631.057830 -627.387452 -624.081183 -623.470953 -622.999124 -622.434226 -622.786730 -624.959940 -619.876595 -621.317473 -622.343524 -620.775407 -620.934979 -620.839503 -619.888995 -617.679292 -616.707282 -612.210943 -608.876779 -605.978164 -602.094855 -599.655433 -597.036043 -593.884248 -585.215813 -571.007632 -550.039931 -524.023572 -493.600820 -464.930178 -454.487516 -449.346514 -443.547702 -432.263721 -410.301256 -385.246642 -355.413980 -326.452967 -304.727566 -294.470198 -285.089159 -274.322432 -261.079054 -246.549699
-9999.0 -9999.0 -9999.0 -9999.0 -624.920516 -624.185545 -624.795386 -621.874955 -619.835672 -624.436238 -622.765211 -623.551635 -625.030287 -626.881367 -629.093888 -627.516780 -626.627489 -626.041562 -626.324566 -621.334443 -617.173765 -619.941788 -617.796381 -613.660027 -614.613799 -614.191262 -614.016535 -612.129430 -608.591387 -604.056795 -593.436642 -583.068228 -575.193770 -565.057389 -553.801305 -536.384029 -504.571275 -466.706104 -440.610941 -415.258164 -390.084398 -369.019798 -354.645308 -346.442593 -336.405564 -324.294011 -307.598540 -283.301252 -254.983823 -220.588603 -194.739720 -179.309347 -171.253325 -161.345013 -149.076993 -131.018812
-9999.0 -9999.0 -9999.0 -626.877708 -623.608960 -622.432539 -624.017730 -623.435574 -620.935200 -623.361670 -623.826387 -624.197412 -624.389053 -624.322816 -624.475331 -623.563551 -623.439959 -624.220823 -623.580062 -620.631881 -619.281885 -616.784711 -614.914868 -611.920694 -609.339059 -608.373056 -607.001626 -603.299196 -593.804538 -581.948396 -557.539705 -514.986873 -475.397897 -453.415397 -440.456003 -422.914493 -404.293997 -376.124538 -347.754071 -320.453867 -292.521404 -268.722812 -246.754940 -233.246387 -225.703601 -217.836059 -199.259957 -178.306045 -153.724292 -94.686580 -65.164655 -46.549184 -36.714875 -30.484076 -17.718327 -5.479345
-9999.0 -9999.0 -626.268609 -624.428293 -625.696592 -623.328784 -620.734801 -622.621880 -619.491976 -618.435579 -621.595897 -619.731534 -618.756673 -620.682775 -619.370255 -617.923851 -617.304199 -619.783595 -621.612874 -618.013291 -610.322371 -603.886987 -600.141954 -583.363890 -572.647632 -565.321860 -561.492680 -548.253113 -522.408067 -475.337430 -438.634426 -401.027027 -366.992280 -339.586387 -327.596740 -313.203092 -291.128966 -267.600223 -239.223027 -212.413532 -185.749575 -161.034186 -134.143975 -85.532456 -82.362047 -98.492686 -51.945101 -34.204054 -15.793448 1.032631 17.389649 17.740230 17.716968 17.726110 17.739964 17.722556
-9999.0 -9999.0 -628.367678 -625.305544 -627.401339 -622.461562 -618.029982 -622.443926 -621.096767 -616.431790 -617.696036 -617.149557 -617.584187 -617.113774 -615.015302 -610.737766 -613.077008 -613.954737 -618.677148 -607.484069 -597.006564 -576.998903 -531.205042 -478.980494 -448.956096 -443.608128 -440.320639 -428.451210 -408.776994 -370.923899 -324.104437 -274.089511 -233.165991 -206.038323 -192.523954 -178.443776 -155.672353 -100.219666 -85.662031 -57.535382 -40.840100 -23.690191 -4.500307 11.980173 17.429343 17.429158 17.454345 17.444240 17.443460 17.413400 17.043833 13.940795 13.054095 13.462854 14.394579 9.807352
-9999.0 -629.018187 -627.485721 -627.368106 -624.177364 -625.133901 -621.317887 -615.852092 -616.263366 -614.403122 -614.361892 -617.339794 -605.926338 -595.763505 -592.194925 -582.899950 -586.884790 -589.832901 -595.717397 -582.851406 -554.906476 -474.329813 -386.646985 -339.518661 -315.050748 -311.619765 -314.295991 -302.562970 -280.721186 -244.946206 -178.663466 -92.091582 -56.787887 -31.030070 -23.272902 -21.955321 -10.215706 4.598318 20.088328 22.032031 21.991393 22.074632 17.455390 17.465157 17.391074 17.432624 14.491903 8.685444 1.551569 -6.792456 -7.939735 -12.915457 -35.022907 -7.327951 -5.591603 -12.514116
-9999.0 -633.678546 -627.606483 -623.991542 -625.334200 -627.642730 -618.829412 -605.981929 -610.841648 -612.361733 -612.712469 -603.505691 -574.638540 -541.635821 -512.420292 -479.464296 -480.882581 -492.251144 -489.902419 -459.607083 -418.212963 -350.182272 -247.884644 -180.417430 -189.020474 -187.190097 -182.468287 -162.701318 -133.794077 -98.116071 -13.036188 9.251809 11.282189 11.285234 11.285651 11.285177 11.293475 11.301115 7.954695 4.406740 0.387915 0.364287 3.253867 3.150857 0.785317 -2.324520 -8.326302 -15.743916 -25.087731 -62.655269 -71.582832 -77.225985 -81.720551 -78.984842 -82.423059 -88.813792
-9999.0 -628.684155 -621.832162 -623.533344 -629.004779 -620.522298 -617.187156 -608.148353 -600.863587 -602.894857 -590.144071 -542.750797 -471.363752 -422.924620 -391.581178 -373.265690 -360.894635 -361.063663 -340.486107 -293.339377 -217.714260 -95.242097 -55.642215 -9.187512 -64.432129 -86.689078 -94.994843 -96.173073 -91.905677 -80.631889 -56.608598 -4.662510 0.756757 2.727914 1.460188 -1.856555 -6.471215 -14.063610 -19.125301 -22.653113 -34.430705 -34.539468 -23.627905 -23.369794 -30.873159 -66.432044 -77.081735 -85.728100 -95.297076 -108.569608 -115.859918 -121.556202 -124.894518 -129.089817 -134.050973 -140.369049
-9999.0 -636.435007 -626.729775 -634.761742 -622.798424 -613.144440 -614.655797 -598.993850 -578.685683 -568.762577 -495.662426 -433.330496 -371.444481 -326.220430 -290.957576 -253.132753 -227.298229 -200.477098 -165.866363 -125.065914 -7.832694 6.728836 6.729724 6.728940 -3.957349 -79.627267 -102.122813 -123.509951 -131.178981 -130.621706 -116.309932 -89.584566 -40.165932 -27.042799 -31.676741 -68.952315 -75.860476 -81.140277 -85.124095 -93.232525 -101.742642 -106.802280 -106.704870 -101.976503 -109.901705 -119.948113 -129.076730 -138.752617 -149.066832 -159.288071 -168.361576 -176.051048 -179.672351 -185.570692 -187.216888 -194.092895
-9999.0 -642.320701 -635.328735 -629.780403 -619.411635 -612.269546 -604.355711 -586.435781 -537.994177 -471.931558 -416.169957 -384.655081 -333.392589 -275.573800 -218.050372 -187.608980 -171.295498 -164.650675 -154.069950 -143.045680 -138.972632 -75.742122 -63.280628 -44.158431 -99.254521 -120.372701 -139.193322 -153.559139 -159.071064 -155.688349 -149.288204 -139.585181 -128.877914 -125.602761 -129.269198 -134.169585 -133.300504 -139.627075 -146.929352 -153.943487 -160.394429 -167.733523 -172.737188 -175.685711 -179.410338 -182.186864 -190.901500 -201.918142 -212.822275 -221.547179 -229.981075 -236.555027 -238.885683 -243.297787 -248.851775 -258.398729
-9999.0 -655.335994 -632.841020 -629.883423 -623.588293 -621.735220 -619.822778 -607.211665 -584.508808 -481.154251 -359.523079 -347.053738 -329.807402 -297.473359 -242.850201 -193.819297 -187.621812 -215.061975 -234.885828 -241.658784 -230.903599 -208.701957 -190.940400 -173.178211 -170.649965 -172.332511 -178.345072 -188.603529 -200.442000 -204.562507 -204.076901 -206.347104 -207.424444 -205.569219 -207.547217 -204.612356 -202.486219 -211.718548 -223.273912 -236.669081 -248.432710 -257.169275 -260.402950 -260.386178 -261.699536 -265.308251 -272.824866 -282.486054 -294.018254 -304.294639 -312.271757 -317.760234 -323.089446 -330.224873 -338.155414 -346.722205
-9999.0 -9999.0 -642.958410 -629.882803 -628.057447 -625.990793 -623.954272 -614.132057 -603.052140 -557.593051 -482.458494 -437.037459 -407.398791 -376.997882 -332.232612 -293.630598 -288.240900 -282.875907 -306.707283 -305.938321 -299.018975 -289.827800 -277.500114 -265.146696 -255.967443 -251.335185 -249.137688 -251.501132 -259.443290 -271.214582 -284.229760 -293.855222 -299.824738 -304.275071 -298.273260 -289.565875 -291.134197 -297.265714 -307.357391 -320.514848 -331.556875 -342.479119 -345.377968 -344.551256 -344.777108 -347.582155 -352.411991 -363.099934 -373.946273 -384.958182 -390.264502 -395.352841 -400.340324 -408.816001 -417.272433 -426.464133
-9999.0 -9999.0 -657.567027 -636.583716 -627.590687 -621.363511 -622.109078 -620.348403 -606.323882 -598.808257 -586.045028 -563.114092 -532.517930 -489.208796 -460.539615 -432.196184 -419.921525 -413.954836 -413.980408 -406.939564 -391.983350 -377.020047 -366.093765 -355.228719 -345.041453 -336.980792 -330.133962 -338.474076 -347.160842 -359.954260 -375.603928 -392.591484 -401.641908 -406.797851 -403.399726 -397.404484 -401.179707 -408.959672 -419.305894 -430.808776 -439.030937 -446.663925 -448.696539 -449.346174 -449.433221 -451.024191 -453.380314 -460.630715 -471.335302 -480.906674 -489.315223 -496.991846 -501.908204 -511.359864 -522.754389 -531.175716
