tests/Borden05m/data_simulated/sim_1/output-maps/psiliqL0014N0018.asc
ncols         160
nrows         34
xllcorner     620200.000000
yllcorner     5168000.000000
cellsize      0.500000
NODATA_value  -9999.0
[rows 0 to 24 of 34, columns 56 to 111 of 160]
-9999.0 -9999.0 -9999.0 -9999.0 -9999.0 -9999.0 -9999.0 -9999.0 -9999.0 -9999.0 -9999.0 -9999.0 -9999.0 -9999.0 -9999.0 -9999.0 -9999.0 -9999.0 -9999.0 -9999.0 -9999.0 -9999.0 -9999.0 -9999.0 -9999.0 -9999.0 -9999.0 -9999.0 -9999.0 -9999.0 -9999.0 -9999.0 -9999.0 -9999.0 -9999.0 -9999.0 -9999.0 -9999.0 -9999.0 -9999.0 -9999.0 -9999.0 -9999.0 -9999.0 -9999.0 -9999.0 -9999.0 -9999.0 -9999.0 -9999.0 -9999.0 -9999.0 -9999.0 -9999.0 -9999.0 -9999.0
-9999.0 -9999.0 -9999.0 1027.474155 1022.098502 1017.077064 1012.430405 1003.795480 994.849926 986.797475 983.125699 982.514434 982.038680 981.935731 987.440397 995.717571 1003.609608 1010.983894 1013.616402 1016.254260 1018.653002 1019.295606 1018.233327 1015.147943 1011.979210 1008.692558 1007.257356 999.317010 988.034108 979.327035 976.615977 981.028085 985.472424 987.926466 993.658763 1004.274544 1014.949234 1023.350293 1035.113191 1040.799827 1045.664433 1048.284426 1043.834852 1039.927627 1035.727414 1030.213937 1018.961596 -9999.0 -9999.0 -9999.0 -9999.0 -9999.0 -9999.0 -9999.0 -9999.0 -9999.0
991.010703 1011.308497 1014.725710 1003.482065 998.688872 995.616110 993.835774 989.277690 980.921660 975.985265 970.910446 969.329545 969.719787 970.096077 974.474898 984.950720 993.161819 998.146503 1000.890933 1003.723656 1003.534684 1003.175218 1003.030332 1000.296842 996.997963 993.722569 992.018875 992.604390 985.085805 979.620467 976.201706 974.450232 976.963172 979.328594 982.739745 992.111115 1000.137333 1008.150021 1022.349516 1034.605799 1039.600993 1036.745556 1031.378154 1027.132428 1019.929407 1009.405271 998.774437 988.984399 981.700844 975.759467 969.547813 975.113989 981.357093 990.766097 1000.013423 1011.682641
976.058238 996.475244 999.551846 989.078392 981.085816 976.191617 976.702359 979.646557 976.492275 972.214467 967.401954 976.391091 978.021260 979.472700 983.058933 986.329426 989.843364 992.799768 998.385237 1007.597959 1010.535928 1011.260977 1011.570239 1009.877542 1006.876040 1005.166075 1002.509233 997.403837 996.334926 996.630690 996.329061 1001.221341 1002.684614 1004.441322 997.779557 1001.292600 1007.370605 1014.072585 1020.352119 1026.763662 1030.333225 1026.674585 1025.418863 1016.461105 1002.060511 990.457278 981.530369 979.310186 975.602263 967.181428 953.829726 960.445446 975.461488 979.536991 982.333655 993.544728
971.798621 983.836681 987.146554 982.480030 984.186758 986.106790 987.910985 986.681443 984.047212 982.314145 995.081925 1004.826707 1007.010583 1010.277374 1014.273341 1014.065636 1002.522375 1000.387010 1008.821199 1019.335384 1025.309913 1025.755514 1025.856190 1023.839815 1022.938235 1022.661578 1020.593177 1021.344623 1023.792383 1023.656855 1028.190914 1033.819460 1036.702558 1029.049925 1019.895149 1020.703713 1028.349980 1036.395803 1043.544614 1053.905694 1064.836761 1063.426894 1057.283083 1047.601428 1033.350919 1009.233911 989.131614 977.552562 969.631020 961.705143 961.198836 957.314968 968.059098 969.062830 970.328351 977.907463
978.198724 999.761614 1007.961476 1002.487237 997.933876 995.685929 996.835765 997.365982 1000.663099 1013.317184 1027.400554 1042.105397 1045.284744 1048.227041 1048.135558 1039.542721 1029.616526 1026.195472 1041.060377 1057.513271 1066.019738 1066.855710 1066.127840 1072.895329 1071.730946 1070.235195 1065.563212 1067.638909 1068.994004 1078.696248 1086.387462 1093.525711 1091.702286 1079.597022 1067.970162 1066.340969 1069.068109 1072.369421 1078.437300 1088.382516 1097.673377 1092.080821 1084.367580 1073.698797 1044.424431 1016.739748 999.206843 998.498675 997.804571 992.060311 988.081892 984.111411 976.482664 975.211985 973.601114 972.322033
1028.176653 1048.753211 1064.895767 1059.674291 1052.156187 1042.600826 1043.640980 1047.007057 1055.484864 1068.883190 1086.601729 1110.977967 1114.184802 1117.707798 1120.628331 1109.760470 1097.768152 1087.010055 1105.285968 1115.829292 1124.701444 1126.484189 1136.253535 1146.182436 1141.820830 1134.043629 1123.835462 1130.238597 1141.868236 1157.066748 1163.993713 1167.935624 1166.469157 1155.132452 1149.129628 1147.526943 1149.619318 1147.102396 1151.551748 1161.363284 1175.925062 1174.735830 1165.265243 1141.955759 1104.020344 1068.963691 1047.994507 1052.800557 1044.964496 1037.164089 1032.597291 1017.802704 1006.127863 1005.283964 994.876272 987.920906
1076.406149 1095.303998 1114.097883 1109.715102 1099.725742 1086.840977 1086.747505 1094.619847 1105.307184 1124.825983 1147.993481 1172.188965 1180.512158 1183.656941 1193.672785 1187.668974 1178.632653 1170.765720 1182.663129 1194.842973 1206.740936 1216.497022 1229.345550 1240.863326 1231.004992 1218.875895 1213.558160 1218.976346 1239.033685 1256.584496 1261.728857 1262.901346 1265.436808 1256.031798 1249.317228 1242.517916 1237.317378 1231.369839 1227.105120 1245.195313 1261.363557 1259.133700 1235.264029 1210.420091 1173.073147 1134.376857 1101.709956 1100.837461 1096.990259 1095.089087 1079.328358 1062.998304 1046.015407 1035.823488 1025.859414 1011.041111
1166.478310 1187.678077 1209.436908 1210.374347 1194.022333 1186.292371 1191.411520 1204.533359 1212.241704 1228.276511 1252.463807 1284.183783 1305.353608 1324.311050 1329.043712 1321.240287 1312.757540 1300.107670 1298.776866 1316.265714 1328.314034 1338.908143 1349.515284 1361.869130 1367.067067 1364.318029 1363.843895 1367.167875 1374.622925 1383.874255 1390.562748 1395.760571 1401.007770 1396.701331 1386.240181 1379.837923 1371.018409 1364.291619 1361.496046 1364.132462 1375.148283 1372.435255 1345.264475 1317.675820 1284.847327 1247.104263 1215.188582 1197.632542 1203.318582 1191.759451 1172.568659 1152.531867 1117.220781 1100.457809 1084.004582 1054.319451
1268.701430 1296.669082 1311.584749 1324.929943 1320.065484 1321.939418 1326.397403 1334.177629 1339.547682 1347.793099 1380.503308 1415.440797 1444.596223 1468.924395 1477.834599 1467.986968 1458.716516 1447.102266 1438.031448 1442.676780 1457.114540 1473.653789 1489.055758 1500.106413 1503.582814 1502.394674 1502.722238 1504.833995 1507.892778 1511.008191 1517.214298 1524.358154 1534.076513 1544.596026 1538.302357 1521.425951 1509.058658 1495.360689 1490.224961 1488.448441 1486.568789 1485.959227 1477.136289 1444.701235 1415.582075 1383.103095 1354.391662 1333.286613 1319.574571 1299.272269 1275.734585 1228.771301 1188.074084 1152.814849 1125.599385 1097.264102
1383.845781 1414.620481 1438.322420 1453.626559 1456.543205 1459.403390 1462.499190 1468.793258 1474.370203 1481.692794 1504.803288 1542.423765 1579.610190 1609.539497 1613.639869 1604.491035 1594.475879 1584.516363 1573.845026 1570.550174 1578.586988 1589.778924 1605.816208 1616.874383 1626.019883 1625.079240 1625.490199 1626.070864 1628.203067 1630.110735 1632.206101 1639.303161 1651.115752 1662.274983 1662.930814 1649.045635 1631.789057 1614.256560 1606.985433 1600.763041 1594.534514 1594.261633 1594.416678 1585.837792 1559.884612 1523.436304 1480.847911 1454.669385 1433.266574 1419.393722 1402.383108 1374.893095 1322.237789 1290.671242 1255.239632 1221.528594
1497.864291 1527.477231 1558.034893 1576.713024 1584.458642 1585.284182 1587.719457 1595.758219 1602.378923 1612.614995 1629.485511 1653.974137 1683.346186 1710.359897 1727.717263 1724.085576 1711.510734 1694.220908 1688.753228 1687.331193 1689.301642 1695.815704 1703.843553 1719.158441 1734.835762 1740.064802 1740.771288 1738.376963 1740.557772 1741.819843 1741.967506 1743.156375 1748.050967 1755.069403 1757.410019 1752.130446 1735.591172 1715.035856 1700.604719 1691.724159 1686.851097 1684.635205 1685.704648 1684.985483 1672.407199 1642.692768 1604.029277 1570.595174 1548.524736 1531.883895 1517.234051 1505.080946 1483.930027 1465.080290 1433.610987 1389.818794
1600.310693 1626.274880 1653.199823 1677.423337 1694.066671 1698.369125 1704.502488 1710.062678 1720.187332 1735.979150 1755.461710 1770.002685 1787.427075 1809.178360 1822.203926 1828.035874 1828.312352 1826.842135 1828.417738 1828.349573 1799.213128 1802.117187 1804.961590 1812.560602 1820.832632 1823.482349 1823.690229 1822.509119 1823.714651 1824.198553 1824.426281 1824.149354 1824.296335 1826.535064 1827.238495 1825.840550 1818.499198 1822.334512 1804.924311 1792.654815 1784.868802 1776.924745 1768.209229 1758.406446 1748.350317 1731.411504 1703.937462 1670.409471 1643.291710 1631.252179 1623.644308 1615.801121 1609.298234 1593.121082 1571.009295 1539.705102
1704.348167 1720.638344 1741.085262 1768.906933 1788.335449 1799.193233 1808.242360 1813.533906 1826.151649 1839.786541 1834.118685 1838.317548 1842.603110 1846.840279 1848.398620 1848.830617 1848.506484 1845.987296 1845.155182 1842.912313 1837.867733 1827.882281 1828.889721 1829.995313 1832.134141 1835.372122 1833.902101 1834.752487 1837.675448 1836.270315 1830.932643 1827.460684 1825.947292 1826.415613 1833.402425 1836.379262 1836.993188 1835.635654 1834.769747 1834.160114 1832.507548 1830.514213 1827.701526 1823.988694 1827.854543 1817.383910 1793.655092 1760.135112 1724.752930 1710.948341 1706.496974 1705.933462 1702.209582 1695.204859 1676.158056 1648.680025
1817.333044 1830.637508 1826.626386 1837.524692 1843.320054 1846.293657 1849.337035 1852.027658 1853.452451 1850.305868 1846.841489 1842.022304 1840.555757 1839.076310 1836.476820 1836.774888 1834.380859 1829.887178 1825.612399 1818.291357 1806.814535 1794.864911 1791.650869 1795.651089 1800.213624 1804.191089 1807.188186 1810.360599 1811.347559 1806.725343 1799.144004 1792.332196 1790.584591 1797.046623 1802.561991 1807.838534 1808.556058 1807.320477 1805.520141 1806.013389 1803.966510 1804.959598 1811.900460 1825.474525 1831.208827 1833.987458 1833.384699 1825.238431 1810.611866 1804.272134 1784.507695 1787.555595 1782.311507 1770.260464 1748.882741 1724.797344
1844.116509 1843.608071 1842.006297 1836.186945 1830.522794 1829.868443 1833.710448 1840.387852 1841.433868 1834.193233 1825.511419 1818.043765 1810.719803 1808.029597 1806.244614 1804.979878 1804.350195 1798.262502 1789.465167 1773.193136 1760.786777 1748.841976 1742.158924 1739.514603 1743.797623 1753.144986 1762.454446 1766.865719 1760.038857 1752.756646 1742.406068 1734.705885 1735.151744 1737.423944 1746.425360 1760.457274 1765.365754 1766.369276 1761.715129 1757.755698 1752.665605 1751.509813 1759.167300 1774.777784 1790.594146 1804.694735 1813.192952 1820.700022 1827.224709 1830.431179 1831.623400 1832.117750 1830.764344 1829.389892 1813.706334 1792.472302
1829.599915 1822.820188 1817.500597 1810.661225 1804.743508 1802.704689 1804.672054 1807.003105 1803.105719 1795.828814 1784.960238 1773.268554 1762.762608 1755.636999 1755.515743 1756.714809 1756.717537 1749.355717 1734.079909 1715.971918 1701.796271 1687.278886 1682.645070 1677.171844 1672.226429 1682.188889 1698.910227 1704.924586 1691.413769 1681.746928 1667.914768 1660.994862 1658.111967 1659.752811 1669.166671 1689.138691 1708.890187 1710.644528 1701.647855 1692.983824 1689.270989 1687.801795 1695.170472 1713.971623 1734.643629 1750.213687 1760.602435 1767.021263 1775.784445 1785.801927 1798.565105 1812.070099 1823.312994 1831.471464 1835.792197 1833.662707
1801.559540 1793.280551 1785.093595 1777.522280 1770.769371 1765.915506 1763.136940 1759.669335 1752.979287 1745.162503 1729.342089 1716.306754 1703.433271 1688.909215 1684.587600 1680.591915 1681.267744 1669.298801 1658.476245 1639.501907 1623.442376 1607.286602 1596.030074 1589.735033 1583.390211 1586.472979 1601.188183 1609.860280 1597.143309 1587.170423 1574.973624 1569.347810 1566.338999 1568.517903 1578.945851 1600.832916 1619.662303 1627.241159 1620.205457 1616.488455 1615.533700 1615.564292 1622.489579 1637.526643 1657.996878 1679.860354 1697.079249 1707.513568 1716.198680 1727.151880 1742.376323 1757.041634 1771.627979 1789.185537 1809.678313 1824.562057
1764.182607 1753.648512 1743.414989 1732.333145 1721.144825 1714.260131 1714.832861 1707.561359 1700.500066 1683.547916 1635.806719 1616.711301 1597.977536 1581.903826 1575.295623 1567.030960 1557.287101 1547.474654 1540.395822 1534.005543 1518.189430 1500.335023 1483.580109 1477.968825 1473.461095 1463.086034 1466.248494 1468.850103 1474.493799 1467.533872 1462.617613 1461.278130 1459.061538 1462.239445 1475.942140 1487.493386 1497.379158 1504.172129 1504.351342 1512.482166 1519.853686 1525.730366 1542.706810 1556.839202 1575.120642 1597.346977 1622.128246 1636.767007 1647.508651 1659.564482 1676.209409 1693.823859 1712.248919 1735.434400 1760.786150 1777.385078
1717.644137 1703.202796 1688.517232 1675.208402 1661.897781 1647.748392 1647.852151 1643.692984 1634.192824 1590.577702 1547.993483 1514.866280 1496.206445 1473.373761 1461.049899 1448.507272 1419.966365 1404.720109 1398.973248 1404.816155 1395.655945 1378.565937 1364.480498 1355.805662 1348.406124 1334.579729 1324.110255 1328.873247 1341.933716 1338.474883 1337.799889 1342.664956 1341.372874 1337.778360 1342.332341 1356.616911 1364.735590 1375.267028 1388.285493 1393.603902 1404.780512 1433.026581 1447.738823 1464.055168 1485.053308 1507.868124 1531.690531 1553.520765 1568.226509 1584.231804 1604.237749 1622.325190 1644.238180 1668.704580 1698.375353 1719.278078
1648.700989 1628.580756 1611.365925 1593.199023 1571.012480 1549.949147 1546.731586 1539.024065 1517.678036 1470.222428 1430.252241 1401.019365 1378.410757 1354.010136 1334.008075 1304.932690 1272.722145 1251.993463 1258.566575 1265.995585 1268.114090 1254.300256 1241.623356 1231.299765 1216.642906 1200.922139 1188.530637 1197.366490 1205.897189 1215.958366 1220.138386 1224.032626 1227.290956 1226.358019 1221.260235 1225.196929 1234.295234 1245.083157 1256.494390 1272.088946 1303.239650 1328.786719 1347.315182 1369.161200 1390.478963 1414.454166 1439.640193 1462.834854 1480.609569 1500.569464 1521.183717 1543.559724 1565.617184 1591.598561 1621.955323 1647.818093
1570.697845 1543.787815 1520.726045 1493.006801 1452.779488 1437.379882 1427.937851 1413.078606 1374.711359 1332.186431 1299.414045 1277.052605 1252.288270 1228.612398 1201.049564 1169.154509 1143.285486 1122.926978 1129.915525 1137.114444 1149.490298 1137.923566 1127.279817 1121.368164 1106.297669 1092.361833 1077.553959 1084.841291 1095.092402 1113.280040 1117.813913 1121.495787 1128.977100 1128.175272 1125.668137 1115.804708 1124.563042 1135.538504 1149.980685 1178.767636 1204.057852 1228.911177 1251.476077 1273.029641 1296.806376 1322.019517 1347.616932 1374.825986 1395.897682 1416.574255 1439.700656 1461.491820 1480.958561 1502.947070 1530.455437 1554.679470
1463.989559 1441.637418 1417.107835 1379.559426 1335.832669 1300.517561 1282.399933 1241.961077 1207.808316 1175.086727 1160.009678 1142.153028 1119.212876 1097.522084 1076.030926 1050.299592 1027.931624 1003.482876 1007.205933 1019.896735 1034.058673 1029.279292 1026.231336 1023.128689 1012.054285 998.318310 984.697824 988.299654 1003.760253 1020.802544 1028.742828 1035.661510 1043.384331 1043.640985 1036.646385 1028.346217 1034.283130 1049.062254 1065.848097 1087.104855 1110.237991 1133.207808 1155.097129 1179.265293 1204.330686 1229.844285 1257.267432 1285.904066 1308.163251 1333.633755 1359.886068 1380.683054 1394.208218 1409.129848 1434.203314 1454.107190
1359.215897 1334.671897 1307.666616 1266.739778 1224.816447 1182.250992 1141.602704 1108.049269 1076.818929 1060.508954 1041.616180 1023.914597 1005.803792 984.404690 965.002343 946.391362 924.125603 907.371335 912.724252 925.591245 936.042472 939.284797 936.255585 933.152165 925.819505 912.008137 902.922981 911.608660 926.924667 941.618675 952.100218 958.957404 965.016087 962.459588 954.356221 949.335655 957.793187 973.754207 989.004691 1006.657132 1028.862814 1051.056518 1073.965964 1098.030223 1122.179947 1148.816660 1176.336814 1204.424457 1232.460111 1257.842056 1281.283824 1294.198150 1307.362668 1315.668423 1332.900698 1352.733508
1236.614521 1210.687677 1182.199633 1149.243744 1111.004977 1080.752849 1048.044612 1016.567721 985.771942 959.715333 942.854168 933.083091 918.128405 898.858192 885.346004 868.312483 851.753955 852.365805 854.770171 865.232033 865.794218 866.304597 863.276029 862.129887 858.039843 848.088164 855.797770 863.114762 877.546476 888.241760 897.777902 904.034047 908.186554 908.433037 902.594698 906.728797 914.013357 928.838843 941.103504 956.573278 977.991433 996.275516 1016.736582 1040.066198 1064.306127 1089.837241 1117.078710 1146.492462 1173.182488 1194.677154 1205.972543 1218.669738 1226.027406 1221.859358 1237.588355 1254.323557
