tests/Borden05m/data_simulated/sim_1/output-maps/psiliqL0010N0003.asc
ncols         160
nrows         34
xllcorner     620200.000000
yllcorner     5168000.000000
cellsize      0.500000
NODATA_value  -9999.0
[rows 0 to 24 of 34, columns 0 to 56 of 160]
-9999.0 -9999.0 -9999.0 -9999.0 -9999.0 -9999.0 -9999.0 -9999.0 -9999.0 -9999.0 -9999.0 -9999.0 -9999.0 -9999.0 -9999.0 -9999.0 -9999.0 -9999.0 -9999.0 -9999.0 -9999.0 -9999.0 -9999.0 -9999.0 -9999.0 -9999.0 -9999.0 -9999.0 -9999.0 -9999.0 -9999.0 -9999.0 -9999.0 -9999.0 -9999.0 -9999.0 -9999.0 -9999.0 -9999.0 -9999.0 -9999.0 -9999.0 -9999.0 -9999.0 -9999.0 -9999.0 -9999.0 -9999.0 -9999.0 -9999.0 -9999.0 -9999.0 -9999.0 -9999.0 -9999.0 -9999.0 -9999.0
-9999.0 -9999.0 -9999.0 -9999.0 -9999.0 -9999.0 -9999.0 -9999.0 -9999.0 -9999.0 -9999.0 -9999.0 -9999.0 -9999.0 -9999.0 -9999.0 -9999.0 -9999.0 -9999.0 -9999.0 -9999.0 -9999.0 -9999.0 -9999.0 -9999.0 -9999.0 -9999.0 -9999.0 -9999.0 -9999.0 -9999.0 -9999.0 -9999.0 -9999.0 -9999.0 -9999.0 -9999.0 -9999.0 -9999.0 -9999.0 -9999.0 -9999.0 -9999.0 -9999.0 -9999.0 -9999.0 -9999.0 -9999.0 -9999.0 -9999.0 -9999.0 -9999.0 -9999.0 -9999.0 -9999.0 -9999.0 -9999.0
-9999.0 -9999.0 -9999.0 -9999.0 -9999.0 -9999.0 -9999.0 -9999.0 -9999.0 -9999.0 -9999.0 -9999.0 -9999.0 -9999.0 -9999.0 -9999.0 -9999.0 -9999.0 -9999.0 -9999.0 -9999.0 -9999.0 -9999.0 -9999.0 -9999.0 -9999.0 -9999.0 -9999.0 -9999.0 -9999.0 -9999.0 -9999.0 -9999.0 -9999.0 -9999.0 -9999.0 -9999.0 -9999.0 -9999.0 -9999.0 -9999.0 -9999.0 -9999.0 -9999.0 -9999.0 -9999.0 -9999.0 81.868776 64.377445 47.901252 45.886782 68.453730 91.617111 115.114370 135.430784 153.887086 172.688997
-9999.0 -9999.0 -9999.0 -9999.0 -9999.0 -9999.0 -9999.0 -9999.0 -9999.0 -9999.0 -9999.0 -9999.0 -9999.0 -9999.0 -9999.0 -9999.0 -9999.0 -9999.0 -9999.0 -9999.0 -9999.0 -9999.0 -9999.0 -9999.0 -9999.0 -9999.0 -9999.0 -9999.0 -9999.0 -9999.0 -9999.0 -9999.0 -9999.0 -9999.0 -9999.0 -9999.0 -9999.0 -9999.0 -9999.0 -9999.0 129.697774 135.502381 136.878813 126.022214 114.610014 102.549424 82.542732 64.672935 49.238823 46.349447 48.802320 54.157321 76.876290 101.044891 120.365692 137.450162 156.440206
-9999.0 -9999.0 -9999.0 -9999.0 -9999.0 -9999.0 -9999.0 -9999.0 -9999.0 -9999.0 -9999.0 -9999.0 -9999.0 -9999.0 -9999.0 -9999.0 -9999.0 -9999.0 -9999.0 -9999.0 -9999.0 -9999.0 -9999.0 -9999.0 -9999.0 -9999.0 -9999.0 -9999.0 -9999.0 -9999.0 -9999.0 -9999.0 -9999.0 -9999.0 38.180331 55.603237 73.515500 91.635842 108.062386 114.559932 120.357522 126.042610 121.864691 116.938976 105.451080 86.561019 66.770926 52.506488 49.866921 47.124358 51.302484 64.152293 80.624534 96.755989 117.458600 140.466039 149.447917
-9999.0 -9999.0 -9999.0 -9999.0 -9999.0 -9999.0 -9999.0 -9999.0 -9999.0 -9999.0 -9999.0 -9999.0 -9999.0 -9999.0 -9999.0 -9999.0 -9999.0 -9999.0 -9999.0 -9999.0 -9999.0 -9999.0 -9999.0 -9999.0 -9999.0 -9999.0 -9999.0 -9999.0 43.370781 37.334842 32.018478 30.301423 28.774298 27.381268 34.147829 46.239162 64.267899 85.569042 98.170065 105.127240 111.504580 112.114746 107.055369 104.719456 104.729748 92.809183 80.970056 69.872519 59.179579 57.672253 67.009423 80.670980 96.454603 110.957009 126.003400 138.036914 153.834617
-9999.0 -9999.0 -9999.0 -9999.0 -9999.0 -9999.0 -9999.0 -9999.0 -9999.0 -9999.0 -9999.0 -9999.0 -9999.0 -9999.0 -9999.0 -9999.0 -9999.0 -9999.0 -9999.0 -9999.0 -9999.0 -9999.0 -9999.0 14.532600 20.420161 26.746523 33.920994 34.606231 30.195782 24.330527 20.950689 19.143445 17.274163 21.424748 29.501727 42.927275 58.561839 79.967446 88.299913 94.542439 106.696330 108.821991 113.594629 117.344116 115.283503 112.310644 99.969039 90.786577 96.102928 101.945474 108.167584 115.474036 128.270415 143.515424 160.833745 181.017056 202.266622
-9999.0 -9999.0 -9999.0 -9999.0 -9999.0 -9999.0 -9999.0 -9999.0 -9999.0 -9999.0 -9999.0 -9999.0 -9999.0 -9999.0 -9999.0 -9999.0 -9999.0 -9999.0 -9999.0 -9.968635 -9.240451 -8.364003 -3.943886 -3.158117 -1.120133 5.674604 13.585860 15.494708 13.635005 11.767101 13.021345 15.403373 19.327324 30.481667 44.034402 57.901357 71.692084 92.261813 106.737337 120.317748 136.149046 134.666448 130.018433 127.627298 127.775167 128.009999 133.280223 136.494881 142.138349 147.438235 154.002512 162.718787 173.371614 191.447416 211.289792 231.184603 249.826038
-9999.0 -9999.0 -9999.0 -9999.0 -9999.0 -9999.0 -9999.0 -9999.0 -9999.0 -9999.0 -9999.0 -9999.0 -9999.0 -9999.0 -9999.0 -9999.0 -38.118812 -36.397754 -34.449304 -29.259339 -26.870838 -23.132641 -16.489675 -15.628435 -12.039554 -5.198443 -0.508888 7.779185 15.354800 22.372988 27.990136 30.347945 37.685614 47.033124 58.627615 73.890633 95.396607 117.882491 133.855472 150.250188 166.797882 166.882948 165.427946 166.259048 166.763034 174.106455 191.962800 197.963061 200.690213 218.763971 232.890033 238.089471 245.323453 263.499871 287.098050 312.467631 343.538973
-9999.0 -9999.0 -9999.0 -9999.0 -9999.0 -9999.0 -9999.0 -9999.0 -9999.0 -9999.0 -9999.0 -9999.0 -9999.0 -82.687521 -78.665329 -69.587377 -61.340445 -59.258222 -55.494655 -49.959424 -38.045231 -34.777957 -28.837474 -21.513632 -10.314149 -2.109720 6.773891 18.229157 26.348378 33.220041 39.982521 46.020635 59.327117 74.407483 90.033136 110.014996 131.410071 152.025021 172.631618 187.609640 201.406112 204.296131 202.570948 204.348828 212.408699 230.438609 249.643177 261.417319 282.518695 306.531997 321.118445 334.113715 343.371344 356.440075 377.714281 414.151676 452.087366
-9999.0 -9999.0 -9999.0 -9999.0 -9999.0 -9999.0 -9999.0 -9999.0 -9999.0 -9999.0 -116.971188 -114.571857 -118.202543 -117.859029 -113.351398 -101.689061 -88.659267 -82.097958 -71.092283 -50.768763 -33.803423 -30.625881 -16.192367 -6.530391 -0.271144 10.035145 22.833764 35.469599 52.352625 64.681238 76.795641 96.951459 113.159914 129.306446 146.692607 166.248266 186.645380 216.070025 243.182235 256.975790 280.655722 294.076995 291.305166 291.803857 300.520831 318.466791 342.619360 369.947758 394.640661 423.260914 444.842470 460.838616 473.003858 487.215204 505.282749 541.880624 586.331104
-9999.0 -9999.0 -9999.0 -9999.0 -9999.0 -9999.0 -9999.0 -9999.0 -140.811726 -134.030879 -127.960047 -131.204081 -136.130639 -139.782066 -126.904843 -111.398993 -95.749562 -78.933375 -63.303036 -45.720862 -30.510528 -14.335632 4.713894 16.152226 27.616202 42.480013 55.850411 73.306094 94.374664 108.361441 126.610359 148.141308 167.212934 185.048354 203.365257 221.507090 249.522915 283.780741 316.620070 341.731867 370.574888 396.047825 397.631191 402.398714 409.087480 437.325110 470.120718 504.841696 537.579167 571.901903 605.974906 626.257711 639.320591 654.848351 674.652292 698.332425 732.316101
-9999.0 -9999.0 -9999.0 -9999.0 -9999.0 -9999.0 -166.464495 -142.523050 -127.962911 -136.017466 -144.802721 -148.464321 -152.357223 -132.496574 -111.376130 -94.799766 -78.423454 -61.385381 -45.388847 -31.391597 3.092793 19.430857 33.921866 52.979820 66.823976 80.706769 97.840833 121.207525 143.874282 175.682187 204.456220 230.606069 257.275342 277.443393 296.557170 316.149286 348.619966 387.309344 425.949226 458.255034 488.570013 521.222230 533.532511 543.662599 556.425181 580.257705 615.478169 652.252931 695.748612 737.314579 768.638317 783.254164 795.179167 808.165217 824.222802 841.138644 859.909355
-9999.0 -9999.0 -9999.0 -9999.0 -199.426581 -178.677256 -158.471720 -127.933325 -105.636461 -111.248917 -104.392149 -104.238829 -105.961730 -103.511892 -97.841544 -80.259649 -62.708131 -44.991724 -26.809373 9.992650 51.950893 68.104576 94.141660 126.156841 139.952946 154.766061 170.275803 193.254301 222.063128 257.065126 303.782635 343.854385 371.592932 396.486473 419.123321 443.565165 478.369835 518.933689 560.972521 601.697290 637.818584 668.471785 688.408173 703.416786 722.820356 744.306062 769.127548 800.264544 835.657718 872.205790 899.852874 915.044151 923.115928 933.348655 944.454032 957.786217 971.072590
-9999.0 -9999.0 -9999.0 -246.669604 -208.321232 -171.510511 -144.381614 -113.740048 -82.371755 -76.707503 -68.601170 -62.798861 -56.874856 -48.323064 -38.910187 -22.746073 -8.544617 4.526676 25.415602 61.911909 97.759530 130.844405 163.439831 193.330609 216.004009 231.987036 249.383126 273.785309 314.143385 354.603543 407.478500 463.444521 504.753122 534.552862 559.899880 589.619494 617.534048 658.233251 702.107527 743.920653 781.602443 810.820805 834.392488 847.098300 861.121103 873.943333 892.959202 915.124471 937.226808 965.306641 992.228780 1013.634181 1025.438752 1033.515531 1047.689842 1062.059674 1073.554248
-9999.0 -9999.0 -293.086574 -256.103909 -221.203550 -170.031515 -117.733829 -84.425144 -43.953306 -19.393838 -12.604301 5.452405 22.040061 30.070396 46.605342 63.852732 78.048825 82.063754 95.607549 129.976851 182.963687 231.845652 262.359945 318.327368 352.800881 377.926667 393.355296 419.351642 454.316403 501.218605 555.881087 611.198562 658.051125 698.636316 721.569276 744.107112 769.711842 795.946055 833.631396 867.958648 900.736520 927.371421 949.895734 959.752972 966.912906 983.077505 1005.374767 1028.044357 1049.385362 1069.615445 1079.021325 1085.406605 1088.274779 1089.985205 1092.554496 1094.586120 1095.962951
-9999.0 -9999.0 -318.386256 -274.336755 -232.153535 -162.939661 -86.772755 -49.542876 -6.840993 37.494242 56.254236 80.019880 97.329591 113.427221 137.448440 161.315832 168.384301 172.587584 172.228599 227.186967 286.863235 348.538803 414.374807 481.607738 527.063293 541.670016 552.333044 572.995773 601.199849 651.460302 710.090062 767.945362 816.971251 853.105460 873.535423 892.721751 913.175658 931.764841 951.211372 987.809181 1011.572008 1034.137244 1057.714367 1076.877160 1085.314037 1088.404918 1083.462762 1089.225926 1093.260212 1095.396074 1096.376011 1093.619929 1093.202974 1094.059951 1095.399319 1091.191450 1085.733613
-9999.0 -405.101762 -353.319761 -299.387408 -229.177226 -160.308296 -74.880398 5.562154 56.923889 100.131435 128.727157 146.839518 196.639837 244.979058 272.950241 302.867705 303.533311 304.605774 296.352280 341.662012 397.742200 487.129748 609.293429 675.769854 719.412351 726.224308 724.089513 738.656927 765.288155 809.494831 874.958630 920.408625 968.680960 1005.514006 1020.369127 1027.048728 1043.326450 1061.862557 1063.731308 1078.254687 1085.002075 1090.388978 1090.271401 1092.061574 1093.787645 1095.145172 1093.290267 1088.371853 1081.996271 1077.777617 1074.919793 1071.246634 1074.122050 1077.685099 1079.214304 1073.400515 1066.954089
-9999.0 -439.354628 -379.288428 -306.972530 -235.114322 -159.747745 -49.217779 82.426934 130.293874 165.163435 193.377467 234.216314 321.002993 391.910695 433.217910 479.542080 478.641875 468.861624 463.427294 498.864189 555.691561 639.202006 778.506707 868.227322 891.715605 906.003567 915.539978 939.874985 971.722957 1002.351390 1029.861812 1041.336316 1058.200330 1067.136330 1071.234242 1074.015107 1077.694457 1079.586177 1078.924611 1077.230173 1074.297462 1075.650840 1080.264003 1080.974958 1079.443717 1077.870280 1073.920465 1067.961115 1063.899939 1060.731165 1059.179197 1057.072245 1056.236081 1057.011689 1053.581966 1048.853016 1041.028726
-9999.0 -464.489891 -395.042599 -329.830371 -257.714428 -134.688778 -12.087229 117.420206 206.201552 243.643165 285.823767 372.346899 479.459254 580.162897 641.183084 675.620958 688.322556 678.271181 689.218393 732.299412 794.571757 876.996675 951.893686 1020.581652 1035.331440 1041.037805 1032.677929 1041.983027 1050.389825 1053.387199 1055.792741 1058.161247 1064.158745 1067.943499 1068.386384 1067.452192 1064.949582 1059.518094 1056.904746 1055.986369 1054.520040 1055.644365 1059.270267 1060.841311 1059.255858 1056.472294 1053.108184 1048.678374 1044.003811 1038.869637 1036.297334 1033.376397 1031.863866 1027.728213 1023.394666 1017.585883 1004.473083
-9999.0 -553.717207 -469.144584 -408.594867 -277.588613 -110.747409 12.963014 164.468779 299.847907 346.051088 436.978252 558.887648 674.973576 759.386037 813.483155 862.822115 894.096798 918.952056 950.153436 937.572047 982.309604 1022.664412 1040.307944 1050.383277 1050.921819 1054.711552 1050.264896 1034.680675 1026.934798 1021.971739 1024.543623 1032.067455 1037.996447 1044.125275 1043.105314 1044.662331 1045.825115 1044.287687 1043.049407 1037.611881 1032.404319 1028.699898 1028.390412 1034.207535 1029.698649 1026.605666 1021.095507 1013.765316 1006.012959 999.263509 992.727294 986.819385 984.234319 978.423199 975.884911 966.338019 937.238735
-9999.0 -634.412718 -556.010281 -454.521619 -305.391136 -142.041748 0.529078 169.374759 361.260106 469.928929 585.356519 665.264415 758.344421 840.327972 912.861704 957.642486 980.950262 990.000101 987.834629 994.169662 968.398816 965.022256 983.140274 1008.638225 1021.293761 1026.922970 1020.868053 1012.497197 1007.320109 1006.871489 1005.508434 1004.221524 1002.892269 1001.239220 998.629377 1000.867561 1006.105616 1002.206498 996.697691 991.597105 986.967202 980.845429 976.565304 973.869998 971.891816 970.468142 961.585242 949.630336 937.965868 929.257477 921.381230 915.412085 912.461314 906.352820 896.492645 879.889348 845.109143
-9999.0 -723.383865 -607.387518 -506.089463 -373.011656 -233.423403 -98.602548 68.487109 223.671362 433.944504 607.221172 693.220866 748.181398 815.458107 884.735609 948.695272 957.159343 931.527700 906.182439 894.714278 900.351256 912.193104 928.487152 950.611514 968.647185 978.942836 981.284675 974.594720 961.535821 951.658036 943.576805 932.622896 924.813917 923.377657 922.963091 929.275555 932.608170 925.007786 914.509267 901.519758 890.141591 881.502059 878.947991 879.492712 877.815385 871.679556 860.159735 844.388756 827.399872 812.941955 803.278970 796.321070 788.290869 776.668532 761.994847 742.558175 705.739686
-9999.0 -9999.0 -677.913505 -565.895719 -451.559427 -324.059282 -198.071180 -45.032176 108.043787 292.919339 414.276122 532.125597 607.501391 666.683348 728.689183 784.349411 801.868266 818.016348 799.879453 803.853184 812.066553 821.872609 837.173527 854.585785 871.154432 882.303141 889.486645 887.258060 876.021270 855.211793 830.149519 810.742036 799.215598 791.568540 799.354917 810.184612 808.292337 802.194548 791.301982 776.819973 764.576351 751.645980 747.719777 747.329207 745.302020 738.493318 727.197505 706.411991 686.589733 669.519765 660.771102 652.627959 644.853801 631.496080 616.373088 598.015065 568.206686
-9999.0 -9999.0 -760.226328 -649.392110 -529.514971 -403.807506 -296.993081 -196.648211 -38.983020 80.940666 183.120227 277.189842 356.963147 422.365601 473.237282 535.054984 571.306432 587.039597 599.988998 621.899016 647.182690 674.999400 697.572617 717.504271 735.739211 750.244802 759.424022 747.719430 733.229618 709.737198 679.852506 650.752607 635.128814 628.590015 631.475231 637.877704 632.743546 622.663689 608.025127 591.501754 577.882515 565.305498 560.444542 556.942312 554.510007 549.244909 542.160189 528.542640 512.886997 501.840150 492.121107 484.553009 480.007550 471.276857 459.842957 450.611309 430.137385
