tests/Borden05m/data_simulated/sim_1/output-maps/psiliqL0030N0014.asc
ncols         160
nrows         34
xllcorner     620200.000000
yllcorner     5168000.000000
cellsize      0.500000
NODATA_value  -9999.0
[rows 0 to 24 of 34, columns 55 to 109 of 160]
-9999.0 -9999.0 -9999.0 -9999.0 -9999.0 -9999.0 -9999.0 -9999.0 -9999.0 -9999.0 -9999.0 -9999.0 -9999.0 -9999.0 -9999.0 -9999.0 -9999.0 -9999.0 -9999.0 -9999.0 -9999.0 -9999.0 -9999.0 -9999.0 -9999.0 -9999.0 -9999.0 -9999.0 -9999.0 -9999.0 -9999.0 -9999.0 -9999.0 -9999.0 -9999.0 -9999.0 -9999.0 -9999.0 -9999.0 -9999.0 -9999.0 -9999.0 -9999.0 -9999.0 -9999.0 -9999.0 -9999.0 -9999.0 -9999.0 -9999.0 -9999.0 -9999.0 -9999.0 -9999.0 -9999.0
-9999.0 -9999.0 -9999.0 -9999.0 4197.054398 4191.814446 4187.197588 4182.817476 4174.441959 4165.123521 4157.451727 4153.223704 4151.998887 4151.153614 4150.448364 4155.180467 4163.226907 4170.799570 4177.553045 4179.933078 4182.216112 4183.916594 4184.036053 4182.889601 4179.611832 4176.208606 4172.785266 4170.995896 4163.845697 4152.782488 4144.616656 4141.939304 4146.028812 4150.317622 4152.752410 4157.701053 4167.949626 4178.456243 4187.020755 4199.762505 4207.113596 4212.488643 4214.912361 4210.909619 4207.675643 4203.607378 4197.107339 4185.968528 -9999.0 -9999.0 -9999.0 -9999.0 -9999.0 -9999.0 -9999.0
4142.062155 4160.375280 4181.666292 4184.730187 4172.820856 4167.674085 4164.574212 4163.027346 4158.981810 4150.551086 4145.485126 4139.979759 4137.080593 4137.049923 4136.842546 4140.324738 4151.223396 4158.908941 4163.350759 4165.973901 4168.843809 4166.823492 4165.913839 4165.665571 4162.708491 4159.153669 4155.725335 4153.812038 4155.560965 4147.945925 4141.774900 4137.714585 4134.342998 4137.139300 4139.909123 4144.844406 4153.882167 4161.675548 4169.558713 4184.975458 4198.364255 4204.166918 4201.575759 4197.075437 4193.213637 4185.536192 4174.526461 4164.622377 4157.050089 4151.222823 4145.898307 4139.234659 4145.769389 4154.027766 4163.168899
4125.253463 4144.454042 4165.010753 4167.479848 4157.338947 4149.767676 4142.348605 4142.955369 4146.737874 4143.591979 4138.710530 4130.037168 4140.514548 4141.392987 4141.907136 4144.999225 4146.429930 4152.104120 4154.348643 4159.606667 4168.511015 4171.286202 4171.627402 4171.577915 4169.480647 4166.116478 4164.038027 4161.165509 4155.809855 4153.757079 4153.180874 4151.554312 4155.352463 4156.869498 4160.133185 4154.993607 4159.667105 4165.914134 4172.899912 4178.078291 4184.027454 4186.072290 4182.739073 4183.751851 4175.395991 4161.775072 4152.302107 4145.161056 4146.078912 4143.220476 4135.285814 4121.261096 4129.964024 4146.280975 4151.152320
4129.976377 4138.840262 4149.035778 4151.382221 4146.326761 4148.798413 4150.622393 4151.715193 4149.749348 4146.026059 4140.888357 4150.645023 4158.580880 4159.803556 4162.028847 4166.010070 4167.246648 4156.639593 4154.659356 4161.547235 4170.925143 4175.813986 4175.918512 4175.395087 4171.138316 4169.863833 4169.647386 4167.915216 4166.954515 4168.201545 4164.991498 4167.392303 4172.793658 4176.226139 4171.793247 4163.584328 4166.250386 4174.904056 4184.311418 4191.955098 4201.936471 4212.499966 4213.143731 4208.921634 4200.516308 4188.360844 4166.163118 4149.244618 4138.225937 4129.954961 4122.665547 4126.587789 4121.384451 4136.030014 4137.894960
4112.780147 4134.688047 4154.419257 4159.663992 4153.645283 4150.328342 4149.561021 4150.148195 4148.818114 4148.481580 4156.046156 4167.244262 4177.453794 4179.212918 4180.780085 4179.194896 4172.115037 4161.733131 4159.361887 4172.105135 4188.965482 4196.663256 4195.780883 4190.280718 4192.167871 4192.748943 4193.947831 4191.066766 4191.365603 4187.727362 4191.746078 4199.459963 4207.713677 4206.488433 4193.951627 4181.298561 4181.665396 4187.948448 4196.026141 4203.999343 4214.075991 4222.943103 4218.151082 4213.532991 4206.884607 4182.083010 4160.731837 4147.133064 4147.441385 4148.344070 4144.026214 4142.344378 4142.177123 4138.987501 4139.442576
4147.464893 4166.169699 4186.572928 4198.723486 4192.488877 4185.263295 4177.418196 4177.532028 4177.150161 4182.339682 4191.957163 4203.308551 4224.398120 4222.877859 4222.514940 4219.945101 4206.496971 4192.982497 4183.385468 4206.829425 4218.156305 4224.863817 4220.941940 4224.580913 4232.857407 4229.610770 4223.873615 4211.250544 4216.661519 4221.498506 4236.720890 4245.069566 4250.831417 4245.194450 4230.384147 4223.262400 4225.712715 4233.506053 4235.797437 4245.713930 4253.950373 4268.756407 4267.054690 4265.376755 4246.108974 4208.825247 4180.849663 4170.480723 4183.520424 4178.080851 4171.651204 4172.557690 4162.304503 4156.184276 4159.472078
4176.098545 4188.404745 4204.229186 4220.433614 4210.430147 4200.548183 4183.152716 4179.314764 4182.574155 4192.932652 4210.175198 4226.843094 4245.771810 4241.657487 4232.203166 4241.995815 4234.903276 4223.621638 4216.364736 4241.095441 4250.662604 4260.512393 4265.070259 4277.792970 4287.968987 4269.310732 4250.667468 4238.638619 4246.293478 4273.846413 4297.988827 4302.767794 4301.175475 4299.555187 4282.216553 4277.888793 4275.460485 4277.478879 4275.774839 4274.508909 4302.034028 4325.076211 4325.127567 4303.843731 4281.156815 4240.074284 4201.858693 4179.540042 4196.388624 4192.505782 4196.846151 4187.952596 4177.103214 4172.577845 4172.042617
4220.715312 4240.439668 4255.929977 4278.405011 4266.492021 4241.644621 4223.288464 4225.433426 4239.533531 4248.178462 4267.957955 4283.248217 4307.647424 4317.257598 4326.355061 4330.397999 4323.852675 4315.484986 4303.848535 4311.453995 4337.670420 4349.353957 4357.095394 4364.887666 4377.722547 4376.548966 4368.296119 4366.064799 4370.871307 4386.470203 4402.776319 4409.622916 4412.001720 4413.716206 4397.447741 4383.613526 4382.916403 4378.398893 4378.785413 4378.440302 4392.573839 4415.972504 4412.163378 4371.959541 4344.691530 4308.121282 4268.678031 4239.335415 4236.145486 4258.780744 4258.913295 4242.835989 4234.674333 4210.988564 4208.954593
4286.354088 4319.165277 4343.112888 4352.484920 4358.532746 4340.962303 4338.038352 4342.590589 4351.668031 4354.557734 4360.913394 4393.761775 4427.725920 4451.864083 4474.578692 4481.563142 4468.720319 4458.985610 4444.982904 4436.417306 4449.778477 4468.154084 4486.332169 4501.184477 4512.665319 4514.298238 4512.610602 4512.622627 4516.148655 4519.216616 4524.028119 4533.356890 4541.215069 4549.508231 4556.622933 4544.644088 4527.445352 4519.037912 4511.381315 4511.794869 4513.950572 4519.403038 4520.619096 4500.622009 4454.634548 4421.380329 4388.534002 4371.177068 4359.747539 4363.196188 4344.741601 4319.115667 4265.170420 4228.000248 4197.114178
4369.413908 4415.584145 4445.176491 4460.800833 4473.234695 4468.736603 4470.775308 4471.626932 4475.013138 4476.785024 4478.408194 4507.073046 4550.717866 4591.517457 4623.808911 4622.579157 4607.476652 4595.867057 4587.200123 4571.573731 4567.488657 4581.889017 4598.924215 4620.835320 4631.067646 4636.055625 4631.884919 4632.060416 4634.368272 4636.868598 4639.178778 4643.451980 4654.103884 4670.423396 4686.143641 4684.607054 4663.574724 4645.106206 4629.339951 4628.287043 4626.854203 4622.011952 4624.907556 4626.942616 4607.789245 4573.779668 4531.829062 4491.281334 4477.011523 4463.140392 4452.283635 4434.298153 4387.985493 4315.256363 4272.041264
4486.194248 4523.508220 4553.220656 4584.180290 4598.271740 4599.047962 4595.809034 4593.878097 4601.107899 4602.921716 4607.351352 4624.292749 4659.933345 4698.332077 4729.615497 4744.719047 4735.590725 4715.692173 4691.634065 4680.156047 4676.673452 4680.933394 4691.615955 4706.362765 4727.540464 4748.447810 4754.430739 4755.384353 4752.605101 4755.199943 4756.962684 4757.120335 4760.766383 4770.723096 4781.715431 4785.404397 4776.441531 4753.303082 4728.307413 4717.769936 4711.828206 4708.630718 4710.532002 4716.888439 4721.172222 4704.846065 4666.062539 4618.366757 4588.749430 4575.220048 4562.833858 4547.901595 4534.246026 4495.776765 4472.908612
4598.125416 4614.513573 4644.470714 4674.734417 4697.366689 4711.853588 4711.233982 4713.587613 4718.590909 4725.287069 4740.499283 4765.822917 4787.146854 4812.339884 4841.346999 4859.277143 4864.485838 4862.084348 4856.927834 4857.909355 4858.348177 4780.550495 4788.158955 4795.763835 4816.925676 4835.370924 4842.165705 4842.955132 4839.805482 4841.958640 4842.906035 4842.705050 4842.320282 4845.594342 4851.879186 4854.281228 4851.311693 4836.184192 4860.540971 4839.102757 4824.853644 4816.214549 4807.598520 4799.273752 4789.657450 4779.365348 4757.349942 4724.260478 4688.671437 4668.571739 4661.373641 4654.891518 4645.155551 4638.787994 4620.405918
4698.389480 4709.066114 4728.715725 4752.970915 4790.045666 4815.632561 4827.699401 4837.562173 4842.374934 4857.229477 4875.450011 4855.065272 4865.382763 4876.059452 4886.667872 4890.310894 4891.353976 4890.872670 4888.393436 4887.431299 4884.682427 4881.642331 4870.725133 4872.384485 4874.520656 4877.201305 4881.038453 4880.019200 4881.213091 4884.194941 4882.317136 4876.009924 4871.707198 4870.123823 4871.347724 4878.947229 4882.603223 4883.637500 4879.292938 4878.242932 4877.005842 4872.782515 4867.509770 4860.076750 4850.568456 4870.051672 4856.958378 4826.553756 4782.773060 4738.363930 4732.576017 4736.253775 4735.558911 4734.153485 4728.286261
4832.486042 4847.210044 4863.047743 4833.067260 4860.810896 4875.009005 4881.647794 4886.463571 4889.507064 4893.506578 4890.580035 4887.722613 4882.707245 4880.984220 4879.577608 4877.085259 4877.694903 4875.802137 4871.626106 4867.318928 4858.661286 4846.657071 4835.469920 4831.457310 4835.652453 4841.542614 4847.062307 4852.050852 4855.963332 4855.532897 4849.715955 4840.962471 4833.141877 4831.569357 4838.667846 4844.535943 4851.632163 4852.603798 4851.193317 4848.480920 4848.036916 4844.402324 4844.494766 4851.893556 4867.417569 4868.965835 4876.295153 4875.251394 4854.577771 4817.142188 4836.172293 4815.712677 4822.571372 4817.736446 4806.076714
4881.249276 4884.690372 4882.665458 4881.834332 4875.219652 4868.991872 4868.153282 4872.231501 4879.388231 4880.336678 4873.158049 4864.327016 4856.847483 4849.015848 4846.489898 4846.144194 4845.999118 4846.619949 4841.234535 4831.184183 4813.292182 4801.568221 4790.451859 4784.476947 4779.891546 4782.747832 4794.648826 4807.964818 4813.211553 4802.806670 4793.851431 4781.442408 4773.280792 4773.805227 4774.366895 4784.170896 4802.353649 4811.179553 4812.055306 4805.016426 4797.712510 4790.739307 4787.276831 4793.675257 4809.369610 4827.033608 4843.700518 4853.428238 4861.460558 4868.969081 4865.299251 4868.703399 4870.576534 4867.931918 4872.622838
4876.181359 4868.953991 4861.723029 4856.227910 4849.744437 4844.502205 4842.539530 4844.144009 4845.640667 4841.127031 4834.729942 4824.615264 4813.327558 4803.435907 4795.097445 4796.133606 4798.515451 4800.406822 4792.625265 4776.658305 4758.390071 4744.677108 4730.640818 4726.635433 4720.246589 4711.150004 4721.133723 4742.044356 4749.941363 4732.701850 4721.315030 4705.592302 4699.251897 4694.864439 4695.369594 4704.199108 4727.964052 4754.197227 4756.712284 4745.263179 4733.864082 4729.239336 4725.885577 4729.981800 4746.499196 4768.063688 4785.021807 4796.068511 4801.477724 4809.325708 4818.861379 4834.159761 4849.862669 4862.939817 4866.254616
4850.279494 4842.425776 4834.655172 4826.874661 4819.874938 4813.527461 4809.087261 4807.065059 4802.482596 4796.156383 4788.927936 4765.544227 4752.725323 4739.163734 4723.485583 4719.217272 4713.531744 4714.246450 4702.411508 4695.126805 4679.225378 4663.719026 4647.928451 4633.321533 4627.540908 4620.441257 4616.455810 4629.225460 4637.461611 4629.362378 4619.849689 4609.984931 4606.075795 4602.692517 4605.443396 4616.052994 4634.776416 4653.150867 4662.314397 4655.319183 4655.665685 4656.783968 4655.263464 4662.095791 4671.844239 4689.477046 4712.868990 4733.343545 4743.745500 4750.553228 4759.680680 4774.403120 4788.888714 4803.703739 4822.398844
4819.372517 4809.851206 4799.716141 4789.714670 4778.968275 4768.167281 4761.304703 4764.305267 4758.263417 4752.670343 4726.838691 4667.896709 4645.259925 4625.583455 4608.654016 4601.260991 4592.161843 4572.640367 4563.950374 4560.097646 4565.575565 4552.010746 4534.323347 4515.905239 4511.043033 4507.687475 4487.021035 4478.794793 4478.327710 4499.343158 4493.778911 4494.292084 4497.804928 4495.509002 4496.123728 4508.651477 4514.879636 4518.673359 4525.860288 4533.315470 4545.632566 4554.781710 4567.792977 4585.849385 4596.124162 4610.951168 4631.257133 4658.105777 4674.778455 4684.553617 4694.992242 4710.430920 4726.704876 4744.870170 4767.619329
4784.079825 4766.353923 4751.205219 4736.526676 4723.533135 4710.337591 4693.212387 4695.228936 4693.317553 4682.050564 4621.556215 4580.979708 4546.176830 4529.004329 4504.398045 4489.684418 4470.973609 4427.565823 4408.673718 4410.229392 4428.851018 4427.637709 4412.895167 4401.764770 4391.771470 4381.287545 4361.610643 4338.910303 4345.540931 4366.558650 4369.681475 4375.065889 4384.513377 4384.547924 4376.581691 4370.690627 4381.928055 4386.510368 4398.463140 4418.860678 4424.292518 4443.973815 4481.086127 4493.927917 4509.212078 4527.219403 4547.345726 4569.470617 4593.195008 4607.775906 4623.372222 4641.872214 4658.660831 4678.992686 4701.465753
4731.233142 4698.633982 4676.667276 4658.723969 4638.622461 4608.982566 4588.812651 4586.302913 4580.117501 4546.860895 4491.727914 4457.536163 4436.248372 4414.263197 4391.350172 4365.298401 4323.570581 4287.249391 4264.587602 4284.371292 4297.187755 4313.082383 4302.647711 4292.608118 4283.186257 4263.388357 4245.903581 4227.494262 4239.547756 4248.314314 4271.699438 4280.037881 4284.146247 4291.466939 4289.942286 4276.634754 4267.408942 4275.258951 4285.073578 4297.843014 4322.862677 4361.130618 4386.257324 4405.128713 4425.717440 4443.939415 4464.834296 4487.491266 4510.785943 4528.125561 4546.363656 4564.540386 4585.325020 4603.757940 4625.817845
4646.051316 4617.564204 4591.240719 4567.693021 4533.719326 4484.073076 4469.523208 4460.113578 4434.280188 4381.974940 4340.214284 4324.658320 4315.697557 4292.868507 4272.830265 4242.824768 4207.664233 4187.863904 4167.121517 4179.101905 4190.938120 4214.785778 4207.419870 4202.455672 4200.849011 4185.337914 4172.351072 4155.109186 4160.961130 4174.150270 4200.353138 4207.223543 4211.746881 4222.246736 4221.681273 4216.138260 4194.977605 4200.943570 4211.946454 4227.131004 4259.797575 4281.694161 4303.632030 4325.647094 4344.670806 4365.803175 4387.350342 4409.830652 4436.470144 4455.953079 4474.763769 4496.081440 4514.576261 4527.149786 4541.319855
4533.886342 4510.612644 4492.211910 4467.979789 4422.302296 4377.917475 4333.972072 4302.647858 4244.319689 4208.690394 4194.040227 4199.631361 4190.198871 4172.185802 4154.829379 4136.830060 4117.112435 4100.407624 4075.361973 4081.915168 4099.603379 4118.374615 4122.979480 4126.144556 4125.681601 4117.445935 4104.255017 4090.714932 4094.600661 4112.638631 4131.234201 4142.511921 4150.769503 4158.626854 4158.139516 4147.314550 4136.402416 4140.582307 4156.267422 4172.125411 4187.949420 4207.462065 4227.349049 4247.233225 4269.169468 4290.961956 4312.990233 4337.003678 4363.270148 4384.522193 4407.662724 4431.442958 4446.302577 4453.138597 4457.927454
4429.232090 4411.620896 4389.162881 4361.277297 4318.713018 4279.953825 4239.768950 4189.110781 4156.344849 4129.310702 4127.546704 4114.616949 4104.407681 4092.691643 4073.860889 4059.885921 4047.891045 4027.900428 4021.948821 4030.728981 4044.900489 4052.230094 4061.227722 4059.975170 4058.393248 4053.943398 4040.183711 4038.707544 4049.497070 4064.669285 4077.882883 4090.062006 4097.006207 4101.616721 4098.271587 4088.469353 4086.508880 4094.440789 4109.533457 4121.944884 4134.968553 4154.369759 4172.848049 4193.244982 4214.461639 4235.084380 4258.174112 4282.004018 4306.938922 4333.573339 4354.514230 4370.762224 4377.464104 4385.003927 4380.480114
4303.795878 4295.160215 4269.799776 4241.699087 4214.537114 4184.433714 4163.560949 4133.962598 4105.675624 4078.635511 4054.038428 4045.234420 4042.114361 4031.727508 4017.273476 4008.469436 3994.805744 3989.089146 3998.757186 3999.933467 4007.147092 4004.407415 4006.007434 4004.303829 4004.350403 4003.448012 3999.608296 4013.778400 4019.911849 4032.723722 4042.350979 4052.114636 4057.564116 4060.698725 4062.169534 4058.672520 4065.238736 4070.380807 4083.056465 4093.185980 4105.082350 4123.499763 4138.844832 4156.026565 4176.639337 4197.963288 4219.993533 4244.003045 4270.504489 4293.388074 4308.694473 4312.691994 4319.572379 4317.575648 4302.610374
