tests/Borden05m/data_simulated/sim_1/output-maps/psiliqL0018N0002.asc
ncols         160
nrows         34
xllcorner     620200.000000
yllcorner     5168000.000000
cellsize      0.500000
NODATA_value  -9999.0
[rows 0 to 24 of 34, columns 0 to 54 of 160]
-9999.0 -9999.0 -9999.0 -9999.0 -9999.0 -9999.0 -9999.0 -9999.0 -9999.0 -9999.0 -9999.0 -9999.0 -9999.0 -9999.0 -9999.0 -9999.0 -9999.0 -9999.0 -9999.0 -9999.0 -9999.0 -9999.0 -9999.0 -9999.0 -9999.0 -9999.0 -9999.0 -9999.0 -9999.0 -9999.0 -9999.0 -9999.0 -9999.0 -9999.0 -9999.0 -9999.0 -9999.0 -9999.0 -9999.0 -9999.0 -9999.0 -9999.0 -9999.0 -9999.0 -9999.0 -9999.0 -9999.0 -9999.0 -9999.0 -9999.0 -9999.0 -9999.0 -9999.0 -9999.0 -9999.0
-9999.0 -9999.0 -9999.0 -9999.0 -9999.0 -9999.0 -9999.0 -9999.0 -9999.0 -9999.0 -9999.0 -9999.0 -9999.0 -9999.0 -9999.0 -9999.0 -9999.0 -9999.0 -9999.0 -9999.0 -9999.0 -9999.0 -9999.0 -9999.0 -9999.0 -9999.0 -9999.0 -9999.0 -9999.0 -9999.0 -9999.0 -9999.0 -9999.0 -9999.0 -9999.0 -9999.0 -9999.0 -9999.0 -9999.0 -9999.0 -9999.0 -9999.0 -9999.0 -9999.0 -9999.0 -9999.0 -9999.0 -9999.0 -9999.0 -9999.0 -9999.0 -9999.0 -9999.0 -9999.0 -9999.0
-9999.0 -9999.0 -9999.0 -9999.0 -9999.0 -9999.0 -9999.0 -9999.0 -9999.0 -9999.0 -9999.0 -9999.0 -9999.0 -9999.0 -9999.0 -9999.0 -9999.0 -9999.0 -9999.0 -9999.0 -9999.0 -9999.0 -9999.0 -9999.0 -9999.0 -9999.0 -9999.0 -9999.0 -9999.0 -9999.0 -9999.0 -9999.0 -9999.0 -9999.0 -9999.0 -9999.0 -9999.0 -9999.0 -9999.0 -9999.0 -9999.0 -9999.0 -9999.0 -9999.0 -9999.0 -9999.0 -9999.0 1687.650424 1670.488048 1655.818334 1652.691987 1674.719573 1698.069747 1721.954956 1742.593651
-9999.0 -9999.0 -9999.0 -9999.0 -9999.0 -9999.0 -9999.0 -9999.0 -9999.0 -9999.0 -9999.0 -9999.0 -9999.0 -9999.0 -9999.0 -9999.0 -9999.0 -9999.0 -9999.0 -9999.0 -9999.0 -9999.0 -9999.0 -9999.0 -9999.0 -9999.0 -9999.0 -9999.0 -9999.0 -9999.0 -9999.0 -9999.0 -9999.0 -9999.0 -9999.0 -9999.0 -9999.0 -9999.0 -9999.0 -9999.0 1735.943749 1741.903953 1742.628850 1732.518413 1721.405293 1708.755382 1688.646854 1671.205259 1657.181074 1655.047362 1657.767569 1662.014901 1683.925741 1708.974088 1728.832970
-9999.0 -9999.0 -9999.0 -9999.0 -9999.0 -9999.0 -9999.0 -9999.0 -9999.0 -9999.0 -9999.0 -9999.0 -9999.0 -9999.0 -9999.0 -9999.0 -9999.0 -9999.0 -9999.0 -9999.0 -9999.0 -9999.0 -9999.0 -9999.0 -9999.0 -9999.0 -9999.0 -9999.0 -9999.0 -9999.0 -9999.0 -9999.0 -9999.0 -9999.0 1643.592102 1660.834946 1678.880898 1697.386443 1714.259718 1721.186821 1727.022285 1732.669272 1728.458622 1724.040721 1712.715717 1693.008794 1673.751744 1660.511709 1659.021863 1656.759345 1660.928872 1673.402339 1690.239930 1706.065080 1726.927406
-9999.0 -9999.0 -9999.0 -9999.0 -9999.0 -9999.0 -9999.0 -9999.0 -9999.0 -9999.0 -9999.0 -9999.0 -9999.0 -9999.0 -9999.0 -9999.0 -9999.0 -9999.0 -9999.0 -9999.0 -9999.0 -9999.0 -9999.0 -9999.0 -9999.0 -9999.0 -9999.0 -9999.0 1648.333595 1642.460295 1637.580267 1636.138841 1634.852504 1633.850697 1640.605196 1652.308855 1669.981329 1691.869751 1705.028897 1712.348009 1719.173216 1719.870912 1714.643070 1712.916072 1713.482084 1701.511807 1689.787940 1678.832152 1668.216042 1666.243202 1675.718380 1690.040986 1706.390445 1721.252431 1736.698889
-9999.0 -9999.0 -9999.0 -9999.0 -9999.0 -9999.0 -9999.0 -9999.0 -9999.0 -9999.0 -9999.0 -9999.0 -9999.0 -9999.0 -9999.0 -9999.0 -9999.0 -9999.0 -9999.0 -9999.0 -9999.0 -9999.0 -9999.0 1618.422911 1623.910437 1630.492600 1638.097408 1639.088670 1635.335900 1629.883636 1627.070403 1625.687696 1623.835222 1628.389745 1636.076347 1649.427924 1665.057415 1687.127529 1695.645757 1701.116485 1713.100370 1716.325434 1722.982890 1727.146889 1725.531333 1722.368931 1709.119238 1699.129088 1703.238322 1708.558222 1715.527472 1723.782229 1737.327471 1752.155626 1768.761187
-9999.0 -9999.0 -9999.0 -9999.0 -9999.0 -9999.0 -9999.0 -9999.0 -9999.0 -9999.0 -9999.0 -9999.0 -9999.0 -9999.0 -9999.0 -9999.0 -9999.0 -9999.0 -9999.0 1593.520633 1594.536230 1595.906292 1600.718404 1601.400794 1603.457762 1610.425947 1618.587877 1621.211035 1619.363641 1618.169332 1619.690286 1622.413433 1626.881089 1637.885312 1651.536975 1665.608405 1679.066543 1699.853893 1714.471892 1727.601982 1743.365766 1743.196883 1739.461058 1737.839232 1738.273778 1737.971491 1740.167029 1741.707530 1748.069996 1751.485259 1756.971641 1766.388959 1778.194697 1795.882664 1814.899127
-9999.0 -9999.0 -9999.0 -9999.0 -9999.0 -9999.0 -9999.0 -9999.0 -9999.0 -9999.0 -9999.0 -9999.0 -9999.0 -9999.0 -9999.0 -9999.0 1564.625110 1566.500763 1568.838144 1574.323301 1577.562542 1581.610384 1588.630075 1590.024254 1593.721605 1600.881618 1605.650244 1614.650117 1622.826572 1630.054087 1635.957819 1638.511940 1645.569412 1654.964327 1666.574114 1681.224093 1702.086421 1725.222815 1741.199639 1757.931880 1775.064761 1775.727444 1774.537910 1775.505167 1775.457333 1780.230282 1796.742840 1801.769603 1800.935109 1815.235783 1828.670467 1833.243039 1840.936266 1860.374883 1883.556684
-9999.0 -9999.0 -9999.0 -9999.0 -9999.0 -9999.0 -9999.0 -9999.0 -9999.0 -9999.0 -9999.0 -9999.0 -9999.0 1517.116624 1521.260200 1531.124051 1541.204582 1543.988565 1548.583265 1554.931671 1567.169337 1570.854946 1577.043450 1584.519454 1596.683318 1605.314152 1614.334298 1626.087181 1634.289606 1641.330804 1648.032180 1652.623458 1665.138620 1679.806793 1694.938738 1714.626904 1736.437761 1756.143038 1775.759717 1791.727005 1804.782622 1805.330118 1804.561301 1807.044488 1813.957614 1829.993724 1848.312707 1854.828531 1870.529279 1893.088183 1905.915672 1916.605552 1924.869481 1938.735833 1960.212047
-9999.0 -9999.0 -9999.0 -9999.0 -9999.0 -9999.0 -9999.0 -9999.0 -9999.0 -9999.0 1485.901597 1487.991983 1484.543836 1483.573228 1488.973751 1501.242340 1515.310636 1521.624852 1533.413275 1554.531332 1572.645927 1576.039972 1590.218692 1600.448663 1607.186535 1617.424441 1630.376872 1642.814468 1659.007169 1671.054149 1681.568728 1699.870821 1715.926025 1732.172298 1749.618224 1769.790938 1788.322760 1815.189170 1841.543870 1853.166009 1873.852217 1882.468698 1879.601958 1879.531585 1889.033009 1904.019664 1923.762471 1945.323713 1966.729067 1991.778578 2007.780805 2022.475512 2033.453786 2045.871139 2062.151108
-9999.0 -9999.0 -9999.0 -9999.0 -9999.0 -9999.0 -9999.0 -9999.0 1461.222880 1468.816042 1474.736769 1471.693097 1467.249987 1462.773007 1476.857805 1492.627455 1508.671651 1526.565877 1542.468924 1560.703182 1575.556324 1591.302796 1611.194997 1622.564908 1633.841535 1649.000395 1662.392567 1678.705790 1699.601820 1710.716412 1725.586835 1746.217306 1763.820159 1781.421884 1799.973309 1817.678464 1842.316120 1874.872737 1906.015330 1926.954840 1954.531423 1976.136344 1974.563788 1976.515909 1980.796792 2006.454426 2035.697798 2066.835400 2091.564651 2119.070800 2149.419821 2168.913910 2180.356440 2193.572474 2209.364626
-9999.0 -9999.0 -9999.0 -9999.0 -9999.0 -9999.0 1433.694865 1457.949233 1472.994266 1464.849349 1453.619383 1449.504810 1444.824512 1470.546993 1492.689467 1510.043191 1526.971245 1544.645212 1561.148961 1572.788951 1605.256573 1623.517563 1637.098580 1653.690913 1668.241916 1682.812541 1699.907206 1722.632691 1743.118505 1770.398899 1793.254915 1814.940172 1840.451317 1859.578541 1878.047712 1895.215337 1925.646446 1962.436487 1998.840583 2026.900712 2053.963220 2085.827384 2091.852539 2097.546307 2104.238442 2127.271553 2160.841366 2192.495240 2227.446647 2260.916066 2289.975102 2303.645355 2315.303891 2327.539049 2341.855125
-9999.0 -9999.0 -9999.0 -9999.0 1400.752122 1421.572813 1441.090269 1471.483474 1493.776295 1488.727572 1494.665962 1494.151066 1491.564249 1495.819280 1503.278851 1521.224721 1540.105483 1559.287755 1576.155136 1608.794353 1653.668360 1667.857908 1690.015274 1721.223634 1734.216758 1749.260634 1765.458652 1787.861832 1812.248209 1843.903773 1884.726492 1919.504610 1944.119287 1966.245073 1987.292730 2008.347031 2043.279230 2081.572432 2119.020491 2153.472276 2183.623425 2210.798519 2223.071772 2231.550455 2244.384823 2262.619618 2286.235183 2316.000807 2350.096859 2384.188119 2410.643255 2424.713730 2433.445026 2445.065576 2455.728752
-9999.0 -9999.0 -9999.0 1350.003018 1388.739659 1426.994486 1453.460061 1484.012686 1516.053988 1519.199730 1528.009894 1531.426515 1534.573991 1542.296606 1549.431807 1566.516806 1583.444416 1600.678000 1622.708095 1658.562041 1691.833229 1718.048704 1748.747178 1772.425713 1791.057776 1806.344729 1825.172345 1848.314940 1887.294398 1922.668946 1971.658548 2024.112672 2059.845703 2083.543366 2106.716838 2135.049398 2161.238989 2199.489739 2235.640291 2270.133593 2303.508331 2329.312235 2348.414458 2356.854140 2368.142174 2377.823870 2394.994803 2418.381593 2442.505347 2473.862377 2504.451509 2533.171831 2549.283449 2560.810385 2577.991147
-9999.0 -9999.0 1302.520014 1340.780236 1373.950750 1422.973118 1475.742351 1510.126187 1550.349289 1572.560667 1578.183756 1593.315789 1607.808046 1613.392438 1627.194498 1643.327777 1662.565688 1670.307363 1688.432086 1714.776925 1760.810756 1802.784998 1816.682338 1864.044285 1896.688497 1926.193079 1945.557869 1972.825806 2009.411223 2049.179881 2096.968044 2147.327482 2185.281097 2216.515265 2234.236566 2255.402817 2279.077429 2306.029342 2342.725975 2372.591510 2406.461699 2434.132753 2456.922124 2463.723524 2469.824702 2487.495823 2514.949170 2545.246330 2573.140284 2600.109243 2600.255861 2617.191026 2625.637879 2630.828379 2637.686280
-9999.0 -9999.0 1274.727960 1320.037993 1358.480366 1422.220103 1503.633161 1539.653353 1581.425134 1626.908575 1643.997090 1667.501818 1674.394649 1678.381967 1700.514918 1721.074052 1736.272658 1743.883093 1742.570756 1797.305709 1853.960916 1896.986355 1932.496489 2002.275977 2050.179940 2070.100231 2085.236229 2106.989715 2131.242895 2173.724511 2219.594834 2273.690321 2318.128095 2350.100934 2367.477301 2387.997959 2409.850550 2428.860621 2450.057875 2493.366653 2526.011362 2555.189588 2585.018898 2607.025931 2616.889778 2622.591970 2609.900553 2624.644173 2635.263795 2641.022139 2644.281118 2642.487276 2643.160409 2644.835777 2646.462404
-9999.0 1184.559528 1236.750470 1289.009781 1356.359068 1421.591637 1501.961696 1579.990412 1639.155633 1687.428519 1715.242321 1722.060961 1748.353219 1786.203323 1810.907645 1835.498104 1840.327084 1847.978092 1836.655575 1886.954771 1933.301151 2000.578926 2107.057753 2164.706139 2215.781679 2218.097739 2213.466216 2225.639418 2248.635885 2294.060925 2365.904289 2417.165022 2475.404871 2520.708201 2538.500695 2547.503991 2567.182667 2589.042539 2567.319258 2597.579138 2612.932995 2625.808929 2632.100403 2635.707454 2638.603576 2640.552651 2639.217145 2634.704913 2628.706933 2624.702060 2621.940892 2618.425717 2621.473759 2625.053634 2625.690861
-9999.0 1148.192030 1206.952487 1277.351275 1347.054881 1408.472551 1505.306069 1654.294449 1709.882664 1746.915258 1764.620547 1773.837766 1846.019590 1910.918028 1943.517865 1989.445249 1983.082770 1973.265012 1954.926762 1986.638251 2033.694701 2107.225307 2257.601394 2344.377363 2381.444540 2394.320852 2402.285714 2431.526949 2472.263160 2514.539201 2553.245519 2546.376962 2581.383703 2600.287689 2606.993600 2610.703228 2617.073443 2618.986283 2619.356219 2617.613941 2614.897210 2616.934188 2622.750197 2624.128316 2622.869181 2621.287526 2617.240210 2611.160804 2606.917568 2603.223791 2601.131638 2598.474841 2596.722847 2596.156321 2591.074370
-9999.0 1115.298834 1187.480438 1249.260843 1308.389718 1415.518294 1542.009191 1679.031247 1771.965336 1808.035467 1818.059633 1877.620837 1979.285245 2079.321134 2133.072143 2159.676086 2158.024973 2132.094966 2131.064197 2176.845734 2244.244201 2344.834677 2451.023802 2536.830972 2553.928114 2560.904428 2536.016765 2556.038696 2574.749914 2580.632087 2585.083864 2592.717567 2600.677329 2606.233615 2607.495738 2607.078731 2604.579826 2598.542589 2595.276824 2593.277412 2590.951392 2591.326801 2594.669568 2596.955676 2595.313469 2592.473811 2588.917320 2584.006007 2578.192659 2571.826668 2567.787561 2563.386213 2560.555069 2554.498203 2549.113169
-9999.0 1008.635270 1099.251076 1149.736543 1252.120385 1429.953791 1556.583605 1702.645947 1852.892301 1885.886606 1952.052389 2077.538316 2187.814559 2265.812882 2305.906916 2348.301405 2379.084102 2403.295117 2441.076774 2379.586898 2444.484800 2515.509272 2548.830779 2566.305623 2574.088220 2578.689078 2573.835050 2557.726510 2550.621849 2547.097423 2551.601404 2561.361855 2568.808796 2576.067598 2575.779882 2578.085159 2579.759792 2577.338041 2574.072108 2566.239248 2558.994152 2553.295092 2551.348812 2556.739708 2552.417858 2550.048737 2544.525781 2536.635142 2527.270027 2519.510703 2511.319685 2503.848294 2500.000319 2493.027146 2489.690795
-9999.0 927.745569 1003.178973 1083.439676 1213.036860 1376.551285 1495.387637 1658.711196 1874.764857 1995.606635 2130.644699 2208.945765 2283.393314 2341.667491 2403.488879 2455.620127 2484.720782 2498.745942 2485.780047 2502.687537 2470.533831 2465.498259 2486.301175 2516.440532 2533.896145 2541.031550 2535.957649 2528.810805 2524.336049 2525.629711 2526.131980 2525.601687 2524.677077 2523.433257 2521.505464 2524.693587 2530.063614 2523.837285 2513.989737 2505.068702 2496.980208 2488.082592 2482.207712 2478.277337 2477.647750 2477.683644 2470.377825 2460.237630 2449.881177 2441.451016 2433.256106 2426.865534 2422.642198 2415.641634 2404.792016
-9999.0 822.797879 947.320756 1035.856392 1149.156761 1283.117582 1402.197700 1561.345984 1703.324571 1928.761867 2080.928658 2213.418536 2259.904193 2324.752679 2383.657890 2456.351416 2462.181824 2436.410772 2404.322281 2392.368614 2402.306553 2414.103946 2427.852074 2447.846013 2467.508056 2479.529328 2484.795823 2479.912904 2468.024915 2459.233760 2452.383877 2442.464608 2435.618359 2434.817531 2437.257656 2445.688407 2447.500651 2438.368592 2424.950451 2407.551923 2392.266164 2380.571009 2377.348986 2378.690370 2378.761230 2374.872329 2368.327452 2357.710358 2345.115278 2332.766124 2325.108189 2318.778801 2310.047938 2297.595520 2283.635520
-9999.0 -9999.0 868.817568 978.915368 1082.375360 1201.187291 1308.130609 1443.083819 1589.318961 1766.464242 1883.140629 2028.416426 2109.255795 2156.996012 2204.555945 2262.577188 2286.657415 2312.810585 2302.833966 2312.031371 2321.752731 2329.324237 2339.185082 2350.486641 2364.482227 2376.073092 2386.175615 2385.339020 2377.643979 2360.519324 2339.413378 2323.228940 2314.486668 2307.289324 2317.710514 2329.450242 2325.578808 2318.560766 2305.841705 2288.795973 2274.941274 2260.189383 2255.727147 2255.254092 2255.008789 2251.935967 2247.771256 2234.780226 2221.773930 2210.054125 2204.200848 2197.106975 2190.905429 2178.930356 2166.180883
-9999.0 -9999.0 783.233194 890.416826 1000.984231 1122.118630 1217.031928 1273.379658 1419.962430 1531.476505 1636.125733 1738.152534 1825.354920 1891.396161 1933.406650 1996.350728 2043.867580 2062.644637 2090.922929 2129.779162 2159.453194 2191.841432 2212.683738 2225.577023 2240.295482 2255.145553 2264.554637 2252.873526 2242.795870 2226.887139 2205.676833 2182.090691 2170.082523 2167.786076 2169.073407 2172.932636 2166.463910 2156.857718 2142.144673 2126.608589 2113.181828 2101.885096 2097.214466 2092.486634 2090.318498 2087.068354 2083.983456 2076.110398 2065.539102 2058.471271 2049.597357 2043.544241 2040.240737 2033.745407 2024.777752
