tests/Borden05m/data_simulated/sim_1/output-maps/psiliqL0001N0011.asc
ncols         160
nrows         34
xllcorner     620200.000000
yllcorner     5168000.000000
cellsize      0.500000
NODATA_value  -9999.0
[rows 0 to 24 of 34, columns 0 to 55 of 160]
-9999.0 -9999.0 -9999.0 -9999.0 -9999.0 -9999.0 -9999.0 -9999.0 -9999.0 -9999.0 -9999.0 -9999.0 -9999.0 -9999.0 -9999.0 -9999.0 -9999.0 -9999.0 -9999.0 -9999.0 -9999.0 -9999.0 -9999.0 -9999.0 -9999.0 -9999.0 -9999.0 -9999.0 -9999.0 -9999.0 -9999.0 -9999.0 -9999.0 -9999.0 -9999.0 -9999.0 -9999.0 -9999.0 -9999.0 -9999.0 -9999.0 -9999.0 -9999.0 -9999.0 -9999.0 -9999.0 -9999.0 -9999.0 -9999.0 -9999.0 -9999.0 -9999.0 -9999.0 -9999.0 -9999.0 -9999.0
-9999.0 -9999.0 -9999.0 -9999.0 -9999.0 -9999.0 -9999.0 -9999.0 -9999.0 -9999.0 -9999.0 -9999.0 -9999.0 -9999.0 -9999.0 -9999.0 -9999.0 -9999.0 -9999.0 -9999.0 -9999.0 -9999.0 -9999.0 -9999.0 -9999.0 -9999.0 -9999.0 -9999.0 -9999.0 -9999.0 -9999.0 -9999.0 -9999.0 -9999.0 -9999.0 -9999.0 -9999.0 -9999.0 -9999.0 -9999.0 -9999.0 -9999.0 -9999.0 -9999.0 -9999.0 -9999.0 -9999.0 -9999.0 -9999.0 -9999.0 -9999.0 -9999.0 -9999.0 -9999.0 -9999.0 -9999.0
-9999.0 -9999.0 -9999.0 -9999.0 -9999.0 -9999.0 -9999.0 -9999.0 -9999.0 -9999.0 -9999.0 -9999.0 -9999.0 -9999.0 -9999.0 -9999.0 -9999.0 -9999.0 -9999.0 -9999.0 -9999.0 -9999.0 -9999.0 -9999.0 -9999.0 -9999.0 -9999.0 -9999.0 -9999.0 -9999.0 -9999.0 -9999.0 -9999.0 -9999.0 -9999.0 -9999.0 -9999.0 -9999.0 -9999.0 -9999.0 -9999.0 -9999.0 -9999.0 -9999.0 -9999.0 -9999.0 -9999.0 -558.688595 -561.896570 -565.805963 -566.912506 -562.604676 -560.833989 -559.245011 -558.279642 -557.405506
-9999.0 -9999.0 -9999.0 -9999.0 -9999.0 -9999.0 -9999.0 -9999.0 -9999.0 -9999.0 -9999.0 -9999.0 -9999.0 -9999.0 -9999.0 -9999.0 -9999.0 -9999.0 -9999.0 -9999.0 -9999.0 -9999.0 -9999.0 -9999.0 -9999.0 -9999.0 -9999.0 -9999.0 -9999.0 -9999.0 -9999.0 -9999.0 -9999.0 -9999.0 -9999.0 -9999.0 -9999.0 -9999.0 -9999.0 -9999.0 -559.700422 -558.203857 -556.923354 -559.033401 -559.827426 -559.488903 -561.634266 -564.189433 -566.860154 -565.977174 -565.954185 -568.009134 -565.148652 -562.929072 -562.324157 -561.860504
-9999.0 -9999.0 -9999.0 -9999.0 -9999.0 -9999.0 -9999.0 -9999.0 -9999.0 -9999.0 -9999.0 -9999.0 -9999.0 -9999.0 -9999.0 -9999.0 -9999.0 -9999.0 -9999.0 -9999.0 -9999.0 -9999.0 -9999.0 -9999.0 -9999.0 -9999.0 -9999.0 -9999.0 -9999.0 -9999.0 -9999.0 -9999.0 -9999.0 -9999.0 -565.723742 -562.983607 -561.888542 -560.878049 -559.235650 -559.979572 -560.624176 -559.329838 -560.505083 -560.492654 -561.870224 -564.500961 -567.139261 -568.581753 -566.824411 -567.354458 -567.397672 -566.071213 -565.350993 -565.225623 -563.449255 -560.468178
-9999.0 -9999.0 -9999.0 -9999.0 -9999.0 -9999.0 -9999.0 -9999.0 -9999.0 -9999.0 -9999.0 -9999.0 -9999.0 -9999.0 -9999.0 -9999.0 -9999.0 -9999.0 -9999.0 -9999.0 -9999.0 -9999.0 -9999.0 -9999.0 -9999.0 -9999.0 -9999.0 -9999.0 -561.335562 -562.430856 -563.260316 -563.184622 -563.583081 -565.166345 -565.664497 -565.511392 -564.155793 -561.889442 -561.648271 -562.079744 -561.987878 -562.611878 -564.260041 -564.388704 -562.476768 -564.067066 -564.748131 -565.763810 -568.544089 -569.242355 -567.685895 -566.260255 -565.100682 -564.992098 -565.050504 -565.309922
-9999.0 -9999.0 -9999.0 -9999.0 -9999.0 -9999.0 -9999.0 -9999.0 -9999.0 -9999.0 -9999.0 -9999.0 -9999.0 -9999.0 -9999.0 -9999.0 -9999.0 -9999.0 -9999.0 -9999.0 -9999.0 -9999.0 -9999.0 -563.041176 -562.030185 -561.692044 -560.827776 -561.323431 -563.542684 -564.928070 -565.517657 -566.013568 -567.202548 -567.391835 -567.512764 -566.900142 -566.522248 -564.133644 -565.596428 -566.561602 -564.443260 -565.032689 -563.582636 -561.897989 -562.262111 -561.850468 -564.883843 -567.150945 -564.713541 -563.785363 -564.007728 -564.703278 -564.112988 -563.300784 -562.281039 -560.355756
-9999.0 -9999.0 -9999.0 -9999.0 -9999.0 -9999.0 -9999.0 -9999.0 -9999.0 -9999.0 -9999.0 -9999.0 -9999.0 -9999.0 -9999.0 -9999.0 -9999.0 -9999.0 -9999.0 -562.727221 -563.069243 -563.737005 -563.524104 -565.684566 -566.616426 -566.069254 -564.991811 -565.697015 -566.924340 -567.976355 -567.861616 -567.743939 -568.052556 -566.546998 -565.385969 -565.125737 -565.672078 -563.864287 -563.474405 -562.507931 -559.622003 -561.681905 -563.640691 -564.662963 -564.750646 -565.355081 -563.561859 -563.055188 -562.990905 -563.315516 -563.430851 -563.162415 -563.141453 -561.018376 -559.177442 -557.792604
-9999.0 -9999.0 -9999.0 -9999.0 -9999.0 -9999.0 -9999.0 -9999.0 -9999.0 -9999.0 -9999.0 -9999.0 -9999.0 -9999.0 -9999.0 -9999.0 -562.767911 -562.968043 -563.800356 -565.159526 -566.323609 -566.383527 -565.560969 -567.173393 -567.739470 -567.446396 -568.195964 -567.481860 -566.703379 -565.751453 -565.354325 -566.535194 -566.417589 -566.700201 -566.989744 -566.674564 -564.620722 -562.792610 -562.627126 -561.361366 -558.824127 -560.508887 -561.188882 -561.116896 -562.185947 -561.484459 -557.575151 -558.463049 -560.501088 -556.467499 -554.482612 -555.580836 -556.303476 -553.984157 -550.415867 -545.792577
-9999.0 -9999.0 -9999.0 -9999.0 -9999.0 -9999.0 -9999.0 -9999.0 -9999.0 -9999.0 -9999.0 -9999.0 -9999.0 -562.837578 -563.030677 -562.866044 -564.981850 -566.603169 -567.607140 -569.000940 -567.368909 -568.640214 -569.082857 -568.853040 -567.413236 -567.460194 -567.376356 -566.523205 -566.946699 -567.505120 -568.053853 -569.100021 -567.984092 -566.904824 -566.253435 -564.702908 -563.646287 -562.941904 -561.287432 -561.278327 -560.203305 -560.887816 -562.580803 -562.990401 -561.842401 -558.330752 -555.845975 -555.265105 -550.423061 -545.381398 -543.225269 -540.232171 -539.067150 -537.480924 -532.861208 -517.292210
-9999.0 -9999.0 -9999.0 -9999.0 -9999.0 -9999.0 -9999.0 -9999.0 -9999.0 -9999.0 -565.887172 -564.833968 -566.393153 -569.302381 -570.600135 -570.005129 -569.390802 -570.531333 -570.573586 -567.664794 -566.120957 -569.025703 -567.178495 -567.241992 -568.533687 -568.332692 -567.669911 -567.689614 -566.010060 -566.117818 -566.289058 -563.497760 -562.972326 -562.410003 -561.566056 -560.699568 -560.090842 -556.101534 -552.786294 -553.455083 -548.482490 -545.340279 -548.312373 -549.374574 -548.749140 -545.205968 -539.414269 -530.860099 -521.599952 -507.346659 -493.741710 -483.462393 -474.431570 -460.691313 -435.974714 -399.770388
-9999.0 -9999.0 -9999.0 -9999.0 -9999.0 -9999.0 -9999.0 -9999.0 -570.034159 -568.395591 -567.364312 -568.675640 -570.436072 -573.634407 -572.481307 -571.370538 -570.655827 -569.558219 -569.096858 -568.759295 -569.627259 -568.741015 -566.990678 -567.647548 -567.573520 -566.480691 -566.626641 -565.727505 -564.280934 -565.385501 -564.779946 -563.576786 -562.561380 -561.697793 -560.605883 -560.200172 -556.180015 -550.747634 -544.773868 -539.714073 -532.326505 -522.465476 -522.762422 -520.561845 -518.161667 -503.881115 -481.980214 -441.145723 -400.542203 -384.537470 -370.057777 -361.588834 -354.860076 -344.778739 -330.487941 -317.219643
-9999.0 -9999.0 -9999.0 -9999.0 -9999.0 -9999.0 -572.430693 -568.819860 -567.089825 -571.245995 -574.402559 -575.453475 -577.339473 -573.296932 -569.731807 -569.137032 -568.707266 -568.186535 -568.690727 -571.234555 -565.925046 -567.657651 -568.962031 -567.484239 -567.820140 -567.883363 -567.069177 -564.991865 -564.350389 -560.096008 -557.222403 -554.849509 -551.403459 -549.416518 -547.231894 -544.708455 -537.268977 -525.441385 -508.021321 -488.679731 -460.781412 -419.396365 -402.002992 -394.516804 -389.892942 -382.703114 -367.162449 -345.721774 -318.989106 -295.007003 -277.375602 -269.162074 -260.483901 -249.331715 -234.412462 -217.010419
-9999.0 -9999.0 -9999.0 -9999.0 -570.260372 -569.523519 -570.300260 -567.200330 -565.060881 -570.132876 -568.348164 -569.241368 -570.898112 -572.953945 -575.416452 -573.777125 -572.889953 -572.348927 -572.821528 -567.676458 -563.453317 -566.758355 -564.796330 -560.714788 -562.029496 -561.829591 -561.927108 -560.352648 -557.269377 -553.384628 -543.535901 -534.530436 -528.489596 -520.037030 -510.717055 -497.887513 -472.845431 -419.187276 -390.105470 -371.422761 -351.363940 -331.502223 -317.442057 -310.685176 -302.745271 -293.279116 -279.315087 -257.248803 -230.609654 -198.336054 -176.899551 -161.631966 -154.637945 -141.260336 -124.071720 -77.253553
-9999.0 -9999.0 -9999.0 -572.327709 -568.816902 -567.634349 -569.524627 -569.035762 -566.435059 -569.212158 -569.788553 -570.287675 -570.596751 -570.610769 -570.892962 -570.007751 -569.955799 -570.877620 -570.354958 -567.509807 -566.538085 -564.424290 -562.991428 -560.482062 -558.280943 -557.654870 -556.589518 -553.357564 -544.687780 -534.725552 -513.719660 -481.057626 -434.854521 -400.838385 -388.972242 -376.800336 -362.721109 -337.889863 -313.788551 -290.581139 -264.879902 -240.484162 -216.325697 -208.953006 -202.729997 -196.861749 -179.699998 -160.964007 -134.775869 -74.090101 -77.429752 -32.084476 -47.117433 -15.126712 -2.768586 10.380060
-9999.0 -9999.0 -571.540062 -569.581969 -571.122907 -568.709878 -566.071413 -568.357195 -565.160509 -564.226997 -567.826194 -565.983023 -565.116568 -567.394548 -566.181971 -564.816219 -564.224531 -566.959599 -569.087116 -565.795121 -558.445887 -552.728880 -550.153789 -534.817494 -525.396749 -519.080873 -516.201205 -505.927668 -487.613870 -432.360004 -389.981775 -362.135657 -333.031709 -307.276229 -296.268247 -282.549021 -259.526171 -241.860628 -218.139684 -193.256601 -165.110705 -135.162146 -78.392287 -70.209809 -66.796004 -80.812681 -37.144125 -42.583579 -0.807116 16.367978 32.624441 32.780883 32.701163 33.025416 32.525289 33.008595
-9999.0 -9999.0 -573.846026 -570.539339 -573.044391 -567.895218 -563.293698 -568.488936 -567.356244 -562.605222 -564.267643 -563.987010 -564.936059 -564.919711 -563.057660 -558.877489 -561.405438 -562.367579 -567.586401 -556.491880 -546.922584 -529.642081 -491.648400 -438.019669 -397.097863 -390.829088 -388.672788 -381.197979 -367.643208 -334.022573 -289.832471 -247.629944 -209.621784 -183.172131 -169.211762 -151.764874 -101.749981 -83.492570 -101.467907 -73.266587 -26.001940 -8.357240 11.621517 27.196427 33.039114 32.401308 32.930032 32.491478 32.752065 32.886839 32.079072 29.233297 28.241388 28.499485 29.735257 24.895520
-9999.0 -574.451546 -572.838979 -572.845098 -569.555465 -570.952258 -567.248430 -561.861307 -562.783033 -561.227272 -561.665192 -565.529256 -554.539228 -545.028043 -542.376830 -533.945487 -538.151375 -540.961844 -547.163060 -535.492813 -511.953621 -426.802696 -351.850409 -302.677526 -276.214108 -271.850527 -274.847692 -262.442354 -238.809590 -201.998259 -136.232974 -76.144062 -41.108321 -15.421016 -7.516891 -6.287303 6.053467 20.038203 35.483310 37.015691 37.519541 37.161201 33.072124 33.048965 32.644178 33.079178 29.650349 24.147296 16.707743 11.805245 8.128470 4.737893 6.216685 9.035039 10.503781 4.655622
-9999.0 -579.595328 -572.959611 -569.136785 -570.889305 -573.945672 -565.025528 -551.796696 -557.964423 -560.302316 -561.553633 -553.334466 -526.272078 -497.564769 -474.141484 -434.509969 -438.951244 -457.209773 -455.562535 -408.095627 -371.885436 -316.150990 -211.606995 -93.206996 -91.074518 -83.293503 -76.253540 -57.057405 -33.004349 -12.645502 4.531604 24.668856 26.853366 26.734796 26.895151 26.788382 26.848359 26.940544 23.289834 19.871461 15.630482 15.550060 18.725958 18.329133 15.832026 13.504450 8.229637 0.117834 -5.963377 -10.560847 -14.225748 -32.590570 -20.254214 -17.370732 -20.556977 -49.737988
-9999.0 -574.099290 -566.562399 -568.650523 -575.124478 -566.399609 -563.577152 -555.110952 -548.997695 -552.523858 -541.533902 -498.502779 -411.722731 -372.012341 -343.655961 -317.924241 -294.678838 -295.137463 -276.123402 -231.109316 -135.003122 -78.629089 -39.196585 8.250517 13.875749 13.884799 13.843843 13.845193 13.867421 13.874990 13.902206 12.076720 16.355301 18.313117 17.045347 14.252917 9.755979 1.922903 -3.498259 -6.415556 -9.607955 -9.740165 -6.832387 -6.470928 -8.802361 -12.313479 -18.145083 -56.012583 -67.755723 -76.183438 -81.220736 -87.171362 -88.077496 -91.951123 -97.916948 -108.232697
-9999.0 -582.811814 -572.057007 -581.261522 -568.622844 -558.477018 -561.256644 -546.485359 -528.331645 -522.734853 -450.677582 -382.182669 -324.099737 -278.644004 -232.299509 -164.539462 -65.677211 -42.871542 -19.098545 -16.421625 10.058683 22.106380 22.149433 22.271293 13.907296 13.929152 6.756962 -12.054069 -22.433746 -29.145051 -27.560538 -20.837175 -14.798412 -9.069157 -11.166403 -11.370329 -13.365701 -53.404162 -63.129882 -71.998436 -79.337200 -84.062388 -84.519691 -78.965208 -84.144524 -88.544786 -96.276882 -109.581012 -120.653474 -129.690198 -137.733135 -144.919291 -147.817808 -153.436178 -155.323452 -162.996026
-9999.0 -589.265430 -581.633363 -575.895633 -564.933310 -557.659229 -550.534854 -533.969386 -491.001401 -421.886482 -367.284685 -337.865459 -289.324388 -226.382925 -147.101023 -19.947154 5.398447 5.650584 5.589562 -8.149618 -51.048955 -58.868273 -46.894117 -27.347134 -20.666694 -18.362405 -30.955965 -81.535333 -94.863362 -97.452106 -98.447288 -98.072593 -97.989946 -99.237228 -102.795656 -102.813381 -101.515966 -113.206710 -123.001980 -130.520763 -136.519533 -143.324253 -147.882459 -150.005727 -152.286779 -153.169871 -161.059966 -172.461537 -183.385562 -191.609960 -199.473778 -205.563639 -207.420810 -211.376972 -216.493383 -225.432904
-9999.0 -603.794801 -578.831352 -575.895159 -569.375264 -567.841226 -566.709140 -554.744399 -534.649920 -431.782359 -317.439130 -304.489963 -287.274599 -250.256123 -181.651364 -101.430197 -20.420156 -51.507129 -81.092646 -158.617838 -173.632137 -170.242834 -157.823811 -138.261441 -124.314597 -117.965508 -121.911367 -137.721467 -153.804348 -161.782139 -165.468714 -172.341482 -177.699484 -178.182042 -180.735004 -177.097229 -174.994374 -185.298858 -197.286035 -210.203162 -220.991679 -228.677511 -231.115255 -230.412552 -230.904108 -233.575623 -240.390269 -249.662516 -260.800622 -270.509638 -277.932778 -282.884886 -287.512252 -293.591911 -300.087372 -306.623175
-9999.0 -9999.0 -590.114225 -575.732635 -574.067480 -572.190275 -570.660505 -561.036851 -551.206848 -508.848282 -428.952942 -383.433898 -360.168261 -329.875722 -279.006476 -230.355842 -211.606062 -204.627866 -234.378851 -248.710933 -252.862168 -251.082056 -241.924039 -229.933266 -218.621991 -212.022573 -209.295948 -213.019514 -222.728147 -236.327962 -251.203015 -262.392366 -269.458556 -274.348203 -268.830244 -260.343891 -261.614504 -267.061956 -275.794342 -286.775221 -295.431250 -304.022291 -305.799556 -304.577905 -304.427830 -306.623455 -310.874609 -321.021914 -331.915264 -342.596427 -347.926606 -352.740600 -356.961424 -363.849608 -370.230501 -376.572540
-9999.0 -9999.0 -606.265879 -583.105168 -573.400365 -566.771510 -568.105057 -567.152209 -552.815455 -546.511128 -535.111587 -513.234850 -487.637535 -441.997486 -399.787180 -375.147791 -364.753039 -360.376514 -362.282945 -359.392998 -348.672170 -334.691561 -323.286853 -313.387569 -304.751216 -297.980047 -291.733972 -299.385903 -307.055044 -318.765070 -334.594796 -351.676303 -360.203294 -364.360417 -361.799544 -356.976545 -359.887128 -365.407136 -372.508955 -380.119468 -385.220009 -390.173352 -391.291594 -391.621388 -391.668282 -393.118893 -396.142757 -406.672699 -425.731194 -441.992339 -453.839388 -462.986559 -467.916188 -476.852440 -486.341943 -492.616971
