tests/Borden05m/data_simulated/sim_1/output-maps/psiliqL0010N0004.asc
ncols         160
nrows         34
xllcorner     620200.000000
yllcorner     5168000.000000
cellsize      0.500000
NODATA_value  -9999.0
[rows 0 to 24 of 34, columns 57 to 113 of 160]
-9999.0 -9999.0 -9999.0 -9999.0 -9999.0 -9999.0 -9999.0 -9999.0 -9999.0 -9999.0 -9999.0 -9999.0 -9999.0 -9999.0 -9999.0 -9999.0 -9999.0 -9999.0 -9999.0 -9999.0 -9999.0 -9999.0 -9999.0 -9999.0 -9999.0 -9999.0 -9999.0 -9999.0 -9999.0 -9999.0 -9999.0 -9999.0 -9999.0 -9999.0 -9999.0 -9999.0 -9999.0 -9999.0 -9999.0 -9999.0 -9999.0 -9999.0 -9999.0 -9999.0 -9999.0 -9999.0 -9999.0 -9999.0 -9999.0 -9999.0 -9999.0 -9999.0 -9999.0 -9999.0 -9999.0 -9999.0 -9999.0
-9999.0 -9999.0 211.592014 206.050047 200.687437 195.648755 186.552509 177.254285 168.633490 164.624456 163.702781 162.872397 162.502468 167.831674 175.842207 183.518680 190.773303 193.205624 195.684748 198.025652 198.581032 197.337518 194.113599 190.835973 187.435733 185.955768 177.677533 166.195270 157.235504 154.458524 158.967821 163.522481 166.096406 172.194091 183.128051 194.109373 202.767122 214.621915 220.263014 225.416481 228.549809 224.488825 220.933117 217.195487 212.338395 201.305079 -9999.0 -9999.0 -9999.0 -9999.0 -9999.0 -9999.0 -9999.0 -9999.0 -9999.0 -9999.0 -9999.0
194.217804 197.520135 186.565586 181.703048 178.356046 176.157756 171.043965 162.222543 156.806351 151.321165 149.571917 149.590909 149.670824 153.884849 163.916591 171.948036 176.776389 179.275882 181.841490 181.862687 181.408005 181.076919 178.206047 174.798718 171.408707 169.617963 169.775287 162.137548 156.731156 153.406525 152.061875 154.569551 156.950396 160.148730 169.838204 178.198409 186.555241 200.807377 213.176308 218.411004 215.982182 210.945172 207.183522 200.665143 190.756398 180.300074 170.045153 162.841082 157.349213 151.936664 158.013602 164.505145 174.680888 184.739454 196.792077 208.963994 -9999.0
178.360133 181.219691 170.377940 161.946444 157.299167 157.353069 159.598482 155.890950 151.180578 146.755475 154.831382 156.123731 157.324115 160.602551 163.943561 166.553922 169.360087 174.738338 183.764534 186.480600 187.048942 187.220151 185.427526 182.339826 180.564273 177.806548 172.606593 171.637351 172.033201 171.996570 177.169420 178.685844 180.181809 173.299226 176.760755 183.090418 190.051957 196.978413 203.929668 208.367112 205.182306 203.997844 195.574190 181.665401 170.185174 161.413548 158.966364 155.696929 147.871462 135.453717 142.384443 157.920369 162.564849 166.144451 178.002240 190.300346 200.574258
163.661288 166.672337 161.602676 162.637094 164.086033 165.535288 163.896811 160.888145 159.344856 172.237893 181.834751 183.677721 186.677089 190.200302 189.174461 176.948016 174.381190 182.889786 193.411360 199.384672 199.649916 199.675440 198.028266 197.050156 196.599478 194.279642 195.295200 197.887964 198.397933 203.402410 209.100318 211.921087 203.579551 194.358017 194.959592 202.678262 210.742950 218.174315 229.107171 240.687574 239.391776 233.490111 224.283559 210.325270 186.541976 166.454792 155.572758 148.614553 141.435817 140.769056 138.184436 148.925427 150.609482 152.302279 160.726165 170.990895 181.086352
178.007848 186.273527 180.287243 174.803104 171.562349 172.210993 172.514983 175.996244 189.216048 203.367029 218.612651 221.603950 224.397545 224.201043 214.708800 204.363718 200.197112 215.244232 231.321796 239.798712 240.860819 241.178475 249.064238 247.336408 245.014950 239.718845 242.085355 244.561407 255.612215 263.284229 270.209242 268.349628 256.472712 245.267887 243.390396 245.552292 248.029177 254.061373 264.507242 274.516813 269.368247 261.584455 250.659174 221.025897 192.584665 174.998218 175.087863 175.085981 170.099003 166.690381 162.914403 155.292113 154.653483 153.806907 153.109656 164.946840 177.076600
225.955471 242.399942 236.764984 228.508382 217.833446 218.400347 221.965053 230.523483 244.222879 263.090350 288.090610 292.379695 296.742398 300.740130 289.960687 277.648193 265.909959 282.452044 292.590794 302.007421 305.328274 316.818601 327.329934 322.706939 314.320083 304.570464 311.160175 324.516118 339.813299 346.539663 350.259306 350.088103 339.770501 334.136518 331.638965 332.510181 329.082179 332.597990 343.381854 358.506421 357.947058 346.866738 322.745965 284.790344 248.285404 225.301510 229.001286 221.657504 214.709882 210.046960 195.416352 183.633230 182.990461 172.990381 166.330495 177.407112 183.122215
274.605220 293.714802 290.418938 279.956723 267.621445 267.837556 276.225569 286.432728 306.298697 331.491856 358.127588 371.016900 378.382164 388.771733 382.531656 373.038113 363.849327 371.763005 384.583130 397.694010 409.720762 423.544445 436.139270 428.850867 418.444471 414.825097 419.789933 438.255277 454.582097 460.351719 462.859239 467.048924 459.851134 452.338341 444.127617 436.938324 429.993467 425.326094 441.661754 456.648806 453.875638 428.614649 401.843207 363.691917 323.480636 287.558434 282.337220 279.022849 276.410907 260.012086 243.531866 224.676878 213.290067 203.396581 187.857020 192.041898 196.880527
375.633203 398.267169 403.443785 389.689044 384.620650 390.238671 402.811525 410.153568 425.909587 454.573513 492.380745 521.730498 546.956130 553.346857 544.862763 534.836781 519.780408 514.490783 530.046449 544.272233 558.025444 571.391728 585.129076 592.855919 591.899092 592.085753 595.310230 601.147178 609.346870 617.026884 624.163748 631.415364 630.460788 620.183237 611.491118 601.016066 592.452701 589.484177 589.841475 598.159660 595.017411 568.523394 536.345819 498.598289 456.061344 419.913229 396.504537 396.582865 381.534761 361.677978 339.156168 301.507027 281.671479 263.508583 232.100874 226.197000 234.648521
498.700219 519.378898 538.822917 539.788178 544.056621 548.771211 556.181106 562.384542 572.596433 609.686492 653.032085 693.520145 724.416170 736.249327 727.343175 716.872641 703.217677 691.082271 693.708710 710.688314 730.159617 747.791721 759.701020 763.959334 763.003265 763.491937 765.381143 768.648266 771.695568 777.648597 785.173415 795.665041 807.147715 802.142101 785.521691 772.968953 759.112401 754.174845 752.790657 749.693596 747.772426 738.437678 702.408581 663.589916 621.088194 582.075641 552.662710 529.380476 505.014197 479.954555 433.444134 390.826434 353.413419 322.165415 290.304932 283.759632 305.900410
646.285516 680.960137 705.472393 715.350794 720.530746 724.474972 730.918129 736.782583 745.649907 769.321548 809.834034 851.583727 884.103346 890.574658 883.051838 872.904456 861.272939 850.332000 847.628577 856.509297 868.512785 884.210305 895.505411 905.264890 904.827635 905.165705 905.287909 907.297572 909.122551 910.723025 916.850679 927.277008 937.063490 938.512234 927.613442 912.843445 897.694653 891.709591 886.614082 881.381651 880.166098 877.653454 866.926563 835.915021 794.146817 745.314856 709.462023 677.401722 656.035917 634.987320 609.148519 558.336330 526.278184 487.107200 445.408838 416.232588 447.214239
793.101830 828.948580 853.831672 866.305156 869.037019 871.935945 878.654695 884.639760 894.685274 910.613691 932.347876 959.860014 985.490495 1002.724111 1000.165571 989.436741 973.814478 969.781633 969.557133 972.427787 979.203308 986.084887 999.584807 1013.251398 1017.759732 1018.162016 1015.803577 1017.772742 1018.844275 1018.972800 1019.437881 1022.820514 1028.663949 1031.006789 1027.942926 1015.400248 999.016177 986.782882 979.858986 976.365308 973.783789 972.922415 969.164536 955.214917 926.197489 888.785288 852.164388 823.928259 802.721841 785.810068 772.261483 753.379622 731.935886 695.213571 641.673591 595.435226 582.077878
908.899145 935.632791 960.665578 977.613459 982.227216 987.717631 991.376927 1000.075797 1013.746676 1029.807485 1041.178210 1055.413634 1074.093917 1084.949205 1090.560753 1091.625133 1091.494292 1093.864702 1094.722696 1079.106435 1082.072142 1084.439475 1088.722739 1094.165132 1095.451395 1095.310929 1094.559284 1095.535423 1096.003961 1096.506062 1096.352810 1095.668047 1096.807851 1097.255657 1097.006251 1093.071941 1093.816189 1079.690601 1070.063578 1064.125977 1057.282251 1048.712608 1038.685924 1028.678468 1013.926985 989.722450 958.580531 930.806100 918.168706 910.669916 903.402010 896.520201 879.482646 854.082839 818.145048 774.733867 733.086137
1003.105338 1021.299384 1045.315443 1061.669501 1070.652148 1077.840135 1081.561132 1091.969110 1102.963160 1099.732103 1101.439500 1103.317884 1105.217613 1105.745278 1105.908046 1105.967221 1104.243819 1104.708705 1104.290018 1100.657945 1092.661091 1094.666553 1095.964573 1097.909947 1100.718579 1098.876564 1099.575409 1102.670600 1101.813658 1097.269401 1094.425312 1093.023621 1093.083747 1099.645850 1102.462681 1103.493784 1103.897172 1104.390292 1105.238971 1105.196012 1104.422841 1102.597541 1099.923193 1099.768916 1090.697563 1070.535149 1042.313625 1011.985527 998.469319 993.641707 994.126959 990.641312 984.104041 965.213586 937.999423 902.725162 864.354675
1099.245724 1100.877480 1106.644662 1109.380321 1110.408114 1111.930999 1113.526432 1113.493884 1109.789222 1105.967331 1101.221008 1099.891174 1098.393952 1095.759735 1096.151787 1094.227634 1090.911991 1088.652660 1084.322171 1075.891825 1066.416883 1065.169437 1069.843038 1073.994793 1077.073314 1079.043008 1081.887553 1083.670146 1080.283321 1074.153843 1068.485979 1066.903569 1072.663873 1077.132052 1081.055696 1081.335267 1080.392993 1079.528556 1081.045774 1079.897940 1080.943564 1086.802324 1098.496080 1104.008002 1105.031396 1104.848722 1100.949405 1093.486118 1082.267768 1063.939196 1066.805783 1062.343802 1051.667013 1032.681999 1011.776042 986.113467 960.574252
1107.602576 1106.002466 1100.507342 1094.940752 1094.042158 1097.364981 1103.525986 1104.529084 1097.677553 1089.873630 1083.473967 1077.272969 1075.199507 1073.361216 1072.033909 1071.701026 1066.997669 1061.224164 1049.004518 1040.266335 1031.502947 1026.956580 1025.866492 1030.451303 1038.337480 1045.734191 1049.697557 1044.563465 1039.197206 1031.077435 1024.749653 1025.457441 1027.378487 1034.570667 1045.714219 1048.373142 1049.067869 1045.472354 1043.073355 1038.913026 1037.981860 1044.475075 1057.704206 1070.492761 1081.809226 1088.627066 1095.355107 1101.339881 1106.021874 1106.305212 1105.908893 1104.573846 1102.029487 1088.502247 1070.828383 1051.331637 1031.105545
1090.649353 1086.709534 1080.982546 1075.747904 1074.028704 1076.041644 1078.570243 1075.282558 1068.897521 1059.518962 1049.580740 1040.536931 1034.686361 1034.419483 1034.964041 1034.354349 1028.127400 1015.569947 1001.197761 990.807786 979.612427 977.227636 973.257551 969.468619 978.500469 993.003841 998.255774 986.751228 979.344733 967.971413 962.303895 960.143677 961.220130 968.832438 985.350489 1001.478183 1002.299007 994.343884 987.263157 984.516171 983.620634 990.872335 1008.266705 1026.140106 1038.808303 1046.915603 1051.956019 1059.452515 1067.907513 1078.018035 1088.749583 1097.496825 1105.280096 1107.170044 1106.062625 1103.285336 1091.025012
1070.544437 1064.524219 1058.737172 1053.233619 1048.872717 1045.941097 1042.763355 1036.412317 1029.458825 1016.968466 1005.256568 993.709159 979.969529 974.925679 969.527266 968.033740 955.116068 944.300481 926.862759 913.365766 899.598401 891.005160 885.623929 879.628554 883.724495 897.888535 906.412154 893.537676 885.066659 873.961104 869.045471 866.415469 867.741761 876.434159 896.821007 913.837618 920.237324 913.593655 909.874208 909.648186 911.416184 919.531606 936.530523 957.342157 977.675094 992.819243 1002.286426 1010.382554 1020.098090 1032.917236 1044.525183 1055.657660 1069.453504 1085.805969 1097.986381 1106.066338 1110.302551
1043.187659 1035.288266 1026.012711 1015.826023 1008.955223 1008.102649 999.605043 991.474868 976.300425 930.748518 911.351846 891.854056 874.765514 865.855811 853.445151 840.485170 825.998788 816.099347 806.506294 790.397025 772.854041 756.833825 751.256988 746.351000 738.008762 743.474289 746.782518 749.172728 742.668810 737.149414 735.073878 732.962667 736.474420 749.773230 761.644290 772.202617 778.637848 777.435139 785.611223 794.460894 801.814420 823.221553 843.784416 866.978311 892.001193 917.932677 934.010685 946.626481 959.406743 975.196524 990.977381 1006.485593 1025.993368 1046.828902 1059.786923 1068.845829 1079.112876
1004.165599 990.718965 977.914606 964.123596 948.831875 945.408558 937.382008 924.881718 881.514427 832.659740 793.179437 769.137772 742.963739 727.068775 709.981917 676.853598 655.692196 644.177858 644.954877 632.105420 612.848560 596.950652 588.040307 581.005944 568.152521 560.454753 564.904203 576.357453 571.272004 568.972263 572.598890 570.821994 568.265043 575.637954 590.992992 600.218897 610.715194 622.424280 628.596812 639.729311 670.341170 692.583049 718.351018 747.825957 777.378764 807.705681 836.140988 857.442616 877.830475 900.455515 920.095810 942.595310 966.095722 992.956111 1010.755428 1023.955516 1034.434111
932.936582 913.990904 893.880100 870.100841 843.514766 833.495317 818.609728 792.921109 738.982919 686.789965 643.832128 613.236320 583.493769 561.123912 530.992112 495.122992 471.288639 472.677791 477.927211 475.916807 460.581778 446.831167 436.142758 422.702626 407.323723 396.415028 404.645232 413.304718 420.017759 422.978333 426.601749 428.616228 427.628257 424.437070 431.557272 440.789750 451.574185 462.396667 475.607118 505.735361 533.457701 555.525352 582.932800 610.758876 641.896058 675.988314 709.745708 737.926781 766.152074 793.942521 823.518909 852.741109 883.289213 915.666237 942.099705 959.681087 975.152519
834.550449 804.259891 771.208045 726.449003 702.859147 684.481316 663.890923 619.979842 568.609917 523.411767 490.822071 461.197626 434.084371 405.460494 372.855516 344.013228 322.779732 328.282424 334.474770 344.211667 331.734770 319.873760 313.170721 298.441382 284.416637 270.323865 278.156870 287.816734 304.027431 307.833117 311.081873 317.543082 316.329249 314.140488 306.553693 315.409903 325.659948 339.097306 366.123739 391.654377 417.066782 440.247398 463.683758 490.006458 518.878293 549.427915 582.638968 610.752869 638.724011 670.420399 703.525962 735.865031 768.180675 803.642465 835.663910 863.325025 889.958349
698.630876 662.641610 617.715644 566.790057 527.611090 507.699224 467.122505 428.985959 387.934825 364.624518 342.441923 317.072640 293.879851 271.495871 244.326016 220.628609 196.537798 200.040483 212.091565 225.701198 219.068059 214.936437 211.622292 200.184351 186.530852 173.023431 176.716540 191.665692 208.348936 215.340910 221.718269 229.124781 229.158436 222.571669 214.244903 219.865346 233.530467 249.493077 270.931471 293.723532 316.242401 337.543956 361.408525 386.698644 412.903168 441.669194 472.234503 496.811401 525.729499 556.825237 585.165233 607.670071 632.719148 668.729271 700.785453 735.678667 768.764068
555.387841 522.113083 476.533568 430.285721 384.713251 344.912287 309.954073 276.741841 256.207453 235.558239 216.047539 196.710872 175.241440 155.142461 135.500284 113.214414 94.315008 99.521433 112.812665 124.721624 127.075799 124.076844 121.007579 113.254954 99.602533 88.730164 97.048852 112.545209 127.661535 137.643858 144.302074 150.453292 147.687451 139.458581 133.018904 140.900953 156.259872 171.215004 188.836678 210.383861 232.004937 253.953767 277.105391 300.519459 326.509498 353.615386 381.460314 409.192173 435.549007 461.450670 477.579811 494.737007 509.604955 533.797904 561.196435 591.778297 625.624575
413.080015 382.458557 346.741242 305.849990 273.194888 239.988368 208.155535 176.948884 151.153946 133.012821 122.396156 107.135831 87.481988 73.605992 56.476747 37.889864 36.920293 40.319282 52.259323 54.217955 54.937501 51.984754 50.892050 46.269898 34.960576 41.202972 48.938595 63.866741 74.841829 84.244087 90.534227 94.686859 94.259166 87.347314 90.317273 97.516366 112.167882 124.096010 139.427621 160.397591 178.033201 197.766616 220.080923 243.232770 267.737796 293.867089 322.142520 348.036526 369.553235 381.521830 395.007445 404.516820 403.317069 421.876787 441.957658 462.988650 492.580740
