tests/Borden05m/data_simulated/sim_1/output-maps/psiliqL0017N0013.asc
ncols         160
nrows         34
xllcorner     620200.000000
yllcorner     5168000.000000
cellsize      0.500000
NODATA_value  -9999.0
[rows 0 to 24 of 34, columns 0 to 54 of 160]
-9999.0 -9999.0 -9999.0 -9999.0 -9999.0 -9999.0 -9999.0 -9999.0 -9999.0 -9999.0 -9999.0 -9999.0 -9999.0 -9999.0 -9999.0 -9999.0 -9999.0 -9999.0 -9999.0 -9999.0 -9999.0 -9999.0 -9999.0 -9999.0 -9999.0 -9999.0 -9999.0 -9999.0 -9999.0 -9999.0 -9999.0 -9999.0 -9999.0 -9999.0 -9999.0 -9999.0 -9999.0 -9999.0 -9999.0 -9999.0 -9999.0 -9999.0 -9999.0 -9999.0 -9999.0 -9999.0 -9999.0 -9999.0 -9999.0 -9999.0 -9999.0 -9999.0 -9999.0 -9999.0 -9999.0
-9999.0 -9999.0 -9999.0 -9999.0 -9999.0 -9999.0 -9999.0 -9999.0 -9999.0 -9999.0 -9999.0 -9999.0 -9999.0 -9999.0 -9999.0 -9999.0 -9999.0 -9999.0 -9999.0 -9999.0 -9999.0 -9999.0 -9999.0 -9999.0 -9999.0 -9999.0 -9999.0 -9999.0 -9999.0 -9999.0 -9999.0 -9999.0 -9999.0 -9999.0 -9999.0 -9999.0 -9999.0 -9999.0 -9999.0 -9999.0 -9999.0 -9999.0 -9999.0 -9999.0 -9999.0 -9999.0 -9999.0 -9999.0 -9999.0 -9999.0 -9999.0 -9999.0 -9999.0 -9999.0 -9999.0
-9999.0 -9999.0 -9999.0 -9999.0 -9999.0 -9999.0 -9999.0 -9999.0 -9999.0 -9999.0 -9999.0 -9999.0 -9999.0 -9999.0 -9999.0 -9999.0 -9999.0 -9999.0 -9999.0 -9999.0 -9999.0 -9999.0 -9999.0 -9999.0 -9999.0 -9999.0 -9999.0 -9999.0 -9999.0 -9999.0 -9999.0 -9999.0 -9999.0 -9999.0 -9999.0 -9999.0 -9999.0 -9999.0 -9999.0 -9999.0 -9999.0 -9999.0 -9999.0 -9999.0 -9999.0 -9999.0 -9999.0 1500.929137 1483.841599 1469.143264 1466.407647 1488.789294 1512.426080 1536.582891 1557.499493
-9999.0 -9999.0 -9999.0 -9999.0 -9999.0 -9999.0 -9999.0 -9999.0 -9999.0 -9999.0 -9999.0 -9999.0 -9999.0 -9999.0 -9999.0 -9999.0 -9999.0 -9999.0 -9999.0 -9999.0 -9999.0 -9999.0 -9999.0 -9999.0 -9999.0 -9999.0 -9999.0 -9999.0 -9999.0 -9999.0 -9999.0 -9999.0 -9999.0 -9999.0 -9999.0 -9999.0 -9999.0 -9999.0 -9999.0 -9999.0 1548.448450 1554.508714 1555.499316 1545.512055 1534.582963 1522.208173 1502.260877 1484.793409 1470.740723 1468.733330 1471.692738 1476.387584 1498.729649 1524.009572 1544.143436
-9999.0 -9999.0 -9999.0 -9999.0 -9999.0 -9999.0 -9999.0 -9999.0 -9999.0 -9999.0 -9999.0 -9999.0 -9999.0 -9999.0 -9999.0 -9999.0 -9999.0 -9999.0 -9999.0 -9999.0 -9999.0 -9999.0 -9999.0 -9999.0 -9999.0 -9999.0 -9999.0 -9999.0 -9999.0 -9999.0 -9999.0 -9999.0 -9999.0 -9999.0 1455.143785 1472.600794 1490.908700 1509.673913 1526.786491 1533.898574 1539.837934 1545.670457 1541.688468 1537.453108 1526.358997 1506.996238 1487.890212 1474.711291 1473.304106 1471.253551 1475.735853 1488.599990 1505.759402 1522.006006 1543.236431
-9999.0 -9999.0 -9999.0 -9999.0 -9999.0 -9999.0 -9999.0 -9999.0 -9999.0 -9999.0 -9999.0 -9999.0 -9999.0 -9999.0 -9999.0 -9999.0 -9999.0 -9999.0 -9999.0 -9999.0 -9999.0 -9999.0 -9999.0 -9999.0 -9999.0 -9999.0 -9999.0 -9999.0 1458.332568 1452.650640 1448.031203 1446.921166 1445.984840 1445.287820 1452.304221 1464.357808 1482.415177 1504.585428 1518.021284 1525.608922 1532.646244 1533.609358 1528.692860 1527.186944 1527.982029 1516.315116 1504.867264 1494.180613 1483.858864 1482.274729 1492.092069 1506.720680 1523.414653 1538.669263 1554.518188
-9999.0 -9999.0 -9999.0 -9999.0 -9999.0 -9999.0 -9999.0 -9999.0 -9999.0 -9999.0 -9999.0 -9999.0 -9999.0 -9999.0 -9999.0 -9999.0 -9999.0 -9999.0 -9999.0 -9999.0 -9999.0 -9999.0 -9999.0 1427.298813 1433.036205 1439.883992 1447.777008 1449.074172 1445.527499 1440.350935 1437.846493 1436.827167 1435.405355 1440.335981 1448.476664 1462.253246 1478.313973 1500.735365 1509.657176 1515.628680 1528.010377 1531.466367 1538.251592 1542.723098 1541.409520 1538.627640 1525.848274 1516.317378 1520.942552 1526.708475 1533.988123 1542.557436 1556.473865 1571.847860 1589.061212
-9999.0 -9999.0 -9999.0 -9999.0 -9999.0 -9999.0 -9999.0 -9999.0 -9999.0 -9999.0 -9999.0 -9999.0 -9999.0 -9999.0 -9999.0 -9999.0 -9999.0 -9999.0 -9999.0 1401.589311 1402.755985 1404.337982 1409.403023 1410.370733 1412.736609 1420.045899 1428.574497 1431.522517 1430.088990 1429.250230 1431.210319 1434.391607 1439.309459 1450.856049 1465.018989 1479.594538 1493.629069 1514.921103 1530.043329 1543.730104 1559.976294 1560.099717 1556.688885 1555.394175 1556.206545 1556.378835 1559.359976 1561.510207 1568.181479 1572.234450 1578.275600 1588.056933 1600.206712 1618.467462 1638.136258
-9999.0 -9999.0 -9999.0 -9999.0 -9999.0 -9999.0 -9999.0 -9999.0 -9999.0 -9999.0 -9999.0 -9999.0 -9999.0 -9999.0 -9999.0 -9999.0 1372.233306 1374.273085 1376.818742 1382.523191 1385.952194 1390.306649 1397.655793 1399.375986 1403.481619 1411.059143 1416.306580 1425.729146 1434.361210 1442.118682 1448.570940 1451.709897 1459.428708 1469.453941 1481.703854 1497.076689 1518.666117 1542.361626 1558.964796 1576.255008 1593.879220 1595.001468 1594.275499 1595.690748 1596.153201 1601.668662 1618.752050 1624.286752 1624.262439 1639.385035 1653.264891 1658.301444 1666.349170 1686.091153 1709.807247
-9999.0 -9999.0 -9999.0 -9999.0 -9999.0 -9999.0 -9999.0 -9999.0 -9999.0 -9999.0 -9999.0 -9999.0 -9999.0 1324.466663 1328.789831 1338.826158 1348.953244 1351.950195 1356.782565 1363.400068 1376.005993 1380.091996 1386.736096 1394.706442 1407.291001 1416.440546 1426.044719 1438.387960 1447.234731 1454.938725 1462.359003 1467.863865 1481.225217 1496.700140 1512.653034 1533.138764 1555.656193 1576.220756 1596.681563 1613.205019 1626.977112 1628.383388 1628.000464 1630.841494 1638.290075 1654.903302 1673.621311 1681.032444 1697.582862 1720.440952 1733.611642 1744.763554 1753.373726 1767.394512 1789.070119
-9999.0 -9999.0 -9999.0 -9999.0 -9999.0 -9999.0 -9999.0 -9999.0 -9999.0 -9999.0 1292.130134 1294.470504 1291.300380 1290.807338 1296.415450 1308.958914 1323.272866 1330.027226 1342.167265 1363.676424 1382.185899 1386.139984 1400.972996 1411.783538 1419.140300 1430.089973 1443.751141 1456.968768 1474.033567 1486.934112 1498.492756 1517.886701 1534.828703 1551.928043 1570.225930 1591.173644 1610.774017 1638.760760 1665.940644 1678.500546 1700.146656 1709.861505 1707.405469 1707.703514 1717.301746 1732.744719 1753.015351 1775.136908 1796.627626 1821.694909 1838.013503 1852.620820 1863.585361 1876.074805 1892.288065
-9999.0 -9999.0 -9999.0 -9999.0 -9999.0 -9999.0 -9999.0 -9999.0 1267.052434 1274.777544 1281.034505 1278.307896 1274.188027 1270.221068 1284.576775 1300.761103 1317.235794 1335.517222 1351.961364 1370.747469 1386.337479 1402.883420 1423.453513 1435.642080 1447.770465 1463.734304 1477.982274 1495.319797 1517.149130 1529.565262 1545.818727 1567.526065 1586.265580 1604.823840 1624.237800 1642.846094 1668.682910 1702.150992 1734.080657 1755.993671 1784.060240 1806.356803 1805.259523 1807.492924 1811.835950 1837.396299 1866.462448 1897.140993 1921.547615 1948.503233 1978.138704 1996.890304 2007.876484 2020.753117 2036.224496
-9999.0 -9999.0 -9999.0 -9999.0 -9999.0 -9999.0 1239.133398 1263.608857 1278.965688 1271.224461 1260.734575 1257.140473 1253.049815 1278.546140 1301.084922 1318.892162 1336.341101 1354.581447 1371.739553 1384.468396 1418.052556 1437.003184 1451.663701 1469.540885 1484.980147 1500.435368 1518.505922 1542.292535 1564.052933 1592.917037 1617.524166 1640.742015 1667.300387 1687.390190 1706.681818 1724.792245 1755.977179 1793.315946 1830.068981 1858.533664 1885.730584 1917.210184 1923.455924 1928.970886 1935.454614 1957.433797 1989.831705 2020.394048 2054.140390 2086.325776 2113.892059 2126.226598 2136.979717 2148.585003 2162.353312
-9999.0 -9999.0 -9999.0 -9999.0 1205.525927 1226.579195 1246.567887 1277.397030 1300.174578 1295.588413 1302.210726 1302.374474 1300.507623 1305.158187 1313.026841 1331.580253 1350.994604 1370.766992 1388.664436 1422.784667 1468.346434 1483.902287 1507.685937 1540.117319 1554.301140 1570.371774 1587.512186 1610.994951 1636.915038 1669.909123 1712.322115 1748.504134 1774.105249 1797.007936 1818.528896 1840.120749 1874.910464 1912.949348 1950.059537 1984.180032 2013.951218 2040.357484 2052.316674 2060.147705 2072.078556 2089.000739 2111.021892 2138.844761 2170.941750 2203.315681 2228.371515 2241.533539 2249.404230 2260.288484 2270.515296
-9999.0 -9999.0 -9999.0 1154.963839 1193.876137 1232.295446 1259.311551 1290.429457 1323.016907 1327.168262 1336.617321 1341.072241 1345.302704 1353.855296 1361.997366 1379.705863 1397.087140 1414.689117 1437.577730 1474.630397 1509.440791 1537.783722 1569.970637 1595.601931 1615.839349 1632.240510 1651.846489 1676.005936 1715.868046 1752.416946 1802.215283 1855.212023 1891.482943 1915.441800 1938.290586 1966.106419 1991.610392 2028.795894 2063.983034 2097.392834 2129.426807 2154.203239 2172.537951 2180.077272 2190.083776 2198.532509 2214.374241 2236.093584 2258.384690 2287.863451 2316.728268 2342.927034 2357.695585 2368.333563 2384.822852
-9999.0 -9999.0 1107.412812 1145.695189 1179.395575 1229.141355 1282.445198 1317.408092 1358.473713 1381.858370 1388.535007 1404.924249 1420.521235 1427.203034 1442.103755 1459.138329 1478.575672 1486.801965 1505.446953 1534.007627 1582.202636 1626.318461 1643.440882 1692.822349 1726.526308 1756.238181 1775.760710 1803.338324 1839.904753 1880.331248 1928.242579 1978.299958 2016.185296 2047.078471 2064.022746 2084.082644 2106.676596 2131.742995 2166.671178 2195.335158 2227.678514 2254.091720 2275.840330 2281.918202 2286.877957 2303.004070 2328.395143 2355.722981 2381.340187 2406.237753 2406.460519 2421.095058 2428.197169 2432.546848 2438.575297
-9999.0 -9999.0 1079.949420 1125.325849 1164.639162 1229.641996 1311.150917 1348.230731 1391.152559 1437.595773 1455.988797 1480.535165 1489.598223 1495.832815 1518.847685 1540.463448 1555.392448 1563.491529 1563.388179 1619.323179 1677.484463 1723.758122 1763.605523 1833.283315 1881.063555 1900.540033 1915.195163 1936.725103 1961.018387 2003.406884 2049.232422 2102.267688 2145.636749 2176.670901 2192.965955 2211.960171 2232.339672 2249.889871 2269.448169 2310.559282 2340.345721 2367.686464 2395.933986 2416.703957 2425.332000 2429.501622 2416.448236 2428.590446 2437.053230 2441.175284 2443.130905 2440.400956 2440.384093 2441.597682 2442.905961
-9999.0 990.023513 1042.343326 1095.137855 1163.354850 1229.765113 1311.706446 1391.179303 1450.661275 1499.642850 1528.800296 1538.032176 1567.934464 1607.469748 1632.796498 1658.288516 1663.055350 1670.613531 1660.624174 1711.227924 1759.495832 1829.621948 1937.349421 1995.134258 2044.665453 2047.229814 2042.639176 2054.738129 2077.579533 2121.859293 2191.268103 2240.450362 2296.184697 2338.593977 2354.661669 2362.145647 2380.234040 2400.515789 2380.594399 2407.820767 2421.062334 2432.212879 2437.012543 2439.614418 2441.404742 2442.126267 2439.418852 2433.471515 2426.099886 2420.869205 2417.093742 2412.820241 2415.395931 2418.721920 2419.277134
-9999.0 953.947778 1013.072518 1084.109168 1154.700049 1218.736014 1318.423542 1466.652936 1522.845043 1561.163373 1581.449515 1595.314786 1669.289779 1734.317406 1767.154788 1812.440628 1806.621758 1797.205682 1781.211253 1814.096685 1862.657990 1936.801934 2084.717157 2170.715529 2205.332218 2217.828817 2225.448606 2253.481162 2292.367951 2331.669487 2367.817900 2362.255833 2394.064874 2410.643447 2415.963747 2418.492543 2423.469017 2424.344638 2423.610458 2421.003368 2417.501751 2418.829191 2423.907216 2424.513444 2422.331357 2419.640750 2414.319506 2406.903585 2401.396220 2396.619514 2393.682849 2390.492577 2388.573993 2388.117320 2383.271504
-9999.0 922.062035 994.129139 1056.799336 1118.266931 1228.397630 1355.742840 1493.497648 1587.750484 1625.663256 1640.718608 1703.462526 1804.268417 1901.970607 1954.063851 1979.655028 1978.839604 1954.867918 1955.900917 2002.122898 2069.456969 2167.705982 2269.714550 2352.430124 2368.627834 2374.836223 2351.286031 2369.147980 2385.696935 2390.232011 2393.575177 2399.810067 2406.818407 2411.381412 2411.699528 2410.316351 2406.886639 2400.021699 2396.041426 2393.504947 2390.745563 2390.775703 2393.727522 2395.380177 2392.988026 2389.172103 2384.493217 2378.465565 2371.759362 2364.611179 2360.068075 2355.505027 2352.840994 2347.286362 2342.449272
-9999.0 817.612334 907.724994 959.977046 1066.727922 1244.305232 1372.070687 1520.699181 1671.109989 1707.355018 1776.983201 1900.402871 2007.881748 2082.747433 2121.252816 2162.041569 2191.582903 2215.596361 2253.049819 2198.572721 2261.834969 2329.280499 2360.840927 2377.317383 2383.911861 2387.862298 2382.252879 2365.253502 2357.137566 2352.616066 2356.232507 2365.184042 2371.933859 2378.487434 2377.457179 2378.961372 2379.848950 2376.877525 2373.395705 2365.474539 2358.210545 2352.565107 2350.620134 2355.748632 2350.885954 2347.720464 2341.373476 2332.774449 2323.299376 2315.136209 2306.831955 2299.578914 2296.279538 2290.140209 2287.802836
-9999.0 736.771431 812.848125 896.293479 1029.160541 1193.818746 1317.203057 1483.191498 1698.297660 1819.003229 1951.207390 2027.155058 2099.587127 2156.445721 2216.169405 2264.419614 2291.205272 2304.087503 2292.751375 2309.151116 2278.863882 2274.790992 2295.591623 2325.412742 2342.212928 2348.739446 2342.817237 2334.662907 2329.329443 2329.837123 2329.721781 2328.787532 2327.483288 2325.791810 2323.311682 2325.892818 2330.785621 2324.526990 2315.427496 2306.991948 2299.414820 2290.982941 2285.391213 2281.589949 2280.621284 2280.196646 2272.362946 2261.632397 2250.655915 2241.981799 2233.878913 2227.919453 2224.592552 2218.781845 2209.471763
-9999.0 633.839242 757.602366 848.248109 964.840105 1100.652088 1223.248735 1385.322660 1530.950253 1755.784692 1910.004413 2034.318955 2077.902015 2138.849872 2195.705437 2264.366887 2268.857316 2242.504651 2211.389788 2200.087069 2210.268460 2222.814804 2237.461774 2258.023196 2277.487466 2289.012888 2293.416294 2287.755969 2275.318421 2266.261118 2259.320138 2249.314932 2242.271506 2241.193150 2243.002873 2250.890984 2252.656917 2243.545712 2230.400447 2213.823236 2199.411829 2188.500882 2185.702888 2187.180454 2187.185654 2183.189063 2176.318628 2165.459361 2152.649891 2140.389223 2132.931614 2127.187875 2119.502544 2108.460978 2096.226897
-9999.0 -9999.0 680.228702 790.977665 896.538132 1017.512617 1128.243613 1267.213877 1416.183965 1595.792516 1713.328304 1853.899709 1931.233711 1976.883552 2023.311982 2078.687513 2100.451260 2124.538289 2113.539240 2122.550421 2132.694462 2141.029432 2151.773385 2163.766290 2177.896081 2189.175269 2198.622120 2197.404690 2189.329227 2172.211180 2151.325999 2135.272595 2126.406386 2119.132563 2129.056680 2140.507247 2136.816950 2130.006831 2117.839380 2101.865188 2088.876751 2074.973232 2071.093760 2071.028202 2070.911406 2067.825143 2063.481376 2050.478393 2037.464688 2025.764603 2020.164821 2013.634218 2008.082757 1996.931510 1984.982229
-9999.0 -9999.0 595.095842 703.124046 815.495913 938.152000 1035.768250 1099.099718 1248.714122 1362.772626 1468.002858 1568.999036 1654.228001 1718.454090 1759.819095 1821.123206 1866.221997 1884.198403 1910.641301 1947.851884 1977.472565 2009.563532 2030.532548 2043.934014 2058.776412 2073.358265 2082.620930 2071.033050 2060.847127 2044.909957 2023.844506 2000.458239 1988.411275 1985.663025 1987.035467 1991.082013 1984.805498 1975.359660 1961.047511 1945.899064 1933.080236 1922.252562 1918.073382 1913.883595 1911.988961 1908.816496 1905.679984 1897.689142 1886.978105 1879.818930 1871.222189 1865.403859 1862.433086 1856.194036 1847.457387
