tests/Borden05m/data_simulated/sim_1/output-maps/psiliqL0006N0018.asc
ncols         160
nrows         34
xllcorner     620200.000000
yllcorner     5168000.000000
cellsize      0.500000
NODATA_value  -9999.0
[rows 0 to 24 of 34, columns 56 to 111 of 160]
-9999.0 -9999.0 -9999.0 -9999.0 -9999.0 -9999.0 -9999.0 -9999.0 -9999.0 -9999.0 -9999.0 -9999.0 -9999.0 -9999.0 -9999.0 -9999.0 -9999.0 -9999.0 -9999.0 -9999.0 -9999.0 -9999.0 -9999.0 -9999.0 -9999.0 -9999.0 -9999.0 -9999.0 -9999.0 -9999.0 -9999.0 -9999.0 -9999.0 -9999.0 -9999.0 -9999.0 -9999.0 -9999.0 -9999.0 -9999.0 -9999.0 -9999.0 -9999.0 -9999.0 -9999.0 -9999.0 -9999.0 -9999.0 -9999.0 -9999.0 -9999.0 -9999.0 -9999.0 -9999.0 -9999.0 -9999.0
-9999.0 -9999.0 -9999.0 -567.185443 -573.003538 -578.733648 -584.114526 -593.714420 -603.346985 -612.502300 -616.704558 -617.762252 -618.821070 -619.377024 -614.038407 -606.085546 -598.430553 -591.076515 -588.785011 -586.380015 -583.994063 -583.472202 -584.891578 -588.300932 -591.719474 -595.269171 -596.726136 -605.491042 -617.361443 -626.694519 -629.563516 -624.869799 -620.188359 -617.587945 -611.154141 -599.832855 -588.486578 -579.600885 -567.512707 -562.009395 -556.588766 -552.959647 -556.942721 -560.377863 -563.836491 -568.188172 -579.406182 -9999.0 -9999.0 -9999.0 -9999.0 -9999.0 -9999.0 -9999.0 -9999.0 -9999.0
-605.327199 -585.748416 -582.529248 -593.701202 -598.655385 -602.210240 -604.695702 -610.282807 -619.556470 -625.321951 -631.149731 -632.960482 -633.183253 -633.310484 -629.119828 -619.251441 -611.168569 -606.361808 -604.050895 -601.692191 -601.464951 -602.011737 -602.501641 -605.550933 -609.111478 -612.657509 -614.514715 -614.654666 -622.525272 -627.928447 -631.226485 -632.264937 -629.794846 -627.459205 -624.555712 -614.501999 -605.845338 -597.187316 -582.693315 -570.015599 -564.566015 -566.840693 -571.856237 -575.323398 -581.388663 -590.970702 -601.483885 -612.283455 -619.586031 -624.834825 -629.763424 -623.313710 -616.828419 -605.994716 -595.205715 -582.738430
-622.641126 -602.731863 -600.035345 -611.512941 -620.478697 -624.857694 -625.104866 -623.296999 -627.444690 -632.524715 -636.570940 -629.104635 -628.054795 -627.013409 -623.902506 -620.341043 -618.486009 -615.705835 -610.394405 -601.306784 -598.769580 -598.356457 -598.317543 -600.260897 -603.516523 -605.375148 -608.274089 -613.690827 -614.528613 -613.988818 -613.789364 -608.224697 -606.699674 -605.491681 -612.962668 -609.624426 -603.082047 -595.899439 -588.368645 -580.887642 -575.613659 -578.586668 -579.820262 -588.018333 -601.828751 -613.412078 -622.154093 -624.798590 -627.712011 -635.219003 -647.200535 -640.075525 -623.975716 -619.042531 -614.954865 -602.448833
-631.379270 -619.442371 -616.688950 -622.230051 -621.704724 -620.554515 -619.292553 -621.266383 -624.624051 -625.979108 -612.577228 -602.881907 -601.382793 -598.558828 -595.337183 -597.103379 -610.306515 -613.283698 -604.412108 -593.585896 -587.481485 -587.477541 -587.602564 -588.986703 -590.121724 -590.776839 -593.438932 -592.093548 -589.245089 -588.068647 -582.431954 -576.498398 -573.712907 -583.230211 -593.000915 -592.738406 -584.852124 -576.679704 -568.899090 -557.122028 -544.475527 -545.847582 -551.816824 -560.858341 -574.874282 -598.941880 -619.431950 -629.824273 -636.004182 -642.684621 -643.648444 -645.259729 -634.537811 -632.444730 -630.569516 -621.370311
-627.574792 -606.123907 -597.643368 -604.389328 -610.958532 -615.249778 -615.020495 -614.886184 -611.104271 -596.937666 -582.368713 -566.122882 -563.461022 -560.860697 -561.191118 -571.999870 -583.074698 -588.044270 -572.029936 -555.605173 -546.837210 -545.649615 -544.304202 -534.848675 -537.444742 -540.920416 -547.257142 -544.392412 -540.424957 -527.111924 -518.935170 -511.820562 -513.946786 -526.669740 -538.343915 -540.843801 -539.409002 -537.978306 -531.873469 -520.297591 -508.713364 -513.762204 -522.261506 -534.067380 -565.252491 -595.167679 -612.993344 -611.799057 -610.988391 -615.373245 -618.383623 -622.199785 -630.214272 -630.393264 -630.641926 -630.958819
-577.616407 -558.065870 -540.740758 -547.436023 -557.130222 -569.628466 -569.562633 -565.626575 -556.625544 -542.003300 -520.940379 -493.531874 -488.058247 -482.626881 -477.053414 -489.067076 -502.883933 -516.524519 -500.268746 -489.228878 -478.049435 -472.401884 -457.239294 -444.147898 -450.183518 -460.980688 -471.476007 -463.596998 -445.436983 -426.505690 -418.367280 -414.116788 -412.783208 -424.485556 -431.559326 -436.502507 -437.986341 -443.997396 -441.666434 -427.319458 -407.673449 -407.592358 -423.909452 -453.367153 -495.470312 -535.696593 -561.469308 -558.067117 -564.819669 -570.992537 -575.911595 -591.000187 -603.337195 -603.733379 -613.588796 -620.088151
-525.719529 -505.086163 -484.179430 -487.195688 -500.315127 -513.591746 -513.037435 -503.085661 -492.309316 -469.597804 -437.563032 -402.467527 -381.961844 -368.593116 -356.035243 -364.830476 -377.519592 -390.436803 -384.904552 -367.150698 -348.928608 -330.918656 -312.027973 -295.002735 -301.348086 -312.959962 -315.682379 -309.415221 -287.621314 -268.980020 -261.606144 -257.816176 -252.222840 -258.507125 -268.253072 -279.934926 -291.897476 -303.031417 -310.122107 -291.789002 -274.341306 -277.962410 -310.459827 -346.305941 -393.826171 -443.118821 -487.103994 -497.480357 -499.686745 -503.258994 -521.774995 -539.866768 -561.918722 -574.865285 -584.680151 -601.077418
-408.385855 -376.514259 -348.113607 -338.723277 -355.714832 -360.446309 -353.007365 -337.382388 -327.998688 -308.015921 -269.211191 -226.433254 -196.203961 -172.128251 -167.134508 -175.780589 -185.313647 -199.921641 -206.440475 -192.516046 -179.359891 -167.131990 -155.674559 -144.531126 -137.614603 -138.589113 -138.590416 -135.947774 -131.880636 -125.750765 -119.354089 -113.203959 -106.669052 -105.414786 -113.939244 -122.532587 -132.543517 -141.778789 -144.998021 -146.506215 -140.494452 -141.771282 -161.295336 -188.426298 -222.218992 -265.525620 -309.122678 -343.302079 -348.201370 -370.674330 -397.107128 -429.780316 -477.252677 -502.911064 -523.739949 -557.770956
-258.664023 -222.928822 -202.736414 -185.426221 -184.899646 -181.531702 -177.621155 -170.933474 -165.189501 -157.169982 -126.553629 -92.593596 -61.763998 -36.917030 -26.860186 -35.103786 -44.358342 -55.022591 -64.417695 -63.925700 -51.671584 -36.645835 -22.016454 -12.119278 -8.677409 -10.291850 -10.036772 -8.793045 -5.548332 -3.196045 1.207006 7.702369 17.731867 29.696613 26.454642 10.308786 -3.050521 -19.093232 -27.191726 -30.743045 -35.717787 -36.461236 -38.540977 -62.493483 -88.007815 -118.579119 -150.530340 -174.085636 -195.285454 -218.125415 -244.066395 -296.768585 -353.697407 -402.643555 -443.232723 -481.769759
-129.462537 -100.392374 -74.754750 -59.552796 -53.968589 -51.154404 -46.915514 -39.040782 -32.303573 -23.597167 -5.023239 28.568980 64.041705 94.907627 104.726040 99.222145 89.548994 78.982001 70.502850 67.903372 72.759109 80.396365 92.028373 103.765509 114.090069 113.190986 114.318073 113.255351 116.577687 118.982080 119.709374 125.287333 134.636172 143.232443 145.048268 133.780273 118.737286 99.999671 86.016235 75.776985 68.595054 67.162046 67.215108 64.974901 44.237854 11.868624 -30.159813 -59.937242 -82.969639 -97.196797 -112.789523 -130.053019 -170.037099 -194.310329 -229.262074 -272.833769
-21.708167 5.961624 34.415869 53.855097 64.208325 67.083446 73.466928 85.374752 94.773954 106.574166 121.621627 141.358219 166.884754 198.510205 227.315332 227.800588 218.267972 204.539758 201.525716 201.838708 202.624976 205.828103 203.852613 222.662148 234.747803 232.901199 239.134715 231.274762 240.080413 242.806654 242.416585 243.055858 245.175944 249.757695 251.136141 241.162324 235.039403 215.969437 187.581440 173.353832 166.850773 162.794146 161.867837 159.461415 149.296437 123.658943 86.719868 50.819636 24.822715 6.058172 -7.896768 -18.111990 -28.771890 -43.808223 -69.895390 -108.121407
84.557879 108.484631 132.542530 155.924679 172.651712 178.872392 191.960226 209.551566 223.105606 237.089639 246.768042 263.259984 272.890518 297.230993 309.826597 316.192994 317.584088 318.067779 319.873623 320.071947 315.059356 315.543480 315.397983 317.455638 320.389540 320.337470 321.048938 320.092017 321.747104 322.473724 322.571330 322.657824 321.044085 321.241478 321.266239 319.838805 317.628882 311.353971 294.074318 282.109152 274.879964 267.614454 259.320195 250.204581 240.703385 224.646014 188.860328 152.926063 120.761229 102.829745 93.434803 86.733692 80.974662 66.545690 45.632586 18.724867
205.301903 221.213789 238.871571 259.941530 274.550013 278.865384 293.959810 302.519209 313.936538 324.343881 324.494963 326.282597 326.674627 328.547758 329.651035 330.087100 329.821403 327.722501 327.366021 325.349759 319.678623 310.636539 311.635674 312.716683 314.900895 317.734072 316.279571 316.901685 319.974998 318.821279 313.978668 310.989291 309.437808 309.455090 316.111890 318.680660 319.227683 319.596034 318.571584 318.136268 317.821471 317.511281 317.305122 317.057704 313.629534 304.464299 282.580147 253.842385 221.554130 192.666664 180.896505 179.963487 175.290542 167.074936 144.203795 116.143023
305.181767 316.908424 324.978746 326.437905 327.453555 327.327338 330.272468 333.228953 333.628627 330.097172 326.032517 321.108739 319.860942 318.786405 316.686035 317.308790 315.242841 311.187770 307.065628 298.825132 287.350916 275.339480 273.012649 277.425181 281.752865 284.679264 287.146674 289.742871 291.833500 287.523515 280.885947 274.608749 272.629658 278.636789 283.954858 288.125800 288.198417 287.453829 285.946638 286.634809 285.193221 286.539149 293.863831 308.267710 316.480706 317.003801 316.578814 314.954164 311.678664 291.402632 271.727904 273.412960 268.518018 254.980668 222.667536 195.540493
323.475213 323.179022 320.534308 315.002515 309.644610 309.069266 312.975701 319.519337 321.196794 314.355082 305.590871 296.034503 288.747384 286.808965 285.149236 284.096724 283.643769 277.634266 267.943464 241.860369 225.816979 212.848377 205.976830 204.597059 209.800620 217.830994 225.376552 229.343024 224.481706 218.014285 208.970883 201.606752 201.938231 204.853390 213.185404 224.759878 227.232228 228.230837 224.554499 222.004511 217.800211 218.495385 230.142356 256.190105 272.755782 285.467893 293.445488 301.784627 308.949843 315.577878 315.707004 315.818275 315.613998 311.262567 295.673651 276.111686
307.701536 299.197746 292.737232 286.160408 280.268195 278.684146 281.436083 284.428366 282.121061 275.017025 261.930629 239.799029 225.910828 219.234669 219.119985 220.432005 220.127272 213.219162 197.411056 176.009911 160.163360 145.238759 140.618906 136.000732 133.391417 143.450961 158.215031 163.336325 151.814152 143.149749 130.516830 123.437930 121.196794 123.065415 132.218816 149.639882 165.533209 166.466015 158.268363 150.561659 147.056167 146.757056 157.176732 180.399611 201.549062 216.731167 228.297047 240.910109 257.179543 268.379894 279.773834 292.541256 304.398131 315.377217 316.411734 315.988911
274.872863 255.975355 244.079829 235.803344 229.225809 224.765940 222.262136 219.956604 214.169901 206.798097 194.215214 178.158557 164.560529 150.878273 147.266867 144.905829 146.282342 134.766126 122.313704 101.406439 85.194070 69.508760 60.727298 54.910566 49.487100 56.320703 72.003799 80.887803 66.117967 56.291671 43.352220 37.055313 34.090014 35.420417 44.743475 66.977268 84.940434 90.905727 83.191363 76.859228 74.304898 74.642304 81.448703 99.244343 120.735073 141.400647 157.262548 169.462766 181.239203 193.606368 209.555671 227.003495 250.559110 270.303974 289.329584 304.413838
219.928551 205.840882 194.060808 182.862088 172.168594 166.127148 166.400244 159.515791 153.040859 141.834892 100.699657 83.833166 66.379042 51.939119 46.935176 40.170187 36.194923 26.725107 18.945156 7.608834 -8.035045 -24.370289 -38.721345 -43.532117 -47.727568 -52.427905 -43.726744 -39.723936 -41.473679 -48.455802 -55.400070 -58.884573 -61.204545 -57.637284 -45.140047 -32.957157 -21.764430 -16.435865 -20.748989 -15.547710 -9.937601 -8.672737 6.414537 20.922092 39.154829 60.655020 83.153730 96.139820 106.947020 119.178596 136.075719 155.177640 176.579521 201.774274 229.199675 254.432899
167.832262 153.433077 138.987005 126.389970 114.222728 102.782602 103.144744 99.253598 92.489521 59.703234 19.004146 -10.715424 -27.780998 -47.351805 -56.642877 -64.832189 -84.990553 -97.522266 -105.531077 -104.658790 -115.946326 -132.319012 -146.252194 -153.318275 -158.595391 -168.838278 -173.109627 -169.323925 -160.419656 -166.319114 -169.454035 -166.928588 -168.949356 -170.937698 -163.117539 -149.478133 -141.270327 -132.822065 -124.577230 -119.984366 -113.467974 -91.140729 -77.452749 -63.292275 -43.938804 -22.811257 -0.841410 17.741047 30.476588 44.787325 63.904532 81.582027 103.975116 129.345563 159.525413 182.174626
101.402357 83.418895 68.101027 52.806536 36.427548 16.799377 14.691893 7.883937 -5.005610 -44.566796 -82.657669 -112.375917 -132.919643 -155.761973 -171.513871 -194.271738 -226.243458 -248.015016 -247.558813 -241.710677 -246.712409 -265.173799 -283.341146 -298.083091 -314.670825 -334.899274 -347.357138 -337.486549 -325.979760 -321.861283 -319.832306 -315.544481 -314.528104 -315.681644 -316.321982 -302.029251 -289.123626 -275.361694 -262.997722 -250.206930 -219.348795 -191.342278 -172.454638 -151.664804 -131.448633 -108.788081 -85.338776 -65.486475 -50.684292 -32.940310 -14.058149 6.384340 27.903434 53.879301 84.068971 108.689138
33.545091 8.948912 -11.045018 -32.453021 -64.393713 -77.851353 -86.104531 -94.488860 -123.658786 -162.984618 -201.263518 -232.722647 -263.669480 -296.674581 -332.456452 -373.401633 -411.555164 -436.594078 -430.184633 -422.687863 -414.103249 -431.226763 -447.763825 -457.364748 -474.396567 -490.803292 -505.777409 -496.465649 -486.248035 -470.571374 -467.172675 -463.850772 -457.631075 -459.315209 -461.014398 -465.810210 -454.609374 -442.546790 -426.832760 -394.831253 -359.957293 -325.172761 -294.973972 -265.541620 -235.202070 -204.319148 -175.307210 -148.982670 -129.449174 -110.349447 -89.343773 -69.632396 -50.491205 -28.149491 -1.497883 21.964976
-58.918287 -79.484140 -100.845198 -131.224880 -171.372819 -201.883452 -215.058539 -249.521301 -289.744326 -345.869762 -382.490956 -412.669173 -444.396380 -472.234698 -497.865790 -528.568191 -554.714303 -579.093338 -574.869920 -562.471162 -548.545047 -557.847033 -563.618929 -567.468092 -579.958652 -594.153758 -608.141021 -604.234200 -589.331281 -572.360013 -566.117563 -559.987644 -552.422157 -552.472180 -558.738155 -567.259789 -561.336789 -547.768829 -531.329901 -507.494321 -481.983891 -456.065068 -430.956210 -401.306663 -367.694427 -331.750419 -292.920087 -254.916987 -227.227361 -196.800729 -167.777917 -145.786693 -131.671113 -114.926827 -89.337943 -70.209031
-152.021075 -175.483824 -203.025120 -248.849735 -304.549740 -364.037741 -409.783965 -450.669945 -489.037714 -515.752219 -538.671314 -559.969958 -580.505705 -602.053240 -622.745140 -643.227905 -665.347551 -686.291898 -680.893460 -666.952505 -653.421086 -652.049229 -655.164932 -658.268705 -666.549807 -680.223160 -693.068943 -685.078590 -669.349105 -653.717505 -644.164723 -637.605532 -631.141408 -634.053526 -642.409680 -650.245449 -642.603911 -627.345092 -612.141937 -593.782263 -571.801002 -549.455694 -526.951410 -502.710075 -477.245860 -447.625995 -414.618447 -378.490901 -341.610013 -304.995376 -269.677811 -249.212227 -230.474993 -214.095528 -190.481649 -168.075540
-286.699482 -322.307607 -362.237136 -410.337385 -462.394670 -501.572476 -536.886682 -569.695390 -601.437292 -626.556948 -645.283349 -655.912342 -670.923663 -690.616994 -704.419594 -721.364379 -741.855325 -744.137626 -739.765878 -726.353572 -723.269790 -722.501619 -725.534531 -726.612725 -731.810622 -744.654573 -739.760411 -731.684727 -716.283452 -705.134888 -695.890274 -689.537869 -685.287840 -686.262803 -694.202451 -692.130691 -684.801318 -670.007989 -658.187206 -642.636034 -621.504488 -603.919307 -584.114417 -561.754461 -538.373615 -513.142954 -485.652599 -454.727272 -424.444261 -396.671129 -379.136935 -360.429399 -346.133775 -345.089395 -319.779425 -293.219399
