tests/Borden05m/data_simulated/sim_1/output-maps/psiliqL0030N0016.asc
ncols         160
nrows         34
xllcorner     620200.000000
yllcorner     5168000.000000
cellsize      0.500000
NODATA_value  -9999.0
[rows 0 to 24 of 34, columns 0 to 54 of 160]
-9999.0 -9999.0 -9999.0 -9999.0 -9999.0 -9999.0 -9999.0 -9999.0 -9999.0 -9999.0 -9999.0 -9999.0 -9999.0 -9999.0 -9999.0 -9999.0 -9999.0 -9999.0 -9999.0 -9999.0 -9999.0 -9999.0 -9999.0 -9999.0 -9999.0 -9999.0 -9999.0 -9999.0 -9999.0 -9999.0 -9999.0 -9999.0 -9999.0 -9999.0 -9999.0 -9999.0 -9999.0 -9999.0 -9999.0 -9999.0 -9999.0 -9999.0 -9999.0 -9999.0 -9999.0 -9999.0 -9999.0 -9999.0 -9999.0 -9999.0 -9999.0 -9999.0 -9999.0 -9999.0 -9999.0
-9999.0 -9999.0 -9999.0 -9999.0 -9999.0 -9999.0 -9999.0 -9999.0 -9999.0 -9999.0 -9999.0 -9999.0 -9999.0 -9999.0 -9999.0 -9999.0 -9999.0 -9999.0 -9999.0 -9999.0 -9999.0 -9999.0 -9999.0 -9999.0 -9999.0 -9999.0 -9999.0 -9999.0 -9999.0 -9999.0 -9999.0 -9999.0 -9999.0 -9999.0 -9999.0 -9999.0 -9999.0 -9999.0 -9999.0 -9999.0 -9999.0 -9999.0 -9999.0 -9999.0 -9999.0 -9999.0 -9999.0 -9999.0 -9999.0 -9999.0 -9999.0 -9999.0 -9999.0 -9999.0 -9999.0
-9999.0 -9999.0 -9999.0 -9999.0 -9999.0 -9999.0 -9999.0 -9999.0 -9999.0 -9999.0 -9999.0 -9999.0 -9999.0 -9999.0 -9999.0 -9999.0 -9999.0 -9999.0 -9999.0 -9999.0 -9999.0 -9999.0 -9999.0 -9999.0 -9999.0 -9999.0 -9999.0 -9999.0 -9999.0 -9999.0 -9999.0 -9999.0 -9999.0 -9999.0 -9999.0 -9999.0 -9999.0 -9999.0 -9999.0 -9999.0 -9999.0 -9999.0 -9999.0 -9999.0 -9999.0 -9999.0 -9999.0 4072.143930 4055.002206 4042.320063 4036.715382 4057.135469 4079.979627 4103.687312 4124.083626
-9999.0 -9999.0 -9999.0 -9999.0 -9999.0 -9999.0 -9999.0 -9999.0 -9999.0 -9999.0 -9999.0 -9999.0 -9999.0 -9999.0 -9999.0 -9999.0 -9999.0 -9999.0 -9999.0 -9999.0 -9999.0 -9999.0 -9999.0 -9999.0 -9999.0 -9999.0 -9999.0 -9999.0 -9999.0 -9999.0 -9999.0 -9999.0 -9999.0 -9999.0 -9999.0 -9999.0 -9999.0 -9999.0 -9999.0 -9999.0 4123.990353 4129.842380 4128.999977 4119.243955 4107.740563 4093.383468 4072.437088 4055.383935 4042.845881 4041.032123 4043.247506 4044.904609 4064.719004 4090.241980 4110.104590
-9999.0 -9999.0 -9999.0 -9999.0 -9999.0 -9999.0 -9999.0 -9999.0 -9999.0 -9999.0 -9999.0 -9999.0 -9999.0 -9999.0 -9999.0 -9999.0 -9999.0 -9999.0 -9999.0 -9999.0 -9999.0 -9999.0 -9999.0 -9999.0 -9999.0 -9999.0 -9999.0 -9999.0 -9999.0 -9999.0 -9999.0 -9999.0 -9999.0 -9999.0 4031.842916 4048.480391 4066.203935 4084.684042 4101.622275 4108.689474 4114.431594 4119.518446 4114.524429 4109.994268 4097.951801 4076.017889 4056.600380 4044.040264 4043.333853 4040.747613 4043.812399 4054.630733 4070.957463 4085.306560 4105.468769
-9999.0 -9999.0 -9999.0 -9999.0 -9999.0 -9999.0 -9999.0 -9999.0 -9999.0 -9999.0 -9999.0 -9999.0 -9999.0 -9999.0 -9999.0 -9999.0 -9999.0 -9999.0 -9999.0 -9999.0 -9999.0 -9999.0 -9999.0 -9999.0 -9999.0 -9999.0 -9999.0 -9999.0 4038.510672 4032.433565 4027.530797 4025.723210 4024.009233 4022.922635 4029.339867 4039.915632 4056.380148 4078.414313 4091.636459 4098.741446 4105.540138 4105.526662 4099.057894 4097.164455 4097.414906 4084.140792 4071.326960 4059.313984 4047.504948 4043.494412 4051.835351 4065.827950 4081.750413 4095.926892 4110.824743
-9999.0 -9999.0 -9999.0 -9999.0 -9999.0 -9999.0 -9999.0 -9999.0 -9999.0 -9999.0 -9999.0 -9999.0 -9999.0 -9999.0 -9999.0 -9999.0 -9999.0 -9999.0 -9999.0 -9999.0 -9999.0 -9999.0 -9999.0 4008.927538 4013.398755 4019.738463 4027.283123 4028.060318 4024.853020 4019.347173 4016.554929 4014.890802 4012.117378 4016.378633 4022.664815 4035.035012 4049.724606 4071.824855 4079.591750 4082.850948 4093.515772 4097.201137 4105.399932 4108.826447 4106.446977 4101.503606 4085.315155 4072.498472 4073.192614 4076.099392 4082.542054 4090.589144 4103.701137 4116.429850 4130.583375
-9999.0 -9999.0 -9999.0 -9999.0 -9999.0 -9999.0 -9999.0 -9999.0 -9999.0 -9999.0 -9999.0 -9999.0 -9999.0 -9999.0 -9999.0 -9999.0 -9999.0 -9999.0 -9999.0 3984.747129 3985.763702 3987.259495 3992.031856 3992.101207 3993.523107 3999.947180 4007.608269 4010.401209 4007.685838 4006.522053 4007.368435 4009.453587 4013.548957 4023.142709 4035.763091 4048.935110 4060.664763 4080.540915 4094.080501 4105.195870 4119.459525 4119.697058 4115.651704 4113.450708 4112.554002 4109.668712 4105.451524 4102.618162 4108.178699 4106.863958 4108.784159 4117.278946 4128.879886 4144.198404 4160.352985
-9999.0 -9999.0 -9999.0 -9999.0 -9999.0 -9999.0 -9999.0 -9999.0 -9999.0 -9999.0 -9999.0 -9999.0 -9999.0 -9999.0 -9999.0 -9999.0 3955.662390 3957.286787 3959.573115 3964.983865 3968.809969 3972.510928 3979.234769 3980.536902 3983.398500 3989.943728 3993.667208 4002.534011 4010.380228 4016.622715 4021.578024 4022.975365 4028.122105 4036.067169 4046.159829 4058.351806 4076.731396 4099.322452 4113.721692 4129.303296 4145.572396 4145.190677 4142.365470 4141.450529 4138.478198 4137.331022 4149.811611 4151.354588 4143.189520 4149.839890 4160.129364 4161.506292 4167.557745 4186.938452 4208.092651
-9999.0 -9999.0 -9999.0 -9999.0 -9999.0 -9999.0 -9999.0 -9999.0 -9999.0 -9999.0 -9999.0 -9999.0 -9999.0 3905.242307 3908.975168 3919.233609 3931.344130 3934.348123 3939.280369 3945.924672 3957.645367 3960.831131 3966.188055 3972.604272 3984.834656 3992.643954 4000.349661 4010.997707 4017.731001 4023.373154 4028.270123 4028.930827 4038.466475 4050.677663 4063.197886 4080.585750 4101.183989 4117.676875 4133.891621 4149.355040 4159.279567 4154.169902 4152.542497 4153.728214 4156.566497 4167.294494 4182.234008 4179.083374 4185.185368 4204.131636 4212.649545 4217.952743 4222.730437 4236.338137 4257.687309
-9999.0 -9999.0 -9999.0 -9999.0 -9999.0 -9999.0 -9999.0 -9999.0 -9999.0 -9999.0 3880.868193 3881.829636 3877.679555 3873.731508 3879.441442 3891.525038 3906.023565 3910.760127 3922.472005 3943.509520 3961.973099 3964.166299 3976.346925 3985.683059 3991.300833 3999.544494 4010.806663 4021.011874 4034.232689 4043.885606 4050.006908 4063.538381 4077.321528 4091.595239 4106.936443 4125.810053 4139.338257 4160.208838 4183.221966 4189.492289 4203.735582 4203.159269 4197.955008 4194.815245 4203.438447 4212.242697 4224.173169 4236.624533 4253.362854 4273.534900 4281.057259 4293.033067 4301.207440 4310.686427 4325.737859
-9999.0 -9999.0 -9999.0 -9999.0 -9999.0 -9999.0 -9999.0 -9999.0 3856.463763 3864.613242 3869.344477 3865.505087 3860.500716 3853.388614 3867.848148 3882.511583 3897.588528 3915.483458 3930.115860 3947.584332 3960.054647 3973.178199 3992.228902 4001.288176 4009.996091 4023.267896 4034.350010 4046.654816 4065.065614 4069.677348 4077.325081 4094.457593 4107.633746 4122.564767 4139.036757 4153.598639 4170.784432 4198.853068 4225.879241 4239.309075 4263.970473 4278.729863 4271.202266 4267.869713 4267.900914 4289.594583 4314.265673 4342.292886 4358.828715 4380.671937 4408.206336 4427.362457 4436.378205 4447.270612 4460.968270
-9999.0 -9999.0 -9999.0 -9999.0 -9999.0 -9999.0 3827.762122 3851.895718 3866.718112 3857.337543 3841.118846 3834.810768 3827.238818 3859.955337 3881.733288 3898.258569 3913.940084 3930.419435 3945.448599 3951.239360 3978.321726 3996.986262 4006.671059 4017.006261 4029.945013 4042.809050 4057.122918 4076.288526 4091.057098 4109.274229 4121.160543 4134.140251 4155.846924 4171.405334 4186.813698 4198.290715 4224.092400 4257.436424 4290.966389 4313.808478 4337.238725 4368.757517 4366.495259 4367.375539 4367.645958 4392.167230 4426.524283 4456.114144 4487.408969 4517.599510 4546.451037 4556.847008 4565.739226 4575.571122 4588.176895
-9999.0 -9999.0 -9999.0 -9999.0 3796.298867 3816.759686 3834.433901 3863.705381 3884.840297 3879.194089 3882.070885 3878.597768 3872.504460 3877.068676 3884.673735 3900.567958 3918.739366 3937.304963 3949.303060 3972.827584 4019.280342 4027.743159 4041.426735 4068.814995 4077.759536 4090.121491 4104.276098 4122.893319 4138.053829 4162.636223 4193.424641 4219.622562 4239.238605 4257.048057 4275.225692 4290.548578 4325.699074 4362.372651 4397.664329 4428.516369 4454.779234 4481.029500 4486.444352 4490.949987 4500.799535 4518.306496 4541.568155 4569.452353 4603.927074 4636.326109 4659.464804 4667.723632 4672.617985 4682.214612 4689.377406
-9999.0 -9999.0 -9999.0 3740.749590 3779.701937 3819.505533 3844.066147 3873.342956 3904.977130 3902.558260 3910.303622 3907.696301 3903.928472 3907.413800 3907.955630 3923.112864 3940.640736 3960.469117 3980.570015 4012.137454 4038.623274 4051.992171 4077.622309 4089.827099 4099.832667 4111.038083 4128.775635 4147.077701 4181.921593 4209.294356 4253.950187 4303.789535 4334.854357 4353.289163 4376.045443 4403.941087 4429.543346 4469.312012 4503.525196 4535.772361 4566.081881 4588.055952 4601.671250 4606.029522 4616.063941 4621.540040 4633.579296 4654.742082 4677.481995 4708.880087 4738.623365 4768.769963 4784.608940 4796.203541 4813.835946
-9999.0 -9999.0 3691.983474 3731.904517 3761.994062 3807.043350 3859.472932 3894.096063 3932.233262 3948.768040 3950.046450 3957.835546 3965.889739 3964.231724 3970.174915 3980.673111 4003.227744 4012.116424 4032.872566 4043.750492 4076.873453 4107.116140 4095.754124 4130.258791 4159.256671 4193.052914 4215.258175 4241.895334 4280.411873 4312.596923 4356.342842 4406.747348 4440.605591 4468.308835 4484.698488 4505.760793 4526.187418 4553.695241 4591.612815 4617.079793 4651.676716 4677.410169 4696.936020 4696.692153 4699.259702 4715.829323 4745.389223 4777.716593 4807.977940 4838.507754 4818.607318 4845.157494 4857.044351 4863.676323 4874.104130
-9999.0 -9999.0 3660.415558 3707.323900 3739.579277 3794.241208 3882.336135 3914.940660 3953.268523 3997.939700 4009.544845 4029.395165 4017.221865 3999.427483 4014.933660 4026.384095 4049.002902 4056.620261 4049.101851 4100.233394 4151.226009 4168.477963 4163.797407 4243.642612 4298.185759 4324.981992 4343.324735 4364.052659 4383.186072 4421.012622 4458.848232 4514.514513 4556.013521 4586.356115 4601.224268 4622.374365 4642.411940 4657.517287 4677.777436 4726.887535 4764.888455 4797.355498 4830.896592 4852.879890 4861.338170 4867.051343 4837.842773 4860.076456 4875.154403 4881.657428 4884.303812 4880.424716 4879.909054 4880.789992 4881.709749
-9999.0 3565.365065 3617.895173 3667.203578 3729.617798 3788.388593 3859.850537 3932.501931 4001.076006 4054.233668 4077.944123 4065.002909 4053.697556 4073.605866 4090.999743 4104.458801 4110.839217 4122.786803 4101.688816 4156.905426 4190.547176 4233.388456 4330.723405 4390.386489 4459.470789 4454.613225 4441.892983 4445.553600 4460.224306 4508.243104 4591.233261 4650.664507 4720.629963 4772.697373 4791.028073 4799.349515 4818.989102 4840.623953 4778.881491 4828.159247 4850.999485 4870.057879 4881.480410 4884.107259 4885.574374 4885.301174 4881.502637 4874.293007 4865.976672 4860.024448 4855.718582 4851.215204 4853.661736 4857.008048 4856.994146
-9999.0 3525.794653 3582.305340 3649.307888 3715.033495 3754.427840 3829.345088 4002.537091 4067.437226 4105.308624 4105.334726 4066.611290 4118.549032 4176.922374 4198.917204 4244.921444 4227.031626 4211.335127 4168.012113 4191.899551 4228.409662 4299.553762 4480.171219 4571.266996 4631.099430 4639.027409 4638.799252 4668.333491 4715.402671 4766.807043 4817.065522 4777.614424 4834.349362 4862.453014 4868.325762 4869.147819 4875.453465 4873.759025 4872.630746 4868.031926 4862.758550 4862.947929 4867.785167 4867.655246 4864.617318 4861.104013 4855.317820 4847.900618 4842.778752 4838.133706 4835.497135 4832.699345 4830.599555 4829.579425 4824.468209
-9999.0 3481.234330 3557.194571 3613.199431 3652.007671 3734.234458 3865.192414 4011.780800 4109.137544 4142.009102 4104.988332 4129.807513 4234.279018 4344.901836 4398.595896 4419.443791 4394.828191 4338.952215 4312.744998 4357.182388 4430.747282 4560.580586 4715.266788 4822.901934 4839.717242 4843.633825 4788.093036 4817.977678 4845.676952 4848.963943 4850.264554 4859.831772 4865.035446 4868.151670 4866.525821 4863.617584 4858.736500 4850.420692 4845.651200 4841.838005 4837.973235 4836.603675 4838.438963 4840.509629 4837.586708 4833.640772 4829.145191 4823.572847 4817.169348 4810.308871 4805.822285 4801.425020 4799.223259 4793.346442 4789.957897
-9999.0 3348.403841 3447.686234 3482.326325 3540.907943 3734.264589 3863.965757 4000.497774 4172.217203 4186.903274 4223.240558 4370.269152 4495.686637 4579.937798 4606.751821 4639.116178 4663.751119 4678.723113 4717.477048 4574.974619 4664.483786 4776.219675 4828.328989 4850.925476 4863.895222 4864.327236 4853.976556 4832.691935 4821.847278 4815.078727 4816.695293 4824.043329 4828.524929 4833.153857 4830.797788 4832.052329 4833.521244 4830.387200 4826.259689 4817.324663 4809.359251 4802.330709 4798.585634 4803.119701 4798.501807 4796.341286 4789.983615 4781.285235 4772.104023 4764.681613 4756.479904 4749.813985 4747.613852 4742.608282 4741.351181
-9999.0 3267.215838 3337.771669 3385.371951 3484.678706 3647.470149 3729.478722 3883.511667 4136.166082 4280.076907 4458.619697 4557.595742 4629.176154 4667.182008 4715.707836 4771.367888 4800.632924 4814.270937 4778.133190 4805.229360 4759.899250 4748.415035 4766.874422 4797.676620 4816.553269 4820.927288 4813.332027 4804.628093 4797.323735 4796.201043 4793.765523 4788.890601 4784.010363 4779.973172 4776.834811 4780.161528 4785.757730 4778.276896 4767.376832 4757.434151 4748.488304 4738.903566 4732.751271 4727.636145 4728.439385 4728.789329 4720.961250 4710.246373 4699.102530 4690.590494 4683.352776 4679.013566 4676.106164 4670.911290 4660.444366
-9999.0 3138.554867 3275.130086 3343.720788 3426.159718 3550.543013 3644.713164 3790.970294 3913.751942 4167.893545 4304.976892 4528.005138 4582.524321 4658.136229 4703.740828 4781.053055 4775.094308 4744.027947 4698.307868 4682.620342 4696.595028 4706.363080 4713.988424 4727.696830 4746.027468 4756.698053 4762.839158 4757.363936 4742.992893 4729.591148 4717.139117 4702.246629 4692.111159 4689.218592 4694.305495 4705.246258 4705.232460 4695.794228 4681.189123 4662.125542 4645.888840 4633.589810 4631.795323 4634.962366 4636.317400 4631.959246 4626.288349 4615.213922 4602.331967 4589.428066 4584.034445 4579.791032 4571.932237 4559.979192 4547.485453
-9999.0 -9999.0 3184.450545 3291.000381 3376.939773 3481.232261 3558.204449 3664.718778 3800.216985 3968.120343 4085.252547 4283.916444 4388.514002 4433.937649 4464.686544 4522.706132 4551.642369 4588.193891 4587.048048 4602.216097 4614.195737 4620.298718 4625.103211 4629.801758 4640.056773 4650.264900 4661.599437 4658.731721 4650.049008 4628.445196 4600.984706 4579.524047 4568.454470 4558.425429 4571.462963 4584.423794 4578.059759 4570.986225 4557.987943 4541.440602 4528.855679 4514.293038 4510.839702 4510.557862 4511.230754 4508.981378 4506.910255 4494.340989 4482.004991 4472.462099 4468.659530 4462.942005 4459.665027 4449.844592 4439.174652
-9999.0 -9999.0 3094.189985 3194.956343 3290.441347 3403.083888 3478.379154 3466.933599 3595.423581 3693.444000 3802.541040 3919.215783 4022.266852 4094.232324 4124.953878 4189.196326 4251.801058 4272.262679 4320.253106 4383.203382 4421.324339 4465.521817 4490.976082 4500.169082 4512.832171 4528.107653 4535.486252 4519.225901 4507.839967 4490.492535 4466.197804 4438.199665 4424.072465 4424.531375 4422.528600 4422.906351 4414.592139 4405.697832 4391.016441 4377.435541 4365.324420 4357.031652 4353.501537 4347.135710 4344.440017 4341.640261 4340.239388 4335.807278 4328.230882 4324.364924 4315.940154 4312.659907 4312.299051 4310.065566 4305.027710
