tests/Borden05m/data_simulated/sim_1/output-maps/psiliqL0028N0004.asc
ncols         160
nrows         34
xllcorner     620200.000000
yllcorner     5168000.000000
cellsize      0.500000
NODATA_value  -9999.0
[rows 0 to 24 of 34, columns 0 to 54 of 160]
-9999.0 -9999.0 -9999.0 -9999.0 -9999.0 -9999.0 -9999.0 -9999.0 -9999.0 -9999.0 -9999.0 -9999.0 -9999.0 -9999.0 -9999.0 -9999.0 -9999.0 -9999.0 -9999.0 -9999.0 -9999.0 -9999.0 -9999.0 -9999.0 -9999.0 -9999.0 -9999.0 -9999.0 -9999.0 -9999.0 -9999.0 -9999.0 -9999.0 -9999.0 -9999.0 -9999.0 -9999.0 -9999.0 -9999.0 -9999.0 -9999.0 -9999.0 -9999.0 -9999.0 -9999.0 -9999.0 -9999.0 -9999.0 -9999.0 -9999.0 -9999.0 -9999.0 -9999.0 -9999.0 -9999.0
-9999.0 -9999.0 -9999.0 -9999.0 -9999.0 -9999.0 -9999.0 -9999.0 -9999.0 -9999.0 -9999.0 -9999.0 -9999.0 -9999.0 -9999.0 -9999.0 -9999.0 -9999.0 -9999.0 -9999.0 -9999.0 -9999.0 -9999.0 -9999.0 -9999.0 -9999.0 -9999.0 -9999.0 -9999.0 -9999.0 -9999.0 -9999.0 -9999.0 -9999.0 -9999.0 -9999.0 -9999.0 -9999.0 -9999.0 -9999.0 -9999.0 -9999.0 -9999.0 -9999.0 -9999.0 -9999.0 -9999.0 -9999.0 -9999.0 -9999.0 -9999.0 -9999.0 -9999.0 -9999.0 -9999.0
-9999.0 -9999.0 -9999.0 -9999.0 -9999.0 -9999.0 -9999.0 -9999.0 -9999.0 -9999.0 -9999.0 -9999.0 -9999.0 -9999.0 -9999.0 -9999.0 -9999.0 -9999.0 -9999.0 -9999.0 -9999.0 -9999.0 -9999.0 -9999.0 -9999.0 -9999.0 -9999.0 -9999.0 -9999.0 -9999.0 -9999.0 -9999.0 -9999.0 -9999.0 -9999.0 -9999.0 -9999.0 -9999.0 -9999.0 -9999.0 -9999.0 -9999.0 -9999.0 -9999.0 -9999.0 -9999.0 -9999.0 3672.640858 3655.463223 3642.394564 3637.132211 3657.738952 3680.579636 3704.226360 3724.573531
-9999.0 -9999.0 -9999.0 -9999.0 -9999.0 -9999.0 -9999.0 -9999.0 -9999.0 -9999.0 -9999.0 -9999.0 -9999.0 -9999.0 -9999.0 -9999.0 -9999.0 -9999.0 -9999.0 -9999.0 -9999.0 -9999.0 -9999.0 -9999.0 -9999.0 -9999.0 -9999.0 -9999.0 -9999.0 -9999.0 -9999.0 -9999.0 -9999.0 -9999.0 -9999.0 -9999.0 -9999.0 -9999.0 -9999.0 -9999.0 3724.089140 3729.926913 3729.294859 3719.419348 3707.917774 3693.786318 3672.935371 3655.808717 3642.977977 3641.044507 3643.263386 3645.261908 3665.329305 3690.673975 3710.437560
-9999.0 -9999.0 -9999.0 -9999.0 -9999.0 -9999.0 -9999.0 -9999.0 -9999.0 -9999.0 -9999.0 -9999.0 -9999.0 -9999.0 -9999.0 -9999.0 -9999.0 -9999.0 -9999.0 -9999.0 -9999.0 -9999.0 -9999.0 -9999.0 -9999.0 -9999.0 -9999.0 -9999.0 -9999.0 -9999.0 -9999.0 -9999.0 -9999.0 -9999.0 3632.103853 3648.805079 3666.525191 3684.943321 3701.804826 3708.794622 3714.530317 3719.662078 3714.735072 3710.151597 3698.153228 3676.516078 3657.056038 3644.319446 3643.406471 3640.784682 3643.932989 3654.918496 3671.216461 3685.695055 3705.857865
-9999.0 -9999.0 -9999.0 -9999.0 -9999.0 -9999.0 -9999.0 -9999.0 -9999.0 -9999.0 -9999.0 -9999.0 -9999.0 -9999.0 -9999.0 -9999.0 -9999.0 -9999.0 -9999.0 -9999.0 -9999.0 -9999.0 -9999.0 -9999.0 -9999.0 -9999.0 -9999.0 -9999.0 3638.680034 3632.600361 3627.645226 3625.832759 3624.122252 3622.989868 3629.429293 3640.136354 3656.730728 3678.661037 3691.791232 3698.854277 3705.586399 3705.612406 3699.262741 3697.302929 3697.507859 3684.350932 3671.617391 3659.676794 3647.954747 3644.162288 3652.561966 3666.472833 3682.325278 3696.472214 3711.317690
-9999.0 -9999.0 -9999.0 -9999.0 -9999.0 -9999.0 -9999.0 -9999.0 -9999.0 -9999.0 -9999.0 -9999.0 -9999.0 -9999.0 -9999.0 -9999.0 -9999.0 -9999.0 -9999.0 -9999.0 -9999.0 -9999.0 -9999.0 3609.217949 3613.821574 3620.146410 3627.638948 3628.393611 3625.057485 3619.504263 3616.638457 3614.942502 3612.239951 3616.468161 3622.909158 3635.355416 3650.104648 3672.095861 3679.880229 3683.399123 3694.174137 3697.668499 3705.490154 3708.913769 3706.531135 3701.749576 3685.910819 3673.418608 3674.526536 3677.671996 3684.032077 3691.938250 3704.942628 3717.837702 3732.214475
-9999.0 -9999.0 -9999.0 -9999.0 -9999.0 -9999.0 -9999.0 -9999.0 -9999.0 -9999.0 -9999.0 -9999.0 -9999.0 -9999.0 -9999.0 -9999.0 -9999.0 -9999.0 -9999.0 3585.042258 3586.021454 3587.443074 3592.166604 3592.296383 3593.766014 3600.210161 3607.877446 3610.563445 3607.915970 3606.662274 3607.526990 3609.616451 3613.665906 3623.382482 3636.058515 3649.257039 3661.143592 3681.033390 3694.609082 3705.912257 3720.274466 3720.288671 3716.133933 3713.862397 3713.014082 3710.378609 3707.040404 3704.736729 3710.222724 3709.480123 3711.771282 3720.190390 3731.590502 3747.064403 3763.452358
-9999.0 -9999.0 -9999.0 -9999.0 -9999.0 -9999.0 -9999.0 -9999.0 -9999.0 -9999.0 -9999.0 -9999.0 -9999.0 -9999.0 -9999.0 -9999.0 3556.083351 3557.708194 3559.947788 3565.322355 3568.989563 3572.677113 3579.374009 3580.613231 3583.526472 3590.077547 3593.872147 3602.653677 3610.443752 3616.732316 3621.719337 3623.174938 3628.497626 3636.534046 3646.721422 3659.156385 3677.774436 3700.272860 3714.744277 3730.320284 3746.531436 3746.117662 3743.352493 3742.530466 3739.814829 3739.410930 3752.307965 3754.166768 3746.949568 3754.588904 3765.109032 3766.719130 3772.732805 3791.813100 3812.995965
-9999.0 -9999.0 -9999.0 -9999.0 -9999.0 -9999.0 -9999.0 -9999.0 -9999.0 -9999.0 -9999.0 -9999.0 -9999.0 3506.293885 3510.045323 3520.169804 3531.876351 3534.771809 3539.568143 3546.079575 3557.794746 3560.963581 3566.351322 3572.829015 3584.924468 3592.739307 3600.526175 3611.214348 3618.042298 3623.759551 3628.790130 3629.929182 3639.774174 3652.196304 3664.941584 3682.491175 3703.058969 3719.843395 3736.369934 3751.655048 3761.836473 3757.402076 3755.641925 3756.755800 3759.966784 3771.248631 3786.411731 3784.524669 3791.866493 3811.044466 3819.906822 3825.732137 3830.712356 3843.988493 3864.983214
-9999.0 -9999.0 -9999.0 -9999.0 -9999.0 -9999.0 -9999.0 -9999.0 -9999.0 -9999.0 3480.967941 3482.064926 3477.955644 3474.422380 3479.995832 3492.016414 3506.344026 3511.237747 3522.849105 3543.779367 3562.055188 3564.309310 3576.673402 3585.998890 3591.635688 3600.036673 3611.398297 3621.785860 3635.303861 3645.147917 3651.782059 3665.876553 3679.793586 3694.135985 3709.551601 3728.348849 3742.401117 3763.943058 3787.165317 3793.978365 3808.946926 3809.556194 3804.389134 3801.395225 3809.778162 3819.201696 3832.005089 3845.530070 3862.586920 3883.101593 3891.573561 3903.555169 3911.753530 3921.282770 3936.091751
-9999.0 -9999.0 -9999.0 -9999.0 -9999.0 -9999.0 -9999.0 -9999.0 3456.641526 3464.645162 3469.497863 3465.705459 3460.694430 3453.910287 3468.187073 3482.905163 3498.005129 3515.752960 3530.440883 3547.870234 3560.559349 3573.929718 3592.917625 3602.149511 3611.064629 3624.421779 3635.651162 3648.376807 3666.943574 3672.368527 3680.934094 3698.347190 3711.940920 3726.978520 3743.437012 3758.138360 3776.152716 3804.542254 3831.811061 3846.045610 3870.749278 3886.205951 3879.227188 3876.323082 3876.593377 3898.449132 3923.360921 3951.358519 3968.659430 3990.860000 4018.305452 4037.000685 4045.921098 4056.716852 4070.283679
-9999.0 -9999.0 -9999.0 -9999.0 -9999.0 -9999.0 3428.267791 3452.370587 3467.151972 3457.890619 3442.399693 3436.337733 3429.111810 3460.511783 3482.186343 3498.673579 3514.375351 3530.854752 3545.917703 3552.456666 3580.193747 3598.536348 3608.604294 3619.706183 3632.627743 3645.480510 3659.950931 3679.389828 3694.775771 3714.146824 3727.486780 3741.521386 3763.438519 3779.153918 3794.611843 3806.550256 3832.608311 3865.992001 3899.450594 3922.610180 3946.094485 3977.092632 3975.658749 3976.801758 3977.596097 4001.303904 4034.938855 4064.258136 4095.504723 4125.590930 4153.847045 4164.135850 4172.929884 4182.662793 4195.084614
-9999.0 -9999.0 -9999.0 -9999.0 3396.677791 3417.158154 3435.071283 3464.450794 3485.679461 3480.014158 3483.260619 3480.117954 3474.424867 3478.733881 3486.093807 3502.093595 3520.132334 3538.534345 3551.059693 3575.798727 3621.667754 3630.752324 3645.502306 3673.169872 3682.422319 3694.853155 3708.957207 3727.794988 3744.055866 3769.348701 3801.322303 3828.445915 3848.372814 3866.357222 3884.442479 3900.122802 3934.607360 3970.878342 4005.861637 4036.658597 4062.930665 4088.696221 4094.642432 4099.219770 4108.976819 4125.999348 4148.679658 4176.144730 4209.862969 4241.887195 4264.967193 4273.634724 4278.654228 4288.129547 4295.459963
-9999.0 -9999.0 -9999.0 3341.973921 3380.853935 3420.343533 3445.141702 3474.528619 3506.101268 3504.451721 3512.185690 3510.362474 3507.497232 3511.412678 3512.755959 3527.918876 3545.013998 3564.058195 3584.105675 3615.992543 3643.196332 3658.276707 3684.307616 3697.966952 3708.940669 3720.348039 3737.775171 3756.366509 3791.341861 3819.469677 3864.249000 3913.905626 3945.114409 3963.748862 3985.890531 4013.161392 4038.150157 4076.929891 4110.727121 4142.612971 4172.651937 4194.565279 4208.458583 4212.900958 4222.560909 4228.148646 4240.438943 4261.354478 4283.700669 4314.490265 4343.787791 4372.982538 4388.368221 4399.562465 4416.790766
-9999.0 -9999.0 3293.456921 3333.073527 3363.629855 3409.270536 3461.657784 3496.110459 3534.427509 3551.699142 3553.449075 3562.164498 3570.951708 3570.127277 3576.980009 3587.997592 3609.562029 3617.804520 3637.643360 3650.595938 3685.338283 3716.984688 3709.266751 3745.314561 3774.319655 3806.799378 3827.924961 3854.043920 3891.590526 3924.361903 3968.057121 4017.734239 4051.561219 4079.127731 4095.004479 4115.336401 4135.529588 4162.089339 4199.019672 4224.491554 4258.276176 4283.679982 4303.152784 4303.529655 4306.150694 4322.361944 4350.997104 4382.240779 4411.522423 4440.949498 4423.919694 4448.412587 4459.367149 4465.478963 4475.088906
-9999.0 -9999.0 3262.520213 3309.131406 3342.361310 3398.449676 3485.308996 3518.318660 3557.005083 3601.537373 3613.720943 3633.782190 3624.331522 3609.666890 3625.744335 3638.161030 3658.979145 3666.016336 3658.931508 3710.025258 3761.284383 3782.134584 3783.437601 3860.883212 3913.594716 3938.527729 3955.594960 3975.773253 3995.046017 4032.922185 4071.328399 4125.940034 4167.083070 4196.944669 4211.485907 4231.788937 4251.384352 4266.384150 4286.090567 4333.545003 4369.838364 4401.140164 4433.541586 4455.056339 4463.299105 4468.564181 4441.646485 4462.136344 4476.031710 4482.024694 4484.433705 4480.608654 4480.062836 4480.910012 4481.832895
-9999.0 3168.316934 3220.763686 3270.522558 3333.690851 3393.435797 3466.234790 3539.578630 3606.313178 3658.306328 3682.264594 3672.092859 3666.445996 3688.672853 3706.580962 3721.178878 3726.585964 3737.098431 3716.896759 3770.519907 3805.474450 3851.543892 3949.509789 4007.993027 4073.249567 4068.788675 4056.633141 4060.954093 4076.273352 4123.112692 4203.384358 4260.645305 4327.847239 4377.852093 4395.349006 4403.113472 4422.119359 4443.175017 4387.520605 4433.085594 4454.134448 4471.698066 4481.861557 4484.282384 4485.634423 4485.382653 4481.645168 4474.540638 4466.300832 4460.406841 4456.140671 4451.637524 4454.078873 4457.415238 4457.512238
-9999.0 3129.279849 3186.138598 3253.659381 3319.969736 3362.915813 3441.312497 3610.224390 3673.241372 3710.538539 3712.959462 3681.548429 3736.064391 3794.637477 3817.482908 3862.561317 3845.706793 3830.123732 3790.099772 3814.411723 3851.781449 3922.378589 4096.971109 4186.340186 4241.472787 4249.379785 4249.715384 4278.436759 4323.695789 4372.655119 4420.212549 4385.483113 4437.928229 4463.827676 4469.239818 4469.997400 4475.808482 4474.246933 4472.939726 4468.424726 4463.213547 4463.389656 4468.103958 4467.959921 4464.961858 4461.517838 4455.776013 4448.356269 4443.192972 4438.556165 4435.908356 4433.089189 4431.063131 4430.192820 4425.217373
-9999.0 3086.663736 3161.968705 3218.880205 3260.988946 3347.233316 3477.251843 3621.962699 3718.191050 3751.075829 3721.219065 3750.974771 3853.974805 3961.696190 4014.254268 4034.951730 4013.102034 3961.206175 3938.212869 3981.909253 4053.490236 4177.435431 4323.059186 4425.919041 4441.851563 4445.460961 4394.276313 4421.817061 4447.343843 4450.373030 4451.571628 4460.244190 4465.377748 4468.403299 4466.806918 4463.906384 4459.058359 4450.804969 4446.017372 4442.270317 4438.452215 4437.187714 4439.104907 4441.049282 4438.178355 4434.257162 4429.770660 4424.195361 4417.839977 4411.028973 4406.628373 4402.303067 4400.135160 4394.430652 4390.974533
-9999.0 2958.371289 3056.005785 3093.231217 3159.022085 3349.644573 3478.624905 3616.435972 3784.135858 3801.280285 3841.795785 3984.226883 4105.926878 4187.785028 4215.481071 4248.218439 4272.674185 4288.071124 4325.620790 4195.632292 4280.087399 4383.994587 4432.016897 4452.841110 4464.133232 4464.531358 4454.431730 4433.397657 4422.607494 4415.845102 4417.458011 4424.770923 4429.351203 4434.060220 4431.730534 4432.884321 4434.160338 4430.979600 4426.905979 4418.078003 4410.169532 4403.307885 4399.807948 4404.423241 4399.786371 4397.520800 4391.245290 4382.676975 4373.612728 4366.213269 4358.130906 4351.515627 4349.298267 4344.289958 4343.065583
-9999.0 2877.259370 2948.587826 3001.384398 3105.645387 3268.408122 3356.340770 3511.605653 3757.698141 3897.131285 4067.561697 4162.018017 4232.755299 4272.728499 4322.075839 4375.646487 4403.591903 4416.160266 4382.856856 4407.312572 4363.328329 4352.068751 4370.019972 4399.930995 4417.879290 4422.092218 4414.356952 4405.408656 4398.124236 4397.000951 4394.699193 4390.234854 4385.738168 4381.926660 4378.787383 4381.930022 4387.379871 4380.083404 4369.502562 4359.807961 4351.077455 4341.675033 4335.623325 4330.741528 4331.324935 4331.632523 4323.903100 4313.299987 4302.301545 4293.902592 4286.685889 4282.265063 4279.477466 4274.398258 4264.353848
-9999.0 2757.675889 2887.103218 2958.960106 3046.233830 3172.067380 3270.181963 3418.280833 3543.821590 3792.555223 3931.302603 4138.198483 4190.091043 4262.553785 4309.026247 4384.091250 4378.842187 4347.601447 4303.217038 4287.275205 4299.754621 4309.109530 4317.061463 4331.177100 4349.150002 4359.528029 4365.068221 4359.299314 4345.009922 4332.096954 4320.343113 4306.080619 4296.325184 4293.641424 4298.181133 4308.633195 4308.894257 4299.522496 4285.165685 4266.529018 4250.615195 4238.569443 4236.665492 4239.629644 4240.851728 4236.644814 4230.904953 4219.993217 4207.259668 4194.608619 4189.067801 4184.779990 4177.155560 4165.583188 4153.416779
-9999.0 -9999.0 2798.456884 2905.541804 2994.091998 3100.674004 3182.443933 3293.420040 3430.312083 3599.194804 3715.511941 3904.353584 4003.883078 4048.507263 4080.863291 4137.653118 4164.661797 4198.446153 4194.932118 4208.298787 4219.167839 4224.850991 4229.890400 4235.128670 4245.502510 4255.499003 4266.252819 4263.416285 4254.659285 4233.622051 4207.084714 4186.392769 4175.621173 4165.995203 4178.549799 4191.292526 4185.371153 4178.381814 4165.568511 4149.195051 4136.619933 4122.225353 4118.774607 4118.601939 4119.243261 4116.973421 4114.682011 4102.195010 4089.911275 4080.204675 4076.305858 4070.658696 4067.245835 4057.456763 4046.852705
-9999.0 -9999.0 2714.973362 2810.822666 2908.719508 3022.392076 3100.792488 3100.410442 3231.569891 3331.384744 3439.146417 3552.638813 3652.173776 3722.192909 3753.826513 3816.896213 3876.080979 3895.409940 3939.307743 3997.527804 4033.595350 4075.241680 4099.390523 4108.695411 4121.256341 4136.083517 4143.493615 4127.765846 4116.436806 4099.228800 4075.394047 4048.093023 4034.289527 4034.272444 4032.816567 4033.799204 4025.853137 4016.939557 4002.385367 3988.636670 3976.495041 3967.894275 3964.348471 3958.406651 3955.932563 3953.188477 3951.653572 3946.830219 3938.932790 3934.729228 3926.460142 3922.986211 3922.436352 3919.820429 3914.474165
