tests/Borden05m/data_simulated/sim_1/output-maps/psiliqL0014N0004.asc
ncols         160
nrows         34
xllcorner     620200.000000
yllcorner     5168000.000000
cellsize      0.500000
NODATA_value  -9999.0
[rows 0 to 24 of 34, columns 56 to 111 of 160]
-9999.0 -9999.0 -9999.0 -9999.0 -9999.0 -9999.0 -9999.0 -9999.0 -9999.0 -9999.0 -9999.0 -9999.0 -9999.0 -9999.0 -9999.0 -9999.0 -9999.0 -9999.0 -9999.0 -9999.0 -9999.0 -9999.0 -9999.0 -9999.0 -9999.0 -9999.0 -9999.0 -9999.0 -9999.0 -9999.0 -9999.0 -9999.0 -9999.0 -9999.0 -9999.0 -9999.0 -9999.0 -9999.0 -9999.0 -9999.0 -9999.0 -9999.0 -9999.0 -9999.0 -9999.0 -9999.0 -9999.0 -9999.0 -9999.0 -9999.0 -9999.0 -9999.0 -9999.0 -9999.0 -9999.0 -9999.0
-9999.0 -9999.0 -9999.0 1020.377918 1014.984239 1009.927865 1005.229329 996.526051 987.497157 979.349845 975.577268 974.865794 974.295780 974.107996 979.538348 987.750364 995.583852 1002.904742 1005.489558 1008.087758 1010.457928 1011.085226 1010.021105 1006.945327 1003.793539 1000.525648 999.105959 991.175030 979.896385 971.193872 968.495744 972.935886 977.425881 979.941305 985.745184 996.435440 1007.181127 1015.646877 1027.470042 1033.219743 1038.159708 1040.875161 1036.542760 1032.768132 1028.704301 1023.314301 1012.147754 -9999.0 -9999.0 -9999.0 -9999.0 -9999.0 -9999.0 -9999.0 -9999.0 -9999.0
983.918648 1004.133763 1007.501256 996.261700 991.447145 988.335853 986.499359 981.866736 973.419173 968.378653 963.194263 961.506443 961.798618 962.089012 966.394642 976.807467 984.961634 989.892628 992.586970 995.376504 995.155759 994.779072 994.632130 991.909773 988.630607 985.376372 983.687994 984.278943 976.757528 971.288989 967.877314 966.152197 968.714640 971.150509 974.645624 984.105274 992.215571 1000.303425 1014.569583 1026.891269 1031.962829 1029.206080 1023.962733 1019.860257 1012.807955 1002.428491 991.927790 982.267822 975.128068 969.338742 963.284944 969.010232 975.403577 984.942605 994.291934 1006.031369
968.780376 989.106113 992.118959 981.611170 973.586680 968.650391 969.100053 971.960173 968.700066 964.301486 959.364119 968.235870 969.763712 971.130353 974.647491 977.859723 981.319132 984.219966 989.749260 998.911238 1001.811522 1002.516933 1002.825662 1001.149803 998.176971 996.496184 993.856387 988.748774 987.662115 987.938053 987.631810 992.548089 994.069976 995.916349 989.364070 992.993015 999.181158 1005.978722 1012.336190 1018.814960 1022.458898 1018.900870 1017.778675 1008.979842 994.749138 983.311912 974.539611 972.468043 968.912149 960.651137 947.467825 954.256005 969.436286 973.653694 976.561377 987.849940
964.160875 976.096156 979.336468 974.633018 976.316247 978.203317 979.947769 978.624798 975.867266 973.993239 986.620272 996.242290 998.330905 1001.527060 1005.468785 1005.214068 993.620244 991.424268 999.791148 1010.244121 1016.176878 1016.606425 1016.716725 1014.733993 1013.883205 1013.655742 1011.612133 1012.351926 1014.758844 1014.578243 1019.091792 1024.744436 1027.703142 1020.171347 1011.165066 1012.131587 1019.928114 1028.101171 1035.343194 1045.768466 1056.760912 1055.441721 1049.429824 1039.910754 1025.834346 1001.886083 981.939712 970.508760 962.739810 954.982128 954.662886 950.976360 961.910396 963.076806 964.466290 972.128491
970.074328 991.532376 999.681202 994.206994 989.675409 987.431053 988.538069 988.972409 992.133132 1004.634865 1018.582062 1033.195470 1036.334399 1039.264606 1039.163484 1030.548352 1020.575116 1017.080723 1031.861053 1048.247307 1056.727198 1057.578686 1056.900417 1063.747126 1062.683145 1061.278761 1056.653082 1058.712924 1060.004679 1069.639217 1077.303614 1084.479642 1082.761401 1070.816675 1059.383288 1057.961338 1060.889419 1064.361349 1070.544621 1080.545327 1089.864239 1084.317125 1076.684457 1066.116376 1036.944705 1009.357297 991.917218 991.305691 990.728606 985.141486 981.364988 977.623679 970.219010 969.135437 967.656186 966.451261
1019.600962 1040.116284 1056.292175 1051.184959 1043.805122 1034.340925 1035.385785 1038.673356 1047.026370 1060.306471 1077.973862 1102.410492 1105.768809 1109.453164 1112.477993 1101.633630 1089.584587 1078.714893 1096.881604 1107.379074 1116.305136 1118.218328 1128.160144 1138.281222 1134.115367 1126.501544 1116.381396 1122.790252 1134.366581 1149.515385 1156.450717 1160.480401 1159.168850 1148.031050 1142.252255 1140.890036 1143.228099 1140.931107 1145.532511 1155.397862 1169.933061 1168.669856 1159.089252 1135.620437 1097.491975 1062.252576 1041.142087 1045.859202 1038.000678 1030.276742 1025.890172 1011.342699 999.919992 999.274165 988.979351 982.050566
1067.894210 1086.914435 1105.990384 1101.995003 1092.387524 1079.763156 1079.772075 1087.624934 1098.261125 1117.810401 1141.202297 1165.875524 1174.829084 1178.529128 1188.887832 1182.980385 1173.841842 1165.772644 1177.516343 1189.738096 1201.916674 1212.092398 1225.387193 1237.317051 1227.801217 1215.931585 1210.775767 1216.263170 1236.349758 1253.949308 1259.210180 1260.575936 1263.348561 1254.166791 1247.658655 1241.079346 1236.135231 1230.460568 1226.414479 1244.612131 1260.703094 1258.165142 1233.726032 1208.080731 1169.797765 1130.215675 1096.821073 1095.397572 1091.163918 1089.090673 1073.369214 1057.224355 1040.457286 1030.404433 1020.451003 1005.516756
1159.700662 1181.521703 1204.145692 1206.036457 1190.505649 1183.326292 1188.715262 1201.929726 1209.729074 1226.079634 1251.013760 1283.980626 1306.626906 1326.797051 1332.200109 1324.562167 1315.885293 1302.867520 1301.295829 1318.991893 1331.701232 1343.154890 1354.584584 1367.623700 1373.356725 1370.982654 1370.745544 1374.211846 1381.762588 1391.159970 1398.090658 1403.603664 1409.171238 1405.116897 1394.836628 1388.652286 1380.143771 1373.819668 1371.416315 1374.261401 1385.178650 1381.876892 1353.491769 1324.099555 1289.116826 1249.291310 1215.625713 1196.642804 1201.218672 1188.914076 1169.358937 1149.223759 1113.885818 1097.003026 1080.248360 1050.089094
1267.281326 1296.790991 1313.531458 1328.705466 1325.285849 1328.063290 1332.935717 1340.859863 1346.403403 1355.170617 1389.052236 1425.812766 1457.019302 1482.908084 1492.650338 1483.017539 1473.547152 1461.533256 1452.205590 1457.171024 1472.562622 1490.264197 1506.687151 1518.483269 1522.463883 1521.615576 1522.171272 1524.439072 1527.620877 1530.888986 1537.322730 1544.748450 1554.766513 1565.561459 1559.532290 1543.018304 1531.218985 1518.254556 1513.868732 1512.610720 1510.761563 1509.494588 1499.151471 1464.256681 1432.060422 1396.505104 1365.075321 1341.579610 1325.772073 1303.866384 1279.253945 1231.553706 1190.246329 1154.245480 1126.043110 1096.507064
1392.800709 1425.971264 1452.311089 1470.071968 1474.802655 1478.670662 1482.103450 1488.361404 1493.884128 1501.456617 1525.345757 1564.298714 1602.958929 1633.934561 1638.520514 1629.485591 1619.359602 1609.199931 1598.503032 1595.675147 1604.684282 1616.996261 1633.979571 1645.682808 1655.243384 1654.575480 1655.165966 1655.873707 1658.100563 1660.121943 1662.372886 1669.651266 1681.662069 1693.051936 1694.057278 1680.755030 1664.363574 1647.938383 1641.817259 1636.468093 1630.561515 1629.855421 1628.702588 1617.979084 1589.296190 1550.054729 1504.860884 1476.161764 1452.303174 1436.379396 1417.808320 1389.063311 1335.098701 1301.992996 1264.569628 1228.510549
1519.930118 1551.768097 1584.607273 1605.313681 1614.458800 1615.908278 1618.301338 1625.912417 1632.065888 1642.048360 1658.998913 1683.865054 1713.686484 1740.922457 1758.281304 1754.602355 1742.022137 1724.809239 1719.630586 1718.847860 1721.777045 1729.317917 1738.187264 1754.053926 1770.079782 1775.549524 1776.400260 1774.105611 1776.388683 1777.767196 1778.058554 1779.387784 1784.430398 1791.648076 1794.336485 1789.669257 1774.041476 1754.692979 1741.567207 1733.752877 1729.434530 1727.101199 1727.344059 1725.201866 1710.897605 1679.517588 1639.368004 1604.415276 1580.741300 1562.634843 1546.740117 1533.442115 1511.006787 1490.397056 1456.444104 1409.528174
1632.882143 1660.222047 1688.451520 1713.756448 1731.022543 1735.377759 1741.044858 1745.844395 1755.212625 1770.430261 1789.567662 1803.914460 1821.183841 1842.700774 1855.481804 1861.203165 1861.569122 1860.410364 1862.558958 1863.346368 1835.262268 1839.213916 1842.903434 1851.058684 1859.665104 1862.520008 1862.850047 1861.778667 1863.123143 1863.784798 1864.211064 1864.111393 1864.404064 1866.794783 1867.748635 1866.814805 1860.207157 1865.044506 1848.754198 1837.453624 1830.250047 1822.370498 1813.198727 1802.565367 1791.580775 1773.902343 1745.981996 1712.095336 1684.568881 1672.106902 1664.029610 1655.589963 1648.254328 1630.832542 1606.897320 1573.226383
1742.691970 1759.629572 1780.644537 1808.873761 1828.387049 1838.942391 1847.339619 1851.811457 1863.656909 1876.686397 1870.596739 1874.488230 1878.498619 1882.433650 1883.734548 1884.075756 1883.921885 1881.891022 1881.892165 1880.780188 1877.010238 1868.230670 1870.190599 1871.919160 1874.404510 1877.811750 1876.434482 1877.404399 1880.529847 1879.406876 1874.375872 1871.156809 1869.797845 1870.336742 1877.400451 1880.587683 1881.634280 1880.942637 1880.878233 1881.003757 1879.814173 1877.879533 1874.714486 1870.386641 1873.634649 1862.783996 1839.010790 1805.657484 1770.503121 1756.913591 1752.533524 1751.841404 1747.809522 1740.329669 1720.584357 1692.148031
1858.587526 1872.290182 1868.596864 1879.656243 1885.356331 1887.946343 1890.366687 1892.341976 1893.118798 1889.495292 1885.738332 1880.744650 1879.111583 1877.409674 1874.585841 1874.789865 1872.581088 1868.679849 1865.453451 1859.550703 1849.625385 1839.102012 1836.984850 1841.678043 1846.580670 1850.669742 1853.699808 1856.988925 1858.249433 1854.040136 1846.901742 1840.439057 1838.852301 1845.278971 1850.657973 1855.852258 1856.679470 1855.792110 1854.520721 1855.555217 1853.859850 1854.854572 1861.407631 1874.338688 1879.431197 1881.777071 1881.036109 1872.984897 1858.575234 1852.469646 1832.827244 1835.839796 1830.493471 1818.392612 1797.055836 1773.040357
1888.059790 1888.043210 1886.834017 1881.205940 1875.462190 1874.450929 1877.728225 1883.769834 1884.256210 1876.641172 1867.795919 1860.295624 1852.910036 1850.019664 1847.934560 1846.419720 1845.810401 1840.226655 1832.508564 1817.777077 1807.061859 1796.654770 1791.144093 1789.224251 1793.822565 1803.205366 1812.474302 1816.983850 1810.495657 1803.738119 1793.948965 1786.674040 1787.284496 1789.434502 1798.112565 1811.799310 1816.541635 1817.663524 1813.387726 1809.908807 1805.192016 1804.115167 1811.473729 1826.502345 1841.689770 1855.282852 1863.471371 1870.840654 1877.323444 1880.495894 1881.556841 1881.786991 1880.141677 1878.608719 1863.001508 1842.080092
1877.458404 1871.380347 1866.615259 1860.046952 1854.057678 1851.619624 1852.949005 1854.554529 1849.992522 1842.232351 1831.092137 1819.264087 1808.561403 1801.035670 1800.302627 1800.830933 1800.378857 1793.082326 1778.526586 1761.671207 1748.961632 1735.811037 1732.232630 1727.414344 1722.734835 1732.680187 1749.308945 1755.398641 1742.240534 1733.129674 1719.885946 1713.403959 1710.680718 1712.165213 1721.174277 1740.669045 1760.104799 1761.866132 1753.211315 1745.091501 1741.945846 1740.899119 1748.441400 1767.182677 1787.682533 1803.065267 1813.325323 1819.676092 1828.374630 1838.250013 1850.698578 1863.683395 1874.303874 1881.915604 1885.910456 1883.742028
1854.549042 1847.039645 1839.402423 1832.002547 1824.984786 1819.462156 1815.715311 1811.139940 1803.348594 1794.536482 1777.854748 1764.055001 1750.395886 1734.916365 1729.386718 1724.015479 1723.438225 1710.724394 1699.869158 1681.466661 1666.279669 1651.008810 1640.473938 1634.635294 1628.466545 1631.518217 1646.149887 1654.881825 1642.443606 1632.924198 1621.201450 1615.926281 1613.047454 1615.100784 1625.195815 1646.687868 1665.249598 1672.852231 1666.182469 1663.117282 1663.025977 1664.045713 1671.993638 1688.004055 1709.311363 1731.881949 1749.756571 1760.825476 1770.042509 1781.295838 1796.488626 1810.756772 1824.671156 1841.462860 1861.268967 1875.673148
1822.143067 1812.032700 1801.924928 1790.529934 1778.526272 1770.355506 1769.271665 1760.140271 1751.133522 1732.218062 1682.497783 1661.479362 1640.935964 1623.071538 1614.503164 1604.060672 1592.171059 1580.689317 1572.689176 1566.029705 1550.316050 1532.705396 1516.208631 1510.795802 1506.362473 1495.947802 1499.063845 1501.705595 1507.528747 1500.837570 1496.190218 1495.043334 1492.905969 1496.044654 1509.603507 1520.956460 1530.731073 1537.620023 1538.176668 1547.035888 1555.522739 1562.930944 1581.871295 1598.198994 1618.620239 1642.839883 1669.559311 1686.114599 1698.608505 1712.036635 1729.572277 1747.600304 1766.011632 1788.860085 1813.716540 1829.833503
1778.027094 1763.177076 1747.694909 1733.141844 1718.096723 1701.712438 1699.176672 1692.130899 1679.568869 1632.710931 1586.722695 1550.272332 1528.715621 1503.343473 1488.569511 1473.466845 1442.350139 1424.981102 1417.819256 1422.904816 1413.359935 1396.105290 1382.000721 1373.381968 1366.037433 1352.211660 1341.723970 1346.521009 1359.683601 1356.307664 1355.705781 1360.623400 1359.337777 1355.716031 1360.236345 1374.479608 1382.579112 1393.207182 1406.517654 1412.390478 1424.565913 1454.482185 1471.509851 1490.637423 1514.592502 1540.388292 1567.337458 1592.451162 1610.333019 1629.111761 1651.423816 1671.383488 1694.709709 1720.081617 1750.263099 1771.489032
1706.510563 1684.729913 1665.380191 1644.705928 1619.658353 1595.311948 1588.497287 1577.003761 1551.704457 1500.094793 1455.877396 1422.651876 1396.765371 1369.754958 1347.514641 1316.306817 1282.077328 1259.695054 1265.141869 1271.909380 1273.687307 1259.757513 1247.127144 1236.938046 1222.432919 1206.830524 1194.507038 1203.386165 1211.935203 1221.994401 1226.150020 1230.002402 1233.207409 1232.206624 1227.009348 1230.823374 1239.785466 1250.467033 1261.854622 1277.599267 1309.261016 1335.827926 1355.980227 1380.011910 1403.879670 1430.737341 1459.253907 1486.211289 1507.870088 1531.542628 1555.700229 1581.504195 1606.714852 1635.335281 1667.859057 1695.596447
1619.342986 1589.407506 1562.856865 1531.507031 1487.604521 1468.460832 1455.174094 1436.484922 1394.239155 1347.905128 1311.503908 1285.972503 1258.735682 1233.226674 1204.229604 1171.103001 1144.145607 1122.893605 1129.249713 1136.070593 1148.298731 1136.762149 1126.275412 1120.584781 1105.737254 1091.983506 1077.285846 1084.617838 1094.859520 1113.007824 1117.473439 1121.070431 1128.459285 1127.545077 1124.886737 1114.812310 1123.317122 1134.004354 1148.150279 1176.689187 1201.874364 1226.910766 1250.053363 1272.593422 1297.727847 1324.697760 1352.557367 1382.564379 1406.802288 1430.875864 1457.708881 1483.557829 1507.187591 1533.096620 1564.291259 1592.070336
1497.655441 1471.639823 1443.160756 1401.838094 1354.671362 1316.205879 1295.160005 1251.917700 1215.135144 1179.993305 1162.768366 1143.109193 1118.801378 1096.142624 1073.952278 1047.669150 1024.834767 1000.000841 1003.449295 1015.994011 1030.140726 1025.462926 1022.596661 1019.709207 1008.841547 995.270649 981.753832 985.397947 1000.852329 1017.851581 1025.721752 1032.551012 1040.167644 1040.293668 1033.127552 1024.600786 1030.252582 1044.686939 1061.070657 1081.887502 1104.599142 1127.250101 1148.991695 1173.210356 1198.534663 1224.565081 1252.857489 1282.783047 1306.736923 1334.327208 1363.225902 1387.238867 1404.382819 1423.127138 1452.243939 1476.412876
1376.693103 1349.171353 1319.201088 1275.641444 1231.529179 1187.100254 1144.799142 1109.755129 1077.174669 1059.675074 1039.743179 1021.188875 1002.444256 980.607581 960.908521 942.082130 919.644071 902.756074 908.027817 920.877025 931.377064 934.729749 931.851196 928.912144 921.731643 908.039509 899.032775 907.757297 923.076109 937.740637 948.166042 954.944075 960.901259 958.215488 949.946021 944.714710 952.910240 968.550002 983.413270 1000.617989 1022.340925 1044.055615 1066.522465 1090.195454 1114.016731 1140.420514 1167.861838 1196.091541 1224.552676 1250.724535 1275.435889 1290.152277 1305.598247 1316.563800 1336.834317 1360.110141
1242.154149 1214.523348 1184.473235 1150.243755 1111.017996 1079.971204 1046.559295 1014.436451 983.048500 956.467145 939.155261 929.020917 913.797967 894.348131 880.725105 863.623403 847.021866 847.612837 850.021921 860.519315 861.148429 861.754332 858.839055 857.809986 853.825748 843.957401 851.724182 859.071048 873.506221 884.179235 893.669419 899.857022 903.917962 904.046185 898.057914 902.006722 909.064970 923.615743 935.549775 950.633036 971.617563 989.435150 1009.408581 1032.234152 1055.957190 1080.972878 1107.731538 1136.743734 1163.180309 1184.657361 1196.269461 1209.677285 1218.124133 1215.367091 1232.814061 1251.591957
