tests/Borden05m/data_simulated/sim_1/output-maps/psiliqL0026N0014.asc
ncols         160
nrows         34
xllcorner     620200.000000
yllcorner     5168000.000000
cellsize      0.500000
NODATA_value  -9999.0
[rows 0 to 24 of 34, columns 55 to 109 of 160]
-9999.0 -9999.0 -9999.0 -9999.0 -9999.0 -9999.0 -9999.0 -9999.0 -9999.0 -9999.0 -9999.0 -9999.0 -9999.0 -9999.0 -9999.0 -9999.0 -9999.0 -9999.0 -9999.0 -9999.0 -9999.0 -9999.0 -9999.0 -9999.0 -9999.0 -9999.0 -9999.0 -9999.0 -9999.0 -9999.0 -9999.0 -9999.0 -9999.0 -9999.0 -9999.0 -9999.0 -9999.0 -9999.0 -9999.0 -9999.0 -9999.0 -9999.0 -9999.0 -9999.0 -9999.0 -9999.0 -9999.0 -9999.0 -9999.0 -9999.0 -9999.0 -9999.0 -9999.0 -9999.0 -9999.0
-9999.0 -9999.0 -9999.0 -9999.0 3398.189529 3392.882273 3388.100442 3383.570695 3375.112188 3365.776088 3357.886914 3353.669909 3352.468201 3351.586490 3350.907550 3355.714976 3363.708945 3371.259209 3378.069544 3380.323186 3382.606002 3384.402128 3384.579844 3383.389168 3380.106721 3376.819562 3373.391969 3371.655268 3364.276927 3353.133371 3344.812173 3342.112809 3346.277832 3350.610680 3353.066560 3358.237809 3368.614498 3379.206370 3387.680640 3400.242301 3407.269410 3412.630951 3415.240605 3411.282049 3408.045507 3404.105694 3397.994440 3386.915126 -9999.0 -9999.0 -9999.0 -9999.0 -9999.0 -9999.0 -9999.0
3343.158153 3361.496450 3382.319671 3385.398831 3373.779381 3368.684330 3365.515188 3363.810983 3359.523990 3350.983919 3345.812669 3340.270944 3337.555554 3337.487775 3337.291476 3340.872693 3351.550916 3359.262547 3363.741817 3366.299148 3369.069894 3367.422619 3366.572180 3366.279352 3363.316710 3359.775888 3356.340480 3354.439667 3355.861816 3348.238901 3342.217662 3338.298951 3335.324548 3338.055105 3340.743654 3345.329629 3354.492592 3362.395692 3370.367312 3385.447052 3398.640148 3404.363425 3401.856956 3397.315975 3393.555075 3386.193794 3375.577870 3365.626835 3357.551255 3351.508450 3346.221222 3339.878203 3346.379140 3354.333365 3363.725363
3326.324016 3345.403032 3365.754875 3368.249247 3357.943630 3350.173121 3343.274810 3343.730289 3347.159971 3343.854086 3338.953156 3331.066741 3340.992376 3341.887255 3342.478315 3345.553732 3347.321395 3352.344559 3354.662338 3359.898622 3368.776303 3371.492209 3371.836095 3371.792571 3369.724376 3366.390229 3364.351872 3361.485549 3356.145905 3354.293664 3353.894812 3352.569307 3356.626284 3358.129490 3361.049115 3355.572343 3360.009352 3366.275820 3373.255712 3378.788446 3384.841063 3387.401787 3384.166100 3384.833438 3376.682076 3363.126366 3353.377990 3346.015857 3346.346761 3343.493183 3335.670690 3322.054300 3330.472456 3346.690710 3351.572631
3330.463800 3339.254497 3349.684940 3352.079561 3346.959446 3349.087828 3350.780177 3351.882839 3349.915790 3346.260030 3341.750518 3352.024193 3360.170771 3361.413516 3363.704728 3367.525877 3368.273010 3357.315377 3355.183279 3362.339046 3371.868929 3376.904333 3376.976528 3376.503699 3372.718435 3371.464838 3371.172264 3369.297332 3368.701770 3370.182409 3367.679044 3370.564971 3375.994855 3379.165579 3374.097080 3365.716433 3367.990332 3376.467152 3385.486254 3393.100725 3403.295635 3414.115385 3414.466554 3410.043957 3401.652177 3389.333700 3367.138660 3349.766890 3338.922719 3331.046517 3323.904311 3327.022321 3322.444480 3336.396574 3338.308740
3315.778189 3336.328965 3356.203364 3361.913751 3355.795482 3351.956843 3350.611517 3351.120448 3350.014577 3350.317477 3358.856922 3370.456768 3381.344548 3383.162470 3384.824544 3383.419587 3375.949064 3365.559892 3362.803183 3375.934646 3392.393040 3400.128447 3399.524119 3395.081423 3398.075082 3398.133838 3398.589554 3395.191180 3395.851129 3393.367254 3398.713326 3406.349826 3414.289053 3412.919052 3400.549282 3388.235687 3388.201359 3393.702452 3400.693390 3408.312697 3418.502492 3427.672539 3422.955848 3417.924578 3410.704877 3385.272754 3362.970391 3348.869027 3349.353243 3350.272744 3346.010962 3344.152827 3343.421994 3339.493661 3339.864088
3351.339994 3370.351493 3390.252819 3403.020658 3396.719607 3389.140813 3380.602045 3380.667069 3380.911820 3386.574006 3396.749196 3409.278601 3430.772025 3430.061258 3430.356284 3428.913148 3415.937336 3402.667192 3392.651135 3414.648192 3425.597245 3432.657831 3429.978718 3434.982728 3443.540733 3439.925100 3433.610372 3421.518127 3427.074966 3433.485870 3448.582493 3456.487542 3461.753437 3457.171540 3443.293142 3436.548108 3438.105767 3444.609096 3445.844297 3454.545477 3463.346933 3478.319588 3477.074267 3473.894438 3454.167881 3417.339684 3388.243758 3375.990265 3387.396583 3381.906964 3375.809266 3375.875529 3365.002700 3357.990154 3360.716674
3382.853853 3396.103497 3412.146074 3428.514569 3419.511226 3409.255039 3392.662360 3389.418948 3393.453692 3403.472397 3420.815339 3438.611773 3458.367564 3456.919340 3450.243904 3459.796993 3452.765854 3441.891022 3434.342056 3455.706523 3465.739937 3475.899363 3481.560359 3494.144759 3504.527085 3487.987936 3470.912395 3460.486677 3467.480511 3493.031545 3515.404251 3520.188171 3519.248772 3518.681026 3503.392359 3498.574802 3495.190939 3495.564009 3492.972613 3491.142716 3516.508323 3538.094170 3537.947293 3516.520875 3493.911552 3454.466050 3416.870932 3392.708919 3405.818508 3402.617846 3406.069912 3396.134876 3384.588310 3377.610152 3375.422630
3432.578672 3454.006097 3470.266813 3491.984339 3482.799986 3459.668654 3443.582098 3446.070223 3459.497758 3467.452116 3485.803047 3502.797168 3528.508190 3540.531232 3551.683651 3555.564669 3548.492039 3539.928724 3527.902853 3533.134276 3557.002479 3568.586422 3576.882051 3585.248091 3597.865765 3598.214316 3591.282710 3589.429654 3593.786532 3607.260125 3621.714335 3628.453244 3631.505170 3634.116085 3620.896777 3608.005987 3606.012820 3600.578839 3599.372145 3598.624688 3610.130198 3630.727456 3627.570696 3591.113305 3564.363425 3529.434495 3491.163678 3461.946501 3455.936909 3475.094732 3473.087885 3457.036275 3446.725254 3420.949145 3416.008826
3501.642458 3534.478996 3558.734241 3568.869923 3576.219273 3561.368917 3559.215836 3563.319134 3571.637813 3574.701750 3581.072247 3613.409529 3647.143951 3672.088699 3694.808881 3701.945570 3689.609122 3679.815604 3666.274514 3657.465088 3668.531187 3685.802294 3703.466140 3718.377704 3729.701584 3731.768570 3730.182532 3730.236593 3733.353850 3736.353117 3740.676542 3749.175707 3756.830207 3765.483670 3773.493247 3763.024902 3746.040830 3736.804809 3727.836287 3727.096340 3728.532702 3732.455330 3733.570022 3716.792836 3674.715564 3643.102004 3611.020639 3591.545521 3578.448385 3578.392169 3560.312594 3536.064974 3484.761556 3447.602874 3416.488223
3587.259805 3631.378979 3660.611642 3677.679254 3690.333682 3687.239256 3689.052297 3690.033910 3693.717211 3696.023719 3698.669170 3725.546534 3767.272191 3806.765134 3838.093224 3837.884592 3824.037387 3812.666149 3803.564250 3789.093369 3785.137704 3797.892505 3813.430408 3833.852735 3844.283902 3850.312202 3846.949432 3847.168005 3849.010299 3851.369396 3853.528981 3857.221268 3866.966225 3882.167291 3896.791044 3895.881377 3876.753781 3858.743089 3842.734661 3840.369276 3838.005117 3833.098905 3835.512057 3837.433364 3821.344052 3789.856848 3749.874962 3709.472787 3692.922104 3677.902879 3667.065264 3650.130120 3609.349711 3542.505431 3503.026093
3702.538988 3736.936191 3766.041230 3796.392212 3811.186172 3813.293179 3810.664272 3809.411152 3816.435490 3819.076956 3824.618797 3841.221149 3873.752563 3909.572671 3939.476736 3954.873054 3946.925641 3928.739797 3906.308061 3896.297966 3893.316180 3897.008278 3906.670822 3919.771082 3939.512293 3959.138472 3964.946708 3965.840156 3963.144031 3965.593683 3967.186603 3967.310102 3970.327751 3979.030080 3989.068324 3992.489224 3984.551104 3963.203898 3939.500119 3928.209294 3921.762730 3918.375040 3919.485536 3924.788412 3928.144561 3913.155831 3877.129021 3832.254531 3802.301093 3787.298654 3774.554327 3760.425570 3747.881508 3714.473401 3693.342936
3811.963200 3827.355574 3855.827594 3884.838945 3907.502230 3922.182573 3922.444463 3925.381070 3930.173651 3937.421007 3952.518345 3976.145633 3995.553647 4018.594025 4045.584338 4062.118393 4067.369652 4065.584857 4061.345441 4062.508689 4062.877107 3997.311218 4003.821864 4010.315388 4028.157728 4044.119040 4049.918543 4050.584139 4047.928556 4049.820814 4050.619598 4050.497191 4050.122588 4052.617984 4057.916971 4059.942222 4057.438495 4044.354532 4063.704756 4043.417624 4029.808372 4021.518954 4013.206615 4004.939056 3995.477463 3985.521400 3965.144604 3933.906031 3899.337994 3878.041391 3870.231255 3864.085205 3855.443511 3849.666968 3832.475786
3910.838310 3921.429223 3939.867912 3962.861089 3997.351459 4021.149026 4032.662655 4042.063799 4046.755343 4060.856240 4077.785708 4060.968778 4069.667839 4078.669752 4087.614107 4090.685674 4091.565136 4091.159328 4088.750545 4087.939332 4085.458518 4082.062354 4071.514917 4073.133588 4075.116650 4077.748558 4081.501439 4080.411500 4081.537310 4084.496913 4082.714444 4076.621722 4072.502929 4070.926365 4071.966133 4079.432365 4082.952513 4083.924963 4080.374845 4079.418941 4078.375904 4074.815060 4070.369412 4064.102356 4056.085559 4071.773766 4059.528061 4031.061424 3990.181232 3948.429323 3941.083453 3943.192934 3943.002341 3941.506804 3935.877581
4037.368233 4051.236731 4066.216724 4042.553197 4065.944884 4077.915839 4083.513251 4087.761841 4090.613425 4093.907137 4090.912596 4087.932396 4083.022975 4081.429048 4080.067414 4077.619338 4078.246295 4076.358681 4072.274564 4068.186562 4060.097943 4048.452055 4037.273858 4033.628728 4037.914024 4043.586136 4048.809399 4053.360542 4057.120466 4057.047732 4051.512668 4043.021712 4035.420802 4033.778104 4040.699576 4046.469141 4053.103197 4053.997706 4052.601433 4050.068238 4049.784871 4046.444333 4046.632077 4053.772226 4068.677568 4071.190808 4077.370430 4076.490399 4059.059696 4027.496368 4040.410388 4020.380517 4026.563323 4021.937800 4010.547840
4082.098021 4084.999339 4083.292058 4082.243081 4075.820487 4069.735124 4068.948081 4072.981077 4080.053604 4081.099547 4074.028941 4065.409845 4058.140436 4050.644732 4048.271877 4047.754512 4047.527102 4048.056829 4042.752272 4033.310598 4016.142034 4004.544210 3993.474317 3987.531553 3983.601135 3986.950529 3998.319615 4010.709185 4015.790153 4006.291123 3997.739862 3985.812250 3977.724619 3978.187175 3979.136038 3988.697814 4005.793077 4013.570218 4014.376062 4007.795034 4001.148996 3994.425718 3991.277349 3997.696417 4013.070079 4030.005607 4045.818097 4055.075595 4062.858131 4070.051601 4068.082134 4070.952297 4072.531606 4070.301831 4073.629446
4076.574863 4069.551013 4062.533552 4057.208644 4050.768057 4045.490092 4043.643919 4045.484578 4047.356635 4043.198084 4036.833474 4026.838772 4015.792262 4006.084407 3998.362172 3999.403644 4001.780503 4003.500668 3996.146026 3980.700946 3962.834102 3949.336531 3935.464367 3931.536688 3925.569621 3917.666209 3927.763853 3947.711254 3955.188330 3938.897766 3927.927712 3912.641471 3906.106644 3902.038775 3902.765866 3911.669180 3934.393367 3958.880163 3961.036762 3949.982813 3938.996127 3934.273307 3931.015838 3935.517361 3952.176316 3973.101571 3989.330571 3999.860120 4005.195734 4012.982874 4022.393726 4036.848419 4051.823029 4064.299860 4068.738603
4051.349372 4043.590375 4035.932804 4028.310787 4021.428679 4015.239232 4010.954367 4009.010952 4004.993564 3998.892645 3991.877308 3970.792317 3958.354446 3945.395446 3930.415042 3926.521375 3921.631992 3922.703605 3911.203544 3903.403494 3887.096040 3871.785193 3856.198716 3842.679924 3836.980966 3830.242058 3828.153913 3841.500892 3849.899208 3840.667299 3831.024838 3820.536517 3816.139405 3812.778588 3815.303463 3825.765675 3845.144233 3863.453683 3871.989221 3864.692059 3863.666566 3863.847013 3862.245030 3868.596979 3879.145687 3896.967836 3919.468492 3938.630957 3948.557315 3955.376387 3964.534042 3978.978325 3993.127359 4007.529059 4025.625709
4020.848216 4011.548288 4001.646167 3991.941390 3981.473678 3970.944317 3964.444501 3967.215949 3961.262250 3955.719851 3932.555114 3876.898142 3855.649179 3836.712538 3820.485753 3813.759868 3805.322569 3788.673478 3780.108942 3775.831557 3778.701161 3764.905023 3747.479148 3729.743135 3724.922064 3721.470089 3703.527786 3698.251541 3698.610643 3715.797800 3709.860877 3708.964918 3711.194194 3708.830172 3709.977526 3722.664052 3730.051752 3735.142162 3741.939007 3747.211449 3758.037200 3766.226422 3776.895457 3794.086530 3804.715086 3819.790422 3839.958975 3865.673632 3881.233749 3890.667693 3900.952807 3916.153263 3932.235223 3949.952635 3972.320740
3986.225744 3969.561296 3954.978675 3940.717141 3928.081802 3915.307528 3899.390991 3901.411202 3899.437282 3889.129810 3833.397006 3792.881229 3759.079645 3742.114597 3718.524162 3704.965574 3688.331032 3649.140893 3631.610615 3631.742609 3647.523151 3644.649153 3629.623149 3618.034750 3608.623907 3599.128807 3581.090596 3561.569898 3567.794145 3586.824783 3588.270301 3592.077541 3600.294064 3599.894983 3592.896017 3589.450635 3601.232806 3606.420288 3617.662090 3635.774581 3640.657124 3657.615737 3691.850815 3704.468058 3719.299875 3737.332745 3757.403180 3779.221389 3801.755999 3815.674801 3830.703860 3848.929255 3865.409081 3885.516326 3907.882250
3935.303386 3904.137808 3883.063138 3865.779164 3846.677177 3819.443553 3799.625007 3797.534041 3791.581635 3761.929252 3709.362967 3674.380227 3651.768198 3630.290411 3607.666420 3583.774339 3545.848579 3511.124605 3489.436684 3506.323606 3518.137876 3530.905163 3519.929792 3509.524372 3500.152753 3481.883709 3465.036377 3448.261311 3459.564371 3468.265529 3488.272602 3495.496034 3499.455720 3505.647014 3504.129562 3492.693233 3486.510198 3494.352727 3504.007036 3515.942351 3538.015905 3573.798771 3598.278918 3616.273273 3636.355585 3654.512234 3675.329514 3697.772004 3720.209538 3736.849690 3754.736685 3772.766471 3793.222481 3811.857282 3834.205836
3854.653664 3826.697859 3800.715321 3777.843395 3746.050712 3699.421949 3685.352856 3676.655257 3654.293653 3606.218353 3565.015520 3545.924626 3534.356898 3511.779395 3491.555309 3462.870667 3429.185313 3408.451024 3388.290225 3399.408723 3410.405773 3431.669829 3423.534259 3417.425279 3414.998954 3399.826563 3386.784089 3370.270137 3376.526360 3388.968939 3413.111801 3419.320263 3423.537320 3433.165241 3432.398522 3427.431983 3408.856896 3415.201976 3425.792136 3440.279398 3471.362240 3493.398356 3515.278855 3536.584733 3555.345915 3576.188370 3597.692937 3619.986552 3645.809793 3664.757421 3683.138250 3704.051538 3722.555102 3736.067752 3751.423691
3746.364054 3722.985801 3704.155304 3680.494468 3637.578217 3594.151857 3553.211372 3526.022739 3473.011286 3438.591843 3420.243781 3421.450478 3410.665208 3392.148187 3374.409058 3356.359394 3335.735384 3318.128400 3293.658663 3299.841081 3316.549686 3334.404205 3336.890618 3338.720382 3337.800583 3329.035139 3315.850606 3302.383102 3306.234318 3323.612001 3341.767752 3352.138224 3359.970615 3367.685578 3367.253135 3357.221998 3346.749216 3351.086190 3366.175807 3381.657449 3398.280682 3418.053450 3437.974695 3457.552696 3479.168440 3500.836282 3522.743128 3546.580488 3572.381905 3592.856528 3615.579769 3639.022101 3654.462211 3662.109926 3668.590008
3644.316577 3626.060794 3603.720028 3576.793051 3535.484082 3496.820443 3456.955377 3409.707351 3377.613092 3350.522610 3345.882136 3332.170893 3320.754700 3308.063181 3289.169893 3274.379243 3261.205497 3241.057543 3232.748314 3240.945255 3255.010771 3263.309717 3271.042156 3269.509878 3267.698666 3262.658796 3248.988670 3245.675654 3255.960549 3271.152721 3284.692341 3296.382860 3303.225490 3308.102480 3304.839961 3295.319500 3292.409589 3300.232786 3315.236503 3327.971466 3341.697146 3361.259200 3379.913453 3400.233198 3421.379748 3442.032225 3465.086493 3488.859064 3513.562428 3539.512951 3560.540194 3577.580172 3584.891377 3592.928583 3590.714505
3521.933987 3511.913437 3487.087527 3459.659779 3431.877323 3400.597248 3378.233260 3348.829084 3320.504566 3293.233951 3268.913077 3258.682204 3254.437864 3243.447857 3228.243040 3218.669374 3204.524636 3196.411195 3204.074240 3205.770136 3213.970204 3212.207137 3213.669114 3211.756327 3211.612947 3210.004835 3204.706632 3217.300048 3223.707199 3236.906384 3246.763409 3256.415783 3261.997529 3265.303671 3266.368097 3262.161964 3267.962457 3273.440903 3286.405459 3296.764871 3309.190709 3327.928729 3343.504679 3360.935304 3381.469175 3402.800385 3424.912794 3448.877281 3475.203474 3498.106070 3514.022360 3518.925294 3526.364832 3525.828944 3512.681978
