tests/Borden05m/data_simulated/sim_1/output-maps/psiliqL0021N0018.asc
ncols         160
nrows         34
xllcorner     620200.000000
yllcorner     5168000.000000
cellsize      0.500000
NODATA_value  -9999.0
[rows 0 to 24 of 34, columns 55 to 109 of 160]
-9999.0 -9999.0 -9999.0 -9999.0 -9999.0 -9999.0 -9999.0 -9999.0 -9999.0 -9999.0 -9999.0 -9999.0 -9999.0 -9999.0 -9999.0 -9999.0 -9999.0 -9999.0 -9999.0 -9999.0 -9999.0 -9999.0 -9999.0 -9999.0 -9999.0 -9999.0 -9999.0 -9999.0 -9999.0 -9999.0 -9999.0 -9999.0 -9999.0 -9999.0 -9999.0 -9999.0 -9999.0 -9999.0 -9999.0 -9999.0 -9999.0 -9999.0 -9999.0 -9999.0 -9999.0 -9999.0 -9999.0 -9999.0 -9999.0 -9999.0 -9999.0 -9999.0 -9999.0 -9999.0 -9999.0
-9999.0 -9999.0 -9999.0 -9999.0 2435.622050 2430.440999 2425.839560 2421.661416 2413.655501 2404.919562 2397.392841 2393.832525 2393.301795 2393.014200 2392.998075 2398.509043 2407.009742 2415.040547 2422.343809 2424.941781 2427.569281 2429.825025 2430.406519 2429.484278 2426.526450 2423.577330 2420.392936 2418.921460 2411.422097 2400.306356 2391.877576 2389.188135 2393.429088 2397.745569 2400.123351 2405.405681 2415.693619 2426.034011 2434.002303 2445.721309 2451.718168 2456.407137 2458.548924 2453.916227 2449.962242 2445.560005 2439.471721 2428.178319 -9999.0 -9999.0 -9999.0 -9999.0 -9999.0 -9999.0 -9999.0
2380.590249 2399.643501 2420.545320 2423.970029 2412.488964 2407.712705 2404.883685 2403.514020 2399.504298 2391.461477 2386.821795 2381.902180 2380.074425 2380.621234 2381.096323 2385.446146 2396.466691 2404.765290 2409.786575 2412.738641 2415.769322 2414.937344 2414.491073 2414.450445 2411.754788 2408.445299 2405.213388 2403.522552 2404.704174 2397.206138 2391.464744 2387.762558 2385.257828 2387.813443 2390.313793 2394.305130 2403.382448 2411.088883 2418.731048 2432.938136 2445.266811 2450.212500 2447.072109 2441.692195 2437.257308 2429.605815 2418.840904 2408.440781 2399.638602 2392.703877 2386.598580 2379.673309 2385.106390 2391.668038 2400.418908
2365.402754 2385.133637 2405.956420 2409.013828 2398.828592 2391.251183 2385.551782 2386.441450 2390.101267 2387.310276 2383.118094 2376.931057 2386.842813 2388.457543 2389.853767 2393.620485 2396.521315 2401.340920 2404.271416 2409.926722 2419.115176 2422.095933 2422.778137 2423.057406 2421.307172 2418.251429 2416.487594 2413.834417 2408.694959 2407.241842 2407.171378 2406.272367 2410.623895 2411.985259 2414.408462 2408.353170 2412.249918 2418.206424 2424.733703 2430.291396 2436.149917 2438.656174 2434.728125 2434.050749 2424.944426 2410.614573 2399.761105 2391.401525 2390.278512 2386.553462 2377.879034 2363.701798 2370.662370 2385.673866 2389.546656
2372.099031 2381.703140 2393.233986 2396.410894 2391.853110 2394.219545 2396.461934 2398.338537 2397.171687 2394.434530 2391.552388 2403.279418 2412.420543 2414.462705 2417.613032 2422.012943 2422.966003 2412.219230 2410.436643 2418.363644 2428.390239 2433.949057 2434.330890 2434.254254 2431.359151 2430.401221 2430.258792 2428.428622 2428.488099 2430.428926 2428.935548 2432.511055 2438.042070 2441.329171 2434.802993 2425.953455 2427.486925 2435.505382 2444.233319 2451.412664 2461.270564 2471.637572 2470.708204 2464.994992 2455.471539 2441.752001 2418.050965 2399.045117 2387.279144 2378.735445 2370.615932 2371.512955 2366.478194 2378.352092 2379.175988
2365.405125 2385.290189 2406.277280 2413.488359 2408.131166 2404.518761 2403.343281 2404.671568 2404.794163 2406.876311 2417.640289 2430.804897 2444.229084 2447.172587 2449.807041 2449.286781 2441.380203 2431.516526 2428.840129 2443.051957 2460.212108 2468.510342 2468.654102 2465.893925 2470.601753 2470.300106 2470.089574 2466.283140 2467.613558 2466.762425 2473.922457 2481.557149 2489.130119 2487.548410 2475.146638 2463.007587 2462.199382 2466.410095 2471.706406 2478.367134 2488.006878 2496.691289 2491.035686 2484.302717 2475.044791 2447.320999 2421.689656 2405.567189 2404.757672 2404.252077 2398.697618 2395.216218 2392.357174 2386.121586 2385.091433
2408.527407 2429.269554 2450.516290 2465.365679 2460.136302 2453.221634 2444.904177 2446.009425 2448.163693 2455.573621 2467.621823 2482.819960 2506.071763 2507.446925 2509.456384 2510.118366 2498.478537 2486.183072 2476.244409 2497.014542 2508.059443 2515.880057 2515.107595 2522.186490 2531.429955 2527.639852 2520.854471 2509.659306 2515.632887 2524.226756 2539.329936 2546.761402 2551.380033 2547.973606 2535.045312 2528.543375 2528.734328 2533.280348 2532.734686 2539.312270 2548.053490 2562.292233 2560.485771 2554.117932 2532.369735 2494.585163 2462.217302 2445.196400 2453.450078 2446.125473 2437.997453 2435.281948 2421.962634 2412.227566 2412.764247
2452.819236 2468.999038 2486.933305 2504.822638 2498.359134 2488.906323 2474.565325 2473.316659 2479.589557 2490.468669 2509.225622 2529.684939 2551.658074 2554.627326 2552.306094 2562.049488 2556.339175 2546.764365 2539.480862 2557.180302 2568.188892 2578.625269 2585.941048 2598.700729 2609.661219 2596.031164 2581.143530 2572.951435 2579.342412 2602.597807 2622.910989 2627.753662 2627.525239 2627.927036 2614.936903 2609.314488 2604.645836 2602.637843 2598.433055 2595.226833 2617.073182 2635.826049 2634.207392 2611.185179 2587.190817 2548.548189 2509.991715 2481.527992 2488.098938 2483.811926 2484.199870 2471.008162 2456.611683 2444.506466 2437.558784
2519.200920 2544.539881 2563.307219 2585.123148 2580.714855 2561.125617 2549.265850 2553.560273 2567.513987 2575.947607 2593.817698 2614.157425 2642.537196 2658.694051 2673.563646 2679.413554 2671.440076 2663.128458 2651.162125 2653.966189 2675.548561 2688.897814 2698.553449 2708.041782 2720.687039 2723.178311 2718.079016 2716.887017 2720.873560 2731.811337 2744.044919 2750.676234 2754.315814 2756.366339 2746.538186 2734.810400 2732.452908 2725.725466 2722.016168 2720.051190 2727.356169 2743.361669 2739.720917 2706.385342 2678.332555 2642.222198 2603.627263 2572.595362 2560.989784 2573.780110 2567.416265 2549.394830 2534.282814 2503.789653 2492.958467
2603.081564 2637.719520 2664.035177 2678.320852 2689.223924 2679.412486 2679.746306 2684.737432 2693.508843 2698.146896 2705.793937 2738.479960 2771.532156 2798.414948 2822.269764 2830.773192 2819.710505 2810.422758 2797.991800 2789.374223 2798.104334 2814.732235 2832.257598 2847.585310 2858.932138 2861.649750 2860.197923 2860.426826 2863.241151 2866.191263 2869.963020 2877.507401 2885.024131 2828.901928 2834.392495 2829.329638 2877.152815 2866.500725 2855.324988 2852.400443 2852.024997 2852.938691 2852.647159 2838.404974 2799.458199 2768.012031 2736.387350 2712.428714 2695.022915 2688.004812 2666.583217 2641.917000 2591.730788 2552.739433 2519.119217
2705.048003 2748.714853 2777.973384 2798.750774 2813.462912 2813.756404 2816.809616 2819.404580 2824.852140 2829.150956 2834.287742 2859.931834 2832.528800 2867.070796 2897.490205 2898.884571 2886.847731 2875.963987 2866.487182 2853.615851 2850.001801 2860.911970 2874.786515 2893.528755 2904.340015 2911.659441 2908.078044 2908.439654 2911.020808 2912.054003 2913.968493 2917.003365 2925.598380 2935.808809 2948.864901 2948.904357 2935.828960 2919.699823 2903.334958 2899.125297 2895.319962 2889.972528 2891.338465 2892.576270 2879.745411 2854.385252 2879.874998 2837.809406 2816.210593 2797.362837 2784.088884 2767.440095 2731.136392 2667.654223 2630.441877
2829.422437 2862.172424 2826.617675 2853.214061 2869.310212 2873.597910 2872.220408 2872.265925 2879.459944 2883.523980 2890.719425 2905.834978 2931.026423 2963.742759 2992.214206 3008.218174 3001.931739 2986.027697 2965.746087 2957.679343 2955.431333 2958.522729 2967.016109 2978.156512 2996.176851 3013.383620 2990.297188 2991.143651 3016.551516 2990.816717 2990.411026 2990.460211 2992.714740 2999.761715 3008.612325 3011.754701 3007.026112 3016.741844 2995.442599 2983.060111 2975.775053 2971.890566 2971.687628 2975.273612 2977.003458 2963.475772 2935.280259 2893.407531 2862.284326 2844.795869 2834.468357 2883.728997 2870.314012 2840.555780 2819.160982
2873.247620 2888.086694 2911.700488 2939.392395 2961.198772 2976.395206 2978.114984 2982.111463 2986.943211 2995.145784 3009.424513 3001.513258 3016.638212 3036.993999 3061.516576 3076.346953 3081.672492 3080.669995 3077.582061 3078.985825 3079.284586 3029.004021 3034.168840 3039.300315 3053.028663 3065.845244 3068.629912 3069.156030 3068.867825 3068.713702 3069.234942 3069.225443 3068.878681 3070.409996 3074.482502 3076.039461 3074.226918 3065.505704 3078.663028 3059.794212 3046.958402 3039.070035 3031.086742 3022.824524 3013.525377 3005.747090 3016.414870 2987.971846 2954.271135 2932.192225 2923.262252 2920.505502 2912.480197 2906.560394 2889.979526
2968.889588 2979.945752 2997.266580 3018.127005 3019.334744 3039.053513 3049.874024 3058.744436 3063.323443 3076.518207 3091.796704 3077.615765 3084.193865 3091.110371 3097.978972 3100.335231 3101.005538 3100.687987 3098.361317 3097.734250 3095.586983 3091.744605 3081.660252 3083.229428 3085.023299 3087.595759 3091.192603 3090.020051 3091.122805 3094.012179 3092.360365 3086.550804 3082.676228 3081.120601 3081.940161 3089.247230 3092.606119 3093.563393 3091.015754 3090.185684 3089.391947 3086.661025 3083.242767 3078.415567 3072.235090 3083.248313 3073.858653 3047.857771 3012.430412 3003.910710 2995.119116 2994.821402 2994.659564 2992.424706 2986.462522
3054.713337 3067.620842 3081.620742 3065.838704 3081.941510 3091.036804 3095.341800 3098.883192 3101.489156 3103.890269 3100.795730 3097.590828 3092.792652 3091.338020 3090.007098 3087.586825 3088.207519 3086.299584 3082.305560 3078.471777 3071.132110 3059.918226 3048.735466 3045.535646 3049.921188 3055.310569 3060.155334 3064.156190 3067.727285 3068.106781 3062.934522 3054.784918 3047.473386 3045.758396 3052.474431 3058.137484 3064.212321 3065.033105 3063.680515 3061.401069 3061.350008 3058.407385 3058.740068 3065.575648 3079.715110 3083.374556 3088.160500 3087.469829 3074.182081 3051.821171 3057.113168 3037.539990 3042.780750 3038.309952 3027.200963
3092.831377 3095.098983 3093.818435 3092.512160 3086.274889 3080.356109 3079.611884 3083.556807 3090.484536 3091.606329 3084.622820 3076.273495 3069.212028 3062.078195 3059.838395 3059.049200 3058.664149 3059.029132 3053.781679 3045.173746 3030.731348 3019.318190 3008.261218 3002.316624 2999.165207 3003.096292 3013.778225 3024.997344 3029.863176 3021.492294 3013.451984 3002.137958 2994.162277 2994.571420 2996.033235 3005.329677 3021.113612 3027.638009 3028.418032 3022.477700 3016.729841 3010.401130 3007.728792 3014.252664 3029.216659 3043.305659 3057.964894 3066.661993 3074.157203 3081.028709 3081.187041 3083.318272 3084.508901 3082.768818 3084.355729
3086.900471 3080.137066 3073.379106 3068.246578 3061.827724 3056.520572 3054.763241 3056.830363 3059.094118 3055.296698 3049.000239 3040.980378 3030.190008 3020.583134 3013.501634 3014.428473 3016.686198 3018.093012 3011.237337 2998.234151 3009.714022 2997.151794 2983.320164 2979.235499 2973.581702 2966.999204 2977.106260 2995.752970 3002.646505 2987.522238 2977.084412 2962.385715 2955.677551 2952.110609 2953.248419 2962.412338 2984.042149 3006.598045 3008.614083 2998.421372 2988.376052 2983.897377 2981.253134 2986.731739 3003.000357 2992.734298 3006.183946 3016.121277 3021.472956 3029.279803 3038.530686 3049.948113 3063.919575 3075.665921 3081.519109
3062.525137 3054.915940 3047.356584 3039.875896 3033.191666 3029.100042 3024.965063 3022.977979 3019.508180 3013.579992 3008.584721 3019.871701 3008.413086 2995.598428 2980.870196 2976.849447 2972.398360 2973.409842 2961.889273 2953.179701 2937.343080 2922.244542 2910.160006 2897.758035 2891.877768 2885.357647 2885.445748 2899.380846 2907.897066 2897.229080 2887.433676 2876.221232 2871.308001 2868.110918 2870.541766 2881.063473 2901.547319 2920.128975 2928.310406 2921.143427 2918.894300 2914.749725 2913.455683 2919.829930 2931.915657 2949.329634 2971.263258 2989.340382 2999.318301 3006.728895 3015.393726 2998.374344 3010.186900 3024.115718 3041.470847
3032.497802 3025.379764 3015.742063 3006.337584 2998.063074 3017.965837 3012.355081 3014.184034 3007.611522 3001.373880 2980.979205 2930.182635 2913.671988 2894.917423 2878.721261 2872.010757 2863.636186 2849.874675 2840.879290 2835.584656 2834.965374 2824.109256 2866.544456 2848.819208 2843.275427 2839.057186 2824.020998 2822.085910 2823.253263 2835.550150 2829.176732 2826.663831 2827.541665 2825.464864 2827.779905 2841.304603 2850.929562 2858.609878 2866.080394 2869.977724 2880.382459 2826.116416 2830.919687 2847.785496 2859.729985 2875.961138 2896.769817 2918.100985 2932.893967 2942.690797 2953.440295 2967.672368 2984.080446 3001.834163 3023.214839
3002.225815 3016.609186 3003.217200 2988.867205 2976.199740 2964.568918 2949.490568 2950.695205 2947.768496 2937.932115 2890.699916 2853.151073 2880.896926 2862.347761 2837.987500 2823.765244 2807.517943 2771.802280 2754.420617 2751.400671 2762.488398 2756.776818 2742.142460 2729.411380 2720.024458 2711.137205 2694.637064 2678.720703 2684.214179 2700.693251 2700.086518 2702.094183 2709.065735 2708.528352 2703.271846 2703.579730 2716.908468 2723.901517 2735.517342 2752.239579 2757.951224 2772.257102 2804.956042 2819.665606 2836.452325 2857.125486 2879.488955 2838.302945 2856.611196 2870.693828 2885.943239 2900.836380 2917.574513 2938.216273 2961.130645
2981.912898 2953.334444 2932.807389 2915.773370 2900.602110 2875.533041 2855.116190 2852.460888 2845.791202 2822.912445 2828.901154 2790.912691 2766.074456 2743.386638 2719.013407 2695.496557 2658.800522 2624.299417 2602.306388 2614.241256 2623.663513 2631.587747 2619.284273 2607.703033 2597.692269 2580.718224 2564.171053 2549.088571 2559.260171 2567.831086 2583.698591 2589.738676 2593.836361 2599.052187 2598.109711 2589.725953 2588.253977 2597.193296 2607.984403 2620.442461 2640.589302 2676.599049 2702.742556 2722.167453 2744.325016 2765.411814 2788.810084 2812.547518 2836.673267 2855.295316 2875.270550 2830.063776 2847.390419 2867.285589 2890.937422
2908.161247 2880.187815 2853.864510 2834.402499 2860.818953 2815.741549 2799.568695 2789.241096 2768.811727 2723.826074 2682.383224 2655.399781 2638.676080 2614.408408 2591.886858 2562.855447 2529.769392 2506.412623 2485.575116 2494.359796 2503.203538 2520.299688 2510.396033 2502.111670 2497.989695 2482.661355 2469.093291 2453.170587 2459.769246 2471.251861 2492.933700 2498.538683 2502.704637 2511.690934 2511.242435 2507.711331 2493.248154 2501.164670 2512.588033 2527.884409 2558.652127 2582.294746 2606.229560 2629.087909 2650.161989 2675.036172 2699.617997 2724.554692 2752.647829 2774.044095 2794.692286 2816.805320 2838.077037 2855.597074 2874.954791
2857.732344 2832.488646 2811.166597 2786.188250 2745.602718 2700.887684 2659.631134 2635.093077 2586.216035 2550.848142 2525.968167 2520.280286 2506.009079 2484.904692 2464.629713 2443.812007 2420.525996 2400.404167 2375.364464 2379.932964 2394.415568 2410.256830 2409.331210 2408.818450 2406.737012 2396.810364 2383.247299 2369.609977 2373.289828 2389.850060 2407.582600 2417.050112 2424.684876 2432.660690 2432.848159 2424.486224 2415.389727 2420.934674 2436.568257 2453.898836 2473.283014 2495.169188 2517.385405 2538.985206 2562.652251 2586.381906 2610.835766 2637.335634 2667.193048 2690.077973 2715.426505 2741.615321 2760.879998 2772.525792 2783.849969
2748.615393 2727.809548 2703.587376 2675.486109 2632.164131 2591.453916 2550.085738 2504.634832 2470.844869 2440.471550 2430.224744 2413.777419 2399.056506 2383.372310 2362.778510 2345.597399 2329.650433 2308.057417 2295.642366 2302.079993 2315.114223 2323.844827 2329.316730 2326.837587 2324.224233 2318.023257 2304.144602 2298.331567 2307.914674 2323.167281 2337.248998 2348.560441 2355.601497 2361.229742 2358.587503 2350.051679 2346.718467 2355.309788 2371.223298 2385.475168 2401.473998 2422.939495 2444.584683 2467.179811 2490.775530 2513.964013 2539.669168 2566.071160 2592.933027 2620.881827 2644.973890 2667.570925 2678.962785 2690.717371 2694.391082
2616.784156 2603.318807 2577.230163 2548.594235 2518.495526 2483.794567 2457.422853 2425.218919 2394.755957 2365.349551 2339.591249 2325.845703 2318.492462 2304.989689 2287.380419 2275.588976 2259.665624 2247.450160 2251.610747 2253.063887 2261.713657 2260.480693 2261.172894 2258.483622 2257.669126 2254.829920 2247.454185 2257.949902 2264.772618 2278.525128 2288.806837 2298.544836 2304.609969 2308.526060 2309.564896 2305.055336 2310.602004 2317.325653 2331.589469 2343.277770 2357.609369 2378.157927 2395.576310 2415.224416 2438.547411 2462.393883 2487.318608 2513.949862 2542.726746 2568.423112 2587.806934 2596.248796 2607.199064 2611.440929 2603.576678
