tests/Borden05m/data_simulated/sim_1/output-maps/psiliqL0025N0003.asc
ncols         160
nrows         34
xllcorner     620200.000000
yllcorner     5168000.000000
cellsize      0.500000
NODATA_value  -9999.0
[rows 0 to 24 of 34, columns 0 to 54 of 160]
-9999.0 -9999.0 -9999.0 -9999.0 -9999.0 -9999.0 -9999.0 -9999.0 -9999.0 -9999.0 -9999.0 -9999.0 -9999.0 -9999.0 -9999.0 -9999.0 -9999.0 -9999.0 -9999.0 -9999.0 -9999.0 -9999.0 -9999.0 -9999.0 -9999.0 -9999.0 -9999.0 -9999.0 -9999.0 -9999.0 -9999.0 -9999.0 -9999.0 -9999.0 -9999.0 -9999.0 -9999.0 -9999.0 -9999.0 -9999.0 -9999.0 -9999.0 -9999.0 -9999.0 -9999.0 -9999.0 -9999.0 -9999.0 -9999.0 -9999.0 -9999.0 -9999.0 -9999.0 -9999.0 -9999.0
-9999.0 -9999.0 -9999.0 -9999.0 -9999.0 -9999.0 -9999.0 -9999.0 -9999.0 -9999.0 -9999.0 -9999.0 -9999.0 -9999.0 -9999.0 -9999.0 -9999.0 -9999.0 -9999.0 -9999.0 -9999.0 -9999.0 -9999.0 -9999.0 -9999.0 -9999.0 -9999.0 -9999.0 -9999.0 -9999.0 -9999.0 -9999.0 -9999.0 -9999.0 -9999.0 -9999.0 -9999.0 -9999.0 -9999.0 -9999.0 -9999.0 -9999.0 -9999.0 -9999.0 -9999.0 -9999.0 -9999.0 -9999.0 -9999.0 -9999.0 -9999.0 -9999.0 -9999.0 -9999.0 -9999.0
-9999.0 -9999.0 -9999.0 -9999.0 -9999.0 -9999.0 -9999.0 -9999.0 -9999.0 -9999.0 -9999.0 -9999.0 -9999.0 -9999.0 -9999.0 -9999.0 -9999.0 -9999.0 -9999.0 -9999.0 -9999.0 -9999.0 -9999.0 -9999.0 -9999.0 -9999.0 -9999.0 -9999.0 -9999.0 -9999.0 -9999.0 -9999.0 -9999.0 -9999.0 -9999.0 -9999.0 -9999.0 -9999.0 -9999.0 -9999.0 -9999.0 -9999.0 -9999.0 -9999.0 -9999.0 -9999.0 -9999.0 3073.402088 3056.170823 3042.522859 3037.774569 3058.661950 3081.498137 3105.054099 3125.328279
-9999.0 -9999.0 -9999.0 -9999.0 -9999.0 -9999.0 -9999.0 -9999.0 -9999.0 -9999.0 -9999.0 -9999.0 -9999.0 -9999.0 -9999.0 -9999.0 -9999.0 -9999.0 -9999.0 -9999.0 -9999.0 -9999.0 -9999.0 -9999.0 -9999.0 -9999.0 -9999.0 -9999.0 -9999.0 -9999.0 -9999.0 -9999.0 -9999.0 -9999.0 -9999.0 -9999.0 -9999.0 -9999.0 -9999.0 -9999.0 3124.251627 3130.068252 3129.752180 3119.697898 3108.199595 3094.407103 3073.699638 3056.462806 3043.193387 3041.080901 3043.305681 3045.817043 3066.264697 3091.342730 3110.958543
-9999.0 -9999.0 -9999.0 -9999.0 -9999.0 -9999.0 -9999.0 -9999.0 -9999.0 -9999.0 -9999.0 -9999.0 -9999.0 -9999.0 -9999.0 -9999.0 -9999.0 -9999.0 -9999.0 -9999.0 -9999.0 -9999.0 -9999.0 -9999.0 -9999.0 -9999.0 -9999.0 -9999.0 -9999.0 -9999.0 -9999.0 -9999.0 -9999.0 -9999.0 3032.508232 3049.305343 3067.020767 3085.346448 3102.093372 3108.967449 3114.693619 3119.893171 3115.067170 3110.404322 3098.472746 3077.281374 3057.758095 3044.757321 3043.535138 3040.860717 3044.135151 3055.372309 3071.628028 3086.301763 3106.466378
-9999.0 -9999.0 -9999.0 -9999.0 -9999.0 -9999.0 -9999.0 -9999.0 -9999.0 -9999.0 -9999.0 -9999.0 -9999.0 -9999.0 -9999.0 -9999.0 -9999.0 -9999.0 -9999.0 -9999.0 -9999.0 -9999.0 -9999.0 -9999.0 -9999.0 -9999.0 -9999.0 -9999.0 3038.945355 3032.862115 3027.828925 3026.009661 3024.304884 3023.104314 3029.577227 3040.481681 3057.271376 3079.046520 3092.039440 3099.040163 3105.672993 3105.758868 3099.588601 3097.529988 3097.667447 3084.687121 3072.074864 3060.243707 3048.653057 3045.188714 3053.677564 3067.466868 3083.215380 3097.319109 3112.087051
-9999.0 -9999.0 -9999.0 -9999.0 -9999.0 -9999.0 -9999.0 -9999.0 -9999.0 -9999.0 -9999.0 -9999.0 -9999.0 -9999.0 -9999.0 -9999.0 -9999.0 -9999.0 -9999.0 -9999.0 -9999.0 -9999.0 -9999.0 3009.663452 3014.466045 3020.769031 3028.183900 3028.905248 3025.376160 3019.752326 3016.776767 3015.033715 3012.438130 3016.617430 3023.291255 3035.852291 3050.691739 3072.520203 3080.331647 3084.240917 3095.182120 3098.390908 3105.647826 3109.068169 3106.681833 3102.144080 3086.830979 3074.826640 3076.556518 3080.061318 3086.298894 3093.994969 3106.839090 3119.985022 3134.697848
-9999.0 -9999.0 -9999.0 -9999.0 -9999.0 -9999.0 -9999.0 -9999.0 -9999.0 -9999.0 -9999.0 -9999.0 -9999.0 -9999.0 -9999.0 -9999.0 -9999.0 -9999.0 -9999.0 2985.496974 2986.420593 2987.731576 2992.382463 2992.599709 2994.141337 3000.616200 3008.293428 3010.819722 3008.274705 3006.886865 3007.779851 3009.876615 3013.858086 3023.759825 3036.520268 3049.759525 3061.882431 3081.793743 3095.424676 3107.010722 3121.521957 3121.202431 3116.884942 3114.508982 3113.734570 3111.475053 3109.456769 3107.949168 3113.324971 3113.442262 3116.291564 3124.598685 3135.697640 3151.406144 3168.145445
-9999.0 -9999.0 -9999.0 -9999.0 -9999.0 -9999.0 -9999.0 -9999.0 -9999.0 -9999.0 -9999.0 -9999.0 -9999.0 -9999.0 -9999.0 -9999.0 2957.094785 2958.734600 2960.923324 2966.260978 2969.711756 2973.402857 2980.078323 2980.747287 2983.731052 2990.291712 2994.193863 3002.848436 3010.555205 3016.913879 3021.949552 3023.493639 3029.081403 3037.256087 3047.586771 3060.387497 3079.364538 3101.725327 3116.306299 3131.875344 3148.001123 3147.540945 3144.867518 3144.186629 3141.857584 3142.568961 3156.092301 3158.426755 3152.633301 3161.758184 3172.626372 3174.587904 3180.497245 3199.126531 3220.352482
-9999.0 -9999.0 -9999.0 -9999.0 -9999.0 -9999.0 -9999.0 -9999.0 -9999.0 -9999.0 -9999.0 -9999.0 -9999.0 2908.200928 2911.997663 2921.944841 2933.067955 2935.825092 2940.444434 2946.784271 2958.520623 2961.694943 2967.158172 2973.749664 2985.078605 2992.898730 3000.808488 3011.558116 3018.529305 3024.360549 3029.592876 3031.450910 3041.761413 3054.501467 3067.585997 3085.379815 3105.903420 3123.126664 3140.121350 3155.140689 3165.709371 3162.289856 3160.332665 3161.340961 3165.112752 3177.181548 3192.679693 3192.688061 3201.889707 3221.415270 3230.794407 3237.402951 3242.686626 3255.465457 3275.928565
-9999.0 -9999.0 -9999.0 -9999.0 -9999.0 -9999.0 -9999.0 -9999.0 -9999.0 -9999.0 2881.380473 2882.699237 2878.677860 2875.795360 2881.193691 2893.152196 2907.257359 2912.422222 2923.919483 2944.725999 2962.757324 2965.141070 2977.799170 2986.498894 2992.156974 3000.795496 3012.307874 3022.970563 3036.935979 3047.068410 3054.473561 3069.414367 3083.533919 3097.981342 3113.510643 3132.195287 3147.034279 3169.584753 3193.081873 3200.708731 3216.765227 3219.152943 3214.041754 3211.266712 3219.289344 3229.641485 3243.754309 3258.889775 3276.424466 3297.453097 3307.349556 3319.339949 3327.574344 3337.179063 3351.624405
-9999.0 -9999.0 -9999.0 -9999.0 -9999.0 -9999.0 -9999.0 -9999.0 2857.126933 2864.930275 2869.992049 2866.299863 2861.313493 2855.059813 2869.103962 2883.948354 2899.129254 2916.704187 2931.522709 2948.937515 2961.986209 2975.769398 2993.980699 3003.463735 3012.691600 3026.178786 3037.631133 3050.990034 3069.792791 3076.439450 3086.383887 3104.219936 3118.440860 3133.640566 3150.081337 3164.993995 3184.206880 3213.077440 3240.709944 3256.151636 3280.918741 3297.421377 3291.265923 3289.004546 3289.633589 3311.732529 3337.005446 3364.958711 3383.405531 3406.142164 3433.454168 3451.458085 3460.235482 3470.886249 3484.256872
-9999.0 -9999.0 -9999.0 -9999.0 -9999.0 -9999.0 2829.198551 2853.272567 2868.019452 2858.966638 2844.602678 2838.950352 2832.289305 2861.765382 2883.340235 2899.829297 2915.622744 2932.163570 2947.333145 2955.025651 2983.033350 3000.890280 3011.530172 3023.784415 3036.682717 3049.521093 3064.228915 3084.080234 3100.394362 3121.497312 3137.020158 3152.639356 3174.827684 3190.778254 3206.310591 3218.941210 3245.383476 3278.826710 3312.178316 3335.814208 3359.379705 3389.595339 3389.404044 3390.941141 3392.521331 3415.008981 3447.560758 3476.474171 3507.648406 3537.578090 3564.941089 3575.069136 3583.715862 3593.300310 3605.446167
-9999.0 -9999.0 -9999.0 -9999.0 2797.376925 2817.900288 2836.195074 2865.763332 2887.165848 2881.511278 2885.358451 2882.764041 2877.729978 2881.722010 2888.785945 2905.020219 2922.938504 2941.170664 2954.530616 2980.291546 3025.276352 3035.296360 3051.648811 3079.738215 3089.455524 3101.992803 3116.024137 3135.195728 3153.107963 3179.419265 3213.170359 3241.682556 3262.075477 3280.322336 3298.269125 3314.485673 3347.971417 3383.636917 3418.157641 3448.872004 3475.157859 3500.196321 3506.939595 3511.624504 3521.242796 3537.538637 3559.346971 3586.183282 3618.766833 3650.228828 3673.220757 3682.501361 3687.708587 3697.001946 3704.583797
-9999.0 -9999.0 -9999.0 2747.800322 2782.745838 2821.746679 2846.927662 2876.513188 2908.035062 2907.589377 2915.364765 2914.782696 2913.336881 2917.978650 2920.612745 2935.878086 2952.420246 2970.372692 2989.450184 3021.806717 3050.090710 3067.741752 3094.377157 3110.220403 3122.649885 3134.363827 3151.328938 3170.357216 3205.474485 3234.734096 3279.698660 3329.081326 3360.506093 3379.438441 3400.658183 3426.991900 3451.060408 3488.356748 3521.530068 3552.873911 3582.507013 3604.329281 3618.639602 3623.208087 3632.306340 3638.061577 3650.728427 3671.273062 3693.028672 3722.905543 3751.534450 3779.301375 3794.007161 3804.600862 3821.222999
-9999.0 -9999.0 2699.420977 2738.799013 2770.376655 2812.781023 2865.117613 2899.355007 2937.991251 2956.425965 2958.953366 2969.127414 2978.565648 2978.991980 2987.212959 2999.013797 3019.097422 3026.375183 3044.835343 3060.903613 3098.077759 3131.833669 3129.585198 3167.900152 3196.915793 3227.420813 3246.927015 3272.268790 3308.360142 3342.011032 3385.628613 3434.214605 3467.994724 3495.356133 3510.463514 3529.699872 3549.542880 3574.680489 3610.129936 3635.609218 3668.175381 3693.084678 3712.477953 3713.785885 3716.487200 3732.160855 3759.408949 3789.027061 3816.839140 3844.612115 3831.888248 3853.295233 3862.851340 3868.182923 3876.566065
-9999.0 -9999.0 2669.425764 2715.839332 2750.903688 2804.939493 2889.963138 2923.626488 2962.898306 3006.946878 3019.999174 3040.380280 3035.013800 3025.047601 3041.986174 3055.856725 3073.978474 3080.150166 3073.720318 3124.760068 3176.373772 3202.621122 3212.899586 3286.745493 3336.709680 3358.847948 3374.000351 3393.354175 3412.835952 3450.786624 3490.048657 3543.078366 3583.687376 3612.827490 3626.878356 3645.910785 3664.842956 3679.684463 3698.560278 3743.531186 3777.263246 3806.817168 3837.509056 3858.321048 3866.240500 3870.833438 3847.352045 3865.226176 3877.347666 3882.575588 3884.628549 3880.884564 3880.293527 3881.090017 3882.017621
-9999.0 2576.249590 2628.778153 2679.553365 2744.307755 2801.216913 2876.017697 2950.445044 3014.180311 3064.425709 3088.758752 3082.744905 3085.589870 3111.298838 3129.983356 3146.295022 3150.247642 3158.613028 3139.760564 3190.943676 3227.866736 3278.778460 3377.689433 3434.402889 3493.917764 3490.051886 3478.743416 3484.054881 3500.346992 3545.417085 3621.611026 3675.616528 3738.673137 3785.584172 3801.830410 3808.759410 3826.814754 3847.001610 3800.479264 3840.475108 3858.836875 3874.158329 3882.433277 3884.545062 3885.724501 3885.504871 3881.858974 3874.912061 3866.787098 3860.980436 3856.773788 3852.271022 3854.704557 3858.026047 3858.289386
-9999.0 2538.051787 2595.641856 2664.345175 2732.137766 2781.184336 2859.498827 3021.764849 3081.956428 3118.395180 3124.411866 3103.973488 3162.360867 3221.211100 3245.332425 3289.022280 3273.720873 3258.308179 3223.232990 3248.181455 3286.840712 3356.615860 3522.170989 3608.949955 3657.032846 3664.908333 3666.089587 3693.591645 3736.135469 3781.427231 3824.933078 3797.286128 3843.296536 3865.889671 3870.610901 3871.271771 3876.341012 3874.978809 3873.403180 3869.013920 3863.896067 3864.052252 3868.582163 3868.416947 3865.478655 3862.138553 3856.463321 3849.039732 3843.814297 3839.189853 3836.525173 3833.673969 3831.758485 3831.112896 3826.341115
-9999.0 2498.430821 2572.946889 2631.667851 2679.374541 2772.431881 2895.585770 3037.243924 3131.780818 3164.688610 3145.581138 3182.726335 3283.519151 3386.887755 3437.741833 3458.213660 3440.512854 3394.587135 3376.414685 3418.999595 3487.604711 3602.717707 3734.747788 3830.444692 3845.053051 3848.201675 3803.551237 3827.576145 3849.844189 3852.486672 3853.532256 3860.862807 3865.891215 3868.780743 3867.228577 3864.339600 3859.541130 3851.381370 3846.566642 3842.918788 3839.170669 3838.063758 3840.103843 3841.858743 3839.065811 3835.181770 3830.708866 3825.129138 3818.845932 3812.109115 3807.837518 3803.620129 3801.503016 3796.056957 3792.499485
-9999.0 2376.584254 2472.417763 2513.961149 2591.172738 2778.580914 2900.866094 3040.353392 3202.014152 3222.846127 3269.629088 3405.163475 3521.287279 3599.555868 3628.574962 3661.871829 3686.058767 3702.093123 3737.836425 3626.618803 3703.492826 3795.656965 3837.548767 3855.714569 3864.490252 3864.837554 3855.114483 3834.456248 3823.747813 3816.994660 3818.602089 3825.862299 3830.590617 3835.419767 3833.129629 3834.132290 3835.119007 3831.868175 3827.875423 3819.208036 3811.384926 3804.773674 3801.641403 3806.378563 3801.713220 3799.290064 3793.137803 3784.764588 3775.875785 3768.510737 3760.607397 3754.068102 3751.824880 3746.812502 3745.637204
-9999.0 2295.602589 2368.359139 2429.879395 2542.198085 2705.872246 2796.932837 2954.040095 3189.998381 3322.713077 3480.974689 3568.651461 3638.123993 3681.048252 3731.627849 3782.064381 3808.030378 3818.994269 3789.942358 3810.437362 3768.471946 3757.549331 3774.738277 3803.312564 3819.868315 3823.839599 3815.894353 3806.579478 3799.324979 3798.200823 3796.099710 3792.251246 3788.329882 3784.856878 3781.716233 3784.582777 3789.813079 3782.793176 3772.691168 3763.368656 3754.961184 3745.832250 3739.931407 3735.399621 3735.653250 3735.897313 3728.315889 3717.880410 3707.100069 3698.870762 3691.685562 3687.142300 3684.534400 3679.628702 3670.218049
-9999.0 2176.736088 2308.670883 2385.867489 2481.614535 2610.730105 2716.026097 2859.622506 2988.939877 3229.548161 3370.791217 3553.488486 3601.441127 3669.180114 3716.954382 3788.648538 3784.464025 3752.961690 3710.580809 3694.257513 3704.494025 3713.229178 3721.671051 3736.397479 3753.833822 3763.772969 3768.411839 3762.202381 3748.035467 3735.855649 3725.149101 3711.831603 3702.646220 3700.275695 3703.994598 3713.713625 3714.386921 3705.114929 3691.130504 3673.134244 3657.704738 3646.038880 3643.970747 3646.630549 3647.653219 3643.673151 3637.829858 3627.162165 3614.651209 3602.379439 3596.617861 3592.263408 3584.990582 3573.989170 3562.313818
-9999.0 -9999.0 2223.283848 2331.571360 2425.301588 2536.300760 2626.705637 2745.898250 2875.930673 3045.824083 3160.905389 3335.010131 3426.936928 3470.361709 3505.128458 3560.073593 3584.190946 3613.824541 3606.758230 3617.422789 3626.625991 3631.679387 3637.071194 3643.119045 3653.671120 3663.350181 3673.232884 3670.443139 3661.574696 3641.387326 3616.234744 3596.695832 3586.371234 3577.349860 3589.180047 3601.595617 3596.338245 3589.475199 3576.939351 3560.826779 3548.266359 3534.123860 3530.677023 3530.668109 3531.262045 3528.961536 3526.339674 3513.976115 3501.770746 3491.818595 3487.775382 3482.233800 3478.617063 3468.875084 3458.369842
-9999.0 -9999.0 2134.925209 2238.849610 2341.099877 2458.025374 2542.358382 2560.038118 2697.178465 2788.888581 2894.717097 3002.882984 3097.062932 3164.141195 3197.143818 3258.447627 3312.502129 3330.132222 3367.890114 3419.014488 3452.001922 3489.821505 3512.012205 3521.484953 3533.892597 3548.047351 3555.504681 3540.575779 3529.332125 3512.333237 3489.188466 3462.933110 3449.615168 3448.884097 3448.248554 3450.138517 3442.744694 3433.802206 3419.438784 3405.438417 3393.251031 3384.188247 3380.618921 3375.313094 3373.171433 3370.510850 3368.774894 3363.366412 3354.987374 3350.277402 3342.241786 3338.477258 3337.643904 3334.454239 3328.645321
