tests/Borden05m/data_simulated/sim_1/output-maps/psiliqL0029N0003.asc
ncols         160
nrows         34
xllcorner     620200.000000
yllcorner     5168000.000000
cellsize      0.500000
NODATA_value  -9999.0
[rows 0 to 24 of 34, columns 0 to 54 of 160]
-9999.0 -9999.0 -9999.0 -9999.0 -9999.0 -9999.0 -9999.0 -9999.0 -9999.0 -9999.0 -9999.0 -9999.0 -9999.0 -9999.0 -9999.0 -9999.0 -9999.0 -9999.0 -9999.0 -9999.0 -9999.0 -9999.0 -9999.0 -9999.0 -9999.0 -9999.0 -9999.0 -9999.0 -9999.0 -9999.0 -9999.0 -9999.0 -9999.0 -9999.0 -9999.0 -9999.0 -9999.0 -9999.0 -9999.0 -9999.0 -9999.0 -9999.0 -9999.0 -9999.0 -9999.0 -9999.0 -9999.0 -9999.0 -9999.0 -9999.0 -9999.0 -9999.0 -9999.0 -9999.0 -9999.0
-9999.0 -9999.0 -9999.0 -9999.0 -9999.0 -9999.0 -9999.0 -9999.0 -9999.0 -9999.0 -9999.0 -9999.0 -9999.0 -9999.0 -9999.0 -9999.0 -9999.0 -9999.0 -9999.0 -9999.0 -9999.0 -9999.0 -9999.0 -9999.0 -9999.0 -9999.0 -9999.0 -9999.0 -9999.0 -9999.0 -9999.0 -9999.0 -9999.0 -9999.0 -9999.0 -9999.0 -9999.0 -9999.0 -9999.0 -9999.0 -9999.0 -9999.0 -9999.0 -9999.0 -9999.0 -9999.0 -9999.0 -9999.0 -9999.0 -9999.0 -9999.0 -9999.0 -9999.0 -9999.0 -9999.0
-9999.0 -9999.0 -9999.0 -9999.0 -9999.0 -9999.0 -9999.0 -9999.0 -9999.0 -9999.0 -9999.0 -9999.0 -9999.0 -9999.0 -9999.0 -9999.0 -9999.0 -9999.0 -9999.0 -9999.0 -9999.0 -9999.0 -9999.0 -9999.0 -9999.0 -9999.0 -9999.0 -9999.0 -9999.0 -9999.0 -9999.0 -9999.0 -9999.0 -9999.0 -9999.0 -9999.0 -9999.0 -9999.0 -9999.0 -9999.0 -9999.0 -9999.0 -9999.0 -9999.0 -9999.0 -9999.0 -9999.0 3872.392387 3855.232720 3842.357310 3836.923794 3857.437207 3880.279622 3903.956841 3924.328575
-9999.0 -9999.0 -9999.0 -9999.0 -9999.0 -9999.0 -9999.0 -9999.0 -9999.0 -9999.0 -9999.0 -9999.0 -9999.0 -9999.0 -9999.0 -9999.0 -9999.0 -9999.0 -9999.0 -9999.0 -9999.0 -9999.0 -9999.0 -9999.0 -9999.0 -9999.0 -9999.0 -9999.0 -9999.0 -9999.0 -9999.0 -9999.0 -9999.0 -9999.0 -9999.0 -9999.0 -9999.0 -9999.0 -9999.0 -9999.0 3924.039741 3929.884652 3929.147408 3919.331657 3907.829167 3893.584886 3872.686236 3855.596323 3842.911932 3841.038314 3843.255444 3845.083264 3865.024167 3890.457973 3910.271075
-9999.0 -9999.0 -9999.0 -9999.0 -9999.0 -9999.0 -9999.0 -9999.0 -9999.0 -9999.0 -9999.0 -9999.0 -9999.0 -9999.0 -9999.0 -9999.0 -9999.0 -9999.0 -9999.0 -9999.0 -9999.0 -9999.0 -9999.0 -9999.0 -9999.0 -9999.0 -9999.0 -9999.0 -9999.0 -9999.0 -9999.0 -9999.0 -9999.0 -9999.0 3831.973380 3848.642740 3866.364561 3884.813677 3901.713545 3908.742050 3914.480965 3919.590252 3914.629755 3910.072938 3898.052513 3876.266977 3856.828210 3844.179850 3843.370153 3840.766156 3843.872692 3854.774604 3871.086951 3885.500805 3905.663309
-9999.0 -9999.0 -9999.0 -9999.0 -9999.0 -9999.0 -9999.0 -9999.0 -9999.0 -9999.0 -9999.0 -9999.0 -9999.0 -9999.0 -9999.0 -9999.0 -9999.0 -9999.0 -9999.0 -9999.0 -9999.0 -9999.0 -9999.0 -9999.0 -9999.0 -9999.0 -9999.0 -9999.0 3838.595353 3832.516969 3827.588003 3825.777982 3824.065748 3822.956245 3829.384581 3840.025986 3856.555438 3878.537677 3891.713839 3898.797862 3905.563266 3905.569531 3899.160306 3897.233691 3897.461384 3884.245866 3871.472174 3859.495383 3847.729844 3843.828344 3852.198648 3866.150399 3882.037843 3896.199546 3911.071212
-9999.0 -9999.0 -9999.0 -9999.0 -9999.0 -9999.0 -9999.0 -9999.0 -9999.0 -9999.0 -9999.0 -9999.0 -9999.0 -9999.0 -9999.0 -9999.0 -9999.0 -9999.0 -9999.0 -9999.0 -9999.0 -9999.0 -9999.0 3809.072752 3813.610154 3819.942430 3827.461033 3828.226960 3824.955251 3819.425720 3816.596690 3814.916650 3812.178669 3816.423400 3822.786992 3835.195219 3849.914630 3871.960363 3879.735984 3883.125041 3893.844950 3897.434817 3905.445052 3908.870101 3906.489056 3901.626582 3885.612983 3872.958547 3873.859578 3876.885696 3883.287058 3891.263703 3904.321885 3917.133774 3931.398922
-9999.0 -9999.0 -9999.0 -9999.0 -9999.0 -9999.0 -9999.0 -9999.0 -9999.0 -9999.0 -9999.0 -9999.0 -9999.0 -9999.0 -9999.0 -9999.0 -9999.0 -9999.0 -9999.0 3784.894694 3785.892578 3787.351288 3792.099225 3792.198784 3793.644566 3800.078676 3807.742866 3810.482318 3807.800905 3806.592158 3807.447713 3809.535022 3813.607432 3823.262589 3835.910794 3849.096064 3860.904170 3880.787151 3894.344790 3905.554056 3919.866995 3919.992867 3915.892821 3913.656543 3912.784043 3910.023658 3906.245955 3903.677441 3909.200710 3908.172041 3910.277718 3918.734660 3930.235200 3945.631398 3961.902671
-9999.0 -9999.0 -9999.0 -9999.0 -9999.0 -9999.0 -9999.0 -9999.0 -9999.0 -9999.0 -9999.0 -9999.0 -9999.0 -9999.0 -9999.0 -9999.0 3755.872850 3757.497470 3759.760448 3765.153084 3768.899747 3772.593999 3779.304378 3780.575068 3783.462490 3790.010633 3793.769682 3802.593835 3810.411994 3816.677520 3821.648671 3823.075149 3828.309865 3836.300601 3846.440630 3858.754101 3877.252919 3899.797660 3914.232972 3929.811785 3946.051920 3945.654158 3942.858980 3941.990487 3939.146521 3938.370970 3951.059793 3952.760674 3945.069548 3952.214388 3962.619201 3964.112709 3970.145266 3989.375783 4010.544305
-9999.0 -9999.0 -9999.0 -9999.0 -9999.0 -9999.0 -9999.0 -9999.0 -9999.0 -9999.0 -9999.0 -9999.0 -9999.0 3705.768083 3709.510223 3719.701699 3731.610228 3734.559960 3739.424225 3746.002100 3757.720041 3760.897337 3766.269663 3772.716620 3784.879554 3792.691621 3800.437925 3811.106022 3817.886650 3823.566341 3828.530134 3829.429999 3839.120310 3851.436995 3864.069735 3881.538459 3902.121477 3918.760133 3935.130781 3950.505047 3960.558020 3955.785990 3954.092215 3955.242003 3958.266645 3969.271554 3984.322870 3981.804019 3988.525921 4007.588059 4016.278176 4021.842441 4026.721394 4040.163320 4061.335265
-9999.0 -9999.0 -9999.0 -9999.0 -9999.0 -9999.0 -9999.0 -9999.0 -9999.0 -9999.0 3680.918059 3681.947260 3677.817579 3674.076938 3679.718624 3691.770717 3706.183763 3710.998917 3722.660542 3743.644431 3762.014118 3764.237777 3776.510129 3785.840970 3791.468269 3799.790576 3811.102479 3821.398872 3834.768279 3844.516763 3850.894484 3864.707467 3878.557565 3892.865601 3908.244013 3927.079441 3940.869677 3962.075953 3985.193631 3991.735319 4006.341260 4006.357731 4001.172073 3998.105234 4006.608298 4015.722195 4028.089134 4041.077307 4057.974877 4078.318255 4086.315413 4098.294113 4106.480488 4115.984591 4130.914805
-9999.0 -9999.0 -9999.0 -9999.0 -9999.0 -9999.0 -9999.0 -9999.0 3656.552642 3664.629201 3669.421167 3665.605259 3660.597583 3653.649436 3668.017580 3682.708350 3697.796822 3715.618180 3730.278352 3747.727250 3760.306965 3773.553941 3792.573266 3801.718848 3810.530357 3823.844834 3835.000574 3847.515817 3866.004578 3871.022933 3879.129586 3896.402388 3909.787339 3924.771647 3941.236884 3955.868502 3973.468574 4001.697666 4028.845149 4042.677339 4067.359883 4082.467904 4075.214728 4072.096404 4072.247139 4094.021861 4118.813299 4146.825692 4163.744086 4185.765958 4213.255896 4232.181567 4241.149654 4251.993738 4265.625964
-9999.0 -9999.0 -9999.0 -9999.0 -9999.0 -9999.0 3628.014933 3652.133160 3666.935030 3657.614050 3641.759251 3635.574228 3628.175285 3660.233549 3681.959794 3698.466058 3714.157692 3730.637066 3745.683119 3751.847993 3779.257736 3797.761299 3807.637667 3818.356230 3831.286369 3844.144783 3858.536925 3877.839179 3892.916440 3911.710518 3924.323664 3937.830809 3959.642715 3975.279619 3990.712774 4002.420481 4028.350365 4061.714212 4095.208491 4118.209336 4141.666592 4172.925083 4171.076997 4172.088643 4172.621036 4196.735560 4230.731572 4260.186142 4291.456841 4321.595224 4350.149045 4360.491420 4369.334559 4379.116954 4391.630766
-9999.0 -9999.0 -9999.0 -9999.0 3596.488325 3616.958917 3634.752607 3664.078061 3685.259863 3679.604117 3682.665743 3679.357855 3673.464638 3677.901267 3685.383744 3701.330754 3719.435820 3737.919617 3750.181359 3774.313143 3820.474044 3829.247741 3843.464529 3870.992419 3880.090927 3892.487327 3906.616659 3925.344138 3941.054840 3965.992474 3997.373466 4024.034251 4043.805703 4061.702638 4079.834077 4095.335690 4130.153206 4166.625504 4201.762984 4232.587476 4258.854950 4284.862868 4290.543390 4295.084869 4304.888173 4322.152935 4345.123900 4372.798547 4406.895013 4439.106651 4462.216007 4470.679179 4475.636109 4485.172081 4492.418685
-9999.0 -9999.0 -9999.0 3541.361616 3580.277922 3619.924528 3644.603900 3673.935791 3705.539190 3703.504979 3711.244645 3709.029374 3705.712844 3709.413205 3710.355772 3725.515832 3742.827337 3762.263626 3782.337832 3814.064995 3840.909795 3855.134437 3880.964958 3893.897033 3904.386656 3915.693060 3933.275392 3951.722106 3986.631729 4014.382006 4059.099597 4108.847570 4139.984384 4158.519023 4180.967998 4208.551238 4233.846758 4273.120950 4307.126150 4339.192672 4369.366913 4391.310610 4405.064908 4409.465251 4419.312434 4424.844334 4437.009114 4458.048285 4480.591335 4511.685171 4541.205571 4570.876261 4586.488573 4597.882998 4615.313354
-9999.0 -9999.0 3492.720069 3532.488865 3562.811826 3608.156936 3660.565347 3695.103242 3733.330377 3750.233568 3751.747749 3759.999999 3768.420717 3767.179502 3773.577457 3784.335360 3806.394881 3814.960458 3835.257970 3847.173212 3881.105867 3912.050416 3902.510439 3937.786670 3966.788154 3999.926157 4021.591558 4047.969621 4086.001189 4118.479429 4162.199977 4212.240802 4246.083399 4273.718274 4289.851478 4310.548590 4330.858505 4357.892289 4395.316253 4420.785664 4454.976441 4480.545086 4500.044393 4500.110915 4502.705191 4519.095642 4548.193153 4579.978685 4609.750184 4639.728625 4621.263510 4646.785038 4658.205752 4664.577643 4674.596521
-9999.0 -9999.0 3461.467757 3508.227503 3540.970152 3596.345406 3683.822565 3716.629659 3755.136784 3799.738537 3811.632897 3831.588669 3820.776694 3804.547184 3820.338989 3832.272562 3853.991021 3861.318304 3854.016677 3905.129313 3956.255205 3975.306268 3973.617499 4052.262921 4105.890235 4131.754863 4149.459850 4169.912964 4189.116059 4226.967385 4265.088328 4320.227269 4361.548303 4391.650397 4406.355092 4427.081655 4446.898152 4461.950711 4481.933995 4530.216277 4567.363401 4599.247829 4632.219099 4653.968100 4662.318640 4667.807762 4639.744633 4661.106400 4675.593059 4681.841064 4684.368756 4680.516683 4679.985937 4680.850012 4681.771319
-9999.0 3366.837379 3419.329203 3468.862951 3531.654138 3590.912205 3663.042649 3736.040268 3803.694590 3856.269999 3880.104362 3868.547876 3860.071782 3881.139356 3898.790362 3912.818830 3918.712597 3929.942616 3909.292789 3963.712669 3998.010809 4042.466183 4140.116591 4199.189752 4266.360185 4261.700955 4249.263061 4253.253843 4268.248817 4315.677912 4397.308801 4455.654895 4524.238609 4575.274734 4593.188538 4601.231492 4620.554226 4641.899485 4583.201052 4630.622423 4652.566974 4670.877980 4681.670984 4684.194825 4685.604397 4685.341913 4681.573899 4674.416833 4666.138741 4660.215642 4655.929634 4651.426356 4653.870313 4657.211633 4657.253188
-9999.0 3327.533539 3384.221708 3451.483465 3517.501469 3558.671612 3635.328770 3806.380745 3870.339302 3907.923582 3909.147096 3874.079853 3927.306706 3985.779924 4008.200054 4053.741375 4036.369211 4020.729424 3979.055934 4003.155630 4040.095555 4110.966186 4288.571158 4378.803599 4436.286100 4444.203605 4444.257316 4473.385132 4519.549230 4569.731082 4618.639041 4581.548776 4636.138792 4663.140344 4668.782790 4669.572610 4675.630971 4674.002972 4672.785243 4668.228329 4662.986038 4663.168791 4667.944555 4667.807578 4664.789593 4661.310935 4655.546908 4648.128449 4642.985864 4638.344936 4635.702751 4632.894261 4630.831347 4629.886129 4624.842792
-9999.0 3283.943729 3359.577656 3416.039515 3456.498013 3540.733680 3671.222124 3816.871749 3913.664288 3946.542460 3913.103704 3940.391143 4044.126922 4153.299008 4206.425089 4227.197762 4203.965101 4150.079201 4125.478946 4169.545818 4242.118759 4369.008005 4519.162985 4624.410492 4640.784400 4644.547389 4591.184671 4619.897365 4646.510394 4649.668482 4650.918083 4660.037986 4665.206591 4668.277484 4666.666363 4663.761976 4658.897437 4650.612837 4645.834281 4642.054159 4638.212732 4636.895701 4638.771927 4640.779463 4637.882538 4633.948957 4629.457924 4623.884101 4617.504658 4610.668927 4606.225323 4601.864047 4599.679208 4593.888551 4590.466216
-9999.0 3153.271329 3251.838768 3287.774075 3349.959862 3541.954271 3671.295316 3808.466864 3978.176533 3994.091785 4032.518160 4177.248027 4300.806747 4383.861415 4411.116439 4443.667309 4468.212659 4483.397127 4521.548910 4385.303454 4472.285589 4580.107127 4630.172939 4651.883289 4664.014225 4664.429292 4654.204147 4633.044793 4622.227388 4615.461917 4617.076652 4624.407132 4628.938064 4633.607038 4631.264171 4632.468333 4633.840779 4630.683410 4626.582830 4617.701324 4609.764404 4602.819287 4599.196798 4603.771465 4599.144088 4596.931047 4590.614453 4581.981103 4572.858376 4565.447448 4557.305410 4550.664801 4548.456063 4543.449107 4542.208375
-9999.0 3072.093920 3143.053958 3193.370003 3295.156664 3457.938809 3542.909723 3697.558651 3946.932105 4088.604103 4263.090704 4359.806870 4430.965736 4469.955246 4518.891835 4573.507189 4602.112411 4615.215597 4580.495021 4606.270978 4561.613791 4550.241890 4568.447206 4598.803805 4617.216283 4621.509759 4613.844484 4605.018384 4597.723990 4596.600993 4594.232353 4589.562723 4584.874262 4580.949922 4577.811101 4581.045769 4586.568802 4579.180146 4568.439693 4558.621065 4549.782879 4540.289293 4534.187299 4529.188829 4529.882164 4530.210926 4522.432170 4511.773180 4500.702037 4492.246534 4485.019331 4480.639318 4477.791823 4472.654777 4462.399116
-9999.0 2945.264609 3080.961368 3151.198346 3236.189485 3361.304715 3457.447290 3604.625532 3728.786763 3980.224382 4118.139738 4333.101821 4386.307683 4460.345010 4506.383534 4582.572154 4576.968240 4545.814700 4500.762447 4484.947768 4498.174819 4507.736316 4515.524932 4529.436976 4547.588728 4558.113051 4563.953681 4558.331625 4544.001408 4530.844056 4518.741118 4504.163624 4494.218172 4491.429999 4496.243311 4506.939716 4507.063373 4497.658349 4483.177414 4464.327275 4448.252014 4436.079632 4434.230408 4437.296011 4438.584564 4434.302036 4428.596652 4417.603567 4404.795822 4392.018347 4386.551113 4382.285520 4374.543883 4362.781196 4350.451112
-9999.0 -9999.0 2991.285575 3098.121127 3185.505883 3290.946258 3370.323558 3479.068888 3615.264491 3783.657563 3900.382239 4094.135015 4196.198530 4241.222464 4272.774919 4330.179631 4358.152085 4393.320028 4390.990081 4405.257457 4416.681789 4422.574861 4427.496802 4432.465211 4442.779640 4452.881943 4463.926131 4461.074000 4452.354148 4431.033627 4404.034703 4382.958417 4372.037818 4362.210318 4375.006385 4387.858163 4381.715456 4374.684019 4361.778232 4345.317821 4332.737805 4318.259199 4314.807146 4314.579895 4315.237014 4312.977395 4310.796137 4298.267991 4285.958136 4276.333384 4272.482701 4266.800342 4263.455444 4253.650670 4243.013674
-9999.0 -9999.0 2901.250753 3002.674380 3099.404866 3212.725400 3289.574070 3283.661825 3413.495897 3512.414080 3620.843686 3735.927264 3837.220317 3908.212607 3939.390194 4003.046265 4063.941020 4083.836318 4129.780417 4190.365586 4227.459837 4270.381751 4295.183310 4304.432239 4317.044268 4332.095582 4339.489938 4323.495881 4312.138375 4294.860665 4270.795922 4243.146343 4229.180995 4229.401908 4227.672588 4228.352784 4220.222632 4211.318688 4196.700912 4183.036104 4170.909726 4162.462968 4158.925003 4152.771187 4150.186288 4147.414368 4145.946487 4141.318739 4133.581843 4129.547069 4121.200147 4117.823069 4117.367688 4114.943000 4109.750938
