tests/Borden05m/data_simulated/sim_1/output-maps/psiliqL0016N0013.asc
ncols         160
nrows         34
xllcorner     620200.000000
yllcorner     5168000.000000
cellsize      0.500000
NODATA_value  -9999.0
[rows 0 to 24 of 34, columns 0 to 54 of 160]
-9999.0 -9999.0 -9999.0 -9999.0 -9999.0 -9999.0 -9999.0 -9999.0 -9999.0 -9999.0 -9999.0 -9999.0 -9999.0 -9999.0 -9999.0 -9999.0 -9999.0 -9999.0 -9999.0 -9999.0 -9999.0 -9999.0 -9999.0 -9999.0 -9999.0 -9999.0 -9999.0 -9999.0 -9999.0 -9999.0 -9999.0 -9999.0 -9999.0 -9999.0 -9999.0 -9999.0 -9999.0 -9999.0 -9999.0 -9999.0 -9999.0 -9999.0 -9999.0 -9999.0 -9999.0 -9999.0 -9999.0 -9999.0 -9999.0 -9999.0 -9999.0 -9999.0 -9999.0 -9999.0 -9999.0
-9999.0 -9999.0 -9999.0 -9999.0 -9999.0 -9999.0 -9999.0 -9999.0 -9999.0 -9999.0 -9999.0 -9999.0 -9999.0 -9999.0 -9999.0 -9999.0 -9999.0 -9999.0 -9999.0 -9999.0 -9999.0 -9999.0 -9999.0 -9999.0 -9999.0 -9999.0 -9999.0 -9999.0 -9999.0 -9999.0 -9999.0 -9999.0 -9999.0 -9999.0 -9999.0 -9999.0 -9999.0 -9999.0 -9999.0 -9999.0 -9999.0 -9999.0 -9999.0 -9999.0 -9999.0 -9999.0 -9999.0 -9999.0 -9999.0 -9999.0 -9999.0 -9999.0 -9999.0 -9999.0 -9999.0
-9999.0 -9999.0 -9999.0 -9999.0 -9999.0 -9999.0 -9999.0 -9999.0 -9999.0 -9999.0 -9999.0 -9999.0 -9999.0 -9999.0 -9999.0 -9999.0 -9999.0 -9999.0 -9999.0 -9999.0 -9999.0 -9999.0 -9999.0 -9999.0 -9999.0 -9999.0 -9999.0 -9999.0 -9999.0 -9999.0 -9999.0 -9999.0 -9999.0 -9999.0 -9999.0 -9999.0 -9999.0 -9999.0 -9999.0 -9999.0 -9999.0 -9999.0 -9999.0 -9999.0 -9999.0 -9999.0 -9999.0 1299.558384 1282.436117 1267.519269 1264.926778 1287.374133 1310.983111 1335.085567 1355.957169
-9999.0 -9999.0 -9999.0 -9999.0 -9999.0 -9999.0 -9999.0 -9999.0 -9999.0 -9999.0 -9999.0 -9999.0 -9999.0 -9999.0 -9999.0 -9999.0 -9999.0 -9999.0 -9999.0 -9999.0 -9999.0 -9999.0 -9999.0 -9999.0 -9999.0 -9999.0 -9999.0 -9999.0 -9999.0 -9999.0 -9999.0 -9999.0 -9999.0 -9999.0 -9999.0 -9999.0 -9999.0 -9999.0 -9999.0 -9999.0 1347.020313 1353.058293 1354.129337 1344.051939 1333.091180 1320.797812 1300.872221 1283.354099 1269.132923 1267.038619 1269.971479 1274.809984 1297.253861 1322.422976 1342.489767
-9999.0 -9999.0 -9999.0 -9999.0 -9999.0 -9999.0 -9999.0 -9999.0 -9999.0 -9999.0 -9999.0 -9999.0 -9999.0 -9999.0 -9999.0 -9999.0 -9999.0 -9999.0 -9999.0 -9999.0 -9999.0 -9999.0 -9999.0 -9999.0 -9999.0 -9999.0 -9999.0 -9999.0 -9999.0 -9999.0 -9999.0 -9999.0 -9999.0 -9999.0 1253.873992 1271.349227 1289.634873 1308.345344 1325.395736 1332.449258 1338.375998 1344.210902 1340.234884 1335.940967 1324.835396 1305.588317 1286.431228 1273.138307 1271.600898 1269.504679 1274.001887 1286.925598 1304.050645 1320.346878 1341.568842
-9999.0 -9999.0 -9999.0 -9999.0 -9999.0 -9999.0 -9999.0 -9999.0 -9999.0 -9999.0 -9999.0 -9999.0 -9999.0 -9999.0 -9999.0 -9999.0 -9999.0 -9999.0 -9999.0 -9999.0 -9999.0 -9999.0 -9999.0 -9999.0 -9999.0 -9999.0 -9999.0 -9999.0 1257.164355 1251.458139 1246.778274 1245.627275 1244.655412 1243.905249 1250.916988 1263.016083 1281.114968 1303.208075 1316.572415 1324.114745 1331.096204 1332.052357 1327.164578 1325.592456 1326.331872 1314.692362 1303.255801 1292.579005 1282.275828 1280.777468 1290.603979 1305.176491 1321.826926 1337.065982 1352.898010
-9999.0 -9999.0 -9999.0 -9999.0 -9999.0 -9999.0 -9999.0 -9999.0 -9999.0 -9999.0 -9999.0 -9999.0 -9999.0 -9999.0 -9999.0 -9999.0 -9999.0 -9999.0 -9999.0 -9999.0 -9999.0 -9999.0 -9999.0 1226.313949 1232.096462 1238.904776 1246.735258 1247.985930 1244.348282 1239.115063 1236.535198 1235.458966 1234.032940 1238.912247 1247.102340 1260.890893 1276.956156 1299.298240 1308.204284 1314.280921 1326.692087 1330.024148 1336.590097 1341.029712 1339.687343 1336.964011 1324.341147 1314.957814 1319.778619 1325.655973 1332.890856 1341.393028 1355.268470 1370.749393 1388.112190
-9999.0 -9999.0 -9999.0 -9999.0 -9999.0 -9999.0 -9999.0 -9999.0 -9999.0 -9999.0 -9999.0 -9999.0 -9999.0 -9999.0 -9999.0 -9999.0 -9999.0 -9999.0 -9999.0 1200.676611 1201.804845 1203.321974 1208.334383 1209.310456 1211.669173 1218.950466 1227.440852 1230.294154 1228.855394 1227.930986 1229.857752 1232.998522 1237.852836 1249.424487 1263.584497 1278.147662 1292.239766 1313.521534 1328.646843 1342.412005 1358.689760 1358.680551 1355.192144 1353.841705 1354.665564 1354.960568 1358.387578 1360.816631 1367.470943 1371.834249 1378.088614 1387.864885 1399.954900 1418.349536 1438.209629
-9999.0 -9999.0 -9999.0 -9999.0 -9999.0 -9999.0 -9999.0 -9999.0 -9999.0 -9999.0 -9999.0 -9999.0 -9999.0 -9999.0 -9999.0 -9999.0 1171.436246 1173.453606 1175.946682 1181.608679 1184.928308 1189.242128 1196.542575 1198.195026 1202.284271 1209.818551 1215.054222 1224.387922 1232.947775 1240.685527 1247.112222 1250.241145 1258.012381 1268.052728 1280.326457 1295.806430 1317.510936 1341.164453 1357.813077 1375.109760 1392.711305 1393.818773 1393.120001 1394.581563 1395.183484 1401.098016 1418.436228 1424.192026 1424.715965 1440.410724 1454.481293 1459.703454 1467.794685 1487.478101 1511.337690
-9999.0 -9999.0 -9999.0 -9999.0 -9999.0 -9999.0 -9999.0 -9999.0 -9999.0 -9999.0 -9999.0 -9999.0 -9999.0 1124.078619 1128.382592 1138.313366 1148.200613 1151.105919 1155.831795 1162.345304 1174.909328 1178.945516 1185.561054 1193.513837 1205.978384 1215.077723 1224.671796 1236.988794 1245.842084 1253.548323 1261.005352 1266.725056 1280.222843 1295.791473 1311.855064 1332.434701 1354.967115 1375.720842 1396.387202 1412.874271 1426.826063 1428.613297 1428.196538 1431.032123 1438.706920 1455.651615 1474.576229 1482.746927 1500.063070 1523.179766 1536.656059 1548.192848 1557.018683 1571.007611 1592.675543
-9999.0 -9999.0 -9999.0 -9999.0 -9999.0 -9999.0 -9999.0 -9999.0 -9999.0 -9999.0 1091.392969 1093.769606 1090.574538 1090.239317 1095.732652 1108.195768 1122.375147 1129.159617 1141.202185 1162.612301 1180.982692 1184.920314 1199.793802 1210.542220 1217.851408 1228.826322 1242.490571 1255.762732 1272.951798 1285.936072 1297.750419 1317.435568 1334.463186 1351.623528 1369.997759 1390.966041 1410.908612 1439.328497 1466.710455 1479.653252 1501.779151 1512.191706 1509.834062 1510.274283 1519.834226 1535.698502 1556.563315 1579.412304 1601.255332 1626.675717 1643.640312 1658.413468 1669.532756 1682.187575 1698.420193
-9999.0 -9999.0 -9999.0 -9999.0 -9999.0 -9999.0 -9999.0 -9999.0 1066.443661 1074.063985 1080.333919 1077.582655 1073.405645 1069.545492 1083.751687 1099.904042 1116.331289 1134.482548 1150.901662 1169.619233 1185.271385 1201.893433 1222.381143 1234.604805 1246.788673 1262.753675 1277.045675 1294.582338 1316.501681 1329.359441 1346.126056 1368.042249 1387.066884 1405.763895 1425.269239 1444.063971 1470.449688 1504.248521 1536.482319 1558.990065 1587.266112 1610.068438 1609.361969 1611.906118 1616.474762 1642.257978 1671.624576 1702.476231 1727.395509 1754.665536 1784.400389 1803.067854 1814.127468 1827.066650 1842.576533
-9999.0 -9999.0 -9999.0 -9999.0 -9999.0 -9999.0 1038.779075 1063.210232 1078.500128 1070.771809 1060.592726 1057.064775 1053.086066 1077.859905 1100.280808 1118.001963 1135.395432 1153.574840 1170.695851 1183.751608 1217.622035 1236.380098 1251.206484 1269.445514 1284.857942 1300.296621 1318.451438 1342.408844 1364.547697 1394.093290 1419.562216 1443.456043 1470.261361 1490.583022 1510.064050 1528.590126 1560.113953 1597.708015 1634.664676 1663.521497 1690.948896 1722.284544 1729.040555 1734.769750 1741.601363 1763.282845 1795.460306 1826.037073 1859.864566 1892.087490 1919.422721 1931.690323 1942.433192 1954.053810 1967.802623
-9999.0 -9999.0 -9999.0 -9999.0 1005.181282 1026.223051 1046.293799 1077.137579 1099.914802 1095.267434 1102.018753 1102.288709 1100.559566 1105.017110 1112.695374 1131.232698 1150.514136 1170.145287 1188.258286 1222.954017 1268.216868 1284.101256 1308.452948 1341.064891 1355.441751 1371.589813 1388.766018 1412.452794 1439.055658 1472.575303 1515.805122 1552.694047 1578.681304 1601.883984 1623.562534 1645.544369 1680.216744 1718.237169 1755.386077 1789.672237 1819.619320 1845.891233 1858.195628 1866.121100 1878.054736 1894.788536 1916.570686 1944.168265 1975.920198 2008.157526 2033.233871 2046.640161 2054.602456 2065.464231 2075.821402
-9999.0 -9999.0 -9999.0 955.064017 993.923837 1032.160996 1059.260857 1090.392999 1122.903865 1127.391192 1136.785139 1141.582489 1146.212374 1154.925915 1163.411385 1181.062805 1198.169562 1215.331579 1238.167076 1275.394734 1310.630440 1339.940775 1372.465161 1398.957465 1419.799315 1436.413824 1455.987001 1480.437660 1520.543374 1557.703849 1607.845635 1661.043587 1697.639301 1721.859937 1744.556235 1772.222925 1797.587402 1834.423042 1869.527316 1902.852720 1934.752897 1959.540089 1978.063506 1985.678504 1995.515726 2004.037042 2020.029916 2041.653577 2063.771087 2092.965082 2121.589570 2147.121761 2161.617588 2172.066101 2188.381865
-9999.0 -9999.0 907.648611 945.769294 979.685768 1029.702006 1082.952759 1117.795105 1158.914726 1182.634462 1189.520343 1206.352811 1222.296518 1229.374210 1244.703400 1261.963518 1280.870938 1288.755773 1306.967259 1336.660978 1385.842117 1430.903846 1450.112517 1500.500037 1534.405190 1563.624786 1582.755173 1610.236262 1646.511153 1687.457911 1735.552325 1785.474559 1823.547704 1854.514889 1871.306486 1891.092793 1913.639814 1938.196525 1972.651284 2001.360098 2033.332022 2059.611863 2081.362948 2087.761802 2092.738786 2108.666379 2133.551102 2160.147071 2185.221336 2209.552984 2211.184585 2224.721414 2231.331911 2235.425157 2241.058459
-9999.0 -9999.0 880.496271 925.715349 965.499968 1031.194808 1112.062897 1149.325495 1192.414993 1238.791240 1257.497787 1282.194157 1292.671652 1300.520453 1323.856432 1345.971126 1360.006489 1367.843808 1368.047525 1424.148004 1482.721414 1531.158575 1574.369197 1643.161593 1690.259831 1708.951383 1723.032053 1744.379649 1768.882061 1811.472572 1857.737296 1910.372371 1953.581551 1984.436604 2000.607657 2019.205666 2039.378378 2056.851048 2076.116738 2116.367978 2145.107247 2171.819381 2199.496193 2220.027285 2228.527715 2232.441273 2220.484865 2231.671152 2239.496006 2243.330983 2245.133759 2242.395760 2242.350654 2243.550795 2244.866663
-9999.0 790.983461 843.263230 896.275488 964.857609 1031.743271 1114.348465 1194.178556 1252.777515 1301.252756 1330.653933 1341.424146 1374.324492 1415.169322 1440.869216 1467.009612 1471.346707 1478.265514 1468.869549 1518.916694 1568.190666 1640.329972 1748.707830 1806.174299 1853.978976 1856.841704 1852.563554 1865.026805 1888.260715 1932.027352 2000.048167 2048.155548 2102.470656 2143.627620 2159.208076 2166.390250 2184.147761 2204.119376 2187.216797 2212.548926 2224.818347 2235.187846 2239.343869 2241.825339 2243.528011 2244.217244 2241.487167 2235.534634 2228.153151 2222.904463 2219.101991 2214.795041 2217.359817 2220.688265 2221.305027
-9999.0 755.162932 814.461612 885.752051 956.630431 1022.447020 1123.900226 1270.053983 1325.426954 1363.653163 1385.394043 1403.202367 1478.746411 1544.084383 1577.504475 1622.439911 1617.229973 1607.988734 1593.838807 1627.223577 1676.566751 1750.736827 1895.880537 1981.095545 2013.427234 2025.939471 2033.825250 2061.424518 2099.366566 2137.219876 2171.930839 2168.701867 2198.327898 2213.710919 2218.740221 2221.192721 2225.882724 2226.786740 2225.926800 2223.324218 2219.813749 2221.107695 2226.103752 2226.677316 2224.476692 2221.767024 2216.405113 2208.930602 2203.355521 2198.528913 2195.532403 2192.296481 2190.409066 2190.039999 2185.274909
-9999.0 724.229082 795.967444 859.090881 922.213789 1034.380141 1161.325107 1298.284548 1392.218144 1430.484549 1449.523876 1515.111135 1615.480470 1711.888918 1763.518228 1789.108597 1789.763996 1767.924314 1770.796105 1816.965725 1883.640890 1979.107064 2076.684577 2156.825748 2172.522241 2178.533743 2157.101312 2173.724074 2189.114375 2193.408923 2196.635781 2202.385088 2209.319729 2213.783322 2214.061950 2212.626665 2209.155215 2202.268004 2198.239497 2195.701463 2192.935949 2192.996076 2195.968063 2197.530501 2195.123627 2191.262645 2186.522860 2180.445787 2173.752643 2166.587075 2162.040060 2157.484526 2154.836250 2149.385370 2144.538011
-9999.0 621.933157 711.308003 764.855008 875.225599 1051.487459 1179.008738 1328.509974 1477.287779 1515.250321 1587.458874 1708.942501 1814.777391 1888.482021 1927.451975 1968.420373 1997.919642 2022.278599 2059.363973 2011.455593 2072.488509 2136.059840 2165.575667 2181.084739 2186.768837 2190.620218 2185.039592 2168.070310 2159.897576 2155.302845 2158.862753 2167.756143 2174.516864 2181.065952 2179.997158 2181.390426 2182.116341 2179.071515 2175.611388 2167.725606 2160.471863 2154.895353 2153.058301 2158.206294 2153.300399 2150.033801 2143.674620 2135.121939 2125.808034 2117.635736 2109.357313 2102.113003 2098.812401 2092.696973 2090.401570
-9999.0 541.084688 617.551669 703.692932 839.058062 1003.765031 1130.256776 1297.154306 1509.449454 1628.489941 1757.134620 1831.157358 1903.272105 1961.136195 2021.280249 2068.318830 2094.425094 2106.877875 2097.173943 2112.530368 2083.205646 2079.440992 2099.931202 2129.249144 2145.510810 2151.857291 2145.750017 2137.366741 2131.957710 2132.400227 2132.304395 2131.537955 2130.390397 2128.773089 2126.246295 2128.679847 2133.441951 2127.253089 2118.422906 2110.128437 2102.658455 2094.316401 2088.771893 2085.077829 2083.978757 2083.498432 2075.664546 2064.920391 2053.912079 2045.228578 2037.098426 2031.082201 2027.821452 2022.099272 2013.051034
-9999.0 440.123928 562.831336 655.113243 774.246830 910.841777 1035.549611 1198.833520 1346.308664 1569.025576 1724.582294 1841.165514 1883.539187 1942.961675 2000.274274 2067.627468 2072.431929 2046.082308 2015.850722 2004.648549 2014.276843 2026.782737 2041.669452 2062.432341 2081.662249 2092.951015 2096.948446 2091.045182 2078.574701 2069.709955 2063.081332 2053.360701 2046.478081 2045.472536 2046.970481 2054.566186 2056.409560 2047.257597 2034.148853 2017.774327 2003.521541 1992.735593 1989.880722 1991.250823 1991.176791 1987.234984 1980.300873 1969.481112 1956.680876 1944.497031 1936.932082 1931.146345 1923.575333 1912.753554 1900.775198
-9999.0 -9999.0 486.417202 597.439127 704.424302 826.578591 939.813468 1081.239057 1231.286771 1411.897538 1529.505185 1665.533929 1740.538384 1785.916678 1833.222319 1887.927398 1908.704974 1931.415588 1919.342370 1927.612830 1937.360980 1945.617191 1956.547664 1968.807011 1982.944764 1994.038243 2003.104130 2001.818876 1993.639221 1976.753581 1956.289419 1940.579868 1931.821861 1924.709515 1934.351118 1945.646144 1942.122246 1935.292904 1923.170422 1907.327511 1894.343410 1880.514862 1876.629396 1876.611403 1876.469806 1873.362805 1868.900360 1855.932035 1842.913205 1831.092380 1825.407393 1818.877894 1813.222343 1802.037142 1790.045046
-9999.0 -9999.0 401.659968 510.164340 623.749201 747.055823 846.274076 915.270039 1066.471267 1181.770403 1286.708556 1386.458443 1470.208511 1533.658730 1575.611968 1636.402497 1679.845815 1697.316664 1721.784654 1756.757235 1785.502237 1816.445116 1836.828426 1850.275825 1865.023681 1879.319528 1888.527128 1877.134937 1866.914263 1850.994290 1830.116244 1807.023907 1795.081714 1792.044508 1793.645471 1797.948182 1791.800362 1782.275351 1767.940962 1752.615913 1739.718095 1728.696804 1724.485330 1720.490646 1718.692685 1715.535793 1712.328480 1704.155308 1693.256050 1685.884673 1677.320348 1671.359713 1668.243444 1661.744227 1652.757808
