tests/Borden05m/data_simulated/sim_1/output-maps/psiliqL0018N0018.asc
ncols         160
nrows         34
xllcorner     620200.000000
yllcorner     5168000.000000
cellsize      0.500000
NODATA_value  -9999.0
[rows 0 to 24 of 34, columns 0 to 54 of 160]
-9999.0 -9999.0 -9999.0 -9999.0 -9999.0 -9999.0 -9999.0 -9999.0 -9999.0 -9999.0 -9999.0 -9999.0 -9999.0 -9999.0 -9999.0 -9999.0 -9999.0 -9999.0 -9999.0 -9999.0 -9999.0 -9999.0 -9999.0 -9999.0 -9999.0 -9999.0 -9999.0 -9999.0 -9999.0 -9999.0 -9999.0 -9999.0 -9999.0 -9999.0 -9999.0 -9999.0 -9999.0 -9999.0 -9999.0 -9999.0 -9999.0 -9999.0 -9999.0 -9999.0 -9999.0 -9999.0 -9999.0 -9999.0 -9999.0 -9999.0 -9999.0 -9999.0 -9999.0 -9999.0 -9999.0
-9999.0 -9999.0 -9999.0 -9999.0 -9999.0 -9999.0 -9999.0 -9999.0 -9999.0 -9999.0 -9999.0 -9999.0 -9999.0 -9999.0 -9999.0 -9999.0 -9999.0 -9999.0 -9999.0 -9999.0 -9999.0 -9999.0 -9999.0 -9999.0 -9999.0 -9999.0 -9999.0 -9999.0 -9999.0 -9999.0 -9999.0 -9999.0 -9999.0 -9999.0 -9999.0 -9999.0 -9999.0 -9999.0 -9999.0 -9999.0 -9999.0 -9999.0 -9999.0 -9999.0 -9999.0 -9999.0 -9999.0 -9999.0 -9999.0 -9999.0 -9999.0 -9999.0 -9999.0 -9999.0 -9999.0
-9999.0 -9999.0 -9999.0 -9999.0 -9999.0 -9999.0 -9999.0 -9999.0 -9999.0 -9999.0 -9999.0 -9999.0 -9999.0 -9999.0 -9999.0 -9999.0 -9999.0 -9999.0 -9999.0 -9999.0 -9999.0 -9999.0 -9999.0 -9999.0 -9999.0 -9999.0 -9999.0 -9999.0 -9999.0 -9999.0 -9999.0 -9999.0 -9999.0 -9999.0 -9999.0 -9999.0 -9999.0 -9999.0 -9999.0 -9999.0 -9999.0 -9999.0 -9999.0 -9999.0 -9999.0 -9999.0 -9999.0 1702.790594 1685.738432 1671.258405 1668.379201 1690.695578 1714.362718 1738.579453 1759.549773
-9999.0 -9999.0 -9999.0 -9999.0 -9999.0 -9999.0 -9999.0 -9999.0 -9999.0 -9999.0 -9999.0 -9999.0 -9999.0 -9999.0 -9999.0 -9999.0 -9999.0 -9999.0 -9999.0 -9999.0 -9999.0 -9999.0 -9999.0 -9999.0 -9999.0 -9999.0 -9999.0 -9999.0 -9999.0 -9999.0 -9999.0 -9999.0 -9999.0 -9999.0 -9999.0 -9999.0 -9999.0 -9999.0 -9999.0 -9999.0 1750.306552 1756.395251 1757.310548 1747.416330 1736.520267 1724.065374 1704.100076 1686.694215 1672.811570 1670.889264 1673.872279 1678.420997 1700.660674 1726.053705 1746.259965
-9999.0 -9999.0 -9999.0 -9999.0 -9999.0 -9999.0 -9999.0 -9999.0 -9999.0 -9999.0 -9999.0 -9999.0 -9999.0 -9999.0 -9999.0 -9999.0 -9999.0 -9999.0 -9999.0 -9999.0 -9999.0 -9999.0 -9999.0 -9999.0 -9999.0 -9999.0 -9999.0 -9999.0 -9999.0 -9999.0 -9999.0 -9999.0 -9999.0 -9999.0 1656.643105 1674.106504 1692.465589 1711.313627 1728.514850 1735.711676 1741.694214 1747.537441 1743.555295 1739.380111 1728.296537 1708.816017 1689.759094 1676.692851 1675.411181 1673.398891 1677.857370 1690.652893 1707.839003 1724.030886 1745.267188
-9999.0 -9999.0 -9999.0 -9999.0 -9999.0 -9999.0 -9999.0 -9999.0 -9999.0 -9999.0 -9999.0 -9999.0 -9999.0 -9999.0 -9999.0 -9999.0 -9999.0 -9999.0 -9999.0 -9999.0 -9999.0 -9999.0 -9999.0 -9999.0 -9999.0 -9999.0 -9999.0 -9999.0 1659.304487 1653.685851 1649.179197 1648.168457 1647.329886 1646.753290 1653.853626 1665.908222 1683.959834 1706.237323 1719.770544 1727.425790 1734.537583 1735.517331 1730.574727 1729.132559 1729.977259 1718.274465 1706.805318 1696.097322 1685.742866 1684.055921 1693.844582 1708.508370 1725.225223 1740.476950 1756.326134
-9999.0 -9999.0 -9999.0 -9999.0 -9999.0 -9999.0 -9999.0 -9999.0 -9999.0 -9999.0 -9999.0 -9999.0 -9999.0 -9999.0 -9999.0 -9999.0 -9999.0 -9999.0 -9999.0 -9999.0 -9999.0 -9999.0 -9999.0 1627.725658 1633.436247 1640.352633 1648.351148 1649.758967 1646.403246 1641.349339 1638.981730 1638.081735 1636.727856 1641.774042 1649.927971 1663.741980 1679.837374 1702.369461 1711.331609 1717.216144 1729.579744 1733.162829 1740.163022 1744.656026 1743.355990 1740.496434 1727.539050 1717.836432 1722.238217 1727.860904 1735.149101 1743.745390 1757.660433 1772.887582 1789.913443
-9999.0 -9999.0 -9999.0 -9999.0 -9999.0 -9999.0 -9999.0 -9999.0 -9999.0 -9999.0 -9999.0 -9999.0 -9999.0 -9999.0 -9999.0 -9999.0 -9999.0 -9999.0 -9999.0 1601.776746 1602.980285 1604.628773 1609.762001 1610.770633 1613.168644 1620.531547 1629.134391 1632.228855 1630.868470 1630.181571 1632.241782 1635.531785 1640.581501 1652.169174 1666.395896 1681.034971 1695.052814 1716.386069 1731.526336 1745.146758 1761.364136 1761.613427 1758.264445 1757.002107 1757.772731 1757.786301 1760.282843 1762.112221 1768.753791 1772.443883 1778.211714 1787.930187 1800.067886 1818.125255 1837.539434
-9999.0 -9999.0 -9999.0 -9999.0 -9999.0 -9999.0 -9999.0 -9999.0 -9999.0 -9999.0 -9999.0 -9999.0 -9999.0 -9999.0 -9999.0 -9999.0 1572.239803 1574.289318 1576.877152 1582.634471 1586.163603 1590.545719 1597.935883 1599.727575 1603.854272 1611.485902 1616.768384 1626.319447 1635.079448 1642.922385 1649.472995 1652.698755 1660.442001 1670.524967 1682.815896 1698.135029 1719.649813 1743.414215 1759.984939 1777.269684 1794.906025 1796.020754 1795.234458 1796.560680 1796.832526 1801.890949 1818.657817 1823.905448 1823.260435 1837.729939 1851.327973 1856.081040 1863.993243 1883.691623 1907.160310
-9999.0 -9999.0 -9999.0 -9999.0 -9999.0 -9999.0 -9999.0 -9999.0 -9999.0 -9999.0 -9999.0 -9999.0 -9999.0 1524.085339 1528.398193 1538.505380 1548.853088 1551.910902 1556.816292 1563.506178 1576.115451 1580.208804 1586.840342 1594.794210 1607.473330 1616.659725 1626.278628 1638.674911 1647.564701 1655.335055 1662.800998 1668.180779 1681.495530 1696.960269 1712.873789 1733.320415 1755.859043 1776.252569 1796.507870 1813.051599 1826.612753 1827.592848 1827.186227 1829.965949 1837.115796 1853.330575 1871.758843 1878.314899 1893.990786 1916.474241 1929.212046 1939.838215 1948.087554 1961.988292 1983.516534
-9999.0 -9999.0 -9999.0 -9999.0 -9999.0 -9999.0 -9999.0 -9999.0 -9999.0 -9999.0 1492.212355 1494.474640 1491.272350 1490.568572 1496.234251 1508.798032 1523.187841 1529.848579 1542.017928 1563.553278 1582.121908 1586.006859 1600.713221 1611.507084 1618.843621 1629.718904 1643.354699 1656.528194 1673.513087 1686.404647 1697.804602 1717.015134 1733.979508 1751.116462 1769.418042 1790.400713 1809.689910 1837.251779 1864.226499 1876.367724 1897.472686 1906.409381 1903.766646 1903.827609 1913.363989 1928.281500 1947.839472 1969.097500 1990.084332 2014.642522 2030.146417 2044.399104 2055.013708 2067.139643 2083.141791
-9999.0 -9999.0 -9999.0 -9999.0 -9999.0 -9999.0 -9999.0 -9999.0 1467.104388 1474.887162 1481.066412 1478.292267 1474.147650 1469.986998 1484.400146 1500.520008 1516.942024 1535.247434 1551.602394 1570.333065 1585.726507 1602.052452 1622.558890 1634.570095 1646.514624 1662.375975 1676.518139 1693.642775 1715.419145 1727.477926 1743.337377 1764.971565 1783.562616 1802.104032 1821.521271 1840.006168 1865.334649 1898.466799 1930.053942 1951.297503 1979.048108 2000.712988 1999.099694 2000.899425 2004.891671 2030.094686 2058.709396 2089.047652 2112.801726 2139.266766 2168.597668 2187.189219 2197.870194 2210.457211 2225.676761
-9999.0 -9999.0 -9999.0 -9999.0 -9999.0 -9999.0 1439.053035 1463.523759 1478.874157 1471.039481 1460.144562 1456.377502 1452.056109 1478.146289 1500.666047 1518.415313 1535.768240 1553.908291 1570.929509 1583.143050 1616.237010 1635.158601 1649.420839 1666.703970 1681.955422 1697.250326 1715.115965 1738.680845 1760.087585 1788.366903 1812.265517 1834.990608 1861.498695 1881.521953 1900.747972 1918.517739 1949.389156 1986.441747 2022.917453 2050.872720 2077.691664 2109.194634 2114.789458 2119.952091 2125.953071 2148.085783 2180.535281 2210.879411 2244.361814 2276.321262 2303.919117 2316.174920 2326.717979 2338.079558 2351.655857
-9999.0 -9999.0 -9999.0 -9999.0 1405.553446 1426.578350 1446.417586 1477.154749 1499.836191 1495.197032 1501.556942 1501.462616 1499.289350 1503.949876 1511.813769 1530.177164 1549.507004 1569.189097 1586.622385 1619.898133 1665.461526 1680.362113 1703.225298 1735.115363 1748.767056 1764.472801 1781.371676 1804.547350 1829.797812 1862.402307 1904.211104 1939.942048 1965.417651 1988.246339 2009.782152 2031.090371 2066.036838 2104.103060 2141.095474 2174.905129 2204.305411 2230.676511 2242.135943 2249.739834 2261.544375 2278.526194 2300.641511 2328.599542 2360.884407 2393.222196 2418.060492 2430.721553 2438.272644 2448.962883 2458.871140
-9999.0 -9999.0 -9999.0 1354.590586 1393.519839 1432.066336 1458.919379 1489.920771 1522.456106 1526.115267 1535.434824 1539.335771 1542.931610 1551.067320 1558.593353 1576.072144 1593.426723 1611.150438 1633.753739 1670.260814 1704.232374 1731.144197 1762.482707 1786.717979 1805.833103 1821.574386 1840.886208 1864.587034 1904.221997 1940.340587 1990.100036 2043.262088 2079.583468 2103.660041 2126.941542 2155.090158 2180.824557 2218.364384 2253.571444 2286.939621 2319.022840 2343.636724 2361.643927 2368.995905 2379.075212 2387.348491 2402.908115 2424.541112 2446.851861 2476.461843 2505.389683 2532.205346 2547.046020 2557.672093 2574.162123
-9999.0 -9999.0 1306.939360 1345.356024 1378.794164 1428.199805 1481.457851 1516.409285 1557.250806 1580.090043 1586.306053 1601.962112 1616.891435 1622.828000 1636.927646 1653.347175 1672.908799 1681.053499 1699.681810 1726.617209 1773.269761 1815.805284 1830.127652 1877.729243 1910.464440 1939.994901 1959.421705 1986.857607 2023.749347 2063.932382 2112.156702 2162.912085 2201.177141 2232.530884 2250.063737 2270.713922 2293.555408 2319.323676 2354.749217 2383.288781 2415.842134 2442.249616 2463.882470 2469.555248 2474.423817 2490.664654 2516.447035 2544.509421 2570.537715 2595.858667 2594.518708 2610.087176 2617.497092 2621.926203 2628.206058
-9999.0 -9999.0 1279.168021 1324.671240 1363.457081 1427.682452 1509.709425 1546.438867 1588.972770 1635.205905 1652.949959 1676.957559 1684.174015 1688.325596 1710.521706 1731.122543 1746.415756 1754.230019 1753.245721 1808.389640 1865.439737 1908.721228 1944.233425 2013.725496 2061.110015 2080.435245 2095.013744 2116.427610 2140.605508 2183.235582 2229.330275 2283.580244 2328.013196 2359.992972 2377.062391 2396.956488 2417.907160 2435.785460 2455.750318 2497.704855 2528.610385 2556.487998 2585.213560 2606.143891 2614.827984 2619.174362 2604.925811 2617.913857 2626.885017 2631.162217 2633.132693 2630.261559 2630.115130 2631.195751 2632.383005
-9999.0 1188.861972 1241.197898 1293.733286 1361.517298 1427.349966 1508.478772 1587.386781 1647.474618 1696.604029 1725.078727 1732.262655 1758.594317 1796.201509 1820.507144 1844.686324 1849.213289 1856.733005 1845.456237 1895.882045 1942.302045 2009.388010 2115.237996 2171.949875 2221.809368 2222.866828 2217.128056 2228.511928 2251.120868 2296.530292 2368.382275 2419.811869 2478.093103 2522.986197 2540.455641 2548.955649 2567.908081 2588.872383 2566.153804 2595.364045 2609.580247 2621.458102 2626.833092 2629.484619 2631.285046 2631.954285 2629.173566 2623.122500 2615.642705 2610.309261 2606.440227 2602.074155 2604.534020 2607.744515 2608.166053
-9999.0 1152.531646 1211.459286 1282.194913 1352.420577 1414.557801 1512.306216 1662.363673 1719.035452 1756.996653 1775.270454 1784.540330 1856.210489 1920.144071 1951.583516 1996.395028 1989.154776 1978.761890 1960.117695 1991.667022 2038.505464 2111.496166 2260.746656 2345.871045 2381.089166 2392.102607 2398.444880 2426.502770 2466.531868 2508.212176 2547.142548 2540.804587 2576.332517 2595.490663 2602.240486 2605.743182 2611.690008 2613.033132 2612.751596 2610.314905 2606.882543 2608.235309 2613.354246 2613.927454 2611.680582 2608.916304 2603.541627 2596.087970 2590.547796 2585.720633 2582.745960 2579.506313 2577.465502 2576.853032 2571.904553
-9999.0 1119.694220 1192.065800 1254.231436 1313.958482 1421.921906 1549.473605 1687.741425 1781.915010 1818.934673 1829.320949 1888.416330 1988.749504 2086.790972 2138.372507 2163.002097 2159.777709 2132.767040 2131.072801 2176.452417 2243.466385 2343.351707 2448.299625 2531.867600 2546.693334 2551.469027 2524.692703 2543.401058 2561.457474 2567.255184 2572.246376 2580.743547 2589.586938 2595.821585 2597.481611 2597.181281 2594.588732 2588.342723 2584.826566 2582.543317 2579.910651 2579.948159 2582.864415 2584.552558 2582.091334 2578.228067 2573.523930 2567.468090 2560.665393 2553.466630 2548.866020 2544.240361 2541.518242 2535.845611 2531.057388
-9999.0 1013.090001 1103.915064 1154.818451 1257.859076 1436.611749 1564.414138 1711.862143 1863.466894 1897.381916 1963.628857 2088.048606 2196.120174 2271.091355 2308.050642 2347.596707 2376.165634 2398.871363 2435.779166 2373.844226 2438.388820 2508.655737 2540.828999 2556.536174 2562.226280 2564.688490 2557.982505 2540.594615 2532.927278 2529.538939 2534.767529 2545.580933 2554.126157 2562.314578 2562.687003 2565.392899 2567.299500 2565.062834 2562.035277 2554.388692 2547.287415 2541.649294 2539.607649 2544.677566 2539.786864 2536.642560 2530.238434 2521.529323 2511.711120 2503.529584 2495.180650 2487.911637 2484.624917 2478.508174 2476.227984
-9999.0 932.254264 1007.914603 1088.609384 1218.885973 1383.352357 1503.415460 1668.177032 1885.635702 2007.354372 2142.268886 2219.129677 2290.807494 2345.542851 2403.710558 2452.138522 2478.580772 2490.945086 2477.087589 2493.685257 2461.550469 2456.101934 2475.983737 2504.783551 2520.535647 2525.859831 2519.207469 2510.999856 2506.129760 2507.687614 2508.979818 2509.537491 2509.759365 2509.537407 2508.418556 2512.218669 2518.100959 2512.445745 2503.475247 2495.227108 2487.746686 2479.330837 2473.725599 2469.798488 2468.909215 2468.481670 2460.603081 2449.871708 2438.982602 2430.334377 2422.279641 2416.415435 2413.087422 2407.290208 2397.863121
-9999.0 827.347453 952.136976 1041.093839 1155.053451 1289.940704 1410.213660 1570.762098 1714.093695 1940.411969 2092.469733 2223.538316 2267.306082 2328.714352 2384.034346 2453.031093 2456.246119 2429.005087 2396.144558 2383.934425 2393.863734 2405.531610 2418.840829 2437.962711 2456.404066 2467.091266 2471.208572 2465.607931 2453.557801 2445.141744 2439.080960 2430.184349 2424.410764 2424.596049 2427.883640 2437.037986 2439.525796 2431.113740 2418.501036 2402.079457 2387.739132 2376.833196 2374.148246 2375.737102 2375.795437 2371.711020 2364.881590 2353.979506 2341.185697 2328.882361 2321.584334 2315.958854 2308.265409 2297.141667 2284.775740
-9999.0 -9999.0 873.787594 984.220079 1088.271695 1207.931900 1315.958873 1452.180054 1599.660741 1777.698147 1894.444376 2038.701262 2117.450515 2162.434117 2207.049217 2262.214538 2284.120519 2308.806228 2298.125079 2307.139742 2316.935209 2324.550786 2334.212998 2344.965575 2358.128092 2368.795779 2378.130379 2376.881487 2369.231689 2352.582177 2332.262441 2317.011473 2309.222557 2302.911569 2314.116154 2326.574689 2323.431486 2317.227784 2305.483666 2289.663213 2276.894857 2263.055543 2259.251839 2259.159874 2259.062266 2255.984565 2251.754940 2238.724288 2225.747944 2214.221009 2208.779988 2202.347179 2197.030727 2186.087804 2174.417427
-9999.0 -9999.0 788.270493 895.778894 1006.862444 1128.745074 1224.582280 1281.995890 1429.667993 1542.019156 1646.959052 1748.521178 1834.484052 1898.726327 1938.749231 1999.829140 2045.880998 2063.683304 2091.457653 2130.263917 2160.103875 2192.663429 2213.499669 2226.115361 2240.353750 2254.663731 2263.655028 2251.840335 2241.966230 2226.569942 2206.087453 2183.300112 2172.075671 2170.508286 2172.459567 2176.955032 2171.152791 2162.291858 2148.418315 2133.788131 2121.271818 2110.775960 2106.705066 2102.353194 2100.370275 2097.183093 2094.119116 2086.303701 2075.817061 2068.927432 2060.376991 2054.803909 2052.107865 2046.289604 2037.999339
