tests/Borden05m/data_simulated/sim_1/output-maps/psiliqL0016N0011.asc
ncols         160
nrows         34
xllcorner     620200.000000
yllcorner     5168000.000000
cellsize      0.500000
NODATA_value  -9999.0
[rows 0 to 24 of 34, columns 0 to 54 of 160]
-9999.0 -9999.0 -9999.0 -9999.0 -9999.0 -9999.0 -9999.0 -9999.0 -9999.0 -9999.0 -9999.0 -9999.0 -9999.0 -9999.0 -9999.0 -9999.0 -9999.0 -9999.0 -9999.0 -9999.0 -9999.0 -9999.0 -9999.0 -9999.0 -9999.0 -9999.0 -9999.0 -9999.0 -9999.0 -9999.0 -9999.0 -9999.0 -9999.0 -9999.0 -9999.0 -9999.0 -9999.0 -9999.0 -9999.0 -9999.0 -9999.0 -9999.0 -9999.0 -9999.0 -9999.0 -9999.0 -9999.0 -9999.0 -9999.0 -9999.0 -9999.0 -9999.0 -9999.0 -9999.0 -9999.0
-9999.0 -9999.0 -9999.0 -9999.0 -9999.0 -9999.0 -9999.0 -9999.0 -9999.0 -9999.0 -9999.0 -9999.0 -9999.0 -9999.0 -9999.0 -9999.0 -9999.0 -9999.0 -9999.0 -9999.0 -9999.0 -9999.0 -9999.0 -9999.0 -9999.0 -9999.0 -9999.0 -9999.0 -9999.0 -9999.0 -9999.0 -9999.0 -9999.0 -9999.0 -9999.0 -9999.0 -9999.0 -9999.0 -9999.0 -9999.0 -9999.0 -9999.0 -9999.0 -9999.0 -9999.0 -9999.0 -9999.0 -9999.0 -9999.0 -9999.0 -9999.0 -9999.0 -9999.0 -9999.0 -9999.0
-9999.0 -9999.0 -9999.0 -9999.0 -9999.0 -9999.0 -9999.0 -9999.0 -9999.0 -9999.0 -9999.0 -9999.0 -9999.0 -9999.0 -9999.0 -9999.0 -9999.0 -9999.0 -9999.0 -9999.0 -9999.0 -9999.0 -9999.0 -9999.0 -9999.0 -9999.0 -9999.0 -9999.0 -9999.0 -9999.0 -9999.0 -9999.0 -9999.0 -9999.0 -9999.0 -9999.0 -9999.0 -9999.0 -9999.0 -9999.0 -9999.0 -9999.0 -9999.0 -9999.0 -9999.0 -9999.0 -9999.0 1299.826793 1282.705406 1267.794628 1265.215263 1287.682561 1311.315807 1335.443217 1356.337515
-9999.0 -9999.0 -9999.0 -9999.0 -9999.0 -9999.0 -9999.0 -9999.0 -9999.0 -9999.0 -9999.0 -9999.0 -9999.0 -9999.0 -9999.0 -9999.0 -9999.0 -9999.0 -9999.0 -9999.0 -9999.0 -9999.0 -9999.0 -9999.0 -9999.0 -9999.0 -9999.0 -9999.0 -9999.0 -9999.0 -9999.0 -9999.0 -9999.0 -9999.0 -9999.0 -9999.0 -9999.0 -9999.0 -9999.0 -9999.0 1347.310008 1353.354609 1354.433356 1344.362088 1333.404201 1321.109468 1301.177783 1283.647378 1269.425029 1267.337342 1270.284405 1275.143925 1297.613269 1322.808871 1342.900376
-9999.0 -9999.0 -9999.0 -9999.0 -9999.0 -9999.0 -9999.0 -9999.0 -9999.0 -9999.0 -9999.0 -9999.0 -9999.0 -9999.0 -9999.0 -9999.0 -9999.0 -9999.0 -9999.0 -9999.0 -9999.0 -9999.0 -9999.0 -9999.0 -9999.0 -9999.0 -9999.0 -9999.0 -9999.0 -9999.0 -9999.0 -9999.0 -9999.0 -9999.0 1254.055859 1271.544519 1289.851067 1308.585789 1325.660276 1332.734809 1338.676220 1344.523625 1340.558604 1336.273330 1325.173104 1305.927659 1286.769148 1273.473891 1271.939378 1269.852740 1274.366784 1287.313977 1304.467062 1320.792933 1342.043766
-9999.0 -9999.0 -9999.0 -9999.0 -9999.0 -9999.0 -9999.0 -9999.0 -9999.0 -9999.0 -9999.0 -9999.0 -9999.0 -9999.0 -9999.0 -9999.0 -9999.0 -9999.0 -9999.0 -9999.0 -9999.0 -9999.0 -9999.0 -9999.0 -9999.0 -9999.0 -9999.0 -9999.0 1257.316924 1251.609707 1246.931662 1245.786150 1244.823372 1244.085206 1251.109783 1263.227313 1281.349724 1303.469025 1316.859472 1324.425798 1331.427969 1332.402358 1327.530553 1325.971716 1326.721251 1315.088775 1303.657248 1292.985712 1282.691225 1281.207136 1291.054724 1305.655039 1322.338472 1337.613329 1353.482182
-9999.0 -9999.0 -9999.0 -9999.0 -9999.0 -9999.0 -9999.0 -9999.0 -9999.0 -9999.0 -9999.0 -9999.0 -9999.0 -9999.0 -9999.0 -9999.0 -9999.0 -9999.0 -9999.0 -9999.0 -9999.0 -9999.0 -9999.0 1226.562740 1232.331744 1239.124807 1246.941009 1248.177924 1244.524062 1239.286442 1236.708392 1235.638822 1234.223840 1239.118238 1247.327113 1261.139014 1277.231563 1299.603060 1308.538572 1314.643469 1327.081172 1330.438002 1337.026697 1341.486443 1340.161383 1337.452937 1324.843776 1315.474634 1320.312191 1326.210691 1333.473290 1342.011086 1355.929670 1371.459343 1388.874733
-9999.0 -9999.0 -9999.0 -9999.0 -9999.0 -9999.0 -9999.0 -9999.0 -9999.0 -9999.0 -9999.0 -9999.0 -9999.0 -9999.0 -9999.0 -9999.0 -9999.0 -9999.0 -9999.0 1201.100227 1202.207684 1203.695682 1208.672428 1209.602756 1211.935518 1219.197979 1227.673686 1230.515450 1229.068184 1228.141842 1230.072674 1233.222988 1238.092063 1249.683476 1263.867914 1278.459833 1292.583987 1313.899653 1329.059370 1342.859041 1359.171152 1359.195754 1355.739674 1354.419287 1355.270800 1355.592188 1359.045671 1361.502176 1368.185142 1372.580313 1378.874004 1388.701202 1400.854892 1419.323649 1439.265574
-9999.0 -9999.0 -9999.0 -9999.0 -9999.0 -9999.0 -9999.0 -9999.0 -9999.0 -9999.0 -9999.0 -9999.0 -9999.0 -9999.0 -9999.0 -9999.0 1172.017920 1174.019766 1176.482887 1182.092993 1185.378454 1189.659994 1196.926786 1198.544939 1202.607484 1210.121638 1215.342717 1224.666886 1233.222370 1240.961885 1247.396604 1250.539741 1258.331296 1268.397720 1280.702724 1296.218349 1317.961810 1341.656456 1358.348179 1375.690358 1393.339667 1394.495609 1393.844412 1395.351083 1395.996575 1401.955617 1419.341715 1425.147041 1425.719987 1441.465396 1455.595493 1460.894311 1469.083618 1488.882945 1512.870164
-9999.0 -9999.0 -9999.0 -9999.0 -9999.0 -9999.0 -9999.0 -9999.0 -9999.0 -9999.0 -9999.0 -9999.0 -9999.0 1124.743101 1129.055022 1138.985728 1148.847330 1151.735240 1156.437060 1162.916932 1175.447780 1179.450745 1186.033036 1193.954149 1206.391971 1215.470681 1225.050594 1237.360077 1246.212645 1253.925259 1261.395969 1267.136755 1280.662964 1296.266779 1312.371572 1332.997855 1355.581489 1376.390656 1397.117412 1413.671279 1427.695111 1429.556211 1429.211334 1432.115302 1439.857559 1456.875555 1475.882278 1484.140107 1501.540256 1524.736703 1538.300253 1549.948713 1558.917281 1573.074494 1594.927494
-9999.0 -9999.0 -9999.0 -9999.0 -9999.0 -9999.0 -9999.0 -9999.0 -9999.0 -9999.0 1092.020233 1094.426502 1091.267317 1090.954061 1096.472016 1108.952464 1123.135036 1129.914165 1141.940610 1163.324318 1181.662710 1185.565774 1200.404541 1211.120403 1218.401617 1229.354981 1243.005378 1256.272198 1273.464902 1286.461942 1298.298516 1318.015806 1335.084995 1352.295478 1370.728138 1391.763470 1411.781802 1440.285456 1467.760536 1480.807515 1503.048345 1513.576834 1511.328450 1511.868732 1521.527296 1537.500951 1558.495795 1581.485904 1603.460256 1628.996295 1646.077292 1660.991478 1672.289749 1685.155938 1701.616565
-9999.0 -9999.0 -9999.0 -9999.0 -9999.0 -9999.0 -9999.0 -9999.0 1067.009190 1074.669493 1080.988959 1078.294318 1074.177660 1070.374604 1084.633741 1100.828615 1117.282384 1135.442994 1151.854058 1170.548655 1186.167772 1202.751929 1223.201018 1235.388329 1247.540872 1263.481907 1277.759486 1295.293283 1317.222628 1330.103593 1346.907271 1368.875336 1387.965982 1406.740810 1426.335622 1445.234030 1471.738439 1505.667250 1538.042288 1560.708520 1589.158290 1612.134280 1611.583685 1614.264688 1618.961899 1644.889947 1674.429319 1705.469471 1730.560933 1757.971111 1787.831682 1806.639306 1817.872854 1831.017633 1846.749525
-9999.0 -9999.0 -9999.0 -9999.0 -9999.0 -9999.0 1039.243812 1063.722527 1079.079133 1071.425290 1061.331035 1057.896969 1054.017612 1078.890666 1101.403841 1119.201701 1136.648811 1154.854968 1171.976080 1185.009534 1218.842620 1237.555385 1252.335094 1270.530545 1285.905280 1301.314962 1319.453704 1343.412613 1365.574070 1395.164933 1420.700468 1444.683628 1471.599594 1492.045628 1511.664645 1530.347391 1562.048688 1599.830377 1636.981240 1666.046913 1693.699685 1725.256897 1732.206730 1738.096331 1745.070796 1766.899053 1799.247405 1830.007317 1864.004263 1896.363288 1923.814121 1936.205072 1947.095062 1958.887297 1972.819318
-9999.0 -9999.0 -9999.0 -9999.0 1005.536568 1026.618974 1046.756752 1077.679678 1100.554384 1096.021707 1102.905158 1103.322248 1101.750140 1106.366326 1114.193655 1132.857442 1152.230366 1171.911133 1190.032293 1224.702146 1269.915929 1285.740363 1310.033150 1342.592243 1356.922904 1373.035143 1390.193536 1413.891211 1440.541816 1474.146102 1517.492401 1554.528214 1580.687200 1604.074799 1625.947736 1648.140327 1683.039129 1721.283805 1758.642643 1793.138860 1823.303077 1849.786560 1862.276565 1870.358159 1882.428605 1899.298314 1921.231596 1948.994052 1980.899841 2013.266314 2038.449917 2051.960669 2060.039688 2071.031789 2081.525564
-9999.0 -9999.0 -9999.0 955.378676 994.274624 1032.570386 1059.755397 1090.998031 1123.647438 1128.302661 1137.894458 1142.916537 1147.790717 1156.755347 1165.479966 1183.335948 1200.591306 1217.833272 1240.681438 1277.866248 1313.025803 1342.251309 1374.699408 1401.129396 1421.918885 1438.491078 1458.045353 1482.520098 1522.708533 1560.003361 1610.315421 1663.715324 1700.535945 1724.987108 1747.910924 1775.802951 1801.382795 1838.407727 1873.676820 1907.164823 1939.240957 1964.201301 1982.882678 1990.635893 2000.602064 2009.250942 2025.387463 2047.164638 2069.436174 2098.769368 2127.514883 2153.159649 2167.754553 2178.294950 2194.697313
-9999.0 -9999.0 907.929017 946.078552 980.045109 1030.139487 1083.502044 1118.493507 1159.805914 1183.766962 1190.944524 1208.117184 1224.438699 1231.911101 1247.624012 1265.214814 1284.360016 1292.363101 1310.579554 1340.190420 1389.248349 1434.185233 1453.291474 1503.613489 1537.460881 1566.627831 1585.727865 1613.232227 1649.603763 1690.709724 1738.988446 1789.105012 1827.385320 1858.567142 1875.571086 1895.559053 1918.277417 1942.959101 1977.509483 2006.323181 2038.421836 2064.839736 2086.725209 2093.254844 2098.363976 2114.430812 2139.474581 2166.248134 2191.502102 2216.004292 2217.783624 2231.436244 2238.125630 2242.268429 2247.935556
-9999.0 -9999.0 880.774100 926.027958 965.876682 1031.671410 1112.683992 1150.144157 1193.497356 1240.215322 1259.346322 1284.549539 1295.601842 1304.065554 1328.012385 1350.658723 1365.067044 1373.074140 1373.251933 1429.192881 1487.549569 1535.784330 1578.838523 1647.522306 1694.522951 1713.116874 1727.127149 1748.457516 1773.013037 1815.714332 1862.109398 1914.876417 1958.231063 1989.244602 2005.584046 2024.341512 2044.635240 2062.171276 2081.478172 2121.796625 2150.643070 2177.478538 2205.286908 2225.956888 2234.610271 2238.689810 2226.919068 2238.302627 2246.334733 2250.376672 2252.363418 2249.756190 2249.773408 2250.980763 2252.274032
-9999.0 791.222764 843.531350 896.593193 965.255855 1032.264941 1115.051758 1195.139167 1254.091528 1303.039365 1333.045474 1344.555363 1378.323982 1420.121034 1446.779064 1473.762070 1478.675521 1485.822491 1476.315962 1526.029388 1574.885343 1646.648033 1754.724401 1811.938935 1859.518864 1862.183852 1857.753941 1870.126908 1893.336395 1937.128982 2005.198776 2053.353768 2107.735387 2148.990536 2164.683413 2171.975148 2189.811136 2209.817534 2192.937526 2218.322349 2230.684845 2241.175508 2245.470410 2248.111205 2249.995788 2250.889267 2248.376981 2242.644556 2235.492088 2230.480569 2226.893385 2222.730780 2225.342748 2228.636764 2229.178008
-9999.0 755.401186 814.728520 886.077220 957.050733 1023.014067 1124.687636 1271.166626 1326.999682 1365.862332 1388.440870 1407.298866 1484.100307 1550.839093 1585.691536 1631.901649 1627.548879 1618.595719 1604.186910 1636.929736 1685.479973 1758.906689 1903.459678 1988.204379 2020.134336 2032.324708 2039.967678 2067.393219 2105.222684 2143.012048 2177.676446 2174.412324 2204.027613 2219.437473 2224.522541 2227.040548 2231.782544 2232.713535 2231.881228 2229.336958 2225.924988 2227.347817 2232.499092 2233.254102 2231.265866 2228.793080 2223.674740 2216.428643 2211.083177 2206.496023 2203.718661 2200.623792 2198.768030 2198.335528 2193.455364
-9999.0 724.464777 796.233949 859.421973 922.652185 1034.986867 1162.187394 1299.538310 1394.052550 1433.145660 1453.296464 1520.290454 1622.342403 1720.652536 1774.235007 1801.565561 1803.410969 1781.933774 1784.343505 1829.455954 1894.836539 1989.079722 2085.665609 2165.060322 2180.185159 2185.763482 2164.004245 2180.368451 2195.553123 2199.686890 2202.782500 2208.426216 2215.289450 2219.724396 2220.012663 2218.610999 2215.175768 2208.318046 2204.328229 2201.863492 2199.208491 2199.411252 2202.552114 2204.312426 2202.132932 2198.521668 2194.027390 2188.165125 2181.673054 2174.710439 2170.345349 2165.900450 2163.264291 2157.735593 2152.759067
-9999.0 622.162482 711.571159 765.187245 875.674767 1052.120191 1179.923556 1329.872457 1479.344352 1518.316416 1591.892045 1715.067642 1822.915307 1898.904843 1940.261029 1983.409732 2014.390585 2039.172612 2075.584641 2026.211428 2085.468990 2147.392899 2175.582664 2190.109822 2195.086545 2198.431484 2192.470752 2175.181313 2166.727864 2161.891277 2165.246146 2173.971823 2180.608246 2187.082296 2185.986270 2187.388275 2188.141846 2185.130755 2181.722720 2173.923900 2166.794280 2161.370256 2159.709753 2165.056230 2160.370493 2157.334690 2151.192785 2142.819765 2133.658243 2125.627592 2117.466416 2110.282656 2106.965742 2100.764043 2098.338353
-9999.0 541.306315 617.809092 704.022594 839.508324 1004.404515 1131.192114 1298.564974 1511.620908 1631.782802 1761.921772 1837.752021 1912.022268 1972.332384 2035.062695 2084.510749 2112.231208 2125.105681 2114.628282 2128.326746 2097.007639 2091.418518 2110.427245 2138.650558 2154.141394 2159.949098 2153.435889 2144.694401 2138.953650 2139.096186 2138.737619 2137.750446 2136.431023 2134.697101 2132.108600 2134.527415 2139.306951 2133.156969 2124.389874 2116.195319 2108.858433 2100.674150 2095.302960 2091.794232 2090.887674 2090.597098 2082.931071 2072.317702 2061.409812 2052.801955 2044.718616 2038.704228 2035.391463 2029.566988 2020.383215
-9999.0 440.339495 563.085209 655.437310 774.688252 911.468452 1036.466949 1200.218803 1348.429783 1572.252204 1729.276282 1847.601869 1892.049488 1953.814830 2013.600563 2083.260524 2089.606644 2063.651577 2032.705246 2019.969397 2027.747847 2038.527850 2052.003100 2071.712180 2090.192435 2100.949463 2104.537962 2098.268489 2085.449539 2076.256730 2069.327557 2059.343254 2052.246078 2051.085255 2052.488689 2060.044696 2061.892920 2052.780888 2039.747861 2023.481329 2009.365875 1998.735342 1996.043638 1997.576851 1997.659753 1993.858771 1987.035683 1976.287943 1963.523636 1951.345154 1943.755231 1937.910494 1930.243201 1919.292683 1907.162220
-9999.0 -9999.0 486.677514 597.756828 704.849242 827.174264 940.672967 1082.515010 1233.205226 1414.777511 1533.642396 1671.201514 1748.006376 1795.410589 1844.823530 1901.440483 1923.513468 1946.631384 1934.038364 1941.126618 1949.423641 1956.296791 1966.075263 1977.449201 1990.932951 2001.542182 2010.223439 2008.592149 2000.076658 1982.860066 1962.074930 1946.069628 1937.061209 1929.760509 1939.280395 1950.513338 1946.976371 1940.176863 1928.123666 1912.383602 1899.529907 1885.845906 1882.105713 1882.224706 1882.203614 1879.191688 1874.788257 1861.835844 1848.794234 1836.917148 1831.148184 1824.507689 1818.717226 1807.379457 1795.227111
-9999.0 -9999.0 401.913842 510.475060 624.154452 747.609889 847.050062 916.382786 1068.096709 1184.123670 1290.022638 1390.959720 1476.120680 1541.158740 1584.720163 1646.934550 1691.355206 1709.183945 1733.381372 1767.602686 1795.402710 1825.417303 1844.997264 1857.794713 1872.030120 1885.921031 1894.792858 1883.093173 1872.568094 1856.333852 1835.132406 1811.726778 1799.511243 1796.264320 1797.725311 1801.947984 1795.767813 1786.252795 1771.970746 1756.735723 1743.953344 1733.057201 1728.967844 1725.082477 1723.373609 1720.277527 1717.094076 1708.902305 1697.946547 1690.487700 1681.809368 1675.713387 1672.446320 1665.787300 1656.641280
