tests/Borden05m/data_simulated/sim_1/output-maps/psiliqL0017N0003.asc
ncols         160
nrows         34
xllcorner     620200.000000
yllcorner     5168000.000000
cellsize      0.500000
NODATA_value  -9999.0
[rows 0 to 24 of 34, columns 0 to 54 of 160]
-9999.0 -9999.0 -9999.0 -9999.0 -9999.0 -9999.0 -9999.0 -9999.0 -9999.0 -9999.0 -9999.0 -9999.0 -9999.0 -9999.0 -9999.0 -9999.0 -9999.0 -9999.0 -9999.0 -9999.0 -9999.0 -9999.0 -9999.0 -9999.0 -9999.0 -9999.0 -9999.0 -9999.0 -9999.0 -9999.0 -9999.0 -9999.0 -9999.0 -9999.0 -9999.0 -9999.0 -9999.0 -9999.0 -9999.0 -9999.0 -9999.0 -9999.0 -9999.0 -9999.0 -9999.0 -9999.0 -9999.0 -9999.0 -9999.0 -9999.0 -9999.0 -9999.0 -9999.0 -9999.0 -9999.0
-9999.0 -9999.0 -9999.0 -9999.0 -9999.0 -9999.0 -9999.0 -9999.0 -9999.0 -9999.0 -9999.0 -9999.0 -9999.0 -9999.0 -9999.0 -9999.0 -9999.0 -9999.0 -9999.0 -9999.0 -9999.0 -9999.0 -9999.0 -9999.0 -9999.0 -9999.0 -9999.0 -9999.0 -9999.0 -9999.0 -9999.0 -9999.0 -9999.0 -9999.0 -9999.0 -9999.0 -9999.0 -9999.0 -9999.0 -9999.0 -9999.0 -9999.0 -9999.0 -9999.0 -9999.0 -9999.0 -9999.0 -9999.0 -9999.0 -9999.0 -9999.0 -9999.0 -9999.0 -9999.0 -9999.0
-9999.0 -9999.0 -9999.0 -9999.0 -9999.0 -9999.0 -9999.0 -9999.0 -9999.0 -9999.0 -9999.0 -9999.0 -9999.0 -9999.0 -9999.0 -9999.0 -9999.0 -9999.0 -9999.0 -9999.0 -9999.0 -9999.0 -9999.0 -9999.0 -9999.0 -9999.0 -9999.0 -9999.0 -9999.0 -9999.0 -9999.0 -9999.0 -9999.0 -9999.0 -9999.0 -9999.0 -9999.0 -9999.0 -9999.0 -9999.0 -9999.0 -9999.0 -9999.0 -9999.0 -9999.0 -9999.0 -9999.0 1491.522047 1474.366544 1459.548838 1456.655175 1478.850088 1502.281238 1526.221947 1546.920035
-9999.0 -9999.0 -9999.0 -9999.0 -9999.0 -9999.0 -9999.0 -9999.0 -9999.0 -9999.0 -9999.0 -9999.0 -9999.0 -9999.0 -9999.0 -9999.0 -9999.0 -9999.0 -9999.0 -9999.0 -9999.0 -9999.0 -9999.0 -9999.0 -9999.0 -9999.0 -9999.0 -9999.0 -9999.0 -9999.0 -9999.0 -9999.0 -9999.0 -9999.0 -9999.0 -9999.0 -9999.0 -9999.0 -9999.0 -9999.0 1539.403805 1545.404946 1546.304329 1536.210464 1525.171656 1512.696325 1492.673847 1475.187689 1461.049372 1458.909517 1461.699907 1466.198021 1488.323491 1513.375035 1533.275332
-9999.0 -9999.0 -9999.0 -9999.0 -9999.0 -9999.0 -9999.0 -9999.0 -9999.0 -9999.0 -9999.0 -9999.0 -9999.0 -9999.0 -9999.0 -9999.0 -9999.0 -9999.0 -9999.0 -9999.0 -9999.0 -9999.0 -9999.0 -9999.0 -9999.0 -9999.0 -9999.0 -9999.0 -9999.0 -9999.0 -9999.0 -9999.0 -9999.0 -9999.0 1446.708547 1464.045287 1482.183179 1500.766113 1517.710835 1524.695870 1530.588473 1536.335051 1532.246121 1527.893569 1516.680031 1497.202045 1477.990795 1464.715385 1463.184541 1460.977265 1465.271866 1477.921267 1494.845027 1510.840324 1531.810298
-9999.0 -9999.0 -9999.0 -9999.0 -9999.0 -9999.0 -9999.0 -9999.0 -9999.0 -9999.0 -9999.0 -9999.0 -9999.0 -9999.0 -9999.0 -9999.0 -9999.0 -9999.0 -9999.0 -9999.0 -9999.0 -9999.0 -9999.0 -9999.0 -9999.0 -9999.0 -9999.0 -9999.0 1451.001542 1445.176677 1440.347995 1438.997627 1437.813655 1436.885779 1443.725278 1455.589263 1473.440444 1495.402305 1508.643823 1516.065296 1522.970504 1523.804020 1518.755866 1517.117608 1517.780493 1505.982443 1494.403383 1483.581052 1473.105129 1471.341273 1480.950495 1495.344331 1511.779177 1526.754862 1542.309167
-9999.0 -9999.0 -9999.0 -9999.0 -9999.0 -9999.0 -9999.0 -9999.0 -9999.0 -9999.0 -9999.0 -9999.0 -9999.0 -9999.0 -9999.0 -9999.0 -9999.0 -9999.0 -9999.0 -9999.0 -9999.0 -9999.0 -9999.0 1420.921312 1426.517738 1433.157182 1440.810283 1441.863210 1438.100309 1432.700060 1429.944982 1428.655889 1426.957429 1431.617853 1439.504326 1453.027645 1468.833555 1491.005697 1499.693949 1505.455866 1517.654633 1520.945332 1527.578345 1531.906708 1530.455008 1527.534719 1514.613057 1504.930014 1509.386003 1514.959653 1522.020439 1530.341768 1543.982498 1559.054912 1575.946616
-9999.0 -9999.0 -9999.0 -9999.0 -9999.0 -9999.0 -9999.0 -9999.0 -9999.0 -9999.0 -9999.0 -9999.0 -9999.0 -9999.0 -9999.0 -9999.0 -9999.0 -9999.0 -9999.0 1395.876432 1396.916902 1398.312698 1403.166218 1403.927165 1406.074475 1413.133602 1421.388908 1424.053132 1422.336225 1421.206181 1422.861164 1425.725633 1430.321632 1441.547582 1455.395602 1469.659610 1483.387616 1504.383664 1519.228836 1532.665392 1548.693179 1548.630586 1545.062309 1543.632093 1544.319985 1544.369940 1547.222616 1549.234687 1555.752942 1559.631764 1565.469015 1575.014307 1586.896755 1604.864132 1624.219776
-9999.0 -9999.0 -9999.0 -9999.0 -9999.0 -9999.0 -9999.0 -9999.0 -9999.0 -9999.0 -9999.0 -9999.0 -9999.0 -9999.0 -9999.0 -9999.0 1366.941838 1368.865115 1371.242309 1376.764591 1379.996169 1384.122497 1391.220210 1392.674797 1396.496623 1403.767885 1408.689164 1417.772105 1426.055540 1433.455708 1439.541497 1442.308325 1449.652754 1459.305728 1471.186900 1486.195806 1507.428883 1530.783400 1547.070967 1564.081147 1581.471592 1582.411934 1581.555179 1582.879242 1583.273907 1588.727800 1605.747963 1611.215789 1611.117854 1626.146036 1639.898054 1644.767397 1652.617519 1672.143777 1695.643577
-9999.0 -9999.0 -9999.0 -9999.0 -9999.0 -9999.0 -9999.0 -9999.0 -9999.0 -9999.0 -9999.0 -9999.0 -9999.0 1319.595544 1323.808089 1333.684675 1343.635596 1346.447675 1351.067232 1357.448082 1369.793698 1373.592566 1379.925983 1387.564923 1399.798149 1408.576130 1417.790890 1429.729253 1438.160100 1445.439230 1452.430541 1457.506664 1470.444148 1485.501404 1501.043875 1521.125787 1543.251805 1563.447731 1583.577348 1599.823467 1613.387883 1614.668570 1614.243105 1617.110210 1624.625323 1641.324313 1660.138035 1667.659908 1684.333067 1707.301032 1720.530956 1731.684334 1740.260349 1754.251276 1775.940818
-9999.0 -9999.0 -9999.0 -9999.0 -9999.0 -9999.0 -9999.0 -9999.0 -9999.0 -9999.0 1287.686581 1289.916716 1286.588201 1285.921861 1291.356608 1303.704918 1317.802458 1324.318038 1336.189545 1357.399607 1375.579292 1379.175302 1393.624524 1404.030212 1410.963231 1421.472270 1434.675617 1447.421280 1464.002037 1476.413775 1487.485515 1506.404391 1522.889713 1539.552626 1557.429611 1577.971654 1597.188120 1624.830638 1651.729345 1664.092576 1685.644431 1695.385515 1693.084567 1693.644683 1703.576048 1719.387860 1740.060788 1762.634524 1784.626167 1810.181208 1826.898258 1841.794161 1852.991262 1865.732694 1882.298145
-9999.0 -9999.0 -9999.0 -9999.0 -9999.0 -9999.0 -9999.0 -9999.0 1262.886032 1270.489527 1276.581296 1273.683426 1269.373702 1265.203807 1279.346013 1295.297181 1311.512914 1329.502613 1345.616729 1364.031941 1379.213660 1395.319235 1415.425090 1427.132123 1438.766311 1454.222171 1467.949547 1484.753310 1506.042696 1517.921814 1533.656899 1554.879100 1573.180248 1591.345537 1610.405104 1628.691103 1654.252729 1687.525155 1719.369501 1741.321963 1769.565732 1792.198207 1791.599348 1794.480553 1799.572475 1825.946327 1855.877499 1887.505758 1912.948714 1940.900210 1971.371562 1990.760899 2002.260777 2015.645448 2031.728025
-9999.0 -9999.0 -9999.0 -9999.0 -9999.0 -9999.0 1235.308942 1259.642182 1274.800836 1266.861754 1256.161207 1252.351201 1248.037953 1273.304404 1295.601350 1313.145147 1330.296417 1348.194190 1364.956377 1377.236468 1410.324827 1428.750356 1442.868632 1460.198169 1475.085810 1489.984880 1507.490046 1530.707424 1551.904137 1580.230399 1604.350461 1627.160967 1653.407099 1673.281585 1692.431400 1710.463748 1741.660735 1779.155972 1816.240111 1845.196330 1873.032184 1905.321834 1912.540240 1919.188361 1926.924335 1950.208271 1983.951023 2015.916021 2051.114212 2084.653501 2113.346222 2126.580587 2138.008642 2150.203751 2164.612694
-9999.0 -9999.0 -9999.0 -9999.0 1202.075831 1222.990234 1242.762928 1273.365248 1295.892306 1291.048571 1297.412991 1297.325455 1295.215225 1299.625035 1307.244510 1325.521939 1344.614518 1364.001000 1381.440460 1415.032445 1460.016920 1474.973019 1498.159124 1530.006975 1543.623861 1559.132197 1575.714276 1598.650391 1624.065431 1656.630929 1698.733146 1734.753622 1760.365957 1783.438341 1805.242624 1827.201888 1862.490159 1901.236166 1939.272420 1974.475837 2005.418388 2033.081811 2046.407939 2055.745461 2069.284658 2087.832102 2111.458233 2140.923336 2174.570437 2208.322771 2234.492806 2248.496770 2256.985690 2268.372652 2279.098350
-9999.0 -9999.0 -9999.0 1151.657555 1190.438041 1228.658368 1255.413766 1286.236388 1318.508042 1322.343522 1331.493598 1335.680013 1339.673867 1348.011584 1355.937111 1373.396843 1390.463143 1407.659899 1430.043451 1466.507792 1500.683401 1528.395038 1559.991545 1585.088963 1604.831877 1620.760252 1639.908016 1663.655927 1703.209124 1739.617610 1789.489998 1842.797945 1879.614676 1904.327465 1928.040519 1956.781118 1983.304684 2021.712437 2058.322309 2093.260793 2126.861517 2153.135023 2172.973743 2182.093561 2193.754102 2203.842354 2221.256241 2244.470751 2268.132689 2298.809308 2328.689196 2355.823300 2371.180063 2382.216524 2399.058279
-9999.0 -9999.0 1104.219635 1142.394187 1175.909532 1225.392139 1278.365876 1312.954920 1353.628563 1376.637591 1382.990538 1399.130898 1414.558688 1421.127615 1435.928071 1452.816332 1472.008732 1479.853693 1497.983961 1525.933297 1573.499972 1617.050183 1633.725679 1682.786295 1716.241805 1745.726715 1765.040190 1792.479390 1829.081285 1869.810620 1918.336398 1969.272004 2008.269196 2040.441708 2058.725414 2080.116722 2104.085857 2130.690918 2167.241070 2197.522916 2231.405394 2259.242102 2282.363022 2289.857130 2296.294038 2313.911783 2340.768573 2369.631915 2396.507378 2422.444663 2423.527707 2438.864499 2446.439092 2451.107058 2457.397861
-9999.0 -9999.0 1076.741177 1121.981603 1161.054339 1225.720388 1306.810852 1343.421034 1385.862496 1431.875478 1449.956072 1474.354042 1483.434842 1489.805270 1512.986584 1534.694030 1549.547283 1557.360435 1556.781953 1612.155307 1669.804588 1715.751324 1755.511608 1825.300388 1873.264492 1892.900321 1907.705893 1929.442313 1954.123037 1997.199316 2044.031468 2098.320457 2143.153077 2175.712974 2193.540952 2214.017835 2235.848428 2254.897212 2275.979248 2318.626378 2349.997288 2378.643312 2408.071622 2430.031821 2439.907546 2445.352499 2433.577789 2446.984679 2456.567845 2461.654523 2464.417886 2462.317148 2462.731685 2464.229476 2465.758519
-9999.0 986.917943 1039.131152 1091.727198 1159.635113 1225.622900 1307.039521 1385.922991 1444.825739 1493.343306 1522.276601 1531.608286 1561.935970 1602.119751 1628.139428 1654.173647 1659.178835 1666.626597 1656.246504 1706.382935 1754.340880 1824.524105 1932.716102 1991.131421 2041.311988 2044.413762 2040.274669 2052.832775 2076.271850 2121.391967 2191.946103 2242.377607 2299.517944 2343.553880 2361.132972 2370.043024 2389.521460 2411.195086 2392.663076 2421.225677 2435.740288 2447.987729 2453.778087 2457.374145 2460.213947 2462.045711 2460.477549 2455.661430 2449.346754 2445.071808 2442.109330 2438.457687 2441.439343 2445.000457 2445.694959
-9999.0 950.817031 1009.818896 1080.610455 1150.824347 1214.344634 1313.386453 1460.885923 1516.394835 1554.257748 1574.534202 1588.987358 1664.139180 1730.714522 1765.115816 1811.662945 1806.549757 1797.262686 1780.976479 1813.459761 1861.841359 1936.271168 2084.988812 2172.016633 2207.574036 2220.887793 2229.203664 2257.882085 2297.473522 2337.719056 2374.778515 2370.161025 2402.998071 2420.764774 2427.323435 2431.122498 2437.394259 2439.584713 2440.152182 2438.778277 2436.398773 2438.695601 2444.638648 2446.083203 2444.780640 2443.029882 2438.698591 2432.276182 2427.725703 2423.841070 2421.673887 2419.052005 2417.461165 2417.113372 2412.216341
-9999.0 918.893729 990.820816 1053.207695 1114.236857 1223.757563 1350.336000 1487.216936 1580.682482 1618.207045 1633.630993 1697.742125 1800.828969 1901.322411 1956.090973 1983.767792 1984.219334 1960.664027 1961.514498 2007.333107 2074.449479 2172.933373 2275.633327 2359.472182 2376.722514 2383.848749 2361.095747 2379.630774 2396.787027 2401.931908 2405.832242 2412.625412 2420.279075 2425.642530 2426.915616 2426.625044 2424.397930 2418.794588 2416.062118 2414.698358 2412.978825 2413.890925 2417.588547 2419.917402 2418.190987 2415.073514 2411.122859 2405.824419 2399.808520 2393.338726 2389.382852 2385.219147 2382.696096 2377.012023 2371.793966
-9999.0 814.404847 904.362861 956.305186 1062.568496 1239.462722 1366.359647 1513.988638 1663.531349 1699.509963 1769.991561 1895.659667 2006.535685 2085.295870 2127.380205 2170.972324 2202.232198 2226.930053 2264.289393 2209.363714 2272.274990 2339.827694 2371.897709 2389.216524 2396.738887 2401.593090 2396.788053 2380.434324 2372.771729 2368.538808 2372.320877 2381.425941 2388.436611 2395.448617 2395.104451 2397.512941 2399.477800 2397.672866 2395.337767 2388.496286 2382.179877 2377.303891 2375.955010 2381.540623 2377.052679 2374.218671 2368.186147 2359.870578 2350.606126 2342.733686 2334.689577 2327.542767 2324.097238 2317.497733 2314.373885
-9999.0 733.529298 809.438682 892.561033 1024.920242 1188.863341 1311.324364 1476.253387 1690.455977 1810.999495 1944.403145 2023.106810 2099.547248 2160.794835 2224.508983 2276.039937 2304.825151 2318.539057 2307.236609 2323.238590 2292.550600 2288.523577 2309.769272 2340.290711 2357.920503 2365.280602 2360.080600 2352.416268 2347.276610 2347.697746 2347.326153 2346.131044 2344.718711 2343.170181 2341.117576 2344.392457 2350.186941 2344.928116 2336.764837 2329.233487 2322.441865 2314.612672 2309.410637 2305.800043 2304.849324 2304.313617 2296.285780 2285.352990 2274.236120 2265.465508 2257.260465 2251.094187 2247.333687 2240.753630 2230.275106
-9999.0 630.569247 754.140193 844.473452 960.572574 1095.687773 1217.383591 1378.421083 1523.166371 1747.815626 1903.187814 2030.160702 2077.588729 2142.719531 2203.399018 2275.279247 2281.786227 2256.322223 2225.417973 2213.958333 2223.968471 2236.641953 2251.749294 2273.020300 2293.287606 2305.564851 2310.524387 2305.100610 2292.505181 2282.937406 2275.292659 2264.613923 2257.112920 2255.892643 2257.886404 2266.251738 2268.721583 2260.444042 2248.158745 2232.316056 2218.502784 2208.003401 2205.392722 2206.816163 2206.531872 2202.030254 2194.503151 2182.945629 2169.520661 2156.753628 2148.864129 2142.657878 2134.339412 2122.353644 2108.759446
-9999.0 -9999.0 676.662578 787.164219 892.285052 1012.625688 1122.544988 1260.581395 1408.723949 1588.023309 1706.301245 1848.869427 1929.196960 1978.207552 2027.784886 2085.781837 2109.337500 2134.448241 2123.830834 2132.896234 2143.087458 2151.704322 2163.033786 2175.819317 2190.769674 2202.720860 2212.551607 2211.314513 2202.754786 2184.750783 2162.786055 2145.739226 2136.162520 2128.544358 2138.486028 2150.245533 2147.065376 2140.879164 2129.337716 2113.854854 2101.259951 2087.587793 2083.729260 2083.448944 2082.861581 2079.060709 2073.811952 2059.835442 2045.942786 2033.521492 2027.337283 2020.260969 2014.081048 2002.115595 1989.102755
-9999.0 -9999.0 591.486187 699.278035 811.271208 933.376289 1030.311138 1092.867740 1241.747951 1355.410990 1460.910165 1563.014969 1650.078183 1716.508424 1760.018397 1823.151566 1869.583159 1888.379700 1915.226304 1952.567889 1982.336840 2014.778267 2036.357330 2050.546080 2066.145490 2081.281864 2090.765945 2078.964986 2068.105672 2051.114731 2028.831076 2004.349603 1991.519195 1988.352161 1989.647365 1993.877189 1987.955797 1978.959458 1965.125792 1950.407302 1937.895600 1927.208700 1922.982587 1918.536910 1916.170999 1912.317724 1908.341311 1899.446734 1887.930807 1880.119337 1871.000524 1864.723646 1861.279401 1854.475844 1845.040932
