tests/Borden05m/data_simulated/sim_1/output-maps/psiliqL0007N0018.asc
ncols         160
nrows         34
xllcorner     620200.000000
yllcorner     5168000.000000
cellsize      0.500000
NODATA_value  -9999.0
[rows 0 to 24 of 34, columns 0 to 56 of 160]
-9999.0 -9999.0 -9999.0 -9999.0 -9999.0 -9999.0 -9999.0 -9999.0 -9999.0 -9999.0 -9999.0 -9999.0 -9999.0 -9999.0 -9999.0 -9999.0 -9999.0 -9999.0 -9999.0 -9999.0 -9999.0 -9999.0 -9999.0 -9999.0 -9999.0 -9999.0 -9999.0 -9999.0 -9999.0 -9999.0 -9999.0 -9999.0 -9999.0 -9999.0 -9999.0 -9999.0 -9999.0 -9999.0 -9999.0 -9999.0 -9999.0 -9999.0 -9999.0 -9999.0 -9999.0 -9999.0 -9999.0 -9999.0 -9999.0 -9999.0 -9999.0 -9999.0 -9999.0 -9999.0 -9999.0 -9999.0 -9999.0
-9999.0 -9999.0 -9999.0 -9999.0 -9999.0 -9999.0 -9999.0 -9999.0 -9999.0 -9999.0 -9999.0 -9999.0 -9999.0 -9999.0 -9999.0 -9999.0 -9999.0 -9999.0 -9999.0 -9999.0 -9999.0 -9999.0 -9999.0 -9999.0 -9999.0 -9999.0 -9999.0 -9999.0 -9999.0 -9999.0 -9999.0 -9999.0 -9999.0 -9999.0 -9999.0 -9999.0 -9999.0 -9999.0 -9999.0 -9999.0 -9999.0 -9999.0 -9999.0 -9999.0 -9999.0 -9999.0 -9999.0 -9999.0 -9999.0 -9999.0 -9999.0 -9999.0 -9999.0 -9999.0 -9999.0 -9999.0 -9999.0
-9999.0 -9999.0 -9999.0 -9999.0 -9999.0 -9999.0 -9999.0 -9999.0 -9999.0 -9999.0 -9999.0 -9999.0 -9999.0 -9999.0 -9999.0 -9999.0 -9999.0 -9999.0 -9999.0 -9999.0 -9999.0 -9999.0 -9999.0 -9999.0 -9999.0 -9999.0 -9999.0 -9999.0 -9999.0 -9999.0 -9999.0 -9999.0 -9999.0 -9999.0 -9999.0 -9999.0 -9999.0 -9999.0 -9999.0 -9999.0 -9999.0 -9999.0 -9999.0 -9999.0 -9999.0 -9999.0 -9999.0 -519.363006 -537.027168 -554.231043 -555.819972 -532.950295 -509.790662 -486.399117 -466.177501 -447.703445 -428.803577
-9999.0 -9999.0 -9999.0 -9999.0 -9999.0 -9999.0 -9999.0 -9999.0 -9999.0 -9999.0 -9999.0 -9999.0 -9999.0 -9999.0 -9999.0 -9999.0 -9999.0 -9999.0 -9999.0 -9999.0 -9999.0 -9999.0 -9999.0 -9999.0 -9999.0 -9999.0 -9999.0 -9999.0 -9999.0 -9999.0 -9999.0 -9999.0 -9999.0 -9999.0 -9999.0 -9999.0 -9999.0 -9999.0 -9999.0 -9999.0 -471.784274 -466.004452 -464.352174 -475.509572 -487.030172 -498.853953 -518.843824 -536.907756 -552.909554 -556.075075 -553.696453 -547.896358 -524.802673 -500.927428 -481.806976 -464.535840 -445.610999
-9999.0 -9999.0 -9999.0 -9999.0 -9999.0 -9999.0 -9999.0 -9999.0 -9999.0 -9999.0 -9999.0 -9999.0 -9999.0 -9999.0 -9999.0 -9999.0 -9999.0 -9999.0 -9999.0 -9999.0 -9999.0 -9999.0 -9999.0 -9999.0 -9999.0 -9999.0 -9999.0 -9999.0 -9999.0 -9999.0 -9999.0 -9999.0 -9999.0 -9999.0 -563.175517 -545.617572 -527.698668 -509.678189 -493.383530 -487.051174 -481.280054 -475.559747 -479.731507 -484.836254 -496.385287 -514.985537 -535.001554 -549.677172 -552.739556 -555.658497 -551.445620 -538.400169 -522.028131 -505.782861 -485.142110 -462.460625 -453.602937
-9999.0 -9999.0 -9999.0 -9999.0 -9999.0 -9999.0 -9999.0 -9999.0 -9999.0 -9999.0 -9999.0 -9999.0 -9999.0 -9999.0 -9999.0 -9999.0 -9999.0 -9999.0 -9999.0 -9999.0 -9999.0 -9999.0 -9999.0 -9999.0 -9999.0 -9999.0 -9999.0 -9999.0 -557.861481 -563.966820 -569.447550 -571.254070 -572.861455 -574.399297 -567.601747 -555.315734 -537.091168 -515.952527 -503.542889 -496.724135 -490.514882 -489.944806 -494.954048 -497.508213 -497.676692 -509.587410 -521.481341 -532.654167 -543.406346 -544.740703 -535.421298 -521.979920 -506.401070 -492.051588 -477.168682 -463.765626 -448.920637
-9999.0 -9999.0 -9999.0 -9999.0 -9999.0 -9999.0 -9999.0 -9999.0 -9999.0 -9999.0 -9999.0 -9999.0 -9999.0 -9999.0 -9999.0 -9999.0 -9999.0 -9999.0 -9999.0 -9999.0 -9999.0 -9999.0 -9999.0 -586.454910 -580.388220 -574.121046 -567.064139 -566.473581 -571.136102 -577.163823 -580.752234 -582.709788 -584.581411 -580.555921 -572.293177 -558.783590 -543.095319 -521.886320 -513.630931 -507.114193 -494.882445 -493.186891 -489.116869 -485.513287 -487.754202 -490.666165 -502.711485 -511.627945 -505.851596 -499.810729 -493.874080 -486.936902 -474.411981 -458.928457 -441.137617 -420.241316 -398.149530
-9999.0 -9999.0 -9999.0 -9999.0 -9999.0 -9999.0 -9999.0 -9999.0 -9999.0 -9999.0 -9999.0 -9999.0 -9999.0 -9999.0 -9999.0 -9999.0 -9999.0 -9999.0 -9999.0 -610.864069 -610.241890 -609.547431 -605.260578 -604.439970 -602.397052 -595.628044 -587.764958 -586.101114 -587.959509 -590.074445 -588.901332 -586.627101 -582.882387 -571.615498 -558.042349 -544.209517 -530.272503 -509.762459 -495.351914 -481.605118 -465.707659 -467.746760 -472.812317 -475.551755 -475.560894 -475.155064 -468.687582 -464.840865 -459.445480 -453.312401 -446.196040 -437.602183 -427.152784 -408.360775 -387.256605 -365.501459 -344.084668
-9999.0 -9999.0 -9999.0 -9999.0 -9999.0 -9999.0 -9999.0 -9999.0 -9999.0 -9999.0 -9999.0 -9999.0 -9999.0 -9999.0 -9999.0 -9999.0 -638.734913 -637.069143 -635.270264 -630.204017 -628.142358 -624.516494 -617.998845 -617.341117 -613.778337 -607.023442 -602.335104 -594.263605 -586.868887 -579.889117 -574.350469 -572.060506 -564.590937 -555.233914 -543.624030 -528.117773 -506.361501 -484.110038 -468.121942 -451.787834 -435.321644 -435.500699 -437.169208 -436.475852 -435.802015 -427.297719 -408.457713 -401.729948 -397.145362 -376.574848 -361.157447 -354.910143 -346.925856 -327.561634 -300.929797 -268.926844 -229.572518
-9999.0 -9999.0 -9999.0 -9999.0 -9999.0 -9999.0 -9999.0 -9999.0 -9999.0 -9999.0 -9999.0 -9999.0 -9999.0 -682.192798 -678.206049 -669.414257 -661.869467 -660.059373 -656.619220 -651.411041 -639.615411 -636.521557 -630.675134 -623.394009 -612.514469 -604.433287 -595.552760 -584.150903 -576.025202 -569.196507 -562.402651 -555.823345 -542.205843 -526.969042 -511.170115 -491.071876 -469.766991 -448.586654 -427.215139 -412.197562 -397.536641 -393.430994 -395.632416 -394.172639 -385.338292 -365.404596 -344.079533 -328.153957 -302.075441 -273.859965 -255.394118 -238.641286 -226.547356 -210.602385 -184.225236 -138.844132 -93.981652
-9999.0 -9999.0 -9999.0 -9999.0 -9999.0 -9999.0 -9999.0 -9999.0 -9999.0 -9999.0 -717.701813 -715.159207 -718.828284 -717.975586 -713.787744 -702.342975 -689.703602 -683.068648 -672.382490 -652.368622 -635.843014 -632.789782 -618.235538 -608.767703 -602.674585 -592.293724 -579.494522 -566.735329 -549.543871 -537.113684 -524.419014 -503.567043 -487.310885 -471.180624 -453.701712 -434.072820 -412.261634 -380.483691 -351.249878 -334.782449 -307.276817 -289.710704 -292.265694 -291.391233 -281.855777 -259.259302 -227.974048 -191.999660 -160.575813 -125.897504 -99.384172 -81.556105 -68.326833 -53.346953 -35.597424 -3.285942 34.856080
-9999.0 -9999.0 -9999.0 -9999.0 -9999.0 -9999.0 -9999.0 -9999.0 -741.301910 -734.800456 -728.636163 -731.921123 -736.991840 -740.311074 -727.867191 -712.456579 -696.970018 -680.586481 -665.105760 -647.817906 -632.512767 -616.183932 -597.412678 -585.935714 -574.380250 -559.585043 -546.201601 -528.301850 -507.168139 -492.081791 -472.417507 -450.223859 -430.114966 -411.580474 -392.464301 -372.711126 -340.601137 -301.276554 -262.205126 -229.586704 -193.589894 -161.048879 -157.454997 -151.544642 -143.235549 -110.389502 -73.682048 -38.209527 -7.528015 22.060789 51.429482 68.055755 78.850292 91.752662 107.375192 122.845123 146.383991
-9999.0 -9999.0 -9999.0 -9999.0 -9999.0 -9999.0 -766.310304 -742.474728 -728.067389 -736.069023 -743.911996 -747.370410 -750.940636 -733.250632 -712.502297 -696.237416 -680.109516 -663.367210 -647.634109 -632.828281 -597.510493 -581.937085 -567.143795 -547.163886 -533.625951 -520.029333 -502.886091 -479.180580 -455.363607 -420.940227 -388.226764 -357.985989 -328.146590 -304.850356 -282.337219 -257.363942 -216.740749 -168.090327 -121.139480 -83.472740 -50.873295 -19.014319 -7.586130 -0.353977 8.947950 27.496471 56.931292 86.709009 120.383618 152.171816 176.668773 188.114043 198.183749 209.411461 222.986282 237.018270 252.570147
-9999.0 -9999.0 -9999.0 -9999.0 -799.292263 -778.578467 -758.111175 -727.508078 -705.192177 -711.018571 -703.802927 -703.399048 -704.810887 -703.069001 -698.127939 -680.741786 -663.762959 -646.673942 -628.065795 -589.617114 -548.710028 -531.951007 -504.539694 -472.144388 -457.926208 -442.973320 -427.272742 -402.968850 -370.274853 -330.184316 -274.544719 -224.005603 -188.164936 -157.037998 -129.533410 -99.751870 -62.083687 -21.272925 16.306792 50.765002 80.919221 105.266781 120.413837 129.340528 140.877353 155.188560 174.118783 199.859247 229.049255 261.661970 287.878932 303.279249 311.543418 321.738536 333.605015 348.889355 367.376344
-9999.0 -9999.0 -9999.0 -845.151110 -807.006301 -770.765789 -743.400707 -712.734765 -681.623753 -675.050439 -667.252360 -660.619227 -653.735966 -644.973382 -634.808269 -619.056392 -605.951510 -594.530995 -574.123030 -537.394162 -500.559083 -464.561349 -430.353778 -396.324740 -370.250605 -352.319706 -333.496898 -304.990335 -257.859713 -206.509109 -141.748126 -78.071465 -34.930774 -7.312353 13.656796 39.364091 63.298389 96.798269 129.754326 160.482134 190.300430 215.061957 236.365614 247.218325 256.099300 265.191703 282.341329 303.202485 325.415470 356.996429 386.908400 408.293424 420.165552 428.153533 442.488955 456.965462 469.537154
-9999.0 -9999.0 -891.065373 -854.635925 -819.158395 -767.240282 -715.146722 -682.280348 -641.732289 -616.317206 -609.195769 -590.125128 -572.874908 -564.108706 -546.696916 -529.157401 -517.087551 -514.731870 -503.144395 -465.309734 -407.893853 -352.368557 -309.733494 -243.400075 -202.626845 -175.305891 -158.121984 -127.723774 -89.413999 -39.935227 11.813888 61.560649 101.107971 131.929243 146.505053 163.408297 186.415377 209.358656 239.818978 267.601308 294.421535 320.394901 344.944686 360.964085 367.323616 381.684334 402.068061 423.248797 443.902917 464.226776 479.193778 483.068724 484.854263 485.935634 487.486949 488.632394 489.413865
-9999.0 -9999.0 -915.377228 -871.878628 -828.395446 -757.229924 -683.072565 -645.447095 -602.395725 -558.474135 -539.224218 -515.560585 -494.357405 -473.524947 -448.644818 -423.240214 -419.707112 -417.247951 -417.165681 -358.665900 -290.369240 -208.991639 -122.279215 -57.357712 -17.503891 -7.759553 -0.303940 18.178982 43.979984 88.749890 141.345657 194.413491 238.187471 267.436181 282.267022 297.732645 318.684980 342.457451 360.365567 391.570419 408.183180 432.006618 455.672615 475.584985 483.078159 484.465594 482.215820 484.791634 486.517181 487.401999 487.618588 484.526289 483.799115 484.376666 485.306891 480.360114 473.329401
-9999.0 -1000.725646 -949.114457 -894.621852 -823.505291 -753.411257 -666.156658 -584.718706 -536.237441 -494.934740 -466.033449 -443.054428 -381.884202 -325.921836 -294.429533 -260.394585 -262.560012 -265.054037 -271.499809 -220.383461 -149.901087 -50.584109 62.608862 113.153305 139.683461 140.350036 135.682842 149.257730 175.834241 219.048078 285.878061 337.710741 383.395982 415.627029 426.963444 431.179421 446.297765 464.835202 475.000300 482.281962 484.236947 487.336952 485.984087 487.513689 488.014383 487.911625 484.545063 478.072080 469.497358 462.305027 457.394206 452.296442 454.345804 457.297448 458.091972 450.568665 440.447537
-9999.0 -1034.162721 -973.610751 -900.643729 -828.164579 -747.764825 -632.108911 -506.639877 -461.297355 -426.387061 -391.918502 -333.496303 -232.168977 -152.253587 -109.701248 -68.066959 -69.974696 -80.351754 -79.689791 -41.391317 16.910605 93.698712 210.159637 281.833227 282.672898 285.846718 290.378804 311.953479 343.688605 379.116105 420.051409 449.168019 463.408112 469.933705 472.534599 473.777389 475.508051 476.562092 474.052306 470.357512 464.613152 463.545680 469.788859 470.266454 466.720791 462.222213 455.515499 446.387253 437.046242 426.075211 420.061714 415.424504 413.235537 413.186199 408.746635 402.138352 391.357436
-9999.0 -1056.372038 -987.942987 -921.467469 -844.679384 -715.964416 -594.701602 -467.187203 -376.859109 -333.643263 -269.395015 -162.430822 -61.333354 19.805373 62.945539 85.115194 96.197796 91.629193 110.460902 159.218863 229.331010 311.878057 368.431599 418.911482 411.112476 398.747187 387.214801 389.576925 396.569747 406.689816 423.075909 440.313034 453.302108 460.793030 461.176429 457.774140 453.065939 445.603579 440.454681 436.033562 428.099539 426.823935 434.578450 435.530051 429.032499 419.996045 412.489686 404.467265 395.504037 385.219430 379.005582 373.728932 370.734834 365.848246 360.638407 354.083371 340.605379
-9999.0 -1139.037616 -1056.694027 -992.315531 -850.813843 -688.416777 -565.409096 -408.944915 -265.744808 -200.408420 -93.395034 8.753567 93.181829 149.994640 187.956400 227.095608 253.867251 280.242526 315.388448 333.954442 393.207541 431.618838 442.266424 442.566214 424.544749 404.770155 387.741539 366.994192 359.274519 359.128111 370.855652 389.560679 404.907350 420.959516 419.817631 414.998590 412.071393 407.658319 403.644765 394.910560 385.562478 379.936850 380.591088 385.802693 378.446727 371.766313 363.812904 354.484586 344.405466 334.832781 326.030316 318.450574 314.876144 308.823319 306.953207 299.447482 273.844846
-9999.0 -1219.651901 -1140.080222 -1030.549237 -874.249534 -711.382506 -559.209741 -381.861366 -172.423224 -56.940783 37.038500 86.337596 148.037578 208.464268 267.298265 301.297291 319.561020 327.360968 333.492219 344.752741 335.712966 347.980747 367.232064 385.302867 378.240691 367.014228 350.548136 336.873653 331.271499 334.374809 339.746264 346.770579 352.980354 357.512772 355.775994 355.243855 357.894077 351.916435 344.304881 336.735088 329.591032 321.873422 317.084132 314.145667 310.977047 308.962138 300.545209 289.564621 278.553244 269.776433 261.347829 254.835402 252.253756 247.478911 241.050136 230.422039 204.336126
-9999.0 -1302.627326 -1189.760970 -1083.575883 -943.053684 -801.841762 -661.246070 -488.375317 -312.327454 -84.436069 81.059656 121.192273 146.548480 186.524738 242.810908 296.067099 301.838628 274.433056 252.155947 244.261782 254.080421 271.548917 288.422630 306.130903 313.526090 314.099368 309.321692 299.299262 287.014334 282.121301 281.708667 278.455485 276.711815 279.332878 279.220277 284.143507 286.745220 277.751582 265.865151 251.644154 239.052166 229.663642 226.514113 226.845959 225.746841 221.999297 214.455612 204.279266 192.128070 181.086124 172.909823 167.112544 161.016432 152.649662 143.246212 132.666025 108.491226
-9999.0 -9999.0 -1257.261027 -1144.431883 -1025.891929 -895.254516 -762.781736 -602.458401 -440.785918 -229.709389 -98.789379 -7.029575 43.300921 81.795498 131.389735 175.816419 185.100502 194.409679 172.629667 175.089758 182.761323 191.468427 203.085996 214.622610 223.982277 229.000230 231.917195 229.198444 220.829895 207.928498 193.765509 183.759761 178.265245 174.294179 182.150322 192.275822 190.642790 184.382245 173.557646 159.197606 146.943805 134.497879 130.961038 131.464284 131.079771 127.856121 122.577447 110.383802 97.958974 85.615305 79.574948 73.516180 67.574387 57.064939 46.027443 33.286791 10.397766
-9999.0 -9999.0 -1338.333848 -1226.035199 -1102.519093 -974.974222 -863.961109 -747.797523 -585.289684 -457.297911 -347.176497 -248.162831 -165.525567 -105.730714 -62.087434 -11.430289 13.795167 25.057019 31.538169 47.007387 67.823315 87.951770 101.744726 113.550458 124.703702 133.934593 141.164395 131.444412 121.827694 107.629554 90.087554 71.077493 61.206771 56.457094 60.472816 67.219621 62.656621 53.223940 39.748453 23.990538 11.202904 -0.915459 -5.094802 -7.276175 -8.202792 -11.141236 -14.905909 -24.804738 -37.556719 -47.283606 -56.028338 -63.569800 -68.189300 -77.383408 -89.245688 -99.155293 -122.495961
