tests/Borden05m/data_simulated/sim_1/output-maps/psiliqL0018N0016.asc
ncols         160
nrows         34
xllcorner     620200.000000
yllcorner     5168000.000000
cellsize      0.500000
NODATA_value  -9999.0
[rows 0 to 24 of 34, columns 55 to 109 of 160]
-9999.0 -9999.0 -9999.0 -9999.0 -9999.0 -9999.0 -9999.0 -9999.0 -9999.0 -9999.0 -9999.0 -9999.0 -9999.0 -9999.0 -9999.0 -9999.0 -9999.0 -9999.0 -9999.0 -9999.0 -9999.0 -9999.0 -9999.0 -9999.0 -9999.0 -9999.0 -9999.0 -9999.0 -9999.0 -9999.0 -9999.0 -9999.0 -9999.0 -9999.0 -9999.0 -9999.0 -9999.0 -9999.0 -9999.0 -9999.0 -9999.0 -9999.0 -9999.0 -9999.0 -9999.0 -9999.0 -9999.0 -9999.0 -9999.0 -9999.0 -9999.0 -9999.0 -9999.0 -9999.0 -9999.0
-9999.0 -9999.0 -9999.0 -9999.0 1833.200605 1827.941753 1823.173540 1818.799916 1810.475612 1801.676474 1793.952372 1790.368044 1789.823422 1789.471722 1789.430545 1794.946267 1803.354988 1811.331704 1818.682800 1821.352454 1823.995703 1826.313542 1826.920972 1825.937990 1822.913908 1819.804710 1816.578513 1815.131051 1807.450674 1796.270026 1787.726438 1785.029622 1789.344175 1793.713913 1796.112369 1801.571718 1811.979739 1822.444597 1830.654597 1842.404163 1848.250360 1852.992040 1855.321245 1850.756937 1846.817989 1842.494382 1836.632659 1825.354438 -9999.0 -9999.0 -9999.0 -9999.0 -9999.0 -9999.0 -9999.0
1777.924549 1797.030145 1817.722355 1821.135376 1809.666280 1804.875641 1801.958381 1800.440339 1796.237608 1788.095364 1783.356087 1778.394863 1776.697774 1777.195623 1777.639923 1782.006754 1792.791470 1801.051646 1806.051568 1808.888162 1811.828616 1811.270241 1810.859966 1810.776815 1808.075997 1804.800025 1801.565733 1799.878553 1800.810583 1793.307261 1787.685538 1784.105462 1781.927537 1784.474507 1786.896738 1790.621770 1799.806312 1807.625831 1815.405413 1829.663682 1841.949802 1846.894613 1843.860385 1838.479400 1834.125413 1826.645730 1815.898366 1805.389281 1796.202581 1789.128308 1783.080078 1776.435551 1781.893173 1788.280588 1797.271506
1762.736409 1782.380275 1803.019706 1806.094085 1795.816303 1788.087008 1782.759594 1783.516607 1786.903407 1783.984806 1779.780309 1774.210894 1783.768969 1785.413082 1786.841968 1790.526114 1793.560441 1797.814727 1800.755914 1806.380180 1815.598762 1818.564791 1819.260818 1819.548825 1817.825729 1814.806099 1813.075147 1810.426152 1805.302216 1804.010118 1804.090254 1803.442812 1808.034032 1809.475652 1811.571820 1805.237313 1808.957180 1814.956431 1821.566901 1827.370268 1833.429001 1836.364280 1832.538902 1831.618410 1822.602740 1808.225670 1797.010916 1788.393110 1786.810512 1783.087277 1774.497352 1760.643510 1767.421835 1782.396660 1786.313551
1769.139452 1778.755934 1790.541767 1793.808416 1789.243369 1791.364789 1793.504831 1795.382654 1794.216438 1791.543622 1789.170433 1801.372745 1810.841588 1812.967148 1816.168937 1820.374967 1820.757728 1809.660291 1807.734307 1815.897526 1826.194913 1831.939059 1832.333676 1832.315587 1829.786328 1828.852576 1828.656981 1826.725933 1827.074313 1829.215366 1828.282110 1832.246285 1837.788237 1840.793021 1833.897663 1824.936324 1826.154922 1833.977010 1842.261152 1849.360680 1859.392056 1869.972125 1868.830983 1862.954040 1853.406208 1839.508692 1815.689528 1796.194889 1784.522945 1776.231283 1768.146757 1768.401528 1763.823610 1775.173890 1776.028815
1764.745387 1783.787774 1805.108372 1812.793308 1807.432355 1803.465720 1801.876615 1803.164080 1803.482934 1806.091393 1817.654152 1831.172634 1844.924437 1847.900530 1850.649463 1850.347117 1842.312345 1832.475554 1829.496379 1843.958924 1860.603392 1868.922577 1869.315211 1867.383056 1872.943082 1872.260706 1871.499012 1867.316648 1868.944261 1868.999820 1877.203841 1884.823484 1892.180652 1890.471426 1878.231386 1866.336590 1865.189907 1868.760611 1873.163387 1879.533362 1889.264193 1898.180586 1892.559849 1885.458242 1875.683093 1847.419749 1821.155724 1804.422153 1803.721362 1803.126837 1797.410643 1793.666232 1790.298452 1783.427051 1782.233097
1809.381254 1830.548236 1851.315242 1866.692786 1861.491183 1854.361756 1845.556250 1846.657734 1849.330197 1857.168230 1869.734133 1885.918319 1909.516452 1911.588004 1914.211298 1915.877914 1904.565684 1892.419513 1882.141183 1901.817127 1912.577465 1920.839807 1921.109738 1929.276714 1938.765337 1934.710838 1927.497363 1916.713610 1922.833623 1932.666059 1947.742668 1954.904763 1959.203913 1956.627725 1944.404876 1938.145750 1937.591095 1941.104590 1939.716930 1945.364570 1954.528859 1968.881449 1967.363540 1959.750241 1937.452924 1899.717258 1866.398882 1847.955769 1854.650681 1847.145013 1839.354728 1835.851147 1821.897339 1811.309517 1811.175480
1856.565412 1873.581586 1891.837237 1910.136289 1904.594474 1894.955735 1881.276551 1880.532631 1887.464416 1898.198106 1917.178349 1938.662760 1961.447073 1966.601011 1966.598026 1976.641380 1970.563162 1961.187384 1953.656966 1968.856282 1980.373303 1991.665293 2000.019094 2012.755536 2023.903287 2011.865995 1998.151370 1991.172294 1997.101353 2018.917363 2037.976223 2042.898244 2043.257102 2044.637405 2033.214085 2027.139294 2021.524049 2018.164461 2013.229698 2009.567291 2029.782221 2047.415106 2045.567198 2022.267743 1997.995866 1959.822089 1921.337109 1891.254203 1894.719111 1890.681565 1890.131718 1875.897074 1860.754319 1846.672059 1838.604104
1928.051646 1955.009308 1974.792775 1996.828143 1994.784242 1976.631055 1966.571466 1971.213337 1984.765030 1992.807876 2009.780195 2031.644283 2061.386959 2079.594811 2096.126453 2100.865301 2093.425368 2085.090281 2072.832330 2073.844205 2093.609872 2105.728943 2115.661987 2125.574054 2138.062246 2141.698634 2137.598408 2136.695606 2140.360165 2149.749510 2160.651571 2167.281486 2171.672979 2175.898453 2168.555057 2157.281929 2152.415782 2144.712073 2139.719465 2137.413224 2142.725252 2156.604582 2153.399400 2122.789364 2095.122170 2061.188445 2023.034312 1991.759547 1977.714386 1987.495789 1978.733186 1960.250585 1943.143248 1910.688506 1897.477306
2016.855612 2052.038591 2079.087002 2092.959228 2104.837883 2097.157835 2098.157380 2102.892844 2111.178962 2116.051951 2123.877430 2156.588642 2191.189288 2219.075050 2243.042463 2251.563483 2241.012901 2231.709193 2219.600678 2210.754998 2217.681778 2233.242269 2250.286625 2265.614661 2276.814522 2279.842474 2278.485242 2278.734252 2281.213869 2284.155441 2287.596943 2294.548400 2301.943161 2311.630454 2321.381794 2313.566686 2296.269328 2284.832705 2272.598287 2268.767825 2267.833576 2267.588790 2267.203523 2255.338558 2219.256536 2188.873789 2156.220795 2130.232714 2111.345848 2101.635153 2081.447288 2057.264435 2008.510906 1968.672331 1934.445682
2121.484913 2163.926609 2194.641541 2216.707523 2231.682101 2233.108551 2236.063876 2238.814635 2244.534897 2249.287607 2255.290323 2279.903188 2319.468224 2357.747275 2388.326181 2391.109510 2380.492187 2370.132376 2360.565506 2348.727006 2345.303674 2355.010265 2367.737476 2385.306903 2396.195070 2404.279433 2402.353621 2402.694056 2403.818134 2405.822704 2407.711965 2410.321240 2418.359074 2431.446774 2443.793550 2443.835664 2428.035464 2410.559739 2393.476712 2387.739053 2382.637573 2376.606153 2376.910359 2377.269225 2365.737856 2337.385638 2299.011320 2256.649721 2233.178545 2213.349223 2199.895639 2182.414062 2149.954635 2091.895614 2057.171643
2247.496016 2278.434477 2308.885220 2340.091501 2357.993338 2364.325648 2364.383250 2365.871346 2373.788216 2379.290638 2388.144886 2405.014808 2432.495520 2464.253151 2492.348767 2509.108465 2504.091242 2489.714781 2470.775990 2463.855408 2461.960652 2464.547061 2472.151018 2481.907839 2498.742379 2515.877505 2521.871179 2522.661991 2519.725950 2522.401550 2523.849881 2524.000954 2525.815027 2532.011427 2540.022514 2542.615058 2536.166059 2517.286471 2495.468574 2481.988259 2473.800747 2469.233887 2467.860273 2470.004738 2470.251230 2456.451343 2424.272295 2383.174356 2350.493716 2330.324980 2314.326766 2298.876292 2285.889371 2259.972101 2239.763368
2365.222345 2380.666020 2408.170191 2436.359743 2460.428056 2476.813025 2480.088062 2485.356882 2490.796789 2500.135281 2516.003376 2537.732641 2554.258130 2573.712504 2597.247407 2611.425387 2617.053316 2616.646984 2614.256933 2615.686315 2615.736785 2574.419834 2578.475543 2582.485486 2593.461907 2604.324452 2608.160947 2608.511417 2606.717593 2608.216995 2608.820436 2608.925741 2608.610945 2609.539901 2612.777352 2613.848951 2611.927609 2602.400127 2611.270328 2592.839283 2580.060450 2572.002835 2563.776344 2554.986608 2544.993803 2534.503241 2515.462916 2486.349994 2452.169703 2426.740895 2415.667731 2407.905886 2399.183788 2392.320487 2375.240661
2472.230414 2484.282915 2501.820790 2523.713786 2554.835017 2576.234327 2587.574703 2596.849446 2601.980403 2615.155525 2630.031955 2620.932374 2626.779166 2632.676671 2638.438023 2640.418601 2640.919452 2640.499378 2637.949865 2637.051153 2634.637578 2630.030225 2619.727371 2620.807855 2622.094592 2624.330406 2627.714002 2626.321389 2627.199263 2630.110679 2628.557644 2622.945748 2619.242137 2617.702380 2618.354911 2625.479245 2628.588315 2629.246141 2627.115341 2626.214163 2625.466415 2623.170282 2620.319287 2616.267916 2610.976977 2618.561934 2607.148829 2581.577295 2545.223134 2506.868804 2494.799934 2492.089499 2491.170433 2487.699669 2480.695676
2593.015000 2606.261161 2620.485199 2610.315349 2625.840690 2633.963370 2637.923731 2641.363915 2644.043842 2646.021236 2642.884864 2639.578341 2634.700209 2633.107869 2631.526157 2628.809078 2629.055056 2626.682985 2622.189545 2617.837762 2610.096759 2598.387150 2586.496967 2582.939584 2586.859634 2591.658045 2595.954819 2599.386652 2602.687520 2603.272054 2598.309053 2590.392951 2583.301196 2581.592132 2588.228619 2593.860018 2599.625673 2600.441801 2599.205379 2597.240889 2597.578327 2595.208348 2596.021439 2603.080194 2617.119750 2621.797845 2625.674960 2624.912325 2613.511971 2592.939667 2592.790900 2572.698015 2576.511434 2571.164759 2559.004133
2634.946656 2637.292972 2636.602311 2635.371738 2629.484066 2623.700667 2622.927986 2626.685083 2633.295496 2634.117315 2626.705141 2617.826410 2610.242053 2602.656978 2599.820981 2598.188745 2597.012729 2596.536679 2590.492280 2581.239416 2564.326253 2551.928950 2540.010419 2533.312794 2530.009980 2533.799931 2543.682247 2553.909465 2558.462497 2550.685029 2542.936512 2532.030836 2524.194338 2524.671193 2526.560830 2535.838168 2551.006479 2557.007762 2558.104941 2553.002819 2548.379499 2542.998133 2541.417885 2548.870202 2564.610752 2581.118221 2596.013463 2604.905075 2612.553400 2619.277166 2620.737427 2622.463928 2623.238834 2621.465013 2621.502433
2629.876562 2623.228359 2616.451204 2611.136316 2604.319995 2598.386671 2596.135429 2597.742422 2599.562625 2595.175668 2587.751789 2576.648560 2564.809284 2554.229983 2546.536702 2546.422421 2547.654119 2547.902054 2540.232864 2524.501679 2505.613830 2491.295474 2476.641366 2471.918503 2466.003081 2459.850414 2469.691404 2487.362158 2493.769810 2479.261309 2469.112183 2454.770957 2447.989863 2444.767548 2446.209471 2455.608667 2476.699537 2498.271210 2500.438076 2491.084092 2482.036635 2478.436137 2476.804742 2483.617156 2502.129469 2523.762841 2540.057465 2550.859342 2557.183418 2565.823251 2575.844740 2589.443239 2603.580674 2615.289678 2622.234491
2603.719265 2595.577016 2587.427302 2579.251784 2571.559702 2564.439947 2559.284084 2556.288339 2552.108098 2545.026804 2536.755280 2518.003681 2504.572213 2491.162928 2475.975436 2471.289660 2466.521868 2466.915338 2454.757864 2444.697314 2426.510444 2410.401792 2393.973678 2381.588616 2375.194498 2368.486291 2369.674514 2383.807251 2392.291799 2380.656955 2370.742828 2359.095854 2353.904170 2350.857462 2353.291169 2363.931099 2385.241227 2404.202374 2412.449356 2405.734757 2403.418757 2403.492988 2403.574893 2410.846344 2424.873030 2444.895501 2467.535665 2486.006286 2496.808463 2505.337576 2516.155507 2531.937801 2546.840527 2561.619592 2579.587237
2568.461903 2558.460130 2547.834336 2537.390717 2525.895876 2513.768203 2506.336055 2506.987632 2499.464068 2492.183078 2472.451981 2421.505118 2400.994886 2381.562038 2364.836526 2357.604761 2348.732629 2336.217938 2326.424299 2319.953082 2316.374941 2300.810440 2282.403048 2264.930321 2259.309011 2254.942877 2241.883753 2242.111936 2243.868104 2253.285185 2246.619574 2243.035347 2242.927066 2240.764668 2243.437977 2257.039834 2267.492842 2276.118956 2283.300023 2285.625036 2295.235465 2303.822934 2312.034446 2329.754458 2343.375598 2361.249965 2383.553444 2409.526116 2425.241775 2436.213199 2448.261218 2464.926467 2482.541142 2501.192107 2524.563542
2526.767614 2510.303363 2495.299707 2480.216338 2466.537181 2452.905148 2437.532805 2437.555355 2433.340911 2422.708678 2374.098064 2331.334196 2296.908173 2278.092307 2254.364279 2240.997113 2226.471527 2193.878495 2177.451074 2173.291160 2182.130795 2174.801344 2158.231121 2144.793538 2135.695569 2127.449913 2112.100011 2098.510841 2103.668541 2118.647365 2116.777098 2117.596236 2123.634062 2122.753962 2118.202367 2120.329609 2134.067921 2141.538796 2152.681702 2167.816215 2173.443417 2187.072077 2217.932546 2232.627121 2249.192642 2270.012539 2292.813427 2317.191672 2340.233505 2355.529818 2372.023055 2392.283729 2410.594381 2432.572372 2456.920354
2469.104241 2439.479120 2418.537916 2400.609549 2381.293274 2356.699975 2335.286881 2331.660890 2323.714189 2298.659033 2248.283602 2209.150214 2181.542515 2158.769981 2134.410315 2112.533285 2079.874688 2046.387968 2024.966932 2034.619485 2043.182435 2048.596444 2035.578479 2023.532538 2013.416192 1997.470264 1981.306536 1967.383599 1976.959836 1985.471939 1998.807665 2004.012301 2007.992860 2012.350643 2011.400988 2004.413388 2005.238008 2014.214988 2024.965170 2036.930854 2055.106202 2088.371514 2114.128150 2133.098520 2155.070848 2176.155617 2199.877397 2224.942062 2248.756674 2267.047207 2287.259826 2308.257180 2330.988704 2352.778476 2378.378847
2386.415295 2357.883235 2330.639373 2306.791774 2276.535995 2233.302436 2217.511043 2207.553272 2189.481373 2147.204788 2104.520070 2075.642221 2056.421763 2031.972855 2009.039648 1980.716471 1947.927135 1923.498471 1902.903590 1910.925756 1919.048945 1934.108337 1923.494969 1914.225665 1909.372972 1894.194447 1880.500370 1865.064352 1871.936862 1882.852091 1902.994223 1908.105437 1912.038702 1920.364896 1919.758455 1916.660377 1904.154432 1912.403902 1923.585907 1938.415206 1968.313165 1992.859788 2017.141741 2039.792650 2061.026308 2084.628721 2109.328763 2134.538337 2162.122147 2183.330556 2204.073385 2227.314550 2248.923070 2267.337727 2288.091029
2273.076661 2247.622244 2225.818055 2200.913421 2160.908832 2116.601478 2078.627064 2056.853865 2011.647038 1976.896311 1948.595239 1938.630067 1922.814084 1901.000044 1880.250848 1859.469445 1835.151152 1814.093784 1789.324493 1793.517106 1807.199425 1822.292456 1819.705085 1818.110906 1815.604690 1805.202585 1791.578016 1777.946269 1781.571106 1797.626504 1815.028906 1823.814638 1831.124219 1838.983008 1839.201082 1831.431052 1822.680168 1828.391522 1843.630943 1860.451734 1880.553972 1902.949993 1925.362110 1946.978780 1970.814009 1995.275410 2020.136642 2046.974287 2075.474090 2097.892439 2123.206570 2149.364991 2169.268615 2181.742061 2194.740392
2163.371122 2141.877768 2117.548615 2090.034463 2048.420057 2007.179454 1965.122845 1921.823058 1888.276729 1857.882437 1845.083780 1827.576152 1811.603173 1794.910282 1773.965198 1755.744205 1738.621289 1716.734014 1702.448023 1708.392057 1721.315515 1730.747584 1735.240223 1732.512290 1729.682764 1722.994929 1709.142479 1701.916425 1711.091956 1726.345023 1740.664363 1751.601301 1758.551828 1764.361410 1761.761617 1753.423129 1749.381551 1757.935309 1773.913493 1788.693481 1805.432579 1827.205277 1848.812403 1871.433411 1895.117057 1918.668632 1944.675581 1971.495989 1999.011391 2026.941583 2051.540302 2073.727217 2085.636267 2097.960966 2103.626397
2033.741967 2019.017779 1993.080319 1964.598446 1933.105223 1896.928204 1868.978372 1836.873261 1805.995423 1775.923202 1750.009373 1734.916574 1726.528867 1712.416562 1694.068527 1681.478749 1665.040030 1650.935300 1653.545265 1655.368989 1664.754582 1664.253276 1664.837784 1661.980996 1661.008097 1657.620562 1649.128781 1658.411179 1665.409793 1679.427405 1689.867486 1699.505130 1705.642257 1709.658554 1710.365087 1705.299425 1710.257772 1717.242819 1731.780428 1743.772303 1758.631240 1779.606030 1797.497314 1817.524640 1840.619177 1864.550956 1889.617246 1916.414325 1945.412388 1971.453447 1991.721791 2001.578335 2013.300543 2018.871060 2012.579882
