tests/Borden05m/data_simulated/sim_1/output-maps/psiliqL0023N0017.asc
ncols         160
nrows         34
xllcorner     620200.000000
yllcorner     5168000.000000
cellsize      0.500000
NODATA_value  -9999.0
[rows 0 to 24 of 34, columns 55 to 109 of 160]
-9999.0 -9999.0 -9999.0 -9999.0 -9999.0 -9999.0 -9999.0 -9999.0 -9999.0 -9999.0 -9999.0 -9999.0 -9999.0 -9999.0 -9999.0 -9999.0 -9999.0 -9999.0 -9999.0 -9999.0 -9999.0 -9999.0 -9999.0 -9999.0 -9999.0 -9999.0 -9999.0 -9999.0 -9999.0 -9999.0 -9999.0 -9999.0 -9999.0 -9999.0 -9999.0 -9999.0 -9999.0 -9999.0 -9999.0 -9999.0 -9999.0 -9999.0 -9999.0 -9999.0 -9999.0 -9999.0 -9999.0 -9999.0 -9999.0 -9999.0 -9999.0 -9999.0 -9999.0 -9999.0 -9999.0
-9999.0 -9999.0 -9999.0 -9999.0 2809.991284 2804.701350 2799.951467 2796.704511 2813.977447 2805.171656 2797.746941 2794.182005 2793.640143 2793.373525 2793.349971 2798.831576 2807.367054 2815.408080 2822.642423 2795.595828 2796.577990 2798.522980 2798.861334 2797.797316 2796.140799 2823.904116 2820.675550 2819.170904 2811.783522 2800.705838 2792.351466 2789.667645 2793.861858 2798.143801 2800.515107 2805.686983 2815.913898 2826.270859 2803.866048 2813.009943 2819.436840 2824.595147 2827.146863 2823.021107 2819.632369 2815.702789 2811.166352 2800.091456 -9999.0 -9999.0 -9999.0 -9999.0 -9999.0 -9999.0 -9999.0
2780.570069 2799.541049 2795.554723 2798.782603 2812.784656 2808.004940 2805.221546 2803.910812 2799.822763 2791.804014 2787.212031 2782.304297 2780.369878 2780.930797 2781.405066 2785.719413 2796.874686 2805.174850 2810.206656 2813.451309 2816.550445 2815.523505 2815.038123 2815.005881 2812.266395 2808.695104 2805.427747 2803.722692 2805.064305 2797.566792 2791.745691 2787.964034 2785.238964 2787.767249 2790.359954 2794.539783 2803.556450 2811.227583 2819.051779 2802.003049 2811.659955 2816.995618 2814.341399 2809.632163 2807.293615 2801.371722 2818.994613 2808.674106 2799.950797 2793.109141 2786.988523 2779.904158 2785.351779 2792.062463 2800.695486
2765.397471 2785.197499 2806.360788 2809.422349 2799.075890 2791.572321 2785.612615 2786.575349 2790.388572 2787.669546 2783.477148 2776.863317 2786.947740 2788.521800 2789.880990 2793.693096 2796.539585 2801.718964 2804.621617 2810.289378 2819.386584 2822.355066 2823.016875 2823.279873 2821.497237 2818.387166 2816.588708 2813.925823 2808.773246 2807.214180 2807.047736 2805.983441 2810.137662 2810.994301 2814.090419 2808.266936 2812.284010 2818.178535 2824.210977 2829.971720 2801.103867 2802.178123 2798.776459 2800.452644 2824.185822 2810.038445 2799.622920 2791.464364 2790.634685 2786.917683 2778.208127 2763.837331 2770.943650 2786.005710 2789.878552
2772.326315 2781.921720 2793.252786 2796.365298 2791.792795 2794.315905 2796.619863 2798.488710 2797.315816 2794.535080 2791.311810 2802.658093 2810.934990 2812.829072 2815.935309 2820.538302 2822.539783 2812.060899 2810.349345 2818.032397 2827.175370 2832.516016 2832.873657 2832.752074 2829.606894 2828.622139 2828.506320 2826.738099 2826.606111 2828.420122 2826.564707 2829.889293 2835.390341 2803.366126 2832.567285 2823.845753 2825.587970 2833.724346 2806.145478 2811.783475 2820.245423 2830.937843 2830.799178 2826.004027 2818.860796 2807.756114 2817.585367 2799.077990 2787.201254 2778.490121 2770.406137 2771.748000 2766.419484 2778.655869 2779.478673
2764.129276 2784.515208 2804.648260 2811.458752 2806.079941 2802.684196 2801.764601 2803.103828 2803.085538 2804.814165 2815.035749 2827.808421 2803.928346 2804.381173 2806.392559 2807.231075 2838.248039 2828.321618 2825.806357 2839.717320 2816.642665 2822.639357 2822.342865 2818.839505 2822.803068 2822.606892 2822.633056 2818.963514 2819.996849 2818.465530 2824.874657 2832.504456 2840.190582 2837.013734 2826.417142 2814.340007 2813.933752 2818.718609 2823.016568 2830.124103 2840.145509 2849.279051 2844.305579 2838.609454 2830.656062 2806.163622 2819.338867 2804.485588 2802.971884 2802.532815 2797.711019 2794.466374 2791.943575 2786.136445 2785.273852
2805.570176 2825.764831 2812.002560 2823.971895 2817.945140 2810.459717 2801.756999 2802.141912 2803.218482 2809.607627 2820.581563 2834.329641 2854.776330 2854.900558 2855.945854 2855.615823 2845.109868 2832.293451 2822.169664 2843.231229 2852.158884 2859.452282 2857.830390 2864.007874 2872.923559 2869.165895 2862.540342 2850.958909 2856.732787 2864.420668 2879.499687 2887.120419 2892.025401 2888.164442 2874.984440 2868.475322 2869.309123 2874.757398 2875.026382 2882.637112 2891.629149 2906.435664 2905.180650 2900.468118 2879.962170 2843.200397 2816.474853 2840.927820 2811.935714 2805.637180 2834.377482 2832.397633 2819.516691 2810.430670 2812.107864
2809.153581 2821.783978 2836.771009 2853.527032 2845.653222 2835.500247 2819.886133 2817.463867 2822.459612 2832.609253 2850.416819 2869.438929 2890.129858 2891.005177 2886.629169 2895.458076 2889.591839 2879.308262 2871.737239 2890.746436 2901.160230 2910.744745 2917.280393 2929.907851 2940.597001 2925.789475 2910.018014 2900.915541 2907.522182 2931.665061 2952.783869 2957.614773 2957.159366 2957.311227 2943.508865 2938.288556 2934.172933 2933.232803 2929.838472 2927.393531 2950.888627 2971.069092 2970.394744 2948.428373 2925.488503 2887.647658 2850.176439 2825.911551 2833.726335 2830.431541 2834.438578 2823.142480 2810.470118 2802.826581 2834.200176
2862.434604 2885.582337 2902.795634 2923.501004 2916.703891 2895.274419 2881.305181 2884.455814 2897.778735 2905.611583 2923.278932 2941.922683 2968.945489 2983.111226 2995.617272 2982.190266 2992.525711 2984.460602 2972.317674 2975.928775 2997.668765 2990.052261 2997.742445 3006.558319 3019.058223 3020.581362 3014.670054 3013.132811 3017.185454 3029.098402 3042.190640 3048.862445 3052.401068 3055.425923 3044.456958 3032.291022 3029.571234 3023.457067 3021.028468 3019.932587 3029.414381 3047.838218 3045.072710 3011.329761 2985.839075 2969.756380 2932.366274 2902.678423 2893.857241 2909.846021 2906.541474 2889.948205 2877.382652 2849.524997 2843.523860
2936.540123 2969.855907 2994.301600 2987.691660 2995.153788 2982.419961 2980.944267 2984.809243 2992.655869 2995.943262 3002.415718 3034.434471 3067.826001 3093.428574 3116.192397 3122.566353 3111.609180 3101.845246 3088.686982 3079.736369 3089.098398 3104.542203 3121.808859 3136.805110 3148.046651 3150.467120 3148.976332 3149.086605 3151.925497 3154.888170 3158.860922 3166.750087 3174.100226 3178.732612 3187.169551 3178.073932 3165.541590 3155.836592 3145.861663 3144.218966 3145.066120 3147.777596 3148.737869 3134.283048 3095.083874 3065.577689 3034.209619 3013.013373 2998.526411 2996.704509 2996.732487 2973.462824 2923.564261 2886.648793 2854.753115
3007.820514 3049.470900 3078.253678 3095.534885 3108.404177 3106.453771 3108.179976 3109.335344 3113.314349 3116.092539 3119.568249 3144.992207 3180.973007 3219.248980 3249.857907 3250.398396 3237.525490 3226.339508 3216.916574 3203.317170 3199.464201 3210.964381 3225.386407 3244.699875 3255.285993 3262.095499 3259.303193 3259.558271 3261.092737 3263.312742 3265.359254 3268.619342 3277.677523 3291.796683 3305.585225 3305.158924 3287.706533 3270.086808 3253.895877 3250.540841 3247.470831 3242.506304 3244.544645 3246.364506 3232.559920 3203.221263 3169.025549 3128.785734 3110.391026 3094.422527 3084.481443 3068.485260 3032.775033 2989.335840 2952.533928
3120.451057 3152.556525 3176.951551 3206.590262 3221.917209 3225.036221 3222.878077 3222.145337 3229.027172 3232.299962 3238.682886 3254.991357 3284.951680 3318.831539 3347.707542 3363.328396 3356.271321 3339.373303 3318.164320 3309.258201 3306.655371 3309.924794 3318.826182 3330.695316 3349.362018 3368.000582 3373.011469 3373.860116 3371.871544 3373.566890 3374.993153 3375.090325 3377.636903 3385.391816 3394.714343 3397.935725 3390.813777 3371.490476 3348.783540 3336.924952 3330.095368 3326.559239 3327.069023 3331.572003 3334.221112 3320.240166 3286.555687 3243.787971 3213.560095 3197.439728 3184.687823 3175.524468 3163.912427 3135.215299 3115.239903
3223.452818 3238.110057 3265.238706 3293.306461 3315.961917 3330.792551 3331.723073 3335.103731 3339.744516 3347.410616 3362.396699 3384.069002 3401.993334 3423.418793 3448.897400 3464.385085 3469.668577 3468.346432 3464.794846 3466.094593 3466.410536 3410.018304 3415.706123 3421.366686 3436.720126 3450.817272 3455.831161 3456.404092 3454.157367 3455.816040 3456.501300 3456.438029 3456.071275 3457.982713 3462.542401 3464.285136 3462.133231 3450.622170 3466.219265 3446.795090 3433.665288 3425.637536 3417.552153 3409.326462 3399.980743 3390.316875 3371.863891 3342.033809 3308.222564 3286.055108 3277.788439 3272.131648 3264.298272 3258.968968 3242.644737
3321.071684 3331.611843 3349.147076 3371.171002 3403.013748 3425.427684 3436.525979 3445.581601 3450.182828 3463.719052 3479.678934 3465.497337 3472.980243 3480.726152 3488.422524 3491.065495 3491.822188 3491.472932 3489.116931 3488.418882 3486.139142 3482.475959 3472.205904 3473.794132 3475.662424 3478.257803 3481.946380 3480.803501 3481.879513 3484.821445 3483.110623 3477.178979 3473.198354 3471.627077 3472.528885 3479.895270 3483.313671 3484.241020 3481.286875 3480.401645 3479.504218 3476.440240 3472.614802 3467.221954 3460.323408 3473.167194 3461.597830 3434.586412 3395.923239 3356.882498 3348.390244 3349.318356 3349.492252 3347.914968 3342.449241
3441.174570 3454.403172 3468.741288 3449.814407 3469.900501 3480.198885 3485.015329 3488.838519 3491.546058 3494.310258 3491.264485 3488.190808 3483.360546 3481.863175 3480.534959 3478.119766 3478.759380 3476.875320 3472.859869 3468.936073 3461.275275 3449.898005 3438.726377 3435.356711 3439.709495 3445.217940 3450.218777 3454.441818 3458.087357 3458.282958 3452.959443 3444.665560 3437.229624 3435.534498 3442.323422 3448.019305 3454.306977 3455.143939 3453.758635 3451.360192 3451.197665 3448.078004 3448.337493 3455.283837 3469.725179 3472.960818 3478.279152 3477.521753 3462.525418 3435.408428 3443.736682 3424.028038 3429.702455 3425.232368 3414.044259
3482.839973 3485.336993 3483.868337 3482.656155 3476.376437 3470.397723 3469.649056 3473.647716 3480.656558 3481.775012 3474.784820 3466.325255 3459.212764 3451.968279 3449.709518 3449.062710 3448.772891 3449.233690 3443.989294 3435.006139 3418.421466 3406.919497 3395.883889 3389.964582 3386.524736 3390.243374 3401.213159 3412.907715 3417.864201 3409.044435 3400.796205 3389.229802 3381.197951 3381.614471 3382.854185 3392.234915 3408.515362 3415.506889 3416.261242 3410.024612 3403.873069 3397.338320 3394.426737 3400.862420 3415.994534 3432.339728 3447.509199 3456.414319 3464.009871 3470.968517 3470.274405 3472.742679 3474.101379 3472.182431 3474.487197
3476.977124 3470.106019 3463.248618 3458.051148 3451.642380 3446.338409 3444.578920 3446.595811 3448.748402 3444.855097 3438.516237 3428.653611 3417.788177 3408.216098 3400.953945 3401.997497 3404.368881 3405.959161 3398.924557 3383.911651 3367.037019 3353.727007 3339.979550 3336.104616 3330.448848 3323.436133 3333.615774 3352.838163 3359.998698 3344.419331 3333.762187 3318.804541 3312.125904 3308.300645 3309.197985 3318.161359 3340.110566 3363.294167 3365.189728 3354.441148 3343.773680 3338.980781 3335.806357 3340.621999 3357.363128 3377.071581 3392.710950 3402.853073 3408.135264 3415.878386 3425.194858 3438.971909 3453.398080 3465.424962 3470.706824
3452.259361 3444.572391 3436.999105 3429.495305 3422.703225 3416.676597 3412.508401 3410.621795 3407.025607 3401.092184 3394.277441 3375.629818 3363.502847 3350.980376 3336.507409 3332.879854 3328.574553 3329.901775 3318.642732 3310.450807 3293.871443 3278.716660 3263.523402 3250.820817 3245.174590 3238.698819 3238.026440 3251.801491 3260.318178 3250.236698 3240.497193 3229.543223 3224.783350 3221.443969 3223.805933 3234.166065 3254.044914 3272.316594 3280.394554 3272.886171 3270.838412 3270.067910 3268.404311 3274.409976 3285.570504 3303.509182 3325.353486 3343.540348 3353.125527 3359.967159 3369.125403 3382.606650 3396.459617 3410.551843 3428.199098
3422.064251 3412.974622 3403.247644 3393.764650 3383.549229 3373.966606 3367.758440 3370.340985 3364.433919 3358.909302 3337.734001 3284.575519 3264.607132 3246.209020 3230.481622 3224.231382 3216.295248 3201.777900 3193.289034 3188.678533 3189.590300 3175.860293 3162.880855 3145.775437 3140.941013 3137.375812 3121.445445 3118.359455 3119.323162 3133.629509 3127.413290 3125.468335 3126.751387 3124.362789 3125.946553 3138.799357 3147.115056 3153.247156 3159.830477 3163.550428 3173.169136 3176.146858 3184.818876 3201.378193 3212.297451 3227.583547 3247.664916 3272.286785 3287.018553 3296.216295 3306.402282 3321.394273 3337.345912 3354.742285 3376.803106
3388.029641 3372.899961 3358.762834 3344.798880 3332.424648 3319.989331 3304.962406 3306.963489 3304.919385 3295.320175 3243.378012 3203.177431 3174.524353 3157.749503 3134.771936 3121.985909 3107.778342 3071.637370 3054.999385 3053.961891 3067.529971 3063.368310 3048.328431 3036.360536 3027.329240 3018.521856 3001.667307 2984.494596 2990.396202 3007.930900 3008.125166 3010.765573 3018.084051 3017.395479 3011.167776 3009.611072 3021.874433 3027.603545 3038.417118 3054.933908 3059.474197 3073.259745 3105.389133 3117.982504 3132.632787 3150.820159 3170.819185 3187.898374 3209.308098 3222.756867 3237.381425 3255.159754 3271.415439 3291.375200 3313.677836
3339.270029 3309.206873 3288.786710 3271.991037 3253.868013 3228.420024 3208.860639 3207.048406 3201.240550 3174.493484 3127.954139 3093.407923 3069.911104 3048.636380 3026.063601 3004.689205 2987.486530 2953.965365 2932.507083 2946.768973 2957.452531 2967.564754 2955.958285 2945.047668 2935.490888 2918.173981 2901.646199 2885.984731 2896.656097 2905.285329 2922.772208 2929.217800 2933.166531 2938.651640 2937.329270 2927.542172 2923.950136 2932.154545 2942.123265 2953.870135 2973.692345 2990.100116 3013.242488 3030.739874 3050.607975 3067.943086 3088.812088 3111.017096 3132.954634 3149.255662 3166.869788 3180.298224 3200.278674 3219.092831 3241.679637
3262.234248 3234.654176 3208.906114 3186.764355 3160.887352 3116.583010 3103.694339 3095.336862 3075.339334 3030.310371 2990.575184 2986.358857 2972.707444 2949.585764 2928.580921 2902.235549 2870.009670 2848.076571 2827.817942 2837.817798 2847.783612 2866.777257 2857.778524 2850.552607 2847.277218 2832.153895 2818.906990 2802.821468 2809.313895 2821.185128 2843.820667 2849.608227 2853.712270 2862.849004 2862.139838 2857.863521 2841.539540 2848.557196 2859.257820 2871.914423 2902.167165 2923.945143 2946.314197 2967.818282 2986.614035 2990.536930 3011.260217 3033.563267 3058.073220 3076.776154 3095.014327 3115.541214 3134.226402 3148.635900 3164.876033
3161.310014 3137.717147 3118.408923 3095.081947 3055.268150 3013.432703 2992.306243 2967.973884 2918.148082 2885.699443 2863.922530 2862.004517 2849.514143 2829.887121 2813.097935 2831.972628 2809.459002 2789.877340 2764.597423 2769.377568 2784.361240 2800.665047 2800.800002 2800.959860 2799.116612 2789.465892 2775.909895 2762.243664 2765.944574 2782.828964 2800.771987 2810.683010 2818.521839 2826.561601 2826.715165 2817.949773 2808.618281 2814.033853 2829.708777 2810.521840 2826.433748 2846.838391 2865.804265 2885.798771 2907.833983 2929.324704 2951.884070 2975.909585 2985.453565 3004.672478 3027.263904 3049.774910 3065.811873 3074.275994 3082.209154
3061.639246 3042.733687 3020.317461 2994.898814 2970.590309 2931.858315 2892.443550 2848.810479 2818.355766 2827.732759 2819.281113 2803.313357 2789.253141 2774.127457 2753.793298 2738.150992 2722.998006 2701.539895 2690.324417 2697.060396 2710.146824 2718.389234 2724.489158 2722.147455 2719.648151 2713.742182 2699.819425 2694.926462 2704.766731 2720.006905 2733.919697 2745.469357 2752.557507 2758.050086 2755.364807 2746.685270 2743.817043 2752.425948 2768.210676 2781.244495 2796.636023 2817.652255 2804.945344 2824.233940 2844.541531 2865.847732 2889.650544 2914.155194 2938.710718 2964.945751 2986.404689 2988.694098 2995.826094 3004.461049 3004.223844
2957.581646 2945.888277 2920.859671 2895.047351 2866.979779 2834.170341 2811.801701 2815.876095 2785.969891 2757.804923 2732.117277 2719.148228 2712.372291 2699.148231 2681.976909 2670.737690 2655.119918 2644.127181 2649.298193 2650.491630 2658.643987 2656.916776 2657.671867 2655.082229 2654.359016 2651.869892 2645.222725 2656.515836 2663.238300 2676.807075 2686.972732 2696.765437 2702.769534 2706.602370 2707.845356 2703.690001 2709.615256 2716.154818 2730.221200 2741.635245 2755.605221 2775.792441 2792.069140 2811.067278 2802.821296 2823.393545 2844.971179 2869.607764 2896.567192 2920.326578 2937.493070 2943.138224 2951.830381 2953.350502 2942.573863
