tests/Borden05m/data_simulated/sim_1/output-maps/psiliqL0010N0011.asc
ncols         160
nrows         34
xllcorner     620200.000000
yllcorner     5168000.000000
cellsize      0.500000
NODATA_value  -9999.0
[rows 0 to 25 of 34, columns 0 to 56 of 160]
-9999.0 -9999.0 -9999.0 -9999.0 -9999.0 -9999.0 -9999.0 -9999.0 -9999.0 -9999.0 -9999.0 -9999.0 -9999.0 -9999.0 -9999.0 -9999.0 -9999.0 -9999.0 -9999.0 -9999.0 -9999.0 -9999.0 -9999.0 -9999.0 -9999.0 -9999.0 -9999.0 -9999.0 -9999.0 -9999.0 -9999.0 -9999.0 -9999.0 -9999.0 -9999.0 -9999.0 -9999.0 -9999.0 -9999.0 -9999.0 -9999.0 -9999.0 -9999.0 -9999.0 -9999.0 -9999.0 -9999.0 -9999.0 -9999.0 -9999.0 -9999.0 -9999.0 -9999.0 -9999.0 -9999.0 -9999.0 -9999.0
-9999.0 -9999.0 -9999.0 -9999.0 -9999.0 -9999.0 -9999.0 -9999.0 -9999.0 -9999.0 -9999.0 -9999.0 -9999.0 -9999.0 -9999.0 -9999.0 -9999.0 -9999.0 -9999.0 -9999.0 -9999.0 -9999.0 -9999.0 -9999.0 -9999.0 -9999.0 -9999.0 -9999.0 -9999.0 -9999.0 -9999.0 -9999.0 -9999.0 -9999.0 -9999.0 -9999.0 -9999.0 -9999.0 -9999.0 -9999.0 -9999.0 -9999.0 -9999.0 -9999.0 -9999.0 -9999.0 -9999.0 -9999.0 -9999.0 -9999.0 -9999.0 -9999.0 -9999.0 -9999.0 -9999.0 -9999.0 -9999.0
-9999.0 -9999.0 -9999.0 -9999.0 -9999.0 -9999.0 -9999.0 -9999.0 -9999.0 -9999.0 -9999.0 -9999.0 -9999.0 -9999.0 -9999.0 -9999.0 -9999.0 -9999.0 -9999.0 -9999.0 -9999.0 -9999.0 -9999.0 -9999.0 -9999.0 -9999.0 -9999.0 -9999.0 -9999.0 -9999.0 -9999.0 -9999.0 -9999.0 -9999.0 -9999.0 -9999.0 -9999.0 -9999.0 -9999.0 -9999.0 -9999.0 -9999.0 -9999.0 -9999.0 -9999.0 -9999.0 -9999.0 87.140632 69.682587 53.283845 51.414567 74.185161 97.559355 121.233430 141.694067 160.276468 179.198176
-9999.0 -9999.0 -9999.0 -9999.0 -9999.0 -9999.0 -9999.0 -9999.0 -9999.0 -9999.0 -9999.0 -9999.0 -9999.0 -9999.0 -9999.0 -9999.0 -9999.0 -9999.0 -9999.0 -9999.0 -9999.0 -9999.0 -9999.0 -9999.0 -9999.0 -9999.0 -9999.0 -9999.0 -9999.0 -9999.0 -9999.0 -9999.0 -9999.0 -9999.0 -9999.0 -9999.0 -9999.0 -9999.0 -9999.0 -9999.0 134.760583 140.612078 142.072083 131.327794 120.028392 108.058873 88.101757 70.196145 54.800495 52.010357 54.631670 60.213846 83.171825 107.547965 127.040551 144.273095 163.405080
-9999.0 -9999.0 -9999.0 -9999.0 -9999.0 -9999.0 -9999.0 -9999.0 -9999.0 -9999.0 -9999.0 -9999.0 -9999.0 -9999.0 -9999.0 -9999.0 -9999.0 -9999.0 -9999.0 -9999.0 -9999.0 -9999.0 -9999.0 -9999.0 -9999.0 -9999.0 -9999.0 -9999.0 -9999.0 -9999.0 -9999.0 -9999.0 -9999.0 -9999.0 42.595951 60.160239 78.267414 96.581677 113.172537 119.796176 125.638963 131.406421 127.342532 122.544544 111.189873 92.425394 72.730324 58.532894 55.992589 53.405060 57.798509 70.908379 87.652809 104.038688 124.960872 148.172760 157.382761
-9999.0 -9999.0 -9999.0 -9999.0 -9999.0 -9999.0 -9999.0 -9999.0 -9999.0 -9999.0 -9999.0 -9999.0 -9999.0 -9999.0 -9999.0 -9999.0 -9999.0 -9999.0 -9999.0 -9999.0 -9999.0 -9999.0 -9999.0 -9999.0 -9999.0 -9999.0 -9999.0 -9999.0 47.073882 41.113205 35.914690 34.345038 32.983792 31.765966 38.696196 50.996737 69.264261 90.796656 103.604117 110.737766 117.256676 118.015699 113.117941 110.944131 111.117959 99.375119 87.710257 76.785501 66.287857 65.014543 74.627071 88.591578 104.686005 119.505071 134.879371 147.272441 163.465144
-9999.0 -9999.0 -9999.0 -9999.0 -9999.0 -9999.0 -9999.0 -9999.0 -9999.0 -9999.0 -9999.0 -9999.0 -9999.0 -9999.0 -9999.0 -9999.0 -9999.0 -9999.0 -9999.0 -9999.0 -9999.0 -9999.0 -9999.0 17.699119 23.673121 30.130668 37.455053 38.284500 33.988941 28.252066 25.027748 23.402442 21.738995 26.119726 34.449459 48.160513 64.099621 85.797641 94.402173 100.888139 113.252327 115.595321 120.580512 124.543126 122.713646 119.995129 107.942443 99.063685 104.681829 110.855098 117.440698 125.137566 138.345786 154.056294 171.932731 192.792079 214.820914
-9999.0 -9999.0 -9999.0 -9999.0 -9999.0 -9999.0 -9999.0 -9999.0 -9999.0 -9999.0 -9999.0 -9999.0 -9999.0 -9999.0 -9999.0 -9999.0 -9999.0 -9999.0 -9999.0 -7.122035 -6.326785 -5.349685 -0.815676 0.077184 2.244733 9.199980 17.290286 19.385373 17.712143 16.045212 17.524312 20.157984 24.364920 35.836764 49.737864 63.978551 78.151071 99.081910 113.898616 127.795231 143.922561 142.758505 138.427308 136.348173 136.824890 137.427948 143.106546 146.779390 152.912179 158.740182 165.869453 175.195267 186.536748 205.440170 226.310046 247.448866 267.507887
-9999.0 -9999.0 -9999.0 -9999.0 -9999.0 -9999.0 -9999.0 -9999.0 -9999.0 -9999.0 -9999.0 -9999.0 -9999.0 -9999.0 -9999.0 -9999.0 -35.418211 -33.631300 -31.593224 -26.323042 -23.828970 -19.961070 -13.171983 -12.150638 -8.380559 -1.331204 3.593813 12.142613 19.996815 27.316108 33.261006 35.976477 43.707971 53.484175 65.537180 81.277094 103.257947 126.212884 142.669280 159.553429 176.590020 177.157304 176.143148 177.401390 178.384262 186.313550 204.882202 211.696662 215.290735 234.286117 249.380663 255.604982 263.978974 283.497668 308.712698 336.039581 369.372154
-9999.0 -9999.0 -9999.0 -9999.0 -9999.0 -9999.0 -9999.0 -9999.0 -9999.0 -9999.0 -9999.0 -9999.0 -9999.0 -80.150211 -76.045916 -66.864419 -58.527233 -56.330867 -52.441278 -46.774547 -34.713035 -31.263410 -25.118504 -17.567977 -6.115225 2.378533 11.591852 23.413987 31.936073 39.244596 46.479007 53.022734 66.865116 82.505144 98.715165 119.312301 141.380582 162.753601 184.202458 200.078146 214.773065 218.470359 217.394479 219.764872 228.531202 247.542076 268.022070 281.213801 303.686703 329.013045 344.979379 359.476366 370.358027 385.198413 408.419583 447.010247 487.122385
-9999.0 -9999.0 -9999.0 -9999.0 -9999.0 -9999.0 -9999.0 -9999.0 -9999.0 -9999.0 -114.726301 -112.233625 -115.726510 -115.235234 -110.571578 -98.749845 -85.565496 -78.836742 -67.661994 -47.167251 -29.987698 -26.541191 -11.807818 -1.810217 4.819620 15.541153 28.801635 41.952877 59.402320 72.347495 85.122802 105.960737 122.882968 139.778772 157.990876 178.522253 200.112384 230.946697 259.606573 275.018911 300.312120 315.100233 313.243458 314.416852 323.934640 343.235093 369.309421 398.572227 424.515472 453.938733 476.519469 493.867031 507.538816 523.019461 541.422128 576.498794 617.543288
-9999.0 -9999.0 -9999.0 -9999.0 -9999.0 -9999.0 -9999.0 -9999.0 -138.786125 -131.892580 -125.674416 -128.756616 -133.495624 -136.929424 -123.821401 -108.086190 -92.218006 -75.187284 -59.323590 -41.468306 -25.914840 -9.331351 10.185232 22.130911 34.133904 49.575016 63.571004 81.710207 103.534970 118.388374 137.611669 160.217655 180.443630 199.496553 219.175576 238.980937 269.054948 305.641036 340.892287 368.495724 399.806835 427.189147 429.574122 434.439103 441.158630 470.315676 504.661798 539.814149 570.100501 600.183144 630.805874 649.219424 661.321490 675.608809 692.562352 710.623255 736.814441
-9999.0 -9999.0 -9999.0 -9999.0 -9999.0 -9999.0 -164.753797 -140.650996 -125.897078 -133.750964 -142.314492 -145.732281 -149.350142 -129.191526 -107.772682 -90.908326 -74.254308 -56.925176 -40.576475 -26.122515 8.926794 25.919583 41.123333 60.914941 75.505439 90.150495 108.094720 132.377452 156.177249 189.410764 219.928010 248.053533 276.716792 298.768591 319.865896 341.897516 377.376825 419.098319 460.227951 494.672880 526.747134 559.882598 571.073241 578.607274 587.756703 608.162290 639.999820 671.764777 706.856965 739.415726 765.117232 777.220468 788.175173 800.494898 815.052896 828.793447 842.947842
-9999.0 -9999.0 -9999.0 -9999.0 -198.086690 -177.189141 -156.751410 -125.956601 -103.390849 -108.699705 -101.521035 -101.008398 -102.339064 -99.478613 -93.398107 -75.447316 -57.524386 -39.382403 -20.648364 16.885956 59.732194 76.876367 103.939382 136.970259 151.809287 167.689140 184.402922 208.901436 239.696637 277.152311 326.700511 369.881808 400.305307 427.125693 451.552726 478.381890 515.875251 557.169730 596.510110 633.046160 665.272089 691.985999 707.181732 715.908527 727.710632 743.095761 763.524031 790.458142 820.702029 852.426655 877.345959 891.979536 900.527067 911.838939 923.958526 937.720654 950.185774
-9999.0 -9999.0 -9999.0 -245.463810 -206.999305 -169.966434 -142.531651 -111.547129 -79.819704 -73.730685 -65.152145 -58.826425 -52.343881 -43.220447 -33.231915 -16.504750 -1.721244 12.018186 33.747053 71.301264 108.414031 143.000517 177.304035 208.974643 233.346399 250.962093 270.160739 296.860151 340.108397 383.728877 439.589749 498.415342 540.632927 568.787890 591.845173 619.790757 645.827487 681.735721 716.615270 749.462032 781.308730 806.998591 827.453110 835.740131 844.367683 852.921437 869.682233 890.811249 912.591194 940.912600 968.173673 990.698575 1003.745263 1013.570698 1029.401630 1044.955698 1056.717532
-9999.0 -9999.0 -291.976682 -254.913764 -219.850322 -168.371467 -115.668021 -81.912523 -40.931229 -15.731372 -8.187880 10.720076 28.217682 37.171449 54.601531 72.680273 87.660139 92.538070 107.166427 142.970484 197.996877 249.587469 283.043240 341.722468 378.297959 405.248306 422.600978 451.089694 488.774151 536.788080 588.962814 640.192244 680.849718 713.117376 729.503059 748.248696 771.386095 793.648302 824.944462 853.535920 883.506239 909.792578 932.633823 941.276235 946.215042 960.515882 982.496487 1005.604897 1028.271157 1049.842680 1060.085579 1067.286011 1070.961764 1073.634658 1077.001530 1079.401543 1080.559924
-9999.0 -9999.0 -317.299362 -273.124522 -230.727827 -161.105601 -84.415954 -46.551774 -3.021399 42.369954 62.363758 87.500806 106.250987 123.763718 149.093182 174.125464 182.195278 187.444706 188.566256 245.803153 308.639505 373.869477 442.310265 510.597874 555.972802 570.646798 581.581319 602.202886 628.948265 674.172736 724.272488 775.350998 818.420043 848.357693 864.012379 880.822621 900.660165 917.837770 934.578160 969.354861 993.106142 1016.830004 1041.659288 1060.893262 1068.529317 1070.691991 1065.354187 1071.036545 1075.408514 1077.864713 1078.910939 1076.202215 1075.948404 1076.974288 1078.166138 1073.264766 1066.594753
-9999.0 -404.392696 -352.347416 -298.145834 -227.660058 -158.247508 -72.108754 9.308738 62.005773 106.883942 137.460665 157.808251 209.944307 260.502539 290.445471 322.011524 323.898071 326.124541 319.578769 367.348251 426.037621 515.670915 631.612653 689.894053 728.525245 733.281402 730.593634 744.858154 770.284182 811.274462 872.162544 914.674078 960.873949 995.514537 1008.369061 1013.880524 1029.820334 1047.635929 1048.184849 1061.791576 1068.496646 1074.424060 1074.893097 1076.692107 1077.848965 1078.310612 1075.433549 1069.412248 1062.066003 1056.914867 1053.121009 1048.668005 1051.177270 1054.354500 1054.949095 1047.342509 1038.560375
-9999.0 -438.744550 -378.403998 -305.717018 -233.486301 -157.407769 -45.909109 87.250226 137.241408 174.956077 206.581354 250.867899 340.309963 412.587783 454.698563 501.689347 501.815698 493.224185 489.361711 525.745609 580.320160 655.993591 785.507098 867.727232 886.706672 898.884336 907.683279 931.949035 963.728974 993.691427 1020.138283 1031.011929 1047.405190 1055.595903 1058.709219 1060.497820 1063.170195 1063.676718 1061.440874 1058.539585 1054.939549 1056.071807 1060.634197 1061.068610 1058.832324 1056.058681 1050.329444 1042.097154 1035.878388 1030.789744 1027.519336 1023.965080 1022.394416 1022.410627 1017.544084 1010.376211 999.738068
-9999.0 -463.973840 -394.246173 -328.591919 -255.960599 -132.049767 -8.123108 123.688570 216.145774 258.644686 306.040825 395.091127 499.684540 593.104128 646.614348 677.088749 690.026278 681.579639 694.216327 738.248482 799.461594 877.172673 947.095319 1012.419933 1024.680288 1028.639579 1018.917576 1027.055603 1034.659792 1037.161967 1039.367840 1041.859537 1047.983545 1051.533032 1051.257511 1049.131031 1044.797911 1036.813906 1031.681297 1028.812938 1025.957883 1026.245304 1029.429686 1030.573035 1028.218477 1024.135556 1018.690894 1011.349317 1003.961997 996.499085 991.953358 987.447917 984.965336 980.000319 974.619845 967.377531 952.778890
-9999.0 -553.410094 -468.587897 -407.565899 -275.762148 -107.885764 17.593686 172.506983 314.119480 368.405218 464.190772 579.544616 679.634180 750.414211 797.552809 846.730927 881.802254 909.727921 942.462955 929.765907 973.197933 1010.842770 1025.962928 1034.371720 1033.394249 1035.478366 1028.776543 1010.476001 1000.739187 994.878657 997.490613 1005.537853 1011.940893 1018.102940 1016.455040 1016.715827 1015.600617 1010.623242 1006.103535 998.005470 990.782820 985.737293 984.715785 990.168228 985.186263 981.398543 974.738141 965.707567 956.171633 947.709412 939.601582 932.443579 929.164209 923.113971 920.885487 912.332128 885.028022
-9999.0 -634.268429 -555.673814 -453.714217 -303.595425 -139.133611 5.503737 178.707216 379.367918 497.905018 612.059490 677.974446 751.020461 818.641600 887.326930 936.124926 964.586864 975.921254 973.194863 976.697456 947.270459 940.764856 956.919093 981.324855 992.865487 996.803473 987.996579 976.137416 968.673446 967.683019 966.990516 966.687342 966.042550 964.507105 961.360599 962.491915 965.792701 958.919729 950.321225 942.532561 935.791667 928.217929 923.204731 920.385246 918.713429 918.050602 910.237768 899.343768 888.314548 879.671125 871.448366 865.147624 862.326429 857.121281 849.574961 837.618582 810.079473
-9999.0 -723.338536 -607.183726 -505.510002 -371.485547 -230.787144 -93.976007 77.096080 240.028220 460.395592 631.132060 704.447685 742.254413 796.090881 861.381934 928.585359 941.195929 916.050371 887.927377 871.383063 872.122411 880.048215 893.361863 913.263320 929.571010 938.168172 938.369873 929.406337 915.449584 906.825835 901.371977 892.770718 886.361410 885.397213 884.680855 890.194555 892.170734 882.524306 869.781052 854.758415 841.810166 832.205784 829.388694 830.410805 830.102722 826.682058 819.476931 808.930821 796.266594 784.544667 776.289548 770.198584 763.263779 753.634671 742.829271 730.571199 704.700189
-9999.0 -9999.0 -677.816598 -565.537498 -450.551676 -321.771356 -194.273549 -38.338942 120.207932 313.626058 440.034187 552.966297 617.351315 665.132765 721.771797 776.887738 795.138924 810.474796 789.901668 789.883780 793.552990 798.487403 808.441361 820.715154 833.611869 842.501673 848.291840 845.654904 836.091980 819.974294 801.379585 787.036029 778.310116 771.723043 779.324751 789.417690 786.717401 779.749333 768.049313 752.973207 740.445979 727.605771 724.118467 724.685843 724.610672 721.529039 716.375505 703.436404 690.110079 677.197641 670.587293 663.660786 657.021487 645.303097 632.837676 618.790905 594.602928
-9999.0 -9999.0 -760.199787 -649.235192 -528.934602 -402.265190 -294.105398 -191.879369 -31.070611 93.629034 200.529771 296.835453 376.919826 441.797189 491.187490 551.010726 585.738436 600.308304 612.192285 632.513027 654.969159 678.381258 694.603130 707.562165 720.808343 732.490963 740.648679 729.901242 719.043450 702.666506 681.925733 659.333910 646.898483 641.472056 644.064668 649.645276 644.009382 633.812239 619.280953 603.070746 589.944219 578.053070 573.899190 571.246521 570.135045 567.087402 563.244876 553.346560 540.511176 530.950191 521.649295 513.924738 509.018274 499.830319 488.082422 478.935725 458.492902
-9999.0 -9999.0 -9999.0 -720.031217 -623.029233 -539.908451 -442.047834 -366.981025 -274.598007 -159.890479 -52.994053 52.588664 120.501011 176.818510 231.761805 283.217919 321.813680 346.724634 370.261917 425.473809 461.071606 502.700787 538.521588 556.154285 571.508492 586.744865 590.214707 581.252136 571.510841 555.442756 531.279376 506.490359 492.830688 493.494032 491.884216 491.990198 485.209394 479.286993 467.022312 453.032999 438.829251 429.452958 424.689493 419.391030 415.403578 411.000038 406.594929 399.854938 390.637545 380.733555 373.286824 369.401759 364.693188 358.849054 350.655855 341.370976 328.905147
