tests/Borden05m/data_simulated/sim_1/output-maps/psiliqL0006N0004.asc
ncols         160
nrows         34
xllcorner     620200.000000
yllcorner     5168000.000000
cellsize      0.500000
NODATA_value  -9999.0
[rows 0 to 24 of 34, columns 0 to 55 of 160]
-9999.0 -9999.0 -9999.0 -9999.0 -9999.0 -9999.0 -9999.0 -9999.0 -9999.0 -9999.0 -9999.0 -9999.0 -9999.0 -9999.0 -9999.0 -9999.0 -9999.0 -9999.0 -9999.0 -9999.0 -9999.0 -9999.0 -9999.0 -9999.0 -9999.0 -9999.0 -9999.0 -9999.0 -9999.0 -9999.0 -9999.0 -9999.0 -9999.0 -9999.0 -9999.0 -9999.0 -9999.0 -9999.0 -9999.0 -9999.0 -9999.0 -9999.0 -9999.0 -9999.0 -9999.0 -9999.0 -9999.0 -9999.0 -9999.0 -9999.0 -9999.0 -9999.0 -9999.0 -9999.0 -9999.0 -9999.0
-9999.0 -9999.0 -9999.0 -9999.0 -9999.0 -9999.0 -9999.0 -9999.0 -9999.0 -9999.0 -9999.0 -9999.0 -9999.0 -9999.0 -9999.0 -9999.0 -9999.0 -9999.0 -9999.0 -9999.0 -9999.0 -9999.0 -9999.0 -9999.0 -9999.0 -9999.0 -9999.0 -9999.0 -9999.0 -9999.0 -9999.0 -9999.0 -9999.0 -9999.0 -9999.0 -9999.0 -9999.0 -9999.0 -9999.0 -9999.0 -9999.0 -9999.0 -9999.0 -9999.0 -9999.0 -9999.0 -9999.0 -9999.0 -9999.0 -9999.0 -9999.0 -9999.0 -9999.0 -9999.0 -9999.0 -9999.0
-9999.0 -9999.0 -9999.0 -9999.0 -9999.0 -9999.0 -9999.0 -9999.0 -9999.0 -9999.0 -9999.0 -9999.0 -9999.0 -9999.0 -9999.0 -9999.0 -9999.0 -9999.0 -9999.0 -9999.0 -9999.0 -9999.0 -9999.0 -9999.0 -9999.0 -9999.0 -9999.0 -9999.0 -9999.0 -9999.0 -9999.0 -9999.0 -9999.0 -9999.0 -9999.0 -9999.0 -9999.0 -9999.0 -9999.0 -9999.0 -9999.0 -9999.0 -9999.0 -9999.0 -9999.0 -9999.0 -9999.0 -696.917591 -714.490033 -731.787309 -733.305445 -710.654918 -687.848340 -664.862496 -645.044448 -626.960287
-9999.0 -9999.0 -9999.0 -9999.0 -9999.0 -9999.0 -9999.0 -9999.0 -9999.0 -9999.0 -9999.0 -9999.0 -9999.0 -9999.0 -9999.0 -9999.0 -9999.0 -9999.0 -9999.0 -9999.0 -9999.0 -9999.0 -9999.0 -9999.0 -9999.0 -9999.0 -9999.0 -9999.0 -9999.0 -9999.0 -9999.0 -9999.0 -9999.0 -9999.0 -9999.0 -9999.0 -9999.0 -9999.0 -9999.0 -9999.0 -649.814953 -644.131419 -642.461675 -653.647075 -665.131276 -676.797154 -696.607773 -714.540345 -730.573750 -733.816648 -731.559187 -725.825752 -702.988116 -679.588031 -660.900658 -643.962771
-9999.0 -9999.0 -9999.0 -9999.0 -9999.0 -9999.0 -9999.0 -9999.0 -9999.0 -9999.0 -9999.0 -9999.0 -9999.0 -9999.0 -9999.0 -9999.0 -9999.0 -9999.0 -9999.0 -9999.0 -9999.0 -9999.0 -9999.0 -9999.0 -9999.0 -9999.0 -9999.0 -9999.0 -9999.0 -9999.0 -9999.0 -9999.0 -9999.0 -9999.0 -740.040007 -722.640664 -704.956327 -687.213588 -671.188164 -665.043289 -659.376320 -653.751179 -657.946086 -663.113643 -674.631914 -693.026429 -712.954449 -727.622576 -730.794945 -733.805956 -729.743318 -716.927395 -700.940855 -685.041397 -664.863677 -642.784413
-9999.0 -9999.0 -9999.0 -9999.0 -9999.0 -9999.0 -9999.0 -9999.0 -9999.0 -9999.0 -9999.0 -9999.0 -9999.0 -9999.0 -9999.0 -9999.0 -9999.0 -9999.0 -9999.0 -9999.0 -9999.0 -9999.0 -9999.0 -9999.0 -9999.0 -9999.0 -9999.0 -9999.0 -734.465634 -740.573684 -746.101458 -747.967399 -749.640071 -751.272992 -744.590641 -732.446635 -714.430563 -693.633520 -681.506458 -674.900366 -668.894308 -668.435675 -673.483111 -676.169135 -676.461782 -688.339339 -700.196703 -711.347155 -722.118981 -723.526007 -714.481922 -701.461948 -686.369797 -672.538755 -658.256069 -645.086010
-9999.0 -9999.0 -9999.0 -9999.0 -9999.0 -9999.0 -9999.0 -9999.0 -9999.0 -9999.0 -9999.0 -9999.0 -9999.0 -9999.0 -9999.0 -9999.0 -9999.0 -9999.0 -9999.0 -9999.0 -9999.0 -9999.0 -9999.0 -762.604977 -756.552641 -750.390318 -743.467629 -742.959274 -747.704613 -753.776201 -757.446541 -759.490614 -761.418076 -757.551040 -749.416350 -736.137256 -720.734219 -699.932708 -691.955005 -685.593808 -673.609564 -672.202902 -668.504277 -665.109964 -667.527088 -670.538855 -682.556058 -691.501402 -685.864859 -680.105245 -674.643878 -668.273312 -656.434837 -641.702676 -624.858027 -605.176541
-9999.0 -9999.0 -9999.0 -9999.0 -9999.0 -9999.0 -9999.0 -9999.0 -9999.0 -9999.0 -9999.0 -9999.0 -9999.0 -9999.0 -9999.0 -9999.0 -9999.0 -9999.0 -9999.0 -786.729370 -786.158955 -785.548619 -781.358959 -780.568073 -778.576631 -771.912753 -764.177529 -762.660753 -764.565774 -766.802739 -765.737481 -763.600759 -760.053206 -748.992440 -735.706593 -722.216546 -708.611630 -688.567946 -674.592074 -661.227838 -645.778046 -648.205258 -653.557189 -656.599619 -656.916787 -656.816954 -650.533676 -647.037457 -642.357670 -636.830430 -630.466703 -622.855869 -613.625612 -596.399852 -577.382137 -558.368072
-9999.0 -9999.0 -9999.0 -9999.0 -9999.0 -9999.0 -9999.0 -9999.0 -9999.0 -9999.0 -9999.0 -9999.0 -9999.0 -9999.0 -9999.0 -9999.0 -814.311993 -812.682268 -810.954099 -805.974870 -804.045662 -800.504693 -794.102609 -793.551472 -790.073327 -783.457995 -778.885513 -771.036123 -763.860013 -757.067067 -751.732531 -749.639479 -742.391661 -733.354762 -722.129786 -707.033914 -685.801053 -664.305002 -649.031362 -633.499926 -617.901327 -618.659550 -620.765198 -620.564663 -620.465209 -612.717422 -595.219265 -589.874460 -586.690874 -568.143921 -555.007246 -550.778939 -545.093950 -529.117689 -507.300561 -481.964081
-9999.0 -9999.0 -9999.0 -9999.0 -9999.0 -9999.0 -9999.0 -9999.0 -9999.0 -9999.0 -9999.0 -9999.0 -9999.0 -857.204339 -853.249538 -844.590486 -837.302317 -835.594059 -832.283819 -827.225773 -815.571096 -812.587313 -806.862328 -799.712144 -789.092306 -781.216580 -772.541949 -761.414083 -753.550302 -747.010717 -740.518208 -734.145850 -720.914805 -706.182061 -690.969083 -671.639772 -651.387520 -631.388088 -611.414239 -598.040805 -585.001652 -582.022260 -585.225953 -584.878441 -577.543271 -560.094731 -542.325207 -530.206034 -508.965194 -486.747897 -473.624061 -461.566497 -453.884195 -443.544790 -425.173950 -389.742429
-9999.0 -9999.0 -9999.0 -9999.0 -9999.0 -9999.0 -9999.0 -9999.0 -9999.0 -9999.0 -892.940991 -890.361303 -894.024371 -893.021210 -888.940413 -877.609137 -865.150482 -858.538039 -848.026230 -828.268976 -812.046396 -809.125830 -794.754701 -785.545634 -779.700685 -769.578143 -757.127967 -744.744741 -727.973847 -716.036374 -703.788955 -683.527743 -668.135400 -653.025830 -636.773316 -618.776184 -598.937263 -569.946727 -544.285141 -531.388425 -508.218217 -494.385530 -499.090806 -500.399443 -494.424380 -477.703958 -454.432508 -427.695806 -405.087759 -377.716464 -355.278623 -339.947939 -328.258288 -313.480939 -293.457918 -252.541504
-9999.0 -9999.0 -9999.0 -9999.0 -9999.0 -9999.0 -9999.0 -9999.0 -916.414226 -910.005766 -903.824506 -907.102808 -912.187122 -915.383791 -903.105534 -887.789808 -872.438338 -856.298979 -841.003913 -824.002093 -808.919646 -792.849614 -774.547876 -763.427303 -752.244659 -737.952162 -725.109264 -707.776083 -687.494008 -673.163356 -654.539088 -634.024443 -615.819723 -599.560059 -583.172361 -566.837829 -539.535187 -507.212669 -476.624168 -452.725358 -426.292224 -401.610549 -401.827323 -399.221847 -395.207260 -368.480365 -335.515817 -298.200319 -255.961039 -210.475275 -159.523709 -123.297454 -91.962559 -42.880104 18.105714 49.804777
-9999.0 -9999.0 -9999.0 -9999.0 -9999.0 -9999.0 -941.201084 -917.435714 -903.102546 -911.059626 -918.590811 -921.960796 -925.401950 -908.402044 -887.858147 -871.787120 -855.863592 -839.383568 -823.950841 -809.228384 -774.329246 -759.506485 -745.245950 -725.755083 -713.017046 -700.281724 -684.088526 -661.639546 -639.466516 -607.400684 -578.040800 -552.286007 -527.805679 -510.062194 -493.661496 -476.090257 -446.049043 -410.125250 -373.986022 -342.383635 -311.020278 -274.595458 -258.069194 -247.419032 -233.582572 -206.385601 -153.373869 -67.988153 26.919555 78.070137 108.691769 124.694744 141.657078 165.036192 192.763329 211.258006
-9999.0 -9999.0 -9999.0 -9999.0 -974.177697 -953.483586 -932.957667 -902.395834 -880.141945 -886.016304 -878.726592 -878.255022 -879.570371 -878.052880 -873.373830 -856.219479 -839.631605 -823.018507 -804.726280 -766.701499 -727.212018 -711.321512 -684.894349 -654.143258 -641.498339 -628.281287 -614.684662 -593.346921 -564.878890 -531.471457 -485.730154 -447.172374 -422.241997 -400.333814 -380.900608 -357.910579 -324.749004 -280.780945 -228.110745 -168.238682 -93.123850 -1.880291 40.539966 57.662558 71.632138 87.627639 111.703312 151.031902 194.728595 226.525804 242.929989 251.390104 256.254862 263.985510 272.453290 280.524943
-9999.0 -9999.0 -9999.0 -1019.634847 -981.545921 -945.490806 -918.094044 -887.503293 -856.603355 -849.838391 -842.229026 -835.476042 -828.469288 -819.848872 -809.739748 -794.513979 -782.151590 -771.683490 -752.217841 -716.829171 -681.752052 -647.909275 -617.415917 -587.702402 -565.960030 -552.163954 -537.908199 -515.716996 -478.293255 -439.958792 -389.604794 -333.865953 -288.187336 -253.441943 -225.736903 -188.368822 -142.440443 -47.551728 36.007190 88.768657 135.031887 178.647817 208.044591 218.622171 224.608049 229.057435 239.142028 252.427725 265.396738 280.715898 294.765273 305.468168 311.174421 314.780919 323.066179 331.609417
-9999.0 -9999.0 -1065.427171 -1029.140021 -993.478922 -941.369552 -889.445254 -856.856787 -816.572721 -791.241268 -784.333999 -765.486041 -748.680332 -740.386066 -723.581709 -706.877859 -696.136960 -694.957483 -685.140562 -649.446984 -596.837213 -549.479336 -516.643187 -461.972950 -430.920740 -411.242317 -400.594091 -377.438842 -345.074740 -291.842401 -222.195248 -131.271194 -14.662028 42.570603 64.948652 84.746815 112.785261 149.236054 193.746891 225.226278 246.736974 264.211188 278.392839 283.470895 284.955123 292.169466 302.945014 314.031209 324.823848 336.842042 348.404172 348.708229 348.377456 348.062075 348.024725 347.874109
-9999.0 -9999.0 -1089.460028 -1046.098701 -1002.210351 -930.519623 -857.175371 -819.734424 -777.125516 -734.111009 -715.598459 -693.224064 -672.883905 -653.293031 -630.922728 -607.865083 -606.707303 -605.985059 -608.293846 -557.241115 -502.044972 -438.699499 -362.034016 -293.888013 -246.398503 -236.215022 -228.897716 -203.561634 -154.166013 -33.400479 50.707655 116.287790 177.426688 213.432306 228.130441 238.069367 250.160403 263.065568 275.082299 296.682689 307.257678 318.447741 332.196493 347.290555 352.772675 352.147749 348.950867 348.816124 348.424283 347.846310 347.316620 343.979285 342.948118 343.275097 344.311130 340.309287
-9999.0 -1174.435890 -1122.860908 -1068.176425 -996.759588 -926.360661 -838.937201 -758.019147 -711.401979 -672.137669 -645.451419 -625.294286 -568.875088 -520.824664 -496.618080 -468.525629 -473.490811 -478.571810 -488.797519 -450.239006 -394.525837 -285.686531 -74.323630 23.817766 64.210614 69.125660 64.743778 78.437833 109.026939 163.616965 225.080053 255.765965 285.826062 306.998673 313.208532 313.958053 322.664023 336.502048 347.317134 351.319652 351.898755 351.839454 347.335292 347.369157 347.520735 347.742210 344.872268 339.561343 332.748115 328.085864 325.163503 322.206589 324.315633 327.041222 329.035328 325.247525
-9999.0 -1207.639407 -1146.934421 -1073.745638 -1001.040480 -919.246711 -802.793487 -680.691176 -638.256995 -607.205788 -578.499429 -529.517234 -444.472308 -377.102508 -334.300428 -287.115569 -290.270396 -305.889001 -307.836609 -265.632810 -178.728050 -14.767190 139.002815 227.438749 237.279017 245.055108 249.666088 263.860659 283.073280 301.949601 317.126444 332.239631 336.669204 337.643282 337.909183 338.175716 338.570194 339.269570 336.985424 334.210867 330.330253 330.566702 333.954488 333.903662 331.907480 330.078644 326.306894 322.345916 320.058887 318.344129 317.686274 316.568626 316.244928 317.527421 316.126152 314.552571
-9999.0 -1228.998330 -1160.856336 -1093.985499 -1015.777461 -885.591641 -765.847669 -641.659551 -557.697779 -524.479992 -475.073276 -385.347662 -270.296209 -117.467217 -1.101079 38.210975 50.081333 40.457576 51.207453 88.960769 149.134283 230.213575 275.157672 316.371386 322.740825 323.766119 320.984899 323.817392 326.071471 326.661666 326.558254 324.957263 328.886739 330.662681 329.669493 327.304118 323.733527 319.198924 317.377178 317.122026 316.287118 317.230119 319.797322 320.535226 319.754712 318.454553 317.154648 315.543451 313.795419 311.330828 310.566147 309.301921 308.979870 307.141973 305.542478 304.274696
-9999.0 -1309.754387 -1228.056238 -1162.546864 -1017.913955 -857.136316 -736.039269 -584.198524 -460.074261 -414.577489 -317.091874 -164.134766 26.442130 130.876188 192.073105 230.438503 246.965236 260.200605 277.291434 279.726950 306.651934 329.480297 333.097409 332.406957 325.017703 325.785862 321.209624 310.556213 306.072401 302.754366 304.299601 308.910769 312.238541 316.041710 314.541729 314.995355 315.135313 314.249136 314.278279 311.348192 308.618582 306.834921 307.129573 312.038545 309.364744 308.531042 306.847760 304.261199 300.983487 297.611380 293.948347 290.426175 289.349000 286.267513 286.870728 284.369318
-9999.0 -1390.346236 -1310.432082 -1198.546180 -1040.091420 -877.582134 -724.853899 -556.043512 -380.373733 -279.341976 -130.402890 12.380293 140.083592 224.342511 272.103104 291.983554 302.846941 305.840348 306.489707 306.347861 287.816188 284.279076 292.954242 305.368734 309.093657 310.878887 306.003376 301.421424 299.903376 301.316813 301.024785 300.311778 299.184888 297.617304 295.334831 296.146689 299.487314 297.212401 294.691735 292.884948 291.497876 288.660565 286.603016 285.624072 285.311826 286.703462 283.780218 278.932586 272.691465 266.270584 259.221302 253.762364 251.383507 247.516125 242.665286 234.422989
-9999.0 -1471.573273 -1359.619153 -1252.004358 -1109.275669 -967.508536 -826.253204 -657.997240 -501.809678 -299.031113 -35.196698 59.742847 141.365187 202.052414 247.108622 283.171640 287.251882 269.288489 255.262112 249.843038 255.408380 262.766164 270.049973 280.095267 287.321480 291.330549 291.777814 288.166337 281.499173 277.939523 274.225061 265.600243 258.436208 256.661517 255.291760 259.062842 261.241951 255.516571 248.759875 240.893061 234.390535 229.752374 228.910591 230.214999 230.631830 229.472427 225.642277 218.258055 202.425343 179.369770 157.352462 142.299464 129.471157 115.200709 100.379275 82.583729
-9999.0 -9999.0 -1426.237188 -1313.169720 -1193.390906 -1061.761254 -927.434893 -767.659120 -615.470423 -434.390448 -312.554502 -181.280146 -30.922207 41.142223 99.241660 147.998799 165.608406 184.477297 168.920915 180.381917 199.561812 210.180708 217.943241 224.263332 230.544299 234.831432 238.289146 237.876823 232.731258 221.339145 198.714497 169.378309 147.017859 135.025920 142.197047 153.911407 150.688751 141.325665 127.769585 112.045749 99.700339 87.627467 84.595445 85.688820 85.997245 83.404743 78.019221 62.663824 38.100119 -7.709063 -51.981904 -80.091405 -102.342312 -130.589367 -156.993473 -184.547152
-9999.0 -9999.0 -1506.948512 -1394.222345 -1269.641000 -1141.531437 -1029.183194 -908.561852 -748.077832 -628.591171 -534.978555 -454.049223 -385.533744 -322.055553 -260.993119 -173.419875 -114.965953 -85.203138 -78.303368 -45.631844 14.662468 46.151505 61.522547 72.853918 83.953781 93.912516 101.718692 91.338852 79.803184 59.686500 23.695464 -45.070134 -96.173416 -115.868078 -105.718639 -86.861600 -97.392834 -123.072907 -154.826686 -186.158069 -208.807798 -228.086390 -234.733786 -237.297628 -238.193750 -242.338683 -248.707955 -264.384594 -283.859420 -298.504692 -309.269284 -317.660222 -322.291510 -331.624513 -342.937575 -351.125225
