tests/Borden05m/data_simulated/sim_1/output-maps/psiliqL0020N0004.asc
ncols         160
nrows         34
xllcorner     620200.000000
yllcorner     5168000.000000
cellsize      0.500000
NODATA_value  -9999.0
[rows 0 to 24 of 34, columns 55 to 109 of 160]
-9999.0 -9999.0 -9999.0 -9999.0 -9999.0 -9999.0 -9999.0 -9999.0 -9999.0 -9999.0 -9999.0 -9999.0 -9999.0 -9999.0 -9999.0 -9999.0 -9999.0 -9999.0 -9999.0 -9999.0 -9999.0 -9999.0 -9999.0 -9999.0 -9999.0 -9999.0 -9999.0 -9999.0 -9999.0 -9999.0 -9999.0 -9999.0 -9999.0 -9999.0 -9999.0 -9999.0 -9999.0 -9999.0 -9999.0 -9999.0 -9999.0 -9999.0 -9999.0 -9999.0 -9999.0 -9999.0 -9999.0 -9999.0 -9999.0 -9999.0 -9999.0 -9999.0 -9999.0 -9999.0 -9999.0
-9999.0 -9999.0 -9999.0 -9999.0 2227.652779 2222.430301 2217.748056 2213.464488 2205.270607 2196.464483 2188.816144 2185.188572 2184.595342 2184.233843 2184.164760 2189.641535 2198.084415 2206.078353 2213.390751 2216.034905 2218.678040 2220.975159 2221.599768 2220.703902 2217.776332 2214.803477 2211.662845 2210.253078 2202.741872 2191.649173 2183.226275 2180.582409 2184.904283 2189.306820 2191.770930 2197.198816 2207.612942 2218.073866 2226.229966 2238.036857 2244.049709 2248.816802 2251.078675 2246.526589 2242.638497 2238.327817 2232.378550 2221.140942 -9999.0 -9999.0 -9999.0 -9999.0 -9999.0 -9999.0 -9999.0
2172.739481 2191.768990 2212.580738 2215.964358 2204.407850 2199.602522 2196.722960 2195.276407 2191.171137 2183.050930 2178.325891 2173.337779 2171.501466 2171.985611 2172.412370 2176.738625 2187.658924 2195.929941 2200.934209 2203.835617 2206.845151 2206.129786 2205.736924 2205.737381 2203.106165 2199.885255 2196.719061 2195.088085 2196.237978 2188.784286 2183.127672 2179.515418 2177.179194 2179.808201 2182.365511 2186.362308 2195.572029 2203.406529 2211.173252 2225.509935 2237.898097 2242.901677 2239.846176 2234.511789 2230.151228 2222.606980 2211.880891 2201.518886 2192.748050 2185.868611 2179.868203 2173.119016 2178.639881 2185.215723 2194.104764
2157.620715 2177.282843 2198.004105 2201.047963 2190.831290 2183.202678 2177.622667 2178.454269 2181.998986 2179.130407 2174.893063 2168.871100 2178.632913 2180.227882 2181.611972 2185.333984 2188.263430 2192.888084 2195.820914 2201.471616 2210.695279 2213.709356 2214.452256 2214.806202 2213.146694 2210.188602 2208.515027 2205.932639 2200.856475 2199.506586 2199.533402 2198.771048 2203.271748 2204.763626 2207.156463 2201.113168 2205.066641 2211.155696 2217.838600 2223.556164 2229.560003 2232.259590 2228.395586 2227.655212 2218.597294 2204.254949 2193.289851 2184.874475 2183.657262 2179.990998 2171.407202 2157.405562 2164.374284 2179.436876 2183.374474
2164.409177 2174.004874 2185.625192 2188.849148 2184.319066 2186.636935 2188.871900 2190.761846 2189.592756 2186.863104 2184.133427 2196.012656 2205.290450 2207.369711 2210.541857 2214.873855 2215.606020 2204.742940 2202.923798 2210.958155 2221.149195 2226.837571 2227.308169 2227.353614 2224.692941 2223.856578 2223.800659 2222.024998 2222.250895 2224.314841 2223.059720 2226.823740 2232.432538 2235.684652 2229.191961 2220.434161 2222.006584 2230.106099 2238.793564 2246.055391 2256.043121 2266.509474 2265.501952 2259.700175 2250.117424 2236.277170 2212.479506 2193.248624 2181.489286 2173.024601 2164.930817 2165.648903 2160.810617 2172.551987 2173.413942
2158.906347 2178.558197 2199.749161 2207.203733 2201.938393 2198.301615 2197.068751 2198.440941 2198.663939 2200.943335 2211.997755 2225.322076 2238.844955 2241.853662 2244.576546 2244.165864 2236.292764 2226.466578 2223.720113 2238.066478 2255.071867 2263.473547 2263.830566 2261.500817 2266.658284 2266.390072 2266.138314 2262.322833 2263.841758 2263.361495 2270.932106 2278.630707 2286.217097 2284.697510 2272.486711 2260.594179 2259.863512 2264.052900 2269.222314 2275.910899 2285.641960 2294.397014 2288.684821 2281.711964 2272.127975 2244.047535 2218.060609 2201.520408 2200.630840 2199.995856 2194.302618 2190.704246 2187.672690 2181.223905 2180.117659
2203.413833 2224.447855 2245.631501 2260.831679 2255.802915 2249.003393 2240.681937 2241.906715 2244.320594 2251.944191 2264.240987 2279.867438 2303.356563 2305.099611 2307.434559 2308.529114 2297.073502 2284.882910 2274.880732 2295.361815 2306.417328 2314.536696 2314.309155 2321.984670 2331.548511 2327.889687 2321.148991 2310.241039 2316.383559 2325.484958 2340.661590 2348.085041 2352.686416 2349.660878 2337.122041 2330.916295 2331.118667 2335.570696 2334.953578 2341.364750 2350.302367 2364.533471 2362.672932 2355.647248 2333.403637 2295.280739 2262.224486 2244.418529 2251.804727 2244.182222 2236.052446 2232.945791 2219.328384 2209.224727 2209.404746
2250.134374 2266.865154 2285.202051 2303.552184 2297.726823 2288.525946 2274.666689 2273.786100 2280.429451 2291.391211 2310.366984 2331.342242 2353.792635 2357.726830 2356.408196 2366.527503 2360.733672 2351.303650 2344.012377 2360.989175 2372.351469 2383.428561 2391.419038 2404.516962 2415.872076 2403.057001 2388.794086 2381.199764 2387.590993 2410.491848 2430.494935 2435.461952 2435.510810 2436.298519 2423.990833 2418.494864 2413.892698 2411.768974 2407.587434 2404.405022 2425.775899 2444.069909 2442.114895 2418.574159 2393.935761 2354.754370 2315.603135 2286.005633 2291.023469 2286.396948 2286.156654 2272.375613 2257.533835 2244.574800 2237.068200
2320.730528 2347.081441 2366.690675 2389.222050 2386.147732 2367.513756 2356.640392 2361.338934 2375.371159 2383.852899 2401.618957 2422.696398 2451.791207 2468.985733 2484.811733 2490.454083 2482.907772 2474.649352 2462.664288 2465.032868 2486.352714 2499.672113 2509.965906 2520.101278 2533.144955 2536.394378 2531.912266 2531.053516 2535.129446 2545.670512 2557.576680 2564.331478 2568.319584 2571.382945 2562.576364 2551.338536 2548.435374 2541.837306 2538.059969 2536.228909 2542.949144 2558.122565 2554.252711 2521.177951 2492.350501 2456.055388 2416.678909 2384.709638 2371.500493 2382.614538 2374.829499 2356.240907 2340.113218 2308.608778 2296.566545
2410.172065 2445.734699 2473.077812 2487.959974 2500.028870 2491.612533 2492.679539 2497.928667 2506.765278 2511.666245 2519.570965 2552.504968 2586.626908 2614.266877 2638.589590 2647.450831 2636.717629 2627.519584 2615.310444 2606.827028 2615.342169 2632.206058 2650.211399 2666.144962 2677.955295 2681.142941 2679.871271 2680.356588 2683.393020 2686.361676 2690.131121 2697.659749 2705.500917 2717.145617 2726.976930 2718.558933 2699.772740 2689.261187 2678.164989 2675.268855 2674.859294 2675.278536 2674.541508 2660.352760 2621.313368 2589.023902 2555.761692 2530.053039 2511.094948 2502.168052 2480.411305 2455.247342 2404.956781 2365.023799 2330.539590
2518.285503 2562.611727 2593.605613 2615.864345 2631.584226 2633.000922 2636.551485 2639.524245 2645.248013 2649.825121 2655.387346 2680.975766 2723.788743 2763.388409 2794.864367 2797.433830 2786.363229 2776.024156 2766.859794 2754.751379 2751.749278 2762.942503 2777.144938 2796.153891 2807.508951 2815.288258 2811.379057 2811.952051 2815.249129 2815.744240 2817.600327 2820.665006 2829.473808 2843.730589 2857.027012 2857.093004 2840.787148 2825.528101 2809.357324 2804.778325 2800.425687 2794.413423 2794.585830 2794.253832 2780.106198 2748.992491 2706.385976 2662.843085 2639.472879 2619.253067 2604.981215 2587.114327 2551.306529 2488.788177 2451.424911
2649.984405 2683.548763 2717.720985 2750.528718 2768.742075 2774.984046 2775.114304 2776.433146 2784.478843 2789.516255 2797.581143 2812.878994 2842.209119 2875.633057 2904.735471 2921.600580 2916.192755 2901.162898 2881.689996 2874.458633 2872.908740 2876.518636 2885.431462 2896.771516 2914.982622 2933.236497 2793.788151 2794.671904 2938.335859 2794.422803 2794.349581 2794.461616 2796.582308 2803.444666 2812.067375 2815.078970 2810.107396 2938.859844 2916.925388 2904.298655 2896.677383 2892.228848 2890.902167 2892.849949 2892.548675 2877.061608 2843.846638 2800.522189 2767.144096 2747.019107 2730.112424 2711.197651 2696.825729 2667.371319 2645.359698
2777.892570 2794.975324 2824.549463 2854.098849 2877.079707 2893.618861 2896.707710 2901.769737 2907.272307 2916.258554 2932.043181 2805.144202 2820.318811 2840.220170 2864.255467 2878.742132 2884.078098 2883.226398 2880.366215 2881.817591 2882.109535 2834.912695 2839.828398 2844.708834 2857.633011 2869.921754 2872.851750 2873.364977 2872.919776 2873.017145 2873.618817 2873.650991 2873.323003 2874.674043 2878.506205 2879.963785 2878.154820 2869.566433 2881.383575 2862.785146 2850.091052 2842.265617 2834.324033 2826.027806 2816.654040 2808.505107 2940.902386 2910.297379 2875.104683 2851.234789 2839.994302 2831.125782 2821.121310 2813.179944 2794.635317
2889.942229 2903.054042 2922.148247 2945.247214 2822.578069 2842.259736 2853.024846 2861.799944 2866.362272 2879.383172 2894.425825 2881.530893 2887.822598 2894.331119 2900.783473 2902.990865 2903.610930 2903.302295 2900.985786 2900.393608 2898.315592 2894.394661 2884.416286 2885.989327 2887.757365 2890.331265 2893.966886 2892.784184 2893.829404 2896.771465 2895.159966 2889.417950 2885.602916 2884.060978 2884.843518 2892.122277 2895.444452 2896.333467 2893.979342 2893.169995 2892.419097 2889.842515 2886.611839 2882.047346 2876.196991 2886.108793 2876.500227 2850.798883 2815.673170 2934.767744 2923.178908 2920.664868 2918.875962 2914.768574 2906.910942
2858.008416 2870.756420 2884.597662 2870.518207 2885.931818 2894.598542 2898.655499 2902.052472 2904.600907 2906.812461 2903.689846 2900.491094 2895.708348 2894.268311 2892.928023 2890.496348 2891.098922 2889.171932 2885.184111 2881.388927 2874.131708 2863.002308 2851.822362 2848.715316 2853.122959 2858.456161 2863.225443 2867.114254 2870.644957 2871.117537 2866.021280 2857.945505 2850.699020 2848.977939 2855.661727 2861.311804 2867.281681 2868.091746 2866.752070 2864.525568 2864.519897 2861.651482 2862.003054 2868.763383 2882.735943 2886.670159 2891.098591 2890.420197 2877.814646 2856.539891 2860.205811 2840.718025 2845.767938 2841.316706 2830.175388
2896.052170 2898.216631 2897.041943 2895.703906 2889.577320 2883.693074 2882.944983 2886.850737 2893.721029 2894.824447 2887.817025 2879.419280 2872.360355 2865.265118 2863.020038 2862.146558 2861.703164 2862.012094 2856.752384 2848.166863 2833.534704 2822.062069 2810.998014 2805.047630 2802.046910 2806.088663 2816.624606 2827.599642 2832.414230 2824.263602 2816.320734 2805.127382 2797.174840 2797.578605 2799.152207 2808.405970 2823.936565 2830.216296 2830.995820 2825.184558 2819.612596 2813.356366 2810.767791 2817.303744 2832.274113 2846.570925 2861.141480 2869.739820 2877.183813 2883.938974 2884.540474 2886.613014 2887.745897 2886.110952 2887.341759
2890.298283 2883.590377 2876.884568 2871.784437 2865.351761 2859.945140 2858.168899 2860.240082 2862.533006 2858.746469 2852.268411 2843.855263 2832.962014 2823.321828 2816.325378 2817.191974 2819.394887 2820.711294 2813.870581 2800.612162 2933.794860 2920.012216 2905.842209 2901.644096 2895.994941 2889.599293 2899.625972 2917.956698 2924.749340 2909.976514 2899.861495 2885.547264 2879.070157 2875.829855 2877.231496 2886.620388 2908.267595 2930.821220 2933.397571 2924.216202 2915.464662 2912.523755 2911.413329 2918.508369 2937.173048 2795.356127 2809.044620 2818.960340 2824.348404 2832.198006 2841.558470 2853.209786 2867.164458 2878.805866 2884.973942
2866.147135 2858.480778 2850.913902 2843.426438 2836.605070 2832.172171 2827.920183 2825.865307 2822.440126 2816.406966 2811.006402 2948.444651 2933.845447 2918.906260 2902.158095 2896.112789 2889.869380 2889.215787 2876.366408 2866.632617 2850.509089 2834.809805 2818.445733 2805.901015 2799.841833 2793.248954 2793.709356 2807.721677 2816.279227 2805.368519 2795.704975 2784.553922 2779.760186 2776.803489 2779.391585 2790.109181 2811.108816 2830.174277 2838.906569 2832.652386 2831.527831 2832.977699 2833.837840 2842.012374 2856.139815 2875.480094 2899.323738 2919.542304 2931.704197 2941.276288 2952.774941 2800.954016 2813.166108 2827.139236 2844.508145
2835.919904 2828.485579 2818.757390 2809.292027 2800.682803 2952.517378 2943.820864 2942.961317 2933.563878 2924.332100 2901.473785 2848.464303 2825.495543 2804.150817 2785.645880 2776.718194 2766.243291 2751.254072 2740.664924 2734.066432 2731.901362 2716.376593 2696.018530 2678.375714 2673.007458 2668.922369 2654.681015 2653.575861 2655.031661 2666.468596 2660.102979 2657.331796 2657.954305 2655.889825 2658.335480 2671.877082 2681.767284 2689.801253 2697.305453 2700.952619 2711.755173 2723.627550 2734.036722 2753.090046 2767.468305 2786.134605 2809.746038 2837.994762 2855.780875 2868.307488 2881.570257 2898.455605 2917.177403 2937.011710 2961.138565
2804.729915 2950.819209 2934.781398 2918.248878 2903.050919 2889.030847 2871.516086 2869.632095 2863.350329 2849.955648 2796.398921 2751.303653 2712.153756 2691.581333 2665.792577 2650.317680 2633.214039 2597.369923 2579.438398 2575.482879 2585.591477 2579.361266 2564.091464 2551.355929 2542.254434 2533.734753 2517.729091 2502.667143 2508.114629 2524.164199 2523.190938 2524.850708 2531.545278 2530.901023 2525.864464 2526.758818 2540.209627 2547.375304 2558.915535 2575.285516 2581.233709 2595.895706 2628.662632 2644.281548 2662.115317 2684.144145 2708.327201 2736.791837 2762.460784 2779.868704 2798.369623 2820.632479 2840.717816 2864.208615 2889.699777
2906.431572 2876.529852 2853.967109 2834.001099 2812.023486 2784.410869 2760.775876 2754.778467 2744.426327 2714.946273 2658.551320 2617.838747 2589.954853 2565.562582 2539.621100 2515.157778 2478.567778 2443.301271 2420.701162 2431.346323 2440.205321 2447.244333 2434.848739 2423.269707 2413.365297 2396.854399 2380.527695 2365.896965 2375.921164 2384.508682 2399.558462 2405.332641 2409.385621 2414.290333 2413.301162 2405.319894 2404.556161 2413.467895 2424.249527 2436.620209 2456.330307 2491.632427 2518.202372 2538.238533 2561.339133 2583.662746 2608.483312 2634.242954 2659.934913 2680.274454 2702.424832 2727.814912 2752.970922 2776.570900 2803.818748
2816.743076 2786.644915 2757.509260 2731.042962 2695.077163 2648.254711 2629.947617 2617.539802 2595.743332 2549.543154 2505.419620 2476.003000 2456.812973 2431.039679 2407.078183 2377.125055 2343.067480 2318.565968 2297.200522 2305.307170 2313.666296 2330.009263 2319.918450 2311.406358 2307.157422 2291.986714 2278.464691 2262.764576 2269.494235 2280.805680 2301.980146 2307.405628 2311.460849 2320.179241 2319.610687 2316.138742 2302.228225 2310.166042 2321.441268 2336.543257 2367.031664 2391.129851 2415.426879 2438.668786 2460.528286 2485.772214 2511.462674 2537.668422 2567.072828 2590.038506 2612.402693 2636.813993 2660.140609 2680.004991 2702.091225
2690.921019 2663.978069 2640.691095 2613.808790 2571.237164 2524.649570 2482.491788 2456.941395 2407.469294 2370.613352 2343.084368 2334.502326 2318.477350 2296.015394 2274.592114 2253.005772 2228.690479 2207.713214 2182.335295 2186.475140 2200.515293 2216.046213 2214.592232 2213.795740 2211.669079 2201.677422 2188.171103 2174.588766 2178.278323 2194.678899 2212.290762 2221.500945 2228.979758 2236.851889 2236.965814 2228.696174 2219.592704 2225.067168 2240.458411 2257.431354 2276.939036 2298.919770 2321.227641 2342.998758 2367.026989 2391.528065 2416.723269 2444.183631 2474.513256 2498.502756 2525.229053 2552.962396 2574.199645 2588.005402 2601.804959
2573.125154 2550.619979 2524.750417 2495.144126 2450.828750 2408.371682 2365.203033 2319.025019 2283.939473 2252.334745 2240.123987 2222.339596 2206.314925 2189.504574 2168.105785 2149.973256 2133.178257 2111.125390 2097.804885 2103.880439 2116.764862 2125.693128 2130.863676 2128.363627 2125.756452 2119.471363 2105.666544 2099.427901 2108.899201 2124.154636 2138.297446 2149.447272 2156.402877 2162.017738 2159.295497 2150.709704 2147.003021 2155.425671 2171.195000 2185.473418 2201.541935 2222.961543 2244.410279 2266.981314 2290.642451 2314.077684 2340.120592 2367.040975 2394.748208 2423.419995 2448.657997 2472.145691 2485.103393 2498.584175 2504.566522
2434.583315 2419.543576 2392.289905 2362.496681 2330.733030 2294.494302 2266.590934 2233.483307 2201.934073 2171.412086 2144.833189 2129.955687 2121.647108 2107.408611 2089.101474 2076.674141 2060.288141 2047.212601 2050.683536 2052.141541 2060.972513 2059.967858 2060.649058 2057.954571 2057.149698 2054.189642 2046.494041 2056.623221 2063.520430 2077.359703 2087.672941 2097.338025 2103.369389 2107.242607 2108.074469 2103.261212 2108.470082 2115.112940 2129.274236 2140.851508 2155.133829 2175.614094 2193.035967 2212.677321 2235.726298 2259.531933 2284.500852 2311.272865 2340.316730 2366.457943 2386.635828 2396.320730 2408.413199 2414.157757 2408.031568
