tests/Borden05m/data_simulated/sim_1/output-maps/psiliqL0001N0017.asc
ncols         160
nrows         34
xllcorner     620200.000000
yllcorner     5168000.000000
cellsize      0.500000
NODATA_value  -9999.0
[rows 0 to 24 of 34, columns 56 to 111 of 160]
-9999.0 -9999.0 -9999.0 -9999.0 -9999.0 -9999.0 -9999.0 -9999.0 -9999.0 -9999.0 -9999.0 -9999.0 -9999.0 -9999.0 -9999.0 -9999.0 -9999.0 -9999.0 -9999.0 -9999.0 -9999.0 -9999.0 -9999.0 -9999.0 -9999.0 -9999.0 -9999.0 -9999.0 -9999.0 -9999.0 -9999.0 -9999.0 -9999.0 -9999.0 -9999.0 -9999.0 -9999.0 -9999.0 -9999.0 -9999.0 -9999.0 -9999.0 -9999.0 -9999.0 -9999.0 -9999.0 -9999.0 -9999.0 -9999.0 -9999.0 -9999.0 -9999.0 -9999.0 -9999.0 -9999.0 -9999.0
-9999.0 -9999.0 -9999.0 -599.184245 -600.265865 -601.020784 -601.449765 -602.961989 -604.128837 -605.503665 -605.720159 -605.564365 -605.810145 -606.350348 -605.621131 -604.677200 -603.865667 -602.731007 -602.941168 -602.800643 -602.363386 -602.244947 -602.444764 -602.968431 -603.310096 -603.713279 -603.174905 -604.747055 -606.782493 -608.338927 -608.654350 -607.328970 -606.539579 -606.680190 -605.929286 -604.305273 -602.906877 -602.418689 -600.734203 -600.965182 -600.284652 -599.188760 -600.067775 -600.288813 -600.177724 -599.875418 -602.207135 -9999.0 -9999.0 -9999.0 -9999.0 -9999.0 -9999.0 -9999.0 -9999.0 -9999.0
-603.758261 -600.706272 -600.888757 -605.251107 -605.676341 -605.776536 -605.585834 -606.217869 -607.836300 -608.243125 -609.433510 -609.937863 -610.071855 -610.541720 -610.160335 -608.194551 -606.790032 -606.381574 -606.668950 -606.810783 -607.223198 -607.523802 -607.430091 -607.922613 -608.377164 -608.861243 -608.731033 -607.518082 -609.001139 -609.739917 -610.458505 -611.213489 -610.921600 -610.680763 -610.586156 -608.722675 -607.983814 -607.455322 -604.924630 -602.558647 -601.927477 -602.876238 -603.924721 -603.678789 -603.787941 -604.773351 -605.732428 -605.795071 -606.266067 -606.467380 -607.340590 -605.991822 -605.988932 -604.446439 -603.137227 -601.607023
-607.751948 -604.275635 -604.491852 -607.786080 -609.767299 -610.357460 -609.938082 -608.569502 -609.120762 -610.275275 -611.996726 -610.049648 -610.313332 -610.488768 -610.134321 -609.477530 -609.240443 -608.927975 -608.458546 -606.681334 -606.808008 -606.958672 -606.868508 -607.177055 -607.748590 -607.705554 -608.018886 -609.497088 -609.260724 -608.896360 -609.205368 -607.742597 -607.660977 -606.845725 -609.415126 -608.996270 -608.365442 -607.904887 -607.554087 -607.139054 -606.573065 -607.692057 -606.919575 -607.839218 -609.858412 -610.383786 -610.250737 -608.679547 -607.877956 -608.874503 -612.363208 -610.517931 -606.611471 -606.889881 -607.480843 -605.542845
-609.993679 -609.252087 -609.684373 -611.053365 -609.746591 -608.686329 -608.007026 -608.627599 -609.876563 -611.360415 -608.188914 -606.873137 -607.560610 -607.194530 -606.289141 -606.280818 -610.214613 -611.235351 -609.701978 -608.079588 -607.383228 -608.086766 -608.424630 -609.077737 -609.073022 -608.668710 -609.095627 -608.481382 -607.944954 -608.581218 -607.556995 -606.405385 -605.318063 -607.816049 -610.062103 -609.941274 -608.094262 -606.738246 -606.023976 -604.048847 -600.978373 -601.495039 -602.220386 -602.612986 -603.060175 -606.674517 -609.929918 -611.213194 -611.768692 -612.708525 -611.988114 -612.646730 -609.564648 -609.798592 -610.285059 -608.769252
-612.666958 -608.794493 -607.818561 -609.949874 -611.120222 -611.652020 -611.322062 -611.729461 -611.640155 -608.811948 -607.234569 -604.557348 -605.491752 -605.399167 -605.501498 -608.202580 -610.246700 -611.626687 -607.561498 -604.283100 -603.185542 -604.032751 -604.727607 -601.778176 -602.661938 -603.077717 -604.842761 -604.205549 -604.404368 -601.247879 -600.017759 -598.364787 -599.010790 -602.115871 -604.716174 -604.882627 -604.628372 -604.950979 -604.202483 -602.201275 -599.675813 -601.484635 -602.349240 -602.319958 -607.824277 -612.086590 -613.561366 -610.713168 -609.076784 -609.387861 -609.132048 -609.019300 -611.123294 -610.634739 -610.408062 -611.378834
-604.871458 -602.605595 -598.879848 -601.389700 -603.190357 -606.340170 -606.006685 -605.609498 -604.507587 -602.932044 -599.960873 -594.303150 -595.329810 -594.925415 -593.051266 -596.139938 -599.032219 -603.301530 -598.584607 -597.417221 -595.764809 -595.900552 -592.126584 -588.742038 -590.826960 -593.696839 -597.027461 -594.994585 -590.468457 -586.160446 -585.077546 -584.537985 -583.738293 -586.807206 -587.700867 -588.427809 -588.208798 -590.226296 -590.131402 -586.867961 -581.294624 -580.687115 -583.574737 -588.994759 -596.927832 -603.960294 -607.731083 -603.675074 -604.922700 -605.511370 -604.889763 -607.537621 -609.093056 -606.950812 -608.933435 -610.449676
-602.344573 -600.020003 -595.680410 -597.471544 -600.859672 -604.402672 -604.332893 -602.186462 -601.086038 -596.878215 -590.716556 -583.205463 -578.565576 -574.465641 -570.023371 -573.422312 -577.200097 -581.439231 -580.738361 -575.681797 -570.381667 -563.976873 -556.515221 -548.094561 -550.413898 -554.882053 -555.328186 -553.368777 -543.894568 -534.252077 -529.926998 -527.060696 -521.837737 -525.501224 -532.178598 -539.540907 -546.449356 -552.164715 -556.365422 -548.526097 -539.536854 -541.302440 -557.238158 -569.471362 -581.474238 -591.685082 -601.504142 -601.551213 -599.953011 -598.543693 -602.018986 -603.762544 -606.927673 -607.673246 -607.457824 -610.765615
-581.639472 -575.411802 -568.013703 -564.546583 -571.139685 -572.106448 -569.695985 -564.529172 -562.395431 -555.788029 -535.092430 -499.643850 -469.729941 -448.978932 -445.305003 -452.074432 -460.425150 -474.472091 -482.466803 -470.371875 -458.242552 -448.164755 -440.105862 -432.551819 -427.044594 -427.425099 -427.349702 -425.696240 -423.640322 -419.726674 -414.883040 -409.844827 -404.143585 -402.057058 -408.848438 -415.920748 -423.552675 -430.465619 -432.466831 -434.494144 -430.862975 -431.358313 -444.068148 -464.044087 -494.189349 -529.825691 -553.229613 -567.349751 -567.816852 -574.159608 -579.265950 -584.823049 -595.398146 -598.426949 -600.164947 -608.160209
-529.511007 -500.043085 -480.467699 -463.827218 -461.431612 -457.999053 -455.018662 -450.334852 -446.312681 -441.678192 -419.703062 -391.343381 -362.913557 -339.344430 -330.031691 -337.942487 -346.916091 -357.056485 -366.090298 -366.376048 -355.196618 -341.197044 -327.338904 -318.212361 -314.910423 -316.438077 -316.332932 -315.434159 -312.657189 -310.832680 -307.022509 -300.948886 -291.005467 -278.676567 -281.181394 -296.584051 -309.715419 -325.406921 -333.477983 -337.096666 -342.500042 -343.188475 -343.518935 -364.082320 -386.485737 -412.136798 -436.493171 -452.750252 -472.300616 -494.414909 -515.848678 -547.969151 -569.555899 -583.821001 -593.433209 -602.042385
-422.713997 -399.321433 -376.309132 -362.278173 -356.358608 -353.498048 -349.260980 -342.013374 -335.893760 -327.720836 -311.080161 -279.253967 -243.666234 -210.764000 -201.818758 -207.481244 -217.968479 -228.737935 -236.426636 -239.749486 -235.022368 -226.879682 -214.728181 -204.130124 -195.471467 -194.429417 -195.046808 -194.419587 -191.972389 -191.657775 -189.809612 -186.331502 -176.256057 -167.074800 -166.962444 -173.873087 -190.317906 -208.751617 -224.884007 -235.840159 -243.093351 -244.708405 -244.608941 -245.374609 -264.598904 -295.153461 -335.166524 -363.186569 -384.168582 -396.658856 -409.457317 -420.680396 -446.699912 -461.974617 -492.480446 -529.765223
-329.005714 -303.100717 -275.842169 -256.300214 -245.311597 -241.928275 -235.133400 -221.999970 -212.522348 -201.821929 -185.569576 -167.388467 -138.190878 -80.614912 -56.188491 -57.523543 -94.977891 -80.332093 -81.648327 -110.479980 -82.146762 -77.303878 -73.683077 -61.085054 -78.078805 -44.185736 -73.333491 -45.740031 -43.393273 -72.374385 -43.176727 -73.007398 -42.214658 -36.508850 -64.097328 -37.627384 -49.023224 -66.247058 -121.129864 -137.308861 -144.053310 -148.435455 -149.709262 -152.423388 -161.877572 -186.321041 -223.442572 -259.281302 -285.348073 -303.893802 -316.992917 -326.035653 -333.465639 -346.515520 -369.666587 -402.464451
-224.376914 -201.436706 -179.867772 -154.529213 -137.730433 -131.802591 -116.127889 -75.264529 -62.768401 -75.635521 -32.724286 -24.953336 -17.273783 5.291058 13.036116 18.480094 19.607872 20.529598 23.363845 22.119977 22.591485 23.738055 23.623736 24.316657 25.920314 26.779749 26.422021 26.799565 27.922532 26.954099 27.910505 27.168351 25.231424 25.992986 24.959826 25.335882 23.534996 16.017025 1.469777 -9.139339 -15.385824 -22.458757 -30.090892 -39.126979 -47.258868 -60.682567 -120.264232 -157.314254 -190.098635 -209.868853 -219.427453 -225.644902 -230.978779 -244.701344 -264.922238 -290.070186
-78.728776 -65.311949 -76.322023 -27.913146 -14.601384 -30.499563 1.759242 6.765322 16.041351 25.570917 29.028783 27.600333 27.659064 28.448054 28.408441 28.416967 28.956715 26.138629 25.697330 25.342965 20.218656 11.303754 12.701653 13.852941 16.183515 19.561228 18.263482 18.561611 21.110742 20.094583 15.416376 12.188768 10.652417 10.608430 17.431525 20.427582 20.302198 21.207281 20.897749 20.759570 20.949496 20.576161 20.911430 20.528356 16.088954 8.316506 -10.300874 -35.752863 -63.654170 -117.222660 -131.203065 -132.044305 -136.680605 -144.841208 -169.208501 -197.126569
8.739642 19.057821 28.796002 29.631087 28.774612 28.784654 30.664725 31.494934 32.651662 28.374057 24.113945 21.051024 19.471040 18.438722 16.104199 16.896119 15.100010 11.604935 9.026819 4.568968 -6.583898 -18.606482 -20.143767 -15.301826 -10.704746 -6.892885 -4.722635 -28.579605 -0.595091 -4.238750 -11.228781 -17.987628 -20.213516 -14.348157 -8.475145 -4.131032 -29.918683 -5.552957 -6.839008 -6.369741 -7.915153 -7.556032 -1.329612 10.533979 18.238466 18.098197 18.059569 18.123526 17.923844 -2.351356 -20.536624 -17.982067 -21.527836 -32.121138 -88.688660 -117.094702
22.509709 22.181626 20.082949 14.716141 9.627461 9.317243 12.747367 19.182612 20.728966 14.428881 7.675564 1.011039 -5.573834 -7.072121 -8.736931 -9.315794 -9.321480 -14.445315 -21.176989 -63.826333 -86.763302 -100.648048 -107.633751 -108.748454 -103.331718 -95.560054 -89.511246 -88.209102 -90.288413 -95.484097 -104.193167 -111.598876 -111.359587 -108.376205 -100.309539 -89.836605 -90.440663 -87.348720 -90.016833 -92.007203 -95.986816 -94.991533 -81.792879 -33.579724 -19.607851 -8.474565 -1.677609 5.312743 10.733785 17.835549 17.706759 17.759981 17.771926 13.655499 1.033969 -16.231644
8.697644 2.116491 -2.416957 -8.840408 -14.687692 -15.814614 -12.548550 -8.520500 -10.773465 -17.068773 -27.645307 -72.293238 -87.924927 -94.577874 -94.688220 -93.274839 -93.512519 -100.037336 -115.340202 -137.312048 -154.126963 -169.361087 -174.074910 -178.546104 -180.673884 -170.678438 -156.772358 -152.202325 -163.038052 -171.141420 -183.438970 -190.569030 -192.719306 -190.860173 -181.871988 -165.195456 -150.479895 -149.579922 -157.369678 -164.750741 -168.199822 -168.335711 -157.351022 -132.461320 -111.322310 -95.947080 -82.215469 -48.756622 -33.815222 -24.469497 -14.628840 -3.389646 6.335898 16.756919 17.138265 16.978722
-16.389560 -57.036937 -70.120159 -78.664413 -85.271911 -89.637412 -91.992327 -93.827901 -99.654361 -106.931884 -118.560593 -136.050501 -149.862333 -163.335037 -166.728450 -168.678098 -167.045134 -178.234157 -190.606886 -211.390834 -227.575541 -243.185549 -251.475470 -257.163009 -262.309813 -254.718528 -239.026721 -230.209020 -245.284317 -254.968345 -267.938853 -274.327141 -277.274251 -276.188244 -267.297808 -245.283714 -227.688518 -222.150919 -229.969990 -236.827478 -239.741998 -239.426852 -232.805478 -214.591664 -192.989120 -172.434860 -156.273855 -142.176477 -131.150764 -119.294687 -103.549064 -84.899938 -41.475647 -23.063000 -6.501526 6.203948
-94.686708 -110.156521 -122.107765 -133.309114 -143.928713 -149.812926 -149.586684 -156.354963 -162.768940 -172.766356 -212.317611 -228.516771 -245.442458 -259.297453 -263.839617 -270.168530 -272.803414 -281.899773 -289.422563 -301.275483 -316.355531 -331.660082 -344.633616 -348.729165 -352.326034 -355.388309 -346.051059 -342.043273 -345.182607 -351.685886 -358.519764 -362.186630 -364.387460 -361.131924 -349.994078 -338.742691 -328.055689 -323.403859 -328.616456 -324.243898 -319.220290 -319.089657 -304.930108 -290.841038 -273.073511 -252.008200 -230.048476 -217.360780 -207.033812 -195.175748 -178.510240 -159.234620 -136.574483 -111.317094 -82.853571 -37.494996
-148.183741 -162.448796 -176.711118 -189.095280 -200.988985 -211.852038 -211.461904 -215.297129 -221.431311 -251.629575 -291.072315 -318.997527 -334.697021 -352.184858 -359.941444 -366.591384 -383.698023 -394.506409 -401.746064 -401.433436 -411.070140 -423.859932 -433.947718 -438.155584 -440.788498 -446.737912 -448.424078 -446.172951 -440.745363 -445.640527 -448.439668 -447.156062 -448.777233 -449.860116 -443.993836 -434.795851 -429.303514 -423.602673 -418.168232 -414.805711 -410.133683 -391.772238 -379.960852 -367.980281 -350.848987 -331.523909 -310.919221 -293.634148 -281.804791 -268.291217 -249.749006 -232.468082 -210.233319 -184.990519 -154.852997 -131.160643
-213.480633 -230.816998 -245.526541 -259.981919 -274.837774 -293.815059 -295.646237 -302.084169 -312.580215 -348.187200 -382.084840 -407.867465 -423.964298 -440.168144 -449.701343 -466.067575 -494.994068 -514.815735 -515.308585 -510.602791 -516.410159 -530.953552 -542.154597 -549.097280 -555.430312 -563.125555 -567.317188 -563.381998 -559.067502 -559.234121 -559.470371 -557.970889 -558.159363 -558.607151 -558.163951 -550.196739 -544.029298 -536.830656 -530.208355 -523.672563 -498.145593 -471.888149 -455.182487 -439.910788 -425.051415 -406.807170 -386.838170 -370.055972 -357.504766 -341.646651 -324.242486 -305.104776 -284.421699 -259.054485 -229.342546 -205.234502
-278.034315 -301.409551 -319.940990 -338.837934 -366.598393 -378.249175 -385.513743 -391.714727 -414.294683 -442.354092 -470.751614 -503.132154 -529.277442 -547.716582 -561.057119 -573.135980 -582.620095 -588.061198 -584.944005 -583.186065 -580.379958 -585.127255 -588.867585 -589.846256 -593.144035 -596.044907 -599.752791 -596.788511 -595.404288 -591.885593 -592.201226 -592.085366 -590.506679 -591.296471 -591.554807 -593.661551 -591.058391 -589.463713 -587.481567 -580.487047 -572.820167 -563.414876 -553.140958 -538.757108 -516.950297 -487.386089 -459.362380 -438.825107 -424.196249 -408.795714 -391.050706 -374.332371 -357.363628 -336.700530 -311.548368 -289.048607
-362.575051 -380.237024 -398.078095 -421.936481 -450.676926 -472.621270 -483.200346 -511.087647 -537.780947 -563.110678 -574.980499 -581.385220 -587.348284 -591.541657 -594.694533 -599.532523 -602.853555 -607.643783 -605.805447 -603.260677 -599.574001 -602.664681 -603.181010 -602.600608 -604.439728 -606.354567 -609.415029 -608.915976 -606.450380 -603.471513 -603.591366 -602.982259 -601.267248 -601.227144 -602.576612 -605.297347 -604.598905 -602.797112 -600.994707 -597.372856 -593.847389 -590.211423 -586.839103 -581.870486 -575.384410 -567.040578 -553.736913 -533.730831 -513.195365 -483.353680 -454.946359 -437.007727 -426.128040 -412.378037 -390.253588 -373.520500
-437.503335 -453.576144 -476.819902 -518.535555 -552.372030 -572.991926 -582.513669 -590.130597 -596.579634 -599.146424 -601.391295 -603.781912 -605.747523 -607.803174 -609.651831 -611.166734 -613.478572 -618.049206 -616.177183 -613.560924 -610.558234 -610.486963 -610.815229 -610.580780 -611.301144 -613.356266 -616.998540 -615.475367 -613.257654 -611.225506 -610.591112 -610.192188 -608.927531 -609.821622 -611.672642 -614.338409 -613.199790 -611.132687 -609.942067 -608.392745 -606.106198 -603.631342 -601.117533 -598.116899 -594.933862 -590.521397 -585.231232 -578.714672 -570.817478 -560.265962 -544.282915 -531.716761 -516.043144 -498.087261 -472.689214 -452.010145
-542.734035 -558.247642 -570.173887 -580.935465 -590.936712 -595.916635 -600.050993 -603.434876 -606.822154 -608.857493 -610.423319 -609.697145 -610.423934 -612.538770 -612.470610 -613.585777 -617.236564 -615.986765 -614.944458 -611.992915 -612.499647 -612.656733 -613.356158 -612.888702 -613.373436 -616.884738 -615.150556 -614.375551 -612.312719 -611.920598 -611.468084 -611.120657 -610.735451 -611.154862 -613.653577 -613.147196 -612.466900 -610.559862 -610.458344 -609.623483 -607.357345 -606.599857 -605.127103 -603.030198 -600.733666 -597.923582 -594.416941 -589.466227 -584.200819 -578.943718 -576.907599 -572.967499 -569.389584 -571.332246 -562.918663 -552.440533
