tests/Borden05m/data_simulated/sim_1/output-maps/psiliqL0017N0019.asc
ncols         160
nrows         34
xllcorner     620200.000000
yllcorner     5168000.000000
cellsize      0.500000
NODATA_value  -9999.0
[rows 0 to 24 of 34, columns 55 to 109 of 160]
-9999.0 -9999.0 -9999.0 -9999.0 -9999.0 -9999.0 -9999.0 -9999.0 -9999.0 -9999.0 -9999.0 -9999.0 -9999.0 -9999.0 -9999.0 -9999.0 -9999.0 -9999.0 -9999.0 -9999.0 -9999.0 -9999.0 -9999.0 -9999.0 -9999.0 -9999.0 -9999.0 -9999.0 -9999.0 -9999.0 -9999.0 -9999.0 -9999.0 -9999.0 -9999.0 -9999.0 -9999.0 -9999.0 -9999.0 -9999.0 -9999.0 -9999.0 -9999.0 -9999.0 -9999.0 -9999.0 -9999.0 -9999.0 -9999.0 -9999.0 -9999.0 -9999.0 -9999.0 -9999.0 -9999.0
-9999.0 -9999.0 -9999.0 -9999.0 1632.830990 1627.545675 1622.718946 1618.282127 1609.884162 1601.060288 1593.269915 1589.681920 1589.140729 1588.779385 1588.744929 1594.280521 1602.679740 1610.660534 1618.045696 1620.737903 1623.408149 1625.771191 1626.409164 1625.424344 1622.397724 1619.279675 1616.046114 1614.608758 1606.869093 1595.667294 1587.085825 1584.386967 1588.726087 1593.113292 1595.522207 1601.045242 1611.500178 1622.013735 1630.272856 1642.022744 1647.818238 1652.573487 1654.953180 1650.391072 1646.429887 1642.104231 1636.297302 1625.004288 -9999.0 -9999.0 -9999.0 -9999.0 -9999.0 -9999.0 -9999.0
1577.435962 1596.564000 1617.177025 1620.600961 1609.187454 1604.399394 1601.449193 1599.873620 1595.592577 1587.410501 1582.637906 1577.666573 1576.019014 1576.511484 1576.960887 1581.353134 1592.083644 1600.356599 1605.379326 1608.219829 1611.160782 1610.720393 1610.345509 1610.266327 1607.573605 1604.305275 1601.071072 1599.387207 1600.237758 1592.733996 1587.153241 1583.614179 1581.542868 1584.080564 1586.484529 1590.126231 1599.352028 1607.217433 1615.050434 1629.289913 1641.556633 1646.496049 1643.484106 1638.080222 1633.723161 1626.277394 1615.546397 1604.974459 1595.604708 1588.447238 1582.394679 1575.827987 1581.283564 1587.607655 1596.678817
1562.229196 1581.857053 1602.456632 1605.543482 1595.225607 1587.437942 1582.226158 1582.930033 1586.216641 1583.251435 1579.042797 1573.679348 1583.114924 1584.776034 1586.231725 1589.913200 1593.029194 1597.125171 1600.099403 1605.743982 1614.991953 1617.978649 1618.705487 1619.018470 1617.319477 1614.318300 1612.603029 1609.958898 1604.842992 1603.607263 1603.739945 1603.176753 1607.841254 1609.286946 1611.294607 1604.874334 1608.537491 1614.549625 1621.173691 1627.081439 1633.210971 1636.284629 1632.478729 1631.450382 1622.423031 1608.008515 1596.661791 1587.933603 1586.160867 1582.410616 1573.831488 1560.072529 1566.780807 1581.738173 1585.669419
1568.486726 1578.109494 1589.974587 1593.264056 1588.683042 1590.708140 1592.799594 1594.665449 1593.490461 1590.834655 1588.628963 1600.981097 1610.529706 1612.683212 1615.918725 1620.094079 1620.354750 1609.178070 1607.234378 1615.499011 1625.882706 1631.711770 1632.141136 1632.170079 1629.783336 1628.870086 1628.663804 1626.703403 1627.151800 1629.363742 1628.621340 1632.718770 1638.273032 1641.237742 1634.158476 1625.150681 1626.263784 1634.031971 1642.235815 1649.327051 1659.419237 1670.064996 1668.836974 1662.876447 1653.279920 1639.278807 1615.369347 1595.698944 1584.026188 1575.800018 1567.725158 1567.760364 1563.328021 1574.499713 1575.366113
1564.763633 1583.506905 1604.895953 1612.713736 1607.327552 1603.217088 1601.465538 1602.719607 1603.090393 1605.866783 1617.692756 1631.335747 1645.299525 1648.316627 1651.121951 1650.899600 1642.770729 1632.957871 1629.910369 1644.504886 1661.116077 1669.499892 1670.018198 1668.397634 1674.268365 1673.475620 1672.539008 1668.236201 1669.967426 1670.330458 1678.887730 1686.506186 1693.794866 1692.050577 1679.849430 1668.027550 1666.762116 1670.117481 1674.231410 1680.506306 1690.266170 1699.253182 1693.626691 1686.371413 1676.380877 1647.879088 1621.280065 1604.347831 1603.638815 1603.005604 1597.263401 1593.440132 1589.901635 1582.819723 1581.583969
1609.725964 1631.015714 1651.704103 1667.250978 1662.030669 1654.795545 1645.795286 1646.870940 1649.700615 1657.673374 1670.409916 1686.928089 1710.667188 1712.987117 1715.827891 1717.830460 1706.669424 1694.614389 1684.268264 1703.631980 1714.361134 1722.795623 1723.452568 1732.021423 1741.622513 1737.499801 1730.154106 1719.512943 1725.685063 1735.933897 1751.004389 1758.078601 1762.271842 1759.970854 1747.977137 1741.790930 1740.978790 1744.137205 1742.459516 1747.788554 1757.086491 1771.467549 1770.029085 1761.974341 1739.464770 1701.727816 1668.031932 1649.007343 1655.247768 1647.674640 1639.901607 1636.139480 1621.978622 1611.117969 1610.800533
1657.806176 1675.110246 1693.464924 1711.840717 1706.553265 1696.801925 1683.299471 1682.691354 1689.821656 1700.493165 1719.537492 1741.356611 1764.408079 1770.290908 1771.049650 1781.102611 1775.077610 1765.846567 1758.294558 1772.716274 1784.429681 1795.897358 1804.608441 1817.372531 1828.615266 1817.133424 1803.825069 1797.256777 1803.033562 1824.368886 1843.007999 1847.954771 1848.506087 1850.187079 1839.280396 1833.050559 1827.130667 1823.304505 1818.106028 1814.272537 1833.926131 1851.171360 1849.234484 1825.833283 1801.483438 1763.593010 1725.143176 1694.501723 1696.946402 1693.007366 1692.164993 1677.593951 1662.200558 1647.438525 1638.886601
1730.791509 1758.250221 1778.292755 1800.182200 1798.821118 1781.071633 1771.553109 1776.268566 1789.658850 1797.550940 1814.202577 1836.546880 1866.693213 1885.564884 1902.657838 1907.370459 1899.918291 1891.628347 1879.348291 1879.831153 1899.052974 1911.130014 1921.229160 1931.326295 1943.796810 1947.841525 1944.093084 1943.294492 1946.851245 1955.726074 1966.182358 1972.806026 1977.403119 1981.927091 1975.360436 1964.280726 1958.981093 1950.964939 1945.512799 1943.058010 1947.675592 1960.822781 1957.747258 1928.035722 1900.466188 1866.937799 1828.982747 1797.648618 1782.821122 1791.661500 1782.277470 1763.702422 1745.955868 1712.877666 1698.864162
1820.708391 1855.964340 1883.126831 1897.110415 1909.253066 1902.203237 1903.359458 1907.968656 1916.070608 1921.005318 1928.862121 1961.498387 1996.129227 2024.271358 2048.292305 2056.915604 2046.607813 2037.398164 2025.494547 2016.659532 2023.059621 2038.359726 2055.304606 2070.683778 2081.879944 2085.054733 2083.776316 2084.046131 2086.404998 2089.361731 2092.699721 2099.447584 2106.760444 2116.365810 2126.296175 2118.874066 2101.754912 2090.051105 2077.414772 2073.230272 2072.062970 2071.395554 2070.954922 2059.871270 2024.746908 1994.744893 1962.176650 1935.580056 1916.230143 1905.630617 1885.563795 1861.651601 1813.464582 1773.528168 1739.158654
1926.026901 1967.953946 1998.605998 2020.978106 2035.946878 2037.667106 2040.528100 2043.299303 2049.104602 2054.008105 2060.284021 2084.449385 2123.339477 2161.249049 2191.628904 2194.759009 2184.577998 2174.393651 2164.816530 2153.344162 2150.011808 2159.350662 2171.746927 2188.987104 2199.968234 2208.377675 2206.805296 2207.171350 2208.085781 2210.162115 2212.050202 2214.521984 2222.319270 2235.072444 2247.122602 2247.315098 2231.974048 2214.438938 2197.187942 2191.040852 2185.641511 2179.546744 2179.699612 2180.012338 2169.241099 2141.545651 2103.795806 2061.449345 2037.378291 2017.246304 2003.793764 1986.511805 1955.411018 1898.867797 1865.052569
2051.607331 2081.743933 2111.774204 2142.713238 2160.747909 2167.365681 2167.542772 2169.197931 2177.084119 2182.822149 2191.993297 2208.878472 2235.526264 2266.620184 2294.414412 2311.346399 2306.742219 2292.903626 2274.459322 2267.973880 2266.256178 2268.746684 2276.141583 2285.531358 2302.039871 2318.840836 2324.503995 2325.280830 2322.624210 2324.996796 2326.352767 2326.491026 2328.153166 2334.035527 2341.809088 2344.337846 2338.186328 2320.031783 2298.507233 2284.771325 2276.396387 2271.737810 2270.140484 2272.008950 2272.015585 2258.527997 2226.952134 2186.499655 2153.690595 2133.114688 2117.075346 2102.043643 2089.382825 2064.772355 2045.002520
2168.219449 2183.360883 2210.381908 2238.203628 2262.325497 2278.729709 2282.197558 2287.611034 2293.021169 2302.513444 2318.317404 2339.242285 2355.189966 2374.097382 2397.184401 2411.111122 2416.860018 2416.702128 2414.615208 2416.146018 2416.228229 2378.020674 2381.862200 2385.656363 2395.855976 2406.123026 2409.676463 2410.007827 2408.386585 2409.774756 2410.325657 2410.454231 2410.153903 2410.900100 2413.897462 2414.874358 2413.069904 2404.080300 2411.658953 2393.453336 2380.772444 2372.750602 2364.561065 2355.758370 2345.791457 2335.427852 2317.121687 2288.465052 2254.491126 2228.653829 2217.423788 2209.825559 2201.424187 2194.743318 2177.974948
2274.694569 2286.682886 2303.846934 2325.324839 2355.389684 2376.228027 2387.400324 2396.573328 2401.708281 2414.726116 2429.273970 2420.985658 2426.393127 2431.885413 2437.284434 2439.205424 2439.746802 2439.410424 2436.920698 2436.090639 2433.777319 2429.129717 2418.984664 2420.128863 2421.446599 2423.723449 2427.116660 2425.731630 2426.612244 2429.516885 2427.989922 2422.441300 2418.798223 2417.273507 2417.886790 2424.974409 2428.035785 2428.655661 2426.679485 2425.745584 2424.988466 2422.805104 2420.115910 2416.318512 2411.369708 2417.991118 2406.824771 2381.728823 2346.142212 2308.768018 2296.364480 2293.323587 2292.589613 2289.144299 2282.223329
2392.801142 2405.811340 2419.781860 2411.129462 2425.452755 2432.967986 2436.664261 2439.988261 2442.664297 2444.505854 2441.377335 2438.038862 2433.193035 2431.658304 2430.141514 2427.498712 2427.803449 2425.462419 2421.001703 2416.707863 2409.131032 2397.553165 2385.732955 2382.348993 2386.372785 2391.185992 2395.460885 2398.819549 2402.103919 2402.788540 2397.906288 2390.069149 2383.047622 2381.333769 2387.931981 2393.534405 2399.167932 2399.935554 2398.659862 2396.687734 2397.008767 2394.656721 2395.442731 2402.390601 2416.228752 2421.094770 2424.644682 2423.893125 2413.312553 2394.289488 2392.664157 2372.730619 2376.425539 2371.174427 2359.117145
2433.320507 2435.511830 2434.871744 2433.557357 2427.690009 2421.942457 2421.206734 2424.997287 2431.640689 2432.542537 2425.204821 2416.420907 2408.917026 2401.454633 2398.708005 2397.086857 2395.924084 2395.433643 2389.397637 2380.295239 2363.625211 2351.304857 2339.467504 2332.863771 2329.811038 2333.800531 2343.610157 2353.648989 2358.187476 2350.654200 2343.021947 2332.252903 2324.450191 2324.923145 2326.913519 2336.124156 2351.002222 2356.709855 2357.745053 2352.701758 2348.179255 2342.792865 2341.227038 2348.624290 2364.215973 2380.422178 2395.024368 2403.750132 2411.330042 2418.015378 2419.954940 2421.601127 2422.358859 2420.740290 2420.478808
2427.842298 2421.224117 2414.478179 2409.198336 2402.410558 2396.515366 2394.351442 2396.084039 2398.071438 2393.848133 2386.519508 2375.568962 2363.850273 2353.367894 2345.886800 2345.825883 2347.088232 2347.296992 2339.723221 2324.155453 2305.696635 2291.486798 2276.950783 2272.335791 2266.612526 2260.834164 2270.765149 2288.240621 2294.575699 2280.328191 2270.304201 2256.090473 2249.275854 2246.141381 2247.637395 2257.041563 2277.845216 2298.938881 2300.960033 2291.633867 2282.602417 2278.874005 2277.171208 2284.000921 2302.456671 2323.575720 2339.554429 2350.154225 2356.437291 2365.088411 2375.125064 2388.528176 2402.534076 2414.151378 2421.427188
2401.615860 2393.492921 2385.364044 2377.246417 2369.648579 2362.705380 2357.684922 2354.803583 2350.861543 2343.942086 2335.878460 2318.134693 2304.899717 2291.717215 2276.779536 2272.256488 2267.735154 2268.235006 2256.145210 2245.897061 2227.469458 2211.412639 2195.143627 2183.119320 2176.822437 2170.270542 2171.986055 2186.304834 2194.862175 2182.972136 2173.049783 2161.268734 2155.971394 2152.939272 2155.315410 2165.906057 2187.354669 2206.261777 2214.301251 2207.445369 2204.694104 2204.386016 2204.333938 2211.396659 2225.563310 2245.622419 2267.953133 2285.992139 2296.613068 2305.135937 2315.977895 2331.493429 2346.322697 2361.049126 2378.912998
2366.332779 2356.460507 2345.921280 2335.604392 2324.314573 2312.684453 2305.473194 2306.189822 2298.817575 2291.676437 2272.714171 2222.591519 2202.535759 2183.373906 2166.902373 2159.908770 2151.259537 2139.488844 2129.726975 2123.128576 2118.865350 2103.302744 2085.200166 2067.984876 2062.432410 2058.091931 2045.755703 2046.756164 2048.750143 2057.238924 2050.507406 2046.593967 2046.181878 2044.010368 2046.814171 2060.441519 2071.159383 2080.074373 2087.113130 2088.836342 2097.980072 2106.049036 2113.531500 2130.932655 2144.552813 2162.411033 2184.567548 2210.100991 2225.450399 2236.311058 2248.348380 2265.035235 2282.639301 2301.211178 2324.514933
2324.931544 2309.105547 2294.311860 2279.406351 2265.897316 2252.370502 2237.383945 2237.529350 2233.436543 2223.200531 2175.968696 2133.364612 2099.477810 2080.816752 2057.420634 2044.424775 2030.505441 1999.006271 1982.932177 1978.418573 1986.542857 1978.786484 1962.100855 1948.551400 1939.624127 1931.653973 1916.739504 1903.970620 1909.054311 1923.566481 1921.306172 1921.756669 1927.505290 1926.526404 1922.215989 1924.944474 1938.801048 1946.399060 1957.335794 1971.870063 1977.335649 1990.254477 2020.333386 2034.891132 2051.249348 2071.970246 2094.631326 2118.638452 2141.250500 2156.321908 2172.642297 2192.787330 2211.003902 2232.934695 2257.295851
2268.235520 2238.900532 2218.214850 2200.558961 2181.659408 2157.771545 2136.570724 2133.180317 2125.431989 2101.462480 2052.066846 2012.856706 1984.930785 1962.312643 1938.074904 1916.811649 1885.217757 1852.156478 1830.983035 1839.917556 1848.238407 1852.871118 1839.700065 1827.561508 1817.465866 1801.911475 1785.917156 1772.417885 1781.829987 1790.355284 1802.876860 1807.829203 1811.792196 1815.878258 1814.932345 1808.407727 1809.984749 1818.949622 1829.649220 1841.397238 1858.824306 1891.401233 1916.951756 1935.655128 1957.432899 1978.402549 2002.041270 2027.022140 2050.562790 2068.622115 2088.682230 2109.408436 2131.968973 2153.772805 2179.423842
2186.849819 2158.488687 2131.413972 2107.900187 2078.531816 2036.212387 2020.695692 2011.036337 1993.930397 1952.784111 1910.270710 1880.599265 1860.732104 1836.349632 1813.381264 1785.392316 1752.939851 1728.245247 1707.780524 1715.591116 1723.519051 1737.945823 1727.143355 1717.589555 1712.532670 1697.438101 1683.731235 1668.485788 1675.478905 1686.235325 1705.892540 1710.864497 1714.740426 1722.859877 1722.206471 1719.250974 1707.389098 1715.733974 1726.816053 1741.479380 1771.018084 1795.654996 1819.953275 1842.436840 1863.585662 1887.014384 1911.661538 1936.808308 1964.129558 1985.160350 2005.775574 2028.908946 2050.481893 2069.085980 2090.075707
2075.072193 2049.668808 2027.839845 2003.164377 1963.923120 1919.948883 1882.881064 1862.220317 1818.395292 1783.977946 1754.728021 1743.622761 1727.431861 1705.472359 1684.620190 1663.788219 1639.204972 1617.887777 1593.247981 1597.354363 1610.810924 1625.695103 1622.591487 1620.670650 1618.052673 1607.517663 1593.895357 1580.288433 1583.920345 1599.833950 1617.151983 1625.733205 1632.952664 1640.784859 1641.019047 1633.446255 1624.805362 1630.561575 1645.661388 1662.424691 1682.765460 1705.285350 1727.748638 1749.330226 1773.134104 1797.621188 1822.500676 1849.321301 1877.639728 1899.839692 1925.035512 1951.070271 1971.069696 1983.699136 1997.093833
1966.270926 1944.673489 1920.436759 1893.232421 1852.018907 1810.810201 1768.820716 1726.375391 1693.006205 1662.576536 1649.034844 1631.291090 1614.985370 1598.027154 1577.042942 1558.583611 1541.132056 1519.184321 1504.305485 1510.116594 1523.036285 1532.734713 1536.930365 1534.145576 1531.266604 1524.435849 1510.609889 1502.931559 1511.992937 1527.268291 1541.688219 1552.519528 1559.455890 1565.337531 1562.758725 1554.488711 1550.210449 1558.746303 1574.725341 1589.625718 1606.587929 1628.450187 1650.157525 1672.799598 1696.515549 1720.146430 1746.221435 1773.113299 1800.655463 1828.477221 1853.121080 1875.427825 1887.434363 1899.837181 1906.043346
1837.645614 1822.608070 1796.829268 1768.518419 1736.824004 1700.295659 1671.924693 1639.818972 1608.906863 1578.747688 1552.875906 1537.405829 1528.728211 1514.453356 1495.909547 1483.111450 1466.540160 1451.833901 1453.951888 1455.924698 1465.581866 1465.350089 1465.921972 1463.029874 1462.022019 1458.467313 1449.618372 1458.513593 1465.595595 1479.721583 1490.232049 1499.852379 1506.028358 1510.089165 1510.692466 1505.446425 1510.212256 1517.286881 1531.913641 1543.993799 1559.024211 1580.126959 1598.129554 1618.268050 1641.402215 1665.389880 1690.536716 1717.399061 1746.444567 1772.572888 1793.061190 1803.184767 1815.047296 1820.956118 1815.082671
