tests/Borden05m/data_simulated/sim_1/output-maps/psiliqL0007N0007.asc
ncols         160
nrows         34
xllcorner     620200.000000
yllcorner     5168000.000000
cellsize      0.500000
NODATA_value  -9999.0
[rows 0 to 24 of 34, columns 0 to 55 of 160]
-9999.0 -9999.0 -9999.0 -9999.0 -9999.0 -9999.0 -9999.0 -9999.0 -9999.0 -9999.0 -9999.0 -9999.0 -9999.0 -9999.0 -9999.0 -9999.0 -9999.0 -9999.0 -9999.0 -9999.0 -9999.0 -9999.0 -9999.0 -9999.0 -9999.0 -9999.0 -9999.0 -9999.0 -9999.0 -9999.0 -9999.0 -9999.0 -9999.0 -9999.0 -9999.0 -9999.0 -9999.0 -9999.0 -9999.0 -9999.0 -9999.0 -9999.0 -9999.0 -9999.0 -9999.0 -9999.0 -9999.0 -9999.0 -9999.0 -9999.0 -9999.0 -9999.0 -9999.0 -9999.0 -9999.0 -9999.0
-9999.0 -9999.0 -9999.0 -9999.0 -9999.0 -9999.0 -9999.0 -9999.0 -9999.0 -9999.0 -9999.0 -9999.0 -9999.0 -9999.0 -9999.0 -9999.0 -9999.0 -9999.0 -9999.0 -9999.0 -9999.0 -9999.0 -9999.0 -9999.0 -9999.0 -9999.0 -9999.0 -9999.0 -9999.0 -9999.0 -9999.0 -9999.0 -9999.0 -9999.0 -9999.0 -9999.0 -9999.0 -9999.0 -9999.0 -9999.0 -9999.0 -9999.0 -9999.0 -9999.0 -9999.0 -9999.0 -9999.0 -9999.0 -9999.0 -9999.0 -9999.0 -9999.0 -9999.0 -9999.0 -9999.0 -9999.0
-9999.0 -9999.0 -9999.0 -9999.0 -9999.0 -9999.0 -9999.0 -9999.0 -9999.0 -9999.0 -9999.0 -9999.0 -9999.0 -9999.0 -9999.0 -9999.0 -9999.0 -9999.0 -9999.0 -9999.0 -9999.0 -9999.0 -9999.0 -9999.0 -9999.0 -9999.0 -9999.0 -9999.0 -9999.0 -9999.0 -9999.0 -9999.0 -9999.0 -9999.0 -9999.0 -9999.0 -9999.0 -9999.0 -9999.0 -9999.0 -9999.0 -9999.0 -9999.0 -9999.0 -9999.0 -9999.0 -9999.0 -521.611495 -539.229581 -556.406501 -558.063252 -535.385661 -512.431698 -489.242035 -469.215784 -450.938331
-9999.0 -9999.0 -9999.0 -9999.0 -9999.0 -9999.0 -9999.0 -9999.0 -9999.0 -9999.0 -9999.0 -9999.0 -9999.0 -9999.0 -9999.0 -9999.0 -9999.0 -9999.0 -9999.0 -9999.0 -9999.0 -9999.0 -9999.0 -9999.0 -9999.0 -9999.0 -9999.0 -9999.0 -9999.0 -9999.0 -9999.0 -9999.0 -9999.0 -9999.0 -9999.0 -9999.0 -9999.0 -9999.0 -9999.0 -9999.0 -474.115193 -468.386818 -466.787757 -477.956860 -489.488099 -501.308929 -521.250869 -539.231012 -555.190363 -558.384484 -556.101633 -550.460766 -527.591106 -503.932626 -485.015753 -467.947390
-9999.0 -9999.0 -9999.0 -9999.0 -9999.0 -9999.0 -9999.0 -9999.0 -9999.0 -9999.0 -9999.0 -9999.0 -9999.0 -9999.0 -9999.0 -9999.0 -9999.0 -9999.0 -9999.0 -9999.0 -9999.0 -9999.0 -9999.0 -9999.0 -9999.0 -9999.0 -9999.0 -9999.0 -9999.0 -9999.0 -9999.0 -9999.0 -9999.0 -9999.0 -564.859081 -547.429578 -529.665102 -511.799872 -495.643966 -489.405083 -483.687665 -478.036456 -482.256902 -487.409450 -498.987684 -517.589912 -537.583528 -552.231685 -555.320080 -558.308471 -554.236493 -541.395667 -525.255558 -509.243827 -488.845167 -466.417288
-9999.0 -9999.0 -9999.0 -9999.0 -9999.0 -9999.0 -9999.0 -9999.0 -9999.0 -9999.0 -9999.0 -9999.0 -9999.0 -9999.0 -9999.0 -9999.0 -9999.0 -9999.0 -9999.0 -9999.0 -9999.0 -9999.0 -9999.0 -9999.0 -9999.0 -9999.0 -9999.0 -9999.0 -559.283549 -565.397294 -570.904675 -572.762077 -574.428305 -576.031854 -569.331783 -557.193601 -539.151599 -518.199116 -505.941040 -499.246550 -493.145681 -492.667295 -497.758208 -500.398995 -500.653079 -512.623441 -524.565261 -535.788581 -546.622348 -548.095987 -538.981332 -525.782020 -510.471209 -496.413373 -481.856636 -468.825389
-9999.0 -9999.0 -9999.0 -9999.0 -9999.0 -9999.0 -9999.0 -9999.0 -9999.0 -9999.0 -9999.0 -9999.0 -9999.0 -9999.0 -9999.0 -9999.0 -9999.0 -9999.0 -9999.0 -9999.0 -9999.0 -9999.0 -9999.0 -587.562027 -581.552664 -575.363693 -568.394369 -567.864377 -572.554366 -578.608412 -582.243252 -584.265107 -586.213288 -582.306168 -574.198315 -560.887004 -545.420235 -524.442208 -516.378361 -510.040685 -497.986089 -496.433469 -492.501941 -489.039741 -491.419702 -494.478205 -506.676298 -515.769293 -510.213575 -504.431366 -498.784219 -492.168358 -480.016463 -465.005100 -447.808225 -427.641963
-9999.0 -9999.0 -9999.0 -9999.0 -9999.0 -9999.0 -9999.0 -9999.0 -9999.0 -9999.0 -9999.0 -9999.0 -9999.0 -9999.0 -9999.0 -9999.0 -9999.0 -9999.0 -9999.0 -611.741587 -611.149735 -610.499587 -606.276082 -605.503488 -603.521807 -596.846285 -589.088903 -587.509328 -589.435238 -591.623458 -590.548756 -588.391527 -584.793193 -573.729563 -560.391368 -546.816042 -533.156672 -512.940019 -498.807479 -485.339274 -469.722854 -471.973426 -477.233938 -480.184338 -480.434454 -480.330376 -474.244100 -470.799258 -465.859033 -460.291864 -453.759140 -445.742097 -435.956331 -418.046548 -398.104184 -377.869068
-9999.0 -9999.0 -9999.0 -9999.0 -9999.0 -9999.0 -9999.0 -9999.0 -9999.0 -9999.0 -9999.0 -9999.0 -9999.0 -9999.0 -9999.0 -9999.0 -639.419814 -637.785427 -636.030035 -631.024079 -629.016338 -625.457885 -619.027464 -618.438045 -614.966293 -608.329869 -603.764745 -595.844769 -588.608070 -581.795707 -576.433602 -574.327369 -567.093529 -558.012099 -546.715082 -531.563270 -510.197458 -488.367927 -472.830367 -456.966711 -440.983619 -441.553416 -443.555691 -443.227695 -443.027076 -435.203259 -417.219488 -411.453541 -408.032789 -388.729623 -374.498471 -369.402849 -362.603216 -344.695416 -320.311471 -291.878828
-9999.0 -9999.0 -9999.0 -9999.0 -9999.0 -9999.0 -9999.0 -9999.0 -9999.0 -9999.0 -9999.0 -9999.0 -9999.0 -682.628950 -678.677929 -669.951393 -662.476179 -660.713945 -657.335354 -652.206727 -640.528797 -637.523569 -631.792336 -624.644705 -613.931592 -606.022905 -597.340594 -586.172631 -578.290385 -571.718934 -565.209327 -558.954471 -545.715698 -530.891031 -515.545800 -495.970257 -475.297109 -454.911191 -434.448551 -420.368074 -406.722285 -403.534816 -406.399761 -405.632917 -397.743103 -379.198072 -359.710916 -346.093393 -322.433851 -296.596590 -280.045518 -265.052241 -254.720343 -241.063923 -217.688754 -173.441138
-9999.0 -9999.0 -9999.0 -9999.0 -9999.0 -9999.0 -9999.0 -9999.0 -9999.0 -9999.0 -717.968199 -715.446069 -719.126378 -718.302291 -714.157794 -702.790624 -690.245743 -683.691860 -673.119926 -653.285680 -636.946494 -634.030632 -619.695649 -610.439124 -604.560305 -594.445890 -581.957908 -569.551768 -552.764367 -540.754828 -528.537173 -508.230539 -492.576287 -477.119109 -460.428122 -441.776625 -421.288094 -391.182941 -363.839413 -349.432711 -324.286638 -309.047576 -312.755173 -312.989586 -304.950360 -284.949938 -257.005610 -224.419277 -193.523890 -154.621815 -122.804578 -100.713962 -84.156949 -64.734023 -36.994821 26.263539
-9999.0 -9999.0 -9999.0 -9999.0 -9999.0 -9999.0 -9999.0 -9999.0 -741.482745 -735.008481 -728.877759 -732.175865 -737.256829 -740.595828 -728.230890 -712.928301 -697.571778 -681.346719 -666.048289 -648.990115 -633.954296 -617.930333 -599.516662 -588.388420 -577.199345 -562.813004 -549.875759 -532.496016 -511.966073 -497.633638 -478.920773 -457.881531 -439.088772 -421.977511 -404.461032 -386.687238 -357.213937 -321.329016 -286.219535 -257.539016 -225.796945 -196.369936 -193.233751 -187.081157 -177.312019 -140.196161 -95.021364 -43.818167 18.948703 100.007223 152.844377 177.957205 191.389408 205.503144 224.633116 251.024417
-9999.0 -9999.0 -9999.0 -9999.0 -9999.0 -9999.0 -766.417805 -742.635526 -728.280560 -736.289698 -744.139231 -747.615910 -751.207298 -733.622826 -713.019434 -696.913392 -680.973435 -664.458398 -648.994830 -634.537880 -599.786215 -584.699496 -570.451188 -551.074872 -538.111295 -525.114106 -508.645516 -485.805327 -463.203761 -430.501290 -400.119358 -372.675811 -345.712437 -325.298681 -305.669638 -283.952032 -247.736911 -203.064118 -154.178946 -108.784687 -65.819196 -19.439939 3.425588 22.572983 53.820256 109.938617 159.694200 201.447924 247.925215 296.567093 329.499521 343.074830 351.883802 359.857092 369.757680 380.896100
-9999.0 -9999.0 -9999.0 -9999.0 -799.341828 -778.655010 -758.231244 -727.710910 -705.489772 -711.353377 -704.218170 -703.885154 -705.369617 -703.730733 -698.929533 -681.788742 -665.098464 -648.354090 -630.205261 -592.512063 -552.439984 -536.513182 -510.074696 -478.797024 -465.731253 -451.930691 -437.545972 -415.052370 -384.918600 -348.315568 -297.533844 -252.915860 -221.566026 -192.369276 -163.542311 -128.696461 -81.245738 -17.236050 69.267286 140.918623 186.525471 217.554647 235.878552 249.026518 270.116975 299.073366 325.760760 352.340334 376.869039 402.582143 421.502664 431.129189 434.811889 440.056946 445.980180 453.852811
-9999.0 -9999.0 -9999.0 -845.170032 -807.048599 -770.853951 -743.557085 -713.005498 -682.061239 -675.619141 -667.985792 -661.551840 -654.908826 -646.434559 -636.619160 -621.308077 -608.654981 -597.725870 -578.024963 -542.323237 -506.851400 -472.748705 -441.028667 -409.986616 -386.659848 -371.100199 -354.489594 -328.744314 -285.123765 -238.008154 -173.167958 -101.674950 -42.908726 8.302700 62.756525 123.125683 163.874172 210.812975 261.935013 306.452895 340.204337 361.631082 376.624794 382.428093 390.308954 399.234527 412.758290 426.670933 438.732651 456.047340 473.535077 487.014467 493.760561 497.695321 507.557472 518.659340
-9999.0 -9999.0 -891.071699 -854.651134 -819.193550 -767.339946 -715.387173 -682.705922 -642.459789 -617.394554 -610.636079 -592.087090 -575.453889 -567.358753 -550.699671 -533.912837 -522.452231 -520.752244 -510.105821 -474.194394 -419.961994 -369.118497 -332.020108 -270.357594 -232.369654 -206.764495 -189.934339 -157.201046 -111.898860 -39.960052 65.513485 145.220793 198.370034 239.400067 267.304109 297.831379 326.396692 348.979661 377.413026 400.763355 421.103971 436.887893 450.556179 455.131514 457.329613 467.338556 481.655676 495.848959 509.642481 524.347677 534.957071 535.968416 535.814376 535.449821 535.579727 535.853076
-9999.0 -9999.0 -915.380770 -871.889283 -828.426632 -757.355524 -683.448963 -646.145947 -603.606717 -560.359564 -541.881046 -519.233951 -499.510042 -480.467164 -457.306597 -433.488241 -430.922392 -429.398188 -431.097704 -376.031116 -313.132837 -238.363591 -147.140278 -64.306518 2.179215 25.150338 47.395078 94.375719 137.017136 193.743399 260.007813 317.395196 359.663788 384.599267 398.060508 412.425768 428.092184 440.929565 451.707180 475.375709 487.758069 501.158343 518.369025 533.787207 539.342475 539.228128 535.115614 535.776086 535.919882 535.824052 535.242664 531.654897 530.592954 530.956723 531.941743 527.559593
-9999.0 -1000.725982 -949.115914 -894.628356 -823.540593 -753.562268 -666.688292 -585.950709 -538.295892 -498.092824 -470.819684 -450.618382 -393.345316 -340.953874 -312.118781 -280.239731 -283.474700 -287.189471 -295.759653 -247.516078 -174.600821 -44.370154 127.853398 201.677631 243.869976 254.212565 258.183762 282.398024 312.796444 350.777214 401.407835 432.452777 464.794378 487.962223 495.277781 497.632423 510.098070 524.977175 532.450692 537.475170 538.126688 538.451579 534.526731 534.537243 534.757623 534.915397 531.941433 526.112587 519.046906 514.368813 511.092096 507.129568 509.949105 513.544293 515.500747 510.133502
-9999.0 -1034.162847 -973.611501 -900.649350 -828.199152 -747.951986 -632.949602 -508.630081 -464.786518 -432.372148 -402.213641 -349.479319 -249.761246 -165.539103 -114.971897 -61.256574 -65.274244 -82.635999 -82.038680 -20.501139 81.509577 177.347431 312.001019 389.850340 401.093551 412.044115 420.631625 441.279770 465.717348 486.397494 503.493175 516.920253 522.754375 524.278910 524.696313 525.274487 526.441495 526.837530 524.059861 520.737436 516.409219 516.379123 519.709015 519.554999 517.471007 515.580148 511.332345 505.242964 501.533893 499.228287 498.364971 496.959322 496.837512 498.506689 496.741433 494.288662
-9999.0 -1056.372133 -987.943558 -921.470834 -844.706181 -716.263181 -595.975773 -470.322248 -384.000654 -346.610720 -288.000982 -172.170648 -18.704986 119.766758 181.519142 206.715943 213.716206 202.161328 215.395170 262.688877 330.651819 398.278686 447.908493 496.870596 504.389159 506.529403 502.975709 507.659618 511.488383 512.242611 512.318598 511.287050 515.258679 517.093766 516.117271 513.855857 510.097133 503.579685 499.914670 498.603225 496.936372 497.553707 500.312712 501.123269 499.922910 498.118953 496.216969 493.712744 491.319516 488.506923 487.845187 486.638898 486.565989 484.550949 482.680643 480.862086
-9999.0 -1139.037631 -1056.694136 -992.316006 -850.836339 -688.839959 -567.216522 -414.610254 -283.009983 -223.560671 -87.985441 100.621782 235.327812 318.331039 358.854349 389.801651 407.102959 423.043393 445.583669 448.295197 484.030373 508.582113 513.563574 514.253085 507.959616 509.192179 504.193149 489.912914 483.836419 479.853272 482.077826 488.253239 492.904352 497.792074 496.221710 496.814444 496.943960 495.228916 494.301865 489.894397 485.635307 482.564447 482.296867 487.613884 484.201796 482.932173 480.656456 477.486090 474.052031 471.109113 467.996347 464.919476 464.499414 461.413760 462.206840 458.987802
-9999.0 -1219.651906 -1140.080240 -1030.549388 -874.262042 -711.725912 -561.355229 -391.121964 -200.789489 -60.112321 116.931848 233.507072 329.848766 393.400387 441.354102 464.086815 475.679347 478.877288 478.802277 480.314875 458.167576 452.935317 463.543566 479.564753 485.426332 488.166119 482.342750 475.908679 473.399148 475.090816 475.752085 476.400792 476.446414 475.474273 473.011239 474.157959 478.239950 475.307901 471.619013 468.205968 464.734088 459.391977 455.474943 453.431606 452.550105 453.790334 450.153689 444.959654 440.079498 437.057905 433.712928 431.151982 431.109074 428.302913 423.167157 413.818951
-9999.0 -1302.627326 -1189.760993 -1083.575935 -943.055670 -801.923288 -662.324756 -493.958869 -331.319267 -89.383388 165.004050 269.828615 325.477658 368.792342 417.295264 462.180113 465.951697 442.397274 423.422027 413.819682 416.418509 423.098629 432.074190 445.720524 456.498857 462.890306 463.967850 459.056657 450.271701 446.037305 444.290949 439.254875 435.445023 435.727383 434.520140 438.662512 441.641429 435.744583 428.007076 417.322234 406.161314 396.003387 391.626487 391.279945 390.725726 388.612540 383.920951 377.356424 369.409328 362.573968 358.070399 355.016768 350.597163 342.099612 329.421986 310.431644
-9999.0 -9999.0 -1257.261031 -1144.431920 -1025.892124 -895.264097 -763.031189 -604.982634 -451.167131 -253.502084 -89.094026 84.364564 167.510308 221.169692 286.811494 344.199744 358.572655 371.148750 354.258082 356.471221 360.560563 364.561656 372.583002 382.755885 394.313749 403.127090 408.645383 406.797452 398.323093 384.939978 370.408326 360.173161 354.364819 349.735844 355.748859 363.919623 362.317564 357.759547 348.708917 332.673399 312.632382 287.423604 275.811617 272.612510 270.733467 266.325341 259.602527 245.115640 230.956934 218.148100 212.427763 206.577597 200.084280 186.891221 169.115909 140.242063
-9999.0 -9999.0 -1338.333848 -1226.035210 -1102.519150 -974.975161 -863.984396 -748.189351 -588.558815 -467.730781 -365.230625 -262.215498 -175.575788 -95.037114 1.761270 98.173546 139.035779 155.382422 164.003605 178.507815 198.706857 220.123362 238.363788 257.261130 279.547117 299.968296 310.739741 295.535152 275.293349 249.913577 223.592540 199.430737 187.274299 181.519059 184.796553 190.933917 185.771251 175.540701 159.708212 136.676202 106.058255 62.916137 43.024982 34.986126 31.576311 24.514140 14.260222 -6.670220 -29.839441 -45.674888 -58.049531 -68.212234 -74.871486 -87.544373 -103.973447 -119.268682
