tests/Borden05m/data_simulated/sim_1/output-maps/psiliqL0029N0012.asc
ncols         160
nrows         34
xllcorner     620200.000000
yllcorner     5168000.000000
cellsize      0.500000
NODATA_value  -9999.0
[rows 0 to 24 of 34, columns 55 to 109 of 160]
-9999.0 -9999.0 -9999.0 -9999.0 -9999.0 -9999.0 -9999.0 -9999.0 -9999.0 -9999.0 -9999.0 -9999.0 -9999.0 -9999.0 -9999.0 -9999.0 -9999.0 -9999.0 -9999.0 -9999.0 -9999.0 -9999.0 -9999.0 -9999.0 -9999.0 -9999.0 -9999.0 -9999.0 -9999.0 -9999.0 -9999.0 -9999.0 -9999.0 -9999.0 -9999.0 -9999.0 -9999.0 -9999.0 -9999.0 -9999.0 -9999.0 -9999.0 -9999.0 -9999.0 -9999.0 -9999.0 -9999.0 -9999.0 -9999.0 -9999.0 -9999.0 -9999.0 -9999.0 -9999.0 -9999.0
-9999.0 -9999.0 -9999.0 -9999.0 3997.335399 3992.078592 3987.420430 3983.001885 3974.584240 3965.260252 3957.533631 3953.307873 3952.088354 3951.233482 3950.534318 3955.284765 3963.317631 3970.884297 3977.652546 3980.025898 3982.309991 3984.034378 3984.168366 3983.010792 3979.730584 3976.329451 3972.903892 3971.127435 3963.919988 3952.836513 3944.631704 3941.948756 3946.057108 3950.356946 3952.797031 3957.801417 3968.082204 3978.611295 3987.180727 3999.880061 4007.150313 4012.522026 4014.992272 4011.000615 4007.766005 4003.729836 3997.325876 3986.201916 -9999.0 -9999.0 -9999.0 -9999.0 -9999.0 -9999.0 -9999.0
3942.311095 3960.630768 3981.825658 3984.893322 3973.035733 3967.900984 3964.783471 3963.196866 3959.089980 3950.631440 3945.538658 3940.023701 3937.169993 3937.129538 3936.924414 3940.430839 3951.273863 3958.965461 3963.416235 3966.023170 3968.867980 3966.940616 3966.045458 3965.785749 3962.826985 3959.274707 3955.844349 3953.933934 3955.600943 3947.983738 3941.850011 3937.825002 3934.552697 3937.332667 3940.082103 3944.930126 3953.999347 3961.820444 3969.727791 3985.088179 3998.430757 4004.213710 4001.643763 3997.133270 3993.295456 3985.695944 3974.760328 3964.843867 3957.144994 3951.264289 3945.949755 3939.367031 3945.894126 3954.077272 3963.281895
3925.494510 3944.664085 3965.169561 3967.644573 3957.461735 3949.840327 3942.551017 3943.119476 3946.813264 3943.626819 3938.739928 3930.262778 3940.601824 3941.483861 3942.016667 3945.103967 3946.618178 3952.129061 3954.391450 3959.643671 3968.541179 3971.301268 3971.642813 3971.594482 3969.504166 3966.147218 3964.078504 3961.207259 3955.855356 3953.852501 3953.320463 3951.769055 3955.631985 3957.147181 3960.323272 3955.099355 3959.713894 3965.966142 3972.952475 3978.221501 3984.226767 3986.402008 3983.093225 3984.018444 3975.686349 3962.081163 3952.537723 3945.341803 3946.113469 3943.256932 3935.351080 3921.429293 3930.061913 3946.355069 3951.229880
3930.068688 3938.913593 3949.167318 3951.525274 3946.453178 3948.838482 3950.628981 3951.723626 3949.756828 3946.049748 3941.068434 3950.953862 3958.943606 3960.170879 3962.412041 3966.352429 3967.464043 3956.768647 3954.749976 3961.704605 3971.122204 3976.047565 3976.143683 3975.632546 3971.493294 3970.223698 3969.987896 3968.219733 3967.350036 3968.655229 3965.621644 3968.143599 3973.553136 3976.952958 3972.328423 3964.075539 3966.643712 3975.254493 3984.598816 3992.236858 4002.273076 4012.900754 4013.471431 4009.199216 4000.796065 3988.598457 3966.370458 3949.338176 3938.364145 3930.192820 3922.941029 3926.663173 3921.617224 3936.090416 3937.968101
3913.495836 3935.063823 3954.831845 3960.192469 3954.148220 3950.700180 3949.787662 3950.354547 3949.079771 3948.902319 3956.709843 3968.008815 3978.420309 3980.195550 3981.786363 3980.244504 3973.031322 3962.645967 3960.177902 3973.019060 3989.815471 3997.524303 3996.711436 3991.475592 3993.639326 3994.089772 3995.102819 3992.092382 3992.481458 3989.131778 3993.482310 4001.176829 4009.351961 4008.092019 3995.595487 3983.027250 3983.293811 3989.381454 3997.189039 4005.073874 4015.178896 4024.121800 4019.348688 4014.627381 4007.836194 3982.875440 3961.251378 3947.524727 3947.880166 3948.788235 3944.483632 3942.758734 3942.451758 3939.078594 3939.513466
3948.396082 3967.177963 3987.486932 3999.793152 3993.541862 3986.227871 3978.209248 3978.310770 3978.085455 3983.393031 3993.149826 4004.795661 4025.987601 4024.669712 4024.471219 4022.182947 4008.851204 3995.397688 3985.695840 4008.778073 4020.012133 4026.807979 4023.196760 4027.176954 4035.523786 4032.184861 4026.303273 4013.812876 4019.260286 4024.490719 4039.681639 4047.919393 4053.557247 4048.184086 4033.606728 4026.579169 4028.806329 4036.277191 4038.304594 4047.917308 4056.295059 4071.142824 4069.555289 4067.501978 4048.119609 4010.949742 3982.690856 3971.813258 3984.482364 3979.030621 3972.649211 3973.345633 3962.938849 3956.596668 3959.743384
3977.780563 3990.324174 4006.204508 4022.449943 4012.696420 4002.720809 3985.525950 3981.836540 3985.289677 3995.563130 4012.830686 4029.780624 4048.916055 4045.468181 4036.708526 4046.441465 4039.363939 4028.183927 4020.853964 4044.743067 4054.426817 4064.354267 4069.187902 4081.875990 4092.103541 4073.975017 4055.723642 4044.095542 4051.585107 4078.637539 4102.337494 4107.117684 4105.688588 4104.331449 4087.505320 4083.055112 4080.387922 4081.995002 4080.069161 4078.662291 4105.647593 4128.325774 4128.327667 4107.008290 4084.340869 4043.667449 4005.606977 3982.825930 3998.741619 3995.029473 3999.146300 3989.992500 3978.968975 3973.828914 3972.844487
4023.676670 4043.826741 4059.509589 4081.795400 4070.564491 4046.146006 4028.357146 4030.587806 4044.519669 4052.991861 4072.414114 4088.130249 4112.857324 4123.070633 4132.681927 4136.688668 4130.007082 4121.590285 4109.856434 4116.868349 4142.497857 4154.161249 4162.041456 4169.977171 4182.757746 4181.964692 4174.042152 4171.905394 4176.599491 4191.667054 4207.510193 4214.329866 4216.876953 4218.815567 4203.309395 4189.711038 4188.689880 4183.943253 4183.931469 4183.485780 4196.962317 4219.660635 4216.014613 4176.747397 4149.608726 4113.444366 4074.294183 4044.983047 4041.088403 4062.854445 4062.451994 4046.381240 4037.682401 4013.474115 4010.712061
4090.171184 4122.988597 4147.013173 4156.580415 4162.953813 4146.063384 4143.332142 4147.772129 4156.659868 4159.593123 4165.952479 4198.673075 4232.579805 4256.919603 4279.635609 4286.658307 4273.941872 4264.192451 4250.305146 4241.678581 4254.465992 4272.565688 4290.615219 4305.482334 4316.923936 4318.665369 4317.003132 4317.025660 4320.449495 4323.500280 4328.189759 4337.311127 4345.118403 4353.502022 4360.840460 4349.239225 4332.093770 4323.479171 4315.494595 4315.619779 4317.595653 4322.665663 4323.856389 4304.664286 4259.654372 4226.810125 4194.155022 4176.268559 4164.422141 4166.994377 4148.628987 4123.347602 4070.062948 4032.895537 4001.952447
4173.874533 4219.532220 4249.034663 4265.020017 4277.509019 4273.361839 4275.344115 4276.228233 4279.688705 4281.594235 4283.472973 4311.690960 4354.856375 4395.329327 4427.379938 4426.405471 4411.616783 4400.066774 4391.291105 4375.953590 4371.900863 4385.889842 4402.550713 4424.089628 4434.371660 4439.619720 4435.650997 4435.837268 4438.028725 4440.493747 4442.766282 4446.894250 4457.319422 4473.359337 4488.805465 4487.425605 4466.869437 4448.515378 4432.688575 4431.307550 4429.641881 4424.783642 4427.558633 4429.565253 4411.177898 4377.798890 4336.340080 4295.828737 4280.988722 4266.830567 4255.978400 4238.255482 4193.325672 4122.062778 4079.781612
4290.279969 4326.864759 4356.425732 4387.233226 4401.500302 4402.609218 4399.522793 4397.761312 4404.939745 4406.960477 4411.668161 4428.524800 4463.388119 4501.142196 4532.080778 4547.257517 4538.424422 4518.954047 4495.302531 4484.191493 4480.834104 4484.952082 4495.379639 4509.714811 4530.533391 4551.120443 4557.059725 4557.998299 4555.239805 4557.798371 4559.518663 4559.667774 4563.156722 4572.799840 4583.553651 4587.175603 4578.468917 4555.778252 4531.105559 4520.379743 4514.311804 4511.066765 4512.770353 4518.863400 4522.915279 4506.923475 4468.829109 4421.838649 4392.137298 4378.239649 4365.763903 4351.032123 4337.654412 4300.450229 4278.016511
4401.584810 4417.724022 4447.309899 4477.260515 4499.900541 4514.435805 4514.036568 4516.535946 4521.486562 4528.320521 4543.504014 4568.403593 4589.248550 4613.903414 4642.406328 4659.987453 4665.206790 4662.959472 4658.032233 4659.059187 4659.480407 4584.740674 4592.074678 4599.401719 4619.733682 4637.557953 4644.103913 4644.862382 4641.836248 4643.924181 4644.834424 4644.653080 4644.270856 4647.350251 4653.388630 4655.696475 4652.843393 4638.226775 4661.331914 4640.181470 4626.092322 4617.540649 4609.000543 4600.690075 4591.112448 4580.904358 4559.298576 4526.671834 4491.338041 4470.939117 4463.588013 4457.189885 4447.727489 4441.507682 4423.423327
4501.501652 4512.156858 4531.503739 4555.443423 4591.872110 4617.011672 4628.940214 4638.687574 4643.470031 4658.136164 4676.033931 4656.541148 4666.454031 4676.712027 4686.904430 4690.404588 4691.406765 4690.944334 4688.482710 4687.558304 4684.876448 4681.747333 4670.922578 4672.571758 4674.669656 4677.338115 4681.154196 4680.117275 4681.294142 4684.270433 4682.416459 4676.162875 4671.906127 4670.324455 4671.502325 4679.068509 4682.690541 4683.709366 4679.563415 4678.536931 4677.348354 4673.290647 4668.224677 4661.083148 4651.947729 4670.482193 4657.600795 4627.680671 4584.625100 4540.880243 4534.702842 4537.988532 4537.419732 4535.991783 4530.184061
4633.706585 4648.216716 4663.839981 4635.438742 4662.094392 4675.735712 4682.114156 4686.788136 4689.783655 4693.606718 4690.663176 4687.775054 4682.786175 4681.095423 4679.700060 4677.218775 4677.832747 4675.941273 4671.788217 4667.535837 4659.020446 4647.105818 4635.920902 4632.000166 4636.217839 4642.053494 4647.499077 4652.378275 4656.252615 4655.911602 4650.165129 4641.477282 4633.711604 4632.121544 4639.175777 4645.019243 4651.999920 4652.952271 4651.545344 4648.877748 4648.473905 4644.912825 4645.029093 4652.363222 4667.732567 4669.522076 4676.563970 4675.561142 4655.698249 4619.730729 4637.231814 4616.879635 4623.569355 4618.786780 4607.194494
4681.461461 4684.767612 4682.822105 4681.936519 4675.369856 4669.177685 4668.351981 4672.418892 4679.554571 4680.527391 4673.375769 4664.597722 4657.170721 4649.423066 4646.935390 4646.546770 4646.381111 4646.979167 4641.613969 4631.715785 4614.004639 4602.312217 4591.207467 4585.240593 4580.818944 4583.798500 4595.566521 4608.650908 4613.856201 4603.677779 4594.823538 4582.534866 4574.391747 4574.900711 4575.559181 4585.302619 4603.213501 4611.777215 4612.635494 4605.711073 4598.571627 4591.660908 4588.276956 4594.680544 4610.294724 4627.776607 4644.229910 4653.840078 4661.809949 4669.239711 4665.994971 4669.265623 4671.065302 4668.524396 4672.874485
4676.279731 4669.103243 4661.925660 4656.473093 4650.000340 4644.749174 4642.815623 4644.479153 4646.069655 4641.644793 4635.255820 4625.171141 4613.943728 4604.098030 4595.913623 4596.951112 4599.331713 4601.180280 4593.505453 4577.668962 4559.501044 4545.841932 4531.846673 4527.860715 4521.577315 4512.779021 4522.791222 4543.461047 4551.253070 4534.250796 4522.968169 4507.354558 4500.965553 4496.657990 4497.218628 4506.066592 4529.571351 4555.367930 4557.793367 4546.443054 4535.147058 4530.497793 4527.168109 4531.365657 4547.918438 4569.323156 4586.098997 4597.016407 4602.407222 4610.239998 4619.744463 4634.831921 4650.352754 4663.279827 4666.875610
4650.546959 4642.716926 4634.974578 4627.233688 4620.263371 4613.955398 4609.554034 4607.551530 4603.110332 4596.840444 4589.665278 4566.856212 4554.132572 4540.721627 4525.217914 4521.043267 4515.556771 4516.360707 4504.609485 4497.195943 4481.193013 4465.735533 4449.995968 4435.661077 4429.900869 4422.891410 4419.380283 4432.294270 4440.570962 4432.188558 4422.643426 4412.622779 4408.591648 4405.213983 4407.908363 4418.481115 4437.368316 4455.726518 4464.733054 4457.662346 4457.665851 4458.549695 4457.008824 4463.721052 4473.669569 4491.349707 4514.518829 4534.665362 4544.948417 4551.758981 4560.893986 4575.546915 4589.948373 4604.660067 4623.205557
4619.741442 4610.275473 4600.198642 4590.271344 4579.594624 4568.861503 4562.089616 4565.032899 4559.013094 4553.432689 4528.267764 4470.147030 4447.857186 4428.365672 4411.611898 4404.385660 4395.451971 4376.648594 4367.989961 4364.031075 4368.856911 4355.234247 4337.611839 4319.364244 4314.512332 4311.132668 4291.147268 4283.658529 4283.397990 4303.456371 4297.798953 4297.959842 4301.151796 4298.838839 4299.586725 4312.154157 4318.672202 4322.790088 4329.879487 4336.788979 4348.733247 4357.642821 4370.068550 4387.908620 4398.271841 4413.160932 4433.432541 4459.997706 4476.392247 4486.082099 4496.482346 4511.861472 4528.087426 4546.140750 4568.794644
4584.616297 4567.155732 4552.148550 4537.574257 4524.670266 4511.580039 4494.757005 4496.774468 4494.847451 4483.820340 4424.516362 4383.955013 4349.402053 4332.281410 4307.929109 4293.504238 4275.312296 4232.958931 4214.407299 4215.607067 4233.518431 4231.889955 4217.076530 4205.831638 4195.983961 4185.747251 4166.480024 4144.574601 4151.103636 4171.624589 4174.328085 4179.318201 4188.457946 4188.384086 4180.659661 4175.380016 4186.753620 4191.487216 4203.262235 4223.088499 4228.383013 4247.383857 4283.776863 4296.562504 4311.733569 4329.747265 4349.859623 4371.908244 4395.335205 4409.750579 4425.205082 4443.636439 4460.347861 4480.623561 4503.069843
4532.250672 4500.009902 4478.266206 4460.487733 4440.636085 4411.597762 4391.515684 4389.110641 4382.983484 4350.627913 4296.136228 4261.746513 4240.127649 4218.269347 4195.428597 4169.916504 4129.134477 4093.212551 4070.794365 4089.853982 4102.420005 4117.532881 4106.963099 4096.832111 4087.422874 4068.007241 4050.681876 4032.681151 4044.547063 4053.297278 4075.837895 4083.897576 4087.968751 4095.007058 4093.484165 4080.644367 4072.179174 4080.027228 4089.801674 4102.362511 4126.645710 4164.296873 4189.262136 4207.914251 4228.376360 4246.582184 4267.457660 4290.061014 4313.141398 4330.306134 4348.456448 4366.596840 4387.299337 4405.782722 4427.914790
4448.201849 4419.847566 4393.609323 4370.230546 4336.801710 4287.909820 4273.479940 4264.248339 4239.282923 4188.035145 4146.413721 4129.969369 4120.356876 4097.590914 4077.506331 4047.829282 4013.037399 3993.003754 3972.406950 3984.172030 3995.798588 4019.000455 4011.442232 4006.191925 4004.380429 3988.954081 3975.953390 3958.893529 3964.846574 3977.849080 4003.536940 4010.241840 4014.688571 4024.970395 4024.354550 4018.955583 3998.441233 4004.501862 4015.401492 4030.413319 4062.683939 4084.615572 4106.539014 4128.376619 4147.334693 4168.398739 4189.935431 4212.369053 4238.804644 4258.153746 4276.856952 4298.073535 4316.570528 4329.378814 4343.845348
4337.005304 4313.705485 4295.197323 4271.108027 4226.120633 4181.975215 4138.776302 4108.485988 4051.487156 4016.158614 4000.584144 4005.079150 3995.308721 3977.169893 3959.716075 3941.661441 3921.717067 3904.788120 3879.887794 3886.349493 3903.793842 3922.336805 3926.412843 3929.244787 3928.668220 3920.300618 3907.111699 3893.590043 3897.467312 3915.340260 3933.825820 3944.876559 3953.027579 3960.848948 3960.374841 3949.747719 3938.944683 3943.163016 3958.699692 3974.501278 3990.526705 4010.104338 4030.001240 4049.808784 4071.664787 4093.426190 4115.423948 4139.393340 4165.547404 4186.605249 4209.641440 4233.337355 4248.342082 4255.381009 4260.592652
4233.002597 4215.230277 4192.801588 4165.155439 4122.900746 4084.165439 4044.060360 3994.253100 3961.653289 3934.560882 3932.078224 3918.955130 3908.446215 3896.488062 3877.643215 3863.463354 3851.174942 3831.146306 3824.606522 3833.241969 3847.387928 3854.960686 3863.642726 3862.320859 3860.682146 3856.085235 3842.348280 3840.413138 3851.076803 3866.254031 3879.549058 3891.605857 3898.524400 3903.201180 3899.876246 3890.143895 3887.945405 3895.849398 3910.919211 3923.412943 3936.611364 3956.052921 3974.608123 3994.987145 4016.187454 4036.817547 4059.898259 4083.713667 4108.590725 4135.053988 4156.016418 4172.466056 4179.320416 4186.984559 4183.038152
4108.325449 4099.343742 4074.117045 4046.183039 4018.865860 3988.468474 3967.221304 3937.631917 3909.335812 3882.237265 3857.711049 3848.552301 3845.152630 3834.605669 3819.965514 3810.970653 3797.188280 3790.873897 3800.042020 3801.349423 3808.810750 3806.316157 3807.882452 3806.127221 3806.126877 3805.048492 3800.844453 3814.620834 3820.831007 3833.740049 3843.424671 3853.160350 3858.642788 3861.819962 3863.188772 3859.513999 3865.888213 3871.113723 3883.860933 3894.047328 3906.075213 3924.571934 3939.975628 3957.219644 3977.841328 3999.168259 4021.220058 4045.218219 4071.675691 4094.563843 4110.022530 4114.246431 4121.266402 4119.634650 4105.123696
