tests/Borden05m/data_simulated/sim_1/output-maps/psiliqL0016N0004.asc
ncols         160
nrows         34
xllcorner     620200.000000
yllcorner     5168000.000000
cellsize      0.500000
NODATA_value  -9999.0
[rows 0 to 24 of 34, columns 55 to 109 of 160]
-9999.0 -9999.0 -9999.0 -9999.0 -9999.0 -9999.0 -9999.0 -9999.0 -9999.0 -9999.0 -9999.0 -9999.0 -9999.0 -9999.0 -9999.0 -9999.0 -9999.0 -9999.0 -9999.0 -9999.0 -9999.0 -9999.0 -9999.0 -9999.0 -9999.0 -9999.0 -9999.0 -9999.0 -9999.0 -9999.0 -9999.0 -9999.0 -9999.0 -9999.0 -9999.0 -9999.0 -9999.0 -9999.0 -9999.0 -9999.0 -9999.0 -9999.0 -9999.0 -9999.0 -9999.0 -9999.0 -9999.0 -9999.0 -9999.0 -9999.0 -9999.0 -9999.0 -9999.0 -9999.0 -9999.0
-9999.0 -9999.0 -9999.0 -9999.0 1423.723889 1418.392189 1413.471029 1408.920239 1400.384438 1391.451270 1383.496329 1379.798202 1379.151303 1378.673502 1378.544509 1384.005409 1392.306599 1400.207072 1407.544982 1410.182296 1412.815843 1415.177137 1415.817315 1414.821087 1411.799868 1408.695553 1405.478038 1404.072959 1396.293245 1385.087370 1376.487174 1373.813610 1378.218217 1382.680226 1385.173133 1390.843518 1401.432182 1412.077518 1420.458774 1432.282176 1438.108129 1442.971063 1445.512969 1441.083735 1437.245915 1433.069978 1427.459820 1416.252349 -9999.0 -9999.0 -9999.0 -9999.0 -9999.0 -9999.0 -9999.0
1368.444465 1387.485537 1407.928724 1411.306515 1399.931271 1395.121663 1392.102161 1390.416673 1385.986902 1377.677645 1372.771565 1367.682438 1365.975193 1366.357426 1366.714010 1371.041078 1381.632523 1389.836119 1394.802307 1397.573376 1400.451090 1400.081372 1399.714649 1399.632216 1396.957119 1393.717227 1390.508813 1388.852650 1389.641031 1382.152059 1376.629043 1373.157120 1371.234496 1373.824675 1376.293071 1379.946476 1389.312937 1397.320966 1405.296084 1419.596575 1431.927705 1436.955062 1434.074655 1428.775866 1424.559957 1417.303683 1406.748586 1396.266572 1386.905806 1379.837660 1373.950008 1367.630051 1373.248659 1379.662628 1388.945870
1353.136167 1372.642383 1393.118257 1396.161123 1385.772058 1377.902539 1372.776436 1373.380717 1376.499915 1373.402121 1369.090222 1363.827624 1373.037000 1374.619748 1376.015569 1379.614105 1382.734973 1386.592926 1389.518662 1395.105217 1404.314260 1407.274391 1408.010285 1408.350715 1406.697834 1403.749392 1402.087651 1399.480451 1394.393849 1393.227373 1393.426066 1392.972692 1397.757334 1399.279759 1401.298466 1394.908497 1398.638084 1404.784246 1411.533910 1417.647437 1423.938094 1427.238951 1423.551342 1422.529955 1413.620125 1399.309402 1387.976142 1379.281667 1377.470132 1373.846226 1365.437776 1351.939187 1358.742971 1373.838233 1377.917476
1359.125952 1368.657863 1380.530927 1383.805249 1379.198816 1381.130484 1383.168719 1384.996016 1383.758871 1381.044956 1378.920513 1391.337333 1400.890707 1403.010505 1406.223804 1410.310295 1410.383757 1399.048992 1397.000538 1405.282401 1415.684533 1421.561133 1422.022394 1422.126118 1419.932452 1419.103326 1418.949318 1417.008569 1417.585928 1419.882681 1419.344376 1423.605606 1429.233585 1432.256773 1425.109043 1416.196788 1417.361475 1425.235914 1433.513003 1440.718493 1450.963262 1461.747456 1460.501521 1454.531692 1444.966252 1430.943152 1407.023075 1387.264576 1375.685470 1367.635722 1359.704226 1359.672179 1355.546235 1366.693725 1367.702640
1356.030521 1374.410552 1395.843039 1403.814517 1398.460884 1394.276537 1392.415493 1393.652944 1394.054988 1396.955512 1409.001027 1422.748604 1436.945679 1440.034792 1442.914605 1442.754824 1434.471715 1424.596990 1421.383997 1436.027619 1452.568448 1461.018846 1461.710985 1460.487009 1466.777385 1465.990778 1464.985489 1460.642076 1462.525937 1463.223259 1472.160984 1479.826637 1487.129234 1485.468146 1473.452558 1461.879425 1460.691900 1464.032280 1468.042293 1474.365099 1484.242868 1493.339231 1487.708039 1480.274451 1470.021437 1441.214021 1414.200564 1397.016694 1396.273374 1395.616349 1389.913017 1386.120867 1382.548373 1375.393331 1374.227279
1401.614116 1423.062350 1443.780153 1459.659016 1454.621744 1447.483789 1438.447969 1439.594152 1442.623548 1450.755544 1463.712617 1480.678576 1504.745877 1507.526271 1510.754786 1513.174458 1502.153614 1490.100650 1479.564485 1498.527544 1509.211173 1517.890866 1519.087883 1528.260357 1538.186095 1534.192341 1526.880803 1516.506815 1522.823438 1533.558655 1548.693561 1555.769489 1559.975717 1558.095796 1546.506594 1540.604206 1539.774944 1542.827601 1541.089673 1546.279240 1555.806404 1570.208887 1568.729630 1560.004435 1536.959134 1498.843533 1464.381104 1444.426225 1449.954015 1442.127089 1434.270046 1430.250236 1415.944484 1404.887627 1404.431511
1451.735564 1469.576954 1488.369562 1507.240412 1502.664503 1493.225648 1480.226271 1479.969978 1487.439188 1498.184122 1517.508315 1540.012855 1563.819398 1570.963288 1572.914840 1583.221621 1577.304746 1568.111796 1560.375098 1573.919934 1585.885497 1597.752815 1607.170894 1620.350564 1632.052440 1621.425161 1608.761687 1602.794883 1608.570812 1629.566229 1647.927974 1653.054630 1653.968211 1656.126459 1645.932620 1639.782575 1633.843973 1629.858159 1624.698206 1620.937298 1640.169297 1656.973569 1654.642508 1630.565667 1605.348218 1566.824990 1527.489133 1495.453801 1496.196106 1491.820515 1490.320439 1475.199973 1459.449185 1443.927599 1434.758180
1528.989429 1557.583532 1578.641290 1601.248108 1601.444120 1584.851807 1576.437469 1581.600247 1595.082963 1603.079834 1619.815107 1643.293373 1674.732555 1695.239899 1713.688537 1718.841566 1711.421308 1703.008917 1690.465819 1690.301317 1709.162682 1721.702713 1732.580442 1743.463873 1756.439403 1761.317929 1758.242883 1757.796272 1761.446996 1769.972572 1780.167407 1787.000459 1792.029340 1797.049872 1791.487717 1780.872619 1775.518427 1767.611728 1762.141591 1759.920688 1764.040719 1776.374089 1772.945303 1743.176570 1714.318696 1679.524404 1640.141733 1607.273535 1590.378955 1597.226699 1586.408195 1567.162904 1548.357648 1514.281041 1499.034464
1625.358060 1661.877628 1690.498051 1706.092444 1719.916542 1714.647283 1716.763871 1721.723982 1729.929062 1735.213933 1743.585915 1776.965150 1812.725088 1842.315419 1867.321296 1876.549125 1866.557994 1857.265669 1845.327383 1836.405984 1842.530796 1858.197215 1875.815093 1891.968092 1903.735432 1907.473419 1906.566923 1907.113030 1909.586798 1912.738769 1916.169391 1922.945390 1930.453048 1940.376085 1950.798778 1944.065215 1927.418827 1916.010556 1903.615951 1899.672004 1898.651234 1897.551112 1896.535468 1885.123820 1849.249810 1817.553029 1782.982946 1753.807479 1732.186531 1719.064206 1697.724406 1673.033496 1624.531222 1583.683650 1548.265456
1739.849366 1782.976895 1815.345965 1839.892731 1856.553935 1859.895068 1863.513048 1866.739465 1872.809592 1878.012010 1884.878885 1909.228251 1948.511759 1987.059219 2017.941948 2021.728737 2011.987378 2001.827283 1992.086211 1981.002501 1978.105843 1987.731277 2000.567217 2018.184821 2029.806036 2038.919517 2037.903797 2038.534085 2039.526090 2041.799480 2043.870843 2046.411205 2054.193958 2066.879066 2078.908575 2079.611017 2065.251837 2048.471748 2031.924064 2026.188137 2021.074817 2015.084616 2014.704363 2013.978508 2002.417702 1973.408648 1934.116191 1889.805282 1863.267155 1841.072524 1826.070029 1807.708168 1776.794218 1720.477296 1686.195977
1875.385292 1906.508834 1938.060325 1970.498162 1990.159993 1998.169393 1999.098677 2001.126092 2008.922393 2014.775355 2024.260785 2041.320409 2067.595950 2098.487353 2126.253843 2143.400288 2139.117914 2125.710919 2107.755288 2101.907869 2100.846081 2103.939207 2111.886309 2121.578273 2138.283029 2155.166161 2161.040993 2162.040373 2159.661363 2162.169689 2163.704413 2164.050163 2165.747839 2171.501935 2179.262892 2182.063497 2176.692192 2159.754278 2139.390769 2126.303212 2118.453161 2114.034608 2112.041172 2112.931050 2111.544917 2096.957333 2064.563758 2023.385068 1989.103258 1966.801048 1949.416941 1933.473626 1919.981349 1895.441941 1874.628471
2000.773474 2017.035436 2044.949297 2073.623834 2098.736880 2115.827861 2119.768482 2125.253873 2130.330097 2139.640097 2155.178379 2175.515734 2190.990312 2209.398323 2231.962369 2245.472268 2251.185425 2251.241227 2249.615737 2251.646830 2252.397278 2218.094438 2222.518682 2226.770625 2236.689416 2246.718059 2250.291220 2250.804519 2249.517641 2251.069025 2251.838275 2252.233189 2252.147670 2252.877054 2255.814164 2256.964291 2255.699012 2247.837635 2254.921445 2237.795204 2225.932835 2218.363533 2210.219267 2200.990186 2190.298018 2179.103947 2160.368123 2131.381256 2096.929355 2070.054706 2057.963904 2049.747983 2040.844391 2033.387658 2015.729617
2113.985380 2126.876217 2144.541831 2166.386519 2196.251911 2216.882640 2227.877233 2236.649192 2241.325959 2253.705334 2267.558420 2259.888931 2264.712567 2269.623113 2274.426171 2276.029163 2276.442744 2276.211279 2274.071102 2273.882474 2272.480562 2268.719978 2259.623247 2261.557287 2263.416801 2266.058182 2269.669630 2268.447820 2269.507484 2272.660717 2271.457301 2266.263166 2262.917560 2261.573509 2262.271353 2269.476972 2272.761382 2273.787095 2272.587428 2272.327628 2272.200354 2270.551142 2268.129561 2264.366273 2259.297841 2264.389356 2252.922843 2227.928359 2192.793158 2155.889201 2142.829230 2139.070320 2138.034929 2134.007735 2126.426989
2235.063964 2248.477566 2262.756942 2256.091359 2269.555281 2276.531552 2279.751109 2282.529787 2284.650881 2285.809462 2282.230892 2278.531853 2273.452024 2271.705322 2269.934605 2267.049650 2267.200701 2264.913715 2260.829466 2257.277070 2250.803664 2240.406229 2229.637343 2227.206491 2231.854799 2236.971904 2241.366209 2244.751646 2248.178052 2249.228160 2244.768683 2237.360858 2230.690055 2229.133791 2235.747455 2241.337529 2246.921347 2247.879070 2246.989412 2245.562596 2246.423032 2244.507677 2245.444689 2252.196144 2265.558997 2270.285695 2273.231277 2272.331001 2262.479605 2244.891071 2241.664826 2221.692107 2224.973012 2219.444445 2207.070645
2278.503552 2281.042081 2280.896193 2279.822491 2274.121321 2268.303124 2267.248775 2270.518019 2276.542412 2276.873557 2269.043168 2259.888222 2252.079872 2244.346700 2241.246089 2239.167651 2237.646777 2237.011883 2231.221814 2222.893178 2207.361284 2196.161440 2185.385069 2179.647066 2177.345837 2181.783292 2191.601439 2201.494801 2206.148405 2199.129262 2191.987173 2181.744560 2174.281060 2174.901415 2176.984869 2186.024810 2200.528652 2206.002437 2207.246096 2202.717715 2198.835346 2193.935758 2192.716515 2200.188993 2215.614049 2231.482579 2245.753196 2254.326758 2261.879080 2268.534819 2270.903478 2272.326276 2272.810957 2271.027535 2270.155222
2276.744632 2270.607234 2264.278617 2259.263039 2252.491988 2246.337145 2243.695186 2244.783627 2246.056656 2241.105731 2233.026778 2221.445408 2209.170800 2198.118053 2190.118495 2189.332085 2189.902174 2189.579053 2181.994292 2166.895576 2149.322660 2136.049981 2122.438038 2118.578539 2113.465130 2108.253253 2118.310788 2135.593507 2141.949547 2128.207114 2118.663518 2104.952119 2098.392252 2095.477429 2096.986618 2106.236299 2126.588700 2147.173665 2149.243902 2140.377549 2131.965199 2128.784594 2127.643731 2135.024080 2153.872054 2175.070744 2191.140468 2201.914725 2208.496903 2217.410225 2227.592917 2240.806815 2254.496468 2265.719177 2273.007459
2254.497589 2246.712499 2238.832108 2230.786220 2222.984935 2215.550697 2209.730589 2205.794472 2200.782349 2192.660660 2183.421605 2165.148731 2150.877988 2136.734246 2120.832376 2115.206065 2109.692393 2109.260960 2096.599961 2086.031979 2067.703318 2052.175304 2036.529603 2025.279342 2019.352842 2013.073679 2015.329515 2029.825252 2038.521899 2026.549599 2016.894598 2005.268493 2000.087882 1997.167457 1999.443252 2009.844033 2031.295301 2050.126078 2058.145441 2051.587652 2049.086945 2049.312822 2050.142358 2058.061267 2073.437818 2094.543696 2117.601906 2136.243348 2147.650108 2156.989203 2168.481879 2184.294728 2199.203334 2213.797202 2231.372663
2222.320264 2212.521203 2201.888428 2191.248589 2179.328935 2166.790590 2158.290724 2157.299701 2148.125032 2139.075254 2118.809676 2067.505263 2045.901939 2025.138649 2007.131220 1998.594915 1988.406898 1975.804639 1964.882596 1957.474537 1952.291344 1936.716983 1918.904151 1902.071127 1896.698765 1892.425066 1880.792441 1882.549471 1884.810494 1892.480484 1885.851099 1881.782204 1881.193118 1879.070448 1881.992507 1895.581969 1906.495357 1915.724251 1922.819796 1924.374007 1933.796861 1942.524707 1950.623092 1969.297931 1984.672578 2004.321432 2028.178043 2055.171599 2071.974879 2084.376909 2097.788657 2115.559579 2133.951747 2152.972303 2176.527528
2181.890268 2165.865248 2150.422161 2134.518893 2119.660034 2104.437807 2087.660851 2085.461644 2078.827450 2066.182597 2017.404815 1972.042028 1935.783725 1914.777017 1889.466780 1874.727115 1859.373178 1827.107763 1809.906367 1804.035982 1810.898478 1802.465085 1785.613442 1771.957581 1763.224254 1755.541133 1741.041284 1729.064349 1734.083235 1748.190922 1745.602170 1745.745124 1751.249132 1750.176340 1746.081272 1749.383270 1763.347163 1771.115677 1782.016924 1796.309165 1802.197437 1815.310433 1845.961921 1862.133410 1880.357916 1903.249087 1928.179769 1954.493418 1979.303740 1996.662803 2015.112265 2037.218904 2057.129666 2080.501375 2106.055054
2122.839183 2092.553915 2070.464125 2051.017552 2030.129916 2004.344497 1980.486185 1974.269521 1963.516970 1937.302426 1885.359711 1842.759729 1811.495805 1786.392264 1759.995105 1737.308192 1704.868374 1670.580119 1648.340711 1655.648837 1663.178143 1666.742608 1653.313020 1641.066181 1631.015190 1615.883491 1600.075871 1587.004051 1596.262908 1604.813008 1616.528063 1621.223163 1625.145515 1628.919956 1627.922316 1621.789604 1624.062804 1632.989010 1643.681514 1655.370293 1672.392481 1704.962703 1731.319598 1751.160184 1774.529230 1797.470815 1823.340580 1850.795614 1876.871543 1897.602133 1920.391552 1943.799726 1968.931965 1993.282103 2021.259449
2035.210945 2004.989152 1975.604678 1949.558234 1917.894083 1873.367942 1854.966062 1842.408011 1823.086423 1779.881397 1734.442165 1700.981743 1677.840887 1651.302110 1626.457104 1597.247049 1563.809094 1537.727163 1516.498360 1523.464147 1530.799568 1544.398118 1533.347175 1523.535073 1518.345097 1503.411163 1489.753563 1474.731170 1481.857128 1492.443601 1511.592054 1516.376486 1520.129598 1527.967165 1527.175124 1524.251898 1512.903126 1521.219479 1532.097191 1546.543331 1575.763348 1600.684701 1625.458115 1648.550180 1670.717094 1695.425852 1721.718885 1748.800921 1778.204151 1801.626248 1824.827265 1850.720693 1875.299424 1897.188980 1921.451894
1913.218400 1885.425964 1860.770060 1833.297587 1791.783624 1745.183877 1706.136418 1683.887192 1638.826367 1602.258361 1569.759624 1555.445654 1537.064043 1513.434585 1491.242439 1469.348846 1443.692154 1421.455216 1396.422037 1400.070507 1413.077548 1427.656776 1424.037857 1421.856446 1419.223165 1408.652394 1395.109447 1381.572433 1385.223449 1400.980624 1418.174375 1426.488070 1433.536297 1441.245279 1441.379859 1433.862777 1425.162640 1430.773030 1445.531961 1462.047732 1482.444903 1504.970010 1527.512153 1549.267356 1573.446099 1598.570669 1624.320530 1652.265607 1681.909096 1705.645723 1732.751911 1761.010366 1783.761173 1799.420168 1816.211297
1792.446319 1768.491425 1741.880536 1712.443782 1669.161237 1625.764404 1581.802476 1538.310713 1503.359146 1471.263352 1455.536304 1436.277742 1418.532342 1400.395332 1378.646917 1359.385414 1341.163989 1318.804032 1303.061903 1308.554775 1321.369505 1331.308376 1335.242644 1332.475625 1329.638999 1322.754370 1309.024747 1300.937146 1309.899189 1325.183327 1339.663661 1350.326213 1357.164629 1363.014701 1360.330562 1351.975542 1347.276273 1355.576309 1371.302509 1386.037210 1402.922025 1424.591684 1446.185680 1468.706872 1492.406980 1516.171196 1542.509287 1569.842369 1597.998428 1626.562395 1652.406582 1676.379564 1690.335644 1704.962271 1714.098257
1653.599747 1636.582968 1609.228752 1579.395247 1545.969339 1507.730103 1477.721023 1444.482026 1412.513013 1381.339352 1354.681828 1338.106720 1328.517468 1313.567976 1294.429302 1281.123116 1264.192428 1248.712849 1250.216920 1252.263294 1262.162939 1262.212984 1262.819224 1259.960643 1258.994943 1255.345180 1246.195868 1254.740925 1261.920182 1276.142650 1286.686722 1296.230828 1302.365957 1306.370056 1306.745340 1301.166907 1305.557530 1312.503251 1326.960561 1338.829334 1353.701045 1374.584472 1392.353206 1412.280981 1435.176768 1458.973858 1484.016227 1510.843519 1539.960636 1566.382385 1587.526470 1598.630626 1611.661598 1619.229208 1615.345628
