tests/Borden05m/data_simulated/sim_1/output-maps/psiliqL0005N0009.asc
ncols         160
nrows         34
xllcorner     620200.000000
yllcorner     5168000.000000
cellsize      0.500000
NODATA_value  -9999.0
[rows 0 to 24 of 34, columns 56 to 111 of 160]
-9999.0 -9999.0 -9999.0 -9999.0 -9999.0 -9999.0 -9999.0 -9999.0 -9999.0 -9999.0 -9999.0 -9999.0 -9999.0 -9999.0 -9999.0 -9999.0 -9999.0 -9999.0 -9999.0 -9999.0 -9999.0 -9999.0 -9999.0 -9999.0 -9999.0 -9999.0 -9999.0 -9999.0 -9999.0 -9999.0 -9999.0 -9999.0 -9999.0 -9999.0 -9999.0 -9999.0 -9999.0 -9999.0 -9999.0 -9999.0 -9999.0 -9999.0 -9999.0 -9999.0 -9999.0 -9999.0 -9999.0 -9999.0 -9999.0 -9999.0 -9999.0 -9999.0 -9999.0 -9999.0 -9999.0 -9999.0
-9999.0 -9999.0 -9999.0 -687.099565 -693.021617 -698.702095 -703.883493 -713.567278 -723.077831 -732.324345 -736.329044 -737.233292 -738.399002 -739.281236 -733.999343 -726.229991 -718.823259 -711.498362 -709.587371 -707.359202 -704.965532 -704.451038 -705.890466 -709.316448 -712.640629 -716.121065 -717.123799 -726.070582 -738.116496 -747.585981 -750.407172 -745.327626 -740.578009 -738.291195 -731.951224 -720.668331 -709.527549 -701.169883 -689.265087 -684.402667 -679.076521 -675.123557 -679.116068 -682.269377 -685.251819 -688.904026 -700.364181 -9999.0 -9999.0 -9999.0 -9999.0 -9999.0 -9999.0 -9999.0 -9999.0 -9999.0
-724.538297 -704.967737 -702.213670 -714.848787 -719.635204 -722.991275 -725.220421 -730.768950 -740.253111 -745.843852 -751.929318 -753.904107 -754.234029 -754.641660 -750.594746 -740.515169 -732.355769 -727.758737 -725.840931 -723.800656 -723.796076 -724.478846 -724.925771 -728.010685 -731.543586 -735.078275 -736.746383 -736.295077 -744.339680 -749.704005 -753.117206 -754.419463 -752.000096 -749.724516 -747.018006 -736.783525 -728.409295 -720.139875 -705.589847 -692.797886 -687.468637 -689.930118 -694.944647 -697.895687 -703.369579 -712.540957 -722.640125 -732.593926 -739.508982 -744.345427 -749.289293 -742.487781 -736.547723 -725.630999 -714.915470 -702.617375
-742.949350 -722.779034 -720.501986 -732.895023 -742.245341 -746.575990 -746.662162 -744.369005 -748.564430 -753.936751 -758.531145 -750.785422 -750.018315 -749.196978 -746.199545 -742.580607 -740.853390 -738.159911 -733.085282 -723.899452 -721.706464 -721.458024 -721.429287 -723.409364 -726.715650 -728.427260 -731.271784 -737.011335 -737.682083 -737.019961 -736.987779 -731.140983 -729.709807 -728.193740 -736.352996 -733.079723 -726.732417 -719.879802 -712.707417 -705.564526 -700.344756 -703.434606 -704.173619 -711.982590 -725.484956 -736.381289 -744.358858 -745.980964 -748.110372 -755.486229 -768.351805 -760.728954 -743.581488 -739.170899 -735.648751 -722.999602
-752.651898 -741.307745 -739.053130 -744.905213 -743.895874 -742.361217 -740.898515 -743.124424 -746.954473 -748.971813 -735.141651 -725.722489 -724.836841 -722.181028 -718.884776 -720.576841 -734.639320 -737.881156 -729.077316 -718.491084 -712.679313 -713.095552 -713.458371 -715.063592 -716.165900 -716.647931 -719.322177 -717.850584 -715.073401 -714.314489 -708.764059 -702.919233 -699.910126 -709.705270 -719.514988 -719.198304 -711.152028 -703.056625 -695.595383 -683.950705 -671.011364 -672.342643 -677.842617 -685.914986 -698.520296 -722.042316 -742.335874 -752.390730 -758.209301 -764.728675 -765.254705 -766.896869 -755.329683 -753.430359 -751.881164 -742.462862
-750.943611 -729.511890 -721.391264 -728.695922 -735.421749 -739.765160 -739.530913 -739.691632 -736.265260 -722.158817 -708.453186 -692.847412 -691.220544 -689.134414 -689.679383 -700.653528 -711.473497 -716.520831 -700.457210 -684.462505 -676.390009 -675.972453 -675.334144 -665.869653 -668.731231 -672.093083 -678.589387 -675.938195 -672.741619 -659.860070 -652.408665 -645.637461 -647.895236 -660.246743 -671.412106 -673.483631 -671.934166 -670.620623 -664.742829 -653.635251 -642.368971 -647.227049 -654.443777 -664.174101 -693.836641 -722.349077 -738.993139 -736.435432 -734.670929 -738.607724 -741.050372 -744.349706 -752.710278 -752.488054 -752.447585 -753.097899
-702.705870 -684.479675 -667.525486 -675.081809 -684.825197 -697.735463 -697.765543 -694.313447 -686.137962 -673.041341 -654.056487 -628.958772 -626.124513 -622.387977 -617.399681 -628.921674 -641.692557 -654.992820 -639.142984 -629.879703 -620.587286 -616.975030 -603.777540 -592.525732 -598.720509 -608.912351 -619.262466 -612.319955 -596.281255 -580.095249 -573.889961 -570.787731 -569.470923 -579.825213 -585.183082 -588.680978 -588.891928 -593.930784 -591.533679 -578.724403 -560.734487 -559.514409 -571.693934 -595.724134 -632.514249 -668.912889 -692.262264 -686.764340 -692.795897 -698.063127 -701.756292 -716.302675 -727.982542 -727.016157 -736.803711 -743.323578
-659.210867 -641.705055 -623.339347 -627.708725 -640.713664 -653.991732 -654.134128 -645.592215 -637.051031 -617.999551 -592.068002 -563.932179 -547.423309 -535.248704 -524.041444 -533.351224 -545.091901 -557.354285 -553.450732 -537.921374 -522.193824 -505.630102 -486.973818 -467.467909 -473.150768 -484.791865 -487.049836 -481.353948 -457.943299 -435.114928 -424.738892 -417.968323 -406.623059 -415.069283 -430.031770 -446.771495 -462.647324 -476.113035 -484.772668 -465.734302 -444.733226 -448.243460 -484.600771 -517.667142 -557.370256 -597.309304 -634.402487 -640.566583 -639.874627 -640.553237 -656.649309 -671.883311 -691.869703 -703.187368 -711.358412 -727.323517
-564.213895 -540.102739 -517.015306 -508.736115 -525.988192 -530.467353 -524.508598 -510.903918 -503.950352 -486.067840 -438.518888 -359.906712 -272.420801 -213.096898 -203.689649 -219.801040 -247.576702 -293.299846 -317.565450 -280.298054 -239.011599 -205.027247 -188.707331 -179.934544 -174.989276 -175.471050 -175.424549 -174.007309 -172.017119 -168.513361 -164.762650 -161.102579 -156.717255 -155.761309 -161.378914 -166.390285 -171.986310 -177.023275 -178.160194 -179.110373 -175.118894 -176.552604 -194.524399 -247.063874 -343.934698 -427.424748 -482.280735 -516.488693 -518.743513 -536.753533 -556.198423 -580.596802 -620.983060 -641.528152 -658.392860 -690.516172
-424.889434 -359.243747 -306.124537 -256.100773 -248.590976 -238.994986 -229.664766 -214.587259 -199.961190 -190.506991 -170.242719 -145.808407 -118.202526 -93.946380 -85.715092 -95.257628 -106.669982 -119.697281 -128.460065 -125.027205 -110.351928 -93.360982 -79.035883 -70.683581 -67.733704 -68.846525 -68.665205 -67.974210 -66.083511 -65.284420 -62.749645 -58.298695 -50.251813 -39.305848 -41.058735 -53.766339 -63.371937 -74.670514 -78.697805 -80.109616 -84.567702 -85.706964 -88.226425 -113.191632 -139.440955 -163.153890 -185.126006 -211.302678 -278.906356 -345.364956 -394.897875 -466.701561 -523.852312 -566.708978 -601.543789 -634.064721
-172.212526 -151.033535 -130.334253 -115.301326 -109.337676 -106.267791 -102.435789 -94.934952 -87.859575 -80.610764 -67.325589 -39.764687 -6.510817 20.187923 23.531165 16.268188 7.635367 -4.732611 -11.454978 -14.257334 -8.005151 -0.082353 13.326615 23.395391 35.510856 36.760764 37.060012 36.547614 37.451047 38.038556 36.931487 42.231482 51.131842 59.948277 62.400384 53.881883 37.982722 22.577880 16.176543 8.805349 0.343425 -2.548708 -3.793241 -6.147176 -24.977753 -50.945635 -83.317126 -107.242610 -131.097051 -145.544020 -157.739764 -168.955522 -197.694202 -238.829056 -341.554104 -430.500234
-80.226311 -59.207458 -35.323651 -16.343096 -3.699165 -1.024479 1.701496 10.064567 17.755655 27.953157 43.562084 62.751528 98.030526 121.986941 128.057182 125.972449 126.659135 104.687114 110.359806 102.318551 110.776575 108.159505 120.021761 125.306673 145.987912 152.250490 152.209967 150.454695 151.089917 151.284719 143.415814 150.575251 153.108390 158.844127 160.205931 157.294671 135.747367 119.069481 113.169621 102.787858 86.941234 79.430774 75.818845 73.741302 64.002068 43.680619 13.262741 -18.321633 -41.034646 -55.941897 -66.240273 -73.087113 -80.277548 -96.634222 -124.710961 -154.809941
7.232922 28.280940 51.119866 77.681872 105.955344 113.686956 112.332731 124.201380 134.244874 141.537879 163.757205 174.640841 189.309845 205.819368 213.822904 218.941392 221.367615 220.858165 223.824567 222.815914 220.832240 220.889401 222.314291 222.532614 226.344976 227.530462 227.106436 227.293849 227.202396 227.375826 226.610762 227.056783 225.312503 225.847295 225.477868 225.484493 221.694727 215.644606 202.170556 191.459232 182.541034 173.914154 158.324209 155.058194 139.883269 134.259416 104.044051 68.759383 40.021476 27.459118 19.255530 13.681967 9.278311 -3.918482 -22.101711 -42.986809
112.307446 132.101705 149.014801 171.937637 189.017128 198.107462 204.350361 209.135923 218.992092 228.309963 230.794004 231.191687 231.911515 232.724582 232.197268 232.587698 232.008865 230.269293 229.604175 228.796456 223.164881 214.265974 214.799266 216.160590 219.440986 222.791531 221.579868 222.067282 225.003863 223.299864 218.257018 214.768220 213.239506 213.393555 220.154277 222.694500 223.436364 223.670129 223.355347 222.906885 222.269704 221.401737 220.142732 219.794940 215.396669 207.759414 188.064831 155.498790 130.996152 114.284321 96.528376 93.762261 90.838707 84.985944 67.128092 41.714888
211.591887 222.792668 231.361365 233.138393 233.715392 234.510764 235.199511 237.607341 236.528274 233.579556 229.410298 225.381186 224.264249 223.000825 221.030707 221.383325 219.450706 215.397942 211.726684 206.718140 196.463687 182.944552 173.377566 180.177541 192.050145 196.661234 199.209027 202.041591 203.726415 199.421069 191.846255 183.288412 181.513899 189.037725 194.430577 198.675598 199.256002 197.736458 196.048254 196.293945 194.275759 194.666806 200.096697 211.078149 218.814996 219.354053 218.966573 217.319507 215.811574 196.801959 176.567376 172.245946 174.040350 163.965143 143.809675 112.374341
228.629351 228.164727 226.310059 220.818054 215.655157 215.073325 218.813745 224.878018 226.372948 219.107946 210.611766 204.021294 198.039726 196.580819 196.097308 195.244138 194.810078 188.363527 175.967539 165.786830 153.496994 131.033066 121.529625 123.735489 141.509901 152.219399 160.303753 164.479723 159.550837 152.653586 140.869722 123.816789 122.471162 128.278522 145.182875 157.853549 160.444178 160.684570 156.331718 152.913543 147.255426 145.752833 152.041619 160.291510 178.299422 192.410727 199.110325 205.917563 210.726559 217.076818 216.981654 216.977534 217.276156 213.494586 200.445246 181.681190
214.931009 208.397276 203.647893 197.888628 192.242614 190.858103 193.830395 197.216435 194.255239 184.615063 165.747973 153.255861 143.921434 140.966298 150.984041 153.536910 152.896898 138.814019 117.401025 99.862671 86.313558 70.647199 66.593720 64.465667 66.268583 78.222992 93.404629 98.632191 87.240118 78.402472 64.659094 54.973649 52.099624 54.908802 66.099936 83.668003 99.031085 99.322734 90.636737 82.305129 77.777314 75.768412 82.865964 100.212276 121.083584 141.541011 146.221022 156.659972 157.930349 165.903297 178.040016 196.476230 206.761577 217.012128 217.718218 217.176821
190.412822 177.635378 167.169717 166.769345 158.868973 151.662223 155.032536 154.204165 147.381111 128.420656 113.392758 100.925777 90.523748 79.308019 78.406428 76.298710 76.818843 63.334197 49.920363 31.018166 17.571011 4.429785 -1.718225 -5.213715 -8.471295 -0.576932 14.720035 23.376231 8.814031 -0.474464 -13.165515 -19.594036 -22.456957 -21.100295 -12.409196 8.329583 24.758087 29.646693 21.517686 14.582529 11.339575 10.729960 15.556045 30.735070 50.590079 70.532969 83.078571 91.973985 98.180965 108.137184 124.319156 146.752934 160.669576 176.260554 193.867832 206.461202
150.943754 134.113256 122.720881 113.455457 102.745358 96.199995 97.544398 91.008375 83.960541 70.960312 30.895445 16.953235 2.621016 -9.405388 -13.742075 -21.722270 -26.604127 -36.018812 -42.524634 -51.430059 -62.623252 -73.677560 -83.081743 -85.059977 -87.351721 -90.739591 -83.503217 -80.183991 -82.168938 -88.025879 -94.375729 -97.536140 -99.479895 -95.907419 -85.189919 -76.078033 -67.747978 -64.325567 -69.328600 -65.334234 -60.616151 -60.159570 -46.656667 -34.233456 -19.022473 -0.565047 18.680019 28.726571 36.529704 46.487857 61.853318 79.879319 96.875276 119.589535 148.563676 164.373483
101.111447 86.646152 72.764131 61.021408 49.214722 37.718686 37.865102 34.067374 28.346962 -1.487898 -38.594561 -63.634557 -75.991494 -90.781379 -99.589673 -112.703572 -135.860427 -147.614189 -153.193491 -151.241412 -158.443680 -168.932643 -177.256804 -180.930645 -183.833503 -191.573885 -196.779752 -193.128475 -186.121876 -192.097776 -198.205225 -197.568911 -200.226866 -198.573983 -188.135193 -178.415114 -173.582370 -168.487413 -163.288768 -160.225056 -153.952570 -132.595039 -116.069157 -101.403991 -86.198661 -70.023434 -51.854706 -36.187309 -26.301524 -15.004310 1.275012 16.028973 34.670096 56.715217 84.200115 101.998996
39.798462 23.249707 9.258024 -4.442247 -19.050923 -38.761075 -41.697968 -48.202529 -57.231694 -89.373545 -124.451828 -153.477812 -169.144165 -185.216443 -202.245353 -255.592299 -346.954390 -394.213413 -394.329845 -383.567036 -396.287924 -428.642396 -454.111950 -470.787008 -487.182739 -507.006897 -518.312916 -508.273448 -496.620020 -494.698838 -494.005796 -489.924941 -489.735718 -491.155435 -490.811676 -473.498999 -458.617802 -441.610621 -425.972936 -410.598030 -354.743066 -280.658593 -221.915922 -185.265895 -167.668797 -148.510705 -123.963349 -103.244188 -91.180829 -77.398276 -61.986043 -45.379500 -28.598864 -7.611784 18.201631 38.969689
-18.740800 -40.345192 -58.169421 -75.842225 -102.814408 -120.816844 -132.005427 -141.720755 -163.403575 -193.839564 -262.277778 -369.276560 -427.551031 -469.658235 -504.145529 -539.752993 -571.959814 -592.302088 -584.609714 -577.273386 -568.411241 -582.958208 -596.585279 -603.603062 -618.145263 -632.311953 -646.164941 -636.961404 -628.021421 -613.360790 -610.748717 -608.106090 -602.404772 -604.451770 -606.498970 -612.450906 -603.190693 -593.999465 -582.098270 -555.997064 -528.672262 -500.217345 -473.835812 -441.909000 -397.274155 -329.448652 -238.386948 -185.438375 -166.395786 -148.949069 -125.800013 -106.125757 -91.350737 -75.086148 -54.267085 -34.509121
-95.497155 -113.449157 -137.723012 -166.003798 -201.262208 -273.150887 -312.789814 -387.461691 -449.783541 -513.118924 -547.256700 -570.826382 -595.329276 -616.856756 -637.086128 -663.500843 -686.164583 -708.763075 -703.868692 -691.545134 -677.208961 -686.601103 -691.538203 -694.283793 -706.026993 -719.406715 -733.301838 -729.575537 -715.102512 -698.561613 -693.199937 -687.545977 -680.093481 -680.223472 -686.571286 -695.679088 -690.498996 -678.207210 -663.595605 -642.176485 -620.361492 -599.253595 -580.065227 -557.903630 -533.285398 -506.149011 -472.446459 -429.697739 -388.513907 -319.711785 -227.881898 -182.847961 -168.595533 -155.323790 -132.076058 -110.566758
-181.752657 -209.463372 -291.746349 -403.281486 -479.037238 -534.195397 -569.996728 -603.272782 -634.713855 -654.991940 -672.954347 -690.742759 -708.406186 -727.573480 -746.460569 -765.350450 -786.359613 -807.962965 -802.049888 -787.815075 -773.575318 -772.294122 -775.242740 -777.857953 -785.812616 -799.487558 -813.574221 -805.415426 -789.703946 -774.208780 -765.197810 -759.029244 -752.448137 -755.647352 -764.302646 -773.005589 -765.560814 -750.745023 -736.478448 -719.322354 -698.891672 -678.409619 -658.272397 -637.063793 -615.684655 -591.594197 -566.183879 -539.593623 -512.536029 -483.560429 -449.096762 -424.262969 -393.885756 -356.113864 -283.824718 -211.345335
-455.590956 -493.696661 -528.112251 -566.366647 -608.103704 -639.465460 -669.451185 -698.122651 -726.730886 -749.360463 -766.647890 -775.450193 -789.194356 -808.323892 -820.652492 -836.760432 -858.491783 -859.699794 -854.739595 -839.804573 -837.456135 -836.906803 -840.260302 -840.791047 -845.947835 -860.790106 -854.996299 -846.970673 -831.220358 -820.855850 -812.174962 -806.163775 -802.026242 -803.298088 -812.454275 -810.317874 -803.166451 -788.415467 -777.687703 -763.080984 -742.673246 -726.540535 -708.164164 -687.453372 -666.107532 -643.400233 -619.199221 -592.597295 -567.938310 -546.767829 -536.040575 -523.375034 -513.839987 -517.398423 -496.620660 -472.422632
