tests/Borden05m/data_simulated/sim_1/output-maps/psiliqL0015N0012.asc
ncols         160
nrows         34
xllcorner     620200.000000
yllcorner     5168000.000000
cellsize      0.500000
NODATA_value  -9999.0
[rows 0 to 24 of 34, columns 56 to 111 of 160]
-9999.0 -9999.0 -9999.0 -9999.0 -9999.0 -9999.0 -9999.0 -9999.0 -9999.0 -9999.0 -9999.0 -9999.0 -9999.0 -9999.0 -9999.0 -9999.0 -9999.0 -9999.0 -9999.0 -9999.0 -9999.0 -9999.0 -9999.0 -9999.0 -9999.0 -9999.0 -9999.0 -9999.0 -9999.0 -9999.0 -9999.0 -9999.0 -9999.0 -9999.0 -9999.0 -9999.0 -9999.0 -9999.0 -9999.0 -9999.0 -9999.0 -9999.0 -9999.0 -9999.0 -9999.0 -9999.0 -9999.0 -9999.0 -9999.0 -9999.0 -9999.0 -9999.0 -9999.0 -9999.0 -9999.0 -9999.0
-9999.0 -9999.0 -9999.0 1228.371348 1223.024778 1218.068272 1213.490893 1204.932261 1196.023844 1188.052576 1184.398751 1183.797097 1183.342237 1183.241106 1188.730765 1197.019236 1204.908423 1212.252021 1214.869654 1217.483405 1219.837694 1220.450729 1219.391930 1216.309314 1213.145104 1209.868868 1208.428460 1200.551994 1189.293664 1180.625722 1177.915636 1182.300736 1186.724809 1189.163869 1194.826844 1205.388826 1216.009671 1224.365380 1236.127267 1241.857121 1246.699887 1249.265390 1244.815416 1240.935752 1236.742724 1231.177793 1219.947037 -9999.0 -9999.0 -9999.0 -9999.0 -9999.0 -9999.0 -9999.0 -9999.0 -9999.0
1192.076808 1212.457445 1215.857042 1204.533472 1199.736723 1196.704745 1194.992695 1190.525328 1182.223434 1177.334668 1172.284057 1170.667630 1171.075686 1171.456538 1175.815674 1186.347897 1194.547477 1199.509346 1202.247883 1205.078927 1204.771177 1204.376605 1204.229993 1201.493344 1198.194005 1194.925851 1193.223867 1193.892861 1186.373839 1180.864331 1177.400433 1175.539351 1178.060666 1180.441330 1183.932966 1193.258891 1201.233852 1209.189234 1223.406023 1235.672283 1240.662883 1237.781160 1232.440083 1228.205333 1220.973835 1210.433396 1199.878048 1190.306324 1183.120670 1177.183930 1170.884794 1176.434975 1182.717264 1192.018734 1201.126863 1212.743389
1177.239724 1197.699819 1200.768722 1190.342291 1182.420651 1177.424835 1178.001897 1181.058634 1177.962373 1173.699625 1168.693381 1177.819978 1179.447398 1180.883737 1184.480382 1187.672966 1191.349954 1194.275760 1199.839607 1209.021770 1211.936397 1212.628064 1212.911976 1211.199012 1208.187526 1206.470325 1203.812762 1198.696299 1197.561432 1197.791702 1197.393980 1202.206179 1203.665595 1205.513063 1198.941309 1202.513504 1208.577008 1215.258463 1221.417259 1227.739004 1231.154419 1227.471373 1226.331313 1217.402171 1203.053709 1191.592193 1182.785675 1180.769083 1177.091346 1168.652611 1155.192140 1161.857863 1176.866029 1180.898478 1183.576099 1194.682819
1173.227394 1185.200990 1188.506353 1183.879666 1185.708330 1187.699102 1189.530749 1188.319294 1185.672743 1183.774741 1196.396936 1206.070974 1208.239831 1211.487423 1215.527594 1215.453567 1204.002780 1201.892467 1210.222722 1220.643373 1226.522820 1226.923657 1226.969891 1224.810479 1223.896878 1223.641943 1221.606481 1222.247123 1224.600115 1224.244672 1228.619860 1234.217775 1237.131194 1229.683805 1220.594759 1221.520774 1229.221365 1237.328758 1244.462692 1254.734724 1265.575371 1264.245740 1258.201200 1248.600544 1234.491330 1210.497999 1190.583699 1179.009088 1171.013226 1163.059065 1162.751396 1158.699728 1169.596823 1170.558903 1171.819661 1179.266730
1179.437782 1200.953706 1209.049697 1203.640040 1199.272903 1197.221214 1198.422425 1198.903367 1202.024549 1214.400879 1228.341345 1242.808227 1245.947475 1248.851596 1248.711893 1240.258169 1230.340003 1226.998732 1241.715773 1258.158889 1266.570492 1267.257319 1266.199501 1272.649778 1271.607267 1270.304269 1265.758189 1267.709751 1268.714713 1278.014653 1285.668008 1292.852973 1291.062692 1278.941658 1267.268823 1265.782220 1268.741722 1272.334474 1278.482058 1288.363276 1297.547081 1291.949901 1284.415303 1274.013117 1245.039865 1217.752928 1200.438878 1199.736300 1199.061529 1193.316217 1189.391151 1185.570571 1178.130310 1176.871515 1175.204087 1173.879490
1228.863506 1249.518494 1265.522893 1260.377246 1253.029259 1243.716783 1244.800128 1247.998460 1256.313766 1269.507682 1286.863296 1311.084057 1314.055042 1317.390195 1320.013358 1309.028492 1296.973907 1286.294969 1304.866727 1315.408354 1324.086605 1325.459915 1334.806745 1344.618331 1340.344910 1332.729044 1322.388223 1328.713100 1339.870900 1355.015564 1361.987436 1366.016979 1364.282045 1352.737732 1346.687799 1345.370348 1347.851917 1345.652298 1350.420765 1360.063437 1374.549734 1373.258567 1364.246551 1341.192781 1303.306491 1268.675261 1248.315578 1253.549989 1245.751691 1237.920212 1233.592683 1218.994802 1207.586148 1206.908291 1196.561724 1189.643464
1276.232988 1295.060034 1313.847534 1309.305367 1299.527166 1286.531241 1286.316693 1293.962090 1304.664905 1324.076851 1346.896578 1370.854241 1378.503715 1380.941933 1390.993614 1384.948955 1375.780427 1367.937960 1380.602905 1392.577510 1404.312307 1413.719563 1426.549237 1437.992269 1427.616522 1415.122649 1409.412818 1414.963874 1435.456905 1453.380494 1458.469470 1459.445942 1461.707419 1451.803708 1445.254009 1438.768513 1434.074620 1428.441637 1424.374011 1443.009314 1459.518268 1457.326704 1433.519113 1408.719858 1371.045640 1332.271930 1300.128883 1300.224668 1296.217827 1294.555448 1279.099311 1263.021521 1246.746043 1237.070467 1227.239939 1212.676393
1364.990526 1386.038071 1408.089570 1408.499916 1391.883110 1383.696501 1388.751486 1401.988874 1409.786454 1426.109105 1449.850910 1481.284742 1501.909754 1520.376249 1525.110227 1517.362799 1508.838569 1496.199815 1495.392039 1513.428714 1525.491685 1535.957236 1546.439268 1558.879700 1563.746139 1560.717331 1560.175421 1563.597704 1571.530551 1581.182780 1587.846617 1592.841416 1597.850607 1592.794446 1582.145050 1576.160702 1567.702052 1561.514515 1558.928387 1562.260955 1573.957260 1571.025364 1542.842435 1515.033586 1481.698083 1443.578183 1411.578263 1394.687500 1401.197427 1390.141028 1370.955837 1351.529145 1316.857542 1300.919827 1284.869774 1255.498654
1467.382558 1495.452938 1510.410753 1523.682889 1518.356250 1520.163653 1524.740882 1532.625545 1537.841553 1546.000040 1578.816051 1613.844817 1642.836165 1667.138549 1675.908838 1665.791408 1656.401747 1644.568088 1635.499935 1640.710650 1655.464530 1672.200849 1687.667194 1698.838681 1702.293139 1701.159329 1701.531383 1703.751638 1706.777909 1709.946461 1716.298869 1723.456874 1733.090492 1743.411830 1736.788840 1719.948747 1707.948799 1694.771428 1690.089739 1688.568862 1687.052012 1686.381318 1676.622075 1643.044050 1613.339542 1580.520181 1552.227681 1531.438601 1518.480190 1497.959119 1473.987226 1426.339994 1385.686619 1350.530711 1323.761895 1295.642064
1583.598680 1614.715462 1638.343128 1653.876649 1656.671410 1659.697338 1662.713283 1668.769349 1674.026683 1680.951841 1704.429702 1742.517631 1780.000417 1810.057160 1813.701546 1804.031000 1793.794517 1783.839180 1772.835536 1769.516351 1778.019592 1789.684822 1806.213087 1817.346225 1826.367087 1825.358971 1825.857671 1826.587170 1828.706852 1830.572353 1832.729591 1839.985918 1852.052009 1863.495020 1864.041348 1849.787285 1832.597507 1815.354132 1808.622668 1802.729578 1796.495776 1796.242156 1796.278769 1786.767147 1760.018991 1722.942661 1680.238051 1654.559470 1633.345838 1619.346209 1601.956533 1572.999323 1518.817801 1486.251226 1450.234875 1416.655731
1699.539893 1729.541652 1760.510456 1779.274592 1786.897381 1787.639287 1789.777031 1797.592273 1803.726844 1813.474016 1830.283186 1855.449362 1885.359486 1912.527706 1929.546205 1925.375608 1912.207816 1894.419880 1888.564034 1887.039189 1889.215895 1896.099277 1904.684215 1920.521007 1936.725690 1942.244173 1943.128801 1940.762254 1942.978569 1944.211641 1944.260125 1945.492876 1950.623436 1957.851624 1960.274954 1954.812823 1937.937595 1917.255765 1903.217279 1894.552570 1889.698074 1887.576473 1888.769004 1888.137208 1875.109518 1844.647246 1805.283186 1771.944449 1750.226578 1733.619921 1718.680910 1706.181229 1683.712795 1664.364288 1632.110726 1587.537573
1803.235279 1829.692123 1857.101379 1881.529653 1898.295871 1902.400755 1908.188579 1913.450551 1923.108989 1938.711216 1958.495098 1973.393667 1991.216627 2013.262350 2026.377902 2031.977245 2031.959592 2030.202444 2031.742778 2031.741781 1999.620514 2002.907793 2006.173627 2014.788450 2023.927193 2027.111072 2027.578163 2026.396667 2027.687112 2028.124361 2028.180387 2027.729536 2027.930925 2030.329879 2031.099443 2029.622450 2021.854772 2027.074414 2009.509653 1997.132308 1989.226531 1981.116235 1972.263160 1962.291083 1952.044017 1934.628605 1906.719690 1872.984791 1846.205198 1834.343291 1826.648565 1818.530958 1811.895151 1795.445163 1773.055717 1741.141194
1908.193835 1924.814646 1945.677980 1974.327090 1994.318746 2005.278803 2014.213049 2019.194493 2031.695734 2045.447019 2038.758651 2043.238105 2047.792340 2052.235806 2053.704672 2053.987158 2053.540031 2050.986815 2050.174789 2047.957247 2043.094176 2033.117793 2034.274356 2035.622465 2038.061333 2041.658337 2040.512706 2041.583213 2044.560798 2043.025113 2037.420887 2033.659701 2031.933852 2032.299611 2039.242350 2042.251553 2042.925491 2041.429919 2040.595773 2039.955546 2038.110965 2035.844756 2032.636184 2028.424910 2033.133970 2022.387255 1998.163614 1963.909244 1927.836884 1914.441565 1910.408326 1909.756372 1906.127800 1899.182925 1880.200508 1852.600379
2024.097173 2037.616331 2032.044533 2044.064825 2050.390870 2053.495757 2056.435446 2058.881113 2060.231530 2056.939829 2053.409455 2048.472581 2046.825830 2045.120483 2042.281152 2042.400641 2039.926073 2035.435345 2031.218005 2023.902770 2012.455161 2000.607648 1997.441085 2001.643318 2006.590360 2011.043536 2014.535513 2018.025594 2018.998962 2014.172158 2006.247938 1999.068653 1997.064904 2003.368368 2008.788775 2014.142700 2014.885795 2013.649324 2011.807758 2012.261538 2010.132463 2011.064140 2017.981045 2031.576227 2036.952486 2039.937476 2039.232718 2030.196573 2014.010194 2009.146767 1989.254001 1992.486099 1987.262269 1975.287354 1953.936180 1929.776457
2052.707194 2052.120349 2050.523614 2044.536474 2038.648544 2037.737885 2041.313133 2047.743345 2048.558366 2041.172950 2032.391604 2024.826907 2017.283226 2014.323219 2012.335979 2010.905278 2010.220166 2004.151972 1995.343272 1979.066419 1966.766368 1954.921215 1948.378574 1945.809884 1950.322219 1960.234199 1970.205335 1974.978834 1968.019195 1960.485616 1949.707377 1941.643787 1941.801830 1943.748690 1952.665500 1966.901906 1972.045238 1973.039051 1968.255182 1964.139740 1959.009060 1957.775896 1965.366664 1980.933381 1996.827083 2011.058605 2019.579849 2027.002520 2033.427798 2036.062424 2037.290799 2037.807613 2036.357224 2035.401504 2019.574389 1998.109808
2039.118142 2032.284326 2026.809829 2019.702684 2013.448418 2011.019109 2012.589304 2014.545628 2010.357108 2002.965003 1992.028858 1980.252145 1969.561945 1962.035159 1961.639396 1962.620265 1962.548271 1955.080694 1939.770647 1921.686195 1907.576511 1893.127818 1888.625903 1883.286035 1878.380769 1888.722651 1906.087823 1912.506416 1898.849298 1888.946897 1874.728255 1867.539901 1864.292657 1865.657852 1874.905095 1895.052764 1915.194654 1917.007057 1907.909566 1899.182706 1895.567188 1894.135167 1901.409194 1920.126958 1940.929737 1956.642826 1967.076476 1973.341010 1981.889640 1991.732554 2004.554925 2018.121244 2029.428747 2037.277843 2042.029370 2039.737451
2011.928771 2003.574144 1995.158609 1987.181894 1979.909879 1974.549239 1971.341596 1967.403330 1960.416315 1952.388015 1935.878768 1922.655599 1909.450656 1894.476626 1889.756903 1885.293004 1885.696494 1873.569315 1862.907039 1844.127018 1828.108210 1811.986603 1800.594902 1794.495543 1788.357470 1791.312205 1806.216314 1815.086729 1802.725106 1792.684659 1780.427449 1774.669231 1771.420596 1773.469226 1783.801090 1805.440969 1824.238776 1831.956778 1825.023690 1821.737739 1821.158622 1821.349657 1828.493217 1843.379368 1863.834999 1885.946669 1903.474902 1913.919015 1922.423912 1933.192379 1948.346743 1962.946626 1977.485809 1995.078692 2015.827749 2030.857002
1975.115811 1964.347938 1953.740663 1942.120227 1930.288071 1922.771169 1922.923821 1915.233908 1907.849188 1890.000061 1841.255873 1821.617505 1802.441925 1785.876710 1778.761851 1770.011882 1759.292663 1749.282183 1742.240288 1736.501776 1720.761630 1702.873289 1686.047390 1680.604050 1676.363331 1665.580946 1668.257721 1670.822519 1677.470408 1670.530270 1665.809531 1664.603750 1662.228955 1665.132433 1678.691894 1689.882796 1699.408028 1706.302070 1707.088509 1715.731843 1723.559591 1730.244675 1747.638541 1761.850887 1780.219826 1802.618953 1827.787229 1842.724817 1853.500077 1865.510936 1882.121441 1899.670592 1918.075863 1941.233088 1966.716064 1983.351329
1928.296122 1913.404499 1898.212412 1884.295703 1870.304709 1855.281021 1854.852520 1850.239037 1840.095733 1794.940439 1752.024784 1718.311198 1699.252503 1675.804508 1662.829795 1649.420370 1619.520227 1603.697990 1598.154908 1604.628467 1595.848172 1578.840458 1564.944191 1556.268022 1548.820866 1534.801110 1523.721020 1528.696304 1542.275530 1539.173467 1538.777858 1543.817000 1542.506938 1538.567034 1542.432247 1556.525756 1564.465587 1575.190745 1588.856941 1594.460284 1606.536393 1635.761986 1650.796985 1667.489633 1688.745299 1711.836011 1735.982851 1758.289323 1773.274322 1789.496793 1809.623187 1827.797795 1849.734525 1874.168361 1903.949502 1925.012766
1858.263722 1837.530426 1819.659797 1800.656698 1777.252889 1755.489346 1751.587882 1743.288500 1720.558072 1672.013891 1631.837987 1602.543345 1579.421638 1554.587342 1533.718292 1503.395803 1470.518817 1449.319145 1456.442331 1464.001731 1466.830236 1453.139936 1440.612194 1430.401142 1415.535850 1399.839074 1387.181737 1396.274176 1404.815841 1415.663252 1420.033356 1423.866206 1427.315932 1426.306217 1420.677623 1423.800377 1432.864304 1443.688590 1455.350912 1471.781466 1503.717405 1529.635795 1548.624311 1570.869984 1592.509875 1616.823162 1642.374864 1666.071918 1684.280485 1704.568599 1725.449602 1748.084831 1770.214896 1796.208896 1826.649007 1852.790031
1778.175273 1750.717606 1726.923580 1698.010873 1656.381176 1640.242254 1630.041215 1613.777066 1573.871138 1530.794408 1498.531644 1476.463091 1451.300764 1427.393290 1399.294240 1366.877602 1341.111031 1320.471973 1327.539326 1334.831471 1347.781101 1336.401283 1326.104078 1320.511567 1305.505605 1291.733625 1276.852781 1284.080740 1294.499670 1313.146339 1317.773839 1321.458009 1329.091608 1328.288077 1325.592436 1315.036495 1323.651808 1334.688136 1349.272175 1378.437183 1403.700676 1428.616152 1451.455317 1473.228657 1497.291722 1522.769869 1548.692021 1576.408134 1597.931133 1619.042849 1642.601026 1664.700403 1684.211096 1706.155267 1733.812703 1758.200339
1668.866652 1646.138471 1620.909066 1582.068885 1537.520225 1500.927021 1481.300653 1439.090291 1404.258472 1372.176507 1357.969206 1340.242303 1317.236234 1295.490338 1273.950752 1248.381437 1226.178426 1201.505723 1205.221005 1218.059716 1232.386039 1228.125690 1225.452092 1222.543047 1211.704279 1198.069150 1184.503801 1188.139868 1203.748578 1220.858058 1228.973676 1235.948106 1243.663554 1243.874994 1236.656508 1228.216937 1234.073761 1248.950162 1265.732798 1286.714912 1309.707058 1332.605196 1354.531432 1378.766437 1403.881550 1429.478686 1457.043932 1485.956326 1508.633817 1534.496580 1561.176589 1582.198622 1595.894842 1610.758962 1635.903818 1656.028913
1561.574412 1536.579067 1508.882538 1467.192642 1424.856106 1381.899350 1340.136016 1306.173228 1274.787125 1259.033943 1240.203191 1222.677731 1204.693985 1183.215109 1163.950464 1145.584399 1123.307643 1107.077995 1112.497348 1125.312802 1135.465516 1139.004331 1136.060210 1133.056013 1125.929199 1112.154918 1103.572509 1112.400627 1127.702147 1142.288827 1152.861447 1159.714322 1165.682490 1163.089641 1154.904623 1150.106164 1158.563838 1174.506000 1189.618183 1207.024623 1229.109329 1251.145117 1273.989932 1297.984604 1322.035562 1348.588649 1376.040322 1404.137260 1432.360121 1457.830548 1481.289637 1494.351322 1507.748593 1515.860310 1533.117143 1553.209221
1436.670970 1410.340900 1381.442393 1348.435135 1310.329959 1280.326617 1247.489483 1215.897325 1185.036563 1158.797524 1142.186653 1132.592256 1117.699855 1098.531561 1085.141762 1068.168460 1052.150126 1053.200087 1055.407042 1065.558973 1065.828696 1066.348263 1063.369310 1062.285860 1058.398776 1048.841011 1056.968107 1064.219279 1078.550959 1089.176663 1098.725500 1104.934627 1109.034136 1109.377138 1103.713772 1108.034488 1115.221992 1129.951434 1142.122989 1157.413117 1178.693365 1196.852503 1217.176561 1240.410965 1264.542383 1289.926405 1317.036612 1346.352285 1372.930798 1394.239763 1405.376039 1418.101093 1425.343072 1421.014651 1436.801960 1453.675959
