tests/Borden05m/data_simulated/sim_1/output-maps/psiliqL0017N0018.asc
ncols         160
nrows         34
xllcorner     620200.000000
yllcorner     5168000.000000
cellsize      0.500000
NODATA_value  -9999.0
[rows 0 to 24 of 34, columns 55 to 109 of 160]
-9999.0 -9999.0 -9999.0 -9999.0 -9999.0 -9999.0 -9999.0 -9999.0 -9999.0 -9999.0 -9999.0 -9999.0 -9999.0 -9999.0 -9999.0 -9999.0 -9999.0 -9999.0 -9999.0 -9999.0 -9999.0 -9999.0 -9999.0 -9999.0 -9999.0 -9999.0 -9999.0 -9999.0 -9999.0 -9999.0 -9999.0 -9999.0 -9999.0 -9999.0 -9999.0 -9999.0 -9999.0 -9999.0 -9999.0 -9999.0 -9999.0 -9999.0 -9999.0 -9999.0 -9999.0 -9999.0 -9999.0 -9999.0 -9999.0 -9999.0 -9999.0 -9999.0 -9999.0 -9999.0 -9999.0
-9999.0 -9999.0 -9999.0 -9999.0 1632.528329 1627.243366 1622.417388 1617.981470 1609.584181 1600.760289 1592.968834 1589.378417 1588.833316 1588.466530 1588.425116 1593.952317 1602.341906 1610.312105 1617.686053 1620.366844 1623.026175 1625.379384 1626.009029 1625.017626 1621.986238 1618.865120 1615.629913 1614.191992 1606.452547 1595.251424 1586.670845 1583.972928 1588.313019 1592.701226 1595.111135 1600.635000 1611.090474 1621.604305 1629.863686 1641.614346 1647.411784 1652.170726 1654.556226 1650.002012 1646.050314 1641.734840 1635.937469 1624.651261 -9999.0 -9999.0 -9999.0 -9999.0 -9999.0 -9999.0 -9999.0
1577.154838 1596.274990 1616.881657 1620.301347 1608.885691 1604.097474 1601.148032 1599.573519 1595.293349 1587.111505 1582.338096 1577.364588 1575.713284 1576.200355 1576.642668 1581.026211 1591.746600 1600.008326 1605.019093 1607.847421 1610.776670 1610.325726 1609.941910 1609.855686 1607.157865 1603.886285 1600.650386 1598.966050 1599.816942 1592.314031 1586.734322 1583.196402 1581.126290 1583.665316 1586.070701 1589.713757 1598.940680 1606.806988 1614.640867 1628.881638 1641.150696 1646.094097 1643.088208 1637.692484 1633.345279 1625.910305 1615.190202 1604.628865 1595.272179 1588.125259 1582.081585 1575.522451 1580.984372 1587.313620 1596.388742
1561.947057 1581.567148 1602.160610 1605.243531 1594.923971 1587.136479 1581.925970 1582.631548 1585.919769 1582.955610 1578.747030 1573.382215 1582.814696 1584.470709 1585.919157 1589.591235 1592.695991 1596.779254 1599.739839 1605.370460 1614.605022 1617.579670 1618.296410 1618.601481 1616.896852 1613.892167 1612.175298 1609.530992 1604.415947 1603.181583 1603.315880 1602.754315 1607.420548 1608.868158 1610.878005 1604.460011 1608.125392 1614.139639 1620.765839 1626.676007 1632.808726 1635.886908 1632.087391 1631.067444 1622.050210 1607.646808 1596.311368 1587.594027 1585.831921 1582.091010 1573.520005 1559.768113 1566.482459 1581.444881 1585.380113
1568.203885 1577.819222 1589.678742 1592.965026 1588.383280 1590.409675 1592.503705 1594.372766 1593.201062 1590.548234 1588.344685 1600.697636 1610.244976 1612.394558 1615.622835 1619.787679 1620.034958 1608.842860 1606.882481 1615.130213 1625.497783 1631.312618 1631.730210 1631.750118 1629.357019 1628.440114 1628.232504 1626.272809 1626.723198 1628.937944 1628.198426 1632.298633 1637.855464 1640.822891 1633.746633 1624.742239 1625.859050 1633.631202 1641.839211 1648.934744 1659.031523 1669.682599 1668.461118 1662.508661 1652.921639 1638.930854 1615.031622 1595.370599 1583.706190 1575.487301 1567.418901 1567.459927 1563.032823 1574.209098 1575.079238
1564.484677 1583.221528 1604.606341 1612.422526 1607.037502 1602.930446 1601.183887 1602.443813 1602.821043 1605.604074 1617.436604 1631.084987 1645.051880 1648.067795 1650.866609 1650.631854 1642.485982 1632.652955 1629.583984 1644.157080 1660.748541 1669.115223 1669.619782 1667.988765 1673.852440 1673.055800 1672.118569 1667.817888 1669.553574 1669.922147 1678.485105 1686.108309 1693.400790 1691.659743 1679.462175 1667.644752 1666.384948 1669.746916 1673.868084 1680.150296 1689.917183 1698.910767 1693.290613 1686.041895 1676.058449 1647.563980 1620.971711 1604.045101 1603.340496 1602.710852 1596.971833 1593.151706 1589.616409 1582.537599 1581.304491
1609.464123 1630.750025 1651.437126 1666.985530 1661.769487 1654.541119 1645.549317 1646.635002 1649.475991 1657.461763 1670.212247 1686.744325 1710.493991 1712.818229 1715.653803 1717.641757 1706.457917 1694.375524 1684.000193 1703.336179 1714.040386 1722.454174 1723.094701 1731.651531 1741.244339 1737.117368 1729.771513 1719.134768 1725.315053 1735.574387 1750.654942 1757.736904 1761.934936 1759.637047 1747.646715 1741.466081 1740.662354 1743.831645 1742.166176 1747.507605 1756.816800 1771.206867 1769.774480 1761.723332 1739.215820 1701.480053 1667.784211 1648.758326 1654.996607 1647.420741 1639.645074 1635.881004 1621.719025 1610.857967 1610.540280
1657.588453 1674.893417 1693.251763 1711.633669 1706.354870 1696.614225 1683.124718 1682.531610 1689.680044 1700.372834 1719.442306 1741.287084 1764.360864 1770.255283 1771.011460 1781.045605 1774.989714 1765.720239 1758.128862 1772.513627 1784.195610 1795.637265 1804.328120 1817.076659 1828.308721 1816.820830 1803.512655 1796.951265 1802.741248 1824.093209 1842.748026 1847.705401 1848.261561 1849.943947 1839.039606 1832.816865 1826.910265 1823.102273 1817.924375 1814.111156 1833.782718 1851.040954 1849.110652 1825.709920 1801.356404 1763.459443 1725.000898 1694.348902 1696.782492 1692.832182 1691.979005 1677.397916 1661.995875 1647.226749 1638.668701
1730.660485 1758.126742 1778.178947 1800.080132 1798.732013 1780.997543 1771.496209 1776.232688 1789.647645 1797.570449 1814.258053 1836.642402 1866.823184 1885.716115 1902.807428 1907.495462 1899.998488 1891.655895 1879.321969 1879.756445 1898.937217 1910.980798 1921.051785 1931.126516 1943.580487 1947.616175 1943.867278 1943.078363 1946.653254 1955.551018 1966.028097 1972.664445 1977.264675 1981.786466 1975.220340 1964.150521 1958.872602 1950.886769 1945.468230 1943.045200 1947.688916 1960.854690 1957.788941 1928.078548 1900.503063 1866.963267 1828.993482 1797.641854 1782.794995 1791.615522 1782.210888 1763.615478 1745.849713 1712.754308 1698.725809
1820.712372 1855.979958 1883.155706 1897.153278 1909.311690 1902.279008 1903.456439 1908.089979 1916.222165 1921.192936 1929.095330 1961.781232 1996.458049 2024.625215 2048.643367 2057.230718 2046.864559 2037.585018 2025.613576 2016.716347 2023.064184 2038.319499 2055.225784 2070.571869 2081.743482 2084.903201 2083.622359 2083.903680 2086.286266 2089.273198 2092.638516 2099.401318 2106.715357 2116.314952 2126.243301 2118.833419 2101.743919 2090.084212 2077.496322 2073.356522 2072.225482 2071.583978 2071.159026 2060.081836 2024.955615 1994.945456 1962.364549 1935.750778 1916.379760 1905.755358 1885.660563 1861.719317 1813.502705 1773.538847 1739.144318
1926.197753 1968.133370 1998.793688 2021.175766 2036.155646 2037.892293 2040.774042 2043.573120 2049.410487 2054.355031 2060.680505 2084.905606 2123.849986 2161.790454 2192.161402 2195.246303 2184.991224 2174.723912 2165.065248 2153.520132 2150.124396 2159.408410 2171.753994 2188.950402 2199.897539 2208.285460 2206.706445 2207.085127 2208.027759 2210.141898 2212.064544 2214.554861 2222.352018 2235.094832 2247.139658 2247.345645 2232.041744 2214.563688 2197.374829 2191.284445 2185.931159 2179.870442 2180.046353 2180.372768 2169.607599 2141.911037 2104.153376 2061.794514 2037.706051 2017.551169 2004.070694 1986.757580 1955.624165 1899.047833 1865.202132
2051.944470 2082.079047 2112.109767 2143.048942 2161.088394 2167.716918 2167.915090 2169.598226 2177.520363 2183.299099 2192.524267 2209.470800 2236.177472 2267.297986 2295.081190 2311.958895 2307.275521 2293.345807 2274.815893 2268.251542 2266.466247 2268.895186 2276.232869 2285.570505 2302.038518 2318.811413 2324.464544 2325.251600 2322.623423 2325.038576 2326.434831 2326.595467 2328.259535 2334.131237 2341.898747 2344.441271 2338.328675 2320.234881 2298.778145 2285.106028 2276.784186 2272.166704 2270.599548 2272.489502 2272.510643 2259.031608 2227.458563 2187.002390 2154.182376 2133.587976 2117.522217 2102.457969 2089.764364 2065.121938 2045.321449
2168.703111 2183.829911 2210.837818 2238.650369 2262.767869 2279.180112 2282.665915 2288.110955 2293.556746 2303.092143 2318.946051 2339.936110 2355.935973 2374.867795 2397.936915 2411.811585 2417.481149 2417.237726 2415.067149 2416.523038 2416.537956 2378.269795 2382.052626 2385.792940 2395.946417 2406.179456 2409.715440 2410.051494 2408.453632 2409.880516 2410.469056 2410.622606 2410.329664 2411.072094 2414.067961 2415.059237 2413.291147 2404.358633 2412.004756 2393.865188 2381.241853 2373.266750 2365.114321 2356.341018 2346.397373 2336.050706 2317.753046 2289.099620 2255.120525 2229.268614 2218.014985 2210.387109 2201.954586 2195.243093 2178.445427
2275.295965 2287.257706 2304.399545 2325.860483 2355.920920 2376.764373 2387.956479 2397.159914 2402.333697 2415.389865 2429.983060 2421.741103 2427.189159 2432.693011 2438.075772 2439.947053 2440.421419 2440.008618 2437.447001 2436.549673 2434.176748 2429.472972 2419.274390 2420.366259 2421.636817 2423.873888 2427.243003 2425.853577 2426.750533 2429.684877 2428.190752 2422.667511 2419.039558 2417.520368 2418.138979 2425.241153 2428.332933 2429.001188 2427.086088 2426.216150 2425.517698 2423.384962 2420.738645 2416.978367 2412.062093 2418.711221 2407.565748 2382.482005 2346.894417 2309.503176 2297.075247 2294.005005 2293.240269 2289.764913 2282.815638
2393.502150 2406.477180 2420.417352 2411.744659 2426.059584 2433.582222 2437.296878 2440.652591 2443.362280 2445.239300 2442.140860 2438.832650 2434.004690 2432.473980 2430.936453 2428.253713 2428.500686 2426.098799 2421.577666 2417.229246 2409.601260 2397.975795 2386.108004 2382.676843 2386.653648 2391.425343 2395.669679 2399.017664 2402.309094 2403.016211 2398.159757 2390.348821 2383.347282 2381.647264 2388.255885 2393.872456 2399.530041 2400.336403 2399.113765 2397.200765 2397.579503 2395.280007 2396.113604 2403.105359 2416.984996 2421.889671 2425.472441 2424.743158 2414.168421 2395.132375 2393.481686 2373.517160 2377.180240 2371.898410 2359.811986
2434.097782 2436.247876 2435.574116 2434.236379 2428.362626 2422.622143 2421.906834 2425.723580 2432.397454 2433.323959 2426.005528 2417.229824 2409.728730 2402.255838 2399.489189 2397.830492 2396.622043 2396.081120 2389.998124 2380.851197 2364.140026 2351.779806 2339.902790 2333.257313 2330.162444 2334.111425 2343.890381 2353.913021 2358.453089 2350.933347 2343.322257 2332.576115 2324.795671 2325.285540 2327.289431 2336.513540 2351.411117 2357.149993 2358.229768 2353.239306 2348.771309 2343.438031 2341.923136 2349.370226 2365.011494 2381.267057 2395.913403 2404.671466 2412.263808 2418.938651 2420.852404 2422.466777 2423.192228 2421.542749 2421.251695
2428.677414 2422.015743 2415.233709 2409.930637 2403.135266 2397.247976 2395.099852 2396.854474 2398.862100 2394.655757 2387.330459 2376.374367 2364.640455 2354.139699 2346.631792 2346.537749 2347.759539 2347.928318 2340.316004 2324.713254 2306.220097 2291.978602 2277.409609 2272.760176 2267.000632 2261.187983 2271.090309 2288.549600 2294.880448 2280.641125 2270.631229 2256.436929 2249.641402 2246.524050 2248.033665 2257.450979 2278.271632 2299.391215 2301.449677 2292.169304 2283.188306 2279.512238 2277.862695 2284.746524 2303.257953 2324.435648 2340.467759 2351.108469 2357.410724 2366.055514 2376.069069 2389.442980 2403.419099 2415.007525 2422.254879
2402.492494 2394.325468 2386.160826 2378.018614 2370.411422 2363.469920 2358.459293 2355.588900 2351.657536 2344.740922 2336.669820 2318.904459 2305.644879 2292.432996 2277.465141 2272.907056 2268.350167 2268.814800 2256.693625 2246.416798 2227.962762 2211.879371 2195.582458 2183.528778 2177.202007 2170.621011 2172.312914 2186.615627 2195.167482 2183.279877 2173.367528 2161.599958 2156.318250 2153.300225 2155.689072 2166.292168 2187.756639 2206.686750 2214.758329 2207.942948 2205.238434 2204.982288 2204.984929 2212.104826 2226.330880 2246.450764 2268.838965 2286.924354 2297.571131 2306.095889 2316.923585 2332.418592 2347.225131 2361.928396 2379.768214
2367.230778 2357.314719 2346.739939 2336.397149 2325.091814 2313.454734 2306.241028 2306.956671 2299.579916 2292.429331 2273.447174 2223.297297 2203.207351 2184.010635 2167.502526 2160.472865 2151.787584 2139.984518 2130.193677 2123.570104 2119.283307 2103.697031 2085.568796 2068.327986 2062.749795 2058.385405 2046.028827 2047.015686 2049.002439 2057.491347 2050.764761 2046.860601 2046.459066 2044.298719 2047.113370 2060.752668 2071.485746 2080.421892 2087.489402 2089.248875 2098.436487 2106.557072 2114.094906 2131.554879 2145.236463 2163.157054 2185.373233 2210.957340 2226.339422 2237.212261 2249.246826 2265.923394 2283.514799 2302.072640 2325.360688
2325.823179 2309.952922 2295.123429 2280.188452 2266.656670 2253.112530 2238.111421 2238.241356 2234.130866 2223.871195 2176.609144 2133.968092 2100.040231 2081.337549 2057.900974 2044.865272 2030.909175 1999.377164 1983.275393 1978.737806 1986.840608 1979.062904 1962.355329 1948.783004 1939.833156 1931.842072 1916.910415 1904.128890 1909.205725 1923.715759 1921.457623 1921.912964 1927.668647 1926.697582 1922.396180 1925.135839 1939.007237 1946.625195 1957.588069 1972.155267 1977.660545 1990.626354 2020.758748 2035.374589 2051.794075 2072.577570 2095.299287 2119.361503 2142.013878 2157.109417 2173.441624 2193.591521 2211.808314 2233.735965 2258.090775
2269.085193 2239.707845 2218.984219 2201.293059 2182.360689 2158.443332 2137.213836 2133.794589 2126.014779 2102.010130 2052.573132 2013.320443 1985.350254 1962.688027 1938.406562 1917.102254 1885.470684 1852.377692 1831.178019 1840.090799 1848.392161 1853.005725 1839.814999 1827.656299 1817.540963 1801.968971 1785.960086 1772.450333 1781.855822 1790.378206 1802.899464 1807.853925 1811.820544 1815.911763 1814.972675 1808.457362 1810.047427 1819.029530 1829.751230 1841.526707 1858.987698 1891.606636 1917.205704 1935.962985 1957.798906 1978.828939 2002.526711 2027.561709 2051.147940 2069.242420 2089.328975 2110.076436 2132.651642 2154.465202 2180.122130
2187.617938 2159.212815 2132.095550 2108.538887 2079.126567 2036.765414 2021.208282 2011.508814 1994.362479 1953.173414 1910.615852 1880.898859 1860.987468 1836.561610 1813.552096 1785.525410 1753.040635 1728.319515 1707.833396 1715.626186 1723.538112 1737.949518 1727.131556 1717.562320 1712.490931 1697.383518 1683.666237 1668.412751 1675.400340 1686.153092 1705.808551 1710.780096 1714.657086 1722.779082 1722.129990 1719.181007 1707.328157 1715.685078 1726.782326 1741.464718 1771.027543 1795.694762 1820.030070 1842.556815 1863.754035 1887.235464 1911.936094 1937.134700 1964.504250 1985.577463 2006.229057 2029.393624 2050.993228 2069.619769 2090.628557
2075.710489 2050.260811 2028.385125 2003.661327 1964.370660 1920.347382 1883.231983 1862.526820 1818.658101 1784.197656 1754.905470 1743.760444 1727.532016 1705.537410 1684.653086 1663.793008 1639.186522 1617.850770 1593.195856 1597.289452 1610.734489 1625.607721 1622.493478 1620.562515 1617.935223 1607.392126 1593.763074 1580.150675 1583.778070 1599.688100 1617.003358 1625.582772 1632.801444 1640.634082 1640.870102 1633.300637 1624.664573 1630.427051 1645.534731 1662.307987 1682.661565 1705.198358 1727.683641 1749.292229 1773.127763 1797.650677 1822.569235 1849.431171 1877.792282 1900.033770 1925.269745 1951.342884 1971.377913 1984.039535 1997.463336
1966.743612 1945.099413 1920.814313 1893.560070 1852.296102 1811.039423 1769.005430 1726.519767 1693.113774 1662.649464 1649.075841 1631.302680 1614.970285 1597.988121 1576.982923 1558.505887 1541.040095 1519.080986 1504.192809 1509.995776 1522.907972 1532.599302 1536.788299 1533.997321 1531.112783 1524.277199 1510.447090 1502.765077 1511.823045 1527.095170 1541.512169 1552.341027 1559.275592 1565.156218 1562.577288 1554.307983 1550.031059 1558.568632 1574.549695 1589.452659 1606.418612 1628.286689 1650.002682 1672.656298 1696.386662 1720.034792 1746.130026 1773.045051 1800.613485 1828.464918 1853.141873 1875.484606 1887.527281 1899.965634 1906.206450
1837.933429 1822.853396 1797.031240 1768.677382 1736.942225 1700.376685 1671.972967 1639.838628 1608.901444 1578.719549 1552.827040 1537.338309 1528.644169 1514.354881 1495.798801 1482.990695 1466.411450 1451.698861 1453.811602 1455.779682 1465.432385 1465.196345 1465.764266 1462.868544 1461.857441 1458.299866 1449.448323 1458.341031 1465.420438 1479.543737 1490.051510 1499.669308 1505.843043 1509.902008 1510.503899 1505.256759 1510.021556 1517.094925 1531.720065 1543.798298 1558.826787 1579.928045 1597.929956 1618.068741 1641.204254 1665.194325 1690.344984 1717.213107 1746.267396 1772.408922 1792.915629 1803.062508 1814.952358 1820.891154 1815.049318
