tests/Borden05m/data_simulated/sim_1/output-maps/psiliqL0017N0002.asc
ncols         160
nrows         34
xllcorner     620200.000000
yllcorner     5168000.000000
cellsize      0.500000
NODATA_value  -9999.0
[rows 0 to 24 of 34, columns 55 to 109 of 160]
-9999.0 -9999.0 -9999.0 -9999.0 -9999.0 -9999.0 -9999.0 -9999.0 -9999.0 -9999.0 -9999.0 -9999.0 -9999.0 -9999.0 -9999.0 -9999.0 -9999.0 -9999.0 -9999.0 -9999.0 -9999.0 -9999.0 -9999.0 -9999.0 -9999.0 -9999.0 -9999.0 -9999.0 -9999.0 -9999.0 -9999.0 -9999.0 -9999.0 -9999.0 -9999.0 -9999.0 -9999.0 -9999.0 -9999.0 -9999.0 -9999.0 -9999.0 -9999.0 -9999.0 -9999.0 -9999.0 -9999.0 -9999.0 -9999.0 -9999.0 -9999.0 -9999.0 -9999.0 -9999.0 -9999.0
-9999.0 -9999.0 -9999.0 -9999.0 1615.611843 1610.247575 1605.279633 1600.653499 1592.029967 1582.960435 1574.910558 1571.055048 1570.244615 1569.618398 1569.328673 1574.622130 1582.793774 1590.561355 1597.745850 1600.246581 1602.729997 1604.912657 1605.381172 1604.242186 1601.079877 1597.847399 1594.527082 1593.028593 1585.250689 1574.033106 1565.459412 1562.793169 1567.189306 1571.654705 1574.157979 1579.788057 1590.361885 1601.009581 1609.424283 1621.351449 1627.349551 1632.340035 1634.991181 1630.730970 1627.085153 1623.061952 1617.510906 1606.383679 -9999.0 -9999.0 -9999.0 -9999.0 -9999.0 -9999.0 -9999.0
1560.436491 1579.269289 1599.644775 1602.921874 1591.522320 1586.635908 1583.526713 1581.749385 1577.234091 1568.795369 1563.750802 1558.499200 1556.570511 1556.787684 1556.973362 1561.116980 1571.614766 1579.669519 1584.484668 1587.124253 1589.869463 1589.240983 1588.690760 1588.454987 1585.628973 1582.253410 1578.939313 1577.200466 1578.018634 1570.505162 1564.939425 1561.442066 1559.438620 1562.065692 1564.573165 1568.327112 1577.672044 1585.665963 1593.643958 1608.051784 1620.516195 1625.691681 1622.960125 1617.875963 1613.860845 1606.752496 1596.325020 1585.997187 1576.790045 1569.921880 1564.222139 1558.039112 1563.887129 1570.593898 1580.021156
1544.704655 1564.007751 1584.328597 1587.198900 1576.727069 1568.769097 1563.358296 1563.833205 1566.863084 1563.618349 1559.113904 1553.446927 1562.579664 1563.946739 1565.123982 1568.546141 1571.421723 1575.292866 1578.051550 1583.484293 1592.523632 1595.308991 1595.850004 1596.001398 1594.171638 1591.072551 1589.290107 1586.604764 1581.470604 1580.240166 1580.405654 1579.905961 1584.663051 1586.223229 1588.354418 1582.057544 1585.839210 1591.967805 1598.716006 1604.768651 1611.080001 1614.386759 1610.874716 1610.197397 1601.559463 1587.544216 1576.579183 1568.199436 1566.749066 1563.355218 1555.165235 1541.816337 1548.940794 1564.304034 1568.613812
1549.936882 1559.187749 1570.719121 1573.723439 1568.899837 1570.692865 1572.542841 1574.146753 1572.685646 1569.721353 1567.191120 1579.211208 1588.431526 1590.270285 1593.212392 1597.119266 1597.134773 1585.730429 1583.564699 1591.606110 1601.765327 1607.377346 1607.610103 1607.475569 1604.966944 1603.974087 1603.725302 1601.751265 1602.210186 1604.459122 1603.787503 1607.992516 1613.686999 1616.810281 1609.888946 1601.019244 1602.243671 1610.101845 1618.391338 1625.587000 1635.828274 1646.691590 1645.765931 1640.189733 1631.036657 1617.503929 1594.055871 1574.819817 1563.561912 1555.755551 1548.116303 1548.602245 1544.626625 1556.244750 1557.529893
1544.747964 1563.066001 1584.065763 1591.543423 1585.861286 1581.477926 1579.453301 1580.418816 1580.479260 1582.925627 1594.408332 1607.705033 1621.328931 1624.025945 1626.537369 1626.049607 1617.681018 1607.642178 1604.369134 1618.730087 1635.102163 1643.259260 1643.581883 1641.811653 1647.586566 1646.753683 1645.822499 1641.558510 1643.356381 1643.819756 1652.521119 1660.332599 1667.848895 1666.337800 1654.341119 1642.668416 1641.489411 1644.882561 1649.015985 1655.329210 1665.183005 1674.352653 1669.017468 1662.158039 1652.638911 1624.643935 1598.545723 1582.084858 1581.826047 1581.641922 1576.365126 1573.028589 1569.989932 1563.402551 1562.632605
1587.942165 1608.765710 1629.030640 1644.211979 1638.680225 1631.163018 1621.882990 1622.662593 1625.178923 1632.830228 1645.249426 1661.461610 1684.909923 1686.958456 1689.542665 1691.302017 1679.911416 1667.634575 1657.066070 1676.201327 1686.703881 1694.933864 1695.431240 1703.901119 1713.472002 1709.383032 1702.122216 1691.604644 1697.938849 1708.400161 1723.750788 1731.168955 1735.735752 1733.779207 1722.046876 1716.004763 1715.217629 1718.312324 1716.539910 1721.802813 1731.109491 1745.606364 1744.405559 1736.700319 1714.615395 1677.330303 1644.073464 1625.456769 1632.088383 1624.920245 1617.590047 1614.313833 1600.672961 1590.338030 1590.519118
1634.278048 1651.140670 1669.114367 1687.177378 1681.627746 1671.633460 1657.877609 1656.997137 1663.850827 1674.269544 1693.106327 1714.765579 1737.688306 1743.443482 1744.051462 1753.922292 1747.688531 1738.237494 1730.468305 1744.687578 1756.223731 1767.562404 1776.212219 1788.992400 1800.323263 1788.984901 1775.867994 1769.541360 1775.623875 1797.350942 1816.481260 1821.999870 1823.137924 1825.321372 1814.744425 1808.631016 1802.624880 1798.570413 1793.105516 1789.060830 1808.617152 1825.886128 1824.079300 1800.884031 1776.774991 1739.116139 1700.866613 1670.396684 1673.019772 1669.306996 1668.772040 1654.596657 1639.668226 1625.402537 1617.328612
1706.164842 1733.338025 1753.182418 1774.942865 1773.468688 1755.579213 1745.874752 1750.377500 1763.576053 1771.356283 1788.016795 1810.481090 1840.798151 1859.807943 1876.940822 1881.574243 1873.940687 1865.434751 1852.946660 1853.268426 1872.405869 1884.489183 1894.682645 1904.957374 1917.670352 1921.999335 1918.569105 1918.150004 1922.179722 1931.641285 1942.829730 1950.298926 1955.748188 1960.976056 1954.826465 1943.817226 1938.286596 1929.845769 1923.937368 1921.124642 1925.527901 1938.593720 1935.504032 1905.772673 1878.128715 1844.437419 1806.250206 1774.645869 1759.584830 1768.298399 1758.920698 1740.493641 1723.013615 1690.270033 1676.592936
1796.578979 1831.893476 1859.221968 1873.414675 1885.707418 1878.686473 1879.758512 1884.225856 1892.228131 1897.209717 1905.325319 1938.417359 1973.574407 2002.146541 2026.394657 2035.032825 2024.585795 2015.184280 2003.112204 1994.174162 2000.574729 2016.000817 2033.180424 2048.872123 2060.419662 2063.955677 2063.060705 2063.806153 2066.772205 2070.467006 2074.720731 2082.524864 2090.911650 2101.452634 2111.902886 2104.511712 2086.991560 2074.737082 2061.551111 2056.959226 2055.553974 2054.753833 2054.199034 2042.919365 2007.421393 1976.860328 1943.577973 1916.184886 1896.084278 1884.867165 1864.346526 1840.165162 1791.852150 1751.899032 1717.545366
1904.904129 1947.347659 1978.625188 2001.600135 2016.986927 2018.889272 2021.728002 2024.377883 2030.109584 2035.132271 2041.800973 2066.610440 2106.285992 2144.801998 2175.488828 2178.656918 2168.365712 2158.042455 2148.372258 2136.889881 2133.649167 2143.187014 2155.870201 2173.458699 2184.810625 2193.595628 2192.412157 2193.280187 2194.853850 2197.713043 2200.575438 2204.146736 2213.034314 2226.685954 2239.239528 2239.491196 2223.843570 2205.861393 2188.181046 2181.751879 2176.215320 2170.046182 2170.078854 2170.117529 2158.840302 2130.337183 2091.499657 2047.981999 2022.798839 2001.684384 1987.385512 1969.395959 1937.721178 1880.680621 1846.440426
2036.144841 2067.120638 2098.156928 2129.967650 2148.562186 2155.408772 2155.537668 2156.998922 2164.724680 2170.495934 2179.983053 2197.413913 2224.712798 2256.297954 2284.317637 2301.257398 2296.563641 2282.648938 2264.206417 2257.823539 2256.298280 2259.047051 2266.741114 2276.443829 2293.280666 2310.458536 2316.667698 2317.912922 2315.732153 2318.998738 2321.327553 2322.487087 2325.113023 2331.758138 2339.967738 2342.572191 2336.179417 2317.552339 2295.754695 2281.932460 2273.591559 2268.980437 2267.329421 2268.954112 2268.465974 2254.217283 2221.656528 2180.115165 2146.221571 2124.616851 2107.546818 2091.480804 2077.936131 2052.555625 2032.045308
2160.073671 2176.066482 2204.035778 2232.674315 2257.297887 2273.866373 2277.191998 2282.288485 2287.378846 2296.733001 2312.697316 2334.139481 2350.539477 2369.730585 2392.895728 2406.765580 2412.440756 2412.286520 2410.316250 2412.065154 2412.432800 2374.539720 2378.671708 2382.713359 2393.123292 2403.615485 2407.477651 2408.152359 2406.972882 2409.044799 2410.401569 2411.381799 2411.873486 2413.235563 2416.595964 2417.679384 2415.789200 2406.635909 2414.177059 2396.082379 2383.592082 2375.733752 2367.578907 2358.608142 2348.235305 2337.208152 2317.961142 2288.466004 2253.696400 2227.075960 2215.009269 2206.519910 2197.268967 2189.794764 2172.232090
2273.751983 2286.437366 2304.341940 2326.506847 2357.170367 2378.131636 2389.065048 2397.786082 2402.430145 2415.076870 2429.478681 2421.271591 2426.799546 2432.336935 2437.680491 2439.493863 2439.971896 2439.682672 2437.375290 2436.832556 2434.856805 2430.531191 2420.638165 2421.940741 2423.342204 2425.680690 2429.178597 2427.979326 2429.180922 2432.587817 2431.691687 2426.823936 2423.811862 2422.774863 2423.682829 2430.887241 2433.960363 2434.590227 2432.726671 2432.022739 2431.551078 2429.613494 2427.040921 2423.178261 2417.975383 2424.181396 2412.488691 2386.899740 2350.800234 2312.769981 2299.793953 2296.156193 2294.815823 2290.779004 2283.263821
2398.597476 2412.137365 2426.641173 2418.450710 2433.062767 2440.530833 2443.865084 2446.613596 2448.630894 2449.865968 2446.272716 2442.634953 2437.579532 2435.855534 2434.137944 2431.320699 2431.537294 2429.247017 2424.976825 2420.967957 2413.688834 2402.353375 2390.662756 2387.285290 2391.222951 2395.918523 2400.114300 2403.496026 2406.957193 2407.990932 2403.587050 2396.283217 2389.757783 2388.425024 2395.255678 2400.967181 2406.657158 2407.515980 2406.430985 2404.753125 2405.419916 2403.383580 2404.377667 2411.382454 2425.141479 2429.850848 2433.209763 2432.292756 2421.552304 2402.316946 2400.462582 2380.256463 2383.642854 2378.073442 2365.686996
2444.642582 2447.247012 2446.995685 2445.969114 2440.191878 2434.243938 2433.017544 2436.081444 2441.861347 2441.868161 2433.698347 2424.194256 2416.101578 2408.143166 2404.980807 2403.039433 2401.693845 2401.175316 2395.243538 2386.293695 2369.714237 2357.397068 2345.431235 2338.585390 2335.229674 2338.916044 2348.484369 2358.402355 2362.984477 2355.662721 2348.366981 2337.991162 2330.561080 2331.325041 2333.503272 2342.822593 2357.790447 2363.638162 2364.911081 2360.206506 2356.088894 2351.115530 2349.907545 2357.570372 2373.352890 2389.750387 2404.512150 2413.409480 2421.162790 2427.987495 2430.027252 2431.721265 2432.458112 2430.785416 2430.465930
2443.753864 2437.428466 2430.924622 2425.754748 2418.851470 2412.552761 2409.698785 2410.477104 2411.299205 2405.782568 2397.117050 2384.874481 2372.044245 2360.629403 2352.394374 2351.770889 2352.666192 2352.683990 2345.025551 2329.346352 2310.576450 2295.977509 2280.925517 2275.741451 2269.469242 2263.217937 2272.790262 2290.048609 2296.320110 2282.152833 2272.313289 2258.338346 2251.763942 2248.834903 2250.490089 2260.026704 2280.973971 2302.263498 2304.554762 2295.587505 2287.005280 2283.802621 2282.658205 2290.047016 2309.073843 2330.895142 2347.487799 2358.698068 2365.582938 2374.785414 2385.316541 2399.175120 2413.508768 2425.370296 2432.866410
2421.011425 2412.938271 2404.786124 2396.482328 2388.446857 2380.756344 2374.740857 2370.575518 2365.062947 2356.329293 2346.289691 2326.492903 2311.497262 2296.826941 2280.706761 2275.310526 2270.193744 2270.302618 2257.912357 2247.321366 2228.387618 2211.593757 2194.432025 2181.546247 2174.510324 2167.380168 2168.690069 2182.758269 2191.195124 2179.272168 2169.392449 2157.697351 2152.511587 2149.602714 2152.113832 2162.862540 2184.509745 2203.649635 2211.957794 2205.428542 2203.111199 2203.393313 2204.050265 2211.915336 2226.942583 2247.913660 2271.267243 2290.429557 2302.189367 2311.788037 2323.642149 2340.222499 2355.884929 2371.301893 2389.794625
2387.327394 2377.046995 2366.023159 2355.045830 2342.835105 2329.944358 2321.356521 2320.414524 2311.033768 2301.555310 2280.049556 2227.373142 2204.960456 2183.808724 2165.791584 2157.684225 2148.270030 2135.972584 2125.762651 2118.644884 2113.666936 2097.148325 2077.945597 2059.753919 2053.425006 2048.513588 2035.784769 2036.541114 2038.385029 2046.784264 2039.993963 2036.049954 2035.636557 2033.504063 2036.395863 2050.157148 2061.032105 2070.115307 2077.320955 2079.237367 2088.695673 2097.293830 2105.451327 2123.719534 2138.353904 2157.368777 2180.889390 2207.989430 2224.948920 2237.363487 2250.873743 2268.982140 2287.963540 2307.832639 2332.369160
2344.577687 2327.683609 2311.810581 2295.665428 2280.754382 2265.715455 2249.063068 2247.275817 2240.885476 2227.966425 2177.787738 2132.262405 2095.673438 2074.829148 2049.788024 2035.642989 2020.956305 1988.920763 1972.396330 1967.368297 1974.833274 1966.255958 1948.698316 1934.362296 1924.814598 1916.401838 1901.186680 1888.214527 1893.157567 1907.557739 1905.182829 1905.529383 1911.198677 1910.170299 1905.846420 1908.594543 1922.479218 1930.080340 1940.987197 1955.481156 1960.945869 1973.992401 2004.424318 2019.564012 2036.730573 2058.500050 2082.497008 2108.162866 2132.533556 2149.383415 2167.513776 2189.558326 2209.720404 2233.575631 2259.779929
2283.041088 2252.316607 2230.069383 2210.661231 2189.901932 2164.201541 2141.162780 2135.797010 2125.783480 2099.203101 2046.945413 2005.044222 1974.775501 1950.292137 1924.695324 1902.526980 1870.357390 1836.931742 1815.462475 1824.060558 1831.937560 1836.033127 1822.307002 1809.677928 1799.205481 1783.391469 1767.225746 1753.600712 1762.902070 1771.306784 1783.695029 1788.505467 1792.329752 1796.289921 1795.226115 1788.575486 1789.999128 1798.759385 1809.188925 1820.614925 1837.717315 1870.046002 1895.489909 1914.283262 1936.376230 1957.904474 1982.371471 2008.455231 2033.328164 2052.898090 2074.678152 2097.429364 2122.181158 2146.277450 2174.261367
2194.137416 2164.060411 2135.136910 2109.646339 2078.258868 2034.127116 2016.953085 2005.636333 1986.743002 1943.599657 1899.004488 1867.373892 1845.872720 1820.247690 1796.441188 1767.962869 1735.273841 1710.480076 1689.937702 1697.618909 1705.336107 1719.496597 1708.421238 1698.637465 1693.417679 1678.222039 1664.451175 1649.144773 1656.056141 1666.700111 1686.216883 1691.027307 1694.729988 1702.667903 1701.817159 1698.630450 1686.480468 1694.461429 1705.089133 1719.211122 1748.153265 1772.187019 1795.943781 1818.005845 1838.889777 1862.244025 1887.028803 1912.548782 1940.494710 1962.395924 1984.157273 2008.771098 2032.164681 2052.867058 2076.174633
2073.399168 2046.340003 2022.850459 1996.537748 1955.770428 1910.462363 1872.226215 1850.500767 1805.568059 1769.982083 1739.558784 1727.389966 1710.338920 1687.773870 1666.578156 1645.625705 1621.075564 1599.857154 1575.305075 1579.442941 1592.866027 1607.674192 1604.488724 1602.505261 1599.855059 1589.312042 1575.685598 1562.055810 1565.629770 1581.444152 1598.626579 1607.044098 1614.076051 1621.697415 1621.689461 1613.827968 1604.831236 1610.144890 1624.700222 1640.812435 1660.413283 1682.135316 1703.786654 1724.587475 1747.674081 1771.538646 1795.925328 1822.420942 1850.621480 1872.941282 1898.546182 1925.335720 1946.464171 1960.558263 1975.697414
1956.893480 1934.076432 1908.700508 1880.473276 1838.399919 1796.537171 1754.042273 1711.163123 1677.363494 1646.476028 1632.482424 1614.340329 1597.744322 1580.633801 1559.637620 1541.283715 1524.011203 1502.263700 1487.561576 1493.497428 1506.488676 1516.222092 1520.439402 1517.679317 1514.832426 1508.034494 1494.229172 1486.544721 1495.560523 1510.749625 1525.046216 1535.721365 1542.471747 1548.136009 1545.301852 1536.724704 1532.071425 1540.147197 1555.569054 1569.809028 1586.012143 1607.030293 1627.829367 1649.530216 1672.292399 1694.983632 1720.162904 1746.242279 1773.101249 1800.422526 1824.810281 1847.164547 1859.551235 1872.651833 1879.829178
1823.213896 1807.523545 1781.212970 1752.518496 1720.604456 1684.001286 1655.647635 1623.586258 1592.703730 1562.543249 1536.655003 1521.182802 1512.544723 1498.370592 1479.990473 1467.404890 1451.072930 1436.604230 1438.928496 1441.066273 1450.846566 1450.708356 1451.354814 1448.527822 1447.577617 1444.069540 1435.247983 1444.138737 1451.181278 1465.231756 1475.632446 1485.109326 1491.108625 1494.958564 1495.310369 1489.762223 1494.161155 1500.793206 1514.891223 1526.350574 1540.666590 1560.966632 1578.088611 1597.278301 1619.403932 1642.344588 1666.426034 1692.239892 1720.299105 1745.558891 1765.355959 1775.018986 1786.676434 1792.629520 1787.017922
