tests/Borden05m/data_simulated/sim_1/output-maps/psiliqL0003N0002.asc
ncols         160
nrows         34
xllcorner     620200.000000
yllcorner     5168000.000000
cellsize      0.500000
NODATA_value  -9999.0
[rows 0 to 24 of 34, columns 57 to 113 of 160]
-9999.0 -9999.0 -9999.0 -9999.0 -9999.0 -9999.0 -9999.0 -9999.0 -9999.0 -9999.0 -9999.0 -9999.0 -9999.0 -9999.0 -9999.0 -9999.0 -9999.0 -9999.0 -9999.0 -9999.0 -9999.0 -9999.0 -9999.0 -9999.0 -9999.0 -9999.0 -9999.0 -9999.0 -9999.0 -9999.0 -9999.0 -9999.0 -9999.0 -9999.0 -9999.0 -9999.0 -9999.0 -9999.0 -9999.0 -9999.0 -9999.0 -9999.0 -9999.0 -9999.0 -9999.0 -9999.0 -9999.0 -9999.0 -9999.0 -9999.0 -9999.0 -9999.0 -9999.0 -9999.0 -9999.0 -9999.0 -9999.0
-9999.0 -9999.0 -757.848247 -762.751749 -766.825805 -769.923167 -777.482506 -784.141355 -791.303073 -793.402424 -793.322100 -794.414031 -796.199571 -792.215066 -786.743755 -781.781203 -776.028726 -775.775118 -774.515862 -772.473442 -771.975373 -773.038031 -775.694988 -777.870714 -780.281793 -779.315573 -786.836427 -796.859071 -804.722826 -806.678190 -801.087021 -797.130175 -796.632407 -792.171969 -783.542051 -775.597346 -771.010622 -762.105694 -760.576295 -756.760761 -752.644807 -756.296651 -758.166246 -759.230538 -760.069192 -770.281425 -9999.0 -9999.0 -9999.0 -9999.0 -9999.0 -9999.0 -9999.0 -9999.0 -9999.0 -9999.0 -9999.0
-768.551258 -767.886903 -783.666878 -786.618290 -788.238566 -788.663526 -792.513197 -800.548375 -803.803467 -809.439466 -811.622498 -812.097517 -813.534930 -810.875341 -801.526863 -794.560583 -791.656769 -791.591747 -791.088020 -792.125199 -793.156014 -793.097001 -795.630466 -798.269572 -801.008758 -801.394292 -797.985887 -805.150486 -809.285517 -812.613993 -815.247455 -813.463609 -811.862136 -810.447333 -801.297616 -795.912016 -791.059182 -778.660315 -767.620841 -763.891055 -767.092598 -771.681020 -772.431341 -775.069661 -781.357252 -787.945805 -792.096673 -796.073221 -798.459500 -802.742403 -796.467536 -794.254901 -785.966515 -778.442809 -769.819983 -759.337069 -9999.0
-784.331650 -783.953968 -797.319801 -806.309227 -809.722599 -808.667374 -804.041276 -807.162397 -812.422940 -819.063323 -810.522608 -810.907604 -811.029591 -808.854475 -805.654908 -804.252360 -802.305753 -798.980659 -790.619995 -790.009885 -790.247530 -789.989205 -791.580545 -794.412203 -795.029182 -797.016229 -803.243652 -802.902709 -801.665279 -802.470000 -796.267647 -795.493006 -792.715825 -802.685348 -800.200385 -795.902359 -791.782327 -787.779673 -783.601575 -779.947262 -783.890491 -782.476725 -788.212033 -799.192131 -805.344513 -808.452220 -804.950680 -803.638314 -809.249108 -824.188442 -815.956568 -798.490683 -797.592352 -797.784750 -787.679171 -777.792372 -766.772968
-804.568189 -804.721306 -810.686554 -806.771498 -803.338389 -800.961072 -803.510932 -808.373861 -813.190347 -799.058048 -791.817472 -793.143529 -791.074065 -787.421004 -788.040501 -803.880465 -807.829213 -800.148137 -791.556456 -787.302823 -789.096130 -790.017218 -792.308434 -792.798105 -792.062488 -794.275953 -792.139825 -789.610750 -790.817722 -785.909111 -780.650452 -776.789847 -786.916222 -796.586380 -796.133635 -788.111732 -781.271139 -776.226001 -766.535852 -754.096955 -755.782922 -759.882161 -764.444892 -770.916643 -789.633710 -806.516624 -814.229709 -818.239663 -823.554145 -821.691833 -824.312643 -811.059205 -810.992982 -811.685134 -803.801793 -796.445498 -788.390186
-798.238069 -792.335047 -800.706364 -806.547919 -809.773379 -808.833163 -809.932108 -808.168775 -794.884448 -785.061472 -771.939206 -773.203722 -771.998697 -772.489153 -783.515651 -793.121906 -798.613033 -781.859762 -767.246377 -761.149981 -762.660809 -763.813339 -753.342313 -756.508545 -758.932700 -765.641857 -763.063856 -761.985797 -749.481246 -743.555398 -737.205128 -739.555683 -751.420663 -761.947500 -763.261811 -761.965636 -761.875629 -757.402078 -748.041807 -737.834438 -743.573600 -748.819292 -753.557965 -779.302381 -802.557207 -814.012447 -805.911964 -801.078718 -803.606899 -804.005956 -805.037769 -814.153715 -812.769913 -812.146575 -815.062021 -803.367866 -791.832793
-763.759138 -748.201942 -756.842381 -765.016237 -777.830956 -777.082336 -774.616970 -768.398505 -759.010351 -744.187065 -721.845452 -722.534240 -720.220121 -714.660484 -725.460591 -736.699643 -751.073124 -734.484788 -727.985959 -720.639607 -719.269818 -706.874472 -696.538655 -703.066611 -712.750926 -723.459825 -716.729856 -701.777693 -687.768340 -683.595880 -681.713790 -680.250346 -689.569432 -693.025888 -695.350706 -694.599531 -699.743579 -698.125750 -686.930394 -670.396882 -668.740002 -677.988080 -697.256362 -728.141110 -759.055173 -778.181658 -766.873996 -772.535479 -776.346873 -776.570448 -789.287339 -798.210241 -792.429273 -801.660186 -808.343908 -794.662917 -791.333995
-738.385534 -721.804365 -727.153035 -739.564418 -752.724638 -752.749530 -744.585771 -738.394416 -721.961197 -700.436445 -678.358678 -667.860007 -661.121375 -651.821762 -658.613514 -666.672745 -675.896468 -672.359027 -659.772737 -648.619239 -637.576088 -626.123620 -614.101167 -620.575563 -630.156896 -631.857713 -628.785037 -612.995843 -599.743821 -595.538065 -593.433379 -587.593012 -592.130215 -599.676871 -608.419101 -617.079598 -624.663617 -630.730947 -615.465606 -600.601485 -601.527615 -624.788651 -645.126651 -673.564419 -704.937967 -738.373619 -740.971207 -737.530837 -735.167719 -749.578103 -760.378150 -776.529228 -783.590307 -786.824831 -801.875810 -795.385437 -791.685302
-656.071353 -639.187991 -634.055258 -650.121543 -653.862303 -649.112439 -638.787618 -636.050472 -626.912772 -601.213345 -567.456227 -541.429777 -516.784851 -513.624818 -525.045766 -535.252853 -550.926373 -559.688824 -547.093927 -535.444138 -523.526525 -511.062694 -498.039119 -487.875400 -487.634747 -487.358484 -485.214584 -483.197577 -478.217405 -470.842482 -461.972146 -450.803328 -444.746497 -454.743927 -467.729536 -481.730156 -493.817686 -497.304641 -500.952132 -494.691580 -493.917380 -511.929146 -537.520381 -564.334523 -596.803140 -624.674391 -645.633627 -641.232522 -654.069382 -667.759274 -685.436638 -720.956004 -735.802985 -746.854401 -778.444264 -782.432701 -770.661331
-565.817514 -551.944993 -535.999206 -536.439383 -533.932642 -532.199424 -527.688850 -523.660386 -517.390119 -482.850234 -439.500936 -394.457899 -353.442603 -336.252593 -355.111044 -373.821006 -392.351106 -408.276982 -410.791486 -394.072682 -368.927211 -337.336339 -308.744336 -293.072945 -294.018003 -292.231192 -287.687170 -276.740643 -264.504691 -229.540718 -158.407956 -120.125447 -102.655156 -109.342123 -145.278799 -239.562392 -315.789592 -337.890462 -345.556319 -355.266681 -354.946982 -354.888232 -390.740726 -425.514059 -465.056237 -503.649431 -528.027123 -548.341576 -565.059221 -581.223848 -620.076600 -656.467893 -687.627044 -713.892467 -741.346305 -745.947149 -714.569091
-454.567660 -418.307044 -394.499970 -385.123716 -382.856718 -379.315594 -369.546215 -358.809911 -338.192193 -263.206697 -139.040046 -85.080784 -55.159266 -50.987506 -59.566727 -69.337261 -79.118516 -87.257366 -90.274683 -85.207518 -75.755395 -60.080975 -46.544789 -34.788955 -34.397001 -33.250604 -31.590489 -26.437076 -18.913467 -6.110835 16.116013 31.874130 33.810277 33.727742 25.231682 -7.255201 -38.277939 -51.379341 -59.072008 -64.534344 -64.627743 -64.689685 -69.012544 -95.930380 -156.490485 -333.086813 -398.548199 -433.824239 -450.819309 -465.155813 -476.839017 -516.959033 -536.689657 -565.850723 -600.955918 -632.605888 -600.450513
-204.387681 -117.402431 -86.662543 -76.804027 -76.930853 -75.637555 -69.869707 -62.783777 -47.751731 -18.733409 16.190188 34.059671 37.622749 39.995853 39.356342 37.964457 35.758266 35.651313 35.678607 35.836049 36.651439 37.302967 39.251499 41.248056 41.820989 41.891413 41.564422 42.147982 42.669115 43.310444 44.065672 44.824455 45.596016 45.780440 45.241026 42.681021 39.595812 37.505920 36.598782 36.312756 36.103358 36.325069 36.161532 34.293610 13.880034 -40.316001 -81.983574 -114.078106 -165.816094 -265.214710 -303.090791 -325.137352 -353.726671 -393.894923 -445.715875 -492.742833 -515.057984
-10.424610 24.083618 34.678709 36.800253 36.860236 37.417901 37.546327 38.800150 41.072272 43.948901 45.928069 47.601399 49.685082 51.462484 56.265399 57.869892 58.998996 60.984216 61.242312 60.643683 61.286300 61.759081 61.581825 63.975541 64.522012 64.157403 64.569428 64.712479 65.304492 65.506877 65.496755 63.954295 63.964554 63.813197 64.038283 61.892947 55.405274 50.112025 48.952004 48.401508 47.666740 46.622076 45.434082 44.473722 42.821377 39.214858 34.925622 25.895538 9.047864 -16.420435 -33.778412 -44.834330 -62.256469 -86.362778 -132.562992 -271.613420 -383.802617
40.891750 43.724595 46.650136 48.206553 49.020843 49.740469 49.972296 54.432789 63.610944 65.960810 65.324023 65.590962 64.684564 64.868672 64.301261 64.870771 62.425395 63.108567 62.066151 57.242836 50.085345 50.705161 51.667363 53.806087 56.842460 55.335795 55.985235 58.838872 57.756090 53.287061 50.681482 50.274679 50.168011 55.456604 57.976371 58.715199 59.444286 59.520194 59.915635 60.266406 60.462261 60.515367 60.358521 56.288426 51.554757 49.243809 46.285109 42.694441 40.731030 39.471447 39.332046 38.604926 38.037623 35.466147 24.407555 -23.364408 -71.990416
58.447759 67.644601 67.607610 66.848484 66.728457 67.383773 69.520361 67.997388 65.467967 61.411360 57.633732 56.831694 55.760921 53.646398 54.270244 52.681468 50.193762 50.019009 49.789186 48.789424 47.428671 47.403846 48.178262 48.582610 48.764569 48.743944 49.131828 49.689418 49.240984 48.549417 47.891928 47.629936 48.544621 48.943279 49.256667 49.198465 48.953627 48.818121 49.286733 49.091463 49.197232 49.820090 51.573383 57.858810 57.722411 58.072963 58.537586 59.193835 50.678228 47.723738 48.601757 48.065902 46.868604 44.813571 42.735943 39.047928 35.604366
60.356273 58.281410 53.475523 50.114242 49.929732 51.316484 57.487254 58.834953 53.233826 49.996248 49.375215 48.739910 48.749498 48.543958 48.418270 48.669362 48.148351 47.960254 46.619666 45.855832 44.869223 44.202482 43.964080 44.577028 45.321020 45.896742 46.405438 45.777218 45.390933 44.656057 43.973006 44.271675 44.373916 45.071330 46.312703 46.112507 46.303693 45.913364 45.903111 45.355081 45.185339 45.834972 47.131960 48.326983 49.505977 50.122725 51.021694 53.703313 60.805215 60.914828 60.576725 60.351898 56.870686 50.697260 48.755971 46.932442 45.043953
49.707362 49.464091 48.823055 48.241388 48.161877 48.649277 49.359875 48.970268 48.247095 47.245521 46.232498 45.268197 44.838946 45.138594 45.527013 45.777284 45.495381 44.203141 42.545214 40.723860 38.186599 37.505188 36.593080 35.671118 36.805768 38.813055 39.563604 37.736317 36.967779 35.412347 34.747512 34.516793 34.601010 35.602327 37.962185 40.485460 40.636564 39.476578 38.636876 38.544509 38.643317 40.248324 42.857603 44.699001 45.648662 46.228493 46.496883 47.279264 48.169186 49.137267 50.291560 51.364605 59.669774 59.823790 59.972552 60.517493 51.176289
48.143632 47.716443 47.373875 47.063558 46.753063 46.467877 46.295655 45.541132 44.879671 43.869774 41.822476 39.737891 37.469507 37.036182 36.630545 37.255079 35.785515 34.596820 28.028780 0.669486 -33.348485 -51.655150 -61.060448 -68.392645 -63.901596 -49.794484 -40.875803 -54.697019 -64.012150 -75.936808 -81.416617 -83.993609 -82.400928 -72.455001 -48.684407 -27.725512 -18.524963 -25.369230 -28.770707 -26.954782 -18.932286 6.510277 28.941354 34.502297 37.434168 39.933531 41.814213 42.854656 43.728608 44.979493 45.956568 46.811206 48.109061 49.835050 51.384768 57.402595 62.902958
46.169936 45.601699 44.765365 43.783332 43.346307 43.757863 42.542835 41.134969 38.292595 17.296726 -12.796655 -48.155950 -69.776224 -76.976412 -84.170554 -87.459359 -94.887130 -102.950150 -127.168861 -209.354428 -308.668510 -349.230708 -360.495214 -368.024352 -372.441210 -352.163061 -342.323972 -350.174792 -367.094420 -383.606803 -392.699613 -397.490333 -390.601474 -365.692838 -334.079291 -297.825670 -279.213523 -297.790688 -290.038534 -278.728442 -272.161683 -162.458825 -109.295690 -81.568015 -52.518313 -12.514067 21.311321 32.721897 34.751450 37.154062 39.953496 42.182289 44.289366 46.375102 47.380206 48.075942 49.186187
42.836775 40.551617 38.275376 36.361562 34.505750 34.596233 32.981556 17.106340 -48.466664 -117.874145 -230.402928 -326.445218 -369.709404 -383.881808 -393.127786 -417.212068 -431.990067 -443.842947 -446.025634 -463.267693 -483.699495 -499.824810 -506.467136 -510.477420 -520.574698 -523.000338 -518.460208 -508.859763 -518.260583 -523.827328 -521.888280 -525.172378 -527.551246 -516.506809 -499.488501 -489.889805 -481.449011 -475.181149 -473.645342 -471.932308 -449.790405 -434.765521 -415.017732 -382.797041 -337.652178 -246.129109 -131.440821 -94.844306 -72.108608 -42.693891 -3.191221 28.793403 35.589108 40.043704 42.724383 44.167940 45.001124
24.598265 -7.113690 -43.797632 -69.096963 -91.210759 -96.446568 -113.524503 -167.957139 -346.883166 -421.475949 -464.683346 -487.155205 -510.753030 -523.123593 -541.352675 -569.244634 -586.502661 -584.268635 -576.923777 -581.079037 -595.489623 -607.583028 -616.086816 -625.572679 -639.024465 -647.352786 -639.233890 -630.878248 -629.613007 -628.612383 -625.278265 -625.338883 -627.068139 -629.555777 -618.707089 -611.308232 -602.791349 -595.996869 -591.282537 -567.459259 -545.860179 -532.828987 -514.390927 -495.130909 -472.037080 -446.143611 -420.945092 -399.069723 -368.084676 -320.111123 -191.990771 -108.426771 -63.293961 -14.206781 26.651622 34.506862 36.809423
-120.420882 -218.992854 -330.096188 -392.917573 -413.209639 -421.338767 -427.320622 -460.489658 -505.769439 -547.548247 -573.312654 -593.850728 -613.969668 -634.250510 -658.581671 -682.583432 -698.712036 -689.857695 -683.812887 -674.872857 -687.652926 -699.194086 -703.662406 -715.819349 -727.369725 -740.708382 -730.863708 -724.269027 -711.037094 -710.211479 -708.727947 -703.390694 -705.743830 -707.365958 -714.213775 -705.862175 -699.357893 -691.015145 -669.035040 -648.198013 -628.285349 -612.282442 -596.158485 -577.393729 -556.152314 -534.488860 -511.802577 -494.713057 -477.015545 -455.064478 -430.514855 -399.125560 -352.080306 -243.258538 -127.532849 -86.782643 -56.810159
-420.637790 -450.656224 -483.955234 -526.642585 -552.803826 -555.130736 -580.418235 -607.567178 -645.813308 -664.432095 -678.661951 -696.923387 -712.791941 -727.199833 -748.493118 -765.591234 -786.535936 -780.157874 -768.937645 -754.486090 -765.289234 -768.509569 -768.373770 -777.693771 -787.946670 -801.440895 -798.634670 -786.325711 -772.118328 -770.005482 -766.089455 -759.021785 -758.953719 -764.696276 -774.802315 -770.913097 -761.360282 -750.776029 -733.583488 -716.836435 -700.715753 -686.498324 -669.421260 -650.861816 -631.860542 -610.452744 -587.657235 -572.562156 -551.833609 -529.229816 -509.390357 -496.655123 -478.936966 -448.784765 -422.498441 -389.297924 -347.734189
-525.100911 -546.926726 -582.119587 -619.135519 -656.038877 -682.530153 -707.495280 -731.876050 -744.828265 -756.807520 -769.811437 -782.073713 -795.345449 -808.116206 -819.885105 -834.757089 -857.056559 -848.984640 -835.654903 -821.404772 -820.599022 -822.645401 -822.957337 -827.985552 -839.214222 -855.858417 -847.920832 -835.219398 -823.327888 -817.988773 -814.439739 -808.354197 -812.071750 -820.597681 -831.554489 -825.236300 -813.404468 -804.175819 -792.760719 -778.119877 -763.096029 -748.284260 -732.238551 -716.108208 -697.121737 -677.122782 -656.451645 -636.024495 -615.701148 -594.283469 -584.866913 -574.275980 -564.252671 -546.708591 -528.738665 -507.576316 -484.329904
-625.516895 -646.712421 -674.116903 -707.331789 -730.195532 -752.087087 -772.234032 -792.575301 -807.109729 -818.295791 -819.438926 -826.567794 -839.945920 -843.745649 -852.630115 -872.428660 -867.920515 -862.680216 -847.661342 -848.993577 -849.385324 -852.874392 -851.339995 -854.527566 -871.765103 -863.361087 -858.170199 -846.117808 -841.645739 -837.359927 -834.255805 -831.662404 -833.385094 -844.587017 -842.057108 -837.409712 -826.268565 -822.146170 -814.243517 -799.995146 -791.477939 -780.007272 -765.989453 -751.246292 -734.909312 -716.819167 -695.669624 -675.840077 -658.611914 -651.523477 -641.684598 -634.468842 -640.507380 -626.016721 -612.498252 -598.666187 -577.946336
