tests/Borden05m/data_simulated/sim_1/output-maps/psiliqL0018N0004.asc
ncols         160
nrows         34
xllcorner     620200.000000
yllcorner     5168000.000000
cellsize      0.500000
NODATA_value  -9999.0
[rows 0 to 24 of 34, columns 0 to 54 of 160]
-9999.0 -9999.0 -9999.0 -9999.0 -9999.0 -9999.0 -9999.0 -9999.0 -9999.0 -9999.0 -9999.0 -9999.0 -9999.0 -9999.0 -9999.0 -9999.0 -9999.0 -9999.0 -9999.0 -9999.0 -9999.0 -9999.0 -9999.0 -9999.0 -9999.0 -9999.0 -9999.0 -9999.0 -9999.0 -9999.0 -9999.0 -9999.0 -9999.0 -9999.0 -9999.0 -9999.0 -9999.0 -9999.0 -9999.0 -9999.0 -9999.0 -9999.0 -9999.0 -9999.0 -9999.0 -9999.0 -9999.0 -9999.0 -9999.0 -9999.0 -9999.0 -9999.0 -9999.0 -9999.0 -9999.0
-9999.0 -9999.0 -9999.0 -9999.0 -9999.0 -9999.0 -9999.0 -9999.0 -9999.0 -9999.0 -9999.0 -9999.0 -9999.0 -9999.0 -9999.0 -9999.0 -9999.0 -9999.0 -9999.0 -9999.0 -9999.0 -9999.0 -9999.0 -9999.0 -9999.0 -9999.0 -9999.0 -9999.0 -9999.0 -9999.0 -9999.0 -9999.0 -9999.0 -9999.0 -9999.0 -9999.0 -9999.0 -9999.0 -9999.0 -9999.0 -9999.0 -9999.0 -9999.0 -9999.0 -9999.0 -9999.0 -9999.0 -9999.0 -9999.0 -9999.0 -9999.0 -9999.0 -9999.0 -9999.0 -9999.0
-9999.0 -9999.0 -9999.0 -9999.0 -9999.0 -9999.0 -9999.0 -9999.0 -9999.0 -9999.0 -9999.0 -9999.0 -9999.0 -9999.0 -9999.0 -9999.0 -9999.0 -9999.0 -9999.0 -9999.0 -9999.0 -9999.0 -9999.0 -9999.0 -9999.0 -9999.0 -9999.0 -9999.0 -9999.0 -9999.0 -9999.0 -9999.0 -9999.0 -9999.0 -9999.0 -9999.0 -9999.0 -9999.0 -9999.0 -9999.0 -9999.0 -9999.0 -9999.0 -9999.0 -9999.0 -9999.0 -9999.0 1696.009563 1678.919320 1664.381275 1661.433061 1683.674723 1707.264693 1731.403779 1752.297861
-9999.0 -9999.0 -9999.0 -9999.0 -9999.0 -9999.0 -9999.0 -9999.0 -9999.0 -9999.0 -9999.0 -9999.0 -9999.0 -9999.0 -9999.0 -9999.0 -9999.0 -9999.0 -9999.0 -9999.0 -9999.0 -9999.0 -9999.0 -9999.0 -9999.0 -9999.0 -9999.0 -9999.0 -9999.0 -9999.0 -9999.0 -9999.0 -9999.0 -9999.0 -9999.0 -9999.0 -9999.0 -9999.0 -9999.0 -9999.0 1743.842078 1749.906998 1750.785045 1740.844496 1729.895947 1717.385469 1697.365195 1679.908413 1665.974153 1663.992106 1666.908810 1671.387468 1693.555486 1718.876789 1739.012806
-9999.0 -9999.0 -9999.0 -9999.0 -9999.0 -9999.0 -9999.0 -9999.0 -9999.0 -9999.0 -9999.0 -9999.0 -9999.0 -9999.0 -9999.0 -9999.0 -9999.0 -9999.0 -9999.0 -9999.0 -9999.0 -9999.0 -9999.0 -9999.0 -9999.0 -9999.0 -9999.0 -9999.0 -9999.0 -9999.0 -9999.0 -9999.0 -9999.0 -9999.0 1650.562981 1667.952472 1686.218101 1704.975275 1722.099472 1729.240191 1735.193367 1741.005783 1736.987496 1732.770424 1721.639787 1702.108737 1683.000416 1669.883824 1668.551140 1666.485144 1670.887764 1683.626506 1700.755907 1716.891829 1738.074125
-9999.0 -9999.0 -9999.0 -9999.0 -9999.0 -9999.0 -9999.0 -9999.0 -9999.0 -9999.0 -9999.0 -9999.0 -9999.0 -9999.0 -9999.0 -9999.0 -9999.0 -9999.0 -9999.0 -9999.0 -9999.0 -9999.0 -9999.0 -9999.0 -9999.0 -9999.0 -9999.0 -9999.0 1654.291998 1648.545001 1643.860539 1642.653498 1641.616918 1640.852885 1647.786512 1659.715193 1677.655050 1699.835109 1713.289350 1720.886874 1727.961079 1728.911981 1723.942757 1722.472323 1723.285132 1711.546850 1700.040706 1689.296352 1678.906986 1677.187030 1686.945451 1701.582278 1718.275320 1733.506488 1749.338765
-9999.0 -9999.0 -9999.0 -9999.0 -9999.0 -9999.0 -9999.0 -9999.0 -9999.0 -9999.0 -9999.0 -9999.0 -9999.0 -9999.0 -9999.0 -9999.0 -9999.0 -9999.0 -9999.0 -9999.0 -9999.0 -9999.0 -9999.0 1623.806820 1629.392932 1636.128936 1643.914781 1645.087175 1641.474834 1636.212763 1633.636068 1632.523501 1630.960822 1635.810809 1643.789455 1657.455927 1673.427262 1695.858861 1704.745943 1710.581664 1722.920028 1726.494237 1733.494534 1737.990210 1736.690883 1733.829030 1720.868730 1711.165909 1715.573072 1721.208784 1728.519543 1737.148784 1751.107138 1766.387332 1783.475903
-9999.0 -9999.0 -9999.0 -9999.0 -9999.0 -9999.0 -9999.0 -9999.0 -9999.0 -9999.0 -9999.0 -9999.0 -9999.0 -9999.0 -9999.0 -9999.0 -9999.0 -9999.0 -9999.0 1598.650233 1599.752864 1601.249034 1606.191080 1606.965026 1609.169159 1616.326828 1624.705579 1627.559652 1625.949488 1625.022458 1626.845643 1629.902227 1634.727624 1646.107511 1660.149957 1674.633629 1688.527039 1709.769325 1724.854387 1738.455927 1754.687369 1754.976199 1751.683359 1750.484223 1751.318484 1751.394584 1753.956766 1755.859506 1762.586293 1766.377462 1772.266877 1782.131470 1794.441668 1812.694188 1832.324441
-9999.0 -9999.0 -9999.0 -9999.0 -9999.0 -9999.0 -9999.0 -9999.0 -9999.0 -9999.0 -9999.0 -9999.0 -9999.0 -9999.0 -9999.0 -9999.0 1569.611571 1571.583427 1574.044298 1579.622551 1583.000924 1587.217195 1594.418526 1595.999655 1599.914718 1607.324149 1612.369208 1621.668242 1630.166525 1637.746456 1644.036747 1647.009957 1654.515741 1664.384476 1676.491968 1691.664611 1713.075341 1736.783969 1753.351289 1770.685837 1788.419315 1789.668523 1789.042426 1790.541580 1790.991004 1796.233154 1813.194109 1818.650429 1818.234569 1832.964190 1846.856896 1851.947763 1860.256611 1880.388904 1904.321970
-9999.0 -9999.0 -9999.0 -9999.0 -9999.0 -9999.0 -9999.0 -9999.0 -9999.0 -9999.0 -9999.0 -9999.0 -9999.0 1521.803511 1526.078552 1536.113247 1546.337969 1549.290261 1554.070425 1560.609984 1573.061962 1576.984966 1583.429759 1591.180681 1603.644540 1612.601413 1621.974230 1634.108281 1642.723402 1650.214191 1657.404254 1662.521516 1675.597234 1690.857683 1706.611177 1726.951011 1749.445358 1769.868079 1790.233948 1806.966211 1820.781842 1822.065760 1821.998176 1825.133980 1832.653320 1849.262089 1868.101500 1875.094854 1891.246290 1914.244534 1927.534028 1938.767382 1947.699712 1962.348767 1984.681830
-9999.0 -9999.0 -9999.0 -9999.0 -9999.0 -9999.0 -9999.0 -9999.0 -9999.0 -9999.0 1490.086552 1492.344423 1489.125234 1488.373656 1494.002172 1506.512318 1520.822403 1527.389267 1539.443756 1560.842547 1579.259580 1582.980130 1597.509496 1608.112913 1615.243964 1625.896612 1639.290686 1652.203180 1668.911938 1681.521534 1692.648311 1711.609082 1728.361158 1745.338618 1763.548414 1784.521324 1803.899423 1831.666528 1858.976956 1871.562670 1893.201502 1902.730296 1900.711298 1901.404108 1911.579955 1927.164341 1947.435406 1969.466838 1991.282249 2016.705165 2033.086069 2048.247206 2059.865805 2073.092214 2090.281567
-9999.0 -9999.0 -9999.0 -9999.0 -9999.0 -9999.0 -9999.0 -9999.0 1465.017685 1472.805321 1478.984699 1476.222892 1472.090723 1467.934263 1482.346462 1498.449188 1514.829780 1533.068537 1549.330434 1567.945081 1583.206695 1599.391321 1619.749025 1631.600817 1643.372404 1659.043367 1672.973895 1689.865596 1711.392710 1723.199742 1738.827491 1760.273313 1778.736636 1797.228987 1816.698659 1835.363835 1861.031267 1894.668789 1926.943028 1949.026919 1977.732140 2000.421185 1999.832350 2002.623699 2007.582470 2033.784326 2063.462278 2094.957775 2120.000863 2147.713383 2178.234008 2197.987885 2209.916395 2223.841038 2240.455154
-9999.0 -9999.0 -9999.0 -9999.0 -9999.0 -9999.0 1436.978675 1461.451275 1476.808938 1468.998816 1458.143979 1454.434574 1450.181796 1476.342764 1498.926069 1516.719116 1534.086027 1552.206169 1569.175603 1581.314127 1614.322133 1633.153868 1647.326793 1664.518632 1679.671868 1694.852985 1712.584283 1735.995470 1757.238775 1785.367601 1809.154360 1831.841394 1858.412643 1878.599262 1898.127404 1916.375191 1947.945330 1985.937716 2023.590416 2052.903765 2081.207737 2114.311157 2121.410302 2127.944247 2135.221898 2158.609749 2192.366788 2224.089232 2259.039543 2292.403976 2321.336177 2335.038641 2346.940262 2359.654461 2374.577163
-9999.0 -9999.0 -9999.0 -9999.0 1403.501048 1424.515295 1444.346577 1475.092174 1497.805881 1493.232063 1499.694480 1499.738657 1497.731137 1502.568976 1510.602745 1529.109670 1548.542458 1568.282860 1585.737241 1619.013484 1664.573238 1679.482881 1702.378927 1734.319228 1748.023172 1763.768751 1780.686486 1803.872953 1829.147952 1861.818964 1903.751253 1939.705584 1965.522021 1988.827249 2011.007628 2033.174445 2069.261027 2108.806955 2147.509941 2183.180550 2214.514010 2242.831079 2256.084282 2265.275094 2278.506941 2296.841373 2320.343813 2349.893472 2383.636627 2417.286015 2443.303451 2457.076424 2465.766386 2477.600204 2488.622350
-9999.0 -9999.0 -9999.0 1352.543333 1391.459888 1429.991331 1456.840701 1487.867496 1520.474651 1524.267897 1533.793040 1537.969905 1541.897349 1550.391189 1558.266034 1576.051753 1593.651332 1611.556526 1634.296668 1670.919065 1705.024955 1732.127796 1763.725398 1788.272183 1807.719502 1823.773479 1843.368660 1867.353004 1907.318390 1943.800545 1993.994845 2047.716227 2084.725455 2109.665104 2133.939405 2163.272383 2190.451136 2229.754247 2266.965907 2302.480501 2336.899714 2363.627882 2383.486626 2392.425937 2403.891217 2413.432731 2430.216146 2453.056826 2476.550901 2507.249869 2537.230835 2565.455507 2581.322603 2592.847776 2610.179399
-9999.0 -9999.0 1304.892061 1343.295605 1376.710667 1426.095926 1479.356533 1514.360240 1555.335373 1578.419574 1585.010468 1601.172533 1616.713244 1623.307991 1638.052142 1655.041633 1675.068437 1683.571450 1702.495544 1729.722584 1776.752253 1819.794219 1834.758539 1883.152496 1916.695682 1946.985247 1967.086017 1995.149096 2032.662372 2073.500868 2122.472129 2174.024507 2213.140821 2245.445699 2264.058514 2285.973501 2310.366899 2338.138359 2375.622353 2406.221344 2440.800430 2469.109956 2492.415674 2499.524200 2505.651831 2523.056486 2550.006521 2579.597005 2606.731821 2632.956752 2632.441812 2648.865131 2657.013036 2662.111017 2669.016661
-9999.0 -9999.0 1277.101995 1322.581483 1361.332139 1425.529905 1507.566792 1544.386606 1587.145525 1633.795506 1652.183018 1677.064457 1685.333250 1690.620490 1713.924972 1735.496903 1751.569613 1759.990065 1759.517685 1815.225029 1873.017371 1917.270038 1953.992254 2024.844321 2073.627020 2094.244547 2110.018778 2132.401714 2157.380434 2200.700712 2247.484997 2302.502875 2347.885385 2380.642062 2398.629815 2419.623177 2441.916232 2461.429403 2483.150758 2526.963090 2560.123960 2589.752498 2619.934914 2642.127472 2651.942451 2657.343612 2644.133740 2658.207805 2668.108292 2673.177786 2675.844738 2673.611452 2674.030035 2675.623485 2677.289634
-9999.0 1186.784967 1239.105028 1291.601066 1359.334074 1425.128223 1506.273812 1585.321463 1645.761681 1695.554028 1725.074419 1733.693864 1761.779315 1801.284822 1827.405592 1853.140379 1858.873724 1867.303821 1856.776316 1908.039729 1955.541534 2024.104816 2131.869813 2190.533230 2242.351495 2245.174765 2240.917207 2253.431924 2276.835277 2322.755714 2395.204072 2447.027563 2505.800107 2551.606328 2569.731315 2578.975085 2598.895566 2621.075323 2599.750435 2630.451926 2646.262869 2659.560386 2666.187865 2669.978147 2672.851299 2674.554006 2672.779080 2667.697413 2661.085323 2656.501275 2653.264938 2649.426569 2652.321493 2655.898482 2656.635949
-9999.0 1150.430662 1209.329465 1280.009511 1350.165710 1412.249351 1510.018226 1660.272656 1717.457573 1756.414858 1776.298389 1787.821239 1862.256654 1929.184574 1963.423926 2010.572227 2005.070260 1995.916855 1978.242167 2010.780781 2058.873220 2133.578482 2285.094291 2372.817046 2410.462423 2423.635485 2431.719847 2461.013625 2501.842002 2544.333022 2583.218974 2576.500730 2611.647646 2630.687761 2637.499560 2641.321789 2647.877328 2650.100015 2650.907871 2649.693448 2647.539819 2650.110540 2656.362642 2658.015768 2656.825917 2655.099638 2650.721323 2644.184867 2639.436596 2635.272257 2632.817357 2629.956616 2628.169767 2627.708459 2622.817925
-9999.0 1117.557231 1189.891349 1251.986995 1311.626161 1419.518005 1547.089341 1685.608083 1780.482454 1818.906257 1831.623746 1894.031350 1998.366606 2100.740398 2156.231658 2184.002231 2183.110099 2157.710810 2157.199868 2203.655813 2271.932718 2373.546895 2480.655903 2567.337917 2584.856566 2591.933507 2566.947389 2586.777610 2605.291151 2611.007313 2615.276967 2622.716182 2630.497333 2635.924291 2637.127680 2636.761657 2634.471196 2628.835679 2626.160672 2624.887440 2623.345989 2624.469187 2628.434196 2631.148864 2629.706874 2626.837238 2623.051480 2617.769149 2611.526653 2604.755341 2600.421580 2595.896909 2593.123786 2587.261104 2582.136029
-9999.0 1010.912063 1101.693233 1152.516313 1255.453992 1434.119156 1561.934700 1709.675934 1862.163393 1897.896245 1967.227266 2095.973537 2209.192988 2289.643182 2331.400292 2374.865487 2406.302955 2430.982766 2469.244624 2408.392073 2474.122033 2546.117570 2580.241733 2598.303437 2606.347985 2610.933099 2605.871556 2589.443983 2581.963287 2578.020230 2582.057114 2591.326516 2598.318973 2605.226379 2604.746391 2607.065224 2609.000465 2607.113380 2604.644310 2597.784029 2591.594993 2586.905724 2585.804045 2591.799594 2587.813295 2585.517026 2579.834773 2571.612732 2561.844539 2553.681413 2545.185815 2537.594096 2533.819148 2527.049341 2523.945479
-9999.0 930.037627 1005.647865 1086.257306 1216.424574 1380.794883 1500.865344 1665.937618 1884.382028 2008.182745 2146.657338 2228.343435 2305.882567 2366.449445 2429.770863 2483.059329 2512.840542 2527.398430 2515.041190 2532.714856 2501.452137 2497.341724 2518.938695 2549.580839 2567.231231 2574.302965 2568.980381 2561.459049 2556.506221 2557.212279 2557.018841 2555.736305 2554.102248 2552.301025 2550.051924 2553.208561 2558.873836 2553.294373 2544.444834 2536.691370 2529.889536 2522.226853 2517.386482 2514.205054 2514.013813 2514.187695 2506.748048 2496.246738 2485.380702 2476.429726 2467.821615 2461.217276 2456.989148 2450.105062 2439.361449
-9999.0 825.102058 949.826615 1038.700557 1152.555178 1287.349919 1407.630664 1568.481645 1712.751057 1941.118042 2096.684077 2232.431793 2281.880792 2348.851135 2409.154977 2483.043533 2489.700213 2464.667096 2433.464978 2422.565120 2433.623817 2446.473390 2461.067589 2481.590646 2501.459397 2513.425250 2518.450002 2513.186569 2500.774959 2491.286909 2483.565742 2472.675864 2464.900059 2463.360341 2465.355964 2473.690414 2475.778871 2467.312882 2454.940789 2438.819721 2424.932081 2414.575790 2412.468161 2414.612556 2415.153211 2411.413450 2404.717088 2393.686488 2380.493364 2367.488535 2359.256408 2352.543505 2343.628803 2331.093433 2316.980812
-9999.0 -9999.0 871.417525 981.788941 1085.751239 1205.330483 1313.366098 1449.846764 1598.116010 1777.869276 1897.484210 2045.683120 2129.131323 2178.827501 2227.770092 2286.959973 2312.105570 2339.426579 2330.700726 2341.246892 2352.323564 2361.107814 2371.913058 2383.817758 2398.073444 2409.649128 2419.545471 2418.355413 2410.135278 2392.264819 2370.186128 2352.897218 2343.088102 2335.035470 2344.926787 2356.500837 2352.834105 2346.393588 2334.606015 2318.734298 2306.177160 2292.675102 2289.252845 2289.523360 2289.701813 2286.738112 2282.378434 2268.913685 2255.248811 2242.784697 2236.234521 2228.590545 2222.004808 2209.744843 2196.701720
-9999.0 -9999.0 785.867963 893.316679 1004.325825 1126.138366 1221.981684 1279.592336 1427.854639 1541.429211 1648.408585 1752.812340 1842.183782 1910.004231 1953.387666 2017.523493 2066.240653 2086.336148 2116.097822 2156.480609 2187.646786 2221.348047 2243.222195 2256.828640 2271.906321 2286.827247 2296.103218 2284.120556 2273.547000 2256.895913 2234.693942 2209.990082 2196.905536 2193.741540 2194.474064 2198.114874 2191.751356 2182.568501 2168.589365 2154.041882 2141.686729 2131.407900 2127.579813 2123.448244 2121.604923 2118.404979 2115.094037 2106.726541 2095.515551 2087.727093 2078.143530 2071.472536 2067.661924 2060.722191 2051.290807
