tests/Borden05m/data_simulated/sim_1/output-maps/psiliqL0000N0013.asc
ncols         160
nrows         34
xllcorner     620200.000000
yllcorner     5168000.000000
cellsize      0.500000
NODATA_value  -9999.0
[rows 0 to 24 of 34, columns 56 to 111 of 160]
-9999.0 -9999.0 -9999.0 -9999.0 -9999.0 -9999.0 -9999.0 -9999.0 -9999.0 -9999.0 -9999.0 -9999.0 -9999.0 -9999.0 -9999.0 -9999.0 -9999.0 -9999.0 -9999.0 -9999.0 -9999.0 -9999.0 -9999.0 -9999.0 -9999.0 -9999.0 -9999.0 -9999.0 -9999.0 -9999.0 -9999.0 -9999.0 -9999.0 -9999.0 -9999.0 -9999.0 -9999.0 -9999.0 -9999.0 -9999.0 -9999.0 -9999.0 -9999.0 -9999.0 -9999.0 -9999.0 -9999.0 -9999.0 -9999.0 -9999.0 -9999.0 -9999.0 -9999.0 -9999.0 -9999.0 -9999.0
-9999.0 -9999.0 -9999.0 -578.275779 -579.334158 -580.048391 -580.424248 -581.892875 -583.003348 -584.342419 -584.521850 -584.344998 -584.592090 -585.155944 -584.448231 -583.544799 -582.781522 -581.678096 -581.931386 -581.815904 -581.386814 -581.268652 -581.459600 -581.966586 -582.281841 -582.660229 -582.071836 -583.621170 -585.630804 -587.167864 -587.469311 -586.124238 -585.343298 -585.520712 -584.804607 -583.228131 -581.899407 -581.507726 -579.902839 -580.232488 -579.599984 -578.500972 -579.368640 -579.547399 -579.374184 -578.987882 -581.293098 -9999.0 -9999.0 -9999.0 -9999.0 -9999.0 -9999.0 -9999.0 -9999.0 -9999.0
-582.586777 -579.607108 -579.850574 -584.314560 -584.702853 -584.762154 -584.527875 -585.124670 -586.721493 -587.087260 -588.277784 -588.789144 -588.928266 -589.420976 -589.063259 -587.100574 -585.713364 -585.339768 -585.670941 -585.848578 -586.288927 -586.598987 -586.493953 -586.974667 -587.410394 -587.876974 -587.716746 -586.438470 -587.910038 -588.631298 -589.353999 -590.137026 -589.855985 -589.626820 -589.556799 -587.710966 -587.036402 -586.588574 -584.112354 -581.796818 -581.213783 -582.184022 -583.216794 -582.907323 -582.936617 -583.845984 -584.721958 -584.652490 -585.061442 -585.216376 -586.086929 -584.735248 -584.802086 -583.305701 -582.062367 -580.612387
-586.599694 -583.164305 -583.429726 -586.767013 -588.748068 -589.322653 -588.875624 -587.453909 -587.988010 -589.149943 -590.918678 -588.948714 -589.236495 -589.432213 -589.091851 -588.441318 -588.209159 -587.912856 -587.478604 -585.716939 -585.880916 -586.045340 -585.950880 -586.251891 -586.812989 -586.744943 -587.040118 -588.529410 -588.273896 -587.898968 -588.226418 -586.753262 -586.683144 -585.839977 -588.455234 -588.053611 -587.468021 -587.073665 -586.805767 -586.472306 -585.956465 -587.094189 -586.263869 -587.118803 -589.063370 -589.477357 -589.237773 -587.550863 -586.674513 -587.646907 -591.195960 -589.326405 -585.381827 -585.730755 -586.402953 -584.512570
-588.866780 -588.215315 -588.701912 -590.080204 -588.712431 -587.607419 -586.904642 -587.534190 -588.812437 -590.358034 -587.175613 -585.903738 -586.645832 -586.294581 -585.378828 -585.346343 -589.325675 -590.364434 -588.856649 -587.282290 -586.629654 -587.369966 -587.724832 -588.394081 -588.374015 -587.938830 -588.351750 -587.724547 -587.198735 -587.885929 -586.885512 -585.752386 -584.645159 -587.141745 -589.378087 -589.252634 -587.412476 -586.096119 -585.455987 -583.553514 -580.517963 -581.041890 -581.711688 -581.983471 -582.248198 -585.743873 -588.928185 -590.163641 -590.685120 -591.606665 -590.839938 -591.515382 -588.381277 -588.649416 -589.180585 -587.689930
-591.718642 -587.891785 -586.970940 -589.129023 -590.277481 -590.782543 -590.436677 -590.866332 -590.818135 -588.019939 -586.547059 -583.955566 -584.978098 -584.917203 -585.018692 -587.701944 -589.701487 -591.084047 -587.025253 -583.808091 -582.786422 -583.699168 -584.454085 -581.500394 -582.380126 -582.754269 -584.507846 -583.882969 -584.160343 -581.059628 -579.902183 -578.281860 -578.923867 -581.977033 -584.525263 -584.661934 -584.418602 -584.781877 -584.100742 -582.202627 -579.764027 -581.585220 -582.344624 -582.102867 -587.405154 -591.478241 -592.814388 -589.838321 -588.128181 -588.405383 -588.101679 -587.940741 -590.061739 -589.546817 -589.310627 -590.326189
-584.126568 -582.013913 -578.348769 -580.889459 -582.635743 -585.767439 -585.414969 -585.051424 -584.020180 -582.583053 -579.797461 -574.312375 -575.505888 -575.176856 -573.302947 -576.323810 -579.115443 -583.368556 -578.686409 -577.666180 -576.145207 -576.401018 -572.726921 -569.430193 -571.468849 -574.236530 -577.516401 -575.535590 -571.178757 -567.100494 -566.182946 -565.737944 -564.954517 -567.875971 -568.611591 -569.238870 -568.963288 -570.962608 -570.929812 -567.866810 -562.518837 -561.898965 -564.511627 -569.551579 -577.066471 -583.770906 -587.343600 -583.123375 -584.346330 -584.885106 -584.160899 -586.749904 -588.230534 -585.970452 -587.940925 -589.463085
-582.258302 -580.169445 -575.988194 -577.806700 -581.103933 -584.579969 -584.508837 -582.422362 -581.444435 -577.433470 -571.643448 -564.803975 -560.788793 -557.009171 -552.791960 -556.048071 -559.519860 -563.464091 -562.815359 -558.200722 -553.483071 -547.609477 -540.741627 -533.045793 -534.865747 -538.664805 -538.933009 -537.304913 -529.216246 -521.201087 -517.668949 -515.237033 -510.416888 -513.522096 -519.219984 -525.485496 -531.481360 -536.550708 -540.496790 -533.818766 -526.220024 -527.715207 -541.738510 -552.658024 -563.289845 -572.551055 -581.949684 -581.842690 -580.160680 -578.623087 -581.965551 -583.506889 -586.497974 -587.096327 -586.739732 -590.010911
-562.836916 -557.389181 -550.825807 -547.781013 -554.004091 -554.836298 -552.601411 -547.869794 -546.067970 -540.278975 -522.649714 -489.895614 -454.083430 -429.248097 -425.188993 -432.429973 -443.230527 -461.525608 -471.839104 -456.728899 -440.583739 -427.977466 -420.229750 -413.940510 -409.368283 -409.654121 -409.582377 -408.352298 -406.950626 -403.978330 -400.173521 -396.151365 -391.389225 -389.640155 -395.298328 -400.870220 -406.763464 -412.107215 -413.452348 -415.188001 -412.180458 -412.596758 -423.823527 -445.836553 -483.455068 -517.731648 -537.479994 -550.490087 -550.685941 -556.273280 -560.682367 -565.568315 -575.718983 -578.441537 -579.919264 -587.817802
-518.160312 -490.798502 -468.508212 -447.776441 -444.330325 -440.063057 -436.346340 -430.653917 -425.839569 -421.820297 -404.020730 -379.431756 -352.780603 -330.146009 -321.481309 -329.493100 -338.555044 -348.883257 -357.584811 -357.156401 -345.946230 -332.378916 -319.407154 -311.014999 -308.029248 -309.425236 -309.281591 -308.515792 -306.130275 -304.775572 -301.368097 -295.900424 -286.532946 -274.683693 -276.859068 -291.430088 -303.107073 -316.926283 -323.264346 -326.700624 -332.060473 -332.809250 -333.035521 -352.790374 -374.394755 -397.331854 -417.354416 -432.072055 -457.491185 -484.691044 -505.496496 -532.945236 -552.176001 -565.659281 -574.527875 -582.583040
-406.314141 -386.102426 -364.982076 -351.377135 -345.348504 -342.216521 -338.231207 -331.949472 -326.610499 -319.390380 -304.236523 -273.638659 -238.708141 -205.961281 -198.526951 -205.645818 -215.083188 -227.129289 -233.675529 -237.341334 -232.833251 -224.459750 -213.411154 -202.240811 -192.698715 -190.384492 -190.526043 -190.828006 -191.100487 -188.819067 -187.561488 -184.958045 -175.276279 -168.186162 -163.786881 -174.316419 -188.018624 -204.371036 -215.429617 -229.009288 -237.608357 -239.765590 -239.874953 -240.585250 -259.433571 -288.726338 -325.977689 -351.244472 -370.935454 -382.940464 -394.568972 -403.766820 -425.426502 -441.808392 -480.331069 -516.912235
-319.984920 -296.135830 -270.027755 -250.651434 -238.884811 -233.856975 -224.168206 -215.577459 -207.714213 -196.297457 -182.455134 -163.036428 -133.994921 -72.061074 -54.381647 -56.654344 -64.793808 -107.667906 -80.596894 -113.748118 -112.827375 -76.442773 -73.111752 -60.201772 -76.600878 -42.519483 -43.429779 -44.300783 -72.257477 -42.269558 -42.657912 -72.594026 -40.878305 -66.189325 -34.058116 -66.590092 -48.394561 -65.763904 -84.197158 -129.928947 -140.628112 -146.035056 -147.652081 -150.382748 -159.690917 -183.474007 -219.523033 -254.181635 -279.295416 -296.986243 -309.243551 -317.370550 -323.581444 -335.985924 -358.722897 -388.788834
-218.577858 -197.554105 -175.670973 -153.044610 -132.216952 -119.575786 -75.844834 -71.122257 -61.153324 -46.093448 -58.355890 -22.519175 -11.756030 5.616956 13.706064 19.252176 20.656728 21.258622 23.235089 23.121881 23.357167 23.710197 24.312169 24.341268 26.773613 27.296142 27.143455 27.189824 27.595744 27.571945 27.701873 27.336876 25.673965 25.548316 25.553793 25.514897 23.377154 15.759220 2.072403 -10.734118 -15.251526 -22.351300 -30.258540 -38.738826 -47.370792 -59.351796 -118.746571 -155.321460 -187.621829 -206.776539 -215.840367 -221.533273 -226.172136 -238.991772 -257.964874 -282.322459
-75.923992 -63.680508 -48.237505 -53.135516 -12.417771 -4.540619 4.085972 7.424766 17.408341 26.629529 28.465742 28.810623 28.342711 28.514847 28.920321 28.540581 28.338688 26.541363 26.595668 25.464479 20.239337 12.043776 13.252973 14.187177 16.581605 19.583157 18.226065 18.670053 21.739940 20.242089 15.469638 12.474435 10.735092 10.926274 17.232210 19.998314 20.642628 21.347585 20.814272 20.676889 20.668081 20.520360 20.501567 20.385067 15.626005 7.958330 -10.335326 -36.151966 -63.569122 -116.190099 -129.754253 -130.216240 -134.232355 -140.919088 -161.246392 -190.745531
9.679353 19.983310 29.794212 29.797711 29.671373 29.614335 30.761095 32.757393 31.839123 28.890239 25.256423 21.148234 20.313386 19.090308 16.734058 17.602481 15.938031 12.450821 9.330708 4.746324 -5.997553 -17.529011 -18.948669 -14.512334 -9.709617 -6.647579 -3.657077 0.392048 1.678950 -5.493869 -10.720434 -17.135304 -19.315129 -13.404770 -34.202548 -3.744503 -30.095328 -4.912953 -6.502092 -6.324839 -7.845018 -7.545031 -1.619295 10.213638 17.732467 17.636869 17.583040 17.545754 17.448345 -2.736925 -20.974294 -18.411377 -22.115521 -32.173990 -59.361472 -110.161255
23.474615 23.243592 20.964646 15.541430 10.782680 10.099613 13.963512 19.847744 21.687523 15.217898 8.390329 2.176861 -3.861079 -29.259173 -7.117212 -8.531811 -8.095023 -13.184962 -19.500807 -33.972232 -80.265064 -97.352093 -105.041100 -106.184429 -100.268951 -91.070340 -79.654189 -53.980242 -43.611005 -84.397512 -98.928879 -108.169428 -108.902089 -107.115421 -102.196848 -89.656553 -89.544742 -86.116020 -88.679368 -90.653681 -94.629827 -93.701683 -80.762192 -33.098164 -19.618404 -8.706413 -1.771784 4.757355 10.151877 17.032494 16.978944 16.952215 16.828442 12.813645 0.628247 -16.754562
9.608432 4.167475 0.459217 -7.472820 -13.048668 -13.889424 -11.087887 -6.977543 -10.025073 -15.424557 -24.890314 -36.863689 -80.379590 -93.646875 -92.759154 -91.328711 -91.483429 -97.599281 -111.669606 -130.106058 -149.048227 -165.268737 -170.168473 -174.395953 -175.903159 -164.647118 -147.974685 -138.781363 -148.132201 -161.446028 -176.558837 -185.091848 -188.041311 -186.883559 -178.794828 -162.469091 -147.867701 -146.926286 -154.656252 -161.975324 -165.378545 -165.534241 -154.719005 -130.186283 -109.320127 -94.048755 -79.920375 -41.929724 -33.752673 -24.875691 -15.117291 -3.944139 5.435409 15.774644 16.065499 15.999214
-13.844995 -21.785980 -36.081560 -69.518828 -80.369202 -86.092649 -89.135303 -91.341502 -97.367768 -103.700818 -113.473770 -126.683494 -143.350192 -158.767526 -162.833241 -165.173158 -163.722793 -174.741760 -186.532319 -206.418956 -222.423010 -237.663159 -245.370891 -250.416658 -254.831497 -246.461607 -229.782663 -219.693638 -234.345703 -245.064021 -258.880902 -265.796330 -269.109901 -268.480178 -260.364075 -239.308483 -222.412459 -217.176935 -224.988011 -231.764990 -234.569145 -234.211958 -227.825090 -210.088408 -188.968220 -168.790250 -152.804748 -138.647526 -128.727605 -117.413254 -101.974803 -83.524303 -39.348691 -23.692495 -7.288156 5.081433
-85.704046 -97.512863 -109.820749 -125.196825 -138.062989 -145.119826 -145.558970 -152.652121 -159.032981 -168.243161 -206.535159 -221.342545 -238.271195 -252.283664 -257.122563 -263.853315 -266.864859 -275.979155 -283.076846 -294.145292 -308.036749 -321.787407 -333.125237 -336.161246 -338.866414 -341.172350 -331.990537 -327.993736 -331.048148 -337.298634 -343.911154 -347.498235 -349.619794 -346.653603 -336.590916 -326.689844 -317.244175 -313.340596 -318.652056 -314.552136 -309.585711 -309.438789 -295.838551 -282.612811 -265.880203 -245.766448 -224.539622 -212.392515 -202.701008 -191.383128 -175.186479 -156.334321 -134.102717 -109.538506 -81.421171 -35.331682
-139.202344 -153.131851 -167.727834 -181.373204 -194.308748 -205.906930 -206.043928 -210.081819 -215.865551 -244.881839 -282.748061 -309.134079 -323.559463 -339.489502 -346.694585 -353.905451 -371.332742 -382.028148 -388.358980 -387.609805 -395.725027 -406.348845 -414.391488 -417.494057 -419.370826 -424.294850 -425.848450 -423.912621 -419.277878 -423.702248 -426.521341 -425.587826 -427.100904 -427.659283 -422.218047 -414.575634 -410.291676 -405.792736 -401.409277 -398.598301 -393.927405 -376.308958 -364.646414 -353.603229 -338.270061 -320.665358 -301.412921 -285.228222 -274.314333 -261.665681 -243.950120 -227.450089 -205.978572 -181.461972 -151.904835 -128.690828
-204.539530 -221.774076 -236.523396 -251.189304 -266.104144 -285.222754 -287.442709 -293.963917 -303.471858 -336.234195 -367.442652 -391.887911 -406.116841 -419.582910 -428.263496 -448.158745 -484.215269 -504.404177 -504.597022 -500.005986 -505.605746 -518.552830 -528.050469 -533.940144 -539.417318 -546.438028 -550.317324 -546.606805 -542.647815 -543.156412 -543.620277 -542.334780 -542.615849 -542.971889 -542.262848 -534.752815 -529.361724 -523.308210 -517.992410 -513.252563 -489.317850 -458.228486 -435.973624 -420.027173 -407.012786 -390.442178 -371.268176 -355.599636 -344.425254 -330.072314 -314.041757 -296.336056 -277.065464 -252.993193 -224.330852 -200.986984
-267.790643 -290.490031 -308.440935 -326.390339 -352.238370 -363.859736 -371.554972 -378.223463 -398.090487 -421.902743 -452.340186 -493.296080 -517.347377 -532.711535 -544.338362 -555.302787 -563.917870 -568.904242 -565.764457 -564.138761 -561.359520 -565.905677 -569.465425 -570.289839 -573.427720 -576.175863 -579.817508 -576.866065 -575.601990 -572.200442 -572.616898 -572.572257 -571.033476 -571.820683 -572.030563 -574.140780 -571.618120 -570.205707 -568.501775 -561.989807 -555.231570 -547.291330 -538.819226 -526.919837 -508.738988 -478.436782 -442.191158 -419.573765 -406.320381 -392.035637 -374.832963 -359.474016 -344.503979 -326.032087 -302.760262 -281.505269
-347.852860 -363.935510 -381.277185 -403.809148 -429.283854 -455.767641 -469.915595 -499.881644 -523.108815 -545.665211 -556.880406 -562.516938 -567.931533 -571.767897 -574.626103 -579.218975 -582.325428 -587.042993 -585.170371 -582.659707 -578.975644 -582.095913 -582.554552 -581.887170 -583.656133 -585.494802 -588.549679 -588.072516 -585.655473 -582.738374 -582.950537 -582.395012 -580.696444 -580.649351 -581.980166 -584.722735 -584.069305 -582.366102 -580.723877 -577.319278 -574.088597 -570.796683 -567.814096 -563.320857 -557.577723 -550.553100 -539.623148 -523.119127 -506.059743 -474.640069 -437.651886 -418.009353 -408.173815 -396.041448 -375.459492 -359.443792
-417.234775 -432.290677 -462.385644 -508.475455 -537.265416 -555.514130 -563.960774 -570.789987 -576.734229 -578.966393 -581.008535 -583.235486 -585.036940 -586.942672 -588.659426 -590.041519 -592.267600 -596.888032 -594.965069 -592.332313 -589.297476 -589.228313 -589.542037 -589.266264 -589.948062 -591.994273 -595.713800 -594.175101 -591.972403 -589.974367 -589.395156 -589.039073 -587.775793 -588.686897 -590.551643 -593.272783 -592.149685 -590.130721 -589.046069 -587.639349 -585.525055 -583.248627 -580.965345 -578.235209 -575.379244 -571.365011 -566.586231 -560.753615 -553.848533 -545.139165 -532.035131 -521.756527 -508.344324 -490.726477 -459.656460 -432.262229
-528.515967 -542.105739 -552.565433 -562.075178 -571.354235 -575.849710 -579.626274 -582.721635 -585.896307 -587.769250 -589.232861 -588.366025 -588.996738 -591.061893 -590.883896 -591.936801 -595.639323 -594.306508 -593.233725 -590.212312 -590.769110 -590.940471 -591.655274 -591.155310 -591.630610 -595.239167 -593.442150 -592.673604 -590.603330 -590.268254 -589.859423 -589.542008 -589.170528 -589.604402 -592.169513 -591.651634 -590.992096 -589.107552 -589.105994 -588.376759 -586.211218 -585.618016 -584.318985 -582.424121 -580.371458 -577.853914 -574.697269 -570.144493 -565.306503 -560.476090 -558.851869 -555.290087 -552.084481 -554.316855 -547.088852 -538.181527
