tests/Borden05m/data_simulated/sim_1/output-maps/psiliqL0008N0018.asc
ncols         160
nrows         34
xllcorner     620200.000000
yllcorner     5168000.000000
cellsize      0.500000
NODATA_value  -9999.0
[rows 0 to 24 of 34, columns 0 to 56 of 160]
-9999.0 -9999.0 -9999.0 -9999.0 -9999.0 -9999.0 -9999.0 -9999.0 -9999.0 -9999.0 -9999.0 -9999.0 -9999.0 -9999.0 -9999.0 -9999.0 -9999.0 -9999.0 -9999.0 -9999.0 -9999.0 -9999.0 -9999.0 -9999.0 -9999.0 -9999.0 -9999.0 -9999.0 -9999.0 -9999.0 -9999.0 -9999.0 -9999.0 -9999.0 -9999.0 -9999.0 -9999.0 -9999.0 -9999.0 -9999.0 -9999.0 -9999.0 -9999.0 -9999.0 -9999.0 -9999.0 -9999.0 -9999.0 -9999.0 -9999.0 -9999.0 -9999.0 -9999.0 -9999.0 -9999.0 -9999.0 -9999.0
-9999.0 -9999.0 -9999.0 -9999.0 -9999.0 -9999.0 -9999.0 -9999.0 -9999.0 -9999.0 -9999.0 -9999.0 -9999.0 -9999.0 -9999.0 -9999.0 -9999.0 -9999.0 -9999.0 -9999.0 -9999.0 -9999.0 -9999.0 -9999.0 -9999.0 -9999.0 -9999.0 -9999.0 -9999.0 -9999.0 -9999.0 -9999.0 -9999.0 -9999.0 -9999.0 -9999.0 -9999.0 -9999.0 -9999.0 -9999.0 -9999.0 -9999.0 -9999.0 -9999.0 -9999.0 -9999.0 -9999.0 -9999.0 -9999.0 -9999.0 -9999.0 -9999.0 -9999.0 -9999.0 -9999.0 -9999.0 -9999.0
-9999.0 -9999.0 -9999.0 -9999.0 -9999.0 -9999.0 -9999.0 -9999.0 -9999.0 -9999.0 -9999.0 -9999.0 -9999.0 -9999.0 -9999.0 -9999.0 -9999.0 -9999.0 -9999.0 -9999.0 -9999.0 -9999.0 -9999.0 -9999.0 -9999.0 -9999.0 -9999.0 -9999.0 -9999.0 -9999.0 -9999.0 -9999.0 -9999.0 -9999.0 -9999.0 -9999.0 -9999.0 -9999.0 -9999.0 -9999.0 -9999.0 -9999.0 -9999.0 -9999.0 -9999.0 -9999.0 -9999.0 -316.833583 -334.409338 -351.321301 -352.984572 -330.151233 -306.915982 -283.415583 -263.084620 -244.536183 -225.594338
-9999.0 -9999.0 -9999.0 -9999.0 -9999.0 -9999.0 -9999.0 -9999.0 -9999.0 -9999.0 -9999.0 -9999.0 -9999.0 -9999.0 -9999.0 -9999.0 -9999.0 -9999.0 -9999.0 -9999.0 -9999.0 -9999.0 -9999.0 -9999.0 -9999.0 -9999.0 -9999.0 -9999.0 -9999.0 -9999.0 -9999.0 -9999.0 -9999.0 -9999.0 -9999.0 -9999.0 -9999.0 -9999.0 -9999.0 -9999.0 -269.258926 -263.455760 -261.867320 -272.873407 -284.312053 -296.177192 -316.137024 -334.132884 -349.912443 -352.942641 -350.465962 -344.712508 -321.662262 -297.607985 -278.328054 -261.020920 -241.983706
-9999.0 -9999.0 -9999.0 -9999.0 -9999.0 -9999.0 -9999.0 -9999.0 -9999.0 -9999.0 -9999.0 -9999.0 -9999.0 -9999.0 -9999.0 -9999.0 -9999.0 -9999.0 -9999.0 -9999.0 -9999.0 -9999.0 -9999.0 -9999.0 -9999.0 -9999.0 -9999.0 -9999.0 -9999.0 -9999.0 -9999.0 -9999.0 -9999.0 -9999.0 -360.928005 -343.362683 -325.374384 -307.251712 -290.855329 -284.413906 -278.610627 -272.871302 -276.993961 -281.988305 -293.456600 -312.086355 -331.964498 -346.454454 -349.330904 -352.116168 -347.818503 -334.734947 -318.221231 -301.896293 -281.116075 -258.204578 -249.144246
-9999.0 -9999.0 -9999.0 -9999.0 -9999.0 -9999.0 -9999.0 -9999.0 -9999.0 -9999.0 -9999.0 -9999.0 -9999.0 -9999.0 -9999.0 -9999.0 -9999.0 -9999.0 -9999.0 -9999.0 -9999.0 -9999.0 -9999.0 -9999.0 -9999.0 -9999.0 -9999.0 -9999.0 -355.970625 -362.019858 -367.396359 -369.112813 -370.623601 -372.033205 -365.168549 -352.854821 -334.603480 -313.330255 -300.776276 -293.835836 -287.508138 -286.857745 -291.808544 -294.219361 -294.262031 -306.085625 -317.868399 -328.917386 -339.531769 -340.801785 -331.355929 -317.711127 -301.918603 -287.343365 -272.200082 -259.010362 -243.590233
-9999.0 -9999.0 -9999.0 -9999.0 -9999.0 -9999.0 -9999.0 -9999.0 -9999.0 -9999.0 -9999.0 -9999.0 -9999.0 -9999.0 -9999.0 -9999.0 -9999.0 -9999.0 -9999.0 -9999.0 -9999.0 -9999.0 -9999.0 -384.906820 -378.858962 -372.509613 -365.345906 -364.657625 -369.179213 -375.096659 -378.549906 -380.379446 -382.157445 -377.982882 -369.661515 -356.052562 -340.255886 -318.872397 -310.469714 -303.928677 -291.628982 -289.688488 -285.294705 -281.551389 -283.620295 -286.424844 -298.401614 -307.229630 -301.443161 -295.282949 -289.048277 -281.769661 -268.917944 -253.230433 -235.245924 -214.171570 -191.909773
-9999.0 -9999.0 -9999.0 -9999.0 -9999.0 -9999.0 -9999.0 -9999.0 -9999.0 -9999.0 -9999.0 -9999.0 -9999.0 -9999.0 -9999.0 -9999.0 -9999.0 -9999.0 -9999.0 -409.537885 -408.848456 -408.044781 -403.657016 -402.786823 -400.680627 -393.824835 -385.861774 -384.028489 -385.800160 -387.740689 -386.439080 -384.014707 -380.076293 -368.700369 -354.977612 -340.968547 -326.909964 -306.222033 -291.620174 -277.762137 -261.739552 -263.421609 -268.185123 -270.648145 -270.426147 -269.857255 -263.545484 -259.620996 -253.822988 -247.628596 -240.350070 -231.358163 -220.446643 -201.442707 -180.176338 -158.329035 -137.103517
-9999.0 -9999.0 -9999.0 -9999.0 -9999.0 -9999.0 -9999.0 -9999.0 -9999.0 -9999.0 -9999.0 -9999.0 -9999.0 -9999.0 -9999.0 -9999.0 -437.617355 -435.904062 -434.012321 -428.854361 -426.629502 -422.903651 -416.273416 -415.468140 -411.806311 -404.919838 -400.112968 -391.841825 -384.253510 -377.120029 -371.401623 -368.914798 -361.300850 -351.743755 -339.925137 -324.276821 -302.372217 -279.787813 -263.518172 -246.875601 -230.111862 -229.915077 -231.264393 -230.284092 -229.366779 -220.886554 -201.969562 -194.951046 -190.408387 -170.174294 -154.690164 -148.262046 -139.970408 -120.421849 -94.161383 -63.858115 -27.160296
-9999.0 -9999.0 -9999.0 -9999.0 -9999.0 -9999.0 -9999.0 -9999.0 -9999.0 -9999.0 -9999.0 -9999.0 -9999.0 -481.552927 -477.523159 -468.593075 -460.766557 -458.816053 -455.210270 -449.822713 -437.911260 -434.669602 -428.686383 -421.275476 -410.163494 -401.893456 -392.844222 -381.242460 -372.916962 -365.857958 -358.840298 -352.183874 -338.412088 -322.954986 -306.912912 -286.515893 -264.779445 -243.320672 -221.697378 -206.143557 -191.255739 -187.078783 -188.716688 -186.788097 -177.792371 -157.985848 -136.761646 -121.569429 -96.684706 -69.631127 -52.226909 -36.537292 -25.107089 -9.904214 14.662737 56.248830 97.974604
-9999.0 -9999.0 -9999.0 -9999.0 -9999.0 -9999.0 -9999.0 -9999.0 -9999.0 -9999.0 -516.762128 -514.238161 -517.849800 -517.112106 -512.760441 -501.182275 -488.350443 -481.666340 -470.791506 -450.583948 -433.797482 -430.556188 -415.883353 -406.175585 -399.832165 -389.262766 -376.233777 -363.260618 -345.905458 -333.198954 -320.345001 -299.357560 -282.707170 -266.130246 -248.191957 -228.005251 -205.959890 -174.196512 -144.860946 -128.427365 -101.583076 -84.961253 -87.051078 -85.923415 -76.314367 -55.104500 -26.294346 6.299196 34.782437 66.532782 90.840356 107.848677 120.642398 135.194625 152.598603 185.557117 224.707420
-9999.0 -9999.0 -9999.0 -9999.0 -9999.0 -9999.0 -9999.0 -9999.0 -540.520726 -533.888152 -527.706645 -530.927115 -535.891329 -539.244521 -526.567348 -511.035371 -495.404423 -478.781383 -463.134716 -445.600380 -430.119806 -413.616949 -394.506234 -382.770558 -370.972842 -355.880397 -342.198958 -324.114034 -302.607681 -287.371681 -267.571858 -244.928942 -224.464278 -205.435468 -185.805887 -165.683921 -133.992666 -95.513086 -57.966621 -27.577472 5.849092 35.586460 38.605882 43.990847 51.445233 81.857261 116.427179 150.689821 180.856772 210.757302 240.742042 257.937840 268.958364 282.010850 297.760131 313.925162 338.415900
-9999.0 -9999.0 -9999.0 -9999.0 -9999.0 -9999.0 -565.862850 -541.922204 -527.395511 -535.349858 -543.435532 -546.883490 -550.468827 -531.942604 -510.962281 -494.479249 -478.148445 -461.168327 -445.159825 -430.333540 -394.979790 -378.791962 -363.713941 -343.675405 -329.656415 -315.579279 -298.021441 -273.937249 -249.845431 -215.471433 -183.068719 -153.153322 -123.459625 -100.411424 -78.312520 -54.511391 -16.487475 28.337811 71.746174 106.982826 138.266938 169.801005 180.849111 188.147478 197.527149 216.769636 246.934390 277.199338 311.334055 343.544135 368.654730 380.378866 390.630789 401.969869 415.569130 429.259084 444.229140
-9999.0 -9999.0 -9999.0 -9999.0 -598.992761 -578.195613 -557.719972 -527.037202 -504.632732 -510.278358 -503.071573 -502.621549 -503.989789 -501.849754 -496.491635 -478.878707 -461.533716 -444.019311 -425.229854 -386.930470 -345.253440 -328.132606 -300.616238 -267.826526 -253.179674 -237.711887 -221.440976 -196.808627 -164.456993 -124.977263 -71.570062 -24.329876 8.800304 37.637668 63.283036 91.027977 127.415043 167.517481 205.526747 240.610972 271.207281 296.067516 311.076177 319.965127 331.765759 346.619530 366.124044 392.244423 421.722960 453.941441 479.824649 495.029075 503.312190 513.617478 525.221587 539.551431 555.125816
-9999.0 -9999.0 -9999.0 -645.423361 -607.118655 -570.573066 -543.159760 -512.368685 -481.034942 -474.592078 -466.503345 -459.921828 -453.108107 -444.158522 -433.969283 -417.818681 -404.081774 -391.788697 -370.803120 -333.632456 -296.413578 -260.512627 -225.947258 -192.606347 -167.042397 -149.129004 -130.071104 -102.253963 -56.997391 -9.495443 50.334901 110.670448 152.609742 180.144597 201.855763 228.335000 252.800825 287.027398 320.772243 352.280551 382.651736 407.501227 428.333642 438.238215 447.258709 456.390257 473.463933 494.394012 516.198162 545.860491 574.645346 596.468299 608.727407 617.126166 631.772654 646.575296 658.896366
-9999.0 -9999.0 -691.593233 -654.911137 -619.524594 -567.686123 -515.352035 -482.152895 -441.407290 -415.992820 -408.634877 -389.525616 -372.090885 -363.134110 -345.653540 -327.911604 -314.832294 -311.501421 -298.632243 -261.123894 -204.126064 -149.793814 -110.811580 -48.571503 -10.520669 15.878609 32.618256 61.381401 98.248663 146.325341 198.389898 248.965571 289.075447 320.515688 335.795713 353.349903 376.347121 399.025993 430.014978 458.151116 485.941268 511.626351 535.189066 547.819503 553.950685 568.576553 589.554637 611.430239 632.634886 653.239302 666.711010 671.727583 674.102515 675.595633 677.638961 679.173496 680.084005
-9999.0 -9999.0 -716.267465 -672.508669 -629.330803 -558.578185 -483.526714 -445.725442 -402.400790 -357.919536 -338.297656 -313.969975 -293.374664 -273.499045 -248.451525 -223.299666 -218.223458 -214.668602 -213.809878 -155.593381 -89.547258 -16.036576 61.152805 125.005480 165.585346 176.307487 184.645427 203.875758 230.189003 275.587542 328.178599 381.223682 425.401704 455.278340 470.572830 486.500113 506.861315 527.635853 545.519015 578.112632 597.635254 620.544181 644.538575 664.327115 672.050418 673.829166 670.538021 674.091146 676.526613 677.761869 678.155392 675.120217 674.462880 675.094013 676.053264 671.066321 664.057118
-9999.0 -802.159677 -750.446851 -696.052347 -625.050689 -555.064695 -468.069443 -386.492624 -336.474821 -293.800725 -264.036229 -241.598000 -183.591278 -130.126622 -100.076365 -68.087999 -69.030060 -69.700554 -75.730250 -26.676526 37.592323 131.347929 244.797002 296.506762 325.648150 326.547971 321.916499 335.761828 362.537894 405.943736 471.519163 520.181460 567.189525 601.051874 613.361728 618.274975 633.905447 652.500954 659.836022 669.289602 672.750141 676.633426 675.900189 677.583532 678.288290 678.275717 674.957111 668.469244 660.028690 653.257505 648.458468 643.413597 645.465522 648.393432 649.112379 641.593537 631.976757
-9999.0 -835.882015 -775.457700 -702.604228 -630.117334 -550.984825 -436.514860 -308.325032 -261.060439 -224.797619 -191.038259 -138.128612 -43.570022 30.436416 70.548739 112.255180 110.147315 100.263557 99.673750 137.783923 195.593591 272.048347 392.489192 466.133372 471.489572 476.211142 481.256431 503.608236 536.004696 570.689922 606.967450 631.884596 648.635186 656.855517 660.243918 661.989526 664.310809 665.513565 663.330344 659.862118 654.710481 654.602592 659.927920 660.315738 657.020759 652.885194 646.307359 637.341943 629.031620 620.439111 615.217631 610.809357 608.640503 608.526204 604.030084 597.491393 586.971832
-9999.0 -859.072484 -790.276809 -724.137775 -648.663341 -521.274752 -398.823798 -269.431321 -177.832526 -134.836502 -78.245449 18.332836 117.924282 202.260995 247.370620 270.378970 280.559570 274.201030 291.420155 339.566963 407.312876 487.634198 548.668505 602.909626 601.404896 593.257934 581.253220 585.337973 593.233446 602.226447 615.364181 628.558254 641.138702 648.565389 649.470232 646.906489 642.610410 635.342914 630.442455 626.562571 620.884050 620.207410 625.491281 626.351186 621.455171 614.325997 607.471079 599.754780 591.291006 581.873103 576.033341 570.875014 567.913605 562.950610 557.774669 551.209359 537.556046
-9999.0 -943.931268 -860.839042 -797.704380 -659.385708 -494.802991 -370.529193 -213.818117 -71.894725 -12.753714 86.432572 191.805698 280.421917 340.465301 379.213554 418.824499 445.977257 472.087780 507.140122 516.774241 570.870172 610.719708 623.602757 625.624362 611.653661 599.146861 584.731662 564.677424 556.966763 556.259117 566.679061 583.494262 597.335910 610.229867 609.877471 608.018060 606.228418 602.188900 598.356495 589.895488 581.277104 575.763630 575.617412 580.754026 574.021473 568.139667 560.506343 551.307097 541.383182 532.073526 523.371325 515.832151 512.277976 506.204619 504.272825 496.538182 470.483376
-9999.0 -1024.572540 -945.390830 -838.527119 -684.355595 -520.525831 -370.333460 -193.920413 8.678101 122.603503 222.286051 276.233112 340.573120 401.586565 460.968634 496.526361 515.648552 523.876122 527.990486 538.828554 524.922735 531.333586 550.383710 570.101977 569.337427 562.265937 547.590464 534.641239 529.119665 531.992368 536.783225 542.886231 548.177947 551.565920 550.072934 550.642278 553.885444 548.034323 540.374233 532.790251 525.706179 517.922687 512.937060 509.888739 507.015173 505.251320 496.916256 485.940206 474.899609 466.114098 457.696750 451.214332 448.529344 443.612429 436.839352 425.803696 399.245649
-9999.0 -1109.546238 -995.637049 -891.078891 -752.939109 -611.637886 -471.644226 -298.447028 -127.954395 91.699994 258.277412 308.623050 336.931696 379.741151 436.595289 491.625512 497.329377 469.985570 446.672408 438.069878 447.076422 462.767734 479.179866 497.374558 507.095899 509.426507 505.774457 496.219657 483.923821 478.638681 477.617524 473.740547 471.522852 473.800879 474.080726 479.588922 482.275757 473.334167 461.320469 446.833221 434.009213 424.398169 421.222599 421.643780 420.647824 416.858324 409.328090 398.988879 386.658372 375.391316 367.206304 361.342660 355.003349 346.251349 336.405525 325.245304 300.406787
-9999.0 -9999.0 -1064.145388 -951.587320 -834.432090 -704.579196 -573.177025 -413.374570 -252.115588 -51.172514 74.339781 172.722194 226.899566 266.950049 317.202107 363.472438 374.330471 385.211054 364.425022 367.428868 375.189929 383.628096 395.133645 406.811068 416.906230 422.702321 426.298342 423.668767 415.242539 401.832812 386.944322 376.351070 370.607968 366.442383 374.726147 385.201263 383.461056 377.133805 366.075967 351.396813 338.869650 326.068995 322.372690 322.760906 322.353472 319.060082 313.742052 301.259551 288.559717 276.099356 269.993062 263.785738 257.754948 246.986781 235.608924 222.489051 199.135340
-9999.0 -9999.0 -1145.631373 -1033.821236 -911.518006 -784.526748 -674.509604 -562.216096 -399.277997 -272.107267 -164.571330 -69.098964 9.073510 67.948773 112.318053 165.664139 193.707490 206.040728 214.653887 232.282020 254.178142 275.670116 290.370191 302.528135 314.256158 324.164114 331.625159 321.557846 311.669359 297.054399 278.976911 259.487721 249.483950 245.049380 249.018327 255.702065 251.008313 241.461778 227.680181 211.672867 198.572589 186.269360 181.904697 179.434409 178.342320 175.273707 171.433585 161.549726 148.930795 139.541544 130.939285 123.683545 119.343473 110.656953 99.441640 90.395686 68.929562
