tests/Borden05m/data_simulated/sim_1/output-maps/psiliqL0009N0008.asc
ncols         160
nrows         34
xllcorner     620200.000000
yllcorner     5168000.000000
cellsize      0.500000
NODATA_value  -9999.0
[rows 0 to 25 of 34, columns 57 to 113 of 160]
-9999.0 -9999.0 -9999.0 -9999.0 -9999.0 -9999.0 -9999.0 -9999.0 -9999.0 -9999.0 -9999.0 -9999.0 -9999.0 -9999.0 -9999.0 -9999.0 -9999.0 -9999.0 -9999.0 -9999.0 -9999.0 -9999.0 -9999.0 -9999.0 -9999.0 -9999.0 -9999.0 -9999.0 -9999.0 -9999.0 -9999.0 -9999.0 -9999.0 -9999.0 -9999.0 -9999.0 -9999.0 -9999.0 -9999.0 -9999.0 -9999.0 -9999.0 -9999.0 -9999.0 -9999.0 -9999.0 -9999.0 -9999.0 -9999.0 -9999.0 -9999.0 -9999.0 -9999.0 -9999.0 -9999.0 -9999.0 -9999.0
-9999.0 -9999.0 13.414659 7.826766 2.392095 -2.706917 -11.872958 -21.200111 -29.888395 -33.890542 -34.789832 -35.610119 -35.950487 -30.561579 -22.507719 -14.771890 -7.430654 -4.936388 -2.379864 0.063917 0.711650 -0.467371 -3.633253 -6.856102 -10.212298 -11.637403 -19.963144 -31.479450 -40.487247 -43.257872 -38.695988 -34.101201 -31.505894 -25.326669 -14.312117 -3.256677 5.448288 17.313341 22.892225 28.028590 31.153061 27.001679 23.332895 19.514545 14.647871 3.537358 -9999.0 -9999.0 -9999.0 -9999.0 -9999.0 -9999.0 -9999.0 -9999.0 -9999.0 -9999.0 -9999.0
-4.026435 -0.713300 -11.672562 -16.562790 -19.953079 -22.204289 -27.391119 -36.251919 -41.692461 -47.174357 -48.851057 -48.813937 -48.704194 -44.426634 -34.395005 -26.297780 -21.394759 -18.835484 -16.203510 -15.996230 -16.342071 -16.590543 -19.382830 -22.719265 -26.051516 -27.783981 -27.662993 -35.286105 -40.637901 -43.905970 -45.126041 -42.613934 -40.248772 -37.137753 -27.385287 -18.959595 -10.537448 3.711881 16.070941 21.265564 18.767733 13.588018 9.703080 3.105113 -6.875409 -17.468392 -27.944799 -35.287540 -40.849946 -46.255751 -40.224470 -33.832192 -23.602164 -13.448529 -1.365386 10.835840 -9999.0
-19.806985 -16.926753 -27.856656 -36.381296 -40.922474 -40.906814 -38.733456 -42.462452 -47.145381 -51.321316 -43.304974 -41.953657 -40.690719 -37.378162 -33.923472 -31.448914 -28.566586 -23.084599 -13.912005 -11.057642 -10.335680 -10.007923 -11.653420 -14.618618 -16.286231 -18.963964 -24.093433 -24.936325 -24.419350 -24.312233 -19.009303 -17.477138 -16.100359 -23.138151 -19.752380 -13.400580 -6.410741 0.632795 7.658776 12.191069 8.887886 7.413859 -1.234208 -15.400810 -27.193132 -36.202803 -38.917302 -42.286837 -50.189269 -62.608573 -55.801488 -40.312836 -35.699863 -32.069709 -20.142379 -7.807129 2.483976
-34.253136 -31.193354 -36.306969 -35.387312 -33.985777 -32.520062 -34.119806 -37.040043 -38.305845 -25.098059 -15.261795 -13.289226 -10.182793 -6.654930 -7.829532 -20.205381 -22.779559 -14.024628 -3.195248 3.102443 3.653810 4.002523 2.766648 2.020038 1.719788 -0.500371 0.759748 3.591642 4.459007 9.749973 15.572577 18.367985 9.697502 0.267870 0.690511 8.357023 16.371564 23.822519 34.846669 46.448787 44.820045 38.454488 28.754103 14.226602 -10.070565 -30.633495 -41.700991 -48.731580 -56.028621 -57.028178 -59.576679 -49.090919 -47.477270 -45.881957 -37.395160 -27.111027 -17.017968
-18.822701 -10.322230 -16.356975 -22.042205 -25.476572 -24.813267 -24.332809 -20.461975 -6.632543 8.063749 23.974117 27.305275 30.349692 30.259399 20.476353 9.926791 5.630358 21.099601 37.636754 46.742424 48.553677 49.894705 58.796397 57.406135 55.175222 49.946863 52.720065 55.891737 67.739164 75.735150 82.775003 80.842691 68.724979 57.287848 55.099896 56.931966 59.030485 64.943383 75.441897 85.396435 79.686368 70.855330 58.668688 27.715600 -1.963043 -20.347488 -20.597849 -20.893992 -26.148922 -29.866554 -34.051205 -42.110060 -42.960406 -43.925848 -44.717630 -32.895421 -20.805298
31.651605 48.577881 42.942618 34.459290 23.493124 24.156092 28.229761 37.518830 52.252320 72.509299 98.748949 104.145066 109.394521 113.911491 102.822352 89.961892 77.783303 94.407443 105.422171 116.305187 121.682386 135.578797 147.989087 144.324540 136.296120 127.029606 134.310835 148.992000 165.171920 172.354076 176.197168 176.236599 165.712712 159.698340 156.565998 156.755209 152.690451 155.699258 166.612290 181.475884 179.688962 165.817790 138.755135 98.372422 59.565206 34.613790 37.045741 28.970007 21.448527 15.968259 0.534798 -12.065173 -13.306045 -23.741642 -30.720645 -19.771781 -14.123006
86.160152 106.064815 103.209404 92.452944 80.193626 80.910619 90.427186 102.046603 124.089856 152.074759 181.464130 197.479153 207.868248 218.950598 211.460181 200.247494 189.740466 197.208314 212.222858 228.726588 245.653971 264.874270 281.960390 277.574094 268.654613 266.214956 271.971301 291.349294 308.547459 314.976996 317.775288 322.035112 314.595796 306.286882 297.329360 289.261148 281.599064 276.391277 292.147052 305.935748 299.918235 268.580787 234.782441 191.515006 147.503720 108.003571 99.510034 94.603705 90.327414 72.217474 54.069408 33.122580 20.078920 9.182613 -7.247064 -3.535447 1.308457
200.665085 224.792746 231.403937 217.877064 213.531062 220.315730 235.047290 245.793705 266.100943 300.152751 342.838974 377.613338 409.067815 416.778814 404.645078 389.894162 371.264261 365.567348 384.669009 405.365075 428.817950 453.635140 475.322761 487.790250 489.442653 490.892665 494.548083 499.994647 507.486997 514.372491 520.383744 526.343354 525.251577 515.862605 508.488549 499.498042 491.739670 489.041772 487.970118 492.990900 484.290642 448.201898 402.022679 354.975921 306.655940 265.245400 235.365350 229.913789 210.751558 187.735894 161.282944 119.517306 95.803487 74.975289 41.715289 34.941884 43.663754
349.648949 372.888030 393.765513 395.037648 400.015060 406.693638 418.365402 431.711932 450.646276 491.420291 532.267854 567.226990 595.266736 605.257633 594.117845 582.014529 568.969247 559.827131 564.858245 583.766049 607.542834 631.481276 648.565613 656.212135 657.200906 658.730879 660.932025 664.121600 666.570958 671.378360 677.429018 686.338766 696.971680 693.041431 678.507916 667.882273 655.312520 650.769318 648.733379 643.304015 637.545324 623.613430 584.347154 547.548765 507.959953 466.450685 427.597063 394.075814 363.484777 333.417760 281.021124 231.000315 185.719175 148.397081 113.179871 104.664244 126.822032
529.690254 559.623446 577.361461 582.703916 585.849088 590.250069 599.337493 609.691780 623.528916 647.773071 683.686380 717.717639 744.366677 748.126388 739.689718 729.943289 720.230025 712.533500 711.658278 720.409931 732.838151 749.870140 762.971570 774.244265 774.958160 775.926274 776.229864 778.150979 779.604285 780.460200 785.423908 794.461876 803.256325 805.192468 796.115533 783.202744 769.544858 764.105165 758.870196 752.922485 750.264014 746.627262 737.847794 712.787974 677.538876 632.049892 596.549484 566.735698 547.434849 526.340455 498.019317 439.611343 393.255754 343.229717 296.603843 264.135124 291.753800
672.414151 701.530770 718.836983 725.990669 726.057661 728.320878 735.527893 743.041563 754.473698 769.630576 787.506695 809.712304 831.066700 846.046989 843.072060 833.366590 819.701220 817.701676 818.511342 821.305508 827.828776 834.607857 848.074500 861.683102 866.461881 867.167743 865.034459 866.941067 867.782756 867.606505 867.503181 870.091851 875.383811 877.834710 875.756691 864.771382 849.857170 838.214494 831.405202 827.749257 824.846329 824.129176 822.053746 812.480941 789.211545 757.539290 726.399355 704.233361 687.783947 672.896190 658.100474 635.764485 608.607129 571.913883 525.545315 483.870128 466.337217
769.292087 790.653511 810.231552 823.138895 825.783502 830.476218 833.894698 842.769274 856.220232 870.961959 880.223491 891.884110 908.478191 917.986483 923.295772 924.819962 925.617218 928.787189 930.048463 917.546406 920.206984 922.390084 925.991497 931.010308 932.240830 932.265194 931.730068 932.627084 932.928270 933.285329 932.960361 931.934679 932.820717 933.354194 933.614225 930.654553 930.577932 916.922925 907.344823 901.408229 894.856061 887.006676 878.502222 870.986775 859.764476 839.775834 813.588565 790.553937 781.466505 775.788695 768.776265 761.078383 744.345751 723.407824 696.450485 660.686177 621.923914
847.075893 861.803186 881.977995 895.578966 903.329413 909.954555 913.552834 923.787544 934.414277 931.753391 932.530566 933.311155 934.307321 934.377642 934.489641 934.780575 933.493124 934.397347 934.334053 930.665217 922.732180 924.726809 926.025481 928.045691 930.943622 929.159006 929.880965 932.920345 931.974921 927.320436 924.452411 923.082685 923.228714 930.039598 933.155418 934.475890 935.242379 935.780725 936.535341 936.542785 936.040139 934.813253 933.124177 932.983975 925.438691 907.518109 882.705881 856.005090 844.296525 840.190401 841.084609 837.874220 832.807945 817.866753 797.002393 768.513903 736.191084
931.541808 933.230677 936.502062 937.641463 937.972440 939.232566 940.887635 940.840314 937.300635 933.603301 928.903721 927.570022 926.046163 923.484791 924.077031 922.511618 919.667554 917.976343 914.245099 906.134525 896.751819 895.609241 900.189087 904.172615 907.052000 908.781917 911.511206 913.342690 909.961288 903.812502 898.288427 896.876894 902.810480 907.634336 911.827871 912.402239 911.647817 910.917056 912.452655 911.293596 912.272253 917.959592 929.332879 935.025557 935.933563 936.267929 933.990158 928.867486 916.745649 898.830739 901.604379 897.575051 888.180194 871.871382 854.865382 833.909398 813.301974
934.934251 932.625415 926.544405 920.607316 919.653355 923.167610 929.658675 931.121047 924.786676 917.651523 911.885848 906.220236 904.521576 902.991211 902.140076 902.500186 898.692147 894.190433 883.391907 875.696626 867.635921 863.351032 862.220183 866.335491 873.247555 879.637374 883.161701 878.318216 873.307246 865.686605 859.832453 860.940730 863.352856 870.832734 881.942442 884.630992 885.657711 882.562205 880.576662 876.506808 875.309276 880.945010 892.791593 904.102189 914.281826 920.495279 926.819240 932.371972 937.041981 936.727825 935.903793 934.558256 931.952516 919.569507 903.799237 887.135455 869.913939
916.499391 912.483754 906.644138 901.432893 900.074142 902.778333 906.211028 903.933114 898.675581 890.841671 882.516089 874.794888 870.023974 870.512163 872.069565 872.926950 868.746591 858.509378 846.426750 837.913269 828.009758 826.033055 821.773275 817.144579 824.459066 837.111799 841.505482 830.412453 823.531495 812.873430 807.843675 806.519364 808.531178 817.009946 833.793636 849.882406 851.208677 844.081564 837.601749 834.810345 833.196131 838.843082 853.758709 868.837198 879.076684 885.265629 888.714239 894.640449 901.521314 909.991106 919.423284 927.120327 934.485777 935.629298 934.853604 933.249570 921.446580
897.473340 892.141721 887.099210 882.467837 879.163053 877.475386 875.927860 871.473468 866.913390 857.932459 849.146435 839.880971 827.700861 823.753893 820.213672 821.575687 812.238047 804.769840 790.501256 779.802815 767.906762 760.027134 753.679648 745.426297 746.726911 758.346203 765.797121 752.841561 744.510033 733.535641 729.127658 727.625558 730.795144 741.950297 764.473493 782.771440 790.068756 784.332174 780.831447 780.135893 780.582576 785.896033 799.269662 816.073013 832.501335 844.093683 850.481910 855.733088 862.719700 872.841268 881.903782 890.574146 902.016768 916.289884 927.190293 934.464965 938.529334
875.351459 869.067713 861.438968 853.004026 848.084259 849.220482 843.226287 838.165324 827.680193 788.214537 773.932314 757.542126 741.549225 732.689396 721.772134 713.492613 704.136743 698.822276 692.669091 680.076668 664.806985 649.120791 641.289809 631.604114 617.834763 619.906763 622.350669 624.042524 616.609009 609.777428 607.502720 606.710108 613.905708 633.354919 650.914338 665.195702 673.532897 673.041178 681.441513 689.774975 695.093677 713.103856 729.317510 747.888576 768.376938 789.572811 800.879778 808.951829 817.538714 829.284920 840.985925 852.242091 867.631292 884.697138 894.723879 901.495853 909.957056
846.827335 836.119148 825.769766 814.442045 802.256087 802.020576 797.635767 789.640969 752.663082 710.201507 677.287619 655.931447 628.283997 607.672587 587.686487 557.160524 540.429740 532.751363 536.339599 526.080387 508.334904 491.770975 479.762117 466.444953 445.282168 433.240050 437.284350 449.344388 441.971563 437.011793 439.989213 439.120351 441.184257 458.559284 482.035185 496.079301 509.028048 521.930110 529.539673 541.558366 572.684149 595.740716 621.788427 650.403899 677.744922 704.352505 727.665260 743.335550 758.441885 775.910340 789.788425 805.857122 823.133177 844.254913 857.130780 866.361014 873.606420
792.497313 777.544641 760.292110 738.982856 715.159138 709.195566 698.781258 678.248586 627.292440 575.292718 534.486277 503.620143 468.404096 434.915936 393.712343 350.750557 324.796672 326.153952 332.427327 329.793982 312.889296 296.660269 282.849756 265.745660 246.173176 233.047944 240.801363 249.929789 255.412813 257.546495 261.287942 263.849247 265.044404 266.383663 278.695138 291.551264 305.300102 318.716771 334.565589 369.531093 404.771145 436.770860 476.770991 512.474211 547.637094 584.056047 618.930012 645.592839 671.251467 695.234160 718.757371 739.870913 762.343023 787.224663 806.646072 818.311048 828.751018
715.601596 689.470662 657.613959 610.858664 584.371651 567.078188 549.175328 507.493297 451.745910 391.768015 348.556016 312.406235 278.968963 243.710543 205.288646 172.204646 149.404654 154.619239 160.924440 169.949506 156.326369 142.774060 134.265242 117.770522 101.960443 86.889119 94.638772 104.329401 120.205896 123.919340 127.361020 134.165321 133.835827 133.244995 127.979078 138.743062 150.701284 165.925115 195.075503 224.115932 254.244731 283.471898 314.816718 349.309956 387.441239 430.262325 478.344785 515.540847 548.369636 582.924465 616.335369 644.199937 670.457946 698.774040 723.213808 743.942082 764.477905
592.963090 555.716780 506.406486 444.803417 392.138615 365.917990 321.129070 278.604414 230.815217 199.258377 171.400657 142.092934 115.580868 90.181171 60.281550 34.660305 9.812201 13.106588 25.069715 38.487845 30.925759 25.881600 21.786169 9.430051 -4.955479 -18.961606 -15.374097 -0.428162 16.365536 23.308460 29.821230 37.542579 38.010924 32.140246 24.540550 31.027190 45.530738 62.595292 85.710812 110.446366 135.351184 159.577521 187.176163 216.942108 248.691368 284.867744 324.714290 358.172977 396.890981 440.507236 482.613606 511.378313 537.492245 571.872501 601.673812 635.072743 665.418789
433.242163 386.701035 329.396115 272.575403 218.343249 174.180811 135.709094 99.411448 75.343214 51.776035 29.837185 8.626728 -14.211833 -35.676777 -56.553755 -79.568351 -99.474401 -94.453778 -81.085096 -68.891840 -66.985959 -70.289425 -73.692438 -81.918688 -95.881078 -107.441986 -99.242824 -83.606358 -68.248069 -58.242267 -51.449275 -45.036101 -47.588873 -55.541315 -61.948305 -53.670975 -37.790812 -22.120250 -3.540466 19.030805 41.951272 65.396314 90.414644 116.119262 144.937239 175.648664 207.911072 240.453237 272.701969 306.097375 330.252524 353.749795 374.431993 405.806977 443.481545 485.531262 524.557229
253.176426 215.442547 173.288847 126.902606 89.947759 54.106754 20.369453 -12.379953 -39.333909 -58.851394 -70.537341 -86.626319 -107.074092 -121.650740 -139.354704 -158.917877 -160.527969 -156.980867 -144.682216 -142.457982 -141.820419 -144.933098 -146.190355 -151.142450 -162.999275 -157.179736 -149.302908 -134.128246 -122.954900 -113.451341 -107.010424 -102.695966 -103.119077 -110.112272 -107.163626 -99.628475 -84.570183 -72.215194 -56.307905 -34.709834 -16.368199 4.220345 27.540717 51.917318 77.950093 105.920349 136.365294 164.759022 189.253816 204.645187 221.654747 234.607844 236.841992 259.837629 286.087979 314.901271 352.280768
107.025786 77.143208 47.207990 12.580532 -21.821647 -53.797778 -85.343001 -116.179458 -141.926497 -152.362720 -163.945524 -176.237116 -190.208027 -204.448941 -217.340285 -218.005165 -220.477112 -220.937122 -219.043039 -216.045865 -213.544000 -214.607737 -215.791088 -215.275959 -209.633887 -205.402450 -199.803424 -189.135427 -177.901208 -167.546471 -163.402994 -159.114519 -156.165451 -152.886368 -150.219072 -145.611704 -133.888704 -121.752197 -108.004423 -90.518275 -72.504774 -52.930632 -29.893460 -6.351274 18.978748 47.019661 75.650302 98.424587 110.998870 124.018316 131.350588 130.574624 130.406763 143.162343 161.507334 180.246573 209.659469
