tests/Borden05m/data_simulated/sim_1/output-maps/psiliqL0026N0018.asc
ncols         160
nrows         34
xllcorner     620200.000000
yllcorner     5168000.000000
cellsize      0.500000
NODATA_value  -9999.0
[rows 0 to 24 of 34, columns 0 to 54 of 160]
-9999.0 -9999.0 -9999.0 -9999.0 -9999.0 -9999.0 -9999.0 -9999.0 -9999.0 -9999.0 -9999.0 -9999.0 -9999.0 -9999.0 -9999.0 -9999.0 -9999.0 -9999.0 -9999.0 -9999.0 -9999.0 -9999.0 -9999.0 -9999.0 -9999.0 -9999.0 -9999.0 -9999.0 -9999.0 -9999.0 -9999.0 -9999.0 -9999.0 -9999.0 -9999.0 -9999.0 -9999.0 -9999.0 -9999.0 -9999.0 -9999.0 -9999.0 -9999.0 -9999.0 -9999.0 -9999.0 -9999.0 -9999.0 -9999.0 -9999.0 -9999.0 -9999.0 -9999.0 -9999.0 -9999.0
-9999.0 -9999.0 -9999.0 -9999.0 -9999.0 -9999.0 -9999.0 -9999.0 -9999.0 -9999.0 -9999.0 -9999.0 -9999.0 -9999.0 -9999.0 -9999.0 -9999.0 -9999.0 -9999.0 -9999.0 -9999.0 -9999.0 -9999.0 -9999.0 -9999.0 -9999.0 -9999.0 -9999.0 -9999.0 -9999.0 -9999.0 -9999.0 -9999.0 -9999.0 -9999.0 -9999.0 -9999.0 -9999.0 -9999.0 -9999.0 -9999.0 -9999.0 -9999.0 -9999.0 -9999.0 -9999.0 -9999.0 -9999.0 -9999.0 -9999.0 -9999.0 -9999.0 -9999.0 -9999.0 -9999.0
-9999.0 -9999.0 -9999.0 -9999.0 -9999.0 -9999.0 -9999.0 -9999.0 -9999.0 -9999.0 -9999.0 -9999.0 -9999.0 -9999.0 -9999.0 -9999.0 -9999.0 -9999.0 -9999.0 -9999.0 -9999.0 -9999.0 -9999.0 -9999.0 -9999.0 -9999.0 -9999.0 -9999.0 -9999.0 -9999.0 -9999.0 -9999.0 -9999.0 -9999.0 -9999.0 -9999.0 -9999.0 -9999.0 -9999.0 -9999.0 -9999.0 -9999.0 -9999.0 -9999.0 -9999.0 -9999.0 -9999.0 3273.310350 3256.098917 3242.647424 3237.732041 3258.530735 3281.373615 3304.965070 3325.268688
-9999.0 -9999.0 -9999.0 -9999.0 -9999.0 -9999.0 -9999.0 -9999.0 -9999.0 -9999.0 -9999.0 -9999.0 -9999.0 -9999.0 -9999.0 -9999.0 -9999.0 -9999.0 -9999.0 -9999.0 -9999.0 -9999.0 -9999.0 -9999.0 -9999.0 -9999.0 -9999.0 -9999.0 -9999.0 -9999.0 -9999.0 -9999.0 -9999.0 -9999.0 -9999.0 -9999.0 -9999.0 -9999.0 -9999.0 -9999.0 3324.346406 3330.172177 3329.754100 3319.763243 3308.267858 3294.366067 3273.613485 3256.413991 3243.293471 3241.244597 3243.472159 3245.817825 3266.144266 3291.316837 3310.987365
-9999.0 -9999.0 -9999.0 -9999.0 -9999.0 -9999.0 -9999.0 -9999.0 -9999.0 -9999.0 -9999.0 -9999.0 -9999.0 -9999.0 -9999.0 -9999.0 -9999.0 -9999.0 -9999.0 -9999.0 -9999.0 -9999.0 -9999.0 -9999.0 -9999.0 -9999.0 -9999.0 -9999.0 -9999.0 -9999.0 -9999.0 -9999.0 -9999.0 -9999.0 3232.507690 3249.275424 3266.996353 3285.357348 3302.146913 3309.063225 3314.794264 3319.974425 3315.118762 3310.486866 3298.537674 3277.202206 3257.704088 3244.795041 3243.680284 3241.028460 3244.266542 3255.425874 3271.701902 3286.316841 3306.486902
-9999.0 -9999.0 -9999.0 -9999.0 -9999.0 -9999.0 -9999.0 -9999.0 -9999.0 -9999.0 -9999.0 -9999.0 -9999.0 -9999.0 -9999.0 -9999.0 -9999.0 -9999.0 -9999.0 -9999.0 -9999.0 -9999.0 -9999.0 -9999.0 -9999.0 -9999.0 -9999.0 -9999.0 3238.972876 3232.893442 3227.890315 3226.078020 3224.376188 3223.202762 3229.667321 3240.509967 3257.239348 3279.071457 3292.115446 3299.141929 3305.812388 3305.883227 3299.658533 3297.638467 3297.804149 3284.770654 3272.123651 3260.261740 3248.633372 3245.066206 3253.532248 3267.369097 3283.159276 3297.284500 3312.084895
-9999.0 -9999.0 -9999.0 -9999.0 -9999.0 -9999.0 -9999.0 -9999.0 -9999.0 -9999.0 -9999.0 -9999.0 -9999.0 -9999.0 -9999.0 -9999.0 -9999.0 -9999.0 -9999.0 -9999.0 -9999.0 -9999.0 -9999.0 3209.617921 3214.356562 3220.670509 3228.115487 3228.852027 3225.390201 3219.793893 3216.859818 3215.137929 3212.512393 3216.713644 3223.315226 3235.843772 3250.659367 3272.548595 3280.357654 3284.143397 3295.035812 3298.346556 3305.798696 3309.227289 3306.849280 3302.237281 3286.756214 3274.596784 3276.127265 3279.520491 3285.807245 3293.581355 3306.485661 3319.555824 3334.162993
-9999.0 -9999.0 -9999.0 -9999.0 -9999.0 -9999.0 -9999.0 -9999.0 -9999.0 -9999.0 -9999.0 -9999.0 -9999.0 -9999.0 -9999.0 -9999.0 -9999.0 -9999.0 -9999.0 3185.484631 3186.430632 3187.783414 3192.461269 3192.609654 3194.126838 3200.595884 3208.274892 3210.859717 3208.285725 3206.948303 3207.838132 3209.939220 3213.950452 3223.797772 3236.537485 3249.770807 3261.822789 3281.734963 3295.355574 3306.855708 3321.325805 3321.126212 3316.871797 3314.539489 3313.748878 3311.371320 3308.921769 3307.158139 3312.580337 3312.420895 3315.093989 3323.446426 3334.635687 3350.272932 3366.890940
-9999.0 -9999.0 -9999.0 -9999.0 -9999.0 -9999.0 -9999.0 -9999.0 -9999.0 -9999.0 -9999.0 -9999.0 -9999.0 -9999.0 -9999.0 -9999.0 3157.330232 3158.977921 3161.200353 3166.540784 3170.082358 3173.792484 3180.465471 3180.910624 3183.788462 3190.347804 3194.220532 3202.924307 3210.665912 3217.008719 3222.036186 3223.559190 3229.067394 3237.205165 3247.497482 3260.185846 3279.052749 3301.468904 3316.022043 3331.603378 3347.768075 3347.334053 3344.640808 3343.923526 3341.474357 3341.805729 3355.128598 3357.314861 3351.057553 3359.698360 3370.461246 3372.302157 3377.985822 3396.749781 3417.961924
-9999.0 -9999.0 -9999.0 -9999.0 -9999.0 -9999.0 -9999.0 -9999.0 -9999.0 -9999.0 -9999.0 -9999.0 -9999.0 3108.093261 3111.890877 3121.918505 3133.255920 3136.080781 3140.782795 3147.203688 3158.959038 3162.158774 3167.617933 3174.100460 3185.214260 3192.993538 3200.869247 3211.607125 3218.539591 3224.342280 3229.517205 3231.145883 3241.311844 3253.957073 3266.940102 3284.663914 3305.212328 3322.298994 3339.132561 3354.250344 3364.701584 3360.955636 3359.076122 3360.131319 3363.714318 3375.276249 3390.648319 3390.026409 3398.609918 3418.021722 3427.230826 3433.579554 3438.746591 3451.691803 3472.333394
-9999.0 -9999.0 -9999.0 -9999.0 -9999.0 -9999.0 -9999.0 -9999.0 -9999.0 -9999.0 3081.707747 3082.971168 3078.946521 3075.873662 3081.357329 3093.365399 3107.574215 3112.679106 3124.245641 3145.124736 3163.267820 3165.637583 3178.148098 3186.585489 3192.150355 3200.715550 3212.188121 3222.769901 3236.597209 3246.644812 3253.804824 3268.475622 3282.539086 3296.964649 3312.469755 3331.204054 3345.775680 3367.988490 3391.174759 3398.517947 3414.213594 3416.010539 3410.883085 3408.037547 3416.181975 3426.210307 3439.887500 3454.487577 3471.861526 3492.720172 3502.143477 3514.132549 3522.356124 3531.937356 3546.503119
-9999.0 -9999.0 -9999.0 -9999.0 -9999.0 -9999.0 -9999.0 -9999.0 3057.383916 3065.274451 3070.294797 3066.599389 3061.638444 3055.243628 3069.402314 3084.242862 3099.435762 3117.107610 3131.920724 3149.372324 3162.290335 3175.929576 3193.905025 3203.214061 3212.343960 3225.800312 3237.191256 3250.351987 3269.088796 3275.340170 3284.838531 3302.546235 3316.554955 3331.713638 3348.175129 3363.018794 3381.593645 3410.289432 3437.787738 3452.828230 3477.575841 3493.728771 3487.300477 3484.826773 3485.338233 3507.357603 3532.511974 3560.479403 3578.500835 3601.056340 3628.412942 3646.647204 3655.472468 3666.171813 3679.607978
-9999.0 -9999.0 -9999.0 -9999.0 -9999.0 -9999.0 3029.252139 3053.357463 3068.147833 3059.059106 3044.357224 3038.609149 3031.803368 3061.966653 3083.622352 3100.159453 3115.971322 3132.539178 3147.710811 3154.966289 3182.378843 3200.356137 3210.764627 3222.644314 3235.565111 3248.423477 3263.067480 3282.796157 3298.812722 3319.335048 3334.143408 3349.236365 3371.101295 3386.960458 3402.470537 3414.872692 3441.173178 3474.594937 3507.983711 3531.462900 3555.001130 3585.437660 3584.829958 3586.235916 3587.554429 3610.449145 3643.362229 3672.410708 3703.606531 3733.588384 3761.248989 3771.425898 3780.121420 3789.755385 3801.993221
-9999.0 -9999.0 -9999.0 -9999.0 2997.458806 3017.981505 3036.179576 3065.718822 3087.103426 3081.489914 3085.185861 3082.460558 3077.259768 3081.414162 3088.635387 3104.850962 3122.868325 3141.208152 3154.236574 3179.114433 3224.294294 3234.013598 3249.846634 3277.811135 3287.390642 3299.910109 3313.983165 3333.058643 3350.402949 3376.134714 3409.279786 3437.330783 3457.555152 3475.713132 3493.708230 3509.748400 3543.566742 3579.394052 3614.066778 3644.808920 3671.090008 3696.368531 3702.846198 3707.495469 3717.160205 3733.698427 3755.797362 3782.838307 3815.799744 3847.449145 3870.470413 3879.546355 3884.690994 3894.045020 3901.543072
-9999.0 -9999.0 -9999.0 2945.362744 2982.586802 3021.619030 3046.700461 3076.262519 3107.851251 3107.059563 3114.881865 3113.946577 3112.055793 3116.516543 3118.785302 3134.081744 3150.870887 3169.196077 3188.023218 3220.114672 3248.048725 3264.861357 3291.312521 3306.429093 3318.390684 3330.021292 3347.158374 3366.043660 3400.844554 3429.694984 3474.595881 3524.071986 3555.424405 3574.218371 3595.743326 3622.389760 3646.765217 3684.553455 3717.934808 3749.459243 3779.223108 3801.075413 3815.246749 3819.773185 3829.058703 3834.758168 3847.299498 3867.967416 3889.919879 3920.101020 3948.952792 3977.195173 3992.127599 4002.921476 4019.745663
-9999.0 -9999.0 2897.058517 2936.452760 2967.505897 3012.039511 3064.351931 3098.710247 3137.297304 3155.385883 3157.719841 3167.441043 3176.258300 3176.251933 3184.041244 3195.607119 3216.210964 3223.833356 3242.708709 3257.750698 3294.117405 3327.188438 3323.122285 3360.443967 3389.443787 3420.610000 3440.656929 3466.260182 3502.821602 3536.178032 3579.781518 3628.729010 3662.524610 3689.952196 3705.316132 3724.917923 3744.877604 3770.484528 3806.427313 3831.904168 3864.876178 3889.950274 3909.370112 3910.367665 3913.042270 3928.895103 3956.605575 3986.765069 4015.066966 4043.391316 4029.232126 4051.667733 4061.689981 4067.281645 4076.073717
-9999.0 -9999.0 2866.766183 2913.172276 2947.471589 3003.226634 3088.821126 3122.320463 3161.413942 3205.312869 3218.071790 3238.370003 3231.625012 3220.113766 3236.789790 3250.200503 3269.245763 3275.730218 3269.101716 3320.149544 3371.415194 3395.851232 3403.137510 3478.170673 3529.052565 3552.122920 3567.875433 3587.502057 3606.913950 3644.840031 3683.814182 3737.371048 3778.153676 3807.533947 3821.748287 3841.204281 3860.357545 3875.251570 3894.404248 3940.202958 3974.788396 4004.924905 4036.186614 4057.232911 4065.260100 4070.077093 4045.450256 4064.196277 4076.909053 4082.391996 4084.563650 4080.792639 4080.216688 4081.030038 4081.956096
-9999.0 2778.573657 2826.030718 2876.119961 2940.168034 2999.191141 3073.192660 3147.270848 3211.712705 3262.507669 3286.737452 3279.363288 3279.402627 3303.968281 3322.420557 3338.188322 3342.652504 3351.759072 3332.466304 3384.212668 3420.450357 3469.744921 3568.305533 3625.606460 3687.035540 3682.971615 3671.378754 3676.360176 3692.328235 3737.987926 3815.536524 3870.626904 3935.064964 3983.006902 3999.670014 4006.877504 4025.249704 4045.726144 3996.159768 4038.011998 4057.269425 4073.338266 4082.242744 4084.457536 4085.694519 4085.464175 4081.787756 4074.788275 4066.625074 4060.789285 4056.562778 4052.059915 4054.496021 4057.822508 4058.030389
-9999.0 2740.155859 2792.668155 2860.374183 2927.495230 2974.177140 3053.965980 3218.060124 3279.161632 3315.908234 3320.753015 3296.678441 3353.792769 3412.400049 3436.091381 3480.248999 3464.434898 3448.970414 3412.249423 3436.973183 3475.202197 3545.212692 3713.775852 3801.414261 3851.846896 3859.732880 3860.632231 3888.540737 3931.989655 3978.503582 4023.359644 3993.351843 4041.507167 4065.202379 4070.153910 4070.847018 4076.163544 4074.734903 4073.248721 4068.817557 4063.668621 4063.831431 4068.422818 4068.264658 4065.306420 4061.931671 4056.234277 4048.811943 4043.607229 4038.978666 4036.319600 4033.479099 4031.526737 4030.806235 4025.966575
-9999.0 2699.664263 2774.534096 2827.536096 2872.981521 2963.164652 3090.029576 3232.273417 3327.362486 3360.287361 3337.615904 3372.180231 3473.704646 3578.496348 3629.917327 3650.464953 3631.381763 3583.466496 3563.687562 3606.643032 3676.240193 3794.291331 3930.852221 4028.936225 4043.985955 4047.288175 4000.459667 4025.656526 4049.010816 4051.782179 4052.878764 4060.656628 4065.720108 4068.654966 4067.088074 4064.195248 4059.380230 4051.189261 4046.383602 4042.702675 4038.931212 4037.771771 4039.770923 4041.588949 4038.770022 4034.873629 4030.396176 4024.817929 4018.510700 4011.749136 4007.434558 4003.181178 4001.047144 3995.514923 3991.991242
-9999.0 2575.751280 2672.367195 2712.753138 2786.418510 2968.351421 3094.041587 3232.532900 3396.079681 3415.679899 3460.376310 3598.189121 3716.170785 3795.632817 3824.210782 3857.321173 3881.597752 3897.419680 3933.765185 3816.290621 3895.691711 3991.769629 4035.704877 4054.756790 4064.371281 4064.735531 4054.886925 4034.103424 4023.367737 4016.611505 4018.220766 4025.498530 4030.177520 4034.966623 4032.663282 4033.716321 4034.799514 4031.572003 4027.552352 4018.831449 4010.979843 4004.285171 4001.030310 4005.726873 4001.071011 3998.700375 3992.507038 3984.068826 3975.122010 3967.745503 3959.782490 3953.217882 3950.983257 3945.972263 3944.780595
-9999.0 2494.830006 2567.253297 2626.190223 2736.086668 2892.796772 2984.159713 3140.445808 3379.288207 3514.201988 3676.507187 3766.442333 3836.334846 3878.275242 3928.444085 3979.925131 4006.550937 4018.049675 3987.580597 4009.395836 3966.757805 3955.722868 3973.165566 4002.185434 4019.205357 4023.257183 4015.381957 4006.189245 3998.924785 3997.800936 3995.632943 3991.579187 3987.466048 3983.880191 3980.740007 3983.698602 3989.002073 3981.890021 3971.628837 3962.182304 3953.667174 3944.447089 3938.495943 3933.847502 3934.211032 3934.476276 3926.845531 3916.354166 3905.501156 3897.215317 3890.019596 3885.517130 3882.849315 3877.885799 3868.264177
-9999.0 2374.028236 2507.107070 2582.757108 2676.046811 2797.635523 2899.359311 3046.712350 3174.101250 3417.248596 3557.633844 3748.395191 3797.658591 3866.971783 3914.312141 3987.129560 3982.590219 3951.175314 3908.126585 3891.930452 3902.914637 3911.856361 3920.134965 3934.657764 3952.273013 3962.358430 3967.297791 3961.235171 3947.027440 3934.603231 3923.547595 3909.915107 3900.539707 3898.064793 3902.057287 3912.020674 3912.556511 3903.251320 3889.142769 3870.933377 3855.342443 3843.549930 3841.536533 3844.297770 3845.386918 3841.331217 3835.522412 3824.773458 3812.188287 3799.790082 3794.102108 3789.769817 3782.379833 3771.188350 3759.354149
-9999.0 -9999.0 2420.843958 2528.922727 2621.393104 2731.345296 2811.470422 2926.975014 3061.743613 3230.532237 3345.866667 3524.832818 3619.269366 3663.083952 3697.047088 3752.603039 3777.684034 3808.701366 3802.817379 3814.382082 3824.140604 3829.403945 3834.678335 3840.456274 3850.948953 3860.733859 3870.906924 3868.101607 3859.270308 3838.799655 3813.185588 3793.262301 3782.788726 3773.565810 3785.637462 3798.162083 3792.683382 3785.778247 3773.150209 3756.955500 3744.390397 3730.163836 3726.715684 3726.652144 3727.261811 3724.971505 3722.459891 3710.057929 3697.826453 3687.956058 3683.960825 3678.383935 3674.834959 3665.077190 3654.539181
-9999.0 -9999.0 2332.158089 2435.701548 2536.852560 2653.335296 2736.285127 2748.360768 2873.760146 2971.483733 3077.303898 3186.685361 3282.391012 3350.289598 3382.835372 3444.659732 3500.415609 3518.613885 3558.386673 3611.859677 3645.873261 3684.968784 3707.812357 3717.226735 3729.685439 3744.064496 3751.506169 3736.311045 3725.039013 3707.970572 3684.598334 3657.994520 3644.514698 3644.021609 3643.112578 3644.700060 3637.122148 3628.189274 3613.762275 3599.846730 3587.674613 3578.765763 3575.204220 3569.686299 3567.433769 3564.745355 3563.079166 3557.910678 3549.693772 3545.151902 3537.037573 3533.368906 3532.629021 3529.629422 3523.973528
