tests/Borden05m/data_simulated/sim_1/output-maps/psiliqL0000N0002.asc
ncols         160
nrows         34
xllcorner     620200.000000
yllcorner     5168000.000000
cellsize      0.500000
NODATA_value  -9999.0
[rows 0 to 24 of 34, columns 57 to 113 of 160]
-9999.0 -9999.0 -9999.0 -9999.0 -9999.0 -9999.0 -9999.0 -9999.0 -9999.0 -9999.0 -9999.0 -9999.0 -9999.0 -9999.0 -9999.0 -9999.0 -9999.0 -9999.0 -9999.0 -9999.0 -9999.0 -9999.0 -9999.0 -9999.0 -9999.0 -9999.0 -9999.0 -9999.0 -9999.0 -9999.0 -9999.0 -9999.0 -9999.0 -9999.0 -9999.0 -9999.0 -9999.0 -9999.0 -9999.0 -9999.0 -9999.0 -9999.0 -9999.0 -9999.0 -9999.0 -9999.0 -9999.0 -9999.0 -9999.0 -9999.0 -9999.0 -9999.0 -9999.0 -9999.0 -9999.0 -9999.0 -9999.0
-9999.0 -9999.0 -532.579494 -533.924536 -534.736409 -535.038142 -536.887909 -538.190010 -539.905804 -540.006554 -539.677405 -540.018416 -540.890224 -539.980561 -538.885414 -538.021574 -536.607255 -537.114727 -537.039015 -536.472662 -536.310529 -536.536734 -537.170673 -537.504286 -537.945184 -536.939188 -539.000963 -541.681664 -543.740976 -544.108101 -542.147051 -541.091805 -541.483860 -540.621700 -538.619557 -537.042657 -536.871833 -534.949174 -535.782770 -535.096929 -533.575816 -534.728186 -534.825780 -534.384856 -533.552453 -536.641574 -9999.0 -9999.0 -9999.0 -9999.0 -9999.0 -9999.0 -9999.0 -9999.0 -9999.0 -9999.0 -9999.0
-533.660450 -534.190007 -540.768506 -541.106968 -541.026236 -540.532602 -541.225512 -543.378162 -543.701115 -545.370908 -546.133576 -546.331918 -547.104868 -546.700781 -543.936252 -542.058121 -541.672199 -542.291126 -542.666519 -543.403433 -543.871366 -543.669642 -544.296626 -544.835397 -545.435452 -545.114303 -543.020894 -545.049582 -545.991538 -547.027568 -548.281654 -547.921777 -547.633464 -547.597952 -545.058523 -544.363972 -544.046492 -540.769418 -537.722170 -537.100507 -538.531720 -539.910593 -539.247470 -539.015838 -540.040396 -540.963255 -540.359783 -540.728571 -540.775136 -541.996364 -540.090421 -540.471689 -538.559643 -537.099742 -535.432627 -532.601175 -9999.0
-538.438025 -538.965618 -543.733454 -546.495975 -547.288510 -546.567176 -544.331677 -544.995474 -546.640183 -549.379215 -546.447480 -546.938289 -547.285973 -546.862478 -545.993733 -545.631157 -545.265482 -544.791051 -542.360745 -542.728440 -542.993102 -542.831569 -543.218768 -543.971738 -543.784199 -544.130685 -546.295751 -545.857112 -545.282554 -545.839935 -543.732352 -543.698926 -542.350113 -546.186894 -545.659730 -545.009081 -544.699195 -544.661562 -544.534103 -544.040391 -545.716343 -544.296099 -545.287188 -547.789795 -547.942375 -547.213670 -544.402090 -542.914371 -544.202938 -549.503028 -546.752352 -541.041854 -541.820169 -543.090846 -540.636198 -538.317699 -534.566181
-545.691716 -546.562767 -548.497594 -546.284458 -544.558909 -543.494185 -544.420021 -546.317970 -548.778602 -544.231419 -542.638393 -543.877131 -543.428218 -542.089692 -541.889312 -547.639878 -549.141081 -547.134481 -545.133459 -544.381386 -545.538875 -546.086164 -547.134253 -547.043312 -546.306165 -546.825413 -545.900914 -545.206671 -546.435662 -545.146291 -543.660387 -542.011940 -545.452029 -548.508248 -548.281422 -545.697670 -543.975124 -543.363572 -541.016754 -536.971525 -537.712893 -538.435285 -538.378605 -538.011492 -542.450581 -546.674732 -548.313091 -548.988829 -550.255428 -548.936680 -550.040700 -545.370175 -545.895935 -546.802740 -544.800310 -543.482818 -541.648359
-545.685093 -544.625949 -547.729865 -549.221635 -549.793623 -549.241062 -549.940634 -550.051186 -546.233710 -544.635297 -541.407887 -543.177125 -543.215921 -543.368927 -546.998727 -549.555561 -551.465228 -545.806979 -541.557527 -540.446387 -541.981179 -543.384502 -539.357732 -540.574573 -540.876106 -543.241640 -542.443434 -543.267958 -539.278076 -538.024172 -535.947742 -536.831670 -540.794849 -544.092437 -544.092005 -543.716575 -544.270914 -543.524876 -541.322388 -538.370482 -540.950525 -541.525817 -540.261936 -546.825775 -551.740429 -553.087819 -548.455440 -545.800964 -546.104266 -545.517583 -545.075377 -548.147475 -547.329556 -546.953701 -548.577846 -545.249931 -541.959506
-538.709747 -533.929925 -537.526030 -539.638367 -543.880974 -543.294497 -542.958881 -541.822700 -540.478332 -537.593107 -530.991041 -533.502231 -533.585722 -531.165628 -534.885634 -538.132806 -543.838765 -537.368028 -536.644498 -535.212717 -536.333614 -532.181346 -528.544090 -531.368164 -534.789683 -539.197875 -536.774868 -531.724966 -527.319030 -526.887506 -526.789400 -525.929636 -529.323051 -529.565628 -529.775763 -528.827737 -531.097479 -531.023564 -527.671146 -521.514765 -520.567739 -522.453654 -527.147271 -535.314332 -542.982158 -546.973897 -540.290456 -541.967053 -542.572836 -541.109498 -544.511033 -546.269176 -542.612137 -545.370403 -547.528733 -542.768253 -542.592795
-539.618034 -534.671824 -537.386579 -541.496469 -546.100793 -546.071380 -543.527235 -542.838271 -538.577841 -533.121646 -527.258949 -525.436925 -524.222196 -520.148100 -522.572879 -524.796195 -528.045880 -526.862892 -522.509690 -519.217747 -515.761286 -512.041965 -507.168050 -510.561312 -514.733296 -515.128460 -514.424101 -507.969979 -502.875266 -501.822127 -501.199116 -497.897189 -499.511992 -502.478977 -506.205844 -510.038207 -513.266992 -516.696342 -510.018036 -503.665278 -503.721986 -513.096240 -518.514071 -526.292081 -534.549907 -544.857176 -543.062716 -540.106179 -537.287653 -541.279293 -542.456744 -545.701762 -545.857538 -544.750726 -549.133845 -546.413438 -546.176895
-518.726179 -513.420365 -511.680050 -519.059035 -520.092361 -518.059607 -514.039411 -514.427919 -512.660755 -503.447130 -489.158481 -477.435294 -464.470090 -462.978209 -469.363551 -474.266510 -482.189354 -487.114549 -481.033931 -475.826254 -470.097257 -463.480659 -455.893881 -449.349966 -449.024116 -448.728550 -447.472224 -446.528475 -443.496504 -437.604694 -428.709148 -418.829410 -413.808722 -420.450023 -430.412055 -443.470338 -453.431824 -456.156784 -459.184638 -456.010689 -455.156479 -464.405968 -476.825377 -487.972989 -500.896295 -510.960987 -518.507249 -513.896182 -517.998804 -521.054670 -524.367082 -535.366068 -537.051779 -537.627330 -547.987965 -548.756371 -545.379533
-489.859765 -484.417775 -476.097203 -476.198438 -474.574850 -473.864628 -471.791763 -470.024296 -467.129649 -444.974771 -412.945497 -380.925181 -351.103248 -338.382157 -352.353388 -366.094788 -379.187570 -390.412665 -392.476953 -380.756524 -362.321788 -338.403177 -316.380127 -304.121694 -304.585827 -303.050768 -299.169074 -290.020693 -278.800045 -247.641054 -185.885594 -149.119910 -131.746425 -138.345357 -174.006335 -256.213980 -319.616493 -338.691140 -344.985299 -352.484452 -352.274871 -351.895902 -377.834968 -402.020338 -429.084491 -458.069359 -472.272025 -482.633557 -490.039755 -495.659816 -511.441757 -523.509575 -532.948876 -539.889110 -547.897131 -548.337607 -535.663628
-426.734972 -398.536773 -381.091119 -374.265022 -372.677398 -370.198198 -363.112535 -354.937532 -337.496947 -276.603973 -168.564052 -115.138067 -85.920327 -82.111851 -90.499505 -99.953460 -109.369508 -117.279160 -120.287655 -115.484786 -106.407419 -91.132587 -77.959308 -66.432538 -66.095939 -64.976024 -63.327198 -58.233622 -50.707079 -37.786657 -15.297422 0.003661 0.027596 0.030546 -6.411273 -38.881237 -69.652800 -82.511847 -90.042717 -95.357152 -95.396972 -95.396597 -99.218892 -125.572772 -185.188703 -329.116478 -382.452071 -408.562644 -422.847670 -435.725749 -442.579929 -465.064878 -473.556433 -486.475052 -501.505536 -516.419228 -499.683962
-228.060890 -147.269873 -116.803215 -107.197290 -107.418564 -106.239133 -100.656159 -93.823278 -79.112919 -50.467685 -15.746317 0.018765 0.040977 0.079475 0.062421 0.045957 0.029230 0.032078 0.031672 0.031999 0.038676 0.039148 0.051389 0.071151 0.083268 0.088244 0.059458 0.077357 0.086682 0.084614 0.073603 0.082901 0.107597 0.136703 0.100902 0.071118 0.051019 0.041185 0.038841 0.039864 0.038500 0.047826 0.048127 0.029389 -17.732131 -71.228084 -112.132428 -143.709846 -193.263511 -276.932016 -310.315562 -327.922141 -349.522595 -378.686318 -415.144963 -450.250811 -467.088574
-41.860200 -7.627361 0.026702 0.045443 0.043908 0.047818 0.043016 0.048716 0.062670 0.086045 0.098509 0.117036 0.194255 1.376306 6.501410 7.925587 8.585985 10.694324 10.551330 10.903661 11.325511 12.023083 11.866103 14.538288 15.046046 15.091518 14.755711 15.875066 15.284908 15.949071 15.603507 13.954925 13.907507 14.062893 14.143003 12.017658 4.646623 0.190214 0.151740 0.147009 0.134331 0.122411 0.107382 0.091125 0.071009 0.048682 0.025205 -5.650268 -22.206330 -47.864420 -65.224048 -76.085028 -93.097986 -116.559653 -161.981831 -281.505343 -370.091533
0.056035 0.070534 0.104075 0.145540 0.172421 0.216563 0.224861 4.989904 13.966348 16.222388 16.228285 16.184723 15.867610 16.518768 15.906460 16.374610 13.972884 14.216736 13.039125 7.816219 0.296673 0.844406 1.972918 4.364987 7.596012 6.101881 6.964409 9.576866 8.592441 3.607865 0.798337 0.324352 0.374057 5.872033 8.666110 9.294424 10.155666 9.691578 9.763472 9.817734 9.863930 9.904189 9.935046 5.476192 0.335118 0.142677 0.089678 0.061168 0.054502 0.046695 0.071961 0.060485 0.057877 0.034417 -7.328922 -54.591752 -102.358861
7.454748 17.599219 17.299897 17.616002 17.114019 18.320017 19.897392 19.827996 16.111104 12.762302 8.475766 7.505277 6.544677 4.317349 4.986034 3.256403 0.582859 0.404752 0.292826 0.208260 0.149629 0.130518 0.168178 0.197385 0.230034 0.245567 0.342578 0.431694 0.243949 0.184485 0.147083 0.124983 0.178226 0.210364 0.295390 0.369207 0.298310 0.194420 0.293902 0.174507 0.169897 0.204815 0.545129 7.676798 7.752487 7.824196 7.892337 7.957422 0.174233 0.088976 0.226493 0.166349 0.129680 0.092766 0.071737 0.051093 0.032190
10.878384 8.628325 3.291541 0.363528 0.267107 1.584380 7.810009 9.253440 2.919084 0.332917 0.251097 0.200478 0.206046 0.210989 0.218167 0.321641 0.211825 0.185988 0.141975 0.132440 0.113349 0.103615 0.086910 0.098235 0.116002 0.142701 0.221961 0.130305 0.121150 0.101086 0.081634 0.093637 0.094378 0.103616 0.143969 0.169105 0.206107 0.136061 0.132343 0.109717 0.085896 0.107792 0.133372 0.168454 0.224606 0.268765 0.363377 2.894590 10.100165 10.138105 10.177693 10.213583 6.365462 0.269418 0.155648 0.115304 0.088210
0.334430 0.304102 0.245153 0.203345 0.173398 0.245937 0.370959 0.246011 0.195287 0.158520 0.137023 0.116064 0.091034 0.115435 0.130783 0.185660 0.129911 0.100999 0.080249 0.071555 0.055361 0.059628 0.049515 0.033138 0.045555 0.067379 0.099206 0.055107 0.051806 0.039182 0.035461 0.031094 0.032505 0.037574 0.052380 0.091765 0.101254 0.067140 0.059324 0.058175 0.046994 0.059544 0.076451 0.098670 0.119031 0.135778 0.134952 0.145178 0.162789 0.192611 0.252946 0.480249 9.420154 9.857051 9.866118 9.907249 0.276485
0.220341 0.203928 0.188627 0.171189 0.159193 0.194887 0.167084 0.137858 0.119529 0.093940 0.080825 0.068815 0.050031 0.052510 0.043448 0.073079 0.043548 0.033418 -3.421224 -30.689975 -64.579636 -82.649440 -91.871138 -99.047189 -94.569353 -80.788048 -72.003702 -85.644500 -94.706338 -106.341263 -111.662949 -114.176417 -112.694398 -103.103387 -79.807025 -59.278128 -50.199460 -56.901850 -60.299870 -58.499374 -50.318103 -24.694986 -2.494429 0.027493 0.048718 0.067305 0.078287 0.083263 0.090877 0.106836 0.121426 0.130603 0.156210 0.224922 0.500882 6.947777 12.610081
0.154871 0.141939 0.123242 0.101234 0.079072 0.147638 0.091859 0.080348 0.054738 -14.803036 -44.453533 -79.492892 -100.626083 -107.549850 -114.512407 -117.426766 -124.501056 -132.334280 -156.559696 -230.684209 -312.392192 -346.270134 -355.509767 -361.200365 -364.413022 -349.424792 -342.152118 -348.143994 -360.573147 -372.497749 -379.009307 -382.321454 -377.190822 -358.912606 -335.121494 -307.059706 -292.440789 -306.383575 -300.255952 -290.633824 -281.542344 -190.212619 -139.356755 -112.060187 -83.595649 -43.970984 -10.055478 0.016339 0.032404 0.047251 0.062900 0.072731 0.091626 0.125006 0.149174 0.167231 0.199625
0.089302 0.073981 0.061479 0.048181 0.029810 0.048119 0.021764 -14.245181 -79.228294 -147.968762 -249.108621 -327.082082 -362.124319 -372.908282 -379.069057 -395.390547 -404.877103 -413.140259 -416.183756 -431.952196 -448.142308 -458.449064 -461.848132 -463.378000 -468.433602 -469.090469 -466.654878 -461.510042 -467.602618 -471.077487 -470.060969 -472.056585 -473.500019 -467.105350 -457.081499 -451.115901 -446.017623 -443.059041 -442.620331 -442.365106 -427.842050 -413.720725 -396.731257 -372.286518 -336.340103 -261.378959 -161.608790 -125.115033 -102.793718 -73.834045 -34.548829 -2.828821 0.032325 0.061127 0.080227 0.097975 0.108955
-6.970896 -38.592372 -74.963529 -99.553416 -121.191903 -126.230664 -143.144703 -195.198836 -339.472060 -399.412232 -433.681513 -450.479568 -464.225805 -469.449160 -477.185450 -489.790323 -497.065071 -495.661320 -492.310547 -494.691882 -500.931158 -505.234246 -507.748104 -510.524335 -515.294232 -518.364744 -514.815678 -511.843338 -512.183620 -512.149576 -510.840779 -511.112890 -511.964385 -513.692648 -508.929254 -506.580962 -503.743430 -502.024939 -502.131040 -492.153736 -483.209816 -478.072183 -468.922449 -458.651130 -444.518956 -425.094977 -402.651445 -384.969518 -361.052679 -321.001518 -216.814004 -138.858203 -94.138824 -45.646353 -4.998628 0.030048 0.045959
-150.518352 -239.113092 -328.834054 -377.936143 -392.351055 -398.113445 -402.320763 -426.501514 -458.265382 -480.762906 -491.884547 -499.223555 -505.683187 -511.720092 -519.049817 -526.076535 -530.828589 -526.309275 -524.576015 -520.624370 -525.418286 -528.916158 -528.984166 -532.290898 -535.083790 -539.741220 -535.792223 -534.670277 -530.321818 -531.148340 -531.328088 -529.356782 -530.467482 -530.858413 -534.330859 -531.602782 -530.704359 -529.683050 -522.807704 -517.128426 -511.547045 -507.270614 -502.648659 -496.389733 -488.346528 -479.215006 -468.094357 -459.235799 -449.053044 -434.194548 -412.821629 -385.629498 -347.089851 -259.534309 -157.658558 -117.263860 -87.832944
-400.579049 -425.429827 -449.054801 -472.931208 -484.593933 -482.539476 -492.808974 -502.496363 -516.986557 -520.897464 -523.160145 -527.451919 -530.402286 -532.483642 -537.404857 -540.571923 -546.829124 -544.042248 -540.669268 -535.510663 -539.773156 -540.011859 -538.672032 -540.798460 -543.001311 -547.232053 -546.666128 -543.453949 -539.603790 -540.207704 -539.613971 -537.326161 -537.224787 -539.019496 -542.955121 -542.263741 -540.286699 -538.661330 -534.927082 -531.803125 -528.852367 -526.564511 -522.850587 -518.428887 -513.772988 -507.595808 -499.973121 -495.738793 -487.632043 -477.531041 -467.401866 -460.338660 -448.957533 -425.960897 -402.696935 -377.207583 -344.647995
-471.965575 -481.267513 -495.527853 -508.151702 -520.100475 -526.993574 -532.803742 -538.191827 -538.644599 -539.675232 -541.718222 -543.375878 -545.364779 -547.211082 -548.573580 -551.363569 -558.030099 -555.090046 -551.337034 -546.973101 -546.801796 -547.174345 -546.636145 -547.423248 -550.259098 -555.752904 -553.463776 -550.405532 -547.713241 -547.059162 -546.706308 -544.934191 -546.278677 -548.934168 -552.935926 -551.372460 -548.679456 -547.539326 -546.115065 -543.801075 -541.381968 -539.099917 -536.436748 -533.921998 -530.203255 -526.035927 -521.281426 -515.910842 -509.880855 -502.097716 -499.804524 -495.928674 -492.057636 -484.198237 -475.526485 -464.458541 -451.022417
-509.478340 -514.807764 -521.679217 -530.162846 -533.612047 -537.192304 -540.239916 -543.733974 -545.647368 -547.230848 -545.416902 -545.952172 -548.713242 -548.044275 -549.316222 -554.724474 -552.411935 -550.830921 -546.322044 -547.374970 -547.655291 -548.722716 -547.886890 -548.490547 -553.938755 -551.025737 -549.968625 -546.996332 -546.732948 -546.282838 -545.925816 -545.449142 -546.072722 -549.920430 -549.058432 -548.201807 -545.598513 -545.950547 -545.295359 -542.578538 -542.340637 -541.143985 -539.240113 -537.308379 -534.980587 -532.088325 -527.631213 -523.056661 -518.552078 -518.165960 -515.222532 -512.698883 -517.043992 -511.741395 -507.649458 -503.622580 -496.099965
