tests/Borden05m/data_simulated/sim_1/output-maps/psiliqL0009N0006.asc
ncols         160
nrows         34
xllcorner     620200.000000
yllcorner     5168000.000000
cellsize      0.500000
NODATA_value  -9999.0
[rows 0 to 25 of 34, columns 57 to 113 of 160]
-9999.0 -9999.0 -9999.0 -9999.0 -9999.0 -9999.0 -9999.0 -9999.0 -9999.0 -9999.0 -9999.0 -9999.0 -9999.0 -9999.0 -9999.0 -9999.0 -9999.0 -9999.0 -9999.0 -9999.0 -9999.0 -9999.0 -9999.0 -9999.0 -9999.0 -9999.0 -9999.0 -9999.0 -9999.0 -9999.0 -9999.0 -9999.0 -9999.0 -9999.0 -9999.0 -9999.0 -9999.0 -9999.0 -9999.0 -9999.0 -9999.0 -9999.0 -9999.0 -9999.0 -9999.0 -9999.0 -9999.0 -9999.0 -9999.0 -9999.0 -9999.0 -9999.0 -9999.0 -9999.0 -9999.0 -9999.0 -9999.0
-9999.0 -9999.0 11.435342 5.846476 0.402506 -4.714003 -13.901496 -23.255273 -31.976684 -36.018598 -36.961825 -37.827544 -38.214839 -32.877523 -24.882577 -17.214304 -9.950673 -7.542888 -5.084739 -2.746197 -2.208621 -3.499973 -6.765386 -10.075254 -13.504168 -14.986418 -23.344302 -34.872012 -43.884614 -46.662891 -42.113714 -37.530181 -34.943421 -28.778074 -17.786643 -6.753564 1.938710 13.803505 19.410031 24.607065 27.827177 23.801485 20.269868 16.586394 11.837067 0.808751 -9999.0 -9999.0 -9999.0 -9999.0 -9999.0 -9999.0 -9999.0 -9999.0 -9999.0 -9999.0 -9999.0
-6.117363 -2.825121 -13.756762 -18.647905 -22.054408 -24.332326 -29.552141 -38.451456 -43.937589 -49.470866 -51.201999 -51.218697 -51.161252 -46.935837 -36.960025 -28.925973 -24.098725 -21.632505 -19.112955 -19.030147 -19.507385 -19.887423 -22.799433 -26.238979 -29.656085 -31.455158 -31.380193 -39.025689 -44.389228 -47.664210 -48.889758 -46.381351 -44.017905 -40.912769 -31.181063 -22.779198 -14.374172 -0.127001 12.252029 17.516205 15.139009 10.115828 6.404583 -0.015650 -9.841900 -20.311129 -30.706752 -37.950752 -43.412251 -48.722529 -42.607575 -36.143231 -25.853545 -15.654350 -3.543658 8.668020 -9999.0
-22.072968 -19.233932 -30.180527 -38.727096 -43.301139 -43.329936 -41.211042 -45.003000 -49.758216 -54.014530 -46.080885 -44.806818 -43.613144 -40.359444 -36.953863 -34.529295 -31.720154 -26.351674 -17.333739 -14.656734 -14.125297 -13.989891 -15.810720 -18.921290 -20.703211 -23.463985 -28.649233 -29.530046 -29.033624 -28.932307 -23.626480 -22.081896 -20.690321 -27.720519 -24.356594 -18.043166 -11.085166 -4.047326 3.002808 7.626567 4.496612 3.253262 -5.127884 -19.021177 -30.570829 -39.385988 -41.951563 -45.187474 -52.964864 -65.269870 -58.360412 -42.782850 -38.091890 -34.397983 -22.428128 -10.072541 0.212344
-36.932813 -33.948013 -39.114860 -38.244738 -36.900922 -35.509061 -37.199830 -40.229596 -41.625335 -28.566500 -18.883821 -17.048627 -14.058283 -10.606970 -11.808933 -24.192491 -26.823743 -18.221550 -7.630845 -1.623793 -1.398848 -1.385812 -2.925085 -3.905622 -4.371162 -6.704969 -5.518324 -2.735368 -1.882088 3.424616 9.294135 12.146234 3.524423 -5.895092 -5.532316 2.031217 9.959953 17.365925 28.406158 40.134554 38.792063 32.838725 23.615820 9.567767 -14.306066 -34.538069 -45.357670 -52.184427 -59.302754 -60.142740 -62.546124 -51.929192 -50.198791 -48.503858 -39.940778 -29.604233 -19.472632
-22.315567 -13.959211 -20.094808 -25.862004 -29.387643 -28.851917 -28.540629 -24.884664 -11.317975 3.088227 18.690696 21.732611 24.532429 24.322489 14.576797 4.120218 -0.165102 15.089815 31.216780 39.758377 40.902649 41.541313 49.824371 48.026766 45.561569 40.207720 42.888004 46.010095 57.884164 66.024201 73.264961 71.516205 59.506019 48.022537 45.623609 47.173833 49.038508 54.809832 65.291280 75.457365 70.306472 62.326622 51.123775 21.111316 -7.805043 -25.630063 -25.471830 -25.429336 -30.391368 -33.852613 -37.802461 -45.645212 -46.302818 -47.101025 -47.759332 -35.841740 -23.675259
26.566202 43.202836 37.362284 28.730267 17.606530 18.021869 21.743482 30.583795 44.795330 64.505626 90.135117 94.835228 99.423126 103.655545 92.775563 80.329409 68.430458 84.857713 95.134389 104.792573 108.580905 120.754289 131.773409 127.349429 118.986372 109.599397 116.797555 131.482160 147.951439 155.810689 160.442817 161.043292 150.722307 144.390948 140.460278 139.669102 134.841762 137.399039 148.148639 163.371750 162.806258 150.970839 126.276668 87.902138 50.525249 26.562560 29.746790 22.324929 15.349532 10.328520 -4.683481 -16.898777 -17.785379 -27.910707 -34.647904 -23.537129 -17.762932
77.943399 97.293732 93.974109 82.890444 70.276158 70.451917 79.182674 89.823886 110.812375 137.932634 166.233241 180.436747 188.790214 199.080216 192.435094 182.747161 173.507855 181.010962 194.410298 207.880128 220.667453 235.481201 249.544225 243.930621 234.597502 232.130593 238.226355 258.336779 277.189292 286.358037 291.960703 297.923187 290.916156 281.342174 269.408033 257.661030 247.120838 240.348446 255.495979 270.128655 266.828944 240.215466 212.275879 173.587739 132.207799 94.240263 87.226491 83.742677 80.595571 63.355377 45.947118 25.737376 13.432388 3.173249 -12.782905 -8.788780 -3.749780
186.130024 209.171477 214.593810 200.304649 195.068911 200.542168 213.352492 221.773742 240.000738 273.914690 315.883278 346.995287 373.406461 379.489043 369.691424 358.924656 343.912228 339.066385 354.999982 369.446775 384.228525 400.020560 417.141864 428.535356 429.837830 431.766285 437.273653 446.275433 459.831554 475.100722 488.994382 499.374397 498.862879 485.483131 469.124225 448.742480 432.068906 424.713010 422.520214 430.008650 426.064119 397.640185 363.364327 325.027442 280.257741 239.513709 212.401253 210.518799 193.980911 172.532776 147.210951 106.739364 84.698916 65.342522 33.063224 26.764689 35.754741
324.267899 346.302718 364.794964 364.356787 367.445855 371.629283 379.628458 388.348979 404.474717 452.445246 501.117437 538.771282 566.092971 575.905296 566.421463 556.838581 545.874710 536.969601 539.659467 553.977109 571.428073 588.759543 601.678600 607.568096 607.940752 609.816786 613.567557 619.766221 627.057762 638.215769 650.323910 663.010676 674.293685 666.942762 645.200023 626.084259 606.787358 598.555478 595.677647 592.097234 590.267381 582.244319 550.008315 516.455201 473.465652 423.657914 387.336913 361.509427 335.879292 307.687065 255.700025 206.693272 165.349696 131.667227 98.352451 90.348321 112.730500
499.845099 533.955380 552.583208 557.529190 559.504969 562.063274 568.538803 575.970513 588.609525 617.239400 659.138504 697.043999 724.903031 729.216612 721.689010 713.046960 704.112675 696.285267 694.052163 700.301763 709.401227 723.006781 733.642006 743.595064 743.764208 744.851953 746.007091 749.600430 753.622540 757.669040 765.647970 776.596865 785.634059 785.748556 773.075144 755.993612 738.934230 731.544911 725.878447 720.938599 720.411927 719.689208 713.662002 688.822540 649.883121 599.295849 564.454795 537.858851 519.431085 495.113089 459.286414 395.447143 356.403351 314.352116 270.716043 237.123968 263.811664
649.056150 682.314008 701.474838 708.983409 708.603409 709.943695 715.899706 722.195501 733.358198 750.333740 770.883320 795.130450 817.452931 832.956033 830.460836 821.188310 807.738588 805.506805 805.536047 807.008445 811.861754 816.917686 829.032567 841.775786 846.150623 846.840410 845.116978 847.841192 849.916060 851.185213 852.416257 855.826518 861.153159 862.735406 859.046612 846.228121 829.778889 817.255172 810.328384 807.271024 805.448534 806.037206 804.974635 795.269418 770.353255 736.711086 705.339920 683.425294 665.680900 647.265832 627.216329 601.791400 577.542460 542.940124 492.637564 440.398194 417.055438
753.750835 777.178131 797.883920 811.091131 813.540606 817.802762 820.675589 829.089128 842.496407 857.911559 868.150065 880.556987 897.580854 907.385184 912.942225 914.623735 915.442075 918.364798 919.135730 905.860527 907.620463 908.845328 911.647994 916.059710 916.994393 916.933865 916.602499 917.878401 918.797618 919.810593 920.085482 919.395854 920.228591 920.326346 919.830502 916.077120 915.329815 901.349325 891.877133 886.441998 880.527761 873.331760 865.281093 857.761897 846.021504 825.426355 799.013452 775.707266 765.655593 758.136658 748.790272 739.681899 723.221701 701.512329 670.062574 626.857142 584.003733
835.968106 851.553698 872.210767 885.871411 893.408262 899.790229 903.127214 913.155573 923.735809 921.303299 922.406926 923.468136 924.654367 924.907310 925.151604 925.512725 924.152097 924.853353 924.361797 920.167124 911.634719 912.993938 913.695427 915.241550 917.866632 916.022663 916.828434 920.100275 919.458833 915.183940 912.624534 911.366291 911.383165 917.849752 920.568123 921.494211 922.029705 922.503077 923.453746 923.841182 923.773246 922.965060 921.562454 921.534002 913.928823 895.966846 871.138705 844.296546 832.161770 827.330558 827.325474 823.461013 818.065289 802.189306 778.917582 747.089579 712.696122
922.255354 924.313472 927.775056 928.976424 929.171620 930.282785 931.754323 931.568969 927.932941 924.227045 919.589512 918.305003 916.857748 914.395938 915.097719 913.586573 910.709902 908.801889 904.638534 895.994505 886.083329 884.342806 888.355162 891.862866 894.513061 896.214007 899.018283 901.011078 897.836413 891.967704 886.672129 885.256501 890.944235 895.338019 899.207554 899.580454 898.822040 898.246310 900.104563 899.357978 900.741721 906.775941 918.394292 924.232481 925.209591 925.619944 923.419527 918.324379 906.141865 888.108379 890.607570 886.308759 876.650991 859.813663 841.797233 819.528417 797.952876
926.526546 924.346722 918.390385 912.507895 911.482666 914.813744 921.108899 922.384891 915.922258 908.637909 902.718645 896.929205 895.206337 893.772853 893.084511 893.572783 889.809863 885.022064 873.550454 864.908140 855.819422 850.605884 848.830583 852.632175 859.525833 866.037129 869.706819 865.021554 860.182105 852.729063 846.939401 847.902185 849.951464 856.952778 867.723800 870.331976 871.581940 868.956915 867.599184 864.179598 863.524859 869.551681 881.653396 893.137570 903.425900 909.794025 916.298618 922.014367 926.809343 926.567435 925.706232 924.312358 921.638675 909.094757 893.065170 875.977189 858.371000
908.583868 904.617957 898.847395 893.720387 892.307745 894.731547 897.836839 895.245197 889.741336 881.524431 872.720263 864.578313 859.652523 860.327738 862.250056 863.389344 859.185093 848.362327 834.994107 824.562848 812.476139 808.699908 803.473085 798.729339 806.467413 819.604075 824.310428 813.427333 806.773440 796.296340 791.246047 789.591788 790.929480 798.564632 814.807027 830.936349 832.902361 826.875672 821.725360 820.194921 819.486348 825.656977 840.847274 856.215671 866.855958 873.495404 877.354188 883.635184 890.831685 899.545157 909.089697 916.926139 924.409866 925.603696 924.845479 923.199016 911.348931
889.748406 884.369856 879.275876 874.612934 871.202901 869.217523 867.180299 862.054976 856.702612 846.763252 836.795781 826.408827 813.784370 810.356022 807.820564 809.998227 800.774042 792.330249 775.633985 760.988567 744.310450 732.609100 724.548375 716.624834 719.408955 732.321122 740.357133 727.650223 719.755175 709.208167 704.813698 702.720299 704.498248 713.750292 735.155797 753.719092 762.566114 759.291294 758.657786 760.561636 762.591456 768.535937 781.992035 799.219148 816.636831 829.284597 836.495039 842.409357 850.056691 860.814921 870.410170 879.552533 891.389119 905.928423 917.069090 924.536462 928.745837
866.840271 860.286467 852.414426 843.844058 838.824068 839.616982 832.801890 826.368153 814.148791 772.755530 755.851344 736.598573 719.393693 712.008834 703.811859 697.782573 689.184929 682.595756 672.409004 652.515883 627.532950 604.128665 593.300351 584.951665 574.856011 579.673055 582.898089 584.718211 578.196032 572.460453 570.420867 568.767495 573.340564 588.625387 603.936887 618.984452 630.598841 635.025751 649.014510 662.181738 669.766320 687.895069 703.081709 722.148556 745.054231 768.586277 781.352464 790.520178 800.415929 813.549103 826.449472 838.726224 855.050932 872.928451 883.613394 890.879558 899.710211
835.996369 824.608640 813.632267 802.066261 790.020744 789.511196 783.744895 772.980111 732.526910 687.151414 649.524091 621.772828 591.075186 574.122934 560.555103 535.197921 520.708634 512.185004 511.582552 492.856351 461.938282 434.710112 418.902319 407.824600 392.325195 384.039872 388.551540 400.248527 394.138716 390.916373 394.329374 392.690259 391.440241 402.579411 423.411712 439.096956 456.696347 475.960157 490.252966 507.275258 539.014755 558.809960 580.174003 609.155057 642.006340 672.859002 697.839032 714.866875 732.568783 752.929104 769.090187 787.044302 806.234093 829.138505 843.372249 853.547657 861.584676
776.835529 760.447234 741.643401 719.897345 697.214190 691.665421 679.351237 653.765233 596.377573 543.077067 498.915614 459.378657 419.126289 391.730018 360.751266 325.828767 303.537923 305.160115 309.579666 303.802001 282.969616 263.989494 249.768769 234.362133 217.513407 206.215904 214.258189 223.194347 229.025468 231.651839 235.379565 237.360593 236.961811 235.618589 245.873040 258.100241 272.390474 287.010051 303.835071 337.886694 368.907962 392.959927 423.368817 458.861027 501.835770 540.845939 573.466385 600.411452 630.918287 660.108620 686.910466 710.878741 737.108194 765.674112 787.622218 800.787698 812.679526
691.159116 662.820447 627.598333 579.802130 557.419142 542.941556 524.612860 477.521700 412.666522 356.914151 318.430062 283.277351 251.121638 219.912346 186.381912 156.962090 135.934952 141.471319 147.233297 155.313149 140.771958 126.763271 118.445149 102.730112 87.910785 73.543852 81.465163 91.095754 106.954141 110.686435 113.991090 120.430869 119.435901 117.878740 111.715426 121.816536 133.389668 148.349510 177.002771 204.756244 232.162054 256.970803 282.799202 313.503625 348.881319 384.975153 422.904968 457.875452 496.589986 535.291087 568.589156 598.719971 631.722446 666.806889 694.976271 717.308329 740.343842
556.202186 519.614127 466.856562 403.576362 359.542466 339.371687 298.210052 256.603748 208.563908 179.817184 154.652551 126.928842 101.853685 78.281116 50.252603 26.058445 2.005888 5.519601 17.350546 30.496005 22.730144 17.632466 13.678659 1.654869 -12.339072 -26.046812 -22.378584 -7.498197 9.198416 16.049920 22.417908 29.912546 30.079394 23.841508 15.861411 21.957757 36.085638 52.749771 75.313309 99.177740 122.704037 144.931483 169.997934 197.196111 226.033734 257.617156 291.230143 319.922120 354.995371 392.242007 425.666922 454.085943 488.770176 530.131560 560.883928 593.434005 627.771296
390.269257 352.202923 300.468472 247.904707 198.964906 158.394468 122.156228 87.139510 63.987259 41.723041 20.968548 0.654050 -21.387413 -42.052878 -62.209048 -84.690390 -104.283875 -99.124354 -85.739095 -73.582717 -71.697136 -74.969080 -78.282297 -86.369068 -100.184841 -111.645049 -103.415735 -87.805275 -72.504911 -62.574721 -55.883227 -49.604903 -52.311921 -60.439906 -67.049573 -59.019124 -43.418156 -28.058102 -9.864571 12.178107 34.362399 56.821558 80.610996 104.907994 132.023132 160.423479 189.734000 219.258812 248.263203 277.240287 296.267813 316.877599 337.032187 365.941623 396.752236 432.883192 476.654075
229.374631 196.140709 157.496020 113.872831 79.322291 45.226580 12.697172 -19.228240 -45.555586 -64.470562 -75.625298 -91.265958 -111.312401 -125.513246 -142.879485 -162.166788 -163.603782 -159.977955 -147.662280 -145.431704 -144.778496 -147.855882 -149.061127 -153.944260 -165.727386 -159.879478 -152.015536 -136.885001 -125.764480 -116.319441 -109.945590 -105.711481 -106.227737 -113.328229 -110.506744 -103.125917 -88.250664 -76.108240 -60.459517 -39.189974 -21.267938 -1.213156 21.429715 45.002353 70.064240 96.828106 125.819132 152.609920 175.327599 188.625287 203.360808 214.488972 215.330896 235.978292 258.188069 282.599742 317.508587
95.104185 67.042425 38.702346 5.413386 -27.888834 -59.044123 -89.995241 -120.373469 -145.723120 -155.811673 -167.090530 -179.110985 -192.833950 -206.854079 -219.559403 -220.088280 -222.468254 -222.874531 -220.954375 -217.939415 -215.418464 -216.453607 -217.604336 -217.058025 -211.396902 -207.164023 -201.585289 -190.964242 -179.788215 -169.495123 -165.408865 -161.182424 -158.300996 -155.097879 -152.520975 -148.025527 -136.441050 -124.463229 -110.899350 -93.631470 -75.880864 -56.629505 -33.991616 -10.933081 13.812082 41.150206 68.972156 90.873963 102.525265 114.547154 120.860613 119.163730 118.093067 129.588627 146.101755 162.643195 189.773923
