tests/Borden05m/data_simulated/sim_1/output-maps/psiliqL0015N0002.asc
ncols         160
nrows         34
xllcorner     620200.000000
yllcorner     5168000.000000
cellsize      0.500000
NODATA_value  -9999.0
[rows 0 to 24 of 34, columns 0 to 55 of 160]
-9999.0 -9999.0 -9999.0 -9999.0 -9999.0 -9999.0 -9999.0 -9999.0 -9999.0 -9999.0 -9999.0 -9999.0 -9999.0 -9999.0 -9999.0 -9999.0 -9999.0 -9999.0 -9999.0 -9999.0 -9999.0 -9999.0 -9999.0 -9999.0 -9999.0 -9999.0 -9999.0 -9999.0 -9999.0 -9999.0 -9999.0 -9999.0 -9999.0 -9999.0 -9999.0 -9999.0 -9999.0 -9999.0 -9999.0 -9999.0 -9999.0 -9999.0 -9999.0 -9999.0 -9999.0 -9999.0 -9999.0 -9999.0 -9999.0 -9999.0 -9999.0 -9999.0 -9999.0 -9999.0 -9999.0 -9999.0
-9999.0 -9999.0 -9999.0 -9999.0 -9999.0 -9999.0 -9999.0 -9999.0 -9999.0 -9999.0 -9999.0 -9999.0 -9999.0 -9999.0 -9999.0 -9999.0 -9999.0 -9999.0 -9999.0 -9999.0 -9999.0 -9999.0 -9999.0 -9999.0 -9999.0 -9999.0 -9999.0 -9999.0 -9999.0 -9999.0 -9999.0 -9999.0 -9999.0 -9999.0 -9999.0 -9999.0 -9999.0 -9999.0 -9999.0 -9999.0 -9999.0 -9999.0 -9999.0 -9999.0 -9999.0 -9999.0 -9999.0 -9999.0 -9999.0 -9999.0 -9999.0 -9999.0 -9999.0 -9999.0 -9999.0 -9999.0
-9999.0 -9999.0 -9999.0 -9999.0 -9999.0 -9999.0 -9999.0 -9999.0 -9999.0 -9999.0 -9999.0 -9999.0 -9999.0 -9999.0 -9999.0 -9999.0 -9999.0 -9999.0 -9999.0 -9999.0 -9999.0 -9999.0 -9999.0 -9999.0 -9999.0 -9999.0 -9999.0 -9999.0 -9999.0 -9999.0 -9999.0 -9999.0 -9999.0 -9999.0 -9999.0 -9999.0 -9999.0 -9999.0 -9999.0 -9999.0 -9999.0 -9999.0 -9999.0 -9999.0 -9999.0 -9999.0 -9999.0 1085.648134 1068.389101 1053.073020 1050.383305 1072.612510 1095.882424 1119.607680 1140.113819 1158.610419
-9999.0 -9999.0 -9999.0 -9999.0 -9999.0 -9999.0 -9999.0 -9999.0 -9999.0 -9999.0 -9999.0 -9999.0 -9999.0 -9999.0 -9999.0 -9999.0 -9999.0 -9999.0 -9999.0 -9999.0 -9999.0 -9999.0 -9999.0 -9999.0 -9999.0 -9999.0 -9999.0 -9999.0 -9999.0 -9999.0 -9999.0 -9999.0 -9999.0 -9999.0 -9999.0 -9999.0 -9999.0 -9999.0 -9999.0 -9999.0 1133.662725 1139.563984 1140.541808 1130.173823 1118.978524 1106.585036 1086.553544 1068.974937 1054.453451 1052.064426 1054.706826 1059.383309 1081.595539 1106.306242 1125.956946 1142.739842
-9999.0 -9999.0 -9999.0 -9999.0 -9999.0 -9999.0 -9999.0 -9999.0 -9999.0 -9999.0 -9999.0 -9999.0 -9999.0 -9999.0 -9999.0 -9999.0 -9999.0 -9999.0 -9999.0 -9999.0 -9999.0 -9999.0 -9999.0 -9999.0 -9999.0 -9999.0 -9999.0 -9999.0 -9999.0 -9999.0 -9999.0 -9999.0 -9999.0 -9999.0 1041.719549 1059.023420 1077.011194 1095.362553 1112.059888 1118.821492 1124.629803 1130.292563 1126.108873 1121.524063 1110.171913 1090.816958 1071.409492 1057.828464 1055.945143 1053.538796 1057.741513 1070.377408 1087.091408 1103.040700 1123.847679 1147.454539
-9999.0 -9999.0 -9999.0 -9999.0 -9999.0 -9999.0 -9999.0 -9999.0 -9999.0 -9999.0 -9999.0 -9999.0 -9999.0 -9999.0 -9999.0 -9999.0 -9999.0 -9999.0 -9999.0 -9999.0 -9999.0 -9999.0 -9999.0 -9999.0 -9999.0 -9999.0 -9999.0 -9999.0 1046.592332 1040.669626 1035.641615 1034.112950 1032.752643 1031.617049 1038.374845 1050.223978 1068.027217 1089.689637 1102.639118 1109.826307 1116.487019 1117.165601 1112.024385 1110.096787 1110.489477 1098.589499 1086.882249 1075.934097 1065.347168 1063.600209 1073.065937 1087.177007 1103.344988 1118.099425 1133.421950 1143.235654
-9999.0 -9999.0 -9999.0 -9999.0 -9999.0 -9999.0 -9999.0 -9999.0 -9999.0 -9999.0 -9999.0 -9999.0 -9999.0 -9999.0 -9999.0 -9999.0 -9999.0 -9999.0 -9999.0 -9999.0 -9999.0 -9999.0 -9999.0 1017.067605 1022.711271 1029.206199 1036.659459 1037.548422 1033.558574 1027.968706 1024.962801 1023.441928 1021.604778 1026.025551 1033.871211 1047.260891 1062.900210 1084.724813 1093.185451 1098.959512 1111.018347 1113.856155 1119.837451 1123.882119 1122.147698 1119.117599 1106.283962 1096.674683 1101.302309 1106.882641 1113.638125 1121.603982 1134.925992 1149.955459 1166.866662 1186.586541
-9999.0 -9999.0 -9999.0 -9999.0 -9999.0 -9999.0 -9999.0 -9999.0 -9999.0 -9999.0 -9999.0 -9999.0 -9999.0 -9999.0 -9999.0 -9999.0 -9999.0 -9999.0 -9999.0 992.283211 993.202043 994.403472 999.085541 999.820570 1001.885166 1008.802804 1016.885673 1019.259770 1017.429387 1016.007670 1017.455332 1020.079145 1024.371438 1035.456646 1049.094112 1063.111446 1076.714941 1097.435544 1112.020362 1125.339478 1141.149930 1140.533341 1136.511754 1134.661670 1135.054930 1135.026747 1138.448625 1140.700938 1146.879984 1151.090108 1157.076432 1166.330221 1177.789577 1195.680348 1215.035318 1234.254200
-9999.0 -9999.0 -9999.0 -9999.0 -9999.0 -9999.0 -9999.0 -9999.0 -9999.0 -9999.0 -9999.0 -9999.0 -9999.0 -9999.0 -9999.0 -9999.0 963.656819 965.484716 967.691010 973.077048 976.014813 979.968597 986.870367 988.090224 991.769638 998.832283 1003.596445 1012.356606 1020.337689 1027.520685 1033.355104 1035.878045 1043.081581 1052.498399 1064.141284 1079.057011 1100.190698 1123.110712 1139.121210 1155.763559 1172.718162 1173.228326 1172.012675 1173.003009 1173.237559 1179.043851 1196.130557 1201.615241 1202.217110 1218.028895 1231.836433 1236.762562 1244.353078 1263.341907 1286.636835 1308.906659
-9999.0 -9999.0 -9999.0 -9999.0 -9999.0 -9999.0 -9999.0 -9999.0 -9999.0 -9999.0 -9999.0 -9999.0 -9999.0 917.271273 921.377222 930.953996 940.351444 942.890043 947.194640 953.259841 965.399068 968.961028 975.089229 982.538891 994.369384 1002.873184 1011.879971 1023.561469 1031.778897 1038.809019 1045.589092 1050.779543 1063.644283 1078.517663 1093.884926 1113.731226 1135.433786 1155.526559 1175.561786 1191.213646 1204.606050 1206.106833 1205.058623 1207.346040 1214.736579 1231.529355 1250.207128 1258.737791 1276.490155 1299.611884 1313.171263 1324.829075 1333.515093 1347.010311 1368.158793 1401.984953
-9999.0 -9999.0 -9999.0 -9999.0 -9999.0 -9999.0 -9999.0 -9999.0 -9999.0 -9999.0 884.903082 887.121768 883.627131 883.165369 888.249825 900.307145 914.003193 920.436959 931.959798 952.804219 970.520691 973.880269 988.193893 998.250358 1004.854702 1015.169310 1028.119040 1040.690365 1057.203776 1069.425490 1080.606745 1099.660246 1115.831696 1132.100499 1149.587951 1169.598388 1188.892896 1216.759552 1243.402375 1255.857193 1277.682621 1288.123561 1285.316439 1285.453156 1294.613346 1310.622237 1331.911826 1355.465369 1377.816237 1403.898933 1421.872040 1437.086207 1448.460928 1461.225216 1477.403974 1513.511962
-9999.0 -9999.0 -9999.0 -9999.0 -9999.0 -9999.0 -9999.0 -9999.0 860.533873 867.833088 873.825027 870.733255 866.144523 862.014218 875.675149 891.373839 907.300347 924.825315 940.668210 958.703329 973.739924 989.702446 1009.329574 1020.782235 1032.195357 1047.315665 1060.778129 1077.597438 1098.634291 1110.904015 1127.105508 1148.124564 1166.327201 1184.073144 1202.602061 1220.534521 1246.446412 1279.601575 1311.268472 1333.640267 1361.545146 1384.414278 1383.804810 1386.520840 1391.350537 1417.601522 1447.765406 1479.566951 1506.070095 1534.923296 1566.061477 1585.725599 1597.589987 1611.025811 1626.933022 1646.904955
-9999.0 -9999.0 -9999.0 -9999.0 -9999.0 -9999.0 833.695806 857.835442 872.710560 864.628582 854.353943 850.456082 846.126379 869.694105 891.494774 908.602069 925.373342 942.866832 959.248462 971.840909 1005.118599 1022.732816 1036.728567 1054.315735 1068.688618 1083.099711 1100.311224 1123.369489 1144.754972 1173.784533 1198.881060 1222.221284 1248.097571 1267.558017 1286.235534 1304.284586 1335.367789 1372.592322 1409.351126 1438.443555 1466.144069 1497.509919 1505.019984 1511.361887 1519.209839 1541.627519 1575.011647 1607.344602 1643.239489 1677.617909 1706.787186 1720.733801 1732.644119 1744.985739 1759.218035 1772.272972
-9999.0 -9999.0 -9999.0 -9999.0 800.729488 821.527832 841.313987 871.770352 894.081249 888.861508 895.191707 894.991337 892.806575 896.467741 903.340880 921.223797 939.687273 958.414071 975.872204 1010.147050 1053.992593 1068.998448 1092.667210 1124.219743 1137.598112 1152.676370 1168.759301 1191.500503 1217.596067 1250.429520 1293.271543 1329.742109 1355.136825 1377.853222 1399.128487 1421.172645 1455.649583 1493.870811 1531.597913 1566.896711 1598.013617 1625.096336 1638.593690 1647.538359 1660.693677 1678.893549 1702.522805 1732.267963 1766.039450 1800.423802 1827.618050 1842.960824 1852.168946 1863.676919 1874.576767 1887.026107
-9999.0 -9999.0 -9999.0 751.304232 789.890077 827.607950 854.336053 884.938275 916.748140 920.885707 929.497017 933.891269 938.176694 946.317504 954.420359 971.275658 987.317488 1003.148431 1024.894105 1061.087485 1095.379313 1124.182892 1155.557233 1181.499380 1201.655586 1217.317379 1235.779363 1259.493156 1298.856312 1335.723794 1385.453458 1438.291230 1474.877768 1499.324226 1522.145775 1550.274513 1576.409384 1614.082090 1650.583726 1685.561379 1719.135946 1745.420427 1765.313967 1774.139546 1785.176692 1795.511435 1813.740822 1837.477901 1861.534501 1892.375113 1922.489414 1948.868038 1964.060159 1974.856144 1991.308167 2007.774916
-9999.0 -9999.0 704.230882 742.006181 775.827119 825.661115 878.264656 912.266091 952.607854 975.751466 981.897206 998.227887 1013.617434 1020.247817 1035.204629 1051.899144 1069.433954 1076.011496 1092.630263 1122.074804 1170.667299 1215.023809 1234.744334 1284.751238 1317.716981 1345.532384 1363.556710 1390.388333 1425.982431 1467.298288 1515.761010 1565.986340 1604.850800 1636.703996 1654.439219 1675.374862 1699.551569 1725.435391 1761.308415 1791.990868 1825.391976 1852.980614 1875.842565 1883.610396 1889.846173 1907.123449 1933.320849 1961.188295 1987.507609 2012.835519 2017.227939 2030.759702 2037.612995 2041.881518 2047.404771 2051.391483
-9999.0 -9999.0 677.383925 722.218334 762.067683 827.865698 907.317648 943.813654 985.968966 1031.077399 1048.882457 1072.584450 1083.471370 1092.076752 1114.983066 1136.884746 1149.261850 1155.912344 1155.258258 1210.105056 1267.523320 1316.601669 1361.904824 1428.896286 1474.733529 1492.344380 1505.842689 1527.231138 1552.373127 1595.876195 1643.635273 1697.140690 1741.521247 1773.498892 1791.004684 1810.879310 1832.642787 1851.828407 1872.522010 1913.579588 1942.858129 1970.113916 1998.124466 2019.311074 2028.770138 2033.771918 2024.481186 2036.380381 2045.137131 2050.081823 2052.913658 2051.072910 2051.590437 2053.135837 2054.738132 2050.240793
-9999.0 588.499112 640.551448 693.449018 761.870482 828.480912 910.749668 989.688713 1045.956683 1092.373097 1120.525729 1131.576854 1166.549215 1208.107872 1233.791186 1260.235708 1263.691386 1269.290790 1259.510416 1307.788484 1356.812266 1430.015700 1538.618492 1595.679526 1641.945835 1645.504867 1642.189267 1655.910617 1680.569606 1725.001849 1793.057885 1841.514189 1895.794881 1937.167351 1953.685167 1962.074869 1981.061364 2002.229489 1989.747297 2014.444573 2026.844270 2037.292668 2041.526884 2044.674980 2047.297160 2049.233106 2047.978444 2043.608271 2037.749783 2033.859674 2031.162694 2027.621782 2030.627746 2034.182201 2035.039002 2028.296715
-9999.0 552.920328 612.189062 683.325357 753.846072 820.512501 922.467902 1064.927369 1117.610002 1153.800994 1175.304806 1195.945420 1272.705642 1338.648769 1373.217687 1418.309391 1413.897216 1404.607425 1391.678458 1424.671490 1473.944579 1547.763360 1690.379742 1775.356146 1806.033579 1819.386040 1828.596816 1856.999640 1895.272512 1933.048675 1967.563684 1967.837611 1996.376217 2011.688295 2017.604037 2021.241980 2026.942303 2029.115013 2029.243881 2027.592051 2024.843599 2026.716422 2032.201804 2033.441482 2032.182852 2030.713464 2026.804299 2020.846749 2016.714425 2013.169260 2011.144015 2008.487822 2006.847922 2006.520660 2001.729102 1995.610113
-9999.0 522.922153 594.102817 657.208312 721.230876 834.316565 959.322693 1093.464958 1184.722179 1221.034816 1242.376740 1310.351179 1411.260391 1508.378495 1561.726464 1589.072586 1592.279981 1572.913694 1577.356388 1622.755763 1687.954697 1780.221827 1873.389050 1951.457434 1967.303321 1974.012007 1955.856611 1972.537569 1988.045836 1993.292734 1997.442487 2003.625828 2011.339660 2016.575785 2017.761525 2017.308120 2014.863564 2008.956074 2005.707935 2003.785028 2001.439453 2001.851324 2005.198392 2007.215694 2005.638912 2002.900675 1999.505734 1994.846545 1989.517114 1983.465484 1979.676916 1975.409070 1972.584783 1966.730724 1961.255777 1953.930964
-9999.0 422.773258 511.158408 565.484402 678.629510 852.312034 977.812816 1125.791822 1270.137288 1307.273278 1380.688398 1500.882803 1607.747696 1684.129015 1727.309799 1771.386519 1802.657347 1828.099417 1864.615398 1822.381906 1880.035490 1938.917878 1965.975689 1980.530468 1985.705316 1990.264358 1985.854804 1970.201354 1963.192632 1959.573996 1963.932908 1973.483131 1980.909332 1988.127119 1987.760937 1989.848319 1991.221877 1988.793586 1985.784221 1978.093904 1970.802827 1965.192619 1963.480266 1968.921167 1964.577200 1962.135088 1956.909910 1949.578934 1941.390357 1933.966945 1926.042109 1918.582352 1914.518735 1907.297517 1903.767221 1893.270896
-9999.0 341.920816 418.510025 506.809068 643.790106 807.217849 934.911029 1100.130059 1306.565854 1421.320142 1545.409178 1618.935951 1694.461173 1758.163678 1823.327297 1872.773038 1900.399748 1913.317554 1905.064684 1918.403072 1888.734108 1884.112451 1903.562515 1932.046249 1947.932222 1954.756391 1949.478135 1941.987245 1937.520111 1938.719581 1939.285504 1939.218542 1938.722187 1937.690727 1935.664892 1938.507896 1943.628840 1937.782142 1929.067644 1920.454969 1912.403214 1903.476100 1897.535921 1893.851927 1892.885172 1892.914821 1885.835859 1875.874474 1865.517284 1857.171460 1848.873195 1842.065838 1837.563819 1830.224250 1819.565240 1804.521524
-9999.0 242.930835 364.296487 457.698208 578.520188 714.609105 839.574576 1001.540795 1147.903465 1365.863349 1521.734889 1631.974930 1676.728730 1739.313367 1801.665314 1871.402957 1878.801164 1853.395817 1823.896245 1811.867891 1819.655789 1830.865153 1845.044034 1865.523110 1884.557780 1896.117542 1900.489696 1895.139889 1883.282482 1875.078602 1869.113608 1859.989991 1853.595311 1853.023148 1854.576960 1862.204662 1864.312413 1855.019039 1841.414773 1824.188647 1808.762342 1796.860814 1793.068231 1793.885447 1793.663287 1789.969959 1783.305048 1772.872167 1760.312509 1748.153451 1739.998860 1733.157319 1724.164527 1711.673048 1697.919529 1682.759472
-9999.0 -9999.0 288.749152 399.635779 507.289769 629.467373 743.563802 885.223536 1033.714888 1212.792230 1329.137380 1461.160383 1536.211828 1584.826793 1636.716511 1693.816065 1715.553963 1737.730162 1724.391130 1731.017892 1739.123720 1746.079911 1756.277684 1768.345907 1782.523696 1793.833810 1803.048753 1802.110921 1794.033558 1777.434234 1757.410167 1742.129052 1733.652257 1726.939797 1736.555973 1747.875447 1744.499937 1737.295118 1724.374605 1707.269458 1692.665805 1677.431209 1672.471835 1671.888207 1671.460571 1668.286215 1663.751798 1650.855525 1637.793150 1625.626621 1619.344509 1611.937809 1604.958283 1592.325243 1578.877508 1564.479207
-9999.0 -9999.0 204.350835 312.957876 427.118353 550.099884 649.582035 722.474790 873.118251 987.532852 1090.657557 1188.740680 1271.807689 1336.228076 1380.891238 1443.041878 1486.030047 1503.384211 1525.523365 1557.291632 1583.934690 1612.549929 1631.464731 1644.518484 1659.156659 1673.426868 1682.864503 1671.756005 1661.384235 1645.270735 1624.408756 1601.570790 1589.832094 1586.686532 1588.711594 1593.387363 1587.299476 1577.337548 1562.257690 1545.678393 1531.431467 1519.047022 1513.939862 1509.617870 1507.664936 1504.438305 1501.148839 1492.779831 1481.655751 1473.939956 1465.105615 1458.498926 1454.567845 1447.077418 1437.175633 1430.367309
