tests/Borden05m/data_simulated/sim_1/output-maps/psiliqL0001N0008.asc
ncols         160
nrows         34
xllcorner     620200.000000
yllcorner     5168000.000000
cellsize      0.500000
NODATA_value  -9999.0
[rows 0 to 25 of 34, columns 58 to 115 of 160]
-9999.0 -9999.0 -9999.0 -9999.0 -9999.0 -9999.0 -9999.0 -9999.0 -9999.0 -9999.0 -9999.0 -9999.0 -9999.0 -9999.0 -9999.0 -9999.0 -9999.0 -9999.0 -9999.0 -9999.0 -9999.0 -9999.0 -9999.0 -9999.0 -9999.0 -9999.0 -9999.0 -9999.0 -9999.0 -9999.0 -9999.0 -9999.0 -9999.0 -9999.0 -9999.0 -9999.0 -9999.0 -9999.0 -9999.0 -9999.0 -9999.0 -9999.0 -9999.0 -9999.0 -9999.0 -9999.0 -9999.0 -9999.0 -9999.0 -9999.0 -9999.0 -9999.0 -9999.0 -9999.0 -9999.0 -9999.0 -9999.0 -9999.0
-9999.0 -460.096792 -461.415066 -462.156531 -462.363492 -464.129848 -465.340177 -466.976353 -467.015798 -466.654254 -467.001157 -467.914092 -467.061212 -466.040779 -465.259898 -463.918567 -464.511306 -464.494912 -463.955268 -463.797392 -464.008010 -464.611101 -464.895648 -465.276235 -464.183864 -466.182079 -468.805243 -470.810676 -471.147520 -469.182512 -468.154288 -468.607667 -467.826436 -465.927687 -464.495592 -464.506575 -462.745839 -463.747832 -463.153839 -461.636978 -462.764569 -462.766394 -462.178488 -461.186099 -464.205036 -9999.0 -9999.0 -9999.0 -9999.0 -9999.0 -9999.0 -9999.0 -9999.0 -9999.0 -9999.0 -9999.0 -9999.0 -9999.0
-461.497044 -468.238958 -468.565158 -468.412218 -467.833761 -468.446022 -470.524505 -470.790694 -472.432417 -473.188560 -473.406539 -474.215814 -473.861987 -471.159253 -469.343712 -469.027943 -469.730009 -470.174692 -470.959337 -471.444523 -471.232717 -471.829570 -472.323986 -472.868468 -472.479100 -470.324072 -472.293513 -473.196075 -474.221414 -475.480825 -475.150177 -474.898342 -474.925143 -472.483840 -471.923997 -471.771227 -468.654973 -465.742097 -465.210405 -466.673861 -468.005174 -467.217523 -466.816066 -467.651831 -468.383613 -467.513659 -467.718704 -467.672934 -468.874708 -466.989630 -467.460760 -465.666380 -464.342208 -462.802178 -460.032530 -9999.0 -9999.0 -9999.0
-466.295223 -471.135498 -473.861648 -474.591087 -473.811725 -471.530117 -472.163308 -473.805229 -476.553711 -473.677378 -474.213109 -474.601720 -474.211729 -473.367778 -473.043042 -472.729289 -472.330390 -469.983597 -470.420284 -470.725599 -470.571264 -470.944176 -471.661306 -471.426468 -471.729736 -473.853503 -473.399266 -472.828225 -473.401736 -471.320044 -471.291827 -469.949141 -473.805543 -473.337174 -472.789597 -472.623887 -472.746698 -472.765861 -472.365020 -474.049684 -472.550840 -473.366499 -475.628974 -475.544801 -474.595010 -471.582788 -469.951311 -471.161197 -476.418883 -473.688792 -468.025050 -468.904769 -470.306293 -467.976986 -465.750156 -462.020541 -462.820290 -463.208741
-474.021436 -475.973200 -473.721398 -471.937587 -470.835436 -471.756456 -473.687618 -476.204344 -471.772896 -470.279879 -471.615224 -471.218461 -469.888408 -469.679379 -475.415774 -476.942532 -475.023114 -473.134286 -472.488901 -473.720077 -474.306026 -475.345062 -475.227499 -474.445969 -474.929429 -474.005942 -473.348322 -474.623391 -473.399492 -471.943498 -470.293257 -473.695175 -476.717655 -476.502356 -473.996757 -472.398561 -471.942754 -469.748615 -465.783191 -466.531237 -467.124623 -466.808711 -466.118783 -470.251422 -474.215715 -475.657362 -476.200886 -477.373158 -476.011125 -477.074056 -472.423658 -472.989728 -473.968590 -472.067470 -470.856753 -469.102503 -467.784044 -468.083737
-472.475476 -475.602649 -477.038341 -477.554406 -476.983211 -477.712368 -477.912041 -474.267277 -472.849155 -469.797885 -471.709944 -471.805485 -471.945594 -475.525418 -478.031407 -479.938416 -474.399524 -470.298621 -469.324201 -470.964085 -472.389159 -468.323278 -469.472814 -469.704756 -472.027458 -471.244809 -472.125777 -468.225748 -467.037013 -464.974108 -465.817767 -469.734283 -472.977269 -472.984613 -472.685199 -473.382987 -472.824807 -470.805241 -467.950953 -470.540488 -470.995335 -469.442705 -475.578594 -480.057937 -481.078203 -476.261194 -473.481607 -473.674623 -472.977940 -472.450908 -475.441098 -474.577602 -474.199312 -475.856450 -472.611537 -469.409446 -469.265382 -472.385478
-462.523022 -466.182120 -468.254209 -472.431118 -471.829408 -471.551184 -470.551922 -469.369567 -466.612898 -460.054596 -462.587204 -462.507870 -459.965436 -463.783195 -467.105697 -472.898554 -466.574191 -465.946430 -464.548895 -465.527549 -460.894300 -456.553935 -458.935874 -462.113064 -466.357639 -463.855040 -458.712613 -454.138875 -453.565811 -453.298477 -452.246059 -455.681543 -456.075346 -456.525176 -455.933218 -458.668741 -459.009582 -455.901401 -449.741698 -449.046812 -451.564591 -456.593167 -464.640125 -471.990344 -475.724872 -468.921111 -470.475678 -470.946438 -469.319533 -472.529156 -474.106817 -470.289370 -472.930311 -475.048523 -470.321952 -470.230108 -471.223755 -475.322087
-463.999405 -466.642504 -470.664841 -475.126080 -475.025580 -472.468055 -471.710545 -467.000772 -460.475993 -453.269334 -449.674680 -445.732854 -440.584482 -444.530402 -448.196659 -452.641921 -451.927759 -447.022740 -442.376854 -435.974988 -426.278719 -415.098208 -415.310265 -418.337860 -418.017103 -416.518969 -408.617263 -401.680436 -399.245490 -397.633267 -393.433156 -395.979956 -400.515090 -405.784397 -411.416206 -416.717688 -421.790170 -415.652427 -409.165516 -412.032949 -429.390821 -441.593147 -451.943907 -461.377779 -472.613566 -471.821516 -469.215851 -466.417624 -470.261673 -471.249956 -474.306331 -474.227857 -472.917344 -477.170830 -474.465365 -474.322527 -471.460981 -466.567753
-438.362144 -435.383077 -442.633274 -443.260172 -440.663090 -435.504989 -433.656692 -425.471447 -406.245240 -380.780982 -353.077031 -310.395409 -298.788042 -323.131752 -343.041017 -362.559770 -371.496761 -359.202053 -341.063845 -306.358377 -238.358752 -192.555892 -171.339858 -165.872353 -163.586507 -161.388043 -160.446642 -157.088664 -151.815895 -146.590700 -141.846791 -141.710542 -148.778369 -153.711972 -160.536408 -167.665395 -169.834452 -174.926364 -175.897923 -192.854323 -257.906609 -341.676467 -376.444358 -400.563959 -419.837834 -437.902892 -437.658463 -443.399686 -447.273967 -451.418089 -463.426618 -465.606139 -466.205523 -476.523524 -477.423607 -474.295738 -470.120392 -466.494733
-367.888466 -348.695222 -346.067886 -340.676801 -335.666922 -323.782062 -300.194378 -240.364100 -181.926265 -141.594848 -111.740715 -86.156494 -76.619402 -89.206175 -101.855639 -113.575054 -122.073940 -119.276259 -101.399308 -74.753698 -42.127909 -20.588561 -12.261133 -10.980738 -9.560427 -8.196394 -6.113428 -5.257481 -2.488518 0.600018 3.005615 3.220345 3.154982 0.903994 -3.987238 -12.626302 -15.244727 -16.253215 -23.097460 -32.490393 -52.934953 -98.749179 -130.842614 -163.277974 -214.398569 -306.810561 -357.713956 -377.565146 -390.147035 -414.393796 -436.600460 -454.230450 -464.208806 -473.606010 -475.333707 -463.945440 -453.093958 -459.216463
-119.595985 -106.010880 -102.030505 -99.900582 -96.032068 -86.689914 -73.002430 -50.425234 -26.905674 -1.054759 3.452492 3.876439 3.886099 3.709931 3.559125 3.409345 3.295673 3.278719 3.418388 3.611701 3.917311 4.118889 4.314866 4.285956 4.300023 4.283092 4.315556 4.333037 4.315224 4.374515 4.495661 4.610888 4.675201 4.552661 4.390069 4.207726 4.182527 4.123700 4.031715 3.989118 3.899319 3.794890 3.378401 -4.865548 -42.457599 -84.824490 -116.138420 -130.700482 -146.347371 -168.543605 -238.873405 -328.614451 -370.561480 -397.672808 -420.605745 -410.516625 -426.200757 -433.316356
3.232253 3.477346 3.552952 3.504860 3.523417 3.635926 3.745389 3.941175 4.155497 4.337289 4.580780 4.868374 5.206575 5.101023 4.955470 4.715112 4.747835 4.762005 4.777909 4.853222 4.880880 5.069913 5.301547 5.375829 5.392328 5.256530 5.335896 5.358320 5.331173 5.271608 5.284633 5.399712 5.517999 5.445350 5.263793 5.043687 4.851239 4.759163 4.735924 4.705493 4.744558 4.765872 4.716532 4.454757 4.039732 3.558893 3.248008 3.011759 -3.631261 -16.154196 -38.146647 -73.316396 -105.032735 -140.789350 -181.218740 -229.140466 -308.332983 -347.556031
4.409321 4.637833 4.804802 4.805189 4.886281 4.885880 5.019515 5.227890 5.446456 5.549841 8.781492 24.110999 32.819526 37.099950 39.672415 39.020295 42.403224 40.828074 42.215042 41.607741 43.026518 41.736142 45.460984 44.228910 45.735198 44.007754 45.879374 44.251185 45.578755 45.296311 42.737659 43.482307 42.118827 43.231493 40.000121 33.534260 19.366698 9.296273 5.838595 5.638601 5.488746 5.336304 5.231456 5.133142 4.903125 4.623774 4.350034 4.332028 4.312973 4.217705 4.105699 3.797296 3.506250 3.143994 -13.186170 -50.977511 -79.985560 -107.786768
5.175902 5.507958 8.087470 16.247732 22.522295 26.158195 35.612886 46.017658 46.284689 47.976922 45.977224 47.880858 45.746955 47.813442 45.569626 45.719288 43.625879 44.466439 37.967729 30.400946 31.095513 32.752340 34.174201 38.280581 35.528403 37.368820 38.795146 38.567939 32.778722 29.886395 28.468584 28.082312 35.059567 36.749437 38.253294 37.886766 38.081626 37.481039 37.511458 37.527342 36.960854 37.238171 31.930791 24.636523 6.921204 5.387266 4.994510 4.833583 4.798036 4.916046 4.882475 4.902115 4.753541 4.559516 4.227596 3.749747 3.507986 3.289150
47.941139 49.438625 47.871578 49.323167 48.484232 52.292437 49.840272 47.113166 44.763556 38.892473 39.255532 36.875355 35.824147 35.400308 34.475081 30.291330 27.990414 22.805631 13.300629 5.558929 5.447928 5.814004 9.238938 12.687366 14.827994 17.571242 19.252013 15.428031 8.323616 5.556023 5.431138 6.045386 10.505283 14.152069 14.674498 12.998435 11.323547 11.616809 9.713153 10.193842 15.527386 26.680940 34.397689 33.827633 33.800411 33.805363 33.638344 13.851124 5.469925 5.892485 5.664180 5.458794 5.183653 4.998805 4.797920 4.639153 4.380220 4.390522
40.647534 34.233078 29.646802 28.783556 33.059264 38.168440 40.888353 33.736786 26.638063 20.875528 15.486099 13.682048 12.410402 11.439197 11.666764 6.780330 5.618496 5.336622 5.227008 5.098744 5.038866 5.004239 5.093277 5.211361 5.320874 5.554947 5.311040 5.241650 5.109608 5.004443 5.049184 5.064411 5.167022 5.370918 5.393248 5.483142 5.290822 5.281886 5.175121 5.106875 5.204480 5.410365 5.636658 8.561202 14.863495 21.019817 26.356842 33.207995 33.048861 32.757085 32.712518 28.324087 16.345708 5.700455 5.382270 5.157879 4.848259 4.878004
18.766861 12.769220 7.612515 6.324969 9.423198 12.906649 11.018590 5.964541 5.454222 5.304771 5.174356 5.108117 5.177581 5.232325 5.350735 5.234774 5.082608 4.944777 4.891130 4.765048 4.815739 4.752429 4.633705 4.750506 4.950696 5.073244 4.822700 4.782268 4.636697 4.588618 4.567812 4.576094 4.655843 4.855407 5.121105 5.132013 4.941209 4.842391 4.812827 4.739577 4.802464 5.002874 5.175505 5.269037 5.340403 5.357070 5.450599 5.562468 5.804737 12.391710 21.172295 31.435478 31.482157 31.377908 31.115895 15.888921 5.718539 5.485535
5.432794 5.337656 5.258729 5.213958 5.284338 5.266166 5.175169 5.127826 5.123547 5.064395 5.001964 4.827201 4.819053 4.769694 4.902368 4.733278 4.688091 4.490000 4.407906 4.259665 4.181438 4.089808 3.889090 3.863142 4.035691 4.220296 3.944915 3.853408 3.665624 3.617843 3.591237 3.630868 3.807719 4.204424 4.484591 4.611700 4.466558 4.399344 4.375512 4.350687 4.351500 4.499997 4.680836 4.851065 4.943168 4.978689 4.998820 5.046682 5.159026 5.257800 5.356110 5.541206 8.695141 20.377199 28.148407 33.414170 33.353793 32.888306
5.146441 5.065517 4.950729 4.892962 5.078702 4.924846 4.899332 4.925235 4.299495 4.274089 4.072749 3.831217 3.685502 3.461290 3.374402 3.236350 3.209736 3.142831 2.957831 -4.795151 -16.860420 -25.016000 -40.324196 -63.766591 -66.126799 -62.381704 -58.503907 -67.059298 -76.208600 -79.328296 -80.459910 -70.866855 -42.673343 -20.427099 -6.442347 -0.007476 -2.491063 2.946775 3.107104 3.105668 3.433768 3.703251 3.971257 4.234943 4.506278 4.574541 4.620095 4.668724 4.772438 4.878298 4.947906 5.104304 5.315089 5.449902 5.537883 5.788070 11.653315 23.095604
4.895839 4.813988 4.706560 4.553506 4.670119 4.634351 4.630648 4.062502 3.355585 -2.349214 -15.103186 -41.744485 -71.858470 -95.352909 -120.759871 -132.190592 -138.311813 -134.549184 -142.633872 -157.577654 -173.645638 -189.221974 -220.777072 -281.559454 -300.958879 -287.973981 -261.431625 -287.006684 -306.799848 -306.311428 -312.325229 -306.713792 -243.823292 -189.597680 -168.664426 -156.759690 -148.146315 -144.304755 -139.942218 -114.526421 -91.912923 -55.970988 -24.157041 -3.117647 3.287105 3.706289 3.939063 4.128837 4.345018 4.439058 4.585833 4.724703 4.960118 5.046962 5.121984 5.163937 5.216718 5.357296
4.349175 4.136568 3.827661 3.369349 3.354325 3.203217 0.166277 -43.195188 -101.236112 -139.913633 -168.054107 -213.085390 -292.018186 -344.828264 -376.074197 -389.365309 -388.555801 -384.380708 -388.719943 -399.539335 -408.642345 -415.575999 -423.203305 -433.162956 -437.971500 -433.390820 -428.541352 -430.636343 -432.138333 -430.984560 -431.575981 -431.590570 -428.202484 -416.281154 -409.414258 -403.371508 -399.195436 -397.236125 -381.385238 -360.328791 -331.421953 -239.631194 -178.030885 -139.832858 -104.048615 -60.247583 -28.709799 -6.380472 3.162160 3.584635 3.886223 4.166494 4.466910 4.658369 4.726198 4.789874 4.846621 4.954975
3.032480 -19.291364 -67.344480 -98.408553 -112.624944 -121.344084 -154.049982 -219.302132 -341.583833 -380.808884 -398.829035 -414.552382 -429.607793 -441.557786 -450.540311 -455.945755 -451.524405 -449.839993 -446.218767 -451.818080 -456.019893 -456.563976 -460.262588 -463.377797 -468.115535 -464.105781 -462.938415 -458.867027 -459.990753 -460.299571 -458.378257 -459.405104 -459.301982 -462.004966 -458.727218 -457.517354 -456.373147 -449.390210 -443.170766 -436.224160 -429.067032 -415.874347 -398.228673 -377.215455 -342.471585 -245.967628 -178.972617 -141.192464 -105.080664 -61.274737 -29.030761 -7.783241 3.166106 3.560204 3.886944 4.193443 4.325670 4.523973
-125.788281 -178.159205 -274.837961 -353.769922 -363.284812 -383.382472 -401.414298 -426.342402 -441.979683 -448.016166 -453.739198 -457.652665 -460.340118 -465.387720 -468.474403 -474.619949 -471.819909 -468.505032 -463.416872 -467.799159 -468.065204 -466.654510 -468.684278 -470.797424 -474.983265 -474.445029 -471.354386 -467.670551 -468.447820 -467.970307 -465.722448 -465.622136 -467.375279 -471.274136 -470.612916 -468.782610 -467.415675 -464.007635 -461.226117 -458.559030 -456.400437 -452.230380 -446.740143 -440.525768 -431.030153 -414.227891 -398.332717 -376.635288 -338.115525 -241.102663 -181.893722 -149.678083 -116.913956 -85.963779 -42.237059 -12.427322 1.307475 3.490156
-359.853381 -394.682618 -422.887397 -442.634630 -451.015947 -457.603783 -463.752004 -465.300323 -467.327007 -469.546368 -471.103243 -472.915836 -474.519027 -475.625610 -478.198425 -484.675526 -481.739769 -478.041932 -473.742669 -473.603324 -473.947380 -473.329719 -474.027898 -476.795545 -482.228766 -480.013206 -477.080923 -474.541708 -474.030141 -473.777261 -472.056312 -473.413132 -476.070203 -480.074351 -478.612212 -476.103974 -475.228877 -474.137866 -472.214599 -470.228112 -468.396928 -466.164413 -464.044665 -460.675442 -456.663900 -451.450108 -444.958149 -437.078138 -425.301417 -413.951351 -399.332239 -385.616367 -362.866400 -317.223598 -213.358299 -161.059250 -123.812007 -76.901724
-438.909616 -448.199745 -458.188452 -461.956998 -465.196638 -467.851740 -471.035065 -472.748247 -474.151913 -472.131705 -472.443636 -474.978886 -474.099381 -475.187502 -480.424532 -478.057021 -476.455377 -471.972149 -473.056204 -473.360442 -474.418017 -473.546813 -474.115150 -479.519563 -476.641781 -475.641434 -472.771148 -472.628821 -472.296211 -472.028838 -471.600491 -472.255875 -476.117601 -475.302844 -474.529556 -472.072243 -472.635592 -472.247027 -469.843955 -469.969258 -469.182933 -467.733459 -466.311285 -464.540323 -462.216708 -458.243824 -453.992833 -449.599947 -449.076944 -445.290453 -441.426472 -444.540396 -436.960245 -428.120686 -412.646790 -393.272190 -368.033004 -292.624945
-462.269277 -465.321629 -468.359283 -471.002176 -473.630381 -475.378059 -477.920511 -480.842750 -478.172939 -477.382152 -477.107460 -477.363965 -478.088338 -480.292313 -477.018340 -476.544845 -476.806560 -477.216296 -477.311980 -476.964620 -477.517190 -477.819308 -477.614455 -475.303997 -475.073254 -475.998237 -475.397999 -475.024800 -474.538077 -475.632976 -475.532571 -475.524269 -474.716682 -474.912626 -475.739775 -474.676203 -474.696655 -474.818299 -474.121549 -473.955505 -473.662709 -472.435404 -471.963038 -471.213630 -468.879142 -465.694669 -463.916886 -464.827198 -462.959694 -462.134602 -464.354114 -466.141554 -462.906838 -459.844455 -457.098444 -450.231387 -442.907706 -431.076667
