tests/Borden05m/data_simulated/sim_1/output-maps/psiliqL0018N0016.asc
ncols         160
nrows         34
xllcorner     620200.000000
yllcorner     5168000.000000
cellsize      0.500000
NODATA_value  -9999.0
[rows 0 to 24 of 34, columns 0 to 54 of 160]
-9999.0 -9999.0 -9999.0 -9999.0 -9999.0 -9999.0 -9999.0 -9999.0 -9999.0 -9999.0 -9999.0 -9999.0 -9999.0 -9999.0 -9999.0 -9999.0 -9999.0 -9999.0 -9999.0 -9999.0 -9999.0 -9999.0 -9999.0 -9999.0 -9999.0 -9999.0 -9999.0 -9999.0 -9999.0 -9999.0 -9999.0 -9999.0 -9999.0 -9999.0 -9999.0 -9999.0 -9999.0 -9999.0 -9999.0 -9999.0 -9999.0 -9999.0 -9999.0 -9999.0 -9999.0 -9999.0 -9999.0 -9999.0 -9999.0 -9999.0 -9999.0 -9999.0 -9999.0 -9999.0 -9999.0
-9999.0 -9999.0 -9999.0 -9999.0 -9999.0 -9999.0 -9999.0 -9999.0 -9999.0 -9999.0 -9999.0 -9999.0 -9999.0 -9999.0 -9999.0 -9999.0 -9999.0 -9999.0 -9999.0 -9999.0 -9999.0 -9999.0 -9999.0 -9999.0 -9999.0 -9999.0 -9999.0 -9999.0 -9999.0 -9999.0 -9999.0 -9999.0 -9999.0 -9999.0 -9999.0 -9999.0 -9999.0 -9999.0 -9999.0 -9999.0 -9999.0 -9999.0 -9999.0 -9999.0 -9999.0 -9999.0 -9999.0 -9999.0 -9999.0 -9999.0 -9999.0 -9999.0 -9999.0 -9999.0 -9999.0
-9999.0 -9999.0 -9999.0 -9999.0 -9999.0 -9999.0 -9999.0 -9999.0 -9999.0 -9999.0 -9999.0 -9999.0 -9999.0 -9999.0 -9999.0 -9999.0 -9999.0 -9999.0 -9999.0 -9999.0 -9999.0 -9999.0 -9999.0 -9999.0 -9999.0 -9999.0 -9999.0 -9999.0 -9999.0 -9999.0 -9999.0 -9999.0 -9999.0 -9999.0 -9999.0 -9999.0 -9999.0 -9999.0 -9999.0 -9999.0 -9999.0 -9999.0 -9999.0 -9999.0 -9999.0 -9999.0 -9999.0 1702.374345 1685.318265 1670.832769 1667.947268 1690.256682 1713.916183 1738.124688 1759.086492
-9999.0 -9999.0 -9999.0 -9999.0 -9999.0 -9999.0 -9999.0 -9999.0 -9999.0 -9999.0 -9999.0 -9999.0 -9999.0 -9999.0 -9999.0 -9999.0 -9999.0 -9999.0 -9999.0 -9999.0 -9999.0 -9999.0 -9999.0 -9999.0 -9999.0 -9999.0 -9999.0 -9999.0 -9999.0 -9999.0 -9999.0 -9999.0 -9999.0 -9999.0 -9999.0 -9999.0 -9999.0 -9999.0 -9999.0 -9999.0 1749.970098 1756.047556 1756.949580 1747.042758 1736.135456 1723.670676 1703.696499 1686.282039 1672.393247 1670.465061 1673.441994 1677.984243 1700.216950 1725.602580 1745.801316
-9999.0 -9999.0 -9999.0 -9999.0 -9999.0 -9999.0 -9999.0 -9999.0 -9999.0 -9999.0 -9999.0 -9999.0 -9999.0 -9999.0 -9999.0 -9999.0 -9999.0 -9999.0 -9999.0 -9999.0 -9999.0 -9999.0 -9999.0 -9999.0 -9999.0 -9999.0 -9999.0 -9999.0 -9999.0 -9999.0 -9999.0 -9999.0 -9999.0 -9999.0 1656.524243 1673.960173 1692.284348 1711.096212 1728.262193 1735.425304 1741.374582 1747.196886 1743.198238 1739.009257 1727.914035 1708.423636 1689.358246 1676.284651 1674.996950 1672.979298 1677.432667 1690.223043 1707.403815 1723.590256 1744.821346
-9999.0 -9999.0 -9999.0 -9999.0 -9999.0 -9999.0 -9999.0 -9999.0 -9999.0 -9999.0 -9999.0 -9999.0 -9999.0 -9999.0 -9999.0 -9999.0 -9999.0 -9999.0 -9999.0 -9999.0 -9999.0 -9999.0 -9999.0 -9999.0 -9999.0 -9999.0 -9999.0 -9999.0 1659.547150 1653.899191 1649.350305 1648.289288 1647.394124 1646.754530 1653.781912 1665.787246 1683.795657 1706.032835 1719.528520 1727.149440 1734.230844 1735.186973 1730.225807 1728.768843 1729.601684 1717.889369 1706.412629 1695.698645 1685.339616 1683.649166 1693.435054 1708.096482 1724.811249 1740.061369 1755.909851
-9999.0 -9999.0 -9999.0 -9999.0 -9999.0 -9999.0 -9999.0 -9999.0 -9999.0 -9999.0 -9999.0 -9999.0 -9999.0 -9999.0 -9999.0 -9999.0 -9999.0 -9999.0 -9999.0 -9999.0 -9999.0 -9999.0 -9999.0 1628.152645 1633.865916 1640.780040 1648.764260 1650.138392 1646.718634 1641.617581 1639.200715 1638.246033 1636.832416 1641.815157 1649.904427 1663.661798 1679.706388 1702.192214 1711.112559 1716.960178 1729.292346 1732.850235 1739.830847 1744.308944 1742.997759 1740.130120 1727.167252 1717.461423 1721.862002 1727.485168 1734.775198 1743.374363 1757.293305 1772.525847 1789.559270
-9999.0 -9999.0 -9999.0 -9999.0 -9999.0 -9999.0 -9999.0 -9999.0 -9999.0 -9999.0 -9999.0 -9999.0 -9999.0 -9999.0 -9999.0 -9999.0 -9999.0 -9999.0 -9999.0 1602.165962 1603.393820 1605.073827 1610.233611 1611.249189 1613.658384 1621.026648 1629.622290 1632.692401 1631.289544 1630.554179 1632.558949 1635.786657 1640.768921 1652.286563 1666.443811 1681.017934 1694.976252 1716.255752 1731.348497 1744.928245 1761.112175 1761.335310 1757.967007 1756.691249 1757.453380 1757.462490 1759.958195 1761.789890 1768.436591 1772.134326 1777.912058 1787.642446 1799.794284 1817.868744 1837.304161
-9999.0 -9999.0 -9999.0 -9999.0 -9999.0 -9999.0 -9999.0 -9999.0 -9999.0 -9999.0 -9999.0 -9999.0 -9999.0 -9999.0 -9999.0 -9999.0 1572.543154 1574.621070 1577.249044 1583.046269 1586.619391 1591.048668 1598.483597 1600.312232 1604.470530 1612.123161 1617.410554 1626.946777 1635.671802 1643.463822 1649.950229 1653.101490 1660.763749 1670.763452 1682.972733 1698.214991 1719.659447 1743.361366 1759.878269 1777.118748 1794.720294 1795.809403 1795.006140 1796.323159 1796.592423 1801.654011 1818.428907 1823.688524 1823.059018 1837.547820 1851.168272 1855.946650 1863.888287 1883.620288 1907.128439
-9999.0 -9999.0 -9999.0 -9999.0 -9999.0 -9999.0 -9999.0 -9999.0 -9999.0 -9999.0 -9999.0 -9999.0 -9999.0 1524.288511 1528.627004 1538.772742 1549.164618 1552.270408 1557.231897 1563.984241 1576.662387 1580.829249 1587.534942 1595.558730 1608.298711 1617.529772 1627.170822 1639.562468 1648.419716 1656.132322 1663.519924 1668.806371 1682.019321 1697.380531 1713.194209 1733.548317 1756.003907 1776.325981 1796.522409 1813.020290 1826.547667 1827.505103 1827.086836 1829.864920 1837.022557 1853.253574 1871.703812 1878.286078 1893.992450 1916.510256 1929.285301 1939.951675 1948.245514 1962.196210 1983.782384
-9999.0 -9999.0 -9999.0 -9999.0 -9999.0 -9999.0 -9999.0 -9999.0 -9999.0 -9999.0 1492.327985 1494.610059 1491.438736 1490.772851 1496.479572 1509.093099 1523.541540 1530.270383 1542.519247 1564.145976 1582.817503 1586.814559 1601.637966 1612.546509 1619.984840 1630.938793 1644.621208 1657.802905 1674.755527 1687.577292 1698.877481 1717.967551 1734.800062 1751.804723 1769.981859 1790.852768 1810.045122 1837.527987 1864.442396 1876.540071 1897.616201 1906.536742 1903.890267 1903.959535 1913.515598 1928.463046 1948.058289 1969.358547 1990.390835 2014.997373 2030.550402 2044.853117 2055.522439 2067.709957 2083.783140
-9999.0 -9999.0 -9999.0 -9999.0 -9999.0 -9999.0 -9999.0 -9999.0 1467.174608 1474.974389 1481.180221 1478.436585 1474.330394 1470.216401 1484.684540 1500.870182 1517.370714 1535.769596 1552.235622 1571.097000 1586.641062 1603.134536 1623.819445 1636.007224 1648.111804 1664.101406 1678.326052 1695.477554 1717.221293 1729.191876 1744.920275 1766.395203 1784.812746 1803.182101 1822.441743 1840.790665 1866.007153 1899.050928 1930.575459 1951.778818 1979.507048 2001.163886 1999.555708 2001.372772 2005.394133 2030.637493 2059.299870 2089.690092 2113.502189 2140.022235 2169.404938 2188.046389 2198.782860 2211.433013 2226.724862
-9999.0 -9999.0 -9999.0 -9999.0 -9999.0 -9999.0 1439.082464 1463.567424 1478.940906 1471.132493 1460.270792 1456.544231 1452.272440 1478.422733 1501.014598 1518.850503 1536.307872 1554.574282 1571.748662 1584.146580 1617.458015 1636.624126 1651.149075 1668.696599 1684.192652 1699.688750 1717.690805 1741.311767 1762.687630 1790.856362 1814.580232 1837.091513 1863.369303 1883.162730 1902.181560 1919.777360 1950.510187 1987.456672 2023.860693 2051.773030 2078.570717 2110.073426 2115.679086 2120.862527 2126.893882 2149.065359 2181.559146 2211.949720 2245.482736 2277.490356 2305.133820 2317.442671 2328.037848 2339.457115 2353.099083
-9999.0 -9999.0 -9999.0 -9999.0 1405.550362 1426.585353 1446.442492 1477.200693 1499.909846 1495.305348 1501.708599 1501.667539 1499.559144 1504.297916 1512.255768 1530.732405 1550.199668 1570.050207 1587.691494 1621.222833 1667.090882 1682.340101 1705.585690 1737.868823 1751.889868 1767.905232 1785.019926 1808.295834 1833.522487 1865.986001 1907.554021 1942.984044 1968.133601 1990.641673 2011.893998 2032.968198 2067.731965 2105.660961 2142.557584 2176.306022 2205.669249 2232.027348 2243.489612 2251.107296 2262.934701 2279.945756 2302.095824 2330.098159 2362.421757 2394.792783 2419.659922 2432.349808 2439.938550 2450.675951 2460.640737
-9999.0 -9999.0 -9999.0 1354.575772 1393.513564 1432.073333 1458.946183 1489.974125 1522.544731 1526.249376 1535.626256 1539.597853 1543.279503 1551.518004 1559.166566 1576.792233 1594.325191 1612.269220 1635.148353 1671.997389 1706.384483 1733.784977 1765.671328 1790.482672 1810.149640 1826.357559 1845.999103 1869.860396 1909.476646 1945.390284 1994.794461 2047.519572 2083.372492 2106.999124 2129.881722 2157.700082 2183.173026 2220.511116 2255.577465 2288.856056 2320.889436 2345.474288 2363.468816 2370.820452 2380.907856 2389.194265 2404.768399 2426.415006 2448.741615 2478.366329 2507.309793 2534.161381 2549.031567 2559.695040 2576.233252
-9999.0 -9999.0 1306.915909 1345.338484 1378.786727 1428.208373 1481.490160 1516.474970 1557.362278 1580.262059 1586.554976 1602.306009 1617.350000 1623.421874 1637.680846 1654.288937 1674.078031 1682.502833 1701.483575 1728.863898 1776.074249 1819.281906 1834.375652 1882.820991 1916.369230 1946.590892 1966.501768 1994.160597 2030.993758 2070.855920 2118.557017 2168.666445 2206.236102 2236.930814 2253.896181 2274.085457 2296.571545 2322.074539 2357.306964 2385.714205 2418.175151 2444.526326 2466.125620 2471.779495 2476.638793 2492.875572 2518.657801 2546.735018 2572.760887 2598.073136 2596.725508 2612.296329 2619.718603 2624.175092 2630.497199
-9999.0 -9999.0 1279.142990 1324.652223 1363.449602 1427.693847 1509.749675 1546.521365 1589.115262 1635.429796 1653.277959 1677.413418 1684.781674 1689.109812 1711.510153 1732.348139 1747.922855 1756.082424 1755.533995 1811.241678 1869.015101 1913.187930 1949.752065 2020.389852 2068.900124 2089.186637 2104.460998 2126.167214 2150.214631 2192.332203 2237.641048 2290.989305 2334.494635 2365.552099 2381.843391 2401.112468 2421.579823 2439.098710 2458.808109 2500.597760 2531.407892 2559.211139 2587.880864 2608.770412 2617.422620 2621.739867 2607.461655 2620.421963 2629.360588 2633.604050 2635.544174 2632.653806 2632.504924 2633.604409 2634.829261
-9999.0 1188.828683 1241.169569 1293.712773 1361.510130 1427.364754 1508.528443 1587.490104 1647.656493 1696.894334 1725.508792 1732.862959 1759.394939 1797.231072 1821.793396 1846.263124 1851.127676 1859.057545 1848.298849 1899.401953 1946.695141 2014.891667 2122.102973 2180.301412 2231.629957 2233.940223 2229.065142 2240.792546 2263.194687 2307.890014 2378.711763 2428.927727 2486.007712 2529.762835 2546.234433 2553.923352 2572.248445 2592.747872 2569.701655 2598.693988 2612.770128 2624.546360 2629.841440 2632.428795 2634.174785 2634.790850 2631.953912 2625.844352 2618.305338 2612.914551 2608.995218 2604.592462 2607.036639 2610.256346 2610.708130
-9999.0 1152.497214 1211.429096 1282.173219 1352.413694 1414.575935 1512.365825 1662.490523 1719.263320 1757.366397 1775.823642 1785.315322 1857.240894 1921.460766 1953.210979 1998.365017 1991.514311 1981.589044 1963.533216 1995.843160 2043.668940 2117.950485 2268.784357 2355.769270 2392.798178 2405.354636 2412.745631 2441.212232 2481.002827 2521.902934 2559.487352 2551.571564 2585.529986 2603.266584 2608.812003 2611.346445 2616.546074 2617.336317 2616.665943 2613.970387 2610.367551 2611.596191 2616.613617 2617.101611 2614.779606 2611.940658 2606.486273 2598.949888 2593.327374 2588.423649 2585.382421 2582.092589 2580.023799 2579.408461 2574.477065
-9999.0 1119.658318 1192.034018 1254.208543 1313.951560 1421.942973 1549.542501 1687.891301 1782.191623 1819.390750 1830.008665 1889.380165 1990.018385 2088.396334 2140.329190 2165.337327 2162.541698 2136.041916 2134.985981 2181.182246 2249.252859 2350.563942 2457.218172 2542.931918 2559.813958 2566.326279 2540.715423 2559.840684 2577.550511 2582.337139 2585.798741 2592.525546 2599.609776 2604.257162 2604.579098 2603.204342 2599.780895 2592.916986 2588.963114 2586.387272 2583.559573 2583.453470 2586.250634 2587.837003 2585.284944 2581.330779 2576.530199 2570.373828 2563.470796 2556.182728 2551.505675 2546.820228 2544.059203 2538.369198 2533.579896
-9999.0 1013.052489 1103.881705 1154.794216 1257.851812 1436.634739 1564.490001 1712.030886 1863.786621 1897.915413 1964.436439 2089.171057 2197.580799 2272.916464 2310.244119 2350.191926 2379.209123 2402.446269 2440.012387 2378.912444 2444.527080 2516.265938 2550.220514 2567.967129 2575.682112 2579.867660 2574.309064 2557.324477 2549.292158 2544.865633 2548.564478 2557.607825 2564.380710 2570.956378 2569.959169 2571.556965 2572.598335 2569.708837 2566.207021 2558.242692 2550.925355 2545.127286 2542.954774 2547.913410 2542.923151 2539.680488 2533.173259 2524.356143 2514.421960 2506.149107 2497.720864 2490.386837 2487.051379 2480.901589 2478.599573
-9999.0 932.215284 1007.879883 1088.584006 1218.878075 1383.375728 1503.494426 1668.354472 1885.976958 2007.928325 2143.138315 2220.323985 2292.358046 2347.449695 2405.973464 2454.824552 2481.715103 2494.601933 2481.386730 2498.804356 2467.718207 2463.544479 2485.115074 2515.755263 2533.324393 2540.187708 2534.550990 2526.693040 2521.486942 2522.107418 2522.024375 2520.981325 2519.580564 2517.860915 2515.451678 2518.192681 2523.235006 2516.930137 2507.456261 2498.884816 2491.175371 2482.587909 2476.845310 2472.803584 2471.813274 2471.288672 2463.311836 2452.482584 2441.501727 2432.767394 2424.634732 2418.703394 2415.319944 2409.476335 2400.007032
-9999.0 827.307709 952.101604 1041.067624 1155.044513 1289.962584 1410.290000 1570.934296 1714.421816 1940.968286 2093.315471 2224.695275 2268.805264 2330.548720 2386.203195 2455.603129 2459.242294 2432.494236 2400.218309 2388.760918 2399.647623 2412.462904 2427.142951 2447.768259 2467.683603 2479.607132 2484.533015 2479.204202 2466.874434 2457.695287 2450.515208 2440.303771 2433.177707 2432.092983 2434.264010 2442.483596 2444.216055 2435.212275 2422.152180 2405.402215 2390.826159 2379.744843 2376.922858 2378.399728 2378.360979 2374.185292 2367.265201 2356.273284 2343.393902 2331.009753 2323.637281 2317.945149 2310.191740 2299.010630 2286.581312
-9999.0 -9999.0 873.753017 984.193427 1088.261165 1207.950040 1316.026249 1452.331676 1599.947005 1778.183083 1895.177510 2039.712683 2118.762427 2164.046967 2208.964687 2264.471055 2286.753935 2311.893938 2301.750896 2311.432125 2322.047082 2330.634440 2341.413866 2353.366100 2367.684908 2379.310307 2389.266608 2388.223976 2380.349653 2363.094268 2341.885308 2325.588351 2316.712555 2309.365689 2319.645395 2331.314366 2327.519368 2320.792855 2308.638092 2292.493433 2279.497130 2265.487480 2261.551787 2261.353906 2261.166144 2258.005518 2253.694393 2240.582005 2227.528437 2215.928662 2210.419987 2203.924404 2198.549266 2187.549980 2175.823172
-9999.0 -9999.0 788.235982 895.752184 1006.850192 1128.758185 1224.636657 1282.117631 1429.896243 1542.398615 1647.531523 1749.318190 1835.527422 1900.026700 1940.308604 2001.665009 2048.028301 2066.204758 2094.445698 2133.812624 2164.321091 2197.653968 2219.354762 2232.884212 2247.982689 2262.992981 2272.434157 2260.760826 2250.712432 2234.858100 2213.701874 2190.125766 2178.077782 2175.715012 2176.943615 2180.809495 2174.475434 2165.177289 2150.954229 2136.052537 2123.329144 2112.674085 2108.479918 2104.030280 2101.966024 2098.705854 2095.571061 2087.683320 2077.130827 2070.179611 2061.570604 2055.941656 2053.191647 2047.319398 2038.972617
