tests/Borden05m/data_simulated/sim_1/output-maps/psiliqL0013N0007.asc
ncols         160
nrows         34
xllcorner     620200.000000
yllcorner     5168000.000000
cellsize      0.500000
NODATA_value  -9999.0
[rows 0 to 24 of 34, columns 56 to 111 of 160]
-9999.0 -9999.0 -9999.0 -9999.0 -9999.0 -9999.0 -9999.0 -9999.0 -9999.0 -9999.0 -9999.0 -9999.0 -9999.0 -9999.0 -9999.0 -9999.0 -9999.0 -9999.0 -9999.0 -9999.0 -9999.0 -9999.0 -9999.0 -9999.0 -9999.0 -9999.0 -9999.0 -9999.0 -9999.0 -9999.0 -9999.0 -9999.0 -9999.0 -9999.0 -9999.0 -9999.0 -9999.0 -9999.0 -9999.0 -9999.0 -9999.0 -9999.0 -9999.0 -9999.0 -9999.0 -9999.0 -9999.0 -9999.0 -9999.0 -9999.0 -9999.0 -9999.0 -9999.0 -9999.0 -9999.0 -9999.0
-9999.0 -9999.0 -9999.0 825.457466 820.028477 814.921533 810.191278 801.468860 792.473556 784.324713 780.617904 779.980061 779.468492 779.352836 784.867359 793.134048 801.035315 808.453919 811.127075 813.835220 816.352478 817.131595 816.206804 813.289600 810.308212 807.209692 805.971731 798.141439 786.982782 778.359581 775.747174 780.264197 784.783695 787.281898 793.083804 803.721883 814.385157 822.736787 834.389846 839.922892 844.715984 847.327803 842.853968 838.931676 834.766923 829.365597 818.149115 -9999.0 -9999.0 -9999.0 -9999.0 -9999.0 -9999.0 -9999.0 -9999.0 -9999.0
789.321699 809.491378 812.845659 801.540878 796.694398 793.552879 791.688027 787.027314 778.605339 773.608502 768.496063 766.938375 767.300829 767.666518 772.064694 782.490032 790.724245 795.751223 798.534666 801.424681 801.441869 801.243941 801.268015 798.740851 795.669984 792.622454 791.142024 791.844755 784.495060 779.210636 775.945748 774.387615 776.950737 779.331193 782.659612 792.038912 800.041552 808.003084 822.055024 834.167001 839.048131 836.133149 830.695917 826.437130 819.295010 808.848067 798.240524 788.450054 781.163422 775.249131 769.121897 774.681388 780.846497 790.309169 799.632221 811.292456
774.500950 794.847816 797.883079 787.299876 779.199208 774.387323 774.821847 777.648374 774.433924 770.141886 765.526788 774.384814 776.024802 777.499093 781.084465 784.445766 787.814452 790.828969 796.482161 805.802007 808.883713 809.817367 810.385549 808.997965 806.325153 804.947783 802.595767 797.763974 796.975113 797.505251 797.431391 802.503645 804.037535 805.733128 798.967906 802.364596 808.353514 814.928613 821.148100 827.455116 830.997229 827.218637 825.753713 816.722139 802.261033 790.531962 781.520160 779.155352 775.440081 767.027589 753.754140 760.276882 775.244933 779.292361 782.126352 793.361032
770.553149 782.659707 785.963298 781.242880 782.824073 784.677928 786.464361 785.233893 782.642098 781.120148 794.092966 803.971330 806.226918 809.556977 813.537203 813.214123 801.595893 799.469260 808.074170 818.800616 825.060375 825.829666 826.357260 824.937949 824.552048 824.758029 823.114167 824.359313 827.202499 827.516214 832.385123 838.173249 841.105126 833.267184 824.005812 824.594790 832.019374 839.771697 846.649612 856.786354 867.501908 865.744606 859.292068 849.377040 834.872380 810.536327 790.159611 778.495903 770.563277 762.576724 761.782342 757.973321 768.463193 769.392267 770.533338 778.110200
778.208614 799.888736 808.247411 802.757265 798.066633 795.668919 796.817027 797.467116 801.054834 814.155642 828.590816 843.751189 847.162250 850.280851 850.305836 841.588166 831.653219 828.181894 843.296079 859.964027 868.902675 870.382089 870.640058 878.515879 878.084319 877.224351 873.155736 875.953123 878.119013 888.576020 896.567677 903.839218 902.070453 889.972852 878.287724 876.317582 878.508280 881.112566 886.616513 896.099756 904.966176 898.865888 890.505025 879.156555 849.211767 820.784898 802.706610 801.689792 800.703387 794.722273 790.481843 786.164202 778.144800 776.648200 774.866473 773.397228
830.786085 851.518529 868.002266 862.874964 855.329419 845.647458 846.767151 850.485024 859.433421 873.495622 892.151339 917.279810 921.238783 925.316253 928.698750 917.939741 905.935264 895.077968 913.205951 924.111981 933.806099 936.921680 948.329246 959.793640 956.810855 950.237017 941.329873 948.779408 961.641434 977.469701 984.760988 988.871850 987.772414 976.577639 970.411688 968.154075 969.312207 965.760035 969.075763 978.210566 991.981168 989.944877 978.985043 954.385958 915.434857 879.050697 856.628994 860.252449 851.726385 843.421252 838.163342 822.751183 810.393144 808.961612 798.066789 790.649329
883.914291 903.513367 922.848441 919.036486 909.142072 896.592535 896.861262 905.350889 916.707563 937.391739 962.240774 988.026733 998.177483 1002.825369 1013.142309 1007.099516 997.956034 989.936408 1001.269011 1014.304367 1027.514267 1039.281055 1054.270451 1068.270736 1061.313504 1051.687199 1048.575980 1055.331189 1076.122829 1094.171036 1099.957317 1101.660258 1104.568448 1095.503842 1088.250274 1080.531505 1073.944037 1066.545056 1060.823030 1077.171915 1091.734899 1087.855783 1061.891849 1034.844411 995.757007 955.196693 920.167437 916.698711 911.652873 908.425726 891.417034 873.942371 855.361099 843.780115 832.855771 816.999237
983.339358 1006.182606 1028.846664 1031.160711 1015.605089 1008.702491 1014.282926 1027.964503 1036.800920 1054.492922 1081.601524 1116.020313 1139.683009 1160.420228 1165.568487 1157.453177 1148.551348 1135.619257 1134.028597 1151.974561 1165.719015 1178.829889 1192.536320 1208.137514 1216.983484 1217.428707 1219.411028 1224.498324 1232.818210 1242.613888 1249.951034 1255.676082 1261.206345 1257.462470 1246.799341 1239.373993 1229.250483 1220.680452 1216.204146 1216.668966 1225.449569 1220.809962 1191.702612 1161.009798 1125.410886 1084.842130 1049.837072 1028.631813 1031.048658 1016.972994 995.966642 973.491007 935.643341 916.262353 897.797536 866.345168
1099.813694 1130.449394 1147.338888 1162.066018 1158.372159 1160.700162 1165.399220 1173.797896 1180.819926 1191.629599 1227.320499 1264.753083 1295.743926 1320.874887 1329.994268 1320.100127 1310.659747 1299.279620 1290.696330 1295.836172 1311.635063 1330.218714 1348.258178 1362.149540 1368.601769 1370.042225 1372.593320 1376.381993 1380.758168 1384.674770 1391.241990 1398.577895 1408.364028 1418.923933 1412.738278 1395.531894 1382.373721 1367.520780 1361.150309 1358.222297 1354.788355 1352.436337 1342.041832 1307.800325 1276.199752 1240.764372 1207.920175 1182.685324 1164.898495 1141.971686 1116.046431 1066.540001 1022.319736 983.645027 953.130086 922.116666
1234.162903 1267.938155 1293.811345 1309.901693 1313.241493 1315.850710 1318.857707 1325.508683 1332.194897 1341.498269 1366.163356 1404.735012 1442.137769 1471.697708 1475.683316 1466.626413 1456.775999 1447.163814 1437.553805 1435.333268 1444.257576 1456.629273 1474.063727 1487.068578 1498.404535 1499.510006 1501.570936 1503.401861 1506.540032 1509.140251 1511.532574 1518.567454 1530.054395 1540.817524 1541.582818 1528.255843 1511.254636 1493.800007 1486.284112 1479.759447 1473.135570 1471.873589 1470.664813 1461.315406 1434.391740 1396.636554 1351.915055 1322.841714 1299.016728 1283.026072 1263.600992 1233.831075 1178.011840 1142.893806 1104.074944 1066.734403
1364.483403 1395.909509 1427.125338 1445.849071 1453.272128 1453.410618 1455.223429 1462.692051 1469.481915 1480.422759 1497.743875 1521.577689 1549.857483 1575.724837 1592.436226 1588.818579 1576.905909 1560.656736 1556.440828 1556.159542 1559.081310 1566.482292 1575.248749 1591.322721 1607.800276 1614.101460 1615.848891 1614.416303 1617.304472 1619.087532 1619.618749 1620.852481 1625.493403 1632.300061 1634.716910 1630.061917 1614.557961 1595.075908 1581.237688 1572.833533 1568.184995 1565.647608 1566.023720 1564.574791 1551.973545 1522.748942 1484.652782 1450.964346 1428.233092 1410.748484 1394.654100 1380.024861 1356.600078 1334.672939 1300.824786 1254.759490
1475.795043 1501.800415 1528.076743 1551.381076 1566.851572 1570.091765 1575.134282 1579.596457 1589.154571 1604.524173 1623.274852 1636.855003 1653.008166 1673.410861 1685.438418 1691.082382 1691.816862 1691.283341 1693.869549 1694.865668 1669.871719 1673.514631 1676.958368 1684.456131 1692.755945 1695.784544 1696.578594 1696.128350 1697.825508 1698.774950 1699.446500 1699.482953 1699.641207 1701.801161 1702.656976 1701.814074 1695.647271 1699.091143 1682.897340 1671.591044 1664.434307 1656.802956 1648.115842 1638.351815 1628.611844 1612.701724 1586.682931 1554.581589 1528.189269 1516.464166 1508.519995 1499.619859 1491.427549 1473.846085 1450.735969 1418.821534
1581.390469 1596.923089 1616.210365 1642.222806 1659.912212 1669.347994 1677.056514 1681.258873 1692.900731 1705.684090 1700.509558 1703.884692 1707.244639 1710.533616 1711.583868 1711.963527 1712.082901 1710.415350 1710.767708 1709.894223 1706.030535 1697.219907 1699.015804 1700.594504 1703.044119 1706.509715 1705.290095 1706.480912 1709.854687 1709.000377 1704.248466 1701.285378 1700.125121 1700.811308 1708.043688 1711.399980 1712.609142 1712.240924 1712.270339 1712.491965 1711.548946 1709.992062 1707.430098 1703.967105 1706.955410 1697.173660 1674.877862 1643.360605 1609.924589 1596.618552 1591.995779 1591.169365 1586.830340 1579.600706 1560.863380 1534.118429
1691.041112 1703.667560 1700.582696 1709.562297 1713.866006 1715.624333 1717.606918 1719.466677 1720.160447 1716.694936 1713.082899 1708.231604 1706.685162 1705.050010 1702.373202 1702.847100 1701.024811 1697.581626 1694.793975 1689.262917 1679.439034 1668.727313 1666.370639 1670.699774 1675.196446 1678.958865 1681.760554 1685.031839 1686.515776 1682.587778 1675.779864 1669.685187 1668.430573 1675.199711 1680.989240 1686.541019 1687.825816 1687.375894 1686.503856 1687.835949 1686.380919 1687.495615 1694.041342 1706.883727 1712.354643 1714.669217 1714.344035 1707.555886 1695.022625 1687.603284 1668.025975 1670.664580 1665.253547 1653.478349 1633.086390 1610.520182
1716.837699 1716.387165 1714.594744 1708.514538 1702.426990 1701.235702 1704.502786 1710.692713 1711.502123 1704.300513 1695.924015 1688.846651 1681.843222 1679.266053 1677.481096 1676.429086 1676.415839 1671.524333 1664.561197 1650.411079 1639.803139 1629.135993 1623.070202 1620.584571 1624.557727 1633.164660 1641.759143 1646.036163 1639.820595 1633.383142 1624.059447 1617.249243 1618.377225 1621.253446 1630.608194 1644.855164 1650.214927 1652.161221 1648.713178 1645.905291 1641.505138 1640.493267 1647.603974 1662.146619 1676.722372 1689.760439 1697.597675 1704.724545 1710.920934 1714.209998 1714.721569 1714.432465 1712.555076 1710.611254 1695.569661 1675.662801
1705.261945 1699.088072 1694.243022 1687.611252 1681.640265 1679.398425 1681.101858 1683.252794 1679.352344 1672.277496 1661.893102 1650.766786 1640.602251 1633.636544 1633.389907 1634.625223 1635.069075 1628.905070 1615.391536 1599.232708 1586.669299 1573.093265 1568.577365 1562.633948 1556.993891 1565.867746 1581.466702 1587.057733 1574.105439 1565.314914 1552.582558 1546.618732 1544.717704 1547.213644 1557.433972 1578.058918 1598.535549 1601.615168 1594.234186 1587.024406 1584.207241 1583.062590 1590.159615 1608.112333 1627.547604 1641.914375 1651.288475 1656.888239 1664.810931 1673.835105 1685.196473 1697.134457 1706.829807 1714.122713 1717.369102 1715.361027
1683.245166 1675.989761 1668.661194 1661.609222 1655.037226 1650.068001 1646.973544 1643.286692 1636.411933 1628.627702 1613.536480 1600.662132 1587.660802 1572.655837 1567.637957 1563.289596 1564.043125 1552.806554 1543.005986 1525.188596 1510.025709 1493.964009 1482.124521 1474.350297 1466.347492 1468.257491 1481.911027 1490.116732 1477.280199 1467.880802 1456.375595 1451.602486 1449.668307 1453.023479 1464.924663 1488.815767 1509.723512 1519.333256 1514.317641 1512.060087 1512.227079 1513.067845 1520.197724 1535.403462 1555.706731 1577.027660 1593.529841 1603.377747 1611.438998 1621.476019 1635.289058 1648.128843 1660.613430 1676.023493 1694.458470 1707.886682
1653.638593 1644.164988 1634.726125 1624.005028 1612.740731 1605.432772 1605.176773 1597.035101 1589.064369 1571.901855 1524.094911 1504.188560 1483.986366 1466.004165 1457.476240 1447.759236 1437.869644 1427.969436 1421.146936 1414.467162 1398.427644 1379.541136 1360.889453 1352.705417 1345.627246 1333.796757 1336.281954 1338.472305 1343.153632 1336.394832 1331.643072 1330.765498 1329.669634 1334.668842 1350.814790 1365.669495 1379.144423 1388.910502 1391.203067 1401.203580 1410.191214 1417.049085 1435.289196 1451.036277 1470.934130 1494.486947 1520.063247 1535.252747 1546.444112 1558.510067 1574.490767 1590.783675 1607.271898 1628.206234 1651.123668 1665.614817
1614.325284 1600.423325 1585.785727 1571.936324 1557.591054 1542.276178 1540.675963 1534.568105 1523.084302 1478.127132 1432.742145 1396.739079 1374.527016 1347.952893 1332.191440 1317.261894 1287.864343 1271.974599 1265.427830 1270.161715 1259.635799 1240.616245 1223.675178 1212.061629 1202.093153 1186.428013 1175.322156 1179.386622 1191.882047 1188.021132 1187.159678 1192.286657 1191.922928 1190.345168 1198.279683 1216.274630 1228.314778 1242.072849 1257.378352 1264.959330 1277.659162 1307.561328 1324.979190 1344.550060 1369.342680 1395.741512 1422.690597 1447.125079 1464.239453 1482.046959 1503.068699 1521.284772 1542.563045 1565.787518 1593.666938 1612.653530
1548.776112 1527.935485 1509.275136 1489.000948 1464.510545 1440.490939 1434.338242 1423.415687 1399.110508 1347.646983 1302.382393 1267.757945 1240.171992 1210.644340 1186.549015 1154.799101 1120.483966 1098.509095 1103.538471 1110.024530 1110.301340 1094.682200 1079.719525 1067.056519 1050.667631 1033.445787 1020.394446 1028.561429 1036.944839 1046.159124 1050.213246 1054.500013 1058.299412 1058.755093 1056.193186 1063.551453 1075.493849 1088.891041 1102.411679 1119.382744 1152.158781 1180.158737 1201.806267 1227.879070 1254.287718 1283.353276 1313.432343 1341.371515 1363.852057 1388.002146 1411.948169 1436.729120 1460.501390 1487.384409 1517.847349 1543.226166
1467.117098 1437.311536 1410.648045 1378.859143 1334.220963 1314.114905 1300.526783 1282.277999 1240.064733 1191.899664 1152.100365 1123.578954 1094.006598 1065.894841 1034.960490 1000.615427 972.573241 951.143350 957.176375 963.543563 974.505493 961.657717 949.388116 941.879434 925.631204 910.681004 895.380183 902.430510 912.380809 930.075654 934.578985 938.503017 946.348323 946.407166 945.327180 937.686591 948.264393 960.799367 976.599605 1006.472731 1033.371739 1060.127012 1085.065774 1109.957612 1137.855631 1167.691365 1198.298658 1230.945851 1257.894295 1284.172346 1312.358801 1338.854397 1362.755467 1388.434478 1418.582144 1444.901188
1347.096735 1319.558534 1289.515852 1246.420369 1196.389296 1156.074746 1134.323936 1090.933880 1052.742051 1014.469258 993.763281 971.594782 945.154309 920.512518 896.655969 868.948604 845.129977 820.009540 823.111115 835.136896 848.599005 842.680316 838.582934 834.623445 822.730466 808.434734 794.439079 797.820716 813.053660 830.021096 837.854835 844.901480 852.970942 853.795359 847.730240 840.418016 847.356943 862.948685 880.585167 902.917694 927.043481 951.151592 974.470142 1000.583338 1028.179274 1056.688934 1087.626371 1120.362836 1147.205250 1177.632029 1209.046598 1235.467726 1254.693360 1275.069969 1304.889855 1329.180234
1221.090242 1190.755523 1158.118800 1111.743998 1064.430892 1017.365623 973.893112 937.374208 903.144356 883.250898 861.438366 841.050290 820.691805 797.613395 776.672893 756.754727 733.714892 715.864960 720.738169 733.322848 743.748013 746.349775 742.873221 739.319235 731.468503 717.365768 707.600152 716.050073 731.354400 746.177880 756.640779 763.639263 770.007496 767.796621 760.172271 755.399088 764.366681 780.852576 796.707631 815.034714 837.801754 860.687492 884.378077 909.481397 934.980901 963.247982 992.746184 1023.205352 1053.958206 1082.652877 1110.008965 1127.231209 1145.017622 1158.469080 1180.706689 1205.756018
1076.747384 1046.660047 1014.174039 977.219349 935.253991 901.774019 866.747578 833.279008 800.619971 772.946264 754.184157 742.788285 726.529549 706.118484 691.650073 673.905351 656.310529 656.123201 658.455567 669.010874 669.659437 669.954607 666.669414 665.264808 660.797254 650.309784 657.512950 664.857511 679.395039 690.197080 699.788465 706.194470 710.544154 710.882386 705.099816 709.318156 716.993325 732.208273 744.836302 760.732121 782.530613 801.210762 822.149909 846.017810 870.924102 897.289277 925.514773 956.111161 984.299816 1007.734458 1021.382134 1036.732835 1047.309927 1046.692833 1066.092643 1086.985495
