tests/Borden05m/data_simulated/sim_1/output-maps/psiliqL0008N0014.asc
ncols         160
nrows         34
xllcorner     620200.000000
yllcorner     5168000.000000
cellsize      0.500000
NODATA_value  -9999.0
[rows 0 to 24 of 34, columns 0 to 56 of 160]
-9999.0 -9999.0 -9999.0 -9999.0 -9999.0 -9999.0 -9999.0 -9999.0 -9999.0 -9999.0 -9999.0 -9999.0 -9999.0 -9999.0 -9999.0 -9999.0 -9999.0 -9999.0 -9999.0 -9999.0 -9999.0 -9999.0 -9999.0 -9999.0 -9999.0 -9999.0 -9999.0 -9999.0 -9999.0 -9999.0 -9999.0 -9999.0 -9999.0 -9999.0 -9999.0 -9999.0 -9999.0 -9999.0 -9999.0 -9999.0 -9999.0 -9999.0 -9999.0 -9999.0 -9999.0 -9999.0 -9999.0 -9999.0 -9999.0 -9999.0 -9999.0 -9999.0 -9999.0 -9999.0 -9999.0 -9999.0 -9999.0
-9999.0 -9999.0 -9999.0 -9999.0 -9999.0 -9999.0 -9999.0 -9999.0 -9999.0 -9999.0 -9999.0 -9999.0 -9999.0 -9999.0 -9999.0 -9999.0 -9999.0 -9999.0 -9999.0 -9999.0 -9999.0 -9999.0 -9999.0 -9999.0 -9999.0 -9999.0 -9999.0 -9999.0 -9999.0 -9999.0 -9999.0 -9999.0 -9999.0 -9999.0 -9999.0 -9999.0 -9999.0 -9999.0 -9999.0 -9999.0 -9999.0 -9999.0 -9999.0 -9999.0 -9999.0 -9999.0 -9999.0 -9999.0 -9999.0 -9999.0 -9999.0 -9999.0 -9999.0 -9999.0 -9999.0 -9999.0 -9999.0
-9999.0 -9999.0 -9999.0 -9999.0 -9999.0 -9999.0 -9999.0 -9999.0 -9999.0 -9999.0 -9999.0 -9999.0 -9999.0 -9999.0 -9999.0 -9999.0 -9999.0 -9999.0 -9999.0 -9999.0 -9999.0 -9999.0 -9999.0 -9999.0 -9999.0 -9999.0 -9999.0 -9999.0 -9999.0 -9999.0 -9999.0 -9999.0 -9999.0 -9999.0 -9999.0 -9999.0 -9999.0 -9999.0 -9999.0 -9999.0 -9999.0 -9999.0 -9999.0 -9999.0 -9999.0 -9999.0 -9999.0 -317.598827 -335.194245 -352.145134 -353.830816 -330.991482 -307.774704 -284.323124 -264.053452 -245.569949 -226.696473
-9999.0 -9999.0 -9999.0 -9999.0 -9999.0 -9999.0 -9999.0 -9999.0 -9999.0 -9999.0 -9999.0 -9999.0 -9999.0 -9999.0 -9999.0 -9999.0 -9999.0 -9999.0 -9999.0 -9999.0 -9999.0 -9999.0 -9999.0 -9999.0 -9999.0 -9999.0 -9999.0 -9999.0 -9999.0 -9999.0 -9999.0 -9999.0 -9999.0 -9999.0 -9999.0 -9999.0 -9999.0 -9999.0 -9999.0 -9999.0 -270.003223 -264.216370 -262.643532 -273.651444 -285.092929 -296.964019 -316.930811 -334.940318 -350.756877 -353.819647 -351.362737 -345.615228 -322.571271 -298.560707 -279.344661 -262.106956 -243.139414
-9999.0 -9999.0 -9999.0 -9999.0 -9999.0 -9999.0 -9999.0 -9999.0 -9999.0 -9999.0 -9999.0 -9999.0 -9999.0 -9999.0 -9999.0 -9999.0 -9999.0 -9999.0 -9999.0 -9999.0 -9999.0 -9999.0 -9999.0 -9999.0 -9999.0 -9999.0 -9999.0 -9999.0 -9999.0 -9999.0 -9999.0 -9999.0 -9999.0 -9999.0 -361.623109 -344.045670 -326.056679 -307.950161 -291.582609 -285.164067 -279.375764 -273.657106 -277.793148 -282.800273 -294.277712 -312.917337 -332.822536 -347.356285 -350.272769 -353.093589 -348.816414 -335.743491 -319.254213 -302.982852 -282.282878 -259.460181 -250.479119
-9999.0 -9999.0 -9999.0 -9999.0 -9999.0 -9999.0 -9999.0 -9999.0 -9999.0 -9999.0 -9999.0 -9999.0 -9999.0 -9999.0 -9999.0 -9999.0 -9999.0 -9999.0 -9999.0 -9999.0 -9999.0 -9999.0 -9999.0 -9999.0 -9999.0 -9999.0 -9999.0 -9999.0 -356.552151 -362.624377 -368.031430 -369.777852 -371.320016 -372.758803 -365.900420 -353.584922 -335.330829 -314.071697 -301.545864 -294.635673 -288.338169 -287.713420 -292.685554 -295.121122 -295.192025 -307.038984 -318.854446 -329.948169 -340.615670 -341.932899 -332.523189 -318.922195 -303.195859 -288.709706 -273.675396 -260.607838 -245.317310
-9999.0 -9999.0 -9999.0 -9999.0 -9999.0 -9999.0 -9999.0 -9999.0 -9999.0 -9999.0 -9999.0 -9999.0 -9999.0 -9999.0 -9999.0 -9999.0 -9999.0 -9999.0 -9999.0 -9999.0 -9999.0 -9999.0 -9999.0 -385.427683 -379.389361 -373.055771 -365.909911 -365.247542 -369.796525 -375.748721 -379.237891 -381.104325 -382.921611 -378.776469 -370.472152 -356.868105 -341.075144 -319.710781 -311.345394 -304.850198 -292.603467 -290.704361 -286.352000 -282.651705 -284.763009 -287.615176 -299.640969 -308.528519 -302.820825 -296.744840 -290.595719 -283.408941 -270.667483 -255.119065 -237.308451 -216.444583 -194.420714
-9999.0 -9999.0 -9999.0 -9999.0 -9999.0 -9999.0 -9999.0 -9999.0 -9999.0 -9999.0 -9999.0 -9999.0 -9999.0 -9999.0 -9999.0 -9999.0 -9999.0 -9999.0 -9999.0 -410.001882 -409.328800 -408.549150 -404.184824 -403.340125 -401.260135 -394.428139 -386.488849 -384.688978 -386.500297 -388.483537 -387.222500 -384.839877 -380.941528 -369.589397 -355.883684 -341.894386 -327.868936 -307.239720 -292.715055 -278.942253 -263.005530 -264.751485 -269.571569 -272.095551 -271.946172 -271.469080 -265.271496 -261.470773 -255.811004 -249.771233 -242.644267 -233.800034 -223.055511 -204.275953 -183.320144 -161.878691 -141.117414
-9999.0 -9999.0 -9999.0 -9999.0 -9999.0 -9999.0 -9999.0 -9999.0 -9999.0 -9999.0 -9999.0 -9999.0 -9999.0 -9999.0 -9999.0 -9999.0 -438.043467 -436.345778 -434.477162 -429.342215 -427.144710 -423.448843 -416.848486 -416.081448 -412.457539 -405.607541 -400.842144 -392.607985 -385.057890 -377.964846 -372.292168 -369.859773 -362.289903 -352.772745 -340.996790 -325.408063 -303.598354 -281.138558 -265.004874 -248.502235 -231.879006 -231.797203 -233.241301 -232.361053 -231.570321 -223.263118 -204.562615 -197.783998 -193.515135 -173.579960 -158.357436 -152.152380 -144.100144 -124.915795 -99.197875 -69.474061 -33.132765
-9999.0 -9999.0 -9999.0 -9999.0 -9999.0 -9999.0 -9999.0 -9999.0 -9999.0 -9999.0 -9999.0 -9999.0 -9999.0 -481.941341 -477.926961 -469.017075 -461.213075 -459.289740 -455.715461 -450.363746 -438.486253 -435.289660 -429.353468 -421.989932 -410.921043 -402.699644 -393.698195 -382.137883 -373.860606 -366.857091 -359.901171 -353.313883 -339.608450 -324.237152 -308.310449 -288.062623 -266.509937 -245.272283 -223.895345 -208.594597 -193.977647 -190.031291 -191.815945 -190.037497 -181.248722 -161.743600 -140.899323 -126.136710 -101.716396 -75.012238 -57.688335 -42.007833 -30.584617 -15.411515 9.333793 52.199353 96.505454
-9999.0 -9999.0 -9999.0 -9999.0 -9999.0 -9999.0 -9999.0 -9999.0 -9999.0 -9999.0 -517.104756 -514.596864 -518.235343 -517.525386 -513.201428 -501.650609 -488.848427 -482.202338 -471.369572 -451.202847 -434.463409 -431.290034 -416.671544 -407.024363 -400.747640 -390.233158 -377.249316 -364.320535 -347.013771 -334.393453 -321.660157 -300.825313 -284.349695 -267.964190 -250.240320 -230.309231 -208.594370 -177.253211 -148.405267 -132.448483 -106.160466 -89.959487 -92.183117 -91.199431 -81.809303 -60.789629 -31.984014 0.822377 29.992114 63.196091 89.450105 108.045120 121.980603 137.510870 155.927744 189.870418 229.748441
-9999.0 -9999.0 -9999.0 -9999.0 -9999.0 -9999.0 -9999.0 -9999.0 -540.832750 -534.217461 -528.059533 -531.310362 -536.311467 -539.707151 -527.067482 -511.572927 -495.983074 -479.407001 -463.817484 -446.349058 -430.945873 -414.515129 -395.461616 -383.792311 -372.055346 -357.012116 -343.394587 -325.399755 -304.033996 -289.005325 -269.469803 -247.132148 -227.000396 -208.317971 -189.054767 -169.353641 -138.229573 -100.446579 -63.430692 -33.226862 0.250411 30.407615 33.691762 39.303535 47.269359 79.534938 116.893111 153.262657 184.554104 214.852115 245.109001 262.643235 274.098521 287.674374 304.038417 320.652247 345.130687
-9999.0 -9999.0 -9999.0 -9999.0 -9999.0 -9999.0 -566.127167 -542.207813 -527.708274 -535.699430 -543.828130 -547.322762 -550.961894 -532.481636 -511.545182 -495.113551 -478.840739 -461.927813 -446.002824 -431.279854 -395.964590 -379.855725 -364.857910 -344.895634 -330.981181 -317.025200 -299.612589 -275.711149 -251.880569 -217.884756 -186.022796 -156.720684 -127.628698 -105.114732 -83.439902 -59.902509 -21.975200 23.411775 68.758662 106.790197 140.337217 173.384376 185.153415 192.606662 201.987915 221.528976 252.330699 283.186009 317.557692 349.606693 374.288510 385.737406 396.132823 407.787913 421.968673 436.064621 450.826286
-9999.0 -9999.0 -9999.0 -9999.0 -599.189887 -578.421935 -557.984099 -527.333777 -504.964076 -510.662542 -503.508917 -503.123897 -504.567504 -502.507453 -497.233324 -479.695973 -462.431496 -445.007722 -426.320091 -388.039204 -346.375030 -329.406452 -302.080812 -269.479986 -255.026680 -239.742753 -223.683020 -199.339767 -167.423544 -128.613718 -76.026887 -29.177518 4.021513 33.410443 60.182421 89.988194 128.941854 170.937120 209.998417 245.981909 277.486991 303.141035 318.573685 327.145062 338.520824 353.025416 372.359159 398.561234 428.171756 460.305743 485.196560 499.428831 507.912263 518.307744 530.903560 545.961257 561.310362
-9999.0 -9999.0 -9999.0 -645.570711 -607.308173 -570.807870 -543.440570 -512.694232 -481.409226 -475.038217 -467.029626 -460.541998 -453.830911 -444.984958 -434.894432 -418.815741 -405.149530 -392.941096 -372.015115 -334.923475 -297.960770 -262.404805 -228.149305 -195.071590 -169.717388 -151.972204 -133.076464 -105.400922 -60.191032 -12.528216 48.835207 112.398379 156.348807 184.781220 206.847316 233.757962 258.859572 293.499766 327.296433 358.936874 389.982092 415.593339 437.066370 445.964923 454.250508 462.707792 479.279273 500.335048 522.557093 552.582931 579.639008 599.371903 612.364599 620.251816 636.643757 652.433530 664.793138
-9999.0 -9999.0 -691.691649 -655.047817 -619.712378 -567.939311 -515.658410 -482.523833 -441.845098 -416.502187 -409.244035 -390.207896 -372.850872 -363.998252 -346.592825 -328.938334 -315.959700 -312.770170 -300.131034 -263.019884 -206.516389 -152.623917 -113.525884 -50.710254 -11.841603 15.509143 33.199872 63.799309 103.487904 153.667361 206.146094 256.814734 296.884456 328.140167 343.148005 360.467206 383.295078 405.724531 436.301404 464.227857 493.472105 520.040963 545.042616 555.649536 560.855060 574.697436 595.001424 617.036001 638.494234 659.186379 671.917226 676.060976 678.465568 679.966219 682.770519 684.914959 686.156700
-9999.0 -9999.0 -716.347183 -672.633273 -629.522869 -558.859448 -483.872743 -446.164928 -402.905700 -358.455421 -338.937233 -314.781643 -294.443807 -274.847842 -249.999099 -225.008629 -220.030172 -216.632734 -216.064366 -158.299369 -92.666165 -18.072693 63.978730 133.019323 177.346189 190.389598 200.042363 220.057873 246.713459 291.331114 341.621329 392.343052 434.971108 463.844069 478.456885 493.876102 513.810074 534.104393 551.238529 582.896789 605.477833 627.868265 652.310879 671.384151 678.682243 680.099177 676.418530 680.026043 682.621951 683.898086 683.694252 680.116942 678.988490 679.954809 681.501443 677.147076 670.907772
-9999.0 -802.182407 -750.500066 -696.160795 -625.257283 -555.385668 -468.489426 -386.962428 -337.032533 -294.561823 -265.092567 -243.037530 -185.384499 -132.098139 -101.744895 -69.567644 -70.358132 -71.107807 -77.261371 -28.146933 38.423003 137.499843 255.255063 312.741509 348.933224 354.657884 352.500283 367.058005 392.607572 432.017653 490.874878 534.069652 578.056703 610.210184 621.540945 625.808053 640.923749 659.078872 666.047817 675.351777 680.100925 684.140508 683.262631 684.641308 685.354604 685.255434 681.721595 675.232093 667.159835 660.618553 654.641730 648.738759 649.358857 653.298906 654.943213 648.347323 640.175864
-9999.0 -835.894750 -775.495564 -702.707864 -630.336260 -551.360018 -437.013703 -308.919577 -262.002880 -226.134902 -192.754113 -139.976787 -44.524993 32.018558 75.552743 119.352379 117.901022 107.965564 107.541983 146.220367 204.652863 283.033898 407.320297 488.864551 507.107673 520.512275 529.866943 552.952298 582.452121 609.564594 633.379641 649.663304 661.786713 667.355362 669.392933 670.391276 671.976203 672.650089 670.282146 667.198556 663.363170 664.114942 668.258483 668.310916 665.564920 661.852591 654.619670 645.464089 638.071280 630.510862 623.393203 617.589051 614.424639 614.645417 610.799674 605.010422 595.525022
-9999.0 -859.080019 -790.305577 -724.223062 -648.885106 -521.700519 -399.410436 -270.408075 -179.658716 -136.978316 -79.683423 20.132949 124.317570 210.566228 257.209047 281.383367 292.183538 286.077097 303.336075 351.269979 418.589465 499.609560 563.829366 625.601886 638.406872 642.331959 636.528897 641.928381 647.051257 649.009539 650.909191 652.398645 658.359445 661.487675 660.626916 657.485337 651.769094 643.518908 638.404376 635.435496 632.332014 632.412374 635.387714 635.962483 632.838980 626.970983 618.016535 609.172084 600.754938 591.579617 584.739290 578.668102 575.151666 570.239361 565.417915 559.332340 546.265020
-9999.0 -943.932253 -860.846695 -797.738883 -659.603337 -495.271064 -371.260182 -215.516875 -75.289394 -14.025127 91.020498 199.468333 290.051332 350.829858 390.071406 430.134896 457.626120 483.943355 519.038738 528.487076 582.263910 622.733532 638.326379 646.557649 644.356797 645.844749 637.869471 619.192299 609.386049 603.465174 605.915875 613.630185 620.365331 626.461924 624.140489 622.556829 617.755780 611.774831 607.273869 599.216758 591.858273 586.726195 585.644474 590.717468 584.929074 579.638424 570.989909 561.005474 550.837158 541.425190 532.261093 524.264503 520.442052 514.378221 512.647391 505.215040 479.509219
-9999.0 -1024.572633 -945.391875 -838.542423 -684.533815 -521.023426 -371.212844 -196.137543 6.649678 126.281205 229.971285 285.785528 350.974589 412.288903 471.825370 507.545154 526.859572 535.291666 539.576880 550.496249 536.679806 543.785950 565.326628 590.890326 601.621885 603.960199 591.193636 577.983372 570.561555 569.775530 569.349725 569.497050 569.423750 568.026760 564.331040 564.043826 565.283902 557.922021 549.564002 541.980567 535.328110 527.739519 522.556059 519.580783 517.119342 515.599007 506.928969 495.591673 484.357115 475.443088 466.813991 460.126646 457.329874 452.432753 445.789928 434.961285 408.649197
-9999.0 -1109.546243 -995.637278 -891.083536 -753.018548 -612.044985 -472.508970 -299.990045 -130.205639 95.301452 265.834512 317.853904 347.028815 390.383988 447.437001 502.491827 508.276945 481.134402 458.126885 449.839848 459.226758 475.785995 494.320143 516.697963 533.040284 540.523620 538.264138 528.456709 514.772027 507.029201 502.667192 495.026036 489.266217 488.548107 486.991398 491.374150 492.810599 482.886983 470.335804 455.728020 443.050205 433.597642 430.491654 431.046054 430.271106 426.632404 419.053051 408.599874 396.162665 384.793143 376.478430 370.492173 364.072661 355.290559 345.460081 334.368724 309.617243
-9999.0 -9999.0 -1064.145413 -951.588249 -834.451413 -704.772123 -573.858028 -414.587147 -254.182958 -52.424856 79.183160 179.639210 235.325364 276.975765 327.873264 374.078391 384.859975 395.856050 375.423764 378.896592 387.182595 396.424177 409.389315 423.464106 436.763599 445.100489 449.674897 446.981315 437.697804 422.731051 405.731201 392.783644 384.833773 378.871897 385.900609 395.484245 392.952239 386.002515 374.555419 359.747284 347.298346 334.676230 331.133236 331.659729 331.397821 328.221259 322.931826 310.388755 297.524269 284.848475 278.503851 272.063999 265.808310 254.760238 243.023834 229.502815 205.604519
-9999.0 -9999.0 -1145.631374 -1033.821311 -911.521043 -784.581117 -674.815559 -563.112448 -400.620804 -274.053930 -166.124782 -69.807757 11.537327 74.667812 120.736551 174.079146 201.875059 214.159437 223.071806 241.579816 264.468899 287.001199 302.771692 316.106564 329.125011 340.065421 348.020650 337.954139 327.645119 312.179205 292.794536 271.722004 260.250706 254.735938 257.917503 263.995936 258.728022 248.633104 234.301888 217.865096 204.553997 192.263668 187.974693 185.581304 184.561136 181.536522 177.651863 167.559208 154.513314 144.618424 135.531716 127.798159 122.948477 113.474744 101.120827 90.678885 67.247298
