tests/Borden05m/data_simulated/sim_1/output-maps/psiliqL0004N0018.asc
ncols         160
nrows         34
xllcorner     620200.000000
yllcorner     5168000.000000
cellsize      0.500000
NODATA_value  -9999.0
[rows 0 to 24 of 34, columns 0 to 55 of 160]
-9999.0 -9999.0 -9999.0 -9999.0 -9999.0 -9999.0 -9999.0 -9999.0 -9999.0 -9999.0 -9999.0 -9999.0 -9999.0 -9999.0 -9999.0 -9999.0 -9999.0 -9999.0 -9999.0 -9999.0 -9999.0 -9999.0 -9999.0 -9999.0 -9999.0 -9999.0 -9999.0 -9999.0 -9999.0 -9999.0 -9999.0 -9999.0 -9999.0 -9999.0 -9999.0 -9999.0 -9999.0 -9999.0 -9999.0 -9999.0 -9999.0 -9999.0 -9999.0 -9999.0 -9999.0 -9999.0 -9999.0 -9999.0 -9999.0 -9999.0 -9999.0 -9999.0 -9999.0 -9999.0 -9999.0 -9999.0
-9999.0 -9999.0 -9999.0 -9999.0 -9999.0 -9999.0 -9999.0 -9999.0 -9999.0 -9999.0 -9999.0 -9999.0 -9999.0 -9999.0 -9999.0 -9999.0 -9999.0 -9999.0 -9999.0 -9999.0 -9999.0 -9999.0 -9999.0 -9999.0 -9999.0 -9999.0 -9999.0 -9999.0 -9999.0 -9999.0 -9999.0 -9999.0 -9999.0 -9999.0 -9999.0 -9999.0 -9999.0 -9999.0 -9999.0 -9999.0 -9999.0 -9999.0 -9999.0 -9999.0 -9999.0 -9999.0 -9999.0 -9999.0 -9999.0 -9999.0 -9999.0 -9999.0 -9999.0 -9999.0 -9999.0 -9999.0
-9999.0 -9999.0 -9999.0 -9999.0 -9999.0 -9999.0 -9999.0 -9999.0 -9999.0 -9999.0 -9999.0 -9999.0 -9999.0 -9999.0 -9999.0 -9999.0 -9999.0 -9999.0 -9999.0 -9999.0 -9999.0 -9999.0 -9999.0 -9999.0 -9999.0 -9999.0 -9999.0 -9999.0 -9999.0 -9999.0 -9999.0 -9999.0 -9999.0 -9999.0 -9999.0 -9999.0 -9999.0 -9999.0 -9999.0 -9999.0 -9999.0 -9999.0 -9999.0 -9999.0 -9999.0 -9999.0 -9999.0 -606.629459 -613.781551 -622.349315 -624.637585 -614.805751 -609.672034 -604.746580 -601.074833 -597.607888
-9999.0 -9999.0 -9999.0 -9999.0 -9999.0 -9999.0 -9999.0 -9999.0 -9999.0 -9999.0 -9999.0 -9999.0 -9999.0 -9999.0 -9999.0 -9999.0 -9999.0 -9999.0 -9999.0 -9999.0 -9999.0 -9999.0 -9999.0 -9999.0 -9999.0 -9999.0 -9999.0 -9999.0 -9999.0 -9999.0 -9999.0 -9999.0 -9999.0 -9999.0 -9999.0 -9999.0 -9999.0 -9999.0 -9999.0 -9999.0 -603.950200 -600.792104 -598.500456 -603.208875 -605.729658 -606.285616 -611.857675 -618.010680 -624.281157 -622.831133 -622.626518 -626.167201 -618.870650 -612.661585 -609.719684 -607.098277
-9999.0 -9999.0 -9999.0 -9999.0 -9999.0 -9999.0 -9999.0 -9999.0 -9999.0 -9999.0 -9999.0 -9999.0 -9999.0 -9999.0 -9999.0 -9999.0 -9999.0 -9999.0 -9999.0 -9999.0 -9999.0 -9999.0 -9999.0 -9999.0 -9999.0 -9999.0 -9999.0 -9999.0 -9999.0 -9999.0 -9999.0 -9999.0 -9999.0 -9999.0 -622.823256 -616.387394 -612.977878 -609.638137 -605.287768 -605.979801 -606.535711 -603.738730 -606.199830 -606.704072 -610.255118 -616.769982 -623.461539 -627.428309 -624.254574 -625.492909 -625.270193 -621.743510 -619.027695 -617.364272 -612.150819 -604.562269
-9999.0 -9999.0 -9999.0 -9999.0 -9999.0 -9999.0 -9999.0 -9999.0 -9999.0 -9999.0 -9999.0 -9999.0 -9999.0 -9999.0 -9999.0 -9999.0 -9999.0 -9999.0 -9999.0 -9999.0 -9999.0 -9999.0 -9999.0 -9999.0 -9999.0 -9999.0 -9999.0 -9999.0 -614.171207 -616.621338 -618.542173 -618.527770 -619.396728 -622.512155 -623.017084 -621.855545 -617.925961 -612.023609 -610.495108 -610.647183 -609.894768 -610.967861 -614.450494 -614.929787 -611.507777 -615.505659 -617.847610 -620.722986 -626.938842 -628.454953 -624.688314 -620.834771 -617.289875 -615.747939 -614.362961 -613.464119
-9999.0 -9999.0 -9999.0 -9999.0 -9999.0 -9999.0 -9999.0 -9999.0 -9999.0 -9999.0 -9999.0 -9999.0 -9999.0 -9999.0 -9999.0 -9999.0 -9999.0 -9999.0 -9999.0 -9999.0 -9999.0 -9999.0 -9999.0 -619.224980 -616.970930 -615.939192 -613.880737 -614.759906 -619.197098 -622.236338 -623.604375 -624.694955 -627.153245 -627.264446 -626.961276 -624.821107 -622.906588 -616.677629 -618.677748 -619.922849 -614.859769 -615.766018 -612.722613 -609.378461 -610.247970 -609.853576 -616.526319 -621.637764 -616.641857 -614.434317 -614.292986 -614.892003 -612.570554 -609.503049 -605.736722 -599.961033
-9999.0 -9999.0 -9999.0 -9999.0 -9999.0 -9999.0 -9999.0 -9999.0 -9999.0 -9999.0 -9999.0 -9999.0 -9999.0 -9999.0 -9999.0 -9999.0 -9999.0 -9999.0 -9999.0 -620.036173 -620.656056 -621.888648 -621.241429 -625.380462 -627.098152 -625.622148 -623.054814 -624.299029 -626.829308 -629.036025 -628.744058 -628.376494 -628.740023 -625.056033 -621.883990 -620.372272 -620.309837 -615.199921 -613.182941 -610.138071 -603.496263 -607.285978 -611.308170 -613.456567 -613.665014 -614.768044 -610.975707 -609.766442 -609.110675 -609.092510 -608.573390 -607.161204 -605.897195 -599.949342 -594.134906 -588.888309
-9999.0 -9999.0 -9999.0 -9999.0 -9999.0 -9999.0 -9999.0 -9999.0 -9999.0 -9999.0 -9999.0 -9999.0 -9999.0 -9999.0 -9999.0 -9999.0 -621.545907 -621.859914 -623.385337 -625.786148 -627.950774 -627.884163 -625.916338 -629.059532 -629.998378 -629.030838 -630.250387 -628.329440 -626.330966 -624.045649 -622.931776 -625.073644 -624.364414 -624.248708 -623.941890 -622.115975 -616.414041 -610.991802 -609.081412 -605.114513 -598.940077 -601.848977 -603.288120 -603.162976 -604.996889 -602.879147 -594.127998 -594.834113 -597.759582 -588.601669 -583.458522 -584.391779 -584.459511 -577.997362 -568.487831 -556.418575
-9999.0 -9999.0 -9999.0 -9999.0 -9999.0 -9999.0 -9999.0 -9999.0 -9999.0 -9999.0 -9999.0 -9999.0 -9999.0 -623.650266 -623.879084 -623.187731 -626.966360 -630.118815 -631.977406 -634.540348 -630.651179 -633.065641 -633.658820 -632.807881 -629.295698 -628.917344 -628.229616 -625.849851 -626.152813 -626.795705 -627.420353 -629.059262 -625.871798 -622.588067 -620.019409 -615.306838 -611.258844 -607.724764 -602.402399 -600.535305 -596.872079 -597.604864 -600.895225 -601.529091 -598.529683 -590.106543 -583.171320 -580.050716 -568.889925 -556.956898 -550.456692 -542.875456 -538.481787 -532.309873 -518.940478 -485.250373
-9999.0 -9999.0 -9999.0 -9999.0 -9999.0 -9999.0 -9999.0 -9999.0 -9999.0 -9999.0 -630.884807 -628.692860 -632.005726 -638.082654 -640.651961 -638.940835 -637.122332 -639.251374 -638.848180 -631.909339 -627.980113 -633.657656 -629.189119 -628.782330 -630.998264 -629.983617 -627.864605 -627.049232 -622.602532 -621.890817 -621.248913 -614.342281 -611.906676 -609.339989 -606.058403 -602.391636 -598.783417 -588.203218 -579.000237 -577.634693 -566.091721 -558.892406 -563.822174 -565.540103 -563.333576 -554.306856 -539.530539 -518.813574 -498.000590 -469.397897 -444.072724 -427.137907 -414.543806 -400.070715 -383.195942 -357.525372
-9999.0 -9999.0 -9999.0 -9999.0 -9999.0 -9999.0 -9999.0 -9999.0 -640.351506 -636.659285 -634.332512 -637.183909 -641.103483 -648.200108 -645.204541 -642.235509 -640.098166 -637.087147 -635.450837 -633.934044 -634.927778 -632.280482 -627.682116 -628.278372 -627.414035 -624.282710 -623.595339 -620.528054 -616.065892 -616.800770 -613.860020 -609.368212 -605.353710 -601.684526 -597.477072 -594.225984 -583.249985 -568.899886 -553.630899 -539.971463 -521.059477 -498.928917 -497.974784 -493.922410 -488.474444 -458.953841 -422.078604 -386.530173 -359.607342 -336.550135 -312.509602 -298.722834 -289.237443 -277.389277 -262.810404 -249.550345
-9999.0 -9999.0 -9999.0 -9999.0 -9999.0 -9999.0 -646.403988 -637.869982 -633.784321 -642.840919 -650.142552 -652.677823 -657.139334 -647.238713 -638.796394 -636.897057 -635.339599 -633.531351 -633.831395 -638.380986 -625.775692 -628.148759 -629.763366 -625.500090 -625.096367 -624.090623 -621.047792 -614.958597 -611.367393 -600.172818 -591.459574 -583.687253 -574.174037 -567.755738 -561.079397 -553.090238 -533.848300 -504.832503 -467.810126 -431.921512 -399.620449 -370.258794 -359.625678 -353.915935 -347.005924 -333.368319 -308.943494 -282.448842 -251.496699 -221.753380 -199.247010 -188.683762 -179.111881 -168.249804 -154.904449 -140.406955
-9999.0 -9999.0 -9999.0 -9999.0 -642.561838 -640.430176 -641.540370 -634.042239 -628.914721 -639.585986 -635.674052 -637.575481 -641.203655 -645.496656 -650.623075 -646.277610 -643.538907 -641.507245 -641.558143 -628.910437 -617.936623 -622.947614 -617.081387 -606.754815 -607.671415 -605.788845 -604.229764 -598.678770 -589.464668 -577.721642 -554.529542 -532.001850 -514.363698 -494.766991 -474.423641 -447.433697 -410.659072 -372.333276 -342.576888 -314.229841 -287.527179 -265.636120 -251.007042 -242.466138 -231.962076 -219.329494 -202.063997 -177.483562 -149.134703 -115.523233 -88.675735 -73.056470 -64.878236 -54.978675 -42.647733 -24.981419
-9999.0 -9999.0 -9999.0 -648.342714 -639.796888 -636.286705 -639.476903 -637.396933 -630.815980 -636.341640 -637.195667 -638.042902 -638.497506 -638.171195 -638.346634 -635.635378 -634.694814 -635.769450 -633.350953 -625.008282 -620.035047 -612.840983 -606.645778 -598.324683 -591.427677 -588.049248 -583.756206 -574.313773 -553.084468 -526.870174 -481.050058 -422.735675 -381.814396 -358.415098 -343.090280 -322.916136 -302.651494 -272.912225 -243.305242 -215.103736 -186.775139 -162.625860 -140.659320 -127.354263 -119.303750 -110.452151 -92.994729 -72.305817 -48.928216 -5.529728 30.358647 49.837768 60.584409 67.252129 80.567659 92.762754
-9999.0 -9999.0 -647.540431 -642.495647 -645.156541 -638.684306 -631.533220 -634.898233 -626.644033 -623.617488 -630.342357 -625.706139 -623.035134 -626.948843 -623.457163 -619.551655 -617.385915 -622.298328 -625.298596 -615.564385 -596.455633 -580.311223 -569.737860 -535.122080 -513.457457 -498.714799 -490.102315 -466.620301 -430.915870 -382.797801 -341.601813 -300.154211 -264.635148 -236.433904 -223.870778 -208.866442 -186.406855 -162.612221 -133.547071 -106.445542 -81.863139 -55.129331 -28.151417 7.441207 12.847911 25.569778 44.369724 63.692581 82.328099 101.109036 117.683184 118.911787 119.473925 119.477765 120.086745 120.078061
-9999.0 -9999.0 -653.288451 -645.054966 -649.831208 -637.029616 -624.921714 -633.620897 -629.006664 -617.018705 -618.776784 -616.410630 -616.554308 -614.859825 -608.960048 -598.959885 -602.804295 -604.317662 -613.795848 -587.363450 -562.550117 -520.192191 -447.077223 -388.922831 -356.460364 -350.231998 -345.997690 -332.407695 -311.330113 -272.198631 -223.566885 -171.663036 -129.627234 -101.865776 -87.986280 -73.481130 -50.734046 -8.085510 8.763033 37.150673 36.800426 72.756619 93.885135 112.310183 118.669476 118.792442 118.574121 119.209508 119.450455 119.598239 119.483958 116.191436 115.341714 115.892348 116.716659 112.149691
-9999.0 -656.085526 -651.672747 -650.865296 -642.319232 -643.538821 -632.574904 -617.794633 -615.829946 -609.385472 -607.466333 -612.186886 -586.566558 -564.182322 -554.686238 -536.352183 -542.363927 -547.391927 -557.358794 -530.137510 -478.466923 -384.378497 -288.528693 -242.838965 -221.620219 -220.691856 -224.716013 -212.813945 -188.729793 -147.715633 -77.398710 -3.729400 35.936279 63.522667 72.194556 74.371087 87.288156 104.153529 118.865141 122.103494 121.374442 122.883431 119.213130 119.931155 119.897060 120.009414 116.640202 110.636612 102.781924 95.728946 91.450063 86.510472 88.742547 91.955818 93.039258 86.104153
-9999.0 -668.878361 -652.439134 -642.941736 -645.474420 -650.453990 -627.283314 -594.699629 -600.397297 -600.522505 -598.752384 -577.564329 -520.113855 -463.962517 -427.062312 -391.872343 -393.455269 -404.384097 -402.491883 -370.865317 -323.870317 -252.782139 -148.032059 -80.364192 -88.857421 -88.088445 -84.040451 -63.886119 -33.681692 3.892018 73.638665 103.386941 109.050973 110.755506 111.338132 111.611738 111.954232 112.365895 109.115589 105.531527 100.144014 92.257130 104.009514 104.315763 101.323221 96.914352 90.695386 82.203279 69.465916 45.200140 37.305695 32.333089 30.167508 30.281167 25.985231 19.348645
-9999.0 -656.372314 -638.574542 -642.463129 -656.029817 -634.013909 -622.276094 -596.596465 -576.123821 -575.238949 -547.447597 -467.138782 -384.686553 -327.238435 -293.092837 -274.056189 -261.975218 -263.169752 -242.590433 -194.477857 -118.894573 -13.905187 31.318340 76.583343 38.701362 16.473368 6.529242 5.881245 11.008940 22.915036 47.221324 87.017169 96.350167 101.550580 100.543234 96.203845 91.274294 83.743450 78.328952 73.535069 52.253633 47.593854 71.634071 72.546928 57.632410 38.994083 30.083226 21.706053 11.887180 -0.440749 -7.233392 -12.635443 -15.649593 -20.372650 -25.641103 -32.150213
-9999.0 -679.393608 -652.274841 -673.896300 -643.462961 -617.732755 -616.175878 -576.982123 -530.350252 -505.258794 -410.988754 -337.806909 -270.413558 -222.626897 -186.866173 -148.849532 -122.885238 -96.166139 -61.273440 -24.620679 68.720239 96.065997 99.310960 98.585955 79.434667 24.168463 1.485761 -20.208948 -27.919968 -27.317268 -13.530540 9.281112 27.779975 63.985214 57.720639 36.413021 30.841891 25.881730 21.673782 12.601839 1.373891 -4.566113 -1.605090 3.778026 -5.005359 -13.432979 -21.847155 -31.275771 -41.510457 -51.465694 -60.349733 -67.947333 -71.541043 -77.556144 -79.325099 -86.402777
-9999.0 -697.241296 -676.574813 -662.507791 -636.570208 -617.846914 -598.481591 -556.550540 -465.081820 -383.002138 -317.710482 -282.447915 -228.760412 -170.349274 -112.606574 -81.470571 -64.797270 -57.937079 -48.284972 -36.861543 -34.486872 8.419663 24.880767 41.759726 4.512745 -16.446122 -35.705806 -50.365875 -56.035500 -52.649531 -46.493554 -38.047382 -30.351294 -22.842408 -25.254510 -28.452665 -26.782921 -32.852587 -40.264499 -47.701033 -54.880246 -62.431107 -66.839604 -69.555199 -73.217517 -75.619275 -84.092570 -94.996135 -105.863577 -114.540981 -122.927765 -129.462902 -131.839400 -136.343039 -142.114101 -151.941924
-9999.0 -741.626033 -670.241481 -662.833961 -647.146310 -641.177390 -634.110757 -599.942189 -546.036088 -396.623534 -262.698723 -244.902089 -226.159613 -192.235504 -137.291657 -87.391247 -81.354360 -108.865840 -129.291578 -136.297469 -125.510378 -103.915789 -86.542860 -69.381154 -67.058842 -69.265146 -75.663358 -86.288648 -98.436021 -102.603000 -101.973276 -104.176949 -105.162453 -102.002213 -102.894321 -99.050370 -96.501108 -105.494758 -117.047117 -130.643475 -142.663258 -151.539058 -154.654095 -154.515895 -155.783082 -159.392646 -166.881033 -176.622296 -188.270347 -198.705625 -206.725585 -212.283282 -217.790241 -225.222965 -233.519005 -242.583675
-9999.0 -9999.0 -700.716341 -662.881637 -658.323516 -652.453680 -646.481073 -620.292303 -589.582610 -498.300374 -401.060548 -344.199221 -309.558000 -277.350302 -231.369438 -191.456952 -185.289977 -179.106560 -202.603879 -201.513184 -194.506326 -185.635607 -174.017102 -162.663653 -154.456261 -150.557302 -148.671389 -151.340578 -159.400671 -171.093307 -183.621739 -192.375144 -197.409595 -201.116274 -194.350154 -185.095968 -186.485506 -192.494172 -202.648793 -216.039820 -227.369857 -238.687244 -241.755055 -241.013378 -241.304468 -244.241073 -249.195051 -260.266539 -271.494472 -282.869031 -288.349145 -293.682216 -298.930692 -307.982613 -317.180570 -327.432748
-9999.0 -9999.0 -750.027852 -682.126897 -657.769457 -641.755263 -643.393979 -640.085181 -605.487271 -584.994652 -553.984350 -508.853472 -457.114664 -407.561053 -375.841832 -341.846008 -326.546724 -319.320863 -317.915549 -308.726461 -292.175025 -276.019937 -264.652095 -253.913250 -244.038992 -236.202432 -229.498934 -238.015814 -246.607557 -259.306172 -274.954992 -292.111385 -301.232549 -306.321323 -302.695183 -296.416774 -300.407564 -308.697904 -320.015982 -332.949706 -342.651532 -351.773609 -354.426495 -355.463039 -355.734111 -357.698445 -360.416550 -368.413873 -379.548042 -388.967464 -397.320645 -404.918201 -409.796132 -419.434354 -431.769581 -442.061122
