tests/Borden05m/data_simulated/sim_1/output-maps/psiliqL0003N0018.asc
ncols         160
nrows         34
xllcorner     620200.000000
yllcorner     5168000.000000
cellsize      0.500000
NODATA_value  -9999.0
[rows 0 to 24 of 34, columns 56 to 111 of 160]
-9999.0 -9999.0 -9999.0 -9999.0 -9999.0 -9999.0 -9999.0 -9999.0 -9999.0 -9999.0 -9999.0 -9999.0 -9999.0 -9999.0 -9999.0 -9999.0 -9999.0 -9999.0 -9999.0 -9999.0 -9999.0 -9999.0 -9999.0 -9999.0 -9999.0 -9999.0 -9999.0 -9999.0 -9999.0 -9999.0 -9999.0 -9999.0 -9999.0 -9999.0 -9999.0 -9999.0 -9999.0 -9999.0 -9999.0 -9999.0 -9999.0 -9999.0 -9999.0 -9999.0 -9999.0 -9999.0 -9999.0 -9999.0 -9999.0 -9999.0 -9999.0 -9999.0 -9999.0 -9999.0 -9999.0 -9999.0
-9999.0 -9999.0 -9999.0 -579.635098 -581.015694 -582.010895 -582.617617 -584.577584 -586.140202 -587.930162 -588.264169 -588.098685 -588.409642 -589.066632 -588.107862 -586.839785 -585.734654 -584.258878 -584.461359 -584.250027 -583.693317 -583.546846 -583.808971 -584.493404 -584.964356 -585.507929 -584.903058 -586.915578 -589.552644 -591.575670 -592.002885 -590.333929 -589.310038 -589.433789 -588.433038 -586.299439 -584.433486 -583.680173 -581.445786 -581.577126 -580.659549 -579.310815 -580.422359 -580.755014 -580.704779 -580.463756 -583.425745 -9999.0 -9999.0 -9999.0 -9999.0 -9999.0 -9999.0 -9999.0 -9999.0 -9999.0
-585.752421 -581.775358 -581.928535 -587.297409 -587.908085 -588.092470 -587.905439 -588.750852 -590.848652 -591.436823 -592.971246 -593.618557 -593.785681 -594.360021 -593.831149 -591.279610 -589.452734 -588.878701 -589.177999 -589.299782 -589.805293 -590.179051 -590.075631 -590.723684 -591.337172 -591.983703 -591.858471 -590.394307 -592.313558 -593.306242 -594.239963 -595.189051 -594.790990 -594.455330 -594.277379 -591.853733 -590.810766 -590.015752 -586.703075 -583.638563 -582.774033 -583.938162 -585.277078 -585.064378 -585.331085 -586.697659 -588.035534 -588.284778 -588.960923 -589.291607 -590.434024 -588.709189 -588.576054 -586.559022 -584.822804 -582.774871
-590.820587 -586.312557 -586.521792 -590.662250 -593.201819 -594.013861 -593.501523 -591.805063 -592.535901 -594.021655 -596.213682 -593.703279 -594.006691 -594.207046 -593.723564 -592.879754 -592.537132 -592.116031 -591.453749 -589.157160 -589.258157 -589.433085 -589.326635 -589.735760 -590.482870 -590.468119 -590.898886 -592.773851 -592.514534 -592.075484 -592.455545 -590.608402 -590.478514 -589.471049 -592.678061 -592.103466 -591.222583 -590.532394 -589.976142 -589.332057 -588.564182 -589.964107 -589.054487 -590.322428 -593.020646 -593.860342 -593.841852 -591.959814 -591.040901 -592.369623 -596.812952 -594.438017 -589.457866 -589.703326 -590.350414 -587.815308
-593.664914 -592.575521 -593.054282 -594.813420 -593.209374 -591.903301 -591.063996 -591.844944 -593.417716 -595.266604 -591.225570 -589.479001 -590.278045 -589.792499 -588.644733 -588.653788 -593.610389 -594.900245 -592.889373 -590.734038 -589.788215 -590.632660 -591.047649 -591.879517 -591.900365 -591.424985 -591.985757 -591.238698 -590.551729 -591.318662 -589.999782 -588.501138 -587.148239 -590.289734 -593.184165 -593.015066 -590.626021 -588.824530 -587.804213 -585.209840 -581.324457 -581.943862 -582.916735 -583.574701 -584.397045 -589.149570 -593.412110 -595.146402 -595.937066 -597.196862 -596.300110 -597.148646 -593.195121 -593.442596 -593.994257 -592.019165
-596.922322 -591.853084 -590.540986 -593.236664 -594.757349 -595.459891 -595.052354 -595.558174 -595.411107 -591.772441 -589.609001 -586.125730 -587.185760 -587.031765 -587.172381 -590.607877 -593.307165 -595.065246 -589.847971 -585.585017 -584.097966 -585.087610 -585.923187 -582.287515 -583.366857 -583.914391 -586.125693 -585.326913 -585.514399 -581.549641 -579.909976 -577.804147 -578.601640 -582.546860 -585.901899 -586.137611 -585.762087 -586.056437 -585.002193 -582.355375 -579.113363 -581.338401 -582.539949 -582.772789 -589.971197 -595.689128 -597.799792 -594.300954 -592.300861 -592.749866 -592.479207 -592.386049 -595.031313 -594.433855 -594.168881 -595.349531
-586.740921 -583.637851 -578.933386 -582.014048 -584.343634 -588.320393 -587.928322 -587.403606 -585.931828 -583.774829 -579.857246 -572.676802 -573.750761 -573.189013 -570.961090 -574.845661 -578.565118 -583.872754 -577.899718 -576.237156 -574.056505 -574.113948 -569.445614 -565.249494 -567.788691 -571.369709 -575.520547 -572.973375 -567.335692 -561.871801 -560.353215 -559.570134 -558.660073 -562.532824 -563.816709 -564.766384 -564.521120 -566.925194 -566.684030 -562.546946 -555.661953 -554.984969 -558.676214 -565.615607 -575.831483 -584.974422 -589.933117 -584.963156 -586.555362 -587.377107 -586.701754 -590.120048 -592.180050 -589.588111 -592.125151 -594.057126
-582.816560 -579.607258 -574.065865 -576.270912 -580.568034 -585.123995 -585.069210 -582.338066 -580.772034 -575.303354 -567.360607 -557.631346 -551.641400 -546.631725 -541.255883 -545.356654 -550.088798 -555.341565 -554.268191 -547.913782 -541.209218 -533.407747 -524.339978 -514.374294 -517.334412 -522.913292 -523.637669 -521.114058 -509.539303 -498.116513 -493.144088 -490.009398 -484.550983 -488.681279 -496.084768 -504.473974 -512.477392 -519.221677 -524.066186 -514.440260 -503.743197 -505.832515 -524.758873 -539.940405 -555.422747 -568.762862 -581.265849 -581.390023 -579.556056 -577.946395 -582.382748 -584.818219 -588.949028 -590.018584 -589.931606 -594.177606
-556.274680 -548.111090 -538.648014 -534.456526 -542.462061 -543.840710 -540.887829 -534.525710 -531.701897 -523.337821 -498.820843 -461.649205 -432.533216 -411.795502 -408.013620 -414.983365 -423.226706 -436.884876 -444.431144 -432.491558 -420.690624 -410.595466 -402.083158 -393.935649 -388.130750 -388.591242 -388.528897 -386.708912 -384.346696 -380.066983 -374.919781 -369.631604 -363.726100 -361.699147 -368.821936 -376.233359 -384.367188 -391.772750 -394.020045 -396.026555 -392.014637 -392.595891 -406.298358 -426.921633 -456.515888 -493.376013 -520.857537 -537.825259 -538.524180 -546.489289 -553.231395 -560.518749 -573.753265 -577.767981 -580.215318 -590.353371
-492.249397 -461.528190 -442.381923 -426.137259 -424.096227 -420.752503 -417.751366 -412.926635 -408.779984 -403.689625 -380.168532 -350.778443 -321.946560 -298.234971 -288.682328 -296.570426 -305.521626 -315.695575 -324.781827 -325.033396 -313.737081 -299.578468 -285.557157 -276.347125 -273.034542 -274.559343 -274.389485 -273.374695 -270.455619 -268.526531 -264.630455 -258.458839 -248.527230 -236.367320 -238.943320 -254.468359 -267.691858 -283.577757 -291.845789 -295.511818 -300.864721 -301.534036 -302.079467 -323.151245 -345.990151 -372.471019 -398.218691 -415.505984 -434.638147 -456.093435 -478.027424 -514.310805 -540.768842 -558.427674 -570.731553 -581.931984
-383.274766 -358.899654 -335.415362 -321.239199 -315.431654 -312.689013 -308.518870 -300.947844 -294.564782 -286.191312 -269.243096 -237.226940 -202.325971 -171.334181 -160.221886 -165.377893 -175.604294 -186.014756 -194.317923 -196.574929 -192.149735 -185.038131 -173.808180 -162.438489 -152.038069 -152.860279 -151.594435 -152.984903 -149.557463 -146.989949 -147.002412 -141.307338 -132.472187 -124.413291 -122.027728 -133.063703 -147.336883 -166.001905 -182.049127 -192.972674 -200.226850 -201.809384 -201.715473 -202.701063 -222.176369 -253.094350 -293.598729 -322.106186 -343.485625 -356.228257 -369.453052 -381.571811 -409.773703 -425.926523 -455.929892 -494.249973
-287.166141 -260.912876 -233.456925 -214.085238 -203.313281 -200.039616 -193.090086 -179.844182 -170.396506 -158.657640 -143.783061 -124.708976 -100.377945 -63.471618 -18.736209 -19.181484 -28.309781 -41.712831 -44.539074 -43.837607 -43.415801 -40.096252 -58.720355 -23.283251 -11.824595 -30.719728 -6.052260 -32.332763 -6.444087 -4.352857 -5.394077 -4.739605 -3.392278 1.456050 3.489125 -23.305265 -11.195944 -29.095510 -77.982022 -94.065180 -100.795247 -105.121023 -106.359848 -109.003234 -118.625483 -143.356628 -180.699820 -216.689845 -242.843954 -261.508056 -274.786041 -284.039262 -291.995080 -305.363566 -328.916171 -362.620604
-181.762815 -158.475159 -135.125671 -112.097622 -95.208162 -89.272747 -73.535102 -37.528318 -24.104348 -10.127764 -17.453895 14.365396 9.627448 44.699657 53.848976 59.393094 60.843617 61.666821 63.220609 64.007371 63.144637 63.416314 63.603614 64.645994 66.244920 66.988412 67.606182 66.761481 67.644785 68.346620 67.759829 68.267822 65.993285 66.129378 66.574665 65.530311 64.071488 56.435386 41.098523 30.263759 23.830178 16.866130 8.879005 0.236565 -8.533366 -23.035630 -77.099001 -114.175068 -146.942954 -166.678785 -176.291145 -182.612992 -188.047451 -201.917539 -222.312184 -247.826864
-41.459319 -26.971439 -9.921146 9.879603 24.390485 12.603059 40.578318 47.725175 57.224987 66.936779 68.329504 69.780058 69.058547 69.351037 69.919865 70.467315 69.556650 67.948788 68.217052 66.266383 61.006911 52.656440 53.840445 54.952412 57.624707 60.456491 58.942161 59.714892 62.535816 61.403217 56.458763 53.503803 51.959245 51.892645 58.434403 61.153818 61.728790 62.660071 61.878434 61.697375 61.814188 61.607514 61.636065 61.718428 57.065493 49.134014 29.550551 3.431171 -25.601654 -73.854085 -87.705767 -88.590284 -93.251076 -101.460712 -125.853395 -153.918534
49.389442 59.780547 70.087950 69.578494 70.338999 69.325762 71.339059 73.422981 73.941589 69.938684 66.096843 61.526551 60.924790 59.650298 57.627035 58.192886 56.451512 52.897611 49.855150 43.002602 32.737788 21.235720 19.414945 24.151084 29.098132 32.159160 34.422394 37.238051 39.274149 35.155872 28.121332 21.657397 19.451086 25.310835 30.879561 35.091353 35.311344 34.528514 32.765782 33.280904 31.770349 32.475584 38.775778 51.567248 59.415336 59.367764 59.284949 59.073956 58.462960 37.681087 19.236409 21.538286 17.693457 6.198079 -45.062965 -73.504104
63.859369 64.024610 61.226601 56.095066 51.002189 50.567293 54.215798 60.392267 62.231644 55.864696 48.313700 39.059039 34.218359 32.499763 31.092962 30.211119 30.223392 24.883637 16.721060 -26.935817 -44.409174 -57.507935 -64.356549 -65.477605 -60.048665 -52.225493 -44.962135 -41.053900 -45.594484 -51.951243 -60.808788 -68.157588 -67.863598 -64.830375 -56.574216 -45.378035 -43.292444 -42.293423 -45.830391 -48.168997 -52.273049 -51.327014 -38.225074 5.043626 19.983667 31.410626 38.467399 45.989780 51.914221 58.942109 58.950103 58.955599 58.919636 54.799890 41.194300 23.584184
49.699477 42.776043 37.167578 31.074656 25.135393 23.823087 27.256291 30.722342 28.859608 22.391492 9.622531 -29.361249 -44.522334 -51.108118 -51.196527 -49.849514 -50.160124 -56.892393 -72.659173 -95.487377 -111.627958 -126.550410 -131.126726 -135.574351 -137.772322 -127.738774 -113.306878 -108.366897 -119.543113 -128.070254 -140.449223 -147.528844 -149.643715 -147.722121 -138.610047 -121.641183 -106.423127 -105.600380 -113.648047 -121.198705 -124.710348 -124.883631 -113.951073 -89.160556 -68.095202 -53.126737 -41.141991 -21.532749 5.157282 15.249142 25.502625 37.014988 47.487546 58.075977 58.467522 58.469123
21.946611 -13.631890 -26.905989 -35.276805 -41.816482 -46.196367 -48.622494 -50.724708 -56.346841 -63.594171 -75.569544 -92.983468 -106.743236 -120.207740 -123.649067 -125.693847 -124.160188 -135.527940 -148.164291 -169.331468 -185.436174 -200.895481 -209.130994 -214.781193 -219.963481 -212.491287 -196.752512 -187.906716 -202.975117 -212.701405 -225.651453 -232.005424 -234.932913 -233.776250 -224.761802 -202.626877 -184.908074 -179.245998 -187.061601 -193.861114 -196.735301 -196.419918 -189.761112 -171.591966 -150.066521 -129.722993 -114.163687 -101.374002 -88.609476 -76.144113 -60.178631 -41.633697 -3.582617 16.758175 33.811157 47.349558
-51.243281 -66.748762 -78.811956 -89.982701 -100.573843 -106.468048 -106.263464 -113.119651 -119.486005 -129.661626 -169.522075 -185.910121 -202.978017 -216.936968 -221.535712 -227.910374 -230.729899 -239.922882 -247.587955 -259.489458 -274.642728 -290.099705 -303.332640 -307.591500 -311.339364 -314.692267 -305.418716 -301.408479 -304.381576 -310.988141 -317.862683 -321.507800 -323.720602 -320.370337 -308.913661 -297.391257 -286.520721 -281.719746 -286.814325 -282.326443 -277.241743 -276.976175 -262.657439 -248.466154 -230.593059 -209.485924 -187.577057 -174.991296 -164.298698 -152.171948 -135.351460 -116.031864 -93.461792 -67.962356 -39.624034 -0.030142
-104.862059 -119.240617 -133.589317 -146.008487 -157.932169 -168.858227 -168.449933 -172.288991 -178.537308 -209.181506 -248.935642 -277.252617 -293.237442 -311.110462 -319.086380 -325.855278 -343.293212 -354.289158 -361.704081 -361.360967 -371.341732 -384.767395 -395.526634 -400.185883 -403.201983 -409.775535 -411.794263 -409.333641 -403.393644 -408.473162 -411.313993 -409.833524 -411.520330 -412.776036 -406.632111 -396.727758 -390.788547 -384.632841 -378.752642 -375.221081 -370.380406 -351.471229 -339.436405 -327.095091 -309.513584 -289.813728 -268.950142 -251.441695 -239.396919 -225.672904 -206.962127 -189.548137 -167.211940 -141.848573 -111.650454 -88.043548
-170.562875 -188.073115 -202.934192 -217.554360 -232.644917 -251.700696 -253.504401 -259.949845 -270.816192 -307.187099 -341.875728 -368.238852 -384.988411 -402.241461 -412.559467 -429.285190 -457.604093 -477.471686 -477.884583 -473.023660 -478.792182 -494.367524 -507.221870 -515.582632 -523.424982 -532.806585 -538.012229 -533.249626 -527.997022 -527.775486 -527.842738 -525.977660 -526.067067 -526.630680 -526.292769 -517.098123 -509.725936 -501.240949 -493.492936 -485.782311 -459.411544 -433.710951 -417.353423 -401.480777 -385.824965 -366.917305 -346.471908 -329.210883 -316.252325 -300.017905 -282.301339 -262.864477 -241.943193 -216.365733 -186.489524 -162.225460
-235.913314 -259.589472 -278.391474 -297.678542 -326.115773 -337.944523 -345.228023 -351.581161 -375.153664 -404.973150 -434.257926 -465.297779 -492.527494 -514.056889 -530.533461 -545.661537 -557.672820 -564.702255 -560.967840 -558.677097 -555.194122 -561.028731 -565.692719 -567.046333 -571.277085 -575.039036 -579.737141 -576.082601 -574.175898 -569.640676 -569.862448 -569.615718 -567.616085 -568.558729 -568.954995 -571.607480 -568.357606 -566.173323 -563.406891 -554.433110 -544.472456 -532.312636 -519.277329 -501.870172 -477.770784 -448.327281 -421.179543 -400.138486 -384.819510 -368.903971 -350.734056 -333.513510 -316.072862 -294.987444 -269.473406 -246.735418
-321.958805 -340.117272 -358.386585 -383.068745 -413.430998 -435.869108 -446.186537 -474.376269 -503.674845 -533.721543 -548.088043 -556.382935 -564.115632 -569.631972 -573.874408 -580.143706 -584.562230 -590.768419 -588.459680 -585.131972 -580.463470 -584.182123 -584.851326 -584.221926 -586.618699 -589.171009 -593.110302 -592.433314 -589.165178 -585.270766 -585.242637 -584.376845 -582.193545 -582.154666 -583.915739 -587.341632 -586.403330 -583.963404 -581.470010 -576.720772 -572.023077 -567.176658 -562.623272 -556.108687 -547.605644 -536.577311 -519.673816 -495.813818 -473.412388 -443.911861 -416.399046 -398.130616 -386.790723 -372.543880 -349.856390 -332.759551
-399.401132 -416.405523 -439.363379 -480.794018 -519.280377 -544.882524 -557.403698 -567.453899 -575.933108 -579.447325 -582.508914 -585.692026 -588.374767 -591.219642 -593.759708 -595.872048 -599.026310 -604.889503 -602.448874 -599.000922 -595.165435 -595.002938 -595.434568 -595.180511 -596.151101 -598.868794 -603.475257 -601.453910 -598.495771 -595.794205 -594.857160 -594.265262 -592.642053 -593.776032 -596.181009 -599.537521 -598.016257 -595.238566 -593.549594 -591.375149 -588.211305 -584.814841 -581.343795 -577.255469 -572.921715 -567.062520 -560.094592 -551.555889 -541.204076 -527.471728 -507.842376 -493.221611 -476.388529 -458.633623 -434.295130 -414.096877
-508.013853 -526.762086 -541.805640 -555.685970 -568.500082 -575.151212 -580.756739 -585.406923 -590.011717 -592.885159 -594.999092 -594.215521 -595.273246 -598.078742 -598.125707 -599.671201 -604.323108 -602.696924 -601.369719 -597.622925 -598.252328 -598.433288 -599.319624 -598.745263 -599.369395 -603.803626 -601.525564 -600.489719 -597.792987 -597.193829 -596.526261 -596.030930 -595.514399 -596.025285 -599.163994 -598.486830 -597.571414 -595.056977 -594.779766 -593.560441 -590.505441 -589.302880 -587.188059 -584.252768 -581.039335 -577.164291 -572.402774 -565.895796 -559.080610 -552.392706 -549.559003 -544.536047 -540.042654 -542.035506 -531.445070 -518.462170
