tests/Borden05m/data_simulated/sim_1/output-maps/psiliqL0022N0014.asc
ncols         160
nrows         34
xllcorner     620200.000000
yllcorner     5168000.000000
cellsize      0.500000
NODATA_value  -9999.0
[rows 0 to 24 of 34, columns 55 to 109 of 160]
-9999.0 -9999.0 -9999.0 -9999.0 -9999.0 -9999.0 -9999.0 -9999.0 -9999.0 -9999.0 -9999.0 -9999.0 -9999.0 -9999.0 -9999.0 -9999.0 -9999.0 -9999.0 -9999.0 -9999.0 -9999.0 -9999.0 -9999.0 -9999.0 -9999.0 -9999.0 -9999.0 -9999.0 -9999.0 -9999.0 -9999.0 -9999.0 -9999.0 -9999.0 -9999.0 -9999.0 -9999.0 -9999.0 -9999.0 -9999.0 -9999.0 -9999.0 -9999.0 -9999.0 -9999.0 -9999.0 -9999.0 -9999.0 -9999.0 -9999.0 -9999.0 -9999.0 -9999.0 -9999.0 -9999.0
-9999.0 -9999.0 -9999.0 -9999.0 2634.911699 2629.746818 2625.186557 2621.061593 2613.262930 2604.509170 2597.023256 2593.447039 2592.895167 2592.601504 2592.564521 2598.043093 2606.542474 2614.557481 2621.801951 2624.242453 2626.826000 2629.029819 2629.574630 2628.648096 2625.697110 2622.904032 2619.712482 2618.223133 2610.779179 2599.683120 2591.293099 2588.608602 2592.828622 2597.131029 2599.510867 2604.743136 2615.003289 2625.329390 2633.109369 2644.823008 2650.892285 2655.589272 2657.697059 2653.072758 2649.146277 2644.750036 2638.623172 2627.345420 -9999.0 -9999.0 -9999.0 -9999.0 -9999.0 -9999.0 -9999.0
2580.174433 2599.180280 2620.057955 2623.471920 2612.111955 2607.334313 2604.521771 2603.177771 2599.166022 2591.127482 2586.499738 2581.571506 2579.673407 2580.209955 2580.667588 2584.982927 2596.053855 2604.333739 2609.336551 2612.355007 2615.390002 2614.436085 2613.949864 2613.897614 2611.171852 2607.775802 2604.522899 2602.822450 2604.083640 2596.586844 2590.807510 2587.067875 2584.455185 2587.003214 2589.553583 2593.646021 2602.698131 2610.386386 2618.045176 2632.095477 2644.451143 2649.420495 2646.270875 2640.919739 2636.486708 2628.817707 2618.229755 2607.906358 2599.235468 2592.377706 2586.286744 2579.299166 2584.753014 2591.399541 2600.097899
2565.026536 2584.783265 2605.716115 2608.762173 2598.538758 2590.993404 2585.158823 2586.079306 2589.809313 2587.044768 2582.840413 2576.424015 2586.406313 2587.982215 2589.343108 2593.117489 2595.973298 2600.954696 2603.848375 2609.481194 2618.597432 2621.544686 2622.194515 2622.448455 2620.669115 2617.578504 2615.792262 2613.132430 2607.986787 2606.482587 2606.366934 2605.388566 2609.648395 2610.874767 2613.529818 2607.594753 2611.558681 2617.493345 2623.891215 2629.468452 2635.281169 2637.664045 2633.722328 2633.146184 2624.001128 2609.755570 2599.119533 2590.888555 2589.940644 2586.242015 2577.569596 2563.311337 2570.357035 2585.403354 2589.283352
2571.902760 2581.496887 2592.923777 2596.063334 2591.495682 2593.938808 2596.210792 2598.080806 2596.905775 2594.139250 2591.076082 2602.604095 2611.447138 2613.410945 2616.524298 2621.000309 2622.305151 2611.668800 2609.897076 2617.678233 2627.390464 2632.821366 2633.169224 2633.053400 2630.021469 2629.043301 2628.911421 2627.112501 2627.078541 2628.959743 2627.290052 2630.746826 2636.288519 2639.920888 2633.278888 2624.475597 2626.122030 2634.223642 2643.351689 2650.586613 2660.400878 2670.709885 2669.861617 2664.210418 2654.699135 2641.044658 2617.379632 2598.609274 2586.805274 2578.192139 2570.102767 2571.235535 2566.063821 2578.126946 2578.956694
2564.562632 2584.703147 2605.416299 2612.444792 2607.088362 2603.595757 2602.557794 2603.897444 2603.951817 2605.856839 2616.350379 2629.372511 2643.048710 2646.003115 2648.593966 2647.965946 2639.760928 2629.831480 2627.212246 2641.291877 2658.947214 2667.229937 2667.274893 2664.228159 2668.645009 2668.465815 2668.437549 2664.760334 2666.001893 2664.865049 2671.697233 2679.357273 2687.019575 2685.505301 2673.044109 2660.826906 2660.133330 2664.561300 2670.174225 2676.941665 2686.559649 2695.170807 2689.499078 2682.875358 2673.768601 2646.186144 2620.442151 2604.727721 2603.719275 2603.244200 2597.912311 2594.550609 2591.865154 2585.848986 2584.903629
2607.194232 2627.757381 2649.572423 2664.312799 2659.118224 2652.309706 2644.180734 2645.307717 2647.308878 2654.599641 2666.505172 2681.409234 2704.599771 2705.769792 2707.580181 2707.858560 2696.104217 2683.724709 2673.858658 2694.957975 2706.083437 2713.695260 2712.560516 2719.274144 2728.436061 2724.734259 2718.094208 2706.769521 2712.711457 2720.916948 2736.057601 2743.605542 2748.354157 2744.692245 2731.537259 2724.954611 2725.387484 2730.276580 2730.015541 2736.908959 2745.512903 2759.708123 2757.784069 2751.792469 2730.178917 2692.355210 2660.207262 2643.244742 2652.314482 2644.999616 2636.342432 2633.912817 2620.798469 2611.368332 2612.303892
2651.294231 2667.315512 2685.256860 2703.055720 2696.354269 2687.022991 2672.507183 2671.127098 2677.214679 2688.181608 2706.913767 2727.091490 2748.859984 2751.146851 2748.029002 2756.992265 2752.060932 2742.424028 2735.182502 2753.674786 2764.436075 2773.808094 2780.696739 2793.457761 2804.361055 2790.211928 2774.945787 2766.365548 2772.929297 2796.690810 2817.451234 2822.300214 2821.920225 2822.119058 2808.635701 2803.145061 2798.683444 2797.101778 2793.139143 2790.090260 2812.477308 2831.589099 2830.014791 2807.039077 2783.136077 2744.959664 2706.321754 2678.276245 2685.804544 2681.351604 2681.991657 2669.072077 2654.846337 2643.309326 2636.253701
2716.729162 2741.672568 2760.193467 2781.292170 2776.118572 2756.120786 2743.722081 2747.946437 2762.072840 2770.679709 2788.906240 2808.832768 2836.942262 2852.492704 2866.700956 2812.824947 2864.857517 2856.543944 2844.629772 2847.980145 2870.005289 2818.588566 2824.852926 2833.949000 2846.544051 2848.567008 2843.087935 2841.748572 2845.789722 2857.258535 2869.958551 2876.641768 2880.295591 2882.806949 2872.495102 2860.610257 2858.256772 2851.924982 2849.002531 2847.647225 2856.270724 2873.730655 2870.786676 2837.585977 2813.372905 2836.068558 2797.327187 2766.244404 2755.339821 2769.092931 2764.142380 2746.205530 2731.645946 2701.732168 2691.568327
2799.094700 2833.655057 2859.767817 2813.870399 2820.491597 2808.795933 2807.872613 2811.968850 2819.959247 2823.612339 2830.397488 2862.521744 2895.423258 2921.434409 2944.448604 2949.528718 2940.456819 2930.831008 2917.917666 2909.050153 2917.998683 2931.646799 2948.903462 2964.069222 2975.400033 2978.027773 2976.627788 2976.835286 2979.671760 2982.665319 2986.565167 2994.294405 3001.290641 2988.028988 2995.911787 2987.960289 2993.440311 2983.828431 2973.430123 2971.353525 2971.826103 2973.903688 2974.529679 2960.510061 2921.910927 2893.978735 2863.008368 2840.799539 2825.340776 2823.691547 2862.081473 2837.288898 2786.562120 2748.451544 2714.950810
2836.394271 2876.309430 2904.738699 2921.208861 2934.488923 2933.258531 2935.258420 2936.751329 2941.094616 2944.285706 2948.275254 2973.111501 2990.481070 3027.694917 3058.096093 3058.903142 3046.401541 3035.298834 3025.789468 3012.500575 3008.707653 3019.800669 3033.883623 3052.857700 3063.518951 3070.596183 3067.871497 3068.155617 3069.735598 3071.793090 3073.803519 3076.933481 3085.761927 3098.834219 3112.321744 3112.081187 3095.886575 3078.542997 3062.285638 3058.580099 3055.245601 3050.221025 3052.082972 3053.804488 3040.691066 3012.715346 2997.002343 2956.705439 2937.205745 2920.437016 2911.600050 2896.015665 2862.834758 2860.618662 2822.711035
2947.751573 2979.194054 2985.576014 3014.332822 3029.883319 3033.395754 3031.446614 3030.934578 3037.814129 3041.339073 3048.032681 3064.129384 3092.567019 3125.808181 3154.371970 3170.092271 3163.351093 3146.897431 3126.109819 3117.586076 3115.125461 3118.271206 3126.936749 3138.412853 3156.736494 3174.967882 3176.449231 3177.285672 3178.745502 3176.977942 3178.204121 3178.291392 3180.682874 3188.109846 3197.194269 3200.352531 3193.664791 3178.343946 3156.052583 3143.991117 3137.014540 3133.403223 3133.678650 3137.871361 3140.232512 3126.565291 3094.443749 3052.315344 3021.906651 3005.339399 2993.235508 3002.427504 2990.988969 2964.655930 2944.484957
3031.930306 3046.420072 3072.475548 3100.250915 3122.807042 3137.715511 3138.902464 3142.461515 3147.079449 3154.910737 3169.789816 3187.476618 3204.748098 3225.636386 3250.614827 3265.756588 3271.052163 3269.884906 3266.562854 3267.909115 3268.209068 3214.874427 3220.290229 3225.675448 3240.202256 3253.676265 3258.285201 3258.828345 3256.860855 3258.300912 3258.943450 3258.901100 3258.538123 3260.255623 3264.569368 3266.218091 3264.189662 3253.350097 3267.700194 3248.562244 3235.590543 3227.647659 3219.634541 3211.418288 3202.108371 3192.686825 3178.255492 3148.941938 3115.336535 3092.955495 3084.504158 3079.654808 3072.008094 3066.745737 3050.605131
3128.686975 3139.272040 3156.547225 3178.192251 3205.691620 3227.492943 3238.453039 3247.396342 3251.969840 3265.320183 3280.954864 3267.504014 3274.576029 3281.903844 3289.184486 3291.684537 3292.400057 3292.069360 3289.730725 3289.070331 3286.857770 3283.105820 3272.928592 3274.507015 3276.337386 3278.920849 3282.585244 3281.425135 3282.488186 3285.421977 3283.735980 3277.859158 3273.925648 3272.357064 3273.213623 3280.547252 3283.932228 3284.848118 3282.093200 3281.232081 3280.383647 3277.485399 3273.866232 3268.763574 3262.235801 3274.134952 3262.938714 3236.413964 3198.641196 3164.014026 3155.191646 3155.681344 3155.913122 3154.242017 3148.762913
3243.099796 3256.122491 3270.253033 3252.904467 3271.737197 3281.472885 3286.029490 3289.710762 3292.369703 3294.956564 3291.892707 3288.783672 3283.978564 3282.512047 3281.193469 3278.787624 3279.429873 3277.545543 3273.551691 3269.681640 3262.165826 3250.877412 3239.707307 3236.428838 3240.803478 3246.256814 3251.183042 3255.296490 3258.903990 3259.189421 3253.937167 3245.709928 3238.330027 3236.618511 3243.364324 3249.036742 3255.210128 3256.029293 3254.649245 3252.297523 3252.177135 3249.132810 3249.417573 3256.300179 3270.587076 3274.059775 3279.093289 3278.375599 3264.195688 3238.714614 3245.515799 3225.909116 3231.407788 3226.982511 3215.857498
3283.612699 3285.977509 3284.590310 3283.324826 3277.089711 3271.145910 3270.408620 3274.393727 3281.378709 3282.518299 3275.551713 3267.145284 3260.081633 3252.917338 3250.693115 3249.999784 3249.686001 3250.120951 3244.894127 3236.068087 3219.828748 3208.360416 3197.333354 3191.419143 3188.140114 3191.979344 3202.814435 3214.276406 3219.190756 3210.596990 3202.450147 3191.004945 3182.993084 3183.395966 3184.734698 3194.057740 3210.070004 3216.803748 3217.545090 3211.427725 3205.445879 3198.979188 3196.151774 3202.597991 3217.649166 3233.636886 3248.587089 3257.376379 3264.911021 3271.795630 3271.526989 3273.857484 3275.141707 3273.324854 3275.286556
3277.648435 3270.828704 3264.024368 3258.868292 3252.468244 3247.156379 3245.422197 3247.493492 3249.734625 3245.924338 3239.595000 3229.928845 3219.119976 3209.584171 3202.466490 3203.502602 3205.864725 3207.405275 3200.474703 3185.754282 3172.586163 3159.410697 3145.692256 3141.809628 3136.235511 3129.501204 3139.693139 3158.662663 3165.710923 3150.366671 3139.815951 3124.973943 3118.257113 3114.526411 3115.498084 3124.503144 3146.219888 3168.999658 3170.844227 3160.239123 3149.725139 3144.945713 3141.850885 3146.820371 3163.528685 3179.223411 3194.510454 3204.527766 3209.799686 3217.534967 3226.820654 3240.207852 3254.446350 3266.324794 3271.888550
3253.102032 3245.440897 3237.893150 3230.425336 3223.666061 3217.854369 3213.721498 3211.843850 3208.376775 3202.490617 3195.889480 3181.532610 3169.557405 3157.108471 3142.733522 3139.127741 3134.956096 3136.314307 3125.089846 3116.739006 3100.173669 3085.073445 3070.679697 3058.224890 3052.562378 3046.145633 3045.918783 3059.818416 3068.362801 3057.996850 3048.226583 3037.125637 3032.258166 3028.944826 3031.278858 3041.638575 3061.721358 3080.025560 3088.005230 3080.488799 3078.155558 3076.390194 3074.743775 3080.699393 3092.120966 3110.029260 3131.715738 3149.635645 3159.178505 3166.092627 3175.199102 3184.667409 3198.262723 3212.256115 3229.755152
3223.007979 3214.149398 3204.478457 3195.063822 3185.088864 3179.439114 3173.367784 3175.808306 3169.828993 3164.217753 3143.633315 3091.379208 3072.482368 3054.171513 3038.501839 3032.307582 3024.465714 3010.571598 3002.038192 2997.260086 2997.495866 2984.453990 2989.203823 2972.440256 2967.443872 2963.705635 2948.343294 2945.916225 2947.034255 2960.353613 2954.048674 2951.784129 2952.810109 2950.505117 2952.362302 2965.434863 2974.262422 2980.984835 2987.779223 2991.298374 3000.526542 2984.697031 2992.053776 3008.488551 3019.607117 3035.064989 3055.209732 3078.810835 3093.331850 3102.539716 3112.768463 3127.621585 3143.596449 3160.953498 3182.861873
3189.470697 3178.450913 3164.508781 3150.571815 3138.226447 3125.960764 3111.148655 3113.045820 3110.873514 3101.424715 3051.315114 3011.869934 3001.679150 2984.791105 2961.481515 2948.453625 2935.822044 2900.233317 2883.494587 2881.740227 2894.308932 2889.567596 2874.991908 2862.780993 2853.712075 2844.983517 2828.399270 2811.914097 2817.656534 2834.676841 2834.468347 2836.763869 2843.857393 2843.178517 2837.348689 2836.599496 2849.250455 2855.433028 2866.428878 2882.787242 2887.567208 2898.834963 2930.660186 2943.785224 2958.956005 2977.777243 2997.978337 2996.156252 3016.568821 3029.982663 3044.583902 3061.560410 3077.811516 3097.815184 3120.176021
3144.868747 3115.251125 3094.979356 3078.281640 3061.095489 3036.134108 3016.548796 3014.688224 3008.798184 2983.543643 2954.494633 2921.145839 2897.404116 2875.649850 2852.508788 2832.610923 2853.541162 2818.797575 2796.499129 2809.083475 2818.696841 2827.349738 2815.097877 2803.585739 2793.557433 2776.206584 2759.509183 2744.028287 2754.385081 2762.958845 2779.638600 2785.917874 2790.008744 2795.460014 2794.475445 2785.598066 2783.353758 2792.295314 2803.143939 2815.831388 2836.524627 2816.084527 2838.030603 2855.955217 2876.404240 2892.891762 2914.352959 2936.518699 2958.907047 2975.775836 2993.580103 2988.172810 3007.381079 3026.380959 3049.161271
3069.484000 3041.937221 3016.167540 2994.858637 2987.111170 2943.327198 2931.404025 2922.433720 2902.494020 2857.783154 2819.767730 2850.550384 2834.538456 2810.075884 2787.457823 2758.024185 2725.468282 2702.371601 2681.327594 2690.264504 2699.265328 2716.967494 2707.228698 2699.213341 2695.287244 2679.872423 2666.320106 2650.216794 2656.709679 2668.364646 2690.536754 2696.274896 2700.480248 2709.646189 2709.212980 2705.509973 2690.382221 2698.196387 2709.731895 2725.266657 2756.360345 2779.059432 2802.947425 2826.009872 2846.905089 2815.309359 2835.238258 2858.212957 2881.837497 2901.162797 2920.019883 2940.484892 2959.882098 2975.277731 2992.098394
2987.255555 2963.109701 2943.093868 2919.362656 2881.757688 2841.093856 2855.683742 2830.199974 2779.799381 2743.869427 2719.816002 2716.065438 2702.116664 2681.019707 2660.665337 2639.129221 2616.120569 2596.200990 2570.974751 2575.592186 2590.280337 2606.319016 2605.900227 2605.708165 2603.736508 2593.943828 2580.383233 2566.730381 2570.416546 2587.130494 2604.953639 2614.622729 2622.335428 2630.317639 2630.463680 2621.878582 2612.649032 2618.124952 2633.857444 2651.866352 2671.088600 2692.841581 2715.115679 2736.834931 2760.531840 2783.418124 2807.817620 2834.080426 2808.939494 2827.332018 2850.630234 2872.388917 2889.333559 2898.800485 2907.880897
2887.269125 2867.634927 2844.615039 2820.182513 2828.609193 2788.093237 2747.435419 2700.994165 2666.811469 2635.636106 2626.074354 2609.806601 2595.314389 2579.801446 2559.226928 2542.524521 2526.907977 2505.325857 2493.459037 2500.001759 2513.026221 2521.485001 2527.251035 2524.827526 2522.263923 2516.207593 2502.306309 2496.952834 2506.662067 2521.901468 2535.886572 2547.300658 2554.345745 2559.885114 2557.200428 2548.573430 2545.455788 2554.041047 2569.883460 2583.718651 2599.427527 2620.755439 2642.917619 2665.597828 2689.273838 2712.408683 2738.134404 2764.483694 2790.545140 2818.571738 2842.356142 2810.857987 2817.554545 2827.155199 2828.345011
2813.176830 2799.918234 2773.551323 2744.652769 2715.525973 2681.110111 2655.019933 2622.020402 2591.602185 2562.489678 2536.657604 2523.206690 2516.049164 2502.600492 2485.137319 2473.560337 2457.740464 2446.091085 2450.717048 2452.006268 2460.379418 2458.877406 2459.585141 2456.935132 2456.160226 2453.493264 2446.480896 2457.375462 2464.145386 2477.800982 2488.014979 2497.767303 2503.786691 2507.644143 2508.767360 2504.417515 2510.136897 2516.751979 2530.898929 2542.435170 2556.569428 2576.930818 2593.964312 2613.391361 2637.235436 2661.119545 2686.083854 2712.741417 2741.504960 2767.202602 2786.375766 2793.785693 2804.568203 2808.541746 2800.359616
