tests/Borden05m/data_simulated/sim_1/output-maps/psiliqL0002N0004.asc
ncols         160
nrows         34
xllcorner     620200.000000
yllcorner     5168000.000000
cellsize      0.500000
NODATA_value  -9999.0
[rows 0 to 24 of 34, columns 57 to 113 of 160]
-9999.0 -9999.0 -9999.0 -9999.0 -9999.0 -9999.0 -9999.0 -9999.0 -9999.0 -9999.0 -9999.0 -9999.0 -9999.0 -9999.0 -9999.0 -9999.0 -9999.0 -9999.0 -9999.0 -9999.0 -9999.0 -9999.0 -9999.0 -9999.0 -9999.0 -9999.0 -9999.0 -9999.0 -9999.0 -9999.0 -9999.0 -9999.0 -9999.0 -9999.0 -9999.0 -9999.0 -9999.0 -9999.0 -9999.0 -9999.0 -9999.0 -9999.0 -9999.0 -9999.0 -9999.0 -9999.0 -9999.0 -9999.0 -9999.0 -9999.0 -9999.0 -9999.0 -9999.0 -9999.0 -9999.0 -9999.0 -9999.0
-9999.0 -9999.0 -524.315286 -525.933827 -526.926533 -527.320450 -529.546725 -531.136438 -533.193396 -533.337802 -532.960424 -533.365648 -534.388343 -533.298521 -531.969622 -530.908628 -529.211247 -529.787408 -529.684345 -529.009358 -528.817626 -529.092137 -529.857047 -530.271508 -530.807403 -529.646311 -532.104644 -535.309126 -537.766294 -538.209924 -535.895900 -534.637999 -535.080445 -534.039672 -531.632584 -529.717552 -529.450682 -527.113651 -528.025596 -527.176692 -525.378132 -526.753852 -526.894992 -526.405799 -525.478847 -529.164783 -9999.0 -9999.0 -9999.0 -9999.0 -9999.0 -9999.0 -9999.0 -9999.0 -9999.0 -9999.0 -9999.0
-525.717353 -526.320037 -534.069267 -534.517689 -534.448765 -533.887597 -534.728861 -537.294166 -537.709124 -539.689371 -540.590706 -540.826320 -541.731481 -541.237003 -537.953767 -535.715102 -535.234062 -535.941737 -536.363133 -537.224533 -537.774934 -537.545333 -538.297346 -538.949682 -539.670052 -539.303923 -536.869597 -539.281838 -540.416316 -541.645930 -543.114575 -542.679863 -542.329768 -542.269586 -539.251357 -538.385940 -537.956372 -534.032382 -530.385772 -529.611940 -531.293556 -532.937621 -532.195912 -531.974109 -533.234245 -534.380634 -533.736777 -534.197211 -534.279070 -535.733974 -533.474892 -533.872008 -531.581082 -529.810096 -527.766619 -524.358486 -9999.0
-531.430901 -532.033699 -537.676883 -540.954134 -541.907286 -541.062112 -538.444358 -539.243715 -541.194042 -544.418978 -540.959715 -541.529830 -541.932761 -541.419845 -540.387091 -539.949350 -539.508987 -538.923184 -536.037296 -536.448445 -536.758278 -536.573443 -537.040244 -537.939131 -537.733918 -538.156908 -540.709657 -540.211245 -539.545105 -540.196076 -537.711379 -537.657303 -536.081360 -540.591012 -539.955048 -539.153935 -538.743733 -538.644311 -538.431423 -537.812605 -539.782561 -538.144769 -539.355490 -542.359189 -542.613407 -541.812086 -538.534877 -536.808851 -538.350020 -544.596388 -541.344127 -534.597354 -535.473270 -536.932278 -533.992221 -531.188986 -526.743450
-540.017988 -541.021000 -543.318495 -540.738059 -538.716708 -537.466845 -538.557607 -540.796058 -543.681711 -538.320728 -536.407775 -537.846387 -537.310273 -535.729438 -535.508387 -542.283811 -544.053471 -541.662344 -539.257024 -538.342541 -539.693924 -540.337498 -541.568663 -541.475718 -540.625300 -541.249233 -540.173601 -539.352951 -540.776271 -539.242176 -537.462418 -535.527881 -539.592949 -543.224764 -542.953766 -539.887971 -537.819075 -537.039342 -534.204680 -529.387466 -530.252935 -531.138468 -531.144794 -530.835229 -536.161994 -541.195493 -543.154845 -543.971180 -545.480630 -543.938133 -545.232378 -539.717266 -540.317769 -541.364665 -538.982102 -537.373491 -535.155649
-539.979630 -538.692611 -542.359553 -544.140166 -544.831271 -544.186271 -545.005915 -545.123099 -540.608220 -538.642092 -534.768401 -536.806503 -536.833468 -537.014117 -541.323735 -544.404649 -546.665364 -539.969053 -534.888622 -533.515946 -535.289129 -536.899595 -532.150996 -533.582942 -533.973417 -536.778078 -535.833212 -536.744709 -531.997514 -530.444006 -527.952768 -528.995401 -533.743049 -537.697315 -537.721401 -537.259089 -537.876468 -536.943805 -534.247640 -530.669555 -533.693701 -534.458588 -533.143035 -541.052017 -547.001950 -548.683537 -543.270693 -540.165724 -540.536161 -539.857823 -539.354031 -542.959121 -541.998566 -541.561853 -543.452618 -539.495737 -535.578933
-531.570493 -525.871143 -530.118099 -532.681590 -537.714205 -537.039691 -536.624922 -535.238657 -533.541191 -529.968566 -521.988792 -524.780576 -524.755701 -521.880918 -526.381169 -530.380790 -537.175708 -529.528295 -528.516955 -526.678494 -527.830002 -522.767718 -518.313673 -521.648481 -525.769941 -531.007495 -528.103202 -522.001558 -516.582764 -515.914892 -515.704088 -514.697814 -518.828256 -519.274655 -519.600119 -518.544756 -521.279669 -521.178628 -517.065542 -509.594316 -508.487104 -510.980258 -516.942301 -527.052410 -536.416628 -541.274312 -533.476965 -535.450760 -536.189255 -534.514048 -538.556536 -540.666565 -536.396255 -539.650740 -542.194804 -536.571273 -536.317346
-532.107316 -526.100830 -529.278475 -534.224940 -539.721068 -539.673737 -536.596694 -535.624891 -530.357194 -523.482964 -515.916223 -512.898708 -510.568235 -505.408229 -508.559753 -511.781689 -516.253310 -515.095728 -509.721691 -505.142512 -500.171856 -494.898450 -488.517499 -492.369790 -497.389664 -497.912672 -496.889661 -488.883498 -482.403979 -480.860899 -480.010565 -476.086604 -478.236949 -482.194952 -486.816962 -491.456382 -495.594650 -499.858534 -491.902465 -484.167358 -484.427111 -496.374812 -504.120482 -514.637102 -525.259043 -537.863084 -536.008836 -532.657635 -529.446949 -534.247084 -535.806599 -539.760231 -540.018901 -538.804885 -544.003811 -540.794729 -540.466633
-505.715842 -498.839349 -496.374468 -505.033255 -506.219563 -503.575092 -498.393109 -498.357021 -495.505421 -483.258025 -463.772216 -442.550919 -420.555234 -416.600173 -425.255646 -434.112431 -448.161571 -458.106442 -450.499775 -438.982920 -426.419570 -414.517479 -403.131131 -394.068083 -393.335914 -392.817496 -390.940213 -389.447053 -385.054561 -377.731918 -368.499532 -356.868290 -351.247360 -363.103441 -375.454444 -387.989861 -398.866137 -402.680405 -406.947753 -403.244361 -403.356124 -418.365337 -440.167505 -461.520089 -480.247822 -493.735392 -504.033104 -499.474719 -504.758614 -508.817792 -513.259919 -526.701081 -529.031676 -530.007209 -542.378005 -543.334534 -539.309853
-465.396434 -456.064539 -441.492397 -438.560204 -434.834677 -432.379223 -427.967107 -423.966436 -418.398416 -388.257133 -330.956066 -201.182441 -148.530011 -133.054113 -139.735389 -151.572051 -177.682457 -238.589901 -243.004696 -177.092829 -145.000485 -126.092567 -117.220671 -115.463010 -117.273370 -117.116090 -115.980127 -113.440896 -111.611649 -107.032009 -100.559347 -90.890077 -79.831472 -84.210852 -99.309878 -109.573512 -121.080024 -124.759588 -124.975240 -128.557014 -130.142511 -137.854163 -187.444787 -304.352802 -371.428204 -409.306856 -433.664555 -453.889562 -465.070741 -472.923903 -492.939326 -508.734567 -521.068848 -530.526630 -541.003755 -541.875602 -526.950559
-357.705472 -285.206390 -190.873047 -157.277730 -147.484613 -143.448535 -138.764161 -135.494416 -129.795768 -112.283390 -70.912444 -16.543873 12.529024 13.079536 12.607506 9.470468 -3.618828 -22.497043 -25.725206 -9.012400 3.920504 12.469556 13.050251 13.603729 13.443318 13.445883 13.402798 13.515382 13.603838 13.609543 13.906732 14.462266 14.961131 15.088647 14.541920 13.823699 13.075849 12.928633 12.733406 12.494246 12.482343 12.173250 -0.162627 -44.692371 -89.247909 -136.726929 -192.386644 -309.483581 -350.525992 -370.357408 -382.702812 -415.600823 -430.398890 -453.212838 -479.550291 -499.431662 -480.438968
-90.524503 -49.499340 -12.038686 6.066136 9.858851 11.312424 12.325507 12.518800 12.943347 13.674015 14.698560 16.330120 17.725203 18.818980 18.642629 18.118930 17.106233 16.896432 16.901842 17.158128 17.573428 17.742171 18.368078 19.054699 19.242468 19.239863 18.996506 19.152837 19.188273 19.162267 19.053640 19.080890 19.355564 19.509422 19.490111 18.962869 18.207336 17.542618 17.295902 17.271754 17.185788 17.237941 17.021790 16.176940 14.585916 12.410559 -17.979600 -59.231243 -85.642938 -101.467112 -111.345988 -120.444645 -138.767196 -191.603519 -336.112559 -396.394361 -421.736635
13.691525 15.139052 16.634200 17.565562 17.655939 17.950357 17.968370 18.404003 19.063942 19.773487 20.048363 20.581711 27.354967 35.904913 41.363195 42.507026 43.638205 45.618873 45.307728 45.560586 45.781236 46.533520 46.023110 48.776075 48.558056 49.085175 48.479940 49.526174 48.955053 49.731933 49.484800 47.424116 47.676953 47.132086 47.594454 45.282477 38.675546 25.008942 21.080299 20.795869 20.463332 19.997812 19.471182 19.086860 18.681772 17.830509 16.352444 14.654883 14.082197 13.805414 13.491371 13.252584 10.952581 -14.555359 -63.249039 -106.065727 -153.127855
18.286994 18.969306 20.051254 20.741583 21.240172 25.673650 29.575357 39.265726 47.968392 50.498734 49.646790 50.210341 49.431801 49.978077 49.122011 49.942063 47.481654 47.945718 47.160221 41.783553 33.836595 35.068619 36.268617 38.250219 41.603901 39.840134 40.854734 43.136066 42.295781 37.269868 34.286995 32.903586 32.821494 39.414926 41.699454 42.623528 43.005115 42.876996 42.782658 43.008004 42.852159 42.940537 42.730721 38.432820 31.004137 21.080459 19.755763 18.337243 17.707767 17.630347 17.942738 17.863031 17.854876 16.892729 15.336413 13.388977 -1.891980
41.899293 51.647706 50.917318 51.379024 51.135079 51.793634 53.980724 52.385317 50.266202 46.204585 42.691744 41.398911 40.679345 38.239646 39.149764 37.107420 33.788167 30.819191 26.225560 20.730797 20.010296 20.024591 20.418328 20.636308 20.783204 20.852440 22.014046 23.601983 21.099407 20.592014 20.255086 20.098871 20.532856 20.759225 21.100771 21.298141 20.918863 20.661446 21.023033 20.726055 20.764171 21.662919 32.804471 40.023618 40.009856 39.866785 40.148761 40.242939 21.718020 20.172552 20.752577 20.509559 20.002018 19.100603 18.416576 17.558922 16.678664
44.755071 42.196945 37.341801 31.957863 31.376458 35.349344 41.443989 43.352405 37.038994 30.007328 24.201153 20.707388 20.661510 20.560013 20.504034 20.702821 20.289682 20.157916 19.545951 19.265282 18.956494 18.763961 18.708271 19.000282 19.324882 19.570020 19.867631 19.548035 19.385475 19.087693 18.802317 18.936566 18.957540 19.213905 19.706502 19.584056 19.671357 19.433832 19.427442 19.162153 19.036689 19.275441 19.895398 20.415888 20.968966 21.669826 27.626237 32.966597 39.863116 39.888768 39.557457 39.507683 35.582737 23.775030 20.584314 19.851559 19.078854
25.621716 21.836357 20.529215 20.179433 20.119072 20.459378 21.021465 20.687677 20.345641 19.902196 19.486901 19.121749 18.981889 19.130368 19.259606 19.335241 19.140398 18.610239 18.094343 17.853534 17.406689 17.542459 17.373638 17.081092 17.519392 18.214970 18.478972 17.811579 17.661765 17.178239 17.002179 16.932052 16.903058 17.126575 17.761715 18.520087 18.429720 17.946725 17.613936 17.524949 17.378711 17.641026 18.417523 19.074728 19.388027 19.543593 19.622070 19.941693 20.291654 20.698951 21.412484 28.396511 38.466464 38.631934 38.527432 38.764422 23.845556
20.072075 19.844020 19.695141 19.566046 19.434386 19.362933 19.315714 19.076923 18.975841 18.904027 18.579593 18.295314 17.663191 17.509620 17.094902 16.942556 15.993722 15.523901 14.604964 14.056938 13.376545 13.064302 12.837895 12.398525 12.649978 13.470037 14.079035 13.115011 12.835009 12.237827 12.062288 11.827539 11.285732 12.200693 13.338883 14.178003 14.489327 14.017139 13.789293 13.797851 13.936787 14.371874 15.509103 16.639776 17.512763 17.944035 18.177297 18.374965 18.646293 19.081836 19.386409 19.718155 20.241197 21.091533 28.095870 35.629212 41.018583
19.280544 19.121166 18.848675 18.468561 18.270249 18.500624 18.031966 17.827884 17.699683 14.814227 13.945859 12.924779 10.382148 4.306597 -13.460779 -39.874400 -62.259452 -73.183212 -82.351516 -96.121736 -110.459166 -123.203699 -126.629053 -130.141847 -136.084462 -129.816642 -127.234096 -127.334492 -131.637293 -136.073881 -138.371268 -139.983229 -136.333877 -125.705847 -118.258917 -111.124184 -107.406391 -110.773117 -103.695479 -95.632500 -89.004686 -62.415074 -27.085986 0.014544 12.860847 14.449355 15.358485 16.149744 16.733369 17.285415 17.800724 18.202297 18.863414 19.593777 19.968475 20.225690 20.683426
18.411516 17.957688 17.581785 17.044141 16.108083 15.916726 15.402583 14.837370 6.445806 -41.501148 -90.315717 -113.090938 -134.470764 -150.224632 -181.047560 -278.435269 -326.461795 -346.409216 -348.782647 -368.563285 -389.708410 -404.873205 -410.961239 -414.261871 -421.556443 -422.341227 -418.995664 -412.463830 -421.231055 -427.437267 -427.794610 -430.655825 -430.482306 -419.342497 -404.302140 -395.619696 -387.996754 -381.880853 -379.984777 -377.357555 -348.649807 -311.494856 -211.557232 -148.028620 -113.181529 -81.842846 -43.387212 -9.164978 10.319294 13.525175 14.587170 15.907309 16.959527 18.012178 18.470120 18.853251 19.091588
15.292711 14.199555 13.073391 4.817711 -25.866578 -47.657179 -67.880397 -93.410646 -150.454161 -254.908497 -363.628413 -393.370413 -415.651774 -426.846228 -441.613778 -463.067545 -474.289684 -473.180858 -468.958547 -471.937850 -480.093478 -486.024485 -489.585711 -493.377697 -499.432289 -503.150032 -498.766286 -495.095451 -495.621938 -495.857671 -494.477265 -494.816141 -495.602250 -497.099217 -490.839503 -487.497862 -483.676638 -481.190329 -480.783885 -468.132816 -455.990648 -447.794041 -431.398366 -409.824859 -383.176463 -343.764812 -262.307495 -168.767946 -126.322549 -96.525720 -59.454294 -16.178111 10.983292 14.245067 15.724787 16.658525 17.296806
-40.974649 -81.580908 -113.654110 -159.161328 -216.524456 -285.361624 -314.073725 -365.463928 -410.679942 -448.592776 -467.580667 -478.313707 -487.414299 -495.742623 -505.514474 -514.762971 -520.834260 -515.540767 -513.334336 -508.623001 -514.503113 -518.862928 -519.127089 -523.222227 -526.704698 -532.270534 -527.584428 -526.118409 -520.887594 -521.813850 -521.985264 -519.616258 -520.900820 -521.357234 -525.393762 -522.058361 -520.803497 -519.347274 -510.874558 -503.632669 -496.406592 -490.685176 -484.232753 -475.298217 -463.946798 -450.760461 -433.153282 -413.897547 -392.099783 -360.282396 -293.448194 -176.296502 -124.555107 -86.492163 -45.536086 -7.700800 12.636347
-256.459704 -347.827675 -391.816713 -430.639907 -452.762463 -454.314890 -468.656872 -482.464724 -501.442172 -507.881710 -511.543406 -517.162804 -521.071856 -523.880217 -529.966251 -533.936206 -541.420786 -538.134751 -534.077594 -527.941307 -532.951623 -533.278061 -531.748154 -534.312063 -536.985434 -542.006893 -541.313925 -537.459876 -532.845123 -533.484155 -532.737795 -530.007891 -529.896304 -532.054835 -536.710938 -535.859834 -533.436949 -531.386816 -526.797871 -522.850209 -519.064918 -516.026794 -511.225394 -505.456630 -499.271850 -491.139094 -481.093887 -474.744981 -463.443949 -449.208178 -433.118817 -415.216562 -391.608676 -348.730257 -269.484558 -168.096868 -122.327538
-437.830650 -453.922849 -473.580120 -490.908464 -506.688613 -515.728625 -523.229375 -530.138919 -531.134432 -532.689292 -535.278893 -537.372161 -539.839149 -542.094634 -543.770184 -547.119359 -554.961043 -551.483997 -547.027723 -541.879538 -541.660943 -542.102784 -541.473800 -542.413982 -545.782164 -552.231359 -549.517386 -545.880546 -542.675599 -541.866636 -541.422194 -539.324023 -540.909523 -544.062854 -548.766486 -546.907215 -543.688456 -542.283466 -540.516827 -537.663462 -534.667871 -531.798841 -528.434727 -525.186418 -520.450827 -515.094143 -508.946153 -502.006103 -494.183498 -484.251970 -480.744410 -474.984300 -468.902941 -457.380824 -442.853092 -420.085355 -394.481306
-493.491004 -500.865379 -509.885113 -520.644928 -525.240493 -529.796236 -533.631947 -537.923596 -540.303158 -542.212019 -540.112356 -540.769263 -544.034733 -543.263187 -544.772315 -551.111633 -548.364715 -546.504400 -541.208438 -542.448200 -542.775304 -544.027869 -543.042615 -543.746808 -550.139817 -546.689637 -545.440616 -541.935144 -541.608275 -541.061315 -540.631645 -540.063725 -540.794164 -545.313484 -544.292732 -543.275515 -540.192176 -540.572131 -539.759171 -536.502501 -536.135940 -534.623964 -532.242926 -529.790892 -526.821963 -523.118670 -517.503530 -511.720045 -506.057875 -505.298605 -501.585365 -498.419789 -503.352208 -496.591248 -490.958002 -484.844749 -474.169231
