tests/Borden05m/data_simulated/sim_1/output-maps/psiliqL0024N0011.asc
ncols         160
nrows         34
xllcorner     620200.000000
yllcorner     5168000.000000
cellsize      0.500000
NODATA_value  -9999.0
[rows 0 to 24 of 34, columns 0 to 54 of 160]
-9999.0 -9999.0 -9999.0 -9999.0 -9999.0 -9999.0 -9999.0 -9999.0 -9999.0 -9999.0 -9999.0 -9999.0 -9999.0 -9999.0 -9999.0 -9999.0 -9999.0 -9999.0 -9999.0 -9999.0 -9999.0 -9999.0 -9999.0 -9999.0 -9999.0 -9999.0 -9999.0 -9999.0 -9999.0 -9999.0 -9999.0 -9999.0 -9999.0 -9999.0 -9999.0 -9999.0 -9999.0 -9999.0 -9999.0 -9999.0 -9999.0 -9999.0 -9999.0 -9999.0 -9999.0 -9999.0 -9999.0 -9999.0 -9999.0 -9999.0 -9999.0 -9999.0 -9999.0 -9999.0 -9999.0
-9999.0 -9999.0 -9999.0 -9999.0 -9999.0 -9999.0 -9999.0 -9999.0 -9999.0 -9999.0 -9999.0 -9999.0 -9999.0 -9999.0 -9999.0 -9999.0 -9999.0 -9999.0 -9999.0 -9999.0 -9999.0 -9999.0 -9999.0 -9999.0 -9999.0 -9999.0 -9999.0 -9999.0 -9999.0 -9999.0 -9999.0 -9999.0 -9999.0 -9999.0 -9999.0 -9999.0 -9999.0 -9999.0 -9999.0 -9999.0 -9999.0 -9999.0 -9999.0 -9999.0 -9999.0 -9999.0 -9999.0 -9999.0 -9999.0 -9999.0 -9999.0 -9999.0 -9999.0 -9999.0 -9999.0
-9999.0 -9999.0 -9999.0 -9999.0 -9999.0 -9999.0 -9999.0 -9999.0 -9999.0 -9999.0 -9999.0 -9999.0 -9999.0 -9999.0 -9999.0 -9999.0 -9999.0 -9999.0 -9999.0 -9999.0 -9999.0 -9999.0 -9999.0 -9999.0 -9999.0 -9999.0 -9999.0 -9999.0 -9999.0 -9999.0 -9999.0 -9999.0 -9999.0 -9999.0 -9999.0 -9999.0 -9999.0 -9999.0 -9999.0 -9999.0 -9999.0 -9999.0 -9999.0 -9999.0 -9999.0 -9999.0 -9999.0 2879.267894 2862.086401 2848.360002 2843.929066 2865.076315 2888.088737 2911.795114 2932.219663
-9999.0 -9999.0 -9999.0 -9999.0 -9999.0 -9999.0 -9999.0 -9999.0 -9999.0 -9999.0 -9999.0 -9999.0 -9999.0 -9999.0 -9999.0 -9999.0 -9999.0 -9999.0 -9999.0 -9999.0 -9999.0 -9999.0 -9999.0 -9999.0 -9999.0 -9999.0 -9999.0 -9999.0 -9999.0 -9999.0 -9999.0 -9999.0 -9999.0 -9999.0 -9999.0 -9999.0 -9999.0 -9999.0 -9999.0 -9999.0 2929.472124 2935.354585 2935.256856 2925.275656 2913.915390 2900.361675 2879.795355 2862.541244 2849.217154 2847.179446 2849.568649 2852.431312 2873.196042 2898.378157 2918.132114
-9999.0 -9999.0 -9999.0 -9999.0 -9999.0 -9999.0 -9999.0 -9999.0 -9999.0 -9999.0 -9999.0 -9999.0 -9999.0 -9999.0 -9999.0 -9999.0 -9999.0 -9999.0 -9999.0 -9999.0 -9999.0 -9999.0 -9999.0 -9999.0 -9999.0 -9999.0 -9999.0 -9999.0 -9999.0 -9999.0 -9999.0 -9999.0 -9999.0 -9999.0 2837.299582 2854.218939 2872.068845 2890.519185 2907.381555 2914.344190 2920.126419 2925.457560 2920.803869 2916.268896 2904.518439 2883.629187 2864.224832 2851.260676 2850.083897 2847.565888 2851.076291 2862.604254 2879.059279 2894.012970 2914.385467
-9999.0 -9999.0 -9999.0 -9999.0 -9999.0 -9999.0 -9999.0 -9999.0 -9999.0 -9999.0 -9999.0 -9999.0 -9999.0 -9999.0 -9999.0 -9999.0 -9999.0 -9999.0 -9999.0 -9999.0 -9999.0 -9999.0 -9999.0 -9999.0 -9999.0 -9999.0 -9999.0 -9999.0 2843.053799 2837.060525 2832.140565 2830.482433 2828.948488 2827.877703 2834.460380 2845.568437 2862.589664 2884.494481 2897.624588 2904.777053 2911.532757 2911.807798 2905.881316 2903.983171 2904.294784 2891.568616 2879.190855 2867.591570 2856.252682 2853.121352 2861.876167 2875.866709 2891.821153 2906.153647 2921.124150
-9999.0 -9999.0 -9999.0 -9999.0 -9999.0 -9999.0 -9999.0 -9999.0 -9999.0 -9999.0 -9999.0 -9999.0 -9999.0 -9999.0 -9999.0 -9999.0 -9999.0 -9999.0 -9999.0 -9999.0 -9999.0 -9999.0 -9999.0 2813.378889 2818.330927 2824.754065 2832.289218 2833.140860 2829.650004 2824.141193 2821.298434 2819.729044 2817.367137 2821.725733 2828.663343 2841.462324 2856.546792 2878.546149 2886.595151 2890.862772 2902.086190 2905.432535 2912.741433 2916.405255 2914.261477 2910.045462 2895.156274 2883.572875 2885.780473 2889.685481 2896.167022 2904.069122 2917.103340 2930.604789 2945.669078
-9999.0 -9999.0 -9999.0 -9999.0 -9999.0 -9999.0 -9999.0 -9999.0 -9999.0 -9999.0 -9999.0 -9999.0 -9999.0 -9999.0 -9999.0 -9999.0 -9999.0 -9999.0 -9999.0 2789.477329 2790.477918 2791.881351 2796.627282 2796.428025 2798.093675 2804.736661 2812.593583 2815.248553 2812.917642 2811.682125 2812.801780 2815.135039 2819.339351 2829.554920 2842.599545 2856.116471 2868.590025 2888.786330 2902.715203 2914.683935 2929.539018 2929.407026 2925.338187 2923.230076 2922.771502 2920.897706 2919.618834 2918.696527 2924.366550 2925.109179 2928.482094 2937.047196 2947.967365 2964.036155 2981.028855
-9999.0 -9999.0 -9999.0 -9999.0 -9999.0 -9999.0 -9999.0 -9999.0 -9999.0 -9999.0 -9999.0 -9999.0 -9999.0 -9999.0 -9999.0 -9999.0 2775.315763 2777.404659 2780.172972 2786.078805 2790.138754 2794.568592 2801.888147 2785.947393 2788.025233 2794.772511 2798.936664 2807.785838 2815.710149 2822.351641 2827.679607 2829.544516 2835.525124 2844.062567 2854.766621 2868.019642 2887.445795 2910.089563 2925.015706 2940.928026 2957.386212 2957.277042 2955.004825 2954.737272 2952.859586 2953.910303 2967.961628 2970.820544 2965.878602 2975.888554 2987.262083 2989.523263 2985.170766 3003.372078 3024.657742
-9999.0 -9999.0 -9999.0 -9999.0 -9999.0 -9999.0 -9999.0 -9999.0 -9999.0 -9999.0 -9999.0 -9999.0 -9999.0 2725.115406 2729.478265 2740.109270 2751.740321 2755.202502 2760.578317 2767.700074 2780.334769 2784.442550 2790.816870 2798.302396 2790.521537 2798.026440 2806.258708 2817.330487 2824.661628 2830.856449 2836.497678 2838.950805 2849.783766 2863.016859 2876.613800 2894.883860 2915.753203 2933.478359 2950.683759 2965.987414 2977.098390 2974.435886 2972.838385 2974.236063 2978.420087 2981.125367 2996.483309 2997.180539 3007.058034 3026.763825 3036.381912 3043.310201 3048.423800 3061.084649 3081.419708
-9999.0 -9999.0 -9999.0 -9999.0 -9999.0 -9999.0 -9999.0 -9999.0 -9999.0 -9999.0 2695.591191 2697.602396 2694.490131 2692.747706 2699.017034 2711.954688 2727.011632 2733.325032 2745.869793 2767.726686 2786.765261 2790.308022 2803.778200 2793.179133 2797.978611 2807.023949 2818.951044 2830.078793 2844.574470 2855.193879 2863.266324 2878.908610 2893.501892 2908.439158 2924.481194 2943.568803 2958.755377 2981.877452 2996.822650 3004.509905 3020.993958 3024.037281 3019.015610 3016.387886 3024.359905 3034.777250 3049.381180 3065.107893 3082.784254 3104.036745 3114.467208 3126.517649 3134.820132 3144.511431 3158.849965
-9999.0 -9999.0 -9999.0 -9999.0 -9999.0 -9999.0 -9999.0 -9999.0 2669.814374 2678.209459 2684.272752 2681.610783 2677.761431 2672.898248 2688.135688 2704.349500 2720.919696 2739.813700 2756.027455 2774.691215 2788.837012 2804.039448 2801.526730 2810.228020 2819.952709 2833.921073 2845.892876 2859.910244 2879.231612 2886.711145 2897.586677 2916.021897 2930.591613 2946.332784 2963.306613 2978.629895 2988.837314 3017.629921 3045.172163 3061.079776 3085.930108 3102.776174 3096.955405 3094.976856 3095.796256 3118.043035 3143.504396 3171.461029 3188.600354 3211.464764 3238.737976 3256.510160 3265.246317 3275.856141 3289.167236
-9999.0 -9999.0 -9999.0 -9999.0 -9999.0 -9999.0 2640.278468 2665.017167 2680.759869 2672.841334 2660.070294 2655.890811 2650.873184 2681.270011 2704.454673 2722.645722 2740.199276 2758.461723 2775.201355 2784.298295 2791.470255 2808.960132 2819.602511 2832.711360 2846.115483 2859.473626 2874.788879 2895.292599 2912.359923 2934.182682 2950.935741 2967.433800 2980.528984 2996.340539 3011.985689 3024.934646 3051.278416 3084.741419 3118.127295 3141.999073 3165.620810 3194.021254 3194.198718 3195.875005 3197.725773 3219.815692 3252.014322 3280.790552 3311.888778 3341.770601 3368.836525 3378.739955 3387.331839 3396.867287 3408.921702
-9999.0 -9999.0 -9999.0 -9999.0 2606.710915 2627.815525 2647.174829 2677.839969 2700.539604 2696.289063 2701.900843 2701.185056 2698.174991 2704.009629 2713.023489 2731.448992 2751.452529 2771.632661 2786.596920 2790.101622 2833.898808 2844.765266 2862.211957 2890.996239 2901.462245 2914.645256 2929.257937 2949.097980 2967.525537 2984.741556 3018.860178 3047.916733 3068.248033 3086.589351 3104.570545 3121.053133 3154.243664 3188.150838 3222.473249 3253.168282 3279.458542 3304.208498 3311.222828 3315.950533 3325.529291 3341.589272 3363.107673 3389.557018 3421.755464 3453.030542 3475.993455 3485.471940 3490.741820 3499.974860 3507.640848
-9999.0 -9999.0 -9999.0 2553.077319 2592.314808 2631.977261 2658.357447 2689.308459 2722.343615 2724.040098 2733.765565 2735.634667 2736.649362 2743.858376 2749.376525 2767.193207 2786.063598 2805.910250 2800.456408 2832.020800 2861.239306 2880.392677 2907.845129 2924.715228 2938.267528 2950.755249 2968.217553 2987.816947 3012.407228 3041.473030 3086.504308 3135.877317 3167.411675 3184.924423 3205.795011 3231.826520 3255.597084 3292.346240 3325.317038 3356.482494 3385.817452 3407.603167 3422.053064 3426.664248 3435.575948 3441.387687 3454.180420 3474.594746 3496.153617 3525.726638 3554.132581 3581.409591 3595.888255 3606.281789 3622.701894
-9999.0 -9999.0 2504.688546 2544.031060 2576.088790 2623.938886 2677.568581 2713.291925 2753.834129 2774.659631 2779.727838 2792.574348 2787.125562 2788.186573 2797.606570 2810.429986 2830.792123 2838.508697 2856.414999 2874.144760 2912.495747 2947.633473 2947.682577 2977.406091 3006.231319 3036.179032 3055.189416 3080.368782 3115.732725 3149.710645 3191.748673 3239.927287 3273.692664 3300.941958 3315.799580 3334.679023 3354.408016 3378.902934 3413.853352 3439.335550 3471.489561 3496.234209 3515.601442 3517.220125 3519.948620 3535.443431 3562.229087 3591.291144 3618.612848 3645.834486 3634.545934 3654.923778 3664.013720 3669.085239 3677.059454
-9999.0 -9999.0 2475.037557 2521.444105 2557.294933 2617.463904 2703.404707 2739.049956 2780.302216 2813.182583 2826.900453 2848.175934 2844.455891 2836.852999 2854.917770 2870.118750 2888.183002 2894.897242 2889.447912 2940.669698 2983.348876 3011.201883 3024.510482 3096.961621 3146.102510 3167.363625 3180.393778 3199.432804 3218.989213 3256.973341 3296.469026 3348.972336 3389.246664 3418.139929 3432.027978 3450.637689 3469.349388 3484.132654 3502.731886 3546.874948 3579.740071 3608.710890 3638.832945 3659.410748 3667.222438 3671.591369 3649.255415 3666.257118 3677.787307 3682.760222 3684.694518 3680.977553 3680.371459 3681.151038 3682.080237
-9999.0 2382.235583 2434.806486 2486.000167 2551.487692 2614.556016 2691.761038 2768.329170 2820.918774 2870.628441 2895.904854 2892.168470 2898.756539 2926.398534 2946.295327 2964.143001 2968.556000 2977.117436 2959.350650 2999.875610 3036.944550 3089.462262 3187.319131 3243.398039 3301.010575 3297.353630 3286.287102 3291.935765 3308.559826 3353.040743 3427.710962 3480.625985 3542.295219 3588.163267 3603.992219 3610.642774 3628.381320 3648.278500 3604.800199 3642.939694 3660.405278 3674.979343 3682.624803 3684.633584 3685.755509 3685.546605 3681.931254 3675.036864 3666.950218 3661.172663 3656.985852 3652.483238 3654.914151 3658.230707 3658.549486
-9999.0 2344.357354 2402.230225 2471.423145 2539.870176 2591.240798 2678.384819 2829.283046 2888.642030 2925.642656 2933.799670 2917.909939 2978.401872 3031.376814 3055.891516 3099.273170 3084.641108 3069.434726 3036.144108 3061.120701 3100.266490 3168.274666 3330.726266 3416.507044 3462.236299 3470.102092 3471.565222 3498.661606 3540.300763 3584.359052 3626.508108 3601.221795 3645.087244 3666.577852 3671.068782 3671.697434 3676.519418 3675.223686 3673.558582 3669.211257 3664.124534 3664.274080 3668.742546 3668.570278 3665.651906 3662.346447 3656.693442 3649.268562 3644.022436 3639.402119 3636.731813 3633.869945 3631.991306 3631.420617 3626.716726
-9999.0 2305.791774 2380.116182 2439.542898 2489.294181 2584.957216 2715.043498 2845.878080 2940.304605 2974.147280 2959.451734 2994.369386 3094.410333 3195.422237 3245.695777 3266.108936 3249.806491 3205.885547 3189.334084 3231.557942 3299.178610 3411.167292 3538.659662 3631.954847 3646.121358 3649.116443 3606.644114 3629.497132 3650.678967 3653.192148 3654.186625 3661.069841 3666.063229 3668.907420 3667.370015 3664.484908 3659.702951 3651.574414 3646.750679 3643.135898 3639.411106 3638.356732 3640.437808 3642.129536 3639.362610 3635.490977 3631.022599 3625.441422 3619.182866 3612.470781 3608.242192 3604.060755 3601.960568 3596.600636 3593.009376
-9999.0 2186.227894 2281.466443 2324.579999 2405.839083 2592.488782 2722.077461 2852.234406 3008.594137 3030.695351 3079.679112 3212.248431 3326.504189 3403.490747 3432.949296 3466.433760 3490.532330 3506.780290 3541.922618 3436.962921 3511.310928 3599.546410 3639.393848 3656.673086 3664.609970 3664.940362 3655.342826 3634.809900 3624.128722 3617.378659 3618.984278 3626.226928 3631.004616 3635.873820 3633.596864 3634.549161 3635.439480 3632.165283 3628.200045 3619.586217 3611.791539 3605.263782 3602.254047 3607.031846 3602.357007 3599.881317 3593.770152 3585.462559 3576.647245 3569.294056 3561.450299 3554.936209 3552.684177 3547.670242 3546.511144
-9999.0 2105.365818 2178.677849 2243.178618 2358.430859 2522.725533 2624.838033 2784.917034 3001.783963 3131.768476 3285.530556 3370.923729 3439.922714 3483.827273 3534.818191 3584.204575 3609.510664 3619.940098 3592.305444 3611.480650 3570.197758 3559.387602 3576.312486 3604.440867 3620.532468 3624.423239 3616.408048 3606.970988 3599.726492 3598.602072 3596.567855 3592.924692 3589.195111 3585.834939 3582.693850 3585.468381 3590.625508 3583.698338 3573.769672 3564.571706 3556.271924 3547.234151 3541.383574 3536.968449 3537.112110 3537.334965 3529.802837 3519.423239 3508.716203 3500.543403 3493.368562 3488.784306 3486.236081 3481.388180 3472.194787
-9999.0 1988.569096 2119.675490 2198.804345 2297.521801 2427.926844 2535.999056 2690.314363 2808.845056 3042.633504 3184.049587 3358.667481 3405.237197 3471.397636 3519.606710 3590.169215 3586.339710 3554.757946 3513.045021 3496.595124 3506.084938 3514.614058 3523.219447 3538.149905 3555.407852 3565.201058 3569.539819 3563.183744 3549.057845 3537.122540 3526.765202 3513.762778 3504.767467 3502.501415 3505.946748 3515.421472 3516.232178 3506.993541 3493.134066 3475.357627 3460.089654 3448.550317 3446.427374 3448.985627 3449.941729 3446.037138 3440.159260 3429.573809 3417.136903 3404.991323 3399.155902 3394.778882 3387.623020 3376.817884 3365.480329
-9999.0 -9999.0 2035.484610 2144.289651 2239.838417 2352.565028 2446.023593 2568.329626 2711.066764 2867.152809 2977.554162 3146.150322 3234.936173 3277.775917 3313.353938 3367.597358 3390.753500 3419.007808 3410.719956 3420.478566 3429.127257 3433.971589 3439.481614 3445.799127 3456.411174 3465.984931 3475.577652 3472.803785 3463.898375 3443.994413 3419.304403 3400.149808 3389.974202 3381.154338 3392.743043 3405.049539 3400.013461 3393.192587 3380.755566 3364.902822 3352.350984 3338.291434 3334.844757 3334.889232 3335.466045 3333.153813 3330.421949 3318.156995 3305.976265 3295.939082 3291.843996 3286.333432 3282.644233 3272.913862 3262.444876
-9999.0 -9999.0 1947.643473 2052.315535 2156.166187 2274.261974 2360.763703 2384.716988 2524.025246 2631.113767 2739.482222 2827.430102 2920.156472 2980.321953 3013.815181 3073.755384 3126.217101 3143.380305 3177.920200 3226.359219 3258.320925 3294.875545 3316.421701 3325.905913 3338.266278 3352.201354 3359.677823 3345.017581 3333.803806 3316.876939 3294.016063 3268.109878 3254.953023 3253.983484 3253.620556 3255.812059 3248.601438 3239.648601 3225.348923 3211.278551 3199.075408 3189.857100 3186.278111 3181.182224 3179.149293 3176.515404 3174.771057 3170.920989 3162.398734 3157.493040 3149.504542 3145.608685 3144.643011 3141.221529 3135.215959
