tests/Borden05m/data_simulated/sim_1/output-maps/psiliqL0022N0008.asc
ncols         160
nrows         34
xllcorner     620200.000000
yllcorner     5168000.000000
cellsize      0.500000
NODATA_value  -9999.0
[rows 0 to 24 of 34, columns 55 to 109 of 160]
-9999.0 -9999.0 -9999.0 -9999.0 -9999.0 -9999.0 -9999.0 -9999.0 -9999.0 -9999.0 -9999.0 -9999.0 -9999.0 -9999.0 -9999.0 -9999.0 -9999.0 -9999.0 -9999.0 -9999.0 -9999.0 -9999.0 -9999.0 -9999.0 -9999.0 -9999.0 -9999.0 -9999.0 -9999.0 -9999.0 -9999.0 -9999.0 -9999.0 -9999.0 -9999.0 -9999.0 -9999.0 -9999.0 -9999.0 -9999.0 -9999.0 -9999.0 -9999.0 -9999.0 -9999.0 -9999.0 -9999.0 -9999.0 -9999.0 -9999.0 -9999.0 -9999.0 -9999.0 -9999.0 -9999.0
-9999.0 -9999.0 -9999.0 -9999.0 2642.436437 2637.289259 2632.791669 2628.785644 2621.224095 2612.622927 2605.300550 2601.899690 2601.534762 2601.445277 2601.633128 2607.359350 2616.128381 2624.426110 2631.949972 2634.662844 2637.626703 2640.265632 2641.284971 2640.861253 2638.444620 2636.312637 2633.542404 2632.434727 2625.326261 2614.512582 2606.350746 2603.842105 2608.189392 2612.579319 2615.028584 2620.287098 2630.516985 2640.735609 2648.163816 2659.567172 2665.329935 2669.691026 2671.430724 2666.423063 2662.129804 2657.431893 2651.112751 2639.717901 -9999.0 -9999.0 -9999.0 -9999.0 -9999.0 -9999.0 -9999.0
2588.553789 2607.681531 2628.543011 2631.928803 2620.455063 2615.679460 2612.931905 2611.689134 2607.781129 2599.894403 2595.441875 2590.698557 2588.991219 2589.740222 2590.435724 2595.017857 2606.386809 2614.982727 2620.335238 2623.792137 2627.260163 2626.778881 2626.805626 2627.287474 2625.085444 2622.149577 2619.341868 2618.049246 2619.665308 2612.464635 2606.922472 2603.362639 2600.871875 2603.487947 2606.139508 2610.276334 2619.312074 2626.921104 2634.437297 2648.061049 2660.096281 2664.707545 2661.152496 2655.366871 2650.505008 2642.503555 2631.834754 2621.373488 2612.724343 2605.638596 2599.215004 2591.846524 2596.903794 2603.160510 2611.493691
2574.136607 2594.067749 2615.158960 2618.260216 2607.984847 2600.481682 2594.747990 2595.806879 2599.698409 2597.125225 2593.127767 2586.914279 2597.078925 2598.880006 2600.502918 2604.582720 2607.804154 2613.143312 2616.414684 2622.464896 2632.009805 2635.468885 2636.692442 2637.549447 2636.367363 2633.834681 2632.565274 2630.365262 2625.611934 2624.430454 2624.570529 2623.783091 2628.157870 2629.372822 2632.232699 2626.369665 2630.332917 2636.186926 2642.346987 2647.822867 2653.375584 2655.365602 2650.944251 2649.827211 2640.078327 2625.398849 2614.440982 2605.884838 2604.617502 2600.546949 2591.471555 2576.782637 2583.388614 2598.005634 2601.484042
2582.469679 2592.261674 2603.828087 2607.085620 2602.612649 2605.182029 2607.615973 2609.680372 2608.728347 2606.210355 2603.406644 2615.170397 2624.143715 2626.353403 2629.760028 2634.588753 2636.403380 2626.166457 2624.801684 2633.010681 2643.106156 2649.111431 2650.130040 2650.725662 2648.401639 2648.093425 2648.570132 2647.301486 2647.711434 2649.951778 2648.563849 2652.242213 2657.979167 2662.079039 2655.199742 2646.409721 2648.080140 2656.211916 2665.659934 2672.781621 2682.282183 2692.124240 2690.686932 2684.358091 2674.117631 2659.738446 2635.342855 2616.059389 2603.665997 2594.509145 2585.935754 2586.557632 2580.866581 2592.427518 2592.787490
2577.332439 2597.697798 2618.500361 2625.701625 2620.532704 2617.244188 2616.434539 2618.031742 2618.375885 2620.601892 2631.440851 2644.840420 2659.280041 2662.651806 2665.572437 2665.202480 2657.003030 2647.397572 2645.218133 2659.852856 2678.630115 2687.748535 2688.663843 2686.526645 2691.847960 2692.514540 2693.239230 2690.201630 2691.966577 2691.241974 2698.395713 2706.300529 2714.156484 2712.820267 2700.410990 2688.263026 2687.638047 2692.102302 2697.713818 2704.293611 2713.531474 2721.576715 2715.176909 2707.705528 2697.674402 2669.086830 2641.957305 2625.603902 2623.653228 2622.450543 2616.612693 2612.642229 2609.326891 2602.710346 2601.229583
2622.921331 2643.857646 2666.449476 2681.570169 2676.680902 2670.169012 2662.349343 2663.818121 2666.202704 2673.919147 2686.280163 2701.662438 2725.374790 2726.975535 2729.129713 2729.653449 2718.297081 2706.345167 2696.996356 2718.761598 2730.732138 2739.182378 2739.069414 2746.895210 2757.156552 2754.469350 2748.715941 2738.133177 2744.679968 2753.359482 2768.854556 2776.656893 2781.580543 2778.041672 2764.996049 2758.552437 2759.130400 2764.096231 2763.792610 2770.467085 2778.640041 2792.181570 2789.393426 2782.377634 2759.666901 2720.784125 2687.355780 2668.794185 2677.307575 2669.016823 2658.933100 2655.676891 2641.775953 2631.623226 2632.016376
2671.784914 2688.454593 2706.939822 2725.052175 2718.690008 2709.711904 2695.563528 2694.588855 2701.133929 2712.607930 2731.876949 2752.584574 2774.848087 2777.574039 2774.758820 2783.468110 2779.587910 2770.489910 2763.829554 2783.046607 2794.616063 2804.300377 2812.295191 2826.334786 2838.505289 2825.512881 2811.248263 2803.502511 2810.727417 2834.997029 2856.130237 2861.234456 2861.003385 2861.255255 2847.894783 2842.609930 2838.422997 2836.988109 2833.012992 2829.747278 2851.684259 2870.076222 2867.521512 2843.373484 2818.314212 2779.714136 2739.867564 2710.467430 2716.841147 2711.269344 2710.884722 2696.946765 2681.692976 2669.056176 2660.365932
2742.877541 2768.487025 2787.471260 2808.223436 2803.344222 2783.723883 2771.731956 2776.400887 2791.024667 2800.173773 2818.961181 2839.420223 2867.981454 2883.992058 2898.617802 2800.731379 2897.716428 2889.757785 2878.416793 2882.550149 2905.494426 2806.943839 2814.019482 2823.111209 2835.672461 2837.676421 2832.185469 2830.833161 2834.861662 2846.321326 2859.018936 2865.712673 2869.419376 2872.402128 2862.154124 2850.241694 2847.453407 2841.102483 2838.211685 2836.915652 2845.616927 2863.183192 2860.379147 2827.314007 2802.518196 2877.078534 2837.101580 2804.636734 2792.394253 2805.006052 2799.766489 2780.806517 2765.109416 2734.087312 2722.619935
2830.814134 2866.004672 2892.678232 2803.057107 2810.272998 2798.437578 2797.346261 2801.281078 2809.118397 2812.630087 2819.285897 2851.326078 2884.567717 2910.513212 2933.459052 2939.185107 2929.293981 2919.577527 2906.614824 2897.696645 2906.624958 2921.063258 2938.351241 2953.482735 2964.789761 2967.405463 2966.006953 2966.208480 2969.034520 2972.037022 2975.945257 2983.688070 2991.021554 2983.656739 2992.186455 2983.597863 2983.218417 2973.288620 2962.918264 2960.896410 2961.445478 2963.622868 2964.370748 2950.492676 2911.981525 2883.436708 2852.188768 2830.159109 2814.894306 2812.716275 2904.158225 2878.287918 2826.415791 2787.915016 2753.149905
2824.851331 2865.394473 2894.144729 2911.237517 2924.415844 2923.022954 2924.872136 2926.225134 2930.439045 2933.511982 2937.403472 2962.494378 2986.066891 3023.899860 3054.283557 3055.095413 3042.535559 3031.412587 3021.884633 3008.577698 3004.762861 3015.866697 3029.922938 3048.871337 3059.512970 3066.586060 3063.987144 3064.257569 3065.692662 3067.869681 3069.881873 3073.001740 3081.843412 3095.560073 3109.081139 3108.805451 3091.953550 3074.451808 3058.195864 3054.506484 3051.195728 3046.204994 3048.110014 3049.885291 3036.821995 3008.214979 2986.803263 2946.332744 2927.027781 2910.400630 2900.995591 2885.128247 2851.384457 2906.851019 2867.616359
2937.190115 2968.863410 2981.124604 3010.510057 3026.033278 3029.500052 3027.507834 3026.956563 3033.798500 3037.289161 3043.960354 3060.188074 3089.254180 3122.505436 3151.046007 3166.747295 3159.989820 3143.523179 3122.723373 3114.187101 3111.712978 3114.844958 3123.495958 3134.958164 3153.270983 3171.596328 3175.652579 3176.486871 3175.446588 3176.179019 3177.561052 3177.650465 3180.040323 3187.484210 3196.568497 3199.721828 3192.854882 3174.913031 3152.522182 3140.469946 3133.508529 3129.917772 3130.220577 3134.448151 3136.850133 3123.180627 3090.307983 3048.217078 3017.880747 3001.364211 2988.625641 2992.232432 2980.564470 2953.675645 2933.702127
3027.867075 3042.306554 3068.955164 3096.731810 3119.396851 3134.286477 3135.446909 3138.981715 3143.577465 3151.389491 3166.356769 3186.665113 3204.111430 3224.999978 3249.974633 3265.113433 3270.407588 3269.239568 3265.917183 3267.262299 3267.560610 3214.226340 3219.639754 3225.022558 3239.546259 3253.023664 3257.787392 3258.329469 3256.208976 3257.799941 3258.449420 3258.405945 3258.041834 3259.758769 3264.072006 3265.720432 3263.683460 3252.684612 3267.028744 3247.892088 3234.922043 3226.981490 3218.971740 3210.759953 3201.451729 3191.872422 3174.777815 3145.392139 3111.818936 3089.344178 3080.900309 3075.442310 3067.851038 3062.634960 3046.581109
3125.139318 3135.676485 3152.929103 3174.653988 3204.860350 3226.825226 3237.786258 3246.726706 3251.297808 3264.645837 3280.284267 3266.992966 3274.072801 3281.400160 3288.680536 3291.180616 3291.896337 3291.565866 3289.227362 3288.566941 3286.354120 3282.601867 3272.424239 3274.002284 3275.832324 3278.415562 3282.083752 3280.923250 3281.981650 3284.918696 3283.231822 3277.353900 3273.419299 3271.849782 3272.705595 3280.038643 3283.422982 3284.334169 3281.578521 3280.716743 3279.867764 3276.969315 3273.350528 3268.248996 3261.723020 3273.616381 3262.259871 3235.730550 3197.793690 3160.419248 3151.520820 3152.037396 3152.320085 3150.702023 3145.277040
3242.415579 3255.430850 3269.555155 3252.209147 3271.205417 3280.948570 3285.504820 3289.186221 3291.845749 3294.433424 3291.370616 3288.266789 3283.463002 3281.997798 3280.680718 3278.276424 3278.920199 3277.037259 3273.044584 3269.175356 3261.655940 3250.368081 3239.198567 3235.920703 3240.295927 3245.749842 3250.676540 3254.790219 3258.397585 3258.682629 3253.429605 3245.201402 3237.820406 3236.107795 3242.852503 3248.523796 3254.695944 3255.513610 3254.131883 3251.778260 3251.655907 3248.609751 3248.893044 3255.774672 3270.061326 3273.538775 3278.568927 3277.852191 3263.665021 3238.017664 3244.815479 3225.213909 3230.719089 3226.301012 3215.179239
3283.076180 3285.438474 3284.049415 3282.782981 3276.552030 3270.608977 3269.873100 3273.860266 3280.847816 3281.990355 3275.026787 3266.619200 3259.558875 3252.398060 3250.177290 3249.487279 3249.176602 3249.614353 3244.389844 3235.557210 3219.155056 3207.683149 3196.658697 3190.747183 3187.470915 3191.312656 3202.149375 3213.612244 3218.527217 3209.933834 3201.786561 3190.340456 3182.327093 3182.728154 3184.064733 3193.384962 3209.393638 3216.123072 3216.860044 3210.737931 3204.750936 3198.278862 3195.445890 3201.886906 3216.940248 3233.101796 3248.059226 3256.846980 3264.380110 3271.259393 3270.990478 3273.326125 3274.611523 3272.796306 3274.760088
3277.101764 3270.281545 3263.477513 3258.322511 3251.924254 3246.610370 3244.879646 3246.955239 3249.201223 3245.396136 3239.063415 3229.232611 3218.425433 3208.898618 3201.789932 3202.834289 3205.203956 3206.750952 3199.821957 3184.941041 3169.133728 3155.866419 3142.147796 3138.283901 3132.726499 3126.006126 3136.209526 3155.187537 3162.240648 3146.897231 3136.344099 3121.496427 3114.771162 3111.028887 3111.985969 3120.973229 3142.668873 3165.423657 3167.238452 3156.598762 3146.046077 3141.244203 3138.107201 3143.037601 3159.828695 3178.348812 3193.804682 3203.818814 3209.083142 3216.811613 3226.098688 3239.663532 3253.909491 3265.786680 3271.349807
3252.553166 3244.888959 3237.343619 3229.879047 3223.114524 3217.129797 3212.998539 3211.130875 3207.675116 3201.796421 3195.036296 3177.972615 3165.914546 3153.519493 3139.199998 3135.646975 3131.523182 3132.924608 3121.736237 3113.404697 3096.723957 3081.602702 3066.582404 3054.134817 3048.498814 3042.105013 3041.899815 3055.814160 3064.367744 3054.001487 3044.228680 3033.119522 3028.239739 3024.909635 3027.220756 3037.551604 3057.602883 3075.868657 3083.801726 3076.231781 3073.862550 3072.735331 3071.073014 3076.974777 3088.351228 3106.346147 3127.987158 3145.870136 3155.358182 3162.223736 3171.410137 3183.769082 3197.537093 3211.527613 3229.027312
3222.456002 3213.423984 3203.753340 3194.343038 3184.199335 3175.752434 3169.612586 3172.112868 3166.200978 3160.659908 3140.118789 3087.755556 3068.247652 3049.998244 3034.416931 3028.305541 3020.503175 3006.681830 2998.206867 2993.475202 2993.720402 2980.053457 2979.356546 2962.303755 2957.337387 2953.624472 2938.275102 2935.853755 2936.974953 2950.299001 2943.991535 2941.720500 2942.733485 2940.406120 2942.230352 2955.258315 2964.025515 2970.670165 2977.368554 2980.779612 2990.241065 2980.029879 2988.000042 3004.368231 3015.399465 3030.773045 3050.853357 3075.082604 3089.568661 3098.707084 3108.879598 3123.832834 3139.761583 3157.070025 3179.058416
3188.589058 3174.784594 3160.768427 3146.885296 3134.573726 3122.228740 3107.478437 3109.452716 3107.362574 3097.965490 3047.302473 3007.210193 2991.565065 2974.493571 2951.366104 2938.463085 2925.304724 2889.873162 2873.305903 2871.690951 2884.366332 2879.661067 2864.690909 2852.493369 2843.465608 2834.772784 2818.215637 2801.750094 2807.498284 2824.515341 2824.295683 2826.573111 2833.641219 2832.928148 2827.053966 2826.248587 2838.822102 2844.904981 2855.773714 2871.979327 2876.654549 2888.919861 2920.650869 2933.547323 2948.475866 2967.096226 2987.446772 2991.361576 3012.372714 3025.694816 3040.218390 3057.824809 3074.039430 3093.972535 3116.276349
3141.276674 3111.562476 3091.342335 3074.679334 3056.914833 3032.028143 3012.513625 3010.768876 3004.979596 2979.219574 2945.038474 2910.795142 2886.748952 2865.175743 2842.224634 2821.818514 2896.687298 2860.883883 2837.701117 2849.662435 2858.872354 2867.265232 2854.843564 2843.025396 2832.557000 2814.690284 2797.471015 2781.548538 2791.606089 2800.061601 2816.817040 2823.385439 2827.976140 2834.128648 2834.032375 2826.193592 2825.103080 2835.254678 2847.359640 2861.336171 2883.203087 2805.342700 2827.785521 2845.464788 2865.654379 2882.592137 2903.878982 2926.230329 2948.422387 2965.042034 2982.988499 2983.372538 3003.176500 3022.084321 3044.787820
3065.378950 3037.904565 3012.207895 2990.338140 2977.508242 2933.518239 2921.145891 2912.406048 2892.734408 2848.197067 2809.263274 2894.592806 2876.866882 2850.499861 2826.008593 2794.902823 2761.890300 2737.810791 2715.910419 2724.206700 2732.743270 2750.105555 2740.067677 2731.701083 2727.359079 2711.486394 2697.491102 2681.016809 2687.268409 2698.833003 2721.091697 2727.088030 2731.728611 2741.506302 2741.840718 2739.034556 2724.893750 2733.773509 2746.451239 2763.272391 2795.451524 2818.335476 2843.552594 2868.266483 2890.815300 2804.651862 2825.000439 2847.743858 2871.781160 2890.871739 2909.475524 2930.157108 2949.333266 2964.488536 2981.458271
2977.610350 2953.617664 2933.785937 2910.156837 2871.648274 2830.475547 2902.334201 2874.711677 2821.967706 2783.707315 2757.804140 2753.166573 2737.561675 2714.693164 2692.555360 2668.782187 2644.694203 2623.831636 2597.814611 2601.812607 2616.028064 2631.692331 2630.938805 2630.413643 2628.091491 2617.941371 2604.049993 2590.130960 2593.649066 2610.319326 2628.230711 2638.122852 2646.196711 2654.673628 2655.434013 2647.560473 2639.116969 2645.437887 2662.100947 2681.895265 2702.254885 2725.030063 2748.716012 2771.965412 2797.177670 2820.783656 2846.913369 2874.967196 2798.562477 2817.334016 2840.365158 2862.551131 2879.263957 2888.445480 2897.283886
2877.500419 2858.051670 2835.218617 2810.362572 2871.215286 2828.869950 2786.985883 2738.340302 2701.899676 2667.854764 2656.609148 2638.838183 2622.812728 2605.830089 2583.983548 2566.402204 2549.888248 2527.483591 2514.917945 2520.900480 2533.483365 2541.584086 2547.038099 2544.315932 2541.456876 2535.116884 2520.963817 2515.418224 2525.024720 2540.252853 2554.327295 2565.938896 2573.290536 2579.239417 2577.056149 2569.009059 2566.530962 2575.789112 2592.273823 2606.571241 2623.015930 2645.246565 2669.226574 2693.316390 2718.509558 2743.081928 2770.462214 2798.449071 2825.374778 2855.194698 2880.774034 2800.720435 2807.795387 2817.093106 2817.960916
2854.471399 2839.723209 2811.583485 2780.806196 2750.818202 2714.673467 2686.720555 2651.057286 2619.029516 2588.623426 2561.399126 2546.570420 2538.068457 2523.328502 2504.777241 2492.328082 2475.719176 2463.372222 2467.415519 2468.224735 2476.208223 2474.379466 2474.805876 2471.899513 2470.885924 2468.001304 2460.806689 2471.585756 2478.328472 2492.005260 2502.307339 2512.231789 2518.512207 2522.705915 2524.234527 2520.350681 2526.587744 2533.751372 2548.450460 2560.511971 2575.267728 2596.289771 2613.900496 2634.234103 2659.838907 2685.114908 2711.625870 2739.840187 2770.097107 2797.451698 2818.228690 2826.473493 2839.003318 2844.941906 2838.810184
