tests/Borden05m/data_simulated/sim_1/output-maps/psiliqL0017N0018.asc
ncols         160
nrows         34
xllcorner     620200.000000
yllcorner     5168000.000000
cellsize      0.500000
NODATA_value  -9999.0
[rows 0 to 24 of 34, columns 0 to 54 of 160]
-9999.0 -9999.0 -9999.0 -9999.0 -9999.0 -9999.0 -9999.0 -9999.0 -9999.0 -9999.0 -9999.0 -9999.0 -9999.0 -9999.0 -9999.0 -9999.0 -9999.0 -9999.0 -9999.0 -9999.0 -9999.0 -9999.0 -9999.0 -9999.0 -9999.0 -9999.0 -9999.0 -9999.0 -9999.0 -9999.0 -9999.0 -9999.0 -9999.0 -9999.0 -9999.0 -9999.0 -9999.0 -9999.0 -9999.0 -9999.0 -9999.0 -9999.0 -9999.0 -9999.0 -9999.0 -9999.0 -9999.0 -9999.0 -9999.0 -9999.0 -9999.0 -9999.0 -9999.0 -9999.0 -9999.0
-9999.0 -9999.0 -9999.0 -9999.0 -9999.0 -9999.0 -9999.0 -9999.0 -9999.0 -9999.0 -9999.0 -9999.0 -9999.0 -9999.0 -9999.0 -9999.0 -9999.0 -9999.0 -9999.0 -9999.0 -9999.0 -9999.0 -9999.0 -9999.0 -9999.0 -9999.0 -9999.0 -9999.0 -9999.0 -9999.0 -9999.0 -9999.0 -9999.0 -9999.0 -9999.0 -9999.0 -9999.0 -9999.0 -9999.0 -9999.0 -9999.0 -9999.0 -9999.0 -9999.0 -9999.0 -9999.0 -9999.0 -9999.0 -9999.0 -9999.0 -9999.0 -9999.0 -9999.0 -9999.0 -9999.0
-9999.0 -9999.0 -9999.0 -9999.0 -9999.0 -9999.0 -9999.0 -9999.0 -9999.0 -9999.0 -9999.0 -9999.0 -9999.0 -9999.0 -9999.0 -9999.0 -9999.0 -9999.0 -9999.0 -9999.0 -9999.0 -9999.0 -9999.0 -9999.0 -9999.0 -9999.0 -9999.0 -9999.0 -9999.0 -9999.0 -9999.0 -9999.0 -9999.0 -9999.0 -9999.0 -9999.0 -9999.0 -9999.0 -9999.0 -9999.0 -9999.0 -9999.0 -9999.0 -9999.0 -9999.0 -9999.0 -9999.0 1501.671751 1484.589259 1469.897343 1467.168458 1489.557740 1513.204690 1537.375551 1558.310170
-9999.0 -9999.0 -9999.0 -9999.0 -9999.0 -9999.0 -9999.0 -9999.0 -9999.0 -9999.0 -9999.0 -9999.0 -9999.0 -9999.0 -9999.0 -9999.0 -9999.0 -9999.0 -9999.0 -9999.0 -9999.0 -9999.0 -9999.0 -9999.0 -9999.0 -9999.0 -9999.0 -9999.0 -9999.0 -9999.0 -9999.0 -9999.0 -9999.0 -9999.0 -9999.0 -9999.0 -9999.0 -9999.0 -9999.0 -9999.0 1549.108997 1555.178342 1556.179098 1546.201101 1535.280466 1522.914139 1502.976464 1485.521779 1471.476594 1469.475118 1472.439808 1477.140514 1499.490799 1524.782680 1544.932307
-9999.0 -9999.0 -9999.0 -9999.0 -9999.0 -9999.0 -9999.0 -9999.0 -9999.0 -9999.0 -9999.0 -9999.0 -9999.0 -9999.0 -9999.0 -9999.0 -9999.0 -9999.0 -9999.0 -9999.0 -9999.0 -9999.0 -9999.0 -9999.0 -9999.0 -9999.0 -9999.0 -9999.0 -9999.0 -9999.0 -9999.0 -9999.0 -9999.0 -9999.0 1455.603996 1473.086726 1491.426067 1510.223113 1527.366465 1534.508135 1540.477660 1546.327261 1542.357308 1538.131127 1527.044505 1507.688497 1488.589168 1475.416915 1474.014139 1471.966063 1476.449610 1489.315185 1506.478087 1522.731579 1543.972270
-9999.0 -9999.0 -9999.0 -9999.0 -9999.0 -9999.0 -9999.0 -9999.0 -9999.0 -9999.0 -9999.0 -9999.0 -9999.0 -9999.0 -9999.0 -9999.0 -9999.0 -9999.0 -9999.0 -9999.0 -9999.0 -9999.0 -9999.0 -9999.0 -9999.0 -9999.0 -9999.0 -9999.0 1458.365843 1452.725618 1448.162980 1447.116337 1446.246751 1445.619385 1452.712474 1464.814154 1482.910923 1505.116397 1518.584202 1526.200371 1533.262104 1534.242201 1529.337021 1527.838454 1528.638194 1516.974169 1505.527848 1494.841234 1484.517189 1482.928129 1492.738418 1507.359354 1524.047014 1539.297874 1555.145530
-9999.0 -9999.0 -9999.0 -9999.0 -9999.0 -9999.0 -9999.0 -9999.0 -9999.0 -9999.0 -9999.0 -9999.0 -9999.0 -9999.0 -9999.0 -9999.0 -9999.0 -9999.0 -9999.0 -9999.0 -9999.0 -9999.0 -9999.0 1426.971292 1432.730208 1439.611717 1447.552342 1448.916838 1445.469015 1440.361877 1437.924249 1436.973463 1435.621282 1440.621042 1448.827999 1462.658825 1478.765129 1501.225788 1510.181266 1516.180545 1528.583506 1532.053387 1538.845999 1543.319752 1542.004544 1539.217860 1526.430777 1516.889005 1521.499491 1527.246544 1534.503375 1543.047496 1556.938265 1572.287523 1589.476519
-9999.0 -9999.0 -9999.0 -9999.0 -9999.0 -9999.0 -9999.0 -9999.0 -9999.0 -9999.0 -9999.0 -9999.0 -9999.0 -9999.0 -9999.0 -9999.0 -9999.0 -9999.0 -9999.0 1401.085750 1402.255954 1403.846908 1408.934602 1409.954609 1412.350914 1419.692279 1428.263496 1431.269247 1429.908727 1429.142565 1431.176906 1434.434397 1439.428618 1451.049108 1465.280595 1479.915936 1494.001469 1515.336096 1530.492302 1544.203976 1560.465749 1560.595754 1557.183324 1555.880294 1556.678506 1556.831339 1559.787536 1561.907324 1568.542125 1572.551623 1578.541894 1588.266166 1600.355264 1618.553234 1638.156812
-9999.0 -9999.0 -9999.0 -9999.0 -9999.0 -9999.0 -9999.0 -9999.0 -9999.0 -9999.0 -9999.0 -9999.0 -9999.0 -9999.0 -9999.0 -9999.0 1371.653171 1373.686244 1376.229306 1381.950495 1385.378953 1389.731094 1397.084093 1398.818499 1402.938402 1410.536435 1415.816745 1425.288188 1433.984964 1441.817612 1448.352652 1451.578812 1459.385149 1469.493972 1481.819922 1497.258593 1518.902479 1542.640012 1559.271969 1576.577103 1594.203647 1595.316880 1594.571877 1595.959019 1596.384608 1601.853443 1618.880775 1624.351297 1624.254187 1639.292271 1653.075406 1658.005082 1665.936899 1685.558162 1709.147857
-9999.0 -9999.0 -9999.0 -9999.0 -9999.0 -9999.0 -9999.0 -9999.0 -9999.0 -9999.0 -9999.0 -9999.0 -9999.0 1323.891242 1328.192104 1338.203365 1348.319728 1351.296476 1356.107460 1362.706106 1375.287770 1379.347154 1385.966587 1393.917772 1406.489965 1415.639311 1425.261143 1437.643792 1446.552413 1454.337376 1461.852576 1467.460028 1480.924409 1496.495860 1512.533294 1533.088037 1555.656800 1576.253024 1596.724144 1613.237934 1626.984139 1628.352417 1627.920190 1630.701497 1638.076446 1654.599166 1673.212096 1680.507127 1696.929511 1719.646181 1732.661121 1743.642537 1752.071320 1765.903381 1787.383383
-9999.0 -9999.0 -9999.0 -9999.0 -9999.0 -9999.0 -9999.0 -9999.0 -9999.0 -9999.0 1291.642990 1293.950171 1290.734904 1290.200470 1295.763778 1308.260992 1322.530927 1329.238173 1341.328139 1362.783891 1381.234110 1385.124021 1399.891163 1410.639672 1417.945377 1428.862864 1442.518263 1455.762056 1472.886356 1485.876165 1497.545433 1517.060649 1534.124133 1551.333681 1569.721407 1590.732771 1610.367888 1638.357162 1665.506519 1678.008162 1699.576624 1709.203428 1706.653667 1706.849772 1716.330397 1731.631785 1751.738020 1773.679659 1794.981601 1819.849781 1835.957466 1850.341192 1861.067736 1873.311209 1889.275598
-9999.0 -9999.0 -9999.0 -9999.0 -9999.0 -9999.0 -9999.0 -9999.0 1266.644224 1274.331238 1280.536035 1277.751423 1273.565734 1269.528742 1283.810207 1299.917365 1316.312925 1334.511252 1350.866263 1369.554550 1385.035795 1401.462433 1421.906744 1433.972618 1445.992606 1461.874852 1476.079812 1493.421036 1515.303386 1527.817078 1544.198742 1566.048077 1584.927531 1603.607637 1623.110461 1641.765442 1667.602465 1701.025887 1732.864580 1754.649847 1782.566809 1804.709149 1803.464299 1805.554829 1809.744613 1835.124058 1863.982639 1894.438511 1918.613741 1945.341767 1974.746823 1993.256641 2003.984374 2016.592003 2031.801156
-9999.0 -9999.0 -9999.0 -9999.0 -9999.0 -9999.0 1238.825764 1263.260684 1278.557323 1270.750463 1260.183888 1256.502666 1252.314618 1277.704812 1300.130440 1317.819127 1335.144350 1353.253675 1370.269401 1382.839542 1416.244362 1434.996944 1449.445831 1467.110366 1482.353775 1497.650096 1515.616472 1539.366129 1561.161214 1590.122628 1614.873464 1638.254271 1664.970571 1685.195629 1704.576277 1722.715175 1753.864779 1791.109206 1827.713153 1855.985965 1882.970245 1914.233439 1920.289773 1925.641961 1931.970453 1953.778675 1985.981355 2016.332216 2049.859072 2081.830403 2109.179389 2121.270168 2131.764368 2143.104503 2156.621458
-9999.0 -9999.0 -9999.0 -9999.0 1205.316565 1226.336735 1246.269410 1277.034600 1299.732707 1295.052407 1301.564250 1301.601362 1299.592591 1304.088007 1311.790787 1330.169439 1349.400345 1368.977232 1386.660339 1420.538583 1465.825178 1481.071473 1504.514256 1536.592737 1550.443292 1566.231904 1583.170720 1606.549231 1632.467849 1665.555334 1708.133509 1744.515892 1770.320573 1793.398572 1815.035655 1836.667908 1871.419544 1909.352678 1946.302756 1980.221191 2009.767124 2035.951230 2047.720579 2055.404755 2067.208260 2083.997395 2105.861575 2133.496126 2165.403186 2197.592922 2222.463149 2235.415845 2243.052420 2253.690255 2263.691098
-9999.0 -9999.0 -9999.0 1154.791579 1193.674757 1232.048703 1258.999220 1290.032518 1322.512939 1326.532941 1335.824903 1340.097459 1344.122040 1352.448825 1360.349775 1377.805486 1394.922577 1412.243969 1434.824513 1471.529589 1505.937873 1533.812487 1565.469263 1590.537024 1610.227702 1626.158624 1645.416947 1669.378448 1709.198374 1745.866056 1795.904538 1849.199660 1885.783544 1910.023323 1933.087833 1961.032698 1986.579818 2023.729280 2058.813187 2092.059654 2123.884002 2148.455013 2166.623860 2174.047773 2183.967498 2192.325660 2208.055619 2229.635471 2251.771850 2281.093578 2309.789961 2335.770377 2350.316605 2360.733339 2377.025943
-9999.0 -9999.0 1107.269658 1145.530408 1179.193960 1228.882683 1282.104861 1316.957744 1357.878917 1381.080344 1387.533589 1403.659743 1418.958062 1425.313280 1439.866034 1456.539833 1475.605046 1483.443074 1501.664819 1529.744036 1577.364134 1620.793759 1637.121979 1685.620786 1718.464178 1747.433374 1766.417773 1793.707069 1830.253221 1870.910702 1919.246711 1969.834596 2008.275700 2039.676678 2057.030588 2077.382957 2100.150726 2125.283403 2160.197137 2188.774853 2220.974082 2247.227743 2268.843156 2274.835807 2279.734098 2295.793088 2321.088693 2348.268884 2373.741754 2398.499954 2398.578687 2413.040760 2419.954681 2424.113870 2429.982401
-9999.0 -9999.0 1079.810761 1125.163353 1164.432399 1229.365640 1310.772709 1347.709969 1390.437166 1436.624866 1454.700446 1478.870041 1487.505963 1493.274172 1515.795393 1536.906914 1551.327723 1558.904463 1558.240115 1613.528837 1670.913753 1716.244767 1754.972799 1823.415199 1869.967841 1888.395226 1902.295012 1923.476753 1947.850622 1990.707802 2037.280451 2091.180363 2135.411134 2167.255478 2184.212168 2203.705564 2224.434806 2242.200205 2261.861313 2302.963478 2332.642482 2359.863295 2388.010707 2408.709692 2417.283718 2421.394798 2408.263396 2420.294295 2428.634720 2432.635123 2434.467200 2431.596266 2431.417367 2432.470574 2433.651741
-9999.0 989.916669 1042.215664 1094.977395 1163.141101 1229.468311 1311.284462 1390.573490 1449.795161 1498.424590 1527.135858 1535.836004 1565.131637 1604.008645 1628.653271 1653.462180 1657.558423 1664.443250 1653.748157 1703.555136 1750.881466 1819.845102 1926.150120 1982.365098 2030.314407 2031.521140 2025.998107 2037.720801 2060.774831 2105.800584 2176.306497 2226.761133 2283.727121 2327.229712 2344.221750 2352.431924 2371.058818 2391.714942 2372.019553 2399.340139 2412.566196 2423.657958 2428.390949 2430.931761 2432.660594 2433.318157 2430.537440 2424.497585 2417.020754 2411.684518 2407.807613 2403.418669 2405.859871 2409.054533 2409.522990
-9999.0 953.844058 1012.949780 1083.949311 1154.479288 1218.418904 1317.956192 1465.952814 1521.802917 1559.644120 1579.317405 1592.451808 1665.603799 1729.755023 1761.704660 1806.118395 1799.461338 1789.222276 1772.384719 1804.367975 1851.910132 1924.808245 2071.151408 2155.286777 2188.022726 2198.884962 2205.395034 2233.015054 2272.211372 2312.445465 2350.071332 2346.202912 2379.659924 2397.679078 2404.180424 2407.632686 2413.311903 2414.699854 2414.305084 2411.878918 2408.436499 2409.755906 2414.798263 2415.348330 2413.096297 2410.333596 2404.944837 2397.454190 2391.863341 2387.004198 2383.991101 2380.716396 2378.696928 2378.150698 2373.267314
-9999.0 921.962648 994.010375 1056.640522 1118.040977 1228.062648 1355.233509 1492.704772 1586.518713 1623.806087 1638.054748 1699.851869 1799.633707 1896.271169 1947.322236 1971.909167 1970.120025 1945.196803 1945.276471 1990.529575 2056.834216 2153.835112 2254.286448 2335.012338 2349.172969 2353.614130 2328.879024 2346.350674 2363.328699 2369.009216 2374.042360 2382.207185 2391.101939 2397.324579 2398.999744 2398.681906 2396.077452 2389.837493 2386.293863 2384.017428 2381.378474 2381.446399 2384.388307 2385.993496 2383.527430 2379.638249 2374.902159 2368.824333 2362.069282 2354.871129 2350.284414 2345.673918 2342.957961 2337.369460 2332.556442
-9999.0 817.518741 907.611024 959.820929 1066.499296 1243.957850 1371.529073 1519.827629 1669.704211 1705.181314 1773.827473 1896.145886 2002.474196 2076.179315 2113.571428 2153.275744 2181.773957 2204.770230 2241.227093 2185.773493 2248.049356 2314.303331 2344.373177 2359.018376 2363.677914 2365.930321 2359.196786 2341.848903 2334.194990 2330.850177 2336.165248 2347.063915 2355.742278 2364.016646 2364.408405 2367.042167 2368.823700 2366.550954 2363.583682 2355.986130 2348.896623 2343.327151 2341.395979 2346.488805 2341.560642 2338.329460 2331.937424 2323.311842 2313.827331 2305.651301 2297.339915 2290.085205 2286.791292 2280.685411 2278.434962
-9999.0 736.683901 812.739041 896.140444 1028.932175 1193.466841 1316.644931 1482.278122 1696.793136 1816.646094 1947.783745 2022.580798 2093.816719 2149.514222 2208.132661 2255.264558 2281.006092 2292.892670 2280.589610 2296.055693 2264.845752 2259.730320 2279.186250 2307.414619 2322.538158 2327.603580 2320.735278 2312.319009 2307.436528 2309.025881 2310.454793 2311.300737 2311.786033 2311.720575 2310.610498 2314.301947 2320.089901 2314.550159 2306.010644 2297.934709 2290.568585 2282.243711 2276.686717 2272.867793 2271.850626 2271.375264 2263.508397 2252.761137 2241.777653 2233.113326 2225.037324 2219.118993 2215.852847 2210.138113 2200.979287
-9999.0 633.755081 757.495634 848.098021 964.615336 1100.304694 1222.697136 1384.421044 1529.479294 1753.473611 1906.645098 2029.852777 2072.285505 2132.130501 2187.941899 2255.547423 2259.067855 2231.808854 2199.818463 2187.651461 2196.961370 2208.573745 2222.116046 2241.394561 2259.532541 2269.924804 2273.617197 2267.796771 2255.772562 2247.636359 2241.994234 2233.494022 2227.983551 2228.323546 2231.357894 2240.261641 2242.859568 2234.419932 2221.790977 2205.582496 2191.403152 2180.618611 2177.871886 2179.348550 2179.324636 2175.296271 2168.409683 2157.553997 2144.764509 2132.544461 2125.147767 2119.486268 2111.910533 2101.020842 2088.997689
-9999.0 -9999.0 680.117586 790.829638 896.320387 1017.180022 1127.724966 1266.386157 1414.865084 1593.746478 1710.383333 1849.965436 1926.273433 1970.925772 2016.415163 2070.887177 2091.805573 2115.067155 2103.275549 2111.503085 2120.858864 2128.368955 2138.195841 2149.180101 2162.308935 2172.759361 2181.705945 2180.407809 2172.694808 2156.337603 2136.513142 2121.685200 2114.077577 2107.986440 2118.950383 2131.283969 2128.332903 2122.131057 2110.447666 2094.843582 2082.093828 2068.329048 2064.515168 2064.465726 2064.339479 2061.241085 2056.900719 2043.924447 2030.956504 2019.322783 2013.810181 2007.390386 2001.978815 1991.002951 1979.270841
-9999.0 -9999.0 594.985799 702.977263 815.286474 937.840578 1035.300171 1098.384488 1247.613821 1361.128229 1465.670098 1565.879034 1650.264048 1713.644007 1754.218296 1814.788369 1859.197889 1876.495054 1902.245410 1938.766121 1967.686764 1999.064426 2019.287036 2031.913950 2046.031137 2060.039311 2068.975269 2057.373152 2047.497574 2032.168630 2011.941506 1989.519258 1978.464258 1976.658567 1978.874265 1983.653033 1978.004721 1969.088841 1955.206265 1940.384057 1927.792436 1917.107627 1913.004914 1908.845989 1906.957571 1903.787345 1900.666066 1892.714312 1882.058955 1874.973885 1866.472843 1860.774315 1857.950162 1851.890407 1843.368884
