tests/Borden05m/data_simulated/sim_1/output-maps/psiliqL0020N0018.asc
ncols         160
nrows         34
xllcorner     620200.000000
yllcorner     5168000.000000
cellsize      0.500000
NODATA_value  -9999.0
[rows 0 to 24 of 34, columns 55 to 109 of 160]
-9999.0 -9999.0 -9999.0 -9999.0 -9999.0 -9999.0 -9999.0 -9999.0 -9999.0 -9999.0 -9999.0 -9999.0 -9999.0 -9999.0 -9999.0 -9999.0 -9999.0 -9999.0 -9999.0 -9999.0 -9999.0 -9999.0 -9999.0 -9999.0 -9999.0 -9999.0 -9999.0 -9999.0 -9999.0 -9999.0 -9999.0 -9999.0 -9999.0 -9999.0 -9999.0 -9999.0 -9999.0 -9999.0 -9999.0 -9999.0 -9999.0 -9999.0 -9999.0 -9999.0 -9999.0 -9999.0 -9999.0 -9999.0 -9999.0 -9999.0 -9999.0 -9999.0 -9999.0 -9999.0 -9999.0
-9999.0 -9999.0 -9999.0 -9999.0 2235.264309 2230.059057 2225.405422 2221.163023 2213.023390 2204.275785 2196.690818 2193.129106 2192.600458 2192.298247 2192.280637 2197.800111 2206.277031 2214.297377 2221.628217 2224.282190 2226.923953 2229.206191 2229.801613 2228.863899 2225.884870 2222.854130 2219.660046 2218.200086 2210.642586 2199.506606 2191.040306 2188.348654 2192.614258 2196.948735 2199.331237 2204.670175 2214.994331 2225.370128 2233.448029 2245.180548 2251.121103 2255.819972 2258.016397 2253.398881 2249.442882 2245.059752 2239.036740 2227.744317 -9999.0 -9999.0 -9999.0 -9999.0 -9999.0 -9999.0 -9999.0
2180.111678 2199.192446 2220.047190 2223.467300 2211.953294 2207.169949 2204.314676 2202.902703 2198.844679 2190.778128 2186.111760 2181.184692 2179.408074 2179.945320 2180.416545 2184.778028 2195.724951 2204.016642 2209.034446 2211.939283 2214.943450 2214.208050 2213.778974 2213.729711 2211.040723 2207.760369 2204.535011 2202.848666 2203.948886 2196.450023 2190.748826 2187.087514 2184.693228 2187.251039 2189.718563 2193.617554 2202.727565 2210.465803 2218.143003 2232.400850 2244.713394 2249.651926 2246.539694 2241.152686 2236.739094 2229.132944 2218.328325 2207.881797 2198.954929 2191.970087 2185.876455 2179.036377 2184.468894 2190.963444 2199.784176
2164.923862 2184.626857 2205.377099 2208.440439 2198.238125 2190.615232 2185.043499 2185.893713 2189.469700 2186.641607 2182.450403 2176.476904 2186.285812 2187.918628 2189.331010 2193.072371 2196.012652 2200.647349 2203.587306 2209.238237 2218.452606 2221.436981 2222.128922 2222.415372 2220.679075 2217.642406 2215.893557 2213.243965 2208.110625 2206.711082 2206.690104 2205.874836 2210.311598 2211.723580 2214.012813 2207.857130 2211.693501 2217.667260 2224.241693 2229.857256 2235.774819 2238.417668 2234.518027 2233.755701 2224.684052 2210.320946 2199.321336 2190.863946 2189.585484 2185.855931 2177.201512 2163.124061 2170.015964 2185.007116 2188.885761
2171.523935 2181.136540 2192.760050 2195.970685 2191.415581 2193.703330 2195.914362 2197.794471 2196.631191 2193.918349 2191.209766 2203.108261 2212.400923 2214.484306 2217.655001 2221.982921 2222.706279 2211.840196 2210.017377 2218.040287 2228.206156 2233.842704 2234.234062 2234.179815 2231.409382 2230.462740 2230.305062 2228.442549 2228.598001 2230.603766 2229.294293 2232.996260 2238.523872 2241.658751 2235.068112 2226.184951 2227.613362 2235.559091 2244.075469 2251.214486 2261.124454 2271.557622 2270.554266 2264.785392 2255.255624 2241.478474 2217.746373 2198.557618 2186.826244 2178.362568 2170.240491 2170.914880 2166.026056 2177.718753 2178.544855
2165.602813 2185.220292 2206.356616 2213.735403 2208.379648 2204.651006 2203.339866 2204.656746 2204.846304 2207.104203 2218.134452 2231.415622 2244.854355 2247.793680 2250.464373 2250.028375 2242.160360 2232.323754 2229.556210 2243.855681 2260.757525 2269.055471 2269.281543 2266.796812 2271.788790 2271.361297 2270.968208 2267.036285 2268.463269 2267.909483 2275.411293 2283.034913 2290.530508 2288.897461 2276.557548 2264.504017 2263.587188 2267.586707 2272.578515 2279.139235 2288.805913 2297.564939 2291.921368 2285.070191 2275.648776 2247.763656 2222.008632 2205.644956 2204.905094 2204.369331 2198.722963 2195.140747 2192.107641 2185.653885 2184.554775
2209.261933 2230.153115 2251.138653 2266.143310 2260.913324 2253.920617 2245.436086 2246.536033 2248.857621 2256.402032 2268.611015 2284.122214 2307.461778 2309.053894 2311.263097 2312.276506 2300.741112 2288.500405 2278.455404 2298.864674 2309.808842 2317.795855 2317.372379 2324.811278 2334.134655 2330.256441 2323.328866 2312.269857 2318.287878 2327.286946 2342.372025 2349.705021 2354.210024 2351.075481 2338.383906 2331.969040 2331.920506 2336.130001 2335.307400 2341.575465 2350.456024 2364.732202 2363.026447 2356.254485 2334.336798 2296.572081 2263.926875 2246.534838 2254.204431 2246.834702 2238.923269 2235.944117 2222.413129 2212.384923 2212.656840
2254.354368 2270.774439 2288.780697 2306.803138 2300.633117 2291.105666 2276.975364 2275.885807 2282.367661 2293.183720 2311.994989 2332.770217 2354.985326 2358.661876 2357.120965 2367.096826 2361.122495 2351.600314 2344.239098 2361.111628 2372.314640 2383.205279 2390.892985 2403.645188 2414.665906 2401.564904 2387.066844 2379.276821 2385.509498 2408.276747 2428.161880 2433.020510 2432.977118 2433.703255 2421.234240 2415.470450 2410.495099 2408.051015 2403.610853 2400.255080 2421.558033 2439.939063 2438.250503 2415.146902 2391.055249 2352.441411 2313.920205 2284.957945 2290.513309 2286.331636 2286.422262 2272.902643 2258.280147 2245.546572 2238.345875
2322.268376 2348.110605 2367.202716 2389.226702 2385.610396 2366.485152 2355.211161 2359.608944 2373.415420 2381.701620 2399.248038 2420.061487 2448.866150 2465.679327 2481.102688 2486.267769 2478.741189 2470.436825 2458.379198 2460.593384 2481.587063 2494.217955 2503.954886 2513.583090 2526.175220 2529.047285 2524.277324 2523.181796 2527.061918 2537.474942 2549.255776 2555.878570 2559.782498 2562.997177 2554.029048 2542.427219 2538.807086 2531.750690 2527.625063 2525.553178 2532.198521 2547.500820 2544.015753 2511.606864 2483.720116 2448.688392 2410.238213 2379.162041 2366.775524 2378.569061 2371.280732 2353.114705 2337.367451 2306.236031 2294.651228
2407.765479 2442.570853 2469.129223 2482.899395 2494.079877 2484.950145 2485.483543 2490.371557 2498.965275 2503.663347 2511.345829 2544.030039 2578.034901 2605.260458 2629.135141 2637.617744 2626.734760 2617.442981 2605.120325 2596.426244 2604.554441 2620.806929 2638.166598 2653.490294 2664.784140 2667.590206 2666.103637 2666.337709 2669.093903 2671.984173 2675.630842 2682.978123 2690.526216 2701.081292 2710.497678 2701.849334 2683.436076 2672.514079 2661.006387 2657.793006 2657.241800 2657.780692 2657.471688 2644.038891 2606.067177 2574.990148 2542.623409 2518.007187 2500.149779 2492.288051 2471.653567 2447.134536 2397.433821 2358.038898 2324.228981
2510.097746 2553.320581 2583.499785 2604.677533 2619.426438 2620.057185 2623.049002 2625.674354 2631.195465 2635.627402 2641.026403 2666.364109 2707.975329 2746.967004 2777.995673 2780.258158 2769.005823 2758.535346 2749.202691 2736.805331 2733.337700 2743.897555 2757.396825 2775.729563 2786.521828 2793.971245 2790.556837 2790.876213 2793.216467 2794.308352 2796.128759 2799.013715 2807.540663 2821.350059 2834.290581 2834.023696 2817.306261 2800.718312 2783.936478 2778.910912 2774.304258 2768.322325 2768.881174 2769.314256 2756.271067 2726.600097 2686.237528 2643.977797 2621.795802 2602.671925 2589.365123 2572.027355 2537.033087 2475.739497 2439.345468
2635.268332 2667.532363 2699.468398 2730.984132 2748.316464 2753.858899 2753.535393 2754.636656 2762.628274 2767.683744 2775.821272 2791.720283 2820.760062 2853.832877 2882.639417 2899.284686 2893.720714 2878.536319 2858.835933 2851.229326 2849.131226 2852.051201 2860.217740 2870.849408 2888.445740 2906.212980 2834.257808 2835.184638 2910.218462 2834.876235 2831.662858 2831.672813 2833.825837 2840.709947 2849.333646 2852.440236 2850.553288 2908.157592 2885.823099 2872.739837 2864.796216 2860.293709 2859.267407 2861.884092 2862.558497 2848.175082 2815.547821 2773.245308 2740.870447 2721.634395 2705.798089 2688.791886 2675.385637 2646.953696 2625.992224
2754.902747 2770.768123 2799.064686 2827.685628 2850.600891 2866.688107 2869.486480 2874.478713 2880.066554 2889.176718 2905.009174 2846.587211 2858.723850 2878.677736 2902.862351 2917.468488 2922.877243 2922.067601 2919.222902 2920.687013 2920.983789 2873.740732 2878.654105 2883.532793 2896.475833 2908.661835 2908.483453 2909.015556 2911.595828 2908.709613 2909.078992 2909.130238 2908.821244 2910.182076 2914.010683 2915.455734 2913.877636 2908.359429 2920.259815 2901.591565 2888.814781 2880.887188 2872.814649 2864.353509 2854.896683 2849.635732 2907.088144 2877.256139 2842.727890 2818.866295 2808.261355 2800.261476 2791.043357 2783.942540 2766.349130
2861.140515 2873.233382 2891.378465 2913.716273 2864.942487 2881.577728 2892.397656 2901.338626 2906.043673 2919.189391 2934.214844 2918.176970 2924.264640 2930.808402 2937.281988 2939.492549 2940.099096 2939.762240 2937.404283 2936.759535 2934.623631 2930.638717 2920.600363 2922.120317 2923.847711 2926.392357 2929.884888 2928.699743 2929.880326 2932.711090 2931.115958 2925.397104 2921.602287 2920.076080 2920.868865 2928.152257 2931.481629 2932.504561 2930.161354 2929.364341 2928.627712 2926.060757 2922.826531 2918.234892 2912.328258 2922.397618 2915.780707 2890.117844 2857.949421 2897.471954 2886.341018 2884.362906 2883.141450 2879.678384 2872.557274
2897.814116 2910.851089 2924.938525 2910.899950 2923.214506 2931.702347 2935.819249 2939.257745 2941.825173 2944.036371 2940.893038 2937.530194 2932.692837 2931.189166 2929.771647 2927.252120 2927.758017 2925.726372 2921.625769 2917.716755 2910.470776 2899.224704 2887.934542 2884.732755 2889.063792 2894.339953 2899.069162 2902.936451 2906.463492 2906.942523 2901.865412 2893.814111 2886.594963 2884.902486 2891.616423 2897.299787 2903.309777 2904.174513 2902.904456 2900.766450 2900.865151 2898.110625 2898.575258 2905.436637 2919.480952 2923.315666 2927.867843 2927.152005 2914.730299 2896.508104 2900.117621 2880.368901 2885.123260 2880.353424 2869.011470
2933.538609 2935.822800 2934.729651 2933.431280 2927.176609 2921.267254 2920.473336 2924.311824 2931.094220 2932.088217 2924.957394 2916.548596 2909.330138 2902.061196 2899.635814 2898.578282 2897.949330 2898.072572 2892.632793 2884.130543 2872.439169 2860.903007 2849.656902 2843.551838 2840.420238 2844.358287 2854.827005 2865.764249 2870.559341 2862.403949 2854.478234 2843.314488 2835.404948 2835.859403 2837.492884 2846.824345 2862.458459 2868.872581 2869.811732 2864.194332 2858.852167 2852.860308 2850.546483 2857.352106 2872.428777 2883.619124 2898.055717 2906.762489 2914.285731 2921.207379 2921.793817 2923.665072 2924.706525 2922.957031 2924.049061
2928.088249 2921.383153 2914.637213 2909.458592 2902.917300 2897.512745 2895.575356 2897.462611 2899.552260 2895.546839 2889.098923 2883.601624 2872.534213 2862.570710 2855.242848 2855.784749 2857.671250 2858.690071 2851.694862 2841.305361 2898.381383 2884.165963 2869.465199 2864.743210 2858.660726 2851.952351 2861.768233 2879.945664 2886.585250 2871.625974 2861.293072 2846.764257 2840.116215 2836.776884 2838.154572 2847.566001 2869.226731 2891.720465 2894.117371 2884.615864 2875.413347 2871.921546 2870.267814 2876.855453 2895.070490 2838.382654 2849.121776 2859.223596 2864.897469 2872.985621 2882.384200 2890.773780 2904.514484 2916.199610 2922.380120
2903.650724 2896.017378 2888.299662 2880.621944 2873.854625 2872.354686 2867.928594 2865.531863 2861.737743 2855.453283 2852.836536 2910.342321 2896.949096 2883.268698 2867.736789 2862.848311 2857.650766 2857.832300 2845.508273 2835.873195 2819.055412 2803.013880 2786.410753 2773.523960 2767.148288 2760.313840 2760.598734 2774.477447 2782.907989 2771.861349 2762.033435 2750.721236 2745.800430 2742.772593 2745.350165 2756.092114 2777.096918 2796.102948 2804.663420 2798.086593 2796.446205 2797.095177 2797.192369 2804.613689 2818.031225 2837.071215 2860.025592 2879.179862 2890.275067 2898.848745 2909.519540 2844.964429 2854.069148 2868.141939 2885.568227
2872.876176 2868.377999 2858.504099 2848.836936 2843.044435 2907.122209 2899.780179 2900.611550 2893.079192 2885.811637 2864.906299 2813.436724 2792.301412 2772.579154 2755.572857 2748.055516 2738.873474 2724.947767 2715.122653 2708.930624 2706.824326 2691.336843 2671.672245 2653.929347 2648.374068 2644.125921 2629.762049 2628.557750 2629.929541 2641.277484 2634.812948 2631.949925 2632.505651 2630.405409 2632.843220 2646.394668 2656.290861 2664.276215 2671.636088 2674.998355 2685.264075 2695.432673 2704.856187 2722.911336 2736.215122 2753.756199 2776.021070 2802.629468 2818.881621 2829.976761 2841.976743 2858.090302 2875.756950 2894.651187 2918.035547
2846.477136 2903.305992 2888.225500 2872.989865 2859.314386 2846.618969 2830.908291 2831.067186 2826.990459 2815.940714 2764.893653 2722.159005 2686.088814 2667.328314 2643.208630 2629.306816 2613.680365 2579.023331 2561.977860 2558.598854 2568.964353 2562.697871 2546.958559 2533.994102 2524.728453 2516.077123 2499.978147 2484.850511 2490.241058 2506.226033 2505.203056 2506.819339 2513.484784 2512.838546 2507.821513 2508.737663 2522.200657 2529.345332 2540.789243 2556.961671 2562.643376 2577.111913 2609.191955 2623.848910 2640.506330 2661.175741 2683.812259 2709.412384 2733.087925 2748.645611 2765.346238 2785.755833 2804.194338 2826.233316 2850.492717
2862.070177 2832.863082 2811.677315 2793.483153 2773.644857 2748.087199 2726.664450 2722.984131 2715.055488 2688.193203 2635.338443 2596.828319 2570.628333 2547.933299 2523.608090 2500.687607 2465.723528 2431.545202 2409.756340 2420.948480 2430.103365 2437.214547 2424.692875 2412.984604 2402.962807 2386.351758 2369.948848 2355.264304 2365.245179 2373.801125 2388.829038 2394.594244 2398.656354 2403.589771 2402.646963 2394.727051 2394.014453 2402.955567 2413.716624 2425.991397 2445.487266 2480.219092 2506.178559 2525.404414 2547.453722 2568.478575 2591.960116 2616.503375 2640.508921 2658.985242 2679.179053 2701.332562 2724.280853 2745.907224 2771.283254
2778.514747 2749.913463 2722.603753 2698.385554 2665.873621 2621.305402 2605.338506 2595.198014 2575.612520 2531.548634 2489.279612 2462.054131 2444.506573 2420.225166 2397.612236 2368.843894 2335.710677 2311.995729 2291.258274 2299.805740 2308.424517 2324.858718 2314.738870 2306.147383 2301.801896 2286.541364 2272.945967 2257.196070 2263.892590 2275.190074 2296.361634 2301.804950 2305.896553 2314.666023 2314.167168 2310.780381 2296.966081 2304.985887 2316.315427 2331.424566 2361.900962 2385.980019 2410.019710 2432.778570 2453.914852 2477.958231 2502.512613 2527.503078 2555.361590 2576.645492 2597.303187 2620.156395 2641.531184 2659.320032 2679.286541
2662.503614 2637.226971 2615.786863 2590.846861 2550.063931 2505.531255 2465.789663 2442.188166 2394.591156 2359.506059 2333.511652 2326.280157 2311.518412 2290.223570 2269.846812 2249.201967 2225.575716 2205.157269 2180.222834 2184.677268 2198.902248 2214.503889 2213.036197 2212.175684 2209.965088 2199.891272 2186.317129 2172.688608 2176.354571 2192.749542 2210.374622 2219.617727 2227.147358 2235.087629 2235.288435 2227.125839 2218.145107 2223.745891 2239.246468 2256.276529 2275.873465 2297.927371 2320.170237 2341.743220 2365.456550 2389.554034 2414.135135 2440.758870 2469.757163 2492.419236 2517.704982 2543.836980 2563.269027 2575.147282 2587.011248
2552.892578 2531.898201 2507.688837 2479.851542 2437.493228 2396.600922 2354.894546 2310.209452 2276.570182 2246.374062 2235.313155 2218.534609 2203.430838 2187.440896 2166.740916 2149.175303 2132.836357 2111.156468 2098.127871 2104.407983 2117.410542 2126.380207 2131.531977 2128.977010 2126.298923 2119.942631 2106.078744 2099.799240 2109.249040 2124.504207 2138.667656 2149.857172 2156.871356 2162.563749 2159.939410 2151.472684 2147.906071 2156.488831 2172.439529 2186.921786 2203.181630 2224.753585 2246.258181 2268.830279 2292.421193 2315.721586 2341.499979 2368.032638 2395.232104 2423.169740 2447.447381 2469.514037 2481.019009 2492.916559 2497.206363
2422.330417 2408.486322 2382.493101 2353.948127 2323.273250 2288.106607 2261.253111 2229.250882 2198.665675 2169.013516 2143.218111 2129.048203 2121.376625 2107.699121 2089.855918 2077.795935 2061.705804 2048.867054 2052.515416 2054.094813 2062.991536 2062.004186 2062.662840 2059.920743 2059.056853 2056.038363 2048.293729 2058.386384 2065.263885 2079.105255 2089.441863 2099.149059 2105.240820 2109.193981 2110.126256 2105.435622 2110.790332 2117.605589 2131.968329 2143.774933 2158.291356 2178.999454 2196.629837 2216.426570 2239.561939 2263.414764 2288.356690 2315.022519 2343.867914 2369.656536 2389.331031 2398.364622 2409.565828 2414.218009 2406.837190
