tests/Borden05m/data_simulated/sim_1/output-maps/psiliqL0003N0006.asc
ncols         160
nrows         34
xllcorner     620200.000000
yllcorner     5168000.000000
cellsize      0.500000
NODATA_value  -9999.0
[rows 0 to 24 of 34, columns 0 to 56 of 160]
-9999.0 -9999.0 -9999.0 -9999.0 -9999.0 -9999.0 -9999.0 -9999.0 -9999.0 -9999.0 -9999.0 -9999.0 -9999.0 -9999.0 -9999.0 -9999.0 -9999.0 -9999.0 -9999.0 -9999.0 -9999.0 -9999.0 -9999.0 -9999.0 -9999.0 -9999.0 -9999.0 -9999.0 -9999.0 -9999.0 -9999.0 -9999.0 -9999.0 -9999.0 -9999.0 -9999.0 -9999.0 -9999.0 -9999.0 -9999.0 -9999.0 -9999.0 -9999.0 -9999.0 -9999.0 -9999.0 -9999.0 -9999.0 -9999.0 -9999.0 -9999.0 -9999.0 -9999.0 -9999.0 -9999.0 -9999.0 -9999.0
-9999.0 -9999.0 -9999.0 -9999.0 -9999.0 -9999.0 -9999.0 -9999.0 -9999.0 -9999.0 -9999.0 -9999.0 -9999.0 -9999.0 -9999.0 -9999.0 -9999.0 -9999.0 -9999.0 -9999.0 -9999.0 -9999.0 -9999.0 -9999.0 -9999.0 -9999.0 -9999.0 -9999.0 -9999.0 -9999.0 -9999.0 -9999.0 -9999.0 -9999.0 -9999.0 -9999.0 -9999.0 -9999.0 -9999.0 -9999.0 -9999.0 -9999.0 -9999.0 -9999.0 -9999.0 -9999.0 -9999.0 -9999.0 -9999.0 -9999.0 -9999.0 -9999.0 -9999.0 -9999.0 -9999.0 -9999.0 -9999.0
-9999.0 -9999.0 -9999.0 -9999.0 -9999.0 -9999.0 -9999.0 -9999.0 -9999.0 -9999.0 -9999.0 -9999.0 -9999.0 -9999.0 -9999.0 -9999.0 -9999.0 -9999.0 -9999.0 -9999.0 -9999.0 -9999.0 -9999.0 -9999.0 -9999.0 -9999.0 -9999.0 -9999.0 -9999.0 -9999.0 -9999.0 -9999.0 -9999.0 -9999.0 -9999.0 -9999.0 -9999.0 -9999.0 -9999.0 -9999.0 -9999.0 -9999.0 -9999.0 -9999.0 -9999.0 -9999.0 -9999.0 -559.251825 -566.498139 -575.414507 -578.006239 -568.020738 -563.819738 -560.037998 -557.679024 -555.566544 -552.170665
-9999.0 -9999.0 -9999.0 -9999.0 -9999.0 -9999.0 -9999.0 -9999.0 -9999.0 -9999.0 -9999.0 -9999.0 -9999.0 -9999.0 -9999.0 -9999.0 -9999.0 -9999.0 -9999.0 -9999.0 -9999.0 -9999.0 -9999.0 -9999.0 -9999.0 -9999.0 -9999.0 -9999.0 -9999.0 -9999.0 -9999.0 -9999.0 -9999.0 -9999.0 -9999.0 -9999.0 -9999.0 -9999.0 -9999.0 -9999.0 -560.762479 -557.452904 -554.717782 -559.385993 -561.261285 -560.700550 -565.677075 -571.599252 -577.800804 -575.798618 -575.711837 -580.386754 -573.602635 -568.279397 -566.661314 -565.423385 -561.084296
-9999.0 -9999.0 -9999.0 -9999.0 -9999.0 -9999.0 -9999.0 -9999.0 -9999.0 -9999.0 -9999.0 -9999.0 -9999.0 -9999.0 -9999.0 -9999.0 -9999.0 -9999.0 -9999.0 -9999.0 -9999.0 -9999.0 -9999.0 -9999.0 -9999.0 -9999.0 -9999.0 -9999.0 -9999.0 -9999.0 -9999.0 -9999.0 -9999.0 -9999.0 -575.383392 -568.996417 -566.340356 -563.871726 -560.050099 -561.570480 -562.894455 -560.001662 -562.628913 -562.658490 -565.845065 -571.998814 -578.228896 -581.702572 -577.676975 -578.916815 -578.972081 -575.799281 -573.941180 -573.449272 -569.175210 -562.260872 -566.174841
-9999.0 -9999.0 -9999.0 -9999.0 -9999.0 -9999.0 -9999.0 -9999.0 -9999.0 -9999.0 -9999.0 -9999.0 -9999.0 -9999.0 -9999.0 -9999.0 -9999.0 -9999.0 -9999.0 -9999.0 -9999.0 -9999.0 -9999.0 -9999.0 -9999.0 -9999.0 -9999.0 -9999.0 -565.493712 -567.996441 -569.904034 -569.748343 -570.654008 -574.229364 -575.269923 -574.784905 -571.509284 -566.160026 -565.446016 -566.290323 -565.986355 -567.358924 -571.112209 -571.428147 -567.170729 -570.889562 -572.582062 -575.026834 -581.537010 -583.203021 -579.501314 -576.049717 -573.195286 -572.734788 -572.634071 -573.174288 -572.971315
-9999.0 -9999.0 -9999.0 -9999.0 -9999.0 -9999.0 -9999.0 -9999.0 -9999.0 -9999.0 -9999.0 -9999.0 -9999.0 -9999.0 -9999.0 -9999.0 -9999.0 -9999.0 -9999.0 -9999.0 -9999.0 -9999.0 -9999.0 -569.658376 -567.341646 -566.517146 -564.505886 -565.589069 -570.573961 -573.755399 -575.117874 -576.259899 -579.006302 -579.374217 -579.563849 -577.990473 -576.925100 -571.217851 -574.394580 -576.519014 -571.589551 -572.848033 -569.481614 -565.705028 -566.544451 -565.697328 -572.671789 -577.976319 -572.439445 -570.313071 -570.721375 -572.157256 -570.635592 -568.631567 -566.164630 -561.717123 -556.105886
-9999.0 -9999.0 -9999.0 -9999.0 -9999.0 -9999.0 -9999.0 -9999.0 -9999.0 -9999.0 -9999.0 -9999.0 -9999.0 -9999.0 -9999.0 -9999.0 -9999.0 -9999.0 -9999.0 -569.236819 -569.987138 -571.469220 -570.925047 -575.825938 -577.935590 -576.603563 -574.053322 -575.615210 -578.443473 -580.860592 -580.577580 -580.272045 -580.920217 -577.337935 -574.525867 -573.756688 -574.827507 -570.476427 -569.407951 -567.097376 -560.576469 -565.061075 -569.434868 -571.739025 -571.945505 -573.347670 -569.400416 -568.301415 -568.093878 -568.853597 -569.087356 -568.355379 -568.130256 -563.257713 -559.090020 -556.036992 -553.436936
-9999.0 -9999.0 -9999.0 -9999.0 -9999.0 -9999.0 -9999.0 -9999.0 -9999.0 -9999.0 -9999.0 -9999.0 -9999.0 -9999.0 -9999.0 -9999.0 -569.650405 -570.073279 -571.921421 -574.950711 -577.562664 -577.646133 -575.675444 -579.348545 -580.612796 -579.853565 -581.535507 -579.769495 -577.877226 -575.619000 -574.646041 -577.309464 -576.966783 -577.502520 -578.018907 -577.119998 -572.203262 -567.803183 -567.228327 -564.216786 -558.490553 -562.122932 -563.614212 -563.454064 -565.838233 -564.336293 -555.759522 -557.685543 -562.275953 -553.695510 -549.540360 -551.913030 -553.401220 -548.412579 -541.156607 -532.717623 -518.947747
-9999.0 -9999.0 -9999.0 -9999.0 -9999.0 -9999.0 -9999.0 -9999.0 -9999.0 -9999.0 -9999.0 -9999.0 -9999.0 -570.302421 -570.703853 -570.223294 -574.912148 -578.589586 -580.842565 -583.999887 -580.069505 -582.972084 -583.932353 -583.315026 -579.824596 -579.834574 -579.543223 -577.449344 -578.330225 -579.528311 -580.714933 -583.112205 -580.398913 -577.746131 -576.071835 -572.307729 -569.649133 -567.855922 -563.991396 -563.769421 -561.334293 -562.898059 -566.592827 -567.484360 -564.991181 -557.425036 -552.223550 -551.370060 -542.015758 -532.926561 -529.642870 -524.407500 -522.540811 -520.085665 -513.419041 -493.951667 -471.610683
-9999.0 -9999.0 -9999.0 -9999.0 -9999.0 -9999.0 -9999.0 -9999.0 -9999.0 -9999.0 -577.424230 -574.984889 -578.618091 -585.486741 -588.482957 -586.950666 -585.342850 -587.979725 -587.938805 -580.901041 -577.132059 -583.819470 -579.392669 -579.422836 -582.329445 -581.754132 -580.075228 -579.985863 -575.960802 -576.063540 -576.354352 -569.856300 -568.494162 -567.040892 -564.957636 -562.805087 -561.327612 -552.599176 -545.588612 -547.120331 -537.128656 -531.238202 -537.282552 -539.690704 -538.903227 -532.845414 -523.007880 -509.546406 -499.798317 -484.251013 -467.179232 -453.916872 -444.212582 -433.474491 -421.473829 -389.457519 -300.754445
-9999.0 -9999.0 -9999.0 -9999.0 -9999.0 -9999.0 -9999.0 -9999.0 -587.316170 -583.369787 -580.929913 -584.032049 -588.216763 -595.931625 -593.010710 -590.229903 -588.389868 -585.609732 -584.373344 -583.394052 -585.285533 -583.053086 -578.767934 -580.164613 -579.864813 -577.172279 -577.350128 -575.127795 -571.607640 -574.026168 -572.551190 -569.644546 -567.226013 -565.152166 -562.623642 -561.686859 -553.147525 -542.204628 -531.323806 -522.980531 -510.721304 -496.124621 -499.063831 -498.211441 -498.453578 -481.444024 -456.621493 -425.971932 -390.443105 -327.826808 -190.226996 -145.748923 -128.432506 -116.300662 -103.800607 -88.417547 -52.779316
-9999.0 -9999.0 -9999.0 -9999.0 -9999.0 -9999.0 -593.283477 -584.507510 -580.333846 -590.208604 -597.967338 -600.579506 -605.262864 -595.031933 -586.338619 -584.792398 -583.633134 -582.243810 -583.254590 -589.182580 -576.515628 -580.259145 -583.141036 -579.583786 -580.156387 -580.098388 -578.007912 -573.026537 -571.402704 -561.813444 -555.662912 -550.750787 -543.655990 -539.958897 -536.279806 -532.347873 -519.626753 -502.662907 -483.706694 -462.610851 -436.632381 -406.807085 -394.116721 -385.970647 -371.820829 -327.050239 -191.614060 -135.032412 -93.039529 -51.844883 -6.806812 13.428336 24.393105 30.444290 31.931578 33.395927 35.177773
-9999.0 -9999.0 -9999.0 -9999.0 -588.344326 -586.445544 -588.174751 -580.642438 -575.520593 -587.390602 -583.154943 -585.291376 -589.267918 -594.113755 -599.951999 -595.822205 -593.481714 -591.957337 -592.939798 -580.600183 -570.409127 -577.796402 -573.135602 -563.697267 -566.499030 -565.885579 -565.930865 -562.339819 -555.728058 -547.832915 -529.090021 -513.621322 -505.181797 -495.754611 -487.063655 -473.904598 -449.352671 -413.452185 -358.265896 -211.784767 -144.359534 -112.915870 -99.090800 -91.591889 -77.688304 -52.902672 -12.934187 16.961963 32.288621 36.744478 40.334695 42.132752 42.675007 43.463594 44.097173 45.197861 46.188539
-9999.0 -9999.0 -9999.0 -593.771272 -585.092852 -582.019419 -586.320492 -584.914701 -578.544567 -585.071266 -586.329107 -587.557646 -588.348491 -588.328183 -588.986551 -586.725454 -586.357308 -588.209749 -586.677281 -579.691714 -577.174367 -572.261263 -568.900778 -563.517125 -559.019147 -557.870652 -555.789924 -549.604706 -533.081716 -517.661895 -491.221048 -451.499950 -417.031150 -389.602461 -361.099256 -284.505970 -183.040879 -128.435159 -80.941703 -27.222797 10.262352 29.633647 32.965205 33.465582 34.424021 35.653185 38.427211 40.860503 42.460707 45.017977 47.812802 49.973104 50.977525 51.373523 53.203515 63.111823 71.536243
-9999.0 -9999.0 -592.165130 -587.206772 -590.797951 -584.790072 -578.183213 -583.201615 -575.390729 -573.095228 -581.344392 -577.000164 -574.939412 -580.202377 -577.348363 -574.120662 -572.428735 -578.436025 -582.987918 -575.409695 -559.008352 -547.283928 -543.747082 -516.107787 -503.727064 -495.967423 -494.235195 -482.241448 -461.572244 -419.562726 -342.490230 -194.027158 -133.341381 -98.716716 -80.067984 -50.311530 -11.948764 11.764347 32.290478 36.852750 40.371948 42.836294 44.932297 45.471741 45.435369 46.978590 49.241187 51.400447 54.426534 68.586007 83.715029 84.086050 83.247570 83.484679 82.602308 83.043231 82.666177
-9999.0 -9999.0 -598.025717 -589.704329 -595.720544 -583.140889 -571.656902 -583.409121 -580.282944 -568.873034 -572.446927 -571.582910 -574.046858 -574.414657 -570.122023 -560.891220 -566.021002 -567.875766 -579.705839 -555.201763 -536.753490 -509.070398 -456.300137 -412.182126 -373.772066 -369.433098 -364.634488 -323.238222 -213.023736 -144.043117 -81.976828 -18.712175 20.907314 33.485523 35.416099 37.801103 40.869335 43.255287 44.786383 48.786370 50.244440 52.356914 64.679701 79.632632 84.737898 84.675096 84.056527 83.284636 83.182207 82.687135 82.632009 78.961532 78.467746 78.410405 79.703342 74.914033 69.428592
-9999.0 -600.021761 -595.864256 -595.733716 -587.513765 -590.576545 -581.267220 -568.141613 -569.307465 -565.100715 -565.816479 -575.044971 -552.074275 -533.523583 -529.060811 -514.408339 -521.877760 -526.269714 -539.056608 -520.877483 -490.296002 -402.044263 -186.758572 -119.427815 -89.554228 -86.525262 -89.236640 -69.257392 -30.169039 6.043193 36.033117 41.784794 47.393957 51.155932 51.947823 51.822392 58.812504 72.329184 86.780198 88.702858 88.097832 87.614984 83.269444 82.756336 83.212050 82.894231 79.797851 74.231461 67.134191 62.194733 58.808916 54.453073 56.909673 59.831625 61.380767 55.160396 51.492144
-9999.0 -613.148226 -596.457952 -587.000075 -590.976372 -598.389905 -576.713507 -545.396108 -557.982733 -562.638520 -566.259211 -551.898691 -506.214284 -463.170276 -436.465564 -402.442157 -408.608787 -423.994938 -426.468762 -390.745139 -257.428484 -147.245793 -19.106831 35.620111 36.461659 38.093612 39.085856 42.548680 47.091681 50.676626 56.715738 75.772692 77.604847 77.009630 77.005535 76.774448 76.922970 76.814557 73.542799 70.098379 65.626729 65.614424 68.869970 68.673966 66.271099 63.672655 58.716276 52.114286 50.860610 50.479999 50.392140 50.099183 50.072764 50.605773 50.223578 49.826565 49.252447
-9999.0 -599.803830 -581.186133 -586.196841 -602.244785 -580.913673 -573.147192 -552.712398 -539.133384 -547.311773 -531.379115 -471.941228 -374.356184 -186.087571 -124.568865 -108.420030 -104.260492 -116.230133 -106.722534 -69.734407 -8.033387 36.244536 44.731154 60.135395 65.097319 65.049348 64.544313 64.872891 65.081165 64.931151 64.664427 62.727059 66.774663 68.594357 67.326410 64.635846 60.355906 53.263436 50.626204 50.422910 50.102877 50.278413 50.950997 51.215649 50.852514 50.528198 50.226861 49.846740 49.607570 49.211374 49.264285 49.125944 49.207261 48.847466 48.551602 48.447137 47.773642
-9999.0 -622.903816 -595.274737 -618.866094 -588.117747 -563.118003 -568.323033 -535.426941 -501.232059 -499.496109 -422.180232 -203.152260 -76.446535 2.281970 30.980661 36.309749 38.747827 41.198188 44.822784 46.607986 61.172255 74.123358 73.639551 72.636708 64.132510 64.232966 57.696806 49.438992 48.365635 47.551796 47.975089 49.167792 49.989180 51.119868 50.525740 50.705283 50.680651 50.247733 50.243605 49.480392 48.810149 48.353289 48.337954 49.657917 48.896794 48.787260 48.537532 48.184424 47.786682 47.452770 47.035735 46.544102 46.567703 45.952103 46.322436 46.130190 43.224699
-9999.0 -640.014303 -620.106767 -606.347352 -580.097686 -562.541168 -547.015673 -513.278885 -445.074650 -387.910959 -196.574733 -73.652699 17.596770 38.866702 46.646542 49.103876 56.071652 56.464770 56.605655 51.389736 45.803186 44.621298 46.290161 48.896413 49.415204 49.884959 48.520239 47.506818 47.394906 48.011953 48.149953 48.324589 48.353882 48.111837 47.582647 47.709603 48.571129 47.997309 47.445605 47.048265 46.733963 46.030566 45.487895 45.179058 45.098952 45.579920 45.097797 44.429220 43.859439 43.634559 43.224089 42.844240 42.870272 42.194623 40.956895 38.984302 34.647426
-9999.0 -681.240858 -613.072992 -606.397920 -590.848223 -586.807748 -583.694099 -555.652362 -518.345880 -392.515076 -124.854379 -28.176752 23.558470 33.459151 41.085747 49.039505 49.639645 44.622175 41.626494 39.832415 40.425028 41.503120 42.586407 44.495861 45.867150 46.692761 46.802096 46.066719 44.703550 44.387196 44.588385 43.917784 43.365595 43.576701 43.173312 43.792510 44.393269 43.182393 41.471231 38.926358 36.666506 35.117768 34.692115 34.898042 34.964139 34.766446 34.159807 33.333821 32.222334 31.273639 30.638295 30.089373 24.997136 13.409522 -6.714684 -39.497698 -81.509607
-9999.0 -9999.0 -643.219810 -605.784465 -602.154636 -597.496952 -593.765386 -570.608036 -549.153347 -476.176431 -395.929330 -199.487999 -123.612360 -85.763912 -35.847245 21.851759 31.377967 34.436753 30.862928 31.419561 31.871287 32.036401 32.882509 33.989089 35.389565 36.449543 37.308823 37.216057 36.210433 34.396412 32.311588 30.972521 30.189848 26.963136 30.474258 31.999836 31.465828 30.052259 14.086886 -17.626841 -44.999555 -64.632807 -70.792347 -70.931455 -70.957033 -73.191301 -76.862232 -86.772473 -96.045147 -105.178971 -108.336863 -112.787896 -120.453576 -138.579126 -174.113297 -272.207473 -359.643334
-9999.0 -9999.0 -688.697129 -624.848382 -600.596636 -584.466065 -588.000913 -586.866555 -553.445423 -540.794212 -521.607283 -488.115066 -449.220645 -410.374184 -352.388118 -191.312396 -144.838296 -130.070562 -125.158424 -120.142474 -107.999143 -96.881580 -89.203493 -79.765842 -67.500453 -54.537386 -45.723507 -58.347722 -70.831366 -86.120873 -102.347477 -118.708809 -126.641866 -131.904240 -128.343579 -123.066156 -128.644565 -142.531134 -175.751497 -267.103182 -333.172293 -364.208841 -372.010073 -373.909099 -373.876279 -377.504895 -382.662620 -396.106785 -410.767089 -420.381326 -427.830495 -434.862032 -439.371640 -449.155783 -460.885044 -467.811052 -480.901643
