tests/Borden05m/data_simulated/sim_1/output-maps/psiliqL0028N0014.asc
ncols         160
nrows         34
xllcorner     620200.000000
yllcorner     5168000.000000
cellsize      0.500000
NODATA_value  -9999.0
[rows 0 to 24 of 34, columns 55 to 109 of 160]
-9999.0 -9999.0 -9999.0 -9999.0 -9999.0 -9999.0 -9999.0 -9999.0 -9999.0 -9999.0 -9999.0 -9999.0 -9999.0 -9999.0 -9999.0 -9999.0 -9999.0 -9999.0 -9999.0 -9999.0 -9999.0 -9999.0 -9999.0 -9999.0 -9999.0 -9999.0 -9999.0 -9999.0 -9999.0 -9999.0 -9999.0 -9999.0 -9999.0 -9999.0 -9999.0 -9999.0 -9999.0 -9999.0 -9999.0 -9999.0 -9999.0 -9999.0 -9999.0 -9999.0 -9999.0 -9999.0 -9999.0 -9999.0 -9999.0 -9999.0 -9999.0 -9999.0 -9999.0 -9999.0 -9999.0
-9999.0 -9999.0 -9999.0 -9999.0 3797.616441 3792.342770 3787.643310 3783.186353 3774.726922 3765.397405 3757.615961 3753.392487 3752.178264 3751.313802 3750.620734 3755.389538 3763.408827 3770.969512 3777.752517 3780.118788 3782.403919 3784.152209 3784.300727 3783.132034 3779.849406 3776.450806 3773.023047 3771.259510 3763.994819 3752.891082 3744.647291 3741.958752 3746.085948 3750.396811 3752.842198 3757.902323 3768.215318 3778.766872 3787.340771 3799.997638 3807.187059 3812.555437 3815.072204 3811.091635 3807.856395 3803.852315 3797.544455 3786.435350 -9999.0 -9999.0 -9999.0 -9999.0 -9999.0 -9999.0 -9999.0
3742.560436 3760.886648 3781.985081 3785.056514 3773.250999 3768.128298 3764.993137 3763.366808 3759.198589 3750.712244 3745.592645 3740.068103 3737.259862 3737.209637 3737.006771 3740.537433 3751.324834 3759.022496 3763.482226 3766.072952 3768.892671 3767.058266 3766.177609 3765.906464 3762.946022 3759.396304 3755.963925 3754.056388 3755.641483 3748.022126 3741.925697 3737.935997 3734.762970 3737.526612 3740.255663 3745.016419 3754.117099 3761.965901 3769.897397 3785.200981 3798.497284 3804.260524 3801.711799 3797.191123 3793.377322 3785.855768 3774.994658 3765.065820 3757.240386 3751.306231 3746.001668 3739.499858 3746.019303 3754.127207 3763.395301
3725.735984 3744.874566 3765.328799 3767.809735 3757.584986 3749.913436 3742.753902 3743.284064 3746.889136 3743.662148 3738.769834 3730.488903 3740.689627 3741.575262 3742.126739 3745.209262 3746.806986 3752.154578 3754.434837 3759.681258 3768.571932 3771.316921 3771.658818 3771.611648 3769.528288 3766.178567 3764.119601 3761.249635 3755.901488 3753.948550 3753.460680 3751.984434 3755.912141 3757.425461 3760.513985 3755.205739 3759.761314 3766.018771 3773.005623 3778.365260 3784.426137 3786.731754 3783.447410 3784.285089 3775.977205 3762.387752 3752.773873 3745.523084 3746.148548 3743.293899 3735.416845 3721.597973 3730.160269 3746.429609 3751.307882
3730.161471 3738.987413 3749.299362 3751.668839 3746.580101 3748.879078 3750.636097 3751.732603 3749.764870 3746.074010 3741.249088 3751.263284 3759.306892 3760.538772 3762.795815 3766.695383 3767.682082 3756.898348 3754.841263 3761.862643 3771.319900 3776.281779 3776.369491 3775.870651 3771.848925 3770.584218 3770.329066 3768.524913 3767.746229 3769.109583 3766.252474 3768.895575 3774.313273 3777.679898 3772.864261 3764.567432 3767.037718 3775.605586 3784.886303 3792.518680 3802.609721 3813.301575 3813.799163 3809.476834 3801.075875 3788.836154 3766.578387 3749.432331 3738.502936 3730.431240 3723.217059 3726.739098 3721.850517 3736.151319 3738.041734
3714.212077 3735.440158 3755.244974 3760.721499 3754.651721 3751.072593 3750.014886 3750.561502 3749.342037 3749.323678 3757.374175 3768.773994 3779.386917 3781.178247 3782.792701 3781.294213 3773.948298 3763.559520 3760.994647 3773.933698 3790.665552 3798.385423 3797.642061 3792.670538 3795.110855 3795.430673 3796.257880 3793.118073 3793.597391 3790.536271 3795.218618 3802.893769 3810.990323 3809.695658 3797.239419 3784.756010 3784.922302 3790.814531 3798.351982 3806.148454 3816.281840 3825.300545 3820.546334 3815.721814 3808.787820 3783.667938 3761.771574 3747.917077 3748.319583 3749.233016 3744.941680 3743.173698 3742.726987 3739.170259 3739.584914
3749.327887 3768.186827 3788.401023 3800.862882 3794.594910 3787.192513 3779.000367 3779.089584 3779.020814 3784.446449 3794.342560 3806.282851 3827.577134 3826.461610 3826.427546 3824.420836 3811.205521 3797.812966 3788.006295 3810.726803 3821.868017 3828.752194 3825.451638 3829.773049 3838.190216 3834.759003 3828.732989 3816.375263 3821.859104 3827.482990 3842.642444 3850.769271 3856.283130 3851.173770 3836.829367 3829.895993 3831.900003 3839.048381 3840.811808 3850.120736 3858.639803 3873.529290 3872.055941 3869.627253 3850.130287 3813.074292 3784.532152 3773.146523 3785.444412 3779.980490 3773.647890 3774.134258 3763.573850 3757.009698 3760.015340
3779.462681 3792.243669 3808.179882 3824.466318 3814.962738 3804.893480 3787.899228 3784.358367 3788.005254 3798.193669 3815.486224 3832.718207 3852.060355 3849.278927 3841.213951 3850.887176 3843.824655 3832.746277 3825.343251 3848.390758 3858.191091 3868.196193 3873.305599 3885.959071 3896.238152 3878.639364 3860.779881 3849.552521 3856.876798 3883.428722 3906.686230 3911.467638 3910.201769 3909.107778 3892.794144 3888.221497 3885.315416 3886.511188 3884.363543 3882.815729 3909.261220 3931.575393 3931.527820 3910.172906 3887.524972 3847.260671 3809.355322 3786.111898 3801.094667 3797.553219 3801.446530 3792.032476 3780.834808 3775.080083 3773.647063
3826.638085 3847.213869 3863.089254 3885.185845 3874.637015 3850.647448 3833.425891 3835.742239 3849.505866 3857.805316 3876.870337 3893.012343 3918.067293 3928.883735 3939.008853 3942.979347 3936.161554 3927.695649 3915.864405 3922.282771 3947.325360 3958.968554 3966.987525 3975.066681 3987.792948 3987.380426 3979.788193 3977.745997 3982.327681 3996.863915 4012.244070 4019.036818 4021.752187 4023.914936 4009.171058 3995.808554 3994.463363 3989.487617 3989.077537 3988.531265 4001.350799 4023.348777 4019.865858 3981.535263 3954.525929 3918.767516 3879.910401 3850.630740 3846.031383 3866.928198 3865.990748 3849.926554 3840.690523 3815.959720 3812.469612
3893.988338 3926.811982 3950.913514 3960.675917 3967.374887 3951.164475 3948.625936 3952.953680 3961.651716 3964.628513 3970.991570 4003.584384 4037.433695 4061.975136 4084.692530 4091.753482 4079.163435 4069.399297 4055.627392 4046.939871 4059.153510 4076.977296 4094.898274 4109.780202 4121.182556 4123.032503 4121.395662 4121.428699 4124.750336 4127.783946 4132.351406 4141.265371 4149.021739 4157.495815 4165.057992 4153.834360 4136.742192 4127.920434 4119.607880 4119.444691 4121.240734 4125.928293 4127.093684 4108.706564 4064.674199 4032.239923 3999.776049 3981.360054 3969.096752 3970.792573 3952.516440 3927.579600 3874.955544 3837.790887 3806.790779
3978.335173 4023.480299 4052.892846 4069.239205 4081.783349 4077.987073 4079.912930 4080.829534 4084.364273 4086.403456 4088.537754 4116.308883 4158.994890 4199.141193 4230.950965 4230.231781 4215.756915 4204.266498 4195.382081 4180.333444 4176.313074 4189.890664 4206.177214 4227.343929 4237.675676 4243.183814 4239.417079 4239.614114 4241.689185 4244.118899 4246.353782 4250.336526 4260.534957 4276.295283 4291.467284 4290.244155 4270.164155 4251.924546 4236.037204 4234.328059 4232.429560 4227.555330 4230.209709 4232.187895 4214.566554 4181.818119 4140.851102 4100.376142 4084.965921 4070.520751 4059.673166 4042.212817 3998.665858 3928.869268 3887.522027
4094.365689 4130.221305 4159.630805 4190.286157 4204.728862 4206.170475 4203.236556 4201.644526 4208.771595 4210.999234 4215.984972 4232.756851 4266.842891 4303.952313 4334.546055 4349.795988 4341.258120 4322.215922 4298.971000 4288.226943 4284.994752 4288.970773 4299.143325 4313.066859 4333.526314 4353.793078 4359.688714 4360.612245 4357.874505 4360.396803 4362.074636 4362.215211 4365.547060 4374.876582 4385.391871 4388.946804 4380.496308 4358.253426 4333.903700 4322.989549 4316.795403 4313.502814 4315.008705 4320.838363 4324.658329 4309.000885 4271.595678 4225.310543 4195.525163 4181.259253 4168.693949 4154.162652 4141.062808 4105.123697 4083.124416
4205.044207 4220.934471 4250.149087 4279.786615 4302.434396 4317.018016 4316.839158 4319.484276 4324.382214 4331.353971 4346.508749 4370.984265 4391.350244 4415.466949 4443.465662 4460.697762 4465.927739 4463.834596 4459.136631 4460.209016 4460.612636 4388.930850 4395.990403 4403.039605 4422.541695 4439.744975 4446.042121 4446.769632 4443.867013 4445.889723 4446.762813 4446.601116 4446.221431 4449.106159 4454.898075 4457.111722 4454.375091 4440.269356 4462.122857 4441.260184 4427.331002 4418.866745 4410.402561 4402.106398 4392.567450 4382.443365 4361.247208 4329.083189 4294.004651 4273.306498 4265.802380 4259.488257 4250.299427 4244.227369 4226.440743
4304.613828 4315.247600 4334.291750 4357.915935 4393.698553 4418.390787 4430.181021 4439.812979 4444.565132 4459.042852 4476.617853 4458.017021 4467.525297 4477.364598 4487.140986 4490.498280 4491.459553 4491.015995 4488.571987 4487.685312 4485.070469 4481.852339 4471.120021 4472.759033 4474.818649 4477.474928 4481.269942 4480.215346 4481.375197 4484.345923 4482.515786 4476.315819 4472.105060 4470.525090 4471.656925 4479.189793 4482.777864 4483.781228 4479.833888 4478.830933 4477.690869 4473.798784 4468.939587 4462.089549 4453.327003 4470.912715 4458.243213 4428.807584 4386.477137 4343.396559 4336.829666 4339.723286 4339.280559 4337.830078 4332.081856
4434.927131 4449.223381 4464.632226 4437.810222 4463.377886 4476.462418 4482.580518 4487.112702 4490.060241 4493.706854 4490.746312 4487.827501 4482.865106 4481.206630 4479.822507 4477.352295 4477.970595 4476.080405 4471.950331 4467.752741 4459.379611 4447.554559 4436.371886 4432.543015 4436.783235 4442.564371 4447.935849 4452.705694 4456.541896 4456.290311 4450.614308 4441.992088 4434.281336 4432.673727 4439.683708 4445.502538 4452.367676 4453.300748 4451.897372 4449.274575 4448.910890 4445.423324 4445.563418 4452.832887 4468.047564 4470.078318 4476.832788 4475.870892 4456.818730 4422.319271 4438.291334 4418.046590 4424.567341 4419.837116 4408.312271
4481.673644 4484.844852 4482.978754 4482.038702 4475.520066 4469.363494 4468.550677 4472.606285 4479.720913 4480.718109 4473.593491 4464.868426 4457.493956 4449.830286 4447.380884 4446.949350 4446.763106 4447.338385 4441.993400 4432.247387 4414.717101 4403.056209 4391.963081 4386.004244 4381.746334 4384.849174 4396.484214 4409.336995 4414.500847 4404.548890 4395.795640 4383.627323 4375.502699 4375.996194 4376.751460 4386.434348 4404.073356 4412.374879 4413.215677 4406.405724 4399.430746 4392.582505 4389.277083 4395.685830 4411.219838 4428.519603 4444.759303 4454.251912 4462.159341 4469.510337 4466.690689 4469.827844 4471.554066 4469.116871 4473.126138
4476.378107 4469.252498 4462.128287 4456.718273 4450.256243 4444.996144 4443.091720 4444.814290 4446.498647 4442.162554 4435.781704 4425.727011 4414.559903 4404.760150 4396.729801 4397.768619 4400.147970 4401.953739 4394.385639 4378.679616 4360.612021 4347.006752 4333.052525 4329.085994 4322.908039 4314.408041 4324.448722 4344.877740 4352.564782 4335.799743 4324.621306 4309.116822 4302.679206 4298.451542 4299.067664 4307.934078 4331.178643 4356.538628 4358.874456 4347.622928 4336.430035 4331.756253 4328.450638 4332.749510 4349.337687 4370.582620 4387.176182 4397.964309 4403.336722 4411.154284 4420.627546 4435.504086 4450.842845 4463.619835 4467.496605
4450.814429 4443.008071 4435.293983 4427.592720 4420.651804 4414.383339 4410.020807 4408.037998 4403.738073 4397.524507 4390.402613 4368.168204 4355.539815 4342.279521 4326.950245 4322.869258 4317.581803 4318.474964 4306.807463 4299.265087 4283.160644 4267.752044 4252.063481 4238.000625 4232.260835 4225.341556 4222.304761 4235.363077 4243.680310 4235.014740 4225.437164 4215.260625 4211.107500 4207.735453 4210.373329 4220.909233 4239.960222 4258.302171 4267.151705 4260.005515 4259.666019 4260.315423 4258.754180 4265.346317 4275.494894 4293.222374 4316.168673 4335.987182 4346.151337 4352.964736 4362.107291 4376.690712 4391.008030 4405.616392 4424.012269
4420.110362 4410.699740 4400.681147 4390.828023 4380.220966 4369.555727 4362.874529 4365.760537 4359.762764 4354.195029 4329.696836 4272.397355 4250.454444 4231.147890 4214.569781 4207.510328 4198.742098 4180.656816 4172.029554 4167.964499 4172.138261 4158.457747 4140.900338 4122.823257 4117.981628 4114.577869 4095.273505 4088.522266 4088.468279 4107.569584 4101.819000 4101.627607 4104.498664 4102.168686 4103.049720 4115.656849 4122.464768 4126.906822 4133.898696 4140.262493 4151.833935 4160.503931 4172.344120 4189.967859 4200.419523 4215.370691 4235.607949 4261.889637 4278.006034 4287.610585 4297.972453 4313.292023 4329.469979 4347.411330 4369.969964
4385.152774 4367.957539 4353.091875 4338.621838 4325.807398 4312.822488 4296.301618 4298.320001 4296.377351 4285.590121 4227.476510 4186.930319 4152.627279 4135.558500 4111.460170 4097.324070 4079.650986 4038.352045 4020.140886 4020.984745 4038.185849 4036.142208 4021.257901 4009.898514 4000.196458 3990.206960 3971.349416 3950.238907 3956.666350 3976.690531 3978.974700 3983.570525 3992.402525 3992.220250 3984.737642 3980.069408 3991.579192 3996.464071 4008.061335 4027.316325 4032.473510 4050.793908 4086.467605 4099.197098 4114.255059 4132.275137 4152.373522 4174.345868 4197.475404 4211.725251 4227.037937 4245.400666 4262.034888 4282.254436 4304.673930
4333.268195 4301.385824 4279.865137 4262.251498 4242.649713 4214.212956 4194.218718 4191.918370 4185.849464 4154.394937 4100.544548 4065.956866 4044.006936 4022.275502 3999.507029 3974.534615 3934.698444 3899.175781 3877.001194 3895.336743 3907.652315 3921.983441 3911.278546 3901.056168 3891.659552 3872.626190 3855.460227 3837.868101 3849.546424 3858.280305 3879.976408 3887.757326 3891.791310 3898.547239 3897.026095 3884.654044 3876.949472 3884.795566 3894.529833 3906.882066 3930.428807 3967.463133 3992.266953 4010.699796 4031.035289 4049.224956 4070.081026 4092.630771 4115.496855 4132.486705 4150.549250 4168.653294 4189.273651 4207.807508 4230.011735
4250.352386 4222.130931 4195.977922 4172.768074 4139.884093 4091.746565 4077.436683 4068.383106 4044.285668 3994.095351 3952.613171 3935.280485 3925.016256 3902.313391 3882.182462 3852.833896 3818.410665 3798.143697 3777.692476 3789.242243 3800.659144 3823.215220 3815.464677 3809.928261 3807.911927 3792.570326 3779.555785 3762.677955 3768.732099 3781.547972 3806.720820 3813.260214 3817.630344 3827.694134 3827.027916 3821.772989 3801.904940 3808.060240 3818.856619 3833.695690 3865.570367 3887.537034 3909.446049 3931.106202 3949.998640 3970.994308 3992.520522 4014.907463 4041.139152 4060.354414 4078.950141 4100.065638 4118.564796 4131.607845 4146.370846
4140.124274 4116.798326 4098.182741 4074.236272 4029.938979 3986.032968 3943.580600 3914.324179 3858.654687 3823.626935 3807.128155 3810.527039 3800.418664 3782.154070 3764.602888 3746.493679 3726.322551 3709.169454 3684.414423 3690.784602 3707.985081 3726.299743 3729.846951 3732.345742 3731.655554 3723.156009 3709.969079 3696.465850 3700.334654 3718.042583 3736.418123 3747.241896 3755.286347 3763.071748 3762.610877 3752.181606 3741.487687 3745.744468 3761.132697 3776.877250 3793.104058 3812.746686 3832.653484 3852.384394 3874.160153 3895.890478 3917.857716 3941.783053 3967.824661 3988.688307 4011.620163 4035.231752 4050.381593 4057.623421 4063.257854
4036.773109 4018.839661 3996.440304 3969.033591 3927.088531 3888.377114 3848.351835 3799.395516 3766.961855 3739.811951 3736.610623 3723.294150 3712.485560 3700.285261 3681.426299 3667.041555 3654.459590 3634.392912 3627.264933 3635.755648 3649.876040 3657.691937 3666.058372 3664.667182 3662.971672 3658.227687 3644.513460 3642.119340 3652.657133 3667.839370 3681.215827 3693.150309 3700.043202 3704.786243 3701.481517 3691.819066 3689.382565 3697.258652 3712.305626 3724.881627 3738.254818 3757.736712 3776.368290 3796.729367 3817.913317 3838.550753 3861.622456 3885.423361 3910.242581 3936.534691 3957.518655 3974.169898 3981.176731 3988.965197 3985.596194
3912.855083 3903.527323 3878.434367 3850.667082 3823.194687 3792.503314 3770.881772 3741.302026 3712.996782 3685.839829 3661.384448 3651.870920 3648.191624 3637.484818 3622.658521 3613.472806 3599.571722 3592.659527 3601.327699 3602.766203 3610.475208 3608.225683 3609.758236 3607.951368 3607.904087 3606.649707 3602.081339 3615.463979 3621.750652 3634.756862 3644.498847 3654.206542 3659.721943 3662.941686 3664.208510 3660.355979 3666.538195 3671.847165 3684.665929 3694.909216 3707.068626 3725.644678 3741.106975 3758.413274 3779.043394 3800.373287 3822.446624 3846.433433 3872.846930 3895.739648 3911.350636 3915.800908 3922.960475 3921.693696 3907.637071
