tests/Borden05m/data_simulated/sim_1/output-maps/psiliqL0014N0012.asc
ncols         160
nrows         34
xllcorner     620200.000000
yllcorner     5168000.000000
cellsize      0.500000
NODATA_value  -9999.0
[rows 0 to 24 of 34, columns 56 to 111 of 160]
-9999.0 -9999.0 -9999.0 -9999.0 -9999.0 -9999.0 -9999.0 -9999.0 -9999.0 -9999.0 -9999.0 -9999.0 -9999.0 -9999.0 -9999.0 -9999.0 -9999.0 -9999.0 -9999.0 -9999.0 -9999.0 -9999.0 -9999.0 -9999.0 -9999.0 -9999.0 -9999.0 -9999.0 -9999.0 -9999.0 -9999.0 -9999.0 -9999.0 -9999.0 -9999.0 -9999.0 -9999.0 -9999.0 -9999.0 -9999.0 -9999.0 -9999.0 -9999.0 -9999.0 -9999.0 -9999.0 -9999.0 -9999.0 -9999.0 -9999.0 -9999.0 -9999.0 -9999.0 -9999.0 -9999.0 -9999.0
-9999.0 -9999.0 -9999.0 1026.350295 1020.972047 1015.947097 1011.295254 1002.652840 993.696679 985.629892 981.939972 981.307341 980.807818 980.678813 986.154776 994.400599 1002.258944 1009.597587 1012.193479 1014.795382 1017.160930 1017.774899 1016.689746 1013.587491 1010.407144 1007.112437 1005.671126 997.725688 986.438093 977.726230 975.010415 979.418686 983.861354 986.316120 992.050293 1002.667813 1013.343934 1021.746872 1033.513876 1039.210239 1044.093782 1046.744780 1042.338607 1038.484016 1034.340535 1028.880755 1017.667659 -9999.0 -9999.0 -9999.0 -9999.0 -9999.0 -9999.0 -9999.0 -9999.0 -9999.0
989.965108 1010.231897 1013.626445 1002.367055 997.567324 994.489528 992.702350 988.134447 979.765148 974.811864 969.716890 968.113441 968.479636 968.830290 973.181253 983.626702 991.804664 996.753287 999.459428 1002.253685 1002.028791 1001.638210 1001.468383 998.716672 995.405511 992.121674 990.410847 990.988975 983.462328 977.988817 974.563001 972.807107 975.319490 977.688062 981.104358 990.480969 998.511976 1006.529258 1020.734483 1033.000913 1038.015323 1035.192220 1029.870975 1025.682232 1018.541993 1008.081134 997.512102 987.795954 980.573881 974.684506 968.515981 974.115781 980.383613 989.809443 999.066350 1010.739115
975.006028 995.394033 998.451075 987.967099 979.969940 975.071254 975.573829 978.505007 975.333352 971.034809 966.199700 975.165853 976.773425 978.201430 981.762136 985.004228 988.485799 991.404644 996.947991 1006.117039 1009.013855 1009.703210 1009.984072 1008.271225 1005.257349 1003.539391 1000.874699 995.758489 994.675935 994.957671 994.645055 999.531968 1000.996740 1002.760833 996.109520 999.633649 1005.722182 1012.433630 1018.721540 1025.143193 1028.730897 1025.105233 1023.899266 1015.004743 1000.674295 989.141321 980.281238 978.125448 974.474363 966.103303 952.794484 959.445266 974.488477 978.583623 981.392213 992.608264
970.737906 982.752352 986.049881 981.381575 983.091281 985.011672 986.808687 985.563971 982.909007 981.153493 993.900817 1003.629327 1005.799573 1009.050926 1013.026444 1012.792847 1001.216583 999.039934 1007.425630 1017.889291 1023.816633 1024.222120 1024.291448 1022.254501 1021.342983 1021.062006 1018.987245 1019.725504 1022.154185 1021.999266 1026.519547 1032.143323 1035.031194 1027.390090 1018.249968 1019.074522 1026.737512 1034.798740 1041.958743 1052.327905 1063.272209 1061.891558 1055.796979 1046.180520 1032.001654 1007.953148 987.911999 976.386627 968.512147 960.629140 960.162809 956.315483 967.091027 968.118938 969.399342 976.983889
977.155054 998.709004 1006.914506 1001.458438 996.926639 994.692018 995.840634 996.356652 999.634510 1012.273844 1026.355261 1041.071551 1044.266964 1047.215899 1047.114955 1038.497837 1028.533751 1025.062722 1039.870439 1056.267280 1064.725391 1065.523071 1064.767405 1071.519737 1070.353503 1068.861934 1064.190014 1066.254923 1067.591811 1077.277114 1084.959494 1092.098951 1090.284448 1078.190843 1066.575446 1064.960978 1067.707878 1071.031094 1077.114529 1087.065801 1096.360323 1090.781979 1083.100295 1072.477351 1043.251254 1015.606698 998.105071 997.421960 996.749913 991.029077 987.078685 983.140849 975.545435 974.301702 972.705695 971.427938
1027.259240 1047.866799 1064.058672 1058.899047 1051.440182 1041.924139 1042.976736 1046.336391 1054.807461 1068.220888 1085.992448 1110.455805 1113.751532 1117.332244 1120.265288 1109.371960 1097.326024 1086.499162 1104.707708 1115.197877 1124.037159 1125.803884 1135.568541 1145.501935 1141.152018 1133.390062 1123.192002 1129.598318 1141.229081 1156.434291 1163.373731 1167.331739 1165.878417 1154.542977 1148.535182 1146.934506 1149.045441 1146.558628 1151.036057 1160.861081 1175.418540 1174.209081 1164.709807 1141.367268 1103.389617 1068.279410 1047.257914 1052.020574 1044.148709 1036.323936 1031.749069 1016.964191 1005.311564 1004.486864 994.082358 987.110930
1075.918300 1094.941075 1113.879058 1109.641376 1099.776982 1086.973791 1086.916570 1094.798379 1105.506671 1125.101892 1148.432529 1172.859166 1181.403981 1184.691131 1194.752619 1188.712515 1179.590397 1171.624159 1183.446268 1195.597469 1207.510597 1217.306194 1230.199613 1241.757207 1231.926483 1219.820687 1214.526804 1219.968812 1240.061724 1257.655095 1262.837078 1264.037595 1266.585525 1257.164966 1250.424143 1243.616722 1238.441530 1232.546979 1228.337968 1246.468798 1262.630493 1260.325362 1236.312279 1211.276901 1173.696766 1134.751462 1101.865308 1100.821173 1096.830072 1094.806854 1078.949958 1062.561010 1045.554940 1035.346067 1025.344450 1010.462143
1167.076055 1188.581701 1210.651495 1211.868006 1195.732399 1188.143978 1193.330290 1206.477123 1214.225450 1230.390705 1254.847623 1286.943213 1308.460093 1327.633594 1332.416746 1324.545645 1315.934660 1303.151573 1301.739938 1319.233561 1331.345861 1342.025942 1352.709754 1365.125894 1370.377397 1367.676618 1367.239576 1370.585132 1378.050530 1387.311820 1394.005788 1399.202228 1404.442256 1400.125577 1389.669125 1383.314834 1374.591713 1367.987599 1365.298811 1367.978943 1378.963185 1376.129779 1348.741648 1320.835269 1287.596057 1249.401165 1217.085577 1199.202857 1204.602100 1192.762166 1173.311206 1153.066718 1117.618425 1100.745779 1084.157100 1054.301983
1271.345353 1299.813864 1315.200054 1328.952769 1324.400907 1326.469608 1330.999322 1338.767021 1344.120214 1352.417550 1385.298623 1420.498712 1449.908109 1474.373428 1483.267350 1473.301526 1463.882493 1452.140426 1443.006416 1447.665305 1462.176519 1478.815941 1494.312312 1505.442852 1508.994757 1507.883445 1508.270933 1510.402676 1513.447404 1516.531451 1522.696299 1529.797414 1539.487722 1550.007233 1543.752647 1526.977655 1514.775414 1501.267570 1496.282449 1494.552866 1492.613355 1491.859140 1482.814803 1450.074701 1420.583534 1387.713624 1358.648059 1337.215249 1323.144768 1302.440044 1278.479974 1231.125612 1190.133799 1154.613739 1127.098068 1098.421596
1389.079466 1420.314134 1444.458736 1460.167380 1463.411998 1466.469549 1469.594579 1475.785574 1481.228595 1488.469881 1511.581011 1549.288610 1586.581451 1616.532001 1620.513273 1611.185323 1601.006446 1590.933709 1580.219666 1576.943300 1585.043169 1596.338165 1612.484956 1623.651944 1632.914545 1632.105462 1632.619860 1633.234528 1635.338323 1637.188589 1639.205742 1646.221483 1657.978045 1669.127403 1669.828513 1656.068796 1639.010863 1621.703958 1614.605725 1608.410893 1602.092986 1601.661272 1601.613671 1592.800717 1566.594926 1529.903445 1487.098505 1460.701500 1439.030184 1424.831130 1407.464551 1379.640238 1326.686473 1294.799994 1258.944178 1224.738428
1505.344028 1535.258807 1566.137682 1585.159489 1593.213515 1594.214426 1596.613104 1604.432498 1610.799193 1620.840210 1637.586915 1662.026542 1691.397051 1718.344374 1735.515018 1731.667783 1718.930891 1701.547580 1696.060927 1694.663298 1696.690059 1703.309036 1711.460825 1726.914054 1742.759116 1748.189841 1749.063446 1746.738174 1748.901050 1750.092790 1750.128699 1751.191498 1755.987915 1762.964975 1765.322648 1760.148286 1743.786921 1723.440372 1709.166402 1700.288170 1695.308731 1692.938986 1693.836031 1692.942750 1680.207900 1650.366492 1611.601191 1578.056829 1555.836044 1539.000305 1524.134211 1511.778248 1490.446045 1471.378180 1439.605697 1395.450258
1609.419553 1635.520752 1662.634557 1687.124791 1704.028871 1708.463048 1714.490707 1719.748117 1729.549406 1745.096667 1764.398824 1778.819625 1796.168803 1817.796584 1830.621844 1836.256866 1836.401576 1834.877166 1836.464251 1836.440285 1807.360497 1810.354126 1813.318657 1821.082686 1829.577676 1832.497048 1832.945703 1831.905214 1833.124636 1833.517507 1833.578838 1833.112565 1833.099607 1835.238543 1835.910862 1834.569031 1827.349847 1831.323061 1814.010953 1801.732763 1793.864227 1785.804798 1776.960039 1767.027360 1756.864484 1739.849988 1712.322589 1678.735463 1651.535269 1639.394314 1631.681620 1623.752739 1617.189821 1600.949331 1578.734269 1547.278906
1714.604020 1730.912979 1751.434091 1779.415322 1798.997496 1809.888443 1818.770588 1823.754702 1836.070037 1849.478291 1843.643573 1847.706645 1851.863625 1855.928231 1857.284376 1857.543917 1857.127364 1854.598459 1853.822045 1851.654350 1846.668467 1836.749148 1837.866366 1839.160367 1841.586408 1845.178454 1844.048313 1845.133033 1848.110347 1846.580372 1840.998429 1837.251411 1835.499181 1835.796859 1842.693516 1845.672792 1846.345274 1845.046042 1844.215348 1843.596473 1841.904349 1839.854715 1836.963985 1833.152670 1836.930601 1826.396913 1802.617725 1769.035291 1733.573428 1719.691291 1715.180806 1714.595954 1710.899711 1703.959465 1684.969554 1657.490998
1828.486047 1841.772042 1837.744305 1848.646336 1854.420909 1857.294148 1860.123296 1862.541667 1863.724999 1860.414687 1856.838630 1851.908695 1850.276664 1848.574623 1845.748655 1845.880836 1843.420035 1838.960155 1834.790879 1827.586274 1816.168117 1804.264468 1801.150431 1805.362515 1810.272774 1814.696009 1818.141413 1821.651373 1822.728558 1817.937960 1810.024041 1802.848050 1800.784775 1807.010040 1812.381218 1817.611727 1818.336028 1817.093804 1815.285295 1815.775466 1813.738085 1814.739756 1821.656352 1835.153362 1840.806872 1843.525260 1842.863935 1834.627756 1819.883403 1813.433858 1793.596386 1796.628251 1791.437177 1779.501957 1758.255326 1734.241997
1856.102722 1855.565417 1853.869946 1847.887476 1842.013552 1841.114678 1844.688263 1851.112858 1851.973332 1844.633859 1835.908475 1828.367499 1820.853559 1817.884049 1815.829776 1814.373787 1813.674080 1807.632426 1798.968488 1782.839845 1770.495484 1758.591546 1752.015749 1749.604373 1754.269922 1764.111128 1773.936328 1778.748854 1772.036519 1764.556955 1753.826306 1745.715568 1745.806086 1747.806967 1756.629310 1770.573649 1775.441715 1776.399893 1771.718904 1767.774653 1762.742912 1761.660307 1769.350551 1784.915995 1800.674355 1814.734916 1823.179742 1830.567254 1836.916676 1839.955950 1841.030466 1841.472327 1840.136474 1838.842110 1823.266954 1802.120013
1842.428662 1835.602129 1830.107653 1822.943622 1816.634945 1814.212768 1815.838820 1817.903958 1813.838964 1806.498081 1795.622310 1783.879203 1773.160671 1765.716624 1765.278366 1766.237851 1766.118086 1758.755609 1743.573046 1725.584930 1711.479292 1697.026093 1692.521692 1687.292963 1682.719897 1693.149602 1710.350683 1716.734322 1703.336209 1693.504278 1679.336586 1672.042876 1668.825907 1670.200495 1679.422867 1699.274285 1718.950429 1720.647310 1711.635786 1703.020551 1699.416585 1698.077579 1705.540821 1724.366891 1745.044978 1760.626635 1770.993949 1777.290356 1785.845522 1795.656435 1808.263243 1821.671826 1832.874644 1841.040975 1845.401426 1843.318824
1815.135224 1806.749165 1798.296181 1790.266194 1782.982731 1777.630078 1774.433564 1770.653582 1763.768109 1755.859572 1739.997476 1726.871035 1713.764562 1698.904061 1694.230387 1689.930785 1690.396749 1678.329244 1667.511436 1648.595084 1632.593960 1616.512766 1605.393337 1599.326897 1593.305975 1596.775878 1611.873926 1620.830200 1608.204402 1598.120084 1585.677852 1579.763110 1576.482738 1578.431769 1588.678290 1610.435646 1629.180084 1636.717455 1629.705393 1626.094412 1625.316941 1625.551128 1632.651932 1647.809783 1668.371802 1690.312675 1707.561016 1717.922777 1726.446919 1737.223216 1752.299120 1766.852487 1781.358946 1798.864014 1819.330656 1834.203612
1778.173001 1767.411208 1756.815389 1745.206114 1733.420968 1725.968937 1726.053716 1718.401120 1711.072843 1693.948806 1646.068786 1626.788530 1607.764730 1591.322809 1584.317387 1575.671417 1565.606625 1555.571677 1548.382821 1541.961327 1526.147875 1508.328549 1491.668624 1486.231273 1481.968751 1471.878738 1475.312488 1478.106075 1483.812793 1476.785526 1471.707564 1470.166762 1467.752166 1470.755363 1484.312254 1495.752714 1505.576652 1512.370803 1512.638040 1520.961488 1528.612526 1534.799002 1552.067326 1566.444495 1584.934806 1607.341505 1632.250546 1646.927704 1657.626974 1669.605013 1686.168119 1703.704841 1722.056095 1745.174142 1770.471307 1787.024086
1731.549886 1716.776610 1701.652727 1687.781583 1673.847667 1659.082748 1658.625274 1653.989523 1644.112031 1600.195934 1557.324206 1523.856690 1504.789117 1481.508054 1468.722214 1455.717633 1426.745195 1411.154242 1405.184942 1410.901964 1401.655049 1384.509626 1370.429172 1361.838030 1354.590324 1340.947510 1330.649382 1335.530383 1348.631291 1345.125669 1344.344182 1349.075514 1347.647506 1343.932231 1348.391390 1362.615121 1370.722091 1381.316721 1394.499165 1400.097750 1411.659699 1440.342967 1455.481647 1472.190912 1493.555842 1516.711406 1540.826157 1562.870748 1577.714681 1593.807106 1613.865959 1631.974197 1653.880445 1678.322980 1707.964654 1728.835812
1661.977852 1641.453787 1623.732180 1604.954488 1582.100314 1560.355460 1556.480559 1548.168083 1526.295052 1478.373726 1437.935251 1408.173531 1384.995863 1360.041240 1339.521576 1309.948501 1277.265262 1256.141564 1262.443799 1269.692744 1271.658589 1257.713542 1244.964465 1234.647705 1220.064136 1204.450035 1192.161902 1201.070228 1209.620784 1219.649045 1223.757052 1227.560573 1230.727840 1229.717315 1224.563070 1228.480112 1237.604706 1248.485880 1260.080693 1275.973539 1307.545961 1333.574516 1352.601835 1374.954925 1396.793530 1421.292246 1446.969775 1470.593219 1488.731759 1509.001919 1529.871987 1552.439737 1574.630673 1600.705388 1631.132328 1657.047648
1582.737457 1555.348428 1531.687834 1503.263686 1462.279357 1446.115458 1435.915116 1420.321560 1381.271049 1338.135686 1304.763924 1281.762906 1256.352786 1232.101397 1204.059542 1171.761343 1145.545013 1124.899285 1131.676721 1138.722187 1150.976887 1139.318804 1128.634525 1122.741456 1107.735070 1093.883053 1079.148601 1086.479485 1096.734481 1114.892016 1119.370273 1122.985177 1130.401492 1129.544446 1126.996117 1117.107431 1125.865574 1136.876821 1151.407808 1180.358206 1205.896983 1231.072727 1254.025968 1276.038389 1300.352017 1326.155518 1352.354600 1380.149567 1401.784279 1422.997277 1446.611300 1468.814379 1488.620023 1510.894141 1538.651334 1563.090868
1474.051170 1451.132049 1425.895095 1387.525834 1342.947812 1306.818365 1287.927874 1246.720342 1211.848394 1178.510031 1162.904191 1144.548739 1121.144531 1099.064449 1077.269464 1051.299873 1028.736118 1004.123709 1007.718228 1020.312792 1034.404712 1029.585626 1026.534962 1023.465223 1012.449097 998.778901 985.212308 988.842468 1004.303321 1021.321489 1029.221519 1036.092431 1043.767352 1043.981198 1036.949268 1028.616160 1034.525423 1049.287666 1066.074397 1087.359021 1110.558930 1133.640445 1155.693499 1180.089258 1205.459198 1231.355075 1259.232253 1288.390129 1311.230102 1337.327848 1364.210596 1385.596106 1399.659848 1415.082889 1440.624582 1460.957268
1366.568516 1341.403217 1313.656806 1271.899045 1229.167433 1185.899021 1144.647739 1110.548312 1078.826566 1062.107669 1042.872093 1024.867682 1006.492292 984.877954 965.311788 946.576684 924.211291 907.374090 912.659219 925.474599 935.891936 939.122751 936.105156 933.033558 925.745891 911.981743 902.935128 911.642216 926.960147 941.639018 952.094016 958.918194 964.941922 962.351523 954.214979 949.159409 957.577954 973.497164 988.705555 1006.319499 1028.496824 1050.677854 1073.595431 1097.694738 1121.914672 1148.664917 1176.352169 1204.677917 1233.044471 1258.861324 1282.823768 1296.302362 1310.059302 1318.971269 1336.806287 1357.230010
1240.978423 1214.516433 1185.464907 1151.942182 1113.189010 1082.513556 1049.453999 1017.667110 986.595401 960.305696 943.250063 933.312816 918.216742 898.832304 885.232182 868.130891 851.518386 852.087616 854.458658 864.897026 865.446292 865.956899 862.941634 861.819564 857.759816 847.839020 855.575494 862.910035 877.347713 888.037408 897.558874 903.794004 907.921922 908.142137 902.275498 906.377252 913.623244 928.403308 940.615954 956.028052 977.385192 995.607285 1016.007105 1039.277611 1063.462740 1088.947190 1116.158809 1145.578277 1172.338804 1193.996523 1205.554546 1218.600842 1226.377942 1222.678396 1238.913875 1256.194834
