tests/Borden05m/data_simulated/sim_1/output-maps/psiliqL0023N0004.asc
ncols         160
nrows         34
xllcorner     620200.000000
yllcorner     5168000.000000
cellsize      0.500000
NODATA_value  -9999.0
[rows 0 to 24 of 34, columns 55 to 109 of 160]
-9999.0 -9999.0 -9999.0 -9999.0 -9999.0 -9999.0 -9999.0 -9999.0 -9999.0 -9999.0 -9999.0 -9999.0 -9999.0 -9999.0 -9999.0 -9999.0 -9999.0 -9999.0 -9999.0 -9999.0 -9999.0 -9999.0 -9999.0 -9999.0 -9999.0 -9999.0 -9999.0 -9999.0 -9999.0 -9999.0 -9999.0 -9999.0 -9999.0 -9999.0 -9999.0 -9999.0 -9999.0 -9999.0 -9999.0 -9999.0 -9999.0 -9999.0 -9999.0 -9999.0 -9999.0 -9999.0 -9999.0 -9999.0 -9999.0 -9999.0 -9999.0 -9999.0 -9999.0 -9999.0 -9999.0
-9999.0 -9999.0 -9999.0 -9999.0 2800.694699 2795.348813 2790.466374 2786.082406 2806.435167 2797.582678 2790.102227 2786.478784 2785.879630 2785.561562 2785.495052 2790.943361 2799.455300 2807.481009 2814.708715 2783.003526 2785.038417 2786.927591 2787.172335 2785.973954 2783.005591 2816.253028 2813.076662 2811.629194 2804.296696 2793.271038 2784.968183 2782.338878 2786.594032 2790.946886 2793.405487 2798.670039 2808.987435 2819.418961 2790.743835 2802.522655 2809.266656 2814.582655 2817.294273 2813.330293 2810.056283 2806.184612 2800.615582 2789.567396 -9999.0 -9999.0 -9999.0 -9999.0 -9999.0 -9999.0 -9999.0
2773.416193 2792.352737 2784.800481 2787.916440 2805.484170 2800.688279 2797.884048 2796.540779 2792.394449 2784.326978 2779.683506 2774.721541 2772.732464 2773.247037 2773.685239 2777.974908 2789.117184 2797.409767 2802.444014 2805.722981 2808.841849 2807.848148 2807.412795 2807.443134 2804.769068 2801.239139 2798.034724 2796.393297 2797.794045 2790.351335 2784.583627 2780.857626 2778.192536 2780.785344 2783.483218 2787.766649 2796.884515 2804.650681 2812.576461 2788.507440 2800.864735 2806.486283 2804.002486 2799.390740 2795.969929 2789.077829 2813.028219 2802.772686 2794.160434 2787.403500 2781.358623 2774.347454 2779.865735 2786.640972 2795.327138
2758.342635 2778.115992 2799.274757 2802.323612 2791.945177 2784.435780 2778.470649 2779.418762 2783.204607 2780.452250 2776.221224 2769.562103 2779.588843 2781.125765 2782.463310 2786.270232 2789.136330 2794.323206 2797.232687 2802.911566 2812.010912 2815.015322 2815.738773 2816.080126 2814.383192 2811.356485 2809.640692 2807.054119 2801.969158 2800.470601 2800.361774 2799.356197 2803.565726 2804.416220 2807.713159 2802.013014 2806.145349 2812.138313 2818.172801 2824.077769 2788.075497 2790.641796 2787.431628 2788.092950 2818.517669 2804.389637 2794.062440 2785.941460 2785.150346 2781.477643 2772.823665 2758.511016 2765.675215 2780.790682 2784.707193
2765.511836 2775.096912 2786.418591 2789.543109 2784.991920 2787.543677 2789.872178 2791.754045 2790.580930 2787.790751 2784.551785 2795.867740 2804.012294 2805.878036 2808.982635 2813.613034 2815.766284 2805.319663 2803.624791 2811.312673 2820.346535 2825.721195 2826.157834 2826.137528 2823.103169 2822.229103 2822.217175 2820.541045 2820.487814 2822.370171 2820.578741 2823.970510 2829.542589 2785.332722 2826.969895 2818.351100 2820.224100 2828.487919 2789.864570 2797.042347 2807.017868 2817.978020 2818.052418 2813.417862 2805.273236 2793.097678 2812.793136 2794.264986 2782.324357 2773.596542 2765.548326 2766.921473 2761.624216 2773.890826 2774.736099
2757.768207 2778.170663 2798.240337 2805.092891 2799.781571 2796.457819 2795.601378 2796.987129 2796.998883 2798.747801 2808.990119 2821.792307 2787.734777 2789.290083 2791.078424 2790.262847 2832.410305 2822.497517 2820.012324 2833.970344 2798.849993 2806.227662 2805.866853 2802.255113 2806.116304 2805.820807 2805.754572 2802.000737 2802.960256 2801.366750 2807.728219 2815.322738 2823.035318 2821.173454 2809.306661 2797.235963 2796.885761 2801.780704 2807.547732 2814.863625 2825.088976 2834.426466 2829.695912 2824.275594 2816.543719 2790.931794 2815.572258 2800.775811 2798.941727 2798.411599 2793.715814 2790.467318 2787.932894 2782.121487 2781.266730
2799.884774 2820.157274 2796.367786 2809.325577 2803.053139 2795.288527 2786.308667 2786.416529 2787.211817 2793.311197 2803.989108 2817.485070 2838.991809 2838.953812 2839.795981 2839.235340 2827.070155 2814.029645 2803.741697 2824.695378 2834.981220 2842.322288 2840.609526 2846.679344 2855.491254 2851.639214 2844.928368 2833.268357 2838.966809 2846.587038 2861.613008 2869.201751 2874.102820 2870.307684 2857.121613 2850.649971 2851.526643 2857.041375 2857.450258 2865.194773 2874.361729 2889.388219 2888.401109 2883.999685 2863.827635 2827.247669 2798.019294 2838.795613 2794.276554 2788.570374 2831.569462 2829.495022 2816.539116 2807.415258 2809.223533
2791.806527 2805.473111 2821.426949 2837.994817 2829.827961 2819.379493 2803.476387 2800.766453 2805.471381 2815.325336 2832.834401 2851.565602 2872.023105 2872.649618 2868.110397 2877.421147 2870.614447 2860.101865 2852.374807 2871.252092 2881.657515 2891.944380 2898.459333 2910.987389 2921.574297 2906.670948 2890.813640 2881.630263 2888.164670 2912.246594 2933.318389 2938.123479 2937.677192 2937.884008 2924.122077 2918.931254 2914.829540 2913.947784 2910.652771 2908.346500 2932.025676 2952.437430 2952.044402 2930.401027 2907.745880 2869.534522 2832.286166 2807.035450 2816.758615 2813.932739 2816.991368 2806.137565 2793.927044 2785.384896 2832.805678
2845.366567 2868.191939 2885.130375 2906.252957 2899.204528 2877.462465 2863.181055 2866.028057 2879.051879 2886.588245 2903.965954 2922.330943 2949.107102 2963.025310 2975.770416 2974.786223 2972.206502 2963.550723 2951.267644 2954.758694 2976.886155 2983.320174 2991.978723 3000.777654 3013.235164 3014.727436 3008.788697 3007.221449 3011.243284 3023.125014 3036.192163 3042.851486 3046.407990 3049.682926 3038.748897 3026.565969 3023.608124 3017.486122 3015.082107 3014.029429 3023.560192 3042.051795 3039.378527 3005.724222 2979.406003 2950.429513 2912.927467 2883.644053 2875.352777 2891.757772 2888.130790 2871.965233 2859.895475 2832.414668 2825.548698
2917.743764 2950.723793 2975.300964 2981.442013 2989.724497 2976.920160 2975.351233 2979.123691 2986.879128 2990.079412 2996.466605 3028.425058 3061.984144 3087.537802 3110.266463 3117.470083 3105.567306 3095.731605 3082.538130 3073.547613 3082.894921 3099.286088 3116.566523 3131.525165 3142.733713 3145.128163 3143.619691 3143.707070 3146.519873 3149.468809 3153.427456 3161.305852 3168.807068 3177.478640 3186.156311 3176.823835 3160.252131 3150.395061 3140.440148 3138.831969 3139.725135 3142.496027 3143.529684 3129.161568 3090.010571 3059.669904 3028.161301 3007.088878 2992.731270 2990.089081 2977.153394 2953.820588 2904.346450 2867.168472 2835.716225
3000.966002 3043.499358 3072.462040 3090.569634 3103.395531 3101.359810 3103.008934 3104.093040 3108.003972 3110.716162 3114.132923 3139.671515 3179.701899 3218.211961 3248.817681 3249.374757 3236.469374 3225.276932 3215.848873 3202.244655 3198.386076 3209.906522 3224.321542 3243.627416 3254.207773 3261.016367 3258.259323 3258.510301 3260.003726 3262.256714 3264.303409 3267.560048 3276.624877 3290.984120 3304.785513 3304.346035 3286.649928 3268.982828 3252.792654 3249.442793 3246.379990 3241.425631 3243.476733 3245.312457 3231.520884 3201.928410 3163.675378 3123.376384 3105.105965 3089.216950 3078.436768 3062.287718 3025.703689 2968.624513 2931.789227
3115.058124 3147.273187 3175.670577 3205.562051 3220.883129 3223.988457 3221.817288 3221.072753 3227.943178 3231.205587 3237.581730 3253.929701 3284.126300 3318.012557 3346.882232 3362.498198 3355.436519 3338.535231 3317.323282 3308.414135 3305.807992 3309.074228 3317.971805 3329.837208 3348.501132 3367.166388 3372.834147 3373.682480 3371.058272 3373.389452 3374.854912 3374.952789 3377.499134 3385.260667 3394.583333 3397.803200 3390.633752 3370.639661 3347.904824 3336.048877 3329.223581 3325.693113 3326.210384 3330.722919 3333.383166 3319.397298 3285.441036 3242.682160 3212.476271 3196.368675 3183.358762 3170.090570 3158.374280 3128.808583 3108.970070
3222.353630 3236.999533 3264.354934 3292.427200 3315.113658 3329.939250 3330.862383 3334.236375 3338.871034 3346.531913 3361.543095 3383.888183 3401.859108 3423.284980 3448.762696 3464.249702 3469.532892 3468.210609 3464.659018 3465.958567 3466.274177 3409.882139 3415.569410 3421.229419 3436.582123 3450.680521 3455.733428 3456.306149 3454.021245 3455.717702 3456.405027 3456.341540 3455.974573 3457.885980 3462.445570 3464.188229 3462.033864 3450.482672 3466.077972 3446.654146 3433.524789 3425.497641 3417.413062 3409.188394 3399.842818 3390.138920 3371.000763 3341.150223 3307.347696 3285.153423 3276.884082 3270.992875 3263.171558 3257.838197 3241.539768
3320.185371 3330.712255 3348.242976 3370.289716 3402.831321 3425.286744 3436.385497 3445.440400 3450.041034 3463.576707 3479.537874 3465.396687 3472.881923 3480.627760 3488.324064 3490.967040 3491.723785 3491.374602 3489.018642 3488.320620 3486.040856 3482.377627 3472.107525 3473.695677 3475.563934 3478.159258 3481.848937 3480.706005 3481.780731 3484.723666 3483.012683 3477.080862 3473.099988 3471.528536 3472.430216 3479.796478 3483.214738 3484.140840 3481.186555 3480.301210 3479.403713 3476.339727 3472.514401 3467.121819 3460.223642 3473.065593 3461.455701 3434.442554 3395.737868 3355.989082 3347.474665 3348.407749 3348.595121 3347.031803 3341.580853
3441.030268 3454.257173 3468.593855 3449.668077 3469.795669 3480.096256 3484.912632 3488.735831 3491.443497 3494.207859 3491.162319 3488.090005 3483.260056 3481.762946 3480.435067 3478.020172 3478.660114 3476.776377 3472.761175 3468.837577 3461.175699 3449.798577 3438.627078 3435.257578 3439.610448 3445.119058 3450.119978 3454.343086 3457.988588 3458.184118 3452.860462 3444.566422 3437.130253 3435.434940 3442.223646 3447.919321 3454.206745 3455.043397 3453.657792 3451.259001 3451.096120 3447.976116 3448.235341 3455.181500 3469.622841 3472.859805 3478.177153 3477.419912 3462.421402 3435.262390 3443.589350 3423.881789 3429.557659 3425.089182 3413.901561
3482.734882 3485.231362 3483.762307 3482.549956 3476.271400 3470.292878 3469.544493 3473.543555 3480.552924 3481.671987 3474.682395 3466.222263 3459.110446 3451.866671 3449.608641 3448.962521 3448.673361 3449.134761 3443.890852 3434.905682 3418.279803 3406.776605 3395.741532 3389.822880 3386.383726 3390.102914 3401.073089 3412.767841 3417.724484 3408.904828 3400.656574 3389.090006 3381.057871 3381.474008 3382.713285 3392.093362 3408.373018 3415.363592 3416.117024 3409.879366 3403.726746 3397.190923 3394.278121 3400.712686 3415.845827 3432.234874 3447.406544 3456.311395 3463.906581 3470.863770 3470.169569 3472.639247 3473.998191 3472.079547 3474.384655
3476.870296 3469.999081 3463.141766 3457.944511 3451.536078 3446.231306 3444.472503 3446.490322 3448.643897 3444.751668 3438.411396 3428.506838 3417.641189 3408.071189 3400.811110 3401.856558 3404.229687 3405.821421 3398.786968 3383.733428 3366.177670 3352.841619 3339.092417 3335.222899 3329.572061 3322.563441 3332.746477 3351.971412 3359.133499 3343.554632 3332.897138 3317.938221 3311.257614 3307.429446 3308.323029 3317.281758 3339.225474 3362.402567 3364.290382 3353.532909 3342.855631 3338.059349 3334.874236 3339.679877 3356.445009 3376.880494 3392.562534 3402.704195 3407.984625 3415.726153 3425.043389 3438.865172 3453.293556 3465.320175 3470.601869
3452.152081 3444.464145 3436.891338 3429.388170 3422.594288 3416.523492 3412.355132 3410.470806 3406.877192 3400.945237 3394.089884 3374.739536 3362.587311 3350.079944 3335.622585 3332.009666 3327.717150 3329.056251 3317.807168 3309.620450 3293.008605 3277.844256 3262.413777 3249.710876 3244.073011 3237.604573 3236.939263 3250.719192 3259.239067 3249.157608 3239.417787 3228.461791 3223.698700 3220.354751 3222.710205 3233.061989 3252.931981 3271.192820 3279.257533 3271.734037 3269.679721 3269.153825 3267.490869 3273.482681 3284.631777 3302.595863 3324.428271 3342.606923 3352.176852 3359.004707 3368.185163 3382.410242 3396.306739 3410.398462 3428.046270
3421.955301 3412.821537 3403.094109 3393.611840 3383.353310 3373.038903 3366.811006 3369.410292 3363.522398 3358.017642 3336.852743 3283.659437 3263.454298 3245.072095 3229.371869 3223.145953 3215.204992 3200.709852 3192.239096 3187.643003 3188.556180 3174.589456 3157.614020 3140.387766 3135.594043 3132.066820 3116.165391 3113.099966 3114.077340 3128.392229 3122.175119 3120.222067 3121.489017 3119.074970 3120.623690 3133.431833 3141.692349 3147.758840 3154.267015 3157.906631 3167.616223 3174.823675 3183.733150 3200.275464 3211.169660 3226.431590 3246.497425 3271.358895 3286.084911 3295.263237 3305.433521 3320.455416 3336.393689 3353.775536 3375.858036
3387.835711 3371.978449 3357.820249 3343.871153 3331.504183 3319.045822 3304.035496 3306.058102 3304.036904 3294.448695 3242.289571 3201.822476 3169.042536 3152.225441 3129.386718 3116.685244 3101.653356 3065.617269 3049.100281 3048.157969 3061.802222 3057.678865 3042.444360 3030.509253 3021.531403 3012.774470 2995.962367 2978.823997 2984.741974 3002.281372 3002.468493 3005.092904 3012.386849 3011.663911 3005.392415 3003.783911 3015.978133 3021.623591 3032.336899 3048.740827 3053.215813 3068.079923 3100.161706 3112.617402 3127.117919 3145.178563 3165.213802 3186.547976 3208.187678 3221.610387 3236.214499 3254.231343 3270.479959 3290.419131 3312.705078
3338.366629 3308.276214 3287.870297 3271.080513 3252.730910 3227.301551 3207.746336 3205.968928 3200.190779 3173.243922 3122.845562 3087.315403 3063.706152 3042.597233 3020.178340 2997.952572 2967.954424 2934.310463 2913.214342 2927.808885 2938.771642 2949.112669 2937.673142 2926.931863 2917.537328 2900.360781 2883.945963 2868.361316 2879.076269 2887.712819 2905.179742 2911.571428 2915.435762 2920.808421 2919.338483 2909.361254 2905.530214 2913.448291 2923.075521 2934.486600 2954.423705 2983.585591 3007.536776 3024.881372 3044.592931 3062.664242 3083.431415 3105.715222 3127.519711 3143.646607 3161.278993 3178.949383 3199.156524 3217.943283 3240.508888
3261.117589 3233.559887 3207.832652 3185.470200 3155.572205 3111.198340 3097.532123 3089.354577 3069.582110 3024.668660 2983.933383 2967.205847 2953.518489 2930.915604 2910.346950 2882.964328 2850.363110 2828.793027 2808.932187 2819.285406 2829.552423 2848.795836 2840.011906 2832.979385 2829.878628 2814.907031 2801.778935 2785.776492 2792.312053 2804.182639 2826.779326 2832.499040 2836.504657 2845.509153 2844.633646 2840.152998 2823.581321 2830.289833 2840.662961 2854.299914 2884.276380 2906.378152 2928.325498 2949.248406 2967.943722 2984.239577 3005.676544 3027.839837 3053.020025 3071.576679 3089.645569 3110.259737 3128.781703 3143.011755 3159.267288
3155.985243 3132.519381 3113.356579 3090.114934 3049.315393 3006.651827 2973.077769 2948.787364 2899.510376 2866.246268 2844.918998 2842.773642 2830.779664 2811.677102 2793.949196 2835.035909 2812.052801 2792.011086 2766.351292 2770.858122 2785.679890 2801.921683 2802.069216 2802.287799 2800.522826 2790.950240 2777.461052 2763.843534 2767.573234 2784.468083 2802.403112 2812.287062 2820.081268 2828.059035 2828.132590 2819.269109 2809.825595 2815.127006 2830.713649 2792.904151 2809.788109 2829.843450 2849.543701 2869.025789 2890.535668 2912.141072 2934.117124 2957.973373 2979.456534 2999.318245 3021.740170 3044.900834 3060.787600 3069.056330 3076.816642
3055.895168 3037.146018 3014.882363 2988.713935 2952.879471 2914.136622 2874.445428 2829.992068 2798.672585 2832.643101 2823.363377 2806.579637 2791.729473 2775.886125 2754.979484 2739.130427 2723.606430 2701.802811 2690.307480 2696.845075 2709.815727 2718.016279 2724.131846 2721.840942 2719.408480 2713.570709 2699.706418 2694.856654 2704.724218 2719.971121 2733.870410 2745.387956 2752.425605 2757.848979 2755.074755 2746.286407 2743.289397 2751.746680 2767.326908 2779.886093 2795.046464 2815.917818 2788.749015 2808.770280 2829.682460 2850.484936 2873.666292 2897.551825 2922.144002 2947.762266 2969.021714 2982.920853 2990.662477 2999.085730 2998.617498
2940.118305 2928.886001 2904.277968 2877.608622 2849.312289 2816.975025 2793.770591 2819.416328 2788.850106 2760.288045 2733.944459 2720.323889 2712.935620 2699.150772 2681.536793 2669.979016 2654.078749 2642.848251 2647.837072 2648.904035 2656.985863 2655.236754 2656.009805 2653.463463 2652.795635 2650.362528 2643.764071 2655.097410 2661.852648 2675.427062 2685.575840 2695.333308 2701.284744 2705.045191 2706.195611 2701.926385 2707.715648 2714.092209 2727.958533 2739.115224 2752.851455 2772.802072 2788.695654 2807.526951 2788.128398 2809.283661 2831.326851 2855.404641 2881.746338 2904.831261 2921.373331 2927.037313 2935.094277 2935.883989 2924.349158
