tests/Borden05m/data_simulated/sim_1/output-maps/psiliqL0000N0004.asc
ncols         160
nrows         34
xllcorner     620200.000000
yllcorner     5168000.000000
cellsize      0.500000
NODATA_value  -9999.0
[rows 0 to 25 of 34, columns 57 to 113 of 160]
-9999.0 -9999.0 -9999.0 -9999.0 -9999.0 -9999.0 -9999.0 -9999.0 -9999.0 -9999.0 -9999.0 -9999.0 -9999.0 -9999.0 -9999.0 -9999.0 -9999.0 -9999.0 -9999.0 -9999.0 -9999.0 -9999.0 -9999.0 -9999.0 -9999.0 -9999.0 -9999.0 -9999.0 -9999.0 -9999.0 -9999.0 -9999.0 -9999.0 -9999.0 -9999.0 -9999.0 -9999.0 -9999.0 -9999.0 -9999.0 -9999.0 -9999.0 -9999.0 -9999.0 -9999.0 -9999.0 -9999.0 -9999.0 -9999.0 -9999.0 -9999.0 -9999.0 -9999.0 -9999.0 -9999.0 -9999.0 -9999.0
-9999.0 -9999.0 -496.642535 -497.968608 -498.725167 -498.947031 -500.736886 -501.955424 -503.610206 -503.649919 -503.286371 -503.629896 -504.539775 -503.671639 -502.644303 -501.856258 -500.491176 -501.071490 -501.038748 -500.484829 -500.322632 -500.536174 -501.146509 -501.438935 -501.837124 -500.748623 -502.773700 -505.408177 -507.422872 -507.762189 -505.782115 -504.746944 -505.199370 -504.400662 -502.479931 -501.015405 -500.998515 -499.193607 -500.182422 -499.565351 -498.027603 -499.172599 -499.201384 -498.650730 -497.680516 -500.744728 -9999.0 -9999.0 -9999.0 -9999.0 -9999.0 -9999.0 -9999.0 -9999.0 -9999.0 -9999.0 -9999.0
-497.435306 -498.073058 -504.834936 -505.130793 -504.983859 -504.417629 -505.048896 -507.151752 -507.407144 -509.060104 -509.825171 -510.033177 -510.839083 -510.481083 -507.751759 -505.915924 -505.589563 -506.281873 -506.717450 -507.496927 -507.978992 -507.761607 -508.365644 -508.868718 -509.431488 -509.057382 -506.876850 -508.869678 -509.773187 -510.803624 -512.084628 -511.748627 -511.486554 -511.499016 -509.019797 -508.439810 -508.261311 -505.088477 -502.121951 -501.571055 -503.041184 -504.397353 -503.629224 -503.263191 -504.154645 -504.934769 -504.107182 -504.359467 -504.324882 -505.532892 -503.634410 -504.125114 -502.297733 -500.943892 -499.389342 -496.602115 -9999.0
-502.236374 -502.849206 -507.684864 -510.426374 -511.176347 -510.411458 -508.110663 -508.742148 -510.383707 -513.163813 -510.242267 -510.773091 -511.154427 -510.760107 -509.908647 -509.564102 -509.231920 -508.823778 -506.440453 -506.870419 -507.161606 -506.997044 -507.371272 -508.101360 -507.872196 -508.184953 -510.346020 -509.882315 -509.298859 -509.882155 -507.777424 -507.759185 -506.379200 -510.261725 -509.772320 -509.205756 -509.012956 -509.112388 -509.115187 -508.698712 -510.397242 -508.893524 -509.762973 -512.105252 -512.061012 -511.148639 -508.159125 -506.548567 -507.778972 -513.104789 -510.353026 -504.638752 -505.528304 -506.928068 -504.564923 -502.328431 -498.556148
-509.602608 -510.562973 -512.500272 -510.213320 -508.425912 -507.327954 -508.261056 -510.194545 -512.732950 -508.232138 -506.726418 -508.056119 -507.640530 -506.292842 -506.059215 -511.838099 -513.356422 -511.418969 -509.514733 -508.844212 -510.063533 -510.640975 -511.703476 -511.590666 -510.809633 -511.303276 -510.369117 -509.701925 -511.001272 -509.763162 -508.308400 -506.637502 -510.063581 -513.085820 -512.853852 -510.304769 -508.660759 -508.171848 -505.938163 -501.927045 -502.682224 -503.312426 -503.052442 -502.395159 -506.615448 -510.667699 -512.185361 -512.777288 -513.982887 -512.605620 -513.711468 -509.019647 -509.597253 -510.574332 -508.639901 -507.428623 -505.669359
-509.865552 -508.904782 -512.036264 -513.477669 -513.998896 -513.426197 -514.156860 -514.343260 -510.636587 -509.221302 -506.141559 -508.057865 -508.150675 -508.296216 -511.889985 -514.372693 -516.274901 -510.682758 -506.542768 -505.546797 -507.190925 -508.675377 -504.632213 -505.853920 -506.109113 -508.469397 -507.692617 -508.620764 -504.701883 -503.539104 -501.488188 -502.369057 -506.303519 -509.538620 -509.493384 -509.128589 -509.752295 -509.114889 -507.043311 -504.163844 -506.764475 -507.189326 -505.620084 -511.862427 -516.412660 -517.481231 -512.676533 -509.914840 -510.145967 -509.472216 -508.947622 -511.999136 -511.139748 -510.749964 -512.428036 -509.158903 -505.925638
-503.474631 -498.761591 -502.441269 -504.502123 -508.716367 -508.104673 -507.824205 -506.811421 -505.679031 -503.041768 -496.574284 -499.276258 -499.386657 -496.889093 -500.615135 -503.836861 -509.616618 -503.204828 -502.637649 -501.299997 -502.505338 -498.334386 -494.639986 -497.494839 -500.906906 -505.331250 -502.931518 -497.928463 -493.577148 -493.250219 -493.197667 -492.278206 -495.669989 -495.847259 -496.009180 -495.029544 -497.397547 -497.444075 -494.182639 -487.977366 -486.981061 -488.757614 -493.264168 -501.165399 -508.459216 -512.126301 -505.187284 -506.788159 -507.291462 -505.660517 -508.930115 -510.536621 -506.698827 -509.397241 -511.536278 -506.763670 -506.678512
-505.488723 -500.651100 -503.403913 -507.454868 -511.976263 -511.912613 -509.406210 -508.859374 -504.791387 -499.503518 -493.566429 -491.122658 -489.211111 -484.777573 -487.347466 -489.904581 -493.722359 -493.068708 -488.723351 -484.913382 -480.796257 -476.511077 -471.147256 -474.455433 -478.651998 -478.997715 -478.267768 -471.642182 -466.344142 -465.197630 -464.512539 -460.977255 -462.674772 -466.057750 -469.991993 -473.923942 -477.406316 -481.170982 -474.537354 -468.082288 -468.255443 -478.251091 -484.278812 -492.624795 -500.880922 -511.023087 -509.112370 -506.052692 -503.061511 -506.877078 -507.765714 -510.736825 -510.630297 -509.297202 -513.578333 -510.824466 -510.680462
-485.182228 -479.604859 -477.328331 -484.555658 -485.325123 -483.029717 -478.706990 -478.989398 -477.030844 -466.908693 -449.607801 -428.784812 -409.080387 -405.592839 -412.938001 -420.351671 -432.771978 -442.945153 -436.530826 -425.240485 -414.245048 -404.165702 -394.461236 -386.506623 -385.807957 -385.334362 -383.748344 -382.664384 -378.964337 -372.541719 -364.375952 -354.125771 -349.167253 -359.637356 -370.476096 -381.345601 -390.666404 -393.789129 -397.603742 -394.338084 -394.384648 -407.533829 -426.795899 -447.293774 -464.121176 -475.368999 -484.025605 -480.030365 -484.377715 -487.315290 -490.378517 -501.229501 -502.586212 -502.891025 -513.180025 -513.918742 -510.639284
-452.071979 -442.931966 -427.937667 -424.354026 -420.725400 -418.646713 -415.120579 -412.029039 -407.658392 -380.894079 -328.321354 -211.054127 -159.154126 -143.742699 -150.295858 -161.991517 -187.737796 -243.596756 -247.681374 -187.421929 -155.638366 -136.881213 -128.195326 -126.575873 -128.403968 -128.256372 -127.150784 -124.658573 -122.902110 -118.417001 -112.062131 -102.529458 -91.545089 -95.834321 -110.763882 -120.829879 -132.153228 -135.756563 -135.923058 -139.518843 -141.078841 -148.610283 -197.726115 -304.554682 -365.744565 -399.694383 -421.262244 -441.333660 -451.839794 -458.354489 -475.015191 -487.717054 -497.481694 -504.980180 -513.693310 -514.412923 -501.874044
-353.427151 -287.370152 -200.696208 -167.686860 -157.926486 -153.930145 -149.332575 -146.166398 -140.635341 -123.524834 -82.611754 -28.566917 0.011910 0.028219 0.012438 -2.647494 -15.675009 -34.602521 -37.834180 -21.083643 -8.185701 0.008271 0.020013 0.033599 0.028456 0.029626 0.024174 0.028437 0.030600 0.027222 0.031825 0.041221 0.052915 0.066383 0.043112 0.031367 0.021328 0.022253 0.019006 0.013335 0.014866 0.003004 0.000011 -56.615168 -100.705429 -147.674465 -202.823467 -309.170385 -347.492960 -365.500107 -375.980754 -404.679681 -417.037494 -436.880352 -462.138065 -480.285261 -464.088793
-102.059396 -61.428967 -24.050309 -5.941022 -2.153936 -0.750915 0.007062 0.009933 0.016180 0.025709 0.036340 0.053788 0.074655 0.143283 0.107633 0.082404 0.060916 0.064147 0.062447 0.065192 0.074683 0.072706 0.088683 0.120727 0.138653 0.146702 0.091139 0.122163 0.136637 0.124145 0.101975 0.116905 0.149587 0.206540 0.152002 0.109713 0.085415 0.074010 0.071571 0.073145 0.071074 0.082301 0.083905 0.065972 0.037173 0.000597 -30.052840 -71.122545 -97.344638 -112.948818 -122.586893 -131.246570 -149.248774 -201.415881 -331.940891 -387.596471 -410.562011
0.025754 0.044000 0.063124 0.081474 0.076552 0.082790 0.076306 0.084587 0.101637 0.132733 0.149864 0.202965 6.941572 15.855024 20.252713 22.424985 22.161974 25.603527 24.054622 25.601338 24.930226 26.491785 26.166993 27.821305 29.834347 27.887291 29.725231 28.233147 30.063470 28.856106 29.807328 26.945127 28.098257 26.614020 28.097871 24.724250 18.112804 3.978492 0.267355 0.228272 0.200576 0.178765 0.155377 0.132578 0.103125 0.073730 0.055795 0.039690 0.038112 0.037586 0.032993 0.029071 -1.236042 -26.577700 -74.906699 -117.198336 -163.945974
0.086319 0.106653 0.155911 0.230213 0.370791 5.215587 8.915903 18.191406 28.907009 28.938246 31.142363 29.436252 31.254369 28.571698 31.407402 29.449704 29.162006 27.145919 27.973508 21.433944 13.848272 14.675524 15.875639 18.733375 21.006889 20.666917 20.276021 24.149805 21.735532 17.542008 14.193444 12.831652 12.642182 19.712144 21.460674 23.086171 22.828363 22.996941 22.459149 22.801765 22.391181 22.462666 22.671597 17.531938 10.113722 0.238985 0.125910 0.087401 0.077937 0.071042 0.113619 0.098393 0.094081 0.072351 0.049696 0.023206 -14.012295
21.117124 32.166443 30.214488 32.120782 30.387845 33.262455 32.846465 34.883860 28.789838 27.774814 21.888672 21.949690 20.080749 19.042069 18.760311 17.479165 13.791220 10.979365 6.255566 0.364382 0.201349 0.175466 0.240163 0.299793 0.389572 0.486701 1.623338 3.464838 0.523335 0.272640 0.201935 0.163150 0.250350 0.329161 0.618463 0.908068 0.562895 0.306956 0.546046 0.256641 0.253577 0.921253 12.250409 20.028697 19.657659 19.723420 19.779291 19.513323 0.453082 0.115995 0.343918 0.239119 0.179897 0.127577 0.103302 0.079696 0.065070
25.420888 21.978381 17.694886 12.030703 11.612841 15.098284 21.776479 22.463722 16.946544 9.773758 3.778745 0.390066 0.354559 0.347211 0.360637 0.531889 0.297425 0.243389 0.176912 0.163745 0.144154 0.136708 0.115325 0.124735 0.148563 0.186648 0.313758 0.174272 0.160872 0.134152 0.109615 0.122348 0.124827 0.135370 0.185550 0.226132 0.282505 0.174111 0.168007 0.138559 0.104254 0.130208 0.173280 0.230453 0.341104 0.863137 6.946112 12.365655 19.345947 19.452502 19.130963 19.308017 15.032163 2.930000 0.214145 0.152039 0.117436
5.776867 1.429157 0.361612 0.263704 0.216410 0.351252 0.675338 0.380313 0.272412 0.205294 0.171766 0.144678 0.114086 0.145522 0.159825 0.228783 0.157356 0.128498 0.109669 0.104343 0.088465 0.100012 0.087266 0.060456 0.079338 0.111305 0.174143 0.094059 0.092519 0.076141 0.072418 0.064233 0.068140 0.071795 0.089474 0.146911 0.170250 0.106657 0.095226 0.092168 0.071456 0.085727 0.108597 0.134802 0.156378 0.175075 0.177444 0.194394 0.217717 0.263118 0.512441 7.762631 18.149003 18.474041 18.220944 18.395728 2.923116
0.265857 0.235541 0.215723 0.194102 0.180076 0.235785 0.203726 0.171493 0.152562 0.124376 0.113595 0.101066 0.078792 0.083989 0.068655 0.107880 0.067642 0.063073 0.047446 0.041224 0.030801 0.027268 0.023025 0.009555 0.015829 0.031940 0.057712 0.025056 0.021235 0.006877 0.003233 -0.109847 -0.680044 0.002126 0.026414 0.045357 0.067481 0.042629 0.038686 0.038489 0.035026 0.040629 0.054028 0.067982 0.084941 0.106425 0.118024 0.122031 0.125853 0.142291 0.155885 0.170614 0.206033 0.367928 7.496545 15.172701 20.832573
0.187913 0.174454 0.153762 0.126569 0.096451 0.193554 0.128795 0.117996 0.087397 0.038310 0.033375 0.016999 -1.764023 -7.734683 -25.528880 -51.969290 -74.245514 -85.029394 -94.091994 -107.629200 -121.691730 -134.221732 -137.526417 -140.945620 -146.801862 -140.565898 -138.051870 -138.180527 -142.379979 -146.727093 -149.008636 -150.587972 -146.947061 -136.466095 -129.267787 -122.325827 -118.741266 -122.171650 -115.139206 -107.152310 -100.761316 -74.343273 -39.118178 -12.109181 0.014943 0.043752 0.059157 0.067851 0.072316 0.085456 0.099296 0.110127 0.127178 0.162383 0.196609 0.222531 0.270268
0.126076 0.108359 0.095156 0.079410 0.054755 0.089157 0.070364 0.054725 -5.911893 -53.447941 -101.802875 -124.240894 -145.282300 -160.853400 -191.321703 -280.854836 -325.558946 -344.238794 -346.640227 -364.050976 -382.554645 -395.644162 -400.662672 -403.234021 -409.537878 -410.420101 -407.676238 -401.800436 -409.347145 -414.454998 -414.489225 -416.906720 -417.006734 -407.724784 -395.032985 -387.820372 -381.287897 -375.889944 -374.264121 -371.942733 -345.953734 -310.963525 -220.491318 -159.130732 -124.592969 -93.640636 -55.442765 -21.220484 -1.875949 0.029624 0.044279 0.060190 0.071519 0.098239 0.120589 0.137282 0.144413
0.054271 0.040102 0.021749 -7.301216 -37.905734 -59.696981 -79.818296 -104.925197 -161.328370 -260.445520 -357.657349 -385.323138 -404.712296 -414.136953 -427.243453 -447.838797 -458.613823 -458.053721 -454.513216 -457.312835 -464.299549 -469.157664 -471.924364 -474.828665 -479.739431 -482.772721 -479.069871 -476.084274 -476.795574 -477.145373 -476.055368 -476.419738 -477.061265 -478.360991 -472.980755 -470.325420 -467.274273 -465.434536 -465.620225 -455.094222 -444.681720 -437.048771 -420.441837 -400.686224 -376.934933 -340.867419 -266.779820 -179.841513 -137.653184 -108.177064 -71.417840 -28.243131 -1.318095 0.035902 0.060373 0.073351 0.081786
-52.974296 -93.248995 -124.869753 -169.821680 -224.220726 -287.211317 -314.422893 -360.343156 -400.673032 -434.957425 -453.259144 -462.491514 -469.837154 -476.401329 -484.234447 -491.814035 -496.755091 -492.166827 -490.431330 -486.430075 -491.378679 -494.894424 -494.832579 -498.039524 -500.711815 -505.323450 -501.337067 -500.331812 -496.083951 -497.089527 -497.381979 -495.419710 -496.530399 -496.857372 -500.346457 -497.628079 -496.872733 -496.080407 -489.375410 -483.869365 -478.363042 -474.060372 -468.931538 -461.596182 -452.101070 -440.507281 -423.533865 -404.666671 -384.981109 -355.964096 -294.817243 -187.335779 -135.890315 -98.235070 -57.599477 -19.846982 0.010991
-261.658238 -343.964895 -383.967558 -417.982828 -437.846525 -440.410038 -453.141845 -465.084094 -481.153267 -486.275753 -488.988388 -493.265090 -496.025765 -497.842062 -502.538318 -505.476044 -511.618225 -508.777658 -505.439175 -500.250491 -504.582077 -504.745059 -503.261275 -505.271259 -507.347634 -511.537370 -511.004061 -507.897195 -504.155893 -504.909264 -504.404202 -502.129346 -502.023651 -503.808660 -507.793938 -507.178537 -505.361370 -503.981268 -500.525420 -497.738709 -495.137956 -493.209442 -489.784308 -485.574334 -481.071579 -474.860445 -466.791212 -461.729846 -452.238787 -439.767959 -424.311861 -406.097581 -384.505003 -345.307563 -273.397025 -179.044838 -133.593572
-426.457419 -441.998702 -458.910337 -473.040308 -485.839100 -492.818409 -498.460377 -503.673432 -503.903048 -504.745346 -506.569508 -507.966108 -509.683937 -511.258323 -512.355621 -514.927645 -521.486079 -518.531223 -514.834374 -510.497288 -510.340463 -510.678787 -510.062849 -510.760987 -513.521893 -519.007688 -516.758242 -513.806821 -511.235738 -510.699153 -510.430487 -508.683063 -510.040871 -512.689299 -516.717585 -515.223481 -512.673534 -511.749478 -510.594341 -508.589195 -506.505165 -504.582589 -502.299642 -500.196692 -496.895033 -493.139419 -488.735617 -483.594811 -477.604249 -469.556744 -466.851950 -461.779877 -456.396807 -445.978089 -431.650537 -409.800895 -386.672046
-475.274067 -480.955484 -487.790419 -496.066973 -499.096876 -502.233705 -504.852428 -507.979263 -509.579460 -510.926695 -508.872740 -509.204238 -511.790886 -510.913343 -512.018655 -517.339299 -514.933632 -513.343154 -508.828909 -509.948050 -510.249281 -511.316529 -510.435482 -511.000019 -516.465768 -513.524961 -512.519000 -509.618991 -509.475187 -509.123466 -508.835624 -508.393835 -509.034468 -512.920896 -512.063745 -511.271947 -508.771152 -509.309981 -508.869336 -506.379001 -506.436961 -505.553813 -503.993805 -502.450595 -500.549986 -498.108715 -494.065022 -489.837428 -485.577555 -485.459625 -482.567906 -479.961823 -484.424940 -478.822412 -474.228141 -469.132415 -460.174540
-496.124417 -499.237582 -502.086594 -504.997954 -507.650586 -510.368827 -512.172996 -514.763481 -517.748419 -515.077645 -514.324364 -514.076965 -514.346661 -515.090110 -517.343883 -514.032329 -513.570889 -513.846479 -514.277272 -514.374128 -514.019557 -514.569724 -514.873515 -514.666637 -512.315810 -512.082381 -513.016627 -512.405353 -512.018210 -511.515073 -512.604207 -512.488517 -512.470957 -511.631964 -511.816349 -512.640781 -511.552563 -511.544432 -511.628161 -510.880039 -510.650453 -510.279592 -508.949456 -508.370697 -507.501443 -505.018184 -501.685193 -499.789534 -500.634156 -498.722018 -497.952107 -500.329452 -502.291897 -499.301052 -496.746317 -495.151351 -489.795678
