tests/Borden05m/data_simulated/sim_1/output-maps/psiliqL0018N0014.asc
ncols         160
nrows         34
xllcorner     620200.000000
yllcorner     5168000.000000
cellsize      0.500000
NODATA_value  -9999.0
[rows 0 to 24 of 34, columns 55 to 109 of 160]
-9999.0 -9999.0 -9999.0 -9999.0 -9999.0 -9999.0 -9999.0 -9999.0 -9999.0 -9999.0 -9999.0 -9999.0 -9999.0 -9999.0 -9999.0 -9999.0 -9999.0 -9999.0 -9999.0 -9999.0 -9999.0 -9999.0 -9999.0 -9999.0 -9999.0 -9999.0 -9999.0 -9999.0 -9999.0 -9999.0 -9999.0 -9999.0 -9999.0 -9999.0 -9999.0 -9999.0 -9999.0 -9999.0 -9999.0 -9999.0 -9999.0 -9999.0 -9999.0 -9999.0 -9999.0 -9999.0 -9999.0 -9999.0 -9999.0 -9999.0 -9999.0 -9999.0 -9999.0 -9999.0 -9999.0
-9999.0 -9999.0 -9999.0 -9999.0 1832.869819 1827.606789 1822.833454 1818.454390 1810.124354 1801.318754 1793.587368 1789.994959 1789.441539 1789.080423 1789.029224 1794.534269 1802.931573 1810.896039 1818.234026 1820.889888 1823.519969 1825.826043 1826.423664 1825.433194 1822.404103 1819.292247 1816.064927 1814.617505 1806.938062 1795.759056 1787.217701 1784.523682 1788.841578 1793.215208 1795.617971 1801.081601 1811.493412 1821.961243 1830.173367 1841.925159 1847.774617 1852.521221 1854.857538 1850.302786 1846.375647 1842.065363 1836.216976 1824.948846 -9999.0 -9999.0 -9999.0 -9999.0 -9999.0 -9999.0 -9999.0
1777.659439 1796.755675 1817.437269 1820.838648 1809.354435 1804.556018 1801.632749 1800.108908 1795.900059 1787.751166 1783.004598 1778.035404 1776.329676 1776.818301 1777.252738 1781.608965 1792.382238 1800.629990 1805.616580 1808.439314 1811.366277 1810.795781 1810.375460 1810.284719 1807.578846 1804.300117 1801.064901 1799.378098 1800.311444 1792.810121 1787.191028 1783.614176 1781.440106 1783.991531 1786.418788 1790.148832 1799.337966 1807.161326 1814.943939 1829.204796 1841.494099 1846.443367 1843.415563 1838.043424 1833.700703 1826.234282 1815.501685 1805.008693 1795.846522 1788.789786 1782.755585 1776.122793 1781.590222 1787.985557 1796.982420
1762.486730 1782.122718 1802.753618 1805.819251 1795.532665 1787.796924 1782.464078 1783.215639 1786.596535 1783.671552 1779.460240 1773.883526 1783.433736 1785.069372 1786.488894 1790.162584 1793.185281 1797.426563 1800.353556 1805.962979 1815.167079 1818.120269 1818.805990 1819.086587 1817.358939 1814.337346 1812.606408 1809.958844 1804.837178 1803.548059 1803.631769 1802.988639 1807.584816 1809.032117 1811.134455 1804.806202 1808.531982 1814.536621 1821.151623 1826.958689 1833.020505 1835.959092 1832.138340 1831.224642 1822.218158 1807.852226 1796.650093 1788.045794 1786.478386 1782.768600 1774.190464 1760.346923 1767.134079 1782.116142 1786.038465
1768.924627 1778.536225 1790.316901 1793.578708 1789.009376 1791.127354 1793.263980 1795.137721 1793.966656 1791.288624 1788.910247 1801.107527 1810.570997 1812.690253 1815.883909 1820.079595 1820.449903 1809.338028 1807.396112 1815.542882 1825.824496 1831.555223 1831.939746 1831.915187 1829.382922 1828.449053 1828.255585 1826.327922 1826.680609 1828.826472 1827.898774 1831.869126 1837.418098 1840.430347 1833.542321 1824.588378 1825.814785 1833.644494 1841.935754 1849.040129 1859.074037 1869.655094 1868.514930 1862.640266 1853.096601 1839.204801 1815.392291 1795.904941 1784.240724 1775.956771 1767.879842 1768.141786 1763.570354 1774.926102 1775.784918
1764.594980 1783.638273 1804.959862 1812.646060 1807.286687 1803.321414 1801.732514 1803.018463 1803.334582 1805.940275 1817.501503 1831.019955 1844.772412 1847.746924 1850.490203 1850.177216 1842.127678 1832.273483 1829.275586 1843.719579 1860.347782 1868.653769 1869.037786 1867.101726 1872.661939 1871.982973 1871.226583 1867.050989 1868.685969 1868.749786 1876.962507 1884.591483 1891.957596 1890.257266 1878.025449 1866.139785 1865.002962 1868.584240 1872.996354 1879.372538 1889.104797 1898.018390 1892.392210 1885.284761 1875.504522 1847.236722 1820.968428 1804.231737 1803.528941 1802.933706 1797.218014 1793.474955 1790.108990 1783.239223 1782.045705
1809.343907 1830.522749 1851.302088 1866.691148 1861.499904 1854.379049 1845.578976 1846.682765 1849.355617 1857.194773 1869.764619 1885.956271 1909.563093 1911.639957 1914.261409 1915.917971 1904.588942 1892.421240 1882.119057 1901.772995 1912.514980 1920.764818 1921.029395 1929.197582 1938.692007 1934.645575 1927.441979 1916.668740 1922.801121 1932.646308 1947.736333 1954.910329 1959.220331 1956.652715 1944.439083 1938.190592 1937.650043 1941.178511 1939.804884 1945.461275 1954.626660 1968.971584 1967.438989 1959.806825 1937.489088 1899.733014 1866.394221 1847.932209 1854.611996 1847.093233 1839.291811 1835.779641 1821.819065 1811.225494 1811.084934
1856.717754 1873.762367 1892.045577 1910.369638 1904.849814 1895.228859 1881.561659 1880.824297 1887.759776 1898.498361 1917.488848 1938.989015 1961.791112 1966.958173 1966.957821 1976.991091 1970.892619 1961.488571 1953.927782 1969.099639 1980.597192 1991.879277 2000.233994 2012.979449 2024.140595 2012.118298 1998.418608 1991.456030 1997.401444 2019.235080 2038.309482 2043.245060 2043.612761 2045.000144 2033.584484 2027.523863 2021.928799 2018.593379 2013.680528 2010.032590 2030.249059 2047.868414 2045.993272 2022.657697 1998.346105 1960.131877 1921.607262 1891.487312 1894.920691 1890.855380 1890.280979 1876.023813 1860.861094 1846.760637 1838.673496
1928.497579 1955.505480 1975.336062 1997.413967 1995.406400 1977.281351 1967.240992 1971.893437 1985.449792 1993.497461 2010.480867 2032.364120 2062.128835 2080.354901 2096.892296 2101.620455 2094.148887 2085.774553 2073.475136 2074.452421 2094.197421 2106.313719 2116.256044 2126.186180 2138.697959 2142.358843 2138.282560 2137.401420 2141.087018 2150.491972 2161.407782 2168.046028 2172.442652 2176.668295 2169.332791 2158.076871 2153.243950 2145.577666 2140.621741 2138.338203 2143.651040 2157.508235 2154.263294 2123.601487 2095.876280 2061.881824 2023.673234 1992.348914 1978.258489 1987.998654 1979.195932 1960.674520 1943.530442 1911.041203 1897.795427
2017.706110 2052.960754 2080.075260 2094.009388 2105.938660 2098.296507 2099.320528 2104.065757 2112.351191 2117.221033 2125.048912 2157.770432 2192.384019 2220.279877 2244.244863 2252.744973 2242.154513 2232.799643 2220.639191 2211.748774 2218.648192 2234.203749 2251.261930 2266.616701 2277.849120 2280.910874 2279.583166 2279.862112 2282.366825 2285.323875 2288.772103 2295.726182 2303.118909 2312.812884 2322.569643 2314.771959 2297.502175 2286.115140 2273.929693 2270.132091 2269.198642 2268.924731 2268.489833 2256.566369 2220.422667 2189.981394 2157.278599 2131.244273 2112.312116 2102.552914 2082.311690 2058.077356 2009.271612 1969.383527 1935.106143
2122.825450 2165.352044 2196.137912 2218.266095 2233.289832 2234.753849 2237.731667 2240.487289 2246.196710 2250.933196 2256.923582 2281.533226 2321.109863 2359.390772 2389.954636 2392.704085 2382.034624 2371.612201 2361.980845 2350.087978 2346.628965 2356.326864 2369.069990 2386.672887 2397.605148 2405.733846 2403.847701 2404.227520 2405.389783 2407.404551 2409.295828 2411.893624 2419.916237 2432.988200 2445.329537 2445.380908 2429.616621 2412.200978 2395.179391 2389.479762 2384.379095 2378.312125 2378.561544 2378.860686 2367.274812 2338.874565 2300.456085 2258.061606 2234.559101 2214.693595 2201.196683 2183.668532 2151.157288 2093.039598 2058.258043
2249.332362 2280.356823 2310.887962 2342.150181 2360.090295 2366.451742 2366.525734 2368.009983 2375.904115 2381.375593 2390.202363 2407.048137 2434.518284 2466.260726 2494.327503 2511.040229 2505.960595 2491.510847 2472.500393 2465.519169 2463.585743 2466.162402 2473.784781 2483.581689 2500.470193 2517.669422 2523.743604 2524.593711 2521.686383 2524.401284 2525.850183 2525.978756 2527.752630 2533.909536 2541.887949 2544.472094 2538.038258 2519.195332 2497.426900 2483.982694 2475.791956 2471.188772 2469.761196 2471.853105 2472.058131 2458.231932 2426.040808 2384.935882 2352.247050 2332.063419 2316.035956 2300.539949 2287.509758 2261.547148 2241.289806
2367.520791 2383.040865 2410.603946 2438.830436 2462.917135 2479.318775 2482.600963 2487.858271 2493.266845 2502.568530 2518.408769 2540.131891 2556.640655 2576.067321 2599.557579 2613.673958 2619.226057 2618.739136 2616.273221 2617.642858 2617.656560 2576.333040 2580.410849 2584.465797 2595.506067 2606.443676 2610.366338 2610.792252 2609.056711 2610.588716 2611.188544 2611.252919 2610.879376 2611.739978 2614.920506 2615.951628 2614.020823 2604.507236 2613.411097 2595.003215 2582.220459 2574.130214 2565.860684 2557.032444 2547.015905 2536.516203 2517.470712 2488.368199 2454.199826 2428.778716 2417.697882 2409.915387 2401.168280 2394.276454 2377.164290
2474.898825 2487.018011 2504.598965 2526.516959 2557.664826 2579.071053 2590.407360 2599.661631 2604.757861 2617.895374 2632.743014 2623.623767 2629.445586 2635.303028 2641.005520 2642.908862 2643.322113 2642.813724 2640.188738 2639.234557 2636.791835 2632.183200 2621.905703 2623.035620 2624.390823 2626.712848 2630.191898 2628.896377 2629.850032 2632.802432 2631.236549 2625.570833 2621.783778 2620.154255 2620.718380 2627.773844 2630.836176 2631.479394 2629.353177 2628.462430 2627.708628 2625.391840 2622.513739 2618.443144 2613.147088 2620.742231 2609.349358 2583.804990 2547.474001 2509.125658 2497.060253 2494.345647 2493.416865 2489.932358 2482.911896
2596.028399 2609.329655 2623.581556 2613.416673 2628.934424 2637.041053 2640.979473 2644.390266 2647.034987 2648.980477 2645.820999 2642.495315 2637.588047 2635.945587 2634.289963 2631.480553 2631.624773 2629.157339 2624.586918 2620.184887 2612.420749 2600.714777 2588.852830 2585.346186 2589.339762 2594.229885 2598.635755 2602.178562 2605.573299 2606.202822 2601.224307 2593.237444 2586.046721 2584.224130 2590.751986 2596.284524 2601.977106 2602.747116 2601.494444 2599.526165 2599.861292 2597.482493 2598.287481 2605.344871 2619.395569 2624.097804 2628.008855 2627.284342 2615.918307 2595.370022 2595.236773 2575.151416 2578.966165 2573.616307 2561.449181
2638.234519 2640.623049 2639.945224 2638.699852 2632.779371 2626.955215 2626.140808 2629.856552 2636.429677 2637.223318 2629.793821 2620.897813 2613.280800 2605.634297 2602.709006 2600.967710 2599.676503 2599.095764 2592.971732 2583.669042 2566.734504 2554.342595 2542.452579 2535.806907 2532.577941 2536.464557 2546.459173 2556.805461 2561.455516 2553.727136 2545.957778 2534.976895 2527.030197 2527.386281 2529.153371 2538.321200 2553.398091 2559.339197 2560.403763 2555.293099 2550.670172 2545.294517 2543.722928 2551.191028 2566.956039 2583.498874 2598.436493 2607.372872 2615.061909 2621.817531 2623.300438 2625.041372 2625.823537 2624.051804 2624.088046
2633.389675 2626.767565 2619.987045 2614.636912 2607.762760 2601.762762 2599.446690 2600.996170 2602.769670 2598.349955 2590.904908 2579.776597 2567.894955 2557.240507 2549.441892 2549.204150 2550.309336 2550.445494 2542.691889 2526.907771 2507.991400 2493.676123 2479.047787 2474.372888 2468.528631 2462.466736 2472.414884 2490.193675 2496.690335 2482.223021 2472.055408 2457.642330 2450.759462 2447.420686 2448.747250 2458.038332 2479.040912 2500.548576 2502.681805 2493.318022 2484.279684 2480.698819 2479.094388 2485.938644 2504.488433 2526.170450 2542.515832 2553.369082 2559.739853 2568.417644 2578.467715 2592.087255 2606.236624 2617.950873 2624.896922
2607.401149 2599.265011 2591.091806 2582.858684 2575.083068 2567.867484 2562.621751 2559.546241 2555.300470 2548.169208 2539.857326 2521.052059 2507.558647 2494.058031 2478.752153 2473.933435 2469.033379 2469.311008 2457.065506 2446.949911 2428.740146 2412.629886 2396.218487 2383.873425 2377.540336 2370.912523 2372.192665 2386.417982 2394.974471 2383.372406 2373.440431 2361.733222 2356.452786 2353.306070 2355.637575 2366.184291 2387.416251 2406.323467 2414.541948 2407.825600 2405.528646 2405.639926 2405.765851 2413.085986 2427.164484 2447.242247 2469.943025 2488.475740 2499.334862 2507.911797 2518.767877 2534.584878 2549.507747 2564.297705 2582.270764
2572.231484 2562.207279 2551.533373 2541.008240 2529.403721 2517.145953 2509.599376 2510.145048 2502.528342 2495.168899 2475.370710 2424.357320 2403.761348 2384.220525 2367.366970 2359.996996 2350.989622 2338.356905 2328.471203 2321.938014 2318.325872 2302.747511 2284.340111 2266.892452 2261.317348 2257.012932 2244.025278 2244.322689 2246.131850 2255.570841 2248.891118 2245.259392 2245.082217 2242.840046 2245.433502 2258.961491 2269.354780 2277.940585 2285.106034 2287.439416 2297.082924 2305.727532 2314.001275 2331.788112 2345.479415 2363.426951 2385.807603 2411.860458 2427.648942 2438.683243 2450.783420 2467.490336 2485.137397 2503.811264 2527.198662
2530.507000 2513.982964 2498.903660 2483.714516 2469.905718 2456.135752 2440.625792 2440.516564 2436.181035 2425.439065 2376.724834 2333.858973 2299.312273 2280.371803 2256.508046 2243.000585 2228.339886 2195.629277 2179.108482 2174.881477 2183.679632 2176.329960 2159.759511 2146.336756 2137.268859 2129.066853 2113.766976 2100.226077 2105.419095 2120.412574 2118.529713 2119.313520 2125.299649 2124.359829 2119.747538 2121.820974 2135.517006 2142.962970 2154.101677 2169.254785 2174.920500 2188.605385 2219.537301 2234.312293 2250.964318 2271.875820 2294.772633 2319.256576 2342.392752 2357.773205 2374.341570 2394.669949 2413.034739 2435.054239 2459.433344
2472.665924 2442.969798 2421.930269 2403.872450 2384.401393 2359.647834 2338.073053 2334.291165 2326.197175 2301.002548 2250.486523 2211.227956 2183.496231 2160.592193 2136.095106 2114.081431 2081.292739 2047.696418 2026.187729 2035.775495 2044.294407 2049.681688 2036.652966 2024.609622 2014.509140 1998.589941 1982.458921 1968.567102 1978.166164 1986.685846 2000.011907 2005.190812 2009.134258 2013.448814 2012.455849 2005.429416 2006.225769 2015.188064 2025.940976 2037.927773 2056.143204 2089.468930 2115.298713 2134.352901 2156.419028 2177.606218 2201.433496 2226.604570 2250.526655 2268.921372 2289.233770 2310.332715 2333.146654 2355.004181 2380.662151
2389.664108 2361.035517 2333.669160 2309.668811 2279.229787 2235.817297 2219.848154 2209.719552 2191.487025 2149.059805 2106.236258 2077.222599 2057.873190 2033.294892 2010.234404 1981.791819 1948.897414 1924.379885 1903.712761 1911.679780 1919.763140 1934.796694 1924.169601 1914.898159 1910.054411 1894.893435 1881.221149 1865.805598 1872.692114 1883.610861 1903.744961 1908.837047 1912.743078 1921.038250 1920.400405 1917.274407 1904.746931 1912.985258 1924.168204 1939.012230 1968.938506 1993.526600 2017.864600 2040.585308 2061.902100 2085.602577 2110.406374 2135.724750 2163.424125 2184.748651 2205.604391 2228.953158 2250.663329 2269.171388 2290.011451
2275.848592 2250.279416 2228.339021 2203.276185 2163.097486 2118.609417 2080.452928 2058.511287 2013.144727 1978.246657 1949.813558 1939.728989 1923.799516 1901.875213 1881.021955 1860.146488 1835.748721 1814.625110 1789.801480 1793.951727 1807.603067 1822.675486 1820.077050 1818.481113 1815.981412 1805.591804 1791.982424 1778.364340 1781.997775 1798.054525 1815.450175 1824.221590 1831.511397 1839.347432 1839.542324 1831.750828 1822.982392 1828.682079 1843.917484 1860.742938 1880.857830 1903.275552 1925.720826 1947.381971 1971.272755 1995.800742 2020.739894 2047.667342 2076.271449 2098.799543 2124.227960 2150.503476 2170.522720 2183.106821 2196.209804
2165.587832 2143.974541 2119.507359 2091.838474 2050.057126 2008.653867 1966.440831 1922.993607 1889.310781 1858.791422 1845.883881 1828.278860 1812.215759 1795.439009 1774.417858 1756.130570 1738.951921 1717.018099 1702.693894 1708.607880 1721.509187 1730.926628 1735.411964 1732.683409 1729.859018 1723.180399 1709.338629 1702.121973 1711.303230 1726.556735 1740.870676 1751.797016 1758.732908 1764.525446 1761.907778 1753.552040 1749.494981 1758.035970 1774.004723 1788.779149 1805.517417 1827.295259 1848.915160 1871.556173 1895.267395 1918.854305 1944.906005 1971.781289 1999.363064 2027.372612 2052.063781 2074.357053 2086.376144 2098.812766 2104.590171
2035.365061 2020.530071 1994.470486 1965.859060 1934.235539 1897.931443 1869.861337 1837.643014 1806.662492 1776.497575 1750.501389 1735.335026 1726.880728 1712.707908 1694.306375 1681.670922 1665.193772 1651.057032 1653.641091 1655.444367 1664.814936 1664.303821 1664.883762 1662.027144 1661.058339 1657.677481 1649.193217 1658.482289 1665.484899 1679.502666 1689.938695 1699.568495 1705.694741 1709.698066 1710.390574 1705.310658 1710.255187 1717.227144 1731.752667 1743.733741 1758.583886 1779.552488 1797.440882 1817.469470 1840.570033 1864.512382 1889.595143 1916.415703 1945.446301 1971.532017 1991.858387 2001.786182 2013.592032 2019.255412 2013.063169
