tests/Borden05m/data_simulated/sim_1/output-maps/psiliqL0004N0002.asc
ncols         160
nrows         34
xllcorner     620200.000000
yllcorner     5168000.000000
cellsize      0.500000
NODATA_value  -9999.0
[rows 0 to 24 of 34, columns 0 to 55 of 160]
-9999.0 -9999.0 -9999.0 -9999.0 -9999.0 -9999.0 -9999.0 -9999.0 -9999.0 -9999.0 -9999.0 -9999.0 -9999.0 -9999.0 -9999.0 -9999.0 -9999.0 -9999.0 -9999.0 -9999.0 -9999.0 -9999.0 -9999.0 -9999.0 -9999.0 -9999.0 -9999.0 -9999.0 -9999.0 -9999.0 -9999.0 -9999.0 -9999.0 -9999.0 -9999.0 -9999.0 -9999.0 -9999.0 -9999.0 -9999.0 -9999.0 -9999.0 -9999.0 -9999.0 -9999.0 -9999.0 -9999.0 -9999.0 -9999.0 -9999.0 -9999.0 -9999.0 -9999.0 -9999.0 -9999.0 -9999.0
-9999.0 -9999.0 -9999.0 -9999.0 -9999.0 -9999.0 -9999.0 -9999.0 -9999.0 -9999.0 -9999.0 -9999.0 -9999.0 -9999.0 -9999.0 -9999.0 -9999.0 -9999.0 -9999.0 -9999.0 -9999.0 -9999.0 -9999.0 -9999.0 -9999.0 -9999.0 -9999.0 -9999.0 -9999.0 -9999.0 -9999.0 -9999.0 -9999.0 -9999.0 -9999.0 -9999.0 -9999.0 -9999.0 -9999.0 -9999.0 -9999.0 -9999.0 -9999.0 -9999.0 -9999.0 -9999.0 -9999.0 -9999.0 -9999.0 -9999.0 -9999.0 -9999.0 -9999.0 -9999.0 -9999.0 -9999.0
-9999.0 -9999.0 -9999.0 -9999.0 -9999.0 -9999.0 -9999.0 -9999.0 -9999.0 -9999.0 -9999.0 -9999.0 -9999.0 -9999.0 -9999.0 -9999.0 -9999.0 -9999.0 -9999.0 -9999.0 -9999.0 -9999.0 -9999.0 -9999.0 -9999.0 -9999.0 -9999.0 -9999.0 -9999.0 -9999.0 -9999.0 -9999.0 -9999.0 -9999.0 -9999.0 -9999.0 -9999.0 -9999.0 -9999.0 -9999.0 -9999.0 -9999.0 -9999.0 -9999.0 -9999.0 -9999.0 -9999.0 -911.455570 -929.075428 -946.612891 -947.957640 -925.175977 -902.369340 -879.418719 -859.636646 -841.559869
-9999.0 -9999.0 -9999.0 -9999.0 -9999.0 -9999.0 -9999.0 -9999.0 -9999.0 -9999.0 -9999.0 -9999.0 -9999.0 -9999.0 -9999.0 -9999.0 -9999.0 -9999.0 -9999.0 -9999.0 -9999.0 -9999.0 -9999.0 -9999.0 -9999.0 -9999.0 -9999.0 -9999.0 -9999.0 -9999.0 -9999.0 -9999.0 -9999.0 -9999.0 -9999.0 -9999.0 -9999.0 -9999.0 -9999.0 -9999.0 -864.621862 -858.934756 -857.138619 -868.403375 -879.885765 -891.416029 -911.184760 -929.172460 -945.379931 -948.676102 -946.418024 -940.524448 -917.539013 -894.230264 -875.606412 -858.601034
-9999.0 -9999.0 -9999.0 -9999.0 -9999.0 -9999.0 -9999.0 -9999.0 -9999.0 -9999.0 -9999.0 -9999.0 -9999.0 -9999.0 -9999.0 -9999.0 -9999.0 -9999.0 -9999.0 -9999.0 -9999.0 -9999.0 -9999.0 -9999.0 -9999.0 -9999.0 -9999.0 -9999.0 -9999.0 -9999.0 -9999.0 -9999.0 -9999.0 -9999.0 -954.758778 -937.305509 -919.623578 -901.916497 -885.926168 -879.837472 -874.185994 -868.527643 -872.696494 -877.888435 -889.388806 -907.637231 -927.599755 -942.366943 -945.632702 -948.666264 -944.561773 -931.651710 -915.684811 -899.726533 -879.549843 -857.575400
-9999.0 -9999.0 -9999.0 -9999.0 -9999.0 -9999.0 -9999.0 -9999.0 -9999.0 -9999.0 -9999.0 -9999.0 -9999.0 -9999.0 -9999.0 -9999.0 -9999.0 -9999.0 -9999.0 -9999.0 -9999.0 -9999.0 -9999.0 -9999.0 -9999.0 -9999.0 -9999.0 -9999.0 -949.181094 -955.301073 -960.863879 -962.729806 -964.404741 -966.081534 -959.397760 -947.189744 -929.101493 -908.350235 -896.279698 -889.706229 -883.740066 -883.267303 -888.262921 -890.984525 -891.283722 -903.105578 -914.918112 -926.032052 -936.775535 -938.070546 -928.987906 -916.008589 -900.955771 -887.152425 -872.913651 -859.258439
-9999.0 -9999.0 -9999.0 -9999.0 -9999.0 -9999.0 -9999.0 -9999.0 -9999.0 -9999.0 -9999.0 -9999.0 -9999.0 -9999.0 -9999.0 -9999.0 -9999.0 -9999.0 -9999.0 -9999.0 -9999.0 -9999.0 -9999.0 -977.255042 -971.121511 -964.967991 -958.066213 -957.578474 -962.421330 -968.531720 -972.246171 -974.311929 -976.213782 -972.368907 -964.157312 -950.839152 -935.409720 -914.656992 -906.689426 -900.201338 -888.149245 -886.851969 -883.346871 -879.941905 -882.363461 -885.282228 -897.131522 -905.915680 -900.041592 -894.151484 -888.743238 -882.462742 -870.692688 -855.887462 -838.946760 -819.171593
-9999.0 -9999.0 -9999.0 -9999.0 -9999.0 -9999.0 -9999.0 -9999.0 -9999.0 -9999.0 -9999.0 -9999.0 -9999.0 -9999.0 -9999.0 -9999.0 -9999.0 -9999.0 -9999.0 -1001.346785 -1000.803160 -1000.244787 -996.081895 -995.292262 -993.289141 -986.612483 -978.865797 -977.416691 -979.298629 -981.593996 -980.518362 -978.379395 -974.861872 -963.726228 -950.406708 -936.909009 -923.234785 -903.181098 -889.194105 -875.733161 -860.219369 -862.786776 -868.211331 -871.299036 -871.592681 -871.366250 -864.606757 -860.829565 -856.200031 -850.382384 -843.837546 -836.286773 -827.193690 -809.925884 -790.851556 -771.799163
-9999.0 -9999.0 -9999.0 -9999.0 -9999.0 -9999.0 -9999.0 -9999.0 -9999.0 -9999.0 -9999.0 -9999.0 -9999.0 -9999.0 -9999.0 -9999.0 -1028.829267 -1027.205629 -1025.521385 -1020.591377 -1018.767676 -1015.237794 -1008.843426 -1008.349300 -1004.853215 -998.235778 -993.637006 -985.830370 -978.680253 -971.856076 -966.503622 -964.394487 -957.055829 -947.978806 -936.713012 -921.493904 -900.130822 -878.688336 -863.393613 -847.877250 -832.314416 -833.110693 -835.191716 -834.946587 -834.725906 -826.598090 -808.895307 -803.422648 -799.781693 -780.767452 -767.587793 -763.313827 -757.741153 -742.092938 -720.554569 -695.178089
-9999.0 -9999.0 -9999.0 -9999.0 -9999.0 -9999.0 -9999.0 -9999.0 -9999.0 -9999.0 -9999.0 -9999.0 -9999.0 -1071.321770 -1067.368804 -1058.790816 -1051.777406 -1050.159915 -1046.942407 -1041.980365 -1030.314855 -1027.360058 -1021.628145 -1014.447028 -1003.889285 -996.016801 -987.303601 -976.151902 -968.247495 -961.677588 -955.122622 -948.506413 -935.107900 -920.262820 -904.935612 -885.524978 -865.305617 -845.177580 -825.067103 -811.831915 -798.698437 -795.390236 -798.684029 -798.396851 -790.903573 -773.245672 -755.502987 -742.890902 -721.287602 -699.411294 -686.582883 -674.738448 -667.425833 -657.942227 -640.969983 -607.891046
-9999.0 -9999.0 -9999.0 -9999.0 -9999.0 -9999.0 -9999.0 -9999.0 -9999.0 -9999.0 -1107.591563 -1104.914827 -1108.592398 -1107.433066 -1103.452822 -1092.155952 -1079.790201 -1073.116574 -1062.667243 -1042.941650 -1026.810142 -1023.900288 -1009.417522 -1000.221872 -994.385838 -984.183005 -971.680290 -959.207230 -942.271221 -930.240854 -917.729224 -897.157994 -881.707151 -866.577714 -850.307405 -832.385753 -812.322343 -783.052902 -757.408847 -744.380348 -721.048338 -706.805353 -711.578617 -712.910384 -707.282061 -690.725314 -667.852227 -641.911686 -621.114999 -596.487837 -576.900435 -564.678977 -556.056587 -545.718862 -533.355835 -506.441552
-9999.0 -9999.0 -9999.0 -9999.0 -9999.0 -9999.0 -9999.0 -9999.0 -1131.088722 -1124.730413 -1118.468132 -1121.747832 -1126.866543 -1129.938728 -1117.751057 -1102.401863 -1087.040139 -1070.976573 -1055.657674 -1038.685540 -1023.507498 -1007.305112 -989.028874 -977.830788 -966.543299 -952.203297 -939.291969 -921.737670 -901.376807 -886.636405 -867.541055 -846.906068 -828.519082 -812.256767 -795.949506 -779.649218 -752.104311 -719.995615 -689.894354 -666.380198 -641.106133 -617.503173 -618.224708 -616.205572 -613.199549 -589.270558 -561.216878 -532.895732 -505.607192 -476.888310 -445.754387 -428.186759 -416.624529 -401.427285 -380.736609 -358.572182
-9999.0 -9999.0 -9999.0 -9999.0 -9999.0 -9999.0 -1155.720243 -1131.923187 -1117.590164 -1125.562465 -1132.747196 -1135.996971 -1139.272695 -1122.939029 -1102.410910 -1086.365738 -1070.439226 -1053.965764 -1038.535073 -1023.451207 -988.162395 -973.543082 -959.098148 -939.195027 -926.478328 -913.760153 -897.492676 -874.909929 -852.442744 -819.808208 -789.775440 -763.625115 -739.269619 -721.740755 -705.700112 -688.450551 -659.377432 -625.400026 -592.531824 -565.416704 -540.829174 -514.875728 -506.330069 -501.863156 -494.495388 -478.724853 -449.246713 -413.823607 -360.691119 -279.091256 -145.031616 -89.109729 -69.657389 -58.368576 -47.193159 -34.649849
-9999.0 -9999.0 -9999.0 -9999.0 -1188.670825 -1167.977967 -1147.371756 -1116.720250 -1094.395240 -1100.381031 -1092.868204 -1092.236766 -1093.363637 -1092.012753 -1087.495444 -1070.276872 -1053.760058 -1037.238176 -1018.676491 -979.971126 -940.776018 -924.600186 -897.608123 -866.711180 -853.944043 -840.725897 -827.207211 -805.832894 -776.930754 -743.465439 -697.809346 -659.966498 -636.407575 -616.319581 -599.185890 -579.214847 -551.947595 -519.350068 -485.948899 -451.692144 -417.091680 -384.755501 -360.524419 -346.937690 -324.661281 -285.922047 -182.465065 -89.079885 -42.209312 0.799103 45.409565 70.415577 74.437709 76.908756 79.042674 81.849838
-9999.0 -9999.0 -9999.0 -1233.663778 -1195.568477 -1159.709084 -1132.274917 -1101.650575 -1070.767497 -1063.645584 -1056.056604 -1048.894554 -1041.411939 -1032.565974 -1022.035553 -1006.806335 -994.682569 -984.649083 -965.217809 -929.656973 -894.220860 -859.498042 -828.868070 -798.510589 -776.418247 -762.693178 -748.823807 -726.895859 -690.345726 -653.469387 -607.035111 -558.852749 -525.010594 -502.880526 -486.550582 -463.889893 -441.693194 -403.538138 -349.718926 -256.020532 -111.907114 -63.546267 -40.500509 -32.431969 -22.666089 -7.558843 25.486313 58.620703 75.126442 83.725451 92.522758 98.977387 101.750864 102.878645 106.090076 109.095558
-9999.0 -9999.0 -1279.208152 -1243.083669 -1207.294554 -1154.882664 -1102.989989 -1070.579148 -1030.183387 -1004.466438 -997.361675 -978.007397 -960.810042 -952.098518 -934.805982 -917.824461 -907.620587 -906.815987 -897.520651 -860.751289 -807.389278 -759.605957 -725.509389 -671.607939 -642.419798 -624.966185 -616.210974 -595.880597 -569.154627 -528.584558 -482.232507 -431.293932 -379.076524 -324.534065 -291.719903 -230.395454 -119.200727 -77.699236 -40.374519 0.070334 47.686724 73.300987 80.009248 81.746688 82.635477 87.149309 94.213112 101.153373 106.640823 111.160096 121.612056 121.586515 121.325345 120.928182 120.493289 119.962112
-9999.0 -9999.0 -1302.945374 -1259.702959 -1215.451890 -1142.967772 -1070.276159 -1032.759519 -989.973317 -947.004875 -928.216107 -905.742878 -883.971302 -862.731082 -840.092592 -816.564449 -816.427962 -816.053893 -818.193237 -767.474368 -713.096797 -650.807193 -580.143472 -528.694204 -494.797956 -490.999389 -488.454370 -472.314634 -445.934652 -388.813162 -271.139773 -114.925273 -55.304655 -23.661475 -4.303186 22.154811 57.123252 74.671470 80.150362 91.091760 97.656240 103.464931 108.828460 117.040457 122.192643 122.047264 120.908168 120.929943 120.791053 120.474495 120.039062 116.912657 115.935631 116.241036 117.097025 113.019449
-9999.0 -1387.302115 -1335.821194 -1281.018261 -1209.218638 -1138.435072 -1050.316538 -969.016278 -923.435860 -884.809470 -858.024572 -836.454958 -777.112044 -728.210638 -704.391847 -676.631785 -682.450571 -688.432623 -698.414095 -662.979287 -612.706921 -527.498428 -397.655531 -304.995037 -227.433957 -212.998106 -215.955976 -134.556925 -93.462163 -53.007525 10.795473 61.104768 84.649665 94.547174 97.729613 99.357001 105.140439 110.880067 123.209831 125.435641 125.586567 125.412808 119.946116 119.518186 119.640294 119.901244 117.365417 112.336180 109.146348 108.056147 107.403489 106.113105 107.176877 108.344786 109.272623 107.592043
-9999.0 -1420.385034 -1359.323854 -1285.860148 -1213.073773 -1129.532192 -1011.177586 -891.263369 -849.992754 -819.319339 -789.439061 -736.908602 -652.571480 -591.229134 -557.985384 -522.109171 -527.076448 -541.902438 -543.476890 -511.248608 -455.499316 -343.870822 -92.619670 5.694255 24.951159 41.763980 53.612053 77.191510 87.538399 95.101097 101.750211 112.207125 114.482011 114.259673 114.341741 114.791894 115.137757 115.190721 112.153380 109.464908 108.024375 108.160729 109.484021 109.363577 108.691366 108.474157 107.568222 106.079858 105.523125 105.188091 105.204319 104.799219 104.559061 105.139468 104.333628 103.702626
-9999.0 -1440.359281 -1372.191178 -1305.305353 -1225.733248 -1093.361253 -974.192404 -851.005710 -767.702972 -734.724203 -682.317320 -595.407822 -506.620605 -417.900780 -349.476953 -297.622718 -258.428872 -263.141782 -168.762326 -98.513574 -42.654839 24.512171 78.825481 100.649910 106.040293 107.460778 107.605091 110.010511 110.856168 110.643140 110.054663 107.390031 108.523988 109.117266 108.492808 107.929115 107.041737 105.140692 104.294051 104.199819 103.819837 104.135349 105.127180 105.306426 105.027140 104.622740 104.360828 103.950907 103.512247 102.673094 102.610227 102.096632 101.816971 100.641492 99.575630 98.894285
-9999.0 -1519.079849 -1437.731820 -1371.448663 -1222.807433 -1063.460825 -942.984941 -790.411020 -668.619622 -623.287505 -533.412137 -435.178012 -293.153846 -107.276114 -35.584866 12.567726 42.533224 65.292134 83.352243 88.270020 100.904686 115.924958 118.126969 117.021930 109.014738 109.698311 106.467772 101.756258 100.002704 98.441543 99.227409 101.466635 102.908643 104.802071 104.072714 104.488959 104.703926 104.369483 104.391780 102.665365 100.916892 99.646474 99.417187 101.744393 100.285191 99.950743 99.342967 98.455932 97.408742 96.419050 95.159780 93.482595 92.015237 88.705530 87.456644 85.195281
-9999.0 -1599.759561 -1519.263114 -1404.480692 -1243.249112 -1080.865119 -925.073268 -755.561037 -583.514445 -493.032671 -404.320160 -335.062092 -123.647239 7.619576 77.224157 90.230654 98.818767 101.564055 103.190698 101.132258 91.524512 89.416561 93.271801 98.890699 100.374272 101.461294 99.384028 97.646462 97.234892 98.136046 98.205910 98.354063 98.296433 97.810548 96.854771 97.185231 98.816283 97.688343 96.187726 93.844632 90.596922 87.250472 85.264740 84.362702 83.994269 84.513989 82.924110 80.714473 78.568984 77.055108 74.975057 71.753003 59.966846 37.365113 16.783642 -3.140682
-9999.0 -1679.047615 -1567.551685 -1458.332889 -1312.947045 -1170.641822 -1027.405114 -858.143708 -700.808260 -510.551531 -301.906585 -241.115395 -123.034033 -30.738987 58.381775 87.350455 90.083743 81.194290 74.497187 70.907582 72.127467 74.576174 77.537615 82.447993 86.473264 89.253421 90.169640 88.277011 84.405890 82.246357 81.169179 78.825056 77.148961 77.366584 76.842940 78.526518 79.663026 76.875131 72.202882 51.879392 17.318003 -5.857124 -14.014436 -14.546690 -15.250381 -18.807687 -26.025378 -35.713253 -47.012634 -57.437863 -67.277332 -83.187878 -129.574353 -207.507640 -261.863978 -303.718148
-9999.0 -9999.0 -1633.534342 -1519.660243 -1398.645560 -1265.991130 -1129.221898 -967.043470 -814.154333 -633.400977 -524.144017 -440.568914 -383.677170 -287.307642 -108.880485 -46.096309 -33.106926 -19.935219 -41.033778 -41.133253 -39.050385 -36.814871 -29.372006 -18.122755 -3.213300 10.849417 20.958553 15.468400 0.937818 -18.836120 -38.525118 -51.543454 -58.780356 -63.778506 -56.350844 -46.691759 -48.600884 -55.312949 -71.921224 -115.724578 -227.997603 -290.006660 -304.306010 -302.983066 -303.462799 -311.987218 -326.720524 -353.909829 -377.581691 -397.762477 -406.528089 -414.172841 -421.488400 -433.934796 -446.200206 -459.989605
-9999.0 -9999.0 -1714.027058 -1600.316971 -1474.151396 -1345.332951 -1231.749618 -1105.362246 -943.340395 -822.983499 -730.493748 -653.277548 -593.568339 -544.566472 -498.130148 -437.994687 -410.072619 -400.682004 -407.072936 -402.933158 -384.499073 -363.305614 -343.744677 -316.290219 -278.990524 -236.225885 -200.298532 -242.020805 -286.944197 -332.902168 -372.812475 -405.261469 -420.472910 -428.194684 -421.351971 -409.744051 -414.945490 -427.908953 -445.479841 -465.087383 -479.838607 -493.405054 -497.474464 -498.612816 -498.536607 -500.834733 -504.170677 -514.104039 -526.257077 -534.642221 -541.318405 -547.170871 -549.940637 -557.100663 -566.147952 -572.270709
