tests/Borden05m/data_simulated/sim_1/output-maps/psiliqL0011N0012.asc
ncols         160
nrows         34
xllcorner     620200.000000
yllcorner     5168000.000000
cellsize      0.500000
NODATA_value  -9999.0
[rows 0 to 24 of 34, columns 57 to 113 of 160]
-9999.0 -9999.0 -9999.0 -9999.0 -9999.0 -9999.0 -9999.0 -9999.0 -9999.0 -9999.0 -9999.0 -9999.0 -9999.0 -9999.0 -9999.0 -9999.0 -9999.0 -9999.0 -9999.0 -9999.0 -9999.0 -9999.0 -9999.0 -9999.0 -9999.0 -9999.0 -9999.0 -9999.0 -9999.0 -9999.0 -9999.0 -9999.0 -9999.0 -9999.0 -9999.0 -9999.0 -9999.0 -9999.0 -9999.0 -9999.0 -9999.0 -9999.0 -9999.0 -9999.0 -9999.0 -9999.0 -9999.0 -9999.0 -9999.0 -9999.0 -9999.0 -9999.0 -9999.0 -9999.0 -9999.0 -9999.0 -9999.0
-9999.0 -9999.0 418.987481 413.500373 408.248013 403.345626 394.417598 385.274410 376.872413 373.025813 372.254664 371.579389 371.331813 376.742264 384.844081 392.595882 399.902575 402.410052 404.952636 407.328726 407.922635 406.736994 403.556745 400.312561 396.946623 395.485731 387.311008 375.910143 367.045157 364.299334 368.773855 373.275774 375.786744 381.750703 392.558326 403.424317 411.989901 423.798505 429.425456 434.467853 437.415224 433.182815 429.452331 425.510012 420.412368 409.278083 -9999.0 -9999.0 -9999.0 -9999.0 -9999.0 -9999.0 -9999.0 -9999.0 -9999.0 -9999.0 -9999.0
402.105428 405.465866 394.416524 389.590382 386.347212 384.300934 379.389455 370.766434 365.563272 360.277977 358.659342 358.850270 359.068961 363.365864 373.531113 381.626694 386.516690 389.104141 391.764457 391.761551 391.355403 391.089893 388.268399 384.899342 381.547831 379.790823 380.075304 372.502436 367.116883 363.791953 362.346699 364.833877 367.173318 370.376816 379.929040 388.156093 396.388384 410.594183 422.902898 428.033216 425.430657 420.218606 416.225461 409.421369 399.259317 388.691727 378.544146 371.260372 365.576332 359.868922 365.692210 371.990821 381.858242 391.620060 403.507327 415.586610 -9999.0
386.811345 389.787481 379.089496 370.821402 366.169477 366.401861 368.902381 365.440272 360.964376 356.573225 364.992622 366.477847 367.827754 371.240146 374.597839 377.461671 380.332967 385.794349 394.903638 397.719436 398.369738 398.610734 396.869512 393.820210 392.073335 389.361131 384.221622 383.275770 383.696686 383.630889 388.741701 390.224015 391.737798 384.852098 388.254311 394.453353 401.297066 408.022209 414.801946 418.968656 415.573357 414.232369 405.509634 391.305545 379.635429 370.693572 368.195344 364.708229 356.627299 343.861774 350.558869 365.797454 370.161843 373.433597 385.037407 397.191236 407.429339
373.302998 376.501830 371.631423 372.911599 374.552793 376.179010 374.761363 372.000802 370.592687 383.643718 393.469163 395.572662 398.770722 402.494706 401.721785 389.707419 387.288389 395.825348 406.410974 412.464726 412.857138 412.971326 411.280184 410.344518 409.950330 407.723968 408.735528 411.385176 411.835963 416.800738 422.514032 425.327414 417.084795 407.776981 408.311833 415.901789 423.879190 431.185997 441.934371 453.282856 451.822466 445.640676 436.038780 421.712561 397.571098 377.249241 365.993306 358.611460 351.068861 350.250896 347.137334 357.664944 358.997877 360.432407 368.513900 378.554266 388.502440
389.236941 397.678086 391.972785 386.833726 383.944792 384.843731 385.377910 389.043496 402.407857 416.875396 432.322462 435.647883 438.679283 438.624086 429.412131 419.201761 415.268763 430.347809 446.638699 455.263093 456.410662 456.586318 464.264970 462.701082 460.592223 455.499915 457.907208 460.285616 471.194914 479.018803 486.058020 484.174676 472.117011 460.622416 458.601155 460.715390 463.258072 469.218736 479.503896 489.263869 483.812532 475.699690 464.400155 434.393141 405.685306 387.703777 387.229996 386.734389 381.251235 377.383323 373.243366 365.327008 364.269562 363.015842 361.994326 373.537091 385.465410
439.484193 456.170786 450.849631 442.905010 432.632566 433.487207 437.257040 446.150365 460.236740 479.355332 504.701698 509.083175 513.449458 517.283130 506.529952 494.333202 482.923967 500.036785 510.462582 519.913895 523.005055 534.182077 544.597251 540.001081 531.720070 521.905498 528.619524 541.844578 557.439884 564.433065 568.270643 567.690599 556.894030 550.880319 548.304771 549.205746 545.800529 549.449066 560.006946 574.982685 574.046360 562.910328 538.443871 499.923672 463.169576 440.092300 443.528619 435.584885 427.932571 422.761348 407.550485 395.303984 394.189796 383.757283 376.765120 387.532547 392.986946
490.855949 510.308968 506.931181 496.647812 484.268996 484.607506 493.196278 503.982233 524.338338 549.639783 576.053198 587.754907 593.868993 604.044344 597.871856 588.628413 580.055631 589.316289 602.192103 614.950553 626.255398 639.666989 651.790696 643.574165 632.513507 628.433874 633.683191 652.903723 669.866659 675.573917 677.596644 681.065983 672.970731 665.423246 657.396151 650.550697 643.717511 639.084324 655.948574 671.319886 668.614106 643.545959 617.188909 579.176437 539.034958 503.452851 498.813620 494.863061 491.772958 474.708665 457.366759 438.175123 426.426818 416.002412 400.267725 404.289353 408.726664
593.643804 616.173392 619.963339 605.174845 599.289457 604.888619 617.885843 625.681681 641.806289 669.222793 704.306260 729.237443 750.924225 755.979855 747.649226 738.568691 725.125120 721.830719 737.872924 750.413172 761.962341 773.363274 785.715674 792.030915 790.213642 790.052231 793.203335 799.377887 807.588874 814.434936 820.246151 826.151244 823.983149 814.041422 806.553746 797.057518 789.244707 786.313994 787.159550 796.115315 793.568507 768.387531 739.775397 706.053260 666.608929 632.445522 611.023029 612.776441 598.237763 577.574993 554.409192 516.260983 496.371508 478.034538 446.643413 440.715860 448.521520
713.422749 730.695426 746.189847 744.042053 746.926513 751.362114 758.836873 764.646268 773.430069 806.671308 842.677477 873.629418 898.792927 908.137123 898.594495 888.999077 877.443919 868.103518 871.203067 885.095043 901.500922 917.051547 927.975609 931.696094 930.560668 930.965272 932.814792 935.917908 938.771765 944.367848 951.286253 961.151894 972.250313 967.086188 950.521659 937.829268 923.438281 917.583040 915.211505 911.992972 910.984026 904.067731 873.758301 844.687093 811.380413 779.786034 756.264542 738.565653 716.776222 692.092462 644.634305 601.800970 564.573452 534.269894 503.418129 498.093164 520.167538
839.434461 865.268599 881.583498 886.246549 889.492331 893.026990 899.639237 905.581293 913.662653 935.572336 972.210225 1009.150008 1039.067996 1044.184304 1035.877196 1025.832074 1015.384403 1005.556469 1002.452656 1009.343276 1019.538067 1034.468848 1045.668737 1055.517759 1055.233614 1055.813283 1056.037201 1058.083523 1059.953820 1061.568445 1067.871643 1078.699112 1088.964821 1090.104490 1077.835242 1061.316385 1043.899058 1035.624720 1028.300977 1021.571672 1020.543640 1020.240770 1013.536013 988.945776 953.379442 910.310588 881.825533 858.743695 843.748213 826.156733 801.398988 751.880686 721.707738 685.672685 648.654598 624.431158 659.969871
955.084932 985.636877 1005.436038 1014.901786 1016.899612 1020.282824 1028.168029 1035.157690 1045.943534 1062.340073 1084.652304 1112.736378 1139.494539 1157.321098 1154.445668 1142.970929 1126.797566 1122.442245 1121.441154 1122.945967 1128.800045 1135.570035 1149.862398 1164.501151 1169.716762 1170.651240 1168.311335 1170.388589 1171.647163 1171.714182 1172.301190 1176.084082 1182.299869 1184.390795 1179.999285 1165.239130 1145.913836 1130.757964 1120.844478 1115.229759 1112.011408 1112.002897 1110.335639 1098.477660 1070.435850 1033.345393 999.134682 975.359126 957.703686 942.898382 930.904581 912.989705 894.720936 864.201254 821.058283 784.442547 780.348998
1055.932464 1082.056502 1106.779142 1124.302821 1130.066048 1137.132189 1142.473697 1152.646155 1167.932106 1185.681609 1198.720786 1214.936802 1235.631678 1247.723413 1253.478585 1254.102957 1253.284834 1255.030060 1254.943170 1234.948465 1237.064000 1239.085307 1244.288771 1250.804797 1252.962008 1253.409726 1252.749261 1253.792930 1254.136825 1254.242566 1253.745418 1253.080824 1254.429594 1254.768706 1253.795587 1248.254571 1248.487949 1231.837953 1219.656960 1211.767279 1203.815660 1194.998600 1185.187353 1175.216872 1159.159438 1132.413302 1099.036200 1070.387693 1057.145370 1049.185338 1041.760656 1035.435309 1019.838369 998.113006 968.005022 930.273475 895.217579
1152.765005 1172.158786 1198.310230 1216.873313 1227.770924 1236.657362 1241.691670 1253.413005 1265.743193 1262.416097 1265.243194 1268.315980 1271.365800 1272.445519 1272.654213 1272.349287 1269.916169 1269.259254 1267.221561 1261.804027 1252.014080 1252.975672 1254.093456 1256.486537 1260.107199 1259.087220 1260.261017 1263.259304 1261.731421 1256.177920 1252.449548 1250.599214 1250.670438 1257.395239 1260.281434 1260.979189 1260.261863 1259.407592 1258.791784 1257.529277 1256.151143 1254.269216 1251.696347 1252.664782 1242.652748 1220.011626 1188.252848 1154.316498 1138.559684 1132.359883 1131.882473 1127.968214 1121.016721 1101.900934 1074.619357 1039.149543 1001.596047
1258.307962 1258.850281 1266.451219 1270.653496 1272.907731 1275.456244 1277.803288 1278.479702 1275.109797 1271.384415 1266.453174 1264.836047 1263.135106 1260.367322 1260.563370 1258.189567 1253.857726 1249.826589 1242.858523 1231.330645 1219.114679 1216.076814 1220.288886 1225.133122 1229.561398 1233.017074 1236.767574 1238.191007 1233.381206 1225.349095 1218.094476 1215.803555 1221.749090 1226.923557 1231.795346 1232.507080 1231.222100 1229.497749 1230.093280 1228.370507 1229.691138 1236.779447 1250.107116 1256.647379 1258.569666 1258.018820 1252.137563 1241.591091 1230.184950 1210.392600 1212.792820 1207.703842 1195.838220 1174.686926 1150.670732 1121.454212 1092.872710
1270.062725 1268.014575 1262.002652 1256.156581 1255.300035 1258.875095 1265.289229 1266.317421 1259.143191 1250.574088 1243.014359 1235.396156 1232.259482 1229.974846 1228.458278 1227.776187 1221.851645 1213.577315 1197.675158 1184.799493 1172.453871 1165.658191 1163.692283 1168.880129 1178.654799 1188.307331 1193.584378 1187.670468 1180.088286 1169.228249 1160.821285 1160.631526 1162.739224 1171.233124 1184.307254 1188.378605 1189.181806 1184.781972 1181.368103 1176.727234 1176.312909 1184.642412 1200.457227 1215.961540 1229.624114 1237.977786 1245.357647 1251.486661 1255.695407 1256.294509 1256.545765 1255.611868 1253.308146 1238.390540 1217.976136 1194.736577 1170.725475
1249.537295 1243.867921 1236.348656 1229.750322 1227.301026 1229.076294 1231.471947 1227.837183 1220.690968 1209.950167 1198.130055 1186.953888 1179.506125 1178.850412 1179.734016 1179.506208 1172.481788 1157.632745 1139.730654 1125.375652 1110.738899 1106.166464 1101.281765 1097.771764 1108.585710 1125.488783 1131.999099 1119.425164 1109.646779 1095.455956 1087.737728 1084.549442 1085.897869 1094.986390 1113.907475 1132.157473 1133.450230 1124.665312 1116.403428 1112.923110 1112.032823 1120.300509 1139.644584 1160.139399 1175.528731 1185.988933 1192.614924 1201.280022 1211.023212 1223.049463 1236.110335 1247.178005 1256.397856 1259.619497 1258.148924 1253.597749 1239.881460
1219.697615 1210.911576 1202.345219 1194.756148 1189.317062 1186.121004 1182.827932 1176.310201 1168.808093 1154.833996 1141.893576 1128.871189 1114.204177 1109.609630 1105.785988 1106.449424 1094.586433 1083.337025 1064.029083 1048.048626 1032.069187 1021.803869 1015.902359 1010.309990 1015.406280 1031.175803 1040.487202 1027.104707 1016.854396 1003.810453 997.393493 993.987051 995.579570 1005.472564 1027.470046 1045.954090 1052.865506 1045.574419 1041.000390 1039.701499 1040.151994 1047.201460 1063.199686 1084.085775 1105.583793 1122.155429 1132.410664 1141.050119 1151.889422 1166.869220 1181.519129 1196.279455 1213.747122 1233.551615 1248.126677 1257.421645 1261.773267
1178.996611 1168.252880 1156.403941 1144.518106 1137.178154 1137.049926 1129.547823 1122.487311 1107.678147 1062.528676 1044.384281 1025.822247 1009.764843 1003.095979 994.737100 986.596762 976.480630 968.912855 960.543774 944.590112 927.026616 910.951786 905.619264 901.361016 893.396546 899.122470 902.624427 905.530976 898.275153 892.154751 889.624856 887.084281 890.328716 903.752187 915.790214 926.379332 932.784226 931.461081 938.863583 946.108396 950.875500 967.767211 982.558235 1001.293294 1023.644674 1047.770196 1061.652372 1072.074498 1083.901853 1100.327468 1117.938590 1136.344539 1159.553149 1184.603876 1201.269208 1213.055354 1225.500268
1128.537759 1113.571103 1099.783730 1086.020095 1072.059300 1071.551464 1066.917393 1057.975575 1017.982401 975.461871 942.843515 923.828371 901.116392 888.891116 876.970060 850.574788 835.518909 828.281153 831.826493 821.239503 803.668313 789.001134 780.627667 773.934484 761.378718 753.395813 758.003734 769.703131 765.036323 763.134207 766.963392 765.187790 762.122108 768.297797 782.851775 791.432474 801.649569 813.450513 819.203393 829.502612 856.782565 872.336747 889.064812 910.650852 933.898234 957.860965 979.019787 993.304340 1008.872712 1028.636427 1046.493602 1068.304027 1092.795152 1122.122626 1142.603329 1157.996045 1170.697149
1054.934894 1037.751289 1019.728452 998.632134 977.011835 973.237148 964.906043 945.697658 899.807880 858.730758 827.516771 803.986847 778.474459 758.748984 731.007756 698.360284 677.012458 680.742913 687.098989 686.343662 671.266453 657.450681 646.481258 632.444357 616.816179 605.500529 613.915379 622.611209 630.255505 633.609893 637.354722 639.687461 638.683480 635.006856 641.480643 651.013343 662.325345 674.024578 688.757483 719.930866 746.926708 766.538100 789.519752 812.192099 837.438876 863.607793 887.008964 904.852178 924.960647 945.704525 967.918854 990.120067 1016.287682 1046.600888 1071.815740 1088.406962 1103.965757
971.555594 948.432414 921.529151 882.539281 866.243799 855.882079 842.049861 805.329142 761.849348 724.856117 698.412016 671.416732 645.357712 616.832976 584.300931 556.235439 535.272681 541.176896 547.584587 557.762277 545.097349 533.047357 526.085582 510.918261 496.681751 482.309531 489.992427 499.842121 516.598922 520.655072 524.076960 530.847000 529.818940 527.714540 519.872579 529.147905 540.197214 554.728173 583.323162 610.159592 636.686550 660.593528 684.019392 709.911459 737.520075 765.234070 793.740959 816.016988 837.748911 861.629149 884.071205 904.585275 927.657750 955.586749 980.053383 1001.119058 1023.377856
868.979845 843.669997 806.444163 761.395256 726.169716 708.940860 669.981010 634.049801 596.082942 575.655827 554.871568 529.795821 506.356561 483.540967 456.175696 432.392821 407.919789 411.248700 423.256699 436.748452 430.262992 426.064173 422.495975 410.914515 397.097243 383.504272 387.146550 402.218175 419.008872 426.280312 432.845937 440.393747 440.584300 434.062995 425.999615 432.037296 446.439988 463.235152 485.457932 509.370531 533.150304 555.789426 580.981134 607.590877 635.027752 664.635073 695.425524 719.633724 747.277412 775.427663 798.246632 813.553232 830.705319 857.464246 878.392230 902.454157 927.004455
758.006475 729.494558 686.468163 641.352472 596.200129 555.863007 520.855735 487.677522 467.735444 447.106546 427.574283 407.990759 385.988823 365.573348 345.797950 323.238689 304.670009 309.675162 322.618513 333.933082 336.303622 333.111670 329.875247 322.125561 308.398708 297.968526 306.335687 321.730834 336.705655 346.811383 353.542820 359.716480 357.096782 349.049022 343.153700 351.383624 367.154333 382.559392 400.701314 423.070974 445.617638 468.697000 493.090477 517.861300 545.348630 574.020246 603.460263 632.828767 660.407540 686.664063 702.043068 717.440426 729.267687 749.342123 771.155420 794.931563 821.532271
625.993619 595.751408 559.917128 518.577976 485.502337 451.602850 419.165800 387.454379 361.070710 342.796276 331.970993 316.410052 296.523590 282.431103 265.065247 246.771131 245.999535 248.972288 260.376028 261.847728 262.392198 259.313741 258.112294 253.556936 242.557268 249.139668 256.751064 271.534328 282.432427 291.874974 298.180256 302.375838 302.196135 295.673587 299.060969 306.415303 321.264207 333.495070 349.149847 370.601982 388.868121 409.348308 432.590959 456.814786 482.510371 509.982743 539.735283 567.145476 590.043820 603.115732 617.373030 626.993511 625.435190 643.446417 662.497415 681.865315 709.364397
