tests/Borden05m/data_simulated/sim_1/output-maps/psiliqL0012N0013.asc
ncols         160
nrows         34
xllcorner     620200.000000
yllcorner     5168000.000000
cellsize      0.500000
NODATA_value  -9999.0
[rows 0 to 24 of 34, columns 0 to 56 of 160]
-9999.0 -9999.0 -9999.0 -9999.0 -9999.0 -9999.0 -9999.0 -9999.0 -9999.0 -9999.0 -9999.0 -9999.0 -9999.0 -9999.0 -9999.0 -9999.0 -9999.0 -9999.0 -9999.0 -9999.0 -9999.0 -9999.0 -9999.0 -9999.0 -9999.0 -9999.0 -9999.0 -9999.0 -9999.0 -9999.0 -9999.0 -9999.0 -9999.0 -9999.0 -9999.0 -9999.0 -9999.0 -9999.0 -9999.0 -9999.0 -9999.0 -9999.0 -9999.0 -9999.0 -9999.0 -9999.0 -9999.0 -9999.0 -9999.0 -9999.0 -9999.0 -9999.0 -9999.0 -9999.0 -9999.0 -9999.0 -9999.0
-9999.0 -9999.0 -9999.0 -9999.0 -9999.0 -9999.0 -9999.0 -9999.0 -9999.0 -9999.0 -9999.0 -9999.0 -9999.0 -9999.0 -9999.0 -9999.0 -9999.0 -9999.0 -9999.0 -9999.0 -9999.0 -9999.0 -9999.0 -9999.0 -9999.0 -9999.0 -9999.0 -9999.0 -9999.0 -9999.0 -9999.0 -9999.0 -9999.0 -9999.0 -9999.0 -9999.0 -9999.0 -9999.0 -9999.0 -9999.0 -9999.0 -9999.0 -9999.0 -9999.0 -9999.0 -9999.0 -9999.0 -9999.0 -9999.0 -9999.0 -9999.0 -9999.0 -9999.0 -9999.0 -9999.0 -9999.0 -9999.0
-9999.0 -9999.0 -9999.0 -9999.0 -9999.0 -9999.0 -9999.0 -9999.0 -9999.0 -9999.0 -9999.0 -9999.0 -9999.0 -9999.0 -9999.0 -9999.0 -9999.0 -9999.0 -9999.0 -9999.0 -9999.0 -9999.0 -9999.0 -9999.0 -9999.0 -9999.0 -9999.0 -9999.0 -9999.0 -9999.0 -9999.0 -9999.0 -9999.0 -9999.0 -9999.0 -9999.0 -9999.0 -9999.0 -9999.0 -9999.0 -9999.0 -9999.0 -9999.0 -9999.0 -9999.0 -9999.0 -9999.0 492.066524 474.762068 458.908587 456.827252 479.484365 502.927546 526.750380 547.373541 566.070280 585.087853
-9999.0 -9999.0 -9999.0 -9999.0 -9999.0 -9999.0 -9999.0 -9999.0 -9999.0 -9999.0 -9999.0 -9999.0 -9999.0 -9999.0 -9999.0 -9999.0 -9999.0 -9999.0 -9999.0 -9999.0 -9999.0 -9999.0 -9999.0 -9999.0 -9999.0 -9999.0 -9999.0 -9999.0 -9999.0 -9999.0 -9999.0 -9999.0 -9999.0 -9999.0 -9999.0 -9999.0 -9999.0 -9999.0 -9999.0 -9999.0 539.499946 545.422716 546.771124 536.275871 525.124241 513.090926 493.195303 475.453374 460.500964 457.988623 460.744848 466.091376 488.874980 513.525462 533.241535 550.464216 569.791488
-9999.0 -9999.0 -9999.0 -9999.0 -9999.0 -9999.0 -9999.0 -9999.0 -9999.0 -9999.0 -9999.0 -9999.0 -9999.0 -9999.0 -9999.0 -9999.0 -9999.0 -9999.0 -9999.0 -9999.0 -9999.0 -9999.0 -9999.0 -9999.0 -9999.0 -9999.0 -9999.0 -9999.0 -9999.0 -9999.0 -9999.0 -9999.0 -9999.0 -9999.0 447.077344 464.603477 482.763246 501.207536 517.957835 524.734249 530.601044 536.405425 532.395889 527.799033 516.570712 497.703646 478.258760 464.431774 462.287636 459.918534 464.385595 477.457534 494.350166 510.741908 531.820437 555.407618 564.823076
-9999.0 -9999.0 -9999.0 -9999.0 -9999.0 -9999.0 -9999.0 -9999.0 -9999.0 -9999.0 -9999.0 -9999.0 -9999.0 -9999.0 -9999.0 -9999.0 -9999.0 -9999.0 -9999.0 -9999.0 -9999.0 -9999.0 -9999.0 -9999.0 -9999.0 -9999.0 -9999.0 -9999.0 451.029252 445.180709 440.192166 438.801265 437.610547 436.583623 443.549434 455.788189 474.000374 495.722751 508.731798 516.024456 522.720410 523.576634 518.721171 516.793006 517.209938 505.571885 494.067480 483.315538 472.970185 471.697731 481.442168 495.665491 512.009190 527.050145 542.678534 554.330509 571.376742
-9999.0 -9999.0 -9999.0 -9999.0 -9999.0 -9999.0 -9999.0 -9999.0 -9999.0 -9999.0 -9999.0 -9999.0 -9999.0 -9999.0 -9999.0 -9999.0 -9999.0 -9999.0 -9999.0 -9999.0 -9999.0 -9999.0 -9999.0 421.078526 427.005989 433.605075 441.126297 442.130208 438.084036 432.556462 429.592759 428.198955 426.664501 431.253688 439.567589 453.327459 469.327286 491.259885 500.002020 506.396725 518.824041 521.551725 527.123955 531.311853 529.721632 527.092690 514.954782 506.020743 511.484314 517.668661 524.580637 532.659836 546.211999 561.976201 579.818636 600.582557 622.523422
-9999.0 -9999.0 -9999.0 -9999.0 -9999.0 -9999.0 -9999.0 -9999.0 -9999.0 -9999.0 -9999.0 -9999.0 -9999.0 -9999.0 -9999.0 -9999.0 -9999.0 -9999.0 -9999.0 395.886686 396.818137 398.011766 402.744216 403.700388 405.968489 413.069135 421.331630 423.724975 422.180431 420.816887 422.503704 425.368313 429.851944 441.409467 455.444063 469.838563 484.033390 505.138238 520.133678 534.072118 550.337738 549.651540 545.697409 543.962915 544.668247 545.293280 550.356321 553.761627 560.219350 565.706484 572.692590 582.317716 594.049761 612.906324 633.542896 654.274398 673.555091
-9999.0 -9999.0 -9999.0 -9999.0 -9999.0 -9999.0 -9999.0 -9999.0 -9999.0 -9999.0 -9999.0 -9999.0 -9999.0 -9999.0 -9999.0 -9999.0 367.207010 369.093317 371.317549 376.754933 379.566384 383.631516 390.642589 391.929823 395.861356 403.127556 408.214657 417.084578 425.238273 432.767965 438.951884 441.890846 449.717629 459.661731 471.869333 487.608795 509.597164 532.905048 549.561945 566.723429 584.080568 584.963395 584.194215 585.663078 586.665908 594.064457 612.352416 618.947943 621.646149 639.644413 654.496158 660.478045 668.815176 688.385521 713.067900 738.501600 769.695921
-9999.0 -9999.0 -9999.0 -9999.0 -9999.0 -9999.0 -9999.0 -9999.0 -9999.0 -9999.0 -9999.0 -9999.0 -9999.0 321.565028 325.751363 335.204470 344.082796 346.551452 350.765984 356.769046 369.058570 372.774468 379.149536 386.908984 398.773131 407.545395 416.964357 429.031994 437.753856 445.296981 452.717415 459.103849 472.948048 488.688505 504.988879 525.738050 548.135721 569.481782 590.844069 607.085078 621.665079 624.860337 624.160863 626.842093 635.374318 653.755478 673.693326 685.127034 705.765011 730.221482 745.212174 758.538760 768.487831 782.680637 804.827159 840.955200 878.349416
-9999.0 -9999.0 -9999.0 -9999.0 -9999.0 -9999.0 -9999.0 -9999.0 -9999.0 -9999.0 287.598547 290.071347 286.708476 286.945230 291.909128 303.969777 317.519875 324.316413 335.843919 356.719673 374.383426 378.094124 392.972218 403.321907 410.283969 421.193457 434.692865 447.993767 465.476217 478.579209 491.196510 511.824065 528.969286 546.155295 564.634132 585.521395 606.743132 636.905437 665.227366 679.854718 704.045399 717.327846 715.353401 716.357033 725.895697 743.826731 767.624676 793.994414 817.849736 845.273688 865.326711 881.134806 893.213077 906.913598 923.725054 958.552360 999.358319
-9999.0 -9999.0 -9999.0 -9999.0 -9999.0 -9999.0 -9999.0 -9999.0 263.239305 270.390130 276.645886 273.711663 269.207932 265.674316 279.176372 295.082960 311.185665 328.660240 344.803184 363.058651 378.767653 395.497562 415.469658 427.644077 439.847172 455.601953 469.843874 487.942757 509.985820 524.389748 543.023434 565.622589 585.656869 604.794634 624.603104 644.196154 673.024796 708.528915 742.500258 767.950818 797.593263 822.829813 823.897816 827.837640 833.589792 860.840033 892.143821 924.371354 951.979503 980.879461 1011.188486 1029.587587 1041.075001 1054.494546 1070.485670 1088.780649 1116.021247
-9999.0 -9999.0 -9999.0 -9999.0 -9999.0 -9999.0 236.691938 260.900976 275.850322 268.080799 259.032904 255.640407 251.968515 273.707656 295.503743 312.712418 329.694685 347.417116 364.160426 378.298641 413.101070 430.862770 446.126929 465.584187 480.647437 495.767029 514.005745 538.418104 561.901597 594.109059 623.082662 649.845717 677.869119 699.318767 719.812413 740.418646 773.947963 813.372995 852.029498 883.288915 912.340600 943.746173 952.881942 959.616527 967.961203 988.666871 1020.229716 1051.095068 1085.494916 1118.001613 1144.468021 1156.743769 1167.589146 1179.463447 1193.424094 1206.377756 1220.779826
-9999.0 -9999.0 -9999.0 -9999.0 203.235907 224.192424 244.524808 275.345396 298.011247 292.980767 300.085626 300.598644 299.225775 302.708995 309.414353 327.660867 346.160731 364.954889 383.659669 420.415972 464.253976 481.225544 507.640545 540.781457 555.729648 571.975622 589.110920 613.541667 643.006395 679.024823 726.120424 766.569139 794.779544 819.756920 842.634244 866.864732 901.896555 940.714182 978.615635 1013.948966 1044.884983 1070.951270 1084.870525 1093.258769 1105.195828 1121.178260 1142.076422 1169.144280 1199.760535 1231.603052 1256.745296 1271.085574 1279.450076 1290.410864 1301.605577 1314.320801 1326.584437
-9999.0 -9999.0 -9999.0 154.930688 193.543659 230.993042 258.337299 289.402518 321.448167 327.087995 336.041839 341.972563 347.958705 357.068698 366.673125 383.824770 399.530998 414.609812 436.934236 474.614555 511.377910 544.487164 578.396858 608.426872 631.735295 649.191663 668.660743 694.535099 736.245230 776.751811 829.365392 884.498689 923.240051 949.168362 971.670329 999.113919 1024.329830 1060.145732 1095.110985 1128.204249 1159.969318 1185.118681 1204.668119 1212.683867 1221.794879 1230.544965 1247.071479 1268.357180 1289.975470 1318.257991 1346.034049 1369.532443 1383.092693 1392.947040 1408.768347 1424.436840 1436.561904
-9999.0 -9999.0 108.097620 145.531363 180.248315 231.260758 284.172622 318.359397 359.483839 384.303868 391.763028 410.106697 427.200646 435.631799 452.435867 470.323595 486.775707 492.926019 509.089254 543.176210 596.447353 645.753974 673.995428 729.165757 764.398364 791.950579 809.785186 837.384588 873.286389 917.203492 966.931884 1016.996374 1056.211349 1087.686359 1103.990681 1122.830939 1145.478280 1168.595638 1201.338888 1230.181900 1260.720258 1286.711867 1308.791713 1316.595408 1321.579178 1336.667610 1359.518528 1383.797310 1406.942685 1429.133241 1436.420592 1445.691668 1450.378343 1453.521486 1457.654084 1460.582232 1462.090276
-9999.0 -9999.0 82.180771 126.718516 168.297456 236.641659 314.775517 352.549646 396.060202 441.909108 461.616254 486.712545 502.731644 516.969406 541.507215 565.448693 575.604572 582.037752 583.258159 640.249163 701.288255 759.661621 817.766593 884.175433 929.221609 945.093832 957.176387 978.042430 1003.681131 1047.390836 1095.797240 1147.236372 1190.270463 1220.434732 1236.101651 1253.187698 1272.768452 1290.327170 1308.537450 1345.325360 1370.490708 1394.960865 1420.536897 1440.145816 1448.047098 1450.836320 1443.179751 1450.642426 1455.941419 1458.582968 1459.658835 1456.817857 1456.676549 1457.886483 1459.266369 1454.507760 1447.974080
-9999.0 -5.671218 46.429856 100.242704 170.163432 238.792227 323.840789 404.857555 459.678704 505.918889 536.196357 553.218546 598.426904 644.933871 672.462995 701.308275 703.750517 707.848711 700.809214 749.265878 803.800453 885.476652 997.682903 1054.683104 1096.104689 1100.381493 1097.425579 1111.314531 1136.054910 1177.785399 1240.763905 1285.006137 1333.949496 1370.759678 1384.470662 1390.415653 1406.872998 1425.679584 1420.822035 1438.485429 1446.957346 1454.252954 1455.857595 1457.811871 1459.046859 1459.440923 1456.429867 1450.353028 1442.814341 1437.301639 1433.122314 1428.501076 1431.065753 1434.526269 1435.429024 1428.330886 1420.013674
-9999.0 -40.488072 19.484245 91.705902 163.581436 236.326392 344.606880 482.244339 534.215827 572.139334 600.081357 634.422578 717.252377 784.849996 821.330298 865.191769 862.401469 853.765742 847.173937 883.201956 936.566517 1011.766505 1146.423439 1229.229284 1252.896366 1265.609182 1274.482046 1300.174227 1334.209448 1366.835123 1396.038450 1402.295483 1423.239241 1433.915567 1437.695884 1439.702084 1443.098284 1443.974908 1442.460400 1439.739124 1436.123824 1437.234766 1441.853574 1442.211752 1439.785001 1436.743274 1430.878044 1422.935568 1416.856161 1411.526923 1407.907681 1404.260469 1402.537742 1402.686425 1398.296285 1392.039387 1382.109942
-9999.0 -67.629590 2.762951 67.599487 137.170213 257.265443 382.385919 516.083828 609.015089 649.428672 685.593289 763.968768 863.687188 955.552867 1005.560629 1031.200989 1037.738980 1024.563751 1035.298232 1082.197182 1147.207036 1232.402058 1312.556499 1383.261276 1397.187163 1402.301078 1389.058782 1400.414394 1410.936458 1414.252622 1416.972540 1420.731749 1427.293911 1431.258673 1431.218755 1429.352809 1425.423129 1418.125198 1413.629336 1410.904647 1408.007823 1408.118300 1411.108294 1412.218060 1409.582207 1405.226267 1399.784787 1393.130491 1386.099273 1378.553918 1373.682410 1368.979932 1366.411717 1361.493290 1356.640308 1349.959347 1335.377086
-9999.0 -161.357348 -74.966405 -16.347174 108.337586 279.125066 405.503035 558.690413 701.957572 748.470904 832.758982 947.541571 1047.149219 1116.269519 1156.853268 1198.409070 1227.744261 1253.804426 1290.236355 1269.879305 1323.102548 1372.220687 1393.896318 1405.658166 1407.541412 1410.624759 1404.651117 1387.353525 1378.636225 1373.557194 1376.751160 1385.297601 1391.992129 1398.393680 1396.990105 1397.667234 1397.342663 1393.520076 1389.695235 1381.719943 1374.396307 1369.035931 1367.581221 1372.733689 1367.515856 1363.595471 1356.829982 1348.076279 1338.715251 1330.252175 1321.892587 1314.578588 1311.273704 1305.315092 1303.238139 1294.569803 1266.687688
-9999.0 -242.332840 -164.292804 -67.462268 77.741281 242.431767 381.235426 552.209655 754.946860 869.644285 985.651647 1052.446018 1123.314477 1184.820124 1246.081452 1288.390085 1311.829436 1322.872983 1320.439667 1332.777352 1308.303468 1306.238057 1325.962079 1353.209637 1366.988614 1372.080644 1364.542923 1354.690235 1348.622465 1348.587276 1348.422081 1348.210349 1347.582400 1346.139544 1343.262167 1344.866294 1348.763076 1342.395660 1333.907103 1325.922583 1318.790515 1310.771907 1305.388183 1302.075935 1300.369830 1299.529056 1291.531038 1280.655198 1269.611344 1260.881726 1252.589975 1246.318333 1243.339366 1238.000747 1229.991072 1217.528810 1189.539436
-9999.0 -335.489254 -216.979449 -118.202673 10.941288 150.438024 283.426610 451.865652 608.197031 824.973687 987.605107 1073.692358 1111.302398 1164.274374 1222.840346 1285.044569 1291.062286 1264.830750 1238.461968 1228.400781 1236.629776 1249.326833 1265.177251 1286.536611 1304.468644 1314.315641 1316.110289 1308.773349 1295.872184 1287.590896 1282.076282 1273.376659 1267.025188 1266.192217 1266.300852 1272.551689 1274.511110 1265.061191 1252.132457 1236.485889 1222.853540 1212.592574 1209.532582 1210.473790 1210.058756 1206.288249 1199.040453 1188.350882 1175.632062 1163.759231 1155.747566 1149.788242 1142.684188 1132.704202 1121.521013 1108.786216 1082.777300
-9999.0 -9999.0 -289.645920 -177.532999 -64.985947 61.668432 184.680117 335.946808 491.099019 677.615150 797.341457 916.020044 982.140793 1026.496973 1076.973192 1128.776293 1145.441610 1162.805705 1146.737719 1152.529810 1161.183106 1169.374303 1181.053235 1194.222810 1208.113364 1218.104917 1225.270980 1223.427942 1214.652675 1198.579038 1179.686860 1165.237196 1156.800507 1150.232246 1158.636883 1169.193402 1166.222117 1159.234872 1147.233576 1131.652887 1118.653092 1105.162573 1101.290309 1101.479696 1101.238455 1098.030992 1093.045995 1080.129577 1067.035795 1054.672929 1048.586829 1042.017685 1035.928209 1024.621472 1012.511344 998.937281 975.532368
-9999.0 -9999.0 -373.035410 -262.588269 -144.205120 -18.495629 86.860124 178.305803 335.968096 456.911392 561.698685 657.440472 736.285945 797.382547 841.804010 900.291704 936.872318 952.292911 969.171213 995.662115 1021.343594 1047.971431 1066.107403 1079.722935 1093.929004 1106.844797 1115.599339 1104.813686 1094.327505 1078.338648 1057.994070 1035.845763 1024.123957 1019.796811 1022.214380 1027.450525 1021.714949 1011.771250 997.273825 981.222228 967.963312 956.131842 951.772105 948.542605 947.113556 943.983410 940.395071 931.270128 919.446618 911.063675 902.479025 895.819978 892.001821 884.318850 874.148396 866.642122 848.408507
