tests/Borden05m/data_simulated/sim_1/output-maps/psiliqL0008N0002.asc
ncols         160
nrows         34
xllcorner     620200.000000
yllcorner     5168000.000000
cellsize      0.500000
NODATA_value  -9999.0
[rows 0 to 24 of 34, columns 0 to 56 of 160]
-9999.0 -9999.0 -9999.0 -9999.0 -9999.0 -9999.0 -9999.0 -9999.0 -9999.0 -9999.0 -9999.0 -9999.0 -9999.0 -9999.0 -9999.0 -9999.0 -9999.0 -9999.0 -9999.0 -9999.0 -9999.0 -9999.0 -9999.0 -9999.0 -9999.0 -9999.0 -9999.0 -9999.0 -9999.0 -9999.0 -9999.0 -9999.0 -9999.0 -9999.0 -9999.0 -9999.0 -9999.0 -9999.0 -9999.0 -9999.0 -9999.0 -9999.0 -9999.0 -9999.0 -9999.0 -9999.0 -9999.0 -9999.0 -9999.0 -9999.0 -9999.0 -9999.0 -9999.0 -9999.0 -9999.0 -9999.0 -9999.0
-9999.0 -9999.0 -9999.0 -9999.0 -9999.0 -9999.0 -9999.0 -9999.0 -9999.0 -9999.0 -9999.0 -9999.0 -9999.0 -9999.0 -9999.0 -9999.0 -9999.0 -9999.0 -9999.0 -9999.0 -9999.0 -9999.0 -9999.0 -9999.0 -9999.0 -9999.0 -9999.0 -9999.0 -9999.0 -9999.0 -9999.0 -9999.0 -9999.0 -9999.0 -9999.0 -9999.0 -9999.0 -9999.0 -9999.0 -9999.0 -9999.0 -9999.0 -9999.0 -9999.0 -9999.0 -9999.0 -9999.0 -9999.0 -9999.0 -9999.0 -9999.0 -9999.0 -9999.0 -9999.0 -9999.0 -9999.0 -9999.0
-9999.0 -9999.0 -9999.0 -9999.0 -9999.0 -9999.0 -9999.0 -9999.0 -9999.0 -9999.0 -9999.0 -9999.0 -9999.0 -9999.0 -9999.0 -9999.0 -9999.0 -9999.0 -9999.0 -9999.0 -9999.0 -9999.0 -9999.0 -9999.0 -9999.0 -9999.0 -9999.0 -9999.0 -9999.0 -9999.0 -9999.0 -9999.0 -9999.0 -9999.0 -9999.0 -9999.0 -9999.0 -9999.0 -9999.0 -9999.0 -9999.0 -9999.0 -9999.0 -9999.0 -9999.0 -9999.0 -9999.0 -322.022597 -339.620076 -356.598724 -358.430860 -335.862808 -312.918817 -289.694729 -269.625982 -251.327631 -232.623464
-9999.0 -9999.0 -9999.0 -9999.0 -9999.0 -9999.0 -9999.0 -9999.0 -9999.0 -9999.0 -9999.0 -9999.0 -9999.0 -9999.0 -9999.0 -9999.0 -9999.0 -9999.0 -9999.0 -9999.0 -9999.0 -9999.0 -9999.0 -9999.0 -9999.0 -9999.0 -9999.0 -9999.0 -9999.0 -9999.0 -9999.0 -9999.0 -9999.0 -9999.0 -9999.0 -9999.0 -9999.0 -9999.0 -9999.0 -9999.0 -274.322555 -268.583431 -267.089154 -278.206983 -289.746329 -301.682426 -321.673379 -339.611098 -355.417364 -358.550428 -356.275556 -350.820181 -328.094594 -304.350171 -285.371197 -268.347733 -249.560797
-9999.0 -9999.0 -9999.0 -9999.0 -9999.0 -9999.0 -9999.0 -9999.0 -9999.0 -9999.0 -9999.0 -9999.0 -9999.0 -9999.0 -9999.0 -9999.0 -9999.0 -9999.0 -9999.0 -9999.0 -9999.0 -9999.0 -9999.0 -9999.0 -9999.0 -9999.0 -9999.0 -9999.0 -9999.0 -9999.0 -9999.0 -9999.0 -9999.0 -9999.0 -365.105339 -347.719540 -329.966645 -312.080627 -295.889719 -289.617331 -283.899652 -278.269392 -282.528802 -287.659582 -299.267825 -318.025529 -337.995510 -352.548216 -355.530409 -358.503811 -354.483513 -341.741195 -325.600778 -309.659226 -289.239073 -266.659752 -257.983174
-9999.0 -9999.0 -9999.0 -9999.0 -9999.0 -9999.0 -9999.0 -9999.0 -9999.0 -9999.0 -9999.0 -9999.0 -9999.0 -9999.0 -9999.0 -9999.0 -9999.0 -9999.0 -9999.0 -9999.0 -9999.0 -9999.0 -9999.0 -9999.0 -9999.0 -9999.0 -9999.0 -9999.0 -359.464882 -365.577049 -371.058913 -372.916466 -374.587672 -376.172368 -369.491716 -357.432048 -339.470792 -318.478240 -306.181769 -299.472542 -293.341382 -292.887716 -298.047347 -300.659565 -300.890250 -312.928795 -324.914971 -336.176627 -347.059486 -348.650230 -339.575576 -326.343498 -310.994942 -296.905527 -282.283040 -269.668451 -254.836915
-9999.0 -9999.0 -9999.0 -9999.0 -9999.0 -9999.0 -9999.0 -9999.0 -9999.0 -9999.0 -9999.0 -9999.0 -9999.0 -9999.0 -9999.0 -9999.0 -9999.0 -9999.0 -9999.0 -9999.0 -9999.0 -9999.0 -9999.0 -387.781948 -381.842605 -375.651139 -368.661112 -368.123048 -372.750014 -378.780772 -382.380627 -384.389712 -386.377237 -382.461207 -374.441999 -361.184258 -345.765514 -324.747342 -316.705268 -310.507074 -298.503671 -296.860530 -292.738215 -289.270893 -291.654887 -294.800464 -307.197967 -316.473180 -311.119928 -305.452468 -299.757905 -293.057319 -280.804802 -265.805520 -248.656024 -228.618648 -207.608700
-9999.0 -9999.0 -9999.0 -9999.0 -9999.0 -9999.0 -9999.0 -9999.0 -9999.0 -9999.0 -9999.0 -9999.0 -9999.0 -9999.0 -9999.0 -9999.0 -9999.0 -9999.0 -9999.0 -411.947947 -411.339047 -410.654104 -406.410011 -405.670047 -403.715444 -397.055742 -389.307912 -387.679160 -389.641855 -391.788321 -390.727954 -388.579315 -384.966684 -373.977819 -360.683308 -347.138888 -333.576843 -313.373957 -299.256876 -285.865519 -270.266372 -272.411368 -277.633512 -280.558789 -280.834432 -280.852551 -275.183421 -271.989086 -266.991513 -261.702526 -255.345595 -247.268650 -237.373639 -219.660101 -200.194054 -180.748233 -162.383777
-9999.0 -9999.0 -9999.0 -9999.0 -9999.0 -9999.0 -9999.0 -9999.0 -9999.0 -9999.0 -9999.0 -9999.0 -9999.0 -9999.0 -9999.0 -9999.0 -439.673360 -438.041249 -436.265228 -431.245419 -429.161428 -425.600245 -419.161719 -418.543978 -415.102672 -408.475667 -403.952342 -395.998213 -388.742035 -381.961717 -376.624906 -374.557896 -367.426033 -358.407514 -347.177465 -332.165247 -310.916924 -289.008398 -273.466680 -257.552535 -241.515986 -242.061243 -244.085970 -243.796944 -243.718194 -236.283998 -218.629454 -213.130428 -210.355737 -192.074411 -178.515684 -173.920946 -167.586973 -150.604343 -127.984947 -102.667993 -71.716981
-9999.0 -9999.0 -9999.0 -9999.0 -9999.0 -9999.0 -9999.0 -9999.0 -9999.0 -9999.0 -9999.0 -9999.0 -9999.0 -483.176608 -479.237235 -470.448484 -462.776595 -460.963123 -457.520565 -452.330701 -440.658168 -437.649257 -431.939700 -424.829991 -414.058687 -406.161496 -397.529930 -386.394216 -378.571967 -372.051661 -365.624533 -359.628383 -346.563228 -331.857008 -316.624994 -297.097946 -276.345410 -256.051341 -235.765695 -221.686709 -208.372986 -205.645402 -208.426540 -207.663922 -200.193642 -182.580868 -164.219117 -152.413713 -131.343321 -108.278500 -94.398571 -81.817247 -73.374289 -61.807695 -42.243217 -6.905080 29.688963
-9999.0 -9999.0 -9999.0 -9999.0 -9999.0 -9999.0 -9999.0 -9999.0 -9999.0 -9999.0 -518.028450 -515.575052 -519.275847 -518.660388 -514.449839 -503.055893 -490.431860 -483.961678 -473.347175 -453.472257 -437.051627 -434.172699 -419.941791 -410.690451 -404.830889 -394.808426 -382.385733 -370.088781 -353.467672 -341.568904 -329.618516 -309.571602 -293.948535 -278.471120 -261.756072 -243.044253 -222.956004 -193.750591 -167.470619 -154.305875 -131.015570 -117.586239 -121.704078 -122.519354 -115.541817 -98.398483 -74.736995 -47.787113 -24.440213 3.164592 25.099365 40.710861 52.121630 64.989145 80.732102 113.652537 156.325929
-9999.0 -9999.0 -9999.0 -9999.0 -9999.0 -9999.0 -9999.0 -9999.0 -541.577427 -535.031457 -528.962995 -532.284782 -537.362289 -540.865592 -528.413055 -513.143796 -497.806848 -481.518811 -466.260230 -449.197134 -434.285683 -418.401432 -399.975272 -388.950375 -377.882019 -363.555583 -350.708332 -333.545070 -313.067580 -299.105987 -280.784844 -259.826806 -241.278497 -224.378545 -207.198363 -190.132359 -162.553678 -129.365876 -97.800966 -73.422807 -45.919376 -21.231382 -21.070650 -18.079157 -13.391552 13.290457 45.147520 78.558974 110.435826 145.135532 182.423383 205.256120 219.252629 233.983859 251.610779 272.025463 307.894327
-9999.0 -9999.0 -9999.0 -9999.0 -9999.0 -9999.0 -566.673448 -542.878043 -528.505066 -536.573583 -544.786649 -548.386610 -552.151248 -533.913256 -513.266064 -497.150534 -481.232783 -464.732498 -449.301893 -435.236900 -400.845711 -385.622538 -371.593728 -352.623379 -339.661466 -326.652664 -310.220100 -287.403595 -264.992312 -232.911411 -203.827104 -178.000616 -152.672756 -134.044240 -116.587655 -98.180565 -66.977446 -29.935913 6.617274 37.432431 66.497816 96.984249 107.524390 114.634591 124.880457 147.060764 183.849066 223.103961 268.512510 317.396202 364.719755 390.395739 406.292692 419.115771 432.787439 447.193296 466.128330
-9999.0 -9999.0 -9999.0 -9999.0 -599.532297 -578.856054 -558.553257 -528.090853 -505.921926 -511.777051 -504.830698 -504.665808 -506.352957 -504.590886 -499.673931 -482.600844 -465.862009 -449.055858 -431.194840 -394.153361 -353.825366 -338.233226 -312.291638 -281.023258 -268.044482 -254.206417 -239.771770 -217.612689 -188.953271 -154.784181 -108.562833 -69.369356 -43.506661 -20.887677 -0.588713 22.535586 55.392883 93.739950 133.402906 174.166033 213.065967 244.037499 262.561821 273.885483 290.565734 315.677292 353.898342 397.531665 437.785422 478.579762 514.281292 535.998874 546.105968 555.374727 564.216918 574.806117 586.337369
-9999.0 -9999.0 -9999.0 -645.782473 -607.625401 -571.275150 -544.099751 -513.609181 -482.645064 -476.595178 -468.965964 -462.935506 -456.757484 -448.515106 -439.121060 -423.840622 -410.997133 -399.699693 -380.008086 -344.493931 -309.319395 -275.957074 -244.488245 -214.760498 -192.732772 -178.041726 -162.335519 -139.005711 -100.017112 -60.605628 -9.454451 44.413514 83.043587 109.676310 132.220901 161.880933 191.717815 232.391463 276.757554 326.812372 379.969671 415.459339 438.871725 448.568521 459.637798 473.993167 499.995466 528.733103 552.913238 580.259648 607.194589 628.197230 639.323525 645.898658 657.609488 669.159259 678.517703
-9999.0 -9999.0 -691.808487 -655.235854 -620.012029 -568.456059 -516.488916 -483.734056 -443.600610 -418.930854 -412.433509 -394.389555 -378.172645 -370.543468 -354.391735 -337.896555 -325.930450 -323.897638 -312.735849 -277.652078 -224.461921 -176.364509 -144.894607 -89.845067 -57.399628 -35.200990 -22.076058 2.611120 35.436482 81.272514 135.370883 191.514524 237.455312 275.837279 299.263886 329.955834 369.754829 401.328637 439.617444 477.515016 516.450481 545.519595 566.195649 573.738669 578.537623 593.155075 614.949190 637.245482 657.154344 675.040168 686.655227 690.940965 692.765532 693.551659 694.607905 695.356797 696.080347
-9999.0 -9999.0 -716.433129 -672.793166 -629.818116 -559.463164 -484.953390 -447.875879 -405.559635 -362.313971 -344.202707 -321.756971 -303.518586 -286.207407 -263.443103 -240.247177 -236.646461 -234.625606 -236.354679 -182.945494 -125.316894 -62.765707 6.283059 68.222046 110.470678 122.265645 131.733648 154.011504 183.711130 235.300061 301.975538 372.220748 424.289182 458.387278 478.434627 501.454993 528.856228 550.498219 568.838509 602.437253 624.482000 644.870302 664.804720 681.011882 687.717612 689.620877 686.932734 691.251935 694.293217 695.861337 696.578663 693.943125 693.419201 694.045907 695.230297 691.251142 686.563790
-9999.0 -802.200376 -750.550231 -696.287887 -625.577683 -556.090003 -469.907770 -389.581207 -341.104185 -300.447116 -273.468293 -255.022141 -202.174306 -154.395652 -128.906699 -100.395252 -102.901956 -105.020573 -114.005669 -71.413211 -15.668701 75.257669 199.706081 266.414075 311.195318 321.252625 323.433375 349.023810 381.106983 425.190852 490.352633 538.274556 583.483634 615.350218 627.774873 634.482208 651.287729 669.114317 676.272734 686.246985 690.772112 693.947287 691.378596 691.864859 692.860660 694.075119 692.554328 688.387841 683.073690 679.754661 677.500215 674.165164 676.856967 680.094300 681.782640 676.796625 671.723195
-9999.0 -835.903922 -775.528174 -702.825164 -630.667752 -552.201210 -438.983775 -312.668364 -268.070043 -235.783554 -208.109216 -163.838217 -78.586102 -11.065321 27.237381 69.642143 68.005056 57.701058 57.103727 94.843926 153.576068 240.725013 388.630063 480.568969 501.873911 518.367081 531.372057 559.306598 590.136859 616.997646 640.534803 656.203155 667.882682 673.192021 675.884404 678.407137 681.645554 683.437195 682.139816 680.093715 677.008100 677.767888 681.379612 681.562949 680.134327 679.146047 676.226308 671.605665 668.867409 666.790448 665.864747 664.022267 663.101387 663.787107 660.783889 657.076395 651.005254
-9999.0 -859.085050 -790.328959 -724.311285 -649.197180 -522.772897 -402.095110 -275.750292 -189.880329 -155.454387 -110.672592 -24.604001 77.072823 174.711561 233.637106 267.784385 285.727339 283.384978 310.092192 360.305053 422.412199 499.740610 568.384479 629.971488 642.815404 648.382914 645.556216 654.460004 661.544499 664.180160 665.978147 666.845149 671.911622 674.753778 674.777691 673.770717 671.407672 666.184932 663.397700 662.141545 660.219213 660.671039 663.495273 664.524081 663.377060 661.604037 659.736217 657.111124 654.242577 650.541014 648.767157 645.992933 643.944645 639.388820 634.960340 630.203237 619.544914
-9999.0 -943.932768 -860.851734 -797.766458 -659.891270 -496.547061 -374.687219 -223.359207 -94.400314 -49.898961 39.200769 151.352137 268.896244 365.959998 426.910511 477.679537 510.408925 538.219944 572.178805 573.878789 612.590141 643.836857 656.063243 661.720500 658.828057 662.053753 658.754706 645.610823 639.696148 635.827055 638.727192 645.979980 651.514904 657.193400 656.021756 657.214850 657.874914 656.052446 654.295223 647.991874 641.506599 636.669733 635.556561 640.907544 637.061928 635.345276 632.196265 627.734072 622.668841 617.811560 612.222843 605.832264 601.056303 592.560149 588.245136 579.291053 552.816971
-9999.0 -1024.572673 -945.392419 -838.553056 -684.743096 -522.206241 -374.943270 -206.507767 -24.001842 75.252874 176.415372 250.323846 358.236798 456.953845 537.382351 580.198707 602.226151 611.546396 613.923819 618.627732 594.675743 590.023212 604.100359 624.390570 633.302556 637.777817 632.436828 625.681976 622.395865 623.581467 623.846493 624.146483 623.958003 622.911861 620.465678 622.074427 626.363698 621.987778 615.347681 607.319624 598.410308 588.875160 582.749346 579.779632 578.414388 578.921485 573.530953 565.835714 558.015578 551.779209 544.429185 536.101972 527.016313 512.752489 497.143172 478.560806 444.133587
-9999.0 -1109.546244 -995.637382 -891.086309 -753.089987 -612.686793 -475.108915 -308.203737 -153.105654 47.174982 218.541683 288.674322 352.252610 428.104022 509.072915 572.887418 582.977241 559.742541 538.143545 527.352389 530.412955 538.521769 550.127617 567.419132 581.835256 590.904971 593.293332 587.467571 576.237331 569.320301 565.071037 557.763298 552.464203 552.281368 551.636009 556.860028 559.466082 550.771361 537.352582 516.836793 493.525013 475.670318 468.385700 467.552585 466.602932 463.071256 455.740913 445.386189 432.965326 421.209669 411.176987 399.898700 381.808960 356.824896 332.572075 309.194537 272.331677
-9999.0 -9999.0 -1064.145423 -951.588720 -834.464946 -704.981851 -575.156323 -419.489932 -267.736288 -85.720412 29.526875 132.843176 202.770937 268.846655 349.980711 411.152872 428.645111 443.075914 422.789314 424.001606 428.394014 433.266612 443.164590 456.353341 471.601673 483.988516 492.303072 489.369604 477.412676 458.891527 438.896113 424.298796 415.817126 409.992676 417.820969 428.170690 425.787243 417.774935 401.869116 375.465386 342.957941 315.647788 305.648172 304.205849 303.101174 298.504756 290.912870 275.082717 259.277231 244.192084 235.760009 226.227062 215.143895 198.223488 181.309528 163.494257 135.979776
-9999.0 -9999.0 -1145.631375 -1033.821342 -911.522750 -784.625140 -675.186438 -564.931690 -406.848099 -288.188374 -191.106709 -104.832491 -32.599128 29.109765 83.129155 145.642853 178.565939 192.184752 199.343849 214.371987 234.531654 255.520588 271.669555 288.307394 307.757281 326.484292 339.203232 324.484477 305.944117 282.003449 256.123702 231.183346 218.167445 212.377802 216.538060 223.812230 218.451207 206.818848 189.140155 167.095197 146.927733 129.507571 122.788272 119.634298 118.435099 115.137651 110.791056 100.094377 86.910364 77.390517 68.779991 61.275108 56.434857 47.292386 36.179503 28.123492 9.140163
