tests/Borden05m/data_simulated/sim_1/output-maps/psiliqL0017N0004.asc
ncols         160
nrows         34
xllcorner     620200.000000
yllcorner     5168000.000000
cellsize      0.500000
NODATA_value  -9999.0
[rows 0 to 24 of 34, columns 55 to 109 of 160]
-9999.0 -9999.0 -9999.0 -9999.0 -9999.0 -9999.0 -9999.0 -9999.0 -9999.0 -9999.0 -9999.0 -9999.0 -9999.0 -9999.0 -9999.0 -9999.0 -9999.0 -9999.0 -9999.0 -9999.0 -9999.0 -9999.0 -9999.0 -9999.0 -9999.0 -9999.0 -9999.0 -9999.0 -9999.0 -9999.0 -9999.0 -9999.0 -9999.0 -9999.0 -9999.0 -9999.0 -9999.0 -9999.0 -9999.0 -9999.0 -9999.0 -9999.0 -9999.0 -9999.0 -9999.0 -9999.0 -9999.0 -9999.0 -9999.0 -9999.0 -9999.0 -9999.0 -9999.0 -9999.0 -9999.0
-9999.0 -9999.0 -9999.0 -9999.0 1625.069804 1619.766910 1614.909166 1610.427534 1601.971058 1593.077282 1585.208340 1581.537007 1580.912381 1580.471626 1580.364446 1585.834894 1594.176223 1602.105512 1609.445718 1612.100988 1614.745159 1617.095933 1617.737000 1616.769855 1613.772611 1610.691053 1607.495344 1606.093315 1598.384629 1587.210493 1578.657436 1575.993382 1580.378845 1584.826767 1587.310183 1592.916775 1603.458195 1614.055747 1622.393618 1634.217793 1640.086567 1644.918331 1647.382151 1642.914032 1639.055235 1634.835333 1629.127311 1617.906357 -9999.0 -9999.0 -9999.0 -9999.0 -9999.0 -9999.0 -9999.0
1569.876083 1588.924721 1609.473266 1612.852839 1601.415610 1596.606070 1593.626501 1592.008781 1587.671214 1579.420199 1574.569646 1569.516180 1567.787535 1568.204370 1568.585596 1572.917350 1583.593912 1591.817982 1596.797027 1599.601317 1602.516953 1602.066324 1601.698281 1601.641996 1598.984538 1595.758453 1592.567388 1590.922371 1591.804934 1584.327919 1578.774041 1575.269267 1573.246035 1575.849236 1578.335565 1582.070861 1591.394438 1599.355239 1607.276903 1621.596950 1633.939037 1638.952903 1636.020366 1630.704418 1626.443690 1619.100183 1608.473956 1598.011490 1588.800724 1581.776185 1575.851252 1569.412252 1574.993230 1581.433696 1590.604261
1554.639957 1574.192990 1594.734137 1597.783001 1587.445308 1579.643963 1574.412865 1575.083671 1578.320544 1575.291028 1571.008905 1565.569608 1574.933567 1576.531112 1577.931404 1581.563597 1584.634149 1588.686045 1591.618386 1597.227386 1606.452289 1609.434625 1610.178410 1610.527677 1608.879284 1605.935923 1604.277251 1601.680833 1596.600254 1595.390368 1595.547839 1595.019037 1599.736481 1601.258170 1603.363382 1597.055880 1600.838886 1606.969052 1613.701737 1619.702950 1625.910478 1629.051349 1625.310770 1624.352037 1615.399717 1601.065049 1589.801598 1581.161895 1579.492663 1575.849040 1567.383343 1553.744565 1560.574662 1575.646298 1579.674330
1560.884703 1570.447134 1582.272761 1585.548028 1580.974044 1583.014377 1585.113357 1586.967733 1585.759030 1583.052222 1580.787965 1593.085366 1602.590645 1604.712816 1607.922783 1612.071617 1612.300817 1601.086426 1599.103086 1607.335175 1617.704659 1623.545648 1624.015442 1624.109082 1621.803270 1620.977761 1620.853445 1618.958166 1619.450350 1621.690018 1620.972348 1625.107910 1630.725437 1633.783793 1626.822527 1617.954442 1619.220070 1627.140973 1635.484744 1642.686139 1652.854847 1663.549512 1662.354405 1656.419514 1646.844628 1632.862118 1608.970341 1589.325346 1577.692121 1569.524139 1561.529918 1561.665396 1557.343113 1568.620584 1569.573309
1557.277548 1575.999247 1597.397862 1605.259425 1599.944125 1595.911789 1594.222174 1595.506607 1595.875789 1598.631014 1610.435869 1624.076227 1638.065756 1641.124837 1643.968520 1643.762719 1635.623980 1625.780638 1622.695666 1637.266208 1653.888138 1662.322202 1662.931154 1661.431046 1667.439282 1666.785092 1665.971920 1661.763532 1663.557020 1663.958363 1672.551001 1680.220856 1687.589648 1685.957823 1673.901233 1662.253307 1661.181901 1664.731861 1669.019818 1675.424264 1685.255738 1694.257567 1688.599353 1681.277742 1671.192496 1642.574934 1615.853490 1598.816048 1598.032195 1597.364169 1591.633217 1587.863488 1584.404105 1577.402213 1576.223505
1602.709507 1624.068731 1644.875081 1660.586677 1655.561350 1648.519677 1639.674538 1640.851275 1643.735091 1651.744024 1664.533367 1681.151648 1705.046736 1707.548440 1710.549249 1712.653995 1701.527811 1689.451573 1679.062483 1698.413165 1709.188896 1717.744971 1718.587721 1727.381249 1737.212464 1733.301818 1726.134749 1715.628632 1721.900043 1732.221490 1747.359243 1754.514446 1758.814437 1756.649254 1744.827704 1738.855266 1738.286954 1741.692966 1740.234855 1745.725635 1755.098076 1769.450793 1767.874537 1759.579426 1736.741954 1698.626808 1664.545463 1645.171114 1651.130984 1643.348206 1635.448645 1631.642033 1617.487573 1606.643725 1606.312907
1652.013341 1669.564760 1688.234646 1706.989248 1702.107066 1692.732560 1679.524642 1679.118321 1686.383767 1697.178584 1716.399367 1738.489832 1761.913332 1768.209697 1769.324713 1779.614426 1773.683020 1764.433730 1756.828079 1771.249796 1783.085701 1794.813177 1803.878706 1817.025876 1828.630109 1817.450825 1804.386516 1798.011936 1803.937397 1825.400156 1844.160383 1849.236509 1849.933437 1851.778841 1841.068719 1835.084974 1829.459894 1825.941873 1821.030803 1817.413592 1837.174767 1854.348185 1852.118424 1828.196473 1803.145598 1764.445924 1725.185331 1693.801148 1695.625465 1691.191551 1689.998857 1675.203638 1659.673140 1644.793662 1636.079437
1727.589222 1755.609632 1776.303000 1798.926006 1798.298070 1781.183262 1772.147984 1777.191999 1790.807280 1798.911560 1815.872818 1838.698706 1869.496883 1889.088787 1906.798525 1911.899658 1904.562792 1896.231479 1883.863210 1884.357104 1903.818045 1916.364777 1927.032509 1937.695156 1950.668059 1955.129513 1951.700898 1951.149247 1954.900254 1963.923105 1974.534545 1981.340261 1986.139450 1990.873279 1984.543766 1973.746054 1968.808892 1961.196273 1956.146664 1954.019605 1958.785950 1971.832469 1968.317045 1937.780686 1909.048349 1874.149964 1834.842821 1802.271663 1786.354361 1794.295080 1784.201333 1765.110488 1746.973909 1713.532230 1699.103646
1822.165505 1858.424318 1886.692255 1901.867290 1915.145066 1909.027923 1910.849048 1915.865187 1924.216872 1929.387373 1937.608028 1970.843464 2006.284462 2035.301996 2060.039055 2069.096663 2058.928961 2049.684509 2037.713543 2028.930035 2035.643544 2051.539002 2069.201052 2085.266980 2097.031397 2100.633423 2099.666213 2100.199171 2102.788007 2105.914854 2109.428617 2116.388433 2123.965842 2133.925639 2144.174632 2137.057547 2120.265256 2109.062432 2096.977330 2093.281253 2092.402879 2091.685390 2090.767507 2078.728807 2042.179214 2010.472068 1976.174350 1947.948067 1927.104925 1915.164650 1893.964883 1869.171028 1820.226368 1779.572693 1744.405551
1934.585625 1977.937189 2010.060919 2033.926753 2050.237252 2053.012886 2056.566539 2059.707613 2065.681242 2070.717111 2077.240505 2101.881040 2141.541429 2180.216104 2211.167367 2214.606090 2204.521604 2194.327124 2184.754049 2173.434966 2170.508871 2180.496959 2193.644428 2211.594768 2223.155460 2231.995438 2230.719678 2231.350705 2232.518205 2234.764186 2236.839619 2239.520117 2247.558470 2260.598212 2272.943471 2273.486557 2258.610508 2241.733222 2225.198454 2219.713498 2214.763089 2208.755980 2208.529222 2207.954179 2195.841517 2166.464517 2126.896180 2082.865545 2057.234624 2035.662145 2020.940000 2002.578819 1970.487245 1912.865074 1877.886258
2068.863906 2100.526490 2132.157442 2164.556976 2183.808436 2191.323289 2192.023045 2193.865829 2201.731470 2207.396421 2216.582087 2233.632576 2260.645229 2292.117715 2320.174303 2337.221445 2332.640571 2318.820738 2300.485874 2294.292908 2293.098576 2296.299616 2304.468817 2314.567398 2331.664675 2348.960288 2355.156804 2356.215538 2353.664099 2356.403639 2358.038940 2358.411485 2360.287307 2366.388285 2374.408139 2377.257032 2371.519897 2353.821542 2332.987256 2319.976585 2312.159294 2307.724993 2305.912531 2307.107184 2306.050719 2291.263931 2258.340879 2216.627907 2182.625563 2160.913325 2143.760110 2127.614224 2113.939241 2088.260513 2067.232566
2194.011156 2210.429704 2238.683301 2267.589622 2292.565005 2309.549045 2313.266457 2318.639156 2323.823464 2333.065857 2348.739565 2369.794546 2385.842447 2404.807612 2427.878342 2441.739367 2447.444238 2447.347439 2445.492221 2447.468607 2448.211527 2410.816234 2415.487304 2420.014967 2430.794342 2441.512130 2445.451536 2446.039676 2444.610762 2446.287518 2447.118913 2447.500897 2447.420654 2448.360555 2451.559110 2452.799047 2451.365710 2442.868855 2451.107500 2433.607713 2421.508811 2413.793634 2405.542008 2396.295328 2385.571032 2374.242133 2354.833383 2325.345028 2290.664779 2264.176811 2252.276096 2243.954432 2234.797267 2227.252560 2209.424493
2307.284613 2320.200463 2338.210450 2360.450897 2391.251546 2412.432659 2423.616606 2432.547084 2437.299134 2449.917667 2464.160865 2455.711516 2460.992377 2466.340064 2471.565334 2473.312404 2473.762409 2473.499309 2471.317311 2471.051794 2469.528823 2465.800251 2456.566529 2458.493563 2460.407051 2463.104899 2466.798237 2465.634158 2466.724753 2469.896198 2468.663588 2463.401287 2460.000874 2458.661552 2459.425031 2466.683712 2470.003375 2471.015056 2469.575305 2469.242288 2469.016235 2467.161205 2464.511215 2460.453810 2455.014627 2461.026276 2449.242620 2423.681745 2387.694448 2349.831629 2337.062081 2333.631102 2332.433310 2328.416167 2320.794214
2430.950807 2444.605196 2459.141300 2450.961224 2465.629964 2473.226332 2476.740896 2479.683908 2481.868418 2483.213095 2479.657937 2475.997035 2470.883941 2469.090008 2467.292931 2464.384254 2464.517019 2462.204848 2458.053232 2454.373050 2447.657169 2437.073968 2426.226102 2423.661268 2428.285025 2433.488013 2438.004841 2441.540718 2445.023019 2445.976210 2441.415859 2433.903735 2427.151079 2425.612254 2432.299272 2437.960517 2443.704027 2444.704716 2443.810536 2442.317660 2443.108654 2441.097225 2442.006390 2448.841773 2462.395842 2466.918574 2470.151164 2469.183064 2458.455201 2439.282359 2437.522703 2417.408574 2420.839635 2415.239712 2402.759403
2475.870572 2478.550852 2478.331509 2477.321258 2471.587282 2465.734620 2464.661829 2467.932106 2473.958456 2474.231389 2466.321315 2457.043839 2449.120024 2441.249811 2438.072450 2436.014783 2434.501659 2433.868748 2428.006172 2419.417751 2403.525753 2392.151632 2381.252602 2375.438660 2372.954432 2377.291722 2387.290294 2397.459832 2402.171298 2394.903737 2387.608873 2377.185958 2369.661872 2370.293254 2372.318109 2381.488969 2396.343664 2402.140114 2403.428556 2398.782126 2394.717399 2389.742583 2388.450208 2395.952081 2411.530242 2427.708937 2442.273728 2451.006948 2458.633471 2465.362797 2467.320042 2468.914123 2469.510838 2467.649616 2467.115121
2474.380514 2468.153588 2461.724530 2456.614121 2449.774584 2443.564516 2440.846053 2441.836532 2442.970318 2437.863125 2429.668973 2417.895619 2405.454551 2394.281484 2386.083257 2385.284481 2385.870663 2385.605703 2377.890602 2362.543504 2344.549092 2331.051715 2317.265104 2313.301962 2308.052261 2302.558028 2312.633119 2330.202622 2336.677307 2322.665452 2312.952524 2299.059965 2292.498916 2289.497245 2290.993913 2300.309171 2321.022233 2342.127558 2344.331678 2335.372279 2326.845355 2323.684053 2322.515398 2329.806522 2348.681345 2370.296274 2386.669676 2397.649018 2404.304151 2413.284629 2423.577966 2437.144801 2451.132853 2462.601545 2469.685048
2451.796091 2443.889013 2435.880203 2427.690640 2419.740693 2412.118593 2406.184218 2402.182440 2396.982881 2388.734575 2379.305389 2360.144029 2345.673182 2331.327306 2315.234897 2309.545516 2303.909545 2303.486705 2290.818327 2280.420654 2262.225515 2246.586982 2230.771243 2219.182200 2213.218467 2206.870885 2208.696993 2223.090596 2231.758250 2220.040015 2210.358625 2198.825037 2193.722766 2190.789431 2193.156806 2203.665101 2225.037529 2243.954659 2252.163779 2245.675806 2243.497775 2243.956322 2244.749351 2252.695362 2267.764957 2288.726051 2311.992511 2330.995852 2342.555784 2351.932771 2363.508821 2379.682085 2394.849371 2409.693631 2427.571520
2419.064312 2409.028822 2398.204043 2387.367550 2375.222534 2362.323619 2353.675615 2352.737064 2343.542285 2334.477727 2313.552432 2261.487677 2239.565791 2218.678806 2200.579842 2192.000458 2181.823951 2168.718357 2157.958226 2150.793202 2146.348764 2130.822760 2112.816044 2095.788557 2090.423331 2086.210886 2073.942917 2074.997762 2077.061992 2085.668473 2079.092066 2075.334165 2075.038680 2072.927701 2075.735008 2089.323138 2099.993557 2108.932136 2116.129695 2118.201485 2127.959952 2136.967235 2145.535994 2164.213505 2179.247785 2198.600090 2222.338449 2249.547207 2266.537568 2278.931904 2292.323540 2310.148311 2328.655671 2347.901175 2371.718895
2377.826740 2361.211129 2345.515369 2329.446254 2314.474656 2299.217912 2282.242400 2280.166330 2273.677745 2260.914696 2211.059484 2165.862989 2129.461641 2108.608549 2083.243331 2068.411632 2052.761506 2019.719750 2002.434872 1997.111083 2004.817355 1996.911560 1980.250688 1966.796865 1957.981903 1950.105666 1935.245034 1922.507508 1927.636112 1942.224977 1940.034755 1940.552254 1946.350795 1945.384500 1941.054732 1943.754765 1957.589339 1965.203821 1976.257185 1991.060493 1996.982039 2010.618068 2041.757874 2057.683554 2075.676588 2098.229394 2122.896301 2149.146802 2174.009506 2191.269535 2209.656280 2231.728863 2251.646097 2275.035599 2300.620386
2317.760297 2287.186426 2264.952887 2245.417053 2224.348974 2198.136599 2174.416394 2168.357883 2157.820104 2130.952841 2078.543841 2036.501929 2005.998888 1981.128709 1954.926040 1931.904914 1898.696384 1864.245306 1841.978124 1850.163923 1858.051020 1862.493717 1849.303722 1837.230881 1827.230249 1811.767380 1795.841447 1782.386681 1791.837394 1800.393918 1812.939760 1817.903340 1821.858323 1825.915948 1824.920780 1818.325073 1819.836317 1828.754436 1839.462543 1851.313040 1868.993246 1902.078287 1928.412070 1948.215526 1971.409444 1994.057705 2019.591121 2046.694694 2072.568049 2093.070344 2115.615862 2138.905779 2163.889784 2187.954274 2215.689087
2229.389432 2199.216471 2169.981508 2143.988236 2111.894376 2066.878503 2048.653412 2036.261572 2016.436289 1972.562881 1927.391721 1895.195186 1873.100425 1846.813851 1822.241668 1792.881857 1759.254619 1733.576285 1712.335023 1719.600962 1727.199630 1741.488508 1730.680189 1721.199967 1716.253269 1701.267948 1687.650725 1672.462242 1679.488302 1690.253034 1709.905456 1714.849351 1718.678660 1726.738091 1726.004134 1722.945806 1710.958039 1719.179898 1730.153526 1744.751105 1774.305320 1799.087488 1823.742719 1846.845044 1868.887510 1893.488379 1919.536115 1946.340734 1975.609196 1998.796436 2021.717529 2047.311076 2071.479076 2092.735983 2116.375127
2107.381568 2079.887163 2055.697381 2028.479838 1986.658473 1940.163897 1900.639724 1877.655248 1831.572911 1795.012698 1763.767817 1750.859613 1733.081354 1709.771742 1687.804860 1666.053856 1640.720150 1618.791721 1593.670555 1597.437393 1610.696065 1625.507768 1622.427443 1620.592414 1618.087362 1607.663693 1594.132127 1580.584277 1584.242678 1600.157267 1617.452842 1625.989676 1633.146322 1640.898471 1641.031831 1633.331745 1624.536626 1630.118922 1645.034923 1661.616806 1681.792046 1704.204781 1726.682221 1748.436667 1772.588841 1797.608945 1823.225147 1851.027545 1880.616559 1904.322651 1931.265621 1959.312484 1981.580310 1996.664978 2012.638648
1987.639009 1964.124971 1937.809374 1908.465207 1865.165379 1822.039427 1778.257226 1734.129402 1699.193369 1667.312733 1652.473248 1633.568348 1616.248161 1598.438237 1576.760831 1557.747454 1539.856585 1517.558655 1502.410857 1508.037755 1520.858187 1530.534773 1534.771750 1532.067776 1529.286639 1522.551390 1508.802836 1501.176019 1510.261607 1525.534640 1539.927736 1550.710939 1557.579147 1563.372793 1560.683463 1552.276815 1547.833269 1556.174502 1571.930303 1586.583176 1603.287469 1624.909618 1646.430513 1668.960247 1692.651872 1716.358692 1742.637594 1769.892761 1797.994455 1826.601284 1852.288343 1875.944284 1889.573435 1903.850347 1912.138289
1849.457443 1832.976968 1805.700025 1775.919096 1742.870699 1705.121046 1675.637572 1642.489464 1610.617040 1579.578140 1552.916907 1536.747295 1527.465340 1512.684122 1493.733193 1480.617926 1463.801254 1448.906568 1450.888725 1452.774768 1462.394848 1462.170834 1462.788184 1459.965369 1459.036390 1455.556844 1446.769007 1455.706413 1462.807540 1476.929200 1487.412722 1496.985684 1503.094526 1507.067762 1507.561232 1502.179849 1506.782163 1513.661313 1528.058849 1539.877382 1554.622894 1575.431934 1593.149919 1613.028853 1635.939219 1659.746205 1684.774599 1711.604580 1740.737380 1767.115031 1788.054778 1798.870709 1811.688385 1818.799686 1814.343851
