tests/Borden05m/data_simulated/sim_1/output-maps/psiliqL0013N0002.asc
ncols         160
nrows         34
xllcorner     620200.000000
yllcorner     5168000.000000
cellsize      0.500000
NODATA_value  -9999.0
[rows 0 to 24 of 34, columns 56 to 111 of 160]
-9999.0 -9999.0 -9999.0 -9999.0 -9999.0 -9999.0 -9999.0 -9999.0 -9999.0 -9999.0 -9999.0 -9999.0 -9999.0 -9999.0 -9999.0 -9999.0 -9999.0 -9999.0 -9999.0 -9999.0 -9999.0 -9999.0 -9999.0 -9999.0 -9999.0 -9999.0 -9999.0 -9999.0 -9999.0 -9999.0 -9999.0 -9999.0 -9999.0 -9999.0 -9999.0 -9999.0 -9999.0 -9999.0 -9999.0 -9999.0 -9999.0 -9999.0 -9999.0 -9999.0 -9999.0 -9999.0 -9999.0 -9999.0 -9999.0 -9999.0 -9999.0 -9999.0 -9999.0 -9999.0 -9999.0 -9999.0
-9999.0 -9999.0 -9999.0 811.767724 806.297301 801.091425 796.212467 787.301945 778.088787 769.700499 765.741199 764.846029 764.079791 763.717729 768.996720 777.037095 784.716025 791.908554 794.343757 796.796152 799.037885 799.523785 798.293579 795.067124 791.782447 788.396825 786.896073 778.833992 767.481102 758.706689 755.990384 760.453317 764.968558 767.509998 773.398799 784.163461 794.990732 803.542026 815.428236 821.229462 826.328010 829.280215 825.169878 821.612098 817.783317 812.653325 801.598735 -9999.0 -9999.0 -9999.0 -9999.0 -9999.0 -9999.0 -9999.0 -9999.0 -9999.0
775.030098 794.976030 798.248539 787.111277 782.233998 778.975317 776.938685 772.064128 763.394614 758.125091 752.724765 750.875503 750.953378 751.049507 755.196285 765.385250 773.388981 778.178879 780.707033 783.316229 783.025504 782.495719 782.171888 779.291833 775.875725 772.501966 770.723073 771.162319 763.591543 758.135851 754.755552 753.141336 755.706772 758.143591 761.574922 771.097649 779.280600 787.458614 801.763440 814.168475 819.389006 816.861100 811.846776 808.023124 801.294955 791.200145 780.827549 771.037962 764.007000 758.463413 752.759038 758.758509 765.357736 775.229628 784.915053 796.863014
759.257088 779.307820 782.144016 771.455269 763.217561 758.225593 758.435579 760.992512 757.465484 752.825549 747.842173 756.329814 757.616916 758.770025 762.070988 765.177501 768.302087 771.059847 776.422521 785.406763 788.106881 788.619795 788.740927 786.898525 783.782775 781.990101 779.259869 774.094454 773.025593 773.341175 773.128574 778.142393 779.696804 781.480736 774.857043 778.434172 784.638524 791.465989 797.979603 804.632112 808.586803 805.297538 804.387882 795.948392 782.074997 770.886684 762.337395 760.353911 757.067981 749.130974 736.360105 743.393428 758.862536 763.382996 766.642291 778.231103
753.291100 764.975246 767.939748 762.951458 764.284028 765.874088 767.356436 765.764512 762.746552 760.740577 773.193416 782.553646 784.329698 787.245814 790.888396 790.290287 778.421403 776.015699 784.274364 794.568756 800.313488 800.497816 800.392900 798.327189 797.315893 796.944084 794.780536 795.568769 798.031663 798.063572 802.762662 808.501564 811.496084 803.812238 794.759550 795.588635 803.284343 811.349135 818.590906 829.159419 840.407882 839.317418 833.657071 824.612421 810.994231 787.503194 767.891947 756.919581 749.650880 742.323791 742.190813 739.041833 750.176213 751.716708 753.416077 761.482868
757.587771 778.649777 786.493150 780.585912 775.534291 772.777275 773.517045 773.670116 776.650129 789.035454 802.691502 817.079845 819.798500 822.352216 821.965091 812.962607 802.789988 799.026267 813.714956 829.796867 838.000497 838.617814 837.922410 844.809295 843.436812 841.728408 836.914107 839.062947 840.702381 850.782971 858.588013 865.861893 864.257792 852.426584 841.048007 839.393632 841.932073 844.943705 850.926205 860.979581 870.571352 865.425029 858.239534 848.204608 819.610031 792.470499 775.564518 775.604749 775.591179 770.539095 767.213533 763.807024 756.683362 756.036974 755.032980 754.255685
804.956698 824.767291 840.489461 834.775418 826.754779 816.618821 817.203542 820.236078 828.304019 841.296118 858.767374 882.735499 885.689186 888.980726 891.844824 880.808865 868.624011 857.503284 875.122983 885.251241 893.897305 895.730051 905.666465 915.600397 911.177995 903.340013 893.353627 899.878327 912.021969 927.417187 934.605376 938.898959 938.162145 927.393760 921.612786 919.701164 921.238997 918.195162 922.143967 932.032996 946.774140 946.094310 936.893309 914.282632 877.334633 842.838155 822.132459 827.288636 820.157588 813.159675 809.189863 795.087575 784.032236 783.837793 774.064776 767.632611
850.327622 868.573123 886.840596 882.258857 871.784125 858.693609 858.293839 865.874137 876.010782 895.157973 918.313179 942.511771 951.327007 954.969866 964.680366 958.402508 949.165696 940.924069 951.689292 963.718456 975.503326 985.467701 998.358062 1010.121339 1001.048581 989.580606 984.932577 990.494176 1010.480832 1028.227888 1034.244924 1036.570333 1040.228493 1031.815739 1024.970932 1017.458292 1011.079491 1004.134549 999.157116 1016.416803 1032.209348 1030.172755 1006.698864 982.395357 945.975591 907.890268 875.165590 873.788045 870.629067 869.157414 853.937114 838.343144 821.694722 811.957684 802.670992 788.217063
938.642265 959.610972 980.927404 982.349373 966.190537 958.699147 963.511996 976.109491 983.460626 999.253021 1024.313193 1057.003103 1079.338330 1099.117060 1103.788936 1095.563425 1086.638175 1073.508449 1071.304043 1088.097771 1100.225625 1111.298049 1122.589954 1135.528462 1141.723883 1139.846673 1139.992985 1143.834533 1151.624540 1161.649891 1169.937601 1177.078821 1183.990252 1181.133002 1170.672624 1162.864990 1152.192896 1143.493336 1139.491085 1140.868937 1150.964921 1148.379777 1122.096244 1094.451713 1061.651533 1023.619464 991.081348 972.362194 977.036802 965.112342 946.377426 926.489799 891.476202 874.800917 858.684680 829.190125
1041.043357 1069.560069 1085.255804 1099.346085 1095.272604 1097.186732 1101.266362 1108.714163 1114.384515 1123.533631 1157.714680 1194.455505 1225.312383 1250.488821 1259.630652 1249.633154 1239.913940 1228.027716 1218.672179 1222.788294 1237.342156 1254.475255 1270.833941 1282.813988 1287.240181 1286.785001 1287.828367 1290.718932 1294.992069 1299.711613 1307.956594 1317.463217 1329.165138 1340.776532 1334.502832 1316.160978 1301.323980 1285.147849 1278.306674 1275.633706 1273.047119 1272.194193 1263.755407 1231.395855 1201.264107 1167.005089 1135.505278 1112.081909 1096.167867 1075.110156 1051.455995 1005.044101 964.513772 929.459069 901.988519 873.395920
1161.845741 1194.400949 1220.276411 1236.847767 1240.610057 1243.375139 1246.248015 1252.535005 1258.739746 1267.717001 1292.680437 1332.352949 1371.028199 1401.547810 1405.983072 1396.897348 1386.667303 1376.437896 1366.056224 1363.001736 1371.088871 1382.605957 1399.109397 1411.029342 1421.147194 1421.037812 1422.128180 1423.464351 1426.776036 1430.323973 1434.390112 1443.469006 1456.703320 1468.353311 1468.900016 1454.305565 1435.422093 1416.277746 1407.799636 1401.025807 1394.711231 1394.200790 1393.882586 1385.064870 1357.941813 1319.259488 1273.342468 1243.621837 1219.591034 1203.781987 1185.358350 1157.959322 1105.788411 1074.370143 1038.565105 1003.517921
1286.947243 1319.215830 1352.158995 1372.568967 1381.177060 1381.959546 1384.046225 1391.638335 1398.624462 1410.126381 1428.633371 1454.155443 1484.030097 1510.995375 1528.231035 1524.644314 1512.418962 1495.647884 1490.818711 1489.913558 1492.246719 1499.088284 1507.276356 1522.709084 1538.469158 1544.051055 1545.228144 1543.545885 1546.649770 1549.178667 1550.924119 1553.574477 1559.393081 1566.754188 1568.925649 1563.281102 1546.352213 1525.540397 1510.848575 1502.101438 1497.489241 1495.201272 1495.775317 1494.098173 1480.525839 1449.485408 1409.046241 1373.176624 1348.570925 1329.559190 1312.719675 1298.739737 1277.128469 1257.115701 1224.527884 1179.101289
1402.712046 1430.489639 1459.026390 1484.321155 1501.157336 1505.159394 1510.574609 1515.266884 1525.151646 1541.162318 1560.970446 1575.854308 1593.163348 1614.318425 1626.680274 1632.332155 1632.838332 1631.923833 1634.044625 1634.554921 1609.100667 1612.294279 1615.287955 1622.315162 1630.132372 1632.708011 1633.160045 1632.574144 1634.421699 1635.841400 1637.245343 1638.098724 1638.897470 1641.294496 1641.886163 1640.335144 1633.225833 1635.796418 1619.029972 1607.465242 1600.259127 1592.654070 1583.884010 1573.701305 1563.009269 1545.539046 1517.505159 1483.281427 1454.820472 1441.221189 1431.934255 1422.615993 1414.724090 1397.380586 1373.808858 1340.596067
1516.421708 1533.519644 1554.627359 1582.228980 1601.006607 1611.023652 1618.962761 1623.248038 1635.014886 1648.117535 1643.505345 1647.573283 1651.545895 1655.221023 1656.421875 1656.755700 1656.670186 1654.672454 1654.604889 1653.264331 1648.926473 1639.655981 1641.019003 1642.206429 1644.310344 1647.485719 1646.056948 1647.156640 1650.596372 1649.982012 1645.596573 1643.010258 1642.090550 1642.757832 1649.665836 1652.447619 1652.969306 1651.974049 1651.565810 1651.558061 1650.539945 1648.971240 1646.339133 1642.613503 1645.042606 1634.369253 1610.900196 1578.046396 1543.232264 1528.645896 1523.038778 1521.686480 1517.117253 1509.477975 1489.681669 1461.027091
1633.069051 1646.746064 1644.846339 1654.856090 1659.858550 1661.938060 1663.939708 1665.651574 1666.163221 1662.595664 1659.007967 1654.276748 1652.862497 1651.302356 1648.616881 1648.981552 1646.929650 1643.120545 1639.826057 1633.676342 1623.186043 1611.840777 1608.960865 1612.916304 1617.173203 1620.790768 1623.506444 1626.725463 1628.197892 1624.313691 1617.582108 1611.526555 1610.201562 1616.733168 1622.098195 1627.080380 1627.737236 1626.701342 1625.374154 1626.436081 1624.906229 1626.098608 1632.780670 1645.708593 1651.142268 1653.254022 1652.570950 1645.320251 1632.301913 1624.447025 1604.563752 1607.058619 1601.556342 1589.485760 1568.311862 1544.312642
1663.399415 1663.565698 1662.448727 1656.949685 1651.218122 1650.083380 1653.118114 1658.859070 1659.091205 1651.271595 1642.313682 1634.749488 1627.386541 1624.574074 1622.629201 1621.402038 1621.097377 1615.710688 1607.986147 1592.821577 1581.072168 1569.361358 1562.555668 1559.698368 1563.593874 1572.287764 1580.998627 1585.311016 1579.013143 1572.408397 1562.863402 1555.775995 1556.556050 1558.989529 1567.793260 1581.391251 1586.037863 1587.270818 1583.208878 1580.016148 1575.559563 1574.843872 1582.516222 1597.704249 1612.877780 1626.420564 1634.677593 1642.159807 1648.682607 1652.317007 1653.214816 1653.342937 1651.848846 1650.121496 1634.969533 1614.498234
1653.980646 1648.040120 1643.434724 1636.978027 1631.029028 1628.566187 1629.751829 1631.081062 1626.083217 1617.706002 1605.947197 1593.556602 1582.430172 1574.898149 1574.385228 1575.439514 1575.559284 1568.744892 1554.122948 1536.392399 1522.005971 1506.814921 1501.314343 1495.080334 1489.650970 1498.983222 1515.018227 1520.788814 1507.686055 1498.506571 1485.252889 1478.703939 1476.176893 1477.994200 1487.458425 1507.230241 1526.751593 1528.805844 1520.476288 1512.644815 1509.748409 1509.164626 1517.360746 1536.608072 1557.301256 1572.887913 1583.496261 1590.310699 1599.371457 1609.485079 1621.945077 1634.996413 1645.761449 1653.988495 1657.912125 1656.235936
1631.605454 1624.117376 1616.529938 1609.199234 1602.294957 1596.833713 1592.944930 1588.033779 1579.438375 1569.509250 1552.100157 1537.071538 1522.496431 1506.718382 1501.536272 1497.213910 1497.789434 1485.880261 1474.739273 1454.884853 1437.304385 1419.198260 1406.371987 1398.679511 1391.418799 1394.318615 1408.817837 1417.391619 1404.363511 1394.413355 1382.168204 1376.566722 1373.741088 1376.103392 1386.850677 1409.404747 1428.806037 1436.814181 1430.294515 1426.995291 1426.881188 1428.358608 1436.909089 1453.759673 1475.649141 1498.659097 1517.082977 1528.929864 1538.845648 1550.644436 1566.303951 1581.125527 1595.614563 1612.899734 1632.957412 1647.665043
1598.632052 1588.363990 1578.097064 1566.624821 1554.731437 1546.775875 1545.581948 1535.926777 1525.697774 1505.642554 1454.729517 1432.051994 1410.048956 1391.604262 1383.537216 1374.490700 1364.923674 1354.683762 1346.720841 1338.142712 1319.853800 1299.312719 1280.395590 1273.182662 1267.647801 1257.390092 1261.054487 1263.747207 1268.297839 1261.044625 1255.590668 1253.836351 1251.666274 1255.270869 1269.562776 1282.120246 1293.068671 1300.337135 1300.389858 1308.738341 1316.876650 1323.803049 1342.879945 1359.545659 1380.311343 1405.165979 1432.707116 1450.134959 1463.391855 1477.500332 1495.878594 1515.029662 1534.568241 1558.470580 1584.126606 1600.988929
1552.662165 1537.429149 1521.432829 1506.482584 1491.468156 1475.685365 1473.387741 1465.931196 1452.228029 1404.414242 1356.285629 1318.152933 1295.151719 1269.478240 1255.579091 1242.518939 1214.383818 1198.927315 1192.022835 1195.833554 1184.343311 1165.097231 1149.181297 1139.505791 1131.692547 1117.936144 1108.110985 1112.682016 1125.103859 1120.979987 1119.655673 1124.033324 1122.575755 1119.336879 1124.801837 1139.624340 1148.241660 1158.771104 1171.244014 1176.495823 1187.381054 1215.891761 1232.143074 1250.345727 1273.739441 1299.536378 1326.955973 1352.381646 1370.445717 1389.535004 1412.757359 1434.182949 1459.171051 1486.201089 1517.829543 1540.242584
1477.739649 1455.409093 1435.295020 1414.103780 1389.571684 1365.959420 1360.073264 1348.861914 1323.652744 1271.142690 1225.525402 1191.324031 1165.318110 1138.700876 1117.999830 1089.300315 1057.230963 1036.536897 1042.017746 1048.508576 1048.867857 1033.887335 1020.311323 1009.513681 995.016658 979.390475 967.387649 975.982034 984.356427 993.362322 997.022886 1000.663201 1003.483072 1002.462206 997.782073 1002.408455 1011.335636 1021.746966 1032.455778 1046.779477 1076.917785 1102.216913 1120.857639 1143.321832 1165.829263 1191.611217 1219.235669 1245.109830 1265.707684 1288.829821 1313.251499 1340.033479 1366.696279 1397.057937 1431.470093 1460.727661
1386.738908 1356.380250 1329.431566 1298.218359 1255.390431 1237.559298 1225.983566 1209.330716 1168.617258 1122.405011 1085.263879 1059.535128 1033.000793 1008.305596 980.769869 949.348913 923.504533 903.497022 910.309147 917.132411 928.559835 916.492774 905.369952 899.205623 884.278605 870.423965 855.856290 863.219895 873.170879 890.660636 894.810455 898.190107 905.234297 904.161639 901.542110 891.982975 900.359463 910.581602 924.018264 951.438890 975.748397 999.648586 1021.279269 1042.245405 1065.737798 1091.141522 1117.371975 1145.478817 1167.879639 1190.422554 1216.191783 1241.563443 1265.397907 1292.215808 1324.675701 1353.672771
1263.405856 1237.727771 1210.087966 1170.287440 1124.571423 1088.502128 1070.282240 1029.946128 994.633292 959.421324 941.909249 922.788072 899.269586 877.467950 856.233677 830.759645 808.668839 784.771521 788.663729 801.230061 815.199024 809.920398 806.610004 803.515003 792.454615 778.848253 765.317382 768.908047 784.122399 800.910442 808.436879 815.034413 822.483580 822.480751 815.350462 806.728856 812.141788 826.044638 841.861597 862.232718 884.209177 905.895094 926.406734 949.231004 973.091069 997.563020 1024.164225 1052.192039 1074.110206 1099.825252 1127.022164 1149.755563 1165.948844 1184.370378 1213.339053 1237.199182
1145.763147 1119.397079 1091.046552 1049.261007 1006.735706 964.068010 924.289723 890.908720 859.517972 842.326956 823.138216 805.187334 787.066116 766.048771 746.951487 728.595091 706.806327 689.895998 695.432315 708.506092 719.369257 722.440451 719.489896 716.483801 709.146855 695.468153 685.984505 694.545270 709.808411 724.473293 734.677488 741.318111 747.216138 744.405909 736.032147 730.346495 738.239578 753.506939 768.013148 784.851830 805.954840 826.949126 848.461203 871.047737 893.687111 918.777919 944.782132 971.414048 998.079943 1022.619182 1045.880160 1059.139225 1073.180424 1083.324842 1102.619484 1124.614423
1017.583971 991.325431 962.839770 929.885728 891.799623 861.794833 829.748804 798.844517 768.467863 742.886138 726.058914 716.420970 701.762158 682.801148 669.611786 652.962084 636.266092 636.767092 639.618894 650.577362 651.586068 652.233704 649.308598 648.257059 644.111267 633.882987 641.241564 648.632420 663.112095 673.772419 683.147788 689.266518 693.253243 693.142136 686.811112 690.363925 697.255116 711.569946 723.187181 737.952356 758.479312 775.720135 795.014485 816.999931 839.773186 863.754615 889.345367 917.063347 942.179091 962.431370 972.858313 984.963264 992.318897 988.555362 1004.723369 1022.033982
