tests/Borden05m/data_simulated/sim_1/output-maps/psiliqL0010N0004.asc
ncols         160
nrows         34
xllcorner     620200.000000
yllcorner     5168000.000000
cellsize      0.500000
NODATA_value  -9999.0
[rows 0 to 24 of 34, columns 0 to 56 of 160]
-9999.0 -9999.0 -9999.0 -9999.0 -9999.0 -9999.0 -9999.0 -9999.0 -9999.0 -9999.0 -9999.0 -9999.0 -9999.0 -9999.0 -9999.0 -9999.0 -9999.0 -9999.0 -9999.0 -9999.0 -9999.0 -9999.0 -9999.0 -9999.0 -9999.0 -9999.0 -9999.0 -9999.0 -9999.0 -9999.0 -9999.0 -9999.0 -9999.0 -9999.0 -9999.0 -9999.0 -9999.0 -9999.0 -9999.0 -9999.0 -9999.0 -9999.0 -9999.0 -9999.0 -9999.0 -9999.0 -9999.0 -9999.0 -9999.0 -9999.0 -9999.0 -9999.0 -9999.0 -9999.0 -9999.0 -9999.0 -9999.0
-9999.0 -9999.0 -9999.0 -9999.0 -9999.0 -9999.0 -9999.0 -9999.0 -9999.0 -9999.0 -9999.0 -9999.0 -9999.0 -9999.0 -9999.0 -9999.0 -9999.0 -9999.0 -9999.0 -9999.0 -9999.0 -9999.0 -9999.0 -9999.0 -9999.0 -9999.0 -9999.0 -9999.0 -9999.0 -9999.0 -9999.0 -9999.0 -9999.0 -9999.0 -9999.0 -9999.0 -9999.0 -9999.0 -9999.0 -9999.0 -9999.0 -9999.0 -9999.0 -9999.0 -9999.0 -9999.0 -9999.0 -9999.0 -9999.0 -9999.0 -9999.0 -9999.0 -9999.0 -9999.0 -9999.0 -9999.0 -9999.0
-9999.0 -9999.0 -9999.0 -9999.0 -9999.0 -9999.0 -9999.0 -9999.0 -9999.0 -9999.0 -9999.0 -9999.0 -9999.0 -9999.0 -9999.0 -9999.0 -9999.0 -9999.0 -9999.0 -9999.0 -9999.0 -9999.0 -9999.0 -9999.0 -9999.0 -9999.0 -9999.0 -9999.0 -9999.0 -9999.0 -9999.0 -9999.0 -9999.0 -9999.0 -9999.0 -9999.0 -9999.0 -9999.0 -9999.0 -9999.0 -9999.0 -9999.0 -9999.0 -9999.0 -9999.0 -9999.0 -9999.0 83.127922 65.631487 49.165647 47.191856 69.835696 93.096582 116.695477 137.105031 155.642412 174.514459
-9999.0 -9999.0 -9999.0 -9999.0 -9999.0 -9999.0 -9999.0 -9999.0 -9999.0 -9999.0 -9999.0 -9999.0 -9999.0 -9999.0 -9999.0 -9999.0 -9999.0 -9999.0 -9999.0 -9999.0 -9999.0 -9999.0 -9999.0 -9999.0 -9999.0 -9999.0 -9999.0 -9999.0 -9999.0 -9999.0 -9999.0 -9999.0 -9999.0 -9999.0 -9999.0 -9999.0 -9999.0 -9999.0 -9999.0 -9999.0 131.004677 136.828319 138.228321 127.392264 115.991676 103.929234 83.903942 65.998638 50.559441 47.691767 50.193694 55.626178 78.449783 102.731774 122.160377 139.340704 158.414949
-9999.0 -9999.0 -9999.0 -9999.0 -9999.0 -9999.0 -9999.0 -9999.0 -9999.0 -9999.0 -9999.0 -9999.0 -9999.0 -9999.0 -9999.0 -9999.0 -9999.0 -9999.0 -9999.0 -9999.0 -9999.0 -9999.0 -9999.0 -9999.0 -9999.0 -9999.0 -9999.0 -9999.0 -9999.0 -9999.0 -9999.0 -9999.0 -9999.0 -9999.0 39.187527 56.655981 74.636465 92.833873 109.332570 115.887197 121.717411 127.436645 123.291287 118.393275 106.923747 88.038344 68.242168 53.972984 51.350050 48.647053 52.892130 65.837397 82.428058 98.689088 119.521737 142.650981 151.748355
-9999.0 -9999.0 -9999.0 -9999.0 -9999.0 -9999.0 -9999.0 -9999.0 -9999.0 -9999.0 -9999.0 -9999.0 -9999.0 -9999.0 -9999.0 -9999.0 -9999.0 -9999.0 -9999.0 -9999.0 -9999.0 -9999.0 -9999.0 -9999.0 -9999.0 -9999.0 -9999.0 -9999.0 44.198400 38.179611 32.891603 31.211380 29.726122 28.377802 35.188783 47.342246 65.451043 86.841776 99.527342 106.558821 112.999067 113.664670 108.654558 106.362418 106.409236 94.514376 82.694971 71.621359 60.969120 59.527574 68.960598 82.745221 98.673555 113.333100 128.542922 140.742628 156.712260
-9999.0 -9999.0 -9999.0 -9999.0 -9999.0 -9999.0 -9999.0 -9999.0 -9999.0 -9999.0 -9999.0 -9999.0 -9999.0 -9999.0 -9999.0 -9999.0 -9999.0 -9999.0 -9999.0 -9999.0 -9999.0 -9999.0 -9999.0 15.248655 21.154106 27.508408 34.715800 35.432411 31.046045 25.210287 21.868317 20.106579 18.289510 22.500242 30.646552 44.156996 59.892743 81.411056 89.851970 96.196921 108.446124 110.656168 115.504438 119.322310 117.323668 114.408167 102.122865 93.005569 98.408408 104.359001 110.713141 118.178662 131.161343 146.617046 164.168516 184.610249 206.149930
-9999.0 -9999.0 -9999.0 -9999.0 -9999.0 -9999.0 -9999.0 -9999.0 -9999.0 -9999.0 -9999.0 -9999.0 -9999.0 -9999.0 -9999.0 -9999.0 -9999.0 -9999.0 -9999.0 -9.303323 -8.561400 -7.664916 -3.223247 -2.419977 -0.356640 6.471592 14.421649 16.372107 14.554934 12.735009 14.045073 16.491198 20.489008 31.730203 45.384259 59.369760 73.296508 94.015479 108.639226 122.363221 138.330078 136.971855 132.435154 130.144053 130.386859 130.719348 136.097261 139.435774 145.222211 150.687178 157.447405 166.402366 177.348708 195.778325 216.024400 236.361018 255.502621
-9999.0 -9999.0 -9999.0 -9999.0 -9999.0 -9999.0 -9999.0 -9999.0 -9999.0 -9999.0 -9999.0 -9999.0 -9999.0 -9999.0 -9999.0 -9999.0 -37.484472 -35.746716 -33.776768 -28.569516 -26.157990 -22.392510 -15.719796 -14.827001 -11.201215 -4.316295 0.422988 8.772350 16.414770 23.507980 29.209566 31.661729 39.108106 48.580072 60.317957 75.747400 97.442161 120.129595 136.308859 152.912836 169.668476 169.949202 168.663248 169.639413 170.280411 177.775937 195.819757 202.044469 205.022160 223.381847 237.850019 243.478407 251.256951 270.097891 294.423031 320.524072 352.414057
-9999.0 -9999.0 -9999.0 -9999.0 -9999.0 -9999.0 -9999.0 -9999.0 -9999.0 -9999.0 -9999.0 -9999.0 -9999.0 -82.129479 -78.082807 -68.970201 -60.690317 -58.575440 -54.777342 -49.207429 -37.257132 -33.949475 -27.965701 -20.594852 -9.342539 -1.075513 7.882106 19.425206 27.645810 34.632350 41.524318 47.708037 61.178313 76.439843 92.266452 112.476095 134.128259 155.032307 175.960108 191.287922 205.450291 208.687399 207.235896 209.221352 217.470956 235.740229 255.290839 267.507550 289.083518 313.566345 328.738066 342.539963 352.867330 367.234426 389.818908 427.327351 466.364449
-9999.0 -9999.0 -9999.0 -9999.0 -9999.0 -9999.0 -9999.0 -9999.0 -9999.0 -9999.0 -116.512054 -114.090351 -117.691373 -117.309450 -112.758867 -101.044298 -87.959982 -81.344881 -70.284674 -49.908280 -32.888414 -29.650618 -15.152559 -5.420078 0.915801 11.316793 24.226113 36.995644 54.038767 66.548937 78.868706 99.251976 115.698964 132.092040 149.745658 169.618721 190.412768 220.328933 248.013411 262.450882 286.853025 300.967655 298.687250 299.455254 308.349443 326.612032 351.395457 379.623798 405.125391 434.330755 456.820148 474.319961 488.646128 505.547311 525.979418 563.513392 608.291108
-9999.0 -9999.0 -9999.0 -9999.0 -9999.0 -9999.0 -9999.0 -9999.0 -140.414720 -133.605821 -127.498312 -130.707075 -135.594350 -139.196327 -126.253010 -110.671543 -94.943596 -78.050069 -62.344186 -44.685342 -29.391449 -13.123845 6.028666 17.578117 29.162358 44.165448 57.701744 75.360970 96.671925 110.936588 129.500283 151.377961 170.811352 189.008430 207.717193 226.365633 255.068415 290.208773 324.067044 350.364351 380.656411 407.614768 410.115451 415.090659 421.606850 450.034308 483.928615 520.486888 554.402202 588.745666 623.630616 646.097615 662.712876 682.871615 706.145620 728.784137 759.011992
-9999.0 -9999.0 -9999.0 -9999.0 -9999.0 -9999.0 -166.143473 -142.159878 -127.549533 -135.560744 -144.298131 -147.905719 -151.737023 -131.792295 -110.575106 -93.898660 -77.423757 -60.289792 -44.193433 -30.080784 4.542579 21.037186 35.698906 54.934170 68.956608 83.033599 100.399678 124.053658 147.080325 179.336787 208.658381 235.439944 262.757751 283.487564 303.174056 323.561815 357.230217 397.515483 437.883826 472.234613 505.423838 541.236584 555.093571 564.760338 575.880067 598.889305 635.361923 674.932141 718.898146 757.620443 787.345567 802.574052 816.843483 833.103242 851.478461 867.510722 883.188416
-9999.0 -9999.0 -9999.0 -9999.0 -199.186604 -178.404467 -158.146016 -127.538291 -105.162728 -110.699919 -103.755906 -103.508695 -105.130839 -102.569279 -96.778904 -79.072736 -61.402129 -43.564719 -25.239533 11.753627 53.959581 70.386519 96.707658 128.979487 143.002871 158.053224 173.868621 197.289702 226.734542 262.576983 310.316484 351.611468 380.549539 406.173034 429.412332 454.972458 491.862110 535.305329 579.702738 622.878984 663.360614 699.227021 720.755290 733.237332 747.538322 765.342914 789.132641 820.971404 855.976253 890.079292 915.810536 930.696661 939.732073 951.517897 963.736156 976.757993 988.678573
-9999.0 -9999.0 -9999.0 -246.469497 -208.087627 -171.225368 -144.021998 -113.281030 -81.794885 -76.005928 -67.758680 -61.800239 -55.709587 -46.987802 -37.408919 -21.088817 -6.736771 6.500985 27.611939 64.426866 100.683912 134.230594 167.282786 197.536584 220.498342 236.787576 254.645416 279.812186 321.349255 363.338178 417.919284 476.200545 519.773174 549.961963 575.186193 605.884520 636.670765 681.444183 726.402867 767.669731 806.676838 838.587500 862.932267 873.477937 883.329405 892.588653 909.695224 931.265630 952.705012 979.469023 1005.257594 1026.286933 1038.382885 1047.088383 1061.778493 1076.188461 1087.333215
-9999.0 -9999.0 -292.937187 -255.915018 -220.967947 -169.721955 -117.310572 -83.861351 -43.220607 -18.462673 -11.440853 6.886299 23.768298 32.092894 48.901514 66.379768 80.774998 85.003299 98.855614 133.692758 187.358830 237.137362 268.564840 325.071595 359.809759 385.216713 401.242241 428.480652 465.573416 515.189602 571.890319 630.488740 680.592324 719.413153 739.651631 761.208890 788.002833 816.468692 854.636634 888.019908 920.478373 947.788055 970.469571 979.170817 984.144629 998.197933 1019.082613 1041.004440 1061.789629 1081.410745 1090.251808 1096.370646 1099.286308 1101.236429 1104.064557 1106.202211 1107.547438
-9999.0 -9999.0 -318.258160 -274.156780 -231.909031 -162.592194 -86.260913 -48.832705 -5.875755 38.792915 57.967265 82.235513 100.107333 116.764650 141.240924 165.385582 172.622623 177.023960 177.046921 232.756978 293.740784 357.269936 424.966492 492.350363 537.464601 551.975085 563.227041 585.621211 617.051026 670.961883 729.095850 787.294272 837.249080 871.748155 889.716392 907.398057 927.865860 947.247340 966.923434 1003.094190 1026.569266 1049.264614 1072.909587 1091.635841 1099.135112 1101.188617 1095.418264 1100.612108 1104.192363 1105.882636 1106.458919 1103.460553 1102.997967 1103.955439 1105.451018 1101.373788 1095.997314
-9999.0 -405.048769 -353.225756 -299.221282 -228.918297 -159.914508 -74.259812 6.482140 58.254768 102.031072 131.377077 150.433053 201.346300 250.828244 279.580693 309.719555 310.329775 311.444983 303.607996 350.049238 408.331176 500.940947 626.096344 690.416087 731.709319 737.385905 735.298014 751.045987 779.857937 826.162062 891.137502 935.991440 984.070314 1019.927991 1033.442923 1039.170304 1055.233932 1074.046353 1076.043466 1090.469559 1097.148933 1102.596845 1102.558527 1104.231417 1105.603772 1106.495467 1104.183598 1098.890243 1092.144036 1087.489106 1084.219346 1080.276888 1083.058944 1086.686423 1088.387675 1082.785030 1076.582810
-9999.0 -439.315195 -379.213620 -306.812997 -234.840547 -159.298465 -48.459743 83.644134 132.168848 168.005671 197.610214 240.307472 329.347828 402.602293 445.078475 490.832844 488.992392 478.717065 473.560839 510.410572 570.066341 656.214437 795.412002 882.368011 903.314261 916.252766 925.482704 950.324967 983.230645 1014.852115 1042.415920 1053.728660 1070.441683 1078.912139 1082.354500 1084.578193 1087.979786 1089.854458 1089.207149 1087.499759 1084.591500 1086.040138 1090.787954 1091.581164 1090.035694 1088.361303 1084.256472 1078.161309 1073.890994 1070.389019 1068.457734 1066.051321 1065.072029 1065.904628 1062.737760 1058.445161 1051.162733
-9999.0 -464.460801 -394.981067 -329.692002 -257.433806 -134.171017 -11.175223 118.991855 208.829466 247.985692 292.849418 382.893553 493.577871 598.079493 659.848326 691.123479 701.133026 689.790702 700.649285 744.664768 808.594306 892.099022 966.091660 1032.827845 1045.809675 1050.450202 1041.705339 1051.188282 1060.131291 1063.697133 1066.356817 1068.806007 1074.776884 1078.324799 1078.388144 1077.043703 1074.185721 1068.553741 1065.847703 1064.905710 1063.493691 1064.761625 1068.618155 1070.481158 1069.239930 1066.843202 1063.872199 1059.749385 1055.122477 1049.715306 1046.680647 1043.312678 1041.540263 1037.456844 1033.583204 1028.648334 1016.626555
-9999.0 -553.706657 -469.113921 -408.516433 -277.317058 -110.180406 14.008856 166.410715 303.437355 352.610973 448.426159 575.672046 693.998182 779.038551 831.895702 878.126749 907.058742 930.886674 962.065394 950.101568 995.692679 1036.338717 1053.135889 1061.781688 1060.973048 1063.856683 1059.014899 1043.516064 1036.207894 1031.800597 1034.765727 1042.408724 1048.234827 1054.105410 1052.760388 1053.971279 1054.793290 1052.979708 1051.552801 1046.028407 1040.857726 1037.336739 1037.377718 1043.745208 1040.036679 1038.029604 1033.784935 1027.555770 1020.260997 1013.181938 1005.825154 999.058458 995.905918 990.070597 988.297816 980.435993 953.473905
-9999.0 -634.409431 -555.998709 -454.472576 -305.157780 -141.497238 1.612403 171.525266 365.620268 478.696932 601.348849 686.798288 780.507685 860.238760 929.938775 972.316491 994.348470 1003.168369 1001.471941 1008.655612 983.598342 980.112042 997.057635 1020.830199 1031.904753 1036.494746 1030.024802 1021.845895 1017.377841 1017.913610 1017.298698 1016.128329 1014.448012 1012.321022 1009.292120 1011.152645 1015.979591 1011.649230 1005.760129 1000.411231 995.729779 989.794118 985.987653 984.146084 983.574717 984.294133 978.183795 968.843574 958.378845 949.053113 939.476296 931.744472 927.545475 921.077899 912.233360 898.438992 867.427278
-9999.0 -723.383258 -607.382197 -506.062938 -372.872779 -232.987184 -97.657676 70.456541 227.772933 442.504143 622.967697 714.502728 771.411370 835.742212 901.668540 964.027991 972.460253 947.745010 923.834023 914.075402 920.926655 932.335324 946.410159 965.479164 980.935534 989.701597 991.542624 985.309202 973.658170 965.866553 959.422150 948.534461 939.791109 937.392701 936.355803 942.205647 944.929915 936.548997 925.266910 911.689717 900.048605 891.524523 889.517708 891.190294 891.559641 888.882180 882.294086 871.564952 856.936590 841.238414 828.299909 818.126115 807.727636 794.908185 780.784065 764.239915 731.768455
-9999.0 -9999.0 -677.911773 -565.883974 -451.496943 -323.781239 -197.392671 -43.558096 111.087842 299.066829 425.453046 549.337215 629.223566 685.838365 745.395853 801.050277 820.299116 838.834386 823.405143 830.526186 841.157449 850.201713 861.472371 873.505191 885.909975 894.842592 901.408901 899.986531 891.175428 874.300936 852.523417 832.928958 819.302633 809.896317 816.848276 827.208581 824.425721 816.957723 804.606984 788.979271 776.127299 763.148532 759.728007 760.496592 760.647915 757.644325 752.104636 737.637451 720.767725 701.884262 688.738708 676.537057 665.676194 650.182383 634.119638 616.070024 587.031656
-9999.0 -9999.0 -760.226031 -649.388762 -529.491286 -403.687215 -296.586456 -195.772517 -37.144916 84.401013 189.064331 286.324424 368.946495 434.875647 486.358368 550.594139 590.311503 609.464140 625.684120 651.620998 680.373447 707.347517 724.994202 738.468650 752.105609 764.303927 772.888695 762.081781 750.348745 731.567577 706.021982 676.184650 657.370232 648.564150 650.695230 656.853773 650.701917 638.829105 622.232696 604.158400 589.693628 576.925411 572.402540 569.684597 568.576992 565.346282 560.938077 549.810298 534.925775 522.557756 510.429633 500.565707 494.195132 484.118177 471.870301 462.291826 441.553101
