tests/Borden05m/data_simulated/sim_1/output-maps/psiliqL0017N0011.asc
ncols         160
nrows         34
xllcorner     620200.000000
yllcorner     5168000.000000
cellsize      0.500000
NODATA_value  -9999.0
[rows 0 to 24 of 34, columns 0 to 54 of 160]
-9999.0 -9999.0 -9999.0 -9999.0 -9999.0 -9999.0 -9999.0 -9999.0 -9999.0 -9999.0 -9999.0 -9999.0 -9999.0 -9999.0 -9999.0 -9999.0 -9999.0 -9999.0 -9999.0 -9999.0 -9999.0 -9999.0 -9999.0 -9999.0 -9999.0 -9999.0 -9999.0 -9999.0 -9999.0 -9999.0 -9999.0 -9999.0 -9999.0 -9999.0 -9999.0 -9999.0 -9999.0 -9999.0 -9999.0 -9999.0 -9999.0 -9999.0 -9999.0 -9999.0 -9999.0 -9999.0 -9999.0 -9999.0 -9999.0 -9999.0 -9999.0 -9999.0 -9999.0 -9999.0 -9999.0
-9999.0 -9999.0 -9999.0 -9999.0 -9999.0 -9999.0 -9999.0 -9999.0 -9999.0 -9999.0 -9999.0 -9999.0 -9999.0 -9999.0 -9999.0 -9999.0 -9999.0 -9999.0 -9999.0 -9999.0 -9999.0 -9999.0 -9999.0 -9999.0 -9999.0 -9999.0 -9999.0 -9999.0 -9999.0 -9999.0 -9999.0 -9999.0 -9999.0 -9999.0 -9999.0 -9999.0 -9999.0 -9999.0 -9999.0 -9999.0 -9999.0 -9999.0 -9999.0 -9999.0 -9999.0 -9999.0 -9999.0 -9999.0 -9999.0 -9999.0 -9999.0 -9999.0 -9999.0 -9999.0 -9999.0
-9999.0 -9999.0 -9999.0 -9999.0 -9999.0 -9999.0 -9999.0 -9999.0 -9999.0 -9999.0 -9999.0 -9999.0 -9999.0 -9999.0 -9999.0 -9999.0 -9999.0 -9999.0 -9999.0 -9999.0 -9999.0 -9999.0 -9999.0 -9999.0 -9999.0 -9999.0 -9999.0 -9999.0 -9999.0 -9999.0 -9999.0 -9999.0 -9999.0 -9999.0 -9999.0 -9999.0 -9999.0 -9999.0 -9999.0 -9999.0 -9999.0 -9999.0 -9999.0 -9999.0 -9999.0 -9999.0 -9999.0 1501.260318 1484.175172 1469.484748 1466.763646 1489.165952 1512.827476 1537.010188 1557.951372
-9999.0 -9999.0 -9999.0 -9999.0 -9999.0 -9999.0 -9999.0 -9999.0 -9999.0 -9999.0 -9999.0 -9999.0 -9999.0 -9999.0 -9999.0 -9999.0 -9999.0 -9999.0 -9999.0 -9999.0 -9999.0 -9999.0 -9999.0 -9999.0 -9999.0 -9999.0 -9999.0 -9999.0 -9999.0 -9999.0 -9999.0 -9999.0 -9999.0 -9999.0 -9999.0 -9999.0 -9999.0 -9999.0 -9999.0 -9999.0 1548.790108 1554.857821 1555.857542 1545.878284 1534.954386 1522.580925 1502.630225 1485.152278 1471.100617 1469.101969 1472.077209 1476.794101 1499.162447 1524.470148 1544.630968
-9999.0 -9999.0 -9999.0 -9999.0 -9999.0 -9999.0 -9999.0 -9999.0 -9999.0 -9999.0 -9999.0 -9999.0 -9999.0 -9999.0 -9999.0 -9999.0 -9999.0 -9999.0 -9999.0 -9999.0 -9999.0 -9999.0 -9999.0 -9999.0 -9999.0 -9999.0 -9999.0 -9999.0 -9999.0 -9999.0 -9999.0 -9999.0 -9999.0 -9999.0 1455.379040 1472.849610 1491.178586 1509.968337 1527.105529 1534.239202 1540.193249 1546.039358 1542.070049 1537.845466 1526.759288 1507.401188 1488.296974 1475.118767 1473.717427 1471.679098 1476.180366 1489.069642 1506.258677 1522.537058 1543.799438
-9999.0 -9999.0 -9999.0 -9999.0 -9999.0 -9999.0 -9999.0 -9999.0 -9999.0 -9999.0 -9999.0 -9999.0 -9999.0 -9999.0 -9999.0 -9999.0 -9999.0 -9999.0 -9999.0 -9999.0 -9999.0 -9999.0 -9999.0 -9999.0 -9999.0 -9999.0 -9999.0 -9999.0 1458.534594 1452.852383 1448.236093 1447.133221 1446.207704 1445.523991 1452.553365 1464.625853 1482.707249 1504.904323 1518.367237 1525.980111 1533.039524 1534.022707 1529.124410 1527.634372 1528.442570 1516.786109 1505.347026 1494.669435 1484.360076 1482.793631 1492.635056 1507.294157 1524.023895 1539.317713 1555.207757
-9999.0 -9999.0 -9999.0 -9999.0 -9999.0 -9999.0 -9999.0 -9999.0 -9999.0 -9999.0 -9999.0 -9999.0 -9999.0 -9999.0 -9999.0 -9999.0 -9999.0 -9999.0 -9999.0 -9999.0 -9999.0 -9999.0 -9999.0 1427.602737 1433.326030 1440.158157 1448.036713 1449.319949 1445.756298 1440.576039 1438.074875 1437.064079 1435.655295 1440.602799 1448.763607 1462.564753 1478.653942 1501.106105 1510.059178 1516.061164 1528.471890 1531.955377 1538.766297 1543.261149 1541.968407 1539.205281 1526.443787 1516.931446 1521.577856 1527.369390 1534.680975 1543.289803 1557.253233 1572.680379 1589.951525
-9999.0 -9999.0 -9999.0 -9999.0 -9999.0 -9999.0 -9999.0 -9999.0 -9999.0 -9999.0 -9999.0 -9999.0 -9999.0 -9999.0 -9999.0 -9999.0 -9999.0 -9999.0 -9999.0 1402.081757 1403.226524 1404.777811 1409.804981 1410.723404 1413.061945 1420.351928 1428.865866 1431.802662 1430.361157 1429.521693 1431.487664 1434.680701 1439.615684 1451.184363 1465.373898 1479.980297 1494.049067 1515.377550 1530.537278 1544.262094 1560.546332 1560.707230 1557.332445 1556.071711 1556.915916 1557.118928 1560.131005 1562.313313 1569.018261 1573.108485 1579.194120 1589.030709 1601.247773 1619.586247 1639.341150
-9999.0 -9999.0 -9999.0 -9999.0 -9999.0 -9999.0 -9999.0 -9999.0 -9999.0 -9999.0 -9999.0 -9999.0 -9999.0 -9999.0 -9999.0 -9999.0 1372.896804 1374.920123 1377.433921 1383.082648 1386.475577 1390.796229 1398.110082 1399.794138 1403.872087 1411.429262 1416.662432 1426.076209 1434.705055 1442.465997 1448.928520 1452.084336 1459.826346 1469.880684 1482.165007 1497.576785 1519.208777 1542.949556 1559.600427 1576.940858 1594.617250 1595.792050 1595.117737 1596.582514 1597.093210 1602.657635 1619.792579 1625.380047 1625.408704 1640.587027 1654.531063 1659.646894 1667.793276 1687.650103 1711.492600
-9999.0 -9999.0 -9999.0 -9999.0 -9999.0 -9999.0 -9999.0 -9999.0 -9999.0 -9999.0 -9999.0 -9999.0 -9999.0 1325.221214 1329.553033 1339.589239 1349.688322 1352.666830 1357.473977 1364.056165 1376.627594 1380.679264 1387.289076 1395.226838 1407.784213 1416.913228 1426.503832 1438.840585 1447.688138 1455.400610 1462.837284 1468.366417 1481.759763 1497.273876 1513.272393 1533.809496 1556.383156 1577.008533 1597.535166 1614.129967 1627.977287 1629.459890 1629.151670 1632.064860 1639.585210 1656.275037 1675.075058 1682.571043 1699.204542 1722.144204 1735.403528 1746.664121 1755.408979 1769.586473 1791.434762
-9999.0 -9999.0 -9999.0 -9999.0 -9999.0 -9999.0 -9999.0 -9999.0 -9999.0 -9999.0 1292.843550 1295.216923 1292.086605 1291.617495 1297.252345 1309.814581 1324.132129 1330.881352 1343.005103 1364.487266 1382.964013 1386.882841 1401.680518 1412.458086 1419.786757 1430.715190 1444.363263 1457.576752 1474.646926 1487.562694 1499.146795 1518.576669 1535.564459 1552.718795 1571.080433 1592.100416 1611.781334 1639.856359 1667.133342 1679.798417 1701.556981 1711.384252 1709.035684 1709.434559 1719.132903 1734.683323 1755.074469 1777.322839 1798.934069 1824.112491 1840.543731 1855.282285 1866.408817 1879.087891 1895.507903
-9999.0 -9999.0 -9999.0 -9999.0 -9999.0 -9999.0 -9999.0 -9999.0 1267.696147 1275.465555 1281.777630 1279.113747 1275.060407 1271.155777 1285.568840 1301.799152 1318.302873 1336.595413 1353.032478 1371.795826 1387.352483 1403.859998 1424.390874 1436.542500 1448.639336 1464.579564 1478.814048 1496.150132 1517.991350 1530.433181 1546.726878 1568.489389 1587.298146 1605.937794 1625.444880 1644.159238 1670.115150 1703.711558 1735.778884 1757.841344 1786.066567 1808.521600 1807.570072 1809.935897 1814.404935 1840.101891 1869.321059 1900.162244 1924.724037 1951.813279 1981.572106 2000.457477 2011.605157 2024.670263 2040.346782
-9999.0 -9999.0 -9999.0 -9999.0 -9999.0 -9999.0 1239.665012 1264.192403 1279.622692 1271.963398 1261.566778 1258.075565 1254.093207 1279.696843 1302.334887 1320.224663 1337.731954 1356.002638 1373.163172 1385.870749 1419.417489 1438.321769 1452.933917 1470.765755 1486.166454 1501.593024 1519.648725 1543.438272 1565.222231 1594.132100 1618.805858 1642.111749 1668.778355 1688.989874 1708.416476 1726.677084 1758.027624 1795.539496 1832.471103 1861.123064 1888.517350 1920.194453 1926.617887 1932.286078 1938.910201 1961.031108 1993.585679 2024.311875 2058.215592 2090.535517 2118.222540 2130.687987 2141.587355 2153.357695 2167.301931
-9999.0 -9999.0 -9999.0 -9999.0 1205.936761 1227.034549 1247.096556 1278.011729 1300.895347 1296.433967 1303.199656 1303.522358 1301.824265 1306.644270 1314.671389 1333.359226 1352.871776 1372.699288 1390.608887 1424.705201 1470.217319 1485.710517 1509.430975 1541.804863 1555.939781 1571.974293 1589.097594 1612.590867 1638.555190 1671.627203 1714.146895 1750.461967 1776.217889 1799.289808 1820.990679 1842.774837 1877.766763 1916.008077 1953.310460 1987.622125 2017.587934 2044.186998 2056.320540 2064.304551 2076.373831 2093.433884 2115.603587 2143.589898 2175.839093 2208.345443 2233.515929 2246.789760 2254.781236 2265.796534 2276.160160
-9999.0 -9999.0 -9999.0 1155.329503 1194.281648 1232.764913 1259.873329 1291.110570 1323.847435 1328.179340 1337.840011 1342.533745 1347.022183 1355.837995 1364.229168 1382.150352 1399.687535 1417.376525 1440.283934 1477.296711 1512.029501 1540.281583 1572.381949 1597.938966 1618.115882 1634.471359 1654.056412 1678.234623 1718.166101 1754.827436 1804.770142 1857.938793 1894.402354 1918.566147 1941.621559 1969.642685 1995.343237 2032.707563 2068.056595 2101.626142 2133.833432 2158.778139 2177.269139 2184.949264 2195.089678 2203.671947 2219.658860 2241.532014 2263.977044 2293.597311 2322.590690 2348.921671 2363.798754 2374.533830 2391.113876
-9999.0 -9999.0 1107.741423 1146.055185 1179.810299 1229.640788 1283.064939 1318.187758 1359.459302 1383.100019 1390.083418 1406.827153 1422.814586 1429.900186 1445.189645 1462.557811 1482.237093 1490.589014 1509.247872 1537.731829 1585.802198 1629.780717 1646.778301 1696.067538 1729.694791 1759.344913 1778.831363 1806.421000 1843.059410 1883.609596 1931.673437 1981.897301 2019.962735 2051.047280 2068.185100 2088.431900 2111.192260 2136.398823 2171.440641 2200.219781 2232.692901 2259.245701 2281.131940 2287.345406 2292.441930 2308.713115 2334.265903 2361.783137 2387.580787 2412.646114 2413.016275 2427.773020 2434.961720 2439.369506 2445.440050
-9999.0 -9999.0 1080.276438 1125.690317 1165.073090 1230.183468 1311.846792 1349.136715 1392.336888 1439.136969 1457.967506 1483.029528 1492.670166 1499.514852 1523.127838 1545.260493 1560.555361 1568.830268 1568.717226 1624.509265 1682.458606 1728.510890 1768.163691 1837.687045 1885.339965 1904.707755 1919.290100 1940.795085 1965.121239 2007.591063 2053.524006 2106.679936 2150.189441 2181.371252 2197.823215 2216.968215 2237.472247 2255.110014 2274.737205 2315.932551 2345.840305 2373.309353 2401.692003 2422.603903 2431.386277 2435.722593 2422.853473 2435.194034 2443.858624 2448.176378 2450.304428 2447.701454 2447.753392 2448.987431 2450.287089
-9999.0 990.312523 1042.662132 1095.509371 1163.812921 1230.355195 1312.489278 1392.233102 1452.082767 1501.547828 1531.313462 1541.277002 1572.024559 1612.473809 1638.704945 1664.983794 1670.293581 1678.082491 1668.016976 1718.332763 1766.211674 1835.953258 1943.349614 2000.842267 2050.128663 2052.491933 2047.751938 2059.759345 2082.566896 2126.857875 2196.312175 2245.547053 2301.356027 2343.874014 2360.052929 2367.643431 2385.815869 2406.152652 2386.276921 2413.570059 2426.912070 2438.186185 2443.125497 2445.885691 2447.853488 2448.771820 2446.273577 2440.540704 2433.387400 2428.374224 2424.791257 2420.649925 2423.278497 2426.588381 2427.088465
-9999.0 954.237016 1013.392106 1084.490677 1155.183206 1219.375168 1319.295009 1467.863177 1524.525464 1563.478680 1584.582896 1599.456147 1674.618795 1740.955140 1775.104491 1821.540531 1816.499764 1807.368952 1791.183088 1823.531891 1871.397316 1944.848102 2092.186844 2177.706353 2211.922867 2224.104771 2231.488355 2259.351923 2298.129766 2337.376299 2373.483533 2367.894834 2399.701916 2416.313926 2421.690555 2424.284000 2429.317064 2430.233430 2429.542349 2427.002287 2423.601922 2425.057598 2430.288351 2431.070383 2429.089741 2426.619855 2421.526092 2414.329596 2409.039451 2404.478828 2401.732848 2398.667160 2396.783929 2396.283656 2391.346081
-9999.0 922.351145 994.451033 1057.189913 1118.771484 1229.080073 1356.692872 1494.850425 1589.684539 1628.398859 1644.508718 1708.571535 1810.934139 1910.386532 1964.238889 1991.369906 1991.607493 1967.987435 1968.675973 2014.040181 2080.283692 2177.448438 2278.544829 2360.551958 2376.193295 2381.974390 2358.099505 2375.707022 2392.056720 2396.439170 2399.658313 2405.795650 2412.739694 2417.278107 2417.605878 2416.254862 2412.863252 2406.036115 2402.103636 2399.644133 2396.994117 2397.163324 2400.278502 2402.119837 2399.939712 2396.352300 2391.898897 2386.076178 2379.560042 2372.594912 2368.209312 2363.741872 2361.091424 2355.474324 2350.526907
-9999.0 817.899207 908.047401 960.372693 1067.246986 1245.017314 1373.076006 1522.158950 1673.250490 1710.448911 1781.346983 1906.335824 2015.671053 2092.635193 2133.272174 2175.978606 2206.816682 2231.234325 2268.178870 2212.523174 2274.312027 2340.331056 2370.683939 2386.231378 2392.135345 2395.578152 2389.583359 2372.267147 2363.880222 2359.127726 2362.548552 2371.340523 2377.972208 2384.453588 2383.395155 2384.905009 2385.818897 2382.884626 2379.458083 2371.623093 2364.478833 2358.979627 2357.203432 2362.519632 2357.861412 2354.906864 2348.759287 2340.330545 2330.996891 2322.960528 2314.756678 2307.553425 2304.237662 2298.020953 2295.564632
-9999.0 737.055201 813.169586 896.690895 1029.684963 1194.541618 1318.231540 1484.696934 1700.537123 1822.284178 1955.868463 2033.487967 2107.924316 2167.013287 2229.035250 2279.458824 2307.673585 2320.952288 2309.013294 2324.054417 2292.074207 2286.439167 2305.895898 2334.683803 2350.729652 2356.710441 2350.371442 2341.861851 2336.209220 2336.431039 2336.065180 2334.920050 2333.450950 2331.646094 2329.103586 2331.666679 2336.573847 2330.353022 2321.312224 2312.970642 2305.518596 2297.235450 2291.807379 2288.180263 2287.390368 2287.140066 2279.461694 2268.857251 2257.981464 2249.379318 2241.317497 2235.356677 2231.979446 2226.071416 2216.629881
-9999.0 634.120884 757.925432 848.645005 965.360904 1101.367122 1224.263013 1386.804088 1533.138353 1758.999278 1914.575281 2040.504138 2086.022139 2149.104562 2208.161600 2278.919775 2284.778956 2258.771918 2227.093936 2214.536178 2223.158629 2234.207515 2247.571413 2267.138687 2285.869736 2296.856833 2300.840727 2294.815641 2282.040871 2272.670057 2265.443097 2255.187419 2247.939593 2246.711588 2248.427910 2256.274343 2258.042376 2248.969468 2235.898119 2219.420480 2205.135434 2194.368713 2191.723448 2193.354188 2193.506331 2189.641227 2182.875792 2172.088497 2159.319741 2147.069388 2139.591439 2133.794339 2126.019809 2114.855699 2102.469996
-9999.0 -9999.0 680.564811 791.374430 897.048350 1018.202770 1129.206983 1268.596206 1418.190405 1598.704526 1717.410854 1859.406586 1938.416489 1985.912665 2034.224029 2091.319756 2114.248645 2138.741362 2127.350303 2135.387057 2144.290312 2151.400691 2161.084834 2172.235755 2185.723905 2196.514604 2205.569228 2204.005657 2195.602475 2178.167248 2156.978826 2140.649226 2131.549608 2124.098410 2133.905757 2145.295162 2141.590956 2134.808732 2122.705655 2106.822006 2093.950962 2080.179675 2076.434945 2076.497732 2076.494506 2073.498524 2069.212598 2056.229394 2043.202554 2031.458792 2025.788828 2019.162085 2013.491625 2002.204284 1990.109860
-9999.0 -9999.0 595.432577 703.520463 815.992989 938.808318 1036.657419 1100.333540 1250.457188 1365.219969 1471.365321 1573.483620 1660.031571 1725.714440 1768.530725 1831.114931 1877.102494 1895.436837 1921.694874 1958.280906 1987.074322 2018.319481 2038.532294 2051.306764 2065.643477 2079.818011 2088.739945 2076.843354 2066.358299 2050.119838 2028.752053 2005.079898 1992.785097 1989.844275 1991.085485 1995.055896 1988.749484 1979.315105 1965.054448 1949.991679 1937.279259 1926.566543 1922.500660 1918.413585 1916.603771 1913.490558 1910.379792 1902.376101 1891.621079 1884.390717 1875.698133 1869.763734 1866.662123 1860.283324 1851.404634
