tests/Borden05m/data_simulated/sim_1/output-maps/psiliqL0021N0016.asc
ncols         160
nrows         34
xllcorner     620200.000000
yllcorner     5168000.000000
cellsize      0.500000
NODATA_value  -9999.0
[rows 0 to 24 of 34, columns 55 to 109 of 160]
-9999.0 -9999.0 -9999.0 -9999.0 -9999.0 -9999.0 -9999.0 -9999.0 -9999.0 -9999.0 -9999.0 -9999.0 -9999.0 -9999.0 -9999.0 -9999.0 -9999.0 -9999.0 -9999.0 -9999.0 -9999.0 -9999.0 -9999.0 -9999.0 -9999.0 -9999.0 -9999.0 -9999.0 -9999.0 -9999.0 -9999.0 -9999.0 -9999.0 -9999.0 -9999.0 -9999.0 -9999.0 -9999.0 -9999.0 -9999.0 -9999.0 -9999.0 -9999.0 -9999.0 -9999.0 -9999.0 -9999.0 -9999.0 -9999.0 -9999.0 -9999.0 -9999.0 -9999.0 -9999.0 -9999.0
-9999.0 -9999.0 -9999.0 -9999.0 2435.139044 2429.956719 2425.353573 2421.173290 2413.165100 2404.424795 2396.891945 2393.323976 2392.784316 2392.486857 2392.460135 2397.959861 2406.448659 2414.466782 2421.756363 2424.337371 2426.949495 2429.191141 2429.759987 2428.826830 2425.860166 2422.904958 2419.715385 2418.239620 2410.736895 2399.618628 2391.188003 2388.497246 2392.737270 2397.053175 2399.430880 2404.713218 2415.001061 2425.341107 2433.308249 2445.028497 2451.029769 2455.726312 2457.878783 2453.259618 2449.321401 2444.936112 2438.864434 2427.582552 -9999.0 -9999.0 -9999.0 -9999.0 -9999.0 -9999.0 -9999.0
2380.145888 2399.194119 2420.089773 2423.509649 2412.022523 2407.244148 2404.413580 2403.041743 2399.028529 2390.981179 2386.335579 2381.408556 2379.572035 2380.109264 2380.574141 2384.913177 2395.922311 2404.208456 2409.216240 2412.153735 2415.169289 2414.322897 2413.863575 2413.811545 2411.106193 2407.788556 2404.550587 2402.855176 2404.033402 2396.532901 2390.789793 2387.086408 2384.580771 2387.135658 2389.636238 2393.627733 2402.705060 2410.411499 2418.053897 2432.261517 2444.594537 2449.547706 2446.417814 2441.051268 2436.632257 2428.998380 2418.253969 2407.871499 2399.093685 2392.176393 2386.085134 2379.171659 2384.614787 2391.184922 2399.942697
2364.970653 2384.698455 2405.518950 2408.574483 2398.387162 2390.809409 2385.109941 2385.998747 2389.656339 2386.861823 2382.664663 2376.470998 2386.374325 2387.980200 2389.367085 2393.124004 2396.014662 2400.822330 2403.739207 2409.379411 2418.551495 2421.516931 2422.185440 2422.452822 2420.692516 2417.628514 2415.858347 2413.200514 2408.057717 2406.602398 2406.530556 2405.630744 2409.981576 2411.341896 2413.765839 2407.710708 2411.607360 2417.563824 2424.091312 2429.651888 2435.515430 2438.028953 2434.110765 2433.445969 2424.355124 2410.041085 2399.205342 2390.861674 2389.754563 2386.043311 2377.380927 2363.214050 2370.183553 2385.202719 2389.081930
2371.694517 2381.298579 2392.830210 2396.009241 2391.454319 2393.824165 2396.069486 2397.947694 2396.780833 2394.042162 2391.157149 2402.879622 2412.013559 2414.048657 2417.191195 2421.582476 2422.527021 2411.768831 2409.972614 2417.883999 2427.892395 2433.434848 2433.802331 2433.713309 2430.807802 2429.841438 2429.692596 2427.857754 2427.914202 2429.853283 2428.359255 2431.934842 2437.466638 2440.756337 2434.227211 2425.376521 2426.909489 2434.928622 2443.661120 2450.844131 2460.706753 2471.080164 2470.159085 2464.456003 2454.944230 2441.236899 2417.548813 2398.553991 2386.797163 2378.262291 2370.151542 2371.056062 2366.027795 2377.907475 2378.736373
2365.050453 2384.940638 2405.933630 2413.152873 2407.804803 2404.201297 2403.033260 2404.366840 2404.492569 2406.576395 2417.341307 2430.507150 2443.935832 2446.878135 2449.507231 2448.977073 2441.054391 2431.177987 2428.488163 2442.686552 2459.835923 2468.118868 2468.247978 2465.475061 2470.172169 2469.861828 2469.644506 2465.833417 2467.161053 2466.309020 2473.469478 2481.105390 2488.679421 2487.098189 2474.694732 2462.553918 2461.744350 2465.954616 2471.252409 2477.915671 2487.559154 2496.248396 2490.598446 2483.871832 2474.620586 2446.902603 2421.273194 2405.154949 2404.346202 2403.842778 2398.292299 2394.813587 2391.956801 2385.723599 2384.695965
2408.256586 2429.014167 2450.283957 2465.153202 2459.942802 2453.045443 2444.742233 2445.858132 2448.020118 2455.436068 2467.490031 2482.694182 2505.952328 2507.330144 2509.337081 2509.989943 2498.341892 2486.035005 2476.082557 2496.838067 2507.867187 2515.668107 2514.879671 2521.945623 2531.178118 2527.378433 2520.585476 2509.384791 2515.355879 2523.949397 2539.054029 2546.487155 2551.106666 2547.699022 2534.768611 2528.264513 2528.453964 2532.998584 2532.452637 2539.031550 2547.775446 2562.017303 2560.213316 2553.846907 2532.099454 2494.315688 2461.942306 2444.909920 2453.160721 2445.828754 2437.689779 2434.968088 2421.644059 2411.905683 2412.440569
2452.693462 2468.904207 2486.870274 2504.788177 2498.353803 2488.927812 2474.608497 2473.376184 2479.661008 2490.550138 2509.316941 2529.786559 2551.768883 2554.745024 2552.423404 2562.152415 2556.444690 2546.860819 2539.563767 2557.248189 2568.238969 2578.645476 2585.943994 2598.690844 2609.639863 2595.999209 2581.102222 2572.903720 2579.290703 2602.545204 2622.859055 2627.703073 2627.473737 2627.869394 2614.875392 2609.251097 2604.584352 2602.574946 2598.368722 2595.162541 2617.010619 2635.764688 2634.144821 2611.118477 2587.119565 2548.478821 2509.911125 2481.429681 2487.983811 2483.679856 2484.052936 2470.845855 2456.434621 2444.314954 2437.348463
2519.281686 2544.664012 2563.473501 2585.321895 2580.953856 2561.401480 2549.571506 2553.887237 2567.855714 2576.300185 2594.181065 2614.531441 2642.918970 2659.086449 2673.966076 2679.843208 2671.831154 2663.503682 2651.522415 2654.312951 2675.887910 2689.259947 2698.910646 2708.388729 2721.022644 2723.502059 2718.391149 2717.189026 2721.168311 2732.099183 2744.329549 2750.959494 2754.593880 2756.601543 2746.765345 2735.039510 2732.719448 2725.993565 2722.281408 2720.314558 2727.618277 2743.621989 2739.976038 2706.629147 2678.555654 2642.396676 2603.781801 2572.725363 2561.092716 2573.858049 2567.478712 2549.434210 2534.298182 2503.783449 2492.928408
2603.414827 2638.107198 2664.479108 2678.866206 2689.836859 2680.078679 2680.451248 2685.466797 2694.250912 2698.896428 2706.549227 2739.238539 2772.256269 2799.145238 2823.008111 2831.514931 2820.437496 2811.134426 2798.688740 2790.058678 2798.779947 2815.405859 2832.924192 2848.241533 2859.574960 2862.277193 2860.806912 2861.022117 2863.825756 2866.762644 2870.525335 2878.067176 2885.586599 2826.279160 2831.861634 2826.727806 2877.704181 2867.045285 2855.863278 2852.934538 2852.556462 2853.466830 2853.169068 2838.915454 2799.949900 2768.481514 2736.869117 2712.885225 2695.443920 2688.382085 2666.891177 2642.192072 2591.973870 2552.961198 2519.310781
2705.734459 2749.475264 2778.767227 2799.622446 2814.407331 2814.760338 2817.855630 2820.473773 2825.930081 2830.229289 2835.365979 2861.012192 2829.747103 2864.372679 2894.783805 2896.159239 2884.103568 2873.207561 2863.722757 2850.847538 2847.232577 2858.146300 2872.024913 2890.773569 2901.593664 2908.934458 2905.493283 2905.862100 2908.328779 2909.486700 2911.421528 2914.460906 2923.074707 2933.387032 2946.478777 2946.496263 2933.320232 2917.057953 2900.697566 2896.507050 2892.722917 2887.397558 2888.786282 2890.048126 2877.229416 2851.808974 2880.628955 2838.534433 2816.899456 2798.010331 2784.693508 2768.038317 2731.691956 2668.134110 2630.881639
2830.424336 2863.247770 2823.939043 2850.598462 2866.684165 2870.939888 2869.528300 2869.539606 2876.700503 2880.734876 2887.916712 2903.160123 2928.453881 2961.181670 2989.634766 3005.621669 2999.321779 2983.408855 2963.122681 2955.055763 2952.811167 2955.908792 2964.410219 2975.559765 2993.593787 3010.928414 2988.366727 2989.214261 3014.241444 2988.896261 2988.724945 2988.785526 2991.038992 2998.099812 3006.951265 3010.080222 3005.100049 3014.365677 2992.960085 2980.590679 2973.323723 2969.457119 2969.272049 2972.876798 2974.625108 2961.072454 2932.684786 2890.817101 2859.729897 2842.260958 2831.894960 2884.592501 2871.134488 2841.326974 2819.890365
2870.562209 2885.380535 2909.056414 2936.761705 2958.679192 2973.865272 2975.557128 2979.524670 2984.328740 2992.510656 3006.893352 2999.540138 3014.916548 3035.277382 3059.792153 3074.616254 3079.938606 3078.934736 3075.846819 3077.250044 3077.548133 3027.270175 3032.433679 3037.563553 3051.289303 3064.120618 3067.140005 3067.665054 3067.155896 3067.220875 3067.766721 3067.756771 3067.408828 3068.939922 3073.012380 3074.569002 3072.730553 3063.774808 3076.916704 3058.051696 3045.220825 3037.338460 3029.362740 3021.109621 3011.808807 3003.803723 3014.067692 2985.524936 2951.832361 2929.651591 2920.716148 2917.919325 2909.921321 2904.042925 2887.504874
2966.341943 2977.370435 2994.685143 3015.651844 3017.325344 3037.282528 3048.107188 3056.969266 3061.540888 3074.729451 3090.019921 3076.080537 3082.683468 3089.599112 3096.466798 3098.823085 3099.494285 3099.178269 3096.853592 3096.228726 3094.083364 3090.243282 3080.160808 3081.731519 3083.526426 3086.100162 3089.710444 3088.537704 3089.627243 3092.528379 3090.876419 3085.065649 3081.189943 3079.633409 3080.452338 3087.759065 3091.116808 3092.060561 3089.511979 3088.681665 3087.887753 3085.157035 3081.739762 3076.914755 3070.737126 3081.729210 3072.107948 3046.087422 3010.427640 3001.538788 2992.647962 2992.362346 2992.232877 2990.032137 2984.103595
3052.922317 3065.814158 3079.801432 3064.028784 3080.372031 3089.490754 3093.793873 3097.333631 3099.939082 3102.340568 3099.247872 3096.058072 3091.263418 3089.811947 3088.484797 3086.068780 3086.694087 3084.791012 3080.802001 3076.972278 3069.623934 3058.414143 3047.235761 3044.039699 3048.428286 3053.819962 3058.666583 3062.668291 3066.239286 3066.618799 3061.445750 3053.295063 3045.982243 3044.265841 3050.980347 3056.641700 3062.714527 3063.532498 3062.176847 3059.893700 3059.838423 3056.891343 3057.219750 3064.051690 3078.189468 3081.861657 3086.635874 3085.946018 3072.634531 3050.036476 3055.318488 3035.757232 3041.012590 3036.557441 3025.451380
3091.265344 3093.526983 3092.242227 3090.934398 3084.710513 3078.793426 3078.051583 3082.000080 3088.932475 3090.059947 3083.081946 3074.726150 3067.671989 3060.546689 3058.315671 3057.535300 3057.159001 3057.532534 3052.292393 3043.665099 3028.991946 3017.569750 3006.520654 3000.583583 2997.438751 3001.375169 3012.060427 3023.281379 3028.148438 3019.778402 3011.737798 3000.422823 2992.445276 2992.851974 2994.310655 3003.602793 3019.380956 3025.898104 3026.670187 3020.720664 3014.962170 3008.621719 3005.936665 3012.448402 3027.420273 3041.751708 3056.433374 3065.126437 3072.616975 3079.472515 3079.630806 3081.778660 3082.973529 3081.237991 3082.829893
3085.324816 3078.560790 3071.804450 3066.675363 3060.260885 3054.945754 3053.195695 3055.272077 3057.546187 3053.759137 3047.446789 3039.195791 3028.402863 3018.813249 3011.749824 3012.694002 3014.968299 3016.390053 3009.535186 2996.305450 3007.430495 2994.769612 2980.943064 2976.879490 2971.243732 2964.675304 2974.793529 2993.448766 3000.348071 2985.226766 2974.789988 2960.090607 2953.380818 2949.811367 2950.946112 2960.106211 2981.731147 3004.280228 3006.286034 2996.079100 2986.016061 2981.530420 2978.861417 2984.316790 3000.686414 2990.695638 3004.378509 3014.313721 3019.650059 3027.443520 3036.703412 3048.370613 3062.367056 3074.111018 3079.963192
3060.957890 3053.339217 3045.786291 3038.313756 3031.611274 3027.284893 3023.147268 3021.178496 3017.729032 3011.808331 3006.589811 3017.567211 3005.988354 2993.189682 2978.483577 2974.485455 2970.057466 2971.093110 2959.596238 2950.893965 2934.943790 2919.827540 2907.696873 2895.302270 2889.440676 2882.935915 2883.036021 2896.979815 2905.501721 2894.836486 2885.041461 2873.827392 2868.911169 2865.710110 2868.135942 2878.651262 2899.126799 2917.697090 2925.863119 2918.676533 2916.418783 2912.311887 2911.016756 2917.358407 2929.421595 2946.937618 2968.855072 2986.915166 2996.861833 3004.246991 3013.016243 2996.285762 3008.338921 3022.268022 3039.630719
3030.928318 3023.576989 3013.934920 3004.533869 2996.031339 3015.744843 3010.023470 3011.864462 3005.309837 2999.088778 2978.679193 2927.730158 2911.163105 2892.416689 2876.246441 2869.563325 2861.214837 2847.481823 2838.514165 2833.244562 2832.626869 2821.722772 2867.858927 2850.091890 2844.503237 2840.243597 2825.171947 2823.206831 2824.347556 2836.619224 2830.221740 2827.685211 2828.541010 2826.445602 2828.747466 2842.265937 2851.892656 2859.584000 2867.075119 2871.002901 2881.444692 2823.671080 2828.502508 2845.342685 2857.246196 2873.442712 2894.227006 2915.588938 2930.373967 2940.134408 2950.861183 2965.213667 2981.606625 2999.332981 3020.815512
3000.225087 3014.489458 3000.991465 2986.653519 2973.971568 2962.216943 2947.145879 2948.372387 2945.468123 2935.627572 2888.342812 2850.724410 2882.277608 2863.665405 2839.239232 2824.956890 2808.656122 2772.904702 2755.497381 2752.455309 2763.520268 2757.786173 2743.160095 2730.395403 2720.968231 2712.042888 2695.509139 2679.564016 2685.032449 2701.489208 2700.860846 2702.848122 2709.801170 2709.248290 2703.981176 2704.285320 2717.618259 2724.624151 2736.262478 2753.016688 2758.766282 2773.095628 2805.855588 2820.637648 2837.502720 2858.256639 2880.691687 2835.754830 2854.089198 2868.143581 2883.368690 2898.303532 2915.034293 2935.637639 2958.526346
2979.784914 2951.085228 2930.563949 2913.522455 2898.325508 2873.256034 2852.860946 2850.232135 2843.575922 2820.663320 2830.152895 2792.083799 2767.201252 2744.444434 2720.001575 2696.417212 2659.635331 2625.093886 2603.069422 2614.976997 2624.372629 2632.269081 2619.938737 2608.324165 2598.278334 2581.271222 2564.694692 2549.586885 2559.736701 2568.288113 2584.137656 2590.161179 2594.244078 2599.447878 2598.497520 2590.111297 2588.643912 2597.595380 2608.406853 2620.893551 2641.077240 2677.163355 2703.370283 2722.864170 2745.097891 2766.269323 2789.742533 2813.518965 2837.714850 2856.405997 2876.439375 2827.483702 2844.840685 2864.707625 2888.334068
2905.974084 2878.010687 2851.692914 2832.205860 2862.429241 2817.247343 2800.948258 2790.500677 2769.957487 2724.868829 2683.360848 2656.259342 2639.464353 2615.127164 2592.540215 2563.452452 2530.333016 2506.942541 2486.074855 2494.832553 2503.650089 2520.719701 2510.788343 2502.474519 2498.323221 2482.967393 2469.374847 2453.430665 2460.010609 2471.476310 2493.142814 2498.733523 2502.886763 2511.862854 2511.407467 2507.873806 2493.413153 2501.338426 2512.777224 2528.096373 2558.889632 2582.554789 2606.530814 2629.440934 2650.574622 2675.552805 2700.210883 2725.217303 2753.390369 2774.861581 2795.574684 2817.716057 2839.049511 2856.633732 2876.048077
2859.332832 2834.024777 2812.625288 2787.559254 2746.906103 2702.080164 2660.666954 2636.023017 2587.042455 2551.577337 2526.618945 2520.870093 2506.535373 2485.368807 2465.035661 2444.161197 2420.839537 2400.687768 2375.621749 2380.166603 2394.626867 2410.445927 2409.497647 2408.962070 2406.858395 2396.910941 2383.329038 2369.674797 2373.339314 2389.885563 2407.605081 2417.060464 2424.684358 2432.651119 2432.831925 2424.466211 2415.369301 2420.917735 2436.559735 2453.908730 2473.310056 2495.215506 2517.461080 2539.096537 2562.801901 2586.565019 2611.066396 2637.621395 2667.578019 2690.536495 2715.955575 2742.216421 2761.554631 2773.272224 2784.661042
2749.894265 2729.021726 2704.720363 2676.525500 2633.073024 2592.274708 2550.825738 2505.283286 2471.403424 2440.938525 2430.624177 2414.119257 2399.344486 2383.611376 2362.975785 2345.762308 2329.788013 2308.171150 2295.735043 2302.153687 2315.170056 2323.883186 2329.337759 2326.841419 2324.211468 2317.994974 2304.102021 2298.275834 2307.846734 2323.087762 2337.158394 2348.459360 2355.490762 2361.110546 2358.461380 2349.920435 2346.584018 2355.173911 2371.087178 2385.339055 2401.341889 2422.815809 2444.479555 2467.094397 2490.712898 2513.924941 2539.659822 2566.094201 2592.984491 2620.977751 2645.123786 2667.817556 2679.283692 2691.111095 2694.857211
2617.655331 2604.128076 2577.970364 2549.261971 2519.103688 2484.333202 2457.889731 2425.604657 2395.077452 2365.614977 2339.805316 2326.013060 2318.617441 2305.076796 2287.436194 2275.620046 2259.675874 2247.442452 2251.587458 2253.026398 2261.662790 2260.416765 2261.096221 2258.394517 2257.568104 2254.717668 2247.331418 2257.817331 2264.630593 2278.373737 2288.646175 2298.375155 2304.431680 2308.339795 2309.371491 2304.855686 2310.396951 2317.115711 2331.374717 2343.057985 2357.385897 2377.931880 2395.348425 2414.999012 2438.331084 2462.186719 2487.124178 2513.771015 2542.566203 2568.289747 2587.706656 2596.180684 2607.180731 2611.481872 2603.682592
