tests/Borden05m/data_simulated/sim_1/output-maps/psiliqL0028N0008.asc
ncols         160
nrows         34
xllcorner     620200.000000
yllcorner     5168000.000000
cellsize      0.500000
NODATA_value  -9999.0
[rows 0 to 24 of 34, columns 0 to 54 of 160]
-9999.0 -9999.0 -9999.0 -9999.0 -9999.0 -9999.0 -9999.0 -9999.0 -9999.0 -9999.0 -9999.0 -9999.0 -9999.0 -9999.0 -9999.0 -9999.0 -9999.0 -9999.0 -9999.0 -9999.0 -9999.0 -9999.0 -9999.0 -9999.0 -9999.0 -9999.0 -9999.0 -9999.0 -9999.0 -9999.0 -9999.0 -9999.0 -9999.0 -9999.0 -9999.0 -9999.0 -9999.0 -9999.0 -9999.0 -9999.0 -9999.0 -9999.0 -9999.0 -9999.0 -9999.0 -9999.0 -9999.0 -9999.0 -9999.0 -9999.0 -9999.0 -9999.0 -9999.0 -9999.0 -9999.0
-9999.0 -9999.0 -9999.0 -9999.0 -9999.0 -9999.0 -9999.0 -9999.0 -9999.0 -9999.0 -9999.0 -9999.0 -9999.0 -9999.0 -9999.0 -9999.0 -9999.0 -9999.0 -9999.0 -9999.0 -9999.0 -9999.0 -9999.0 -9999.0 -9999.0 -9999.0 -9999.0 -9999.0 -9999.0 -9999.0 -9999.0 -9999.0 -9999.0 -9999.0 -9999.0 -9999.0 -9999.0 -9999.0 -9999.0 -9999.0 -9999.0 -9999.0 -9999.0 -9999.0 -9999.0 -9999.0 -9999.0 -9999.0 -9999.0 -9999.0 -9999.0 -9999.0 -9999.0 -9999.0 -9999.0
-9999.0 -9999.0 -9999.0 -9999.0 -9999.0 -9999.0 -9999.0 -9999.0 -9999.0 -9999.0 -9999.0 -9999.0 -9999.0 -9999.0 -9999.0 -9999.0 -9999.0 -9999.0 -9999.0 -9999.0 -9999.0 -9999.0 -9999.0 -9999.0 -9999.0 -9999.0 -9999.0 -9999.0 -9999.0 -9999.0 -9999.0 -9999.0 -9999.0 -9999.0 -9999.0 -9999.0 -9999.0 -9999.0 -9999.0 -9999.0 -9999.0 -9999.0 -9999.0 -9999.0 -9999.0 -9999.0 -9999.0 3672.640877 3655.463235 3642.394581 3637.132227 3657.738971 3680.579659 3704.226374 3724.573551
-9999.0 -9999.0 -9999.0 -9999.0 -9999.0 -9999.0 -9999.0 -9999.0 -9999.0 -9999.0 -9999.0 -9999.0 -9999.0 -9999.0 -9999.0 -9999.0 -9999.0 -9999.0 -9999.0 -9999.0 -9999.0 -9999.0 -9999.0 -9999.0 -9999.0 -9999.0 -9999.0 -9999.0 -9999.0 -9999.0 -9999.0 -9999.0 -9999.0 -9999.0 -9999.0 -9999.0 -9999.0 -9999.0 -9999.0 -9999.0 3724.089156 3729.926923 3729.294880 3719.419359 3707.917789 3693.786337 3672.935382 3655.808735 3642.977991 3641.044524 3643.263404 3645.261922 3665.329316 3690.673996 3710.437580
-9999.0 -9999.0 -9999.0 -9999.0 -9999.0 -9999.0 -9999.0 -9999.0 -9999.0 -9999.0 -9999.0 -9999.0 -9999.0 -9999.0 -9999.0 -9999.0 -9999.0 -9999.0 -9999.0 -9999.0 -9999.0 -9999.0 -9999.0 -9999.0 -9999.0 -9999.0 -9999.0 -9999.0 -9999.0 -9999.0 -9999.0 -9999.0 -9999.0 -9999.0 3632.103868 3648.805088 3666.525205 3684.943336 3701.804843 3708.794635 3714.530325 3719.662098 3714.735084 3710.151610 3698.153245 3676.516099 3657.056055 3644.319466 3643.406495 3640.784695 3643.933010 3654.918522 3671.216488 3685.695078 3705.857892
-9999.0 -9999.0 -9999.0 -9999.0 -9999.0 -9999.0 -9999.0 -9999.0 -9999.0 -9999.0 -9999.0 -9999.0 -9999.0 -9999.0 -9999.0 -9999.0 -9999.0 -9999.0 -9999.0 -9999.0 -9999.0 -9999.0 -9999.0 -9999.0 -9999.0 -9999.0 -9999.0 -9999.0 3638.680045 3632.600368 3627.645242 3625.832772 3624.122261 3622.989885 3629.429305 3640.136372 3656.730741 3678.661051 3691.791250 3698.854292 3705.586416 3705.612424 3699.262765 3697.302947 3697.507877 3684.350949 3671.617411 3659.676818 3647.954770 3644.162314 3652.561995 3666.472852 3682.325304 3696.472244 3711.317719
-9999.0 -9999.0 -9999.0 -9999.0 -9999.0 -9999.0 -9999.0 -9999.0 -9999.0 -9999.0 -9999.0 -9999.0 -9999.0 -9999.0 -9999.0 -9999.0 -9999.0 -9999.0 -9999.0 -9999.0 -9999.0 -9999.0 -9999.0 3609.217953 3613.821589 3620.146423 3627.638960 3628.393624 3625.057497 3619.504273 3616.638471 3614.942516 3612.239962 3616.468174 3622.909169 3635.355428 3650.104662 3672.095874 3679.880249 3683.399137 3694.174158 3697.668519 3705.490169 3708.913794 3706.531157 3701.749604 3685.910845 3673.418629 3674.526560 3677.672021 3684.032108 3691.938275 3704.942656 3717.837734 3732.214509
-9999.0 -9999.0 -9999.0 -9999.0 -9999.0 -9999.0 -9999.0 -9999.0 -9999.0 -9999.0 -9999.0 -9999.0 -9999.0 -9999.0 -9999.0 -9999.0 -9999.0 -9999.0 -9999.0 3585.042273 3586.021470 3587.443089 3592.166624 3592.296401 3593.766020 3600.210169 3607.877452 3610.563462 3607.915981 3606.662290 3607.527003 3609.616464 3613.665921 3623.382502 3636.058537 3649.257063 3661.143614 3681.033411 3694.609104 3705.912283 3720.274488 3720.288693 3716.133956 3713.862428 3713.014109 3710.378638 3707.040437 3704.736761 3710.222756 3709.480156 3711.771318 3720.190430 3731.590533 3747.064443 3763.452395
-9999.0 -9999.0 -9999.0 -9999.0 -9999.0 -9999.0 -9999.0 -9999.0 -9999.0 -9999.0 -9999.0 -9999.0 -9999.0 -9999.0 -9999.0 -9999.0 3556.083610 3557.708461 3559.948057 3565.322643 3568.989860 3572.677425 3579.374321 3580.613257 3583.526481 3590.077561 3593.872157 3602.653696 3610.443763 3616.732329 3621.719358 3623.174957 3628.497644 3636.534069 3646.721440 3659.156403 3677.774456 3700.272881 3714.744310 3730.320312 3746.531461 3746.117698 3743.352523 3742.530504 3739.814857 3739.410966 3752.307996 3754.166806 3746.949602 3754.588947 3765.109070 3766.719172 3772.732814 3791.813098 3812.995970
-9999.0 -9999.0 -9999.0 -9999.0 -9999.0 -9999.0 -9999.0 -9999.0 -9999.0 -9999.0 -9999.0 -9999.0 -9999.0 3506.294109 3510.045564 3520.170051 3531.876614 3534.772083 3539.568448 3546.079891 3557.795075 3560.963931 3566.351692 3572.829380 3584.924496 3592.739327 3600.526186 3611.214368 3618.042316 3623.759577 3628.790146 3629.929207 3639.774205 3652.196321 3664.941609 3682.491203 3703.058997 3719.843425 3736.369961 3751.655076 3761.836505 3757.402109 3755.641958 3756.755840 3759.966819 3771.248639 3786.411734 3784.524673 3791.866501 3811.044464 3819.906829 3825.732139 3830.712360 3843.988491 3864.983214
-9999.0 -9999.0 -9999.0 -9999.0 -9999.0 -9999.0 -9999.0 -9999.0 -9999.0 -9999.0 3480.968123 3482.065126 3477.955860 3474.422605 3479.996079 3492.016678 3506.344325 3511.238060 3522.849436 3543.779720 3562.055570 3564.309716 3576.673810 3585.998926 3591.635700 3600.036696 3611.398317 3621.785878 3635.303881 3645.147939 3651.782084 3665.876579 3679.793609 3694.136020 3709.551638 3728.348887 3742.401156 3763.943089 3787.165326 3793.978372 3808.946925 3809.556196 3804.389135 3801.395228 3809.778168 3819.201698 3832.005088 3845.530068 3862.586928 3883.101590 3891.573561 3903.555173 3911.753530 3921.282777 3936.091752
-9999.0 -9999.0 -9999.0 -9999.0 -9999.0 -9999.0 -9999.0 -9999.0 3456.641676 3464.645324 3469.498042 3465.705664 3460.694641 3453.910536 3468.187357 3482.905469 3498.005453 3515.753327 3530.441272 3547.870657 3560.559783 3573.930161 3592.917662 3602.149528 3611.064652 3624.421803 3635.651193 3648.376829 3666.943610 3672.368559 3680.934126 3698.347225 3711.940949 3726.978553 3743.437049 3758.138396 3776.152718 3804.542253 3831.811063 3846.045614 3870.749275 3886.205954 3879.227190 3876.323080 3876.593383 3898.449132 3923.360921 3951.358528 3968.659422 3990.860006 4018.305450 4037.000687 4045.921097 4056.716848 4070.283685
-9999.0 -9999.0 -9999.0 -9999.0 -9999.0 -9999.0 3428.267925 3452.370714 3467.152127 3457.890805 3442.399893 3436.337960 3429.112070 3460.512063 3482.186663 3498.673931 3514.375747 3530.855184 3545.918172 3552.457129 3580.193787 3598.536384 3608.604322 3619.706202 3632.627775 3645.480536 3659.950961 3679.389859 3694.775801 3714.146863 3727.486815 3741.521430 3763.438526 3779.153924 3794.611844 3806.550262 3832.608307 3865.992004 3899.450596 3922.610177 3946.094494 3977.092627 3975.658754 3976.801761 3977.596091 4001.303909 4034.938854 4064.258135 4095.504727 4125.590927 4153.847043 4164.135855 4172.929881 4182.662796 4195.084607
-9999.0 -9999.0 -9999.0 -9999.0 3396.677887 3417.158259 3435.071391 3464.450945 3485.679626 3480.014342 3483.260834 3480.118199 3474.425160 3478.734206 3486.094186 3502.094016 3520.132806 3538.534867 3551.060211 3575.798780 3621.667781 3630.752351 3645.502329 3673.169911 3682.422352 3694.853188 3708.957240 3727.795037 3744.055910 3769.348697 3801.322310 3828.445910 3848.372820 3866.357225 3884.442486 3900.122804 3934.607368 3970.878338 4005.861637 4036.658602 4062.930665 4088.696217 4094.642433 4099.219775 4108.976822 4125.999340 4148.679662 4176.144726 4209.862974 4241.887196 4264.967188 4273.634724 4278.654226 4288.129546 4295.459963
-9999.0 -9999.0 -9999.0 3341.976173 3380.854133 3420.343640 3445.141837 3474.528759 3506.101443 3504.451928 3512.185934 3510.362759 3507.497549 3511.413059 3512.756385 3527.919367 3545.014540 3564.058777 3584.105733 3615.992573 3643.196366 3658.276740 3684.307653 3697.966984 3708.940714 3720.348081 3737.775221 3756.366554 3791.341863 3819.469686 3864.248999 3913.905635 3945.114410 3963.748855 3985.890525 4013.161393 4038.150153 4076.929892 4110.727127 4142.612967 4172.651934 4194.565282 4208.458588 4212.900951 4222.560903 4228.148651 4240.438946 4261.354475 4283.700666 4314.490267 4343.787796 4372.982532 4388.368226 4399.562468 4416.790767
-9999.0 -9999.0 3293.459076 3333.075817 3363.632229 3409.270698 3461.657918 3496.110624 3534.427699 3551.699374 3553.449344 3562.164810 3570.951739 3570.127300 3576.980041 3587.997620 3609.562069 3617.804570 3637.643387 3650.595973 3685.338318 3716.984725 3709.266789 3745.314568 3774.319663 3806.799373 3827.924970 3854.043926 3891.590534 3924.361895 3968.057125 4017.734234 4051.561223 4079.127736 4095.004482 4115.336406 4135.529587 4162.089339 4199.019666 4224.491560 4258.276179 4283.679976 4303.152790 4303.529649 4306.150698 4322.361938 4350.997109 4382.240780 4411.522421 4440.949499 4423.919691 4448.412589 4459.367147 4465.478963 4475.088905
-9999.0 -9999.0 3262.522377 3309.133711 3342.363771 3398.449864 3485.309132 3518.318826 3557.005285 3601.537391 3613.720959 3633.782216 3624.331539 3609.666911 3625.744363 3638.161056 3658.979177 3666.016366 3658.931547 3710.025304 3761.284380 3782.134590 3783.437606 3860.883208 3913.594719 3938.527730 3955.594958 3975.773249 3995.046009 4032.922196 4071.328391 4125.940037 4167.083065 4196.944667 4211.485904 4231.788934 4251.384348 4266.384154 4286.090571 4333.544998 4369.838369 4401.140166 4433.541580 4455.056348 4463.299103 4468.564181 4441.646483 4462.136344 4476.031709 4482.024693 4484.433706 4480.608654 4480.062840 4480.910005 4481.832897
-9999.0 3168.359183 3220.766742 3270.524887 3333.693421 3393.436030 3466.234945 3539.578805 3606.313196 3658.306337 3682.264605 3672.092879 3666.446011 3688.672877 3706.580983 3721.178914 3726.585995 3737.098471 3716.896800 3770.519908 3805.474454 3851.543889 3949.509793 4007.993031 4073.249563 4068.788672 4056.633141 4060.954096 4076.273360 4123.112684 4203.384364 4260.645311 4327.847235 4377.852093 4395.349007 4403.113473 4422.119361 4443.175016 4387.520602 4433.085593 4454.134444 4471.698062 4481.861557 4484.282381 4485.634424 4485.382653 4481.645171 4474.540632 4466.300838 4460.406842 4456.140667 4451.637529 4454.078867 4457.415244 4457.512240
-9999.0 3129.322827 3186.142616 3253.661837 3319.972486 3362.918919 3441.312721 3610.224401 3673.241380 3710.538551 3712.959475 3681.548451 3736.064415 3794.637479 3817.482911 3862.561322 3845.706794 3830.123738 3790.099779 3814.411729 3851.781452 3922.378582 4096.971112 4186.340182 4241.472793 4249.379781 4249.715385 4278.436754 4323.695790 4372.655119 4420.212546 4385.483108 4437.928231 4463.827676 4469.239817 4469.997400 4475.808483 4474.246937 4472.939722 4468.424724 4463.213553 4463.389657 4468.103963 4467.959925 4464.961855 4461.517832 4455.776018 4448.356266 4443.192970 4438.556165 4435.908352 4433.089193 4431.063129 4430.192816 4425.217372
-9999.0 3086.721767 3162.014423 3218.884741 3260.993073 3347.236584 3477.252066 3621.962710 3718.191065 3751.075844 3721.219076 3750.974772 3853.974799 3961.696193 4014.254265 4034.951729 4013.102041 3961.206172 3938.212862 3981.909254 4053.490236 4177.435433 4323.059187 4425.919039 4441.851565 4445.460964 4394.276315 4421.817063 4447.343845 4450.373033 4451.571632 4460.244188 4465.377751 4468.403299 4466.806921 4463.906388 4459.058355 4450.804965 4446.017375 4442.270318 4438.452211 4437.187710 4439.104912 4441.049277 4438.178352 4434.257168 4429.770660 4424.195363 4417.839980 4411.028970 4406.628376 4402.303064 4400.135161 4394.430649 4390.974532
-9999.0 2959.041754 3056.081480 3093.284488 3159.079672 3349.649111 3478.625155 3616.435993 3784.135858 3801.280282 3841.795793 3984.226878 4105.926885 4187.785026 4215.481075 4248.218438 4272.674180 4288.071120 4325.620796 4195.632292 4280.087401 4383.994589 4432.016899 4452.841112 4464.133233 4464.531361 4454.431728 4433.397659 4422.607493 4415.845101 4417.458011 4424.770919 4429.351204 4434.060221 4431.730528 4432.884316 4434.160345 4430.979593 4426.905981 4418.078009 4410.169525 4403.307892 4399.807944 4404.423244 4399.786372 4397.520798 4391.245290 4382.676976 4373.612727 4366.213265 4358.130903 4351.515630 4349.298264 4344.289965 4343.065587
-9999.0 2878.063007 2949.307055 3001.468891 3105.705622 3268.412835 3356.341124 3511.605860 3757.698151 3897.131281 4067.561692 4162.018024 4232.755293 4272.728503 4322.075840 4375.646486 4403.591905 4416.160269 4382.856857 4407.312565 4363.328329 4352.068752 4370.019967 4399.930997 4417.879288 4422.092214 4414.356956 4405.408650 4398.124234 4397.000953 4394.699196 4390.234857 4385.738170 4381.926656 4378.787381 4381.930025 4387.379870 4380.083406 4369.502565 4359.807956 4351.077456 4341.675037 4335.623325 4330.741532 4331.324932 4331.632522 4323.903103 4313.299987 4302.301545 4293.902598 4286.685890 4282.265061 4279.477461 4274.398256 4264.353842
-9999.0 2762.963985 2887.965453 2959.759192 3046.311324 3172.074064 3270.186323 3418.281280 3543.821616 3792.555225 3931.302609 4138.198476 4190.091043 4262.553784 4309.026248 4384.091249 4378.842192 4347.601445 4303.217042 4287.275208 4299.754625 4309.109523 4317.061470 4331.177093 4349.150007 4359.528023 4365.068227 4359.299314 4345.009923 4332.096950 4320.343111 4306.080619 4296.325183 4293.641430 4298.181135 4308.633201 4308.894249 4299.522504 4285.165678 4266.529021 4250.615197 4238.569439 4236.665492 4239.629641 4240.851728 4236.644810 4230.904953 4219.993218 4207.259665 4194.608616 4189.067807 4184.779984 4177.155570 4165.583185 4153.416782
-9999.0 -9999.0 2799.380230 2906.383413 2994.193716 3100.748857 3182.452289 3293.427565 3430.312679 3599.194869 3715.511956 3904.353588 4003.883085 4048.507259 4080.863291 4137.653115 4164.661796 4198.446149 4194.932119 4208.298779 4219.167839 4224.850988 4229.890403 4235.128672 4245.502511 4255.499009 4266.252817 4263.416287 4254.659283 4233.622049 4207.084719 4186.392763 4175.621174 4165.995202 4178.549797 4191.292524 4185.371153 4178.381814 4165.568508 4149.195054 4136.619934 4122.225351 4118.774611 4118.601943 4119.243257 4116.973424 4114.682009 4102.195015 4089.911273 4080.204677 4076.305853 4070.658701 4067.245827 4057.456768 4046.852708
-9999.0 -9999.0 2721.005855 2811.959329 2909.678697 3022.515475 3100.910711 3100.516518 3231.581178 3331.388180 3439.147094 3552.639110 3652.173813 3722.192933 3753.826534 3816.896221 3876.080980 3895.409937 3939.307749 3997.527808 4033.595355 4075.241678 4099.390518 4108.695416 4121.256333 4136.083519 4143.493612 4127.765842 4116.436813 4099.228801 4075.394049 4048.093024 4034.289527 4034.272444 4032.816564 4033.799201 4025.853140 4016.939561 4002.385363 3988.636671 3976.495044 3967.894272 3964.348471 3958.406647 3955.932565 3953.188478 3951.653569 3946.830227 3938.932788 3934.729235 3926.460145 3922.986207 3922.436362 3919.820429 3914.474166
