tests/Borden05m/data_simulated/sim_1/output-maps/psiliqL0021N0012.asc
ncols         160
nrows         34
xllcorner     620200.000000
yllcorner     5168000.000000
cellsize      0.500000
NODATA_value  -9999.0
[rows 0 to 24 of 34, columns 55 to 109 of 160]
-9999.0 -9999.0 -9999.0 -9999.0 -9999.0 -9999.0 -9999.0 -9999.0 -9999.0 -9999.0 -9999.0 -9999.0 -9999.0 -9999.0 -9999.0 -9999.0 -9999.0 -9999.0 -9999.0 -9999.0 -9999.0 -9999.0 -9999.0 -9999.0 -9999.0 -9999.0 -9999.0 -9999.0 -9999.0 -9999.0 -9999.0 -9999.0 -9999.0 -9999.0 -9999.0 -9999.0 -9999.0 -9999.0 -9999.0 -9999.0 -9999.0 -9999.0 -9999.0 -9999.0 -9999.0 -9999.0 -9999.0 -9999.0 -9999.0 -9999.0 -9999.0 -9999.0 -9999.0 -9999.0 -9999.0
-9999.0 -9999.0 -9999.0 -9999.0 2434.973455 2429.790598 2425.188951 2421.012968 2413.014332 2404.277645 2396.746205 2393.178192 2392.637238 2392.337509 2392.307312 2397.801832 2406.282969 2414.289933 2421.563636 2424.118464 2426.709803 2428.934034 2429.488701 2428.545094 2425.572882 2422.620217 2419.428629 2417.949600 2410.443175 2399.321032 2390.886730 2388.193004 2392.431371 2396.747732 2399.129140 2404.416632 2414.709389 2425.051639 2433.013009 2444.732098 2450.737852 2455.442884 2457.607302 2453.003715 2449.085042 2444.723364 2438.678417 2427.415655 -9999.0 -9999.0 -9999.0 -9999.0 -9999.0 -9999.0 -9999.0
2380.080995 2399.131234 2420.019603 2423.431783 2411.927177 2407.145915 2404.316949 2402.948039 2398.937264 2390.892496 2386.248830 2381.322546 2379.485387 2380.021503 2380.484442 2384.820083 2395.823603 2404.100154 2409.094530 2412.015777 2415.012769 2414.149207 2413.675684 2413.612719 2410.899224 2407.574963 2404.332664 2402.633565 2403.807957 2396.303365 2390.556255 2386.849507 2384.341621 2386.896248 2389.402319 2393.400806 2402.485214 2410.197494 2417.842901 2432.047247 2444.384720 2449.345742 2446.226270 2440.873269 2436.472080 2428.861910 2418.153998 2407.802401 2399.077695 2392.186805 2386.109297 2379.201694 2384.645089 2391.211195 2399.961443
2364.967130 2384.703195 2405.529806 2408.587327 2398.396946 2390.821892 2385.127865 2386.022480 2389.685137 2386.895466 2382.702577 2376.511662 2386.415309 2388.022502 2389.410539 2393.167666 2396.057242 2400.857546 2403.761488 2409.384413 2418.535338 2421.482645 2422.137190 2422.394510 2420.627209 2417.558232 2415.784821 2413.124096 2407.977814 2406.518327 2406.442156 2405.538564 2409.886544 2411.244868 2413.677821 2407.632345 2411.539338 2417.505375 2424.039495 2429.610560 2435.482312 2438.002660 2434.091232 2433.434759 2424.356337 2410.057083 2399.243213 2390.918495 2389.831320 2386.132745 2377.477074 2363.311226 2370.277130 2385.289089 2389.158214
2371.819154 2381.438963 2392.983689 2396.175498 2391.632409 2394.015189 2396.273213 2398.162669 2397.005578 2394.276101 2391.400115 2403.130279 2412.267310 2414.308830 2417.457181 2421.852542 2422.801925 2412.037962 2410.228958 2418.121934 2428.105147 2433.629082 2433.984182 2433.887685 2430.978435 2430.010862 2429.861943 2428.026524 2428.080866 2430.016303 2428.517871 2432.090134 2437.622000 2440.921993 2434.391207 2425.549807 2427.097710 2435.136004 2443.898543 2451.099251 2460.971441 2471.348601 2470.427237 2464.721740 2455.207067 2441.496692 2417.807998 2398.812906 2387.051141 2378.511644 2370.397040 2371.293638 2366.253954 2378.119884 2378.932923
2365.385113 2385.303130 2406.320160 2413.566595 2408.245889 2404.668206 2403.522657 2404.874765 2405.016189 2407.115332 2417.897601 2431.085427 2444.551252 2447.516030 2450.156919 2449.625987 2441.685145 2431.797559 2429.095026 2443.281926 2460.431706 2468.704377 2468.826387 2466.051993 2470.752310 2470.447581 2470.236093 2466.429019 2467.757727 2466.903594 2474.060436 2481.692461 2489.264603 2487.685701 2475.287288 2463.160625 2462.373555 2466.610320 2471.935940 2478.618540 2488.270700 2496.957834 2491.296620 2484.552170 2475.278382 2447.532186 2421.861122 2405.718704 2404.876597 2404.347341 2398.779024 2395.278497 2392.397777 2386.140304 2385.088403
2408.911226 2429.723258 2451.066056 2465.991233 2460.830297 2453.976438 2445.708758 2446.852560 2449.037514 2456.475961 2468.555859 2483.791602 2507.086828 2508.494357 2510.517774 2511.169409 2499.521859 2487.206138 2477.239631 2497.982007 2508.999992 2516.784091 2515.992516 2523.065962 2532.311305 2528.525954 2521.746355 2510.555905 2516.533622 2525.129045 2540.231092 2547.658693 2552.271542 2548.859674 2535.935297 2529.452466 2529.675969 2534.257746 2533.744881 2540.346683 2549.098406 2563.331563 2561.502684 2555.098516 2533.305599 2495.475116 2463.036860 2445.926326 2454.134944 2446.748491 2438.542919 2435.773820 2422.406242 2412.627295 2413.125063
2453.858408 2470.162708 2488.215645 2506.203179 2499.837026 2490.472175 2476.201190 2475.005207 2481.318321 2492.234294 2511.032137 2531.538031 2553.558235 2556.568642 2554.263539 2563.972044 2558.291046 2548.701767 2541.389559 2559.059717 2570.035716 2580.404068 2587.705309 2600.471700 2611.446384 2597.831526 2582.958130 2574.779730 2581.180025 2604.440102 2624.751803 2629.586637 2629.341971 2629.714238 2616.722992 2611.128605 2606.521224 2604.564354 2600.401823 2597.223482 2619.079948 2637.817241 2636.155711 2613.067583 2589.000809 2550.313601 2511.663178 2483.085773 2489.555004 2485.170499 2485.471993 2472.193350 2457.711695 2445.519086 2438.458620
2521.134853 2546.635703 2565.547760 2587.459106 2583.176393 2563.701167 2551.931641 2556.289384 2570.286603 2578.754157 2596.660843 2617.040237 2645.451082 2661.652783 2676.565959 2682.520922 2674.427494 2666.071753 2654.068043 2656.846711 2678.433432 2691.907469 2701.606667 2711.130741 2723.813096 2726.340652 2721.272124 2720.106055 2724.110229 2735.046493 2747.270385 2753.884901 2757.483878 2759.346097 2749.497989 2737.825147 2735.699175 2729.060095 2725.409909 2723.481550 2730.790108 2746.764741 2743.055131 2709.611653 2681.406339 2645.026671 2606.300650 2575.127686 2563.379969 2576.043819 2569.598240 2551.465470 2536.237796 2505.635601 2494.678552
2606.082254 2640.912933 2667.413177 2682.042656 2693.154363 2683.498645 2683.940275 2688.993849 2697.793471 2702.445132 2710.102256 2742.787436 2775.698798 2802.592953 2826.471382 2834.985631 2823.873550 2814.535028 2802.061301 2793.419645 2802.154393 2818.830395 2836.405657 2851.786282 2863.184854 2865.948232 2864.528151 2864.794157 2867.639707 2870.581261 2874.334852 2881.861108 2889.370081 2820.081452 2825.954012 2820.576815 2881.599754 2871.009379 2859.895890 2857.010817 2856.638907 2857.512229 2857.139040 2842.777071 2803.674997 2772.063858 2740.431228 2716.326509 2698.744896 2691.526321 2669.804555 2644.994499 2594.668843 2555.580090 2521.815623
2709.522347 2753.443727 2782.761559 2803.765384 2818.681266 2819.133739 2822.291611 2824.936003 2830.391673 2834.676522 2839.797017 2865.431017 2823.080608 2857.992345 2888.383401 2889.717105 2877.625113 2866.706252 2857.207473 2844.326894 2840.711772 2851.632224 2865.519791 2884.282597 2895.122043 2902.506312 2899.381809 2899.766149 2901.968050 2903.414213 2905.390209 2908.441019 2917.096207 2927.718327 2940.887459 2940.857997 2927.380942 2910.814710 2894.464140 2890.312784 2886.574731 2881.300571 2882.744610 2884.066985 2871.286132 2845.656299 2885.039807 2842.817871 2821.041101 2802.005364 2788.547339 2771.873850 2735.398185 2671.600741 2634.211304
2835.212103 2868.211351 2817.459939 2844.345136 2860.392769 2864.568038 2863.074608 2863.007561 2870.095920 2874.067535 2881.218300 2896.749162 2922.363769 2955.114040 2983.527626 2999.480020 2993.154715 2977.226503 2956.934017 2948.869578 2946.634560 2949.747177 2958.267164 2969.436937 2987.497900 3005.111107 2984.529516 2985.373539 3008.735222 2985.065147 2985.410164 2985.487725 2987.737005 2994.825769 3003.677248 3006.783261 3001.246706 3008.731683 2987.088775 2974.748232 2967.520793 2963.695541 2963.553857 2967.205456 2969.002383 2955.410520 2926.510623 2884.669031 2853.671338 2836.258001 2825.728893 2889.263835 2875.685890 2845.736257 2824.169972
2864.111013 2878.864896 2902.766556 2930.484359 2952.645327 2967.795550 2969.421377 2973.324422 2978.069953 2986.207961 3000.820360 2995.626394 3011.552552 3031.918532 3056.417945 3071.229909 3076.546151 3075.539228 3072.450406 3073.850690 3074.144810 3023.869710 3029.027245 3034.150716 3047.867656 3060.719543 3064.252484 3064.773570 3063.767416 3064.322589 3064.908012 3064.895492 3064.544316 3066.073921 3070.145367 3071.701102 3069.818807 3060.342964 3073.458164 3054.599582 3041.777296 3033.906239 3025.945699 3017.711659 3008.413125 2999.903439 3008.478764 2979.720798 2946.061232 2923.654940 2914.720260 2911.752919 2903.825028 2898.047671 2881.611579
2960.217121 2971.171897 2988.459194 3009.651180 3013.315570 3033.801731 3044.631937 3053.479276 3058.038259 3071.215723 3086.524844 3073.114486 3079.758229 3086.671994 3093.538433 3095.895151 3096.568071 3096.254478 3093.932474 3093.310111 3091.166418 3087.328208 3077.246815 3078.818133 3080.612970 3083.186852 3086.817930 3085.643524 3086.709501 3089.629228 3087.975323 3082.161295 3078.282540 3076.723363 3077.540124 3084.845175 3088.200278 3089.120222 3086.569004 3085.736926 3084.941672 3082.210852 3078.795579 3073.975465 3067.805034 3078.764290 3068.627997 3042.579498 3006.399353 2995.870576 2986.764311 2986.513857 2986.460755 2984.338876 2978.488063
3049.385868 3062.246272 3076.207690 3060.448142 3077.323168 3086.480688 3090.780850 3094.319097 3096.925214 3099.328847 3096.240274 3093.076856 3088.288827 3086.843925 3085.524524 3083.117037 3083.751229 3081.856982 3077.876486 3074.053520 3066.689648 3055.485735 3044.313297 3041.122233 3045.514803 3050.909363 3055.758092 3059.760436 3063.330572 3063.709043 3058.533626 3050.380043 3043.063910 3041.343901 3048.054481 3053.711475 3059.779266 3060.590788 3059.227945 3056.936464 3056.872162 3053.916072 3054.236407 3061.062010 3075.197008 3078.891920 3083.647183 3082.960703 3069.610821 3046.483055 3051.750749 3032.213606 3037.498260 3033.074848 3021.979214
3088.205717 3090.455577 3089.162588 3087.851334 3081.650083 3075.736753 3075.000880 3078.957906 3085.900985 3087.040994 3080.075655 3071.711719 3064.672944 3057.564742 3055.351230 3054.588332 3054.229051 3054.618727 3049.392416 3040.733143 3025.542138 3014.105052 3003.069481 2997.144947 2994.011342 2997.956992 3008.647660 3019.871218 3024.739918 3016.370944 3008.329036 2997.011433 2989.029254 2989.430035 2990.881262 3000.163370 3015.928351 3022.429276 3023.184004 3017.214889 3011.434280 3005.069711 3002.359448 3008.847272 3023.829566 3038.709106 3053.427828 3062.112956 3069.595621 3076.424225 3076.582621 3078.759103 3079.961760 3078.235468 3079.838166
3082.231469 3075.466144 3068.712800 3063.590537 3057.185670 3051.859827 3050.125906 3052.221951 3054.517954 3050.753555 3044.419464 3035.649843 3024.859635 3015.306227 3008.280169 3009.259954 3011.567938 3013.019657 3006.170058 2992.431664 3001.921107 2989.044279 2975.233991 2971.217428 2965.618697 2959.076140 2969.212387 2987.880059 2994.787960 2979.672959 2969.242690 2954.549608 2947.846077 2944.281428 2945.419014 2954.578674 2976.198509 2998.735468 3000.718758 2990.477844 2980.370188 2975.862165 2973.130399 2978.524928 2995.116320 2986.569570 3000.781412 3010.707810 3016.013420 3023.780136 3033.051745 3045.282056 3059.319815 3071.059082 3076.909389
3057.870755 3050.237132 3042.697297 3035.241753 3028.512162 3023.653233 3019.518790 3017.589702 3014.184182 3008.286143 3002.567290 3011.959094 3000.123307 2987.376508 2972.733923 2968.800352 2964.436725 2965.536648 2954.100789 2945.427076 2929.223199 2914.076635 2901.753485 2889.377054 2883.554566 2877.078867 2877.199727 2891.156905 2899.687696 2889.027898 2879.237636 2868.027193 2863.113770 2859.914054 2862.338239 2872.847201 2893.310123 2911.857851 2919.988820 2912.754149 2910.468477 2906.526670 2905.219098 2911.478833 2923.479157 2941.220613 2963.086329 2981.100045 2990.970167 2998.291238 3007.291574 2992.059340 3004.657168 3018.582310 3035.954080
3027.839040 3019.954599 3010.311129 3000.923531 2991.903457 3010.260690 3004.307652 3006.197857 2999.701401 2993.534958 2973.115872 2921.837484 2905.065695 2886.356136 2870.262173 2863.658457 2855.386564 2841.731875 2832.836903 2827.631590 2827.025536 2815.926315 2873.098106 2855.425744 2849.984327 2845.901716 2831.015595 2829.219245 2830.485383 2842.823177 2836.432930 2833.853684 2834.634946 2832.452657 2834.670533 2848.117471 2857.691218 2865.354616 2872.846886 2876.808845 2887.314436 2817.747948 2822.718797 2839.488188 2851.287312 2867.391547 2888.107709 2909.621947 2924.379110 2934.050383 2944.714648 2959.333611 2975.678257 2993.335019 3015.041621
2996.143951 3009.193269 2995.465645 2981.175838 2968.490814 2956.475018 2941.447781 2942.745208 2939.912365 2930.083591 2882.611357 2844.762768 2888.126308 2869.279186 2844.581761 2830.018133 2813.435651 2777.454097 2759.865303 2756.695822 2767.695894 2761.972693 2747.520713 2734.859121 2725.553361 2716.770058 2700.383075 2684.570334 2690.138500 2706.652065 2706.032274 2707.989988 2714.888261 2714.268343 2708.934585 2709.182879 2722.476257 2729.464227 2741.113210 2757.909229 2763.718726 2778.040686 2810.924082 2825.860385 2842.889349 2863.809509 2886.390605 2829.576837 2848.049788 2862.027188 2877.184417 2892.294415 2908.998387 2929.507848 2952.326971
2974.510369 2945.539814 2925.051581 2908.014129 2892.685178 2867.646820 2847.330879 2844.789283 2838.189906 2815.136170 2835.567462 2797.243052 2772.209443 2749.202108 2724.485571 2700.614958 2663.471145 2628.723454 2606.531712 2618.316851 2627.640124 2635.516270 2623.221574 2611.665744 2601.701375 2584.792279 2568.318238 2553.303749 2563.525911 2572.119988 2587.981005 2593.989406 2598.038071 2603.197385 2602.201204 2593.774626 2592.280586 2601.223481 2612.050911 2624.581517 2644.838288 2681.120020 2707.474407 2727.127437 2749.536842 2770.905845 2794.545321 2818.372593 2842.733740 2861.601955 2881.792942 2821.240558 2838.746193 2858.536394 2882.092579
2900.522729 2872.599757 2846.314634 2826.696774 2869.052408 2823.487285 2806.749139 2795.899737 2774.988513 2729.574449 2687.867546 2660.382617 2643.345847 2618.758962 2595.923263 2566.603286 2533.317404 2509.760781 2488.749000 2497.397536 2506.144792 2523.184974 2513.261146 2504.982623 2500.888837 2485.604537 2472.087995 2456.213297 2462.848099 2474.347289 2496.025856 2501.608124 2505.738033 2514.682920 2514.193874 2510.629884 2496.146956 2504.065373 2515.517658 2530.875600 2561.714768 2585.407241 2609.475700 2632.511202 2653.793927 2679.054569 2703.904782 2729.083790 2757.467600 2779.143004 2800.037925 2822.253866 2843.771571 2861.551511 2881.139746
2866.263474 2840.653618 2818.908238 2793.473689 2752.534384 2707.304177 2665.353956 2640.352573 2591.029027 2555.246876 2530.034376 2524.085620 2509.532344 2488.142084 2467.588997 2446.489941 2423.011845 2402.723277 2377.540971 2381.996451 2396.397472 2412.187395 2411.237347 2410.723459 2408.659315 2398.762498 2385.234902 2371.630865 2375.335224 2391.907648 2409.638017 2419.089920 2426.699519 2434.645226 2434.802131 2426.413167 2417.297652 2422.836898 2438.486220 2455.879832 2475.317005 2497.262737 2519.582638 2541.310459 2565.113968 2588.953793 2613.579994 2640.285809 2670.528869 2693.698126 2719.322944 2745.797557 2765.358302 2777.296515 2788.885732
2755.665975 2734.510506 2709.883915 2681.322650 2637.391081 2596.273871 2554.538772 2508.680808 2474.496070 2443.722471 2433.181083 2416.478889 2401.513409 2385.599511 2364.801798 2347.453559 2331.359068 2309.634972 2297.108191 2303.456867 2316.425889 2325.114326 2330.565417 2328.083392 2325.481570 2319.302088 2305.449186 2299.660669 2309.262863 2324.524956 2338.605261 2349.905516 2356.927751 2362.532458 2359.864872 2351.304848 2347.951027 2356.526906 2372.428822 2386.668425 2402.676940 2424.174448 2445.900423 2468.576980 2492.266324 2515.548906 2541.373949 2567.906138 2594.879537 2623.007660 2647.318241 2670.306911 2682.001088 2694.054393 2698.026596
2621.977774 2608.206615 2581.779955 2552.793762 2522.407360 2487.381689 2460.679819 2428.107061 2397.353438 2367.694323 2341.703489 2327.743534 2320.190819 2306.503998 2288.736630 2276.814224 2260.776298 2248.460984 2252.538453 2253.924985 2262.525459 2261.259737 2261.935266 2259.243096 2258.436694 2255.612948 2248.256028 2258.771053 2265.610022 2279.370565 2289.651522 2299.381317 2305.432330 2309.329682 2310.347196 2305.815489 2311.340832 2318.044117 2332.287916 2343.955914 2358.276463 2378.821206 2396.239433 2415.910548 2439.291837 2463.193746 2488.189639 2514.902204 2543.768749 2569.588674 2589.117152 2597.696861 2608.856661 2613.346894 2605.754205
