tests/Borden05m/data_simulated/sim_1/output-maps/psiliqL0013N0007.asc
ncols         160
nrows         34
xllcorner     620200.000000
yllcorner     5168000.000000
cellsize      0.500000
NODATA_value  -9999.0
[rows 0 to 24 of 34, columns 0 to 55 of 160]
-9999.0 -9999.0 -9999.0 -9999.0 -9999.0 -9999.0 -9999.0 -9999.0 -9999.0 -9999.0 -9999.0 -9999.0 -9999.0 -9999.0 -9999.0 -9999.0 -9999.0 -9999.0 -9999.0 -9999.0 -9999.0 -9999.0 -9999.0 -9999.0 -9999.0 -9999.0 -9999.0 -9999.0 -9999.0 -9999.0 -9999.0 -9999.0 -9999.0 -9999.0 -9999.0 -9999.0 -9999.0 -9999.0 -9999.0 -9999.0 -9999.0 -9999.0 -9999.0 -9999.0 -9999.0 -9999.0 -9999.0 -9999.0 -9999.0 -9999.0 -9999.0 -9999.0 -9999.0 -9999.0 -9999.0 -9999.0
-9999.0 -9999.0 -9999.0 -9999.0 -9999.0 -9999.0 -9999.0 -9999.0 -9999.0 -9999.0 -9999.0 -9999.0 -9999.0 -9999.0 -9999.0 -9999.0 -9999.0 -9999.0 -9999.0 -9999.0 -9999.0 -9999.0 -9999.0 -9999.0 -9999.0 -9999.0 -9999.0 -9999.0 -9999.0 -9999.0 -9999.0 -9999.0 -9999.0 -9999.0 -9999.0 -9999.0 -9999.0 -9999.0 -9999.0 -9999.0 -9999.0 -9999.0 -9999.0 -9999.0 -9999.0 -9999.0 -9999.0 -9999.0 -9999.0 -9999.0 -9999.0 -9999.0 -9999.0 -9999.0 -9999.0 -9999.0
-9999.0 -9999.0 -9999.0 -9999.0 -9999.0 -9999.0 -9999.0 -9999.0 -9999.0 -9999.0 -9999.0 -9999.0 -9999.0 -9999.0 -9999.0 -9999.0 -9999.0 -9999.0 -9999.0 -9999.0 -9999.0 -9999.0 -9999.0 -9999.0 -9999.0 -9999.0 -9999.0 -9999.0 -9999.0 -9999.0 -9999.0 -9999.0 -9999.0 -9999.0 -9999.0 -9999.0 -9999.0 -9999.0 -9999.0 -9999.0 -9999.0 -9999.0 -9999.0 -9999.0 -9999.0 -9999.0 -9999.0 695.062672 677.832307 662.272854 660.154137 682.878711 706.506389 730.549890 751.373950 770.210952
-9999.0 -9999.0 -9999.0 -9999.0 -9999.0 -9999.0 -9999.0 -9999.0 -9999.0 -9999.0 -9999.0 -9999.0 -9999.0 -9999.0 -9999.0 -9999.0 -9999.0 -9999.0 -9999.0 -9999.0 -9999.0 -9999.0 -9999.0 -9999.0 -9999.0 -9999.0 -9999.0 -9999.0 -9999.0 -9999.0 -9999.0 -9999.0 -9999.0 -9999.0 -9999.0 -9999.0 -9999.0 -9999.0 -9999.0 -9999.0 742.360820 748.366318 749.719211 739.404977 728.369941 716.324642 696.449607 678.744326 664.017930 661.690419 664.600084 669.954792 692.810535 717.755923 737.714349 755.023927
-9999.0 -9999.0 -9999.0 -9999.0 -9999.0 -9999.0 -9999.0 -9999.0 -9999.0 -9999.0 -9999.0 -9999.0 -9999.0 -9999.0 -9999.0 -9999.0 -9999.0 -9999.0 -9999.0 -9999.0 -9999.0 -9999.0 -9999.0 -9999.0 -9999.0 -9999.0 -9999.0 -9999.0 -9999.0 -9999.0 -9999.0 -9999.0 -9999.0 -9999.0 649.238115 666.817866 685.116114 703.757627 720.718414 727.684205 733.644086 739.547698 735.646224 731.226065 720.123766 701.246144 681.947626 668.325849 666.433310 664.259956 668.886173 682.094045 699.234097 715.796242 737.094928 760.972763
-9999.0 -9999.0 -9999.0 -9999.0 -9999.0 -9999.0 -9999.0 -9999.0 -9999.0 -9999.0 -9999.0 -9999.0 -9999.0 -9999.0 -9999.0 -9999.0 -9999.0 -9999.0 -9999.0 -9999.0 -9999.0 -9999.0 -9999.0 -9999.0 -9999.0 -9999.0 -9999.0 -9999.0 652.727210 646.948150 642.093272 640.834524 639.780351 638.905610 645.949548 658.253434 676.569171 698.538856 711.798317 719.309185 726.220032 727.244631 722.527981 720.839578 721.488441 709.998125 698.659274 688.084858 677.931253 676.806515 686.794517 701.341261 718.005011 733.336874 749.246040 760.647773
-9999.0 -9999.0 -9999.0 -9999.0 -9999.0 -9999.0 -9999.0 -9999.0 -9999.0 -9999.0 -9999.0 -9999.0 -9999.0 -9999.0 -9999.0 -9999.0 -9999.0 -9999.0 -9999.0 -9999.0 -9999.0 -9999.0 -9999.0 622.510163 628.410622 635.083328 642.712694 643.812354 639.891340 634.488948 631.694422 630.470658 629.068130 633.845890 642.255635 656.174894 672.371869 694.610654 703.606310 710.134063 722.767348 725.856396 731.894946 736.375215 735.087486 732.684871 720.686772 711.922437 717.536183 723.972037 731.296117 739.807415 753.760345 769.767240 787.797086 808.708704
-9999.0 -9999.0 -9999.0 -9999.0 -9999.0 -9999.0 -9999.0 -9999.0 -9999.0 -9999.0 -9999.0 -9999.0 -9999.0 -9999.0 -9999.0 -9999.0 -9999.0 -9999.0 -9999.0 597.336217 598.310664 599.579294 604.373066 605.310655 607.612113 614.788063 623.152050 625.716304 624.263971 623.096151 624.950418 628.013083 632.740079 644.474486 658.739175 673.405329 687.834890 709.268424 724.590074 738.779926 755.342585 755.124426 751.603978 750.310976 751.422072 752.369230 757.458407 761.093247 768.111675 773.841030 781.146700 791.274618 803.531924 822.705873 843.604399 864.562239
-9999.0 -9999.0 -9999.0 -9999.0 -9999.0 -9999.0 -9999.0 -9999.0 -9999.0 -9999.0 -9999.0 -9999.0 -9999.0 -9999.0 -9999.0 -9999.0 568.670972 570.584590 572.860829 578.314686 581.243930 585.373261 592.464919 593.857838 597.862440 605.249069 610.446044 619.523901 627.891550 635.610127 642.018876 645.199431 653.239905 663.472409 676.000369 692.019215 714.316789 738.114480 755.180320 772.785379 790.612469 791.976374 791.693619 793.688350 795.179561 802.849890 821.600829 828.759003 831.763601 850.063764 865.525414 872.006163 880.897362 901.134313 926.367071 951.928588
-9999.0 -9999.0 -9999.0 -9999.0 -9999.0 -9999.0 -9999.0 -9999.0 -9999.0 -9999.0 -9999.0 -9999.0 -9999.0 522.679156 526.910200 536.495844 545.612326 548.193822 552.541134 558.673881 571.044196 574.862280 581.330413 589.185193 601.267136 610.213694 619.796628 632.076680 641.013406 648.813843 656.498172 663.016303 677.123288 693.226123 709.928569 731.147537 754.130601 775.907776 797.688665 814.579961 829.584727 833.040699 833.114559 836.654778 845.911956 864.966032 885.774522 897.669234 918.957471 944.622568 960.584070 974.540145 985.107957 1000.194569 1023.492065 1060.826520
-9999.0 -9999.0 -9999.0 -9999.0 -9999.0 -9999.0 -9999.0 -9999.0 -9999.0 -9999.0 489.026074 491.507491 488.223574 488.336898 493.470942 505.674458 519.417976 526.248186 537.941118 558.987825 576.870807 580.690697 595.635468 606.174589 613.342872 624.424803 638.163781 651.702111 669.404851 682.821038 695.634044 716.485301 734.132380 751.925872 771.074064 792.745667 814.468873 845.077780 874.089006 889.209166 913.773726 927.263961 926.272502 928.435318 939.515567 958.627005 983.527271 1011.147975 1037.047352 1066.692387 1088.251305 1105.457316 1118.548162 1133.268779 1151.778144 1189.832400
-9999.0 -9999.0 -9999.0 -9999.0 -9999.0 -9999.0 -9999.0 -9999.0 464.488501 471.808719 478.121947 475.303128 470.956073 467.416650 481.179150 497.234217 513.501007 531.223056 547.509914 565.956420 581.733306 598.533833 618.756854 631.100788 643.502605 659.570244 674.149640 692.502775 714.979636 729.528207 748.296379 771.407632 791.985954 811.954680 832.770858 853.358615 882.876262 919.406247 954.529497 980.808940 1011.565204 1037.646434 1039.922269 1045.536554 1053.456507 1083.120763 1116.833547 1151.955498 1182.729378 1215.296035 1248.716207 1269.292318 1281.970602 1296.309952 1313.546138 1334.265729
-9999.0 -9999.0 -9999.0 -9999.0 -9999.0 -9999.0 437.554022 461.894149 477.024758 469.377949 460.172950 456.884927 453.281312 475.930123 498.034926 515.518006 532.737994 550.699165 567.656875 581.649314 616.361587 634.543851 649.911680 669.333458 684.822778 700.444898 719.181051 744.096439 767.959000 800.326130 829.354342 856.444138 885.407455 908.093888 930.122524 952.178575 987.356923 1028.814740 1069.884238 1103.302588 1134.353321 1167.927875 1178.725487 1187.914933 1199.270125 1224.021800 1259.333356 1293.468096 1331.068220 1366.702680 1395.801882 1409.485076 1420.952977 1433.007354 1447.166239 1460.508468
-9999.0 -9999.0 -9999.0 -9999.0 403.915373 424.958121 445.331906 476.300728 499.173837 494.447196 501.700874 502.409115 501.208994 505.192741 512.383265 530.924282 549.816835 569.000951 587.739465 624.186315 668.629143 685.625302 711.888318 745.343237 760.695525 777.588293 795.544719 820.746008 850.614974 887.344115 935.037221 976.320834 1006.013569 1033.068063 1058.630738 1085.524718 1123.863750 1166.376413 1208.496214 1247.588725 1281.272295 1309.537790 1324.939431 1335.442234 1350.206675 1369.472307 1393.300560 1422.592366 1455.105788 1488.294404 1514.236429 1528.616254 1536.717822 1547.150501 1557.526800 1569.516986
-9999.0 -9999.0 -9999.0 355.090192 393.830807 431.583135 459.029536 490.340441 522.798352 528.504854 537.981183 544.080551 550.189318 559.639069 569.352551 586.958347 603.291784 619.142966 641.866383 679.765756 716.558150 749.207598 783.358187 813.220812 836.812584 855.150642 875.959904 903.021248 946.157618 988.090065 1042.822767 1100.395895 1141.846459 1171.142261 1198.033526 1229.956938 1259.267485 1299.273876 1338.179991 1374.578379 1408.451838 1434.602453 1454.631752 1463.603947 1474.441917 1484.805950 1502.537199 1524.632348 1546.578436 1574.971391 1602.733362 1626.299076 1639.537030 1648.802840 1663.986233 1679.194538
-9999.0 -9999.0 308.027205 345.701879 380.323323 431.246215 484.489944 519.188352 560.773069 585.899538 593.916038 612.674011 630.295003 639.142119 656.217777 674.450878 691.908706 698.829924 715.890108 749.383743 802.301075 851.377946 878.384184 933.658315 970.152305 999.966439 1020.267595 1050.314203 1089.137791 1135.829892 1189.349282 1243.379870 1285.989486 1321.036835 1341.331633 1364.140985 1389.926306 1416.006249 1451.415443 1481.817725 1513.368209 1539.341833 1561.042774 1568.618881 1574.200215 1590.185240 1614.060462 1639.012100 1662.467780 1684.915448 1690.528486 1700.546850 1705.325178 1708.235064 1712.327699 1715.259487
-9999.0 -9999.0 281.786697 326.579306 367.854960 435.761712 514.935683 553.089118 597.196060 644.121371 664.777860 691.178781 707.272307 721.241035 746.543481 770.783894 782.414353 789.596451 791.045468 848.579584 910.145424 967.611600 1024.023783 1093.354998 1141.530372 1160.833777 1176.455866 1200.841509 1229.641029 1276.613469 1328.055815 1382.846850 1428.476613 1461.196634 1479.415096 1499.152751 1520.674156 1539.472931 1558.885300 1597.034556 1622.955787 1647.455645 1673.024900 1692.723517 1701.059313 1704.606940 1696.367145 1705.098223 1711.279853 1714.474469 1716.011616 1713.379838 1713.270586 1714.414665 1715.826560 1711.320664
-9999.0 193.434687 245.635743 299.363726 369.143167 437.635269 522.559111 604.001603 660.823024 709.143829 741.254238 759.211732 804.035623 851.559526 880.443160 909.765968 913.267487 918.407911 911.266782 961.214200 1016.327850 1098.403931 1213.143580 1273.235454 1318.856698 1325.335870 1324.821450 1341.330618 1368.488823 1413.144376 1479.331624 1525.919834 1577.333108 1616.349600 1631.808405 1639.363810 1657.234593 1677.120535 1669.798967 1689.647653 1698.965583 1706.707884 1708.672938 1710.784265 1712.541775 1713.725604 1711.687430 1706.555098 1700.002068 1695.570839 1692.511072 1688.773240 1691.780115 1695.505948 1696.795353 1690.506145
-9999.0 158.353481 218.212700 290.334570 362.196935 433.586490 540.788075 681.542914 735.895437 776.281631 806.152201 840.858561 926.882356 998.424283 1037.326290 1083.300595 1080.503752 1071.703439 1063.396181 1099.862339 1154.354885 1231.871432 1371.910582 1457.393064 1484.827550 1499.245096 1509.900919 1538.194805 1575.098603 1610.484725 1642.078111 1646.600591 1670.239136 1682.702586 1687.598264 1690.653291 1695.319167 1697.049198 1696.380120 1694.140598 1690.742085 1691.919351 1696.677085 1697.377842 1695.690608 1693.856260 1689.598645 1683.340671 1679.034610 1675.559582 1673.786278 1671.568954 1670.635153 1671.226209 1667.450365 1662.312246
-9999.0 130.227654 201.025365 265.579017 333.811323 452.378731 578.707419 714.465049 809.742170 853.258699 890.980258 974.072390 1082.649408 1183.340764 1238.761611 1266.764633 1272.389785 1256.494704 1264.415315 1310.621607 1376.195564 1464.539613 1549.801061 1623.540650 1638.714060 1645.261728 1631.577665 1645.980673 1659.260824 1663.990466 1667.615594 1672.358799 1679.405657 1683.974063 1684.690643 1683.826201 1681.079964 1675.005538 1671.610345 1669.670641 1667.272242 1667.635096 1670.860296 1672.537430 1670.840823 1668.038735 1664.695880 1660.268508 1655.461717 1650.141617 1647.331034 1644.227155 1642.683626 1638.335678 1634.158409 1628.292168
-9999.0 34.277410 121.509643 179.022782 300.433188 473.099394 600.593549 754.288943 901.575748 951.195918 1041.609621 1170.062368 1282.841867 1362.107144 1407.818282 1451.789358 1481.661784 1506.450076 1541.304724 1511.969303 1565.448167 1617.119192 1640.216001 1652.761376 1655.968919 1660.272804 1655.981095 1640.502376 1633.455632 1629.653111 1633.706346 1642.832453 1649.936177 1656.834564 1656.167894 1657.935217 1659.068325 1656.781868 1654.242354 1647.166258 1640.387923 1635.238684 1633.887706 1639.427786 1635.109642 1632.724566 1627.940455 1621.366341 1614.235647 1607.994278 1601.584789 1595.793247 1593.466168 1587.989962 1586.076051 1577.256429
-9999.0 -46.730921 30.991796 125.336344 268.394876 433.616815 570.206018 741.664680 949.792782 1072.237815 1203.177885 1285.724519 1369.402976 1439.093894 1505.652009 1551.948892 1576.996747 1587.984521 1582.276698 1593.226914 1565.447504 1561.373561 1580.208412 1607.452615 1622.054201 1628.461451 1622.912531 1615.137381 1610.668964 1611.798124 1612.361217 1612.513880 1612.180444 1611.154631 1608.952300 1611.551796 1616.705155 1611.569910 1604.035407 1596.607098 1589.567903 1581.326713 1575.711890 1572.338093 1571.239728 1571.449897 1564.917678 1555.783096 1546.572825 1539.647516 1532.980805 1527.952172 1525.535163 1520.122235 1511.235976 1497.252389
-9999.0 -141.961290 -22.268811 75.052064 201.999610 341.287863 473.068065 641.765498 798.900259 1023.668227 1196.282182 1303.592556 1354.379954 1417.808496 1482.109999 1549.409789 1557.220562 1531.690277 1503.971037 1492.356357 1499.342508 1510.649830 1525.377191 1546.275108 1564.897445 1576.112510 1579.834961 1574.138547 1562.288017 1554.465437 1549.076883 1540.465225 1534.325110 1533.817735 1534.694970 1541.816672 1544.449453 1535.830290 1523.365890 1507.520033 1493.093717 1481.672426 1477.683789 1478.116286 1477.648172 1474.154856 1467.680227 1457.912192 1446.280558 1435.478859 1428.594353 1423.358111 1416.271355 1405.473904 1392.532682 1376.921390
-9999.0 -9999.0 -95.944470 16.040272 127.479414 253.460961 374.805333 525.000461 681.443286 871.493323 999.366540 1133.552990 1212.093155 1265.026005 1321.607443 1379.431228 1400.579867 1421.128801 1406.584890 1412.591590 1420.744805 1428.359876 1439.747706 1453.171174 1468.146976 1479.697794 1488.434614 1487.286259 1478.651950 1462.055092 1442.446654 1427.546473 1419.080178 1412.533232 1421.459920 1432.470643 1429.689854 1422.988758 1410.814951 1394.309187 1379.624688 1363.900058 1358.122362 1356.952688 1355.994994 1352.467535 1347.516880 1334.655614 1321.825089 1309.980439 1304.390088 1298.009307 1291.746114 1279.467669 1265.382993 1248.694244
-9999.0 -9999.0 -179.805914 -69.673383 47.736586 173.220138 277.663465 364.549578 522.511383 645.308658 755.347723 858.872177 945.762305 1014.081082 1064.606991 1129.670534 1172.174040 1190.561841 1210.434126 1239.171366 1265.568014 1293.540004 1313.132334 1328.256024 1344.571690 1359.652977 1369.489821 1358.333738 1346.755766 1329.256724 1307.446599 1284.220399 1272.068478 1267.956042 1270.202369 1275.281382 1269.481457 1259.492513 1244.441355 1227.218754 1211.845520 1197.549486 1190.933244 1185.914384 1183.369424 1179.526054 1175.469883 1166.105056 1154.198533 1145.968569 1137.372894 1130.776295 1126.738735 1118.461262 1107.008088 1097.493835
