tests/Borden05m/data_simulated/sim_1/output-maps/psiliqL0002N0007.asc
ncols         160
nrows         34
xllcorner     620200.000000
yllcorner     5168000.000000
cellsize      0.500000
NODATA_value  -9999.0
[rows 0 to 24 of 34, columns 57 to 113 of 160]
-9999.0 -9999.0 -9999.0 -9999.0 -9999.0 -9999.0 -9999.0 -9999.0 -9999.0 -9999.0 -9999.0 -9999.0 -9999.0 -9999.0 -9999.0 -9999.0 -9999.0 -9999.0 -9999.0 -9999.0 -9999.0 -9999.0 -9999.0 -9999.0 -9999.0 -9999.0 -9999.0 -9999.0 -9999.0 -9999.0 -9999.0 -9999.0 -9999.0 -9999.0 -9999.0 -9999.0 -9999.0 -9999.0 -9999.0 -9999.0 -9999.0 -9999.0 -9999.0 -9999.0 -9999.0 -9999.0 -9999.0 -9999.0 -9999.0 -9999.0 -9999.0 -9999.0 -9999.0 -9999.0 -9999.0 -9999.0 -9999.0
-9999.0 -9999.0 -483.088688 -484.573570 -485.455177 -485.769957 -487.790808 -489.224148 -491.096231 -491.203690 -490.838734 -491.220494 -492.193395 -491.209085 -490.006779 -489.059579 -487.523617 -488.104534 -488.043038 -487.433501 -487.258885 -487.505450 -488.199547 -488.559120 -489.023082 -487.900800 -490.148426 -493.105159 -495.371535 -495.771819 -493.616614 -492.457730 -492.897750 -491.970418 -489.782530 -488.080088 -487.929447 -485.851361 -486.788713 -486.054722 -484.393035 -485.652651 -485.726356 -485.186280 -484.238658 -487.612578 -9999.0 -9999.0 -9999.0 -9999.0 -9999.0 -9999.0 -9999.0 -9999.0 -9999.0 -9999.0 -9999.0
-484.191518 -484.836307 -492.117408 -492.540153 -492.438807 -491.870354 -492.609030 -494.958828 -495.326705 -497.161071 -497.995444 -498.229747 -499.094886 -498.656128 -495.625845 -493.571669 -493.159485 -493.863207 -494.293545 -495.122924 -495.647096 -495.429732 -496.115220 -496.700716 -497.340361 -496.958476 -494.666228 -496.881948 -497.924492 -499.068727 -500.435613 -500.045225 -499.738767 -499.719250 -496.955856 -496.218299 -495.906720 -492.342883 -489.029752 -488.362078 -489.944150 -491.443542 -490.681815 -490.378320 -491.439399 -492.396874 -491.655882 -491.991989 -492.024036 -493.371071 -491.279130 -491.679065 -489.611632 -488.037948 -486.204661 -483.078716 -9999.0
-489.539898 -490.168469 -495.470222 -498.511231 -499.362998 -498.537653 -496.076947 -496.811777 -498.637178 -501.643470 -498.451050 -499.006436 -499.405775 -498.942694 -497.988876 -497.608788 -497.229259 -496.719355 -494.075843 -494.495334 -494.810624 -494.645740 -495.075503 -495.893595 -495.676639 -496.048241 -498.400237 -497.929629 -497.313245 -497.924288 -495.621516 -495.567923 -494.117149 -498.335018 -497.776990 -497.083080 -496.780420 -496.776391 -496.659263 -496.134517 -497.980388 -496.406263 -497.429539 -500.092578 -500.197509 -499.324222 -496.156683 -494.471063 -495.868860 -501.660482 -498.636826 -492.376560 -493.233292 -494.655458 -491.984396 -489.420835 -485.312459
-497.625460 -498.626175 -500.793225 -498.373365 -496.455960 -495.267492 -496.279105 -498.388326 -501.104449 -496.168933 -494.429402 -495.823135 -495.355474 -493.889972 -493.693125 -500.011806 -501.690057 -499.492921 -497.297911 -496.504921 -497.815167 -498.446394 -499.590865 -499.491968 -498.673122 -499.237885 -498.233737 -497.487887 -498.834187 -497.434499 -495.781284 -493.978382 -497.758580 -501.152181 -500.910120 -498.087543 -496.227391 -495.587836 -493.028706 -488.588806 -489.397509 -490.138164 -489.985631 -489.526078 -494.317441 -498.868315 -500.575370 -501.256533 -502.613334 -501.160061 -502.329835 -497.197578 -497.770316 -498.784260 -496.616809 -495.162087 -493.131247
-497.809300 -496.674558 -500.120812 -501.761673 -502.382182 -501.768029 -502.551471 -502.710636 -498.587646 -496.839334 -493.320222 -495.309006 -495.379042 -495.545164 -499.549427 -502.418814 -504.542893 -498.321630 -493.656123 -492.462024 -494.199042 -495.740991 -491.314272 -492.626769 -492.965050 -495.570307 -494.696486 -495.572576 -491.183248 -489.757045 -487.428328 -488.360209 -492.758026 -496.437674 -496.487518 -496.121494 -496.800209 -496.040833 -493.625730 -490.341386 -493.155039 -493.752555 -492.310585 -499.433767 -504.765648 -506.152912 -500.953314 -497.969953 -498.247155 -497.550242 -497.043166 -500.353844 -499.431545 -499.028499 -500.805611 -497.148742 -493.542678
-490.394490 -485.170672 -489.154663 -491.529757 -496.194081 -495.561078 -495.209059 -494.007818 -492.534659 -489.283759 -481.890012 -484.533080 -484.513014 -481.809063 -485.988500 -489.687364 -496.035340 -488.953981 -488.094848 -486.485596 -487.640189 -482.921768 -478.634406 -481.563086 -485.291767 -490.097488 -487.289980 -481.472098 -476.211483 -475.338776 -474.870052 -473.691539 -477.492508 -478.077766 -478.735122 -478.244239 -481.294065 -481.498838 -477.823526 -470.858912 -469.836320 -472.192433 -477.590984 -486.770839 -495.307976 -499.714521 -492.315051 -494.044035 -494.641785 -492.993641 -496.652320 -498.524477 -494.457203 -497.418851 -499.776435 -494.549220 -494.346865
-491.455810 -485.885275 -488.821731 -493.391950 -498.473601 -498.415164 -495.587183 -494.770986 -489.796726 -482.681939 -474.728102 -471.349286 -468.646635 -463.656992 -466.905123 -470.024028 -474.253862 -473.159278 -468.044272 -463.718909 -458.855532 -453.049978 -444.989670 -446.203437 -449.777156 -449.256356 -446.719951 -436.976773 -428.135714 -424.177628 -421.375524 -416.256155 -418.606317 -423.958608 -431.124381 -439.642927 -448.434689 -455.043459 -448.333726 -440.267539 -441.017354 -454.702519 -463.122859 -473.352441 -483.894354 -496.479334 -495.030626 -491.912494 -488.876879 -493.257538 -494.596852 -498.169516 -498.238489 -496.979017 -501.778715 -498.792882 -498.522861
-465.456607 -458.338464 -455.602828 -463.682061 -464.710499 -462.214156 -457.306747 -456.988641 -452.185205 -431.329009 -404.201382 -379.893354 -350.650472 -344.526668 -359.311948 -371.263503 -386.196633 -394.085053 -383.924466 -371.908837 -355.406338 -330.107660 -287.022112 -236.428496 -212.399301 -194.419436 -178.545745 -170.123263 -163.194433 -156.120307 -149.730536 -143.882231 -143.317236 -151.840769 -162.661058 -182.983631 -226.707453 -270.148850 -290.370040 -277.319741 -285.591132 -336.192107 -375.086553 -400.268698 -425.110269 -447.633555 -461.728652 -458.518247 -464.047767 -468.321464 -473.003357 -486.114631 -488.293413 -489.076277 -500.602696 -501.614941 -497.962300
-405.526751 -391.456705 -375.074071 -373.688056 -370.027273 -367.430217 -361.442292 -353.060770 -324.861987 -210.743834 -154.465828 -121.233873 -99.288107 -91.337379 -100.980020 -109.914029 -118.879009 -126.712699 -125.860281 -112.656298 -94.821560 -74.216382 -53.601240 -37.014906 -27.912764 -19.728531 -12.812263 -7.153723 -4.267064 -0.246977 4.131583 9.715958 12.433315 12.083649 0.726069 -12.631047 -34.788523 -51.399658 -58.702145 -63.097343 -68.300968 -81.371866 -113.297520 -141.343197 -184.728171 -276.360954 -356.840880 -385.693732 -401.422768 -414.044016 -440.201890 -464.358023 -478.309560 -487.577604 -497.840765 -499.748034 -486.592196
-156.951730 -125.471927 -112.513608 -109.495053 -108.696215 -106.765624 -100.884341 -92.879985 -75.372435 -38.259114 -2.996665 12.978371 14.564628 14.581091 14.035130 13.561874 13.075252 12.673998 12.559973 12.936868 13.452676 14.351415 15.093747 15.954054 16.046528 16.246973 16.343750 16.541278 16.660272 16.650932 16.896385 17.366273 17.766181 17.927438 17.399947 16.604665 15.641785 15.231732 14.865031 14.565792 14.488499 14.294367 14.133320 12.607461 -10.143693 -59.451254 -100.534015 -125.085180 -138.339493 -158.061787 -195.738053 -320.346106 -365.959232 -394.671818 -421.410173 -448.053702 -437.374562
-6.516654 12.295871 13.270977 13.524823 13.335194 13.357062 13.686424 13.997385 14.679529 15.728832 16.605057 17.623825 18.640303 19.653401 19.436303 18.975541 18.173874 18.260224 18.317626 18.331004 18.554765 18.629197 19.288969 20.040784 20.297848 20.345833 20.118721 20.306921 20.364658 20.325393 20.197613 20.217404 20.493513 20.676950 20.611320 20.045876 19.232446 18.503735 18.146363 18.071717 17.978912 18.091946 18.174190 18.028843 16.916432 15.188971 13.403791 12.310222 6.577773 -6.117409 -26.424980 -60.275900 -86.302265 -112.515485 -151.824282 -213.346430 -322.431569
16.056013 17.032036 17.874804 18.433351 18.448393 18.713529 18.725960 19.184435 19.898646 20.654090 20.944920 22.900384 37.332081 46.023691 51.092746 52.564317 53.369711 55.381391 55.417381 55.246746 55.742585 56.294519 55.998129 58.381214 58.625439 58.542928 58.426695 58.843987 58.702685 58.912873 58.582874 56.761861 56.681265 56.536957 56.374615 54.412082 47.264787 33.698551 23.734002 21.551185 21.157571 20.707853 20.240553 19.952147 19.636231 18.831866 17.811677 16.806885 16.650212 16.457093 15.942246 15.302288 14.312407 13.296892 8.738390 -23.929711 -77.563467
19.261647 19.856750 20.862981 22.215191 30.028591 35.942613 40.009006 49.243005 58.673871 60.649168 60.590506 60.436518 60.294928 60.285226 59.974858 60.045808 57.937496 58.048671 56.862610 51.706999 43.239741 44.630214 45.642098 47.755296 50.933177 49.331359 50.019430 52.678840 51.386787 46.433066 43.372280 41.710667 41.642693 48.043271 50.671815 51.187199 51.861116 51.287677 51.183347 51.121671 51.008576 50.944960 50.918577 46.368647 38.891708 22.138876 20.581060 19.245572 18.664988 18.536412 18.819418 18.696158 18.756963 18.233629 17.439235 15.959817 13.921600
52.578147 62.307445 61.919839 61.448231 61.484954 62.540596 64.263854 63.673117 60.439788 56.836956 52.585564 51.679583 50.559328 48.227770 48.913866 47.033699 43.505004 40.951644 36.096213 27.111235 20.736286 20.631975 21.107742 23.341260 26.768837 28.483210 31.364034 33.020482 29.339529 22.437037 20.865342 20.669301 21.243906 24.369806 28.025560 28.614823 26.997512 25.315701 25.629132 23.897627 24.291456 29.701918 40.660445 48.055857 47.790226 47.645406 47.791845 47.935877 28.486478 20.931253 21.536688 21.216798 20.703508 19.853605 19.215078 18.456943 17.821166
55.221450 53.013642 47.757348 42.570014 41.954096 45.352569 51.713105 53.293585 46.949426 39.957259 33.840924 28.451584 27.196523 25.785827 25.244378 25.112725 21.276221 20.929672 20.267066 19.921943 19.518685 19.289539 19.205201 19.500319 19.857008 20.131299 20.493172 20.129068 19.934998 19.552860 19.245351 19.385666 19.431583 19.755566 20.338074 20.276588 20.404084 20.125238 20.117577 19.826478 19.689138 19.967081 20.583136 21.134673 23.067278 29.015089 35.262604 40.464772 47.258951 47.093368 46.834386 46.638131 42.665505 30.753550 21.351357 20.534429 19.791523
36.383954 31.930852 26.087870 21.115744 20.813055 22.979291 26.588404 24.748735 21.142047 20.588286 20.169045 19.778890 19.619973 19.781267 19.961792 20.142996 19.974059 19.492448 19.003494 18.762995 18.276376 18.344525 18.094343 17.733506 18.130846 18.806412 19.074969 18.395184 18.238977 17.746613 17.574283 17.520418 17.533864 17.819342 18.547502 19.411431 19.409479 18.951537 18.634305 18.533909 18.339619 18.531593 19.216650 19.804081 20.094374 20.285068 20.342779 20.635909 20.969869 21.460314 26.716321 35.450413 45.443412 45.562151 45.487621 45.559159 30.518679
20.734887 20.459858 20.234526 20.043935 19.925286 19.927944 19.943593 19.716606 19.626020 19.637147 19.395658 19.135410 18.509909 18.458457 18.354935 18.728431 18.223656 18.030713 17.287776 16.817259 16.029063 15.382803 14.771447 14.057723 14.117088 14.846117 15.456365 14.520599 14.210580 13.588892 13.425027 13.326547 13.400324 13.925873 15.451579 16.735366 17.361086 17.045966 16.883750 16.847717 16.778833 16.759805 17.277449 17.957341 18.596900 18.930666 19.056642 19.152565 19.351511 19.745643 20.063029 20.385548 20.912858 23.214623 34.830753 42.404725 47.677037
19.808233 19.666851 19.407920 19.053174 18.918429 19.262484 18.870168 18.762024 18.843561 16.619431 16.311682 15.365927 14.222208 13.755225 13.157635 12.976141 12.543815 12.424320 12.010446 2.808152 -16.253026 -45.324310 -66.370878 -80.254394 -93.090834 -89.641162 -86.396748 -84.477537 -90.465965 -96.294851 -98.457181 -99.758021 -93.882666 -75.199827 -50.770893 -22.954277 -6.274792 -3.386745 5.775297 11.842027 10.942088 12.853565 13.660476 14.839998 16.037379 17.195087 17.473092 17.679910 17.913320 18.319418 18.715037 18.992634 19.563543 20.259116 20.649472 20.886837 21.419394
19.161315 18.790716 18.473620 18.081896 17.587750 17.864603 17.737653 17.528147 15.290433 12.574126 -5.230439 -28.011762 -69.064454 -92.479355 -105.435776 -124.992993 -134.220030 -140.270852 -138.374351 -153.175924 -185.209625 -252.256622 -307.172673 -327.069305 -347.498200 -352.610214 -346.090532 -330.554575 -345.920056 -354.979796 -353.378487 -357.403060 -358.232273 -336.120703 -280.677827 -211.209167 -174.214833 -156.836440 -149.877101 -144.914400 -122.897554 -107.797487 -84.216821 -42.137591 -9.459406 11.756437 13.574980 14.606008 15.545356 16.514135 16.969614 17.557648 18.131594 19.002730 19.323637 19.589599 19.756780
17.165377 16.608771 15.680703 14.380166 12.856052 12.813001 12.098828 -4.228458 -59.081014 -113.725685 -154.952953 -200.465701 -306.678222 -350.584064 -374.978734 -398.850746 -411.111234 -410.606123 -407.199287 -413.176777 -426.995339 -439.749854 -446.405654 -451.116751 -457.672830 -461.511968 -457.203307 -453.198844 -454.081074 -454.489997 -453.064905 -453.462888 -454.273025 -454.971689 -446.596840 -439.357522 -431.170973 -425.296594 -422.369123 -406.129219 -387.710597 -371.896694 -334.451949 -227.649855 -162.262271 -122.731545 -89.706649 -50.777515 -16.393491 5.346384 12.998609 14.363953 15.696570 17.020262 17.800987 18.080439 18.358684
12.946364 3.020644 -27.480506 -84.759975 -107.736303 -118.480882 -128.389205 -173.931574 -281.788651 -377.591787 -406.858459 -425.808395 -443.186212 -453.645036 -463.490187 -472.369504 -478.209692 -473.459529 -471.648039 -467.754463 -473.965373 -478.630134 -479.041373 -482.827600 -486.040584 -491.213975 -486.846628 -485.508862 -480.767671 -481.748771 -481.972267 -479.803364 -481.007287 -481.370725 -484.964979 -481.614628 -480.168593 -478.624182 -470.629559 -463.628766 -456.299413 -450.140737 -441.984037 -426.669790 -404.812326 -379.738231 -338.266503 -241.609310 -168.864253 -127.774939 -93.442983 -53.731582 -17.822245 7.013441 13.176367 14.383109 15.752476
-105.503767 -141.436028 -202.530015 -340.120241 -383.838631 -387.375150 -406.196905 -426.029753 -454.587527 -465.294967 -470.115900 -476.241563 -480.453626 -483.082967 -488.605173 -492.189150 -499.112849 -496.047789 -492.310245 -486.673357 -491.424554 -491.756937 -490.276006 -492.586344 -495.024491 -499.695659 -499.061388 -495.528513 -491.315185 -492.003743 -491.377275 -488.861601 -488.767862 -490.780432 -495.141454 -494.387061 -492.218042 -490.460330 -486.390198 -482.952717 -479.665979 -477.072021 -472.720488 -467.061265 -460.419889 -451.548862 -439.616804 -427.439634 -405.436328 -378.002039 -337.823344 -253.892827 -177.153446 -132.777562 -105.229646 -68.480896 -25.398614
-358.120575 -388.544645 -419.861808 -447.405464 -464.499316 -473.099455 -480.367710 -487.411845 -489.266459 -491.034786 -493.454675 -495.349804 -497.544619 -499.488130 -500.915573 -503.952568 -511.199721 -507.945879 -503.784482 -499.003571 -498.821535 -499.220798 -498.593019 -499.434524 -502.563661 -508.563318 -506.068207 -502.718994 -499.794975 -499.111882 -498.747022 -496.818776 -498.307409 -501.270123 -505.683043 -504.005182 -501.092771 -499.923459 -498.458218 -496.020715 -493.490333 -491.110493 -488.293733 -485.590296 -481.475755 -476.757744 -471.184638 -464.490063 -456.240981 -445.325741 -439.487981 -428.451926 -412.639461 -391.548196 -365.398946 -303.145086 -193.222102
-451.745372 -460.113987 -469.608104 -480.288090 -484.458531 -488.401987 -491.735292 -495.592518 -497.736008 -499.398714 -497.338135 -497.843146 -500.774612 -499.970931 -501.306341 -507.134856 -504.579446 -502.820274 -497.892923 -499.034437 -499.350051 -500.511306 -499.584287 -500.235701 -506.167092 -502.998153 -501.848997 -498.622468 -498.357828 -497.899944 -497.542347 -497.035954 -497.740745 -501.960620 -501.052765 -500.140976 -497.336431 -497.786732 -497.161190 -494.293716 -494.143964 -492.967864 -491.019662 -489.052703 -486.647349 -483.592154 -478.759375 -473.711015 -468.639101 -467.998122 -464.379706 -460.922818 -464.577272 -456.989473 -450.190754 -440.718293 -420.162819
