tests/Borden05m/data_simulated/sim_1/output-maps/psiliqL0008N0016.asc
ncols         160
nrows         34
xllcorner     620200.000000
yllcorner     5168000.000000
cellsize      0.500000
NODATA_value  -9999.0
[rows 0 to 24 of 34, columns 0 to 56 of 160]
-9999.0 -9999.0 -9999.0 -9999.0 -9999.0 -9999.0 -9999.0 -9999.0 -9999.0 -9999.0 -9999.0 -9999.0 -9999.0 -9999.0 -9999.0 -9999.0 -9999.0 -9999.0 -9999.0 -9999.0 -9999.0 -9999.0 -9999.0 -9999.0 -9999.0 -9999.0 -9999.0 -9999.0 -9999.0 -9999.0 -9999.0 -9999.0 -9999.0 -9999.0 -9999.0 -9999.0 -9999.0 -9999.0 -9999.0 -9999.0 -9999.0 -9999.0 -9999.0 -9999.0 -9999.0 -9999.0 -9999.0 -9999.0 -9999.0 -9999.0 -9999.0 -9999.0 -9999.0 -9999.0 -9999.0 -9999.0 -9999.0
-9999.0 -9999.0 -9999.0 -9999.0 -9999.0 -9999.0 -9999.0 -9999.0 -9999.0 -9999.0 -9999.0 -9999.0 -9999.0 -9999.0 -9999.0 -9999.0 -9999.0 -9999.0 -9999.0 -9999.0 -9999.0 -9999.0 -9999.0 -9999.0 -9999.0 -9999.0 -9999.0 -9999.0 -9999.0 -9999.0 -9999.0 -9999.0 -9999.0 -9999.0 -9999.0 -9999.0 -9999.0 -9999.0 -9999.0 -9999.0 -9999.0 -9999.0 -9999.0 -9999.0 -9999.0 -9999.0 -9999.0 -9999.0 -9999.0 -9999.0 -9999.0 -9999.0 -9999.0 -9999.0 -9999.0 -9999.0 -9999.0
-9999.0 -9999.0 -9999.0 -9999.0 -9999.0 -9999.0 -9999.0 -9999.0 -9999.0 -9999.0 -9999.0 -9999.0 -9999.0 -9999.0 -9999.0 -9999.0 -9999.0 -9999.0 -9999.0 -9999.0 -9999.0 -9999.0 -9999.0 -9999.0 -9999.0 -9999.0 -9999.0 -9999.0 -9999.0 -9999.0 -9999.0 -9999.0 -9999.0 -9999.0 -9999.0 -9999.0 -9999.0 -9999.0 -9999.0 -9999.0 -9999.0 -9999.0 -9999.0 -9999.0 -9999.0 -9999.0 -9999.0 -317.226675 -334.807855 -351.734105 -353.408414 -330.580159 -307.361154 -283.887910 -263.587958 -245.072660 -226.167573
-9999.0 -9999.0 -9999.0 -9999.0 -9999.0 -9999.0 -9999.0 -9999.0 -9999.0 -9999.0 -9999.0 -9999.0 -9999.0 -9999.0 -9999.0 -9999.0 -9999.0 -9999.0 -9999.0 -9999.0 -9999.0 -9999.0 -9999.0 -9999.0 -9999.0 -9999.0 -9999.0 -9999.0 -9999.0 -9999.0 -9999.0 -9999.0 -9999.0 -9999.0 -9999.0 -9999.0 -9999.0 -9999.0 -9999.0 -9999.0 -269.645407 -263.851012 -262.271202 -273.278340 -284.718724 -296.586164 -316.546216 -334.543775 -350.336389 -353.381236 -350.915472 -345.169237 -322.131593 -298.103948 -278.856018 -261.582646 -242.580927
-9999.0 -9999.0 -9999.0 -9999.0 -9999.0 -9999.0 -9999.0 -9999.0 -9999.0 -9999.0 -9999.0 -9999.0 -9999.0 -9999.0 -9999.0 -9999.0 -9999.0 -9999.0 -9999.0 -9999.0 -9999.0 -9999.0 -9999.0 -9999.0 -9999.0 -9999.0 -9999.0 -9999.0 -9999.0 -9999.0 -9999.0 -9999.0 -9999.0 -9999.0 -361.271611 -343.704491 -325.721019 -307.610889 -291.231416 -284.802808 -279.007793 -273.279522 -277.409544 -282.410989 -293.884193 -312.517515 -332.403987 -346.909629 -349.803776 -352.605985 -348.321212 -335.249711 -318.755841 -302.461733 -281.720956 -258.852368 -249.830801
-9999.0 -9999.0 -9999.0 -9999.0 -9999.0 -9999.0 -9999.0 -9999.0 -9999.0 -9999.0 -9999.0 -9999.0 -9999.0 -9999.0 -9999.0 -9999.0 -9999.0 -9999.0 -9999.0 -9999.0 -9999.0 -9999.0 -9999.0 -9999.0 -9999.0 -9999.0 -9999.0 -9999.0 -356.256379 -362.316458 -367.707744 -369.439195 -370.965596 -372.389518 -365.529177 -353.217677 -334.970756 -313.710486 -301.173788 -294.250353 -287.938874 -287.302329 -292.264948 -294.688936 -294.746018 -306.581067 -318.378070 -329.446038 -340.083932 -341.377894 -331.954759 -318.337206 -302.580886 -288.050489 -272.960236 -259.830346 -244.474967
-9999.0 -9999.0 -9999.0 -9999.0 -9999.0 -9999.0 -9999.0 -9999.0 -9999.0 -9999.0 -9999.0 -9999.0 -9999.0 -9999.0 -9999.0 -9999.0 -9999.0 -9999.0 -9999.0 -9999.0 -9999.0 -9999.0 -9999.0 -385.159803 -379.116826 -372.775451 -365.621077 -364.945673 -369.480570 -375.414805 -378.885742 -380.733570 -382.530847 -378.371273 -370.059711 -356.456835 -340.668282 -319.301626 -310.921529 -304.405739 -292.133256 -290.214579 -285.842246 -282.121093 -284.212031 -287.041162 -299.043644 -307.902245 -302.154878 -296.036821 -289.845355 -282.613105 -269.816583 -254.199093 -236.302606 -215.335862 -193.197818
-9999.0 -9999.0 -9999.0 -9999.0 -9999.0 -9999.0 -9999.0 -9999.0 -9999.0 -9999.0 -9999.0 -9999.0 -9999.0 -9999.0 -9999.0 -9999.0 -9999.0 -9999.0 -9999.0 -409.763117 -409.081589 -408.289510 -403.913114 -403.055038 -400.961415 -394.117134 -386.165841 -384.348870 -386.139887 -388.101385 -386.820021 -384.416564 -380.498415 -369.136377 -355.426040 -341.432689 -327.397592 -306.743988 -292.182178 -278.366887 -262.387941 -264.103010 -268.896053 -271.390670 -271.205776 -270.683451 -264.429565 -260.567482 -254.838767 -248.722331 -241.520807 -232.604602 -221.779173 -202.891906 -181.785038 -160.141798 -139.146940
-9999.0 -9999.0 -9999.0 -9999.0 -9999.0 -9999.0 -9999.0 -9999.0 -9999.0 -9999.0 -9999.0 -9999.0 -9999.0 -9999.0 -9999.0 -9999.0 -437.823898 -436.118273 -434.237843 -429.091052 -426.879460 -423.168100 -416.552257 -415.765307 -412.121566 -405.252433 -400.465274 -392.211998 -384.642591 -377.529644 -371.834736 -369.375655 -361.786138 -352.253242 -340.462220 -324.850715 -302.996788 -280.474015 -264.272431 -247.701590 -231.011814 -230.874245 -232.271898 -231.342385 -230.488827 -222.097203 -203.293172 -196.395315 -191.987612 -171.904313 -156.552720 -150.238405 -142.071080 -122.707597 -96.698512 -66.629932 -30.055655
-9999.0 -9999.0 -9999.0 -9999.0 -9999.0 -9999.0 -9999.0 -9999.0 -9999.0 -9999.0 -9999.0 -9999.0 -9999.0 -481.740729 -477.718444 -468.798246 -460.982807 -459.045674 -455.455391 -450.085296 -438.190205 -434.970237 -429.009374 -421.620814 -410.528968 -402.281613 -393.254776 -381.673062 -373.371820 -366.341780 -359.357582 -352.739815 -339.007590 -323.598958 -307.617089 -287.293267 -265.647205 -244.300441 -222.805252 -207.384150 -192.639294 -188.580338 -190.290738 -188.435618 -179.542326 -159.888460 -138.856683 -123.869260 -99.184018 -72.258680 -54.872877 -39.193874 -27.776050 -12.571663 12.162581 54.495776 97.401146
-9999.0 -9999.0 -9999.0 -9999.0 -9999.0 -9999.0 -9999.0 -9999.0 -9999.0 -9999.0 -516.927975 -514.411780 -518.036476 -517.312101 -512.973713 -501.408741 -488.591455 -481.926037 -471.071829 -450.883972 -434.119865 -430.910722 -416.262928 -406.583015 -400.270231 -389.726045 -376.718649 -363.768846 -346.441778 -333.782050 -320.991196 -300.077651 -283.511564 -267.027748 -249.195871 -229.139144 -207.265626 -175.725102 -146.644597 -130.455282 -103.889291 -87.463484 -89.612305 -88.540584 -79.011206 -57.861429 -29.032430 3.728901 32.665772 65.199075 90.382093 108.000041 121.195479 136.094307 153.892903 187.280918 226.781894
-9999.0 -9999.0 -9999.0 -9999.0 -9999.0 -9999.0 -9999.0 -9999.0 -540.672510 -534.048068 -527.877753 -531.112998 -536.095249 -539.468928 -526.809287 -511.295082 -495.684120 -479.084101 -463.465221 -445.962312 -430.517533 -414.047442 -394.962132 -383.256430 -371.486765 -356.418220 -342.768551 -324.726210 -303.280411 -288.137726 -268.458507 -245.960599 -225.661721 -206.808833 -187.368219 -167.465595 -136.068400 -97.917971 -60.596311 -30.279520 3.206792 33.212526 36.375971 41.917243 49.689882 80.982296 116.670771 151.757329 182.406964 212.537768 242.667209 259.992912 271.149600 284.359801 300.284300 316.590440 341.114645
-9999.0 -9999.0 -9999.0 -9999.0 -9999.0 -9999.0 -565.992944 -542.061378 -527.547212 -535.519362 -543.626047 -547.096770 -550.708228 -532.203247 -511.243481 -494.785199 -478.482612 -461.535060 -445.566376 -430.787493 -395.450373 -379.298907 -364.258732 -344.254779 -330.278625 -316.246211 -298.734952 -274.703754 -250.708005 -216.498472 -184.361222 -154.759735 -125.372530 -102.576750 -80.670043 -56.986546 -18.990909 26.203916 70.599029 106.994430 139.113876 171.203475 182.508872 189.899787 199.344134 218.806712 249.271433 279.793769 314.073506 346.298386 371.255080 382.885023 393.132074 404.524089 418.174467 431.903908 446.818831
-9999.0 -9999.0 -9999.0 -9999.0 -599.091722 -578.307949 -557.849517 -527.181109 -504.792872 -510.463800 -503.282558 -502.863767 -504.268175 -502.166389 -496.848470 -479.271788 -461.965256 -444.493626 -425.750644 -387.460903 -345.798820 -328.746719 -301.293198 -268.529932 -253.912713 -238.466715 -222.238316 -197.698285 -165.533246 -126.367639 -73.313327 -26.236484 6.957076 36.138822 62.319417 90.944741 128.266267 169.082084 207.526683 242.952838 273.824193 298.850906 313.911162 322.738507 334.440074 349.358598 368.916136 395.135524 424.804869 457.197525 482.677608 497.633445 505.834098 516.165781 527.763250 542.110769 557.564600
-9999.0 -9999.0 -9999.0 -645.498974 -607.214176 -570.689174 -543.296643 -512.526201 -481.215683 -474.807109 -466.756653 -460.219662 -453.454488 -444.553896 -434.411129 -418.295177 -404.593045 -392.341419 -371.391279 -334.273974 -297.158298 -261.347943 -226.810115 -193.451830 -167.828006 -149.831001 -130.710207 -102.835059 -57.502011 -9.861081 50.748642 112.319243 154.899029 182.667504 204.434617 231.019098 255.651910 289.984154 323.733334 355.285937 385.778629 410.515572 431.216006 440.901761 449.578238 459.062561 476.250058 497.300300 519.472716 549.649137 577.574711 599.007551 611.122848 619.578899 634.215577 649.115470 661.381226
-9999.0 -9999.0 -691.644847 -654.981624 -619.619733 -567.810967 -515.500735 -482.332256 -441.618347 -416.238080 -408.927810 -389.857566 -372.468168 -363.569102 -346.139762 -328.455617 -315.432721 -312.170304 -299.403947 -262.034298 -205.156114 -150.864016 -111.530545 -48.583096 -9.555152 17.898297 35.488088 65.301264 103.331649 151.970355 203.789189 253.938310 293.623720 324.676116 339.616830 356.912322 379.724041 402.250991 433.141497 461.430955 489.725819 514.873698 538.024530 550.081108 554.960012 570.778972 592.145020 614.104656 635.470484 656.176371 669.316057 674.094822 676.303547 677.919247 680.032739 681.715514 682.769794
-9999.0 -9999.0 -716.309774 -672.573457 -629.428516 -558.716371 -483.694611 -445.937270 -402.645093 -358.192089 -338.634932 -314.407086 -293.946987 -274.211973 -249.260447 -224.184778 -219.148345 -215.650478 -214.891241 -156.793344 -90.718200 -16.178005 64.036806 131.090482 174.609795 187.475617 197.112413 217.001407 243.271717 287.554138 337.896135 388.736618 431.409058 460.292595 474.918757 490.374768 510.394017 530.924061 548.726437 581.813989 602.816853 624.310473 647.618786 667.009509 674.305973 676.406392 673.222652 676.764377 679.240904 680.397513 680.603509 677.254901 676.189028 677.213719 678.477178 673.757241 667.162942
-9999.0 -802.172286 -750.475615 -696.109353 -625.155694 -555.222193 -468.272761 -386.724490 -336.768845 -294.208293 -264.591818 -242.338182 -184.497998 -131.121827 -100.957471 -68.901858 -69.772268 -70.446892 -76.452201 -27.102003 38.733174 135.490772 252.241092 308.747972 344.201011 349.705988 347.542654 362.132222 387.714035 427.309990 486.670796 530.253084 574.449784 606.699285 618.056791 622.349249 637.547925 655.871700 663.147833 672.923784 677.132761 680.759714 679.407278 680.735605 681.362482 681.362548 677.940705 671.394870 662.985809 655.970250 650.919330 645.264646 646.097127 650.242771 651.620637 644.551973 635.673137
-9999.0 -835.889176 -775.478435 -702.658956 -630.228923 -551.168731 -436.756990 -308.643005 -261.558007 -225.489396 -191.908909 -139.040224 -43.934208 31.319934 72.791118 115.283056 113.442106 103.590840 103.180480 141.798319 200.532677 278.972145 403.242404 484.134110 501.184552 514.287192 523.613695 546.745417 576.405680 603.957822 628.679804 645.381266 657.866730 663.624511 665.668833 666.610730 668.343264 669.213412 667.011333 664.023994 659.975917 660.533277 664.465593 664.299260 661.130320 656.849686 649.873876 640.785171 632.698687 623.657291 618.036599 613.164421 610.456673 610.866601 606.828359 600.695425 590.716495
-9999.0 -859.076767 -790.292701 -724.183340 -648.777332 -521.482890 -399.113462 -269.945328 -178.778698 -135.930702 -78.947719 19.265259 120.699668 205.838610 251.534586 274.962087 285.381031 279.173996 296.551681 345.035883 413.534164 495.426770 559.887687 621.386149 633.619181 637.200978 631.118889 636.313205 641.392486 643.444802 645.496731 646.932724 653.679516 657.214855 656.241160 652.673525 647.426149 639.629406 634.739673 631.774021 628.426868 628.377040 631.273043 631.465617 627.307326 619.567098 611.817518 603.654185 595.066886 585.322518 579.177936 573.748546 570.592415 565.803969 560.875551 554.585355 541.255471
-9999.0 -943.931848 -860.843402 -797.723482 -659.498433 -495.032269 -370.898716 -214.693506 -73.539289 -13.368828 88.388247 195.111012 284.490352 344.798964 383.726631 423.521787 450.859354 477.179307 512.506554 522.574530 577.403530 618.581345 634.371328 642.352390 639.516473 640.507917 631.958929 612.768471 602.733942 596.650041 598.721093 605.778560 614.456015 621.390735 618.655020 615.582518 612.195517 607.234148 603.176438 595.213022 587.739397 582.482914 581.248658 585.945841 579.410828 573.163205 564.957926 555.364082 545.213146 535.671125 526.769096 519.079355 515.448465 509.437423 507.639247 500.082784 474.231302
-9999.0 -1024.572596 -945.391446 -838.535768 -684.449265 -520.770916 -370.776598 -195.021330 7.927445 124.201590 225.563824 280.277473 344.924483 406.027112 465.464283 501.112280 520.384115 528.842846 533.302357 544.658727 531.547016 539.270383 560.962227 586.104627 595.596003 597.438859 584.951282 571.744075 564.235857 563.310579 562.647624 562.630251 563.553360 562.721554 558.884227 558.041255 559.977325 553.273636 545.255808 537.759351 531.035941 523.317373 517.958380 514.699623 511.817939 509.878980 501.257759 490.029113 478.799595 469.853065 461.307852 454.738726 452.017897 447.130930 440.439656 429.528223 403.116230
-9999.0 -1109.546241 -995.637186 -891.081574 -752.982358 -611.844445 -472.067352 -299.232878 -129.034737 93.203777 261.474911 312.509564 341.160616 384.159388 441.075245 496.131569 501.925654 474.783881 451.819057 443.750209 453.567495 470.569610 489.283325 511.471978 527.238777 534.484844 532.393219 522.658488 508.953857 501.146346 496.716750 489.128596 483.811233 483.417670 481.913214 486.223308 487.950333 478.336900 465.953821 451.360137 438.584569 428.978209 425.699449 426.052721 425.042422 421.190523 413.539826 403.068174 390.616195 379.242750 370.970527 365.046032 358.675971 349.926312 340.109940 329.005809 304.229388
-9999.0 -9999.0 -1064.145403 -951.587870 -834.443000 -704.681611 -573.515754 -413.966344 -253.151236 -51.782837 76.351014 175.622840 230.499012 271.158363 321.612888 367.840128 378.689068 389.698982 369.220599 372.727367 381.198376 390.699861 403.852097 417.978477 431.196943 439.527766 444.191799 441.529823 432.222857 417.229610 400.263540 387.458989 379.775032 374.024336 381.169395 390.824203 388.436644 381.628834 370.258532 355.424762 342.856627 330.058853 326.352008 326.733043 326.328973 323.024116 317.662670 305.108935 292.306473 279.731140 273.512617 267.208611 261.094997 250.234180 238.736323 225.467180 201.879575
-9999.0 -9999.0 -1145.631374 -1033.821282 -911.519776 -784.556807 -674.669845 -562.658809 -399.934558 -273.098200 -165.400379 -69.501330 10.313630 70.847992 115.821018 169.132834 197.067976 209.458255 218.359533 236.616829 259.222814 281.551417 297.270976 310.688952 323.833065 334.906957 342.949938 332.876103 322.516380 307.042836 287.805839 267.042835 255.903474 250.584125 253.889215 260.066121 254.947734 245.038852 230.929200 214.652479 201.368628 188.988103 184.595713 182.115676 181.018240 177.930505 174.034352 164.032408 151.224352 141.619193 132.816897 125.375685 120.848942 111.886351 100.264646 90.671515 68.345191
