tests/Borden05m/data_simulated/sim_1/output-maps/psiliqL0016N0016.asc
ncols         160
nrows         34
xllcorner     620200.000000
yllcorner     5168000.000000
cellsize      0.500000
NODATA_value  -9999.0
[rows 0 to 24 of 34, columns 0 to 54 of 160]
-9999.0 -9999.0 -9999.0 -9999.0 -9999.0 -9999.0 -9999.0 -9999.0 -9999.0 -9999.0 -9999.0 -9999.0 -9999.0 -9999.0 -9999.0 -9999.0 -9999.0 -9999.0 -9999.0 -9999.0 -9999.0 -9999.0 -9999.0 -9999.0 -9999.0 -9999.0 -9999.0 -9999.0 -9999.0 -9999.0 -9999.0 -9999.0 -9999.0 -9999.0 -9999.0 -9999.0 -9999.0 -9999.0 -9999.0 -9999.0 -9999.0 -9999.0 -9999.0 -9999.0 -9999.0 -9999.0 -9999.0 -9999.0 -9999.0 -9999.0 -9999.0 -9999.0 -9999.0 -9999.0 -9999.0
-9999.0 -9999.0 -9999.0 -9999.0 -9999.0 -9999.0 -9999.0 -9999.0 -9999.0 -9999.0 -9999.0 -9999.0 -9999.0 -9999.0 -9999.0 -9999.0 -9999.0 -9999.0 -9999.0 -9999.0 -9999.0 -9999.0 -9999.0 -9999.0 -9999.0 -9999.0 -9999.0 -9999.0 -9999.0 -9999.0 -9999.0 -9999.0 -9999.0 -9999.0 -9999.0 -9999.0 -9999.0 -9999.0 -9999.0 -9999.0 -9999.0 -9999.0 -9999.0 -9999.0 -9999.0 -9999.0 -9999.0 -9999.0 -9999.0 -9999.0 -9999.0 -9999.0 -9999.0 -9999.0 -9999.0
-9999.0 -9999.0 -9999.0 -9999.0 -9999.0 -9999.0 -9999.0 -9999.0 -9999.0 -9999.0 -9999.0 -9999.0 -9999.0 -9999.0 -9999.0 -9999.0 -9999.0 -9999.0 -9999.0 -9999.0 -9999.0 -9999.0 -9999.0 -9999.0 -9999.0 -9999.0 -9999.0 -9999.0 -9999.0 -9999.0 -9999.0 -9999.0 -9999.0 -9999.0 -9999.0 -9999.0 -9999.0 -9999.0 -9999.0 -9999.0 -9999.0 -9999.0 -9999.0 -9999.0 -9999.0 -9999.0 -9999.0 1299.909470 1282.789244 1267.874438 1265.283189 1287.731657 1311.343553 1335.452510 1356.334616
-9999.0 -9999.0 -9999.0 -9999.0 -9999.0 -9999.0 -9999.0 -9999.0 -9999.0 -9999.0 -9999.0 -9999.0 -9999.0 -9999.0 -9999.0 -9999.0 -9999.0 -9999.0 -9999.0 -9999.0 -9999.0 -9999.0 -9999.0 -9999.0 -9999.0 -9999.0 -9999.0 -9999.0 -9999.0 -9999.0 -9999.0 -9999.0 -9999.0 -9999.0 -9999.0 -9999.0 -9999.0 -9999.0 -9999.0 -9999.0 1347.360396 1353.397343 1354.466758 1344.387614 1333.425719 1321.132627 1301.209427 1283.696679 1269.478259 1267.385322 1270.318376 1275.156927 1297.602663 1322.777235 1342.853511
-9999.0 -9999.0 -9999.0 -9999.0 -9999.0 -9999.0 -9999.0 -9999.0 -9999.0 -9999.0 -9999.0 -9999.0 -9999.0 -9999.0 -9999.0 -9999.0 -9999.0 -9999.0 -9999.0 -9999.0 -9999.0 -9999.0 -9999.0 -9999.0 -9999.0 -9999.0 -9999.0 -9999.0 -9999.0 -9999.0 -9999.0 -9999.0 -9999.0 -9999.0 1254.219225 1271.694158 1289.978281 1308.686669 1325.735072 1332.786968 1338.712807 1344.545813 1340.567243 1336.270611 1325.162806 1305.914593 1286.757790 1273.466180 1271.929107 1269.831748 1274.326483 1287.247595 1304.371911 1320.671014 1341.899803
-9999.0 -9999.0 -9999.0 -9999.0 -9999.0 -9999.0 -9999.0 -9999.0 -9999.0 -9999.0 -9999.0 -9999.0 -9999.0 -9999.0 -9999.0 -9999.0 -9999.0 -9999.0 -9999.0 -9999.0 -9999.0 -9999.0 -9999.0 -9999.0 -9999.0 -9999.0 -9999.0 -9999.0 1257.426183 1251.733750 1247.070733 1245.935770 1244.977427 1244.237528 1251.256621 1263.357272 1281.454953 1303.545701 1316.907371 1324.446889 1331.425232 1332.377416 1327.484919 1325.907791 1326.642426 1314.998753 1303.558695 1292.878570 1282.571102 1281.066674 1290.885395 1305.449683 1322.093600 1337.329500 1353.162104
-9999.0 -9999.0 -9999.0 -9999.0 -9999.0 -9999.0 -9999.0 -9999.0 -9999.0 -9999.0 -9999.0 -9999.0 -9999.0 -9999.0 -9999.0 -9999.0 -9999.0 -9999.0 -9999.0 -9999.0 -9999.0 -9999.0 -9999.0 1226.399846 1232.205111 1239.043425 1246.906426 1248.191018 1244.589787 1239.380800 1236.821109 1235.761964 1234.349526 1239.238449 1247.434067 1261.223843 1277.287414 1299.626153 1308.527881 1314.599252 1327.004014 1330.328306 1336.885390 1341.315535 1339.963511 1337.230424 1324.597567 1315.203469 1320.011734 1325.873854 1333.090520 1341.572852 1355.429053 1370.893525 1388.242819
-9999.0 -9999.0 -9999.0 -9999.0 -9999.0 -9999.0 -9999.0 -9999.0 -9999.0 -9999.0 -9999.0 -9999.0 -9999.0 -9999.0 -9999.0 -9999.0 -9999.0 -9999.0 -9999.0 1200.564835 1201.718094 1203.271858 1208.329343 1209.360524 1211.758005 1219.074695 1227.599437 1230.486228 1229.079334 1228.181318 1230.130016 1233.288554 1238.156184 1249.736398 1263.900287 1278.463108 1292.551608 1313.827311 1328.944312 1342.698866 1358.963676 1358.939475 1355.434433 1354.066357 1354.871563 1355.146587 1358.551757 1360.956739 1367.583810 1371.915026 1378.131412 1387.864867 1399.910576 1418.262152 1438.081370
-9999.0 -9999.0 -9999.0 -9999.0 -9999.0 -9999.0 -9999.0 -9999.0 -9999.0 -9999.0 -9999.0 -9999.0 -9999.0 -9999.0 -9999.0 -9999.0 1171.177668 1173.213908 1175.740179 1181.453199 1184.811706 1189.165852 1196.510446 1198.209736 1202.341169 1209.914308 1215.186387 1224.554163 1233.145232 1240.910038 1247.359266 1250.505808 1258.289211 1268.335944 1280.610379 1296.085847 1317.781282 1341.421301 1358.051837 1375.325722 1392.900838 1393.979235 1393.249692 1394.678984 1395.246284 1401.121828 1418.416072 1424.123671 1424.594309 1440.227111 1454.224935 1459.365499 1467.369619 1486.965585 1510.738141
-9999.0 -9999.0 -9999.0 -9999.0 -9999.0 -9999.0 -9999.0 -9999.0 -9999.0 -9999.0 -9999.0 -9999.0 -9999.0 1123.737670 1128.043244 1137.984373 1147.900270 1150.829242 1155.585235 1162.137193 1174.740716 1178.818691 1185.478609 1193.477028 1205.985504 1215.126091 1224.758405 1237.110395 1245.995057 1253.728327 1261.207224 1266.942709 1280.449231 1296.018903 1312.075496 1332.640134 1355.149587 1375.872147 1396.498187 1412.936899 1426.835233 1428.567518 1428.095319 1430.875039 1438.488964 1455.362952 1474.206345 1482.288515 1499.508561 1522.518317 1535.873051 1547.273299 1555.954494 1569.796766 1591.319338
-9999.0 -9999.0 -9999.0 -9999.0 -9999.0 -9999.0 -9999.0 -9999.0 -9999.0 -9999.0 1091.058212 1093.421569 1090.211792 1089.870954 1095.358407 1107.822080 1122.012230 1128.813497 1140.880818 1162.323715 1180.732239 1184.712106 1199.630779 1210.425691 1217.780566 1228.798669 1242.502500 1255.809966 1273.029527 1286.038705 1297.870983 1317.565401 1334.592371 1351.740750 1370.090300 1391.020009 1410.909921 1439.261983 1466.560307 1479.406197 1501.428978 1511.740625 1509.289499 1509.640836 1519.106572 1534.859175 1555.592545 1578.298289 1599.993621 1625.258092 1642.051734 1656.637522 1667.557012 1680.010356 1696.049738
-9999.0 -9999.0 -9999.0 -9999.0 -9999.0 -9999.0 -9999.0 -9999.0 1066.141951 1073.742097 1079.987252 1077.209260 1073.005049 1069.120673 1083.305959 1099.444401 1115.867702 1134.025362 1150.461775 1169.206874 1184.894843 1201.558803 1222.092450 1234.364039 1246.595317 1262.604822 1276.936386 1294.506085 1316.450800 1329.325083 1346.097056 1368.004945 1387.006361 1405.663774 1425.109840 1443.822824 1470.102986 1503.773755 1535.855459 1558.192109 1586.290660 1608.926924 1608.077731 1610.499527 1614.946578 1640.585619 1669.781709 1700.450865 1725.188645 1752.280959 1781.829710 1800.292830 1811.131829 1823.844619 1839.145800
-9999.0 -9999.0 -9999.0 -9999.0 -9999.0 -9999.0 1038.534410 1062.940414 1078.194972 1070.429198 1060.208585 1056.635757 1052.610385 1077.338321 1099.717268 1117.404644 1134.776105 1152.947299 1170.074598 1183.150372 1217.052276 1235.850690 1250.723034 1269.010560 1284.470854 1299.953191 1318.143339 1342.124157 1364.272165 1393.810533 1419.253939 1443.101064 1469.838850 1490.072902 1509.440943 1527.822646 1559.170129 1596.559966 1633.287216 1661.894485 1689.071009 1720.176834 1726.749673 1732.341316 1739.055458 1760.607844 1792.630775 1823.037229 1856.693394 1888.750935 1915.912742 1927.980729 1938.501224 1949.892836 1963.435104
-9999.0 -9999.0 -9999.0 -9999.0 1004.998990 1026.018941 1046.053448 1076.856319 1099.584336 1094.880411 1101.567647 1101.767050 1099.963016 1104.344770 1111.951040 1130.425637 1149.658836 1169.259760 1187.362031 1222.065734 1267.352821 1283.273177 1307.666272 1340.321632 1354.741150 1370.925326 1388.123571 1411.810553 1438.387446 1471.854261 1515.002966 1551.782791 1577.640337 1600.695488 1622.202851 1643.982212 1678.420638 1716.186650 1753.067740 1787.075362 1816.743999 1842.766460 1854.879912 1862.682667 1874.528565 1891.172620 1912.839946 1940.295962 1971.900867 2003.993149 2028.915388 2042.136403 2049.887798 2060.528070 2070.693616
-9999.0 -9999.0 -9999.0 954.905597 993.746093 1031.952857 1059.009162 1090.086068 1122.528713 1126.934209 1136.232565 1140.922068 1145.434904 1154.027130 1162.394114 1179.938278 1196.956787 1214.055275 1236.854409 1274.072953 1309.321168 1338.655351 1371.205982 1397.724023 1418.589812 1435.221133 1454.791095 1479.205009 1519.233333 1556.282746 1606.282608 1659.310294 1695.723622 1719.757768 1742.260124 1769.715688 1794.851917 1831.445540 1866.300649 1899.364075 1930.992704 1955.532352 1973.874924 1981.390870 1991.174514 1999.640904 2015.551075 2037.057166 2059.041282 2088.099339 2116.574912 2141.920794 2156.212350 2166.457697 2182.606419
-9999.0 -9999.0 907.509627 945.615559 979.506944 1029.484295 1082.679950 1117.449428 1158.475021 1182.077144 1188.821555 1205.490250 1221.252828 1228.139965 1243.278758 1260.363078 1279.121400 1286.893849 1305.031617 1334.689257 1383.858713 1428.919098 1448.124721 1498.497947 1532.391891 1561.598446 1580.698974 1608.112547 1644.276740 1685.081408 1733.017359 1782.770072 1820.669839 1851.465008 1868.084663 1887.692897 1910.051684 1934.411736 1968.663382 1997.154508 2028.887112 2054.939358 2076.520750 2082.833021 2087.765512 2103.645493 2128.449405 2154.916792 2179.846809 2204.033312 2205.515163 2218.877718 2225.300296 2229.214625 2234.717402
-9999.0 -9999.0 880.360737 925.562965 965.316790 1030.963567 1111.762233 1148.929235 1191.889586 1238.097196 1256.595088 1281.045508 1291.247801 1298.803075 1321.841872 1343.679653 1357.478671 1365.131396 1365.206661 1421.227748 1479.759511 1528.170094 1571.350746 1640.105610 1687.170908 1705.839475 1719.886986 1741.176113 1765.589237 1808.069839 1854.216981 1906.728253 1949.806986 1980.532463 1996.571973 2015.035455 2035.073249 2052.408785 2071.532117 2111.615996 2140.152546 2166.663044 2194.181055 2214.612088 2223.045084 2226.887936 2214.834390 2225.883276 2233.549902 2237.226140 2238.872847 2235.966902 2235.741772 2236.785380 2238.003702
-9999.0 790.872555 843.136409 896.124640 964.669017 1031.496763 1114.016044 1193.721498 1252.144434 1300.380250 1329.476426 1339.882445 1372.368097 1412.768670 1438.021972 1463.746810 1467.730296 1474.369819 1464.777714 1514.708791 1563.940944 1636.079447 1744.467829 1801.947608 1849.757106 1852.622528 1848.338026 1860.776148 1883.965387 1927.676102 1995.633800 2043.678729 2097.920596 2138.987315 2154.475188 2161.565643 2179.237344 2199.130175 2182.142297 2207.365840 2219.488116 2229.696027 2233.702829 2236.062633 2237.656707 2238.235626 2235.379449 2229.271495 2221.715352 2216.293551 2212.333184 2207.863109 2210.257210 2213.446275 2214.000793
-9999.0 755.054724 814.338986 885.601927 956.436681 1022.185666 1123.535364 1269.529723 1324.666246 1362.556281 1383.859392 1401.142436 1476.094083 1540.810120 1573.614789 1617.980974 1612.286648 1602.659568 1588.234525 1621.484208 1670.851271 1745.158343 1890.452326 1975.785717 2008.202018 2020.765570 2028.678241 2056.284799 2094.218959 2132.054003 2166.756383 2163.521127 2193.135976 2208.485690 2213.462520 2215.856397 2220.502387 2221.379227 2220.490269 2217.830482 2214.223284 2215.389173 2220.244658 2220.672721 2218.323401 2215.463567 2209.951747 2202.311080 2196.555258 2191.554213 2188.405687 2185.022523 2182.984294 2182.503134 2177.712115
-9999.0 724.125000 795.848656 858.942266 922.016633 1034.106181 1160.930680 1297.693639 1391.315509 1429.122862 1447.560115 1512.440143 1612.048547 1707.687113 1758.582681 1783.502979 1783.567731 1761.241939 1763.763613 1809.787279 1876.575310 1972.342238 2070.253655 2150.649673 2166.520482 2172.644794 2151.281310 2167.945831 2183.360707 2187.671266 2190.919758 2196.698775 2203.665474 2208.138570 2208.395157 2206.926620 2203.444947 2196.579335 2192.574124 2190.028328 2187.206781 2187.167813 2190.006261 2191.409784 2188.826399 2184.789821 2179.889745 2173.653340 2166.797611 2159.477454 2154.799918 2150.124674 2147.366560 2141.847149 2137.017747
-9999.0 621.835345 711.194454 764.709869 875.027514 1051.205419 1178.591754 1327.860787 1476.248122 1513.625215 1585.076953 1705.724184 1810.702573 1883.573692 1921.763482 1962.010914 1990.870443 2014.692290 2051.396051 2003.348068 2064.561570 2128.531752 2158.487477 2174.352753 2180.285596 2184.300948 2178.826881 2161.927229 2153.802660 2149.246885 2152.849308 2161.797900 2168.623673 2175.215366 2174.151193 2175.534103 2176.279762 2173.295228 2169.901720 2162.045705 2154.768222 2149.114487 2147.155895 2152.146066 2147.061291 2143.617168 2137.101519 2128.407114 2118.961145 2110.670103 2102.294541 2094.972386 2091.614230 2085.486659 2083.252773
-9999.0 540.993945 617.444094 703.551947 838.861773 1003.481055 1129.828219 1296.471465 1508.324216 1626.699374 1754.513939 1827.659436 1898.893830 1955.922096 2015.292077 2061.608429 2087.084219 2099.017942 2088.949278 2104.184304 2075.040771 2071.671407 2092.612833 2122.315880 2138.859551 2145.403641 2139.436010 2131.152281 2125.817635 2126.323374 2126.293176 2125.605111 2124.545534 2122.996824 2120.504149 2122.957737 2127.764594 2121.656607 2112.913549 2104.668391 2097.192700 2088.790949 2083.139988 2079.304228 2078.043522 2077.403548 2069.429991 2058.565163 2047.452017 2038.684907 2030.497541 2024.448800 2021.185531 2015.506142 2006.564951
-9999.0 440.037536 562.728049 654.976820 774.055548 910.562999 1035.126240 1198.156986 1345.202974 1567.262808 1722.002354 1837.741543 1879.269261 1937.893421 1994.473330 2061.152441 2065.384227 2038.579357 2008.032259 1996.715707 2006.471806 2019.297561 2034.572972 2055.687501 2075.193897 2086.691846 2090.848677 2085.067818 2072.696008 2063.920043 2057.383293 2047.765485 2040.991055 2040.077178 2041.640099 2049.287616 2051.195984 2042.128943 2029.102722 2012.781239 1998.532838 1987.700232 1984.756397 1986.006839 1985.798220 1981.725259 1974.678571 1963.769055 1950.901095 1938.675290 1931.095678 1925.324517 1917.801980 1907.074257 1895.245501
-9999.0 -9999.0 486.313519 597.307324 704.241155 826.313258 939.416244 1080.619138 1230.300986 1410.352179 1527.263950 1662.539309 1736.780839 1781.426945 1828.067705 1882.189775 1902.480588 1924.797861 1912.454393 1920.605921 1930.411683 1938.875962 1950.086590 1962.624662 1977.003911 1988.296320 1997.523698 1996.369879 1988.304272 1971.528998 1951.182358 1935.599474 1926.969337 1919.969514 1929.700620 1941.073087 1937.631830 1930.893719 1918.856429 1903.073625 1890.103841 1876.243778 1872.289145 1872.176791 1871.930317 1868.723385 1864.179622 1851.155196 1838.105690 1826.280553 1820.618272 1814.140818 1808.571727 1797.512875 1785.690976
-9999.0 -9999.0 401.560768 510.036830 623.575519 746.809702 845.917567 914.737689 1065.658758 1180.552498 1284.972715 1384.132955 1467.253651 1530.078140 1571.469141 1631.782531 1674.836143 1691.993691 1716.226290 1751.066448 1779.790642 1810.824424 1831.372663 1845.012095 1859.949731 1874.417674 1883.774353 1872.512373 1862.411964 1846.615362 1825.872856 1802.926020 1791.127104 1788.216995 1789.923682 1794.320732 1788.269210 1778.844415 1764.601468 1749.341043 1736.468515 1725.432306 1721.173020 1717.109279 1715.233764 1712.004134 1708.740589 1700.535803 1689.629200 1682.274774 1673.753150 1667.863163 1664.847872 1658.484745 1649.669713
