tests/Borden05m/data_simulated/sim_1/output-maps/psiliqL0016N0002.asc
ncols         160
nrows         34
xllcorner     620200.000000
yllcorner     5168000.000000
cellsize      0.500000
NODATA_value  -9999.0
[rows 0 to 24 of 34, columns 55 to 109 of 160]
-9999.0 -9999.0 -9999.0 -9999.0 -9999.0 -9999.0 -9999.0 -9999.0 -9999.0 -9999.0 -9999.0 -9999.0 -9999.0 -9999.0 -9999.0 -9999.0 -9999.0 -9999.0 -9999.0 -9999.0 -9999.0 -9999.0 -9999.0 -9999.0 -9999.0 -9999.0 -9999.0 -9999.0 -9999.0 -9999.0 -9999.0 -9999.0 -9999.0 -9999.0 -9999.0 -9999.0 -9999.0 -9999.0 -9999.0 -9999.0 -9999.0 -9999.0 -9999.0 -9999.0 -9999.0 -9999.0 -9999.0 -9999.0 -9999.0 -9999.0 -9999.0 -9999.0 -9999.0 -9999.0 -9999.0
-9999.0 -9999.0 -9999.0 -9999.0 1414.850341 1409.461125 1404.436645 1399.750842 1391.059389 1381.960329 1373.833258 1369.959167 1369.134415 1368.479323 1368.176496 1373.469700 1381.610707 1389.358326 1396.547974 1399.036815 1401.516333 1403.717091 1404.193025 1403.034033 1399.857850 1396.613435 1393.279250 1391.783371 1383.938391 1372.691545 1364.071889 1361.396175 1365.810612 1370.288841 1372.800438 1378.492512 1389.110133 1399.799046 1408.246146 1420.160504 1426.104896 1431.116775 1433.837146 1429.608118 1425.977465 1421.995247 1416.541964 1405.428738 -9999.0 -9999.0 -9999.0 -9999.0 -9999.0 -9999.0 -9999.0
1359.596393 1378.424870 1398.697634 1401.975490 1390.637517 1385.755270 1382.612868 1380.776082 1376.177591 1367.689126 1362.596797 1357.316497 1355.415666 1355.605092 1355.774006 1359.922082 1370.344804 1378.388915 1383.200188 1385.814597 1388.529104 1387.988654 1387.447174 1387.193037 1384.357369 1380.975705 1377.650684 1375.905701 1376.633226 1369.109906 1363.575894 1360.111228 1358.207467 1360.820331 1363.309231 1366.980104 1376.365239 1384.401286 1392.424410 1406.801921 1419.245252 1424.425109 1421.737585 1416.663871 1412.689029 1405.666692 1395.312494 1384.967670 1375.616121 1368.702127 1363.033154 1356.959881 1362.834336 1369.502378 1379.029680
1343.803324 1363.062854 1383.321950 1386.189572 1375.669213 1367.647927 1362.348796 1362.764841 1365.684794 1362.378857 1357.850424 1352.364256 1361.345316 1362.701076 1363.879205 1367.275725 1370.212034 1373.899955 1376.661855 1382.080277 1391.109800 1393.878193 1394.416615 1394.564870 1392.736650 1389.638474 1387.858441 1385.166734 1380.029524 1378.844049 1379.051269 1378.626936 1383.450896 1385.011480 1387.056323 1380.676494 1384.402737 1390.543374 1397.302712 1403.460491 1409.846885 1413.306030 1409.840891 1409.097020 1400.500277 1386.510644 1375.479107 1367.047177 1365.455349 1362.078321 1353.939839 1340.722929 1347.810958 1363.186632 1367.536071
1348.793984 1358.015057 1369.594985 1372.600015 1367.746434 1369.435106 1371.230272 1372.813752 1371.330445 1368.363801 1365.975581 1378.114166 1387.379399 1389.212413 1392.156924 1396.005087 1395.873440 1384.359632 1382.139503 1390.238962 1400.435608 1406.085336 1406.310952 1406.188679 1403.795758 1402.803943 1402.530406 1400.515012 1401.061686 1403.368936 1402.877472 1407.209476 1412.916918 1416.008283 1408.901053 1399.986728 1401.107829 1408.915370 1417.133553 1424.326366 1434.635874 1445.582752 1444.604426 1438.996428 1429.860177 1416.296255 1392.828178 1373.485459 1362.284546 1354.596085 1347.016977 1347.330329 1343.543875 1355.023663 1356.356130
1344.117229 1362.088656 1383.117864 1390.701600 1384.978954 1380.444025 1378.250771 1379.173150 1379.269649 1381.861897 1393.581278 1406.975969 1420.794833 1423.505155 1426.037959 1425.588551 1417.076781 1407.016600 1403.628767 1418.073760 1434.370894 1442.541883 1442.942221 1441.444431 1447.501380 1446.539460 1445.421221 1441.026959 1442.918404 1443.680150 1452.729762 1460.542623 1468.000624 1466.468512 1454.517677 1442.920000 1441.618697 1444.790252 1448.631143 1454.847688 1464.735768 1473.995143 1468.693067 1461.739588 1452.080035 1423.925432 1397.559749 1380.972330 1380.767064 1380.601749 1375.356800 1371.999159 1368.846262 1362.103290 1361.342882
1387.425576 1408.323321 1428.486094 1443.818566 1438.260148 1430.636540 1421.160762 1421.907725 1424.567691 1432.336430 1444.909384 1461.442719 1485.023724 1487.303939 1490.074501 1492.123844 1480.835640 1468.595614 1457.900058 1476.661623 1487.072351 1495.410772 1496.244012 1505.079867 1514.741335 1510.573057 1503.175471 1492.798360 1499.184899 1510.068173 1525.428832 1532.787190 1537.283379 1535.632462 1524.144531 1518.171003 1517.104451 1519.811727 1517.719757 1522.645747 1532.083089 1546.623724 1545.538183 1537.447329 1515.220694 1478.009525 1444.434919 1425.283771 1431.518888 1424.331294 1417.059111 1413.582031 1399.799403 1389.259217 1389.321642
1434.464753 1451.581816 1469.638012 1487.771300 1482.484665 1472.392246 1458.823196 1458.080020 1465.129295 1475.487874 1494.405631 1516.432769 1539.662399 1546.171810 1547.534919 1557.372398 1551.140786 1541.762733 1533.893432 1547.258998 1558.920888 1570.369580 1579.338583 1592.131556 1603.557508 1592.781346 1580.080471 1574.177980 1580.129717 1601.414363 1620.183888 1625.805132 1627.217062 1629.758456 1619.721577 1613.434194 1607.068788 1602.465309 1596.659731 1592.394190 1611.371486 1628.258827 1626.383895 1603.115289 1578.959947 1541.614725 1503.410380 1472.377001 1473.983460 1470.382046 1469.582019 1455.114755 1439.992648 1425.107922 1416.599270
1507.769984 1535.444910 1555.574995 1577.229903 1576.489959 1559.049597 1549.915994 1554.509920 1567.565609 1575.236437 1591.659345 1614.728869 1645.583706 1665.369355 1683.119755 1687.736711 1679.987217 1671.414367 1658.796981 1658.502254 1677.043313 1689.093132 1699.461838 1709.944988 1722.673970 1727.446013 1724.398499 1724.116274 1728.085619 1737.106438 1747.959950 1755.564351 1761.358910 1766.960413 1761.618732 1750.769182 1744.725757 1735.827964 1729.320933 1726.270101 1729.939158 1742.265129 1739.303183 1710.450780 1682.849036 1649.448736 1611.353948 1579.568996 1563.621440 1571.325639 1561.296243 1542.771759 1524.670333 1491.339923 1476.895913
1599.530364 1635.004193 1662.583387 1677.083022 1689.788999 1683.497811 1684.785608 1689.160707 1697.018785 1702.145535 1710.451937 1743.696966 1779.109665 1808.128829 1832.525402 1841.255688 1830.946850 1821.508073 1809.519200 1800.496761 1806.317707 1821.481753 1838.587621 1854.374665 1865.967882 1869.693638 1868.908651 1869.717452 1872.631116 1876.436507 1880.732128 1888.519419 1897.020845 1907.676446 1918.362489 1911.306058 1893.761417 1881.049900 1867.290724 1862.242457 1860.566266 1859.336251 1858.717021 1848.176175 1813.531509 1783.181768 1749.782754 1721.524822 1700.718565 1688.407083 1667.817590 1643.795224 1595.973828 1555.885726 1521.361051
1709.389885 1751.526428 1782.981668 1806.540570 1822.142306 1824.480246 1827.296719 1830.001290 1835.856151 1841.126035 1848.261385 1872.912057 1912.299255 1950.679344 1981.246668 1984.714615 1974.739866 1964.459886 1954.663765 1943.462091 1940.260414 1949.411296 1961.766322 1979.042041 1990.505520 1999.623098 1998.750067 1999.669992 2001.134640 2004.103317 2007.083205 2010.675432 2019.482886 2032.920584 2045.215640 2045.577884 2030.289238 2012.174246 1994.231615 1987.352275 1981.527321 1975.322856 1975.219020 1975.185333 1964.578231 1936.547035 1898.001991 1854.166100 1828.065140 1806.368395 1791.818506 1773.828213 1743.320247 1687.597629 1654.125606
1841.547552 1871.980863 1903.006652 1934.880684 1953.842043 1961.110842 1961.413117 1963.044205 1970.738876 1976.793265 1986.727275 2004.336532 2031.039156 2062.106901 2089.843846 2106.870128 2102.465270 2088.972502 2070.938081 2064.932455 2063.550091 2066.180523 2073.646704 2082.960308 2099.444345 2116.258635 2122.200904 2123.428736 2121.460745 2124.565351 2126.882330 2128.126506 2130.692800 2137.084739 2145.073544 2147.595964 2141.462762 2123.438758 2101.937481 2087.900801 2079.440222 2074.806059 2072.977757 2074.334442 2073.564776 2059.533506 2027.447934 1986.335998 1952.080613 1929.837873 1912.460271 1896.469094 1882.997542 1858.696357 1838.419198
1965.940001 1981.816585 2009.559719 2038.061380 2062.858687 2079.526004 2083.056988 2088.264914 2093.278244 2102.772780 2118.715680 2139.571794 2155.511377 2174.209804 2196.889509 2210.408235 2216.090633 2216.098040 2214.377520 2216.202134 2216.587493 2181.786529 2185.671309 2189.447663 2199.019029 2208.850518 2212.377148 2213.003913 2211.994047 2213.979514 2215.324982 2216.380961 2216.933536 2218.137783 2221.259404 2222.236628 2220.459555 2211.860667 2218.160755 2200.372333 2188.076548 2180.345474 2172.298724 2163.358215 2153.027214 2142.116733 2123.471666 2094.379194 2059.743755 2032.650111 2020.274154 2011.736216 2002.598139 1995.116896 1977.688414
2080.059321 2092.763034 2110.416719 2132.274410 2162.051347 2182.477547 2193.221013 2201.783870 2206.367048 2218.811514 2232.884067 2225.530281 2230.666359 2235.807032 2240.744297 2242.417244 2242.862477 2242.614654 2240.363980 2239.911643 2238.062021 2233.700226 2223.937019 2225.244153 2226.597312 2228.891633 2232.323241 2231.081755 2232.267834 2235.674866 2234.831215 2230.060473 2227.134558 2226.119876 2226.977522 2234.128181 2237.149374 2237.765609 2236.112628 2235.459757 2235.075000 2233.341088 2231.002310 2227.441645 2222.611302 2227.881885 2216.465978 2191.385717 2156.074726 2118.931085 2105.567977 2101.485183 2100.196110 2096.063588 2088.533174
2202.756882 2216.081567 2230.382363 2223.762517 2237.206763 2244.071330 2247.113459 2249.695214 2251.649279 2252.706774 2249.109196 2245.458669 2240.458741 2238.794237 2237.107086 2234.317030 2234.560777 2232.310082 2228.121471 2224.245874 2217.199113 2206.023101 2194.378141 2191.106399 2195.052675 2199.659183 2203.738096 2206.978185 2210.390787 2211.526122 2207.227059 2200.033534 2193.599928 2192.263483 2199.036750 2204.693100 2210.237299 2211.063103 2209.988679 2208.381708 2209.124918 2207.196476 2208.235181 2215.174051 2228.754715 2233.671668 2236.736806 2235.872077 2225.985513 2208.302626 2204.934104 2184.808918 2187.984258 2182.434023 2170.110273
2247.595232 2250.070125 2249.918435 2248.857234 2243.133753 2237.230460 2236.022790 2239.077879 2244.842330 2244.890159 2236.781249 2227.379805 2219.380161 2211.536584 2208.436716 2206.475946 2205.140896 2204.647120 2198.806925 2190.111442 2173.851689 2161.632922 2149.701538 2142.855910 2139.633953 2143.398867 2152.785321 2162.434206 2166.962064 2159.882841 2152.726880 2142.518560 2135.144018 2135.905312 2138.166213 2147.393238 2162.057114 2167.626985 2168.889735 2164.327255 2160.413247 2155.542264 2154.444417 2162.121285 2177.790837 2193.909269 2208.405929 2217.169882 2224.868362 2231.628374 2234.076754 2235.586611 2236.195490 2234.585105 2233.911589
2246.576635 2240.341178 2233.943401 2228.874255 2222.042360 2215.798523 2213.015246 2213.875901 2214.806276 2209.396226 2200.779511 2188.651895 2175.904781 2164.537494 2156.458418 2155.846947 2156.764974 2156.780890 2149.291656 2133.849582 2115.423516 2100.896767 2085.846354 2080.620052 2074.388856 2068.375534 2077.924195 2094.906486 2101.063140 2087.149584 2077.448703 2063.623071 2057.031867 2054.196610 2055.902515 2065.442250 2086.116391 2106.970568 2109.190931 2100.356133 2091.920540 2088.741529 2087.685705 2095.239085 2114.311643 2135.772608 2152.129526 2163.209851 2170.090867 2179.279722 2189.738917 2203.271480 2217.334120 2228.975223 2236.696232
2224.195642 2216.226335 2208.182611 2199.999756 2192.091861 2184.575797 2178.662352 2174.538998 2169.161270 2160.461264 2150.483214 2131.428098 2116.470530 2101.864294 2085.856292 2080.525993 2075.608934 2075.822316 2063.524628 2052.765519 2033.592241 2016.697855 1999.456923 1986.700964 1979.568073 1972.444433 1974.175419 1988.360985 1996.831865 1984.630349 1974.730411 1962.894296 1957.600802 1954.709730 1957.177881 1967.911528 1989.758013 2008.927661 2017.128276 2010.573433 2007.964434 2008.058998 2008.814262 2016.729977 2032.140817 2053.338111 2076.587451 2095.513841 2107.241028 2116.898283 2128.747698 2145.028652 2160.511650 2175.759522 2194.021615
2190.952208 2180.863741 2169.977005 2159.134056 2147.094409 2134.538955 2126.086701 2125.069958 2115.640898 2106.040274 2085.000826 2032.872682 2010.564697 1989.359265 1971.341007 1963.299664 1954.005297 1942.400179 1932.184919 1924.873332 1919.069554 1902.298153 1883.034402 1864.826581 1858.360098 1853.330851 1841.232205 1842.707720 1844.754918 1852.196098 1845.308195 1841.006862 1840.271716 1838.131614 1841.183663 1855.033721 1866.265247 1875.747090 1882.922900 1884.351899 1893.487331 1901.832926 1909.538763 1927.822544 1942.806983 1962.148671 1985.870620 2012.887812 2029.787042 2042.307636 2055.933006 2074.108921 2093.120051 2112.914464 2137.329246
2148.720745 2132.346113 2116.631541 2100.543519 2085.647742 2070.594300 2054.145971 2052.249485 2045.671827 2032.737533 1983.433776 1937.546360 1900.921542 1879.790449 1854.750383 1840.754313 1826.528978 1795.500183 1779.260758 1773.786158 1780.388024 1771.177429 1753.296803 1738.642478 1729.105260 1720.860545 1706.013865 1693.821221 1698.662091 1712.567272 1709.767073 1709.711199 1715.068780 1713.936913 1709.875291 1713.275966 1727.354741 1735.169722 1745.957643 1759.940160 1765.346951 1777.828142 1807.708091 1823.009289 1840.309233 1862.350889 1886.609908 1912.399221 1936.761409 1953.731205 1971.970473 1994.161036 2014.475475 2038.491618 2064.852947
2087.723310 2057.177391 2034.967418 2015.530113 1994.845022 1969.541580 1946.420920 1940.985540 1930.796443 1904.815180 1852.901968 1810.368267 1779.322056 1754.606754 1728.848413 1707.103803 1675.852898 1642.785162 1621.513650 1629.330835 1636.867825 1640.050169 1626.032798 1613.185082 1602.639524 1587.156580 1571.123941 1557.898825 1567.015330 1575.408039 1586.952397 1591.480998 1595.265059 1598.944128 1597.891385 1591.727935 1593.941819 1602.733554 1613.155003 1624.405937 1640.816945 1672.580093 1697.962689 1716.677220 1738.809430 1760.508671 1785.209461 1811.548703 1836.517155 1856.206785 1878.172285 1901.074086 1926.052714 1950.545881 1978.926987
1999.031600 1968.823698 1939.704087 1914.112899 1883.105376 1839.495087 1822.262335 1810.941367 1792.684898 1750.283489 1705.453622 1672.597973 1650.118689 1624.308956 1600.299304 1572.060670 1539.680470 1514.613252 1494.191509 1501.637443 1509.113755 1522.578771 1511.247696 1501.122761 1495.659956 1480.525796 1466.729710 1451.603261 1458.620946 1469.085564 1488.092635 1492.738459 1496.362799 1504.080846 1503.179221 1500.139018 1488.640912 1496.724724 1507.256510 1521.215096 1549.791923 1573.913634 1597.718169 1619.677529 1640.577551 1663.935438 1688.848394 1714.510868 1742.439490 1764.411916 1786.308402 1811.111600 1834.839396 1856.137583 1880.100849
1878.063386 1850.702713 1826.812540 1800.336576 1759.969722 1714.673482 1677.059008 1656.235287 1612.471678 1576.986839 1545.393837 1531.897551 1514.319890 1491.501112 1470.137500 1449.100514 1424.297327 1402.840546 1378.432740 1382.486236 1395.671289 1410.248689 1406.523675 1404.195432 1401.423320 1390.743712 1377.117993 1363.509212 1367.081340 1382.739090 1399.818172 1408.011375 1414.935533 1422.516755 1422.515705 1414.844882 1405.950796 1411.297560 1425.697072 1441.740604 1461.547838 1483.353703 1505.031582 1525.780073 1548.824472 1572.712677 1597.141556 1623.674772 1651.817311 1674.033688 1699.662725 1726.530059 1748.009259 1762.558046 1778.424428
1760.843534 1737.648507 1712.092759 1683.906719 1641.975387 1599.973591 1557.434628 1515.318830 1481.609832 1450.586711 1435.769982 1417.331384 1400.359750 1382.962498 1361.929983 1343.361672 1325.792998 1304.014797 1288.741703 1294.556491 1307.546518 1317.542814 1321.458179 1318.638270 1315.741962 1308.802858 1295.025303 1286.887390 1295.784023 1310.985698 1325.369773 1335.925032 1342.647949 1348.372803 1345.549781 1337.031312 1332.128966 1340.168070 1355.561472 1369.880680 1386.257731 1407.313317 1428.174340 1449.846684 1472.588241 1495.296363 1520.484443 1546.577646 1573.412671 1600.602017 1625.053719 1647.636911 1660.247992 1673.588386 1681.503787
1627.035371 1610.876417 1584.585000 1555.945161 1523.759368 1486.764465 1457.972105 1425.891927 1394.973932 1364.726472 1338.878391 1323.028899 1314.104629 1299.777731 1281.223304 1268.459785 1252.025692 1236.981446 1238.832988 1241.132298 1251.190601 1251.324547 1251.959432 1249.098406 1248.115240 1244.442121 1235.264743 1243.768210 1250.892704 1265.045896 1275.508311 1284.958247 1290.987348 1294.873190 1295.113236 1289.375364 1293.569784 1300.274283 1314.435747 1325.946643 1340.388704 1360.761266 1377.930734 1397.165081 1419.272345 1442.193284 1466.273841 1492.060756 1520.068924 1545.329385 1565.280300 1575.175400 1586.984600 1593.327239 1588.214558
