tests/Borden05m/data_simulated/sim_1/output-maps/psiliqL0030N0014.asc
ncols         160
nrows         34
xllcorner     620200.000000
yllcorner     5168000.000000
cellsize      0.500000
NODATA_value  -9999.0
[rows 0 to 24 of 34, columns 0 to 54 of 160]
-9999.0 -9999.0 -9999.0 -9999.0 -9999.0 -9999.0 -9999.0 -9999.0 -9999.0 -9999.0 -9999.0 -9999.0 -9999.0 -9999.0 -9999.0 -9999.0 -9999.0 -9999.0 -9999.0 -9999.0 -9999.0 -9999.0 -9999.0 -9999.0 -9999.0 -9999.0 -9999.0 -9999.0 -9999.0 -9999.0 -9999.0 -9999.0 -9999.0 -9999.0 -9999.0 -9999.0 -9999.0 -9999.0 -9999.0 -9999.0 -9999.0 -9999.0 -9999.0 -9999.0 -9999.0 -9999.0 -9999.0 -9999.0 -9999.0 -9999.0 -9999.0 -9999.0 -9999.0 -9999.0 -9999.0
-9999.0 -9999.0 -9999.0 -9999.0 -9999.0 -9999.0 -9999.0 -9999.0 -9999.0 -9999.0 -9999.0 -9999.0 -9999.0 -9999.0 -9999.0 -9999.0 -9999.0 -9999.0 -9999.0 -9999.0 -9999.0 -9999.0 -9999.0 -9999.0 -9999.0 -9999.0 -9999.0 -9999.0 -9999.0 -9999.0 -9999.0 -9999.0 -9999.0 -9999.0 -9999.0 -9999.0 -9999.0 -9999.0 -9999.0 -9999.0 -9999.0 -9999.0 -9999.0 -9999.0 -9999.0 -9999.0 -9999.0 -9999.0 -9999.0 -9999.0 -9999.0 -9999.0 -9999.0 -9999.0 -9999.0
-9999.0 -9999.0 -9999.0 -9999.0 -9999.0 -9999.0 -9999.0 -9999.0 -9999.0 -9999.0 -9999.0 -9999.0 -9999.0 -9999.0 -9999.0 -9999.0 -9999.0 -9999.0 -9999.0 -9999.0 -9999.0 -9999.0 -9999.0 -9999.0 -9999.0 -9999.0 -9999.0 -9999.0 -9999.0 -9999.0 -9999.0 -9999.0 -9999.0 -9999.0 -9999.0 -9999.0 -9999.0 -9999.0 -9999.0 -9999.0 -9999.0 -9999.0 -9999.0 -9999.0 -9999.0 -9999.0 -9999.0 4072.143928 4055.002206 4042.320061 4036.715380 4057.135467 4079.979623 4103.687312 4124.083625
-9999.0 -9999.0 -9999.0 -9999.0 -9999.0 -9999.0 -9999.0 -9999.0 -9999.0 -9999.0 -9999.0 -9999.0 -9999.0 -9999.0 -9999.0 -9999.0 -9999.0 -9999.0 -9999.0 -9999.0 -9999.0 -9999.0 -9999.0 -9999.0 -9999.0 -9999.0 -9999.0 -9999.0 -9999.0 -9999.0 -9999.0 -9999.0 -9999.0 -9999.0 -9999.0 -9999.0 -9999.0 -9999.0 -9999.0 -9999.0 4123.990350 4129.842381 4128.999973 4119.243955 4107.740562 4093.383465 4072.437088 4055.383934 4042.845881 4041.032122 4043.247505 4044.904610 4064.719006 4090.241978 4110.104589
-9999.0 -9999.0 -9999.0 -9999.0 -9999.0 -9999.0 -9999.0 -9999.0 -9999.0 -9999.0 -9999.0 -9999.0 -9999.0 -9999.0 -9999.0 -9999.0 -9999.0 -9999.0 -9999.0 -9999.0 -9999.0 -9999.0 -9999.0 -9999.0 -9999.0 -9999.0 -9999.0 -9999.0 -9999.0 -9999.0 -9999.0 -9999.0 -9999.0 -9999.0 4031.842914 4048.480392 4066.203934 4084.684040 4101.622273 4108.689474 4114.431596 4119.518443 4114.524430 4109.994269 4097.951799 4076.017886 4056.600379 4044.040262 4043.333849 4040.747614 4043.812398 4054.630729 4070.957459 4085.306558 4105.468765
-9999.0 -9999.0 -9999.0 -9999.0 -9999.0 -9999.0 -9999.0 -9999.0 -9999.0 -9999.0 -9999.0 -9999.0 -9999.0 -9999.0 -9999.0 -9999.0 -9999.0 -9999.0 -9999.0 -9999.0 -9999.0 -9999.0 -9999.0 -9999.0 -9999.0 -9999.0 -9999.0 -9999.0 4038.510672 4032.433566 4027.530794 4025.723209 4024.009234 4022.922632 4029.339867 4039.915629 4056.380147 4078.414312 4091.636456 4098.741446 4105.540137 4105.526660 4099.057890 4097.164453 4097.414906 4084.140792 4071.326959 4059.313981 4047.504945 4043.494409 4051.835347 4065.827950 4081.750411 4095.926888 4110.824740
-9999.0 -9999.0 -9999.0 -9999.0 -9999.0 -9999.0 -9999.0 -9999.0 -9999.0 -9999.0 -9999.0 -9999.0 -9999.0 -9999.0 -9999.0 -9999.0 -9999.0 -9999.0 -9999.0 -9999.0 -9999.0 -9999.0 -9999.0 4008.927540 4013.398752 4019.738461 4027.283121 4028.060316 4024.853019 4019.347173 4016.554927 4014.890801 4012.117379 4016.378633 4022.664815 4035.035012 4049.724606 4071.824856 4079.591748 4082.850949 4093.515770 4097.201135 4105.399933 4108.826444 4106.446975 4101.503602 4085.315152 4072.498473 4073.192613 4076.099391 4082.542050 4090.589144 4103.701136 4116.429848 4130.583373
-9999.0 -9999.0 -9999.0 -9999.0 -9999.0 -9999.0 -9999.0 -9999.0 -9999.0 -9999.0 -9999.0 -9999.0 -9999.0 -9999.0 -9999.0 -9999.0 -9999.0 -9999.0 -9999.0 3984.747128 3985.763701 3987.259495 3992.031854 3992.101203 3993.523108 3999.947181 4007.608271 4010.401206 4007.685837 4006.522051 4007.368434 4009.453586 4013.548956 4023.142707 4035.763087 4048.935106 4060.664760 4080.540913 4094.080499 4105.195867 4119.459524 4119.697057 4115.651704 4113.450704 4112.554000 4109.668710 4105.451520 4102.618159 4108.178697 4106.863957 4108.784157 4117.278942 4128.879885 4144.198401 4160.352982
-9999.0 -9999.0 -9999.0 -9999.0 -9999.0 -9999.0 -9999.0 -9999.0 -9999.0 -9999.0 -9999.0 -9999.0 -9999.0 -9999.0 -9999.0 -9999.0 3955.662376 3957.286773 3959.573105 3964.983849 3968.809955 3972.510912 3979.234757 3980.536901 3983.398500 3989.943727 3993.667209 4002.534008 4010.380228 4016.622715 4021.578021 4022.975364 4028.122104 4036.067166 4046.159829 4058.351806 4076.731396 4099.322451 4113.721688 4129.303293 4145.572395 4145.190673 4142.365468 4141.450525 4138.478198 4137.331019 4149.811611 4151.354585 4143.189519 4149.839885 4160.129363 4161.506289 4167.557742 4186.938453 4208.092650
-9999.0 -9999.0 -9999.0 -9999.0 -9999.0 -9999.0 -9999.0 -9999.0 -9999.0 -9999.0 -9999.0 -9999.0 -9999.0 3905.242296 3908.975154 3919.233599 3931.344118 3934.348112 3939.280351 3945.924656 3957.645352 3960.831115 3966.188037 3972.604256 3984.834653 3992.643950 4000.349662 4010.997705 4017.731000 4023.373150 4028.270124 4028.930824 4038.466470 4050.677665 4063.197884 4080.585748 4101.183987 4117.676873 4133.891620 4149.355039 4159.279565 4154.169900 4152.542497 4153.728211 4156.566496 4167.294492 4182.234008 4179.083373 4185.185365 4204.131638 4212.649543 4217.952743 4222.730436 4236.338138 4257.687309
-9999.0 -9999.0 -9999.0 -9999.0 -9999.0 -9999.0 -9999.0 -9999.0 -9999.0 -9999.0 3880.868184 3881.829624 3877.679543 3873.731498 3879.441431 3891.525027 3906.023547 3910.760111 3922.471991 3943.509505 3961.973080 3964.166279 3976.346904 3985.683056 3991.300834 3999.544491 4010.806662 4021.011874 4034.232688 4043.885605 4050.006907 4063.538379 4077.321529 4091.595235 4106.936439 4125.810048 4139.338253 4160.208837 4183.221963 4189.492287 4203.735584 4203.159269 4197.955008 4194.815245 4203.438445 4212.242697 4224.173170 4236.624534 4253.362851 4273.534902 4281.057260 4293.033065 4301.207441 4310.686425 4325.737859
-9999.0 -9999.0 -9999.0 -9999.0 -9999.0 -9999.0 -9999.0 -9999.0 3856.463757 3864.613236 3869.344470 3865.505076 3860.500711 3853.388602 3867.848131 3882.511567 3897.588515 3915.483439 3930.115843 3947.584311 3960.054626 3973.178182 3992.228900 4001.288176 4009.996089 4023.267893 4034.350006 4046.654816 4065.065609 4069.677345 4077.325079 4094.457591 4107.633746 4122.564766 4139.036755 4153.598637 4170.784431 4198.853069 4225.879240 4239.309074 4263.970475 4278.729862 4271.202266 4267.869714 4267.900913 4289.594583 4314.265673 4342.292883 4358.828718 4380.671934 4408.206336 4427.362456 4436.378205 4447.270614 4460.968267
-9999.0 -9999.0 -9999.0 -9999.0 -9999.0 -9999.0 3827.762111 3851.895715 3866.718103 3857.337528 3841.118835 3834.810754 3827.238802 3859.955325 3881.733272 3898.258554 3913.940065 3930.419415 3945.448577 3951.239342 3978.321723 3996.986258 4006.671055 4017.006261 4029.945009 4042.809050 4057.122917 4076.288525 4091.057097 4109.274225 4121.160542 4134.140247 4155.846922 4171.405332 4186.813698 4198.290714 4224.092402 4257.436424 4290.966389 4313.808479 4337.238722 4368.757519 4366.495257 4367.375538 4367.645960 4392.167229 4426.524284 4456.114145 4487.408967 4517.599511 4546.451038 4556.847005 4565.739227 4575.571121 4588.176898
-9999.0 -9999.0 -9999.0 -9999.0 3796.298862 3816.759682 3834.433900 3863.705369 3884.840287 3879.194081 3882.070875 3878.597758 3872.504444 3877.068662 3884.673716 3900.567939 3918.739344 3937.304938 3949.303041 3972.827578 4019.280340 4027.743158 4041.426735 4068.814989 4077.759534 4090.121490 4104.276097 4122.893313 4138.053825 4162.636225 4193.424639 4219.622565 4239.238603 4257.048057 4275.225689 4290.548578 4325.699072 4362.372653 4397.664329 4428.516367 4454.779234 4481.029502 4486.444351 4490.949985 4500.799534 4518.306499 4541.568154 4569.452354 4603.927072 4636.326109 4659.464806 4667.723632 4672.617986 4682.214613 4689.377406
-9999.0 -9999.0 -9999.0 3740.749513 3779.701924 3819.505527 3844.066136 3873.342951 3904.977122 3902.558250 3910.303611 3907.696288 3903.928459 3907.413780 3907.955611 3923.112840 3940.640712 3960.469093 3980.570008 4012.137451 4038.623271 4051.992169 4077.622307 4089.827099 4099.832662 4111.038080 4128.775630 4147.077699 4181.921593 4209.294353 4253.950188 4303.789532 4334.854357 4353.289166 4376.045446 4403.941087 4429.543348 4469.312012 4503.525194 4535.772362 4566.081882 4588.055951 4601.671248 4606.029525 4616.063943 4621.540037 4633.579294 4654.742083 4677.481996 4708.880086 4738.623363 4768.769966 4784.608938 4796.203540 4813.835946
-9999.0 -9999.0 3691.983399 3731.904433 3761.993987 3807.043341 3859.472924 3894.096052 3932.233253 3948.768026 3950.046437 3957.835530 3965.889735 3964.231723 3970.174912 3980.673111 4003.227740 4012.116418 4032.872566 4043.750489 4076.873451 4107.116139 4095.754122 4130.258789 4159.256668 4193.052916 4215.258172 4241.895332 4280.411870 4312.596926 4356.342841 4406.747350 4440.605589 4468.308832 4484.698487 4505.760791 4526.187419 4553.695241 4591.612817 4617.079791 4651.676714 4677.410171 4696.936018 4696.692155 4699.259700 4715.829325 4745.389220 4777.716593 4807.977941 4838.507754 4818.607319 4845.157493 4857.044351 4863.676323 4874.104131
-9999.0 -9999.0 3660.415482 3707.323817 3739.579196 3794.241191 3882.336129 3914.940654 3953.268511 3997.939699 4009.544845 4029.395161 4017.221864 3999.427481 4014.933657 4026.384093 4049.002900 4056.620261 4049.101849 4100.233389 4151.226011 4168.477961 4163.797405 4243.642614 4298.185758 4324.981993 4343.324736 4364.052661 4383.186075 4421.012617 4458.848235 4514.514512 4556.013523 4586.356117 4601.224269 4622.374366 4642.411942 4657.517285 4677.777435 4726.887537 4764.888453 4797.355498 4830.896594 4852.879886 4861.338171 4867.051343 4837.842774 4860.076456 4875.154404 4881.657429 4884.303812 4880.424715 4879.909052 4880.789994 4881.709748
-9999.0 3565.364118 3617.895041 3667.203502 3729.617704 3788.388583 3859.850527 3932.501922 4001.076004 4054.233668 4077.944123 4065.002906 4053.697556 4073.605864 4090.999744 4104.458797 4110.839217 4122.786801 4101.688814 4156.905426 4190.547175 4233.388458 4330.723404 4390.386487 4459.470791 4454.613227 4441.892983 4445.553599 4460.224303 4508.243107 4591.233259 4650.664504 4720.629965 4772.697374 4791.028073 4799.349514 4818.989100 4840.623954 4778.881492 4828.159248 4850.999487 4870.057881 4881.480410 4884.107260 4885.574373 4885.301174 4881.502636 4874.293010 4865.976669 4860.024447 4855.718584 4851.215202 4853.661738 4857.008045 4856.994145
-9999.0 3525.793669 3582.305166 3649.307794 3715.033404 3754.427734 3829.345073 4002.537091 4067.437226 4105.308623 4105.334726 4066.611287 4118.549030 4176.922373 4198.917204 4244.921443 4227.031626 4211.335125 4168.012111 4191.899549 4228.409661 4299.553764 4480.171218 4571.266998 4631.099428 4639.027411 4638.799251 4668.333493 4715.402671 4766.807044 4817.065524 4777.614426 4834.349361 4862.453014 4868.325762 4869.147819 4875.453464 4873.759024 4872.630747 4868.031926 4862.758547 4862.947928 4867.785165 4867.655245 4864.617319 4861.104016 4855.317818 4847.900620 4842.778752 4838.133706 4835.497137 4832.699344 4830.599556 4829.579427 4824.468209
-9999.0 3481.232736 3557.193529 3613.199234 3652.007500 3734.234346 3865.192403 4011.780799 4109.137541 4142.009100 4104.988333 4129.807513 4234.279021 4344.901835 4398.595898 4419.443791 4394.828188 4338.952216 4312.745001 4357.182388 4430.747282 4560.580585 4715.266788 4822.901935 4839.717241 4843.633824 4788.093035 4817.977677 4845.676951 4848.963942 4850.264552 4859.831773 4865.035444 4868.151669 4866.525820 4863.617583 4858.736502 4850.420694 4845.651198 4841.838005 4837.973237 4836.603677 4838.438961 4840.509630 4837.586710 4833.640769 4829.145191 4823.572846 4817.169347 4810.308872 4805.822284 4801.425021 4799.223259 4793.346443 4789.957897
-9999.0 3348.393301 3447.683977 3482.325088 3540.906703 3734.264412 3863.965741 4000.497771 4172.217204 4186.903275 4223.240555 4370.269154 4495.686635 4579.937799 4606.751819 4639.116178 4663.751121 4678.723115 4717.477046 4574.974619 4664.483785 4776.219674 4828.328988 4850.925475 4863.895222 4864.327235 4853.976557 4832.691934 4821.847279 4815.078728 4816.695293 4824.043330 4828.524929 4833.153857 4830.797790 4832.052331 4833.521241 4830.387202 4826.259688 4817.324660 4809.359254 4802.330707 4798.585636 4803.119699 4798.501807 4796.341287 4789.983615 4781.285235 4772.104023 4764.681615 4756.479905 4749.813984 4747.613853 4742.608279 4741.351179
-9999.0 3267.199713 3337.760255 3385.369457 3484.677340 3647.469961 3729.478699 3883.511657 4136.166080 4280.076909 4458.619699 4557.595740 4629.176156 4667.182007 4715.707835 4771.367888 4800.632923 4814.270936 4778.133189 4805.229363 4759.899250 4748.415035 4766.874425 4797.676620 4816.553270 4820.927289 4813.332026 4804.628095 4797.323736 4796.201042 4793.765521 4788.890599 4784.010363 4779.973173 4776.834812 4780.161526 4785.757730 4778.276895 4767.376831 4757.434153 4748.488304 4738.903564 4732.751271 4727.636143 4728.439386 4728.789329 4720.961249 4710.246373 4699.102530 4690.590492 4683.352776 4679.013567 4676.106166 4670.911291 4660.444368
-9999.0 3138.477532 3275.113040 3343.708319 3426.157679 3550.542719 3644.713018 3790.970265 3913.751939 4167.893544 4304.976890 4528.005141 4582.524321 4658.136230 4703.740827 4781.053055 4775.094306 4744.027948 4698.307866 4682.620341 4696.595027 4706.363083 4713.988421 4727.696832 4746.027466 4756.698055 4762.839156 4757.363936 4742.992893 4729.591150 4717.139118 4702.246629 4692.111159 4689.218590 4694.305494 4705.246255 4705.232464 4695.794225 4681.189125 4662.125541 4645.888839 4633.589811 4631.795323 4634.962368 4636.317400 4631.959248 4626.288350 4615.213922 4602.331968 4589.428067 4584.034442 4579.791034 4571.932233 4559.979194 4547.485452
-9999.0 -9999.0 3184.431912 3290.986570 3376.936783 3481.230589 3558.204078 3664.718494 3800.216944 3968.120334 4085.252544 4283.916443 4388.513999 4433.937651 4464.686544 4522.706133 4551.642369 4588.193893 4587.048047 4602.216101 4614.195737 4620.298720 4625.103210 4629.801757 4640.056773 4650.264898 4661.599438 4658.731720 4650.049008 4628.445197 4600.984705 4579.524049 4568.454469 4558.425430 4571.462964 4584.423795 4578.059759 4570.986225 4557.987944 4541.440600 4528.855679 4514.293038 4510.839700 4510.557860 4511.230756 4508.981377 4506.910256 4494.340987 4482.004992 4472.462099 4468.659532 4462.942003 4459.665030 4449.844590 4439.174651
-9999.0 -9999.0 3094.101335 3194.930970 3290.426102 3403.080139 3478.376074 3466.931304 3595.423114 3693.443817 3802.540998 3919.215758 4022.266849 4094.232320 4124.953876 4189.196324 4251.801058 4272.262681 4320.253104 4383.203381 4421.324337 4465.521818 4490.976084 4500.169080 4512.832174 4528.107653 4535.486253 4519.225903 4507.839964 4490.492534 4466.197803 4438.199665 4424.072465 4424.531375 4422.528601 4422.906352 4414.592137 4405.697830 4391.016443 4377.435541 4365.324419 4357.031653 4353.501537 4347.135712 4344.440017 4341.640260 4340.239390 4335.807276 4328.230884 4324.364922 4315.940153 4312.659909 4312.299047 4310.065566 4305.027710
