tests/Borden05m/data_simulated/sim_1/output-maps/psiliqL0006N0002.asc
ncols         160
nrows         34
xllcorner     620200.000000
yllcorner     5168000.000000
cellsize      0.500000
NODATA_value  -9999.0
[rows 0 to 24 of 34, columns 56 to 111 of 160]
-9999.0 -9999.0 -9999.0 -9999.0 -9999.0 -9999.0 -9999.0 -9999.0 -9999.0 -9999.0 -9999.0 -9999.0 -9999.0 -9999.0 -9999.0 -9999.0 -9999.0 -9999.0 -9999.0 -9999.0 -9999.0 -9999.0 -9999.0 -9999.0 -9999.0 -9999.0 -9999.0 -9999.0 -9999.0 -9999.0 -9999.0 -9999.0 -9999.0 -9999.0 -9999.0 -9999.0 -9999.0 -9999.0 -9999.0 -9999.0 -9999.0 -9999.0 -9999.0 -9999.0 -9999.0 -9999.0 -9999.0 -9999.0 -9999.0 -9999.0 -9999.0 -9999.0 -9999.0 -9999.0 -9999.0 -9999.0
-9999.0 -9999.0 -9999.0 -571.228852 -576.871956 -582.475507 -587.773699 -597.156057 -606.607797 -615.589246 -619.763337 -620.861738 -621.936164 -622.496014 -617.325395 -609.602281 -602.171755 -595.064603 -592.843373 -590.534583 -588.262933 -587.796416 -589.208505 -592.544992 -595.898856 -599.375658 -600.856932 -609.374930 -620.923199 -630.020462 -632.831600 -628.291858 -623.739375 -621.177806 -614.897683 -603.878720 -592.833888 -584.150305 -572.419119 -566.996818 -561.700416 -558.165552 -561.904934 -565.155261 -568.458505 -572.665893 -583.451878 -9999.0 -9999.0 -9999.0 -9999.0 -9999.0 -9999.0 -9999.0 -9999.0 -9999.0
-608.521075 -589.522739 -586.368319 -597.043637 -601.903804 -605.425210 -607.920913 -613.431573 -622.526988 -628.233673 -633.968299 -635.782154 -636.046315 -636.199842 -632.138749 -622.567461 -614.736508 -610.080269 -607.843604 -605.572430 -605.373323 -605.936866 -606.458281 -609.455900 -612.950420 -616.427464 -618.272221 -618.479141 -626.146582 -631.427628 -634.645267 -635.646588 -633.239938 -630.956643 -628.104477 -618.314572 -609.858426 -601.396610 -587.322787 -575.035212 -569.702157 -571.787632 -576.532342 -579.822679 -585.641023 -594.883230 -605.084416 -615.679992 -622.783875 -627.870596 -632.602585 -626.249938 -619.787381 -609.129908 -598.516560 -586.293269
-625.528043 -606.192800 -603.581944 -614.724973 -623.493991 -627.815209 -628.122900 -626.458329 -630.572588 -635.584128 -639.573053 -632.397610 -631.433061 -630.473207 -627.495002 -624.070176 -622.294617 -619.623141 -614.502817 -605.760232 -603.344895 -602.995219 -603.016987 -604.948511 -608.140740 -609.986929 -612.829462 -618.096256 -618.957324 -618.478935 -618.311006 -612.965361 -611.491977 -610.319593 -617.473882 -614.207599 -607.834914 -600.834513 -593.490373 -586.199916 -581.040662 -583.791599 -584.870282 -592.661286 -605.909576 -617.067143 -625.519401 -628.092344 -630.905897 -638.153380 -649.721336 -642.696814 -626.947328 -621.992959 -617.862109 -605.582195
-634.405574 -622.818957 -620.197077 -625.650219 -625.239866 -624.215063 -623.077859 -625.066376 -628.402782 -629.806579 -616.973608 -607.749001 -606.415729 -603.810557 -600.803300 -602.550581 -615.269397 -618.167607 -609.684103 -599.355649 -593.592929 -593.688777 -593.918519 -595.369590 -596.527573 -597.206219 -599.798369 -598.585801 -595.949118 -594.945257 -589.649933 -584.050848 -581.396863 -590.408970 -599.670956 -599.342054 -591.710183 -583.805116 -576.293331 -564.998004 -552.897031 -553.999950 -559.422749 -567.781513 -580.949423 -603.876859 -623.515714 -633.469879 -639.362567 -645.754441 -646.609738 -648.055706 -637.525093 -635.355965 -633.399537 -624.323848
-631.334869 -610.721232 -602.707371 -609.336647 -615.784474 -620.018863 -619.915649 -619.924913 -616.462016 -603.092783 -589.480630 -574.440802 -572.293871 -570.159572 -570.709504 -580.977906 -591.447383 -596.132145 -581.043946 -565.700226 -557.731510 -556.952353 -556.139422 -547.640629 -550.179495 -553.420005 -559.394158 -556.937925 -553.682092 -541.727867 -534.465960 -528.078794 -530.134465 -541.724902 -552.365018 -554.395593 -552.777730 -551.148639 -545.280753 -534.516338 -523.828026 -528.176528 -535.271365 -545.344068 -573.967626 -601.847732 -618.505514 -617.072975 -616.042443 -620.045277 -622.756275 -626.260315 -633.833214 -633.860828 -633.959451 -634.106928
-584.737077 -566.573742 -550.694999 -557.329639 -566.670282 -578.663438 -578.842283 -575.482836 -567.467085 -554.509028 -536.101522 -512.521805 -509.191046 -505.610058 -501.440916 -512.135871 -524.222589 -536.343972 -521.509389 -512.373232 -503.527079 -500.011264 -488.174848 -478.165678 -483.633406 -492.854383 -502.339527 -496.031531 -481.729687 -467.165710 -461.413005 -458.578188 -457.903312 -467.216314 -472.133211 -475.044191 -474.968492 -479.013833 -476.348481 -464.680941 -448.788861 -447.777132 -458.515337 -480.647883 -515.326669 -550.126778 -572.665000 -568.474985 -574.211363 -579.494791 -583.607716 -597.534492 -608.958140 -609.040046 -618.263712 -624.298535
-540.694165 -523.501416 -506.272912 -510.306215 -522.444322 -535.068154 -535.354042 -527.445270 -519.086040 -501.172693 -477.622362 -453.508612 -441.483682 -434.151772 -425.612296 -432.455830 -441.468696 -450.613544 -445.933260 -433.398487 -421.459684 -410.032523 -397.771476 -385.977452 -392.043285 -401.520819 -404.018669 -400.167016 -384.077442 -369.969767 -364.832511 -362.233068 -357.169300 -362.370114 -370.034729 -378.712026 -387.009035 -394.389188 -399.229191 -384.308357 -369.629196 -370.892808 -393.721518 -416.560848 -448.430671 -483.292167 -516.822478 -522.286564 -522.109953 -523.123677 -538.262715 -553.293973 -572.514916 -583.784647 -592.397315 -607.484963
-453.181211 -432.818693 -414.520499 -409.963373 -424.710707 -429.542545 -425.229660 -414.893481 -410.157839 -398.437988 -371.752524 -337.156449 -310.232469 -285.766273 -281.511918 -292.415811 -303.305556 -318.831544 -326.134432 -313.017227 -300.441623 -287.553370 -274.028243 -259.993558 -250.323314 -250.387880 -250.089769 -247.287301 -243.242525 -236.177698 -226.967388 -215.874006 -203.639127 -199.446155 -210.290076 -224.188432 -240.789054 -254.497769 -259.123095 -261.525598 -254.777545 -255.204956 -275.501562 -303.210484 -333.357169 -368.511814 -398.703634 -419.477116 -417.792250 -430.736416 -446.916070 -468.125714 -504.473611 -523.959601 -540.548431 -570.546197
-361.167288 -333.502872 -317.467250 -301.594149 -302.249735 -299.983452 -297.511636 -291.973816 -286.795500 -277.839637 -239.765180 -192.403473 -147.472615 -108.054627 -92.200863 -108.754258 -126.625732 -144.675649 -159.360252 -159.873715 -142.653076 -117.525766 -87.623122 -62.212345 -49.188653 -48.976226 -47.097972 -42.617263 -33.224285 -21.711026 3.883569 44.545563 72.329447 88.734967 82.056062 50.848989 -6.123066 -62.221919 -83.972457 -91.950690 -100.202730 -100.896163 -104.707833 -141.698782 -178.639987 -220.979933 -264.579331 -292.272455 -313.161524 -331.680995 -350.668866 -390.561837 -428.795142 -461.635186 -489.617612 -517.705308
-245.373200 -206.436075 -168.206861 -144.303796 -135.478671 -132.740602 -128.954895 -119.354013 -107.916037 -85.648961 -25.053252 59.283350 110.505343 142.593093 148.103822 139.224505 128.448405 117.388110 108.469523 105.521570 111.608926 122.308733 139.030883 153.403547 165.823523 166.576735 167.842606 169.463520 174.583209 181.725158 192.804355 211.629194 228.095409 236.086395 235.873039 221.622613 191.673851 161.962013 148.298644 139.968526 133.998348 133.549754 133.063937 127.001128 98.404768 41.840678 -77.854022 -141.704869 -178.370317 -199.396099 -219.572028 -238.532635 -282.863268 -307.785929 -340.166646 -376.284238
-76.015469 15.431052 79.965146 109.431370 120.218868 120.629647 122.462609 128.979490 137.103791 153.174764 181.519365 214.503468 239.709441 255.982889 266.658551 264.312641 257.877057 248.293034 247.160989 247.219997 248.191682 251.904910 255.437964 264.173482 273.057214 275.908701 276.342493 275.203773 277.622605 279.930523 282.606922 285.697926 289.243477 293.021835 293.780763 290.704331 279.650589 266.150121 256.437787 251.701788 249.885918 248.705584 249.152117 247.781209 239.178321 210.481163 158.171019 114.517147 81.850919 42.642030 -16.416587 -50.167331 -75.511108 -105.432526 -147.600881 -201.826018
145.457158 186.465109 220.880319 241.445120 251.415256 252.702095 255.423624 256.753181 262.741583 273.020723 285.658843 294.685761 303.155613 313.305831 318.509710 323.153945 325.013097 326.398022 329.043336 329.566532 325.091638 326.287600 326.969083 327.422126 329.991451 330.262601 330.073095 330.198086 331.089753 332.030741 333.321630 334.142130 333.347502 333.529119 333.166491 332.756413 330.057051 325.975340 316.116714 310.629424 307.701451 304.143155 299.338139 293.757749 288.515571 279.817137 263.151608 242.898570 221.649325 204.052155 182.584983 166.436535 154.975162 136.308225 110.238417 65.720079
260.363930 271.616013 284.470376 298.481953 306.605399 310.738610 314.141038 315.557655 322.839260 332.090337 332.659123 333.080330 333.197552 332.449693 331.852455 331.550905 331.868424 330.245560 331.107228 330.971122 327.143393 319.857503 321.269937 321.895315 323.434381 325.969477 324.010854 324.581257 327.664790 327.247732 323.542767 321.604891 320.870998 320.558619 326.160044 328.250892 328.772463 329.629280 330.468521 331.794296 332.731536 333.156540 332.840429 331.955951 329.199750 323.497255 312.445522 297.371010 280.064854 270.514964 264.792366 263.792662 260.463824 256.814201 244.659965 221.483566
321.490834 330.576786 337.382509 337.913799 337.434087 336.740659 336.945507 338.072123 336.920907 333.681485 330.388625 326.709660 326.192003 325.059748 322.773256 323.454097 321.984143 319.627022 319.080261 317.655552 313.003889 306.937448 306.420053 309.418585 311.359801 312.416456 312.714789 314.272182 316.109516 314.547470 311.403256 308.404930 307.454461 311.214579 313.361770 314.957100 314.638669 313.871011 313.565476 315.148042 314.673373 315.323997 318.474715 325.399847 330.503990 330.180431 330.919911 331.452885 331.649925 319.591415 307.041766 309.332885 306.717454 300.825375 290.447774 278.930935
331.325119 331.575022 330.034442 325.313742 320.869429 320.278065 322.731792 328.598688 329.919657 324.272897 319.210047 316.142107 313.053333 312.579744 311.663735 311.158451 311.748785 309.630504 307.790316 301.178472 296.456073 290.957799 287.559737 286.402715 288.935907 292.739448 296.037706 298.233156 295.459330 293.077677 289.079807 285.712188 286.654248 287.585519 291.365550 297.483315 297.767067 298.425541 296.687277 296.173129 293.860900 293.410031 297.046231 304.057986 310.387427 316.188755 319.541525 323.542688 327.815528 334.241703 334.267800 333.158452 332.196198 329.488478 320.954915 311.635190
321.723487 318.992332 317.550813 314.650160 311.934609 311.403804 313.153927 315.460460 313.736047 310.115797 304.897510 299.336902 294.144930 291.407935 292.182680 293.618250 294.481649 292.489132 285.931414 277.160080 268.507303 257.597496 253.906928 249.750244 246.137499 251.326663 260.279271 263.519922 255.822516 251.613514 244.456597 241.056096 239.944597 240.639345 245.677587 256.667583 267.745185 268.692749 263.792244 259.917039 259.155687 259.739714 266.589005 278.532629 288.380490 294.418953 298.323934 300.721792 304.883070 309.449582 314.526638 320.126869 324.666949 332.119398 332.179077 332.360644
313.013107 310.506522 308.011082 305.739942 303.634747 301.851419 300.406456 299.078584 295.089136 290.773383 283.906903 274.423769 264.836693 254.761755 252.256154 250.440996 252.337417 245.795923 239.511546 223.095166 197.184842 166.005271 147.726773 137.695373 129.796302 134.357908 149.394271 158.604784 144.246757 134.179228 121.334254 115.333193 112.585467 114.614604 125.677673 150.739331 172.627478 181.840877 175.011392 171.428265 173.016289 180.128052 201.198627 223.855554 239.929444 253.720296 265.188863 273.523820 279.069477 284.306779 291.209323 297.152488 302.537857 309.553063 318.173184 324.878080
302.156661 298.548693 294.826303 290.040787 284.820397 282.038790 282.779083 277.081615 270.004735 256.883992 216.262193 186.170489 152.500614 129.682189 121.314909 113.105562 108.231471 99.269347 90.365158 69.255834 16.450307 -51.174402 -90.505960 -103.717568 -112.039512 -118.119387 -102.174965 -93.825052 -98.733439 -113.575135 -127.780799 -135.290947 -139.247970 -132.496013 -108.987334 -80.206316 -50.001865 -34.900284 -45.118846 -37.308366 -25.938540 -14.390230 49.571802 88.602761 116.489715 147.125020 185.933834 216.152490 231.540510 240.997195 252.390056 264.963531 275.799849 287.232790 298.677462 305.052852
285.351486 278.083539 267.809019 257.581741 248.455411 239.868894 239.227965 232.320319 212.497136 149.825594 82.159804 3.280888 -67.067401 -111.322340 -128.759980 -141.057715 -167.368624 -183.406824 -194.626433 -197.030318 -216.601283 -240.608267 -258.749204 -267.155915 -272.844455 -283.898491 -287.707568 -282.904888 -273.155949 -281.211424 -286.179176 -284.273885 -287.126616 -289.144217 -278.682748 -261.250806 -250.358954 -240.508162 -232.707253 -229.477076 -224.101007 -198.596918 -177.866873 -153.785714 -119.832455 -73.643902 -1.364977 70.292993 102.680893 126.516379 156.778551 193.019293 224.931624 245.203789 265.410927 278.186231
238.988398 220.491874 190.552594 156.166038 128.964009 104.858580 98.654408 81.785726 36.539510 -88.987732 -166.527209 -215.228624 -244.202940 -271.061433 -287.165817 -309.002799 -338.531174 -356.916457 -354.750154 -348.023557 -351.418784 -366.003908 -378.875877 -388.395669 -399.415967 -413.435429 -422.263305 -414.548502 -406.005768 -402.751638 -401.074622 -397.809996 -397.219942 -398.702238 -400.790273 -391.519270 -383.352600 -374.093049 -365.923380 -358.040843 -333.267055 -310.342621 -294.845212 -274.343847 -252.347269 -225.610457 -193.892696 -161.866855 -135.795160 -102.335785 -53.853812 31.354402 91.718546 135.758479 184.005811 223.137802
121.926532 79.459479 13.345389 -68.126881 -132.402711 -155.831166 -167.002365 -178.712904 -218.959919 -271.158377 -315.094997 -342.926055 -365.989701 -388.222763 -411.130521 -438.067776 -463.809119 -481.254912 -474.403468 -467.549508 -459.095347 -471.157856 -483.034803 -489.575870 -503.120339 -516.481530 -529.408052 -521.126059 -512.370468 -498.426332 -495.498211 -492.794354 -487.481091 -489.251749 -491.358075 -497.095557 -488.827359 -480.235689 -469.095203 -445.689115 -422.662507 -400.665122 -382.397255 -364.256312 -343.715221 -320.842288 -297.183615 -272.180093 -252.190053 -231.058408 -204.448685 -172.595936 -136.327033 -87.084589 -2.205783 73.404115
-124.688102 -163.300671 -199.332796 -240.643649 -287.482126 -317.717574 -325.982888 -354.871967 -385.193100 -423.299653 -444.456521 -462.263855 -483.481226 -503.281979 -522.677418 -547.865238 -569.953380 -591.549150 -587.179696 -575.307263 -561.978212 -570.006671 -574.800376 -577.979425 -589.372148 -602.521776 -615.626604 -611.941746 -597.838522 -581.862204 -576.000066 -570.283300 -563.280350 -563.451523 -569.556243 -577.867428 -572.765381 -560.613781 -546.086275 -525.423557 -504.312743 -484.120127 -465.969373 -445.792439 -424.492577 -402.812885 -379.266697 -354.825530 -337.213147 -315.038143 -291.034066 -269.685139 -254.133819 -233.212120 -197.857648 -165.625291
-263.154021 -289.218261 -314.650696 -352.540865 -392.471156 -431.727582 -462.527213 -491.586210 -520.158730 -539.151723 -556.737342 -574.125466 -591.638744 -610.817493 -629.691603 -648.699203 -669.600499 -689.596405 -684.271082 -670.708745 -657.572904 -656.109992 -659.017829 -661.955991 -669.917629 -683.135401 -695.570090 -687.785231 -672.492560 -657.333760 -648.074195 -641.741808 -635.548489 -638.411616 -646.546199 -654.189975 -646.923672 -632.374397 -617.994866 -600.793769 -580.420531 -560.092924 -540.104883 -519.248765 -498.403607 -475.447732 -451.826855 -428.051382 -405.177206 -383.259420 -361.555014 -350.573282 -339.224641 -328.838548 -310.416797 -290.455333
-377.701624 -400.649135 -425.340500 -456.626823 -494.001481 -523.923293 -553.365018 -581.901233 -610.354102 -633.267727 -650.545190 -660.342752 -674.553998 -693.452851 -706.813320 -723.310909 -743.299890 -745.567465 -741.260582 -728.132959 -725.021201 -724.226355 -727.162564 -728.236234 -733.340480 -745.878505 -741.108541 -733.143138 -718.011102 -707.014109 -697.918329 -691.681781 -687.530822 -688.495198 -696.236425 -694.254232 -687.119744 -672.735312 -661.247081 -646.209613 -625.896232 -609.148280 -590.474275 -569.640037 -548.231487 -525.664776 -501.889431 -476.372698 -453.279424 -434.202002 -424.670483 -414.291892 -407.402236 -411.420238 -397.098488 -382.415132
