tests/Borden05m/data_simulated/sim_1/output-maps/psiliqL0015N0004.asc
ncols         160
nrows         34
xllcorner     620200.000000
yllcorner     5168000.000000
cellsize      0.500000
NODATA_value  -9999.0
[rows 0 to 24 of 34, columns 0 to 55 of 160]
-9999.0 -9999.0 -9999.0 -9999.0 -9999.0 -9999.0 -9999.0 -9999.0 -9999.0 -9999.0 -9999.0 -9999.0 -9999.0 -9999.0 -9999.0 -9999.0 -9999.0 -9999.0 -9999.0 -9999.0 -9999.0 -9999.0 -9999.0 -9999.0 -9999.0 -9999.0 -9999.0 -9999.0 -9999.0 -9999.0 -9999.0 -9999.0 -9999.0 -9999.0 -9999.0 -9999.0 -9999.0 -9999.0 -9999.0 -9999.0 -9999.0 -9999.0 -9999.0 -9999.0 -9999.0 -9999.0 -9999.0 -9999.0 -9999.0 -9999.0 -9999.0 -9999.0 -9999.0 -9999.0 -9999.0 -9999.0
-9999.0 -9999.0 -9999.0 -9999.0 -9999.0 -9999.0 -9999.0 -9999.0 -9999.0 -9999.0 -9999.0 -9999.0 -9999.0 -9999.0 -9999.0 -9999.0 -9999.0 -9999.0 -9999.0 -9999.0 -9999.0 -9999.0 -9999.0 -9999.0 -9999.0 -9999.0 -9999.0 -9999.0 -9999.0 -9999.0 -9999.0 -9999.0 -9999.0 -9999.0 -9999.0 -9999.0 -9999.0 -9999.0 -9999.0 -9999.0 -9999.0 -9999.0 -9999.0 -9999.0 -9999.0 -9999.0 -9999.0 -9999.0 -9999.0 -9999.0 -9999.0 -9999.0 -9999.0 -9999.0 -9999.0 -9999.0
-9999.0 -9999.0 -9999.0 -9999.0 -9999.0 -9999.0 -9999.0 -9999.0 -9999.0 -9999.0 -9999.0 -9999.0 -9999.0 -9999.0 -9999.0 -9999.0 -9999.0 -9999.0 -9999.0 -9999.0 -9999.0 -9999.0 -9999.0 -9999.0 -9999.0 -9999.0 -9999.0 -9999.0 -9999.0 -9999.0 -9999.0 -9999.0 -9999.0 -9999.0 -9999.0 -9999.0 -9999.0 -9999.0 -9999.0 -9999.0 -9999.0 -9999.0 -9999.0 -9999.0 -9999.0 -9999.0 -9999.0 1092.355666 1075.153411 1059.947467 1057.414711 1079.840729 1103.337306 1127.305609 1148.056597 1166.785734
-9999.0 -9999.0 -9999.0 -9999.0 -9999.0 -9999.0 -9999.0 -9999.0 -9999.0 -9999.0 -9999.0 -9999.0 -9999.0 -9999.0 -9999.0 -9999.0 -9999.0 -9999.0 -9999.0 -9999.0 -9999.0 -9999.0 -9999.0 -9999.0 -9999.0 -9999.0 -9999.0 -9999.0 -9999.0 -9999.0 -9999.0 -9999.0 -9999.0 -9999.0 -9999.0 -9999.0 -9999.0 -9999.0 -9999.0 -9999.0 1140.063970 1146.053402 1147.157465 1136.926217 1125.859599 1113.570706 1093.599073 1075.991766 1061.540093 1059.280107 1062.097938 1066.988868 1089.446019 1114.420305 1134.339610 1151.383035
-9999.0 -9999.0 -9999.0 -9999.0 -9999.0 -9999.0 -9999.0 -9999.0 -9999.0 -9999.0 -9999.0 -9999.0 -9999.0 -9999.0 -9999.0 -9999.0 -9999.0 -9999.0 -9999.0 -9999.0 -9999.0 -9999.0 -9999.0 -9999.0 -9999.0 -9999.0 -9999.0 -9999.0 -9999.0 -9999.0 -9999.0 -9999.0 -9999.0 -9999.0 1047.282755 1064.717069 1082.901495 1101.478863 1118.401413 1125.354474 1131.268845 1137.074603 1133.053152 1128.634389 1117.439839 1098.224649 1078.933695 1065.450320 1063.699761 1061.467169 1065.883722 1078.770782 1095.767837 1112.022974 1133.147312 1157.070961
-9999.0 -9999.0 -9999.0 -9999.0 -9999.0 -9999.0 -9999.0 -9999.0 -9999.0 -9999.0 -9999.0 -9999.0 -9999.0 -9999.0 -9999.0 -9999.0 -9999.0 -9999.0 -9999.0 -9999.0 -9999.0 -9999.0 -9999.0 -9999.0 -9999.0 -9999.0 -9999.0 -9999.0 1051.316975 1045.497543 1040.629860 1039.294534 1038.142270 1037.207751 1044.120817 1056.169417 1074.212712 1096.138637 1109.354766 1116.792790 1123.676600 1124.578425 1119.661903 1117.954968 1118.558599 1106.856396 1095.335805 1084.572671 1074.190125 1072.677736 1082.413560 1096.832337 1113.344486 1128.474153 1144.193402 1154.414361
-9999.0 -9999.0 -9999.0 -9999.0 -9999.0 -9999.0 -9999.0 -9999.0 -9999.0 -9999.0 -9999.0 -9999.0 -9999.0 -9999.0 -9999.0 -9999.0 -9999.0 -9999.0 -9999.0 -9999.0 -9999.0 -9999.0 -9999.0 1021.318396 1027.044766 1033.667810 1041.271377 1042.310520 1038.436599 1033.004511 1030.195507 1028.900984 1027.309208 1031.984074 1040.086205 1053.757922 1069.708121 1091.864524 1100.664436 1106.773478 1119.156141 1122.310265 1128.600117 1132.942947 1131.494506 1128.739451 1116.174366 1106.837110 1111.752885 1117.643968 1124.741615 1133.091366 1146.846927 1162.358150 1179.790576 1200.057817
-9999.0 -9999.0 -9999.0 -9999.0 -9999.0 -9999.0 -9999.0 -9999.0 -9999.0 -9999.0 -9999.0 -9999.0 -9999.0 -9999.0 -9999.0 -9999.0 -9999.0 -9999.0 -9999.0 996.301996 997.296103 998.606622 1003.402292 1004.219710 1006.409794 1013.486764 1021.751573 1024.320009 1022.690311 1021.495810 1023.201823 1026.112879 1030.716725 1042.133858 1056.122879 1070.518195 1084.527690 1105.677738 1120.705667 1134.471743 1150.724418 1150.538985 1146.933712 1145.482534 1146.258815 1146.602271 1150.392939 1153.018937 1159.580954 1164.188865 1170.604720 1180.343704 1192.363251 1210.894659 1230.954195 1250.916271
-9999.0 -9999.0 -9999.0 -9999.0 -9999.0 -9999.0 -9999.0 -9999.0 -9999.0 -9999.0 -9999.0 -9999.0 -9999.0 -9999.0 -9999.0 -9999.0 967.531460 969.443497 971.758990 977.231716 980.292008 984.392922 991.453839 992.837385 996.703693 1003.978970 1008.979503 1017.997665 1026.259103 1033.751930 1039.929168 1042.827292 1050.436506 1060.287297 1072.393190 1087.804642 1109.468933 1132.951024 1149.546710 1166.787595 1184.340315 1185.434885 1184.779718 1186.300688 1187.039160 1193.335400 1210.910990 1216.885661 1217.977592 1234.287845 1248.621834 1254.147162 1262.459628 1282.303127 1306.549290 1329.808716
-9999.0 -9999.0 -9999.0 -9999.0 -9999.0 -9999.0 -9999.0 -9999.0 -9999.0 -9999.0 -9999.0 -9999.0 -9999.0 920.874417 925.092413 934.817336 944.344332 947.031382 951.499978 957.735748 970.065243 973.837334 980.191680 987.881828 999.972614 1008.760118 1018.076951 1030.098580 1038.690219 1046.133805 1053.368743 1059.054248 1072.451690 1087.892432 1103.862344 1124.353083 1146.747629 1167.580640 1188.397933 1204.857712 1219.062781 1221.356221 1221.058711 1224.039633 1232.075307 1249.487013 1268.777596 1277.923082 1296.281575 1319.975566 1334.114499 1346.464035 1356.037117 1370.625501 1392.993643 1428.048094
-9999.0 -9999.0 -9999.0 -9999.0 -9999.0 -9999.0 -9999.0 -9999.0 -9999.0 -9999.0 888.094630 890.448895 887.141377 886.862475 892.140543 904.406674 918.315296 924.972849 936.733557 957.831182 975.821177 979.475663 994.103825 1004.491860 1011.445872 1022.132906 1035.485693 1048.500051 1065.506353 1078.276187 1090.062965 1109.776048 1126.650436 1143.658165 1161.922748 1182.762628 1202.957543 1231.806544 1259.500026 1273.046276 1295.983525 1307.506976 1305.693735 1306.705508 1316.632562 1333.343836 1355.327779 1379.585380 1402.584209 1429.205510 1447.675540 1463.536651 1475.875526 1489.926061 1507.529298 1544.953429
-9999.0 -9999.0 -9999.0 -9999.0 -9999.0 -9999.0 -9999.0 -9999.0 863.422548 870.879005 877.078488 874.216634 869.884631 866.023685 879.964790 895.953260 912.176784 930.010075 946.178848 964.563960 979.979239 996.349374 1016.407508 1028.306340 1040.179039 1055.779001 1069.755428 1087.143478 1108.821513 1121.813796 1138.820204 1160.716888 1179.848327 1198.552539 1218.068213 1237.046193 1264.107712 1298.532902 1331.566847 1355.362601 1384.721751 1409.015083 1409.675376 1413.430377 1419.066056 1445.978677 1476.755212 1509.170319 1536.183454 1565.298026 1596.563876 1616.548442 1629.193245 1643.866231 1661.159988 1682.251037
-9999.0 -9999.0 -9999.0 -9999.0 -9999.0 -9999.0 836.181348 860.500951 875.630355 867.824067 857.860176 854.301282 850.333316 874.277557 896.462043 913.956484 931.119178 949.016800 965.828752 978.891082 1012.686932 1030.859668 1045.440088 1063.619749 1078.584035 1093.594928 1111.443962 1135.215258 1157.424097 1187.408118 1213.578840 1238.090233 1265.195456 1285.878210 1305.761914 1325.055453 1357.513822 1396.281511 1434.692029 1465.472030 1494.886831 1527.949256 1536.932411 1544.359746 1552.873014 1575.624642 1609.193033 1641.683959 1677.599174 1711.650755 1740.285263 1753.937684 1766.113907 1779.259538 1794.496418 1808.318982
-9999.0 -9999.0 -9999.0 -9999.0 802.781885 823.741121 843.787004 874.539776 897.206419 892.390890 899.171467 899.456827 897.780374 901.957876 909.343566 927.730184 946.692798 965.932186 983.943929 1018.841386 1063.387821 1079.156238 1103.620412 1135.956569 1150.078423 1165.880161 1182.717354 1206.318876 1233.446281 1267.506614 1311.749027 1349.741102 1376.691989 1400.883660 1423.506857 1446.861789 1482.776459 1522.643148 1562.088279 1599.041091 1631.780635 1660.474848 1675.347024 1685.186457 1698.658555 1716.651516 1739.752384 1768.886228 1801.976168 1835.475494 1861.684570 1876.302234 1885.314843 1897.134685 1908.579175 1921.460098
-9999.0 -9999.0 -9999.0 753.180221 791.919710 829.872939 856.929320 887.942275 920.247530 924.958150 934.211625 939.298708 944.302003 953.157897 961.947189 979.449417 996.109768 1012.566915 1035.000306 1071.990978 1107.211827 1137.053214 1169.499727 1196.455774 1217.520760 1234.006188 1253.300131 1277.980053 1318.562020 1356.903341 1408.299032 1462.933928 1501.327705 1527.358362 1551.446261 1580.645099 1607.909570 1646.932767 1684.798381 1720.929813 1755.523564 1782.842230 1803.646638 1813.006712 1824.034159 1833.815151 1851.106348 1873.769782 1896.742392 1926.469721 1955.509514 1981.062012 1995.849221 2006.643198 2023.313179 2039.987918
-9999.0 -9999.0 705.952054 743.856291 777.891658 828.042766 881.080333 915.637010 956.662608 980.613740 987.675517 1005.002075 1021.417137 1029.044245 1044.925971 1062.443037 1080.718343 1088.013700 1105.432759 1135.853985 1185.660478 1231.413234 1252.556430 1303.867039 1337.880088 1366.537940 1385.337318 1413.087533 1449.915109 1492.776054 1542.904662 1594.846133 1635.401241 1668.617530 1687.226382 1708.673384 1733.323653 1759.894376 1796.519114 1827.792340 1861.653988 1889.729355 1913.054055 1921.057667 1927.125554 1943.785331 1969.023921 1995.781473 2020.992764 2045.270170 2048.725590 2061.545526 2067.995708 2072.154115 2077.748533 2081.844299
-9999.0 -9999.0 679.098314 724.086239 764.211957 830.421572 910.443275 947.682493 990.774528 1037.019881 1056.136392 1081.274142 1093.627071 1103.628156 1127.773126 1150.693698 1163.892846 1171.286617 1171.465969 1227.430539 1286.337843 1337.195873 1384.293208 1452.755963 1499.611564 1517.864729 1531.857105 1553.846726 1579.938665 1624.689581 1673.672446 1728.296814 1773.755721 1806.560185 1824.485891 1844.440705 1866.220084 1885.600289 1906.614143 1947.952821 1977.464993 2004.978970 2033.241634 2054.533798 2063.812635 2068.303495 2058.228781 2069.201979 2077.017313 2081.089932 2083.183491 2080.805160 2081.024565 2082.490151 2084.155369 2079.770421
-9999.0 590.056796 642.232782 695.348435 764.121866 831.252096 914.254468 994.180297 1051.721551 1099.723477 1129.744535 1142.850116 1179.927043 1223.435708 1250.737248 1278.375289 1282.636536 1288.850872 1279.757959 1329.105290 1379.720593 1454.897434 1565.404886 1623.820060 1670.807986 1674.626956 1671.338590 1685.121726 1710.144858 1755.206624 1823.862869 1872.798952 1927.519308 1969.218067 1985.838526 1994.143735 2013.030669 2034.255196 2021.979979 2046.946509 2059.627728 2070.369515 2074.866269 2078.142008 2080.662112 2082.232713 2080.390260 2075.299785 2068.691944 2064.115253 2060.871554 2056.978585 2059.844956 2063.441681 2064.457601 2057.921494
-9999.0 554.474852 613.872806 685.270337 756.215164 823.517402 926.391137 1070.134917 1124.515778 1162.880724 1186.994566 1210.518200 1290.162307 1358.647445 1395.170285 1441.510044 1437.719958 1428.721645 1416.123759 1449.877967 1500.501686 1575.985246 1720.049546 1805.956346 1836.980894 1850.261542 1859.168432 1887.249958 1925.404853 1963.262669 1997.872656 1998.179077 2026.740465 2042.049443 2047.896446 2051.428666 2057.095063 2059.408162 2059.859172 2058.649931 2056.396070 2058.759393 2064.659407 2066.153428 2064.924753 2063.246951 2058.924672 2052.421469 2047.699395 2043.619181 2041.205707 2038.372809 2036.778215 2036.673784 2032.206458 2026.443610
-9999.0 524.466664 595.791067 659.192951 723.704363 837.541571 963.650633 1099.392102 1192.855619 1232.055430 1256.921811 1328.724353 1433.199378 1533.191309 1588.479574 1616.806326 1620.300774 1600.850908 1605.216886 1650.949838 1717.033563 1810.443175 1904.529959 1983.147438 1999.106852 2005.585950 1986.999490 2003.208340 2018.340343 2023.312048 2027.191448 2033.077261 2040.506985 2045.504995 2046.511068 2045.975377 2043.617530 2038.034177 2035.356687 2034.192453 2032.693521 2033.921882 2037.947116 2040.423830 2039.050334 2036.261494 2032.596632 2027.507046 2021.673095 2015.154892 2011.064557 2006.752457 2004.156860 1998.731308 1993.771033 1986.951630
-9999.0 424.291317 512.835770 567.484526 681.171208 855.694048 982.449017 1132.313865 1279.365543 1320.114510 1397.972686 1522.719434 1633.372201 1712.282743 1756.828017 1801.409616 1832.666364 1857.909432 1894.326639 1852.366048 1910.714112 1970.463171 1998.201287 2013.111306 2018.290089 2022.573491 2017.723426 2001.573890 1994.078183 1989.963328 1993.767210 2002.711883 2009.562102 2016.318049 2015.664465 2017.686058 2019.270191 2017.383780 2015.262566 2008.742920 2002.757869 1998.392259 1997.699035 2003.851159 1999.898400 1997.549594 1992.152131 1984.430384 1975.713143 1967.763002 1959.496357 1952.030351 1948.320658 1941.697570 1938.821963 1928.888505
-9999.0 343.403884 420.162331 508.799414 646.343441 810.646715 939.673694 1106.927187 1316.383093 1435.244287 1564.321959 1642.655911 1721.825859 1787.563956 1853.506556 1903.115323 1930.707146 1943.651010 1935.659499 1949.600870 1920.820335 1917.116743 1937.238373 1966.029735 1981.874779 1988.407149 1982.707173 1974.746426 1969.759237 1970.320420 1970.074197 1969.069274 1967.661388 1965.908299 1963.453696 1966.208169 1971.618790 1966.495011 1958.974529 1951.960377 1945.712302 1938.491363 1933.926859 1931.200196 1930.788353 1931.016230 1923.810592 1913.417023 1902.386266 1893.294395 1884.441737 1877.496343 1873.317632 1866.590917 1856.561769 1841.939015
-9999.0 244.378130 365.928168 459.656458 581.023687 717.961832 844.225245 1008.185877 1157.482372 1379.544610 1540.393402 1655.285704 1703.507171 1767.893271 1830.822187 1900.743842 1908.396172 1883.504697 1854.852716 1843.995028 1853.108519 1865.507091 1880.494137 1901.314759 1920.285217 1931.527335 1935.489895 1929.717479 1917.358481 1908.423840 1901.400577 1890.973487 1883.286496 1881.697115 1882.649515 1890.117150 1892.508178 1883.997210 1871.745238 1856.401811 1843.140343 1833.277680 1831.096293 1833.013711 1833.428717 1829.976446 1823.175084 1812.219460 1798.782562 1785.570084 1776.509514 1769.202250 1760.240618 1748.077146 1734.626582 1719.480978
-9999.0 -9999.0 290.402728 401.553801 509.695327 632.636274 747.885433 891.288452 1042.310727 1224.916609 1345.451674 1481.651397 1559.989750 1610.481023 1663.192073 1720.862530 1743.387033 1766.689659 1754.804191 1763.170744 1773.088425 1781.572299 1792.772873 1805.265641 1819.391234 1830.375530 1839.200978 1837.900878 1829.364493 1811.981308 1790.696827 1773.784870 1763.674894 1755.688837 1764.551660 1775.614568 1772.421987 1765.873843 1754.177333 1738.855271 1726.350956 1713.097748 1709.690878 1710.151630 1710.311610 1707.329217 1702.599318 1689.092338 1675.019946 1661.597641 1654.135605 1645.903599 1638.505676 1625.689640 1612.033958 1597.169270
-9999.0 -9999.0 205.976830 314.829400 429.406771 553.032253 653.452784 727.713216 880.323049 997.328257 1103.549132 1204.843418 1290.686536 1357.037970 1402.951726 1466.238298 1510.545497 1529.472324 1553.440334 1587.252869 1615.973956 1646.319964 1666.397692 1680.017796 1694.723601 1708.765916 1717.895463 1706.483287 1695.672583 1678.741694 1656.533942 1631.949429 1618.473100 1613.984206 1615.209565 1619.561178 1613.512702 1603.954376 1589.717658 1574.422957 1561.715553 1550.804798 1546.868632 1543.334920 1541.802321 1538.655573 1535.103562 1526.111884 1514.036492 1505.174183 1495.221209 1487.718559 1483.151751 1475.171564 1464.756016 1457.261908
