tests/Borden05m/data_simulated/sim_1/output-maps/psiliqL0026N0011.asc
ncols         160
nrows         34
xllcorner     620200.000000
yllcorner     5168000.000000
cellsize      0.500000
NODATA_value  -9999.0
[rows 0 to 24 of 34, columns 0 to 54 of 160]
-9999.0 -9999.0 -9999.0 -9999.0 -9999.0 -9999.0 -9999.0 -9999.0 -9999.0 -9999.0 -9999.0 -9999.0 -9999.0 -9999.0 -9999.0 -9999.0 -9999.0 -9999.0 -9999.0 -9999.0 -9999.0 -9999.0 -9999.0 -9999.0 -9999.0 -9999.0 -9999.0 -9999.0 -9999.0 -9999.0 -9999.0 -9999.0 -9999.0 -9999.0 -9999.0 -9999.0 -9999.0 -9999.0 -9999.0 -9999.0 -9999.0 -9999.0 -9999.0 -9999.0 -9999.0 -9999.0 -9999.0 -9999.0 -9999.0 -9999.0 -9999.0 -9999.0 -9999.0 -9999.0 -9999.0
-9999.0 -9999.0 -9999.0 -9999.0 -9999.0 -9999.0 -9999.0 -9999.0 -9999.0 -9999.0 -9999.0 -9999.0 -9999.0 -9999.0 -9999.0 -9999.0 -9999.0 -9999.0 -9999.0 -9999.0 -9999.0 -9999.0 -9999.0 -9999.0 -9999.0 -9999.0 -9999.0 -9999.0 -9999.0 -9999.0 -9999.0 -9999.0 -9999.0 -9999.0 -9999.0 -9999.0 -9999.0 -9999.0 -9999.0 -9999.0 -9999.0 -9999.0 -9999.0 -9999.0 -9999.0 -9999.0 -9999.0 -9999.0 -9999.0 -9999.0 -9999.0 -9999.0 -9999.0 -9999.0 -9999.0
-9999.0 -9999.0 -9999.0 -9999.0 -9999.0 -9999.0 -9999.0 -9999.0 -9999.0 -9999.0 -9999.0 -9999.0 -9999.0 -9999.0 -9999.0 -9999.0 -9999.0 -9999.0 -9999.0 -9999.0 -9999.0 -9999.0 -9999.0 -9999.0 -9999.0 -9999.0 -9999.0 -9999.0 -9999.0 -9999.0 -9999.0 -9999.0 -9999.0 -9999.0 -9999.0 -9999.0 -9999.0 -9999.0 -9999.0 -9999.0 -9999.0 -9999.0 -9999.0 -9999.0 -9999.0 -9999.0 -9999.0 3273.175188 3255.962116 3242.507820 3237.588880 3258.383520 3281.222066 3304.809132 3325.108487
-9999.0 -9999.0 -9999.0 -9999.0 -9999.0 -9999.0 -9999.0 -9999.0 -9999.0 -9999.0 -9999.0 -9999.0 -9999.0 -9999.0 -9999.0 -9999.0 -9999.0 -9999.0 -9999.0 -9999.0 -9999.0 -9999.0 -9999.0 -9999.0 -9999.0 -9999.0 -9999.0 -9999.0 -9999.0 -9999.0 -9999.0 -9999.0 -9999.0 -9999.0 -9999.0 -9999.0 -9999.0 -9999.0 -9999.0 -9999.0 3324.222068 3330.046088 3329.625261 3319.631201 3308.132484 3294.227626 3273.472780 3256.272793 3243.150042 3241.097885 3243.321484 3245.662760 3265.984568 3291.152421 3310.818380
-9999.0 -9999.0 -9999.0 -9999.0 -9999.0 -9999.0 -9999.0 -9999.0 -9999.0 -9999.0 -9999.0 -9999.0 -9999.0 -9999.0 -9999.0 -9999.0 -9999.0 -9999.0 -9999.0 -9999.0 -9999.0 -9999.0 -9999.0 -9999.0 -9999.0 -9999.0 -9999.0 -9999.0 -9999.0 -9999.0 -9999.0 -9999.0 -9999.0 -9999.0 3232.395494 3249.161070 3266.878724 3285.235980 3302.021851 3308.935120 3314.664765 3319.842282 3314.983274 3310.347637 3298.394578 3277.055368 3257.553844 3244.641746 3243.523359 3240.867303 3244.100642 3255.254918 3271.525741 3286.135443 3306.300445
-9999.0 -9999.0 -9999.0 -9999.0 -9999.0 -9999.0 -9999.0 -9999.0 -9999.0 -9999.0 -9999.0 -9999.0 -9999.0 -9999.0 -9999.0 -9999.0 -9999.0 -9999.0 -9999.0 -9999.0 -9999.0 -9999.0 -9999.0 -9999.0 -9999.0 -9999.0 -9999.0 -9999.0 3238.875906 3232.794277 3227.787779 3225.971550 3224.265660 3223.088563 3229.550790 3240.390123 3257.115509 3278.943253 3291.982831 3299.005165 3305.671862 3305.738609 3299.509450 3297.484699 3297.645602 3284.607356 3271.955617 3260.088932 3248.455485 3244.882851 3253.343116 3267.174078 3282.958389 3297.077677 3311.872533
-9999.0 -9999.0 -9999.0 -9999.0 -9999.0 -9999.0 -9999.0 -9999.0 -9999.0 -9999.0 -9999.0 -9999.0 -9999.0 -9999.0 -9999.0 -9999.0 -9999.0 -9999.0 -9999.0 -9999.0 -9999.0 -9999.0 -9999.0 3209.531847 3214.268515 3220.579367 3228.020799 3228.753911 3225.289619 3219.689969 3216.751799 3215.025342 3212.395037 3216.591577 3223.188685 3235.712424 3250.522840 3272.406642 3280.210181 3283.990423 3294.877346 3298.182454 3305.628774 3309.051412 3306.667482 3302.049632 3286.562508 3274.396780 3275.920647 3279.307014 3285.586796 3293.354201 3306.252868 3319.316457 3333.918334
-9999.0 -9999.0 -9999.0 -9999.0 -9999.0 -9999.0 -9999.0 -9999.0 -9999.0 -9999.0 -9999.0 -9999.0 -9999.0 -9999.0 -9999.0 -9999.0 -9999.0 -9999.0 -9999.0 3185.369536 3186.312344 3187.661041 3192.336673 3192.516725 3194.034351 3200.499691 3208.174418 3210.754812 3208.176470 3206.834275 3207.718854 3209.814287 3213.819588 3223.660816 3236.394351 3249.621300 3261.666728 3281.572205 3295.186077 3306.679237 3321.142216 3320.935378 3316.673606 3314.333930 3313.536276 3311.152672 3308.695858 3306.924430 3312.338545 3312.170822 3314.835683 3323.181483 3334.379399 3350.010913 3366.632645
-9999.0 -9999.0 -9999.0 -9999.0 -9999.0 -9999.0 -9999.0 -9999.0 -9999.0 -9999.0 -9999.0 -9999.0 -9999.0 -9999.0 -9999.0 -9999.0 3156.812060 3158.446007 3160.650356 3165.993507 3169.514877 3173.203247 3179.878629 3180.739916 3183.683309 3190.241167 3194.108495 3202.806501 3210.542165 3216.878682 3221.899451 3223.415410 3228.916254 3237.046365 3247.330823 3260.011210 3278.870173 3301.278423 3315.824366 3331.397391 3347.553363 3347.110441 3344.408208 3343.682044 3341.225613 3341.564153 3354.880146 3357.057763 3350.791478 3359.423003 3370.176929 3372.021000 3377.919121 3396.696490 3417.908224
-9999.0 -9999.0 -9999.0 -9999.0 -9999.0 -9999.0 -9999.0 -9999.0 -9999.0 -9999.0 -9999.0 -9999.0 -9999.0 3107.623702 3111.404583 3121.409592 3132.725538 3135.527219 3140.203876 3146.599016 3158.326465 3161.497113 3166.932735 3173.464160 3185.059544 3192.869701 3200.739614 3211.470165 3218.395050 3224.189829 3229.356486 3230.976547 3241.133625 3253.769513 3266.742876 3284.457175 3304.997213 3322.075850 3338.913929 3354.023568 3364.465115 3360.709280 3358.819759 3359.865215 3363.450030 3375.213316 3390.597724 3389.974515 3398.556477 3417.966450 3427.173645 3433.521317 3438.701628 3451.646347 3472.286846
-9999.0 -9999.0 -9999.0 -9999.0 -9999.0 -9999.0 -9999.0 -9999.0 -9999.0 -9999.0 3081.303931 3082.548740 3078.497627 3075.397060 3080.852535 3092.830090 3107.007387 3112.079577 3123.612372 3144.457487 3162.567472 3164.904855 3177.448004 3186.377241 3192.010340 3200.570708 3212.034494 3222.607188 3236.425230 3246.463353 3253.613418 3268.274085 3282.328014 3296.742601 3312.236259 3330.960489 3345.536710 3367.751089 3391.118098 3398.471922 3414.166021 3415.961205 3410.831709 3407.984049 3416.127056 3426.167623 3439.844123 3454.442964 3471.818275 3492.675764 3502.097626 3514.085318 3522.307882 3531.887687 3546.454227
-9999.0 -9999.0 -9999.0 -9999.0 -9999.0 -9999.0 -9999.0 -9999.0 3057.025944 3064.896725 3069.889191 3066.163742 3061.168711 3054.737107 3068.857076 3083.656984 3098.807934 3116.437122 3131.208384 3148.623780 3161.541116 3175.173883 3193.675860 3203.056199 3212.180918 3225.626742 3237.006813 3250.156659 3268.882797 3275.124146 3284.611142 3302.308299 3316.319883 3331.467753 3347.916901 3362.759628 3381.531449 3410.239642 3437.749100 3452.788607 3477.534785 3493.688710 3487.259043 3484.783678 3485.293423 3507.311521 3532.464322 3560.432392 3578.491083 3601.048822 3628.405312 3646.639673 3655.464755 3666.163873 3679.599931
-9999.0 -9999.0 -9999.0 -9999.0 -9999.0 -9999.0 3028.946383 3053.031498 3067.791669 3058.670842 3043.932208 3038.143654 3031.293713 3061.409449 3083.014902 3099.499727 3115.258160 3131.773412 3146.901453 3154.187689 3182.138812 3200.148597 3210.588942 3222.460625 3235.369011 3248.214551 3262.845642 3282.561823 3298.568490 3319.093804 3333.891201 3348.982744 3371.040423 3386.910729 3402.418613 3414.818842 3441.131070 3474.554362 3507.941863 3531.419266 3554.957777 3585.428619 3584.822937 3586.228693 3587.546945 3610.441363 3643.354212 3672.402908 3703.601032 3733.582887 3761.243593 3771.424784 3780.120581 3789.754526 3801.992356
-9999.0 -9999.0 -9999.0 -9999.0 2997.198600 3017.708370 3035.878557 3065.386624 3086.733804 3081.077852 3084.726245 3081.949380 3076.694340 3080.789369 3087.947854 3104.098432 3122.050183 3140.331076 3153.387199 3178.851269 3224.109457 3233.819454 3249.640061 3277.591326 3287.156330 3299.660869 3313.719163 3332.781932 3350.141260 3376.071875 3409.228533 3437.278124 3457.513827 3475.673117 3493.666365 3509.704486 3543.523238 3579.384922 3614.059637 3644.801566 3671.082815 3696.363421 3702.841029 3707.490109 3717.154667 3733.692736 3755.791752 3782.837160 3815.798935 3847.448333 3870.469608 3879.545844 3884.690494 3894.044509 3901.542550
-9999.0 -9999.0 -9999.0 2944.625513 2982.218778 3021.336869 3046.392057 3075.914973 3107.457263 3106.613029 3114.376358 3113.380370 3111.452342 3115.846776 3118.043608 3133.265939 3149.981880 3168.277369 3187.732343 3219.908856 3247.834452 3264.631462 3291.068056 3306.183569 3318.130525 3329.745181 3346.867113 3365.750278 3400.774345 3429.652100 3474.554777 3524.029076 3555.381891 3574.209428 3595.736280 3622.382423 3646.757700 3684.548279 3717.929589 3749.454087 3779.222047 3801.074662 3815.245983 3819.772411 3829.057901 3834.757327 3847.298656 3867.966893 3889.919365 3920.100487 3948.952271 3977.195088 3992.127525 4002.921404 4019.745593
-9999.0 -9999.0 2896.315614 2935.688335 2966.764679 3011.694937 3064.027284 3098.340486 3136.874269 3154.919380 3157.188398 3166.868987 3176.069483 3176.074798 3183.843948 3195.388136 3215.969862 3223.573105 3242.482473 3257.514177 3293.878227 3326.933808 3322.863098 3360.381181 3389.391504 3420.555167 3440.601379 3466.202589 3502.776846 3536.134516 3579.772342 3628.721821 3662.517574 3689.947148 3705.310995 3724.912567 3744.872295 3770.483501 3806.426549 3831.903387 3864.875680 3889.949796 3909.369604 3910.367161 3913.041738 3928.894573 3956.605044 3986.764972 4015.066900 4043.391246 4029.232061 4051.667689 4061.689942 4067.281604 4076.073677
-9999.0 -9999.0 2866.016725 2912.400052 2946.691440 3002.864640 3088.478235 3121.928202 3161.000202 3205.174258 3217.935579 3238.214411 3231.482080 3219.953325 3236.608861 3249.998754 3269.023182 3275.487135 3268.842050 3319.898365 3371.353388 3395.799921 3403.086636 3478.130597 3529.010868 3552.080861 3567.866121 3587.494572 3606.906654 3644.832551 3683.809041 3737.366076 3778.152660 3807.533253 3821.747577 3841.203542 3860.356793 3875.251063 3894.403745 3940.202478 3974.788299 4004.924839 4036.186557 4057.232831 4065.260033 4070.077022 4045.450190 4064.196234 4076.909013 4082.391956 4084.563606 4080.792596 4080.216640 4081.030005 4081.956051
-9999.0 2779.378260 2825.209405 2875.331721 2939.364548 2998.746346 3072.828153 3146.889837 3211.585884 3262.406470 3286.618427 3279.223040 3279.241687 3303.793021 3322.223094 3337.967896 3342.409509 3351.494532 3332.193831 3384.146016 3420.408674 3469.706085 3568.297045 3625.600204 3687.028989 3682.964807 3671.373795 3676.355108 3692.322966 3737.982777 3815.535540 3870.626177 3935.064522 3983.006815 3999.669946 4006.877435 4025.249630 4045.726081 3996.159708 4038.011936 4057.269392 4073.338234 4082.242705 4084.457500 4085.694478 4085.464133 4081.787711 4074.788243 4066.625023 4060.789241 4056.562742 4052.059866 4054.495987 4057.822457 4058.030343
-9999.0 2740.974825 2791.769717 2859.552882 2926.620485 2973.295460 3053.537732 3217.943597 3279.070005 3315.798825 3320.621595 3296.529593 3353.629770 3412.359263 3436.054649 3480.208056 3464.389635 3448.920857 3412.196643 3436.931102 3475.160601 3545.204255 3713.771452 3801.413409 3851.846210 3859.732183 3860.631562 3888.540050 3931.988953 3978.503214 4023.359566 3993.351783 4041.507106 4065.202342 4070.153874 4070.846981 4076.163505 4074.734859 4073.248689 4068.817521 4063.668573 4063.831390 4068.422771 4068.264613 4065.306385 4061.931639 4056.234229 4048.811906 4043.607188 4038.978624 4036.319563 4033.479051 4031.526698 4030.806198 4025.966534
-9999.0 2700.516143 2775.429081 2826.561614 2871.995692 2962.215140 3089.581171 3232.171721 3327.270049 3360.174627 3337.487671 3372.147236 3473.675310 3578.491048 3629.913025 3650.460125 3631.376423 3583.460689 3563.681327 3606.636751 3676.233842 3794.290345 3930.851626 4028.936140 4043.985894 4047.288111 4000.459602 4025.656458 4049.010747 4051.782131 4052.878723 4060.656598 4065.720067 4068.654930 4067.088032 4064.195205 4059.380199 4051.189230 4046.383559 4042.702634 4038.931178 4037.771737 4039.770876 4041.588916 4038.769987 4034.873580 4030.396133 4024.817884 4018.510622 4011.749065 4007.434479 4003.181107 4001.047069 3995.514853 3991.991169
-9999.0 2576.644072 2673.311381 2713.815123 2787.622579 2967.303835 3093.568076 3232.408581 3396.057690 3415.660178 3460.354433 3598.184958 3716.167450 3795.632281 3824.210362 3857.320723 3881.597260 3897.419145 3933.764591 3816.290003 3895.691059 3991.769514 4035.704816 4054.756755 4064.371249 4064.735495 4054.886896 4034.103389 4023.367705 4016.611473 4018.220731 4025.498501 4030.177482 4034.966587 4032.663254 4033.716292 4034.799466 4031.571973 4027.552281 4018.831371 4010.979784 4004.285092 4001.030246 4005.726798 4001.070941 3998.700308 3992.506968 3984.068723 3975.121466 3967.744941 3959.781929 3953.217317 3950.982704 3945.971702 3944.780038
-9999.0 2495.757461 2568.239243 2627.288348 2737.330477 2891.706063 2983.565636 3139.983368 3379.240906 3514.187679 3676.503952 3766.440474 3836.334438 3878.275020 3928.443860 3979.925083 4006.550891 4018.049608 3987.580528 4009.395756 3966.757428 3955.722496 3973.165501 4002.185379 4019.205305 4023.257134 4015.381895 4006.189195 3998.924729 3997.800873 3995.632878 3991.579122 3987.465983 3983.880134 3980.739948 3983.698534 3989.002010 3981.889926 3971.628335 3962.181780 3953.666641 3944.446551 3938.495412 3933.846964 3934.210505 3934.475747 3926.844997 3916.353635 3905.500595 3897.214749 3890.019039 3885.516583 3882.848779 3877.885249 3868.263354
-9999.0 2374.983580 2508.144958 2583.902813 2677.349729 2796.384711 2898.219355 3046.027758 3173.937996 3417.221069 3557.628860 3748.392080 3797.657817 3866.971359 3914.311699 3987.129446 3982.590094 3951.174959 3908.126245 3891.930103 3902.914252 3911.855972 3920.134558 3934.657364 3952.272582 3962.358003 3967.297337 3961.234718 3947.026980 3934.602772 3923.547130 3909.914636 3900.539235 3898.064311 3902.056808 3912.020189 3912.556046 3903.250828 3889.142250 3870.932557 3855.341611 3843.549110 3841.535711 3844.296956 3845.386104 3841.330413 3835.521603 3824.772570 3812.187408 3799.789212 3794.101236 3789.768974 3782.378974 3771.187236 3759.348673
-9999.0 -9999.0 2421.962533 2530.134535 2622.792341 2732.999416 2810.038537 2925.586194 3060.940087 3230.331681 3345.790467 3524.797245 3619.254357 3663.077584 3697.040785 3752.600339 3777.681455 3808.698649 3802.816275 3814.381474 3824.139975 3829.403286 3834.677641 3840.455627 3850.948290 3860.733171 3870.906233 3868.100899 3859.269598 3838.798939 3813.184789 3793.261514 3782.787930 3773.565019 3785.636674 3798.161296 3792.682594 3785.777451 3773.149130 3756.950072 3744.384760 3730.158226 3726.710095 3726.646590 3727.256303 3724.966025 3722.454308 3710.049872 3697.818365 3687.948061 3683.952954 3678.376183 3674.827364 3665.069697 3654.531521
-9999.0 -9999.0 2333.328008 2436.990047 2538.318988 2655.097028 2738.421632 2750.883203 2872.118105 2970.423588 3076.381798 3186.269002 3282.153768 3350.181649 3382.728489 3444.606257 3500.368769 3518.565501 3558.365602 3611.852902 3645.866994 3684.962183 3707.805614 3717.222200 3729.680922 3744.059847 3751.501434 3736.306248 3725.034156 3707.965562 3684.591036 3657.987126 3644.507329 3644.014253 3643.105256 3644.692772 3637.114878 3628.182025 3613.754999 3599.838610 3587.666479 3578.757685 3575.196199 3569.678357 3567.425890 3564.737467 3563.068780 3557.861797 3549.643398 3545.102137 3536.988565 3533.320750 3532.581769 3529.583172 3523.928308
