tests/Borden05m/data_simulated/sim_1/output-maps/psiliqL0028N0019.asc
ncols         160
nrows         34
xllcorner     620200.000000
yllcorner     5168000.000000
cellsize      0.500000
NODATA_value  -9999.0
[rows 0 to 24 of 34, columns 55 to 109 of 160]
-9999.0 -9999.0 -9999.0 -9999.0 -9999.0 -9999.0 -9999.0 -9999.0 -9999.0 -9999.0 -9999.0 -9999.0 -9999.0 -9999.0 -9999.0 -9999.0 -9999.0 -9999.0 -9999.0 -9999.0 -9999.0 -9999.0 -9999.0 -9999.0 -9999.0 -9999.0 -9999.0 -9999.0 -9999.0 -9999.0 -9999.0 -9999.0 -9999.0 -9999.0 -9999.0 -9999.0 -9999.0 -9999.0 -9999.0 -9999.0 -9999.0 -9999.0 -9999.0 -9999.0 -9999.0 -9999.0 -9999.0 -9999.0 -9999.0 -9999.0 -9999.0 -9999.0 -9999.0 -9999.0 -9999.0
-9999.0 -9999.0 -9999.0 -9999.0 3797.616649 3792.342971 3787.643523 3783.186658 3774.728425 3765.399003 3757.617585 3753.394153 3752.179948 3751.315518 3750.622479 3755.391320 3763.410624 3770.971343 3777.754274 3780.119154 3782.404184 3784.152471 3784.300994 3783.132308 3779.849790 3776.452702 3773.025044 3771.261528 3763.996850 3752.893124 3744.649333 3741.960803 3746.088000 3750.398860 3752.844249 3757.904365 3768.217347 3778.768807 3787.341153 3799.997789 3807.187204 3812.555577 3815.072334 3811.091767 3807.856534 3803.852450 3797.544688 3786.435593 -9999.0 -9999.0 -9999.0 -9999.0 -9999.0 -9999.0 -9999.0
3742.561952 3760.888121 3781.985389 3785.056824 3773.252439 3768.129829 3764.994673 3763.368379 3759.200245 3750.713934 3745.594363 3740.069847 3737.261634 3737.211449 3737.008610 3740.539299 3751.326734 3759.024427 3763.484171 3766.074857 3768.894594 3767.060207 3766.179569 3765.908441 3762.948021 3759.398392 3755.966029 3754.058500 3755.643606 3748.024273 3741.927851 3737.938157 3734.765126 3737.528766 3740.257825 3745.018570 3754.119241 3761.968013 3769.899325 3785.201379 3798.497442 3804.260666 3801.711950 3797.191263 3793.377576 3785.856128 3774.996350 3765.067567 3757.242222 3751.308040 3746.003435 3739.501582 3746.020977 3754.128834 3763.396873
3725.737593 3744.876214 3765.330411 3767.811372 3757.586709 3749.915167 3742.755669 3743.285860 3746.890955 3743.663998 3738.771730 3730.490827 3740.691581 3741.577235 3742.128752 3745.211313 3746.809081 3752.156713 3754.436993 3759.683432 3768.574118 3771.319115 3771.661034 3771.613884 3769.530542 3766.180842 3764.121898 3761.251951 3755.903819 3753.950886 3753.463024 3751.986790 3755.914489 3757.427671 3760.516323 3755.208092 3759.763655 3766.021083 3773.007770 3778.367211 3784.426428 3786.731917 3783.447576 3784.285359 3775.978975 3762.389586 3752.775876 3745.525081 3746.150510 3743.295820 3735.418720 3721.599794 3730.162034 3746.431314 3751.309549
3730.163253 3738.989242 3749.301225 3751.670733 3746.582012 3748.881032 3750.638077 3751.734625 3749.766939 3746.076119 3741.251229 3751.265448 3759.308944 3760.540852 3762.797929 3766.697552 3767.684450 3756.900750 3754.843705 3761.865094 3771.322206 3776.284087 3776.371812 3775.872997 3771.851295 3770.586601 3770.331467 3768.527331 3767.748668 3769.112028 3766.254943 3768.898044 3774.315639 3777.680521 3772.866629 3764.569902 3767.040177 3775.607927 3784.886774 3792.519007 3802.609928 3813.301764 3813.799348 3809.477027 3801.076168 3788.836579 3766.580549 3749.434562 3738.505110 3730.433349 3723.219122 3726.741114 3721.852468 3736.153205 3738.043572
3714.214121 3735.442232 3755.246953 3760.723508 3754.653769 3751.074680 3750.017007 3750.563675 3749.344248 3749.325932 3757.376483 3768.776226 3779.387384 3781.178587 3782.793041 3781.294711 3773.950746 3763.562103 3760.997264 3773.936221 3790.666060 3798.385800 3797.642434 3792.670914 3795.111237 3795.431054 3796.258266 3793.118464 3793.597787 3790.536666 3795.219014 3802.894166 3810.990717 3809.695930 3797.239807 3784.756400 3784.922698 3790.814912 3798.352232 3806.148699 3816.282066 3825.300778 3820.546555 3815.722036 3808.788039 3783.668296 3761.773905 3747.919611 3748.321900 3749.235266 3744.944011 3743.175969 3742.729193 3739.172394 3739.586996
3749.330113 3768.188976 3788.401468 3800.863212 3794.595244 3787.192855 3779.000716 3779.089942 3779.021171 3784.446819 3794.342936 3806.283235 3827.577395 3826.461858 3826.427801 3824.421096 3811.205935 3797.813393 3788.006723 3810.727226 3821.868302 3828.752468 3825.451918 3829.773327 3838.190494 3834.759281 3828.733278 3816.375549 3821.859389 3827.483283 3842.642736 3850.769558 3856.283420 3851.174051 3836.829662 3829.896284 3831.900300 3839.048668 3840.812094 3850.121013 3858.640084 3873.529560 3872.056209 3869.627516 3850.130536 3813.074561 3784.532688 3773.149066 3785.444949 3779.980997 3773.650289 3774.136709 3763.576222 3757.012012 3760.017734
3779.463190 3792.244033 3808.180137 3824.466563 3814.962984 3804.893732 3787.899484 3784.358633 3788.005529 3798.193957 3815.486504 3832.718493 3852.060645 3849.279216 3841.214258 3850.887466 3843.824959 3832.746595 3825.343567 3848.391084 3858.191406 3868.196484 3873.305889 3885.959374 3896.238451 3878.639669 3860.780192 3849.552824 3856.877112 3883.429029 3906.686553 3911.467954 3910.202092 3909.108099 3892.794454 3888.221817 3885.315726 3886.511502 3884.363852 3882.816031 3909.261528 3931.575689 3931.528109 3910.173195 3887.525248 3847.260968 3809.355629 3786.112328 3801.094952 3797.553500 3801.446938 3792.032871 3780.835199 3775.080604 3773.649559
3826.638373 3847.214153 3863.089535 3885.186120 3874.637289 3850.647731 3833.426184 3835.742527 3849.506163 3857.805618 3876.870649 3893.012658 3918.067619 3928.884062 3939.009163 3942.979423 3936.161879 3927.695988 3915.864752 3922.283116 3947.325691 3958.968622 3966.987570 3975.066723 3987.792989 3987.380473 3979.788239 3977.746044 3982.327727 3996.863967 4012.244111 4019.036860 4021.752227 4023.914983 4009.171104 3995.808595 3994.463408 3989.487660 3989.077589 3988.531312 4001.350843 4023.348827 4019.865906 3981.535311 3954.525988 3918.767830 3879.910724 3850.631054 3846.031689 3866.928485 3865.991052 3849.926862 3840.690813 3815.960010 3812.470038
3893.988641 3926.812296 3950.913809 3960.675974 3967.374929 3951.164521 3948.625975 3952.953730 3961.651766 3964.628553 3970.991614 4003.584433 4037.433738 4061.975189 4084.692573 4091.753520 4079.163484 4069.399343 4055.627438 4046.939928 4059.153552 4076.977327 4094.898303 4109.780239 4121.182583 4123.032530 4121.395687 4121.428732 4124.750362 4127.783973 4132.351440 4141.265404 4149.021765 4157.495825 4165.058001 4153.834364 4136.742221 4127.920464 4119.607911 4119.444718 4121.240758 4125.928324 4127.093709 4108.706588 4064.674225 4032.239962 3999.776096 3981.360097 3969.096803 3970.792634 3952.516764 3927.579927 3874.955870 3837.791215 3806.791109
3978.335244 4023.480342 4052.892898 4069.239232 4081.783379 4077.987095 4079.912963 4080.829559 4084.364298 4086.403492 4088.537781 4116.308917 4158.994903 4199.141192 4230.950968 4230.231779 4215.756919 4204.266509 4195.382080 4180.333443 4176.313083 4189.890665 4206.177221 4227.343925 4237.675682 4243.183816 4239.417087 4239.614111 4241.689196 4244.118907 4246.353779 4250.336536 4260.534955 4276.295291 4291.467280 4290.244154 4270.164162 4251.924545 4236.037214 4234.328063 4232.429564 4227.555332 4230.209711 4232.187904 4214.566562 4181.818132 4140.851131 4100.376168 4084.965946 4070.520787 4059.673206 4042.212865 3998.665921 3928.869621 3887.522379
4094.365713 4130.221336 4159.630808 4190.286155 4204.728863 4206.170480 4203.236564 4201.644526 4208.771602 4210.999234 4215.984978 4232.756853 4266.842891 4303.952313 4334.546053 4349.795991 4341.258123 4322.215926 4298.971003 4288.226950 4284.994752 4288.970777 4299.143330 4313.066863 4333.526311 4353.793083 4359.688718 4360.612247 4357.874504 4360.396809 4362.074630 4362.215210 4365.547060 4374.876580 4385.391872 4388.946799 4380.496314 4358.253431 4333.903696 4322.989551 4316.795407 4313.502821 4315.008709 4320.838367 4324.658322 4309.000889 4271.595680 4225.310549 4195.525163 4181.259261 4168.693955 4154.162679 4141.062845 4105.123742 4083.124465
4205.044213 4220.934474 4250.149092 4279.786621 4302.434402 4317.018013 4316.839164 4319.484274 4324.382215 4331.353970 4346.508756 4370.984261 4391.350242 4415.466956 4443.465669 4460.697763 4465.927736 4463.834597 4459.136632 4460.209013 4460.612635 4388.930845 4395.990406 4403.039608 4422.541703 4439.744968 4446.042120 4446.769633 4443.867011 4445.889723 4446.762814 4446.601123 4446.221434 4449.106158 4454.898075 4457.111721 4454.375088 4440.269354 4462.122858 4441.260186 4427.331003 4418.866740 4410.402557 4402.106398 4392.567455 4382.443361 4361.247207 4329.083190 4294.004660 4273.306504 4265.802377 4259.488267 4250.299430 4244.227373 4226.440754
4304.613836 4315.247599 4334.291747 4357.915943 4393.698552 4418.390794 4430.181015 4439.812984 4444.565137 4459.042854 4476.617856 4458.017018 4467.525295 4477.364594 4487.140984 4490.498278 4491.459551 4491.015992 4488.571990 4487.685315 4485.070469 4481.852344 4471.120021 4472.759035 4474.818641 4477.474931 4481.269947 4480.215341 4481.375202 4484.345921 4482.515791 4476.315810 4472.105064 4470.525093 4471.656922 4479.189799 4482.777870 4483.781224 4479.833884 4478.830937 4477.690872 4473.798788 4468.939592 4462.089552 4453.327006 4470.912717 4458.243214 4428.807582 4386.477133 4343.396565 4336.829667 4339.723285 4339.280568 4337.830077 4332.081851
4434.927135 4449.223373 4464.632235 4437.810219 4463.377884 4476.462417 4482.580519 4487.112704 4490.060236 4493.706848 4490.746306 4487.827508 4482.865107 4481.206634 4479.822501 4477.352298 4477.970598 4476.080402 4471.950336 4467.752736 4459.379615 4447.554554 4436.371887 4432.543009 4436.783245 4442.564367 4447.935853 4452.705690 4456.541894 4456.290315 4450.614312 4441.992083 4434.281341 4432.673724 4439.683706 4445.502534 4452.367676 4453.300754 4451.897371 4449.274573 4448.910885 4445.423322 4445.563414 4452.832887 4468.047563 4470.078319 4476.832790 4475.870895 4456.818731 4422.319274 4438.291333 4418.046588 4424.567344 4419.837120 4408.312268
4481.673642 4484.844853 4482.978756 4482.038698 4475.520073 4469.363489 4468.550672 4472.606287 4479.720917 4480.718113 4473.593494 4464.868425 4457.493953 4449.830290 4447.380885 4446.949354 4446.763108 4447.338386 4441.993397 4432.247385 4414.717108 4403.056203 4391.963088 4386.004249 4381.746326 4384.849180 4396.484212 4409.336992 4414.500844 4404.548893 4395.795634 4383.627322 4375.502695 4375.996195 4376.751454 4386.434356 4404.073361 4412.374882 4413.215673 4406.405728 4399.430747 4392.582502 4389.277086 4395.685829 4411.219839 4428.519602 4444.759305 4454.251906 4462.159340 4469.510333 4466.690687 4469.827841 4471.554062 4469.116866 4473.126146
4476.378110 4469.252501 4462.128282 4456.718270 4450.256244 4444.996148 4443.091725 4444.814282 4446.498651 4442.162553 4435.781710 4425.727005 4414.559909 4404.760149 4396.729802 4397.768619 4400.147965 4401.953741 4394.385637 4378.679613 4360.612029 4347.006751 4333.052525 4329.085992 4322.908038 4314.408046 4324.448726 4344.877743 4352.564789 4335.799745 4324.621305 4309.116833 4302.679204 4298.451546 4299.067669 4307.934083 4331.178638 4356.538624 4358.874463 4347.622929 4336.430038 4331.756257 4328.450637 4332.749507 4349.337698 4370.582617 4387.176175 4397.964315 4403.336725 4411.154281 4420.627546 4435.504091 4450.842851 4463.619833 4467.496606
4450.814433 4443.008066 4435.293981 4427.592726 4420.651803 4414.383344 4410.020807 4408.037995 4403.738078 4397.524510 4390.402606 4368.168214 4355.539810 4342.279524 4326.950248 4322.869255 4317.581810 4318.474967 4306.807468 4299.265097 4283.160641 4267.752049 4252.063478 4238.000633 4232.260844 4225.341552 4222.304771 4235.363075 4243.680311 4235.014746 4225.437169 4215.260626 4211.107502 4207.735461 4210.373331 4220.909232 4239.960233 4258.302177 4267.151701 4260.005524 4259.666026 4260.315425 4258.754178 4265.346324 4275.494889 4293.222381 4316.168680 4335.987186 4346.151344 4352.964740 4362.107293 4376.690715 4391.008028 4405.616387 4424.012268
4420.110357 4410.699740 4400.681150 4390.828028 4380.220957 4369.555732 4362.874532 4365.760545 4359.762759 4354.195025 4329.696837 4272.397362 4250.454446 4231.147895 4214.569787 4207.510332 4198.742100 4180.656815 4172.029566 4167.964499 4172.138271 4158.457751 4140.900371 4122.823291 4117.981650 4114.577904 4095.273533 4088.522291 4088.468315 4107.569610 4101.819029 4101.627639 4104.498690 4102.168722 4103.049741 4115.656887 4122.464794 4126.906854 4133.898732 4140.262526 4151.833968 4160.503934 4172.344120 4189.967867 4200.419529 4215.370688 4235.607952 4261.889642 4278.006028 4287.610591 4297.972461 4313.292023 4329.469986 4347.411334 4369.969973
4385.152782 4367.957539 4353.091871 4338.621840 4325.807402 4312.822490 4296.301615 4298.320002 4296.377355 4285.590129 4227.476514 4186.930325 4152.627309 4135.558536 4111.460193 4097.324109 4079.651030 4038.352091 4020.140932 4020.984788 4038.185893 4036.142254 4021.257950 4009.898562 4000.196504 3990.207001 3971.349466 3950.238953 3956.666396 3976.690570 3978.974743 3983.570574 3992.402574 3992.220291 3984.737691 3980.069450 3991.579239 3996.464117 4008.061379 4027.316370 4032.473552 4050.793943 4086.467638 4099.197130 4114.255083 4132.275174 4152.373548 4174.345870 4197.475408 4211.725255 4227.037933 4245.400672 4262.034886 4282.254438 4304.673928
4333.268189 4301.385831 4279.865140 4262.251501 4242.649723 4214.212957 4194.218723 4191.918376 4185.849464 4154.394948 4100.544580 4065.956911 4044.006990 4022.275548 3999.507076 3974.534681 3934.698785 3899.176129 3877.001529 3895.337080 3907.652635 3921.983758 3911.278857 3901.056482 3891.659859 3872.626499 3855.460523 3837.868402 3849.546716 3858.280606 3879.976701 3887.757620 3891.791605 3898.547542 3897.026389 3884.654356 3876.949788 3884.795882 3894.530156 3906.882386 3930.429123 3967.463189 3992.266995 4010.699842 4031.035338 4049.224984 4070.081052 4092.630807 4115.496883 4132.486729 4150.549286 4168.653300 4189.273650 4207.807517 4230.011740
4250.352393 4222.130937 4195.977920 4172.768083 4139.884115 4091.746594 4077.436735 4068.383156 4044.285718 3994.095393 3952.613244 3935.280815 3925.016586 3902.313722 3882.182788 3852.834380 3818.411163 3798.144180 3777.692947 3789.242702 3800.659594 3823.215664 3815.465113 3809.928689 3807.912348 3792.570743 3779.556196 3762.678371 3768.732512 3781.548384 3806.721230 3813.260624 3817.630763 3827.694550 3827.028347 3821.773417 3801.905369 3808.060683 3818.857067 3833.695994 3865.570675 3887.537315 3909.446333 3931.106498 3949.998935 3970.994363 3992.520558 4014.907510 4041.139185 4060.354439 4078.950171 4100.065672 4118.564821 4131.607876 4146.370878
4140.124309 4116.798352 4098.182771 4074.236304 4029.939029 3986.033038 3943.580935 3914.324514 3858.655023 3823.627427 3807.128637 3810.527531 3800.419135 3782.154525 3764.603493 3746.496633 3726.325557 3709.172392 3684.417273 3690.787379 3707.987808 3726.302404 3729.849577 3732.348317 3731.658097 3723.158523 3709.971565 3696.468324 3700.337118 3718.045049 3736.420578 3747.244374 3755.288828 3763.074262 3762.613416 3752.184178 3741.490310 3745.747130 3761.135288 3776.877782 3793.104443 3812.747075 3832.653757 3852.384665 3874.160423 3895.890747 3917.857992 3941.783322 3967.824708 3988.688342 4011.620204 4035.231774 4050.381624 4057.623445 4063.257882
4036.773152 4018.839701 3996.440352 3969.033656 3927.088830 3888.377422 3848.352167 3799.395995 3766.962490 3739.815010 3736.613704 3723.297110 3712.488409 3700.288026 3681.428986 3667.044336 3654.462306 3634.395551 3627.267502 3635.758150 3649.878482 3657.694332 3666.060717 3664.669493 3662.973956 3658.229938 3644.515692 3642.121557 3652.659315 3667.841546 3681.218007 3693.152505 3700.045418 3704.788466 3701.483769 3691.821361 3689.384896 3697.261025 3712.308038 3724.883903 3738.257138 3757.738971 3776.368760 3796.729703 3817.913559 3838.550984 3861.622708 3885.423612 3910.242834 3936.534956 3957.518910 3974.169952 3981.176766 3988.965237 3985.596233
3912.855390 3903.527612 3878.434653 3850.667518 3823.195124 3792.503743 3770.882345 3741.304764 3712.999558 3685.842735 3661.387249 3651.873600 3648.194263 3637.488357 3622.661997 3613.476174 3599.574982 3592.662694 3601.330765 3602.769189 3610.478115 3608.228528 3609.761024 3607.954112 3607.906784 3606.652386 3602.083995 3615.466572 3621.752486 3634.758657 3644.500642 3654.208336 3659.723735 3662.943497 3664.210354 3660.357843 3666.540086 3671.849109 3684.667903 3694.911227 3707.070685 3725.646793 3741.108994 3758.415252 3779.043797 3800.373589 3822.446838 3846.433646 3872.847146 3895.739873 3911.350885 3915.801139 3922.960728 3921.693952 3907.637348
