tests/Borden05m/data_simulated/sim_1/output-maps/psiliqL0022N0019.asc
ncols         160
nrows         34
xllcorner     620200.000000
yllcorner     5168000.000000
cellsize      0.500000
NODATA_value  -9999.0
[rows 0 to 24 of 34, columns 0 to 54 of 160]
-9999.0 -9999.0 -9999.0 -9999.0 -9999.0 -9999.0 -9999.0 -9999.0 -9999.0 -9999.0 -9999.0 -9999.0 -9999.0 -9999.0 -9999.0 -9999.0 -9999.0 -9999.0 -9999.0 -9999.0 -9999.0 -9999.0 -9999.0 -9999.0 -9999.0 -9999.0 -9999.0 -9999.0 -9999.0 -9999.0 -9999.0 -9999.0 -9999.0 -9999.0 -9999.0 -9999.0 -9999.0 -9999.0 -9999.0 -9999.0 -9999.0 -9999.0 -9999.0 -9999.0 -9999.0 -9999.0 -9999.0 -9999.0 -9999.0 -9999.0 -9999.0 -9999.0 -9999.0 -9999.0 -9999.0
-9999.0 -9999.0 -9999.0 -9999.0 -9999.0 -9999.0 -9999.0 -9999.0 -9999.0 -9999.0 -9999.0 -9999.0 -9999.0 -9999.0 -9999.0 -9999.0 -9999.0 -9999.0 -9999.0 -9999.0 -9999.0 -9999.0 -9999.0 -9999.0 -9999.0 -9999.0 -9999.0 -9999.0 -9999.0 -9999.0 -9999.0 -9999.0 -9999.0 -9999.0 -9999.0 -9999.0 -9999.0 -9999.0 -9999.0 -9999.0 -9999.0 -9999.0 -9999.0 -9999.0 -9999.0 -9999.0 -9999.0 -9999.0 -9999.0 -9999.0 -9999.0 -9999.0 -9999.0 -9999.0 -9999.0
-9999.0 -9999.0 -9999.0 -9999.0 -9999.0 -9999.0 -9999.0 -9999.0 -9999.0 -9999.0 -9999.0 -9999.0 -9999.0 -9999.0 -9999.0 -9999.0 -9999.0 -9999.0 -9999.0 -9999.0 -9999.0 -9999.0 -9999.0 -9999.0 -9999.0 -9999.0 -9999.0 -9999.0 -9999.0 -9999.0 -9999.0 -9999.0 -9999.0 -9999.0 -9999.0 -9999.0 -9999.0 -9999.0 -9999.0 -9999.0 -9999.0 -9999.0 -9999.0 -9999.0 -9999.0 -9999.0 -9999.0 2505.222794 2488.272039 2474.608992 2471.094317 2493.085491 2516.802217 2541.174382 2562.261911
-9999.0 -9999.0 -9999.0 -9999.0 -9999.0 -9999.0 -9999.0 -9999.0 -9999.0 -9999.0 -9999.0 -9999.0 -9999.0 -9999.0 -9999.0 -9999.0 -9999.0 -9999.0 -9999.0 -9999.0 -9999.0 -9999.0 -9999.0 -9999.0 -9999.0 -9999.0 -9999.0 -9999.0 -9999.0 -9999.0 -9999.0 -9999.0 -9999.0 -9999.0 -9999.0 -9999.0 -9999.0 -9999.0 -9999.0 -9999.0 2553.201719 2559.351570 2559.896221 2550.300035 2539.461596 2526.613423 2506.507216 2489.285770 2476.027927 2474.389445 2477.410697 2481.317555 2503.083777 2528.854415 2549.264026
-9999.0 -9999.0 -9999.0 -9999.0 -9999.0 -9999.0 -9999.0 -9999.0 -9999.0 -9999.0 -9999.0 -9999.0 -9999.0 -9999.0 -9999.0 -9999.0 -9999.0 -9999.0 -9999.0 -9999.0 -9999.0 -9999.0 -9999.0 -9999.0 -9999.0 -9999.0 -9999.0 -9999.0 -9999.0 -9999.0 -9999.0 -9999.0 -9999.0 -9999.0 2458.938373 2476.311404 2494.729074 2513.757575 2531.167792 2538.569598 2544.605558 2550.403837 2546.340946 2542.330211 2531.215816 2511.194772 2492.269894 2479.596911 2478.766824 2476.862863 2481.186239 2493.668147 2510.916229 2526.836582 2548.031398
-9999.0 -9999.0 -9999.0 -9999.0 -9999.0 -9999.0 -9999.0 -9999.0 -9999.0 -9999.0 -9999.0 -9999.0 -9999.0 -9999.0 -9999.0 -9999.0 -9999.0 -9999.0 -9999.0 -9999.0 -9999.0 -9999.0 -9999.0 -9999.0 -9999.0 -9999.0 -9999.0 -9999.0 2461.331557 2455.772130 2451.449073 2450.537322 2449.781347 2449.377731 2456.500018 2468.347748 2486.194674 2508.733775 2522.502195 2530.289846 2537.580700 2538.529744 2533.400013 2532.140466 2533.119091 2521.215104 2509.614105 2498.785996 2488.278178 2486.169393 2495.841467 2510.643652 2527.438163 2542.667341 2558.484330
-9999.0 -9999.0 -9999.0 -9999.0 -9999.0 -9999.0 -9999.0 -9999.0 -9999.0 -9999.0 -9999.0 -9999.0 -9999.0 -9999.0 -9999.0 -9999.0 -9999.0 -9999.0 -9999.0 -9999.0 -9999.0 -9999.0 -9999.0 2429.160646 2434.647474 2441.659599 2449.841739 2451.379050 2448.363607 2443.483477 2441.349397 2440.603676 2439.196866 2444.390111 2452.302978 2466.021278 2482.043912 2504.832030 2513.790491 2519.187678 2531.365270 2535.367335 2543.157862 2547.682978 2546.393350 2543.185892 2529.509160 2519.139193 2522.690211 2527.802730 2535.198511 2543.958741 2557.863057 2572.556583 2588.843997
-9999.0 -9999.0 -9999.0 -9999.0 -9999.0 -9999.0 -9999.0 -9999.0 -9999.0 -9999.0 -9999.0 -9999.0 -9999.0 -9999.0 -9999.0 -9999.0 -9999.0 -9999.0 -9999.0 2403.121940 2404.427581 2406.255880 2411.508361 2412.414531 2414.769587 2422.165076 2430.838521 2434.233670 2432.824116 2432.402581 2434.512553 2437.879026 2443.100261 2454.512396 2468.682795 2483.303500 2497.018622 2518.314031 2533.352101 2546.580211 2562.596419 2563.294891 2560.164532 2559.020507 2559.611969 2558.944886 2559.560370 2560.229198 2566.917404 2569.354179 2574.236310 2583.839935 2595.786831 2613.201816 2631.869086
-9999.0 -9999.0 -9999.0 -9999.0 -9999.0 -9999.0 -9999.0 -9999.0 -9999.0 -9999.0 -9999.0 -9999.0 -9999.0 -9999.0 -9999.0 -9999.0 2373.345312 2375.426500 2378.149248 2384.007800 2387.894711 2392.327301 2399.754821 2401.645992 2405.732410 2413.433533 2418.658674 2428.464048 2437.416185 2445.241658 2451.798094 2454.968194 2462.408511 2472.345388 2484.461087 2499.269222 2520.227238 2544.050803 2560.280911 2577.453037 2595.121849 2596.233639 2595.261681 2596.301248 2595.831152 2598.852778 2614.504115 2618.895445 2616.123100 2628.396595 2641.312105 2645.380361 2654.267809 2674.520612 2697.675266
-9999.0 -9999.0 -9999.0 -9999.0 -9999.0 -9999.0 -9999.0 -9999.0 -9999.0 -9999.0 -9999.0 -9999.0 -9999.0 2323.751427 2328.071563 2338.506567 2349.723863 2353.046958 2358.264436 2365.248078 2377.883520 2382.005321 2388.541002 2396.377182 2409.451673 2418.720075 2428.254501 2440.635873 2449.386845 2457.041577 2464.260696 2468.682376 2481.349079 2496.354430 2511.748838 2531.723358 2554.035647 2573.500898 2592.556430 2609.162548 2621.999947 2621.439200 2621.135433 2623.886794 2630.096868 2646.111431 2664.040627 2667.785201 2680.502262 2702.203262 2714.008838 2723.394687 2731.215185 2745.584510 2767.334329
-9999.0 -9999.0 -9999.0 -9999.0 -9999.0 -9999.0 -9999.0 -9999.0 -9999.0 -9999.0 2293.548286 2295.586907 2292.373105 2290.923574 2296.931698 2309.689003 2324.481127 2330.871566 2343.261809 2364.999917 2383.901803 2387.604395 2401.880886 2412.893829 2420.307838 2430.940423 2444.423118 2457.248349 2473.616506 2486.063857 2496.353973 2514.303170 2530.781168 2547.602503 2565.551515 2586.336455 2603.890417 2629.636244 2656.953215 2667.920475 2687.305789 2693.454338 2690.496108 2690.096297 2699.973407 2713.631313 2731.205745 2749.763205 2768.363594 2791.686373 2804.965449 2818.895682 2829.266010 2841.066790 2857.061249
-9999.0 -9999.0 -9999.0 -9999.0 -9999.0 -9999.0 -9999.0 -9999.0 2268.118959 2276.240004 2282.251287 2279.449745 2275.390770 2270.651284 2285.503518 2301.581060 2318.007852 2336.625677 2352.835866 2371.550604 2386.389929 2402.142221 2422.977770 2434.752122 2446.330763 2462.036164 2475.861331 2492.061264 2513.346874 2523.500770 2537.253073 2557.955475 2575.088174 2593.025441 2612.116954 2629.912168 2654.359989 2686.530404 2717.462498 2736.797834 2763.912177 2782.527485 2779.349048 2780.057376 2783.388330 2808.071300 2835.885707 2865.614721 2834.285514 2855.521092 2883.353488 2900.208361 2909.538865 2920.892303 2934.849120
-9999.0 -9999.0 -9999.0 -9999.0 -9999.0 -9999.0 2239.255679 2263.827624 2279.327283 2271.312129 2259.023470 2254.823490 2249.870117 2278.656841 2301.445051 2319.321245 2336.655702 2354.759087 2371.587966 2382.147150 2414.064296 2433.614933 2447.105602 2462.809278 2478.035408 2493.272298 2510.689301 2533.453017 2553.139568 2578.388193 2598.855565 2618.949514 2645.756022 2665.149665 2683.942912 2700.445071 2730.391673 2765.721126 2801.784998 2828.661130 2854.609128 2836.243037 2835.594598 2838.485027 2841.853729 2864.105345 2896.397922 2924.433717 2953.378882 2983.790602 3010.180040 2996.702284 3003.867832 3013.461887 3025.533292
-9999.0 -9999.0 -9999.0 -9999.0 2205.894293 2226.906578 2246.317311 2276.880893 2299.419705 2294.858370 2300.512065 2299.779393 2296.823519 2302.019731 2310.399368 2328.562640 2348.126835 2368.021892 2384.220139 2415.190162 2461.882960 2475.389162 2495.907513 2526.967987 2539.789495 2555.143499 2571.851708 2594.106334 2616.313578 2648.014116 2687.019369 2720.426187 2744.803174 2765.757233 2786.919933 2807.070152 2842.554182 2830.774331 2863.316092 2894.937212 2921.045662 2943.566397 2951.944196 2957.682502 2968.060094 2984.453452 3005.305473 3007.316675 3037.318873 3068.385205 3091.395972 3099.566204 3104.982423 3114.233036 3122.204330
-9999.0 -9999.0 -9999.0 2153.216966 2192.298231 2231.494177 2257.898684 2288.697519 2321.360104 2323.471020 2332.782993 2335.056303 2336.792772 2344.025270 2349.907755 2367.321004 2385.443172 2404.580809 2427.424606 2463.172632 2495.382290 2518.474647 2548.511403 2569.189670 2585.965634 2600.931288 2620.362238 2642.928662 2682.988182 2717.271761 2765.271098 2818.027738 2853.003476 2828.725881 2847.762641 2874.453456 2898.743110 2931.853271 2965.237515 2996.228564 3002.798079 3023.236343 3038.173531 3043.114710 3051.887920 3058.030863 3071.186045 3089.603343 3110.798976 3139.906240 3167.714424 3187.809689 3201.440119 3211.445071 3227.483851
-9999.0 -9999.0 2105.094529 2144.100060 2176.582823 2224.810949 2278.146083 2313.400002 2353.806349 2375.085551 2380.229877 2393.864231 2407.403156 2411.622203 2423.826879 2439.124530 2460.553357 2469.816639 2490.040616 2512.307089 2554.933446 2593.945060 2600.198873 2645.248416 2677.742374 2709.424632 2729.726801 2757.711383 2796.256826 2834.324009 2837.062444 2883.205910 2917.045127 2942.758821 2958.201699 2977.534138 2997.309029 2997.883429 3030.643819 3056.274206 3086.040179 3110.536098 3130.037085 3132.453952 3135.400140 3150.681327 3176.384722 3198.036220 3223.980719 3250.115510 3241.700065 3259.624094 3267.768737 3272.331546 3279.498090
-9999.0 -9999.0 2076.070812 2122.139904 2158.927392 2220.270217 2304.699284 2340.484190 2382.122187 2428.606191 2445.029043 2468.388097 2469.962317 2467.632978 2488.495831 2506.992445 2525.690866 2534.366457 2531.980638 2586.268647 2643.021484 2678.306324 2700.406292 2774.237593 2824.923423 2847.273697 2824.569022 2842.071273 2863.125375 2902.348973 2940.073367 2991.692455 3010.278911 3037.223328 3051.021458 3069.087775 3087.589307 3101.038532 3119.206124 3161.600997 3186.791960 3214.234111 3243.239021 3263.379069 3271.004428 3274.954680 3254.913999 3269.767046 3280.102836 3284.579577 3286.288776 3282.623161 3281.995197 3282.747887 3283.685099
-9999.0 1984.136772 2036.599545 2088.185602 2154.377661 2218.168180 2296.460946 2373.749421 2437.407687 2488.642399 2516.271239 2517.484163 2532.005610 2564.480097 2587.406331 2609.011651 2615.175245 2625.130959 2611.374971 2665.346066 2708.505485 2767.197550 2835.156229 2888.631293 2943.866740 2942.046085 2930.564508 2938.037212 2956.459691 2999.772439 3049.780426 3099.336015 3156.815327 3195.248011 3209.935096 3216.066279 3233.215154 3252.528064 3215.167754 3249.616744 3264.919427 3277.993956 3284.398685 3286.218423 3287.240774 3287.067720 3283.526205 3276.735027 3268.735336 3263.025358 3258.886024 3254.389530 3256.819368 3260.128044 3260.557498
-9999.0 1946.768457 2004.961711 2074.596811 2143.531859 2198.366627 2288.889094 2447.313543 2507.444876 2546.085511 2558.933140 2552.856732 2618.484395 2681.888565 2711.324367 2757.675275 2748.044108 2737.027689 2711.274915 2741.414052 2785.223789 2820.922993 2973.664882 3039.860110 3080.101518 3088.266628 3090.551494 3117.136874 3157.008434 3193.580792 3231.317518 3210.692037 3250.254470 3269.215399 3273.250277 3273.839372 3278.190369 3277.048436 3275.224727 3270.979620 3265.959090 3266.109926 3270.469026 3270.294665 3267.426901 3264.200410 3258.600464 3251.181078 3245.914643 3241.307915 3238.629502 3235.747692 3233.942094 3233.518196 3228.945434
-9999.0 1910.095971 1983.738931 2044.000108 2096.960012 2196.599160 2325.646458 2467.336450 2563.273488 2599.527703 2594.546874 2643.370477 2745.460066 2828.814817 2878.771097 2900.955623 2889.298985 2851.214092 2839.719896 2883.019241 2949.584533 3036.363198 3153.584279 3236.659813 3249.640856 3252.376722 3214.309408 3234.871512 3253.912794 3255.857481 3256.708382 3262.719529 3267.665939 3270.430099 3268.941936 3266.083002 3261.350745 3253.300469 3248.486045 3244.950381 3241.283262 3240.344034 3242.515896 3244.088983 3241.380714 3237.539497 3233.085531 3227.534618 3221.770623 3215.129148 3210.983407 3206.867676 3204.792099 3199.591668 3195.932760
-9999.0 1794.832578 1888.564693 1934.194943 2022.610913 2206.471840 2335.206706 2479.424369 2638.751219 2666.909922 2723.431169 2839.831250 2950.690159 3016.101356 3046.333419 3080.551824 3104.942639 3122.066453 3156.442952 3064.418688 3134.088329 3209.293458 3244.452057 3259.648591 3265.927293 3266.259687 3256.945105 3236.691332 3226.089920 3219.357960 3220.979157 3228.205365 3233.098709 3238.063231 3235.826576 3236.690554 3237.399711 3234.115682 3230.623377 3222.144816 3214.413502 3208.057646 3205.296813 3210.158574 3205.467312 3202.888382 3196.874254 3189.141025 3186.877200 3179.815024 3172.057988 3165.542073 3163.204707 3158.104947 3156.926308
-9999.0 1713.966480 1788.022909 1857.845084 1977.996467 2142.152665 2249.814877 2411.186194 2641.358174 2770.733900 2906.275058 2986.886873 3047.729019 3092.940137 3144.981406 3189.575050 3213.477794 3223.159524 3198.463547 3215.382685 3179.803865 3169.228258 3181.137895 3208.106473 3223.306386 3227.076454 3218.956075 3209.303829 3202.103152 3200.997857 3199.114016 3195.894746 3192.560123 3189.436174 3186.303598 3188.902826 3193.934284 3187.608532 3184.001650 3175.374617 3167.300017 3158.445173 3152.693179 3148.505846 3148.418456 3148.582778 3141.131032 3130.876506 3120.664106 3112.593967 3105.388116 3100.652834 3098.139627 3093.395985 3085.986880
-9999.0 1601.123538 1730.075083 1812.406745 1916.081810 2047.737107 2159.572788 2315.579845 2452.443908 2688.555234 2821.913471 2981.171572 3017.012054 3079.992363 3129.365586 3194.366883 3191.354016 3163.277228 3123.280558 3106.901228 3115.412396 3123.807939 3132.768089 3148.318832 3165.419919 3175.090605 3178.967916 3172.430257 3158.474653 3147.096837 3137.491856 3125.160206 3116.577128 3114.545503 3117.463080 3126.464039 3127.563558 3118.435380 3105.276315 3089.425107 3074.523498 3063.213819 3060.957399 3063.286019 3064.076514 3060.281426 3054.290598 3043.901404 3031.575219 3019.611662 3013.543327 3009.018640 3002.022202 2992.962994 3003.940166
-9999.0 -9999.0 1647.793968 1757.076945 1855.326168 1970.151906 2068.126541 2194.695991 2338.472538 2513.564816 2631.475292 2794.179273 2864.934151 2907.872521 2946.278440 2989.478159 3010.632236 3036.823804 3024.835329 3033.063371 3040.975471 3045.737847 3051.776766 3058.837910 3069.800995 3079.358837 3088.527808 3085.898681 3077.000449 3057.716666 3034.054511 3015.680582 3005.809337 2997.395750 3008.504008 3020.589951 3015.988113 3009.291790 2998.536719 3004.972735 2993.061436 2979.056272 2975.469887 2975.464382 2975.823847 2973.271656 2970.212568 2960.403620 2948.012613 2937.451830 2932.861301 2926.982836 2922.694935 2912.625260 2902.926305
-9999.0 -9999.0 1560.704772 1666.246058 1772.381647 1891.525622 1980.848063 2015.608858 2157.206863 2265.191719 2371.903890 2479.169988 2571.130951 2639.406349 2677.197692 2739.937366 2792.222570 2811.255041 2820.238388 2863.809544 2895.096284 2930.425508 2951.810154 2960.376534 2973.366722 2987.533507 2995.568315 2981.829734 2970.938333 2954.454470 2934.582839 2909.471741 2896.647787 2895.204775 2895.362376 2898.112346 2891.208948 2882.184272 2868.083279 2855.005419 2842.762740 2833.090699 2829.313610 2824.434462 2822.397597 2819.650415 2820.233682 2858.823817 2849.180839 2843.087164 2834.334708 2829.256369 2827.058637 2822.172651 2814.752140
