tests/Borden05m/data_simulated/sim_1/output-maps/psiliqL0021N0009.asc
ncols         160
nrows         34
xllcorner     620200.000000
yllcorner     5168000.000000
cellsize      0.500000
NODATA_value  -9999.0
[rows 0 to 24 of 34, columns 0 to 54 of 160]
-9999.0 -9999.0 -9999.0 -9999.0 -9999.0 -9999.0 -9999.0 -9999.0 -9999.0 -9999.0 -9999.0 -9999.0 -9999.0 -9999.0 -9999.0 -9999.0 -9999.0 -9999.0 -9999.0 -9999.0 -9999.0 -9999.0 -9999.0 -9999.0 -9999.0 -9999.0 -9999.0 -9999.0 -9999.0 -9999.0 -9999.0 -9999.0 -9999.0 -9999.0 -9999.0 -9999.0 -9999.0 -9999.0 -9999.0 -9999.0 -9999.0 -9999.0 -9999.0 -9999.0 -9999.0 -9999.0 -9999.0 -9999.0 -9999.0 -9999.0 -9999.0 -9999.0 -9999.0 -9999.0 -9999.0
-9999.0 -9999.0 -9999.0 -9999.0 -9999.0 -9999.0 -9999.0 -9999.0 -9999.0 -9999.0 -9999.0 -9999.0 -9999.0 -9999.0 -9999.0 -9999.0 -9999.0 -9999.0 -9999.0 -9999.0 -9999.0 -9999.0 -9999.0 -9999.0 -9999.0 -9999.0 -9999.0 -9999.0 -9999.0 -9999.0 -9999.0 -9999.0 -9999.0 -9999.0 -9999.0 -9999.0 -9999.0 -9999.0 -9999.0 -9999.0 -9999.0 -9999.0 -9999.0 -9999.0 -9999.0 -9999.0 -9999.0 -9999.0 -9999.0 -9999.0 -9999.0 -9999.0 -9999.0 -9999.0 -9999.0
-9999.0 -9999.0 -9999.0 -9999.0 -9999.0 -9999.0 -9999.0 -9999.0 -9999.0 -9999.0 -9999.0 -9999.0 -9999.0 -9999.0 -9999.0 -9999.0 -9999.0 -9999.0 -9999.0 -9999.0 -9999.0 -9999.0 -9999.0 -9999.0 -9999.0 -9999.0 -9999.0 -9999.0 -9999.0 -9999.0 -9999.0 -9999.0 -9999.0 -9999.0 -9999.0 -9999.0 -9999.0 -9999.0 -9999.0 -9999.0 -9999.0 -9999.0 -9999.0 -9999.0 -9999.0 -9999.0 -9999.0 2310.892112 2293.969962 2280.202219 2276.978679 2299.204787 2323.073463 2347.571096 2368.782749
-9999.0 -9999.0 -9999.0 -9999.0 -9999.0 -9999.0 -9999.0 -9999.0 -9999.0 -9999.0 -9999.0 -9999.0 -9999.0 -9999.0 -9999.0 -9999.0 -9999.0 -9999.0 -9999.0 -9999.0 -9999.0 -9999.0 -9999.0 -9999.0 -9999.0 -9999.0 -9999.0 -9999.0 -9999.0 -9999.0 -9999.0 -9999.0 -9999.0 -9999.0 -9999.0 -9999.0 -9999.0 -9999.0 -9999.0 -9999.0 2358.416738 2364.638731 2365.407920 2355.886026 2345.177665 2332.547794 2312.545802 2295.244910 2281.895617 2280.301767 2283.460441 2287.693937 2309.753959 2335.605289 2356.129032
-9999.0 -9999.0 -9999.0 -9999.0 -9999.0 -9999.0 -9999.0 -9999.0 -9999.0 -9999.0 -9999.0 -9999.0 -9999.0 -9999.0 -9999.0 -9999.0 -9999.0 -9999.0 -9999.0 -9999.0 -9999.0 -9999.0 -9999.0 -9999.0 -9999.0 -9999.0 -9999.0 -9999.0 -9999.0 -9999.0 -9999.0 -9999.0 -9999.0 -9999.0 2263.721763 2281.212780 2299.768595 2318.933899 2336.476666 2343.982932 2350.078624 2356.020521 2352.142058 2348.266201 2337.331180 2317.599436 2298.768352 2286.096479 2285.280173 2283.504481 2288.038606 2300.789533 2318.218543 2334.402096 2355.792327
-9999.0 -9999.0 -9999.0 -9999.0 -9999.0 -9999.0 -9999.0 -9999.0 -9999.0 -9999.0 -9999.0 -9999.0 -9999.0 -9999.0 -9999.0 -9999.0 -9999.0 -9999.0 -9999.0 -9999.0 -9999.0 -9999.0 -9999.0 -9999.0 -9999.0 -9999.0 -9999.0 -9999.0 2265.819218 2260.307507 2256.045655 2255.242532 2254.606673 2254.282076 2261.454468 2273.486958 2291.566481 2314.249071 2328.176536 2336.141097 2343.579192 2344.743453 2339.881951 2338.802037 2339.966058 2328.318009 2316.941958 2306.327374 2296.050158 2294.253199 2304.172996 2319.165426 2336.167227 2351.627738 2367.669835
-9999.0 -9999.0 -9999.0 -9999.0 -9999.0 -9999.0 -9999.0 -9999.0 -9999.0 -9999.0 -9999.0 -9999.0 -9999.0 -9999.0 -9999.0 -9999.0 -9999.0 -9999.0 -9999.0 -9999.0 -9999.0 -9999.0 -9999.0 2233.774936 2239.371653 2246.450204 2254.685823 2256.265091 2253.159110 2248.317446 2246.253483 2245.625098 2244.401199 2249.729071 2257.869333 2271.810810 2288.082866 2311.061977 2320.290379 2326.085336 2338.588375 2342.773227 2350.659609 2355.467683 2354.455509 2351.601937 2338.363727 2328.416978 2332.441159 2337.946710 2345.584082 2354.572529 2368.756990 2383.860597 2400.619560
-9999.0 -9999.0 -9999.0 -9999.0 -9999.0 -9999.0 -9999.0 -9999.0 -9999.0 -9999.0 -9999.0 -9999.0 -9999.0 -9999.0 -9999.0 -9999.0 -9999.0 -9999.0 -9999.0 2207.915756 2209.248213 2211.104329 2216.379678 2217.283002 2219.721708 2227.229308 2236.021349 2239.471827 2238.190178 2237.845666 2240.115190 2243.657955 2249.049937 2260.734235 2275.161350 2290.052277 2304.132460 2325.748576 2341.142406 2354.817303 2371.246931 2372.205869 2369.397212 2368.593466 2369.584473 2369.433534 2370.853404 2372.143487 2379.148103 2382.226095 2387.660761 2397.640724 2410.091039 2428.050160 2447.316355
-9999.0 -9999.0 -9999.0 -9999.0 -9999.0 -9999.0 -9999.0 -9999.0 -9999.0 -9999.0 -9999.0 -9999.0 -9999.0 -9999.0 -9999.0 -9999.0 2178.342628 2180.486646 2183.249972 2189.083129 2192.963474 2197.499636 2205.042370 2207.022054 2211.268401 2219.136783 2224.574787 2234.515101 2243.614993 2251.651462 2258.430326 2261.857371 2269.637023 2279.896790 2292.365422 2307.632369 2329.081616 2353.265902 2369.989302 2387.621357 2405.735500 2407.314036 2406.861533 2408.441122 2408.621843 2412.701522 2429.078764 2434.098271 2432.249439 2445.471931 2458.972014 2463.682236 2472.565248 2493.158838 2516.857427
-9999.0 -9999.0 -9999.0 -9999.0 -9999.0 -9999.0 -9999.0 -9999.0 -9999.0 -9999.0 -9999.0 -9999.0 -9999.0 2128.963637 2133.415373 2143.927415 2155.023876 2158.419985 2163.709399 2170.761849 2183.561636 2187.874085 2194.655584 2202.764267 2215.982900 2225.504419 2235.338948 2247.997256 2257.048294 2264.997419 2272.553710 2277.505725 2290.647763 2306.112929 2322.013436 2342.508007 2365.309141 2385.476902 2405.433661 2422.578789 2436.156907 2436.546098 2436.799981 2440.152850 2447.232798 2463.670549 2482.282255 2487.223495 2501.132321 2523.480682 2535.979436 2546.156041 2554.621729 2569.428357 2591.667982
-9999.0 -9999.0 -9999.0 -9999.0 -9999.0 -9999.0 -9999.0 -9999.0 -9999.0 -9999.0 2097.826639 2100.115690 2097.164686 2096.134202 2102.304383 2115.267616 2130.198907 2136.902373 2149.486054 2171.426940 2190.521930 2194.581498 2209.327813 2220.627530 2228.402859 2239.481243 2253.376234 2266.641588 2283.494199 2296.369807 2307.260072 2325.863367 2342.829580 2360.134460 2378.623795 2399.963129 2418.590661 2445.437471 2473.104927 2485.045892 2505.535745 2513.049146 2510.859487 2511.280336 2521.781656 2536.456000 2555.171509 2574.972060 2595.036553 2619.198722 2633.505817 2647.878437 2658.841366 2671.342878 2688.169927
-9999.0 -9999.0 -9999.0 -9999.0 -9999.0 -9999.0 -9999.0 -9999.0 2072.016631 2080.283352 2086.642348 2084.181016 2080.466540 2076.245349 2091.368811 2107.838309 2124.636673 2143.542835 2160.153608 2179.251315 2194.647152 2211.004900 2232.213881 2244.559505 2256.751481 2273.006223 2287.391620 2304.260503 2326.058908 2337.052462 2351.698172 2373.035214 2391.045154 2409.620741 2429.347785 2447.986416 2473.086527 2506.204571 2538.074311 2558.681388 2586.733779 2607.251194 2605.301470 2607.106614 2611.400759 2636.981352 2665.686428 2696.279234 2721.073339 2747.650936 2777.227751 2794.794001 2805.765307 2819.026448 2835.111514
-9999.0 -9999.0 -9999.0 -9999.0 -9999.0 -9999.0 2042.738463 2067.541205 2083.374627 2075.800045 2064.304339 2060.695664 2056.414072 2085.057880 2108.316651 2126.694235 2144.553812 2163.174579 2180.563895 2192.088436 2224.834100 2244.832703 2259.156883 2275.919429 2291.822018 2307.723441 2325.854904 2349.354494 2369.947616 2396.459926 2418.228167 2439.514221 2466.535841 2486.623396 2506.137933 2523.651028 2554.587952 2591.466158 2628.505779 2656.520612 2683.657700 2718.494983 2723.958010 2729.599320 2735.585314 2759.574471 2793.377390 2822.661734 2856.760283 2889.413615 2918.033996 2818.461576 2824.662538 2834.610866 2846.973831
-9999.0 -9999.0 -9999.0 -9999.0 2008.708426 2029.945694 2049.828080 2080.841636 2103.903419 2099.875317 2106.320040 2106.410644 2104.351406 2110.134511 2119.109950 2138.038457 2158.240651 2178.768810 2195.986326 2228.203468 2275.343370 2289.961014 2311.866507 2343.965768 2357.834598 2374.087450 2391.582782 2414.748805 2438.458362 2470.747866 2510.919359 2545.380547 2570.540301 2592.807492 2614.750098 2635.961041 2672.349756 2713.349974 2751.726509 2786.109090 2814.388428 2842.406440 2854.074244 2862.492902 2875.264574 2893.660954 2916.913318 2829.442525 2858.283480 2889.641031 2913.050315 2920.217462 2926.051661 2935.562736 2943.919628
-9999.0 -9999.0 -9999.0 1956.223036 1995.464678 2034.805926 2061.752836 2093.133979 2126.402348 2129.636921 2139.773279 2143.346147 2146.497901 2154.925431 2162.183446 2180.554817 2199.397448 2219.083286 2242.704450 2279.502613 2313.022438 2337.981922 2369.318203 2391.980431 2410.408516 2426.569943 2446.862988 2470.612554 2511.157003 2546.517637 2595.619291 2648.919501 2684.879613 2710.774598 2735.739444 2765.425420 2792.470784 2830.708019 2867.096017 2901.301263 2823.629149 2843.435199 2859.057972 2864.532336 2873.585169 2880.229637 2893.955134 2911.054623 2932.463551 2961.639451 2989.492343 2991.627627 3004.825116 3014.660409 3030.519848
-9999.0 -9999.0 1908.038303 1947.047391 1980.030498 2028.941766 2082.788122 2118.637653 2159.975311 2182.615684 2189.119076 2204.459794 2219.591955 2225.523403 2239.468902 2256.265307 2278.381138 2288.449836 2309.307554 2333.739871 2378.440358 2419.410858 2428.897633 2475.805175 2509.750430 2542.155960 2563.499083 2592.292659 2631.220088 2670.650620 2720.659258 2772.441355 2809.139451 2840.952668 2859.748749 2882.021833 2905.321917 2820.162234 2851.796385 2878.038622 2906.433618 2931.262569 2951.180865 2954.316718 2957.672426 2973.141825 2998.655247 3002.036849 3027.286847 3052.907898 3045.963870 3062.647536 3070.353652 3074.671796 3081.441397
-9999.0 -9999.0 1879.332194 1925.432956 1963.038715 2025.573956 2110.049316 2146.906957 2189.826716 2237.489420 2255.663128 2280.731164 2285.339751 2286.272799 2309.088071 2329.651062 2348.919347 2358.678583 2357.852905 2413.642241 2471.551382 2510.052854 2537.011050 2611.240811 2662.741400 2686.113940 2705.706328 2729.134833 2753.576106 2795.852878 2839.709065 2894.619880 2832.566913 2858.592958 2872.870653 2891.143894 2910.076527 2922.806919 2941.261434 2983.228309 2990.890849 3017.570297 3046.045930 3065.983654 3073.531332 3077.288407 3058.430607 3072.196482 3081.972210 3086.213777 3087.821863 3084.202844 3083.572390 3084.317092 3085.262063
-9999.0 1787.668141 1840.224111 1892.282008 1959.254411 2024.110822 2103.885135 2182.615937 2246.670389 2298.948659 2328.572680 2333.220185 2352.737802 2388.598784 2413.910715 2438.070772 2445.542121 2456.418188 2444.732349 2499.046726 2544.328147 2606.706526 2714.153192 2773.024763 2830.254535 2832.547562 2827.837871 2839.365928 2861.224800 2906.920423 2873.181508 2921.145653 2976.619703 2999.243933 3013.369897 3019.270745 3036.146860 3055.224565 3020.946967 3053.588554 3067.805211 3080.167298 3085.965838 3087.703092 3088.687018 3088.542956 3085.050366 3078.333715 3070.388163 3064.720617 3060.612242 3056.124753 3058.557848 3061.864442 3062.349346
-9999.0 1750.585171 1809.096169 1879.278594 1948.970986 2006.267480 2099.493213 2257.037815 2317.864120 2358.216036 2374.575150 2374.744067 2444.441573 2510.655754 2543.187135 2591.512786 2584.519678 2575.383035 2552.886472 2584.719542 2630.647891 2705.697085 2864.841546 2861.719566 2899.369434 2908.242591 2911.557136 2938.369386 2977.844377 2999.062558 3034.094231 3015.904447 3053.391204 3071.094741 3074.939751 3075.526402 3079.657307 3078.608175 3076.719004 3072.538886 3067.575285 3067.739174 3072.053615 3071.887364 3069.053602 3065.874991 3060.309570 3052.899463 3047.616676 3043.020927 3040.342330 3037.452762 3035.684026 3035.331844 3030.819578
-9999.0 1714.915199 1788.387051 1849.423516 1904.550930 2006.973249 2136.635889 2278.833319 2376.138844 2414.762347 2416.193862 2470.520728 2575.309964 2681.626431 2738.016199 2765.502621 2760.319258 2729.014671 2723.686829 2770.899764 2840.722841 2859.094892 2971.738981 3039.319214 3051.781218 3054.420760 3018.578943 3038.014651 3056.019755 3057.684815 3058.536949 3064.133206 3069.073246 3071.822329 3070.373460 3067.540273 3062.844537 3054.842965 3050.031299 3046.543248 3042.913635 3042.039446 3044.263321 3045.783197 3043.110005 3039.289384 3034.846278 3029.289399 3023.821140 3017.195989 3013.091182 3009.006719 3006.939541 3001.811868 2998.096042
-9999.0 1601.869649 1695.034100 1742.300249 1834.880318 2018.206897 2147.748495 2294.254643 2453.602788 2485.628371 2547.652247 2682.759288 2798.685546 2828.380436 2859.729502 2895.122296 2920.353117 2938.527379 2973.100474 2888.091287 2956.045395 3014.461994 3047.345309 3061.572854 3067.066669 3067.421784 3058.267503 3038.170134 3027.624873 3020.926442 3022.570791 3029.800622 3034.762462 3039.784900 3037.577651 3038.405898 3039.030807 3035.725069 3032.510731 3024.083751 3016.387436 3010.121137 3007.488082 3012.394886 3007.698404 3005.070188 2999.094165 2991.694977 3008.370305 3001.344138 2993.585899 2987.003793 2984.521202 2979.228223 2977.813129
-9999.0 1521.066477 1595.700077 1668.571798 1791.778466 1956.772037 2068.590666 2232.319958 2461.298581 2591.415385 2741.957731 2827.985998 2857.048695 2903.478021 2956.917245 2992.461411 3015.687710 3025.039984 3001.820245 3017.655468 2995.533670 2985.625117 2983.993703 3010.395449 3025.180358 3028.909133 3020.752757 3011.007444 3003.841032 3002.755961 3000.955806 2997.955521 2994.824550 2991.824458 2988.701485 2991.217531 2996.178540 2990.192367 3004.182029 2995.718505 2987.753938 2978.997844 2973.299353 2969.227123 2969.023344 2969.155495 2961.739500 2951.540577 2941.643347 2933.596810 2926.315123 2921.408104 2918.770118 2913.809169 2907.699485
-9999.0 1410.253786 1538.387384 1622.708554 1729.477523 1862.697388 1977.690332 2136.274779 2276.699800 2512.920920 2666.015276 2823.457696 2828.062364 2890.345199 2941.172074 2996.536376 2994.009724 2976.680482 2938.036822 2922.178498 2930.651801 2939.432687 2949.020044 2965.280263 2982.648379 2992.556542 2996.453753 2990.028428 2976.315221 2965.333051 2956.186123 2944.251603 2935.922692 2934.049279 2936.737841 2945.533282 2946.806043 2937.751987 2924.952591 2910.661192 2895.846210 2884.617914 2882.264548 2884.447749 2885.122670 2881.344151 2875.243869 2864.764619 2852.449317 2840.510088 2834.229451 2829.499699 2822.369404 2814.611032 2910.896885
-9999.0 -9999.0 1457.255880 1567.106231 1667.302524 1784.071240 1885.555351 2015.881782 2162.352804 2340.504291 2460.943395 2622.186748 2712.463760 2761.909401 2806.160627 2805.237730 2825.536316 2851.309403 2840.664969 2848.830468 2856.840844 2861.986542 2868.691731 2876.606905 2888.080917 2897.907715 2907.088271 2904.698249 2895.917165 2876.999231 2853.749616 2835.771723 2826.057687 2817.849358 2828.722387 2840.700745 2836.310786 2829.628140 2820.314805 2911.271887 2898.666767 2884.781091 2881.162155 2881.045550 2881.048557 2877.924669 2873.742205 2859.979835 2846.488842 2834.774041 2829.019749 2822.012228 2816.471876 2805.356947 2795.277720
-9999.0 -9999.0 1370.649453 1476.983142 1584.824998 1705.358477 1797.224906 1838.839356 1983.509433 2094.515844 2203.111191 2311.497419 2404.851170 2474.986486 2515.944312 2580.102573 2632.829312 2653.504181 2690.316085 2737.439445 2771.166617 2808.326093 2832.088416 2845.957309 2861.543515 2877.460016 2887.002320 2874.563108 2864.298954 2847.897629 2825.437399 2800.376662 2787.509439 2785.641006 2785.978226 2789.013388 2782.342005 2773.451483 2759.810242 2747.770988 2735.818189 2726.027199 2722.145818 2717.257436 2714.952173 2711.556153 2708.245668 2698.986415 2688.537065 2681.727963 2672.475945 2666.704149 2663.810424 2658.140363 2650.033186
