tests/Borden05m/data_simulated/sim_1/output-maps/psiliqL0006N0018.asc
ncols         160
nrows         34
xllcorner     620200.000000
yllcorner     5168000.000000
cellsize      0.500000
NODATA_value  -9999.0
[rows 0 to 24 of 34, columns 0 to 55 of 160]
-9999.0 -9999.0 -9999.0 -9999.0 -9999.0 -9999.0 -9999.0 -9999.0 -9999.0 -9999.0 -9999.0 -9999.0 -9999.0 -9999.0 -9999.0 -9999.0 -9999.0 -9999.0 -9999.0 -9999.0 -9999.0 -9999.0 -9999.0 -9999.0 -9999.0 -9999.0 -9999.0 -9999.0 -9999.0 -9999.0 -9999.0 -9999.0 -9999.0 -9999.0 -9999.0 -9999.0 -9999.0 -9999.0 -9999.0 -9999.0 -9999.0 -9999.0 -9999.0 -9999.0 -9999.0 -9999.0 -9999.0 -9999.0 -9999.0 -9999.0 -9999.0 -9999.0 -9999.0 -9999.0 -9999.0 -9999.0
-9999.0 -9999.0 -9999.0 -9999.0 -9999.0 -9999.0 -9999.0 -9999.0 -9999.0 -9999.0 -9999.0 -9999.0 -9999.0 -9999.0 -9999.0 -9999.0 -9999.0 -9999.0 -9999.0 -9999.0 -9999.0 -9999.0 -9999.0 -9999.0 -9999.0 -9999.0 -9999.0 -9999.0 -9999.0 -9999.0 -9999.0 -9999.0 -9999.0 -9999.0 -9999.0 -9999.0 -9999.0 -9999.0 -9999.0 -9999.0 -9999.0 -9999.0 -9999.0 -9999.0 -9999.0 -9999.0 -9999.0 -9999.0 -9999.0 -9999.0 -9999.0 -9999.0 -9999.0 -9999.0 -9999.0 -9999.0
-9999.0 -9999.0 -9999.0 -9999.0 -9999.0 -9999.0 -9999.0 -9999.0 -9999.0 -9999.0 -9999.0 -9999.0 -9999.0 -9999.0 -9999.0 -9999.0 -9999.0 -9999.0 -9999.0 -9999.0 -9999.0 -9999.0 -9999.0 -9999.0 -9999.0 -9999.0 -9999.0 -9999.0 -9999.0 -9999.0 -9999.0 -9999.0 -9999.0 -9999.0 -9999.0 -9999.0 -9999.0 -9999.0 -9999.0 -9999.0 -9999.0 -9999.0 -9999.0 -9999.0 -9999.0 -9999.0 -9999.0 -695.193017 -713.080696 -730.680467 -732.248432 -709.213009 -686.106597 -662.779488 -642.642441 -624.225118
-9999.0 -9999.0 -9999.0 -9999.0 -9999.0 -9999.0 -9999.0 -9999.0 -9999.0 -9999.0 -9999.0 -9999.0 -9999.0 -9999.0 -9999.0 -9999.0 -9999.0 -9999.0 -9999.0 -9999.0 -9999.0 -9999.0 -9999.0 -9999.0 -9999.0 -9999.0 -9999.0 -9999.0 -9999.0 -9999.0 -9999.0 -9999.0 -9999.0 -9999.0 -9999.0 -9999.0 -9999.0 -9999.0 -9999.0 -9999.0 -647.918941 -642.079030 -640.283989 -651.670651 -663.268626 -674.979495 -695.051306 -713.244675 -729.492394 -732.691868 -730.402019 -724.704315 -701.534274 -677.761704 -658.778773 -641.536347
-9999.0 -9999.0 -9999.0 -9999.0 -9999.0 -9999.0 -9999.0 -9999.0 -9999.0 -9999.0 -9999.0 -9999.0 -9999.0 -9999.0 -9999.0 -9999.0 -9999.0 -9999.0 -9999.0 -9999.0 -9999.0 -9999.0 -9999.0 -9999.0 -9999.0 -9999.0 -9999.0 -9999.0 -9999.0 -9999.0 -9999.0 -9999.0 -9999.0 -9999.0 -739.061844 -721.434074 -703.594554 -685.671940 -669.409365 -663.240117 -657.553035 -651.780501 -656.048186 -661.225362 -672.885880 -691.541674 -711.721652 -726.537195 -729.636297 -732.668257 -728.551718 -715.540316 -699.322690 -683.179300 -662.590888 -639.964211
-9999.0 -9999.0 -9999.0 -9999.0 -9999.0 -9999.0 -9999.0 -9999.0 -9999.0 -9999.0 -9999.0 -9999.0 -9999.0 -9999.0 -9999.0 -9999.0 -9999.0 -9999.0 -9999.0 -9999.0 -9999.0 -9999.0 -9999.0 -9999.0 -9999.0 -9999.0 -9999.0 -9999.0 -733.221426 -739.414256 -744.997730 -746.845700 -748.537465 -750.272804 -743.601257 -731.399078 -713.211081 -692.137125 -679.877611 -673.204820 -667.103590 -666.631304 -671.759284 -674.432049 -674.595256 -686.626593 -698.595755 -709.864333 -720.812525 -722.218218 -712.975194 -699.684708 -684.263752 -670.114361 -655.457503 -641.889385
-9999.0 -9999.0 -9999.0 -9999.0 -9999.0 -9999.0 -9999.0 -9999.0 -9999.0 -9999.0 -9999.0 -9999.0 -9999.0 -9999.0 -9999.0 -9999.0 -9999.0 -9999.0 -9999.0 -9999.0 -9999.0 -9999.0 -9999.0 -761.516754 -755.379265 -749.186687 -742.179829 -741.707703 -746.629305 -752.794112 -756.494610 -758.559694 -760.548859 -756.669729 -748.503473 -735.120980 -719.588384 -698.488231 -690.459925 -684.019175 -671.765708 -670.301309 -666.432622 -662.851175 -665.243292 -668.201155 -680.440701 -689.517113 -683.625578 -677.637072 -671.971075 -665.365977 -653.095764 -637.779009 -620.175080 -599.473319
-9999.0 -9999.0 -9999.0 -9999.0 -9999.0 -9999.0 -9999.0 -9999.0 -9999.0 -9999.0 -9999.0 -9999.0 -9999.0 -9999.0 -9999.0 -9999.0 -9999.0 -9999.0 -9999.0 -785.550635 -785.016283 -784.470432 -780.267311 -779.661754 -777.735297 -771.030082 -763.210732 -761.731566 -763.705830 -765.992452 -764.904562 -762.740795 -759.181114 -747.981511 -734.544735 -720.923615 -707.188352 -686.798110 -672.555701 -658.869491 -642.938259 -645.380596 -650.782515 -653.793275 -653.991097 -653.754091 -647.099333 -643.303856 -638.265970 -632.287487 -625.398431 -617.193156 -607.229456 -588.726696 -568.007201 -546.760636
-9999.0 -9999.0 -9999.0 -9999.0 -9999.0 -9999.0 -9999.0 -9999.0 -9999.0 -9999.0 -9999.0 -9999.0 -9999.0 -9999.0 -9999.0 -9999.0 -812.996524 -811.402082 -809.783595 -804.969176 -803.146313 -799.614716 -793.153229 -792.723092 -789.280702 -782.640456 -778.102834 -770.190295 -762.939797 -756.053562 -750.655009 -748.596274 -741.273938 -732.152340 -720.795555 -705.461016 -683.782323 -661.749814 -646.018873 -629.913155 -613.615804 -614.208292 -616.162828 -615.709370 -615.333774 -606.907719 -588.142824 -581.927721 -577.707355 -557.062961 -541.972521 -536.221196 -528.843777 -510.009879 -483.587104 -450.517480
-9999.0 -9999.0 -9999.0 -9999.0 -9999.0 -9999.0 -9999.0 -9999.0 -9999.0 -9999.0 -9999.0 -9999.0 -9999.0 -855.569981 -851.685119 -843.071982 -836.129822 -834.610957 -831.407256 -826.473626 -814.717622 -811.831023 -806.136976 -798.970378 -788.249930 -780.362649 -771.657046 -760.432338 -752.537972 -745.959863 -739.407302 -732.970919 -719.498550 -704.455641 -688.872973 -668.983720 -648.033685 -627.163319 -606.089725 -591.701957 -577.425568 -573.583010 -576.399956 -575.452137 -566.939316 -547.207987 -526.282696 -510.312636 -483.636827 -454.559062 -435.219675 -417.362853 -404.662238 -387.935405 -359.278426 -308.069399
-9999.0 -9999.0 -9999.0 -9999.0 -9999.0 -9999.0 -9999.0 -9999.0 -9999.0 -9999.0 -891.485209 -888.750072 -892.643985 -892.039890 -888.111074 -876.772610 -864.307704 -857.815286 -847.333096 -827.398004 -811.078657 -808.379852 -793.883111 -784.663838 -778.872295 -768.690860 -756.126910 -743.631454 -726.590803 -714.453333 -701.943573 -681.104291 -665.190582 -649.452174 -632.392854 -613.334546 -592.010078 -560.541761 -531.842830 -516.017802 -488.323109 -470.133967 -473.550734 -473.168939 -464.059869 -440.353334 -406.429584 -366.218212 -330.708539 -291.401022 -262.117097 -243.412609 -229.822461 -214.533804 -196.618394 -165.618741
-9999.0 -9999.0 -9999.0 -9999.0 -9999.0 -9999.0 -9999.0 -9999.0 -915.377762 -908.796519 -902.513889 -905.953879 -911.222669 -914.709889 -902.382063 -887.031267 -871.675589 -855.496823 -840.207425 -823.212582 -808.194926 -792.053367 -773.592611 -762.441840 -751.155672 -736.649876 -723.612452 -705.915829 -685.090727 -670.261590 -650.795926 -629.106771 -609.502609 -591.642453 -573.292568 -554.386318 -522.570561 -483.211388 -443.092963 -408.299192 -368.998452 -332.423570 -328.492687 -321.903055 -312.489791 -275.740398 -236.355405 -199.717691 -169.230072 -140.903827 -112.846216 -97.087165 -86.685971 -74.084366 -58.755963 -44.128847
-9999.0 -9999.0 -9999.0 -9999.0 -9999.0 -9999.0 -940.303594 -916.238810 -901.760166 -910.190929 -917.969986 -921.404060 -924.949502 -907.726574 -886.945288 -870.886653 -854.984012 -838.507368 -823.142543 -808.572498 -773.283588 -758.458893 -744.089174 -724.244139 -711.215635 -698.103366 -681.344569 -657.971377 -634.580156 -600.339714 -567.894304 -538.007966 -508.596144 -485.602352 -463.162667 -437.438489 -393.795200 -339.852332 -287.260689 -246.579496 -212.722193 -180.813829 -169.304326 -162.387849 -153.579299 -136.236273 -108.095846 -79.230346 -46.390403 -15.297665 8.437185 19.528449 29.386306 40.468212 53.970400 68.274282
-9999.0 -9999.0 -9999.0 -9999.0 -972.756288 -952.114726 -931.857402 -901.080487 -878.675819 -885.158699 -877.722876 -877.350913 -878.815177 -877.450126 -872.913602 -855.695414 -839.068059 -822.416226 -804.102621 -765.662751 -725.535277 -709.425252 -682.181767 -650.133740 -636.605288 -622.311275 -607.393826 -583.816916 -551.494139 -511.728364 -454.424497 -400.106773 -360.870557 -326.347372 -295.965037 -263.455377 -224.285848 -183.131143 -147.007033 -114.001125 -84.771966 -61.206930 -46.131360 -37.280644 -26.125028 -12.468801 5.794778 31.076208 59.943807 93.028565 119.576391 135.099309 143.322246 153.391639 165.482588 181.833770
-9999.0 -9999.0 -9999.0 -1018.196164 -979.792352 -943.869212 -916.995419 -886.529450 -855.504213 -849.055345 -841.508901 -834.802418 -827.819290 -819.193009 -809.079819 -793.756691 -781.310386 -770.769823 -751.041063 -714.913704 -678.689673 -642.985249 -609.760043 -575.780248 -549.755704 -532.289194 -514.232629 -485.571766 -436.423193 -380.109541 -307.394983 -239.352566 -195.405520 -168.355735 -148.775297 -124.476184 -101.532033 -69.158754 -37.353104 -7.599735 21.586000 46.160338 67.842333 79.788730 88.430276 97.424986 114.650088 135.437936 158.169321 193.126411 224.871087 245.697266 257.134213 264.639225 278.591691 292.454217
-9999.0 -9999.0 -1063.331481 -1026.994071 -992.062584 -939.999492 -888.083759 -855.974174 -815.548443 -790.204924 -783.547847 -764.517047 -747.522017 -739.174784 -721.994144 -704.793068 -693.629246 -692.267356 -681.903563 -644.140006 -587.027227 -531.607017 -486.447600 -415.040874 -370.272566 -340.877472 -322.934891 -289.861296 -249.498070 -198.990629 -149.089695 -101.315126 -62.926763 -33.015945 -19.263032 -3.117756 19.773399 43.129906 73.031349 100.456799 126.235998 152.605355 178.272093 199.891765 206.239459 220.171088 239.930567 260.380496 280.357634 300.310517 316.360291 319.127463 320.365829 321.022589 322.129421 322.838049
-9999.0 -9999.0 -1087.667580 -1043.999272 -1001.049291 -929.141768 -855.657568 -819.001170 -776.352246 -732.898300 -714.241305 -691.346788 -670.135385 -649.015864 -624.617688 -599.044168 -597.135610 -595.755294 -596.966605 -538.762520 -469.146868 -378.064733 -277.835801 -212.160314 -173.770881 -165.161381 -158.777371 -141.581896 -116.979566 -73.709284 -22.004630 30.888255 74.026612 102.605623 116.984618 132.026220 153.761217 182.812882 200.645120 230.477635 242.400059 268.925660 292.028372 311.826391 318.946480 319.876180 318.524784 320.234008 321.315733 321.879502 321.939114 318.775691 317.990303 318.534887 319.436774 314.595120
-9999.0 -1171.710695 -1120.388199 -1066.413151 -995.063546 -925.432301 -838.068970 -756.888801 -710.137757 -670.157748 -642.382822 -620.094763 -556.790557 -498.674171 -465.977440 -429.075653 -432.958513 -437.641456 -445.469425 -391.086790 -310.672757 -205.824472 -95.443381 -46.564219 -22.454393 -21.867016 -26.445925 -13.399374 12.496419 55.151624 123.644417 181.375450 225.298789 255.723431 266.003338 269.438245 283.857094 302.152360 314.579387 319.976563 320.547840 322.985767 320.896776 322.165606 322.455858 322.350356 318.977723 312.627530 304.118276 296.660704 291.819775 286.738715 288.831387 291.853320 292.754484 285.357712
-9999.0 -1205.996926 -1144.151772 -1070.873909 -999.579771 -918.643700 -801.899168 -678.419467 -635.697067 -602.786275 -569.281550 -506.703061 -395.325628 -305.904876 -261.219740 -220.255092 -222.084029 -233.000478 -231.563911 -194.226418 -137.503808 -61.506979 50.479180 120.284301 116.827225 118.697105 122.886173 143.786572 174.890445 211.335062 260.394792 292.217060 303.367468 307.996951 309.758473 310.533983 311.681710 312.520583 309.694159 305.914917 299.789957 296.939456 304.781818 305.319116 301.697358 296.985109 290.324033 281.238861 270.627733 255.789606 248.916242 244.094752 241.905275 241.925035 237.546872 230.908475
-9999.0 -1225.193050 -1154.130528 -1090.587640 -1014.881948 -884.460738 -764.889049 -639.206645 -550.930156 -509.511358 -437.913344 -314.051575 -212.908828 -137.497289 -97.229289 -76.177532 -64.491003 -67.559521 -47.634940 1.293943 74.034361 162.152306 214.370660 261.747678 244.800625 227.917477 216.850953 217.774580 223.960645 235.060003 255.038104 278.746904 291.316798 298.464649 298.237950 294.097780 289.126118 281.557057 276.237687 271.378400 259.640896 257.368183 269.623669 270.683106 261.644639 249.674448 241.505029 233.266407 223.857070 212.632784 206.099373 200.741450 197.730214 192.915236 187.678854 181.140814
-9999.0 -1308.048744 -1223.292915 -1161.634415 -1016.098959 -854.932217 -734.845476 -578.884094 -435.352955 -361.310529 -244.809379 -148.737045 -69.908767 -16.746391 20.267794 58.908262 85.311212 111.869074 147.014760 173.807674 242.553922 278.721693 286.729342 285.995224 265.097618 234.555962 214.855647 193.560584 185.838302 186.117881 198.958794 219.596219 236.448539 258.050973 255.513643 245.868881 241.729105 237.016455 232.881175 223.936558 213.746734 207.980986 209.624119 214.919491 206.899085 199.396613 191.182725 181.777191 171.593470 161.807898 152.942217 145.342653 141.756749 135.722722 133.904064 126.598089
-9999.0 -1389.324463 -1308.434454 -1196.375967 -1036.951504 -875.026740 -722.461836 -544.437674 -322.451749 -208.822966 -123.101968 -79.229292 -20.622193 38.995736 97.295089 129.950298 147.474266 154.870857 162.678925 174.263502 170.410677 191.699689 210.686304 227.500107 211.272485 195.586457 177.615411 163.397966 157.748088 161.015808 166.823147 174.595291 181.579588 187.423742 185.393534 183.650700 185.787141 179.732232 172.190500 164.658664 157.469162 149.817908 145.220265 142.383258 138.965786 136.745076 128.280981 117.320690 106.359956 97.613811 89.194263 82.667600 80.181385 75.534755 69.411696 59.155303
-9999.0 -1471.419516 -1355.799506 -1249.013546 -1106.454929 -966.111314 -825.507891 -654.285150 -473.897342 -232.292281 -72.782604 -42.602598 -20.216860 17.076710 72.757874 124.451660 130.299228 102.835003 81.422514 74.045909 84.530797 103.918332 121.116092 138.457711 143.487276 142.578924 136.937181 126.583126 114.339954 109.785886 109.876574 107.133899 105.770750 108.682169 108.212877 112.616101 115.165486 106.153625 94.405974 80.451621 68.098663 58.932281 55.809990 56.062741 54.882662 51.188605 43.659160 33.664165 21.718014 10.923560 2.795349 -2.911695 -8.759049 -16.733357 -25.675055 -35.625682
-9999.0 -9999.0 -1425.211312 -1308.800232 -1190.749978 -1060.273976 -926.667527 -766.450509 -606.165891 -379.334509 -243.247070 -161.020888 -115.730823 -79.369528 -30.945910 11.546268 19.372970 27.265345 4.637279 6.529602 13.993156 22.861179 34.514417 45.935695 54.681824 59.098278 61.491804 58.759880 50.500949 38.108498 24.643175 15.186594 9.908860 6.082882 13.501612 23.271635 21.742850 15.582721 5.034348 -8.939541 -20.833796 -32.844213 -36.188206 -35.570271 -35.916451 -39.035471 -44.208872 -56.008901 -68.032663 -80.112731 -85.997459 -91.832654 -97.584395 -107.677040 -118.181134 -130.233104
-9999.0 -9999.0 -1506.828000 -1391.835711 -1265.185335 -1136.719138 -1027.232287 -907.629395 -745.975733 -619.214795 -507.410518 -400.187908 -310.229421 -250.265773 -209.065822 -162.813171 -140.952916 -131.075513 -126.719551 -113.536589 -94.131088 -75.500924 -62.691020 -51.312465 -40.732793 -32.134700 -25.118129 -34.400949 -43.635292 -57.276982 -74.133795 -92.534610 -102.202592 -107.188124 -103.227457 -96.535156 -100.921993 -110.068058 -122.970572 -138.077037 -150.144241 -161.644933 -165.440054 -167.260041 -167.970471 -170.667858 -174.203499 -183.821764 -196.445578 -206.388733 -215.235284 -223.026493 -227.907603 -237.607604 -250.174700 -261.011365
