tests/Borden05m/data_simulated/sim_1/output-maps/psiliqL0014N0006.asc
ncols         160
nrows         34
xllcorner     620200.000000
yllcorner     5168000.000000
cellsize      0.500000
NODATA_value  -9999.0
[rows 0 to 24 of 34, columns 56 to 111 of 160]
-9999.0 -9999.0 -9999.0 -9999.0 -9999.0 -9999.0 -9999.0 -9999.0 -9999.0 -9999.0 -9999.0 -9999.0 -9999.0 -9999.0 -9999.0 -9999.0 -9999.0 -9999.0 -9999.0 -9999.0 -9999.0 -9999.0 -9999.0 -9999.0 -9999.0 -9999.0 -9999.0 -9999.0 -9999.0 -9999.0 -9999.0 -9999.0 -9999.0 -9999.0 -9999.0 -9999.0 -9999.0 -9999.0 -9999.0 -9999.0 -9999.0 -9999.0 -9999.0 -9999.0 -9999.0 -9999.0 -9999.0 -9999.0 -9999.0 -9999.0 -9999.0 -9999.0 -9999.0 -9999.0 -9999.0 -9999.0
-9999.0 -9999.0 -9999.0 1026.032131 1020.633928 1015.589323 1010.921978 1002.268165 993.304231 985.233798 981.545391 980.920303 980.434579 980.325719 985.827690 994.102830 1001.990038 1009.354420 1011.972486 1014.595052 1016.983389 1017.626671 1016.581227 1013.531526 1010.417009 1007.199720 1005.844911 997.991924 986.799754 978.184123 975.562376 980.056918 984.570312 987.073478 992.830381 1003.445301 1014.096975 1022.460826 1034.184096 1039.841447 1044.698026 1047.338143 1042.937631 1039.102580 1034.988159 1029.561743 1018.378626 -9999.0 -9999.0 -9999.0 -9999.0 -9999.0 -9999.0 -9999.0 -9999.0 -9999.0
989.931735 1010.204638 1013.565641 1002.214938 997.373781 994.271174 992.467722 987.889581 979.515245 974.562477 969.474062 967.883534 968.268569 968.644134 973.025931 983.505933 991.718139 996.697623 999.430325 1002.248674 1002.049748 1001.692802 1001.569409 998.880030 995.647623 992.456933 990.850439 991.540721 984.131007 978.776527 975.466917 973.816034 976.411615 978.832604 982.266573 991.628286 999.618389 1007.579028 1021.723564 1033.935932 1038.911357 1036.068889 1030.747734 1026.574305 1019.459257 1009.031560 998.514886 988.929040 981.743008 975.843189 969.641524 975.199040 981.419109 990.792353 999.995294 1011.619945
975.177135 995.581409 998.624184 988.101557 980.073557 975.153022 975.642058 978.568078 975.400076 971.114269 966.300024 975.293371 976.932264 978.395884 981.997271 985.283882 988.810153 991.769997 997.348629 1006.548917 1009.478933 1010.212350 1010.556168 1008.929875 1006.026463 1004.438853 1001.919298 996.959365 996.042475 996.495969 996.352782 1001.390982 1002.969270 1004.794159 998.145593 1001.621798 1007.626415 1014.236196 1020.421525 1026.753105 1030.273451 1026.608340 1025.388878 1016.497780 1002.177370 990.654121 981.804840 979.667635 976.003695 967.593620 954.230534 960.820366 975.797868 979.822085 982.558064 993.706921
971.361493 983.406905 986.708547 982.025459 983.716665 985.621646 987.411371 986.172626 983.541163 981.827026 994.628829 1004.416189 1006.644289 1009.952495 1013.986149 1013.813446 1002.298431 1000.179960 1008.616381 1019.124634 1025.099653 1025.570545 1025.736584 1023.834612 1023.095550 1023.014806 1021.159389 1022.133845 1024.816786 1024.932386 1029.725826 1035.592488 1038.653208 1031.086025 1021.915117 1022.621013 1030.109197 1037.976207 1044.950540 1055.160903 1065.984886 1064.526317 1058.389417 1048.749491 1034.546428 1010.459080 990.363278 978.773168 970.820383 962.848076 962.284851 958.334640 969.002020 969.916105 971.080639 978.552268
978.585951 1000.197253 1008.430876 1002.979801 998.440987 996.197508 997.347581 997.890791 1001.234427 1013.979578 1028.191453 1043.039700 1046.352748 1049.402826 1049.391240 1040.860209 1030.983333 1027.598872 1042.485875 1058.954661 1067.491128 1068.399098 1067.808211 1074.790718 1073.909791 1072.738062 1068.407613 1070.841371 1072.584704 1082.721775 1090.872287 1098.426824 1096.891208 1084.890189 1073.171718 1071.293324 1073.682318 1076.632376 1082.380486 1092.054905 1101.138281 1095.410515 1087.625607 1076.915029 1047.585574 1019.804412 1002.135647 1001.273570 1000.424835 994.531754 990.408998 986.291438 978.506783 977.068830 975.278907 973.810719
1030.079843 1050.807537 1067.080666 1061.958811 1054.508250 1044.986901 1046.051932 1049.478144 1058.103604 1071.764740 1089.843565 1114.611869 1118.162146 1121.941024 1125.025727 1114.256359 1102.329202 1091.624709 1109.960628 1120.570872 1129.552812 1131.524337 1141.593640 1151.930232 1148.053668 1140.795466 1131.121158 1138.107552 1150.402794 1166.371519 1174.119249 1178.793739 1177.805402 1166.589817 1160.344729 1158.207311 1159.625030 1156.450950 1160.353591 1169.732389 1183.954585 1182.478976 1172.739452 1149.142925 1110.871697 1075.408052 1053.985150 1058.355119 1050.125356 1041.981167 1037.098845 1021.992185 1010.002174 1008.838662 998.105017 990.816382
1081.157871 1100.464536 1119.614103 1115.488284 1105.658754 1092.848713 1092.814052 1100.830168 1111.861495 1131.997818 1156.013851 1181.111846 1190.198930 1193.872807 1204.195545 1198.329363 1189.360119 1181.565647 1193.583265 1205.951239 1218.138715 1228.322540 1241.754261 1253.986315 1244.891631 1233.530032 1229.005599 1235.307740 1256.435505 1275.259243 1281.768806 1284.144137 1287.436253 1278.158385 1270.941760 1263.151133 1256.758179 1249.731079 1244.645884 1262.173607 1277.885581 1275.141481 1250.608907 1224.982145 1186.727142 1146.994031 1113.231602 1111.381771 1106.712469 1104.116102 1087.700323 1070.719937 1053.089910 1042.271001 1031.705474 1016.295072
1176.677280 1198.862633 1221.449527 1222.943395 1206.881955 1199.275667 1204.487888 1217.858902 1226.179415 1243.357411 1269.159907 1302.577542 1325.117746 1344.969426 1350.123307 1342.452075 1334.016181 1321.445291 1320.309064 1338.162847 1350.726199 1362.003538 1373.464654 1386.805853 1393.039292 1391.282028 1391.804752 1396.256233 1405.074494 1416.002513 1424.537097 1431.365592 1437.615045 1433.468986 1422.310518 1414.575534 1404.191671 1396.130211 1392.428398 1394.470253 1405.011468 1401.629699 1373.412280 1344.454156 1309.982601 1270.322827 1236.374320 1217.000151 1221.220215 1208.373779 1187.916925 1166.558129 1129.915917 1111.931375 1094.367361 1063.624095
1288.510827 1318.386141 1334.791853 1349.067990 1344.617762 1346.586868 1351.050850 1359.042900 1365.149648 1374.876964 1409.731748 1446.779887 1477.448291 1502.588350 1511.832371 1502.116032 1492.995056 1481.628088 1472.899480 1477.977101 1492.967334 1510.168511 1526.326368 1538.191790 1542.510818 1542.183558 1543.443991 1546.654398 1551.058747 1555.792673 1563.750031 1572.426956 1583.106689 1593.823055 1586.971481 1569.011459 1555.468176 1540.885214 1535.292601 1533.327866 1531.248251 1530.173702 1520.469584 1486.683973 1455.769805 1420.997261 1389.673435 1366.188132 1350.456890 1328.268533 1302.664356 1253.318689 1210.212552 1172.773852 1143.653733 1113.550754
1417.525655 1450.822120 1476.349663 1492.586577 1495.733359 1498.395470 1501.160006 1507.306068 1513.230176 1521.567769 1546.194740 1585.275093 1623.344371 1653.542338 1657.619703 1648.514204 1638.746154 1629.206434 1619.038422 1616.247742 1624.768957 1636.432930 1652.936005 1664.459838 1674.118009 1673.767291 1674.877057 1676.323144 1679.513531 1682.675761 1686.096577 1694.335440 1706.868283 1718.222028 1718.626100 1704.267311 1686.607751 1668.999688 1662.000075 1656.176560 1650.227760 1649.923999 1649.662794 1640.315319 1613.206731 1575.198694 1530.808411 1502.959857 1480.009341 1464.378054 1445.012058 1414.511958 1358.520852 1323.948134 1285.825689 1249.510452
1545.440687 1576.934073 1608.713248 1627.792856 1635.290089 1635.468018 1637.101766 1644.457204 1650.785306 1661.217189 1678.601222 1703.525715 1732.963013 1759.686996 1776.716916 1773.025342 1760.732936 1743.960583 1739.107026 1738.268110 1740.737559 1747.652051 1755.977418 1771.512413 1787.439408 1793.019797 1794.176457 1792.374177 1795.315136 1797.470194 1798.553688 1800.542675 1805.969024 1813.210742 1815.559148 1810.263742 1793.876254 1773.819804 1760.182449 1752.140584 1747.931223 1746.077270 1747.197604 1746.298227 1733.405627 1703.311071 1664.302633 1630.581828 1608.086857 1590.502368 1574.095408 1559.429023 1535.472341 1513.966054 1479.979163 1433.473724
1657.043632 1683.725710 1710.931247 1734.894172 1750.831007 1754.141509 1759.148456 1763.663038 1773.055203 1788.487462 1807.849298 1822.245072 1839.352117 1860.648500 1873.313114 1879.099624 1879.689696 1878.801048 1881.089932 1881.733739 1853.210669 1856.573967 1859.698088 1867.427877 1875.792134 1878.591328 1879.040146 1878.243258 1879.987405 1881.132526 1882.058353 1882.392698 1882.973815 1885.458501 1886.306746 1885.110328 1878.168483 1882.703492 1866.227766 1854.922202 1847.942854 1840.543263 1832.112855 1822.445517 1812.539379 1795.916791 1769.019463 1736.195570 1709.607906 1697.573379 1689.202230 1679.927016 1671.730458 1653.975865 1630.411866 1597.490926
1764.810639 1781.058177 1801.240277 1828.504329 1847.093920 1856.922345 1864.848220 1869.095690 1880.918351 1894.051500 1888.091611 1892.048968 1896.045310 1899.958794 1901.309804 1901.804249 1901.870261 1900.029315 1900.065378 1898.738007 1894.502346 1885.107942 1886.440640 1887.637823 1889.747267 1892.953012 1891.539553 1892.612852 1895.946955 1895.100467 1890.375193 1887.452321 1886.341024 1887.053617 1894.215071 1897.442957 1898.508457 1897.861263 1897.909117 1898.247255 1897.392883 1895.923442 1893.346098 1889.699630 1893.676182 1883.546646 1860.478515 1827.813401 1793.216308 1779.849432 1775.272141 1774.103247 1769.637355 1762.090679 1742.759671 1715.047916
1878.911627 1892.053538 1887.758306 1898.186122 1903.308175 1905.455660 1907.599615 1909.454396 1910.235538 1906.696411 1903.052524 1898.155377 1896.601090 1895.007908 1892.372244 1892.849207 1890.939301 1887.252549 1884.037514 1877.864368 1867.393500 1856.144397 1853.259057 1857.261142 1861.625668 1865.359840 1868.209910 1871.463863 1872.795194 1868.728675 1861.782806 1855.551424 1854.220487 1860.919069 1866.587645 1872.095554 1873.264593 1872.755606 1871.902978 1873.389602 1872.161853 1873.620019 1880.618174 1893.970194 1899.465776 1902.200191 1901.825349 1894.092405 1879.884137 1873.784566 1853.929561 1856.610288 1850.992385 1838.854361 1817.782728 1794.271238
1907.181032 1906.779106 1905.183744 1899.183389 1893.130582 1891.916948 1895.106302 1901.157712 1901.724524 1894.237246 1885.538730 1878.178593 1870.936538 1868.253563 1866.500525 1865.442569 1865.322283 1860.099290 1852.455176 1837.418440 1826.027716 1814.688263 1808.162410 1805.302872 1809.137907 1817.974625 1826.907837 1831.257508 1824.741240 1818.051261 1808.408247 1801.357062 1802.270420 1804.809227 1813.973339 1828.248329 1833.670010 1835.540165 1832.043452 1829.314695 1825.244195 1824.645965 1832.298836 1847.477474 1862.746862 1876.407234 1884.646759 1892.013499 1898.403720 1901.370470 1902.125379 1902.011438 1900.076298 1898.397176 1882.830753 1862.124209
1896.034611 1889.747559 1884.795140 1878.077280 1872.014092 1869.599664 1871.038601 1872.807114 1868.436418 1860.886111 1849.960176 1838.318977 1827.794038 1820.540476 1820.293890 1821.541740 1821.904211 1815.253310 1800.925124 1783.737463 1770.148395 1755.727467 1750.746400 1744.629234 1738.890183 1748.060372 1764.188067 1770.007134 1756.750688 1747.666620 1734.557152 1728.321462 1725.971095 1727.980243 1737.693833 1758.084364 1778.586852 1781.538775 1774.114053 1767.136610 1764.886757 1764.359974 1772.027851 1790.614534 1810.864590 1826.011657 1836.033464 1842.087735 1850.416888 1859.867890 1871.857165 1884.378898 1894.574837 1901.852190 1905.638853 1903.392373
1873.321904 1865.777696 1858.147059 1850.811701 1843.951808 1838.691687 1835.272651 1831.032528 1823.553681 1815.044079 1798.647858 1785.053900 1771.518170 1756.271800 1751.324285 1746.963772 1747.626080 1735.956782 1725.546743 1706.780014 1690.429619 1673.417816 1660.962366 1653.376216 1645.806599 1647.841770 1661.817241 1670.191056 1657.610514 1648.094131 1636.502987 1631.501449 1629.066838 1631.784399 1642.817634 1665.544241 1685.607903 1694.907091 1690.000567 1688.562343 1689.696565 1691.316070 1699.224233 1714.778184 1735.557409 1757.684903 1775.116931 1785.641033 1794.229860 1804.840135 1819.388750 1833.002859 1846.270888 1862.475678 1881.792794 1895.817301
1841.987721 1832.011488 1822.087816 1810.939415 1799.302580 1791.636007 1791.115153 1782.484934 1773.870153 1755.284019 1705.877382 1685.000320 1664.355579 1646.454717 1638.353527 1629.060377 1618.753671 1608.662026 1601.290047 1594.210963 1577.045037 1557.218214 1538.298074 1530.730798 1524.610662 1512.993902 1515.349199 1517.587262 1523.248501 1516.543520 1512.018970 1511.158131 1509.510039 1513.416059 1528.107945 1540.995433 1552.661750 1561.705338 1564.519289 1575.475592 1585.541272 1593.691091 1612.529844 1628.269589 1648.140801 1671.997704 1698.289520 1714.179900 1725.873900 1738.526945 1755.296209 1772.479200 1789.980559 1811.950710 1836.013367 1851.427912
1799.874096 1785.292489 1770.115543 1755.889556 1741.309892 1725.612069 1723.838735 1717.389725 1705.146956 1658.435329 1612.581139 1576.040492 1553.928046 1527.960293 1513.174430 1498.907252 1469.219735 1453.162876 1446.561771 1451.152812 1440.053177 1420.443893 1403.786564 1392.935305 1383.864426 1368.814706 1357.561644 1361.962979 1374.974753 1371.579820 1371.091259 1376.287468 1375.484926 1372.637996 1378.330880 1394.182189 1404.272059 1417.180772 1432.908606 1441.079570 1455.059696 1485.959946 1503.174745 1522.103171 1546.057887 1572.089131 1599.015477 1623.638402 1640.828826 1658.984653 1680.627474 1699.668860 1721.874317 1746.130859 1775.267719 1795.491024
1731.094931 1709.618789 1690.566608 1670.081886 1645.332972 1621.624567 1615.588711 1604.590244 1579.263499 1527.204067 1482.523395 1448.689916 1421.702367 1393.499982 1370.604763 1339.487773 1305.873525 1284.116758 1289.732853 1295.944471 1296.395496 1280.564638 1265.889590 1253.887145 1237.956209 1221.328343 1208.352367 1216.887398 1225.305428 1235.363799 1239.638498 1243.747956 1247.380144 1247.042568 1242.820845 1247.963025 1258.571182 1271.154864 1284.591116 1302.357128 1335.786577 1363.633006 1384.611574 1409.345330 1434.178711 1462.161937 1491.384901 1518.488621 1540.120206 1563.855005 1587.859731 1612.979308 1637.127160 1664.662591 1696.103237 1722.664702
1646.682676 1616.854355 1590.350964 1558.714887 1514.495193 1495.451964 1482.520702 1463.903237 1421.064364 1373.497486 1335.792493 1309.019636 1280.409397 1253.599414 1223.713148 1190.218699 1163.263966 1142.085153 1148.304341 1154.590653 1165.850563 1153.011098 1141.131161 1134.180530 1118.312262 1103.806426 1088.614338 1095.676465 1105.814222 1123.977805 1128.557009 1132.373858 1140.110995 1139.710200 1137.775963 1128.659279 1138.354132 1150.426760 1166.095325 1196.203233 1222.866189 1249.185667 1273.448782 1297.135894 1323.643584 1352.125447 1381.292011 1412.336837 1437.583501 1462.710892 1490.219887 1516.061948 1539.252000 1564.673491 1595.193619 1621.955486
1526.297933 1499.775224 1470.762691 1428.458956 1380.134358 1340.893183 1319.400282 1275.580144 1237.803212 1201.256536 1182.610848 1161.645776 1136.096858 1112.346371 1089.348817 1062.573152 1039.476295 1014.448393 1017.627406 1029.723576 1043.207360 1037.697023 1033.951735 1030.252281 1018.707989 1004.624686 990.761259 994.208081 1009.588222 1026.607109 1034.576078 1041.584310 1049.470814 1049.977226 1043.325010 1035.462670 1041.933540 1057.329328 1074.785935 1096.737169 1120.583456 1144.327994 1167.144293 1192.510848 1219.142959 1246.601839 1276.305785 1307.601759 1332.983557 1362.056296 1392.214551 1417.077355 1434.814349 1454.063755 1483.312047 1507.115525
1403.571454 1374.751222 1343.573405 1298.613501 1253.066927 1207.484678 1164.292345 1128.383322 1094.785086 1076.124156 1055.034928 1035.419552 1015.719640 993.065298 972.728893 953.449809 930.691434 913.538045 918.527820 931.023051 941.073631 943.902170 940.476133 937.025269 929.409929 915.380651 906.140888 914.732202 930.002812 944.688631 955.196018 962.114628 968.275854 965.867609 957.962283 953.192363 961.951323 978.252136 993.859655 1011.869110 1034.433540 1057.012105 1080.376187 1105.019213 1129.918172 1157.497912 1186.165421 1215.664183 1245.470993 1273.042189 1299.077002 1314.946955 1331.449343 1343.420705 1364.478032 1388.296309
1264.441293 1235.397073 1204.032483 1168.481335 1127.991101 1095.872364 1061.561296 1028.603381 996.357832 968.891824 950.727731 939.817858 923.904613 903.862503 889.760348 872.284355 855.387113 855.728564 857.891120 868.116857 868.433526 868.697547 865.434386 864.080324 859.816496 849.728181 857.343892 864.604862 879.013118 889.709193 899.267328 905.565756 909.782226 910.116439 904.391869 908.670007 916.125652 931.141169 943.600944 959.262155 980.867901 999.344566 1020.022791 1043.615901 1068.183770 1094.119615 1121.858487 1151.905519 1179.435285 1202.044906 1214.772236 1229.250645 1238.744591 1237.023765 1255.459013 1275.196555
