tests/Borden05m/data_simulated/sim_1/output-maps/psiliqL0025N0017.asc
ncols         160
nrows         34
xllcorner     620200.000000
yllcorner     5168000.000000
cellsize      0.500000
NODATA_value  -9999.0
[rows 0 to 24 of 34, columns 55 to 109 of 160]
-9999.0 -9999.0 -9999.0 -9999.0 -9999.0 -9999.0 -9999.0 -9999.0 -9999.0 -9999.0 -9999.0 -9999.0 -9999.0 -9999.0 -9999.0 -9999.0 -9999.0 -9999.0 -9999.0 -9999.0 -9999.0 -9999.0 -9999.0 -9999.0 -9999.0 -9999.0 -9999.0 -9999.0 -9999.0 -9999.0 -9999.0 -9999.0 -9999.0 -9999.0 -9999.0 -9999.0 -9999.0 -9999.0 -9999.0 -9999.0 -9999.0 -9999.0 -9999.0 -9999.0 -9999.0 -9999.0 -9999.0 -9999.0 -9999.0 -9999.0 -9999.0 -9999.0 -9999.0 -9999.0 -9999.0
-9999.0 -9999.0 -9999.0 -9999.0 3198.710157 3193.388558 3188.570197 3184.071923 3176.750460 3167.475285 3159.558775 3155.371378 3154.202284 3153.338527 3152.693234 3157.546121 3165.552303 3173.118249 3179.909333 3180.796303 3183.005965 3184.826642 3185.021819 3183.825400 3180.626416 3178.805572 3175.442966 3173.732831 3166.308327 3155.153720 3146.800523 3144.099919 3148.285126 3152.627500 3155.086613 3160.308121 3170.706265 3181.252339 3188.243469 3200.587800 3207.520513 3212.874838 3215.527291 3211.576157 3208.337917 3204.431636 3198.490890 3187.427959 -9999.0 -9999.0 -9999.0 -9999.0 -9999.0 -9999.0 -9999.0
3144.888550 3163.216540 3182.802300 3185.888661 3175.453946 3170.423948 3167.255825 3165.534977 3161.245037 3152.704360 3147.534407 3142.011287 3139.368668 3139.319404 3139.154315 3142.789039 3153.440710 3161.184291 3165.694776 3168.218373 3170.980278 3169.442855 3168.623770 3168.335893 3165.388195 3161.906416 3158.483068 3156.597860 3157.949646 3150.334335 3144.357824 3140.478876 3137.604005 3140.311712 3142.983013 3147.477679 3156.662872 3164.577108 3172.451119 3185.974384 3198.941318 3204.633468 3202.144165 3197.593626 3193.938310 3186.728450 3177.500288 3167.575464 3159.418514 3153.297401 3147.983285 3141.678325 3148.126289 3155.960193 3165.372522
3128.129112 3147.210782 3167.509323 3170.031995 3159.729582 3151.927819 3145.182802 3145.626797 3148.996480 3145.680751 3140.805808 3133.144816 3142.954222 3143.881410 3144.522645 3147.627457 3149.519045 3154.409010 3156.769431 3162.020112 3170.900600 3173.616880 3173.978831 3173.954458 3171.910056 3168.598304 3166.584438 3163.733526 3158.410388 3156.618932 3156.272699 3155.027288 3159.144003 3160.555605 3163.474109 3157.914796 3162.283673 3168.535254 3175.402119 3180.903402 3185.387269 3187.982635 3184.766602 3185.424916 3178.771038 3165.267858 3155.544147 3148.105727 3148.260590 3145.371127 3137.534918 3123.974447 3132.273244 3148.419116 3153.258632
3132.278383 3141.087620 3151.604723 3154.040100 3148.929774 3151.000470 3152.690793 3153.829006 3151.896357 3148.293536 3143.976578 3154.405543 3162.538987 3163.808720 3166.149209 3169.974746 3170.739865 3159.732478 3157.587298 3164.821780 3174.297977 3179.375903 3179.457157 3179.015589 3175.366474 3174.135066 3173.839591 3171.943972 3171.453310 3173.004052 3170.686972 3173.699890 3179.076885 3180.511286 3176.950795 3168.585153 3170.752547 3179.110645 3186.278143 3193.777485 3203.929089 3214.803192 3215.075923 3210.602020 3202.292052 3190.021872 3169.438346 3151.982723 3141.128233 3133.299875 3126.150359 3129.015371 3124.539318 3138.264387 3140.137803
3118.442968 3138.688011 3158.542424 3164.396416 3158.287703 3154.354342 3152.901355 3153.428991 3152.418856 3152.922629 3161.745764 3173.419439 3182.803785 3184.547598 3186.240039 3184.990607 3179.260027 3168.959631 3166.130558 3179.309777 3193.791524 3201.432234 3200.898117 3196.723550 3199.997479 3199.929490 3200.203097 3196.678799 3197.431946 3195.239108 3200.918832 3208.537519 3216.395059 3214.894413 3202.660393 3190.434485 3190.298380 3195.598046 3202.215571 3209.737572 3219.948769 3229.189163 3224.485034 3219.343532 3211.978499 3186.484943 3165.760102 3151.657977 3152.019950 3152.881603 3148.676170 3146.720680 3145.786350 3141.612917 3141.911085
3154.413022 3173.475462 3191.643869 3204.482119 3198.170110 3190.511222 3181.807360 3181.868439 3182.278178 3188.067154 3198.390571 3211.219022 3232.725552 3232.218063 3232.682656 3231.530197 3218.781198 3205.581690 3195.466008 3217.101708 3227.853277 3234.997318 3232.631605 3237.980351 3246.612238 3242.907670 3236.451618 3224.494918 3230.090922 3236.897742 3251.964924 3259.760457 3264.902858 3260.581816 3246.938385 3240.286869 3241.620423 3247.799447 3248.765213 3257.158761 3266.096630 3281.104948 3279.966518 3276.402938 3256.553069 3219.839488 3190.665506 3179.828586 3188.919849 3183.394283 3179.142885 3179.003792 3167.907585 3160.613490 3163.242066
3185.075352 3198.465147 3214.476955 3230.887848 3222.141937 3211.799854 3195.415392 3192.328119 3196.564315 3206.505865 3223.881808 3241.968019 3261.935210 3261.159993 3255.183245 3264.660377 3257.674317 3246.907523 3239.289603 3259.815976 3269.964311 3280.178973 3286.116663 3298.670012 3309.107652 3293.101902 3276.421603 3266.399774 3273.231153 3298.284114 3320.216384 3325.002899 3324.227030 3323.921282 3309.144392 3304.203909 3300.581033 3300.541222 3297.725122 3295.750245 3320.570726 3341.785988 3341.581745 3320.110818 3297.513380 3258.490699 3221.050034 3196.521912 3208.577162 3205.534304 3208.854655 3198.649265 3186.916224 3179.415970 3178.633770
3235.944575 3257.802711 3274.261342 3295.774809 3287.278953 3264.584911 3249.074046 3251.656017 3264.923390 3272.713091 3290.714756 3308.142468 3334.188170 3346.821162 3358.478051 3361.969921 3355.126662 3346.533186 3334.413716 3339.054807 3362.322532 3373.490833 3381.902930 3390.412421 3402.976427 3403.705934 3397.105031 3395.347007 3399.591977 3412.534815 3426.526502 3433.238716 3436.458698 3439.290403 3426.832869 3414.178146 3411.864127 3406.201109 3404.595744 3403.747039 3414.594892 3434.490868 3431.495874 3395.974021 3369.373248 3335.220624 3297.248553 3268.052980 3261.322040 3279.599351 3277.071736 3261.015611 3250.154248 3223.849339 3218.273142
3305.905669 3338.757179 3363.082907 3373.055134 3380.710626 3366.541004 3364.581932 3368.574337 3376.704664 3379.813418 3386.188896 3418.399322 3452.074199 3477.221317 3499.942954 3507.098669 3494.909515 3485.102728 3471.677515 3462.807687 3473.299796 3490.273145 3507.807694 3522.734547 3534.019621 3536.195477 3534.635087 3534.699979 3537.715400 3540.697704 3544.899330 3553.191261 3560.792784 3569.488788 3577.719318 3567.631310 3550.748487 3541.307398 3532.010628 3530.981849 3532.237789 3535.777219 3536.865658 3520.892388 3479.792604 3448.608800 3416.720862 3396.714444 3383.198739 3382.286148 3364.674130 3340.775907 3290.121870 3252.977305 3221.795020
3391.820012 3435.405416 3464.545127 3481.954263 3494.663843 3491.921362 3493.678940 3494.693920 3498.452337 3500.893330 3503.795081 3530.223954 3571.422222 3610.585772 3641.673018 3641.719178 3628.186433 3616.874863 3607.664261 3593.482297 3589.559025 3601.901873 3617.065499 3637.115695 3647.596632 3653.885018 3650.723961 3650.953335 3652.679579 3655.003112 3657.125048 3660.672148 3670.190261 3685.108959 3699.458429 3698.705649 3680.057029 3662.161211 3646.092233 3643.398676 3640.801620 3635.879322 3638.171745 3640.064476 3624.741096 3593.887741 3554.446018 3514.081152 3496.958706 3481.652034 3470.839285 3454.169414 3414.793262 3349.824786 3311.282812
3506.686048 3540.351914 3569.257875 3599.453449 3614.423053 3616.862881 3614.386600 3613.303037 3620.276119 3623.124588 3628.944548 3645.461784 3677.213166 3712.388513 3741.947785 3757.417328 3749.765183 3732.007540 3709.982417 3700.339324 3697.482759 3701.032914 3710.440483 3723.129135 3742.511241 3761.816919 3767.576804 3768.455211 3765.784374 3768.193222 3769.743397 3769.858356 3772.718905 3781.107558 3790.907277 3794.261171 3786.579618 3765.685016 3742.304424 3730.825243 3724.252437 3720.817153 3721.729892 3726.769303 3729.893452 3715.239188 3679.904587 3635.735375 3605.697706 3590.326931 3577.496407 3563.617363 3551.353323 3519.231751 3498.534168
3615.431532 3630.574996 3658.673073 3687.371237 3710.042025 3724.770762 3725.253090 3728.335489 3733.075441 3740.460636 3755.529057 3778.727435 3797.656100 3820.158315 3846.644432 3862.829466 3868.091367 3866.460748 3862.450606 3863.659285 3864.010104 3801.502159 3807.738359 3813.954048 3830.966520 3846.306829 3851.857235 3852.491875 3849.960081 3851.786843 3852.548460 3852.445701 3852.073638 3854.374365 3859.426890 3861.357943 3858.970686 3846.397897 3864.496497 3844.497134 3831.047844 3822.845837 3814.609416 3806.356154 3796.933242 3787.061476 3767.099260 3736.323576 3702.010726 3680.415112 3672.452052 3666.392795 3658.024627 3652.396274 3635.502593
3713.956725 3724.526304 3742.662269 3765.339763 3799.179004 3822.528941 3833.904255 3843.190004 3847.851248 3861.763736 3878.370426 3862.445152 3870.739588 3879.322806 3887.851147 3890.779850 3891.618407 3891.231472 3888.840305 3888.066822 3885.653022 3882.167843 3871.712843 3873.321346 3875.266124 3877.885854 3881.617662 3880.510045 3881.618851 3884.572879 3882.814249 3876.775142 3872.702342 3871.127480 3872.121213 3879.554132 3883.040319 3883.997316 3880.645810 3879.713436 3878.718912 3875.323690 3871.084815 3865.109246 3857.465321 3872.204792 3860.171276 3832.189149 3792.034384 3750.951864 3743.216687 3744.934092 3744.869472 3743.351305 3737.781466
3838.589597 3852.244223 3867.009809 3844.925504 3867.228901 3878.643052 3883.980120 3888.086915 3890.890516 3894.007777 3890.996235 3887.985338 3883.102398 3881.540747 3880.190349 3877.753345 3878.384628 3876.498297 3872.437161 3868.403947 3860.457597 3848.901285 3837.725330 3834.172064 3838.479908 3844.097498 3849.246657 3853.688445 3857.410232 3857.426926 3851.962332 3843.537004 3835.991022 3834.330775 3841.207996 3846.952926 3853.471445 3854.346678 3852.953955 3850.465561 3850.222353 3846.955331 3847.166901 3854.242393 3868.993066 3871.747541 3877.639747 3876.800647 3860.180691 3830.085732 3841.470740 3821.548299 3827.562126 3822.988944 3811.666422
3882.310723 3885.077102 3883.449232 3882.345789 3875.971215 3869.921448 3869.147290 3873.168982 3880.220456 3881.290771 3874.247166 3865.681058 3858.464176 3851.052454 3848.717868 3848.157586 3847.909587 3848.416534 3843.132186 3833.842699 3816.855298 3805.289011 3794.230740 3788.296008 3784.529323 3788.001999 3799.238100 3811.396063 3816.435588 3807.163024 3798.712752 3786.905496 3778.836361 3779.283452 3780.329113 3789.830344 3806.653739 3814.168693 3814.957061 3808.490507 3802.008943 3795.348149 3792.278317 3798.702551 3813.996031 3830.749122 3846.347992 3855.487931 3863.208027 3870.322742 3868.778368 3871.515024 3873.020874 3870.894808 3873.881603
3876.673766 3869.700795 3862.736705 3857.454350 3851.024484 3845.737594 3843.920544 3845.820236 3847.786145 3843.716356 3837.359883 3827.395476 3816.409277 3806.747352 3799.179162 3800.221950 3802.597548 3804.274906 3797.026991 3781.712676 3763.951083 3750.507566 3736.676475 3732.768179 3726.906517 3719.301369 3729.427465 3749.134038 3756.506120 3740.452785 3729.586920 3714.409816 3707.826388 3703.838440 3704.621043 3713.542842 3736.006875 3760.057125 3762.124172 3751.169072 3740.285557 3735.538208 3732.304883 3736.907800 3753.601954 3774.362183 3790.408591 3800.808861 3806.126085 3813.898021 3823.277663 3837.521113 3852.313632 3864.640381 3869.360112
3851.617371 3843.882057 3836.252743 3828.670351 3821.817658 3815.668047 3811.422018 3809.498283 3805.622152 3799.577547 3792.615781 3772.110562 3759.768175 3746.959708 3732.153619 3728.353495 3723.663064 3724.823809 3713.407392 3705.478467 3689.069759 3673.807925 3658.275235 3645.028521 3639.349903 3632.701105 3631.087224 3644.578481 3653.017306 3643.502231 3633.827325 3623.183126 3618.664046 3615.308886 3617.777313 3628.202751 3647.745174 3666.038462 3674.417111 3667.044597 3665.676108 3665.619216 3663.996787 3670.228744 3680.977592 3698.846873 3721.124793 3739.959267 3749.766845 3756.588860 3765.753887 3780.123304 3794.187881 3808.486251 3826.433283
3821.217682 3811.973427 3802.129549 3792.498944 3782.101213 3771.645093 3765.236132 3767.950173 3762.018353 3756.488468 3733.990411 3679.155042 3658.255851 3639.504067 3623.452695 3616.893393 3608.621978 3592.690777 3584.157435 3579.773740 3581.991278 3568.140066 3550.827260 3533.263465 3528.452134 3524.975554 3507.713892 3503.174859 3503.740314 3519.970253 3513.940141 3512.691967 3514.600519 3512.219776 3513.500702 3526.227477 3533.905729 3539.321107 3546.021326 3550.749010 3561.200484 3569.099097 3579.179751 3596.154615 3606.871830 3622.009448 3642.143740 3667.572096 3682.854052 3692.202848 3702.449707 3717.590338 3733.624409 3751.229969 3773.502644
3786.763403 3770.369604 3755.928674 3741.771281 3729.225467 3716.556702 3700.942208 3702.963171 3700.973440 3690.905818 3636.366020 3595.868925 3562.367372 3545.454884 3522.116639 3508.846358 3492.751114 3454.614259 3437.422616 3437.197306 3452.266465 3448.976694 3433.882304 3422.178862 3412.912788 3403.664088 3386.034872 3367.308503 3373.430892 3391.964661 3392.990954 3396.404122 3404.313234 3403.806220 3397.049677 3394.216386 3406.135697 3411.475630 3422.541082 3440.083823 3444.829421 3461.084188 3494.599845 3507.162521 3521.882993 3539.923489 3559.979221 3581.670708 3603.905164 3617.658654 3632.546036 3650.700008 3667.102635 3687.153896 3709.493167
3736.327306 3705.520350 3684.668577 3667.549450 3648.700068 3622.067902 3602.337550 3600.350966 3594.456541 3565.707676 3513.829807 3478.671680 3455.730349 3434.376863 3411.823190 3388.494154 3351.901322 3317.582329 3296.127172 3312.280070 3323.835552 3335.814256 3324.698731 3314.196753 3304.832739 3286.941554 3270.249977 3253.880867 3264.994597 3273.678697 3292.841307 3299.787043 3303.711584 3309.623482 3308.111865 3297.148615 3291.732814 3299.581133 3309.204181 3320.937561 3342.267455 3377.058922 3401.357740 3419.134628 3439.091969 3457.214252 3478.012772 3500.400354 3522.624946 3539.092349 3556.891160 3574.834573 3595.205770 3613.891282 3636.312150
3656.813315 3628.990129 3603.092653 3580.392341 3549.193720 3503.321003 3489.391912 3480.870188 3459.373220 3412.356371 3371.315319 3351.717909 3339.500298 3316.969288 3296.688787 3268.439817 3235.137449 3214.157081 3194.127723 3205.018550 3215.795668 3236.405522 3228.070222 3221.668537 3219.031309 3203.938238 3190.877545 3174.542332 3180.897556 3193.153143 3216.781907 3222.826689 3226.970064 3236.384113 3235.572325 3230.756199 3212.834925 3219.284011 3229.777465 3243.993179 3274.682377 3296.739214 3318.613226 3339.755806 3358.450210 3378.873209 3400.349544 3422.597724 3448.200401 3467.015483 3485.290875 3506.101558 3524.609332 3538.359057 3554.011155
3549.543991 3526.137949 3507.198166 3483.679656 3441.475606 3398.309751 3358.503244 3332.350584 3280.655068 3246.637820 3227.352516 3227.468045 3216.325957 3197.665820 3179.932786 3163.960707 3143.125017 3125.222560 3100.829814 3106.859879 3123.271586 3140.852242 3142.769963 3144.231863 3143.168490 3134.245877 3121.043732 3107.581087 3111.416494 3128.627848 3146.678147 3156.831533 3164.572785 3172.272946 3171.880858 3162.081138 3151.757668 3156.178273 3171.093335 3184.598423 3201.323698 3221.165726 3241.013033 3260.523281 3282.069627 3303.698519 3325.588974 3349.383461 3374.743174 3395.007540 3417.628176 3440.970253 3456.556892 3464.409966 3471.315037
3448.163177 3429.743931 3407.430580 3380.763897 3340.114674 3301.477297 3261.706239 3215.407318 3183.586876 3158.625700 3153.251826 3139.246487 3127.426061 3114.402109 3095.418141 3080.478542 3066.951429 3046.697798 3037.736922 3045.732862 3059.724038 3068.224191 3075.604905 3073.971863 3072.076877 3066.867756 3053.203429 3049.420042 3059.566561 3074.763840 3088.390247 3099.968786 3106.801002 3111.764540 3108.547628 3099.128081 3096.016926 3103.853600 3118.869260 3131.611992 3145.554798 3165.148912 3182.177388 3202.393269 3223.449429 3244.117818 3267.176738 3290.949688 3315.590342 3341.385214 3362.436648 3379.364373 3386.812951 3394.977324 3393.343986
3326.901950 3316.521089 3291.819428 3264.652597 3236.724673 3205.136398 3182.494291 3155.073170 3126.734437 3099.450291 3075.109069 3064.423173 3059.820073 3048.948566 3033.478785 3023.640890 3009.302900 3000.523014 3007.622755 3009.392045 3017.788631 3016.226684 3017.617813 3015.621801 3015.404956 3013.600181 3007.923484 3020.105265 3026.304533 3039.587434 3049.507135 3059.141362 3064.764456 3068.131503 3069.116766 3064.760323 3070.401463 3076.000491 3089.075759 3099.527211 3112.134220 3131.000200 3146.587434 3164.075528 3183.116015 3204.377199 3226.447539 3250.410125 3276.706867 3299.630761 3315.715006 3320.840910 3328.436872 3328.286074 3315.614852
