tests/Borden05m/data_simulated/sim_1/output-maps/psiliqL0007N0017.asc
ncols         160
nrows         34
xllcorner     620200.000000
yllcorner     5168000.000000
cellsize      0.500000
NODATA_value  -9999.0
[rows 0 to 24 of 34, columns 57 to 113 of 160]
-9999.0 -9999.0 -9999.0 -9999.0 -9999.0 -9999.0 -9999.0 -9999.0 -9999.0 -9999.0 -9999.0 -9999.0 -9999.0 -9999.0 -9999.0 -9999.0 -9999.0 -9999.0 -9999.0 -9999.0 -9999.0 -9999.0 -9999.0 -9999.0 -9999.0 -9999.0 -9999.0 -9999.0 -9999.0 -9999.0 -9999.0 -9999.0 -9999.0 -9999.0 -9999.0 -9999.0 -9999.0 -9999.0 -9999.0 -9999.0 -9999.0 -9999.0 -9999.0 -9999.0 -9999.0 -9999.0 -9999.0 -9999.0 -9999.0 -9999.0 -9999.0 -9999.0 -9999.0 -9999.0 -9999.0 -9999.0 -9999.0
-9999.0 -9999.0 -391.340792 -397.046942 -402.668891 -407.966159 -417.389882 -426.905607 -435.882098 -440.029246 -441.054192 -442.035983 -442.506227 -437.180163 -429.228444 -421.574781 -414.271461 -411.911439 -409.476018 -407.107761 -406.576259 -407.945190 -411.292636 -414.673010 -418.179340 -419.683014 -428.274145 -439.977800 -449.167097 -452.003600 -447.409347 -442.789108 -440.182362 -433.849348 -422.671427 -411.446055 -402.597211 -390.611416 -385.029876 -379.693485 -376.251692 -380.233258 -383.728495 -387.307794 -391.845770 -402.932941 -9999.0 -9999.0 -9999.0 -9999.0 -9999.0 -9999.0 -9999.0 -9999.0 -9999.0 -9999.0 -9999.0
-409.595297 -406.317603 -417.215273 -422.145533 -425.659190 -428.094144 -433.550227 -442.652581 -448.318718 -454.005287 -455.758340 -455.901157 -455.943311 -451.740799 -441.895203 -433.862864 -429.045222 -426.653083 -424.214795 -423.995225 -424.496542 -424.949144 -427.939084 -431.452279 -434.948771 -436.800623 -436.934194 -444.689288 -450.058591 -453.325965 -454.392333 -451.924282 -449.594052 -446.639772 -436.738860 -428.161475 -419.564804 -405.199877 -392.673534 -387.290626 -389.569763 -394.582768 -398.189564 -404.422275 -414.099185 -424.616053 -435.348411 -442.649116 -447.981584 -453.007564 -446.727656 -440.245803 -429.633980 -419.062389 -406.744685 -394.353619 -9999.0
-426.099111 -423.324865 -434.512232 -443.283433 -447.695944 -447.881930 -446.020901 -450.030297 -454.952133 -458.966769 -451.393638 -450.240821 -449.125373 -445.967902 -442.472511 -440.463183 -437.677209 -432.332440 -423.287571 -420.663773 -420.183786 -420.101064 -421.987104 -425.180042 -427.025262 -429.882032 -435.175996 -436.030440 -435.510253 -435.317148 -429.878111 -428.355293 -427.156360 -434.422830 -431.092369 -424.616730 -417.482654 -410.067601 -402.680319 -397.593293 -400.601223 -401.931597 -410.245384 -424.119787 -435.775831 -444.614512 -447.339150 -450.415399 -457.990234 -469.958554 -462.985693 -447.209801 -442.338625 -438.341301 -426.057477 -413.508507 -403.138551
-441.966685 -439.088636 -444.461331 -443.873140 -442.696482 -441.404535 -443.245141 -446.421236 -447.671446 -434.402275 -424.661354 -422.965718 -420.054865 -416.777666 -418.406487 -431.262969 -434.115260 -425.308150 -414.511292 -408.373237 -408.213737 -408.228667 -409.585890 -410.677126 -411.314453 -413.889836 -412.599427 -409.748765 -408.582807 -403.037734 -397.147624 -394.410205 -403.639670 -413.299647 -413.032985 -405.288054 -397.203604 -389.499631 -377.933781 -365.639185 -367.028012 -373.101792 -382.381113 -396.632983 -420.701673 -441.122891 -451.658893 -458.054084 -464.870096 -465.858405 -467.719838 -457.178426 -455.205717 -453.381841 -444.433551 -433.870207 -423.586335
-427.946049 -419.432058 -425.891060 -432.186293 -436.238357 -435.894842 -435.630006 -431.785720 -417.731524 -403.032325 -386.819730 -383.810705 -381.015874 -381.246612 -391.701444 -402.636913 -407.424985 -391.662038 -375.268740 -366.418534 -365.027651 -363.694917 -354.600720 -356.937560 -360.176671 -366.199777 -363.368928 -359.514137 -346.628629 -338.447922 -331.373341 -333.419860 -345.901035 -357.526132 -360.043086 -358.593179 -356.997656 -350.941900 -339.614222 -328.454981 -333.546777 -342.166395 -354.238520 -385.359030 -415.287115 -433.363343 -432.703936 -432.282239 -436.916170 -440.157105 -444.110016 -452.067200 -452.456021 -452.920322 -453.333234 -441.108656 -428.735499
-378.964708 -361.768812 -367.979816 -377.294225 -389.272580 -389.036717 -385.010161 -375.861954 -361.066481 -340.059160 -313.019775 -307.362714 -301.984867 -296.845892 -308.344418 -321.721107 -334.727144 -318.537973 -307.562367 -296.647127 -291.279723 -277.057356 -264.849026 -270.323590 -280.341653 -290.414424 -282.819357 -265.946627 -248.151520 -240.336188 -236.252524 -235.461748 -246.512512 -253.233777 -257.655348 -258.759519 -264.065516 -261.455434 -248.284254 -230.455554 -230.711118 -245.646820 -273.758834 -314.973069 -354.773948 -380.465420 -377.667993 -384.799728 -391.417162 -396.647404 -411.856205 -424.316655 -425.095899 -435.056093 -441.653476 -430.197166 -424.107345
-324.509376 -303.907821 -306.757697 -319.038424 -331.946861 -331.363489 -321.629440 -310.610018 -288.274394 -258.033861 -225.874099 -207.890997 -196.544313 -185.117015 -192.782676 -204.087588 -215.298017 -209.141619 -193.160828 -176.798353 -160.900650 -144.089724 -128.995170 -135.503576 -146.507401 -149.381725 -143.533822 -123.023200 -105.027228 -97.949665 -94.513000 -89.464977 -96.081537 -105.358480 -116.151401 -126.784126 -136.558734 -142.630474 -125.403523 -108.948203 -112.386109 -142.264461 -174.716632 -218.468824 -264.453659 -306.257549 -315.922964 -318.950109 -322.820323 -341.272910 -359.618633 -381.489366 -394.615976 -404.877264 -421.275993 -417.216006 -411.375861
-202.576898 -176.586548 -168.743383 -184.226145 -188.938502 -182.184980 -167.746135 -158.793051 -140.397030 -105.254771 -64.330211 -34.900191 -10.695405 -5.530409 -14.343201 -23.994517 -38.461549 -44.306279 -29.900607 -16.633544 -4.132450 7.801875 19.558268 26.556771 25.409117 25.364126 28.235221 32.874783 39.617820 46.347854 52.621622 59.205523 59.880984 50.892367 42.206899 31.883004 22.512404 19.179382 18.046395 24.729995 23.104231 1.863878 -26.468464 -60.689963 -103.184839 -143.658897 -173.463146 -177.158653 -197.197295 -221.685639 -251.676303 -296.564073 -321.466727 -342.240640 -375.844249 -382.220426 -371.091527
-59.655057 -39.926659 -22.823175 -22.811462 -19.507731 -15.374806 -8.282661 -2.180043 6.517694 38.680714 73.894438 105.411070 130.779242 140.638761 131.961180 122.429611 111.517100 102.091003 102.976582 115.794149 131.416964 146.506509 156.574820 159.921451 158.443339 158.574015 160.099522 163.264441 165.556588 170.319134 176.828186 187.027505 198.997356 195.279531 179.175820 165.658530 149.697704 141.943121 138.584229 133.928254 133.115169 130.029000 104.589782 77.972587 46.178384 13.191237 -11.360034 -32.478352 -55.263425 -81.173912 -132.235050 -183.781821 -228.431052 -265.766082 -301.918781 -311.540650 -285.026544
66.581823 92.724280 108.366126 113.834943 116.741895 120.914606 128.641082 135.350691 144.077632 163.744568 198.322400 234.904331 266.279278 273.870195 267.186976 256.796749 246.487843 237.980697 234.469043 240.442736 249.389444 262.606193 273.205937 282.526140 282.876925 282.722560 283.270764 285.442898 286.389051 287.936373 292.770337 303.212283 312.644830 313.667891 304.115799 287.699141 268.926186 256.389770 246.776225 239.708650 238.371849 238.372244 235.305006 213.801028 180.685281 138.168404 108.205947 84.755887 70.059500 53.648056 34.310062 -8.825641 -35.236581 -70.887636 -112.883802 -147.699295 -118.022949
176.083463 204.976291 224.747259 234.983839 237.663869 243.370471 254.100998 262.975598 274.286432 291.030384 311.094959 339.166371 370.817714 391.595579 389.793966 376.888977 364.996851 362.481004 359.090215 363.292764 369.067133 374.129940 385.887116 395.373600 401.987881 400.209900 401.082311 403.482494 401.299279 403.718606 401.209356 406.755180 412.619796 411.550752 411.307256 398.218743 378.558412 355.767373 342.847085 336.582297 332.707711 331.977129 329.701972 319.246438 293.218826 256.694594 221.099856 195.394470 176.761176 162.517967 151.781499 139.512647 123.582890 96.301340 56.528766 19.999799 7.529776
277.668370 301.440021 326.209959 343.217870 349.538728 360.714965 372.911884 385.149670 397.642548 416.585330 428.435435 443.287053 464.328227 475.826864 481.645695 482.209458 482.833996 484.908361 484.091305 477.156442 478.640913 479.576966 481.124888 483.996283 485.062688 484.481946 484.759830 485.779548 485.350827 486.211693 485.409521 484.754035 485.502084 484.886134 485.003376 481.251089 475.949419 458.764426 446.627166 439.173249 431.754166 423.377446 414.034884 404.417923 388.465476 357.380992 322.319022 290.783444 274.149092 265.062616 258.177406 252.236368 237.509052 216.392526 188.770842 153.402893 116.844539
383.383622 398.486780 424.243759 440.009125 447.866242 459.981802 467.633932 479.285669 489.827953 490.772077 492.087952 493.756570 495.894763 496.790362 497.042153 496.833393 494.513706 493.939967 491.945960 486.237079 477.041683 478.120328 479.001979 480.881991 483.858816 481.775587 481.926085 485.395063 484.493579 479.801513 476.591768 475.153337 475.302874 481.883321 484.444233 484.171327 484.589785 483.901094 483.530339 483.056551 482.607456 482.218374 481.583859 479.011028 469.536038 447.440899 417.842418 385.012672 361.538082 351.190857 350.309696 345.678021 337.615487 315.851332 288.008475 253.375213 216.501189
482.399067 488.508112 492.117578 493.637347 494.339391 497.295810 500.221205 500.686296 497.158046 493.307036 488.435059 486.958829 485.839146 483.579694 484.156861 481.987226 477.766428 473.575265 465.869889 453.670999 441.475725 438.990859 443.260740 447.425214 450.579318 451.512173 451.550110 455.903096 453.085264 446.421731 440.036530 438.110314 444.155817 449.274069 452.778780 450.184954 451.392507 450.985167 452.044669 450.691882 452.187593 459.702542 474.003655 482.139060 483.023070 482.595913 480.185903 475.364079 456.555094 436.602735 438.192197 433.000620 419.552634 392.286524 366.159871 336.449848 306.392450
490.017753 487.560239 481.986189 476.504686 475.950565 479.928543 486.670234 488.092608 481.034207 472.245839 463.379723 455.429533 453.126660 451.330222 450.240598 449.694037 443.649250 434.533430 414.016160 398.135845 384.975070 378.007145 376.431968 381.481316 389.568558 396.460613 399.572740 395.262891 389.495989 380.425683 372.995692 373.301004 376.073954 384.296498 395.680454 397.489459 399.016241 395.775984 393.349627 389.170099 389.665975 400.319774 421.782649 438.295424 451.544581 460.020229 468.604412 475.215916 481.240740 481.351265 481.463752 481.077693 476.869778 461.266927 441.207623 418.197091 388.875304
466.195306 460.176340 453.099599 447.081994 445.396687 448.030783 451.294099 448.288982 440.947354 428.592279 411.011458 397.891387 391.107725 390.967035 392.293361 392.070040 385.231433 369.839441 349.848244 334.049838 318.953175 314.202314 309.424642 306.515337 316.484939 331.143358 336.125110 324.562981 316.065688 303.352985 296.262432 293.902088 295.678404 304.753275 322.270244 338.334981 339.418530 331.305445 323.625910 320.180258 319.785674 329.758299 351.920090 373.092502 388.666494 400.693464 412.503509 423.752738 434.152337 445.683585 458.680295 470.450552 481.166387 482.586750 481.868889 479.327362 462.407485
427.410601 416.699701 408.414382 401.739549 397.220919 394.740947 392.468929 386.394665 378.899486 366.131977 351.035124 337.615635 323.797873 320.085807 317.548512 318.878825 307.391662 295.283258 274.818868 258.532236 242.620630 233.417718 227.452533 221.863145 228.233355 243.746918 252.571749 238.055434 228.248304 215.364260 209.101762 206.090925 207.486599 216.919964 239.094717 257.114214 263.263639 255.672996 249.697391 247.387383 247.756239 254.628966 272.132088 293.644602 314.705949 331.120147 343.320931 353.587149 365.321672 380.979646 397.609508 417.319722 436.165180 455.552492 470.612502 479.784424 484.880975
379.679094 368.306371 357.102766 346.312732 340.159955 340.487765 333.609093 327.013307 315.134701 273.270689 256.200360 238.553818 223.825382 218.547344 211.522591 206.816977 197.247270 189.525834 178.711832 162.861469 146.073757 131.163151 126.067010 121.674287 116.204785 124.325296 128.232555 127.324735 120.255824 113.423760 110.115697 107.759725 111.330469 124.160674 136.487346 147.696702 153.303893 149.571954 155.227203 161.185461 163.143499 178.651917 193.312889 211.758814 233.566083 256.562351 269.868303 280.432186 292.468906 309.233554 328.013045 348.541493 373.236560 399.960316 421.439986 434.674123 447.287114
327.756692 313.337949 300.637546 288.290521 276.492621 276.787839 272.832643 265.695304 231.567535 190.416373 160.018204 142.434958 122.057830 112.048195 103.005204 81.482960 68.327357 60.324854 61.616178 50.149430 33.039191 18.391366 10.641108 4.702669 -6.449251 -11.607479 -7.567237 2.117239 -3.669404 -6.637403 -3.781485 -5.787111 -7.981763 -0.102170 14.235537 22.922346 32.053190 41.240448 46.252885 53.653166 77.302145 91.664316 106.628693 126.719061 148.503005 171.057219 190.253236 203.301412 217.849030 237.101629 254.831483 277.113599 302.326331 332.323571 354.251103 370.592263 384.257531
257.225896 241.654002 225.930116 208.719257 188.731128 186.348326 179.251640 165.082699 123.954903 84.665244 54.036734 32.328979 8.133533 -9.095998 -33.438972 -65.790378 -87.365970 -86.329845 -80.412064 -84.581527 -102.162918 -119.129858 -132.799385 -148.325584 -166.554298 -178.164269 -169.269190 -159.019943 -154.154346 -151.698131 -147.638869 -146.312765 -147.352853 -148.681092 -136.849817 -125.073725 -111.997984 -99.716046 -86.428808 -55.514561 -27.493732 -8.076224 13.874580 35.303686 59.080750 83.575704 104.524726 120.167238 138.556773 157.944181 178.832731 200.561891 226.634162 256.887768 281.598657 297.994650 313.426632
181.128446 160.487524 137.887035 104.244324 89.966496 81.164588 71.550505 40.244545 -1.212920 -40.638377 -71.248594 -101.158163 -132.108360 -164.954359 -202.351153 -236.836876 -260.129484 -254.336331 -247.440843 -239.051747 -254.501106 -269.759804 -278.924666 -295.452252 -311.341986 -326.021555 -317.265565 -307.209474 -291.558739 -287.932749 -284.575835 -278.382680 -279.820597 -281.503276 -286.639602 -275.958698 -264.162408 -248.780238 -218.374486 -186.395692 -154.482198 -126.535804 -98.970585 -69.741722 -39.518895 -10.458767 17.071985 37.815897 57.929262 79.938400 100.573771 120.277289 142.993236 170.065882 193.815619 213.323700 234.223502
89.042609 66.426405 33.949431 -8.527420 -40.862587 -55.082113 -90.661565 -129.827871 -179.724006 -211.147787 -238.233967 -267.745265 -294.443197 -319.609590 -349.745111 -375.629273 -400.063220 -396.257740 -384.084104 -370.516485 -379.240369 -384.878742 -388.901392 -401.308625 -415.503406 -429.366946 -425.522107 -410.637096 -393.781628 -387.287449 -381.062024 -373.562368 -373.542353 -379.737250 -387.936701 -381.886545 -368.058358 -351.367997 -327.674489 -302.262235 -276.647875 -252.053314 -223.791124 -192.558508 -159.456357 -123.779775 -87.975429 -61.005454 -31.154176 -2.069637 20.696550 35.520574 52.797347 79.096530 98.936759 120.999328 143.486807
-12.797932 -41.148350 -86.533901 -138.991662 -192.733843 -235.839739 -274.543149 -311.425747 -336.883803 -359.663414 -380.977549 -401.683815 -423.622114 -444.531537 -465.119048 -487.441507 -507.937209 -502.742517 -489.097009 -476.107794 -474.631603 -477.813640 -481.019397 -489.250114 -502.903858 -515.216871 -507.218595 -491.607352 -476.140498 -466.492215 -459.892713 -453.513990 -456.315120 -464.519758 -471.878027 -464.122949 -448.770475 -433.438741 -414.965303 -392.720529 -370.086141 -347.167616 -322.551005 -296.843396 -267.448644 -235.520502 -201.522814 -167.177801 -133.459315 -101.077300 -81.943421 -64.123686 -48.839929 -26.033565 -3.404940 20.127573 45.223369
-155.676093 -191.813712 -235.555065 -284.238229 -322.280580 -357.639053 -390.701032 -422.772098 -448.476535 -467.414896 -478.425204 -493.732402 -513.546906 -527.599935 -544.753609 -564.883693 -567.056341 -562.959793 -549.981659 -547.105249 -546.367598 -549.398658 -550.556928 -555.672405 -568.105400 -562.995108 -554.979595 -539.703461 -528.544954 -519.241480 -512.885542 -508.644413 -509.453803 -517.022404 -514.741188 -507.405071 -492.647226 -480.690787 -465.072764 -443.875315 -426.032139 -405.954961 -383.254779 -359.474740 -333.845994 -306.002782 -275.091315 -245.417227 -218.985961 -202.469039 -185.163865 -172.252902 -171.353012 -148.638702 -124.715089 -100.166693 -68.818463
