tests/Borden05m/data_simulated/sim_1/output-maps/psiliqL0029N0019.asc
ncols         160
nrows         34
xllcorner     620200.000000
yllcorner     5168000.000000
cellsize      0.500000
NODATA_value  -9999.0
[rows 0 to 24 of 34, columns 0 to 54 of 160]
-9999.0 -9999.0 -9999.0 -9999.0 -9999.0 -9999.0 -9999.0 -9999.0 -9999.0 -9999.0 -9999.0 -9999.0 -9999.0 -9999.0 -9999.0 -9999.0 -9999.0 -9999.0 -9999.0 -9999.0 -9999.0 -9999.0 -9999.0 -9999.0 -9999.0 -9999.0 -9999.0 -9999.0 -9999.0 -9999.0 -9999.0 -9999.0 -9999.0 -9999.0 -9999.0 -9999.0 -9999.0 -9999.0 -9999.0 -9999.0 -9999.0 -9999.0 -9999.0 -9999.0 -9999.0 -9999.0 -9999.0 -9999.0 -9999.0 -9999.0 -9999.0 -9999.0 -9999.0 -9999.0 -9999.0
-9999.0 -9999.0 -9999.0 -9999.0 -9999.0 -9999.0 -9999.0 -9999.0 -9999.0 -9999.0 -9999.0 -9999.0 -9999.0 -9999.0 -9999.0 -9999.0 -9999.0 -9999.0 -9999.0 -9999.0 -9999.0 -9999.0 -9999.0 -9999.0 -9999.0 -9999.0 -9999.0 -9999.0 -9999.0 -9999.0 -9999.0 -9999.0 -9999.0 -9999.0 -9999.0 -9999.0 -9999.0 -9999.0 -9999.0 -9999.0 -9999.0 -9999.0 -9999.0 -9999.0 -9999.0 -9999.0 -9999.0 -9999.0 -9999.0 -9999.0 -9999.0 -9999.0 -9999.0 -9999.0 -9999.0
-9999.0 -9999.0 -9999.0 -9999.0 -9999.0 -9999.0 -9999.0 -9999.0 -9999.0 -9999.0 -9999.0 -9999.0 -9999.0 -9999.0 -9999.0 -9999.0 -9999.0 -9999.0 -9999.0 -9999.0 -9999.0 -9999.0 -9999.0 -9999.0 -9999.0 -9999.0 -9999.0 -9999.0 -9999.0 -9999.0 -9999.0 -9999.0 -9999.0 -9999.0 -9999.0 -9999.0 -9999.0 -9999.0 -9999.0 -9999.0 -9999.0 -9999.0 -9999.0 -9999.0 -9999.0 -9999.0 -9999.0 3872.392507 3855.232813 3842.357425 3836.923909 3857.437330 3880.279761 3903.956950 3924.328708
-9999.0 -9999.0 -9999.0 -9999.0 -9999.0 -9999.0 -9999.0 -9999.0 -9999.0 -9999.0 -9999.0 -9999.0 -9999.0 -9999.0 -9999.0 -9999.0 -9999.0 -9999.0 -9999.0 -9999.0 -9999.0 -9999.0 -9999.0 -9999.0 -9999.0 -9999.0 -9999.0 -9999.0 -9999.0 -9999.0 -9999.0 -9999.0 -9999.0 -9999.0 -9999.0 -9999.0 -9999.0 -9999.0 -9999.0 -9999.0 3924.039848 3929.884736 3929.147530 3919.331746 3907.829274 3893.585008 3872.686330 3855.596439 3842.912037 3841.038429 3843.255566 3845.083373 3865.024265 3890.458111 3910.271209
-9999.0 -9999.0 -9999.0 -9999.0 -9999.0 -9999.0 -9999.0 -9999.0 -9999.0 -9999.0 -9999.0 -9999.0 -9999.0 -9999.0 -9999.0 -9999.0 -9999.0 -9999.0 -9999.0 -9999.0 -9999.0 -9999.0 -9999.0 -9999.0 -9999.0 -9999.0 -9999.0 -9999.0 -9999.0 -9999.0 -9999.0 -9999.0 -9999.0 -9999.0 3831.973476 3848.642816 3866.364655 3884.813779 3901.713654 3908.742144 3914.481043 3919.590376 3914.629850 3910.073034 3898.052627 3876.267106 3856.828325 3844.179981 3843.370296 3840.766264 3843.872828 3854.774762 3871.087114 3885.500955 3905.663475
-9999.0 -9999.0 -9999.0 -9999.0 -9999.0 -9999.0 -9999.0 -9999.0 -9999.0 -9999.0 -9999.0 -9999.0 -9999.0 -9999.0 -9999.0 -9999.0 -9999.0 -9999.0 -9999.0 -9999.0 -9999.0 -9999.0 -9999.0 -9999.0 -9999.0 -9999.0 -9999.0 -9999.0 3838.595428 3832.517031 3827.588099 3825.778069 3824.065821 3822.956347 3829.384669 3840.026093 3856.555533 3878.537772 3891.713955 3898.797967 3905.563381 3905.569651 3899.160448 3897.233813 3897.461506 3884.245987 3871.472310 3859.495533 3847.729993 3843.828504 3852.198823 3866.150540 3882.038010 3896.199729 3911.071394
-9999.0 -9999.0 -9999.0 -9999.0 -9999.0 -9999.0 -9999.0 -9999.0 -9999.0 -9999.0 -9999.0 -9999.0 -9999.0 -9999.0 -9999.0 -9999.0 -9999.0 -9999.0 -9999.0 -9999.0 -9999.0 -9999.0 -9999.0 3809.072799 3813.610244 3819.942514 3827.461111 3828.227045 3824.955332 3819.425796 3816.596780 3814.916741 3812.178751 3816.423489 3822.787078 3835.195310 3849.914729 3871.960463 3879.736111 3883.125149 3893.845084 3897.434949 3905.445167 3908.870257 3906.489201 3901.626752 3885.613147 3872.958693 3873.859739 3876.885865 3883.287253 3891.263875 3904.322070 3917.133974 3931.399130
-9999.0 -9999.0 -9999.0 -9999.0 -9999.0 -9999.0 -9999.0 -9999.0 -9999.0 -9999.0 -9999.0 -9999.0 -9999.0 -9999.0 -9999.0 -9999.0 -9999.0 -9999.0 -9999.0 3784.894809 3785.892698 3787.351406 3792.099362 3792.198883 3793.644625 3800.078737 3807.742924 3810.482420 3807.800987 3806.592258 3807.447805 3809.535113 3813.607533 3823.262712 3835.910926 3849.096205 3860.904309 3880.787283 3894.344929 3905.554213 3919.867143 3919.993015 3915.892975 3913.656730 3912.784214 3910.023841 3906.246158 3903.677642 3909.200912 3908.172247 3910.277938 3918.734897 3930.235397 3945.631627 3961.902884
-9999.0 -9999.0 -9999.0 -9999.0 -9999.0 -9999.0 -9999.0 -9999.0 -9999.0 -9999.0 -9999.0 -9999.0 -9999.0 -9999.0 -9999.0 -9999.0 3755.873749 3757.498392 3759.761366 3765.154041 3768.900726 3772.595020 3779.305367 3780.575257 3783.462565 3790.010726 3793.769759 3802.593947 3810.412081 3816.677613 3821.648800 3823.075269 3828.309986 3836.300741 3846.440754 3858.754229 3877.253058 3899.797804 3914.233159 3929.811962 3946.052086 3945.654366 3942.859173 3941.990709 3939.146709 3938.371180 3951.059987 3952.760896 3945.069759 3952.214636 3962.619431 3964.112947 3970.145330 3989.375799 4010.544344
-9999.0 -9999.0 -9999.0 -9999.0 -9999.0 -9999.0 -9999.0 -9999.0 -9999.0 -9999.0 -9999.0 -9999.0 -9999.0 3705.768879 3709.511071 3719.702556 3731.611134 3734.560895 3739.425260 3746.003165 3757.721138 3760.898495 3766.270876 3772.717726 3784.879726 3792.691741 3800.438012 3811.106144 3817.886765 3823.566489 3828.530248 3829.430148 3839.120485 3851.437122 3864.069894 3881.538635 3902.121656 3918.760319 3935.130951 3950.505224 3960.558212 3955.786190 3954.092418 3955.242232 3958.266853 3969.271614 3984.322900 3981.804056 3988.525973 4007.588074 4016.278225 4021.842474 4026.721424 4040.163330 4061.335281
-9999.0 -9999.0 -9999.0 -9999.0 -9999.0 -9999.0 -9999.0 -9999.0 -9999.0 -9999.0 3680.918725 3681.947989 3677.818356 3674.077734 3679.719489 3691.771629 3706.184785 3710.999973 3722.661645 3743.645595 3762.015371 3764.239094 3776.511387 3785.841212 3791.468366 3799.790709 3811.102605 3821.398993 3834.768410 3844.516908 3850.894639 3864.707631 3878.557721 3892.865807 3908.244227 3927.079664 3940.869896 3962.076136 3985.193691 3991.735365 4006.341275 4006.357761 4001.172099 3998.105268 4006.608344 4015.722220 4028.089144 4041.077317 4057.974921 4078.318258 4086.315429 4098.294146 4106.480505 4115.984632 4130.914828
-9999.0 -9999.0 -9999.0 -9999.0 -9999.0 -9999.0 -9999.0 -9999.0 3656.553212 3664.629804 3669.421826 3665.605999 3660.598333 3653.650309 3668.018563 3682.709393 3697.797909 3715.619398 3730.279628 3747.728621 3760.308329 3773.555277 3792.573519 3801.718971 3810.530497 3823.844984 3835.000752 3847.515966 3866.004783 3871.023122 3879.129778 3896.402594 3909.787520 3924.771843 3941.237099 3955.868711 3973.468613 4001.697683 4028.845172 4042.677366 4067.359887 4082.467929 4075.214747 4072.096411 4072.247176 4094.021876 4118.813317 4146.825738 4163.744061 4185.765983 4213.255894 4232.181579 4241.149651 4251.993728 4265.625989
-9999.0 -9999.0 -9999.0 -9999.0 -9999.0 -9999.0 3628.015455 3652.133651 3666.935618 3657.614740 3641.759982 3635.575044 3628.176200 3660.234516 3681.960881 3698.467235 3714.158994 3730.638473 3745.684618 3751.849393 3779.258010 3797.761522 3807.637835 3818.356364 3831.286551 3844.144950 3858.537109 3877.839370 3892.916633 3911.710737 3924.323870 3937.831042 3959.642769 3975.279663 3990.712797 4002.420523 4028.350366 4061.714234 4095.208512 4118.209341 4141.666641 4172.925068 4171.077016 4172.088658 4172.621020 4196.735579 4230.731569 4260.186141 4291.456854 4321.595217 4350.149038 4360.491440 4369.334551 4379.116962 4391.630742
-9999.0 -9999.0 -9999.0 -9999.0 3596.488729 3616.959336 3634.753036 3664.078638 3685.260487 3679.604798 3682.666519 3679.358723 3673.465655 3677.902370 3685.385005 3701.332134 3719.437345 3737.921273 3750.182904 3774.313471 3820.474212 3829.247906 3843.464684 3870.992634 3880.091125 3892.487529 3906.616868 3925.344408 3941.055077 3965.992489 3997.373511 4024.034255 4043.805738 4061.702662 4079.834116 4095.335713 4130.153251 4166.625492 4201.762985 4232.587495 4258.854952 4284.862853 4290.543397 4295.084891 4304.888184 4322.152908 4345.123916 4372.798534 4406.895033 4439.106654 4462.215988 4470.679177 4475.636103 4485.172078 4492.418684
-9999.0 -9999.0 -9999.0 3541.366080 3580.278783 3619.924976 3644.604429 3673.936331 3705.539843 3703.505736 3711.245515 3709.030366 3705.713896 3709.414446 3710.357131 3725.517373 3742.829005 3762.265349 3782.338194 3814.065181 3840.909994 3855.134636 3880.965175 3893.897225 3904.386902 3915.693297 3933.275665 3951.722354 3986.631771 4014.382052 4059.099611 4108.847615 4139.984402 4158.519003 4180.967977 4208.551244 4233.846747 4273.120955 4307.126171 4339.192660 4369.366904 4391.310621 4405.064927 4409.465227 4419.312414 4424.844354 4437.009127 4458.048274 4480.591328 4511.685182 4541.205587 4570.876238 4586.488589 4597.883009 4615.313358
-9999.0 -9999.0 3492.724503 3532.493537 3562.816355 3608.157622 3660.565879 3695.103870 3733.331082 3750.234387 3751.748672 3760.001022 3768.420937 3767.179677 3773.577667 3784.335565 3806.395141 3814.960756 3835.258150 3847.173420 3881.106071 3912.050628 3902.510655 3937.786724 3966.788206 3999.926165 4021.591614 4047.969668 4086.001235 4118.479416 4162.199991 4212.240787 4246.083415 4273.718295 4289.851491 4310.548607 4330.858502 4357.892291 4395.316233 4420.785685 4454.976452 4480.545063 4500.044413 4500.110892 4502.705206 4519.095623 4548.193175 4579.978687 4609.750178 4639.728627 4621.263501 4646.785043 4658.205747 4664.577642 4674.596515
-9999.0 -9999.0 3461.472265 3508.232216 3540.974966 3596.346199 3683.823105 3716.630287 3755.137491 3799.738682 3811.633023 3831.588839 3820.776810 3804.547321 3820.339159 3832.272733 3853.991216 3861.318501 3854.016906 3905.129556 3956.255226 3975.306312 3973.617540 4052.262921 4105.890262 4131.754879 4149.459848 4169.912950 4189.116030 4226.967427 4265.088301 4320.227280 4361.548286 4391.650387 4406.355082 4427.081645 4446.898138 4461.950728 4481.934009 4530.216259 4567.363420 4599.247834 4632.219077 4653.968132 4662.318634 4667.807763 4639.744625 4661.106401 4675.593054 4681.841059 4684.368761 4680.516686 4679.985954 4680.849989 4681.771326
-9999.0 3366.880927 3419.336003 3468.867736 3531.659220 3590.913211 3663.043265 3736.040898 3803.694725 3856.270075 3880.104448 3868.548005 3860.071899 3881.139506 3898.790504 3912.819036 3918.712790 3929.942844 3909.293020 3963.712707 3998.010839 4042.466183 4140.116609 4199.189767 4266.360173 4261.700947 4249.263065 4253.253853 4268.248846 4315.677883 4397.308821 4455.654920 4524.238592 4575.274733 4593.188542 4601.231494 4620.554235 4641.899485 4583.201042 4630.622417 4652.566958 4670.877963 4681.670983 4684.194817 4685.604400 4685.341914 4681.573908 4674.416810 4666.138765 4660.215647 4655.929618 4651.426373 4653.870294 4657.211655 4657.253197
-9999.0 3327.578372 3384.230812 3451.488708 3517.507024 3558.677462 3635.329672 3806.380859 3870.339367 3907.923666 3909.147194 3874.079986 3927.306849 3985.779953 4008.200080 4053.741411 4036.369235 4020.729467 3979.055984 4003.155667 4040.095577 4110.966166 4288.571173 4378.803582 4436.286119 4444.203588 4444.257320 4473.385117 4519.549232 4569.731080 4618.639030 4581.548759 4636.138799 4663.140347 4668.782790 4669.572609 4675.630976 4674.002987 4672.785227 4668.228322 4662.986060 4663.168795 4667.944572 4667.807590 4664.789581 4661.310914 4655.546926 4648.128437 4642.985860 4638.344934 4635.702739 4632.894275 4630.831339 4629.886114 4624.842789
-9999.0 3284.009690 3359.624854 3416.049695 3456.506860 3540.740076 3671.223037 3816.871850 3913.664378 3946.542558 3913.103792 3940.391161 4044.126916 4153.299021 4206.425077 4227.197760 4203.965128 4150.079189 4125.478921 4169.545826 4242.118762 4369.008012 4519.162990 4624.410482 4640.784406 4644.547398 4591.184679 4619.897375 4646.510402 4649.668492 4650.918100 4660.037976 4665.206604 4668.277485 4666.666377 4663.761993 4658.897421 4650.612822 4645.834292 4642.054163 4638.212717 4636.895687 4638.771945 4640.779446 4637.882524 4633.948978 4629.457927 4623.884107 4617.504669 4610.668916 4606.225335 4601.864039 4599.679211 4593.888542 4590.466214
-9999.0 3153.650096 3251.927315 3287.829846 3350.016314 3541.963587 3671.296376 3808.467021 3978.176543 3994.091784 4032.518198 4177.248010 4300.806771 4383.861412 4411.116454 4443.667307 4468.212643 4483.397109 4521.548930 4385.303457 4472.285596 4580.107136 4630.172948 4651.883298 4664.014230 4664.429303 4654.204139 4633.044799 4622.227383 4615.461912 4617.076653 4624.407118 4628.938068 4633.607039 4631.264149 4632.468315 4633.840805 4630.683387 4626.582838 4617.701344 4609.764378 4602.819310 4599.196783 4603.771478 4599.144090 4596.931039 4590.614453 4581.981107 4572.858375 4565.447433 4557.305399 4550.664812 4548.456054 4543.449135 4542.208390
-9999.0 3072.609245 3143.461399 3193.467737 3295.218276 3457.948695 3542.911242 3697.559439 3946.932174 4088.604095 4263.090690 4359.806892 4430.965715 4469.955263 4518.891840 4573.507185 4602.112417 4615.215607 4580.495025 4606.270952 4561.613788 4550.241896 4568.447187 4598.803811 4617.216276 4621.509745 4613.844496 4605.018362 4597.723981 4596.601002 4594.232364 4589.562733 4584.874270 4580.949909 4577.811093 4581.045782 4586.568799 4579.180155 4568.439701 4558.621046 4549.782881 4540.289307 4534.187298 4529.188846 4529.882155 4530.210925 4522.432182 4511.773181 4500.702039 4492.246554 4485.019335 4480.639310 4477.791806 4472.654770 4462.399095
-9999.0 2947.464789 3081.508634 3151.644258 3236.273786 3361.319335 3457.455657 3604.627375 3728.786992 3980.224411 4118.139764 4333.101800 4386.307682 4460.345005 4506.383541 4582.572150 4576.968258 4545.814694 4500.762461 4484.947781 4498.174832 4507.736291 4515.524957 4529.436951 4547.588744 4558.113029 4563.953701 4558.331624 4544.001408 4530.844044 4518.741112 4504.163624 4494.218171 4491.430020 4496.243318 4506.939739 4507.063343 4497.658378 4483.177391 4464.327286 4448.252022 4436.079619 4434.230408 4437.295999 4438.584564 4434.302022 4428.596650 4417.603573 4404.795811 4392.018337 4386.551135 4382.285500 4374.543916 4362.781183 4350.451123
-9999.0 -9999.0 2991.876503 3098.606272 3185.622388 3291.020840 3370.341548 3479.083620 3615.266951 3783.658005 3900.382369 4094.135061 4196.198566 4241.222453 4272.774921 4330.179619 4358.152082 4393.320015 4390.990086 4405.257425 4416.681787 4422.574847 4427.496811 4432.465218 4442.779644 4452.881963 4463.926124 4461.074007 4452.354144 4431.033619 4404.034719 4382.958397 4372.037825 4362.210314 4375.006377 4387.858156 4381.715456 4374.684020 4361.778220 4345.317835 4332.737810 4318.259193 4314.807166 4314.579909 4315.237002 4312.977407 4310.796130 4298.268013 4285.958132 4276.333394 4272.482688 4266.800364 4263.455419 4253.650690 4243.013688
-9999.0 -9999.0 2903.756851 3003.434296 3099.941875 3212.867062 3289.698660 3283.763330 3413.518594 3512.422764 3620.846312 3735.928608 3837.220618 3908.212789 3939.390362 4003.046340 4063.941049 4083.836330 4129.780450 4190.365605 4227.459857 4270.381748 4295.183296 4304.432258 4317.044242 4332.095590 4339.489930 4323.495867 4312.138402 4294.860672 4270.795932 4243.146349 4229.180999 4229.401913 4227.672581 4228.352772 4220.222647 4211.318705 4196.700897 4183.036111 4170.909740 4162.462961 4158.925009 4152.771176 4150.186296 4147.414373 4145.946477 4141.318784 4133.581854 4129.547110 4121.200174 4117.823071 4117.367741 4114.943017 4109.750959
