tests/Borden05m/data_simulated/sim_1/output-maps/psiliqL0001N0008.asc
ncols         160
nrows         34
xllcorner     620200.000000
yllcorner     5168000.000000
cellsize      0.500000
NODATA_value  -9999.0
[rows 0 to 25 of 34, columns 0 to 57 of 160]
-9999.0 -9999.0 -9999.0 -9999.0 -9999.0 -9999.0 -9999.0 -9999.0 -9999.0 -9999.0 -9999.0 -9999.0 -9999.0 -9999.0 -9999.0 -9999.0 -9999.0 -9999.0 -9999.0 -9999.0 -9999.0 -9999.0 -9999.0 -9999.0 -9999.0 -9999.0 -9999.0 -9999.0 -9999.0 -9999.0 -9999.0 -9999.0 -9999.0 -9999.0 -9999.0 -9999.0 -9999.0 -9999.0 -9999.0 -9999.0 -9999.0 -9999.0 -9999.0 -9999.0 -9999.0 -9999.0 -9999.0 -9999.0 -9999.0 -9999.0 -9999.0 -9999.0 -9999.0 -9999.0 -9999.0 -9999.0 -9999.0 -9999.0
-9999.0 -9999.0 -9999.0 -9999.0 -9999.0 -9999.0 -9999.0 -9999.0 -9999.0 -9999.0 -9999.0 -9999.0 -9999.0 -9999.0 -9999.0 -9999.0 -9999.0 -9999.0 -9999.0 -9999.0 -9999.0 -9999.0 -9999.0 -9999.0 -9999.0 -9999.0 -9999.0 -9999.0 -9999.0 -9999.0 -9999.0 -9999.0 -9999.0 -9999.0 -9999.0 -9999.0 -9999.0 -9999.0 -9999.0 -9999.0 -9999.0 -9999.0 -9999.0 -9999.0 -9999.0 -9999.0 -9999.0 -9999.0 -9999.0 -9999.0 -9999.0 -9999.0 -9999.0 -9999.0 -9999.0 -9999.0 -9999.0 -9999.0
-9999.0 -9999.0 -9999.0 -9999.0 -9999.0 -9999.0 -9999.0 -9999.0 -9999.0 -9999.0 -9999.0 -9999.0 -9999.0 -9999.0 -9999.0 -9999.0 -9999.0 -9999.0 -9999.0 -9999.0 -9999.0 -9999.0 -9999.0 -9999.0 -9999.0 -9999.0 -9999.0 -9999.0 -9999.0 -9999.0 -9999.0 -9999.0 -9999.0 -9999.0 -9999.0 -9999.0 -9999.0 -9999.0 -9999.0 -9999.0 -9999.0 -9999.0 -9999.0 -9999.0 -9999.0 -9999.0 -9999.0 -465.351094 -469.906633 -475.525504 -477.234652 -471.152015 -469.050686 -467.327099 -466.574172 -465.988508 -464.528566 -460.818035
-9999.0 -9999.0 -9999.0 -9999.0 -9999.0 -9999.0 -9999.0 -9999.0 -9999.0 -9999.0 -9999.0 -9999.0 -9999.0 -9999.0 -9999.0 -9999.0 -9999.0 -9999.0 -9999.0 -9999.0 -9999.0 -9999.0 -9999.0 -9999.0 -9999.0 -9999.0 -9999.0 -9999.0 -9999.0 -9999.0 -9999.0 -9999.0 -9999.0 -9999.0 -9999.0 -9999.0 -9999.0 -9999.0 -9999.0 -9999.0 -468.577385 -466.435673 -464.496289 -467.371361 -468.194061 -467.273264 -470.025734 -473.487890 -477.188131 -475.750256 -475.777161 -479.110817 -475.341513 -472.605205 -472.319266 -472.284031 -470.168860 -465.650354
-9999.0 -9999.0 -9999.0 -9999.0 -9999.0 -9999.0 -9999.0 -9999.0 -9999.0 -9999.0 -9999.0 -9999.0 -9999.0 -9999.0 -9999.0 -9999.0 -9999.0 -9999.0 -9999.0 -9999.0 -9999.0 -9999.0 -9999.0 -9999.0 -9999.0 -9999.0 -9999.0 -9999.0 -9999.0 -9999.0 -9999.0 -9999.0 -9999.0 -9999.0 -475.212476 -471.384772 -470.151726 -469.093822 -467.040339 -468.435101 -469.663036 -467.847696 -469.539578 -469.327342 -471.080843 -474.617244 -478.123300 -479.944132 -477.154348 -477.891088 -478.065367 -476.370411 -475.704019 -476.018763 -473.957724 -470.146929 -473.413605 -473.039467
-9999.0 -9999.0 -9999.0 -9999.0 -9999.0 -9999.0 -9999.0 -9999.0 -9999.0 -9999.0 -9999.0 -9999.0 -9999.0 -9999.0 -9999.0 -9999.0 -9999.0 -9999.0 -9999.0 -9999.0 -9999.0 -9999.0 -9999.0 -9999.0 -9999.0 -9999.0 -9999.0 -9999.0 -468.465658 -470.041533 -471.210106 -471.054816 -471.646904 -474.074174 -475.006357 -475.066245 -473.438562 -470.491703 -470.496904 -471.401191 -471.467961 -472.468191 -474.873098 -474.968571 -471.976091 -474.076616 -474.790619 -476.060650 -480.065303 -481.123664 -478.983209 -477.148561 -475.816275 -476.120565 -476.742220 -477.788471 -478.420079 -473.410142
-9999.0 -9999.0 -9999.0 -9999.0 -9999.0 -9999.0 -9999.0 -9999.0 -9999.0 -9999.0 -9999.0 -9999.0 -9999.0 -9999.0 -9999.0 -9999.0 -9999.0 -9999.0 -9999.0 -9999.0 -9999.0 -9999.0 -9999.0 -470.516171 -469.074743 -468.673606 -467.468575 -468.263681 -471.617098 -473.644046 -474.479868 -475.205764 -477.009886 -477.386228 -477.767965 -477.144337 -476.955562 -473.825370 -476.349828 -478.077113 -475.210845 -476.160021 -474.001538 -471.491464 -471.967213 -471.237130 -475.599107 -478.861022 -475.307243 -474.074534 -474.609782 -475.915987 -475.440658 -474.798894 -473.993351 -471.989791 -469.235594 -467.180675
-9999.0 -9999.0 -9999.0 -9999.0 -9999.0 -9999.0 -9999.0 -9999.0 -9999.0 -9999.0 -9999.0 -9999.0 -9999.0 -9999.0 -9999.0 -9999.0 -9999.0 -9999.0 -9999.0 -469.551746 -470.097564 -471.146568 -470.896169 -474.272848 -475.756297 -475.042356 -473.531707 -474.649220 -476.519904 -478.088325 -477.940671 -477.810734 -478.356741 -476.294837 -474.817463 -474.761176 -475.994919 -473.791655 -473.659505 -472.650022 -468.738146 -471.863723 -474.714838 -476.186686 -476.323188 -477.295530 -474.843168 -474.250743 -474.353807 -475.168271 -475.680104 -475.617712 -476.032460 -473.653505 -471.935057 -471.071879 -470.501398 -468.911451
-9999.0 -9999.0 -9999.0 -9999.0 -9999.0 -9999.0 -9999.0 -9999.0 -9999.0 -9999.0 -9999.0 -9999.0 -9999.0 -9999.0 -9999.0 -9999.0 -469.153665 -469.498124 -470.828576 -473.020353 -474.843020 -474.998924 -473.842156 -476.340726 -477.281598 -476.955181 -478.196065 -477.245300 -476.190500 -474.871769 -474.380855 -476.262999 -476.268810 -476.934891 -477.682060 -477.637620 -475.129392 -473.023021 -473.373280 -472.055125 -468.790406 -471.416094 -472.399869 -472.313099 -474.028693 -473.389358 -468.202150 -469.968806 -473.486824 -468.356369 -466.122047 -468.224485 -469.819424 -467.411302 -463.696446 -458.952467 -449.854677 -444.940996
-9999.0 -9999.0 -9999.0 -9999.0 -9999.0 -9999.0 -9999.0 -9999.0 -9999.0 -9999.0 -9999.0 -9999.0 -9999.0 -468.709879 -469.065751 -468.919651 -472.282839 -474.813343 -476.405647 -478.604765 -476.283911 -478.286041 -479.056747 -478.834161 -476.805019 -477.022658 -477.068840 -475.986603 -476.818173 -477.838362 -478.855764 -480.665125 -479.326258 -478.097617 -477.579630 -475.846455 -474.978885 -474.779874 -473.198609 -473.902636 -473.016397 -474.368578 -476.826165 -477.482101 -476.157955 -471.821624 -469.223903 -469.415627 -463.590597 -457.472454 -455.425207 -452.166437 -451.400711 -450.352621 -445.737187 -427.537687 -403.263815 -382.223367
-9999.0 -9999.0 -9999.0 -9999.0 -9999.0 -9999.0 -9999.0 -9999.0 -9999.0 -9999.0 -472.978115 -471.390047 -473.777503 -478.287977 -480.303042 -479.518338 -478.720104 -480.557214 -480.746389 -476.565275 -474.422533 -478.936701 -476.363115 -476.629851 -478.727858 -478.634248 -477.888529 -478.213932 -476.060565 -476.570999 -477.238713 -473.586850 -473.325455 -473.040181 -472.416189 -471.900577 -472.055938 -467.579638 -464.163509 -466.359197 -460.585686 -457.097986 -461.354659 -462.859223 -462.192101 -458.192479 -451.824978 -442.171652 -431.361515 -412.358496 -397.484753 -388.451531 -381.970488 -373.002870 -355.716479 -280.640896 -191.474185 -147.152690
-9999.0 -9999.0 -9999.0 -9999.0 -9999.0 -9999.0 -9999.0 -9999.0 -479.140561 -476.691097 -475.176080 -477.159450 -479.811149 -484.648390 -483.014465 -481.493637 -480.579580 -479.092074 -478.595278 -478.321480 -479.895578 -478.841118 -476.492777 -477.748612 -477.898041 -476.556292 -477.122524 -476.247097 -474.646394 -476.946725 -476.809760 -475.853282 -475.192157 -474.719730 -473.953590 -474.379683 -470.119934 -464.293124 -457.713772 -452.559153 -444.698885 -433.890942 -434.848749 -431.497125 -426.140208 -408.585886 -387.985354 -357.783979 -285.112359 -198.593560 -153.666681 -135.667092 -127.145318 -116.267083 -98.077131 -68.577721 -32.867484 -6.417766
-9999.0 -9999.0 -9999.0 -9999.0 -9999.0 -9999.0 -482.599119 -477.297895 -474.781668 -481.073951 -485.826585 -487.401413 -490.210749 -484.224147 -479.019969 -478.284501 -477.819779 -477.240981 -478.246172 -482.416073 -474.944257 -477.916748 -480.284684 -478.565550 -479.439046 -479.919568 -479.199055 -476.811932 -476.794892 -471.777929 -469.097828 -467.234629 -463.715592 -462.094962 -459.983787 -457.748871 -449.618761 -436.450689 -414.646428 -394.745809 -373.824664 -341.501062 -316.638614 -281.111611 -217.412658 -180.418955 -146.978632 -114.276927 -68.569171 -25.728924 -1.791970 2.999214 3.121548 3.249067 3.439905 3.676741 3.862464 4.177051
-9999.0 -9999.0 -9999.0 -9999.0 -479.036718 -478.066449 -479.443836 -474.977389 -471.921805 -479.652431 -477.046115 -478.449693 -480.998711 -484.130297 -487.873397 -485.628929 -484.501449 -483.915808 -484.969171 -477.911646 -472.237897 -477.877964 -475.739503 -470.497820 -473.133428 -473.428003 -474.242535 -472.941049 -469.972190 -466.357340 -454.833716 -445.216453 -439.627703 -430.314246 -417.363188 -402.845139 -381.322195 -334.136543 -220.811724 -162.339185 -126.745345 -101.864029 -82.791115 -63.833118 -37.071661 -17.506212 -3.726844 3.205820 3.653250 4.106004 4.398353 4.511400 4.508620 4.573006 4.650378 4.793673 4.905039 5.012236
-9999.0 -9999.0 -9999.0 -481.956676 -476.838730 -475.272991 -478.428987 -477.994986 -474.353829 -478.779802 -479.782205 -480.711104 -481.364313 -481.555627 -482.208815 -481.128870 -481.247833 -482.801897 -482.419026 -478.978435 -478.639776 -476.783150 -475.966191 -473.814954 -471.776265 -471.729661 -470.960610 -467.596492 -457.466898 -446.364151 -420.653337 -388.542552 -354.343016 -299.232582 -219.984726 -175.594324 -145.815581 -103.441376 -51.631721 -17.468826 3.004868 3.379896 3.668407 3.773655 3.936203 4.026646 4.206698 4.375129 4.499586 4.782066 5.100207 5.357655 5.493270 5.547956 8.836083 20.275077 29.009287 39.506287
-9999.0 -9999.0 -480.540880 -477.724862 -480.327647 -477.062197 -473.486682 -477.394817 -473.038145 -472.079383 -477.831511 -475.447808 -474.548411 -478.356650 -476.994834 -475.399038 -474.718492 -478.952041 -482.481528 -478.923918 -470.059257 -464.134089 -463.070605 -444.703256 -434.125762 -426.471797 -422.367123 -410.350143 -393.164811 -346.759696 -229.201881 -162.026781 -117.335142 -76.807135 -46.559810 -24.973430 -5.780546 3.119945 3.671623 4.031163 4.335030 4.544820 4.800886 4.874818 4.861601 5.028963 5.284707 5.562831 10.628793 26.425427 42.948772 41.907717 43.100142 42.648488 41.686385 42.950475 42.283038 41.873316
-9999.0 -9999.0 -483.970486 -479.138988 -483.275602 -476.067049 -469.617277 -478.254125 -477.278458 -470.837615 -473.984974 -474.247485 -476.687233 -477.696736 -475.824159 -470.518662 -474.392923 -475.900297 -483.947885 -469.540296 -458.607475 -439.153724 -396.977112 -354.171721 -289.443974 -254.014845 -222.008451 -194.639914 -167.983258 -120.620185 -60.296487 -16.871351 3.280424 3.756896 3.984050 4.204324 4.472837 4.677736 4.777970 5.234085 5.397524 5.799580 21.754930 36.877798 43.436052 41.889752 43.258518 42.062253 42.540396 43.017582 41.252526 39.370363 37.413134 38.093029 39.681536 34.191263 28.828598 22.888654
-9999.0 -484.634700 -482.378013 -482.651449 -478.118818 -480.890929 -476.299536 -469.387300 -471.877090 -470.606937 -472.350425 -479.528055 -465.825643 -454.433741 -452.735824 -442.857676 -448.979458 -452.657069 -461.480653 -447.035900 -419.271927 -338.139683 -175.883998 -113.086436 -72.007913 -56.666589 -51.881869 -38.527644 -20.745249 0.382895 4.063328 4.559886 5.135353 5.594629 5.830609 5.878742 16.461996 30.127163 46.122965 46.590647 48.047508 46.898648 42.527889 43.437697 41.803619 43.293276 39.012565 34.259053 26.512796 21.440724 17.746841 13.631945 15.496955 18.645361 20.108342 13.735509 6.823025 5.567431
-9999.0 -492.228079 -482.523661 -477.064486 -480.224961 -485.765939 -473.884034 -455.481992 -466.997311 -472.130148 -475.842575 -466.674228 -432.774632 -400.035299 -380.116210 -348.713225 -356.418589 -372.871329 -372.857471 -319.714235 -220.198037 -139.845529 -29.075333 3.961044 4.046190 4.305656 4.441563 4.799188 5.229425 5.638136 14.747508 35.044156 37.306352 36.611571 36.969571 37.113841 36.636291 37.162239 32.972380 30.213186 25.382203 25.499880 28.797451 28.151782 25.973964 23.329950 18.215442 11.019891 5.937285 5.557124 5.524645 5.433707 5.413316 5.661203 5.487555 5.387146 5.256483 5.189352
-9999.0 -484.088787 -472.740009 -476.326753 -486.853932 -474.914838 -472.421539 -462.702364 -457.561319 -465.741315 -453.292101 -399.907152 -284.687572 -167.982883 -123.938460 -110.578056 -107.993298 -121.150112 -110.309226 -68.549658 -14.051328 3.990256 4.845899 19.016250 24.545169 24.356617 24.428791 24.311076 24.329796 24.302701 24.199541 22.362110 26.419139 28.610973 27.079650 24.360771 19.986302 12.792070 7.893635 5.818931 5.460151 5.461597 5.823378 6.242210 5.718966 5.585127 5.477501 5.379426 5.312804 5.245832 5.258239 5.235429 5.275885 5.212668 5.198891 5.179709 5.075216 4.999480
-9999.0 -497.088857 -481.180404 -495.394897 -477.609334 -463.099945 -469.793635 -452.386214 -433.830474 -432.718797 -355.324577 -185.786104 -62.578273 -3.673099 3.356391 3.888136 4.144316 4.416545 4.871183 5.934119 21.017568 32.956218 32.617748 32.760401 24.172088 24.365633 17.224872 5.451749 5.205985 5.061151 5.121137 5.314712 5.452225 5.916252 5.492198 5.664324 5.699075 5.478136 5.456015 5.312917 5.219456 5.146775 5.125381 5.405369 5.234163 5.238767 5.180981 5.122588 5.063489 5.019668 4.963874 4.902300 4.930775 4.853376 4.949812 4.941616 4.592358 4.469100
-9999.0 -506.185372 -495.439628 -487.666544 -472.040507 -462.037400 -454.191754 -435.295118 -388.123807 -329.003188 -176.683013 -69.460811 3.029493 4.316775 5.164458 5.708906 12.827397 12.855386 12.865280 6.439216 4.832978 4.685380 4.907223 5.279742 5.404206 5.674509 5.279013 5.091797 5.063418 5.155943 5.136369 5.153860 5.142680 5.092362 4.990459 5.034762 5.239810 5.104200 5.051276 5.035129 5.029809 4.955893 4.891300 4.856849 4.834384 4.904119 4.814473 4.716976 4.636544 4.605794 4.554357 4.514490 4.557403 4.535516 4.481006 4.378063 3.956627 3.492880
-9999.0 -526.402730 -491.197278 -487.472010 -478.470282 -477.131111 -477.339053 -463.074257 -441.604269 -334.267802 -104.091181 -25.047437 3.048719 3.672316 4.531854 5.428797 5.554344 4.709483 4.346202 4.138545 4.225862 4.377366 4.519162 4.764386 4.947411 5.096204 5.110145 4.990471 4.795852 4.736037 4.742560 4.635085 4.553993 4.590718 4.519663 4.614686 4.724865 4.582315 4.476338 4.339884 4.216074 4.101564 4.051179 4.050735 4.014313 3.939877 3.810599 3.652423 3.469426 3.325708 3.237124 3.190463 3.123170 2.990210 -2.250239 -13.257962 -43.951732 -86.263480
-9999.0 -9999.0 -507.559390 -486.913218 -485.082666 -483.020959 -482.058695 -469.863939 -459.669154 -407.437617 -324.572470 -182.425017 -120.178835 -81.091168 -23.693202 3.204775 3.342813 3.654824 3.199605 3.291703 3.373473 3.447712 3.638958 3.869536 4.100816 4.237455 4.350887 4.333402 4.175514 3.860419 3.506281 3.284859 3.170007 3.052552 3.185779 3.372689 3.327012 3.269595 3.161363 2.979953 -0.306060 -11.331199 -19.911475 -27.414888 -34.428448 -44.121341 -56.361210 -75.656769 -92.067140 -105.190765 -110.268295 -114.860406 -119.468634 -128.759919 -140.814768 -160.601004 -207.379413 -305.534151
-9999.0 -9999.0 -529.702447 -497.597836 -483.767856 -474.228800 -477.209760 -477.547270 -457.782825 -452.023119 -438.690323 -410.692007 -382.375494 -341.174024 -235.351432 -166.312582 -143.550600 -135.297325 -131.745641 -126.277505 -111.593736 -93.924976 -73.238883 -46.061031 -21.498091 -6.746817 1.580027 -10.279876 -28.610361 -61.660751 -94.715286 -119.432666 -130.494765 -136.248447 -133.464021 -128.031947 -131.908261 -139.260587 -148.872768 -160.555221 -171.721843 -189.258842 -210.372940 -234.831603 -249.348095 -268.011762 -290.550038 -322.905909 -347.284912 -359.338607 -366.784395 -372.739921 -375.561265 -382.158256 -390.151450 -396.012314 -410.920509 -428.423707
-9999.0 -9999.0 -9999.0 -526.374566 -506.350970 -490.963715 -485.456779 -494.969125 -490.156370 -480.193478 -473.795366 -463.004668 -457.498913 -450.605224 -435.791860 -416.049520 -406.350353 -405.215294 -407.921952 -387.609645 -378.307454 -352.010636 -308.966879 -251.715481 -196.676545 -170.441696 -164.683274 -178.976393 -208.810326 -284.132014 -344.425910 -372.069237 -383.305012 -382.744505 -382.583242 -379.680874 -383.634600 -386.897357 -394.557680 -402.347986 -410.594394 -418.236089 -422.506654 -426.107828 -427.673391 -429.996670 -432.285431 -436.488119 -440.311556 -443.491456 -446.312124 -446.727031 -447.279588 -448.514434 -450.124885 -450.974322 -452.284589 -458.667773
