tests/Borden05m/data_simulated/sim_1/output-maps/psiliqL0020N0011.asc
ncols         160
nrows         34
xllcorner     620200.000000
yllcorner     5168000.000000
cellsize      0.500000
NODATA_value  -9999.0
[rows 0 to 24 of 34, columns 0 to 54 of 160]
-9999.0 -9999.0 -9999.0 -9999.0 -9999.0 -9999.0 -9999.0 -9999.0 -9999.0 -9999.0 -9999.0 -9999.0 -9999.0 -9999.0 -9999.0 -9999.0 -9999.0 -9999.0 -9999.0 -9999.0 -9999.0 -9999.0 -9999.0 -9999.0 -9999.0 -9999.0 -9999.0 -9999.0 -9999.0 -9999.0 -9999.0 -9999.0 -9999.0 -9999.0 -9999.0 -9999.0 -9999.0 -9999.0 -9999.0 -9999.0 -9999.0 -9999.0 -9999.0 -9999.0 -9999.0 -9999.0 -9999.0 -9999.0 -9999.0 -9999.0 -9999.0 -9999.0 -9999.0 -9999.0 -9999.0
-9999.0 -9999.0 -9999.0 -9999.0 -9999.0 -9999.0 -9999.0 -9999.0 -9999.0 -9999.0 -9999.0 -9999.0 -9999.0 -9999.0 -9999.0 -9999.0 -9999.0 -9999.0 -9999.0 -9999.0 -9999.0 -9999.0 -9999.0 -9999.0 -9999.0 -9999.0 -9999.0 -9999.0 -9999.0 -9999.0 -9999.0 -9999.0 -9999.0 -9999.0 -9999.0 -9999.0 -9999.0 -9999.0 -9999.0 -9999.0 -9999.0 -9999.0 -9999.0 -9999.0 -9999.0 -9999.0 -9999.0 -9999.0 -9999.0 -9999.0 -9999.0 -9999.0 -9999.0 -9999.0 -9999.0
-9999.0 -9999.0 -9999.0 -9999.0 -9999.0 -9999.0 -9999.0 -9999.0 -9999.0 -9999.0 -9999.0 -9999.0 -9999.0 -9999.0 -9999.0 -9999.0 -9999.0 -9999.0 -9999.0 -9999.0 -9999.0 -9999.0 -9999.0 -9999.0 -9999.0 -9999.0 -9999.0 -9999.0 -9999.0 -9999.0 -9999.0 -9999.0 -9999.0 -9999.0 -9999.0 -9999.0 -9999.0 -9999.0 -9999.0 -9999.0 -9999.0 -9999.0 -9999.0 -9999.0 -9999.0 -9999.0 -9999.0 2104.167828 2087.171876 2073.113732 2069.936793 2092.114856 2115.832493 2140.151187 2161.200869
-9999.0 -9999.0 -9999.0 -9999.0 -9999.0 -9999.0 -9999.0 -9999.0 -9999.0 -9999.0 -9999.0 -9999.0 -9999.0 -9999.0 -9999.0 -9999.0 -9999.0 -9999.0 -9999.0 -9999.0 -9999.0 -9999.0 -9999.0 -9999.0 -9999.0 -9999.0 -9999.0 -9999.0 -9999.0 -9999.0 -9999.0 -9999.0 -9999.0 -9999.0 -9999.0 -9999.0 -9999.0 -9999.0 -9999.0 -9999.0 2151.970670 2158.092426 2158.829807 2149.095015 2138.238200 2125.593662 2105.556483 2088.222572 2074.656683 2072.892812 2075.919104 2080.175600 2102.208844 2127.819766 2148.153614
-9999.0 -9999.0 -9999.0 -9999.0 -9999.0 -9999.0 -9999.0 -9999.0 -9999.0 -9999.0 -9999.0 -9999.0 -9999.0 -9999.0 -9999.0 -9999.0 -9999.0 -9999.0 -9999.0 -9999.0 -9999.0 -9999.0 -9999.0 -9999.0 -9999.0 -9999.0 -9999.0 -9999.0 -9999.0 -9999.0 -9999.0 -9999.0 -9999.0 -9999.0 2058.151500 2075.554306 2093.929887 2112.860075 2130.159845 2137.449801 2143.434761 2149.255696 2145.243528 2141.165409 2130.082314 2110.345964 2091.366348 2078.505310 2077.467153 2075.535630 2079.960152 2092.637064 2109.894366 2125.989968 2147.243269
-9999.0 -9999.0 -9999.0 -9999.0 -9999.0 -9999.0 -9999.0 -9999.0 -9999.0 -9999.0 -9999.0 -9999.0 -9999.0 -9999.0 -9999.0 -9999.0 -9999.0 -9999.0 -9999.0 -9999.0 -9999.0 -9999.0 -9999.0 -9999.0 -9999.0 -9999.0 -9999.0 -9999.0 2061.131401 2055.500960 2051.034892 2050.020026 2049.167014 2048.614555 2055.643316 2067.558626 2085.490341 2107.890848 2121.539523 2129.261461 2136.464554 2137.441104 2132.424984 2131.098647 2132.036655 2120.260056 2108.751884 2098.012497 2087.615913 2085.759912 2095.539084 2110.326621 2127.141784 2142.441182 2158.337136
-9999.0 -9999.0 -9999.0 -9999.0 -9999.0 -9999.0 -9999.0 -9999.0 -9999.0 -9999.0 -9999.0 -9999.0 -9999.0 -9999.0 -9999.0 -9999.0 -9999.0 -9999.0 -9999.0 -9999.0 -9999.0 -9999.0 -9999.0 2029.770100 2035.335481 2042.254742 2050.286360 2051.675505 2048.358852 2043.316920 2041.005295 2040.126102 2038.691398 2043.757760 2051.740043 2065.474247 2081.516608 2104.171425 2113.135465 2118.787513 2131.076563 2134.896537 2142.326792 2146.875531 2145.623387 2142.636105 2129.365365 2119.378377 2123.410070 2128.840404 2136.253950 2145.016639 2159.036565 2174.095967 2190.874274
-9999.0 -9999.0 -9999.0 -9999.0 -9999.0 -9999.0 -9999.0 -9999.0 -9999.0 -9999.0 -9999.0 -9999.0 -9999.0 -9999.0 -9999.0 -9999.0 -9999.0 -9999.0 -9999.0 2004.174001 2005.409302 2007.116346 2012.253754 2013.100914 2015.422008 2022.756830 2031.344922 2034.525137 2033.059597 2032.435186 2034.456862 2037.725901 2042.806405 2054.257055 2068.414722 2083.017256 2096.870166 2118.184208 2133.287263 2146.735957 2162.888216 2163.408162 2160.223592 2159.082407 2159.834596 2159.600816 2161.234665 2162.560036 2169.305584 2172.459091 2177.890542 2187.700001 2200.025550 2217.941576 2237.162853
-9999.0 -9999.0 -9999.0 -9999.0 -9999.0 -9999.0 -9999.0 -9999.0 -9999.0 -9999.0 -9999.0 -9999.0 -9999.0 -9999.0 -9999.0 -9999.0 1974.757350 1976.824128 1979.461330 1985.196246 1988.876627 1993.267327 2000.661240 2002.477443 2006.552465 2014.191009 2019.410637 2029.041629 2037.837318 2045.606544 2052.093950 2055.227249 2062.759426 2072.718527 2084.883203 2099.923227 2121.153811 2144.961526 2161.409641 2178.686760 2196.398213 2197.582489 2196.787122 2198.067242 2198.100134 2202.396366 2218.749352 2223.685426 2222.091075 2235.591185 2249.002589 2253.617183 2261.881803 2282.034120 2305.545519
-9999.0 -9999.0 -9999.0 -9999.0 -9999.0 -9999.0 -9999.0 -9999.0 -9999.0 -9999.0 -9999.0 -9999.0 -9999.0 1925.935068 1930.302202 1940.622415 1951.405040 1954.618547 1959.697916 1966.537659 1979.172790 1983.301671 1989.916036 1997.836457 2010.703821 2019.929417 2029.493307 2041.850720 2050.620010 2058.266880 2065.535642 2070.361389 2083.284234 2098.462974 2114.078852 2134.276745 2156.731820 2176.723587 2196.568635 2213.250663 2226.548442 2226.865447 2226.635313 2229.548222 2236.418095 2252.364895 2270.676330 2275.974706 2290.349905 2312.607411 2325.058499 2335.267948 2343.520587 2357.913134 2379.858323
-9999.0 -9999.0 -9999.0 -9999.0 -9999.0 -9999.0 -9999.0 -9999.0 -9999.0 -9999.0 1894.681280 1896.925724 1893.840292 1892.864482 1898.808040 1911.569352 1926.242057 1932.844136 1945.192552 1966.892273 1985.696939 1989.571391 2004.162749 2015.087885 2022.508507 2033.299980 2046.874018 2059.857950 2076.487838 2089.085793 2099.843996 2118.338149 2134.995340 2151.914771 2170.008821 2190.921545 2209.521722 2236.314250 2263.238735 2274.883962 2295.258097 2302.971693 2300.333758 2300.339313 2310.236006 2324.701649 2343.466754 2363.609121 2384.098728 2408.306978 2422.907460 2437.171091 2447.926114 2460.215538 2476.723192
-9999.0 -9999.0 -9999.0 -9999.0 -9999.0 -9999.0 -9999.0 -9999.0 1869.190306 1877.255220 1883.501114 1880.879244 1876.959049 1872.691128 1887.505171 1903.776757 1920.358476 1938.963679 1955.380886 1974.241530 1989.506858 2005.695549 2026.439596 2038.441678 2050.311635 2066.181035 2080.214307 2096.881459 2118.374088 2129.413900 2144.121626 2165.212679 2183.105921 2201.303815 2220.547632 2238.763859 2263.362502 2296.106188 2327.473318 2347.919963 2375.571478 2396.396154 2394.276729 2395.766271 2399.659531 2424.839793 2453.291816 2483.684172 2507.422229 2533.792996 2563.241886 2581.838157 2592.719518 2605.683844 2621.386608
-9999.0 -9999.0 -9999.0 -9999.0 -9999.0 -9999.0 1840.437271 1865.080557 1880.685206 1872.956154 1861.589219 1857.854942 1853.485831 1881.201154 1904.131153 1922.208723 1939.798845 1958.150227 1975.302687 1986.923238 2019.568345 2038.992806 2053.057354 2069.743173 2085.160974 2100.573732 2118.312812 2141.520414 2162.082296 2188.885665 2210.983841 2232.335350 2258.541650 2278.148864 2297.109479 2314.261424 2344.759340 2381.524218 2418.010792 2445.638937 2472.401123 2505.204089 2510.303610 2515.429143 2521.099722 2544.198318 2577.382604 2607.570213 2641.330566 2673.633485 2702.017367 2716.050044 2727.162784 2738.993968 2753.118882
-9999.0 -9999.0 -9999.0 -9999.0 1806.714647 1827.834194 1847.628104 1878.471886 1901.320658 1896.999564 1903.326557 1903.270101 1901.092043 1906.419888 1914.940344 1933.588159 1953.396256 1973.528910 1990.685542 2023.026929 2069.406253 2083.875340 2105.846992 2137.620424 2151.130644 2166.891458 2183.863220 2206.706726 2230.626969 2262.411775 2302.646496 2337.020574 2361.775061 2383.934924 2405.268722 2426.034379 2461.549347 2500.568837 2538.012165 2571.852240 2600.835474 2627.947159 2639.163829 2646.950018 2659.075168 2676.738725 2699.600048 2729.613260 2763.092861 2796.082097 2821.093457 2832.519110 2840.182125 2851.378813 2861.518405
-9999.0 -9999.0 -9999.0 1754.785829 1793.881481 1832.892283 1859.721185 1890.877132 1923.794903 1927.062412 1936.822310 1940.413230 1943.631077 1951.885088 1959.157161 1977.148298 1995.396062 2014.300369 2037.350986 2073.819892 2107.255861 2132.610476 2163.699892 2186.666248 2205.039671 2220.749518 2240.401520 2263.770506 2303.351306 2338.437497 2387.428209 2440.150905 2475.740918 2499.865664 2523.635246 2552.247139 2578.394632 2616.532890 2652.145070 2685.930345 2719.955051 2745.088008 2763.121332 2770.642489 2781.325048 2789.695497 2805.103199 2826.256410 2849.178806 2879.694731 2909.123343 2832.535431 2842.532845 2852.550213 2868.599505
-9999.0 -9999.0 1706.811663 1745.592783 1778.674459 1827.667068 1881.212564 1916.645089 1957.693202 1980.270352 1986.559639 2001.907409 2016.842035 2022.694213 2036.627203 2053.228340 2074.397017 2083.685632 2103.605201 2128.669834 2173.820621 2215.063232 2225.927440 2272.577485 2305.782742 2336.943601 2357.510353 2385.465769 2423.193413 2462.372316 2510.621250 2561.406781 2598.551164 2629.468032 2647.167631 2668.307306 2691.195672 2719.446618 2756.118422 2784.684557 2817.322628 2844.265372 2866.258567 2871.611851 2876.716568 2893.586474 2920.343550 2843.627273 2865.413329 2890.927314 2885.793471 2898.406911 2905.848077 2910.171072 2916.751669
-9999.0 -9999.0 1678.412264 1724.277308 1762.211780 1825.210081 1908.746581 1945.426824 1988.071296 2035.066259 2052.939176 2077.532614 2082.922097 2084.890892 2107.481648 2128.031457 2145.911440 2154.900778 2153.854100 2209.254225 2266.409666 2306.231615 2335.936173 2408.313548 2458.168554 2479.981588 2496.988275 2519.249132 2543.042275 2584.817732 2629.203556 2683.477434 2728.766867 2759.476177 2776.236481 2796.652892 2817.924094 2836.121447 2856.747787 2900.174181 2830.791691 2854.271539 2882.745084 2902.996469 2910.943141 2914.970117 2897.654038 2907.451503 2916.869845 2921.169208 2922.937134 2919.531923 2919.087278 2919.969506 2921.024954
-9999.0 1587.222160 1639.679154 1691.845524 1759.010099 1824.078014 1904.164718 1982.793418 2045.307843 2096.327218 2125.397691 2130.779956 2152.539677 2189.040691 2214.089093 2238.314638 2244.806156 2254.476692 2242.750144 2295.270610 2340.574598 2404.465263 2510.643226 2568.945914 2623.495873 2625.083560 2619.612146 2630.601120 2652.099394 2696.793010 2771.622883 2824.293731 2884.101591 2835.636871 2847.282506 2853.696684 2871.048160 2890.631977 2860.049131 2891.474041 2902.050645 2914.029227 2919.615689 2921.622917 2922.887925 2923.067589 2919.898240 2913.445557 2905.777762 2900.345156 2896.429635 2892.079867 2894.606231 2897.957393 2898.498026
-9999.0 1550.378397 1608.998018 1679.303762 1749.083028 1807.872268 1902.448432 2057.271074 2116.471798 2155.806506 2172.647072 2175.781730 2246.218489 2311.726064 2344.052186 2391.370311 2384.373801 2374.751165 2353.302899 2384.656055 2430.583692 2504.499829 2660.263744 2748.673202 2789.914259 2802.166438 2808.830312 2837.979568 2879.095844 2831.964470 2866.195563 2851.251785 2887.467927 2901.821490 2905.975278 2907.107180 2911.521270 2911.030230 2909.503720 2905.783574 2901.181371 2901.683497 2906.240933 2906.337581 2903.765527 2900.838927 2895.489121 2888.244626 2883.141236 2878.656409 2876.048791 2873.189130 2871.453785 2871.122253 2866.567226
-9999.0 1515.633171 1588.704069 1650.048723 1706.609454 1810.747927 1939.534369 2080.170207 2176.163775 2214.033108 2218.349530 2274.118363 2377.638440 2481.201882 2536.248990 2563.062896 2558.702077 2528.790737 2524.404510 2570.573482 2639.224965 2745.765361 2859.796461 2869.223840 2880.050716 2883.559308 2850.822459 2869.977573 2887.680688 2887.068232 2888.459836 2894.208035 2899.666950 2902.835585 2901.869833 2899.463999 2895.166453 2887.539451 2883.084956 2879.909747 2876.560331 2875.969380 2878.436947 2880.070567 2877.577232 2873.899637 2869.566111 2864.210191 2862.463467 2855.923445 2851.830228 2847.707867 2845.529964 2840.293889 2836.347488
-9999.0 1404.711720 1497.058108 1545.463441 1641.423868 1823.084688 1951.867994 2098.464446 2254.871239 2287.286329 2350.669211 2481.825035 2595.711044 2676.970629 2715.852199 2757.434676 2788.148297 2811.693069 2850.336631 2775.853643 2844.942362 2848.612920 2875.819027 2887.701436 2893.217784 2894.375502 2886.065911 2866.733496 2856.794691 2850.583965 2852.705630 2860.346610 2865.745114 2871.160773 2869.286026 2870.348847 2871.127373 2868.128596 2868.513787 2860.344654 2852.818486 2846.760675 2844.354738 2849.386006 2844.750136 2842.118319 2836.267571 2832.589045 2923.993837 2916.017092 2907.622320 2900.295121 2896.931475 2890.626817 2888.046161
-9999.0 1323.875627 1398.807280 1474.209128 1599.659779 1764.325515 1878.701884 2042.580496 2267.352995 2394.513059 2539.367207 2622.591257 2698.730991 2754.599146 2813.939874 2814.248783 2836.939434 2849.345216 2829.017228 2847.433926 2882.541238 2875.772773 2815.499624 2839.786020 2854.954167 2859.369562 2851.802056 2842.495277 2835.811679 2835.129307 2833.737747 2831.228702 2828.537531 2825.873801 2822.949229 2825.549934 2830.644153 2828.263768 2913.350982 2904.554861 2896.698442 2888.068347 2882.423765 2878.393791 2877.895847 2877.699340 2869.925508 2859.431477 2849.817311 2841.312649 2833.286252 2827.462054 2823.882701 2817.710079 2807.380374
-9999.0 1215.014385 1341.973286 1427.759434 1536.808193 1670.424609 1786.986150 1946.015408 2087.162869 2319.860028 2472.087668 2620.989609 2670.953300 2738.324022 2794.575719 2817.156235 2817.210699 2849.230197 2814.622055 2802.405624 2813.842297 2825.463077 2837.792222 2856.659995 2875.928227 2887.387593 2892.323281 2886.791885 2873.929301 2863.831001 2855.538768 2844.312590 2836.467080 2834.899737 2837.419783 2846.006181 2847.427847 2838.526437 2826.502434 2809.377698 2794.577862 2783.407156 2780.904542 2782.824360 2783.170578 2779.087091 2772.453894 2761.508279 2748.783088 2736.280280 2729.091522 2723.401859 2715.276932 2703.345520 2688.828375
-9999.0 -9999.0 1261.715239 1371.691145 1473.056906 1590.629940 1694.102132 1826.181545 1972.760148 2150.639939 2269.544931 2425.132951 2511.339282 2559.371241 2604.209808 2663.426466 2689.161361 2718.750918 2711.006735 2721.818009 2732.499205 2740.248874 2749.535129 2759.931277 2773.323777 2784.527410 2794.557295 2793.052383 2784.853629 2766.641376 2744.121180 2726.705053 2717.227531 2709.234358 2719.822531 2731.601942 2727.318127 2720.528544 2708.236500 2690.708202 2677.739571 2663.703710 2659.939404 2659.822816 2659.854795 2656.872886 2652.862595 2639.609749 2626.533226 2615.109407 2609.665136 2603.022327 2597.686739 2586.653189 2575.329437
-9999.0 -9999.0 1175.440931 1282.088386 1390.897044 1511.718928 1604.722413 1651.399036 1796.844805 1908.065565 2015.259236 2121.210948 2212.133865 2280.150604 2320.837277 2384.315650 2434.886721 2454.657139 2487.656584 2531.478415 2563.306665 2598.282526 2620.426430 2633.242162 2647.859904 2662.800892 2671.767796 2659.168607 2648.682213 2632.274673 2610.160124 2585.508936 2572.829616 2570.692774 2571.188351 2574.325700 2567.562002 2558.306034 2544.171961 2530.195639 2517.776764 2507.604761 2503.593273 2498.887259 2496.758408 2493.560703 2490.540133 2482.506949 2472.241634 2465.618835 2456.805865 2451.282556 2448.610269 2443.024397 2434.963238
