tests/Borden05m/data_simulated/sim_1/output-maps/psiliqL0014N0002.asc
ncols         160
nrows         34
xllcorner     620200.000000
yllcorner     5168000.000000
cellsize      0.500000
NODATA_value  -9999.0
[rows 0 to 24 of 34, columns 56 to 111 of 160]
-9999.0 -9999.0 -9999.0 -9999.0 -9999.0 -9999.0 -9999.0 -9999.0 -9999.0 -9999.0 -9999.0 -9999.0 -9999.0 -9999.0 -9999.0 -9999.0 -9999.0 -9999.0 -9999.0 -9999.0 -9999.0 -9999.0 -9999.0 -9999.0 -9999.0 -9999.0 -9999.0 -9999.0 -9999.0 -9999.0 -9999.0 -9999.0 -9999.0 -9999.0 -9999.0 -9999.0 -9999.0 -9999.0 -9999.0 -9999.0 -9999.0 -9999.0 -9999.0 -9999.0 -9999.0 -9999.0 -9999.0 -9999.0 -9999.0 -9999.0 -9999.0 -9999.0 -9999.0 -9999.0 -9999.0 -9999.0
-9999.0 -9999.0 -9999.0 1012.916895 1007.474787 1002.331429 997.519456 988.685234 979.514687 971.218649 967.292822 966.425764 965.700760 965.361850 970.647697 978.722781 986.425731 993.618975 996.074495 998.538305 1000.768603 1001.253318 1000.048875 996.840995 993.571211 990.204572 988.707599 980.720820 969.406905 960.687448 957.986967 962.434704 966.937688 969.468413 975.289761 986.002431 996.780578 1005.294845 1017.187844 1023.033529 1028.099404 1030.970291 1026.816133 1023.229305 1019.344227 1014.101706 1003.024890 -9999.0 -9999.0 -9999.0 -9999.0 -9999.0 -9999.0 -9999.0 -9999.0 -9999.0
976.295245 996.352729 999.628697 988.422726 983.545592 980.328602 978.362137 973.584050 964.980422 959.775949 954.421572 952.560531 952.680470 952.804810 956.954511 967.222727 975.241199 980.039799 982.598559 985.244989 984.873482 984.342387 984.044378 981.181821 977.779927 974.425103 972.660165 973.198460 965.647010 960.168563 956.762798 955.053708 957.635648 960.089448 963.599096 973.072717 981.202686 989.324979 1003.649757 1016.062844 1021.265005 1018.679196 1013.640167 1009.760702 1002.928563 992.741465 982.374445 972.731773 965.735923 960.144806 954.310793 960.260636 966.874578 976.624042 986.164586 998.061436
960.679547 980.803581 983.654566 973.026401 964.865752 959.776266 960.059869 962.743418 959.296774 954.701173 949.557114 958.215506 959.531543 960.698056 964.034465 967.086883 970.401966 973.163492 978.546544 987.547838 990.273437 990.798060 990.931538 989.097325 985.991057 984.206157 981.492378 976.340048 975.235932 975.518794 975.238503 980.191014 981.748877 983.620549 977.077649 980.701128 986.878690 993.676739 1000.064484 1006.620976 1010.403569 1007.049355 1006.188614 997.690253 983.771338 972.628333 964.111409 962.252104 958.928181 950.915864 937.987813 945.029699 960.457604 964.912140 968.039666 979.519559
955.061803 966.718066 969.703601 964.768442 966.227468 967.893055 969.416077 967.867947 964.875390 962.750198 975.105608 984.441268 986.243908 989.176438 992.893445 992.456341 980.711410 978.371622 986.579024 996.842343 1002.558226 1002.760168 1002.653464 1000.482728 999.482411 999.148086 997.038768 997.750917 1000.166066 1000.027458 1004.607700 1010.338743 1013.367640 1005.878937 996.872865 997.795267 1005.520307 1013.625872 1020.840853 1031.312625 1042.450670 1041.388753 1035.737330 1026.653677 1013.045455 989.554265 970.022990 958.962995 951.541787 944.117945 944.121066 940.747074 951.984065 953.443744 955.112126 963.032276
959.349919 980.410448 988.177826 982.344088 977.476476 974.918241 975.728759 975.872830 978.733502 990.906021 1004.482930 1018.688340 1021.412876 1023.968894 1023.570516 1014.741690 1004.615247 1000.982558 1015.591471 1031.744990 1039.939992 1040.488754 1039.529592 1046.143717 1044.913532 1043.408391 1038.740737 1040.809227 1042.160655 1051.901831 1059.713880 1067.053159 1065.476774 1053.609426 1042.158305 1040.617288 1043.358562 1046.635861 1052.684094 1062.668881 1072.136471 1066.926572 1059.807888 1049.888001 1021.430681 994.539780 977.726361 977.666310 977.582639 972.447607 969.093612 965.755343 958.743196 958.043792 956.937219 956.087373
1006.430951 1026.370636 1041.976431 1036.329817 1028.457373 1018.556193 1019.207863 1022.128356 1030.108644 1042.972041 1060.139526 1083.985578 1086.722908 1089.849938 1092.452849 1081.344380 1069.152393 1058.181910 1076.185664 1086.409095 1094.954576 1096.455812 1106.025872 1115.870246 1111.537705 1103.854576 1093.746016 1100.230190 1111.956911 1127.342703 1134.589613 1138.952329 1137.913195 1126.908348 1121.064905 1119.433918 1121.358837 1118.626562 1122.890416 1132.613593 1147.271522 1146.442924 1137.601609 1115.109921 1078.064894 1043.864936 1023.661506 1029.152629 1021.976684 1014.863424 1011.034963 997.018546 986.115827 985.988277 976.206272 969.771956
1051.214932 1069.411818 1087.650538 1082.851904 1072.523815 1059.291460 1058.791968 1066.208219 1076.430786 1095.509536 1118.289776 1142.161011 1150.203611 1153.085707 1162.844088 1156.595528 1147.328981 1139.226343 1150.865322 1162.771961 1174.440258 1184.064562 1196.911509 1208.553507 1198.911997 1187.039025 1181.979390 1187.673595 1208.090501 1226.170962 1232.043182 1234.047792 1237.322719 1228.367017 1221.715247 1214.600174 1208.836159 1202.289358 1197.553214 1215.376259 1231.519655 1229.525650 1206.115455 1181.862053 1145.135973 1107.010442 1074.842351 1074.439076 1071.104554 1069.827756 1054.831297 1039.370678 1023.289088 1013.941676 1004.702193 990.463568
1138.173473 1158.868424 1180.303200 1181.015279 1164.445698 1156.423462 1161.176262 1173.935463 1181.397077 1197.390171 1221.756188 1253.789574 1275.231901 1294.302205 1298.944548 1290.900131 1282.123398 1269.191433 1267.637418 1285.008253 1297.085312 1307.890332 1318.874931 1331.709665 1337.411741 1335.141535 1335.144524 1339.021933 1347.206527 1357.475361 1365.479131 1372.101217 1378.523655 1374.821407 1364.253030 1357.092682 1347.104255 1339.219701 1335.579912 1337.734565 1348.571581 1345.858285 1318.728648 1291.126495 1258.166533 1220.153052 1187.903088 1170.120970 1175.796034 1164.485115 1145.800183 1126.489105 1092.018813 1076.068752 1060.302866 1031.130099
1239.689046 1267.857142 1283.113118 1296.721134 1291.908136 1293.621242 1297.805825 1305.389356 1310.861958 1319.678292 1353.441187 1389.604612 1419.737541 1444.581681 1453.561549 1443.485022 1433.899264 1422.014213 1412.790419 1417.470852 1432.195111 1449.265321 1465.367565 1477.159345 1481.318904 1480.747164 1481.704879 1484.582488 1488.666983 1493.180030 1501.158542 1510.183077 1521.413467 1532.675766 1526.182039 1508.235176 1494.287790 1479.083870 1472.934601 1470.630979 1468.508162 1467.738098 1458.619482 1425.554570 1395.435316 1361.580662 1331.305669 1308.853170 1294.189973 1273.319424 1249.559258 1202.687219 1162.309427 1127.430576 1100.518016 1072.311215
1358.888231 1390.943479 1415.925257 1432.106604 1435.373127 1438.155261 1440.973382 1447.105448 1452.960408 1461.225852 1485.898349 1525.243791 1563.676248 1594.152515 1598.257723 1588.892531 1578.664412 1568.591888 1557.943221 1554.835746 1563.259761 1575.026798 1591.752585 1603.493160 1613.269245 1612.914119 1613.945477 1615.305554 1618.481380 1621.789975 1625.610491 1634.490562 1647.710452 1659.553190 1660.068254 1645.321889 1626.804476 1608.160382 1600.266074 1593.821406 1587.540392 1587.160514 1586.946077 1577.571866 1550.241708 1511.799236 1466.841291 1438.520600 1415.386111 1400.095888 1381.913165 1353.555291 1300.264676 1268.205129 1232.231148 1197.803236
1481.892113 1513.489658 1545.882022 1565.727653 1573.876571 1574.511598 1576.461373 1584.093699 1590.756500 1601.683636 1619.785608 1645.572150 1675.780094 1703.002275 1720.190748 1716.346380 1703.698232 1686.496749 1681.267385 1680.196393 1682.621142 1689.663634 1698.223132 1714.010175 1730.124826 1735.802372 1736.998841 1735.242272 1738.306899 1740.730094 1742.264790 1744.838479 1750.816088 1758.383087 1760.690664 1754.925992 1737.706015 1716.691387 1702.210010 1693.534542 1688.889712 1686.733912 1687.556976 1686.186155 1672.494305 1641.195832 1600.673733 1565.451672 1541.725148 1523.401790 1507.046116 1493.389128 1470.990423 1450.977675 1418.193834 1372.729824
1595.015321 1622.633462 1651.057824 1676.172536 1692.981110 1696.862559 1702.241155 1707.066055 1716.837033 1732.814613 1752.904629 1768.094809 1785.862782 1807.553767 1820.331678 1826.008268 1826.346489 1825.152861 1827.163511 1827.621266 1799.041323 1802.458510 1805.713261 1813.596453 1822.094105 1824.986233 1825.503135 1824.785883 1826.667633 1828.048164 1829.318164 1830.053186 1830.977988 1833.620628 1834.353241 1832.743667 1825.156407 1828.963653 1811.828678 1799.984980 1792.571327 1784.791649 1775.943093 1765.696676 1754.934923 1737.116428 1708.741529 1674.364066 1646.350975 1633.217368 1624.297943 1615.143844 1607.462103 1590.147943 1566.692677 1533.525950
1707.598418 1724.852553 1746.191459 1774.502540 1793.859937 1804.158006 1812.339162 1816.750791 1828.763450 1842.193788 1836.649539 1841.060915 1845.425797 1849.537075 1850.910101 1851.286384 1851.141347 1849.045444 1848.830108 1847.296537 1842.925906 1833.471041 1834.807423 1836.054377 1838.232866 1841.505168 1840.150522 1841.286989 1844.712544 1844.010696 1839.481414 1836.768876 1835.814533 1836.554995 1843.560609 1846.437675 1846.998653 1845.776955 1845.267416 1845.110500 1843.833484 1841.995066 1839.048911 1834.955535 1838.330961 1827.405697 1803.364830 1769.643075 1734.035592 1719.848254 1714.773369 1713.474183 1709.067229 1701.462268 1681.709731 1653.105520
1826.533069 1840.429870 1836.964321 1848.123338 1853.763248 1856.183046 1858.395082 1860.199043 1860.896791 1857.312498 1853.686460 1848.846974 1847.336522 1845.728637 1843.005409 1843.323906 1841.192237 1837.232059 1833.708754 1827.218100 1816.454346 1804.972084 1801.943476 1805.897725 1810.287073 1814.080730 1816.991839 1820.286075 1821.640553 1817.598037 1810.685707 1804.483412 1803.151242 1809.779892 1815.270150 1820.467012 1821.195259 1820.145764 1818.712801 1819.652582 1817.977631 1819.118820 1825.903859 1839.078783 1844.365125 1846.807613 1846.054906 1837.902129 1823.308033 1816.924505 1796.948914 1799.670665 1794.143842 1781.961001 1760.530095 1736.232742
1858.195744 1858.256365 1857.151848 1851.568555 1845.773001 1844.610928 1847.651677 1853.395577 1853.552597 1845.612202 1836.473965 1828.728332 1821.173474 1818.242456 1816.276774 1814.999443 1814.610329 1809.036382 1800.941507 1785.367804 1773.417904 1761.601260 1754.767115 1751.790846 1755.662198 1764.617598 1773.669647 1778.065588 1771.495113 1764.677355 1754.875513 1747.665906 1748.434761 1750.828958 1759.808565 1773.799006 1778.775829 1780.021020 1775.778789 1772.325527 1767.712714 1766.865089 1774.557394 1789.947509 1805.479365 1819.383447 1827.838055 1835.407397 1842.019014 1845.264625 1846.375955 1846.680628 1845.157729 1843.773172 1828.262505 1807.277415
1848.678343 1842.557894 1837.765569 1831.150691 1825.075104 1822.483017 1823.544099 1824.722917 1819.562862 1811.075508 1799.165818 1786.622240 1775.385265 1767.646983 1767.084613 1768.078785 1768.141323 1761.063827 1746.129415 1728.164809 1713.735027 1698.611697 1693.224129 1687.008895 1681.406650 1690.840389 1707.216925 1713.124523 1699.738342 1690.359743 1676.886059 1670.301554 1667.666352 1669.457654 1678.970067 1699.067141 1719.044708 1721.148978 1712.632259 1704.569954 1701.543302 1700.767950 1708.728024 1727.926248 1748.887669 1764.770308 1775.567928 1782.427686 1791.559170 1801.823315 1814.676210 1828.111726 1839.215992 1847.310305 1851.721668 1849.832328
1825.594870 1817.872287 1810.036282 1802.468328 1795.327373 1789.681379 1785.687612 1780.599694 1771.954587 1762.009441 1744.084966 1729.100756 1714.535845 1698.690468 1693.459723 1688.934205 1689.375020 1677.308383 1666.268833 1646.652941 1629.390908 1611.703155 1598.994965 1591.539996 1584.352651 1586.879630 1601.279802 1609.817195 1597.062004 1587.127197 1575.016345 1569.515140 1566.666238 1569.059898 1579.790599 1602.085466 1621.378950 1629.425172 1622.875086 1619.773862 1619.669922 1620.822498 1629.056153 1645.363889 1667.014490 1690.102929 1708.670137 1720.448259 1730.277252 1742.118840 1758.001569 1773.090639 1787.896532 1805.577977 1826.203698 1841.285137
1791.628125 1781.102997 1770.600269 1758.909230 1746.791275 1738.640259 1737.484708 1727.905440 1717.922276 1697.611732 1646.384628 1623.965666 1602.361479 1584.142925 1576.124029 1567.012124 1556.770623 1546.537042 1538.804163 1531.222112 1513.609927 1493.712016 1475.175253 1468.279956 1462.941655 1452.076524 1454.998696 1457.464938 1462.983630 1455.872250 1450.824416 1449.424557 1447.267904 1450.672508 1464.775376 1476.828771 1487.222932 1494.419902 1494.919219 1503.501633 1511.633773 1518.706077 1537.347013 1553.311875 1573.509687 1597.883443 1625.099269 1642.205448 1655.138837 1669.067151 1687.378032 1706.482226 1726.128591 1750.254022 1776.349055 1793.557206
1744.677770 1729.266178 1713.245957 1698.330173 1683.297015 1667.276984 1665.116119 1658.003934 1644.697693 1596.618274 1549.476002 1512.115190 1489.962945 1464.638816 1450.774819 1437.362830 1408.287583 1392.583453 1386.171026 1390.953014 1380.309069 1361.616464 1346.188191 1336.589807 1328.643185 1314.523320 1303.899904 1308.550995 1321.466765 1317.795885 1316.909109 1321.624165 1320.279740 1316.760140 1321.514529 1336.053994 1344.369126 1354.965427 1367.940063 1373.240715 1384.635495 1413.544587 1429.381982 1447.182292 1470.017817 1495.145274 1521.779046 1546.614597 1564.161838 1582.866986 1605.631074 1626.548813 1651.114954 1677.890494 1709.553524 1732.147741
1669.704360 1647.460434 1627.694621 1606.821106 1582.123191 1558.717700 1553.019502 1542.241785 1516.986599 1465.002564 1420.669313 1387.703042 1362.253433 1335.993030 1314.978245 1285.451276 1253.060567 1232.175160 1238.428919 1245.268028 1246.581689 1231.940324 1218.617950 1207.905836 1193.078052 1177.313256 1164.897468 1173.658225 1182.034442 1191.887882 1195.842577 1199.535693 1202.645879 1201.615989 1196.438576 1200.253881 1209.129395 1219.543662 1230.439879 1245.466017 1276.143056 1301.458018 1320.098637 1342.419451 1364.610868 1389.958291 1417.039188 1442.480724 1462.666874 1485.285768 1509.009270 1534.943847 1560.668741 1590.205911 1623.960796 1652.909398
1580.057770 1550.249207 1523.980219 1493.097988 1450.177629 1432.623856 1421.170806 1404.036859 1362.871181 1317.268285 1281.666978 1257.078048 1230.809980 1206.348342 1178.574069 1146.826477 1121.233659 1101.076886 1108.082294 1115.104234 1127.195980 1115.364242 1104.564944 1098.625416 1083.622772 1069.783546 1055.025787 1062.268270 1072.385037 1090.377741 1094.693159 1098.156208 1105.428036 1104.416912 1101.662380 1091.462041 1099.745854 1110.077620 1123.697156 1151.515012 1175.775223 1199.655435 1221.405593 1242.355963 1265.800046 1291.031043 1317.050495 1345.064203 1367.290802 1389.575257 1414.938153 1439.625726 1462.458199 1488.137471 1519.560605 1547.626611
1459.277587 1434.316763 1407.208184 1367.357851 1321.872243 1285.330805 1266.250262 1224.776606 1189.423597 1155.437042 1139.264525 1120.642194 1097.335201 1075.657679 1054.470156 1029.201860 1007.307268 983.224595 987.150711 999.901754 1014.054085 1009.278321 1006.283007 1003.285523 992.345672 978.729686 965.170534 968.750246 984.106662 1000.987457 1008.734776 1015.441681 1022.937049 1022.939573 1015.636111 1006.931680 1012.329811 1026.405281 1042.305487 1062.500216 1084.434985 1106.134653 1126.744140 1149.662970 1173.554395 1198.032811 1224.627601 1252.701405 1274.730062 1300.424171 1327.502611 1349.788410 1365.387615 1382.885155 1410.945984 1434.035213
1343.619814 1317.569579 1289.320461 1247.527075 1205.192058 1162.562519 1121.988498 1088.477956 1057.189975 1040.764711 1021.793124 1004.133759 986.222145 965.172856 946.229465 928.117427 906.317675 889.939082 895.551078 908.578619 919.136285 922.476039 919.558916 916.581449 909.372138 895.658017 886.620778 895.289450 910.527218 925.094584 935.413952 942.081831 947.923623 945.113315 936.697933 931.280813 939.229141 954.545160 968.997323 985.692458 1006.791913 1027.755253 1049.337770 1071.996372 1094.682755 1119.831728 1145.892360 1172.618903 1199.487344 1224.024163 1247.078492 1260.139972 1273.963734 1283.372962 1302.074953 1323.664166
1216.005151 1189.731891 1161.188966 1128.479160 1090.738323 1061.114423 1029.032575 998.096664 967.734923 942.033801 925.499819 916.068461 901.493240 882.644652 869.577160 852.982883 836.823903 837.762472 840.417126 851.062718 851.768687 852.403077 849.492153 848.457586 844.465228 834.584515 842.321902 849.620608 863.988205 874.580279 883.979453 890.068406 894.022814 894.031848 887.903288 891.675272 898.509613 912.779306 924.368809 939.035312 959.521217 976.750551 996.038874 1018.080077 1040.920833 1064.955660 1090.634887 1118.475532 1143.667830 1163.850684 1174.133163 1186.174244 1193.228814 1189.052194 1204.983920 1222.101254
