tests/Borden05m/data_simulated/sim_1/output-maps/psiliqL0027N0009.asc
ncols         160
nrows         34
xllcorner     620200.000000
yllcorner     5168000.000000
cellsize      0.500000
NODATA_value  -9999.0
[rows 0 to 24 of 34, columns 0 to 54 of 160]
-9999.0 -9999.0 -9999.0 -9999.0 -9999.0 -9999.0 -9999.0 -9999.0 -9999.0 -9999.0 -9999.0 -9999.0 -9999.0 -9999.0 -9999.0 -9999.0 -9999.0 -9999.0 -9999.0 -9999.0 -9999.0 -9999.0 -9999.0 -9999.0 -9999.0 -9999.0 -9999.0 -9999.0 -9999.0 -9999.0 -9999.0 -9999.0 -9999.0 -9999.0 -9999.0 -9999.0 -9999.0 -9999.0 -9999.0 -9999.0 -9999.0 -9999.0 -9999.0 -9999.0 -9999.0 -9999.0 -9999.0 -9999.0 -9999.0 -9999.0 -9999.0 -9999.0 -9999.0 -9999.0 -9999.0
-9999.0 -9999.0 -9999.0 -9999.0 -9999.0 -9999.0 -9999.0 -9999.0 -9999.0 -9999.0 -9999.0 -9999.0 -9999.0 -9999.0 -9999.0 -9999.0 -9999.0 -9999.0 -9999.0 -9999.0 -9999.0 -9999.0 -9999.0 -9999.0 -9999.0 -9999.0 -9999.0 -9999.0 -9999.0 -9999.0 -9999.0 -9999.0 -9999.0 -9999.0 -9999.0 -9999.0 -9999.0 -9999.0 -9999.0 -9999.0 -9999.0 -9999.0 -9999.0 -9999.0 -9999.0 -9999.0 -9999.0 -9999.0 -9999.0 -9999.0 -9999.0 -9999.0 -9999.0 -9999.0 -9999.0
-9999.0 -9999.0 -9999.0 -9999.0 -9999.0 -9999.0 -9999.0 -9999.0 -9999.0 -9999.0 -9999.0 -9999.0 -9999.0 -9999.0 -9999.0 -9999.0 -9999.0 -9999.0 -9999.0 -9999.0 -9999.0 -9999.0 -9999.0 -9999.0 -9999.0 -9999.0 -9999.0 -9999.0 -9999.0 -9999.0 -9999.0 -9999.0 -9999.0 -9999.0 -9999.0 -9999.0 -9999.0 -9999.0 -9999.0 -9999.0 -9999.0 -9999.0 -9999.0 -9999.0 -9999.0 -9999.0 -9999.0 3472.890157 3455.694559 3442.432675 3437.341509 3458.041611 3480.880598 3504.496849 3524.819494
-9999.0 -9999.0 -9999.0 -9999.0 -9999.0 -9999.0 -9999.0 -9999.0 -9999.0 -9999.0 -9999.0 -9999.0 -9999.0 -9999.0 -9999.0 -9999.0 -9999.0 -9999.0 -9999.0 -9999.0 -9999.0 -9999.0 -9999.0 -9999.0 -9999.0 -9999.0 -9999.0 -9999.0 -9999.0 -9999.0 -9999.0 -9999.0 -9999.0 -9999.0 -9999.0 -9999.0 -9999.0 -9999.0 -9999.0 -9999.0 3524.139291 3529.969932 3529.443099 3519.507840 3508.007209 3493.988604 3473.185369 3456.021983 3443.044906 3441.051611 3443.272268 3445.441521 3465.635442 3490.891018 3510.605121
-9999.0 -9999.0 -9999.0 -9999.0 -9999.0 -9999.0 -9999.0 -9999.0 -9999.0 -9999.0 -9999.0 -9999.0 -9999.0 -9999.0 -9999.0 -9999.0 -9999.0 -9999.0 -9999.0 -9999.0 -9999.0 -9999.0 -9999.0 -9999.0 -9999.0 -9999.0 -9999.0 -9999.0 -9999.0 -9999.0 -9999.0 -9999.0 -9999.0 -9999.0 3432.235005 3448.968104 3466.686533 3485.073703 3501.896871 3508.847973 3514.580452 3519.734717 3514.841218 3510.231112 3498.254830 3476.766098 3457.284806 3444.460007 3443.443785 3440.804224 3443.994345 3455.063489 3471.347111 3485.890480 3506.053637
-9999.0 -9999.0 -9999.0 -9999.0 -9999.0 -9999.0 -9999.0 -9999.0 -9999.0 -9999.0 -9999.0 -9999.0 -9999.0 -9999.0 -9999.0 -9999.0 -9999.0 -9999.0 -9999.0 -9999.0 -9999.0 -9999.0 -9999.0 -9999.0 -9999.0 -9999.0 -9999.0 -9999.0 3438.765301 3432.684348 3427.703074 3425.888184 3424.179426 3423.024192 3429.474714 3440.247458 3456.906775 3478.785184 3491.869445 3498.911538 3505.610406 3505.656185 3499.366117 3497.373136 3497.555339 3484.457038 3471.763686 3459.859324 3448.180806 3444.497431 3452.926531 3466.796550 3482.614046 3496.746265 3511.565591
-9999.0 -9999.0 -9999.0 -9999.0 -9999.0 -9999.0 -9999.0 -9999.0 -9999.0 -9999.0 -9999.0 -9999.0 -9999.0 -9999.0 -9999.0 -9999.0 -9999.0 -9999.0 -9999.0 -9999.0 -9999.0 -9999.0 -9999.0 3409.363659 3414.033532 3420.350946 3427.817441 3428.560864 3425.160334 3419.583440 3416.680888 3414.969049 3412.301957 3416.513678 3423.032107 3435.516429 3450.295517 3472.232247 3480.025407 3483.674170 3494.504335 3497.903234 3505.536347 3508.958582 3506.574400 3501.873806 3486.209936 3473.879995 3475.194875 3478.459731 3484.778591 3492.614339 3505.564962 3518.543277 3533.031722
-9999.0 -9999.0 -9999.0 -9999.0 -9999.0 -9999.0 -9999.0 -9999.0 -9999.0 -9999.0 -9999.0 -9999.0 -9999.0 -9999.0 -9999.0 -9999.0 -9999.0 -9999.0 -9999.0 3385.190609 3386.151145 3387.535708 3392.234859 3392.394549 3393.888023 3400.342234 3408.012641 3410.645228 3408.031714 3406.733105 3407.607014 3409.698665 3413.725207 3423.503248 3436.207153 3449.418977 3461.384020 3481.280682 3494.874476 3506.271613 3520.683142 3520.585733 3516.376360 3514.069630 3513.245552 3510.735042 3507.836397 3505.797623 3511.246409 3510.789944 3513.266655 3521.647991 3532.947638 3548.499307 3565.003958
-9999.0 -9999.0 -9999.0 -9999.0 -9999.0 -9999.0 -9999.0 -9999.0 -9999.0 -9999.0 -9999.0 -9999.0 -9999.0 -9999.0 -9999.0 -9999.0 3356.304261 3357.929656 3360.146297 3365.503014 3369.091261 3372.772645 3379.456279 3380.652713 3383.591101 3390.145132 3393.975317 3402.714273 3410.476296 3416.787944 3421.790889 3423.275660 3428.686369 3436.768532 3447.003306 3459.559817 3478.297159 3500.749325 3515.256912 3530.830170 3547.012403 3546.582697 3543.847601 3543.072119 3540.484864 3540.452608 3553.557914 3555.574720 3548.831517 3556.965437 3567.600953 3569.327672 3575.320555 3594.250565 3615.447785
-9999.0 -9999.0 -9999.0 -9999.0 -9999.0 -9999.0 -9999.0 -9999.0 -9999.0 -9999.0 -9999.0 -9999.0 -9999.0 3306.828952 3310.590104 3320.648136 3332.153216 3334.994961 3339.723994 3346.169612 3357.882685 3361.043772 3366.447579 3372.955783 3384.970517 3392.787797 3400.615265 3411.323574 3418.198898 3423.953776 3429.051191 3430.429500 3440.429241 3452.956870 3465.814768 3483.445299 3503.997932 3520.928193 3537.610616 3552.806647 3563.116605 3559.019923 3557.193478 3558.271531 3561.668887 3573.225904 3588.500737 3587.245470 3595.207225 3614.501029 3623.535639 3629.622004 3634.703442 3647.813786 3668.631290
-9999.0 -9999.0 -9999.0 -9999.0 -9999.0 -9999.0 -9999.0 -9999.0 -9999.0 -9999.0 3281.025504 3282.190731 3278.102495 3274.777277 3280.283199 3292.273026 3306.516003 3311.489102 3323.051031 3343.928513 3362.111314 3364.396757 3376.852473 3386.158454 3391.804020 3400.283741 3411.695148 3422.173945 3435.840611 3445.780309 3452.670947 3467.047027 3481.031064 3495.407919 3510.860828 3529.619976 3543.934276 3565.811906 3589.137179 3596.221546 3611.552724 3612.754798 3607.606342 3604.685372 3612.948190 3622.681311 3635.921158 3649.982951 3667.199090 3687.885051 3696.831835 3708.816360 3717.026707 3726.581096 3741.268840
-9999.0 -9999.0 -9999.0 -9999.0 -9999.0 -9999.0 -9999.0 -9999.0 3256.736998 3264.668180 3269.582286 3265.814127 3260.800573 3254.181370 3268.367787 3283.114229 3298.226754 3315.902166 3330.618911 3348.029699 3360.828612 3374.323002 3393.263820 3402.581228 3411.600017 3424.999922 3436.303036 3449.239156 3467.884023 3473.715646 3482.740213 3500.293689 3514.096203 3529.187186 3545.639037 3560.410165 3578.837048 3607.386983 3634.777075 3649.413989 3674.138778 3689.944108 3683.239763 3680.549876 3680.939744 3702.876532 3727.908676 3755.891490 3773.574779 3795.954057 3823.355016 3841.819815 3850.692550 3861.439972 3874.941410
-9999.0 -9999.0 -9999.0 -9999.0 -9999.0 -9999.0 3228.526047 3252.613857 3267.375467 3258.174517 3243.048346 3237.110454 3230.058669 3260.801559 3282.425744 3298.895319 3314.608642 3331.089461 3346.170543 3353.083632 3381.131692 3399.312971 3409.572133 3421.057416 3433.970506 3446.817720 3461.366525 3480.942162 3496.636869 3516.584915 3530.651771 3545.213901 3567.234517 3583.028364 3598.511063 3610.680195 3636.866366 3670.269904 3703.692814 3727.011142 3750.522510 3781.260188 3780.240514 3781.514884 3782.571161 3805.872262 3839.146147 3868.330139 3899.552615 3929.586639 3957.545049 3967.780286 3976.525207 3986.208635 3998.538457
-9999.0 -9999.0 -9999.0 -9999.0 3196.871572 3217.362039 3235.395225 3264.829529 3286.105930 3280.432080 3283.864548 3280.888404 3275.396874 3279.579830 3286.818889 3302.873205 3320.847404 3339.169307 3351.958488 3377.286482 3422.862746 3432.258278 3447.541557 3475.348920 3484.755417 3497.220809 3511.299700 3530.247908 3547.058919 3572.705120 3605.271297 3632.857730 3652.940042 3671.011919 3689.051005 3704.910040 3739.061647 3775.131188 3809.960298 3840.729732 3867.006390 3892.529576 3898.741482 3903.354682 3913.065475 3929.845760 3952.235427 3979.490909 4012.830931 4044.667741 4067.718374 4076.590269 4081.672345 4091.087012 4098.501240
-9999.0 -9999.0 -9999.0 3142.660130 3181.437569 3220.767307 3245.684944 3275.127774 3306.670775 3305.407180 3313.136932 3311.707367 3309.294753 3313.427167 3315.173171 3330.341055 3347.221903 3365.875465 3385.875953 3417.921543 3445.484421 3461.420657 3487.652083 3502.038722 3513.496674 3525.005141 3542.277211 3561.013240 3596.052221 3624.557474 3669.398518 3718.963812 3750.244558 3768.978706 3790.813067 3817.771556 3842.453561 3880.738838 3914.328104 3946.033272 3975.936959 3997.819950 4011.852262 4016.336659 4025.809379 4031.452964 4043.868775 4064.660669 4086.810000 4117.295361 4146.370017 4175.088809 4190.247874 4201.241934 4218.268178
-9999.0 -9999.0 3094.265018 3133.733110 3164.525907 3210.390778 3262.755975 3297.124505 3335.532764 3353.174180 3355.161593 3364.341655 3373.484103 3373.076316 3380.384014 3391.661469 3412.731035 3420.650636 3440.030371 3454.020405 3489.572507 3521.920911 3516.025102 3552.842658 3581.851321 3613.672760 3634.258544 3660.118404 3697.179999 3730.244499 3773.914282 3823.227681 3857.039051 3884.537199 3900.157488 3920.124223 3940.200676 3966.286389 4002.723085 4028.197449 4061.575915 4086.814872 4106.261182 4106.948390 4109.596202 4125.628240 4153.801060 4184.502874 4213.294659 4242.170371 4226.575875 4250.040138 4260.528544 4266.380283 4275.581291
-9999.0 -9999.0 3063.644238 3110.110952 3143.833253 3200.560916 3286.801551 3320.014999 3358.881713 3403.337153 3415.809892 3435.976789 3427.887262 3414.787661 3431.150922 3444.050912 3463.968866 3470.716143 3463.848281 3514.923177 3566.313752 3588.963059 3593.257864 3669.503612 3721.299320 3745.300720 3761.730081 3781.633548 3800.975977 3838.877005 3877.568467 3931.652808 3972.617833 4002.238939 4016.616720 4036.496216 4055.870548 4070.817593 4090.247142 4136.873724 4172.313332 4203.032501 4234.864068 4256.144587 4264.279567 4269.320601 4243.548335 4263.166289 4276.470361 4282.208324 4284.498655 4280.700624 4280.139739 4280.970005 4281.894473
-9999.0 2970.798968 3022.289026 3072.259331 3135.811196 3195.968889 3269.433476 3343.124430 3408.932610 3460.343240 3484.425546 3475.638731 3472.821264 3496.207563 3514.372968 3529.540550 3534.461154 3544.256277 3524.502892 3577.327359 3612.938209 3660.621711 3758.903002 3816.796313 3880.138954 3875.876401 3864.003227 3868.654352 3884.297902 3930.547471 4009.459922 4065.635722 4131.455866 4180.429452 4197.509475 4204.995452 4223.684494 4244.450547 4191.840154 4235.548764 4255.701918 4272.518148 4282.052131 4284.369940 4285.664450 4285.423392 4281.716440 4274.664438 4266.462929 4260.598041 4256.351704 4251.848696 4254.287427 4257.618849 4257.771291
-9999.0 2932.044169 2988.168429 3055.915518 3122.528206 3167.260503 3247.305010 3414.068788 3476.143954 3513.154143 3516.772636 3489.017982 3544.823204 3603.495147 3626.765867 3671.381380 3655.044510 3639.518195 3601.143778 3625.667941 3663.467469 3733.790997 3905.371068 3993.876770 4046.659481 4054.555961 4055.173453 4083.488382 4127.842350 4175.579156 4221.786055 4189.417445 4239.717667 4264.515008 4269.696845 4270.422190 4275.985993 4274.490897 4273.094205 4268.621122 4263.441062 4263.610523 4268.263366 4268.112268 4265.134119 4261.724735 4256.005122 4248.584086 4243.400079 4238.767394 4236.113957 4233.284121 4231.294913 4230.499506 4225.591952
-9999.0 2890.594860 2965.440814 3021.847715 3065.600492 3153.838783 3283.290750 3427.054262 3522.718351 3555.609884 3529.335244 3561.558487 3663.822760 3770.093381 3822.083449 3842.705702 3822.238979 3772.333153 3750.946793 3794.272696 3864.861721 3985.862859 4126.955388 4227.427588 4242.918728 4246.374536 4197.367957 4223.736759 4248.177295 4251.077581 4252.225177 4260.450392 4265.548908 4268.529114 4266.947476 4264.050795 4259.219277 4250.997097 4246.200466 4242.486475 4238.691694 4237.479723 4239.437893 4241.319096 4238.474169 4234.565372 4230.083396 4224.506622 4218.175300 4211.389016 4207.031426 4202.742084 4200.591113 4194.972750 4191.482849
-9999.0 2773.788335 2861.629045 2899.932627 2969.434521 3157.469357 3285.964343 3424.405903 3590.095236 3608.468827 3651.073471 3791.205740 3911.047019 3991.708640 4019.845707 4052.769568 4077.135706 4092.745118 4129.692676 4005.961130 4087.889210 4187.882049 4233.860856 4253.798933 4264.252241 4264.633427 4254.659312 4233.750523 4222.987599 4216.228287 4217.839371 4225.134710 4229.764342 4234.513403 4232.196891 4233.300304 4234.479904 4231.275783 4227.229130 4218.454688 4210.574654 4203.796490 4200.419094 4205.075019 4200.428655 4198.110552 4191.876128 4183.372847 4174.367080 4166.979086 4158.956399 4152.366456 4150.140468 4145.130816 4143.922795
-9999.0 2692.950533 2765.082819 2811.021585 2917.535341 3079.016899 3169.785169 3325.661626 3568.464444 3705.658493 3872.032688 3964.229173 4034.544855 4075.501756 4125.259844 4177.785783 4205.071397 4217.104937 4185.218691 4208.354160 4165.042867 4153.895613 4171.592733 4201.058187 4218.542296 4222.674673 4214.869424 4205.798922 4198.524481 4197.400912 4195.166036 4190.906988 4186.602075 4182.903394 4179.763664 4182.814278 4188.190939 4180.986664 4170.565434 4160.994852 4152.372032 4143.060777 4137.059352 4132.294232 4132.767703 4133.054119 4125.374034 4114.826795 4103.901054 4095.558656 4088.352448 4083.890806 4081.163105 4076.141737 4066.308574
-9999.0 2570.242519 2704.555274 2778.754230 2857.901245 2983.012415 3083.056533 3231.952566 3358.857617 3604.886143 3744.465483 3943.295142 3993.874404 4064.762560 4111.668961 4185.610345 4180.716140 4149.388192 4105.671634 4089.602646 4101.334427 4110.482737 4118.598002 4132.917217 4150.711282 4160.943001 4166.182768 4160.267003 4146.018438 4133.349848 4121.945107 4107.997613 4098.432195 4095.852855 4100.118957 4110.326680 4110.725134 4101.386651 4087.153949 4068.730764 4052.978379 4041.059250 4039.100577 4041.963275 4043.118892 4038.987588 4033.213254 4022.382868 4009.723511 3997.198889 3991.584496 3987.274455 3979.767247 3968.385177 3956.382455
-9999.0 -9999.0 2617.511130 2725.436155 2804.616943 2912.127208 2994.788187 3107.986760 3245.380659 3414.734134 3530.642184 3714.572321 3811.567675 3855.792072 3888.951677 3945.126606 3971.171512 4003.572277 3998.874157 4011.340110 4021.653889 4027.127118 4032.284001 4037.792131 4048.225381 4058.116070 4068.579505 4065.758572 4056.964420 4036.210474 4010.134730 3989.827116 3979.204529 3969.780087 3982.093213 3994.726887 3989.026851 3982.079609 3969.358787 3953.072291 3940.502069 3926.191513 3922.742078 3922.623994 3923.249510 3920.969457 3918.567889 3906.122045 3893.864422 3884.075977 3880.129020 3874.517065 3871.036227 3861.262870 3850.691748
-9999.0 -9999.0 2528.574075 2631.895152 2732.141442 2834.358409 2914.406138 2919.555517 3049.943754 3150.435933 3257.473422 3369.359527 3467.129129 3536.174022 3568.263697 3630.746418 3688.221078 3706.983705 3748.835134 3804.690034 3839.730877 3880.101615 3903.597739 3912.958594 3925.468411 3940.071459 3947.497295 3932.035813 3920.735249 3903.596942 3879.992182 3853.039713 3839.398067 3839.142989 3837.960553 3839.245630 3831.483654 3822.560439 3808.069827 3794.237248 3782.080369 3773.325590 3769.771949 3764.042121 3761.678850 3758.962597 3757.360668 3752.341848 3744.283879 3739.911535 3731.720278 3728.149484 3727.505158 3724.697986 3719.197518
