tests/Borden05m/data_simulated/sim_1/output-maps/psiliqL0002N0008.asc
ncols         160
nrows         34
xllcorner     620200.000000
yllcorner     5168000.000000
cellsize      0.500000
NODATA_value  -9999.0
[rows 0 to 24 of 34, columns 0 to 56 of 160]
-9999.0 -9999.0 -9999.0 -9999.0 -9999.0 -9999.0 -9999.0 -9999.0 -9999.0 -9999.0 -9999.0 -9999.0 -9999.0 -9999.0 -9999.0 -9999.0 -9999.0 -9999.0 -9999.0 -9999.0 -9999.0 -9999.0 -9999.0 -9999.0 -9999.0 -9999.0 -9999.0 -9999.0 -9999.0 -9999.0 -9999.0 -9999.0 -9999.0 -9999.0 -9999.0 -9999.0 -9999.0 -9999.0 -9999.0 -9999.0 -9999.0 -9999.0 -9999.0 -9999.0 -9999.0 -9999.0 -9999.0 -9999.0 -9999.0 -9999.0 -9999.0 -9999.0 -9999.0 -9999.0 -9999.0 -9999.0 -9999.0
-9999.0 -9999.0 -9999.0 -9999.0 -9999.0 -9999.0 -9999.0 -9999.0 -9999.0 -9999.0 -9999.0 -9999.0 -9999.0 -9999.0 -9999.0 -9999.0 -9999.0 -9999.0 -9999.0 -9999.0 -9999.0 -9999.0 -9999.0 -9999.0 -9999.0 -9999.0 -9999.0 -9999.0 -9999.0 -9999.0 -9999.0 -9999.0 -9999.0 -9999.0 -9999.0 -9999.0 -9999.0 -9999.0 -9999.0 -9999.0 -9999.0 -9999.0 -9999.0 -9999.0 -9999.0 -9999.0 -9999.0 -9999.0 -9999.0 -9999.0 -9999.0 -9999.0 -9999.0 -9999.0 -9999.0 -9999.0 -9999.0
-9999.0 -9999.0 -9999.0 -9999.0 -9999.0 -9999.0 -9999.0 -9999.0 -9999.0 -9999.0 -9999.0 -9999.0 -9999.0 -9999.0 -9999.0 -9999.0 -9999.0 -9999.0 -9999.0 -9999.0 -9999.0 -9999.0 -9999.0 -9999.0 -9999.0 -9999.0 -9999.0 -9999.0 -9999.0 -9999.0 -9999.0 -9999.0 -9999.0 -9999.0 -9999.0 -9999.0 -9999.0 -9999.0 -9999.0 -9999.0 -9999.0 -9999.0 -9999.0 -9999.0 -9999.0 -9999.0 -9999.0 -482.210815 -487.174023 -493.275934 -495.114959 -488.462682 -486.040382 -483.997078 -482.988899 -482.156721 -480.381288
-9999.0 -9999.0 -9999.0 -9999.0 -9999.0 -9999.0 -9999.0 -9999.0 -9999.0 -9999.0 -9999.0 -9999.0 -9999.0 -9999.0 -9999.0 -9999.0 -9999.0 -9999.0 -9999.0 -9999.0 -9999.0 -9999.0 -9999.0 -9999.0 -9999.0 -9999.0 -9999.0 -9999.0 -9999.0 -9999.0 -9999.0 -9999.0 -9999.0 -9999.0 -9999.0 -9999.0 -9999.0 -9999.0 -9999.0 -9999.0 -485.153543 -482.831631 -480.772629 -483.925041 -484.913241 -484.056508 -487.149890 -490.978146 -495.042226 -493.525926 -493.536738 -497.059814 -492.850987 -489.724224 -489.227692 -488.999912 -486.536404
-9999.0 -9999.0 -9999.0 -9999.0 -9999.0 -9999.0 -9999.0 -9999.0 -9999.0 -9999.0 -9999.0 -9999.0 -9999.0 -9999.0 -9999.0 -9999.0 -9999.0 -9999.0 -9999.0 -9999.0 -9999.0 -9999.0 -9999.0 -9999.0 -9999.0 -9999.0 -9999.0 -9999.0 -9999.0 -9999.0 -9999.0 -9999.0 -9999.0 -9999.0 -493.006074 -488.803140 -487.354434 -486.079622 -483.755132 -485.164691 -486.402869 -484.424680 -486.258770 -486.087005 -488.059985 -491.991901 -495.901009 -497.963457 -494.999991 -495.809074 -495.965001 -494.055384 -493.208522 -493.397127 -491.001164 -486.716089 -490.065237
-9999.0 -9999.0 -9999.0 -9999.0 -9999.0 -9999.0 -9999.0 -9999.0 -9999.0 -9999.0 -9999.0 -9999.0 -9999.0 -9999.0 -9999.0 -9999.0 -9999.0 -9999.0 -9999.0 -9999.0 -9999.0 -9999.0 -9999.0 -9999.0 -9999.0 -9999.0 -9999.0 -9999.0 -485.794654 -487.508901 -488.786695 -488.632128 -489.271385 -491.866392 -492.814221 -492.792973 -490.921784 -487.614520 -487.506978 -488.398973 -488.406990 -489.462041 -492.067146 -492.195462 -489.020721 -491.365214 -492.230931 -493.678793 -498.044811 -499.191460 -496.826355 -494.753015 -493.192215 -493.375503 -493.879025 -494.841883 -495.330006
-9999.0 -9999.0 -9999.0 -9999.0 -9999.0 -9999.0 -9999.0 -9999.0 -9999.0 -9999.0 -9999.0 -9999.0 -9999.0 -9999.0 -9999.0 -9999.0 -9999.0 -9999.0 -9999.0 -9999.0 -9999.0 -9999.0 -9999.0 -488.159498 -486.590792 -486.126298 -484.800929 -485.639464 -489.233327 -491.429796 -492.342376 -493.128844 -495.069720 -495.444793 -495.798757 -495.036804 -494.716852 -491.205774 -493.818645 -495.599821 -492.429673 -493.420511 -491.083697 -488.386848 -488.916315 -488.174895 -492.926708 -496.489308 -492.654993 -491.292134 -491.803246 -493.120418 -492.482490 -491.628535 -490.561498 -488.173521 -484.961444
-9999.0 -9999.0 -9999.0 -9999.0 -9999.0 -9999.0 -9999.0 -9999.0 -9999.0 -9999.0 -9999.0 -9999.0 -9999.0 -9999.0 -9999.0 -9999.0 -9999.0 -9999.0 -9999.0 -487.272487 -487.848917 -488.961162 -488.668395 -492.267741 -493.842347 -493.039426 -491.378676 -492.559438 -494.569550 -496.259803 -496.093439 -495.938971 -496.498863 -494.218980 -492.547441 -492.384555 -493.589261 -491.065408 -490.788514 -489.580707 -485.272377 -488.598948 -491.676192 -493.270485 -493.418879 -494.452917 -491.786781 -491.123701 -491.175404 -491.976819 -492.441660 -492.272552 -492.577841 -489.807697 -487.692362 -486.462112 -485.534566
-9999.0 -9999.0 -9999.0 -9999.0 -9999.0 -9999.0 -9999.0 -9999.0 -9999.0 -9999.0 -9999.0 -9999.0 -9999.0 -9999.0 -9999.0 -9999.0 -486.989746 -487.347255 -488.754615 -491.069488 -493.005044 -493.151746 -491.878592 -494.546335 -495.534437 -495.146484 -496.450289 -495.382194 -494.206565 -492.752920 -492.192754 -494.187943 -494.144357 -494.789316 -495.499710 -495.327390 -492.463683 -490.007661 -490.207984 -488.625314 -484.977147 -487.753266 -488.818537 -488.724317 -490.538658 -489.765717 -484.053380 -485.835352 -489.510689 -483.839683 -481.278118 -483.404038 -484.964176 -482.118711 -477.797264 -472.398603 -462.295696
-9999.0 -9999.0 -9999.0 -9999.0 -9999.0 -9999.0 -9999.0 -9999.0 -9999.0 -9999.0 -9999.0 -9999.0 -9999.0 -486.704533 -487.068842 -486.875029 -490.429573 -493.126777 -494.814339 -497.149128 -494.600595 -496.732052 -497.530260 -497.252631 -495.014760 -495.202195 -495.200356 -493.972647 -494.810218 -495.855355 -496.896743 -498.790290 -497.254044 -495.817274 -495.126451 -493.089361 -491.942496 -491.487742 -489.548147 -490.090145 -488.950291 -490.332613 -492.980512 -493.675367 -492.175302 -487.323638 -484.277157 -484.288050 -477.896253 -471.171715 -468.770318 -465.085136 -464.092735 -462.772431 -457.754807 -438.811892 -412.406860
-9999.0 -9999.0 -9999.0 -9999.0 -9999.0 -9999.0 -9999.0 -9999.0 -9999.0 -9999.0 -491.371822 -489.663155 -492.231608 -497.083436 -499.237555 -498.348752 -497.437130 -499.389831 -499.547356 -494.962006 -492.585647 -497.410987 -494.576183 -494.809082 -497.021984 -496.860470 -495.981143 -496.244902 -493.822415 -494.271962 -494.883656 -490.817884 -490.385062 -489.917045 -489.064366 -488.284735 -488.168644 -483.010803 -478.989436 -481.038929 -474.533985 -470.623403 -475.212142 -476.908227 -476.238964 -471.761709 -464.610016 -454.143316 -443.259911 -422.975674 -406.387245 -396.103942 -388.687167 -378.678466 -360.330163 -277.699713 -184.165031
-9999.0 -9999.0 -9999.0 -9999.0 -9999.0 -9999.0 -9999.0 -9999.0 -498.065774 -495.404278 -493.759476 -495.902755 -498.773039 -504.017127 -502.204094 -500.508395 -499.465657 -497.796628 -497.197366 -496.824734 -498.444110 -497.226679 -494.601130 -495.876282 -495.962991 -494.426723 -494.933481 -493.861019 -491.973999 -494.283617 -493.943876 -492.680940 -491.741867 -491.013729 -489.963611 -490.147069 -485.182393 -478.483583 -471.106510 -465.203972 -456.373429 -444.653816 -446.075891 -443.294467 -438.630708 -419.195515 -396.074400 -363.051537 -283.030614 -191.582476 -146.292921 -128.103806 -119.409388 -108.330517 -89.901147 -60.006913 -24.156359
-9999.0 -9999.0 -9999.0 -9999.0 -9999.0 -9999.0 -501.877504 -496.088766 -493.338257 -500.139882 -505.319464 -507.042030 -510.113878 -503.531382 -497.838128 -496.987887 -496.426624 -495.734668 -496.743280 -501.164444 -492.962977 -496.039200 -498.477966 -496.498681 -497.323840 -497.720575 -496.796561 -494.021693 -493.748105 -488.034886 -484.794913 -482.411992 -478.288412 -476.323563 -473.928389 -471.267496 -462.163543 -448.047292 -425.307649 -403.131239 -379.681671 -343.647832 -316.686079 -278.940922 -210.881089 -173.201432 -139.387221 -106.258364 -60.059357 -17.030003 7.041435 12.053780 12.497460 12.970292 13.673977 14.545118 15.245269
-9999.0 -9999.0 -9999.0 -9999.0 -498.110592 -497.014109 -498.447831 -493.552926 -490.204505 -498.526857 -495.698431 -497.210004 -499.966136 -503.334558 -507.366166 -504.862789 -503.565643 -502.848470 -503.893941 -496.101141 -489.762933 -495.648121 -493.145646 -487.276425 -489.926021 -490.079548 -490.764954 -489.088800 -485.521288 -481.177051 -468.348660 -457.476997 -451.237156 -441.731596 -428.567961 -412.472798 -388.727103 -337.414572 -214.065562 -154.845990 -118.890554 -93.560221 -74.245094 -55.193068 -28.409699 -8.801422 5.152637 12.814639 14.456098 16.115100 17.191330 17.613072 17.625091 17.865246 18.155594 18.663339 19.066287
-9999.0 -9999.0 -9999.0 -501.379371 -495.770094 -493.993404 -497.318264 -496.753908 -492.728232 -497.461969 -498.502484 -499.480957 -500.162838 -500.331782 -500.994336 -499.746411 -499.791896 -501.381331 -500.834515 -496.877667 -496.201793 -493.889917 -492.662232 -490.001821 -487.600376 -487.402232 -486.422018 -482.496627 -471.140281 -459.089421 -431.752002 -396.047050 -358.317031 -298.107560 -213.187391 -168.244416 -138.124054 -95.282889 -43.064556 -8.715974 12.087025 13.450574 14.502256 14.902833 15.498314 15.852016 16.524654 17.152875 17.628146 18.640102 19.743905 20.588811 20.999594 21.172258 24.816946 36.131499 44.782558
-9999.0 -9999.0 -499.930801 -496.819415 -499.569351 -495.933294 -491.937130 -496.005575 -491.163639 -490.021078 -496.134147 -493.480973 -492.420449 -496.438193 -494.867006 -493.032596 -492.196641 -496.679495 -500.340347 -496.186266 -486.160704 -479.258619 -477.691413 -457.629121 -446.591023 -438.808937 -434.720699 -421.151155 -401.819744 -351.095311 -222.701251 -154.463426 -109.245761 -68.284321 -37.885587 -16.202886 3.151858 12.527694 14.535737 15.873493 16.999937 17.776398 18.669643 18.922798 18.913179 19.514502 20.404381 21.301008 26.746488 42.258194 58.382920 57.314593 58.321613 57.831696 56.872001 58.040549 57.414591
-9999.0 -9999.0 -503.698580 -498.389439 -502.799124 -494.866184 -487.698197 -496.781225 -495.506105 -488.347588 -491.557709 -491.651379 -494.092105 -495.004858 -492.759012 -486.861061 -490.900950 -492.462218 -501.056024 -485.091557 -472.763184 -451.479600 -405.295798 -358.115623 -287.054352 -249.421688 -215.597154 -187.542239 -160.484008 -112.583724 -51.661013 -7.893860 13.120570 14.868944 15.714623 16.531572 17.512011 18.256301 18.638300 20.224873 20.777754 21.788462 37.625794 52.704420 59.139887 57.606047 58.600939 57.363760 57.706008 58.112528 56.418611 54.407938 52.515747 53.165377 54.707023 49.293716 43.911178
-9999.0 -504.542843 -502.028639 -502.255128 -497.231861 -500.060044 -494.825644 -487.031650 -489.301367 -487.576685 -489.154313 -496.605563 -481.500247 -468.813108 -466.568508 -455.755473 -462.166690 -466.011057 -475.563860 -460.205147 -430.109427 -340.197862 -168.862324 -105.032329 -63.434424 -47.984558 -43.156110 -29.685220 -11.707471 9.844184 16.007797 17.837208 19.897909 21.379941 21.807031 21.820912 32.371573 45.976087 61.561592 62.024933 63.257270 62.062450 57.657814 58.484283 56.973849 58.342732 54.148957 49.304195 41.595463 36.554797 32.883327 28.784818 30.697703 33.862100 35.368310 29.066296 22.295147
-9999.0 -512.890389 -502.238270 -496.238409 -499.528289 -505.368535 -492.158164 -471.798329 -483.419986 -488.446110 -492.093896 -482.051526 -445.676084 -409.161061 -386.564271 -351.261715 -359.442642 -377.420062 -377.809848 -319.263249 -213.418912 -131.733976 -19.973491 15.549366 15.942033 16.870912 17.388814 18.686995 20.219680 21.526864 30.654357 50.444349 52.538866 51.735613 52.005926 52.133092 51.709454 52.197404 48.072979 45.254053 40.470788 40.567766 43.846141 43.230072 41.044216 38.456981 33.392032 26.271220 21.273943 20.773224 20.705945 20.540048 20.514008 20.885905 20.637332 20.435703 20.127963
-9999.0 -504.057432 -491.700074 -495.499692 -506.817689 -493.644295 -490.381048 -479.013681 -472.450340 -480.525609 -467.188779 -410.245743 -282.823117 -161.165257 -116.413880 -102.516114 -99.832501 -113.037467 -102.083082 -59.835740 -4.817273 15.729451 18.856631 34.632661 40.009025 39.859826 39.767255 39.704037 39.721530 39.599595 39.410984 37.515347 41.511083 43.624339 42.118639 39.408459 35.055576 27.902188 23.073604 21.070064 20.643661 20.707921 21.230537 21.630554 21.084620 20.858323 20.663932 20.444297 20.269794 20.073854 20.098249 20.038236 20.103016 19.952997 19.863622 19.842493 19.568345
-9999.0 -518.457969 -500.958455 -516.448584 -496.989036 -480.981880 -487.428024 -467.592329 -445.945349 -444.154000 -360.503369 -179.459746 -54.677227 4.986221 13.358958 15.305832 16.246482 17.233097 18.813416 20.299447 36.439104 48.545891 48.039002 47.830098 39.239146 39.441690 32.464193 20.547668 19.938573 19.527254 19.691052 20.215905 20.578902 21.311269 20.784142 20.970695 20.985264 20.686445 20.667987 20.313961 20.040990 19.849941 19.834312 20.481512 20.084807 20.034703 19.892533 19.714158 19.520159 19.365169 19.181034 18.976720 19.027862 18.803688 19.063049 19.073963 17.903225
-9999.0 -528.632679 -516.655188 -508.123173 -491.091340 -480.024769 -471.079278 -449.634614 -396.806449 -330.264983 -169.672176 -61.398390 12.089333 16.693341 19.558124 20.617089 27.613831 27.744177 27.801351 21.818159 18.820136 18.309976 19.044534 20.216867 20.492182 20.860022 20.098498 19.573261 19.495218 19.745265 19.747142 19.792622 19.777211 19.649512 19.393194 19.469582 19.923432 19.669180 19.509992 19.457356 19.432904 19.189820 18.968668 18.821251 18.748865 18.928492 18.660096 18.321599 18.034729 17.913630 17.728854 17.586603 17.711331 17.643194 17.446529 17.068750 15.548481
-9999.0 -551.647557 -512.064594 -507.939160 -498.103077 -496.413890 -496.202003 -479.921890 -455.554082 -337.363173 -97.571715 -17.181768 12.064374 14.443574 17.622099 20.577045 20.667966 18.289820 17.012712 16.266312 16.569053 17.091124 17.614647 18.496429 19.132449 19.534553 19.583510 19.236582 18.599972 18.392535 18.403066 18.046022 17.770552 17.874225 17.659003 17.940794 18.257972 17.834207 17.459750 16.975430 16.525198 16.107003 15.924349 15.888453 15.756037 15.488800 15.020922 14.440291 13.771194 13.242386 12.913873 12.736490 12.492226 12.019917 6.601435 -4.486182 -35.291284
-9999.0 -9999.0 -530.271921 -507.385500 -505.315457 -502.928475 -501.647179 -487.973032 -476.001775 -419.131271 -328.390413 -176.648454 -113.265423 -73.443253 -15.258586 12.761937 13.286350 14.345630 12.761635 13.067898 13.376970 13.667967 14.375188 15.229241 16.076118 16.579211 16.952862 16.903775 16.336688 15.200472 13.914419 13.095960 12.668561 12.256058 12.724503 13.373316 13.223377 13.012958 12.616433 11.961207 8.393380 -2.697656 -11.269200 -18.737164 -25.727728 -35.425289 -47.708873 -67.150408 -83.774918 -97.073783 -102.285105 -106.987291 -111.684378 -121.112802 -133.303557 -153.201035 -200.378609
-9999.0 -9999.0 -555.490188 -519.219167 -503.995415 -493.564563 -496.643101 -496.899107 -475.234398 -468.332339 -453.676554 -423.118658 -391.677227 -346.977531 -230.740873 -160.138844 -136.958923 -128.508778 -124.850395 -119.021907 -104.034151 -85.958639 -64.886231 -37.540317 -12.930006 1.863859 10.221429 -1.647743 -19.987880 -53.126799 -86.510441 -111.556725 -122.811993 -128.612146 -125.809071 -120.327605 -124.264081 -131.714961 -141.497727 -153.376153 -164.724072 -182.476910 -204.394971 -230.194593 -245.133221 -264.695570 -288.566474 -323.696636 -350.372552 -363.642548 -371.956142 -378.636669 -381.907862 -389.403259 -398.443667 -405.143309 -421.600280
