tests/Borden05m/data_simulated/sim_1/output-maps/psiliqL0026N0018.asc
ncols         160
nrows         34
xllcorner     620200.000000
yllcorner     5168000.000000
cellsize      0.500000
NODATA_value  -9999.0
[rows 0 to 24 of 34, columns 55 to 109 of 160]
-9999.0 -9999.0 -9999.0 -9999.0 -9999.0 -9999.0 -9999.0 -9999.0 -9999.0 -9999.0 -9999.0 -9999.0 -9999.0 -9999.0 -9999.0 -9999.0 -9999.0 -9999.0 -9999.0 -9999.0 -9999.0 -9999.0 -9999.0 -9999.0 -9999.0 -9999.0 -9999.0 -9999.0 -9999.0 -9999.0 -9999.0 -9999.0 -9999.0 -9999.0 -9999.0 -9999.0 -9999.0 -9999.0 -9999.0 -9999.0 -9999.0 -9999.0 -9999.0 -9999.0 -9999.0 -9999.0 -9999.0 -9999.0 -9999.0 -9999.0 -9999.0 -9999.0 -9999.0 -9999.0 -9999.0
-9999.0 -9999.0 -9999.0 -9999.0 3398.208624 3392.901620 3388.120246 3383.597039 3375.221639 3365.891883 3358.004804 3353.789836 3352.590146 3351.710481 3351.033587 3355.843032 3363.838908 3371.390718 3378.196853 3380.354785 3382.630559 3384.426656 3384.604608 3383.414447 3380.140059 3376.956086 3373.535268 3371.799669 3364.422161 3353.279296 3344.958617 3342.259583 3346.424709 3350.757445 3353.213182 3358.384024 3368.759838 3379.344834 3387.713992 3400.259256 3407.284955 3412.646191 3415.255569 3411.296759 3408.060257 3404.120736 3398.016509 3386.937466 -9999.0 -9999.0 -9999.0 -9999.0 -9999.0 -9999.0 -9999.0
3343.267964 3361.603603 3382.346591 3385.426002 3373.884648 3368.794845 3365.627118 3363.924742 3359.643475 3351.105536 3345.936371 3340.396732 3337.683361 3337.617688 3337.423535 3341.006924 3351.687316 3359.400874 3363.881655 3366.436005 3369.207782 3367.561743 3366.712543 3366.420928 3363.459681 3359.924828 3356.490619 3354.590757 3356.013771 3348.391598 3342.370915 3338.452540 3335.478146 3338.208134 3340.897016 3345.482700 3354.644976 3362.546606 3370.505547 3385.481098 3398.657477 3404.379598 3401.872841 3397.332098 3393.578941 3386.224694 3375.699727 3365.753186 3357.682767 3351.638187 3346.348225 3340.002028 3346.499600 3354.450478 3363.839208
3326.440020 3345.521415 3365.871660 3368.367670 3358.066797 3350.297790 3343.401232 3343.858701 3347.290559 3343.986952 3339.088357 3331.204092 3341.131264 3342.028249 3342.621651 3345.699620 3347.470396 3352.495818 3354.815432 3360.053138 3368.931422 3371.648460 3371.993668 3371.951487 3369.884553 3366.551614 3364.514369 3361.649106 3356.310417 3354.458984 3354.060764 3352.735626 3356.792041 3358.286809 3361.214631 3355.738196 3360.174527 3366.439294 3373.408486 3378.928204 3384.868224 3387.420091 3384.184052 3384.858813 3376.809382 3363.258592 3353.520891 3346.157514 3346.486280 3343.629904 3335.804263 3322.184384 3330.598898 3346.813541 3351.692062
3330.591544 3339.385007 3349.817401 3352.214169 3347.096050 3349.226563 3350.921232 3352.026393 3350.061967 3346.408926 3341.902076 3352.177510 3360.317205 3361.561351 3363.855001 3367.679709 3368.439448 3357.484883 3355.354678 3362.511112 3372.031952 3377.067538 3377.140997 3376.669564 3372.885677 3371.633348 3371.341982 3369.468174 3368.873638 3370.355151 3367.852522 3370.738781 3376.162083 3379.217487 3374.264022 3365.889809 3368.163079 3376.632137 3385.527504 3393.131624 3403.317388 3414.136192 3414.486971 3410.064497 3401.680334 3389.370680 3367.291641 3349.924322 3339.076072 3331.196030 3324.050606 3327.164714 3322.582746 3336.530782 3338.439139
3315.922632 3336.475718 3356.344052 3362.056230 3355.940497 3352.104498 3350.761892 3351.273666 3350.170735 3350.476675 3359.018997 3370.614697 3381.384720 3383.194099 3384.856707 3383.462161 3376.121191 3365.741066 3362.986136 3376.111535 3392.437791 3400.163263 3399.558870 3395.116466 3398.110412 3398.169471 3398.625484 3395.227386 3395.887569 3393.403885 3398.750093 3406.386708 3414.325508 3412.946670 3400.585699 3388.272514 3388.238075 3393.738501 3400.719832 3408.338234 3418.527393 3427.697042 3422.979885 3417.948121 3410.728468 3385.305784 3363.133763 3349.046232 3349.516128 3350.431011 3346.174497 3344.312557 3343.577014 3339.644133 3340.010822
3351.496313 3370.503538 3390.291687 3403.051417 3396.750707 3389.172559 3380.634452 3380.700131 3380.945534 3386.608405 3396.784282 3409.313852 3430.798790 3430.087847 3430.383249 3428.941014 3415.975429 3402.706244 3392.690598 3414.687473 3425.626679 3432.686625 3430.007701 3435.011964 3443.570226 3439.954838 3433.640345 3421.548307 3427.105344 3433.516433 3448.613202 3456.518350 3461.784276 3457.202049 3443.323918 3436.578842 3438.136437 3444.639618 3445.874304 3454.575188 3463.376292 3478.348500 3477.102651 3473.922216 3454.195040 3417.367319 3388.290783 3376.167772 3387.442471 3381.950918 3375.977256 3376.046199 3365.168405 3358.151782 3360.883655
3382.897774 3396.137989 3412.172216 3428.540558 3419.537747 3409.282124 3392.689999 3389.447144 3393.482453 3403.501738 3420.845253 3438.642242 3458.398257 3456.950494 3450.275332 3459.827010 3452.798411 3441.924093 3434.375425 3455.740143 3465.773268 3475.930757 3481.591781 3494.176443 3504.559036 3488.020158 3470.944864 3460.519367 3467.513412 3493.064613 3515.437473 3520.221487 3519.282116 3518.714285 3503.425564 3498.607980 3495.224101 3495.597060 3493.005450 3491.175259 3516.540488 3538.125855 3537.978409 3516.551355 3493.941518 3454.497322 3416.902586 3392.749702 3405.848351 3402.646736 3406.107616 3396.172008 3384.624611 3377.655362 3375.595897
3432.608394 3454.035912 3470.296860 3492.013032 3482.829101 3459.698372 3443.612423 3446.101125 3459.529241 3467.484178 3485.835685 3502.830359 3528.541872 3540.565386 3551.716824 3555.573804 3548.526127 3539.964483 3527.938905 3533.170538 3557.037416 3568.594019 3576.887725 3585.253746 3597.871468 3598.220053 3591.288476 3589.435456 3593.792371 3607.266015 3621.720253 3628.459179 3631.511084 3634.121741 3620.902390 3608.011614 3606.018700 3600.584726 3599.378011 3598.630499 3610.135959 3630.733152 3627.576290 3591.118832 3564.370660 3529.467347 3491.197280 3461.979534 3455.968626 3475.125664 3473.120266 3457.067902 3446.755933 3420.979646 3416.048253
3501.674473 3534.511575 3558.766025 3568.876930 3576.224600 3561.374284 3559.221295 3563.324704 3571.643487 3574.707512 3581.078111 3613.415465 3647.149712 3672.094519 3694.814670 3701.949729 3689.615043 3679.821659 3666.280606 3657.471230 3668.537273 3685.806502 3703.470256 3718.381857 3729.705761 3731.772772 3730.186750 3730.240839 3733.358117 3736.357399 3740.680846 3749.180021 3756.834340 3765.484544 3773.493900 3763.025767 3746.044965 3736.809121 3727.840582 3727.100600 3728.536918 3732.459499 3733.574122 3716.796861 3674.719624 3643.107778 3611.026625 3591.551376 3578.454133 3578.399653 3560.346238 3536.099305 3484.795150 3447.637611 3416.522359
3587.267592 3631.384917 3660.617300 3677.683216 3690.337610 3687.243250 3689.056367 3690.038035 3693.721397 3696.027971 3698.673466 3725.550692 3767.273083 3806.765795 3838.093886 3837.885199 3824.038060 3812.666835 3803.564930 3789.094052 3785.138397 3797.893132 3813.431042 3833.853365 3844.284546 3850.312841 3846.950056 3847.168623 3849.010953 3851.370028 3853.529605 3857.221906 3866.966842 3882.167693 3896.791423 3895.881773 3876.754407 3858.743744 3842.735324 3840.369931 3838.005767 3833.099545 3835.512689 3837.433991 3821.344675 3789.857750 3749.879152 3709.477071 3692.926280 3677.907073 3667.071211 3650.136337 3609.357787 3542.541853 3503.063124
3702.543338 3736.940325 3766.042118 3796.392820 3811.186782 3813.293801 3810.664905 3809.411787 3816.436138 3819.077605 3824.619456 3841.221776 3873.752966 3909.573064 3939.477130 3954.873453 3946.926044 3928.740202 3906.308467 3896.298376 3893.316585 3897.008689 3906.671235 3919.771496 3939.512703 3959.138871 3964.946794 3965.840240 3963.144411 3965.593770 3967.186658 3967.310161 3970.327811 3979.030131 3989.068377 3992.489274 3984.551192 3963.204307 3939.500537 3928.209716 3921.763151 3918.375460 3919.485950 3924.788821 3928.144955 3913.156245 3877.129679 3832.255191 3802.301733 3787.299298 3774.555253 3760.429846 3747.886017 3714.479771 3693.349222
3811.963861 3827.356230 3855.828036 3884.839376 3907.502641 3922.182979 3922.444881 3925.381485 3930.174072 3937.421429 3952.518757 3976.145714 3995.553700 4018.594085 4045.584398 4062.118448 4067.369705 4065.584913 4061.345496 4062.508742 4062.877161 3997.311269 4003.821921 4010.315446 4028.157789 4044.119088 4049.918576 4050.584173 4047.928608 4049.820847 4050.619631 4050.497228 4050.122622 4052.618015 4057.917004 4059.942254 4057.438527 4044.354587 4063.704813 4043.417683 4029.808430 4021.519006 4013.206668 4004.939111 3995.477523 3985.521476 3965.145013 3933.906455 3899.338421 3878.041832 3870.231700 3864.085886 3855.444187 3849.667695 3832.476503
3910.838744 3921.429656 3939.868342 3962.861512 3997.351539 4021.149089 4032.662707 4042.063860 4046.755404 4060.856300 4077.785767 4060.968809 4069.667870 4078.669781 4087.614138 4090.685705 4091.565168 4091.159358 4088.750580 4087.939367 4085.458551 4082.062391 4071.514949 4073.133622 4075.116676 4077.748593 4081.501475 4080.411527 4081.537347 4084.496943 4082.714479 4076.621746 4072.502965 4070.926399 4071.966163 4079.432402 4082.952550 4083.924993 4080.374876 4079.418978 4078.375940 4074.815097 4070.369449 4064.102391 4056.085594 4071.773802 4059.528118 4031.061481 3990.181311 3948.429748 3941.083890 3943.193371 3943.002780 3941.507229 3935.877994
4037.368295 4051.236784 4066.216791 4042.553254 4065.944918 4077.915873 4083.513285 4087.761877 4090.613455 4093.907167 4090.912626 4087.932435 4083.023009 4081.429085 4080.067442 4077.619373 4078.246329 4076.358711 4072.274600 4068.186590 4060.097980 4048.452084 4037.273893 4033.628756 4037.914065 4043.586165 4048.809435 4053.360572 4057.120498 4057.047768 4051.512704 4043.021741 4035.420840 4033.778134 4040.699608 4046.469170 4053.103230 4053.997744 4052.601467 4050.068270 4049.784901 4046.444365 4046.632108 4053.772260 4068.677601 4071.190842 4077.370465 4076.490434 4059.059733 4027.496428 4040.410447 4020.380574 4026.563384 4021.937860 4010.547896
4082.098054 4084.999375 4083.292095 4082.243113 4075.820528 4069.735155 4068.948111 4072.981113 4080.053641 4081.099585 4074.028977 4065.409878 4058.140468 4050.644769 4048.271912 4047.754549 4047.527137 4048.056863 4042.752302 4033.310631 4016.142097 4004.544264 3993.474380 3987.531615 3983.601186 3986.950591 3998.319670 4010.709239 4015.790207 4006.291182 3997.739914 3985.812306 3977.724672 3978.187232 3979.136090 3988.697877 4005.793139 4013.570279 4014.376117 4007.795096 4001.149056 3994.425775 3991.277412 3997.696477 4013.070140 4030.005641 4045.818132 4055.075624 4062.858165 4070.051633 4068.082168 4070.952329 4072.531636 4070.301861 4073.629486
4076.574901 4069.551051 4062.533584 4057.208677 4050.768093 4045.490130 4043.643958 4045.484607 4047.356673 4043.198118 4036.833515 4026.838827 4015.792327 4006.084464 3998.362230 3999.403702 4001.780555 4003.500725 3996.146080 3980.701022 3962.834514 3949.336953 3935.464795 3931.537112 3925.570043 3917.666634 3927.764274 3947.711674 3955.188752 3938.898184 3927.928127 3912.641896 3906.107059 3902.039197 3902.766290 3911.669607 3934.393788 3958.880589 3961.037201 3949.983251 3938.996571 3934.273749 3931.016281 3935.517807 3952.176756 3973.101652 3989.330625 3999.860185 4005.195797 4012.982933 4022.393787 4036.848459 4051.823068 4064.299893 4068.738638
4051.349411 4043.590407 4035.932838 4028.310828 4021.428715 4015.239298 4010.954430 4009.011011 4004.993629 3998.892708 3991.877386 3970.792748 3958.354886 3945.395884 3930.415472 3926.521793 3921.632411 3922.704015 3911.203950 3903.403901 3887.096458 3871.785631 3856.199371 3842.680593 3836.981630 3830.242707 3828.154568 3841.501534 3849.899849 3840.667945 3831.025482 3820.537159 3816.140050 3812.779241 3815.304115 3825.766330 3845.144904 3863.454355 3871.989895 3864.692753 3863.667254 3863.847466 3862.245470 3868.597432 3879.146136 3896.968278 3919.468939 3938.631402 3948.557770 3955.376848 3964.534486 3978.978413 3993.127420 4007.529118 4025.625770
4020.848249 4011.548351 4001.646233 3991.941457 3981.473758 3970.944764 3964.444961 3967.216404 3961.262684 3955.720275 3932.555542 3876.898605 3855.649867 3836.713224 3820.486421 3813.760520 3805.323270 3788.674160 3780.109621 3775.832215 3778.701830 3764.905911 3747.483312 3729.747451 3724.926334 3721.474332 3703.531997 3698.255729 3698.614825 3715.801964 3709.865042 3708.969090 3711.198373 3708.834380 3709.981753 3722.668330 3730.056068 3735.146540 3741.943452 3747.215954 3758.041570 3766.227294 3776.896097 3794.087185 3804.715754 3819.791098 3839.959659 3865.674091 3881.234194 3890.668157 3900.953280 3916.153708 3932.235680 3949.953097 3972.321192
3986.225836 3969.561737 3954.979127 3940.717590 3928.082252 3915.307994 3899.391444 3901.411648 3899.437718 3889.130250 3833.397659 3792.882182 3759.084010 3742.119047 3718.528480 3704.969916 3688.337142 3649.146949 3631.616531 3631.748418 3647.528877 3644.654838 3629.629034 3618.040595 3608.629685 3599.134518 3581.096261 3561.575514 3567.799742 3586.830368 3588.275897 3592.083160 3600.299708 3599.900658 3592.901744 3589.456406 3601.238653 3606.426223 3617.668131 3635.780734 3640.663271 3657.619891 3691.854917 3704.472269 3719.304201 3737.337149 3757.407490 3779.222268 3801.756659 3815.675475 3830.704536 3848.929713 3865.409529 3885.516789 3907.882719
3935.303819 3904.138269 3883.063589 3865.779621 3846.677860 3819.444226 3799.625726 3797.534738 3791.582308 3761.930138 3709.367100 3674.386317 3651.774473 3630.296490 3607.672379 3583.782428 3545.883455 3511.160235 3489.471543 3506.357750 3518.171408 3530.938200 3519.962461 3509.556672 3500.184688 3481.915329 3465.067725 3448.292474 3459.595401 3468.296514 3488.303584 3495.527092 3499.486925 3505.678441 3504.161275 3492.725344 3486.542788 3494.385873 3504.040816 3515.976455 3538.049153 3573.806106 3598.284528 3616.279005 3636.361414 3654.516470 3675.333755 3697.776129 3720.213732 3736.854026 3754.740969 3772.767349 3793.223138 3811.857963 3834.206522
3854.654337 3826.698516 3800.715961 3777.844261 3746.054939 3699.426372 3685.359037 3676.661309 3654.299464 3606.224381 3565.023506 3545.959023 3534.391758 3511.813095 3491.588583 3462.914320 3429.230487 3408.495229 3388.333316 3399.450840 3410.447087 3431.710489 3423.574336 3417.464842 3415.038043 3399.865226 3386.822409 3370.308203 3376.564256 3389.006813 3413.149751 3419.358358 3423.575653 3433.203901 3432.437609 3427.471563 3408.897055 3415.242860 3425.833314 3440.311105 3471.393817 3493.428579 3515.309490 3536.616356 3555.377141 3576.195336 3597.698350 3619.992025 3645.813806 3664.761487 3683.142459 3704.055597 3722.559292 3736.072107 3751.427992
3746.368346 3722.989970 3704.159348 3680.498522 3637.584187 3594.159689 3553.246009 3526.058019 3473.045938 3438.636457 3420.287688 3421.494942 3410.708212 3392.189985 3374.460882 3356.558696 3335.938573 3318.326509 3293.851785 3300.029757 3316.734486 3334.585655 3337.069154 3338.896363 3337.974373 3329.207086 3316.021120 3302.552629 3306.403300 3323.780887 3341.936960 3352.308165 3360.141676 3367.858199 3367.427742 3357.399069 3346.929238 3351.269400 3366.354615 3381.703436 3398.317153 3418.089926 3438.003055 3457.581452 3479.197832 3500.864826 3522.772630 3546.609774 3572.388453 3592.861672 3615.585007 3639.025939 3654.466124 3662.114007 3668.594244
3644.322329 3626.066368 3603.725489 3576.800418 3535.515664 3496.852560 3456.989130 3409.750802 3377.667204 3350.727970 3346.089275 3332.370787 3320.947011 3308.249655 3289.351100 3274.566959 3261.389007 3241.236023 3232.922067 3241.114804 3255.176672 3263.472485 3271.202221 3269.667599 3267.854378 3262.812850 3249.141466 3245.827566 3256.110965 3271.303094 3284.843112 3296.534405 3303.378161 3308.256651 3304.996026 3295.477882 3292.570702 3300.396961 3315.403029 3328.130312 3341.858714 3361.417925 3379.954425 3400.265735 3421.405010 3442.057865 3465.113028 3488.886629 3513.589388 3539.540975 3560.568120 3577.586442 3584.896319 3592.933731 3590.719903
3521.965576 3511.944000 3487.117676 3459.699107 3431.917778 3400.636775 3378.282134 3349.014368 3320.692476 3293.428579 3269.101225 3258.862942 3254.614208 3243.657549 3228.447737 3218.868270 3204.717520 3196.598607 3204.256545 3205.947762 3214.143652 3212.377022 3213.836003 3211.920674 3211.775151 3210.165403 3204.866077 3217.457163 3223.833579 3237.030631 3246.888001 3256.541072 3262.122990 3265.430461 3266.496594 3262.292498 3268.095416 3273.576631 3286.544061 3296.905958 3309.335445 3328.076859 3343.647279 3361.075357 3381.505320 3402.829326 3424.935418 3448.900319 3475.227528 3498.131331 3514.048738 3518.951170 3526.391893 3525.857442 3512.712022
