tests/Borden05m/data_simulated/sim_1/output-maps/psiliqL0022N0019.asc
ncols         160
nrows         34
xllcorner     620200.000000
yllcorner     5168000.000000
cellsize      0.500000
NODATA_value  -9999.0
[rows 0 to 24 of 34, columns 55 to 109 of 160]
-9999.0 -9999.0 -9999.0 -9999.0 -9999.0 -9999.0 -9999.0 -9999.0 -9999.0 -9999.0 -9999.0 -9999.0 -9999.0 -9999.0 -9999.0 -9999.0 -9999.0 -9999.0 -9999.0 -9999.0 -9999.0 -9999.0 -9999.0 -9999.0 -9999.0 -9999.0 -9999.0 -9999.0 -9999.0 -9999.0 -9999.0 -9999.0 -9999.0 -9999.0 -9999.0 -9999.0 -9999.0 -9999.0 -9999.0 -9999.0 -9999.0 -9999.0 -9999.0 -9999.0 -9999.0 -9999.0 -9999.0 -9999.0 -9999.0 -9999.0 -9999.0 -9999.0 -9999.0 -9999.0 -9999.0
-9999.0 -9999.0 -9999.0 -9999.0 2635.965271 2630.805229 2626.250518 2622.130601 2614.332350 2605.586848 2598.113538 2594.553776 2594.022023 2593.751602 2593.740737 2599.248155 2607.778986 2615.827933 2623.108309 2625.601595 2628.226701 2630.466804 2631.042598 2630.141004 2627.207679 2624.419876 2621.234690 2619.749672 2612.307526 2601.211099 2592.819034 2590.131288 2594.347223 2598.644734 2601.018190 2606.244330 2616.499607 2626.823409 2634.609959 2646.321824 2652.381874 2657.063160 2659.148852 2654.496167 2650.535722 2646.101572 2639.935372 2628.630622 -9999.0 -9999.0 -9999.0 -9999.0 -9999.0 -9999.0 -9999.0
2581.085877 2600.108475 2621.014410 2624.448510 2613.107694 2608.338547 2605.531992 2604.194234 2600.191845 2592.162673 2587.546935 2582.634500 2580.756381 2581.315759 2581.798958 2586.142521 2597.244221 2605.558424 2610.598260 2613.655612 2616.731231 2615.814687 2615.360576 2615.334497 2612.629209 2609.249535 2606.005655 2604.309758 2605.572253 2598.074332 2592.292113 2588.548484 2585.931374 2588.474873 2591.016459 2595.101113 2604.146798 2611.830141 2619.485239 2633.540207 2645.886891 2650.840948 2647.670192 2642.291767 2637.825016 2630.116266 2619.470193 2609.105593 2600.375543 2593.476339 2587.352779 2580.338635 2585.770670 2592.399628 2601.084707
2565.897155 2585.666478 2606.610434 2609.668827 2599.460393 2591.921383 2586.089905 2587.013378 2590.748111 2587.989876 2583.794763 2577.392375 2587.395440 2588.993372 2590.378625 2594.179715 2597.063424 2602.079391 2605.012603 2610.688523 2619.851208 2622.839152 2623.522813 2623.803705 2622.044803 2618.968753 2617.190897 2614.534579 2609.388801 2607.881711 2607.761305 2606.777193 2611.031868 2612.256759 2614.896126 2608.950613 2612.906064 2618.834385 2625.231417 2630.796756 2636.596623 2638.964771 2635.004429 2634.404200 2625.225558 2610.947255 2600.267663 2592.000471 2591.016404 2587.286343 2578.586541 2564.305529 2571.332505 2586.363640 2590.231877
2572.685503 2582.287089 2593.721962 2596.865798 2592.299965 2594.741059 2597.009517 2598.876570 2597.700234 2594.934335 2591.874697 2603.412302 2612.280373 2614.264171 2617.399960 2621.901016 2623.225872 2612.624625 2610.895568 2618.724823 2628.497301 2633.973925 2634.357624 2634.269286 2631.257253 2630.292041 2630.166764 2628.369260 2628.332537 2630.207962 2628.530401 2631.978032 2637.509056 2641.116040 2634.476870 2625.664913 2627.300095 2635.388331 2644.483526 2651.701770 2661.502871 2671.799510 2670.937889 2665.270906 2655.740423 2642.064636 2618.370528 2599.577480 2587.757126 2579.125804 2571.016070 2572.133106 2566.949079 2579.002174 2579.824164
2565.197277 2585.337088 2606.056278 2613.078890 2607.711573 2604.205872 2603.154962 2604.483427 2604.528652 2606.425988 2616.912702 2629.927577 2643.575049 2646.532682 2649.142959 2648.551975 2640.417527 2630.532479 2627.959652 2642.082940 2659.765383 2668.091568 2668.173295 2665.153743 2669.588633 2669.419565 2669.394653 2665.714700 2666.948704 2665.800561 2672.619263 2680.265037 2687.913618 2686.384946 2673.913461 2661.682685 2660.972502 2665.381569 2670.972987 2677.723167 2687.328615 2695.931490 2690.254607 2683.626823 2674.515948 2646.931534 2621.203822 2605.477255 2604.480486 2604.003373 2598.655456 2595.288607 2592.601262 2586.583357 2585.635317
2607.603702 2628.144914 2649.903270 2664.609537 2659.382585 2652.542439 2644.385048 2645.487409 2647.466966 2654.736931 2666.621438 2681.504444 2704.675771 2705.842380 2707.670567 2707.993089 2696.279161 2683.950894 2674.142617 2695.298699 2706.479197 2714.152541 2713.059549 2719.799455 2728.976952 2725.282811 2718.642966 2707.311985 2713.240640 2721.428893 2736.550425 2744.081039 2748.815124 2745.142114 2731.973685 2725.372154 2725.779682 2730.642713 2730.356724 2737.230047 2745.821062 2760.012152 2758.092454 2752.111177 2730.509175 2692.691868 2660.570735 2643.664027 2652.727823 2645.435108 2636.825008 2634.413165 2621.313310 2611.893544 2612.829109
2651.295089 2667.255477 2685.138817 2702.895369 2696.144040 2686.762998 2672.203083 2670.785375 2676.839646 2687.774270 2706.472638 2726.618056 2748.361471 2750.638228 2747.540904 2756.616039 2751.662496 2742.078122 2734.904012 2753.464765 2764.297093 2773.806967 2780.747112 2793.533781 2804.450167 2790.305743 2775.037257 2766.446126 2772.993252 2796.733234 2817.472243 2822.302482 2821.911485 2822.106658 2808.611206 2803.095062 2798.594532 2796.976129 2792.981509 2789.907725 2812.280573 2831.392218 2829.832318 2806.881009 2782.997141 2744.774160 2706.169104 2678.175790 2685.748135 2681.338397 2682.013479 2669.133669 2654.948541 2643.455083 2636.476274
2716.180457 2741.042953 2759.496330 2780.609446 2775.375961 2755.312201 2742.854674 2747.030171 2761.115537 2769.684127 2787.871887 2807.761143 2835.845449 2851.376401 2865.580181 2819.129707 2863.858133 2855.617857 2843.786315 2847.211215 2869.288173 2824.773333 2830.756829 2839.820924 2852.411261 2854.425687 2848.937190 2847.591913 2851.630305 2863.096816 2875.793338 2882.467526 2886.080638 2888.282091 2877.915837 2866.046257 2863.958916 2857.628775 2854.673135 2853.273888 2861.847387 2879.249182 2876.237688 2842.988310 2818.921574 2835.317941 2796.628474 2765.610482 2754.772555 2768.579094 2763.608630 2745.722836 2731.223320 2701.363246 2691.268975
2797.956545 2832.425666 2858.450397 2819.543605 2826.007989 2814.372964 2813.538134 2817.722426 2825.798182 2829.531375 2836.388664 2868.550180 2901.210129 2927.242001 2950.282922 2955.205929 2946.392847 2936.830091 2923.944007 2915.096558 2924.028478 2937.404902 2954.599555 2969.758736 2981.080407 2983.695328 2982.276710 2982.474571 2985.308999 2988.290753 2992.182705 2999.896448 3006.635223 2991.926095 2999.330260 2991.842765 2998.710876 2989.328281 2978.903839 2976.784475 2977.208205 2979.231492 2979.798148 2965.716312 2927.107355 2899.358161 2868.615833 2846.336250 2830.797798 2829.252034 2860.970241 2836.246934 2785.590356 2747.476602 2714.053501
2842.362980 2882.104175 2910.271851 2926.549711 2939.856521 2938.708944 2940.790915 2942.363713 2946.783473 2950.045465 2954.089003 2978.712819 2994.484524 3031.225912 3061.632569 3062.438352 3049.985542 3038.901005 3029.406311 3016.130322 3012.351061 3023.430064 3037.527913 3056.516883 3067.187976 3074.257476 3071.376166 3071.666631 3073.403952 3075.316443 3077.314721 3080.448440 3089.248916 3101.833718 3115.272312 3115.077819 3099.382232 3082.228062 3065.972761 3062.250703 3058.893305 3053.838220 3055.662818 3057.339439 3044.196268 3016.686238 3002.179032 2962.056111 2942.469072 2925.654987 2916.959749 2901.609149 2868.546479 2859.028087 2821.215492
2953.335439 2984.545410 2989.570831 3017.856574 3033.419664 3036.974442 3035.066799 3034.593143 3041.509004 3045.066266 3051.775216 3067.702947 3095.651955 3128.865936 3157.449578 3173.186876 3166.460775 3150.018164 3129.239847 3120.724232 3118.271360 3121.423762 3130.096513 3141.579156 3159.904283 3178.003320 3177.605472 3178.442183 3181.655911 3178.130564 3179.155027 3179.235809 3181.628251 3189.031969 3198.115661 3201.284325 3194.829637 3181.393296 3159.232570 3147.162798 3140.170389 3136.539223 3136.789921 3140.952420 3143.280542 3129.642613 3098.133348 3055.992657 3025.523594 3008.925958 2997.280808 3007.550530 2996.331949 2970.109321 2949.858607
3035.632208 3050.151028 3075.764274 3103.516102 3125.934659 3140.855765 3142.069652 3145.654122 3150.295180 3158.143574 3172.900239 3188.651416 3205.693636 3226.577622 3251.561039 3266.706832 3272.004366 3270.838083 3267.516341 3268.863857 3269.165575 3215.830011 3221.248442 3226.636416 3241.166716 3254.631185 3259.038311 3259.582596 3257.808929 3259.057247 3259.684233 3259.642725 3259.280976 3260.998758 3265.313002 3266.962420 3264.951871 3254.318529 3268.681134 3249.541444 3236.567224 3228.620947 3220.603150 3212.381004 3203.072159 3193.854702 3181.326769 3152.123664 3118.499361 3096.243616 3087.808454 3083.396944 3075.717318 3070.413956 3054.201381
3131.913403 3142.539980 3159.823641 3181.350508 3206.886542 3228.476643 3239.432687 3248.380187 3252.957362 3266.310913 3281.935940 3268.276898 3275.331966 3282.660063 3289.941110 3292.441131 3293.156301 3292.825129 3290.486044 3289.825350 3287.612872 3283.860860 3273.683780 3275.262400 3277.093034 3279.676384 3283.332533 3282.172908 3283.244927 3286.171381 3284.485955 3278.610346 3274.678031 3273.110469 3273.967863 3281.302156 3284.688285 3285.613531 3282.859761 3281.999343 3281.151463 3278.253354 3274.633630 3269.529501 3262.999781 3274.913059 3263.923624 3237.413305 3199.850914 3167.163536 3158.455220 3158.932511 3159.120400 3157.403206 3151.877196
3244.100442 3257.133116 3271.271431 3253.914547 3272.535787 3282.255218 3286.812179 3290.493601 3293.152081 3295.738114 3292.672734 3289.553743 3284.746486 3283.278147 3281.957475 3279.549396 3280.189380 3278.302886 3274.307073 3270.435869 3262.927560 3251.638213 3240.466871 3237.187266 3241.560915 3247.013411 3251.938892 3256.052075 3259.659873 3259.945603 3254.694205 3246.468051 3239.089393 3237.379168 3244.126320 3249.800162 3255.975162 3256.796416 3255.418577 3253.069364 3252.951625 3249.909854 3250.196800 3257.081003 3271.368222 3274.831793 3279.872778 3279.154528 3264.990738 3239.722654 3246.532958 3226.919472 3232.409089 3227.974016 3216.847732
3284.410030 3286.778266 3285.393526 3284.128913 3277.884908 3271.939871 3271.200786 3275.183306 3282.165048 3283.300893 3276.330818 3267.929165 3260.861332 3253.692227 3251.463150 3250.765074 3250.446764 3250.877535 3245.647513 3236.836147 3220.805218 3209.346081 3198.315678 3192.397681 3189.114960 3192.950962 3203.784071 3215.245027 3220.158670 3211.564418 3203.418047 3191.973863 3183.963770 3184.368838 3185.710230 3195.036814 3211.053679 3217.793009 3218.540091 3212.429037 3206.454142 3199.994565 3197.174888 3203.628222 3218.671693 3234.437902 3249.372079 3258.163255 3265.700424 3272.595413 3272.326942 3274.646775 3275.928688 3274.109356 3276.068404
3278.453978 3271.634894 3264.829954 3259.672217 3253.269872 3247.963957 3246.225428 3248.291002 3250.525704 3246.708977 3240.390829 3230.934972 3220.129510 3210.582204 3203.452562 3204.477517 3206.829295 3208.360942 3201.431020 3186.915971 3175.619717 3162.568198 3148.858440 3144.958172 3139.368443 3132.621988 3142.804333 3161.766872 3168.811014 3153.465609 3142.915704 3128.076686 3121.364675 3117.641179 3118.622404 3127.639606 3149.371174 3172.169126 3174.036489 3163.458867 3152.975650 3148.204979 3145.145258 3150.146560 3166.735281 3180.467636 3195.539656 3205.557565 3210.839415 3218.583471 3227.861679 3241.022035 3255.243481 3267.123111 3272.687290
3253.908586 3246.254702 3238.703768 3231.231701 3224.485891 3218.892542 3214.762896 3212.872561 3209.391071 3203.498973 3197.101601 3184.652537 3172.809231 3160.320236 3145.899469 3142.249295 3138.036892 3139.356768 3128.099588 3119.736696 3103.313981 3088.252754 3074.311353 3061.862307 3056.177754 3049.742247 3049.498618 3063.387014 3071.924393 3061.558183 3051.789133 3040.693242 3035.833636 3032.531355 3034.880999 3045.260928 3065.366479 3083.699431 3091.715066 3084.240468 3081.921625 3079.702611 3078.051241 3084.053128 3095.509420 3113.297037 3135.014537 3152.955909 3162.544389 3169.497250 3178.484138 3185.943619 3199.318376 3213.311443 3230.803744
3223.826584 3215.186434 3205.520385 3196.103710 3186.342013 3182.622764 3176.662322 3179.058549 3173.026540 3167.362577 3146.765373 3094.678819 3076.227981 3057.884252 3042.145102 3035.885160 3028.009314 3014.055302 3005.471387 3000.652898 3000.890642 2988.300483 2994.020692 2977.462439 2972.436241 2968.665818 2953.280252 2950.837022 2951.944500 2965.256224 2958.951327 2956.690936 2957.724965 2955.431971 2957.304941 2970.397907 2979.253886 2986.013575 2992.854296 2996.419690 3005.447838 2988.737849 2995.660392 3012.141548 3023.333294 3038.857776 3059.041437 3082.197294 3096.728189 3105.993948 3116.263922 3130.971597 3146.976895 3164.373174 3186.162747
3190.710802 3181.595089 3167.766743 3153.790903 3141.437371 3129.292616 3114.437537 3116.272896 3114.036153 3104.566736 3054.867872 3015.911282 3006.591375 2989.897218 2966.530070 2953.487414 2940.967022 2905.336479 2888.528408 2886.709318 2899.221341 2894.466253 2880.132071 2867.906763 2858.799380 2850.035819 2833.423334 2816.917557 2822.648645 2839.665737 2839.460810 2841.765461 2848.872493 2848.210947 2842.402772 2841.681149 2854.369074 2860.599713 2871.656745 2888.086820 2892.892194 2903.777662 2935.605055 2948.833648 2964.114833 2983.008960 3003.041853 3000.319592 3020.308284 3033.785185 3048.433736 3064.957698 3081.219258 3101.282247 3123.685843
3148.011180 3118.526025 3098.220117 3081.514773 3064.733787 3039.734594 3020.094887 3018.145548 3012.187557 2987.296862 2959.089123 2926.125876 2902.655034 2880.857698 2857.666543 2837.877305 2851.259350 2816.648175 2794.472932 2807.158840 2816.853002 2825.568424 2813.359640 2801.886441 2791.889798 2774.560664 2757.876586 2742.404677 2752.771832 2761.362712 2778.069455 2784.384399 2788.516815 2794.010857 2793.063820 2784.212950 2781.977436 2790.907131 2801.719276 2814.346062 2834.966381 2821.278813 2843.154281 2861.178573 2881.731398 2898.154017 2919.659135 2941.652575 2964.097327 2981.067616 2998.705796 2992.350152 3011.134659 3030.197716 3053.025079
3073.055625 3045.457834 3019.643175 2998.728959 2991.569478 2948.023783 2936.181268 2927.160146 2907.141641 2862.421433 2824.781726 2848.058241 2832.225985 2807.965983 2785.548269 2756.293423 2723.804525 2700.825193 2679.889973 2688.917981 2697.993599 2715.755345 2706.063731 2698.087295 2694.191314 2678.798024 2665.260241 2649.168321 2655.673265 2667.345396 2689.540951 2695.309552 2699.549733 2708.750589 2708.348351 2704.667607 2689.549631 2697.356092 2708.863821 2724.347276 2755.387338 2778.090573 2801.883609 2824.817664 2845.579843 2820.548790 2840.425728 2863.472176 2887.033139 2906.440820 2925.397602 2945.664832 2965.139779 2980.635720 2997.288073
2991.749081 2967.558987 2947.487323 2923.780366 2886.552783 2846.013974 2852.753406 2827.517337 2777.385816 2741.714564 2717.864349 2714.218704 2700.441851 2679.526325 2659.351674 2638.024389 2615.125671 2595.305911 2570.167728 2574.859401 2589.608681 2605.697090 2605.318542 2605.158250 2603.210813 2593.435914 2579.888446 2566.246956 2569.945666 2586.675336 2604.518845 2614.212880 2621.953324 2629.963531 2630.135006 2621.570134 2612.352901 2617.830661 2633.550383 2651.496580 2670.677367 2692.387151 2714.584038 2736.209240 2759.810593 2782.668745 2806.953271 2833.090817 2814.120889 2832.465827 2855.856839 2877.528688 2894.553611 2904.147663 2913.325258
2891.872293 2872.175869 2849.109486 2824.749298 2826.001307 2785.691234 2745.184857 2698.986474 2665.048411 2634.159572 2624.771596 2608.655934 2594.314068 2578.942870 2558.491261 2541.877254 2526.347346 2504.844983 2493.048006 2499.649690 2512.722951 2521.221532 2527.019358 2524.620861 2522.076232 2516.033878 2502.143437 2496.799829 2506.519916 2521.773275 2535.776256 2547.211730 2554.280611 2559.844433 2557.182986 2548.576172 2545.474307 2554.070579 2569.921981 2583.774324 2599.478790 2620.787064 2642.880521 2665.503327 2689.113852 2712.186374 2737.829922 2764.095587 2790.139632 2818.058471 2841.721011 2815.989332 2822.626568 2832.348510 2833.678476
2810.562441 2797.491990 2771.329611 2742.636719 2713.614882 2679.385600 2653.491733 2620.751780 2590.498613 2561.521502 2535.827266 2522.507517 2515.473545 2502.139591 2484.772849 2473.273044 2457.521914 2445.933234 2450.611008 2451.944184 2460.353867 2458.881892 2459.613445 2456.981886 2456.220831 2453.564235 2446.560181 2457.462176 2464.240359 2477.907658 2488.136965 2497.907585 2503.947448 2507.826547 2508.971297 2504.641841 2510.379711 2517.011631 2531.174878 2542.728564 2556.873515 2577.242226 2594.287981 2613.706913 2637.506696 2661.357471 2686.278143 2712.886515 2741.599466 2767.221202 2786.309791 2793.691231 2804.352008 2808.173099 2799.822868
