tests/Borden05m/data_simulated/sim_1/output-maps/psiliqL0025N0003.asc
ncols         160
nrows         34
xllcorner     620200.000000
yllcorner     5168000.000000
cellsize      0.500000
NODATA_value  -9999.0
[rows 0 to 24 of 34, columns 55 to 109 of 160]
-9999.0 -9999.0 -9999.0 -9999.0 -9999.0 -9999.0 -9999.0 -9999.0 -9999.0 -9999.0 -9999.0 -9999.0 -9999.0 -9999.0 -9999.0 -9999.0 -9999.0 -9999.0 -9999.0 -9999.0 -9999.0 -9999.0 -9999.0 -9999.0 -9999.0 -9999.0 -9999.0 -9999.0 -9999.0 -9999.0 -9999.0 -9999.0 -9999.0 -9999.0 -9999.0 -9999.0 -9999.0 -9999.0 -9999.0 -9999.0 -9999.0 -9999.0 -9999.0 -9999.0 -9999.0 -9999.0 -9999.0 -9999.0 -9999.0 -9999.0 -9999.0 -9999.0 -9999.0 -9999.0 -9999.0
-9999.0 -9999.0 -9999.0 -9999.0 3198.459916 3193.135699 3188.312328 3183.740232 3175.174699 3165.829046 3157.883607 3153.667401 3152.469568 3151.576786 3150.902457 3155.726748 3163.705769 3171.248833 3178.076327 3180.398078 3182.686207 3184.506220 3184.698327 3183.496278 3180.206539 3176.840504 3173.406410 3171.681802 3164.245554 3153.081180 3144.720593 3142.015345 3146.199094 3150.543013 3153.004254 3158.231511 3168.640973 3179.259567 3187.821567 3200.350759 3207.297634 3212.656004 3215.312355 3211.365024 3208.127863 3204.220070 3198.200622 3187.136057 -9999.0 -9999.0 -9999.0 -9999.0 -9999.0 -9999.0 -9999.0
3143.327350 3161.673602 3182.463853 3185.546609 3173.916815 3168.830482 3165.642781 3163.897634 3159.545719 3150.976399 3145.776862 3140.224077 3137.552706 3137.473618 3137.278032 3140.881917 3151.502922 3159.219184 3163.706208 3166.248820 3168.993542 3167.438246 3166.601323 3166.296097 3163.330786 3159.788747 3156.350471 3154.451797 3155.791344 3148.165653 3142.181265 3138.297571 3135.422401 3138.136926 3140.804863 3145.303768 3154.498648 3162.430366 3170.433981 3185.540091 3198.697269 3204.401368 3201.916249 3197.365070 3193.623420 3186.335821 3175.720855 3165.754755 3157.549497 3151.454512 3146.179192 3139.919348 3146.415053 3154.296447 3163.754264
3126.480922 3145.527171 3165.828470 3168.327624 3157.977169 3150.155595 3143.385821 3143.801620 3147.141121 3143.793098 3138.885068 3131.193347 3140.979489 3141.876473 3142.484496 3145.553285 3147.402270 3152.260465 3154.594754 3159.824107 3168.694359 3171.394274 3171.737461 3171.694031 3169.631792 3166.303946 3164.274435 3161.408542 3156.071894 3154.268943 3153.913753 3152.663075 3156.785078 3158.292004 3161.118560 3155.557265 3159.935765 3166.208523 3173.195840 3178.827170 3185.024880 3187.721463 3184.510396 3185.085598 3176.876717 3163.334020 3153.508636 3146.092643 3146.278882 3143.429152 3135.637687 3122.126710 3130.477160 3146.674219 3151.562033
3130.463570 3139.233323 3149.720523 3152.125169 3146.987107 3149.027664 3150.684951 3151.787725 3149.817897 3146.176456 3141.821481 3152.222580 3160.427423 3161.673609 3163.978935 3167.756826 3168.370532 3157.322459 3155.150494 3162.372333 3171.947666 3177.019192 3177.081962 3176.620300 3172.951450 3171.701733 3171.388836 3169.477017 3168.971637 3170.509758 3168.182250 3171.188992 3176.631181 3179.861961 3174.509178 3166.080460 3168.256879 3176.695692 3185.749770 3193.364922 3203.620229 3214.504624 3214.782928 3210.310219 3201.915988 3189.550044 3167.233082 3149.745045 3138.948385 3131.174545 3124.072279 3126.992943 3122.575439 3136.358074 3138.285710
3116.389311 3136.598457 3156.513537 3162.338458 3156.192893 3152.221340 3150.728959 3151.215627 3150.163039 3150.622914 3159.403231 3171.106371 3182.287777 3184.127186 3185.812609 3184.444456 3176.740164 3166.341652 3163.486759 3176.719747 3193.217028 3200.969721 3200.434886 3196.256339 3199.526404 3199.454360 3199.724057 3196.196139 3196.946184 3194.750756 3200.428561 3208.045619 3215.906424 3214.507366 3202.172254 3189.943333 3189.808782 3195.114785 3201.841598 3209.372946 3219.591453 3228.837498 3224.140000 3219.005797 3211.643371 3186.046276 3163.368618 3149.130636 3149.671809 3150.599946 3146.348128 3144.449745 3143.582539 3139.473928 3139.826888
3152.157401 3171.248370 3191.144291 3204.072884 3197.754900 3190.087309 3181.374625 3181.426949 3181.827880 3187.607705 3197.921800 3210.745457 3232.346579 3231.838206 3232.297433 3231.135446 3218.269628 3205.059966 3194.938854 3216.574207 3227.436621 3234.585800 3232.217220 3237.562310 3246.190507 3242.482445 3236.023130 3224.063442 3229.656601 3236.460831 3251.525905 3259.319975 3264.461843 3260.143905 3246.498320 3239.847511 3241.182038 3247.362989 3248.334452 3256.732034 3265.674991 3280.689650 3279.558815 3276.003964 3256.163204 3219.448745 3190.057322 3177.190288 3188.331706 3182.831176 3176.682168 3176.537021 3165.514217 3158.282785 3160.864921
3184.510234 3198.003173 3214.106804 3230.516299 3221.762587 3211.412424 3195.020029 3191.924824 3196.152977 3206.086289 3223.453926 3241.532068 3261.494389 3260.712343 3254.731364 3264.225437 3257.208038 3246.434544 3238.812352 3259.335055 3269.485159 3279.723201 3285.659921 3298.209520 3308.643229 3292.633643 3275.949836 3265.924750 3272.753143 3297.803581 3319.733705 3324.518797 3323.742592 3323.438041 3308.661931 3303.721924 3300.099202 3300.061013 3297.247952 3295.277298 3320.103299 3341.325444 3341.129447 3319.667858 3297.078379 3258.041407 3220.601367 3195.971070 3208.154747 3205.125324 3208.348277 3198.153444 3186.433282 3178.834755 3176.095203
3235.523318 3257.376290 3273.829337 3295.358241 3286.855697 3264.152913 3248.633284 3251.206781 3264.465718 3272.246991 3290.240327 3307.659992 3333.698576 3346.324461 3357.991104 3361.851420 3354.626469 3346.013266 3333.889822 3338.527571 3361.809406 3373.390474 3381.825750 3390.335240 3402.898587 3403.627639 3397.026332 3395.267821 3399.512274 3412.454499 3426.445742 3433.157714 3436.377932 3439.213057 3426.756059 3414.101133 3411.783834 3406.120739 3404.515737 3403.667735 3414.516273 3434.413204 3431.419593 3395.898862 3369.277564 3334.738280 3296.760325 3267.575050 3260.861471 3279.150596 3276.608133 3260.563529 3249.715905 3223.417505 3217.743409
3305.441063 3338.283424 3362.615901 3372.962450 3380.638124 3366.467748 3364.507350 3368.498329 3376.627260 3379.734729 3386.108869 3418.318324 3451.995397 3477.141734 3499.863328 3507.039000 3494.828138 3485.019871 3471.594165 3462.723733 3473.216110 3490.212140 3507.747458 3522.673798 3533.958446 3536.133934 3534.573293 3534.637830 3537.652898 3540.634982 3544.836358 3553.128118 3560.731781 3569.477183 3577.710566 3567.619775 3550.687481 3541.244246 3531.947752 3530.919461 3532.176018 3535.716198 3536.805599 3520.833433 3479.733707 3448.529361 3416.639148 3396.634571 3383.120586 3382.187189 3364.180148 3340.276912 3289.634568 3252.478196 3221.306960
3391.717095 3435.324571 3464.467392 3481.896789 3494.606351 3491.862820 3493.619380 3494.633475 3498.391017 3500.831120 3503.732134 3530.162657 3571.410409 3610.576813 3641.664048 3641.710731 3628.177313 3616.865641 3607.655033 3593.473030 3589.549686 3601.893143 3617.056705 3637.106866 3647.587711 3653.876104 3650.715307 3650.944678 3652.670538 3654.994342 3657.116303 3660.663326 3670.181581 3685.103099 3699.452762 3698.699814 3680.048291 3662.152068 3646.083070 3643.389582 3640.792594 3635.870402 3638.162944 3640.055798 3624.732508 3593.875779 3554.384190 3514.018390 3496.897556 3481.591297 3470.757512 3454.084842 3414.686453 3349.290253 3310.744759
3506.622896 3540.290956 3569.246035 3599.444972 3614.414552 3616.854240 3614.377829 3613.294177 3620.267129 3623.115524 3628.935399 3645.453006 3677.207218 3712.382672 3741.941903 3757.411397 3749.759211 3732.001545 3709.976399 3700.333278 3697.476712 3701.026835 3710.434374 3723.122997 3742.505105 3761.810973 3767.575667 3768.454079 3765.778621 3768.192078 3769.742582 3769.857532 3772.718074 3781.106818 3790.906528 3794.260429 3786.578457 3765.678935 3742.298147 3730.818970 3724.246197 3720.810949 3721.723756 3726.763242 3729.887514 3715.233112 3679.895390 3635.726215 3605.688771 3590.318053 3577.484082 3563.554274 3551.287995 3519.144143 3498.448159
3615.422386 3630.565821 3658.666640 3687.364905 3710.035948 3724.764676 3725.246909 3728.329282 3733.069175 3740.454336 3755.522936 3778.726299 3797.655336 3820.157528 3846.643640 3862.828689 3868.090597 3866.459966 3862.449828 3863.658515 3864.009326 3801.501395 3807.737569 3813.953255 3830.965705 3846.306074 3851.856745 3852.491380 3849.959312 3851.786347 3852.547978 3852.445199 3852.073150 3854.373889 3859.426407 3861.357463 3858.970195 3846.397104 3864.495683 3844.496319 3831.047034 3822.845054 3814.608634 3806.355366 3796.932439 3787.060401 3767.093117 3736.317258 3702.004453 3680.408628 3672.445505 3666.383349 3658.015244 3652.386434 3635.492963
3713.950338 3724.519837 3742.655802 3765.333452 3799.177887 3822.528110 3833.903468 3843.189177 3847.850417 3861.762910 3878.369608 3862.444652 3870.739103 3879.322328 3887.850663 3890.779367 3891.617922 3891.230991 3888.839806 3888.066323 3885.652532 3882.167337 3871.712356 3873.320848 3875.265662 3877.885353 3881.617165 3880.509579 3881.618342 3884.572402 3882.813749 3876.774686 3872.701841 3871.126984 3872.120732 3879.553627 3883.039811 3883.996829 3880.645322 3879.712925 3878.718403 3875.323176 3871.084303 3865.108742 3857.464819 3872.204275 3860.170464 3832.188330 3792.033263 3750.945495 3743.210144 3744.927562 3744.863013 3743.344977 3737.775268
3838.588754 3852.243406 3867.008929 3844.924672 3867.228378 3878.642541 3883.979604 3888.086396 3890.890018 3894.007281 3890.995741 3887.984815 3883.101894 3881.540235 3880.189871 3877.752839 3878.384126 3876.497817 3872.436658 3868.403476 3860.457086 3848.900805 3837.724829 3834.171592 3838.479382 3844.097021 3849.246154 3853.687964 3857.409745 3857.426422 3851.961827 3843.536525 3835.990511 3834.330290 3841.207502 3846.952444 3853.470949 3854.346161 3852.953453 3850.465062 3850.221863 3846.954831 3847.166406 3854.241885 3868.992562 3871.747040 3877.639237 3876.800134 3860.180164 3830.084890 3841.469896 3821.547467 3827.561286 3822.988113 3811.665613
3882.310202 3885.076568 3883.448695 3882.345270 3875.970667 3869.920940 3869.146782 3873.168456 3880.219929 3881.290245 3874.246645 3865.680548 3858.463673 3851.051934 3848.717359 3848.157073 3847.909083 3848.416038 3843.131705 3833.842197 3816.854464 3805.288203 3794.229899 3788.295175 3784.528538 3788.001170 3799.237303 3811.395267 3816.434794 3807.162211 3798.711970 3786.904697 3778.835570 3779.282644 3780.328324 3789.829509 3806.652908 3814.167861 3814.956248 3808.489659 3802.008099 3795.347312 3792.277452 3798.701694 3813.995178 3830.748600 3846.347478 3855.487441 3863.207516 3870.322231 3868.777848 3871.514519 3873.020375 3870.894311 3873.881070
3876.673222 3869.700249 3862.736185 3857.453825 3851.023950 3845.737046 3843.919994 3845.819730 3847.785606 3843.715842 3837.359332 3827.394649 3816.408406 3806.746520 3799.178335 3800.221135 3802.596766 3804.274109 3797.026205 3781.711593 3763.944934 3750.501230 3736.670093 3732.761848 3726.900221 3719.295089 3729.421219 3749.127812 3756.499897 3740.446584 3729.580729 3714.403576 3707.820180 3703.832192 3704.614763 3713.536528 3736.000549 3760.050746 3762.117699 3751.162556 3740.278967 3735.531622 3732.298237 3736.901090 3753.595404 3774.361028 3790.407762 3800.807990 3806.125212 3813.897156 3823.276795 3837.520561 3852.313092 3864.639868 3869.359588
3851.616820 3843.881527 3836.252207 3828.669793 3821.817107 3815.667145 3811.421126 3809.497418 3805.621275 3799.576684 3792.614645 3772.104152 3759.761571 3746.953201 3732.147240 3728.347248 3723.656880 3724.817732 3713.401392 3705.472493 3689.063559 3673.801562 3658.266042 3645.019253 3639.340711 3632.692028 3631.078171 3644.569514 3653.008367 3643.493275 3633.818374 3623.174174 3618.655062 3615.299847 3617.768232 3628.193606 3647.735915 3666.029124 3674.407687 3667.034999 3665.666515 3665.612604 3663.990264 3670.222093 3680.970896 3698.840351 3721.118184 3739.952634 3749.760084 3756.581995 3765.747211 3780.122096 3794.187007 3808.485383 3826.432409
3821.217144 3811.972539 3802.128646 3792.498039 3782.100027 3771.638391 3765.229267 3767.943426 3762.011803 3756.482075 3733.984057 3679.148315 3658.246228 3639.494540 3623.443425 3616.884336 3608.612485 3592.681505 3584.148305 3579.764793 3581.982291 3568.128252 3550.765847 3533.200301 3528.389567 3524.913475 3507.652242 3503.113515 3503.679144 3519.909261 3513.879162 3512.630912 3514.539307 3512.158223 3513.438756 3526.164913 3533.842507 3539.257043 3545.956322 3550.683054 3561.136010 3569.087268 3579.170842 3596.145559 3606.862559 3621.999994 3642.134174 3667.565418 3682.847422 3692.196027 3702.442757 3717.583683 3733.617622 3751.223069 3773.495901
3786.762178 3770.362968 3755.921875 3741.764580 3729.218789 3716.549833 3700.935480 3702.956600 3700.967043 3690.899442 3636.356953 3595.856236 3562.302988 3545.389774 3522.053408 3508.783555 3492.667101 3454.531417 3437.341674 3437.117816 3452.188132 3448.898985 3433.802027 3422.099158 3412.833967 3403.586123 3385.957589 3367.231837 3373.354499 3391.888390 3392.914571 3396.327491 3404.236264 3403.728778 3396.971582 3394.137619 3406.055925 3411.394653 3422.458663 3439.999833 3444.745043 3461.024056 3494.539836 3507.100887 3521.819573 3539.858749 3559.915251 3581.658754 3603.895997 3617.649269 3632.536530 3650.693338 3667.095985 3687.147061 3709.486204
3736.320799 3705.513577 3684.661930 3667.542789 3648.690576 3622.058546 3602.327818 3600.341552 3594.447420 3565.695986 3513.769520 3478.587966 3455.644806 3434.293999 3411.742345 3388.388984 3351.391852 3317.066935 3295.623110 3311.786378 3323.350598 3335.336433 3324.226179 3313.729581 3304.370818 3286.484227 3269.796495 3253.430128 3264.545706 3273.230536 3292.393121 3299.337750 3303.260165 3309.168936 3307.653098 3296.684247 3291.261550 3299.101808 3308.715556 3320.442024 3341.779385 3376.961950 3401.281423 3419.056440 3439.012076 3457.153290 3477.951150 3500.340034 3522.563249 3539.028461 3556.827649 3574.822656 3595.196608 3613.881848 3636.302569
3656.803984 3628.981015 3603.083739 3580.380643 3549.131292 3503.256835 3489.306921 3480.787430 3459.293908 3412.276017 3371.211529 3351.215315 3338.995844 3316.482146 3296.212128 3267.849273 3234.531987 3213.565016 3193.550478 3204.454264 3215.242149 3235.860812 3227.533289 3221.138520 3218.507654 3203.420275 3190.364168 3174.032390 3180.389826 3192.645794 3216.273612 3222.316495 3226.456800 3235.866513 3235.049147 3230.226382 3212.297273 3218.736579 3229.223219 3243.543813 3274.230646 3296.302449 3318.168210 3339.296028 3357.991588 3378.781040 3400.275826 3422.522691 3448.142672 3466.956443 3485.229716 3506.041941 3524.547633 3538.294958 3553.947355
3549.481187 3526.076887 3507.139009 3483.621012 3441.394023 3398.206235 3357.994978 3331.840197 3280.158619 3246.033468 3226.761707 3226.872166 3215.749900 3197.107947 3179.264947 3161.043874 3140.191047 3122.363656 3098.042844 3104.136935 3120.604404 3138.233036 3140.192660 3141.691125 3140.659278 3131.763226 3118.581738 3105.133363 3108.976486 3126.189160 3144.234620 3154.377469 3162.102395 3169.780103 3169.359321 3159.524097 3149.158102 3153.530987 3168.474504 3184.006365 3200.837111 3220.674716 3240.611023 3260.112077 3281.647162 3303.284227 3325.159958 3348.953194 3374.656468 3394.937504 3417.556337 3440.914970 3456.500125 3464.350688 3471.253477
3448.084674 3429.667846 3407.356452 3380.668059 3339.653175 3301.013357 3261.227442 3214.824158 3182.889227 3155.620443 3150.260862 3136.361809 3124.651654 3111.722546 3092.819293 3077.819751 3064.355697 3044.173384 3035.279378 3043.334620 3057.377191 3065.921513 3073.340299 3071.740373 3069.873808 3064.688087 3051.041597 3047.270218 3057.430206 3072.627372 3086.248080 3097.815638 3104.631698 3109.573794 3106.329997 3096.877608 3093.727588 3101.520524 3116.499417 3129.321564 3143.219645 3162.823321 3181.649748 3201.956865 3223.091559 3243.751103 3266.795774 3290.553248 3315.198936 3340.977636 3362.026288 3379.281421 3386.745695 3394.907116 3393.270342
3326.445148 3316.079202 3291.387413 3264.120454 3236.182435 3204.609032 3181.864595 3152.360333 3124.025790 3096.692830 3072.447849 3061.867801 3057.347437 3046.166095 3030.779328 3021.019472 3006.760701 2998.053628 3005.220654 3007.051225 3015.502178 3013.986889 3015.417407 3013.454910 3013.266251 3011.483363 3005.821657 3018.022886 3024.534230 3037.831856 3047.745938 3057.369778 3062.984189 3066.331838 3067.292933 3062.907488 3068.514140 3074.073902 3087.107830 3097.522154 3110.076755 3128.891395 3144.529292 3162.023164 3182.650391 3203.989030 3226.126878 3250.079673 3276.361308 3299.267777 3315.335663 3320.465122 3328.043493 3327.871740 3315.178152
