tests/Borden05m/data_simulated/sim_1/output-maps/psiliqL0025N0011.asc
ncols         160
nrows         34
xllcorner     620200.000000
yllcorner     5168000.000000
cellsize      0.500000
NODATA_value  -9999.0
[rows 0 to 24 of 34, columns 0 to 54 of 160]
-9999.0 -9999.0 -9999.0 -9999.0 -9999.0 -9999.0 -9999.0 -9999.0 -9999.0 -9999.0 -9999.0 -9999.0 -9999.0 -9999.0 -9999.0 -9999.0 -9999.0 -9999.0 -9999.0 -9999.0 -9999.0 -9999.0 -9999.0 -9999.0 -9999.0 -9999.0 -9999.0 -9999.0 -9999.0 -9999.0 -9999.0 -9999.0 -9999.0 -9999.0 -9999.0 -9999.0 -9999.0 -9999.0 -9999.0 -9999.0 -9999.0 -9999.0 -9999.0 -9999.0 -9999.0 -9999.0 -9999.0 -9999.0 -9999.0 -9999.0 -9999.0 -9999.0 -9999.0 -9999.0 -9999.0
-9999.0 -9999.0 -9999.0 -9999.0 -9999.0 -9999.0 -9999.0 -9999.0 -9999.0 -9999.0 -9999.0 -9999.0 -9999.0 -9999.0 -9999.0 -9999.0 -9999.0 -9999.0 -9999.0 -9999.0 -9999.0 -9999.0 -9999.0 -9999.0 -9999.0 -9999.0 -9999.0 -9999.0 -9999.0 -9999.0 -9999.0 -9999.0 -9999.0 -9999.0 -9999.0 -9999.0 -9999.0 -9999.0 -9999.0 -9999.0 -9999.0 -9999.0 -9999.0 -9999.0 -9999.0 -9999.0 -9999.0 -9999.0 -9999.0 -9999.0 -9999.0 -9999.0 -9999.0 -9999.0 -9999.0
-9999.0 -9999.0 -9999.0 -9999.0 -9999.0 -9999.0 -9999.0 -9999.0 -9999.0 -9999.0 -9999.0 -9999.0 -9999.0 -9999.0 -9999.0 -9999.0 -9999.0 -9999.0 -9999.0 -9999.0 -9999.0 -9999.0 -9999.0 -9999.0 -9999.0 -9999.0 -9999.0 -9999.0 -9999.0 -9999.0 -9999.0 -9999.0 -9999.0 -9999.0 -9999.0 -9999.0 -9999.0 -9999.0 -9999.0 -9999.0 -9999.0 -9999.0 -9999.0 -9999.0 -9999.0 -9999.0 -9999.0 3073.929475 3056.704960 3043.068446 3038.334692 3059.238609 3082.092446 3105.666313 3125.957824
-9999.0 -9999.0 -9999.0 -9999.0 -9999.0 -9999.0 -9999.0 -9999.0 -9999.0 -9999.0 -9999.0 -9999.0 -9999.0 -9999.0 -9999.0 -9999.0 -9999.0 -9999.0 -9999.0 -9999.0 -9999.0 -9999.0 -9999.0 -9999.0 -9999.0 -9999.0 -9999.0 -9999.0 -9999.0 -9999.0 -9999.0 -9999.0 -9999.0 -9999.0 -9999.0 -9999.0 -9999.0 -9999.0 -9999.0 -9999.0 3124.734708 3130.558533 3130.253702 3120.212620 3108.728007 3094.948130 3074.250037 3057.015194 3043.754976 3041.655973 3043.897002 3046.426356 3066.892969 3091.990227 3111.624679
-9999.0 -9999.0 -9999.0 -9999.0 -9999.0 -9999.0 -9999.0 -9999.0 -9999.0 -9999.0 -9999.0 -9999.0 -9999.0 -9999.0 -9999.0 -9999.0 -9999.0 -9999.0 -9999.0 -9999.0 -9999.0 -9999.0 -9999.0 -9999.0 -9999.0 -9999.0 -9999.0 -9999.0 -9999.0 -9999.0 -9999.0 -9999.0 -9999.0 -9999.0 3032.942554 3049.748362 3067.476974 3085.817775 3102.579679 3109.466146 3115.197990 3120.408344 3115.596131 3110.948709 3099.033073 3077.857158 3058.348013 3045.359878 3044.152725 3041.495849 3044.789831 3056.047794 3072.324917 3087.020170 3107.205525
-9999.0 -9999.0 -9999.0 -9999.0 -9999.0 -9999.0 -9999.0 -9999.0 -9999.0 -9999.0 -9999.0 -9999.0 -9999.0 -9999.0 -9999.0 -9999.0 -9999.0 -9999.0 -9999.0 -9999.0 -9999.0 -9999.0 -9999.0 -9999.0 -9999.0 -9999.0 -9999.0 -9999.0 3039.319903 3033.245371 3028.225544 3026.421957 3024.733378 3023.547386 3030.029477 3040.947213 3057.753077 3079.545935 3092.556801 3099.574501 3106.222764 3106.325499 3100.173667 3098.134489 3098.291790 3085.331238 3072.738706 3060.927457 3049.357997 3045.916424 3054.429288 3068.243086 3084.015928 3098.144217 3112.935156
-9999.0 -9999.0 -9999.0 -9999.0 -9999.0 -9999.0 -9999.0 -9999.0 -9999.0 -9999.0 -9999.0 -9999.0 -9999.0 -9999.0 -9999.0 -9999.0 -9999.0 -9999.0 -9999.0 -9999.0 -9999.0 -9999.0 -9999.0 3009.995700 3014.806271 3021.121503 3028.550390 3029.285218 3025.765667 3020.155076 3017.195824 3015.471040 3012.894577 3017.092784 3023.784616 3036.365103 3051.225602 3073.076209 3080.910240 3084.842160 3095.806020 3099.038170 3106.319310 3109.764446 3107.402888 3102.889671 3087.602024 3075.624186 3077.381852 3080.915470 3087.182293 3094.906611 3107.775370 3120.948997 3135.685863
-9999.0 -9999.0 -9999.0 -9999.0 -9999.0 -9999.0 -9999.0 -9999.0 -9999.0 -9999.0 -9999.0 -9999.0 -9999.0 -9999.0 -9999.0 -9999.0 -9999.0 -9999.0 -9999.0 2985.902617 2986.837416 2988.163028 2992.825768 2992.950869 2994.499289 3000.989343 3008.683604 3011.227459 3008.699754 3007.330973 3008.245028 3010.364548 3014.369944 3024.296317 3037.081849 3050.347083 3062.496830 3082.435678 3096.094436 3107.709363 3122.250206 3121.960913 3117.674231 3115.329207 3114.584639 3112.351754 3110.364386 3108.889904 3114.300026 3114.452478 3117.336812 3125.674213 3136.758456 3152.495310 3169.242055
-9999.0 -9999.0 -9999.0 -9999.0 -9999.0 -9999.0 -9999.0 -9999.0 -9999.0 -9999.0 -9999.0 -9999.0 -9999.0 -9999.0 -9999.0 -9999.0 2959.946378 2961.656974 2963.940121 2969.323674 2972.882406 2976.691475 2983.421822 2981.341388 2984.131647 2990.707251 2994.631377 3003.309040 3011.039699 3017.423704 3022.486405 3024.059054 3029.676746 3037.882665 3048.245554 3061.079073 3080.088911 3102.482556 3117.094336 3132.698250 3148.860656 3148.437896 3145.802485 3145.159369 3142.863418 3143.565724 3157.121783 3159.494197 3153.739953 3162.905454 3173.814042 3175.787743 3180.670145 3199.267873 3220.496969
-9999.0 -9999.0 -9999.0 -9999.0 -9999.0 -9999.0 -9999.0 -9999.0 -9999.0 -9999.0 -9999.0 -9999.0 -9999.0 2910.812071 2914.697691 2924.763579 2935.995366 2938.872661 2943.623531 2950.098570 2961.980302 2965.307756 2970.912366 2977.472856 2985.647759 2993.381840 3001.318216 3012.097488 3019.099370 3024.962691 3030.228718 3032.121920 3042.468840 3055.247390 3068.371827 3086.205193 3106.764773 3124.023570 3141.018005 3156.074727 3166.685408 3163.308697 3161.395196 3162.447213 3166.235928 3177.344005 3192.813364 3192.826176 3202.032365 3221.563187 3230.947806 3237.560740 3242.813316 3255.595343 3276.062146
-9999.0 -9999.0 -9999.0 -9999.0 -9999.0 -9999.0 -9999.0 -9999.0 -9999.0 -9999.0 2883.644488 2885.065767 2881.188743 2878.453891 2884.003485 2896.124758 2910.396226 2915.733409 2927.407886 2948.392713 2966.601224 2969.166474 2981.813006 2987.240505 2992.700415 3001.368283 3012.916703 3023.616382 3037.619593 3047.790830 3055.236835 3070.219473 3084.379408 3098.872519 3114.449719 3133.178612 3148.019595 3170.587461 3193.227386 3200.829674 3216.891167 3219.283927 3214.178493 3211.409501 3219.437441 3229.761246 3243.877804 3259.017368 3276.550383 3297.582970 3307.483945 3319.478695 3327.717155 3337.326560 3351.772581
-9999.0 -9999.0 -9999.0 -9999.0 -9999.0 -9999.0 -9999.0 -9999.0 2859.141258 2867.055581 2872.271958 2868.746847 2863.948943 2857.896494 2872.151264 2887.215161 2902.620790 2920.422629 2935.463172 2953.079344 2966.215564 2980.136697 2994.802161 3004.077637 3013.340313 3026.871104 3038.367920 3051.771521 3070.618261 3077.307279 3087.299060 3105.180931 3119.409301 3134.657702 3151.152843 3166.093343 3184.367757 3213.210290 3240.817712 3256.263761 3281.035459 3297.537332 3291.386382 3289.130175 3289.764590 3311.868396 3337.146483 3365.100755 3383.423760 3406.156420 3433.468768 3451.472633 3460.250446 3470.901697 3484.272691
-9999.0 -9999.0 -9999.0 -9999.0 -9999.0 -9999.0 2830.919704 2855.109432 2870.027609 2861.157175 2847.001166 2841.576834 2835.162740 2864.902499 2886.753501 2903.527301 2919.609178 2936.432378 2951.849251 2959.557262 2983.893510 3001.665467 3012.222257 3024.520251 3037.470082 3050.361235 3065.122309 3085.025554 3101.383818 3122.494158 3138.067157 3153.715191 3174.985576 3190.910255 3206.449425 3219.086670 3245.501978 3278.944353 3312.300941 3335.942571 3359.509879 3389.612137 3389.417277 3390.954865 3392.535600 3415.023860 3447.576149 3476.489433 3507.659602 3537.589501 3564.952525 3575.070596 3583.716960 3593.301443 3605.447314
-9999.0 -9999.0 -9999.0 -9999.0 2798.819144 2819.435008 2837.891431 2867.639395 2889.257431 2883.846992 2887.966608 2885.666125 2880.941168 2885.266018 2892.677854 2909.268919 2927.544335 2946.107370 2959.517527 2981.248036 3026.004340 3036.074653 3052.482479 3080.627649 3090.405064 3103.004300 3117.097239 3136.325139 3154.219083 3179.583016 3213.307143 3241.825221 3262.192076 3280.438580 3298.391310 3314.614326 3348.102263 3383.653935 3418.171150 3448.886035 3475.171854 3500.206670 3506.950243 3511.635580 3521.254276 3537.550488 3559.358874 3586.184791 3618.767921 3650.229934 3673.221869 3682.502093 3687.709318 3697.002696 3704.584565
-9999.0 -9999.0 -9999.0 2752.465873 2784.538716 2823.308960 2848.669187 2878.483513 2910.275824 2910.137761 2918.255722 2918.030121 2916.871573 2921.904884 2924.951506 2940.636826 2957.594671 2975.832763 2990.516359 3022.623794 3050.960745 3068.677452 3095.375231 3111.241977 3123.735792 3135.518006 3152.549336 3171.613296 3205.660297 3234.854817 3279.818609 3329.207314 3360.634239 3379.455180 3400.671557 3427.005926 3451.074961 3488.367235 3521.540850 3552.884794 3582.508402 3604.330286 3618.640640 3623.209139 3632.307432 3638.062726 3650.729591 3671.273813 3693.029428 3722.906328 3751.535234 3779.301453 3794.007234 3804.600932 3821.223068
-9999.0 -9999.0 2704.006888 2743.485173 2775.220594 2814.576709 2866.949084 2901.461347 2940.418020 2959.170376 2962.098159 2972.602382 2979.245353 2979.653445 2987.956366 2999.842415 3020.012859 3027.373238 3045.745575 3061.873126 3099.078168 3132.902912 3130.696158 3168.065283 3197.056639 3227.569708 3247.079554 3272.428793 3308.490435 3342.142740 3385.645882 3434.228352 3468.008502 3495.366411 3510.474152 3529.711006 3549.554146 3574.681864 3610.130968 3635.610293 3668.176090 3693.085377 3712.478698 3713.786627 3716.487984 3732.161639 3759.409749 3789.027155 3816.839203 3844.612184 3831.888310 3853.295278 3862.851379 3868.182964 3876.566104
-9999.0 -9999.0 2674.041499 2720.580905 2755.833182 2806.813501 2891.904984 2925.881051 2965.400598 3007.437279 3020.501179 3040.966014 3035.582150 3025.696075 3042.721238 3056.679395 3074.888522 3081.146575 3074.794048 3125.841013 3176.536367 3202.759713 3213.040547 3286.861921 3336.832708 3358.974677 3374.017598 3393.368188 3412.849989 3450.801215 3490.059180 3543.088907 3583.688718 3612.828434 3626.879333 3645.911806 3664.844005 3679.685191 3698.561017 3743.531907 3777.263342 3806.817233 3837.509107 3858.321130 3866.240562 3870.833507 3847.352108 3865.226219 3877.347705 3882.575628 3884.628595 3880.884608 3880.293579 3881.090048 3882.017669
-9999.0 2580.836290 2633.432387 2684.382741 2749.373708 2803.409953 2878.075046 2952.747167 3014.630411 3064.818888 3089.232518 3083.309202 3086.246750 3112.031853 3130.814652 3147.226253 3151.276931 3159.736887 3140.943527 3191.121256 3227.985155 3278.894999 3377.705155 3434.414934 3493.930537 3490.065321 3478.753576 3484.065434 3500.358012 3545.428091 3621.612363 3675.617538 3738.673784 3785.584253 3801.830473 3808.759475 3826.814825 3847.001671 3800.479321 3840.475169 3858.836905 3874.158359 3882.433317 3884.545098 3885.724543 3885.504913 3881.859021 3874.912091 3866.787153 3860.980481 3856.773823 3852.271075 3854.704590 3858.026102 3858.289435
-9999.0 2542.696958 2600.378330 2669.299349 2737.416882 2786.865535 2861.822668 3022.167141 3082.310414 3118.831421 3124.942833 3104.592452 3163.059296 3221.316737 3245.430994 3289.133515 3273.844672 3258.444480 3223.380061 3248.304488 3286.967180 3356.632022 3522.180047 3608.951074 3657.033754 3664.909266 3666.090508 3693.592597 3736.136453 3781.427679 3824.933146 3797.286181 3843.296597 3865.889708 3870.610936 3871.271807 3876.341052 3874.978855 3873.403210 3869.013957 3863.896119 3864.052294 3868.582212 3868.416995 3865.478690 3862.138584 3856.463373 3849.039768 3843.814338 3839.189896 3836.525210 3833.674020 3831.758525 3831.112932 3826.341157
-9999.0 2503.181280 2577.807248 2636.760217 2684.818464 2778.278320 2898.014755 3037.604935 3132.151620 3165.150510 3146.123151 3182.810271 3283.598188 3386.896812 3437.749599 3458.222523 3440.522752 3394.597995 3376.426461 3419.011781 3487.617366 3602.718968 3734.748609 3830.444765 3845.053107 3848.201735 3803.551298 3827.576210 3849.844255 3852.486718 3853.532299 3860.862837 3865.891258 3868.780780 3867.228621 3864.339647 3859.541159 3851.381400 3846.566687 3842.918830 3839.170702 3838.063790 3840.103894 3841.858775 3839.065845 3835.181823 3830.708909 3825.129184 3818.846010 3812.109182 3807.837597 3803.620197 3801.503090 3796.057023 3792.499554
-9999.0 2381.461036 2477.416338 2519.213867 2596.761996 2784.603880 2903.390806 3040.784546 3202.064168 3222.895289 3269.686560 3405.170340 3521.293228 3599.556487 3628.575477 3661.872395 3686.059395 3702.093812 3737.837197 3626.619616 3703.493697 3795.657066 3837.548823 3855.714603 3864.490284 3864.837590 3855.114511 3834.456284 3823.747844 3816.994692 3818.602123 3825.862326 3830.590655 3835.419804 3833.129655 3834.132317 3835.119059 3831.868202 3827.875493 3819.208114 3811.384979 3804.773754 3801.641463 3806.378638 3801.713288 3799.290127 3793.137870 3784.764688 3775.876618 3768.511583 3760.608241 3754.068950 3751.825707 3746.813338 3745.638026
-9999.0 2300.588094 2373.487549 2435.258359 2547.920664 2712.069680 2799.906067 2956.811136 3190.121954 3322.749562 3480.980000 3568.654828 3638.124466 3681.048531 3731.628149 3782.064421 3808.030418 3818.994328 3789.942419 3810.437430 3768.472488 3757.549882 3774.738333 3803.312617 3819.868362 3823.839644 3815.894415 3806.579523 3799.325031 3798.200886 3796.099773 3792.251309 3788.329945 3784.856930 3781.716289 3784.582844 3789.813138 3782.793268 3772.691933 3763.369435 3754.961974 3745.833046 3739.932194 3735.400416 3735.654029 3735.898094 3728.316674 3717.881190 3707.100881 3698.871580 3691.686364 3687.143088 3684.535171 3679.629478 3670.219182
-9999.0 2181.803589 2313.938110 2391.386005 2487.488834 2617.151071 2723.047636 2863.137796 2989.494927 3229.610364 3370.798760 3553.493625 3601.442008 3669.180595 3716.954912 3788.648634 3784.464139 3752.962164 3710.581280 3694.258006 3704.494565 3713.229727 3721.671635 3736.398060 3753.834447 3763.773592 3768.412500 3762.203043 3748.036140 3735.856322 3725.149782 3711.832291 3702.646910 3700.276400 3703.995297 3713.714335 3714.387604 3705.115647 3691.131240 3673.135380 3657.705878 3646.040003 3643.971872 3646.631661 3647.654332 3643.674249 3637.830956 3627.163341 3614.652368 3602.380585 3596.619008 3592.264513 3584.991702 3573.990625 3562.325430
-9999.0 -9999.0 2228.753654 2337.249939 2431.344077 2542.838237 2633.874587 2753.671507 2880.086770 3046.486774 3161.105233 3335.091541 3426.966640 3470.372007 3505.139167 3560.077434 3584.194864 3613.828766 3606.759605 3617.423546 3626.626795 3631.680233 3637.072093 3643.119909 3653.672011 3663.351108 3673.233819 3670.444096 3661.575657 3641.388292 3616.235799 3596.696867 3586.372282 3577.350902 3589.181085 3601.596654 3596.339283 3589.476242 3576.940771 3560.838341 3548.278153 3534.135581 3530.688683 3530.679689 3531.273526 3528.972934 3526.351105 3513.992008 3501.786549 3491.834189 3487.790708 3482.248861 3478.631799 3468.889568 3458.384510
-9999.0 -9999.0 2140.516604 2244.685308 2347.282803 2464.708246 2549.606627 2567.837330 2705.558842 2793.809543 2899.815360 3004.331291 3097.951026 3164.432705 3197.442971 3258.576917 3312.626630 3330.264537 3367.935936 3419.026511 3452.013550 3489.833829 3512.025012 3521.494083 3533.901895 3548.056936 3555.514464 3540.585703 3529.342155 3512.343433 3489.202802 3462.947509 3449.629513 3448.898413 3448.262808 3450.152706 3442.758838 3433.816305 3419.452884 3405.453710 3393.266296 3384.203398 3380.633950 3375.327969 3373.186171 3370.525517 3368.794082 3363.514893 3355.137500 3350.425408 3342.387351 3338.620092 3337.783801 3334.590966 3328.778785
