tests/Borden05m/data_simulated/sim_1/output-maps/psiliqL0004N0014.asc
ncols         160
nrows         34
xllcorner     620200.000000
yllcorner     5168000.000000
cellsize      0.500000
NODATA_value  -9999.0
[rows 0 to 24 of 34, columns 56 to 111 of 160]
-9999.0 -9999.0 -9999.0 -9999.0 -9999.0 -9999.0 -9999.0 -9999.0 -9999.0 -9999.0 -9999.0 -9999.0 -9999.0 -9999.0 -9999.0 -9999.0 -9999.0 -9999.0 -9999.0 -9999.0 -9999.0 -9999.0 -9999.0 -9999.0 -9999.0 -9999.0 -9999.0 -9999.0 -9999.0 -9999.0 -9999.0 -9999.0 -9999.0 -9999.0 -9999.0 -9999.0 -9999.0 -9999.0 -9999.0 -9999.0 -9999.0 -9999.0 -9999.0 -9999.0 -9999.0 -9999.0 -9999.0 -9999.0 -9999.0 -9999.0 -9999.0 -9999.0 -9999.0 -9999.0 -9999.0 -9999.0
-9999.0 -9999.0 -9999.0 -576.623446 -579.337916 -581.367764 -582.685257 -586.656329 -589.939146 -593.639608 -594.431223 -594.158755 -594.789080 -596.065414 -594.054447 -591.360591 -588.997758 -585.984200 -586.268027 -585.787102 -584.675871 -584.390390 -584.927682 -586.325252 -587.333902 -588.478111 -587.417252 -591.490183 -596.939453 -601.175694 -602.107867 -598.714335 -596.581356 -596.722699 -594.588287 -590.139966 -586.236242 -584.490610 -579.916032 -579.890156 -577.998705 -575.445361 -577.596894 -578.338903 -578.396121 -578.167882 -583.997887 -9999.0 -9999.0 -9999.0 -9999.0 -9999.0 -9999.0 -9999.0 -9999.0 -9999.0
-589.294579 -581.206237 -581.374628 -591.735198 -593.108308 -593.592185 -593.327142 -595.132460 -599.492386 -600.849250 -604.054751 -605.396156 -605.739746 -606.883279 -605.690835 -600.336384 -596.521580 -595.245551 -595.728493 -595.865002 -596.843597 -597.585867 -597.409027 -598.773169 -600.098421 -601.484713 -601.304722 -598.482213 -602.481000 -604.634484 -606.605830 -608.533901 -607.654275 -606.898835 -606.425420 -601.313431 -598.967788 -597.100259 -590.229972 -584.025614 -582.208206 -584.426788 -587.097992 -586.857991 -587.612785 -590.548234 -593.476707 -594.331387 -595.858833 -596.678089 -599.061681 -595.524918 -595.008484 -590.813307 -587.180760 -582.913186
-599.568340 -590.250409 -590.552528 -598.870000 -604.135622 -605.918937 -604.904069 -601.513533 -603.084629 -606.197151 -610.726360 -605.464253 -606.026765 -606.392762 -605.324201 -603.549089 -602.787087 -601.871970 -600.380572 -595.629564 -595.719173 -596.043765 -595.844827 -596.709561 -598.268901 -598.316616 -599.261088 -603.090756 -602.637384 -601.780403 -602.520103 -598.749017 -598.427251 -596.452148 -602.906177 -601.653278 -599.688634 -598.073144 -596.711000 -595.167033 -593.506074 -596.285052 -594.604067 -597.355234 -603.122201 -605.216988 -605.495857 -601.868265 -600.179425 -603.031843 -612.264382 -607.260730 -596.982464 -597.267848 -598.369367 -593.069863
-605.454886 -602.893193 -603.736604 -607.418304 -604.236605 -601.636083 -599.961412 -601.544896 -604.755416 -608.480330 -600.103150 -596.386423 -597.867398 -596.836809 -594.519805 -594.599474 -604.658561 -607.317602 -603.030131 -598.424949 -596.381692 -598.002749 -598.823046 -600.504078 -600.601602 -599.710004 -600.896003 -599.422911 -598.009371 -599.462759 -596.728996 -593.627221 -590.966845 -597.274467 -603.271756 -602.906287 -597.947075 -594.152736 -591.880580 -586.528168 -578.893201 -580.044798 -582.054104 -583.634882 -585.737121 -595.593966 -604.586434 -608.377253 -610.180440 -612.945133 -611.148436 -612.910977 -604.634351 -605.041534 -606.051491 -601.866330
-611.892987 -601.091487 -598.255299 -603.754605 -606.983477 -608.518107 -607.700389 -608.717968 -608.319019 -600.693956 -595.967159 -588.780316 -590.666051 -590.293412 -590.593580 -597.542979 -603.246726 -606.881915 -596.093725 -587.363369 -584.249249 -586.045452 -587.582976 -580.583053 -582.637991 -583.779763 -588.121077 -586.550881 -586.768297 -579.008722 -575.691916 -571.638607 -573.144518 -580.795767 -587.485837 -588.011014 -587.194822 -587.596464 -585.326500 -579.941386 -573.606024 -577.769811 -580.289502 -581.222237 -595.943634 -608.287796 -613.192863 -606.156792 -602.190998 -603.213815 -602.769483 -602.702649 -608.141215 -606.950534 -606.449822 -608.785241
-590.385016 -583.809810 -574.634144 -580.448422 -585.137083 -593.066308 -592.347382 -591.230597 -588.137672 -583.570703 -575.631863 -561.972998 -563.644471 -562.544371 -558.632491 -565.802352 -572.933865 -583.020918 -571.531277 -568.106610 -563.899979 -563.851956 -555.435686 -548.065297 -552.504737 -558.975593 -566.589419 -561.897778 -551.746381 -542.100932 -539.325975 -537.896934 -536.487064 -543.139585 -545.521479 -547.182869 -546.736610 -550.788467 -550.166472 -542.835260 -531.200954 -530.102796 -536.305814 -548.545213 -567.583696 -585.674136 -595.961813 -586.397268 -589.579629 -591.353243 -590.242468 -597.267096 -601.664105 -596.648721 -601.872430 -605.875864
-581.268241 -574.617279 -564.079237 -568.134342 -576.346152 -585.302602 -585.261517 -579.924452 -576.645598 -566.112227 -551.522259 -534.576425 -524.622375 -516.700180 -508.523795 -514.834562 -522.360391 -530.872839 -528.909786 -518.697849 -508.428591 -497.015329 -484.013216 -470.149425 -474.062025 -481.798043 -482.926559 -479.325547 -463.457287 -448.203106 -441.610369 -437.435660 -430.368608 -435.776344 -445.408604 -456.486293 -467.239995 -476.538894 -483.244703 -470.023699 -455.607201 -458.335329 -484.140857 -506.195827 -530.886043 -554.300790 -577.576809 -577.893389 -574.593812 -571.767565 -580.387200 -585.555957 -594.072191 -596.524252 -596.710618 -605.524830
-532.597100 -519.103388 -504.432066 -498.461627 -510.412314 -512.719572 -508.347744 -499.011549 -494.871923 -482.905763 -449.608162 -401.933958 -366.284989 -342.075486 -337.778559 -345.413070 -355.504162 -372.250282 -381.328827 -366.814440 -352.114011 -340.078271 -331.215045 -323.275003 -317.932584 -318.526516 -318.497595 -316.792832 -314.420558 -310.221448 -305.415286 -300.566679 -295.052981 -293.481817 -300.329778 -307.101227 -314.480038 -321.140122 -323.023316 -324.617770 -320.414381 -321.080874 -335.261954 -358.592919 -395.295822 -442.199018 -479.417817 -503.636294 -504.600074 -516.595830 -527.598565 -539.994633 -563.578773 -571.432966 -576.545320 -596.642581
-440.805862 -401.622919 -378.137285 -358.565087 -355.955432 -351.990196 -348.346128 -342.643444 -337.888366 -332.792549 -310.203062 -281.596136 -253.092447 -229.541936 -220.548006 -228.774784 -237.957352 -248.465542 -257.498183 -257.120464 -245.532198 -231.477008 -217.910766 -209.031325 -205.905320 -207.427838 -207.364357 -206.383770 -203.742559 -202.035896 -198.342276 -192.495877 -182.874484 -170.907754 -173.432798 -188.414037 -200.687152 -215.123439 -221.860436 -225.472112 -230.880913 -231.688263 -232.471402 -253.632093 -276.704442 -302.842230 -327.404471 -344.946165 -368.105658 -394.651358 -421.996840 -469.764890 -507.933563 -536.147955 -557.864106 -579.037795
-312.440862 -288.681016 -265.724528 -251.482176 -245.509684 -242.351055 -238.023312 -231.388174 -225.822373 -218.157151 -201.921504 -170.219797 -134.625741 -101.679392 -93.960174 -100.394083 -110.223246 -122.591037 -130.378086 -133.947227 -128.932980 -121.117547 -109.833209 -98.185171 -88.308262 -86.385671 -87.550088 -86.778160 -86.505313 -83.722144 -84.704504 -79.005562 -71.359457 -61.500970 -60.909528 -68.325369 -84.801352 -100.202338 -111.452898 -124.516891 -133.073591 -135.257794 -135.382292 -136.569615 -155.875618 -186.055365 -224.975454 -251.772126 -272.603213 -285.496880 -298.814047 -311.165280 -339.058673 -357.396961 -394.831618 -443.668640
-217.836860 -192.717119 -165.807980 -146.410528 -134.851651 -129.890423 -120.494752 -111.883079 -104.723542 -92.580740 -78.932476 -59.101284 -29.226178 20.714606 40.428632 38.747744 28.901434 -2.832499 11.364950 -5.834882 12.600748 16.855095 3.650603 32.330947 28.089673 50.453766 33.544526 48.713609 32.982122 51.047010 33.292060 50.007612 34.540886 56.855617 41.252290 56.230295 26.862263 27.827402 6.702921 -25.640887 -35.476671 -40.728929 -42.164703 -44.807824 -54.227770 -78.490241 -114.994294 -150.043201 -175.447580 -193.598170 -206.481612 -215.297776 -222.835565 -235.974106 -259.892062 -293.380942
-115.073016 -92.772251 -69.664538 -47.433861 -26.949065 -14.845672 16.718894 23.740605 33.890286 48.421225 46.582771 72.661497 85.821965 105.232148 114.654462 119.931958 121.435186 120.672826 123.909510 122.481626 122.364050 122.773605 122.454821 123.807546 125.401193 127.232160 125.826911 127.190968 126.245794 127.687937 126.439460 127.395954 124.415971 125.747492 124.441677 125.540024 121.997277 115.990261 101.393738 85.930868 81.873957 74.731557 66.680389 57.830674 49.043005 34.832280 -13.149493 -49.745832 -82.071052 -101.109431 -110.392590 -116.482375 -121.568489 -135.087786 -154.966551 -179.788219
17.647826 31.472152 47.870764 52.871497 83.898230 93.163326 103.646512 108.041866 117.868340 128.195079 128.265106 130.322787 129.980139 131.393048 130.733849 131.720225 130.767726 129.398138 128.341584 127.878941 121.852073 113.350064 114.583397 115.564707 117.725440 119.970067 119.413513 120.010522 123.388291 121.539897 116.917559 113.745988 112.136248 112.107351 118.485667 120.150082 121.685513 121.405994 121.815765 121.315527 121.424476 121.075498 121.105624 121.063216 116.734716 108.531431 88.088446 61.241411 31.037886 -10.219514 -23.477409 -24.227269 -28.703434 -36.650827 -60.326928 -87.774028
110.212491 120.756410 130.542364 129.570722 131.594927 131.132437 133.673886 134.513692 135.433993 130.682300 128.159506 123.084517 122.352894 120.781832 118.846049 119.309768 117.578430 113.902266 110.766638 105.236731 92.641201 81.094191 79.075412 83.460757 87.066248 74.945186 92.426271 93.351780 100.729867 91.419108 87.406319 80.845057 78.731613 84.464693 88.723897 76.620362 91.942573 75.660902 90.379425 91.710278 90.316276 91.102780 97.774971 111.177630 119.109905 119.364087 119.084332 118.606539 117.264221 96.205889 77.338841 79.444620 75.299805 63.058407 18.778242 -9.063006
125.505779 125.842945 122.812548 117.614953 112.452039 111.949990 115.624875 122.072871 123.151410 117.097057 109.812690 103.049806 94.950832 91.917956 90.809530 89.741794 89.818064 84.602747 77.750367 61.500302 26.242313 9.354243 1.494151 -0.065363 4.808415 10.943655 21.450350 30.072333 44.868740 19.501247 6.643609 -2.048018 -2.379565 0.045044 7.214865 15.565741 19.235702 18.267365 17.297241 15.602925 11.677244 12.610066 25.509583 63.038761 78.323552 90.324620 97.775221 105.985441 111.758759 118.497117 118.410093 118.415340 118.321323 114.066121 99.687467 81.440301
111.298884 105.160980 97.896301 91.730390 85.932260 84.502282 87.351015 90.972719 87.716161 82.118100 72.221675 56.662272 26.109044 15.540792 14.559287 15.638279 15.436493 9.196729 -5.045313 -23.695916 -42.574964 -58.959461 -64.089313 -68.670481 -70.853738 -60.593364 -44.997648 -37.845825 -45.600457 -57.308760 -71.677494 -79.788576 -82.545820 -81.176815 -72.728806 -56.547498 -41.434966 -41.018525 -48.727339 -56.117269 -59.524712 -59.683854 -48.806502 -24.295372 -3.182466 12.394111 26.533309 54.384217 64.441452 73.790842 84.146953 96.009406 106.961717 117.556640 118.070482 117.857246
83.947512 73.979629 44.716164 32.662397 25.005478 20.160240 17.492324 15.337647 9.270620 2.797580 -7.506925 -21.261811 -37.467724 -52.617307 -56.801432 -59.234493 -57.773505 -68.895055 -80.734306 -100.757591 -117.031153 -132.636642 -140.843602 -146.234167 -151.075676 -143.350543 -127.207440 -117.585069 -131.723820 -141.977789 -155.519439 -162.307627 -165.603113 -164.853907 -156.444992 -135.096068 -117.941093 -112.559876 -120.347250 -126.968523 -129.678909 -129.332951 -122.775023 -104.947893 -83.652100 -63.054703 -46.650192 -32.422244 -22.280712 -10.827596 4.746518 23.128901 57.599174 75.188386 92.710628 106.728686
17.568450 6.056527 -8.524680 -21.309455 -32.764344 -39.151171 -39.188856 -46.139325 -52.563994 -62.327427 -101.381291 -116.694890 -133.935986 -148.255822 -153.225924 -159.989454 -163.278595 -172.472962 -179.726543 -190.848533 -205.411182 -220.134701 -232.549162 -236.150107 -239.305815 -242.352264 -233.215306 -229.152098 -231.701220 -238.222833 -245.004268 -248.627518 -250.897552 -247.841362 -237.113868 -226.609502 -216.655417 -212.292247 -217.285325 -212.739065 -207.491654 -206.998606 -192.891414 -179.217217 -161.959019 -141.305376 -119.495529 -106.899043 -96.911549 -85.363737 -68.956083 -49.941741 -27.698902 -2.928625 25.234806 61.565336
-35.764646 -49.168678 -63.921406 -76.942843 -89.336574 -100.696562 -100.580246 -104.537337 -110.627967 -140.802484 -179.478717 -206.942477 -222.340521 -239.614360 -247.509061 -254.975751 -273.457288 -285.017214 -292.022303 -291.109624 -300.456907 -313.360538 -323.608779 -328.022797 -330.915818 -337.497541 -339.809209 -337.276546 -331.215945 -336.217698 -339.127344 -337.650202 -339.355242 -340.522217 -334.465494 -324.867199 -319.313269 -313.409127 -307.571546 -303.954479 -298.305034 -278.775456 -266.420293 -254.398137 -237.729812 -218.948544 -198.764826 -181.747894 -170.246815 -157.071050 -138.907077 -122.013685 -100.203123 -75.410752 -45.572107 -22.263521
-100.812894 -117.871993 -132.679208 -147.404988 -162.679237 -181.929544 -184.119783 -190.773928 -201.406246 -236.431099 -269.860209 -296.278429 -313.152365 -330.178745 -341.145762 -361.374798 -396.440587 -421.444483 -421.833264 -415.672512 -422.894178 -443.260615 -460.488587 -471.881507 -482.851722 -496.302836 -503.987667 -496.957946 -489.316268 -488.889104 -488.983195 -486.349687 -486.442558 -487.256109 -486.691012 -473.896816 -463.723342 -452.310634 -442.069877 -431.872501 -398.744974 -367.281655 -346.650364 -329.123068 -313.242784 -294.201830 -273.436065 -256.394028 -244.040590 -228.550720 -211.572939 -192.963824 -172.952153 -148.269214 -119.112074 -95.340400
-164.798405 -187.913839 -206.465479 -225.564001 -253.541730 -265.737936 -273.734969 -281.148673 -304.774270 -334.088826 -366.509251 -405.857145 -441.211553 -470.097911 -493.204370 -515.919829 -535.580434 -547.784555 -541.448832 -537.401614 -531.501831 -541.199036 -549.275040 -551.812101 -559.564330 -566.670259 -575.568792 -568.759755 -564.965155 -556.459333 -556.600848 -556.013237 -552.388291 -554.027281 -554.876788 -559.757580 -553.945826 -549.861264 -544.679527 -529.260129 -513.124193 -495.017811 -476.929390 -453.647372 -422.295531 -385.637542 -351.799937 -327.921937 -312.096229 -295.805741 -277.189981 -260.405639 -244.054484 -224.272765 -199.850800 -177.882486
-248.698540 -266.215420 -284.895621 -310.503886 -341.621206 -368.516877 -382.322862 -417.528794 -456.022314 -497.965509 -519.894410 -533.619082 -547.011251 -557.066744 -565.196960 -577.358932 -586.375111 -599.039414 -594.432990 -587.614131 -578.457480 -585.470430 -586.856893 -585.808594 -590.722158 -596.094457 -604.239821 -602.775465 -595.862040 -587.830203 -587.473683 -585.594018 -581.277882 -581.214257 -584.747364 -591.509936 -589.545615 -584.448318 -579.194432 -569.750321 -560.563791 -551.381967 -542.985633 -531.673742 -517.727615 -500.853516 -477.271706 -445.690337 -416.920141 -380.520270 -346.315738 -325.822941 -314.219363 -300.206931 -277.659086 -260.623916
-326.971670 -344.927400 -373.594361 -425.686424 -477.235982 -514.347846 -535.000202 -552.933786 -568.861784 -575.828736 -582.052973 -588.621864 -594.368525 -600.589163 -606.237185 -611.055124 -618.134465 -630.963614 -625.592217 -617.976544 -609.796390 -609.354970 -610.288272 -609.856611 -612.025989 -617.967027 -627.884660 -623.375549 -616.774184 -610.815585 -608.608625 -607.204839 -603.797989 -606.137154 -611.240761 -618.292727 -614.929895 -608.806319 -604.931656 -600.027879 -593.107172 -585.839096 -578.526347 -570.181774 -561.560277 -550.480063 -537.954529 -523.541048 -507.199262 -487.434746 -461.308872 -442.272766 -420.605537 -398.337112 -368.186550 -343.099352
-461.528223 -487.552677 -509.650334 -532.098073 -554.476057 -567.204846 -578.538237 -588.328331 -598.191089 -604.627967 -609.344440 -608.029589 -610.538340 -616.741286 -617.150934 -620.728925 -630.932835 -627.416176 -624.507986 -616.445915 -617.709349 -618.064534 -619.956150 -618.779365 -620.163382 -629.735457 -624.721130 -622.354819 -616.414886 -614.919040 -613.318030 -612.150048 -611.000245 -612.049080 -618.647558 -617.173770 -615.104083 -609.611843 -608.719170 -605.834970 -599.173279 -596.246449 -591.494908 -585.128869 -578.278101 -570.265956 -560.776845 -548.525525 -536.322864 -525.014019 -520.293231 -512.487379 -505.832661 -508.887745 -493.663228 -475.845047
