tests/Borden05m/data_simulated/sim_1/output-maps/psiliqL0003N0002.asc
ncols         160
nrows         34
xllcorner     620200.000000
yllcorner     5168000.000000
cellsize      0.500000
NODATA_value  -9999.0
[rows 0 to 24 of 34, columns 0 to 56 of 160]
-9999.0 -9999.0 -9999.0 -9999.0 -9999.0 -9999.0 -9999.0 -9999.0 -9999.0 -9999.0 -9999.0 -9999.0 -9999.0 -9999.0 -9999.0 -9999.0 -9999.0 -9999.0 -9999.0 -9999.0 -9999.0 -9999.0 -9999.0 -9999.0 -9999.0 -9999.0 -9999.0 -9999.0 -9999.0 -9999.0 -9999.0 -9999.0 -9999.0 -9999.0 -9999.0 -9999.0 -9999.0 -9999.0 -9999.0 -9999.0 -9999.0 -9999.0 -9999.0 -9999.0 -9999.0 -9999.0 -9999.0 -9999.0 -9999.0 -9999.0 -9999.0 -9999.0 -9999.0 -9999.0 -9999.0 -9999.0 -9999.0
-9999.0 -9999.0 -9999.0 -9999.0 -9999.0 -9999.0 -9999.0 -9999.0 -9999.0 -9999.0 -9999.0 -9999.0 -9999.0 -9999.0 -9999.0 -9999.0 -9999.0 -9999.0 -9999.0 -9999.0 -9999.0 -9999.0 -9999.0 -9999.0 -9999.0 -9999.0 -9999.0 -9999.0 -9999.0 -9999.0 -9999.0 -9999.0 -9999.0 -9999.0 -9999.0 -9999.0 -9999.0 -9999.0 -9999.0 -9999.0 -9999.0 -9999.0 -9999.0 -9999.0 -9999.0 -9999.0 -9999.0 -9999.0 -9999.0 -9999.0 -9999.0 -9999.0 -9999.0 -9999.0 -9999.0 -9999.0 -9999.0
-9999.0 -9999.0 -9999.0 -9999.0 -9999.0 -9999.0 -9999.0 -9999.0 -9999.0 -9999.0 -9999.0 -9999.0 -9999.0 -9999.0 -9999.0 -9999.0 -9999.0 -9999.0 -9999.0 -9999.0 -9999.0 -9999.0 -9999.0 -9999.0 -9999.0 -9999.0 -9999.0 -9999.0 -9999.0 -9999.0 -9999.0 -9999.0 -9999.0 -9999.0 -9999.0 -9999.0 -9999.0 -9999.0 -9999.0 -9999.0 -9999.0 -9999.0 -9999.0 -9999.0 -9999.0 -9999.0 -9999.0 -823.270975 -839.326454 -858.169326 -862.543610 -840.468148 -827.355710 -814.592088 -804.579126 -795.198433 -783.843936
-9999.0 -9999.0 -9999.0 -9999.0 -9999.0 -9999.0 -9999.0 -9999.0 -9999.0 -9999.0 -9999.0 -9999.0 -9999.0 -9999.0 -9999.0 -9999.0 -9999.0 -9999.0 -9999.0 -9999.0 -9999.0 -9999.0 -9999.0 -9999.0 -9999.0 -9999.0 -9999.0 -9999.0 -9999.0 -9999.0 -9999.0 -9999.0 -9999.0 -9999.0 -9999.0 -9999.0 -9999.0 -9999.0 -9999.0 -9999.0 -810.543651 -804.136327 -799.813024 -810.053078 -816.527647 -819.419001 -832.804219 -847.160388 -861.488040 -859.314023 -858.497925 -863.832453 -846.391961 -831.022334 -822.234290 -814.189946 -801.450689
-9999.0 -9999.0 -9999.0 -9999.0 -9999.0 -9999.0 -9999.0 -9999.0 -9999.0 -9999.0 -9999.0 -9999.0 -9999.0 -9999.0 -9999.0 -9999.0 -9999.0 -9999.0 -9999.0 -9999.0 -9999.0 -9999.0 -9999.0 -9999.0 -9999.0 -9999.0 -9999.0 -9999.0 -9999.0 -9999.0 -9999.0 -9999.0 -9999.0 -9999.0 -860.431573 -845.494349 -836.365173 -827.368286 -816.785963 -816.920704 -816.787809 -810.854776 -815.895369 -817.708797 -826.055986 -840.860191 -856.438850 -866.351130 -861.252832 -864.079021 -862.907664 -854.077054 -846.204177 -840.024567 -826.898467 -809.570556 -811.179913
-9999.0 -9999.0 -9999.0 -9999.0 -9999.0 -9999.0 -9999.0 -9999.0 -9999.0 -9999.0 -9999.0 -9999.0 -9999.0 -9999.0 -9999.0 -9999.0 -9999.0 -9999.0 -9999.0 -9999.0 -9999.0 -9999.0 -9999.0 -9999.0 -9999.0 -9999.0 -9999.0 -9999.0 -843.109324 -848.717721 -853.238285 -853.438713 -855.334755 -861.627993 -861.509448 -857.332713 -846.975917 -832.656763 -827.786402 -826.760332 -824.268117 -825.960155 -832.829972 -834.268063 -828.483130 -837.718540 -843.994896 -851.102777 -864.173331 -867.001133 -858.557343 -849.217167 -839.982271 -834.318224 -828.661283 -823.606486 -817.501081
-9999.0 -9999.0 -9999.0 -9999.0 -9999.0 -9999.0 -9999.0 -9999.0 -9999.0 -9999.0 -9999.0 -9999.0 -9999.0 -9999.0 -9999.0 -9999.0 -9999.0 -9999.0 -9999.0 -9999.0 -9999.0 -9999.0 -9999.0 -856.743892 -851.393061 -848.601235 -843.625673 -845.299885 -854.728767 -861.488777 -864.673709 -867.084795 -872.086415 -871.643056 -869.662112 -863.326556 -857.012417 -841.983569 -843.861069 -844.432931 -833.348358 -834.548874 -828.749315 -822.414434 -824.444764 -824.226995 -837.953075 -848.316877 -838.488143 -833.425786 -832.035541 -831.607186 -825.058589 -816.554966 -806.404490 -792.538886 -776.914944
-9999.0 -9999.0 -9999.0 -9999.0 -9999.0 -9999.0 -9999.0 -9999.0 -9999.0 -9999.0 -9999.0 -9999.0 -9999.0 -9999.0 -9999.0 -9999.0 -9999.0 -9999.0 -9999.0 -861.171984 -862.393098 -864.914561 -863.076112 -871.436201 -874.587913 -870.726384 -864.545333 -866.813788 -871.963274 -876.543856 -875.785813 -874.700496 -874.804098 -865.953695 -857.751458 -852.617300 -849.963257 -837.057755 -830.701259 -822.699356 -808.362029 -815.149532 -822.817835 -826.947896 -827.273207 -828.919572 -821.137803 -818.120907 -815.933243 -814.378225 -811.765406 -807.506503 -803.080600 -789.683774 -776.095024 -763.419214 -751.317234
-9999.0 -9999.0 -9999.0 -9999.0 -9999.0 -9999.0 -9999.0 -9999.0 -9999.0 -9999.0 -9999.0 -9999.0 -9999.0 -9999.0 -9999.0 -9999.0 -867.071326 -867.571071 -870.677536 -875.254578 -879.607443 -879.012515 -874.151851 -880.508197 -881.896460 -879.019589 -880.754507 -875.821326 -870.843198 -865.340923 -862.334472 -866.067310 -863.436151 -861.623960 -858.925231 -852.608819 -838.275672 -824.587996 -818.027214 -808.055758 -794.730911 -799.345213 -801.878471 -801.505559 -804.136929 -798.761220 -781.165349 -780.732780 -783.719956 -765.586055 -754.920566 -755.003924 -753.411845 -740.559579 -722.519680 -701.336910 -673.295786
-9999.0 -9999.0 -9999.0 -9999.0 -9999.0 -9999.0 -9999.0 -9999.0 -9999.0 -9999.0 -9999.0 -9999.0 -9999.0 -875.053546 -875.269942 -873.056617 -880.905419 -887.560825 -891.174695 -896.030584 -886.493780 -891.096415 -891.544041 -888.810530 -880.289741 -878.440525 -875.782184 -869.433612 -868.764618 -868.811423 -868.694498 -870.237213 -861.808292 -852.946265 -845.186481 -832.917342 -821.623773 -811.082976 -797.727654 -791.330159 -782.441795 -782.254209 -787.451424 -788.098691 -781.740755 -765.331296 -751.222201 -743.544592 -723.570405 -704.036241 -694.407840 -683.797052 -678.388670 -671.294944 -656.747670 -624.125127 -591.690781
-9999.0 -9999.0 -9999.0 -9999.0 -9999.0 -9999.0 -9999.0 -9999.0 -9999.0 -9999.0 -894.222471 -888.982552 -896.826178 -910.398618 -915.714641 -910.865793 -905.650077 -909.483910 -907.425235 -890.528476 -880.453561 -891.846024 -880.773680 -878.696639 -882.208707 -878.586359 -872.449312 -868.762309 -857.449716 -853.809581 -850.029522 -833.686279 -826.299297 -818.662436 -809.542872 -799.422001 -788.766475 -765.681284 -746.088901 -740.745246 -719.397374 -706.591784 -714.235086 -716.881985 -713.057413 -698.859990 -678.404660 -653.962214 -635.743324 -612.078457 -593.050074 -581.469681 -573.312307 -563.215438 -551.615437 -524.446296 -487.529406
-9999.0 -9999.0 -9999.0 -9999.0 -9999.0 -9999.0 -9999.0 -9999.0 -917.491470 -908.621520 -902.834364 -909.624007 -918.862662 -934.837865 -927.058102 -919.033117 -912.819679 -904.634917 -899.429134 -894.220255 -894.306481 -886.556329 -874.780664 -874.205445 -870.573274 -862.178806 -858.546827 -849.586338 -837.626972 -835.447561 -825.858501 -813.590474 -802.555909 -792.620787 -781.958928 -772.598412 -750.006887 -722.997048 -697.271522 -677.446547 -654.269556 -630.619554 -633.423135 -631.834340 -630.574853 -606.164766 -578.295431 -550.069986 -522.444681 -493.151489 -461.235751 -443.401293 -431.396306 -416.261895 -397.027658 -378.051584 -335.445310
-9999.0 -9999.0 -9999.0 -9999.0 -9999.0 -9999.0 -933.107842 -911.860870 -901.465420 -922.575857 -939.278156 -945.073746 -954.950567 -931.974072 -911.428360 -905.770530 -900.772946 -895.118789 -893.895801 -901.009716 -870.639016 -873.071517 -873.399367 -861.702402 -858.273482 -853.664755 -844.724623 -829.397338 -818.036283 -792.472487 -771.817011 -753.943029 -734.709471 -722.036838 -710.032238 -697.068140 -670.868572 -639.465605 -608.473609 -582.709819 -558.752592 -531.955876 -523.421263 -519.037476 -511.653232 -496.093861 -466.143313 -430.002382 -379.957162 -309.864764 -184.546661 -126.707746 -107.155438 -96.200718 -85.506103 -73.453288 -54.160135
-9999.0 -9999.0 -9999.0 -9999.0 -926.601509 -920.269659 -921.379701 -901.911658 -888.588674 -913.022181 -903.499403 -907.613102 -915.533600 -924.628160 -934.750891 -923.442260 -915.573590 -909.050527 -906.071329 -875.185691 -848.098179 -854.187487 -838.084938 -814.068552 -812.640523 -806.274599 -800.295181 -786.390201 -765.413740 -740.714366 -699.973372 -667.027673 -647.930728 -630.067606 -614.682872 -595.943000 -569.325468 -536.798406 -503.239447 -468.747769 -433.720217 -402.094072 -379.838911 -368.065792 -349.261989 -316.527378 -222.576384 -127.385055 -80.635245 -38.429093 5.991017 30.887190 33.215635 34.406406 35.413421 36.760623 38.356399
-9999.0 -9999.0 -9999.0 -942.928388 -920.287501 -909.974777 -915.503726 -908.225481 -890.894876 -902.052867 -902.926638 -903.674994 -903.410455 -901.282180 -899.839532 -892.169119 -888.397098 -888.612989 -880.315606 -858.379018 -842.170138 -821.784489 -804.359558 -784.151104 -768.414399 -759.938973 -750.362705 -732.793989 -699.014594 -666.809447 -622.839879 -574.831869 -541.066603 -519.156730 -503.261509 -480.394544 -458.106149 -420.080409 -370.998143 -289.957010 -150.193675 -101.588360 -79.007648 -71.286898 -61.891408 -47.204738 -14.361115 18.669408 33.447221 37.672553 42.020273 45.200865 46.525486 47.024348 48.602146 50.069284 51.281212
-9999.0 -9999.0 -943.238481 -929.246038 -933.782303 -915.144808 -894.922539 -899.687471 -877.631044 -868.264771 -880.883741 -868.556644 -860.496260 -866.149202 -856.339661 -846.099056 -840.266360 -848.306180 -850.688772 -825.874090 -783.401321 -748.722460 -728.257942 -676.415496 -651.095829 -635.569795 -629.424641 -610.257215 -585.179378 -544.287592 -497.137572 -444.776151 -395.310968 -348.802709 -321.584569 -267.405385 -157.335038 -115.645137 -79.098395 -39.533637 8.003523 32.585156 35.910718 36.715120 37.108343 39.327287 42.820489 46.241788 48.908953 51.108680 61.568692 61.623003 61.442729 61.147284 60.903261 60.523702 60.412424
-9999.0 -9999.0 -958.366855 -936.141662 -945.265693 -910.146540 -877.222269 -892.658428 -877.231316 -847.309718 -847.320661 -838.591290 -833.864034 -825.484348 -810.614180 -789.710809 -795.330313 -796.960615 -809.612748 -759.937369 -715.219447 -660.678822 -591.150579 -540.834897 -506.969263 -505.043241 -503.559080 -486.704971 -458.710498 -403.417525 -301.366367 -152.619244 -93.771826 -63.175486 -44.323924 -18.052587 16.971457 33.233050 35.899992 41.331621 44.534715 47.370340 49.989006 56.804034 62.122966 62.031594 61.355083 61.278818 61.097045 60.865206 60.423231 57.207625 56.257305 56.626268 57.458589 53.185059 50.379741
-9999.0 -968.685720 -955.688308 -951.368885 -926.716353 -924.753931 -892.018100 -851.485757 -841.179053 -822.509567 -813.275598 -814.474249 -761.926450 -720.481888 -704.921164 -678.080476 -687.451791 -694.172181 -709.569093 -675.713452 -628.655408 -540.124099 -407.572889 -329.762375 -263.544484 -250.555530 -252.962494 -172.184167 -131.010564 -91.616379 -29.168050 20.188070 38.152174 43.044215 44.569578 45.312165 48.201574 51.142234 64.284948 66.225829 66.173282 66.094736 60.823093 60.607288 60.637302 60.727664 57.954943 52.569152 49.940790 49.372818 49.044415 48.345221 48.912584 49.553817 50.090133 49.141239 48.560214
-9999.0 -1001.930007 -958.520374 -931.901282 -934.578939 -938.846693 -875.389547 -795.335964 -800.568736 -793.085604 -781.890178 -740.778371 -659.539735 -601.800607 -570.612499 -532.883185 -538.875371 -555.134777 -556.088326 -519.505300 -460.881148 -358.554083 -129.633166 -33.492762 -15.175622 1.477620 13.068596 34.459571 39.611580 43.292728 46.538445 54.458246 56.411790 56.175506 56.146276 56.316283 56.396015 56.330195 53.030965 50.206664 49.345344 49.417156 50.274379 50.206936 49.752124 49.637288 49.155059 48.386640 48.128780 47.978085 48.007058 47.807234 47.675710 48.019845 47.593195 47.304351 46.759647
-9999.0 -971.104658 -923.603312 -931.428431 -960.260466 -898.075579 -860.550220 -793.795390 -744.344314 -735.521989 -693.636704 -607.909485 -518.461339 -427.807271 -366.131496 -323.268885 -289.482194 -292.229285 -204.393349 -134.255146 -79.899888 -14.815880 35.187168 46.206300 50.705517 51.375253 51.437556 52.568713 52.831496 52.570880 52.078582 49.508432 50.000014 50.409501 49.760807 49.430826 48.959273 47.950531 47.523802 47.490706 47.305763 47.467195 47.978828 48.102629 47.936011 47.742392 47.627492 47.443924 47.246966 46.836720 46.833179 46.593707 46.486754 45.915578 45.410738 45.117933 44.159923
-9999.0 -1032.051770 -960.288282 -1012.039067 -928.744441 -858.738017 -844.690362 -749.432969 -661.241592 -636.600208 -546.616072 -448.720250 -319.040957 -143.694567 -72.865547 -25.875603 3.348408 25.295239 37.626378 40.230369 46.887081 59.990012 60.987045 60.241330 51.983226 52.308246 48.839862 46.377122 45.519527 44.716777 45.109734 46.239150 46.935473 47.917778 47.485097 47.728654 47.857966 47.682974 47.732503 46.876857 46.030896 45.416220 45.298814 46.538273 45.766962 45.620655 45.335555 44.921956 44.430807 43.970055 43.373068 42.569582 41.867244 40.198652 39.613602 38.545426 34.198252
-9999.0 -1080.628808 -1025.474514 -984.809463 -912.836501 -859.734326 -805.059185 -709.449375 -573.517300 -501.513470 -421.531499 -360.531811 -161.504744 -29.704515 34.916955 41.322045 47.733175 49.096917 49.909013 46.580122 41.602367 40.529367 42.414123 45.179315 45.845066 46.409109 45.310368 44.483779 44.326112 44.824776 44.847660 44.928136 44.899152 44.638905 44.146779 44.303053 45.156837 44.587343 43.885474 42.754671 41.143298 39.483763 38.507530 38.059428 37.883764 38.173776 37.387802 36.309028 35.267805 34.549927 33.541982 31.921749 20.552253 -2.393669 -23.009377 -42.588778 -75.909261
-9999.0 -1191.912221 -1011.011840 -988.347854 -942.246049 -920.078324 -890.038952 -798.786719 -692.623207 -513.946256 -325.271195 -275.855287 -160.191829 -67.893757 20.225964 39.856891 41.179836 36.618835 33.315531 31.527458 32.187189 33.401163 34.810158 37.196081 39.154095 40.530095 40.996340 40.061620 38.128679 37.070010 36.564631 35.401778 34.572710 34.707350 34.424864 35.267165 35.853580 34.469249 32.137967 12.597402 -22.387721 -45.502723 -53.528717 -54.005257 -54.665052 -58.147766 -65.155846 -74.458992 -85.364278 -95.442458 -105.144176 -121.400202 -170.484553 -248.077101 -296.989520 -332.367687 -383.630264
-9999.0 -9999.0 -1090.917201 -990.281828 -974.614096 -953.579165 -928.295273 -852.787370 -774.109206 -623.520777 -528.343636 -449.898018 -397.101690 -310.617400 -143.283776 -82.217064 -70.019363 -56.834636 -77.737799 -77.883162 -76.193437 -74.460310 -67.527692 -56.861067 -42.441410 -28.618811 -18.566883 -23.988109 -38.265985 -57.620563 -76.823194 -89.315200 -96.232753 -101.088129 -93.735706 -84.271087 -86.120663 -92.517786 -108.904686 -153.908998 -265.004613 -319.658830 -331.796088 -330.593060 -330.942709 -338.067589 -350.435353 -373.715056 -394.996808 -414.473036 -423.652065 -431.696029 -439.212716 -451.562922 -463.596592 -477.163641 -501.839494
-9999.0 -9999.0 -1214.444181 -1042.712244 -975.479923 -930.175597 -929.461239 -910.421455 -818.289138 -766.423296 -709.995546 -649.292899 -596.834321 -549.867073 -500.586669 -438.947755 -414.205832 -406.403130 -413.919079 -412.463662 -397.033130 -379.660812 -363.811193 -341.074244 -309.961354 -272.882922 -239.594435 -277.873584 -316.576111 -354.995756 -389.176232 -418.869018 -433.686859 -441.703840 -434.340205 -422.373521 -427.219490 -440.227434 -458.707997 -480.005311 -495.561941 -509.874251 -513.859411 -514.762927 -514.414684 -516.722867 -519.970500 -530.366330 -543.093472 -551.543559 -558.225015 -564.259594 -566.622528 -573.850471 -582.922867 -587.857980 -604.892985
