tests/Borden05m/data_simulated/sim_1/output-maps/psiliqL0018N0014.asc
ncols         160
nrows         34
xllcorner     620200.000000
yllcorner     5168000.000000
cellsize      0.500000
NODATA_value  -9999.0
[rows 0 to 24 of 34, columns 0 to 54 of 160]
-9999.0 -9999.0 -9999.0 -9999.0 -9999.0 -9999.0 -9999.0 -9999.0 -9999.0 -9999.0 -9999.0 -9999.0 -9999.0 -9999.0 -9999.0 -9999.0 -9999.0 -9999.0 -9999.0 -9999.0 -9999.0 -9999.0 -9999.0 -9999.0 -9999.0 -9999.0 -9999.0 -9999.0 -9999.0 -9999.0 -9999.0 -9999.0 -9999.0 -9999.0 -9999.0 -9999.0 -9999.0 -9999.0 -9999.0 -9999.0 -9999.0 -9999.0 -9999.0 -9999.0 -9999.0 -9999.0 -9999.0 -9999.0 -9999.0 -9999.0 -9999.0 -9999.0 -9999.0 -9999.0 -9999.0
-9999.0 -9999.0 -9999.0 -9999.0 -9999.0 -9999.0 -9999.0 -9999.0 -9999.0 -9999.0 -9999.0 -9999.0 -9999.0 -9999.0 -9999.0 -9999.0 -9999.0 -9999.0 -9999.0 -9999.0 -9999.0 -9999.0 -9999.0 -9999.0 -9999.0 -9999.0 -9999.0 -9999.0 -9999.0 -9999.0 -9999.0 -9999.0 -9999.0 -9999.0 -9999.0 -9999.0 -9999.0 -9999.0 -9999.0 -9999.0 -9999.0 -9999.0 -9999.0 -9999.0 -9999.0 -9999.0 -9999.0 -9999.0 -9999.0 -9999.0 -9999.0 -9999.0 -9999.0 -9999.0 -9999.0
-9999.0 -9999.0 -9999.0 -9999.0 -9999.0 -9999.0 -9999.0 -9999.0 -9999.0 -9999.0 -9999.0 -9999.0 -9999.0 -9999.0 -9999.0 -9999.0 -9999.0 -9999.0 -9999.0 -9999.0 -9999.0 -9999.0 -9999.0 -9999.0 -9999.0 -9999.0 -9999.0 -9999.0 -9999.0 -9999.0 -9999.0 -9999.0 -9999.0 -9999.0 -9999.0 -9999.0 -9999.0 -9999.0 -9999.0 -9999.0 -9999.0 -9999.0 -9999.0 -9999.0 -9999.0 -9999.0 -9999.0 1702.132711 1685.076098 1670.590053 1667.703939 1690.012223 1713.669364 1737.873690 1758.829322
-9999.0 -9999.0 -9999.0 -9999.0 -9999.0 -9999.0 -9999.0 -9999.0 -9999.0 -9999.0 -9999.0 -9999.0 -9999.0 -9999.0 -9999.0 -9999.0 -9999.0 -9999.0 -9999.0 -9999.0 -9999.0 -9999.0 -9999.0 -9999.0 -9999.0 -9999.0 -9999.0 -9999.0 -9999.0 -9999.0 -9999.0 -9999.0 -9999.0 -9999.0 -9999.0 -9999.0 -9999.0 -9999.0 -9999.0 -9999.0 1749.732207 1755.810769 1756.714524 1746.809651 1735.904090 1723.440368 1703.465944 1686.048694 1672.159326 1670.231297 1673.208564 1677.750712 1699.982131 1725.364681 1745.558371
-9999.0 -9999.0 -9999.0 -9999.0 -9999.0 -9999.0 -9999.0 -9999.0 -9999.0 -9999.0 -9999.0 -9999.0 -9999.0 -9999.0 -9999.0 -9999.0 -9999.0 -9999.0 -9999.0 -9999.0 -9999.0 -9999.0 -9999.0 -9999.0 -9999.0 -9999.0 -9999.0 -9999.0 -9999.0 -9999.0 -9999.0 -9999.0 -9999.0 -9999.0 1656.284916 1673.721044 1692.046306 1710.859894 1728.027815 1735.192579 1741.142226 1746.966396 1742.970308 1738.784125 1727.691571 1708.203393 1689.139558 1676.066894 1674.780811 1672.765426 1677.221376 1690.014021 1707.195959 1723.381868 1744.610532
-9999.0 -9999.0 -9999.0 -9999.0 -9999.0 -9999.0 -9999.0 -9999.0 -9999.0 -9999.0 -9999.0 -9999.0 -9999.0 -9999.0 -9999.0 -9999.0 -9999.0 -9999.0 -9999.0 -9999.0 -9999.0 -9999.0 -9999.0 -9999.0 -9999.0 -9999.0 -9999.0 -9999.0 1659.356646 1653.700966 1649.142915 1648.073420 1647.171272 1646.526272 1653.548968 1665.553699 1683.563479 1705.803102 1719.301796 1726.925971 1734.010702 1734.970816 1730.014124 1728.561834 1729.399299 1717.691435 1706.219032 1695.509520 1685.155635 1683.471198 1693.263756 1707.931836 1724.652414 1739.906908 1755.758093
-9999.0 -9999.0 -9999.0 -9999.0 -9999.0 -9999.0 -9999.0 -9999.0 -9999.0 -9999.0 -9999.0 -9999.0 -9999.0 -9999.0 -9999.0 -9999.0 -9999.0 -9999.0 -9999.0 -9999.0 -9999.0 -9999.0 -9999.0 1628.069434 1633.769174 1640.665594 1648.630694 1649.984789 1646.542965 1641.428091 1639.000316 1638.036832 1636.616597 1641.594994 1649.682152 1663.440206 1679.487581 1701.977661 1710.903301 1716.757018 1729.095925 1732.661174 1739.649573 1744.135621 1742.832433 1739.972915 1727.018619 1717.322182 1721.733442 1727.368799 1734.672364 1743.285764 1757.218749 1772.464592 1789.510277
-9999.0 -9999.0 -9999.0 -9999.0 -9999.0 -9999.0 -9999.0 -9999.0 -9999.0 -9999.0 -9999.0 -9999.0 -9999.0 -9999.0 -9999.0 -9999.0 -9999.0 -9999.0 -9999.0 1602.204260 1603.417069 1605.075131 1610.207806 1611.189710 1613.575887 1620.923567 1629.499461 1632.550439 1631.129471 1630.379691 1632.373097 1635.592236 1640.568808 1652.083759 1666.241313 1680.818661 1694.782696 1716.069998 1731.172314 1744.763147 1760.959257 1761.195234 1757.840107 1756.577658 1757.353292 1757.376506 1759.887573 1761.736320 1768.402182 1772.121680 1777.923986 1787.681117 1799.860976 1817.963780 1837.427568
-9999.0 -9999.0 -9999.0 -9999.0 -9999.0 -9999.0 -9999.0 -9999.0 -9999.0 -9999.0 -9999.0 -9999.0 -9999.0 -9999.0 -9999.0 -9999.0 1572.673206 1574.739139 1577.346423 1583.112179 1586.661917 1591.067390 1598.476440 1600.277587 1604.411692 1612.042564 1617.309925 1626.827659 1635.536066 1643.314273 1649.789948 1652.933792 1660.592266 1670.592088 1682.805433 1698.055515 1719.511245 1743.227672 1759.762034 1777.022487 1794.645429 1795.756359 1794.974933 1796.313711 1796.605304 1801.690854 1818.492100 1823.780371 1823.182460 1837.707411 1851.368684 1856.192167 1864.182906 1883.965184 1907.523811
-9999.0 -9999.0 -9999.0 -9999.0 -9999.0 -9999.0 -9999.0 -9999.0 -9999.0 -9999.0 -9999.0 -9999.0 -9999.0 1524.474000 1528.810324 1538.948060 1549.320722 1552.411063 1557.353702 1564.082694 1576.737616 1580.880632 1587.561534 1595.560227 1608.276578 1617.486035 1627.107514 1639.481640 1648.323673 1656.023953 1663.402723 1668.684402 1681.897287 1697.263722 1713.088160 1733.458479 1755.935539 1776.284342 1796.512606 1813.045958 1826.610046 1827.603438 1827.219951 1830.031991 1837.224836 1853.494999 1871.987258 1878.614252 1894.369194 1916.940835 1929.775618 1940.507721 1948.872772 1962.897146 1984.558182
-9999.0 -9999.0 -9999.0 -9999.0 -9999.0 -9999.0 -9999.0 -9999.0 -9999.0 -9999.0 1492.514614 1494.804259 1491.640695 1490.976108 1496.684360 1509.295369 1523.735253 1530.452503 1542.685749 1564.292970 1582.942934 1586.917259 1601.717328 1612.602691 1620.018958 1630.952740 1644.617275 1657.783602 1674.723697 1687.536417 1698.832029 1717.922951 1734.762520 1751.781565 1769.981134 1790.882781 1810.114190 1837.644718 1864.615366 1876.773611 1897.910805 1906.888770 1904.294756 1904.412494 1914.017106 1929.017360 1948.670689 1970.032967 1991.130386 2015.806917 2031.434766 2045.818169 2056.575967 2068.857527 2085.026669
-9999.0 -9999.0 -9999.0 -9999.0 -9999.0 -9999.0 -9999.0 -9999.0 1467.342261 1475.154163 1481.374571 1478.646485 1474.555475 1470.453959 1484.932003 1501.123085 1517.623277 1536.016310 1552.471052 1571.316532 1586.841684 1603.314812 1623.978960 1636.146234 1648.231626 1664.204271 1678.414849 1695.555675 1717.292601 1729.261042 1744.993518 1766.480023 1784.917574 1803.316522 1822.616906 1841.018647 1866.300783 1899.420716 1931.032013 1952.328038 1980.148342 2001.890299 2000.355264 2002.234294 2006.312575 2031.616727 2060.345759 2090.807749 2114.698833 2141.296331 2170.757462 2189.481364 2200.312346 2213.065445 2228.462499
-9999.0 -9999.0 -9999.0 -9999.0 -9999.0 -9999.0 1439.215893 1463.715880 1479.110644 1471.324814 1460.487889 1456.787569 1452.542132 1478.717098 1501.330277 1519.182117 1536.648551 1554.916680 1572.085794 1584.472826 1617.769868 1636.919718 1651.428059 1668.959750 1684.441999 1699.927391 1717.922982 1741.542704 1762.923225 1791.103896 1814.847926 1837.389326 1863.708408 1883.553201 1902.636415 1920.311109 1951.137382 1988.190032 2024.711611 2052.747824 2079.668262 2111.288066 2116.986947 2122.239244 2128.325075 2150.548551 2183.099923 2213.553342 2247.156502 2279.233661 2306.947886 2319.343339 2330.032300 2341.555019 2355.302058
-9999.0 -9999.0 -9999.0 -9999.0 1405.646326 1426.694431 1446.573305 1477.356013 1500.094777 1495.524246 1501.965477 1501.965258 1499.898811 1504.678259 1512.672859 1531.179691 1550.668506 1570.531155 1588.175741 1621.703577 1667.563637 1682.803286 1706.040409 1738.317153 1752.334721 1768.350880 1785.472298 1808.763157 1834.014343 1866.512601 1908.124535 1943.608450 1968.821145 1991.402446 2012.740780 2033.914982 2068.793312 2106.852099 2143.885670 2177.775111 2207.277454 2233.763653 2245.325146 2253.007987 2264.877496 2281.923697 2304.116021 2332.178341 2364.561083 2396.987374 2421.908032 2434.657303 2442.325071 2453.156313 2463.220562
-9999.0 -9999.0 -9999.0 1354.657429 1393.606908 1432.184939 1459.083890 1490.145009 1522.756609 1526.510008 1535.942759 1539.975670 1543.721619 1552.023823 1559.731339 1577.407236 1594.978839 1612.948903 1635.842685 1672.696990 1707.084801 1734.487148 1766.379476 1791.201300 1810.883306 1827.110579 1846.778222 1870.676462 1910.342736 1946.314296 1995.783567 2048.582131 2084.514461 2108.230633 2131.208525 2159.130736 2184.716514 2222.178628 2257.378312 2290.799857 2322.990285 2347.711743 2365.806726 2373.216385 2383.331855 2391.635552 2407.233081 2428.913993 2451.284760 2480.953014 2509.939442 2536.859553 2551.797564 2562.541954 2579.167668
-9999.0 -9999.0 1306.986304 1345.417689 1378.881076 1428.326077 1481.640915 1516.669525 1557.613015 1580.581943 1586.955872 1602.797667 1617.938351 1624.106713 1638.456337 1655.142718 1674.993541 1683.461545 1702.469782 1729.866499 1777.091628 1820.319029 1835.440777 1883.926292 1917.518066 1947.785037 1967.744047 1995.459136 2032.357003 2072.289459 2120.066338 2170.250275 2207.892935 2238.664156 2255.711263 2275.988953 2298.573649 2324.195045 2359.547347 2388.081974 2420.679983 2447.160965 2468.858759 2474.568535 2479.452560 2495.703039 2521.508589 2549.641805 2575.713491 2601.061589 2599.742932 2615.347610 2622.814570 2627.330093 2633.721914
-9999.0 -9999.0 1279.212173 1324.731376 1363.547270 1427.820390 1509.917935 1546.746922 1589.417147 1635.828894 1653.793139 1678.059957 1685.568376 1690.037514 1712.571207 1733.524577 1749.189737 1757.413737 1756.907856 1812.647168 1870.452840 1914.665759 1951.282566 2021.984021 2070.563827 2090.918540 2106.263960 2128.037029 2152.148408 2194.326021 2239.694209 2293.103325 2336.676719 2367.786482 2384.134670 2403.466157 2424.002909 2441.603259 2461.402679 2503.299901 2534.255293 2562.185156 2590.953160 2611.905449 2620.592677 2624.932679 2610.681917 2623.684099 2632.663798 2636.937770 2638.893839 2636.016498 2635.888215 2637.024568 2638.296832
-9999.0 1188.886071 1241.235288 1293.792267 1361.612165 1427.501612 1508.717022 1587.752997 1648.021635 1697.392849 1726.169611 1733.708661 1760.440118 1798.477505 1823.227602 1847.858078 1852.846183 1860.862392 1850.159117 1901.302848 1948.634190 2016.880764 2124.163414 2182.436211 2233.847143 2236.237520 2231.436784 2243.229417 2265.686622 2310.426310 2381.300881 2431.554969 2488.672996 2532.484217 2548.988607 2556.706199 2575.063548 2595.604201 2572.614269 2601.684093 2615.864453 2627.748212 2633.138689 2635.800176 2637.601412 2638.261110 2635.464978 2629.399229 2621.900988 2616.536034 2612.622524 2608.214225 2610.658325 2613.890467 2614.367143
-9999.0 1152.554063 1211.493907 1282.253842 1352.520339 1414.723302 1512.575628 1662.794522 1719.700525 1757.981635 1776.658585 1786.402214 1858.597829 1923.088632 1955.086645 2000.448694 1993.753758 1983.932926 1965.940191 1998.286435 2046.138678 2120.455515 2271.352600 2358.423120 2395.540269 2408.182739 2415.650435 2444.180877 2484.025321 2524.992476 2562.601489 2554.688217 2588.638598 2606.370947 2611.910524 2614.440461 2619.638230 2620.435702 2619.790139 2617.144887 2613.618237 2614.937827 2620.047981 2620.622298 2618.376817 2615.602911 2610.202707 2602.713714 2597.129708 2592.247139 2589.202004 2585.893734 2583.805892 2583.182129 2578.249893
-9999.0 1119.714532 1192.098531 1254.290309 1314.062203 1422.099924 1549.771960 1688.234692 1782.703363 1820.131151 1831.033721 1890.730659 1991.706786 2090.421201 2142.649675 2167.897784 2165.282056 2138.900212 2137.910302 2184.134863 2252.215682 2353.543093 2460.236495 2546.043716 2563.012879 2569.605947 2544.065125 2563.244496 2580.993315 2585.806888 2589.268061 2595.970532 2603.014729 2607.620184 2607.904695 2606.496646 2603.042186 2596.155604 2592.198500 2589.647870 2586.874715 2586.844779 2589.730707 2591.410315 2588.948756 2585.073653 2580.334647 2574.224647 2567.352661 2560.078065 2555.391177 2550.678204 2547.885915 2542.167442 2537.352863
-9999.0 1013.107836 1103.945848 1154.876611 1257.965432 1436.798852 1564.734518 1712.406229 1864.363426 1898.768042 1965.632989 2090.749048 2199.545918 2275.260782 2312.909712 2353.119876 2382.328701 2405.688778 2443.317881 2382.237277 2447.849604 2519.596246 2553.570977 2571.368408 2579.147312 2583.397568 2577.895007 2560.952502 2552.945904 2548.526618 2552.208251 2561.208938 2567.919727 2574.428973 2573.371179 2574.913605 2575.900910 2572.964800 2569.434105 2561.473771 2554.192299 2548.456343 2546.364317 2551.414089 2546.515951 2543.354846 2536.909946 2528.134870 2518.216782 2509.949649 2501.506897 2494.141512 2490.764740 2484.569875 2482.217932
-9999.0 932.269797 1007.943748 1088.666858 1218.993343 1383.543471 1503.747002 1668.746088 1886.588266 2008.842895 2144.428669 2222.014271 2294.464430 2349.935326 2408.779876 2457.926038 2485.014306 2498.018742 2484.862225 2502.292119 2471.187503 2467.008683 2488.588332 2519.255015 2536.864438 2543.770303 2538.168838 2530.334379 2525.137362 2525.749150 2525.635124 2524.536764 2523.061234 2521.261216 2518.776478 2521.447216 2526.421671 2520.054794 2510.526740 2501.942777 2494.253355 2485.712736 2480.037132 2476.074680 2475.166441 2474.715797 2466.796802 2456.009577 2445.058277 2436.329545 2428.180325 2422.213764 2418.782013 2412.878302 2403.336619
-9999.0 827.362000 952.166239 1041.150999 1155.160025 1290.130134 1410.541302 1571.322141 1715.020634 1941.866607 2094.584524 2226.349972 2270.862632 2332.966254 2388.925993 2458.611958 2462.440273 2435.796658 2403.580573 2392.147877 2403.036911 2415.846514 2430.521979 2451.155757 2471.088690 2483.030189 2487.967594 2482.640820 2470.301041 2461.096582 2453.872121 2443.595766 2436.388793 2435.218143 2437.306466 2445.448901 2447.109715 2438.045365 2424.945887 2408.174921 2393.606295 2382.558459 2379.789580 2381.331616 2381.361021 2377.246858 2370.374464 2359.414719 2346.552787 2334.166704 2326.772463 2321.040943 2313.231831 2301.977943 2289.452091
-9999.0 -9999.0 873.821565 984.277854 1088.375589 1208.113319 1316.266258 1452.693445 1600.493142 1778.991688 1896.304614 2041.184073 2120.586006 2166.193181 2211.386237 2267.128938 2289.585704 2314.853559 2304.787657 2314.511413 2325.145513 2333.738121 2344.517791 2356.472497 2370.794702 2382.420395 2392.370885 2391.314697 2383.415916 2366.121684 2344.856876 2328.488360 2319.529358 2312.095850 2322.292540 2333.883645 2330.016315 2323.227005 2311.023631 2294.841619 2281.840233 2267.850178 2263.952411 2263.803685 2263.668107 2260.554377 2256.277866 2243.184252 2230.136285 2218.526538 2212.991904 2206.454150 2201.021821 2189.951529 2178.141341
-9999.0 -9999.0 788.305687 895.837921 1006.963027 1128.914897 1224.858789 1282.438880 1430.365453 1543.069025 1648.449217 1750.511402 1837.005956 1901.777383 1942.291616 2003.835640 2050.344348 2068.633489 2096.962905 2136.388764 2166.935597 2200.289339 2221.999378 2235.532451 2250.626691 2265.625429 2275.048504 2263.349244 2253.265205 2237.361797 2216.140928 2192.489491 2180.359581 2177.913823 2179.063443 2182.855051 2176.451435 2167.091600 2152.821018 2137.891607 2125.158722 2114.512586 2110.343020 2105.928188 2103.902331 2100.677067 2097.566906 2089.688069 2079.135051 2072.171306 2063.535613 2057.865639 2055.060820 2049.120256 2040.692102
