tests/Borden05m/data_simulated/sim_1/output-maps/psiliqL0019N0007.asc
ncols         160
nrows         34
xllcorner     620200.000000
yllcorner     5168000.000000
cellsize      0.500000
NODATA_value  -9999.0
[rows 0 to 24 of 34, columns 55 to 109 of 160]
-9999.0 -9999.0 -9999.0 -9999.0 -9999.0 -9999.0 -9999.0 -9999.0 -9999.0 -9999.0 -9999.0 -9999.0 -9999.0 -9999.0 -9999.0 -9999.0 -9999.0 -9999.0 -9999.0 -9999.0 -9999.0 -9999.0 -9999.0 -9999.0 -9999.0 -9999.0 -9999.0 -9999.0 -9999.0 -9999.0 -9999.0 -9999.0 -9999.0 -9999.0 -9999.0 -9999.0 -9999.0 -9999.0 -9999.0 -9999.0 -9999.0 -9999.0 -9999.0 -9999.0 -9999.0 -9999.0 -9999.0 -9999.0 -9999.0 -9999.0 -9999.0 -9999.0 -9999.0 -9999.0 -9999.0
-9999.0 -9999.0 -9999.0 -9999.0 2037.646995 2032.397009 2027.690283 2023.412250 2015.228254 2006.519074 1998.935172 1995.438015 1994.982571 1994.743759 1994.810950 2000.434565 2008.993060 2017.116164 2024.592985 2027.411524 2030.239278 2032.762574 2033.627739 2032.970135 2030.305048 2027.590177 2024.728428 2023.607468 2016.297442 2005.414061 1997.141713 1994.631875 1999.055123 2003.489980 2005.915269 2011.296173 2021.587047 2031.871937 2039.824871 2051.341248 2057.003703 2061.497152 2063.545369 2058.762445 2054.657982 2050.196380 2044.200449 2032.903512 -9999.0 -9999.0 -9999.0 -9999.0 -9999.0 -9999.0 -9999.0
1983.188214 2002.353052 2023.136592 2026.478978 2014.752779 2009.903983 2007.017871 2005.586308 2001.512747 1993.480199 1988.859337 1984.003342 1982.359139 1982.975889 1983.541021 1988.022360 1999.016057 2007.429883 2012.590699 2015.634428 2018.812010 2018.411167 2018.282286 2018.548609 2016.219218 2013.325762 2010.477926 2009.158566 2010.514705 2003.314460 1997.905809 1994.483912 1992.339527 1994.978713 1997.459298 2001.250549 2010.317736 2017.957765 2025.491067 2039.517313 2051.567264 2056.256158 2052.937224 2047.326551 2042.749401 2035.064865 2024.211071 2013.737421 2004.896070 1997.849342 1991.652866 1984.728880 1989.962660 1996.179084 2004.858853
1968.584320 1988.356106 2009.098517 2012.162601 2001.871239 1994.184626 1988.761427 1989.619961 1993.179775 1990.404337 1986.318155 1980.664843 1990.469679 1992.232838 1993.782908 1997.632598 2000.767141 2005.369598 2008.484623 2014.323486 2023.779908 2027.045799 2028.087039 2028.773527 2027.482302 2024.914277 2023.635133 2021.427718 2016.703901 2015.712577 2016.037052 2015.535769 2020.213552 2021.740479 2023.963437 2017.685008 2021.368074 2027.201732 2033.591022 2039.049114 2044.752921 2047.235618 2043.062400 2041.921354 2032.603891 2018.000685 2006.710566 1998.038198 1996.521523 1992.651208 1983.835371 1969.640590 1976.224300 1990.945539 1994.582216
1976.303490 1986.063388 1997.871967 2001.175285 1996.655231 1998.908800 2001.153601 2003.125956 2002.081116 1999.534599 1997.160735 2009.390845 2018.955949 2021.234734 2024.584713 2029.009451 2029.721947 2018.915740 2017.244065 2025.581692 2036.119045 2042.178079 2043.013230 2043.488112 2041.401058 2041.052443 2041.466363 2040.130446 2040.890026 2043.401791 2042.639692 2046.753038 2052.489557 2055.679963 2048.951555 2039.968435 2041.171100 2048.879164 2057.050254 2063.871453 2073.484635 2083.595808 2082.110650 2075.874445 2065.935315 2051.719241 2027.589831 2007.931860 1995.937570 1987.264255 1978.856340 1979.002086 1973.936376 1985.119934 1985.623708
1973.120331 1992.675961 2014.094978 2021.771722 2016.529542 2012.792140 2011.462573 2012.908395 2013.340971 2015.993113 2027.545791 2041.226371 2055.100675 2058.311150 2061.230278 2061.034105 2053.252757 2043.606902 2040.973522 2055.668234 2072.843587 2081.639690 2082.531993 2080.999765 2087.025010 2087.252070 2087.448108 2084.116937 2086.294468 2086.599103 2094.904328 2102.868680 2110.527374 2108.975560 2096.689029 2084.632615 2083.444670 2086.994408 2091.380306 2097.450206 2106.681488 2114.999035 2108.813776 2101.272216 2091.108700 2062.468199 2035.895047 2018.815709 2017.605141 2016.567391 2010.422021 2006.301318 2002.640748 1995.514860 1993.907442
2020.228724 2041.623783 2062.815942 2078.257070 2073.236573 2066.346300 2057.871181 2059.170537 2061.917361 2069.922412 2082.677489 2098.921444 2122.779040 2124.944271 2127.625486 2129.177204 2117.957294 2105.986159 2096.102773 2116.525143 2127.868105 2136.601412 2137.275772 2145.966380 2156.347510 2153.387009 2147.299798 2137.293411 2144.185336 2154.300923 2169.939421 2177.592935 2182.248469 2179.501929 2167.040454 2160.616071 2160.138761 2163.711050 2162.201118 2167.656791 2176.096049 2189.761204 2187.440338 2179.496053 2156.615972 2118.093845 2084.325344 2065.642771 2072.122615 2063.997869 2055.471711 2051.576863 2037.185471 2026.224800 2025.635699
2070.585436 2087.839832 2106.423348 2124.929398 2119.338731 2109.977575 2096.281376 2095.608994 2102.634721 2113.822239 2133.211487 2154.859845 2177.843882 2182.675767 2182.232585 2192.519359 2186.720173 2177.521062 2170.398423 2186.881108 2198.844751 2210.728027 2219.710492 2233.567873 2245.863112 2234.523837 2221.611379 2215.341466 2222.407731 2245.533738 2265.662416 2271.018601 2271.445424 2272.581543 2260.618311 2254.613129 2249.158875 2245.942572 2240.794808 2236.704319 2256.803611 2274.052148 2271.417920 2247.257072 2222.079029 2182.675704 2143.178808 2112.660789 2116.236293 2111.227192 2110.133461 2095.391538 2079.627256 2065.303902 2056.725897
2145.973680 2173.104138 2193.151679 2215.669535 2213.192881 2194.809542 2184.373200 2189.159829 2203.196306 2211.832472 2229.665957 2251.608350 2281.432146 2299.435112 2315.837244 2321.112455 2313.817106 2305.715673 2293.895583 2296.024543 2317.174822 2330.605079 2341.642616 2352.728136 2366.670126 2371.351027 2368.280378 2368.541483 2373.421520 2384.216240 2396.266605 2403.416412 2407.878943 2411.734065 2403.590447 2392.093582 2387.714257 2380.064731 2375.070916 2372.315229 2377.597646 2391.381978 2387.090445 2354.478815 2325.463520 2289.665091 2250.174612 2217.837142 2203.462167 2213.139485 2204.012894 2184.600807 2167.036541 2134.046359 2120.422200
2240.263619 2276.197963 2303.810268 2318.325609 2330.328155 2322.203354 2323.162610 2328.174693 2336.911828 2342.140288 2350.453707 2383.745762 2418.609306 2446.620598 2470.900132 2479.683994 2469.151602 2460.100719 2448.276974 2440.086341 2448.426769 2465.418639 2483.863600 2500.542835 2513.198745 2517.507517 2517.392154 2518.902973 2522.685050 2526.493360 2530.765771 2538.500749 2546.482164 2557.169778 2566.969568 2558.617966 2540.338772 2528.886572 2516.689402 2512.735455 2511.441274 2510.887542 2509.681525 2496.014213 2457.810834 2425.845759 2392.170542 2365.687739 2346.071474 2335.963076 2314.159007 2288.488082 2237.845796 2196.739019 2161.210878
2352.142500 2396.097085 2427.445397 2449.732689 2464.955123 2466.130049 2469.141571 2471.872946 2477.638823 2482.524628 2488.643504 2514.129268 2555.386130 2594.477054 2625.530116 2628.214138 2617.447984 2607.308953 2598.302938 2586.818956 2584.202623 2595.351975 2609.617361 2628.813579 2640.931823 2649.925762 2648.491677 2649.996181 2652.763880 2655.221930 2657.771646 2661.100883 2669.873048 2683.770778 2696.632554 2696.547837 2680.186423 2663.100282 2646.112412 2640.565552 2635.421391 2628.968750 2628.775697 2628.375259 2615.152021 2585.025186 2544.370116 2500.932338 2477.026078 2456.415409 2441.789655 2423.043978 2387.781509 2326.292219 2289.025612
2486.349947 2519.070710 2551.349288 2583.307613 2601.041298 2606.877727 2606.541083 2607.638245 2615.493935 2620.814291 2629.446148 2646.074152 2674.630205 2707.225536 2735.748444 2752.511915 2747.357055 2732.863614 2714.017564 2707.420640 2706.253402 2709.962401 2718.886580 2730.162894 2748.476529 2767.079317 2775.596194 2777.441965 2774.257399 2778.949625 2781.283188 2782.043034 2784.481933 2791.363272 2799.866699 2802.677496 2795.938518 2775.422279 2753.325577 2740.110287 2732.028207 2727.325953 2725.776366 2727.641711 2727.470298 2712.696234 2679.541349 2637.213777 2604.035270 2583.601953 2566.602569 2548.831167 2534.103916 2505.329265 2483.183927
2613.010561 2629.403919 2657.940065 2686.571090 2709.960393 2725.861266 2728.492441 2733.224641 2738.429889 2747.502003 2763.467524 2787.078492 2804.298641 2824.271813 2848.227376 2862.720277 2868.450372 2868.204716 2866.116060 2868.214575 2869.131648 2825.685299 2830.952224 2836.145332 2848.810762 2861.143964 2866.204133 2867.344853 2866.015994 2868.397661 2869.717936 2870.380261 2870.549993 2872.080921 2875.907772 2877.379222 2875.614177 2865.757342 2876.235938 2857.897181 2845.251303 2837.235402 2828.864839 2819.811825 2809.392659 2798.226320 2776.884498 2746.952832 2712.320237 2687.311374 2675.862726 2666.981252 2656.889407 2648.693035 2630.150859
2725.476015 2737.960737 2756.082835 2778.386791 2811.246022 2832.811661 2843.773964 2852.627070 2857.333938 2870.384116 2885.437568 2875.529874 2881.735975 2887.930871 2893.976797 2896.043423 2896.686335 2896.561371 2894.533246 2894.324840 2892.691939 2889.059324 2879.500747 2881.323443 2883.265747 2886.051561 2889.970111 2889.074551 2890.454482 2893.934666 2892.937819 2887.840609 2884.624778 2883.573838 2884.731240 2892.345018 2895.970193 2897.165199 2895.425455 2895.092020 2894.796809 2892.665953 2889.730592 2885.318096 2879.450986 2887.696955 2875.672040 2849.442880 2812.118296 2771.630929 2759.534231 2756.583329 2754.755855 2750.451643 2742.583728
2854.011677 2867.630488 2882.114124 2870.284260 2886.775601 2895.050935 2898.736023 2901.759413 2903.985048 2905.742770 2902.347826 2898.898185 2893.834777 2892.043039 2890.296745 2887.489769 2887.803141 2885.714841 2881.713625 2878.009709 2870.924384 2859.934826 2848.748724 2845.633497 2849.888115 2854.972400 2859.528094 2863.277193 2866.910323 2867.821330 2863.303702 2855.898696 2849.349995 2848.253023 2855.526930 2861.799626 2868.350493 2869.923796 2869.476467 2868.251080 2869.232438 2867.288637 2868.344271 2875.513667 2889.606590 2893.893504 2897.903051 2897.017902 2884.726164 2862.436744 2863.580028 2843.007765 2846.485610 2840.523546 2827.759177
2900.539267 2903.137322 2902.387747 2901.110112 2894.937069 2888.714955 2887.417023 2890.630650 2896.728327 2897.055989 2889.225257 2879.960688 2872.042859 2864.106330 2860.980982 2859.206737 2858.012068 2857.735598 2852.081394 2843.249331 2826.710836 2814.894594 2803.434818 2796.984282 2793.563114 2797.135955 2807.021642 2817.422053 2822.112116 2814.394272 2807.001236 2796.559000 2789.366428 2790.569989 2793.117561 2803.269225 2819.602609 2826.842577 2828.988339 2824.787895 2820.910940 2816.185865 2814.990046 2822.653668 2838.530953 2855.296155 2870.379655 2879.365626 2887.050011 2893.767502 2894.639991 2896.214010 2896.635413 2894.269241 2894.197206
2898.933166 2892.379569 2885.599342 2880.157903 2873.075417 2866.713230 2863.878980 2864.800231 2865.874658 2860.756190 2852.686144 2840.846657 2828.386985 2817.226078 2808.859759 2808.294878 2809.237059 2809.471499 2801.879570 2786.281984 2766.616756 2752.471189 2737.810578 2732.901830 2726.531134 2719.629212 2729.005820 2746.607087 2753.017715 2738.411205 2728.523698 2714.626295 2708.595571 2706.121865 2708.457695 2718.913140 2741.461903 2764.766889 2768.366129 2760.235165 2752.317583 2749.831596 2749.000362 2756.276175 2775.128812 2798.127672 2814.917575 2826.058520 2832.565109 2841.307686 2851.339595 2865.047347 2879.013128 2890.393380 2896.579920
2876.064762 2867.994290 2859.802068 2851.404035 2843.266192 2835.387785 2829.432023 2825.551649 2820.286188 2812.140573 2802.666002 2781.147970 2766.567456 2751.945569 2735.549565 2729.838163 2724.140036 2723.996135 2711.601205 2701.804908 2684.285276 2668.125111 2651.183369 2637.988237 2630.910333 2623.397362 2623.471268 2636.992744 2645.208733 2633.878244 2624.273913 2613.279554 2608.905031 2606.737606 2610.301454 2622.239528 2644.818049 2665.331020 2675.296479 2670.179239 2669.675103 2671.498494 2672.762655 2681.051820 2695.572460 2715.942352 2739.503070 2759.092553 2770.726265 2779.823174 2791.013332 2807.828879 2822.761129 2837.316975 2855.029579
2843.656776 2833.365253 2822.381207 2811.345191 2798.906308 2784.637419 2775.975779 2775.351370 2766.322227 2757.427655 2735.390220 2682.266047 2659.662746 2638.436638 2620.021329 2611.249271 2601.073071 2587.051580 2576.747085 2570.127770 2567.035213 2551.009838 2531.053378 2512.536627 2506.009698 2500.768692 2486.239842 2485.153388 2486.374424 2496.684012 2490.300050 2487.491024 2488.356281 2487.107658 2490.800998 2505.758747 2517.502405 2527.496097 2536.476128 2540.987706 2552.625299 2563.939375 2574.313518 2593.573610 2608.352758 2627.383285 2651.071755 2678.893264 2696.217516 2708.385459 2721.321630 2738.484776 2756.531448 2775.457311 2798.906886
2802.834336 2784.419797 2768.452444 2752.137708 2737.006876 2722.064711 2704.801423 2703.030734 2696.873651 2683.830653 2631.565213 2586.374499 2548.576137 2527.585184 2501.634925 2486.152867 2469.495960 2434.696776 2417.139884 2412.766414 2421.861855 2414.504795 2397.652004 2383.586138 2373.417516 2363.995329 2347.421612 2332.427236 2337.325267 2352.698949 2351.365016 2352.927385 2359.863324 2359.930951 2356.244811 2359.135255 2374.313057 2383.306922 2396.308513 2413.621584 2420.848813 2436.479985 2469.550339 2485.878745 2504.251039 2526.888726 2551.659333 2579.051240 2604.499961 2621.768876 2640.021830 2661.885892 2681.394477 2704.192488 2729.029289
2741.704317 2711.089613 2688.620519 2668.731537 2646.925452 2619.603341 2595.858822 2589.831826 2579.412197 2550.730955 2496.021997 2454.434078 2424.992323 2399.907830 2373.330392 2348.872922 2313.255123 2278.080063 2255.502411 2265.187876 2273.412318 2279.035188 2265.566893 2252.851318 2241.863303 2224.695878 2207.647747 2192.771758 2202.207336 2210.618127 2224.884642 2230.658625 2235.179045 2240.549716 2240.567389 2234.301901 2235.743819 2246.196632 2258.480987 2272.111606 2292.449089 2328.075946 2355.576409 2376.423994 2400.392324 2423.629676 2449.459293 2476.548182 2502.822922 2523.563094 2546.106817 2570.189118 2595.003792 2618.289856 2645.117274
2653.023779 2622.850965 2593.532196 2566.951689 2532.467072 2485.713571 2467.029498 2454.275058 2432.796619 2386.932178 2341.704574 2310.900229 2290.037704 2263.367845 2238.463293 2208.026732 2173.514830 2148.245418 2126.651055 2134.196411 2141.915577 2157.034056 2145.996767 2136.328408 2130.966970 2115.023057 2100.762089 2084.703558 2091.204464 2102.202224 2122.929843 2128.441030 2132.861781 2142.009094 2142.246037 2139.972976 2127.922397 2137.273102 2149.792234 2166.040184 2197.479748 2223.059542 2248.606353 2272.890022 2295.919094 2321.919962 2348.793466 2376.222544 2406.489089 2430.306448 2453.498097 2478.960498 2502.765236 2523.048150 2545.519110
2529.130803 2501.746331 2477.729449 2450.109000 2406.799056 2359.441211 2317.598317 2292.198601 2243.191802 2205.756972 2176.221809 2165.347505 2147.922264 2124.359333 2101.961994 2079.646652 2054.388959 2032.632363 2006.957960 2010.605996 2023.972365 2038.764202 2036.169470 2034.358180 2031.416647 2020.634597 2006.573703 1992.594965 1996.022208 2012.170081 2029.741336 2038.944664 2046.690960 2055.060855 2055.882834 2048.657407 2040.637915 2047.219734 2063.575062 2081.527694 2102.380734 2125.622616 2149.096843 2171.991774 2197.240063 2223.188239 2249.762419 2278.578655 2309.730023 2334.725155 2362.505446 2391.178803 2413.363776 2427.982568 2442.746469
2408.913171 2385.599648 2358.903533 2328.551374 2283.754418 2240.049664 2195.630972 2149.223403 2113.345228 2080.872709 2066.961369 2047.966154 2030.682563 2012.732026 1990.476024 1971.353161 1953.617201 1931.008133 1916.667212 1922.207751 1934.672403 1943.411240 1947.783988 1944.693885 1941.505072 1934.586583 1920.394630 1913.392054 1922.554785 1937.759858 1952.052138 1963.267993 1970.505735 1976.616006 1974.463598 1966.612540 1963.434999 1972.682691 1989.356201 2004.716386 2021.957022 2044.426884 2066.898779 2090.528713 2115.329765 2140.045976 2167.392608 2195.682999 2224.836571 2254.730188 2281.308851 2305.806233 2319.899796 2334.400068 2341.762171
2267.654253 2251.524540 2223.449208 2192.703140 2159.421284 2121.638392 2092.209277 2058.193062 2025.646177 1994.091624 1966.669714 1950.570962 1941.174979 1926.029401 1906.835552 1893.580911 1876.537027 1862.411368 1864.998425 1866.236280 1874.970227 1873.849379 1874.116187 1870.976804 1869.739720 1866.251934 1857.898044 1867.418119 1874.258926 1888.162352 1898.596098 1908.389776 1914.702155 1918.958697 1920.120877 1915.649290 1921.266612 1928.662152 1943.625370 1956.046569 1971.276160 1992.699610 2011.117376 2031.789489 2055.788807 2080.679148 2106.811899 2134.787904 2165.069385 2192.484563 2214.089623 2225.315733 2238.699886 2245.858339 2241.165837
