tests/Borden05m/data_simulated/sim_1/output-maps/psiliqL0014N0011.asc
ncols         160
nrows         34
xllcorner     620200.000000
yllcorner     5168000.000000
cellsize      0.500000
NODATA_value  -9999.0
[rows 0 to 24 of 34, columns 56 to 111 of 160]
-9999.0 -9999.0 -9999.0 -9999.0 -9999.0 -9999.0 -9999.0 -9999.0 -9999.0 -9999.0 -9999.0 -9999.0 -9999.0 -9999.0 -9999.0 -9999.0 -9999.0 -9999.0 -9999.0 -9999.0 -9999.0 -9999.0 -9999.0 -9999.0 -9999.0 -9999.0 -9999.0 -9999.0 -9999.0 -9999.0 -9999.0 -9999.0 -9999.0 -9999.0 -9999.0 -9999.0 -9999.0 -9999.0 -9999.0 -9999.0 -9999.0 -9999.0 -9999.0 -9999.0 -9999.0 -9999.0 -9999.0 -9999.0 -9999.0 -9999.0 -9999.0 -9999.0 -9999.0 -9999.0 -9999.0 -9999.0
-9999.0 -9999.0 -9999.0 1026.589834 1021.216058 1016.197997 1011.554207 1002.920338 993.972633 985.913743 982.230882 981.604462 981.110364 980.985754 986.464697 994.712079 1002.570952 1009.909584 1012.505480 1015.107985 1017.475193 1018.092075 1017.010960 1013.913645 1010.738568 1007.448804 1006.011656 998.069598 986.784492 978.073880 975.357932 979.765110 984.206565 986.660292 992.393149 1003.008435 1013.681480 1022.080729 1033.843921 1039.536984 1044.418343 1047.068744 1042.663911 1038.812754 1034.674667 1029.221553 1018.014485 -9999.0 -9999.0 -9999.0 -9999.0 -9999.0 -9999.0 -9999.0 -9999.0 -9999.0
990.203924 1010.475909 1013.875288 1002.618577 997.825221 994.755459 992.976825 988.417473 980.056427 975.110834 970.022938 968.426092 968.798495 969.154536 973.509473 983.957331 992.136438 997.085391 999.791633 1002.586472 1002.363250 1001.975571 1001.809767 999.062854 995.756740 992.477320 990.769692 991.349507 983.823172 978.348704 974.921131 973.163499 975.674991 978.043895 981.460963 990.837828 998.868034 1006.883478 1021.085981 1033.349512 1038.361604 1035.537536 1030.217203 1026.031509 1018.896550 1008.443243 997.884746 988.187543 980.975294 975.089892 968.920831 974.516136 980.776469 990.192923 999.439651 1011.102843
975.258575 995.653649 998.718598 988.243386 980.256351 975.367977 975.880165 978.820054 975.656380 971.365338 966.537744 975.511967 977.128149 978.564201 982.131256 985.377566 988.861437 991.781106 997.324649 1006.494372 1009.393044 1010.085542 1010.370446 1008.662353 1005.653157 1003.938852 1001.275458 996.157737 995.071051 995.347261 995.029372 999.912767 1001.377130 1003.143958 996.497731 1000.027182 1006.120098 1012.833789 1019.121596 1025.541139 1029.126063 1025.498296 1024.291832 1015.398629 1001.071463 989.543893 980.691203 978.544205 974.898350 966.528783 953.218069 959.863724 974.899130 978.984676 981.782495 992.987540
971.018413 983.043700 986.354198 981.700676 983.425580 985.359837 987.168426 985.933116 983.286224 981.538776 994.295896 1004.037246 1006.222477 1009.488073 1013.474501 1013.247729 1001.674646 999.498870 1007.884863 1018.349911 1024.280339 1024.689952 1024.764071 1022.732101 1021.825569 1021.547478 1019.471652 1020.203382 1022.621080 1022.453393 1026.962679 1032.580110 1035.467643 1027.832792 1018.703585 1019.541570 1027.216950 1035.287320 1042.451010 1052.818879 1063.758786 1062.373358 1056.274806 1046.654996 1032.473309 1008.423466 988.382834 976.858207 968.982560 961.096289 960.624956 956.771047 967.538210 968.555831 969.824060 977.395051
977.483158 999.055282 1007.282844 1001.851125 997.342868 995.128127 996.291726 996.818635 1000.105611 1012.755700 1026.853750 1041.594943 1044.820291 1047.796707 1047.715126 1039.108022 1029.146585 1025.674711 1040.482432 1056.882820 1065.347294 1066.152380 1065.403389 1072.162528 1071.002362 1069.514107 1064.838166 1066.890104 1068.205957 1077.867964 1085.530977 1092.659085 1090.844043 1078.760456 1067.164572 1065.574249 1068.345460 1071.686930 1077.779249 1087.728841 1097.015156 1091.426322 1083.733549 1073.096978 1043.854259 1016.193730 998.679647 997.985698 997.302169 991.569357 987.607698 983.659727 976.053929 974.797622 973.186147 971.890536
1027.672579 1048.313434 1064.545277 1059.427490 1052.006777 1042.520476 1043.593522 1046.966730 1055.449421 1068.879565 1086.681841 1111.195377 1114.551476 1118.185750 1121.153721 1110.275088 1098.228532 1087.395044 1105.601811 1116.098927 1124.952126 1126.733363 1136.510483 1146.453405 1142.112033 1134.353546 1124.148926 1130.534836 1142.133248 1157.302089 1164.210903 1168.150968 1166.695224 1155.374873 1149.396454 1147.834793 1149.984584 1147.528855 1152.021559 1161.845340 1176.389229 1175.159944 1165.634354 1142.254944 1104.231020 1069.075508 1048.018414 1052.751757 1044.850629 1036.997341 1032.398046 1017.594239 1005.925122 1005.081225 994.652998 987.654838
1076.494771 1095.579513 1114.590368 1110.425727 1100.624335 1087.866744 1087.837974 1095.736607 1106.459498 1126.079912 1149.463730 1173.982519 1182.639008 1186.021369 1196.142156 1190.123259 1180.994669 1173.012061 1184.828024 1196.993999 1208.935629 1218.760823 1231.675932 1243.248399 1233.426663 1221.324175 1216.021146 1221.437814 1241.490246 1259.037417 1264.179639 1265.354308 1267.897524 1258.492982 1251.790656 1245.034566 1239.914318 1234.064766 1229.882150 1248.017450 1264.163456 1261.823924 1237.755027 1212.638205 1174.957086 1135.916057 1102.958158 1101.857050 1097.808028 1095.726657 1079.819061 1063.392988 1046.356817 1036.113336 1026.069318 1011.141493
1167.967816 1189.585248 1211.782830 1213.121411 1197.084504 1189.564117 1194.788724 1207.954449 1215.716813 1231.912833 1256.445786 1288.679905 1310.363071 1329.676041 1334.541179 1326.696897 1318.073211 1305.262274 1303.840122 1321.358079 1333.515453 1344.237871 1354.951412 1367.383115 1372.646528 1369.948965 1369.502490 1372.820172 1380.236157 1389.439029 1396.082319 1401.244066 1406.472847 1402.176167 1391.767197 1385.480457 1376.826342 1370.284765 1367.636342 1370.327700 1381.294346 1378.414949 1350.943719 1322.909432 1289.509804 1251.164137 1218.740158 1200.768470 1206.071324 1194.125245 1174.578187 1154.262358 1118.756456 1101.818584 1085.150495 1055.213788
1272.786709 1301.426906 1316.998561 1330.922455 1326.503538 1328.657560 1333.226621 1341.005172 1346.362104 1354.678362 1387.622419 1422.938130 1452.490294 1477.079887 1486.055389 1476.124920 1466.705955 1454.946963 1445.806503 1450.482923 1465.028248 1481.697972 1497.216400 1508.356882 1511.918385 1510.810720 1511.190094 1513.299379 1516.290350 1519.303618 1525.408594 1532.464112 1542.139818 1552.682831 1546.488516 1529.789910 1517.664059 1504.226854 1499.293634 1497.583152 1495.629324 1494.828172 1485.703383 1452.844968 1423.215070 1390.221551 1361.064895 1339.543418 1325.352759 1304.500997 1280.394589 1232.919215 1191.825834 1156.189238 1128.534630 1099.722317
1391.251153 1422.655523 1446.978576 1462.853379 1466.228978 1469.363366 1472.505153 1478.678865 1484.098940 1491.339903 1514.496811 1552.290236 1589.687501 1619.731342 1623.780718 1614.493824 1604.331346 1594.254556 1583.537874 1580.265943 1588.378474 1599.675703 1615.833936 1627.003371 1636.285446 1635.486202 1636.001129 1636.604254 1638.648543 1640.411016 1642.360006 1649.323189 1661.061935 1672.245909 1673.021302 1659.352047 1642.363553 1625.126540 1618.076325 1611.897280 1605.560686 1605.083320 1604.966763 1596.068168 1569.772735 1533.012302 1490.165353 1463.727303 1441.986070 1427.682250 1410.188444 1382.238080 1329.150641 1297.100032 1261.044911 1226.649469
1508.137488 1538.189842 1569.213196 1588.377297 1596.546534 1597.605820 1599.986887 1607.752003 1614.067996 1624.097822 1640.899217 1665.418244 1694.873211 1721.887186 1739.106634 1735.292488 1722.574005 1705.189963 1699.701251 1698.301970 1700.329507 1706.933749 1715.093552 1730.552005 1746.432954 1751.890286 1752.776281 1750.451689 1752.552176 1753.644037 1753.611798 1754.622316 1759.412546 1766.445453 1768.904241 1763.832930 1747.529602 1727.229934 1712.977290 1704.084774 1699.064811 1696.637046 1697.468907 1696.509440 1683.719302 1653.851231 1615.092422 1581.567848 1559.353378 1542.484040 1527.528103 1515.050675 1493.580758 1474.352684 1442.406558 1398.098235
1612.634638 1638.839803 1666.066312 1690.673273 1707.671675 1712.146763 1718.133990 1723.320322 1733.063881 1748.608559 1767.991705 1782.507644 1799.940878 1821.617761 1834.461296 1840.097726 1840.236248 1838.700757 1840.285133 1840.265516 1811.194143 1814.183376 1817.162522 1824.948528 1833.494261 1836.461561 1836.939695 1835.897371 1837.061435 1837.372576 1837.374094 1836.875756 1836.886449 1839.122781 1839.932279 1838.714195 1831.547208 1835.525800 1818.168663 1805.814501 1797.855260 1789.706882 1780.781591 1770.782417 1760.574116 1743.550727 1716.056597 1682.532345 1655.399801 1643.285840 1635.508422 1627.458404 1620.758139 1604.380929 1582.043162 1550.496345
1718.102007 1734.485702 1755.088023 1783.152855 1802.795498 1813.707764 1822.559438 1827.495410 1839.781073 1853.212443 1847.475189 1851.658886 1855.919827 1860.028689 1861.368726 1861.581190 1861.115517 1858.553645 1857.772680 1855.626802 1850.669756 1840.766228 1841.908878 1843.250000 1845.748649 1849.424274 1848.347305 1849.426851 1852.353034 1850.758223 1845.124326 1841.361653 1839.671013 1840.120184 1847.217313 1850.356816 1851.083089 1849.731993 1848.770257 1847.989063 1846.140779 1843.956134 1840.956563 1837.061510 1840.787502 1830.243620 1806.499220 1772.987918 1737.614028 1723.784672 1719.219276 1718.516078 1714.690790 1707.638017 1688.564418 1661.036247
1832.222569 1845.554000 1841.572283 1852.516667 1858.316444 1861.197360 1864.016184 1866.424442 1867.617323 1864.366496 1860.915703 1856.150139 1854.660670 1853.005427 1850.117852 1850.138875 1847.573399 1843.048750 1838.871208 1831.709054 1820.349636 1808.480101 1805.406037 1809.688610 1814.702870 1819.250326 1822.777431 1826.275240 1827.298709 1822.452492 1814.484532 1807.300712 1805.325749 1811.760419 1817.401296 1822.849095 1823.629560 1822.282193 1820.248756 1820.489716 1818.229327 1819.052911 1825.830900 1839.222637 1844.810355 1847.507538 1846.864639 1838.674328 1823.989489 1817.573585 1797.690981 1800.625032 1795.324484 1783.296167 1761.986128 1737.940728
1860.085950 1859.564182 1857.879252 1851.898752 1846.017116 1845.112948 1848.693533 1855.139688 1856.043349 1848.796466 1840.233361 1832.910040 1825.588712 1822.666359 1820.495532 1818.854993 1817.987751 1811.842060 1803.157473 1787.085003 1774.825814 1762.979124 1756.462313 1754.146401 1758.943814 1768.933306 1778.847691 1783.636613 1776.866409 1769.337911 1758.552394 1750.434746 1750.627727 1752.859198 1761.986273 1776.179890 1781.110881 1781.928722 1776.969074 1772.723685 1767.435403 1766.154937 1773.695879 1789.146515 1804.833337 1818.865444 1827.310987 1834.708771 1841.075581 1844.119440 1845.154839 1845.519440 1844.089504 1842.709822 1827.073501 1805.893270
1846.688571 1839.846179 1834.329851 1827.133776 1820.788585 1818.347692 1819.985465 1822.088139 1818.080187 1810.846926 1800.149219 1788.650540 1778.146605 1770.737806 1770.137709 1770.855355 1770.515003 1763.008394 1747.780136 1729.835265 1715.816474 1701.440433 1697.018569 1691.899435 1687.462102 1698.025481 1715.300041 1721.661705 1708.211351 1698.335301 1684.125097 1676.835757 1673.715665 1675.294187 1684.776708 1704.841562 1724.568817 1726.138562 1716.876183 1707.989786 1704.154802 1702.641389 1709.975726 1728.706908 1749.328680 1764.890036 1775.253347 1781.538211 1790.084261 1799.883803 1812.457840 1825.803360 1836.918011 1844.996502 1849.287736 1847.160601
1819.682353 1811.251048 1802.750325 1794.666511 1787.330614 1781.945573 1778.749075 1774.994115 1768.154148 1760.332682 1744.616374 1731.684430 1718.738719 1703.880846 1699.034229 1694.477787 1694.697441 1682.454852 1671.560342 1652.658912 1636.727127 1620.729649 1609.704852 1603.749577 1597.848307 1601.423401 1616.574160 1625.516545 1612.850063 1602.729736 1590.261964 1584.359657 1581.158624 1583.255445 1593.683161 1615.582803 1634.359457 1641.803462 1634.614854 1630.813474 1629.880074 1630.002801 1637.027604 1652.135003 1672.673753 1694.615978 1711.874107 1722.235492 1730.757505 1741.530224 1756.587707 1771.092468 1785.516683 1802.932522 1823.323087 1838.141137
1782.955501 1772.124869 1761.459910 1749.780674 1737.928754 1730.424903 1730.479223 1722.816449 1715.495524 1698.408742 1650.599813 1631.413614 1612.452172 1595.964046 1588.782374 1579.881509 1569.556969 1559.319914 1552.022049 1545.580952 1529.809227 1512.062350 1495.492981 1490.156504 1485.993032 1475.981487 1479.453520 1482.240188 1487.919278 1480.866282 1475.773786 1474.246531 1471.887121 1474.985579 1488.650249 1500.168810 1510.004019 1516.739293 1516.905888 1525.135435 1532.728404 1538.892900 1556.162298 1570.552715 1589.070143 1611.519562 1636.476354 1651.192580 1661.924365 1673.927926 1690.499001 1708.011653 1726.303203 1749.347691 1774.576880 1791.076925
1736.428302 1721.575789 1706.366644 1692.406557 1678.383792 1663.533515 1662.999876 1658.300028 1648.374682 1604.425685 1561.528937 1528.034845 1508.922313 1485.538250 1472.566377 1459.306955 1430.059432 1414.239894 1408.131464 1413.798212 1404.561576 1387.464983 1373.457116 1364.948859 1357.779795 1344.196165 1333.926441 1338.805928 1351.890503 1348.365819 1347.574298 1352.314672 1350.920696 1347.260248 1351.778780 1366.040367 1374.147608 1384.709775 1397.852561 1403.436779 1415.032458 1443.787926 1459.009901 1475.802886 1497.259130 1520.520049 1544.744963 1566.889978 1581.822150 1597.990182 1618.102998 1636.230652 1658.120390 1682.527596 1712.132522 1732.975034
1666.760486 1646.150238 1628.322579 1609.425370 1586.444356 1564.564974 1560.552558 1552.109764 1530.123234 1482.095093 1441.534593 1411.632794 1388.314115 1363.209487 1342.501634 1312.688056 1279.738715 1258.385310 1264.542082 1271.724871 1273.677391 1259.756024 1247.056511 1236.800199 1222.274178 1206.703401 1194.437723 1203.349148 1211.890768 1221.907760 1226.009453 1229.817953 1233.004499 1232.024308 1226.899259 1230.832995 1239.953811 1250.818872 1262.406105 1278.328945 1309.989110 1336.140343 1355.296849 1377.780838 1399.766156 1424.437155 1450.295349 1474.088105 1492.382202 1512.796336 1533.787978 1556.440465 1578.679352 1604.780753 1635.227996 1661.163062
1587.190252 1559.698123 1535.895778 1507.303430 1466.140786 1449.787730 1439.387768 1423.598662 1384.376112 1341.082094 1307.529302 1284.323904 1258.725182 1234.313306 1206.113371 1173.639201 1147.237188 1126.428988 1133.095830 1140.083384 1152.321481 1140.677465 1130.028000 1124.178336 1109.212768 1095.391820 1080.674597 1088.010815 1098.263036 1116.416053 1120.891481 1124.509408 1131.936794 1131.095779 1128.561861 1118.677854 1127.429944 1138.428928 1152.955384 1181.926851 1207.522327 1232.781485 1255.832605 1277.961272 1302.427738 1328.426262 1354.836864 1382.839713 1404.681033 1426.103648 1449.912201 1472.274888 1492.206551 1514.589098 1542.447464 1566.979023
1477.895413 1454.848912 1429.426390 1390.835621 1346.035998 1309.686663 1290.571648 1249.138876 1214.077217 1180.581938 1164.822285 1146.306318 1122.756920 1100.556593 1078.651891 1052.569779 1029.892837 1005.180668 1008.703409 1021.257262 1035.335210 1030.523305 1027.494190 1024.451812 1013.461836 999.812054 986.258260 989.894319 1005.356845 1022.374909 1030.275415 1037.149616 1044.831417 1045.054244 1038.029497 1029.698071 1035.602506 1050.356594 1067.138520 1088.429854 1111.653228 1134.772720 1156.875165 1181.336983 1206.801341 1232.824513 1260.851701 1290.178073 1313.213298 1339.535851 1366.645776 1388.237796 1402.490621 1418.101835 1443.831719 1464.337857
1369.545455 1344.243581 1316.298312 1274.306590 1231.363288 1187.909376 1146.483867 1112.220014 1080.359360 1063.526669 1044.184250 1026.074662 1007.604845 985.909949 966.271335 947.466087 925.032848 908.136289 913.377298 926.165926 936.572208 939.805149 936.798449 933.741684 926.468728 912.716541 903.678708 912.392273 927.714815 942.396944 952.855023 959.683071 965.711932 963.127326 954.995588 949.941917 958.358526 974.273160 989.477453 1007.091519 1029.276079 1051.471652 1074.410807 1098.541290 1122.806708 1149.618726 1177.381561 1205.799154 1234.283504 1260.249208 1284.381037 1298.039080 1311.991907 1321.123938 1339.191182 1359.836711
1243.007220 1216.443031 1187.254279 1153.577522 1114.686205 1083.891954 1050.722158 1018.831998 987.669751 961.302622 944.176207 934.172019 919.014533 899.575166 885.924937 868.776265 852.119795 852.652169 854.995687 865.416702 865.957399 866.466986 863.455951 862.340845 858.288462 848.374237 856.117131 863.457869 877.901516 888.596541 898.122946 904.362883 908.495600 908.720438 902.857696 906.962301 914.209531 928.989490 941.201567 956.614109 977.974078 996.202035 1016.611168 1039.895613 1064.101014 1089.612739 1116.858076 1146.319684 1173.136851 1194.871460 1206.526641 1219.690562 1227.609723 1224.077835 1240.497130 1257.965781
