tests/Borden05m/data_simulated/sim_1/output-maps/psiliqL0000N0002.asc
ncols         160
nrows         34
xllcorner     620200.000000
yllcorner     5168000.000000
cellsize      0.500000
NODATA_value  -9999.0
[rows 0 to 24 of 34, columns 0 to 56 of 160]
-9999.0 -9999.0 -9999.0 -9999.0 -9999.0 -9999.0 -9999.0 -9999.0 -9999.0 -9999.0 -9999.0 -9999.0 -9999.0 -9999.0 -9999.0 -9999.0 -9999.0 -9999.0 -9999.0 -9999.0 -9999.0 -9999.0 -9999.0 -9999.0 -9999.0 -9999.0 -9999.0 -9999.0 -9999.0 -9999.0 -9999.0 -9999.0 -9999.0 -9999.0 -9999.0 -9999.0 -9999.0 -9999.0 -9999.0 -9999.0 -9999.0 -9999.0 -9999.0 -9999.0 -9999.0 -9999.0 -9999.0 -9999.0 -9999.0 -9999.0 -9999.0 -9999.0 -9999.0 -9999.0 -9999.0 -9999.0 -9999.0
-9999.0 -9999.0 -9999.0 -9999.0 -9999.0 -9999.0 -9999.0 -9999.0 -9999.0 -9999.0 -9999.0 -9999.0 -9999.0 -9999.0 -9999.0 -9999.0 -9999.0 -9999.0 -9999.0 -9999.0 -9999.0 -9999.0 -9999.0 -9999.0 -9999.0 -9999.0 -9999.0 -9999.0 -9999.0 -9999.0 -9999.0 -9999.0 -9999.0 -9999.0 -9999.0 -9999.0 -9999.0 -9999.0 -9999.0 -9999.0 -9999.0 -9999.0 -9999.0 -9999.0 -9999.0 -9999.0 -9999.0 -9999.0 -9999.0 -9999.0 -9999.0 -9999.0 -9999.0 -9999.0 -9999.0 -9999.0 -9999.0
-9999.0 -9999.0 -9999.0 -9999.0 -9999.0 -9999.0 -9999.0 -9999.0 -9999.0 -9999.0 -9999.0 -9999.0 -9999.0 -9999.0 -9999.0 -9999.0 -9999.0 -9999.0 -9999.0 -9999.0 -9999.0 -9999.0 -9999.0 -9999.0 -9999.0 -9999.0 -9999.0 -9999.0 -9999.0 -9999.0 -9999.0 -9999.0 -9999.0 -9999.0 -9999.0 -9999.0 -9999.0 -9999.0 -9999.0 -9999.0 -9999.0 -9999.0 -9999.0 -9999.0 -9999.0 -9999.0 -9999.0 -539.803234 -544.346669 -549.961886 -551.634050 -545.430632 -543.138429 -541.158131 -540.111741 -539.230151 -537.519146
-9999.0 -9999.0 -9999.0 -9999.0 -9999.0 -9999.0 -9999.0 -9999.0 -9999.0 -9999.0 -9999.0 -9999.0 -9999.0 -9999.0 -9999.0 -9999.0 -9999.0 -9999.0 -9999.0 -9999.0 -9999.0 -9999.0 -9999.0 -9999.0 -9999.0 -9999.0 -9999.0 -9999.0 -9999.0 -9999.0 -9999.0 -9999.0 -9999.0 -9999.0 -9999.0 -9999.0 -9999.0 -9999.0 -9999.0 -9999.0 -542.134257 -540.019439 -538.139352 -541.070593 -542.023529 -541.284774 -544.185971 -547.788279 -551.571361 -550.150996 -550.129430 -553.356840 -549.368304 -546.376826 -545.810806 -545.496011 -543.121792
-9999.0 -9999.0 -9999.0 -9999.0 -9999.0 -9999.0 -9999.0 -9999.0 -9999.0 -9999.0 -9999.0 -9999.0 -9999.0 -9999.0 -9999.0 -9999.0 -9999.0 -9999.0 -9999.0 -9999.0 -9999.0 -9999.0 -9999.0 -9999.0 -9999.0 -9999.0 -9999.0 -9999.0 -9999.0 -9999.0 -9999.0 -9999.0 -9999.0 -9999.0 -549.775227 -545.853873 -544.462201 -543.224288 -541.007015 -542.229954 -543.309535 -541.460669 -543.165801 -543.015086 -544.880195 -548.558088 -552.216117 -554.166890 -551.431689 -552.192881 -552.314586 -550.478973 -549.619105 -549.693878 -547.360254 -543.270320 -546.269258
-9999.0 -9999.0 -9999.0 -9999.0 -9999.0 -9999.0 -9999.0 -9999.0 -9999.0 -9999.0 -9999.0 -9999.0 -9999.0 -9999.0 -9999.0 -9999.0 -9999.0 -9999.0 -9999.0 -9999.0 -9999.0 -9999.0 -9999.0 -9999.0 -9999.0 -9999.0 -9999.0 -9999.0 -543.286250 -544.853255 -546.027749 -545.880548 -546.445797 -548.796177 -549.601589 -549.525690 -547.722974 -544.596118 -544.422071 -545.166469 -545.120179 -546.066333 -548.471730 -548.620705 -545.707149 -547.914663 -548.726310 -550.074995 -554.144373 -555.192330 -552.959782 -550.981024 -549.449634 -549.508544 -549.853073 -550.616060 -550.955033
-9999.0 -9999.0 -9999.0 -9999.0 -9999.0 -9999.0 -9999.0 -9999.0 -9999.0 -9999.0 -9999.0 -9999.0 -9999.0 -9999.0 -9999.0 -9999.0 -9999.0 -9999.0 -9999.0 -9999.0 -9999.0 -9999.0 -9999.0 -545.571753 -544.109842 -543.672656 -542.437660 -543.174152 -546.448100 -548.447104 -549.278515 -549.993845 -551.762835 -552.065439 -552.333950 -551.550880 -551.174417 -547.838772 -550.174204 -551.748908 -548.763771 -549.653235 -547.473309 -544.987914 -545.509464 -544.815057 -549.217009 -552.510675 -548.918694 -547.621813 -548.047022 -549.198133 -548.510417 -547.603887 -546.480568 -544.126055 -541.029009
-9999.0 -9999.0 -9999.0 -9999.0 -9999.0 -9999.0 -9999.0 -9999.0 -9999.0 -9999.0 -9999.0 -9999.0 -9999.0 -9999.0 -9999.0 -9999.0 -9999.0 -9999.0 -9999.0 -544.907543 -545.411935 -546.411414 -546.104167 -549.370371 -550.788117 -550.019962 -548.458499 -549.523641 -551.342441 -552.883057 -552.709688 -552.538079 -553.024192 -550.863340 -549.249524 -549.012157 -550.034652 -547.599745 -547.240556 -546.045117 -542.012682 -545.038995 -547.854781 -549.321890 -549.435158 -550.384627 -547.874936 -547.200352 -547.201521 -547.903019 -548.267860 -548.014112 -548.199650 -545.517123 -543.440089 -542.222208 -541.394288
-9999.0 -9999.0 -9999.0 -9999.0 -9999.0 -9999.0 -9999.0 -9999.0 -9999.0 -9999.0 -9999.0 -9999.0 -9999.0 -9999.0 -9999.0 -9999.0 -544.804183 -545.096690 -546.340419 -548.411134 -550.162928 -550.259102 -549.045816 -551.465696 -552.338030 -551.940341 -553.115716 -552.090812 -550.967664 -549.586956 -549.029076 -550.827377 -550.724145 -551.257020 -551.830523 -551.569116 -548.791680 -546.400854 -546.472376 -544.906822 -541.468301 -543.966484 -544.885302 -544.753114 -546.399342 -545.648331 -540.317197 -541.906068 -545.287485 -540.068441 -537.753099 -539.723360 -541.126098 -538.475800 -534.587588 -530.218090 -522.372967
-9999.0 -9999.0 -9999.0 -9999.0 -9999.0 -9999.0 -9999.0 -9999.0 -9999.0 -9999.0 -9999.0 -9999.0 -9999.0 -544.717528 -545.020558 -544.788948 -547.989285 -550.411900 -551.911870 -554.027692 -551.619679 -553.541845 -554.244505 -553.940991 -551.822832 -551.955066 -551.901677 -550.709448 -551.432536 -552.334590 -553.224816 -554.905031 -553.393057 -551.964896 -551.214707 -549.193734 -547.991914 -547.434446 -545.485786 -545.863006 -544.739863 -545.950341 -548.333156 -548.941731 -547.541078 -543.096561 -540.409621 -540.616765 -535.220330 -530.200145 -529.080726 -526.399497 -525.976919 -525.401011 -522.407050 -511.283024 -499.932440
-9999.0 -9999.0 -9999.0 -9999.0 -9999.0 -9999.0 -9999.0 -9999.0 -9999.0 -9999.0 -549.082436 -547.500044 -549.829808 -554.254994 -556.201210 -555.336288 -554.430980 -556.180000 -556.275773 -551.981353 -549.731470 -554.137094 -551.446630 -551.603319 -553.594742 -553.378777 -552.490216 -552.663614 -550.322495 -550.629194 -551.083518 -547.186975 -546.680362 -546.125004 -545.199661 -544.329443 -544.078809 -539.180972 -535.432020 -537.355305 -531.474619 -528.061623 -532.335665 -534.054198 -533.940300 -530.837071 -525.709724 -518.452055 -514.123907 -506.260492 -499.376765 -495.177303 -492.211678 -488.271426 -484.147253 -471.515817 -450.932089
-9999.0 -9999.0 -9999.0 -9999.0 -9999.0 -9999.0 -9999.0 -9999.0 -555.221132 -552.754665 -551.234245 -553.206751 -555.819298 -560.620379 -558.907244 -557.300338 -556.289184 -554.688222 -554.064374 -553.641057 -555.075513 -553.838641 -551.324958 -552.428600 -552.413343 -550.898748 -551.277041 -550.168425 -548.286097 -550.281546 -549.800723 -548.498259 -547.496066 -546.703995 -545.644532 -545.775999 -541.210824 -535.388257 -529.671887 -525.666475 -519.255495 -510.783671 -513.688678 -513.583431 -514.785565 -505.340302 -494.581301 -482.601938 -469.424601 -452.590635 -429.171464 -414.558850 -405.472674 -395.078606 -381.915391 -368.312726 -333.359724
-9999.0 -9999.0 -9999.0 -9999.0 -9999.0 -9999.0 -558.760049 -553.411164 -550.844731 -557.080144 -561.836169 -563.399458 -566.210939 -560.105396 -554.809687 -553.987574 -553.410201 -552.697626 -553.532134 -557.536519 -549.801883 -552.526177 -554.663424 -552.700243 -553.345374 -553.598075 -552.608737 -549.890321 -549.498280 -544.034576 -540.995367 -538.839648 -535.139551 -533.628896 -532.103875 -530.672195 -523.912081 -514.975902 -505.315923 -496.682962 -487.208545 -474.353730 -470.323048 -468.195512 -464.298914 -455.443640 -434.418388 -406.527382 -369.119969 -312.859074 -209.975275 -155.983575 -136.637066 -126.004629 -115.729148 -104.089789 -85.239011
-9999.0 -9999.0 -9999.0 -9999.0 -555.447633 -554.377315 -555.612584 -551.039442 -547.901547 -555.519116 -552.835446 -554.200759 -556.699402 -559.776228 -563.465543 -561.083505 -559.817303 -559.067102 -559.930904 -552.554719 -546.548786 -551.828843 -549.316349 -543.739555 -546.077598 -546.073272 -546.589631 -544.963663 -541.660968 -537.991021 -527.352595 -519.188030 -515.807629 -511.271372 -507.198847 -501.266212 -491.074500 -477.037611 -460.279021 -438.492828 -410.400970 -386.961534 -370.760303 -361.892183 -347.169553 -319.583986 -243.001037 -157.219685 -110.956748 -69.491407 -25.390871 -0.643239 0.017902 0.027275 0.032406 0.039036 0.045336
-9999.0 -9999.0 -9999.0 -558.564755 -553.308053 -551.588918 -554.548155 -553.911978 -550.107545 -554.377734 -555.256026 -556.094451 -556.647458 -556.709678 -557.234105 -556.012359 -555.979891 -557.352720 -556.698520 -552.876367 -552.102283 -549.776788 -548.658232 -546.330395 -544.277783 -544.212052 -543.534092 -540.577457 -531.410178 -524.039420 -510.386760 -491.736038 -477.511706 -467.338223 -459.184869 -444.520186 -426.713340 -399.549153 -362.902907 -297.576877 -179.787538 -131.562384 -109.420726 -101.990128 -92.907319 -78.584091 -46.039858 -13.184214 0.010902 0.035146 0.060197 0.086709 0.107182 0.109241 0.135705 0.181277 0.295270
-9999.0 -9999.0 -557.348926 -554.400380 -556.839441 -553.355974 -549.507627 -553.096953 -548.463141 -547.262639 -552.785238 -550.180372 -549.070858 -552.689226 -551.122015 -549.356081 -548.481044 -552.514750 -555.761401 -551.784576 -542.532296 -536.807601 -537.332283 -521.260014 -514.959124 -510.762034 -510.626404 -504.269659 -495.914732 -478.492277 -453.068409 -417.020847 -382.656990 -348.327361 -326.136429 -280.105050 -186.320050 -145.451177 -109.671927 -70.918701 -23.635828 0.005929 0.033130 0.040652 0.037290 0.048149 0.067430 0.091354 0.123195 0.222655 11.032316 11.412717 11.230421 11.216085 11.282047 11.084225 11.032937
-9999.0 -9999.0 -560.856256 -555.870042 -559.823772 -552.299294 -545.485899 -553.660779 -552.222944 -545.380250 -548.136731 -548.039649 -550.234276 -551.084084 -549.027880 -543.597072 -547.248706 -548.475811 -556.354009 -541.898663 -532.544558 -519.164747 -494.131544 -473.224236 -455.699331 -455.782368 -455.405770 -442.790487 -424.800585 -386.689093 -307.610503 -181.826675 -124.122056 -94.443289 -76.019026 -49.955390 -15.031407 0.009758 0.026070 0.058903 0.080316 0.104822 0.174960 5.919127 11.469238 11.605604 11.395265 11.388358 11.320041 11.223417 10.775218 7.477147 6.563298 6.977659 7.815043 3.270298 0.467338
-9999.0 -561.792540 -559.389292 -559.500226 -554.648805 -557.039645 -551.926616 -544.390384 -546.141059 -544.229852 -545.461767 -552.545621 -539.288696 -529.180103 -528.387241 -519.706083 -525.173594 -527.865155 -536.543092 -526.135952 -512.432886 -473.054602 -389.020562 -331.616054 -279.631320 -267.717926 -266.924558 -199.783809 -160.362110 -122.063393 -60.847194 -12.425245 0.040387 0.087317 0.123263 0.095914 0.129447 0.390363 14.573471 16.442079 16.382250 16.457413 11.630174 11.610197 11.640806 11.441697 8.503853 2.644738 0.400392 0.327168 0.296078 0.191716 0.254583 0.390167 0.518515 0.276884 0.236893
-9999.0 -569.543944 -559.676839 -553.988734 -556.794578 -561.874783 -549.239095 -530.093458 -540.414242 -544.690472 -548.645629 -542.248182 -516.919227 -497.709800 -486.841265 -468.247270 -471.305913 -479.239769 -476.478215 -456.145337 -423.236047 -350.205478 -158.519611 -64.556708 -47.060364 -30.536605 -19.122996 0.018667 0.054689 0.091525 0.138932 5.538793 7.545176 7.515958 7.453126 7.375053 7.280316 7.163799 3.617938 0.545808 0.249969 0.259807 0.689408 0.675238 0.424947 0.390468 0.312001 0.254195 0.246510 0.237192 0.248136 0.222540 0.199053 0.290222 0.219344 0.203091 0.171019
-9999.0 -561.498730 -550.052983 -553.381944 -563.589986 -550.941020 -547.480149 -536.573293 -530.222255 -538.426763 -532.168759 -502.738755 -461.942196 -403.354621 -358.809207 -326.445392 -299.270811 -297.762486 -227.044875 -162.050512 -109.246530 -45.967060 0.020270 0.214268 4.171420 4.166422 4.088988 3.988148 3.850285 3.652273 3.366542 1.068142 0.926399 1.236757 0.536641 0.443608 0.375597 0.253302 0.231996 0.213717 0.177278 0.164332 0.205705 0.324270 0.232396 0.230339 0.221469 0.210454 0.199432 0.180180 0.181335 0.167088 0.179796 0.153259 0.154018 0.140585 0.105137
-9999.0 -574.853556 -558.642233 -572.815296 -554.488456 -539.384848 -544.907790 -526.305389 -508.143942 -513.667556 -478.593413 -423.952053 -321.425579 -172.037116 -102.394214 -56.393736 -27.785394 -6.467473 0.059517 0.189969 0.983360 12.595142 12.490743 12.616580 4.170237 4.182740 0.378335 0.175146 0.153266 0.125726 0.141304 0.182755 0.198003 0.279781 0.158565 0.229974 0.284547 0.223688 0.222674 0.176649 0.150819 0.125183 0.104024 0.209457 0.142151 0.156497 0.140868 0.128106 0.117613 0.110287 0.098174 0.084911 0.088177 0.069974 0.083514 0.064122 0.024703
-9999.0 -584.354680 -573.270008 -565.176201 -549.200434 -538.678186 -529.954458 -510.945227 -471.701424 -452.578868 -409.072455 -360.145185 -190.737702 -59.510057 0.071188 0.257242 4.916658 4.918038 4.913119 0.198300 0.063700 0.051918 0.077465 0.125625 0.161638 0.261872 0.158397 0.137797 0.129057 0.155618 0.133815 0.144534 0.139377 0.119495 0.085433 0.104730 0.180209 0.113955 0.096486 0.090017 0.082502 0.069231 0.062071 0.059715 0.057290 0.074813 0.058758 0.049374 0.041908 0.036939 0.026083 0.005620 -10.827542 -33.959737 -54.543690 -73.808345 -106.367453
-9999.0 -605.328999 -569.154418 -565.188165 -555.797271 -553.863966 -553.128781 -537.954964 -520.031940 -454.161901 -331.419609 -292.731954 -188.914153 -97.372509 -10.268997 0.122078 0.202663 0.043980 0.021451 0.006721 0.017392 0.030163 0.037818 0.052695 0.069731 0.108494 0.101399 0.081405 0.061377 0.055878 0.055896 0.042436 0.034095 0.042069 0.030265 0.043624 0.062021 0.032870 0.007529 -18.720626 -53.886235 -76.884672 -84.796919 -85.234838 -85.861085 -89.275547 -96.098271 -105.060385 -115.614712 -125.372463 -134.896330 -150.982829 -196.323336 -263.335105 -305.304448 -334.124424 -372.780822
-9999.0 -9999.0 -585.982689 -564.776842 -562.675635 -560.141015 -558.427197 -545.223133 -535.217079 -493.317420 -462.009554 -421.130410 -381.187759 -311.027921 -169.923785 -110.739603 -99.212532 -86.025491 -106.733877 -106.899173 -105.537082 -104.216809 -97.704539 -87.528397 -73.535891 -59.954200 -50.000279 -55.308041 -69.330586 -88.298285 -107.061034 -119.082201 -125.715006 -130.436473 -123.167807 -113.890429 -115.684911 -121.796880 -137.870941 -181.735775 -275.501890 -321.930842 -332.711363 -332.095698 -332.437902 -337.900428 -347.261943 -364.402755 -379.687540 -393.562819 -400.491537 -407.564595 -415.647480 -427.029103 -436.384327 -445.408556 -460.098029
-9999.0 -9999.0 -608.913269 -575.838795 -561.589251 -551.745991 -554.267233 -553.929493 -533.533865 -528.404695 -520.717688 -506.796100 -490.435597 -470.205773 -441.606836 -405.413829 -390.060500 -384.679608 -389.739888 -389.451329 -379.214381 -367.661241 -356.827955 -339.941276 -315.698473 -285.865534 -259.210267 -289.625845 -320.717844 -350.393884 -375.494675 -396.009941 -405.646245 -410.942956 -406.010038 -398.011393 -401.264698 -409.844759 -422.259768 -438.155158 -451.803543 -461.772726 -464.098847 -464.368464 -463.975644 -465.234954 -466.897713 -472.452312 -478.899196 -482.769794 -485.801197 -488.697646 -489.504158 -492.667232 -496.368780 -497.133059 -503.192424
