tests/Borden05m/data_simulated/sim_1/output-maps/psiliqL0003N0013.asc
ncols         160
nrows         34
xllcorner     620200.000000
yllcorner     5168000.000000
cellsize      0.500000
NODATA_value  -9999.0
[rows 0 to 24 of 34, columns 0 to 55 of 160]
-9999.0 -9999.0 -9999.0 -9999.0 -9999.0 -9999.0 -9999.0 -9999.0 -9999.0 -9999.0 -9999.0 -9999.0 -9999.0 -9999.0 -9999.0 -9999.0 -9999.0 -9999.0 -9999.0 -9999.0 -9999.0 -9999.0 -9999.0 -9999.0 -9999.0 -9999.0 -9999.0 -9999.0 -9999.0 -9999.0 -9999.0 -9999.0 -9999.0 -9999.0 -9999.0 -9999.0 -9999.0 -9999.0 -9999.0 -9999.0 -9999.0 -9999.0 -9999.0 -9999.0 -9999.0 -9999.0 -9999.0 -9999.0 -9999.0 -9999.0 -9999.0 -9999.0 -9999.0 -9999.0 -9999.0 -9999.0
-9999.0 -9999.0 -9999.0 -9999.0 -9999.0 -9999.0 -9999.0 -9999.0 -9999.0 -9999.0 -9999.0 -9999.0 -9999.0 -9999.0 -9999.0 -9999.0 -9999.0 -9999.0 -9999.0 -9999.0 -9999.0 -9999.0 -9999.0 -9999.0 -9999.0 -9999.0 -9999.0 -9999.0 -9999.0 -9999.0 -9999.0 -9999.0 -9999.0 -9999.0 -9999.0 -9999.0 -9999.0 -9999.0 -9999.0 -9999.0 -9999.0 -9999.0 -9999.0 -9999.0 -9999.0 -9999.0 -9999.0 -9999.0 -9999.0 -9999.0 -9999.0 -9999.0 -9999.0 -9999.0 -9999.0 -9999.0
-9999.0 -9999.0 -9999.0 -9999.0 -9999.0 -9999.0 -9999.0 -9999.0 -9999.0 -9999.0 -9999.0 -9999.0 -9999.0 -9999.0 -9999.0 -9999.0 -9999.0 -9999.0 -9999.0 -9999.0 -9999.0 -9999.0 -9999.0 -9999.0 -9999.0 -9999.0 -9999.0 -9999.0 -9999.0 -9999.0 -9999.0 -9999.0 -9999.0 -9999.0 -9999.0 -9999.0 -9999.0 -9999.0 -9999.0 -9999.0 -9999.0 -9999.0 -9999.0 -9999.0 -9999.0 -9999.0 -9999.0 -566.180445 -570.459394 -575.624242 -577.078377 -571.296568 -568.691674 -566.276627 -564.660289 -563.161989
-9999.0 -9999.0 -9999.0 -9999.0 -9999.0 -9999.0 -9999.0 -9999.0 -9999.0 -9999.0 -9999.0 -9999.0 -9999.0 -9999.0 -9999.0 -9999.0 -9999.0 -9999.0 -9999.0 -9999.0 -9999.0 -9999.0 -9999.0 -9999.0 -9999.0 -9999.0 -9999.0 -9999.0 -9999.0 -9999.0 -9999.0 -9999.0 -9999.0 -9999.0 -9999.0 -9999.0 -9999.0 -9999.0 -9999.0 -9999.0 -566.492425 -564.519436 -562.926498 -565.756807 -566.977839 -566.804022 -569.838747 -573.340290 -576.950522 -575.867026 -575.805793 -578.359762 -574.373443 -571.144451 -570.004420 -569.060029
-9999.0 -9999.0 -9999.0 -9999.0 -9999.0 -9999.0 -9999.0 -9999.0 -9999.0 -9999.0 -9999.0 -9999.0 -9999.0 -9999.0 -9999.0 -9999.0 -9999.0 -9999.0 -9999.0 -9999.0 -9999.0 -9999.0 -9999.0 -9999.0 -9999.0 -9999.0 -9999.0 -9999.0 -9999.0 -9999.0 -9999.0 -9999.0 -9999.0 -9999.0 -575.651620 -571.939022 -570.284213 -568.711129 -566.366771 -567.159535 -567.841301 -566.123639 -567.671646 -567.761695 -569.708928 -573.373581 -577.054893 -579.115734 -576.906178 -577.622162 -577.621839 -575.748780 -574.567436 -574.129979 -571.496664 -567.288636
-9999.0 -9999.0 -9999.0 -9999.0 -9999.0 -9999.0 -9999.0 -9999.0 -9999.0 -9999.0 -9999.0 -9999.0 -9999.0 -9999.0 -9999.0 -9999.0 -9999.0 -9999.0 -9999.0 -9999.0 -9999.0 -9999.0 -9999.0 -9999.0 -9999.0 -9999.0 -9999.0 -9999.0 -570.033076 -571.491866 -572.606964 -572.535943 -573.061210 -575.082960 -575.627732 -575.270004 -573.289574 -570.087594 -569.559481 -569.969442 -569.730796 -570.503614 -572.678843 -572.887881 -570.493996 -572.719367 -573.795948 -575.274995 -578.991934 -579.924167 -577.792985 -575.753501 -574.009087 -573.600468 -573.368086 -573.451146
-9999.0 -9999.0 -9999.0 -9999.0 -9999.0 -9999.0 -9999.0 -9999.0 -9999.0 -9999.0 -9999.0 -9999.0 -9999.0 -9999.0 -9999.0 -9999.0 -9999.0 -9999.0 -9999.0 -9999.0 -9999.0 -9999.0 -9999.0 -572.557382 -571.219599 -570.714196 -569.536011 -570.147785 -572.992028 -574.821642 -575.611967 -576.266386 -577.812600 -578.002371 -578.059667 -577.097514 -576.388220 -573.015854 -574.720845 -575.842192 -572.942180 -573.641167 -571.719044 -569.543803 -570.044755 -569.605544 -573.665000 -576.722124 -573.565926 -572.305901 -572.470812 -573.203308 -572.201158 -570.857240 -569.180845 -566.276771
-9999.0 -9999.0 -9999.0 -9999.0 -9999.0 -9999.0 -9999.0 -9999.0 -9999.0 -9999.0 -9999.0 -9999.0 -9999.0 -9999.0 -9999.0 -9999.0 -9999.0 -9999.0 -9999.0 -572.443638 -572.866273 -573.697124 -573.377370 -576.113273 -577.282357 -576.507147 -575.043658 -575.911961 -577.505347 -578.872437 -578.713100 -578.535904 -578.881950 -576.820989 -575.163532 -574.634605 -575.118642 -572.487987 -571.735277 -570.266000 -566.351587 -568.942092 -571.495727 -572.837579 -572.958931 -573.730551 -571.402268 -570.726720 -570.530057 -570.836120 -570.843828 -570.306622 -570.010376 -566.889449 -564.032424 -561.683444
-9999.0 -9999.0 -9999.0 -9999.0 -9999.0 -9999.0 -9999.0 -9999.0 -9999.0 -9999.0 -9999.0 -9999.0 -9999.0 -9999.0 -9999.0 -9999.0 -572.789317 -573.026448 -574.058442 -575.731455 -577.182243 -577.221508 -576.103128 -578.150430 -578.841180 -578.392159 -579.304656 -578.289460 -577.201469 -575.905627 -575.333567 -576.811451 -576.575212 -576.810636 -577.015219 -576.385184 -573.426591 -570.700449 -570.163848 -568.222636 -564.692016 -566.780232 -567.680743 -567.593718 -568.928254 -567.896502 -562.627842 -563.563062 -566.006572 -560.552591 -557.711471 -558.872828 -559.504161 -556.042276 -550.833320 -544.231751
-9999.0 -9999.0 -9999.0 -9999.0 -9999.0 -9999.0 -9999.0 -9999.0 -9999.0 -9999.0 -9999.0 -9999.0 -9999.0 -573.303763 -573.517586 -573.227548 -575.815823 -577.861840 -579.108681 -580.843110 -578.634083 -580.236368 -580.749930 -580.383583 -578.409850 -578.380033 -578.176257 -576.952024 -577.395669 -578.025416 -578.645657 -579.926386 -578.316766 -576.713774 -575.631959 -573.310980 -571.546150 -570.202943 -567.639449 -567.220421 -565.500310 -566.278220 -568.454161 -568.943915 -567.313034 -562.450403 -558.776923 -557.642114 -551.064157 -544.146681 -540.926153 -536.751035 -534.834082 -532.142170 -525.280834 -504.904806
-9999.0 -9999.0 -9999.0 -9999.0 -9999.0 -9999.0 -9999.0 -9999.0 -9999.0 -9999.0 -577.369487 -576.019084 -578.039432 -581.808669 -583.450970 -582.591176 -581.687597 -583.122177 -583.080989 -579.144320 -576.998713 -580.696443 -578.188646 -578.166796 -579.755525 -579.387455 -578.387768 -578.257087 -575.895878 -575.860379 -575.909096 -572.064293 -571.109138 -570.087256 -568.664157 -567.126591 -565.842421 -560.099111 -555.197839 -555.478584 -548.634300 -544.380414 -548.054127 -549.387270 -548.385506 -543.428463 -535.340127 -523.611855 -511.344388 -493.176436 -475.236201 -461.232515 -449.190393 -433.109826 -411.037040 -382.648754
-9999.0 -9999.0 -9999.0 -9999.0 -9999.0 -9999.0 -9999.0 -9999.0 -582.870481 -580.700178 -579.343161 -581.056754 -583.370358 -587.589061 -585.984067 -584.431674 -583.388987 -581.827638 -581.105538 -580.512740 -581.495639 -580.204022 -577.744798 -578.458389 -578.234152 -576.648161 -576.651678 -575.261506 -573.087536 -574.252417 -573.154924 -571.175252 -569.455717 -567.921308 -566.060558 -565.000596 -559.129259 -551.262416 -542.787181 -535.547856 -525.164251 -511.923362 -512.054079 -509.511612 -506.577028 -487.813076 -457.862124 -415.527563 -383.930754 -365.918844 -347.670017 -336.719971 -328.420270 -317.125937 -302.344950 -289.023916
-9999.0 -9999.0 -9999.0 -9999.0 -9999.0 -9999.0 -586.168206 -581.329248 -579.006408 -584.440454 -588.676809 -590.105215 -592.650787 -587.106066 -582.312138 -581.418174 -580.738210 -579.926751 -580.437817 -583.631141 -576.472492 -578.471970 -579.975986 -577.854150 -578.076022 -577.934298 -576.609170 -573.545009 -572.265473 -566.224691 -561.900404 -558.177343 -553.097984 -549.980876 -546.665028 -542.810619 -532.319507 -515.937797 -493.282728 -466.924372 -433.048619 -397.214765 -384.041897 -378.176150 -373.097225 -363.576204 -344.059407 -320.179696 -291.783521 -265.016854 -245.018123 -235.404736 -226.041080 -214.621530 -199.683210 -182.410372
-9999.0 -9999.0 -9999.0 -9999.0 -583.504177 -582.442989 -583.352830 -579.167751 -576.283032 -582.841168 -580.515107 -581.688975 -583.877752 -586.523515 -589.698453 -587.413647 -586.096891 -585.222581 -585.688831 -578.696305 -572.747378 -576.717036 -573.845699 -568.138447 -569.499106 -568.931411 -568.684501 -566.131633 -561.491975 -555.571018 -542.027166 -529.502810 -520.563936 -509.230590 -497.158960 -479.669175 -446.149633 -398.492297 -371.386235 -348.779599 -325.250865 -304.173675 -289.680292 -282.628580 -273.885053 -262.993586 -247.429006 -223.907517 -196.164144 -162.747059 -140.313228 -123.693979 -117.005308 -103.821801 -87.085215 -47.410502
-9999.0 -9999.0 -9999.0 -586.474073 -581.732859 -579.994571 -582.288255 -581.459922 -577.876600 -581.447466 -582.125298 -582.769049 -583.173158 -583.143451 -583.468615 -582.158134 -581.915103 -582.919475 -581.986294 -577.828067 -576.008885 -572.748371 -570.218441 -566.322422 -562.976589 -561.724396 -559.864772 -555.045074 -542.940954 -528.789537 -501.195111 -457.269260 -410.313000 -383.443260 -370.973704 -355.658054 -338.503672 -311.481424 -285.160629 -259.324163 -231.660519 -206.364707 -181.632228 -173.027616 -167.947533 -158.980825 -144.122505 -122.112231 -97.166799 -41.583661 -39.148983 2.424437 -8.303396 19.858297 33.666825 47.270791
-9999.0 -9999.0 -585.641344 -582.933652 -584.816824 -581.465052 -577.743811 -580.411874 -575.977039 -574.585855 -579.126068 -576.616853 -575.352142 -578.192893 -576.464383 -574.496242 -573.493114 -576.881224 -579.336723 -574.539150 -564.152046 -555.753082 -551.487323 -530.747859 -518.083330 -509.621631 -505.442599 -491.610842 -465.682629 -409.541991 -370.754121 -337.030484 -304.622318 -277.828905 -266.347478 -252.645496 -231.516826 -209.117408 -181.823642 -156.174192 -128.105904 -98.328009 -47.016948 -36.243680 -55.206835 -20.855551 -24.064305 16.446263 34.649843 52.868920 68.464402 70.127835 69.192384 70.285922 70.804090 70.318074
-9999.0 -9999.0 -588.795807 -584.296213 -587.456517 -580.508646 -574.031397 -580.346506 -578.463248 -571.866872 -573.718663 -573.005254 -573.998596 -573.777787 -570.943727 -565.216902 -568.162365 -569.290800 -575.864679 -560.553369 -546.920335 -523.160920 -474.247552 -414.579304 -379.609737 -373.790367 -371.028159 -361.121086 -343.822248 -307.213302 -262.590094 -214.776879 -174.784274 -148.097741 -134.947992 -121.136759 -98.881309 -50.874040 -36.485905 -30.987171 8.604610 25.824459 48.144106 64.305637 68.932655 70.295483 68.704094 70.239319 69.958262 70.380853 70.131338 65.992632 66.061114 66.317757 67.227531 62.961440
-9999.0 -589.903219 -587.637284 -587.501950 -582.991376 -584.499087 -579.165745 -571.519181 -571.858631 -569.122328 -569.124241 -573.637069 -558.846011 -545.879723 -541.559865 -530.262184 -535.146693 -538.646987 -546.298481 -530.309438 -498.997751 -407.605522 -324.224424 -274.122499 -245.016541 -240.326324 -243.225934 -230.241426 -206.304086 -170.456316 -113.714674 -44.006736 -7.570702 19.030317 26.893317 28.672952 40.749125 56.365459 71.725150 73.064552 74.643591 74.252563 70.779764 70.165211 70.995910 70.011694 67.303362 61.367224 54.231176 49.067841 43.631990 21.220367 41.244826 46.170919 47.496042 39.691705
-9999.0 -596.870835 -587.935961 -582.772126 -584.807412 -588.630695 -576.405233 -558.010906 -564.462563 -566.504760 -567.341694 -556.070271 -520.352613 -483.521072 -452.557754 -412.620807 -415.022598 -430.587221 -428.671861 -389.801075 -349.281944 -287.321319 -184.331016 -104.977680 -61.327634 -51.623058 -44.209856 -24.666233 -0.185832 20.737384 38.488959 60.155524 62.952696 63.581861 63.544041 63.826181 63.750729 64.012147 60.412922 57.042893 52.775467 52.787758 56.076940 55.796484 53.364223 50.191639 26.493567 35.239473 29.598041 22.691535 -7.419349 -17.473746 -15.221890 0.041952 8.846032 -22.057783
-9999.0 -589.763160 -579.730797 -582.316728 -590.733161 -578.976595 -574.139365 -561.364559 -551.554498 -554.403544 -539.317587 -485.020310 -399.361865 -352.569676 -320.811469 -299.349372 -285.163631 -284.833621 -264.307597 -210.061114 -114.553948 -47.991454 -6.806312 41.539472 49.108124 49.554148 49.083390 49.416037 49.772403 49.928809 50.136312 48.599218 53.052721 55.088832 53.907950 51.076500 46.277398 37.707500 32.116970 29.106820 25.605538 25.514048 28.614287 29.063837 26.546794 21.170146 -15.074443 -25.255513 -33.502056 -42.895858 -52.693483 -59.258884 -60.821974 -62.048908 -65.226311 -75.294029
-9999.0 -601.935340 -587.318542 -599.588938 -582.990305 -568.930500 -570.986414 -549.922812 -523.894219 -513.663030 -430.307424 -363.157975 -301.078101 -256.915795 -222.866113 -184.972678 -157.874397 -128.320129 -84.994459 -2.393836 41.071665 55.882033 57.054689 57.620788 49.709392 49.666974 40.849030 21.699862 11.452304 4.810654 6.464274 12.599675 19.757775 25.636377 23.496463 22.541112 9.763169 -16.790135 -24.999523 -33.906961 -41.537979 -46.532495 -47.246327 -42.040720 -47.927303 -54.080499 -66.459033 -77.049048 -87.102223 -96.511076 -105.832681 -113.556022 -116.539751 -121.445660 -122.615788 -130.196409
-9999.0 -610.950660 -600.404779 -592.930248 -578.560112 -568.491877 -558.551387 -535.375458 -478.834603 -403.632134 -345.833899 -314.238585 -264.174361 -208.311571 -151.850289 -120.987342 -103.421413 -94.293399 -79.097967 -56.620816 -29.912856 -26.986205 -13.905055 5.964798 12.177319 13.220018 -32.717186 -51.326226 -59.869484 -61.084457 -61.542528 -60.971571 -60.577746 -61.718867 -65.360867 -65.856946 -66.027654 -76.734341 -86.194380 -93.944695 -100.353037 -107.562104 -112.470401 -114.975648 -117.738123 -119.428184 -128.406539 -139.609836 -150.433974 -158.904932 -167.223558 -173.628184 -175.651611 -179.627401 -184.920788 -194.375037
-9999.0 -632.153263 -596.819736 -592.954863 -584.452828 -581.996461 -579.809814 -562.508512 -533.730860 -414.024641 -293.614153 -279.087525 -261.682896 -229.402056 -175.862000 -126.971053 -120.340587 -146.343674 -163.902201 -167.752732 -155.311037 -141.515292 -125.357862 -104.455799 -90.349958 -85.194667 -93.653297 -105.838834 -119.960040 -127.020121 -130.227532 -136.812134 -141.959071 -142.342647 -144.801390 -141.238198 -139.546539 -150.022003 -162.394413 -176.012136 -187.554815 -195.897669 -198.724786 -198.249982 -198.988086 -202.020902 -209.210431 -218.704417 -230.063495 -240.122017 -247.874371 -253.166646 -258.247948 -265.014630 -272.461288 -280.260000
-9999.0 -9999.0 -612.499595 -592.810938 -590.579138 -587.895537 -585.615566 -572.227466 -557.400660 -501.757018 -414.106965 -366.754366 -338.539407 -306.727879 -261.817132 -225.049686 -219.789879 -213.812720 -235.683622 -234.744450 -229.025299 -222.617948 -211.589132 -198.739054 -187.056596 -180.620075 -178.545408 -181.683251 -190.856939 -204.227802 -218.951749 -230.036961 -237.105262 -242.136266 -236.298308 -227.554327 -229.203996 -235.409546 -245.266449 -257.685157 -267.700513 -277.536717 -279.820175 -278.707230 -278.633434 -281.032628 -285.461061 -295.827738 -306.670953 -317.604424 -322.987673 -328.087107 -332.881380 -340.923519 -348.764858 -356.843869
-9999.0 -9999.0 -635.921899 -602.961010 -589.950564 -581.127759 -582.697512 -581.688568 -562.390852 -552.722515 -536.367383 -508.012549 -474.438575 -423.209472 -387.757298 -359.930203 -347.736615 -342.241892 -342.709924 -337.054539 -323.566917 -308.774640 -297.821547 -287.673281 -278.272183 -270.795836 -264.304230 -272.528592 -280.833016 -293.228439 -309.095103 -326.556598 -335.838007 -340.669792 -337.709865 -332.237256 -335.804918 -342.746583 -351.831406 -361.648108 -368.432908 -374.802857 -376.375050 -376.892652 -376.943899 -378.441795 -380.992304 -389.368209 -403.338872 -416.152430 -426.929981 -436.269431 -441.994792 -452.676423 -464.908011 -473.491492
