tests/Borden05m/data_simulated/sim_1/output-maps/psiliqL0025N0009.asc
ncols         160
nrows         34
xllcorner     620200.000000
yllcorner     5168000.000000
cellsize      0.500000
NODATA_value  -9999.0
[rows 0 to 24 of 34, columns 55 to 109 of 160]
-9999.0 -9999.0 -9999.0 -9999.0 -9999.0 -9999.0 -9999.0 -9999.0 -9999.0 -9999.0 -9999.0 -9999.0 -9999.0 -9999.0 -9999.0 -9999.0 -9999.0 -9999.0 -9999.0 -9999.0 -9999.0 -9999.0 -9999.0 -9999.0 -9999.0 -9999.0 -9999.0 -9999.0 -9999.0 -9999.0 -9999.0 -9999.0 -9999.0 -9999.0 -9999.0 -9999.0 -9999.0 -9999.0 -9999.0 -9999.0 -9999.0 -9999.0 -9999.0 -9999.0 -9999.0 -9999.0 -9999.0 -9999.0 -9999.0 -9999.0 -9999.0 -9999.0 -9999.0 -9999.0 -9999.0
-9999.0 -9999.0 -9999.0 -9999.0 3198.492671 3193.168749 3188.345961 3183.784518 3175.577013 3166.244503 3158.306584 3154.098061 3152.907886 3152.022865 3151.356322 3156.188312 3164.174655 3171.724134 3178.548545 3180.451860 3182.728501 3184.548735 3184.741251 3183.539804 3180.263272 3177.348923 3173.927067 3172.206323 3164.773473 3153.611987 3145.253647 3142.549901 3146.734265 3151.077964 3153.538821 3158.764675 3169.171418 3179.777805 3187.878831 3200.380867 3207.326463 3212.684304 3215.340101 3211.392225 3208.154735 3204.246831 3198.238926 3187.174358 -9999.0 -9999.0 -9999.0 -9999.0 -9999.0 -9999.0 -9999.0
3143.721836 3162.068912 3182.509051 3185.592430 3174.316290 3169.239668 3166.057055 3164.317990 3159.976843 3151.414825 3146.223217 3140.678387 3138.014727 3137.943666 3137.756308 3141.368545 3151.997884 3159.721583 3164.215438 3166.760023 3169.510062 3167.959678 3167.127678 3166.827263 3163.866226 3160.333173 3156.898631 3155.003826 3156.346965 3148.724390 3142.742431 3138.860303 3135.985462 3138.698573 3141.367414 3145.865312 3155.057675 3162.985440 3170.968936 3185.600035 3198.728653 3204.431586 3201.945896 3197.394456 3193.665575 3186.389249 3176.189849 3166.228373 3158.029294 3151.927184 3146.641435 3140.369420 3146.852225 3154.720779 3164.166456
3126.899837 3145.956135 3166.262797 3168.768387 3158.424915 3150.608307 3143.845270 3144.268735 3147.616248 3144.277009 3139.378000 3131.694645 3141.487333 3142.392546 3143.009645 3146.088294 3147.948731 3152.815633 3155.157070 3160.392461 3169.265714 3171.970080 3172.318434 3172.280317 3170.223097 3166.899614 3164.874647 3162.013179 3156.680584 3154.881147 3154.528779 3153.279912 3157.401314 3158.889058 3161.734364 3156.173214 3160.549150 3166.816726 3173.779434 3179.391940 3185.074419 3187.755800 3184.544041 3185.131685 3177.389814 3163.848882 3154.036791 3146.613640 3146.791082 3143.930516 3136.126873 3122.602422 3130.938808 3147.121918 3151.996575
3130.929963 3139.710610 3150.206485 3152.619625 3147.489026 3149.537938 3151.204385 3152.316992 3150.357476 3146.726753 3142.382356 3152.791788 3160.984109 3162.237686 3164.552882 3168.343324 3168.991511 3157.954106 3155.789554 3163.015489 3172.571208 3177.645367 3177.713424 3177.257569 3173.594488 3172.350229 3172.042616 3170.135784 3169.634993 3171.177121 3168.852997 3171.862227 3177.295266 3179.954358 3175.172795 3166.753083 3168.927021 3177.352420 3185.823796 3193.421541 3203.661486 3214.544755 3214.822243 3210.349004 3201.967160 3189.615204 3167.819924 3150.331718 3139.518776 3131.729719 3124.614121 3127.519422 3123.085769 3136.852526 3138.765188
3116.924831 3137.144628 3157.050014 3162.883973 3156.748951 3152.788320 3151.307208 3151.805586 3150.765119 3151.237557 3160.030507 3171.734454 3182.360818 3184.185297 3185.871737 3184.522118 3177.428016 3167.047715 3164.200227 3177.427993 3193.298790 3201.033878 3200.499341 3196.321363 3199.591985 3199.520529 3199.790804 3196.263431 3197.013948 3194.818917 3200.497024 3208.114358 3215.975011 3214.559832 3202.240774 3190.011977 3189.877189 3195.182549 3201.892521 3209.422912 3219.640516 3228.885734 3224.187232 3219.051921 3211.688685 3186.107221 3164.023063 3149.805009 3150.302499 3151.211558 3146.964691 3145.049619 3144.163572 3140.036770 3140.374063
3152.762129 3171.854852 3191.214877 3204.129431 3197.812587 3190.146357 3181.435046 3181.488732 3181.891021 3187.672269 3197.987817 3210.812560 3232.398942 3231.891115 3232.351151 3231.190162 3218.342536 3205.134043 3195.013717 3216.649442 3227.494443 3234.643302 3232.275149 3237.620766 3246.249504 3242.541960 3236.083143 3224.123906 3229.717504 3236.522150 3251.587562 3259.381872 3264.523854 3260.205648 3246.560198 3239.909258 3241.243633 3247.424271 3248.395057 3256.791999 3265.734162 3280.747824 3279.615821 3276.059634 3256.217441 3219.502374 3190.144867 3177.934247 3188.415555 3182.910841 3177.361524 3177.208046 3166.163600 3158.913138 3161.499857
3184.591247 3198.068232 3214.157848 3230.568027 3221.815554 3211.466659 3195.075510 3191.981557 3196.210975 3206.145583 3223.514510 3241.593932 3261.557241 3260.776284 3254.796064 3264.288345 3257.274682 3246.502104 3238.880521 3259.403770 3269.553880 3279.789295 3285.726252 3298.276439 3308.710751 3292.701757 3276.018500 3265.993923 3272.822815 3297.873678 3319.804191 3324.589530 3323.813400 3323.508662 3308.732403 3303.792328 3300.169567 3300.131098 3297.317512 3295.346135 3320.171240 3341.392265 3341.194940 3319.731862 3297.140994 3258.105162 3220.664182 3196.050339 3208.213414 3205.181956 3208.420118 3198.223287 3186.500911 3178.917935 3176.802726
3235.582347 3257.436626 3273.890882 3295.418443 3286.917105 3264.215754 3248.697561 3251.272437 3264.532764 3272.315417 3290.310130 3307.731108 3333.770868 3346.397961 3358.064252 3361.860995 3354.701747 3346.090450 3333.967554 3338.605839 3361.886738 3373.398479 3381.831732 3390.341245 3402.904648 3403.633746 3397.032471 3395.274003 3399.518499 3412.460785 3426.452053 3433.164050 3436.384255 3439.219170 3426.762133 3414.107208 3411.790116 3406.127012 3404.521981 3403.673905 3414.522373 3434.419224 3431.425489 3395.904632 3369.285078 3334.810248 3296.831876 3267.644600 3260.928449 3279.215547 3276.674081 3260.627593 3249.777817 3223.477897 3217.819261
3305.509059 3338.353125 3362.685805 3372.969783 3380.643730 3366.473457 3364.513171 3368.504292 3376.633350 3379.740922 3386.115189 3418.324746 3452.001705 3477.148138 3499.869771 3507.043671 3494.834739 3485.026548 3471.600878 3462.730506 3473.222884 3490.216950 3507.752257 3522.678653 3533.963327 3536.138848 3534.578225 3534.642803 3537.657895 3540.639999 3544.841409 3553.133188 3560.736755 3569.477694 3577.710943 3567.620275 3550.692454 3541.249306 3531.952778 3530.924432 3532.180926 3535.721043 3536.810349 3520.838079 3479.738290 3448.535677 3416.645536 3396.640774 3383.126617 3382.194988 3364.254217 3340.350427 3289.706011 3252.550313 3221.376969
3391.725357 3435.330911 3464.473635 3481.901296 3494.610924 3491.867485 3493.624153 3494.638323 3498.395947 3500.836147 3503.737224 3530.167713 3571.410941 3610.577192 3641.664438 3641.711089 3628.177709 3616.866051 3607.655426 3593.473424 3589.550099 3601.893516 3617.057091 3637.107238 3647.588103 3653.876489 3650.715694 3650.945050 3652.670942 3654.994733 3657.116681 3660.663726 3670.181960 3685.103359 3699.453002 3698.700062 3680.048684 3662.152461 3646.083476 3643.389977 3640.792985 3635.870784 3638.163320 3640.056177 3624.732878 3593.876309 3554.389217 3514.023386 3496.902393 3481.596046 3470.764031 3454.091449 3414.694974 3349.371415 3310.824963
3506.627912 3540.295954 3569.246552 3599.445328 3614.414917 3616.854618 3614.378216 3613.294561 3620.267528 3623.115917 3628.935805 3645.453399 3677.207474 3712.382929 3741.942159 3757.411663 3749.759478 3732.001812 3709.976668 3700.333552 3697.476975 3701.027108 3710.434648 3723.123272 3742.505370 3761.811247 3767.575700 3768.454109 3765.778882 3768.192115 3769.742592 3769.857549 3772.718095 3781.106832 3790.906548 3794.260440 3786.578494 3765.679215 3742.298418 3730.819248 3724.246474 3720.811228 3721.724028 3726.763511 3729.887761 3715.233374 3679.895791 3635.726614 3605.689150 3590.318434 3577.484620 3563.559409 3551.293172 3519.151233 3498.455056
3615.422789 3630.566225 3658.666919 3687.365185 3710.036222 3724.764938 3725.247192 3728.329554 3733.069455 3740.454614 3755.523224 3778.726321 3797.655351 3820.157556 3846.643668 3862.828709 3868.090612 3866.459986 3862.449847 3863.658529 3864.009344 3801.501407 3807.737592 3813.953277 3830.965736 3846.306081 3851.856755 3852.491392 3849.959329 3851.786359 3852.547990 3852.445221 3852.073164 3854.373899 3859.426420 3861.357474 3858.970202 3846.397122 3864.495704 3844.496341 3831.047056 3822.845065 3814.608647 3806.355385 3796.932465 3787.060422 3767.093389 3736.317535 3702.004737 3680.408911 3672.445773 3666.383771 3658.015648 3652.386858 3635.493386
3713.950631 3724.520124 3742.656088 3765.333752 3799.177913 3822.528139 3833.903478 3843.189204 3847.850444 3861.762933 3878.369632 3862.444660 3870.739112 3879.322334 3887.850671 3890.779375 3891.617931 3891.230999 3888.839822 3888.066339 3885.652544 3882.167356 3871.712366 3873.320863 3875.265660 3877.885370 3881.617184 3880.509583 3881.618362 3884.572410 3882.813768 3876.774684 3872.701859 3871.127000 3872.120740 3879.553647 3883.039831 3883.996835 3880.645329 3879.712942 3878.718419 3875.323194 3871.084321 3865.108757 3857.464834 3872.204290 3860.170484 3832.188347 3792.033284 3750.945790 3743.210435 3744.927846 3744.863307 3743.345251 3737.775530
3838.588780 3852.243415 3867.008963 3844.924689 3867.228387 3878.642552 3883.979617 3888.086410 3890.890023 3894.007286 3890.995745 3887.984837 3883.101908 3881.540254 3880.189874 3877.752856 3878.384142 3876.497824 3872.436676 3868.403480 3860.457104 3848.900809 3837.724843 3834.171593 3838.479409 3844.097025 3849.246171 3853.687971 3857.409754 3857.426439 3851.961844 3843.536530 3835.990530 3834.330297 3841.207513 3846.952448 3853.470959 3854.346180 3852.953465 3850.465072 3850.221868 3846.954840 3847.166412 3854.241896 3868.992572 3871.747053 3877.639250 3876.800149 3860.180178 3830.084914 3841.469915 3821.547483 3827.561310 3822.988138 3811.665628
3882.310212 3885.076583 3883.448710 3882.345276 3875.970691 3869.920946 3869.146788 3873.168472 3880.219946 3881.290264 3874.246663 3865.680557 3858.463681 3851.051951 3848.717373 3848.157090 3847.909098 3848.416051 3843.131712 3833.842207 3816.854493 3805.288216 3794.229928 3788.295203 3784.528545 3788.001199 3799.237318 3811.395283 3816.434809 3807.162235 3798.711980 3786.904715 3778.835583 3779.282665 3780.328334 3789.829539 3806.652933 3814.167885 3814.956260 3808.489685 3802.008120 3795.347327 3792.277478 3798.701712 3813.995199 3830.748610 3846.347492 3855.487443 3863.207527 3870.322238 3868.777858 3871.514527 3873.020381 3870.894317 3873.881092
3876.673239 3869.700267 3862.736192 3857.453834 3851.023964 3845.737063 3843.920014 3845.819732 3847.785625 3843.715852 3837.359353 3827.394660 3816.408436 3806.746537 3799.178356 3800.221156 3802.596777 3804.274131 3797.026221 3781.711615 3763.945224 3750.501511 3736.670375 3732.762124 3726.900497 3719.295372 3729.421498 3749.128090 3756.500180 3740.446859 3729.580999 3714.403865 3707.820448 3703.832470 3704.615044 3713.536810 3736.000819 3760.051020 3762.117993 3751.162841 3740.279258 3735.531917 3732.298529 3736.901381 3753.595712 3774.361050 3790.407772 3800.808019 3806.125236 3813.897172 3823.276816 3837.520580 3852.313114 3864.639877 3869.359601
3851.616840 3843.881533 3836.252217 3828.669814 3821.817119 3815.667174 3811.421148 3809.497434 3805.621304 3799.576710 3792.614663 3772.104459 3759.761860 3746.953495 3732.147526 3728.347521 3723.657162 3724.818003 3713.401660 3705.472766 3689.063819 3673.801838 3658.266439 3645.019664 3639.341119 3632.692411 3631.078574 3644.569897 3653.008751 3643.493667 3633.818763 3623.174556 3618.655449 3615.300242 3617.768623 3628.193994 3647.736324 3666.029530 3674.408083 3667.035421 3665.666935 3665.612882 3663.990536 3670.222382 3680.971171 3698.840640 3721.118478 3739.952927 3749.760387 3756.582301 3765.747511 3780.122128 3794.187025 3808.485398 3826.432430
3821.217149 3811.972562 3802.128673 3792.498068 3782.100044 3771.638708 3765.229582 3767.943742 3762.012091 3756.482356 3733.984339 3679.148610 3658.246654 3639.494961 3623.443834 3616.884730 3608.612896 3592.681900 3584.148710 3579.765171 3581.982683 3568.128768 3550.770891 3533.205397 3528.394588 3524.918466 3507.657184 3503.118425 3503.684048 3519.914134 3513.884032 3512.635786 3514.544180 3512.163133 3513.443679 3526.169907 3533.847538 3539.262149 3545.961508 3550.688313 3561.141238 3569.087775 3579.171210 3596.145945 3606.862952 3622.000384 3642.134582 3667.565698 3682.847691 3692.196321 3702.443060 3717.583970 3733.617927 3751.223376 3773.496215
3786.762220 3770.363275 3755.922177 3741.764884 3729.219090 3716.550136 3700.935767 3702.956885 3700.967324 3690.899721 3636.357348 3595.856800 3562.308323 3545.395068 3522.058505 3508.788567 3492.673950 3454.538112 3437.348194 3437.124197 3452.194404 3448.905189 3433.808368 3422.105434 3412.840163 3403.592235 3385.963653 3367.237841 3373.360477 3391.894343 3392.920529 3396.333470 3404.242262 3403.734798 3396.977663 3394.143738 3406.062128 3411.400949 3422.465067 3440.006360 3444.751635 3461.028672 3494.544491 3507.105672 3521.824497 3539.863830 3559.920361 3581.659256 3603.896377 3617.649662 3632.536923 3650.693617 3667.096259 3687.147350 3709.486497
3736.321076 3705.513879 3684.662220 3667.543075 3648.691003 3622.058950 3602.328241 3600.341960 3594.447805 3565.696503 3513.774402 3478.594779 3455.651640 3434.300571 3411.748699 3388.397448 3351.469396 3317.144022 3295.698243 3311.859791 3323.422532 3335.407165 3324.296014 3313.798509 3304.438854 3286.551492 3269.863098 3253.496261 3264.611494 3273.296162 3292.458683 3299.403417 3303.326093 3309.235294 3307.720040 3296.752007 3291.330313 3299.171739 3308.786857 3320.514579 3341.851946 3376.969466 3401.287173 3419.062363 3439.018175 3457.157810 3477.955776 3500.344649 3522.568008 3539.033416 3556.832700 3574.823159 3595.196982 3613.882250 3636.302979
3656.804394 3628.981413 3603.084114 3580.381161 3549.136414 3503.261950 3489.313857 3480.794107 3459.300269 3412.282395 3371.219880 3351.291828 3339.071207 3316.554545 3296.282178 3267.937747 3234.621221 3213.651950 3193.635005 3204.536681 3215.322801 3235.940016 3227.611208 3221.215298 3218.583386 3203.495073 3190.438209 3174.105856 3180.462890 3192.718732 3216.346619 3222.389706 3226.530402 3235.940688 3235.124100 3230.302250 3212.374230 3218.814936 3229.302864 3243.606677 3274.294288 3296.364641 3318.231844 3339.361881 3358.058367 3378.788030 3400.281276 3422.528323 3448.146896 3466.960815 3485.234285 3506.046503 3524.552387 3538.299947 3553.952444
3549.486237 3526.081760 3507.143713 3483.625603 3441.400481 3398.214562 3358.072780 3331.916593 3280.232025 3246.124511 3226.849886 3226.959945 3215.834320 3197.189097 3179.364068 3161.882378 3141.021661 3123.170742 3098.827814 3104.902234 3121.352560 3138.966339 3140.912927 3142.399913 3141.358070 3132.453511 3119.265279 3105.812084 3109.652368 3126.864141 3144.910522 3155.056032 3162.785348 3170.469299 3170.056603 3160.231424 3149.877498 3154.264286 3169.209895 3184.091201 3200.905000 3220.743687 3240.666005 3260.168709 3281.705630 3303.342327 3325.220370 3349.014860 3374.662938 3394.942621 3417.561669 3440.918971 3456.504312 3464.355087 3471.258094
3448.090812 3429.673768 3407.362178 3380.675638 3339.722621 3301.081805 3261.296542 3214.909853 3182.993322 3156.491240 3151.113084 3137.179987 3125.435081 3112.474506 3093.544846 3078.552088 3065.068191 3044.864599 3035.950738 3043.988370 3058.015630 3066.546722 3073.954016 3072.344025 3070.468750 3065.275769 3051.623639 3047.848382 3058.005222 3073.202044 3086.823926 3098.394191 3105.214483 3110.162298 3106.925779 3097.482337 3094.342903 3102.147731 3117.137083 3129.944113 3143.855293 3163.464786 3181.723705 3202.016733 3223.139544 3243.800660 3266.847527 3290.607298 3315.253101 3341.034380 3362.084530 3379.287572 3386.750582 3394.912282 3393.275799
3326.512398 3316.143977 3291.450055 3264.199108 3236.261259 3204.685148 3181.957397 3153.140098 3124.790382 3097.458196 3073.182800 3062.570459 3058.021620 3046.937833 3031.523417 3021.739504 3007.457048 2998.728405 3005.875529 3007.687962 3016.122771 3014.593572 3016.012279 3014.039661 3013.842406 3012.052763 3006.386358 3018.583211 3025.000028 3038.295482 3048.210859 3057.837288 3063.454724 3066.807518 3067.775003 3063.397243 3069.013041 3074.583181 3087.627933 3098.051981 3110.620209 3129.448724 3145.079112 3162.579576 3182.714395 3204.041331 3226.169150 3250.123741 3276.407562 3299.316543 3315.386918 3320.516742 3328.097941 3327.929465 3315.239430
