tests/Borden05m/data_simulated/sim_1/output-maps/psiliqL0016N0009.asc
ncols         160
nrows         34
xllcorner     620200.000000
yllcorner     5168000.000000
cellsize      0.500000
NODATA_value  -9999.0
[rows 0 to 24 of 34, columns 0 to 54 of 160]
-9999.0 -9999.0 -9999.0 -9999.0 -9999.0 -9999.0 -9999.0 -9999.0 -9999.0 -9999.0 -9999.0 -9999.0 -9999.0 -9999.0 -9999.0 -9999.0 -9999.0 -9999.0 -9999.0 -9999.0 -9999.0 -9999.0 -9999.0 -9999.0 -9999.0 -9999.0 -9999.0 -9999.0 -9999.0 -9999.0 -9999.0 -9999.0 -9999.0 -9999.0 -9999.0 -9999.0 -9999.0 -9999.0 -9999.0 -9999.0 -9999.0 -9999.0 -9999.0 -9999.0 -9999.0 -9999.0 -9999.0 -9999.0 -9999.0 -9999.0 -9999.0 -9999.0 -9999.0 -9999.0 -9999.0
-9999.0 -9999.0 -9999.0 -9999.0 -9999.0 -9999.0 -9999.0 -9999.0 -9999.0 -9999.0 -9999.0 -9999.0 -9999.0 -9999.0 -9999.0 -9999.0 -9999.0 -9999.0 -9999.0 -9999.0 -9999.0 -9999.0 -9999.0 -9999.0 -9999.0 -9999.0 -9999.0 -9999.0 -9999.0 -9999.0 -9999.0 -9999.0 -9999.0 -9999.0 -9999.0 -9999.0 -9999.0 -9999.0 -9999.0 -9999.0 -9999.0 -9999.0 -9999.0 -9999.0 -9999.0 -9999.0 -9999.0 -9999.0 -9999.0 -9999.0 -9999.0 -9999.0 -9999.0 -9999.0 -9999.0
-9999.0 -9999.0 -9999.0 -9999.0 -9999.0 -9999.0 -9999.0 -9999.0 -9999.0 -9999.0 -9999.0 -9999.0 -9999.0 -9999.0 -9999.0 -9999.0 -9999.0 -9999.0 -9999.0 -9999.0 -9999.0 -9999.0 -9999.0 -9999.0 -9999.0 -9999.0 -9999.0 -9999.0 -9999.0 -9999.0 -9999.0 -9999.0 -9999.0 -9999.0 -9999.0 -9999.0 -9999.0 -9999.0 -9999.0 -9999.0 -9999.0 -9999.0 -9999.0 -9999.0 -9999.0 -9999.0 -9999.0 1304.384121 1287.297442 1272.452832 1269.965271 1292.544979 1316.305475 1340.567292 1361.593779
-9999.0 -9999.0 -9999.0 -9999.0 -9999.0 -9999.0 -9999.0 -9999.0 -9999.0 -9999.0 -9999.0 -9999.0 -9999.0 -9999.0 -9999.0 -9999.0 -9999.0 -9999.0 -9999.0 -9999.0 -9999.0 -9999.0 -9999.0 -9999.0 -9999.0 -9999.0 -9999.0 -9999.0 -9999.0 -9999.0 -9999.0 -9999.0 -9999.0 -9999.0 -9999.0 -9999.0 -9999.0 -9999.0 -9999.0 -9999.0 1351.621908 1357.733765 1358.907542 1348.937998 1338.074756 1325.855901 1305.966521 1288.414335 1274.233668 1272.222480 1275.270556 1280.249985 1302.853091 1328.189382 1348.419913
-9999.0 -9999.0 -9999.0 -9999.0 -9999.0 -9999.0 -9999.0 -9999.0 -9999.0 -9999.0 -9999.0 -9999.0 -9999.0 -9999.0 -9999.0 -9999.0 -9999.0 -9999.0 -9999.0 -9999.0 -9999.0 -9999.0 -9999.0 -9999.0 -9999.0 -9999.0 -9999.0 -9999.0 -9999.0 -9999.0 -9999.0 -9999.0 -9999.0 -9999.0 1257.730169 1275.311126 1293.756645 1312.652232 1329.889429 1337.106351 1343.135954 1349.091883 1345.247357 1341.083957 1330.097929 1310.951931 1291.873627 1278.641372 1277.188295 1275.203621 1279.837533 1292.919856 1310.219729 1326.698765 1348.101638
-9999.0 -9999.0 -9999.0 -9999.0 -9999.0 -9999.0 -9999.0 -9999.0 -9999.0 -9999.0 -9999.0 -9999.0 -9999.0 -9999.0 -9999.0 -9999.0 -9999.0 -9999.0 -9999.0 -9999.0 -9999.0 -9999.0 -9999.0 -9999.0 -9999.0 -9999.0 -9999.0 -9999.0 1260.337941 1254.711335 1250.155980 1249.155988 1248.347625 1247.757401 1254.898151 1267.156584 1285.446480 1307.750019 1321.328571 1329.074218 1336.238477 1337.374467 1332.664663 1331.263912 1332.162718 1320.667380 1309.361418 1298.808884 1288.639190 1287.289958 1297.283522 1312.040420 1328.890124 1344.337342 1360.378436
-9999.0 -9999.0 -9999.0 -9999.0 -9999.0 -9999.0 -9999.0 -9999.0 -9999.0 -9999.0 -9999.0 -9999.0 -9999.0 -9999.0 -9999.0 -9999.0 -9999.0 -9999.0 -9999.0 -9999.0 -9999.0 -9999.0 -9999.0 1229.154656 1234.992575 1241.890670 1249.829222 1251.189335 1247.636734 1242.522125 1240.091963 1239.188951 1237.951501 1243.026823 1251.415444 1265.420986 1281.724788 1304.321213 1313.487438 1319.821547 1332.482628 1336.058918 1342.862576 1347.529761 1346.401577 1343.878837 1331.446096 1322.249149 1327.259635 1333.332064 1340.770600 1349.490374 1363.600521 1379.331488 1396.951917
-9999.0 -9999.0 -9999.0 -9999.0 -9999.0 -9999.0 -9999.0 -9999.0 -9999.0 -9999.0 -9999.0 -9999.0 -9999.0 -9999.0 -9999.0 -9999.0 -9999.0 -9999.0 -9999.0 1203.454856 1204.620259 1206.194156 1211.265333 1212.276421 1214.714340 1222.105485 1230.725580 1233.719265 1232.426365 1231.668435 1233.785793 1237.139557 1242.225806 1254.044972 1268.466769 1283.309796 1297.700244 1319.295200 1334.741954 1348.831835 1365.433393 1365.743713 1362.566888 1361.515573 1362.623750 1363.189897 1366.880947 1369.570387 1376.480128 1381.091654 1387.595126 1397.634449 1410.014309 1428.728610 1448.929293
-9999.0 -9999.0 -9999.0 -9999.0 -9999.0 -9999.0 -9999.0 -9999.0 -9999.0 -9999.0 -9999.0 -9999.0 -9999.0 -9999.0 -9999.0 -9999.0 1174.243251 1176.300096 1178.838712 1184.518190 1187.895274 1192.288057 1199.678652 1201.428199 1205.639093 1213.319604 1218.721968 1228.239036 1236.998109 1244.955997 1251.626621 1255.023665 1263.086256 1273.439319 1286.045820 1301.878620 1323.955106 1347.996290 1365.044293 1382.749999 1400.766777 1402.289754 1401.999671 1403.854161 1404.830511 1411.107688 1428.805743 1434.917182 1435.781952 1451.798559 1466.177291 1471.720903 1480.179306 1500.287056 1524.612386
-9999.0 -9999.0 -9999.0 -9999.0 -9999.0 -9999.0 -9999.0 -9999.0 -9999.0 -9999.0 -9999.0 -9999.0 -9999.0 1126.803298 1131.176257 1141.190942 1151.131949 1154.112888 1158.922095 1165.519224 1178.183856 1182.338012 1189.087451 1197.190614 1209.827255 1219.121094 1228.931106 1241.484863 1250.596582 1258.585955 1266.353655 1272.412755 1286.278999 1302.242776 1318.725457 1339.747206 1362.743722 1383.982064 1405.151990 1422.160624 1436.649137 1438.980410 1439.100798 1442.450730 1450.615716 1468.040229 1487.447701 1496.104497 1513.887697 1537.417237 1551.265452 1563.187229 1572.464526 1586.992788 1609.273318
-9999.0 -9999.0 -9999.0 -9999.0 -9999.0 -9999.0 -9999.0 -9999.0 -9999.0 -9999.0 1093.875368 1096.349890 1093.284893 1093.064154 1098.684326 1111.279966 1125.585690 1132.500111 1144.676277 1166.225019 1184.746417 1188.851935 1203.913268 1214.870931 1222.411647 1233.640696 1247.582198 1261.156273 1278.674921 1292.019572 1304.228819 1324.346670 1341.842593 1359.503179 1378.405480 1399.930258 1420.461561 1449.503783 1477.537122 1491.156068 1513.990975 1525.126989 1523.475122 1524.577076 1534.754966 1551.220301 1572.707944 1596.205432 1618.656182 1644.587481 1661.976738 1677.168526 1688.786131 1702.058181 1718.997886
-9999.0 -9999.0 -9999.0 -9999.0 -9999.0 -9999.0 -9999.0 -9999.0 1068.714529 1076.455282 1082.878600 1080.299010 1076.310588 1072.643134 1087.047227 1103.398203 1120.019464 1138.361564 1154.971135 1173.884247 1189.744681 1206.595140 1227.336356 1239.838832 1252.326175 1268.618051 1283.261368 1301.178504 1323.513627 1336.826933 1354.094883 1376.562799 1396.189104 1415.526760 1435.703716 1455.206811 1482.352137 1516.956376 1550.026113 1573.400145 1602.586112 1626.325443 1626.516856 1629.878226 1635.179756 1661.666678 1691.760502 1723.372536 1749.004472 1776.832983 1806.995593 1826.048182 1837.557475 1851.050334 1867.190339
-9999.0 -9999.0 -9999.0 -9999.0 -9999.0 -9999.0 1040.735491 1065.310360 1080.800730 1073.288746 1063.350690 1060.084016 1056.381465 1081.439056 1104.144848 1122.145153 1139.807280 1158.245378 1175.620558 1188.935262 1223.081600 1242.140024 1257.298505 1275.902336 1291.706736 1307.559475 1326.152974 1350.584197 1373.245498 1403.375688 1429.490580 1454.100136 1481.694209 1502.846976 1523.183266 1542.600498 1575.081294 1613.688903 1651.673029 1681.562079 1710.058011 1742.492230 1750.285008 1756.927595 1764.548169 1786.937626 1819.811460 1851.084161 1885.541215 1918.241084 1945.923055 1958.505673 1969.602658 1981.646649 1995.857068
-9999.0 -9999.0 -9999.0 -9999.0 1006.786900 1027.958626 1048.238912 1079.320513 1102.381147 1098.053971 1105.159562 1105.809674 1104.476504 1109.334513 1117.407025 1136.323329 1155.961797 1175.929748 1194.369376 1229.397548 1275.012905 1291.282356 1316.066653 1349.156757 1364.039190 1380.708158 1398.423721 1422.693164 1449.954224 1484.223354 1528.289594 1566.100133 1593.093553 1617.345503 1640.071512 1663.111478 1698.896126 1738.076531 1776.348555 1811.701061 1842.692587 1870.001820 1883.283431 1892.079811 1904.768348 1922.163496 1944.556960 1972.732581 2004.968279 2037.552580 2062.880178 2076.508076 2084.727060 2095.884506 2106.551712
-9999.0 -9999.0 -9999.0 956.524791 995.508888 1033.935024 1061.297620 1092.756877 1125.660137 1130.599048 1140.497091 1145.837334 1151.031047 1160.309309 1169.340691 1187.503076 1205.076553 1222.665203 1245.906158 1283.539707 1319.207153 1349.002244 1382.081070 1409.196583 1430.696809 1447.966385 1468.196482 1493.350325 1534.266493 1572.352071 1623.508129 1677.805243 1715.584036 1741.014219 1764.872675 1793.652158 1820.112303 1858.037464 1894.168393 1928.439753 1961.245670 1986.899627 2006.241748 2014.608180 2025.121946 2034.245279 2050.778969 2072.877483 2095.372683 2124.837634 2153.672397 2179.414556 2194.117386 2204.779178 2221.303802
-9999.0 -9999.0 908.981582 947.206494 981.294198 1031.561590 1085.153940 1120.430612 1162.082080 1186.427941 1194.023330 1211.629739 1228.378360 1236.253759 1252.345971 1270.301817 1289.819144 1298.229243 1316.920255 1347.087053 1396.787732 1442.447619 1462.353659 1513.566651 1548.325660 1578.358830 1598.256086 1626.525875 1663.690749 1705.654805 1754.823747 1805.837880 1845.047035 1877.170102 1895.073404 1915.907144 1939.447243 1964.945928 2000.261161 2029.749006 2062.444521 2089.415971 2111.832027 2118.872114 2124.459377 2140.957351 2166.368424 2193.438405 2218.884517 2243.488789 2245.341142 2259.069634 2265.852683 2270.102127 2275.887975
-9999.0 -9999.0 881.821884 927.162621 967.163989 1033.177818 1114.483146 1152.311226 1196.109984 1243.346228 1263.048318 1288.844846 1300.469065 1309.450557 1333.860628 1356.931676 1371.756618 1380.225658 1380.962111 1437.586882 1496.739124 1545.870095 1589.906856 1659.652171 1707.731822 1727.320126 1742.219372 1764.353716 1789.686920 1833.184266 1880.378739 1933.935599 1978.104386 2009.944555 2027.100711 2046.646644 2067.703429 2085.979747 2105.967779 2146.883732 2176.256929 2203.561948 2231.816783 2252.924226 2261.997150 2266.467047 2255.037722 2266.700644 2274.919899 2279.076570 2281.146059 2278.624136 2278.736329 2280.059629 2281.491802
-9999.0 792.182332 844.559866 897.742217 966.594449 1033.872047 1117.022153 1197.577518 1257.108635 1306.748011 1337.533512 1349.857868 1384.408882 1426.881667 1454.099314 1481.562276 1486.917857 1494.557776 1485.679148 1536.189099 1585.968096 1658.760661 1767.936274 1826.263859 1874.952731 1878.643718 1875.122074 1888.294931 1912.235754 1956.728799 2025.486624 2074.298775 2129.364379 2171.355398 2187.795904 2195.833809 2214.407792 2235.123506 2218.886910 2244.818652 2257.650757 2268.559728 2273.252026 2276.280840 2278.542013 2279.794603 2277.613839 2272.159720 2265.208398 2260.326975 2256.840557 2252.771436 2255.483306 2258.897932 2259.597688
-9999.0 756.358668 815.757821 887.248468 958.444828 1024.726143 1126.836925 1273.897849 1330.468606 1370.240653 1393.871288 1413.847051 1491.711809 1559.321442 1594.838750 1641.571153 1637.657504 1629.190600 1615.440045 1649.033675 1698.541488 1772.987760 1918.620029 2004.463690 2037.460247 2050.653751 2059.195052 2087.407351 2125.932681 2164.367417 2199.615907 2196.907909 2227.099171 2243.144969 2248.916334 2252.159353 2257.643296 2259.293076 2259.101587 2257.089645 2254.122700 2255.940471 2261.463199 2262.573558 2260.922525 2258.777091 2253.971817 2247.000656 2241.852707 2237.393970 2234.709901 2231.701795 2229.931364 2229.607665 2224.875884
-9999.0 725.416118 797.265361 860.613041 924.094847 1036.794646 1164.500737 1302.546474 1397.980284 1438.240882 1459.776584 1528.247997 1631.662384 1731.045081 1785.372509 1813.215188 1815.477912 1794.462687 1797.504334 1843.428751 1909.717959 2004.921391 2102.502901 2182.952917 2199.109299 2205.651132 2184.759972 2201.880723 2217.722507 2222.434510 2226.041103 2232.165393 2239.532516 2244.531225 2245.458929 2244.767845 2242.092948 2235.985014 2232.656642 2230.724995 2228.504919 2229.088664 2232.580758 2234.662175 2232.772473 2229.434601 2225.206240 2219.575944 2213.243619 2206.366198 2202.052315 2197.649507 2195.059144 2189.594825 2184.711353
-9999.0 623.098950 712.596988 766.387299 877.150760 1053.996777 1182.359569 1333.102255 1483.670085 1524.068693 1599.352302 1724.284339 1833.686425 1910.857431 1953.007485 1996.684763 2028.078215 2053.314536 2090.318618 2041.691272 2101.799428 2164.640114 2193.799235 2209.338555 2215.313137 2219.595204 2214.477022 2197.919280 2190.082833 2185.759418 2189.545654 2198.670330 2205.730300 2212.694484 2212.180867 2214.263646 2215.775504 2213.532799 2210.807362 2203.553396 2196.860701 2191.808806 2190.473689 2196.095922 2191.632904 2188.784703 2182.805332 2174.558145 2165.457743 2157.421255 2149.223013 2142.002545 2138.658603 2132.445524 2130.014256
-9999.0 542.223275 618.823407 705.221408 840.995727 1006.309430 1133.687671 1301.907535 1516.173331 1637.940567 1769.968783 1847.667617 1923.570173 1985.119811 2048.704617 2098.746244 2126.921749 2140.266457 2130.372077 2144.795855 2114.326988 2109.661616 2129.652058 2158.884388 2175.361906 2182.085609 2176.384556 2168.328943 2163.139727 2163.704920 2163.674028 2162.976958 2161.976067 2160.633820 2158.541845 2161.569730 2167.055071 2161.642756 2153.555919 2145.911750 2139.017529 2131.195754 2126.117374 2122.826046 2122.058637 2121.839359 2114.188174 2103.532543 2092.525950 2083.767739 2075.522052 2069.362175 2065.930176 2060.000058 2050.695061
-9999.0 441.236108 564.093054 656.627845 776.165198 913.359358 1038.943670 1203.538539 1352.937489 1578.371674 1737.293309 1857.456763 1903.525377 1966.566485 2027.298566 2097.664206 2104.559760 2079.140371 2048.803668 2036.803666 2045.444287 2057.190776 2071.700408 2092.451244 2111.918667 2123.564152 2127.911586 2122.252959 2109.883164 2100.985668 2094.237542 2084.393506 2077.471043 2076.572648 2078.351312 2086.405361 2088.857242 2080.401429 2068.001556 2052.271155 2038.591504 2028.306410 2025.868306 2027.557010 2027.690479 2023.838037 2016.865216 2005.880786 1992.813349 1980.301388 1972.392278 1966.274662 1958.381136 1947.226690 1934.864651
-9999.0 -9999.0 487.708417 598.939506 706.297302 829.010212 943.052332 1085.662965 1237.416564 1420.423408 1540.955580 1680.204688 1758.537153 1807.235488 1857.700649 1915.139244 1937.863614 1961.586271 1949.636135 1957.477705 1966.669927 1974.569488 1985.448584 1997.903393 2012.372072 2023.826593 2033.194446 2032.075079 2023.880885 2006.799035 1986.011093 1969.959020 1960.956061 1953.768760 1963.533065 1975.137344 1972.079417 1965.822930 1954.315216 1939.058354 1926.605449 1913.228631 1909.694136 1909.907112 1909.857868 1906.688206 1901.995386 1888.633146 1875.106336 1862.724636 1856.493314 1849.462676 1843.353809 1831.739685 1819.299283
-9999.0 -9999.0 402.938446 511.645995 625.563763 749.366871 849.278747 919.254582 1071.848011 1188.996158 1296.212550 1398.535714 1485.033082 1551.307070 1595.954145 1659.062716 1704.205172 1722.679076 1747.541638 1782.520422 1811.240000 1842.330410 1863.058943 1876.957356 1892.151867 1906.825938 1916.297722 1905.001795 1894.666598 1878.407866 1857.017994 1833.376794 1820.999656 1817.724331 1819.301425 1823.769219 1817.936402 1808.836710 1794.993914 1780.172568 1767.733264 1757.088500 1753.148965 1749.302763 1747.511327 1744.199657 1740.659717 1731.980522 1720.457497 1712.419593 1703.208492 1696.660964 1693.024585 1686.044568 1676.573064
