tests/Borden05m/data_simulated/sim_1/output-maps/psiliqL0006N0017.asc
ncols         160
nrows         34
xllcorner     620200.000000
yllcorner     5168000.000000
cellsize      0.500000
NODATA_value  -9999.0
[rows 0 to 24 of 34, columns 0 to 55 of 160]
-9999.0 -9999.0 -9999.0 -9999.0 -9999.0 -9999.0 -9999.0 -9999.0 -9999.0 -9999.0 -9999.0 -9999.0 -9999.0 -9999.0 -9999.0 -9999.0 -9999.0 -9999.0 -9999.0 -9999.0 -9999.0 -9999.0 -9999.0 -9999.0 -9999.0 -9999.0 -9999.0 -9999.0 -9999.0 -9999.0 -9999.0 -9999.0 -9999.0 -9999.0 -9999.0 -9999.0 -9999.0 -9999.0 -9999.0 -9999.0 -9999.0 -9999.0 -9999.0 -9999.0 -9999.0 -9999.0 -9999.0 -9999.0 -9999.0 -9999.0 -9999.0 -9999.0 -9999.0 -9999.0 -9999.0 -9999.0
-9999.0 -9999.0 -9999.0 -9999.0 -9999.0 -9999.0 -9999.0 -9999.0 -9999.0 -9999.0 -9999.0 -9999.0 -9999.0 -9999.0 -9999.0 -9999.0 -9999.0 -9999.0 -9999.0 -9999.0 -9999.0 -9999.0 -9999.0 -9999.0 -9999.0 -9999.0 -9999.0 -9999.0 -9999.0 -9999.0 -9999.0 -9999.0 -9999.0 -9999.0 -9999.0 -9999.0 -9999.0 -9999.0 -9999.0 -9999.0 -9999.0 -9999.0 -9999.0 -9999.0 -9999.0 -9999.0 -9999.0 -9999.0 -9999.0 -9999.0 -9999.0 -9999.0 -9999.0 -9999.0 -9999.0 -9999.0
-9999.0 -9999.0 -9999.0 -9999.0 -9999.0 -9999.0 -9999.0 -9999.0 -9999.0 -9999.0 -9999.0 -9999.0 -9999.0 -9999.0 -9999.0 -9999.0 -9999.0 -9999.0 -9999.0 -9999.0 -9999.0 -9999.0 -9999.0 -9999.0 -9999.0 -9999.0 -9999.0 -9999.0 -9999.0 -9999.0 -9999.0 -9999.0 -9999.0 -9999.0 -9999.0 -9999.0 -9999.0 -9999.0 -9999.0 -9999.0 -9999.0 -9999.0 -9999.0 -9999.0 -9999.0 -9999.0 -9999.0 -695.534926 -713.368602 -730.910597 -732.465064 -709.495372 -686.420682 -663.124779 -643.011448 -624.618786
-9999.0 -9999.0 -9999.0 -9999.0 -9999.0 -9999.0 -9999.0 -9999.0 -9999.0 -9999.0 -9999.0 -9999.0 -9999.0 -9999.0 -9999.0 -9999.0 -9999.0 -9999.0 -9999.0 -9999.0 -9999.0 -9999.0 -9999.0 -9999.0 -9999.0 -9999.0 -9999.0 -9999.0 -9999.0 -9999.0 -9999.0 -9999.0 -9999.0 -9999.0 -9999.0 -9999.0 -9999.0 -9999.0 -9999.0 -9999.0 -648.228091 -642.412684 -640.640611 -651.996837 -663.585400 -675.304461 -695.344308 -713.499167 -729.711122 -732.924446 -730.637553 -724.918273 -701.792969 -678.061570 -659.100114 -641.878903
-9999.0 -9999.0 -9999.0 -9999.0 -9999.0 -9999.0 -9999.0 -9999.0 -9999.0 -9999.0 -9999.0 -9999.0 -9999.0 -9999.0 -9999.0 -9999.0 -9999.0 -9999.0 -9999.0 -9999.0 -9999.0 -9999.0 -9999.0 -9999.0 -9999.0 -9999.0 -9999.0 -9999.0 -9999.0 -9999.0 -9999.0 -9999.0 -9999.0 -9999.0 -739.280374 -721.693023 -703.868858 -685.962236 -669.727638 -663.549211 -657.854406 -652.103518 -656.357198 -661.537484 -673.180816 -691.801371 -711.947193 -726.744182 -729.865506 -732.893179 -728.780942 -715.794613 -699.598485 -683.472103 -662.924066 -640.355661
-9999.0 -9999.0 -9999.0 -9999.0 -9999.0 -9999.0 -9999.0 -9999.0 -9999.0 -9999.0 -9999.0 -9999.0 -9999.0 -9999.0 -9999.0 -9999.0 -9999.0 -9999.0 -9999.0 -9999.0 -9999.0 -9999.0 -9999.0 -9999.0 -9999.0 -9999.0 -9999.0 -9999.0 -733.510788 -739.686280 -745.258603 -747.111287 -748.797911 -750.506161 -743.824693 -731.623776 -713.456170 -692.418633 -680.166834 -673.492920 -667.398198 -666.922403 -672.033949 -674.709335 -674.900441 -686.912459 -698.872929 -710.128595 -721.045043 -722.447975 -713.232770 -699.974247 -684.586595 -670.461534 -655.832152 -642.292733
-9999.0 -9999.0 -9999.0 -9999.0 -9999.0 -9999.0 -9999.0 -9999.0 -9999.0 -9999.0 -9999.0 -9999.0 -9999.0 -9999.0 -9999.0 -9999.0 -9999.0 -9999.0 -9999.0 -9999.0 -9999.0 -9999.0 -9999.0 -761.790823 -755.670907 -749.480732 -742.488728 -742.005645 -746.884668 -753.028466 -756.722266 -758.781671 -760.753999 -756.873044 -748.705764 -735.333903 -719.811581 -698.750938 -690.713257 -684.271697 -672.052794 -670.590066 -666.746277 -663.193926 -665.588334 -668.557930 -680.762738 -689.818339 -683.965998 -678.004381 -672.354711 -665.764962 -653.532541 -638.265798 -620.725526 -600.110743
-9999.0 -9999.0 -9999.0 -9999.0 -9999.0 -9999.0 -9999.0 -9999.0 -9999.0 -9999.0 -9999.0 -9999.0 -9999.0 -9999.0 -9999.0 -9999.0 -9999.0 -9999.0 -9999.0 -785.864983 -785.319771 -784.755470 -780.553052 -779.897010 -777.951198 -771.252413 -763.449451 -761.957794 -763.913362 -766.186426 -765.102057 -762.941848 -759.379878 -748.203919 -734.787684 -721.176326 -707.444101 -687.092585 -672.871799 -659.216037 -643.342337 -645.770124 -651.158878 -654.169645 -654.379925 -654.154587 -647.543746 -643.779573 -638.774649 -632.835573 -625.992220 -617.837568 -607.932323 -589.535124 -568.951851 -547.887103
-9999.0 -9999.0 -9999.0 -9999.0 -9999.0 -9999.0 -9999.0 -9999.0 -9999.0 -9999.0 -9999.0 -9999.0 -9999.0 -9999.0 -9999.0 -9999.0 -813.363684 -811.758432 -810.108248 -805.244872 -803.391448 -799.855160 -793.406184 -792.941969 -789.487092 -782.848956 -778.297664 -770.395369 -763.157367 -756.287627 -750.897681 -748.823620 -741.507683 -732.389711 -721.040965 -705.727941 -684.098631 -662.119456 -646.424287 -630.370531 -614.143198 -614.741218 -616.708072 -616.279064 -615.924389 -607.559473 -588.914664 -582.768374 -578.630820 -558.167596 -543.234663 -537.597382 -530.341294 -511.717044 -485.641291 -453.087376
-9999.0 -9999.0 -9999.0 -9999.0 -9999.0 -9999.0 -9999.0 -9999.0 -9999.0 -9999.0 -9999.0 -9999.0 -9999.0 -856.042125 -852.136417 -843.507146 -836.466223 -834.892780 -831.656774 -826.685858 -814.953510 -812.037909 -806.331964 -799.165610 -788.465917 -780.575117 -771.869435 -760.658399 -752.760249 -746.179681 -739.627990 -733.190397 -719.747679 -704.739660 -689.193390 -669.360532 -648.473393 -627.677372 -606.700135 -592.393509 -578.223708 -574.457293 -577.303669 -576.405318 -567.989003 -548.445213 -527.770995 -512.087494 -485.778560 -457.089527 -437.989656 -420.313470 -407.727909 -391.098927 -362.378741 -310.252782
-9999.0 -9999.0 -9999.0 -9999.0 -9999.0 -9999.0 -9999.0 -9999.0 -9999.0 -9999.0 -891.920077 -889.227919 -893.057539 -892.337873 -888.363404 -877.024375 -864.557868 -858.028038 -847.534150 -827.642757 -811.342672 -808.579834 -794.109009 -784.884730 -779.071742 -768.894662 -756.344386 -743.856962 -726.852441 -714.731346 -702.243943 -681.473808 -665.608088 -649.926408 -632.938982 -613.971223 -592.768728 -561.510386 -533.063585 -517.468278 -490.146520 -472.272992 -475.736873 -475.441405 -466.520024 -443.160560 -409.541804 -369.316007 -333.328634 -292.839270 -262.310721 -242.924829 -228.952437 -213.338368 -195.041741 -163.763035
-9999.0 -9999.0 -9999.0 -9999.0 -9999.0 -9999.0 -9999.0 -9999.0 -915.697314 -909.165218 -902.910266 -906.304182 -911.519802 -914.920412 -902.605336 -887.261738 -871.903189 -855.731041 -840.434711 -823.430656 -808.386444 -792.253442 -773.819045 -762.660739 -751.382849 -736.904401 -723.882616 -706.224288 -685.456071 -670.665146 -651.279185 -629.700297 -610.222737 -592.500914 -574.314295 -555.614182 -524.156645 -485.311041 -445.748831 -411.338397 -372.127083 -335.164522 -331.160306 -324.463218 -314.809492 -276.689916 -235.821979 -198.289716 -167.430508 -139.130531 -111.169130 -95.439807 -85.023337 -72.373689 -56.974616 -42.316235
-9999.0 -9999.0 -9999.0 -9999.0 -9999.0 -9999.0 -940.586405 -916.605748 -902.165530 -910.459543 -918.164965 -921.579715 -925.093114 -907.936125 -887.221026 -871.153826 -855.239632 -838.755574 -823.363987 -808.741496 -773.530981 -758.683596 -744.312371 -724.510769 -711.508749 -698.433158 -681.731720 -658.451440 -635.170210 -601.130078 -568.954801 -539.416700 -510.376741 -487.731232 -465.643954 -440.292844 -396.986904 -342.659450 -288.631719 -246.351806 -211.587373 -179.129723 -167.429946 -160.497304 -151.761357 -134.424959 -106.241290 -77.312101 -44.475072 -13.442420 10.067798 21.039315 30.837929 41.920828 55.416861 69.720930
-9999.0 -9999.0 -9999.0 -9999.0 -973.204097 -952.541431 -932.199431 -901.477875 -879.109435 -885.418980 -878.023680 -877.622197 -879.042300 -877.631238 -873.050721 -855.846891 -839.224891 -822.575647 -804.254804 -765.889430 -725.852182 -709.733913 -682.577916 -650.669553 -637.214128 -623.016739 -608.211638 -584.822079 -552.808817 -513.519069 -456.971475 -403.167845 -363.861309 -328.873243 -297.625078 -263.761318 -223.373168 -181.449348 -145.153365 -112.120594 -82.841872 -59.246865 -44.199484 -35.459460 -24.481230 -11.009352 7.334676 32.748187 61.894006 95.437239 121.297421 136.556915 144.666579 154.759867 166.792567 183.175134
-9999.0 -9999.0 -9999.0 -1018.660878 -980.340973 -944.367822 -917.333683 -886.824298 -855.826984 -849.284468 -841.716536 -834.993544 -827.999692 -819.369527 -809.249697 -793.940110 -781.500840 -770.960825 -751.262106 -715.223769 -679.113162 -643.593519 -610.621148 -577.005043 -551.296670 -534.076714 -516.254092 -487.929095 -439.218903 -382.987176 -308.917959 -238.542356 -193.687268 -166.342985 -146.768848 -122.502657 -99.522829 -67.165716 -35.487869 -5.817181 23.487317 47.832050 69.373260 81.146287 89.370449 97.262953 115.613832 136.915530 160.470332 197.364183 226.524762 246.960798 258.161756 265.735183 279.681864 293.912772
-9999.0 -9999.0 -1064.011030 -1027.675861 -992.513807 -940.423199 -888.490551 -856.235218 -815.835072 -790.479952 -783.746831 -764.745006 -747.771487 -739.409759 -722.274689 -705.131651 -694.012259 -692.655085 -682.335902 -644.777073 -588.066496 -533.264173 -488.671965 -417.647136 -372.721624 -342.948384 -324.509928 -290.031786 -247.943758 -196.425195 -146.504593 -98.880599 -60.602325 -30.802274 -17.183937 -1.168163 21.618646 44.868900 74.655762 102.294695 129.571092 154.534978 179.712876 200.980592 205.976418 213.430275 239.789492 261.217533 281.727404 301.857768 317.436938 320.133897 321.110319 321.925081 323.096081 323.991336
-9999.0 -9999.0 -1088.260838 -1044.673045 -1001.424487 -929.564539 -856.097561 -819.207524 -776.548688 -733.167044 -714.500575 -691.654222 -670.522798 -649.557217 -625.345668 -599.988889 -598.125743 -596.800316 -598.103153 -540.400445 -471.600797 -380.619302 -277.096943 -209.375686 -169.937711 -160.752051 -154.088372 -136.770061 -112.173731 -69.202445 -18.235527 33.829566 76.472612 104.752039 118.932839 133.815674 155.432826 184.383336 202.146764 233.038245 251.912133 271.589515 293.535393 313.027808 319.659779 319.632834 319.308024 321.109409 322.451731 322.793988 322.678415 319.280230 317.689396 319.100807 320.428715 315.605662
-9999.0 -1172.626105 -1121.204596 -1066.991107 -995.599434 -925.721461 -838.320717 -757.170606 -710.393846 -670.481189 -642.798695 -620.693349 -557.948008 -500.371717 -467.877482 -431.139864 -435.024634 -439.805026 -447.757187 -393.528266 -311.561128 -203.678878 -92.367236 -41.777733 -15.396863 -13.379749 -17.268239 -4.159959 20.848885 61.382741 127.685527 183.913725 227.390022 257.546731 267.676660 270.977169 285.316355 303.526751 315.982663 321.743104 323.871654 325.510623 322.611698 323.468932 323.725757 323.391844 320.052211 313.809491 305.328355 296.928999 291.900321 286.143229 282.726444 291.503098 293.643026 286.403195
-9999.0 -1206.572159 -1145.074131 -1071.790911 -1000.046128 -918.833240 -802.143864 -678.884315 -636.086686 -603.323810 -570.208647 -508.366234 -397.418588 -305.724548 -259.400336 -217.707216 -219.452418 -230.556949 -229.108095 -191.496101 -134.785806 -58.434971 54.162284 124.816410 122.721926 125.659137 130.406331 151.315861 181.809201 216.912137 263.929488 294.915547 305.879790 310.052062 311.569923 312.144078 313.184667 313.939499 311.287820 307.995157 303.456077 303.701575 307.553800 307.261489 303.803845 298.589077 291.721738 282.851735 273.304565 257.020059 249.417137 244.064521 240.574518 242.141181 238.459050 232.066939
-9999.0 -1226.473012 -1156.236353 -1091.671475 -1015.176623 -884.799383 -765.131069 -639.615737 -551.779601 -510.897368 -439.814674 -313.737147 -210.386777 -134.793637 -94.363529 -73.157602 -61.426885 -64.501913 -44.676345 4.212250 76.987836 165.215329 217.654403 265.538643 249.721595 233.818727 223.326814 224.409554 230.353010 240.845494 259.968854 282.933539 296.329211 301.576672 300.785622 296.149210 290.915198 283.233560 278.238514 274.716063 268.972491 268.845019 273.890667 274.002870 267.771274 252.859258 243.614584 235.140740 225.836895 214.071245 207.107973 201.475894 198.215602 193.781489 188.837411 182.465936
-9999.0 -1308.667171 -1224.868760 -1161.956564 -1016.675305 -855.555887 -735.121596 -579.669692 -437.704108 -363.128850 -242.817366 -146.083356 -67.102194 -14.091004 22.859989 61.522398 87.970861 114.580091 149.777170 176.673326 245.595716 281.558843 289.695338 289.327250 269.350738 239.950726 220.898617 199.888196 192.184497 192.374066 205.502807 228.305266 252.437687 264.286259 260.889793 249.266847 244.312156 239.343099 235.403458 227.310186 219.175115 214.001385 213.539034 218.205662 210.656735 202.198475 193.391310 183.728721 173.429016 163.411893 154.340579 146.621221 142.991596 137.062598 135.360715 128.158258
-9999.0 -1389.713566 -1309.153212 -1197.120556 -1037.927122 -875.753148 -723.013503 -545.898319 -323.044029 -206.861800 -120.379199 -76.407756 -17.944025 41.507508 99.725375 132.374654 149.943343 157.424776 165.353727 177.102212 173.444183 194.859699 214.000074 231.209725 215.855117 200.992436 183.599173 169.718032 164.188178 167.450539 173.413955 182.011423 190.552355 193.334076 190.031907 187.134277 188.615997 182.275653 174.750998 167.545316 160.942308 153.430081 148.291772 145.163327 141.706342 139.176009 130.453667 119.337226 108.276921 99.427719 90.923295 84.349308 81.855770 77.250297 71.195546 61.035137
-9999.0 -1471.483091 -1357.144941 -1250.043255 -1107.369978 -966.548239 -825.716942 -654.890342 -475.863108 -230.402153 -70.236615 -39.958271 -17.599469 19.636793 75.234037 126.870589 132.729495 105.347758 84.083897 76.907207 87.628706 107.287710 124.852241 142.718631 148.458051 148.221089 143.091257 133.068744 120.954724 116.300492 116.164860 113.263854 111.716859 113.468038 112.130967 115.843462 117.932443 108.663850 96.830950 82.934500 70.715031 61.579078 58.334780 58.493509 57.269300 53.490045 45.882607 35.834169 23.850987 13.024857 4.870959 -0.847735 -6.683764 -14.618822 -23.496296 -33.344704
-9999.0 -9999.0 -1425.605970 -1310.301769 -1191.644492 -1060.763089 -926.907289 -766.744488 -607.353405 -381.402814 -240.996835 -158.585746 -113.100656 -76.515662 -28.162543 14.145998 21.893310 29.806880 7.296849 9.371227 17.070954 26.289623 38.446164 50.510625 59.975716 65.012154 67.814941 65.292789 57.043361 44.394583 30.403979 20.288322 14.367464 9.869233 16.778082 26.156312 24.339276 17.994148 7.355142 -6.621206 -18.462388 -30.414246 -33.743364 -33.126168 -33.466702 -36.579395 -41.749009 -53.542837 -65.584332 -77.693493 -83.619074 -89.484284 -95.248563 -105.346326 -115.862943 -127.907798
-9999.0 -9999.0 -1506.878558 -1392.708482 -1266.688638 -1138.246982 -1027.853169 -907.913764 -746.468765 -620.453146 -509.221366 -402.449092 -309.552088 -247.611555 -206.012000 -160.069421 -138.407409 -128.593876 -124.189675 -110.759040 -91.169855 -72.290074 -59.178520 -47.446758 -36.453766 -27.487040 -20.250423 -29.524821 -38.895683 -52.805331 -70.055396 -88.907686 -98.957980 -104.221449 -100.491998 -93.986174 -98.509309 -107.741048 -120.709481 -135.839943 -147.903157 -159.349968 -163.112995 -164.919395 -165.620517 -168.303442 -171.844028 -181.514264 -194.300404 -204.455925 -213.494253 -221.457073 -226.493672 -236.460958 -249.450380 -260.833419
