tests/Borden05m/data_simulated/sim_1/output-maps/psiliqL0022N0014.asc
ncols         160
nrows         34
xllcorner     620200.000000
yllcorner     5168000.000000
cellsize      0.500000
NODATA_value  -9999.0
[rows 0 to 24 of 34, columns 0 to 54 of 160]
-9999.0 -9999.0 -9999.0 -9999.0 -9999.0 -9999.0 -9999.0 -9999.0 -9999.0 -9999.0 -9999.0 -9999.0 -9999.0 -9999.0 -9999.0 -9999.0 -9999.0 -9999.0 -9999.0 -9999.0 -9999.0 -9999.0 -9999.0 -9999.0 -9999.0 -9999.0 -9999.0 -9999.0 -9999.0 -9999.0 -9999.0 -9999.0 -9999.0 -9999.0 -9999.0 -9999.0 -9999.0 -9999.0 -9999.0 -9999.0 -9999.0 -9999.0 -9999.0 -9999.0 -9999.0 -9999.0 -9999.0 -9999.0 -9999.0 -9999.0 -9999.0 -9999.0 -9999.0 -9999.0 -9999.0
-9999.0 -9999.0 -9999.0 -9999.0 -9999.0 -9999.0 -9999.0 -9999.0 -9999.0 -9999.0 -9999.0 -9999.0 -9999.0 -9999.0 -9999.0 -9999.0 -9999.0 -9999.0 -9999.0 -9999.0 -9999.0 -9999.0 -9999.0 -9999.0 -9999.0 -9999.0 -9999.0 -9999.0 -9999.0 -9999.0 -9999.0 -9999.0 -9999.0 -9999.0 -9999.0 -9999.0 -9999.0 -9999.0 -9999.0 -9999.0 -9999.0 -9999.0 -9999.0 -9999.0 -9999.0 -9999.0 -9999.0 -9999.0 -9999.0 -9999.0 -9999.0 -9999.0 -9999.0 -9999.0 -9999.0
-9999.0 -9999.0 -9999.0 -9999.0 -9999.0 -9999.0 -9999.0 -9999.0 -9999.0 -9999.0 -9999.0 -9999.0 -9999.0 -9999.0 -9999.0 -9999.0 -9999.0 -9999.0 -9999.0 -9999.0 -9999.0 -9999.0 -9999.0 -9999.0 -9999.0 -9999.0 -9999.0 -9999.0 -9999.0 -9999.0 -9999.0 -9999.0 -9999.0 -9999.0 -9999.0 -9999.0 -9999.0 -9999.0 -9999.0 -9999.0 -9999.0 -9999.0 -9999.0 -9999.0 -9999.0 -9999.0 -9999.0 2504.402348 2487.445290 2473.774067 2470.250111 2492.230754 2515.935428 2540.293929 2561.366407
-9999.0 -9999.0 -9999.0 -9999.0 -9999.0 -9999.0 -9999.0 -9999.0 -9999.0 -9999.0 -9999.0 -9999.0 -9999.0 -9999.0 -9999.0 -9999.0 -9999.0 -9999.0 -9999.0 -9999.0 -9999.0 -9999.0 -9999.0 -9999.0 -9999.0 -9999.0 -9999.0 -9999.0 -9999.0 -9999.0 -9999.0 -9999.0 -9999.0 -9999.0 -9999.0 -9999.0 -9999.0 -9999.0 -9999.0 -9999.0 2552.524424 2558.658751 2559.185803 2549.573352 2538.720349 2525.858442 2505.737267 2488.494845 2475.226647 2473.580397 2476.594128 2480.492705 2502.249362 2528.009025 2548.406394
-9999.0 -9999.0 -9999.0 -9999.0 -9999.0 -9999.0 -9999.0 -9999.0 -9999.0 -9999.0 -9999.0 -9999.0 -9999.0 -9999.0 -9999.0 -9999.0 -9999.0 -9999.0 -9999.0 -9999.0 -9999.0 -9999.0 -9999.0 -9999.0 -9999.0 -9999.0 -9999.0 -9999.0 -9999.0 -9999.0 -9999.0 -9999.0 -9999.0 -9999.0 2458.596393 2475.929435 2494.297434 2513.275358 2530.636409 2537.989663 2543.972612 2549.741590 2545.657858 2541.630889 2530.503354 2510.471180 2491.536198 2478.853528 2478.017656 2476.110135 2480.430651 2492.909300 2510.153078 2526.068115 2547.256395
-9999.0 -9999.0 -9999.0 -9999.0 -9999.0 -9999.0 -9999.0 -9999.0 -9999.0 -9999.0 -9999.0 -9999.0 -9999.0 -9999.0 -9999.0 -9999.0 -9999.0 -9999.0 -9999.0 -9999.0 -9999.0 -9999.0 -9999.0 -9999.0 -9999.0 -9999.0 -9999.0 -9999.0 2461.567684 2455.959281 2451.568013 2450.577428 2449.734516 2449.234693 2456.243589 2468.019279 2485.806047 2508.290872 2522.009786 2529.752481 2537.003399 2537.924033 2532.774363 2531.500810 2532.469695 2520.559189 2508.954607 2498.125559 2487.619807 2485.515326 2495.192761 2509.999992 2526.798362 2542.031377 2557.850809
-9999.0 -9999.0 -9999.0 -9999.0 -9999.0 -9999.0 -9999.0 -9999.0 -9999.0 -9999.0 -9999.0 -9999.0 -9999.0 -9999.0 -9999.0 -9999.0 -9999.0 -9999.0 -9999.0 -9999.0 -9999.0 -9999.0 -9999.0 2429.786308 2435.259803 2442.247164 2450.386640 2451.853510 2448.722588 2443.762187 2441.549268 2440.719763 2439.224106 2444.324812 2452.144730 2465.785232 2481.741295 2504.471387 2513.379498 2518.734336 2530.878045 2534.855968 2542.630917 2547.147188 2545.853685 2542.646215 2528.974511 2518.614123 2522.178644 2527.307489 2534.720906 2543.497804 2557.415368 2572.126045 2588.429545
-9999.0 -9999.0 -9999.0 -9999.0 -9999.0 -9999.0 -9999.0 -9999.0 -9999.0 -9999.0 -9999.0 -9999.0 -9999.0 -9999.0 -9999.0 -9999.0 -9999.0 -9999.0 -9999.0 2403.856089 2405.177877 2407.022787 2412.276048 2413.143965 2415.484015 2422.861448 2431.501641 2434.841494 2433.353732 2432.851714 2434.876415 2438.151978 2443.278414 2454.595221 2468.674015 2483.212633 2496.855869 2518.089609 2533.075954 2546.264302 2562.252278 2562.933236 2559.794908 2558.650573 2559.246679 2558.586317 2559.218147 2559.910448 2566.627035 2569.096111 2574.012765 2583.648646 2595.615072 2613.066924 2631.779281
-9999.0 -9999.0 -9999.0 -9999.0 -9999.0 -9999.0 -9999.0 -9999.0 -9999.0 -9999.0 -9999.0 -9999.0 -9999.0 -9999.0 -9999.0 -9999.0 2374.075985 2376.185525 2378.942858 2384.820586 2388.741385 2393.209140 2400.661204 2402.554197 2406.650282 2414.353060 2419.561674 2429.326968 2438.215539 2445.961119 2452.425061 2455.493472 2462.827514 2472.659650 2484.676980 2499.396300 2520.275933 2544.033713 2560.208227 2577.344046 2594.992186 2596.095924 2595.127363 2596.179461 2595.726077 2598.757307 2614.439914 2618.871643 2616.144196 2628.469602 2641.441933 2645.572736 2654.579048 2674.915807 2698.149227
-9999.0 -9999.0 -9999.0 -9999.0 -9999.0 -9999.0 -9999.0 -9999.0 -9999.0 -9999.0 -9999.0 -9999.0 -9999.0 2324.389095 2328.747684 2339.233873 2350.496494 2353.872570 2359.148209 2366.190438 2378.889832 2383.077256 2389.673686 2397.566285 2410.693806 2419.996115 2429.537901 2441.895144 2450.589711 2458.160451 2465.275169 2469.578164 2482.118996 2497.003602 2512.288077 2532.164431 2554.387262 2573.782594 2592.771126 2609.347038 2622.174283 2621.616384 2621.330165 2624.112107 2630.366822 2646.484385 2664.485617 2668.296717 2681.072891 2702.848977 2714.737753 2724.213841 2732.140636 2746.615380 2768.459492
-9999.0 -9999.0 -9999.0 -9999.0 -9999.0 -9999.0 -9999.0 -9999.0 -9999.0 -9999.0 2294.039379 2296.120766 2292.968144 2291.582589 2297.658012 2310.489533 2325.359692 2331.834688 2344.315796 2366.150058 2385.154525 2388.966046 2403.354317 2414.503403 2422.026467 2432.737072 2446.259403 2459.079049 2475.393964 2487.745493 2497.912157 2515.717474 2532.034308 2548.710026 2566.533940 2587.210699 2604.652840 2630.341042 2657.670905 2668.641094 2688.037000 2694.195451 2691.272394 2690.926236 2700.873755 2714.621614 2732.286880 2750.922307 2769.517934 2792.923561 2806.299255 2820.325741 2830.809143 2842.733152 2858.845379
-9999.0 -9999.0 -9999.0 -9999.0 -9999.0 -9999.0 -9999.0 -9999.0 2268.506344 2276.671832 2282.746886 2280.015480 2276.037883 2271.388154 2286.337927 2302.521422 2319.062149 2337.802461 2354.143648 2372.998949 2387.993960 2403.923698 2424.981399 2436.959594 2448.713990 2464.555636 2478.463697 2494.681149 2515.910376 2525.938457 2539.538198 2560.063020 2576.967131 2594.722505 2613.672245 2631.369196 2655.790960 2687.907559 2718.832995 2738.185373 2765.317891 2783.871808 2780.734693 2781.512195 2784.927926 2809.710353 2837.628573 2867.449686 2828.477167 2849.858232 2877.650677 2894.704925 2903.973670 2915.226976 2929.111720
-9999.0 -9999.0 -9999.0 -9999.0 -9999.0 -9999.0 2239.528282 2264.143563 2279.709672 2271.766965 2259.563902 2255.461314 2250.617889 2279.526812 2302.448817 2320.470247 2337.961405 2356.233069 2373.242974 2384.007859 2416.199714 2436.032668 2449.820930 2465.812548 2481.300828 2496.750912 2514.309092 2537.120907 2556.736789 2581.792557 2602.071366 2621.982513 2648.649060 2667.815032 2686.426324 2702.798335 2732.651415 2767.806825 2803.848421 2830.750152 2856.736353 2830.634697 2830.098380 2832.891977 2836.142269 2858.282635 2890.501968 2918.778191 2947.911898 2978.306173 3004.874855 2992.723112 3000.317013 3009.865195 3021.867714
-9999.0 -9999.0 -9999.0 -9999.0 2206.063331 2227.109546 2246.578317 2277.208052 2299.829653 2295.366237 2301.134281 2300.531645 2297.721649 2303.080063 2311.637307 2329.993478 2349.766057 2369.886329 2386.337416 2417.644983 2464.702296 2478.597311 2499.520519 2530.975478 2544.170678 2559.837847 2576.761351 2599.111435 2621.253494 2652.949028 2691.718545 2724.851940 2748.928750 2769.419378 2790.328764 2810.314730 2845.706719 2825.146836 2857.772866 2889.307944 2915.605357 2938.276106 2946.593951 2952.222922 2962.497853 2978.807943 2999.845631 3003.199702 3033.670908 3064.694330 3087.687914 3096.463464 3101.896037 3111.099807 3119.022947
-9999.0 -9999.0 -9999.0 2153.348312 2192.458642 2231.700310 2258.170745 2289.053927 2321.822122 2324.060959 2333.522923 2335.966420 2337.895444 2345.341599 2351.456588 2369.121037 2387.515173 2406.954467 2430.188375 2466.355541 2499.022899 2522.624055 2553.190241 2574.375526 2591.666787 2607.066710 2626.787993 2649.545157 2689.842736 2724.008275 2771.456988 2823.827301 2858.465338 2823.288745 2842.342701 2868.873549 2893.047278 2926.526176 2959.875022 2991.006244 2998.893074 3019.752381 3034.627951 3039.485928 3048.179823 3054.250654 3067.387787 3086.422337 3107.634555 3136.698860 3164.608334 3186.635062 3200.466068 3210.466955 3226.494144
-9999.0 -9999.0 2105.199224 2144.225073 2176.742920 2225.027555 2278.442262 2313.800757 2354.340540 2375.786515 2381.127136 2394.985907 2408.804460 2413.313840 2425.828206 2441.457048 2463.243747 2472.900630 2493.573052 2516.328679 2559.502390 2599.156168 2606.095633 2652.161757 2685.466724 2717.771750 2738.254996 2766.458656 2805.075895 2843.029139 2831.803490 2877.941486 2911.887059 2937.656438 2952.973219 2972.150124 2992.040672 2993.921286 3027.073451 3052.680984 3083.007903 3107.499650 3126.938211 3129.294672 3132.185751 3147.421756 3173.229723 3196.844189 3222.990834 3249.120008 3240.706561 3258.831618 3266.986689 3271.543822 3278.705098
-9999.0 -9999.0 2076.173387 2122.264521 2159.093123 2220.503066 2305.027547 2340.940276 2382.747168 2429.463340 2446.153496 2469.816384 2471.731435 2469.766130 2491.020046 2509.931582 2529.071308 2538.223705 2536.354698 2591.204928 2648.854545 2684.986078 2707.904877 2782.777202 2834.469171 2857.613218 2819.837914 2837.271662 2858.132716 2897.188849 2935.152041 2986.909170 3006.543533 3034.006636 3047.736692 3065.700362 3084.135508 3097.983826 3116.129583 3158.604273 3185.659710 3213.287132 3242.282423 3262.406912 3270.017520 3273.953172 3253.913543 3268.971884 3279.317769 3283.787828 3285.491105 3281.828905 3281.197018 3281.946235 3282.880990
-9999.0 1984.216993 2036.696438 2088.311786 2154.552279 2218.419811 2296.824762 2374.271439 2438.160073 2489.682378 2517.648645 2519.241702 2534.176330 2567.088011 2590.487896 2612.590310 2619.273785 2629.782759 2616.625149 2671.503293 2715.554843 2775.020423 2831.083843 2884.628482 2939.690193 2937.690651 2926.160858 2933.490279 2951.737606 2995.183018 3046.120259 3096.073142 3154.069305 3194.203720 3209.048338 3215.161609 3232.288159 3251.604091 3214.229032 3248.669547 3264.161106 3277.241586 3283.637071 3285.448098 3286.462568 3286.282259 3282.734593 3275.946578 3267.942007 3262.227518 3258.084430 3253.585179 3256.013018 3259.320716 3259.750317
-9999.0 1946.849584 2005.059116 2074.727491 2143.717189 2198.636297 2289.288186 2447.917934 2508.325181 2547.310538 2560.560051 2554.936316 2621.035466 2685.038151 2715.061457 2762.004522 2752.980459 2742.609766 2717.579815 2748.564588 2793.206574 2817.130220 2970.070987 3036.804590 3077.290291 3085.346838 3087.539195 3114.020503 3153.914810 3192.062425 3230.411211 3209.819337 3249.391686 3268.518880 3272.554343 3273.130567 3277.469279 3276.316637 3274.482386 3270.227940 3265.207179 3265.350760 3269.702936 3269.522476 3266.649328 3263.418076 3257.813954 3250.390582 3245.111660 3240.502288 3237.822501 3234.940145 3233.135006 3232.712717 3228.142124
-9999.0 1910.179609 1983.839533 2044.136495 2097.155504 2196.886787 2326.077678 2468.001479 2564.261323 2600.911065 2596.376340 2645.802581 2748.418398 2826.944246 2876.775813 2898.781502 2886.902240 2848.559280 2836.779767 2879.795680 2946.316297 3033.331194 3150.977597 3235.746568 3248.882248 3251.594375 3213.501393 3234.035897 3253.062785 3255.165777 3256.041058 3262.040841 3266.975314 3269.735402 3268.237111 3265.368604 3260.627743 3252.569117 3247.738810 3244.196328 3240.523634 3239.579251 3241.746600 3243.315823 3240.604273 3236.760354 3232.303664 3226.732056 3220.745392 3214.090345 3209.946260 3205.833804 3203.762934 3198.568815 3194.907550
-9999.0 1794.919929 1888.670027 1934.337555 2022.815755 2206.774589 2335.659490 2480.109425 2639.825730 2668.437269 2725.441686 2838.139487 2949.121247 3014.352225 3044.610528 3078.728646 3102.955389 3119.913253 3154.127070 3061.941052 3131.482359 3208.236362 3243.701736 3259.060651 3265.331687 3265.645097 3256.313571 3236.044631 3225.429959 3218.693094 3220.304419 3227.520751 3232.405135 3237.361708 3235.117785 3235.975318 3236.678235 3233.371613 3229.668803 3221.172830 3213.438038 3207.079604 3204.316830 3209.177254 3204.484813 3201.905074 3195.881579 3187.926753 3183.762258 3176.564318 3168.819051 3162.323076 3160.009871 3154.937176 3153.765988
-9999.0 1714.058074 1788.134046 1857.994693 1978.210369 2142.468218 2250.285512 2411.878705 2642.452027 2772.250979 2904.712616 2985.367917 3046.161599 3091.580593 3143.578075 3188.978748 3212.922431 3222.439150 3197.684934 3214.407450 3177.534695 3166.989999 3180.233768 3207.338818 3222.520826 3226.269744 3218.131175 3208.463680 3201.250487 3200.134844 3198.242161 3195.015746 3191.675008 3188.545474 3185.407980 3188.002630 3193.021644 3186.486369 3181.074986 3172.284908 3164.204555 3155.350100 3149.599796 3145.415907 3145.334737 3145.507620 3138.065159 3127.802894 3117.429615 3109.361321 3102.175598 3097.465745 3094.981210 3090.223636 3082.395866
-9999.0 1601.219053 1730.194781 1812.565067 1916.304954 2048.062622 2160.050205 2316.278964 2453.470377 2690.024115 2820.359952 2979.658869 3015.443483 3078.442894 3127.752756 3193.743784 3190.678779 3161.504751 3121.340423 3104.832621 3113.121509 3121.410193 3130.384543 3145.858941 3162.885640 3172.494146 3176.321002 3169.742654 3155.754132 3144.349765 3134.722617 3122.373708 3113.776812 3111.734524 3114.644481 3123.640145 3124.734712 3115.584692 3102.211479 3085.886069 3070.957194 3059.654828 3057.406999 3059.745863 3060.549365 3056.770873 3050.796693 3040.398813 3028.084768 3016.147210 3010.109663 3005.620446 2998.640162 2989.160975 2999.639990
-9999.0 -9999.0 1647.930608 1757.246827 1855.558373 1970.482833 2068.601938 2195.377107 2339.443285 2514.934900 2633.398129 2796.599334 2863.229821 2906.170466 2944.615553 2987.500633 3008.705080 3034.673545 3022.559105 3030.684090 3038.453289 3043.086545 3049.015385 3055.997094 3066.874490 3076.360233 3085.471575 3082.799832 3073.869783 3054.562184 3030.859671 3012.476485 3002.599444 2994.182167 3005.288137 3017.374234 3012.774502 3006.055028 2994.827804 3000.508746 2988.371321 2974.373427 2970.809421 2970.833267 2971.229173 2968.717543 2965.649627 2955.747434 2943.380540 2932.873216 2928.337295 2922.512173 2918.273214 2908.215703 2898.294722
-9999.0 -9999.0 1560.850753 1666.427979 1772.622606 1891.860645 1981.313442 2016.253617 2158.101256 2266.414678 2373.513103 2481.242642 2573.634428 2642.515246 2680.802281 2743.976085 2796.726025 2816.200788 2817.688951 2861.145265 2892.228530 2927.340450 2948.552288 2957.018651 2969.915932 2983.972854 2991.913899 2978.091351 2967.119813 2950.507775 2930.441775 2905.232784 2892.344593 2890.848607 2890.965361 2893.686755 2886.764931 2877.726834 2863.583838 2850.232125 2837.972392 2828.317003 2824.565750 2819.719395 2817.720324 2814.987378 2815.468637 2862.465060 2852.727191 2846.524479 2837.653684 2832.448775 2830.117990 2825.094054 2817.531851
