tests/Borden05m/data_simulated/sim_1/output-maps/psiliqL0001N0002.asc
ncols         160
nrows         34
xllcorner     620200.000000
yllcorner     5168000.000000
cellsize      0.500000
NODATA_value  -9999.0
[rows 0 to 24 of 34, columns 0 to 56 of 160]
-9999.0 -9999.0 -9999.0 -9999.0 -9999.0 -9999.0 -9999.0 -9999.0 -9999.0 -9999.0 -9999.0 -9999.0 -9999.0 -9999.0 -9999.0 -9999.0 -9999.0 -9999.0 -9999.0 -9999.0 -9999.0 -9999.0 -9999.0 -9999.0 -9999.0 -9999.0 -9999.0 -9999.0 -9999.0 -9999.0 -9999.0 -9999.0 -9999.0 -9999.0 -9999.0 -9999.0 -9999.0 -9999.0 -9999.0 -9999.0 -9999.0 -9999.0 -9999.0 -9999.0 -9999.0 -9999.0 -9999.0 -9999.0 -9999.0 -9999.0 -9999.0 -9999.0 -9999.0 -9999.0 -9999.0 -9999.0 -9999.0
-9999.0 -9999.0 -9999.0 -9999.0 -9999.0 -9999.0 -9999.0 -9999.0 -9999.0 -9999.0 -9999.0 -9999.0 -9999.0 -9999.0 -9999.0 -9999.0 -9999.0 -9999.0 -9999.0 -9999.0 -9999.0 -9999.0 -9999.0 -9999.0 -9999.0 -9999.0 -9999.0 -9999.0 -9999.0 -9999.0 -9999.0 -9999.0 -9999.0 -9999.0 -9999.0 -9999.0 -9999.0 -9999.0 -9999.0 -9999.0 -9999.0 -9999.0 -9999.0 -9999.0 -9999.0 -9999.0 -9999.0 -9999.0 -9999.0 -9999.0 -9999.0 -9999.0 -9999.0 -9999.0 -9999.0 -9999.0 -9999.0
-9999.0 -9999.0 -9999.0 -9999.0 -9999.0 -9999.0 -9999.0 -9999.0 -9999.0 -9999.0 -9999.0 -9999.0 -9999.0 -9999.0 -9999.0 -9999.0 -9999.0 -9999.0 -9999.0 -9999.0 -9999.0 -9999.0 -9999.0 -9999.0 -9999.0 -9999.0 -9999.0 -9999.0 -9999.0 -9999.0 -9999.0 -9999.0 -9999.0 -9999.0 -9999.0 -9999.0 -9999.0 -9999.0 -9999.0 -9999.0 -9999.0 -9999.0 -9999.0 -9999.0 -9999.0 -9999.0 -9999.0 -538.224081 -542.641056 -548.095068 -549.721129 -543.686856 -541.437089 -539.485327 -538.438596 -537.551616 -535.858642
-9999.0 -9999.0 -9999.0 -9999.0 -9999.0 -9999.0 -9999.0 -9999.0 -9999.0 -9999.0 -9999.0 -9999.0 -9999.0 -9999.0 -9999.0 -9999.0 -9999.0 -9999.0 -9999.0 -9999.0 -9999.0 -9999.0 -9999.0 -9999.0 -9999.0 -9999.0 -9999.0 -9999.0 -9999.0 -9999.0 -9999.0 -9999.0 -9999.0 -9999.0 -9999.0 -9999.0 -9999.0 -9999.0 -9999.0 -9999.0 -540.399460 -538.343790 -536.525602 -539.378084 -540.319102 -539.625696 -542.462229 -545.972355 -549.654084 -548.280224 -548.256886 -551.382312 -547.490060 -544.557471 -543.978857 -543.646282 -541.312162
-9999.0 -9999.0 -9999.0 -9999.0 -9999.0 -9999.0 -9999.0 -9999.0 -9999.0 -9999.0 -9999.0 -9999.0 -9999.0 -9999.0 -9999.0 -9999.0 -9999.0 -9999.0 -9999.0 -9999.0 -9999.0 -9999.0 -9999.0 -9999.0 -9999.0 -9999.0 -9999.0 -9999.0 -9999.0 -9999.0 -9999.0 -9999.0 -9999.0 -9999.0 -547.925277 -544.108301 -542.738706 -541.515491 -539.345888 -540.517936 -541.552957 -539.755337 -541.412665 -541.274992 -543.098683 -546.690363 -550.261725 -552.169453 -549.518800 -550.259668 -550.373827 -548.580964 -547.726672 -547.778283 -545.486371 -541.486441 -544.373668
-9999.0 -9999.0 -9999.0 -9999.0 -9999.0 -9999.0 -9999.0 -9999.0 -9999.0 -9999.0 -9999.0 -9999.0 -9999.0 -9999.0 -9999.0 -9999.0 -9999.0 -9999.0 -9999.0 -9999.0 -9999.0 -9999.0 -9999.0 -9999.0 -9999.0 -9999.0 -9999.0 -9999.0 -541.635579 -543.158572 -544.300835 -544.160505 -544.709670 -546.986852 -547.760325 -547.674574 -545.908075 -542.852164 -542.665198 -543.375335 -543.320480 -544.236213 -546.575169 -546.722814 -543.900947 -546.057378 -546.861053 -548.183301 -552.142845 -553.163518 -550.987392 -549.051067 -547.545079 -547.581148 -547.891604 -548.618298 -548.914676
-9999.0 -9999.0 -9999.0 -9999.0 -9999.0 -9999.0 -9999.0 -9999.0 -9999.0 -9999.0 -9999.0 -9999.0 -9999.0 -9999.0 -9999.0 -9999.0 -9999.0 -9999.0 -9999.0 -9999.0 -9999.0 -9999.0 -9999.0 -543.878186 -542.459137 -542.029514 -540.827090 -541.538699 -544.710342 -546.651996 -547.460436 -548.155274 -549.872335 -550.161586 -550.415247 -549.642620 -549.260381 -546.000634 -548.252664 -549.773112 -546.862944 -547.720735 -545.598820 -543.186594 -543.695158 -543.029401 -547.314343 -550.523302 -547.037477 -545.774829 -546.177296 -547.281040 -546.593967 -545.691218 -544.572674 -542.252481 -539.206532
-9999.0 -9999.0 -9999.0 -9999.0 -9999.0 -9999.0 -9999.0 -9999.0 -9999.0 -9999.0 -9999.0 -9999.0 -9999.0 -9999.0 -9999.0 -9999.0 -9999.0 -9999.0 -9999.0 -543.257973 -543.745289 -544.711305 -544.409920 -547.572240 -548.944603 -548.194439 -546.674696 -547.703770 -549.468906 -550.963667 -550.794883 -550.626617 -551.093945 -548.989349 -547.411749 -547.166234 -548.141484 -545.755323 -545.387025 -544.209871 -540.281207 -543.211942 -545.947148 -547.373127 -547.483793 -548.406302 -545.971839 -545.317067 -545.308417 -545.983190 -546.327999 -546.065911 -546.224343 -543.587613 -541.530405 -540.300277 -539.446620
-9999.0 -9999.0 -9999.0 -9999.0 -9999.0 -9999.0 -9999.0 -9999.0 -9999.0 -9999.0 -9999.0 -9999.0 -9999.0 -9999.0 -9999.0 -9999.0 -543.182009 -543.464109 -544.666063 -546.666314 -548.359779 -548.450224 -547.269662 -549.613026 -550.456255 -550.065178 -551.201202 -550.199488 -549.103492 -547.759514 -547.213994 -548.954667 -548.848750 -549.355956 -549.899671 -549.629878 -546.911289 -544.561134 -544.605021 -543.060125 -539.699946 -542.118659 -543.012958 -542.885202 -544.481683 -543.744946 -538.548072 -540.074670 -543.349619 -538.256130 -535.979476 -537.874355 -539.213711 -536.592070 -532.749291 -528.424513 -520.698158
-9999.0 -9999.0 -9999.0 -9999.0 -9999.0 -9999.0 -9999.0 -9999.0 -9999.0 -9999.0 -9999.0 -9999.0 -9999.0 -543.136190 -543.427133 -543.196060 -546.283374 -548.627506 -550.077426 -552.123359 -549.780748 -551.641650 -552.318910 -552.019661 -549.955985 -550.077194 -550.018340 -548.852572 -549.546228 -550.414553 -551.272140 -552.899858 -551.420976 -550.019644 -549.273870 -547.287687 -546.089014 -545.514733 -543.588750 -543.921983 -542.804568 -543.975853 -546.291757 -546.879844 -545.506353 -541.156535 -538.502075 -538.673089 -533.382437 -528.437564 -527.298713 -524.653217 -524.206718 -523.591504 -520.589100 -509.616446 -498.381750
-9999.0 -9999.0 -9999.0 -9999.0 -9999.0 -9999.0 -9999.0 -9999.0 -9999.0 -9999.0 -547.371270 -545.840005 -548.098686 -552.390791 -554.274665 -553.428771 -552.541816 -554.235974 -554.321147 -550.142463 -547.948383 -552.216309 -549.598681 -549.742464 -551.667886 -551.450817 -550.578148 -550.735092 -548.450002 -548.734599 -549.164324 -545.365943 -544.852339 -544.289467 -543.364103 -542.484245 -542.202287 -537.393809 -533.692596 -535.513417 -529.747535 -526.402282 -530.551056 -532.218623 -532.081004 -529.010708 -523.946904 -516.795139 -512.477595 -504.708450 -497.925318 -493.770014 -490.823466 -486.909946 -482.782837 -470.249797 -449.907220
-9999.0 -9999.0 -9999.0 -9999.0 -9999.0 -9999.0 -9999.0 -9999.0 -553.333889 -550.938309 -549.463340 -551.377279 -553.913639 -558.578400 -556.907031 -555.339803 -554.350122 -552.785875 -552.171512 -551.748522 -553.130055 -551.920285 -549.466460 -550.527197 -550.503380 -549.020706 -549.373861 -548.281955 -546.431397 -548.351468 -547.863830 -546.566193 -545.561741 -544.758580 -543.691427 -543.776279 -539.278611 -533.529203 -527.870907 -523.885702 -517.543867 -509.213935 -512.022845 -511.909009 -513.046773 -503.744124 -493.119958 -481.272158 -468.243506 -451.688025 -428.879050 -414.518935 -405.459156 -395.027038 -381.792022 -368.139360 -333.306778
-9999.0 -9999.0 -9999.0 -9999.0 -9999.0 -9999.0 -556.782987 -551.582974 -549.088502 -555.139233 -559.768782 -561.292812 -564.031734 -558.076357 -552.925617 -552.118247 -551.548612 -550.846826 -551.645112 -555.525935 -548.003070 -550.624899 -552.686634 -550.768606 -551.378319 -551.606535 -550.625618 -547.957239 -547.543993 -542.195503 -539.194406 -537.043073 -533.383424 -531.856488 -530.313878 -528.853549 -522.168809 -513.321947 -503.743099 -495.173915 -485.794757 -473.085701 -469.093441 -466.987361 -463.146917 -454.426746 -433.879987 -406.354046 -369.041199 -312.640888 -207.747518 -153.129461 -133.749181 -123.084416 -112.768584 -101.089830 -82.196624
-9999.0 -9999.0 -9999.0 -9999.0 -553.580490 -552.534638 -553.726398 -549.279825 -546.230004 -553.614342 -551.013544 -552.340936 -554.770012 -557.752508 -561.330593 -559.007002 -557.764826 -557.022852 -557.853196 -550.675129 -544.806637 -549.908090 -547.447049 -541.998736 -544.241863 -544.212331 -544.683374 -543.061186 -539.797901 -536.146497 -525.690573 -517.621386 -514.211963 -509.692759 -505.626974 -499.738916 -489.648319 -475.729620 -459.117027 -437.669433 -410.121472 -386.740565 -370.466663 -361.566920 -346.815349 -319.267770 -241.404631 -154.309705 -107.987555 -66.449817 -22.315961 2.446282 3.290717 3.427574 3.538138 3.688988 3.867403
-9999.0 -9999.0 -9999.0 -556.630146 -551.518026 -549.833651 -552.691445 -552.059958 -548.354225 -552.497013 -553.344093 -554.161533 -554.703158 -554.762065 -555.271932 -554.073636 -554.026455 -555.340623 -554.685625 -550.939619 -550.147387 -547.853814 -546.712914 -544.401689 -542.363721 -542.260953 -541.555682 -538.616676 -529.589698 -522.275416 -508.783910 -490.376958 -476.282468 -466.197897 -458.129742 -443.756104 -426.404972 -399.376350 -362.754830 -297.029619 -176.901105 -128.626157 -106.441860 -98.983425 -89.870559 -75.512372 -42.937558 -10.063390 3.297914 3.786259 4.293794 4.670143 4.828931 4.880667 5.078342 5.275339 5.494886
-9999.0 -9999.0 -555.467087 -552.593652 -554.951644 -551.559309 -547.804407 -551.260334 -546.744748 -545.569544 -550.918382 -548.385872 -547.300878 -550.806763 -549.276894 -547.549056 -546.676089 -550.577799 -553.704286 -549.808880 -540.748755 -535.089656 -535.516328 -519.754699 -513.506663 -509.327355 -509.119817 -502.833573 -494.522620 -477.301352 -452.258059 -416.697343 -382.345203 -347.799704 -325.561309 -279.211603 -183.521329 -142.533695 -106.678384 -67.846096 -20.535673 3.203284 3.597009 3.685118 3.721133 3.977258 4.385183 4.787335 5.106115 5.421989 15.987894 16.258114 16.208858 16.032877 16.020772 15.831654 15.804803
-9999.0 -9999.0 -558.884613 -554.031213 -557.863661 -550.552685 -543.900754 -551.795173 -550.369470 -543.695302 -546.346897 -546.223825 -548.346861 -549.169460 -547.138654 -541.836479 -545.354123 -546.536690 -554.194255 -540.041194 -530.798236 -517.598117 -493.010132 -472.339385 -455.070204 -455.114224 -454.740286 -442.466481 -424.551937 -386.582409 -307.026745 -178.970239 -121.149622 -91.382225 -72.916794 -46.832472 -11.896434 3.274319 3.579706 4.218838 4.589056 4.922783 5.266891 10.926613 16.460996 16.490821 16.271106 16.239306 16.106764 16.014704 15.587560 12.276768 11.363685 11.804235 12.622216 8.143456 5.509905
-9999.0 -559.823203 -557.477569 -557.576003 -552.856517 -555.156162 -550.160920 -542.800324 -544.419654 -542.499726 -543.647415 -550.501979 -537.573776 -527.662644 -526.802667 -518.302171 -523.600590 -526.217984 -534.679399 -524.417113 -510.866783 -472.168115 -388.939123 -331.140302 -278.314030 -266.382428 -265.970018 -197.166127 -157.492113 -119.082539 -57.746101 -9.231540 3.848189 4.434438 4.625200 4.681361 5.035617 5.563339 19.450025 21.354488 21.222612 21.340019 16.351033 16.370416 16.318489 16.261511 13.277284 7.543685 5.409003 5.286054 5.223806 5.059382 5.173652 5.360242 5.524225 5.219082 5.122560
-9999.0 -567.369558 -557.772486 -552.243521 -554.948238 -559.884685 -547.588974 -528.896512 -538.764358 -542.830308 -546.614583 -540.330969 -515.484472 -496.542489 -485.774137 -467.478716 -470.540723 -478.396300 -475.942825 -455.861450 -423.184989 -350.196276 -155.689760 -61.514519 -43.938273 -27.401959 -15.971591 3.415809 4.026790 4.461512 4.856988 10.446720 12.411640 12.342564 12.277650 12.227020 12.147681 12.032342 8.511530 5.555963 5.222157 5.237279 5.686310 5.674715 5.412270 5.371815 5.251990 5.114609 5.081836 5.059777 5.073547 5.032434 4.999376 5.109388 5.006251 4.963663 4.881024
-9999.0 -559.577076 -548.457230 -551.676387 -561.595534 -549.308663 -545.849287 -535.100615 -528.745831 -536.559105 -530.350761 -501.429258 -461.243179 -403.265285 -358.599752 -325.904061 -298.417791 -297.371461 -225.020056 -159.331356 -106.371101 -42.916424 3.488995 4.905875 8.856769 8.910932 8.853451 8.896322 8.795602 8.586582 8.279058 5.942003 5.889131 6.179029 5.511715 5.398761 5.288601 5.068351 5.001109 4.985210 4.939399 4.948959 5.037641 5.145227 5.055510 5.032974 5.014740 4.988124 4.959960 4.899178 4.902755 4.867684 4.868969 4.786858 4.733741 4.695547 4.571882
-9999.0 -572.631212 -556.839234 -570.630797 -552.866091 -538.134856 -543.349876 -525.108908 -507.079427 -512.104365 -477.486133 -423.317576 -321.014254 -169.260828 -99.499025 -53.402969 -24.734807 -3.356652 3.819778 4.223205 5.646526 17.318951 17.427470 17.363683 8.983802 9.029569 5.296446 4.842884 4.730524 4.616257 4.671050 4.833669 4.921642 5.096829 4.950860 5.036715 5.097227 5.028892 5.038670 4.907322 4.795762 4.710261 4.682214 4.908001 4.767036 4.764077 4.721589 4.668586 4.608490 4.554162 4.480165 4.383000 4.309387 4.104636 4.052997 3.926283 3.404087
-9999.0 -581.910826 -571.099766 -563.267406 -547.782029 -537.525507 -529.018052 -510.344337 -471.561255 -451.875036 -408.136141 -359.471469 -187.888139 -56.585782 3.562162 4.420181 9.131779 9.285076 9.378748 4.949984 4.257593 4.126237 4.353562 4.700604 4.792354 4.933297 4.723620 4.619761 4.603223 4.687227 4.672992 4.689029 4.680825 4.634783 4.552923 4.582964 4.738919 4.625119 4.537011 4.408914 4.221844 4.024961 3.910653 3.857693 3.837357 3.886936 3.787035 3.660539 3.540280 3.459527 3.340147 3.140705 -7.752808 -30.868653 -51.456362 -70.751679 -103.385020
-9999.0 -602.485236 -567.118042 -563.278075 -554.186057 -552.276736 -551.519504 -536.630020 -518.870047 -453.807385 -330.489424 -291.192800 -186.113735 -94.481489 -7.277584 4.149238 4.353940 3.699260 3.312279 3.099727 3.189486 3.335567 3.492042 3.765896 3.994498 4.176192 4.226849 4.108123 3.873008 3.751006 3.697958 3.556683 3.457340 3.481774 3.438736 3.544272 3.626081 3.448756 3.165149 -15.651047 -50.801931 -73.812350 -81.735510 -82.176994 -82.806411 -86.227509 -93.068171 -102.063256 -112.651476 -122.440681 -131.985005 -148.115597 -194.123080 -262.366348 -304.679585 -333.678854 -372.613702
-9999.0 -9999.0 -583.551253 -562.882930 -560.849468 -558.379645 -556.714350 -543.837701 -533.913011 -492.789696 -461.594425 -420.800749 -381.209941 -310.875727 -167.310598 -107.941127 -96.349406 -83.162329 -103.889497 -104.053319 -102.659773 -101.300097 -94.747724 -84.524437 -70.490614 -56.885218 -46.921066 -52.240471 -66.288128 -85.293511 -104.098786 -116.165220 -122.825276 -127.559608 -120.282951 -110.987598 -112.787507 -118.927534 -135.036961 -179.121688 -274.908307 -321.635202 -332.341826 -331.672431 -332.005772 -337.523699 -346.974050 -364.269145 -379.657050 -393.595339 -400.560300 -407.595896 -415.420522 -426.371944 -435.476364 -444.357988 -458.886243
-9999.0 -9999.0 -606.013088 -573.676323 -559.822321 -550.262038 -552.705079 -552.443684 -532.595603 -527.443309 -519.725800 -505.902814 -489.714493 -469.838690 -441.785642 -405.735990 -390.272522 -384.881627 -389.965949 -389.615354 -379.312908 -367.625132 -356.650005 -339.609350 -315.129367 -284.897427 -257.644844 -288.751744 -320.226214 -350.162679 -375.415703 -396.012111 -405.686917 -410.981496 -406.053587 -398.046070 -401.303491 -409.901101 -422.306426 -438.021251 -451.112934 -460.775997 -463.045187 -463.323954 -462.946060 -464.186215 -465.824754 -471.297181 -477.657277 -481.485199 -484.485244 -487.334565 -488.127025 -491.231957 -494.881433 -495.675570 -501.671495
