tests/Borden05m/data_simulated/sim_1/output-maps/psiliqL0007N0014.asc
ncols         160
nrows         34
xllcorner     620200.000000
yllcorner     5168000.000000
cellsize      0.500000
NODATA_value  -9999.0
[rows 0 to 24 of 34, columns 57 to 113 of 160]
-9999.0 -9999.0 -9999.0 -9999.0 -9999.0 -9999.0 -9999.0 -9999.0 -9999.0 -9999.0 -9999.0 -9999.0 -9999.0 -9999.0 -9999.0 -9999.0 -9999.0 -9999.0 -9999.0 -9999.0 -9999.0 -9999.0 -9999.0 -9999.0 -9999.0 -9999.0 -9999.0 -9999.0 -9999.0 -9999.0 -9999.0 -9999.0 -9999.0 -9999.0 -9999.0 -9999.0 -9999.0 -9999.0 -9999.0 -9999.0 -9999.0 -9999.0 -9999.0 -9999.0 -9999.0 -9999.0 -9999.0 -9999.0 -9999.0 -9999.0 -9999.0 -9999.0 -9999.0 -9999.0 -9999.0 -9999.0 -9999.0
-9999.0 -9999.0 -392.245536 -397.935108 -403.548030 -408.842776 -418.256666 -427.769048 -436.746888 -440.905456 -441.946445 -442.943491 -443.428543 -438.123989 -430.196923 -422.567872 -415.290365 -412.945070 -410.525132 -408.172261 -407.650805 -409.023839 -412.369613 -415.747773 -419.251087 -420.756548 -429.336001 -441.027069 -450.209613 -453.045636 -448.456497 -443.840464 -441.234236 -434.905655 -423.740376 -412.530954 -403.694919 -391.735359 -386.158705 -380.828877 -377.387594 -381.330272 -384.790112 -388.336394 -392.843801 -403.882812 -9999.0 -9999.0 -9999.0 -9999.0 -9999.0 -9999.0 -9999.0 -9999.0 -9999.0 -9999.0 -9999.0
-410.490154 -407.227343 -418.088685 -423.015103 -426.532597 -428.976511 -434.439579 -443.547442 -449.226604 -454.928548 -456.702163 -456.865230 -456.926153 -452.743520 -442.920428 -434.909275 -430.109920 -427.733930 -425.312737 -425.106387 -425.618174 -426.079503 -429.072873 -432.586993 -436.083634 -437.936889 -438.073684 -445.827166 -451.198209 -454.468512 -455.538614 -453.071796 -450.739154 -447.779911 -437.881550 -429.308742 -420.718325 -406.370383 -393.864529 -388.483356 -390.734333 -395.707062 -399.275406 -405.463353 -415.092787 -425.570894 -436.280464 -443.551366 -448.852721 -453.846645 -447.545810 -441.044201 -430.423391 -419.849586 -407.542278 -395.179514 -9999.0
-427.023620 -424.271610 -435.453530 -444.228280 -448.651790 -448.854575 -447.014651 -451.044149 -455.990654 -460.038451 -452.503727 -451.381981 -450.293727 -447.158962 -443.679061 -441.678493 -438.906759 -433.586039 -424.572720 -421.972671 -421.510678 -421.443119 -423.338625 -426.534941 -428.382518 -431.240900 -436.540363 -437.407623 -436.902602 -436.724259 -431.298277 -429.776466 -428.565490 -435.810264 -432.470306 -425.993156 -418.860763 -411.450183 -404.068956 -398.980075 -401.955667 -403.240593 -411.489918 -425.290780 -436.878046 -445.661405 -448.346760 -451.386557 -458.922172 -470.851506 -463.847373 -448.052565 -443.157248 -439.139400 -426.852187 -414.311566 -403.964124
-443.031114 -440.192363 -445.585790 -445.016484 -443.859999 -442.593794 -444.463777 -447.678081 -448.983202 -435.785532 -426.119750 -424.480304 -421.615749 -418.369869 -420.004073 -432.851612 -435.711370 -426.942673 -416.196030 -410.104725 -409.981789 -410.031354 -411.418586 -412.516156 -413.150970 -415.726832 -414.458754 -411.647591 -410.531962 -405.028600 -399.166199 -396.428999 -405.617333 -415.235058 -414.936991 -407.172237 -399.076631 -391.376494 -379.840053 -367.588480 -368.926441 -374.896608 -384.047210 -398.156224 -422.085097 -442.402908 -452.869014 -459.206423 -465.967837 -466.904173 -468.715771 -458.130560 -456.119139 -454.261814 -445.291130 -434.715323 -424.425584
-429.360001 -420.927032 -427.425281 -433.742322 -437.814173 -437.508969 -437.301106 -433.537159 -419.594591 -405.040844 -388.998622 -386.109749 -383.409464 -383.702043 -394.143740 -405.053065 -409.830885 -394.121999 -377.826814 -369.089860 -367.794409 -366.575523 -357.602472 -359.916362 -363.098445 -369.084444 -366.326517 -362.623341 -349.954789 -341.926294 -334.958099 -336.983902 -349.298184 -360.783332 -363.206902 -361.688538 -360.028659 -353.988290 -342.800618 -331.813154 -336.795696 -345.130207 -356.839689 -387.579451 -417.250029 -435.135371 -434.347776 -433.824632 -438.365264 -441.515060 -445.376124 -453.249403 -453.571243 -453.977268 -454.342554 -442.089320 -429.697027
-381.130646 -364.149476 -370.409969 -379.720844 -391.708687 -391.541508 -387.629586 -378.638165 -364.096882 -343.496100 -317.003754 -311.633878 -306.486370 -301.545520 -312.903443 -326.090651 -338.970892 -322.986978 -312.307748 -301.733252 -296.660083 -282.839351 -270.922098 -276.292486 -286.084162 -296.011078 -288.622441 -272.177133 -254.768454 -247.125145 -243.090309 -242.230177 -253.086952 -259.709353 -264.046743 -265.059626 -270.192505 -267.595666 -254.739753 -237.295378 -237.493117 -251.884039 -279.019964 -319.081075 -358.054762 -383.278263 -380.220778 -387.166540 -393.605475 -398.643826 -413.658967 -425.946641 -426.591861 -436.442850 -442.949893 -431.438843 -425.310222
-328.551576 -308.481671 -311.441468 -323.569292 -336.413068 -335.976896 -326.533845 -315.864637 -294.094259 -264.447056 -232.542551 -214.478326 -203.002043 -191.630188 -199.454500 -210.911648 -222.302783 -216.428361 -200.587108 -184.157824 -167.973913 -150.615964 -134.766053 -141.373473 -152.705218 -155.615078 -149.524232 -127.993505 -108.613527 -100.668198 -96.600323 -90.938879 -98.007468 -108.367190 -120.397952 -131.995591 -142.327726 -148.635272 -130.684765 -113.341388 -117.026126 -148.333235 -181.530795 -225.196005 -270.589105 -311.614245 -320.722263 -323.446103 -326.939821 -344.849349 -362.655665 -384.041101 -396.859739 -406.903158 -423.126633 -418.950526 -413.054127
-209.876896 -183.884723 -175.767362 -191.183192 -195.848743 -189.158137 -174.711192 -165.662735 -146.394821 -108.149572 -62.980712 -31.210587 -6.037512 -0.735083 -9.719076 -19.889426 -35.158959 -41.480057 -26.665542 -12.756544 0.161387 12.130855 23.816624 30.676210 29.478251 29.416654 32.267015 36.993549 43.901380 50.642778 56.884160 63.394501 63.890170 54.815366 46.153503 36.053962 27.073738 24.084845 23.187642 29.954582 28.229004 6.736703 -22.349461 -58.664998 -105.007996 -148.995246 -180.200143 -184.243736 -204.397283 -228.565246 -257.857984 -301.447293 -325.404551 -345.605867 -378.826968 -384.994535 -373.840562
-58.415597 -36.926706 -18.741331 -18.201062 -14.573736 -10.289383 -3.209339 2.846759 11.486082 43.688266 79.368986 111.233912 136.700621 146.380441 137.529642 127.817356 116.430082 106.858136 107.897111 120.819914 136.380538 151.246156 161.327608 164.811081 163.452430 163.570231 165.002269 167.966271 170.323185 174.787380 181.233062 191.094114 202.940145 199.331366 183.462800 170.461530 155.457146 148.615308 145.265586 140.403747 139.390938 136.166635 110.572951 83.545383 51.254473 18.130926 -6.506125 -28.637785 -53.058530 -81.345291 -136.495520 -189.739486 -234.204814 -271.251302 -307.292206 -316.788073 -290.557889
72.521319 98.896680 114.821483 120.685634 124.033320 128.401940 135.524238 141.696172 150.163158 169.322356 203.808255 240.427080 271.814792 278.937517 272.092581 262.014767 250.146194 241.566023 238.130553 243.948270 252.548369 265.055339 276.441662 286.642994 287.513425 287.297399 287.542819 288.780193 290.838318 291.051002 296.654152 305.721489 315.308980 316.605661 307.040460 290.788221 274.108798 263.857166 253.404453 245.491243 243.659515 243.431089 240.296478 218.863458 186.029165 144.064105 114.622269 91.229547 76.226284 59.343593 39.425556 -3.494585 -30.215534 -67.963417 -114.204740 -152.581527 -122.457148
182.279420 211.112534 230.854014 241.874216 245.818722 252.526034 261.168042 268.799614 280.385468 295.567373 316.029378 344.483637 376.438797 396.317397 394.755733 384.117542 365.952354 364.819333 361.965744 365.970269 370.982375 372.995749 387.767848 398.897272 406.414250 404.491644 404.754074 404.029403 407.289075 404.473670 406.506855 406.642545 414.246877 413.809339 413.016942 397.860865 382.921740 365.437299 349.372071 341.517908 336.950733 335.963899 333.647658 323.348468 297.677592 261.612429 226.464779 201.042694 182.557559 168.405030 157.772945 145.776688 129.892821 102.214452 61.886608 25.320407 13.331306
283.401669 307.630834 331.215595 350.113208 359.396661 373.372704 380.234689 390.761251 405.472116 418.596391 432.598768 448.195163 468.763142 479.951345 485.770957 486.712614 485.889488 488.059128 487.392961 480.404038 481.503646 481.804424 483.998994 487.445197 488.889599 488.467498 488.832804 489.015448 489.600043 489.141121 489.138018 487.247263 488.149463 487.615478 487.544063 483.613488 479.485471 463.694024 450.306070 442.767587 435.139756 426.660624 417.354270 407.861444 392.250227 361.446508 326.649792 295.340973 278.926806 270.009024 263.284226 257.545301 243.006924 222.067249 194.719182 159.910908 124.062881
389.001783 406.407445 426.599582 445.954533 457.366479 467.739003 473.159570 484.026390 494.883515 494.413588 496.374538 498.072362 499.988574 500.612144 500.930310 500.602150 498.241563 497.665994 495.926319 490.047603 480.680124 481.548522 482.429986 484.262856 486.865983 485.909711 487.173477 490.455728 488.890921 483.693900 480.378385 478.595918 478.544909 484.767518 486.708634 487.501093 487.357163 487.308125 486.791365 486.281477 485.740829 485.309290 484.729491 482.200077 472.883218 450.916244 421.433147 388.728140 365.501368 355.307648 354.539796 350.035185 342.153219 320.661996 293.174405 259.052080 222.784809
487.308618 493.874037 496.131480 498.663339 500.050092 502.606225 504.779656 504.973633 501.418205 497.754013 492.990847 491.496182 489.911718 487.563119 488.064669 485.920314 481.844509 478.072814 471.313530 458.654382 445.927439 443.088998 447.085648 450.562616 451.304138 456.340264 460.576106 464.185461 458.531983 451.212626 444.427828 442.184980 447.835942 451.969127 452.972712 455.113622 452.018928 453.673275 455.191254 453.912741 455.371411 462.874140 477.182795 485.328483 486.318969 485.958768 483.614242 478.793979 460.028978 440.118438 441.733791 436.582288 423.271568 396.300380 370.453031 341.088329 311.490865
495.235057 492.578223 486.696211 481.301111 480.775717 484.601698 491.058898 492.227619 485.515927 477.409521 469.682123 461.107263 457.538654 455.615638 454.411496 453.953384 448.273790 440.458193 423.723692 405.171028 390.485300 382.887768 381.042368 385.836746 393.621874 402.936042 409.682404 408.879177 398.389245 386.973396 378.501697 378.244763 380.534220 388.069778 398.519141 401.528252 401.840931 399.124149 396.910109 392.790039 393.279395 403.925051 425.330603 441.768270 455.114777 463.698766 472.394259 478.785630 484.685775 484.751857 484.833160 484.420572 480.229293 464.701381 444.746802 421.904220 392.998416
473.075048 466.119768 458.514245 452.238375 450.360331 452.778365 455.768115 452.375427 445.890165 435.291296 421.796235 405.691026 396.865424 396.010114 397.054186 396.825576 390.288680 375.749883 357.246942 340.634914 324.817854 319.749611 314.917201 312.106764 322.406643 338.286723 345.049295 334.964358 324.765499 310.643186 302.715000 299.829052 301.169261 309.767758 326.816250 342.891887 343.646289 335.585806 327.960959 324.552947 324.171033 334.130479 356.230015 377.339679 392.999516 405.293133 417.577475 427.924438 437.947745 449.346488 462.263665 473.945852 484.523454 485.890297 485.168019 482.639295 465.842576
439.165008 425.233137 415.136175 407.659906 402.725347 399.962638 397.463993 391.279058 384.439218 372.886884 359.476295 345.052023 330.151556 325.831376 322.962770 324.169976 312.790245 301.077822 281.157778 264.851431 248.883793 239.756206 233.971324 228.644150 235.373218 251.447147 260.992986 246.993003 236.743956 223.288340 216.575238 213.213941 214.256883 223.264610 244.994606 262.717355 268.660605 261.048094 255.120166 252.889595 253.304007 260.139141 277.515921 298.883298 319.896958 336.368311 348.640222 358.479595 369.913946 385.392706 401.904684 421.511295 439.901294 459.104219 474.060143 483.103509 488.152074
389.026236 376.538575 364.260394 352.798816 346.224439 346.264146 339.212297 332.637217 321.209975 280.062713 263.676941 245.868734 230.772782 225.147763 217.792630 212.820361 203.155922 195.596104 185.079671 169.477363 152.945613 138.343882 133.548082 129.470567 124.322660 132.673491 136.798684 136.030296 128.905475 121.923531 118.442870 115.923670 119.256187 131.677765 143.532889 154.365686 159.775195 156.041403 161.794077 167.947999 170.055043 185.559511 200.066167 218.269715 239.859289 262.705261 275.873091 286.171784 297.953968 314.494680 333.067294 353.375101 377.740987 404.259450 425.611442 438.370461 450.764659
335.989506 321.279259 308.088900 295.326328 283.187906 283.200789 279.081799 272.022588 238.313867 197.693311 167.642745 150.102466 129.710819 119.531123 110.041888 87.909422 74.260739 66.245311 67.694283 56.292836 39.082399 24.383281 16.692441 10.903231 -0.015882 -5.040400 -0.981070 8.645504 2.870392 -0.171665 2.574754 0.508388 -1.734578 5.945533 20.008830 28.537183 37.684168 47.049158 52.457237 60.574586 84.748144 99.466577 114.469729 134.381274 155.952446 178.332228 197.336491 210.143487 224.426648 243.402436 260.833543 282.790372 307.656889 337.363175 359.037516 375.022246 388.417924
265.437540 249.821281 233.910263 216.500399 196.232415 193.504074 186.125550 171.981517 131.300078 92.329289 61.354721 38.995634 14.336424 -3.297255 -28.534947 -62.608719 -85.955265 -85.333822 -79.298139 -84.366297 -104.048254 -122.927404 -137.586303 -153.694295 -172.397272 -184.074021 -175.049474 -164.554340 -159.747836 -157.400910 -153.328565 -152.061392 -153.121609 -154.311888 -141.784841 -129.278700 -115.092216 -101.593365 -86.887750 -53.509964 -23.568203 -2.724763 20.063822 42.131485 66.441425 91.367601 112.459452 128.035185 146.266778 165.442950 186.003777 207.319484 232.953938 262.817256 287.198602 303.263372 318.394962
189.829736 169.173437 146.447426 112.702903 98.001398 88.571491 78.108824 46.112887 4.493027 -35.630570 -68.834924 -102.388180 -136.482300 -170.925517 -208.723883 -243.002067 -266.068986 -260.320568 -253.494333 -245.298454 -260.579224 -275.535173 -284.385760 -300.469528 -315.941481 -330.343015 -321.700358 -311.845274 -296.473598 -292.969789 -289.724040 -283.665854 -285.107193 -286.794249 -291.971151 -281.581497 -270.105071 -255.148983 -225.452610 -193.827365 -161.517128 -132.316113 -102.570197 -70.126784 -37.041558 -5.730619 23.150505 44.688416 65.430833 87.905269 108.563725 127.993345 150.313599 177.013830 200.457847 219.629048 240.185133
97.986703 74.928326 41.585973 -1.840884 -35.379748 -50.886833 -88.982477 -132.267731 -185.153175 -217.188402 -244.317258 -273.548005 -299.734324 -324.226957 -353.679253 -379.109758 -403.295813 -399.399710 -387.196410 -373.617879 -382.165574 -387.629164 -391.510593 -403.776568 -417.864126 -431.670485 -427.834252 -412.983194 -396.182553 -389.725330 -383.539529 -376.089110 -376.087216 -382.299106 -390.548660 -384.625887 -370.985760 -354.593140 -331.457804 -306.826215 -282.097777 -258.379095 -231.006107 -200.374985 -167.049928 -129.832166 -91.212789 -61.247946 -28.615642 2.802056 26.742529 42.170854 59.786831 86.337857 106.344290 128.239318 150.464164
-6.568046 -36.781952 -85.903527 -143.112674 -198.802330 -241.558892 -279.794501 -316.266066 -341.097220 -363.339219 -384.255914 -404.607242 -426.233598 -446.873902 -467.231163 -489.380910 -509.761021 -504.496087 -490.809077 -477.787006 -476.250709 -479.375744 -482.530779 -490.712564 -504.332247 -516.628104 -508.621594 -493.017516 -477.570178 -467.939202 -461.359659 -455.003087 -457.822773 -466.048852 -473.440155 -465.741974 -450.473892 -435.263435 -416.965746 -394.964735 -372.663466 -350.199506 -326.237271 -301.406414 -273.099393 -242.373440 -209.462725 -175.572421 -141.025469 -106.475124 -85.092035 -64.795616 -47.295542 -22.438606 1.757739 26.003601 51.718238
-160.998263 -198.113027 -241.700924 -289.488979 -326.466836 -361.020254 -393.617382 -425.339167 -450.738089 -469.430157 -480.234986 -495.374887 -515.054809 -528.991896 -546.052633 -566.106689 -568.209663 -564.074860 -551.069850 -548.175994 -547.415177 -550.422999 -551.557888 -556.652358 -569.069895 -563.946817 -555.932688 -540.660952 -529.510969 -520.215995 -513.870438 -509.642330 -510.465498 -518.053286 -515.791430 -508.486405 -493.771961 -481.878771 -466.349076 -445.270262 -427.576155 -407.684849 -385.229691 -361.800751 -336.715272 -309.689958 -279.905002 -251.530790 -226.299216 -210.488259 -193.583797 -180.617085 -179.417669 -155.937144 -130.555423 -103.648505 -68.714945
