tests/Borden05m/data_simulated/sim_1/output-maps/psiliqL0008N0009.asc
ncols         160
nrows         34
xllcorner     620200.000000
yllcorner     5168000.000000
cellsize      0.500000
NODATA_value  -9999.0
[rows 0 to 24 of 34, columns 0 to 56 of 160]
-9999.0 -9999.0 -9999.0 -9999.0 -9999.0 -9999.0 -9999.0 -9999.0 -9999.0 -9999.0 -9999.0 -9999.0 -9999.0 -9999.0 -9999.0 -9999.0 -9999.0 -9999.0 -9999.0 -9999.0 -9999.0 -9999.0 -9999.0 -9999.0 -9999.0 -9999.0 -9999.0 -9999.0 -9999.0 -9999.0 -9999.0 -9999.0 -9999.0 -9999.0 -9999.0 -9999.0 -9999.0 -9999.0 -9999.0 -9999.0 -9999.0 -9999.0 -9999.0 -9999.0 -9999.0 -9999.0 -9999.0 -9999.0 -9999.0 -9999.0 -9999.0 -9999.0 -9999.0 -9999.0 -9999.0 -9999.0 -9999.0
-9999.0 -9999.0 -9999.0 -9999.0 -9999.0 -9999.0 -9999.0 -9999.0 -9999.0 -9999.0 -9999.0 -9999.0 -9999.0 -9999.0 -9999.0 -9999.0 -9999.0 -9999.0 -9999.0 -9999.0 -9999.0 -9999.0 -9999.0 -9999.0 -9999.0 -9999.0 -9999.0 -9999.0 -9999.0 -9999.0 -9999.0 -9999.0 -9999.0 -9999.0 -9999.0 -9999.0 -9999.0 -9999.0 -9999.0 -9999.0 -9999.0 -9999.0 -9999.0 -9999.0 -9999.0 -9999.0 -9999.0 -9999.0 -9999.0 -9999.0 -9999.0 -9999.0 -9999.0 -9999.0 -9999.0 -9999.0 -9999.0
-9999.0 -9999.0 -9999.0 -9999.0 -9999.0 -9999.0 -9999.0 -9999.0 -9999.0 -9999.0 -9999.0 -9999.0 -9999.0 -9999.0 -9999.0 -9999.0 -9999.0 -9999.0 -9999.0 -9999.0 -9999.0 -9999.0 -9999.0 -9999.0 -9999.0 -9999.0 -9999.0 -9999.0 -9999.0 -9999.0 -9999.0 -9999.0 -9999.0 -9999.0 -9999.0 -9999.0 -9999.0 -9999.0 -9999.0 -9999.0 -9999.0 -9999.0 -9999.0 -9999.0 -9999.0 -9999.0 -9999.0 -318.597373 -336.335102 -353.431211 -355.162747 -332.182269 -308.780331 -285.148168 -264.757364 -246.206295 -227.305387
-9999.0 -9999.0 -9999.0 -9999.0 -9999.0 -9999.0 -9999.0 -9999.0 -9999.0 -9999.0 -9999.0 -9999.0 -9999.0 -9999.0 -9999.0 -9999.0 -9999.0 -9999.0 -9999.0 -9999.0 -9999.0 -9999.0 -9999.0 -9999.0 -9999.0 -9999.0 -9999.0 -9999.0 -9999.0 -9999.0 -9999.0 -9999.0 -9999.0 -9999.0 -9999.0 -9999.0 -9999.0 -9999.0 -9999.0 -9999.0 -270.591683 -264.786518 -263.220585 -274.287807 -285.817677 -297.806434 -317.954337 -336.115952 -352.073852 -355.192746 -352.759551 -346.999075 -323.764303 -299.536432 -280.165634 -262.831818 -243.815567
-9999.0 -9999.0 -9999.0 -9999.0 -9999.0 -9999.0 -9999.0 -9999.0 -9999.0 -9999.0 -9999.0 -9999.0 -9999.0 -9999.0 -9999.0 -9999.0 -9999.0 -9999.0 -9999.0 -9999.0 -9999.0 -9999.0 -9999.0 -9999.0 -9999.0 -9999.0 -9999.0 -9999.0 -9999.0 -9999.0 -9999.0 -9999.0 -9999.0 -9999.0 -362.730908 -345.091792 -327.018636 -308.804377 -292.339468 -285.876528 -280.041168 -274.300061 -278.464078 -283.521878 -295.101548 -313.924517 -334.051492 -348.752896 -351.735597 -354.620680 -350.351752 -337.192081 -320.543920 -304.097486 -283.217537 -260.277330 -251.276894
-9999.0 -9999.0 -9999.0 -9999.0 -9999.0 -9999.0 -9999.0 -9999.0 -9999.0 -9999.0 -9999.0 -9999.0 -9999.0 -9999.0 -9999.0 -9999.0 -9999.0 -9999.0 -9999.0 -9999.0 -9999.0 -9999.0 -9999.0 -9999.0 -9999.0 -9999.0 -9999.0 -9999.0 -357.471276 -363.584165 -369.039646 -370.829176 -372.419391 -373.910259 -367.066340 -354.736706 -336.408324 -315.021403 -302.413878 -295.457704 -289.118048 -288.495082 -293.511023 -295.986292 -296.100544 -308.092756 -320.086917 -331.358625 -342.189791 -343.573012 -334.098181 -320.360491 -304.463697 -289.837255 -274.701918 -261.602902 -246.341324
-9999.0 -9999.0 -9999.0 -9999.0 -9999.0 -9999.0 -9999.0 -9999.0 -9999.0 -9999.0 -9999.0 -9999.0 -9999.0 -9999.0 -9999.0 -9999.0 -9999.0 -9999.0 -9999.0 -9999.0 -9999.0 -9999.0 -9999.0 -386.280108 -380.255323 -373.944657 -366.819390 -366.193333 -370.787019 -376.792315 -380.333928 -382.255678 -384.136991 -380.043479 -371.774069 -358.165512 -342.316320 -320.810047 -312.382637 -305.835778 -293.501373 -291.595918 -287.234738 -283.533986 -285.687672 -288.615413 -300.805287 -309.848399 -304.137427 -298.040282 -291.864822 -284.641063 -271.840187 -256.274220 -238.530298 -217.846972 -196.084306
-9999.0 -9999.0 -9999.0 -9999.0 -9999.0 -9999.0 -9999.0 -9999.0 -9999.0 -9999.0 -9999.0 -9999.0 -9999.0 -9999.0 -9999.0 -9999.0 -9999.0 -9999.0 -9999.0 -410.769212 -410.119030 -409.373472 -405.043395 -404.236311 -402.196604 -395.404221 -387.502592 -385.753875 -387.625140 -389.672901 -388.473707 -386.156785 -382.327283 -371.010672 -357.307943 -343.284814 -329.175939 -308.371081 -293.727014 -279.859164 -263.846987 -265.610327 -270.470629 -273.030602 -272.914838 -272.484218 -266.328588 -262.584881 -256.974773 -251.017380 -243.995563 -235.274356 -224.683901 -206.139107 -185.494070 -164.442161 -144.140991
-9999.0 -9999.0 -9999.0 -9999.0 -9999.0 -9999.0 -9999.0 -9999.0 -9999.0 -9999.0 -9999.0 -9999.0 -9999.0 -9999.0 -9999.0 -9999.0 -438.745066 -437.070776 -435.235774 -430.135817 -427.977845 -424.326533 -417.772676 -417.061190 -413.496183 -406.706897 -402.011668 -393.841647 -386.354798 -379.324298 -373.720348 -371.377168 -363.865356 -354.376083 -342.576424 -326.877201 -304.862748 -282.219245 -266.005303 -249.478694 -232.880642 -232.838259 -234.307774 -233.460752 -232.739151 -224.577645 -206.104890 -199.541446 -195.502718 -175.885466 -160.968343 -155.056061 -147.237237 -128.194027 -102.653781 -73.484156 -38.220698
-9999.0 -9999.0 -9999.0 -9999.0 -9999.0 -9999.0 -9999.0 -9999.0 -9999.0 -9999.0 -9999.0 -9999.0 -9999.0 -482.550069 -478.563606 -469.692987 -461.930295 -460.048880 -456.522374 -451.225734 -439.405854 -436.276535 -430.414652 -423.128523 -412.135009 -403.999449 -395.085875 -383.602033 -375.407753 -368.487091 -361.606311 -355.079628 -341.337210 -325.866748 -309.804231 -289.386021 -267.723262 -246.499408 -225.262788 -210.164388 -195.759351 -191.954310 -193.790284 -192.087712 -183.484993 -164.292321 -143.761782 -129.215224 -104.844915 -78.471804 -61.706514 -46.526399 -35.264727 -19.850738 5.442393 48.854030 94.428138
-9999.0 -9999.0 -9999.0 -9999.0 -9999.0 -9999.0 -9999.0 -9999.0 -9999.0 -9999.0 -517.607870 -515.125380 -518.799524 -518.134822 -513.860352 -502.366675 -489.624115 -483.042436 -472.281391 -452.191682 -435.536689 -432.469372 -417.951211 -408.411921 -402.254891 -391.847945 -378.949786 -366.081295 -348.755260 -336.124938 -323.348640 -302.366832 -285.798287 -269.355255 -251.640926 -231.839934 -210.414762 -179.468178 -150.986964 -135.400515 -109.374024 -93.276353 -95.352682 -94.263542 -84.949940 -64.397551 -35.968919 -2.566532 27.784488 61.203655 87.768268 107.608342 124.159278 144.872946 172.166546 215.255342 257.359177
-9999.0 -9999.0 -9999.0 -9999.0 -9999.0 -9999.0 -9999.0 -9999.0 -541.263924 -534.680709 -528.564322 -531.855559 -536.902717 -540.358550 -527.797524 -512.386870 -496.883067 -480.397420 -464.909456 -447.558316 -432.298724 -416.010013 -397.081741 -385.544650 -373.912763 -358.909743 -345.293184 -327.195784 -305.673805 -290.598489 -271.063289 -248.820219 -228.882716 -210.471612 -191.568504 -172.306529 -141.601255 -104.118992 -67.606256 -38.051969 -4.673275 26.553060 31.332340 37.849346 46.053923 78.618059 120.006823 167.907121 210.350520 243.074774 272.643919 289.582276 301.394274 316.707215 336.371645 356.140286 380.633662
-9999.0 -9999.0 -9999.0 -9999.0 -9999.0 -9999.0 -566.462613 -542.599410 -528.156652 -536.195894 -544.377751 -547.933438 -551.644748 -533.265651 -512.434655 -496.112348 -479.953528 -463.165344 -447.389574 -432.867696 -397.694417 -381.746375 -366.866691 -346.894747 -332.976073 -318.963489 -301.428051 -277.401575 -253.628591 -219.965568 -188.678193 -159.978870 -131.211227 -108.880027 -87.480564 -64.372009 -26.716556 19.310531 65.590987 106.431076 147.813516 192.506585 211.378975 222.354450 232.623544 251.715212 282.814526 316.605120 354.067740 385.733169 408.997312 419.461331 429.643580 442.049800 457.404038 471.287267 484.020540
-9999.0 -9999.0 -9999.0 -9999.0 -599.413355 -578.695879 -558.328693 -527.760542 -505.470716 -511.251776 -504.189705 -503.909385 -505.471865 -503.546298 -498.420179 -481.034578 -463.930005 -446.685152 -428.223756 -390.085524 -348.314539 -331.378411 -303.920912 -271.190364 -256.806430 -241.664365 -225.870637 -202.001212 -170.656042 -132.299018 -80.331943 -34.283435 -0.468910 29.875939 57.088196 88.263565 133.729505 189.803973 235.789201 273.581938 307.071208 336.277677 354.352739 364.358252 375.936441 389.924451 408.665826 434.950903 464.421908 494.105236 517.644438 531.435028 540.071829 551.845968 565.570240 578.714495 589.549232
-9999.0 -9999.0 -9999.0 -645.718055 -607.518010 -571.099258 -543.827079 -513.186942 -482.013503 -475.773649 -467.912225 -461.600506 -455.087286 -446.449406 -436.578400 -420.694421 -407.209668 -395.195381 -374.383782 -337.071402 -299.851411 -264.343540 -230.476035 -197.879314 -172.928483 -155.622244 -137.156363 -109.905454 -64.792986 -16.430466 45.468564 113.531045 169.793661 208.310275 233.800848 261.442962 288.166412 326.435740 362.008330 393.387908 423.706316 449.255520 470.611628 479.281406 487.252352 495.773367 512.239540 533.645968 555.650670 581.260298 607.635217 627.822433 641.008827 650.549024 666.220011 680.606126 691.212941
-9999.0 -9999.0 -691.778017 -655.180542 -619.913914 -568.259399 -516.113083 -483.119069 -442.599221 -417.437065 -410.406078 -391.561855 -374.362698 -365.705361 -348.337700 -330.645738 -317.667621 -314.643166 -302.043710 -264.864339 -208.925398 -155.984033 -117.599097 -53.638913 -13.687570 13.385957 30.380552 60.631843 103.983267 167.878901 228.960013 281.764378 325.140432 359.964151 376.696483 394.456695 417.338144 438.794412 468.745284 496.200966 523.928155 549.813719 573.699326 582.988455 587.187844 601.795261 622.186759 645.205955 666.801879 686.088934 698.586165 703.055285 705.798651 707.811096 710.324673 711.942087 712.700595
-9999.0 -9999.0 -716.412412 -672.748615 -629.724026 -559.226572 -484.415311 -446.916092 -403.866283 -359.461692 -339.981243 -315.715602 -295.305657 -275.768652 -251.044727 -226.228834 -221.450889 -218.344692 -218.149025 -160.958402 -95.809835 -21.032910 63.027929 145.114150 200.130936 216.589424 226.653110 245.895039 272.664171 320.316631 372.427997 421.290931 463.326409 492.932377 508.525616 525.001583 545.777485 563.048261 579.010065 611.176064 631.277008 653.929972 677.959965 696.624927 703.741448 705.659469 702.471075 706.741307 709.696026 711.039574 711.443026 708.609927 708.201094 709.094481 710.380929 705.863831 699.520510
-9999.0 -802.197016 -750.539378 -696.254977 -625.475014 -555.810408 -469.168071 -387.846866 -337.886483 -295.191652 -265.587708 -243.579149 -186.267624 -133.204697 -102.505956 -69.155043 -69.963627 -71.491800 -77.787548 -27.633466 40.396652 153.711331 276.828111 338.885677 377.758541 384.682692 382.799009 396.849932 421.972118 461.923180 521.233161 560.247519 602.556173 634.684607 646.637382 651.885046 667.824386 685.232270 691.722292 701.009643 704.918447 709.041098 708.252067 709.785643 710.728145 711.254836 708.665964 703.077952 695.671256 690.000984 686.098243 681.993583 684.424417 687.332848 688.433963 681.880508 673.558907
-9999.0 -835.902348 -775.521627 -702.795601 -630.563397 -551.863176 -437.863425 -309.563199 -262.601305 -226.890824 -193.748347 -140.372367 -41.861122 35.751906 84.543056 138.891380 138.474169 124.625157 125.262859 173.460584 233.589209 312.059171 436.157491 519.176770 534.642692 547.158729 556.360140 579.248789 608.584560 635.691630 659.216579 673.812684 685.154060 690.730897 693.341344 695.283183 697.979268 699.024871 696.559024 692.879847 688.504397 689.333661 693.976947 694.744802 692.307426 689.604338 684.518144 677.195925 670.652500 664.181128 660.780225 658.469816 656.898950 656.120124 652.085431 647.156098 637.051343
-9999.0 -859.084250 -790.324484 -724.290632 -649.104302 -522.306255 -400.414085 -271.153923 -181.090735 -138.613792 -79.137247 26.975965 151.952930 244.465816 295.442106 326.295965 341.007669 334.120919 349.750424 396.587250 458.790801 530.918368 591.610401 652.477650 663.941424 667.511512 661.889145 667.237167 672.321061 674.180626 675.734683 676.427313 682.200925 685.288515 685.344636 683.526554 680.354188 673.469730 668.258207 663.353065 659.088112 659.244197 663.361293 665.634143 662.401702 657.979932 653.548992 648.222129 640.126795 631.513025 626.813184 622.956047 620.604103 615.678968 611.015904 605.425780 592.191240
-9999.0 -943.932705 -860.850941 -797.761273 -659.809558 -495.955582 -372.405247 -216.936429 -78.696948 -14.658804 104.844177 229.243754 330.886162 397.311417 443.547153 494.794497 532.454008 560.067151 590.294653 588.778716 626.786323 655.984337 666.670067 673.123981 670.481304 672.476063 665.729353 646.884662 636.951157 630.799743 632.683753 639.230320 646.191331 651.725092 651.147132 651.424466 652.480569 649.424790 645.077636 634.687613 626.113497 621.060744 620.985449 627.427095 621.887268 617.786488 611.828836 604.006170 594.411223 585.485939 577.387241 570.564990 567.553977 561.898179 560.571197 553.614835 528.148903
-9999.0 -1024.572669 -945.392353 -838.551297 -684.688965 -521.704443 -372.541100 -198.543482 1.040096 139.401801 258.502554 324.715336 396.026909 462.972548 532.289123 583.492253 612.553227 622.018164 620.538329 618.998216 588.724904 581.315131 596.766644 620.164558 631.091953 634.993893 625.606539 611.557370 603.391504 602.092237 601.084801 600.546613 600.445065 599.040493 596.535605 598.078994 602.969757 598.051374 590.545995 582.532385 575.764565 568.638617 564.293884 562.209053 560.218351 559.449431 551.954923 541.492036 530.502970 521.759426 513.544272 507.418402 505.177944 500.814456 494.765326 484.581514 458.735057
-9999.0 -1109.546244 -995.637371 -891.085915 -753.075110 -612.480489 -473.820556 -301.807048 -132.858418 107.896815 294.290986 355.901944 390.257444 439.188712 505.161856 572.514472 589.235898 563.644419 534.990802 513.897306 510.798634 517.594480 531.469153 552.101602 568.474158 577.015262 576.532586 566.639705 552.540001 544.274067 539.211957 530.908492 524.905280 524.256882 523.317451 528.862857 532.293849 524.229701 513.062028 499.418154 487.693977 479.232552 476.979747 478.165823 477.747052 474.380720 466.939432 456.205626 443.076003 431.057536 422.374308 416.337600 410.149968 401.819710 392.610498 382.192724 357.679083
-9999.0 -9999.0 -1064.145422 -951.588664 -834.462685 -704.930768 -574.685063 -416.617881 -256.241024 -52.563925 97.539474 209.159548 269.217666 317.745027 377.710120 431.545089 448.021841 459.855732 435.809470 432.198771 433.957392 439.091966 450.580189 464.228999 477.582239 486.326152 491.577144 489.086448 479.646134 463.985115 445.585942 431.182060 422.464510 416.329023 423.432226 433.472768 432.041264 426.576989 416.784375 403.685885 392.864794 381.640836 379.001400 379.997190 379.866857 376.481949 370.329493 355.866796 340.143192 324.719100 316.250367 308.445539 301.503475 290.090828 278.289231 264.893623 240.388423
-9999.0 -9999.0 -1145.631375 -1033.821339 -911.522522 -784.616728 -675.087739 -564.247578 -402.971610 -275.780393 -166.591593 -66.483231 16.969433 94.376391 156.135858 215.214040 244.876320 256.886414 263.809564 279.057334 300.317612 324.819748 344.020153 359.103080 372.497566 383.384734 391.455053 381.681905 371.212448 354.235520 330.941108 305.344553 291.399144 285.145489 288.097512 294.292677 289.478396 280.274324 267.190499 252.329843 240.592128 229.616424 226.100577 224.079864 223.060282 219.517696 213.895785 199.762007 180.233617 163.790761 149.468620 137.980761 130.712436 118.775516 104.397328 92.809306 68.367181
