tests/Borden05m/data_simulated/sim_1/output-maps/psiliqL0014N0007.asc
ncols         160
nrows         34
xllcorner     620200.000000
yllcorner     5168000.000000
cellsize      0.500000
NODATA_value  -9999.0
[rows 0 to 24 of 34, columns 56 to 111 of 160]
-9999.0 -9999.0 -9999.0 -9999.0 -9999.0 -9999.0 -9999.0 -9999.0 -9999.0 -9999.0 -9999.0 -9999.0 -9999.0 -9999.0 -9999.0 -9999.0 -9999.0 -9999.0 -9999.0 -9999.0 -9999.0 -9999.0 -9999.0 -9999.0 -9999.0 -9999.0 -9999.0 -9999.0 -9999.0 -9999.0 -9999.0 -9999.0 -9999.0 -9999.0 -9999.0 -9999.0 -9999.0 -9999.0 -9999.0 -9999.0 -9999.0 -9999.0 -9999.0 -9999.0 -9999.0 -9999.0 -9999.0 -9999.0 -9999.0 -9999.0 -9999.0 -9999.0 -9999.0 -9999.0 -9999.0 -9999.0
-9999.0 -9999.0 -9999.0 1028.213015 1022.817398 1017.784751 1013.138499 1004.513139 995.582761 987.548999 983.898546 983.311639 982.864143 982.794640 988.339349 996.664294 1004.612985 1012.055577 1014.772911 1017.518205 1020.052447 1020.861775 1019.996898 1017.134429 1014.204608 1011.159889 1009.957410 1002.230128 991.133097 982.581555 979.995250 984.501063 989.006741 991.487707 997.210290 1007.778327 1018.367577 1026.650531 1038.273654 1043.812839 1048.535881 1051.031952 1046.484116 1042.507466 1038.266968 1032.740518 1021.496371 -9999.0 -9999.0 -9999.0 -9999.0 -9999.0 -9999.0 -9999.0 -9999.0 -9999.0
992.263520 1012.553127 1015.910162 1004.518059 999.673645 996.585201 994.807319 990.263157 981.928577 977.018651 971.973792 970.425807 970.852061 971.268387 975.693011 986.222190 994.496057 999.556600 1002.395822 1005.349514 1005.314591 1005.146774 1005.230601 1002.756663 999.736313 996.742674 995.308089 996.137162 988.828284 983.536177 980.254454 978.604261 981.182076 983.573777 986.970131 996.284186 1004.211193 1012.087662 1026.124478 1038.206426 1043.031680 1040.024718 1034.533313 1030.194340 1022.929452 1012.377565 1001.771026 992.139858 984.876302 978.888561 972.597309 978.067589 984.205418 993.503896 1002.642918 1014.218750
977.660377 998.091386 1001.147569 990.626863 982.611479 977.715906 978.241578 981.214185 978.099782 973.870775 969.112337 978.157940 979.844459 981.351847 984.995503 988.328675 991.915216 994.960542 1000.660178 1010.022907 1013.157133 1014.131690 1014.743526 1013.397310 1010.768750 1009.433592 1007.129245 1002.335578 1001.529042 1002.036673 1001.899332 1006.910400 1008.445756 1010.225695 1003.534627 1006.965857 1012.909996 1019.430923 1025.492845 1031.667197 1035.000395 1031.125368 1029.684743 1020.575953 1006.055804 994.360981 985.371704 983.121770 979.349047 970.832679 957.366746 963.858135 978.742722 982.681905 985.343886 996.434028
974.163102 986.251592 989.584617 984.926500 986.647377 988.593270 990.438011 989.267889 986.714880 985.082277 997.961708 1007.817463 1010.103946 1013.460426 1017.533711 1017.399185 1005.936753 1003.906465 1012.485368 1023.201435 1029.451004 1030.256372 1030.800963 1029.297416 1028.948054 1029.219889 1027.655844 1028.841568 1031.643401 1031.784867 1036.529651 1042.305300 1045.270712 1037.630817 1028.418237 1029.098078 1036.543745 1044.321610 1051.147846 1061.154706 1071.727335 1069.978525 1063.529956 1053.581746 1039.097050 1014.767076 994.468880 982.707571 974.602936 966.492257 965.800904 961.729613 972.282294 973.089542 974.158924 981.550327
981.909505 1003.585923 1011.868616 1006.458830 1001.965953 999.783482 1001.015935 1001.663267 1005.126217 1017.993491 1032.315030 1047.253402 1050.638327 1053.742123 1053.762046 1045.248801 1035.403214 1032.101604 1047.157782 1063.902735 1072.826202 1074.222221 1074.195369 1081.777974 1081.480636 1080.827670 1076.910572 1079.620599 1081.478970 1091.570998 1099.549633 1106.878075 1105.143016 1093.026927 1081.289045 1079.447156 1081.851251 1084.727531 1090.292080 1099.688354 1108.415638 1102.266271 1094.022011 1082.859643 1053.126700 1025.009624 1007.064064 1005.965373 1004.909112 998.832803 994.544889 990.272361 982.337650 980.757172 978.838265 977.259290
1034.189931 1055.009047 1071.345174 1066.274737 1058.883639 1049.446911 1050.633510 1054.218444 1063.027167 1076.868930 1095.096056 1119.970839 1123.600846 1127.436077 1130.536323 1119.743810 1107.800393 1097.152525 1115.682001 1126.658096 1136.189578 1138.880832 1149.802518 1161.052509 1158.060520 1151.575652 1142.495793 1149.845339 1162.224469 1177.988844 1185.314932 1189.502891 1188.132453 1176.746001 1170.558268 1168.614508 1170.194825 1167.002003 1170.675168 1179.665026 1193.379369 1191.287793 1180.864241 1156.601066 1117.764431 1081.858993 1060.082840 1064.141066 1055.631432 1047.245755 1042.153533 1026.848425 1014.659283 1013.299537 1002.387261 994.947459
1086.380792 1105.796088 1125.002569 1120.920763 1111.156006 1098.456326 1098.595142 1106.846930 1118.150364 1138.541987 1162.729333 1187.907422 1197.046321 1200.760217 1211.063585 1205.105314 1196.039950 1188.250815 1200.474662 1213.313299 1226.252440 1237.451954 1252.106684 1265.664968 1257.857114 1247.612141 1243.923651 1250.674784 1271.789824 1290.124933 1295.801223 1297.281180 1299.919773 1290.408403 1283.398278 1276.089501 1270.134236 1263.209674 1257.842877 1274.839985 1289.851082 1286.247636 1260.751922 1234.213198 1195.238172 1155.000533 1120.847465 1118.614966 1113.583337 1110.686374 1094.022147 1076.807055 1058.919053 1047.828681 1037.016926 1021.408377
1183.361443 1205.633156 1228.214431 1229.704359 1213.688035 1206.212410 1211.655926 1225.352166 1234.044409 1251.539260 1277.472489 1310.833209 1333.294739 1353.102442 1358.159987 1350.306910 1341.688074 1329.063845 1328.133432 1346.535262 1360.007406 1372.533435 1385.517583 1400.529469 1408.404531 1408.070334 1409.627686 1414.574340 1423.238133 1433.365671 1440.653713 1446.191713 1451.535510 1447.113243 1436.332923 1429.398964 1419.766809 1411.958490 1407.946482 1409.326068 1419.007241 1414.590032 1385.230361 1355.226820 1320.017667 1279.942287 1245.699555 1225.912419 1229.702466 1216.522081 1195.832199 1174.248989 1137.299712 1118.951844 1101.062016 1070.080216
1296.783267 1326.617694 1342.841893 1356.981868 1352.507808 1354.588839 1359.303956 1367.668254 1374.198405 1384.242222 1419.089852 1455.813952 1486.126912 1511.012376 1520.042136 1510.103499 1500.800563 1489.395736 1480.881998 1486.499183 1502.373746 1520.784981 1538.417867 1551.904650 1557.822590 1558.884950 1561.153643 1564.842035 1569.095048 1573.058806 1579.823531 1587.267284 1597.075392 1607.522703 1601.031052 1583.825493 1570.985000 1556.650438 1550.779740 1548.189920 1545.286836 1543.246859 1532.533635 1497.904417 1466.508079 1431.615889 1400.250944 1376.442913 1360.312941 1337.878430 1312.188560 1262.752683 1219.367217 1181.496295 1151.999888 1121.684062
1426.876735 1459.894832 1484.972616 1500.861200 1503.847124 1506.537719 1509.494453 1515.954408 1522.229219 1530.797350 1555.345643 1594.039494 1631.661774 1661.507338 1665.321505 1656.007199 1646.106642 1636.572368 1626.618497 1624.299320 1633.563527 1646.224488 1663.925748 1676.756213 1687.699423 1688.471724 1690.404615 1692.259839 1695.377180 1698.002210 1700.575065 1707.927075 1719.824115 1730.972444 1731.616412 1717.767351 1700.577813 1683.126380 1675.905250 1669.585102 1662.975270 1661.920105 1660.921513 1651.010726 1623.652151 1585.680857 1541.377088 1513.403056 1490.294569 1474.681559 1455.524733 1425.221547 1369.115585 1334.173689 1295.766929 1259.421122
1554.612147 1585.764225 1617.035080 1635.693665 1642.958570 1643.092771 1644.835307 1652.399666 1658.958474 1669.526375 1686.832477 1711.466960 1740.547368 1766.965717 1783.763867 1779.910631 1767.540772 1750.811036 1746.159473 1745.709464 1748.760285 1756.430707 1765.645353 1782.133327 1798.990374 1805.384331 1807.148074 1805.671450 1808.613207 1810.468378 1811.054189 1812.518433 1817.569213 1824.695414 1827.193070 1822.199382 1806.081192 1786.099049 1772.290208 1763.878348 1759.175326 1756.777923 1757.390492 1756.125272 1743.082669 1713.029737 1674.112089 1640.408051 1617.955352 1600.562807 1584.484213 1570.112036 1546.199709 1524.577918 1490.631462 1444.469081
1665.302932 1691.704079 1718.507231 1742.118906 1757.841667 1761.086057 1766.144626 1770.784852 1780.316659 1795.827980 1815.143839 1829.368841 1846.253324 1867.341913 1879.843020 1885.521666 1886.079073 1885.257249 1887.736154 1888.703780 1860.632638 1864.558297 1868.321020 1876.719919 1885.727443 1889.085877 1889.956799 1889.402823 1891.192201 1892.203739 1892.883366 1892.959000 1893.371332 1895.836941 1896.811680 1895.815257 1889.037391 1893.606038 1876.996320 1865.410501 1858.057308 1850.253070 1841.454417 1831.519081 1821.483870 1804.852354 1777.999681 1745.224965 1718.737619 1706.903041 1698.810450 1689.787762 1681.717599 1664.046739 1640.730475 1608.295114
1772.104671 1788.153975 1808.068674 1835.089924 1853.525034 1863.300619 1871.257466 1875.588544 1887.508103 1900.706685 1894.743747 1898.626307 1902.506385 1906.297038 1907.543044 1907.972399 1908.037870 1906.283834 1906.510219 1905.477115 1901.623097 1892.669725 1894.471416 1896.132928 1898.671198 1902.241018 1901.102503 1902.344491 1905.736060 1904.852202 1900.035927 1897.030220 1895.903101 1896.697673 1904.026078 1907.450310 1908.665437 1908.055299 1907.999122 1908.105858 1906.936596 1905.126409 1902.237273 1898.351572 1902.180972 1891.984553 1868.898609 1836.248841 1801.715594 1788.475256 1784.066689 1783.060875 1778.718150 1771.311913 1752.244786 1724.946243
1885.487277 1898.501009 1894.042077 1904.320983 1909.346120 1911.466120 1913.644541 1915.576714 1916.452517 1912.996091 1909.398396 1904.500927 1902.906402 1901.247631 1898.543052 1898.977564 1897.085287 1893.505009 1890.502101 1884.639497 1874.544677 1863.690457 1861.176427 1865.500133 1870.128744 1874.068994 1877.069640 1880.420577 1881.798885 1877.742681 1870.799071 1864.603838 1863.381596 1870.275986 1876.206691 1881.984923 1883.358390 1882.922765 1881.984787 1883.243587 1881.697368 1882.811025 1889.494460 1902.594751 1907.909328 1910.522530 1910.068624 1902.290156 1888.073530 1882.004437 1862.205707 1864.950481 1859.398711 1847.359697 1826.468415 1803.223523
1913.333738 1912.857571 1911.170703 1905.084957 1898.979232 1897.764227 1901.007814 1907.157865 1907.849244 1900.489683 1891.900812 1884.612518 1877.390705 1874.675007 1872.859091 1871.753150 1871.651376 1866.557565 1859.178261 1844.528905 1833.590936 1822.685931 1816.499649 1813.856084 1817.806146 1826.697946 1835.660458 1840.031877 1833.536111 1826.875139 1817.292320 1810.367714 1811.504903 1814.374690 1823.948838 1838.639759 1844.382154 1846.386999 1842.801799 1839.791746 1835.326592 1834.313451 1841.600765 1856.491062 1871.539960 1885.026211 1893.123688 1900.376664 1906.680786 1909.584462 1910.292460 1910.144670 1908.189732 1906.522135 1891.018279 1870.428759
1902.031541 1895.719751 1890.728945 1883.971837 1877.887900 1875.496824 1877.018608 1878.928657 1874.743003 1867.398876 1856.673572 1845.193836 1834.750080 1827.473026 1827.127585 1828.277549 1828.630183 1822.129057 1808.149701 1791.493705 1778.528519 1764.676255 1760.060802 1754.068073 1748.284809 1757.343136 1773.368563 1779.128236 1765.856221 1756.799633 1743.783033 1737.744504 1735.732293 1738.236497 1748.570146 1769.601631 1790.606358 1793.775210 1786.226646 1778.842784 1776.040841 1774.967286 1782.190716 1800.453590 1820.453657 1835.376316 1845.187366 1851.054127 1859.218846 1868.516595 1880.357260 1892.740418 1902.814025 1909.994367 1913.720977 1911.454701
1879.436786 1871.922852 1864.302772 1856.964418 1850.105398 1844.883036 1841.574081 1837.531633 1830.329212 1822.142025 1806.072907 1792.759776 1779.378963 1764.091221 1758.948164 1754.370254 1754.938697 1743.411270 1733.439211 1715.393585 1699.921652 1683.703158 1671.685433 1664.124027 1656.321981 1658.054527 1671.786429 1680.020287 1667.386725 1657.881176 1646.390904 1641.634697 1639.643337 1643.038054 1654.954056 1678.621774 1699.433205 1709.046202 1703.941082 1701.902639 1702.263926 1703.178988 1710.586162 1725.834665 1746.386648 1768.255833 1785.410365 1795.679309 1804.038089 1814.410059 1828.700854 1842.057592 1855.082773 1871.065469 1890.188934 1904.059216
1848.540069 1838.660990 1828.796949 1817.670848 1806.032196 1798.389643 1797.987277 1789.614130 1781.386373 1763.262695 1714.325878 1693.869297 1673.465719 1655.469308 1646.995868 1637.278004 1626.716140 1616.695830 1609.800071 1603.594057 1587.547792 1568.749212 1550.338293 1542.678574 1536.129972 1524.029019 1526.020184 1528.060079 1533.639734 1526.920542 1522.482632 1521.885336 1520.749871 1525.480698 1541.299160 1555.430340 1568.100166 1577.554434 1580.092247 1590.265519 1599.381401 1606.756430 1625.156133 1640.741762 1660.508974 1684.115812 1710.088591 1725.701888 1737.149909 1749.504586 1765.909802 1782.710575 1799.841049 1821.449230 1845.167588 1860.283095
1807.230244 1792.814653 1777.740352 1763.541428 1748.910301 1733.162745 1731.467799 1725.306816 1713.551220 1667.417971 1622.106769 1586.063940 1564.243133 1538.081447 1522.694583 1507.746657 1477.595170 1461.467271 1455.256661 1460.677219 1450.692590 1432.127036 1415.942861 1404.907113 1395.310437 1379.699605 1368.040627 1372.231779 1385.162043 1381.742150 1381.326812 1386.778654 1386.487701 1384.485735 1391.364178 1408.549929 1419.733923 1433.113680 1448.604845 1456.048109 1469.185472 1499.508018 1516.574922 1535.681244 1559.792509 1585.668639 1612.342005 1636.801866 1653.857423 1671.721070 1692.920912 1711.485179 1733.220415 1756.983068 1785.618676 1805.395035
1739.610070 1718.341838 1699.406433 1678.919679 1654.002078 1630.077310 1623.984369 1613.219233 1588.392615 1536.907241 1492.631231 1459.141071 1432.332103 1403.801016 1380.147096 1348.201624 1313.987765 1292.017521 1297.832290 1304.593457 1305.787898 1290.622566 1276.211586 1264.020389 1247.658343 1230.575208 1217.264173 1225.622601 1233.976921 1244.036315 1248.402170 1252.750488 1256.824540 1257.183797 1253.909295 1260.115579 1271.630090 1284.702645 1298.145883 1315.588493 1348.651053 1376.366121 1397.592640 1422.864366 1448.167127 1476.244828 1505.510571 1532.814263 1554.625801 1578.209794 1601.811124 1626.492390 1650.191270 1677.161406 1707.966489 1733.964704
1656.546926 1626.879278 1600.415847 1568.679215 1524.095407 1504.568365 1491.329680 1472.736118 1430.220626 1383.020049 1345.376544 1318.555089 1289.797508 1262.544225 1231.965656 1197.762462 1170.284622 1148.867290 1155.136143 1161.696120 1173.338340 1160.819559 1149.038569 1141.944075 1125.792236 1110.987540 1095.567386 1102.505268 1112.603862 1130.794390 1135.473883 1139.496760 1147.578684 1147.683516 1146.404236 1138.008257 1148.349768 1160.854149 1176.702906 1206.822229 1233.482040 1259.958884 1284.639431 1308.955503 1336.096855 1365.051006 1394.733187 1426.447985 1452.281741 1477.567093 1504.964976 1530.687939 1553.685385 1578.624662 1608.497675 1634.715385
1537.220779 1510.643653 1481.415022 1438.785965 1389.862766 1349.891206 1327.838014 1283.743313 1245.932414 1209.397462 1190.596238 1169.396150 1143.554931 1119.387501 1095.874840 1068.599725 1045.125924 1019.895387 1023.045536 1035.243907 1048.887169 1043.502180 1039.776764 1035.980131 1024.267360 1010.006428 996.004274 999.373584 1014.737751 1031.794100 1039.857820 1047.033099 1055.173777 1056.028428 1049.805911 1042.411736 1049.322131 1065.064900 1082.755359 1104.863899 1128.871480 1152.874418 1176.103879 1202.025272 1229.266673 1257.329905 1287.721132 1319.823191 1345.970336 1375.570498 1406.112967 1431.351632 1449.305332 1468.360264 1497.215830 1520.774378
1414.418318 1385.259140 1353.529982 1307.953210 1261.670728 1215.325931 1171.521067 1135.210955 1101.380129 1082.545706 1061.231384 1041.355824 1021.372764 998.393053 977.705994 958.101855 935.091840 917.785049 922.718676 935.229921 945.328222 948.191349 944.752465 941.236276 933.523367 919.393173 910.074708 918.624716 933.894259 948.618459 959.206554 966.254025 972.597869 970.426552 962.804027 958.341458 967.401718 983.968934 999.797430 1017.999271 1040.767511 1063.607575 1087.322543 1112.406479 1137.809453 1165.939926 1195.234859 1225.441632 1255.962279 1284.165053 1310.780867 1327.215357 1344.162317 1356.324940 1377.480303 1401.542854
1273.651530 1244.206671 1212.259055 1176.078886 1134.931947 1102.188545 1067.360955 1034.021275 1001.501564 973.814136 955.430644 944.298623 928.158005 907.879926 893.543227 875.854963 858.788718 859.018034 861.121203 871.327318 871.641959 871.901040 868.614214 867.215139 862.893301 852.747834 860.322159 867.564545 881.980956 892.712883 902.336792 908.733301 913.081769 913.581100 908.049224 912.537526 920.205679 935.423427 948.070515 963.912559 985.711702 1004.416697 1025.376301 1049.309917 1074.271049 1100.650081 1128.889285 1159.489794 1187.592350 1210.757505 1224.024605 1239.032934 1248.996410 1247.641081 1266.434507 1286.643535
