tests/Borden05m/data_simulated/sim_1/output-maps/psiliqL0014N0019.asc
ncols         160
nrows         34
xllcorner     620200.000000
yllcorner     5168000.000000
cellsize      0.500000
NODATA_value  -9999.0
[rows 0 to 24 of 34, columns 56 to 111 of 160]
-9999.0 -9999.0 -9999.0 -9999.0 -9999.0 -9999.0 -9999.0 -9999.0 -9999.0 -9999.0 -9999.0 -9999.0 -9999.0 -9999.0 -9999.0 -9999.0 -9999.0 -9999.0 -9999.0 -9999.0 -9999.0 -9999.0 -9999.0 -9999.0 -9999.0 -9999.0 -9999.0 -9999.0 -9999.0 -9999.0 -9999.0 -9999.0 -9999.0 -9999.0 -9999.0 -9999.0 -9999.0 -9999.0 -9999.0 -9999.0 -9999.0 -9999.0 -9999.0 -9999.0 -9999.0 -9999.0 -9999.0 -9999.0 -9999.0 -9999.0 -9999.0 -9999.0 -9999.0 -9999.0 -9999.0 -9999.0
-9999.0 -9999.0 -9999.0 1027.790415 1022.414212 1017.391945 1012.744527 1004.109215 995.164099 987.113340 983.444759 982.838186 982.368486 982.272881 987.786151 996.073014 1003.975526 1011.360707 1014.004079 1016.652276 1019.060281 1019.710602 1018.654241 1015.572935 1012.406647 1009.121129 1007.686113 999.745246 988.461518 979.753673 977.042065 981.453746 985.897621 988.351191 994.083348 1004.699634 1015.375437 1023.777891 1035.541866 1041.228182 1046.090038 1048.704085 1044.245341 1040.326648 1036.113992 1030.588805 1019.328094 -9999.0 -9999.0 -9999.0 -9999.0 -9999.0 -9999.0 -9999.0 -9999.0 -9999.0
991.314402 1011.620918 1015.043498 1003.801305 999.008177 995.934934 994.154142 989.596015 981.240766 976.306405 971.235108 969.659225 970.055836 970.439808 974.827578 985.313468 993.535500 998.531739 1001.287914 1004.131967 1003.953169 1003.602199 1003.463854 1000.734901 997.438697 994.164526 992.461025 993.046162 985.526950 980.061068 976.641840 974.889838 977.401941 979.766275 983.176486 992.547517 1000.574041 1008.587422 1022.787450 1035.043062 1040.035132 1037.173167 1031.795792 1027.537460 1020.320471 1009.782420 999.138652 989.334836 982.039084 976.086957 969.865949 975.424304 981.661158 991.065523 1000.309874 1011.977689
976.369549 996.795529 999.877906 989.406884 981.414775 976.520229 977.030626 979.974952 976.821685 972.546159 967.737466 976.731927 978.368850 979.828514 983.424484 986.705976 990.232073 993.201646 998.800923 1008.027130 1010.977219 1011.712303 1012.029299 1010.341900 1007.343407 1005.634546 1002.977641 997.871614 996.802070 997.097316 996.795237 1001.686738 1003.148545 1004.903086 998.239048 1001.750356 1007.827317 1014.528722 1020.807740 1027.217901 1030.783802 1027.117873 1025.850979 1016.878809 1002.461999 990.842515 981.900624 979.666787 975.946830 967.515281 954.154023 960.761445 975.770552 979.840571 982.633373 993.842221
972.125535 984.173020 987.488969 982.824973 984.531783 986.450830 988.253971 987.023910 984.389994 982.658495 995.429254 1005.178657 1007.368806 1010.644224 1014.651154 1014.456484 1002.927928 1000.808936 1009.260429 1019.791510 1025.780902 1026.238609 1026.348428 1024.338254 1023.439774 1023.163707 1021.094112 1021.843747 1024.289602 1024.152576 1028.685367 1034.312495 1037.193312 1029.537440 1020.379142 1021.184571 1028.828166 1036.871648 1044.018327 1054.376926 1065.303753 1063.886179 1057.730554 1048.033286 1033.764856 1009.630055 989.512060 977.919822 969.987012 962.050952 961.535086 957.642262 968.378318 969.375223 970.635553 978.211297
978.546319 1000.118716 1008.324206 1002.851255 998.296186 996.045124 997.191804 997.719113 1001.013744 1013.665637 1027.747738 1042.452739 1045.635260 1048.585125 1048.506571 1039.930617 1030.024530 1026.625453 1041.513206 1057.987289 1066.511679 1067.361444 1066.643800 1073.417911 1072.256485 1070.760042 1066.084503 1068.154742 1069.503716 1079.200380 1086.887423 1094.022673 1092.196539 1080.088105 1068.457727 1066.824658 1069.547361 1072.843610 1078.906261 1088.846266 1098.131554 1092.531938 1084.809056 1074.127130 1044.836988 1017.136774 999.591009 998.872974 998.170703 992.418608 988.431884 984.452550 976.814929 975.536261 973.919073 972.635850
1028.538668 1049.122342 1065.267478 1060.043850 1052.520202 1042.957939 1043.990575 1047.348619 1055.816476 1069.202810 1086.907373 1111.271438 1114.471512 1117.998511 1120.934225 1110.091244 1098.128964 1087.402994 1105.709305 1116.278841 1125.170944 1126.968127 1136.747279 1146.682561 1142.323799 1134.544965 1124.329403 1130.719806 1142.333203 1157.516325 1164.432568 1168.369189 1166.901214 1155.564227 1149.560084 1147.953566 1150.038893 1147.512142 1151.949942 1161.749807 1176.302382 1175.108292 1165.635948 1142.324290 1104.384729 1069.323748 1048.352282 1053.158013 1045.321965 1037.520346 1032.950152 1018.149869 1006.467681 1005.616346 995.202650 988.243844
1076.748419 1095.644508 1114.432731 1110.040746 1100.040596 1087.143395 1087.036088 1094.890901 1105.555220 1125.042078 1148.171393 1172.328978 1180.627631 1183.768445 1193.804546 1187.838684 1178.850234 1171.030709 1182.970167 1195.182019 1207.102925 1216.874645 1229.734439 1241.259958 1231.406915 1219.276524 1213.946811 1219.341817 1239.367691 1256.889014 1262.014951 1263.181985 1265.720787 1256.321405 1249.607951 1242.801887 1237.586318 1231.618198 1227.330306 1245.397363 1261.549605 1259.316642 1235.456269 1210.627508 1173.297639 1134.619280 1101.971336 1101.116669 1097.284922 1095.396227 1079.644507 1063.319282 1046.336829 1036.142900 1026.177127 1011.359669
1166.720744 1187.902087 1209.641120 1210.560272 1194.191112 1186.443168 1191.539755 1204.633461 1212.302207 1228.282672 1252.399946 1284.052268 1305.175191 1324.124336 1328.888289 1321.146024 1312.734774 1300.154129 1298.881827 1316.415434 1328.497665 1339.121059 1349.753072 1362.125876 1367.335476 1364.586139 1364.095212 1367.386846 1374.798076 1384.009116 1390.676477 1395.874989 1401.137270 1396.844556 1386.382494 1379.959449 1371.101897 1364.330357 1361.492131 1364.093343 1375.085860 1372.365259 1345.202467 1317.633536 1284.833493 1247.125612 1215.248670 1197.730210 1203.449862 1191.923029 1172.762603 1152.752301 1117.460677 1100.710333 1084.267391 1054.594203
1268.738823 1296.675554 1311.565607 1324.887878 1320.003100 1321.853760 1326.285274 1334.031572 1339.357336 1347.536603 1380.161804 1415.012357 1444.114167 1468.437985 1477.402827 1467.644551 1458.475544 1446.951160 1437.959032 1442.665664 1457.156476 1473.747527 1489.198164 1500.284411 1503.784143 1502.599496 1502.904794 1504.973635 1507.969656 1511.027751 1517.207641 1524.360807 1534.110840 1544.657373 1538.362219 1521.449484 1509.014069 1495.240663 1490.039044 1488.212331 1486.299655 1485.673580 1476.848431 1444.423398 1415.323882 1382.872027 1354.193028 1333.123404 1319.450300 1299.191506 1275.701643 1228.788080 1188.133759 1152.908626 1125.722920 1097.417741
1383.641736 1414.398619 1438.086170 1453.378498 1456.278961 1459.118566 1462.183791 1468.443721 1473.974287 1481.227980 1504.236881 1541.755182 1578.880757 1608.817645 1612.995712 1603.968358 1594.079346 1584.228356 1573.652363 1570.434628 1578.542128 1589.812078 1605.924217 1617.034814 1626.217524 1625.287901 1625.671825 1626.199569 1628.245318 1630.070955 1632.129844 1639.240630 1651.101062 1662.302468 1662.961445 1649.031177 1631.679323 1614.042380 1606.684011 1600.397387 1594.125582 1593.826307 1593.967827 1585.384883 1559.435662 1522.997761 1480.425762 1454.269644 1432.896763 1419.061837 1402.095763 1374.652792 1322.042501 1290.516770 1255.127190 1221.460968
1497.465588 1527.082522 1557.647357 1576.328139 1584.069752 1584.878350 1587.281402 1595.280081 1601.858015 1612.021408 1628.780603 1653.147908 1682.465072 1709.492368 1726.944957 1723.445884 1711.008811 1693.830523 1688.466647 1687.126994 1689.178461 1695.785431 1703.906268 1719.283072 1735.010167 1740.260485 1740.940826 1738.492315 1740.573887 1741.739150 1741.840601 1743.039117 1747.983788 1755.049882 1757.398181 1752.076402 1735.432167 1714.759757 1700.230139 1691.276526 1686.352137 1684.101451 1685.147252 1684.412110 1671.823623 1642.104157 1603.442202 1570.018193 1547.967734 1531.356213 1516.742176 1504.627085 1483.512533 1464.698185 1433.265476 1389.510932
1599.778119 1625.767444 1652.715214 1676.956277 1693.603332 1697.899237 1703.991467 1709.505746 1719.583345 1735.310857 1754.682685 1769.108305 1786.488103 1808.262720 1821.373195 1827.327594 1827.725958 1826.360774 1828.029827 1828.041301 1798.981347 1801.971616 1804.901835 1812.568639 1820.896942 1823.576364 1823.769678 1822.542433 1823.664068 1824.066454 1824.248245 1823.968531 1824.146992 1826.419050 1827.127724 1825.694887 1818.268309 1821.998862 1804.493228 1792.148205 1784.305979 1776.320370 1767.572814 1757.743919 1747.666352 1730.710696 1703.227446 1669.701372 1642.598352 1630.583465 1623.005945 1615.194638 1608.722341 1592.574187 1570.489997 1539.211293
1703.725822 1720.052519 1740.532515 1768.374130 1787.810760 1798.664392 1807.669541 1812.903442 1825.472082 1839.046914 1833.299637 1837.414919 1841.673875 1845.928336 1847.556662 1848.083038 1847.859515 1845.426572 1844.673106 1842.498393 1837.520863 1827.605737 1828.686921 1829.860885 1832.062980 1835.341952 1833.872771 1834.689466 1837.549630 1836.084655 1830.703151 1827.211980 1825.705215 1826.188082 1833.178099 1836.133880 1836.689986 1835.246336 1834.291844 1833.606996 1831.894729 1829.854247 1827.001770 1823.253337 1827.086698 1816.587551 1792.839075 1759.315154 1723.948066 1710.170458 1705.750540 1705.218220 1701.523193 1694.544559 1675.520781 1648.062227
1816.643520 1829.992675 1826.015671 1836.932038 1842.725467 1845.686361 1848.683986 1851.321592 1852.694447 1849.505710 1845.993627 1841.136564 1839.654152 1838.189925 1835.639561 1836.012465 1833.693521 1829.268570 1825.053352 1817.788182 1806.365287 1794.472965 1791.321035 1795.388572 1800.018388 1804.047967 1807.057275 1810.209380 1811.148573 1806.484073 1798.859262 1792.016046 1790.255664 1796.718873 1802.237292 1807.506141 1808.188407 1806.882281 1805.000831 1805.420392 1803.311846 1804.252815 1811.146711 1824.675404 1830.364773 1833.100663 1832.464946 1824.308007 1809.700582 1803.396431 1783.670189 1786.752780 1781.539306 1769.515784 1748.162027 1724.096919
1843.372635 1842.912921 1841.347429 1835.535394 1829.859334 1829.178570 1832.981387 1839.609612 1840.610837 1833.340445 1824.644949 1817.168594 1809.847512 1807.165909 1805.422338 1804.214086 1803.644053 1797.606995 1788.855212 1772.625410 1760.262119 1748.362539 1741.731643 1739.146229 1743.492001 1752.889690 1762.219388 1766.620741 1759.762755 1752.447453 1742.058916 1734.323946 1734.749565 1737.015315 1746.018195 1760.047378 1764.932221 1765.880726 1761.157025 1757.129551 1751.977945 1750.766341 1758.369910 1773.925079 1789.682834 1803.724070 1812.172915 1819.661300 1826.212506 1829.466141 1830.704622 1831.237540 1829.917077 1828.573615 1812.918044 1791.708986
1828.804912 1822.077206 1816.792327 1809.954784 1804.015533 1801.948362 1803.880045 1806.172882 1802.234230 1794.944683 1784.079987 1772.404778 1761.913155 1754.806011 1754.718713 1755.965402 1756.013356 1748.691671 1733.449408 1715.373835 1701.230470 1686.748706 1682.155681 1676.730145 1671.834366 1681.839336 1698.581305 1704.595442 1691.065648 1681.375207 1667.511977 1660.563031 1657.659641 1659.291913 1668.704343 1688.673004 1708.405960 1710.118236 1701.065117 1692.340716 1688.568513 1687.040919 1694.350068 1713.087407 1733.689369 1749.186057 1759.511259 1765.903093 1774.696605 1784.767431 1797.579727 1811.122749 1822.397933 1830.590053 1834.942671 1832.843818
1800.714280 1792.482905 1784.328121 1776.758130 1769.988493 1765.109964 1762.306858 1758.811249 1752.097555 1744.278378 1728.477000 1715.467521 1702.622679 1688.124483 1683.839054 1679.883125 1680.597982 1668.661131 1657.865945 1638.916181 1622.882021 1606.754095 1595.530033 1589.271344 1582.964519 1586.078962 1600.813675 1609.489317 1596.763919 1586.774181 1574.556123 1568.908306 1565.883716 1568.053973 1578.478295 1600.359396 1619.171678 1626.716926 1619.634557 1615.863756 1614.851195 1614.821422 1621.683002 1636.651430 1657.047092 1678.833759 1695.986893 1706.390451 1715.095398 1726.091097 1741.355504 1756.050925 1770.663656 1788.252766 1808.776751 1823.693775
1763.295017 1752.802268 1742.596774 1731.522993 1720.328185 1713.433293 1713.994705 1706.714143 1699.647115 1682.707209 1634.991534 1615.931681 1597.233787 1581.197461 1574.628052 1566.404282 1556.696804 1546.915199 1539.860821 1533.492590 1517.698906 1499.870038 1483.143769 1477.563490 1473.085667 1462.736020 1465.914365 1468.522551 1474.162880 1467.193777 1462.263534 1460.910225 1458.682005 1461.852185 1475.548557 1487.090219 1496.957494 1503.719845 1503.857375 1511.937159 1519.250433 1525.063750 1541.972506 1556.033208 1574.239415 1596.390762 1621.108324 1635.711852 1646.455448 1658.533246 1675.201982 1692.835299 1711.277804 1734.485017 1759.859563 1776.488068
1716.734454 1702.329438 1687.671970 1674.379768 1661.078624 1646.936081 1647.048666 1642.899938 1633.416085 1589.826428 1547.279026 1514.194947 1495.582630 1472.797177 1460.521328 1448.023793 1419.523405 1404.309663 1398.588759 1404.454023 1395.317753 1378.255202 1364.200261 1355.556023 1348.184483 1334.380251 1323.925825 1328.695439 1341.756287 1338.292997 1337.611058 1342.467680 1341.167982 1337.565942 1342.110410 1356.380238 1364.476576 1374.976688 1387.954563 1393.223123 1404.340232 1432.518597 1447.158222 1463.398869 1484.319528 1507.058742 1530.815342 1552.600766 1567.287492 1583.290523 1603.300040 1621.392080 1643.311443 1667.788165 1697.472510 1718.397490
1647.802849 1627.718701 1610.536932 1592.399760 1570.240637 1549.205659 1546.018041 1538.344125 1517.035328 1469.623866 1429.703064 1400.526222 1377.976491 1353.635838 1333.690218 1304.666127 1272.498496 1251.803492 1258.402140 1265.853603 1267.996717 1254.211474 1241.565442 1231.271799 1216.640650 1200.939767 1188.561044 1197.403338 1205.935911 1215.996701 1220.174172 1224.064813 1227.318435 1226.378909 1221.270558 1225.190122 1234.265160 1245.023776 1256.399376 1271.949433 1303.043325 1328.523137 1346.977344 1368.744348 1389.980681 1413.875322 1438.987583 1462.122787 1479.855509 1499.786846 1520.380855 1542.742725 1564.791615 1590.769726 1621.128120 1647.000797
1569.863211 1542.995482 1519.978453 1492.306516 1452.128339 1436.778461 1427.387480 1412.581404 1374.272437 1331.808548 1299.098904 1276.800907 1252.100950 1228.487136 1200.980362 1169.131326 1143.296997 1122.963687 1129.971679 1137.188214 1149.582427 1138.035596 1127.412134 1121.519028 1106.463773 1092.539107 1077.739152 1085.031803 1095.287038 1113.477559 1118.013223 1121.695406 1129.175404 1128.369727 1125.855311 1115.980927 1124.725179 1135.684065 1150.106115 1178.865946 1204.117929 1228.920701 1251.424875 1272.909253 1296.610044 1321.743408 1347.261771 1374.398232 1395.407142 1416.029924 1439.110619 1460.864874 1480.303104 1502.270006 1529.762502 1553.977689
1463.292778 1440.994773 1416.526182 1379.044881 1335.388070 1300.140326 1282.084936 1241.708670 1207.621016 1174.964862 1159.946359 1142.141737 1119.248165 1097.598654 1076.141554 1050.436063 1028.086114 1003.650519 1007.384649 1020.086165 1034.258996 1029.490129 1026.451945 1023.357741 1012.289753 998.558493 984.941862 988.547749 1004.012720 1021.059505 1029.003463 1035.924757 1043.648721 1043.904512 1036.906996 1028.602509 1034.534905 1049.309739 1066.091003 1087.340692 1110.460802 1133.409522 1155.269605 1179.399965 1204.418333 1229.875814 1257.235552 1285.805105 1307.996646 1333.399548 1359.587199 1380.326643 1393.802604 1408.681583 1433.717227 1453.588664
1358.740282 1334.261911 1307.328859 1266.478673 1224.630760 1182.132099 1141.538158 1108.030940 1076.844368 1060.575187 1041.717836 1024.045470 1005.958766 984.579271 965.191871 946.591113 924.331992 907.582587 912.940295 925.812527 936.269152 939.516266 936.491110 933.390874 926.060448 912.250758 903.167480 911.855910 927.175604 941.873734 952.359166 959.219600 965.280625 962.725286 954.622187 949.601836 958.060586 974.024326 989.278877 1006.935752 1029.144435 1051.338358 1074.244725 1098.301994 1122.439701 1149.058134 1176.552725 1204.606418 1232.598205 1257.926105 1281.307338 1294.160869 1307.266913 1315.516573 1332.693967 1352.473332
1236.409818 1210.545415 1182.119740 1149.221566 1111.032530 1080.819349 1048.139709 1016.685198 985.909533 959.871416 943.025913 933.267309 918.322263 899.059240 885.551856 868.521038 851.963814 852.576603 854.982315 865.446074 866.010356 866.522567 863.495436 862.350326 858.260965 848.309919 856.020586 863.339426 877.773789 888.472237 898.011639 904.270869 908.426064 908.674769 902.838492 906.975189 914.263598 929.094618 941.366588 956.845172 978.273016 996.567131 1017.038461 1040.378480 1064.628557 1090.168747 1117.416649 1146.831297 1173.512632 1194.986093 1206.248742 1218.905113 1226.217261 1222.000847 1237.677521 1254.356929
