tests/Borden05m/data_simulated/sim_1/output-maps/psiliqL0016N0019.asc
ncols         160
nrows         34
xllcorner     620200.000000
yllcorner     5168000.000000
cellsize      0.500000
NODATA_value  -9999.0
[rows 0 to 24 of 34, columns 55 to 109 of 160]
-9999.0 -9999.0 -9999.0 -9999.0 -9999.0 -9999.0 -9999.0 -9999.0 -9999.0 -9999.0 -9999.0 -9999.0 -9999.0 -9999.0 -9999.0 -9999.0 -9999.0 -9999.0 -9999.0 -9999.0 -9999.0 -9999.0 -9999.0 -9999.0 -9999.0 -9999.0 -9999.0 -9999.0 -9999.0 -9999.0 -9999.0 -9999.0 -9999.0 -9999.0 -9999.0 -9999.0 -9999.0 -9999.0 -9999.0 -9999.0 -9999.0 -9999.0 -9999.0 -9999.0 -9999.0 -9999.0 -9999.0 -9999.0 -9999.0 -9999.0 -9999.0 -9999.0 -9999.0 -9999.0 -9999.0
-9999.0 -9999.0 -9999.0 -9999.0 1431.397788 1426.083843 1421.195010 1416.691364 1408.217409 1399.358976 1391.488658 1387.880607 1387.324023 1386.932300 1386.882272 1392.414118 1400.778800 1408.736506 1416.125574 1418.806613 1421.473634 1423.855065 1424.500200 1423.494176 1420.451032 1417.317196 1414.068187 1412.634124 1404.830156 1393.603746 1384.982282 1382.280419 1386.644066 1391.049668 1393.471758 1399.061838 1409.567160 1420.131753 1428.437663 1440.190048 1445.944682 1450.729826 1453.181873 1448.648653 1444.695817 1440.401338 1434.681813 1423.395967 -9999.0 -9999.0 -9999.0 -9999.0 -9999.0 -9999.0 -9999.0
1375.942661 1395.072580 1415.588126 1419.013003 1407.652584 1402.864306 1399.876948 1398.237959 1393.870447 1385.637572 1380.818263 1375.820719 1374.203841 1374.670377 1375.102924 1379.497406 1390.149218 1398.408100 1403.425032 1406.240396 1409.152285 1408.802296 1408.438462 1408.342542 1405.640745 1402.366173 1399.121697 1397.434038 1398.198531 1390.691658 1385.150638 1381.652328 1379.687779 1382.216835 1384.606117 1388.168394 1397.439399 1405.354769 1413.244512 1427.467676 1439.725349 1444.676080 1441.708257 1436.307830 1431.978148 1424.601712 1413.926849 1403.325968 1393.811222 1386.602757 1380.576009 1374.115384 1379.595079 1385.879621 1395.051829
1360.711131 1380.305341 1400.851820 1403.941453 1393.576499 1385.725847 1380.625638 1381.271300 1384.450624 1381.429835 1377.205888 1372.034132 1381.329295 1382.988192 1384.450037 1388.106758 1391.281001 1395.190813 1398.167239 1403.799848 1413.043776 1416.021069 1416.753107 1417.069745 1415.377268 1412.380275 1410.670433 1408.024737 1402.913742 1401.733884 1401.920365 1401.443442 1406.182983 1407.633964 1409.557002 1403.054692 1406.664977 1412.694783 1419.339114 1425.363141 1431.578028 1434.807968 1431.042707 1429.930648 1420.918483 1406.498741 1395.055183 1386.249684 1384.317820 1380.570087 1372.030647 1358.393817 1365.057414 1380.020701 1383.987283
1366.816333 1376.429880 1388.362459 1391.667439 1387.066241 1388.993187 1391.034990 1392.887284 1391.700800 1389.058337 1387.015406 1399.510398 1409.128460 1411.297014 1414.549231 1418.672553 1418.786474 1407.498931 1405.502221 1413.831921 1424.265758 1430.148410 1430.586922 1430.642384 1428.381628 1427.475683 1427.249409 1425.254926 1425.803460 1428.090468 1427.545501 1431.783659 1437.358428 1440.292845 1433.025543 1423.970605 1424.980960 1432.703359 1440.844648 1447.944192 1458.114268 1468.844015 1467.547544 1461.521599 1451.894526 1437.808462 1413.826801 1394.004339 1382.352516 1374.214986 1366.174959 1366.014575 1361.750202 1372.764645 1373.662543
1363.776531 1382.212735 1403.667424 1411.619985 1406.213085 1401.964325 1400.055889 1401.281872 1401.710126 1404.661476 1416.760596 1430.542410 1444.740628 1447.805566 1450.657988 1450.489212 1442.223546 1432.391537 1429.234327 1443.925870 1460.482551 1468.905651 1469.527479 1468.201230 1474.368917 1473.454113 1472.334388 1467.909040 1469.749500 1470.432198 1479.358153 1486.990075 1494.221724 1492.449267 1480.284810 1468.533134 1467.148836 1470.293342 1474.130098 1480.325291 1490.132409 1499.207577 1493.587662 1486.184718 1475.979703 1447.235175 1420.288768 1403.159740 1402.446570 1401.783508 1396.028476 1392.140464 1388.445077 1381.167449 1379.905806
1409.141310 1430.570828 1451.214393 1466.957404 1461.740801 1454.419447 1445.241826 1446.309039 1449.315424 1457.447612 1470.387028 1487.278656 1511.200048 1513.793943 1516.854015 1519.168977 1508.122975 1496.112006 1485.648798 1504.658703 1515.324194 1523.899132 1524.921739 1533.879194 1543.581845 1539.379797 1531.893828 1521.395470 1527.632190 1538.319643 1553.409572 1560.417440 1564.518246 1562.495872 1550.728319 1544.611309 1543.541140 1546.346897 1544.387460 1549.413321 1558.865038 1573.291404 1571.936616 1563.429467 1540.685644 1502.919824 1468.807440 1449.161925 1454.932628 1447.274377 1439.494882 1435.463220 1421.088699 1409.952522 1409.452759
1458.343169 1475.990980 1494.502531 1513.002971 1508.013162 1498.186744 1484.894082 1484.454374 1491.819504 1502.473450 1521.639148 1543.859169 1567.241595 1573.899236 1575.433681 1585.474970 1579.472415 1570.333334 1562.701730 1576.294990 1588.163212 1599.766679 1608.812538 1621.590732 1632.916597 1621.976985 1609.065432 1602.909873 1608.550120 1629.432058 1647.681047 1652.675621 1653.428652 1655.401626 1645.005005 1638.620027 1632.407256 1628.122960 1622.672079 1618.685088 1637.799848 1654.672789 1652.643608 1629.115027 1604.646327 1566.992013 1528.516671 1497.249875 1498.620804 1494.733003 1493.555143 1478.606074 1462.921001 1447.438869 1438.358116
1533.231829 1561.279297 1581.664876 1603.480780 1602.870992 1585.584389 1576.658836 1581.496783 1594.775643 1602.574285 1618.975229 1641.878291 1672.497088 1692.091917 1709.779901 1714.486388 1706.944593 1698.623448 1686.249433 1686.145149 1704.789728 1716.838273 1727.092653 1737.356693 1749.790221 1754.225531 1750.815601 1750.120510 1753.583004 1761.961901 1771.994587 1778.627868 1783.427925 1788.211204 1782.409550 1771.535385 1765.851878 1757.552241 1751.662328 1749.081364 1753.025144 1765.452872 1762.501697 1733.658007 1706.123154 1672.891008 1635.060993 1603.586852 1587.896198 1595.721976 1585.649404 1566.910424 1548.448719 1514.674769 1499.787467
1624.818719 1660.254619 1687.639585 1701.885774 1714.403741 1708.070443 1709.454303 1713.996012 1721.966948 1727.018397 1734.969703 1767.592777 1802.291430 1830.738638 1854.839704 1863.554512 1853.422941 1844.225723 1832.448324 1823.557351 1829.383767 1844.398977 1861.216341 1876.615568 1887.776630 1891.067251 1889.833293 1890.117869 1892.373585 1895.345928 1898.590213 1905.146066 1912.396269 1922.015796 1932.143817 1925.105616 1908.087890 1896.142630 1883.132351 1878.618359 1877.239088 1876.161941 1875.665255 1865.343813 1831.135199 1801.456022 1768.940510 1741.669826 1721.770536 1710.176105 1690.088801 1666.351306 1618.631474 1578.504302 1543.897747
1731.524356 1773.055377 1803.728140 1826.523135 1841.592442 1843.700970 1846.546231 1849.401351 1855.341672 1860.442118 1867.039455 1890.816469 1929.206080 1966.826273 1997.029705 2000.479264 1990.664073 1980.569270 1970.896788 1959.718714 1956.419137 1965.341967 1977.359859 1994.224233 2005.252989 2013.933516 2012.605821 2012.982883 2013.752303 2015.836763 2017.711552 2020.046248 2027.608563 2040.049458 2051.811239 2052.160885 2037.295750 2019.807093 2002.433981 1995.903217 1990.226461 1984.084383 1984.093633 1984.355318 1974.322612 1947.229716 1909.963097 1867.563283 1842.815953 1822.290997 1808.737170 1791.580452 1761.730239 1706.547329 1673.531687
1857.302489 1886.756205 1916.592655 1947.390596 1965.644506 1972.634691 1973.009345 1974.891479 1982.789854 1988.792772 1998.297662 2015.163194 2041.041177 2071.520498 2099.025938 2116.094670 2111.834158 2098.450234 2080.421941 2074.304859 2072.708361 2075.048960 2082.179183 2091.145615 2107.277591 2123.715382 2129.188662 2129.935385 2127.395314 2129.623132 2130.906182 2131.030597 2132.534580 2138.099000 2145.634217 2148.105109 2142.247614 2124.667251 2103.453509 2089.482537 2080.939285 2076.207429 2074.400846 2076.000565 2075.765786 2062.586269 2031.637764 1991.800994 1958.807739 1937.759145 1921.564892 1906.737195 1894.288838 1870.871567 1851.442295
1973.536169 1988.467238 2015.117275 2042.646798 2066.830677 2083.318592 2087.046690 2092.658173 2098.070781 2107.737100 2123.501990 2143.845188 2159.270112 2177.652634 2200.278266 2213.906783 2219.706229 2219.724763 2217.874975 2219.450499 2219.509241 2184.351121 2187.909489 2191.416411 2200.772846 2210.392962 2213.645265 2213.932459 2212.452829 2213.742949 2214.241596 2214.386832 2214.091036 2214.645241 2217.399321 2218.287556 2216.613677 2208.165943 2214.478616 2196.526228 2183.973461 2176.020489 2167.901979 2159.117842 2149.199868 2138.953325 2121.183593 2092.953721 2059.153622 2032.906480 2021.444797 2013.893487 2005.714457 1999.123675 1982.581364
2079.921464 2091.917333 2108.782196 2129.916196 2159.179019 2179.536155 2190.587557 2199.683869 2204.829819 2217.684242 2231.901961 2224.449539 2229.425333 2234.501340 2239.507216 2241.316621 2241.842712 2241.539017 2239.068151 2238.267614 2236.007504 2231.255753 2221.190752 2222.315423 2223.585887 2225.838111 2229.192700 2227.781174 2228.643238 2231.532666 2230.025270 2224.530992 2220.936901 2219.416758 2219.985881 2227.041273 2230.069853 2230.674645 2228.883731 2227.952480 2227.226653 2225.202709 2222.726989 2219.237892 2214.682941 2220.378729 2209.459811 2184.836313 2149.971093 2113.350631 2100.529262 2097.062023 2096.419935 2092.912835 2085.996174
2196.003958 2208.817325 2222.573662 2215.478046 2228.655736 2235.594146 2239.038430 2242.243082 2244.895614 2246.574887 2243.426172 2240.034168 2235.192507 2233.679335 2232.178118 2229.559964 2229.881982 2227.546638 2223.102028 2218.846532 2211.392776 2199.880995 2188.044799 2184.741438 2188.780643 2193.532916 2197.726471 2200.970055 2204.212264 2204.982714 2200.171538 2192.403169 2185.439646 2183.709680 2190.262959 2195.838081 2201.351654 2202.093583 2200.811216 2198.872831 2199.228072 2196.954256 2197.782961 2204.697355 2218.414126 2223.542467 2226.820818 2226.112949 2216.349688 2198.820515 2195.653629 2175.804518 2179.307123 2174.081656 2162.058793
2235.438902 2237.492118 2236.917169 2235.525804 2229.680908 2223.959276 2223.240004 2227.030497 2233.664952 2234.598836 2227.287720 2218.546711 2211.069667 2203.667934 2200.948678 2199.285565 2198.105345 2197.589413 2191.561669 2182.598408 2166.116154 2153.805262 2141.959728 2135.352274 2132.456930 2136.565530 2146.238346 2156.041964 2160.536157 2153.228493 2145.700119 2135.055638 2127.274063 2127.730950 2129.813890 2138.956797 2153.553918 2158.989422 2159.997266 2155.060748 2150.700659 2145.384927 2143.922400 2151.364754 2166.914449 2182.939552 2197.340364 2205.965088 2213.504902 2220.136997 2222.510371 2224.017946 2224.698844 2223.179830 2222.566062
2229.734305 2223.146647 2216.423849 2211.157368 2204.363064 2198.459684 2196.329048 2198.126907 2200.215451 2196.089011 2188.783204 2177.892327 2166.215435 2155.750520 2148.405019 2148.338495 2149.596520 2149.754807 2142.275053 2126.844931 2108.600443 2094.436948 2079.931899 2075.329901 2069.707889 2064.224556 2074.180985 2091.413021 2097.642006 2083.633514 2073.718639 2059.619181 2052.758009 2049.700186 2051.242680 2060.651636 2081.179047 2101.820300 2103.737994 2094.499840 2085.563689 2081.807227 2080.145112 2087.111886 2105.632839 2126.508650 2142.301682 2152.792577 2159.089949 2167.763144 2177.791012 2190.972891 2204.807456 2216.295324 2223.866661
2203.502784 2195.382668 2187.246131 2179.138006 2171.566065 2164.700916 2159.731950 2156.877195 2153.084566 2146.236988 2138.273075 2121.256598 2108.123790 2095.071925 2080.292454 2075.855243 2071.527149 2072.103287 2060.069196 2049.639165 2031.023558 2014.977568 1998.770581 1987.017809 1980.734572 1974.264784 1976.447291 1990.905598 1999.502576 1987.332919 1977.385262 1965.455467 1960.039403 1957.009948 1959.320023 1969.859605 1991.456937 2010.335698 2018.211432 2011.277926 2008.178840 2007.615258 2007.554656 2014.536865 2028.963323 2049.139590 2071.281730 2089.007737 2099.532572 2108.090113 2118.958879 2134.324215 2149.076416 2163.736246 2181.482535
2168.142464 2158.347522 2147.847751 2137.587414 2126.392951 2114.975992 2107.877123 2108.543572 2101.203784 2094.088395 2075.797466 2026.463128 2006.750860 1987.752975 1971.433442 1964.587751 1956.087798 1945.010927 1935.246885 1928.497020 1923.527170 1907.895961 1889.921825 1872.876401 1867.316138 1862.931901 1851.260333 1852.988530 1855.187154 1862.724164 1855.909511 1851.653246 1850.925056 1848.734639 1851.663283 1865.318288 1876.315236 1885.550174 1892.496635 1893.687829 1902.464531 1910.234442 1917.139225 1934.365137 1948.126955 1966.102424 1988.252065 2013.494277 2028.579112 2039.387156 2051.430317 2068.108065 2085.704896 2104.208466 2127.450762
2126.844723 2111.424407 2096.776422 2081.961908 2068.524938 2055.052410 2040.338356 2040.471495 2036.361190 2026.379511 1980.371899 1937.791575 1904.211026 1885.576038 1862.391954 1849.650327 1836.225680 1805.740821 1789.962402 1785.049011 1792.417037 1784.193813 1767.370615 1753.650841 1744.823150 1737.060669 1722.524124 1710.531139 1715.509618 1729.533942 1726.867530 1726.936234 1732.384922 1731.298706 1727.226077 1730.562068 1744.556831 1752.318600 1763.104683 1777.112673 1782.503460 1794.809566 1824.239980 1838.811495 1855.120504 1875.901160 1898.579222 1922.461418 1944.781624 1959.717499 1975.926733 1996.014369 2014.177875 2036.092326 2060.481442
2070.695689 2041.663625 2021.170004 2003.674650 1985.038750 1961.721540 1940.576379 1937.257933 1929.541426 1906.474505 1857.784853 1818.346449 1789.999862 1767.411339 1743.158188 1722.365330 1691.673324 1658.938684 1637.941692 1646.103278 1654.133448 1657.935119 1644.561039 1632.264142 1622.118519 1606.889745 1591.009133 1577.891867 1587.112380 1595.633008 1607.327048 1612.015886 1615.951558 1619.758943 1618.815176 1612.761291 1615.113169 1624.104519 1634.809815 1646.415326 1663.191604 1695.233494 1720.726131 1739.317913 1761.067105 1782.100860 1805.811625 1830.831596 1854.229399 1872.173602 1892.183105 1912.826932 1935.308868 1957.190060 1982.945262
1990.336227 1962.075074 1935.063587 1911.725900 1882.967391 1841.376479 1825.935364 1816.384302 1800.062697 1759.877824 1717.393887 1686.738975 1666.082331 1641.622392 1618.475495 1590.688600 1558.474189 1533.431016 1513.029933 1520.577880 1528.266123 1542.014623 1530.971361 1521.074883 1515.755506 1500.691089 1486.926246 1471.836958 1478.927829 1489.509746 1508.670180 1513.491567 1517.300022 1525.205248 1524.501724 1521.693193 1510.490253 1518.959181 1529.985401 1544.545925 1573.797715 1598.607561 1623.035178 1645.485229 1666.702977 1690.166263 1714.934440 1740.174202 1767.401132 1788.401818 1809.008379 1832.121936 1853.754719 1872.638129 1893.951323
1879.516324 1854.053931 1832.069018 1807.470675 1768.832160 1724.993373 1688.583624 1668.832722 1626.196926 1591.929860 1561.578915 1549.200389 1532.503540 1510.267736 1489.186606 1468.183945 1443.253789 1421.612626 1397.051839 1401.033710 1414.232379 1428.874926 1425.218093 1422.930972 1420.162117 1409.458163 1395.807169 1382.200632 1385.821633 1401.579953 1418.801757 1427.166900 1434.285322 1442.081649 1442.325342 1434.947442 1426.420387 1432.233382 1447.217522 1463.970344 1484.595898 1507.293707 1529.887770 1551.527825 1575.403413 1600.026769 1625.053061 1652.002352 1680.338904 1702.486195 1727.713512 1753.769992 1773.998907 1786.903537 1800.794310
1771.062318 1749.233735 1724.936335 1697.858653 1656.822187 1615.453957 1573.349750 1531.575758 1498.209684 1467.574245 1453.156508 1435.065529 1418.324761 1401.008482 1379.906786 1361.148085 1343.320147 1321.272899 1305.770444 1311.424934 1324.320703 1334.265094 1338.141452 1335.276129 1332.324390 1325.329028 1311.510377 1303.363841 1312.298313 1327.584540 1342.093752 1352.807897 1359.718679 1365.661538 1363.093973 1354.884459 1350.363901 1358.878391 1374.856001 1389.876685 1407.069530 1429.041069 1450.894697 1473.607134 1497.414522 1521.188351 1547.410361 1574.462650 1602.129616 1629.959368 1654.781898 1677.390732 1689.644121 1702.259966 1709.133608
1642.707014 1627.225572 1601.456077 1573.155357 1541.109841 1504.078941 1475.140563 1442.885733 1411.820834 1381.474862 1355.559115 1339.636835 1330.602674 1316.106643 1297.321876 1284.283216 1267.554093 1252.226011 1253.836337 1255.945812 1265.863633 1265.890112 1266.437114 1263.496737 1262.440994 1258.706783 1249.489420 1257.987949 1265.145673 1279.371395 1289.942404 1299.534860 1305.738883 1309.832960 1310.321598 1304.883797 1309.445784 1316.598096 1331.300353 1343.452998 1358.640904 1379.859380 1397.964656 1418.215505 1441.411093 1465.476352 1490.736945 1517.704844 1546.845887 1573.126457 1593.911528 1604.387234 1616.491456 1622.850035 1617.512527
