tests/Borden05m/data_simulated/sim_1/output-maps/psiliqL0001N0019.asc
ncols         160
nrows         34
xllcorner     620200.000000
yllcorner     5168000.000000
cellsize      0.500000
NODATA_value  -9999.0
[rows 0 to 24 of 34, columns 56 to 111 of 160]
-9999.0 -9999.0 -9999.0 -9999.0 -9999.0 -9999.0 -9999.0 -9999.0 -9999.0 -9999.0 -9999.0 -9999.0 -9999.0 -9999.0 -9999.0 -9999.0 -9999.0 -9999.0 -9999.0 -9999.0 -9999.0 -9999.0 -9999.0 -9999.0 -9999.0 -9999.0 -9999.0 -9999.0 -9999.0 -9999.0 -9999.0 -9999.0 -9999.0 -9999.0 -9999.0 -9999.0 -9999.0 -9999.0 -9999.0 -9999.0 -9999.0 -9999.0 -9999.0 -9999.0 -9999.0 -9999.0 -9999.0 -9999.0 -9999.0 -9999.0 -9999.0 -9999.0 -9999.0 -9999.0 -9999.0 -9999.0
-9999.0 -9999.0 -9999.0 -608.299083 -609.389753 -610.160518 -610.610008 -612.139525 -613.328292 -614.717967 -614.948701 -614.800767 -615.046319 -615.577875 -614.839796 -613.880012 -613.049803 -611.902750 -612.096703 -611.946649 -611.505977 -611.387282 -611.590612 -612.120776 -612.472547 -612.885297 -612.365557 -613.947612 -615.994411 -617.560036 -617.881194 -616.561842 -615.768447 -615.895098 -615.129911 -613.486622 -612.061051 -611.536113 -609.821635 -610.016017 -609.317341 -608.222242 -609.105441 -609.342444 -609.254523 -608.983051 -611.324910 -9999.0 -9999.0 -9999.0 -9999.0 -9999.0 -9999.0 -9999.0 -9999.0 -9999.0
-612.973836 -609.894397 -610.053825 -614.378624 -614.818091 -614.934089 -614.760196 -615.406577 -617.034790 -617.457968 -618.649694 -619.151585 -619.283906 -619.745666 -619.354491 -617.385792 -615.973407 -615.551294 -615.822341 -615.950879 -616.352118 -616.649244 -616.559891 -617.057358 -617.519485 -618.010724 -617.891789 -616.703378 -618.192326 -618.938340 -619.655971 -620.400384 -620.104066 -619.858641 -619.755335 -617.882603 -617.118240 -616.558366 -614.005977 -611.620565 -610.971212 -611.911804 -612.966589 -612.744459 -612.883239 -613.897193 -614.888410 -615.002434 -615.497793 -615.716815 -616.591071 -615.242344 -615.213547 -613.652032 -612.316457 -610.755389
-616.963411 -613.469710 -613.667306 -616.947780 -618.931630 -619.527280 -619.118231 -617.769198 -618.328026 -619.481213 -621.185358 -619.245451 -619.500259 -619.668034 -619.307767 -618.647018 -618.409316 -618.090208 -617.606924 -615.822342 -615.935038 -616.080605 -615.992026 -616.303617 -616.879529 -616.845887 -617.166399 -618.641860 -618.412082 -618.050957 -618.352574 -616.891712 -616.805639 -616.001231 -618.556391 -618.131049 -617.482300 -616.996134 -616.612698 -616.165845 -615.579189 -616.691737 -615.941354 -616.886053 -618.935524 -619.504528 -619.412355 -617.884754 -617.110805 -618.117353 -621.586932 -619.748684 -615.852796 -616.104482 -616.664290 -614.706290
-619.199383 -618.421981 -618.833978 -620.201506 -618.917124 -617.873035 -617.201957 -617.819736 -619.058829 -620.519718 -617.347379 -616.013193 -616.680362 -616.308223 -615.406518 -615.408603 -619.329694 -620.345432 -618.799566 -617.156741 -616.442796 -617.133078 -617.464678 -618.111206 -618.112242 -617.719399 -618.152434 -617.541640 -617.000085 -617.615912 -616.580530 -615.420873 -614.340785 -616.842857 -619.095632 -618.977360 -617.126131 -615.754594 -615.011820 -613.007730 -609.922914 -610.437574 -611.184508 -611.623007 -612.139998 -615.801361 -619.087948 -620.390691 -620.959045 -621.907079 -621.204956 -621.856777 -618.791539 -619.012539 -619.482863 -617.954911
-621.805967 -617.910407 -616.911443 -619.035165 -620.216723 -620.760877 -620.436639 -620.835693 -620.729168 -617.883587 -616.263858 -613.550448 -614.451515 -614.346464 -614.448656 -617.160033 -619.223925 -620.606229 -616.532359 -613.229102 -612.102122 -612.923892 -613.593383 -610.641537 -611.527975 -611.961346 -613.732591 -613.089367 -613.255386 -610.073315 -608.815265 -607.150294 -607.797827 -610.922927 -613.543646 -613.722754 -613.466322 -613.776669 -613.003402 -610.961975 -608.401935 -610.206337 -611.112928 -611.166449 -616.752200 -621.094584 -622.625831 -619.820756 -618.210281 -618.534454 -618.296991 -618.203783 -620.305570 -619.826557 -619.602945 -620.557994
-613.919148 -611.595043 -607.844581 -610.342877 -612.165354 -615.325018 -614.998564 -614.586833 -613.456281 -611.825695 -608.779639 -603.053069 -604.011016 -603.572878 -601.693730 -604.809569 -607.742131 -612.021658 -607.293454 -606.068507 -604.361399 -604.442903 -600.617598 -597.185781 -599.290217 -602.204425 -605.554464 -603.497698 -598.891114 -594.477728 -593.321488 -592.739381 -591.926180 -595.063755 -596.027628 -596.803311 -596.616127 -598.651595 -598.539022 -595.186649 -589.503725 -588.903405 -591.930193 -597.520882 -605.622581 -612.786390 -616.640886 -612.648657 -613.906386 -614.513946 -613.933066 -616.606442 -618.193998 -616.096019 -618.085661 -619.602213
-611.129480 -608.711474 -604.306857 -606.082672 -609.508683 -613.077485 -613.005476 -610.829970 -609.679346 -605.383866 -599.045984 -591.218034 -586.292326 -582.027212 -577.459442 -580.945931 -584.866188 -589.243552 -588.517864 -583.247107 -577.664850 -570.958046 -563.124751 -554.309434 -556.842949 -561.636563 -562.157981 -560.028746 -549.905232 -539.650402 -535.082578 -532.130494 -526.908705 -530.680004 -537.592658 -545.318782 -552.604812 -558.629877 -562.972665 -554.589645 -545.031282 -546.921803 -563.768692 -576.723455 -589.381249 -600.027749 -610.046190 -610.175096 -608.611597 -607.257319 -610.788553 -612.613198 -615.853294 -616.660053 -616.499514 -619.827802
-589.833552 -583.224193 -575.402368 -571.728912 -578.535999 -579.564570 -577.052630 -571.646815 -569.321304 -562.226532 -540.229017 -504.927310 -476.872725 -456.745692 -453.075244 -459.898587 -467.824823 -480.948804 -488.327148 -476.968748 -465.660436 -455.893473 -447.498885 -439.406204 -433.498036 -433.874901 -433.791315 -431.987993 -429.747637 -425.576324 -420.414536 -415.052661 -409.063671 -406.830222 -413.923929 -421.457710 -429.700375 -437.242130 -439.549293 -441.728467 -437.917882 -438.449711 -451.762873 -471.739555 -499.979926 -534.995535 -559.757026 -574.562810 -575.170728 -581.894972 -587.342442 -593.227560 -604.004684 -607.168264 -609.013447 -617.054611
-534.351371 -505.116276 -486.681702 -471.002445 -468.928307 -465.671044 -462.808508 -458.179990 -454.143348 -449.124927 -425.699427 -396.379898 -367.687899 -344.238671 -334.337555 -341.938164 -350.723006 -360.803606 -369.915109 -370.357138 -359.117252 -344.955853 -330.859072 -321.566798 -318.139421 -319.632568 -319.520208 -318.451613 -315.656586 -313.808510 -309.913443 -303.671613 -293.448585 -281.062571 -283.602792 -299.400502 -312.935724 -329.064274 -337.536079 -341.318846 -346.784903 -347.459608 -347.835520 -368.725149 -391.440073 -417.855440 -443.686527 -460.794369 -479.352200 -499.897343 -520.821965 -554.172625 -576.990510 -591.711429 -601.660200 -610.519183
-429.092345 -404.754827 -381.185544 -367.021820 -361.193185 -358.550196 -354.411201 -346.688462 -340.121962 -331.630753 -314.865577 -283.366356 -249.310654 -219.200427 -206.377242 -210.980254 -219.444061 -230.838688 -238.095130 -240.578410 -236.321071 -228.816791 -216.657183 -205.676470 -194.712790 -194.637588 -194.795003 -194.638410 -193.315748 -192.124688 -191.907101 -186.280787 -176.373543 -167.586760 -165.302367 -174.791962 -191.658064 -210.974137 -227.356397 -238.418898 -245.721088 -247.351910 -247.286283 -248.138148 -267.527031 -298.457289 -339.140472 -367.985683 -389.495915 -402.199735 -415.312243 -427.073911 -454.776782 -470.232529 -498.794877 -535.248176
-332.955106 -306.541296 -278.964417 -259.327223 -248.466201 -245.237510 -238.421165 -225.098481 -214.852024 -202.462845 -188.270319 -172.952988 -146.611883 -115.602840 -58.139279 -58.880148 -68.074477 -81.499239 -84.069721 -83.948057 -83.730271 -79.346508 -74.947607 -63.270241 -50.299264 -45.897993 -44.789451 -47.499274 -45.305475 -45.219541 -44.852481 -45.501897 -43.185141 -38.597683 -36.209099 -39.151504 -50.579637 -68.089253 -122.915325 -139.191007 -146.013923 -150.395239 -151.726414 -154.472539 -164.043025 -188.764435 -226.088716 -262.202684 -288.517295 -307.259107 -320.537249 -329.774546 -337.552240 -350.889432 -374.270501 -407.846642
-227.108533 -203.649356 -180.243487 -157.216443 -141.889641 -131.793459 -118.044114 -78.317748 -64.446471 -49.689797 -35.228496 -53.282197 -14.619132 1.513723 11.541555 17.086619 18.325155 19.283515 20.880397 21.264229 20.933432 21.728019 22.381695 22.058766 24.858204 24.850854 25.410767 24.925565 25.924978 25.340453 26.082657 25.450110 24.131803 23.811191 24.218918 23.723413 21.981108 14.310515 -0.185161 -10.597898 -17.134209 -23.753368 -31.785342 -40.509700 -48.825793 -63.201618 -122.389362 -159.492809 -192.348699 -212.234273 -221.862904 -228.145535 -233.582886 -247.428223 -267.818609 -293.326795
-81.787989 -67.108426 -51.221208 -30.206766 -42.209132 -7.680279 -0.165746 5.881356 14.349108 24.210235 26.555499 25.864274 26.543373 25.983225 26.458174 25.681214 26.488090 24.061743 24.755338 23.203168 18.347677 9.708739 11.093887 12.424830 14.652801 17.994438 16.252244 17.206585 19.834548 18.721534 13.727382 10.818949 9.161401 9.089905 15.714017 18.650777 19.029710 19.813025 19.335892 19.344718 19.249709 19.325649 19.267093 19.193820 14.628977 6.991725 -11.738934 -37.334157 -65.072873 -119.084949 -133.121068 -133.981670 -138.657645 -146.875429 -171.372170 -199.474700
7.014861 17.227927 26.862910 27.384521 26.941579 27.124010 28.643327 29.580493 30.107949 25.957877 22.881912 18.869241 17.723823 16.998825 14.624319 15.462378 13.594755 10.295013 7.334003 1.105370 -8.505156 -20.487598 -21.952323 -16.861360 -12.325886 -8.497052 -6.641616 -3.475182 -1.788486 -5.647533 -13.026251 -19.553714 -22.052884 -16.213531 -10.267711 -5.842851 -5.606629 -6.829290 -8.426124 -7.822836 -9.658899 -8.846268 -2.976606 9.050324 16.675441 16.699427 16.688750 16.605920 16.585972 -3.718232 -21.874974 -19.342804 -22.934734 -33.519359 -90.433279 -118.947580
20.517997 20.650499 18.469709 12.939209 8.195744 7.516639 11.105792 18.034492 19.211898 13.143164 5.895338 -1.224338 -7.350651 -8.609134 -10.312355 -10.826088 -10.939531 -16.007868 -24.015829 -72.480813 -89.915648 -103.041894 -109.804021 -110.737801 -105.095402 -96.862104 -89.769354 -85.853156 -90.783677 -96.847052 -105.940860 -113.465169 -113.273537 -110.197767 -101.812585 -90.458435 -88.215720 -87.527087 -91.220976 -93.626932 -97.814840 -96.871478 -83.754819 -35.508934 -21.249511 -9.954300 -3.180542 3.420721 9.379622 16.491129 16.427562 16.461260 16.432372 12.418793 -0.300473 -17.428019
6.849114 0.468271 -4.079700 -10.743388 -16.602883 -18.389401 -14.397444 -9.727761 -12.383691 -18.502919 -32.459570 -74.973124 -90.156164 -97.076834 -97.044586 -95.548139 -95.829775 -102.537329 -118.357454 -141.201934 -157.321205 -172.238408 -176.780543 -181.123398 -183.092980 -172.798611 -158.424637 -153.511593 -164.848726 -173.245712 -185.779174 -193.034231 -195.205553 -193.257923 -184.035915 -166.948387 -151.687410 -151.022962 -159.192697 -166.822942 -170.413526 -170.632503 -159.720188 -134.929427 -114.034472 -99.494517 -88.989772 -77.424501 -35.769748 -25.900235 -15.977157 -4.780928 5.098417 15.483023 15.801237 15.843469
-19.660909 -59.231380 -72.171754 -80.774844 -87.468711 -91.963606 -94.325027 -96.268701 -102.454078 -109.633304 -121.574602 -138.833300 -152.513661 -166.111069 -169.456543 -171.382051 -169.799861 -181.163317 -193.876328 -215.110935 -231.251814 -246.753018 -254.966178 -260.623893 -265.770335 -258.126523 -242.290365 -233.396096 -248.590637 -258.371220 -271.470470 -277.921519 -280.864167 -279.680296 -270.575099 -248.275045 -230.454728 -224.827823 -232.704716 -239.625228 -242.597953 -242.330569 -235.741348 -217.590748 -196.188853 -176.188091 -161.311015 -149.598516 -135.261397 -122.250766 -106.210205 -88.068030 -49.527118 -24.454893 -7.949332 4.951270
-97.161776 -112.546648 -124.467143 -135.713007 -146.406948 -152.364878 -152.205964 -159.111829 -165.758440 -175.777262 -215.442849 -231.694482 -248.690948 -262.652071 -267.244273 -273.590067 -276.259043 -285.488741 -293.264830 -305.419356 -320.669977 -336.183349 -349.457071 -353.777323 -357.589101 -360.836087 -351.376211 -347.300356 -350.503523 -357.183406 -364.176975 -367.903099 -370.113303 -366.684740 -355.093518 -343.350400 -332.283840 -327.445089 -332.661255 -328.270136 -323.273250 -323.161915 -308.892162 -294.685016 -276.843137 -255.898865 -234.306666 -221.973630 -210.887772 -198.468805 -181.550720 -162.339851 -140.120873 -114.191011 -86.406312 -48.019965
-150.862197 -165.180337 -179.491402 -191.958201 -203.934835 -214.842905 -214.458657 -218.339112 -224.618061 -255.067345 -294.917237 -323.282082 -339.355896 -357.278667 -365.221406 -371.812700 -388.897097 -399.740864 -407.262058 -407.140627 -417.242616 -430.650999 -441.390457 -445.988547 -448.922274 -455.319480 -457.125461 -454.732877 -448.984080 -454.082669 -456.953073 -455.555382 -457.236719 -458.433227 -452.248181 -442.404370 -436.451935 -430.350697 -424.614553 -421.151227 -416.585874 -397.970892 -386.013443 -373.656398 -355.976092 -336.218138 -315.395045 -297.978309 -285.833645 -271.990533 -253.192499 -235.755468 -213.445365 -188.026570 -158.029833 -134.918144
-216.673250 -234.188426 -249.071415 -263.703590 -278.719464 -297.773037 -299.521908 -305.933495 -316.666428 -353.112314 -388.022025 -414.379916 -430.963408 -448.041006 -458.012610 -473.895122 -500.906398 -519.892720 -520.430066 -515.830300 -521.502204 -536.196997 -547.947499 -555.370258 -562.147115 -570.231687 -574.606899 -570.536675 -566.018837 -566.057012 -566.201165 -564.591978 -564.742297 -565.229424 -564.865198 -556.603752 -550.065318 -542.420635 -535.373227 -528.385462 -503.258031 -478.617694 -463.046504 -447.617955 -432.156157 -413.391613 -393.081337 -375.857378 -362.849816 -346.530374 -328.720074 -309.195391 -288.155928 -262.466582 -232.569273 -208.367238
-282.173223 -305.964461 -324.831352 -344.084741 -372.452080 -384.202644 -391.325644 -397.346088 -420.603927 -450.194324 -478.786035 -508.548037 -534.379275 -553.897717 -568.148048 -580.832135 -590.730251 -596.378934 -593.270042 -591.456612 -588.639060 -593.494110 -597.327036 -598.378614 -601.747523 -604.715219 -608.450495 -605.478141 -604.046256 -600.486622 -600.765644 -600.622137 -599.028915 -599.819882 -600.092058 -602.183364 -599.537910 -597.862275 -595.759878 -588.535268 -580.415591 -570.274159 -559.092439 -543.579607 -521.023689 -492.709512 -466.727001 -446.341613 -431.262252 -415.521439 -397.500246 -380.236052 -362.600655 -341.281750 -315.612930 -292.774364
-368.524500 -386.797353 -404.947054 -429.216544 -459.054177 -480.430457 -489.976205 -516.646631 -543.875722 -570.497486 -582.796185 -589.561420 -595.785354 -600.146657 -603.430031 -608.372266 -611.781527 -616.602403 -614.776284 -612.219301 -608.533408 -611.618904 -612.161246 -611.615400 -613.483451 -615.428835 -618.494464 -617.986385 -615.501344 -612.498536 -612.585458 -611.956842 -610.235646 -610.198085 -611.552825 -614.264840 -613.548018 -611.708982 -609.845439 -606.137977 -602.496153 -598.719599 -595.180052 -589.985664 -583.116652 -574.075590 -559.591159 -538.115094 -516.996743 -488.594866 -462.236846 -444.422745 -433.185162 -418.917119 -396.243657 -379.124453
-445.384430 -461.996969 -483.883426 -523.446170 -558.657751 -580.529299 -590.566954 -598.528655 -605.198198 -607.923064 -610.259137 -612.720123 -614.753546 -616.869257 -618.772841 -620.343807 -622.693422 -627.261734 -625.405176 -622.789182 -619.791325 -619.722085 -620.057156 -619.838722 -620.576412 -622.638726 -626.264070 -624.744021 -622.515505 -620.465904 -619.810529 -619.394900 -618.127548 -619.016072 -620.864024 -623.515816 -622.369165 -620.280286 -619.046838 -617.439863 -615.085562 -612.533419 -609.931457 -606.826996 -603.516225 -598.942540 -593.428953 -586.576027 -578.148499 -566.611256 -549.258539 -535.850810 -519.879044 -502.643071 -479.194022 -459.818530
-548.622568 -565.084301 -577.759688 -589.128671 -599.479724 -604.669739 -608.945146 -612.441576 -615.913336 -618.013028 -619.623829 -618.953308 -619.719481 -621.858732 -621.834346 -622.976884 -626.622369 -625.405550 -624.370999 -621.437202 -621.923600 -622.075864 -622.771396 -622.315782 -622.806792 -626.292883 -624.581797 -623.801719 -621.736313 -621.321074 -620.851286 -620.491524 -620.100052 -620.515593 -622.995214 -622.494036 -621.803737 -619.884216 -619.743797 -618.866269 -616.558684 -615.737493 -614.197276 -612.022887 -609.633592 -606.712432 -603.072586 -597.967014 -592.524748 -587.069795 -584.829195 -580.669319 -576.863460 -578.659877 -569.634309 -558.347808
