tests/Borden05m/data_simulated/sim_1/output-maps/psiliqL0010N0011.asc
ncols         160
nrows         34
xllcorner     620200.000000
yllcorner     5168000.000000
cellsize      0.500000
NODATA_value  -9999.0
[rows 0 to 25 of 34, columns 57 to 113 of 160]
-9999.0 -9999.0 -9999.0 -9999.0 -9999.0 -9999.0 -9999.0 -9999.0 -9999.0 -9999.0 -9999.0 -9999.0 -9999.0 -9999.0 -9999.0 -9999.0 -9999.0 -9999.0 -9999.0 -9999.0 -9999.0 -9999.0 -9999.0 -9999.0 -9999.0 -9999.0 -9999.0 -9999.0 -9999.0 -9999.0 -9999.0 -9999.0 -9999.0 -9999.0 -9999.0 -9999.0 -9999.0 -9999.0 -9999.0 -9999.0 -9999.0 -9999.0 -9999.0 -9999.0 -9999.0 -9999.0 -9999.0 -9999.0 -9999.0 -9999.0 -9999.0 -9999.0 -9999.0 -9999.0 -9999.0 -9999.0 -9999.0
-9999.0 -9999.0 216.143941 210.617379 205.285123 200.294054 191.262960 182.047361 173.521525 169.609179 168.777431 168.028909 167.727929 173.104646 181.148265 188.855071 196.141359 198.607427 201.118844 203.488738 204.068006 202.842575 199.632229 196.365307 192.975618 191.509048 183.256591 171.816257 162.898851 160.140607 164.633967 169.153055 171.681189 177.720672 188.591081 199.520049 208.140207 219.967836 225.578793 230.686378 233.749315 229.594321 225.931306 222.086156 217.137333 206.046244 -9999.0 -9999.0 -9999.0 -9999.0 -9999.0 -9999.0 -9999.0 -9999.0 -9999.0 -9999.0 -9999.0
198.953571 202.291813 191.316256 186.477735 183.174531 181.035260 175.999145 167.277416 161.973618 156.604736 154.960317 155.073006 155.230345 159.495164 169.555871 177.613692 182.472742 185.007193 187.609056 187.666399 187.243083 186.936715 184.085695 180.694030 177.318463 175.544732 175.728403 168.134849 162.772452 159.474706 158.128092 160.604554 162.934995 166.069270 175.682532 183.977123 192.284073 206.498521 218.834114 224.018436 221.507337 216.357038 212.463490 205.810874 195.788449 185.256947 174.991252 167.722540 162.141486 156.618230 162.541333 168.870271 178.900540 188.842347 200.810203 212.937040 -9999.0
183.415268 186.342957 175.557978 167.188108 162.608113 162.737873 165.077340 161.493975 156.928448 152.651663 160.855782 162.269488 163.568582 166.913323 170.295321 172.939449 175.781066 181.200746 190.275105 193.045763 193.664382 193.876708 192.114840 189.046048 187.284118 184.548120 179.388957 178.473548 178.924256 178.926775 184.105327 185.592521 187.026135 180.068982 183.443694 189.694485 196.595835 203.480836 210.398186 214.781245 211.489017 210.142121 201.525070 187.418199 175.763530 166.856858 164.301083 160.919870 152.981420 140.437931 147.185060 162.517645 166.994921 170.438054 182.183405 194.406287 204.651672
169.413132 172.542389 167.575357 168.691047 170.219536 171.765435 170.257905 167.419700 166.077612 179.179682 188.991373 191.028579 194.175113 197.790221 196.812762 184.625595 182.105021 190.680828 201.295124 207.371591 207.733401 207.840477 206.251027 205.295951 204.852929 202.558098 203.639310 206.335578 206.961416 212.055009 217.790750 220.578142 212.132113 202.776803 203.243061 210.845413 218.828279 226.214104 237.124317 248.649060 247.200406 241.040169 231.506157 217.196986 193.097889 172.768820 161.689987 154.549346 147.188342 146.315059 143.502952 153.997404 155.474236 156.992864 165.263366 175.403338 185.407454
184.985998 193.455934 187.619350 182.236850 179.091329 179.867753 180.358725 184.093565 197.637405 212.179272 227.833386 231.164277 234.193309 234.121897 224.660997 214.314634 210.187567 225.357138 241.620222 250.295874 251.543319 252.020716 260.014690 258.308659 255.974676 250.709977 253.201963 255.895328 267.189123 275.038626 282.035167 280.126028 268.071270 256.625607 254.505820 256.458240 258.782169 264.741346 275.186178 285.155787 279.788864 271.579291 260.108993 229.885170 200.885790 182.846198 182.564745 182.236636 176.929765 173.182555 169.064695 161.125544 160.205007 159.125226 158.234322 169.897840 181.895053
235.102344 251.913311 246.481856 238.310762 227.719076 228.453085 232.304673 241.279365 255.544287 275.109718 300.814521 305.629565 310.310563 314.447643 303.663746 291.302913 279.594807 296.329272 306.772323 316.484462 320.073424 331.789182 342.427541 337.752623 329.271103 319.549736 326.343516 340.094292 355.820464 362.821028 366.620936 366.352611 355.722196 349.701872 346.817216 347.341276 343.648495 347.046079 357.919329 373.122776 372.301662 360.572931 335.668252 296.885800 259.530320 235.804135 238.917875 231.067026 223.581682 218.321991 203.080968 190.750491 189.649753 179.296912 172.367838 183.229518 188.797334
287.457951 307.127380 304.043052 293.567403 281.263455 281.690296 290.490009 301.281169 321.934392 348.110191 375.651346 388.898553 396.293731 406.635992 400.307354 390.789889 381.766420 390.092349 403.357486 416.649924 428.728695 442.567477 455.077863 447.406443 436.626210 432.917367 438.128558 457.186428 474.078352 480.035085 482.388485 486.238394 478.519890 470.592038 462.056001 454.580943 447.383759 442.610929 459.226795 474.510019 471.608716 445.826878 418.549937 379.822308 338.789081 302.073292 296.197165 292.285582 288.866893 271.438962 253.853115 234.028081 221.868625 211.385419 195.427145 199.345146 204.040075
393.806742 416.907824 421.830693 407.536162 402.231211 408.003756 421.020869 428.910485 445.282143 474.438618 511.840848 539.099530 562.304497 567.678109 559.122382 549.594033 535.542365 531.439412 547.241882 560.306542 572.431714 584.183647 596.501385 603.117047 601.547863 601.442124 604.483838 610.152197 617.904973 624.684881 630.587253 636.644477 635.170694 625.474093 617.763004 608.194225 600.170058 597.302489 597.651198 605.985353 603.499593 578.862048 549.457701 514.464265 473.251515 437.597420 414.529563 414.756548 398.950005 377.556998 353.203666 314.076550 293.146154 274.159740 242.177674 235.983963 244.372853
519.541682 538.403521 555.120116 554.091650 557.415579 561.896945 569.312086 575.264896 584.168879 617.588608 654.197883 686.105303 711.827301 721.463018 712.063412 702.301401 690.637476 681.173141 683.875564 697.730157 714.115519 729.681199 740.434806 744.176690 742.999747 743.393871 745.135417 748.108299 750.651147 755.885944 762.554620 772.343564 783.628270 778.955790 762.701346 750.075601 735.673775 729.735505 727.245055 723.630483 722.519170 716.232729 686.512521 657.178375 623.364078 590.826946 566.477172 547.029316 523.986911 498.039023 449.590644 405.552328 367.308457 335.556534 303.464174 296.994428 319.526310
649.894211 676.628090 693.464145 698.848608 702.316825 705.967596 712.611760 718.563097 726.754609 748.193539 784.501037 821.512048 851.670761 857.304578 849.398484 839.429896 828.798444 819.266131 816.233926 822.745492 832.408055 846.944856 857.991463 868.124345 867.994561 868.643743 868.855954 870.668146 872.130095 873.463028 879.286637 889.598208 899.608927 901.037175 889.569638 873.338192 856.192430 847.716465 840.005532 833.102945 831.843035 831.412436 825.345230 801.226632 766.078975 723.115130 694.100276 670.470497 654.912625 636.875028 612.873745 564.375619 534.315770 497.092755 457.682031 430.761716 464.126348
766.355532 796.871030 817.141290 827.364721 829.947827 833.528452 841.171365 848.074805 858.907688 875.347331 897.030093 924.938036 951.974607 970.167320 967.691766 956.736183 940.933873 936.979780 936.082550 937.384279 942.578176 949.008550 962.651263 977.177986 982.299694 983.402563 981.342594 983.110736 983.735248 983.749698 983.899122 987.052174 993.157757 995.308977 991.601727 977.283905 958.635242 943.318282 932.865682 926.905837 923.338199 922.991644 921.043834 909.471958 882.082258 845.647629 811.409551 787.297455 769.437522 754.527947 742.530510 725.677532 707.443367 676.892309 633.686496 596.544878 589.874003
867.480857 893.314066 918.383928 936.490680 943.110391 950.311806 955.328309 965.253849 980.227739 997.927087 1010.598608 1026.662897 1047.173932 1059.043115 1064.843989 1065.655817 1065.048201 1066.856065 1066.737746 1049.753594 1051.368242 1053.092823 1057.342355 1063.355358 1065.350717 1065.936916 1065.540910 1066.348485 1066.318375 1066.324695 1065.640424 1064.662198 1065.922533 1066.406595 1065.875145 1060.893190 1059.977520 1043.514207 1031.199626 1023.170349 1015.170352 1006.310330 996.507124 986.571934 970.809050 944.242953 911.085111 882.256188 868.872308 860.596584 853.053203 846.612733 831.073953 809.379589 779.714957 742.519923 707.029612
965.081093 984.074018 1009.871191 1028.272628 1039.315093 1048.044723 1052.874369 1064.197834 1076.114181 1073.937707 1076.559890 1079.485773 1082.255080 1083.178312 1083.283743 1082.950071 1080.514776 1079.910980 1077.974118 1072.437956 1062.565075 1063.410476 1064.437944 1066.896434 1070.783521 1070.068616 1071.323080 1074.213864 1072.515492 1066.813042 1062.959774 1061.099529 1061.407275 1068.535520 1071.783351 1072.545688 1071.895000 1070.722156 1069.795863 1068.442199 1067.133740 1065.489904 1063.245740 1063.221135 1053.378970 1031.159811 1000.211683 967.144495 951.054055 943.856771 942.972981 938.714394 931.609229 912.362510 885.095976 850.004322 812.865420
1068.963976 1071.014255 1077.590087 1081.278883 1083.328862 1085.712100 1087.972719 1088.448773 1085.145841 1081.648569 1077.086805 1075.832333 1074.220364 1071.260936 1071.233176 1068.729765 1064.371216 1060.421816 1053.667091 1042.181536 1029.653336 1026.470201 1030.645059 1035.511706 1040.489818 1044.527420 1048.378477 1049.802458 1044.877426 1036.503774 1029.013909 1026.703544 1033.076815 1038.986719 1044.460353 1045.276375 1043.601440 1041.160838 1041.188019 1039.171199 1040.383101 1047.430636 1060.563682 1067.299508 1068.938952 1068.488555 1063.516322 1054.578505 1041.695415 1021.716480 1023.646503 1018.402170 1006.442383 985.208736 960.974030 931.894469 903.558876
1080.133274 1077.930510 1071.843505 1065.903399 1065.007306 1068.596047 1075.072901 1076.235011 1069.319471 1061.173309 1054.221805 1047.206767 1044.107691 1041.245403 1039.206298 1038.230751 1032.209743 1024.100321 1008.461966 995.515471 982.728615 975.661114 973.888089 979.523713 989.989961 1000.321020 1005.673466 999.874237 992.170120 980.720758 971.869920 971.659133 974.417022 983.864245 997.789182 1001.808014 1001.923061 996.450577 992.318589 987.286260 986.894627 995.460583 1011.215726 1026.520795 1040.051201 1048.470192 1055.853764 1061.933406 1066.563427 1066.917008 1066.974096 1066.037732 1063.290036 1048.510683 1028.249560 1005.395853 981.457493
1059.645508 1053.818154 1045.952943 1039.017126 1036.453691 1038.344563 1041.014663 1037.665540 1030.876552 1020.639503 1009.629402 999.179091 991.726790 990.193210 990.294825 989.552949 982.408607 967.661502 949.959525 935.695903 920.948502 916.341801 911.721238 908.886295 920.334637 937.559438 944.031609 931.595895 921.744302 907.217379 899.155691 896.080769 897.904922 907.732804 927.129302 945.052211 945.714466 936.120493 927.229048 923.313868 922.339892 930.790034 950.167918 970.534693 985.959605 996.684694 1003.356637 1011.959602 1021.627382 1033.416008 1046.311159 1057.226486 1066.667069 1069.412568 1068.091376 1064.121006 1049.921717
1029.721618 1020.633533 1011.486722 1003.488145 997.896587 994.754035 991.774322 985.537809 978.450518 965.541170 953.367323 941.067580 926.523337 921.394617 917.078888 917.311507 905.239993 893.805701 874.521689 858.773079 842.990011 833.180663 827.560129 822.389587 828.319792 844.478851 853.839549 840.108852 829.748131 816.388819 809.754025 806.411826 808.167759 818.334558 840.748184 859.161665 865.542529 857.639321 852.276384 850.489978 850.827867 857.735479 873.872607 894.770265 916.131430 932.553672 942.684413 951.252047 962.055052 977.006273 991.730340 1006.553714 1023.879403 1043.362243 1057.812720 1067.012234 1071.581925
988.529285 977.535359 965.342811 953.223879 945.837657 945.663550 938.312090 931.486902 917.696459 873.813378 856.519082 838.553198 822.730660 815.873061 807.108458 799.109018 788.631481 780.859280 771.969359 756.205813 738.987247 723.381026 718.345466 714.327731 707.254927 713.797675 717.474907 719.382247 712.037270 705.557269 702.712656 700.209892 703.664001 717.152592 729.422446 740.163029 746.210295 744.079100 750.961222 757.992473 762.268611 778.994029 793.816686 812.506211 834.761592 858.587860 872.114160 882.345450 894.052139 910.389701 927.981174 946.297943 969.391484 994.305524 1011.098802 1022.893360 1035.297817
938.201434 923.165564 909.293255 895.509701 881.767532 881.223608 876.623065 868.115263 829.652157 787.492020 755.365922 736.566589 714.128710 701.889185 689.808095 663.573601 648.132893 640.292133 643.178233 632.270347 614.693416 600.006218 591.884727 585.529710 573.444812 566.258577 570.743125 581.927285 576.856644 574.562159 578.088980 576.242424 573.469032 580.251231 594.882805 603.527952 613.488741 624.728732 630.588375 640.788282 667.959004 683.889381 700.676526 722.289489 745.548465 769.467011 790.292985 804.322384 819.647210 839.237279 856.891660 878.486574 902.796474 931.891732 952.215237 967.552367 980.282347
865.437741 848.399987 830.602192 810.076593 788.417895 784.542599 776.095298 757.817467 712.759135 671.461806 639.455228 615.511834 589.641091 569.867816 542.009856 508.230374 485.781701 488.309479 494.362114 492.544448 476.774978 462.376140 451.074799 437.125315 421.380890 410.325708 418.624704 427.425989 434.268220 437.339464 441.065746 443.138200 442.183245 439.088848 446.579348 456.380747 467.952280 479.847665 494.598713 526.583425 554.877723 575.377343 598.972464 622.248586 648.162284 674.874437 698.402234 716.221225 736.325175 757.036647 779.034370 801.042042 827.020315 857.124500 882.000075 898.366423 913.712113
783.303960 760.321673 733.839691 695.438402 678.840070 668.008324 654.258528 618.006321 574.239418 535.484218 506.660143 477.932651 450.494107 421.260795 388.095996 358.836742 337.349184 342.854671 349.086148 358.584692 345.532239 333.016024 325.726002 310.515555 296.131572 281.858868 289.691983 299.442154 315.743937 319.644558 322.995811 329.555917 328.477897 326.531673 319.380127 328.820351 339.849961 354.356654 382.927298 410.528146 437.962979 462.675332 487.185162 514.526140 543.961214 573.257047 602.699361 625.677891 648.087705 672.455443 695.113398 715.807224 739.038141 766.948547 791.367745 812.091098 833.985187
681.227085 655.561905 618.148622 572.435420 536.854798 519.348513 479.940832 442.542761 402.233083 379.601408 357.424433 331.374741 307.279735 284.012281 256.061388 231.747961 207.241241 210.507939 222.396144 235.765981 228.771326 224.248125 220.577482 208.846812 194.995963 181.398128 185.064651 200.029642 216.761222 223.820980 230.282648 237.789549 237.960424 231.578243 223.554813 229.582981 243.801773 260.524705 282.999009 307.120483 331.123350 353.960487 379.494515 406.770459 435.207913 466.058894 498.219161 523.884495 553.299457 582.952917 606.865455 622.938188 640.991562 668.505186 689.882337 713.953692 738.368117
568.143497 538.420249 493.388184 446.138529 399.528365 359.005101 323.260418 289.277516 268.079655 246.880163 226.770255 206.777449 184.694501 164.066229 144.004638 121.424500 102.315467 107.279420 120.324572 131.992826 134.125932 130.928837 127.688471 119.821020 106.123931 95.241752 103.513696 118.951679 134.030882 144.015520 150.708567 156.924121 154.280155 146.236895 140.023985 148.137637 163.786338 179.166474 197.384342 219.715476 242.277066 265.296900 289.679386 314.547856 342.241302 371.264715 401.205159 431.205338 459.932285 487.680982 504.389780 521.115325 534.881321 556.766528 579.847818 604.518081 631.743035
430.095902 398.830471 361.570945 318.965598 284.926449 250.694100 218.019482 186.119165 159.779311 141.197235 130.170794 114.545179 94.570154 80.375455 62.959376 44.123526 42.940338 46.165625 57.951629 59.773875 60.363135 57.290854 56.087920 51.379227 40.016242 46.227768 53.956578 68.886660 79.875029 89.301692 95.632504 99.847303 99.522502 92.760461 95.886686 103.249851 118.081609 130.256728 145.909137 167.293475 185.463063 205.849751 228.957816 253.065849 278.701285 306.125207 335.855952 363.383732 386.681799 400.329443 415.124168 425.577644 425.057390 444.188861 464.430129 485.299131 514.554609
300.089740 272.309513 244.340251 211.017712 177.505261 146.442552 115.404306 85.086175 59.918469 49.873771 38.311073 26.131245 12.318508 -1.884051 -14.412845 -14.740669 -17.308417 -18.014383 -16.484006 -13.591734 -11.090531 -12.134086 -13.311291 -12.649777 -6.700424 -2.479718 3.077902 13.573433 24.750091 35.148013 39.241891 43.518847 46.578588 50.037463 52.735547 57.277117 68.876533 80.957924 94.574595 111.892047 129.816073 149.258932 172.166476 195.630496 220.881642 248.740470 277.179569 299.771370 311.961052 324.537731 331.179566 329.665466 328.701873 340.012027 356.484580 372.441933 398.523580
