tests/Borden05m/data_simulated/sim_1/output-maps/psiliqL0024N0013.asc
ncols         160
nrows         34
xllcorner     620200.000000
yllcorner     5168000.000000
cellsize      0.500000
NODATA_value  -9999.0
[rows 0 to 24 of 34, columns 0 to 54 of 160]
-9999.0 -9999.0 -9999.0 -9999.0 -9999.0 -9999.0 -9999.0 -9999.0 -9999.0 -9999.0 -9999.0 -9999.0 -9999.0 -9999.0 -9999.0 -9999.0 -9999.0 -9999.0 -9999.0 -9999.0 -9999.0 -9999.0 -9999.0 -9999.0 -9999.0 -9999.0 -9999.0 -9999.0 -9999.0 -9999.0 -9999.0 -9999.0 -9999.0 -9999.0 -9999.0 -9999.0 -9999.0 -9999.0 -9999.0 -9999.0 -9999.0 -9999.0 -9999.0 -9999.0 -9999.0 -9999.0 -9999.0 -9999.0 -9999.0 -9999.0 -9999.0 -9999.0 -9999.0 -9999.0 -9999.0
-9999.0 -9999.0 -9999.0 -9999.0 -9999.0 -9999.0 -9999.0 -9999.0 -9999.0 -9999.0 -9999.0 -9999.0 -9999.0 -9999.0 -9999.0 -9999.0 -9999.0 -9999.0 -9999.0 -9999.0 -9999.0 -9999.0 -9999.0 -9999.0 -9999.0 -9999.0 -9999.0 -9999.0 -9999.0 -9999.0 -9999.0 -9999.0 -9999.0 -9999.0 -9999.0 -9999.0 -9999.0 -9999.0 -9999.0 -9999.0 -9999.0 -9999.0 -9999.0 -9999.0 -9999.0 -9999.0 -9999.0 -9999.0 -9999.0 -9999.0 -9999.0 -9999.0 -9999.0 -9999.0 -9999.0
-9999.0 -9999.0 -9999.0 -9999.0 -9999.0 -9999.0 -9999.0 -9999.0 -9999.0 -9999.0 -9999.0 -9999.0 -9999.0 -9999.0 -9999.0 -9999.0 -9999.0 -9999.0 -9999.0 -9999.0 -9999.0 -9999.0 -9999.0 -9999.0 -9999.0 -9999.0 -9999.0 -9999.0 -9999.0 -9999.0 -9999.0 -9999.0 -9999.0 -9999.0 -9999.0 -9999.0 -9999.0 -9999.0 -9999.0 -9999.0 -9999.0 -9999.0 -9999.0 -9999.0 -9999.0 -9999.0 -9999.0 2880.194190 2863.022264 2849.312126 2844.902011 2866.073141 2889.111273 2912.844004 2933.294285
-9999.0 -9999.0 -9999.0 -9999.0 -9999.0 -9999.0 -9999.0 -9999.0 -9999.0 -9999.0 -9999.0 -9999.0 -9999.0 -9999.0 -9999.0 -9999.0 -9999.0 -9999.0 -9999.0 -9999.0 -9999.0 -9999.0 -9999.0 -9999.0 -9999.0 -9999.0 -9999.0 -9999.0 -9999.0 -9999.0 -9999.0 -9999.0 -9999.0 -9999.0 -9999.0 -9999.0 -9999.0 -9999.0 -9999.0 -9999.0 2930.337085 2936.229211 2936.146547 2926.183089 2914.841185 2901.304394 2880.750770 2863.499797 2850.188458 2848.169498 2850.581529 2853.469760 2874.261718 2899.471699 2919.253012
-9999.0 -9999.0 -9999.0 -9999.0 -9999.0 -9999.0 -9999.0 -9999.0 -9999.0 -9999.0 -9999.0 -9999.0 -9999.0 -9999.0 -9999.0 -9999.0 -9999.0 -9999.0 -9999.0 -9999.0 -9999.0 -9999.0 -9999.0 -9999.0 -9999.0 -9999.0 -9999.0 -9999.0 -9999.0 -9999.0 -9999.0 -9999.0 -9999.0 -9999.0 2838.094789 2855.026900 2872.895834 2891.367677 2908.251004 2915.230636 2921.020312 2926.365683 2921.730220 2917.215588 2905.486087 2884.617097 2865.231246 2852.283667 2851.126774 2848.632309 2852.169267 2863.725906 2880.210858 2895.195013 2915.597268
-9999.0 -9999.0 -9999.0 -9999.0 -9999.0 -9999.0 -9999.0 -9999.0 -9999.0 -9999.0 -9999.0 -9999.0 -9999.0 -9999.0 -9999.0 -9999.0 -9999.0 -9999.0 -9999.0 -9999.0 -9999.0 -9999.0 -9999.0 -9999.0 -9999.0 -9999.0 -9999.0 -9999.0 2843.752224 2837.772842 2832.873850 2831.240068 2829.731058 2828.682622 2835.279828 2846.407349 2863.451689 2885.381364 2898.536182 2905.711545 2912.487548 2912.784480 2906.881743 2905.008505 2905.345396 2892.644284 2880.291395 2868.717203 2857.405221 2854.303148 2863.089273 2877.112338 2893.099646 2907.465723 2922.468199
-9999.0 -9999.0 -9999.0 -9999.0 -9999.0 -9999.0 -9999.0 -9999.0 -9999.0 -9999.0 -9999.0 -9999.0 -9999.0 -9999.0 -9999.0 -9999.0 -9999.0 -9999.0 -9999.0 -9999.0 -9999.0 -9999.0 -9999.0 2814.001675 2818.966963 2825.410355 2832.968581 2833.842578 2830.368487 2824.880850 2822.063384 2820.521874 2818.188759 2822.575419 2829.539336 2842.366015 2857.479853 2879.509543 2887.588881 2891.886306 2903.138877 2906.514795 2913.853955 2917.548381 2915.434939 2911.248700 2896.390268 2884.838866 2887.080165 2891.020467 2897.538330 2905.476196 2918.541832 2932.079420 2947.174219
-9999.0 -9999.0 -9999.0 -9999.0 -9999.0 -9999.0 -9999.0 -9999.0 -9999.0 -9999.0 -9999.0 -9999.0 -9999.0 -9999.0 -9999.0 -9999.0 -9999.0 -9999.0 -9999.0 2790.125133 2791.141244 2792.565642 2797.329199 2797.078824 2798.754852 2805.422360 2813.306637 2815.989565 2813.686049 2812.479885 2813.631347 2815.998370 2820.237582 2830.488438 2843.568320 2857.121040 2869.630901 2889.863761 2903.828829 2915.834327 2930.726342 2930.631338 2926.599521 2924.527978 2924.104143 2922.260064 2921.016540 2920.132207 2925.841743 2926.625160 2930.039141 2938.638702 2949.517097 2965.617054 2982.590786
-9999.0 -9999.0 -9999.0 -9999.0 -9999.0 -9999.0 -9999.0 -9999.0 -9999.0 -9999.0 -9999.0 -9999.0 -9999.0 -9999.0 -9999.0 -9999.0 2774.350994 2776.459476 2779.264374 2785.227258 2789.331774 2793.802218 2801.159307 2786.777439 2788.749106 2795.518232 2799.716417 2808.601016 2816.561514 2823.240670 2828.608081 2830.513969 2836.536727 2845.117266 2855.864891 2869.161420 2888.630266 2911.315906 2926.279741 2942.234603 2958.736669 2958.671404 2956.442859 2956.217699 2954.374458 2955.385094 2969.468162 2972.367414 2967.467631 2977.521366 2988.937874 2991.179819 2985.969979 3004.076134 3025.374280
-9999.0 -9999.0 -9999.0 -9999.0 -9999.0 -9999.0 -9999.0 -9999.0 -9999.0 -9999.0 -9999.0 -9999.0 -9999.0 2724.032918 2728.385011 2739.016664 2750.683921 2754.168884 2759.575007 2766.738842 2779.416728 2783.566915 2789.985872 2797.514042 2791.393223 2798.867033 2807.138588 2818.254231 2825.630180 2831.871007 2837.559711 2840.061404 2850.943660 2864.227743 2877.876331 2896.196488 2917.109677 2934.876253 2952.056501 2967.400349 2978.558528 2975.943319 2974.392696 2975.835206 2980.003548 2981.884845 2997.155075 2997.870446 3007.766788 3027.494641 3037.135574 3044.081841 3049.102168 3061.776562 3082.128009
-9999.0 -9999.0 -9999.0 -9999.0 -9999.0 -9999.0 -9999.0 -9999.0 -9999.0 -9999.0 2694.566022 2696.533748 2693.369580 2691.596457 2697.832493 2710.747271 2725.800432 2732.120679 2744.687031 2766.581484 2785.669256 2789.258823 2802.796147 2794.191830 2798.899503 2807.985714 2819.964937 2831.145532 2845.694358 2856.367365 2864.495030 2880.192638 2894.837573 2909.832393 2925.933302 2945.072273 2960.233741 2983.344619 2997.513519 3005.127115 3021.633080 3024.698401 3019.701641 3017.099764 3025.093627 3035.425758 3050.045330 3065.789744 3083.450245 3104.719282 3115.169500 3127.239043 3135.558750 3145.270241 3159.602393
-9999.0 -9999.0 -9999.0 -9999.0 -9999.0 -9999.0 -9999.0 -9999.0 2668.888864 2677.225785 2683.215751 2680.472962 2676.539612 2671.599370 2686.767065 2702.925580 2719.461421 2738.344169 2754.573975 2773.284858 2787.522996 2802.769362 2802.620010 2811.238621 2821.010437 2835.040499 2847.074380 2861.153130 2880.533840 2888.068902 2899.005393 2917.496682 2932.051912 2947.847923 2964.883038 2980.207004 2989.589792 3018.297937 3045.764689 3061.692240 3086.563841 3103.399429 3097.598523 3095.643249 3096.486395 3118.753759 3144.237062 3172.188285 3188.780131 3211.613525 3238.889615 3256.659694 3265.399451 3276.013552 3289.327492
-9999.0 -9999.0 -9999.0 -9999.0 -9999.0 -9999.0 2639.505531 2664.177669 2679.824788 2671.802023 2658.914021 2654.608588 2649.461836 2679.732596 2702.801920 2720.897668 2738.384601 2756.617215 2773.376882 2782.561251 2792.585355 2810.069748 2820.705709 2833.874591 2847.350491 2860.780849 2876.167390 2896.739132 2913.861159 2935.670748 2952.481121 2968.984849 2981.264394 2997.001296 3012.676649 3025.654796 3051.919636 3085.371330 3118.779111 3142.676887 3166.298474 3194.188737 3194.338367 3196.019020 3197.874912 3219.970104 3252.173242 3280.946392 3312.012852 3341.896358 3368.961049 3378.764557 3387.351313 3396.887130 3408.942011
-9999.0 -9999.0 -9999.0 -9999.0 2606.097923 2627.145369 2646.410673 2676.968435 2699.537472 2695.136269 2700.579139 2699.683334 2696.491837 2702.143409 2710.986900 2729.268334 2749.166884 2769.296645 2784.324087 2791.298018 2835.026794 2845.962674 2863.486535 2892.347751 2902.894816 2916.159092 2930.850458 2950.757889 2969.110291 2985.495185 3019.537109 3048.619524 3068.875699 3087.208958 3105.217556 3121.730045 3154.922086 3188.319577 3222.615117 3253.314675 3279.603114 3304.324657 3311.341498 3316.073228 3325.655875 3341.719463 3363.236653 3389.582633 3421.774892 3453.050324 3476.013439 3485.486010 3490.755850 3499.989166 3507.655425
-9999.0 -9999.0 -9999.0 2552.522456 2591.710901 2631.292920 2657.559569 2688.368137 2721.230412 2722.724900 2732.221605 2733.852036 2734.655173 2741.620102 2746.906423 2764.525287 2783.246733 2803.002448 2801.737338 2833.238248 2862.528109 2881.772725 2909.309559 2926.194580 2939.827318 2952.399639 2969.940494 2989.549629 3013.245459 3042.116117 3087.136790 3136.537028 3168.073496 3185.089367 3205.934673 3231.972082 3255.747404 3292.463301 3325.436538 3356.601888 3385.841216 3407.621337 3422.071668 3426.683436 3435.595717 3441.408007 3454.200959 3474.609217 3496.168066 3525.741393 3554.147086 3581.412028 3595.890076 3606.283625 3622.703758
-9999.0 -9999.0 2504.168863 2543.478628 2575.479327 2623.223357 2676.711503 2712.256302 2752.584141 2773.164537 2777.942727 2790.505962 2787.962343 2789.065316 2798.578070 2811.500903 2831.965908 2839.782304 2857.712240 2875.520173 2913.900794 2949.128516 2949.208393 2978.156126 3006.916881 3036.898673 3055.916942 3081.126922 3116.408510 3150.383798 3191.916860 3240.069136 3273.833195 3301.055845 3315.916911 3334.801222 3354.530382 3378.926554 3413.872149 3439.354599 3471.503120 3496.247835 3515.615445 3517.234480 3519.963316 3535.458426 3562.243828 3591.293626 3618.614704 3645.836366 3634.547815 3654.925040 3664.014963 3669.086495 3677.060720
-9999.0 -9999.0 2474.515819 2520.883498 2556.665775 2616.705111 2702.475513 2737.911336 2778.942579 2813.823193 2827.590755 2848.954230 2845.280228 2837.769845 2855.938922 2871.248333 2889.423779 2896.250230 2890.899988 2942.093631 2984.083429 3011.871592 3025.183704 3097.568538 3146.738755 3168.009594 3180.558686 3199.573712 3219.132748 3257.121414 3296.584828 3349.086631 3389.269428 3418.156916 3432.045469 3450.655890 3469.368053 3484.146420 3502.745806 3546.888724 3579.742398 3608.712645 3638.834726 3659.412573 3667.224295 3671.593265 3649.257315 3666.258384 3677.788557 3682.761487 3684.695798 3680.978828 3680.372745 3681.152326 3682.081534
-9999.0 2381.743377 2434.286020 2485.425897 2550.829984 2613.751236 2690.762655 2767.114275 2821.517601 2871.242813 2896.609134 2892.972737 2899.660043 2927.369786 2947.375548 2965.339293 2969.870537 2978.548106 2960.829014 3000.666493 3037.563935 3090.058610 3187.470388 3243.521259 3301.140268 3297.489197 3286.398358 3292.050668 3308.679197 3353.159014 3427.733354 3480.643565 3542.307671 3588.165454 3603.993924 3610.644527 3628.383128 3648.280218 3604.801947 3642.941469 3660.406471 3674.980527 3682.626007 3684.634805 3685.756747 3685.547858 3681.932522 3675.038124 3666.951496 3661.173949 3656.987145 3652.484541 3654.915454 3658.232017 3658.550794
-9999.0 2343.857414 2401.699563 2470.828315 2539.175255 2590.404329 2677.347097 2829.831101 2889.208818 2926.300619 2934.559271 2918.742533 2979.290030 3031.879177 3056.381587 3099.815927 3085.236570 3070.081936 3036.835985 3061.751466 3100.903356 3168.430041 3330.825451 3416.526101 3462.251957 3470.118427 3471.581507 3498.678548 3540.317924 3584.366638 3626.510040 3601.223487 3645.088843 3666.578938 3671.069867 3671.698544 3676.520551 3675.224840 3673.559753 3669.212448 3664.125729 3664.275287 3668.743769 3668.571513 3665.653149 3662.347699 3656.694709 3649.269834 3644.023734 3639.403423 3636.733119 3633.871256 3631.992614 3631.421921 3626.718026
-9999.0 2305.277734 2379.569588 2438.926468 2488.569739 2584.083693 2713.950005 2846.416054 2940.876751 2974.815702 2960.183078 2994.786066 3094.812462 3195.514614 3245.779225 3266.202109 3249.908796 3205.996575 3189.453335 3231.682494 3299.305873 3411.187869 3538.674186 3631.956890 3646.122819 3649.117960 3606.645678 3629.498763 3650.680638 3653.193331 3654.187670 3661.070900 3666.064313 3668.908509 3667.371126 3664.486037 3659.704092 3651.575570 3646.751869 3643.137100 3639.412316 3638.357953 3640.439042 3642.130774 3639.363854 3635.492231 3631.023857 3625.442721 3619.184870 3612.472810 3608.244219 3604.062771 3601.962572 3596.602619 3593.011359
-9999.0 2185.696699 2280.899796 2323.941161 2405.090889 2591.580671 2720.937711 2852.797523 3008.857670 3030.971267 3079.987277 3212.322432 3326.570022 3403.502013 3432.958920 3466.444266 3490.543913 3506.792861 3541.936169 3436.977316 3511.326141 3599.548930 3639.395292 3656.673992 3664.610886 3664.941313 3655.343805 3634.810908 3624.129753 3617.379699 3618.985336 3626.228001 3631.005707 3635.874926 3633.597981 3634.550290 3635.440626 3632.166465 3628.201882 3619.588091 3611.793414 3605.265667 3602.255930 3607.033734 3602.358895 3599.883206 3593.772060 3585.465169 3576.662690 3569.310011 3561.466192 3554.952001 3552.699827 3547.685723 3546.526556
-9999.0 2104.818255 2178.091170 2242.518370 2357.657717 2521.781343 2623.627717 2783.423489 3002.092118 3131.992325 3285.591044 3370.967351 3439.932049 3483.833193 3534.824511 3584.205774 3609.511720 3619.941609 3592.307072 3611.482835 3570.208399 3559.398212 3576.314335 3604.442293 3620.533933 3624.424749 3616.409601 3606.972569 3599.728100 3598.603704 3596.569504 3592.926354 3589.196783 3585.836619 3582.695540 3585.470083 3590.627232 3583.700713 3573.783854 3564.586542 3556.286777 3547.249003 3541.398420 3536.983288 3537.126928 3537.349759 3529.817605 3519.438044 3508.731682 3500.558862 3493.383917 3488.799518 3486.251116 3481.403281 3472.215278
-9999.0 1988.008374 2119.063832 2198.119027 2296.719785 2426.943370 2534.776729 2688.782433 2809.498044 3042.943234 3184.115066 3358.725108 3405.249072 3471.406415 3519.616135 3590.171105 3586.341742 3554.767021 3513.054238 3496.604831 3506.095563 3514.625179 3523.230618 3538.161453 3555.419776 3565.213296 3569.552326 3563.196459 3549.070724 3537.135539 3526.778304 3513.775946 3504.780686 3502.514678 3505.960044 3515.434798 3516.245523 3507.006970 3493.148449 3475.377648 3460.109840 3448.570427 3446.447418 3449.005600 3449.961624 3446.056931 3440.178985 3429.594371 3417.157377 3405.011608 3399.175969 3394.798675 3387.642645 3376.842869 3365.606522
-9999.0 -9999.0 2034.830232 2143.572079 2239.005031 2351.557884 2444.774038 2566.779733 2709.107291 2867.892006 2977.972537 3146.513394 3235.087095 3277.859736 3313.440829 3367.633986 3390.790976 3419.047906 3410.737290 3420.492471 3429.141828 3433.986924 3439.497590 3445.814883 3456.427407 3466.001599 3475.594666 3472.821040 3463.915795 3444.011957 3419.322847 3400.168257 3389.992636 3381.172757 3392.761451 3405.067927 3400.031812 3393.211051 3380.779670 3365.027031 3352.478874 3338.418808 3334.971514 3335.015337 3335.591424 3333.278386 3330.547380 3318.316889 3306.135943 3296.097030 3291.999883 3286.486995 3282.795299 3273.062765 3262.597151
-9999.0 -9999.0 1946.964370 2051.565087 2155.304081 2273.226946 2359.505109 2383.180511 2522.112742 2628.658196 2736.503052 2828.391633 2921.087456 2980.906923 3014.385079 3074.303309 3126.802549 3143.990982 3178.153203 3226.477841 3258.439669 3295.000610 3316.551191 3326.008195 3338.370241 3352.307933 3359.786411 3345.127577 3333.914667 3316.989827 3294.161406 3268.256092 3255.098814 3254.128994 3253.765571 3255.956537 3248.745400 3239.792173 3225.492828 3211.432107 3199.228879 3190.009743 3186.429726 3181.332672 3179.298558 3176.664399 3174.955218 3171.654990 3163.149654 3158.235491 3150.237054 3146.330093 3145.352267 3141.917756 3135.898498
