tests/Borden05m/data_simulated/sim_1/output-maps/psiliqL0026N0014.asc
ncols         160
nrows         34
xllcorner     620200.000000
yllcorner     5168000.000000
cellsize      0.500000
NODATA_value  -9999.0
[rows 0 to 24 of 34, columns 0 to 54 of 160]
-9999.0 -9999.0 -9999.0 -9999.0 -9999.0 -9999.0 -9999.0 -9999.0 -9999.0 -9999.0 -9999.0 -9999.0 -9999.0 -9999.0 -9999.0 -9999.0 -9999.0 -9999.0 -9999.0 -9999.0 -9999.0 -9999.0 -9999.0 -9999.0 -9999.0 -9999.0 -9999.0 -9999.0 -9999.0 -9999.0 -9999.0 -9999.0 -9999.0 -9999.0 -9999.0 -9999.0 -9999.0 -9999.0 -9999.0 -9999.0 -9999.0 -9999.0 -9999.0 -9999.0 -9999.0 -9999.0 -9999.0 -9999.0 -9999.0 -9999.0 -9999.0 -9999.0 -9999.0 -9999.0 -9999.0
-9999.0 -9999.0 -9999.0 -9999.0 -9999.0 -9999.0 -9999.0 -9999.0 -9999.0 -9999.0 -9999.0 -9999.0 -9999.0 -9999.0 -9999.0 -9999.0 -9999.0 -9999.0 -9999.0 -9999.0 -9999.0 -9999.0 -9999.0 -9999.0 -9999.0 -9999.0 -9999.0 -9999.0 -9999.0 -9999.0 -9999.0 -9999.0 -9999.0 -9999.0 -9999.0 -9999.0 -9999.0 -9999.0 -9999.0 -9999.0 -9999.0 -9999.0 -9999.0 -9999.0 -9999.0 -9999.0 -9999.0 -9999.0 -9999.0 -9999.0 -9999.0 -9999.0 -9999.0 -9999.0 -9999.0
-9999.0 -9999.0 -9999.0 -9999.0 -9999.0 -9999.0 -9999.0 -9999.0 -9999.0 -9999.0 -9999.0 -9999.0 -9999.0 -9999.0 -9999.0 -9999.0 -9999.0 -9999.0 -9999.0 -9999.0 -9999.0 -9999.0 -9999.0 -9999.0 -9999.0 -9999.0 -9999.0 -9999.0 -9999.0 -9999.0 -9999.0 -9999.0 -9999.0 -9999.0 -9999.0 -9999.0 -9999.0 -9999.0 -9999.0 -9999.0 -9999.0 -9999.0 -9999.0 -9999.0 -9999.0 -9999.0 -9999.0 3273.219578 3256.007057 3242.553705 3237.635963 3258.431966 3281.271970 3304.860509 3325.161296
-9999.0 -9999.0 -9999.0 -9999.0 -9999.0 -9999.0 -9999.0 -9999.0 -9999.0 -9999.0 -9999.0 -9999.0 -9999.0 -9999.0 -9999.0 -9999.0 -9999.0 -9999.0 -9999.0 -9999.0 -9999.0 -9999.0 -9999.0 -9999.0 -9999.0 -9999.0 -9999.0 -9999.0 -9999.0 -9999.0 -9999.0 -9999.0 -9999.0 -9999.0 -9999.0 -9999.0 -9999.0 -9999.0 -9999.0 -9999.0 3324.262813 3330.087423 3329.667526 3319.674546 3308.176956 3294.273135 3273.519053 3256.319232 3243.197234 3241.146186 3243.371121 3245.713876 3266.037243 3291.206685 3310.874181
-9999.0 -9999.0 -9999.0 -9999.0 -9999.0 -9999.0 -9999.0 -9999.0 -9999.0 -9999.0 -9999.0 -9999.0 -9999.0 -9999.0 -9999.0 -9999.0 -9999.0 -9999.0 -9999.0 -9999.0 -9999.0 -9999.0 -9999.0 -9999.0 -9999.0 -9999.0 -9999.0 -9999.0 -9999.0 -9999.0 -9999.0 -9999.0 -9999.0 -9999.0 3232.432186 3249.198481 3266.917232 3285.275742 3302.062853 3308.977143 3314.707255 3319.885667 3315.027789 3310.393417 3298.441669 3277.103727 3257.603357 3244.692296 3243.575140 3240.920517 3244.155462 3255.311449 3271.584029 3286.195499 3306.362207
-9999.0 -9999.0 -9999.0 -9999.0 -9999.0 -9999.0 -9999.0 -9999.0 -9999.0 -9999.0 -9999.0 -9999.0 -9999.0 -9999.0 -9999.0 -9999.0 -9999.0 -9999.0 -9999.0 -9999.0 -9999.0 -9999.0 -9999.0 -9999.0 -9999.0 -9999.0 -9999.0 -9999.0 3238.907576 3232.826674 3227.821296 3226.006373 3224.301831 3223.125956 3229.588951 3240.429391 3257.156115 3278.985325 3292.026387 3299.050118 3305.718087 3305.786219 3299.558574 3297.535413 3297.697939 3284.661308 3272.011182 3260.146124 3248.514406 3244.943632 3253.405862 3267.238822 3283.025126 3297.146426 3311.943161
-9999.0 -9999.0 -9999.0 -9999.0 -9999.0 -9999.0 -9999.0 -9999.0 -9999.0 -9999.0 -9999.0 -9999.0 -9999.0 -9999.0 -9999.0 -9999.0 -9999.0 -9999.0 -9999.0 -9999.0 -9999.0 -9999.0 -9999.0 3209.559954 3214.297283 3220.609158 3228.051761 3228.786004 3225.322517 3219.723973 3216.787164 3215.062228 3212.433513 3216.631626 3223.230229 3235.755579 3250.567736 3272.453365 3280.258768 3284.040869 3294.929654 3298.236676 3305.684974 3309.109642 3306.727732 3302.111882 3286.626828 3274.463253 3275.989383 3279.378095 3285.660261 3293.429957 3306.330580 3319.396418 3334.000160
-9999.0 -9999.0 -9999.0 -9999.0 -9999.0 -9999.0 -9999.0 -9999.0 -9999.0 -9999.0 -9999.0 -9999.0 -9999.0 -9999.0 -9999.0 -9999.0 -9999.0 -9999.0 -9999.0 3185.407521 3186.351396 3187.701458 3192.377920 3192.546957 3194.064601 3200.531184 3208.207330 3210.789196 3208.212295 3206.871690 3207.758019 3209.855342 3213.862628 3223.705899 3236.441510 3249.670604 3261.718243 3281.625982 3295.242138 3306.737666 3321.203066 3320.998697 3316.739437 3314.402283 3313.607046 3311.225552 3308.771239 3307.002492 3312.419387 3312.254511 3314.922206 3323.270356 3334.465830 3350.099441 3366.720472
-9999.0 -9999.0 -9999.0 -9999.0 -9999.0 -9999.0 -9999.0 -9999.0 -9999.0 -9999.0 -9999.0 -9999.0 -9999.0 -9999.0 -9999.0 -9999.0 3157.020386 3158.659736 3160.871212 3166.214228 3169.743598 3173.440633 3180.116096 3180.797199 3183.717642 3190.276175 3194.145311 3202.845241 3210.582886 3216.921506 3221.944519 3223.462841 3228.966158 3237.098849 3247.385958 3260.069042 3278.930696 3301.341632 3315.890054 3331.465916 3347.624869 3347.184995 3344.485846 3343.762741 3341.308881 3341.645493 3354.963963 3357.144592 3350.881426 3359.516182 3370.273260 3372.116884 3377.937850 3396.711297 3417.923212
-9999.0 -9999.0 -9999.0 -9999.0 -9999.0 -9999.0 -9999.0 -9999.0 -9999.0 -9999.0 -9999.0 -9999.0 -9999.0 3107.813265 3111.600855 3121.614869 3132.939201 3135.750041 3140.436717 3146.842055 3158.580521 3161.762702 3167.208090 3173.723646 3185.111166 3192.910462 3200.782377 3211.515385 3218.442810 3224.240246 3229.409681 3231.032646 3241.192725 3253.831770 3266.808411 3284.525946 3305.068869 3322.150310 3338.987306 3354.099829 3364.544728 3360.792314 3358.906267 3359.955148 3363.539961 3375.230948 3390.611756 3389.988946 3398.571360 3417.981859 3427.189609 3433.537625 3438.714056 3451.658964 3472.299791
-9999.0 -9999.0 -9999.0 -9999.0 -9999.0 -9999.0 -9999.0 -9999.0 -9999.0 -9999.0 3081.467204 3082.719604 3078.679239 3075.589807 3081.056653 3093.046479 3107.236383 3112.321631 3123.867863 3144.726482 3162.849685 3165.200215 3177.732726 3186.447370 3192.056462 3200.618650 3212.085396 3222.661144 3236.482305 3246.523625 3253.677051 3268.341150 3282.398341 3296.816667 3312.314231 3331.041967 3345.617145 3367.831604 3391.133923 3398.484648 3414.179206 3415.974900 3410.845989 3407.998941 3416.142397 3426.179395 3439.856140 3454.455350 3471.830358 3492.688193 3502.110474 3514.098570 3522.321451 3531.901681 3546.468099
-9999.0 -9999.0 -9999.0 -9999.0 -9999.0 -9999.0 -9999.0 -9999.0 3057.170630 3065.049522 3070.053384 3066.340245 3061.359153 3054.942544 3069.078264 3083.894651 3099.062539 3116.708889 3131.496931 3148.927021 3161.845770 3175.482841 3193.753252 3203.108336 3212.235075 3225.684464 3237.068201 3250.221720 3268.951473 3275.196246 3284.687108 3302.387917 3316.398987 3331.550654 3348.004098 3362.847741 3381.548876 3410.253486 3437.759721 3452.799549 3477.546146 3493.699864 3487.270604 3484.795717 3485.305963 3507.324455 3532.477722 3560.445712 3578.493351 3601.050556 3628.407075 3646.641423 3655.466550 3666.165722 3679.601816
-9999.0 -9999.0 -9999.0 -9999.0 -9999.0 -9999.0 3029.069677 3053.163128 3067.935732 3058.828151 3044.104675 3038.332815 3031.501060 3061.636330 3083.262367 3099.768530 3115.548683 3132.085237 3147.231202 3154.507695 3182.220007 3200.218249 3210.647273 3222.521873 3235.434470 3248.284344 3262.919808 3282.640235 3298.650360 3319.175125 3333.976394 3349.068987 3371.057494 3386.924540 3402.433071 3414.833887 3441.142692 3474.565667 3507.953570 3531.431494 3554.970020 3585.430715 3584.824550 3586.230357 3587.548669 3610.443162 3643.356069 3672.404729 3703.602301 3733.584162 3761.244854 3771.425000 3780.120740 3789.754690 3801.992519
-9999.0 -9999.0 -9999.0 -9999.0 2997.302811 3017.818223 3035.999954 3065.520925 3086.883606 3081.245261 3084.913393 3082.157932 3076.925444 3081.045033 3088.229388 3104.406662 3122.385258 3140.690475 3153.738389 3178.940781 3224.170952 3233.884332 3249.709227 3277.665008 3287.234929 3299.744537 3313.807860 3332.875071 3350.230330 3376.089537 3409.242804 3437.292850 3457.525248 3475.684275 3493.678067 3509.716782 3543.535531 3579.387042 3614.061279 3644.803265 3671.084488 3696.364594 3702.842225 3707.491352 3717.155953 3733.694056 3755.793067 3782.837379 3815.799091 3847.448489 3870.469761 3879.545941 3884.690589 3894.044606 3901.542650
-9999.0 -9999.0 -9999.0 2944.988339 2982.369370 3021.450048 3046.516566 3076.055764 3107.617390 3106.795129 3114.583103 3113.612640 3111.701470 3116.123860 3118.350704 3133.603825 3150.350169 3168.659936 3187.831709 3219.977639 3247.906463 3264.708795 3291.150391 3306.266686 3318.218721 3329.838855 3346.966042 3365.850581 3400.794205 3429.663957 3474.566263 3524.041103 3555.393912 3574.211507 3595.737901 3622.384118 3646.759443 3684.549469 3717.930799 3749.455290 3779.222249 3801.074806 3815.246131 3819.772556 3829.058052 3834.757490 3847.298819 3867.966991 3889.919462 3920.100590 3948.952374 3977.195099 3992.127539 4002.921416 4019.745604
-9999.0 -9999.0 2896.678762 2936.062863 2967.132109 3011.835047 3064.158465 3098.490657 3137.046906 3155.111394 3157.408111 3167.107472 3176.133525 3176.134483 3183.910638 3195.462285 3216.051622 3223.661596 3242.558521 3257.594079 3293.959471 3327.020434 3322.951811 3360.398898 3389.406120 3420.570539 3440.617034 3466.218884 3502.789373 3536.146842 3579.774485 3628.723481 3662.519217 3689.948313 3705.312187 3724.913812 3744.873537 3770.483699 3806.426692 3831.903539 3864.875776 3889.949885 3909.369703 3910.367255 3913.041842 3928.894673 3956.605149 3986.764988 4015.066910 4043.391258 4029.232070 4051.667696 4061.689947 4067.281610 4076.073683
-9999.0 -9999.0 2866.382725 2912.778193 2947.076551 3003.011652 3088.617046 3122.088122 3161.171359 3205.220897 3217.981233 3238.266912 3231.529866 3220.007273 3236.669859 3250.066896 3269.098460 3275.569438 3268.930212 3319.984611 3371.370850 3395.814299 3403.101007 3478.141800 3529.022584 3552.092766 3567.868296 3587.496304 3606.908343 3644.834298 3683.810226 3737.367240 3778.152854 3807.533384 3821.747713 3841.203683 3860.356937 3875.251161 3894.403843 3940.202569 3974.788316 4004.924850 4036.186564 4057.232847 4065.260043 4070.077034 4045.450199 4064.196241 4076.909019 4082.391962 4084.563613 4080.792604 4080.216650 4081.030008 4081.956059
-9999.0 2778.687262 2825.613826 2875.717415 2939.760899 2998.929273 3072.975820 3147.047108 3211.628524 3262.439943 3286.658146 3279.270097 3279.296004 3303.852672 3322.290516 3338.043299 3342.492735 3351.585251 3332.287881 3384.164950 3420.420259 3469.717064 3568.299028 3625.601656 3687.030515 3682.966401 3671.374941 3676.356286 3692.324196 3737.983984 3815.535733 3870.626320 3935.064605 3983.006829 3999.669957 4006.877446 4025.249643 4045.726091 3996.159716 4038.011945 4057.269395 4073.338237 4082.242711 4084.457504 4085.694485 4085.464140 4081.787719 4074.788246 4066.625034 4060.789248 4056.562746 4052.059876 4054.495990 4057.822467 4058.030351
-9999.0 2740.272454 2792.216269 2859.953931 2927.050337 2973.735173 3053.714156 3217.982572 3279.100224 3315.835315 3320.665717 3296.580110 3353.685693 3412.370712 3436.064926 3480.219569 3464.402397 3448.934866 3412.211623 3436.942922 3475.172432 3545.206238 3713.772473 3801.413571 3851.846343 3859.732315 3860.631691 3888.540181 3931.989089 3978.503283 4023.359577 3993.351791 4041.507116 4065.202348 4070.153880 4070.846987 4076.163512 4074.734868 4073.248692 4068.817526 4063.668583 4063.831397 4068.422781 4068.264621 4065.306389 4061.931642 4056.234239 4048.811911 4043.607194 4038.978631 4036.319567 4033.479060 4031.526703 4030.806202 4025.966540
-9999.0 2699.788418 2774.669241 2827.047243 2872.485005 2962.686050 3089.765952 3232.205404 3327.300888 3360.212591 3337.531358 3372.156421 3473.683525 3578.492261 3629.914005 3650.461235 3631.377658 3583.462033 3563.682774 3606.638214 3676.235337 3794.290536 3930.851741 4028.936152 4043.985904 4047.288122 4000.459613 4025.656470 4049.010759 4051.782140 4052.878731 4060.656601 4065.720075 4068.654936 4067.088040 4064.195214 4059.380202 4051.189233 4046.383567 4042.702641 4038.931182 4037.771741 4039.770885 4041.588919 4038.769991 4034.873590 4030.396140 4024.817891 4018.510636 4011.749075 4007.434492 4003.181117 4001.047081 3995.514864 3991.991180
-9999.0 2575.885336 2672.514371 2712.930905 2786.633822 2967.828310 3093.763031 3232.450397 3396.063650 3415.665533 3460.360496 3598.185893 3716.168210 3795.632380 3824.210441 3857.320807 3881.597351 3897.419245 3933.764706 3816.290121 3895.691185 3991.769533 4035.704827 4054.756761 4064.371255 4064.735502 4054.886900 4034.103395 4023.367710 4016.611477 4018.220736 4025.498504 4030.177489 4034.966592 4032.663256 4033.716294 4034.799476 4031.571975 4027.552294 4018.831386 4010.979790 4004.285107 4001.030255 4005.726811 4001.070952 3998.700318 3992.506979 3984.068740 3975.121572 3967.745049 3959.782037 3953.217427 3950.982810 3945.971813 3944.780146
-9999.0 2494.972540 2567.410856 2626.376867 2736.311851 2892.251129 2983.811836 3140.174462 3379.255639 3514.191515 3676.504669 3766.440883 3836.334510 3878.275061 3928.443902 3979.925089 4006.550898 4018.049620 3987.580539 4009.395765 3966.757499 3955.722568 3973.165509 4002.185388 4019.205312 4023.257140 4015.381906 4006.189200 3998.924737 3997.800884 3995.632890 3991.579134 3987.465994 3983.880141 3980.739957 3983.698546 3989.002020 3981.889942 3971.628433 3962.181879 3953.666743 3944.446656 3938.495514 3933.847069 3934.210606 3934.475849 3926.845101 3916.353737 3905.500702 3897.214859 3890.019145 3885.516686 3882.848879 3877.885352 3868.263510
-9999.0 2374.177770 2507.277761 2582.955959 2676.287222 2797.014635 2898.790422 3046.314636 3173.993555 3417.228655 3557.630046 3748.392782 3797.657973 3866.971438 3914.311784 3987.129465 3982.590117 3951.175025 3908.126310 3891.930170 3902.914325 3911.856042 3920.134638 3934.657437 3952.272666 3962.358082 3967.297426 3961.234805 3947.027068 3934.602859 3923.547218 3909.914726 3900.539325 3898.064405 3902.056900 3912.020284 3912.556132 3903.250925 3889.142346 3870.932716 3855.341771 3843.549266 3841.535869 3844.297111 3845.386260 3841.330565 3835.521757 3824.772741 3812.187575 3799.789377 3794.101404 3789.769133 3782.379141 3771.187448 3759.349957
-9999.0 -9999.0 2421.035241 2529.138686 2621.659045 2731.680526 2810.764542 2926.295719 3061.280173 3230.401068 3345.814970 3524.807566 3619.258388 3663.079139 3697.042348 3752.600949 3777.682035 3808.699264 3802.816504 3814.381585 3824.140094 3829.403409 3834.677773 3840.455751 3850.948417 3860.733304 3870.906364 3868.101035 3859.269733 3838.799075 3813.184943 3793.261662 3782.788082 3773.565169 3785.636823 3798.161445 3792.682744 3785.777602 3773.149337 3756.951348 3744.386075 3730.159533 3726.711399 3726.647885 3727.257584 3724.967301 3722.455600 3710.051765 3697.820256 3687.949931 3683.954791 3678.377993 3674.829132 3665.071442 3654.533296
-9999.0 -9999.0 2332.362733 2435.937710 2537.136602 2653.699810 2736.753706 2748.937983 2872.968759 2970.889089 3076.773053 3186.429138 3282.235686 3350.216604 3382.763629 3444.621876 3500.382000 3518.579272 3558.371305 3611.854472 3645.868446 3684.963715 3707.807185 3717.223243 3729.681964 3744.060924 3751.502531 3736.307359 3725.035284 3707.966719 3684.592746 3657.988853 3644.509049 3644.015970 3643.106964 3644.694471 3637.116575 3628.183717 3613.756692 3599.840498 3587.668368 3578.759558 3575.198059 3569.680197 3567.427715 3564.739291 3563.071208 3557.875724 3549.657653 3545.116209 3537.002414 3533.334347 3532.595104 3529.596211 3523.941046
