tests/Borden05m/data_simulated/sim_1/output-maps/psiliqL0003N0004.asc
ncols         160
nrows         34
xllcorner     620200.000000
yllcorner     5168000.000000
cellsize      0.500000
NODATA_value  -9999.0
[rows 0 to 24 of 34, columns 0 to 56 of 160]
-9999.0 -9999.0 -9999.0 -9999.0 -9999.0 -9999.0 -9999.0 -9999.0 -9999.0 -9999.0 -9999.0 -9999.0 -9999.0 -9999.0 -9999.0 -9999.0 -9999.0 -9999.0 -9999.0 -9999.0 -9999.0 -9999.0 -9999.0 -9999.0 -9999.0 -9999.0 -9999.0 -9999.0 -9999.0 -9999.0 -9999.0 -9999.0 -9999.0 -9999.0 -9999.0 -9999.0 -9999.0 -9999.0 -9999.0 -9999.0 -9999.0 -9999.0 -9999.0 -9999.0 -9999.0 -9999.0 -9999.0 -9999.0 -9999.0 -9999.0 -9999.0 -9999.0 -9999.0 -9999.0 -9999.0 -9999.0 -9999.0
-9999.0 -9999.0 -9999.0 -9999.0 -9999.0 -9999.0 -9999.0 -9999.0 -9999.0 -9999.0 -9999.0 -9999.0 -9999.0 -9999.0 -9999.0 -9999.0 -9999.0 -9999.0 -9999.0 -9999.0 -9999.0 -9999.0 -9999.0 -9999.0 -9999.0 -9999.0 -9999.0 -9999.0 -9999.0 -9999.0 -9999.0 -9999.0 -9999.0 -9999.0 -9999.0 -9999.0 -9999.0 -9999.0 -9999.0 -9999.0 -9999.0 -9999.0 -9999.0 -9999.0 -9999.0 -9999.0 -9999.0 -9999.0 -9999.0 -9999.0 -9999.0 -9999.0 -9999.0 -9999.0 -9999.0 -9999.0 -9999.0
-9999.0 -9999.0 -9999.0 -9999.0 -9999.0 -9999.0 -9999.0 -9999.0 -9999.0 -9999.0 -9999.0 -9999.0 -9999.0 -9999.0 -9999.0 -9999.0 -9999.0 -9999.0 -9999.0 -9999.0 -9999.0 -9999.0 -9999.0 -9999.0 -9999.0 -9999.0 -9999.0 -9999.0 -9999.0 -9999.0 -9999.0 -9999.0 -9999.0 -9999.0 -9999.0 -9999.0 -9999.0 -9999.0 -9999.0 -9999.0 -9999.0 -9999.0 -9999.0 -9999.0 -9999.0 -9999.0 -9999.0 -628.939132 -638.610767 -650.543209 -653.963480 -640.467323 -634.624523 -629.269549 -625.764853 -622.575923 -617.733648
-9999.0 -9999.0 -9999.0 -9999.0 -9999.0 -9999.0 -9999.0 -9999.0 -9999.0 -9999.0 -9999.0 -9999.0 -9999.0 -9999.0 -9999.0 -9999.0 -9999.0 -9999.0 -9999.0 -9999.0 -9999.0 -9999.0 -9999.0 -9999.0 -9999.0 -9999.0 -9999.0 -9999.0 -9999.0 -9999.0 -9999.0 -9999.0 -9999.0 -9999.0 -9999.0 -9999.0 -9999.0 -9999.0 -9999.0 -9999.0 -629.875374 -625.509254 -621.950593 -628.223725 -630.888771 -630.372971 -637.190654 -645.261460 -653.667618 -651.028831 -650.855505 -656.952674 -647.606869 -640.184401 -637.657704 -635.618537 -629.506997
-9999.0 -9999.0 -9999.0 -9999.0 -9999.0 -9999.0 -9999.0 -9999.0 -9999.0 -9999.0 -9999.0 -9999.0 -9999.0 -9999.0 -9999.0 -9999.0 -9999.0 -9999.0 -9999.0 -9999.0 -9999.0 -9999.0 -9999.0 -9999.0 -9999.0 -9999.0 -9999.0 -9999.0 -9999.0 -9999.0 -9999.0 -9999.0 -9999.0 -9999.0 -650.648210 -641.991546 -638.249959 -634.735188 -629.448774 -631.265460 -632.837029 -628.953741 -632.455190 -632.584113 -636.968421 -645.345258 -653.862502 -658.685172 -653.394521 -655.087217 -655.094632 -650.675181 -647.944461 -646.962647 -640.913754 -631.377104 -636.161005
-9999.0 -9999.0 -9999.0 -9999.0 -9999.0 -9999.0 -9999.0 -9999.0 -9999.0 -9999.0 -9999.0 -9999.0 -9999.0 -9999.0 -9999.0 -9999.0 -9999.0 -9999.0 -9999.0 -9999.0 -9999.0 -9999.0 -9999.0 -9999.0 -9999.0 -9999.0 -9999.0 -9999.0 -637.687785 -641.030892 -643.596659 -643.402855 -644.590428 -649.295790 -650.542723 -649.727162 -645.130261 -637.771310 -636.599101 -637.525618 -636.981007 -638.735226 -643.719569 -644.213209 -638.669323 -643.761583 -646.156286 -649.525887 -658.296269 -660.502387 -655.445739 -650.657091 -646.593868 -645.644540 -645.109029 -645.367476 -644.626137
-9999.0 -9999.0 -9999.0 -9999.0 -9999.0 -9999.0 -9999.0 -9999.0 -9999.0 -9999.0 -9999.0 -9999.0 -9999.0 -9999.0 -9999.0 -9999.0 -9999.0 -9999.0 -9999.0 -9999.0 -9999.0 -9999.0 -9999.0 -643.521829 -640.395949 -639.250218 -636.528008 -637.916570 -644.502857 -648.739891 -650.567315 -652.089982 -655.732448 -656.143176 -656.261566 -653.959301 -652.295488 -644.419757 -648.399807 -651.006577 -644.298523 -645.892599 -641.414489 -636.438672 -637.612116 -636.538743 -645.860744 -652.955690 -645.553474 -642.639333 -643.034699 -644.727523 -642.415574 -639.380080 -635.645299 -629.247307 -621.332335
-9999.0 -9999.0 -9999.0 -9999.0 -9999.0 -9999.0 -9999.0 -9999.0 -9999.0 -9999.0 -9999.0 -9999.0 -9999.0 -9999.0 -9999.0 -9999.0 -9999.0 -9999.0 -9999.0 -643.282838 -644.246904 -646.183363 -645.397471 -651.844357 -654.600636 -652.752526 -649.276491 -651.314382 -655.050750 -658.265144 -657.860384 -657.405658 -658.206387 -653.291350 -649.366368 -648.119069 -649.279316 -643.182090 -641.461425 -638.138098 -629.331653 -635.149027 -640.903676 -643.952137 -644.197183 -646.006146 -640.699909 -639.128804 -638.699989 -639.493317 -639.544616 -638.283429 -637.617736 -630.741895 -624.657940 -619.902367 -615.694106
-9999.0 -9999.0 -9999.0 -9999.0 -9999.0 -9999.0 -9999.0 -9999.0 -9999.0 -9999.0 -9999.0 -9999.0 -9999.0 -9999.0 -9999.0 -9999.0 -644.152304 -644.669005 -647.058406 -650.989182 -654.422088 -654.472743 -651.770448 -656.615686 -658.238018 -657.138343 -659.318723 -656.866141 -654.253479 -651.158925 -649.781159 -653.250254 -652.662236 -653.216856 -653.687109 -652.202428 -645.297645 -639.069797 -637.916406 -633.579278 -625.775777 -630.389308 -632.286354 -632.026099 -635.040336 -632.845719 -621.333488 -623.522543 -629.115503 -617.533925 -611.766681 -614.474001 -615.976516 -609.008910 -598.953282 -587.283914 -569.215373
-9999.0 -9999.0 -9999.0 -9999.0 -9999.0 -9999.0 -9999.0 -9999.0 -9999.0 -9999.0 -9999.0 -9999.0 -9999.0 -645.426491 -645.906390 -645.173943 -651.280301 -656.104758 -659.037349 -663.194425 -657.819145 -661.632115 -662.847634 -661.928758 -657.144615 -657.061885 -656.555694 -653.620905 -654.674005 -656.137457 -657.568378 -660.602524 -656.752043 -652.950778 -650.406156 -645.009313 -641.005982 -638.078251 -632.404591 -631.555116 -627.928851 -629.678549 -634.356297 -635.401815 -631.897387 -621.640377 -614.368664 -612.662883 -600.103420 -588.032420 -583.646658 -577.132536 -574.865248 -571.741932 -563.169631 -539.329345 -515.236617
-9999.0 -9999.0 -9999.0 -9999.0 -9999.0 -9999.0 -9999.0 -9999.0 -9999.0 -9999.0 -655.116694 -651.859448 -656.670937 -665.788468 -669.747448 -667.598354 -665.322245 -668.775519 -668.619665 -659.031143 -653.853525 -662.714674 -656.637407 -656.554902 -660.334492 -659.418898 -656.997819 -656.691397 -651.076472 -650.957580 -651.062459 -642.088953 -639.951290 -637.652832 -634.465606 -631.091551 -628.462555 -616.269995 -606.369776 -607.541192 -594.149452 -586.303495 -593.791519 -596.709132 -595.389504 -587.227590 -574.608791 -558.167664 -546.545854 -529.136542 -514.723510 -505.923503 -499.559651 -490.859398 -479.250925 -451.517579 -410.276533
-9999.0 -9999.0 -9999.0 -9999.0 -9999.0 -9999.0 -9999.0 -9999.0 -668.399756 -663.080364 -659.791016 -663.945147 -669.536239 -679.895444 -675.869547 -672.022964 -669.435163 -665.568528 -663.763829 -662.276478 -664.659750 -661.449517 -655.510723 -657.206071 -656.607750 -652.797508 -652.802623 -649.534859 -644.475721 -647.246413 -644.752254 -640.345434 -636.572986 -633.247251 -629.281457 -627.243793 -615.226637 -600.140885 -585.340193 -574.244775 -559.132315 -541.723721 -545.440925 -544.502742 -544.846680 -525.834318 -504.218807 -480.212232 -449.807252 -415.294893 -375.237280 -346.816277 -320.279594 -262.660269 -167.528165 -132.815359 -105.244858
-9999.0 -9999.0 -9999.0 -9999.0 -9999.0 -9999.0 -676.533640 -664.657899 -658.993947 -672.205715 -682.669050 -686.186491 -692.525482 -678.587320 -666.774158 -664.593743 -662.906140 -660.889570 -662.053479 -669.827067 -652.504684 -657.236904 -660.805242 -655.729116 -656.190714 -655.802070 -652.639530 -645.540968 -642.763172 -629.350413 -620.421929 -613.140898 -603.197134 -597.705854 -592.260076 -586.518870 -570.110209 -549.289391 -527.470968 -508.420042 -489.122842 -464.070747 -452.696418 -445.282129 -435.109839 -416.697286 -377.689104 -292.245217 -160.244945 -107.286057 -80.496493 -67.197033 -51.458135 -27.325259 3.471657 21.790831 30.480374
-9999.0 -9999.0 -9999.0 -9999.0 -670.180837 -667.502387 -669.653664 -659.397510 -652.428684 -668.245311 -662.467933 -665.298233 -670.592007 -677.069076 -684.887563 -679.154213 -675.842851 -673.601478 -674.690464 -657.723205 -643.690277 -653.082459 -646.338218 -633.322882 -636.552812 -635.263153 -634.778791 -629.359077 -619.809570 -608.492054 -583.468490 -563.571984 -553.098358 -541.482503 -531.221481 -517.900871 -497.494452 -469.321729 -432.173310 -387.519180 -322.634130 -196.825742 -142.171982 -123.736406 -111.141142 -97.956891 -77.684529 -40.139237 4.905900 31.745210 35.333639 36.943795 37.804682 39.491827 41.351897 43.049002 44.330122
-9999.0 -9999.0 -9999.0 -677.722640 -665.882966 -661.555990 -667.084473 -664.957777 -656.213713 -664.808098 -666.368563 -667.916053 -668.858097 -668.674757 -669.399170 -666.194223 -665.530440 -667.807438 -665.407769 -655.549393 -651.507545 -644.123672 -638.835954 -630.898760 -624.198887 -621.951413 -618.479171 -609.661319 -587.995904 -568.542034 -537.522046 -500.319627 -470.042288 -445.426412 -426.946223 -400.463262 -368.335141 -264.404584 -152.840469 -99.258689 -55.675667 -10.401255 19.393812 29.077124 31.524060 32.249365 34.284181 37.065052 39.753045 42.946239 45.786766 47.940350 49.023555 49.560762 51.340685 54.733068 63.256672
-9999.0 -9999.0 -675.843360 -669.006821 -673.583777 -665.216071 -656.016440 -662.394999 -651.596875 -648.248722 -659.056060 -652.963125 -649.933155 -656.709105 -652.610514 -648.070629 -645.594225 -653.344292 -658.943367 -648.084267 -625.412390 -609.134048 -604.074433 -568.334109 -552.468878 -542.437050 -539.972044 -526.624136 -508.484617 -472.542463 -421.974555 -351.110774 -203.099172 -139.470114 -118.468726 -102.345942 -77.765102 -42.479771 2.729243 29.985331 35.969238 39.717522 42.766062 43.798379 43.889551 45.359719 47.535114 49.705368 51.941981 60.415414 75.414125 75.621782 75.193125 74.909596 74.943505 74.607578 74.575250
-9999.0 -9999.0 -683.818560 -672.424803 -680.233926 -662.899227 -647.069767 -662.318093 -657.599459 -641.867234 -646.165937 -644.491184 -647.218239 -647.133661 -640.965425 -628.440155 -634.864286 -636.996218 -651.763861 -618.876969 -594.266146 -560.601493 -507.189910 -460.822046 -428.107583 -425.848669 -424.542109 -408.275712 -372.916437 -229.085574 -134.972999 -73.433862 -13.078228 20.877675 31.934962 33.999344 36.468228 39.311133 41.815991 46.622725 48.390702 50.532768 55.962220 71.143370 76.738364 76.066517 75.615950 74.999765 74.887133 74.423722 74.189581 70.823833 70.036908 70.398219 71.143175 66.930050 61.261360
-9999.0 -686.922655 -681.093615 -680.644264 -669.164207 -672.778921 -659.631317 -641.322229 -642.071674 -635.683452 -635.774718 -646.938725 -615.961264 -591.825586 -585.878309 -567.034513 -575.950622 -581.117228 -596.580143 -573.427085 -540.843899 -460.831036 -264.069929 -152.836013 -116.058029 -113.151905 -119.588475 -109.446561 -82.706861 -29.698598 26.824289 37.713791 44.390815 49.003569 50.121703 49.860474 51.809157 63.651272 78.301214 79.844845 79.955783 79.362961 74.689252 74.695002 74.311134 74.677920 71.498595 66.164054 58.977023 53.923394 51.042208 50.043869 50.691548 51.912188 53.311353 50.981598 50.225681
-9999.0 -704.786485 -682.053919 -669.012964 -673.828755 -683.211856 -653.122037 -610.527355 -625.827641 -630.487725 -633.781508 -614.259297 -557.808581 -515.735378 -487.420592 -451.655011 -455.510885 -469.060989 -470.375821 -441.767012 -377.300875 -193.149820 -48.379949 32.127385 33.984573 35.657160 36.429885 39.421782 43.517590 47.616987 50.911213 67.015133 68.758464 68.572044 68.354872 68.418819 68.201284 68.422833 65.205584 61.920726 57.638377 57.559220 60.729287 60.510742 58.172562 55.793963 51.452214 50.241170 49.745820 49.387931 49.300045 49.082068 48.988403 49.420354 49.071204 48.803689 48.311985
-9999.0 -686.943126 -661.862712 -668.081563 -689.125279 -659.477928 -647.965704 -619.244736 -599.352018 -607.722227 -587.171162 -523.389378 -440.462490 -315.676940 -173.401311 -135.251241 -124.623420 -134.525738 -125.763864 -93.946086 -41.608417 31.589479 41.973902 51.979325 56.976950 56.996725 56.430036 56.802702 56.902729 56.717170 56.351461 54.251260 58.321761 60.099808 58.909796 56.157181 51.970888 49.723340 49.264194 49.252415 49.030940 49.254761 49.908506 50.117493 49.851465 49.559039 49.294037 49.044885 48.781813 48.306722 48.274055 48.070237 48.095454 47.710969 47.407775 47.296707 46.546538
-9999.0 -718.531441 -680.883748 -712.452212 -670.120378 -635.860772 -641.418269 -595.881623 -549.781382 -546.765114 -476.659739 -360.355927 -149.306383 -49.798234 6.897363 33.213810 36.690321 39.372638 42.967325 44.205995 52.286473 65.952161 65.809720 64.753769 56.310442 56.412495 50.951918 48.138784 47.201073 46.365826 46.722713 47.818886 48.556962 49.566328 49.040910 49.193628 49.208241 49.011043 49.157141 48.498809 47.922617 47.541611 47.577435 48.918516 48.172216 48.049771 47.762476 47.326626 46.755157 46.171039 45.500507 44.815378 44.716202 44.058987 44.440821 44.229026 40.816890
-9999.0 -742.353056 -714.802562 -695.612485 -659.682872 -635.389434 -613.445457 -567.800362 -485.307227 -437.702579 -331.327395 -170.241365 -38.150272 32.747547 43.562161 47.017271 54.206055 54.741555 54.941923 49.794649 44.322878 43.346521 45.146861 47.802026 48.330011 48.767850 47.481473 46.608037 46.472238 46.989515 46.931842 46.835379 46.630074 46.254656 45.703965 45.846786 46.716592 46.211483 45.780888 45.582882 45.480228 44.942029 44.503357 44.246913 44.183719 44.640749 44.072976 43.151405 41.839780 40.417405 38.807390 37.605047 37.183008 36.390799 35.420678 33.715492 17.375397
-9999.0 -799.865864 -705.525047 -696.015784 -674.370490 -668.041277 -662.612057 -623.328201 -573.068717 -441.075170 -196.237008 -115.126843 -31.657414 21.539142 37.163164 44.879056 45.624045 41.122119 38.063740 36.878977 38.460819 40.141428 41.483647 43.456837 44.814188 45.594893 45.677566 44.937653 43.512487 42.951745 42.250350 40.165519 38.466114 38.156637 37.789666 38.693264 39.255293 37.921822 36.512533 34.856170 33.518467 32.577614 32.463135 32.806956 32.920505 32.704978 31.920985 29.426121 14.155911 -11.556505 -36.163571 -51.544865 -63.855413 -76.848222 -89.891653 -105.676272 -148.029592
-9999.0 -9999.0 -746.990196 -695.471906 -690.025856 -682.995967 -676.937376 -644.375361 -614.253346 -522.440532 -452.192086 -364.531823 -199.084256 -126.305158 -76.236868 -37.177617 -23.371788 -4.174521 -19.099270 -6.042820 16.468352 26.729702 30.625402 31.817882 33.026354 33.820684 34.565094 34.569933 33.571300 30.944663 10.130175 -22.150928 -45.897432 -57.701086 -50.472568 -38.896254 -42.072380 -50.465856 -62.128054 -75.394553 -85.542506 -95.803654 -98.096295 -96.778585 -96.321584 -98.406419 -102.922508 -117.319450 -144.875509 -216.392694 -281.944238 -311.768852 -332.413565 -357.620227 -378.710881 -399.731887 -431.936113
-9999.0 -9999.0 -810.539122 -721.750857 -688.325167 -666.137703 -670.082351 -667.494722 -621.647265 -603.900672 -579.338894 -543.671557 -504.440441 -461.788835 -420.311150 -355.213515 -309.272249 -282.189767 -285.450736 -252.658079 -160.574192 -127.355152 -114.889149 -106.190148 -97.689125 -89.863561 -82.872193 -92.352812 -102.233829 -120.427151 -159.315962 -262.198186 -324.508069 -342.743596 -330.334881 -307.105810 -318.266110 -343.269840 -370.373799 -395.449227 -412.470850 -427.848865 -432.469747 -433.640061 -433.652298 -436.696525 -441.469902 -454.266065 -469.665880 -480.168619 -486.826784 -492.305898 -494.343392 -500.488134 -507.924102 -511.215593 -524.160066
