tests/Borden05m/data_simulated/sim_1/output-maps/psiliqL0019N0014.asc
ncols         160
nrows         34
xllcorner     620200.000000
yllcorner     5168000.000000
cellsize      0.500000
NODATA_value  -9999.0
[rows 0 to 24 of 34, columns 55 to 109 of 160]
-9999.0 -9999.0 -9999.0 -9999.0 -9999.0 -9999.0 -9999.0 -9999.0 -9999.0 -9999.0 -9999.0 -9999.0 -9999.0 -9999.0 -9999.0 -9999.0 -9999.0 -9999.0 -9999.0 -9999.0 -9999.0 -9999.0 -9999.0 -9999.0 -9999.0 -9999.0 -9999.0 -9999.0 -9999.0 -9999.0 -9999.0 -9999.0 -9999.0 -9999.0 -9999.0 -9999.0 -9999.0 -9999.0 -9999.0 -9999.0 -9999.0 -9999.0 -9999.0 -9999.0 -9999.0 -9999.0 -9999.0 -9999.0 -9999.0 -9999.0 -9999.0 -9999.0 -9999.0 -9999.0 -9999.0
-9999.0 -9999.0 -9999.0 -9999.0 2033.811799 2028.575322 2023.859559 2019.545031 2011.298351 2002.519080 1994.857047 1991.274550 1990.726946 1990.387730 1990.344925 1995.847934 2004.274901 2012.256564 2019.580737 2022.229380 2024.853397 2027.135585 2027.721689 2026.749095 2023.737272 2020.652819 2017.439469 2015.984759 2008.365916 1997.208607 1988.705399 1986.013567 1990.306763 1994.662694 1997.056500 2002.458743 2012.826865 2023.248268 2031.402412 2043.148434 2049.045398 2053.771730 2056.044477 2051.467739 2047.538207 2043.204642 2037.280413 2026.009973 -9999.0 -9999.0 -9999.0 -9999.0 -9999.0 -9999.0 -9999.0
1978.675542 1997.760948 2018.527837 2021.929268 2010.407418 2005.610051 2002.718265 2001.249159 1997.115809 1989.006211 1984.295854 1979.342581 1977.595546 1978.101325 1978.545899 1982.895355 1993.744674 2002.002886 2006.991838 2009.838574 2012.790122 2012.124715 2011.689295 2011.610927 2008.908338 2005.627937 2002.396508 2000.708998 2001.725445 1994.225572 1988.566150 1984.948352 1982.666473 1985.224773 1987.672398 1991.487844 2000.638184 2008.418646 2016.148204 2030.418113 2042.722291 2047.669769 2044.605860 2039.235511 2034.869487 2027.344460 2016.579749 2006.124225 1997.107099 1990.103973 1984.051980 1977.324254 1982.780643 1989.229944 1998.140843
1963.514018 1983.179413 2003.862585 2006.922215 1996.675792 1988.995239 1983.542245 1984.342521 1987.820218 1984.941405 1980.736661 1974.957899 1984.634912 1986.263488 1987.671495 1991.368651 1994.336284 1998.761787 2001.682339 2007.298789 2016.497222 2019.454089 2020.131766 2020.406281 2018.668130 2015.635989 2013.894229 2011.244761 2006.117069 2004.773145 2004.805446 2004.078096 2008.598519 2010.036218 2012.229476 2005.988140 2009.771229 2015.763349 2022.363765 2028.071425 2034.061862 2036.855346 2033.000430 2032.171148 2023.145465 2008.789507 1997.695703 1989.175815 1987.768616 1984.061286 1975.453820 1961.500242 1968.345094 1983.335348 1987.237526
1970.075517 1979.688604 1991.392812 1994.630588 1990.070823 1992.276188 1994.452173 1996.330280 1995.163035 1992.466166 1989.920724 2001.968512 2011.351401 2013.450003 2016.624737 2020.873976 2021.399275 2010.395864 2008.500670 2016.574460 2026.793620 2032.466587 2032.842991 2032.794029 2030.136019 2029.192028 2029.014823 2027.119324 2027.373748 2029.450277 2028.332945 2032.170818 2037.709719 2040.772583 2034.051492 2025.138225 2026.469034 2034.357140 2042.747207 2049.866599 2059.839192 2070.347904 2069.279605 2063.464085 2053.936651 2040.112657 2016.353579 1997.018977 1985.330607 1976.963145 1968.865841 1969.336909 1964.609638 1976.135631 1976.977978
1965.025974 1984.366615 2005.610940 2013.153423 2007.804354 2003.965318 2002.521888 2003.827695 2004.082602 2006.514751 2017.810045 2031.207365 2044.776159 2047.723943 2050.423695 2050.043492 2042.092890 2032.239107 2029.343345 2043.698117 2060.423414 2068.706563 2068.998062 2066.777544 2072.047058 2071.490634 2070.914977 2066.861754 2068.393621 2068.149892 2076.008765 2083.637465 2091.070678 2089.405113 2077.126251 2065.162582 2064.141684 2067.937213 2072.640663 2079.111002 2088.810964 2097.646945 2092.012549 2085.035948 2075.440349 2047.373017 2021.387308 2004.831114 2004.117046 2003.551284 1997.861481 1994.194707 1990.993632 1984.329487 1983.177409
2009.355052 2030.406518 2051.278956 2066.485982 2061.289036 2054.245544 2045.613997 2046.722948 2049.223688 2056.916507 2069.305571 2085.155222 2108.621477 2110.450813 2112.860663 2114.191981 2102.745190 2090.526169 2080.336374 2100.350439 2111.173134 2119.282076 2119.191379 2126.986063 2136.389755 2132.425243 2125.359994 2114.445099 2120.522474 2129.946482 2145.036459 2152.292304 2156.702467 2153.853999 2141.406548 2135.082225 2134.797020 2138.675039 2137.583829 2143.549840 2152.572979 2166.880805 2165.257968 2158.052791 2135.931717 2098.164660 2065.177288 2047.266858 2054.416992 2046.967469 2039.128936 2035.876308 2022.123384 2011.803429 2011.852495
2055.720460 2072.469054 2090.632000 2108.833940 2103.013103 2093.459734 2079.576934 2078.673735 2085.387458 2096.166599 2115.067699 2136.204332 2158.710475 2163.129609 2162.359692 2172.383121 2166.300382 2156.813634 2149.333201 2165.337575 2176.678855 2187.790950 2195.811595 2208.556129 2219.644631 2207.082638 2192.984616 2185.611080 2191.702705 2214.005810 2233.487533 2238.386820 2238.550440 2239.615158 2227.677387 2221.773921 2216.495419 2213.618800 2208.952648 2205.456390 2226.216234 2244.210827 2242.418975 2219.186300 2194.964726 2156.504128 2117.963461 2088.413419 2092.891811 2088.753722 2088.497132 2074.596100 2059.693893 2046.271435 2038.643251
2125.769111 2152.228990 2171.732411 2193.856486 2191.087271 2172.492648 2161.857618 2166.396002 2180.083035 2188.250478 2205.514013 2226.860509 2256.149696 2273.668693 2289.645537 2294.506675 2287.048105 2278.691411 2266.489681 2268.065666 2288.420695 2300.709515 2310.539463 2320.318360 2332.873169 2336.142983 2331.722776 2330.738127 2334.525501 2344.433457 2355.781758 2362.413180 2366.576188 2370.400421 2362.266521 2350.833938 2346.521782 2339.166788 2334.640478 2332.471116 2338.449912 2353.020763 2349.640025 2318.084327 2290.262348 2255.805276 2217.444773 2186.223764 2172.962833 2183.700099 2175.597667 2157.225776 2140.760648 2108.927998 2096.498691
2213.433440 2248.523109 2275.421371 2289.242589 2300.836456 2292.487494 2293.291738 2298.120543 2306.561223 2311.340388 2319.089632 2351.799376 2386.211963 2413.783867 2437.695671 2446.161420 2435.403100 2426.049991 2413.779142 2404.962017 2412.458918 2428.347382 2445.554813 2460.898095 2472.166275 2475.102309 2473.692576 2473.953554 2476.589581 2479.508118 2483.048858 2490.200252 2497.683049 2507.646649 2517.240477 2509.025092 2491.369666 2480.222931 2468.393485 2464.899519 2464.157820 2464.280027 2463.888980 2451.186301 2414.100120 2383.309194 2350.651831 2325.292197 2306.873069 2298.042614 2277.657407 2253.237303 2203.945626 2164.241521 2130.162966
2317.421589 2360.367460 2391.021039 2412.738809 2427.673532 2428.758737 2431.767350 2434.464962 2440.073704 2444.643695 2450.323957 2475.305708 2515.703057 2554.335611 2585.118344 2587.598279 2576.602667 2566.119929 2556.604911 2544.434158 2540.955130 2551.079621 2564.205329 2582.183342 2593.058255 2600.861797 2598.430139 2598.786896 2600.338286 2602.090626 2603.948053 2606.681666 2614.955103 2628.394571 2641.039658 2640.932917 2624.691823 2607.492461 2590.605243 2585.254966 2580.401257 2574.363012 2574.744191 2575.082589 2562.739092 2533.676778 2494.460893 2452.088824 2429.224751 2409.708172 2396.273129 2378.706679 2344.914706 2285.257103 2249.627233
2443.734770 2475.481373 2506.581027 2538.036502 2555.726362 2561.714179 2561.608538 2562.900418 2570.825568 2576.062952 2584.524566 2601.098875 2629.347033 2661.738092 2690.145687 2706.785101 2701.417437 2686.554759 2667.158685 2659.832787 2657.795867 2660.534498 2668.429365 2678.653105 2695.913484 2713.463921 2720.242767 2721.113060 2717.566281 2720.941143 2722.485146 2722.630126 2724.568352 2731.051579 2739.273722 2741.917344 2735.160063 2715.189664 2693.089835 2679.835930 2671.771798 2667.211877 2665.970755 2668.309878 2668.735826 2654.608313 2621.979480 2580.260892 2547.722419 2527.995912 2512.038752 2495.961110 2482.676166 2455.450776 2434.809822
2562.823923 2578.591527 2606.592666 2635.081599 2658.831700 2675.111856 2678.157788 2683.265507 2688.729817 2697.899117 2713.775105 2736.665589 2753.720313 2773.684646 2797.668429 2812.124586 2817.661986 2817.021844 2814.331132 2815.660890 2815.698025 2771.323153 2775.680792 2780.018907 2791.895180 2803.468771 2807.705567 2808.165610 2806.256559 2807.906305 2808.557119 2808.607207 2808.235478 2809.295372 2812.725068 2813.848558 2811.785025 2801.693575 2811.839924 2793.147554 2780.211646 2772.039610 2763.695864 2754.850421 2744.784399 2734.132883 2713.947642 2684.410540 2650.059814 2625.234243 2614.369044 2606.451612 2597.438248 2590.414209 2573.036781
2670.158928 2682.318917 2700.233911 2722.476540 2754.993431 2776.904820 2788.376698 2797.736794 2802.856386 2816.180800 2831.361428 2821.423682 2827.666262 2833.941594 2840.054384 2842.094820 2842.545352 2842.017151 2839.375893 2838.386755 2835.880864 2831.367103 2821.003280 2822.148837 2823.547325 2825.887649 2829.397354 2828.119376 2829.082811 2832.045028 2830.458927 2824.743288 2820.914216 2819.287086 2819.901066 2826.992518 2830.088077 2830.739745 2828.414027 2827.502083 2826.703435 2824.223253 2821.137075 2816.769564 2811.091196 2819.614314 2807.936710 2781.897795 2744.792719 2705.138818 2693.470306 2691.119765 2690.039926 2686.560863 2679.484964
2794.027741 2807.539555 2822.009876 2810.280223 2826.959180 2835.637465 2839.833986 2843.380110 2846.067271 2848.186412 2845.045171 2841.759274 2836.830563 2835.158202 2833.491571 2830.669832 2830.808238 2828.338798 2823.745651 2819.288878 2811.379867 2799.590632 2787.734470 2784.142636 2788.118484 2793.066447 2797.547852 2801.197141 2804.624590 2805.162121 2800.114256 2792.065425 2784.824425 2783.024561 2789.602359 2795.165557 2800.978835 2801.771106 2800.517039 2798.505362 2798.801015 2796.347329 2797.123122 2804.235723 2818.430549 2822.885415 2827.070631 2826.298003 2814.107174 2792.032040 2793.425636 2773.236593 2777.224571 2771.827203 2759.595021
2837.357624 2839.879091 2839.125132 2837.942733 2831.988167 2826.132402 2825.303681 2829.026967 2835.616985 2836.381987 2828.920018 2819.963045 2812.295302 2804.570619 2801.612327 2799.916638 2798.646776 2798.088816 2791.943116 2782.476147 2765.297577 2752.875484 2740.981069 2734.333455 2730.944708 2734.709671 2744.835795 2755.408473 2760.093057 2752.133679 2744.263811 2733.166737 2725.207412 2725.585964 2727.264599 2736.502335 2751.860367 2758.071202 2759.158916 2753.937506 2749.152631 2743.715172 2742.060230 2749.512667 2765.348925 2782.116037 2797.268279 2806.315169 2814.057798 2820.881935 2821.940271 2823.823054 2824.682906 2822.809844 2823.188818
2832.674343 2826.001051 2819.172170 2813.787568 2806.907933 2800.912046 2798.564643 2800.052244 2801.727503 2797.210791 2789.735442 2778.500676 2766.552104 2755.857287 2747.911335 2747.676250 2748.784294 2748.963797 2741.099832 2725.128059 2705.399172 2691.052447 2676.380307 2671.683233 2665.731533 2659.368199 2669.281447 2687.291016 2693.881529 2679.169426 2668.896799 2654.380207 2647.555866 2644.151624 2645.441399 2654.736817 2676.024461 2697.993614 2700.240856 2690.802987 2681.690151 2678.171537 2676.565258 2683.309066 2701.788751 2724.188440 2740.756404 2751.737419 2758.120909 2766.809800 2776.894234 2790.774124 2805.114291 2816.976915 2823.640523
2806.563754 2798.396391 2790.198270 2781.931191 2774.117723 2766.796469 2761.504471 2758.404882 2754.010331 2746.805991 2738.362809 2718.219109 2704.635027 2690.978560 2675.489611 2670.566238 2665.455894 2665.639617 2653.324472 2643.420487 2625.667326 2609.572819 2593.052245 2580.428092 2574.078073 2567.362915 2568.168671 2582.245275 2590.754201 2579.428687 2569.526702 2557.977251 2552.824779 2549.682352 2552.083943 2562.683535 2583.768138 2602.704967 2611.088943 2604.453000 2602.512864 2602.934858 2603.095216 2610.514437 2624.318031 2644.099314 2666.984868 2685.872441 2696.880956 2705.476316 2716.315009 2732.724646 2747.774395 2762.666417 2780.787052
2771.315914 2761.164415 2750.426451 2739.824742 2728.091305 2715.053846 2707.437000 2708.025945 2700.358358 2692.957533 2672.511468 2620.961709 2600.007802 2580.291292 2563.275530 2555.747151 2546.576625 2533.238286 2523.341983 2516.954434 2514.073948 2498.524282 2479.668090 2462.040733 2456.472376 2452.204556 2438.542923 2438.103746 2439.702338 2450.092100 2443.501073 2440.221154 2440.369227 2438.153402 2440.627066 2454.131067 2464.249313 2472.520319 2479.783086 2482.649449 2492.664183 2501.928654 2510.834673 2528.816475 2542.375743 2560.189195 2582.584046 2608.987794 2625.072028 2636.184587 2648.275880 2664.857975 2682.533427 2701.322577 2724.778752
2729.305824 2711.784051 2696.577018 2681.285982 2667.431835 2653.867476 2638.132356 2638.037920 2633.714231 2622.703394 2572.713219 2529.806845 2494.611130 2475.640778 2451.555982 2437.766190 2422.554011 2388.805762 2371.974152 2368.136517 2377.693790 2370.850904 2354.570337 2341.355320 2332.185931 2323.764087 2308.072990 2293.746765 2299.041374 2314.525024 2313.054847 2314.228446 2320.521624 2319.694036 2314.846892 2316.315391 2329.877031 2337.165117 2348.461538 2364.143875 2369.862261 2384.075585 2415.649987 2430.428512 2447.149853 2468.014590 2490.893006 2515.828263 2539.311762 2554.847126 2571.540242 2591.964943 2610.410490 2632.472136 2656.822102
2670.302057 2640.574410 2619.383085 2601.155193 2581.376114 2556.085252 2534.454820 2530.593029 2522.453680 2496.300743 2444.710852 2405.685926 2378.512456 2355.608887 2331.109006 2308.564778 2274.698605 2240.742794 2219.042683 2229.394683 2238.203021 2244.430527 2231.634198 2219.749013 2209.683848 2193.419223 2177.155657 2162.870196 2172.659357 2181.189722 2195.352318 2200.803550 2204.781388 2209.379257 2208.387098 2200.893666 2200.922377 2209.869469 2220.632019 2232.779900 2251.668781 2285.661975 2311.600087 2330.798469 2352.924156 2374.097537 2397.841095 2422.869213 2446.922919 2465.437781 2485.798841 2507.307869 2530.254628 2552.052423 2577.620012
2586.507593 2557.819036 2530.390916 2506.163797 2474.754404 2430.600490 2414.504972 2404.240777 2385.207373 2341.830566 2299.073834 2270.928988 2252.379424 2227.864780 2204.949250 2176.267583 2143.148887 2118.970486 2098.223872 2106.445842 2114.768400 2130.480925 2120.092205 2111.150989 2106.551328 2091.339368 2077.706473 2062.123965 2068.912622 2080.013096 2100.653614 2105.904565 2109.883917 2118.396462 2117.809771 2114.538302 2101.356918 2109.482219 2120.741375 2135.724114 2165.952070 2190.350946 2214.583890 2237.372858 2258.663744 2282.511825 2307.251760 2332.485791 2360.333620 2381.714696 2402.560028 2425.826561 2447.455217 2465.679093 2486.187101
2471.375025 2445.869169 2424.081875 2398.954294 2358.252612 2313.607729 2274.614629 2251.716155 2205.120321 2170.030098 2142.709332 2133.928612 2118.498704 2096.817975 2076.142334 2055.353987 2031.284716 2010.468822 1985.553248 1989.824794 2003.737490 2019.054602 2017.006985 2015.769082 2013.408331 2003.174104 1989.581413 1975.956549 1979.602217 1995.820915 2013.320804 2022.314729 2029.709478 2037.582461 2037.766304 2029.777474 2020.894487 2026.541120 2041.909030 2058.810487 2078.672230 2100.929315 2123.290842 2144.936738 2168.783399 2193.175633 2217.994993 2244.837021 2273.614350 2296.269166 2321.698804 2347.978936 2367.783093 2380.092846 2392.665032
2360.903621 2339.517894 2315.087185 2287.237076 2245.131304 2203.860880 2161.756481 2117.585539 2083.834209 2053.422662 2041.360438 2024.093094 2008.445225 1992.002955 1971.084480 1953.096807 1936.292639 1914.451111 1900.745741 1906.817992 1919.749104 1928.926019 1933.732288 1931.082051 1928.325606 1921.805426 1907.950943 1901.200647 1910.511990 1925.760010 1939.990046 1951.037392 1958.000588 1963.730985 1961.098557 1952.677274 1948.857405 1957.414454 1973.375798 1988.016828 2004.523621 2026.206458 2047.748524 2070.363915 2094.028955 2117.501062 2143.445581 2170.192018 2197.658811 2225.692191 2250.245705 2272.407945 2284.234866 2296.477078 2301.588338
2230.178183 2215.766349 2189.660238 2160.995008 2129.723393 2093.894937 2066.348581 2034.187991 2003.325136 1973.333900 1947.371066 1932.645682 1924.532734 1910.563939 1892.398817 1880.010355 1863.694360 1850.180212 1853.274141 1854.946177 1864.063496 1863.300979 1863.910285 1861.103914 1860.183074 1856.980703 1848.864264 1858.552402 1865.486786 1879.410437 1889.789612 1899.449535 1905.548741 1909.517046 1910.319840 1905.425591 1910.567134 1917.453814 1931.893298 1943.786622 1958.468894 1979.310941 1997.084328 2017.005904 2040.101781 2064.002588 2089.019674 2115.776998 2144.741912 2170.710338 2190.758255 2200.321648 2211.891567 2217.115958 2210.399042
