tests/Borden05m/data_simulated/sim_1/output-maps/psiliqL0012N0018.asc
ncols         160
nrows         34
xllcorner     620200.000000
yllcorner     5168000.000000
cellsize      0.500000
NODATA_value  -9999.0
[rows 0 to 24 of 34, columns 0 to 56 of 160]
-9999.0 -9999.0 -9999.0 -9999.0 -9999.0 -9999.0 -9999.0 -9999.0 -9999.0 -9999.0 -9999.0 -9999.0 -9999.0 -9999.0 -9999.0 -9999.0 -9999.0 -9999.0 -9999.0 -9999.0 -9999.0 -9999.0 -9999.0 -9999.0 -9999.0 -9999.0 -9999.0 -9999.0 -9999.0 -9999.0 -9999.0 -9999.0 -9999.0 -9999.0 -9999.0 -9999.0 -9999.0 -9999.0 -9999.0 -9999.0 -9999.0 -9999.0 -9999.0 -9999.0 -9999.0 -9999.0 -9999.0 -9999.0 -9999.0 -9999.0 -9999.0 -9999.0 -9999.0 -9999.0 -9999.0 -9999.0 -9999.0
-9999.0 -9999.0 -9999.0 -9999.0 -9999.0 -9999.0 -9999.0 -9999.0 -9999.0 -9999.0 -9999.0 -9999.0 -9999.0 -9999.0 -9999.0 -9999.0 -9999.0 -9999.0 -9999.0 -9999.0 -9999.0 -9999.0 -9999.0 -9999.0 -9999.0 -9999.0 -9999.0 -9999.0 -9999.0 -9999.0 -9999.0 -9999.0 -9999.0 -9999.0 -9999.0 -9999.0 -9999.0 -9999.0 -9999.0 -9999.0 -9999.0 -9999.0 -9999.0 -9999.0 -9999.0 -9999.0 -9999.0 -9999.0 -9999.0 -9999.0 -9999.0 -9999.0 -9999.0 -9999.0 -9999.0 -9999.0 -9999.0
-9999.0 -9999.0 -9999.0 -9999.0 -9999.0 -9999.0 -9999.0 -9999.0 -9999.0 -9999.0 -9999.0 -9999.0 -9999.0 -9999.0 -9999.0 -9999.0 -9999.0 -9999.0 -9999.0 -9999.0 -9999.0 -9999.0 -9999.0 -9999.0 -9999.0 -9999.0 -9999.0 -9999.0 -9999.0 -9999.0 -9999.0 -9999.0 -9999.0 -9999.0 -9999.0 -9999.0 -9999.0 -9999.0 -9999.0 -9999.0 -9999.0 -9999.0 -9999.0 -9999.0 -9999.0 -9999.0 -9999.0 492.972168 475.682964 459.850031 457.786359 480.457864 503.921567 527.777616 548.445276 567.192436 586.260244
-9999.0 -9999.0 -9999.0 -9999.0 -9999.0 -9999.0 -9999.0 -9999.0 -9999.0 -9999.0 -9999.0 -9999.0 -9999.0 -9999.0 -9999.0 -9999.0 -9999.0 -9999.0 -9999.0 -9999.0 -9999.0 -9999.0 -9999.0 -9999.0 -9999.0 -9999.0 -9999.0 -9999.0 -9999.0 -9999.0 -9999.0 -9999.0 -9999.0 -9999.0 -9999.0 -9999.0 -9999.0 -9999.0 -9999.0 -9999.0 540.327384 546.262067 547.624829 537.143003 526.004970 513.987016 494.108718 476.381863 461.450943 458.960938 461.736080 467.099305 489.904853 514.590125 534.353234 551.629410 571.009673
-9999.0 -9999.0 -9999.0 -9999.0 -9999.0 -9999.0 -9999.0 -9999.0 -9999.0 -9999.0 -9999.0 -9999.0 -9999.0 -9999.0 -9999.0 -9999.0 -9999.0 -9999.0 -9999.0 -9999.0 -9999.0 -9999.0 -9999.0 -9999.0 -9999.0 -9999.0 -9999.0 -9999.0 -9999.0 -9999.0 -9999.0 -9999.0 -9999.0 -9999.0 447.784239 465.323124 483.501385 501.969838 518.748558 525.553015 531.442076 537.266548 533.275417 528.695710 517.484585 498.636713 479.214905 465.413746 463.297035 460.953711 465.442843 478.536162 495.456873 511.889718 533.022194 556.670067 566.144739
-9999.0 -9999.0 -9999.0 -9999.0 -9999.0 -9999.0 -9999.0 -9999.0 -9999.0 -9999.0 -9999.0 -9999.0 -9999.0 -9999.0 -9999.0 -9999.0 -9999.0 -9999.0 -9999.0 -9999.0 -9999.0 -9999.0 -9999.0 -9999.0 -9999.0 -9999.0 -9999.0 -9999.0 451.463789 445.649113 440.707674 439.368632 438.230177 437.251576 444.256836 456.523003 474.760916 496.512520 509.554895 516.881663 523.609126 524.493107 519.662199 517.757176 518.197399 506.584252 495.108310 484.388296 474.076288 472.835151 482.607838 496.860701 513.242370 528.334526 544.026885 555.749338 572.863639
-9999.0 -9999.0 -9999.0 -9999.0 -9999.0 -9999.0 -9999.0 -9999.0 -9999.0 -9999.0 -9999.0 -9999.0 -9999.0 -9999.0 -9999.0 -9999.0 -9999.0 -9999.0 -9999.0 -9999.0 -9999.0 -9999.0 -9999.0 421.287906 427.234590 433.862994 441.422724 442.476361 438.492698 433.018755 430.110692 428.774453 427.297008 431.938887 440.298688 454.097693 470.135168 492.108591 500.895553 507.335949 519.806252 522.571006 528.175515 532.393441 530.833326 528.236452 516.133516 507.237590 512.741191 518.963589 525.909782 534.023428 547.617947 563.438535 581.350835 602.189677 624.197199
-9999.0 -9999.0 -9999.0 -9999.0 -9999.0 -9999.0 -9999.0 -9999.0 -9999.0 -9999.0 -9999.0 -9999.0 -9999.0 -9999.0 -9999.0 -9999.0 -9999.0 -9999.0 -9999.0 395.970532 396.914974 398.128766 402.888358 403.882453 406.180422 413.313653 421.615728 424.058294 422.572248 421.270234 423.021771 425.953243 430.502902 442.122553 456.215119 470.665462 484.917936 506.084852 521.145165 535.147060 551.470139 550.831193 546.915708 545.216354 545.957375 546.620905 551.725472 555.174202 561.674609 567.197682 574.208269 583.851127 595.605802 614.499541 635.185620 655.959351 675.251919
-9999.0 -9999.0 -9999.0 -9999.0 -9999.0 -9999.0 -9999.0 -9999.0 -9999.0 -9999.0 -9999.0 -9999.0 -9999.0 -9999.0 -9999.0 -9999.0 367.217904 369.113049 371.353041 376.815004 379.644409 383.728614 390.762203 392.076950 396.036892 403.335583 408.462780 417.382380 425.596519 433.195936 439.457350 442.478804 450.388483 460.413898 472.701795 488.523095 510.597926 533.996027 550.741423 567.983959 585.411099 586.348053 585.618635 587.120648 588.155306 595.584393 613.900316 620.521032 623.237449 641.233048 656.049801 661.975715 670.254908 689.777074 714.405643 739.731765 770.724473
-9999.0 -9999.0 -9999.0 -9999.0 -9999.0 -9999.0 -9999.0 -9999.0 -9999.0 -9999.0 -9999.0 -9999.0 -9999.0 321.539556 325.725144 335.181512 344.072469 346.551127 350.778043 356.795938 369.098475 372.827597 379.216882 386.993331 398.878005 407.677550 417.133999 429.252614 438.042287 445.670664 453.190924 459.686484 473.642892 489.496180 505.909537 526.772867 549.286269 570.745605 592.208809 608.531476 623.174512 626.410308 625.728496 628.417097 636.945471 655.299265 675.181086 686.542067 707.086082 731.399507 746.180482 759.258490 768.952280 782.884373 804.722740 840.413893 877.228226
-9999.0 -9999.0 -9999.0 -9999.0 -9999.0 -9999.0 -9999.0 -9999.0 -9999.0 -9999.0 287.583709 290.051251 286.681771 286.912117 291.868880 303.925231 317.476543 324.276869 335.809891 356.690510 374.356172 378.066866 392.942671 403.291917 410.259241 421.183628 434.713768 448.067900 465.631732 478.847026 491.602003 512.382025 529.683742 547.021946 565.643145 586.660836 608.001644 638.263366 666.644870 681.282207 705.451063 718.686568 716.648521 717.582599 727.015418 744.747075 768.243431 794.269126 817.763557 844.773580 864.338573 879.627946 891.193898 904.386885 920.687013 955.005508 995.333375
-9999.0 -9999.0 -9999.0 -9999.0 -9999.0 -9999.0 -9999.0 -9999.0 263.245107 270.386697 276.630707 273.685852 269.170192 265.621096 279.104903 294.995879 311.088292 328.556154 344.692497 362.936894 378.626980 395.330893 415.270471 427.412273 439.590203 455.335881 469.596429 487.752369 509.899483 524.455578 543.276247 566.073905 586.300237 605.608511 625.550326 645.228394 674.091705 709.565528 743.397443 768.592571 797.926175 822.864001 823.696051 827.442955 832.941650 859.733703 890.396249 921.990199 949.092618 977.600407 1007.534517 1025.514554 1036.534030 1049.441876 1064.928441 1082.822208 1109.836682
-9999.0 -9999.0 -9999.0 -9999.0 -9999.0 -9999.0 236.732670 260.924073 275.854371 268.069060 259.004912 255.594074 251.899510 273.608292 295.371936 312.551265 329.508217 347.206663 363.921730 378.019691 412.763879 430.454940 445.634696 465.001320 479.984154 495.049675 513.276919 537.734062 561.327955 593.708375 622.891189 649.851279 678.038733 699.601098 720.119153 740.622147 773.915510 812.974156 851.091128 881.657359 910.008477 940.835712 949.589624 956.116064 964.286009 984.703690 1015.843793 1046.265979 1080.319077 1112.605815 1138.903463 1150.923084 1161.400968 1172.799598 1186.276977 1198.905358 1213.287415
-9999.0 -9999.0 -9999.0 -9999.0 203.314115 224.257514 244.567550 275.363155 298.004534 292.949221 300.025761 300.504911 299.091426 302.526472 309.179228 327.372606 345.819774 364.558874 383.197710 419.864003 463.584455 480.410954 506.641349 539.571227 554.315276 570.393198 587.420620 611.815689 641.322864 677.454674 724.670261 765.159628 793.356887 818.263314 840.948279 864.787088 899.259269 937.492906 974.822540 1009.545870 1039.859718 1065.397376 1078.991316 1087.308055 1099.259274 1115.189670 1135.940088 1162.784130 1193.204265 1224.955624 1250.089682 1264.278164 1272.347792 1282.840068 1293.551751 1305.964193 1318.321112
-9999.0 -9999.0 -9999.0 155.019920 193.625588 231.057665 258.376285 289.413224 321.428377 327.030609 335.936612 341.806940 347.719480 356.742525 366.248250 383.295043 398.894779 413.864849 436.066947 473.595841 510.157317 542.971116 576.459114 605.980809 628.777240 645.786643 664.905496 690.520234 732.050132 772.473833 825.002158 879.933015 918.513373 944.364523 966.788215 994.045257 1018.962970 1054.456787 1089.109365 1121.830175 1153.127946 1177.837241 1197.143903 1205.268455 1214.584625 1223.442016 1239.983526 1261.136993 1282.603282 1310.837263 1338.694964 1362.089989 1375.409970 1384.829374 1400.232799 1415.651392 1427.801385
-9999.0 -9999.0 108.189930 145.623293 180.334578 231.326821 284.209644 318.364947 359.446861 384.203692 391.576388 409.805941 426.758047 435.020168 451.629133 469.315025 485.570488 491.533311 507.498377 541.336147 594.216318 642.870511 670.130966 724.083051 758.113019 784.633589 801.678256 828.674661 864.168239 908.008872 958.020637 1008.474981 1048.075192 1079.898940 1096.481605 1115.488484 1138.196661 1161.320202 1194.014178 1222.676398 1252.826663 1278.437215 1300.322925 1308.356336 1313.645838 1328.891380 1351.818282 1375.969217 1398.950215 1421.061089 1428.371335 1437.551348 1442.008139 1444.790010 1448.594841 1451.315093 1452.752517
-9999.0 -9999.0 82.280797 126.816605 168.390893 236.713322 314.817259 352.552270 395.995780 441.733302 461.281675 486.166162 501.916539 515.825040 539.979012 563.536259 573.335422 579.438413 580.309518 636.827367 697.091516 754.144810 810.275709 874.316880 917.077977 931.143116 942.025828 962.307000 987.985711 1032.419823 1082.130150 1134.990800 1179.244733 1210.353935 1226.712788 1244.286026 1264.210949 1282.016203 1300.371140 1337.119817 1361.961187 1386.166285 1411.631876 1431.383639 1439.472269 1442.368936 1434.763182 1442.114088 1447.240647 1449.767443 1450.832452 1447.912490 1447.507226 1448.361899 1449.450813 1444.516510 1437.844558
-9999.0 -5.529726 46.550439 100.352013 170.268120 238.876300 323.896188 404.861187 459.580432 505.632757 535.612960 552.213215 596.854755 642.658393 669.384923 697.473554 699.272365 702.803572 695.169620 742.837489 796.154837 875.946449 985.633482 1039.523503 1077.629236 1079.183320 1074.537523 1087.880186 1113.258667 1156.796807 1222.405112 1269.296674 1320.378696 1358.758443 1373.564225 1380.266127 1397.274510 1416.488129 1411.873962 1429.562162 1437.820050 1444.938783 1446.502912 1448.509649 1449.782073 1450.201750 1447.217278 1441.019437 1433.265574 1427.589897 1423.420887 1418.753146 1420.996862 1424.037527 1424.654534 1417.459387 1409.032502
-9999.0 -40.337346 19.622285 91.829660 163.702273 236.430634 344.689871 482.269237 534.089494 571.654050 598.976238 632.424768 714.084464 780.340634 815.386921 857.970203 854.164084 844.658886 837.159267 872.184811 924.473682 998.225418 1130.488370 1209.739393 1229.148607 1238.167304 1244.747504 1269.825092 1304.965155 1340.315880 1373.334280 1383.332609 1407.271085 1420.119057 1425.354996 1428.327952 1432.450297 1433.891402 1432.714977 1430.045993 1426.250401 1427.226360 1431.886059 1432.247985 1429.723750 1426.624587 1420.820822 1412.776135 1406.452154 1400.915592 1397.324891 1393.642806 1391.602558 1391.310337 1386.668062 1380.471210 1370.618518
-9999.0 -67.468442 2.917826 67.743251 137.311719 257.396114 382.511591 516.155576 608.830096 648.501844 683.404498 760.130677 858.011193 948.218568 996.704094 1020.977013 1026.282663 1011.926870 1021.434311 1067.191799 1131.481210 1215.941277 1294.229889 1361.479653 1370.795164 1371.652156 1355.726885 1366.366217 1378.081097 1384.290019 1391.082776 1399.082445 1409.188453 1415.801830 1417.487370 1416.719467 1413.675526 1407.144896 1403.133661 1400.521051 1397.458264 1397.480400 1400.571603 1401.647912 1398.792689 1394.293004 1388.958858 1382.330090 1375.180821 1367.507340 1362.643631 1357.896596 1355.097491 1349.868503 1344.866329 1338.294782 1323.892546
-9999.0 -161.170652 -74.786829 -16.169257 108.503163 279.286248 405.674492 558.798545 701.594340 746.715512 828.925053 941.664649 1039.428714 1107.014909 1146.245783 1186.531467 1214.606750 1239.328503 1274.343330 1252.784797 1305.611973 1354.393789 1374.600959 1383.298210 1380.868621 1379.778891 1371.214812 1353.215646 1345.551615 1343.030659 1349.842897 1362.338419 1372.595120 1381.833557 1382.266450 1384.083250 1384.765689 1381.906914 1378.746616 1371.037732 1363.694764 1358.308094 1356.908700 1361.993814 1356.566110 1352.499088 1345.790224 1337.095881 1327.715848 1319.212040 1310.858333 1303.517218 1300.092150 1293.985954 1291.868238 1283.326311 1255.658289
-9999.0 -242.098253 -164.082884 -67.261097 77.926326 242.616299 381.425647 552.276693 754.249599 867.014124 980.712574 1045.496853 1114.688526 1174.808282 1234.868661 1276.053776 1298.340567 1308.125511 1304.354141 1315.554907 1290.563294 1288.213123 1306.740728 1331.418409 1341.576057 1343.315877 1333.855223 1323.580522 1318.435780 1320.468824 1323.196296 1326.215246 1328.645040 1329.738346 1328.618404 1331.401285 1336.312140 1330.883356 1323.081543 1315.453645 1308.423847 1300.423578 1295.043508 1291.648437 1289.779162 1288.815172 1280.816888 1269.981002 1258.962163 1250.251201 1241.994397 1235.744029 1232.755027 1227.410595 1219.466305 1207.171660 1179.437976
-9999.0 -335.239493 -216.732125 -117.984558 11.150005 150.642232 283.609106 451.881091 607.479068 822.362881 982.720240 1066.912775 1102.929470 1154.539572 1211.960835 1273.169192 1278.212569 1250.941129 1223.475598 1212.441086 1220.042671 1232.263262 1247.060719 1266.465063 1281.806495 1289.341801 1289.847329 1282.301191 1270.160330 1263.459549 1260.124361 1253.885254 1249.921565 1251.126319 1252.759518 1260.121654 1263.007606 1254.369830 1242.056078 1226.776486 1213.300483 1203.077082 1199.995719 1200.854857 1200.318157 1196.451167 1189.180757 1178.521879 1165.860586 1154.063072 1146.143199 1140.281792 1133.281139 1123.434358 1112.444541 1099.978824 1074.328435
-9999.0 -9999.0 -289.374564 -177.282349 -64.748921 61.885596 184.872237 336.009247 490.677333 675.915170 793.737314 910.685243 975.223341 1018.101706 1067.393499 1118.310088 1134.205311 1150.769965 1133.852147 1138.808358 1146.756843 1154.295820 1165.039254 1176.830489 1189.069629 1197.633170 1204.002455 1202.069789 1193.874892 1178.965590 1161.675780 1149.044946 1142.395163 1137.380385 1147.010205 1158.519892 1156.348468 1150.052833 1138.601175 1123.388397 1110.578549 1097.148851 1093.261004 1093.386766 1093.061682 1089.789845 1084.795636 1071.932603 1058.945989 1046.726840 1040.807338 1034.425471 1028.555986 1017.528548 1005.774313 992.634536 969.753490
-9999.0 -9999.0 -372.694979 -262.292568 -143.947355 -18.247803 87.083023 178.449626 335.859204 456.194115 559.975344 654.531313 731.950457 791.515467 834.758861 892.468388 928.463361 943.297813 959.481803 985.165567 1010.012858 1035.840012 1053.132778 1065.798760 1079.018875 1091.122106 1099.429138 1088.637683 1078.582614 1063.432621 1044.261641 1023.473414 1013.094057 1009.932114 1013.291592 1019.297924 1014.246512 1004.934473 990.996387 975.376153 962.384984 950.676423 946.342583 943.086300 941.611842 938.451765 934.880231 925.837687 914.158919 905.958487 897.580782 891.156959 887.618756 880.298417 870.583907 863.607725 845.966100
