tests/Borden05m/data_simulated/sim_1/output-maps/psiliqL0003N0016.asc
ncols         160
nrows         34
xllcorner     620200.000000
yllcorner     5168000.000000
cellsize      0.500000
NODATA_value  -9999.0
[rows 0 to 24 of 34, columns 0 to 55 of 160]
-9999.0 -9999.0 -9999.0 -9999.0 -9999.0 -9999.0 -9999.0 -9999.0 -9999.0 -9999.0 -9999.0 -9999.0 -9999.0 -9999.0 -9999.0 -9999.0 -9999.0 -9999.0 -9999.0 -9999.0 -9999.0 -9999.0 -9999.0 -9999.0 -9999.0 -9999.0 -9999.0 -9999.0 -9999.0 -9999.0 -9999.0 -9999.0 -9999.0 -9999.0 -9999.0 -9999.0 -9999.0 -9999.0 -9999.0 -9999.0 -9999.0 -9999.0 -9999.0 -9999.0 -9999.0 -9999.0 -9999.0 -9999.0 -9999.0 -9999.0 -9999.0 -9999.0 -9999.0 -9999.0 -9999.0 -9999.0
-9999.0 -9999.0 -9999.0 -9999.0 -9999.0 -9999.0 -9999.0 -9999.0 -9999.0 -9999.0 -9999.0 -9999.0 -9999.0 -9999.0 -9999.0 -9999.0 -9999.0 -9999.0 -9999.0 -9999.0 -9999.0 -9999.0 -9999.0 -9999.0 -9999.0 -9999.0 -9999.0 -9999.0 -9999.0 -9999.0 -9999.0 -9999.0 -9999.0 -9999.0 -9999.0 -9999.0 -9999.0 -9999.0 -9999.0 -9999.0 -9999.0 -9999.0 -9999.0 -9999.0 -9999.0 -9999.0 -9999.0 -9999.0 -9999.0 -9999.0 -9999.0 -9999.0 -9999.0 -9999.0 -9999.0 -9999.0
-9999.0 -9999.0 -9999.0 -9999.0 -9999.0 -9999.0 -9999.0 -9999.0 -9999.0 -9999.0 -9999.0 -9999.0 -9999.0 -9999.0 -9999.0 -9999.0 -9999.0 -9999.0 -9999.0 -9999.0 -9999.0 -9999.0 -9999.0 -9999.0 -9999.0 -9999.0 -9999.0 -9999.0 -9999.0 -9999.0 -9999.0 -9999.0 -9999.0 -9999.0 -9999.0 -9999.0 -9999.0 -9999.0 -9999.0 -9999.0 -9999.0 -9999.0 -9999.0 -9999.0 -9999.0 -9999.0 -9999.0 -583.112770 -587.170954 -592.042399 -593.386414 -587.907716 -585.339159 -582.923971 -581.248910 -579.680578
-9999.0 -9999.0 -9999.0 -9999.0 -9999.0 -9999.0 -9999.0 -9999.0 -9999.0 -9999.0 -9999.0 -9999.0 -9999.0 -9999.0 -9999.0 -9999.0 -9999.0 -9999.0 -9999.0 -9999.0 -9999.0 -9999.0 -9999.0 -9999.0 -9999.0 -9999.0 -9999.0 -9999.0 -9999.0 -9999.0 -9999.0 -9999.0 -9999.0 -9999.0 -9999.0 -9999.0 -9999.0 -9999.0 -9999.0 -9999.0 -582.983243 -581.118078 -579.638406 -582.346875 -583.574939 -583.516911 -586.463909 -589.819456 -593.256232 -592.277429 -592.204681 -594.518583 -590.679859 -587.523300 -586.308741 -585.272659
-9999.0 -9999.0 -9999.0 -9999.0 -9999.0 -9999.0 -9999.0 -9999.0 -9999.0 -9999.0 -9999.0 -9999.0 -9999.0 -9999.0 -9999.0 -9999.0 -9999.0 -9999.0 -9999.0 -9999.0 -9999.0 -9999.0 -9999.0 -9999.0 -9999.0 -9999.0 -9999.0 -9999.0 -9999.0 -9999.0 -9999.0 -9999.0 -9999.0 -9999.0 -592.118670 -588.588306 -586.940689 -585.358172 -583.070161 -583.741163 -584.313937 -582.682573 -584.143743 -584.274189 -586.166462 -589.685125 -593.225041 -595.227519 -593.211080 -593.892248 -593.864655 -592.048332 -590.843925 -590.313273 -587.714385 -583.633231
-9999.0 -9999.0 -9999.0 -9999.0 -9999.0 -9999.0 -9999.0 -9999.0 -9999.0 -9999.0 -9999.0 -9999.0 -9999.0 -9999.0 -9999.0 -9999.0 -9999.0 -9999.0 -9999.0 -9999.0 -9999.0 -9999.0 -9999.0 -9999.0 -9999.0 -9999.0 -9999.0 -9999.0 -586.921823 -588.300773 -589.360328 -589.305647 -589.797469 -591.667175 -592.126011 -591.718709 -589.771469 -586.672675 -586.088333 -586.407263 -586.134619 -586.839888 -588.884148 -589.102149 -586.902050 -589.047154 -590.127982 -591.570117 -595.070527 -595.936338 -593.906777 -591.932723 -590.207747 -589.713293 -589.368621 -589.299927
-9999.0 -9999.0 -9999.0 -9999.0 -9999.0 -9999.0 -9999.0 -9999.0 -9999.0 -9999.0 -9999.0 -9999.0 -9999.0 -9999.0 -9999.0 -9999.0 -9999.0 -9999.0 -9999.0 -9999.0 -9999.0 -9999.0 -9999.0 -589.411242 -588.144880 -587.644933 -586.520773 -587.078762 -589.724304 -591.442648 -592.191246 -592.805315 -594.239446 -594.391423 -594.393667 -593.422504 -592.665777 -589.411071 -590.916198 -591.893902 -589.119008 -589.752987 -587.955633 -585.924835 -586.408817 -586.028866 -589.860008 -592.743242 -589.785260 -588.575463 -588.678840 -589.296214 -588.264233 -586.878353 -585.150611 -582.243970
-9999.0 -9999.0 -9999.0 -9999.0 -9999.0 -9999.0 -9999.0 -9999.0 -9999.0 -9999.0 -9999.0 -9999.0 -9999.0 -9999.0 -9999.0 -9999.0 -9999.0 -9999.0 -9999.0 -589.436129 -589.821844 -590.583910 -590.267194 -592.780773 -593.846305 -593.096361 -591.705724 -592.497347 -593.973322 -595.246721 -595.092839 -594.916132 -595.215516 -593.248835 -591.638252 -591.059905 -591.406515 -588.830540 -588.018639 -586.545342 -582.798259 -585.202826 -587.602832 -588.867321 -588.979564 -589.684672 -587.467767 -586.804470 -586.572676 -586.784880 -586.716147 -586.137168 -585.758440 -582.669177 -579.773916 -577.311994
-9999.0 -9999.0 -9999.0 -9999.0 -9999.0 -9999.0 -9999.0 -9999.0 -9999.0 -9999.0 -9999.0 -9999.0 -9999.0 -9999.0 -9999.0 -9999.0 -589.882827 -590.093215 -591.034859 -592.553101 -593.881901 -593.900720 -592.838574 -594.721795 -595.339958 -594.891733 -595.709106 -594.732214 -593.689815 -592.456004 -591.896610 -593.243505 -592.978135 -593.135138 -593.245964 -592.554190 -589.661088 -586.966196 -586.323917 -584.378637 -580.961025 -582.885647 -583.735788 -583.651587 -584.871762 -583.821056 -578.758390 -579.531952 -581.709429 -576.419158 -573.600396 -574.578102 -575.050431 -571.580090 -566.345809 -559.628201
-9999.0 -9999.0 -9999.0 -9999.0 -9999.0 -9999.0 -9999.0 -9999.0 -9999.0 -9999.0 -9999.0 -9999.0 -9999.0 -590.518590 -590.701303 -590.402038 -592.763291 -594.642205 -595.777515 -597.358100 -595.269423 -596.732497 -597.180537 -596.807506 -594.936089 -594.868473 -594.633453 -593.442461 -593.804099 -594.342636 -594.870021 -596.003313 -594.425175 -592.838634 -591.720937 -589.418112 -587.602458 -586.152408 -583.558923 -583.003349 -581.237313 -581.895186 -583.942625 -584.389009 -582.778588 -578.033118 -574.346085 -573.038437 -566.539425 -559.633359 -556.227182 -551.909503 -549.744952 -546.690385 -539.232126 -517.679358
-9999.0 -9999.0 -9999.0 -9999.0 -9999.0 -9999.0 -9999.0 -9999.0 -9999.0 -9999.0 -594.392708 -593.135875 -595.009465 -598.481460 -599.985341 -599.155327 -598.278823 -599.576557 -599.501275 -595.791814 -593.744690 -597.140649 -594.757841 -594.690666 -596.124172 -595.728124 -594.733948 -594.536482 -592.249124 -592.129065 -592.076525 -588.371487 -587.354836 -586.269988 -584.793640 -583.177753 -581.740867 -576.053848 -571.136180 -571.127569 -564.375113 -560.125078 -563.570647 -564.804215 -563.737317 -558.682726 -550.309351 -538.028214 -525.083140 -505.752272 -486.281767 -471.471152 -459.415040 -444.620462 -426.538033 -401.990555
-9999.0 -9999.0 -9999.0 -9999.0 -9999.0 -9999.0 -9999.0 -9999.0 -599.535014 -597.512635 -596.240785 -597.832478 -599.980273 -603.882904 -602.366464 -600.885338 -599.872255 -598.375261 -597.649622 -597.032239 -597.871329 -596.599155 -594.237738 -594.830575 -594.555897 -593.004800 -592.920159 -591.511264 -589.347302 -590.282062 -589.083631 -587.041853 -585.244080 -583.626332 -581.690469 -580.465485 -574.593510 -566.702700 -558.123871 -550.567490 -539.642543 -525.672230 -525.521149 -522.865604 -519.660769 -499.145582 -467.369707 -430.284652 -403.553037 -383.616191 -362.400866 -349.870539 -340.899988 -329.363957 -314.955507 -302.099672
-9999.0 -9999.0 -9999.0 -9999.0 -9999.0 -9999.0 -602.640284 -598.111734 -595.925257 -600.962919 -604.889158 -606.212262 -608.570413 -603.412719 -598.924842 -598.048174 -597.364664 -596.553078 -596.957935 -599.830485 -593.054248 -594.809722 -596.102881 -594.011061 -594.123764 -593.896507 -592.543427 -589.518223 -588.108002 -582.172808 -577.777451 -573.925026 -568.807705 -565.554822 -562.100261 -558.006298 -547.101378 -529.747406 -505.330552 -476.645328 -444.574137 -414.347081 -403.445262 -398.142510 -392.364639 -380.971045 -358.944256 -333.816116 -304.099132 -275.419093 -253.911272 -243.799056 -234.387915 -223.578330 -210.327927 -195.781297
-9999.0 -9999.0 -9999.0 -9999.0 -600.256956 -599.230606 -600.017039 -596.070476 -593.337345 -599.408723 -597.232203 -598.309652 -600.328120 -602.762705 -605.679616 -603.507275 -602.229399 -601.354436 -601.696614 -595.044275 -589.328987 -592.854002 -589.993023 -584.465982 -585.576946 -584.909409 -584.522685 -581.898087 -577.201266 -571.158648 -557.693901 -544.773166 -534.992069 -522.875055 -509.742962 -490.140799 -456.109425 -416.173325 -389.304441 -363.889793 -338.656971 -317.371920 -302.994819 -295.014039 -285.198984 -273.164776 -256.587827 -232.371790 -203.992150 -169.492414 -144.005655 -128.771130 -120.730369 -110.766838 -98.559332 -80.544606
-9999.0 -9999.0 -9999.0 -603.079651 -598.626805 -596.943157 -598.988603 -598.132577 -594.722862 -597.980089 -598.570664 -599.126605 -599.458882 -599.388856 -599.635763 -598.352328 -598.069534 -598.948149 -597.977358 -593.904215 -591.937871 -588.599720 -585.924009 -581.918057 -578.492291 -577.096933 -575.130395 -570.215191 -558.057497 -543.206519 -514.136250 -467.249760 -425.611526 -402.583714 -389.312850 -371.697837 -352.978891 -324.682023 -296.475045 -269.248209 -241.390401 -217.660568 -195.770702 -182.398154 -175.021757 -165.291385 -148.294715 -127.633537 -102.835367 -47.449284 -20.109041 -1.244776 8.765720 15.730768 28.229770 40.954679
-9999.0 -9999.0 -602.378528 -599.820290 -601.492300 -598.278280 -594.701525 -597.047270 -592.799542 -591.391922 -595.526544 -593.102545 -591.827133 -594.373474 -592.657915 -590.717292 -589.724439 -592.841330 -595.034214 -590.255866 -580.079117 -571.611951 -566.836484 -546.006841 -532.914606 -523.975569 -519.195760 -503.819139 -475.248391 -425.672498 -387.893240 -350.213729 -316.159499 -288.742649 -276.771981 -262.388179 -240.411133 -216.971125 -188.598604 -161.777317 -135.119335 -110.341183 -83.673427 -42.273325 -61.106344 -25.907454 -6.727536 11.822862 30.400816 48.361745 64.466135 65.519771 65.394977 65.793875 65.700198 65.867578
-9999.0 -9999.0 -605.322725 -601.101902 -603.935250 -597.345503 -591.161224 -596.813673 -594.870655 -588.551104 -590.114509 -589.277009 -589.968870 -589.534513 -586.677766 -581.118024 -583.834628 -584.877723 -590.960845 -576.141174 -562.476526 -537.862994 -485.970169 -430.201469 -398.610409 -392.855115 -389.412811 -377.457213 -357.696667 -319.419388 -272.620654 -222.888851 -182.130986 -155.198878 -141.864419 -127.860898 -105.267233 -56.547908 -41.220011 -12.430794 4.327024 22.159949 41.980417 59.395983 64.196283 64.942720 65.283922 65.194983 65.577517 65.311139 65.399510 61.786666 60.372337 61.402340 62.476555 57.869932
-9999.0 -606.430834 -604.280466 -604.082413 -599.781616 -600.993274 -595.776154 -588.347524 -588.359650 -585.536762 -585.272451 -589.152383 -574.723323 -561.883067 -557.189443 -545.832305 -550.402648 -553.830150 -561.001065 -544.780642 -511.672344 -425.354424 -336.712991 -287.649645 -257.098287 -251.636314 -254.012329 -240.464050 -216.013755 -179.603085 -121.057045 -49.491398 -12.608571 13.714067 21.897783 23.472512 35.672207 51.418971 66.622031 69.406212 69.813253 69.896444 65.401860 65.309730 65.771701 66.056788 62.491938 56.549790 49.232082 41.658321 38.724865 33.153731 16.239684 38.660916 40.577717 33.837073
-9999.0 -612.905634 -604.577468 -599.700088 -601.447044 -604.743138 -593.016082 -575.435617 -580.895467 -582.406266 -582.735099 -571.338434 -535.808164 -497.401109 -465.586358 -430.498718 -432.116328 -444.220963 -442.165634 -410.160706 -368.251398 -300.521430 -193.956061 -115.279892 -80.819357 -69.058247 -60.589538 -40.441114 -15.345887 6.841759 32.811528 54.984023 58.113288 58.465771 58.715691 58.735233 58.732427 59.028662 55.590458 52.290278 47.964105 48.032376 51.104750 50.793318 48.477512 45.598574 38.389274 30.351700 22.234348 -10.586854 -19.468618 -25.349935 -29.960907 -27.395676 -30.824033 -36.935518
-9999.0 -606.329664 -596.979344 -599.287332 -606.897501 -595.704025 -590.711785 -578.046662 -567.966270 -569.875244 -554.300963 -499.073152 -421.919577 -371.936299 -340.054128 -321.365104 -309.210508 -309.849579 -289.961954 -243.380391 -167.795410 -54.829001 -12.004941 36.479260 44.348925 44.803883 44.226827 44.467340 44.828349 45.040512 45.378694 42.301277 47.827383 50.010834 48.730283 45.401347 39.744280 32.228279 26.884025 23.665898 18.030132 18.061901 22.801367 23.065801 18.593282 -10.490227 -24.392894 -33.699755 -43.215115 -56.469789 -63.761089 -69.573913 -73.025835 -77.288873 -82.185036 -88.315597
-9999.0 -617.613936 -604.042302 -615.274212 -599.677070 -586.315847 -587.565597 -566.804583 -540.483756 -528.022275 -447.729330 -382.235970 -319.238113 -273.952238 -238.986696 -201.257549 -175.397917 -148.598739 -113.843411 -74.801091 30.034024 50.538780 52.364349 53.090844 44.990481 44.756399 30.301015 7.143954 -3.495818 -10.213151 -9.660952 -20.642818 11.133827 19.274968 15.747545 -8.257075 -21.965266 -28.640777 -33.065520 -41.089742 -48.839482 -53.882441 -54.549698 -49.840655 -57.164561 -66.838943 -76.537134 -86.553541 -96.997092 -107.271873 -116.381232 -124.133839 -127.812109 -133.716077 -135.299342 -142.070166
-9999.0 -625.994661 -616.183319 -609.116490 -595.582365 -585.911732 -575.936289 -552.845439 -494.492086 -422.636580 -364.195842 -331.842950 -280.584805 -223.307640 -166.076977 -135.447332 -118.968650 -112.139304 -101.819079 -90.349578 -86.573654 -34.116442 -19.264260 0.588358 -4.452954 -5.006288 -43.811509 -61.984082 -70.581367 -72.023440 -73.178621 -74.502804 -70.347781 -70.376428 -74.942222 -79.379213 -79.870875 -87.026744 -94.755357 -101.888787 -108.247458 -115.590167 -120.708343 -123.629693 -127.111016 -129.733415 -138.596823 -149.800427 -160.849148 -169.671824 -178.157999 -184.748023 -187.092240 -191.479223 -197.003486 -206.469677
-9999.0 -645.482967 -612.909473 -609.185334 -601.132481 -598.588021 -596.054209 -578.995374 -549.775343 -433.213431 -309.571524 -295.060013 -277.565100 -244.971045 -190.647969 -141.476733 -135.422904 -162.842755 -182.783664 -189.428467 -178.220679 -155.383078 -135.934856 -114.179976 -101.436781 -96.494149 -103.817676 -115.673653 -129.764094 -136.934035 -140.348872 -147.101494 -151.386746 -151.345909 -154.031762 -151.294406 -149.766948 -159.470860 -171.336100 -184.894975 -196.691382 -205.412085 -208.573072 -208.424226 -209.568238 -213.072260 -220.616054 -230.387809 -242.008514 -252.345966 -260.311417 -265.785059 -271.114229 -278.239001 -286.123415 -294.594496
-9999.0 -9999.0 -627.408051 -609.132244 -606.907739 -604.225120 -601.772802 -588.753745 -573.730242 -517.953950 -435.086852 -386.790881 -356.212162 -325.309911 -280.767326 -242.340813 -236.885218 -231.235820 -254.714440 -253.734658 -246.701153 -237.283374 -224.270317 -210.302452 -198.159379 -191.361856 -188.918482 -191.993964 -201.277096 -214.812160 -229.611523 -240.621038 -247.399533 -252.284267 -246.313345 -237.585537 -239.385233 -245.697858 -255.892120 -269.038359 -279.971137 -290.773707 -293.573521 -292.689847 -292.841323 -295.572748 -300.335403 -311.022631 -321.919991 -332.970817 -338.321701 -343.463993 -348.460076 -356.981841 -365.487488 -374.686351
-9999.0 -9999.0 -648.936973 -618.589434 -606.423060 -598.112228 -599.340748 -598.021482 -579.571423 -569.558447 -552.891325 -524.669761 -489.031260 -442.000805 -411.578153 -382.399726 -369.591588 -363.500299 -363.108250 -355.560291 -340.381718 -325.042911 -313.884579 -302.972412 -292.608650 -284.333245 -277.425727 -285.994241 -294.824992 -307.785532 -323.709585 -341.040401 -350.285045 -355.421553 -352.118089 -346.214592 -350.053082 -357.820684 -368.162576 -379.618542 -387.827792 -395.447294 -397.479673 -398.178988 -398.288846 -399.915764 -402.342419 -409.864813 -421.161912 -431.297469 -440.206427 -448.259779 -453.410841 -463.310748 -475.360217 -484.434934
