tests/Borden05m/data_simulated/sim_1/output-maps/psiliqL0023N0017.asc
ncols         160
nrows         34
xllcorner     620200.000000
yllcorner     5168000.000000
cellsize      0.500000
NODATA_value  -9999.0
[rows 0 to 24 of 34, columns 0 to 54 of 160]
-9999.0 -9999.0 -9999.0 -9999.0 -9999.0 -9999.0 -9999.0 -9999.0 -9999.0 -9999.0 -9999.0 -9999.0 -9999.0 -9999.0 -9999.0 -9999.0 -9999.0 -9999.0 -9999.0 -9999.0 -9999.0 -9999.0 -9999.0 -9999.0 -9999.0 -9999.0 -9999.0 -9999.0 -9999.0 -9999.0 -9999.0 -9999.0 -9999.0 -9999.0 -9999.0 -9999.0 -9999.0 -9999.0 -9999.0 -9999.0 -9999.0 -9999.0 -9999.0 -9999.0 -9999.0 -9999.0 -9999.0 -9999.0 -9999.0 -9999.0 -9999.0 -9999.0 -9999.0 -9999.0 -9999.0
-9999.0 -9999.0 -9999.0 -9999.0 -9999.0 -9999.0 -9999.0 -9999.0 -9999.0 -9999.0 -9999.0 -9999.0 -9999.0 -9999.0 -9999.0 -9999.0 -9999.0 -9999.0 -9999.0 -9999.0 -9999.0 -9999.0 -9999.0 -9999.0 -9999.0 -9999.0 -9999.0 -9999.0 -9999.0 -9999.0 -9999.0 -9999.0 -9999.0 -9999.0 -9999.0 -9999.0 -9999.0 -9999.0 -9999.0 -9999.0 -9999.0 -9999.0 -9999.0 -9999.0 -9999.0 -9999.0 -9999.0 -9999.0 -9999.0 -9999.0 -9999.0 -9999.0 -9999.0 -9999.0 -9999.0
-9999.0 -9999.0 -9999.0 -9999.0 -9999.0 -9999.0 -9999.0 -9999.0 -9999.0 -9999.0 -9999.0 -9999.0 -9999.0 -9999.0 -9999.0 -9999.0 -9999.0 -9999.0 -9999.0 -9999.0 -9999.0 -9999.0 -9999.0 -9999.0 -9999.0 -9999.0 -9999.0 -9999.0 -9999.0 -9999.0 -9999.0 -9999.0 -9999.0 -9999.0 -9999.0 -9999.0 -9999.0 -9999.0 -9999.0 -9999.0 -9999.0 -9999.0 -9999.0 -9999.0 -9999.0 -9999.0 -9999.0 2704.780425 2687.842969 2674.366956 2670.673921 2692.563557 2716.272744 2740.665098 2761.765594
-9999.0 -9999.0 -9999.0 -9999.0 -9999.0 -9999.0 -9999.0 -9999.0 -9999.0 -9999.0 -9999.0 -9999.0 -9999.0 -9999.0 -9999.0 -9999.0 -9999.0 -9999.0 -9999.0 -9999.0 -9999.0 -9999.0 -9999.0 -9999.0 -9999.0 -9999.0 -9999.0 -9999.0 -9999.0 -9999.0 -9999.0 -9999.0 -9999.0 -9999.0 -9999.0 -9999.0 -9999.0 -9999.0 -9999.0 -9999.0 2753.066272 2759.209460 2759.633111 2750.082012 2739.229608 2726.256684 2706.090865 2688.892133 2675.772249 2674.186312 2677.198155 2680.925664 2702.555521 2728.404329 2748.851328
-9999.0 -9999.0 -9999.0 -9999.0 -9999.0 -9999.0 -9999.0 -9999.0 -9999.0 -9999.0 -9999.0 -9999.0 -9999.0 -9999.0 -9999.0 -9999.0 -9999.0 -9999.0 -9999.0 -9999.0 -9999.0 -9999.0 -9999.0 -9999.0 -9999.0 -9999.0 -9999.0 -9999.0 -9999.0 -9999.0 -9999.0 -9999.0 -9999.0 -9999.0 2658.996297 2676.305557 2694.683963 2713.700450 2731.106268 2738.504370 2744.499004 2750.248338 2746.132042 2742.131740 2730.981559 2710.800058 2691.885482 2679.290375 2678.555194 2676.661305 2680.934606 2693.323009 2710.573367 2726.415519 2747.593354
-9999.0 -9999.0 -9999.0 -9999.0 -9999.0 -9999.0 -9999.0 -9999.0 -9999.0 -9999.0 -9999.0 -9999.0 -9999.0 -9999.0 -9999.0 -9999.0 -9999.0 -9999.0 -9999.0 -9999.0 -9999.0 -9999.0 -9999.0 -9999.0 -9999.0 -9999.0 -9999.0 -9999.0 2661.826049 2656.239566 2651.901130 2650.941081 2650.124234 2649.674746 2656.702437 2668.428142 2686.160190 2708.703877 2722.473307 2730.239967 2737.526121 2738.426413 2733.214712 2731.970386 2732.956532 2720.980343 2709.327990 2698.454257 2687.894770 2685.668850 2695.301852 2710.130925 2726.938718 2742.161658 2757.971637
-9999.0 -9999.0 -9999.0 -9999.0 -9999.0 -9999.0 -9999.0 -9999.0 -9999.0 -9999.0 -9999.0 -9999.0 -9999.0 -9999.0 -9999.0 -9999.0 -9999.0 -9999.0 -9999.0 -9999.0 -9999.0 -9999.0 -9999.0 2629.768531 2635.192259 2642.210825 2650.406577 2651.923720 2648.911413 2644.010120 2641.865546 2641.082082 2639.579367 2644.722518 2652.487601 2666.105075 2682.040136 2704.828605 2713.727701 2718.950031 2731.033984 2735.100564 2743.055096 2747.561288 2746.253813 2742.943322 2729.077035 2718.534460 2721.869915 2726.854004 2734.277654 2743.078647 2756.952396 2771.516502 2787.593353
-9999.0 -9999.0 -9999.0 -9999.0 -9999.0 -9999.0 -9999.0 -9999.0 -9999.0 -9999.0 -9999.0 -9999.0 -9999.0 -9999.0 -9999.0 -9999.0 -9999.0 -9999.0 -9999.0 2603.701878 2605.053572 2606.950087 2612.245791 2613.117084 2615.457187 2622.848174 2631.512685 2634.939324 2633.456746 2633.035829 2635.085625 2638.391471 2643.570476 2654.851291 2668.921881 2683.459063 2697.027342 2718.249747 2733.204248 2746.284736 2762.208273 2762.983842 2759.880437 2758.746516 2759.278609 2758.403936 2758.548177 2758.936576 2765.651082 2767.790046 2772.463670 2782.007752 2793.338261 2810.524963 2828.834257
-9999.0 -9999.0 -9999.0 -9999.0 -9999.0 -9999.0 -9999.0 -9999.0 -9999.0 -9999.0 -9999.0 -9999.0 -9999.0 -9999.0 -9999.0 -9999.0 2573.832399 2575.950517 2578.749356 2584.687111 2588.712922 2593.195567 2600.630768 2602.497727 2606.582557 2614.299554 2619.493727 2629.328801 2638.278361 2646.036331 2652.520518 2655.594519 2662.871419 2672.682946 2684.669371 2699.271547 2720.019577 2743.794767 2759.855441 2776.951701 2794.594455 2795.680585 2794.644479 2795.600498 2794.898338 2796.841118 2812.156983 2816.347988 2813.084386 2824.838234 2837.590948 2841.299624 2808.702905 2825.741982 2847.532512
-9999.0 -9999.0 -9999.0 -9999.0 -9999.0 -9999.0 -9999.0 -9999.0 -9999.0 -9999.0 -9999.0 -9999.0 -9999.0 2523.761523 2528.111279 2538.669911 2550.153009 2553.590198 2558.938394 2566.051720 2578.747184 2582.919937 2589.440132 2597.219826 2610.476185 2619.784100 2629.295642 2641.651643 2650.326634 2657.894027 2664.979436 2669.078996 2681.493015 2696.294681 2711.476084 2731.254388 2753.407395 2772.537147 2790.700200 2807.208794 2819.822500 2818.863348 2818.566487 2821.281644 2827.038703 2803.048293 2817.609889 2819.485313 2830.503780 2850.923534 2861.337078 2869.115391 2873.376507 2886.400473 2907.072177
-9999.0 -9999.0 -9999.0 -9999.0 -9999.0 -9999.0 -9999.0 -9999.0 -9999.0 -9999.0 2493.875707 2495.879739 2492.696783 2491.102982 2497.240314 2510.097325 2525.048502 2531.434666 2543.947292 2565.801605 2584.839796 2588.531597 2602.628658 2613.929399 2621.435260 2632.049026 2645.512935 2658.246770 2674.432011 2686.716167 2696.662208 2714.212819 2730.444689 2747.094449 2764.872266 2785.488146 2801.944975 2826.892679 2817.068152 2824.355080 2841.849504 2846.091366 2841.760975 2839.906144 2848.434189 2858.340490 2873.953681 2890.754240 2908.327112 2930.259381 2941.757459 2954.387565 2963.283192 2973.621423 2987.906308
-9999.0 -9999.0 -9999.0 -9999.0 -9999.0 -9999.0 -9999.0 -9999.0 2468.317198 2476.540711 2482.538361 2479.762295 2475.765303 2470.930115 2485.948230 2502.079916 2518.581214 2537.356542 2553.607372 2572.367709 2587.057407 2602.680130 2623.937038 2635.789364 2647.375952 2663.118321 2676.913942 2692.902503 2714.047541 2723.648857 2736.808566 2757.154261 2773.261826 2790.884599 2809.770681 2827.051881 2811.379892 2839.564878 2866.598519 2883.605108 2909.122695 2926.199377 2921.258897 2920.190456 2921.839181 2944.836951 2971.080230 2999.096289 3000.181203 3022.424055 3049.765930 3067.215623 3076.035900 3086.756282 3100.126329
-9999.0 -9999.0 -9999.0 -9999.0 -9999.0 -9999.0 2439.210096 2463.821788 2479.382340 2471.349434 2458.747230 2454.481029 2449.419972 2478.941564 2501.867857 2519.857325 2537.278084 2555.463462 2572.298745 2582.396422 2614.387804 2634.273146 2647.758037 2663.232033 2678.599156 2693.943407 2711.337952 2733.945347 2753.122099 2777.011387 2796.481554 2815.560253 2803.774253 2819.047854 2835.596227 2849.665301 2875.473014 2908.926635 2943.001537 2967.820708 2991.685338 3004.436716 3004.318746 3006.296486 3008.599155 3030.474013 3062.473107 3091.001243 3121.249647 3151.167681 3177.894372 3183.654799 3191.979288 3201.483649 3213.470120
-9999.0 -9999.0 -9999.0 -9999.0 2405.851269 2426.870742 2446.192400 2476.734267 2499.266170 2494.760281 2500.282241 2499.441888 2496.347040 2501.750745 2510.346728 2528.559798 2548.289471 2568.320632 2584.169326 2614.997931 2662.219087 2675.612800 2695.780827 2726.832229 2739.649247 2755.091978 2771.887024 2793.929816 2814.556042 2807.948869 2842.060689 2872.448656 2892.350944 2910.847199 2929.627363 2947.198406 2980.382229 2998.699071 3032.192277 3063.034637 3089.266277 3113.044585 3120.446618 3125.373422 3135.062625 3151.024911 3172.211187 3194.223410 3225.793465 3256.899918 3279.844419 3289.264801 3294.596633 3303.784263 3311.549155
-9999.0 -9999.0 -9999.0 2352.733594 2391.860047 2431.233508 2457.547264 2488.323451 2521.053108 2522.819837 2532.183751 2534.100213 2535.400554 2542.481894 2548.049190 2565.555440 2583.980771 2603.533541 2626.952831 2662.792938 2694.823554 2717.263577 2747.239982 2766.837075 2783.230679 2798.221378 2817.878328 2839.964165 2839.175404 2866.446284 2911.616919 2961.759898 2993.714277 2996.315218 3016.253850 3042.200858 3065.857061 3101.195734 3134.077320 3165.066588 3190.335216 3211.864818 3226.477105 3231.160287 3239.913928 3245.808817 3258.738759 3278.761113 3300.123582 3329.408626 3357.575378 3383.693429 3397.906349 3408.100673 3424.320674
-9999.0 -9999.0 2304.495999 2343.648704 2375.888536 2423.847752 2477.229881 2512.591985 2552.919713 2573.839082 2578.763941 2591.900582 2605.404069 2609.347809 2621.238518 2636.431910 2658.524933 2668.291410 2689.195662 2710.535461 2752.061365 2790.504037 2794.838656 2804.496722 2833.074932 2863.389516 2882.223391 2908.116917 2942.437466 2977.054762 3003.872310 3051.029772 3084.747382 3111.259109 3126.021404 3144.734594 3164.363596 3184.341317 3218.595500 3244.094152 3275.599189 3300.184816 3319.546170 3321.494933 3324.268619 3339.600680 3365.907133 3393.733694 3420.526169 3447.197845 3437.344651 3456.654682 3465.277177 3470.089508 3477.655579
-9999.0 -9999.0 2275.156609 2321.367982 2357.649871 2418.305124 2503.366898 2538.937053 2580.323110 2627.096121 2643.326421 2666.675377 2667.026109 2663.259776 2683.994684 2702.188182 2721.982862 2731.146212 2728.659035 2782.331490 2807.154103 2836.603002 2853.378814 2924.378908 2973.660070 2994.545188 2992.582651 3010.765975 3030.582983 3068.782515 3107.686887 3159.631753 3195.961102 3224.372365 3238.123745 3256.346413 3274.862265 3289.386467 3307.719285 3351.024524 3382.384953 3410.737114 3440.291204 3460.637393 3468.343817 3472.491289 3451.301001 3467.390788 3478.328506 3483.047515 3484.864111 3481.173831 3480.553321 3481.316532 3482.247694
-9999.0 2182.807317 2235.305382 2286.657696 2352.448692 2415.762532 2493.373274 2570.233956 2635.005895 2686.931661 2714.534211 2714.458224 2726.232910 2757.475964 2780.263857 2801.462508 2808.291523 2819.116686 2804.698052 2826.721143 2862.949500 2917.049995 3002.259207 3057.061748 3113.015644 3109.799773 3098.431165 3104.581643 3121.716656 3165.572000 3234.955990 3286.583691 3346.646599 3390.898361 3406.279839 3412.655141 3430.080541 3449.684923 3409.252961 3445.537869 3462.071015 3475.897039 3482.914401 3484.821484 3485.887092 3485.690045 3482.106248 3475.264129 3467.216625 3461.468938 3457.302597 3452.800597 3455.229227 3458.541001 3458.915207
-9999.0 2145.177708 2203.189930 2272.557312 2341.177449 2394.190652 2482.915849 2643.619030 2704.780630 2743.792516 2755.500484 2745.711139 2809.810314 2852.763846 2878.315885 2922.683011 2910.020469 2896.319782 2866.074773 2891.284814 2931.506854 2985.408648 3143.370040 3225.029335 3268.267619 3276.158937 3277.919643 3304.644429 3345.385981 3387.673489 3428.218300 3405.282041 3446.998657 3467.354826 3471.615506 3472.213804 3476.790300 3475.562560 3473.809529 3469.505535 3464.450089 3464.594105 3469.002158 3468.823763 3465.926152 3462.656104 3457.026015 3449.600508 3444.335522 3439.719780 3437.044117 3434.171705 3432.329871 3431.833850 3427.197486
-9999.0 2107.545895 2181.507921 2241.301136 2292.579166 2390.138524 2519.581860 2662.360247 2758.903019 2795.181121 2786.362659 2815.390048 2915.114445 3007.100261 3056.722370 3077.425013 3062.852731 3021.256380 3006.634522 3048.768660 3115.520845 3220.621801 3343.352607 3433.605899 3447.297306 3450.142679 3409.852162 3431.537782 3451.636008 3453.989436 3454.926310 3461.363693 3466.323713 3469.123206 3467.602028 3464.722171 3459.957988 3451.861873 3447.031369 3443.450654 3439.750026 3438.748955 3440.871686 3442.500841 3439.760440 3435.901661 3431.438255 3425.858555 3419.668378 3412.983033 3408.797168 3404.651134 3402.567048 3397.292109 3393.667105
-9999.0 1990.116834 2084.577563 2128.896794 2213.661468 2398.812458 2527.819795 2671.253334 2821.047676 2845.302680 2897.354824 3021.884450 3134.155242 3207.992434 3237.841606 3271.556201 3295.620810 3312.133012 3346.723804 3248.067671 3319.931023 3403.605768 3441.345669 3457.706088 3464.805207 3465.121324 3455.651679 3435.246179 3424.594130 3417.847885 3419.453043 3426.679501 3431.507799 3436.418181 3434.155449 3435.058314 3435.853111 3432.558690 3428.661607 3420.103889 3412.338140 3405.894225 3403.007300 3407.825916 3403.141781 3400.613709 3394.544954 3386.346543 3378.308552 3370.997166 3363.209814 3356.715465 3354.447293 3349.422709 3348.275528
-9999.0 1909.239453 1982.896265 2050.005571 2167.632394 2331.740860 2436.396286 2596.805107 2818.752715 2946.930494 3092.242250 3175.016971 3242.210390 3286.964373 3338.389312 3386.432594 3411.069644 3420.994320 3394.785486 3412.676895 3372.549151 3361.849584 3378.021392 3405.677142 3421.307447 3425.120932 3417.038577 3407.481669 3400.249044 3399.125878 3397.159822 3393.722944 3390.185987 3386.939450 3383.798642 3386.481848 3391.567559 3384.773643 3375.669579 3366.633057 3358.442034 3349.495478 3343.695023 3339.396129 3339.428906 3339.629190 3332.144837 3321.823160 3311.228088 3303.110949 3295.941063 3291.308370 3288.810593 3284.022344 3275.267790
-9999.0 1794.409190 1924.401625 2005.080741 2106.196887 2237.088967 2346.876187 2501.821128 2637.191405 2862.532467 2999.430644 3165.982272 3209.554359 3274.080536 3322.758234 3391.797765 3388.331834 3357.068166 3316.050780 3299.505540 3308.301895 3316.653175 3325.423405 3340.579397 3357.679594 3367.344532 3371.397736 3364.906718 3350.830925 3339.147003 3329.144378 3316.460816 3307.658528 3305.499331 3308.672993 3317.904937 3318.854525 3309.653810 3295.971646 3278.650276 3263.551306 3252.135350 3249.954560 3252.408084 3253.293855 3249.459969 3243.543394 3233.060554 3220.693581 3208.665542 3202.745911 3198.333709 3191.286578 3180.899049 3173.779323
-9999.0 -9999.0 1841.133600 1950.133552 2046.948581 2160.600265 2256.132170 2380.365697 2523.341038 2697.837676 2801.042571 2965.808463 3046.342916 3087.967982 3124.538421 3176.319924 3198.519172 3225.491704 3215.438314 3224.265519 3232.399440 3237.073039 3242.733961 3249.329899 3260.027247 3269.517816 3278.838384 3276.092863 3267.159221 3247.544691 3223.343172 3204.573522 3194.546596 3185.927895 3197.274907 3209.471618 3204.655374 3197.882258 3185.779434 3174.042067 3161.634175 3147.638614 3144.168599 3144.241294 3144.772474 3142.415772 3139.583990 3128.259654 3116.078826 3105.894410 3101.675516 3096.115333 3092.267610 3082.477475 3072.180867
-9999.0 -9999.0 1753.649258 1858.704362 1963.617151 2082.108940 2169.855850 2199.020407 2339.213262 2446.314404 2553.489328 2662.643069 2756.223030 2806.005442 2840.399753 2901.696011 2953.724303 2971.120037 2993.412753 3037.872205 3068.968267 3104.485140 3125.565974 3134.487070 3146.892199 3160.713383 3168.290137 3153.955920 3142.807507 3126.014242 3104.253559 3078.716565 3065.708572 3064.490879 3064.385252 3066.861255 3059.816562 3050.839954 3036.615352 3022.738472 3010.517072 3001.115543 2997.492677 2992.568194 2990.603769 2987.979346 2987.089377 2999.001068 2990.561864 2985.221161 2977.007762 2972.681582 2971.261072 2967.266723 2960.711015
