tests/Borden05m/data_simulated/sim_1/output-maps/psiliqL0026N0016.asc
ncols         160
nrows         34
xllcorner     620200.000000
yllcorner     5168000.000000
cellsize      0.500000
NODATA_value  -9999.0
[rows 0 to 24 of 34, columns 55 to 109 of 160]
-9999.0 -9999.0 -9999.0 -9999.0 -9999.0 -9999.0 -9999.0 -9999.0 -9999.0 -9999.0 -9999.0 -9999.0 -9999.0 -9999.0 -9999.0 -9999.0 -9999.0 -9999.0 -9999.0 -9999.0 -9999.0 -9999.0 -9999.0 -9999.0 -9999.0 -9999.0 -9999.0 -9999.0 -9999.0 -9999.0 -9999.0 -9999.0 -9999.0 -9999.0 -9999.0 -9999.0 -9999.0 -9999.0 -9999.0 -9999.0 -9999.0 -9999.0 -9999.0 -9999.0 -9999.0 -9999.0 -9999.0 -9999.0 -9999.0 -9999.0 -9999.0 -9999.0 -9999.0 -9999.0 -9999.0
-9999.0 -9999.0 -9999.0 -9999.0 3398.197496 3392.890340 3388.108696 3383.581725 3375.161649 3365.828292 3357.940060 3353.723978 3352.523185 3351.642402 3350.964391 3355.772735 3363.767571 3371.318549 3378.127136 3380.336433 3382.616253 3384.412375 3384.590190 3383.399723 3380.120705 3376.881396 3373.456721 3371.720519 3364.342564 3353.199330 3344.878375 3342.179167 3346.344243 3350.677045 3353.132865 3358.303933 3368.680238 3379.269156 3387.694655 3400.249327 3407.275878 3412.637294 3415.246831 3411.288167 3408.051634 3404.111928 3398.003672 3386.924460 -9999.0 -9999.0 -9999.0 -9999.0 -9999.0 -9999.0 -9999.0
3343.207682 3361.544904 3382.330941 3385.410212 3373.827115 3368.734326 3365.565817 3363.862423 3359.577895 3351.038775 3345.868470 3340.327691 3337.613217 3337.546395 3337.351070 3340.933275 3351.612485 3359.324995 3363.804973 3366.361115 3369.132360 3367.485656 3366.635789 3366.343521 3363.381498 3359.843230 3356.408356 3354.507984 3355.930535 3348.307967 3342.286988 3338.368437 3335.394045 3338.124359 3340.813055 3345.398900 3354.561554 3362.464019 3370.430213 3385.461401 3398.647344 3404.370159 3401.863571 3397.322673 3393.565079 3386.206792 3375.633295 3365.684153 3357.610748 3351.567130 3346.278661 3339.934199 3346.433606 3354.386311 3363.776831
3326.376366 3345.456479 3365.807731 3368.302847 3357.999252 3350.229407 3343.331892 3343.788273 3347.218934 3343.914083 3339.014215 3331.128777 3341.055122 3341.950960 3342.543086 3345.619663 3347.388732 3352.412924 3354.731542 3359.968487 3368.846461 3371.562889 3371.907386 3371.864483 3369.796871 3366.463275 3364.425435 3361.559606 3356.220406 3354.368543 3353.969987 3352.644659 3356.701410 3358.200913 3361.124143 3355.647506 3360.084209 3366.349931 3373.325155 3378.852343 3384.852479 3387.409414 3384.173581 3384.844096 3376.740273 3363.186581 3353.442737 3346.079996 3346.409917 3343.555067 3335.731142 3322.113165 3330.529665 3346.746276 3351.626651
3330.521518 3339.313475 3349.744823 3352.140422 3347.021205 3349.150556 3350.843959 3351.947759 3349.981903 3346.327381 3341.819082 3352.093583 3360.237185 3361.480601 3363.772927 3367.595669 3368.348382 3357.392123 3355.260891 3362.416994 3371.942937 3376.978465 3377.051249 3376.579070 3372.794447 3371.541442 3371.249434 3369.375029 3368.779948 3370.260997 3367.757979 3370.644078 3376.071145 3379.187531 3374.173254 3365.795369 3368.068984 3376.542458 3385.503650 3393.113702 3403.304712 3414.124080 3414.475085 3410.052523 3401.663992 3389.349268 3367.208230 3349.838276 3338.992241 3331.114287 3323.970603 3327.086834 3322.507113 3336.457358 3338.367789
3315.843571 3336.395424 3356.267212 3361.978446 3355.861338 3352.023905 3350.679823 3351.190054 3350.085527 3350.389817 3358.930593 3370.528741 3381.361480 3383.175733 3384.838032 3383.437542 3376.027553 3365.642310 3362.886420 3376.015332 3392.411918 3400.143057 3399.538713 3395.096142 3398.089924 3398.148809 3398.604653 3395.206397 3395.866446 3393.382654 3398.728784 3406.365335 3414.304398 3412.930580 3400.564612 3388.251176 3388.216801 3393.717627 3400.704442 3408.323388 3418.512923 3427.682804 3422.965915 3417.934435 3410.714735 3385.286648 3363.045020 3348.949587 3349.427387 3350.344771 3346.085224 3344.225325 3343.492340 3339.561929 3339.930636
3351.411062 3370.420831 3390.269206 3403.033561 3396.732664 3389.154144 3380.615657 3380.680958 3380.925985 3386.588462 3396.763944 3409.293436 3430.783216 3430.072392 3430.367577 3428.924803 3415.953377 3402.683623 3392.667740 3414.664737 3425.609560 3432.669898 3429.990868 3434.994985 3443.553100 3439.937572 3433.622945 3421.530788 3427.087712 3433.498696 3448.595382 3456.500473 3461.766385 3457.184356 3443.306064 3436.561011 3438.118644 3444.621910 3445.856903 3454.557958 3463.359265 3478.331730 3477.086185 3473.906099 3454.179276 3417.351248 3388.263662 3376.071740 3387.415975 3381.925518 3375.886091 3375.953369 3365.078245 3358.063794 3360.792581
3382.872403 3396.118005 3412.157007 3428.525458 3419.522341 3409.266393 3392.673949 3389.430773 3393.465757 3403.484708 3420.827892 3438.624562 3458.380458 3456.932432 3450.257117 3459.809634 3452.779533 3441.904914 3434.356073 3455.720648 3465.753955 3475.912596 3481.573611 3494.158125 3504.540565 3488.001533 3470.926099 3460.500475 3467.494401 3493.045508 3515.418282 3520.202243 3519.262858 3518.695076 3503.406385 3498.588818 3495.204948 3495.577970 3492.986483 3491.156460 3516.521906 3538.107549 3537.960428 3516.533739 3493.924190 3454.479204 3416.884211 3392.726152 3405.831015 3402.629950 3406.085811 3396.150513 3384.603583 3377.629268 3375.501963
3432.591129 3454.018615 3470.279445 3491.996431 3482.812264 3459.681189 3443.594892 3446.083262 3459.511045 3467.465650 3485.816827 3502.811184 3528.522417 3540.545663 3551.697703 3555.568257 3548.506481 3539.943838 3527.918090 3533.149605 3557.017290 3568.589399 3576.884262 3585.250296 3597.867989 3598.216554 3591.284959 3589.431918 3593.788811 3607.262424 3621.716644 3628.455560 3631.507479 3634.118297 3620.898973 3608.008188 3606.015116 3600.581137 3599.374435 3598.626955 3610.132445 3630.729678 3627.572878 3591.115458 3564.366258 3529.448426 3491.177883 3461.960449 3455.950305 3475.107786 3473.101508 3457.049573 3446.738147 3420.961940 3416.025470
3501.655971 3534.492761 3558.747710 3568.872666 3576.221348 3561.371010 3559.217965 3563.321308 3571.640028 3574.703999 3581.074537 3613.411849 3647.146205 3672.090979 3694.811151 3701.947188 3689.611444 3679.817976 3666.276900 3657.467495 3668.533574 3685.803934 3703.467747 3718.379327 3729.703216 3731.770212 3730.184180 3730.238253 3733.355518 3736.354791 3740.678225 3749.177394 3756.831828 3765.483987 3773.493483 3763.025215 3746.042452 3736.806495 3727.837966 3727.098005 3728.534349 3732.456959 3733.571623 3716.794407 3674.717145 3643.104266 3611.022978 3591.547806 3578.450626 3578.395101 3560.326872 3536.079499 3484.775757 3447.617520 3416.502597
3587.262860 3631.381296 3660.613860 3677.680797 3690.335216 3687.240816 3689.053888 3690.035522 3693.718847 3696.025382 3698.670850 3725.548166 3767.272516 3806.765372 3838.093463 3837.884810 3824.037630 3812.666398 3803.564495 3789.093615 3785.137955 3797.892731 3813.430637 3833.852962 3844.284135 3850.312433 3846.949658 3847.168228 3849.010537 3851.369625 3853.529207 3857.221500 3866.966448 3882.167437 3896.791180 3895.881519 3876.754008 3858.743326 3842.734901 3840.369513 3838.005352 3833.099136 3835.512285 3837.433591 3821.344277 3789.857176 3749.876606 3709.474462 3692.923735 3677.904514 3667.067596 3650.132548 3609.352880 3542.520911 3503.041782
3702.540685 3736.937813 3766.041552 3796.392431 3811.186392 3813.293404 3810.664501 3809.411381 3816.435725 3819.077191 3824.619036 3841.221377 3873.752708 3909.572813 3939.476878 3954.873198 3946.925787 3928.739944 3906.308208 3896.298115 3893.316326 3897.008427 3906.670972 3919.771232 3939.512441 3959.138617 3964.946738 3965.840185 3963.144169 3965.593713 3967.186620 3967.310121 3970.327771 3979.030097 3989.068342 3992.489240 3984.551134 3963.204047 3939.500269 3928.209446 3921.762883 3918.375192 3919.485686 3924.788560 3928.144702 3913.155980 3877.129259 3832.254770 3802.301324 3787.298886 3774.554663 3760.427248 3747.883269 3714.475903 3693.345401
3811.963439 3827.355812 3855.827753 3884.839101 3907.502379 3922.182719 3922.444615 3925.381220 3930.173803 3937.421160 3952.518495 3976.145660 3995.553665 4018.594046 4045.584359 4062.118412 4067.369670 4065.584876 4061.345460 4062.508707 4062.877125 3997.311234 4003.821884 4010.315408 4028.157749 4044.119055 4049.918554 4050.584150 4047.928573 4049.820825 4050.619609 4050.497204 4050.122600 4052.617994 4057.916982 4059.942233 4057.438505 4044.354550 4063.704775 4043.417644 4029.808392 4021.518971 4013.206632 4004.939074 3995.477484 3985.521425 3965.144753 3933.906185 3899.338149 3878.041551 3870.231414 3864.085453 3855.443755 3849.667231 3832.476046
3910.838468 3921.429379 3939.868067 3962.861244 3997.351485 4021.149048 4032.662671 4042.063820 4046.755364 4060.856260 4077.785728 4060.968788 4069.667849 4078.669761 4087.614117 4090.685684 4091.565147 4091.159338 4088.750557 4087.939344 4085.458529 4082.062367 4071.514927 4073.133600 4075.116657 4077.748570 4081.501452 4080.411508 4081.537323 4084.496923 4082.714456 4076.621728 4072.502941 4070.926376 4071.966143 4079.432378 4082.952526 4083.924972 4080.374855 4079.418954 4078.375916 4074.815073 4070.369425 4064.102368 4056.085571 4071.773779 4059.528080 4031.061443 3990.181258 3948.429478 3941.083611 3943.193092 3943.002500 3941.506958 3935.877729
4037.368254 4051.236747 4066.216748 4042.553216 4065.944895 4077.915850 4083.513262 4087.761853 4090.613434 4093.907146 4090.912605 4087.932410 4083.022986 4081.429061 4080.067422 4077.619350 4078.246307 4076.358691 4072.274576 4068.186571 4060.097956 4048.452064 4037.273870 4033.628737 4037.914039 4043.586145 4048.809411 4053.360552 4057.120477 4057.047745 4051.512681 4043.021721 4035.420816 4033.778114 4040.699587 4046.469150 4053.103208 4053.997720 4052.601445 4050.068248 4049.784880 4046.444343 4046.632087 4053.772237 4068.677579 4071.190820 4077.370442 4076.490411 4059.059709 4027.496388 4040.410407 4020.380536 4026.563343 4021.937821 4010.547858
4082.098032 4084.999351 4083.292071 4082.243091 4075.820502 4069.735134 4068.948090 4072.981089 4080.053616 4081.099560 4074.028953 4065.409856 4058.140446 4050.644745 4048.271889 4047.754525 4047.527114 4048.056841 4042.752282 4033.310609 4016.142056 4004.544227 3993.474339 3987.531575 3983.601151 3986.950550 3998.319633 4010.709203 4015.790171 4006.291143 3997.739878 3985.812269 3977.724636 3978.187194 3979.136055 3988.697836 4005.793099 4013.570239 4014.376080 4007.795055 4001.149016 3994.425736 3991.277370 3997.696437 4013.070100 4030.005618 4045.818109 4055.075603 4062.858142 4070.051611 4068.082145 4070.952307 4072.531615 4070.301841 4073.629460
4076.574877 4069.551026 4062.533562 4057.208655 4050.768069 4045.490105 4043.643932 4045.484587 4047.356648 4043.198095 4036.833489 4026.838790 4015.792285 4006.084426 3998.362191 3999.403664 4001.780520 4003.500687 3996.146044 3980.700971 3962.834252 3949.336684 3935.464522 3931.536841 3925.569773 3917.666363 3927.764005 3947.711406 3955.188483 3938.897917 3927.927862 3912.641626 3906.106794 3902.038928 3902.766020 3911.669335 3934.393519 3958.880317 3961.036922 3949.982972 3938.996288 3934.273467 3931.015998 3935.517522 3952.176477 3973.101598 3989.330588 3999.860143 4005.195755 4012.982893 4022.393747 4036.848433 4051.823043 4064.299871 4068.738615
4051.349386 4043.590385 4035.932815 4028.310801 4021.428691 4015.239255 4010.954389 4009.010972 4004.993586 3998.892666 3991.877333 3970.792475 3958.354605 3945.395605 3930.415198 3926.521526 3921.632144 3922.703753 3911.203691 3903.403642 3887.096190 3871.785351 3856.198953 3842.680166 3836.981207 3830.242292 3828.154151 3841.501124 3849.899439 3840.667533 3831.025071 3820.536749 3816.139638 3812.778825 3815.303699 3825.765912 3845.144477 3863.453926 3871.989464 3864.692311 3863.666815 3863.847176 3862.245188 3868.597143 3879.145848 3896.967996 3919.468654 3938.631118 3948.557480 3955.376554 3964.534204 3978.978355 3993.127379 4007.529078 4025.625729
4020.848226 4011.548309 4001.646189 3991.941413 3981.473704 3970.944480 3964.444668 3967.216115 3961.262407 3955.720004 3932.555269 3876.898309 3855.649429 3836.712787 3820.485995 3813.760104 3805.322823 3788.673724 3780.109188 3775.831794 3778.701404 3764.905345 3747.480784 3729.744825 3724.923734 3721.471750 3703.529434 3698.253179 3698.612279 3715.799428 3709.862506 3708.966550 3711.195827 3708.831818 3709.979178 3722.665726 3730.053440 3735.143874 3741.940746 3747.213211 3758.038915 3766.226737 3776.895687 3794.086767 3804.715327 3819.790665 3839.959222 3865.673797 3881.233908 3890.667860 3900.952978 3916.153424 3932.235389 3949.952803 3972.320906
3986.225776 3969.561457 3954.978839 3940.717304 3928.081965 3915.307696 3899.391154 3901.411363 3899.437440 3889.129969 3833.397243 3792.881576 3759.081361 3742.116341 3718.525852 3704.967270 3688.333433 3649.143269 3631.612935 3631.744886 3647.525396 3644.651381 3629.625450 3618.037035 3608.626165 3599.131038 3581.092809 3561.572092 3567.796331 3586.826964 3588.272486 3592.079735 3600.296268 3599.897198 3592.898253 3589.452888 3601.235089 3606.422605 3617.664449 3635.776984 3640.659528 3657.617354 3691.852415 3704.469701 3719.301563 3737.334467 3757.404870 3779.221706 3801.756236 3815.675044 3830.704103 3848.929419 3865.409242 3885.516493 3907.882419
3935.303542 3904.137975 3883.063301 3865.779329 3846.677425 3819.443796 3799.625268 3797.534294 3791.581877 3761.929574 3709.364586 3674.382620 3651.770656 3630.292789 3607.668748 3583.777515 3545.863395 3511.139697 3489.451442 3506.338058 3518.152066 3530.919141 3519.943612 3509.538034 3500.166257 3481.897077 3465.049628 3448.274482 3459.577483 3468.278622 3488.285692 3495.509156 3499.468904 3505.660292 3504.142961 3492.706802 3486.523971 3494.366736 3504.021315 3515.956781 3538.030014 3573.801641 3598.281101 3616.275506 3636.357860 3654.513875 3675.331161 3697.773611 3720.211174 3736.851383 3754.738365 3772.766789 3793.222717 3811.857528 3834.206084
3854.653908 3826.698097 3800.715551 3777.843710 3746.052372 3699.423678 3685.355288 3676.657633 3654.295932 3606.220714 3565.018657 3545.939244 3534.371665 3511.793659 3491.569364 3462.889203 3429.204437 3408.469726 3388.308450 3399.426531 3410.423237 3431.687013 3423.551194 3417.441993 3415.015465 3399.842890 3386.800269 3370.286208 3376.542357 3388.984925 3413.127818 3419.336340 3423.553498 3433.181557 3432.415020 3427.448689 3408.873847 3415.219236 3425.809538 3440.292711 3471.375522 3493.411097 3515.291785 3536.598086 3555.359141 3576.191090 3597.695039 3619.988684 3645.811345 3664.758997 3683.139884 3704.053120 3722.556737 3736.069453 3751.425377
3746.365736 3722.987433 3704.156886 3680.496049 3637.580555 3594.154934 3553.226114 3526.037693 3473.025940 3438.610810 3420.262414 3421.469306 3410.683401 3392.165848 3374.431057 3356.450979 3335.828488 3318.219135 3293.747089 3299.927452 3316.634267 3334.487238 3336.972306 3338.800889 3337.880077 3329.113779 3315.928580 3302.460616 3306.311578 3323.689213 3341.845108 3352.215916 3360.048821 3367.764502 3367.332974 3357.302971 3346.831548 3351.170002 3366.257825 3381.676909 3398.296033 3418.068829 3437.986575 3457.564761 3479.180787 3500.848303 3522.755564 3546.592871 3572.384456 3592.858523 3615.581806 3639.023583 3654.463727 3662.111508 3668.591652
3644.318826 3626.062971 3603.722158 3576.795941 3535.497494 3496.834032 3456.969599 3409.725751 3377.636089 3350.617099 3345.977156 3332.262522 3320.842799 3308.148514 3289.252733 3274.464851 3261.289131 3241.138858 3232.827454 3241.022463 3255.086302 3263.383809 3271.115005 3269.581649 3267.769512 3262.728878 3249.058171 3245.744749 3256.028989 3271.221143 3284.760942 3296.451813 3303.294958 3308.172634 3304.910982 3295.391581 3292.482919 3300.307517 3315.312334 3328.043950 3341.770920 3361.331868 3379.930753 3400.246875 3421.390306 3442.042960 3465.097615 3488.870626 3513.573766 3539.524749 3560.551989 3577.582614 3584.893292 3592.930581 3590.716602
3521.947357 3511.926366 3487.100254 3459.676469 3431.894438 3400.613946 3378.254003 3348.914271 3320.590652 3293.322826 3268.998914 3258.764607 3254.518138 3243.543812 3228.336600 3218.760227 3204.612710 3196.496746 3204.157437 3205.851178 3214.049321 3212.284613 3213.745210 3211.831251 3211.686883 3210.078016 3204.779298 3217.371696 3223.764491 3236.962766 3246.819952 3256.472645 3262.054496 3265.361248 3266.426453 3262.221249 3268.022846 3273.502554 3286.468419 3296.828971 3309.256468 3327.996054 3343.569638 3360.999301 3381.484405 3402.812528 3424.922232 3448.886914 3475.213539 3498.116645 3514.033413 3518.936165 3526.376214 3525.840939 3512.694633
