tests/Borden05m/data_simulated/sim_1/output-maps/psiliqL0006N0002.asc
ncols         160
nrows         34
xllcorner     620200.000000
yllcorner     5168000.000000
cellsize      0.500000
NODATA_value  -9999.0
[rows 0 to 24 of 34, columns 0 to 55 of 160]
-9999.0 -9999.0 -9999.0 -9999.0 -9999.0 -9999.0 -9999.0 -9999.0 -9999.0 -9999.0 -9999.0 -9999.0 -9999.0 -9999.0 -9999.0 -9999.0 -9999.0 -9999.0 -9999.0 -9999.0 -9999.0 -9999.0 -9999.0 -9999.0 -9999.0 -9999.0 -9999.0 -9999.0 -9999.0 -9999.0 -9999.0 -9999.0 -9999.0 -9999.0 -9999.0 -9999.0 -9999.0 -9999.0 -9999.0 -9999.0 -9999.0 -9999.0 -9999.0 -9999.0 -9999.0 -9999.0 -9999.0 -9999.0 -9999.0 -9999.0 -9999.0 -9999.0 -9999.0 -9999.0 -9999.0 -9999.0
-9999.0 -9999.0 -9999.0 -9999.0 -9999.0 -9999.0 -9999.0 -9999.0 -9999.0 -9999.0 -9999.0 -9999.0 -9999.0 -9999.0 -9999.0 -9999.0 -9999.0 -9999.0 -9999.0 -9999.0 -9999.0 -9999.0 -9999.0 -9999.0 -9999.0 -9999.0 -9999.0 -9999.0 -9999.0 -9999.0 -9999.0 -9999.0 -9999.0 -9999.0 -9999.0 -9999.0 -9999.0 -9999.0 -9999.0 -9999.0 -9999.0 -9999.0 -9999.0 -9999.0 -9999.0 -9999.0 -9999.0 -9999.0 -9999.0 -9999.0 -9999.0 -9999.0 -9999.0 -9999.0 -9999.0 -9999.0
-9999.0 -9999.0 -9999.0 -9999.0 -9999.0 -9999.0 -9999.0 -9999.0 -9999.0 -9999.0 -9999.0 -9999.0 -9999.0 -9999.0 -9999.0 -9999.0 -9999.0 -9999.0 -9999.0 -9999.0 -9999.0 -9999.0 -9999.0 -9999.0 -9999.0 -9999.0 -9999.0 -9999.0 -9999.0 -9999.0 -9999.0 -9999.0 -9999.0 -9999.0 -9999.0 -9999.0 -9999.0 -9999.0 -9999.0 -9999.0 -9999.0 -9999.0 -9999.0 -9999.0 -9999.0 -9999.0 -9999.0 -696.923530 -714.494268 -731.790377 -733.308534 -710.660091 -687.857061 -664.876931 -645.066447 -626.991957
-9999.0 -9999.0 -9999.0 -9999.0 -9999.0 -9999.0 -9999.0 -9999.0 -9999.0 -9999.0 -9999.0 -9999.0 -9999.0 -9999.0 -9999.0 -9999.0 -9999.0 -9999.0 -9999.0 -9999.0 -9999.0 -9999.0 -9999.0 -9999.0 -9999.0 -9999.0 -9999.0 -9999.0 -9999.0 -9999.0 -9999.0 -9999.0 -9999.0 -9999.0 -9999.0 -9999.0 -9999.0 -9999.0 -9999.0 -9999.0 -649.829305 -644.147488 -642.478479 -653.661411 -665.143182 -676.806782 -696.614382 -714.544922 -730.577104 -733.819861 -731.562712 -725.829999 -702.995306 -679.600213 -660.919238 -643.989614
-9999.0 -9999.0 -9999.0 -9999.0 -9999.0 -9999.0 -9999.0 -9999.0 -9999.0 -9999.0 -9999.0 -9999.0 -9999.0 -9999.0 -9999.0 -9999.0 -9999.0 -9999.0 -9999.0 -9999.0 -9999.0 -9999.0 -9999.0 -9999.0 -9999.0 -9999.0 -9999.0 -9999.0 -9999.0 -9999.0 -9999.0 -9999.0 -9999.0 -9999.0 -740.041961 -722.643586 -704.960780 -687.220330 -671.197796 -665.054617 -659.389210 -653.765762 -657.960137 -663.126818 -674.642918 -693.034364 -712.959900 -727.626689 -730.798881 -733.809818 -729.747764 -716.933545 -700.949977 -685.054822 -664.884692 -642.817207
-9999.0 -9999.0 -9999.0 -9999.0 -9999.0 -9999.0 -9999.0 -9999.0 -9999.0 -9999.0 -9999.0 -9999.0 -9999.0 -9999.0 -9999.0 -9999.0 -9999.0 -9999.0 -9999.0 -9999.0 -9999.0 -9999.0 -9999.0 -9999.0 -9999.0 -9999.0 -9999.0 -9999.0 -734.467474 -740.575341 -746.102989 -747.968936 -749.641624 -751.274569 -744.592532 -732.449228 -714.434586 -693.640039 -681.515261 -674.910940 -668.906730 -668.448806 -673.495686 -676.181647 -676.474606 -688.350009 -700.205437 -711.354400 -722.125135 -723.532323 -714.489977 -701.473126 -686.385934 -672.561454 -658.288005 -645.129211
-9999.0 -9999.0 -9999.0 -9999.0 -9999.0 -9999.0 -9999.0 -9999.0 -9999.0 -9999.0 -9999.0 -9999.0 -9999.0 -9999.0 -9999.0 -9999.0 -9999.0 -9999.0 -9999.0 -9999.0 -9999.0 -9999.0 -9999.0 -762.605801 -756.553620 -750.391509 -743.469098 -742.960838 -747.706078 -753.777538 -757.447838 -759.491925 -761.419410 -757.552590 -749.418328 -736.140085 -720.738450 -699.939661 -691.963852 -685.604593 -673.623904 -672.218571 -668.521888 -665.129530 -667.546881 -670.558478 -682.572811 -691.516450 -685.882437 -680.126096 -674.668726 -668.303554 -656.475124 -641.758621 -624.937072 -605.289892
-9999.0 -9999.0 -9999.0 -9999.0 -9999.0 -9999.0 -9999.0 -9999.0 -9999.0 -9999.0 -9999.0 -9999.0 -9999.0 -9999.0 -9999.0 -9999.0 -9999.0 -9999.0 -9999.0 -786.729758 -786.159367 -785.549066 -781.359487 -780.568644 -778.577267 -771.913549 -764.178546 -762.661884 -764.566925 -766.803910 -765.738762 -763.602200 -760.054891 -748.994755 -735.709927 -722.221370 -708.618637 -688.579324 -674.608310 -661.250345 -645.809412 -648.237820 -653.589051 -656.631889 -656.950913 -656.853703 -650.577184 -647.086833 -642.415254 -636.898815 -630.548559 -622.954801 -613.748093 -596.567221 -577.615281 -558.693242
-9999.0 -9999.0 -9999.0 -9999.0 -9999.0 -9999.0 -9999.0 -9999.0 -9999.0 -9999.0 -9999.0 -9999.0 -9999.0 -9999.0 -9999.0 -9999.0 -814.312154 -812.682444 -810.954299 -805.975117 -804.045944 -800.505029 -794.103036 -793.551944 -790.073887 -783.458711 -778.886385 -771.037263 -763.861470 -757.068904 -751.734772 -749.642038 -742.394923 -733.359102 -722.135829 -707.042999 -685.816241 -664.330064 -649.067736 -633.551339 -617.971641 -618.735129 -620.843559 -620.648503 -620.556007 -612.827338 -595.369192 -590.051591 -586.897235 -568.427217 -555.369710 -551.198775 -545.584541 -529.758287 -508.200991 -483.294312
-9999.0 -9999.0 -9999.0 -9999.0 -9999.0 -9999.0 -9999.0 -9999.0 -9999.0 -9999.0 -9999.0 -9999.0 -9999.0 -857.204375 -853.249581 -844.590548 -837.302404 -835.594159 -832.283942 -827.225932 -815.571338 -812.587605 -806.862707 -799.712648 -789.093030 -781.217549 -772.543259 -761.415943 -753.552753 -747.013841 -740.522172 -734.150880 -720.922118 -706.192972 -690.985457 -671.665984 -651.429524 -631.453486 -611.512203 -598.172167 -585.174149 -582.219079 -585.430351 -585.099544 -577.805268 -560.448452 -542.813719 -530.849774 -509.885712 -488.072032 -475.337178 -463.679458 -456.366042 -446.539287 -429.072315 -395.523531
-9999.0 -9999.0 -9999.0 -9999.0 -9999.0 -9999.0 -9999.0 -9999.0 -9999.0 -9999.0 -892.941001 -890.361314 -894.024382 -893.021222 -888.940429 -877.609163 -865.150525 -858.538099 -848.026324 -828.269165 -812.046731 -809.126248 -794.755378 -785.546590 -779.701923 -769.579887 -757.130538 -744.748514 -727.979839 -716.044963 -703.801299 -683.548031 -668.165742 -653.070190 -636.838160 -618.871810 -599.080142 -570.179410 -544.644793 -531.871480 -508.920721 -495.293536 -500.047748 -501.432320 -495.635949 -479.328562 -456.759795 -431.102404 -410.005925 -384.835062 -364.853437 -351.702306 -342.163459 -330.722052 -316.658336 -286.193081
-9999.0 -9999.0 -9999.0 -9999.0 -9999.0 -9999.0 -9999.0 -9999.0 -916.414229 -910.005771 -903.824513 -907.102815 -912.187129 -915.383798 -903.105546 -887.789831 -872.438381 -856.299062 -841.004065 -824.002380 -808.920151 -792.850488 -774.549427 -763.429591 -752.247970 -737.957220 -725.116743 -707.788104 -687.514279 -673.193899 -654.587538 -634.101768 -615.935343 -599.724191 -583.401917 -567.158620 -540.044036 -508.065573 -478.000688 -454.759561 -429.245449 -405.684734 -406.494873 -404.521103 -401.360415 -376.775372 -347.503553 -316.964041 -286.981927 -254.212706 -217.543361 -194.885084 -180.563249 -164.566230 -144.651580 -122.144733
-9999.0 -9999.0 -9999.0 -9999.0 -9999.0 -9999.0 -941.201085 -917.435717 -903.102551 -911.059631 -918.590816 -921.960801 -925.401955 -908.402055 -887.858172 -871.787171 -855.863689 -839.383755 -823.951185 -809.228995 -774.330922 -759.509298 -745.250483 -725.762992 -713.028843 -700.299057 -684.115350 -661.685289 -639.542949 -607.540643 -578.283294 -552.680587 -528.414594 -510.923235 -494.842992 -477.732074 -448.570529 -414.139926 -380.421813 -352.285316 -325.981924 -297.652527 -287.987344 -282.361476 -273.614419 -254.355132 -218.950097 -177.423534 -124.847927 -56.887892 27.565848 68.201886 86.546846 98.767781 111.270547 125.069979
-9999.0 -9999.0 -9999.0 -9999.0 -974.177698 -953.483586 -932.957669 -902.395840 -880.141958 -886.016317 -878.726613 -878.255048 -879.570402 -878.052920 -873.373888 -856.219598 -839.631836 -823.018949 -804.727139 -766.704027 -727.219321 -711.333961 -684.919134 -654.193374 -641.570643 -628.382443 -614.825242 -593.561635 -565.237604 -532.113163 -487.004495 -449.416164 -425.642734 -405.174346 -387.402821 -366.745682 -337.550247 -302.116809 -264.870445 -225.463032 -184.660633 -150.832873 -128.697278 -115.675394 -95.438605 -61.424229 5.690672 71.300496 116.377185 159.997475 202.086828 226.477110 234.335067 240.296069 245.728724 252.546084
-9999.0 -9999.0 -9999.0 -1019.634847 -981.545921 -945.490807 -918.094047 -887.503303 -856.603388 -849.838444 -842.229113 -835.476177 -828.469497 -819.849205 -809.740284 -794.514955 -782.153201 -771.685989 -752.222522 -716.841420 -681.782952 -647.978782 -617.554353 -587.965330 -566.373982 -552.727573 -538.654833 -516.813430 -480.166627 -443.256883 -395.805761 -345.404019 -308.991033 -284.344242 -264.917811 -237.953109 -209.139568 -166.569513 -114.512823 -41.007913 50.293888 94.121162 118.016009 127.039643 137.663598 153.261804 184.448182 216.430723 237.421445 256.730247 276.111950 290.625056 297.537916 300.957459 308.448296 315.672370
-9999.0 -9999.0 -1065.427171 -1029.140021 -993.478922 -941.369553 -889.445262 -856.856817 -816.572855 -791.241628 -784.334594 -765.487290 -748.682762 -740.389913 -723.588721 -706.890144 -696.155201 -694.979864 -685.173349 -649.523844 -597.047910 -549.989160 -517.723882 -464.414070 -434.825094 -416.263904 -406.507120 -385.054167 -356.119805 -312.491668 -260.127308 -201.998146 -150.761416 -103.654424 -73.778508 -27.106358 42.241902 80.012866 118.800462 159.796389 204.702013 232.789839 247.552546 252.166409 254.799198 264.963680 280.523087 296.052217 309.025944 320.109384 331.150606 332.169258 332.304607 332.021674 331.714156 331.325813
-9999.0 -9999.0 -1089.460028 -1046.098701 -1002.210351 -930.519625 -857.175395 -819.734536 -777.126023 -734.112994 -715.602784 -693.233916 -672.905016 -653.335879 -631.005495 -608.011752 -606.884162 -606.188503 -608.526448 -557.784734 -503.406802 -442.402460 -372.822676 -316.606550 -278.255918 -271.223517 -265.877139 -244.950178 -213.587395 -155.593411 -61.585701 45.350465 103.339295 137.126703 157.471662 183.245554 215.737823 236.211433 248.864214 272.810626 287.865288 301.370108 314.124821 326.201550 331.563562 331.915358 329.985105 331.299849 332.037828 332.106083 331.934207 328.974568 328.065975 328.367565 329.334837 325.485745
-9999.0 -1174.435890 -1122.860908 -1068.176425 -996.759588 -926.360663 -838.937249 -758.019801 -711.405041 -672.148286 -645.478232 -625.355194 -569.092161 -521.438207 -497.792819 -470.531657 -475.716552 -480.874517 -491.239483 -454.380770 -402.952659 -312.946878 -179.030428 -97.261083 -37.390451 -23.853513 -21.632318 25.849629 63.045760 105.999855 171.809272 222.307513 258.653768 280.747816 288.619375 292.868615 305.270315 317.797644 328.177122 332.827007 334.354882 334.934344 329.978607 329.505493 329.909415 330.612151 328.622855 324.208765 319.740608 317.371450 315.852433 313.296580 315.390947 317.796254 319.406391 315.980950
-9999.0 -1207.639407 -1146.934421 -1073.745638 -1001.040480 -919.246714 -802.793640 -680.695612 -638.274546 -607.254884 -578.631341 -530.014611 -446.912734 -384.618825 -349.947267 -311.254094 -315.529858 -329.939470 -331.741591 -293.836307 -230.997139 -126.740807 65.644711 164.407415 185.201631 202.283444 215.071112 242.185808 264.504618 282.208212 297.714186 312.983292 318.282544 319.585046 320.491833 321.840817 323.356909 324.089922 321.801390 319.402637 316.792613 317.131398 319.595745 319.463389 318.305426 317.738252 315.769138 312.571690 311.036233 309.998592 309.749386 308.697434 308.177004 309.079991 307.258779 305.377353
-9999.0 -1228.998330 -1160.856336 -1093.985499 -1015.777461 -885.591649 -765.848156 -641.671939 -557.777813 -524.727826 -476.116001 -391.360682 -297.850737 -200.967464 -135.612249 -91.864607 -63.192469 -62.905166 -7.321565 51.957744 111.580241 184.206809 247.001248 292.773316 301.679433 305.199892 304.927605 310.573131 313.887774 314.557058 314.558589 312.818581 315.736667 317.137820 316.662707 315.672988 313.843775 309.938269 308.040595 307.523012 306.448421 306.977352 309.058607 309.573604 308.892992 307.867650 306.991280 305.705266 304.325634 302.220501 301.629400 300.163580 299.151252 296.272999 293.576811 291.274144
-9999.0 -1309.754387 -1228.056238 -1162.546864 -1017.913955 -857.136335 -736.040448 -584.236596 -460.450663 -416.209720 -328.227544 -224.488970 -88.697572 47.688474 117.213373 167.864162 199.544866 225.135687 254.116443 261.842576 288.654080 310.263510 316.632528 317.293149 310.882711 312.696420 309.665082 299.964318 295.905197 292.780749 294.583622 299.506195 303.004896 306.999128 305.787399 306.592436 307.037200 306.075692 305.533738 301.462354 297.226302 294.112165 293.515356 297.939927 295.038720 294.091920 292.397501 289.956041 287.138110 284.440952 281.169262 277.048719 273.607785 266.795059 263.752909 258.030537
-9999.0 -1390.346236 -1310.432082 -1198.546180 -1040.091420 -877.582143 -724.855264 -556.110229 -381.589957 -289.647879 -197.888530 -121.296992 35.355335 156.127349 235.439942 265.188050 280.345354 286.487040 289.617595 290.804266 271.962299 267.856556 276.896404 289.949316 294.482421 297.115211 292.973888 288.628196 287.026997 288.417994 288.601151 288.867143 288.726542 287.825461 285.867178 286.781532 290.079484 287.368282 283.386005 277.867064 270.930188 263.689737 259.251799 257.239483 256.335153 257.098922 253.487184 248.367466 243.295019 239.470491 234.552918 227.876464 216.351917 196.661855 177.484253 157.361386
-9999.0 -1471.573273 -1359.619153 -1252.004358 -1109.275669 -967.508536 -826.253289 -658.009117 -502.249189 -310.743450 -124.469226 -57.552590 33.057545 120.585912 208.869602 259.014479 265.770502 247.731706 232.785479 224.995869 227.152842 232.616864 239.957279 251.451586 260.899396 267.163033 268.976093 264.755214 256.440503 251.565651 248.846854 243.674279 239.946830 240.105413 239.242568 242.897274 245.111844 238.929012 228.892459 207.420345 176.883422 155.032780 146.801573 146.029147 145.173257 141.553567 134.029571 123.692500 111.566943 100.302228 90.107945 75.957377 44.975545 -2.370303 -41.793852 -75.599272
-9999.0 -9999.0 -1426.237188 -1313.169720 -1193.390906 -1061.761254 -927.434895 -767.659758 -615.519047 -435.758000 -326.196241 -235.811928 -169.174512 -83.579727 40.009417 104.068895 119.356690 132.647606 111.401474 111.632450 114.814039 118.415190 127.210361 139.773894 155.390883 169.253479 178.736144 174.023497 159.852847 139.879699 119.480240 105.318938 97.274292 91.871686 99.465211 109.546542 107.454076 99.892186 83.019292 46.939524 -18.590235 -63.751840 -77.220223 -77.743104 -78.685315 -85.318904 -96.791079 -118.543474 -139.080889 -157.812145 -167.633214 -177.625489 -188.514611 -204.631313 -219.972191 -236.339082
-9999.0 -9999.0 -1506.948512 -1394.222345 -1269.641000 -1141.531437 -1029.183194 -908.561857 -748.078917 -628.634268 -535.438873 -456.476627 -394.108870 -341.209123 -289.025718 -224.777725 -194.116217 -182.483823 -182.209067 -172.897656 -153.400871 -132.136780 -113.931053 -91.413818 -62.680470 -32.496280 -10.464098 -36.216236 -67.879442 -103.548532 -137.462982 -167.240784 -182.319257 -189.567686 -183.705432 -173.911777 -179.337947 -192.477353 -212.022240 -235.955084 -255.287256 -271.369573 -276.580023 -278.434201 -278.817090 -281.666641 -285.712735 -296.615126 -309.894374 -319.181199 -326.796342 -333.219675 -336.435393 -343.986295 -353.459768 -359.933328
