tests/Borden05m/data_simulated/sim_1/output-maps/psiliqL0010N0007.asc
ncols         160
nrows         34
xllcorner     620200.000000
yllcorner     5168000.000000
cellsize      0.500000
NODATA_value  -9999.0
[rows 0 to 24 of 34, columns 57 to 113 of 160]
-9999.0 -9999.0 -9999.0 -9999.0 -9999.0 -9999.0 -9999.0 -9999.0 -9999.0 -9999.0 -9999.0 -9999.0 -9999.0 -9999.0 -9999.0 -9999.0 -9999.0 -9999.0 -9999.0 -9999.0 -9999.0 -9999.0 -9999.0 -9999.0 -9999.0 -9999.0 -9999.0 -9999.0 -9999.0 -9999.0 -9999.0 -9999.0 -9999.0 -9999.0 -9999.0 -9999.0 -9999.0 -9999.0 -9999.0 -9999.0 -9999.0 -9999.0 -9999.0 -9999.0 -9999.0 -9999.0 -9999.0 -9999.0 -9999.0 -9999.0 -9999.0 -9999.0 -9999.0 -9999.0 -9999.0 -9999.0 -9999.0
-9999.0 -9999.0 215.899750 210.354945 205.002384 199.992529 190.938782 181.696879 173.144730 169.212458 168.370214 167.618002 167.322689 172.722045 180.800740 188.546645 195.873968 198.383012 200.944393 203.373203 204.021313 202.874477 199.749758 196.573072 193.273886 191.892599 183.704679 172.303541 163.415540 160.695898 165.242402 169.810215 172.372349 178.438253 189.327807 200.254026 208.846175 220.633102 226.192293 231.246953 234.262152 230.067013 226.374392 222.507751 217.542756 206.438729 -9999.0 -9999.0 -9999.0 -9999.0 -9999.0 -9999.0 -9999.0 -9999.0 -9999.0 -9999.0 -9999.0
198.832178 202.152317 191.121068 186.246276 182.915923 180.755308 175.696944 166.948047 161.618548 156.228822 154.575339 154.685154 154.848114 159.136026 169.235599 177.335829 182.239053 184.822302 187.481544 187.605072 187.260916 187.048046 184.300499 181.018615 177.753936 176.086100 176.360598 168.830318 163.518528 160.268656 158.971548 161.492611 163.851538 166.999365 176.621818 184.903443 193.173687 207.335508 219.607437 224.724663 222.151544 216.951321 213.020361 206.336546 196.286781 185.732158 175.464321 168.166532 162.544958 156.986074 162.909522 169.252261 179.293640 189.240735 201.213354 213.343171 -9999.0
183.348703 186.263586 175.433354 167.020500 162.408393 162.518176 164.843157 161.241055 156.657922 152.371227 160.580649 161.993863 163.296910 166.659067 170.070444 172.750503 175.638924 181.120243 190.270880 193.128891 193.855714 194.202338 192.596641 189.697268 188.106940 185.529365 180.505393 179.704446 180.250949 180.333802 185.582611 187.113755 188.561283 181.582247 184.926056 191.124563 197.947173 204.732484 211.538863 215.815748 212.429825 211.012126 202.340466 188.182155 176.475378 167.516061 164.919801 161.491590 153.494769 140.897146 147.639728 162.991888 167.470266 170.908189 182.657066 194.887580 205.150982
169.485079 172.599726 167.589125 168.666306 170.167118 171.696969 170.180621 167.341028 166.008488 179.132752 188.952915 190.981464 194.122796 197.744119 196.782564 184.617885 182.145065 190.798373 201.510959 207.709962 208.238881 208.570172 207.259030 206.611470 206.474459 204.454483 205.772638 208.658842 209.434741 214.649613 220.473901 223.305034 214.851033 205.445374 205.827656 213.303127 221.115162 228.300464 239.005347 250.341621 248.729305 242.444430 232.820292 218.438565 194.260236 173.834932 162.667789 155.447240 148.011049 147.082580 144.233357 154.715321 156.163951 157.652415 165.907959 176.042242 186.035386
185.357490 193.798497 187.903151 182.467109 179.284053 180.046178 180.548645 184.328685 197.943931 212.540182 228.203618 231.509256 234.519375 234.435697 224.969205 214.642481 210.575497 225.851210 242.253844 251.130677 252.684365 253.607437 262.178440 261.105660 259.372843 254.619799 257.539261 260.558712 272.104720 280.139749 287.257011 285.383169 273.292693 261.749065 259.457250 261.131064 263.073033 268.603158 278.623017 288.208865 282.505447 274.027440 262.354693 231.978812 202.851226 184.668409 184.258598 183.819229 178.419078 174.595105 170.396054 162.362879 161.353553 160.189915 159.232286 170.858913 182.811873
236.041937 252.783071 247.255041 239.006108 228.359503 229.085231 232.998799 242.133726 256.636542 276.417882 302.206029 307.025632 311.737757 315.861729 304.997705 292.588739 280.922515 297.816607 308.493266 318.607218 322.880188 335.653984 347.654613 344.447243 337.268168 328.583753 336.226964 350.598405 366.752975 374.042702 378.006579 377.766262 367.082372 360.910847 357.680810 357.580409 352.978616 355.374856 365.290394 379.660489 378.074713 365.618161 340.088770 300.881462 263.215039 239.152410 241.944945 233.839155 226.200438 220.830809 205.449582 192.928500 191.637348 181.104977 174.027811 184.782013 190.231903
289.642324 309.204018 305.967954 295.376922 282.984920 283.425136 292.439352 303.762512 325.274455 352.324686 380.291164 393.863869 401.711028 412.155591 405.490800 395.620898 386.471756 394.974476 408.714269 422.980167 436.813004 453.336385 469.252819 465.135594 457.332492 455.905614 462.799598 482.947580 500.495064 506.873667 509.444293 513.294748 505.462102 497.247936 488.000305 479.121062 469.785492 462.642554 477.218640 490.882582 486.165897 458.083080 428.714061 388.734436 346.865422 309.073292 302.118155 297.469623 293.716252 276.081822 258.209174 237.921905 225.300624 214.457996 198.223367 201.903676 206.344020
399.749370 422.850566 427.695836 413.328306 407.959770 413.863848 427.520186 436.963015 456.023574 488.320838 527.652077 556.655698 581.879026 587.784635 578.061085 567.165538 552.254583 548.260504 565.304491 580.852119 597.171590 615.018784 634.708597 648.471822 652.442473 656.448754 662.501012 670.116361 679.101332 686.677672 692.979858 699.008369 697.159598 686.722280 677.606084 665.370644 653.141661 645.729950 642.730485 648.892661 642.798848 611.967629 576.397629 537.533477 493.840335 454.987888 428.298753 426.205063 409.438096 387.567639 362.434217 321.870550 299.592258 279.717732 247.165700 240.467676 248.279001
537.794636 557.794184 575.087149 573.939243 577.134198 581.982447 590.947441 600.452878 615.995022 658.111403 699.797299 733.717493 760.023523 769.444348 759.353908 749.141976 737.566846 728.709662 732.615305 748.558214 768.202239 788.239114 804.334307 813.323356 816.552711 820.413977 824.827542 829.715796 833.509574 839.421317 846.279702 855.762232 866.393412 861.088102 843.965278 829.802627 812.940135 804.444263 800.231182 795.260447 791.573007 780.969055 746.630042 713.436622 674.868845 634.408191 600.742680 575.556440 549.964692 522.473645 471.510290 423.191395 381.064229 347.014214 313.724121 306.104629 327.112395
700.427016 729.539937 746.363516 750.623901 752.891679 756.012121 763.309368 771.582805 784.121508 810.717766 849.485542 885.800084 913.766593 917.825561 909.495194 900.015352 890.479765 882.128610 880.288550 888.097970 899.376910 915.722354 928.980781 941.282926 943.320717 945.779545 947.561888 950.703002 953.127180 954.846489 960.701460 970.630171 979.931885 981.035219 969.606421 953.732244 936.798783 928.766859 921.969259 915.622570 913.830854 911.859361 904.183528 878.866164 841.751132 794.878278 761.136857 734.466209 716.999864 696.033394 665.718081 606.288694 566.934610 524.561630 482.783114 452.916509 481.709710
840.012928 870.798236 888.961577 896.216614 896.011464 897.759885 904.627778 911.758439 923.515673 940.625563 961.459400 986.352312 1009.565757 1025.392803 1022.405954 1012.143964 997.712972 994.987389 995.209299 997.579505 1003.861001 1010.859221 1025.159016 1040.018564 1045.802919 1047.379404 1045.991921 1048.658969 1050.147005 1050.429690 1050.850372 1054.070084 1059.715199 1061.851855 1058.436723 1045.260665 1027.934576 1014.617784 1006.723031 1002.627901 999.972516 999.900099 998.309290 987.764868 962.001551 927.407988 894.815240 872.266024 855.121088 838.907006 822.470061 798.412096 773.976950 739.637799 693.157512 649.875670 633.282144
943.282814 966.916663 988.105476 1001.926070 1004.674645 1009.330393 1012.904431 1022.044074 1036.397202 1052.888135 1063.928755 1077.236313 1095.065105 1105.371776 1110.843006 1112.185589 1112.623382 1115.557810 1116.590315 1100.714599 1103.358465 1105.647444 1110.191838 1116.139862 1118.048276 1118.526210 1118.314813 1119.686201 1120.399707 1121.002942 1120.874803 1120.193464 1121.340719 1121.792278 1121.455720 1117.274021 1117.587156 1102.890082 1092.652233 1086.352651 1079.552534 1071.558008 1062.754791 1054.503937 1041.603293 1019.344524 990.872750 966.318805 955.953338 948.926110 940.411302 931.642497 914.521944 892.716481 863.059200 823.558832 783.001236
1029.205923 1045.691625 1067.776028 1082.571674 1090.682080 1097.476486 1101.138918 1111.728856 1123.010022 1119.964936 1121.594738 1123.181664 1124.814809 1125.192055 1125.389658 1125.670019 1124.266489 1124.989797 1124.584172 1120.687912 1112.311875 1114.056145 1115.290613 1117.369384 1120.445328 1118.918765 1119.907118 1123.203956 1122.431784 1117.883985 1115.067984 1113.774949 1114.033802 1120.865491 1123.933276 1125.086948 1125.450003 1125.763353 1126.369711 1126.180066 1125.481178 1124.007164 1121.936158 1122.588393 1114.386459 1095.144661 1068.179639 1039.249608 1026.669392 1021.974341 1021.970356 1017.975614 1011.958693 995.375315 971.726647 939.535920 903.971677
1121.327125 1122.007286 1126.778429 1128.705363 1129.297420 1130.660038 1132.276249 1132.386834 1128.861441 1125.200409 1120.498268 1119.112881 1117.568676 1114.985916 1115.579672 1113.972179 1110.978326 1108.939720 1104.575330 1095.783325 1085.746705 1083.992970 1088.301383 1092.287092 1095.375900 1097.447713 1100.418049 1102.263269 1098.831777 1092.585865 1086.947298 1085.593161 1091.781857 1096.865373 1101.459669 1102.284732 1101.690797 1100.992223 1102.551826 1101.388091 1102.473710 1108.474985 1120.330077 1126.068931 1127.393233 1127.575394 1124.114165 1117.049958 1105.981553 1087.447028 1090.001145 1085.364258 1075.026366 1057.141776 1037.901926 1014.053951 990.605765
1127.685645 1125.523187 1119.437548 1113.414128 1112.328943 1115.697668 1122.045823 1123.276334 1116.671997 1109.130698 1102.918225 1096.794239 1094.803499 1093.201787 1092.355904 1092.671709 1088.577822 1083.256844 1071.172092 1062.161674 1052.769215 1047.411737 1045.497982 1049.407158 1056.838035 1063.986176 1067.850505 1062.673587 1057.264682 1049.136033 1042.975315 1044.094881 1046.708622 1054.874803 1067.159853 1070.920587 1072.506746 1069.517673 1067.438036 1063.326936 1062.228215 1068.399948 1081.217482 1093.663087 1104.796420 1111.557170 1118.186270 1123.993439 1128.390359 1128.299925 1127.581017 1126.029991 1123.494227 1110.276034 1093.142239 1074.440676 1055.278427
1109.721766 1105.454153 1099.360626 1093.891236 1092.241058 1094.592786 1097.594489 1094.768462 1088.871845 1080.066543 1070.624984 1061.874729 1056.263734 1056.521676 1058.117497 1058.986186 1054.227214 1042.780126 1028.948270 1018.423708 1006.382759 1002.576428 996.967259 991.699046 999.610672 1013.422300 1018.348279 1006.722429 999.266377 987.958089 982.596001 981.082604 983.259931 992.491798 1011.029250 1029.223795 1031.785367 1025.044702 1018.598723 1015.875902 1014.390412 1020.537639 1036.585156 1053.268448 1065.030616 1072.399026 1076.684387 1083.407691 1091.127322 1100.585495 1110.799507 1119.090714 1126.522478 1128.245626 1127.142334 1124.520475 1112.556536
1089.528604 1083.510609 1077.759529 1072.446444 1068.565102 1066.365094 1064.049052 1058.625591 1052.758880 1041.554877 1030.950051 1019.906462 1006.343298 1002.013229 998.548787 1000.086678 990.249949 981.741156 965.559330 952.144158 937.073194 925.871896 917.348640 908.536092 910.501753 923.396008 931.397961 918.390872 909.796485 898.712497 894.184177 892.461544 895.499659 906.965532 931.024210 951.864776 961.397951 956.861310 954.191874 953.883089 954.323487 960.018194 974.104244 992.506416 1011.031301 1024.587466 1032.376604 1038.828040 1047.104614 1058.678401 1069.147903 1079.204335 1092.079057 1107.756215 1119.482144 1127.215375 1131.236430
1064.052239 1056.609655 1047.812412 1038.302189 1032.527646 1033.100160 1026.139119 1019.632824 1006.439016 963.512146 946.399401 927.486292 909.720034 900.983919 891.286354 883.561000 874.440444 868.429474 860.971554 845.289494 825.833293 805.380980 794.333582 784.704516 772.879243 776.422914 779.172733 781.562384 774.732709 769.002517 767.291012 766.254649 772.144245 789.866472 807.998074 825.077819 836.567366 838.567704 848.273838 856.953362 862.119936 879.478978 895.262797 915.109652 937.773595 961.261537 974.329516 983.981807 994.322119 1007.999815 1021.640844 1034.994203 1052.604547 1071.897425 1083.587970 1091.598531 1101.085085
1029.807406 1017.462923 1005.559612 992.870585 979.560345 978.739231 973.295167 963.189792 922.523825 877.774102 842.303519 818.434870 789.010328 770.596646 754.730380 727.070558 711.846684 704.524091 707.450076 695.124137 673.690281 652.226042 636.389009 623.611779 606.500547 596.621841 600.738352 612.528923 606.890192 604.112802 608.022685 607.207865 607.139978 619.803320 642.986225 660.271648 676.674741 692.050747 700.289370 711.894497 740.873581 759.895805 782.100218 810.753421 839.664895 867.571018 891.726569 908.863861 926.084466 945.758642 961.842484 980.449291 1000.560298 1024.614531 1039.927049 1050.994037 1059.827009
967.465756 950.595905 931.538578 908.569142 884.631297 878.640245 867.436977 844.289247 791.484309 741.337899 701.929650 670.035936 633.806821 605.135636 571.673859 535.512230 512.848122 515.541583 521.374092 518.722905 501.082783 483.565422 468.732569 451.797171 433.818829 421.487116 429.368888 438.141687 444.745257 447.669456 451.635154 454.429811 455.067721 454.891055 466.365653 480.290658 495.091419 509.065586 524.890709 557.509029 587.446401 611.984116 643.529979 677.605513 712.355564 746.459167 777.907387 804.368847 831.460171 856.763963 881.579069 905.001316 930.654860 958.777104 980.975043 994.808739 1007.489779
882.194573 855.027356 822.132467 775.211488 752.019168 736.930168 719.222145 676.345631 621.496077 570.159926 533.906727 500.432491 468.400944 435.469515 400.127001 370.046534 348.489019 354.036378 360.107123 369.204338 355.340944 341.576947 332.897595 316.446398 301.113231 286.234780 293.804527 303.481071 319.763593 323.706082 327.262850 334.270491 333.975257 333.246946 327.637569 338.748778 351.200295 366.701482 395.782861 423.464793 451.223781 477.274847 504.771955 536.510342 570.640652 606.083476 644.805629 679.402773 711.666451 744.024160 774.407229 802.683432 831.506754 862.436001 888.515949 910.833760 933.906230
756.597693 722.357392 674.949157 616.448985 571.688214 549.628867 507.416030 466.999521 422.056782 394.357903 368.905840 340.717572 314.813347 290.160710 261.379276 236.710183 212.092749 215.339713 227.162814 240.360412 233.015523 227.991282 223.759450 211.494148 197.202595 183.293050 186.821471 201.772178 218.542953 225.684004 232.301655 240.069833 240.623041 234.759198 227.368114 234.103424 248.978175 266.202492 288.984115 313.239444 337.406700 360.696582 387.147663 415.717096 445.599166 478.490194 514.018836 544.420526 579.031089 615.208483 648.288181 675.241735 702.369161 736.488178 764.038304 795.616852 827.496334
606.513759 568.260225 517.163958 464.605513 414.329137 371.708828 334.602518 299.247703 276.350445 253.380924 231.968034 211.024055 188.149681 166.895635 146.389366 123.504265 104.208557 109.158389 122.236094 133.875853 135.865966 132.438431 128.933954 120.788721 106.826867 95.756531 103.992120 119.492779 134.669513 144.760882 151.581420 157.958471 155.496839 147.665330 141.723608 150.199824 166.237673 181.947075 200.408192 222.901502 245.608138 268.846586 293.582578 318.919468 347.143034 376.836407 407.750468 439.054825 469.268871 499.182075 519.498644 540.973028 559.496212 586.378230 616.618616 652.018117 690.752119
445.924772 411.236917 371.711019 327.231337 291.794623 256.599884 223.198360 190.582384 163.453093 144.105541 132.465379 116.324836 95.903183 81.376784 63.716740 44.716961 43.466708 46.679548 58.477435 60.269861 60.787560 57.606807 56.286126 51.451940 39.967424 46.114231 53.829062 68.797873 79.846774 89.348127 95.762862 100.071687 99.839371 93.170796 96.442774 104.006694 119.081296 131.485988 147.353809 168.935448 187.275579 207.837601 231.151074 255.491241 281.382580 309.111182 339.224016 367.187080 390.948453 405.283065 421.267815 433.366697 434.690727 455.862361 479.131036 504.613214 539.446076
