tests/Borden05m/data_simulated/sim_1/output-maps/psiliqL0030N0004.asc
ncols         160
nrows         34
xllcorner     620200.000000
yllcorner     5168000.000000
cellsize      0.500000
NODATA_value  -9999.0
[rows 0 to 24 of 34, columns 0 to 54 of 160]
-9999.0 -9999.0 -9999.0 -9999.0 -9999.0 -9999.0 -9999.0 -9999.0 -9999.0 -9999.0 -9999.0 -9999.0 -9999.0 -9999.0 -9999.0 -9999.0 -9999.0 -9999.0 -9999.0 -9999.0 -9999.0 -9999.0 -9999.0 -9999.0 -9999.0 -9999.0 -9999.0 -9999.0 -9999.0 -9999.0 -9999.0 -9999.0 -9999.0 -9999.0 -9999.0 -9999.0 -9999.0 -9999.0 -9999.0 -9999.0 -9999.0 -9999.0 -9999.0 -9999.0 -9999.0 -9999.0 -9999.0 -9999.0 -9999.0 -9999.0 -9999.0 -9999.0 -9999.0 -9999.0 -9999.0
-9999.0 -9999.0 -9999.0 -9999.0 -9999.0 -9999.0 -9999.0 -9999.0 -9999.0 -9999.0 -9999.0 -9999.0 -9999.0 -9999.0 -9999.0 -9999.0 -9999.0 -9999.0 -9999.0 -9999.0 -9999.0 -9999.0 -9999.0 -9999.0 -9999.0 -9999.0 -9999.0 -9999.0 -9999.0 -9999.0 -9999.0 -9999.0 -9999.0 -9999.0 -9999.0 -9999.0 -9999.0 -9999.0 -9999.0 -9999.0 -9999.0 -9999.0 -9999.0 -9999.0 -9999.0 -9999.0 -9999.0 -9999.0 -9999.0 -9999.0 -9999.0 -9999.0 -9999.0 -9999.0 -9999.0
-9999.0 -9999.0 -9999.0 -9999.0 -9999.0 -9999.0 -9999.0 -9999.0 -9999.0 -9999.0 -9999.0 -9999.0 -9999.0 -9999.0 -9999.0 -9999.0 -9999.0 -9999.0 -9999.0 -9999.0 -9999.0 -9999.0 -9999.0 -9999.0 -9999.0 -9999.0 -9999.0 -9999.0 -9999.0 -9999.0 -9999.0 -9999.0 -9999.0 -9999.0 -9999.0 -9999.0 -9999.0 -9999.0 -9999.0 -9999.0 -9999.0 -9999.0 -9999.0 -9999.0 -9999.0 -9999.0 -9999.0 4072.143918 4055.002215 4042.320058 4036.715379 4057.135463 4079.979611 4103.687321 4124.083621
-9999.0 -9999.0 -9999.0 -9999.0 -9999.0 -9999.0 -9999.0 -9999.0 -9999.0 -9999.0 -9999.0 -9999.0 -9999.0 -9999.0 -9999.0 -9999.0 -9999.0 -9999.0 -9999.0 -9999.0 -9999.0 -9999.0 -9999.0 -9999.0 -9999.0 -9999.0 -9999.0 -9999.0 -9999.0 -9999.0 -9999.0 -9999.0 -9999.0 -9999.0 -9999.0 -9999.0 -9999.0 -9999.0 -9999.0 -9999.0 4123.990343 4129.842390 4128.999959 4119.243964 4107.740561 4093.383457 4072.437099 4055.383930 4042.845887 4041.032122 4043.247503 4044.904618 4064.719024 4090.241974 4110.104589
-9999.0 -9999.0 -9999.0 -9999.0 -9999.0 -9999.0 -9999.0 -9999.0 -9999.0 -9999.0 -9999.0 -9999.0 -9999.0 -9999.0 -9999.0 -9999.0 -9999.0 -9999.0 -9999.0 -9999.0 -9999.0 -9999.0 -9999.0 -9999.0 -9999.0 -9999.0 -9999.0 -9999.0 -9999.0 -9999.0 -9999.0 -9999.0 -9999.0 -9999.0 4031.842908 4048.480399 4066.203931 4084.684034 4101.622265 4108.689478 4114.431611 4119.518429 4114.524437 4109.994277 4097.951798 4076.017877 4056.600382 4044.040256 4043.333837 4040.747627 4043.812396 4054.630716 4070.957445 4085.306556 4105.468755
-9999.0 -9999.0 -9999.0 -9999.0 -9999.0 -9999.0 -9999.0 -9999.0 -9999.0 -9999.0 -9999.0 -9999.0 -9999.0 -9999.0 -9999.0 -9999.0 -9999.0 -9999.0 -9999.0 -9999.0 -9999.0 -9999.0 -9999.0 -9999.0 -9999.0 -9999.0 -9999.0 -9999.0 4038.510672 4032.433575 4027.530783 4025.723206 4024.009242 4022.922623 4029.339869 4039.915620 4056.380148 4078.414315 4091.636449 4098.741447 4105.540134 4105.526657 4099.057874 4097.164454 4097.414908 4084.140798 4071.326958 4059.313974 4047.504942 4043.494402 4051.835333 4065.827962 4081.750409 4095.926880 4110.824735
-9999.0 -9999.0 -9999.0 -9999.0 -9999.0 -9999.0 -9999.0 -9999.0 -9999.0 -9999.0 -9999.0 -9999.0 -9999.0 -9999.0 -9999.0 -9999.0 -9999.0 -9999.0 -9999.0 -9999.0 -9999.0 -9999.0 -9999.0 4008.927553 4013.398738 4019.738453 4027.283118 4028.060310 4024.853017 4019.347176 4016.554923 4014.890799 4012.117385 4016.378637 4022.664824 4035.035020 4049.724611 4071.824863 4079.591741 4082.850958 4093.515765 4097.201134 4105.399946 4108.826435 4106.446977 4101.503590 4085.315149 4072.498484 4073.192618 4076.099395 4082.542042 4090.589155 4103.701141 4116.429847 4130.583370
-9999.0 -9999.0 -9999.0 -9999.0 -9999.0 -9999.0 -9999.0 -9999.0 -9999.0 -9999.0 -9999.0 -9999.0 -9999.0 -9999.0 -9999.0 -9999.0 -9999.0 -9999.0 -9999.0 3984.747129 3985.763702 3987.259500 3992.031848 3992.101187 3993.523116 3999.947190 4007.608284 4010.401194 4007.685840 4006.522044 4007.368435 4009.453592 4013.548958 4023.142697 4035.763076 4048.935092 4060.664751 4080.540912 4094.080497 4105.195858 4119.459524 4119.697062 4115.651709 4113.450693 4112.554003 4109.668708 4105.451509 4102.618154 4108.178696 4106.863959 4108.784155 4117.278933 4128.879897 4144.198394 4160.352984
-9999.0 -9999.0 -9999.0 -9999.0 -9999.0 -9999.0 -9999.0 -9999.0 -9999.0 -9999.0 -9999.0 -9999.0 -9999.0 -9999.0 -9999.0 -9999.0 3955.662359 3957.286757 3959.573113 3964.983827 3968.809941 3972.510897 3979.234757 3980.536905 3983.398507 3989.943721 3993.667216 4002.533996 4010.380236 4016.622723 4021.578009 4022.975361 4028.122105 4036.067158 4046.159836 4058.351815 4076.731402 4099.322459 4113.721671 4129.303288 4145.572402 4145.190657 4142.365468 4141.450511 4138.478211 4137.331012 4149.811619 4151.354580 4143.189527 4149.839875 4160.129369 4161.506288 4167.557729 4186.938463 4208.092645
-9999.0 -9999.0 -9999.0 -9999.0 -9999.0 -9999.0 -9999.0 -9999.0 -9999.0 -9999.0 -9999.0 -9999.0 -9999.0 3905.242289 3908.975133 3919.233599 3931.344114 3934.348116 3939.280321 3945.924638 3957.645347 3960.831105 3966.188019 3972.604239 3984.834642 3992.643937 4000.349673 4010.997697 4017.731002 4023.373135 4028.270135 4028.930818 4038.466451 4050.677683 4063.197886 4080.585744 4101.183986 4117.676872 4133.891627 4149.355045 4159.279567 4154.169903 4152.542504 4153.728207 4156.566505 4167.294480 4182.234008 4179.083369 4185.185352 4204.131649 4212.649533 4217.952745 4222.730432 4236.338146 4257.687314
-9999.0 -9999.0 -9999.0 -9999.0 -9999.0 -9999.0 -9999.0 -9999.0 -9999.0 -9999.0 3880.868181 3881.829603 3877.679524 3873.731501 3879.441424 3891.525028 3906.023515 3910.760098 3922.471989 3943.509506 3961.973063 3964.166260 3976.346875 3985.683051 3991.300848 3999.544482 4010.806661 4021.011882 4034.232695 4043.885608 4050.006909 4063.538381 4077.321541 4091.595221 4106.936427 4125.810037 4139.338240 4160.208845 4183.221948 4189.492275 4203.735592 4203.159268 4197.955012 4194.815244 4203.438437 4212.242694 4224.173177 4236.624543 4253.362836 4273.534914 4281.057265 4293.033059 4301.207446 4310.686414 4325.737860
-9999.0 -9999.0 -9999.0 -9999.0 -9999.0 -9999.0 -9999.0 -9999.0 3856.463761 3864.613242 3869.344474 3865.505065 3860.500737 3853.388594 3867.848101 3882.511550 3897.588523 3915.483415 3930.115834 3947.584285 3960.054600 3973.178179 3992.228906 4001.288184 4009.996085 4023.267889 4034.349990 4046.654826 4065.065588 4069.677341 4077.325078 4094.457588 4107.633756 4122.564773 4139.036756 4153.598643 4170.784433 4198.853077 4225.879238 4239.309069 4263.970486 4278.729859 4271.202267 4267.869724 4267.900903 4289.594589 4314.265677 4342.292868 4358.828737 4380.671920 4408.206340 4427.362450 4436.378210 4447.270622 4460.968253
-9999.0 -9999.0 -9999.0 -9999.0 -9999.0 -9999.0 3827.762084 3851.895732 3866.718094 3857.337492 3841.118817 3834.810733 3827.238772 3859.955323 3881.733257 3898.258548 3913.940048 3930.419398 3945.448554 3951.239337 3978.321725 3996.986251 4006.671043 4017.006274 4029.944999 4042.809056 4057.122919 4076.288530 4091.057108 4109.274215 4121.160547 4134.140234 4155.846913 4171.405323 4186.813704 4198.290707 4224.092415 4257.436423 4290.966388 4313.808490 4337.238704 4368.757531 4366.495246 4367.375531 4367.645973 4392.167218 4426.524288 4456.114147 4487.408960 4517.599517 4546.451044 4556.846992 4565.739232 4575.571116 4588.176914
-9999.0 -9999.0 -9999.0 -9999.0 3796.298862 3816.759682 3834.433928 3863.705338 3884.840271 3879.194081 3882.070872 3878.597762 3872.504423 3877.068662 3884.673696 3900.567927 3918.739324 3937.304911 3949.303042 3972.827563 4019.280334 4027.743158 4041.426748 4068.814971 4077.759535 4090.121498 4104.276109 4122.893293 4138.053816 4162.636243 4193.424630 4219.622583 4239.238593 4257.048054 4275.225677 4290.548577 4325.699056 4362.372663 4397.664330 4428.516357 4454.779234 4481.029512 4486.444348 4490.949972 4500.799528 4518.306518 4541.568144 4569.452363 4603.927060 4636.326107 4659.464818 4667.723633 4672.617990 4682.214615 4689.377408
-9999.0 -9999.0 -9999.0 3740.749439 3779.701916 3819.505526 3844.066108 3873.342962 3904.977116 3902.558244 3910.303606 3907.696283 3903.928464 3907.413750 3907.955600 3923.112810 3940.640697 3960.469079 3980.569993 4012.137447 4038.623261 4051.992169 4077.622302 4089.827111 4099.832647 4111.038081 4128.775617 4147.077703 4181.921597 4209.294338 4253.950192 4303.789517 4334.854359 4353.289181 4376.045461 4403.941085 4429.543357 4469.312010 4503.525181 4535.772371 4566.081888 4588.055944 4601.671236 4606.029540 4616.063956 4621.540024 4633.579286 4654.742090 4677.482001 4708.880079 4738.623352 4768.769981 4784.608927 4796.203533 4813.835943
-9999.0 -9999.0 3691.983335 3731.904338 3761.993933 3807.043340 3859.472915 3894.096032 3932.233250 3948.768005 3950.046431 3957.835512 3965.889728 3964.231726 3970.174906 3980.673124 4003.227734 4012.116400 4032.872577 4043.750487 4076.873452 4107.116144 4095.754127 4130.258781 4159.256655 4193.052933 4215.258158 4241.895325 4280.411855 4312.596950 4356.342834 4406.747361 4440.605581 4468.308820 4484.698480 4505.760781 4526.187422 4553.695240 4591.612831 4617.079777 4651.676707 4677.410186 4696.936005 4696.692171 4699.259690 4715.829338 4745.389206 4777.716591 4807.977945 4838.507753 4818.607325 4845.157490 4857.044355 4863.676323 4874.104134
-9999.0 -9999.0 3660.415419 3707.323731 3739.579133 3794.241148 3882.336136 3914.940661 3953.268493 3997.939701 4009.544850 4029.395150 4017.221865 3999.427479 4014.933645 4026.384094 4049.002897 4056.620271 4049.101846 4100.233372 4151.226025 4168.477953 4163.797399 4243.642627 4298.185755 4324.981996 4343.324739 4364.052672 4383.186095 4421.012592 4458.848254 4514.514505 4556.013534 4586.356123 4601.224276 4622.374372 4642.411950 4657.517275 4677.777426 4726.887549 4764.888441 4797.355495 4830.896608 4852.879865 4861.338175 4867.051343 4837.842780 4860.076456 4875.154407 4881.657432 4884.303808 4880.424713 4879.909041 4880.790009 4881.709744
-9999.0 3565.362958 3617.894893 3667.203466 3729.617583 3788.388611 3859.850514 3932.501912 4001.076002 4054.233670 4077.944129 4065.002896 4053.697566 4073.605861 4090.999759 4104.458785 4110.839228 4122.786802 4101.688819 4156.905431 4190.547170 4233.388471 4330.723395 4390.386479 4459.470801 4454.613234 4441.892982 4445.553594 4460.224286 4508.243127 4591.233246 4650.664488 4720.629976 4772.697374 4791.028070 4799.349513 4818.989094 4840.623954 4778.881499 4828.159252 4850.999498 4870.057891 4881.480410 4884.107265 4885.574372 4885.301174 4881.502631 4874.293024 4865.976653 4860.024444 4855.718594 4851.215191 4853.661751 4857.008031 4856.994139
-9999.0 3525.792441 3582.305032 3649.307690 3715.033354 3754.427607 3829.345051 4002.537099 4067.437230 4105.308624 4105.334730 4066.611279 4118.549023 4176.922371 4198.917200 4244.921435 4227.031627 4211.335117 4168.012100 4191.899539 4228.409660 4299.553780 4480.171210 4571.267009 4631.099415 4639.027422 4638.799248 4668.333503 4715.402670 4766.807045 4817.065530 4777.614437 4834.349357 4862.453012 4868.325762 4869.147820 4875.453461 4873.759014 4872.630757 4868.031930 4862.758533 4862.947926 4867.785154 4867.655237 4864.617327 4861.104029 4855.317806 4847.900627 4842.778755 4838.133707 4835.497145 4832.699335 4830.599562 4829.579436 4824.468211
-9999.0 3481.230770 3557.192229 3613.199075 3652.007324 3734.234240 3865.192409 4011.780799 4109.137529 4142.009093 4104.988341 4129.807514 4234.279036 4344.901828 4398.595907 4419.443794 4394.828172 4338.952226 4312.745019 4357.182385 4430.747282 4560.580581 4715.266784 4822.901941 4839.717237 4843.633818 4788.093030 4817.977671 4845.676945 4848.963936 4850.264541 4859.831780 4865.035436 4868.151669 4866.525811 4863.617572 4858.736513 4850.420703 4845.651191 4841.838002 4837.973246 4836.603686 4838.438949 4840.509641 4837.586718 4833.640755 4829.145189 4823.572843 4817.169340 4810.308879 4805.822276 4801.425026 4799.223256 4793.346448 4789.957898
-9999.0 3348.374335 3447.681117 3482.323585 3540.905124 3734.264242 3863.965734 4000.497759 4172.217207 4186.903283 4223.240539 4370.269167 4495.686619 4579.937801 4606.751809 4639.116179 4663.751131 4678.723127 4717.477033 4574.974618 4664.483781 4776.219668 4828.328983 4850.925469 4863.895219 4864.327228 4853.976562 4832.691930 4821.847282 4815.078731 4816.695293 4824.043340 4828.524926 4833.153856 4830.797804 4832.052343 4833.521224 4830.387217 4826.259682 4817.324647 4809.359271 4802.330692 4798.585646 4803.119691 4798.501806 4796.341292 4789.983616 4781.285232 4772.104024 4764.681625 4756.479912 4749.813977 4747.613859 4742.608261 4741.351170
-9999.0 3267.170649 3337.739739 3385.366275 3484.675660 3647.469780 3729.478687 3883.511653 4136.166070 4280.076919 4458.619710 4557.595726 4629.176171 4667.181996 4715.707832 4771.367891 4800.632920 4814.270930 4778.133187 4805.229380 4759.899252 4748.415031 4766.874436 4797.676616 4816.553274 4820.927298 4813.332018 4804.628109 4797.323742 4796.201036 4793.765515 4788.890593 4784.010358 4779.973182 4776.834817 4780.161518 4785.757733 4778.276889 4767.376825 4757.434166 4748.488303 4738.903555 4732.751271 4727.636132 4728.439392 4728.789330 4720.961241 4710.246373 4699.102529 4690.590479 4683.352774 4679.013572 4676.106177 4670.911296 4660.444382
-9999.0 3138.243456 3275.082252 3343.685608 3426.155114 3550.542450 3644.712887 3790.970245 3913.751937 4167.893542 4304.976876 4528.005156 4582.524322 4658.136234 4703.740823 4781.053057 4775.094295 4744.027953 4698.307857 4682.620333 4696.595018 4706.363099 4713.988404 4727.696849 4746.027456 4756.698070 4762.839143 4757.363937 4742.992893 4729.591157 4717.139122 4702.246630 4692.111160 4689.218576 4694.305489 4705.246241 4705.232484 4695.794207 4681.189140 4662.125534 4645.888834 4633.589819 4631.795323 4634.962376 4636.317401 4631.959257 4626.288351 4615.213919 4602.331975 4589.428074 4584.034428 4579.791047 4571.932211 4559.979202 4547.485446
-9999.0 -9999.0 3184.398164 3290.961833 3376.932979 3481.228494 3558.203708 3664.718226 3800.216917 3968.120324 4085.252538 4283.916444 4388.513985 4433.937662 4464.686546 4522.706142 4551.642371 4588.193902 4587.048044 4602.216122 4614.195739 4620.298728 4625.103204 4629.801753 4640.056771 4650.264885 4661.599443 4658.731716 4650.049011 4628.445202 4600.984695 4579.524062 4568.454465 4558.425432 4571.462969 4584.423800 4578.059760 4570.986224 4557.987952 4541.440593 4528.855677 4514.293043 4510.839688 4510.557852 4511.230765 4508.981370 4506.910262 4494.340975 4482.004997 4472.462094 4468.659543 4462.941991 4459.665049 4449.844579 4439.174644
-9999.0 -9999.0 3093.830138 3194.884053 3290.398238 3403.075312 3478.372093 3466.928340 3595.422663 3693.443636 3802.540976 3919.215727 4022.266857 4094.232308 4124.953874 4189.196318 4251.801060 4272.262694 4320.253093 4383.203371 4421.324325 4465.521822 4490.976095 4500.169069 4512.832192 4528.107648 4535.486260 4519.225913 4507.839948 4490.492531 4466.197798 4438.199663 4424.072464 4424.531373 4422.528608 4422.906362 4414.592130 4405.697821 4391.016454 4377.435538 4365.324412 4357.031659 4353.501535 4347.135721 4344.440013 4341.640259 4340.239399 4335.807263 4328.230893 4324.364911 4315.940152 4312.659924 4312.299028 4310.065571 4305.027711
