tests/Borden05m/data_simulated/sim_1/output-maps/psiliqL0029N0002.asc
ncols         160
nrows         34
xllcorner     620200.000000
yllcorner     5168000.000000
cellsize      0.500000
NODATA_value  -9999.0
[rows 0 to 24 of 34, columns 55 to 109 of 160]
-9999.0 -9999.0 -9999.0 -9999.0 -9999.0 -9999.0 -9999.0 -9999.0 -9999.0 -9999.0 -9999.0 -9999.0 -9999.0 -9999.0 -9999.0 -9999.0 -9999.0 -9999.0 -9999.0 -9999.0 -9999.0 -9999.0 -9999.0 -9999.0 -9999.0 -9999.0 -9999.0 -9999.0 -9999.0 -9999.0 -9999.0 -9999.0 -9999.0 -9999.0 -9999.0 -9999.0 -9999.0 -9999.0 -9999.0 -9999.0 -9999.0 -9999.0 -9999.0 -9999.0 -9999.0 -9999.0 -9999.0 -9999.0 -9999.0 -9999.0 -9999.0 -9999.0 -9999.0 -9999.0 -9999.0
-9999.0 -9999.0 -9999.0 -9999.0 3997.335390 3992.078607 3987.420431 3983.001877 3974.584232 3965.260243 3957.533634 3953.307846 3952.088354 3951.233475 3950.534312 3955.284741 3963.317636 3970.884275 3977.652543 3980.025892 3982.309992 3984.034384 3984.168367 3983.010793 3979.730585 3976.329440 3972.903886 3971.127416 3963.919969 3952.836495 3944.631704 3941.948749 3946.057100 3950.356943 3952.797020 3957.801412 3968.082204 3978.611266 3987.180728 3999.880079 4007.150300 4012.522018 4014.992283 4011.000615 4007.765994 4003.729843 3997.325881 3986.201907 -9999.0 -9999.0 -9999.0 -9999.0 -9999.0 -9999.0 -9999.0
3942.311085 3960.630762 3981.825660 3984.893324 3973.035735 3967.900953 3964.783479 3963.196855 3959.089968 3950.631423 3945.538647 3940.023700 3937.169995 3937.129517 3936.924403 3940.430841 3951.273857 3958.965447 3963.416239 3966.023160 3968.867964 3966.940597 3966.045438 3965.785731 3962.826965 3959.274690 3955.844336 3953.933938 3955.600952 3947.983716 3941.849995 3937.824985 3934.552691 3937.332643 3940.082077 3944.930116 3953.999332 3961.820451 3969.727777 3985.088162 3998.430765 4004.213721 4001.643743 3997.133288 3993.295459 3985.695928 3974.760304 3964.843879 3957.144983 3951.264281 3945.949752 3939.367021 3945.894117 3954.077259 3963.281900
3925.494502 3944.664066 3965.169567 3967.644577 3957.461703 3949.840333 3942.550996 3943.119456 3946.813269 3943.626827 3938.739909 3930.262766 3940.601794 3941.483859 3942.016650 3945.103948 3946.618170 3952.129033 3954.391439 3959.643665 3968.541160 3971.301269 3971.642809 3971.594476 3969.504165 3966.147211 3964.078484 3961.207233 3955.855331 3953.852493 3953.320460 3951.769038 3955.631968 3957.147182 3960.323271 3955.099336 3959.713879 3965.966134 3972.952466 3978.221487 3984.226759 3986.402018 3983.093220 3984.018439 3975.686327 3962.081172 3952.537723 3945.341777 3946.113454 3943.256913 3935.351060 3921.429281 3930.061906 3946.355077 3951.229860
3930.068692 3938.913584 3949.167293 3951.525250 3946.453189 3948.838463 3950.628985 3951.723617 3949.756803 3946.049723 3941.068429 3950.953859 3958.943611 3960.170866 3962.412031 3966.352418 3967.464021 3956.768655 3954.749954 3961.704585 3971.122188 3976.047547 3976.143678 3975.632532 3971.493273 3970.223692 3969.987891 3968.219729 3967.350022 3968.655234 3965.621619 3968.143590 3973.553128 3976.952953 3972.328405 3964.075517 3966.643695 3975.254469 3984.598822 3992.236860 4002.273065 4012.900760 4013.471437 4009.199210 4000.796076 3988.598449 3966.370450 3949.338170 3938.364129 3930.192820 3922.941028 3926.663144 3921.617206 3936.090408 3937.968075
3913.495822 3935.063819 3954.831838 3960.192455 3954.148203 3950.700162 3949.787662 3950.354524 3949.079764 3948.902320 3956.709816 3968.008813 3978.420294 3980.195546 3981.786376 3980.244488 3973.031311 3962.645966 3960.177885 3973.019038 3989.815489 3997.524297 3996.711434 3991.475592 3993.639318 3994.089773 3995.102818 3992.092375 3992.481447 3989.131772 3993.482308 4001.176827 4009.351948 4008.092005 3995.595490 3983.027264 3983.293806 3989.381464 3997.189041 4005.073860 4015.178910 4024.121786 4019.348693 4014.627373 4007.836198 3982.875436 3961.251346 3947.524728 3947.880156 3948.788219 3944.483623 3942.758738 3942.451749 3939.078593 3939.513457
3948.396061 3967.177962 3987.486931 3999.793150 3993.541858 3986.227865 3978.209242 3978.310762 3978.085467 3983.393030 3993.149830 4004.795645 4025.987589 4024.669719 4024.471217 4022.182964 4008.851190 3995.397675 3985.695836 4008.778072 4020.012125 4026.807974 4023.196745 4027.176951 4035.523789 4032.184869 4026.303260 4013.812875 4019.260292 4024.490712 4039.681639 4047.919404 4053.557252 4048.184103 4033.606719 4026.579170 4028.806312 4036.277196 4038.304584 4047.917316 4056.295046 4071.142827 4069.555285 4067.501971 4048.119620 4010.949728 3982.690864 3971.813243 3984.482349 3979.030619 3972.649205 3973.345606 3962.938836 3956.596648 3959.743379
3977.780557 3990.324187 4006.204493 4022.449944 4012.696427 4002.720819 3985.525962 3981.836542 3985.289670 3995.563109 4012.830697 4029.780632 4048.916058 4045.468197 4036.708505 4046.441450 4039.363956 4028.183922 4020.853970 4044.743057 4054.426819 4064.354280 4069.187917 4081.875980 4092.103548 4073.975014 4055.723632 4044.095557 4051.585101 4078.637553 4102.337475 4107.117682 4105.688572 4104.331435 4087.505333 4083.055100 4080.387932 4081.994997 4080.069164 4078.662303 4105.647583 4128.325781 4128.327679 4107.008284 4084.340881 4043.667448 4005.606968 3982.825944 3998.741622 3995.029460 3999.146290 3989.992513 3978.968976 3973.828915 3972.844467
4023.676665 4043.826739 4059.509595 4081.795389 4070.564491 4046.146000 4028.357130 4030.587817 4044.519672 4052.991868 4072.414108 4088.130250 4112.857312 4123.070630 4132.681940 4136.688675 4130.007079 4121.590293 4109.856426 4116.868354 4142.497859 4154.161237 4162.041454 4169.977178 4182.757753 4181.964686 4174.042149 4171.905391 4176.599491 4191.667039 4207.510207 4214.329875 4216.876967 4218.815562 4203.309390 4189.711045 4188.689882 4183.943259 4183.931454 4183.485777 4196.962320 4219.660624 4216.014603 4176.747387 4149.608728 4113.444357 4074.294174 4044.983050 4041.088388 4062.854457 4062.452006 4046.381224 4037.682405 4013.474121 4010.712054
4090.171187 4122.988587 4147.013187 4156.580418 4162.953812 4146.063372 4143.332151 4147.772114 4156.659854 4159.593137 4165.952483 4198.673070 4232.579812 4256.919588 4279.635614 4286.658289 4273.941866 4264.192458 4250.305151 4241.678561 4254.466006 4272.565687 4290.615218 4305.482315 4316.923941 4318.665374 4317.003143 4317.025653 4320.449504 4323.500289 4328.189750 4337.311122 4345.118410 4353.502014 4360.840447 4349.239230 4332.093769 4323.479171 4315.494592 4315.619787 4317.595665 4322.665658 4323.856397 4304.664296 4259.654378 4226.810140 4194.155021 4176.268568 4164.422128 4166.994381 4148.628976 4123.347603 4070.062931 4032.895545 4001.952441
4173.874518 4219.532231 4249.034644 4265.020019 4277.509013 4273.361853 4275.344104 4276.228242 4279.688716 4281.594221 4283.472981 4311.690948 4354.856359 4395.329342 4427.379940 4426.405485 4411.616785 4400.066757 4391.291118 4375.953605 4371.900850 4385.889849 4402.550705 4424.089650 4434.371652 4439.619726 4435.650985 4435.837285 4438.028709 4440.493739 4442.766298 4446.894233 4457.319436 4473.359323 4488.805478 4487.425612 4466.869428 4448.515389 4432.688560 4431.307550 4429.641879 4424.783647 4427.558637 4429.565240 4411.177888 4377.798875 4336.340079 4295.828745 4280.988732 4266.830551 4255.978417 4238.255481 4193.325681 4122.062765 4079.781618
4290.279985 4326.864753 4356.425739 4387.233239 4401.500308 4402.609214 4399.522784 4397.761320 4404.939736 4406.960487 4411.668157 4428.524803 4463.388125 4501.142201 4532.080788 4547.257513 4538.424420 4518.954046 4495.302528 4484.191484 4480.834112 4484.952077 4495.379634 4509.714807 4530.533406 4551.120435 4557.059716 4557.998295 4555.239814 4557.798357 4559.518678 4559.667780 4563.156721 4572.799847 4583.553647 4587.175615 4578.468903 4555.778245 4531.105575 4520.379744 4514.311803 4511.066755 4512.770349 4518.863395 4522.915301 4506.923471 4468.829113 4421.838643 4392.137306 4378.239641 4365.763901 4351.032130 4337.654399 4300.450240 4278.016513
4401.584805 4417.724025 4447.309892 4477.260508 4499.900532 4514.435820 4514.036557 4516.535956 4521.486565 4528.320530 4543.504002 4568.403604 4589.248556 4613.903398 4642.406313 4659.987452 4665.206796 4662.959469 4658.032233 4659.059194 4659.480409 4584.740685 4592.074673 4599.401713 4619.733664 4637.557972 4644.103915 4644.862381 4641.836252 4643.924181 4644.834422 4644.653063 4644.270851 4647.350255 4653.388629 4655.696476 4652.843401 4638.226778 4661.331912 4640.181465 4626.092319 4617.540663 4609.000553 4600.690076 4591.112437 4580.904368 4559.298584 4526.671837 4491.338024 4470.939110 4463.588029 4457.189869 4447.727492 4441.507685 4423.423311
4501.501639 4512.156865 4531.503753 4555.443410 4591.872113 4617.011656 4628.940229 4638.687563 4643.470020 4658.136160 4676.033924 4656.541156 4666.454035 4676.712036 4686.904436 4690.404595 4691.406769 4690.944341 4688.482703 4687.558297 4684.876449 4681.747321 4670.922580 4672.571752 4674.669678 4677.338108 4681.154185 4680.117288 4681.294129 4684.270439 4682.416447 4676.162898 4671.906116 4670.324449 4671.502331 4679.068497 4682.690527 4683.709375 4679.563423 4678.536923 4677.348347 4673.290637 4668.224667 4661.083143 4651.947723 4670.482188 4657.600794 4627.680676 4584.625111 4540.880235 4534.702845 4537.988540 4537.419716 4535.991791 4530.184079
4633.706575 4648.216736 4663.839959 4635.438750 4662.094398 4675.735714 4682.114154 4686.788133 4689.783667 4693.606732 4690.663189 4687.775037 4682.786172 4681.095413 4679.700075 4677.218767 4677.832741 4675.941281 4671.788206 4667.535851 4659.020435 4647.105830 4635.920898 4632.000183 4636.217814 4642.053507 4647.499069 4652.378283 4656.252618 4655.911593 4650.165120 4641.477292 4633.711592 4632.121552 4639.175780 4645.019254 4651.999923 4652.952258 4651.545344 4648.877752 4648.473916 4644.912830 4645.029103 4652.363222 4667.732571 4669.522073 4676.563967 4675.561136 4655.698246 4619.730724 4637.231815 4616.879641 4623.569348 4618.786772 4607.194501
4681.461466 4684.767609 4682.822102 4681.936530 4675.369838 4669.177697 4668.351993 4672.418888 4679.554564 4680.527382 4673.375761 4664.597726 4657.170728 4649.423057 4646.935388 4646.546762 4646.381106 4646.979165 4641.613977 4631.715789 4614.004624 4602.312230 4591.207453 4585.240581 4580.818964 4583.798485 4595.566528 4608.650914 4613.856208 4603.677771 4594.823553 4582.534868 4574.391757 4574.900709 4575.559196 4585.302603 4603.213491 4611.777209 4612.635506 4605.711064 4598.571626 4591.660916 4588.276948 4594.680547 4610.294722 4627.776610 4644.229906 4653.840094 4661.809950 4669.239720 4665.994973 4669.265630 4671.065313 4668.524407 4672.874468
4676.279725 4669.103235 4661.925671 4656.473100 4650.000339 4644.749167 4642.815613 4644.479172 4646.069645 4641.644797 4635.255805 4625.171156 4613.943714 4604.098035 4595.913621 4596.951111 4599.331728 4601.180275 4593.505457 4577.668971 4559.501031 4545.841941 4531.846678 4527.860726 4521.577322 4512.779014 4522.791220 4543.461044 4551.253059 4534.250797 4522.968178 4507.354535 4500.965564 4496.657986 4497.218621 4506.066587 4529.571369 4555.367945 4557.793353 4546.443058 4535.147059 4530.497788 4527.168115 4531.365670 4547.918419 4569.323165 4586.099014 4597.016393 4602.407216 4610.240006 4619.744463 4634.831909 4650.352739 4663.279833 4666.875609
4650.546949 4642.716938 4634.974583 4627.233674 4620.263375 4613.955388 4609.554034 4607.551540 4603.110319 4596.840436 4589.665295 4566.856195 4554.132589 4540.721626 4525.217914 4521.043278 4515.556760 4516.360704 4504.609481 4497.195926 4481.193027 4465.735525 4449.995983 4435.661068 4429.900856 4422.891431 4419.380267 4432.294282 4440.570970 4432.188552 4422.643422 4412.622787 4408.591651 4405.213974 4407.908367 4418.481129 4437.368300 4455.726514 4464.733074 4457.662333 4457.665847 4458.549694 4457.008833 4463.721040 4473.669588 4491.349694 4514.518818 4534.665359 4544.948408 4551.758978 4560.893989 4575.546910 4589.948377 4604.660078 4623.205559
4619.741456 4610.275471 4600.198634 4590.271332 4579.594646 4568.861497 4562.089614 4565.032885 4559.013111 4553.432704 4528.267767 4470.147021 4447.857190 4428.365670 4411.611894 4404.385662 4395.451976 4376.648607 4367.989943 4364.031087 4368.856897 4355.234252 4337.611831 4319.364234 4314.512350 4311.132654 4291.147272 4283.658539 4283.397974 4303.456380 4297.798953 4297.959836 4301.151806 4298.838824 4299.586744 4312.154136 4318.672214 4322.790085 4329.879474 4336.788977 4348.733240 4357.642827 4370.068558 4387.908609 4398.271836 4413.160949 4433.432542 4459.997698 4476.392266 4486.082090 4496.482334 4511.861478 4528.087415 4546.140747 4568.794629
4584.616278 4567.155737 4552.148564 4537.574256 4524.670263 4511.580040 4494.757019 4496.774470 4494.847445 4483.820327 4424.516363 4383.955014 4349.402055 4332.281398 4307.929128 4293.504217 4275.312308 4232.958934 4214.407301 4215.607075 4233.518434 4231.889952 4217.076524 4205.831636 4195.983959 4185.747262 4166.480011 4144.574597 4151.103630 4171.624599 4174.328089 4179.318188 4188.457936 4188.384095 4180.659649 4175.380027 4186.753619 4191.487216 4203.262241 4223.088507 4228.383026 4247.383843 4283.776853 4296.562498 4311.733584 4329.747249 4349.859630 4371.908253 4395.335205 4409.750579 4425.205102 4443.636432 4460.347872 4480.623562 4503.069853
4532.250694 4500.009892 4478.266206 4460.487732 4440.636070 4411.597768 4391.515683 4389.110637 4382.983495 4350.627901 4296.136222 4261.746522 4240.127638 4218.269354 4195.428597 4169.916513 4129.134466 4093.212543 4070.794370 4089.853964 4102.420012 4117.532884 4106.963105 4096.832100 4087.422871 4068.007225 4050.681887 4032.681144 4044.547075 4053.297265 4075.837899 4083.897580 4087.968759 4095.007050 4093.484186 4080.644355 4072.179161 4080.027230 4089.801672 4102.362521 4126.645703 4164.296885 4189.262139 4207.914247 4228.376350 4246.582187 4267.457666 4290.060997 4313.141400 4330.306147 4348.456430 4366.596839 4387.299348 4405.782711 4427.914788
4448.201842 4419.847560 4393.609336 4370.230537 4336.801728 4287.909826 4273.479931 4264.248336 4239.282913 4188.035165 4146.413711 4129.969371 4120.356893 4097.590897 4077.506327 4047.829271 4013.037394 3993.003760 3972.406949 3984.172032 3995.798589 4019.000452 4011.442233 4006.191930 4004.380437 3988.954088 3975.953399 3958.893521 3964.846569 3977.849077 4003.536939 4010.241846 4014.688562 4024.970401 4024.354531 4018.955582 3998.441246 4004.501859 4015.401479 4030.413320 4062.683918 4084.615582 4106.539021 4128.376618 4147.334684 4168.398744 4189.935444 4212.369042 4238.804633 4258.153751 4276.856950 4298.073520 4316.570538 4329.378812 4343.845343
4337.005292 4313.705495 4295.197319 4271.108021 4226.120624 4181.975205 4138.776295 4108.486004 4051.487160 4016.158607 4000.584151 4005.079138 3995.308719 3977.169899 3959.716085 3941.661410 3921.717066 3904.788089 3879.887785 3886.349487 3903.793810 3922.336806 3926.412812 3929.244782 3928.668207 3920.300602 3907.111693 3893.590027 3897.467297 3915.340230 3933.825824 3944.876531 3953.027581 3960.848923 3960.374828 3949.747711 3938.944657 3943.163008 3958.699678 3974.501273 3990.526720 4010.104331 4030.001231 4049.808779 4071.664798 4093.426179 4115.423942 4139.393345 4165.547419 4186.605257 4209.641437 4233.337366 4248.342072 4255.381018 4260.592654
4233.002604 4215.230286 4192.801577 4165.155436 4122.900756 4084.165440 4044.060353 3994.253090 3961.653293 3934.560854 3932.078212 3918.955128 3908.446191 3896.488044 3877.643186 3863.463349 3851.174933 3831.146294 3824.606497 3833.241947 3847.387912 3854.960662 3863.642720 3862.320842 3860.682118 3856.085225 3842.348263 3840.413119 3851.076788 3866.254027 3879.549052 3891.605839 3898.524370 3903.201184 3899.876247 3890.143870 3887.945390 3895.849389 3910.919182 3923.412940 3936.611339 3956.052922 3974.608113 3994.987162 4016.187438 4036.817562 4059.898242 4083.713676 4108.590712 4135.053971 4156.016424 4172.466047 4179.320422 4186.984555 4183.038159
4108.325438 4099.343749 4074.117056 4046.183018 4018.865870 3988.468478 3967.221300 3937.631893 3909.335804 3882.237235 3857.711028 3848.552288 3845.152601 3834.605660 3819.965489 3810.970629 3797.188257 3790.873865 3800.042011 3801.349403 3808.810737 3806.316136 3807.882438 3806.127201 3806.126877 3805.048466 3800.844431 3814.620832 3820.831011 3833.740026 3843.424654 3853.160355 3858.642785 3861.819957 3863.188745 3859.513992 3865.888223 3871.113701 3883.860934 3894.047319 3906.075212 3924.571909 3939.975610 3957.219614 3977.841336 3999.168258 4021.220051 4045.218214 4071.675702 4094.563859 4110.022513 4114.246447 4121.266390 4119.634664 4105.123696
