tests/Borden05m/data_simulated/sim_1/output-maps/psiliqL0020N0011.asc
ncols         160
nrows         34
xllcorner     620200.000000
yllcorner     5168000.000000
cellsize      0.500000
NODATA_value  -9999.0
[rows 0 to 24 of 34, columns 55 to 109 of 160]
-9999.0 -9999.0 -9999.0 -9999.0 -9999.0 -9999.0 -9999.0 -9999.0 -9999.0 -9999.0 -9999.0 -9999.0 -9999.0 -9999.0 -9999.0 -9999.0 -9999.0 -9999.0 -9999.0 -9999.0 -9999.0 -9999.0 -9999.0 -9999.0 -9999.0 -9999.0 -9999.0 -9999.0 -9999.0 -9999.0 -9999.0 -9999.0 -9999.0 -9999.0 -9999.0 -9999.0 -9999.0 -9999.0 -9999.0 -9999.0 -9999.0 -9999.0 -9999.0 -9999.0 -9999.0 -9999.0 -9999.0 -9999.0 -9999.0 -9999.0 -9999.0 -9999.0 -9999.0 -9999.0 -9999.0
-9999.0 -9999.0 -9999.0 -9999.0 2235.087980 2229.887262 2225.243529 2221.015434 2212.894516 2204.158346 2196.580195 2193.021739 2192.493339 2192.188945 2192.166525 2197.677830 2206.142153 2214.143968 2221.448794 2224.066053 2226.675671 2228.930904 2229.504946 2228.552215 2225.565740 2222.536584 2219.340441 2217.876500 2210.313904 2199.172101 2190.699906 2188.003215 2192.265698 2196.600222 2198.987024 2204.331970 2214.661001 2225.037056 2233.106133 2244.833818 2250.777897 2255.488175 2257.703769 2253.113560 2249.193133 2244.853006 2238.877062 2227.619673 -9999.0 -9999.0 -9999.0 -9999.0 -9999.0 -9999.0 -9999.0
2180.053551 2199.144296 2220.000157 2223.417772 2211.881604 2207.101782 2204.258190 2202.860127 2198.815235 2190.759527 2186.101191 2181.179080 2179.404513 2179.942078 2180.411473 2184.768012 2195.705652 2203.981474 2208.976891 2211.854179 2214.828787 2214.066619 2213.615868 2213.550564 2210.850598 2207.562841 2204.332076 2202.640472 2203.734607 2196.228825 2190.520622 2186.853330 2184.455222 2187.012860 2189.487179 2193.395291 2202.514098 2210.258369 2217.936686 2232.190604 2244.507139 2249.456129 2246.360688 2240.997784 2236.616851 2229.052912 2218.304368 2207.914336 2199.084859 2192.150022 2186.082981 2179.254880 2184.688908 2191.176887 2199.984449
2164.963137 2184.686612 2205.455051 2208.533053 2198.340092 2190.734094 2185.182680 2186.052702 2189.645996 2186.832835 2182.654160 2176.690284 2186.505597 2188.144639 2189.561560 2193.304359 2196.241837 2200.864401 2203.783520 2209.407031 2218.589773 2221.546345 2222.216674 2222.487579 2220.740691 2217.696701 2215.942471 2213.287285 2208.146832 2206.738784 2206.709101 2205.886630 2210.319043 2211.730938 2214.030757 2207.888891 2211.740269 2217.727923 2224.312984 2229.939587 2235.865666 2238.517135 2234.628342 2233.881532 2224.832579 2210.497416 2199.534271 2191.112660 2189.873714 2186.169857 2177.529179 2163.455020 2170.341727 2185.320900 2189.182010
2171.769385 2181.418301 2193.077549 2196.324785 2191.805907 2194.130888 2196.377267 2198.288301 2197.151305 2194.461738 2191.775112 2203.694381 2213.005048 2215.107143 2218.292943 2222.629856 2223.356916 2212.481168 2210.638437 2218.633876 2228.766869 2234.376248 2234.748115 2234.681342 2231.903561 2230.953153 2230.792665 2228.925847 2229.073992 2231.069925 2229.750008 2233.444245 2238.970298 2242.114364 2235.528983 2226.662090 2228.114254 2236.088128 2244.639023 2251.800208 2261.721578 2272.158509 2271.154397 2265.383187 2255.851728 2242.073541 2218.342630 2199.155462 2187.421326 2178.952488 2170.823144 2171.484049 2166.576010 2178.245112 2179.043339
2166.194538 2185.874861 2207.075846 2214.522605 2209.234816 2205.570461 2204.315733 2205.679299 2205.907663 2208.201447 2219.269899 2232.596310 2246.093849 2249.079260 2251.780018 2251.353963 2243.474514 2233.624014 2230.837368 2245.117665 2262.009739 2270.290290 2270.503856 2268.013726 2273.006354 2272.581799 2272.191100 2268.257860 2269.678782 2269.114588 2276.605149 2284.219585 2291.711072 2290.081918 2277.752861 2265.723739 2264.842454 2268.882359 2273.913405 2280.500990 2290.178022 2298.931259 2293.268183 2286.387956 2276.930518 2249.001704 2223.190879 2206.782395 2205.993374 2205.413539 2199.728579 2196.105616 2193.029835 2186.532379 2185.387808
2210.399538 2231.403371 2252.520038 2267.644800 2262.527012 2255.635244 2247.234835 2248.401701 2250.777905 2258.373499 2270.639130 2286.217641 2309.634458 2311.294826 2313.551243 2314.583250 2303.056409 2290.805975 2280.740724 2301.130385 2312.057317 2320.023404 2319.594283 2327.040442 2336.375782 2332.509456 2325.590309 2314.534293 2320.550292 2329.541620 2344.615066 2351.935211 2356.429887 2353.291116 2340.613035 2334.233864 2334.239654 2338.505853 2337.732559 2344.033083 2352.922869 2367.181929 2365.432950 2358.595789 2336.597667 2298.745373 2265.992733 2248.483987 2256.065324 2248.600243 2240.586789 2237.521868 2223.910756 2213.806008 2214.001854
2256.342962 2272.943911 2291.130253 2309.318355 2303.307090 2293.921427 2279.905030 2278.902556 2285.452273 2296.331178 2315.213220 2336.072384 2358.379186 2362.144515 2360.665479 2370.662056 2364.717161 2355.188996 2347.806789 2364.659772 2375.847689 2386.714852 2394.412108 2407.188836 2418.237837 2405.160019 2390.679574 2382.901104 2389.135944 2411.896367 2431.766854 2436.606040 2436.539206 2437.238958 2424.779891 2419.067057 2414.180462 2411.817151 2407.441599 2404.125649 2425.437819 2443.787756 2442.025578 2418.811639 2394.589866 2355.847279 2317.171604 2288.043043 2293.446235 2289.118402 2289.073046 2275.419372 2260.666554 2247.801806 2240.452924
2325.444231 2351.529903 2370.856101 2393.091636 2389.687191 2370.745621 2359.616338 2364.117199 2377.996230 2386.341301 2403.953933 2424.846631 2453.735039 2470.648593 2486.166151 2491.431923 2483.851963 2475.512800 2463.424074 2465.623078 2486.639506 2499.376249 2509.178213 2518.862421 2531.506450 2534.425184 2529.688409 2528.616164 2532.504216 2542.898382 2554.651131 2561.242588 2565.103973 2568.217171 2559.252641 2547.727510 2544.294662 2537.358220 2533.319751 2531.297693 2537.942974 2553.193276 2549.601850 2517.031847 2488.929886 2453.608170 2414.951547 2383.668851 2371.076939 2382.677775 2375.217818 2356.872708 2340.945849 2309.638592 2297.864331
2412.431805 2447.538872 2474.395650 2488.553730 2500.035206 2491.140865 2491.842174 2496.832597 2505.479766 2510.211421 2517.927777 2550.651039 2584.647210 2611.945008 2635.892656 2644.420917 2633.512655 2624.181456 2611.824130 2603.116963 2611.267828 2627.590461 2645.026212 2660.425652 2671.789699 2674.650536 2673.189855 2673.459234 2676.247814 2679.099730 2682.703832 2690.016632 2697.561737 2708.310118 2717.785756 2709.180809 2690.682735 2679.865833 2668.450721 2665.290624 2664.735717 2665.207636 2664.772737 2651.162042 2612.965052 2581.647565 2549.127036 2524.298444 2506.204706 2498.079423 2477.123076 2452.376213 2402.449576 2362.847718 2328.805159
2516.643064 2560.236075 2590.686579 2612.204934 2627.254329 2628.123781 2631.277103 2633.984246 2639.527945 2643.952945 2649.345935 2674.698448 2716.552571 2755.637295 2786.711761 2788.972551 2777.680618 2767.157323 2757.784069 2745.373807 2741.929337 2752.547316 2766.126968 2784.554477 2795.443026 2802.959789 2799.422519 2799.802227 2802.364320 2803.237509 2804.977722 2807.805862 2816.306051 2830.146307 2843.128144 2842.924285 2826.306646 2810.036972 2793.376297 2788.401868 2783.780265 2777.715976 2778.134213 2778.379329 2765.113773 2735.178979 2694.399297 2651.912074 2629.504118 2610.140164 2596.582034 2579.065840 2543.813594 2482.165633 2445.494692
2643.691854 2676.343481 2708.894724 2740.773121 2758.360725 2764.108259 2763.908660 2765.044733 2772.999815 2777.986761 2786.039642 2801.723700 2830.774001 2863.872221 2892.677633 2909.288297 2903.662256 2888.414613 2868.669921 2861.054791 2858.984888 2861.966453 2870.222210 2880.965170 2898.691607 2916.589828 2821.500440 2822.466650 2920.953870 2822.267758 2819.655033 2819.754182 2821.924755 2828.835184 2837.483612 2840.555239 2838.167150 2918.908451 2896.622306 2883.562122 2875.583624 2870.985896 2869.812249 2872.245512 2872.717278 2858.141924 2825.451439 2782.991073 2750.446405 2731.034029 2714.946982 2697.482938 2683.810417 2655.101233 2633.876733
2765.518373 2781.723589 2810.361208 2839.230519 2862.182722 2878.405098 2881.282056 2886.264111 2891.774607 2900.784954 2916.547344 2833.237554 2845.946495 2865.904686 2890.033126 2904.596834 2909.985728 2909.178345 2906.357084 2907.859406 2908.206995 2861.029240 2866.000943 2870.932962 2883.919680 2896.210257 2896.642558 2897.193364 2899.288318 2896.920966 2897.446191 2897.517510 2897.224917 2898.605157 2902.457981 2903.928678 2902.245246 2896.236185 2908.118962 2889.509331 2876.791266 2868.917776 2860.895239 2852.482585 2843.011920 2837.310181 2918.139059 2888.183524 2853.544532 2829.678850 2818.914477 2810.683752 2801.248385 2793.933143 2776.129995
2873.277866 2885.645249 2904.028225 2926.550772 2851.669446 2868.800457 2879.595073 2888.442559 2893.062925 2906.138468 2921.180031 2905.737113 2911.939953 2918.466159 2924.926245 2927.134982 2927.754469 2927.447129 2925.135680 2924.552236 2922.486051 2918.577017 2908.610064 2910.192177 2911.968892 2914.553370 2918.143940 2916.977664 2918.104202 2921.017560 2919.442091 2913.738897 2909.961309 2908.454064 2909.268179 2916.576155 2919.928371 2920.910171 2918.595013 2917.827230 2917.113735 2914.561642 2911.334941 2906.748309 2900.847156 2910.798531 2903.713317 2877.976834 2845.392756 2909.250265 2897.988416 2895.844877 2894.453958 2890.826334 2883.552887
2885.078387 2898.020030 2912.025412 2897.993558 2910.841907 2919.425363 2923.497046 2926.890097 2929.420999 2931.607042 2928.454532 2925.163163 2920.341137 2918.855603 2917.463688 2914.978052 2915.528585 2913.555088 2909.527719 2905.700459 2898.477869 2887.325495 2876.124585 2872.997694 2877.386588 2882.704150 2887.463005 2891.349168 2894.888780 2895.383120 2890.320344 2882.284765 2875.081936 2873.405783 2880.135750 2885.834947 2891.860074 2892.736083 2891.474748 2889.337659 2889.426121 2886.648185 2887.077484 2893.896441 2907.903837 2911.781709 2916.256473 2915.542951 2903.003980 2884.325935 2887.928324 2868.261361 2873.103852 2868.427153 2857.115816
2921.292821 2923.539964 2922.421600 2921.111689 2914.922875 2909.010746 2908.211998 2912.048836 2918.836134 2919.845247 2912.736262 2904.294415 2897.123417 2889.912689 2887.550245 2886.560267 2886.005681 2886.213020 2880.864076 2872.323805 2860.244029 2848.755359 2837.618299 2831.604000 2828.541378 2832.527484 2843.026243 2853.982053 2858.791491 2850.650680 2842.740368 2831.593189 2823.699783 2824.169185 2825.815376 2835.155446 2850.792293 2857.201367 2858.126182 2852.480655 2847.092463 2841.034293 2838.636886 2845.349246 2860.408331 2871.983070 2886.504151 2895.165212 2902.649239 2909.479224 2910.062716 2912.019835 2913.080808 2911.354278 2912.477946
2915.935975 2909.241468 2902.520710 2897.376554 2890.870701 2885.430068 2883.529677 2885.458262 2887.592995 2883.634787 2877.100684 2871.180850 2860.124159 2850.253201 2843.023442 2843.665430 2845.655868 2846.782717 2839.833084 2829.063521 2910.850501 2896.691457 2882.102169 2877.557680 2871.716140 2865.294810 2875.406762 2893.838226 2900.644214 2885.739400 2875.357111 2860.708692 2853.921905 2850.466468 2851.772809 2861.150588 2882.793201 2905.257710 2907.605740 2898.047967 2888.806406 2885.309589 2883.672754 2890.290024 2908.538170 2826.044379 2837.125856 2847.189867 2852.764505 2860.766461 2870.173128 2878.985567 2892.832191 2904.478505 2910.631872
2891.811673 2884.157017 2876.503287 2868.896509 2862.056548 2860.199007 2855.774697 2853.454823 2849.738518 2843.461921 2840.434249 2924.186306 2910.583216 2896.630396 2880.762115 2875.492399 2869.910339 2869.757572 2857.188501 2847.430938 2830.692183 2814.690287 2798.149070 2785.407226 2779.240889 2772.657491 2773.202083 2787.303850 2795.880398 2784.881259 2775.013758 2763.603009 2758.564218 2755.435078 2757.943884 2768.648801 2789.633457 2808.618853 2817.153940 2810.562528 2808.944759 2809.686402 2809.882190 2817.408312 2830.926426 2850.007667 2873.081160 2892.360717 2903.549903 2912.181493 2922.882200 2832.334293 2841.806184 2855.847910 2873.256301
2861.373902 2856.562432 2846.708085 2837.069645 2830.946462 2922.556379 2914.777851 2915.134478 2907.156953 2899.488966 2878.237397 2826.537261 2805.066274 2784.993030 2767.594361 2759.648300 2750.036536 2735.733189 2725.615510 2719.237108 2717.052405 2701.528682 2681.731890 2664.074345 2658.674240 2654.616117 2640.447490 2639.411805 2640.894082 2652.282074 2645.794785 2642.864333 2643.335386 2641.158043 2643.541026 2657.059626 2666.937829 2674.917209 2682.286330 2685.686666 2696.050400 2706.564850 2716.190885 2734.446183 2747.954739 2765.699497 2788.187260 2815.044079 2831.488052 2842.728064 2854.832065 2870.974130 2888.708792 2907.660298 2931.087882
2834.805406 2919.998083 2904.556267 2888.839291 2874.616514 2861.428675 2845.164839 2844.771822 2840.170175 2828.625437 2777.087855 2733.906185 2697.194406 2678.013613 2653.446587 2639.071996 2622.967225 2587.901930 2570.531445 2566.921326 2577.158327 2570.866291 2555.248159 2542.381474 2533.236990 2524.729922 2508.777133 2493.774169 2499.248368 2515.268990 2514.230777 2515.799548 2522.403712 2521.697856 2516.634581 2517.524209 2530.977309 2538.128765 2549.604812 2565.844509 2571.624882 2586.190592 2618.483002 2633.401886 2650.349129 2671.327304 2694.282210 2720.419852 2744.418875 2760.239228 2777.172364 2797.812583 2816.432186 2838.615367 2862.988073
2878.105523 2848.656336 2827.037396 2808.288529 2787.792157 2761.600727 2739.533606 2735.226125 2726.696163 2699.236411 2645.603056 2606.610930 2580.033898 2556.904250 2532.113121 2508.704435 2473.202071 2438.630851 2416.526043 2427.484676 2436.491304 2443.535894 2431.027388 2419.365208 2409.417996 2392.901815 2376.597993 2361.999752 2372.041528 2380.624381 2395.647133 2401.383729 2405.404916 2410.296159 2409.318765 2401.375380 2400.657416 2409.612851 2420.417295 2432.773762 2452.400787 2487.382245 2513.592584 2533.102833 2555.475435 2576.865417 2600.690508 2625.513085 2649.868590 2668.698809 2689.236568 2711.941580 2735.215746 2757.107035 2782.723259
2793.106699 2764.104596 2736.287352 2711.428936 2677.962930 2632.722949 2616.059297 2605.262504 2585.064273 2540.439360 2497.707559 2469.919351 2451.928211 2427.205362 2404.153586 2374.966300 2341.479747 2317.443682 2296.432195 2304.768705 2313.242618 2329.597750 2319.454291 2310.878613 2306.579212 2291.382911 2277.857472 2262.169098 2268.910391 2280.228866 2301.400658 2306.825433 2310.888150 2319.627483 2319.101805 2315.696022 2301.873259 2309.904338 2321.271363 2336.453427 2367.026103 2391.215658 2415.440816 2438.440981 2459.870397 2484.331840 2509.255241 2534.605492 2562.874546 2584.563153 2605.597740 2628.759219 2650.498035 2668.650093 2688.969749
2674.724931 2649.009024 2627.053433 2601.535503 2560.176829 2514.986113 2474.484286 2450.261816 2402.076720 2366.449178 2339.995400 2332.362171 2317.202805 2295.511780 2274.750621 2253.734388 2229.810819 2209.132517 2183.975976 2188.255783 2202.357529 2217.885082 2216.385679 2215.528360 2213.346360 2203.316463 2189.791402 2176.207080 2179.905119 2196.317653 2213.944855 2223.176912 2230.687621 2238.606138 2238.786105 2230.606003 2221.614556 2227.217109 2242.741282 2259.834120 2279.499809 2301.641615 2324.024359 2345.775114 2369.692942 2394.008504 2418.860965 2445.803479 2475.247141 2498.314668 2524.006231 2550.557528 2570.416155 2582.713539 2594.971594
2562.941720 2541.522195 2516.816082 2488.411817 2445.390427 2403.939607 2361.700387 2316.475253 2282.319985 2251.629607 2240.166044 2223.030739 2207.587051 2191.275850 2170.283103 2152.461531 2135.897277 2114.017287 2100.817474 2106.961532 2119.865647 2128.773353 2133.896209 2131.338887 2128.678489 2122.352663 2108.523864 2102.277101 2111.752798 2127.022975 2141.189880 2152.373379 2159.374793 2165.050741 2162.408681 2153.925179 2150.344553 2158.917886 2174.864376 2189.348588 2205.631573 2227.254085 2248.856210 2271.544065 2295.274001 2318.728981 2344.697113 2371.445458 2398.878886 2427.108558 2451.729350 2474.258956 2486.192276 2498.520074 2503.242766
2429.986040 2415.762600 2389.344992 2360.348933 2329.249037 2293.644486 2266.354085 2233.899436 2202.920216 2172.915156 2146.800404 2132.337092 2124.392073 2110.460586 2092.392584 2080.138850 2063.877414 2050.887817 2054.409340 2055.886698 2064.708125 2063.671167 2064.304726 2061.557861 2060.704736 2057.706940 2049.987325 2060.105797 2067.005266 2080.860038 2091.200983 2100.905359 2106.988967 2110.929856 2111.847503 2107.141158 2112.480481 2119.280583 2133.628546 2145.421916 2159.935858 2180.653484 2198.306646 2218.151919 2241.370034 2265.316929 2290.377463 2317.182341 2346.188496 2372.180336 2392.094224 2401.394148 2412.923046 2417.946356 2410.965635
