tests/Borden05m/data_simulated/sim_1/output-maps/psiliqL0012N0003.asc
ncols         160
nrows         34
xllcorner     620200.000000
yllcorner     5168000.000000
cellsize      0.500000
NODATA_value  -9999.0
[rows 0 to 24 of 34, columns 0 to 56 of 160]
-9999.0 -9999.0 -9999.0 -9999.0 -9999.0 -9999.0 -9999.0 -9999.0 -9999.0 -9999.0 -9999.0 -9999.0 -9999.0 -9999.0 -9999.0 -9999.0 -9999.0 -9999.0 -9999.0 -9999.0 -9999.0 -9999.0 -9999.0 -9999.0 -9999.0 -9999.0 -9999.0 -9999.0 -9999.0 -9999.0 -9999.0 -9999.0 -9999.0 -9999.0 -9999.0 -9999.0 -9999.0 -9999.0 -9999.0 -9999.0 -9999.0 -9999.0 -9999.0 -9999.0 -9999.0 -9999.0 -9999.0 -9999.0 -9999.0 -9999.0 -9999.0 -9999.0 -9999.0 -9999.0 -9999.0 -9999.0 -9999.0
-9999.0 -9999.0 -9999.0 -9999.0 -9999.0 -9999.0 -9999.0 -9999.0 -9999.0 -9999.0 -9999.0 -9999.0 -9999.0 -9999.0 -9999.0 -9999.0 -9999.0 -9999.0 -9999.0 -9999.0 -9999.0 -9999.0 -9999.0 -9999.0 -9999.0 -9999.0 -9999.0 -9999.0 -9999.0 -9999.0 -9999.0 -9999.0 -9999.0 -9999.0 -9999.0 -9999.0 -9999.0 -9999.0 -9999.0 -9999.0 -9999.0 -9999.0 -9999.0 -9999.0 -9999.0 -9999.0 -9999.0 -9999.0 -9999.0 -9999.0 -9999.0 -9999.0 -9999.0 -9999.0 -9999.0 -9999.0 -9999.0
-9999.0 -9999.0 -9999.0 -9999.0 -9999.0 -9999.0 -9999.0 -9999.0 -9999.0 -9999.0 -9999.0 -9999.0 -9999.0 -9999.0 -9999.0 -9999.0 -9999.0 -9999.0 -9999.0 -9999.0 -9999.0 -9999.0 -9999.0 -9999.0 -9999.0 -9999.0 -9999.0 -9999.0 -9999.0 -9999.0 -9999.0 -9999.0 -9999.0 -9999.0 -9999.0 -9999.0 -9999.0 -9999.0 -9999.0 -9999.0 -9999.0 -9999.0 -9999.0 -9999.0 -9999.0 -9999.0 -9999.0 485.174627 467.806781 451.840340 449.604800 472.080296 495.333696 518.971245 539.413857 557.932869 576.779648
-9999.0 -9999.0 -9999.0 -9999.0 -9999.0 -9999.0 -9999.0 -9999.0 -9999.0 -9999.0 -9999.0 -9999.0 -9999.0 -9999.0 -9999.0 -9999.0 -9999.0 -9999.0 -9999.0 -9999.0 -9999.0 -9999.0 -9999.0 -9999.0 -9999.0 -9999.0 -9999.0 -9999.0 -9999.0 -9999.0 -9999.0 -9999.0 -9999.0 -9999.0 -9999.0 -9999.0 -9999.0 -9999.0 -9999.0 -9999.0 532.950156 538.815412 540.069645 529.457641 518.181882 506.033167 486.053605 468.305155 453.270682 450.626533 453.209235 458.353279 480.925389 505.367210 524.877301 541.894376 561.017927
-9999.0 -9999.0 -9999.0 -9999.0 -9999.0 -9999.0 -9999.0 -9999.0 -9999.0 -9999.0 -9999.0 -9999.0 -9999.0 -9999.0 -9999.0 -9999.0 -9999.0 -9999.0 -9999.0 -9999.0 -9999.0 -9999.0 -9999.0 -9999.0 -9999.0 -9999.0 -9999.0 -9999.0 -9999.0 -9999.0 -9999.0 -9999.0 -9999.0 -9999.0 441.080513 458.484480 476.473538 494.740209 511.330259 517.985481 523.814396 529.530693 525.403498 520.671933 509.299888 490.288350 470.711450 456.769958 454.485172 451.939126 456.194365 469.028377 485.669826 501.803729 522.618820 545.932052 555.064338
-9999.0 -9999.0 -9999.0 -9999.0 -9999.0 -9999.0 -9999.0 -9999.0 -9999.0 -9999.0 -9999.0 -9999.0 -9999.0 -9999.0 -9999.0 -9999.0 -9999.0 -9999.0 -9999.0 -9999.0 -9999.0 -9999.0 -9999.0 -9999.0 -9999.0 -9999.0 -9999.0 -9999.0 445.920336 439.961223 434.807366 433.220676 431.820032 430.587758 437.389710 449.435678 467.434901 488.945441 501.757095 508.877645 515.432278 516.140075 511.124941 509.029189 509.269544 497.443617 485.745262 474.795084 464.234298 462.720391 472.195413 486.125015 502.153559 516.854188 532.110649 543.356979 559.975671
-9999.0 -9999.0 -9999.0 -9999.0 -9999.0 -9999.0 -9999.0 -9999.0 -9999.0 -9999.0 -9999.0 -9999.0 -9999.0 -9999.0 -9999.0 -9999.0 -9999.0 -9999.0 -9999.0 -9999.0 -9999.0 -9999.0 -9999.0 416.685015 422.499401 428.930202 436.258402 437.069098 432.860751 427.154205 423.982922 422.357475 420.574569 424.907153 432.964433 446.454658 462.177217 483.838395 492.320789 498.474981 510.683053 513.196014 518.556274 522.530009 520.713198 517.836865 505.428899 496.206889 501.366445 507.222042 513.777070 521.468984 534.597422 549.883708 567.177217 587.319354 608.596478
-9999.0 -9999.0 -9999.0 -9999.0 -9999.0 -9999.0 -9999.0 -9999.0 -9999.0 -9999.0 -9999.0 -9999.0 -9999.0 -9999.0 -9999.0 -9999.0 -9999.0 -9999.0 -9999.0 391.980850 392.814030 393.861276 398.427474 399.225462 401.316525 408.209694 416.243259 418.397379 416.612042 414.993646 416.404681 418.972004 423.139310 434.364925 448.056008 462.095801 475.931241 496.680895 511.327913 524.932510 540.883766 539.898033 535.660875 533.649377 534.061337 534.358978 539.055812 542.060831 548.091864 553.122578 559.617658 568.712225 579.858121 598.042916 617.895007 637.733196 656.068084
-9999.0 -9999.0 -9999.0 -9999.0 -9999.0 -9999.0 -9999.0 -9999.0 -9999.0 -9999.0 -9999.0 -9999.0 -9999.0 -9999.0 -9999.0 -9999.0 363.575226 365.371097 367.466269 372.772366 375.428278 379.307679 386.111102 387.176451 390.865649 397.864049 402.659055 411.216980 419.042309 426.224469 432.039148 434.587845 442.004578 451.521008 463.283780 478.562095 500.074755 522.894642 539.055650 555.729154 572.626481 573.094194 571.961899 573.090091 573.724734 580.686461 598.466358 604.510877 606.637820 624.031216 638.240019 643.540129 651.140429 669.886847 693.632323 718.023899 748.157376
-9999.0 -9999.0 -9999.0 -9999.0 -9999.0 -9999.0 -9999.0 -9999.0 -9999.0 -9999.0 -9999.0 -9999.0 -9999.0 318.194809 322.287316 331.613267 340.367913 342.690255 346.733483 352.545562 364.617433 368.083582 374.182658 381.643147 393.184006 401.604635 410.642465 422.300159 430.584431 437.661523 444.589815 450.462500 463.774858 478.964242 494.686650 514.818001 536.548236 557.180046 577.801948 593.313115 607.221448 609.855383 608.725804 611.044527 619.172734 637.026852 656.335733 667.134769 687.194673 711.095930 725.480982 738.142068 747.398665 760.904810 782.411867 818.025001 855.134344
-9999.0 -9999.0 -9999.0 -9999.0 -9999.0 -9999.0 -9999.0 -9999.0 -9999.0 -9999.0 284.562575 286.930276 283.417004 283.502434 288.307644 300.197177 313.566025 320.159622 331.457887 352.074073 369.437265 372.805455 387.307903 397.253708 403.784235 414.231690 427.234518 440.000703 456.906282 469.388456 481.346557 501.290121 517.733262 534.193778 551.895806 571.920422 592.178051 621.298313 648.561622 662.179811 685.479001 698.097094 695.755228 696.572033 705.910277 723.468175 746.810934 772.916686 796.871046 824.559617 844.735586 860.473452 872.429348 886.200772 903.591291 939.799181 982.654362
-9999.0 -9999.0 -9999.0 -9999.0 -9999.0 -9999.0 -9999.0 -9999.0 260.434776 267.467314 273.566745 270.458263 265.756155 262.011371 275.296397 290.977408 306.840305 324.047595 339.880943 357.773111 373.059574 389.313099 408.768396 420.397618 432.030834 447.186315 460.789802 478.196087 499.477406 513.039558 530.762166 552.410597 571.492012 589.673080 608.466050 626.919606 654.485256 688.699558 721.474161 745.895629 774.758927 799.611064 800.816517 805.283679 811.685672 839.454196 871.368898 904.870219 934.686914 966.152755 998.496177 1018.169694 1030.525888 1044.978514 1062.742119 1083.895791 1114.712333
-9999.0 -9999.0 -9999.0 -9999.0 -9999.0 -9999.0 234.202231 258.267955 273.023633 265.047544 255.771256 252.132146 248.196022 269.663986 291.184839 308.109442 324.784088 342.152727 358.469915 372.094914 406.299396 423.395947 437.954629 456.688948 471.011326 485.363474 502.779683 526.278905 548.724830 579.762112 607.464422 632.940805 659.783183 680.176654 699.610229 719.043540 751.369591 789.848863 828.054140 859.327485 888.803398 921.132046 931.785008 940.647078 951.511215 974.699099 1008.850091 1042.989555 1081.677265 1118.470042 1147.924356 1161.832483 1173.577813 1186.238952 1201.434897 1216.391679 1233.299173
-9999.0 -9999.0 -9999.0 -9999.0 201.119197 221.931126 242.041638 272.626679 295.028698 289.705510 296.497468 296.679043 294.961935 298.096863 304.453029 322.344618 340.452230 358.776709 376.898578 412.941051 455.948755 472.004018 497.467114 529.656635 543.649126 558.908013 574.972883 598.188768 626.287412 660.847210 706.471085 745.598090 772.928414 797.459883 820.018661 843.879741 878.804903 918.453545 958.430910 996.474992 1030.112124 1058.865178 1075.780758 1087.792952 1103.798401 1123.410771 1147.395523 1177.481933 1211.360635 1246.155299 1273.214697 1288.375853 1296.943033 1307.846135 1319.105147 1332.271017 1345.400811
-9999.0 -9999.0 -9999.0 152.963312 191.441270 228.677748 255.741159 286.484377 318.170402 323.409095 331.934919 337.423821 342.967439 351.643975 360.822795 377.539277 392.752193 407.219656 428.766277 465.486362 501.118311 532.972903 565.604377 594.422734 616.567025 632.850076 651.054988 675.535485 715.842879 755.207616 807.111815 862.097222 901.686650 929.336836 953.688057 982.747871 1009.740100 1048.445983 1087.734854 1125.342944 1160.675491 1188.509629 1210.568513 1221.589590 1234.091788 1245.762771 1264.483008 1287.357121 1310.263802 1339.480848 1367.783477 1391.269686 1404.534813 1413.874059 1429.238128 1444.725322 1457.033031
-9999.0 -9999.0 106.244063 143.574304 178.101066 228.823828 281.365482 315.114231 355.734406 379.989014 386.850508 404.596127 421.123105 429.034522 445.363899 462.782190 478.687498 484.109346 499.285666 532.101012 583.843431 631.535827 658.355471 712.441596 746.761354 773.367736 790.166794 816.734801 852.076276 896.579952 948.207889 1000.911482 1043.670093 1079.395640 1099.436189 1121.031953 1145.920877 1171.677402 1207.954644 1240.285348 1273.247392 1300.613464 1323.747477 1333.116972 1340.109449 1356.943495 1381.049549 1406.012187 1429.541316 1451.959956 1459.406864 1468.631232 1473.083217 1475.858242 1479.708379 1482.620538 1484.424269
-9999.0 -9999.0 80.327096 124.729223 166.055891 234.015493 311.653191 348.812887 391.590877 436.622263 455.495981 479.819195 495.191093 508.929959 533.098355 556.698652 566.374098 572.013127 572.009610 627.383487 686.681685 743.758263 801.528538 868.529082 914.180597 930.212468 942.185669 963.125520 989.741983 1036.091595 1088.444444 1143.641067 1190.384429 1224.385394 1243.374053 1262.823074 1283.987286 1303.015338 1323.119281 1361.768534 1388.077752 1413.010582 1438.886450 1459.231599 1468.305024 1472.305634 1465.703340 1473.931165 1479.842995 1483.064851 1484.712743 1482.243893 1482.165539 1483.299574 1484.751269 1480.397159 1474.581680
-9999.0 -7.334982 44.615723 98.207300 167.792784 235.912067 320.282730 400.415435 454.161359 499.220837 528.372649 544.520708 589.258395 635.711171 663.494871 692.607951 694.937403 698.303694 689.874583 736.658746 790.059200 872.458031 987.709633 1048.470471 1092.441713 1097.941498 1095.475798 1109.799377 1135.587961 1179.436684 1245.200233 1291.741581 1342.767995 1381.743171 1397.500078 1405.073157 1422.718053 1442.595438 1438.981756 1457.841579 1467.114451 1474.820620 1476.737438 1479.280810 1481.471924 1483.072738 1481.376782 1476.534047 1470.204415 1465.954916 1463.022244 1459.312990 1462.238804 1465.827721 1467.062286 1460.740603 1453.506531
-9999.0 -42.144920 17.675037 89.613795 161.058707 233.140406 340.496177 476.848709 527.217554 563.424097 589.985357 623.852807 707.530450 777.077079 816.018071 862.016648 860.069955 850.881912 842.720380 877.165328 930.413647 1008.212349 1147.197242 1234.021592 1260.171160 1274.259639 1283.878840 1310.062048 1344.690329 1378.257180 1408.582482 1415.758832 1437.584836 1449.345497 1454.387300 1457.689621 1462.362769 1464.560850 1464.422665 1462.969636 1460.333771 1462.118349 1467.279359 1468.316836 1466.892551 1465.235884 1461.064193 1454.805059 1450.431608 1446.882998 1444.999594 1442.615408 1441.483618 1441.851591 1437.819993 1432.341029 1423.369161
-9999.0 -69.274099 0.958403 65.456199 134.495699 253.756784 377.637920 509.489745 600.002359 638.037291 673.084323 753.067805 857.703334 956.402124 1013.187657 1043.792906 1052.541586 1038.987547 1047.607659 1091.859268 1155.388998 1241.421255 1323.663194 1396.520054 1412.100499 1418.481196 1406.296430 1418.497746 1429.659441 1433.466662 1436.525879 1440.466953 1447.266283 1451.754693 1452.607917 1451.982900 1449.625669 1444.140216 1441.464745 1440.377712 1438.804925 1439.890800 1443.612998 1445.451879 1443.780412 1440.771818 1437.035509 1432.106182 1426.799947 1421.016249 1417.808082 1414.323364 1412.348914 1407.570468 1402.720912 1396.087514 1381.457558
-9999.0 -162.981918 -76.757646 -18.511859 105.552002 275.351324 400.155194 550.825682 690.655639 734.334363 819.102613 939.946349 1050.122602 1130.092296 1179.364429 1226.515020 1258.119165 1283.651698 1317.434452 1293.456351 1343.827304 1391.964203 1413.960800 1426.558597 1429.505941 1433.883189 1429.400739 1413.447604 1405.592520 1400.813824 1403.858263 1412.064673 1418.544325 1425.112366 1424.383669 1426.262125 1427.683112 1426.001378 1424.335998 1418.309777 1412.588387 1408.413658 1407.768643 1413.521646 1408.926478 1405.760715 1399.903367 1392.070462 1383.700295 1376.342844 1369.077963 1362.549536 1359.499873 1353.234609 1350.310165 1340.237623 1310.371179
-9999.0 -243.880846 -166.056926 -69.616199 74.926857 238.551313 375.574587 543.585171 742.167672 854.129274 972.912117 1048.815518 1132.625850 1206.281915 1276.243540 1323.594371 1349.137619 1359.982121 1355.563996 1364.919493 1337.859973 1334.484786 1353.946823 1381.565048 1396.210990 1402.653518 1396.823015 1388.391188 1382.974420 1382.697743 1381.690103 1380.535213 1379.264948 1377.693403 1375.265106 1377.865745 1383.307433 1378.923936 1372.520860 1366.464143 1360.927783 1354.069885 1349.375481 1346.345868 1344.600986 1343.426897 1334.839720 1323.250840 1311.695726 1302.825464 1294.645206 1288.412562 1285.070971 1278.708480 1268.720212 1253.020008 1220.582842
-9999.0 -337.050097 -218.680971 -120.310731 8.203127 146.680044 277.972291 443.626998 596.114416 810.061375 975.540547 1070.148015 1119.555595 1183.873531 1250.595809 1317.581729 1325.981181 1300.372252 1273.247163 1261.604142 1268.389865 1280.547346 1296.776384 1319.082892 1338.215404 1349.413221 1352.561863 1346.051230 1332.944050 1323.271771 1315.661338 1305.016260 1297.372630 1296.015424 1296.284632 1303.237288 1306.354202 1298.412541 1287.114662 1272.994395 1260.603673 1251.174224 1248.455634 1249.206168 1247.990770 1242.656711 1233.056447 1219.605529 1204.487578 1190.970559 1181.966542 1175.255578 1167.179716 1155.595635 1141.719461 1124.762201 1093.120803
-9999.0 -9999.0 -291.377058 -179.555900 -67.562720 58.194455 179.801627 328.842601 480.886272 664.357209 784.270509 907.831464 982.100081 1035.354112 1092.816506 1149.176283 1168.481191 1187.017835 1170.871075 1176.073114 1184.486605 1193.422754 1206.886595 1222.331958 1238.252880 1249.747780 1257.797616 1255.890145 1245.651374 1226.555176 1203.813100 1186.072052 1175.534705 1168.013585 1176.368721 1187.417417 1185.199047 1179.114759 1168.047713 1153.305817 1140.928142 1127.746410 1123.813199 1123.470278 1122.013929 1116.637835 1108.423531 1091.670320 1075.210334 1060.463382 1052.898694 1045.292421 1038.152008 1025.412940 1011.195352 994.627761 967.604990
-9999.0 -9999.0 -374.691083 -264.528779 -146.619001 -21.603239 82.687489 172.537973 328.030846 446.650397 550.212464 646.819401 728.421059 793.441473 841.786447 903.590093 942.422429 958.885781 975.815416 1001.946666 1027.870713 1055.871443 1076.535147 1093.169547 1109.853734 1124.331468 1133.634767 1122.137468 1109.381443 1089.477074 1064.411753 1038.418121 1024.362262 1018.990032 1021.295553 1026.906521 1021.648329 1012.173088 998.128913 982.468251 969.463307 957.668021 953.108479 949.366485 946.968945 942.244469 936.431387 924.787351 910.795059 900.920087 891.443575 884.234759 879.958679 871.725432 860.791375 852.280147 833.008476
