tests/Borden05m/data_simulated/sim_1/output-maps/psiliqL0030N0019.asc
ncols         160
nrows         34
xllcorner     620200.000000
yllcorner     5168000.000000
cellsize      0.500000
NODATA_value  -9999.0
[rows 0 to 24 of 34, columns 0 to 54 of 160]
-9999.0 -9999.0 -9999.0 -9999.0 -9999.0 -9999.0 -9999.0 -9999.0 -9999.0 -9999.0 -9999.0 -9999.0 -9999.0 -9999.0 -9999.0 -9999.0 -9999.0 -9999.0 -9999.0 -9999.0 -9999.0 -9999.0 -9999.0 -9999.0 -9999.0 -9999.0 -9999.0 -9999.0 -9999.0 -9999.0 -9999.0 -9999.0 -9999.0 -9999.0 -9999.0 -9999.0 -9999.0 -9999.0 -9999.0 -9999.0 -9999.0 -9999.0 -9999.0 -9999.0 -9999.0 -9999.0 -9999.0 -9999.0 -9999.0 -9999.0 -9999.0 -9999.0 -9999.0 -9999.0 -9999.0
-9999.0 -9999.0 -9999.0 -9999.0 -9999.0 -9999.0 -9999.0 -9999.0 -9999.0 -9999.0 -9999.0 -9999.0 -9999.0 -9999.0 -9999.0 -9999.0 -9999.0 -9999.0 -9999.0 -9999.0 -9999.0 -9999.0 -9999.0 -9999.0 -9999.0 -9999.0 -9999.0 -9999.0 -9999.0 -9999.0 -9999.0 -9999.0 -9999.0 -9999.0 -9999.0 -9999.0 -9999.0 -9999.0 -9999.0 -9999.0 -9999.0 -9999.0 -9999.0 -9999.0 -9999.0 -9999.0 -9999.0 -9999.0 -9999.0 -9999.0 -9999.0 -9999.0 -9999.0 -9999.0 -9999.0
-9999.0 -9999.0 -9999.0 -9999.0 -9999.0 -9999.0 -9999.0 -9999.0 -9999.0 -9999.0 -9999.0 -9999.0 -9999.0 -9999.0 -9999.0 -9999.0 -9999.0 -9999.0 -9999.0 -9999.0 -9999.0 -9999.0 -9999.0 -9999.0 -9999.0 -9999.0 -9999.0 -9999.0 -9999.0 -9999.0 -9999.0 -9999.0 -9999.0 -9999.0 -9999.0 -9999.0 -9999.0 -9999.0 -9999.0 -9999.0 -9999.0 -9999.0 -9999.0 -9999.0 -9999.0 -9999.0 -9999.0 4072.143938 4055.002208 4042.320068 4036.715387 4057.135476 4079.979635 4103.687315 4124.083633
-9999.0 -9999.0 -9999.0 -9999.0 -9999.0 -9999.0 -9999.0 -9999.0 -9999.0 -9999.0 -9999.0 -9999.0 -9999.0 -9999.0 -9999.0 -9999.0 -9999.0 -9999.0 -9999.0 -9999.0 -9999.0 -9999.0 -9999.0 -9999.0 -9999.0 -9999.0 -9999.0 -9999.0 -9999.0 -9999.0 -9999.0 -9999.0 -9999.0 -9999.0 -9999.0 -9999.0 -9999.0 -9999.0 -9999.0 -9999.0 4123.990358 4129.842382 4128.999985 4119.243957 4107.740567 4093.383475 4072.437090 4055.383941 4042.845885 4041.032127 4043.247512 4044.904612 4064.719004 4090.241986 4110.104596
-9999.0 -9999.0 -9999.0 -9999.0 -9999.0 -9999.0 -9999.0 -9999.0 -9999.0 -9999.0 -9999.0 -9999.0 -9999.0 -9999.0 -9999.0 -9999.0 -9999.0 -9999.0 -9999.0 -9999.0 -9999.0 -9999.0 -9999.0 -9999.0 -9999.0 -9999.0 -9999.0 -9999.0 -9999.0 -9999.0 -9999.0 -9999.0 -9999.0 -9999.0 4031.842921 4048.480393 4066.203939 4084.684047 4101.622282 4108.689477 4114.431595 4119.518454 4114.524432 4109.994270 4097.951806 4076.017896 4056.600384 4044.040271 4043.333861 4040.747615 4043.812406 4054.630742 4070.957472 4085.306567 4105.468778
-9999.0 -9999.0 -9999.0 -9999.0 -9999.0 -9999.0 -9999.0 -9999.0 -9999.0 -9999.0 -9999.0 -9999.0 -9999.0 -9999.0 -9999.0 -9999.0 -9999.0 -9999.0 -9999.0 -9999.0 -9999.0 -9999.0 -9999.0 -9999.0 -9999.0 -9999.0 -9999.0 -9999.0 4038.510676 4032.433566 4027.530803 4025.723215 4024.009234 4022.922641 4029.339871 4039.915638 4056.380152 4078.414316 4091.636465 4098.741450 4105.540144 4105.526668 4099.057903 4097.164460 4097.414911 4084.140797 4071.326966 4059.313991 4047.504955 4043.494421 4051.835362 4065.827954 4081.750420 4095.926901 4110.824752
-9999.0 -9999.0 -9999.0 -9999.0 -9999.0 -9999.0 -9999.0 -9999.0 -9999.0 -9999.0 -9999.0 -9999.0 -9999.0 -9999.0 -9999.0 -9999.0 -9999.0 -9999.0 -9999.0 -9999.0 -9999.0 -9999.0 -9999.0 4008.927538 4013.398761 4019.738468 4027.283126 4028.060323 4024.853024 4019.347176 4016.554933 4014.890806 4012.117380 4016.378636 4022.664817 4035.035014 4049.724609 4071.824858 4079.591756 4082.850951 4093.515778 4097.201142 4105.399934 4108.826455 4106.446983 4101.503615 4085.315163 4072.498477 4073.192620 4076.099398 4082.542063 4090.589149 4103.701144 4116.429859 4130.583385
-9999.0 -9999.0 -9999.0 -9999.0 -9999.0 -9999.0 -9999.0 -9999.0 -9999.0 -9999.0 -9999.0 -9999.0 -9999.0 -9999.0 -9999.0 -9999.0 -9999.0 -9999.0 -9999.0 3984.747134 3985.763707 3987.259499 3992.031863 3992.101214 3993.523108 3999.947180 4007.608269 4010.401216 4007.685841 4006.522058 4007.368438 4009.453589 4013.548961 4023.142717 4035.763099 4048.935119 4060.664771 4080.540920 4094.080508 4105.195879 4119.459531 4119.697063 4115.651710 4113.450719 4112.554008 4109.668720 4105.451534 4102.618171 4108.178707 4106.863967 4108.784169 4117.278958 4128.879892 4144.198415 4160.352993
-9999.0 -9999.0 -9999.0 -9999.0 -9999.0 -9999.0 -9999.0 -9999.0 -9999.0 -9999.0 -9999.0 -9999.0 -9999.0 -9999.0 -9999.0 -9999.0 3955.662434 3957.286831 3959.573155 3964.983911 3968.810015 3972.510975 3979.234813 3980.536910 3983.398502 3989.943733 3993.667210 4002.534018 4010.380230 4016.622718 4021.578032 4022.975371 4028.122110 4036.067176 4046.159833 4058.351810 4076.731401 4099.322456 4113.721703 4129.303305 4145.572402 4145.190689 4142.365478 4141.450541 4138.478204 4137.331032 4149.811618 4151.354598 4143.189527 4149.839902 4160.129373 4161.506302 4167.557750 4186.938450 4208.092654
-9999.0 -9999.0 -9999.0 -9999.0 -9999.0 -9999.0 -9999.0 -9999.0 -9999.0 -9999.0 -9999.0 -9999.0 -9999.0 3905.242344 3908.975210 3919.233647 3931.344172 3934.348164 3939.280421 3945.924723 3957.645416 3960.831184 3966.188112 3972.604324 3984.834666 3992.643962 4000.349662 4010.997714 4017.731006 4023.373163 4028.270126 4028.930835 4038.466486 4050.677665 4063.197892 4080.585759 4101.183997 4117.676883 4133.891627 4149.355046 4159.279574 4154.169909 4152.542504 4153.728224 4156.566504 4167.294499 4182.234010 4179.083376 4185.185373 4204.131635 4212.649549 4217.952745 4222.730440 4236.338135 4257.687308
-9999.0 -9999.0 -9999.0 -9999.0 -9999.0 -9999.0 -9999.0 -9999.0 -9999.0 -9999.0 3880.868223 3881.829673 3877.679593 3873.731543 3879.441482 3891.525079 3906.023617 3910.760176 3922.472055 3943.509572 3961.973158 3964.166361 3976.346985 3985.683071 3991.300835 3999.544502 4010.806669 4021.011877 4034.232693 4043.885612 4050.006914 4063.538387 4077.321532 4091.595251 4106.936455 4125.810065 4139.338269 4160.208844 4183.221971 4189.492294 4203.735581 4203.159271 4197.955008 4194.815247 4203.438451 4212.242699 4224.173168 4236.624532 4253.362858 4273.534898 4281.057259 4293.033069 4301.207440 4310.686431 4325.737860
-9999.0 -9999.0 -9999.0 -9999.0 -9999.0 -9999.0 -9999.0 -9999.0 3856.463787 3864.613267 3869.344505 3865.505122 3860.500745 3853.388654 3867.848197 3882.511632 3897.588575 3915.483517 3930.115919 3947.584398 3960.054712 3973.178259 3992.228913 4001.288180 4009.996097 4023.267903 4034.350021 4046.654821 4065.065627 4069.677357 4077.325089 4094.457603 4107.633751 4122.564774 4139.036766 4153.598646 4170.784433 4198.853067 4225.879242 4239.309077 4263.970471 4278.729864 4271.202267 4267.869711 4267.900918 4289.594582 4314.265673 4342.292891 4358.828710 4380.671941 4408.206335 4427.362459 4436.378204 4447.270610 4460.968273
-9999.0 -9999.0 -9999.0 -9999.0 -9999.0 -9999.0 3827.762150 3851.895737 3866.718139 3857.337580 3841.118882 3834.810808 3827.238864 3859.955380 3881.733340 3898.258623 3913.940146 3930.419502 3945.448670 3951.239423 3978.321738 3996.986273 4006.671068 4017.006264 4029.945023 4042.809056 4057.122925 4076.288533 4091.057104 4109.274240 4121.160551 4134.140264 4155.846928 4171.405337 4186.813698 4198.290718 4224.092397 4257.436425 4290.966390 4313.808476 4337.238730 4368.757514 4366.495262 4367.375541 4367.645955 4392.167233 4426.524282 4456.114144 4487.408971 4517.599509 4546.451036 4556.847011 4565.739225 4575.571123 4588.176891
-9999.0 -9999.0 -9999.0 -9999.0 3796.298885 3816.759705 3834.433915 3863.705412 3884.840328 3879.194119 3882.070920 3878.597806 3872.504510 3877.068726 3884.673795 3900.568022 3918.739438 3937.305042 3949.303128 3972.827602 4019.280351 4027.743166 4041.426739 4068.815007 4077.759544 4090.121498 4104.276105 4122.893335 4138.053841 4162.636220 4193.424645 4219.622559 4239.238608 4257.048059 4275.225695 4290.548579 4325.699079 4362.372649 4397.664329 4428.516372 4454.779234 4481.029497 4486.444353 4490.949990 4500.799536 4518.306491 4541.568158 4569.452350 4603.927078 4636.326110 4659.464801 4667.723631 4672.617984 4682.214612 4689.377406
-9999.0 -9999.0 -9999.0 3740.749808 3779.701980 3819.505553 3844.066176 3873.342978 3904.977160 3902.558294 3910.303662 3907.696346 3903.928517 3907.413860 3907.955692 3923.112938 3940.640812 3960.469195 3980.570034 4012.137463 4038.623285 4051.992180 4077.622319 4089.827105 4099.832680 4111.038093 4128.775649 4147.077711 4181.921594 4209.294361 4253.950187 4303.789540 4334.854357 4353.289159 4376.045439 4403.941087 4429.543344 4469.312013 4503.525200 4535.772359 4566.081879 4588.055953 4601.671253 4606.029518 4616.063938 4621.540043 4633.579298 4654.742080 4677.481993 4708.880089 4738.623368 4768.769960 4784.608942 4796.203543 4813.835947
-9999.0 -9999.0 3691.983690 3731.904750 3761.994278 3807.043383 3859.472958 3894.096094 3932.233295 3948.768080 3950.046491 3957.835594 3965.889750 3964.231732 3970.174926 3980.673118 4003.227757 4012.116441 4032.872571 4043.750501 4076.873461 4107.116148 4095.754132 4130.258795 4159.256676 4193.052911 4215.258180 4241.895337 4280.411878 4312.596918 4356.342843 4406.747346 4440.605593 4468.308838 4484.698490 4505.760795 4526.187417 4553.695241 4591.612812 4617.079796 4651.676718 4677.410165 4696.936023 4696.692149 4699.259704 4715.829319 4745.389226 4777.716593 4807.977939 4838.507755 4818.607317 4845.157495 4857.044350 4863.676322 4874.104129
-9999.0 -9999.0 3660.415779 3707.324134 3739.579510 3794.241253 3882.336158 3914.940687 3953.268557 3997.939707 4009.544850 4029.395175 4017.221869 3999.427489 4014.933670 4026.384102 4049.002911 4056.620268 4049.101861 4100.233408 4151.226008 4168.477967 4163.797410 4243.642609 4298.185761 4324.981992 4343.324734 4364.052656 4383.186067 4421.012628 4458.848227 4514.514514 4556.013518 4586.356114 4601.224266 4622.374363 4642.411938 4657.517290 4677.777439 4726.887532 4764.888459 4797.355499 4830.896588 4852.879895 4861.338169 4867.051343 4837.842772 4860.076456 4875.154402 4881.657427 4884.303813 4880.424716 4879.909056 4880.789988 4881.709750
-9999.0 3565.367316 3617.895540 3667.203808 3729.618052 3788.388638 3859.850566 3932.501960 4001.076012 4054.233670 4077.944126 4065.002916 4053.697559 4073.605872 4090.999746 4104.458812 4110.839223 4122.786812 4101.688825 4156.905427 4190.547179 4233.388453 4330.723408 4390.386491 4459.470787 4454.613223 4441.892984 4445.553601 4460.224310 4508.243099 4591.233264 4650.664512 4720.629960 4772.697373 4791.028074 4799.349515 4818.989103 4840.623953 4778.881489 4828.159245 4850.999483 4870.057876 4881.480410 4884.107257 4885.574374 4885.301174 4881.502639 4874.293003 4865.976676 4860.024448 4855.718580 4851.215207 4853.661733 4857.008051 4856.994148
-9999.0 3525.796996 3582.305839 3649.308154 3715.033763 3754.428128 3829.345135 4002.537095 4067.437228 4105.308627 4105.334730 4066.611297 4118.549040 4176.922376 4198.917206 4244.921447 4227.031626 4211.335131 4168.012117 4191.899555 4228.409663 4299.553758 4480.171222 4571.266993 4631.099433 4639.027406 4638.799252 4668.333489 4715.402672 4766.807043 4817.065521 4777.614421 4834.349363 4862.453015 4868.325762 4869.147819 4875.453465 4873.759028 4872.630743 4868.031924 4862.758553 4862.947930 4867.785170 4867.655248 4864.617315 4861.104010 4855.317823 4847.900616 4842.778751 4838.133705 4835.497133 4832.699347 4830.599554 4829.579423 4824.468208
-9999.0 3481.238102 3557.197048 3613.199991 3652.008146 3734.234774 3865.192456 4011.780804 4109.137550 4142.009108 4104.988335 4129.807514 4234.279015 4344.901838 4398.595894 4419.443790 4394.828195 4338.952212 4312.744993 4357.182389 4430.747283 4560.580587 4715.266789 4822.901932 4839.717243 4843.633827 4788.093037 4817.977680 4845.676953 4848.963945 4850.264556 4859.831770 4865.035448 4868.151670 4866.525824 4863.617587 4858.736498 4850.420689 4845.651201 4841.838006 4837.973233 4836.603673 4838.438966 4840.509626 4837.586706 4833.640775 4829.145192 4823.572848 4817.169350 4810.308869 4805.822287 4801.425019 4799.223259 4793.346441 4789.957897
-9999.0 3348.424446 3447.691515 3482.329285 3540.910844 3734.265080 3863.965810 4000.497784 4172.217203 4186.903273 4223.240563 4370.269149 4495.686641 4579.937798 4606.751823 4639.116177 4663.751116 4678.723110 4717.477051 4574.974620 4664.483787 4776.219676 4828.328991 4850.925478 4863.895223 4864.327238 4853.976555 4832.691935 4821.847277 4815.078727 4816.695293 4824.043326 4828.524930 4833.153857 4830.797784 4832.052326 4833.521248 4830.387196 4826.259690 4817.324666 4809.359247 4802.330713 4798.585632 4803.119703 4798.501807 4796.341285 4789.983615 4781.285236 4772.104023 4764.681611 4756.479902 4749.813987 4747.613850 4742.608286 4741.351183
-9999.0 3267.247309 3337.794017 3385.377774 3484.681950 3647.470676 3729.478800 3883.511703 4136.166087 4280.076904 4458.619695 4557.595746 4629.176151 4667.182011 4715.707837 4771.367887 4800.632925 4814.270939 4778.133190 4805.229356 4759.899250 4748.415036 4766.874420 4797.676621 4816.553268 4820.927285 4813.332029 4804.628089 4797.323734 4796.201044 4793.765524 4788.890602 4784.010365 4779.973170 4776.834809 4780.161530 4785.757729 4778.276897 4767.376833 4757.434148 4748.488304 4738.903568 4732.751271 4727.636148 4728.439384 4728.789328 4720.961253 4710.246373 4699.102531 4690.590498 4683.352777 4679.013565 4676.106161 4670.911289 4660.444362
-9999.0 3138.678709 3275.163338 3343.745047 3426.164501 3550.543834 3644.713580 3790.970390 3913.751954 4167.893547 4304.976896 4528.005134 4582.524321 4658.136229 4703.740829 4781.053054 4775.094311 4744.027946 4698.307871 4682.620344 4696.595030 4706.363076 4713.988428 4727.696826 4746.027471 4756.698049 4762.839162 4757.363935 4742.992893 4729.591146 4717.139116 4702.246629 4692.111159 4689.218596 4694.305496 4705.246262 4705.232456 4695.794233 4681.189119 4662.125544 4645.888841 4633.589808 4631.795323 4634.962364 4636.317400 4631.959244 4626.288349 4615.213923 4602.331965 4589.428065 4584.034448 4579.791028 4571.932242 4559.979190 4547.485454
-9999.0 -9999.0 3184.486867 3291.027529 3376.946747 3481.236204 3558.205474 3664.719564 3800.217118 3968.120370 4085.252555 4283.916446 4388.514006 4433.937647 4464.686543 4522.706129 4551.642368 4588.193888 4587.048048 4602.216092 4614.195737 4620.298716 4625.103212 4629.801759 4640.056774 4650.264903 4661.599436 4658.731722 4650.049007 4628.445195 4600.984709 4579.524044 4568.454471 4558.425429 4571.462962 4584.423793 4578.059759 4570.986225 4557.987941 4541.440604 4528.855680 4514.293036 4510.839705 4510.557864 4511.230752 4508.981379 4506.910253 4494.340993 4482.004989 4472.462101 4468.659528 4462.942008 4459.665023 4449.844595 4439.174654
-9999.0 -9999.0 3094.331515 3195.005187 3290.471023 3403.092583 3478.386294 3466.938939 3595.424860 3693.444516 3802.541180 3919.215861 4022.266866 4094.232336 4124.953887 4189.196331 4251.801059 4272.262677 4320.253110 4383.203385 4421.324342 4465.521816 4490.976080 4500.169085 4512.832166 4528.107654 4535.486251 4519.225899 4507.839971 4490.492536 4466.197806 4438.199666 4424.072465 4424.531375 4422.528599 4422.906348 4414.592141 4405.697834 4391.016438 4377.435542 4365.324422 4357.031650 4353.501538 4347.135708 4344.440018 4341.640261 4340.239386 4335.807282 4328.230881 4324.364928 4315.940155 4312.659905 4312.299056 4310.065566 4305.027711
