tests/Borden05m/data_simulated/sim_1/output-maps/psiliqL0025N0006.asc
ncols         160
nrows         34
xllcorner     620200.000000
yllcorner     5168000.000000
cellsize      0.500000
NODATA_value  -9999.0
[rows 0 to 24 of 34, columns 0 to 54 of 160]
-9999.0 -9999.0 -9999.0 -9999.0 -9999.0 -9999.0 -9999.0 -9999.0 -9999.0 -9999.0 -9999.0 -9999.0 -9999.0 -9999.0 -9999.0 -9999.0 -9999.0 -9999.0 -9999.0 -9999.0 -9999.0 -9999.0 -9999.0 -9999.0 -9999.0 -9999.0 -9999.0 -9999.0 -9999.0 -9999.0 -9999.0 -9999.0 -9999.0 -9999.0 -9999.0 -9999.0 -9999.0 -9999.0 -9999.0 -9999.0 -9999.0 -9999.0 -9999.0 -9999.0 -9999.0 -9999.0 -9999.0 -9999.0 -9999.0 -9999.0 -9999.0 -9999.0 -9999.0 -9999.0 -9999.0
-9999.0 -9999.0 -9999.0 -9999.0 -9999.0 -9999.0 -9999.0 -9999.0 -9999.0 -9999.0 -9999.0 -9999.0 -9999.0 -9999.0 -9999.0 -9999.0 -9999.0 -9999.0 -9999.0 -9999.0 -9999.0 -9999.0 -9999.0 -9999.0 -9999.0 -9999.0 -9999.0 -9999.0 -9999.0 -9999.0 -9999.0 -9999.0 -9999.0 -9999.0 -9999.0 -9999.0 -9999.0 -9999.0 -9999.0 -9999.0 -9999.0 -9999.0 -9999.0 -9999.0 -9999.0 -9999.0 -9999.0 -9999.0 -9999.0 -9999.0 -9999.0 -9999.0 -9999.0 -9999.0 -9999.0
-9999.0 -9999.0 -9999.0 -9999.0 -9999.0 -9999.0 -9999.0 -9999.0 -9999.0 -9999.0 -9999.0 -9999.0 -9999.0 -9999.0 -9999.0 -9999.0 -9999.0 -9999.0 -9999.0 -9999.0 -9999.0 -9999.0 -9999.0 -9999.0 -9999.0 -9999.0 -9999.0 -9999.0 -9999.0 -9999.0 -9999.0 -9999.0 -9999.0 -9999.0 -9999.0 -9999.0 -9999.0 -9999.0 -9999.0 -9999.0 -9999.0 -9999.0 -9999.0 -9999.0 -9999.0 -9999.0 -9999.0 3073.503373 3056.273512 3042.627937 3037.882678 3058.773512 3081.613391 3105.173106 3125.450941
-9999.0 -9999.0 -9999.0 -9999.0 -9999.0 -9999.0 -9999.0 -9999.0 -9999.0 -9999.0 -9999.0 -9999.0 -9999.0 -9999.0 -9999.0 -9999.0 -9999.0 -9999.0 -9999.0 -9999.0 -9999.0 -9999.0 -9999.0 -9999.0 -9999.0 -9999.0 -9999.0 -9999.0 -9999.0 -9999.0 -9999.0 -9999.0 -9999.0 -9999.0 -9999.0 -9999.0 -9999.0 -9999.0 -9999.0 -9999.0 3124.343913 3130.162009 3129.848260 3119.796711 3108.301257 3094.511397 3073.805881 3056.569435 3043.301939 3041.192283 3043.420473 3045.935612 3066.387253 3091.469346 3111.089109
-9999.0 -9999.0 -9999.0 -9999.0 -9999.0 -9999.0 -9999.0 -9999.0 -9999.0 -9999.0 -9999.0 -9999.0 -9999.0 -9999.0 -9999.0 -9999.0 -9999.0 -9999.0 -9999.0 -9999.0 -9999.0 -9999.0 -9999.0 -9999.0 -9999.0 -9999.0 -9999.0 -9999.0 -9999.0 -9999.0 -9999.0 -9999.0 -9999.0 -9999.0 3032.591237 3049.390048 3067.108082 3085.436772 3102.186688 3109.063230 3114.790464 3119.992226 3115.169078 3110.509447 3098.581212 3077.393091 3057.872791 3044.874689 3043.655693 3040.984988 3044.263570 3055.505146 3071.765415 3086.443735 3106.612792
-9999.0 -9999.0 -9999.0 -9999.0 -9999.0 -9999.0 -9999.0 -9999.0 -9999.0 -9999.0 -9999.0 -9999.0 -9999.0 -9999.0 -9999.0 -9999.0 -9999.0 -9999.0 -9999.0 -9999.0 -9999.0 -9999.0 -9999.0 -9999.0 -9999.0 -9999.0 -9999.0 -9999.0 3039.017263 3032.935723 3027.905157 3026.088965 3024.387348 3023.189585 3029.664144 3040.571188 3057.364095 3079.142793 3092.139340 3099.143511 3105.779501 3105.868875 3099.702473 3097.647955 3097.789615 3084.813492 3072.205444 3060.378548 3048.792440 3045.332985 3053.826996 3067.621566 3083.375323 3097.484363 3112.257300
-9999.0 -9999.0 -9999.0 -9999.0 -9999.0 -9999.0 -9999.0 -9999.0 -9999.0 -9999.0 -9999.0 -9999.0 -9999.0 -9999.0 -9999.0 -9999.0 -9999.0 -9999.0 -9999.0 -9999.0 -9999.0 -9999.0 -9999.0 3009.727322 3014.531549 3020.837007 3028.254680 3028.978678 3025.451356 3019.830111 3016.857775 3015.118339 3012.526535 3016.709565 3023.386934 3035.951849 3050.795540 3072.628502 3080.444574 3084.358522 3095.304456 3098.518165 3105.780224 3109.205866 3106.824843 3102.292373 3086.984769 3074.986169 3076.722081 3080.233152 3086.477109 3094.179358 3107.028927 3120.180960 3134.899205
-9999.0 -9999.0 -9999.0 -9999.0 -9999.0 -9999.0 -9999.0 -9999.0 -9999.0 -9999.0 -9999.0 -9999.0 -9999.0 -9999.0 -9999.0 -9999.0 -9999.0 -9999.0 -9999.0 2985.575394 2986.501435 2987.815555 2992.469182 2992.667126 2994.210607 3000.688589 3008.369267 3010.899092 3008.357519 3006.973491 3007.870699 3009.972030 3013.958307 3023.865005 3036.630512 3049.875043 3062.003434 3081.920414 3095.557124 3107.149230 3121.666735 3121.353671 3117.042819 3114.673568 3113.905656 3111.652007 3109.640504 3108.140179 3113.523539 3113.648599 3116.505677 3124.819660 3135.917453 3151.632577 3168.375838
-9999.0 -9999.0 -9999.0 -9999.0 -9999.0 -9999.0 -9999.0 -9999.0 -9999.0 -9999.0 -9999.0 -9999.0 -9999.0 -9999.0 -9999.0 -9999.0 2958.058687 2959.724042 2961.946679 2967.307241 2970.796469 2974.529494 2981.231308 2980.866151 2983.808926 2990.373173 2994.279851 3002.939146 3010.650774 3017.014598 3022.055772 3023.605672 3029.199536 3037.380608 3047.717898 3060.525383 3079.509219 3101.876867 3116.464357 3132.040829 3148.174486 3147.722433 3145.057327 3144.384771 3142.063171 3142.774545 3156.305376 3158.648367 3152.863730 3161.997802 3172.875235 3174.842044 3180.518405 3199.143641 3220.370113
-9999.0 -9999.0 -9999.0 -9999.0 -9999.0 -9999.0 -9999.0 -9999.0 -9999.0 -9999.0 -9999.0 -9999.0 -9999.0 2909.077456 2912.906991 2922.897812 2934.060508 2936.861362 2941.528277 2947.916754 2959.705038 2962.933873 2968.448107 2975.052450 2985.192770 2992.994572 3000.910045 3011.665823 3018.643350 3024.481213 3029.720486 3031.585781 3041.903811 3054.651846 3067.744696 3085.546791 3106.077984 3123.308845 3140.305000 3155.332609 3165.910540 3162.500525 3160.553136 3161.571376 3165.349351 3177.201330 3192.695806 3192.704803 3201.907064 3221.433327 3230.813207 3237.422404 3242.702100 3255.481443 3275.945070
-9999.0 -9999.0 -9999.0 -9999.0 -9999.0 -9999.0 -9999.0 -9999.0 -9999.0 -9999.0 2882.128397 2883.485072 2879.517177 2876.689471 2882.143900 2894.162637 2908.329121 2913.557266 2925.119243 2945.990452 2964.085839 2966.535449 2979.206193 2986.649962 2992.265693 3000.910992 3012.430984 3023.101440 3037.074767 3047.215306 3054.629003 3069.578566 3083.706595 3098.163646 3113.703098 3132.397249 3147.238297 3169.794560 3193.099497 3200.723216 3216.780382 3219.168760 3214.058328 3211.284094 3219.307498 3229.656036 3243.769439 3258.905474 3276.440126 3297.469312 3307.366398 3319.357396 3327.592399 3337.197790 3351.643461
-9999.0 -9999.0 -9999.0 -9999.0 -9999.0 -9999.0 -9999.0 -9999.0 2857.782559 2865.626615 2870.745464 2867.115145 2862.198813 2856.020130 2870.142858 2885.069084 2900.333573 2917.992598 2932.892979 2950.382122 2963.471614 2977.316087 2994.149560 3003.587784 3012.823945 3026.320512 3037.782364 3051.150777 3069.962868 3076.618513 3086.573006 3104.418887 3118.642833 3133.853139 3150.305779 3165.226605 3184.226646 3213.093612 3240.722951 3256.165272 3280.932986 3297.435678 3291.280846 3289.020175 3289.649965 3311.749620 3337.023270 3364.976905 3383.406857 3406.143197 3433.455229 3451.459154 3460.236584 3470.887391 3484.258056
-9999.0 -9999.0 -9999.0 -9999.0 -9999.0 -9999.0 2829.747419 2853.863199 2868.672406 2859.686377 2845.399154 2839.831537 2833.262779 2862.837788 2884.516464 2901.112591 2917.014325 2933.660866 2948.923519 2956.642770 2983.210493 3001.049529 3011.671755 3023.936218 3036.845791 3049.695641 3064.415008 3084.277557 3100.601302 3121.707365 3137.241273 3152.868782 3174.847285 3190.794446 3206.327691 3218.959222 3245.397996 3278.841322 3312.193632 3335.830297 3359.396235 3389.596552 3389.404994 3390.942133 3392.522361 3415.010067 3447.561883 3476.475302 3507.649233 3537.578938 3564.941953 3575.069202 3583.715907 3593.300360 3605.446212
-9999.0 -9999.0 -9999.0 -9999.0 2797.824567 2818.381892 2836.734562 2866.367500 2887.848295 2882.283265 2886.231340 2883.746798 2878.829389 2882.947428 2890.143405 2906.513167 2924.566957 2942.925223 2956.328425 2980.490302 3025.425599 3035.457587 3051.822615 3079.924457 3089.655071 3102.206026 3116.250933 3135.435086 3153.347220 3179.439831 3213.187350 3241.700396 3262.089913 3280.336918 3298.284504 3314.501915 3347.988177 3383.638159 3418.158616 3448.873026 3475.158889 3500.197074 3506.940381 3511.625329 3521.243653 3537.539520 3559.347879 3586.183344 3618.766883 3650.228876 3673.220802 3682.501392 3687.708618 3697.001978 3704.583831
-9999.0 -9999.0 -9999.0 2751.972387 2783.309182 2822.235725 2847.482266 2877.150151 2908.770448 2908.438238 2916.341305 2915.893968 2914.566998 2919.360001 2922.153254 2937.580752 2954.283634 2972.360637 2989.673089 3021.975510 3050.272697 3067.938680 3094.588315 3110.438762 3122.882938 3134.612297 3151.592393 3170.631197 3205.498239 3234.749174 3279.713882 3329.097383 3360.522652 3379.439674 3400.659155 3426.992931 3451.061482 3488.357520 3521.530873 3552.874730 3582.507071 3604.329325 3618.639650 3623.208127 3632.306383 3638.061631 3650.728480 3671.273092 3693.028704 3722.905579 3751.534489 3779.301373 3794.007166 3804.600865 3821.223002
-9999.0 -9999.0 2703.476623 2742.996959 2774.800275 2813.348145 2865.702261 2900.039283 2938.793014 2957.352755 2960.032019 2970.341879 2978.697862 2979.122020 2987.361681 2999.182015 3019.285699 3026.583078 3045.024777 3061.107883 3098.291418 3132.063528 3129.826999 3167.921091 3196.933540 3227.439705 3246.946569 3272.289448 3308.376841 3342.028230 3385.629907 3434.215619 3467.995761 3495.356900 3510.464315 3529.700714 3549.543740 3574.680548 3610.129976 3635.609268 3668.175413 3693.084704 3712.477990 3713.785913 3716.487238 3732.160886 3759.408989 3789.027064 3816.839140 3844.612117 3831.888247 3853.295235 3862.851340 3868.182924 3876.566065
-9999.0 -9999.0 2673.513141 2720.106816 2755.443591 2805.531302 2890.585090 2924.362507 2963.738274 3007.037360 3020.093158 3040.492459 3035.123595 3025.175669 3042.133949 3056.024727 3074.166866 3080.358853 3073.947752 3124.994185 3176.394248 3202.638533 3212.917602 3286.760310 3336.725512 3358.864499 3374.001641 3393.355213 3412.836996 3450.787731 3490.049442 3543.079177 3583.687432 3612.827529 3626.878397 3645.910828 3664.842999 3679.684497 3698.560313 3743.531214 3777.263253 3806.817171 3837.509053 3858.321057 3866.240500 3870.833440 3847.352044 3865.226178 3877.347666 3882.575589 3884.628552 3880.884565 3880.293531 3881.090014 3882.017624
-9999.0 2580.247282 2632.895923 2683.927657 2749.029310 2801.916740 2876.677354 2951.207214 3014.261926 3064.497270 3088.847253 3082.852718 3085.718264 3111.446210 3130.153722 3146.489031 3150.465114 3158.853361 3140.017888 3190.966192 3227.881539 3278.793492 3377.690600 3434.403784 3493.918719 3490.052903 3478.744181 3484.055685 3500.347839 3545.417933 3621.611089 3675.616578 3738.673162 3785.584174 3801.830412 3808.759412 3826.814758 3847.001611 3800.479263 3840.475109 3858.836872 3874.158326 3882.433278 3884.545061 3885.724502 3885.504872 3881.858977 3874.912057 3866.787104 3860.980438 3856.773785 3852.271027 3854.704554 3858.026052 3858.289389
-9999.0 2542.111607 2599.847419 2668.870446 2737.144830 2786.805743 2860.252327 3021.836103 3082.019544 3118.475187 3124.511539 3104.093343 3162.499946 3221.223314 3245.344048 3289.035702 3273.736084 3258.325194 3223.251637 3248.197053 3286.857142 3356.617070 3522.171667 3608.950000 3657.032889 3664.908370 3666.089628 3693.591684 3736.135513 3781.427249 3824.933077 3797.286126 3843.296539 3865.889672 3870.610902 3871.271772 3876.341014 3874.978813 3873.403177 3869.013920 3863.896073 3864.052254 3868.582167 3868.416951 3865.478654 3862.138550 3856.463326 3849.039731 3843.814297 3839.189853 3836.525172 3833.673973 3831.758484 3831.112894 3826.341116
-9999.0 2502.603040 2577.277861 2636.349900 2684.583071 2778.269065 2896.373355 3037.306999 3131.847723 3164.774067 3145.684279 3182.735559 3283.528106 3386.888348 3437.742350 3458.214269 3440.513554 3394.587910 3376.415536 3419.000493 3487.605663 3602.717762 3734.747825 3830.444692 3845.053054 3848.201679 3803.551240 3827.576149 3849.844192 3852.486675 3853.532261 3860.862806 3865.891218 3868.780745 3867.228581 3864.339605 3859.541127 3851.381367 3846.566645 3842.918790 3839.170667 3838.063756 3840.103848 3841.858741 3839.065809 3835.181775 3830.708867 3825.129140 3818.845936 3812.109114 3807.837522 3803.620129 3801.503018 3796.056957 3792.499486
-9999.0 2380.888081 2476.900454 2518.813657 2596.531641 2784.639301 2901.683168 3040.429556 3202.019147 3222.851167 3269.635247 3405.163891 3521.287663 3599.555890 3628.574985 3661.871851 3686.058789 3702.093147 3737.836461 3626.618837 3703.492864 3795.656969 3837.548770 3855.714572 3864.490254 3864.837557 3855.114482 3834.456250 3823.747813 3816.994660 3818.602090 3825.862297 3830.590619 3835.419768 3833.129626 3834.132287 3835.119014 3831.868171 3827.875426 3819.208042 3811.384922 3804.773680 3801.641402 3806.378568 3801.713222 3799.290064 3793.137804 3784.764592 3775.875822 3768.510772 3760.607433 3754.068142 3751.824915 3746.812544 3745.637242
-9999.0 2300.021850 2372.979198 2434.868962 2547.710129 2712.152368 2797.899262 2954.954282 3190.016832 3322.716738 3480.974999 3568.651665 3638.124005 3681.048265 3731.627861 3782.064381 3808.030380 3818.994272 3789.942360 3810.437359 3768.471968 3757.549356 3774.738274 3803.312566 3819.868314 3823.839597 3815.894357 3806.579475 3799.324979 3798.200826 3796.099713 3792.251249 3788.329885 3784.856877 3781.716233 3784.582781 3789.813080 3782.793180 3772.691204 3763.368687 3754.961219 3745.832288 3739.931442 3735.399659 3735.653282 3735.897347 3728.315925 3717.880444 3707.100105 3698.870801 3691.685597 3687.142332 3684.534430 3679.628733 3670.218094
-9999.0 2181.243302 2313.448894 2391.009725 2487.306297 2617.313962 2723.634575 2860.791407 2989.040114 3229.554533 3370.791753 3553.488799 3601.441168 3669.180131 3716.954404 3788.648541 3784.464032 3752.961708 3710.580831 3694.257535 3704.494049 3713.229196 3721.671080 3736.397499 3753.833851 3763.772992 3768.411871 3762.202409 3748.035497 3735.855676 3725.149129 3711.831633 3702.646249 3700.275730 3703.994630 3713.713661 3714.386945 3705.114966 3691.130531 3673.134295 3657.704789 3646.038925 3643.970795 3646.630594 3647.653267 3643.673195 3637.829904 3627.162215 3614.651256 3602.379485 3596.617913 3592.263450 3584.990635 3573.989228 3562.314688
-9999.0 -9999.0 2228.309270 2336.903971 2431.197274 2542.995585 2634.519664 2754.873891 2877.345517 3045.946271 3160.937898 3335.019721 3426.939953 3470.362512 3505.129328 3560.073839 3584.191200 3613.824819 3606.758303 3617.422813 3626.626023 3631.679419 3637.071233 3643.119082 3653.671158 3663.350223 3673.232922 3670.443181 3661.574736 3641.387366 3616.234791 3596.695871 3586.371279 3577.349903 3589.180089 3601.595659 3596.338289 3589.475243 3576.939410 3560.827660 3548.267244 3534.124736 3530.677896 3530.668973 3531.262895 3528.962382 3526.340511 3513.977295 3501.771906 3491.819739 3487.776499 3482.234900 3478.618127 3468.876134 3458.370895
-9999.0 -9999.0 2140.095455 2244.374533 2347.157257 2464.893880 2550.214262 2568.975480 2707.462177 2790.578090 2896.510833 3003.262937 3097.237529 3164.191017 3197.197088 3258.463929 3312.517070 3330.148416 3367.895144 3419.015333 3452.002746 3489.822381 3512.013125 3521.485610 3533.893266 3548.048051 3555.505395 3540.576505 3529.332866 3512.333982 3489.189528 3462.934171 3449.616225 3448.885152 3448.249602 3450.139559 3442.745737 3433.803246 3419.439816 3405.439534 3393.252144 3384.189345 3380.620010 3375.314165 3373.172495 3370.511900 3368.776284 3363.385453 3355.006379 3350.296076 3342.260086 3338.495149 3337.661378 3334.471260 3328.661892
