tests/Borden05m/data_simulated/sim_1/output-maps/psiliqL0009N0007.asc
ncols         160
nrows         34
xllcorner     620200.000000
yllcorner     5168000.000000
cellsize      0.500000
NODATA_value  -9999.0
[rows 0 to 25 of 34, columns 0 to 56 of 160]
-9999.0 -9999.0 -9999.0 -9999.0 -9999.0 -9999.0 -9999.0 -9999.0 -9999.0 -9999.0 -9999.0 -9999.0 -9999.0 -9999.0 -9999.0 -9999.0 -9999.0 -9999.0 -9999.0 -9999.0 -9999.0 -9999.0 -9999.0 -9999.0 -9999.0 -9999.0 -9999.0 -9999.0 -9999.0 -9999.0 -9999.0 -9999.0 -9999.0 -9999.0 -9999.0 -9999.0 -9999.0 -9999.0 -9999.0 -9999.0 -9999.0 -9999.0 -9999.0 -9999.0 -9999.0 -9999.0 -9999.0 -9999.0 -9999.0 -9999.0 -9999.0 -9999.0 -9999.0 -9999.0 -9999.0 -9999.0 -9999.0
-9999.0 -9999.0 -9999.0 -9999.0 -9999.0 -9999.0 -9999.0 -9999.0 -9999.0 -9999.0 -9999.0 -9999.0 -9999.0 -9999.0 -9999.0 -9999.0 -9999.0 -9999.0 -9999.0 -9999.0 -9999.0 -9999.0 -9999.0 -9999.0 -9999.0 -9999.0 -9999.0 -9999.0 -9999.0 -9999.0 -9999.0 -9999.0 -9999.0 -9999.0 -9999.0 -9999.0 -9999.0 -9999.0 -9999.0 -9999.0 -9999.0 -9999.0 -9999.0 -9999.0 -9999.0 -9999.0 -9999.0 -9999.0 -9999.0 -9999.0 -9999.0 -9999.0 -9999.0 -9999.0 -9999.0 -9999.0 -9999.0
-9999.0 -9999.0 -9999.0 -9999.0 -9999.0 -9999.0 -9999.0 -9999.0 -9999.0 -9999.0 -9999.0 -9999.0 -9999.0 -9999.0 -9999.0 -9999.0 -9999.0 -9999.0 -9999.0 -9999.0 -9999.0 -9999.0 -9999.0 -9999.0 -9999.0 -9999.0 -9999.0 -9999.0 -9999.0 -9999.0 -9999.0 -9999.0 -9999.0 -9999.0 -9999.0 -9999.0 -9999.0 -9999.0 -9999.0 -9999.0 -9999.0 -9999.0 -9999.0 -9999.0 -9999.0 -9999.0 -9999.0 -116.518645 -134.119207 -150.865136 -152.670941 -129.810767 -106.409281 -82.720298 -62.253262 -43.653736 -24.725075
-9999.0 -9999.0 -9999.0 -9999.0 -9999.0 -9999.0 -9999.0 -9999.0 -9999.0 -9999.0 -9999.0 -9999.0 -9999.0 -9999.0 -9999.0 -9999.0 -9999.0 -9999.0 -9999.0 -9999.0 -9999.0 -9999.0 -9999.0 -9999.0 -9999.0 -9999.0 -9999.0 -9999.0 -9999.0 -9999.0 -9999.0 -9999.0 -9999.0 -9999.0 -9999.0 -9999.0 -9999.0 -9999.0 -9999.0 -9999.0 -68.622888 -62.793548 -61.285961 -72.204140 -83.640440 -95.647547 -115.721586 -133.757960 -149.433964 -152.397482 -149.878945 -144.207424 -121.107772 -96.775262 -77.299134 -59.976852 -40.880663
-9999.0 -9999.0 -9999.0 -9999.0 -9999.0 -9999.0 -9999.0 -9999.0 -9999.0 -9999.0 -9999.0 -9999.0 -9999.0 -9999.0 -9999.0 -9999.0 -9999.0 -9999.0 -9999.0 -9999.0 -9999.0 -9999.0 -9999.0 -9999.0 -9999.0 -9999.0 -9999.0 -9999.0 -9999.0 -9999.0 -9999.0 -9999.0 -9999.0 -9999.0 -160.804959 -143.221547 -125.143403 -106.880366 -90.346493 -83.791824 -77.935037 -72.177198 -76.294679 -81.235306 -92.721694 -111.538674 -131.467015 -145.922801 -148.694485 -151.433627 -147.107334 -133.976176 -117.265366 -100.813209 -79.864573 -56.744774 -47.614337
-9999.0 -9999.0 -9999.0 -9999.0 -9999.0 -9999.0 -9999.0 -9999.0 -9999.0 -9999.0 -9999.0 -9999.0 -9999.0 -9999.0 -9999.0 -9999.0 -9999.0 -9999.0 -9999.0 -9999.0 -9999.0 -9999.0 -9999.0 -9999.0 -9999.0 -9999.0 -9999.0 -9999.0 -155.868557 -161.911900 -167.250482 -168.946576 -170.439300 -171.807992 -164.935607 -152.638802 -134.358079 -112.905201 -100.192303 -93.138300 -86.698819 -86.004199 -90.962868 -93.293973 -93.278267 -105.163970 -117.013586 -128.122412 -138.781896 -140.104400 -130.555930 -116.687936 -100.657800 -85.887646 -70.581957 -57.793564 -42.040161
-9999.0 -9999.0 -9999.0 -9999.0 -9999.0 -9999.0 -9999.0 -9999.0 -9999.0 -9999.0 -9999.0 -9999.0 -9999.0 -9999.0 -9999.0 -9999.0 -9999.0 -9999.0 -9999.0 -9999.0 -9999.0 -9999.0 -9999.0 -184.879061 -178.894774 -172.530830 -165.329288 -164.620428 -169.075382 -174.958540 -178.357481 -180.149174 -181.939240 -177.723186 -169.444941 -155.808185 -139.930272 -118.335033 -109.809048 -103.279313 -90.918788 -88.787678 -84.113439 -80.279472 -82.268370 -85.094959 -97.220102 -106.175987 -100.490637 -94.316031 -87.886845 -80.373032 -67.308124 -51.606557 -33.730013 -12.885935 9.060857
-9999.0 -9999.0 -9999.0 -9999.0 -9999.0 -9999.0 -9999.0 -9999.0 -9999.0 -9999.0 -9999.0 -9999.0 -9999.0 -9999.0 -9999.0 -9999.0 -9999.0 -9999.0 -9999.0 -209.475663 -208.765055 -207.921171 -203.508960 -202.674725 -200.589961 -193.738753 -185.768385 -183.868680 -185.660393 -187.537789 -186.221842 -183.770556 -179.776178 -168.411029 -154.636343 -140.522773 -126.384450 -105.504465 -90.748962 -76.839216 -60.745675 -62.199094 -66.787695 -69.090922 -68.766590 -68.211027 -62.244156 -58.471075 -52.498079 -46.473877 -39.264198 -30.126028 -19.068478 -0.252657 20.593946 41.794014 62.059364
-9999.0 -9999.0 -9999.0 -9999.0 -9999.0 -9999.0 -9999.0 -9999.0 -9999.0 -9999.0 -9999.0 -9999.0 -9999.0 -9999.0 -9999.0 -9999.0 -237.597194 -235.877659 -233.955919 -228.780592 -226.470001 -222.730899 -216.082003 -215.238192 -211.594575 -204.701420 -199.917970 -191.588220 -183.948306 -176.805106 -171.061361 -168.557232 -160.963170 -151.352882 -139.440010 -123.718958 -101.698154 -78.851942 -62.463014 -45.706611 -28.847250 -28.525926 -29.740658 -28.624557 -27.668649 -19.471621 -0.754612 6.131084 10.231140 29.936263 45.279171 51.546275 59.712092 78.992883 104.435203 132.999622 167.883629
-9999.0 -9999.0 -9999.0 -9999.0 -9999.0 -9999.0 -9999.0 -9999.0 -9999.0 -9999.0 -9999.0 -9999.0 -9999.0 -281.926547 -277.886404 -268.857262 -260.800082 -258.774425 -255.079973 -249.607933 -237.678883 -234.413461 -228.435180 -221.044544 -209.852269 -201.569959 -192.540499 -180.924524 -172.600755 -165.519066 -158.491728 -151.979825 -138.208810 -122.657475 -106.499620 -85.942152 -63.997727 -42.596796 -21.135626 -5.551720 9.043830 12.816706 11.443606 13.673010 22.675525 42.152283 62.990219 77.234578 101.358421 128.362090 145.717170 161.068147 172.199685 187.175944 211.633869 254.219423 300.203789
-9999.0 -9999.0 -9999.0 -9999.0 -9999.0 -9999.0 -9999.0 -9999.0 -9999.0 -9999.0 -316.782994 -314.315547 -317.948472 -317.397485 -312.943306 -301.271164 -288.288294 -281.633545 -270.659334 -250.354059 -233.446266 -230.218347 -215.626699 -205.897463 -199.543807 -189.021331 -175.984092 -163.012312 -145.663561 -132.901314 -120.139492 -99.230271 -82.457766 -65.725211 -47.648492 -27.317119 -5.615339 25.487978 54.266720 69.909052 95.536052 110.890933 109.107249 110.746233 121.039325 141.996882 170.041821 202.174170 232.673688 268.597235 296.336441 316.127426 330.965098 348.001802 370.859459 417.047701 474.825056
-9999.0 -9999.0 -9999.0 -9999.0 -9999.0 -9999.0 -9999.0 -9999.0 -340.657146 -333.931769 -327.786781 -331.031807 -336.001642 -339.514761 -326.674030 -311.069064 -295.346089 -278.556510 -262.865438 -245.259617 -229.870875 -213.474941 -194.307824 -182.622615 -170.860947 -155.690638 -141.918189 -123.817775 -102.141287 -87.153826 -67.733208 -45.237486 -25.040703 -6.098020 13.506829 33.390383 64.062131 101.419352 137.945880 167.121682 199.396238 228.221856 232.250532 239.548994 250.147916 284.742106 324.519292 366.870828 410.449959 458.673364 500.272287 523.217663 536.723028 551.519060 570.479090 593.928853 628.219587
-9999.0 -9999.0 -9999.0 -9999.0 -9999.0 -9999.0 -366.216878 -342.213909 -327.623516 -335.646967 -344.111327 -347.687689 -351.449049 -332.166336 -310.995362 -294.362061 -277.921646 -260.843016 -244.783062 -230.314073 -195.255711 -178.851559 -163.883202 -144.079466 -129.878781 -115.575727 -97.821805 -73.604328 -49.703873 -16.062672 15.052950 43.596392 72.422542 94.986664 117.015799 140.510068 177.790842 222.733346 269.450098 309.740007 346.358741 384.036278 400.307419 414.135574 433.731474 467.775997 509.065921 547.701463 590.560986 632.335753 663.526092 677.591269 688.068558 698.599164 711.364092 724.644435 739.218944
-9999.0 -9999.0 -9999.0 -9999.0 -399.293701 -378.503249 -358.125929 -327.421103 -304.979033 -310.592907 -303.513815 -303.183393 -304.709694 -302.373565 -296.798084 -279.096797 -261.563631 -243.874274 -225.301182 -187.529206 -145.316731 -128.344265 -101.155578 -68.335310 -53.738304 -38.149085 -21.691775 2.800906 34.177917 72.383358 123.586948 168.411771 200.645658 230.563623 259.571784 292.000705 335.036536 386.371895 442.785215 493.768275 533.416049 563.385675 581.165702 593.581450 611.739844 635.104818 660.530255 689.292119 719.203230 750.229045 773.969280 786.818205 792.914956 800.852631 809.420215 819.891955 829.969392
-9999.0 -9999.0 -9999.0 -446.126370 -407.806428 -371.095398 -343.752936 -312.909580 -281.412779 -275.271408 -267.075571 -260.787786 -254.325713 -245.482098 -235.597318 -219.342848 -205.277148 -192.476825 -171.291053 -133.939242 -96.803025 -61.776122 -27.692301 4.396573 29.156029 46.929275 66.320475 93.971914 138.716466 185.624556 247.204091 311.766319 360.843706 398.970784 435.264448 476.681943 511.600822 555.561764 600.515551 641.039488 675.545755 700.354834 719.034992 727.032658 736.825391 747.250052 763.981662 782.763729 800.393403 823.855639 847.066280 865.538465 875.350520 881.701557 894.163289 906.923395 916.730069
-9999.0 -9999.0 -492.385012 -455.580745 -420.456659 -368.903619 -316.420183 -282.993591 -242.187822 -217.005857 -209.729465 -190.871842 -173.552914 -164.791960 -147.486390 -129.721011 -115.858777 -112.004300 -98.435487 -61.889811 -6.169891 46.199096 82.038466 142.680996 181.262047 209.552811 229.009855 261.270426 303.450511 361.211103 430.994345 494.803003 543.319493 582.361577 606.619016 632.919095 660.800251 685.803309 718.880243 747.453427 774.245365 795.856783 814.135984 820.684593 824.690896 837.964501 857.221499 876.749802 895.097983 912.774186 921.919440 926.011654 927.499349 928.217892 929.726063 930.887176 931.491546
-9999.0 -9999.0 -517.356799 -473.486508 -430.839624 -360.780106 -284.892616 -247.150145 -203.837333 -158.950386 -139.177533 -114.382536 -94.663459 -76.021144 -51.012071 -26.268523 -20.063936 -16.017881 -15.336827 42.225109 106.711818 177.026726 254.376098 327.853696 380.700039 400.873356 418.684060 449.744631 484.878277 537.568543 596.822878 653.209512 698.399779 728.874900 745.787731 763.464275 782.933225 799.576589 815.168111 846.336408 865.097391 883.773003 904.428581 921.417748 927.973659 929.240790 923.954095 927.466731 929.702604 930.630126 930.671258 927.323443 926.515064 927.119111 928.261265 923.882173 918.282644
-9999.0 -603.629804 -551.895812 -497.768343 -427.215021 -357.693923 -271.108376 -189.675903 -138.351045 -94.458401 -64.035973 -42.245811 13.433733 65.952752 95.989239 127.338566 127.148498 127.275442 120.996837 170.995460 237.313111 340.850707 475.144784 541.893030 584.660917 594.187610 596.780619 617.402193 647.190832 689.248138 748.561681 788.236760 830.465851 861.746617 873.119263 877.912265 892.884010 909.890763 912.810032 923.130945 926.820831 929.718208 927.724075 928.378406 929.098582 929.597510 926.952282 921.357324 914.440575 909.794083 906.573321 902.669500 905.564144 909.285718 911.081877 905.478975 899.434787
-9999.0 -637.614804 -577.377224 -504.832269 -432.723138 -355.357559 -242.343025 -111.613183 -63.030711 -25.857304 7.697290 58.578049 155.260212 233.858255 278.670065 325.351455 322.850035 311.238568 309.763701 355.440380 426.318054 513.040466 648.320544 731.940242 750.024944 763.619802 774.358559 799.650848 830.785538 858.643974 882.144748 893.437880 905.808056 911.416629 913.561353 915.125674 917.635752 918.595268 916.602218 913.641115 909.546360 909.886952 913.673013 913.793251 911.842076 909.970719 905.758918 899.626629 895.592087 892.641942 891.325968 889.512659 889.125500 890.532900 887.964647 884.318301 878.047480
-9999.0 -661.777854 -592.660575 -527.013215 -453.295843 -327.864080 -204.744726 -74.248484 17.256383 60.634046 117.047323 222.057308 346.239925 457.079414 515.259591 542.305593 550.320167 538.916965 551.754320 598.752074 664.887686 742.580952 808.259064 869.378210 880.569169 884.811160 878.447666 886.918698 894.427815 896.948220 898.528247 899.615998 904.728589 907.546576 907.138445 905.384390 902.033996 895.699511 892.131762 890.421225 888.247942 888.736988 891.829262 893.021476 891.525935 889.170393 886.527041 883.050506 879.491298 875.467389 873.889396 871.874199 871.251511 868.277428 865.381414 861.741605 851.841378
-9999.0 -748.823689 -664.988552 -603.148168 -468.584954 -302.568941 -177.964657 -22.892787 116.781028 177.145038 293.446396 439.624269 562.202690 643.891761 689.827904 729.312732 753.535961 774.768692 803.986441 798.177628 841.235789 875.956733 888.193171 893.886546 891.180277 893.696741 889.007815 873.833139 866.809053 862.545746 865.584992 873.299058 879.257755 885.180748 883.829927 884.829948 885.307338 883.193475 881.449486 875.570325 869.839291 865.619046 864.922107 870.600807 866.623388 864.732266 861.234327 856.414735 851.207917 846.679892 842.035230 837.683053 836.466427 832.240015 831.866381 825.884116 802.034124
-9999.0 -829.492808 -750.700055 -646.519859 -494.945165 -331.207950 -184.188652 -10.958569 187.424595 316.234301 459.746092 557.660401 650.996037 723.992461 785.549914 820.567102 838.159475 844.350928 842.840939 847.841606 822.704243 817.747617 832.438911 854.042496 863.776120 868.094559 861.843245 854.039924 850.188863 851.490304 852.106803 852.651042 852.593473 851.549274 848.962236 850.735080 855.446360 851.396915 845.792706 840.274890 834.804136 827.655562 822.603731 819.882927 818.717183 819.494491 814.353695 807.066378 799.956126 795.016505 790.010430 786.201826 785.145691 781.018287 773.939085 761.698454 733.083848
-9999.0 -916.465114 -801.512449 -698.581699 -562.989258 -422.687894 -284.735392 -113.318747 52.026523 281.924361 488.382468 587.060764 642.525093 698.758991 759.493442 816.965055 823.342659 797.371917 773.428224 762.052462 765.904253 774.839101 787.269404 805.398706 820.378229 829.251459 831.198322 825.222687 814.227866 807.948638 804.383506 797.455787 792.341372 792.192993 791.626702 797.191181 800.282551 792.736797 782.236181 768.455782 754.974032 743.499516 738.687983 738.364685 737.635758 734.763578 728.846876 720.372140 710.221790 701.195496 695.218879 690.922793 685.091294 675.356092 662.341830 644.717674 609.422299
-9999.0 -9999.0 -871.029599 -758.741295 -642.990994 -514.389176 -385.776469 -228.283407 -68.891708 130.092988 275.073809 414.176116 494.029519 549.508797 612.590889 670.179385 687.886381 703.419434 685.560362 688.659385 694.447261 700.374401 710.774407 723.617923 737.709387 748.293018 755.293593 753.445245 743.951662 728.058356 710.264540 697.175231 689.609339 683.900185 691.319140 701.169647 699.147017 693.171890 681.966307 665.178354 647.622521 627.659032 618.741047 616.270152 614.571019 610.436119 604.319565 590.591477 576.978608 564.376710 558.523201 552.324237 545.686572 532.695651 516.448965 493.863836 454.238469
-9999.0 -9999.0 -952.928885 -841.606927 -720.515086 -594.169598 -485.884770 -379.597123 -217.804045 -91.465569 19.310341 123.964400 210.515148 283.081582 349.052048 423.342676 463.360396 480.771004 493.205069 512.874394 535.700882 559.600935 578.256708 595.774197 615.008627 632.097485 642.309735 629.504876 613.591030 591.827183 567.376565 543.399506 530.925597 525.457410 528.438262 534.340077 528.933509 518.550257 502.794518 482.452243 460.936152 437.079644 425.040676 418.563918 415.387181 410.263350 403.728986 390.174071 374.217226 362.948648 353.135482 345.111219 339.859133 329.533675 315.504681 302.208134 275.266891
-9999.0 -9999.0 -9999.0 -913.661418 -815.564629 -729.864472 -632.491439 -556.250285 -460.218129 -345.028864 -238.291051 -133.078597 -63.230667 -4.884536 54.234545 112.403042 154.131678 179.505691 201.779086 256.151114 291.315912 335.251811 376.266422 401.358974 427.113987 451.500590 457.759213 443.950445 424.632924 398.128113 365.986319 337.017356 321.876772 322.250059 321.003699 321.677290 314.858830 308.407368 294.796799 278.312912 260.207587 245.908926 237.882470 230.860569 226.000892 220.807123 215.533192 207.580613 197.501926 187.313060 179.677576 175.857535 171.257291 165.081417 156.172065 145.727195 131.291802
