tests/Borden05m/data_simulated/sim_1/output-maps/psiliqL0001N0006.asc
ncols         160
nrows         34
xllcorner     620200.000000
yllcorner     5168000.000000
cellsize      0.500000
NODATA_value  -9999.0
[rows 0 to 24 of 34, columns 0 to 57 of 160]
-9999.0 -9999.0 -9999.0 -9999.0 -9999.0 -9999.0 -9999.0 -9999.0 -9999.0 -9999.0 -9999.0 -9999.0 -9999.0 -9999.0 -9999.0 -9999.0 -9999.0 -9999.0 -9999.0 -9999.0 -9999.0 -9999.0 -9999.0 -9999.0 -9999.0 -9999.0 -9999.0 -9999.0 -9999.0 -9999.0 -9999.0 -9999.0 -9999.0 -9999.0 -9999.0 -9999.0 -9999.0 -9999.0 -9999.0 -9999.0 -9999.0 -9999.0 -9999.0 -9999.0 -9999.0 -9999.0 -9999.0 -9999.0 -9999.0 -9999.0 -9999.0 -9999.0 -9999.0 -9999.0 -9999.0 -9999.0 -9999.0 -9999.0
-9999.0 -9999.0 -9999.0 -9999.0 -9999.0 -9999.0 -9999.0 -9999.0 -9999.0 -9999.0 -9999.0 -9999.0 -9999.0 -9999.0 -9999.0 -9999.0 -9999.0 -9999.0 -9999.0 -9999.0 -9999.0 -9999.0 -9999.0 -9999.0 -9999.0 -9999.0 -9999.0 -9999.0 -9999.0 -9999.0 -9999.0 -9999.0 -9999.0 -9999.0 -9999.0 -9999.0 -9999.0 -9999.0 -9999.0 -9999.0 -9999.0 -9999.0 -9999.0 -9999.0 -9999.0 -9999.0 -9999.0 -9999.0 -9999.0 -9999.0 -9999.0 -9999.0 -9999.0 -9999.0 -9999.0 -9999.0 -9999.0 -9999.0
-9999.0 -9999.0 -9999.0 -9999.0 -9999.0 -9999.0 -9999.0 -9999.0 -9999.0 -9999.0 -9999.0 -9999.0 -9999.0 -9999.0 -9999.0 -9999.0 -9999.0 -9999.0 -9999.0 -9999.0 -9999.0 -9999.0 -9999.0 -9999.0 -9999.0 -9999.0 -9999.0 -9999.0 -9999.0 -9999.0 -9999.0 -9999.0 -9999.0 -9999.0 -9999.0 -9999.0 -9999.0 -9999.0 -9999.0 -9999.0 -9999.0 -9999.0 -9999.0 -9999.0 -9999.0 -9999.0 -9999.0 -478.993124 -483.533457 -489.141008 -490.845623 -484.751807 -482.626780 -480.869538 -480.077454 -479.453722 -477.962300 -474.234798
-9999.0 -9999.0 -9999.0 -9999.0 -9999.0 -9999.0 -9999.0 -9999.0 -9999.0 -9999.0 -9999.0 -9999.0 -9999.0 -9999.0 -9999.0 -9999.0 -9999.0 -9999.0 -9999.0 -9999.0 -9999.0 -9999.0 -9999.0 -9999.0 -9999.0 -9999.0 -9999.0 -9999.0 -9999.0 -9999.0 -9999.0 -9999.0 -9999.0 -9999.0 -9999.0 -9999.0 -9999.0 -9999.0 -9999.0 -9999.0 -482.082177 -479.944747 -478.017174 -480.895704 -481.735089 -480.841143 -483.610919 -487.090005 -490.796162 -489.357891 -489.378575 -492.702513 -488.905951 -486.136068 -485.815175 -485.747163 -483.598466 -479.054462
-9999.0 -9999.0 -9999.0 -9999.0 -9999.0 -9999.0 -9999.0 -9999.0 -9999.0 -9999.0 -9999.0 -9999.0 -9999.0 -9999.0 -9999.0 -9999.0 -9999.0 -9999.0 -9999.0 -9999.0 -9999.0 -9999.0 -9999.0 -9999.0 -9999.0 -9999.0 -9999.0 -9999.0 -9999.0 -9999.0 -9999.0 -9999.0 -9999.0 -9999.0 -488.847954 -485.012237 -483.758943 -482.676536 -480.601642 -481.969993 -483.177426 -481.358340 -483.051945 -482.847526 -484.614684 -488.171575 -491.697908 -493.533489 -490.745860 -491.484042 -491.651812 -489.940355 -489.250102 -489.537735 -487.441488 -483.593081 -486.835543 -486.438173
-9999.0 -9999.0 -9999.0 -9999.0 -9999.0 -9999.0 -9999.0 -9999.0 -9999.0 -9999.0 -9999.0 -9999.0 -9999.0 -9999.0 -9999.0 -9999.0 -9999.0 -9999.0 -9999.0 -9999.0 -9999.0 -9999.0 -9999.0 -9999.0 -9999.0 -9999.0 -9999.0 -9999.0 -482.160667 -483.729069 -484.893639 -484.738375 -485.323243 -487.732224 -488.644806 -488.686628 -487.037382 -484.067214 -484.047678 -484.930492 -484.981630 -485.975876 -488.383969 -488.484548 -485.498208 -487.612601 -488.339254 -489.619912 -493.635684 -494.695917 -492.541909 -490.687400 -489.329613 -489.607096 -490.201430 -491.228248 -491.831991 -486.775952
-9999.0 -9999.0 -9999.0 -9999.0 -9999.0 -9999.0 -9999.0 -9999.0 -9999.0 -9999.0 -9999.0 -9999.0 -9999.0 -9999.0 -9999.0 -9999.0 -9999.0 -9999.0 -9999.0 -9999.0 -9999.0 -9999.0 -9999.0 -484.245669 -482.805986 -482.400073 -481.193501 -481.974560 -485.303402 -487.319530 -488.151042 -488.872670 -490.668487 -491.032844 -491.399171 -490.755515 -490.543605 -487.385886 -489.890014 -491.604177 -488.718336 -489.660404 -487.492902 -484.982238 -485.462885 -484.738926 -489.111992 -492.385719 -488.823319 -487.583963 -488.108924 -489.400592 -488.900736 -488.229228 -487.390833 -485.353264 -482.569844 -480.490705
-9999.0 -9999.0 -9999.0 -9999.0 -9999.0 -9999.0 -9999.0 -9999.0 -9999.0 -9999.0 -9999.0 -9999.0 -9999.0 -9999.0 -9999.0 -9999.0 -9999.0 -9999.0 -9999.0 -483.341067 -483.875536 -484.909537 -484.648135 -487.995670 -489.464837 -488.743608 -487.227926 -488.333579 -490.192330 -491.752825 -491.600167 -491.463507 -491.999864 -489.925727 -488.430949 -488.351048 -489.558908 -487.325299 -487.166152 -486.133754 -482.203231 -485.318836 -488.170495 -489.645183 -489.782044 -490.758533 -488.298514 -487.702153 -487.804293 -488.625750 -489.137700 -489.061648 -489.456955 -487.040879 -485.300570 -484.472757 -484.004235 -482.460805
-9999.0 -9999.0 -9999.0 -9999.0 -9999.0 -9999.0 -9999.0 -9999.0 -9999.0 -9999.0 -9999.0 -9999.0 -9999.0 -9999.0 -9999.0 -9999.0 -483.005662 -483.335641 -484.640423 -486.800037 -488.601880 -488.745165 -487.580486 -490.058163 -490.985470 -490.648525 -491.878077 -490.916758 -489.852334 -488.525717 -488.025338 -489.893764 -489.885376 -490.534469 -491.261342 -491.192115 -488.650255 -486.508174 -486.828617 -485.481576 -482.191967 -484.809838 -485.790525 -485.701643 -487.424478 -486.787343 -481.586281 -483.368110 -486.954095 -481.904178 -479.718498 -481.836775 -483.428029 -481.013765 -477.427265 -473.301802 -465.263729 -460.737219
-9999.0 -9999.0 -9999.0 -9999.0 -9999.0 -9999.0 -9999.0 -9999.0 -9999.0 -9999.0 -9999.0 -9999.0 -9999.0 -482.639819 -482.981184 -482.815776 -486.126995 -488.623330 -490.190367 -492.366837 -490.036226 -492.019131 -492.776600 -492.541187 -490.500832 -490.704931 -490.736876 -489.640640 -490.456480 -491.461060 -492.463904 -494.261478 -492.902695 -491.650627 -491.107117 -489.340580 -488.438045 -488.207733 -486.597164 -487.287163 -486.387030 -487.750748 -490.230072 -490.913719 -489.640709 -485.369191 -482.840400 -483.206933 -477.904613 -472.725454 -470.973123 -467.704081 -466.929906 -466.127457 -462.845247 -450.401972 -433.882046 -412.779399
-9999.0 -9999.0 -9999.0 -9999.0 -9999.0 -9999.0 -9999.0 -9999.0 -9999.0 -9999.0 -486.896969 -485.316907 -487.676139 -492.151249 -494.144043 -493.346563 -492.529968 -494.345332 -494.516912 -490.327736 -488.173112 -492.657818 -490.071199 -490.320377 -492.399625 -492.289438 -491.525769 -491.832596 -489.656872 -490.145030 -490.792414 -487.111798 -486.824249 -486.512509 -485.863088 -485.322665 -485.457426 -480.968732 -477.614597 -479.893039 -474.164648 -470.804221 -475.203912 -476.996150 -476.947630 -473.697710 -467.761619 -459.388382 -453.548363 -442.098742 -426.206867 -415.814015 -409.168307 -402.318033 -394.734724 -371.179271 -303.936882 -199.270894
-9999.0 -9999.0 -9999.0 -9999.0 -9999.0 -9999.0 -9999.0 -9999.0 -493.016772 -490.573405 -489.066254 -491.035700 -493.663935 -498.475671 -496.832589 -495.303718 -494.377014 -492.874326 -492.358225 -492.062709 -493.613916 -492.535316 -490.166686 -491.400684 -491.528781 -490.165103 -490.709020 -489.807982 -488.177644 -490.459106 -490.305400 -489.329107 -488.653734 -488.191944 -487.481774 -487.991477 -483.801596 -478.292726 -472.678637 -468.158786 -460.769817 -451.284905 -453.738749 -453.215048 -453.597604 -440.812224 -419.718011 -397.776514 -372.180378 -323.623005 -211.583025 -168.320585 -151.283115 -139.582461 -127.726660 -113.344570 -79.017749 -33.067694
-9999.0 -9999.0 -9999.0 -9999.0 -9999.0 -9999.0 -496.473398 -491.190305 -488.676811 -494.928102 -499.664096 -501.229015 -504.028648 -498.031803 -492.830750 -492.085281 -491.604276 -491.005248 -491.982172 -496.126088 -488.630380 -491.567093 -493.910530 -492.165724 -493.018059 -493.477821 -492.733344 -490.317645 -490.284650 -485.253486 -482.637277 -480.841998 -477.444945 -476.208351 -474.898490 -473.403861 -465.942800 -455.712952 -442.928530 -424.931918 -405.917043 -385.120139 -376.548484 -370.834512 -359.802175 -323.705258 -213.696748 -158.714179 -117.778098 -77.863035 -33.571539 -13.460163 -2.644048 2.989093 3.162467 3.326649 3.522137 3.938214
-9999.0 -9999.0 -9999.0 -9999.0 -492.982078 -491.996889 -493.339200 -488.875220 -485.819537 -493.490855 -490.876516 -492.266120 -494.797246 -497.910468 -501.639704 -499.380741 -498.235214 -497.627360 -498.659568 -491.570872 -485.862440 -491.470708 -489.304303 -484.036638 -486.676657 -486.974077 -487.811705 -486.555142 -483.650019 -480.325330 -469.693796 -460.724961 -456.481739 -451.046999 -445.480188 -434.896622 -414.891169 -388.968178 -346.319436 -231.660908 -167.626691 -137.001509 -123.766325 -116.651939 -103.206774 -79.066306 -39.706066 -10.241165 3.197715 3.710991 4.122974 4.326108 4.377850 4.464423 4.531142 4.660303 4.773474 4.892986
-9999.0 -9999.0 -9999.0 -495.928914 -490.811428 -489.224062 -492.326853 -491.857393 -488.200464 -492.583385 -493.560869 -494.475897 -495.117012 -495.292886 -495.931884 -494.834884 -494.930449 -496.457724 -496.045905 -492.573077 -492.219665 -490.371277 -489.623473 -487.617071 -485.888332 -486.156097 -485.810319 -482.994508 -473.341880 -464.611078 -446.942300 -416.899443 -392.921381 -373.939732 -352.226269 -292.383771 -205.804741 -152.554079 -106.190148 -53.665869 -16.605098 2.189697 3.285188 3.334956 3.442122 3.574208 3.891967 4.165182 4.335449 4.630311 4.966019 5.241729 5.376889 5.416184 5.775849 15.891536 24.563285 34.310511
-9999.0 -9999.0 -494.561479 -491.734646 -494.295107 -491.008399 -487.397575 -491.229837 -486.838649 -485.842559 -491.549055 -489.144718 -488.232079 -492.032456 -490.655775 -489.043662 -488.330044 -492.540369 -496.068089 -492.526757 -483.747203 -478.137017 -477.797331 -460.950067 -453.950551 -449.650361 -449.306853 -440.622681 -423.800871 -393.486536 -335.881901 -215.855127 -157.123284 -123.541928 -105.766311 -76.925444 -38.927126 -15.675697 3.190124 3.714873 4.114586 4.389576 4.638791 4.703796 4.684798 4.864883 5.135420 5.405386 6.643703 21.458016 37.548099 38.299934 37.524072 38.082698 37.251900 37.875888 37.426988 37.880434
-9999.0 -9999.0 -497.988746 -493.154529 -497.242044 -490.016290 -483.527376 -492.052127 -491.005207 -484.513661 -487.618170 -487.878278 -490.374379 -491.451666 -489.600483 -484.321833 -488.155581 -489.603494 -497.777682 -483.683017 -473.728893 -456.727151 -419.116233 -389.209708 -362.746683 -360.500387 -356.620199 -323.667921 -234.292898 -167.951402 -107.558771 -45.654782 -6.908044 3.325034 3.540603 3.810859 4.164993 4.440117 4.604795 5.086908 5.259817 5.570674 17.550938 32.768956 37.906065 38.138925 38.272257 37.688678 37.952734 37.462944 37.542052 33.818856 33.474805 33.318552 34.713903 29.822517 24.263339 18.671977
-9999.0 -498.695582 -496.433129 -496.682123 -492.115218 -494.814618 -490.159333 -483.164615 -485.532313 -484.194392 -485.974284 -493.425527 -480.183974 -469.186149 -467.825558 -458.711275 -464.544972 -467.748377 -477.030233 -465.732892 -443.515622 -379.047031 -206.840025 -143.033246 -114.613983 -112.075477 -115.152962 -95.923017 -57.557101 -22.222399 3.606990 4.269125 4.923517 5.403387 5.564553 5.507570 11.751519 25.418652 40.825565 42.987302 42.590072 42.395800 38.273260 37.680447 38.256043 37.845538 34.743137 29.231173 22.024414 16.959635 13.500408 9.041924 11.435254 14.260870 15.693214 9.170977 5.627860 5.435898
-9999.0 -506.278502 -496.615692 -491.152726 -494.232288 -499.693317 -487.739820 -469.273778 -480.598778 -485.791979 -490.097244 -482.570328 -453.161117 -422.190027 -404.748567 -381.557555 -387.122242 -398.943409 -401.022812 -373.499638 -272.505051 -170.839861 -46.233983 3.596605 3.664123 3.856379 3.960284 4.360037 4.895007 5.339621 9.908909 30.267523 32.358574 32.037028 32.220813 31.935535 32.114860 31.942346 28.584130 25.070274 20.537799 20.538849 23.838039 23.668369 21.171483 18.403997 13.249067 6.390988 5.520100 5.422067 5.408583 5.333360 5.319715 5.514423 5.374242 5.285960 5.180430 5.118861
-9999.0 -498.208856 -486.933884 -490.456869 -500.894312 -488.900915 -486.263797 -476.410394 -471.305807 -480.291184 -471.097167 -427.134702 -355.463157 -205.458574 -146.783926 -132.083273 -128.253612 -140.170966 -131.035873 -95.278145 -35.719718 3.636767 4.612070 14.156539 19.594305 19.523462 19.485898 19.480773 19.493270 19.464153 19.406912 17.550044 21.744427 23.702390 22.384528 19.664405 15.310490 8.047432 5.549928 5.431119 5.312822 5.317677 5.505856 5.772424 5.508793 5.434601 5.357810 5.282844 5.247586 5.187299 5.201197 5.178037 5.213829 5.145135 5.119545 5.092610 4.986971 4.906818
-9999.0 -511.181862 -495.336048 -509.510886 -491.767503 -477.238442 -483.719476 -466.336232 -448.895530 -452.107687 -391.133859 -221.192742 -99.460584 -23.578378 3.054670 3.672254 3.948042 4.231206 4.673251 5.525440 16.131603 28.066380 27.889845 27.840537 19.395333 19.456869 12.389633 5.248159 5.075325 4.948629 5.013193 5.202546 5.330523 5.650083 5.354811 5.485345 5.527614 5.351312 5.346474 5.213722 5.115932 5.041664 5.021089 5.287315 5.131176 5.140574 5.093832 5.044429 4.993182 4.954087 4.900409 4.837499 4.858591 4.769624 4.840966 4.808582 4.445722 4.300468
-9999.0 -520.234340 -509.559095 -501.846917 -486.311634 -476.298153 -468.412746 -450.093789 -408.237637 -370.576204 -216.528616 -98.009741 -8.133284 4.030909 4.989123 5.530360 12.639253 12.676589 12.687827 6.258341 4.723111 4.576258 4.790107 5.141947 5.239849 5.442370 5.119573 4.970127 4.953935 5.056140 5.049450 5.076096 5.071842 5.026354 4.926646 4.966265 5.155615 5.014263 4.942730 4.898636 4.866969 4.780296 4.714910 4.682618 4.671792 4.752074 4.680229 4.599159 4.532697 4.510907 4.463131 4.418388 4.434251 4.355231 4.210391 3.981321 3.475199 1.023090
-9999.0 -540.415933 -505.323393 -501.675823 -492.723521 -491.319695 -491.438200 -477.363301 -458.516007 -371.369964 -143.652635 -51.879900 -1.242746 3.366942 4.228634 5.238095 5.423174 4.623783 4.266399 4.054650 4.132213 4.266800 4.386554 4.607592 4.771378 4.904071 4.915651 4.808811 4.631306 4.594091 4.624272 4.535855 4.465214 4.502624 4.438956 4.529251 4.624194 4.454034 4.255979 3.958090 3.697013 3.520037 3.473354 3.506671 3.515320 3.491878 3.421515 3.328409 3.200559 3.091898 3.019338 2.954195 -1.956611 -13.450035 -33.578994 -66.241842 -107.200007 -138.810196
-9999.0 -9999.0 -521.653697 -501.103649 -499.313875 -497.224033 -496.194310 -484.011983 -474.589264 -428.234467 -368.128699 -215.640563 -144.070408 -108.322268 -60.426271 -4.732360 3.111349 3.499897 3.056305 3.133693 3.182242 3.192187 3.285018 3.405408 3.563354 3.682713 3.791871 3.779212 3.662613 3.451339 3.208932 3.057622 2.967528 -0.024712 3.001984 3.191480 3.122940 2.949974 -12.774143 -44.363835 -71.277633 -90.372251 -96.293107 -96.349359 -96.332871 -98.437486 -101.885360 -111.358284 -120.129413 -128.861828 -131.714067 -135.904734 -143.429029 -161.399750 -196.458627 -280.849369 -349.211664 -379.401464
-9999.0 -9999.0 -543.722653 -511.726012 -498.000497 -488.518392 -491.445925 -491.753823 -472.139053 -467.221108 -456.912487 -432.620775 -407.365879 -381.390665 -337.157007 -208.619573 -164.411458 -150.239987 -145.614555 -141.609789 -130.281078 -120.170842 -113.419857 -104.621615 -93.037086 -80.683202 -72.082613 -84.403976 -96.390170 -110.923244 -126.248329 -141.802274 -149.263599 -154.453988 -150.926463 -145.792326 -151.207983 -164.852651 -197.569547 -276.764470 -330.172587 -354.586421 -360.644578 -361.990563 -361.849023 -364.254650 -367.612359 -376.737950 -386.581947 -392.667716 -397.345948 -401.938931 -404.845893 -411.850730 -421.445176 -430.036707 -441.189428 -449.592126
