tests/Borden05m/data_simulated/sim_1/output-maps/psiliqL0011N0007.asc
ncols         160
nrows         34
xllcorner     620200.000000
yllcorner     5168000.000000
cellsize      0.500000
NODATA_value  -9999.0
[rows 0 to 24 of 34, columns 57 to 113 of 160]
-9999.0 -9999.0 -9999.0 -9999.0 -9999.0 -9999.0 -9999.0 -9999.0 -9999.0 -9999.0 -9999.0 -9999.0 -9999.0 -9999.0 -9999.0 -9999.0 -9999.0 -9999.0 -9999.0 -9999.0 -9999.0 -9999.0 -9999.0 -9999.0 -9999.0 -9999.0 -9999.0 -9999.0 -9999.0 -9999.0 -9999.0 -9999.0 -9999.0 -9999.0 -9999.0 -9999.0 -9999.0 -9999.0 -9999.0 -9999.0 -9999.0 -9999.0 -9999.0 -9999.0 -9999.0 -9999.0 -9999.0 -9999.0 -9999.0 -9999.0 -9999.0 -9999.0 -9999.0 -9999.0 -9999.0 -9999.0 -9999.0
-9999.0 -9999.0 419.266069 413.762932 408.496066 403.583716 394.647465 385.496683 377.088839 373.240879 372.474896 371.810822 371.582349 377.023490 385.165918 392.964700 400.324601 402.893288 405.509093 407.973122 408.671215 407.605176 404.556867 401.451985 398.225842 396.897505 388.837366 377.528295 368.738322 366.059601 370.595896 375.145707 377.684620 383.657857 394.455618 405.286773 413.793164 425.527497 431.071159 436.030472 438.902061 434.605413 430.825270 426.847258 421.726696 410.581410 -9999.0 -9999.0 -9999.0 -9999.0 -9999.0 -9999.0 -9999.0 -9999.0 -9999.0 -9999.0 -9999.0
402.594530 405.931171 394.809680 389.948841 386.686179 384.629350 379.711375 371.082838 365.876709 360.592697 358.982528 359.187073 359.426444 363.755665 373.964431 382.110377 387.057969 389.713392 392.456160 392.552959 392.267190 392.142990 389.479390 386.278000 383.094868 381.497216 381.922057 374.463067 369.170206 365.922464 364.541418 367.075818 369.439566 372.643585 382.175505 390.354724 398.512799 412.625996 424.832065 429.859341 427.162197 421.870840 417.815252 410.962967 400.766702 390.184907 380.075239 372.771124 367.040444 361.280871 367.066813 373.334764 383.169296 392.896813 404.755130 416.816653 -9999.0
387.443081 390.408557 379.673222 371.374998 366.704838 366.930615 369.432597 365.975353 361.508417 357.131520 365.571746 367.076633 368.449861 371.894301 375.293759 378.208562 381.144047 386.687464 395.900502 398.845064 399.656516 400.093693 398.578078 395.771254 394.266843 391.779124 386.834057 386.049501 386.600631 386.638279 391.828826 393.360150 394.889054 387.981368 391.332993 397.447332 404.172204 410.752851 417.375611 421.388839 417.854594 416.398528 407.582455 393.299996 381.562521 372.563187 370.022085 366.477454 358.325489 345.488597 352.135764 367.335300 371.652900 374.875948 386.439616 398.567640 408.812210
374.251690 377.447906 372.553523 373.812619 375.443071 377.071693 375.669723 372.938429 371.571502 384.670032 394.534782 396.667277 399.893360 403.648372 402.911946 390.944551 388.596890 397.237316 407.961850 414.199576 414.836653 415.264075 413.946491 413.416458 413.421471 411.553616 412.868134 415.757484 416.392369 421.498371 427.310840 430.175238 421.932129 412.574852 413.011513 420.445474 428.210059 435.263679 445.744657 456.836132 455.142988 448.765419 439.003233 424.541661 400.275245 379.830009 368.458164 360.964125 353.313421 352.398632 349.199171 359.650183 360.899204 362.249937 370.258146 380.236313 390.126675
390.771851 399.213228 393.485608 388.326546 385.430654 386.345545 386.928062 390.682210 404.166615 418.751716 434.287228 437.674262 440.756700 440.734425 431.543189 421.368612 417.514225 432.732847 449.229752 458.152753 459.725730 460.474540 468.857230 468.054015 466.668487 462.195787 465.106341 467.859682 479.046037 487.068652 494.235005 492.397840 480.316914 468.729105 466.527128 468.342034 470.468762 475.943783 485.725312 495.006513 489.117177 480.622050 468.997292 438.715162 409.766652 391.551842 390.859486 390.167921 384.516599 380.501108 376.214544 368.141637 366.925714 365.518707 364.358588 375.780834 387.589650
442.093213 458.787654 453.443336 445.478975 435.201576 436.097519 439.989982 449.118735 463.535245 482.994370 508.602918 513.184796 517.719413 521.620649 510.832083 498.597074 487.232971 504.535705 515.295194 525.295065 529.227009 541.586722 553.453723 550.400404 543.517056 534.838896 542.448906 556.307599 572.326014 579.597605 583.593039 583.053293 572.212556 566.055037 563.149483 563.456075 559.186258 561.842997 571.411181 585.475609 583.662994 571.657859 546.392753 507.227719 469.935226 446.335967 449.283201 440.928366 432.974320 427.559461 412.094147 399.555181 398.141433 387.426486 380.183938 390.729738 395.965189
495.643185 515.173043 511.803995 501.518461 489.142038 489.574948 498.462637 509.860941 531.144072 557.455800 584.655208 597.034530 603.743021 614.128949 607.752170 598.222478 589.538826 599.014999 612.498676 626.376639 639.468669 655.396110 670.574674 665.486402 657.122808 655.172010 662.004871 682.294005 699.922424 706.040449 708.268799 711.760232 703.538519 695.699789 687.031957 679.001394 670.417490 663.813567 678.915662 692.744985 688.279397 661.038182 632.580811 592.976202 551.576428 514.692977 508.801478 503.886512 500.185547 482.659153 464.822916 445.008653 432.625487 421.656389 405.469146 409.086543 413.124145
603.662547 626.599397 630.599097 615.891977 610.059476 615.881082 629.557044 638.798726 657.281829 687.502195 724.810127 751.612783 774.886856 780.412938 771.448911 761.510521 747.534541 744.455962 761.681910 776.389551 791.286240 807.264783 825.004548 836.623568 839.138299 842.296783 847.902750 855.683068 864.902344 872.381932 878.487786 884.359905 881.907442 871.415341 862.903286 851.518387 840.861069 834.837512 833.173507 840.146080 834.705484 805.086698 771.850591 734.564844 692.271019 655.020251 630.387005 629.824301 613.914509 592.280180 567.991782 528.296997 506.893547 487.386412 455.119233 448.426100 455.445169
736.432695 755.144246 771.372885 769.327491 772.197754 776.947197 785.615965 794.072080 807.443776 846.394248 886.176776 918.948117 944.777596 954.094776 944.143238 934.261003 922.805962 914.054920 918.333132 934.161569 953.352488 972.570437 987.721684 995.663828 998.160380 1001.490820 1005.631657 1010.324377 1014.160045 1020.306992 1027.362684 1037.008466 1047.683305 1042.082882 1024.892419 1011.062328 994.971069 987.332451 983.604891 979.110134 975.937079 965.656457 931.608983 899.118769 861.905355 824.773723 795.017278 772.893435 748.454369 721.658797 671.433163 624.797715 583.988554 551.168254 518.645170 511.819390 532.195699
887.635964 915.505114 932.069143 936.058944 938.459335 941.551716 948.627569 956.315690 967.563405 993.153726 1031.767173 1068.592124 1097.296337 1101.438683 1092.861941 1083.188519 1073.539728 1064.710988 1062.729724 1070.949523 1082.669700 1099.476762 1112.746196 1124.805028 1126.564346 1128.899857 1130.702255 1133.862994 1136.372009 1138.344856 1144.646904 1155.176924 1165.042216 1166.036491 1153.885544 1137.488209 1120.238867 1112.281007 1105.486239 1098.963141 1097.314006 1095.607841 1087.346060 1061.370024 1023.989971 978.015539 946.139074 920.545795 903.611245 883.285433 853.628779 796.551377 759.526772 718.889066 678.925172 651.653993 683.349946
1022.298771 1053.327222 1071.870451 1079.328036 1079.307518 1081.135425 1088.281125 1095.397438 1106.983090 1124.254898 1146.257886 1172.532707 1196.879067 1213.151106 1209.963412 1199.075338 1183.941216 1180.678232 1180.737976 1183.335180 1190.068381 1197.761677 1212.790563 1228.318265 1234.345655 1236.010816 1234.624104 1237.386858 1238.994245 1239.376597 1240.091338 1243.825972 1249.905155 1252.143435 1248.258569 1234.179106 1215.969795 1202.330554 1194.152469 1189.784110 1187.097551 1187.112269 1185.470178 1174.058044 1146.888644 1110.852451 1077.614460 1054.737823 1037.311219 1021.116561 1005.478855 982.097224 958.823102 924.778337 878.558128 837.336578 826.562648
1127.189795 1151.971685 1174.147861 1188.717903 1191.725695 1196.579216 1200.526179 1209.925970 1224.771324 1242.168816 1254.203232 1268.607205 1287.401209 1298.340343 1303.879812 1305.002854 1305.096849 1307.916358 1308.953634 1290.067205 1293.077984 1295.793099 1301.374675 1308.155456 1310.465814 1311.065216 1310.786585 1312.280029 1313.085013 1313.720349 1313.654557 1313.265906 1314.767723 1315.361733 1314.845584 1309.968639 1311.276294 1296.033148 1285.397117 1278.756099 1271.607922 1263.298853 1254.072314 1245.187179 1231.083881 1207.278429 1177.216710 1151.685162 1140.629002 1133.175597 1124.500272 1115.934999 1098.572368 1076.131569 1045.520481 1005.923423 967.254318
1217.418328 1235.052200 1258.659836 1274.565334 1283.171516 1290.296643 1294.163910 1305.147883 1316.984864 1313.282699 1315.538880 1317.755796 1319.964533 1320.578285 1320.842546 1321.073140 1319.588315 1320.199385 1319.650275 1315.773704 1307.255039 1309.023753 1310.390905 1312.610350 1315.826287 1314.410074 1315.473440 1318.802651 1318.008138 1313.393158 1310.523747 1309.279426 1309.698754 1316.682996 1319.861147 1321.040720 1321.163356 1321.384240 1321.862799 1321.412592 1320.410056 1318.551406 1315.990726 1317.385312 1308.591818 1288.193292 1259.446437 1228.727463 1215.696261 1210.895742 1210.552914 1206.360856 1199.778276 1182.203835 1157.182817 1123.559550 1086.942869
1315.246760 1314.738786 1320.972019 1323.727764 1324.716105 1326.286006 1327.985297 1328.296682 1324.798595 1321.157031 1316.404241 1314.961761 1313.382286 1310.766085 1311.322211 1309.648765 1306.507754 1304.210155 1299.432688 1290.260898 1279.949376 1277.968705 1282.295362 1286.474085 1289.811093 1292.149133 1295.230875 1296.948071 1293.332371 1286.870251 1281.043847 1279.721059 1286.147924 1291.523371 1296.490487 1297.505120 1296.980747 1296.233295 1297.721130 1296.459762 1297.561854 1303.769709 1315.995826 1321.685847 1323.362035 1323.355936 1318.715576 1309.743659 1299.810153 1280.840398 1283.374267 1278.401534 1267.440388 1248.492473 1227.849541 1202.298055 1177.173526
1323.979894 1321.947568 1315.864809 1309.815131 1308.686228 1312.016689 1318.308383 1319.391091 1312.570186 1304.717159 1298.176431 1291.719190 1289.502259 1287.825727 1286.908315 1287.110879 1282.721729 1276.775886 1263.879791 1254.207147 1244.265357 1238.593938 1236.465507 1240.423026 1248.316702 1256.024465 1260.056833 1254.487849 1248.657619 1240.036619 1233.588713 1234.706567 1237.469402 1246.150051 1259.232435 1263.624888 1265.370066 1262.214926 1259.864939 1255.632491 1254.576467 1261.148146 1274.692611 1288.006266 1299.894632 1307.071287 1313.887644 1319.837576 1323.874599 1323.982628 1323.403575 1321.719190 1319.331017 1305.418159 1287.208107 1266.994425 1246.472409
1306.260221 1301.776853 1295.475628 1289.809828 1287.938203 1290.061830 1292.764228 1289.546263 1283.189435 1273.742040 1263.607859 1254.262860 1248.109905 1248.160097 1249.621733 1250.327506 1245.022456 1232.742269 1217.945083 1206.555724 1193.838602 1189.695286 1183.915967 1178.517629 1186.836784 1201.364598 1206.551565 1194.392872 1186.369257 1174.453506 1168.804239 1167.149129 1169.498923 1179.214911 1198.665308 1217.798584 1220.596902 1213.609253 1206.851718 1204.063009 1202.712093 1209.298418 1226.201549 1244.043103 1256.876834 1265.055965 1269.880659 1277.100636 1285.357230 1295.548521 1306.411456 1315.212952 1322.630432 1324.876941 1323.446231 1319.870396 1307.840830
1284.954874 1278.414159 1272.140549 1266.325808 1262.018812 1259.479016 1256.653051 1250.655806 1244.003782 1231.289807 1219.717770 1207.832916 1193.641132 1189.001898 1185.194743 1186.425726 1176.007592 1166.900764 1149.960657 1135.772537 1120.232406 1108.768105 1100.484280 1091.950476 1093.988040 1107.256846 1115.358338 1102.296837 1093.319374 1081.982708 1077.303234 1075.502169 1078.698778 1090.421973 1114.582478 1135.569191 1145.170646 1140.436106 1137.854054 1137.685793 1138.299970 1144.610626 1159.302278 1178.609138 1198.331893 1213.090994 1221.735502 1228.873010 1237.895992 1250.390872 1261.819160 1272.846066 1286.735007 1303.478368 1315.840364 1323.906548 1327.778765
1256.963169 1248.708318 1239.118950 1228.882053 1222.485188 1222.709772 1215.255013 1208.109408 1193.337822 1148.408708 1130.080762 1110.551049 1092.634685 1083.940346 1074.199940 1065.704629 1056.222330 1049.810432 1042.465354 1026.577846 1007.360205 987.742567 977.928323 969.337255 957.675152 960.952562 963.483594 966.534556 959.727254 954.336910 952.901320 951.865806 957.453927 974.529686 991.327624 1006.946453 1017.703758 1019.720383 1029.492943 1038.280505 1044.062640 1061.837916 1077.747383 1097.747839 1120.911526 1145.332844 1159.318846 1169.665184 1180.775519 1195.449322 1210.215394 1224.866773 1243.862986 1264.629816 1277.443478 1286.289211 1296.452865
1218.893194 1205.567858 1192.809847 1179.377788 1165.229664 1164.040018 1158.254180 1147.537913 1105.207025 1059.968212 1024.160204 1000.909926 972.790649 955.578206 940.211267 912.067053 896.619628 889.500527 892.970887 881.281506 860.895610 841.504867 827.702696 816.256058 799.939263 789.745983 793.715924 805.568967 800.668218 798.693169 803.065703 802.472755 801.864547 812.559720 833.295885 848.148983 863.319127 878.548301 886.535963 898.479931 927.716232 946.115933 967.189358 994.145437 1022.043172 1049.661029 1074.019492 1091.230963 1108.779299 1129.115728 1146.169322 1165.963319 1187.447431 1213.121957 1229.935746 1242.139667 1251.917624
1152.217395 1134.504135 1114.868053 1091.291586 1067.192020 1061.037579 1049.847381 1026.363542 974.287394 926.179538 888.622934 858.591770 825.544912 799.197850 766.853287 731.684807 709.416096 712.880757 718.886872 717.253806 700.436415 683.952964 669.973403 653.283298 635.609782 623.039174 630.942168 639.511970 647.007066 650.351245 654.449476 657.624182 658.244665 657.248817 667.237871 680.382467 694.651118 708.447321 724.608680 757.113736 786.146777 809.347021 838.312570 868.701894 900.931117 933.385113 963.349764 988.054869 1013.920764 1038.752814 1063.668796 1087.377808 1113.691767 1142.916421 1166.483852 1181.445952 1195.220799
1064.372575 1037.278469 1004.905332 959.216245 937.316903 922.775838 904.953814 862.630090 810.955002 764.806811 731.737405 699.848331 669.376453 637.256446 602.323328 572.970352 551.462936 557.113273 563.215439 572.887459 559.359085 546.076244 537.739998 521.313251 506.081559 491.044795 498.399274 508.130343 524.864289 528.998353 532.689736 540.002759 539.880045 539.107276 532.902126 543.901723 556.442143 572.093249 601.461197 628.882145 656.295128 681.947748 708.440844 738.597329 770.964972 804.343842 840.248808 871.197861 900.763696 931.363577 960.134543 986.585432 1014.170218 1044.889295 1071.219471 1094.011829 1117.617100
941.969547 909.462204 864.131721 809.793218 767.351781 745.631710 703.224129 663.770236 621.344147 596.206878 571.862901 544.188473 518.618504 494.134988 465.633786 441.191465 416.364718 419.496572 431.317856 444.539345 437.629596 432.864676 428.665656 416.480928 402.160654 388.209678 391.666990 406.688982 423.509628 430.881960 437.649919 445.533761 446.215341 440.346477 433.060270 439.932336 455.108192 472.529113 495.212823 519.480608 543.698676 567.090484 593.523868 621.842435 651.317695 683.550871 718.018655 746.963589 779.838142 813.951137 844.053759 867.422521 891.617959 924.009106 950.273721 980.363716 1010.833009
801.586865 765.870614 716.841410 666.474724 617.437322 574.505580 537.550165 502.520539 480.541492 457.834542 436.613793 415.722971 392.654719 371.396016 351.002346 328.012687 309.165642 314.035802 326.891753 338.077605 340.236561 336.758326 333.201322 325.128784 311.110072 300.471389 308.760515 324.175960 339.223202 349.437725 356.323147 362.708058 360.355802 352.635115 347.133034 355.815571 372.042510 387.846202 406.312427 428.954400 451.791025 475.267907 500.229853 525.736765 554.096760 583.848021 614.722051 645.930376 675.685935 704.731422 723.915237 743.947390 760.545696 785.577056 813.562361 845.457600 880.742350
648.052833 614.155789 575.473914 531.785390 496.896871 461.634885 428.094406 395.349422 367.915508 348.632217 336.948297 320.666113 300.168506 285.592536 267.855578 249.293461 248.360590 251.242198 262.586321 263.972339 264.395449 261.162058 259.793495 255.068655 243.914949 250.401714 257.980391 272.790665 283.750117 293.279734 299.694794 304.024464 303.998378 297.651923 301.264052 308.888083 324.031367 336.541194 352.453675 374.147800 392.653931 413.406248 436.979510 461.594773 487.739349 515.737211 546.123182 574.282737 598.061934 612.296950 628.194972 639.901942 640.688014 661.324501 683.785576 707.767004 740.824672
