tests/Borden05m/data_simulated/sim_1/output-maps/psiliqL0018N0012.asc
ncols         160
nrows         34
xllcorner     620200.000000
yllcorner     5168000.000000
cellsize      0.500000
NODATA_value  -9999.0
[rows 0 to 24 of 34, columns 55 to 109 of 160]
-9999.0 -9999.0 -9999.0 -9999.0 -9999.0 -9999.0 -9999.0 -9999.0 -9999.0 -9999.0 -9999.0 -9999.0 -9999.0 -9999.0 -9999.0 -9999.0 -9999.0 -9999.0 -9999.0 -9999.0 -9999.0 -9999.0 -9999.0 -9999.0 -9999.0 -9999.0 -9999.0 -9999.0 -9999.0 -9999.0 -9999.0 -9999.0 -9999.0 -9999.0 -9999.0 -9999.0 -9999.0 -9999.0 -9999.0 -9999.0 -9999.0 -9999.0 -9999.0 -9999.0 -9999.0 -9999.0 -9999.0 -9999.0 -9999.0 -9999.0 -9999.0 -9999.0 -9999.0 -9999.0 -9999.0
-9999.0 -9999.0 -9999.0 -9999.0 1832.916656 1827.656438 1822.888183 1818.515619 1810.192825 1801.393877 1793.668574 1790.081776 1789.533503 1789.176973 1789.129473 1794.636892 1803.034806 1810.997735 1818.331870 1820.981803 1823.605594 1825.905787 1826.498344 1825.503874 1822.471912 1819.358011 1816.127967 1814.676765 1806.992465 1795.807712 1787.260178 1784.560160 1788.872976 1793.243142 1795.644530 1801.108512 1811.521762 1821.991294 1830.204852 1841.958877 1847.812122 1852.564134 1854.907490 1850.361449 1846.444619 1842.145941 1836.309492 1825.050618 -9999.0 -9999.0 -9999.0 -9999.0 -9999.0 -9999.0 -9999.0
1777.726475 1796.829283 1817.515707 1820.919493 1809.430450 1804.635209 1801.717932 1800.201044 1795.999320 1787.857289 1783.117339 1778.154569 1776.455057 1776.949560 1777.389071 1781.748982 1792.524039 1800.771188 1805.754817 1808.572678 1811.493833 1810.917600 1810.492267 1810.397446 1807.688340 1804.406783 1801.168343 1799.477278 1800.405004 1792.896911 1787.270474 1783.686600 1781.506679 1784.054349 1786.480527 1790.211790 1799.403644 1807.230463 1815.016516 1829.280832 1841.574507 1846.529181 1843.507940 1838.143693 1833.810264 1826.354595 1815.634513 1805.156287 1796.021590 1788.977434 1782.947868 1776.314588 1781.777793 1788.166114 1797.153981
1762.584518 1782.230074 1802.869834 1805.943406 1795.663258 1787.935770 1782.611937 1783.372310 1786.761491 1783.844519 1779.641341 1774.073142 1783.632214 1785.276790 1786.704370 1790.384383 1793.411002 1797.653185 1800.578160 1806.183385 1815.381978 1818.329761 1819.010831 1819.287762 1817.557256 1814.533098 1812.799045 1810.146775 1805.018338 1803.720579 1803.794872 1803.142756 1807.731819 1809.174722 1811.276405 1804.950629 1808.681523 1814.692666 1821.314611 1827.128178 1833.195764 1836.139556 1832.324004 1831.415879 1822.415430 1808.055901 1796.860830 1788.264140 1786.705932 1783.000588 1774.422493 1760.575377 1767.356015 1782.329227 1786.240930
1769.088773 1778.715629 1790.511830 1793.789338 1789.235433 1791.368524 1793.519047 1795.404857 1794.244426 1791.576665 1789.209494 1801.419708 1810.897685 1813.031750 1816.238616 1820.444333 1820.821089 1809.711499 1807.768687 1815.912241 1826.189652 1831.916240 1832.297544 1832.270758 1829.737109 1828.802257 1828.606765 1826.674661 1827.019420 1829.154546 1828.214532 1832.173542 1837.713577 1840.721067 1833.831754 1824.881818 1826.116427 1833.957441 1842.260849 1849.375398 1859.416330 1870.001702 1868.863742 1862.989691 1853.445016 1839.550426 1815.733725 1796.241806 1784.572518 1776.281994 1768.196896 1768.448960 1763.866067 1775.208955 1776.053429
1764.873926 1783.942451 1805.290700 1813.004184 1807.671410 1803.730620 1802.162473 1803.465136 1803.795151 1806.414574 1817.992072 1831.531285 1845.308754 1848.308154 1851.072179 1850.773593 1842.731855 1832.881032 1829.883441 1844.326970 1860.955145 1869.260816 1869.645007 1867.710073 1873.272468 1872.595664 1871.839989 1867.661115 1869.288101 1869.339103 1877.537288 1885.151750 1892.506520 1890.798698 1878.565653 1866.685415 1865.561232 1869.158632 1873.587778 1879.977291 1889.717562 1898.633156 1893.003725 1885.888213 1876.094929 1847.808810 1821.518143 1804.758930 1804.033944 1803.417060 1797.680258 1793.916642 1790.530577 1783.640683 1782.426079
1809.810864 1831.031871 1851.856642 1867.290674 1862.141804 1855.058052 1846.287662 1847.413801 1850.104474 1857.961347 1870.553627 1886.775286 1910.419088 1912.532784 1915.184952 1916.862161 1905.545334 1893.382406 1883.081884 1902.738052 1913.483934 1921.738361 1922.009367 1930.185377 1939.687741 1935.648605 1928.449569 1917.676351 1923.802412 1933.635798 1948.709422 1955.866641 1960.160956 1957.583120 1945.366554 1939.126858 1938.603943 1942.155863 1940.804519 1946.478784 1955.653323 1969.997920 1968.454129 1960.799996 1938.449388 1900.651665 1867.265089 1848.754776 1855.390472 1847.828841 1839.986178 1836.436589 1822.441749 1811.815960 1811.642707
1857.482380 1874.592776 1892.944088 1911.335162 1905.877078 1896.308831 1882.681255 1881.971953 1888.928017 1899.687063 1918.704781 1940.243264 1963.092644 1968.308562 1968.347893 1978.408274 1972.324878 1962.927252 1955.370083 1970.549249 1982.058744 1993.356364 2001.728847 2014.492141 2025.670257 2013.662228 1999.974420 1993.018167 1998.962415 2020.785992 2039.844804 2044.760063 2045.108779 2046.479786 2035.060659 2029.010491 2023.441797 2020.137007 2015.254654 2011.628781 2031.857593 2049.473190 2047.576089 2024.198722 1999.828191 1961.541477 1922.937722 1892.739086 1896.100239 1891.966531 1891.327896 1877.010748 1861.793780 1847.642761 1839.503813
1929.706201 1956.808109 1976.734275 1998.905590 1996.983096 1978.926576 1968.936266 1973.620422 1987.196793 1995.261058 2012.268520 2034.188557 2064.002115 2082.280582 2098.863269 2103.621401 2096.158936 2087.787615 2075.494290 2076.485743 2096.257943 2108.410894 2118.387716 2128.348767 2140.889082 2144.577768 2140.524863 2139.661705 2143.352939 2152.750092 2163.647488 2170.264653 2174.637515 2178.844108 2171.503719 2160.264685 2155.467252 2147.843820 2142.925895 2140.671333 2145.994984 2159.844419 2156.567183 2125.845545 2098.032698 2063.928690 2025.610421 1994.180219 1979.988667 1989.632982 1980.737512 1962.129764 1944.907283 1912.345359 1899.026689
2019.519817 2054.894287 2082.128166 2096.183985 2108.218815 2100.658832 2101.736732 2106.509568 2114.804340 2119.678023 2127.513040 2160.252941 2194.892951 2222.822830 2246.815912 2255.333710 2244.747165 2235.396869 2223.248748 2214.383813 2221.319794 2236.921039 2254.024344 2269.421812 2280.694991 2283.794710 2282.502509 2282.813065 2285.339449 2288.292798 2291.726540 2298.658188 2306.034817 2315.729228 2325.492056 2317.707067 2300.458449 2289.114565 2276.973271 2273.206330 2272.286855 2272.002219 2271.530634 2259.540420 2223.299267 2192.740490 2159.918865 2133.766053 2114.716149 2104.836455 2084.473135 2060.129497 2011.222564 1971.242114 1936.870695
2125.385556 2168.042574 2198.947914 2221.191906 2236.315661 2237.854888 2240.877018 2243.645495 2249.347257 2254.066526 2260.040711 2284.641072 2324.231653 2362.521604 2393.089285 2395.834653 2385.160927 2374.741818 2365.130860 2353.273093 2349.861093 2359.609759 2372.405419 2390.062593 2401.051057 2409.237408 2407.402344 2407.838519 2409.045106 2411.063748 2412.942068 2415.519567 2423.518411 2436.581016 2448.921018 2448.991378 2433.260323 2415.904216 2398.928288 2393.261896 2388.173603 2382.097011 2382.308024 2382.538690 2370.855402 2342.333219 2303.775553 2261.256730 2237.634884 2217.650120 2204.035060 2186.398741 2153.785374 2095.562961 2060.680476
2252.677204 2283.817510 2314.467528 2345.825430 2363.839205 2370.253827 2370.349328 2371.823760 2379.685811 2385.116693 2393.899819 2410.699895 2438.140454 2469.859189 2497.902186 2514.593791 2509.498531 2495.050834 2476.062441 2469.123356 2467.242161 2469.875909 2477.559240 2487.424249 2504.392280 2521.683555 2527.884532 2528.822658 2525.954523 2528.721801 2530.177614 2530.283119 2532.027997 2538.158656 2546.131420 2548.726627 2542.320916 2523.488894 2501.754045 2488.334922 2480.156554 2475.543116 2474.079417 2476.104015 2476.214153 2462.274349 2429.965797 2388.746035 2355.945642 2335.653916 2319.515702 2303.904882 2290.784034 2264.740479 2244.402330
2371.636115 2387.230760 2414.856027 2443.130230 2467.248269 2483.669086 2486.945041 2492.166380 2497.521682 2506.765161 2522.553613 2544.241660 2560.703054 2580.080291 2603.525374 2617.601464 2623.128042 2622.635792 2620.190908 2621.600766 2621.669361 2580.408461 2584.558846 2588.701785 2599.849514 2610.916675 2614.981462 2615.530709 2613.874078 2615.454525 2616.055147 2616.092197 2615.675001 2616.501939 2619.664802 2620.707933 2618.804267 2609.325236 2618.259604 2599.875855 2587.101805 2579.004637 2570.701949 2561.809993 2551.697982 2541.076215 2521.877233 2492.655515 2458.378839 2432.861755 2421.689423 2413.823353 2405.012413 2398.071251 2380.913791
2479.665656 2491.813984 2509.404248 2531.330052 2562.501557 2583.894715 2595.188282 2604.377804 2609.398518 2622.462551 2637.242573 2628.063580 2633.822459 2639.617659 2645.259778 2647.111415 2647.486748 2646.964646 2644.349966 2643.429783 2641.037645 2636.495343 2626.301486 2627.538825 2629.031781 2631.517446 2635.172641 2634.030034 2635.091313 2638.092180 2636.524287 2630.816288 2626.976230 2625.297821 2625.840669 2632.900263 2635.993868 2636.670830 2634.574956 2633.700266 2632.955617 2630.634187 2627.731922 2623.605373 2618.220768 2625.700988 2614.177116 2588.507513 2552.053955 2513.576918 2501.422742 2498.641862 2497.671299 2494.166094 2487.136157
2601.430702 2614.709429 2628.916476 2618.700202 2634.165642 2642.202403 2646.055911 2649.372194 2651.924926 2653.786957 2650.553741 2647.159247 2642.183796 2640.470822 2638.745768 2635.871512 2635.966494 2633.471187 2628.899571 2624.519520 2616.800506 2605.161521 2593.392410 2590.010675 2594.165170 2599.249769 2603.859218 2607.583553 2611.101702 2611.786867 2606.798346 2598.762368 2591.504545 2589.627499 2596.123320 2601.658958 2607.375197 2608.178181 2606.946276 2604.991327 2605.333221 2602.958145 2603.749836 2610.765138 2624.738529 2629.337213 2633.128384 2632.279076 2620.788605 2600.123537 2599.899609 2579.752969 2583.537804 2578.185882 2566.033032
2644.149412 2646.468612 2645.698255 2644.349191 2638.313882 2632.364032 2631.419039 2635.010309 2641.473490 2642.175213 2634.666145 2625.696544 2618.006072 2610.282817 2607.276577 2605.457388 2604.099689 2603.474958 2597.331788 2588.037333 2571.136155 2558.808749 2547.015893 2540.504352 2537.450105 2541.543273 2551.755895 2562.293204 2567.077738 2559.406470 2551.629470 2540.595059 2532.581767 2532.877859 2534.612303 2543.773795 2558.869093 2564.831129 2565.912449 2560.810835 2556.201373 2550.840033 2549.273957 2556.720570 2572.430887 2588.892578 2603.727616 2612.548203 2620.115589 2626.756613 2628.147092 2629.825622 2630.577603 2628.805469 2628.861480
2639.724398 2632.986018 2626.067506 2620.564368 2613.520939 2607.340591 2604.849989 2606.242377 2607.884700 2603.358565 2595.822376 2584.607279 2572.642601 2561.899937 2554.007253 2553.673723 2554.692681 2554.761365 2546.967274 2531.170933 2512.267861 2498.006995 2483.470677 2478.927642 2473.252786 2467.389926 2477.543142 2495.504342 2502.128487 2487.721517 2477.551575 2463.097100 2456.155714 2452.765961 2454.058484 2463.339820 2484.347523 2505.868316 2508.011514 2498.662018 2489.646514 2486.099382 2484.523299 2491.376225 2509.907147 2531.551286 2547.826448 2558.589128 2564.856267 2573.431783 2583.396286 2596.956028 2611.072353 2622.779686 2629.738834
2614.037422 2605.736048 2597.379307 2588.948138 2580.954603 2573.509367 2568.050319 2564.786464 2560.383227 2553.122596 2544.696980 2525.773845 2512.178661 2498.572184 2483.153188 2478.218282 2473.207131 2473.391088 2461.078735 2450.933295 2432.736559 2416.670832 2400.337191 2388.109655 2381.929730 2375.478359 2376.940669 2391.325794 2399.997456 2388.451070 2378.524982 2366.787770 2361.463726 2358.274788 2360.577845 2371.110407 2392.342753 2411.255665 2419.485778 2412.789772 2410.531960 2410.700626 2410.882155 2418.240886 2432.333077 2452.396567 2475.068045 2493.554818 2504.351284 2512.860247 2523.657226 2539.433786 2554.329591 2569.110476 2587.090707
2578.979244 2568.743212 2557.846090 2547.084965 2535.224316 2522.687604 2514.903258 2515.233934 2507.430348 2499.911589 2479.973807 2428.833538 2408.108081 2388.437302 2371.449921 2363.942594 2354.800976 2342.049435 2332.071935 2325.484000 2321.858662 2306.301989 2287.944400 2270.589498 2265.139843 2260.980817 2248.140266 2248.568195 2250.471229 2259.961190 2253.292915 2249.645631 2249.439037 2247.167752 2249.738908 2263.254894 2273.643372 2282.233346 2289.412205 2291.776520 2301.476814 2310.212958 2318.571031 2336.431689 2350.178881 2368.163466 2390.567680 2416.631440 2432.409397 2443.421093 2455.497199 2472.183515 2489.822459 2508.499066 2531.899648
2537.101864 2520.319514 2504.996540 2489.549405 2475.468957 2461.429188 2445.661785 2445.313801 2440.764177 2429.830836 2380.939353 2337.908111 2303.188945 2284.091693 2260.072606 2246.409040 2231.594618 2198.745517 2182.113102 2177.810976 2186.576080 2179.233325 2162.709293 2149.360701 2140.391381 2132.302900 2117.117600 2103.676725 2108.944316 2123.981776 2122.113135 2122.890454 2128.859823 2127.900077 2123.271326 2125.334328 2139.026905 2146.476932 2157.633878 2172.824969 2178.551956 2192.319076 2223.350174 2238.225090 2254.970741 2275.967816 2298.942467 2323.504610 2346.691379 2362.106760 2378.705184 2399.066057 2417.461351 2439.511139 2463.921251
2478.820707 2448.905083 2427.617518 2409.287057 2389.524806 2364.486733 2342.636288 2338.596100 2330.264191 2304.849769 2254.117401 2214.671036 2186.764231 2163.689528 2139.025414 2116.848443 2083.899317 2050.161870 2028.537910 2038.044732 2046.519774 2051.898176 2038.893641 2026.900538 2016.870776 2001.035008 1984.988568 1971.171794 1980.828185 1989.383649 2002.725239 2007.904801 2011.839681 2016.142348 2015.137880 2008.102422 2008.895360 2017.862491 2028.633873 2040.659291 2058.937544 2092.354971 2118.288676 2137.452956 2159.632739 2180.935453 2204.871761 2230.141562 2254.157521 2272.640687 2293.040214 2314.236320 2337.131316 2359.061674 2384.789944
2395.188181 2366.340003 2338.722427 2314.439890 2283.687177 2239.981943 2223.730829 2213.336920 2194.860157 2152.209138 2109.183131 2079.974259 2060.444884 2035.695119 2012.474234 1983.883541 1950.855486 1926.219408 1905.453510 1913.348477 1921.388501 1936.407619 1925.791871 1916.553965 1911.761369 1896.661418 1883.051878 1867.692008 1874.622319 1885.569606 1905.719049 1910.814803 1914.717279 1923.005794 1922.360313 1919.227361 1906.695247 1914.935846 1926.132103 1941.005369 1970.978878 1995.630690 2020.049526 2042.864224 2064.286911 2088.108118 2113.032617 2138.470595 2166.293988 2187.741992 2208.719086 2232.186090 2254.014090 2272.637759 2293.593423
2280.517013 2254.735636 2232.555517 2207.228525 2166.771443 2122.004495 2083.573255 2061.380698 2015.779883 1980.670521 1952.051547 1941.800151 1925.713947 1903.641889 1882.653884 1861.657793 1837.155741 1815.941443 1791.041913 1795.135514 1808.751876 1823.810787 1821.218610 1819.646514 1817.183861 1806.838834 1793.275311 1779.698589 1783.364854 1799.444833 1816.854066 1825.630940 1832.920656 1840.753422 1840.943389 1833.146303 1824.373133 1830.071851 1845.313652 1862.156500 1882.298754 1904.755133 1927.252705 1948.977646 1972.942663 1997.555064 2022.589409 2049.623173 2078.349782 2101.005981 2126.569660 2152.986877 2173.150934 2185.880123 2199.127415
2169.335457 2147.526933 2122.841102 2094.932503 2052.897988 2011.253784 1968.812494 1925.151452 1891.272249 1860.575854 1847.516553 1829.776351 1813.588610 1796.697754 1775.575227 1757.199997 1739.945669 1717.946390 1703.567722 1709.440838 1722.316442 1731.723572 1736.213289 1733.501608 1730.703605 1724.056992 1710.248433 1703.062353 1712.269121 1727.541469 1741.867469 1752.800111 1759.737862 1765.529193 1762.908256 1754.548064 1750.486319 1759.023763 1774.991744 1789.769902 1806.518425 1828.314684 1849.962921 1872.639863 1896.394576 1920.032200 1946.144006 1973.089033 2000.752335 2028.859120 2053.664822 2076.092554 2088.254197 2100.841542 2106.775891
2038.180907 2023.179018 1996.938643 1968.136413 1936.322010 1899.833739 1871.590552 1839.209286 1808.081444 1777.784925 1751.672974 1736.403407 1727.855751 1713.598612 1695.123180 1682.424457 1665.892879 1651.709535 1654.255781 1656.030589 1665.383158 1664.864549 1665.447353 1662.602484 1661.652207 1658.293941 1649.833487 1659.145538 1666.168005 1680.201172 1690.647790 1700.284011 1706.413245 1710.416778 1711.107436 1706.024152 1710.964514 1717.931930 1732.453353 1744.431768 1759.282334 1780.255249 1798.152400 1818.195123 1841.315828 1865.282976 1890.396751 1917.255123 1946.332701 1972.479223 1992.882384 2002.903867 2014.821758 2020.613273 2014.561534
