tests/Borden05m/data_simulated/sim_1/output-maps/psiliqL0001N0006.asc
ncols         160
nrows         34
xllcorner     620200.000000
yllcorner     5168000.000000
cellsize      0.500000
NODATA_value  -9999.0
[rows 0 to 24 of 34, columns 58 to 115 of 160]
-9999.0 -9999.0 -9999.0 -9999.0 -9999.0 -9999.0 -9999.0 -9999.0 -9999.0 -9999.0 -9999.0 -9999.0 -9999.0 -9999.0 -9999.0 -9999.0 -9999.0 -9999.0 -9999.0 -9999.0 -9999.0 -9999.0 -9999.0 -9999.0 -9999.0 -9999.0 -9999.0 -9999.0 -9999.0 -9999.0 -9999.0 -9999.0 -9999.0 -9999.0 -9999.0 -9999.0 -9999.0 -9999.0 -9999.0 -9999.0 -9999.0 -9999.0 -9999.0 -9999.0 -9999.0 -9999.0 -9999.0 -9999.0 -9999.0 -9999.0 -9999.0 -9999.0 -9999.0 -9999.0 -9999.0 -9999.0 -9999.0 -9999.0
-9999.0 -473.472836 -474.791301 -475.539424 -475.756783 -477.531351 -478.751921 -480.396520 -480.442847 -480.084791 -480.430632 -481.339195 -480.479428 -479.449525 -478.658696 -477.308884 -477.891281 -477.867592 -477.324792 -477.166321 -477.378310 -477.984973 -478.275457 -478.663509 -477.581489 -479.585864 -482.217480 -484.231096 -484.571619 -482.604708 -481.572486 -482.019285 -481.228411 -479.316011 -477.866884 -477.856938 -476.076015 -477.057989 -476.453196 -474.936218 -476.067295 -476.080899 -475.511529 -474.540735 -477.568146 -9999.0 -9999.0 -9999.0 -9999.0 -9999.0 -9999.0 -9999.0 -9999.0 -9999.0 -9999.0 -9999.0 -9999.0 -9999.0
-474.893742 -481.619016 -481.946106 -481.799835 -481.229193 -481.850013 -483.939105 -484.211566 -485.860176 -486.618431 -486.834800 -487.642538 -487.282510 -484.565325 -482.738728 -482.414454 -483.108730 -483.546461 -484.329247 -484.814015 -484.602130 -485.203697 -485.704572 -486.256702 -485.872803 -483.718091 -485.697226 -486.606652 -487.637307 -488.901548 -488.567277 -488.309904 -488.329484 -485.869902 -485.294470 -485.124154 -481.980618 -479.046431 -478.503998 -479.967565 -481.306884 -480.532033 -480.150685 -481.010165 -481.764758 -480.922044 -481.146288 -481.112359 -482.319393 -480.431028 -480.890930 -479.083464 -477.744911 -476.191259 -473.418439 -9999.0 -9999.0 -9999.0
-479.684864 -484.524296 -487.260049 -487.999232 -487.222349 -484.937987 -485.575107 -487.222662 -489.980241 -487.087812 -487.620119 -488.006003 -487.610902 -486.761217 -486.430072 -486.109821 -485.701025 -483.338705 -483.768766 -484.070822 -483.915373 -484.291918 -485.015450 -484.785131 -485.094606 -487.229144 -486.776114 -486.204547 -486.779399 -484.689979 -484.659830 -483.312711 -487.177129 -486.699424 -486.137620 -485.955836 -486.063639 -486.069031 -485.659246 -487.351513 -485.852820 -486.689769 -488.986771 -488.925489 -487.993522 -484.992292 -483.374620 -484.597356 -489.873792 -487.134243 -481.454971 -482.324324 -483.715330 -481.369449 -479.130403 -475.397222 -476.188134 -476.574361
-487.411465 -489.367392 -487.108557 -485.323873 -484.222618 -485.146296 -487.080975 -489.602706 -485.148118 -483.641090 -484.972342 -484.570203 -483.234462 -483.024520 -488.780346 -490.311179 -488.373373 -486.465089 -485.808049 -487.039966 -487.630883 -488.682775 -488.572813 -487.793868 -488.285034 -487.360426 -486.701692 -487.983944 -486.753559 -485.289181 -483.632633 -487.050458 -490.090506 -489.866962 -487.332903 -485.706963 -485.228378 -483.007414 -479.020553 -479.767873 -480.369771 -480.074563 -479.417553 -483.591949 -487.594563 -489.060859 -489.621828 -490.809143 -489.446306 -490.517165 -485.850133 -486.413169 -487.387461 -485.472314 -484.247631 -482.480402 -481.152820 -481.451793
-485.826118 -488.964094 -490.409012 -490.931047 -490.358540 -491.090552 -491.287510 -487.620004 -486.192354 -483.124157 -485.043500 -485.150467 -485.298275 -488.891680 -491.407600 -493.318996 -487.730357 -483.597798 -482.616343 -484.279037 -485.757596 -481.738564 -482.944332 -483.209160 -485.566877 -484.796677 -485.702069 -481.800020 -480.614473 -478.540974 -479.382490 -483.313036 -486.579711 -486.579024 -486.241221 -486.887525 -486.273718 -484.207943 -481.326242 -483.900797 -484.301927 -482.714548 -488.900168 -493.434568 -494.475638 -489.635231 -486.852295 -487.056378 -486.366243 -485.845550 -488.849927 -487.986614 -487.608524 -489.268074 -486.003364 -482.783536 -482.632386 -485.760685
-475.818377 -479.482417 -481.565732 -485.768038 -485.169049 -484.894145 -483.904148 -482.768058 -480.089413 -473.568780 -476.192937 -476.287501 -473.810160 -477.528068 -480.757099 -486.503437 -480.108149 -479.515582 -478.212941 -479.436684 -475.292732 -471.565277 -474.347323 -477.738886 -482.140872 -479.725831 -474.694271 -470.232812 -469.644283 -469.204660 -467.988758 -471.312421 -471.777910 -472.377202 -471.766492 -474.300619 -474.416983 -471.184926 -464.994556 -464.006693 -465.813507 -470.289397 -478.173493 -485.523444 -489.224261 -482.290881 -483.818175 -484.289928 -482.664658 -485.891755 -487.476817 -483.650896 -486.305730 -488.434316 -483.686394 -483.583873 -484.573071 -488.687811
-477.567448 -480.277389 -484.334907 -488.862904 -488.806859 -486.322230 -485.781757 -481.635154 -475.827490 -468.916536 -466.167312 -464.143241 -459.738315 -462.392518 -464.884949 -468.494926 -467.548798 -463.148788 -459.580673 -455.658502 -451.255806 -445.392035 -448.001868 -451.980721 -452.212423 -451.137252 -443.937748 -437.164424 -432.966653 -428.195577 -422.048605 -423.563370 -429.252825 -437.645438 -445.558497 -450.891948 -455.153944 -448.715480 -441.984677 -442.238855 -452.888575 -459.259158 -467.756724 -476.789298 -487.697232 -485.985068 -482.962044 -480.033690 -483.860618 -484.794141 -487.763301 -487.615331 -486.281570 -490.555724 -487.824006 -487.660040 -484.770596 -479.860751
-454.524638 -452.131591 -459.376303 -460.223334 -458.019875 -453.797446 -454.010217 -451.141318 -436.037617 -410.808129 -390.739818 -370.348734 -366.846429 -376.109272 -383.631995 -394.414361 -400.702681 -393.047729 -384.863488 -374.909196 -362.464353 -346.105095 -329.611601 -326.744956 -324.794838 -319.317959 -311.698205 -290.874348 -246.611343 -197.867832 -175.360569 -171.791203 -193.053071 -243.205406 -303.478128 -334.566047 -343.469337 -349.505685 -342.948054 -343.739792 -365.333783 -387.965914 -406.835411 -428.678991 -447.945840 -458.407645 -454.764663 -459.551777 -463.154893 -466.888110 -478.044032 -479.477769 -479.813676 -490.128833 -490.990213 -487.733565 -483.445757 -479.764440
-400.119002 -386.991679 -385.865824 -383.170839 -381.639074 -378.131858 -374.169772 -362.857804 -285.614430 -191.328610 -145.676934 -122.740964 -114.685781 -122.579765 -129.638560 -137.056696 -144.435134 -144.642496 -133.644427 -119.617847 -105.482196 -94.950045 -89.914046 -89.832427 -88.099900 -84.395957 -77.390616 -66.848016 -48.164552 -28.171546 -13.314377 -3.032916 -12.869018 -41.768390 -69.395247 -91.752910 -100.191067 -102.178819 -105.188102 -106.189297 -110.805068 -137.249008 -166.854149 -224.716483 -340.512049 -377.517080 -396.106916 -408.946290 -420.708800 -444.514589 -461.811738 -472.505167 -480.110675 -489.076378 -490.817671 -478.717072 -467.125327 -472.905010
-151.322000 -133.695688 -129.665328 -129.036368 -127.811527 -123.454783 -118.306296 -106.278695 -72.953170 -26.115236 3.041895 3.542936 3.556273 3.411578 3.295985 3.173646 3.064030 3.020872 3.107078 3.216048 3.417103 3.555633 3.728247 3.693388 3.710027 3.714875 3.783003 3.866468 3.946042 4.102789 4.288849 4.426106 4.436077 4.190965 3.894438 3.618903 3.546432 3.477378 3.412540 3.423842 3.419862 3.403279 -0.367069 -34.969504 -93.819064 -127.210302 -149.022148 -165.807917 -199.317092 -275.969629 -359.592752 -380.822870 -401.040800 -424.455148 -450.577324 -438.005410 -446.847560 -450.988089
-2.677595 3.184719 3.284179 3.227955 3.226392 3.305408 3.368359 3.525404 3.805508 4.097857 4.425204 4.722884 5.050341 4.964958 4.828201 4.598677 4.625009 4.637055 4.633721 4.692308 4.695800 4.870538 5.080161 5.150741 5.158594 5.053769 5.127726 5.168053 5.162869 5.129305 5.153335 5.257898 5.349031 5.266693 5.072609 4.833699 4.633670 4.543357 4.537520 4.521220 4.573323 4.605024 4.539275 4.177107 3.652242 3.181314 -0.939135 -13.259946 -33.098648 -63.546631 -92.006938 -111.215985 -137.924860 -194.354839 -307.919955 -362.635241 -378.675787 -391.125296
4.259100 4.520827 4.684132 4.675586 4.751549 4.746035 4.870657 5.071580 5.295645 5.389060 5.669288 19.895389 28.138580 33.132934 34.748745 35.715015 37.032721 37.674111 37.009908 38.139513 38.097488 38.452497 40.350441 41.247263 40.422335 41.060760 40.603000 41.413728 41.019583 41.177078 38.937342 39.300106 39.118591 38.628871 37.086523 29.361311 15.625653 5.972939 5.600467 5.480919 5.348466 5.205270 5.106908 5.000947 4.767246 4.489525 4.203049 4.139377 4.050188 3.856909 3.695392 3.446485 3.103439 -17.688381 -65.578539 -111.585188 -126.700074 -148.335221
5.071798 5.380559 5.706704 11.166937 17.938401 22.033270 31.276580 41.214799 42.342956 43.150956 42.072480 42.982201 42.286994 43.129654 42.647071 40.314168 40.880180 39.037324 34.514288 25.884450 27.282322 28.124233 30.489084 33.307343 32.235522 32.458805 35.672796 33.821927 29.288343 26.034092 24.442057 24.322286 30.794278 33.726103 33.741888 34.853112 33.958686 33.992853 33.853983 33.736525 33.717397 33.471646 28.777864 21.168967 5.810568 5.276231 4.891920 4.727264 4.689717 4.787523 4.744369 4.763653 4.600216 4.311757 3.829133 3.287914 3.071239 -3.088326
44.561532 43.795031 44.504796 44.097133 44.968554 47.244969 46.167766 42.696033 39.850036 34.833631 34.445160 32.786772 30.980434 31.329856 29.715384 26.105095 23.459666 18.571359 9.381051 5.373470 5.323039 5.496048 5.800412 8.760814 11.066448 13.747668 15.599427 11.453859 5.703116 5.398187 5.317049 5.537397 6.597370 10.778485 10.929987 9.612511 7.723542 8.019823 6.281620 6.693330 12.161382 23.253725 30.821741 30.587922 30.469571 30.305682 30.395121 10.689803 5.359108 5.715311 5.532299 5.343520 5.071640 4.884192 4.663420 4.491225 4.229570 4.211840
35.034940 30.183274 24.934154 24.362491 28.034931 34.127963 36.040494 29.454780 22.441540 16.575744 11.222312 9.288621 8.152460 7.406517 7.297434 5.615324 5.476887 5.231811 5.120302 4.998763 4.930711 4.892355 4.970774 5.082488 5.185448 5.385007 5.180893 5.117150 4.998010 4.904929 4.949830 4.958289 5.041402 5.231045 5.237360 5.317831 5.162285 5.162941 5.067829 5.010365 5.106830 5.305885 5.496291 5.976851 11.600641 17.655999 22.969668 29.970236 29.840301 29.627456 29.560031 25.376844 13.307148 5.552272 5.275574 5.053365 4.753774 4.777766
14.339931 8.519763 5.523476 5.409810 5.798392 8.675188 6.725126 5.546731 5.339244 5.197191 5.067073 5.003606 5.071400 5.130775 5.241060 5.151664 4.999860 4.849480 4.771688 4.617060 4.641967 4.570860 4.460579 4.583143 4.787270 4.901683 4.665836 4.628017 4.487601 4.440814 4.418968 4.417419 4.483302 4.672816 4.930251 4.946041 4.785135 4.706132 4.693522 4.636116 4.701320 4.900031 5.071169 5.158284 5.227873 5.245402 5.338010 5.447224 5.626030 9.242207 18.196735 28.371563 28.491666 28.358183 28.259733 12.951100 5.580352 5.385527
5.332216 5.248092 5.185567 5.145263 5.189591 5.166759 5.075783 5.038068 5.027210 4.951211 4.868879 4.688308 4.688833 4.658080 4.798187 4.634182 4.573748 4.320505 4.120681 3.810971 3.621233 3.498896 3.337304 3.384808 3.601220 3.784145 3.505371 3.430600 3.264518 3.221784 3.189096 3.190683 3.288180 3.637754 3.921969 4.090578 4.026153 4.052842 4.124821 4.154874 4.190260 4.336995 4.521669 4.709009 4.817084 4.860152 4.886895 4.942988 5.061275 5.152564 5.250836 5.416958 6.117498 17.507673 25.196466 30.560374 30.398966 30.214053
5.074586 4.991383 4.878190 4.823630 4.992729 4.835139 4.790616 4.790810 4.124080 3.992319 3.663475 3.372449 3.300137 3.172535 3.148542 3.028766 2.948314 -5.962143 -28.324184 -64.794244 -93.824158 -104.658274 -111.692598 -120.009764 -114.863384 -112.079711 -111.299347 -115.983454 -120.602975 -122.593387 -124.035056 -119.887358 -107.301255 -95.316910 -81.736258 -68.813272 -59.731228 -38.056305 -17.217032 -9.759162 2.978964 3.205617 3.479917 3.867974 4.251131 4.378048 4.440883 4.511488 4.636670 4.756171 4.835490 4.999932 5.207473 5.340733 5.425568 5.618661 8.900452 20.255156
4.794727 4.700306 4.590005 4.444768 4.548302 4.475200 4.368555 3.654384 -3.754665 -34.178273 -71.013688 -105.031643 -119.062782 -126.333772 -142.869314 -151.419569 -159.504395 -165.652844 -201.995445 -292.423782 -341.431515 -354.938324 -360.594423 -370.586809 -373.053488 -369.364271 -360.381405 -369.535397 -374.845737 -373.579732 -376.244731 -377.376578 -366.140376 -345.819781 -327.960733 -303.834003 -271.283744 -233.169995 -189.805887 -153.610735 -135.346795 -118.644317 -89.701899 -45.275461 -12.749381 3.101530 3.390317 3.686932 4.031121 4.216771 4.401353 4.568724 4.828609 4.931123 5.014007 5.062928 5.115297 5.258428
4.100479 3.797185 3.466239 3.076944 3.061135 -3.775065 -28.514302 -93.456489 -145.655771 -201.477986 -298.171519 -356.261449 -372.599677 -386.542796 -404.308553 -414.495202 -414.700857 -412.996034 -420.205689 -434.428502 -442.553667 -446.165222 -449.355865 -454.566236 -457.780951 -454.043103 -450.800492 -451.535370 -451.827636 -450.591397 -450.949579 -451.724540 -452.921011 -447.038168 -443.496701 -438.975893 -434.947714 -432.088547 -416.213720 -399.466068 -387.873403 -368.948851 -332.380561 -224.159107 -161.754636 -127.106662 -100.339694 -60.829961 -24.360842 -1.132189 3.312194 3.735954 4.182557 4.467555 4.556763 4.639711 4.720950 4.847428
-22.267501 -63.486170 -113.489451 -129.560148 -138.666628 -151.729859 -208.796189 -339.747911 -391.568656 -414.324778 -432.361754 -443.535680 -450.852742 -458.766070 -466.255300 -471.335249 -467.051066 -465.625781 -462.232667 -467.822208 -471.613919 -471.625953 -474.824843 -477.523075 -482.138338 -478.175968 -477.128418 -472.919041 -473.923054 -474.209381 -472.266570 -473.381296 -473.724518 -477.158822 -474.403734 -473.540532 -472.593839 -465.720922 -459.743113 -453.474093 -448.524281 -442.743437 -433.297472 -415.552874 -394.876382 -371.181251 -340.508016 -259.807570 -176.523454 -133.792182 -101.717020 -60.371319 -20.179934 2.781909 3.379070 3.760012 4.021357 4.331231
-183.498210 -282.809780 -370.328060 -394.243649 -395.176319 -410.505885 -428.099712 -453.245484 -460.710187 -464.390114 -469.581270 -472.696920 -474.571544 -479.239641 -482.199541 -488.357316 -485.555186 -482.236458 -477.129318 -481.477831 -481.672263 -480.195488 -482.187275 -484.278159 -488.472589 -487.933202 -484.826193 -481.102285 -481.853486 -481.359667 -479.098962 -479.005973 -480.808660 -484.800120 -484.198072 -482.395728 -481.036275 -477.616473 -474.838762 -472.221014 -470.280416 -466.850900 -462.501353 -457.299538 -450.011832 -440.872122 -434.025224 -418.346878 -395.115686 -371.265206 -343.593923 -264.020601 -176.655488 -137.783271 -107.033917 -68.296355 -31.397207 -1.638428
-399.859751 -427.162463 -446.622814 -460.070473 -467.100393 -473.156449 -479.150619 -480.315271 -481.434839 -483.352088 -484.819253 -486.547676 -488.092692 -489.182986 -491.767761 -498.281802 -495.332544 -491.616511 -487.296209 -487.142923 -487.478841 -486.858470 -487.559458 -490.334878 -495.784800 -493.553837 -490.600476 -488.037531 -487.507370 -487.241876 -485.510506 -486.869352 -489.538407 -493.563645 -492.092204 -489.561102 -488.662415 -487.540278 -485.576448 -483.548519 -481.689774 -479.478798 -477.442261 -474.176196 -470.407489 -465.976518 -460.735164 -454.216923 -445.008700 -441.000515 -434.278676 -423.115649 -403.264230 -384.479918 -356.560158 -287.897752 -188.928853 -130.402414
-456.103682 -464.022642 -472.737589 -475.823310 -478.930366 -481.567175 -484.755017 -486.420773 -487.747352 -485.702762 -486.021975 -488.570880 -487.703454 -488.806903 -494.060155 -491.693251 -490.094156 -485.613418 -486.693951 -486.993701 -488.049457 -487.180616 -487.749828 -493.154646 -490.267437 -489.258743 -486.377227 -486.219350 -485.871019 -485.591520 -485.156051 -485.806038 -489.666572 -488.843600 -488.059293 -485.582902 -486.123005 -485.704611 -483.261995 -483.347339 -482.515957 -481.019160 -479.551777 -477.735775 -475.380177 -471.435646 -467.304613 -463.108683 -462.900953 -459.908109 -457.131888 -460.929732 -454.229892 -448.768708 -442.553887 -428.830523 -408.262798 -376.866494
