tests/Borden05m/data_simulated/sim_1/output-maps/psiliqL0026N0006.asc
ncols         160
nrows         34
xllcorner     620200.000000
yllcorner     5168000.000000
cellsize      0.500000
NODATA_value  -9999.0
[rows 0 to 24 of 34, columns 0 to 54 of 160]
-9999.0 -9999.0 -9999.0 -9999.0 -9999.0 -9999.0 -9999.0 -9999.0 -9999.0 -9999.0 -9999.0 -9999.0 -9999.0 -9999.0 -9999.0 -9999.0 -9999.0 -9999.0 -9999.0 -9999.0 -9999.0 -9999.0 -9999.0 -9999.0 -9999.0 -9999.0 -9999.0 -9999.0 -9999.0 -9999.0 -9999.0 -9999.0 -9999.0 -9999.0 -9999.0 -9999.0 -9999.0 -9999.0 -9999.0 -9999.0 -9999.0 -9999.0 -9999.0 -9999.0 -9999.0 -9999.0 -9999.0 -9999.0 -9999.0 -9999.0 -9999.0 -9999.0 -9999.0 -9999.0 -9999.0
-9999.0 -9999.0 -9999.0 -9999.0 -9999.0 -9999.0 -9999.0 -9999.0 -9999.0 -9999.0 -9999.0 -9999.0 -9999.0 -9999.0 -9999.0 -9999.0 -9999.0 -9999.0 -9999.0 -9999.0 -9999.0 -9999.0 -9999.0 -9999.0 -9999.0 -9999.0 -9999.0 -9999.0 -9999.0 -9999.0 -9999.0 -9999.0 -9999.0 -9999.0 -9999.0 -9999.0 -9999.0 -9999.0 -9999.0 -9999.0 -9999.0 -9999.0 -9999.0 -9999.0 -9999.0 -9999.0 -9999.0 -9999.0 -9999.0 -9999.0 -9999.0 -9999.0 -9999.0 -9999.0 -9999.0
-9999.0 -9999.0 -9999.0 -9999.0 -9999.0 -9999.0 -9999.0 -9999.0 -9999.0 -9999.0 -9999.0 -9999.0 -9999.0 -9999.0 -9999.0 -9999.0 -9999.0 -9999.0 -9999.0 -9999.0 -9999.0 -9999.0 -9999.0 -9999.0 -9999.0 -9999.0 -9999.0 -9999.0 -9999.0 -9999.0 -9999.0 -9999.0 -9999.0 -9999.0 -9999.0 -9999.0 -9999.0 -9999.0 -9999.0 -9999.0 -9999.0 -9999.0 -9999.0 -9999.0 -9999.0 -9999.0 -9999.0 3273.142063 3255.928557 3242.473506 3237.553616 3258.347174 3281.184563 3304.770466 3325.068679
-9999.0 -9999.0 -9999.0 -9999.0 -9999.0 -9999.0 -9999.0 -9999.0 -9999.0 -9999.0 -9999.0 -9999.0 -9999.0 -9999.0 -9999.0 -9999.0 -9999.0 -9999.0 -9999.0 -9999.0 -9999.0 -9999.0 -9999.0 -9999.0 -9999.0 -9999.0 -9999.0 -9999.0 -9999.0 -9999.0 -9999.0 -9999.0 -9999.0 -9999.0 -9999.0 -9999.0 -9999.0 -9999.0 -9999.0 -9999.0 3324.191809 3330.015370 3329.593803 3319.598893 3308.099279 3294.193593 3273.438141 3256.238021 3243.114670 3241.061625 3243.284158 3245.624258 3265.944828 3291.111408 3310.776145
-9999.0 -9999.0 -9999.0 -9999.0 -9999.0 -9999.0 -9999.0 -9999.0 -9999.0 -9999.0 -9999.0 -9999.0 -9999.0 -9999.0 -9999.0 -9999.0 -9999.0 -9999.0 -9999.0 -9999.0 -9999.0 -9999.0 -9999.0 -9999.0 -9999.0 -9999.0 -9999.0 -9999.0 -9999.0 -9999.0 -9999.0 -9999.0 -9999.0 -9999.0 3232.368294 3249.133323 3266.850132 3285.206419 3301.991330 3308.903812 3314.633108 3319.809914 3314.950020 3310.313375 3298.359270 3277.019042 3257.516593 3244.603659 3243.484277 3240.827075 3244.059118 3255.212018 3271.481430 3286.089718 3306.253347
-9999.0 -9999.0 -9999.0 -9999.0 -9999.0 -9999.0 -9999.0 -9999.0 -9999.0 -9999.0 -9999.0 -9999.0 -9999.0 -9999.0 -9999.0 -9999.0 -9999.0 -9999.0 -9999.0 -9999.0 -9999.0 -9999.0 -9999.0 -9999.0 -9999.0 -9999.0 -9999.0 -9999.0 3238.852430 3232.770253 3227.762895 3225.945672 3224.238758 3223.060733 3229.522400 3240.360885 3257.085241 3278.911850 3291.950268 3298.971510 3305.637208 3305.702857 3299.472487 3297.446469 3297.606068 3284.566519 3271.913474 3260.045467 3248.410617 3244.836469 3253.295138 3267.124487 3282.907179 3297.024834 3311.818164
-9999.0 -9999.0 -9999.0 -9999.0 -9999.0 -9999.0 -9999.0 -9999.0 -9999.0 -9999.0 -9999.0 -9999.0 -9999.0 -9999.0 -9999.0 -9999.0 -9999.0 -9999.0 -9999.0 -9999.0 -9999.0 -9999.0 -9999.0 3209.511027 3214.247171 3220.557240 3227.997776 3228.730030 3225.265146 3219.664655 3216.725441 3214.997818 3212.366295 3216.561627 3223.157589 3235.680081 3250.489141 3272.371515 3280.173584 3283.952361 3294.837800 3298.141379 3305.586112 3309.007105 3306.621541 3302.002060 3286.513247 3274.345760 3275.867771 3279.252213 3285.530035 3293.295561 3306.192590 3319.254327 3333.854611
-9999.0 -9999.0 -9999.0 -9999.0 -9999.0 -9999.0 -9999.0 -9999.0 -9999.0 -9999.0 -9999.0 -9999.0 -9999.0 -9999.0 -9999.0 -9999.0 -9999.0 -9999.0 -9999.0 3185.341069 3186.283022 3187.630632 3192.305487 3192.494443 3194.011845 3200.476211 3208.149842 3210.729097 3208.149653 3206.806231 3207.689460 3209.783432 3213.787192 3223.626829 3236.358746 3249.584016 3261.627707 3281.531399 3295.143459 3306.634727 3321.095765 3320.886936 3316.623125 3314.281388 3313.481754 3311.096383 3308.637498 3306.863853 3312.275666 3312.105578 3314.768079 3323.111852 3334.311045 3349.940676 3366.562187
-9999.0 -9999.0 -9999.0 -9999.0 -9999.0 -9999.0 -9999.0 -9999.0 -9999.0 -9999.0 -9999.0 -9999.0 -9999.0 -9999.0 -9999.0 -9999.0 3156.569479 3158.196930 3160.392655 3165.733106 3169.244682 3172.922366 3179.594506 3180.695626 3183.657787 3190.214882 3194.080794 3202.777297 3210.511426 3216.846305 3221.865316 3223.379432 3228.878340 3237.006421 3247.288794 3259.967049 3278.823875 3301.229980 3315.773906 3331.344642 3347.498198 3347.052783 3344.348025 3343.619329 3341.160709 3341.500107 3354.813933 3356.988997 3350.720079 3359.348858 3370.100072 3371.943610 3377.908686 3396.688352 3417.899924
-9999.0 -9999.0 -9999.0 -9999.0 -9999.0 -9999.0 -9999.0 -9999.0 -9999.0 -9999.0 -9999.0 -9999.0 -9999.0 3107.403070 3111.175786 3121.169898 3132.475869 3135.266485 3139.931002 3146.313713 3158.027779 3161.184336 3166.607244 3173.147425 3185.019790 3192.838875 3200.707137 3211.435749 3218.358641 3224.151325 3229.315800 3230.933563 3241.088263 3253.721655 3266.692401 3284.404109 3304.941804 3322.018123 3338.856494 3353.963689 3364.402455 3360.643776 3358.751344 3359.793875 3363.377842 3375.203532 3390.590035 3389.966573 3398.548263 3417.957934 3427.164795 3433.512234 3438.694806 3451.639379 3472.279673
-9999.0 -9999.0 -9999.0 -9999.0 -9999.0 -9999.0 -9999.0 -9999.0 -9999.0 -9999.0 3081.114929 3082.350405 3078.286120 3075.172043 3080.613594 3092.576126 3106.738017 3111.794236 3123.310588 3144.139166 3162.232790 3164.553521 3177.102185 3186.322455 3191.975349 3200.534003 3211.995432 3222.565705 3236.381270 3246.416851 3253.564239 3268.222165 3282.273466 3296.685041 3312.175547 3330.896878 3345.473287 3367.686826 3391.109353 3398.464978 3414.158804 3415.953689 3410.823855 3407.975836 3416.118546 3426.161189 3439.837510 3454.436127 3471.811537 3492.668820 3502.090428 3514.077873 3522.300229 3531.879767 3546.446293
-9999.0 -9999.0 -9999.0 -9999.0 -9999.0 -9999.0 -9999.0 -9999.0 3056.859469 3064.720265 3069.698748 3065.958089 3060.945823 3054.495682 3068.596150 3083.375662 3098.505664 3116.113630 3130.864142 3148.260915 3161.172515 3174.795003 3193.615036 3203.016402 3212.139126 3225.582076 3236.959204 3250.106112 3268.829339 3275.067919 3284.551796 3302.245948 3316.257363 3331.402050 3347.847617 3362.688810 3381.521751 3410.232015 3437.743323 3452.782612 3477.528548 3493.682526 3487.252614 3484.776968 3485.286409 3507.304255 3532.456770 3560.424794 3578.490159 3601.048113 3628.404594 3646.638952 3655.464018 3666.163113 3679.599143
-9999.0 -9999.0 -9999.0 -9999.0 -9999.0 -9999.0 3028.805999 3052.880864 3067.625739 3058.488505 3043.731040 3037.921666 3031.049003 3061.140324 3082.720029 3099.178179 3114.909473 3131.398104 3146.503084 3153.792786 3182.074904 3200.094220 3210.543957 3222.412988 3235.317942 3248.159979 3262.787527 3282.500259 3298.504035 3319.029176 3333.823291 3348.913219 3371.030878 3386.903105 3402.410607 3414.810465 3441.124699 3474.548076 3507.935320 3531.412414 3554.950831 3585.427767 3584.822282 3586.228015 3587.546248 3610.440624 3643.353455 3672.402157 3703.600511 3733.582364 3761.243069 3771.424712 3780.120535 3789.754473 3801.992312
-9999.0 -9999.0 -9999.0 -9999.0 2997.082284 3017.584443 3035.740414 3065.232524 3086.560462 3080.882522 3084.506143 3081.702313 3076.418680 3080.482664 3087.608450 3103.725309 3121.643152 3139.892748 3152.949436 3178.780190 3224.061946 3233.768841 3249.585833 3277.533367 3287.094356 3299.594748 3313.648917 3332.707930 3350.069145 3376.061948 3409.220603 3437.269898 3457.507530 3475.666888 3493.659810 3509.697584 3543.516241 3579.384056 3614.058972 3644.800870 3671.082126 3696.362949 3702.840538 3707.489593 3717.154136 3733.692198 3755.791199 3782.837096 3815.798882 3847.448285 3870.469566 3879.545815 3884.690466 3894.044479 3901.542519
-9999.0 -9999.0 -9999.0 2943.716720 2982.044903 3021.209838 3046.249983 3075.752628 3107.270706 3106.398686 3114.130740 3113.101957 3111.148814 3115.506788 3117.664860 3132.847464 3149.523974 3167.795133 3187.652953 3219.855345 3247.777754 3264.570345 3291.002749 3306.116975 3318.059622 3329.669705 3346.787195 3365.668316 3400.763047 3429.645540 3474.548329 3524.022291 3555.375028 3574.208576 3595.735626 3622.381730 3646.756986 3684.547793 3717.929086 3749.453591 3779.221987 3801.074616 3815.245933 3819.772373 3829.057860 3834.757271 3847.298602 3867.966866 3889.919336 3920.100452 3948.952234 3977.195092 3992.127518 4002.921398 4019.745589
-9999.0 -9999.0 2895.424698 2934.763356 2965.818427 3011.534054 3063.877201 3098.166243 3136.671372 3154.688909 3156.921599 3166.573636 3176.020135 3176.028924 3183.792177 3195.330149 3215.905489 3223.502854 3242.422819 3257.450806 3293.813018 3326.863966 3322.790719 3360.371149 3389.383312 3420.546517 3440.592493 3466.193285 3502.769778 3536.127447 3579.771451 3628.721145 3662.516889 3689.946666 3705.310501 3724.912047 3744.871777 3770.483439 3806.426511 3831.903334 3864.875648 3889.949775 3909.369568 3910.367138 3913.041701 3928.894548 3956.605005 3986.764968 4015.066900 4043.391243 4029.232061 4051.667685 4061.689942 4067.281603 4076.073678
-9999.0 -9999.0 2865.119958 2911.464218 2945.710712 3002.696100 3088.318666 3121.741222 3160.793379 3205.139283 3217.901286 3238.174362 3231.445874 3219.911860 3236.561540 3249.945476 3268.963925 3275.421962 3268.771689 3319.828027 3371.343523 3395.791856 3403.078468 3478.124304 3529.004224 3552.074033 3567.865219 3587.493864 3606.905966 3644.831816 3683.808561 3737.365586 3778.152605 3807.533215 3821.747538 3841.203501 3860.356752 3875.251028 3894.403711 3940.202455 3974.788289 4004.924835 4036.186562 4057.232818 4065.260033 4070.077020 4045.450190 4064.196233 4076.909013 4082.391956 4084.563602 4080.792594 4080.216633 4081.030011 4081.956047
-9999.0 2778.783616 2824.194087 2874.375898 2938.350561 2998.531917 3072.658168 3146.701203 3211.554117 3262.381910 3286.588732 3279.187379 3279.199938 3303.746275 3322.169719 3337.907708 3342.342623 3351.421160 3332.116683 3384.135246 3420.402239 3469.699826 3568.296222 3625.599603 3687.028360 3682.964145 3671.373321 3676.354616 3692.322446 3737.982277 3815.535475 3870.626125 3935.064501 3983.006812 3999.669942 4006.877431 4025.249624 4045.726079 3996.159709 4038.011936 4057.269396 4073.338238 4082.242704 4084.457501 4085.694476 4085.464132 4081.787707 4074.788249 4066.625014 4060.789238 4056.562746 4052.059859 4054.495992 4057.822448 4058.030338
-9999.0 2740.384204 2790.616234 2858.562020 2925.531638 2972.116331 3053.328734 3217.914960 3279.048055 3315.771725 3320.588339 3296.490652 3353.585728 3412.353028 3436.049028 3480.201680 3464.382508 3448.912968 3412.188129 3436.924443 3475.153803 3545.203432 3713.771028 3801.413363 3851.846164 3859.732147 3860.631520 3888.540013 3931.988910 3978.503193 4023.359566 3993.351786 4041.507101 4065.202340 4070.153873 4070.846980 4076.163503 4074.734853 4073.248692 4068.817521 4063.668565 4063.831388 4068.422764 4068.264608 4065.306387 4061.931644 4056.234221 4048.811909 4043.607188 4038.978623 4036.319565 4033.479045 4031.526699 4030.806201 4025.966534
-9999.0 2699.936598 2774.889994 2825.287249 2870.715008 2960.973098 3089.362181 3232.147338 3327.247260 3360.146055 3337.454056 3372.142357 3473.670880 3578.490571 3629.912643 3650.459683 3631.375919 3583.460146 3563.680742 3606.636148 3676.233217 3794.290284 3930.851589 4028.936140 4043.985890 4047.288106 4000.459597 4025.656452 4049.010742 4051.782126 4052.878717 4060.656600 4065.720062 4068.654929 4067.088026 4064.195198 4059.380203 4051.189233 4046.383554 4042.702632 4038.931182 4037.771740 4039.770868 4041.588919 4038.769990 4034.873571 4030.396131 4024.817880 4018.510616 4011.749066 4007.434472 4003.181106 4001.047065 3995.514853 3991.991167
-9999.0 2576.068967 2672.794547 2713.413007 2787.364879 2965.880111 3093.337382 3232.377705 3396.054689 3415.657455 3460.351243 3598.184610 3716.167151 3795.632254 3824.210335 3857.320699 3881.597237 3897.419120 3933.764551 3816.289967 3895.691019 3991.769507 4035.704812 4054.756751 4064.371246 4064.735491 4054.886898 4034.103385 4023.367706 4016.611473 4018.220730 4025.498504 4030.177480 4034.966585 4032.663260 4033.716297 4034.799456 4031.571979 4027.552276 4018.831362 4010.979790 4004.285082 4001.030249 4005.726792 4001.070938 3998.700308 3992.506965 3984.068718 3975.121432 3967.744911 3959.781898 3953.217279 3950.982674 3945.971659 3944.780000
-9999.0 2495.190833 2567.726836 2626.895521 2737.090084 2890.230044 2983.271278 3139.754066 3379.231185 3514.185765 3676.503691 3766.440318 3836.334424 3878.275004 3928.443847 3979.925082 4006.550888 4018.049603 3987.580525 4009.395761 3966.757407 3955.722472 3973.165505 4002.185375 4019.205305 4023.257136 4015.381889 4006.189200 3998.924730 3997.800867 3995.632873 3991.579117 3987.465978 3983.880136 3980.739949 3983.698528 3989.002009 3981.889920 3971.628301 3962.181754 3953.666608 3944.446514 3938.495380 3933.846927 3934.210476 3934.475716 3926.844962 3916.353603 3905.500562 3897.214709 3890.019005 3885.516553 3882.848753 3877.885219 3868.263312
-9999.0 2374.422464 2507.655029 2583.516689 2677.137147 2794.644105 2896.635294 3045.676026 3173.896158 3417.217150 3557.628356 3748.391816 3797.657766 3866.971337 3914.311671 3987.129442 3982.590083 3951.174941 3908.126222 3891.930079 3902.914226 3911.855958 3920.134527 3934.657348 3952.272552 3962.357985 3967.297304 3961.234692 3947.026953 3934.602749 3923.547104 3909.914608 3900.539207 3898.064276 3902.056778 3912.020153 3912.556028 3903.250791 3889.142227 3870.932505 3855.341559 3843.549065 3841.535663 3844.296912 3845.386056 3841.330370 3835.521556 3824.772517 3812.187360 3799.789164 3794.101179 3789.768932 3782.378915 3771.187174 3759.348137
-9999.0 -9999.0 2421.519762 2529.782269 2622.640310 2733.116097 2807.975671 2923.490933 3060.513528 3230.276665 3345.773276 3524.791231 3619.252305 3663.076898 3697.040075 3752.600102 3777.681231 3808.698411 3802.816195 3814.381450 3824.139940 3829.403253 3834.677598 3840.455588 3850.948251 3860.733126 3870.906195 3868.100856 3859.269558 3838.798900 3813.184737 3793.261474 3782.787882 3773.564974 3785.636630 3798.161252 3792.682548 3785.777404 3773.149070 3756.949535 3744.384214 3730.157687 3726.709551 3726.646052 3727.255778 3724.965497 3722.453782 3710.049083 3697.817587 3687.947289 3683.952204 3678.375435 3674.826648 3665.068980 3654.530798
-9999.0 -9999.0 2332.909077 2436.681229 2538.186686 2655.281474 2739.017946 2751.940006 2869.498718 2969.657319 3075.883314 3186.099701 3282.089252 3350.156543 3382.702462 3444.596944 3500.361446 3518.557777 3558.362605 3611.852265 3645.866402 3684.961563 3707.804975 3717.221774 3729.680504 3744.059405 3751.500988 3736.305796 3725.033687 3707.965090 3684.590327 3657.986414 3644.506620 3644.013545 3643.104555 3644.692076 3637.114176 3628.181325 3613.754308 3599.837836 3587.665703 3578.756922 3575.195439 3569.677611 3567.425145 3564.736727 3563.067786 3557.853824 3549.635329 3545.094180 3536.980752 3533.313099 3532.574269 3529.575860 3523.921176
