tests/Borden05m/data_simulated/sim_1/output-maps/psiliqL0021N0009.asc
ncols         160
nrows         34
xllcorner     620200.000000
yllcorner     5168000.000000
cellsize      0.500000
NODATA_value  -9999.0
[rows 0 to 24 of 34, columns 55 to 109 of 160]
-9999.0 -9999.0 -9999.0 -9999.0 -9999.0 -9999.0 -9999.0 -9999.0 -9999.0 -9999.0 -9999.0 -9999.0 -9999.0 -9999.0 -9999.0 -9999.0 -9999.0 -9999.0 -9999.0 -9999.0 -9999.0 -9999.0 -9999.0 -9999.0 -9999.0 -9999.0 -9999.0 -9999.0 -9999.0 -9999.0 -9999.0 -9999.0 -9999.0 -9999.0 -9999.0 -9999.0 -9999.0 -9999.0 -9999.0 -9999.0 -9999.0 -9999.0 -9999.0 -9999.0 -9999.0 -9999.0 -9999.0 -9999.0 -9999.0 -9999.0 -9999.0 -9999.0 -9999.0 -9999.0 -9999.0
-9999.0 -9999.0 -9999.0 -9999.0 2442.377051 2437.230479 2432.702142 2428.638855 2420.808913 2412.204985 2404.805846 2401.375444 2400.979646 2400.835861 2400.973646 2406.647626 2415.316854 2423.513826 2430.970637 2433.695864 2436.506769 2438.979215 2439.800688 2439.137375 2436.463192 2433.850240 2430.903474 2429.633276 2422.307578 2411.339278 2403.033766 2400.446183 2404.770664 2409.156705 2411.595840 2416.916953 2427.207055 2437.490661 2445.280419 2456.828031 2462.670480 2467.210301 2469.204713 2464.432423 2460.359641 2455.876259 2449.760074 2438.453407 -9999.0 -9999.0 -9999.0 -9999.0 -9999.0 -9999.0 -9999.0
2387.744197 2406.892055 2427.816976 2431.255853 2419.719748 2414.977972 2412.227055 2410.961746 2407.069476 2399.152543 2394.643589 2389.856926 2388.165241 2388.859448 2389.494667 2394.016619 2405.218488 2413.698143 2418.903044 2422.054980 2425.293338 2424.690096 2424.493045 2424.714683 2422.283755 2419.227511 2416.224688 2414.737538 2416.095363 2408.746243 2403.128568 2399.527627 2397.103937 2399.725485 2402.300325 2406.342752 2415.436278 2423.112444 2430.660390 2444.671456 2456.838126 2461.628660 2458.330819 2452.797870 2448.231953 2440.495986 2429.751741 2419.352397 2410.669530 2403.664062 2397.401642 2390.274501 2395.484187 2401.815886 2410.339989
2372.985696 2392.845056 2413.774798 2416.903754 2406.753113 2399.250622 2393.656967 2394.670752 2398.463834 2395.813510 2391.764553 2385.717508 2395.764114 2397.532929 2399.101064 2403.057178 2406.165424 2411.182104 2414.306995 2420.163286 2429.557488 2432.776446 2433.724232 2434.282637 2432.810530 2430.017811 2428.495195 2426.055250 2421.098098 2419.797217 2419.852022 2419.054694 2423.484918 2424.902357 2427.427992 2421.442536 2425.375620 2431.324633 2437.782392 2443.260428 2448.969876 2451.314660 2447.208866 2446.348239 2437.080583 2422.612112 2411.667219 2403.206938 2401.981960 2398.099672 2389.228176 2374.824083 2381.541774 2396.306742 2399.938915
2380.531806 2390.289668 2401.952727 2405.254355 2400.815677 2403.317722 2405.710841 2407.747184 2406.744609 2404.174690 2401.459233 2413.344097 2422.621792 2424.833500 2428.171753 2432.778210 2433.973590 2423.433265 2421.849167 2429.976967 2440.202339 2446.017416 2446.693360 2446.927425 2444.339936 2443.672850 2443.793485 2442.192045 2442.443289 2444.541288 2443.175660 2446.858613 2452.488277 2455.905024 2449.431806 2440.652712 2442.250896 2450.318657 2459.104947 2466.250307 2475.996222 2486.197663 2485.058594 2479.105592 2469.331005 2455.362532 2431.438828 2412.222554 2400.208221 2391.411630 2383.043971 2383.673594 2378.360157 2389.956773 2390.511423
2375.123653 2395.195332 2416.343493 2423.736952 2418.572503 2415.161261 2414.190907 2415.723574 2416.048746 2418.333897 2429.304500 2442.688555 2456.410674 2459.589602 2462.428495 2462.081884 2454.305177 2444.614491 2442.138092 2456.589405 2474.103906 2482.728796 2483.221549 2480.824300 2485.890501 2485.921051 2486.004982 2482.447818 2483.982438 2483.293931 2490.586016 2498.330483 2506.002459 2504.521989 2492.210852 2480.175554 2479.475175 2483.776032 2489.130431 2495.775043 2505.314537 2513.817552 2507.908876 2500.868155 2491.266649 2463.168465 2437.101207 2420.655459 2419.451066 2418.592287 2412.736720 2408.933940 2405.745573 2399.189249 2397.856319
2420.019068 2441.037906 2462.649553 2477.795849 2472.850206 2466.216202 2458.169779 2459.534850 2461.939004 2469.595026 2481.891413 2497.348114 2520.879120 2522.506090 2524.726109 2525.547593 2514.107631 2501.999223 2492.263921 2513.289402 2524.648251 2532.790976 2532.409846 2539.913794 2549.570750 2546.156635 2539.695898 2528.770540 2534.964572 2543.732235 2558.969607 2566.505944 2571.212180 2567.890269 2555.072497 2548.718912 2549.079202 2553.768447 2553.310538 2559.895872 2568.546411 2582.590228 2580.486829 2573.739649 2551.563627 2513.345580 2480.461776 2462.869702 2470.712660 2462.916376 2454.255824 2451.117926 2437.394701 2427.278111 2427.470758
2466.857941 2483.447992 2501.770833 2519.987741 2513.872336 2504.770499 2490.761241 2489.821503 2496.383417 2507.539876 2526.571326 2547.303362 2569.544064 2572.768687 2570.643012 2580.449652 2575.061041 2565.689364 2558.610474 2576.567556 2587.878842 2598.554020 2606.301872 2619.546737 2630.977941 2617.765081 2603.232517 2595.334404 2601.956191 2625.388086 2645.831432 2650.768147 2650.601414 2651.026894 2638.150498 2632.728616 2628.343629 2626.549108 2622.480537 2619.312011 2641.085420 2659.630621 2657.669814 2634.195773 2609.717983 2570.705073 2531.608227 2502.536077 2508.541655 2503.705083 2503.588435 2489.895750 2475.000965 2462.381123 2454.816477
2536.400835 2562.207502 2581.384234 2603.457512 2599.444523 2580.264317 2568.789093 2573.428790 2587.690804 2596.402847 2614.534843 2635.117884 2663.698966 2680.102925 2695.225223 2701.538433 2693.471427 2685.261707 2673.468836 2676.541301 2698.518652 2712.704818 2722.988040 2733.066361 2746.254104 2749.221699 2744.511310 2743.632452 2747.856639 2758.945053 2771.284420 2777.990830 2781.628783 2783.240849 2773.493538 2762.080619 2760.573270 2754.202283 2750.708599 2748.838462 2756.084940 2771.873420 2767.848480 2733.969867 2705.220577 2668.075232 2628.885705 2597.214032 2584.958985 2597.160507 2590.388183 2571.846706 2556.187286 2525.154908 2513.710483
2623.759100 2658.898365 2685.692449 2700.889952 2712.387954 2703.074491 2703.827983 2709.161419 2718.212890 2723.089057 2730.934293 2763.739882 2796.472644 2823.489289 2847.540563 2856.236901 2845.237982 2836.036589 2823.767773 2815.431148 2824.595475 2841.842986 2860.015635 2875.973314 2887.891564 2891.087759 2890.005293 2890.553706 2893.628770 2896.708990 2900.573537 2908.205010 2915.816690 2813.701973 2820.001621 2814.223809 2908.975202 2898.602845 2887.670571 2884.877772 2884.479961 2885.188167 2884.515209 2869.735277 2830.127054 2798.007110 2766.244666 2741.698680 2723.599566 2715.811712 2693.339342 2668.111374 2617.358678 2577.938874 2543.694677
2730.178839 2774.478562 2803.800156 2825.151579 2840.416168 2841.189736 2844.631321 2847.526117 2853.202401 2857.677695 2862.950009 2888.685517 2816.272909 2851.610905 2881.975771 2883.268542 2871.146470 2860.207950 2850.695732 2837.806999 2834.184037 2845.096688 2858.978271 2877.739542 2888.583253 2895.991410 2893.127306 2893.518947 2895.488328 2897.183546 2899.191085 2902.252557 2910.939262 2922.000548 2935.225644 2935.153697 2921.236695 2904.402839 2888.056503 2883.934690 2880.237627 2875.015324 2876.520101 2877.912487 2865.189757 2839.217893 2913.382435 2870.763556 2848.516981 2828.988762 2815.066245 2798.314290 2761.390378 2696.823941 2658.918114
2858.409875 2891.776889 2810.783549 2838.023454 2854.014545 2858.105275 2856.530650 2856.390154 2863.413323 2867.330266 2874.450164 2890.215934 2916.280112 2949.039755 2977.416825 2993.339342 2986.993441 2971.053458 2950.755636 2942.690670 2940.458016 2943.574578 2952.099494 2963.274309 2981.343195 2999.167219 2981.803582 2982.639495 3003.012132 2982.329537 2983.086218 2983.169553 2985.413306 2992.521913 3001.371493 3004.464946 2998.481147 3002.887753 2981.052126 2968.737248 2961.546555 2957.764491 2957.672062 2961.378953 2963.235484 2949.638856 2920.132241 2878.337930 2847.434261 2830.090280 2819.251827 2918.327515 2904.339453 2873.870982 2851.802319
2857.551567 2872.223128 2896.483735 2924.186713 2946.537802 2961.640810 2963.203581 2967.049081 2971.744964 2979.844265 2994.635138 2992.860961 3009.219982 3029.584502 3054.072821 3068.875997 3074.187521 3073.177476 3070.086464 3071.482273 3071.770533 3021.494770 3026.644605 3031.760415 3045.467928 3058.326304 3062.266336 3062.783405 3061.371868 3062.324879 3062.928640 3062.912300 3062.557366 3064.084387 3068.153890 3069.708402 3067.802667 3057.907534 3071.007789 3052.152391 3039.334679 3031.470630 3023.520586 3015.300675 3006.009167 2997.090645 3002.677191 2973.759259 2940.148111 2917.563602 2908.651175 2905.363583 2897.517179 2891.847227 2875.517220
2953.988045 2964.863958 2982.108456 3003.464098 3010.460263 3031.370230 3042.201584 3051.040089 3055.591714 3068.762174 3084.079130 3071.086191 3077.750275 3084.662457 3091.528165 3093.885056 3094.558603 3094.245583 3091.923741 3091.300926 3089.156005 3085.316365 3075.233224 3076.802904 3078.596193 3081.168787 3084.809634 3083.633515 3084.686077 3087.614093 3085.957003 3080.139159 3076.256694 3074.694156 3075.508008 3082.810588 3086.163055 3087.069047 3084.514822 3083.679908 3082.882307 3080.150457 3076.736216 3071.919735 3065.755432 3076.700563 3066.147036 3040.089761 3003.484727 2989.962129 2980.694251 2980.490494 2980.515292 2978.472698 2972.699845
3046.900168 3059.737946 3073.680189 3057.924136 3075.223551 3084.400561 3088.699295 3092.237838 3094.845741 3097.251991 3094.166751 3091.018274 3086.234640 3084.794423 3083.480353 3081.078461 3081.718090 3079.828724 3075.852337 3072.032270 3064.658983 3053.456840 3042.286137 3039.096718 3043.490914 3048.886946 3053.736846 3057.739608 3061.309050 3061.685897 3056.507623 3048.350493 3041.030396 3039.306249 3046.012565 3051.665074 3057.727928 3058.533613 3057.164156 3054.865288 3054.793385 3051.830201 3052.144731 3058.966314 3073.099726 3076.807477 3081.553703 3080.870755 3067.502385 3043.943111 3049.206196 3029.686624 3034.992598 3030.592654 3019.509603
3086.083018 3088.324343 3087.025231 3085.710871 3079.521170 3073.610491 3072.879576 3076.843641 3083.795381 3084.945318 3077.990358 3069.625509 3062.598290 3055.502156 3053.300739 3052.549637 3052.201457 3052.601151 3047.383230 3038.707579 3023.093744 3011.649333 3000.621620 2994.704519 2991.578394 2995.530907 3006.226005 3017.451948 3022.322032 3013.953456 3005.909435 2994.588242 2986.600660 2986.995033 2988.438763 2997.711478 3013.464699 3019.951586 3020.691629 3014.706439 3008.908328 3002.525117 2999.796404 3006.267061 3021.250907 3036.582373 3051.319138 3059.998626 3067.476550 3074.290620 3074.449091 3076.641262 3077.849144 3076.129830 3077.741105
3080.071574 3073.304776 3066.552749 3061.434598 3055.036499 3049.707575 3047.985919 3050.096671 3052.409209 3048.662565 3042.323086 3033.131221 3022.350909 3012.824843 3005.826319 3006.831858 3009.163700 3010.636084 3003.793270 2989.639124 2996.147893 2983.095390 2969.293238 2965.301452 2959.714584 2953.172920 2963.304525 2981.966494 2988.870613 2973.755102 2963.328474 2948.640850 2941.942397 2938.379438 2939.514445 2948.667137 2970.276394 2992.799007 2994.762225 2984.494031 2974.350676 2969.824640 2967.041940 2972.385671 2989.160060 2983.560679 2998.209874 3008.124732 3013.407807 3021.154899 3030.428022 3043.121865 3057.180199 3068.916463 3074.765891
3055.705234 3048.064527 3040.533381 3033.089575 3026.349297 3021.050182 3016.925671 3015.027226 3011.655982 3005.781845 2999.656472 3006.016583 2993.988644 2981.304628 2966.734135 2962.876774 2958.591532 2959.769245 2948.404951 2939.774640 2923.362121 2908.195323 2895.505057 2883.132038 2877.323296 2870.850851 2870.970133 2884.922378 2893.449352 2882.786335 2872.997019 2861.788150 2856.875686 2853.674207 2856.091712 2866.588567 2887.035294 2905.559591 2913.657782 2906.379810 2904.064415 2900.473857 2899.149334 2905.336470 2917.276780 2935.204927 2957.014691 2974.981823 2984.781830 2992.042601 3001.228450 2988.975342 3002.023229 3015.940801 3033.312878
3025.674919 3017.347283 3007.709278 2998.336762 2988.888525 3004.346428 2998.224705 3000.182543 2993.759405 2987.664479 2967.270641 2915.742043 2898.617740 2879.967277 2863.966269 2857.460961 2849.288411 2835.732579 2826.925089 2821.792413 2821.207002 2809.744872 2901.656557 2884.171919 2878.938575 2875.035105 2860.288161 2858.597537 2859.948343 2872.376069 2866.110139 2863.697717 2864.691519 2862.766631 2865.278608 2879.041920 2888.941577 2896.938779 2904.772046 2909.084013 2919.927952 2811.276983 2816.567855 2833.261920 2844.958675 2860.968154 2881.609173 2903.451658 2918.170313 2927.755766 2938.353464 2953.185391 2969.473998 2987.063762 3008.948412
2993.151879 3003.396219 2989.498786 2975.277368 2962.625394 2950.416312 2935.458629 2936.844949 2934.102682 2924.317702 2876.529088 2838.317093 2917.223150 2897.740543 2872.339315 2857.065867 2839.782387 2803.241523 2785.233764 2781.801889 2792.717930 2787.117413 2773.252128 2760.836451 2751.715313 2743.082553 2726.810296 2711.085356 2716.730686 2733.334933 2732.827822 2734.938469 2742.034231 2741.651190 2736.589793 2737.141199 2750.755831 2758.078704 2770.084110 2787.260043 2793.435479 2807.875294 2841.303834 2856.909256 2874.662635 2896.327810 2919.566434 2822.913782 2841.693730 2855.581210 2870.657433 2886.107380 2902.771302 2923.189576 2945.935021
2968.799702 2939.615630 2919.184023 2902.182002 2886.569848 2861.602794 2841.396896 2838.971234 2832.462753 2809.139479 2863.454274 2824.341271 2798.839063 2775.101808 2749.616583 2724.962360 2686.849959 2651.550319 2628.924155 2640.414446 2649.591897 2657.462487 2645.293451 2633.861950 2624.011404 2607.201377 2590.808964 2575.865644 2586.160429 2594.839759 2610.810022 2616.962351 2621.191431 2626.566524 2625.819931 2617.670833 2616.485283 2625.762066 2636.958592 2649.898153 2670.598507 2707.686262 2734.720170 2755.113044 2778.329377 2800.588404 2825.030138 2849.334517 2874.538370 2894.271896 2915.198218 2814.545088 2832.361676 2852.060988 2875.533393
2894.566923 2866.706733 2840.483207 2820.587294 2899.695654 2853.260249 2835.443719 2823.537484 2801.596570 2755.225766 2712.923511 2684.279907 2666.473407 2641.100752 2617.498046 2587.477059 2553.727334 2529.685672 2508.258682 2516.606884 2525.174707 2542.149641 2532.243048 2524.016807 2519.987693 2504.766280 2491.308929 2475.491834 2482.193769 2493.774187 2515.561051 2521.278632 2525.575300 2534.720966 2534.462748 2531.158095 2516.960037 2525.199193 2537.016416 2552.804963 2584.063652 2608.089926 2632.743689 2656.486931 2678.541613 2705.011615 2730.802578 2756.871421 2786.271857 2808.924361 2830.690405 2853.414419 2875.752950 2894.348145 2914.620899
2896.554797 2870.395990 2847.953499 2821.729463 2780.221986 2734.003934 2690.649229 2664.637988 2614.290016 2577.518371 2551.484519 2544.881313 2529.586966 2507.438879 2486.147971 2464.297968 2440.298817 2419.551710 2393.982602 2398.146510 2412.356153 2428.043412 2427.055402 2426.545360 2424.505881 2414.642334 2401.153979 2387.596618 2391.360208 2408.012318 2425.845411 2435.425026 2443.190672 2451.321229 2451.690337 2443.538544 2434.685831 2440.518563 2456.510756 2474.407815 2494.290646 2516.697249 2539.625048 2562.030295 2586.530680 2610.984864 2636.405206 2663.971216 2695.528073 2719.737703 2746.351047 2773.812043 2794.348480 2807.218942 2819.645170
2782.768978 2761.037861 2735.680538 2706.235515 2661.088195 2619.113870 2576.585920 2529.765184 2494.604925 2462.805278 2451.471996 2434.051391 2418.373442 2401.780391 2380.379302 2362.540229 2345.994328 2323.860848 2310.986245 2317.065854 2329.846137 2338.417190 2343.806575 2341.299567 2338.695989 2332.530192 2318.702883 2312.953611 2322.615164 2337.954200 2352.131349 2363.551917 2370.719334 2376.493706 2374.019222 2365.676301 2362.563355 2371.402239 2387.577712 2402.085628 2418.450680 2440.389307 2462.763979 2486.082240 2510.467460 2534.445382 2561.039418 2588.350512 2616.018117 2645.000209 2670.209410 2694.514949 2707.254453 2720.310949 2725.265892
2644.896559 2630.549622 2603.438119 2573.705034 2542.707994 2506.918662 2479.394876 2445.855024 2414.308936 2383.940086 2357.255582 2342.623150 2334.421698 2320.120211 2301.817248 2289.442955 2272.998244 2260.321365 2264.097075 2265.242993 2273.665268 2272.275153 2272.872935 2270.137173 2269.311918 2266.487352 2259.145664 2269.699127 2276.601871 2290.436675 2300.806662 2310.647354 2316.833873 2320.887092 2322.081297 2317.748128 2323.496395 2330.443973 2344.948971 2356.892089 2371.540402 2392.454100 2410.267214 2430.442456 2454.521069 2479.101096 2504.841603 2532.316214 2561.938717 2588.566641 2608.901130 2618.202481 2630.253501 2635.710150 2629.124415
