tests/Borden05m/data_simulated/sim_1/output-maps/psiliqL0007N0007.asc
ncols         160
nrows         34
xllcorner     620200.000000
yllcorner     5168000.000000
cellsize      0.500000
NODATA_value  -9999.0
[rows 0 to 24 of 34, columns 56 to 111 of 160]
-9999.0 -9999.0 -9999.0 -9999.0 -9999.0 -9999.0 -9999.0 -9999.0 -9999.0 -9999.0 -9999.0 -9999.0 -9999.0 -9999.0 -9999.0 -9999.0 -9999.0 -9999.0 -9999.0 -9999.0 -9999.0 -9999.0 -9999.0 -9999.0 -9999.0 -9999.0 -9999.0 -9999.0 -9999.0 -9999.0 -9999.0 -9999.0 -9999.0 -9999.0 -9999.0 -9999.0 -9999.0 -9999.0 -9999.0 -9999.0 -9999.0 -9999.0 -9999.0 -9999.0 -9999.0 -9999.0 -9999.0 -9999.0 -9999.0 -9999.0 -9999.0 -9999.0 -9999.0 -9999.0 -9999.0 -9999.0
-9999.0 -9999.0 -9999.0 -394.624333 -400.306439 -405.919704 -411.222237 -420.638938 -430.156253 -439.147102 -443.336085 -444.420425 -445.463249 -445.996967 -440.756510 -432.902366 -425.344839 -418.133455 -415.840808 -413.470767 -411.163481 -410.678621 -412.077819 -415.438316 -418.825169 -422.333728 -423.843561 -432.407597 -444.069756 -453.231019 -456.064835 -451.492301 -446.893410 -444.298170 -437.988954 -426.858371 -415.683759 -406.876773 -394.941970 -389.368871 -384.017291 -380.525289 -384.391768 -387.762294 -391.216145 -395.636188 -406.603892 -9999.0 -9999.0 -9999.0 -9999.0 -9999.0 -9999.0 -9999.0 -9999.0 -9999.0
-432.243709 -412.920010 -409.701741 -420.529273 -425.447786 -428.975306 -431.441056 -436.925459 -446.051975 -451.761794 -457.504717 -459.335540 -459.556573 -459.674479 -455.556903 -445.806770 -437.862613 -433.124029 -430.806168 -428.445466 -428.290258 -428.844384 -429.340411 -432.355267 -435.881851 -439.387632 -441.249896 -441.391624 -449.139134 -454.509179 -457.785592 -458.870328 -456.414764 -454.084145 -451.121834 -441.243611 -432.697358 -424.136530 -409.820221 -397.324638 -391.920435 -394.107209 -398.984129 -402.434023 -408.493244 -417.997801 -428.369088 -439.004220 -446.184944 -451.389964 -456.290486 -449.925809 -443.373902 -432.716753 -422.118485 -409.804630
-449.230134 -429.604564 -426.921141 -438.109953 -446.895550 -451.346692 -451.594506 -449.808194 -453.889425 -458.899400 -463.036593 -455.613254 -454.582900 -453.576074 -450.513777 -447.087111 -445.120000 -442.398315 -437.159089 -428.244689 -425.728839 -425.332891 -425.321822 -427.259242 -430.481280 -432.347394 -435.218115 -440.537617 -441.437220 -440.970885 -440.836486 -435.451485 -433.940569 -432.694239 -439.888282 -436.533891 -430.070311 -422.959423 -415.574593 -408.214356 -403.108895 -405.994755 -407.128114 -415.187153 -428.767509 -440.136532 -448.745433 -451.305002 -454.228820 -461.643440 -473.455566 -466.368104 -450.517434 -445.560685 -441.491952 -429.183403
-457.794676 -446.039823 -443.319021 -448.768013 -448.247683 -447.146833 -445.952490 -447.904826 -451.222917 -452.681160 -439.693981 -430.253992 -428.787460 -426.063025 -422.907477 -424.551668 -437.371070 -440.251162 -431.617737 -421.047428 -415.116171 -415.124533 -415.296320 -416.800516 -417.947684 -418.601033 -421.190961 -419.989472 -417.283061 -416.309479 -410.919273 -405.127451 -402.378841 -411.480862 -420.980158 -420.608910 -412.813123 -404.703885 -397.019029 -385.500166 -373.199028 -374.395280 -380.114420 -388.930402 -402.635555 -426.174741 -446.176343 -456.425227 -462.584170 -469.176891 -469.960286 -471.633197 -460.933225 -458.816688 -456.867811 -447.834662
-454.398665 -433.380196 -425.189684 -431.802720 -438.175419 -442.295995 -442.099401 -442.053080 -438.528754 -424.937643 -410.839599 -395.277904 -392.790114 -390.390310 -390.852705 -401.284361 -412.084825 -416.811688 -401.279426 -385.232232 -376.786145 -375.811276 -374.930217 -366.161057 -368.558600 -371.733725 -377.773563 -375.146643 -371.718559 -359.250439 -351.352182 -344.407617 -346.461270 -358.751736 -370.147434 -372.392307 -370.712545 -368.931591 -362.824366 -351.644782 -340.643533 -345.425252 -353.208355 -364.198724 -394.237972 -423.123840 -440.379351 -439.217088 -438.386765 -442.645336 -445.527105 -449.120442 -456.755049 -456.885478 -457.120965 -457.350913
-406.381789 -387.274571 -370.716293 -377.280611 -386.722442 -398.817399 -398.846087 -395.272687 -386.738676 -372.837495 -353.044650 -327.445833 -323.046410 -318.611469 -314.075752 -325.436282 -338.462182 -351.243425 -335.158200 -324.923095 -315.026256 -310.765661 -297.697833 -286.307984 -291.423340 -300.859076 -310.801901 -303.534681 -287.626905 -270.866889 -263.559220 -259.653261 -258.845740 -269.263137 -275.410819 -279.336058 -280.087993 -285.114492 -282.614332 -270.570262 -254.076596 -253.943360 -266.539205 -291.547106 -329.914247 -367.722944 -391.841537 -387.889207 -394.253683 -400.144070 -404.608363 -419.080786 -430.857547 -431.094769 -440.614512 -446.843697
-358.306503 -339.200610 -320.122079 -323.823471 -336.207914 -349.456113 -349.502907 -340.672455 -330.708181 -309.948337 -282.139997 -252.916716 -236.876465 -226.200648 -215.642499 -223.641345 -234.670921 -245.452584 -239.833842 -225.375795 -210.462170 -195.255644 -177.807559 -160.393494 -163.488254 -171.916793 -173.195621 -166.468138 -145.719035 -127.043115 -118.932894 -114.393798 -108.201392 -115.118433 -125.456111 -137.601739 -149.932663 -162.017941 -170.417402 -155.403660 -139.739727 -143.824083 -174.467739 -205.681443 -245.601618 -287.727622 -326.903798 -334.326423 -335.835456 -338.025890 -354.850815 -371.530343 -391.913360 -403.855348 -413.162277 -428.768919
-256.812847 -231.427798 -208.527232 -201.741821 -216.406700 -221.138736 -215.447463 -202.386556 -193.877157 -174.543223 -134.384711 -84.468004 -42.058582 -1.079368 8.397517 -8.666236 -27.492634 -50.460308 -59.605854 -40.633898 -18.596041 7.765854 39.425674 75.504544 104.807540 117.175314 126.278300 135.517361 143.335464 151.770598 159.628073 166.465855 172.876468 172.576973 162.384955 151.388994 135.003017 111.872888 91.999273 81.494070 88.337497 78.734328 31.883268 -23.654040 -74.606850 -126.841889 -172.424439 -204.387880 -208.273915 -225.788546 -246.782422 -272.800315 -314.385123 -336.949382 -355.962194 -388.281600
-122.388741 -79.386628 -51.925579 -26.791625 -24.702083 -19.649333 -13.663331 -2.019053 13.026071 44.060701 117.039866 169.410948 207.138076 234.953946 244.536462 233.452946 222.044443 209.972681 200.778944 203.781190 220.123800 241.288303 264.427144 284.904853 298.772963 305.285843 311.493832 317.245962 322.784153 326.307324 331.301137 337.117049 345.273213 354.589453 350.523116 334.599919 319.914660 299.802944 286.983562 280.783326 275.401669 270.059473 256.294230 219.519388 184.311159 139.598817 76.169259 7.797949 -35.949487 -68.555548 -99.983382 -155.439501 -209.579269 -253.933269 -289.740742 -324.262943
116.335863 167.782958 201.141999 218.332853 222.812971 224.556990 227.568290 235.246080 245.054663 262.716777 296.226070 335.159457 366.588733 388.395751 390.881933 384.066045 376.713892 369.196463 363.267847 361.971531 367.604956 375.895200 388.578673 399.505998 410.458551 412.503131 414.878610 416.339721 418.935505 420.712118 421.417854 425.256348 432.178022 438.587245 439.897868 432.050918 420.185893 406.785621 400.209547 394.758650 390.131307 388.557013 386.209203 381.373530 361.307288 327.252834 276.666723 234.592341 204.705444 186.435391 163.513623 126.584639 37.453628 -24.142260 -80.094144 -132.381284
292.116589 327.700636 355.480772 369.480556 374.463694 373.368290 374.373961 379.330005 384.857272 394.845499 409.039542 423.469639 440.509755 456.784498 469.078411 466.863771 459.786499 449.136185 448.388101 448.931844 450.126268 454.084802 457.762564 467.820964 478.596702 482.632437 483.581988 482.157965 484.178295 485.068754 484.992895 484.490970 485.826443 489.543141 491.160893 489.707040 480.994114 468.738792 458.539128 452.893601 450.517637 448.692201 448.931103 448.419877 442.617516 424.814195 399.293507 373.683109 356.374125 342.541603 327.186277 307.448143 276.767238 247.031051 212.269101 165.311664
393.245686 411.739078 428.131674 442.724393 452.025346 453.326007 456.729983 458.485725 465.249359 475.827419 487.294549 493.676913 502.181075 516.530833 524.724550 529.993458 532.054582 533.546968 536.600271 537.347695 530.229896 531.535331 532.363848 533.515332 536.707737 537.297089 537.357892 537.288746 538.154740 538.460900 538.893965 538.581785 537.025690 537.080340 537.076850 537.260481 535.242779 532.704240 519.746824 510.757858 506.002080 501.142940 495.207073 488.909205 483.914322 476.651890 462.439576 443.522278 426.410115 420.535117 416.192807 409.320109 401.114692 387.262435 371.015405 348.017383
461.262556 469.494708 480.047976 494.862631 504.696155 511.260769 517.109083 520.233524 529.468020 538.810005 537.506502 537.186355 536.866932 536.892371 536.664907 536.636250 536.944696 535.543457 536.291413 535.974184 531.760377 523.712937 525.342799 526.127713 527.824933 530.599946 528.818638 529.576884 532.670122 531.819234 527.342589 524.690157 523.257485 522.981407 529.330639 532.034731 533.011191 533.899959 534.228408 534.948894 535.409901 535.619932 535.402848 534.928486 533.424357 527.061300 511.898887 493.510488 473.635242 464.709204 461.627102 463.001706 460.513784 457.822181 447.319326 431.936363
527.214844 536.481771 540.631709 540.940723 540.421997 540.063946 540.960683 542.426741 541.972228 538.380426 534.671078 530.148550 528.984960 527.618470 525.165906 525.824418 524.247177 521.431053 519.919009 516.608120 508.906911 500.166550 499.269834 503.117345 506.302185 508.670044 509.938619 512.550429 514.744565 511.812522 506.243856 501.679851 500.351405 505.201863 509.022101 512.281296 512.447600 511.463314 510.707770 512.242149 511.248397 512.193835 517.465392 528.028532 533.750246 533.815140 534.433853 534.713957 533.638761 519.523181 503.556526 506.337530 503.430256 496.494345 484.332151 472.388296
535.981318 535.552747 533.097607 527.143866 521.343100 520.490268 523.962368 530.430197 532.033457 526.013647 519.439828 514.242497 509.211322 507.988900 506.600506 505.881607 506.346442 503.107843 500.272549 492.023760 486.311860 479.987567 476.410834 475.354439 478.678719 483.799514 488.305174 491.203022 487.789576 484.454353 478.926789 474.540468 475.658522 477.214377 482.557951 490.787140 491.868063 492.722733 490.539988 489.580211 486.322142 485.184141 489.266575 498.109165 506.212630 513.875745 519.162177 525.170377 530.427863 535.832804 535.325489 534.322752 533.449182 530.741498 519.936721 507.147134
522.119903 517.018695 513.379223 507.957180 503.166187 502.269641 505.158015 508.930416 507.260726 503.025072 497.208579 491.105146 485.378758 482.234463 483.209353 485.005648 486.205065 483.691488 476.263404 467.431813 461.357737 453.295511 451.591841 447.521652 443.243401 448.877398 458.733047 462.215529 453.627819 449.245494 441.457851 437.969648 437.056977 438.126131 444.078108 456.815689 469.570019 470.712090 465.453422 460.818406 458.850095 457.099186 460.806649 471.744421 482.327863 488.973964 492.836663 494.835747 499.176491 504.229852 510.426073 518.176391 525.071339 532.623383 532.714567 532.676929
504.771513 500.676645 496.957366 493.526145 490.420217 488.270068 487.217848 486.626700 483.518556 480.976606 476.183136 470.368066 463.867295 454.274995 451.836522 449.907497 452.435496 445.630123 440.573571 429.212226 420.396189 409.016472 400.092238 392.186428 383.767176 384.917866 394.860889 401.710960 390.755112 384.826554 376.210290 373.050313 371.732018 373.613847 382.277544 402.404763 419.696807 427.644043 424.139279 421.831221 421.331921 421.048097 423.600205 433.108644 445.484673 457.360140 465.114380 468.990343 472.223988 476.877900 483.993361 490.110730 495.936197 504.110263 515.013836 524.712104
490.065468 485.864858 482.013045 476.935874 471.021295 468.013978 469.780468 465.162541 461.849878 456.040679 424.829887 414.801890 400.753941 385.835011 378.485691 370.375491 365.863739 359.259974 355.752077 349.729771 335.916744 315.793063 290.604771 273.336205 259.677818 246.167106 249.777404 253.510550 255.313917 248.191268 241.350330 239.006935 237.655755 244.083421 264.393959 288.466265 312.265496 327.010689 329.437559 338.970026 346.910053 349.332809 363.029637 375.592185 391.929520 409.452958 426.554685 434.323574 439.940698 445.971674 454.321819 462.360776 469.629460 480.385551 492.510792 499.250648
474.616953 468.311154 460.976649 453.825931 445.705966 437.029569 438.002225 434.832728 428.640158 397.935198 361.166091 330.245642 305.025871 268.172975 244.013879 226.129176 199.878413 185.898837 178.629542 180.587641 166.173593 138.936468 101.402195 67.928181 45.976545 20.891123 10.716250 18.202982 34.282552 21.933608 13.186415 15.472982 12.235179 13.254917 38.689864 83.047561 120.268015 145.001597 161.693723 170.363879 180.490800 208.358024 228.762306 255.684548 293.623509 326.280845 353.230598 373.377956 387.711778 401.242334 415.732147 425.851779 437.598937 449.996288 465.434508 473.771700
440.933172 429.383734 418.278958 404.061874 385.840027 365.873962 362.142046 352.802320 331.313850 274.592390 215.219541 169.808877 128.423136 63.925442 15.107177 -30.003927 -75.689943 -102.314443 -101.746569 -95.624998 -102.220329 -124.342914 -145.760674 -162.301797 -178.826247 -197.254553 -208.507392 -199.851432 -189.779957 -185.972661 -184.423215 -180.790750 -179.593103 -179.975465 -179.151730 -164.185925 -148.884293 -133.019859 -118.767065 -103.880826 -67.971797 -30.847169 2.616899 54.196217 122.555701 172.570299 213.126757 250.407784 286.076770 318.387135 343.948183 365.496361 384.480117 404.071065 424.395196 438.803369
389.903068 365.395184 341.256604 306.984454 251.688948 223.539288 207.949488 191.248002 144.130930 64.081870 -31.680532 -84.938141 -124.912079 -161.744817 -195.525514 -230.662618 -262.057419 -283.328523 -277.053110 -270.296871 -262.041598 -276.556333 -290.817855 -299.054319 -314.561957 -329.547139 -343.804289 -335.140909 -325.434630 -310.100632 -306.703554 -303.595011 -297.606844 -299.080174 -300.876666 -306.540681 -296.552070 -285.605858 -271.483204 -243.664997 -215.794890 -187.942083 -162.325782 -133.443330 -96.829079 -54.881674 -7.611483 52.445603 119.608879 169.539302 209.595364 246.489134 283.576815 317.500749 347.450726 369.274571
270.019495 229.272589 188.780631 129.206722 30.480614 -35.179443 -59.147525 -103.835369 -149.445685 -203.490018 -237.108353 -262.874319 -290.156316 -314.633217 -337.552573 -365.626551 -389.795984 -413.119424 -408.826965 -396.463492 -382.644795 -390.856706 -395.912997 -399.423861 -411.332084 -425.077935 -438.651935 -434.855412 -420.169282 -403.533123 -397.188084 -391.101643 -383.735579 -383.830308 -390.200812 -398.708060 -393.145119 -379.938812 -364.079586 -341.651456 -318.184561 -295.200576 -273.788277 -249.409414 -222.553992 -193.818956 -161.166501 -124.119528 -89.916256 -47.731398 0.799738 55.241542 112.789983 159.539709 201.153082 232.926767
79.909560 10.257418 -44.718070 -107.219310 -168.345548 -220.781951 -260.220100 -296.278034 -331.119793 -354.210982 -374.957954 -394.428472 -413.482128 -434.004525 -453.708092 -473.259268 -494.777183 -514.718848 -509.285583 -495.557822 -482.500228 -480.816676 -483.783473 -486.788385 -494.798028 -508.254149 -520.444438 -512.464455 -496.968362 -481.649851 -472.116736 -465.630090 -459.368032 -462.250286 -470.526222 -478.003846 -470.510473 -455.555244 -440.761932 -423.026187 -401.721721 -380.224784 -358.662966 -335.778102 -312.398772 -286.201546 -258.613587 -229.914706 -200.908505 -171.652385 -141.034891 -119.274728 -94.237854 -69.010408 -32.893450 11.657571
-149.720860 -185.422093 -219.989266 -259.541158 -303.886519 -338.483268 -371.576112 -402.809536 -433.192585 -457.455987 -475.258513 -485.354740 -499.912507 -519.090292 -532.593454 -549.261111 -568.958314 -570.864265 -566.672687 -553.694342 -550.786437 -549.976217 -552.908674 -553.972569 -558.976507 -571.279321 -566.150694 -558.200282 -543.044468 -531.998001 -522.788137 -516.511343 -512.344618 -513.210167 -520.832529 -518.642720 -511.471394 -496.946741 -485.285267 -470.054846 -449.365110 -432.151795 -412.844337 -391.073798 -368.414337 -344.206491 -318.305319 -290.177551 -264.216166 -242.142975 -229.539400 -215.560002 -204.803075 -204.704975 -184.026023 -160.649299
