tests/Borden05m/data_simulated/sim_1/output-maps/psiliqL0005N0017.asc
ncols         160
nrows         34
xllcorner     620200.000000
yllcorner     5168000.000000
cellsize      0.500000
NODATA_value  -9999.0
[rows 0 to 24 of 34, columns 0 to 55 of 160]
-9999.0 -9999.0 -9999.0 -9999.0 -9999.0 -9999.0 -9999.0 -9999.0 -9999.0 -9999.0 -9999.0 -9999.0 -9999.0 -9999.0 -9999.0 -9999.0 -9999.0 -9999.0 -9999.0 -9999.0 -9999.0 -9999.0 -9999.0 -9999.0 -9999.0 -9999.0 -9999.0 -9999.0 -9999.0 -9999.0 -9999.0 -9999.0 -9999.0 -9999.0 -9999.0 -9999.0 -9999.0 -9999.0 -9999.0 -9999.0 -9999.0 -9999.0 -9999.0 -9999.0 -9999.0 -9999.0 -9999.0 -9999.0 -9999.0 -9999.0 -9999.0 -9999.0 -9999.0 -9999.0 -9999.0 -9999.0
-9999.0 -9999.0 -9999.0 -9999.0 -9999.0 -9999.0 -9999.0 -9999.0 -9999.0 -9999.0 -9999.0 -9999.0 -9999.0 -9999.0 -9999.0 -9999.0 -9999.0 -9999.0 -9999.0 -9999.0 -9999.0 -9999.0 -9999.0 -9999.0 -9999.0 -9999.0 -9999.0 -9999.0 -9999.0 -9999.0 -9999.0 -9999.0 -9999.0 -9999.0 -9999.0 -9999.0 -9999.0 -9999.0 -9999.0 -9999.0 -9999.0 -9999.0 -9999.0 -9999.0 -9999.0 -9999.0 -9999.0 -9999.0 -9999.0 -9999.0 -9999.0 -9999.0 -9999.0 -9999.0 -9999.0 -9999.0
-9999.0 -9999.0 -9999.0 -9999.0 -9999.0 -9999.0 -9999.0 -9999.0 -9999.0 -9999.0 -9999.0 -9999.0 -9999.0 -9999.0 -9999.0 -9999.0 -9999.0 -9999.0 -9999.0 -9999.0 -9999.0 -9999.0 -9999.0 -9999.0 -9999.0 -9999.0 -9999.0 -9999.0 -9999.0 -9999.0 -9999.0 -9999.0 -9999.0 -9999.0 -9999.0 -9999.0 -9999.0 -9999.0 -9999.0 -9999.0 -9999.0 -9999.0 -9999.0 -9999.0 -9999.0 -9999.0 -9999.0 -714.446150 -732.669269 -753.598123 -758.211537 -733.438525 -717.332067 -701.519249 -688.771958 -676.831299
-9999.0 -9999.0 -9999.0 -9999.0 -9999.0 -9999.0 -9999.0 -9999.0 -9999.0 -9999.0 -9999.0 -9999.0 -9999.0 -9999.0 -9999.0 -9999.0 -9999.0 -9999.0 -9999.0 -9999.0 -9999.0 -9999.0 -9999.0 -9999.0 -9999.0 -9999.0 -9999.0 -9999.0 -9999.0 -9999.0 -9999.0 -9999.0 -9999.0 -9999.0 -9999.0 -9999.0 -9999.0 -9999.0 -9999.0 -9999.0 -695.082304 -688.023684 -683.721671 -695.226751 -703.280397 -707.973195 -723.901152 -740.421921 -756.712731 -755.093206 -754.029216 -758.434091 -738.145840 -719.690405 -708.212747 -697.676448
-9999.0 -9999.0 -9999.0 -9999.0 -9999.0 -9999.0 -9999.0 -9999.0 -9999.0 -9999.0 -9999.0 -9999.0 -9999.0 -9999.0 -9999.0 -9999.0 -9999.0 -9999.0 -9999.0 -9999.0 -9999.0 -9999.0 -9999.0 -9999.0 -9999.0 -9999.0 -9999.0 -9999.0 -9999.0 -9999.0 -9999.0 -9999.0 -9999.0 -9999.0 -756.928971 -739.854849 -728.447638 -717.095725 -704.496821 -703.669371 -702.624681 -696.121604 -701.565400 -704.197634 -714.014751 -731.184666 -749.353335 -761.212109 -756.726494 -759.906377 -758.191347 -747.779271 -737.722121 -729.273443 -713.473376 -693.411745
-9999.0 -9999.0 -9999.0 -9999.0 -9999.0 -9999.0 -9999.0 -9999.0 -9999.0 -9999.0 -9999.0 -9999.0 -9999.0 -9999.0 -9999.0 -9999.0 -9999.0 -9999.0 -9999.0 -9999.0 -9999.0 -9999.0 -9999.0 -9999.0 -9999.0 -9999.0 -9999.0 -9999.0 -738.715948 -745.095083 -750.298840 -750.734515 -752.884515 -759.462961 -758.599609 -752.887296 -740.247120 -723.283623 -716.743112 -714.762500 -711.427176 -712.981200 -720.347967 -722.117179 -716.719220 -727.464033 -735.473007 -744.142749 -758.433051 -761.453818 -751.928367 -740.885450 -729.631889 -721.960456 -714.129484 -707.111270
-9999.0 -9999.0 -9999.0 -9999.0 -9999.0 -9999.0 -9999.0 -9999.0 -9999.0 -9999.0 -9999.0 -9999.0 -9999.0 -9999.0 -9999.0 -9999.0 -9999.0 -9999.0 -9999.0 -9999.0 -9999.0 -9999.0 -9999.0 -755.643755 -749.593723 -746.068043 -740.266019 -741.935351 -751.999151 -759.580460 -763.244127 -765.934721 -771.261252 -770.386481 -767.431475 -759.431951 -751.073327 -733.392962 -733.946016 -733.487367 -721.005184 -721.868505 -715.768090 -709.227628 -711.496043 -711.915550 -727.001812 -738.426823 -728.351987 -722.674302 -720.445087 -718.926418 -710.711317 -700.147911 -687.638573 -671.151134
-9999.0 -9999.0 -9999.0 -9999.0 -9999.0 -9999.0 -9999.0 -9999.0 -9999.0 -9999.0 -9999.0 -9999.0 -9999.0 -9999.0 -9999.0 -9999.0 -9999.0 -9999.0 -9999.0 -762.479784 -763.717291 -766.268295 -763.999279 -772.585317 -775.651523 -770.988249 -763.856542 -765.980527 -771.492343 -776.415957 -775.549082 -774.235884 -773.920943 -763.716837 -753.889233 -747.051244 -742.522942 -727.020177 -718.736800 -708.952450 -692.841959 -699.605913 -707.741590 -712.136683 -712.567268 -714.098051 -705.942166 -702.697335 -699.828441 -697.408470 -693.859219 -688.537046 -682.623876 -666.986092 -650.709968 -635.091767
-9999.0 -9999.0 -9999.0 -9999.0 -9999.0 -9999.0 -9999.0 -9999.0 -9999.0 -9999.0 -9999.0 -9999.0 -9999.0 -9999.0 -9999.0 -9999.0 -770.876189 -771.313112 -774.482127 -778.919517 -783.281716 -782.372912 -776.745412 -783.310989 -784.435873 -780.808607 -782.096633 -776.185618 -770.318288 -764.003010 -760.391189 -763.937064 -760.482623 -757.519665 -753.333572 -745.000909 -727.989599 -711.432116 -702.598863 -690.506002 -675.273626 -679.695520 -682.568119 -682.295445 -684.717856 -678.365588 -658.943620 -657.492338 -659.543701 -639.395663 -626.842945 -625.792751 -622.890316 -607.396753 -585.348187 -557.735127
-9999.0 -9999.0 -9999.0 -9999.0 -9999.0 -9999.0 -9999.0 -9999.0 -9999.0 -9999.0 -9999.0 -9999.0 -9999.0 -782.235917 -782.263753 -779.387984 -787.264752 -794.291055 -797.916962 -802.629971 -791.597848 -796.198353 -796.128879 -792.616239 -782.732761 -780.010602 -776.382772 -768.707738 -767.115611 -766.398571 -765.510067 -766.247577 -756.180050 -745.433398 -735.635383 -720.845827 -706.687463 -693.189490 -677.139900 -668.570931 -657.793064 -657.090870 -662.501656 -663.030780 -655.800337 -637.247156 -620.206295 -609.845897 -585.783983 -559.881364 -544.197283 -528.518122 -518.643881 -505.262915 -479.380220 -424.794170
-9999.0 -9999.0 -9999.0 -9999.0 -9999.0 -9999.0 -9999.0 -9999.0 -9999.0 -9999.0 -804.767977 -798.913201 -807.716255 -822.727589 -828.357462 -822.340653 -815.863806 -819.601136 -816.575133 -796.965318 -784.970736 -796.667032 -783.848041 -780.805984 -783.801674 -779.022862 -771.393411 -766.160127 -752.838207 -747.703561 -742.348049 -723.711079 -714.195811 -704.452026 -693.079545 -680.356460 -666.693853 -639.844925 -616.509702 -608.458300 -583.460648 -567.784352 -575.331486 -577.510712 -571.563962 -551.274785 -520.688852 -482.169207 -446.338133 -403.915430 -371.974075 -352.386157 -338.470465 -322.938937 -304.849528 -275.893339
-9999.0 -9999.0 -9999.0 -9999.0 -9999.0 -9999.0 -9999.0 -9999.0 -831.739217 -821.519006 -814.826420 -822.463906 -833.018835 -851.130000 -841.740925 -831.960253 -824.169741 -814.166820 -807.476472 -800.590514 -799.301857 -789.807329 -775.797604 -773.988994 -769.092456 -758.968980 -753.677546 -742.541734 -727.993951 -723.683414 -711.622189 -696.456702 -682.843021 -670.514602 -657.406442 -645.266488 -618.603638 -585.357841 -551.176031 -521.542021 -485.378159 -448.098821 -445.443485 -438.931250 -429.627606 -388.839148 -346.221842 -308.293423 -278.767628 -252.998485 -227.106074 -212.453839 -202.537616 -190.287871 -175.276498 -161.399667
-9999.0 -9999.0 -9999.0 -9999.0 -9999.0 -9999.0 -850.554734 -825.560057 -813.354872 -837.223670 -856.443142 -863.196435 -874.567345 -847.570337 -823.629734 -816.451343 -810.017513 -802.795140 -800.348514 -806.530138 -771.831512 -772.605591 -771.196317 -757.161912 -751.987393 -745.572571 -734.457768 -716.220128 -701.591204 -672.182084 -647.441604 -625.423116 -601.924738 -585.029959 -568.153859 -548.296708 -509.367675 -456.948168 -400.840156 -356.995779 -321.895538 -290.147156 -278.730265 -272.364323 -264.569015 -249.091348 -222.836748 -195.178620 -163.412072 -133.183483 -110.402398 -99.743266 -90.127665 -79.175718 -65.770389 -51.320636
-9999.0 -9999.0 -9999.0 -9999.0 -844.310280 -836.455902 -836.971774 -813.923207 -798.212721 -825.309572 -814.618978 -819.141957 -828.028645 -837.830558 -848.444576 -834.867467 -824.986804 -816.537746 -811.617123 -776.027953 -743.976573 -747.820157 -728.548804 -700.804367 -697.221279 -688.964142 -680.812634 -663.774012 -638.679054 -607.995639 -557.232385 -509.653573 -475.101638 -441.485632 -410.118675 -374.878800 -333.761575 -292.450326 -259.076082 -228.407513 -200.465585 -177.761318 -162.935292 -154.370134 -143.774429 -130.870176 -113.188032 -88.224110 -59.366077 -25.332273 0.562673 15.873693 23.942406 33.951219 46.101522 63.323110
-9999.0 -9999.0 -9999.0 -864.482146 -837.500738 -824.655728 -829.801663 -820.246391 -799.508365 -811.274781 -811.700921 -812.138331 -811.513766 -808.719470 -806.470542 -796.926617 -791.616615 -790.499111 -779.744421 -753.144811 -731.914765 -707.136359 -685.034003 -660.015074 -640.399894 -628.794123 -616.074884 -592.579384 -547.749555 -495.817251 -420.167795 -347.772129 -303.361603 -277.503067 -260.033791 -237.866816 -216.281874 -185.325477 -154.913878 -126.208536 -97.461230 -73.333662 -51.566123 -38.930062 -30.948299 -23.337155 -4.710770 16.500300 40.626191 83.024099 112.569494 132.458431 143.213532 150.362222 163.932305 177.644510
-9999.0 -9999.0 -865.684061 -848.784033 -853.318906 -830.599840 -805.985410 -809.250947 -782.890254 -771.165269 -783.674398 -769.421208 -759.635563 -764.420942 -752.698690 -740.331645 -733.003324 -740.484412 -740.945706 -711.451290 -662.248158 -619.458676 -586.361175 -517.695614 -477.171983 -450.950311 -435.263544 -400.300297 -356.726461 -304.917848 -258.846284 -214.385705 -177.613520 -148.751483 -135.836397 -120.488531 -97.930373 -74.395628 -45.142921 -17.831206 9.143079 34.026022 60.053967 88.197359 92.712756 94.789294 125.543101 146.208403 166.110756 185.658084 201.694561 203.654270 204.171640 204.630035 205.448029 206.035957
-9999.0 -9999.0 -884.009349 -857.241820 -867.044131 -825.082346 -785.353112 -799.093179 -779.142041 -744.137374 -742.004722 -730.495868 -722.975325 -711.996656 -693.912875 -670.089244 -674.638584 -676.190946 -687.868373 -631.562793 -573.117177 -487.051999 -380.027978 -313.895545 -277.078212 -269.219912 -263.784582 -248.299239 -225.427788 -184.415969 -134.980282 -83.486145 -41.527351 -13.762573 0.109539 14.679555 36.925701 72.464370 89.733250 119.676053 137.743639 156.597296 177.747157 196.825152 203.047770 202.548533 203.039201 203.995732 204.980208 205.035820 204.930102 201.494392 199.779629 201.210137 202.520947 197.724324
-9999.0 -897.002970 -881.237987 -875.609098 -845.883642 -841.408790 -800.652881 -751.546329 -735.416731 -711.567474 -698.593680 -695.706024 -636.051180 -583.950653 -558.716686 -522.875399 -531.415784 -539.748499 -554.019064 -502.753103 -418.231694 -309.020683 -204.396692 -155.260169 -129.912861 -127.492108 -131.038485 -118.509105 -94.674439 -55.689883 11.244815 74.715919 116.209193 144.861613 154.169367 156.818032 170.429364 188.051261 201.880613 206.219257 207.666975 208.549324 205.022893 205.596038 205.805113 205.621710 202.241503 196.195385 187.981883 179.294982 175.001381 169.302700 161.678669 174.732863 177.072541 169.924177
-9999.0 -938.060279 -884.792148 -853.034214 -855.095486 -857.570853 -781.514970 -687.322778 -685.095171 -672.628040 -656.041463 -602.493123 -491.714635 -403.782480 -358.626839 -319.079982 -320.818771 -332.276252 -330.575987 -295.338263 -243.130901 -169.165610 -60.562501 8.733227 3.730460 6.005436 10.644051 31.066874 60.970734 96.633248 153.055195 184.070182 192.160902 194.808929 195.760707 196.087539 196.723969 197.232498 194.349801 190.984234 186.422818 186.564544 190.238248 189.933623 186.728477 181.664415 174.990127 166.449875 156.593791 134.926876 126.624094 121.110744 117.141582 119.250676 115.691637 109.298581
-9999.0 -900.056277 -843.642626 -852.755475 -885.883604 -811.824551 -762.657204 -679.969433 -618.323034 -601.234239 -537.439588 -409.375702 -311.578276 -244.928964 -207.856845 -187.772996 -175.791334 -177.805223 -157.578749 -109.078846 -34.513152 61.576657 110.191442 156.362084 130.351634 111.205884 101.276551 101.411036 106.730708 117.725202 139.375278 169.581859 181.832762 186.176908 185.109974 180.302048 175.098989 167.395548 162.341405 158.701274 151.449741 151.316050 157.809095 157.978388 151.084706 130.949939 120.984304 112.398945 102.921414 90.374322 83.204357 77.518526 74.203865 69.880197 64.938919 58.589806
-9999.0 -976.361636 -887.349175 -951.170405 -851.389147 -768.093121 -743.142743 -629.107214 -517.834412 -462.336701 -341.882011 -255.930834 -183.166884 -133.372472 -97.240654 -58.975749 -32.803433 -6.104541 28.969276 61.722065 142.612734 174.545605 180.072714 179.410439 159.316086 117.909740 97.023798 75.740000 68.043233 68.456312 82.287858 107.116028 137.684289 150.192968 146.065521 127.926148 121.985142 116.838506 112.861178 104.738642 96.406271 91.271269 91.064250 95.750832 87.983775 78.718872 69.708175 60.011488 49.678705 39.534564 30.437767 22.718151 19.086082 13.176101 11.506745 4.442806
-9999.0 -1038.534574 -967.386508 -918.551584 -833.698227 -770.881605 -704.832875 -587.428916 -412.064490 -309.066878 -233.166262 -194.172305 -138.578539 -79.914620 -22.089329 9.635154 26.690312 33.859883 42.889697 54.652530 54.825056 86.805459 104.862571 121.671731 96.048446 77.974110 59.750068 45.599229 40.065759 43.409822 49.627115 58.818393 68.444262 71.480368 67.964479 64.055506 65.201802 58.835282 51.385989 44.249202 37.697538 30.254559 25.176870 22.113906 18.532286 15.863146 7.121418 -3.965813 -14.970979 -23.778982 -32.259596 -38.832081 -41.254956 -45.771196 -51.611659 -61.503351
-9999.0 -1194.963655 -948.027760 -921.826512 -868.097492 -840.904332 -801.625727 -690.249801 -548.521366 -327.275635 -179.811952 -157.022509 -136.927283 -101.729228 -46.622578 3.918396 9.859550 -17.557482 -38.233059 -45.150093 -34.151293 -13.112961 4.581132 22.305262 26.406899 25.351748 19.768538 9.609812 -2.420155 -6.850454 -6.704502 -9.310935 -10.614769 -8.803380 -10.413055 -7.059501 -4.986610 -14.251458 -25.974141 -39.667266 -51.698450 -60.665668 -63.894172 -63.785708 -65.046612 -68.764569 -76.335447 -86.223986 -98.022511 -108.628019 -116.708726 -122.329452 -127.957225 -135.565867 -144.052462 -153.358619
-9999.0 -9999.0 -1052.062390 -923.407147 -905.714540 -880.732049 -849.573975 -758.840392 -658.236393 -462.833642 -334.259987 -264.980893 -225.425956 -191.149496 -144.178868 -103.450043 -96.736784 -89.843562 -112.900725 -111.306229 -103.861938 -94.591630 -82.381071 -70.271035 -61.047414 -56.266704 -53.745700 -56.219241 -64.347554 -76.639477 -90.219375 -100.097256 -105.999234 -110.468926 -103.915034 -94.809767 -96.537311 -102.786576 -113.187500 -126.813619 -138.311166 -149.843910 -152.986099 -152.270940 -152.559506 -155.548265 -160.576265 -171.949263 -183.545261 -195.280422 -200.989161 -206.584574 -212.081769 -221.637235 -231.471164 -242.567845
-9999.0 -9999.0 -1227.276944 -988.247829 -906.233158 -853.297493 -852.566945 -830.743397 -723.547123 -655.362362 -571.660154 -481.424014 -399.688024 -340.940578 -303.828328 -264.117352 -246.056399 -237.754463 -235.147301 -224.022093 -206.058804 -188.600115 -176.340164 -164.981815 -154.377935 -145.832425 -138.761319 -147.668620 -156.733276 -170.168198 -186.790778 -205.003825 -214.761340 -220.066818 -216.447911 -210.092060 -214.373382 -223.135108 -235.262123 -249.275356 -260.132618 -270.405796 -273.573314 -274.956595 -275.411305 -277.723903 -280.863982 -289.823682 -302.063119 -312.163196 -321.123275 -329.151607 -334.307975 -344.530982 -357.923000 -369.752545
