tests/Borden05m/data_simulated/sim_1/output-maps/psiliqL0007N0017.asc
ncols         160
nrows         34
xllcorner     620200.000000
yllcorner     5168000.000000
cellsize      0.500000
NODATA_value  -9999.0
[rows 0 to 24 of 34, columns 0 to 56 of 160]
-9999.0 -9999.0 -9999.0 -9999.0 -9999.0 -9999.0 -9999.0 -9999.0 -9999.0 -9999.0 -9999.0 -9999.0 -9999.0 -9999.0 -9999.0 -9999.0 -9999.0 -9999.0 -9999.0 -9999.0 -9999.0 -9999.0 -9999.0 -9999.0 -9999.0 -9999.0 -9999.0 -9999.0 -9999.0 -9999.0 -9999.0 -9999.0 -9999.0 -9999.0 -9999.0 -9999.0 -9999.0 -9999.0 -9999.0 -9999.0 -9999.0 -9999.0 -9999.0 -9999.0 -9999.0 -9999.0 -9999.0 -9999.0 -9999.0 -9999.0 -9999.0 -9999.0 -9999.0 -9999.0 -9999.0 -9999.0 -9999.0
-9999.0 -9999.0 -9999.0 -9999.0 -9999.0 -9999.0 -9999.0 -9999.0 -9999.0 -9999.0 -9999.0 -9999.0 -9999.0 -9999.0 -9999.0 -9999.0 -9999.0 -9999.0 -9999.0 -9999.0 -9999.0 -9999.0 -9999.0 -9999.0 -9999.0 -9999.0 -9999.0 -9999.0 -9999.0 -9999.0 -9999.0 -9999.0 -9999.0 -9999.0 -9999.0 -9999.0 -9999.0 -9999.0 -9999.0 -9999.0 -9999.0 -9999.0 -9999.0 -9999.0 -9999.0 -9999.0 -9999.0 -9999.0 -9999.0 -9999.0 -9999.0 -9999.0 -9999.0 -9999.0 -9999.0 -9999.0 -9999.0
-9999.0 -9999.0 -9999.0 -9999.0 -9999.0 -9999.0 -9999.0 -9999.0 -9999.0 -9999.0 -9999.0 -9999.0 -9999.0 -9999.0 -9999.0 -9999.0 -9999.0 -9999.0 -9999.0 -9999.0 -9999.0 -9999.0 -9999.0 -9999.0 -9999.0 -9999.0 -9999.0 -9999.0 -9999.0 -9999.0 -9999.0 -9999.0 -9999.0 -9999.0 -9999.0 -9999.0 -9999.0 -9999.0 -9999.0 -9999.0 -9999.0 -9999.0 -9999.0 -9999.0 -9999.0 -9999.0 -9999.0 -519.565671 -537.229097 -554.435246 -556.030077 -533.169412 -510.019389 -486.639858 -466.432363 -447.974796 -429.095745
-9999.0 -9999.0 -9999.0 -9999.0 -9999.0 -9999.0 -9999.0 -9999.0 -9999.0 -9999.0 -9999.0 -9999.0 -9999.0 -9999.0 -9999.0 -9999.0 -9999.0 -9999.0 -9999.0 -9999.0 -9999.0 -9999.0 -9999.0 -9999.0 -9999.0 -9999.0 -9999.0 -9999.0 -9999.0 -9999.0 -9999.0 -9999.0 -9999.0 -9999.0 -9999.0 -9999.0 -9999.0 -9999.0 -9999.0 -9999.0 -471.982214 -466.208091 -464.561633 -475.717464 -487.239266 -499.065716 -519.055424 -537.117517 -553.121397 -556.292018 -553.920595 -548.129001 -525.044516 -501.179959 -482.071903 -464.815303 -445.908526
-9999.0 -9999.0 -9999.0 -9999.0 -9999.0 -9999.0 -9999.0 -9999.0 -9999.0 -9999.0 -9999.0 -9999.0 -9999.0 -9999.0 -9999.0 -9999.0 -9999.0 -9999.0 -9999.0 -9999.0 -9999.0 -9999.0 -9999.0 -9999.0 -9999.0 -9999.0 -9999.0 -9999.0 -9999.0 -9999.0 -9999.0 -9999.0 -9999.0 -9999.0 -563.339960 -545.788647 -527.877388 -509.865123 -493.579600 -487.252316 -481.483661 -475.769473 -479.943930 -485.052943 -496.605002 -515.208407 -535.229087 -549.909456 -552.977703 -555.904069 -551.700636 -538.665643 -522.304349 -506.071039 -485.445549 -462.784060 -453.942849
-9999.0 -9999.0 -9999.0 -9999.0 -9999.0 -9999.0 -9999.0 -9999.0 -9999.0 -9999.0 -9999.0 -9999.0 -9999.0 -9999.0 -9999.0 -9999.0 -9999.0 -9999.0 -9999.0 -9999.0 -9999.0 -9999.0 -9999.0 -9999.0 -9999.0 -9999.0 -9999.0 -9999.0 -558.002203 -564.109506 -569.594053 -571.406130 -573.019550 -574.563440 -567.772246 -555.494599 -537.279242 -516.150360 -503.749296 -496.937976 -490.735809 -490.171928 -495.186847 -497.748219 -497.925386 -509.843275 -521.745792 -532.928085 -543.691425 -545.038054 -535.731080 -522.302881 -506.739326 -492.408476 -477.548554 -464.173570 -449.361123
-9999.0 -9999.0 -9999.0 -9999.0 -9999.0 -9999.0 -9999.0 -9999.0 -9999.0 -9999.0 -9999.0 -9999.0 -9999.0 -9999.0 -9999.0 -9999.0 -9999.0 -9999.0 -9999.0 -9999.0 -9999.0 -9999.0 -9999.0 -586.570735 -580.508864 -574.248046 -567.198366 -566.613345 -571.278853 -577.310536 -580.904521 -582.868909 -584.748273 -580.732635 -572.480893 -558.983317 -543.306769 -522.109528 -513.864930 -507.359358 -495.139878 -493.454297 -489.395119 -485.803220 -488.055221 -490.980354 -503.039546 -511.972739 -506.214804 -500.193990 -494.278491 -487.364096 -474.866109 -459.418168 -441.673822 -420.838077 -398.821671
-9999.0 -9999.0 -9999.0 -9999.0 -9999.0 -9999.0 -9999.0 -9999.0 -9999.0 -9999.0 -9999.0 -9999.0 -9999.0 -9999.0 -9999.0 -9999.0 -9999.0 -9999.0 -9999.0 -610.959996 -610.341106 -609.651272 -605.370472 -604.554318 -602.517195 -595.756339 -587.902240 -586.246194 -588.111685 -590.234423 -589.070800 -586.807347 -583.075117 -571.822903 -558.264932 -544.447353 -530.525860 -510.032553 -495.639951 -481.912956 -466.038093 -468.091386 -473.170661 -475.925953 -475.954019 -475.572282 -469.136339 -465.322403 -459.963316 -453.874636 -446.803440 -438.253644 -427.854049 -409.132825 -388.131895 -366.523906 -345.292419
-9999.0 -9999.0 -9999.0 -9999.0 -9999.0 -9999.0 -9999.0 -9999.0 -9999.0 -9999.0 -9999.0 -9999.0 -9999.0 -9999.0 -9999.0 -9999.0 -638.813168 -637.150780 -635.356698 -630.296630 -628.240427 -624.621346 -618.112107 -617.461372 -613.907451 -607.163389 -602.486309 -594.427814 -587.046447 -580.080655 -574.556724 -572.282328 -564.830474 -555.492318 -543.902178 -528.417020 -506.684641 -484.461992 -468.506869 -452.209099 -435.783004 -435.990417 -437.683291 -437.017456 -436.378892 -427.927772 -409.160753 -402.507710 -398.012605 -377.560641 -362.252945 -356.095209 -348.206048 -328.994137 -302.591510 -270.851697 -231.696016
-9999.0 -9999.0 -9999.0 -9999.0 -9999.0 -9999.0 -9999.0 -9999.0 -9999.0 -9999.0 -9999.0 -9999.0 -9999.0 -682.247450 -678.264593 -669.479565 -661.941927 -660.137220 -656.703818 -651.503761 -639.719572 -636.634847 -630.799856 -623.531577 -612.667048 -604.601239 -595.737613 -584.354294 -576.247681 -569.439071 -562.666953 -556.111771 -542.519274 -527.309046 -511.540137 -491.477976 -470.219192 -449.099027 -427.799239 -412.856088 -398.282312 -394.250573 -396.493814 -395.081424 -386.320722 -366.512562 -345.356559 -329.620584 -303.752538 -275.711951 -257.327205 -240.637094 -228.588061 -212.672390 -186.191068 -140.174555 -94.320764
-9999.0 -9999.0 -9999.0 -9999.0 -9999.0 -9999.0 -9999.0 -9999.0 -9999.0 -9999.0 -717.738022 -715.197970 -718.868781 -718.019685 -713.837041 -702.400974 -689.771833 -683.145842 -672.471585 -652.475240 -635.967204 -632.927884 -618.393530 -608.944733 -602.870943 -592.512021 -579.736274 -567.001918 -549.836695 -537.435450 -524.774485 -503.961242 -487.749335 -471.669251 -454.249506 -434.694483 -412.985111 -381.354860 -352.309715 -336.027426 -308.764957 -291.382473 -293.982110 -293.161739 -283.724483 -261.259061 -230.053855 -193.987608 -162.150684 -126.826296 -99.611189 -81.353460 -67.866385 -52.664845 -34.655266 -2.094901 36.189314
-9999.0 -9999.0 -9999.0 -9999.0 -9999.0 -9999.0 -9999.0 -9999.0 -741.327912 -734.829895 -728.669811 -731.956738 -737.029188 -740.351286 -727.916950 -712.518715 -697.046445 -680.679523 -665.217224 -647.951580 -632.671681 -616.369902 -597.627582 -586.178527 -574.650860 -559.883663 -546.529783 -528.663270 -507.570046 -492.539800 -472.948656 -450.843827 -430.835242 -412.408592 -393.414683 -373.814845 -341.941065 -302.921117 -264.108242 -231.629330 -195.620818 -162.812884 -159.126852 -153.092602 -144.596920 -111.021892 -73.448238 -37.384299 -6.393443 23.284635 52.674048 69.328135 80.164550 93.128926 108.826947 124.345426 147.845675
-9999.0 -9999.0 -9999.0 -9999.0 -9999.0 -9999.0 -766.326738 -742.498013 -728.097158 -736.100180 -743.944492 -747.405674 -750.979078 -733.302006 -712.570237 -696.322787 -680.214524 -663.494892 -647.787907 -633.014855 -597.740321 -582.204263 -567.450728 -547.511238 -534.013025 -520.457483 -503.359899 -479.713709 -455.982653 -421.683466 -389.154545 -359.142897 -329.537709 -306.445079 -284.109679 -259.285568 -218.756936 -169.807016 -121.993736 -83.410072 -50.219754 -17.984180 -6.410373 0.851817 10.136227 28.754102 58.333475 88.250044 122.004084 153.800164 178.142343 189.492959 199.522939 210.758734 224.335535 238.363414 253.815186
-9999.0 -9999.0 -9999.0 -9999.0 -799.300413 -778.590540 -758.129220 -727.536395 -705.231432 -711.062868 -703.856829 -703.461825 -704.883020 -703.153501 -698.228375 -680.867754 -663.917448 -646.861017 -628.293900 -589.898380 -549.039945 -532.339211 -504.995493 -472.677048 -458.537997 -443.661504 -428.044620 -403.852254 -371.323521 -331.487924 -276.164315 -225.804430 -189.890781 -158.377740 -130.418563 -99.895675 -61.509168 -20.190382 17.616605 52.213126 82.483431 106.876909 122.007696 130.850652 142.243886 156.413653 175.477271 201.390129 230.834670 263.741946 289.495089 304.667292 312.836712 323.043904 334.875175 350.158051 368.435329
-9999.0 -9999.0 -9999.0 -845.154484 -807.013374 -770.779490 -743.423386 -712.771027 -681.678039 -675.119578 -667.339363 -660.727420 -653.869132 -645.135243 -635.003088 -619.288395 -606.219861 -594.838112 -574.478111 -537.809079 -501.065200 -465.201353 -431.150699 -397.282422 -371.337643 -353.496950 -334.744354 -306.281109 -259.168271 -207.793492 -142.264877 -77.397650 -33.682929 -5.840148 15.177949 40.934333 64.949664 98.485224 131.401978 162.135780 192.088997 216.660993 237.816164 248.488417 256.982680 265.327668 283.260297 304.594960 327.409089 359.929328 388.526663 409.544547 421.244431 429.280116 443.621606 458.258129 470.607534
-9999.0 -9999.0 -891.066604 -854.638696 -819.164392 -767.255629 -715.179388 -682.333446 -641.815047 -616.431445 -609.342270 -590.312795 -573.108497 -564.393391 -547.032250 -529.541398 -517.511102 -515.204005 -503.684801 -465.981438 -408.770549 -353.513969 -310.949889 -244.462925 -203.362392 -175.634639 -158.124692 -126.986582 -87.741721 -37.711572 14.085896 63.779776 103.253902 133.980294 148.440840 165.238107 188.162361 211.027735 241.437419 269.461548 297.224311 322.280273 346.381099 362.041429 367.392975 378.702482 402.181461 424.190034 445.263983 465.737086 480.319477 484.042735 485.637045 486.858696 488.498906 489.762158 490.500454
-9999.0 -9999.0 -915.377947 -871.880628 -828.400850 -757.248873 -683.120210 -645.527605 -602.518632 -558.642477 -539.444702 -515.849407 -494.748515 -474.037261 -449.257342 -423.941685 -420.457547 -418.060257 -418.091317 -359.807254 -291.779102 -210.054656 -121.391547 -54.981490 -14.163587 -3.814418 3.989295 22.649258 48.455081 92.914089 144.878547 197.290430 240.643199 269.611901 284.241677 299.546862 320.378930 344.062268 361.987660 394.015807 413.946318 434.560909 457.272666 476.829240 483.882352 484.557333 482.997541 485.773658 487.662150 488.368460 488.338456 485.005116 483.729992 484.960196 486.262290 481.406663 474.460962
-9999.0 -1000.725731 -949.114776 -894.623120 -823.511392 -753.433840 -666.221801 -584.841413 -536.414465 -495.184925 -466.392891 -443.586957 -382.644151 -326.906332 -295.446892 -261.452297 -263.603630 -266.144741 -272.641326 -221.460438 -149.948567 -48.832026 65.431495 117.384912 145.568224 147.370524 143.286951 156.929368 182.881476 224.663383 289.919121 340.625122 385.837148 417.746190 428.864693 432.905377 447.907536 466.365658 476.586242 484.276295 487.383794 489.990353 487.880214 489.008357 489.375921 489.024318 485.691905 479.298505 470.723692 462.897738 457.578227 451.927193 451.483999 457.207523 458.940675 451.637067 441.711266
-9999.0 -1034.162755 -973.610927 -900.644851 -828.170612 -747.792617 -632.205085 -506.821157 -461.585057 -426.835908 -392.599489 -334.436001 -232.868715 -151.899419 -108.345084 -66.206518 -68.003423 -78.445817 -77.745848 -39.244167 19.260624 96.540892 213.648285 286.185887 288.200441 292.324938 297.381723 319.002572 350.247500 384.609739 424.099169 452.446472 466.409343 472.415279 474.670870 475.646439 477.216679 478.193846 475.844616 472.686736 468.304473 468.695154 472.666914 472.411115 468.891362 463.930122 457.021005 447.993678 439.087650 427.254676 420.632881 415.560572 412.608704 413.552611 409.674595 403.296836 392.667566
-9999.0 -1056.372069 -987.943141 -921.468173 -844.684209 -716.006410 -594.836442 -467.467923 -377.489682 -334.550928 -270.324404 -162.009920 -59.566736 21.934200 65.326501 87.678924 98.842355 94.301104 113.125732 161.933583 232.163099 314.909137 371.793971 422.850036 416.016534 404.526500 393.532584 396.056457 402.842308 412.440175 428.161319 445.011934 458.433305 464.393565 464.068548 460.107345 455.083275 447.510655 442.644691 439.344367 434.827486 434.722335 438.637487 438.745204 433.399634 422.807775 414.535101 406.296359 397.330296 386.621599 380.031649 374.514363 371.343378 366.750204 361.792360 355.389819 342.019338
-9999.0 -1139.037623 -1056.694064 -992.315641 -850.818013 -688.473756 -565.596256 -409.499165 -267.162545 -201.162251 -92.093461 10.784375 95.519646 152.352863 190.340079 229.540101 256.380098 282.827475 318.054350 336.746359 396.169179 434.598230 445.469962 446.216583 429.014962 410.159164 393.714951 373.235134 365.531358 365.289146 377.192027 397.247036 415.915234 426.907118 424.500403 418.299968 414.684063 410.030735 406.178808 398.157001 390.281644 385.062595 384.281118 388.940967 381.765971 374.398830 365.955339 356.389581 346.183342 336.399120 327.404036 319.707364 316.091025 310.127637 308.364817 300.953996 275.439601
-9999.0 -1219.651904 -1140.080229 -1030.549279 -874.251987 -711.432113 -559.448942 -382.718344 -172.916141 -55.739996 39.109289 88.683421 150.412038 210.792062 269.606308 303.628734 321.953264 329.849177 336.112292 347.546680 338.711814 351.159495 370.657380 389.172493 382.860946 372.370242 356.435911 343.066887 337.566972 340.657165 346.133531 353.724862 360.765817 363.136962 360.194084 358.660097 360.707332 354.452864 346.843550 339.553087 332.886573 325.277967 320.051833 316.841436 313.592655 311.304978 302.648677 291.514594 280.398527 271.515068 262.995891 256.429276 253.834182 249.093103 242.722647 232.171552 206.181831
-9999.0 -1302.627326 -1189.760980 -1083.575902 -943.054127 -801.855838 -661.385756 -488.882130 -313.396050 -83.320219 83.044857 123.422164 148.862025 188.866258 245.134471 298.374592 304.177464 276.862498 254.736085 247.044821 257.107193 274.861117 292.108496 310.325134 318.366155 319.552271 315.240171 305.504616 293.315294 288.330093 287.730355 284.329970 282.360634 283.987789 283.056454 287.323834 289.478644 280.229776 268.253292 254.079684 241.603790 232.236249 228.965922 229.193355 228.031623 224.187310 216.552456 206.307413 194.102531 183.011302 174.793169 168.969951 162.869978 154.522657 145.156749 134.636765 110.544860
-9999.0 -9999.0 -1257.261029 -1144.431898 -1025.891983 -895.256439 -762.821770 -602.743109 -441.597076 -230.511332 -97.386558 -5.237872 45.413404 84.189816 133.817827 178.157287 187.405421 196.760432 175.111495 177.776940 185.703218 194.747832 206.811810 218.899386 228.866198 234.418614 237.703753 235.172648 226.806378 213.694096 199.124839 188.614046 182.590553 178.010196 185.360289 195.083950 193.152471 186.694467 175.762220 161.374059 149.140857 136.716043 133.164575 133.644751 133.243887 130.001469 124.700719 112.482445 100.017056 87.624283 81.531771 75.430797 69.459349 58.920430 47.841672 35.055251 12.081691
-9999.0 -9999.0 -1338.333848 -1226.035204 -1102.519115 -974.974454 -863.965582 -747.859161 -585.642622 -458.097227 -348.079666 -248.939929 -164.882675 -103.863411 -59.888886 -9.357522 15.754033 27.011679 33.604705 49.373771 70.461192 90.887934 105.004684 117.166342 128.702556 138.271490 145.715136 136.039011 126.327796 111.904558 94.011335 74.583026 64.325506 59.254941 63.003728 69.532899 64.793310 55.222202 41.622880 25.768059 12.914846 0.781228 -3.408829 -5.599079 -6.531939 -9.475981 -13.263095 -23.229929 -36.103381 -45.975855 -54.853274 -62.514309 -67.247649 -76.620595 -88.755375 -99.033884 -123.044317
