tests/Borden05m/data_simulated/sim_1/output-maps/psiliqL0001N0019.asc
ncols         160
nrows         34
xllcorner     620200.000000
yllcorner     5168000.000000
cellsize      0.500000
NODATA_value  -9999.0
[rows 0 to 24 of 34, columns 0 to 55 of 160]
-9999.0 -9999.0 -9999.0 -9999.0 -9999.0 -9999.0 -9999.0 -9999.0 -9999.0 -9999.0 -9999.0 -9999.0 -9999.0 -9999.0 -9999.0 -9999.0 -9999.0 -9999.0 -9999.0 -9999.0 -9999.0 -9999.0 -9999.0 -9999.0 -9999.0 -9999.0 -9999.0 -9999.0 -9999.0 -9999.0 -9999.0 -9999.0 -9999.0 -9999.0 -9999.0 -9999.0 -9999.0 -9999.0 -9999.0 -9999.0 -9999.0 -9999.0 -9999.0 -9999.0 -9999.0 -9999.0 -9999.0 -9999.0 -9999.0 -9999.0 -9999.0 -9999.0 -9999.0 -9999.0 -9999.0 -9999.0
-9999.0 -9999.0 -9999.0 -9999.0 -9999.0 -9999.0 -9999.0 -9999.0 -9999.0 -9999.0 -9999.0 -9999.0 -9999.0 -9999.0 -9999.0 -9999.0 -9999.0 -9999.0 -9999.0 -9999.0 -9999.0 -9999.0 -9999.0 -9999.0 -9999.0 -9999.0 -9999.0 -9999.0 -9999.0 -9999.0 -9999.0 -9999.0 -9999.0 -9999.0 -9999.0 -9999.0 -9999.0 -9999.0 -9999.0 -9999.0 -9999.0 -9999.0 -9999.0 -9999.0 -9999.0 -9999.0 -9999.0 -9999.0 -9999.0 -9999.0 -9999.0 -9999.0 -9999.0 -9999.0 -9999.0 -9999.0
-9999.0 -9999.0 -9999.0 -9999.0 -9999.0 -9999.0 -9999.0 -9999.0 -9999.0 -9999.0 -9999.0 -9999.0 -9999.0 -9999.0 -9999.0 -9999.0 -9999.0 -9999.0 -9999.0 -9999.0 -9999.0 -9999.0 -9999.0 -9999.0 -9999.0 -9999.0 -9999.0 -9999.0 -9999.0 -9999.0 -9999.0 -9999.0 -9999.0 -9999.0 -9999.0 -9999.0 -9999.0 -9999.0 -9999.0 -9999.0 -9999.0 -9999.0 -9999.0 -9999.0 -9999.0 -9999.0 -9999.0 -617.140591 -620.215396 -623.910762 -624.895734 -620.772730 -618.876707 -617.093796 -615.868402 -614.714829
-9999.0 -9999.0 -9999.0 -9999.0 -9999.0 -9999.0 -9999.0 -9999.0 -9999.0 -9999.0 -9999.0 -9999.0 -9999.0 -9999.0 -9999.0 -9999.0 -9999.0 -9999.0 -9999.0 -9999.0 -9999.0 -9999.0 -9999.0 -9999.0 -9999.0 -9999.0 -9999.0 -9999.0 -9999.0 -9999.0 -9999.0 -9999.0 -9999.0 -9999.0 -9999.0 -9999.0 -9999.0 -9999.0 -9999.0 -9999.0 -617.235307 -615.808672 -614.637494 -616.722054 -617.630734 -617.521112 -619.720520 -622.244252 -624.832724 -624.081168 -624.027966 -625.779992 -622.916917 -620.595974 -619.740517 -618.999782
-9999.0 -9999.0 -9999.0 -9999.0 -9999.0 -9999.0 -9999.0 -9999.0 -9999.0 -9999.0 -9999.0 -9999.0 -9999.0 -9999.0 -9999.0 -9999.0 -9999.0 -9999.0 -9999.0 -9999.0 -9999.0 -9999.0 -9999.0 -9999.0 -9999.0 -9999.0 -9999.0 -9999.0 -9999.0 -9999.0 -9999.0 -9999.0 -9999.0 -9999.0 -623.931424 -621.286653 -620.080163 -618.927591 -617.215901 -617.763949 -618.230602 -616.978138 -618.095067 -618.175134 -619.593717 -622.204346 -624.831552 -626.310789 -624.784249 -625.297778 -625.284374 -623.929696 -623.070618 -622.712815 -620.796068 -617.738778
-9999.0 -9999.0 -9999.0 -9999.0 -9999.0 -9999.0 -9999.0 -9999.0 -9999.0 -9999.0 -9999.0 -9999.0 -9999.0 -9999.0 -9999.0 -9999.0 -9999.0 -9999.0 -9999.0 -9999.0 -9999.0 -9999.0 -9999.0 -9999.0 -9999.0 -9999.0 -9999.0 -9999.0 -620.000601 -621.039010 -621.836771 -621.788478 -622.155208 -623.574741 -623.934395 -623.651758 -622.212678 -619.913535 -619.511879 -619.781429 -619.597290 -620.138687 -621.682458 -621.849087 -620.155555 -621.753165 -622.523802 -623.573657 -626.189127 -626.817516 -625.308279 -623.862148 -622.605742 -622.280169 -622.076485 -622.002374
-9999.0 -9999.0 -9999.0 -9999.0 -9999.0 -9999.0 -9999.0 -9999.0 -9999.0 -9999.0 -9999.0 -9999.0 -9999.0 -9999.0 -9999.0 -9999.0 -9999.0 -9999.0 -9999.0 -9999.0 -9999.0 -9999.0 -9999.0 -621.822961 -620.858469 -620.494831 -619.654713 -620.083017 -622.103949 -623.394446 -623.956140 -624.416987 -625.488994 -625.613716 -625.623970 -624.918791 -624.388332 -621.984305 -623.159892 -623.905982 -621.820014 -622.328360 -620.990981 -619.437832 -619.808836 -619.483743 -622.355546 -624.493082 -622.218711 -621.293727 -621.398847 -621.908056 -621.170456 -620.152243 -618.873806 -616.687256
-9999.0 -9999.0 -9999.0 -9999.0 -9999.0 -9999.0 -9999.0 -9999.0 -9999.0 -9999.0 -9999.0 -9999.0 -9999.0 -9999.0 -9999.0 -9999.0 -9999.0 -9999.0 -9999.0 -621.790322 -622.085851 -622.672379 -622.440891 -624.343526 -625.147744 -624.595110 -623.558420 -624.171075 -625.272846 -626.233612 -626.116987 -625.985676 -626.224477 -624.756990 -623.566618 -623.162536 -623.458712 -621.558509 -620.980928 -619.884190 -617.033351 -618.908311 -620.746133 -621.712041 -621.787905 -622.310586 -620.557912 -620.014907 -619.858026 -619.999509 -619.943023 -619.533332 -619.302164 -616.974458 -614.789714 -612.933381
-9999.0 -9999.0 -9999.0 -9999.0 -9999.0 -9999.0 -9999.0 -9999.0 -9999.0 -9999.0 -9999.0 -9999.0 -9999.0 -9999.0 -9999.0 -9999.0 -622.068310 -622.228062 -622.946141 -624.106574 -625.126813 -625.146134 -624.355902 -625.781175 -626.248065 -625.923007 -626.545471 -625.835446 -625.069829 -624.147520 -623.732248 -624.752692 -624.554279 -624.691876 -624.800998 -624.305366 -622.152512 -620.170994 -619.732567 -618.293896 -615.702589 -617.205583 -617.847423 -617.770974 -618.699873 -617.862475 -613.947920 -614.555199 -616.206060 -612.051661 -609.861835 -610.647080 -611.061043 -608.407711 -604.312150 -598.872428
-9999.0 -9999.0 -9999.0 -9999.0 -9999.0 -9999.0 -9999.0 -9999.0 -9999.0 -9999.0 -9999.0 -9999.0 -9999.0 -622.425530 -622.567386 -622.361413 -624.194526 -625.617263 -626.481263 -627.688342 -626.140882 -627.243226 -627.590027 -627.318813 -625.943819 -625.911972 -625.748404 -624.871890 -625.159755 -625.575913 -625.976698 -626.809599 -625.631840 -624.459713 -623.644208 -621.942720 -620.630765 -619.577484 -617.631158 -617.278834 -615.945848 -616.418795 -618.008283 -618.361748 -617.115468 -613.438192 -610.596886 -609.521670 -604.294435 -598.740709 -595.954554 -592.351970 -590.539501 -588.011652 -581.678766 -562.396420
-9999.0 -9999.0 -9999.0 -9999.0 -9999.0 -9999.0 -9999.0 -9999.0 -9999.0 -9999.0 -625.374061 -624.417077 -625.811476 -628.371374 -629.503399 -628.909170 -628.286459 -629.249490 -629.221519 -626.494367 -624.998781 -627.556246 -625.778584 -625.747505 -626.838821 -626.551571 -625.824192 -625.695984 -623.986069 -623.911246 -623.868259 -621.059781 -620.324955 -619.541257 -618.460012 -617.288892 -616.223964 -611.842583 -608.044042 -608.075353 -602.682901 -599.170908 -601.967873 -602.947337 -602.127173 -598.000757 -591.027952 -580.497920 -569.122505 -551.448434 -533.046166 -519.079982 -507.853697 -494.395516 -478.635879 -455.916584
-9999.0 -9999.0 -9999.0 -9999.0 -9999.0 -9999.0 -9999.0 -9999.0 -629.163631 -627.675928 -626.723385 -627.903813 -629.483341 -632.333771 -631.249225 -630.175364 -629.449132 -628.373467 -627.853509 -627.424199 -628.073121 -627.127861 -625.397161 -625.858540 -625.660301 -624.517678 -624.479771 -623.429511 -621.829417 -622.529634 -621.605267 -620.097560 -618.756621 -617.570515 -616.144492 -615.266488 -610.711446 -604.531381 -597.645163 -591.370969 -582.119454 -569.776310 -569.558292 -567.124686 -564.203604 -545.048069 -515.146989 -482.017092 -457.390506 -436.507048 -413.893178 -400.759588 -391.586554 -380.051795 -365.803835 -353.052988
-9999.0 -9999.0 -9999.0 -9999.0 -9999.0 -9999.0 -631.390747 -628.079969 -626.467281 -630.190634 -633.008553 -633.941380 -635.626321 -631.983421 -628.704464 -628.085759 -627.601913 -627.023659 -627.346953 -629.468304 -624.408781 -625.791301 -626.770523 -625.185045 -625.307713 -625.177740 -624.195040 -621.948990 -620.911712 -616.361788 -612.940114 -609.935534 -605.947443 -603.396449 -600.656379 -597.329916 -588.274546 -573.278682 -550.953252 -523.853910 -494.499145 -467.449518 -457.501677 -452.324991 -446.070921 -433.909120 -410.975157 -385.412781 -355.105837 -325.883758 -303.377412 -292.626562 -283.039700 -272.260342 -259.012764 -244.461851
-9999.0 -9999.0 -9999.0 -9999.0 -629.612785 -628.873083 -629.456991 -626.554002 -624.522879 -629.057856 -627.404507 -628.179566 -629.638175 -631.456041 -633.628884 -632.053758 -631.154633 -630.551761 -630.804422 -625.831035 -621.648945 -624.327974 -622.148004 -617.983792 -618.869889 -618.399511 -618.165845 -616.207905 -612.576867 -607.895144 -597.071056 -586.292160 -577.865672 -567.117760 -555.047084 -536.431350 -504.805648 -469.284977 -442.596744 -416.076285 -390.320888 -369.080838 -354.523268 -345.954086 -335.436015 -322.954612 -306.048975 -282.037677 -255.109198 -223.785767 -194.022611 -177.425205 -168.955917 -159.012096 -146.586477 -128.464209
-9999.0 -9999.0 -9999.0 -631.575758 -628.330197 -627.141792 -628.679843 -628.075696 -625.577665 -627.959730 -628.404002 -628.763007 -628.945457 -628.868500 -629.007157 -628.082933 -627.936134 -628.679890 -628.008431 -625.023153 -623.595071 -621.029284 -619.062478 -615.971538 -613.307699 -612.262842 -610.809640 -606.979009 -597.229195 -584.802648 -559.064017 -515.099208 -477.471778 -456.188963 -442.616855 -424.050112 -404.852301 -376.134000 -347.044476 -319.113352 -290.891887 -266.915449 -244.776284 -230.853817 -222.032491 -213.276433 -196.661484 -177.066163 -156.661654 -125.700001 -62.566861 -44.457267 -34.172475 -27.582585 -15.353771 -2.885434
-9999.0 -9999.0 -631.001393 -629.166155 -630.396655 -628.029731 -625.426201 -627.240729 -624.106671 -623.029627 -626.124461 -624.258368 -623.265953 -625.141756 -623.814039 -622.349939 -621.705514 -624.135064 -625.898460 -622.244101 -614.468746 -607.872715 -603.875825 -586.698133 -575.537204 -567.778091 -563.532541 -549.242969 -522.301239 -477.779675 -440.676281 -401.685450 -367.144575 -339.413542 -327.100745 -312.362606 -289.977352 -266.132281 -237.303373 -210.653974 -183.589489 -158.469815 -131.488818 -83.543802 -79.736967 -67.562363 -50.017849 -31.282837 -13.542648 3.219648 20.223031 20.440398 20.629690 20.703711 20.422604 20.636051
-9999.0 -9999.0 -633.085331 -630.043774 -632.088409 -627.176591 -622.731102 -627.017148 -625.620708 -620.944090 -622.139752 -621.536561 -621.905752 -621.384563 -619.232995 -614.929098 -617.211260 -618.068305 -622.722260 -611.445279 -600.705593 -579.903149 -532.111611 -481.594741 -452.685940 -447.587184 -444.205876 -432.080958 -412.498342 -375.152606 -326.950672 -274.705592 -232.658244 -204.994982 -191.184241 -176.867775 -153.923292 -99.200041 -83.227210 -55.048537 -38.972487 -20.990661 -1.888097 14.557581 20.278598 20.409282 20.119938 20.324831 20.258349 20.241350 19.886484 16.817380 15.845678 16.250480 17.307120 12.711568
-9999.0 -633.762424 -632.232743 -632.096901 -628.913623 -629.802099 -625.955411 -620.450492 -620.726662 -618.774350 -618.634453 -621.480767 -610.008083 -599.688610 -595.891033 -586.390575 -590.320038 -593.276017 -599.110595 -585.816761 -556.410199 -477.246739 -388.425041 -345.311407 -326.760338 -326.522624 -330.706357 -318.630014 -293.637967 -251.672826 -180.247883 -90.455262 -54.777538 -28.811701 -21.018841 -19.733544 -7.812349 7.230294 22.731208 24.811467 24.593807 24.926374 20.217325 20.385996 20.249783 20.184365 17.401134 11.529646 4.587038 -1.711355 -5.545226 -10.041793 -7.787984 -4.604478 -3.081508 -9.917623
-9999.0 -638.373385 -632.369017 -628.775955 -630.056306 -632.283207 -623.482800 -610.587886 -615.161135 -616.504264 -616.696896 -607.312079 -577.905890 -543.608018 -514.373880 -483.200008 -484.502955 -494.764265 -492.440976 -463.789164 -420.851831 -352.029618 -250.359827 -183.921349 -194.560084 -194.239429 -190.219017 -170.103513 -139.830012 -101.633597 -11.646624 11.561190 13.810257 13.914261 13.931157 13.918517 13.969891 14.013927 10.638481 7.176386 0.584126 2.202472 6.144529 5.878270 2.457570 -0.369782 -5.487814 -13.619212 -48.231066 -63.866229 -69.427585 -73.642434 -75.511432 -75.243498 -79.414562 -86.060709
-9999.0 -633.466725 -626.685612 -628.339393 -633.703473 -625.269766 -621.789874 -612.559983 -604.991630 -606.692015 -593.539940 -544.941297 -476.164434 -426.009390 -394.089113 -375.815639 -363.368887 -363.526571 -342.351102 -294.696248 -219.253833 -99.343818 -58.849461 -12.977851 -68.121097 -91.311502 -100.215024 -101.386265 -96.570681 -84.248893 -58.543622 -3.011737 2.313027 5.260870 3.225128 0.294485 -4.132571 -11.620927 -17.035684 -21.875530 -58.475214 -58.680444 -24.149266 -24.620164 -60.466001 -70.260615 -77.271462 -85.822593 -97.935235 -108.452829 -114.133041 -118.961243 -121.694836 -126.239295 -131.460038 -137.937248
-9999.0 -641.159499 -631.558209 -639.462811 -627.651845 -617.992810 -619.238737 -603.357514 -582.439677 -571.387038 -499.249577 -436.470733 -373.470750 -327.146309 -291.415313 -253.445028 -227.581507 -200.793209 -166.255642 -126.090034 -13.044186 6.450711 6.669026 6.571063 -8.470417 -83.475882 -106.498059 -128.105004 -135.706909 -134.944418 -120.929448 -97.774734 -79.871003 -33.981317 -70.850486 -75.244985 -76.998253 -80.910927 -84.888490 -94.275239 -106.637547 -111.909254 -108.655165 -103.928812 -114.775916 -121.743024 -129.329229 -138.565929 -148.998650 -158.447945 -166.813353 -174.075196 -177.494124 -183.418919 -185.147257 -192.144438
-9999.0 -646.981685 -640.070651 -634.596900 -624.343806 -617.185501 -609.168884 -590.928607 -540.751423 -475.527034 -418.941728 -386.678734 -334.326414 -275.747419 -217.858651 -187.268437 -170.951543 -164.414751 -154.108250 -143.494318 -140.269074 -79.779275 -66.437404 -47.952851 -102.316828 -124.091011 -143.480590 -158.235090 -163.907170 -160.514669 -154.338498 -145.930889 -138.689477 -132.299648 -137.916103 -138.101557 -134.717640 -139.949546 -147.021948 -154.477226 -161.869239 -169.341881 -173.717482 -176.576327 -180.644911 -182.704171 -190.768588 -201.417722 -212.123670 -220.544451 -228.708235 -235.117349 -237.386487 -241.826636 -247.487626 -257.237528
-9999.0 -659.851989 -637.640898 -634.705375 -628.483741 -626.576070 -624.547713 -611.757788 -588.416766 -485.163890 -361.390969 -348.376934 -330.669416 -297.855202 -242.820382 -193.507315 -187.268484 -214.840138 -234.972558 -242.140049 -231.850410 -210.205141 -192.930454 -175.838306 -174.090542 -176.536928 -183.190847 -193.977231 -206.174780 -210.277266 -209.522610 -211.659267 -212.738272 -209.804440 -211.237507 -206.746344 -203.396584 -211.922636 -223.219924 -236.706027 -248.734858 -257.547873 -260.635749 -260.546084 -261.858536 -265.273256 -272.578723 -282.110132 -293.581417 -303.828919 -311.793776 -317.301131 -322.702504 -329.990304 -338.151384 -347.073170
-9999.0 -9999.0 -647.643326 -634.725508 -632.897673 -630.812203 -628.729912 -618.868125 -607.482688 -561.014512 -487.262915 -440.501662 -409.799067 -379.177783 -333.690452 -294.331155 -288.646578 -283.216274 -307.272424 -306.737108 -300.153998 -291.568340 -280.143292 -268.912522 -260.940556 -257.303492 -255.716462 -258.483648 -266.642397 -278.208521 -290.395002 -298.721930 -303.407963 -306.697124 -299.914177 -290.511654 -291.520605 -297.299847 -307.256738 -320.486020 -331.727007 -342.886504 -345.910406 -345.148137 -345.447005 -348.339930 -353.259073 -364.106731 -375.059741 -386.169305 -391.486650 -396.614664 -401.693400 -410.358549 -419.054596 -428.651311
-9999.0 -9999.0 -662.059803 -641.369324 -632.480056 -626.304241 -626.988025 -625.222715 -611.224446 -603.444812 -590.274556 -566.850333 -534.941554 -493.568801 -466.012357 -436.451234 -423.403541 -417.011316 -416.788166 -409.357585 -394.036321 -379.102067 -368.499998 -358.171615 -348.772146 -341.412000 -334.926476 -343.149347 -351.443242 -363.619897 -378.487221 -394.728261 -403.338997 -408.316168 -404.676035 -398.439808 -402.182846 -410.132885 -420.835263 -432.936870 -441.750272 -449.970849 -452.244299 -453.003265 -453.143059 -454.839332 -457.244693 -464.446357 -474.594607 -483.388955 -491.147845 -498.301508 -502.904664 -511.895185 -523.000949 -531.529143
