tests/Borden05m/data_simulated/sim_1/output-maps/psiliqL0003N0012.asc
ncols         160
nrows         34
xllcorner     620200.000000
yllcorner     5168000.000000
cellsize      0.500000
NODATA_value  -9999.0
[rows 0 to 24 of 34, columns 0 to 55 of 160]
-9999.0 -9999.0 -9999.0 -9999.0 -9999.0 -9999.0 -9999.0 -9999.0 -9999.0 -9999.0 -9999.0 -9999.0 -9999.0 -9999.0 -9999.0 -9999.0 -9999.0 -9999.0 -9999.0 -9999.0 -9999.0 -9999.0 -9999.0 -9999.0 -9999.0 -9999.0 -9999.0 -9999.0 -9999.0 -9999.0 -9999.0 -9999.0 -9999.0 -9999.0 -9999.0 -9999.0 -9999.0 -9999.0 -9999.0 -9999.0 -9999.0 -9999.0 -9999.0 -9999.0 -9999.0 -9999.0 -9999.0 -9999.0 -9999.0 -9999.0 -9999.0 -9999.0 -9999.0 -9999.0 -9999.0 -9999.0
-9999.0 -9999.0 -9999.0 -9999.0 -9999.0 -9999.0 -9999.0 -9999.0 -9999.0 -9999.0 -9999.0 -9999.0 -9999.0 -9999.0 -9999.0 -9999.0 -9999.0 -9999.0 -9999.0 -9999.0 -9999.0 -9999.0 -9999.0 -9999.0 -9999.0 -9999.0 -9999.0 -9999.0 -9999.0 -9999.0 -9999.0 -9999.0 -9999.0 -9999.0 -9999.0 -9999.0 -9999.0 -9999.0 -9999.0 -9999.0 -9999.0 -9999.0 -9999.0 -9999.0 -9999.0 -9999.0 -9999.0 -9999.0 -9999.0 -9999.0 -9999.0 -9999.0 -9999.0 -9999.0 -9999.0 -9999.0
-9999.0 -9999.0 -9999.0 -9999.0 -9999.0 -9999.0 -9999.0 -9999.0 -9999.0 -9999.0 -9999.0 -9999.0 -9999.0 -9999.0 -9999.0 -9999.0 -9999.0 -9999.0 -9999.0 -9999.0 -9999.0 -9999.0 -9999.0 -9999.0 -9999.0 -9999.0 -9999.0 -9999.0 -9999.0 -9999.0 -9999.0 -9999.0 -9999.0 -9999.0 -9999.0 -9999.0 -9999.0 -9999.0 -9999.0 -9999.0 -9999.0 -9999.0 -9999.0 -9999.0 -9999.0 -9999.0 -9999.0 -558.728700 -563.121249 -568.436808 -569.945734 -564.006124 -561.375510 -558.952300 -557.356789 -555.884906
-9999.0 -9999.0 -9999.0 -9999.0 -9999.0 -9999.0 -9999.0 -9999.0 -9999.0 -9999.0 -9999.0 -9999.0 -9999.0 -9999.0 -9999.0 -9999.0 -9999.0 -9999.0 -9999.0 -9999.0 -9999.0 -9999.0 -9999.0 -9999.0 -9999.0 -9999.0 -9999.0 -9999.0 -9999.0 -9999.0 -9999.0 -9999.0 -9999.0 -9999.0 -9999.0 -9999.0 -9999.0 -9999.0 -9999.0 -9999.0 -559.237852 -557.211071 -555.563102 -558.456109 -559.678039 -559.452386 -562.536603 -566.116206 -569.818326 -568.684151 -568.627683 -571.298192 -567.229344 -563.955589 -562.843857 -561.936113
-9999.0 -9999.0 -9999.0 -9999.0 -9999.0 -9999.0 -9999.0 -9999.0 -9999.0 -9999.0 -9999.0 -9999.0 -9999.0 -9999.0 -9999.0 -9999.0 -9999.0 -9999.0 -9999.0 -9999.0 -9999.0 -9999.0 -9999.0 -9999.0 -9999.0 -9999.0 -9999.0 -9999.0 -9999.0 -9999.0 -9999.0 -9999.0 -9999.0 -9999.0 -568.442800 -564.634201 -562.969851 -561.395229 -559.017914 -559.867199 -560.599290 -558.837901 -560.429304 -560.501881 -562.480187 -566.222991 -569.982108 -572.078302 -569.774220 -570.508800 -570.520334 -568.613846 -567.437325 -567.038524 -564.379623 -560.101110
-9999.0 -9999.0 -9999.0 -9999.0 -9999.0 -9999.0 -9999.0 -9999.0 -9999.0 -9999.0 -9999.0 -9999.0 -9999.0 -9999.0 -9999.0 -9999.0 -9999.0 -9999.0 -9999.0 -9999.0 -9999.0 -9999.0 -9999.0 -9999.0 -9999.0 -9999.0 -9999.0 -9999.0 -562.614073 -564.114132 -565.258430 -565.179833 -565.722150 -567.819994 -568.405107 -568.067583 -566.064078 -562.804121 -562.298838 -562.750297 -562.525701 -563.330950 -565.571716 -565.777724 -563.289914 -565.559097 -566.638309 -568.139892 -571.968319 -572.933954 -570.748262 -568.670947 -566.910509 -566.537479 -566.352878 -566.502045
-9999.0 -9999.0 -9999.0 -9999.0 -9999.0 -9999.0 -9999.0 -9999.0 -9999.0 -9999.0 -9999.0 -9999.0 -9999.0 -9999.0 -9999.0 -9999.0 -9999.0 -9999.0 -9999.0 -9999.0 -9999.0 -9999.0 -9999.0 -565.163449 -563.788348 -563.278656 -562.071836 -562.710115 -565.654449 -567.541185 -568.353466 -569.028676 -570.631482 -570.838774 -570.920440 -569.957616 -569.265684 -565.827314 -567.626603 -568.815142 -565.848499 -566.578622 -564.594608 -562.348122 -562.858360 -562.391574 -566.566507 -569.712422 -566.456473 -565.169456 -565.361816 -566.147317 -565.154169 -563.823425 -562.163450 -559.251118
-9999.0 -9999.0 -9999.0 -9999.0 -9999.0 -9999.0 -9999.0 -9999.0 -9999.0 -9999.0 -9999.0 -9999.0 -9999.0 -9999.0 -9999.0 -9999.0 -9999.0 -9999.0 -9999.0 -564.986247 -565.427330 -566.292706 -565.970335 -568.817653 -570.038107 -569.248156 -567.745848 -568.652045 -570.304613 -571.719517 -571.557028 -571.378767 -571.746969 -569.634821 -567.949296 -567.439751 -567.985932 -565.320354 -564.590488 -563.117406 -559.116141 -561.796892 -564.426854 -565.807569 -565.933350 -566.736898 -564.351065 -563.667679 -563.485522 -563.833384 -563.874273 -563.353342 -563.092030 -559.947167 -557.098454 -554.792190
-9999.0 -9999.0 -9999.0 -9999.0 -9999.0 -9999.0 -9999.0 -9999.0 -9999.0 -9999.0 -9999.0 -9999.0 -9999.0 -9999.0 -9999.0 -9999.0 -565.286474 -565.536851 -566.614325 -568.364699 -569.876876 -569.925529 -568.776989 -570.906959 -571.633245 -571.181712 -572.140632 -571.103633 -569.990414 -568.661289 -568.081115 -569.623404 -569.398852 -569.669661 -569.916028 -569.309869 -566.309921 -563.559415 -563.066901 -561.120689 -557.529381 -559.695690 -560.621178 -560.532680 -561.921468 -560.894443 -555.519873 -556.528237 -559.094580 -553.553386 -550.694771 -551.938641 -552.640535 -549.173235 -543.960389 -537.380625
-9999.0 -9999.0 -9999.0 -9999.0 -9999.0 -9999.0 -9999.0 -9999.0 -9999.0 -9999.0 -9999.0 -9999.0 -9999.0 -565.745304 -565.974577 -565.688006 -568.391636 -570.522760 -571.825820 -573.637765 -571.364214 -573.036430 -573.581672 -573.216420 -571.187710 -571.174509 -570.983549 -569.738896 -570.220690 -570.893372 -571.557099 -572.908178 -571.276848 -569.659098 -568.587927 -566.249204 -564.499484 -563.197749 -560.638614 -560.277776 -558.572415 -559.404839 -561.643699 -562.153925 -560.508643 -555.580233 -551.901904 -550.836483 -544.201262 -537.245865 -534.079506 -529.935555 -528.103755 -525.540085 -518.869685 -498.734316
-9999.0 -9999.0 -9999.0 -9999.0 -9999.0 -9999.0 -9999.0 -9999.0 -9999.0 -9999.0 -569.915603 -568.516054 -570.612967 -574.536218 -576.249799 -575.372231 -574.451983 -575.955518 -575.929417 -571.871321 -569.671644 -573.521908 -570.946334 -570.944532 -572.609540 -572.251881 -571.244824 -571.142651 -568.738110 -568.739330 -568.832278 -564.910398 -563.978356 -562.980129 -561.575236 -560.066726 -558.845142 -553.061338 -548.154968 -548.562088 -541.659435 -537.388031 -541.168872 -542.545423 -541.563779 -536.617740 -528.589538 -517.005047 -504.893817 -486.949194 -469.589297 -456.173228 -444.506461 -428.257354 -404.268964 -372.892849
-9999.0 -9999.0 -9999.0 -9999.0 -9999.0 -9999.0 -9999.0 -9999.0 -575.606826 -573.358163 -571.955677 -573.733348 -576.134206 -580.519069 -578.865167 -577.272234 -576.210764 -574.612517 -573.888450 -573.303726 -574.355482 -573.048598 -570.534201 -571.304356 -571.101119 -569.492372 -569.534379 -568.146042 -565.958422 -567.228032 -566.169665 -564.209225 -562.517498 -561.014156 -559.180082 -558.188500 -552.300291 -544.419196 -535.948461 -528.789314 -518.546425 -505.488402 -505.736569 -503.195956 -500.295610 -482.001654 -453.304710 -409.108456 -374.030088 -356.649543 -339.743318 -329.654834 -321.854959 -310.880021 -296.150725 -282.742822
-9999.0 -9999.0 -9999.0 -9999.0 -9999.0 -9999.0 -579.009259 -574.003778 -571.607567 -577.249637 -581.649677 -583.133846 -585.779177 -580.027519 -575.069686 -574.163624 -573.482094 -572.666909 -573.228132 -576.579989 -569.216593 -571.333011 -572.936345 -570.790856 -571.061073 -570.955653 -569.636424 -566.542150 -565.314091 -559.206373 -554.900037 -551.222453 -546.144677 -543.073296 -539.798337 -536.017134 -525.622731 -509.503773 -487.252053 -462.001032 -428.163937 -389.242910 -374.488280 -368.057307 -363.160541 -354.432158 -336.214347 -313.012795 -285.186258 -259.429163 -240.247302 -231.231661 -222.006323 -210.553525 -195.562295 -178.177910
-9999.0 -9999.0 -9999.0 -9999.0 -576.201457 -575.119518 -576.091238 -571.777066 -568.810235 -575.621806 -573.216283 -574.439675 -576.716575 -579.471552 -582.779877 -580.431247 -579.089425 -578.210195 -578.733085 -571.553975 -565.475606 -569.656955 -566.768341 -560.960666 -562.434870 -561.908578 -561.721573 -559.191434 -554.562708 -548.676399 -535.047419 -522.599247 -513.935933 -502.800000 -490.959042 -474.205098 -441.766433 -390.083741 -362.107452 -340.804098 -318.342774 -297.562112 -283.221007 -276.343794 -267.980151 -257.641177 -242.600850 -219.438604 -192.023457 -158.842242 -135.316625 -123.230669 -114.972086 -100.959507 -83.857919 -41.998123
-9999.0 -9999.0 -9999.0 -579.253319 -574.355325 -572.584822 -575.004904 -574.185707 -570.506975 -574.236784 -574.957136 -575.643265 -576.081253 -576.069105 -576.430330 -575.100724 -574.873762 -575.938350 -575.016250 -570.799667 -569.035356 -565.794228 -563.317056 -559.453685 -556.129024 -554.931972 -553.110002 -548.308244 -536.168360 -522.219003 -494.898311 -452.536419 -403.478581 -373.827094 -361.469984 -347.169532 -330.854236 -304.446152 -278.950477 -254.105113 -227.063029 -202.119532 -177.660001 -169.569940 -164.657449 -156.557850 -141.129835 -118.922270 -93.822654 -38.172474 -13.494276 -20.649354 -9.469817 22.082188 34.912859 49.437652
-9999.0 -9999.0 -578.353183 -575.563318 -577.555512 -574.124772 -570.321337 -573.149581 -568.610343 -567.220918 -571.962502 -569.403735 -568.137928 -571.120569 -569.378089 -567.389068 -566.377399 -569.898339 -572.478939 -567.650783 -557.134954 -548.738120 -544.655304 -523.865041 -511.275786 -502.906616 -498.889349 -485.464846 -460.872700 -402.156705 -361.808147 -330.024712 -298.580759 -272.022141 -260.592299 -246.698879 -225.287925 -204.475272 -179.406786 -152.184298 -124.170419 -94.828359 -43.442512 -34.054730 -52.778787 -18.939567 -21.710048 18.358211 37.396840 55.370249 71.513964 71.186760 71.497625 72.592560 72.654708 72.933702
-9999.0 -9999.0 -581.621854 -576.969682 -580.299650 -573.152640 -566.514528 -573.159208 -571.293218 -564.545754 -566.532359 -565.869961 -566.997569 -566.867235 -564.031275 -558.211532 -561.266446 -562.436633 -569.249319 -553.669098 -539.992976 -516.430277 -468.427971 -407.743268 -370.186502 -364.092787 -361.511915 -352.455006 -336.434993 -300.657918 -256.859318 -210.505504 -171.024877 -144.474616 -131.374781 -117.659003 -95.756200 -48.894536 -57.975354 -6.177889 11.542337 28.932503 50.239799 66.375400 71.393537 72.349770 71.190653 72.126942 72.460473 72.703215 72.243719 69.159062 67.996469 68.581073 69.452885 65.093496
-9999.0 -582.732010 -580.401058 -580.296109 -575.666492 -577.319687 -571.907900 -564.131545 -564.618255 -561.909904 -562.027701 -566.830097 -551.829298 -538.758531 -534.571090 -523.263089 -528.300356 -531.835417 -539.713236 -523.734403 -492.858363 -399.258535 -318.237734 -266.455219 -239.419133 -235.246926 -238.358440 -225.707543 -202.141314 -166.596349 -110.296553 -41.538423 -5.150560 21.399071 29.281074 31.014020 42.973403 58.630549 72.902913 76.176289 76.871513 76.643941 72.922306 72.519331 73.117195 72.540617 69.754103 63.886715 56.391007 51.480731 47.712438 41.858402 43.943447 48.395394 49.827642 42.005991
-9999.0 -589.971381 -580.701015 -575.378347 -577.560809 -581.646157 -569.133855 -550.310373 -557.226386 -559.506420 -560.562562 -549.286939 -513.329653 -476.841490 -446.868827 -405.052630 -408.150811 -425.414888 -423.624409 -380.811856 -341.781272 -281.372579 -174.193287 -65.347113 -56.866910 -48.424764 -41.168213 -21.699840 2.729563 23.591890 40.898838 62.459573 65.267170 65.855237 65.840526 66.093983 66.074801 65.994501 62.897320 59.251741 54.963346 55.115412 58.322840 58.029383 55.582075 53.125081 47.663334 38.622266 32.211476 27.090375 19.971683 -5.534229 -6.952226 17.443199 15.300293 -17.852733
-9999.0 -582.570320 -572.167058 -574.898945 -583.736803 -571.662345 -566.874936 -554.008411 -544.292960 -547.551425 -532.594214 -478.344133 -388.455803 -343.217669 -311.230895 -285.968728 -266.949010 -266.402966 -247.769919 -199.293566 -105.075051 -45.053275 -3.847890 45.440504 51.721822 51.990049 51.519852 51.801378 52.133271 52.274243 52.462603 50.924588 55.339284 57.383931 56.161135 53.351002 48.719974 38.596740 34.734379 31.424646 28.058975 28.126299 31.037894 31.494384 29.118417 25.220610 15.940846 -15.847214 -27.572180 -36.537293 -42.979160 -51.365913 -53.935121 -54.586191 -59.652799 -70.680468
-9999.0 -595.232287 -580.037193 -592.867519 -575.708080 -561.270612 -563.705298 -542.446251 -516.436353 -507.052600 -422.788697 -353.907727 -291.974623 -245.463200 -208.014393 -170.179148 -143.553508 -115.034024 -72.916022 9.604786 44.266573 58.475503 59.554578 60.157578 52.167932 52.159324 44.611247 24.717163 14.379960 7.700604 9.345396 16.015415 22.337083 28.129293 26.009182 25.564485 21.886051 -12.421131 -21.656114 -30.800969 -38.411103 -43.314565 -43.920191 -38.463859 -43.766144 -48.397809 -56.705737 -69.994295 -81.239388 -90.656474 -99.371337 -107.405378 -110.735671 -115.791522 -117.452805 -125.347848
-9999.0 -604.609080 -593.643802 -585.930938 -571.097414 -560.810719 -550.860378 -527.574655 -471.409930 -394.780505 -337.003727 -305.607859 -254.887263 -196.458448 -139.421597 -108.332573 -90.610562 -81.665802 -67.159459 -45.885180 -20.123873 -23.967841 -11.202626 8.632198 15.297236 16.668647 -22.314564 -46.110654 -55.724797 -57.336824 -57.996021 -57.507932 -57.326316 -58.534153 -62.090673 -62.160243 -61.041367 -72.702166 -82.533377 -90.344488 -96.669014 -103.741808 -108.488099 -110.763186 -113.141970 -114.177360 -122.296218 -133.849217 -144.958540 -153.447435 -161.639423 -168.080182 -170.172830 -174.196500 -179.542372 -188.912743
-9999.0 -626.789640 -589.887774 -585.933614 -577.176459 -574.753099 -572.713798 -555.235520 -526.533030 -405.390020 -286.006720 -271.148659 -252.875561 -217.726378 -163.111092 -113.909328 -106.545857 -131.790289 -149.117579 -154.928694 -145.591614 -134.669936 -119.806867 -99.473742 -85.489266 -80.101107 -87.555842 -100.536710 -115.209530 -122.630215 -126.094155 -132.864001 -138.161172 -138.617728 -141.078199 -137.397279 -135.446833 -145.961522 -158.278985 -171.700173 -182.984941 -191.081754 -193.726507 -193.106500 -193.672626 -196.480341 -203.448914 -212.912717 -224.262509 -234.243007 -241.888714 -247.081255 -252.033151 -258.601115 -265.744306 -273.087256
-9999.0 -9999.0 -606.231902 -585.745474 -583.498444 -580.801839 -578.589220 -564.971470 -550.175288 -494.249567 -404.570924 -356.927119 -329.947708 -297.396504 -248.324978 -208.410932 -200.997158 -194.767241 -215.884117 -219.366618 -218.120321 -214.391325 -204.675663 -192.487391 -181.101841 -174.676257 -172.406724 -175.814615 -185.280137 -198.879131 -213.816630 -225.076067 -232.240565 -237.288398 -231.564302 -222.906393 -224.451546 -230.416323 -239.868839 -251.729903 -261.186715 -270.524519 -272.583279 -271.405161 -271.277938 -273.579760 -277.918308 -288.218690 -299.121914 -310.019436 -315.428751 -320.498860 -325.136565 -332.855940 -340.249093 -347.722746
-9999.0 -9999.0 -630.739000 -596.284846 -582.797343 -573.690659 -575.430832 -574.560502 -554.803390 -545.258739 -528.960887 -500.342195 -467.450393 -415.192889 -376.576413 -349.037052 -336.716202 -331.366123 -332.498383 -328.111870 -315.723720 -301.132004 -290.015006 -280.024376 -270.939625 -263.703778 -257.272473 -265.395516 -273.552864 -285.779594 -301.749675 -319.273962 -328.458673 -333.071059 -330.278154 -325.045841 -328.421211 -334.868627 -343.271517 -352.289513 -358.462791 -364.323117 -365.726082 -366.188864 -366.241729 -367.730126 -370.453220 -379.596731 -395.449533 -409.793285 -421.437620 -431.240418 -437.055595 -447.772666 -459.734641 -467.947734
