tests/Borden05m/data_simulated/sim_1/output-maps/psiliqL0010N0008.asc
ncols         160
nrows         34
xllcorner     620200.000000
yllcorner     5168000.000000
cellsize      0.500000
NODATA_value  -9999.0
[rows 0 to 24 of 34, columns 57 to 113 of 160]
-9999.0 -9999.0 -9999.0 -9999.0 -9999.0 -9999.0 -9999.0 -9999.0 -9999.0 -9999.0 -9999.0 -9999.0 -9999.0 -9999.0 -9999.0 -9999.0 -9999.0 -9999.0 -9999.0 -9999.0 -9999.0 -9999.0 -9999.0 -9999.0 -9999.0 -9999.0 -9999.0 -9999.0 -9999.0 -9999.0 -9999.0 -9999.0 -9999.0 -9999.0 -9999.0 -9999.0 -9999.0 -9999.0 -9999.0 -9999.0 -9999.0 -9999.0 -9999.0 -9999.0 -9999.0 -9999.0 -9999.0 -9999.0 -9999.0 -9999.0 -9999.0 -9999.0 -9999.0 -9999.0 -9999.0 -9999.0 -9999.0
-9999.0 -9999.0 217.188513 211.650153 206.311040 201.320151 192.288526 183.071693 174.548124 170.648388 169.841982 169.127711 168.872321 174.315046 182.441532 190.240339 197.626848 200.201634 202.835324 205.338980 206.061523 204.984945 201.917125 198.782485 195.510245 194.141852 185.953664 174.543427 165.644411 162.917387 167.462913 172.036280 174.611011 180.698096 191.616994 202.575537 211.196057 223.000193 228.555913 233.580733 236.538213 232.261789 228.474762 224.511910 219.461506 208.299165 -9999.0 -9999.0 -9999.0 -9999.0 -9999.0 -9999.0 -9999.0 -9999.0 -9999.0 -9999.0 -9999.0
200.184045 203.523304 192.483101 187.617524 184.305906 182.170310 177.140831 168.423808 163.129990 157.779796 156.169228 156.323291 156.530868 160.864142 171.011237 179.163166 184.126342 186.781027 189.523159 189.735551 189.480166 189.348653 186.666373 183.430149 180.191715 178.533383 178.803958 171.261111 165.934957 162.674114 161.372768 163.897864 166.270254 169.442902 179.102388 187.427479 195.738601 209.928669 222.204258 227.289619 224.646303 219.344895 215.294264 208.486197 198.322024 187.674203 177.338670 169.960144 164.258361 158.625524 164.484652 170.772597 180.768541 190.680200 202.629011 214.747139 -9999.0
184.815816 187.765103 176.957249 168.570069 163.989772 164.137692 166.505835 162.950781 158.419337 154.189739 162.460883 163.935640 165.296809 168.710611 172.167104 174.892933 177.841490 183.407809 192.668054 195.649508 196.501732 196.961466 195.441339 192.593682 191.023580 188.441972 183.398126 182.571820 183.093140 183.156041 188.394355 189.927090 191.391142 184.447828 187.850534 194.124443 201.022498 207.863626 214.691922 218.933603 215.449165 213.881668 205.027858 190.679378 178.797855 169.692018 166.976686 163.441086 155.346138 142.660950 149.327645 164.614991 169.038054 172.431138 184.148063 196.361051 206.626610
171.215073 174.389480 169.429625 170.556393 172.110897 173.701832 172.253866 169.489634 168.240546 181.458349 191.380428 193.510963 196.744284 200.432213 199.507261 187.367922 184.947415 193.707636 204.581578 210.977944 211.714269 212.229979 211.042821 210.448484 210.304628 208.241551 209.497283 212.326464 213.051607 218.227300 224.029020 226.857935 218.427230 209.081907 209.575523 217.204358 225.178077 232.497017 243.269002 254.569079 252.799656 246.256888 236.315759 221.609582 197.141451 176.481036 165.127311 157.749590 150.176691 149.129802 146.178015 156.571392 157.942997 159.366418 167.571233 177.669031 187.634830
187.581541 196.129271 190.326856 184.976036 181.881707 182.746750 183.367497 187.279153 201.037273 215.787936 231.632339 235.135198 238.323260 238.341945 228.885215 218.529279 214.477612 229.887245 246.552790 255.790549 257.743735 259.018368 267.793739 266.740658 264.901495 259.984753 262.739774 265.624378 277.069151 285.027611 292.097633 290.212580 278.160184 266.736311 264.671275 266.668184 268.977653 274.833624 285.040840 294.594529 288.605747 279.630232 267.338674 236.355654 206.727932 188.167791 187.468078 186.783316 181.170761 177.166479 172.813424 164.646980 163.519532 162.253039 161.212309 172.776945 184.679206
239.163521 256.103353 250.753021 242.659596 232.170168 233.084929 237.222308 246.599049 261.337345 281.350618 307.464018 312.713498 317.842292 322.171127 311.239375 298.630196 286.831863 303.861177 315.001422 325.855868 331.001955 344.537509 356.862865 353.490811 345.894871 336.725848 343.942290 357.997546 373.922976 381.033607 384.880310 384.609338 373.999122 368.079145 365.343210 365.990295 362.298072 365.538897 375.970119 390.341412 388.207267 374.721486 347.860993 307.434581 268.876690 244.207876 246.536362 238.009434 230.004336 224.334525 208.704855 195.973657 194.485390 183.774256 176.554597 187.208717 192.580801
294.364804 314.300592 311.428330 301.144218 289.061226 289.877448 299.345844 311.134277 333.002671 360.253948 388.731004 403.266236 412.140380 423.035061 416.077925 405.538231 395.825010 404.378191 419.012275 434.873560 450.663718 468.809890 485.022951 479.992884 470.893838 468.172552 473.938917 493.284119 510.309661 516.322521 518.667763 522.462587 514.755690 507.026540 498.819998 491.651813 484.601233 479.652584 495.538390 509.226829 503.512630 473.511214 441.380193 398.967743 355.571180 316.923482 309.258946 303.832896 299.390837 281.231644 262.972647 242.356272 229.375823 218.190218 201.692696 205.212248 209.543793
407.248910 431.058457 436.687373 422.940130 418.205842 424.885108 439.495820 449.856473 469.287173 500.977135 540.589361 571.203669 598.400145 605.057272 594.630386 582.267310 566.015484 561.821592 580.339156 598.668949 618.478135 639.061407 658.355556 669.483288 670.530645 671.832779 675.582080 681.514910 689.392272 696.261831 702.145523 708.031396 706.429284 696.918065 689.782243 680.886273 673.394550 670.676883 670.221042 676.234386 668.781850 635.521899 595.358127 552.572883 506.929385 467.531482 440.046534 436.426808 418.272614 395.508660 369.872554 328.920293 305.963953 285.360700 252.293452 245.355080 253.057941
548.983409 569.916301 588.543089 588.495040 592.776991 598.892232 609.426055 620.435791 635.862676 674.349075 713.835215 747.521389 774.550200 784.270587 773.624038 762.382877 749.949329 741.086836 746.188297 764.332605 786.683699 808.822174 824.874859 832.049701 832.925342 834.449992 836.795189 840.078509 842.745705 847.909604 854.304825 863.598519 874.476898 870.143506 855.027807 843.953487 831.086065 826.368816 824.268408 819.351721 814.474432 801.704850 764.191975 728.824030 690.332464 651.646008 618.230044 590.541222 562.722427 534.145495 483.041787 434.939437 391.581169 355.937348 321.675779 313.829207 334.926325
712.254818 741.006253 758.324316 763.309464 766.442122 770.601036 779.099110 788.351291 800.572146 824.605930 861.228494 896.522468 924.330544 928.327917 919.673240 909.713496 899.841555 891.618871 890.534339 899.634589 912.433965 929.938667 943.328014 954.801218 955.567809 956.648421 957.138799 959.211760 960.835254 962.003419 967.524377 977.349429 986.882211 988.704384 978.620629 964.683450 950.075075 944.157268 938.580993 932.341067 929.852102 926.621210 917.424503 891.363228 854.949091 809.516536 776.032395 748.064292 729.637669 709.022871 680.746958 624.212119 583.266589 537.982682 494.733342 465.214114 495.134757
849.776894 879.763866 897.865182 905.426592 905.712558 908.064818 915.569063 923.127185 934.625779 950.535728 970.197117 994.377507 1017.311124 1032.993367 1029.834331 1019.392847 1004.886796 1002.323887 1003.005277 1006.088522 1013.168135 1020.788090 1035.255278 1049.826088 1055.029209 1055.904035 1053.804374 1055.843548 1056.828051 1056.753878 1056.962985 1060.135949 1065.957135 1068.548210 1065.911485 1053.784060 1037.644377 1025.366415 1018.069946 1014.029430 1011.011303 1010.314249 1008.068087 997.263725 971.877392 937.914160 905.478442 882.589455 865.458134 850.106895 835.485554 813.354660 788.299502 752.736653 706.594101 666.054397 653.279317
950.546803 973.666579 994.729535 1008.682675 1011.692903 1016.665023 1020.544166 1029.853931 1044.073771 1060.074773 1070.609439 1083.582605 1101.246973 1111.450092 1116.840817 1118.134833 1118.596434 1121.690515 1123.028751 1107.584452 1110.692110 1113.368848 1118.099857 1124.016947 1125.696582 1125.843814 1125.248554 1126.260993 1126.660905 1127.037326 1126.770547 1126.057549 1127.319952 1128.030718 1128.113567 1124.450886 1125.325099 1111.090568 1101.096082 1094.776795 1087.772333 1079.467198 1070.365210 1061.981505 1049.186085 1027.117767 998.699297 974.104979 963.914094 957.467275 949.922914 942.062664 924.962691 903.106233 874.454229 837.426495 799.560247
1034.803143 1051.046907 1073.080518 1087.976615 1096.252814 1103.225161 1107.046578 1117.723680 1128.968374 1125.741881 1127.184699 1128.630102 1130.189948 1130.507981 1130.681341 1130.955629 1129.617547 1130.483157 1130.336007 1126.764667 1118.745382 1120.815696 1122.285680 1124.463874 1127.496455 1125.817799 1126.601545 1129.674862 1128.701561 1123.984931 1121.058597 1119.739481 1120.064678 1127.042821 1130.297905 1131.665964 1132.229135 1132.700219 1133.361073 1133.119132 1132.293651 1130.649830 1128.423220 1128.977894 1120.760775 1101.521903 1074.526279 1045.578820 1033.093981 1028.666221 1029.083819 1025.490170 1019.639440 1003.295639 980.388387 949.539482 915.265486
1126.068017 1126.645981 1131.416907 1133.408896 1134.113966 1135.588666 1137.320319 1137.499418 1134.000420 1130.325297 1125.588163 1124.186935 1122.625484 1120.024153 1120.594527 1118.989718 1116.048844 1114.151573 1110.045118 1101.595361 1091.948560 1090.598126 1095.247781 1099.447768 1102.589275 1104.596625 1107.438113 1109.128052 1105.542568 1099.155263 1093.406521 1092.020422 1098.248356 1103.402483 1108.021041 1108.821793 1108.171766 1107.410060 1108.892408 1107.640881 1108.637447 1114.548334 1126.321524 1131.992082 1133.266287 1133.394892 1129.865468 1122.746966 1111.673859 1093.198714 1095.895859 1091.416220 1081.197749 1063.495636 1044.637903 1021.383911 998.484971
1131.986036 1129.802711 1123.727427 1117.755708 1116.752881 1120.230452 1126.686331 1128.017959 1121.491808 1114.035674 1107.918172 1101.886876 1099.945859 1098.338268 1097.437888 1097.712917 1093.636837 1088.468710 1076.725161 1068.233135 1059.483817 1054.800911 1053.439671 1057.662056 1065.165134 1072.244174 1075.985804 1070.669398 1065.118348 1056.861148 1050.612451 1051.710084 1054.343041 1062.488447 1074.607305 1078.064041 1079.300760 1076.006528 1073.703006 1069.456009 1068.296595 1074.444610 1087.235141 1099.626817 1110.692682 1117.359634 1123.880380 1129.585463 1133.902631 1133.770181 1133.060180 1131.533028 1129.020289 1115.859950 1098.848153 1080.353885 1061.391219
1113.809332 1109.565901 1103.509341 1098.093220 1096.516810 1098.995200 1102.144685 1099.481721 1093.749892 1085.151382 1075.964317 1067.473100 1062.032060 1062.281861 1063.727067 1064.439475 1059.648064 1048.406636 1035.102523 1025.461900 1014.599023 1012.068314 1007.474228 1002.684523 1010.597636 1024.218217 1028.953520 1017.159345 1009.526324 998.057519 992.609474 991.108933 993.348082 1002.511323 1020.598671 1038.006432 1039.730044 1032.316365 1025.438897 1022.523559 1021.043569 1027.283901 1043.378360 1059.973357 1071.561836 1078.733263 1082.830208 1089.369937 1096.918176 1106.239802 1116.365165 1124.571737 1131.927354 1133.600786 1132.474198 1129.863167 1117.916898
1093.623799 1087.678319 1082.013320 1076.788790 1073.002542 1070.950515 1068.856826 1063.740143 1058.238144 1047.459890 1037.389483 1026.938125 1013.806491 1009.430889 1005.540495 1006.615064 996.569711 988.285800 972.902818 960.986865 948.073610 939.358891 932.806856 924.740358 926.435966 938.808975 946.466882 933.236819 924.368991 913.007824 908.357010 906.726703 910.016567 921.497512 944.616808 963.726511 971.526045 965.716602 962.322401 961.790887 962.438506 968.517291 982.828436 1001.025893 1019.135214 1032.293872 1039.764821 1045.893226 1053.836308 1065.109471 1075.325982 1085.145830 1097.805427 1113.311473 1124.889578 1132.504275 1136.426183
1068.571530 1061.301363 1052.681843 1043.322349 1037.652686 1038.389203 1031.767210 1025.824224 1013.322639 971.138355 955.012764 937.355171 920.639327 911.742321 900.945391 892.049716 882.288008 876.399634 869.990666 856.545294 840.593017 824.552956 817.068087 808.517736 795.821194 798.267297 800.499849 802.621390 795.357363 789.115358 787.191913 786.367948 792.904124 811.009960 827.441857 841.207265 849.625854 849.600058 858.318244 866.916606 872.828712 891.273851 907.730929 927.047243 948.775202 971.540350 984.156811 993.259175 1002.969042 1016.079873 1029.240190 1042.123790 1059.273163 1078.169235 1089.538905 1097.287288 1106.545526
1035.398286 1023.389403 1011.837022 999.417514 986.148969 985.427628 980.456049 971.353702 931.913330 888.173675 854.105634 832.445591 805.296800 786.477322 768.220256 738.149800 721.553508 714.051449 717.923375 707.815526 690.206975 674.139064 662.879227 651.279224 632.750993 621.406861 625.015153 636.612819 630.515236 627.097153 630.753575 630.202838 631.090474 644.617858 665.505817 678.375699 691.130028 704.424146 711.989652 724.211942 755.009890 776.482775 800.325310 827.703277 854.893017 881.893620 905.746857 921.995175 938.045143 956.763599 972.103589 989.880334 1009.099397 1032.391012 1047.140290 1057.754428 1066.148819
975.120404 958.805249 940.420156 917.995507 893.810767 887.570540 876.821503 855.230224 804.388889 754.970726 716.226596 686.549733 653.536848 624.156555 587.141700 547.561570 523.006759 525.226321 531.527997 529.986396 514.100042 498.848839 485.769070 469.122799 450.343029 437.221595 444.824948 453.526743 459.945511 462.622699 466.523940 469.503625 470.615171 470.841355 481.590401 493.874649 507.219649 520.451840 536.444264 570.449152 603.142404 631.343574 665.622862 697.836860 731.006437 765.412484 797.769108 822.928640 848.118336 872.237336 896.299500 918.383075 942.373121 969.159035 990.511346 1003.678682 1015.576073
893.300525 866.725036 834.875965 789.097988 764.830736 748.543890 730.589194 689.041553 636.394129 584.834951 547.204641 513.430027 481.686776 447.690532 410.283753 378.328745 355.690102 360.901770 367.134874 376.700659 363.501720 350.480470 342.309902 325.879479 310.225139 295.022944 302.464622 312.117007 328.373968 332.271946 335.847842 342.969961 342.867284 342.289776 336.520979 347.225833 359.307972 374.707474 404.129487 432.800079 462.304896 490.651814 520.257093 552.768224 588.164789 626.456553 668.078339 701.345097 731.927189 764.306605 795.135140 821.547107 847.604574 876.613491 901.830558 923.396508 945.090219
772.208647 737.471457 690.532588 633.553443 586.477570 562.057232 518.251212 477.335930 432.430971 404.006787 377.535997 348.727169 322.413854 297.056612 267.343524 241.852816 216.722199 219.780685 231.648403 245.028315 237.924253 233.143645 229.060897 216.782063 202.364920 188.326030 191.802408 206.762693 223.557304 230.720276 237.380828 245.221434 245.860220 240.057675 232.651643 239.322005 254.162347 271.472567 294.546050 319.379829 344.451158 368.909979 396.591021 426.218187 457.503384 492.542106 530.404123 561.889134 597.823504 636.750233 672.324798 697.335426 721.456361 754.342810 782.202021 813.472304 843.061473
624.299072 583.479498 530.265001 476.547022 424.345753 380.081875 341.842146 305.851884 282.561239 259.076274 237.122826 215.763203 192.544264 170.902419 149.984070 126.750547 107.229668 112.079318 125.155117 136.854473 138.928938 135.579326 132.116639 123.960443 109.951999 98.837525 107.059199 122.573253 137.776717 147.899897 154.760315 161.186449 158.773427 150.982334 145.069048 153.575669 169.666719 185.483221 204.145399 226.971103 250.157544 274.005260 299.430541 325.503564 354.646582 385.556168 417.841908 450.356759 482.021989 513.976812 536.182443 557.943350 576.382607 604.487976 637.090593 673.139174 709.192956
457.424922 421.064746 380.001877 334.388960 297.861163 261.775756 227.724132 194.668297 167.218471 147.568470 135.648543 119.269715 98.636402 83.901761 66.040893 46.871617 45.508296 48.665775 60.454350 62.262760 62.806901 59.649734 58.340548 53.500410 41.998521 48.136940 55.857402 70.845085 81.918474 91.447399 97.892731 102.235569 102.038294 95.404429 98.713925 106.324437 121.464058 133.963495 149.971959 171.755927 190.368775 211.273909 234.992173 259.797242 286.248066 314.659032 345.546146 374.312709 398.990342 414.410092 431.424189 444.141184 446.009861 468.304456 493.224401 519.911397 555.042056
