tests/Borden05m/data_simulated/sim_1/output-maps/psiliqL0014N0009.asc
ncols         160
nrows         34
xllcorner     620200.000000
yllcorner     5168000.000000
cellsize      0.500000
NODATA_value  -9999.0
[rows 0 to 24 of 34, columns 56 to 111 of 160]
-9999.0 -9999.0 -9999.0 -9999.0 -9999.0 -9999.0 -9999.0 -9999.0 -9999.0 -9999.0 -9999.0 -9999.0 -9999.0 -9999.0 -9999.0 -9999.0 -9999.0 -9999.0 -9999.0 -9999.0 -9999.0 -9999.0 -9999.0 -9999.0 -9999.0 -9999.0 -9999.0 -9999.0 -9999.0 -9999.0 -9999.0 -9999.0 -9999.0 -9999.0 -9999.0 -9999.0 -9999.0 -9999.0 -9999.0 -9999.0 -9999.0 -9999.0 -9999.0 -9999.0 -9999.0 -9999.0 -9999.0 -9999.0 -9999.0 -9999.0 -9999.0 -9999.0 -9999.0 -9999.0 -9999.0 -9999.0
-9999.0 -9999.0 -9999.0 1030.777184 1025.417169 1020.430379 1015.832054 1007.253581 998.367789 990.376995 986.769748 986.227805 985.827375 985.805775 991.397202 999.765784 1007.753774 1015.230461 1017.975474 1020.739749 1023.279990 1024.077260 1023.178229 1020.258541 1017.250363 1014.110860 1012.803983 1004.971199 993.775692 985.139615 982.488776 986.955211 991.450294 993.950150 999.718243 1010.352680 1021.022507 1029.392380 1041.100245 1046.715033 1051.499234 1054.038533 1049.514506 1045.543225 1041.292898 1035.746558 1024.480759 -9999.0 -9999.0 -9999.0 -9999.0 -9999.0 -9999.0 -9999.0 -9999.0 -9999.0
994.531847 1014.871704 1018.296375 1006.997577 1002.216003 999.183167 997.456562 992.958783 984.665578 979.793917 974.787478 973.280973 973.752340 974.215321 978.684730 989.254097 997.562243 1002.650632 1005.510578 1008.475075 1008.435667 1008.240632 1008.269262 1005.710854 1002.580624 999.458685 997.887043 998.580437 991.146908 985.749066 982.387484 980.689309 983.255273 985.672488 989.128363 998.529002 1006.561298 1014.552049 1028.701639 1040.885543 1045.795280 1042.851049 1037.398783 1033.076566 1025.809591 1015.239303 1004.593281 994.866410 987.546315 981.519851 975.200929 980.652130 986.778367 996.071324 1005.208705 1016.784515
979.819362 1000.297780 1003.417890 992.974041 985.030254 980.199172 980.779759 983.795619 980.713193 976.509030 971.775786 980.853476 982.580781 984.132725 987.817737 991.183941 994.793317 997.852006 1003.556070 1012.911533 1016.017594 1016.930582 1017.437615 1015.942919 1013.130068 1011.589218 1009.073230 1004.076674 1003.087591 1003.442985 1003.192078 1008.135798 1009.656758 1011.477069 1004.877275 1008.440562 1014.546536 1021.245323 1027.485390 1033.823108 1037.294539 1033.526982 1032.160701 1023.095795 1008.595223 996.902317 987.898780 985.615867 981.815195 973.278362 959.800110 966.287652 981.176166 985.124985 987.799243 998.900840
976.058214 988.188519 991.586883 987.011340 988.817778 990.840686 992.744257 991.608384 989.064499 987.424742 1000.297662 1010.164860 1012.484316 1015.883710 1019.994315 1019.881088 1008.420930 1006.376510 1014.930555 1025.608154 1031.789244 1032.469918 1032.815930 1031.040220 1030.364819 1030.285705 1028.373933 1029.236089 1031.754695 1031.665292 1036.240000 1041.917336 1044.865081 1037.292341 1028.224858 1029.116420 1036.826413 1044.900147 1052.026294 1062.309700 1073.118732 1071.559949 1065.252950 1055.400075 1040.976881 1016.691044 996.426558 984.687639 976.599168 968.503850 967.833712 963.794221 974.387992 975.241147 976.356033 983.789416
983.280373 1004.984782 1013.337765 1008.031191 1003.651536 1001.568495 1002.865165 1003.525856 1006.947425 1019.735316 1033.980101 1048.885476 1052.289968 1055.437220 1055.491368 1046.981624 1037.101684 1033.737601 1048.719868 1065.379736 1074.171569 1075.336160 1074.941473 1082.026326 1081.148910 1079.894686 1075.402580 1077.593116 1079.008569 1088.744073 1096.466282 1103.651254 1101.898507 1089.890523 1078.381043 1076.878532 1079.719917 1083.096142 1089.169346 1099.032786 1108.160844 1102.345405 1094.364918 1083.393100 1053.796600 1025.798283 1007.970899 1006.980806 1006.013614 1000.014277 995.808377 991.635741 983.816273 982.352614 980.542019 979.060552
1034.571789 1055.383969 1071.795168 1066.866842 1059.640383 1050.345035 1051.605321 1055.162061 1063.825314 1077.434485 1095.428794 1120.171429 1123.791565 1127.670339 1130.799475 1119.984372 1107.949969 1097.162994 1115.544178 1126.374009 1135.684474 1137.969926 1148.231805 1158.597713 1154.605936 1147.122566 1137.121245 1143.652765 1155.346296 1170.574046 1177.525530 1181.511591 1180.121788 1168.898488 1163.049048 1161.627862 1163.904689 1161.531298 1166.037325 1175.778871 1190.134827 1188.607119 1178.672663 1154.787901 1116.229669 1080.584137 1059.093189 1063.424349 1055.136899 1046.930470 1042.022585 1026.941877 1015.006737 1013.894928 1003.201370 995.952946
1084.956532 1104.276637 1123.551409 1119.675511 1110.164432 1097.680849 1097.913785 1106.066472 1117.032562 1136.884429 1160.509650 1185.338053 1194.386529 1198.126349 1208.443786 1202.433408 1193.202660 1185.161932 1197.132578 1209.739136 1222.328910 1232.864191 1246.426929 1258.535478 1249.134255 1237.350471 1232.273742 1237.832571 1257.964869 1275.549574 1280.714233 1281.924527 1284.538980 1275.255533 1268.723971 1262.166869 1257.238449 1251.539259 1247.421388 1265.505236 1281.443741 1278.723369 1254.084713 1228.239858 1189.786315 1150.070843 1116.533694 1114.892125 1110.306887 1107.742160 1091.430316 1074.659598 1057.284655 1046.680442 1036.270777 1021.003560
1178.676186 1200.629170 1223.217977 1224.990874 1209.369186 1202.227648 1207.806405 1221.310977 1229.382058 1245.843145 1270.636148 1303.228229 1325.400078 1345.149768 1350.202471 1342.281006 1333.429027 1320.442665 1319.149960 1337.214506 1350.203893 1361.824154 1373.329643 1386.392139 1392.142703 1389.801237 1389.590664 1393.043825 1400.517233 1409.740098 1416.401094 1421.604874 1426.920286 1422.770564 1412.568181 1406.529928 1398.133080 1391.819496 1389.322809 1392.015571 1402.790801 1399.487355 1371.329554 1342.372107 1307.996206 1268.839043 1235.739306 1217.076735 1221.646578 1209.026860 1188.954182 1168.209868 1132.260428 1114.818052 1097.622527 1067.214584
1286.601320 1315.689300 1331.765799 1346.240638 1342.316527 1344.894969 1349.854297 1358.017381 1363.724953 1372.309228 1405.459531 1441.001146 1470.833185 1495.636743 1504.654246 1494.598213 1484.975575 1473.099780 1464.120358 1469.320106 1484.658527 1502.199525 1518.503843 1530.281409 1534.329782 1533.572018 1534.177758 1536.418632 1539.477448 1542.526199 1548.666306 1555.792687 1565.588257 1576.305428 1570.332802 1553.892920 1542.051652 1528.903768 1524.218477 1522.624827 1520.558424 1519.391630 1509.655971 1475.996420 1445.547038 1411.873364 1382.095950 1359.841438 1344.774603 1323.110898 1298.388512 1250.407628 1208.770239 1172.446174 1144.049310 1114.616952
1408.846987 1440.690445 1465.444322 1481.743903 1485.478966 1488.897262 1492.314277 1498.792052 1504.503631 1511.953129 1535.221516 1573.081183 1610.502518 1640.478256 1644.388184 1634.944760 1624.655008 1614.555350 1604.031685 1601.210871 1609.985485 1622.024318 1638.879876 1650.643788 1660.391675 1659.922365 1660.638235 1661.362026 1663.485686 1665.312952 1667.332668 1674.415186 1686.318868 1697.693752 1698.688870 1685.262159 1668.552442 1651.633169 1644.916322 1638.962439 1632.611489 1631.864348 1631.284565 1621.828014 1595.001893 1557.815763 1514.565653 1487.605019 1465.215417 1450.297234 1432.317037 1403.928195 1350.261050 1317.416358 1280.472795 1245.376049
1528.992602 1559.361413 1590.661321 1610.061846 1618.386845 1619.517377 1621.983066 1629.907312 1636.404538 1646.560643 1663.400961 1687.886950 1717.211343 1743.993574 1760.980225 1757.014800 1744.235856 1726.895470 1721.609492 1720.592722 1723.166981 1730.395062 1739.157800 1755.152045 1771.457247 1777.207495 1778.253877 1776.027772 1778.219926 1779.413599 1779.497169 1780.681316 1785.678005 1792.916768 1795.579473 1790.718335 1774.660984 1754.675372 1740.790685 1732.184073 1727.205143 1724.581217 1725.069907 1723.740672 1710.648660 1680.590461 1641.672344 1607.905922 1585.367468 1568.179344 1552.946799 1540.171252 1518.276930 1498.450141 1465.862862 1421.066658
1635.724641 1662.121142 1689.514265 1714.230691 1731.246076 1735.635107 1741.553518 1746.761472 1756.569872 1772.148795 1791.511028 1805.950645 1823.222551 1844.678996 1857.334891 1862.873581 1863.005134 1861.550902 1863.336668 1863.654931 1835.052854 1838.579995 1842.090214 1850.349841 1859.258815 1862.450290 1863.032690 1862.059326 1863.319154 1863.770222 1863.947598 1863.665337 1863.904262 1866.346589 1867.342733 1866.309175 1859.373903 1863.657637 1846.653089 1834.565204 1826.656932 1818.345466 1809.142333 1798.870539 1788.476073 1771.378642 1743.857653 1710.264110 1683.032659 1670.827727 1662.960604 1654.769032 1647.833897 1631.137606 1608.500040 1576.773712
1742.632046 1759.143145 1779.875911 1808.015839 1827.641640 1838.440576 1847.164851 1852.019470 1864.243483 1877.596932 1871.759362 1875.835330 1879.971922 1883.966778 1885.238285 1885.438773 1885.005297 1882.534133 1881.939234 1880.108449 1875.588260 1866.187449 1867.828194 1869.608951 1872.421359 1876.238418 1875.183264 1876.279424 1879.295834 1877.881496 1872.488899 1868.987456 1867.543141 1868.197953 1875.459199 1878.758937 1879.704449 1878.662045 1878.041729 1877.508065 1875.704856 1873.366062 1870.099166 1865.949253 1869.503197 1858.881835 1835.100549 1801.549468 1766.151332 1752.328200 1747.764141 1747.016427 1743.097253 1735.933378 1716.802021 1689.316190
1857.889995 1871.348732 1867.516058 1878.574788 1884.408204 1887.220290 1889.907715 1892.155040 1893.159911 1889.696092 1886.044212 1881.128352 1879.563538 1877.916208 1875.099846 1875.197533 1872.688818 1868.232732 1864.206907 1857.339044 1846.413232 1835.045789 1832.468477 1837.183943 1842.481019 1847.089639 1850.538327 1853.985028 1855.085814 1850.461302 1842.802568 1835.925450 1834.220120 1840.860415 1846.647112 1852.221414 1853.212610 1852.191943 1850.526688 1851.024981 1848.814749 1849.473464 1855.960593 1869.068722 1874.456862 1877.024119 1876.278914 1868.003801 1853.272751 1846.848028 1826.961000 1829.862992 1824.514611 1812.452100 1791.173196 1767.249833
1886.905427 1886.561592 1885.091409 1879.318936 1873.562883 1872.655845 1876.108306 1882.320176 1882.898837 1875.278238 1866.376259 1858.831219 1851.451267 1848.630541 1846.640827 1845.137965 1844.315755 1838.181490 1829.582934 1813.768581 1801.933299 1790.589025 1784.570580 1782.678458 1787.729851 1797.727011 1807.498263 1812.189672 1805.486841 1798.205934 1787.771899 1779.987943 1780.461437 1782.905135 1792.169122 1806.468494 1811.601204 1812.765554 1808.205895 1804.253639 1799.047830 1797.630660 1804.893570 1820.070833 1835.555415 1849.425873 1857.705108 1864.963257 1871.233667 1874.225834 1875.222899 1875.529219 1874.018346 1872.569857 1856.919024 1835.800628
1874.824355 1868.224626 1862.996369 1856.102025 1849.961182 1847.553726 1849.047891 1850.832663 1846.357964 1838.571337 1827.372263 1815.537501 1804.926295 1797.615450 1797.199740 1798.021209 1797.658003 1790.075114 1774.852173 1757.100159 1743.457255 1729.550748 1725.599448 1720.868516 1716.652386 1727.220914 1744.369279 1750.644183 1737.256040 1727.607719 1713.722960 1706.751831 1703.907113 1705.700149 1715.331781 1735.516270 1755.444931 1757.341667 1748.466499 1739.896891 1736.226998 1734.710750 1741.929437 1760.526616 1781.039326 1796.483101 1806.691290 1812.841951 1821.291821 1831.031076 1843.551756 1856.807958 1867.777638 1875.700873 1879.868951 1877.673233
1849.260990 1841.097656 1832.893708 1825.119430 1817.968118 1812.569485 1809.158251 1804.988035 1797.552277 1789.029821 1772.662002 1759.252972 1746.054749 1731.128075 1726.267656 1721.619048 1721.655498 1709.229957 1698.270415 1679.500804 1663.885628 1648.306951 1637.706751 1632.093913 1626.388487 1629.993858 1645.073984 1653.965859 1641.351155 1631.406512 1619.192354 1613.558363 1610.609477 1612.925047 1623.526073 1645.579501 1664.558804 1672.294898 1665.456360 1661.996243 1661.350646 1661.696192 1668.886554 1684.127829 1704.770063 1726.771989 1744.040264 1754.412367 1762.952858 1773.745406 1788.791956 1803.213898 1817.457923 1834.654711 1854.824802 1869.445764
1813.867862 1803.246574 1792.758141 1781.218867 1769.370452 1761.675409 1761.353398 1753.139282 1745.114433 1727.226254 1678.638264 1658.808831 1639.386668 1622.561597 1615.044276 1605.725507 1594.960891 1584.384087 1576.935371 1570.556963 1555.034341 1537.642661 1521.438638 1516.397670 1512.410332 1502.451568 1505.902386 1508.668181 1514.384603 1507.446768 1502.525976 1501.201827 1499.065192 1502.391156 1516.264533 1527.967155 1538.007862 1545.003646 1545.492688 1554.104897 1562.141803 1568.804980 1586.598428 1601.472976 1620.405262 1643.208926 1668.480638 1683.485662 1694.471972 1706.683196 1723.392469 1740.935417 1759.131720 1782.001056 1807.007862 1823.268853
1768.123063 1753.322376 1738.057386 1723.941796 1709.614773 1694.286423 1693.132985 1687.706358 1676.957455 1632.093847 1588.249802 1553.893755 1534.079940 1510.081843 1496.445618 1482.417334 1452.417931 1436.061616 1429.686137 1435.335200 1426.265081 1409.443181 1395.726639 1387.456786 1380.438863 1366.915087 1356.647433 1361.523772 1374.639492 1371.180451 1370.496502 1375.389045 1374.186709 1370.750533 1375.501533 1389.976840 1398.297050 1409.110489 1422.574355 1428.583326 1440.766622 1470.311954 1486.417833 1504.056543 1526.269951 1550.244738 1575.178086 1597.992234 1613.510889 1630.179482 1650.698284 1669.098023 1691.107026 1715.517665 1745.051042 1765.783863
1698.268116 1677.465309 1659.267521 1639.847946 1616.186932 1593.465394 1588.533290 1579.152700 1556.206581 1507.119839 1465.401423 1434.384725 1410.142583 1384.227651 1362.663010 1331.876061 1297.990194 1275.978184 1281.797600 1288.892200 1290.926338 1277.183983 1264.683253 1254.588374 1240.165951 1224.644019 1212.393124 1221.317437 1229.889141 1239.964939 1244.157438 1248.093653 1251.449224 1250.673020 1245.762449 1249.911220 1259.252803 1270.371427 1282.279699 1298.651604 1330.991342 1358.080535 1378.316890 1401.861655 1424.847068 1450.546807 1477.503058 1502.357670 1521.601120 1542.872431 1564.637582 1587.915613 1610.597314 1637.001684 1667.674671 1693.792464
1617.196554 1589.208557 1564.665212 1535.156438 1492.926311 1475.373791 1463.758336 1446.844140 1406.554678 1362.132336 1327.308657 1302.858971 1276.247670 1251.001946 1222.001721 1188.707539 1161.555816 1140.206499 1146.567959 1153.436031 1165.690715 1154.136209 1143.594494 1137.834568 1122.924211 1109.131359 1094.428188 1101.787912 1112.080983 1130.302992 1134.867884 1138.602892 1146.181580 1145.518394 1143.178060 1133.492638 1142.465957 1153.718456 1168.557105 1197.946222 1224.120955 1250.160524 1274.130017 1297.218890 1322.687273 1349.823014 1377.521476 1406.806021 1429.838489 1452.421642 1477.374669 1500.743962 1521.481810 1544.536022 1573.022869 1598.156695
1504.851598 1481.020350 1454.509434 1414.677142 1368.553166 1330.799283 1310.338968 1267.700115 1231.599417 1197.103517 1180.307376 1160.785029 1136.382251 1113.468744 1090.918902 1064.228143 1041.020030 1015.911117 1019.188672 1031.626053 1045.680348 1040.897060 1037.915658 1034.914855 1023.950420 1010.314851 996.775144 1000.438573 1015.951445 1033.041401 1041.031955 1048.016945 1055.832128 1056.208207 1049.351980 1041.205080 1047.319582 1062.318844 1079.394243 1101.050493 1124.743945 1148.460489 1171.261599 1196.482592 1222.772413 1249.742569 1278.848821 1309.300415 1333.479045 1361.039896 1389.470674 1412.288192 1427.596864 1444.198587 1470.965822 1492.527057
1392.067392 1365.842811 1336.667078 1293.356996 1249.149011 1204.460151 1161.880750 1126.602899 1093.868462 1076.241136 1056.117255 1037.266174 1018.147777 995.893658 975.757821 956.505958 933.690072 916.501129 921.552194 934.238464 944.603997 947.832076 944.833424 941.784882 934.515845 920.765877 911.739536 920.486697 935.865913 950.623357 961.171825 968.103951 974.250879 971.797357 963.811978 958.926162 967.540507 983.686584 999.160377 1017.093638 1039.665126 1062.326682 1085.803079 1110.527780 1135.447488 1162.996183 1191.576642 1220.858570 1250.255455 1277.227899 1302.457069 1317.199227 1332.199660 1342.438632 1361.760780 1383.740876
1260.536247 1233.188705 1203.015654 1168.306321 1128.426074 1096.693950 1062.650240 1029.977004 998.122530 971.125777 953.405799 942.851717 927.200937 907.326400 893.294787 875.812444 858.875207 859.193459 861.388014 871.717343 872.205838 872.689520 869.665713 868.544052 864.488123 854.575511 862.334652 869.709295 884.205849 894.969206 904.577196 910.910097 915.146187 915.485353 909.751153 914.007249 921.433889 936.424781 948.880992 964.577531 986.269249 1004.880363 1025.723575 1049.488743 1074.222329 1100.315882 1128.193806 1158.325578 1185.851052 1208.350876 1220.828657 1234.844866 1243.645126 1241.079875 1258.606490 1277.279934
