tests/Borden05m/data_simulated/sim_1/output-maps/psiliqL0022N0016.asc
ncols         160
nrows         34
xllcorner     620200.000000
yllcorner     5168000.000000
cellsize      0.500000
NODATA_value  -9999.0
[rows 0 to 24 of 34, columns 55 to 109 of 160]
-9999.0 -9999.0 -9999.0 -9999.0 -9999.0 -9999.0 -9999.0 -9999.0 -9999.0 -9999.0 -9999.0 -9999.0 -9999.0 -9999.0 -9999.0 -9999.0 -9999.0 -9999.0 -9999.0 -9999.0 -9999.0 -9999.0 -9999.0 -9999.0 -9999.0 -9999.0 -9999.0 -9999.0 -9999.0 -9999.0 -9999.0 -9999.0 -9999.0 -9999.0 -9999.0 -9999.0 -9999.0 -9999.0 -9999.0 -9999.0 -9999.0 -9999.0 -9999.0 -9999.0 -9999.0 -9999.0 -9999.0 -9999.0 -9999.0 -9999.0 -9999.0 -9999.0 -9999.0 -9999.0 -9999.0
-9999.0 -9999.0 -9999.0 -9999.0 2635.196872 2630.036073 2625.480728 2621.360329 2613.563356 2604.814498 2597.334885 2593.765935 2593.222136 2592.937111 2592.909285 2598.397582 2606.907366 2614.933629 2622.190291 2624.650220 2627.247912 2629.463540 2630.017931 2629.098462 2626.151393 2623.356130 2620.164610 2618.674693 2611.229311 2600.131058 2591.738211 2589.050378 2593.266657 2597.564880 2599.939743 2605.167254 2615.423545 2625.747619 2633.531176 2645.245051 2651.312034 2656.004893 2658.106728 2653.474436 2649.537789 2645.129329 2638.988699 2627.701282 -9999.0 -9999.0 -9999.0 -9999.0 -9999.0 -9999.0 -9999.0
2580.381231 2599.393739 2620.285875 2623.711663 2612.364738 2607.594051 2604.787278 2603.448991 2599.444047 2591.411483 2586.790115 2581.869108 2579.979215 2580.524338 2580.990924 2585.315674 2596.396575 2604.687635 2609.702558 2612.733518 2615.781828 2614.839828 2614.363299 2614.318305 2611.597584 2608.205271 2604.953251 2603.252070 2604.511420 2597.011965 2591.229331 2587.485957 2584.869328 2587.413316 2589.957347 2594.044071 2603.091420 2610.776181 2618.432824 2632.487010 2644.840799 2649.806577 2646.651893 2641.293763 2636.851208 2629.169522 2618.559433 2608.220797 2599.526097 2592.652777 2586.550095 2579.553285 2584.999827 2591.640780 2600.335344
2565.209767 2584.971189 2605.909600 2608.963672 2598.751108 2591.212427 2585.382950 2586.308282 2590.043517 2587.284217 2583.085595 2576.676152 2586.667467 2588.251877 2589.621305 2593.404369 2596.268654 2601.261045 2604.167573 2609.814530 2618.946261 2621.906358 2622.565998 2622.826843 2621.051823 2617.963379 2616.177075 2613.515534 2608.367062 2606.859166 2606.739220 2605.756191 2610.011697 2611.235534 2613.880380 2607.938027 2611.895981 2617.826346 2624.223774 2629.795840 2635.605272 2637.985552 2634.040823 2633.460153 2624.306928 2610.052299 2599.401846 2591.158898 2590.198481 2586.489069 2577.807281 2563.541442 2570.581165 2585.622963 2589.499887
2572.036496 2581.633231 2593.064864 2596.208995 2591.646027 2594.092563 2596.367447 2598.240518 2597.068924 2594.306061 2591.247016 2602.780884 2611.635757 2613.607698 2616.728984 2621.212905 2622.522317 2611.896890 2610.139010 2617.936107 2627.669367 2633.114458 2633.471956 2633.362106 2630.333035 2629.355163 2629.221410 2627.419112 2627.380617 2629.256546 2627.580947 2631.031376 2636.565903 2640.183013 2633.540051 2624.730257 2626.368977 2634.462440 2643.573215 2650.801262 2660.612721 2670.921382 2670.073899 2664.423334 2654.911432 2641.254906 2617.583650 2598.807826 2587.000735 2578.382887 2570.287086 2571.415199 2566.240207 2578.301013 2579.129485
2564.615902 2584.755714 2605.473856 2612.502989 2607.146070 2603.652749 2602.614528 2603.954776 2604.010394 2605.916756 2616.411151 2629.432847 2643.098207 2646.054319 2648.652405 2648.037756 2639.859051 2629.944518 2627.340351 2641.433478 2659.093325 2667.387359 2667.440203 2664.396896 2668.813342 2668.630840 2668.597383 2664.913469 2666.147522 2665.002411 2671.826009 2679.477161 2687.130721 2685.606741 2673.137643 2660.910577 2660.205905 2664.622390 2670.224246 2676.985218 2686.601929 2695.216354 2689.551151 2682.935309 2673.836421 2646.262221 2620.534298 2604.819393 2603.820942 2603.348260 2598.011150 2594.649034 2591.964582 2585.949510 2585.004915
2607.129842 2627.682478 2649.472441 2664.201318 2658.997873 2652.181960 2644.047731 2645.171451 2647.170678 2654.459469 2666.362183 2681.262238 2704.448096 2705.618480 2707.436421 2707.731740 2695.991041 2683.628735 2673.781772 2694.898720 2706.039776 2713.668666 2712.541295 2719.254895 2728.412081 2724.703022 2718.053833 2706.719187 2712.649787 2720.843903 2735.973138 2743.511006 2748.250427 2744.580538 2731.415469 2724.819736 2725.236196 2730.109774 2729.835880 2736.722281 2745.326301 2759.529041 2757.618469 2751.643792 2730.047220 2692.236799 2660.109580 2643.178829 2652.249549 2644.947362 2636.313940 2633.893589 2620.786963 2611.362771 2612.299513
2651.023996 2667.016941 2684.934588 2702.720223 2696.003893 2686.659056 2672.133084 2670.746276 2676.829272 2687.791971 2706.518671 2726.690497 2748.454547 2750.741118 2747.633501 2756.643548 2751.698904 2742.079469 2734.860510 2753.374579 2764.157106 2773.576947 2780.474233 2793.231405 2804.125347 2789.964148 2774.685120 2766.090599 2772.640464 2796.387903 2817.136076 2821.974354 2821.587452 2821.781789 2808.289045 2802.781178 2798.295935 2796.692566 2792.713602 2789.655883 2812.044180 2831.167835 2829.614593 2806.664953 2782.784456 2744.598372 2705.983886 2677.967782 2685.519099 2681.086945 2681.742938 2668.841029 2654.633473 2643.116724 2636.098665
2716.189130 2741.095502 2759.589807 2780.704988 2775.514196 2755.497563 2743.084148 2747.298954 2761.419814 2770.022573 2788.244542 2808.166284 2836.274535 2851.823327 2866.032925 2815.548172 2864.236976 2855.950028 2844.064823 2847.439118 2869.477750 2821.242075 2827.373147 2836.455722 2849.048480 2851.067442 2845.584102 2844.242135 2848.282156 2859.750125 2872.448776 2879.128216 2882.765486 2885.145015 2874.811129 2862.931816 2860.692041 2854.360823 2851.424960 2850.051568 2858.654267 2876.089580 2873.116483 2839.893886 2815.753336 2835.450479 2796.739685 2765.690961 2754.818292 2768.594977 2763.632593 2745.716394 2731.181836 2701.290978 2691.159130
2798.270145 2832.788725 2858.865008 2816.317530 2822.861252 2811.193767 2810.309648 2814.444358 2822.471631 2826.159049 2832.975142 2865.116344 2897.915593 2923.937053 2946.963067 2951.961497 2943.012764 2933.411995 2920.508880 2911.648859 2920.590213 2934.109310 2951.340220 2966.502970 2977.829504 2980.451443 2979.043475 2979.246725 2982.082052 2985.070740 2988.967182 2996.690280 3003.578812 2989.585794 2997.267330 2989.511810 2995.697796 2986.182076 2975.772917 2973.678820 2974.131061 2976.185622 2976.786086 2962.739202 2924.134013 2896.288129 2865.413084 2843.171820 2827.677227 2826.082271 2861.303336 2836.538000 2785.838661 2747.721871 2714.255034
2838.973026 2878.804020 2907.125905 2923.505499 2936.800370 2935.607403 2937.643684 2939.171419 2943.547508 2946.768705 2950.781621 2975.529942 2992.076108 3029.092284 3059.496544 3060.302680 3047.820805 3036.725231 3027.221795 3013.938252 3010.151256 3021.238980 3035.328667 3054.309388 3064.975251 3072.050584 3069.267286 3069.554456 3071.194955 3073.197700 3075.204370 3078.336263 3087.154969 3100.023483 3113.493186 3113.269703 3097.283254 3080.011105 3063.754172 3060.042301 3056.698863 3051.662142 3053.509064 3055.212334 3042.085613 3014.305895 2999.227623 2959.002223 2939.463403 2922.673055 2913.904955 2898.417771 2865.296923 2859.598393 2821.731702
2950.155536 2981.504250 2987.171667 3015.730616 3031.287404 3034.816686 3032.883863 3032.386823 3039.280557 3042.818162 3049.518414 3065.552326 3093.786811 3127.018792 3155.590557 3171.317558 3164.582250 3148.132949 3127.349103 3118.828806 3116.371616 3119.520493 3128.189415 3139.668659 3157.993738 3176.176678 3176.863663 3177.700513 3179.909949 3177.391820 3178.543000 3178.628289 3181.020259 3188.438732 3197.522994 3200.684665 3194.083481 3179.561623 3157.318755 3145.253928 3138.271246 3134.652124 3134.917675 3139.098210 3141.445777 3127.787509 3095.917031 3053.781600 3023.348372 3006.767550 2994.857818 3004.632228 2993.284048 2967.008263 2946.801234
3033.402747 3047.905686 3073.775107 3101.543369 3124.048221 3138.962381 3140.159811 3143.728634 3148.355433 3156.193564 3171.027675 3187.897727 3205.084335 3225.971467 3250.951729 3266.094948 3271.391229 3270.224336 3266.902424 3268.249193 3268.549863 3215.214952 3220.631805 3226.018112 3240.546304 3254.017392 3258.551480 3259.095091 3257.200171 3258.568521 3259.206047 3259.164086 3258.801592 3260.519251 3264.833205 3266.482150 3264.459580 3253.696700 3268.050908 3248.912338 3235.939764 3227.995678 3219.980872 3211.762455 3202.452577 3193.106950 3179.483612 3150.210057 3116.595897 3094.261226 3085.814110 3081.150339 3073.489004 3068.210315 3052.040528
3129.970041 3140.571866 3157.851628 3179.453737 3206.120812 3227.843579 3238.802472 3247.747249 3252.322020 3265.673512 3281.305153 3267.777139 3274.843655 3282.171612 3289.452390 3291.952426 3292.667828 3292.336983 3289.998225 3289.337775 3287.125292 3283.373392 3273.196284 3274.774835 3276.605345 3279.188838 3282.850577 3281.690664 3282.756715 3285.688144 3284.002433 3278.126085 3274.193042 3272.624859 3273.481750 3280.815643 3284.201011 3285.120007 3282.365496 3281.504664 3280.656461 3277.758282 3274.138918 3269.035717 3262.507175 3274.410815 3263.291552 3236.771202 3199.076888 3165.275742 3156.494829 3156.978458 3157.192587 3155.503033 3150.005133
3243.457224 3256.483544 3270.616974 3253.265873 3272.019995 3281.750401 3286.307145 3289.988426 3292.647154 3295.233678 3292.169280 3289.056925 3284.251083 3282.783908 3281.464576 3279.057934 3279.699384 3277.814304 3273.819790 3269.949334 3262.436001 3251.147286 3239.976803 3236.697980 3241.072305 3246.525363 3251.451351 3255.564712 3259.172316 3259.457890 3254.205973 3245.979156 3238.599736 3236.888716 3243.635041 3249.307999 3255.481991 3256.301918 3254.922692 3252.571899 3252.452482 3249.409081 3249.694617 3256.577771 3270.864789 3274.334429 3279.370365 3278.652375 3264.477675 3239.076029 3245.880063 3226.270888 3231.766287 3227.337445 3216.211652
3283.895895 3286.261941 3284.875635 3283.610510 3277.372493 3271.428265 3270.690302 3274.674441 3281.658216 3282.796416 3275.828491 3267.423474 3260.358267 3253.192238 3250.966273 3250.271247 3249.955856 3250.389336 3245.161360 3236.340082 3220.178494 3208.713089 3197.684823 3191.769285 3188.488940 3192.327005 3203.161376 3214.622978 3219.537072 3210.943136 3202.796486 3191.351683 3183.340503 3183.744219 3185.083959 3194.408332 3210.422315 3217.158137 3217.901601 3211.786556 3205.807252 3199.343175 3196.518554 3202.967355 3218.016211 3233.921129 3248.866130 3257.656127 3265.191618 3272.079663 3271.811094 3274.138078 3275.421535 3273.603798 3275.564502
3277.935243 3271.115744 3264.311207 3259.154546 3252.753639 3247.443604 3245.707794 3247.776997 3250.015776 3246.203078 3239.877131 3230.289470 3219.481259 3209.941203 3202.819152 3203.851205 3206.209580 3207.746911 3200.816297 3186.172510 3173.801321 3160.671656 3146.955910 3143.066432 3137.486342 3130.747391 3140.935678 3159.902566 3166.949300 3151.604670 3141.054345 3126.213594 3119.498770 3115.771055 3116.746693 3125.756791 3147.479682 3170.266959 3172.120853 3161.526921 3151.025504 3146.250506 3143.169910 3148.152421 3164.816867 3179.672255 3194.878882 3204.896778 3210.172330 3217.910829 3227.194346 3240.496799 3254.729787 3266.608704 3272.172648
3253.389476 3245.730667 3238.181749 3230.712366 3223.957336 3218.227422 3214.095163 3212.212803 3208.740385 3202.851635 3196.326494 3182.783691 3170.856054 3158.390239 3143.996592 3140.372745 3136.184535 3137.527312 3126.289730 3117.933324 3101.421437 3086.334825 3072.132793 3059.679355 3054.008121 3047.584010 3047.350501 3061.245711 3069.787349 3059.421412 3049.651686 3038.552845 3033.688625 3030.379857 3032.720363 3043.088463 3063.180636 3081.496652 3089.491048 3081.991763 3079.665787 3077.707481 3076.060744 3082.035006 3093.471088 3111.334875 3133.034839 3150.964306 3160.525653 3167.455678 3176.518493 3185.127900 3198.640779 3212.634451 3230.131602
3223.299099 3214.522422 3204.852719 3195.436940 3185.541833 3180.720444 3174.688989 3177.110797 3171.109687 3165.476401 3144.884229 3092.690818 3073.982297 3055.656268 3039.957889 3033.736521 3025.880862 3011.962212 3003.408374 2998.613953 2998.849491 2985.998987 2991.292004 2974.613967 2969.603599 2965.851074 2950.478480 2948.044285 2949.157558 2962.473270 2956.167780 2953.904233 2954.932718 2952.631852 2954.494826 2967.575304 2976.414461 2983.152624 2989.967071 2993.507198 3002.652081 2986.323461 2993.495314 3009.949769 3021.097997 3036.583341 3056.745278 3080.156788 3094.683580 3103.914903 3114.161068 3128.960905 3144.949129 3162.322276 3184.187252
3189.919335 3179.719025 3165.818175 3151.864558 3139.513536 3127.291637 3112.460919 3114.332633 3112.133666 3102.674265 3052.737477 3013.496824 3003.815803 2987.007261 2963.669823 2950.632273 2938.058913 2902.449451 2885.679135 2883.895680 2896.438862 2891.689251 2877.216019 2864.997164 2855.910938 2847.166774 2830.569979 2814.075590 2819.812873 2836.831428 2836.623934 2838.922654 2846.021099 2845.348714 2839.527249 2838.789063 2851.455384 2857.658448 2868.680874 2885.070933 2889.864505 2900.959036 2932.789168 2945.960727 2961.180942 2980.036488 3000.169009 2997.830848 3018.062809 3031.503483 3046.125556 3062.910155 3079.167356 3099.195016 3121.573819
3146.130227 3116.561536 3096.274726 3079.571740 3062.558662 3037.579267 3017.971244 3016.073706 3010.154407 2985.054276 2956.490433 2923.314524 2899.685090 2877.908341 2854.742332 2834.901001 2852.260751 2817.594177 2795.366878 2808.006319 2817.656846 2826.329181 2814.078803 2802.558895 2792.514168 2775.139945 2758.415956 2742.910509 2753.249930 2761.818082 2778.505797 2784.805516 2788.926313 2794.413129 2793.464703 2784.619914 2782.400028 2791.355579 2802.205035 2814.880133 2835.552388 2818.326816 2840.233243 2858.203153 2878.699544 2895.150551 2916.634409 2938.728733 2961.145132 2978.060030 2995.796199 2989.852045 3008.879955 3027.906720 3050.707717
3070.920945 3043.352356 3017.562774 2996.422330 2989.059558 2945.373034 2933.493428 2924.496858 2904.519122 2859.798591 2821.954005 2849.120471 2833.198960 2808.841029 2786.329371 2756.993949 2724.482999 2701.454310 2680.471686 2689.456923 2698.492093 2716.214416 2706.483121 2698.465587 2694.529124 2679.098014 2665.526795 2649.406076 2655.886940 2667.538588 2689.717126 2695.471324 2699.700171 2708.893610 2708.488760 2704.811436 2689.703909 2697.529495 2709.065877 2724.589259 2755.669691 2778.383294 2802.237946 2825.250685 2846.092439 2817.567751 2837.465727 2860.474837 2884.064051 2903.427463 2922.330291 2942.712958 2962.146853 2977.587755 2994.339393
2989.218543 2965.051374 2945.009097 2921.283474 2883.849555 2843.247635 2854.028828 2828.670521 2778.405537 2742.605112 2718.653130 2714.955549 2701.094284 2680.091457 2659.832353 2638.407996 2615.461039 2595.597591 2570.419863 2575.075873 2589.792018 2605.848447 2605.438205 2605.246646 2603.269057 2593.466090 2579.893348 2566.229506 2569.908506 2586.620973 2604.449327 2614.130166 2621.859676 2629.861784 2630.028584 2621.463013 2612.249639 2617.736412 2633.471736 2651.459584 2670.670722 2692.411563 2714.657084 2736.339466 2759.998000 2782.875929 2807.225352 2833.431607 2811.167487 2829.531504 2852.872724 2874.587013 2891.568891 2901.092279 2910.217025
2889.277153 2869.613858 2846.570914 2822.178229 2827.100462 2786.690851 2746.113173 2699.796469 2665.738439 2634.708306 2625.235031 2609.045377 2594.631182 2579.193042 2558.684819 2542.032103 2526.464328 2504.926935 2493.098412 2499.671640 2512.718500 2521.191825 2526.965127 2524.542697 2521.975190 2515.911556 2502.001657 2496.640386 2506.344454 2521.583112 2535.572588 2546.995853 2554.054049 2559.609098 2556.941166 2548.330451 2545.227359 2553.824743 2569.677964 2583.528123 2599.240136 2620.562972 2642.696502 2665.353379 2689.001605 2712.109353 2737.797628 2764.107376 2790.157660 2818.130865 2841.855201 2813.058890 2819.722542 2829.377876 2830.630072
2811.653170 2798.488277 2772.225395 2743.432858 2714.362612 2680.044062 2654.056349 2621.191161 2590.859021 2561.817549 2536.057577 2522.675578 2515.583647 2502.196798 2484.786552 2473.252998 2457.472134 2445.857073 2450.511647 2451.823726 2460.213776 2458.722985 2459.436475 2456.787526 2456.009943 2453.337862 2446.319416 2457.208136 2463.973703 2477.628789 2487.846337 2497.605836 2503.635374 2507.505227 2508.642033 2504.305974 2510.038476 2516.665760 2530.824298 2542.372305 2556.514254 2576.881080 2593.922220 2613.346053 2637.168566 2661.036040 2685.977920 2712.609611 2741.345758 2767.003815 2786.133013 2793.523898 2804.244769 2808.142624 2799.877770
