tests/Borden05m/data_simulated/sim_1/output-maps/psiliqL0023N0009.asc
ncols         160
nrows         34
xllcorner     620200.000000
yllcorner     5168000.000000
cellsize      0.500000
NODATA_value  -9999.0
[rows 0 to 24 of 34, columns 0 to 54 of 160]
-9999.0 -9999.0 -9999.0 -9999.0 -9999.0 -9999.0 -9999.0 -9999.0 -9999.0 -9999.0 -9999.0 -9999.0 -9999.0 -9999.0 -9999.0 -9999.0 -9999.0 -9999.0 -9999.0 -9999.0 -9999.0 -9999.0 -9999.0 -9999.0 -9999.0 -9999.0 -9999.0 -9999.0 -9999.0 -9999.0 -9999.0 -9999.0 -9999.0 -9999.0 -9999.0 -9999.0 -9999.0 -9999.0 -9999.0 -9999.0 -9999.0 -9999.0 -9999.0 -9999.0 -9999.0 -9999.0 -9999.0 -9999.0 -9999.0 -9999.0 -9999.0 -9999.0 -9999.0 -9999.0 -9999.0
-9999.0 -9999.0 -9999.0 -9999.0 -9999.0 -9999.0 -9999.0 -9999.0 -9999.0 -9999.0 -9999.0 -9999.0 -9999.0 -9999.0 -9999.0 -9999.0 -9999.0 -9999.0 -9999.0 -9999.0 -9999.0 -9999.0 -9999.0 -9999.0 -9999.0 -9999.0 -9999.0 -9999.0 -9999.0 -9999.0 -9999.0 -9999.0 -9999.0 -9999.0 -9999.0 -9999.0 -9999.0 -9999.0 -9999.0 -9999.0 -9999.0 -9999.0 -9999.0 -9999.0 -9999.0 -9999.0 -9999.0 -9999.0 -9999.0 -9999.0 -9999.0 -9999.0 -9999.0 -9999.0 -9999.0
-9999.0 -9999.0 -9999.0 -9999.0 -9999.0 -9999.0 -9999.0 -9999.0 -9999.0 -9999.0 -9999.0 -9999.0 -9999.0 -9999.0 -9999.0 -9999.0 -9999.0 -9999.0 -9999.0 -9999.0 -9999.0 -9999.0 -9999.0 -9999.0 -9999.0 -9999.0 -9999.0 -9999.0 -9999.0 -9999.0 -9999.0 -9999.0 -9999.0 -9999.0 -9999.0 -9999.0 -9999.0 -9999.0 -9999.0 -9999.0 -9999.0 -9999.0 -9999.0 -9999.0 -9999.0 -9999.0 -9999.0 2711.339373 2694.460954 2681.091237 2677.537878 2699.588968 2723.470740 2748.036082 2769.298638
-9999.0 -9999.0 -9999.0 -9999.0 -9999.0 -9999.0 -9999.0 -9999.0 -9999.0 -9999.0 -9999.0 -9999.0 -9999.0 -9999.0 -9999.0 -9999.0 -9999.0 -9999.0 -9999.0 -9999.0 -9999.0 -9999.0 -9999.0 -9999.0 -9999.0 -9999.0 -9999.0 -9999.0 -9999.0 -9999.0 -9999.0 -9999.0 -9999.0 -9999.0 -9999.0 -9999.0 -9999.0 -9999.0 -9999.0 -9999.0 2759.178276 2765.422947 2765.995331 2756.609392 2745.916508 2733.077309 2712.993369 2695.774233 2682.727945 2681.265616 2684.432373 2688.334115 2710.147732 2736.180370 2756.801112
-9999.0 -9999.0 -9999.0 -9999.0 -9999.0 -9999.0 -9999.0 -9999.0 -9999.0 -9999.0 -9999.0 -9999.0 -9999.0 -9999.0 -9999.0 -9999.0 -9999.0 -9999.0 -9999.0 -9999.0 -9999.0 -9999.0 -9999.0 -9999.0 -9999.0 -9999.0 -9999.0 -9999.0 -9999.0 -9999.0 -9999.0 -9999.0 -9999.0 -9999.0 2664.272700 2681.707599 2700.277896 2719.517483 2737.149025 2744.743029 2750.851620 2756.759345 2752.828196 2749.021827 2738.058980 2718.045502 2699.270333 2686.786213 2686.187513 2684.457861 2688.916569 2701.503632 2718.957995 2735.003397 2756.372399
-9999.0 -9999.0 -9999.0 -9999.0 -9999.0 -9999.0 -9999.0 -9999.0 -9999.0 -9999.0 -9999.0 -9999.0 -9999.0 -9999.0 -9999.0 -9999.0 -9999.0 -9999.0 -9999.0 -9999.0 -9999.0 -9999.0 -9999.0 -9999.0 -9999.0 -9999.0 -9999.0 -9999.0 2666.376458 2660.879472 2656.688101 2655.910329 2655.290899 2655.028562 2662.188642 2674.100408 2692.061422 2714.859252 2728.889569 2736.906690 2744.421691 2745.558795 2740.592170 2739.592578 2740.813664 2729.056365 2717.608166 2706.929203 2696.572228 2694.562099 2704.422009 2719.481623 2736.516235 2751.967375 2767.986258
-9999.0 -9999.0 -9999.0 -9999.0 -9999.0 -9999.0 -9999.0 -9999.0 -9999.0 -9999.0 -9999.0 -9999.0 -9999.0 -9999.0 -9999.0 -9999.0 -9999.0 -9999.0 -9999.0 -9999.0 -9999.0 -9999.0 -9999.0 2634.146593 2639.619766 2646.729090 2655.035797 2656.656158 2653.693481 2648.916220 2646.945559 2646.369829 2645.095023 2650.473223 2658.472003 2672.348225 2688.568989 2711.663062 2720.877713 2726.418788 2738.819594 2743.205198 2751.478572 2756.295648 2755.282077 2752.244647 2738.646214 2728.370310 2731.976381 2737.235209 2744.933112 2753.994661 2768.090613 2782.909262 2799.207339
-9999.0 -9999.0 -9999.0 -9999.0 -9999.0 -9999.0 -9999.0 -9999.0 -9999.0 -9999.0 -9999.0 -9999.0 -9999.0 -9999.0 -9999.0 -9999.0 -9999.0 -9999.0 -9999.0 2608.328267 2609.707020 2611.642252 2616.956179 2617.771428 2620.168848 2627.673746 2636.480272 2640.058407 2638.728200 2638.493043 2640.764066 2644.321757 2649.777033 2661.353141 2675.734783 2690.602972 2704.521299 2726.109998 2741.440953 2754.914925 2771.241703 2772.423335 2769.722083 2768.974924 2769.860632 2769.283813 2769.754050 2770.478108 2777.528507 2780.002176 2785.002819 2794.825541 2806.166750 2823.630727 2842.232921
-9999.0 -9999.0 -9999.0 -9999.0 -9999.0 -9999.0 -9999.0 -9999.0 -9999.0 -9999.0 -9999.0 -9999.0 -9999.0 -9999.0 -9999.0 -9999.0 2578.799134 2580.956294 2583.788406 2589.692983 2593.762281 2598.313228 2605.807220 2607.664136 2611.862289 2619.745944 2625.135530 2635.182463 2644.357495 2652.364689 2659.126643 2662.506875 2670.117288 2680.289761 2692.660747 2707.665198 2728.825682 2753.024100 2769.497775 2787.060200 2805.194311 2806.778372 2806.236684 2807.664623 2807.362009 2809.418168 2825.093577 2829.677822 2826.803568 2838.951633 2852.094631 2856.156159 2799.911856 2817.278269 2838.920501
-9999.0 -9999.0 -9999.0 -9999.0 -9999.0 -9999.0 -9999.0 -9999.0 -9999.0 -9999.0 -9999.0 -9999.0 -9999.0 2528.724805 2533.177436 2543.848433 2555.371500 2558.894299 2564.333708 2571.527031 2584.322842 2588.613890 2595.253240 2603.172045 2616.638848 2626.190738 2635.967577 2648.602947 2657.569666 2665.447055 2672.868346 2677.329932 2690.132641 2705.362800 2721.003421 2741.250021 2763.845537 2783.428788 2801.855545 2818.881622 2832.066421 2831.686860 2831.971006 2835.249242 2841.495984 2794.598245 2809.479476 2811.187943 2822.035481 2842.251485 2852.449892 2860.042082 2864.619535 2877.488773 2897.983937
-9999.0 -9999.0 -9999.0 -9999.0 -9999.0 -9999.0 -9999.0 -9999.0 -9999.0 -9999.0 2498.436766 2500.613527 2497.654987 2496.247114 2502.585441 2515.641658 2530.768632 2537.329214 2550.008092 2572.016651 2591.209022 2595.077278 2609.341604 2621.010441 2628.845373 2639.796777 2653.607858 2666.692747 2683.230353 2695.874293 2706.208735 2724.168694 2740.807710 2757.944221 2776.254934 2797.385321 2814.113081 2839.543078 2809.170700 2816.696664 2833.974623 2838.006681 2833.441855 2831.347139 2839.667550 2849.868950 2865.331158 2881.970230 2899.801956 2921.589368 2932.894307 2945.333028 2954.050881 2964.183420 2978.629398
-9999.0 -9999.0 -9999.0 -9999.0 -9999.0 -9999.0 -9999.0 -9999.0 2472.469417 2480.906108 2487.180943 2484.706060 2481.033700 2476.521737 2491.863482 2508.309744 2525.105467 2544.153069 2560.645845 2579.613149 2594.488188 2610.387119 2632.144238 2644.433284 2656.453108 2672.634468 2686.866818 2703.277147 2724.812807 2734.771279 2748.352205 2769.120820 2785.424821 2803.560979 2823.051950 2840.913031 2802.899141 2831.376078 2858.657942 2875.453080 2900.757499 2918.028101 2912.902199 2911.607666 2913.030110 2935.838734 2961.886716 2990.081258 2995.386472 3018.187582 3045.460341 3062.997553 3071.731374 3082.344379 3095.637531
-9999.0 -9999.0 -9999.0 -9999.0 -9999.0 -9999.0 2442.783445 2467.638768 2483.548811 2475.886185 2463.695255 2459.870038 2455.269540 2485.260366 2508.652963 2527.092328 2544.933485 2563.495392 2580.641667 2591.001831 2623.534774 2643.888898 2657.883260 2673.875855 2689.783466 2705.675406 2723.601833 2746.692091 2766.223488 2790.197088 2810.094666 2829.639457 2795.440675 2810.925995 2827.174116 2840.947787 2867.003394 2900.656334 2934.524490 2959.091704 2983.064012 2999.920183 3000.299303 3002.165289 3004.338630 3026.083742 3057.976345 3086.615531 3117.443265 3147.314957 3174.099872 3182.568212 3191.076977 3200.566648 3212.533225
-9999.0 -9999.0 -9999.0 -9999.0 2408.817204 2430.050638 2449.722234 2480.652313 2503.645281 2499.657330 2505.748126 2505.509219 2503.031752 2509.069490 2518.294886 2537.113792 2557.406487 2577.932480 2594.175311 2625.703534 2673.512024 2687.481304 2708.241639 2739.872703 2753.337465 2769.442459 2786.862354 2809.432497 2830.151231 2799.506625 2833.808829 2863.911651 2884.023274 2902.668986 2921.174698 2938.446899 2971.718618 2994.151253 3028.116966 3058.846014 3085.151056 3109.443413 3116.772578 3121.589753 3131.174044 3147.041231 3168.286398 3193.095136 3224.876898 3255.968782 3278.905592 3288.549439 3293.883449 3303.058553 3310.810969
-9999.0 -9999.0 -9999.0 2355.482445 2394.791865 2434.461622 2461.188612 2492.470163 2525.796746 2528.243061 2538.355522 2541.052924 2543.142137 2551.053212 2557.442624 2575.734560 2594.890221 2615.116067 2639.475869 2676.015715 2708.643730 2731.732752 2762.348073 2782.307031 2799.429385 2815.185791 2835.541025 2858.248303 2830.006896 2858.010174 2903.337970 2953.198864 2985.215242 2991.866655 3012.241083 3038.035030 3061.567292 3097.567486 3130.381638 3161.395980 3189.279662 3211.000653 3225.594222 3230.252490 3238.981894 3244.854193 3257.775823 3278.026573 3299.390531 3328.662455 3356.845671 3383.529837 3397.778583 3407.972093 3424.190328
-9999.0 -9999.0 2307.097886 2346.382000 2378.852137 2427.188424 2481.077163 2517.065101 2558.133793 2579.915701 2585.800997 2599.941587 2614.791866 2619.919644 2632.942188 2649.200445 2672.275224 2682.933650 2704.670596 2726.639968 2768.457478 2807.572549 2812.586878 2796.411675 2824.993511 2854.928781 2873.734035 2899.302305 2933.797913 2968.509634 2999.360098 3046.976371 3080.747320 3107.729389 3122.390293 3140.969300 3160.614727 3183.280027 3217.705452 3243.194226 3274.906401 3299.488808 3318.833149 3320.765610 3323.524094 3338.842772 3365.166154 3393.567463 3420.396014 3447.066492 3437.213374 3456.559273 3465.183073 3469.994603 3477.559958
-9999.0 -9999.0 2277.768959 2324.134509 2360.695013 2421.806320 2507.474061 2543.788551 2586.062144 2634.137013 2651.710025 2676.485251 2678.342405 2676.037030 2698.207981 2717.749260 2738.758393 2748.986631 2747.364112 2801.356332 2799.649259 2829.041207 2845.724747 2916.744012 2965.652476 2986.473617 2988.226199 3006.811421 3026.502834 3064.579081 3104.114788 3156.117204 3194.952378 3223.569528 3237.299331 3255.491532 3273.987284 3288.685710 3307.011226 3350.327497 3382.228297 3410.613495 3440.165940 3460.509728 3468.213885 3472.359015 3451.168630 3467.295037 3478.233958 3482.951966 3484.767678 3481.077770 3480.456671 3481.219410 3482.150214
-9999.0 2185.312861 2237.918866 2289.482021 2355.608929 2419.445044 2497.752603 2575.489123 2641.598806 2695.040065 2724.306415 2725.990004 2739.543845 2772.371358 2796.870629 2819.681447 2827.935984 2839.976926 2826.507515 2819.024732 2855.566834 2909.921510 2998.274180 3053.569177 3109.351540 3105.973067 3095.010027 3101.050212 3118.058528 3161.966262 3233.959500 3285.758754 3346.013758 3390.752793 3406.162324 3412.534712 3429.956745 3449.564124 3409.130079 3445.413444 3461.980251 3475.806983 3482.823059 3484.728948 3485.793450 3485.595366 3482.010644 3475.168840 3467.120556 3461.372188 3457.205281 3452.702838 3455.131181 3458.442787 3458.817008
-9999.0 2147.719178 2205.851490 2275.468002 2344.477208 2398.043056 2487.542844 2649.478214 2712.148164 2752.921546 2766.550880 2758.726843 2824.682579 2848.147700 2873.452925 2917.324238 2904.124287 2889.867177 2859.087738 2884.146935 2924.282701 2981.342240 3140.345653 3224.186855 3267.544721 3275.406380 3277.154459 3303.850290 3344.587694 3387.331477 3428.091996 3405.165771 3446.886136 3467.271959 3471.532685 3472.129266 3476.704124 3475.474981 3473.720542 3469.415259 3464.359712 3464.502725 3468.909822 3468.730580 3465.832212 3462.561465 3456.930718 3449.504618 3444.237882 3439.621721 3436.945817 3434.073277 3432.231491 3431.735684 3427.099635
-9999.0 2110.150459 2184.244529 2244.310238 2296.010467 2394.163713 2524.454750 2668.612738 2766.851776 2805.075429 2798.163311 2811.485635 2911.204153 3004.719790 3054.410576 3074.863880 3060.051261 3018.222364 3003.376381 3045.318998 3112.011707 3219.744083 3342.673281 3433.474195 3447.196654 3450.038534 3409.744608 3431.426071 3451.521959 3453.903675 3454.846726 3461.282762 3466.241252 3469.040208 3467.517676 3464.636544 3459.871219 3451.773993 3446.941354 3443.359725 3439.658337 3438.656562 3440.778657 3442.407283 3439.666400 3435.807187 3431.343375 3425.760856 3419.530181 3412.842895 3408.657265 3404.511741 3402.428396 3397.154494 3393.529363
-9999.0 1992.798682 2087.403966 2132.011242 2217.217272 2402.998519 2532.884242 2677.523581 2818.286758 2842.269786 2894.172480 3019.924793 3132.318290 3207.489941 3237.383991 3271.063376 3295.081403 3311.550120 3346.098468 3247.403183 3319.231813 3403.446909 3441.245793 3457.636390 3464.734648 3465.048332 3455.576522 3435.169056 3424.515286 3417.768410 3419.372329 3426.597532 3431.424674 3436.334023 3434.070344 3434.972347 3435.766301 3432.468907 3428.534143 3419.973965 3412.207778 3405.763505 3402.876347 3407.694776 3403.010455 3400.482241 3394.412203 3386.173442 3377.542947 3370.203468 3362.418602 3355.928743 3353.666652 3348.649533 3347.505145
-9999.0 1911.997133 1985.817172 2053.225657 2171.310746 2336.084418 2441.675738 2603.144146 2815.932566 2944.205205 3090.574802 3173.623876 3241.775840 3286.646785 3338.053970 3386.350024 3410.995672 3420.892698 3394.675861 3412.533840 3372.004509 3361.308804 3377.895606 3405.576255 3421.203979 3425.014494 3416.929557 3407.370514 3400.136152 3399.011572 3397.044342 3393.606554 3390.068818 3386.821552 3383.680070 3386.362626 3391.446670 3384.615195 3374.961612 3365.890698 3357.698573 3348.751907 3342.951536 3338.652949 3338.686483 3338.887878 3331.404740 3321.080977 3310.450632 3302.333915 3295.168515 3290.542031 3288.051920 3283.260666 3274.314364
-9999.0 1797.227709 1927.436882 2008.421039 2110.006859 2241.587066 2352.288169 2508.405583 2645.389228 2859.502644 2997.766669 3164.350271 3209.090815 3273.667753 3322.318164 3391.696801 3388.223157 3356.619547 3315.577844 3299.005782 3307.754999 3316.082188 3324.852938 3339.990838 3357.073452 3366.723395 3370.764210 3364.263279 3350.179729 3338.489928 3328.482517 3315.795677 3306.990844 3304.829594 3308.001654 3317.232304 3318.180664 3308.975738 3295.245622 3277.720994 3262.614613 3251.201233 3249.022948 3251.479124 3252.368033 3248.538153 3242.624828 3232.123423 3219.759661 3207.738875 3201.827935 3197.426370 3190.385462 3179.806415 3170.042882
-9999.0 -9999.0 1844.358357 1953.619447 2050.895767 2165.224513 2261.658215 2387.031211 2531.483198 2707.880480 2797.541081 2962.351841 3044.000858 3085.848329 3122.309581 3175.334485 3197.540307 3224.436078 3214.774063 3223.623958 3231.723790 3236.364301 3241.997199 3248.586466 3259.262220 3268.733831 3278.039142 3275.282930 3266.341777 3246.721889 3222.497172 3203.726853 3193.700145 3185.081735 3196.428941 3208.626280 3203.811273 3197.032759 3184.726666 3170.354848 3157.824672 3143.840690 3140.386623 3140.476823 3141.028166 3138.694379 3135.845558 3123.907353 3111.737038 3101.596319 3097.427974 3091.924025 3088.135877 3078.392285 3067.975048
-9999.0 -9999.0 1756.983657 1862.333682 1967.695349 2086.859781 2175.454105 2205.663952 2347.202642 2456.022644 2565.014809 2676.591853 2772.168656 2801.516222 2835.752636 2896.846558 2948.502867 2965.766110 2989.738273 3034.763361 3065.753956 3101.105355 3122.061155 3131.408491 3143.755025 3157.500249 3165.018631 3150.642939 3139.468246 3122.621297 3100.263102 3074.704719 3061.704754 3060.493693 3060.398923 3062.887040 3055.854392 3046.886683 3032.650394 3018.557886 3006.335151 2996.952443 2993.353450 2988.456337 2986.520627 2983.903794 2982.385168 2990.986986 2982.296353 2977.047325 2968.940026 2964.725498 2963.419423 2959.539897 2953.096890
