tests/Borden05m/data_simulated/sim_1/output-maps/psiliqL0000N0006.asc
ncols         160
nrows         34
xllcorner     620200.000000
yllcorner     5168000.000000
cellsize      0.500000
NODATA_value  -9999.0
[rows 0 to 24 of 34, columns 0 to 57 of 160]
-9999.0 -9999.0 -9999.0 -9999.0 -9999.0 -9999.0 -9999.0 -9999.0 -9999.0 -9999.0 -9999.0 -9999.0 -9999.0 -9999.0 -9999.0 -9999.0 -9999.0 -9999.0 -9999.0 -9999.0 -9999.0 -9999.0 -9999.0 -9999.0 -9999.0 -9999.0 -9999.0 -9999.0 -9999.0 -9999.0 -9999.0 -9999.0 -9999.0 -9999.0 -9999.0 -9999.0 -9999.0 -9999.0 -9999.0 -9999.0 -9999.0 -9999.0 -9999.0 -9999.0 -9999.0 -9999.0 -9999.0 -9999.0 -9999.0 -9999.0 -9999.0 -9999.0 -9999.0 -9999.0 -9999.0 -9999.0 -9999.0 -9999.0
-9999.0 -9999.0 -9999.0 -9999.0 -9999.0 -9999.0 -9999.0 -9999.0 -9999.0 -9999.0 -9999.0 -9999.0 -9999.0 -9999.0 -9999.0 -9999.0 -9999.0 -9999.0 -9999.0 -9999.0 -9999.0 -9999.0 -9999.0 -9999.0 -9999.0 -9999.0 -9999.0 -9999.0 -9999.0 -9999.0 -9999.0 -9999.0 -9999.0 -9999.0 -9999.0 -9999.0 -9999.0 -9999.0 -9999.0 -9999.0 -9999.0 -9999.0 -9999.0 -9999.0 -9999.0 -9999.0 -9999.0 -9999.0 -9999.0 -9999.0 -9999.0 -9999.0 -9999.0 -9999.0 -9999.0 -9999.0 -9999.0 -9999.0
-9999.0 -9999.0 -9999.0 -9999.0 -9999.0 -9999.0 -9999.0 -9999.0 -9999.0 -9999.0 -9999.0 -9999.0 -9999.0 -9999.0 -9999.0 -9999.0 -9999.0 -9999.0 -9999.0 -9999.0 -9999.0 -9999.0 -9999.0 -9999.0 -9999.0 -9999.0 -9999.0 -9999.0 -9999.0 -9999.0 -9999.0 -9999.0 -9999.0 -9999.0 -9999.0 -9999.0 -9999.0 -9999.0 -9999.0 -9999.0 -9999.0 -9999.0 -9999.0 -9999.0 -9999.0 -9999.0 -9999.0 -480.576278 -485.241422 -491.007490 -492.757414 -486.499251 -484.330644 -482.544515 -481.752347 -481.133403 -479.623056 -475.813334
-9999.0 -9999.0 -9999.0 -9999.0 -9999.0 -9999.0 -9999.0 -9999.0 -9999.0 -9999.0 -9999.0 -9999.0 -9999.0 -9999.0 -9999.0 -9999.0 -9999.0 -9999.0 -9999.0 -9999.0 -9999.0 -9999.0 -9999.0 -9999.0 -9999.0 -9999.0 -9999.0 -9999.0 -9999.0 -9999.0 -9999.0 -9999.0 -9999.0 -9999.0 -9999.0 -9999.0 -9999.0 -9999.0 -9999.0 -9999.0 -483.815783 -481.620204 -479.633282 -482.587634 -483.439548 -482.503576 -485.337373 -488.905562 -492.711389 -491.230535 -491.253718 -494.674465 -490.783787 -487.956113 -487.646544 -487.594675 -485.406745 -480.755191
-9999.0 -9999.0 -9999.0 -9999.0 -9999.0 -9999.0 -9999.0 -9999.0 -9999.0 -9999.0 -9999.0 -9999.0 -9999.0 -9999.0 -9999.0 -9999.0 -9999.0 -9999.0 -9999.0 -9999.0 -9999.0 -9999.0 -9999.0 -9999.0 -9999.0 -9999.0 -9999.0 -9999.0 -9999.0 -9999.0 -9999.0 -9999.0 -9999.0 -9999.0 -490.697449 -486.759849 -485.483576 -484.385438 -482.264696 -483.682690 -484.933200 -483.065258 -484.804436 -484.588791 -486.396231 -490.037636 -493.650051 -495.528977 -492.661348 -493.419106 -493.593871 -491.841048 -491.144453 -491.453762 -489.317022 -485.382799 -488.732052 -488.336998
-9999.0 -9999.0 -9999.0 -9999.0 -9999.0 -9999.0 -9999.0 -9999.0 -9999.0 -9999.0 -9999.0 -9999.0 -9999.0 -9999.0 -9999.0 -9999.0 -9999.0 -9999.0 -9999.0 -9999.0 -9999.0 -9999.0 -9999.0 -9999.0 -9999.0 -9999.0 -9999.0 -9999.0 -483.812298 -485.424381 -486.621080 -486.460035 -487.061721 -489.542691 -490.487119 -490.537626 -488.852409 -485.812834 -485.805684 -486.722508 -486.782411 -487.806443 -490.278861 -490.380221 -487.306176 -489.470328 -490.207136 -491.515354 -495.637381 -496.724394 -494.515691 -492.619702 -491.237192 -491.536950 -492.164365 -493.226045 -493.870545 -488.697134
-9999.0 -9999.0 -9999.0 -9999.0 -9999.0 -9999.0 -9999.0 -9999.0 -9999.0 -9999.0 -9999.0 -9999.0 -9999.0 -9999.0 -9999.0 -9999.0 -9999.0 -9999.0 -9999.0 -9999.0 -9999.0 -9999.0 -9999.0 -485.939540 -484.458508 -484.044496 -482.806280 -483.612379 -487.041008 -489.114407 -489.969290 -490.711518 -492.558372 -492.936521 -493.317513 -492.663895 -492.456932 -489.225404 -491.810145 -493.577057 -490.618622 -491.591588 -489.368999 -486.787839 -487.280032 -486.529890 -491.016280 -494.372824 -490.708893 -489.436467 -489.983429 -491.321025 -490.820975 -490.145731 -489.302504 -487.231526 -484.398090 -482.291827
-9999.0 -9999.0 -9999.0 -9999.0 -9999.0 -9999.0 -9999.0 -9999.0 -9999.0 -9999.0 -9999.0 -9999.0 -9999.0 -9999.0 -9999.0 -9999.0 -9999.0 -9999.0 -9999.0 -484.991472 -485.543293 -486.610243 -486.344215 -489.792785 -491.306417 -490.567724 -489.011798 -490.152718 -492.064751 -493.670610 -493.514220 -493.375152 -493.930001 -491.801665 -490.272012 -490.200106 -491.453026 -489.171853 -489.021703 -487.971204 -483.940514 -487.148853 -490.079507 -491.594425 -491.734638 -492.736677 -490.203908 -489.589129 -489.701025 -490.547197 -491.078105 -491.010892 -491.432431 -488.971444 -487.210349 -486.391057 -485.940006 -484.387313
-9999.0 -9999.0 -9999.0 -9999.0 -9999.0 -9999.0 -9999.0 -9999.0 -9999.0 -9999.0 -9999.0 -9999.0 -9999.0 -9999.0 -9999.0 -9999.0 -484.628426 -484.969738 -486.316420 -488.544915 -490.403761 -490.553622 -489.358242 -491.910869 -492.867054 -492.524090 -493.791484 -492.807884 -491.717540 -490.355940 -489.844257 -491.768934 -491.763792 -492.437684 -493.193474 -493.132178 -490.533369 -488.351589 -488.698218 -487.330986 -483.965776 -486.660933 -487.667553 -487.575905 -489.346498 -488.693887 -483.362377 -485.202527 -488.887860 -483.713237 -481.483833 -483.669007 -485.317875 -482.872300 -479.235113 -475.048059 -466.852297 -462.244151
-9999.0 -9999.0 -9999.0 -9999.0 -9999.0 -9999.0 -9999.0 -9999.0 -9999.0 -9999.0 -9999.0 -9999.0 -9999.0 -484.223754 -484.577398 -484.412487 -487.833371 -490.407344 -492.024439 -494.268810 -491.875701 -493.918812 -494.700989 -494.462041 -492.369606 -492.584288 -492.621630 -491.499961 -492.344084 -493.381926 -494.417296 -496.265998 -494.875463 -493.597551 -493.049797 -491.249790 -490.343858 -490.128407 -488.495613 -489.227482 -488.319818 -489.720973 -492.266883 -492.971368 -491.671005 -487.303097 -484.732083 -485.120756 -479.701690 -474.417665 -472.620262 -469.277438 -468.502619 -467.718239 -464.412432 -451.727037 -434.777368 -413.177565
-9999.0 -9999.0 -9999.0 -9999.0 -9999.0 -9999.0 -9999.0 -9999.0 -9999.0 -9999.0 -488.608420 -486.979744 -489.409416 -494.013850 -496.067929 -495.252179 -494.418654 -496.287943 -496.469986 -492.168608 -489.960084 -494.578026 -491.921565 -492.183654 -494.327038 -494.218267 -493.439541 -493.761856 -491.532242 -492.042568 -492.713995 -488.939035 -488.657786 -488.353456 -487.704424 -487.173406 -487.336081 -482.758438 -479.354142 -481.721017 -475.872803 -472.439252 -476.954973 -478.794014 -478.759594 -475.446088 -469.374618 -460.833000 -454.887903 -443.113020 -426.631554 -416.054274 -409.366268 -402.513302 -394.938692 -371.210580 -304.481978 -201.764856
-9999.0 -9999.0 -9999.0 -9999.0 -9999.0 -9999.0 -9999.0 -9999.0 -494.902848 -492.391181 -490.839676 -492.866315 -495.570666 -500.516014 -498.832250 -497.264109 -496.316014 -494.777765 -494.252691 -493.956903 -495.558188 -494.454595 -492.028413 -493.303878 -493.441192 -492.047297 -492.615488 -491.698163 -490.037360 -492.391135 -492.243724 -491.261274 -490.586708 -490.134761 -489.430838 -489.980744 -485.715060 -480.118310 -474.416604 -469.807557 -462.289600 -452.623086 -455.137644 -454.598118 -454.978324 -441.841782 -420.126560 -397.960010 -372.240649 -323.737282 -213.914846 -170.791238 -153.782180 -142.125750 -130.336640 -116.059278 -81.871685 -35.980504
-9999.0 -9999.0 -9999.0 -9999.0 -9999.0 -9999.0 -498.449102 -493.018958 -490.435679 -496.867678 -501.728268 -503.333420 -506.205235 -500.061980 -494.719300 -493.958246 -493.469251 -492.859876 -493.872575 -498.134914 -490.434004 -493.470573 -495.887395 -494.098970 -494.986549 -495.470804 -494.718695 -492.254272 -492.239361 -487.094292 -484.433799 -482.622355 -479.176744 -477.945659 -476.637242 -475.129951 -467.524755 -457.118501 -444.050392 -425.448782 -406.209852 -385.345755 -376.812353 -371.109662 -360.005004 -323.892459 -216.114620 -161.300742 -120.473152 -80.693264 -36.483839 -16.385873 -5.585474 0.001538 0.016234 0.025471 0.031757 0.048736
-9999.0 -9999.0 -9999.0 -9999.0 -494.848836 -493.839728 -495.224820 -490.636738 -487.495671 -495.394194 -492.702238 -494.129629 -496.729849 -499.935807 -503.773553 -501.457387 -500.288208 -499.672770 -500.737145 -493.454807 -487.612425 -493.392530 -491.176074 -485.783524 -488.514041 -488.837062 -489.718463 -488.454875 -485.501563 -482.138878 -471.291989 -462.152891 -457.871996 -452.360452 -446.677479 -435.742107 -415.262543 -389.088059 -346.190462 -233.775191 -170.166677 -139.628653 -126.455393 -119.381283 -105.984106 -81.911810 -42.618953 -13.200159 0.015790 0.040895 0.061431 0.073087 0.070225 0.071982 0.075296 0.085609 0.094399 0.109508
-9999.0 -9999.0 -9999.0 -497.862181 -492.603619 -490.981652 -494.182363 -493.708234 -489.955341 -494.463045 -495.473045 -496.409354 -497.062623 -497.243305 -497.896908 -496.776853 -496.887146 -498.472887 -498.062824 -494.514098 -494.173819 -492.289840 -491.552962 -489.518066 -487.766879 -488.066565 -487.741591 -484.883637 -475.029674 -466.141867 -448.073893 -417.377788 -393.218785 -374.246606 -352.474939 -293.262736 -208.293213 -155.185536 -108.938481 -56.543582 -19.528515 -0.794816 0.025011 0.027620 0.032047 0.034468 0.045944 0.055954 0.061929 0.084099 0.120880 0.168508 0.202546 0.202695 0.394860 10.451352 19.789988 28.812437
-9999.0 -9999.0 -496.443804 -493.543835 -496.181992 -492.805070 -489.103392 -493.065327 -488.559970 -487.540167 -493.415977 -490.943391 -490.007866 -493.916676 -492.503443 -490.853045 -490.139355 -494.480104 -498.126415 -494.500207 -485.519361 -479.808034 -479.478306 -462.270574 -455.164750 -450.825753 -450.509594 -441.593637 -424.304088 -393.635046 -336.048762 -218.266528 -159.721198 -126.246401 -108.562341 -79.819257 -41.861776 -18.659660 0.012462 0.036106 0.053300 0.064840 0.088244 0.098899 0.087440 0.098975 0.127303 0.171893 0.811436 16.606102 32.093185 33.518385 32.149498 33.423114 32.044400 33.282752 31.856044 33.257080
-9999.0 -9999.0 -499.959247 -494.995299 -499.199507 -491.765087 -485.119241 -493.914200 -492.856555 -486.203670 -489.410920 -489.696914 -492.256100 -493.349812 -491.466401 -486.058322 -490.023741 -491.521722 -499.912082 -485.504392 -475.356750 -457.970411 -419.536994 -389.460014 -363.126531 -360.966968 -357.041294 -324.183786 -236.612018 -170.561566 -110.342534 -48.585506 -9.931755 0.019719 0.030078 0.040525 0.054972 0.067956 0.072304 0.116223 0.150701 0.248534 11.981899 27.913075 32.115210 33.504325 32.095422 33.359561 32.526319 32.822613 32.923018 28.693990 28.961538 28.156662 30.177659 24.830432 19.723207 13.612673
-9999.0 -500.665911 -498.345687 -498.604927 -493.910746 -496.697231 -491.923524 -484.757211 -487.254331 -485.928110 -487.788617 -495.443844 -481.843217 -470.578256 -469.234916 -459.923589 -465.932615 -469.235976 -478.746510 -467.209086 -444.355729 -378.997158 -209.069797 -145.610695 -117.343448 -114.856395 -117.972296 -98.821456 -60.534622 -25.293788 0.027785 0.053823 0.090342 0.171099 0.274251 0.231172 6.313205 20.179847 36.082291 36.736611 38.065875 36.755877 33.564827 31.968729 33.627143 31.939010 30.596235 24.056641 17.352643 11.838545 8.222906 3.964245 6.224057 9.416055 10.584695 4.177490 0.465769 0.327567
-9999.0 -508.449684 -498.519066 -492.901093 -496.079764 -501.678849 -489.390055 -470.488658 -482.245815 -487.641952 -492.077795 -484.319475 -454.204934 -422.549588 -404.974472 -381.739857 -387.410297 -399.357776 -401.443802 -373.615904 -274.177798 -173.416518 -49.184416 0.045693 0.036067 0.049726 0.050451 0.067433 0.100056 0.161014 4.703941 25.172921 27.414840 26.870733 27.384380 26.942309 27.167383 27.311129 23.464547 20.607416 15.772716 16.065716 18.971336 19.130960 16.314806 13.967116 8.557445 1.367185 0.418033 0.351166 0.346681 0.297003 0.279850 0.448819 0.326181 0.276486 0.224030 0.208052
-9999.0 -500.130881 -488.536741 -492.166134 -502.883439 -490.535333 -487.892444 -477.877409 -472.768342 -482.081810 -472.597443 -427.403170 -355.097287 -207.613181 -149.215807 -134.666444 -130.870977 -142.783502 -133.686468 -98.057345 -38.728639 0.031027 0.070832 9.020266 14.587780 14.498946 14.546736 14.477061 14.474259 14.471868 14.397985 12.640389 16.764476 18.921582 17.414810 14.799358 10.184963 2.964200 0.488782 0.368901 0.267526 0.248895 0.387969 0.674091 0.402853 0.358016 0.306357 0.267649 0.253584 0.233181 0.239195 0.227074 0.257969 0.223261 0.233477 0.211552 0.161494 0.147296
-9999.0 -513.402558 -497.142194 -511.689011 -493.391472 -478.498610 -485.265808 -467.517726 -449.899264 -453.307156 -390.867746 -223.210667 -101.973569 -26.395646 0.008478 0.040772 0.059442 0.077893 0.126693 0.892425 11.083017 22.978794 22.842391 22.983210 14.515127 14.578117 7.406839 0.270975 0.208714 0.167562 0.191843 0.256551 0.300113 0.534322 0.257078 0.389120 0.442727 0.293078 0.282845 0.225219 0.196069 0.165020 0.139612 0.285709 0.197443 0.222850 0.197867 0.181849 0.170289 0.165189 0.154344 0.143374 0.163482 0.137618 0.167704 0.137807 0.084547 0.073546
-9999.0 -522.677912 -511.727394 -503.755308 -487.735864 -477.459381 -469.359457 -450.686514 -408.313637 -370.682775 -218.749237 -100.668066 -10.937184 0.088565 0.220784 0.595314 7.736280 7.732432 7.726335 1.147848 0.099802 0.083102 0.120458 0.193429 0.255516 0.440088 0.235390 0.189478 0.175162 0.209613 0.183199 0.196271 0.189006 0.167301 0.114859 0.150057 0.267252 0.165161 0.146502 0.135573 0.128743 0.113354 0.106382 0.110968 0.107184 0.138121 0.112594 0.101371 0.093661 0.092408 0.087025 0.082165 0.095251 0.088334 0.079490 0.062854 0.032252 -1.977518
-9999.0 -543.265351 -507.360367 -503.585560 -494.337148 -492.906064 -493.038600 -478.657465 -459.483373 -371.219425 -145.716406 -54.469053 -3.947767 0.033912 0.068662 0.219184 0.374931 0.102498 0.067052 0.058860 0.059682 0.076828 0.084807 0.101174 0.122154 0.182117 0.174886 0.141767 0.111905 0.103614 0.104534 0.086201 0.074311 0.089703 0.066306 0.095277 0.131354 0.083251 0.070938 0.055618 0.043839 0.035634 0.032608 0.043822 0.044332 0.041642 0.036009 0.030139 0.021620 0.014156 0.008375 0.000907 -4.889442 -16.372864 -36.502041 -69.149871 -109.995288 -141.489646
-9999.0 -9999.0 -524.083729 -502.998622 -501.139410 -498.984298 -497.905112 -485.392523 -475.823563 -428.432586 -367.371740 -217.450637 -146.316080 -110.787628 -63.104952 -7.625866 0.017412 0.056000 0.017051 0.026911 0.027850 0.025905 0.030354 0.035087 0.043048 0.049577 0.068073 0.060880 0.050227 0.035634 0.020535 0.011197 0.003405 -2.961036 0.007434 0.029006 0.019986 0.000606 -15.696892 -47.271509 -74.135628 -93.173068 -99.068796 -99.116367 -99.095492 -101.186427 -104.610777 -114.037642 -122.756120 -131.446805 -134.267016 -138.430433 -145.940132 -163.894602 -198.886164 -281.684444 -349.261968 -379.518354
-9999.0 -9999.0 -546.629038 -513.886610 -499.769347 -490.009662 -493.011936 -493.240405 -473.083104 -468.118091 -457.603079 -432.598466 -407.065117 -380.986747 -336.657387 -210.553387 -166.567832 -152.456236 -147.860556 -143.962603 -132.718380 -122.713974 -116.060598 -107.329400 -95.816796 -83.527733 -74.949948 -87.238773 -99.172203 -113.625452 -128.856043 -144.326459 -151.739179 -156.923075 -153.398215 -148.278103 -153.677090 -167.296778 -199.950018 -277.702040 -330.472156 -354.857340 -360.941020 -362.282871 -362.133756 -364.509567 -367.826377 -376.896427 -386.711482 -392.766696 -397.423234 -402.016465 -404.911244 -411.970272 -421.735548 -430.738451 -442.303712 -450.878738
