tests/Borden05m/data_simulated/sim_1/output-maps/psiliqL0023N0009.asc
ncols         160
nrows         34
xllcorner     620200.000000
yllcorner     5168000.000000
cellsize      0.500000
NODATA_value  -9999.0
[rows 0 to 24 of 34, columns 55 to 109 of 160]
-9999.0 -9999.0 -9999.0 -9999.0 -9999.0 -9999.0 -9999.0 -9999.0 -9999.0 -9999.0 -9999.0 -9999.0 -9999.0 -9999.0 -9999.0 -9999.0 -9999.0 -9999.0 -9999.0 -9999.0 -9999.0 -9999.0 -9999.0 -9999.0 -9999.0 -9999.0 -9999.0 -9999.0 -9999.0 -9999.0 -9999.0 -9999.0 -9999.0 -9999.0 -9999.0 -9999.0 -9999.0 -9999.0 -9999.0 -9999.0 -9999.0 -9999.0 -9999.0 -9999.0 -9999.0 -9999.0 -9999.0 -9999.0 -9999.0 -9999.0 -9999.0 -9999.0 -9999.0 -9999.0 -9999.0
-9999.0 -9999.0 -9999.0 -9999.0 2805.149245 2799.828298 2795.001779 2791.244286 2821.692388 2813.003699 2805.708924 2802.278421 2801.876440 2801.759796 2801.897763 2807.551387 2816.265045 2824.478886 2831.856230 2789.193088 2790.634152 2792.571354 2792.876162 2791.750636 2789.551297 2834.910846 2831.889524 2830.588853 2823.381548 2812.457595 2804.231829 2801.653797 2805.933574 2810.285392 2812.722170 2817.935156 2828.165899 2838.481329 2797.427819 2807.654408 2814.275009 2819.511340 2822.140064 2818.091632 2814.748329 2810.830112 2805.882280 2794.813238 -9999.0 -9999.0 -9999.0 -9999.0 -9999.0 -9999.0 -9999.0
2788.241161 2807.305510 2790.072694 2793.238039 2820.606285 2815.871714 2813.169905 2811.958796 2807.937163 2800.039444 2795.580353 2790.807863 2789.010131 2789.722286 2790.363597 2794.860271 2806.210686 2814.703975 2819.935389 2823.459437 2826.784600 2825.997914 2825.772817 2826.012183 2823.537297 2820.164132 2817.122261 2815.626500 2817.151192 2809.809074 2804.117042 2800.439849 2797.794254 2800.375833 2803.060475 2807.296938 2816.331007 2823.976524 2831.772629 2795.447515 2806.187737 2811.691175 2809.118587 2804.436095 2801.665348 2795.357768 2830.665404 2820.340180 2811.657902 2804.727199 2798.438311 2791.140999 2796.353814 2802.823846 2811.223447
2773.502210 2793.439756 2814.775801 2817.915919 2807.539999 2800.105383 2794.251544 2795.338102 2799.279806 2796.701398 2792.652246 2786.172794 2796.368675 2798.092167 2799.628289 2803.645275 2806.735800 2812.130039 2815.239571 2821.120135 2830.409081 2833.617062 2834.550799 2835.100127 2833.601155 2830.753674 2829.201219 2826.758226 2821.795069 2820.394909 2820.359117 2819.398065 2823.615235 2824.393102 2827.733787 2821.996857 2826.049302 2831.917020 2837.727598 2843.514939 2794.731250 2796.412699 2793.101619 2794.383807 2836.852815 2822.609600 2812.185393 2803.940192 2802.994594 2799.111172 2790.199360 2775.593657 2782.447334 2797.253314 2800.878449
2781.273202 2791.015727 2802.459873 2805.687532 2801.221020 2803.874032 2806.325618 2808.352176 2807.341568 2804.726142 2801.663558 2813.137365 2821.355718 2823.385129 2826.679469 2831.526183 2833.982368 2823.743389 2822.239740 2830.104839 2839.254410 2844.821660 2845.467522 2845.654805 2842.816746 2842.122477 2842.271512 2840.735998 2840.801404 2842.778878 2841.057073 2844.491281 2850.077515 2794.886687 2847.465062 2838.804077 2840.603216 2848.775984 2798.398664 2804.642313 2813.732548 2824.571213 2824.529984 2819.786713 2812.241931 2800.719896 2831.523990 2812.865627 2800.720191 2791.754818 2783.447030 2784.524140 2778.912144 2790.866134 2791.418140
2774.299224 2794.827682 2814.911226 2821.855672 2816.644321 2813.430528 2812.700544 2814.231943 2814.406069 2816.327458 2826.740329 2839.686255 2795.945012 2796.822637 2798.729176 2798.898760 2851.213766 2841.452502 2839.139035 2853.252715 2807.976029 2814.526850 2814.235610 2810.707493 2814.650433 2814.435921 2814.446245 2810.762922 2811.784940 2810.245262 2816.650339 2824.280443 2832.004633 2829.306769 2818.273808 2806.194642 2805.819785 2810.671924 2815.533219 2822.762337 2832.888866 2842.114505 2837.249006 2831.674299 2823.795238 2798.883787 2834.874609 2820.005621 2817.893651 2817.119669 2812.233261 2808.704594 2805.859715 2799.741328 2798.609237
2817.155692 2837.525669 2804.395568 2816.721148 2810.582763 2802.959274 2794.119464 2794.368146 2795.308133 2801.559025 2812.394523 2826.037769 2846.891929 2846.963818 2847.915033 2847.456631 2836.275949 2823.349773 2813.160442 2834.199899 2843.671285 2851.035489 2849.397757 2855.554042 2864.452150 2860.681310 2854.045546 2842.454937 2848.218857 2855.897978 2870.972498 2878.595866 2883.514344 2879.706448 2866.522317 2860.037931 2860.898072 2866.381775 2866.728824 2874.401622 2883.471623 2898.374204 2897.235137 2892.656965 2872.293667 2835.566800 2807.945418 2858.551481 2803.727420 2797.675298 2850.603595 2848.282327 2835.029827 2825.620699 2827.235713
2800.858948 2813.861038 2829.210864 2845.896490 2837.878815 2827.579104 2811.821152 2809.256806 2814.111318 2824.120471 2841.789252 2860.678732 2881.275231 2882.039193 2877.596212 2886.728231 2880.341810 2869.952705 2862.320325 2881.285114 2891.734995 2901.763245 2908.331059 2920.948695 2931.628072 2916.812321 2901.035691 2891.928210 2898.531347 2922.673814 2943.795339 2948.634671 2948.199424 2948.388745 2934.614306 2929.417199 2925.316660 2924.408644 2921.062015 2918.679258 2942.255615 2962.534767 2961.977526 2940.143780 2917.309576 2879.200628 2841.773408 2817.203569 2825.718556 2822.632179 2826.329627 2815.214269 2802.731158 2794.814779 2851.302119
2854.172348 2877.196432 2894.298284 2915.274188 2908.362993 2886.780565 2872.658031 2875.661056 2888.841559 2896.536798 2914.073720 2932.593543 2959.508471 2973.569472 2986.298248 2976.841846 2983.005632 2974.567194 2962.369790 2965.949763 2988.013358 2985.171270 2993.532164 3002.340944 3014.812032 3016.314392 3010.384786 3008.827570 3012.859797 3024.752157 3037.828240 3044.492843 3048.046925 3051.266978 3040.324912 3028.145424 3025.240274 3019.118897 3016.707262 3015.641529 3025.157845 3043.629611 3040.929163 3007.244795 2981.184283 2961.148333 2923.570846 2894.030108 2885.442817 2901.597469 2898.040065 2881.625510 2869.274095 2841.549120 2835.282526
2927.736928 2960.919788 2985.541931 2983.158863 2991.187814 2978.407599 2976.865683 2980.664813 2988.446681 2991.672474 2998.085127 3030.063490 3063.592189 3089.163373 3111.908214 3118.849535 3107.244049 3097.424570 3084.241246 3075.262784 3084.620528 3100.720736 3118.006095 3132.977221 3144.196542 3146.599602 3145.097316 3145.192586 3148.014376 3150.968666 3154.932904 3162.816860 3170.296375 3177.668632 3186.305664 3177.013179 3161.742535 3151.908634 3141.946726 3140.328159 3141.207682 3143.961004 3144.972866 3130.578384 3091.404447 3061.320082 3029.828194 3008.715997 2994.315194 2991.931003 2988.119443 2964.686395 2914.945791 2877.804405 2846.069633
3002.872545 3045.131918 3074.069840 3091.925301 3104.771824 3102.761569 3104.433186 3105.537931 3109.468682 3112.200406 3115.635731 3141.162621 3179.895811 3218.366769 3248.973778 3249.528201 3236.628111 3225.436561 3216.009224 3202.405688 3198.548058 3210.065276 3224.481591 3243.788746 3254.370113 3261.179055 3258.418098 3258.669802 3260.168367 3262.417701 3264.464638 3267.722007 3276.786699 3291.106020 3304.906381 3304.467973 3286.812179 3269.149988 3252.959354 3249.608489 3246.544381 3241.588247 3243.637162 3245.470161 3231.675608 3202.125159 3165.192612 3124.887466 3106.577569 3090.655860 3080.136476 3064.003582 3027.695981 2980.368197 2943.397746
3116.548412 3148.762085 3175.865955 3205.715489 3221.038489 3224.146267 3221.977382 3221.234899 3228.107320 3231.371561 3237.749159 3254.093504 3284.250865 3318.137314 3347.008180 3362.625040 3355.564061 3338.663244 3317.451695 3308.542974 3305.937324 3309.204117 3318.102342 3329.968403 3348.632931 3367.296038 3372.849150 3373.697555 3371.186953 3373.404572 3374.866353 3374.964225 3377.510616 3385.271569 3394.594243 3397.814164 3390.649089 3370.772352 3348.039769 3336.183197 3329.357104 3325.825629 3326.341582 3330.852437 3333.510639 3319.524003 3285.610882 3242.849196 3212.639337 3196.528629 3183.561719 3171.640737 3159.923600 3130.632657 3110.745179
3222.520206 3237.169212 3264.486771 3292.559790 3315.243345 3330.070117 3330.994592 3334.369760 3339.005507 3346.667417 3361.676771 3383.903715 3401.870328 3423.296255 3448.774062 3464.261128 3469.544339 3468.222065 3464.670463 3465.970017 3466.285652 3409.893587 3415.580913 3421.240974 3436.593757 3450.692111 3455.741408 3456.314153 3454.032883 3455.725749 3456.412986 3456.349531 3455.982580 3457.893993 3462.453593 3464.196249 3462.041990 3450.494516 3466.089884 3446.666007 3433.536594 3425.509370 3417.424704 3409.199928 3399.854270 3390.154027 3371.135443 3341.285738 3307.481256 3285.289085 3277.018708 3271.166888 3263.342430 3258.009471 3241.706508
3320.322086 3330.851400 3348.383735 3370.429278 3402.847095 3425.298634 3436.397403 3445.452395 3450.053094 3463.588827 3479.549972 3465.404999 3472.890137 3480.635987 3488.332299 3490.975274 3491.732010 3491.382813 3489.026848 3488.328815 3486.049041 3482.385816 3472.115708 3473.703868 3475.572116 3478.167461 3481.857092 3480.714157 3481.788964 3484.731847 3483.020890 3477.089072 3473.108233 3471.536795 3472.438481 3479.804758 3483.223022 3484.149170 3481.194885 3480.309549 3479.412050 3476.348058 3472.522713 3467.130096 3460.231872 3473.073873 3461.467713 3434.454555 3395.753710 3356.129903 3347.616638 3348.548156 3348.733209 3347.167462 3341.713945
3441.042550 3454.269619 3468.606480 3449.680696 3469.804388 3480.104889 3484.921282 3488.744483 3491.452131 3494.216477 3491.170918 3488.098541 3483.268562 3481.771430 3480.443508 3478.028591 3478.668497 3476.784717 3472.769491 3468.845851 3461.184018 3449.806861 3438.635352 3435.265824 3439.618701 3445.127280 3450.128202 3454.351296 3457.996801 3458.192342 3452.868697 3444.574661 3437.138520 3435.443214 3442.231940 3447.927628 3454.215075 3455.051754 3453.666165 3451.267396 3451.104535 3447.984555 3448.243794 3455.189965 3469.631302 3472.868193 3478.185576 3477.428307 3462.429881 3435.274781 3443.601761 3423.894087 3429.569827 3425.101197 3413.913461
3482.743759 3485.240296 3483.771284 3482.558952 3476.280359 3470.301813 3469.553403 3473.552431 3480.561748 3481.680749 3474.691088 3466.230941 3459.119051 3451.875211 3449.617106 3448.970921 3448.681692 3449.143028 3443.899057 3434.913955 3418.291938 3406.788735 3395.753598 3389.834871 3386.395632 3390.114779 3401.084906 3412.779638 3417.736262 3408.916595 3400.668326 3389.101770 3381.069651 3381.485822 3382.725129 3392.105277 3408.385001 3415.375656 3416.129158 3409.891591 3403.739054 3397.203320 3394.290626 3400.725285 3415.858426 3432.243403 3447.414988 3456.319861 3463.915082 3470.872350 3470.178166 3472.647783 3474.006719 3472.088057 3474.393144
3476.879435 3470.008230 3463.150898 3457.953624 3451.545157 3446.240399 3444.481525 3446.499240 3448.652727 3444.760377 3438.420118 3428.519506 3417.653765 3408.083538 3400.823252 3401.868510 3404.241457 3405.833049 3398.798508 3383.748760 3366.313606 3352.979393 3339.229675 3335.359099 3329.707346 3322.697972 3332.880392 3352.104861 3359.266639 3343.687613 3333.030099 3318.071327 3311.390974 3307.563248 3308.457430 3317.416917 3339.361531 3362.539688 3364.428744 3353.672657 3342.996948 3338.201749 3335.018388 3339.825748 3356.589392 3376.896725 3392.574815 3402.716611 3407.997220 3415.738913 3425.056206 3438.873866 3453.302184 3465.328840 3470.610571
3452.161257 3444.473337 3436.900477 3429.397245 3422.603399 3416.536816 3412.368351 3410.483784 3406.889912 3400.957733 3394.106179 3374.881306 3362.730012 3350.219724 3335.759549 3332.144031 3327.849230 3329.186253 3317.935398 3309.747485 3293.138788 3277.974583 3262.583991 3249.880103 3244.240683 3237.770922 3237.104379 3250.883429 3259.402697 3249.321135 3239.581237 3228.625442 3223.862769 3220.519488 3222.875954 3233.229077 3253.100502 3271.363062 3279.429852 3271.908747 3269.856284 3269.289295 3267.627289 3273.621342 3284.772436 3302.734521 3324.569263 3342.750087 3352.322841 3359.153362 3368.332954 3382.426968 3396.319471 3410.411346 3428.059249
3421.964402 3412.834829 3403.107323 3393.624900 3383.370445 3373.188060 3366.960748 3369.556859 3363.665425 3358.156932 3336.989072 3283.797789 3263.632543 3245.246396 3229.541321 3223.311023 3215.370601 3200.871554 3192.397690 3187.799037 3188.711176 3174.784201 3159.120808 3141.907246 3137.098976 3133.558937 3117.647433 3114.574700 3115.547063 3129.858905 3123.641625 3121.690792 3122.962532 3120.556268 3122.115856 3134.937927 3143.215386 3149.301889 3155.832869 3159.497614 3169.203980 3175.024330 3183.893894 3200.439428 3211.337661 3226.603704 3246.673162 3271.495197 3286.223554 3295.405378 3305.578763 3320.598961 3336.540184 3353.925025 3376.006913
3387.852628 3372.126366 3357.968965 3344.016959 3331.647703 3319.190723 3304.177222 3306.196051 3304.170775 3294.579368 3242.455829 3202.032561 3170.620704 3153.789986 3130.905390 3118.168270 3103.398237 3067.323318 3050.768646 3049.796854 3063.417241 3059.279051 3044.082618 3032.134528 3023.139016 3014.365494 2997.539367 2980.389504 2986.301657 3003.838872 3004.027485 3006.656174 3013.957120 3013.244308 3006.985916 3005.392931 3017.607892 3023.278223 3034.021131 3050.458528 3054.959203 3069.506882 3101.612176 3114.108632 3128.653887 3146.757728 3166.807754 3186.750596 3208.352534 3221.780448 3236.389258 3254.367375 3270.618775 3290.561850 3312.851253
3338.507009 3308.418705 3288.009955 3271.217813 3252.906567 3227.472721 3207.916445 3206.132907 3200.349030 3173.435509 3124.301675 3089.055905 3065.449126 3044.284428 3021.811872 2999.855762 2979.026530 2945.308387 2923.990368 2938.389821 2949.189220 2959.395156 2947.852770 2937.002967 2927.499933 2910.225528 2893.729367 2878.086781 2888.768068 2897.396693 2914.877592 2921.307692 2925.232709 2930.687045 2929.322843 2919.478031 2915.809406 2923.917476 2933.765978 2945.410146 2965.431193 2985.395025 3009.089208 3026.481532 3046.243807 3064.085766 3084.892110 3107.173801 3129.025428 3145.208021 3162.861993 3179.151034 3199.321457 3218.113961 3240.684674
3261.288537 3233.726655 3207.995068 3185.669843 3157.110863 3112.724176 3099.306932 3091.065333 3071.219829 3026.260909 2985.819455 2978.164610 2964.318983 2941.361633 2920.469448 2893.780151 2861.247733 2839.444791 2819.344986 2829.489340 2839.579012 2858.674270 2849.759599 2842.605701 2839.391673 2824.318530 2811.108409 2795.046444 2801.548837 2813.416135 2836.036184 2841.800129 2845.871936 2854.966334 2854.203615 2849.859610 2833.449846 2840.355950 2850.949873 2863.909122 2894.087204 2916.110848 2938.332967 2959.608290 2978.504217 2985.964036 3007.177764 3029.391440 3054.366415 3072.974193 3091.096624 3111.711275 3130.287829 3144.576611 3160.855885
3157.504625 3133.996440 3114.786403 3091.506472 3050.992402 3008.587839 2984.263033 2959.751672 2910.064755 2877.371272 2855.696894 2853.524373 2841.184766 2821.719381 2804.639609 2851.727058 2828.663536 2808.514997 2782.741100 2787.136983 2801.855729 2818.005449 2818.073326 2818.231037 2816.426952 2806.838877 2793.359942 2779.779042 2783.571914 2800.556258 2818.608851 2828.641566 2836.620829 2844.823885 2845.166435 2836.617662 2827.533134 2833.227601 2849.189852 2802.637981 2818.837331 2839.124030 2858.298102 2878.099305 2899.931661 2921.576478 2943.914326 2968.006402 2981.079614 3000.743676 3023.224600 3046.190081 3062.129832 3070.458963 3078.274998
3057.506822 3038.707638 3016.391434 2990.460955 2963.110971 2924.198554 2884.489349 2840.589035 2809.870552 2849.208880 2839.891462 2823.027419 2808.066847 2792.088536 2771.050914 2755.153148 2739.486159 2717.517593 2705.858045 2712.244745 2725.081781 2733.167139 2739.185976 2736.818517 2734.332138 2728.465534 2714.599845 2709.778248 2719.707480 2735.043553 2749.061021 2760.729150 2767.953415 2773.601542 2771.092926 2762.614469 2759.972314 2768.825210 2784.817980 2797.714725 2813.387315 2834.766110 2797.572505 2817.074304 2837.563637 2858.674580 2882.220293 2906.468930 2931.142674 2957.142217 2978.652316 2984.471513 2992.028729 3000.519349 3000.121603
2950.103700 2938.567240 2913.647595 2887.561120 2859.249232 2826.579042 2803.965193 2835.779387 2805.073885 2776.408233 2749.900774 2736.087246 2728.484316 2714.461677 2696.628668 2684.869751 2668.756922 2657.314080 2662.105438 2662.994076 2670.919879 2669.035973 2669.697187 2667.062318 2666.330514 2663.859094 2657.250379 2668.609578 2675.436124 2689.098750 2699.361155 2709.265368 2715.401726 2719.381422 2720.788815 2716.818509 2722.953086 2729.720863 2744.019843 2755.640489 2769.904491 2790.397506 2806.702552 2826.065304 2796.010463 2816.749080 2838.461904 2862.879428 2889.571543 2913.039619 2929.947466 2935.703549 2944.149580 2945.378725 2934.303003
