tests/Borden05m/data_simulated/sim_1/output-maps/psiliqL0030N0008.asc
ncols         160
nrows         34
xllcorner     620200.000000
yllcorner     5168000.000000
cellsize      0.500000
NODATA_value  -9999.0
[rows 0 to 24 of 34, columns 0 to 54 of 160]
-9999.0 -9999.0 -9999.0 -9999.0 -9999.0 -9999.0 -9999.0 -9999.0 -9999.0 -9999.0 -9999.0 -9999.0 -9999.0 -9999.0 -9999.0 -9999.0 -9999.0 -9999.0 -9999.0 -9999.0 -9999.0 -9999.0 -9999.0 -9999.0 -9999.0 -9999.0 -9999.0 -9999.0 -9999.0 -9999.0 -9999.0 -9999.0 -9999.0 -9999.0 -9999.0 -9999.0 -9999.0 -9999.0 -9999.0 -9999.0 -9999.0 -9999.0 -9999.0 -9999.0 -9999.0 -9999.0 -9999.0 -9999.0 -9999.0 -9999.0 -9999.0 -9999.0 -9999.0 -9999.0 -9999.0
-9999.0 -9999.0 -9999.0 -9999.0 -9999.0 -9999.0 -9999.0 -9999.0 -9999.0 -9999.0 -9999.0 -9999.0 -9999.0 -9999.0 -9999.0 -9999.0 -9999.0 -9999.0 -9999.0 -9999.0 -9999.0 -9999.0 -9999.0 -9999.0 -9999.0 -9999.0 -9999.0 -9999.0 -9999.0 -9999.0 -9999.0 -9999.0 -9999.0 -9999.0 -9999.0 -9999.0 -9999.0 -9999.0 -9999.0 -9999.0 -9999.0 -9999.0 -9999.0 -9999.0 -9999.0 -9999.0 -9999.0 -9999.0 -9999.0 -9999.0 -9999.0 -9999.0 -9999.0 -9999.0 -9999.0
-9999.0 -9999.0 -9999.0 -9999.0 -9999.0 -9999.0 -9999.0 -9999.0 -9999.0 -9999.0 -9999.0 -9999.0 -9999.0 -9999.0 -9999.0 -9999.0 -9999.0 -9999.0 -9999.0 -9999.0 -9999.0 -9999.0 -9999.0 -9999.0 -9999.0 -9999.0 -9999.0 -9999.0 -9999.0 -9999.0 -9999.0 -9999.0 -9999.0 -9999.0 -9999.0 -9999.0 -9999.0 -9999.0 -9999.0 -9999.0 -9999.0 -9999.0 -9999.0 -9999.0 -9999.0 -9999.0 -9999.0 4072.143922 4055.002211 4042.320059 4036.715379 4057.135464 4079.979616 4103.687317 4124.083622
-9999.0 -9999.0 -9999.0 -9999.0 -9999.0 -9999.0 -9999.0 -9999.0 -9999.0 -9999.0 -9999.0 -9999.0 -9999.0 -9999.0 -9999.0 -9999.0 -9999.0 -9999.0 -9999.0 -9999.0 -9999.0 -9999.0 -9999.0 -9999.0 -9999.0 -9999.0 -9999.0 -9999.0 -9999.0 -9999.0 -9999.0 -9999.0 -9999.0 -9999.0 -9999.0 -9999.0 -9999.0 -9999.0 -9999.0 -9999.0 4123.990346 4129.842386 4128.999965 4119.243960 4107.740561 4093.383460 4072.437094 4055.383931 4042.845884 4041.032121 4043.247504 4044.904615 4064.719016 4090.241975 4110.104588
-9999.0 -9999.0 -9999.0 -9999.0 -9999.0 -9999.0 -9999.0 -9999.0 -9999.0 -9999.0 -9999.0 -9999.0 -9999.0 -9999.0 -9999.0 -9999.0 -9999.0 -9999.0 -9999.0 -9999.0 -9999.0 -9999.0 -9999.0 -9999.0 -9999.0 -9999.0 -9999.0 -9999.0 -9999.0 -9999.0 -9999.0 -9999.0 -9999.0 -9999.0 4031.842910 4048.480396 4066.203932 4084.684036 4101.622268 4108.689476 4114.431604 4119.518435 4114.524433 4109.994273 4097.951798 4076.017881 4056.600380 4044.040258 4043.333842 4040.747621 4043.812396 4054.630721 4070.957451 4085.306556 4105.468759
-9999.0 -9999.0 -9999.0 -9999.0 -9999.0 -9999.0 -9999.0 -9999.0 -9999.0 -9999.0 -9999.0 -9999.0 -9999.0 -9999.0 -9999.0 -9999.0 -9999.0 -9999.0 -9999.0 -9999.0 -9999.0 -9999.0 -9999.0 -9999.0 -9999.0 -9999.0 -9999.0 -9999.0 4038.510672 4032.433571 4027.530787 4025.723207 4024.009238 4022.922627 4029.339868 4039.915623 4056.380148 4078.414314 4091.636452 4098.741446 4105.540135 4105.526658 4099.057881 4097.164453 4097.414907 4084.140795 4071.326958 4059.313976 4047.504943 4043.494405 4051.835339 4065.827957 4081.750410 4095.926883 4110.824736
-9999.0 -9999.0 -9999.0 -9999.0 -9999.0 -9999.0 -9999.0 -9999.0 -9999.0 -9999.0 -9999.0 -9999.0 -9999.0 -9999.0 -9999.0 -9999.0 -9999.0 -9999.0 -9999.0 -9999.0 -9999.0 -9999.0 -9999.0 4008.927547 4013.398743 4019.738456 4027.283119 4028.060312 4024.853018 4019.347174 4016.554925 4014.890799 4012.117382 4016.378635 4022.664820 4035.035016 4049.724609 4071.824860 4079.591743 4082.850954 4093.515766 4097.201134 4105.399940 4108.826438 4106.446976 4101.503595 4085.315150 4072.498479 4073.192616 4076.099393 4082.542045 4090.589150 4103.701139 4116.429847 4130.583370
-9999.0 -9999.0 -9999.0 -9999.0 -9999.0 -9999.0 -9999.0 -9999.0 -9999.0 -9999.0 -9999.0 -9999.0 -9999.0 -9999.0 -9999.0 -9999.0 -9999.0 -9999.0 -9999.0 3984.747128 3985.763701 3987.259497 3992.031850 3992.101194 3993.523112 3999.947186 4007.608278 4010.401199 4007.685838 4006.522047 4007.368434 4009.453589 4013.548957 4023.142701 4035.763080 4048.935097 4060.664754 4080.540912 4094.080498 4105.195861 4119.459523 4119.697060 4115.651706 4113.450697 4112.554002 4109.668708 4105.451513 4102.618155 4108.178696 4106.863957 4108.784155 4117.278936 4128.879891 4144.198396 4160.352982
-9999.0 -9999.0 -9999.0 -9999.0 -9999.0 -9999.0 -9999.0 -9999.0 -9999.0 -9999.0 -9999.0 -9999.0 -9999.0 -9999.0 -9999.0 -9999.0 3955.662362 3957.286760 3959.573105 3964.983832 3968.809943 3972.510899 3979.234752 3980.536903 3983.398504 3989.943723 3993.667213 4002.534001 4010.380232 4016.622719 4021.578014 4022.975362 4028.122104 4036.067161 4046.159832 4058.351811 4076.731399 4099.322455 4113.721678 4129.303290 4145.572399 4145.190663 4142.365467 4141.450516 4138.478205 4137.331014 4149.811615 4151.354582 4143.189523 4149.839879 4160.129366 4161.506288 4167.557735 4186.938459 4208.092647
-9999.0 -9999.0 -9999.0 -9999.0 -9999.0 -9999.0 -9999.0 -9999.0 -9999.0 -9999.0 -9999.0 -9999.0 -9999.0 3905.242289 3908.975139 3919.233595 3931.344112 3934.348111 3939.280330 3945.924641 3957.645344 3960.831104 3966.188021 3972.604241 3984.834646 3992.643943 4000.349668 4010.997700 4017.731001 4023.373141 4028.270130 4028.930820 4038.466459 4050.677675 4063.197885 4080.585745 4101.183986 4117.676872 4133.891623 4149.355042 4159.279566 4154.169901 4152.542500 4153.728208 4156.566500 4167.294485 4182.234008 4179.083371 4185.185357 4204.131644 4212.649537 4217.952744 4222.730434 4236.338142 4257.687312
-9999.0 -9999.0 -9999.0 -9999.0 -9999.0 -9999.0 -9999.0 -9999.0 -9999.0 -9999.0 3880.868180 3881.829609 3877.679529 3873.731497 3879.441423 3891.525024 3906.023525 3910.760099 3922.471985 3943.509500 3961.973065 3964.166262 3976.346882 3985.683052 3991.300841 3999.544485 4010.806661 4021.011878 4034.232691 4043.885606 4050.006908 4063.538380 4077.321535 4091.595227 4106.936431 4125.810041 4139.338245 4160.208841 4183.221954 4189.492280 4203.735588 4203.159268 4197.955010 4194.815244 4203.438440 4212.242695 4224.173174 4236.624539 4253.362842 4273.534909 4281.057263 4293.033062 4301.207444 4310.686419 4325.737859
-9999.0 -9999.0 -9999.0 -9999.0 -9999.0 -9999.0 -9999.0 -9999.0 3856.463757 3864.613237 3869.344470 3865.505067 3860.500723 3853.388594 3867.848109 3882.511553 3897.588515 3915.483420 3930.115832 3947.584290 3960.054605 3973.178174 3992.228903 4001.288180 4009.996086 4023.267891 4034.349996 4046.654821 4065.065596 4069.677342 4077.325078 4094.457588 4107.633751 4122.564769 4139.036755 4153.598640 4170.784432 4198.853073 4225.879239 4239.309071 4263.970481 4278.729860 4271.202266 4267.869720 4267.900907 4289.594586 4314.265676 4342.292874 4358.828729 4380.671926 4408.206338 4427.362453 4436.378208 4447.270619 4460.968259
-9999.0 -9999.0 -9999.0 -9999.0 -9999.0 -9999.0 3827.762093 3851.895722 3866.718096 3857.337505 3841.118822 3834.810739 3827.238781 3859.955320 3881.733259 3898.258545 3913.940050 3930.419399 3945.448557 3951.239333 3978.321723 3996.986253 4006.671048 4017.006268 4029.945003 4042.809053 4057.122917 4076.288527 4091.057103 4109.274219 4121.160544 4134.140239 4155.846916 4171.405327 4186.813701 4198.290710 4224.092409 4257.436423 4290.966388 4313.808485 4337.238711 4368.757526 4366.495251 4367.375534 4367.645967 4392.167223 4426.524287 4456.114146 4487.408963 4517.599515 4546.451042 4556.846998 4565.739230 4575.571118 4588.176907
-9999.0 -9999.0 -9999.0 -9999.0 3796.298860 3816.759680 3834.433914 3863.705349 3884.840275 3879.194078 3882.070870 3878.597757 3872.504428 3877.068657 3884.673699 3900.567926 3918.739326 3937.304915 3949.303034 3972.827568 4019.280336 4027.743158 4041.426742 4068.814978 4077.759534 4090.121494 4104.276103 4122.893301 4138.053819 4162.636235 4193.424634 4219.622575 4239.238597 4257.048055 4275.225682 4290.548577 4325.699063 4362.372659 4397.664330 4428.516361 4454.779234 4481.029508 4486.444349 4490.949977 4500.799531 4518.306510 4541.568148 4569.452359 4603.927065 4636.326108 4659.464813 4667.723633 4672.617988 4682.214614 4689.377407
-9999.0 -9999.0 -9999.0 3740.749443 3779.701915 3819.505525 3844.066118 3873.342955 3904.977116 3902.558243 3910.303605 3907.696281 3903.928458 3907.413757 3907.955598 3923.112816 3940.640696 3960.469077 3980.569999 4012.137448 4038.623264 4051.992168 4077.622304 4089.827105 4099.832653 4111.038080 4128.775621 4147.077700 4181.921595 4209.294344 4253.950190 4303.789523 4334.854358 4353.289175 4376.045455 4403.941086 4429.543353 4469.312011 4503.525187 4535.772367 4566.081885 4588.055947 4601.671241 4606.029534 4616.063950 4621.540030 4633.579290 4654.742088 4677.481998 4708.880082 4738.623357 4768.769974 4784.608932 4796.203536 4813.835944
-9999.0 -9999.0 3691.983335 3731.904350 3761.993928 3807.043337 3859.472917 3894.096038 3932.233248 3948.768011 3950.046430 3957.835515 3965.889730 3964.231724 3970.174908 3980.673118 4003.227736 4012.116407 4032.872572 4043.750487 4076.873451 4107.116141 4095.754124 4130.258785 4159.256660 4193.052926 4215.258164 4241.895327 4280.411861 4312.596940 4356.342837 4406.747356 4440.605585 4468.308825 4484.698483 4505.760785 4526.187420 4553.695240 4591.612825 4617.079783 4651.676710 4677.410180 4696.936010 4696.692164 4699.259694 4715.829332 4745.389212 4777.716592 4807.977943 4838.507754 4818.607322 4845.157491 4857.044353 4863.676323 4874.104133
-9999.0 -9999.0 3660.415418 3707.323739 3739.579130 3794.241163 3882.336131 3914.940655 3953.268498 3997.939700 4009.544847 4029.395154 4017.221864 3999.427479 4014.933650 4026.384093 4049.002898 4056.620266 4049.101847 4100.233379 4151.226019 4168.477957 4163.797402 4243.642622 4298.185756 4324.981995 4343.324738 4364.052667 4383.186087 4421.012603 4458.848246 4514.514508 4556.013530 4586.356120 4601.224273 4622.374370 4642.411947 4657.517279 4677.777430 4726.887544 4764.888446 4797.355496 4830.896602 4852.879874 4861.338173 4867.051343 4837.842777 4860.076456 4875.154405 4881.657431 4884.303809 4880.424714 4879.909046 4880.790003 4881.709745
-9999.0 3565.363030 3617.894911 3667.203451 3729.617604 3788.388594 3859.850517 3932.501913 4001.076002 4054.233669 4077.944126 4065.002900 4053.697561 4073.605862 4090.999752 4104.458790 4110.839223 4122.786801 4101.688816 4156.905429 4190.547172 4233.388465 4330.723398 4390.386483 4459.470797 4454.613231 4441.892982 4445.553596 4460.224293 4508.243119 4591.233251 4650.664495 4720.629971 4772.697374 4791.028071 4799.349514 4818.989097 4840.623954 4778.881496 4828.159250 4850.999493 4870.057887 4881.480411 4884.107263 4885.574372 4885.301174 4881.502633 4874.293018 4865.976660 4860.024445 4855.718590 4851.215196 4853.661745 4857.008037 4856.994141
-9999.0 3525.792529 3582.305024 3649.307702 3715.033340 3754.427624 3829.345056 4002.537095 4067.437228 4105.308624 4105.334728 4066.611282 4118.549026 4176.922372 4198.917202 4244.921438 4227.031627 4211.335121 4168.012104 4191.899543 4228.409661 4299.553773 4480.171213 4571.267004 4631.099420 4639.027417 4638.799250 4668.333498 4715.402670 4766.807044 4817.065528 4777.614432 4834.349359 4862.453013 4868.325762 4869.147820 4875.453462 4873.759018 4872.630753 4868.031928 4862.758539 4862.947927 4867.785159 4867.655240 4864.617324 4861.104023 4855.317811 4847.900624 4842.778754 4838.133706 4835.497141 4832.699339 4830.599559 4829.579432 4824.468211
-9999.0 3481.230892 3557.192320 3613.199070 3652.007338 3734.234244 3865.192402 4011.780799 4109.137534 4142.009096 4104.988337 4129.807514 4234.279030 4344.901831 4398.595903 4419.443793 4394.828179 4338.952222 4312.745011 4357.182386 4430.747282 4560.580583 4715.266786 4822.901939 4839.717239 4843.633821 4788.093032 4817.977673 4845.676947 4848.963938 4850.264546 4859.831777 4865.035439 4868.151669 4866.525814 4863.617576 4858.736508 4850.420699 4845.651194 4841.838003 4837.973243 4836.603682 4838.438954 4840.509637 4837.586715 4833.640761 4829.145189 4823.572844 4817.169343 4810.308876 4805.822279 4801.425023 4799.223257 4793.346446 4789.957898
-9999.0 3348.376525 3447.681318 3482.323674 3540.905235 3734.264250 3863.965732 4000.497764 4172.217206 4186.903280 4223.240546 4370.269161 4495.686626 4579.937800 4606.751813 4639.116179 4663.751127 4678.723122 4717.477039 4574.974618 4664.483782 4776.219670 4828.328985 4850.925472 4863.895220 4864.327231 4853.976560 4832.691932 4821.847280 4815.078730 4816.695293 4824.043336 4828.524927 4833.153857 4830.797799 4832.052338 4833.521231 4830.387211 4826.259684 4817.324653 4809.359264 4802.330698 4798.585641 4803.119695 4798.501806 4796.341290 4789.983615 4781.285233 4772.104023 4764.681621 4756.479909 4749.813980 4747.613856 4742.608268 4741.351174
-9999.0 3267.174014 3337.742106 3385.366502 3484.675763 3647.469789 3729.478685 3883.511651 4136.166074 4280.076915 4458.619705 4557.595732 4629.176165 4667.182000 4715.707833 4771.367890 4800.632921 4814.270933 4778.133188 4805.229373 4759.899251 4748.415032 4766.874431 4797.676618 4816.553272 4820.927295 4813.332021 4804.628103 4797.323740 4796.201038 4793.765517 4788.890596 4784.010360 4779.973178 4776.834815 4780.161521 4785.757732 4778.276892 4767.376828 4757.434161 4748.488304 4738.903558 4732.751271 4727.636137 4728.439390 4728.789330 4720.961244 4710.246373 4699.102530 4690.590484 4683.352775 4679.013570 4676.106173 4670.911294 4660.444376
-9999.0 3138.292800 3275.085830 3343.688283 3426.155284 3550.542457 3644.712889 3790.970244 3913.751937 4167.893543 4304.976881 4528.005149 4582.524322 4658.136232 4703.740825 4781.053057 4775.094300 4744.027951 4698.307861 4682.620336 4696.595022 4706.363092 4713.988411 4727.696842 4746.027460 4756.698064 4762.839148 4757.363936 4742.992893 4729.591154 4717.139120 4702.246630 4692.111160 4689.218582 4694.305491 4705.246247 4705.232475 4695.794215 4681.189134 4662.125537 4645.888836 4633.589816 4631.795323 4634.962373 4636.317401 4631.959253 4626.288350 4615.213920 4602.331972 4589.428071 4584.034434 4579.791041 4571.932221 4559.979199 4547.485449
-9999.0 -9999.0 3184.402107 3290.964696 3376.933240 3481.228631 3558.203730 3664.718234 3800.216916 3968.120326 4085.252540 4283.916444 4388.513991 4433.937657 4464.686545 4522.706139 4551.642370 4588.193898 4587.048046 4602.216113 4614.195738 4620.298725 4625.103207 4629.801755 4640.056771 4650.264890 4661.599441 4658.731718 4650.049010 4628.445200 4600.984699 4579.524057 4568.454467 4558.425431 4571.462967 4584.423798 4578.059760 4570.986224 4557.987949 4541.440596 4528.855678 4514.293041 4510.839693 4510.557855 4511.230761 4508.981373 4506.910259 4494.340980 4482.004994 4472.462096 4468.659538 4462.941996 4459.665041 4449.844584 4439.174647
-9999.0 -9999.0 3093.887993 3194.889659 3290.401556 3403.075652 3478.372376 3466.928552 3595.422680 3693.443647 3802.540972 3919.215733 4022.266852 4094.232312 4124.953874 4189.196320 4251.801059 4272.262688 4320.253097 4383.203375 4421.324330 4465.521820 4490.976090 4500.169074 4512.832184 4528.107650 4535.486257 4519.225909 4507.839955 4490.492532 4466.197800 4438.199664 4424.072464 4424.531374 4422.528605 4422.906358 4414.592133 4405.697825 4391.016449 4377.435539 4365.324415 4357.031657 4353.501536 4347.135717 4344.440015 4341.640259 4340.239395 4335.807268 4328.230889 4324.364915 4315.940152 4312.659918 4312.299036 4310.065569 4305.027710
