tests/Borden05m/data_simulated/sim_1/output-maps/psiliqL0018N0019.asc
ncols         160
nrows         34
xllcorner     620200.000000
yllcorner     5168000.000000
cellsize      0.500000
NODATA_value  -9999.0
[rows 0 to 24 of 34, columns 0 to 54 of 160]
-9999.0 -9999.0 -9999.0 -9999.0 -9999.0 -9999.0 -9999.0 -9999.0 -9999.0 -9999.0 -9999.0 -9999.0 -9999.0 -9999.0 -9999.0 -9999.0 -9999.0 -9999.0 -9999.0 -9999.0 -9999.0 -9999.0 -9999.0 -9999.0 -9999.0 -9999.0 -9999.0 -9999.0 -9999.0 -9999.0 -9999.0 -9999.0 -9999.0 -9999.0 -9999.0 -9999.0 -9999.0 -9999.0 -9999.0 -9999.0 -9999.0 -9999.0 -9999.0 -9999.0 -9999.0 -9999.0 -9999.0 -9999.0 -9999.0 -9999.0 -9999.0 -9999.0 -9999.0 -9999.0 -9999.0
-9999.0 -9999.0 -9999.0 -9999.0 -9999.0 -9999.0 -9999.0 -9999.0 -9999.0 -9999.0 -9999.0 -9999.0 -9999.0 -9999.0 -9999.0 -9999.0 -9999.0 -9999.0 -9999.0 -9999.0 -9999.0 -9999.0 -9999.0 -9999.0 -9999.0 -9999.0 -9999.0 -9999.0 -9999.0 -9999.0 -9999.0 -9999.0 -9999.0 -9999.0 -9999.0 -9999.0 -9999.0 -9999.0 -9999.0 -9999.0 -9999.0 -9999.0 -9999.0 -9999.0 -9999.0 -9999.0 -9999.0 -9999.0 -9999.0 -9999.0 -9999.0 -9999.0 -9999.0 -9999.0 -9999.0
-9999.0 -9999.0 -9999.0 -9999.0 -9999.0 -9999.0 -9999.0 -9999.0 -9999.0 -9999.0 -9999.0 -9999.0 -9999.0 -9999.0 -9999.0 -9999.0 -9999.0 -9999.0 -9999.0 -9999.0 -9999.0 -9999.0 -9999.0 -9999.0 -9999.0 -9999.0 -9999.0 -9999.0 -9999.0 -9999.0 -9999.0 -9999.0 -9999.0 -9999.0 -9999.0 -9999.0 -9999.0 -9999.0 -9999.0 -9999.0 -9999.0 -9999.0 -9999.0 -9999.0 -9999.0 -9999.0 -9999.0 1703.011368 1685.962837 1671.488205 1668.615521 1690.939283 1714.614482 1738.839694 1759.818547
-9999.0 -9999.0 -9999.0 -9999.0 -9999.0 -9999.0 -9999.0 -9999.0 -9999.0 -9999.0 -9999.0 -9999.0 -9999.0 -9999.0 -9999.0 -9999.0 -9999.0 -9999.0 -9999.0 -9999.0 -9999.0 -9999.0 -9999.0 -9999.0 -9999.0 -9999.0 -9999.0 -9999.0 -9999.0 -9999.0 -9999.0 -9999.0 -9999.0 -9999.0 -9999.0 -9999.0 -9999.0 -9999.0 -9999.0 -9999.0 1750.477196 1756.571366 1757.493548 1747.606342 1736.717066 1724.268752 1704.310066 1686.911390 1673.034440 1671.118180 1674.107954 1678.664164 1700.911955 1726.313479 1746.528241
-9999.0 -9999.0 -9999.0 -9999.0 -9999.0 -9999.0 -9999.0 -9999.0 -9999.0 -9999.0 -9999.0 -9999.0 -9999.0 -9999.0 -9999.0 -9999.0 -9999.0 -9999.0 -9999.0 -9999.0 -9999.0 -9999.0 -9999.0 -9999.0 -9999.0 -9999.0 -9999.0 -9999.0 -9999.0 -9999.0 -9999.0 -9999.0 -9999.0 -9999.0 1656.727242 1674.200089 1692.571874 1711.433779 1728.649194 1735.860237 1741.857387 1747.710309 1743.736376 1739.568621 1728.491899 1709.017829 1689.967164 1676.907170 1675.631494 1673.625487 1678.090844 1690.893915 1708.088154 1724.288473 1745.533120
-9999.0 -9999.0 -9999.0 -9999.0 -9999.0 -9999.0 -9999.0 -9999.0 -9999.0 -9999.0 -9999.0 -9999.0 -9999.0 -9999.0 -9999.0 -9999.0 -9999.0 -9999.0 -9999.0 -9999.0 -9999.0 -9999.0 -9999.0 -9999.0 -9999.0 -9999.0 -9999.0 -9999.0 1659.280548 1653.670567 1649.176546 1648.180928 1647.359468 1646.802031 1653.924585 1665.995107 1684.061645 1706.353912 1719.901649 1727.570836 1734.695555 1735.685844 1730.752060 1729.317488 1730.168878 1718.472127 1707.008620 1696.306115 1685.957206 1684.276210 1694.071466 1708.742561 1725.467286 1740.727074 1756.584028
-9999.0 -9999.0 -9999.0 -9999.0 -9999.0 -9999.0 -9999.0 -9999.0 -9999.0 -9999.0 -9999.0 -9999.0 -9999.0 -9999.0 -9999.0 -9999.0 -9999.0 -9999.0 -9999.0 -9999.0 -9999.0 -9999.0 -9999.0 1627.642674 1633.355797 1640.276997 1648.283221 1649.702687 1646.364473 1641.324065 1638.970654 1638.086385 1636.749723 1641.814377 1649.987460 1663.818854 1679.930639 1702.478490 1711.455671 1717.354187 1729.730298 1733.323934 1740.332838 1744.833006 1743.538882 1740.684280 1727.731173 1718.032533 1722.438425 1728.065801 1735.359543 1743.962245 1757.884276 1773.118361 1790.150459
-9999.0 -9999.0 -9999.0 -9999.0 -9999.0 -9999.0 -9999.0 -9999.0 -9999.0 -9999.0 -9999.0 -9999.0 -9999.0 -9999.0 -9999.0 -9999.0 -9999.0 -9999.0 -9999.0 1601.684630 1602.885845 1604.532089 1609.665010 1610.677594 1613.078380 1620.445421 1629.054925 1632.159241 1630.811913 1630.138770 1632.213951 1635.520337 1640.587668 1652.193794 1666.439219 1681.096364 1695.131537 1716.481286 1731.636955 1745.271281 1761.500714 1761.759928 1758.418723 1757.162158 1757.936802 1757.952908 1760.450833 1762.281029 1768.923642 1772.615706 1778.386786 1788.109683 1800.252391 1818.314373 1837.731799
-9999.0 -9999.0 -9999.0 -9999.0 -9999.0 -9999.0 -9999.0 -9999.0 -9999.0 -9999.0 -9999.0 -9999.0 -9999.0 -9999.0 -9999.0 -9999.0 1572.158169 1574.203034 1576.784996 1582.537602 1586.061872 1590.439602 1597.826800 1599.617645 1603.744582 1611.378323 1616.665607 1626.224657 1634.995769 1642.852108 1649.418090 1652.660869 1660.422308 1670.524073 1682.833848 1698.171371 1719.703776 1743.484683 1760.070417 1777.368185 1795.015291 1796.138336 1795.357692 1796.686903 1796.959074 1802.015354 1818.778094 1824.020799 1823.371369 1837.837974 1851.435386 1856.189835 1864.103981 1883.803741 1907.271901
-9999.0 -9999.0 -9999.0 -9999.0 -9999.0 -9999.0 -9999.0 -9999.0 -9999.0 -9999.0 -9999.0 -9999.0 -9999.0 1524.024751 1528.331753 1538.430728 1548.769825 1551.819375 1556.716214 1563.397691 1575.998603 1580.083994 1586.708547 1594.656939 1607.332368 1616.517581 1626.138564 1638.540686 1647.440112 1655.223398 1662.704910 1668.102187 1681.435545 1696.919159 1712.851198 1733.315554 1755.870786 1776.279229 1796.547340 1813.101426 1826.670516 1827.655929 1827.251485 1830.029769 1837.174037 1853.378819 1871.794222 1878.336344 1893.999371 1916.473259 1929.206190 1939.831340 1948.081161 1961.981652 1983.507027
-9999.0 -9999.0 -9999.0 -9999.0 -9999.0 -9999.0 -9999.0 -9999.0 -9999.0 -9999.0 1492.176052 1494.432567 1491.221695 1490.508021 1496.164067 1508.717285 1523.095853 1529.744926 1541.902096 1563.424828 1581.980475 1585.852380 1600.546143 1611.328607 1618.655962 1629.525273 1643.159225 1656.335636 1673.328282 1686.231869 1697.647035 1716.874799 1733.857385 1751.012249 1769.330575 1790.328372 1809.630757 1837.203130 1864.185293 1876.331565 1897.439396 1906.376856 1903.731771 1903.786140 1913.310162 1928.209056 1947.743479 1968.976275 1989.940428 2014.482418 2029.979133 2044.232299 2054.850023 2066.978089 2082.979089
-9999.0 -9999.0 -9999.0 -9999.0 -9999.0 -9999.0 -9999.0 -9999.0 1467.083491 1474.860557 1481.031165 1478.247913 1474.092663 1469.920077 1484.320451 1500.426526 1516.833755 1535.123396 1551.461493 1570.174080 1585.548210 1601.853946 1622.339943 1634.331851 1646.259623 1662.108177 1676.242785 1693.365923 1715.146970 1727.215783 1743.088830 1764.738502 1783.345576 1801.902034 1821.332094 1839.826951 1865.162156 1898.298264 1929.886019 1951.127996 1978.875702 2000.536385 1998.916609 2000.705540 2004.680214 2029.856737 2058.438135 2088.740529 2112.461278 2138.905820 2168.231987 2186.831749 2197.524825 2210.122719 2225.349661
-9999.0 -9999.0 -9999.0 -9999.0 -9999.0 -9999.0 1439.047490 1463.513007 1478.855059 1471.011492 1460.105949 1456.326807 1451.991698 1478.066596 1500.569698 1518.300946 1535.634415 1553.753381 1570.751517 1582.939545 1616.005333 1634.896882 1649.128209 1666.381273 1681.605451 1696.877906 1714.727604 1738.284097 1759.690092 1787.974769 1811.882896 1834.619135 1861.138117 1881.171582 1900.405084 1918.178835 1949.050699 1986.100887 2022.571364 2050.520226 2077.332926 2108.827458 2114.413800 2119.565003 2125.547129 2147.650608 2180.061464 2210.364095 2243.809886 2275.750066 2303.349845 2315.621280 2326.188708 2337.574286 2351.170596
-9999.0 -9999.0 -9999.0 -9999.0 1405.560836 1426.581869 1446.414255 1477.143758 1499.815444 1495.164623 1501.510676 1501.400339 1499.208945 1503.849384 1511.691404 1530.031137 1549.335349 1568.989347 1586.391250 1619.631440 1665.155089 1680.012476 1702.830194 1734.674995 1748.284690 1763.954446 1780.825644 1803.982841 1829.223683 1861.825736 1903.637715 1939.374543 1964.856996 1987.691898 2009.231075 2030.539375 2065.482370 2103.542065 2140.527389 2174.331501 2203.728763 2230.096213 2241.551437 2249.148294 2260.937515 2277.891126 2299.965618 2327.874047 2360.121016 2392.444684 2417.297529 2429.994468 2437.586776 2448.315518 2458.256737
-9999.0 -9999.0 -9999.0 1354.603074 1393.528888 1432.070365 1458.916100 1489.907966 1522.430977 1526.074759 1535.375729 1539.254980 1542.826209 1550.934812 1558.431605 1575.879095 1593.199922 1610.886493 1633.447756 1669.906939 1703.824023 1730.675073 1761.948624 1786.118216 1805.171352 1820.858905 1840.128043 1863.797854 1903.412434 1939.521905 1989.280496 2042.445377 2078.771686 2102.851962 2126.136920 2154.287565 2180.022677 2217.561596 2252.766647 2286.132924 2318.214000 2342.828860 2360.838297 2368.190128 2378.260960 2386.511656 2402.035385 2423.628492 2445.908823 2475.513852 2504.465908 2531.321769 2546.216421 2556.894523 2573.429656
-9999.0 -9999.0 1306.955809 1345.370019 1378.804284 1428.204024 1481.453478 1516.392998 1557.218424 1580.036833 1586.227223 1601.853078 1616.748172 1622.647541 1636.707606 1653.085536 1672.602929 1680.699500 1699.273359 1726.145832 1772.724693 1815.176916 1829.409651 1876.917838 1909.566006 1939.021593 1958.389808 1985.784085 2022.650679 2062.822503 2111.044683 2161.805422 2200.081116 2231.446472 2248.990322 2269.650542 2292.498807 2318.268018 2353.696785 2382.243188 2414.807277 2441.223702 2462.864143 2468.542857 2473.410039 2489.636440 2515.391085 2543.412739 2569.422632 2594.755298 2593.457710 2609.086890 2616.563358 2621.054222 2627.387363
-9999.0 -9999.0 1279.185436 1324.686368 1363.467972 1427.686532 1509.703141 1546.417419 1588.929871 1635.134237 1652.842341 1676.807482 1683.976399 1688.076934 1710.219700 1730.765822 1746.002354 1753.755688 1752.702863 1807.765930 1864.720400 1907.893827 1943.289521 2012.664748 2059.940388 2079.173091 2093.677145 2115.042408 2139.195590 2181.819931 2227.919490 2282.177235 2326.617324 2358.616202 2375.705536 2395.621030 2416.592642 2434.487191 2454.466033 2496.430002 2527.336823 2555.222599 2583.958125 2604.897517 2613.587756 2617.933564 2603.677410 2616.656364 2625.634494 2629.945506 2631.975938 2629.179057 2629.108044 2630.256558 2631.501792
-9999.0 1188.883196 1241.217108 1293.749638 1361.528888 1427.353728 1508.469974 1587.358440 1647.417491 1696.507320 1724.931850 1732.056681 1758.322397 1795.859795 1820.094850 1844.203802 1848.660297 1856.105846 1844.746694 1895.075568 1941.383092 2008.341196 2114.051356 2170.629084 2220.365693 2221.320237 2215.503253 2226.837414 2249.423254 2294.830165 2366.682727 2418.119958 2476.407597 2521.302407 2538.794455 2547.330099 2566.322210 2587.322419 2564.631003 2593.861396 2608.090548 2619.980992 2625.367198 2628.030562 2629.843990 2630.527903 2627.762635 2621.730939 2614.284952 2609.008311 2605.216440 2600.936052 2603.478178 2606.760791 2607.242811
-9999.0 1152.553622 1211.479714 1282.212370 1352.432855 1414.561184 1512.294496 1662.326932 1718.960650 1756.868408 1775.074057 1784.263963 1855.846553 1919.689108 1951.039438 1995.764917 1988.440852 1977.961858 1959.223498 1990.665893 2037.383075 2110.236708 2259.340436 2344.314488 2379.401773 2390.307584 2396.569680 2424.576206 2464.577443 2506.235909 2545.166416 2538.835186 2574.372050 2593.543751 2600.325052 2603.878413 2609.885489 2611.283998 2611.044941 2608.635952 2605.222431 2606.589529 2611.721699 2612.309123 2610.083003 2607.349007 2602.012533 2594.604234 2589.122374 2584.371853 2581.487959 2578.342039 2576.387714 2575.849315 2570.962332
-9999.0 1119.717198 1192.087356 1254.249966 1313.971478 1421.924884 1549.458857 1687.695822 1781.820413 1818.770765 1829.068813 1888.062073 1988.287949 2086.219481 2137.697673 2162.230231 2158.911431 2131.804851 2130.007491 2175.273420 2242.162334 2341.905652 2446.710450 2530.118029 2544.811847 2549.482535 2522.628456 2541.286573 2559.314824 2565.097403 2570.084859 2578.582469 2587.429469 2593.678213 2595.375790 2595.140875 2592.628428 2586.458426 2583.000590 2580.755795 2578.147275 2578.203613 2581.136543 2582.844466 2580.412604 2576.594089 2571.947326 2565.958280 2559.234314 2552.124200 2547.619963 2543.089468 2540.453296 2534.853835 2530.126301
-9999.0 1013.114058 1103.937726 1154.838033 1257.872761 1436.614476 1564.396910 1711.808787 1863.354040 1897.185190 1963.326296 2087.628062 2195.578916 2270.428794 2307.277762 2346.718925 2375.187401 2397.791666 2434.592212 2372.541236 2436.961130 2507.084448 2539.116483 2554.685861 2560.256029 2562.620578 2555.840910 2538.402644 2530.704342 2527.298344 2532.517435 2543.325147 2551.869748 2560.072314 2560.487707 2563.270672 2565.273473 2563.129903 2560.178209 2552.581750 2545.514010 2539.901409 2537.883844 2542.981202 2538.129172 2535.039718 2528.704545 2520.075319 2510.352575 2502.260648 2494.004019 2486.824134 2483.617685 2477.570004 2475.348171
-9999.0 932.279302 1007.938229 1088.629844 1218.900304 1383.355236 1503.397102 1668.119918 1885.513401 2007.140104 2141.939882 2218.678200 2290.227669 2344.843110 2402.902203 2451.215514 2477.554930 2489.818294 2475.854790 2492.338416 2460.083551 2454.511119 2474.257284 2502.933452 2518.577529 2523.812497 2517.091297 2508.834593 2503.932349 2505.470653 2506.751573 2507.303565 2507.527933 2507.325894 2506.256658 2510.139861 2516.124485 2510.571567 2501.693832 2493.506136 2486.069015 2477.688450 2472.116202 2468.225722 2467.382395 2467.014223 2459.206437 2448.552712 2437.744501 2429.180001 2421.209787 2415.426145 2412.171093 2406.438332 2397.068117
-9999.0 827.373090 952.161232 1041.114967 1155.068458 1289.944355 1410.196446 1570.707119 1713.976631 1940.204581 2092.149668 2223.100563 2266.744389 2328.039057 2383.255964 2452.141880 2455.258155 2427.921699 2394.962252 2382.643172 2392.455652 2404.006919 2417.201020 2436.214323 2454.559289 2465.165936 2469.220250 2463.574056 2451.494221 2443.061471 2436.994132 2428.099822 2422.339551 2422.555651 2425.899485 2435.136315 2437.721452 2429.405225 2416.874069 2400.519241 2386.230339 2375.366750 2372.721424 2374.352011 2374.459209 2370.433466 2363.671541 2352.842189 2340.122941 2327.895052 2320.671250 2315.115923 2307.486856 2296.422136 2284.112688
-9999.0 -9999.0 873.811942 984.241663 1088.287515 1207.937150 1315.945353 1452.133604 1599.561061 1777.520138 1894.169923 2038.321449 2116.961639 2161.842836 2206.364232 2261.436006 2283.252101 2307.843080 2297.065152 2305.976821 2315.664592 2323.172588 2332.730212 2343.384588 2356.460038 2367.055082 2376.333083 2375.043946 2367.369929 2350.710577 2330.393237 2315.154996 2307.390557 2301.119494 2312.383108 2324.919555 2321.865306 2315.750296 2304.086828 2288.340024 2275.627345 2261.835074 2258.074754 2258.026745 2257.977228 2254.954097 2250.785389 2237.820081 2224.909176 2213.446859 2208.068143 2201.694012 2196.431708 2185.538333 2173.913520
-9999.0 -9999.0 788.295012 895.800727 1006.879087 1128.752397 1224.574010 1281.961632 1429.592186 1541.884393 1646.749836 1748.227274 1834.100811 1898.255580 1938.198124 1999.201867 2045.177780 2062.898984 2090.583419 2129.295635 2159.038572 2191.501943 2212.245106 2224.772607 2238.933646 2253.179949 2262.122673 2250.275682 2240.385245 2224.987874 2204.518004 2181.753584 2170.562342 2169.040161 2171.049604 2175.615435 2169.890902 2161.107729 2147.305496 2132.736924 2120.274188 2109.826015 2105.799183 2101.490348 2099.552094 2096.413101 2093.401681 2085.642879 2075.210866 2068.374169 2059.874596 2054.349480 2051.698030 2045.921369 2037.670556
