tests/Borden05m/data_simulated/sim_1/output-maps/psiliqL0030N0008.asc
ncols         160
nrows         34
xllcorner     620200.000000
yllcorner     5168000.000000
cellsize      0.500000
NODATA_value  -9999.0
[rows 0 to 24 of 34, columns 55 to 109 of 160]
-9999.0 -9999.0 -9999.0 -9999.0 -9999.0 -9999.0 -9999.0 -9999.0 -9999.0 -9999.0 -9999.0 -9999.0 -9999.0 -9999.0 -9999.0 -9999.0 -9999.0 -9999.0 -9999.0 -9999.0 -9999.0 -9999.0 -9999.0 -9999.0 -9999.0 -9999.0 -9999.0 -9999.0 -9999.0 -9999.0 -9999.0 -9999.0 -9999.0 -9999.0 -9999.0 -9999.0 -9999.0 -9999.0 -9999.0 -9999.0 -9999.0 -9999.0 -9999.0 -9999.0 -9999.0 -9999.0 -9999.0 -9999.0 -9999.0 -9999.0 -9999.0 -9999.0 -9999.0 -9999.0 -9999.0
-9999.0 -9999.0 -9999.0 -9999.0 4197.054393 4191.814454 4187.197589 4182.817472 4174.441958 4165.123520 4157.451732 4153.223693 4151.998891 4151.153615 4150.448364 4155.180458 4163.226914 4170.799562 4177.553048 4179.933075 4182.216113 4183.916598 4184.036054 4182.889601 4179.611834 4176.208604 4172.785268 4170.995891 4163.845691 4152.782483 4144.616661 4141.939304 4146.028813 4150.317626 4152.752408 4157.701055 4167.949630 4178.456231 4187.020756 4199.762516 4207.113589 4212.488639 4214.912367 4210.909619 4207.675637 4203.607383 4197.107342 4185.968523 -9999.0 -9999.0 -9999.0 -9999.0 -9999.0 -9999.0 -9999.0
4142.062152 4160.375280 4181.666293 4184.730189 4172.820860 4167.674072 4164.574220 4163.027343 4158.981807 4150.551080 4145.485124 4139.979762 4137.080598 4137.049915 4136.842544 4140.324744 4151.223398 4158.908938 4163.350766 4165.973901 4168.843805 4166.823486 4165.913832 4165.665565 4162.708484 4159.153664 4155.725332 4153.812045 4155.560974 4147.945918 4141.774896 4137.714580 4134.343000 4137.139291 4139.909114 4144.844405 4153.882164 4161.675556 4169.558710 4184.975448 4198.364260 4204.166925 4201.575748 4197.075447 4193.213639 4185.536183 4174.526452 4164.622388 4157.050087 4151.222823 4145.898309 4139.234657 4145.769387 4154.027762 4163.168905
4125.253462 4144.454036 4165.010760 4167.479854 4157.338934 4149.767682 4142.348597 4142.955362 4146.737880 4143.591988 4138.710525 4130.037166 4140.514536 4141.392990 4141.907132 4144.999219 4146.429930 4152.104110 4154.348641 4159.606668 4168.511010 4171.286208 4171.627405 4171.577918 4169.480651 4166.116480 4164.038021 4161.165500 4155.809846 4153.757080 4153.180878 4151.554308 4155.352459 4156.869504 4160.133191 4154.993602 4159.667102 4165.914136 4172.899912 4178.078287 4184.027450 4186.072296 4182.739070 4183.751848 4175.395983 4161.775081 4152.302111 4145.161046 4146.078907 4143.220470 4135.285808 4121.261093 4129.964023 4146.280983 4151.152313
4129.976383 4138.840261 4149.035768 4151.382212 4146.326771 4148.798407 4150.622400 4151.715192 4149.749338 4146.026050 4140.888359 4150.645027 4158.580887 4159.803554 4162.028847 4166.010068 4167.246642 4156.639603 4154.659349 4161.547230 4170.925139 4175.813982 4175.918515 4175.395085 4171.138310 4169.863835 4169.647389 4167.915220 4166.954513 4168.201554 4164.991490 4167.392304 4172.793660 4176.226138 4171.793243 4163.584322 4166.250382 4174.904049 4184.311422 4191.955099 4201.936465 4212.499969 4213.143735 4208.921631 4200.516314 4188.360840 4166.163118 4149.244620 4138.225934 4129.954966 4122.665551 4126.587778 4121.384446 4136.030014 4137.894949
4112.780145 4134.688050 4154.419258 4159.663989 4153.645279 4150.328338 4149.561025 4150.148187 4148.818116 4148.481586 4156.046146 4167.244266 4177.453787 4179.212917 4180.780093 4179.194888 4172.115036 4161.733137 4159.361884 4172.105130 4188.965493 4196.663253 4195.780882 4190.280719 4192.167868 4192.748944 4193.947831 4191.066763 4191.365597 4187.727359 4191.746078 4199.459963 4207.713671 4206.488426 4193.951629 4181.298569 4181.665394 4187.948454 4196.026143 4203.999336 4214.075998 4222.943095 4218.151085 4213.532987 4206.884610 4182.083009 4160.731825 4147.133071 4147.441385 4148.344067 4144.026215 4142.344386 4142.177123 4138.987505 4139.442575
4147.464887 4166.169704 4186.572928 4198.723485 4192.488875 4185.263292 4177.418194 4177.532023 4177.150168 4182.339683 4191.957166 4203.308542 4224.398113 4222.877863 4222.514940 4219.945111 4206.496964 4192.982490 4183.385466 4206.829425 4218.156301 4224.863815 4220.941932 4224.580911 4232.857409 4229.610774 4223.873608 4211.250544 4216.661523 4221.498502 4236.720890 4245.069573 4250.831420 4245.194460 4230.384142 4223.262401 4225.712706 4233.506057 4235.797432 4245.713934 4253.950366 4268.756410 4267.054688 4265.376751 4246.108981 4208.825239 4180.849668 4170.480722 4183.520417 4178.080850 4171.651207 4172.557681 4162.304501 4156.184271 4159.472081
4176.098543 4188.404753 4204.229178 4220.433615 4210.430151 4200.548189 4183.152723 4179.314765 4182.574151 4192.932641 4210.175204 4226.843099 4245.771812 4241.657496 4232.203154 4241.995807 4234.903286 4223.621636 4216.364740 4241.095436 4250.662605 4260.512401 4265.070267 4277.792965 4287.968991 4269.310731 4250.667462 4238.638627 4246.293476 4273.846421 4297.988817 4302.767793 4301.175467 4299.555179 4282.216560 4277.888787 4275.460491 4277.478877 4275.774841 4274.508916 4302.034023 4325.076215 4325.127574 4303.843729 4281.156823 4240.074284 4201.858689 4179.540050 4196.388625 4192.505776 4196.846146 4187.952603 4177.103216 4172.577846 4172.042612
4220.715309 4240.439668 4255.929980 4278.405006 4266.492021 4241.644618 4223.288455 4225.433432 4239.533533 4248.178467 4267.957952 4283.248218 4307.647417 4317.257596 4326.355068 4330.398003 4323.852674 4315.484990 4303.848531 4311.453998 4337.670422 4349.353951 4357.095393 4364.887669 4377.722551 4376.548963 4368.296117 4366.064797 4370.871307 4386.470195 4402.776326 4409.622921 4412.001728 4413.716203 4397.447738 4383.613530 4382.916405 4378.398897 4378.785404 4378.440301 4392.573841 4415.972497 4412.163372 4371.959535 4344.691531 4308.121277 4268.678026 4239.335416 4236.145478 4258.780751 4258.913302 4242.835981 4234.674336 4210.988568 4208.954590
4286.354090 4319.165271 4343.112896 4352.484922 4358.532745 4340.962297 4338.038357 4342.590581 4351.668023 4354.557742 4360.913396 4393.761772 4427.725924 4451.864074 4474.578695 4481.563132 4468.720316 4458.985614 4444.982907 4436.417294 4449.778485 4468.154084 4486.332168 4501.184467 4512.665321 4514.298240 4512.610608 4512.622623 4516.148660 4519.216621 4524.028114 4533.356886 4541.215073 4549.508227 4556.622926 4544.644091 4527.445351 4519.037912 4511.381314 4511.794873 4513.950579 4519.403036 4520.619101 4500.622014 4454.634551 4421.380337 4388.534002 4371.177073 4359.747532 4363.196190 4344.741596 4319.115668 4265.170412 4228.000253 4197.114176
4369.413899 4415.584151 4445.176481 4460.800834 4473.234692 4468.736611 4470.775302 4471.626938 4475.013144 4476.785016 4478.408198 4507.073039 4550.717858 4591.517465 4623.808912 4622.579165 4607.476652 4595.867047 4587.200131 4571.573739 4567.488650 4581.889021 4598.924211 4620.835332 4631.067642 4636.055628 4631.884913 4632.060425 4634.368263 4636.868594 4639.178786 4643.451971 4654.103891 4670.423389 4686.143649 4684.607058 4663.574719 4645.106212 4629.339943 4628.287042 4626.854202 4622.011955 4624.907558 4626.942609 4607.789240 4573.779659 4531.829062 4491.281338 4477.011529 4463.140384 4452.283644 4434.298153 4387.985498 4315.256356 4272.041268
4486.194257 4523.508217 4553.220660 4584.180297 4598.271743 4599.047960 4595.809029 4593.878101 4601.107894 4602.921721 4607.351350 4624.292751 4659.933348 4698.332080 4729.615503 4744.719045 4735.590724 4715.692172 4691.634062 4680.156042 4676.673456 4680.933391 4691.615952 4706.362763 4727.540472 4748.447806 4754.430734 4755.384351 4752.605106 4755.199935 4756.962692 4757.120338 4760.766383 4770.723100 4781.715429 4785.404404 4776.441524 4753.303077 4728.307421 4717.769937 4711.828205 4708.630713 4710.532000 4716.888437 4721.172234 4704.846064 4666.062541 4618.366754 4588.749435 4575.220043 4562.833857 4547.901599 4534.246019 4495.776771 4472.908613
4598.125413 4614.513574 4644.470710 4674.734413 4697.366684 4711.853596 4711.233976 4713.587618 4718.590911 4725.287073 4740.499276 4765.822923 4787.146857 4812.339875 4841.346991 4859.277143 4864.485842 4862.084346 4856.927834 4857.909359 4858.348178 4780.550501 4788.158952 4795.763831 4816.925666 4835.370934 4842.165706 4842.955132 4839.805484 4841.958639 4842.906034 4842.705040 4842.320279 4845.594344 4851.879185 4854.281229 4851.311697 4836.184194 4860.540970 4839.102754 4824.853642 4816.214556 4807.598526 4799.273753 4789.657444 4779.365354 4757.349946 4724.260480 4688.671428 4668.571735 4661.373650 4654.891510 4645.155552 4638.787996 4620.405909
4698.389473 4709.066118 4728.715732 4752.970908 4790.045667 4815.632553 4827.699409 4837.562166 4842.374928 4857.229475 4875.450008 4855.065277 4865.382765 4876.059457 4886.667876 4890.310897 4891.353979 4890.872674 4888.393432 4887.431295 4884.682428 4881.642325 4870.725134 4872.384482 4874.520668 4877.201301 4881.038447 4880.019207 4881.213084 4884.194944 4882.317129 4876.009936 4871.707192 4870.123820 4871.347727 4878.947222 4882.603215 4883.637505 4879.292943 4878.242928 4877.005838 4872.782509 4867.509764 4860.076747 4850.568453 4870.051669 4856.958377 4826.553759 4782.773066 4738.363925 4732.576018 4736.253780 4735.558902 4734.153489 4728.286270
4832.486037 4847.210055 4863.047731 4833.067265 4860.810899 4875.009006 4881.647793 4886.463569 4889.507071 4893.506586 4890.580043 4887.722603 4882.707243 4880.984214 4879.577616 4877.085254 4877.694899 4875.802142 4871.626101 4867.318935 4858.661280 4846.657078 4835.469918 4831.457319 4835.652439 4841.542620 4847.062303 4852.050857 4855.963334 4855.532892 4849.715949 4840.962477 4833.141870 4831.569362 4838.667848 4844.535949 4851.632165 4852.603791 4851.193317 4848.480922 4848.036922 4844.402327 4844.494771 4851.893556 4867.417571 4868.965833 4876.295152 4875.251391 4854.577769 4817.142185 4836.172294 4815.712681 4822.571368 4817.736442 4806.076718
4881.249279 4884.690371 4882.665456 4881.834338 4875.219642 4868.991878 4868.153288 4872.231499 4879.388227 4880.336672 4873.158045 4864.327018 4856.847487 4849.015843 4846.489897 4846.144189 4845.999115 4846.619948 4841.234540 4831.184185 4813.292174 4801.568228 4790.451851 4784.476941 4779.891558 4782.747823 4794.648830 4807.964822 4813.211557 4802.806666 4793.851439 4781.442410 4773.280798 4773.805226 4774.366904 4784.170887 4802.353643 4811.179550 4812.055312 4805.016421 4797.712509 4790.739311 4787.276827 4793.675259 4809.369609 4827.033610 4843.700516 4853.428247 4861.460558 4868.969086 4865.299253 4868.703403 4870.576540 4867.931924 4872.622828
4876.181355 4868.953986 4861.723035 4856.227914 4849.744436 4844.502202 4842.539524 4844.144020 4845.640661 4841.127033 4834.729933 4824.615273 4813.327550 4803.435910 4795.097444 4796.133606 4798.515459 4800.406820 4792.625267 4776.658310 4758.390064 4744.677113 4730.640821 4726.635439 4720.246593 4711.150000 4721.133721 4742.044355 4749.941357 4732.701850 4721.315034 4705.592289 4699.251903 4694.864437 4695.369590 4704.199105 4727.964062 4754.197236 4756.712277 4745.263181 4733.864082 4729.239333 4725.885581 4729.981807 4746.499185 4768.063694 4785.021816 4796.068503 4801.477720 4809.325713 4818.861379 4834.159754 4849.862660 4862.939821 4866.254615
4850.279488 4842.425782 4834.655174 4826.874653 4819.874939 4813.527456 4809.087261 4807.065064 4802.482589 4796.156379 4788.927946 4765.544217 4752.725333 4739.163733 4723.485583 4719.217278 4713.531738 4714.246449 4702.411506 4695.126795 4679.225386 4663.719021 4647.928459 4633.321528 4627.540901 4620.441268 4616.455802 4629.225467 4637.461615 4629.362375 4619.849687 4609.984936 4606.075797 4602.692512 4605.443398 4616.053001 4634.776407 4653.150865 4662.314408 4655.319176 4655.665683 4656.783968 4655.263469 4662.095785 4671.844249 4689.477039 4712.868984 4733.343542 4743.745495 4750.553226 4759.680682 4774.403117 4788.888717 4803.703745 4822.398845
4819.372525 4809.851205 4799.716136 4789.714663 4778.968287 4768.167278 4761.304702 4764.305259 4758.263427 4752.670352 4726.838693 4667.896704 4645.259928 4625.583454 4608.654014 4601.260992 4592.161846 4572.640374 4563.950364 4560.097653 4565.575557 4552.010749 4534.323343 4515.905234 4511.043043 4507.687467 4487.021037 4478.794798 4478.327701 4499.343163 4493.778910 4494.292080 4497.804933 4495.508993 4496.123738 4508.651465 4514.879643 4518.673357 4525.860281 4533.315469 4545.632562 4554.781713 4567.792982 4585.849379 4596.124159 4610.951177 4631.257134 4658.105773 4674.778465 4684.553612 4694.992236 4710.430923 4726.704870 4744.870169 4767.619321
4784.079815 4766.353926 4751.205227 4736.526676 4723.533133 4710.337591 4693.212395 4695.228937 4693.317550 4682.050557 4621.556215 4580.979708 4546.176831 4529.004322 4504.398056 4489.684406 4470.973616 4427.565825 4408.673719 4410.229397 4428.851020 4427.637707 4412.895164 4401.764768 4391.771469 4381.287550 4361.610636 4338.910300 4345.540928 4366.558656 4369.681477 4375.065882 4384.513372 4384.547929 4376.581685 4370.690633 4381.928054 4386.510368 4398.463143 4418.860682 4424.292525 4443.973807 4481.086122 4493.927914 4509.212086 4527.219394 4547.345730 4569.470622 4593.195008 4607.775907 4623.372233 4641.872210 4658.660837 4678.992687 4701.465759
4731.233154 4698.633977 4676.667276 4658.723969 4638.622453 4608.982570 4588.812650 4586.302911 4580.117507 4546.860888 4491.727911 4457.536168 4436.248366 4414.263200 4391.350172 4365.298406 4323.570576 4287.249387 4264.587605 4284.371282 4297.187759 4313.082385 4302.647715 4292.608113 4283.186255 4263.388349 4245.903587 4227.494259 4239.547763 4248.314307 4271.699441 4280.037884 4284.146252 4291.466935 4289.942298 4276.634748 4267.408935 4275.258952 4285.073577 4297.843020 4322.862674 4361.130624 4386.257325 4405.128711 4425.717435 4443.939417 4464.834300 4487.491256 4510.785945 4528.125569 4546.363646 4564.540385 4585.325026 4603.757934 4625.817844
4646.051311 4617.564200 4591.240727 4567.693017 4533.719336 4484.073080 4469.523203 4460.113577 4434.280182 4381.974951 4340.214278 4324.658321 4315.697567 4292.868498 4272.830263 4242.824762 4207.664230 4187.863908 4167.121517 4179.101907 4190.938121 4214.785777 4207.419872 4202.455675 4200.849016 4185.337919 4172.351078 4155.109182 4160.961128 4174.150268 4200.353139 4207.223547 4211.746876 4222.246739 4221.681263 4216.138260 4194.977612 4200.943569 4211.946448 4227.131005 4259.797564 4281.694167 4303.632035 4325.647093 4344.670802 4365.803178 4387.350349 4409.830646 4436.470137 4455.953082 4474.763768 4496.081432 4514.576266 4527.149786 4541.319853
4533.886336 4510.612650 4492.211908 4467.979785 4422.302291 4377.917469 4333.972069 4302.647868 4244.319692 4208.690391 4194.040231 4199.631355 4190.198870 4172.185807 4154.829385 4136.830050 4117.112442 4100.407614 4075.361975 4081.915172 4099.603368 4118.374622 4122.979470 4126.144560 4125.681600 4117.445932 4104.255019 4090.714929 4094.600659 4112.638621 4131.234209 4142.511911 4150.769510 4158.626847 4158.139514 4147.314552 4136.402408 4140.582309 4156.267420 4172.125409 4187.949429 4207.462062 4227.349044 4247.233223 4269.169475 4290.961950 4312.990230 4337.003681 4363.270157 4384.522198 4407.662722 4431.442964 4446.302572 4453.138602 4457.927455
4429.232093 4411.620901 4389.162875 4361.277296 4318.713024 4279.953826 4239.768947 4189.110776 4156.344852 4129.310694 4127.546705 4114.616956 4104.407675 4092.691639 4073.860879 4059.885925 4047.891046 4027.900427 4021.948814 4030.728975 4044.900485 4052.230087 4061.227725 4059.975166 4058.393238 4053.943397 4040.183707 4038.707539 4049.497068 4064.669288 4077.882885 4090.062001 4097.006196 4101.616728 4098.271593 4088.469345 4086.508877 4094.440789 4109.533447 4121.944888 4134.968545 4154.369765 4172.848044 4193.244992 4214.461631 4235.084389 4258.174103 4282.004023 4306.938914 4333.573330 4354.514233 4370.762219 4377.464107 4385.003925 4380.480118
4303.795872 4295.160219 4269.799782 4241.699076 4214.537120 4184.433718 4163.560948 4133.962592 4105.675627 4078.635502 4054.038423 4045.234420 4042.114351 4031.727513 4017.273471 4008.469432 3994.805739 3989.089136 3998.757189 3999.933464 4007.147092 4004.407411 4006.007433 4004.303825 4004.350410 4003.448005 3999.608291 4013.778405 4019.911856 4032.723713 4042.350974 4052.114644 4057.564118 4060.698727 4062.169524 4058.672521 4065.238746 4070.380800 4083.056471 4093.185980 4105.082354 4123.499753 4138.844826 4156.026553 4176.639342 4197.963288 4219.993529 4244.003043 4270.504495 4293.388084 4308.694465 4312.692002 4319.572373 4317.575657 4302.610375
