tests/Borden05m/data_simulated/sim_1/output-maps/psiliqL0029N0003.asc
ncols         160
nrows         34
xllcorner     620200.000000
yllcorner     5168000.000000
cellsize      0.500000
NODATA_value  -9999.0
[rows 0 to 24 of 34, columns 55 to 109 of 160]
-9999.0 -9999.0 -9999.0 -9999.0 -9999.0 -9999.0 -9999.0 -9999.0 -9999.0 -9999.0 -9999.0 -9999.0 -9999.0 -9999.0 -9999.0 -9999.0 -9999.0 -9999.0 -9999.0 -9999.0 -9999.0 -9999.0 -9999.0 -9999.0 -9999.0 -9999.0 -9999.0 -9999.0 -9999.0 -9999.0 -9999.0 -9999.0 -9999.0 -9999.0 -9999.0 -9999.0 -9999.0 -9999.0 -9999.0 -9999.0 -9999.0 -9999.0 -9999.0 -9999.0 -9999.0 -9999.0 -9999.0 -9999.0 -9999.0 -9999.0 -9999.0 -9999.0 -9999.0 -9999.0 -9999.0
-9999.0 -9999.0 -9999.0 -9999.0 3997.335391 3992.078605 3987.420431 3983.001878 3974.584232 3965.260243 3957.533633 3953.307848 3952.088353 3951.233475 3950.534311 3955.284742 3963.317634 3970.884276 3977.652542 3980.025892 3982.309992 3984.034384 3984.168367 3983.010793 3979.730585 3976.329440 3972.903886 3971.127417 3963.919970 3952.836496 3944.631703 3941.948748 3946.057100 3950.356942 3952.797020 3957.801412 3968.082203 3978.611268 3987.180728 3999.880077 4007.150302 4012.522019 4014.992282 4011.000615 4007.765995 4003.729843 3997.325880 3986.201908 -9999.0 -9999.0 -9999.0 -9999.0 -9999.0 -9999.0 -9999.0
3942.311085 3960.630762 3981.825659 3984.893324 3973.035734 3967.900956 3964.783478 3963.196855 3959.089968 3950.631424 3945.538647 3940.023699 3937.169994 3937.129518 3936.924403 3940.430840 3951.273857 3958.965447 3963.416237 3966.023160 3968.867965 3966.940598 3966.045439 3965.785732 3962.826966 3959.274690 3955.844336 3953.933936 3955.600950 3947.983717 3941.849996 3937.824986 3934.552690 3937.332644 3940.082079 3944.930116 3953.999332 3961.820449 3969.727777 3985.088163 3998.430764 4004.213720 4001.643745 3997.133286 3993.295459 3985.695929 3974.760305 3964.843877 3957.144983 3951.264281 3945.949752 3939.367021 3945.894117 3954.077260 3963.281899
3925.494502 3944.664067 3965.169565 3967.644576 3957.461706 3949.840331 3942.550997 3943.119457 3946.813267 3943.626825 3938.739910 3930.262766 3940.601796 3941.483858 3942.016651 3945.103949 3946.618169 3952.129035 3954.391439 3959.643665 3968.541161 3971.301268 3971.642808 3971.594475 3969.504163 3966.147211 3964.078485 3961.207235 3955.855332 3953.852492 3953.320459 3951.769039 3955.631969 3957.147181 3960.323270 3955.099337 3959.713879 3965.966134 3972.952465 3978.221487 3984.226760 3986.402017 3983.093221 3984.018440 3975.686328 3962.081170 3952.537722 3945.341779 3946.113454 3943.256914 3935.351061 3921.429281 3930.061905 3946.355075 3951.229862
3930.068690 3938.913584 3949.167294 3951.525252 3946.453187 3948.838464 3950.628983 3951.723616 3949.756804 3946.049724 3941.068428 3950.953858 3958.943609 3960.170867 3962.412031 3966.352417 3967.464022 3956.768652 3954.749955 3961.704586 3971.122188 3976.047548 3976.143677 3975.632532 3971.493273 3970.223691 3969.987890 3968.219728 3967.350022 3968.655232 3965.621621 3968.143590 3973.553128 3976.952953 3972.328405 3964.075518 3966.643695 3975.254470 3984.598821 3992.236859 4002.273066 4012.900759 4013.471436 4009.199211 4000.796075 3988.598450 3966.370450 3949.338169 3938.364130 3930.192819 3922.941027 3926.663146 3921.617206 3936.090408 3937.968076
3913.495823 3935.063818 3954.831837 3960.192455 3954.148204 3950.700163 3949.787660 3950.354525 3949.079764 3948.902318 3956.709817 3968.008812 3978.420295 3980.195547 3981.786374 3980.244489 3973.031310 3962.645965 3960.177885 3973.019038 3989.815487 3997.524298 3996.711434 3991.475592 3993.639319 3994.089773 3995.102818 3992.092376 3992.481448 3989.131772 3993.482308 4001.176827 4009.351950 4008.092007 3995.595490 3983.027262 3983.293806 3989.381463 3997.189040 4005.073861 4015.178908 4024.121788 4019.348692 4014.627374 4007.836197 3982.875436 3961.251348 3947.524727 3947.880156 3948.788219 3944.483623 3942.758736 3942.451749 3939.078592 3939.513456
3948.396062 3967.177961 3987.486931 3999.793150 3993.541859 3986.227866 3978.209243 3978.310763 3978.085466 3983.393030 3993.149830 4004.795647 4025.987590 4024.669718 4024.471218 4022.182962 4008.851191 3995.397677 3985.695836 4008.778071 4020.012126 4026.807975 4023.196746 4027.176951 4035.523788 4032.184868 4026.303261 4013.812875 4019.260291 4024.490713 4039.681639 4047.919403 4053.557251 4048.184101 4033.606720 4026.579170 4028.806314 4036.277195 4038.304585 4047.917315 4056.295047 4071.142827 4069.555285 4067.501972 4048.119619 4010.949729 3982.690863 3971.813243 3984.482351 3979.030619 3972.649204 3973.345608 3962.938836 3956.596649 3959.743378
3977.780557 3990.324186 4006.204494 4022.449944 4012.696426 4002.720818 3985.525961 3981.836541 3985.289671 3995.563112 4012.830696 4029.780631 4048.916058 4045.468195 4036.708507 4046.441452 4039.363954 4028.183922 4020.853969 4044.743058 4054.426818 4064.354279 4069.187915 4081.875981 4092.103547 4073.975015 4055.723633 4044.095556 4051.585101 4078.637552 4102.337477 4107.117682 4105.688574 4104.331436 4087.505331 4083.055101 4080.387931 4081.994998 4080.069164 4078.662301 4105.647584 4128.325780 4128.327677 4107.008285 4084.340880 4043.667448 4005.606969 3982.825943 3998.741621 3995.029461 3999.146291 3989.992511 3978.968976 3973.828915 3972.844468
4023.676666 4043.826739 4059.509595 4081.795391 4070.564491 4046.146001 4028.357132 4030.587816 4044.519671 4052.991867 4072.414109 4088.130250 4112.857313 4123.070630 4132.681939 4136.688674 4130.007079 4121.590292 4109.856427 4116.868354 4142.497858 4154.161238 4162.041454 4169.977177 4182.757752 4181.964687 4174.042150 4171.905391 4176.599491 4191.667041 4207.510206 4214.329874 4216.876965 4218.815562 4203.309391 4189.711044 4188.689882 4183.943259 4183.931456 4183.485778 4196.962320 4219.660626 4216.014604 4176.747388 4149.608728 4113.444358 4074.294175 4044.983049 4041.088390 4062.854455 4062.452005 4046.381226 4037.682404 4013.474120 4010.712055
4090.171186 4122.988588 4147.013185 4156.580418 4162.953812 4146.063374 4143.332150 4147.772116 4156.659855 4159.593135 4165.952483 4198.673071 4232.579811 4256.919590 4279.635614 4286.658291 4273.941867 4264.192457 4250.305150 4241.678563 4254.466005 4272.565687 4290.615218 4305.482317 4316.923940 4318.665373 4317.003142 4317.025653 4320.449503 4323.500288 4328.189751 4337.311122 4345.118409 4353.502015 4360.840448 4349.239230 4332.093769 4323.479171 4315.494592 4315.619786 4317.595664 4322.665659 4323.856396 4304.664295 4259.654378 4226.810138 4194.155021 4176.268567 4164.422129 4166.994381 4148.628977 4123.347602 4070.062933 4032.895544 4001.952442
4173.874519 4219.532230 4249.034646 4265.020019 4277.509014 4273.361851 4275.344106 4276.228241 4279.688715 4281.594222 4283.472980 4311.690949 4354.856361 4395.329340 4427.379939 4426.405484 4411.616785 4400.066759 4391.291116 4375.953603 4371.900852 4385.889849 4402.550706 4424.089647 4434.371652 4439.619725 4435.650987 4435.837283 4438.028711 4440.493740 4442.766296 4446.894234 4457.319434 4473.359325 4488.805477 4487.425612 4466.869429 4448.515388 4432.688562 4431.307550 4429.641879 4424.783646 4427.558637 4429.565242 4411.177889 4377.798876 4336.340079 4295.828744 4280.988731 4266.830553 4255.978415 4238.255481 4193.325680 4122.062766 4079.781617
4290.279984 4326.864754 4356.425738 4387.233238 4401.500307 4402.609214 4399.522785 4397.761319 4404.939737 4406.960485 4411.668158 4428.524803 4463.388124 4501.142200 4532.080787 4547.257514 4538.424420 4518.954046 4495.302528 4484.191485 4480.834111 4484.952078 4495.379634 4509.714807 4530.533404 4551.120436 4557.059717 4557.998295 4555.239813 4557.798358 4559.518677 4559.667779 4563.156721 4572.799846 4583.553648 4587.175614 4578.468905 4555.778245 4531.105573 4520.379744 4514.311803 4511.066756 4512.770349 4518.863396 4522.915299 4506.923472 4468.829112 4421.838644 4392.137305 4378.239642 4365.763901 4351.032129 4337.654401 4300.450239 4278.016513
4401.584805 4417.724024 4447.309893 4477.260509 4499.900533 4514.435818 4514.036558 4516.535955 4521.486565 4528.320529 4543.504003 4568.403603 4589.248555 4613.903399 4642.406315 4659.987452 4665.206796 4662.959469 4658.032233 4659.059193 4659.480409 4584.740684 4592.074673 4599.401714 4619.733666 4637.557970 4644.103915 4644.862381 4641.836252 4643.924181 4644.834422 4644.653065 4644.270852 4647.350254 4653.388629 4655.696476 4652.843400 4638.226777 4661.331912 4640.181465 4626.092319 4617.540662 4609.000552 4600.690076 4591.112438 4580.904367 4559.298583 4526.671837 4491.338026 4470.939111 4463.588027 4457.189871 4447.727492 4441.507684 4423.423312
4501.501641 4512.156864 4531.503751 4555.443411 4591.872113 4617.011658 4628.940227 4638.687564 4643.470022 4658.136160 4676.033925 4656.541155 4666.454034 4676.712035 4686.904435 4690.404594 4691.406769 4690.944340 4688.482704 4687.558298 4684.876449 4681.747322 4670.922580 4672.571753 4674.669675 4677.338109 4681.154186 4680.117287 4681.294131 4684.270438 4682.416449 4676.162895 4671.906118 4670.324450 4671.502330 4679.068498 4682.690528 4683.709374 4679.563422 4678.536924 4677.348348 4673.290638 4668.224668 4661.083143 4651.947724 4670.482188 4657.600794 4627.680676 4584.625110 4540.880236 4534.702844 4537.988539 4537.419717 4535.991790 4530.184077
4633.706576 4648.216734 4663.839961 4635.438749 4662.094397 4675.735714 4682.114154 4686.788133 4689.783666 4693.606730 4690.663188 4687.775039 4682.786172 4681.095414 4679.700073 4677.218768 4677.832742 4675.941281 4671.788208 4667.535849 4659.020436 4647.105829 4635.920898 4632.000181 4636.217817 4642.053506 4647.499069 4652.378282 4656.252618 4655.911594 4650.165121 4641.477291 4633.711593 4632.121551 4639.175780 4645.019253 4651.999923 4652.952260 4651.545344 4648.877752 4648.473915 4644.912830 4645.029102 4652.363222 4667.732571 4669.522073 4676.563968 4675.561137 4655.698246 4619.730724 4637.231815 4616.879640 4623.569349 4618.786773 4607.194500
4681.461465 4684.767609 4682.822102 4681.936529 4675.369840 4669.177695 4668.351991 4672.418888 4679.554564 4680.527383 4673.375762 4664.597726 4657.170728 4649.423058 4646.935388 4646.546762 4646.381106 4646.979165 4641.613976 4631.715789 4614.004626 4602.312228 4591.207454 4585.240583 4580.818962 4583.798486 4595.566527 4608.650913 4613.856207 4603.677772 4594.823552 4582.534868 4574.391756 4574.900709 4575.559195 4585.302604 4603.213492 4611.777209 4612.635505 4605.711065 4598.571626 4591.660915 4588.276949 4594.680547 4610.294723 4627.776609 4644.229906 4653.840092 4661.809950 4669.239719 4665.994973 4669.265629 4671.065312 4668.524406 4672.874469
4676.279725 4669.103235 4661.925670 4656.473099 4650.000339 4644.749168 4642.815614 4644.479170 4646.069646 4641.644796 4635.255807 4625.171155 4613.943716 4604.098034 4595.913621 4596.951111 4599.331726 4601.180276 4593.505457 4577.668970 4559.501033 4545.841940 4531.846678 4527.860725 4521.577321 4512.779015 4522.791220 4543.461045 4551.253060 4534.250797 4522.968177 4507.354537 4500.965563 4496.657987 4497.218622 4506.066587 4529.571367 4555.367944 4557.793355 4546.443057 4535.147059 4530.497789 4527.168114 4531.365669 4547.918421 4569.323164 4586.099012 4597.016395 4602.407216 4610.240005 4619.744463 4634.831910 4650.352740 4663.279833 4666.875609
4650.546950 4642.716936 4634.974583 4627.233675 4620.263374 4613.955390 4609.554034 4607.551539 4603.110321 4596.840437 4589.665293 4566.856197 4554.132587 4540.721626 4525.217914 4521.043277 4515.556761 4516.360705 4504.609481 4497.195928 4481.193026 4465.735526 4449.995982 4435.661069 4429.900858 4422.891428 4419.380269 4432.294281 4440.570969 4432.188553 4422.643423 4412.622786 4408.591651 4405.213975 4407.908366 4418.481127 4437.368302 4455.726515 4464.733072 4457.662335 4457.665847 4458.549694 4457.008832 4463.721042 4473.669586 4491.349695 4514.518820 4534.665359 4544.948409 4551.758978 4560.893989 4575.546910 4589.948377 4604.660077 4623.205559
4619.741454 4610.275471 4600.198635 4590.271334 4579.594644 4568.861498 4562.089614 4565.032887 4559.013109 4553.432703 4528.267767 4470.147022 4447.857190 4428.365670 4411.611894 4404.385661 4395.451976 4376.648606 4367.989945 4364.031086 4368.856898 4355.234252 4337.611832 4319.364235 4314.512348 4311.132655 4291.147272 4283.658538 4283.397975 4303.456379 4297.798953 4297.959837 4301.151805 4298.838825 4299.586742 4312.154139 4318.672213 4322.790085 4329.879476 4336.788977 4348.733241 4357.642826 4370.068557 4387.908610 4398.271837 4413.160947 4433.432542 4459.997699 4476.392264 4486.082091 4496.482335 4511.861478 4528.087416 4546.140748 4568.794631
4584.616280 4567.155736 4552.148563 4537.574257 4524.670263 4511.580040 4494.757017 4496.774470 4494.847446 4483.820328 4424.516362 4383.955014 4349.402055 4332.281399 4307.929126 4293.504219 4275.312307 4232.958934 4214.407301 4215.607074 4233.518434 4231.889953 4217.076525 4205.831636 4195.983959 4185.747260 4166.480012 4144.574597 4151.103631 4171.624598 4174.328089 4179.318190 4188.457937 4188.384094 4180.659651 4175.380026 4186.753619 4191.487216 4203.262240 4223.088506 4228.383025 4247.383845 4283.776854 4296.562499 4311.733583 4329.747251 4349.859630 4371.908252 4395.335205 4409.750579 4425.205100 4443.636432 4460.347871 4480.623562 4503.069852
4532.250691 4500.009893 4478.266206 4460.487732 4440.636072 4411.597767 4391.515683 4389.110638 4382.983494 4350.627903 4296.136223 4261.746521 4240.127639 4218.269353 4195.428597 4169.916512 4129.134467 4093.212543 4070.794369 4089.853966 4102.420011 4117.532884 4106.963104 4096.832101 4087.422871 4068.007226 4050.681885 4032.681144 4044.547074 4053.297266 4075.837899 4083.897579 4087.968758 4095.007050 4093.484184 4080.644356 4072.179162 4080.027229 4089.801672 4102.362519 4126.645704 4164.296884 4189.262138 4207.914248 4228.376351 4246.582186 4267.457666 4290.060998 4313.141400 4330.306146 4348.456432 4366.596839 4387.299347 4405.782712 4427.914788
4448.201842 4419.847561 4393.609334 4370.230538 4336.801726 4287.909826 4273.479932 4264.248337 4239.282914 4188.035163 4146.413712 4129.969371 4120.356891 4097.590899 4077.506327 4047.829272 4013.037395 3993.003759 3972.406949 3984.172031 3995.798588 4019.000452 4011.442233 4006.191929 4004.380436 3988.954087 3975.953398 3958.893521 3964.846570 3977.849077 4003.536939 4010.241846 4014.688562 4024.970400 4024.354533 4018.955582 3998.441244 4004.501859 4015.401480 4030.413320 4062.683920 4084.615581 4106.539020 4128.376618 4147.334685 4168.398743 4189.935442 4212.369043 4238.804634 4258.153751 4276.856950 4298.073522 4316.570536 4329.378812 4343.845344
4337.005293 4313.705494 4295.197319 4271.108021 4226.120625 4181.975206 4138.776296 4108.486002 4051.487159 4016.158608 4000.584150 4005.079139 3995.308719 3977.169898 3959.716084 3941.661411 3921.717064 3904.788091 3879.887784 3886.349486 3903.793812 3922.336805 3926.412814 3929.244781 3928.668207 3920.300602 3907.111692 3893.590027 3897.467297 3915.340232 3933.825822 3944.876532 3953.027579 3960.848924 3960.374827 3949.747711 3938.944658 3943.163007 3958.699678 3974.501274 3990.526718 4010.104331 4030.001232 4049.808780 4071.664797 4093.426180 4115.423942 4139.393345 4165.547417 4186.605256 4209.641437 4233.337364 4248.342073 4255.381017 4260.592654
4233.002603 4215.230285 4192.801578 4165.155436 4122.900755 4084.165440 4044.060354 3994.253091 3961.653293 3934.560855 3932.078211 3918.955127 3908.446192 3896.488044 3877.643187 3863.463347 3851.174932 3831.146294 3824.606498 3833.241948 3847.387912 3854.960664 3863.642719 3862.320842 3860.682120 3856.085225 3842.348263 3840.413120 3851.076789 3866.254026 3879.549051 3891.605839 3898.524372 3903.201182 3899.876245 3890.143871 3887.945390 3895.849388 3910.919184 3923.412939 3936.611340 3956.052921 3974.608114 3994.987160 4016.187440 4036.817561 4059.898244 4083.713675 4108.590713 4135.053973 4156.016424 4172.466048 4179.320421 4186.984555 4183.038158
4108.325439 4099.343748 4074.117055 4046.183020 4018.865868 3988.468478 3967.221301 3937.631894 3909.335803 3882.237236 3857.711028 3848.552287 3845.152602 3834.605658 3819.965489 3810.970629 3797.188258 3790.873866 3800.042010 3801.349404 3808.810736 3806.316137 3807.882437 3806.127201 3806.126876 3805.048467 3800.844432 3814.620830 3820.831010 3833.740028 3843.424655 3853.160354 3858.642784 3861.819956 3863.188746 3859.513992 3865.888221 3871.113703 3883.860933 3894.047319 3906.075211 3924.571910 3939.975610 3957.219616 3977.841335 3999.168258 4021.220052 4045.218214 4071.675700 4094.563857 4110.022515 4114.246445 4121.266391 4119.634663 4105.123696
