tests/Borden05m/data_simulated/sim_1/output-maps/psiliqL0000N0009.asc
ncols         160
nrows         34
xllcorner     620200.000000
yllcorner     5168000.000000
cellsize      0.500000
NODATA_value  -9999.0
[rows 0 to 24 of 34, columns 0 to 55 of 160]
-9999.0 -9999.0 -9999.0 -9999.0 -9999.0 -9999.0 -9999.0 -9999.0 -9999.0 -9999.0 -9999.0 -9999.0 -9999.0 -9999.0 -9999.0 -9999.0 -9999.0 -9999.0 -9999.0 -9999.0 -9999.0 -9999.0 -9999.0 -9999.0 -9999.0 -9999.0 -9999.0 -9999.0 -9999.0 -9999.0 -9999.0 -9999.0 -9999.0 -9999.0 -9999.0 -9999.0 -9999.0 -9999.0 -9999.0 -9999.0 -9999.0 -9999.0 -9999.0 -9999.0 -9999.0 -9999.0 -9999.0 -9999.0 -9999.0 -9999.0 -9999.0 -9999.0 -9999.0 -9999.0 -9999.0 -9999.0
-9999.0 -9999.0 -9999.0 -9999.0 -9999.0 -9999.0 -9999.0 -9999.0 -9999.0 -9999.0 -9999.0 -9999.0 -9999.0 -9999.0 -9999.0 -9999.0 -9999.0 -9999.0 -9999.0 -9999.0 -9999.0 -9999.0 -9999.0 -9999.0 -9999.0 -9999.0 -9999.0 -9999.0 -9999.0 -9999.0 -9999.0 -9999.0 -9999.0 -9999.0 -9999.0 -9999.0 -9999.0 -9999.0 -9999.0 -9999.0 -9999.0 -9999.0 -9999.0 -9999.0 -9999.0 -9999.0 -9999.0 -9999.0 -9999.0 -9999.0 -9999.0 -9999.0 -9999.0 -9999.0 -9999.0 -9999.0
-9999.0 -9999.0 -9999.0 -9999.0 -9999.0 -9999.0 -9999.0 -9999.0 -9999.0 -9999.0 -9999.0 -9999.0 -9999.0 -9999.0 -9999.0 -9999.0 -9999.0 -9999.0 -9999.0 -9999.0 -9999.0 -9999.0 -9999.0 -9999.0 -9999.0 -9999.0 -9999.0 -9999.0 -9999.0 -9999.0 -9999.0 -9999.0 -9999.0 -9999.0 -9999.0 -9999.0 -9999.0 -9999.0 -9999.0 -9999.0 -9999.0 -9999.0 -9999.0 -9999.0 -9999.0 -9999.0 -9999.0 -519.882359 -523.432562 -527.802436 -529.082194 -524.308178 -522.501329 -520.944561 -520.111098 -519.392509
-9999.0 -9999.0 -9999.0 -9999.0 -9999.0 -9999.0 -9999.0 -9999.0 -9999.0 -9999.0 -9999.0 -9999.0 -9999.0 -9999.0 -9999.0 -9999.0 -9999.0 -9999.0 -9999.0 -9999.0 -9999.0 -9999.0 -9999.0 -9999.0 -9999.0 -9999.0 -9999.0 -9999.0 -9999.0 -9999.0 -9999.0 -9999.0 -9999.0 -9999.0 -9999.0 -9999.0 -9999.0 -9999.0 -9999.0 -9999.0 -521.682642 -520.019796 -518.556982 -520.844486 -521.608197 -521.065451 -523.328575 -526.099924 -529.037358 -527.988056 -527.986143 -530.427078 -527.352570 -525.047858 -524.596271 -524.317630
-9999.0 -9999.0 -9999.0 -9999.0 -9999.0 -9999.0 -9999.0 -9999.0 -9999.0 -9999.0 -9999.0 -9999.0 -9999.0 -9999.0 -9999.0 -9999.0 -9999.0 -9999.0 -9999.0 -9999.0 -9999.0 -9999.0 -9999.0 -9999.0 -9999.0 -9999.0 -9999.0 -9999.0 -9999.0 -9999.0 -9999.0 -9999.0 -9999.0 -9999.0 -527.633225 -524.614593 -523.522230 -522.545763 -520.835162 -521.787482 -522.620007 -521.195635 -522.504043 -522.418295 -523.866992 -526.708043 -529.552760 -531.075410 -529.008697 -529.592270 -529.682315 -528.276987 -527.612242 -527.660060 -525.862396 -522.719617
-9999.0 -9999.0 -9999.0 -9999.0 -9999.0 -9999.0 -9999.0 -9999.0 -9999.0 -9999.0 -9999.0 -9999.0 -9999.0 -9999.0 -9999.0 -9999.0 -9999.0 -9999.0 -9999.0 -9999.0 -9999.0 -9999.0 -9999.0 -9999.0 -9999.0 -9999.0 -9999.0 -9999.0 -522.569386 -523.790270 -524.706849 -524.605328 -525.057780 -526.883875 -527.523799 -527.457274 -526.063093 -523.653418 -523.519331 -524.109970 -524.084465 -524.820172 -526.674153 -526.783619 -524.555594 -526.258974 -526.919757 -527.983647 -531.100013 -531.902678 -530.193106 -528.678866 -527.510267 -527.566719 -527.840877 -528.381305
-9999.0 -9999.0 -9999.0 -9999.0 -9999.0 -9999.0 -9999.0 -9999.0 -9999.0 -9999.0 -9999.0 -9999.0 -9999.0 -9999.0 -9999.0 -9999.0 -9999.0 -9999.0 -9999.0 -9999.0 -9999.0 -9999.0 -9999.0 -524.315902 -523.192794 -522.848049 -521.901008 -522.484622 -525.020903 -526.582387 -527.238128 -527.798161 -529.164063 -529.416971 -529.630377 -529.042555 -528.754465 -526.200579 -527.997997 -529.207358 -526.902882 -527.603991 -525.958822 -524.043668 -524.430433 -523.917875 -527.302935 -529.839948 -527.086513 -526.084461 -526.416854 -527.314741 -526.799720 -526.091573 -525.202898 -523.342324
-9999.0 -9999.0 -9999.0 -9999.0 -9999.0 -9999.0 -9999.0 -9999.0 -9999.0 -9999.0 -9999.0 -9999.0 -9999.0 -9999.0 -9999.0 -9999.0 -9999.0 -9999.0 -9999.0 -523.770741 -524.173334 -524.952440 -524.737638 -527.251297 -528.347713 -527.763467 -526.574494 -527.403205 -528.816456 -530.017262 -529.895534 -529.779417 -530.164987 -528.517401 -527.291786 -527.122264 -527.902500 -526.032185 -525.760490 -524.823520 -521.693228 -524.056399 -526.260983 -527.406874 -527.509491 -528.223043 -526.252594 -525.732066 -525.736743 -526.226772 -526.485939 -526.313220 -526.465813 -524.347290 -522.643891 -521.529042
-9999.0 -9999.0 -9999.0 -9999.0 -9999.0 -9999.0 -9999.0 -9999.0 -9999.0 -9999.0 -9999.0 -9999.0 -9999.0 -9999.0 -9999.0 -9999.0 -523.640398 -523.885586 -524.865318 -526.473017 -527.832191 -527.926776 -527.018717 -528.891386 -529.573359 -529.282114 -530.182717 -529.413351 -528.567750 -527.522113 -527.108877 -528.499309 -528.433126 -528.847710 -529.298064 -529.099141 -526.968187 -525.125632 -525.165033 -523.943341 -521.259432 -523.217955 -523.980569 -523.906089 -525.166994 -524.514859 -520.309974 -521.484681 -523.977413 -519.716292 -517.739204 -519.165017 -520.190389 -517.960650 -514.519452 -510.077127
-9999.0 -9999.0 -9999.0 -9999.0 -9999.0 -9999.0 -9999.0 -9999.0 -9999.0 -9999.0 -9999.0 -9999.0 -9999.0 -523.503296 -523.748203 -523.601899 -526.087498 -527.976836 -529.159472 -530.796085 -528.979799 -530.470736 -531.017675 -530.801268 -529.206977 -529.316672 -529.285856 -528.386295 -528.943832 -529.652004 -530.354045 -531.639637 -530.486823 -529.398996 -528.827668 -527.280565 -526.349538 -525.871090 -524.324823 -524.596066 -523.645374 -524.547419 -526.457847 -526.943877 -525.778472 -522.116009 -519.712683 -519.441834 -514.447223 -509.293496 -507.317052 -504.401793 -503.467062 -502.200324 -497.888082 -482.258754
-9999.0 -9999.0 -9999.0 -9999.0 -9999.0 -9999.0 -9999.0 -9999.0 -9999.0 -9999.0 -526.870310 -525.666054 -527.462699 -530.838350 -532.353072 -531.713965 -531.061166 -532.414367 -532.512428 -529.255070 -527.561014 -530.939353 -528.901143 -529.039862 -530.578369 -530.426603 -529.762913 -529.896334 -528.112833 -528.368298 -528.715853 -525.725191 -525.324888 -524.896144 -524.178542 -523.492737 -523.202472 -519.223077 -516.043359 -517.258878 -512.235153 -509.112604 -512.403781 -513.562186 -512.972822 -509.471760 -503.799513 -495.361027 -486.014547 -471.277761 -458.430866 -449.704203 -442.751060 -432.660725 -411.572712 -348.218971
-9999.0 -9999.0 -9999.0 -9999.0 -9999.0 -9999.0 -9999.0 -9999.0 -531.587696 -529.718879 -528.551584 -530.055669 -532.076949 -535.758108 -534.473201 -533.253863 -532.494757 -531.300847 -530.847403 -530.551605 -531.645397 -530.735064 -528.840596 -529.692864 -529.706482 -528.570317 -528.868367 -528.016743 -526.580849 -528.080974 -527.675910 -526.624008 -525.790903 -525.120424 -524.211834 -524.152943 -520.233154 -514.924725 -509.054982 -504.259280 -497.157877 -487.603042 -488.051950 -485.347265 -482.281760 -468.148993 -449.198062 -416.026913 -349.186316 -331.464729 -320.805565 -315.366279 -311.282188 -304.607434 -293.063366 -278.632841
-9999.0 -9999.0 -9999.0 -9999.0 -9999.0 -9999.0 -534.280120 -530.186359 -528.240961 -533.017779 -536.641671 -537.849714 -540.011949 -535.404204 -531.371710 -530.750449 -530.327422 -529.809644 -530.482684 -533.522853 -527.627603 -529.755506 -531.403108 -529.893012 -530.421450 -530.643585 -529.902901 -527.802852 -527.426331 -523.075423 -520.405141 -518.339040 -515.041382 -513.289271 -511.269724 -509.015066 -501.758053 -490.275122 -472.595346 -454.939273 -433.164114 -391.314702 -360.006000 -341.491838 -334.891907 -329.498601 -319.136435 -303.557013 -278.602115 -258.916363 -245.117785 -239.270881 -232.475651 -222.685003 -208.061619 -195.622534
-9999.0 -9999.0 -9999.0 -9999.0 -531.672187 -530.881072 -531.850352 -528.374319 -525.992265 -531.833867 -529.817329 -530.859991 -532.778919 -535.160492 -538.015060 -536.210782 -535.271003 -534.739352 -535.409182 -529.747669 -525.184217 -529.212367 -527.265534 -522.940544 -524.688290 -524.687986 -525.059397 -523.669888 -520.775485 -517.187549 -507.230557 -498.516720 -493.061636 -484.768016 -474.992446 -462.785611 -442.337818 -387.485232 -337.999357 -322.567560 -308.800303 -292.521349 -279.421422 -272.011568 -264.857190 -257.467745 -246.835676 -227.777351 -202.573449 -178.134053 -156.582237 -144.591289 -135.087243 -121.687680 -86.351797 -73.555220
-9999.0 -9999.0 -9999.0 -533.961342 -529.998818 -528.731789 -531.013437 -530.568538 -527.697568 -530.962980 -531.678243 -532.310582 -532.728031 -532.806420 -533.209806 -532.289807 -532.311444 -533.445981 -533.002854 -530.055111 -529.363952 -527.432483 -526.305298 -524.034446 -521.980598 -521.599332 -520.724390 -517.632468 -508.887156 -499.163583 -477.898561 -448.597104 -409.713849 -353.118968 -335.739918 -326.268209 -317.187179 -297.142103 -275.523103 -257.175833 -236.777673 -216.581769 -195.945191 -188.258396 -182.779002 -175.055775 -160.497374 -137.816002 -95.369859 -90.856951 -46.528257 -48.220658 -18.472115 -13.178025 1.519620 12.769013
-9999.0 -9999.0 -532.963064 -530.772119 -532.644109 -530.010830 -527.145803 -529.943405 -526.459213 -525.554619 -529.793624 -527.822744 -526.978744 -529.723715 -528.501365 -527.105937 -526.522697 -529.711800 -532.298913 -529.029965 -521.438168 -515.922856 -514.025966 -498.424416 -489.024405 -482.565671 -479.693344 -469.756860 -453.909975 -404.968310 -339.740244 -317.916094 -296.403288 -272.333769 -262.058213 -251.721127 -234.439033 -220.099799 -196.748902 -172.847638 -149.755262 -122.314194 -74.179840 -66.733718 -82.764253 -51.527685 -51.509888 -15.257628 3.101063 18.942370 34.918199 36.045896 35.422203 35.263370 35.304992 35.164250
-9999.0 -9999.0 -535.591155 -531.852324 -534.860402 -529.144182 -524.087287 -530.331146 -529.309349 -524.151440 -526.288942 -526.230419 -527.671589 -528.017314 -526.234873 -521.815311 -524.759465 -525.897627 -531.981331 -520.121846 -510.548357 -493.534219 -456.558945 -411.162167 -349.221930 -338.134564 -335.292348 -329.984316 -321.498250 -297.755221 -260.759465 -227.325113 -193.074803 -167.300412 -153.524718 -137.290297 -94.126271 -79.914847 -67.313324 -38.619959 -42.178780 -5.164017 14.177771 29.985099 35.374441 35.574690 35.049232 35.305730 35.185344 35.090247 34.546027 31.480170 30.787677 31.015646 32.091426 27.465516
-9999.0 -536.182083 -534.393534 -534.497032 -530.876781 -532.727759 -528.839866 -523.131978 -524.626271 -523.274088 -524.189094 -529.112439 -517.545797 -507.826353 -505.695279 -497.245812 -501.935378 -504.912400 -511.764042 -499.786412 -476.378657 -393.949823 -314.686080 -278.402797 -252.450604 -247.095562 -249.024528 -238.664179 -218.448236 -183.690271 -104.891034 -72.484335 -37.999721 -11.865656 -4.537991 -2.918898 8.822241 22.772062 38.428581 39.878935 39.778714 39.688026 35.889752 35.413408 35.702460 35.012800 32.457877 26.638656 19.466080 14.286824 10.439158 6.215172 8.226020 11.595756 12.695306 6.336106
-9999.0 -542.057964 -534.503719 -530.225458 -532.435924 -536.274508 -526.584153 -512.171943 -520.022058 -523.322188 -525.442615 -517.176871 -489.081979 -460.797148 -440.934948 -405.754795 -412.579772 -429.849386 -429.274590 -369.896814 -328.349245 -288.128311 -196.717410 -87.364717 -87.149775 -79.340880 -72.406148 -53.216919 -29.266188 -8.894754 7.082336 27.616456 29.597161 29.669917 29.523340 29.549730 29.361003 29.495621 25.724118 22.693308 18.496476 18.313224 21.202167 21.065123 18.412551 16.077169 10.779543 3.722049 0.007488 -22.059677 -27.040510 -13.025262 -14.366269 -31.557352 -35.265074 -22.261981
-9999.0 -535.738795 -527.096741 -529.650646 -537.359149 -527.748734 -525.202140 -516.717826 -511.320026 -516.436920 -505.486182 -461.406209 -357.944692 -322.288722 -303.689317 -287.217842 -273.920456 -277.545302 -262.250478 -216.376767 -130.035680 -74.890441 -35.577211 11.254040 16.807474 16.784592 16.772148 16.781469 16.763964 16.746359 16.742721 14.820493 19.224871 20.940463 19.814602 16.974529 12.713005 5.329371 0.961721 -19.242062 -28.409788 -28.439225 -20.015524 0.022890 -20.887078 -30.140739 -33.379528 -19.849332 -45.872519 -60.102318 -65.406888 -67.621064 -69.865418 -76.024170 -80.634505 -84.295049
-9999.0 -545.724580 -533.420494 -544.164613 -529.980938 -518.729933 -522.844641 -507.863143 -490.644044 -487.217839 -418.722028 -331.733710 -281.534450 -245.799805 -208.903901 -148.807937 -57.206019 -36.264084 -12.842257 -12.218416 13.304607 25.220936 25.223088 25.223609 16.796012 16.791228 9.698727 -8.521115 -18.855025 -25.543423 -23.964773 -39.699886 -11.425910 -27.801962 -7.784343 -29.078295 -8.968227 -13.251435 -19.798441 -52.894033 -64.919196 -70.110869 -68.506682 -55.964047 -67.694644 -73.240331 -78.849929 -84.868497 -95.972956 -105.829322 -113.890180 -120.253172 -123.054195 -128.568002 -129.356985 -134.769014
-9999.0 -552.999538 -544.396467 -538.032166 -525.713909 -517.791685 -510.727150 -494.259094 -452.566180 -387.299665 -321.886275 -293.312332 -253.446153 -199.932654 -127.845186 -9.364188 6.078561 6.078793 6.078572 -2.232577 -46.958848 -55.355836 -43.332599 -24.042486 -16.846146 -14.631823 -24.367984 -69.120981 -80.904858 -83.055745 -84.462587 -86.336809 -84.423827 -87.121224 -88.344832 -88.776308 -82.594338 -87.104021 -94.708130 -104.841750 -112.004247 -118.733183 -122.466755 -123.478264 -126.438549 -127.474558 -134.533592 -144.225291 -154.634150 -162.668704 -170.129837 -175.617148 -176.926905 -180.090420 -184.028796 -191.323339
-9999.0 -569.333133 -541.126709 -537.965161 -530.714703 -529.314679 -528.703347 -516.432983 -496.955033 -398.160848 -283.154163 -266.169472 -252.013701 -222.141364 -159.800140 -85.191933 -11.803061 -44.561318 -73.469077 -146.033404 -160.141217 -156.932481 -143.546673 -123.394522 -108.434743 -101.253918 -103.964569 -118.091024 -133.058992 -140.498833 -144.124561 -151.046616 -155.819182 -156.066864 -158.055001 -153.915169 -149.887021 -157.304672 -167.216179 -179.075501 -188.846250 -195.488895 -197.261263 -196.271928 -196.868510 -199.582097 -206.189468 -215.069203 -225.692776 -234.513800 -240.892964 -244.783700 -248.204174 -252.698255 -257.503764 -262.332389
-9999.0 -9999.0 -553.984222 -537.662770 -535.973200 -534.084014 -532.788809 -522.580997 -513.092953 -469.842674 -392.153882 -331.238717 -313.025888 -291.062277 -246.375416 -204.292795 -189.730297 -184.178234 -212.771128 -224.709177 -228.353208 -226.497132 -216.724873 -204.386710 -192.772229 -185.884689 -182.613048 -185.238896 -193.802633 -206.511570 -220.762143 -230.879341 -236.654582 -240.600832 -235.720359 -228.019559 -228.401104 -231.905373 -238.158233 -246.510188 -252.982889 -259.667699 -260.797161 -259.632512 -259.687783 -262.103980 -267.005437 -278.221906 -289.878750 -299.603458 -303.958801 -307.459126 -310.267449 -314.997767 -319.334938 -323.849513
-9999.0 -9999.0 -572.065556 -546.026266 -535.070541 -527.614471 -529.485547 -528.941291 -513.251532 -507.468306 -496.117004 -473.488136 -448.839905 -409.149811 -344.097987 -322.968317 -316.182767 -313.585201 -315.245645 -313.491994 -306.363691 -295.236928 -282.226125 -271.518808 -263.557586 -257.708210 -252.019000 -258.118397 -264.411378 -275.336535 -292.248612 -307.215763 -313.322381 -316.209856 -314.316658 -310.675715 -312.582103 -316.193736 -320.875682 -326.038030 -329.485629 -333.035340 -333.840180 -334.192120 -334.610348 -337.024096 -343.920338 -367.857973 -400.221639 -417.122055 -426.672360 -433.637306 -437.136838 -444.161987 -452.015951 -457.437958
