tests/Borden05m/data_simulated/sim_1/output-maps/psiliqL0017N0019.asc
ncols         160
nrows         34
xllcorner     620200.000000
yllcorner     5168000.000000
cellsize      0.500000
NODATA_value  -9999.0
[rows 0 to 24 of 34, columns 0 to 54 of 160]
-9999.0 -9999.0 -9999.0 -9999.0 -9999.0 -9999.0 -9999.0 -9999.0 -9999.0 -9999.0 -9999.0 -9999.0 -9999.0 -9999.0 -9999.0 -9999.0 -9999.0 -9999.0 -9999.0 -9999.0 -9999.0 -9999.0 -9999.0 -9999.0 -9999.0 -9999.0 -9999.0 -9999.0 -9999.0 -9999.0 -9999.0 -9999.0 -9999.0 -9999.0 -9999.0 -9999.0 -9999.0 -9999.0 -9999.0 -9999.0 -9999.0 -9999.0 -9999.0 -9999.0 -9999.0 -9999.0 -9999.0 -9999.0 -9999.0 -9999.0 -9999.0 -9999.0 -9999.0 -9999.0 -9999.0
-9999.0 -9999.0 -9999.0 -9999.0 -9999.0 -9999.0 -9999.0 -9999.0 -9999.0 -9999.0 -9999.0 -9999.0 -9999.0 -9999.0 -9999.0 -9999.0 -9999.0 -9999.0 -9999.0 -9999.0 -9999.0 -9999.0 -9999.0 -9999.0 -9999.0 -9999.0 -9999.0 -9999.0 -9999.0 -9999.0 -9999.0 -9999.0 -9999.0 -9999.0 -9999.0 -9999.0 -9999.0 -9999.0 -9999.0 -9999.0 -9999.0 -9999.0 -9999.0 -9999.0 -9999.0 -9999.0 -9999.0 -9999.0 -9999.0 -9999.0 -9999.0 -9999.0 -9999.0 -9999.0 -9999.0
-9999.0 -9999.0 -9999.0 -9999.0 -9999.0 -9999.0 -9999.0 -9999.0 -9999.0 -9999.0 -9999.0 -9999.0 -9999.0 -9999.0 -9999.0 -9999.0 -9999.0 -9999.0 -9999.0 -9999.0 -9999.0 -9999.0 -9999.0 -9999.0 -9999.0 -9999.0 -9999.0 -9999.0 -9999.0 -9999.0 -9999.0 -9999.0 -9999.0 -9999.0 -9999.0 -9999.0 -9999.0 -9999.0 -9999.0 -9999.0 -9999.0 -9999.0 -9999.0 -9999.0 -9999.0 -9999.0 -9999.0 1501.894255 1484.815383 1470.128922 1467.406696 1489.803591 1513.458946 1537.638759 1558.582499
-9999.0 -9999.0 -9999.0 -9999.0 -9999.0 -9999.0 -9999.0 -9999.0 -9999.0 -9999.0 -9999.0 -9999.0 -9999.0 -9999.0 -9999.0 -9999.0 -9999.0 -9999.0 -9999.0 -9999.0 -9999.0 -9999.0 -9999.0 -9999.0 -9999.0 -9999.0 -9999.0 -9999.0 -9999.0 -9999.0 -9999.0 -9999.0 -9999.0 -9999.0 -9999.0 -9999.0 -9999.0 -9999.0 -9999.0 -9999.0 1549.283968 1555.358661 1556.366174 1546.395067 1535.481094 1523.121196 1503.189894 1485.741888 1471.702322 1469.706989 1472.678638 1477.387133 1499.745950 1525.046873 1545.205669
-9999.0 -9999.0 -9999.0 -9999.0 -9999.0 -9999.0 -9999.0 -9999.0 -9999.0 -9999.0 -9999.0 -9999.0 -9999.0 -9999.0 -9999.0 -9999.0 -9999.0 -9999.0 -9999.0 -9999.0 -9999.0 -9999.0 -9999.0 -9999.0 -9999.0 -9999.0 -9999.0 -9999.0 -9999.0 -9999.0 -9999.0 -9999.0 -9999.0 -9999.0 1455.695995 1473.187866 1491.539570 1510.350179 1527.507427 1534.662933 1540.646400 1546.505454 1542.543606 1538.324795 1527.244992 1507.895410 1488.802308 1475.636267 1474.239607 1472.198061 1476.688828 1489.562391 1506.733983 1522.996613 1544.246473
-9999.0 -9999.0 -9999.0 -9999.0 -9999.0 -9999.0 -9999.0 -9999.0 -9999.0 -9999.0 -9999.0 -9999.0 -9999.0 -9999.0 -9999.0 -9999.0 -9999.0 -9999.0 -9999.0 -9999.0 -9999.0 -9999.0 -9999.0 -9999.0 -9999.0 -9999.0 -9999.0 -9999.0 1458.354356 1452.722578 1448.172284 1447.140394 1446.287429 1445.678529 1452.792751 1464.909819 1483.021170 1505.241187 1518.723331 1526.353271 1533.427735 1534.418309 1529.521977 1528.031089 1528.837647 1517.179830 1505.739356 1495.058494 1484.740351 1483.157689 1492.975105 1507.603977 1524.300258 1539.560076 1555.416513
-9999.0 -9999.0 -9999.0 -9999.0 -9999.0 -9999.0 -9999.0 -9999.0 -9999.0 -9999.0 -9999.0 -9999.0 -9999.0 -9999.0 -9999.0 -9999.0 -9999.0 -9999.0 -9999.0 -9999.0 -9999.0 -9999.0 -9999.0 1426.902890 1432.664405 1439.550789 1447.499084 1448.874971 1445.443971 1440.350003 1437.926307 1436.990951 1435.655617 1440.673377 1448.898945 1462.746800 1478.869305 1501.345671 1510.316215 1516.329569 1528.745166 1532.225774 1539.027318 1543.508504 1542.199520 1539.418142 1526.635742 1517.098411 1521.713535 1527.465882 1534.728939 1543.280241 1557.178872 1572.536089 1589.732417
-9999.0 -9999.0 -9999.0 -9999.0 -9999.0 -9999.0 -9999.0 -9999.0 -9999.0 -9999.0 -9999.0 -9999.0 -9999.0 -9999.0 -9999.0 -9999.0 -9999.0 -9999.0 -9999.0 1401.008193 1402.176405 1403.765523 1408.853193 1409.877087 1412.276309 1419.621986 1428.199969 1431.215543 1429.867900 1429.115363 1431.164559 1434.438297 1439.449959 1451.088698 1465.338703 1479.992045 1494.094980 1515.446306 1530.618217 1544.344174 1560.618411 1560.758740 1557.354487 1556.057643 1556.860296 1557.016074 1559.974079 1562.095099 1568.731361 1572.743311 1578.737421 1588.466827 1600.561741 1618.765200 1638.372823
-9999.0 -9999.0 -9999.0 -9999.0 -9999.0 -9999.0 -9999.0 -9999.0 -9999.0 -9999.0 -9999.0 -9999.0 -9999.0 -9999.0 -9999.0 -9999.0 1371.585189 1373.614096 1376.151894 1381.868831 1385.292998 1389.641344 1396.991884 1398.725807 1402.846353 1410.446900 1415.732352 1425.212026 1433.920072 1441.766261 1448.316806 1451.560094 1459.384705 1469.512415 1481.857358 1497.314664 1518.976526 1542.731026 1559.378505 1576.697235 1594.335103 1595.457138 1594.718217 1596.108742 1596.534964 1602.001808 1619.024971 1624.490296 1624.388356 1639.423238 1653.205706 1658.137034 1666.071327 1685.694228 1709.283066
-9999.0 -9999.0 -9999.0 -9999.0 -9999.0 -9999.0 -9999.0 -9999.0 -9999.0 -9999.0 -9999.0 -9999.0 -9999.0 1323.842307 1328.137948 1338.141855 1348.250440 1351.219758 1356.023053 1362.614129 1375.188293 1379.240577 1385.853849 1393.800337 1406.369595 1415.518464 1425.143005 1437.532037 1446.450777 1454.249130 1461.780346 1467.405695 1480.889025 1496.479702 1512.536057 1533.108982 1555.694814 1576.306453 1596.790833 1613.315399 1627.069841 1628.443583 1628.013623 1630.793507 1638.162682 1654.674853 1673.273577 1680.552627 1696.959739 1719.664770 1732.673432 1743.653018 1752.081822 1765.912838 1787.388291
-9999.0 -9999.0 -9999.0 -9999.0 -9999.0 -9999.0 -9999.0 -9999.0 -9999.0 -9999.0 1291.615707 1293.917799 1290.694937 1290.151683 1295.706408 1308.194180 1322.454018 1329.150753 1341.229698 1362.673988 1381.112391 1384.990436 1399.746173 1410.484491 1417.782131 1428.694663 1442.349143 1455.596701 1472.729554 1485.732166 1497.417400 1516.950489 1534.032621 1551.260438 1569.665250 1590.692012 1610.340417 1638.340160 1665.496850 1678.003098 1699.573696 1709.200325 1706.647436 1706.836120 1716.302966 1731.583185 1751.661904 1773.573259 1794.847335 1819.695222 1835.793161 1850.175835 1860.904718 1873.149454 1889.111396
-9999.0 -9999.0 -9999.0 -9999.0 -9999.0 -9999.0 -9999.0 -9999.0 1266.630635 1274.312623 1280.509778 1277.717126 1273.522027 1269.474428 1283.744503 1299.839312 1316.221554 1334.405590 1350.745214 1369.416900 1384.880348 1401.288305 1421.713736 1433.761772 1445.766322 1461.636972 1475.835494 1493.176278 1515.064295 1527.588930 1543.985024 1565.850408 1584.745970 1603.440862 1622.956067 1641.620379 1667.463138 1700.888693 1732.725762 1754.506963 1782.418393 1804.554103 1803.301045 1805.379210 1809.548878 1834.897279 1863.715912 1894.128307 1918.264400 1944.967838 1974.366605 1992.884209 2003.624672 2016.243634 2031.460226
-9999.0 -9999.0 -9999.0 -9999.0 -9999.0 -9999.0 1238.825808 1263.256152 1278.545429 1270.730741 1260.154784 1256.462859 1252.262613 1277.639156 1300.049841 1317.722281 1335.029854 1353.119911 1370.114379 1382.660867 1416.039408 1434.763661 1449.183147 1466.818895 1482.036149 1497.311044 1515.262450 1539.004658 1560.799827 1589.767235 1614.527894 1637.919712 1664.646157 1684.879652 1704.265565 1722.405778 1753.552451 1790.790004 1827.384171 1855.646285 1882.620760 1913.873849 1919.920597 1925.260339 1931.567770 1953.341832 1985.497874 2015.797421 2049.279865 2081.228167 2108.580790 2120.692816 2131.215321 2142.581886 2156.120293
-9999.0 -9999.0 -9999.0 -9999.0 1205.328111 1226.344887 1246.271531 1277.030010 1299.719541 1295.028933 1301.528446 1301.551221 1299.526135 1304.003391 1311.686313 1330.043390 1349.250800 1368.801752 1386.455668 1420.300533 1465.549220 1480.753588 1504.151588 1536.185065 1549.993706 1565.746370 1582.657583 1606.017825 1631.927120 1665.012320 1707.592570 1743.978779 1769.787327 1792.867593 1814.503969 1836.132089 1870.875874 1908.798429 1945.737217 1979.646441 2009.186063 2035.365379 2047.130489 2054.808026 2066.595182 2083.351652 2105.167025 2132.744283 2164.605236 2196.777328 2221.665513 2234.659360 2242.342823 2253.023236 2263.059779
-9999.0 -9999.0 -9999.0 1154.807740 1193.687892 1232.057471 1259.001626 1290.026594 1322.496122 1326.502371 1335.777521 1340.030275 1344.032278 1352.334079 1360.207999 1377.634712 1394.720431 1412.007107 1434.548032 1471.207127 1505.561854 1533.375328 1564.965581 1589.965532 1609.591943 1625.466994 1644.680797 1668.610186 1708.409389 1745.066923 1795.101922 1848.396449 1884.981383 1909.221913 1932.286496 1960.229828 1985.773981 2022.918495 2057.997809 2091.241589 2123.066025 2147.639047 2165.811384 2173.236619 2183.147874 2191.479348 2207.164790 2228.693220 2250.790023 2280.103941 2308.830897 2334.863813 2349.471017 2359.943904 2376.284137
-9999.0 -9999.0 1107.289400 1145.548028 1179.208263 1228.891927 1282.106677 1316.949099 1357.855859 1381.038292 1387.467793 1403.565635 1418.831710 1425.151722 1439.666966 1456.301411 1475.324774 1483.117031 1501.286260 1529.303310 1576.848520 1620.191128 1636.424152 1684.823840 1717.574539 1746.463906 1765.385977 1792.631457 1829.151629 1869.797613 1918.131726 1968.723496 2007.171667 2038.580888 2055.943444 2076.304274 2099.078156 2124.213750 2159.130966 2187.716167 2219.926154 2246.189744 2267.813890 2273.813978 2278.711124 2294.752336 2320.013666 2347.150885 2372.599395 2397.367389 2397.492995 2412.023137 2419.009274 2423.233781 2429.157830
-9999.0 -9999.0 1079.831511 1125.182208 1164.447725 1229.375211 1310.773347 1347.697167 1390.404792 1436.565568 1454.606753 1478.735107 1487.324480 1493.042546 1515.511496 1536.569791 1550.935752 1558.453336 1557.721380 1612.928267 1670.213734 1715.428742 1754.029896 1822.345022 1868.779939 1887.108838 1900.932658 1922.065476 1946.415537 1989.268256 2035.847452 2089.757322 2133.997957 2165.857762 2182.832861 2202.347631 2223.098727 2240.881936 2260.558341 2301.672767 2331.361976 2358.593093 2386.750593 2407.458307 2416.037475 2420.145032 2407.001134 2419.017891 2427.360769 2431.394564 2433.290718 2430.499740 2430.400878 2431.524939 2432.765914
-9999.0 989.941052 1042.238264 1094.997670 1163.157506 1229.478186 1311.283507 1390.554983 1449.749727 1498.340730 1527.001937 1535.642111 1564.870219 1603.675817 1628.248789 1652.987368 1657.013905 1663.825459 1653.047923 1702.755788 1749.963208 1818.788604 1924.943108 1981.012716 2028.830242 2029.928532 2024.325801 2035.999970 2059.033858 2104.060140 2174.574189 2225.041230 2282.017253 2325.529049 2342.544770 2350.791767 2369.460044 2390.153484 2370.485926 2397.827642 2411.069046 2422.173883 2426.916698 2429.467040 2431.206344 2431.876119 2429.107639 2423.083112 2415.637171 2410.359230 2406.564523 2402.266930 2404.794714 2408.064134 2408.594568
-9999.0 953.869324 1012.973777 1083.970984 1154.496857 1218.429124 1317.953320 1465.927028 1521.740263 1559.527248 1579.129346 1592.179125 1665.238089 1729.293895 1761.151197 1805.477294 1798.736273 1788.411399 1771.478959 1803.352191 1850.766484 1923.519761 2069.707028 2153.687159 2186.287275 2197.038755 2203.468353 2231.039451 2270.213295 2310.439282 2348.071966 2344.213312 2377.679510 2395.711763 2402.244090 2405.749229 2411.492350 2412.938333 2412.586697 2410.187523 2406.763283 2408.095964 2413.148925 2413.709188 2411.474281 2408.740224 2403.388481 2395.940922 2390.406940 2385.627644 2382.711502 2379.536606 2377.607970 2377.138301 2372.317611
-9999.0 921.989128 994.035764 1056.663627 1118.059778 1228.073188 1355.228453 1492.670620 1586.435182 1623.649111 1637.802027 1699.488404 1799.154809 1895.677740 1946.622436 1971.111049 1969.227361 1944.208328 1944.183946 1989.320300 2055.494445 2152.350471 2252.653635 2333.225559 2347.253748 2351.589191 2326.777059 2344.200817 2361.154572 2366.825427 2371.858032 2380.023369 2388.918527 2395.150670 2396.861234 2396.612499 2394.094523 2387.935386 2384.451322 2382.211914 2379.594716 2379.679301 2382.634568 2384.254924 2381.814426 2377.969580 2373.291746 2367.280524 2360.603686 2353.498188 2349.014022 2344.504425 2341.878400 2336.365239 2331.613737
-9999.0 817.546590 907.637850 959.845477 1066.519263 1243.968706 1371.521978 1519.785280 1669.599671 1704.984934 1773.513951 1895.704160 2001.904111 2075.486215 2112.766557 2152.366323 2180.764802 2203.659968 2240.008830 2184.436822 2246.584288 2312.697488 2342.625989 2357.134156 2361.673541 2363.828494 2357.022314 2339.625858 2331.943268 2328.582934 2333.888934 2344.779395 2353.451367 2361.732959 2362.164631 2364.880445 2366.766804 2364.593686 2361.703906 2354.155466 2347.096940 2341.550330 2339.639969 2344.756167 2339.863728 2336.687677 2330.366428 2321.821349 2312.428231 2304.346770 2296.133548 2288.973050 2285.762876 2279.727832 2277.536258
-9999.0 736.713080 812.767197 896.166243 1028.953163 1193.478193 1316.636806 1482.231180 1696.676322 1816.426832 1947.437594 2022.101490 2093.204738 2148.780023 2207.288116 2254.311937 2279.952942 2291.739094 2279.329123 2294.679146 2263.345519 2258.101870 2277.425293 2305.530283 2320.545714 2325.522255 2318.585895 2310.121587 2305.208001 2306.778288 2308.194918 2309.031800 2309.513747 2309.461922 2308.399166 2312.178757 2318.077516 2312.646250 2304.197246 2296.182089 2288.857228 2280.564928 2275.037760 2271.252112 2270.278697 2269.863143 2262.069208 2251.402251 2240.503399 2231.926997 2223.939635 2218.105281 2214.914312 2209.264896 2200.162562
-9999.0 633.785106 757.524817 848.124844 964.637296 1100.317029 1222.690215 1384.376140 1529.367628 1753.261342 1906.308292 2029.387910 2071.692686 2131.421156 2187.127513 2254.629310 2258.053545 2230.698923 2198.607094 2186.329011 2195.520391 2207.013061 2220.437692 2239.606074 2257.646807 2267.958236 2271.587766 2265.722135 2253.668525 2245.515461 2239.865520 2231.364723 2225.863177 2226.229777 2229.319570 2238.310526 2241.013459 2232.676774 2220.134626 2203.993445 2189.864498 2179.120546 2176.411362 2177.927643 2177.951331 2173.981965 2167.164368 2156.383371 2143.671026 2131.529169 2124.209338 2118.620152 2111.110171 2100.279717 2088.311101
-9999.0 -9999.0 680.147439 790.857326 896.343461 1017.194161 1127.721987 1266.350669 1414.773534 1593.569079 1710.099648 1849.566706 1925.759319 1970.304762 2015.697860 2070.078663 2090.909362 2114.079064 2102.190407 2110.313097 2119.558732 2126.958415 2136.678284 2147.562813 2160.603600 2170.980834 2179.870650 2178.532411 2170.795496 2154.428642 2134.606301 2119.790192 2112.205544 2106.153118 2117.176856 2129.592172 2126.735598 2120.627575 2109.027814 2093.495272 2080.801121 2067.082771 2063.311122 2063.304387 2063.225429 2060.181669 2055.902883 2042.992808 2030.092024 2018.524973 2013.076676 2006.717294 2001.361340 1990.436509 1978.751970
-9999.0 -9999.0 595.016158 703.005619 815.310698 937.857082 1035.302826 1098.362352 1247.549604 1361.001740 1465.463377 1565.580716 1649.869675 1713.157309 1753.648405 1814.141453 1858.475331 1875.691672 1901.352210 1937.776791 1966.597179 1997.875374 2018.002361 2030.539878 2044.578665 2058.522332 2067.409344 2055.775134 2045.883870 2030.554586 2010.340508 1987.941893 1976.920691 1975.160909 1977.436349 1982.288516 1976.721929 1967.887914 1954.080408 1939.323254 1926.787055 1916.150458 1912.091530 1907.974988 1906.130657 1903.008360 1899.939486 1892.043711 1881.444098 1874.413435 1865.964637 1860.315269 1857.536822 1851.519992 1843.039781
