tests/Borden05m/data_simulated/sim_1/output-maps/psiliqL0007N0004.asc
ncols         160
nrows         34
xllcorner     620200.000000
yllcorner     5168000.000000
cellsize      0.500000
NODATA_value  -9999.0
[rows 0 to 24 of 34, columns 0 to 55 of 160]
-9999.0 -9999.0 -9999.0 -9999.0 -9999.0 -9999.0 -9999.0 -9999.0 -9999.0 -9999.0 -9999.0 -9999.0 -9999.0 -9999.0 -9999.0 -9999.0 -9999.0 -9999.0 -9999.0 -9999.0 -9999.0 -9999.0 -9999.0 -9999.0 -9999.0 -9999.0 -9999.0 -9999.0 -9999.0 -9999.0 -9999.0 -9999.0 -9999.0 -9999.0 -9999.0 -9999.0 -9999.0 -9999.0 -9999.0 -9999.0 -9999.0 -9999.0 -9999.0 -9999.0 -9999.0 -9999.0 -9999.0 -9999.0 -9999.0 -9999.0 -9999.0 -9999.0 -9999.0 -9999.0 -9999.0 -9999.0
-9999.0 -9999.0 -9999.0 -9999.0 -9999.0 -9999.0 -9999.0 -9999.0 -9999.0 -9999.0 -9999.0 -9999.0 -9999.0 -9999.0 -9999.0 -9999.0 -9999.0 -9999.0 -9999.0 -9999.0 -9999.0 -9999.0 -9999.0 -9999.0 -9999.0 -9999.0 -9999.0 -9999.0 -9999.0 -9999.0 -9999.0 -9999.0 -9999.0 -9999.0 -9999.0 -9999.0 -9999.0 -9999.0 -9999.0 -9999.0 -9999.0 -9999.0 -9999.0 -9999.0 -9999.0 -9999.0 -9999.0 -9999.0 -9999.0 -9999.0 -9999.0 -9999.0 -9999.0 -9999.0 -9999.0 -9999.0
-9999.0 -9999.0 -9999.0 -9999.0 -9999.0 -9999.0 -9999.0 -9999.0 -9999.0 -9999.0 -9999.0 -9999.0 -9999.0 -9999.0 -9999.0 -9999.0 -9999.0 -9999.0 -9999.0 -9999.0 -9999.0 -9999.0 -9999.0 -9999.0 -9999.0 -9999.0 -9999.0 -9999.0 -9999.0 -9999.0 -9999.0 -9999.0 -9999.0 -9999.0 -9999.0 -9999.0 -9999.0 -9999.0 -9999.0 -9999.0 -9999.0 -9999.0 -9999.0 -9999.0 -9999.0 -9999.0 -9999.0 -522.007336 -539.584090 -556.727417 -558.393082 -535.792791 -512.939282 -489.865492 -469.955475 -451.795121
-9999.0 -9999.0 -9999.0 -9999.0 -9999.0 -9999.0 -9999.0 -9999.0 -9999.0 -9999.0 -9999.0 -9999.0 -9999.0 -9999.0 -9999.0 -9999.0 -9999.0 -9999.0 -9999.0 -9999.0 -9999.0 -9999.0 -9999.0 -9999.0 -9999.0 -9999.0 -9999.0 -9999.0 -9999.0 -9999.0 -9999.0 -9999.0 -9999.0 -9999.0 -9999.0 -9999.0 -9999.0 -9999.0 -9999.0 -9999.0 -474.650057 -468.945310 -467.360279 -478.510520 -490.015153 -501.800949 -521.684668 -539.610282 -555.532018 -558.723744 -556.460968 -550.862443 -528.093240 -504.555892 -485.758543 -468.809818
-9999.0 -9999.0 -9999.0 -9999.0 -9999.0 -9999.0 -9999.0 -9999.0 -9999.0 -9999.0 -9999.0 -9999.0 -9999.0 -9999.0 -9999.0 -9999.0 -9999.0 -9999.0 -9999.0 -9999.0 -9999.0 -9999.0 -9999.0 -9999.0 -9999.0 -9999.0 -9999.0 -9999.0 -9999.0 -9999.0 -9999.0 -9999.0 -9999.0 -9999.0 -565.089649 -547.702206 -529.993860 -512.194736 -496.103615 -489.905438 -484.219315 -478.597413 -482.822782 -487.972393 -499.527399 -518.081048 -538.018644 -552.627051 -555.710809 -558.705102 -554.667063 -541.896613 -525.855306 -509.958327 -489.701269 -467.429617
-9999.0 -9999.0 -9999.0 -9999.0 -9999.0 -9999.0 -9999.0 -9999.0 -9999.0 -9999.0 -9999.0 -9999.0 -9999.0 -9999.0 -9999.0 -9999.0 -9999.0 -9999.0 -9999.0 -9999.0 -9999.0 -9999.0 -9999.0 -9999.0 -9999.0 -9999.0 -9999.0 -9999.0 -559.482489 -565.591702 -571.097743 -572.960306 -574.632927 -576.244019 -569.564643 -557.464684 -539.482475 -518.606711 -506.411058 -499.764696 -493.708045 -493.255898 -498.355828 -501.009484 -501.276848 -513.223354 -525.134428 -536.331518 -547.151227 -548.646971 -539.600673 -526.500949 -511.316607 -497.398497 -482.999804 -470.135452
-9999.0 -9999.0 -9999.0 -9999.0 -9999.0 -9999.0 -9999.0 -9999.0 -9999.0 -9999.0 -9999.0 -9999.0 -9999.0 -9999.0 -9999.0 -9999.0 -9999.0 -9999.0 -9999.0 -9999.0 -9999.0 -9999.0 -9999.0 -587.696866 -581.698656 -575.524698 -568.573001 -568.051977 -572.741772 -578.793971 -582.431733 -584.460238 -586.416663 -582.529086 -574.452027 -561.189213 -545.787928 -524.900358 -516.902859 -510.628055 -498.651625 -497.142442 -493.256257 -489.838230 -492.244872 -495.322724 -507.510410 -516.606061 -511.117837 -505.421085 -499.874308 -493.379603 -481.395237 -466.598616 -449.670801 -429.849973
-9999.0 -9999.0 -9999.0 -9999.0 -9999.0 -9999.0 -9999.0 -9999.0 -9999.0 -9999.0 -9999.0 -9999.0 -9999.0 -9999.0 -9999.0 -9999.0 -9999.0 -9999.0 -9999.0 -611.836324 -611.248403 -610.603942 -606.389961 -605.623643 -603.650476 -596.990418 -589.251708 -587.684347 -589.617245 -591.812964 -590.751717 -588.611640 -585.036696 -574.015209 -560.733432 -547.228593 -533.657458 -513.563168 -499.545664 -486.197244 -470.710126 -473.016793 -478.313229 -481.309067 -481.620082 -481.593083 -475.626346 -472.299090 -467.505580 -462.125999 -455.805233 -448.021722 -438.523450 -421.061895 -401.725425 -382.270213
-9999.0 -9999.0 -9999.0 -9999.0 -9999.0 -9999.0 -9999.0 -9999.0 -9999.0 -9999.0 -9999.0 -9999.0 -9999.0 -9999.0 -9999.0 -9999.0 -639.483237 -637.852708 -636.102670 -631.105224 -629.104514 -625.555074 -619.137356 -618.556264 -615.096935 -608.478484 -603.931436 -596.036552 -588.826887 -582.044127 -576.713063 -574.636219 -567.449281 -558.430158 -547.215612 -532.178653 -510.972895 -489.331650 -473.979960 -458.317509 -442.548679 -443.233586 -445.324307 -445.105789 -445.044505 -437.468635 -419.880335 -414.466034 -411.466678 -392.874571 -379.362901 -374.875722 -368.743264 -351.830400 -328.784985 -302.208593
-9999.0 -9999.0 -9999.0 -9999.0 -9999.0 -9999.0 -9999.0 -9999.0 -9999.0 -9999.0 -9999.0 -9999.0 -9999.0 -682.659413 -678.712001 -669.992745 -662.525914 -660.768953 -657.397526 -652.278794 -640.617158 -637.622911 -631.906949 -624.777991 -614.090815 -606.208859 -597.559011 -586.433942 -578.596329 -572.073084 -565.619568 -559.432709 -546.296582 -531.600846 -516.412658 -497.043343 -476.625775 -456.556184 -436.473678 -422.777913 -409.566963 -406.695286 -409.747345 -409.224220 -401.767686 -384.002532 -365.564581 -353.153853 -331.139907 -307.439498 -293.112723 -280.019668 -271.206822 -259.132173 -238.340774 -200.461514
-9999.0 -9999.0 -9999.0 -9999.0 -9999.0 -9999.0 -9999.0 -9999.0 -9999.0 -9999.0 -717.982642 -715.462005 -719.142838 -718.320799 -714.179705 -702.819550 -690.284208 -683.738732 -673.179901 -653.369482 -637.057059 -634.158252 -619.856826 -610.632640 -604.785701 -594.716687 -582.288819 -569.958073 -553.275860 -541.377167 -529.295536 -509.182377 -493.736059 -478.517413 -462.117489 -443.845396 -423.894546 -394.625360 -368.307471 -354.933024 -331.009133 -316.767693 -321.087407 -321.984599 -315.047212 -297.074076 -272.110482 -243.357198 -218.210963 -188.795770 -164.970265 -147.813400 -133.952963 -116.531044 -94.306867 -54.320476
-9999.0 -9999.0 -9999.0 -9999.0 -9999.0 -9999.0 -9999.0 -9999.0 -741.490979 -735.018452 -728.889983 -732.188744 -737.270070 -740.610084 -728.250927 -712.957465 -697.613555 -681.405975 -666.129716 -649.102321 -634.104354 -618.127384 -599.776770 -588.710434 -577.592801 -563.301231 -550.477425 -533.257494 -512.937633 -498.839805 -480.437822 -459.798839 -441.478977 -424.914443 -408.078279 -391.219238 -363.222754 -329.393731 -296.874390 -271.244155 -242.552334 -215.954264 -214.644895 -210.771178 -205.363165 -177.066654 -142.099594 -102.417348 -61.009648 -19.130242 24.775436 55.093893 80.830583 117.491568 161.303723 190.046710
-9999.0 -9999.0 -9999.0 -9999.0 -9999.0 -9999.0 -766.421881 -742.642613 -728.291021 -736.300263 -744.149837 -747.627370 -751.219764 -733.642661 -713.051359 -696.960625 -681.041344 -664.554317 -649.126481 -634.717253 -600.069633 -585.074279 -570.940025 -551.720587 -538.909009 -526.086301 -509.842427 -487.320000 -465.146490 -433.126563 -403.733899 -377.545577 -352.012834 -333.102637 -315.321677 -296.222849 -263.824963 -224.907160 -185.618834 -151.216883 -116.830044 -78.332396 -61.440700 -50.709462 -37.686597 -12.155343 34.293372 99.231699 171.188933 218.766128 249.802490 266.116793 282.733276 304.250660 329.073072 347.200348
-9999.0 -9999.0 -9999.0 -9999.0 -799.343336 -778.657646 -758.235980 -727.720730 -705.506717 -711.372404 -704.243355 -703.915455 -705.405007 -703.774320 -698.985557 -681.871390 -665.216522 -648.518761 -630.436888 -592.892618 -553.054321 -537.344876 -511.222431 -480.342865 -467.620003 -454.188970 -440.264974 -418.518689 -389.648392 -355.024668 -307.191379 -266.180979 -238.589388 -214.262293 -192.690390 -167.729535 -131.728117 -85.303089 -34.082769 19.972883 80.763808 146.101229 181.019320 196.934418 211.295963 228.218125 252.877779 290.454688 331.538552 364.870640 385.554354 396.784046 403.394693 413.088437 423.585645 433.910766
-9999.0 -9999.0 -9999.0 -845.170468 -807.049817 -770.857102 -743.563824 -713.020070 -682.090599 -675.660034 -668.042463 -661.628270 -655.010599 -646.570030 -636.799606 -621.556390 -608.980170 -598.139154 -578.593793 -543.209807 -508.205406 -474.734769 -443.869230 -413.976400 -391.784143 -377.263075 -361.910607 -338.261073 -298.076884 -256.388428 -201.973096 -142.479500 -94.528713 -60.488699 -33.537048 1.060578 41.483969 112.920403 180.020591 229.836406 274.901363 315.177852 343.517723 354.371960 361.784934 368.047267 381.175867 398.146027 414.780458 434.649757 453.162311 467.456170 475.294472 480.569658 491.303977 501.940369
-9999.0 -9999.0 -891.071805 -854.651460 -819.194495 -767.343565 -715.399535 -682.733842 -642.521311 -617.501376 -610.789081 -592.323621 -575.804588 -567.835525 -551.361863 -534.793517 -523.526747 -521.989510 -511.625243 -476.407615 -423.553058 -375.058575 -341.238257 -283.085337 -249.204649 -227.210984 -214.624873 -189.411317 -153.652032 -98.226859 -31.900526 45.956044 131.261117 182.317063 204.517839 225.396095 253.874484 288.200711 330.963661 363.963088 390.547575 412.602994 430.601854 437.251781 439.785944 449.377421 463.702826 478.589002 492.891811 507.101875 517.844286 519.219678 519.474274 519.565592 520.092216 520.437208
-9999.0 -9999.0 -915.380820 -871.889488 -828.427423 -757.360327 -683.472528 -646.202289 -603.733498 -560.620681 -542.310403 -519.933998 -500.623881 -482.152160 -459.662526 -436.548972 -434.333421 -433.114407 -435.309806 -382.454246 -323.643983 -255.596670 -175.233010 -105.909675 -59.748691 -48.211065 -39.603186 -15.437362 27.646189 116.548763 191.808384 256.320075 314.558567 350.761941 366.945085 379.901478 395.562171 411.655929 427.031486 454.420729 469.353354 484.551637 501.724592 517.607829 523.423750 523.306783 519.339014 520.268344 520.606089 520.407370 519.966881 516.609707 515.630028 516.068498 517.235644 513.254403
-9999.0 -1000.725984 -949.115930 -894.628464 -823.541499 -753.568152 -666.724604 -586.086365 -538.612806 -498.728321 -471.955380 -452.646384 -397.579695 -348.443528 -322.068594 -291.941973 -295.521678 -299.344081 -309.187807 -265.923897 -204.776972 -94.776663 76.600222 161.225217 201.891296 207.508259 204.147950 219.093890 250.155397 302.382936 365.459029 402.528873 440.235761 467.246673 475.927595 478.010370 489.353317 504.677858 513.628433 520.052316 521.871997 522.956146 519.327389 519.629420 520.046545 520.358598 517.610441 512.253055 505.463240 500.829015 497.786163 494.321770 496.783254 499.969276 502.018121 497.640910
-9999.0 -1034.162848 -973.611508 -900.649438 -828.200005 -747.959387 -633.017369 -508.964145 -465.549249 -433.935326 -405.568957 -357.573990 -267.335980 -193.307421 -147.250354 -100.661187 -103.083023 -116.815598 -119.254016 -78.654772 -1.628680 125.878218 275.495664 364.970120 378.334020 388.301926 394.729764 413.084595 437.734571 461.687066 481.345808 496.223529 503.581712 506.284167 507.249802 507.912230 509.027118 510.020804 508.173197 505.674436 502.006483 502.500979 506.169539 506.291526 504.426003 502.705301 498.921492 494.078413 491.060319 488.742856 487.718162 486.173921 485.722671 487.077397 485.198742 482.863929
-9999.0 -1056.372133 -987.943562 -921.470878 -844.706769 -716.276958 -596.099400 -470.929645 -385.928082 -351.531360 -301.529276 -205.107034 -86.454730 44.363697 135.183156 172.263869 184.294441 174.792161 186.279421 226.505918 288.798827 370.599899 426.847240 478.389602 486.717496 488.695259 484.679304 489.120278 493.065549 494.512236 495.134625 494.416338 498.713186 500.816221 500.009782 497.878065 494.499763 489.358083 487.111501 486.632753 485.564990 486.683799 489.825507 490.919093 489.945174 488.259134 486.446519 484.057830 481.435499 478.020745 476.633967 474.750501 474.071052 471.566918 469.317402 467.085128
-9999.0 -1139.037631 -1056.694136 -992.316010 -850.836784 -688.862129 -567.411557 -415.777061 -288.093687 -239.600337 -136.267927 7.739878 164.737575 264.430233 324.561230 366.932540 388.364154 405.742869 428.027722 428.977739 462.486082 490.096448 497.237843 498.856307 492.860165 494.120011 489.471483 476.532240 470.780327 466.826143 468.822503 474.576402 478.822580 483.438112 481.796411 482.419083 482.719694 481.485308 481.138859 477.306712 473.706355 471.339947 471.679894 477.435317 474.288090 473.083322 470.626406 466.891693 462.267875 457.562385 452.543707 447.810738 446.077194 442.018613 442.085485 437.936594
-9999.0 -1219.651906 -1140.080240 -1030.549389 -874.262246 -711.740754 -561.563525 -392.789778 -211.255208 -104.020365 33.415531 151.805544 270.221883 356.692691 415.832260 443.787706 457.800939 462.267023 462.744390 464.666304 443.117476 439.265076 450.795491 467.106690 472.857167 475.370449 469.538448 463.426482 460.939473 462.208575 461.760502 460.766702 459.281333 457.354786 454.585367 455.726023 459.745294 456.733736 453.130007 450.253258 447.902754 444.019343 441.342944 440.136063 439.723043 441.090801 437.088337 430.555889 422.522162 414.569369 405.988454 399.221170 396.026884 391.027627 384.627533 373.987504
-9999.0 -1302.627326 -1189.760993 -1083.575935 -943.055691 -801.925337 -662.386932 -494.753936 -337.787106 -126.983919 99.717820 193.285274 268.505140 331.794380 386.980335 433.464381 439.222222 417.680535 399.841347 392.820853 399.034670 408.179009 418.056364 431.466179 441.404855 446.921078 447.617908 442.875517 434.229267 429.141865 424.228879 414.001966 405.497619 403.203367 401.648721 406.243588 408.800483 401.767979 393.090352 382.945802 374.460079 368.363301 367.113174 368.626203 369.078187 367.451584 362.468146 353.511973 337.741042 316.924084 297.543316 283.594675 271.207241 257.120836 242.171262 224.257401
-9999.0 -9999.0 -1257.261031 -1144.431920 -1025.892125 -895.264238 -763.038978 -605.181699 -453.112514 -267.491081 -138.221688 -10.244726 104.886393 172.371028 232.675182 284.468537 302.705877 321.034226 305.323528 315.315759 331.569637 341.948715 351.227933 359.754656 368.228687 374.090975 378.580029 377.809766 371.036520 356.982745 334.147785 307.789006 287.803521 276.333755 283.191871 294.386754 291.351059 282.341567 268.824883 252.771514 239.948109 227.406207 224.159877 225.156174 225.400160 222.625800 216.991263 201.617470 179.436259 145.161710 114.679610 92.773700 74.898969 52.200964 30.148565 6.342614
-9999.0 -9999.0 -1338.333848 -1226.035210 -1102.519150 -974.975169 -863.984805 -748.202232 -588.841159 -469.683663 -373.398228 -284.754649 -205.825717 -139.540748 -81.650412 -5.469892 43.001574 67.965635 78.900465 107.348188 151.967114 181.516684 197.793380 210.090129 222.137131 232.816205 240.885684 230.343487 218.424759 198.173019 165.365025 114.272891 77.387684 61.683541 67.927485 80.620191 72.329858 52.803720 27.706475 2.039181 -17.209039 -33.760932 -39.606206 -42.137103 -43.085321 -46.789713 -52.403531 -66.321673 -84.428798 -99.630249 -112.599673 -122.721774 -128.875466 -139.318718 -151.730920 -161.258530
