tests/Borden05m/data_simulated/sim_1/output-maps/psiliqL0017N0004.asc
ncols         160
nrows         34
xllcorner     620200.000000
yllcorner     5168000.000000
cellsize      0.500000
NODATA_value  -9999.0
[rows 0 to 24 of 34, columns 0 to 54 of 160]
-9999.0 -9999.0 -9999.0 -9999.0 -9999.0 -9999.0 -9999.0 -9999.0 -9999.0 -9999.0 -9999.0 -9999.0 -9999.0 -9999.0 -9999.0 -9999.0 -9999.0 -9999.0 -9999.0 -9999.0 -9999.0 -9999.0 -9999.0 -9999.0 -9999.0 -9999.0 -9999.0 -9999.0 -9999.0 -9999.0 -9999.0 -9999.0 -9999.0 -9999.0 -9999.0 -9999.0 -9999.0 -9999.0 -9999.0 -9999.0 -9999.0 -9999.0 -9999.0 -9999.0 -9999.0 -9999.0 -9999.0 -9999.0 -9999.0 -9999.0 -9999.0 -9999.0 -9999.0 -9999.0 -9999.0
-9999.0 -9999.0 -9999.0 -9999.0 -9999.0 -9999.0 -9999.0 -9999.0 -9999.0 -9999.0 -9999.0 -9999.0 -9999.0 -9999.0 -9999.0 -9999.0 -9999.0 -9999.0 -9999.0 -9999.0 -9999.0 -9999.0 -9999.0 -9999.0 -9999.0 -9999.0 -9999.0 -9999.0 -9999.0 -9999.0 -9999.0 -9999.0 -9999.0 -9999.0 -9999.0 -9999.0 -9999.0 -9999.0 -9999.0 -9999.0 -9999.0 -9999.0 -9999.0 -9999.0 -9999.0 -9999.0 -9999.0 -9999.0 -9999.0 -9999.0 -9999.0 -9999.0 -9999.0 -9999.0 -9999.0
-9999.0 -9999.0 -9999.0 -9999.0 -9999.0 -9999.0 -9999.0 -9999.0 -9999.0 -9999.0 -9999.0 -9999.0 -9999.0 -9999.0 -9999.0 -9999.0 -9999.0 -9999.0 -9999.0 -9999.0 -9999.0 -9999.0 -9999.0 -9999.0 -9999.0 -9999.0 -9999.0 -9999.0 -9999.0 -9999.0 -9999.0 -9999.0 -9999.0 -9999.0 -9999.0 -9999.0 -9999.0 -9999.0 -9999.0 -9999.0 -9999.0 -9999.0 -9999.0 -9999.0 -9999.0 -9999.0 -9999.0 1494.982661 1477.858698 1463.103402 1460.299450 1482.608016 1506.171985 1530.259216 1551.110935
-9999.0 -9999.0 -9999.0 -9999.0 -9999.0 -9999.0 -9999.0 -9999.0 -9999.0 -9999.0 -9999.0 -9999.0 -9999.0 -9999.0 -9999.0 -9999.0 -9999.0 -9999.0 -9999.0 -9999.0 -9999.0 -9999.0 -9999.0 -9999.0 -9999.0 -9999.0 -9999.0 -9999.0 -9999.0 -9999.0 -9999.0 -9999.0 -9999.0 -9999.0 -9999.0 -9999.0 -9999.0 -9999.0 -9999.0 -9999.0 1542.751479 1548.793943 1549.751954 1539.720469 1528.739262 1516.309384 1496.310891 1478.805830 1464.703969 1462.635487 1465.525847 1470.148427 1492.419057 1517.630863 1537.701061
-9999.0 -9999.0 -9999.0 -9999.0 -9999.0 -9999.0 -9999.0 -9999.0 -9999.0 -9999.0 -9999.0 -9999.0 -9999.0 -9999.0 -9999.0 -9999.0 -9999.0 -9999.0 -9999.0 -9999.0 -9999.0 -9999.0 -9999.0 -9999.0 -9999.0 -9999.0 -9999.0 -9999.0 -9999.0 -9999.0 -9999.0 -9999.0 -9999.0 -9999.0 1449.627803 1467.034914 1485.277514 1503.979428 1521.041196 1528.123321 1534.064608 1539.878812 1535.865272 1531.587970 1520.443853 1501.026326 1481.865023 1468.633104 1467.168612 1465.055100 1469.470654 1482.267258 1499.361063 1515.545344 1536.717484
-9999.0 -9999.0 -9999.0 -9999.0 -9999.0 -9999.0 -9999.0 -9999.0 -9999.0 -9999.0 -9999.0 -9999.0 -9999.0 -9999.0 -9999.0 -9999.0 -9999.0 -9999.0 -9999.0 -9999.0 -9999.0 -9999.0 -9999.0 -9999.0 -9999.0 -9999.0 -9999.0 -9999.0 1453.436071 1447.668598 1442.928665 1441.685388 1440.616911 1439.801793 1446.731486 1458.704681 1476.684492 1498.785863 1512.167099 1519.717681 1526.734182 1527.675610 1522.732013 1521.191754 1521.944732 1510.229101 1498.728815 1487.988534 1477.611697 1475.971324 1485.732990 1500.308657 1516.953730 1532.163490 1547.971508
-9999.0 -9999.0 -9999.0 -9999.0 -9999.0 -9999.0 -9999.0 -9999.0 -9999.0 -9999.0 -9999.0 -9999.0 -9999.0 -9999.0 -9999.0 -9999.0 -9999.0 -9999.0 -9999.0 -9999.0 -9999.0 -9999.0 -9999.0 1423.098785 1428.734812 1435.437765 1443.168079 1444.301157 1440.605092 1435.291840 1432.644593 1431.479088 1429.914719 1434.714042 1442.740905 1456.416628 1472.388989 1494.737445 1503.604611 1509.540678 1521.903129 1525.347480 1532.122082 1536.578871 1535.243049 1532.430989 1519.616246 1510.048490 1514.638001 1520.371674 1527.625117 1536.176826 1550.085084 1565.458687 1582.678098
-9999.0 -9999.0 -9999.0 -9999.0 -9999.0 -9999.0 -9999.0 -9999.0 -9999.0 -9999.0 -9999.0 -9999.0 -9999.0 -9999.0 -9999.0 -9999.0 -9999.0 -9999.0 -9999.0 1397.975496 1399.045399 1400.485005 1405.384297 1406.177489 1408.382279 1415.519053 1423.866391 1426.632164 1425.022543 1424.014424 1425.807625 1428.825561 1433.587415 1444.990125 1459.025252 1473.490465 1487.434285 1508.658286 1523.737586 1537.407096 1553.658777 1553.803531 1550.421542 1549.154493 1549.987114 1550.171217 1553.159811 1555.319016 1562.005452 1566.083055 1572.163175 1582.003281 1594.234354 1612.594551 1632.377023
-9999.0 -9999.0 -9999.0 -9999.0 -9999.0 -9999.0 -9999.0 -9999.0 -9999.0 -9999.0 -9999.0 -9999.0 -9999.0 -9999.0 -9999.0 -9999.0 1369.017884 1370.973200 1373.390268 1378.937693 1382.215764 1386.400952 1393.564126 1395.088162 1398.994867 1406.367698 1411.406660 1420.621445 1429.050860 1436.612807 1442.877438 1445.838538 1453.392378 1463.269027 1475.390361 1490.657998 1512.170084 1535.821169 1552.416976 1569.738096 1587.428535 1588.644159 1588.027166 1589.553247 1590.119524 1595.732445 1612.914521 1618.557904 1618.658161 1633.926194 1647.976547 1653.219036 1661.519784 1681.553452 1705.590270
-9999.0 -9999.0 -9999.0 -9999.0 -9999.0 -9999.0 -9999.0 -9999.0 -9999.0 -9999.0 -9999.0 -9999.0 -9999.0 1321.587175 1325.847125 1335.783616 1345.779810 1348.649568 1353.332981 1359.779195 1372.199585 1376.082983 1382.509091 1390.250323 1402.599448 1411.510320 1420.875963 1432.985004 1441.605863 1449.095668 1456.316424 1461.639938 1474.840846 1490.179618 1506.024174 1526.435073 1548.919189 1569.501610 1590.039188 1606.699764 1620.663950 1622.304529 1622.180375 1625.283452 1632.987870 1649.858847 1668.848738 1676.562785 1693.455314 1716.685012 1730.254988 1741.855660 1750.985483 1765.595301 1787.920789
-9999.0 -9999.0 -9999.0 -9999.0 -9999.0 -9999.0 -9999.0 -9999.0 -9999.0 -9999.0 1289.503458 1291.798587 1288.557025 1287.969174 1293.487869 1305.924283 1320.108593 1326.715075 1338.682514 1359.993208 1378.281528 1381.994489 1396.570283 1407.112767 1414.196766 1424.874454 1438.269690 1451.232398 1468.058215 1480.740547 1492.107272 1511.340139 1528.156172 1545.166593 1563.417614 1584.370210 1604.043621 1632.188472 1659.625220 1672.535993 1694.618154 1704.827751 1702.891117 1703.701578 1713.799235 1729.750040 1750.577012 1773.332917 1795.523872 1821.319974 1838.374413 1853.753608 1865.577417 1879.026087 1896.283074
-9999.0 -9999.0 -9999.0 -9999.0 -9999.0 -9999.0 -9999.0 -9999.0 1264.557384 1272.240014 1278.433345 1275.647021 1271.458418 1267.410900 1281.676779 1297.752624 1314.093006 1332.210444 1348.457171 1367.012573 1382.342638 1398.605720 1418.876779 1430.758091 1442.579229 1458.244024 1472.208810 1489.286701 1510.887205 1523.113548 1539.223771 1560.842735 1579.551947 1598.138314 1617.644680 1636.429519 1662.558544 1696.459883 1728.976572 1751.618779 1780.533301 1803.751505 1803.571855 1806.678744 1811.853678 1838.268777 1868.272092 1900.012101 1925.583123 1953.680018 1984.406129 2004.231390 2016.350414 2030.444718 2047.191411
-9999.0 -9999.0 -9999.0 -9999.0 -9999.0 -9999.0 1236.772456 1261.199192 1276.488637 1268.689343 1258.143043 1254.497208 1250.354090 1275.791274 1298.257002 1315.966444 1333.282544 1351.347877 1368.285884 1380.752241 1414.039126 1432.668680 1446.994749 1464.534494 1479.644795 1494.790658 1512.584290 1536.140293 1557.731563 1586.501326 1611.099958 1634.404429 1661.148247 1681.508662 1701.163778 1719.761606 1751.616364 1789.847981 1827.713617 1857.467732 1886.085718 1919.058878 1926.717023 1933.510720 1941.172262 1964.312556 1997.957232 2029.880613 2065.044645 2098.557664 2127.337866 2140.875972 2152.801504 2165.594735 2180.555214
-9999.0 -9999.0 -9999.0 -9999.0 1203.309303 1224.309514 1244.219477 1274.975986 1297.685072 1293.044587 1299.629684 1299.773290 1297.896661 1302.535518 1310.374638 1328.863336 1348.162703 1367.761003 1385.424836 1419.260017 1464.500051 1479.714958 1503.153343 1535.246636 1549.111890 1564.900296 1581.816893 1605.164639 1631.069149 1664.191102 1706.883311 1743.498863 1769.671751 1793.260518 1815.574081 1838.112571 1874.091653 1913.626291 1952.472542 1988.482812 2020.213056 2048.542618 2062.249779 2071.608202 2084.893781 2103.091989 2126.418634 2155.657710 2189.097100 2222.659371 2248.752951 2262.877073 2271.680728 2283.490005 2294.626414
-9999.0 -9999.0 -9999.0 1152.799765 1191.661156 1230.006077 1256.933545 1287.967707 1320.489592 1324.607678 1334.064958 1338.570645 1342.882735 1351.524045 1359.730833 1377.449759 1394.765254 1412.216572 1434.877320 1471.643654 1506.140475 1534.171444 1566.064728 1591.426059 1611.427867 1627.647427 1647.166230 1671.389408 1711.528583 1748.587406 1799.134614 1853.097160 1890.498168 1915.691286 1939.838317 1969.072991 1996.216028 2035.337240 2072.659915 2108.280986 2142.550863 2169.367635 2189.479673 2198.530857 2209.844899 2219.474662 2236.452171 2259.292676 2282.621468 2313.009316 2342.701064 2369.807053 2385.305415 2396.597100 2413.716156
-9999.0 -9999.0 1105.285997 1143.526506 1177.154276 1226.803280 1280.001498 1314.872351 1355.884743 1379.282088 1386.058264 1402.638577 1418.497533 1425.464285 1440.616269 1457.811607 1477.286880 1485.420413 1503.871927 1532.186279 1580.150100 1624.089290 1641.093881 1690.422396 1724.107372 1753.860471 1773.540549 1801.487135 1838.718089 1880.142442 1929.351861 1980.915814 2020.425337 2052.956625 2071.511973 2093.228111 2117.648037 2144.809934 2181.907662 2212.696751 2247.058932 2275.277607 2298.578165 2305.984504 2312.103822 2329.284880 2355.695130 2384.129944 2410.624171 2436.229700 2437.070203 2452.292290 2459.894188 2464.696423 2471.176945
-9999.0 -9999.0 1077.808694 1123.128593 1162.345523 1227.225052 1308.605651 1345.585743 1388.480118 1435.021377 1453.681612 1478.678115 1488.333801 1495.215513 1518.823137 1540.871678 1556.019734 1564.133907 1563.908223 1619.705993 1677.828190 1724.221949 1764.324755 1834.310820 1882.409055 1902.218287 1917.335984 1939.543006 1964.827842 2008.545441 2055.967223 2110.753814 2155.972180 2188.746968 2206.698982 2227.329503 2249.425172 2268.832099 2290.288566 2333.283272 2364.982407 2393.895216 2423.458677 2445.375312 2455.037415 2460.163794 2448.027437 2461.066880 2470.294146 2475.056078 2477.554810 2475.290273 2475.657181 2477.217115 2478.884976
-9999.0 987.914044 1040.189081 1092.897799 1160.987809 1227.241658 1309.025023 1388.388362 1447.886996 1497.109369 1526.822356 1536.954798 1568.043750 1608.879065 1635.391282 1661.772629 1667.044190 1674.770482 1664.740646 1715.329097 1763.791082 1834.436654 1942.927709 2001.414903 2051.569762 2054.702001 2050.744594 2063.665557 2087.596099 2133.243399 2204.261653 2255.048787 2312.421340 2356.566208 2374.161002 2383.101376 2402.688582 2424.554780 2406.255103 2435.062538 2449.823708 2462.292792 2468.237971 2471.881934 2474.659163 2476.336984 2474.555855 2469.481844 2462.881031 2458.307425 2455.074863 2451.222405 2454.109393 2457.689365 2458.507856
-9999.0 951.818031 1010.886445 1081.813136 1152.244623 1216.085310 1315.577024 1463.683471 1519.956480 1558.735952 1580.034780 1595.533560 1671.652807 1739.013428 1773.950048 1820.807522 1815.894208 1806.825590 1790.861156 1823.775379 1872.630184 1947.439403 2096.333263 2183.302558 2218.689637 2231.886956 2240.246974 2269.145863 2309.093387 2349.747392 2387.149183 2382.764057 2415.722420 2433.502271 2440.008940 2443.756508 2450.035027 2452.302199 2453.003677 2451.805437 2449.633561 2452.154954 2458.309669 2459.926475 2458.735276 2457.031159 2452.671839 2446.141871 2441.396782 2437.252394 2434.803199 2431.943406 2430.210726 2429.853664 2425.081444
-9999.0 919.901161 991.902089 1054.441748 1115.719016 1225.612279 1352.719128 1490.332820 1584.749297 1623.426234 1640.145241 1705.562009 1809.787166 1911.154256 1966.443724 1994.355426 1994.936885 1971.554893 1972.695663 2018.909300 2086.424474 2185.173892 2287.894076 2371.557135 2388.515291 2395.403130 2372.566758 2391.205278 2408.602306 2414.044809 2418.191626 2425.133926 2432.824440 2438.133260 2439.295743 2438.894184 2436.596205 2430.986006 2428.314733 2427.079497 2425.555200 2426.719667 2430.712837 2433.354631 2431.936741 2429.088627 2425.331452 2420.100709 2414.001565 2407.301929 2403.036607 2398.570850 2395.843575 2390.108901 2385.016100
-9999.0 815.416117 905.454676 957.561725 1064.096801 1241.401582 1368.887711 1517.355374 1668.020036 1705.371036 1777.404105 1904.569762 2016.671406 2096.291642 2138.844571 2182.647685 2214.046845 2238.950099 2276.625520 2222.078470 2285.330858 2353.041577 2384.995710 2401.984792 2409.097512 2413.609777 2408.637520 2392.312236 2384.833642 2380.842595 2384.823185 2394.014612 2400.992496 2407.878917 2407.364405 2409.600987 2411.428689 2409.545717 2407.208849 2400.455768 2394.325531 2389.738126 2388.770381 2394.816630 2390.836254 2388.511542 2382.909554 2374.858644 2365.622655 2357.537141 2349.120427 2341.574809 2337.824374 2331.103345 2328.070832
-9999.0 734.541933 810.537143 893.830206 1026.470240 1190.838437 1313.918798 1479.735132 1695.155682 1817.210286 1952.314361 2032.596363 2110.295371 2172.349861 2236.505763 2288.334403 2317.376058 2331.421881 2320.536431 2336.971807 2306.600934 2302.655267 2323.656726 2353.709267 2370.804748 2377.733640 2372.305035 2364.643697 2359.683726 2360.354714 2360.171553 2359.020449 2357.501950 2355.749741 2353.455286 2356.493292 2362.083168 2356.675310 2348.446028 2340.954862 2334.332993 2326.812372 2322.061836 2319.031553 2318.764825 2318.950992 2311.578008 2301.085188 2290.079112 2281.077090 2272.408707 2265.712886 2261.519383 2254.708134 2244.243181
-9999.0 631.582458 755.249011 845.747227 962.118909 1097.647956 1219.947783 1381.853979 1527.778928 1753.937352 1911.015409 2039.543591 2088.216099 2154.133838 2215.299974 2287.619139 2294.581374 2269.653279 2239.341925 2228.433776 2238.798543 2251.502161 2266.276443 2286.956901 2306.582810 2318.351473 2323.049549 2317.631628 2305.252442 2295.977137 2288.537959 2277.867003 2270.184169 2268.676342 2270.355870 2278.422100 2280.622954 2272.127983 2259.708284 2243.847736 2230.165409 2219.967541 2217.830730 2219.896319 2220.391799 2216.744515 2210.013477 2199.016259 2185.753664 2172.727859 2164.280323 2157.423135 2148.538582 2136.189803 2122.471415
-9999.0 -9999.0 677.807302 788.441776 893.807888 1014.526420 1124.991568 1263.803915 1412.992277 1593.638854 1713.413417 1857.422154 1938.926380 1988.744832 2038.912167 2097.500953 2121.720320 2147.588848 2137.750275 2147.508518 2158.137862 2166.794716 2177.742772 2189.872167 2204.120806 2215.531133 2225.092606 2223.881031 2215.574780 2197.905336 2176.160661 2159.086821 2149.260816 2141.286589 2150.863439 2162.282494 2158.789948 2152.330241 2140.592570 2125.030178 2112.518527 2099.107744 2095.694654 2096.030976 2096.205582 2093.241548 2088.777540 2075.345260 2061.599675 2048.890940 2042.115407 2034.340469 2027.530390 2015.107886 2001.847424
-9999.0 -9999.0 592.639700 700.557481 812.763455 935.196739 1032.589606 1095.778819 1245.512143 1360.228739 1466.916081 1570.208822 1658.310991 1725.557764 1769.752424 1833.592414 1880.814232 1900.474558 1928.203888 1966.316108 1996.596789 2029.136890 2050.395947 2063.994904 2078.958035 2093.603048 2102.848238 2091.077345 2080.457424 2063.772039 2041.667903 2017.114452 2003.994670 2000.448372 2001.370493 2005.260494 1999.021580 1989.740662 1975.690948 1960.873391 1948.407870 1937.931158 1934.076070 1930.149021 1928.413226 1925.239206 1921.875272 1913.378113 1901.927563 1893.831960 1884.175272 1877.266643 1873.230952 1865.958949 1856.200709
