tests/Borden05m/data_simulated/sim_1/output-maps/psiliqL0013N0014.asc
ncols         160
nrows         34
xllcorner     620200.000000
yllcorner     5168000.000000
cellsize      0.500000
NODATA_value  -9999.0
[rows 0 to 24 of 34, columns 0 to 55 of 160]
-9999.0 -9999.0 -9999.0 -9999.0 -9999.0 -9999.0 -9999.0 -9999.0 -9999.0 -9999.0 -9999.0 -9999.0 -9999.0 -9999.0 -9999.0 -9999.0 -9999.0 -9999.0 -9999.0 -9999.0 -9999.0 -9999.0 -9999.0 -9999.0 -9999.0 -9999.0 -9999.0 -9999.0 -9999.0 -9999.0 -9999.0 -9999.0 -9999.0 -9999.0 -9999.0 -9999.0 -9999.0 -9999.0 -9999.0 -9999.0 -9999.0 -9999.0 -9999.0 -9999.0 -9999.0 -9999.0 -9999.0 -9999.0 -9999.0 -9999.0 -9999.0 -9999.0 -9999.0 -9999.0 -9999.0 -9999.0
-9999.0 -9999.0 -9999.0 -9999.0 -9999.0 -9999.0 -9999.0 -9999.0 -9999.0 -9999.0 -9999.0 -9999.0 -9999.0 -9999.0 -9999.0 -9999.0 -9999.0 -9999.0 -9999.0 -9999.0 -9999.0 -9999.0 -9999.0 -9999.0 -9999.0 -9999.0 -9999.0 -9999.0 -9999.0 -9999.0 -9999.0 -9999.0 -9999.0 -9999.0 -9999.0 -9999.0 -9999.0 -9999.0 -9999.0 -9999.0 -9999.0 -9999.0 -9999.0 -9999.0 -9999.0 -9999.0 -9999.0 -9999.0 -9999.0 -9999.0 -9999.0 -9999.0 -9999.0 -9999.0 -9999.0 -9999.0
-9999.0 -9999.0 -9999.0 -9999.0 -9999.0 -9999.0 -9999.0 -9999.0 -9999.0 -9999.0 -9999.0 -9999.0 -9999.0 -9999.0 -9999.0 -9999.0 -9999.0 -9999.0 -9999.0 -9999.0 -9999.0 -9999.0 -9999.0 -9999.0 -9999.0 -9999.0 -9999.0 -9999.0 -9999.0 -9999.0 -9999.0 -9999.0 -9999.0 -9999.0 -9999.0 -9999.0 -9999.0 -9999.0 -9999.0 -9999.0 -9999.0 -9999.0 -9999.0 -9999.0 -9999.0 -9999.0 -9999.0 694.335237 677.086854 661.481275 659.282793 681.893545 705.385032 729.289153 749.990286 768.733802
-9999.0 -9999.0 -9999.0 -9999.0 -9999.0 -9999.0 -9999.0 -9999.0 -9999.0 -9999.0 -9999.0 -9999.0 -9999.0 -9999.0 -9999.0 -9999.0 -9999.0 -9999.0 -9999.0 -9999.0 -9999.0 -9999.0 -9999.0 -9999.0 -9999.0 -9999.0 -9999.0 -9999.0 -9999.0 -9999.0 -9999.0 -9999.0 -9999.0 -9999.0 -9999.0 -9999.0 -9999.0 -9999.0 -9999.0 -9999.0 741.735819 747.691383 748.977325 738.595704 727.502735 715.417024 695.526934 677.848765 663.093063 660.699840 663.512272 668.740984 691.449076 716.243252 736.066049 753.269130
-9999.0 -9999.0 -9999.0 -9999.0 -9999.0 -9999.0 -9999.0 -9999.0 -9999.0 -9999.0 -9999.0 -9999.0 -9999.0 -9999.0 -9999.0 -9999.0 -9999.0 -9999.0 -9999.0 -9999.0 -9999.0 -9999.0 -9999.0 -9999.0 -9999.0 -9999.0 -9999.0 -9999.0 -9999.0 -9999.0 -9999.0 -9999.0 -9999.0 -9999.0 649.130304 666.645128 684.839426 703.355498 720.187945 727.040236 732.922901 738.741291 734.749360 730.239451 719.055142 700.108996 680.754161 667.078896 665.105290 662.822324 667.312351 680.361202 697.327663 713.716169 734.856166 758.603451
-9999.0 -9999.0 -9999.0 -9999.0 -9999.0 -9999.0 -9999.0 -9999.0 -9999.0 -9999.0 -9999.0 -9999.0 -9999.0 -9999.0 -9999.0 -9999.0 -9999.0 -9999.0 -9999.0 -9999.0 -9999.0 -9999.0 -9999.0 -9999.0 -9999.0 -9999.0 -9999.0 -9999.0 652.846422 647.046453 642.152945 640.841103 639.723571 638.780734 645.763857 657.973574 676.163735 697.986934 711.095539 718.462212 725.240259 726.133793 721.284083 719.460218 719.975164 708.357060 696.892686 686.184173 675.874192 674.568666 684.355224 698.687678 715.132828 730.252468 745.964846 757.194774
-9999.0 -9999.0 -9999.0 -9999.0 -9999.0 -9999.0 -9999.0 -9999.0 -9999.0 -9999.0 -9999.0 -9999.0 -9999.0 -9999.0 -9999.0 -9999.0 -9999.0 -9999.0 -9999.0 -9999.0 -9999.0 -9999.0 -9999.0 622.589483 628.493758 635.163116 642.781853 643.868975 639.944566 634.511171 631.665310 630.373178 628.887297 633.567482 641.864796 655.644623 671.673789 693.723590 702.524576 708.858823 721.301001 724.199417 730.040471 734.312762 732.807984 730.181383 717.950406 708.933897 714.266834 720.403374 727.424075 735.637716 749.301102 765.026402 782.780568 803.425182
-9999.0 -9999.0 -9999.0 -9999.0 -9999.0 -9999.0 -9999.0 -9999.0 -9999.0 -9999.0 -9999.0 -9999.0 -9999.0 -9999.0 -9999.0 -9999.0 -9999.0 -9999.0 -9999.0 597.199602 598.195637 599.492721 604.321056 605.308455 607.622408 614.791484 623.135102 625.668893 624.176905 622.949951 624.724028 627.685109 632.287740 643.872742 657.960897 672.419748 686.612536 707.787640 722.843977 736.767723 753.063918 752.574986 748.765659 747.155978 747.920434 748.492602 753.175991 756.367559 762.903593 768.134867 774.960262 784.643904 796.484447 815.239948 835.687652 856.152515
-9999.0 -9999.0 -9999.0 -9999.0 -9999.0 -9999.0 -9999.0 -9999.0 -9999.0 -9999.0 -9999.0 -9999.0 -9999.0 -9999.0 -9999.0 -9999.0 568.319708 570.251377 572.563002 578.081605 581.044677 585.199730 592.313351 593.723408 597.724888 605.088304 610.243245 619.260292 627.547772 635.163092 641.442579 644.464626 652.312181 662.314051 674.571938 690.281531 712.236026 735.668726 752.361523 769.591972 787.042132 788.013314 787.294900 788.793685 789.723817 796.770026 814.831071 821.223777 823.379763 840.792011 855.429844 861.198715 869.444421 889.001832 913.411125 937.951245
-9999.0 -9999.0 -9999.0 -9999.0 -9999.0 -9999.0 -9999.0 -9999.0 -9999.0 -9999.0 -9999.0 -9999.0 -9999.0 522.216397 526.437964 536.020934 545.166871 547.763063 552.129080 558.288042 570.677395 574.508477 580.980838 588.826792 600.879123 609.771550 619.273154 631.442727 640.239010 647.867122 655.342781 661.609334 675.413450 691.157665 707.446128 728.200210 750.676526 771.913787 793.133187 809.458750 823.897416 826.757870 826.151689 828.891094 837.211256 855.203217 874.829242 885.373284 905.094459 929.111773 943.607004 956.363591 965.907302 979.908716 1001.753142 1037.072301
-9999.0 -9999.0 -9999.0 -9999.0 -9999.0 -9999.0 -9999.0 -9999.0 -9999.0 -9999.0 488.561076 491.013283 487.698072 487.797078 492.900449 505.072410 518.795980 525.611640 537.296476 558.340035 576.219670 580.031336 594.954194 605.451073 612.548869 623.524113 637.114842 650.460086 667.923342 681.054353 693.530092 713.980809 731.154192 748.389265 766.892709 787.840986 808.766526 838.494623 866.558471 880.722216 904.340643 916.856813 914.763171 915.604687 925.093205 942.376728 965.240938 990.501684 1013.627856 1040.321883 1059.369755 1074.693461 1086.315760 1099.540041 1115.989758 1151.049507
-9999.0 -9999.0 -9999.0 -9999.0 -9999.0 -9999.0 -9999.0 -9999.0 464.056363 471.325936 477.587241 474.704104 470.289310 466.680919 480.366194 496.345410 512.547424 530.217803 546.465144 564.878853 580.622243 597.379966 617.538578 629.785882 642.047540 657.919722 672.240493 690.266305 712.346725 726.430536 744.657231 767.135323 786.958432 806.019746 825.770374 845.150150 873.306536 908.276233 941.657794 966.179128 995.271103 1019.718611 1020.232817 1023.741198 1029.075587 1055.722015 1086.220045 1117.796374 1144.496883 1172.823778 1202.841667 1221.141936 1232.340202 1245.441341 1261.126349 1279.692306
-9999.0 -9999.0 -9999.0 -9999.0 -9999.0 -9999.0 437.234825 461.496498 476.530437 468.774927 459.450270 456.031754 452.291527 474.795882 496.756143 514.106131 531.212848 549.081607 565.961763 579.879399 614.505491 632.584305 647.813025 667.043274 682.276051 697.560110 715.861343 740.235853 763.443853 795.022684 823.125403 849.143140 876.816105 897.930411 918.091314 938.035972 970.838780 1009.517643 1047.420203 1077.730556 1106.053891 1137.185702 1145.571235 1151.970120 1159.863084 1180.686592 1212.227810 1242.843949 1276.959993 1309.293688 1335.872274 1347.983498 1358.624057 1370.227411 1383.944383 1396.641529
-9999.0 -9999.0 -9999.0 -9999.0 403.747631 424.724238 444.989283 475.813892 498.509128 493.580057 500.604314 501.065497 499.612622 503.347688 510.305487 528.638395 547.356582 566.395151 584.998051 621.292763 665.552754 682.332945 708.317129 741.411083 756.306355 772.619298 789.844507 814.134629 842.874211 878.191509 924.169823 963.512446 990.949320 1015.283393 1037.649080 1061.039440 1095.636565 1133.923927 1171.375959 1206.225649 1236.708965 1262.647229 1276.041946 1284.267613 1296.185103 1312.301125 1333.333566 1360.411962 1391.196812 1423.029683 1448.043445 1461.958503 1470.033754 1480.729973 1491.518379 1503.926819
-9999.0 -9999.0 -9999.0 354.992278 393.666476 431.311661 458.594253 489.678027 521.845201 527.204997 536.278138 541.933407 547.585410 556.598100 565.922549 583.202046 599.272928 614.903381 637.400256 675.022996 711.469825 743.691619 777.299419 806.476311 829.212388 846.514052 866.042401 891.516646 932.667212 972.075864 1023.718519 1077.959232 1115.832355 1141.102249 1163.481497 1190.798921 1215.836567 1251.703443 1286.561088 1319.599550 1351.264134 1376.180941 1395.367472 1403.269467 1412.587054 1421.240293 1437.570506 1458.826555 1480.437345 1508.806838 1536.653818 1560.393142 1573.981022 1583.742806 1599.554883 1615.391098
-9999.0 -9999.0 308.013884 345.621174 380.140613 430.904209 483.902817 518.260457 559.392431 583.945306 591.266464 609.228658 626.018746 634.083785 650.483086 668.182352 685.237150 691.835589 708.541824 741.557350 793.804174 841.990553 867.856378 921.693716 956.521542 984.470906 1002.598307 1030.031332 1065.760936 1108.619957 1157.655434 1207.426575 1246.156997 1277.368291 1293.693227 1312.661944 1335.142480 1358.459312 1391.532499 1420.281859 1451.087586 1477.022745 1498.913189 1506.377085 1511.415418 1526.664624 1549.953268 1574.645531 1598.120129 1620.700286 1626.418485 1636.516962 1641.457044 1644.629613 1649.063294 1652.297761
-9999.0 -9999.0 281.792285 326.503219 367.639290 435.324230 514.148607 551.805971 595.220041 641.200938 660.643983 685.599158 700.154550 712.683816 736.790982 760.156503 771.205205 777.949176 778.880111 835.558281 895.807081 951.417279 1005.464208 1072.200453 1117.650045 1134.231220 1146.835308 1167.797651 1193.052796 1236.342623 1284.071452 1335.662210 1378.616365 1408.870441 1424.594031 1441.973865 1461.585813 1478.985835 1497.392681 1535.019798 1560.993179 1585.926860 1611.966533 1631.816157 1639.896637 1642.928592 1634.129304 1642.385216 1648.167193 1650.958444 1652.049946 1649.001368 1648.588037 1649.571123 1650.883933 1646.207083
-9999.0 193.539421 245.678692 299.293526 368.888845 437.090330 521.540639 602.271778 658.039102 704.813445 734.795774 750.098289 791.974472 836.738977 863.461911 891.323549 894.025511 898.670635 890.875231 939.481279 992.400737 1071.418307 1182.551368 1239.626487 1282.659090 1286.661163 1283.468108 1297.068608 1321.452568 1363.660269 1427.808544 1472.896444 1523.091427 1560.894871 1575.005989 1581.192961 1597.903913 1616.942947 1609.057964 1628.644734 1638.041768 1646.066763 1648.282032 1650.366680 1651.718915 1652.161022 1649.168618 1642.990518 1635.332166 1629.724583 1625.475319 1620.683144 1622.856812 1625.986231 1626.769734 1619.888244
-9999.0 158.477400 218.276530 290.268081 361.908500 432.935564 539.526909 679.298570 732.089870 769.972882 796.111223 825.897984 906.335382 972.741527 1007.843256 1051.450779 1047.651726 1038.515185 1029.666275 1064.695740 1116.951800 1192.079999 1329.667024 1413.304997 1439.294513 1452.117759 1460.895228 1487.182685 1522.264893 1556.195664 1586.753046 1590.593299 1613.668330 1625.466832 1629.495925 1631.543035 1635.214697 1636.104954 1634.796937 1632.147914 1628.576423 1629.727515 1634.426984 1634.823527 1632.437901 1629.469086 1623.714389 1615.759972 1609.640138 1604.274160 1600.655618 1596.851490 1594.676688 1594.347665 1589.800804 1583.862624
-9999.0 130.392308 201.118970 265.533399 333.509490 451.640247 577.236378 711.729560 804.772808 844.304631 875.605639 950.039151 1049.176569 1141.578800 1191.447426 1216.540729 1221.065579 1205.136595 1213.258433 1259.442300 1324.877486 1413.223419 1498.432392 1571.998085 1586.718048 1592.331196 1577.259901 1590.091717 1601.933115 1605.541953 1608.408491 1612.663622 1619.306240 1623.354030 1623.317719 1621.468381 1617.611150 1610.489441 1606.223836 1603.636106 1600.820153 1600.930079 1603.902830 1605.098016 1602.487944 1598.242905 1592.981954 1586.389258 1579.314930 1571.714992 1566.763665 1561.855218 1558.937131 1553.609274 1548.716588 1542.246100
-9999.0 34.538946 121.672945 179.033294 300.150482 472.325075 599.000593 751.182271 895.467933 939.142402 1019.534016 1135.280968 1235.882752 1305.693240 1345.427701 1386.321152 1415.085225 1439.974912 1475.724474 1447.810818 1503.109116 1556.606346 1581.109664 1594.488679 1597.809098 1601.447888 1595.859561 1578.843321 1570.386572 1565.498967 1568.820490 1577.466999 1584.176426 1590.575721 1589.169603 1589.920245 1589.825176 1586.334524 1582.781075 1574.957813 1567.719125 1562.322289 1560.755875 1565.868221 1560.680480 1556.883878 1550.191462 1541.421404 1531.986910 1523.474699 1514.990988 1507.507905 1503.983827 1497.818891 1495.670022 1486.976984
-9999.0 -46.371826 31.255972 125.418691 268.170138 432.884935 568.611542 738.411516 942.952561 1057.776994 1176.102898 1244.135137 1314.881749 1375.103961 1435.700134 1478.702949 1502.223931 1512.912992 1507.885989 1520.393136 1494.772302 1493.013581 1513.771923 1542.238427 1557.161684 1562.974758 1556.139457 1546.889091 1541.127157 1541.292516 1541.190498 1540.864005 1540.112058 1538.595362 1535.732357 1537.455114 1541.540957 1535.329828 1526.923864 1518.979591 1511.819436 1503.727833 1498.278209 1494.823117 1493.209009 1492.397186 1484.380411 1473.459421 1462.328563 1453.509071 1445.151841 1438.823696 1435.653725 1430.141239 1421.885106 1409.289945
-9999.0 -141.451163 -21.917635 75.225265 201.878233 340.674541 471.600477 638.622252 792.219690 1009.460634 1169.461683 1262.637463 1301.017806 1355.225953 1413.119230 1476.193230 1481.436786 1454.637994 1426.755597 1416.027451 1424.662510 1437.856849 1454.150326 1475.963231 1494.691999 1505.271774 1507.920551 1501.152001 1488.489470 1480.144163 1474.407178 1465.493054 1459.031834 1458.147626 1458.562826 1465.096964 1467.009146 1457.687440 1444.792779 1429.029758 1415.265410 1404.857601 1401.809009 1402.802762 1402.409513 1398.529874 1391.296208 1380.509740 1367.705714 1355.697138 1347.743224 1341.776304 1334.515367 1324.321584 1312.993374 1300.180842
-9999.0 -9999.0 -95.496925 16.322629 127.488199 253.036975 373.627418 522.380724 675.950151 860.235962 978.574324 1100.997304 1168.835512 1212.978168 1262.290005 1314.500093 1331.868486 1350.207067 1334.792582 1340.978480 1349.943593 1358.481250 1370.426496 1383.808096 1398.133893 1408.702964 1416.579563 1415.038414 1406.517700 1390.317259 1371.101914 1356.404989 1347.941279 1341.260715 1349.971504 1360.699097 1357.592228 1350.680181 1338.698716 1323.097015 1310.103870 1296.498446 1292.575954 1292.659727 1292.386304 1289.147798 1284.246361 1271.284943 1258.192996 1245.962597 1239.983876 1233.439775 1227.489667 1216.272788 1204.287456 1190.998964
-9999.0 -9999.0 -179.173852 -69.255543 47.910484 173.036838 276.886890 362.725609 518.670479 637.889317 742.226695 838.435021 917.880480 978.948646 1022.331763 1081.132673 1119.212655 1134.927802 1153.479189 1181.905030 1208.294157 1236.110829 1255.035139 1268.877059 1283.482343 1296.970425 1306.014025 1295.199079 1284.865897 1268.975073 1248.599836 1226.335349 1214.663308 1210.721500 1212.964823 1217.986902 1212.182452 1202.401132 1188.013755 1172.197920 1159.051712 1147.413256 1143.060796 1139.601918 1138.040393 1134.868400 1131.357025 1122.480985 1110.923767 1102.845811 1094.326820 1087.911804 1084.356080 1077.093265 1067.383910 1060.458034
