tests/Borden05m/data_simulated/sim_1/output-maps/psiliqL0008N0009.asc
ncols         160
nrows         34
xllcorner     620200.000000
yllcorner     5168000.000000
cellsize      0.500000
NODATA_value  -9999.0
[rows 0 to 24 of 34, columns 57 to 113 of 160]
-9999.0 -9999.0 -9999.0 -9999.0 -9999.0 -9999.0 -9999.0 -9999.0 -9999.0 -9999.0 -9999.0 -9999.0 -9999.0 -9999.0 -9999.0 -9999.0 -9999.0 -9999.0 -9999.0 -9999.0 -9999.0 -9999.0 -9999.0 -9999.0 -9999.0 -9999.0 -9999.0 -9999.0 -9999.0 -9999.0 -9999.0 -9999.0 -9999.0 -9999.0 -9999.0 -9999.0 -9999.0 -9999.0 -9999.0 -9999.0 -9999.0 -9999.0 -9999.0 -9999.0 -9999.0 -9999.0 -9999.0 -9999.0 -9999.0 -9999.0 -9999.0 -9999.0 -9999.0 -9999.0 -9999.0 -9999.0 -9999.0
-9999.0 -9999.0 -189.877076 -195.509202 -201.031165 -206.232260 -215.524011 -224.952444 -233.798276 -237.894166 -238.877150 -239.795931 -240.215369 -234.871650 -226.883958 -219.208731 -211.913052 -209.503223 -207.028717 -204.646064 -204.077377 -205.369686 -208.637297 -211.948694 -215.387857 -216.866826 -225.318016 -236.922370 -246.027026 -248.838272 -244.264021 -239.655808 -237.048275 -230.790328 -219.705998 -208.585062 -199.819762 -187.925162 -182.343676 -177.101764 -173.800658 -177.807538 -181.334704 -184.984473 -189.645126 -200.687642 -9999.0 -9999.0 -9999.0 -9999.0 -9999.0 -9999.0 -9999.0 -9999.0 -9999.0 -9999.0 -9999.0
-207.763309 -204.476359 -215.354672 -220.261104 -223.719861 -226.076117 -231.411203 -240.410227 -245.990882 -251.602059 -253.340207 -253.414052 -253.397040 -249.166682 -239.238673 -231.189931 -226.346749 -223.887626 -221.373739 -221.179880 -221.624439 -221.998702 -224.906681 -228.345992 -231.773370 -233.580726 -233.606757 -241.300151 -246.671342 -249.947120 -251.092332 -248.599888 -246.245247 -243.200287 -233.374257 -224.876613 -216.376757 -202.104532 -189.694048 -184.397153 -186.730389 -191.755267 -195.436599 -201.784153 -211.551275 -222.063581 -232.661032 -239.963406 -245.389303 -250.579066 -244.385886 -237.905985 -227.456381 -217.075512 -204.871778 -192.592042 -9999.0
-223.960897 -221.150538 -232.198240 -240.852199 -245.344541 -245.449797 -243.459427 -247.358175 -252.194410 -256.323287 -248.558284 -247.331452 -246.165069 -242.949040 -239.488983 -237.259227 -234.443111 -229.058472 -219.999883 -217.300569 -216.737281 -216.572665 -218.370748 -221.472773 -223.253429 -226.035921 -231.252415 -232.124027 -231.629613 -231.498916 -226.162306 -224.641098 -223.341789 -230.438731 -227.073947 -220.672895 -213.629010 -206.414638 -199.223164 -194.402168 -197.479649 -198.796965 -207.161016 -221.053206 -232.687806 -241.561518 -244.255170 -247.450870 -255.163450 -267.335122 -260.392145 -244.705905 -239.918325 -236.066112 -223.940107 -211.494592 -201.182721
-239.289076 -236.351721 -241.610539 -240.880381 -239.615633 -238.265558 -240.016605 -243.103894 -244.412675 -231.257648 -221.557626 -219.774560 -216.815092 -213.453906 -214.860443 -227.437235 -230.161630 -221.458975 -210.755378 -204.634727 -204.357285 -204.278463 -205.660062 -206.640171 -207.157640 -209.583606 -208.362497 -205.594074 -204.644951 -199.312036 -193.525808 -190.775321 -199.623130 -209.049495 -208.671165 -200.998556 -192.983924 -185.434123 -174.177053 -162.236858 -163.623628 -169.657488 -178.928938 -193.069786 -216.992677 -237.323239 -248.049217 -254.708974 -261.720427 -262.666963 -264.815011 -254.233757 -252.384377 -250.625124 -241.864284 -231.406938 -221.199796
-224.983819 -216.574895 -222.829812 -228.817515 -232.566102 -232.103599 -231.792301 -228.038155 -214.286447 -199.815160 -183.993333 -180.938157 -178.108000 -178.324100 -188.390642 -199.066695 -203.603187 -188.186738 -171.938746 -163.161305 -161.760264 -160.675959 -151.955332 -153.938706 -156.735861 -162.402451 -159.719877 -156.375950 -144.224217 -136.272775 -129.303315 -131.286201 -143.444693 -154.841383 -157.098771 -155.390878 -153.467228 -147.450091 -136.569739 -126.038938 -131.208362 -139.523339 -151.191591 -181.706679 -211.008297 -228.901123 -228.563355 -228.384336 -233.207183 -236.579864 -240.541005 -248.445705 -248.990401 -249.637023 -250.175645 -238.104483 -225.841685
-176.355877 -159.529915 -165.479586 -174.340810 -185.767042 -185.399158 -181.524016 -172.571422 -158.173049 -137.975873 -111.799998 -106.441551 -101.256676 -96.608443 -107.811992 -120.871962 -133.478138 -117.319532 -106.625612 -96.117103 -91.253639 -77.992523 -66.463844 -71.166079 -80.093725 -89.745290 -82.627854 -67.549556 -51.372078 -44.321562 -40.578421 -40.173149 -50.480998 -56.491075 -59.950261 -60.147991 -64.469298 -61.570157 -49.962347 -34.189718 -34.790642 -47.848290 -73.919547 -113.528963 -152.041423 -176.734459 -173.765030 -181.056640 -187.849261 -192.933721 -207.921603 -220.166539 -221.006544 -231.032141 -237.691805 -226.441443 -220.517538
-124.192047 -104.413623 -107.300880 -118.593063 -131.119796 -130.655996 -121.415861 -110.591139 -89.233274 -61.288548 -31.364191 -14.035800 -2.851395 8.102494 0.653128 -10.729010 -22.065805 -16.038317 -1.055262 14.888841 30.192142 46.371133 60.894156 54.711234 44.520685 41.623425 46.992137 66.381974 83.828925 90.640333 93.957339 99.025753 91.900373 82.819054 72.807038 63.595332 55.226285 49.908346 66.389938 81.946927 78.235886 49.370792 18.205079 -23.733500 -67.143298 -106.436365 -114.585952 -118.095291 -121.700135 -139.384416 -156.971826 -177.710019 -190.296578 -200.507114 -216.572205 -212.553185 -207.130269
-12.166471 12.229090 20.047738 6.778365 2.760517 9.210780 22.881756 31.575863 49.181176 83.436251 129.869598 170.327445 203.142956 210.537828 199.618534 184.765894 163.455631 155.108050 174.708789 195.115328 213.585222 228.336074 241.159937 248.471057 247.586740 247.650113 250.329510 254.772892 261.299942 267.510663 273.208823 279.310515 279.215037 270.493167 263.031136 254.128422 246.434616 244.189668 243.804939 250.686426 247.817943 222.677503 185.537526 137.718600 87.253860 46.311068 18.453562 14.060589 -5.099883 -27.603315 -53.848990 -95.053353 -118.196643 -138.427817 -171.361763 -177.576079 -167.515667
133.636435 160.293305 184.851538 188.168931 193.818919 199.970502 209.462785 217.791921 227.451743 259.694770 296.140955 330.457729 357.954572 367.724257 357.519572 345.716747 331.916271 321.804004 325.452636 341.789032 360.441547 377.193254 388.081538 392.098234 391.102782 391.459365 392.784818 395.371159 397.197532 401.361374 407.369865 416.885123 428.477771 425.083262 409.985445 398.245507 384.701286 379.573236 377.616380 373.321093 371.615418 365.646757 335.129342 303.152562 268.716536 235.384836 207.391682 176.237017 143.283661 111.621500 59.213319 11.420569 -30.362510 -67.119988 -102.562428 -111.045752 -86.682756
289.665534 317.756152 336.232291 343.258999 347.166967 351.483250 359.292780 366.388415 374.932159 394.180841 428.333239 464.433480 493.271381 498.031548 489.986317 479.772272 468.131452 459.413865 457.091953 464.202031 474.205007 488.810855 500.241711 511.399353 512.043149 512.560908 512.341578 513.771236 514.807793 515.199500 520.629150 530.508245 540.104009 542.146196 532.011316 516.323202 500.023017 492.564761 485.455082 478.191442 475.937019 474.550036 469.197799 446.127828 413.354136 372.498910 342.749065 316.090647 298.024036 279.609364 258.338348 212.451458 177.941942 127.333576 76.945097 42.701072 72.034880
408.532089 437.746719 458.324167 469.610211 472.119883 475.550519 483.571190 491.214982 502.307462 518.322772 538.625569 566.053501 590.916304 606.615226 604.053613 594.791573 579.027384 576.563774 575.527369 577.820672 582.815953 589.452514 602.461399 617.472262 623.178851 623.874293 621.652121 623.049083 623.378059 622.319633 623.058687 626.251240 632.180116 634.304421 630.874833 616.485638 598.855854 585.391262 575.799335 568.419203 563.203727 561.305745 558.697945 547.991951 523.427138 489.792722 456.178067 431.554697 413.812182 399.958574 389.298549 375.240110 355.852420 323.092480 280.496868 244.448153 233.541356
507.232298 532.071595 557.489324 576.867428 583.125395 589.053301 594.645210 604.974248 619.182257 636.464893 648.577099 663.501680 681.966541 691.891083 697.294816 698.605318 698.264167 700.426352 700.306972 690.058297 691.533195 693.244407 696.223374 701.567810 703.320696 703.523771 703.160886 703.665846 703.564192 703.394920 703.142097 702.161809 703.156276 703.465939 703.037072 698.800165 695.701323 680.873426 669.537344 661.141671 652.309402 642.181308 632.707647 622.763605 609.312821 583.958044 551.202193 522.295587 509.256713 501.451920 494.830292 489.030001 473.936956 452.810197 425.805356 392.118874 357.603014
604.272554 622.742695 647.279044 664.950708 675.029927 682.675460 687.418112 698.246808 709.196558 708.819807 710.674298 712.609367 714.258726 714.586936 714.601660 714.329094 711.954538 711.496331 709.997734 704.731925 695.406441 696.466014 698.031671 701.222255 705.062981 703.867573 704.712437 707.496582 705.957649 700.568841 697.025860 695.451776 695.858427 702.909450 705.906214 706.615156 706.660341 706.162730 705.684025 704.436397 702.870346 700.952334 699.142982 697.162462 688.286693 667.184659 637.222394 606.266741 589.974678 581.321498 580.408335 576.597012 570.035297 551.481750 525.626888 493.057758 458.380593
703.064451 708.381594 712.916696 715.536345 716.855140 718.582946 720.621494 720.479751 716.854269 713.019587 708.472417 707.375958 706.113961 703.721256 704.067406 701.678482 697.245067 693.265956 687.232353 676.447191 663.901610 660.512202 665.880680 672.553322 677.383253 680.313783 683.439393 684.908159 680.422013 672.606521 665.140197 663.056275 669.747187 675.737112 680.645487 681.373426 680.128175 678.476470 678.880874 676.734844 677.142446 682.838723 694.685211 701.690936 702.839756 702.307681 698.696713 692.844821 677.135196 657.154580 658.246441 654.074493 642.866219 622.299062 598.250434 570.554297 543.922842
712.510953 710.581848 705.171623 699.788621 699.141195 702.742100 709.003019 709.820921 702.187808 693.369003 686.293872 679.853285 677.965034 676.663931 675.508536 674.566243 667.891235 659.065327 644.391078 632.108069 618.674661 611.712875 611.815938 620.196950 630.491099 639.148129 643.550225 638.056185 631.027711 620.317908 610.683739 610.414577 614.065193 624.383165 637.368179 640.730935 641.410734 637.131857 633.728431 628.429072 627.002459 633.668356 647.403934 662.294540 675.511699 683.010875 689.793609 695.183401 700.479462 700.607178 700.693432 700.291601 697.076262 683.029773 663.581410 642.166163 619.146456
692.851361 687.802537 681.389920 675.489552 673.592635 676.060609 678.844901 674.915074 666.223098 653.903794 642.284112 632.564972 627.468129 629.126197 630.668974 629.763615 621.120404 604.896521 587.325789 573.792289 559.540830 555.755948 552.613379 551.700424 563.180009 579.021479 584.605479 572.584061 563.436555 549.727103 541.539464 538.765890 541.040803 551.135688 569.508011 586.276047 587.082047 578.338453 569.967363 565.737777 563.925523 571.198088 589.422994 609.284010 624.539363 633.503710 639.558783 646.684068 655.693240 667.349370 680.885317 691.491371 701.243376 702.998247 701.915538 699.203520 684.316349
664.450321 656.089296 649.521319 642.869489 637.904223 635.975563 633.467488 626.274964 616.279631 602.488232 589.934738 578.564962 565.902643 562.805663 559.609788 559.753218 546.929078 534.560984 515.413063 500.848441 486.490245 478.585879 474.183552 469.966110 476.763153 492.500034 501.437464 487.199780 477.296657 464.261375 457.766456 454.700742 456.427471 466.178115 488.092906 505.818096 511.742656 503.919981 498.022631 495.678309 495.598850 501.579670 517.328919 537.692324 557.985010 572.453931 581.454175 588.966713 599.247797 614.290893 629.799872 643.878783 660.248260 678.650937 692.025121 700.507609 705.301327
625.406797 614.976464 604.468404 593.519997 586.825418 587.099377 579.842571 572.452584 558.683667 515.711734 499.214519 482.461221 468.104893 462.133119 453.098264 445.488637 434.521746 426.715826 417.448008 403.229961 388.155491 374.771954 371.032358 367.662361 362.007108 369.368545 373.029578 373.035649 365.924757 359.138786 355.956831 353.670512 357.499744 370.600251 382.370941 392.735926 397.997910 394.622363 400.712236 407.441959 410.929633 427.484482 442.239894 460.193127 481.288895 503.411712 515.504219 524.708253 535.661055 551.506093 568.807384 586.102448 608.369183 632.708498 648.168465 658.884656 670.639671
578.154430 563.866718 551.107648 538.208113 525.235883 524.679488 520.013230 512.101856 476.221352 434.257089 402.969531 385.262525 364.349378 352.036032 337.698565 309.552742 293.010261 284.612522 286.922622 276.479985 260.231804 246.684020 239.710521 234.257264 223.061654 216.999463 221.073277 231.088073 225.161911 221.712512 224.411962 222.451464 220.835419 229.223635 243.535210 251.770681 260.797023 270.571491 276.386991 286.752570 315.275520 334.248317 352.367443 373.605421 396.004025 419.369720 439.286265 452.329506 466.554829 485.242635 501.887126 522.172104 545.250993 573.030458 591.662160 605.880266 618.173422
509.783964 493.721728 477.148959 458.238971 436.139895 431.610906 422.872090 406.996336 364.023695 320.908732 285.244690 260.602716 234.714688 213.423508 178.817756 133.231592 104.698912 104.832468 111.023647 106.868718 88.763043 72.368778 59.750862 45.289937 28.615483 17.695850 25.907974 35.156401 40.290155 42.560135 46.216787 47.792237 47.181421 45.828338 56.176908 67.246823 79.968115 92.615769 107.801831 144.554606 182.815509 212.810663 241.663544 266.710174 294.459265 324.445391 349.827122 367.625360 387.269146 407.730079 428.900198 449.599399 474.021903 502.576319 525.707004 540.769341 555.019703
433.000713 410.463165 385.248521 348.090255 328.464790 314.683495 300.123538 265.481854 220.880502 172.036134 127.357299 90.741375 58.795291 26.908520 -9.010339 -41.994092 -64.675551 -59.423644 -53.055295 -44.572602 -58.330047 -71.854534 -79.940974 -95.590305 -110.666210 -125.057159 -116.772521 -107.007821 -91.375326 -87.765787 -84.510794 -78.253053 -79.375229 -80.919197 -86.663584 -76.664668 -65.539217 -51.174898 -23.048424 5.838381 35.948098 63.982949 92.651829 125.292577 163.963334 206.389943 243.678317 269.417356 294.278248 322.110240 346.550240 367.172216 389.548484 416.475160 440.361145 459.825326 480.183971
333.593462 304.791932 265.282522 216.640553 172.862679 148.581202 102.685896 59.547328 12.510469 -16.570727 -43.159249 -71.448999 -96.864452 -121.044684 -150.169282 -175.306237 -199.458524 -195.868352 -183.887401 -170.444856 -178.312538 -183.358395 -187.129270 -199.123838 -213.042542 -226.694359 -222.963667 -208.182595 -191.526091 -184.890564 -178.627897 -171.167322 -171.058020 -177.236890 -185.299855 -179.342695 -165.547324 -149.071084 -126.224358 -101.892569 -77.578869 -54.412053 -28.376950 -0.175576 30.461148 65.641270 103.042939 134.136919 173.140027 215.971446 247.499882 266.095622 285.898979 316.119284 340.616834 365.230201 388.646719
210.095168 168.240310 109.564758 53.556141 1.578019 -40.149534 -77.807526 -113.510604 -137.151921 -159.353508 -180.215990 -200.441249 -222.157826 -242.835556 -263.277891 -285.862334 -306.089056 -300.869519 -287.216503 -274.538745 -272.765390 -275.947050 -279.203022 -287.415589 -301.286618 -313.300121 -305.096669 -289.323085 -273.818259 -263.957305 -257.266506 -250.908823 -253.635644 -261.780561 -268.733647 -260.791237 -245.305658 -230.018165 -211.818117 -189.836194 -167.539930 -144.904168 -120.795739 -96.035589 -68.217074 -38.704508 -8.120203 22.664151 54.103410 87.018457 108.508108 129.629341 150.397885 183.740458 218.260174 247.835220 276.570710
36.122314 0.716053 -40.428560 -85.872305 -121.927749 -156.618390 -189.276813 -220.907763 -246.638787 -265.530322 -276.694517 -292.302307 -312.457075 -326.806379 -344.331391 -364.316348 -366.151126 -362.201477 -349.360994 -346.728168 -345.994041 -349.059951 -350.246834 -355.302618 -367.540601 -362.016390 -353.973446 -338.588909 -327.310404 -317.827394 -311.388058 -307.098429 -307.751446 -315.127113 -312.539462 -305.083161 -290.117352 -277.949812 -262.215618 -240.932138 -223.047412 -203.029327 -180.437646 -156.834046 -131.561948 -104.421664 -74.931294 -47.549793 -23.968878 -9.586820 5.907270 17.555077 18.866299 41.308679 66.042883 91.949517 127.771151
