tests/Borden05m/data_simulated/sim_1/output-maps/psiliqL0030N0003.asc
ncols         160
nrows         34
xllcorner     620200.000000
yllcorner     5168000.000000
cellsize      0.500000
NODATA_value  -9999.0
[rows 0 to 24 of 34, columns 0 to 54 of 160]
-9999.0 -9999.0 -9999.0 -9999.0 -9999.0 -9999.0 -9999.0 -9999.0 -9999.0 -9999.0 -9999.0 -9999.0 -9999.0 -9999.0 -9999.0 -9999.0 -9999.0 -9999.0 -9999.0 -9999.0 -9999.0 -9999.0 -9999.0 -9999.0 -9999.0 -9999.0 -9999.0 -9999.0 -9999.0 -9999.0 -9999.0 -9999.0 -9999.0 -9999.0 -9999.0 -9999.0 -9999.0 -9999.0 -9999.0 -9999.0 -9999.0 -9999.0 -9999.0 -9999.0 -9999.0 -9999.0 -9999.0 -9999.0 -9999.0 -9999.0 -9999.0 -9999.0 -9999.0 -9999.0 -9999.0
-9999.0 -9999.0 -9999.0 -9999.0 -9999.0 -9999.0 -9999.0 -9999.0 -9999.0 -9999.0 -9999.0 -9999.0 -9999.0 -9999.0 -9999.0 -9999.0 -9999.0 -9999.0 -9999.0 -9999.0 -9999.0 -9999.0 -9999.0 -9999.0 -9999.0 -9999.0 -9999.0 -9999.0 -9999.0 -9999.0 -9999.0 -9999.0 -9999.0 -9999.0 -9999.0 -9999.0 -9999.0 -9999.0 -9999.0 -9999.0 -9999.0 -9999.0 -9999.0 -9999.0 -9999.0 -9999.0 -9999.0 -9999.0 -9999.0 -9999.0 -9999.0 -9999.0 -9999.0 -9999.0 -9999.0
-9999.0 -9999.0 -9999.0 -9999.0 -9999.0 -9999.0 -9999.0 -9999.0 -9999.0 -9999.0 -9999.0 -9999.0 -9999.0 -9999.0 -9999.0 -9999.0 -9999.0 -9999.0 -9999.0 -9999.0 -9999.0 -9999.0 -9999.0 -9999.0 -9999.0 -9999.0 -9999.0 -9999.0 -9999.0 -9999.0 -9999.0 -9999.0 -9999.0 -9999.0 -9999.0 -9999.0 -9999.0 -9999.0 -9999.0 -9999.0 -9999.0 -9999.0 -9999.0 -9999.0 -9999.0 -9999.0 -9999.0 4072.143917 4055.002216 4042.320058 4036.715379 4057.135462 4079.979610 4103.687322 4124.083620
-9999.0 -9999.0 -9999.0 -9999.0 -9999.0 -9999.0 -9999.0 -9999.0 -9999.0 -9999.0 -9999.0 -9999.0 -9999.0 -9999.0 -9999.0 -9999.0 -9999.0 -9999.0 -9999.0 -9999.0 -9999.0 -9999.0 -9999.0 -9999.0 -9999.0 -9999.0 -9999.0 -9999.0 -9999.0 -9999.0 -9999.0 -9999.0 -9999.0 -9999.0 -9999.0 -9999.0 -9999.0 -9999.0 -9999.0 -9999.0 4123.990343 4129.842391 4128.999958 4119.243965 4107.740561 4093.383456 4072.437100 4055.383930 4042.845887 4041.032122 4043.247503 4044.904620 4064.719026 4090.241973 4110.104589
-9999.0 -9999.0 -9999.0 -9999.0 -9999.0 -9999.0 -9999.0 -9999.0 -9999.0 -9999.0 -9999.0 -9999.0 -9999.0 -9999.0 -9999.0 -9999.0 -9999.0 -9999.0 -9999.0 -9999.0 -9999.0 -9999.0 -9999.0 -9999.0 -9999.0 -9999.0 -9999.0 -9999.0 -9999.0 -9999.0 -9999.0 -9999.0 -9999.0 -9999.0 4031.842907 4048.480400 4066.203931 4084.684034 4101.622265 4108.689479 4114.431612 4119.518428 4114.524438 4109.994278 4097.951798 4076.017877 4056.600382 4044.040256 4043.333836 4040.747629 4043.812395 4054.630714 4070.957444 4085.306556 4105.468754
-9999.0 -9999.0 -9999.0 -9999.0 -9999.0 -9999.0 -9999.0 -9999.0 -9999.0 -9999.0 -9999.0 -9999.0 -9999.0 -9999.0 -9999.0 -9999.0 -9999.0 -9999.0 -9999.0 -9999.0 -9999.0 -9999.0 -9999.0 -9999.0 -9999.0 -9999.0 -9999.0 -9999.0 4038.510672 4032.433576 4027.530782 4025.723206 4024.009243 4022.922622 4029.339869 4039.915619 4056.380149 4078.414316 4091.636448 4098.741447 4105.540134 4105.526657 4099.057873 4097.164454 4097.414908 4084.140799 4071.326958 4059.313973 4047.504942 4043.494401 4051.835332 4065.827963 4081.750409 4095.926879 4110.824734
-9999.0 -9999.0 -9999.0 -9999.0 -9999.0 -9999.0 -9999.0 -9999.0 -9999.0 -9999.0 -9999.0 -9999.0 -9999.0 -9999.0 -9999.0 -9999.0 -9999.0 -9999.0 -9999.0 -9999.0 -9999.0 -9999.0 -9999.0 4008.927554 4013.398736 4019.738452 4027.283118 4028.060309 4024.853017 4019.347176 4016.554923 4014.890798 4012.117385 4016.378638 4022.664825 4035.035021 4049.724612 4071.824864 4079.591740 4082.850959 4093.515764 4097.201134 4105.399948 4108.826434 4106.446977 4101.503589 4085.315148 4072.498485 4073.192619 4076.099396 4082.542042 4090.589156 4103.701142 4116.429847 4130.583370
-9999.0 -9999.0 -9999.0 -9999.0 -9999.0 -9999.0 -9999.0 -9999.0 -9999.0 -9999.0 -9999.0 -9999.0 -9999.0 -9999.0 -9999.0 -9999.0 -9999.0 -9999.0 -9999.0 3984.747129 3985.763702 3987.259501 3992.031847 3992.101185 3993.523117 3999.947191 4007.608285 4010.401193 4007.685840 4006.522044 4007.368436 4009.453592 4013.548958 4023.142697 4035.763074 4048.935090 4060.664750 4080.540912 4094.080497 4105.195857 4119.459524 4119.697063 4115.651709 4113.450691 4112.554004 4109.668708 4105.451508 4102.618154 4108.178697 4106.863959 4108.784155 4117.278932 4128.879898 4144.198393 4160.352984
-9999.0 -9999.0 -9999.0 -9999.0 -9999.0 -9999.0 -9999.0 -9999.0 -9999.0 -9999.0 -9999.0 -9999.0 -9999.0 -9999.0 -9999.0 -9999.0 3955.662358 3957.286756 3959.573115 3964.983826 3968.809941 3972.510897 3979.234758 3980.536906 3983.398508 3989.943721 3993.667217 4002.533995 4010.380237 4016.622724 4021.578007 4022.975361 4028.122105 4036.067158 4046.159837 4058.351816 4076.731403 4099.322460 4113.721669 4129.303288 4145.572403 4145.190656 4142.365468 4141.450510 4138.478212 4137.331012 4149.811620 4151.354580 4143.189528 4149.839873 4160.129370 4161.506288 4167.557728 4186.938465 4208.092644
-9999.0 -9999.0 -9999.0 -9999.0 -9999.0 -9999.0 -9999.0 -9999.0 -9999.0 -9999.0 -9999.0 -9999.0 -9999.0 3905.242289 3908.975132 3919.233600 3931.344114 3934.348118 3939.280319 3945.924637 3957.645348 3960.831106 3966.188018 3972.604239 3984.834641 3992.643936 4000.349674 4010.997697 4017.731002 4023.373133 4028.270137 4028.930817 4038.466449 4050.677685 4063.197887 4080.585744 4101.183986 4117.676872 4133.891628 4149.355046 4159.279568 4154.169903 4152.542505 4153.728207 4156.566506 4167.294479 4182.234008 4179.083369 4185.185351 4204.131650 4212.649532 4217.952745 4222.730431 4236.338147 4257.687315
-9999.0 -9999.0 -9999.0 -9999.0 -9999.0 -9999.0 -9999.0 -9999.0 -9999.0 -9999.0 3880.868182 3881.829602 3877.679522 3873.731503 3879.441424 3891.525029 3906.023513 3910.760098 3922.471990 3943.509507 3961.973063 3964.166259 3976.346874 3985.683051 3991.300849 3999.544481 4010.806662 4021.011883 4034.232695 4043.885609 4050.006909 4063.538382 4077.321543 4091.595220 4106.936426 4125.810035 4139.338239 4160.208846 4183.221947 4189.492273 4203.735593 4203.159268 4197.955012 4194.815244 4203.438436 4212.242694 4224.173178 4236.624544 4253.362835 4273.534915 4281.057265 4293.033059 4301.207446 4310.686413 4325.737860
-9999.0 -9999.0 -9999.0 -9999.0 -9999.0 -9999.0 -9999.0 -9999.0 3856.463762 3864.613244 3869.344475 3865.505065 3860.500741 3853.388594 3867.848099 3882.511549 3897.588525 3915.483414 3930.115835 3947.584283 3960.054599 3973.178181 3992.228907 4001.288185 4009.996085 4023.267889 4034.349988 4046.654827 4065.065586 4069.677340 4077.325078 4094.457588 4107.633757 4122.564774 4139.036756 4153.598644 4170.784433 4198.853078 4225.879238 4239.309068 4263.970487 4278.729858 4271.202267 4267.869725 4267.900902 4289.594589 4314.265678 4342.292866 4358.828739 4380.671918 4408.206340 4427.362449 4436.378210 4447.270623 4460.968251
-9999.0 -9999.0 -9999.0 -9999.0 -9999.0 -9999.0 3827.762081 3851.895734 3866.718094 3857.337489 3841.118817 3834.810732 3827.238770 3859.955324 3881.733257 3898.258549 3913.940047 3930.419398 3945.448553 3951.239338 3978.321725 3996.986251 4006.671042 4017.006275 4029.944997 4042.809057 4057.122919 4076.288531 4091.057109 4109.274214 4121.160547 4134.140233 4155.846912 4171.405322 4186.813704 4198.290706 4224.092416 4257.436423 4290.966388 4313.808491 4337.238702 4368.757533 4366.495245 4367.375530 4367.645974 4392.167217 4426.524289 4456.114148 4487.408959 4517.599518 4546.451045 4556.846991 4565.739233 4575.571115 4588.176916
-9999.0 -9999.0 -9999.0 -9999.0 3796.298862 3816.759682 3834.433932 3863.705335 3884.840270 3879.194082 3882.070873 3878.597764 3872.504421 3877.068664 3884.673695 3900.567928 3918.739324 3937.304910 3949.303044 3972.827562 4019.280334 4027.743158 4041.426750 4068.814969 4077.759536 4090.121499 4104.276110 4122.893291 4138.053815 4162.636245 4193.424629 4219.622585 4239.238592 4257.048054 4275.225676 4290.548577 4325.699054 4362.372664 4397.664331 4428.516355 4454.779234 4481.029513 4486.444348 4490.949970 4500.799527 4518.306520 4541.568143 4569.452364 4603.927058 4636.326107 4659.464819 4667.723633 4672.617990 4682.214615 4689.377408
-9999.0 -9999.0 -9999.0 3740.749439 3779.701916 3819.505527 3844.066105 3873.342964 3904.977116 3902.558244 3910.303607 3907.696284 3903.928466 3907.413748 3907.955600 3923.112808 3940.640698 3960.469080 3980.569992 4012.137447 4038.623260 4051.992169 4077.622302 4089.827113 4099.832646 4111.038081 4128.775615 4147.077704 4181.921597 4209.294336 4253.950193 4303.789515 4334.854360 4353.289183 4376.045463 4403.941085 4429.543358 4469.312009 4503.525180 4535.772372 4566.081888 4588.055943 4601.671235 4606.029542 4616.063957 4621.540023 4633.579286 4654.742091 4677.482001 4708.880079 4738.623351 4768.769982 4784.608926 4796.203532 4813.835943
-9999.0 -9999.0 3691.983336 3731.904335 3761.993935 3807.043340 3859.472915 3894.096031 3932.233251 3948.768004 3950.046432 3957.835511 3965.889727 3964.231727 3970.174906 3980.673126 4003.227734 4012.116398 4032.872579 4043.750487 4076.873453 4107.116144 4095.754128 4130.258781 4159.256654 4193.052935 4215.258157 4241.895324 4280.411853 4312.596952 4356.342833 4406.747363 4440.605580 4468.308818 4484.698479 4505.760779 4526.187422 4553.695240 4591.612832 4617.079776 4651.676706 4677.410188 4696.936003 4696.692172 4699.259688 4715.829339 4745.389205 4777.716591 4807.977945 4838.507753 4818.607326 4845.157489 4857.044355 4863.676323 4874.104135
-9999.0 -9999.0 3660.415420 3707.323729 3739.579135 3794.241144 3882.336138 3914.940663 3953.268492 3997.939702 4009.544850 4029.395149 4017.221866 3999.427479 4014.933644 4026.384094 4049.002897 4056.620272 4049.101846 4100.233370 4151.226027 4168.477952 4163.797398 4243.642629 4298.185754 4324.981996 4343.324740 4364.052673 4383.186098 4421.012589 4458.848256 4514.514505 4556.013536 4586.356124 4601.224276 4622.374373 4642.411951 4657.517274 4677.777425 4726.887551 4764.888440 4797.355494 4830.896610 4852.879863 4861.338176 4867.051343 4837.842780 4860.076456 4875.154407 4881.657432 4884.303807 4880.424713 4879.909039 4880.790011 4881.709743
-9999.0 3565.362958 3617.894890 3667.203471 3729.617578 3788.388615 3859.850514 3932.501912 4001.076002 4054.233671 4077.944129 4065.002895 4053.697567 4073.605861 4090.999761 4104.458784 4110.839229 4122.786802 4101.688820 4156.905431 4190.547169 4233.388472 4330.723394 4390.386479 4459.470802 4454.613235 4441.892981 4445.553593 4460.224284 4508.243130 4591.233244 4650.664486 4720.629977 4772.697374 4791.028070 4799.349513 4818.989094 4840.623954 4778.881500 4828.159252 4850.999499 4870.057893 4881.480410 4884.107266 4885.574371 4885.301173 4881.502630 4874.293026 4865.976652 4860.024444 4855.718595 4851.215190 4853.661752 4857.008030 4856.994138
-9999.0 3525.792437 3582.305035 3649.307687 3715.033358 3754.427603 3829.345050 4002.537100 4067.437231 4105.308625 4105.334730 4066.611278 4118.549022 4176.922371 4198.917200 4244.921435 4227.031628 4211.335116 4168.012099 4191.899538 4228.409660 4299.553781 4480.171209 4571.267010 4631.099413 4639.027423 4638.799248 4668.333504 4715.402670 4766.807045 4817.065531 4777.614438 4834.349356 4862.453012 4868.325762 4869.147820 4875.453461 4873.759013 4872.630758 4868.031931 4862.758531 4862.947926 4867.785153 4867.655236 4864.617328 4861.104030 4855.317805 4847.900628 4842.778755 4838.133707 4835.497146 4832.699334 4830.599562 4829.579437 4824.468212
-9999.0 3481.230770 3557.192225 3613.199078 3652.007322 3734.234240 3865.192411 4011.780799 4109.137528 4142.009092 4104.988342 4129.807514 4234.279038 4344.901827 4398.595908 4419.443794 4394.828170 4338.952227 4312.745021 4357.182384 4430.747282 4560.580580 4715.266784 4822.901942 4839.717237 4843.633818 4788.093029 4817.977670 4845.676945 4848.963935 4850.264540 4859.831780 4865.035435 4868.151669 4866.525810 4863.617570 4858.736514 4850.420704 4845.651191 4841.838002 4837.973247 4836.603687 4838.438948 4840.509642 4837.586719 4833.640754 4829.145189 4823.572842 4817.169340 4810.308880 4805.822275 4801.425026 4799.223256 4793.346449 4789.957898
-9999.0 3348.374251 3447.681109 3482.323586 3540.905120 3734.264241 3863.965735 4000.497758 4172.217208 4186.903284 4223.240537 4370.269168 4495.686618 4579.937802 4606.751808 4639.116179 4663.751132 4678.723128 4717.477032 4574.974617 4664.483780 4776.219668 4828.328982 4850.925469 4863.895218 4864.327227 4853.976563 4832.691930 4821.847282 4815.078731 4816.695293 4824.043341 4828.524926 4833.153856 4830.797806 4832.052344 4833.521222 4830.387219 4826.259682 4817.324646 4809.359273 4802.330690 4798.585647 4803.119690 4798.501805 4796.341292 4789.983616 4781.285232 4772.104024 4764.681626 4756.479913 4749.813976 4747.613860 4742.608259 4741.351168
-9999.0 3267.170515 3337.739648 3385.366266 3484.675660 3647.469779 3729.478687 3883.511654 4136.166069 4280.076920 4458.619711 4557.595724 4629.176172 4667.181995 4715.707832 4771.367891 4800.632919 4814.270929 4778.133187 4805.229381 4759.899252 4748.415030 4766.874438 4797.676615 4816.553275 4820.927299 4813.332017 4804.628111 4797.323742 4796.201035 4793.765514 4788.890593 4784.010357 4779.973183 4776.834817 4780.161517 4785.757733 4778.276889 4767.376825 4757.434167 4748.488303 4738.903554 4732.751272 4727.636131 4728.439393 4728.789330 4720.961240 4710.246373 4699.102529 4690.590477 4683.352774 4679.013573 4676.106179 4670.911297 4660.444383
-9999.0 3138.239640 3275.082110 3343.685500 3426.155110 3550.542451 3644.712888 3790.970245 3913.751937 4167.893542 4304.976874 4528.005158 4582.524322 4658.136234 4703.740823 4781.053058 4775.094294 4744.027953 4698.307857 4682.620332 4696.595017 4706.363101 4713.988403 4727.696851 4746.027454 4756.698072 4762.839141 4757.363937 4742.992893 4729.591158 4717.139123 4702.246630 4692.111160 4689.218575 4694.305489 4705.246239 4705.232486 4695.794205 4681.189142 4662.125533 4645.888834 4633.589820 4631.795323 4634.962377 4636.317401 4631.959258 4626.288351 4615.213918 4602.331976 4589.428074 4584.034427 4579.791048 4571.932209 4559.979203 4547.485446
-9999.0 -9999.0 3184.398005 3290.961718 3376.932972 3481.228492 3558.203706 3664.718227 3800.216918 3968.120323 4085.252537 4283.916445 4388.513983 4433.937663 4464.686546 4522.706143 4551.642372 4588.193903 4587.048044 4602.216124 4614.195739 4620.298729 4625.103204 4629.801753 4640.056771 4650.264883 4661.599443 4658.731715 4650.049011 4628.445203 4600.984694 4579.524064 4568.454465 4558.425433 4571.462969 4584.423800 4578.059760 4570.986224 4557.987953 4541.440592 4528.855677 4514.293044 4510.839687 4510.557851 4511.230766 4508.981369 4506.910263 4494.340974 4482.004997 4472.462094 4468.659544 4462.941989 4459.665051 4449.844578 4439.174643
-9999.0 -9999.0 3093.825583 3194.883824 3290.398099 3403.075302 3478.372085 3466.928334 3595.422664 3693.443635 3802.540978 3919.215726 4022.266858 4094.232306 4124.953874 4189.196317 4251.801061 4272.262695 4320.253092 4383.203370 4421.324324 4465.521822 4490.976096 4500.169068 4512.832194 4528.107648 4535.486260 4519.225914 4507.839946 4490.492530 4466.197798 4438.199663 4424.072464 4424.531373 4422.528608 4422.906363 4414.592129 4405.697820 4391.016455 4377.435538 4365.324411 4357.031660 4353.501535 4347.135722 4344.440013 4341.640259 4340.239400 4335.807261 4328.230895 4324.364910 4315.940151 4312.659926 4312.299026 4310.065571 4305.027711
