tests/Borden05m/data_simulated/sim_1/output-maps/psiliqL0008N0017.asc
ncols         160
nrows         34
xllcorner     620200.000000
yllcorner     5168000.000000
cellsize      0.500000
NODATA_value  -9999.0
[rows 0 to 24 of 34, columns 0 to 56 of 160]
-9999.0 -9999.0 -9999.0 -9999.0 -9999.0 -9999.0 -9999.0 -9999.0 -9999.0 -9999.0 -9999.0 -9999.0 -9999.0 -9999.0 -9999.0 -9999.0 -9999.0 -9999.0 -9999.0 -9999.0 -9999.0 -9999.0 -9999.0 -9999.0 -9999.0 -9999.0 -9999.0 -9999.0 -9999.0 -9999.0 -9999.0 -9999.0 -9999.0 -9999.0 -9999.0 -9999.0 -9999.0 -9999.0 -9999.0 -9999.0 -9999.0 -9999.0 -9999.0 -9999.0 -9999.0 -9999.0 -9999.0 -9999.0 -9999.0 -9999.0 -9999.0 -9999.0 -9999.0 -9999.0 -9999.0 -9999.0 -9999.0
-9999.0 -9999.0 -9999.0 -9999.0 -9999.0 -9999.0 -9999.0 -9999.0 -9999.0 -9999.0 -9999.0 -9999.0 -9999.0 -9999.0 -9999.0 -9999.0 -9999.0 -9999.0 -9999.0 -9999.0 -9999.0 -9999.0 -9999.0 -9999.0 -9999.0 -9999.0 -9999.0 -9999.0 -9999.0 -9999.0 -9999.0 -9999.0 -9999.0 -9999.0 -9999.0 -9999.0 -9999.0 -9999.0 -9999.0 -9999.0 -9999.0 -9999.0 -9999.0 -9999.0 -9999.0 -9999.0 -9999.0 -9999.0 -9999.0 -9999.0 -9999.0 -9999.0 -9999.0 -9999.0 -9999.0 -9999.0 -9999.0
-9999.0 -9999.0 -9999.0 -9999.0 -9999.0 -9999.0 -9999.0 -9999.0 -9999.0 -9999.0 -9999.0 -9999.0 -9999.0 -9999.0 -9999.0 -9999.0 -9999.0 -9999.0 -9999.0 -9999.0 -9999.0 -9999.0 -9999.0 -9999.0 -9999.0 -9999.0 -9999.0 -9999.0 -9999.0 -9999.0 -9999.0 -9999.0 -9999.0 -9999.0 -9999.0 -9999.0 -9999.0 -9999.0 -9999.0 -9999.0 -9999.0 -9999.0 -9999.0 -9999.0 -9999.0 -9999.0 -9999.0 -317.032561 -334.610273 -351.528444 -353.197237 -330.367882 -307.141806 -283.655336 -263.340042 -244.808575 -225.886045
-9999.0 -9999.0 -9999.0 -9999.0 -9999.0 -9999.0 -9999.0 -9999.0 -9999.0 -9999.0 -9999.0 -9999.0 -9999.0 -9999.0 -9999.0 -9999.0 -9999.0 -9999.0 -9999.0 -9999.0 -9999.0 -9999.0 -9999.0 -9999.0 -9999.0 -9999.0 -9999.0 -9999.0 -9999.0 -9999.0 -9999.0 -9999.0 -9999.0 -9999.0 -9999.0 -9999.0 -9999.0 -9999.0 -9999.0 -9999.0 -269.454405 -263.655914 -262.072118 -273.078797 -284.518436 -296.384758 -316.344303 -334.340225 -350.125351 -353.162543 -350.691551 -344.942570 -321.900098 -297.859633 -278.595630 -261.305406 -242.286447
-9999.0 -9999.0 -9999.0 -9999.0 -9999.0 -9999.0 -9999.0 -9999.0 -9999.0 -9999.0 -9999.0 -9999.0 -9999.0 -9999.0 -9999.0 -9999.0 -9999.0 -9999.0 -9999.0 -9999.0 -9999.0 -9999.0 -9999.0 -9999.0 -9999.0 -9999.0 -9999.0 -9999.0 -9999.0 -9999.0 -9999.0 -9999.0 -9999.0 -9999.0 -361.098314 -343.532852 -325.547836 -307.432109 -291.044621 -284.610019 -278.811272 -273.077832 -277.204441 -282.202584 -293.673515 -312.305043 -332.186730 -346.683528 -349.568364 -352.361957 -348.071266 -334.994911 -318.492203 -302.183009 -281.422266 -258.532210 -249.491327
-9999.0 -9999.0 -9999.0 -9999.0 -9999.0 -9999.0 -9999.0 -9999.0 -9999.0 -9999.0 -9999.0 -9999.0 -9999.0 -9999.0 -9999.0 -9999.0 -9999.0 -9999.0 -9999.0 -9999.0 -9999.0 -9999.0 -9999.0 -9999.0 -9999.0 -9999.0 -9999.0 -9999.0 -356.110030 -362.164841 -367.548930 -369.273117 -370.791945 -372.208927 -365.346910 -353.035023 -334.786952 -313.521093 -300.976311 -294.044820 -287.725594 -287.082495 -292.039567 -294.457260 -294.507350 -306.336827 -318.126590 -329.184661 -339.810374 -341.092430 -331.658623 -318.028119 -302.253933 -287.700976 -272.583953 -259.424133 -244.036803
-9999.0 -9999.0 -9999.0 -9999.0 -9999.0 -9999.0 -9999.0 -9999.0 -9999.0 -9999.0 -9999.0 -9999.0 -9999.0 -9999.0 -9999.0 -9999.0 -9999.0 -9999.0 -9999.0 -9999.0 -9999.0 -9999.0 -9999.0 -385.029743 -378.984124 -372.638516 -365.479298 -364.797474 -369.325982 -375.252010 -378.714288 -380.553163 -382.340968 -378.174144 -369.858127 -356.253051 -340.461649 -319.087650 -310.696962 -304.169029 -291.883171 -289.953972 -285.571230 -281.839285 -283.919470 -286.736556 -298.726461 -307.569974 -301.802944 -295.663742 -289.450684 -282.195263 -269.371105 -253.718696 -235.778655 -214.759280 -192.561255
-9999.0 -9999.0 -9999.0 -9999.0 -9999.0 -9999.0 -9999.0 -9999.0 -9999.0 -9999.0 -9999.0 -9999.0 -9999.0 -9999.0 -9999.0 -9999.0 -9999.0 -9999.0 -9999.0 -409.648105 -408.962439 -408.164285 -403.781868 -402.917425 -400.817215 -393.966811 -386.009323 -384.184049 -385.965419 -387.916524 -386.625171 -384.211429 -380.283383 -368.914904 -355.199203 -341.199126 -327.153428 -306.483180 -291.901618 -278.065241 -262.064939 -263.764064 -268.542843 -271.022047 -270.818869 -270.273470 -263.990830 -260.097536 -254.333989 -248.178535 -240.938623 -231.984827 -221.116879 -202.172525 -180.987251 -159.242590 -138.131938
-9999.0 -9999.0 -9999.0 -9999.0 -9999.0 -9999.0 -9999.0 -9999.0 -9999.0 -9999.0 -9999.0 -9999.0 -9999.0 -9999.0 -9999.0 -9999.0 -437.718993 -436.009419 -434.123140 -428.970468 -426.751942 -423.032971 -416.409478 -415.612939 -411.959659 -405.081291 -400.283769 -392.021106 -384.441989 -377.318736 -371.612248 -369.139650 -361.538536 -351.994461 -340.190783 -324.561811 -302.682582 -280.128750 -263.893471 -247.287451 -230.561715 -230.395358 -231.769455 -230.814990 -229.929833 -221.494310 -202.634487 -195.675841 -191.199536 -171.041004 -155.623644 -149.252867 -141.023976 -121.567534 -95.427512 -65.231301 -28.583443
-9999.0 -9999.0 -9999.0 -9999.0 -9999.0 -9999.0 -9999.0 -9999.0 -9999.0 -9999.0 -9999.0 -9999.0 -9999.0 -481.645546 -477.619455 -468.694212 -460.873099 -458.929141 -455.330906 -449.951752 -438.047983 -434.816656 -428.843923 -421.443376 -410.340491 -402.080824 -393.041850 -381.449309 -373.135547 -366.091049 -359.090532 -352.454188 -338.702897 -323.270417 -307.258359 -286.897299 -265.205755 -243.803527 -222.245722 -206.760048 -191.945625 -187.828485 -189.502863 -187.611107 -178.666967 -158.937229 -137.808438 -122.713252 -97.917491 -70.919884 -53.522614 -37.838921 -26.414769 -11.205573 13.459566 55.423347 97.708730
-9999.0 -9999.0 -9999.0 -9999.0 -9999.0 -9999.0 -9999.0 -9999.0 -9999.0 -9999.0 -516.843945 -514.323807 -517.941884 -517.210735 -512.865593 -501.293926 -488.469254 -481.794329 -470.929518 -450.731230 -433.955082 -430.728912 -416.067185 -406.371834 -400.042218 -389.483811 -376.464100 -363.501445 -346.159088 -333.475064 -320.651555 -299.698350 -283.088553 -266.557605 -248.673026 -228.552992 -206.596512 -174.948644 -145.743705 -129.433210 -102.726258 -86.197524 -88.315247 -87.213189 -77.641963 -56.456643 -27.628257 5.071884 33.818604 65.949657 90.659935 107.935120 120.900573 135.604126 153.187902 186.346588 225.658643
-9999.0 -9999.0 -9999.0 -9999.0 -9999.0 -9999.0 -9999.0 -9999.0 -540.595709 -533.967108 -527.791086 -531.018842 -535.991961 -539.355223 -526.686606 -511.163349 -495.542233 -478.930430 -463.297134 -445.777540 -430.313281 -413.824773 -394.724204 -383.000846 -371.214331 -356.130587 -342.461423 -324.392324 -302.908696 -287.713708 -267.969896 -245.398582 -225.019663 -206.083159 -186.553168 -166.545437 -135.003833 -96.682990 -59.239862 -28.880318 4.589414 34.479914 37.574357 43.042703 50.635576 81.465094 116.545609 151.195685 181.605669 211.629077 241.678278 258.923828 269.994974 283.110058 298.930201 315.150699 339.642172
-9999.0 -9999.0 -9999.0 -9999.0 -9999.0 -9999.0 -565.927399 -541.991014 -527.470402 -535.433503 -543.529545 -546.988740 -550.586949 -532.071056 -511.100786 -494.629911 -478.312896 -461.348471 -445.358787 -430.554204 -395.205870 -379.032801 -363.969190 -343.940581 -329.933961 -315.867969 -298.319528 -274.247107 -250.196904 -215.916706 -183.663994 -153.914252 -124.371507 -101.438413 -79.428234 -55.680617 -17.661201 27.367827 71.262586 107.026775 138.682847 170.462437 181.616654 188.946920 198.340245 217.672435 248.002683 278.427681 312.676259 344.929823 369.950395 381.609697 391.839148 403.191357 416.798919 430.485859 445.377804
-9999.0 -9999.0 -9999.0 -9999.0 -599.042285 -578.251554 -557.784173 -527.108274 -504.711744 -510.369795 -503.175580 -502.740909 -504.126911 -502.005631 -496.667206 -479.071928 -461.745428 -444.251178 -425.482813 -387.185539 -345.510822 -328.413945 -300.907428 -268.103516 -253.453495 -237.989069 -221.746820 -197.189523 -164.964823 -125.652545 -72.400225 -25.218794 7.969816 37.015508 62.921702 91.074121 127.872903 168.297726 206.510645 241.752265 272.474272 297.381773 312.380896 321.208778 332.905188 347.674268 367.317195 393.614277 423.304425 455.701194 481.300864 496.330383 504.540918 514.852056 526.435389 540.747595 556.157253
-9999.0 -9999.0 -9999.0 -645.461578 -607.166542 -570.630802 -543.227464 -512.446440 -481.124127 -474.698078 -466.628104 -460.068328 -453.278268 -444.352500 -434.185729 -418.051775 -404.331311 -392.057349 -371.087519 -333.936674 -296.746661 -260.859771 -226.296857 -192.979118 -167.432687 -149.514597 -130.450254 -102.607364 -57.311371 -9.748509 50.485255 111.425428 153.691215 181.366209 203.124223 229.660093 254.200216 288.473582 322.226805 353.782813 384.267640 408.983802 429.683850 439.426172 448.145771 456.837835 474.393579 495.700052 517.912478 548.011846 576.144116 597.686877 609.824703 618.254847 632.909786 647.772176 659.961051
-9999.0 -9999.0 -691.619582 -654.946844 -619.572396 -567.748136 -515.425530 -482.241447 -441.511362 -416.113745 -408.779220 -389.689963 -372.278857 -363.351420 -345.897316 -328.183470 -315.128775 -311.826614 -298.996021 -261.528354 -204.588784 -150.313778 -111.193399 -48.685225 -10.290353 16.466670 33.503744 62.728947 100.110271 148.464673 200.542735 251.071206 291.105860 322.449427 337.620907 355.079788 378.004064 400.622868 431.595085 459.929867 488.250963 513.398520 536.603674 548.924036 554.390538 567.639339 590.002424 612.454478 633.960573 654.654671 667.844726 672.698640 674.943847 676.546268 678.675897 680.287180 681.181564
-9999.0 -9999.0 -716.289183 -672.541613 -629.379989 -558.646743 -483.609727 -445.829906 -402.521672 -358.056949 -338.469003 -314.191458 -293.661520 -273.851705 -248.845656 -223.725162 -218.660963 -215.124594 -214.302861 -156.162953 -90.114685 -16.165037 62.261531 127.219088 168.635579 179.934894 188.628040 208.046195 234.356433 279.471548 331.549183 384.076455 427.889287 457.497759 472.585201 488.346170 508.582048 529.273691 547.193179 580.327666 601.369488 622.843684 646.167421 665.626584 672.992815 674.309587 671.412608 675.155256 677.687107 678.775333 678.921938 675.673452 674.703121 675.758849 677.008948 672.133286 665.203443
-9999.0 -802.166290 -750.461745 -696.081481 -625.103525 -555.142804 -468.169876 -386.608491 -336.624615 -294.007199 -264.313921 -241.963292 -184.036011 -130.609019 -100.501590 -68.475315 -69.378662 -70.046078 -76.059141 -26.861988 38.094586 133.016056 247.453156 300.309324 330.684220 332.489568 328.355139 342.284847 368.638732 411.084190 475.549006 523.363053 569.910183 603.421186 615.465492 620.168726 635.653489 654.165981 661.556410 671.362862 675.580128 679.187692 677.869107 679.196206 679.725348 679.487908 676.174839 669.731638 661.257497 654.055814 648.851519 643.405193 644.403735 648.632758 649.982300 642.675087 633.206433
-9999.0 -835.885797 -775.468505 -702.632259 -630.173556 -551.076006 -436.634756 -308.487548 -261.311914 -225.142912 -191.467161 -138.569278 -43.732232 30.908747 71.645171 113.708071 111.725075 101.858309 101.342994 139.647479 197.754788 274.734105 395.829179 470.297137 476.649301 482.196150 487.721730 510.149819 542.178172 576.060019 611.312190 635.570576 651.975771 659.670192 662.653560 664.086287 666.207617 667.324698 665.271796 662.275059 658.101250 658.644451 662.705395 662.518399 659.133972 654.630764 647.866084 638.911281 630.720276 621.594094 615.900770 611.161202 608.593497 609.070367 604.987506 598.646727 588.253953
-9999.0 -859.074758 -790.285127 -724.161241 -648.720996 -521.377930 -398.968433 -269.691933 -178.307644 -135.378438 -78.573046 18.817797 119.253393 203.973920 249.356170 272.556638 282.847552 276.556480 293.838656 342.103799 410.038661 490.637891 552.078874 606.922145 606.253165 598.872704 587.360507 591.607767 599.339503 607.904258 620.527058 633.448980 646.111959 652.392925 652.567293 649.443453 644.810138 637.421293 632.734223 629.673346 625.886262 625.814917 629.126043 629.327079 624.778628 616.808683 609.430545 601.519803 592.981198 583.238238 577.087699 571.729346 568.653768 563.898071 558.923078 552.488621 538.927529
-9999.0 -943.931582 -860.841360 -797.714388 -659.442928 -494.916816 -370.715378 -214.258422 -72.689674 -13.035982 87.363401 193.380156 282.348231 342.521729 381.364052 421.071601 448.318336 474.526455 509.692269 519.481883 573.772838 613.784606 626.974013 629.486110 616.243511 604.495442 590.598076 570.789892 563.093159 562.282249 572.758505 590.276403 605.432754 615.668747 614.121147 611.237587 608.867472 604.599851 600.878374 592.953141 585.304281 580.043212 578.991805 583.677576 576.932916 570.571870 562.555321 553.144335 543.087230 533.590122 524.714793 517.067083 513.475232 507.470694 505.628951 497.974767 471.990878
-9999.0 -1024.572571 -945.391163 -838.531698 -684.403466 -520.647728 -370.556308 -194.465951 8.356448 123.370032 223.834542 278.141225 342.626672 403.691549 463.114410 498.729880 517.934459 526.274404 530.536515 541.563822 527.882127 534.527276 553.890098 574.076010 573.970460 567.546465 553.349953 540.673744 535.236119 538.080564 542.906385 549.310703 554.902412 556.811163 554.258429 553.974336 556.673789 550.554973 542.872878 535.500293 528.765419 521.053338 515.738883 512.449618 509.464210 507.468704 498.921622 487.799320 476.651427 467.759427 459.250107 452.709426 450.005154 445.111392 438.382812 427.403044 400.907389
-9999.0 -1109.546240 -995.637124 -891.080327 -752.961583 -611.741761 -471.854154 -298.840237 -128.459208 92.411682 259.782702 310.452206 338.926980 381.832765 438.728860 493.787345 499.548930 472.310635 449.157167 440.765999 450.027388 466.019278 482.810942 501.493326 511.797054 514.677958 511.443727 502.137423 489.913047 484.540754 483.351149 479.310020 476.816422 478.268327 477.801983 482.702260 484.962109 475.766529 463.651376 449.187843 436.446390 426.839652 423.550789 423.863639 422.790158 418.898764 411.270815 400.852578 388.456465 377.128302 368.890657 362.990559 356.635183 347.886352 338.056137 326.922135 302.111974
-9999.0 -9999.0 -1064.145396 -951.587618 -834.437864 -704.631778 -573.345927 -413.668024 -252.627539 -51.451962 75.282954 174.086906 228.607759 268.941288 319.290385 365.552126 376.420676 387.375265 366.737367 369.962743 377.992808 386.762049 398.677104 410.840024 421.457943 427.719025 431.644784 429.183994 420.758420 407.174601 391.963314 380.965318 374.767929 370.054085 377.848529 387.922043 385.877000 379.340228 368.157303 353.424952 340.887740 328.076737 324.343279 324.690301 324.248035 320.916854 315.557626 303.030504 290.277125 277.758692 271.595915 265.341199 259.272190 248.464091 237.034301 223.847473 200.384583
-9999.0 -9999.0 -1145.631374 -1033.821262 -911.518958 -784.542488 -674.591354 -562.436159 -399.604017 -272.601187 -164.988660 -69.293744 9.702054 69.332022 113.970374 167.302790 195.308133 207.684951 216.447524 234.372596 256.568565 278.374054 293.403004 305.911027 317.997092 328.217971 335.885431 325.881519 315.926297 301.120273 282.735647 262.872850 252.498644 247.726422 251.404421 257.844733 252.946757 243.230687 229.298464 213.165193 199.970776 187.614688 183.214797 180.718400 179.606080 176.516542 172.641918 162.690280 149.978200 140.486027 131.789504 124.448162 120.024097 111.216707 99.824022 90.533155 68.668723
