tests/Borden05m/data_simulated/sim_1/output-maps/psiliqL0019N0014.asc
ncols         160
nrows         34
xllcorner     620200.000000
yllcorner     5168000.000000
cellsize      0.500000
NODATA_value  -9999.0
[rows 0 to 24 of 34, columns 0 to 54 of 160]
-9999.0 -9999.0 -9999.0 -9999.0 -9999.0 -9999.0 -9999.0 -9999.0 -9999.0 -9999.0 -9999.0 -9999.0 -9999.0 -9999.0 -9999.0 -9999.0 -9999.0 -9999.0 -9999.0 -9999.0 -9999.0 -9999.0 -9999.0 -9999.0 -9999.0 -9999.0 -9999.0 -9999.0 -9999.0 -9999.0 -9999.0 -9999.0 -9999.0 -9999.0 -9999.0 -9999.0 -9999.0 -9999.0 -9999.0 -9999.0 -9999.0 -9999.0 -9999.0 -9999.0 -9999.0 -9999.0 -9999.0 -9999.0 -9999.0 -9999.0 -9999.0 -9999.0 -9999.0 -9999.0 -9999.0
-9999.0 -9999.0 -9999.0 -9999.0 -9999.0 -9999.0 -9999.0 -9999.0 -9999.0 -9999.0 -9999.0 -9999.0 -9999.0 -9999.0 -9999.0 -9999.0 -9999.0 -9999.0 -9999.0 -9999.0 -9999.0 -9999.0 -9999.0 -9999.0 -9999.0 -9999.0 -9999.0 -9999.0 -9999.0 -9999.0 -9999.0 -9999.0 -9999.0 -9999.0 -9999.0 -9999.0 -9999.0 -9999.0 -9999.0 -9999.0 -9999.0 -9999.0 -9999.0 -9999.0 -9999.0 -9999.0 -9999.0 -9999.0 -9999.0 -9999.0 -9999.0 -9999.0 -9999.0 -9999.0 -9999.0
-9999.0 -9999.0 -9999.0 -9999.0 -9999.0 -9999.0 -9999.0 -9999.0 -9999.0 -9999.0 -9999.0 -9999.0 -9999.0 -9999.0 -9999.0 -9999.0 -9999.0 -9999.0 -9999.0 -9999.0 -9999.0 -9999.0 -9999.0 -9999.0 -9999.0 -9999.0 -9999.0 -9999.0 -9999.0 -9999.0 -9999.0 -9999.0 -9999.0 -9999.0 -9999.0 -9999.0 -9999.0 -9999.0 -9999.0 -9999.0 -9999.0 -9999.0 -9999.0 -9999.0 -9999.0 -9999.0 -9999.0 1903.046229 1886.017957 1871.740869 1868.701214 1890.933515 1914.608174 1938.856219 1959.845764
-9999.0 -9999.0 -9999.0 -9999.0 -9999.0 -9999.0 -9999.0 -9999.0 -9999.0 -9999.0 -9999.0 -9999.0 -9999.0 -9999.0 -9999.0 -9999.0 -9999.0 -9999.0 -9999.0 -9999.0 -9999.0 -9999.0 -9999.0 -9999.0 -9999.0 -9999.0 -9999.0 -9999.0 -9999.0 -9999.0 -9999.0 -9999.0 -9999.0 -9999.0 -9999.0 -9999.0 -9999.0 -9999.0 -9999.0 -9999.0 1950.746448 1956.842154 1957.656965 1947.831621 1936.946079 1924.389411 1904.383713 1887.013034 1873.283510 1871.431543 1874.423900 1878.810988 1900.929141 1926.410772 1946.659492
-9999.0 -9999.0 -9999.0 -9999.0 -9999.0 -9999.0 -9999.0 -9999.0 -9999.0 -9999.0 -9999.0 -9999.0 -9999.0 -9999.0 -9999.0 -9999.0 -9999.0 -9999.0 -9999.0 -9999.0 -9999.0 -9999.0 -9999.0 -9999.0 -9999.0 -9999.0 -9999.0 -9999.0 -9999.0 -9999.0 -9999.0 -9999.0 -9999.0 -9999.0 1857.162085 1874.575434 1892.915860 1911.775667 1928.996970 1936.213069 1942.173040 1947.987638 1943.975438 1939.835799 1928.741603 1909.124356 1890.098944 1877.129059 1875.961028 1873.978363 1878.406171 1891.125767 1908.328211 1924.450508 1945.672963
-9999.0 -9999.0 -9999.0 -9999.0 -9999.0 -9999.0 -9999.0 -9999.0 -9999.0 -9999.0 -9999.0 -9999.0 -9999.0 -9999.0 -9999.0 -9999.0 -9999.0 -9999.0 -9999.0 -9999.0 -9999.0 -9999.0 -9999.0 -9999.0 -9999.0 -9999.0 -9999.0 -9999.0 1860.176698 1854.537779 1850.028763 1848.987236 1848.107868 1847.505668 1854.528423 1866.480304 1884.439442 1906.745852 1920.305125 1927.964098 1935.095107 1936.050924 1931.052459 1929.651882 1930.529429 1918.778031 1907.278828 1896.544836 1886.157986 1884.373306 1894.141722 1908.849619 1925.595927 1940.849084 1956.699113
-9999.0 -9999.0 -9999.0 -9999.0 -9999.0 -9999.0 -9999.0 -9999.0 -9999.0 -9999.0 -9999.0 -9999.0 -9999.0 -9999.0 -9999.0 -9999.0 -9999.0 -9999.0 -9999.0 -9999.0 -9999.0 -9999.0 -9999.0 1828.738089 1834.386098 1841.312350 1849.329052 1850.719071 1847.360896 1842.291768 1839.925994 1839.004772 1837.574157 1842.590588 1850.616991 1864.351362 1880.381564 1902.937329 1911.864384 1917.598853 1929.894363 1933.568686 1940.760200 1945.260665 1943.967342 1941.029437 1927.901274 1918.042200 1922.243994 1927.754490 1935.088081 1943.749892 1957.700563 1972.821613 1989.701904
-9999.0 -9999.0 -9999.0 -9999.0 -9999.0 -9999.0 -9999.0 -9999.0 -9999.0 -9999.0 -9999.0 -9999.0 -9999.0 -9999.0 -9999.0 -9999.0 -9999.0 -9999.0 -9999.0 1802.831268 1804.075412 1805.787150 1810.959364 1811.922368 1814.304796 1821.668370 1830.269361 1833.401539 1831.972387 1831.293323 1833.303669 1836.546068 1841.568846 1853.042088 1867.186667 1881.760279 1895.649739 1916.929327 1932.009650 1945.504847 1961.653140 1962.004889 1958.709167 1957.482574 1958.224102 1958.099705 1960.148041 1961.707148 1968.382241 1971.785224 1977.366154 1987.113901 1999.334923 2017.298244 2036.584021
-9999.0 -9999.0 -9999.0 -9999.0 -9999.0 -9999.0 -9999.0 -9999.0 -9999.0 -9999.0 -9999.0 -9999.0 -9999.0 -9999.0 -9999.0 -9999.0 1773.207828 1775.289061 1777.939169 1783.737503 1787.384896 1791.815474 1799.253916 1801.103328 1805.238409 1812.897142 1818.160001 1827.749642 1836.512684 1844.292037 1850.773782 1853.907436 1861.492986 1871.457812 1883.627848 1898.750540 1920.069145 1943.804658 1960.269177 1977.505081 1995.135943 1996.246275 1995.420683 1996.694411 1996.825378 2001.491752 2018.032398 2023.102431 2021.962095 2035.925710 2049.408634 2054.065854 2062.081473 2081.962893 2105.415973
-9999.0 -9999.0 -9999.0 -9999.0 -9999.0 -9999.0 -9999.0 -9999.0 -9999.0 -9999.0 -9999.0 -9999.0 -9999.0 1724.618907 1728.966254 1739.198579 1749.801204 1752.970748 1758.005171 1764.821716 1777.499474 1781.669900 1788.354646 1796.349758 1809.170047 1818.411832 1828.023941 1840.403945 1849.218353 1856.894626 1864.214649 1869.258695 1882.311412 1897.562142 1913.254900 1933.508669 1955.944664 1976.081480 1996.085372 2012.647332 2026.027191 2026.631177 2026.272173 2029.082433 2036.057097 2052.062969 2070.391854 2076.290548 2091.300209 2113.647662 2126.215963 2136.603271 2144.810233 2158.917638 2180.629177
-9999.0 -9999.0 -9999.0 -9999.0 -9999.0 -9999.0 -9999.0 -9999.0 -9999.0 -9999.0 1693.038613 1695.282138 1692.129865 1691.294332 1697.103331 1709.779116 1724.336767 1731.004630 1743.313072 1764.994039 1783.755163 1787.716571 1802.449877 1813.382778 1820.829203 1831.716825 1845.355711 1858.444123 1875.235759 1887.940534 1898.958150 1917.734587 1934.462478 1951.400208 1969.507455 1990.372877 2009.249240 2036.354770 2063.193040 2075.010741 2095.690772 2103.972122 2101.284817 2101.272110 2110.943650 2125.583988 2144.704969 2165.383322 2186.142084 2210.508779 2225.535462 2239.775824 2250.425328 2262.596212 2278.816888
-9999.0 -9999.0 -9999.0 -9999.0 -9999.0 -9999.0 -9999.0 -9999.0 1667.759920 1675.666245 1681.859268 1679.139626 1675.087451 1670.860046 1685.467550 1701.668932 1718.192547 1736.688201 1753.136221 1772.015768 1787.446064 1803.814010 1824.546008 1836.662123 1848.671307 1864.619431 1878.761620 1895.678214 1917.298651 1928.800723 1944.004333 1965.268387 1983.406435 2001.659931 2020.873575 2039.112035 2063.929074 2096.771650 2128.155165 2148.923441 2176.571494 2197.805910 2195.895626 2197.488431 2201.379379 2226.520255 2255.010864 2285.350248 2308.929476 2335.292186 2364.664213 2383.368864 2394.132823 2406.868489 2422.288183
-9999.0 -9999.0 -9999.0 -9999.0 -9999.0 -9999.0 1639.404122 1663.938501 1679.384944 1671.569054 1660.401199 1656.612138 1652.230290 1679.102283 1701.806688 1719.715901 1737.205742 1755.498128 1772.664302 1784.689706 1817.682354 1837.004747 1851.330287 1868.480866 1883.969018 1899.449002 1917.338066 1940.764497 1961.743425 1989.232279 2012.124804 2034.021408 2060.176436 2079.826554 2098.761348 2116.076221 2146.633939 2183.475456 2219.870353 2247.587164 2274.327648 2306.289420 2311.554046 2316.630245 2322.401009 2344.956591 2377.736930 2408.090390 2441.658859 2473.736682 2501.702381 2514.490025 2525.256281 2536.808920 2550.624614
-9999.0 -9999.0 -9999.0 -9999.0 1605.847317 1626.899037 1646.682570 1677.435026 1700.154412 1695.621944 1701.907707 1701.772012 1699.537039 1704.477907 1712.630015 1731.117490 1750.699750 1770.660519 1788.051675 1820.987323 1867.133972 1882.033286 1904.691139 1936.773781 1950.586149 1966.511861 1983.584157 2006.664226 2031.248638 2063.313988 2104.178897 2139.032397 2163.930415 2186.244790 2207.481061 2228.335538 2263.414952 2301.703150 2338.796779 2372.552447 2401.807684 2428.481069 2439.744019 2447.361954 2459.248648 2476.497940 2498.941891 2527.554414 2560.350599 2592.939125 2617.810924 2630.091803 2637.658430 2648.552286 2658.540262
-9999.0 -9999.0 -9999.0 1554.421707 1593.415960 1632.164978 1658.964196 1689.990446 1722.653393 1726.042165 1735.498181 1739.154700 1742.468883 1750.577053 1757.906322 1775.601231 1793.405357 1811.774955 1834.703966 1871.371759 1905.330031 1931.772660 1963.339598 1987.315156 2006.405594 2022.423063 2042.121537 2065.759808 2105.304710 2140.770914 2189.968698 2242.651316 2278.328375 2302.000138 2325.228736 2353.364154 2379.121898 2416.908895 2452.212032 2485.732264 2518.402154 2543.191411 2561.135949 2568.490263 2578.782554 2587.012934 2602.421286 2623.993731 2646.529884 2676.498355 2705.687081 2733.899115 2749.141114 2760.093120 2776.916650
-9999.0 -9999.0 1506.623485 1545.208958 1578.444452 1627.604354 1680.952298 1716.075700 1756.935470 1779.539727 1785.673591 1801.043489 1815.822704 1821.576114 1835.473798 1851.905644 1872.252055 1881.027713 1900.449289 1926.706955 1972.969779 2015.299812 2028.399026 2076.005939 2109.467990 2140.250944 2160.600170 2188.453565 2225.732097 2265.238021 2313.053880 2363.451459 2400.864955 2431.596248 2448.841887 2469.429250 2492.085957 2518.594595 2554.486015 2582.948981 2615.726013 2642.339106 2664.067230 2669.482109 2674.361405 2690.808569 2717.069553 2746.503008 2773.137790 2799.049610 2796.312057 2813.032395 2820.990124 2825.770816 2832.569182
-9999.0 -9999.0 1478.536865 1524.204589 1562.533997 1626.096716 1708.810999 1745.428580 1787.904568 1834.368729 1852.007090 1876.117613 1882.214633 1885.072564 1907.284577 1927.728916 1944.267158 1952.730161 1951.907496 2007.513552 2065.032948 2107.187045 2140.535287 2212.221122 2261.553072 2282.733737 2298.838297 2320.865687 2344.812497 2386.785377 2431.702418 2485.524066 2529.576705 2560.671388 2577.131082 2596.886958 2617.674309 2635.445372 2655.562861 2698.252119 2730.862820 2759.448668 2788.793346 2809.982284 2818.783698 2823.358731 2807.983094 2821.942183 2831.540915 2836.084448 2838.174794 2835.292938 2835.192510 2836.350367 2837.620477
-9999.0 1387.800689 1440.185296 1492.513162 1559.949441 1625.341170 1705.866849 1784.523135 1845.669002 1895.553422 1924.105078 1930.137592 1953.910499 1990.682114 2015.094439 2039.094151 2044.512022 2053.165238 2041.892102 2093.715038 2140.159325 2206.479410 2313.321096 2371.937305 2425.117427 2427.246165 2422.190353 2433.638935 2455.664228 2500.686190 2573.249564 2624.644684 2683.158328 2728.912999 2745.922682 2753.934146 2772.618090 2793.465408 2767.444411 2798.384279 2813.543872 2826.196957 2832.222818 2834.992064 2836.859365 2837.521813 2834.713651 2828.621129 2821.103741 2815.727738 2811.813127 2807.422187 2809.880476 2813.122179 2813.542570
-9999.0 1351.210824 1409.971142 1480.464257 1550.422289 1610.819167 1706.883787 1859.177848 1916.926412 1955.346595 1972.636385 1978.523401 2049.229880 2113.521277 2145.010094 2190.764851 2183.486175 2173.521231 2153.745000 2185.690378 2232.825966 2307.246692 2460.925482 2548.970144 2588.422208 2601.072126 2608.284323 2637.229868 2677.903203 2720.985526 2760.064396 2749.815796 2785.932704 2804.867148 2810.671059 2813.251225 2818.710467 2819.454037 2818.908176 2816.232183 2812.692021 2814.028056 2819.206019 2819.794883 2817.541033 2814.748999 2809.346407 2801.877633 2796.326893 2791.459289 2788.440615 2785.160676 2783.047051 2782.351795 2777.347420
-9999.0 1317.415015 1390.121456 1451.845821 1509.940346 1615.917234 1743.976093 1883.260305 1978.123986 2015.308263 2022.353950 2079.366008 2180.863202 2281.026555 2333.783850 2359.063779 2355.013994 2326.564135 2323.837068 2370.221857 2438.975396 2543.306180 2654.283970 2743.410789 2760.907166 2767.671774 2739.973267 2760.344969 2779.202783 2784.248787 2787.798317 2794.964995 2802.059919 2806.736752 2807.028538 2805.637536 2802.185995 2795.282134 2791.338358 2788.761510 2785.972778 2785.896576 2788.747565 2790.498586 2788.023701 2784.153858 2779.429312 2773.327516 2766.383963 2759.096258 2754.384678 2749.650177 2746.848068 2741.042205 2736.248826
-9999.0 1208.647282 1300.216825 1349.838407 1449.286062 1629.413136 1757.589632 1904.440133 2058.185257 2091.059124 2155.526514 2282.773627 2393.262861 2470.376032 2507.578102 2547.606463 2576.886987 2599.986055 2638.121255 2570.620072 2638.467648 2714.619076 2750.683860 2769.458423 2778.104928 2782.395833 2776.796450 2759.758216 2751.752356 2747.361995 2751.066377 2760.099220 2766.774412 2773.260523 2772.209288 2773.824356 2774.928508 2772.019762 2768.407560 2760.386320 2753.076808 2747.258982 2745.047242 2750.062144 2745.183654 2742.090023 2735.617683 2726.738053 2716.081745 2707.825050 2699.338266 2691.949639 2688.571024 2682.354659 2679.962326
-9999.0 1127.806929 1203.085159 1281.099437 1408.908306 1573.391696 1690.492094 1854.647067 2075.496808 2199.645618 2339.058990 2418.667489 2491.670897 2546.178451 2604.423190 2655.140928 2682.942789 2696.454485 2681.800949 2700.444549 2668.427605 2663.702908 2686.012375 2717.167179 2735.257394 2742.268937 2736.769636 2729.089080 2723.908640 2724.541621 2724.375421 2723.083073 2721.426536 2719.526516 2717.058686 2719.841137 2724.904583 2718.405188 2708.049569 2699.289417 2691.468004 2682.817099 2677.076258 2672.987994 2672.187663 2671.766584 2663.826373 2653.079636 2642.427389 2633.738652 2625.609299 2619.694866 2616.199967 2610.208700 2600.370621
-9999.0 1020.919538 1146.771962 1234.109622 1345.559257 1479.728975 1598.030364 1757.658928 1899.673063 2128.881361 2280.547726 2420.126192 2466.095994 2529.746048 2585.060515 2656.429767 2659.962373 2633.315583 2600.139174 2588.703385 2600.334489 2613.185031 2627.503372 2647.859463 2667.949396 2680.042824 2685.298871 2680.137048 2667.766406 2658.317307 2650.735779 2640.134572 2632.728832 2631.448576 2633.811484 2642.208374 2643.759217 2634.749545 2621.870240 2604.883036 2590.145474 2578.967475 2576.251445 2577.895642 2577.995962 2573.815055 2566.991475 2555.982162 2543.135836 2530.666912 2523.369234 2517.672969 2509.745282 2498.234350 2485.134865
-9999.0 -9999.0 1067.454057 1177.630025 1280.287436 1398.826235 1504.467201 1638.469761 1785.299488 1962.986749 2080.441242 2229.971765 2311.844350 2357.760820 2401.996670 2458.493962 2481.953135 2508.786163 2499.870906 2510.422460 2521.539501 2530.247025 2540.828543 2552.491066 2566.761230 2578.517316 2588.791044 2587.752045 2579.916522 2562.355691 2540.636938 2523.895120 2514.800669 2507.180869 2517.636214 2529.358144 2525.298779 2518.507817 2506.241742 2489.626028 2476.592385 2462.521020 2458.624535 2458.423555 2458.306674 2455.203594 2451.023849 2437.847422 2424.782804 2413.276154 2407.811572 2401.261882 2395.931861 2384.925864 2373.288896
-9999.0 -9999.0 981.551370 1088.599835 1198.498453 1319.778112 1414.101542 1466.018056 1612.403279 1723.964026 1829.754309 1933.170582 2021.227916 2086.868603 2126.802325 2188.800849 2236.922560 2255.707184 2286.160001 2327.909986 2359.388001 2393.916310 2416.216853 2429.722896 2444.890605 2460.136062 2469.570858 2457.634819 2447.546052 2431.579106 2410.101745 2386.107561 2373.834201 2371.646636 2372.543220 2376.055649 2369.498443 2360.195883 2345.958671 2331.325111 2318.687410 2308.226937 2304.081557 2299.465741 2297.337645 2294.086695 2291.010466 2283.168910 2272.772775 2266.002245 2257.315885 2251.771332 2249.096905 2243.406214 2235.232034
