tests/Borden05m/data_simulated/sim_1/output-maps/psiliqL0001N0017.asc
ncols         160
nrows         34
xllcorner     620200.000000
yllcorner     5168000.000000
cellsize      0.500000
NODATA_value  -9999.0
[rows 0 to 24 of 34, columns 0 to 55 of 160]
-9999.0 -9999.0 -9999.0 -9999.0 -9999.0 -9999.0 -9999.0 -9999.0 -9999.0 -9999.0 -9999.0 -9999.0 -9999.0 -9999.0 -9999.0 -9999.0 -9999.0 -9999.0 -9999.0 -9999.0 -9999.0 -9999.0 -9999.0 -9999.0 -9999.0 -9999.0 -9999.0 -9999.0 -9999.0 -9999.0 -9999.0 -9999.0 -9999.0 -9999.0 -9999.0 -9999.0 -9999.0 -9999.0 -9999.0 -9999.0 -9999.0 -9999.0 -9999.0 -9999.0 -9999.0 -9999.0 -9999.0 -9999.0 -9999.0 -9999.0 -9999.0 -9999.0 -9999.0 -9999.0 -9999.0 -9999.0
-9999.0 -9999.0 -9999.0 -9999.0 -9999.0 -9999.0 -9999.0 -9999.0 -9999.0 -9999.0 -9999.0 -9999.0 -9999.0 -9999.0 -9999.0 -9999.0 -9999.0 -9999.0 -9999.0 -9999.0 -9999.0 -9999.0 -9999.0 -9999.0 -9999.0 -9999.0 -9999.0 -9999.0 -9999.0 -9999.0 -9999.0 -9999.0 -9999.0 -9999.0 -9999.0 -9999.0 -9999.0 -9999.0 -9999.0 -9999.0 -9999.0 -9999.0 -9999.0 -9999.0 -9999.0 -9999.0 -9999.0 -9999.0 -9999.0 -9999.0 -9999.0 -9999.0 -9999.0 -9999.0 -9999.0 -9999.0
-9999.0 -9999.0 -9999.0 -9999.0 -9999.0 -9999.0 -9999.0 -9999.0 -9999.0 -9999.0 -9999.0 -9999.0 -9999.0 -9999.0 -9999.0 -9999.0 -9999.0 -9999.0 -9999.0 -9999.0 -9999.0 -9999.0 -9999.0 -9999.0 -9999.0 -9999.0 -9999.0 -9999.0 -9999.0 -9999.0 -9999.0 -9999.0 -9999.0 -9999.0 -9999.0 -9999.0 -9999.0 -9999.0 -9999.0 -9999.0 -9999.0 -9999.0 -9999.0 -9999.0 -9999.0 -9999.0 -9999.0 -607.670731 -610.756363 -614.472238 -615.473337 -611.337361 -609.471109 -607.728585 -606.552488 -605.450931
-9999.0 -9999.0 -9999.0 -9999.0 -9999.0 -9999.0 -9999.0 -9999.0 -9999.0 -9999.0 -9999.0 -9999.0 -9999.0 -9999.0 -9999.0 -9999.0 -9999.0 -9999.0 -9999.0 -9999.0 -9999.0 -9999.0 -9999.0 -9999.0 -9999.0 -9999.0 -9999.0 -9999.0 -9999.0 -9999.0 -9999.0 -9999.0 -9999.0 -9999.0 -9999.0 -9999.0 -9999.0 -9999.0 -9999.0 -9999.0 -607.924528 -606.490484 -605.303837 -607.386279 -608.271825 -608.122538 -610.303995 -612.822336 -615.412709 -614.641762 -614.594075 -616.390201 -613.541771 -611.248929 -610.440712 -609.750976
-9999.0 -9999.0 -9999.0 -9999.0 -9999.0 -9999.0 -9999.0 -9999.0 -9999.0 -9999.0 -9999.0 -9999.0 -9999.0 -9999.0 -9999.0 -9999.0 -9999.0 -9999.0 -9999.0 -9999.0 -9999.0 -9999.0 -9999.0 -9999.0 -9999.0 -9999.0 -9999.0 -9999.0 -9999.0 -9999.0 -9999.0 -9999.0 -9999.0 -9999.0 -614.474727 -611.825739 -610.643994 -609.520929 -607.827630 -608.407820 -608.903750 -607.648337 -608.771489 -608.835123 -610.241120 -612.844009 -615.460421 -616.925437 -615.366386 -615.880160 -615.876738 -614.533767 -613.703212 -613.387649 -611.503712 -608.471393
-9999.0 -9999.0 -9999.0 -9999.0 -9999.0 -9999.0 -9999.0 -9999.0 -9999.0 -9999.0 -9999.0 -9999.0 -9999.0 -9999.0 -9999.0 -9999.0 -9999.0 -9999.0 -9999.0 -9999.0 -9999.0 -9999.0 -9999.0 -9999.0 -9999.0 -9999.0 -9999.0 -9999.0 -610.482738 -611.526384 -612.325975 -612.273073 -612.643522 -614.084713 -614.466762 -614.208210 -612.790565 -610.507177 -610.135194 -610.431887 -610.264554 -610.818137 -612.373562 -612.532884 -610.808369 -612.397846 -613.149139 -614.187866 -616.818843 -617.455906 -615.946419 -614.511192 -613.277652 -612.991363 -612.834114 -612.817573
-9999.0 -9999.0 -9999.0 -9999.0 -9999.0 -9999.0 -9999.0 -9999.0 -9999.0 -9999.0 -9999.0 -9999.0 -9999.0 -9999.0 -9999.0 -9999.0 -9999.0 -9999.0 -9999.0 -9999.0 -9999.0 -9999.0 -9999.0 -612.276595 -611.308427 -610.950868 -610.110266 -610.548307 -612.594515 -613.895270 -614.458995 -614.923589 -616.010388 -616.145736 -616.175267 -615.489991 -614.989009 -612.599142 -613.819579 -614.600181 -612.518172 -613.038426 -611.687315 -610.117505 -610.485896 -610.146813 -613.034551 -615.184299 -612.891905 -611.970273 -612.095466 -612.634971 -611.926145 -610.947719 -609.718817 -607.584911
-9999.0 -9999.0 -9999.0 -9999.0 -9999.0 -9999.0 -9999.0 -9999.0 -9999.0 -9999.0 -9999.0 -9999.0 -9999.0 -9999.0 -9999.0 -9999.0 -9999.0 -9999.0 -9999.0 -612.195648 -612.497713 -613.095374 -612.868190 -614.805953 -615.628190 -615.079415 -614.040876 -614.666645 -615.784548 -616.756115 -616.640380 -616.512109 -616.761880 -615.295395 -614.116104 -613.739166 -614.077714 -612.202361 -611.659993 -610.590320 -607.743773 -609.644272 -611.495826 -612.467397 -612.544924 -613.079404 -611.326844 -610.791995 -610.651931 -610.824515 -610.797838 -610.414038 -610.219869 -607.935804 -605.817268 -604.048049
-9999.0 -9999.0 -9999.0 -9999.0 -9999.0 -9999.0 -9999.0 -9999.0 -9999.0 -9999.0 -9999.0 -9999.0 -9999.0 -9999.0 -9999.0 -9999.0 -612.431814 -612.597568 -613.331512 -614.520152 -615.559978 -615.586187 -614.794472 -616.244725 -616.726327 -616.408644 -617.049958 -616.343152 -615.579372 -614.656560 -614.246477 -615.289789 -615.106419 -615.268725 -615.408894 -614.947228 -612.821667 -610.875392 -610.486177 -609.082885 -606.509652 -608.039180 -608.685120 -608.609537 -609.559219 -608.748180 -604.846908 -605.501215 -607.213906 -603.093384 -600.945286 -601.783788 -602.250656 -599.663058 -595.672617 -590.406739
-9999.0 -9999.0 -9999.0 -9999.0 -9999.0 -9999.0 -9999.0 -9999.0 -9999.0 -9999.0 -9999.0 -9999.0 -9999.0 -612.738664 -612.888313 -612.690283 -614.561968 -616.011051 -616.894411 -618.127109 -616.573706 -617.699260 -618.060824 -617.798371 -616.419784 -616.401928 -616.253187 -615.385398 -615.695518 -616.134385 -616.558892 -617.424407 -616.263624 -615.113619 -614.330626 -612.663151 -611.401232 -610.412566 -608.523731 -608.231835 -606.947824 -607.455359 -609.056483 -609.418222 -608.193897 -604.558422 -601.788834 -600.806600 -595.669697 -590.241801 -587.599798 -584.141760 -582.475509 -580.159833 -574.238795 -555.988735
-9999.0 -9999.0 -9999.0 -9999.0 -9999.0 -9999.0 -9999.0 -9999.0 -9999.0 -9999.0 -615.688934 -614.720964 -616.135287 -618.739514 -619.893211 -619.302558 -618.685149 -619.673058 -619.657598 -616.914981 -615.419408 -618.023110 -616.243145 -616.228780 -617.349203 -617.078603 -616.366479 -616.264888 -614.568871 -614.526274 -614.520684 -611.727608 -611.032344 -610.290255 -609.254221 -608.140055 -607.157392 -602.856102 -599.150440 -599.293858 -593.988117 -590.554511 -593.380567 -594.378026 -593.603798 -589.617453 -582.931221 -572.881609 -562.084894 -545.378173 -527.849192 -514.110391 -502.695637 -488.570192 -471.476126 -448.217983
-9999.0 -9999.0 -9999.0 -9999.0 -9999.0 -9999.0 -9999.0 -9999.0 -619.516698 -618.012358 -617.052024 -618.247685 -619.848388 -622.740314 -621.651152 -620.577844 -619.858241 -618.785470 -618.278800 -617.868101 -618.551594 -617.621965 -615.897419 -616.390556 -616.214994 -615.086945 -615.081409 -614.062550 -612.496606 -613.263877 -612.398641 -610.950096 -609.670573 -608.544588 -607.181545 -606.388345 -601.941409 -595.915478 -589.234253 -583.244917 -574.446189 -562.719386 -562.622279 -560.308195 -557.614752 -539.674745 -510.364328 -475.141911 -449.613640 -429.859907 -408.526314 -395.959311 -386.998802 -375.549054 -361.294670 -348.629378
-9999.0 -9999.0 -9999.0 -9999.0 -9999.0 -9999.0 -621.758383 -618.417227 -616.794165 -620.568805 -623.426428 -624.373215 -626.081243 -622.394407 -619.086846 -618.476141 -618.004565 -617.439668 -617.792595 -619.975156 -614.899995 -616.336849 -617.367689 -615.809155 -615.968514 -615.872897 -614.924345 -612.718058 -611.753765 -607.271850 -603.955857 -601.070428 -597.189750 -594.752290 -592.133520 -588.987492 -580.322261 -566.114577 -545.145984 -519.133593 -488.711517 -460.034367 -449.602060 -444.464342 -438.672079 -427.377929 -405.406438 -380.348442 -350.515177 -321.552860 -299.820016 -289.561309 -280.179042 -269.411078 -256.165400 -241.636184
-9999.0 -9999.0 -9999.0 -9999.0 -619.925253 -619.190526 -619.803353 -616.884273 -614.846162 -619.446489 -617.780083 -618.570637 -620.054292 -621.902182 -624.111639 -622.535851 -621.644902 -621.056930 -621.346524 -616.371583 -612.203607 -614.979402 -612.847326 -608.714463 -609.672083 -609.250408 -609.075049 -607.190701 -603.666412 -599.140701 -588.535363 -578.178520 -570.307948 -560.173754 -548.916515 -531.503707 -499.682629 -461.812425 -435.713407 -410.359942 -385.186291 -364.115632 -349.747784 -341.545965 -331.507781 -319.390171 -302.687433 -278.384907 -250.058022 -215.658117 -189.808500 -174.383235 -166.328778 -156.418949 -144.153025 -126.096616
-9999.0 -9999.0 -9999.0 -621.893012 -618.623360 -617.443014 -619.031175 -618.450394 -615.949251 -618.385338 -618.849913 -619.230740 -619.433663 -619.372803 -619.535335 -618.623627 -618.494625 -619.265687 -618.624258 -615.680070 -614.339048 -611.863267 -609.998435 -607.022442 -604.452909 -603.489431 -602.114121 -598.415306 -588.922291 -577.075587 -552.668440 -510.113325 -470.526148 -448.546143 -435.579066 -418.029747 -399.401582 -371.219761 -342.844095 -315.539375 -287.603530 -263.804179 -241.839782 -228.332279 -220.784813 -212.918667 -194.345703 -173.388700 -148.802025 -90.355583 -60.812266 -42.156791 -32.295526 -26.037317 -13.248074 -0.960161
-9999.0 -9999.0 -621.287027 -619.442907 -620.717039 -618.356624 -615.762112 -617.647060 -614.519404 -613.472218 -616.638430 -614.785646 -613.819948 -615.756469 -614.455319 -613.015406 -612.383378 -614.854696 -616.672509 -613.098859 -605.428181 -599.010344 -595.310861 -578.552087 -567.835920 -560.493690 -556.651015 -543.404970 -517.547800 -470.484492 -433.780855 -396.164363 -362.129225 -334.721624 -322.725565 -308.322787 -286.245743 -262.705149 -234.315613 -207.506179 -180.832068 -156.112559 -129.221685 -81.332252 -78.116729 -93.574344 -47.623975 -29.764413 -11.307997 5.752711 21.761687 22.665232 22.449228 22.200619 22.478936 22.525145
-9999.0 -9999.0 -623.393986 -620.328139 -622.436115 -617.514168 -613.067143 -617.486151 -616.143475 -611.476761 -612.748237 -612.204395 -612.673058 -612.241767 -610.150436 -605.884978 -608.201711 -609.072188 -613.800019 -602.606468 -592.132293 -572.169611 -526.450545 -474.196001 -444.148708 -438.777450 -435.474016 -423.597717 -403.925243 -366.072769 -319.260439 -269.232330 -228.304360 -201.170680 -187.652225 -173.561458 -150.784508 -96.040095 -81.363957 -53.187162 -36.456673 -19.256639 -0.005168 16.624755 22.005499 21.572083 22.563601 21.791924 22.365619 21.910016 21.979200 18.452595 17.467923 18.014498 19.228632 14.445655
-9999.0 -624.055047 -622.521578 -622.409593 -619.228278 -620.196991 -616.397690 -610.940551 -611.328831 -609.454030 -609.415897 -612.428418 -601.085693 -590.951843 -587.389690 -578.108951 -582.081624 -585.011797 -590.907496 -578.021587 -550.093067 -469.556756 -381.881815 -334.738743 -310.222983 -306.796958 -309.480243 -297.755477 -275.921799 -240.132075 -173.815355 -88.089925 -52.556453 -26.719258 -18.919260 -17.563101 -5.763418 9.046015 24.535714 26.606022 27.076889 26.639476 22.060724 22.007394 22.199857 22.620323 18.967402 13.439176 6.185235 -2.180431 -3.448428 -8.462251 -30.028121 -2.880284 -1.100269 -8.029372
-9999.0 -628.722073 -622.654399 -619.045936 -620.395903 -622.748830 -613.979005 -601.078021 -605.914200 -607.427107 -607.807778 -598.692405 -569.857482 -536.857260 -507.652363 -474.684794 -476.116020 -487.486002 -485.178515 -454.888485 -413.505111 -345.467582 -243.094642 -175.605845 -184.150141 -182.319501 -177.604739 -157.827608 -128.897741 -93.189172 -9.136452 13.525516 15.839869 15.837929 15.878512 15.939230 15.904696 15.858881 12.643382 9.228033 5.083332 5.083467 8.027303 7.723112 5.489818 2.212398 -3.811640 -11.268909 -20.654041 -57.660550 -66.587972 -72.230858 -76.726345 -73.992510 -77.432424 -83.823015
-9999.0 -623.751978 -616.891797 -618.604355 -624.117046 -615.684783 -612.337898 -603.275626 -595.976756 -598.008191 -585.346955 -538.015388 -466.609950 -418.134550 -386.776907 -368.459539 -356.123058 -356.341837 -335.804456 -288.648463 -212.998547 -91.510095 -51.608854 -5.242973 -59.458808 -81.711917 -90.072134 -91.221065 -86.926513 -75.649503 -51.624936 -0.460775 5.270808 7.295219 6.054381 2.633361 -2.006147 -9.603982 -14.666967 -18.206251 -29.823189 -29.933264 -19.179037 -18.920657 -26.425260 -61.439749 -72.089554 -80.735882 -90.305459 -103.578609 -110.869994 -116.567178 -119.905917 -124.103369 -129.063681 -135.382461
-9999.0 -631.557385 -621.833715 -629.898003 -618.024791 -608.336691 -609.839036 -594.193077 -573.834666 -563.942289 -490.894366 -428.504967 -366.572484 -321.318520 -286.066691 -248.246531 -222.409767 -195.593948 -160.968160 -120.324135 -4.388591 10.871895 11.074026 11.005987 -0.160664 -74.629819 -97.128503 -118.518772 -126.188484 -125.631286 -111.319466 -84.593660 -35.841324 -22.715763 -27.360699 -63.962715 -70.868465 -76.147681 -80.132174 -88.241942 -96.752771 -101.814495 -101.720149 -96.992797 -104.917762 -114.962857 -124.092501 -133.770014 -144.085691 -154.307217 -163.382214 -171.072319 -174.693406 -180.591713 -182.238318 -189.118333
-9999.0 -637.443721 -630.461540 -624.980495 -614.673659 -607.531272 -599.691487 -581.786956 -533.263328 -467.144738 -411.281731 -379.710360 -328.437329 -270.643131 -213.129972 -182.662463 -166.332485 -159.674292 -149.128996 -138.071720 -134.015495 -71.898239 -59.196245 -40.212678 -94.271096 -115.387263 -134.206134 -148.568896 -154.081070 -150.698348 -144.299875 -134.601984 -123.899511 -120.627179 -124.293605 -129.191692 -128.320781 -134.649656 -141.955924 -148.973159 -155.426793 -162.768167 -167.773088 -170.724528 -174.446407 -177.222404 -185.938273 -196.956312 -207.862263 -216.588581 -225.022739 -231.595671 -233.927824 -238.341374 -243.900644 -253.452492
-9999.0 -650.508967 -627.987929 -625.071182 -618.839151 -617.004277 -615.141138 -602.553047 -579.884679 -476.462522 -354.852150 -342.181154 -324.901986 -292.528579 -237.916269 -188.857274 -182.668660 -210.106644 -229.947193 -236.716970 -225.943094 -203.736287 -185.978813 -168.221714 -165.688997 -167.367885 -173.372935 -183.627722 -195.467213 -199.593830 -199.116951 -201.395029 -202.477119 -200.624505 -202.595663 -199.654693 -197.531992 -206.765152 -218.323619 -231.724125 -243.491790 -252.231520 -255.463827 -255.444518 -256.756215 -260.366821 -267.882573 -277.545795 -289.079850 -299.359396 -307.334674 -312.822596 -318.154738 -325.294923 -333.229556 -341.800180
-9999.0 -9999.0 -638.130520 -625.061723 -623.271768 -621.233736 -619.257269 -609.490824 -598.428329 -552.981482 -477.836736 -432.292924 -402.590905 -372.180002 -327.434821 -288.817436 -283.403643 -278.004060 -301.805834 -301.014354 -294.081126 -284.884704 -272.559954 -260.213283 -251.035515 -246.400611 -244.195855 -246.559689 -254.500918 -266.279293 -279.306010 -288.941081 -294.914322 -299.369693 -293.361846 -284.651734 -286.225590 -292.358159 -302.452148 -315.611779 -326.653929 -337.578273 -340.477154 -339.651807 -339.877265 -342.682055 -347.509138 -358.198109 -369.045101 -380.054964 -385.360081 -390.449299 -395.435084 -403.911153 -412.368409 -421.558396
-9999.0 -9999.0 -652.749465 -631.778370 -622.815777 -616.604760 -617.389125 -615.766738 -601.775713 -594.282518 -581.502596 -558.531880 -527.891766 -484.558303 -455.900523 -427.542432 -415.225024 -409.244176 -409.218591 -402.118620 -387.136738 -372.141545 -361.198945 -350.335299 -340.146754 -332.080491 -325.234054 -333.580825 -342.268302 -355.063463 -370.718881 -387.715151 -396.769621 -401.919615 -398.528326 -392.540644 -396.320469 -404.100194 -414.448005 -425.948790 -434.170570 -441.799707 -443.832126 -444.487060 -444.576878 -446.168544 -448.522991 -455.768502 -466.469076 -476.036228 -484.446723 -492.120924 -497.034921 -506.481800 -517.872470 -526.288956
