tests/Borden05m/data_simulated/sim_1/output-maps/psiliqL0002N0007.asc
ncols         160
nrows         34
xllcorner     620200.000000
yllcorner     5168000.000000
cellsize      0.500000
NODATA_value  -9999.0
[rows 0 to 24 of 34, columns 0 to 56 of 160]
-9999.0 -9999.0 -9999.0 -9999.0 -9999.0 -9999.0 -9999.0 -9999.0 -9999.0 -9999.0 -9999.0 -9999.0 -9999.0 -9999.0 -9999.0 -9999.0 -9999.0 -9999.0 -9999.0 -9999.0 -9999.0 -9999.0 -9999.0 -9999.0 -9999.0 -9999.0 -9999.0 -9999.0 -9999.0 -9999.0 -9999.0 -9999.0 -9999.0 -9999.0 -9999.0 -9999.0 -9999.0 -9999.0 -9999.0 -9999.0 -9999.0 -9999.0 -9999.0 -9999.0 -9999.0 -9999.0 -9999.0 -9999.0 -9999.0 -9999.0 -9999.0 -9999.0 -9999.0 -9999.0 -9999.0 -9999.0 -9999.0
-9999.0 -9999.0 -9999.0 -9999.0 -9999.0 -9999.0 -9999.0 -9999.0 -9999.0 -9999.0 -9999.0 -9999.0 -9999.0 -9999.0 -9999.0 -9999.0 -9999.0 -9999.0 -9999.0 -9999.0 -9999.0 -9999.0 -9999.0 -9999.0 -9999.0 -9999.0 -9999.0 -9999.0 -9999.0 -9999.0 -9999.0 -9999.0 -9999.0 -9999.0 -9999.0 -9999.0 -9999.0 -9999.0 -9999.0 -9999.0 -9999.0 -9999.0 -9999.0 -9999.0 -9999.0 -9999.0 -9999.0 -9999.0 -9999.0 -9999.0 -9999.0 -9999.0 -9999.0 -9999.0 -9999.0 -9999.0 -9999.0
-9999.0 -9999.0 -9999.0 -9999.0 -9999.0 -9999.0 -9999.0 -9999.0 -9999.0 -9999.0 -9999.0 -9999.0 -9999.0 -9999.0 -9999.0 -9999.0 -9999.0 -9999.0 -9999.0 -9999.0 -9999.0 -9999.0 -9999.0 -9999.0 -9999.0 -9999.0 -9999.0 -9999.0 -9999.0 -9999.0 -9999.0 -9999.0 -9999.0 -9999.0 -9999.0 -9999.0 -9999.0 -9999.0 -9999.0 -9999.0 -9999.0 -9999.0 -9999.0 -9999.0 -9999.0 -9999.0 -9999.0 -490.509813 -495.524630 -501.698996 -503.556471 -496.803321 -494.317521 -492.207049 -491.139420 -490.250998 -488.416271
-9999.0 -9999.0 -9999.0 -9999.0 -9999.0 -9999.0 -9999.0 -9999.0 -9999.0 -9999.0 -9999.0 -9999.0 -9999.0 -9999.0 -9999.0 -9999.0 -9999.0 -9999.0 -9999.0 -9999.0 -9999.0 -9999.0 -9999.0 -9999.0 -9999.0 -9999.0 -9999.0 -9999.0 -9999.0 -9999.0 -9999.0 -9999.0 -9999.0 -9999.0 -9999.0 -9999.0 -9999.0 -9999.0 -9999.0 -9999.0 -493.327973 -490.983738 -488.915324 -492.107996 -493.129996 -492.298535 -495.452898 -499.348880 -503.478454 -501.949140 -501.953422 -505.502940 -501.202740 -497.994569 -497.446427 -497.171946 -494.638968
-9999.0 -9999.0 -9999.0 -9999.0 -9999.0 -9999.0 -9999.0 -9999.0 -9999.0 -9999.0 -9999.0 -9999.0 -9999.0 -9999.0 -9999.0 -9999.0 -9999.0 -9999.0 -9999.0 -9999.0 -9999.0 -9999.0 -9999.0 -9999.0 -9999.0 -9999.0 -9999.0 -9999.0 -9999.0 -9999.0 -9999.0 -9999.0 -9999.0 -9999.0 -501.447589 -497.178390 -495.683352 -494.360694 -491.983790 -493.379604 -494.607076 -492.602888 -494.458383 -494.297039 -496.310944 -500.316134 -504.304249 -506.417544 -503.425220 -504.248115 -504.397160 -502.440682 -501.550549 -501.703610 -499.234482 -494.856362 -498.207264
-9999.0 -9999.0 -9999.0 -9999.0 -9999.0 -9999.0 -9999.0 -9999.0 -9999.0 -9999.0 -9999.0 -9999.0 -9999.0 -9999.0 -9999.0 -9999.0 -9999.0 -9999.0 -9999.0 -9999.0 -9999.0 -9999.0 -9999.0 -9999.0 -9999.0 -9999.0 -9999.0 -9999.0 -494.197320 -495.928855 -497.222160 -497.068245 -497.710988 -500.322474 -501.260676 -501.214525 -499.289877 -495.912228 -495.772943 -496.650430 -496.640760 -497.700774 -500.339433 -500.476349 -497.275641 -499.666612 -500.563463 -502.046269 -506.481584 -507.644598 -505.231941 -503.107174 -501.494664 -501.644465 -502.116257 -503.057387 -503.514181
-9999.0 -9999.0 -9999.0 -9999.0 -9999.0 -9999.0 -9999.0 -9999.0 -9999.0 -9999.0 -9999.0 -9999.0 -9999.0 -9999.0 -9999.0 -9999.0 -9999.0 -9999.0 -9999.0 -9999.0 -9999.0 -9999.0 -9999.0 -496.633117 -495.044717 -494.567136 -493.222388 -494.059165 -497.676168 -499.894208 -500.817596 -501.612042 -503.571071 -503.938957 -504.278592 -503.480702 -503.124932 -499.535109 -502.151546 -503.935060 -500.703079 -501.698111 -499.327684 -496.601287 -497.142415 -496.401650 -501.221090 -504.840892 -500.951623 -499.563043 -500.065306 -501.378073 -500.701836 -499.799511 -498.676237 -496.213932 -492.922507
-9999.0 -9999.0 -9999.0 -9999.0 -9999.0 -9999.0 -9999.0 -9999.0 -9999.0 -9999.0 -9999.0 -9999.0 -9999.0 -9999.0 -9999.0 -9999.0 -9999.0 -9999.0 -9999.0 -495.795795 -496.370561 -497.484448 -497.178506 -500.796288 -502.377330 -501.554726 -499.865672 -501.050255 -503.076690 -504.783723 -504.611382 -504.448783 -505.005642 -502.680699 -500.965944 -500.771128 -501.955780 -499.362248 -499.047071 -497.795176 -493.417126 -496.768664 -499.882668 -501.499364 -501.649441 -502.696601 -499.987880 -499.309435 -499.353585 -500.157361 -500.614699 -500.422361 -500.704646 -497.857246 -495.677458 -494.421036 -493.501601
-9999.0 -9999.0 -9999.0 -9999.0 -9999.0 -9999.0 -9999.0 -9999.0 -9999.0 -9999.0 -9999.0 -9999.0 -9999.0 -9999.0 -9999.0 -9999.0 -495.569850 -495.921166 -497.326214 -499.641891 -501.584644 -501.722321 -500.424932 -503.108986 -504.096902 -503.691745 -504.999295 -503.904722 -502.702894 -501.221750 -500.644309 -502.649942 -502.588892 -503.220189 -503.912568 -503.704339 -500.761794 -498.230795 -498.392690 -496.754709 -493.037759 -495.832297 -496.907655 -496.810591 -498.645057 -497.852279 -492.053613 -493.846941 -497.585499 -491.873281 -489.283606 -491.421772 -492.982586 -490.085572 -485.769205 -480.627430 -470.917929
-9999.0 -9999.0 -9999.0 -9999.0 -9999.0 -9999.0 -9999.0 -9999.0 -9999.0 -9999.0 -9999.0 -9999.0 -9999.0 -495.356741 -495.713856 -495.501278 -499.057862 -501.763567 -503.453137 -505.798607 -503.204210 -505.346589 -506.141551 -505.846287 -503.565587 -503.739532 -503.720323 -502.458945 -503.287879 -504.327867 -505.364573 -507.265584 -505.682609 -504.196523 -503.462483 -501.356707 -500.147779 -499.639268 -497.630745 -498.145681 -496.964747 -498.360558 -501.053039 -501.770500 -500.270007 -495.371742 -492.295693 -492.380909 -486.194956 -479.868080 -477.508483 -473.790595 -472.804666 -471.633074 -467.354741 -451.705403 -428.030277
-9999.0 -9999.0 -9999.0 -9999.0 -9999.0 -9999.0 -9999.0 -9999.0 -9999.0 -9999.0 -500.090980 -498.366115 -500.949680 -505.839035 -508.005403 -507.090049 -506.147380 -508.107270 -508.248535 -503.586369 -501.162740 -506.023772 -503.134576 -503.350852 -505.572366 -505.388460 -504.474677 -504.716518 -502.233865 -502.659610 -503.249366 -499.096676 -498.622603 -498.112212 -497.211486 -496.380372 -496.216665 -490.958868 -486.897077 -488.966057 -482.405720 -478.526886 -483.223631 -485.095522 -484.770671 -480.595096 -473.545992 -463.786179 -455.873478 -439.009394 -421.608061 -411.036102 -404.015519 -395.853324 -384.588684 -341.866097 -213.569562
-9999.0 -9999.0 -9999.0 -9999.0 -9999.0 -9999.0 -9999.0 -9999.0 -506.856132 -504.160614 -502.496529 -504.660175 -507.556692 -512.859891 -511.008198 -509.274575 -508.200061 -506.489050 -505.859112 -505.454933 -507.067526 -505.805130 -503.119076 -504.383983 -504.446241 -502.863351 -503.346977 -502.225468 -500.273954 -502.574913 -502.192131 -500.871524 -499.884521 -499.127627 -498.069382 -498.261622 -493.235100 -486.609355 -479.673384 -473.926807 -465.336527 -454.417737 -456.782491 -455.802239 -454.891437 -436.857806 -413.467135 -387.199426 -345.126347 -231.171750 -165.930838 -141.014204 -130.282300 -120.406034 -106.213218 -84.294176 -39.929813
-9999.0 -9999.0 -9999.0 -9999.0 -9999.0 -9999.0 -510.732086 -504.863412 -502.072498 -508.941460 -514.188515 -515.932775 -519.048429 -512.351199 -506.569802 -505.692281 -505.103051 -504.378227 -505.369149 -509.817140 -501.468844 -504.542241 -506.978559 -504.936565 -505.742248 -506.114660 -505.143210 -502.287585 -501.966585 -496.134516 -492.849247 -490.431372 -486.302987 -484.513397 -482.523582 -480.082581 -471.278058 -458.893849 -441.755677 -419.413527 -398.085984 -371.545938 -358.363153 -346.973986 -318.244820 -224.873953 -165.206406 -126.498124 -85.785166 -35.830006 -4.033690 7.236514 12.033767 12.530865 13.145060 13.893834 14.758309
-9999.0 -9999.0 -9999.0 -9999.0 -506.970664 -505.841294 -507.263149 -502.290473 -498.890090 -507.281841 -504.407629 -505.929417 -508.711051 -512.113765 -516.192173 -513.630111 -512.290645 -511.536039 -512.566062 -504.616193 -498.146915 -504.052649 -501.468408 -495.483505 -498.138335 -498.272750 -498.955148 -497.247426 -493.623918 -489.347935 -476.862346 -466.215794 -460.722274 -453.613525 -445.024969 -428.995081 -407.215113 -372.931504 -289.475012 -186.540394 -139.151443 -113.457126 -99.554010 -89.023819 -68.318668 -34.536784 -8.634192 11.231092 13.702894 15.547952 16.799816 17.348305 17.432936 17.680053 17.945662 18.436495 18.859455
-9999.0 -9999.0 -9999.0 -510.319276 -504.617233 -502.789495 -506.111656 -505.500713 -501.396729 -506.156234 -507.188878 -508.165558 -508.842139 -508.995277 -509.647663 -508.359127 -508.379474 -509.962809 -509.369535 -505.302043 -504.561071 -502.172202 -500.917330 -498.259570 -495.968106 -495.923074 -495.153194 -491.406336 -480.119320 -469.356092 -446.716958 -412.176432 -382.203131 -351.893729 -298.723915 -204.251639 -161.160220 -119.262421 -70.945170 -25.941282 3.091322 12.655362 13.690015 13.948446 14.485105 15.110084 16.029797 16.845897 17.351156 18.400235 19.540012 20.420405 20.831543 20.989037 23.391994 34.314514 42.946022
-9999.0 -9999.0 -508.893030 -505.719857 -508.469916 -504.748302 -500.654034 -504.705114 -499.755769 -498.556719 -504.702276 -501.985841 -500.885629 -504.930746 -503.310935 -501.426100 -500.548869 -505.065362 -508.755172 -504.502815 -494.326965 -487.455478 -486.206945 -466.845573 -457.930692 -452.313734 -450.654264 -437.839586 -418.620061 -379.803104 -275.323260 -179.793950 -129.542489 -95.360594 -69.462663 -36.217751 -9.781305 5.646584 13.707476 15.313496 16.599456 17.481776 18.356216 18.595647 18.582484 19.235733 20.157591 21.068186 24.568746 40.036683 55.990613 56.104837 55.867447 55.670807 55.441907 55.323078 55.256687
-9999.0 -9999.0 -512.722859 -507.320073 -511.748640 -503.662181 -496.346259 -505.437735 -504.064785 -496.755659 -499.946709 -500.005623 -502.468674 -503.392777 -501.098054 -495.119762 -499.176249 -500.719054 -509.491454 -493.408791 -481.363847 -461.334566 -417.937985 -379.741284 -338.930571 -329.748289 -313.292445 -238.735567 -187.224574 -134.705110 -72.773778 -20.244463 12.207209 14.069604 14.894638 15.917971 17.027916 17.873379 18.339324 19.975882 20.543013 21.503137 35.536996 51.026430 56.530494 56.294447 55.987029 55.800059 55.637732 55.588790 55.117608 51.813321 50.920274 51.233582 52.174890 47.621467 41.941930
-9999.0 -513.626062 -511.057161 -511.257577 -506.116268 -508.906267 -503.507736 -495.509552 -497.676167 -495.842184 -497.404231 -505.040553 -489.933379 -477.287672 -475.184220 -464.747430 -471.018628 -474.619573 -484.462730 -470.627769 -442.957857 -365.599677 -185.951166 -122.534950 -90.059204 -83.431389 -80.996744 -55.253229 -27.575207 -0.494593 15.255936 17.352288 19.568438 21.069819 21.457398 21.408133 30.163152 44.040474 59.025505 60.623773 60.580987 60.329250 55.761347 55.745615 55.530713 55.656739 52.565717 46.764690 39.522411 34.565687 30.761174 26.449563 29.119236 32.081270 33.647614 27.272125 21.271395
-9999.0 -522.114299 -511.296314 -505.187495 -508.451854 -514.285682 -500.771042 -480.088602 -491.609099 -496.642351 -500.569764 -491.186382 -457.191854 -421.673559 -400.811124 -371.293349 -378.070254 -392.909859 -394.558309 -353.733590 -232.430604 -146.271400 -28.830344 14.816955 15.122824 15.902906 16.407615 17.935167 19.664145 21.061789 28.515324 48.318041 50.106186 49.978785 49.784177 49.832383 49.757557 49.764108 46.193449 42.699302 38.521023 38.246489 41.570570 41.261837 38.721367 36.482958 31.289205 24.226535 20.910292 20.615521 20.564057 20.406948 20.391876 20.737915 20.503444 20.304032 20.007694
-9999.0 -513.176092 -500.664984 -504.466608 -515.873698 -502.411354 -498.929498 -487.235587 -480.505105 -488.947602 -477.077870 -425.342981 -331.294011 -182.767010 -129.045107 -114.467526 -111.069416 -123.480299 -113.428185 -74.331714 -14.238209 15.115190 18.427893 32.416055 37.646890 37.643745 37.416325 37.510774 37.527733 37.408621 37.279677 35.331060 39.454023 41.283173 40.064140 37.325543 32.925330 25.831236 21.274509 20.678776 20.449860 20.508114 20.914805 21.236229 20.846193 20.664065 20.492456 20.293112 20.153232 19.970452 20.000710 19.942967 20.005773 19.850348 19.749271 19.714746 19.429101
-9999.0 -527.827122 -510.046776 -525.762007 -505.962605 -489.682173 -495.961694 -475.794617 -454.504988 -454.854797 -380.854513 -197.268742 -74.810860 -6.095479 12.759659 14.869460 15.848166 16.858589 18.419742 19.756559 34.165418 46.260811 45.993937 45.532182 37.125242 37.172227 30.297185 20.268174 19.721301 19.331843 19.509764 20.042262 20.408686 21.066179 20.613562 20.782426 20.801711 20.521484 20.503173 20.156172 19.866105 19.655952 19.629010 20.265494 19.883568 19.845869 19.721893 19.561595 19.384988 19.242976 19.067063 18.865349 18.911026 18.672206 18.902027 18.873704 17.660804
-9999.0 -538.190387 -526.006825 -517.334851 -500.057190 -488.794087 -479.635536 -458.222105 -408.124218 -355.523781 -190.686674 -75.161890 9.885439 16.187581 19.245967 20.354238 27.372264 27.518337 27.576199 21.584039 18.613840 18.100816 18.824632 19.974360 20.232108 20.566976 19.846023 19.355163 19.291187 19.558078 19.581893 19.646462 19.645633 19.526722 19.276337 19.351408 19.796475 19.531907 19.347033 19.246914 19.153110 18.842500 18.589610 18.441473 18.390568 18.599617 18.369823 18.071195 17.820277 17.726089 17.558259 17.421386 17.531697 17.387905 17.069912 16.510413 14.742123
-9999.0 -561.691266 -521.343374 -517.173308 -507.174996 -505.372801 -505.006513 -488.461982 -465.126120 -359.334716 -118.746618 -30.376469 11.351281 13.882879 17.041706 20.274942 20.456931 18.125557 16.854853 16.097263 16.376777 16.861394 17.336991 18.174735 18.793593 19.200978 19.255636 18.907529 18.276554 18.102754 18.162814 17.848773 17.601645 17.720365 17.512668 17.792956 18.100146 17.652273 17.211079 16.503746 15.691702 14.884048 14.571439 14.590033 14.570867 14.440342 14.130007 13.719598 13.195086 12.763762 12.493447 12.340249 12.037502 7.054246 -4.129461 -23.117197 -66.319835
-9999.0 -9999.0 -539.895011 -516.611312 -514.509021 -512.030242 -510.622536 -496.645947 -484.772803 -430.741210 -354.032634 -192.829867 -125.074259 -88.339488 -35.588643 11.870444 12.891937 14.059189 12.489798 12.758909 12.986406 13.122905 13.595864 14.212011 15.009544 15.647247 16.063864 15.919734 15.284915 14.312072 13.279614 12.634540 12.296471 11.919462 12.404094 13.052719 12.891675 12.630699 11.990085 0.530220 -21.018455 -51.322712 -64.056394 -67.022798 -68.418847 -72.036127 -77.425553 -89.460887 -100.449433 -110.488870 -113.899405 -117.714417 -122.502517 -133.999689 -151.527329 -186.779022 -284.691049
-9999.0 -9999.0 -565.630227 -528.636710 -513.181215 -502.600190 -505.658837 -505.831259 -483.887816 -477.217326 -463.864983 -434.951886 -405.631319 -371.578856 -298.700014 -183.030503 -147.628172 -135.951150 -131.791538 -126.987371 -114.300923 -101.450568 -90.222276 -75.266378 -53.717372 -30.562577 -19.627944 -37.645114 -60.547565 -84.288736 -105.490282 -124.091549 -132.685811 -137.652098 -134.593367 -129.127082 -133.156070 -141.448086 -154.603558 -179.079158 -226.239221 -305.654061 -326.961941 -331.818093 -332.662897 -337.842299 -344.948466 -360.433157 -375.343458 -383.961745 -390.057719 -395.484669 -398.358376 -405.437412 -414.551654 -422.286191 -439.339465
