tests/Borden05m/data_simulated/sim_1/output-maps/psiliqL0029N0009.asc
ncols         160
nrows         34
xllcorner     620200.000000
yllcorner     5168000.000000
cellsize      0.500000
NODATA_value  -9999.0
[rows 0 to 24 of 34, columns 55 to 109 of 160]
-9999.0 -9999.0 -9999.0 -9999.0 -9999.0 -9999.0 -9999.0 -9999.0 -9999.0 -9999.0 -9999.0 -9999.0 -9999.0 -9999.0 -9999.0 -9999.0 -9999.0 -9999.0 -9999.0 -9999.0 -9999.0 -9999.0 -9999.0 -9999.0 -9999.0 -9999.0 -9999.0 -9999.0 -9999.0 -9999.0 -9999.0 -9999.0 -9999.0 -9999.0 -9999.0 -9999.0 -9999.0 -9999.0 -9999.0 -9999.0 -9999.0 -9999.0 -9999.0 -9999.0 -9999.0 -9999.0 -9999.0 -9999.0 -9999.0 -9999.0 -9999.0 -9999.0 -9999.0 -9999.0 -9999.0
-9999.0 -9999.0 -9999.0 -9999.0 3997.335396 3992.078596 3987.420430 3983.001882 3974.584234 3965.260245 3957.533627 3953.307861 3952.088350 3951.233475 3950.534311 3955.284753 3963.317627 3970.884285 3977.652540 3980.025896 3982.309991 3984.034379 3984.168365 3983.010792 3979.730583 3976.329443 3972.903885 3971.127424 3963.919977 3952.836502 3944.631698 3941.948748 3946.057100 3950.356939 3952.797022 3957.801410 3968.082198 3978.611281 3987.180726 3999.880066 4007.150309 4012.522024 4014.992275 4011.000615 4007.766002 4003.729838 3997.325877 3986.201913 -9999.0 -9999.0 -9999.0 -9999.0 -9999.0 -9999.0 -9999.0
3942.311088 3960.630762 3981.825658 3984.893322 3973.035729 3967.900971 3964.783469 3963.196858 3959.089972 3950.631430 3945.538649 3940.023695 3937.169989 3937.129527 3936.924405 3940.430834 3951.273856 3958.965451 3963.416230 3966.023161 3968.867970 3966.940605 3966.045446 3965.785738 3962.826973 3959.274696 3955.844339 3953.933929 3955.600939 3947.983725 3941.850000 3937.824991 3934.552689 3937.332654 3940.082090 3944.930116 3953.999336 3961.820440 3969.727781 3985.088174 3998.430759 4004.213713 4001.643757 3997.133275 3993.295457 3985.695939 3974.760316 3964.843865 3957.144986 3951.264281 3945.949749 3939.367024 3945.894118 3954.077264 3963.281892
3925.494503 3944.664075 3965.169558 3967.644569 3957.461721 3949.840323 3942.551006 3943.119465 3946.813260 3943.626815 3938.739917 3930.262769 3940.601810 3941.483855 3942.016656 3945.103956 3946.618169 3952.129047 3954.391441 3959.643663 3968.541167 3971.301262 3971.642805 3971.594473 3969.504159 3966.147209 3964.078492 3961.207245 3955.855342 3953.852492 3953.320455 3951.769044 3955.631973 3957.147175 3960.323264 3955.099343 3959.713883 3965.966133 3972.952466 3978.221491 3984.226764 3986.402011 3983.093224 3984.018442 3975.686338 3962.081160 3952.537717 3945.341790 3946.113459 3943.256921 3935.351069 3921.429284 3930.061906 3946.355066 3951.229870
3930.068684 3938.913585 3949.167306 3951.525262 3946.453175 3948.838471 3950.628976 3951.723617 3949.756815 3946.049735 3941.068426 3950.953855 3958.943601 3960.170869 3962.412032 3966.352419 3967.464029 3956.768642 3954.749963 3961.704592 3971.122193 3976.047553 3976.143674 3975.632535 3971.493280 3970.223689 3969.987888 3968.219724 3967.350025 3968.655223 3965.621630 3968.143589 3973.553126 3976.952955 3972.328411 3964.075525 3966.643699 3975.254479 3984.598817 3992.236858 4002.273072 4012.900755 4013.471432 4009.199214 4000.796068 3988.598454 3966.370449 3949.338167 3938.364134 3930.192813 3922.941022 3926.663159 3921.617213 3936.090408 3937.968088
3913.495826 3935.063816 3954.831837 3960.192459 3954.148209 3950.700168 3949.787656 3950.354534 3949.079762 3948.902312 3956.709829 3968.008808 3978.420304 3980.195548 3981.786366 3980.244499 3973.031311 3962.645959 3960.177889 3973.019046 3989.815475 3997.524301 3996.711435 3991.475592 3993.639323 3994.089772 3995.102818 3992.092379 3992.481454 3989.131775 3993.482309 4001.176828 4009.351956 4008.092015 3995.595487 3983.027253 3983.293809 3989.381456 3997.189039 4005.073870 4015.178899 4024.121796 4019.348689 4014.627378 4007.836195 3982.875438 3961.251362 3947.524719 3947.880156 3948.788224 3944.483623 3942.758728 3942.451749 3939.078588 3939.513457
3948.396069 3967.177956 3987.486931 3999.793151 3993.541860 3986.227869 3978.209246 3978.310768 3978.085458 3983.393030 3993.149827 4004.795656 4025.987597 4024.669714 4024.471218 4022.182951 4008.851199 3995.397684 3985.695838 4008.778072 4020.012131 4026.807977 4023.196755 4027.176953 4035.523786 4032.184863 4026.303269 4013.812875 4019.260287 4024.490717 4039.681639 4047.919396 4053.557248 4048.184090 4033.606725 4026.579169 4028.806324 4036.277192 4038.304591 4047.917310 4056.295055 4071.142824 4069.555288 4067.501976 4048.119611 4010.949738 3982.690857 3971.813246 3984.482359 3979.030619 3972.649202 3973.345618 3962.938838 3956.596655 3959.743376
3977.780560 3990.324177 4006.204503 4022.449943 4012.696422 4002.720812 3985.525953 3981.836540 3985.289674 3995.563124 4012.830688 4029.780626 4048.916055 4045.468185 4036.708519 4046.441460 4039.363943 4028.183925 4020.853965 4044.743064 4054.426817 4064.354270 4069.187906 4081.875987 4092.103542 4073.975016 4055.723639 4044.095546 4051.585105 4078.637543 4102.337488 4107.117683 4105.688583 4104.331444 4087.505323 4083.055108 4080.387924 4081.995000 4080.069161 4078.662294 4105.647589 4128.325776 4128.327670 4107.008288 4084.340872 4043.667448 4005.606974 3982.825933 3998.741619 3995.029468 3999.146297 3989.992503 3978.968974 3973.828913 3972.844473
4023.676668 4043.826740 4059.509590 4081.795397 4070.564491 4046.146004 4028.357141 4030.587808 4044.519669 4052.991862 4072.414112 4088.130248 4112.857320 4123.070632 4132.681931 4136.688670 4130.007080 4121.590287 4109.856432 4116.868350 4142.497857 4154.161245 4162.041455 4169.977173 4182.757748 4181.964690 4174.042151 4171.905393 4176.599491 4191.667050 4207.510197 4214.329868 4216.876957 4218.815565 4203.309394 4189.711040 4188.689881 4183.943255 4183.931464 4183.485779 4196.962317 4219.660632 4216.014610 4176.747394 4149.608726 4113.444363 4074.294180 4044.983047 4041.088398 4062.854448 4062.451997 4046.381235 4037.682402 4013.474116 4010.712058
4090.171184 4122.988594 4147.013176 4156.580416 4162.953813 4146.063381 4143.332145 4147.772125 4156.659864 4159.593127 4165.952480 4198.673074 4232.579807 4256.919599 4279.635610 4286.658302 4273.941871 4264.192453 4250.305147 4241.678575 4254.465996 4272.565688 4290.615219 4305.482329 4316.923937 4318.665370 4317.003135 4317.025658 4320.449498 4323.500283 4328.189756 4337.311126 4345.118405 4353.502019 4360.840456 4349.239227 4332.093769 4323.479171 4315.494594 4315.619781 4317.595656 4322.665662 4323.856391 4304.664289 4259.654374 4226.810129 4194.155022 4176.268562 4164.422137 4166.994378 4148.628984 4123.347601 4070.062943 4032.895539 4001.952445
4173.874529 4219.532223 4249.034657 4265.020018 4277.509017 4273.361843 4275.344112 4276.228235 4279.688708 4281.594231 4283.472975 4311.690957 4354.856371 4395.329331 4427.379939 4426.405475 4411.616784 4400.066769 4391.291108 4375.953594 4371.900860 4385.889844 4402.550711 4424.089634 4434.371657 4439.619722 4435.650994 4435.837272 4438.028721 4440.493745 4442.766287 4446.894245 4457.319426 4473.359333 4488.805468 4487.425608 4466.869435 4448.515381 4432.688571 4431.307550 4429.641880 4424.783643 4427.558634 4429.565249 4411.177895 4377.798886 4336.340080 4295.828739 4280.988725 4266.830562 4255.978405 4238.255482 4193.325674 4122.062774 4079.781613
4290.279974 4326.864758 4356.425734 4387.233230 4401.500303 4402.609217 4399.522790 4397.761315 4404.939743 4406.960479 4411.668160 4428.524801 4463.388120 4501.142197 4532.080781 4547.257516 4538.424421 4518.954047 4495.302530 4484.191491 4480.834106 4484.952081 4495.379637 4509.714810 4530.533395 4551.120441 4557.059722 4557.998298 4555.239807 4557.798367 4559.518667 4559.667776 4563.156722 4572.799842 4583.553650 4587.175606 4578.468913 4555.778250 4531.105563 4520.379743 4514.311804 4511.066762 4512.770352 4518.863399 4522.915285 4506.923474 4468.829110 4421.838647 4392.137300 4378.239646 4365.763902 4351.032124 4337.654409 4300.450232 4278.016511
4401.584809 4417.724023 4447.309897 4477.260513 4499.900538 4514.435809 4514.036565 4516.535949 4521.486563 4528.320524 4543.504010 4568.403596 4589.248552 4613.903409 4642.406324 4659.987452 4665.206792 4662.959471 4658.032233 4659.059189 4659.480407 4584.740677 4592.074677 4599.401717 4619.733677 4637.557958 4644.103914 4644.862382 4641.836249 4643.924181 4644.834423 4644.653075 4644.270854 4647.350252 4653.388630 4655.696475 4652.843395 4638.226775 4661.331913 4640.181468 4626.092321 4617.540653 4609.000545 4600.690075 4591.112445 4580.904361 4559.298578 4526.671835 4491.338036 4470.939115 4463.588018 4457.189881 4447.727490 4441.507683 4423.423322
4501.501648 4512.156860 4531.503743 4555.443419 4591.872111 4617.011667 4628.940218 4638.687571 4643.470028 4658.136163 4676.033929 4656.541150 4666.454032 4676.712029 4686.904432 4690.404590 4691.406767 4690.944336 4688.482708 4687.558302 4684.876448 4681.747330 4670.922578 4672.571756 4674.669662 4677.338113 4681.154193 4680.117279 4681.294139 4684.270435 4682.416456 4676.162882 4671.906124 4670.324454 4671.502327 4679.068506 4682.690537 4683.709368 4679.563417 4678.536929 4677.348352 4673.290644 4668.224674 4661.083147 4651.947727 4670.482191 4657.600795 4627.680672 4584.625103 4540.880241 4534.702843 4537.988534 4537.419727 4535.991785 4530.184066
4633.706582 4648.216722 4663.839975 4635.438745 4662.094394 4675.735712 4682.114155 4686.788135 4689.783658 4693.606722 4690.663180 4687.775049 4682.786174 4681.095420 4679.700064 4677.218773 4677.832746 4675.941275 4671.788214 4667.535841 4659.020443 4647.105821 4635.920901 4632.000170 4636.217833 4642.053498 4647.499075 4652.378277 4656.252616 4655.911600 4650.165127 4641.477285 4633.711601 4632.121546 4639.175778 4645.019246 4651.999921 4652.952267 4651.545344 4648.877749 4648.473908 4644.912827 4645.029096 4652.363222 4667.732568 4669.522075 4676.563969 4675.561141 4655.698248 4619.730727 4637.231814 4616.879637 4623.569353 4618.786778 4607.194496
4681.461462 4684.767611 4682.822104 4681.936522 4675.369851 4669.177688 4668.351985 4672.418891 4679.554569 4680.527389 4673.375767 4664.597723 4657.170723 4649.423063 4646.935390 4646.546768 4646.381109 4646.979166 4641.613971 4631.715786 4614.004635 4602.312221 4591.207463 4585.240590 4580.818950 4583.798496 4595.566523 4608.650910 4613.856203 4603.677777 4594.823542 4582.534867 4574.391750 4574.900710 4575.559185 4585.302615 4603.213498 4611.777213 4612.635497 4605.711071 4598.571627 4591.660910 4588.276954 4594.680545 4610.294723 4627.776607 4644.229909 4653.840082 4661.809950 4669.239713 4665.994971 4669.265625 4671.065305 4668.524399 4672.874480
4676.279729 4669.103241 4661.925663 4656.473095 4650.000339 4644.749172 4642.815620 4644.479158 4646.069652 4641.644794 4635.255816 4625.171145 4613.943724 4604.098031 4595.913622 4596.951112 4599.331717 4601.180279 4593.505454 4577.668964 4559.501040 4545.841934 4531.846674 4527.860718 4521.577317 4512.779019 4522.791221 4543.461047 4551.253067 4534.250797 4522.968172 4507.354551 4500.965556 4496.657989 4497.218626 4506.066590 4529.571356 4555.367935 4557.793364 4546.443055 4535.147059 4530.497792 4527.168110 4531.365661 4547.918433 4569.323159 4586.099002 4597.016403 4602.407220 4610.240000 4619.744463 4634.831918 4650.352750 4663.279829 4666.875610
4650.546956 4642.716929 4634.974580 4627.233684 4620.263372 4613.955396 4609.554034 4607.551533 4603.110328 4596.840442 4589.665282 4566.856208 4554.132577 4540.721627 4525.217914 4521.043270 4515.556768 4516.360706 4504.609483 4497.195938 4481.193017 4465.735531 4449.995972 4435.661074 4429.900866 4422.891416 4419.380278 4432.294274 4440.570964 4432.188556 4422.643425 4412.622781 4408.591649 4405.213981 4407.908364 4418.481119 4437.368312 4455.726517 4464.733060 4457.662343 4457.665850 4458.549695 4457.008826 4463.721049 4473.669575 4491.349704 4514.518826 4534.665361 4544.948414 4551.758980 4560.893987 4575.546914 4589.948374 4604.660070 4623.205557
4619.741446 4610.275472 4600.198640 4590.271341 4579.594630 4568.861501 4562.089615 4565.032895 4559.013099 4553.432693 4528.267765 4470.147028 4447.857187 4428.365672 4411.611897 4404.385660 4395.451973 4376.648597 4367.989956 4364.031078 4368.856907 4355.234248 4337.611837 4319.364241 4314.512337 4311.132664 4291.147269 4283.658532 4283.397985 4303.456373 4297.798953 4297.959840 4301.151799 4298.838835 4299.586730 4312.154151 4318.672205 4322.790087 4329.879484 4336.788978 4348.733245 4357.642822 4370.068552 4387.908617 4398.271840 4413.160937 4433.432541 4459.997703 4476.392253 4486.082097 4496.482342 4511.861474 4528.087423 4546.140749 4568.794640
4584.616291 4567.155733 4552.148554 4537.574257 4524.670265 4511.580039 4494.757009 4496.774469 4494.847449 4483.820336 4424.516362 4383.955014 4349.402053 4332.281407 4307.929114 4293.504232 4275.312299 4232.958932 4214.407300 4215.607069 4233.518432 4231.889954 4217.076528 4205.831637 4195.983960 4185.747254 4166.480020 4144.574600 4151.103634 4171.624592 4174.328086 4179.318198 4188.457944 4188.384088 4180.659658 4175.380019 4186.753620 4191.487216 4203.262237 4223.088502 4228.383016 4247.383853 4283.776860 4296.562502 4311.733573 4329.747261 4349.859625 4371.908247 4395.335205 4409.750579 4425.205088 4443.636437 4460.347864 4480.623561 4503.069846
4532.250678 4500.009899 4478.266206 4460.487733 4440.636081 4411.597764 4391.515684 4389.110640 4382.983487 4350.627910 4296.136226 4261.746515 4240.127646 4218.269349 4195.428597 4169.916507 4129.134473 4093.212548 4070.794366 4089.853976 4102.420006 4117.532882 4106.963100 4096.832107 4087.422872 4068.007236 4050.681879 4032.681149 4044.547066 4053.297274 4075.837895 4083.897576 4087.968753 4095.007056 4093.484170 4080.644363 4072.179170 4080.027228 4089.801673 4102.362513 4126.645707 4164.296877 4189.262137 4207.914250 4228.376357 4246.582185 4267.457662 4290.061009 4313.141398 4330.306138 4348.456443 4366.596839 4387.299340 4405.782719 4427.914789
4448.201847 4419.847564 4393.609326 4370.230543 4336.801715 4287.909822 4273.479937 4264.248338 4239.282920 4188.035151 4146.413718 4129.969369 4120.356880 4097.590909 4077.506329 4047.829278 4013.037397 3993.003755 3972.406949 3984.172029 3995.798587 4019.000454 4011.442231 4006.191926 4004.380431 3988.954082 3975.953392 3958.893526 3964.846572 3977.849078 4003.536939 4010.241841 4014.688568 4024.970396 4024.354544 4018.955582 3998.441236 4004.501860 4015.401487 4030.413319 4062.683933 4084.615574 4106.539015 4128.376618 4147.334690 4168.398740 4189.935435 4212.369050 4238.804641 4258.153747 4276.856952 4298.073531 4316.570531 4329.378813 4343.845346
4337.005300 4313.705488 4295.197322 4271.108025 4226.120630 4181.975212 4138.776299 4108.485992 4051.487156 4016.158612 4000.584145 4005.079146 3995.308719 3977.169894 3959.716077 3941.661422 3921.717057 3904.788102 3879.887782 3886.349482 3903.793824 3922.336797 3926.412826 3929.244777 3928.668208 3920.300606 3907.111689 3893.590031 3897.467300 3915.340244 3933.825813 3944.876544 3953.027572 3960.848933 3960.374829 3949.747709 3938.944668 3943.163005 3958.699680 3974.501276 3990.526708 4010.104335 4030.001237 4049.808782 4071.664789 4093.426186 4115.423945 4139.393341 4165.547408 4186.605251 4209.641439 4233.337358 4248.342079 4255.381011 4260.592653
4233.002599 4215.230280 4192.801585 4165.155438 4122.900749 4084.165439 4044.060357 3994.253097 3961.653289 3934.560864 3932.078211 3918.955120 3908.446199 3896.488048 3877.643199 3863.463344 3851.174931 3831.146294 3824.606507 3833.241955 3847.387916 3854.960672 3863.642717 3862.320847 3860.682131 3856.085225 3842.348268 3840.413126 3851.076792 3866.254023 3879.549049 3891.605845 3898.524385 3903.201175 3899.876240 3890.143881 3887.945393 3895.849388 3910.919196 3923.412935 3936.611350 3956.052914 3974.608120 3994.987149 4016.187449 4036.817551 4059.898254 4083.713669 4108.590721 4135.053983 4156.016420 4172.466053 4179.320417 4186.984558 4183.038154
4108.325446 4099.343743 4074.117048 4046.183032 4018.865862 3988.468474 3967.221302 3937.631901 3909.335801 3882.237247 3857.711034 3848.552289 3845.152613 3834.605654 3819.965495 3810.970635 3797.188263 3790.873877 3800.042007 3801.349408 3808.810736 3806.316142 3807.882439 3806.127206 3806.126868 3805.048476 3800.844438 3814.620825 3820.831003 3833.740037 3843.424661 3853.160346 3858.642782 3861.819955 3863.188759 3859.513991 3865.888210 3871.113711 3883.860927 3894.047319 3906.075206 3924.571921 3939.975616 3957.219630 3977.841330 3999.168258 4021.220056 4045.218217 4071.675694 4094.563847 4110.022525 4114.246435 4121.266398 4119.634653 4105.123696
