tests/Borden05m/data_simulated/sim_1/output-maps/psiliqL0002N0004.asc
ncols         160
nrows         34
xllcorner     620200.000000
yllcorner     5168000.000000
cellsize      0.500000
NODATA_value  -9999.0
[rows 0 to 24 of 34, columns 0 to 56 of 160]
-9999.0 -9999.0 -9999.0 -9999.0 -9999.0 -9999.0 -9999.0 -9999.0 -9999.0 -9999.0 -9999.0 -9999.0 -9999.0 -9999.0 -9999.0 -9999.0 -9999.0 -9999.0 -9999.0 -9999.0 -9999.0 -9999.0 -9999.0 -9999.0 -9999.0 -9999.0 -9999.0 -9999.0 -9999.0 -9999.0 -9999.0 -9999.0 -9999.0 -9999.0 -9999.0 -9999.0 -9999.0 -9999.0 -9999.0 -9999.0 -9999.0 -9999.0 -9999.0 -9999.0 -9999.0 -9999.0 -9999.0 -9999.0 -9999.0 -9999.0 -9999.0 -9999.0 -9999.0 -9999.0 -9999.0 -9999.0 -9999.0
-9999.0 -9999.0 -9999.0 -9999.0 -9999.0 -9999.0 -9999.0 -9999.0 -9999.0 -9999.0 -9999.0 -9999.0 -9999.0 -9999.0 -9999.0 -9999.0 -9999.0 -9999.0 -9999.0 -9999.0 -9999.0 -9999.0 -9999.0 -9999.0 -9999.0 -9999.0 -9999.0 -9999.0 -9999.0 -9999.0 -9999.0 -9999.0 -9999.0 -9999.0 -9999.0 -9999.0 -9999.0 -9999.0 -9999.0 -9999.0 -9999.0 -9999.0 -9999.0 -9999.0 -9999.0 -9999.0 -9999.0 -9999.0 -9999.0 -9999.0 -9999.0 -9999.0 -9999.0 -9999.0 -9999.0 -9999.0 -9999.0
-9999.0 -9999.0 -9999.0 -9999.0 -9999.0 -9999.0 -9999.0 -9999.0 -9999.0 -9999.0 -9999.0 -9999.0 -9999.0 -9999.0 -9999.0 -9999.0 -9999.0 -9999.0 -9999.0 -9999.0 -9999.0 -9999.0 -9999.0 -9999.0 -9999.0 -9999.0 -9999.0 -9999.0 -9999.0 -9999.0 -9999.0 -9999.0 -9999.0 -9999.0 -9999.0 -9999.0 -9999.0 -9999.0 -9999.0 -9999.0 -9999.0 -9999.0 -9999.0 -9999.0 -9999.0 -9999.0 -9999.0 -533.357210 -538.728210 -545.345554 -547.322250 -540.006977 -537.266062 -534.878598 -533.580981 -532.467741 -530.358459
-9999.0 -9999.0 -9999.0 -9999.0 -9999.0 -9999.0 -9999.0 -9999.0 -9999.0 -9999.0 -9999.0 -9999.0 -9999.0 -9999.0 -9999.0 -9999.0 -9999.0 -9999.0 -9999.0 -9999.0 -9999.0 -9999.0 -9999.0 -9999.0 -9999.0 -9999.0 -9999.0 -9999.0 -9999.0 -9999.0 -9999.0 -9999.0 -9999.0 -9999.0 -9999.0 -9999.0 -9999.0 -9999.0 -9999.0 -9999.0 -535.953270 -533.448584 -531.248385 -534.719078 -535.879081 -535.058941 -538.512496 -542.768570 -547.235462 -545.573906 -545.547466 -549.336241 -544.616757 -541.046857 -540.319504 -539.881437 -537.013965
-9999.0 -9999.0 -9999.0 -9999.0 -9999.0 -9999.0 -9999.0 -9999.0 -9999.0 -9999.0 -9999.0 -9999.0 -9999.0 -9999.0 -9999.0 -9999.0 -9999.0 -9999.0 -9999.0 -9999.0 -9999.0 -9999.0 -9999.0 -9999.0 -9999.0 -9999.0 -9999.0 -9999.0 -9999.0 -9999.0 -9999.0 -9999.0 -9999.0 -9999.0 -545.143029 -540.515192 -538.848779 -537.352187 -534.709740 -536.122822 -537.367968 -535.187445 -537.195079 -537.043704 -539.265894 -543.634907 -547.975517 -550.292566 -547.080613 -547.977619 -548.117924 -545.948818 -544.907890 -544.958878 -542.163494 -537.295747 -540.754212
-9999.0 -9999.0 -9999.0 -9999.0 -9999.0 -9999.0 -9999.0 -9999.0 -9999.0 -9999.0 -9999.0 -9999.0 -9999.0 -9999.0 -9999.0 -9999.0 -9999.0 -9999.0 -9999.0 -9999.0 -9999.0 -9999.0 -9999.0 -9999.0 -9999.0 -9999.0 -9999.0 -9999.0 -537.502347 -539.352003 -540.737182 -540.566119 -541.233204 -543.997905 -544.942396 -544.840626 -542.698471 -538.985064 -538.746863 -539.602420 -539.530556 -540.638494 -543.475445 -543.654874 -540.247159 -542.869298 -543.858274 -545.469220 -550.269424 -551.511820 -548.876094 -546.526296 -544.694479 -544.724823 -545.076918 -545.929575 -546.241390
-9999.0 -9999.0 -9999.0 -9999.0 -9999.0 -9999.0 -9999.0 -9999.0 -9999.0 -9999.0 -9999.0 -9999.0 -9999.0 -9999.0 -9999.0 -9999.0 -9999.0 -9999.0 -9999.0 -9999.0 -9999.0 -9999.0 -9999.0 -540.218997 -538.499793 -537.976900 -536.517505 -537.383959 -541.233632 -543.591839 -544.571808 -545.413478 -547.498354 -547.852512 -548.165396 -547.233139 -546.769406 -542.811735 -545.530658 -547.365672 -543.832894 -544.867628 -542.299242 -539.380357 -539.994951 -539.204128 -544.405850 -548.304690 -544.098288 -542.574051 -543.057598 -544.384475 -543.538887 -542.424674 -541.037814 -538.184938 -534.439942
-9999.0 -9999.0 -9999.0 -9999.0 -9999.0 -9999.0 -9999.0 -9999.0 -9999.0 -9999.0 -9999.0 -9999.0 -9999.0 -9999.0 -9999.0 -9999.0 -9999.0 -9999.0 -9999.0 -539.451796 -540.044843 -541.216583 -540.853466 -544.696070 -546.364809 -545.456593 -543.614714 -544.863195 -547.009554 -548.823370 -548.618718 -548.416284 -548.985202 -546.437388 -544.529354 -544.235653 -545.417473 -542.518724 -542.062477 -540.622470 -535.850951 -539.397109 -542.713898 -544.442153 -544.583603 -545.701031 -542.769977 -541.992959 -541.980270 -542.787200 -543.193562 -542.865088 -543.025670 -539.791866 -537.226696 -535.622410 -534.429411
-9999.0 -9999.0 -9999.0 -9999.0 -9999.0 -9999.0 -9999.0 -9999.0 -9999.0 -9999.0 -9999.0 -9999.0 -9999.0 -9999.0 -9999.0 -9999.0 -539.339977 -539.684328 -541.145427 -543.580477 -545.636556 -545.749214 -544.318903 -547.165778 -548.193728 -547.723308 -549.106081 -547.893494 -546.566160 -544.938874 -544.280610 -546.395959 -546.275837 -546.895804 -547.558690 -547.233164 -543.937132 -541.073239 -541.102336 -539.205674 -535.111791 -538.036144 -539.135458 -538.992712 -540.921563 -540.018618 -533.714494 -535.536454 -539.450725 -533.244619 -530.427862 -532.661461 -534.216889 -530.933235 -526.076827 -520.485807 -510.652198
-9999.0 -9999.0 -9999.0 -9999.0 -9999.0 -9999.0 -9999.0 -9999.0 -9999.0 -9999.0 -9999.0 -9999.0 -9999.0 -539.249826 -539.605844 -539.333751 -543.086166 -545.936147 -547.700810 -550.191056 -547.353615 -549.617813 -550.444312 -550.086941 -547.585855 -547.738262 -547.674541 -546.267877 -547.115536 -548.175126 -549.222162 -551.205797 -549.419872 -547.725060 -546.820022 -544.407072 -542.931241 -542.192984 -539.818656 -540.167061 -538.756839 -540.151848 -542.960166 -543.671341 -541.991496 -536.672172 -533.333331 -533.375809 -526.758621 -520.435200 -518.748270 -515.348509 -514.612137 -513.499423 -509.091597 -494.524667 -479.220286
-9999.0 -9999.0 -9999.0 -9999.0 -9999.0 -9999.0 -9999.0 -9999.0 -9999.0 -9999.0 -544.351828 -542.493479 -545.227563 -550.448164 -552.744427 -551.726531 -550.661616 -552.731948 -552.844597 -547.780138 -545.127244 -550.316999 -547.151783 -547.334085 -549.677870 -549.424207 -548.375016 -548.573753 -545.814792 -546.169139 -546.698942 -542.108604 -541.479332 -540.785530 -539.645980 -538.545703 -538.138980 -532.226625 -527.611308 -529.657008 -522.515309 -518.315763 -523.298292 -525.276791 -524.984827 -520.980600 -514.390603 -504.985781 -498.341994 -487.459494 -478.113862 -472.272265 -467.732617 -460.605405 -449.895971 -427.976849 -395.851765
-9999.0 -9999.0 -9999.0 -9999.0 -9999.0 -9999.0 -9999.0 -9999.0 -551.573310 -548.661778 -546.873472 -549.187169 -552.260287 -557.947252 -555.923223 -554.034753 -552.848798 -550.961495 -550.231915 -549.736721 -551.433402 -549.985491 -547.018696 -548.317101 -548.300934 -546.511952 -546.947184 -545.633977 -543.395234 -545.719335 -545.122515 -543.517250 -542.256845 -541.226455 -539.865095 -539.857680 -534.256644 -526.992720 -519.700581 -514.385003 -506.071090 -495.190261 -497.988609 -497.365560 -498.106700 -485.855515 -471.378167 -453.156680 -427.339080 -400.023191 -368.170370 -345.096408 -322.235059 -271.001736 -183.446334 -149.214147 -122.229418
-9999.0 -9999.0 -9999.0 -9999.0 -9999.0 -9999.0 -555.747501 -549.445176 -546.427315 -553.773876 -559.409672 -561.258907 -564.602953 -557.329877 -551.083502 -550.124176 -549.453556 -548.620368 -549.611070 -554.358864 -545.262761 -548.456741 -550.974261 -548.664897 -549.407602 -549.682289 -548.492175 -545.251574 -544.715079 -538.199287 -534.449066 -531.672424 -527.038901 -524.941078 -522.823809 -520.734612 -512.110320 -500.356022 -486.994446 -474.708725 -460.890001 -439.940165 -429.178631 -422.709227 -414.834647 -400.789756 -369.113977 -297.011113 -176.619029 -124.211014 -98.078946 -85.221284 -69.739711 -45.767296 -14.944277 3.306772 11.641193
-9999.0 -9999.0 -9999.0 -9999.0 -551.822075 -550.571694 -552.041949 -546.669930 -542.987725 -551.950954 -548.796392 -550.406256 -553.360874 -556.991650 -561.361379 -558.550572 -557.055900 -556.169062 -557.207825 -548.537434 -541.439066 -547.637371 -544.670840 -538.056319 -540.740749 -540.684825 -541.216420 -539.183805 -535.102402 -530.370629 -517.186919 -506.666537 -501.479276 -494.802591 -488.877624 -480.719800 -466.998541 -445.213393 -414.314731 -377.955266 -323.041084 -211.807999 -158.481760 -140.095261 -127.711162 -114.909087 -95.233795 -58.326050 -13.556755 12.559325 14.075231 14.740766 15.089663 15.799111 16.579832 17.290375 17.825708
-9999.0 -9999.0 -9999.0 -555.491336 -549.318586 -547.305024 -550.806892 -550.075147 -545.599439 -550.651750 -551.689597 -552.699562 -553.378955 -553.470868 -554.116045 -552.674163 -552.622317 -554.218972 -553.439821 -548.915160 -547.943599 -545.139216 -543.621077 -540.578870 -537.921465 -537.652808 -536.675469 -532.895961 -521.507680 -511.417427 -492.976252 -467.926485 -443.714909 -423.925192 -409.586645 -388.810657 -362.118540 -273.805327 -169.627431 -116.598477 -73.673049 -28.733481 0.992045 10.562627 12.478166 12.769037 13.616600 14.779384 15.899795 17.238849 18.432831 19.346004 19.804868 20.016857 20.789434 23.417208 32.168722
-9999.0 -9999.0 -554.034036 -550.576444 -553.481618 -549.420739 -544.916874 -549.149496 -543.709345 -542.317209 -548.830011 -545.794035 -544.509205 -548.782337 -546.946679 -544.850394 -543.779880 -548.492589 -552.255751 -547.517955 -536.424883 -529.141847 -528.650270 -508.113537 -499.454086 -493.899580 -493.361422 -485.382930 -473.706351 -445.942800 -405.800623 -346.885850 -218.009660 -155.825006 -135.164161 -119.568066 -95.522568 -60.871106 -15.868280 10.879626 14.325351 15.898215 17.181452 17.614703 17.637135 18.254782 19.170200 20.083759 21.056697 29.192648 44.885104 45.299916 44.960160 44.761639 44.948744 44.686318 44.642581
-9999.0 -9999.0 -558.172920 -552.312239 -557.027725 -548.234317 -540.229542 -549.853571 -548.175141 -540.109481 -543.352718 -543.221282 -545.790551 -546.748631 -544.169573 -537.632681 -541.803014 -543.225533 -552.405193 -535.163588 -523.184828 -504.707394 -468.725130 -434.301324 -409.517765 -408.515378 -408.026792 -395.581878 -365.776160 -242.766752 -151.767472 -91.205498 -31.582861 2.055267 12.625033 13.492408 14.522067 15.720043 16.764732 18.805838 19.530008 20.436476 24.633386 40.042920 45.718176 45.141062 45.213800 44.708754 44.838842 44.472159 44.305252 40.894077 40.177307 40.569298 41.266903 37.003906 31.178519
-9999.0 -559.226336 -556.433983 -556.613084 -550.959344 -553.845178 -547.889441 -539.034866 -541.015852 -538.689045 -540.068878 -548.222235 -532.261685 -519.585901 -517.406703 -506.226501 -512.420164 -515.701356 -526.120029 -513.446475 -493.984627 -433.435491 -271.943408 -168.405450 -132.475868 -129.809751 -136.449118 -126.771146 -100.627661 -48.437778 7.416399 15.045174 17.868478 19.832778 20.316388 20.162356 21.059322 32.804529 48.033549 49.549011 49.809435 49.339908 44.821254 44.858274 44.385967 44.807530 41.567073 36.197769 28.907624 23.756473 20.845849 20.222534 20.583118 21.554433 22.821192 20.716471 20.330330
-9999.0 -568.407937 -556.773725 -550.140875 -553.499250 -559.664893 -544.882954 -522.229804 -534.092164 -538.969473 -543.261770 -534.715321 -502.115790 -474.900797 -453.096973 -426.150877 -429.609411 -440.289849 -442.011404 -420.823619 -367.871244 -208.070109 -66.354532 12.727864 13.494179 14.200632 14.511267 15.767994 17.493506 19.229032 20.667251 37.095884 38.895120 38.844912 38.655944 38.739778 38.552087 38.704948 35.342225 31.983720 27.633361 27.523518 30.697825 30.470832 28.078220 25.588121 21.092652 20.359017 20.126285 19.960018 19.927517 19.824553 19.774280 20.015672 19.828473 19.706405 19.486661
-9999.0 -558.870333 -545.478338 -549.431175 -561.620188 -546.901274 -542.822583 -529.686484 -521.669145 -530.651829 -521.585618 -481.311381 -417.981729 -314.994518 -188.072088 -150.861775 -140.423055 -150.305129 -141.797513 -110.744226 -59.522783 12.144732 16.838941 21.641161 26.886233 26.878458 26.610948 26.725466 26.705868 26.559694 26.328888 24.297950 28.466543 30.308736 29.093749 26.293881 21.980863 20.154040 19.929054 19.910997 19.785779 19.873157 20.188474 20.372181 20.177057 20.044605 19.918132 19.811432 19.700541 19.492750 19.487451 19.399326 19.426313 19.250285 19.127701 19.079279 18.760007
-9999.0 -574.720722 -555.544620 -572.499821 -551.088827 -533.402279 -539.764198 -517.356884 -494.100763 -498.241742 -449.552662 -353.058062 -164.465791 -66.883174 -11.232927 13.204351 14.667353 15.790298 17.315529 18.140581 23.066998 35.608081 35.474022 34.985648 26.548955 26.589768 20.833197 19.417388 19.012582 18.639968 18.799041 19.288622 19.611582 20.106680 19.791571 19.900773 19.933059 19.812094 19.883307 19.580074 19.326325 19.153366 19.155481 19.797401 19.435675 19.398050 19.268889 19.084277 18.845894 18.605415 18.325263 18.036753 18.008947 17.722959 17.907762 17.826644 16.375095
-9999.0 -585.954761 -572.807445 -563.465942 -544.919983 -532.681631 -522.512136 -499.186317 -449.200654 -419.552917 -331.805018 -186.451568 -55.467599 13.061785 17.672870 19.223999 26.306535 26.525736 26.609222 20.635514 17.805540 17.381079 18.148409 19.293351 19.521800 19.777084 19.153781 18.780894 18.729131 18.972376 18.936224 18.902149 18.813532 18.643486 18.391112 18.459413 18.876312 18.628099 18.446686 18.371601 18.338035 18.110420 17.923956 17.814128 17.786822 17.998743 17.751921 17.366555 16.815608 16.217159 15.535809 15.029213 14.861451 14.529611 14.123516 13.406802 -1.232471
-9999.0 -611.739489 -567.790133 -563.372594 -552.588525 -550.482868 -549.818028 -531.669655 -507.957181 -418.469237 -208.670521 -131.202074 -48.428199 3.848327 14.883859 18.178459 18.538516 16.507430 15.215808 14.712594 15.403089 16.120087 16.672075 17.496198 18.064492 18.411504 18.444996 18.123436 17.511655 17.283047 16.996231 16.103162 15.379256 15.259608 15.094453 15.485443 15.737994 15.160051 14.568924 13.872365 13.311929 12.918577 12.874282 13.025929 13.075024 12.984423 12.654808 10.970835 -4.200374 -30.012274 -54.643134 -69.932655 -82.086535 -94.806921 -107.542416 -122.977872 -164.891425
-9999.0 -9999.0 -587.948951 -562.761849 -560.517046 -557.729972 -556.002094 -540.652358 -528.084757 -474.765439 -426.039052 -354.140088 -211.722573 -141.225598 -92.357077 -54.644964 -41.439889 -22.289989 -37.085404 -23.961169 -1.387739 8.784804 12.125245 12.619311 13.121755 13.449740 13.768309 13.773959 13.357923 12.236030 -8.259796 -40.535743 -64.151292 -75.852731 -68.690082 -57.256499 -60.378827 -68.531350 -79.836609 -92.693784 -102.504541 -112.486506 -114.674528 -113.332566 -112.861514 -114.879375 -119.276485 -133.482523 -160.976892 -228.913853 -288.328890 -315.130246 -332.950885 -353.832236 -370.991028 -387.904889 -413.880693
-9999.0 -9999.0 -616.162092 -575.755838 -559.121671 -547.731325 -550.881936 -550.926662 -527.117785 -520.439339 -509.438321 -489.323058 -461.936367 -431.205736 -400.611558 -348.857950 -311.040141 -287.581452 -289.472543 -259.717711 -175.420437 -142.797588 -130.774576 -122.414224 -114.265056 -106.746353 -99.875384 -109.195571 -118.825453 -136.673021 -175.274337 -270.370502 -325.393492 -341.594507 -331.404472 -312.019606 -321.339294 -342.144192 -364.159280 -384.033601 -397.090344 -408.781794 -412.091956 -412.854881 -412.743774 -414.978376 -418.501555 -428.402294 -441.144273 -451.622713 -457.962159 -462.518947 -464.156084 -468.720880 -473.976463 -475.895741 -484.505854
