tests/Borden05m/data_simulated/sim_1/output-maps/psiliqL0030N0006.asc
ncols         160
nrows         34
xllcorner     620200.000000
yllcorner     5168000.000000
cellsize      0.500000
NODATA_value  -9999.0
[rows 0 to 24 of 34, columns 55 to 109 of 160]
-9999.0 -9999.0 -9999.0 -9999.0 -9999.0 -9999.0 -9999.0 -9999.0 -9999.0 -9999.0 -9999.0 -9999.0 -9999.0 -9999.0 -9999.0 -9999.0 -9999.0 -9999.0 -9999.0 -9999.0 -9999.0 -9999.0 -9999.0 -9999.0 -9999.0 -9999.0 -9999.0 -9999.0 -9999.0 -9999.0 -9999.0 -9999.0 -9999.0 -9999.0 -9999.0 -9999.0 -9999.0 -9999.0 -9999.0 -9999.0 -9999.0 -9999.0 -9999.0 -9999.0 -9999.0 -9999.0 -9999.0 -9999.0 -9999.0 -9999.0 -9999.0 -9999.0 -9999.0 -9999.0 -9999.0
-9999.0 -9999.0 -9999.0 -9999.0 4197.054392 4191.814457 4187.197589 4182.817471 4174.441958 4165.123520 4157.451734 4153.223689 4151.998893 4151.153615 4150.448364 4155.180455 4163.226917 4170.799559 4177.553050 4179.933074 4182.216113 4183.916599 4184.036054 4182.889602 4179.611834 4176.208604 4172.785269 4170.995889 4163.845690 4152.782481 4144.616663 4141.939305 4146.028813 4150.317627 4152.752408 4157.701056 4167.949633 4178.456228 4187.020756 4199.762519 4207.113587 4212.488637 4214.912369 4210.909619 4207.675635 4203.607384 4197.107343 4185.968522 -9999.0 -9999.0 -9999.0 -9999.0 -9999.0 -9999.0 -9999.0
4142.062152 4160.375281 4181.666294 4184.730189 4172.820862 4167.674067 4164.574223 4163.027342 4158.981807 4150.551079 4145.485123 4139.979764 4137.080600 4137.049913 4136.842544 4140.324746 4151.223399 4158.908937 4163.350769 4165.973901 4168.843804 4166.823485 4165.913831 4165.665564 4162.708482 4159.153663 4155.725332 4153.812048 4155.560978 4147.945916 4141.774895 4137.714579 4134.343001 4137.139289 4139.909111 4144.844406 4153.882163 4161.675560 4169.558709 4184.975445 4198.364262 4204.166927 4201.575745 4197.075451 4193.213640 4185.536180 4174.526449 4164.622392 4157.050086 4151.222823 4145.898311 4139.234657 4145.769387 4154.027761 4163.168908
4125.253462 4144.454034 4165.010763 4167.479857 4157.338929 4149.767685 4142.348595 4142.955360 4146.737883 4143.591992 4138.710523 4130.037165 4140.514532 4141.392992 4141.907131 4144.999218 4146.429931 4152.104107 4154.348641 4159.606670 4168.511009 4171.286210 4171.627407 4171.577919 4169.480654 4166.116481 4164.038020 4161.165497 4155.809843 4153.757081 4153.180880 4151.554307 4155.352459 4156.869507 4160.133193 4154.993600 4159.667101 4165.914137 4172.899912 4178.078287 4184.027449 4186.072298 4182.739069 4183.751848 4175.395981 4161.775085 4152.302113 4145.161043 4146.078906 4143.220468 4135.285806 4121.261093 4129.964024 4146.280987 4151.152311
4129.976386 4138.840261 4149.035765 4151.382209 4146.326776 4148.798405 4150.622403 4151.715193 4149.749335 4146.026047 4140.888361 4150.645029 4158.580890 4159.803554 4162.028847 4166.010069 4167.246640 4156.639607 4154.659347 4161.547228 4170.925138 4175.813981 4175.918516 4175.395085 4171.138309 4169.863837 4169.647391 4167.915222 4166.954513 4168.201558 4164.991488 4167.392305 4172.793661 4176.226137 4171.793242 4163.584321 4166.250381 4174.904047 4184.311423 4191.955099 4201.936463 4212.499971 4213.143736 4208.921630 4200.516316 4188.360839 4166.163119 4149.244621 4138.225933 4129.954968 4122.665553 4126.587775 4121.384444 4136.030015 4137.894946
4112.780144 4134.688051 4154.419258 4159.663988 4153.645278 4150.328336 4149.561028 4150.148185 4148.818118 4148.481589 4156.046143 4167.244268 4177.453784 4179.212916 4180.780096 4179.194885 4172.115037 4161.733140 4159.361884 4172.105128 4188.965497 4196.663252 4195.780882 4190.280719 4192.167866 4192.748945 4193.947831 4191.066762 4191.365596 4187.727358 4191.746078 4199.459963 4207.713669 4206.488423 4193.951630 4181.298572 4181.665393 4187.948456 4196.026143 4203.999333 4214.076001 4222.943093 4218.151086 4213.532985 4206.884611 4182.083008 4160.731822 4147.133074 4147.441385 4148.344066 4144.026215 4142.344389 4142.177123 4138.987507 4139.442576
4147.464886 4166.169706 4186.572928 4198.723485 4192.488875 4185.263291 4177.418193 4177.532022 4177.150171 4182.339683 4191.957167 4203.308539 4224.398111 4222.877865 4222.514940 4219.945115 4206.496961 4192.982488 4183.385466 4206.829425 4218.156300 4224.863814 4220.941929 4224.580911 4232.857410 4229.610776 4223.873606 4211.250544 4216.661525 4221.498501 4236.720890 4245.069575 4250.831421 4245.194463 4230.384141 4223.262401 4225.712703 4233.506058 4235.797430 4245.713936 4253.950363 4268.756411 4267.054687 4265.376750 4246.108984 4208.825237 4180.849670 4170.480722 4183.520414 4178.080850 4171.651208 4172.557678 4162.304501 4156.184269 4159.472083
4176.098542 4188.404756 4204.229175 4220.433615 4210.430153 4200.548191 4183.152726 4179.314765 4182.574150 4192.932637 4210.175207 4226.843100 4245.771813 4241.657499 4232.203150 4241.995804 4234.903289 4223.621635 4216.364741 4241.095434 4250.662606 4260.512404 4265.070270 4277.792964 4287.968992 4269.310730 4250.667461 4238.638631 4246.293475 4273.846424 4297.988813 4302.767793 4301.175464 4299.555177 4282.216563 4277.888784 4275.460493 4277.478876 4275.774842 4274.508918 4302.034021 4325.076217 4325.127576 4303.843728 4281.156826 4240.074284 4201.858687 4179.540054 4196.388626 4192.505773 4196.846144 4187.952606 4177.103216 4172.577847 4172.042611
4220.715308 4240.439668 4255.929982 4278.405004 4266.492022 4241.644617 4223.288452 4225.433435 4239.533533 4248.178468 4267.957951 4283.248218 4307.647415 4317.257596 4326.355071 4330.398004 4323.852674 4315.484992 4303.848530 4311.453999 4337.670422 4349.353948 4357.095392 4364.887671 4377.722552 4376.548962 4368.296117 4366.064796 4370.871307 4386.470192 4402.776329 4409.622923 4412.001731 4413.716202 4397.447737 4383.613531 4382.916405 4378.398898 4378.785401 4378.440300 4392.573841 4415.972495 4412.163370 4371.959533 4344.691531 4308.121276 4268.678025 4239.335417 4236.145475 4258.780753 4258.913304 4242.835978 4234.674337 4210.988569 4208.954589
4286.354091 4319.165270 4343.112899 4352.484922 4358.532745 4340.962294 4338.038358 4342.590578 4351.668020 4354.557744 4360.913397 4393.761771 4427.725925 4451.864071 4474.578696 4481.563128 4468.720314 4458.985615 4444.982908 4436.417290 4449.778488 4468.154083 4486.332168 4501.184463 4512.665322 4514.298241 4512.610610 4512.622621 4516.148662 4519.216622 4524.028112 4533.356885 4541.215075 4549.508226 4556.622923 4544.644092 4527.445351 4519.037912 4511.381313 4511.794874 4513.950581 4519.403035 4520.619102 4500.622016 4454.634552 4421.380340 4388.534001 4371.177074 4359.747530 4363.196191 4344.741594 4319.115668 4265.170408 4228.000255 4197.114175
4369.413896 4415.584153 4445.176478 4460.800835 4473.234691 4468.736614 4470.775300 4471.626940 4475.013146 4476.785013 4478.408200 4507.073037 4550.717854 4591.517468 4623.808912 4622.579168 4607.476653 4595.867044 4587.200134 4571.573742 4567.488647 4581.889023 4598.924209 4620.835336 4631.067641 4636.055629 4631.884910 4632.060429 4634.368260 4636.868592 4639.178790 4643.451967 4654.103894 4670.423386 4686.143651 4684.607059 4663.574717 4645.106215 4629.339940 4628.287042 4626.854201 4622.011956 4624.907559 4626.942607 4607.789238 4573.779656 4531.829062 4491.281340 4477.011531 4463.140381 4452.283648 4434.298153 4387.985500 4315.256354 4272.041270
4486.194260 4523.508215 4553.220662 4584.180300 4598.271744 4599.047959 4595.809027 4593.878103 4601.107893 4602.921723 4607.351349 4624.292751 4659.933349 4698.332081 4729.615505 4744.719044 4735.590723 4715.692172 4691.634062 4680.156040 4676.673458 4680.933390 4691.615951 4706.362762 4727.540475 4748.447804 4754.430732 4755.384351 4752.605108 4755.199933 4756.962696 4757.120339 4760.766383 4770.723101 4781.715429 4785.404406 4776.441521 4753.303076 4728.307425 4717.769937 4711.828205 4708.630711 4710.531999 4716.888436 4721.172238 4704.846063 4666.062542 4618.366753 4588.749436 4575.220042 4562.833857 4547.901600 4534.246016 4495.776773 4472.908613
4598.125412 4614.513575 4644.470709 4674.734412 4697.366682 4711.853599 4711.233974 4713.587620 4718.590911 4725.287075 4740.499274 4765.822926 4787.146858 4812.339872 4841.346988 4859.277143 4864.485843 4862.084346 4856.927835 4857.909361 4858.348179 4780.550503 4788.158951 4795.763830 4816.925662 4835.370938 4842.165707 4842.955132 4839.805485 4841.958639 4842.906034 4842.705037 4842.320278 4845.594345 4851.879185 4854.281229 4851.311699 4836.184195 4860.540970 4839.102753 4824.853641 4816.214559 4807.598528 4799.273753 4789.657441 4779.365356 4757.349947 4724.260481 4688.671425 4668.571734 4661.373653 4654.891507 4645.155553 4638.787996 4620.405905
4698.389470 4709.066119 4728.715735 4752.970905 4790.045668 4815.632550 4827.699412 4837.562164 4842.374926 4857.229474 4875.450006 4855.065278 4865.382766 4876.059459 4886.667877 4890.310899 4891.353980 4890.872675 4888.393431 4887.431293 4884.682428 4881.642322 4870.725135 4872.384481 4874.520672 4877.201300 4881.038445 4880.019210 4881.213082 4884.194945 4882.317127 4876.009941 4871.707190 4870.123818 4871.347728 4878.947220 4882.603212 4883.637507 4879.292945 4878.242926 4877.005837 4872.782507 4867.509762 4860.076746 4850.568452 4870.051668 4856.958377 4826.553760 4782.773068 4738.363924 4732.576019 4736.253781 4735.558899 4734.153491 4728.286274
4832.486035 4847.210059 4863.047726 4833.067266 4860.810900 4875.009006 4881.647793 4886.463569 4889.507074 4893.506588 4890.580045 4887.722600 4882.707242 4880.984212 4879.577619 4877.085253 4877.694898 4875.802144 4871.626098 4867.318938 4858.661277 4846.657081 4835.469917 4831.457323 4835.652434 4841.542623 4847.062301 4852.050859 4855.963335 4855.532890 4849.715948 4840.962480 4833.141868 4831.569363 4838.667848 4844.535952 4851.632165 4852.603788 4851.193317 4848.480923 4848.036924 4844.402328 4844.494773 4851.893557 4867.417572 4868.965833 4876.295151 4875.251389 4854.577768 4817.142184 4836.172294 4815.712682 4822.571367 4817.736440 4806.076720
4881.249280 4884.690370 4882.665455 4881.834340 4875.219639 4868.991881 4868.153290 4872.231498 4879.388225 4880.336671 4873.158044 4864.327019 4856.847489 4849.015842 4846.489896 4846.144188 4845.999114 4846.619948 4841.234541 4831.184186 4813.292171 4801.568231 4790.451848 4784.476938 4779.891562 4782.747820 4794.648831 4807.964823 4813.211559 4802.806665 4793.851442 4781.442410 4773.280800 4773.805226 4774.366907 4784.170883 4802.353641 4811.179548 4812.055315 4805.016419 4797.712508 4790.739313 4787.276826 4793.675260 4809.369609 4827.033611 4843.700515 4853.428250 4861.460558 4868.969088 4865.299254 4868.703405 4870.576543 4867.931926 4872.622825
4876.181353 4868.953985 4861.723037 4856.227915 4849.744436 4844.502200 4842.539522 4844.144024 4845.640659 4841.127034 4834.729930 4824.615276 4813.327548 4803.435911 4795.097443 4796.133605 4798.515462 4800.406819 4792.625268 4776.658311 4758.390062 4744.677115 4730.640823 4726.635441 4720.246594 4711.149999 4721.133721 4742.044354 4749.941355 4732.701850 4721.315036 4705.592285 4699.251905 4694.864437 4695.369589 4704.199104 4727.964066 4754.197239 4756.712274 4745.263182 4733.864082 4729.239332 4725.885582 4729.981810 4746.499181 4768.063695 4785.021820 4796.068500 4801.477719 4809.325715 4818.861379 4834.159751 4849.862657 4862.939822 4866.254615
4850.279486 4842.425785 4834.655175 4826.874650 4819.874940 4813.527454 4809.087261 4807.065066 4802.482586 4796.156377 4788.927949 4765.544214 4752.725336 4739.163733 4723.485583 4719.217281 4713.531735 4714.246449 4702.411505 4695.126792 4679.225388 4663.719020 4647.928462 4633.321526 4627.540899 4620.441272 4616.455798 4629.225469 4637.461617 4629.362374 4619.849686 4609.984937 4606.075797 4602.692510 4605.443399 4616.053003 4634.776404 4653.150864 4662.314412 4655.319173 4655.665682 4656.783967 4655.263471 4662.095783 4671.844253 4689.477036 4712.868982 4733.343542 4743.745493 4750.553225 4759.680682 4774.403116 4788.888718 4803.703747 4822.398845
4819.372527 4809.851205 4799.716135 4789.714661 4778.968291 4768.167277 4761.304702 4764.305257 4758.263430 4752.670355 4726.838693 4667.896702 4645.259929 4625.583454 4608.654013 4601.260992 4592.161847 4572.640377 4563.950361 4560.097655 4565.575555 4552.010750 4534.323341 4515.905232 4511.043047 4507.687465 4487.021037 4478.794800 4478.327698 4499.343165 4493.778910 4494.292079 4497.804935 4495.508990 4496.123742 4508.651461 4514.879645 4518.673356 4525.860278 4533.315468 4545.632561 4554.781714 4567.792984 4585.849377 4596.124158 4610.951180 4631.257134 4658.105772 4674.778469 4684.553610 4694.992234 4710.430925 4726.704868 4744.870168 4767.619318
4784.079811 4766.353927 4751.205230 4736.526676 4723.533133 4710.337591 4693.212397 4695.228937 4693.317549 4682.050554 4621.556215 4580.979708 4546.176832 4529.004320 4504.398060 4489.684402 4470.973618 4427.565825 4408.673719 4410.229399 4428.851020 4427.637707 4412.895163 4401.764768 4391.771469 4381.287553 4361.610634 4338.910300 4345.540927 4366.558658 4369.681478 4375.065879 4384.513370 4384.547931 4376.581683 4370.690635 4381.928054 4386.510368 4398.463144 4418.860684 4424.292528 4443.973805 4481.086120 4493.927912 4509.212089 4527.219391 4547.345731 4569.470624 4593.195007 4607.775907 4623.372237 4641.872209 4658.660839 4678.992687 4701.465761
4731.233158 4698.633975 4676.667276 4658.723968 4638.622451 4608.982571 4588.812650 4586.302910 4580.117509 4546.860886 4491.727910 4457.536170 4436.248364 4414.263202 4391.350172 4365.298408 4323.570574 4287.249386 4264.587606 4284.371279 4297.187761 4313.082386 4302.647716 4292.608111 4283.186255 4263.388345 4245.903590 4227.494257 4239.547765 4248.314304 4271.699442 4280.037885 4284.146253 4291.466933 4289.942302 4276.634745 4267.408932 4275.258953 4285.073577 4297.843023 4322.862673 4361.130627 4386.257326 4405.128710 4425.717433 4443.939417 4464.834301 4487.491253 4510.785945 4528.125572 4546.363643 4564.540385 4585.325028 4603.757932 4625.817844
4646.051310 4617.564199 4591.240729 4567.693015 4533.719339 4484.073081 4469.523201 4460.113577 4434.280180 4381.974955 4340.214276 4324.658322 4315.697570 4292.868495 4272.830262 4242.824760 4207.664230 4187.863909 4167.121517 4179.101908 4190.938121 4214.785776 4207.419872 4202.455676 4200.849018 4185.337920 4172.351080 4155.109180 4160.961128 4174.150267 4200.353139 4207.223549 4211.746874 4222.246741 4221.681259 4216.138260 4194.977615 4200.943569 4211.946446 4227.131006 4259.797560 4281.694169 4303.632036 4325.647093 4344.670800 4365.803179 4387.350351 4409.830643 4436.470135 4455.953083 4474.763767 4496.081429 4514.576268 4527.149786 4541.319852
4533.886333 4510.612652 4492.211907 4467.979784 4422.302289 4377.917467 4333.972068 4302.647871 4244.319693 4208.690390 4194.040233 4199.631353 4190.198870 4172.185808 4154.829388 4136.830047 4117.112445 4100.407612 4075.361976 4081.915174 4099.603365 4118.374625 4122.979467 4126.144561 4125.681601 4117.445932 4104.255021 4090.714929 4094.600659 4112.638618 4131.234213 4142.511908 4150.769514 4158.626844 4158.139514 4147.314553 4136.402406 4140.582310 4156.267421 4172.125408 4187.949432 4207.462061 4227.349042 4247.233222 4269.169477 4290.961948 4312.990229 4337.003682 4363.270160 4384.522200 4407.662722 4431.442966 4446.302570 4453.138604 4457.927456
4429.232094 4411.620903 4389.162873 4361.277295 4318.713026 4279.953826 4239.768945 4189.110775 4156.344853 4129.310692 4127.546706 4114.616959 4104.407673 4092.691639 4073.860876 4059.885927 4047.891047 4027.900428 4021.948812 4030.728973 4044.900485 4052.230085 4061.227726 4059.975165 4058.393235 4053.943398 4040.183706 4038.707537 4049.497067 4064.669289 4077.882887 4090.062000 4097.006193 4101.616731 4098.271595 4088.469342 4086.508877 4094.440790 4109.533444 4121.944890 4134.968542 4154.369768 4172.848043 4193.244995 4214.461628 4235.084392 4258.174100 4282.004025 4306.938912 4333.573327 4354.514234 4370.762217 4377.464108 4385.003924 4380.480119
4303.795870 4295.160221 4269.799785 4241.699072 4214.537123 4184.433719 4163.560948 4133.962590 4105.675628 4078.635499 4054.038421 4045.234420 4042.114348 4031.727515 4017.273470 4008.469431 3994.805739 3989.089134 3998.757191 3999.933463 4007.147093 4004.407410 4006.007433 4004.303824 4004.350413 4003.448003 3999.608290 4013.778408 4019.911859 4032.723711 4042.350972 4052.114647 4057.564119 4060.698728 4062.169520 4058.672521 4065.238750 4070.380797 4083.056473 4093.185980 4105.082356 4123.499751 4138.844825 4156.026550 4176.639343 4197.963288 4219.993528 4244.003042 4270.504497 4293.388087 4308.694461 4312.692006 4319.572371 4317.575660 4302.610375
