tests/Borden05m/data_simulated/sim_1/output-maps/psiliqL0015N0004.asc
ncols         160
nrows         34
xllcorner     620200.000000
yllcorner     5168000.000000
cellsize      0.500000
NODATA_value  -9999.0
[rows 0 to 24 of 34, columns 56 to 111 of 160]
-9999.0 -9999.0 -9999.0 -9999.0 -9999.0 -9999.0 -9999.0 -9999.0 -9999.0 -9999.0 -9999.0 -9999.0 -9999.0 -9999.0 -9999.0 -9999.0 -9999.0 -9999.0 -9999.0 -9999.0 -9999.0 -9999.0 -9999.0 -9999.0 -9999.0 -9999.0 -9999.0 -9999.0 -9999.0 -9999.0 -9999.0 -9999.0 -9999.0 -9999.0 -9999.0 -9999.0 -9999.0 -9999.0 -9999.0 -9999.0 -9999.0 -9999.0 -9999.0 -9999.0 -9999.0 -9999.0 -9999.0 -9999.0 -9999.0 -9999.0 -9999.0 -9999.0 -9999.0 -9999.0 -9999.0 -9999.0
-9999.0 -9999.0 -9999.0 1222.155075 1216.793205 1211.805911 1207.183006 1198.565419 1189.587372 1181.539750 1177.807978 1177.132211 1176.611410 1176.455616 1181.903147 1190.161171 1198.029594 1205.360855 1207.974319 1210.592424 1212.960197 1213.595846 1212.567388 1209.520218 1206.392987 1203.151524 1201.740578 1193.886870 1182.646325 1173.996476 1171.311632 1175.734424 1180.210382 1182.713982 1188.450128 1199.088331 1209.782848 1218.206092 1230.028679 1235.814787 1240.713739 1243.339463 1238.955357 1235.145427 1231.021419 1225.517360 1214.328018 -9999.0 -9999.0 -9999.0 -9999.0 -9999.0 -9999.0 -9999.0 -9999.0 -9999.0
1185.812850 1206.144751 1209.518757 1198.209798 1193.398783 1190.335480 1188.577100 1184.049015 1175.674337 1170.705095 1165.572483 1163.878940 1164.219753 1164.546206 1168.864669 1179.368271 1187.548580 1192.498767 1195.233261 1198.068942 1197.775903 1197.406398 1197.293837 1194.597156 1191.339560 1188.110069 1186.439472 1187.130728 1179.627105 1174.132685 1170.691873 1168.868570 1171.445052 1173.896738 1177.470152 1186.881906 1194.939631 1202.969832 1217.251757 1229.575830 1234.622291 1231.800344 1226.525529 1222.362089 1215.202843 1204.730384 1194.235650 1184.725184 1177.618338 1171.775679 1165.583971 1171.250464 1177.648523 1187.054469 1196.247934 1207.925868
1170.835385 1191.239693 1194.270846 1183.825345 1175.881683 1170.854018 1171.384688 1174.378410 1171.203983 1166.853558 1161.758475 1170.803842 1172.363591 1173.748531 1177.309096 1180.477641 1184.138341 1187.053629 1192.613516 1201.801321 1204.734065 1205.457322 1205.784432 1204.122539 1201.164344 1199.495308 1196.873759 1191.778280 1190.653022 1190.891332 1190.512208 1195.363068 1196.885473 1198.818082 1192.346663 1196.024826 1202.190117 1208.961212 1215.193481 1221.574444 1225.042752 1221.415658 1220.339271 1211.479964 1197.203557 1185.812258 1177.073300 1175.127106 1171.531935 1163.191426 1149.844429 1156.633903 1171.765033 1175.907209 1178.673240 1189.843594
1166.561587 1178.471414 1181.734449 1177.085305 1178.898362 1180.866313 1182.657276 1181.382401 1178.652050 1176.658182 1189.185274 1198.777954 1200.887200 1204.096601 1208.114777 1208.027764 1196.567012 1194.447775 1202.774292 1213.203864 1219.111000 1219.559119 1219.668749 1217.583076 1216.745794 1216.557662 1214.567715 1215.227792 1217.580439 1217.221285 1221.608661 1227.248640 1230.239279 1222.900972 1213.942538 1215.007425 1222.840469 1231.061341 1238.280509 1248.610477 1259.493357 1258.205375 1252.208982 1242.661038 1228.605471 1204.665266 1184.805464 1173.292623 1165.374959 1157.521789 1157.337688 1153.423139 1164.455647 1165.535458 1166.886882 1174.395068
1172.438161 1193.890917 1201.958837 1196.553159 1192.203329 1190.158179 1191.337157 1191.761597 1194.798079 1207.076831 1220.928038 1235.335501 1238.453055 1241.362927 1241.238571 1232.796569 1222.878802 1219.529536 1234.243235 1250.706515 1259.172590 1259.946010 1258.996422 1265.566683 1264.643980 1263.442162 1258.960117 1260.932986 1261.927168 1271.212198 1278.876117 1286.114646 1284.425093 1272.446817 1260.945262 1259.640858 1262.773887 1266.512028 1272.760858 1282.694314 1291.895329 1286.300030 1278.761432 1268.345901 1239.351848 1212.046813 1194.726719 1194.038612 1193.410068 1187.753438 1183.958060 1180.290733 1173.000751 1171.865918 1170.283396 1169.003299
1221.582793 1242.206128 1258.241591 1253.178850 1245.930002 1236.689420 1237.792876 1240.957966 1249.205895 1262.327983 1279.645302 1303.895102 1306.962733 1310.420287 1313.147334 1302.221862 1290.179173 1279.483525 1298.052038 1308.642777 1317.444885 1318.998368 1328.553565 1338.576064 1334.497799 1327.038119 1316.793406 1323.155962 1334.309203 1349.447422 1356.449808 1360.565661 1358.969946 1347.608765 1341.771427 1340.678190 1343.375256 1341.357925 1346.250751 1355.941215 1370.403043 1369.026669 1359.871657 1336.614752 1298.493639 1263.642530 1243.105173 1248.216184 1240.360907 1232.558828 1228.343544 1213.905244 1202.654218 1202.091998 1191.801306 1184.879939
1269.043637 1287.955308 1306.934708 1302.656443 1293.142450 1280.339871 1280.223656 1287.889989 1298.583417 1318.018370 1340.957315 1365.179865 1373.208318 1376.020712 1386.350456 1380.444315 1371.290841 1363.401659 1376.054642 1388.147594 1400.161988 1409.947760 1423.175196 1434.984844 1424.912131 1412.647475 1407.087382 1412.717169 1433.253140 1451.226989 1456.414028 1457.548722 1460.013286 1450.328400 1444.005352 1437.752126 1433.293198 1427.880010 1423.976442 1442.686388 1459.128283 1456.693314 1432.444016 1407.029606 1368.647599 1329.205082 1296.497505 1296.154231 1291.842104 1290.045610 1274.613952 1258.656178 1242.503068 1232.883922 1223.020328 1208.339168
1358.984213 1380.417839 1403.023869 1404.059547 1387.996924 1380.203225 1385.482440 1398.832532 1406.728585 1423.260029 1447.437322 1479.590174 1501.105038 1520.368073 1525.623825 1518.102061 1509.576964 1496.821787 1495.972606 1514.245840 1526.839968 1537.976340 1549.112532 1562.108319 1567.409951 1564.686310 1564.344656 1567.900277 1575.934044 1585.722538 1592.594673 1597.857002 1603.148019 1598.342487 1587.903894 1582.142654 1573.942468 1568.050004 1565.737806 1569.216903 1580.839176 1577.481282 1548.431972 1519.358971 1484.541321 1444.993972 1411.764439 1393.848389 1399.574259 1388.018697 1368.617973 1349.145545 1314.436064 1298.369216 1282.063239 1252.321033
1464.867324 1493.896209 1510.010119 1524.461490 1520.089252 1522.524636 1527.437510 1535.500669 1540.910068 1549.461835 1583.046122 1619.223756 1649.520444 1674.897781 1684.351055 1674.537731 1665.172705 1653.226147 1644.130567 1649.673185 1665.165833 1682.791250 1699.060815 1710.838695 1714.703344 1713.835221 1714.389255 1716.757634 1719.925951 1723.273561 1729.873185 1737.330557 1747.283058 1757.889994 1751.518879 1734.956494 1723.350362 1710.662405 1706.487319 1705.338370 1703.859498 1702.727326 1691.884547 1656.573312 1624.733301 1589.766327 1559.535790 1537.038403 1522.633286 1501.058691 1476.431821 1428.347089 1387.284299 1351.589241 1324.115086 1295.148017
1587.943197 1620.645204 1645.999612 1663.128192 1667.112500 1670.832806 1674.156859 1680.323322 1685.689972 1692.907068 1717.002440 1756.053140 1794.587434 1825.473593 1829.642400 1820.251027 1810.114549 1800.180841 1789.308682 1786.444985 1795.740153 1808.294773 1825.590254 1837.261005 1846.614602 1845.792658 1846.409595 1847.256265 1849.515047 1851.565860 1853.962710 1861.493029 1873.838757 1885.551761 1886.409099 1872.574263 1855.964029 1839.452122 1833.501162 1828.252002 1822.292871 1821.751439 1820.833994 1809.741693 1780.972335 1741.787265 1697.094895 1669.544081 1646.603623 1631.213429 1612.793293 1583.000173 1527.902001 1494.248789 1456.867127 1421.695244
1712.927247 1744.555839 1777.134534 1797.271540 1805.820081 1806.998987 1809.211466 1816.925614 1822.944706 1832.697160 1849.716929 1875.278951 1905.621838 1933.118083 1950.371740 1946.391268 1933.397324 1915.815875 1910.307840 1909.383684 1912.385482 1920.123328 1929.407337 1945.704693 1962.168219 1967.823397 1968.753742 1966.441024 1968.816443 1970.267907 1970.586785 1972.102641 1977.504964 1984.999681 1987.747390 1982.729749 1966.459058 1946.586216 1933.456769 1925.604308 1921.221261 1919.051285 1919.621556 1917.872567 1903.447078 1871.572177 1830.913569 1796.316148 1773.367951 1755.669518 1739.799762 1726.433304 1702.974837 1682.304618 1648.271920 1601.512800
1824.463445 1852.078363 1880.528180 1905.744338 1922.930055 1927.086225 1932.672916 1937.624132 1946.979779 1962.371147 1982.095196 1997.008942 2014.855420 2036.905209 2050.057678 2055.777227 2055.987096 2054.593558 2056.682460 2057.448277 2026.249683 2030.434827 2034.408566 2043.454001 2052.779894 2055.994418 2056.421527 2055.251208 2056.694009 2057.406715 2057.816192 2057.724172 2058.238131 2060.906608 2061.962086 2060.863449 2053.629028 2059.578068 2042.853744 2031.255865 2023.855212 2015.832769 2006.626124 1995.961328 1984.875801 1966.687676 1938.215908 1904.023577 1876.806603 1864.527553 1856.388142 1847.721129 1840.331645 1822.808287 1798.946056 1765.192385
1934.327174 1951.641397 1973.083836 2002.119686 2022.201211 2032.989385 2041.585550 2046.170306 2058.293357 2071.743432 2064.864677 2069.226950 2073.693413 2078.068061 2079.523419 2079.901105 2079.706000 2077.616160 2077.516669 2076.252096 2072.477920 2063.532681 2065.478112 2067.276672 2069.847759 2073.364238 2072.071498 2073.090803 2076.228576 2075.061170 2069.943433 2066.657731 2065.307092 2065.930638 2073.072198 2076.313449 2077.351345 2076.401319 2076.230973 2076.220520 2074.792526 2072.608680 2069.142033 2064.442963 2068.611285 2057.449796 2033.045817 1998.779475 1962.751240 1949.411841 1945.331488 1944.460557 1940.424079 1932.886132 1913.114899 1884.543976
2053.145130 2067.149856 2061.982778 2074.248691 2080.594932 2083.507544 2086.112728 2088.164431 2089.133887 2085.532517 2081.801495 2076.761324 2075.068168 2073.329159 2070.472411 2070.647034 2068.394213 2064.392991 2060.991352 2054.788111 2044.608854 2033.946872 2031.664790 2036.336739 2041.354757 2045.607702 2048.825632 2052.188135 2053.340204 2048.996478 2041.711485 2035.135915 2033.563335 2040.091139 2045.588862 2050.991484 2051.892642 2051.005722 2049.652642 2050.593992 2048.783834 2049.749767 2056.408257 2069.564827 2074.482741 2077.132942 2076.307325 2067.345539 2051.339481 2046.661673 2026.843309 2029.982428 2024.535499 2012.283710 1990.654681 1966.223503
2084.233973 2084.156813 2083.017494 2077.352019 2071.570152 2070.536360 2073.807993 2079.837326 2080.239082 2072.506075 2063.493730 2055.824962 2048.251592 2045.245123 2043.156453 2041.634226 2041.006313 2035.307650 2027.266645 2012.116356 2001.133101 1990.518040 1984.879632 1982.766435 1987.292117 1996.907248 2006.502685 2011.089921 2004.329480 1997.364138 1987.329921 1979.947300 1980.560115 1982.686504 1991.564909 2005.682750 2010.807505 2011.996363 2007.590941 2003.902957 1999.088989 1997.942550 2005.370051 2020.616055 2036.160786 2050.111497 2058.506003 2065.973865 2072.547952 2075.321907 2076.566949 2076.929283 2075.217041 2074.010040 2058.039962 2036.578879
2073.733544 2067.521597 2062.620354 2055.938523 2049.855932 2047.306605 2048.507442 2049.936886 2045.166051 2037.228947 2025.852695 2013.778754 2002.878943 1995.100225 1994.333650 1994.883421 1994.497049 1987.049572 1972.208808 1954.991703 1941.976134 1928.571940 1924.838001 1919.867205 1914.927446 1924.944244 1941.916399 1948.145205 1934.685487 1925.339209 1911.840397 1905.304255 1902.481503 1903.988073 1913.139353 1933.090662 1953.123198 1955.047418 1946.282019 1938.004393 1934.829220 1933.730653 1941.198351 1960.007499 1980.858802 1996.606614 2007.146467 2013.631236 2022.453989 2032.500500 2045.346694 2058.704821 2069.646756 2077.112345 2081.588277 2079.197520
2050.286205 2042.570283 2034.706097 2027.085282 2019.847467 2014.162621 2010.309708 2005.503287 1997.530370 1988.490033 1971.017432 1956.965051 1943.044543 1927.341607 1921.765466 1916.339698 1915.858106 1903.181988 1892.461180 1874.068496 1858.689109 1843.219825 1832.318622 1826.432693 1820.213329 1822.879770 1837.457621 1846.176690 1833.962548 1824.358504 1812.666227 1807.425827 1804.522891 1806.695059 1816.961107 1838.456735 1857.172887 1864.991548 1858.372363 1855.574772 1855.618971 1856.524090 1864.443733 1880.133541 1901.352234 1924.183634 1942.456287 1953.705662 1962.996771 1974.387272 1989.895952 2004.512363 2018.801641 2036.020122 2056.410774 2071.190450
2016.899246 2006.500835 1996.099574 1984.423117 1972.158684 1963.814784 1962.772409 1953.614743 1944.579220 1924.979553 1874.459489 1853.154404 1832.502381 1814.569867 1806.036817 1795.764634 1783.576695 1772.421151 1764.737756 1758.818064 1743.179684 1725.487807 1708.831080 1703.443173 1699.096399 1688.082903 1690.528404 1692.982226 1699.723379 1693.054476 1688.688023 1687.814447 1685.682755 1688.715450 1702.295867 1713.438117 1722.946873 1729.939695 1730.987877 1740.110493 1748.675334 1756.384926 1775.140590 1790.937722 1810.937206 1834.955077 1861.791004 1878.451320 1890.887800 1904.313603 1921.988708 1940.227188 1958.977406 1982.218006 2007.652785 2024.204304
1971.434827 1956.267974 1940.554841 1925.831257 1910.682697 1894.103141 1891.750615 1884.929776 1872.350163 1824.568988 1778.946891 1742.668429 1721.431522 1696.120618 1681.402391 1666.237666 1634.628493 1617.411340 1610.934519 1616.926690 1607.952696 1590.913117 1577.045845 1568.380330 1560.875802 1546.722213 1535.495959 1540.403959 1554.035527 1551.051913 1550.822507 1556.033385 1554.854349 1550.994751 1554.901947 1569.000037 1576.928482 1587.686401 1601.479360 1607.348502 1619.968167 1650.202923 1666.728937 1685.315237 1708.661903 1733.962571 1760.515892 1785.403329 1802.961760 1821.539035 1843.728490 1863.656394 1887.010550 1912.498110 1943.046066 1964.718622
1898.945042 1877.005752 1857.619203 1836.858441 1811.462762 1787.399727 1780.937416 1769.872181 1744.184713 1692.504475 1649.196466 1617.050308 1591.621677 1564.960062 1542.534429 1510.760551 1476.552243 1454.279157 1460.675359 1467.831226 1470.508845 1456.836301 1444.405848 1434.293043 1419.481233 1403.782059 1391.087539 1400.155373 1408.702513 1419.588893 1424.015280 1427.903921 1431.394377 1430.394666 1424.727338 1427.767030 1436.706942 1447.390089 1458.924543 1475.301829 1507.400176 1533.833096 1553.785251 1577.426300 1600.768313 1627.070151 1654.979708 1681.398181 1702.497463 1725.652969 1749.357060 1774.757008 1799.481551 1827.752214 1860.166356 1888.066343
1811.643284 1782.032102 1755.806545 1724.383259 1680.234336 1661.534388 1648.689698 1629.758134 1587.109239 1541.297446 1506.443897 1482.168489 1455.317640 1430.160628 1401.070632 1367.800741 1341.293509 1320.060630 1326.721093 1333.795040 1346.705442 1335.411749 1325.264209 1319.826157 1304.938184 1291.235250 1276.376518 1283.604056 1294.015722 1312.662633 1317.287804 1320.963680 1328.577865 1327.725896 1324.936125 1314.225223 1322.635971 1333.418662 1347.715312 1376.597068 1401.651933 1426.552783 1449.658919 1471.992413 1496.883995 1523.484147 1550.912745 1580.555934 1604.320214 1627.895917 1654.187864 1679.308877 1701.970669 1726.979089 1757.597051 1784.859686
1691.309291 1666.060776 1638.188139 1596.857518 1550.043020 1511.349170 1489.749825 1445.638822 1408.999769 1375.206412 1359.456713 1340.448966 1316.484970 1294.058969 1272.014878 1246.040235 1223.500012 1198.560815 1202.100847 1214.867715 1229.223686 1225.071448 1222.545746 1219.784556 1209.065598 1195.509595 1181.983000 1185.628992 1201.232364 1218.327064 1226.418508 1233.357663 1241.021561 1241.153952 1233.815280 1225.205071 1230.839025 1245.438223 1261.890196 1282.502390 1305.127828 1327.729919 1349.483183 1373.685944 1398.913122 1424.802668 1452.912854 1482.674340 1506.495356 1533.816874 1562.356394 1585.682276 1602.018390 1619.722214 1647.897330 1671.228206
1572.702561 1545.698005 1516.060137 1472.692885 1428.970277 1384.794202 1341.909902 1306.919443 1274.586076 1257.969854 1238.366747 1220.207025 1201.755314 1179.951290 1160.459529 1141.925054 1119.517174 1103.193624 1108.566425 1121.389112 1131.601234 1135.240013 1132.414332 1129.524724 1122.491566 1108.780872 1100.233414 1109.074928 1124.373961 1138.944469 1149.487636 1156.295980 1162.200621 1159.517917 1151.209058 1146.247628 1154.499265 1170.186721 1184.991498 1202.043464 1223.747759 1245.409271 1267.912096 1291.608630 1315.413012 1341.795105 1369.192247 1397.392513 1425.910113 1451.918899 1476.250655 1490.572076 1505.589314 1515.617223 1535.085847 1557.701661
1439.678156 1412.206373 1382.283191 1348.464276 1309.732317 1279.199966 1245.868539 1213.812898 1182.520234 1155.886705 1138.928003 1129.051660 1113.952260 1094.645524 1081.169004 1064.142393 1048.092967 1049.132350 1051.352062 1061.543223 1061.877004 1062.479035 1059.589379 1058.590112 1054.772035 1045.262607 1053.417499 1060.678709 1075.005551 1085.612652 1095.129116 1101.290542 1105.323950 1105.577670 1099.797245 1103.970284 1110.975799 1125.484088 1137.391181 1152.375540 1173.317654 1191.120044 1211.080502 1233.950704 1257.722003 1282.762670 1309.568387 1338.646997 1365.090492 1386.415742 1397.787266 1411.017873 1419.034273 1415.720707 1432.762168 1451.137018
