tests/Borden05m/data_simulated/sim_1/output-maps/psiliqL0002N0019.asc
ncols         160
nrows         34
xllcorner     620200.000000
yllcorner     5168000.000000
cellsize      0.500000
NODATA_value  -9999.0
[rows 0 to 24 of 34, columns 56 to 111 of 160]
-9999.0 -9999.0 -9999.0 -9999.0 -9999.0 -9999.0 -9999.0 -9999.0 -9999.0 -9999.0 -9999.0 -9999.0 -9999.0 -9999.0 -9999.0 -9999.0 -9999.0 -9999.0 -9999.0 -9999.0 -9999.0 -9999.0 -9999.0 -9999.0 -9999.0 -9999.0 -9999.0 -9999.0 -9999.0 -9999.0 -9999.0 -9999.0 -9999.0 -9999.0 -9999.0 -9999.0 -9999.0 -9999.0 -9999.0 -9999.0 -9999.0 -9999.0 -9999.0 -9999.0 -9999.0 -9999.0 -9999.0 -9999.0 -9999.0 -9999.0 -9999.0 -9999.0 -9999.0 -9999.0 -9999.0 -9999.0
-9999.0 -9999.0 -9999.0 -596.644215 -597.780640 -598.586433 -599.060829 -600.657759 -601.906652 -603.358179 -603.606268 -603.456392 -603.711802 -604.262524 -603.489886 -602.480100 -601.605130 -600.406059 -600.599831 -600.439435 -599.981144 -599.858600 -600.071033 -600.625839 -600.997181 -601.431138 -600.899968 -602.548204 -604.687495 -606.323859 -606.661819 -605.289019 -604.459692 -604.585001 -603.783897 -602.063510 -600.567550 -600.004043 -598.203883 -598.382500 -597.647801 -596.514480 -597.434425 -597.687740 -597.608787 -597.348067 -599.788822 -9999.0 -9999.0 -9999.0 -9999.0 -9999.0 -9999.0 -9999.0 -9999.0 -9999.0
-601.552657 -598.326607 -598.483316 -602.970980 -603.438752 -603.566066 -603.389984 -604.066382 -605.767765 -606.216973 -607.461922 -607.987985 -608.125219 -608.603965 -608.191456 -606.129538 -604.651981 -604.205365 -604.478932 -604.604441 -605.024502 -605.333862 -605.242227 -605.763567 -606.250030 -606.766026 -606.647138 -605.414522 -606.971094 -607.757506 -608.510025 -609.289175 -608.976047 -608.715458 -608.596624 -606.638350 -605.829465 -605.231235 -602.556037 -600.060782 -599.375427 -600.351302 -601.450840 -601.232960 -601.397064 -602.471340 -603.518928 -603.653508 -604.177146 -604.415379 -605.334605 -603.926793 -603.876927 -602.244910 -600.847778 -599.208042
-605.708964 -602.053325 -602.251449 -605.663792 -607.732764 -608.367361 -607.941654 -606.536672 -607.121452 -608.326168 -610.112194 -608.078844 -608.340661 -608.513586 -608.133482 -607.446946 -607.186814 -606.851901 -606.339374 -604.473887 -604.583096 -604.732846 -604.641628 -604.968957 -605.572259 -605.542671 -605.881023 -607.418848 -607.186776 -606.815334 -607.131398 -605.612736 -605.519441 -604.680868 -607.333650 -606.882307 -606.196083 -605.676009 -605.266282 -604.788116 -604.176221 -605.334138 -604.557353 -605.555547 -607.709408 -608.321504 -608.242062 -606.657280 -605.862959 -606.921642 -610.545260 -608.621412 -604.556255 -604.805015 -605.378720 -603.330932
-608.034256 -607.207522 -607.628729 -609.056562 -607.720897 -606.635984 -605.939363 -606.582390 -607.873341 -609.398667 -606.095456 -604.697356 -605.383681 -604.993911 -604.052513 -604.051877 -608.130492 -609.187140 -607.570212 -605.847194 -605.096902 -605.809903 -606.154442 -606.833734 -606.838487 -606.432961 -606.885126 -606.256657 -605.694067 -606.338365 -605.262225 -604.049223 -602.925783 -605.521188 -607.873081 -607.743504 -605.806374 -604.364033 -603.575326 -601.478406 -598.268976 -598.797289 -599.579652 -600.056445 -600.625381 -604.460326 -607.897648 -609.270906 -609.878584 -610.877175 -610.138819 -610.826580 -607.617976 -607.842565 -608.323032 -606.727384
-610.747974 -606.668972 -605.623494 -607.834950 -609.065465 -609.629964 -609.292460 -609.709499 -609.601102 -606.639336 -604.934958 -602.105530 -603.029362 -602.916453 -603.026218 -605.846814 -608.011388 -609.448951 -605.199537 -601.741652 -600.556168 -601.404740 -602.107947 -599.058693 -599.970862 -600.416707 -602.252727 -601.587887 -601.765221 -598.470371 -597.149273 -595.410889 -596.080864 -599.338188 -602.078984 -602.264315 -601.981849 -602.278779 -601.456184 -599.317389 -596.649830 -598.520897 -599.473640 -599.556976 -605.396414 -609.949953 -611.571279 -608.663388 -606.994437 -607.339665 -607.096937 -607.000132 -609.179801 -608.682359 -608.453581 -609.442529
-602.518892 -600.064473 -596.167669 -598.756122 -600.656680 -603.938752 -603.602084 -603.177267 -601.995277 -600.282719 -597.104332 -591.145989 -592.123882 -591.669107 -589.744361 -592.988766 -596.051295 -600.489729 -595.551263 -594.248825 -592.465148 -592.549349 -588.597881 -585.041996 -587.214080 -590.232908 -593.716407 -591.581072 -586.817653 -582.225337 -581.000065 -580.377084 -579.556645 -582.827323 -583.852440 -584.652415 -584.447264 -586.533978 -586.388494 -582.907782 -577.022858 -576.415414 -579.548865 -585.367038 -593.823326 -601.299172 -605.314758 -601.160978 -602.471592 -603.116044 -602.515906 -605.302269 -606.958083 -604.781278 -606.854595 -608.433123
-599.562952 -597.014548 -592.426074 -594.277470 -597.840655 -601.574131 -601.509934 -599.251592 -598.028007 -593.540168 -586.940851 -578.785966 -573.687272 -569.312411 -564.598807 -568.193724 -572.262312 -576.790869 -575.975018 -570.513218 -564.725305 -557.819868 -549.750312 -540.718610 -543.360899 -548.324372 -548.900524 -546.685874 -536.256712 -525.755772 -521.110393 -518.133958 -512.891316 -516.743915 -523.739854 -531.583691 -538.995758 -545.152872 -549.583227 -540.931491 -531.135031 -533.064923 -550.318059 -563.704493 -576.896110 -588.020432 -598.433806 -598.535549 -596.939207 -595.541463 -599.210468 -601.131483 -604.494688 -605.331065 -605.182374 -608.645009
-577.432463 -570.542823 -562.406842 -558.654774 -565.694562 -566.806856 -564.216365 -558.623408 -556.191473 -548.831632 -526.352850 -490.813997 -462.744515 -442.574125 -438.882065 -445.730269 -453.678906 -466.824951 -474.165703 -462.738650 -451.403021 -441.605027 -433.168003 -425.022795 -419.114050 -419.515887 -419.438545 -417.617088 -415.324805 -411.101321 -405.918295 -400.551133 -394.562856 -392.380772 -399.509295 -407.044170 -415.304895 -422.856440 -425.174155 -427.314599 -423.432529 -423.981407 -437.440173 -457.536363 -485.881572 -521.128978 -546.417971 -561.611533 -562.214662 -569.156685 -574.846624 -580.968897 -592.137356 -595.420530 -597.356123 -605.716945
-520.308230 -490.886092 -472.430075 -456.736190 -454.717292 -451.465175 -448.582733 -443.915292 -439.857400 -434.796446 -411.244394 -381.849198 -353.139132 -329.673761 -319.766363 -327.378059 -336.163524 -346.257906 -355.370435 -355.770442 -344.501106 -330.320056 -316.215793 -306.914629 -303.493153 -304.989075 -304.877258 -303.799546 -301.002839 -299.145418 -295.233337 -288.984204 -278.764322 -266.392655 -268.961549 -284.767252 -298.294442 -314.406957 -322.861664 -326.633277 -332.073845 -332.747469 -333.185659 -354.166967 -376.941046 -403.428703 -429.334536 -446.524913 -465.082473 -485.667553 -506.716070 -540.626295 -564.141926 -579.379902 -589.717861 -598.958141
-414.581614 -390.165215 -366.582255 -352.406905 -346.600483 -343.953033 -339.814534 -332.091147 -325.528095 -317.049257 -300.242681 -268.700291 -234.612532 -204.481098 -191.685525 -196.304167 -204.780064 -216.160715 -223.441885 -225.929877 -221.642832 -214.110196 -201.921597 -190.942979 -179.995655 -179.928917 -180.081390 -179.927436 -178.593880 -177.399004 -177.165496 -171.530300 -161.610183 -152.804164 -150.531652 -160.055961 -176.923954 -196.243854 -212.593493 -223.638237 -230.939689 -232.561704 -232.494285 -233.404585 -252.844083 -283.819004 -324.522389 -353.350089 -374.867583 -387.593718 -400.756192 -412.665289 -440.635524 -456.263201 -484.945537 -521.595041
-318.243699 -291.804898 -264.207888 -244.583843 -233.749093 -230.527590 -223.725128 -210.407534 -200.175666 -187.803920 -173.596228 -158.233270 -131.834187 -100.815233 -45.409703 -45.855772 -55.010727 -68.519610 -71.020215 -70.913308 -70.653243 -66.263808 -61.850538 -50.136359 -37.173325 -32.765006 -31.745672 -34.373111 -32.206368 -32.090352 -31.798630 -32.359433 -30.022240 -25.393726 -23.033457 -25.983343 -37.522841 -55.360673 -108.138937 -124.394931 -131.213947 -135.580582 -136.892290 -139.621414 -149.217634 -173.991351 -211.360620 -247.470973 -273.762638 -292.501864 -305.799857 -315.063362 -322.942507 -336.322520 -359.774254 -393.450498
-212.370286 -188.880836 -165.449180 -142.417013 -127.099939 -117.021003 -103.290720 -65.348992 -51.356815 -36.557543 -22.275877 -38.472644 -1.521181 15.039571 25.406092 31.023409 32.294215 33.211345 34.850232 35.203559 34.667887 35.466106 36.126299 35.879831 38.703591 38.732918 39.245830 38.789648 39.759445 39.212959 39.919732 39.320754 37.999576 37.719035 38.103551 37.621043 35.792819 28.154508 13.327425 2.790600 -3.799516 -10.458256 -18.510278 -27.264470 -35.663262 -50.275915 -107.597622 -144.711228 -177.545535 -197.409906 -207.043945 -213.347426 -218.796636 -232.665767 -253.079629 -278.636078
-68.880330 -53.996588 -38.012353 -17.171144 -27.343729 5.580467 13.383868 19.642734 28.327240 38.222957 40.470876 39.699497 40.529586 40.100120 40.599825 39.903966 40.654720 38.258935 38.881117 37.320070 32.414136 23.755217 25.134116 26.448887 28.682011 32.012102 30.282591 31.217393 33.852319 32.732846 27.744638 24.820575 23.172175 23.108081 29.747162 32.670652 33.059014 33.803734 33.288632 33.270265 33.160692 33.219297 33.156213 33.081132 28.566838 20.822916 1.761176 -24.045910 -52.218919 -104.271383 -118.268423 -119.138204 -123.812905 -132.035726 -156.527724 -184.645439
20.883606 31.200787 40.767887 41.316739 40.808656 41.175335 42.734646 43.789499 44.264526 40.172194 37.044858 32.958407 31.818712 31.056837 28.707792 29.535230 27.666300 24.318437 21.276755 14.800317 5.049001 -6.936410 -8.450061 -3.392708 1.136253 4.947585 6.820807 9.957933 11.576701 7.772879 0.421532 -6.101324 -8.570705 -2.717556 3.190485 7.612233 7.864339 6.634838 5.038162 5.646558 3.834214 4.688839 10.672738 22.977765 30.653551 30.701468 30.658489 30.496723 30.319458 9.831184 -8.444569 -5.977630 -9.657473 -20.588137 -75.555087 -104.073867
34.666518 34.768969 32.572023 27.037187 22.237380 21.576318 25.191031 32.099310 33.291770 27.176268 19.817886 12.452567 6.222010 4.829583 3.183607 2.646266 2.513813 -2.621581 -10.874114 -57.559299 -74.987481 -88.113994 -94.876901 -95.823152 -90.190113 -81.946987 -74.836829 -70.917611 -75.864575 -81.935934 -91.038774 -98.564502 -98.371592 -95.303007 -86.913404 -75.538907 -73.276448 -72.586530 -76.288988 -78.707243 -82.899789 -81.962772 -68.855476 -22.366819 -7.831716 3.553432 10.391088 17.095462 23.307592 30.421579 30.368937 30.408071 30.376794 26.330930 13.287033 -4.016543
20.845529 14.215366 9.559753 2.865699 -3.007041 -4.782154 -0.867085 3.721116 0.991741 -5.158624 -19.162278 -60.043525 -75.221412 -82.152529 -82.121246 -80.625101 -80.903761 -87.619582 -103.449404 -126.291834 -142.413963 -157.334222 -161.877911 -166.228789 -168.220830 -157.928402 -143.535985 -138.614563 -149.968324 -158.374596 -170.917162 -178.168979 -180.346381 -178.402715 -169.181563 -152.073992 -136.780036 -136.108841 -144.286060 -151.924194 -155.513131 -155.734248 -144.830822 -120.052036 -99.144877 -84.590967 -74.076899 -62.519172 -22.605244 -12.466813 -2.434715 8.877368 18.970361 29.458873 29.813038 29.834371
-6.361570 -44.278959 -57.213825 -65.818626 -72.515455 -77.013252 -79.376511 -81.330961 -87.519368 -94.704121 -106.688137 -123.944924 -137.634731 -151.244373 -154.598521 -156.539621 -154.964276 -166.334279 -179.037880 -200.265055 -216.410406 -231.916873 -240.151685 -245.811889 -250.965937 -243.356995 -227.529985 -218.637929 -233.812680 -243.592232 -256.681760 -263.124881 -266.068458 -264.879670 -255.769371 -233.478272 -215.654795 -210.015675 -217.887446 -224.782751 -227.738187 -227.469378 -220.870880 -202.734835 -181.335585 -161.317456 -146.415669 -134.695417 -120.367800 -107.357581 -91.311850 -73.169642 -35.856328 -11.039474 5.693245 18.811376
-82.208456 -97.588652 -109.513409 -120.764286 -131.463340 -137.428052 -137.264507 -144.171143 -150.818106 -160.889034 -200.618750 -216.897757 -233.910171 -247.886855 -252.492286 -258.851322 -261.574897 -270.808968 -278.579477 -290.688893 -305.941445 -321.468425 -334.765091 -339.091359 -342.906234 -346.208372 -336.795764 -332.731890 -335.865773 -342.545296 -349.520283 -353.226815 -355.437971 -352.013998 -340.411653 -328.678303 -317.627679 -312.778178 -317.954997 -313.533943 -308.517180 -308.361532 -294.070367 -279.865388 -262.023689 -241.073008 -219.456758 -207.101758 -196.009301 -183.586933 -166.664000 -147.450150 -125.229553 -99.295107 -71.499086 -34.218853
-135.926470 -150.254695 -164.573600 -177.047526 -189.032767 -199.964315 -199.580228 -203.459815 -209.757899 -240.300860 -280.161127 -308.555612 -324.643442 -342.600528 -350.574301 -357.211365 -374.393266 -385.278284 -392.789390 -392.619575 -402.720456 -416.173674 -426.959816 -431.602220 -434.581309 -441.058234 -442.939119 -440.519979 -434.695210 -439.792269 -442.649859 -441.218142 -442.901407 -444.124900 -437.942119 -428.042175 -422.062635 -415.916386 -410.113547 -406.628100 -402.001869 -383.292738 -371.309547 -358.923498 -341.222004 -321.447041 -300.607316 -283.161173 -270.999344 -257.141586 -238.335064 -220.890359 -198.574930 -173.153223 -143.142863 -120.018963
-201.781882 -219.315210 -234.212422 -248.866023 -263.930841 -282.995783 -284.753510 -291.171954 -301.978304 -338.497006 -373.438840 -399.829910 -416.480649 -433.654276 -443.736998 -459.766202 -486.874073 -505.937937 -506.428455 -501.787743 -507.428144 -522.249817 -534.202282 -541.812674 -548.814928 -557.152930 -561.696570 -557.493905 -552.837295 -552.787751 -552.900182 -551.238024 -551.364095 -551.867096 -551.531970 -543.125344 -536.424322 -528.613204 -521.420181 -514.265285 -488.965972 -464.263944 -448.633090 -433.111794 -417.573186 -398.746449 -378.387157 -361.116918 -348.077167 -331.734284 -313.908449 -294.367914 -273.325101 -247.635730 -217.733221 -193.511086
-267.360865 -291.166308 -310.055444 -329.363805 -357.817925 -369.594528 -376.739740 -382.833265 -406.230012 -435.978224 -464.678837 -494.435387 -520.435365 -540.340142 -555.044372 -568.196492 -578.465286 -584.359846 -581.143732 -579.241237 -576.291600 -581.307475 -585.271615 -586.370575 -589.886196 -592.985202 -596.881589 -593.804645 -592.286663 -588.549940 -588.810804 -588.645691 -586.978444 -587.791784 -588.089905 -590.292333 -587.550057 -585.781991 -583.556133 -576.013773 -567.553681 -557.012369 -545.439987 -529.535120 -506.707424 -478.323239 -452.291833 -431.798386 -416.641620 -400.843123 -382.772283 -365.473823 -347.829901 -326.512816 -300.836240 -277.991555
-353.831562 -372.128798 -390.328679 -414.723336 -444.739173 -466.286808 -475.922541 -502.793759 -530.375204 -557.615684 -570.249235 -577.281729 -583.767294 -588.324809 -591.770069 -596.922187 -600.488957 -605.534149 -603.630347 -600.942982 -597.094732 -600.259645 -600.811737 -600.251458 -602.199751 -604.242518 -607.445464 -606.909976 -604.295188 -601.147037 -601.204917 -600.533652 -598.738135 -598.701092 -600.127303 -602.954382 -602.202739 -600.261006 -598.291512 -594.420386 -590.604096 -586.645499 -582.925863 -577.494532 -570.322147 -560.887847 -545.900020 -523.931604 -502.590095 -474.129417 -447.723066 -429.845509 -418.572287 -404.284792 -381.577833 -364.436247
-430.953482 -447.674409 -469.654417 -509.358696 -545.165734 -567.761234 -578.280423 -586.613143 -593.587402 -596.425082 -598.876400 -601.445467 -603.577083 -605.810942 -607.810451 -609.459290 -611.935441 -616.682125 -614.731209 -611.985483 -608.867082 -608.771948 -609.120078 -608.895303 -609.665162 -611.830638 -615.589608 -613.987600 -611.645335 -609.496132 -608.790795 -608.345483 -607.024938 -607.951986 -609.888901 -612.640221 -611.433731 -609.235191 -607.930414 -606.236748 -603.751976 -601.064178 -598.317869 -595.049191 -591.566078 -586.773549 -581.005935 -573.845763 -565.045576 -553.055746 -535.227101 -521.580319 -505.480987 -488.257155 -464.820253 -445.401691
-534.904507 -551.816499 -564.953596 -576.780026 -587.547674 -592.974460 -597.471608 -601.157859 -604.811284 -607.039355 -608.718844 -608.024972 -608.833707 -611.071385 -611.054544 -612.257359 -616.036010 -614.740186 -613.665875 -610.616655 -611.132653 -611.287723 -612.010642 -611.535840 -612.041493 -615.658939 -613.847499 -613.030320 -610.870421 -610.426950 -609.924067 -609.543510 -609.133675 -609.559953 -612.133862 -611.598709 -610.875781 -608.865438 -608.702746 -607.773459 -605.348963 -604.465275 -602.832084 -600.532552 -598.006400 -594.926693 -591.098034 -585.754905 -580.077465 -574.410762 -572.062098 -567.744135 -563.816120 -565.646519 -556.315912 -544.687223
