tests/Borden05m/data_simulated/sim_1/output-maps/psiliqL0013N0003.asc
ncols         160
nrows         34
xllcorner     620200.000000
yllcorner     5168000.000000
cellsize      0.500000
NODATA_value  -9999.0
[rows 0 to 24 of 34, columns 56 to 111 of 160]
-9999.0 -9999.0 -9999.0 -9999.0 -9999.0 -9999.0 -9999.0 -9999.0 -9999.0 -9999.0 -9999.0 -9999.0 -9999.0 -9999.0 -9999.0 -9999.0 -9999.0 -9999.0 -9999.0 -9999.0 -9999.0 -9999.0 -9999.0 -9999.0 -9999.0 -9999.0 -9999.0 -9999.0 -9999.0 -9999.0 -9999.0 -9999.0 -9999.0 -9999.0 -9999.0 -9999.0 -9999.0 -9999.0 -9999.0 -9999.0 -9999.0 -9999.0 -9999.0 -9999.0 -9999.0 -9999.0 -9999.0 -9999.0 -9999.0 -9999.0 -9999.0 -9999.0 -9999.0 -9999.0 -9999.0 -9999.0
-9999.0 -9999.0 -9999.0 815.232831 809.772790 804.591808 799.749946 790.885641 781.724308 773.390947 769.488079 768.650300 767.942133 767.638969 772.978428 781.082734 788.832374 796.106955 798.640009 801.208656 803.584653 804.219222 803.145232 800.074113 796.934754 793.676651 792.279995 784.295678 772.992875 764.242335 761.527343 765.973653 770.458464 772.959024 778.798185 789.504087 800.261722 808.731231 820.523729 826.221306 831.209110 834.047990 829.827275 826.168993 822.256529 817.065921 805.979594 -9999.0 -9999.0 -9999.0 -9999.0 -9999.0 -9999.0 -9999.0 -9999.0 -9999.0
778.644344 798.636769 801.923186 790.745051 785.875549 782.646608 780.653589 775.832215 767.222034 762.015040 756.678705 754.893829 755.035744 755.195188 759.405222 769.659784 777.736187 782.612174 785.246067 787.984435 787.846327 787.487487 787.343876 784.641850 781.390537 778.159042 776.494099 777.015671 769.494898 764.058490 760.671220 759.029743 761.554373 763.942279 767.319716 776.782744 784.896933 792.993137 807.201174 819.494880 824.592508 821.935068 816.791672 812.847515 806.016615 795.844257 785.430464 775.666872 768.597839 762.985890 757.198226 763.108135 769.614994 779.394491 788.992793 800.867701
763.082416 783.194857 786.070618 775.403771 767.199460 762.254732 762.524343 765.151229 761.701187 757.141883 752.239886 760.808083 762.173071 763.399491 766.768922 769.942560 773.141270 775.991004 781.474555 790.616123 793.510439 794.246203 794.603312 792.991790 790.084912 788.467333 785.871565 780.797300 779.775997 780.098144 779.857084 784.817528 786.305877 788.022415 781.336042 784.854270 790.995518 797.745246 804.158451 810.684828 814.489438 811.033750 809.951247 801.345260 787.323689 776.013905 767.372495 765.323161 761.960553 753.934197 741.064966 747.994879 763.357343 767.769866 770.925434 782.422426
757.560600 769.329765 772.362702 767.433190 768.828766 770.492677 772.062874 770.571863 767.664229 765.772499 778.339390 787.810592 789.691537 792.700934 796.420562 795.887202 784.086187 781.774703 790.176196 800.677414 806.693926 807.199422 807.436648 805.699907 804.977172 804.836211 802.839320 803.728752 806.228302 806.235107 810.858328 816.488128 819.365737 811.579575 802.453792 803.236399 810.893138 818.899497 826.042603 836.461917 847.512610 846.185795 840.269349 830.970642 817.121472 793.435272 773.665824 762.561648 755.170680 747.721885 747.463354 744.182797 755.179215 756.577363 758.136299 766.072254
762.587208 783.767755 791.712391 785.898623 780.944284 778.299670 779.172561 779.479910 782.628487 795.187183 809.013670 823.567377 826.442314 829.129350 828.834120 819.881835 809.748768 806.064432 820.921222 837.290398 845.901591 847.017553 846.855524 854.246049 853.294167 851.901955 847.295657 849.549894 851.192518 861.180255 868.808968 875.859427 874.036119 862.041783 850.585315 848.932117 851.504051 854.517473 860.419225 870.288290 879.596038 874.087970 866.498239 856.056874 827.090759 799.642266 782.489370 782.327210 782.138440 776.923446 773.433970 769.852169 762.537273 761.687922 760.480472 759.509980
811.076098 831.056457 846.925698 841.345257 833.466052 823.497093 824.289241 827.568106 835.906495 849.169210 866.897794 891.116673 894.316351 897.821585 900.809593 889.785943 877.560912 866.455423 884.254267 894.782232 904.060652 906.701953 917.510837 928.238987 924.442208 917.038833 907.305526 913.922337 925.993679 941.147266 947.947548 951.783248 950.634361 939.604957 933.772420 931.998682 933.763016 930.880237 934.812270 944.467737 958.780028 957.522228 947.658479 924.375556 886.828940 851.853173 830.780456 835.645715 828.271059 821.059041 816.877078 802.537253 791.207648 790.710496 780.628454 773.904736
858.118556 876.609962 895.079054 890.680703 880.407500 867.569450 867.498838 875.481936 886.054721 905.613343 929.120584 953.655839 962.849313 966.850504 976.746042 970.399709 960.949819 952.568125 963.472110 976.050809 988.824810 1000.115684 1014.429242 1027.437331 1019.283012 1008.407409 1004.060028 1009.645524 1029.382612 1046.588693 1051.809431 1053.233209 1056.128350 1047.296869 1040.481026 1033.414613 1027.695644 1021.287207 1016.459310 1033.431156 1048.553071 1045.578889 1021.017756 995.633029 958.294537 919.526796 886.304434 884.531175 881.049012 879.315551 863.836779 847.929879 830.881294 820.673738 810.899715 795.992975
948.890918 970.193119 991.754735 993.407545 977.528099 970.422460 975.764413 989.019905 997.059783 1013.420837 1038.853527 1071.872998 1094.711069 1115.064970 1119.995517 1111.533308 1102.070499 1088.494796 1086.304683 1103.816092 1117.418828 1130.544934 1144.020909 1158.769706 1166.234590 1165.116112 1165.566212 1169.277435 1176.484308 1185.469900 1192.311997 1197.850258 1203.456846 1199.966719 1189.709356 1182.914288 1173.715348 1166.277958 1162.788177 1163.810522 1172.890438 1168.882257 1140.956083 1111.682762 1077.590844 1038.727133 1005.657619 986.448140 990.724955 978.523569 959.543911 939.288535 903.696398 886.279790 869.370145 839.152759
1054.646050 1083.529691 1099.408190 1113.709612 1109.975635 1112.424522 1117.282573 1125.730975 1132.425525 1142.259970 1176.576864 1213.251555 1244.409532 1270.171943 1279.562139 1269.136616 1258.556208 1245.934142 1236.463095 1241.412005 1257.847481 1277.661035 1296.828963 1310.999197 1316.846450 1317.181638 1318.462597 1321.040253 1324.411222 1327.603466 1333.749358 1340.947606 1350.827528 1361.629980 1355.776540 1339.056432 1326.592258 1312.510862 1306.637551 1303.654067 1299.790823 1297.143512 1286.673014 1252.337044 1220.794736 1185.879748 1154.112711 1130.237643 1113.926425 1092.744929 1069.060641 1022.346856 981.076409 944.890640 916.150091 886.436574
1179.412839 1212.127407 1237.830263 1254.341637 1258.335574 1261.668704 1265.492138 1273.055156 1280.533106 1290.142231 1314.652752 1353.357749 1391.496175 1421.991563 1426.362309 1416.788477 1405.780551 1394.928244 1384.512296 1382.297488 1392.169927 1406.174242 1425.271708 1439.249824 1450.714501 1451.343445 1452.628768 1453.617104 1456.004752 1458.035818 1460.074393 1466.971107 1478.498652 1489.421648 1490.423817 1477.416472 1460.802660 1443.680082 1436.191999 1429.214596 1421.785090 1419.670989 1417.597588 1407.243108 1379.300691 1340.690139 1295.214302 1265.394921 1241.306314 1225.929819 1208.126811 1180.867903 1127.947577 1094.996482 1057.304486 1020.636150
1307.553578 1339.423011 1371.456382 1391.208433 1399.661979 1400.790330 1403.671344 1412.372626 1420.419402 1432.346702 1450.263179 1474.627586 1503.590688 1530.104877 1547.040224 1543.029584 1530.293165 1513.183457 1508.464738 1508.307948 1512.054571 1520.786338 1530.939672 1547.986830 1564.851476 1571.056884 1572.412985 1570.466129 1572.851142 1574.221975 1574.473579 1575.566302 1580.193616 1587.082999 1589.646334 1585.180011 1569.861047 1550.466938 1536.481907 1527.608121 1522.215640 1518.798207 1518.185779 1515.591796 1501.729456 1471.135495 1431.466867 1396.099004 1372.216038 1354.535004 1339.233381 1326.064963 1304.021921 1282.359592 1247.556127 1200.340261
1423.159698 1450.377386 1477.850681 1502.273125 1518.722504 1522.827646 1528.754578 1534.208005 1544.806100 1561.079379 1580.477737 1594.530044 1611.072860 1631.727926 1643.755644 1649.091261 1649.315074 1648.291035 1650.633419 1651.793764 1627.407976 1631.952281 1636.329311 1644.524189 1653.173395 1656.234628 1656.840819 1656.081500 1657.437698 1658.083671 1658.531760 1658.440403 1658.566807 1660.775945 1661.734785 1661.017189 1654.950975 1658.406485 1642.072012 1630.423183 1622.717506 1614.383442 1604.870415 1594.161599 1583.373523 1566.292644 1538.932100 1505.431901 1478.009526 1465.921724 1458.236690 1449.853789 1441.792234 1423.268310 1398.167740 1363.959925
1535.011446 1551.671851 1571.987937 1598.882614 1617.277498 1627.282230 1635.523941 1640.306182 1652.550239 1665.864084 1661.068087 1664.672081 1668.139281 1671.405564 1672.296476 1672.386079 1672.152520 1670.189793 1670.428087 1669.709192 1666.269102 1658.040110 1660.410169 1662.420392 1665.101616 1668.611055 1667.286211 1668.260412 1671.358446 1670.230579 1665.259424 1662.159178 1660.964991 1661.712908 1669.069557 1672.559739 1673.859911 1673.491533 1673.397379 1673.351665 1671.995087 1669.905306 1666.725789 1662.596734 1664.888708 1654.376994 1631.298340 1599.003518 1565.012760 1551.522234 1547.013583 1546.309977 1541.683403 1533.390980 1512.828713 1483.849534
1649.899898 1663.281295 1660.886717 1670.424572 1675.142495 1677.186612 1679.389382 1681.457312 1682.344261 1679.012790 1675.433906 1670.512564 1668.801942 1666.913539 1663.920219 1664.046597 1661.898276 1658.216330 1655.338945 1649.908554 1640.360501 1629.997823 1627.951205 1632.492590 1637.103054 1640.899858 1643.646904 1646.737399 1647.916839 1643.630553 1636.499435 1630.192652 1628.890616 1635.784252 1641.804957 1647.592402 1649.022258 1648.578559 1647.568313 1648.635312 1646.816709 1647.503433 1653.602983 1666.036134 1671.164833 1673.182625 1672.584293 1665.575409 1652.976735 1645.684435 1626.349175 1629.140733 1623.560322 1611.121815 1589.570613 1565.483878
1679.171164 1679.123068 1677.692388 1671.886267 1665.952233 1664.794882 1668.003887 1674.078326 1674.713170 1667.253466 1658.518065 1651.004578 1643.502429 1640.382660 1638.053659 1636.503573 1636.075878 1630.888843 1623.766192 1609.603887 1599.103770 1588.582030 1582.614879 1580.171773 1584.195892 1592.901532 1601.563136 1605.703658 1599.064821 1592.012143 1582.080377 1574.857052 1575.896343 1579.021423 1588.843495 1603.547417 1609.156416 1611.091374 1607.423581 1604.268455 1599.472199 1598.086335 1604.911304 1619.317377 1633.924188 1647.111808 1655.150203 1662.531243 1669.089783 1672.861373 1673.893548 1674.021903 1672.339632 1670.293731 1654.844604 1634.261693
1669.419100 1663.322365 1658.517374 1651.851672 1645.747358 1643.264957 1644.635040 1646.361158 1641.924142 1634.159993 1622.940720 1610.897810 1599.783606 1591.876336 1590.767570 1591.269096 1591.123962 1584.523462 1570.724067 1554.428233 1541.848604 1528.300626 1523.772856 1517.781917 1512.210066 1521.369529 1537.291781 1542.841636 1529.267343 1519.444735 1505.645518 1498.948598 1496.870044 1499.779042 1510.788406 1532.147915 1552.943731 1555.889512 1548.080194 1540.320286 1536.970968 1535.422857 1542.341372 1560.416028 1580.291774 1595.321365 1605.428614 1611.780327 1620.523781 1630.464426 1642.772093 1655.571388 1665.970700 1673.777736 1677.318282 1675.390299
1647.505318 1639.952177 1632.264352 1624.778627 1617.696078 1612.165918 1608.460371 1604.066283 1596.292795 1587.342555 1570.862378 1556.539104 1542.118204 1525.777524 1519.598586 1514.309407 1514.314246 1502.505316 1492.315607 1474.298224 1459.120788 1443.170945 1431.453390 1423.770176 1416.043780 1418.592973 1432.973008 1441.312288 1427.658183 1416.789465 1403.744338 1397.892504 1395.646601 1399.492005 1412.367307 1437.050295 1458.061405 1467.155884 1461.303870 1458.135390 1457.491226 1457.753985 1464.651848 1480.092645 1501.159041 1523.636804 1541.373743 1552.426275 1561.759074 1573.229288 1588.574635 1602.907295 1616.775183 1633.422244 1652.890935 1667.126871
1615.915954 1605.683499 1595.421522 1583.799853 1571.591612 1563.386166 1562.291892 1553.252064 1544.131268 1525.406573 1475.703113 1453.977468 1432.182546 1412.846844 1403.243020 1392.700351 1382.138456 1371.708757 1364.542834 1357.761158 1341.912465 1323.534409 1305.591603 1298.140115 1291.916696 1281.210665 1284.782662 1287.271404 1291.153414 1282.885133 1276.536543 1274.491055 1272.932292 1278.156622 1294.817056 1309.746712 1322.472549 1330.954031 1331.798252 1340.399504 1348.142507 1354.005041 1371.615513 1387.247880 1407.742825 1432.518137 1459.442953 1475.945559 1488.625761 1502.560977 1520.678659 1539.161400 1557.806792 1580.821868 1605.618397 1621.717256
1572.243289 1557.096114 1541.196578 1526.040309 1510.389375 1493.960522 1491.487348 1484.579072 1472.081841 1425.642799 1378.418278 1340.911133 1317.829577 1290.918213 1275.130741 1260.282814 1230.873173 1214.909539 1208.349134 1213.276228 1203.307219 1185.342515 1169.912462 1159.951488 1151.571692 1137.400531 1127.398730 1131.762315 1143.721690 1138.923485 1137.039826 1141.306180 1140.398696 1138.443551 1145.758433 1162.511606 1172.709498 1184.420716 1197.733083 1203.415602 1214.303409 1242.466576 1258.244185 1276.438423 1300.486903 1326.953874 1354.262421 1379.205530 1397.277504 1416.843521 1440.205779 1460.998990 1485.030195 1511.126646 1541.714244 1563.096268
1500.132526 1477.716913 1457.655947 1436.080266 1410.390544 1385.518066 1378.943832 1367.870349 1343.469486 1291.766976 1246.087699 1211.494524 1184.748419 1156.795553 1134.459077 1104.258266 1071.090842 1049.854736 1055.375108 1062.373214 1063.446365 1049.031055 1035.611272 1024.582562 1009.705063 993.765011 981.570579 989.994454 998.111343 1006.800930 1010.239890 1013.931274 1017.194857 1017.046793 1013.568177 1019.498245 1029.595899 1040.969475 1052.425454 1067.264881 1097.716135 1123.174536 1141.997616 1164.982464 1188.438288 1215.228271 1243.485355 1269.897911 1291.496477 1315.975367 1341.224266 1367.912656 1394.200111 1424.163232 1457.719697 1485.942689
1411.214935 1380.129987 1352.752617 1320.738453 1276.229544 1256.623226 1243.841285 1226.682171 1185.915806 1139.628543 1101.902973 1075.393814 1047.947780 1022.142192 993.422946 960.952468 934.329208 913.885879 920.603129 927.585812 939.280031 927.404793 916.289048 909.961175 894.796456 880.728889 866.007714 873.254339 883.085465 900.468608 904.584029 908.084396 915.466951 914.958738 913.083423 904.340260 913.510674 924.441953 938.487469 966.414052 991.129120 1015.386037 1037.429247 1059.006116 1083.353112 1109.708313 1136.824908 1165.893171 1189.579200 1213.650260 1240.711497 1266.942734 1291.558404 1319.028622 1351.375975 1379.977319
1287.207447 1259.933916 1230.998678 1189.833271 1142.374326 1104.629151 1085.169218 1044.042300 1008.233702 972.555164 954.411265 934.571692 910.291220 887.685766 865.664241 839.501928 816.889625 792.666258 796.423365 808.994524 823.027355 817.783683 814.433455 811.225952 800.019605 786.277516 772.643466 776.163515 791.333152 808.107946 815.675937 822.406569 830.104817 830.470956 823.805082 815.701468 821.642834 836.053326 852.338994 873.134471 895.498705 917.567314 938.510143 961.877513 986.415401 1011.655477 1039.072689 1068.022158 1091.058227 1118.054801 1146.505887 1170.390044 1187.752628 1207.291457 1237.016085 1261.606913
1165.457817 1137.503478 1107.730758 1064.576526 1020.630558 976.660087 935.848465 901.711415 869.751363 852.060675 832.339340 813.834956 795.157490 773.591140 753.977739 735.174162 713.032798 695.881286 701.286339 714.309472 725.157090 728.206648 725.203963 722.116228 714.684670 700.917368 691.368337 699.895141 715.154380 729.845156 740.115236 746.874405 752.954795 750.390461 742.317595 736.971163 745.224524 760.854727 775.713426 792.890005 814.323711 835.659687 857.550272 880.581075 903.744293 929.431499 956.095292 983.471676 1010.997980 1036.497999 1060.756882 1075.019844 1090.112976 1101.327759 1121.630971 1144.756370
1032.439984 1005.004376 975.396894 941.378903 902.265835 871.340587 838.530201 807.017642 776.148023 750.132648 732.887956 722.842025 707.785723 688.443828 674.906785 657.955174 641.015760 641.341771 644.080786 654.972795 655.936483 656.541904 653.565815 652.454248 648.245444 637.961138 645.283319 652.661356 667.152974 677.850113 687.290422 693.507530 697.629005 697.689514 691.562975 695.349669 702.495002 717.075614 728.961488 743.996341 764.797409 782.325261 801.933781 824.275148 847.455230 871.896428 898.000880 926.293734 952.051912 973.005455 984.170067 997.045361 1005.214637 1002.304890 1019.377495 1037.727470
