tests/Borden05m/data_simulated/sim_1/output-maps/psiliqL0005N0011.asc
ncols         160
nrows         34
xllcorner     620200.000000
yllcorner     5168000.000000
cellsize      0.500000
NODATA_value  -9999.0
[rows 0 to 24 of 34, columns 56 to 111 of 160]
-9999.0 -9999.0 -9999.0 -9999.0 -9999.0 -9999.0 -9999.0 -9999.0 -9999.0 -9999.0 -9999.0 -9999.0 -9999.0 -9999.0 -9999.0 -9999.0 -9999.0 -9999.0 -9999.0 -9999.0 -9999.0 -9999.0 -9999.0 -9999.0 -9999.0 -9999.0 -9999.0 -9999.0 -9999.0 -9999.0 -9999.0 -9999.0 -9999.0 -9999.0 -9999.0 -9999.0 -9999.0 -9999.0 -9999.0 -9999.0 -9999.0 -9999.0 -9999.0 -9999.0 -9999.0 -9999.0 -9999.0 -9999.0 -9999.0 -9999.0 -9999.0 -9999.0 -9999.0 -9999.0 -9999.0 -9999.0
-9999.0 -9999.0 -9999.0 -671.542862 -677.600878 -683.152786 -687.972320 -697.687248 -706.951711 -716.206851 -719.837869 -720.441099 -721.687922 -723.009056 -717.763497 -710.177660 -703.046619 -695.687614 -694.255561 -692.213449 -689.755922 -689.207019 -690.625906 -694.057811 -697.233441 -700.599482 -700.927085 -710.105780 -722.453570 -732.144038 -734.886366 -729.173788 -724.302984 -722.497961 -716.330876 -705.072716 -694.190540 -686.553519 -674.766742 -670.729176 -665.525948 -661.194421 -665.396429 -668.320451 -670.811269 -673.707858 -685.683006 -9999.0 -9999.0 -9999.0 -9999.0 -9999.0 -9999.0 -9999.0 -9999.0 -9999.0
-707.836788 -688.139700 -686.002606 -700.953028 -705.507583 -708.501774 -710.233823 -715.602949 -725.344511 -730.562018 -736.997373 -739.214014 -739.632214 -740.444833 -736.561716 -725.916723 -717.514278 -713.155971 -711.759161 -710.104985 -710.489455 -711.352759 -711.661261 -714.793912 -718.291118 -721.815360 -723.155017 -721.618076 -730.001832 -735.380557 -739.049440 -740.915744 -738.524701 -736.303864 -733.823654 -723.185949 -715.204949 -707.490358 -692.572729 -679.395983 -674.214205 -677.145063 -682.391283 -684.790145 -689.679240 -698.534108 -708.160870 -716.742829 -723.098213 -727.417175 -732.575588 -725.354526 -720.290150 -709.438046 -699.028402 -687.049287
-727.613986 -706.848836 -705.123297 -718.943495 -728.900963 -733.260462 -732.937835 -729.623604 -733.780558 -739.567701 -745.247582 -736.625809 -736.206785 -735.657120 -732.705923 -728.957578 -727.193840 -724.561851 -719.696917 -710.086608 -708.280394 -708.196634 -708.094233 -710.100012 -713.495698 -714.958625 -717.726143 -724.058885 -724.456076 -723.564602 -723.825917 -717.418875 -716.089498 -714.013953 -723.428240 -720.174537 -714.046069 -707.614486 -700.993662 -694.321653 -689.266823 -692.844418 -692.935635 -700.595665 -714.190742 -724.300749 -731.215711 -731.113284 -732.126618 -739.485610 -754.165155 -745.695748 -726.938812 -723.470508 -721.042367 -708.287984
-738.189380 -727.624711 -726.042233 -732.390448 -730.328898 -727.990827 -726.067947 -728.591322 -733.113176 -736.256327 -721.321467 -711.927386 -711.762247 -709.120364 -705.438690 -706.884545 -722.598926 -726.305089 -717.249976 -706.554708 -700.855836 -701.767775 -702.353150 -704.294045 -705.283239 -705.408927 -708.114265 -706.350755 -703.478266 -703.315359 -697.614808 -691.535721 -688.030474 -698.604781 -709.044532 -708.651682 -700.068613 -691.812562 -684.616550 -672.796056 -659.071739 -660.615122 -666.017597 -673.449845 -684.855770 -708.509658 -729.141706 -739.127281 -744.762883 -751.363505 -751.095810 -753.191123 -740.068983 -738.666784 -737.786382 -728.180239
-739.163044 -716.941244 -708.984713 -717.179816 -724.074743 -728.344327 -727.866477 -728.347477 -725.243854 -710.501267 -697.094147 -681.225775 -680.457263 -678.528668 -679.096967 -690.804329 -701.975852 -707.449619 -690.189769 -673.523355 -665.530817 -665.743220 -665.654540 -655.257400 -658.391496 -661.666946 -668.663588 -665.873497 -663.145323 -649.549534 -642.038052 -634.874753 -637.311969 -650.432006 -662.178067 -664.152301 -662.553185 -661.505390 -655.682402 -644.378479 -632.650544 -638.117609 -645.189734 -653.981779 -684.338627 -713.005311 -729.118353 -724.671512 -721.737788 -725.468209 -727.361548 -730.100087 -739.309510 -738.655291 -738.420581 -739.885313
-690.200710 -672.311599 -654.543428 -663.105615 -673.075055 -686.861885 -686.650392 -683.303229 -675.223965 -662.420860 -643.443567 -617.274641 -615.407917 -611.800396 -606.188035 -618.486313 -631.815165 -646.386099 -629.178787 -620.038772 -610.619903 -607.356353 -593.213105 -580.974525 -587.746134 -598.635474 -609.836814 -602.372171 -585.148149 -567.811922 -561.371873 -558.092546 -556.349999 -567.504920 -573.152268 -576.968005 -577.236949 -583.009837 -580.810229 -567.294419 -547.810151 -546.455163 -559.285383 -584.188746 -622.213160 -659.463893 -682.960336 -675.171828 -681.450095 -686.587228 -689.339487 -704.282749 -715.839162 -713.108978 -723.418989 -730.470366
-649.666794 -632.345154 -613.100873 -618.085309 -631.875571 -645.979496 -646.065737 -637.036264 -628.502131 -608.633891 -581.032496 -549.998767 -531.322824 -517.815175 -505.305748 -515.392735 -528.199773 -541.793345 -537.957197 -520.875101 -503.381409 -484.734075 -463.725338 -441.800664 -448.178005 -461.041498 -463.404968 -457.042329 -430.889222 -405.750169 -394.682361 -387.669984 -376.309549 -385.159347 -400.901759 -418.990615 -436.433905 -451.359198 -461.153953 -439.875301 -416.681947 -420.944425 -461.840988 -498.863958 -542.687367 -586.158706 -626.012169 -632.048838 -630.643216 -630.476955 -647.150025 -662.036863 -682.075326 -692.710171 -699.841549 -716.560632
-550.949110 -524.580493 -498.791091 -489.053509 -507.732861 -512.252743 -505.448145 -490.231522 -482.315276 -461.925120 -408.259085 -330.843136 -279.534580 -247.886895 -242.207294 -251.710383 -265.520637 -287.641558 -299.676057 -280.152172 -260.328994 -243.871507 -233.171621 -224.496555 -219.156878 -219.922765 -219.928553 -218.158474 -215.492525 -211.014336 -206.255271 -201.607813 -196.246869 -195.173358 -202.066715 -208.545866 -215.713597 -222.175169 -223.942106 -225.088662 -220.298180 -221.271005 -237.745015 -268.046469 -319.947693 -396.339565 -457.704966 -496.395869 -499.688319 -520.359804 -541.788655 -567.902319 -610.825429 -631.223784 -647.465989 -681.593429
-393.629064 -330.100030 -294.927212 -268.967817 -265.383917 -260.282552 -255.359172 -247.576084 -240.978992 -234.844511 -211.235298 -181.698909 -152.274357 -128.205185 -119.274127 -127.891232 -137.770753 -149.243878 -158.402421 -156.826840 -144.108403 -129.330318 -115.749968 -107.266152 -104.328832 -105.789648 -105.527110 -104.582457 -102.251657 -100.983187 -97.589435 -92.365348 -83.471552 -71.890236 -74.270325 -88.399249 -99.579503 -112.754526 -118.520201 -121.467510 -126.448823 -127.263502 -128.662425 -151.232635 -176.227083 -203.777551 -229.136645 -249.423388 -280.819584 -318.875316 -362.847640 -440.630928 -504.099474 -550.900355 -588.774708 -624.818541
-212.998004 -188.029629 -164.503673 -149.392425 -143.035247 -139.441291 -135.665106 -129.241990 -123.772495 -116.792415 -101.393296 -70.836074 -35.734028 -3.643958 3.543417 -3.335444 -12.797585 -24.294280 -31.942718 -34.647320 -30.032346 -23.512749 -10.505475 -1.274155 10.275405 9.878231 11.769888 11.908363 12.836544 12.688706 14.508089 18.519845 25.711502 35.368040 36.468830 29.095467 13.438983 -1.437502 -11.419225 -23.589950 -31.875793 -33.944048 -34.193199 -35.919584 -55.552353 -85.107449 -122.217938 -147.817927 -169.464619 -183.642093 -198.109673 -211.991178 -242.602736 -267.012134 -320.109278 -399.788063
-115.631031 -91.485414 -64.909235 -44.803414 -32.022129 -25.100257 -19.875519 -12.842840 -6.481467 3.276835 19.340043 36.131493 66.251214 108.720077 128.181705 126.316083 117.544803 102.865346 101.086370 100.420586 100.362021 93.631898 107.799046 109.477999 132.176409 127.188631 138.734839 138.118518 138.334833 128.263444 139.065175 137.882398 128.847123 143.781351 135.648967 143.331862 121.526550 115.718931 99.101994 72.292468 62.413305 57.252490 55.779585 53.178891 43.641427 19.687635 -15.295229 -49.043396 -73.304277 -90.314293 -103.089425 -111.758778 -119.567055 -133.638158 -159.610020 -194.557255
-15.781318 4.814427 26.838287 53.799243 76.003578 99.221932 108.688712 113.037350 121.362332 125.538666 150.327217 151.385631 174.842131 195.012934 205.057277 210.572083 212.124608 212.271325 214.541349 214.194033 211.186036 210.689457 212.134876 211.809338 215.703563 215.753711 216.739515 217.131225 217.321838 216.208604 217.407645 216.590215 214.144912 214.952488 214.180721 215.030986 211.594073 206.277730 191.388709 178.453896 170.890459 163.568789 155.109610 146.051919 136.992794 122.477430 82.917632 47.864511 17.338725 2.361461 -8.298621 -15.203669 -20.387736 -33.766849 -53.104752 -77.722190
107.743704 119.136778 125.863042 158.291255 174.941059 187.205630 194.825199 199.119838 208.614774 217.805497 220.242685 219.854277 221.745186 222.366483 222.885055 222.940788 222.474445 220.669437 220.204099 219.121291 213.380740 204.196991 205.165936 205.940504 207.572949 211.550596 211.231885 212.192920 214.998005 213.496960 208.066775 204.557301 202.651505 202.771443 209.657643 212.699748 213.431523 213.694452 212.739433 212.103641 211.613994 211.362777 211.105468 210.725976 206.637601 198.075817 177.172517 149.725586 120.142277 99.335743 77.454486 74.282183 69.602341 62.865187 43.471867 14.638207
201.647054 212.166746 219.774828 222.113705 222.835409 223.754733 225.007779 227.058729 226.433108 223.333925 219.599659 215.475072 214.406228 213.180085 210.349944 210.736499 208.849940 205.050044 201.825867 196.327182 185.296887 171.302286 168.080083 171.607515 167.005842 177.339672 187.103470 191.220468 193.042661 188.369823 178.716389 171.170955 168.370552 174.840791 180.980182 187.400081 188.202346 186.041290 182.208478 182.198019 180.399070 181.847660 189.568857 201.841634 209.472782 209.720484 209.539655 208.418861 206.464251 186.975245 166.643824 168.125735 163.779341 152.735634 131.029266 93.157406
218.096003 217.906932 215.616261 209.773023 204.174310 203.493196 207.088162 213.473135 215.008944 208.689742 201.207155 195.011631 188.843865 185.940231 181.632947 179.679864 179.741743 174.435813 167.555173 152.609342 131.551744 109.196201 99.682856 98.006617 103.546651 118.449352 142.440874 150.481885 145.952884 136.461027 111.154111 98.814930 97.679499 101.524774 113.920884 139.998002 144.090647 138.342002 122.883645 117.070460 112.422425 115.449558 137.229930 154.147662 168.329048 180.663446 189.429824 196.455756 202.024066 208.467499 208.232308 208.172518 207.992888 204.044508 190.743168 171.127736
203.956534 197.635791 192.565057 183.581236 176.398600 174.270349 176.862295 180.388326 177.980784 172.239462 162.466192 152.489001 141.164138 128.132239 117.056971 114.875176 113.800284 107.301186 93.285218 75.763701 59.616529 42.591675 37.276290 33.222889 32.368126 45.886685 65.697054 73.000944 61.783949 51.357225 33.792699 24.034371 20.860528 23.145868 34.106526 55.179608 71.318315 69.608198 57.449352 47.858006 43.840997 44.232000 56.387529 76.909000 97.207151 114.687984 137.530269 145.759036 153.973219 163.023090 173.597198 186.135505 196.816325 207.398624 208.215872 207.832734
176.620192 168.176652 158.608463 135.594950 124.183578 117.987319 114.963874 112.992268 107.536598 101.555906 91.918770 80.965710 69.352765 54.097387 46.907279 42.440607 42.865609 31.341476 19.722268 0.532552 -14.523831 -29.466273 -37.146176 -41.759208 -45.604744 -36.864248 -19.738647 -10.115562 -24.865351 -35.175718 -49.382032 -56.574998 -59.878724 -58.661109 -49.419114 -27.096905 -9.832967 -5.314212 -14.537610 -21.994541 -25.033768 -24.704135 -18.129956 -1.439753 19.335384 40.321040 57.980871 68.210105 76.671132 87.423183 102.884050 121.710262 147.017005 164.270574 182.128776 196.467606
122.052575 109.494809 97.672325 82.228790 68.937486 61.590859 61.271747 54.479969 48.546019 39.146079 0.694373 -13.256171 -28.789971 -42.582383 -48.377562 -56.406016 -61.119319 -70.867683 -77.949398 -88.108516 -101.547740 -115.180401 -126.699547 -129.607730 -132.203448 -135.198832 -126.382775 -122.594118 -124.895262 -131.316848 -138.021525 -141.538214 -143.724962 -140.490348 -129.598268 -119.304585 -109.816979 -105.916782 -111.175751 -106.880534 -101.666873 -100.907521 -86.810787 -73.701573 -57.111540 -36.874892 -15.293026 -3.887175 5.143940 16.028897 31.974744 50.464937 70.827021 94.577562 121.511190 150.629899
70.052160 55.607225 40.918984 27.145059 14.059220 2.135994 2.031517 -1.828635 -7.537828 -37.347877 -75.141581 -101.932649 -116.371918 -133.049722 -141.400808 -150.856100 -172.220461 -185.410796 -192.337393 -190.758054 -199.834931 -212.970886 -223.436833 -228.066063 -231.276054 -238.694810 -241.873601 -238.962750 -232.155208 -237.437291 -240.808326 -239.234753 -241.108953 -242.043902 -235.201265 -224.897111 -219.141641 -212.975650 -206.730190 -202.770308 -195.490370 -173.879858 -159.996663 -147.338646 -131.024219 -112.751760 -92.944115 -76.394990 -65.502023 -52.924879 -35.381212 -19.257682 1.389102 25.095497 53.975590 76.012609
5.061064 -12.477137 -27.375753 -42.219243 -57.698750 -77.215000 -79.772275 -86.578954 -97.011049 -131.364029 -165.410709 -194.044273 -212.410761 -230.686175 -244.117821 -272.092354 -321.684101 -362.241040 -363.013953 -353.124591 -364.786177 -398.012338 -426.092194 -444.890052 -463.344838 -485.422382 -498.025124 -486.980506 -474.268218 -472.220344 -471.557326 -467.107368 -466.856280 -468.222608 -467.662198 -448.156750 -431.431478 -412.569604 -395.482041 -378.092196 -324.998753 -279.848105 -251.277418 -229.145125 -211.347364 -190.387833 -167.608248 -149.412797 -137.025476 -121.813589 -105.200594 -87.294473 -68.479582 -45.091682 -17.026967 5.989859
-58.465668 -81.400539 -99.973899 -119.149562 -147.347328 -161.051286 -170.553328 -180.239943 -205.407237 -237.120148 -278.102737 -337.029958 -395.564200 -443.076357 -482.111599 -521.536658 -556.892734 -579.242367 -570.752428 -563.016268 -553.654346 -569.947466 -584.705704 -591.774208 -606.977808 -621.615575 -636.438220 -626.314122 -617.312313 -601.889567 -599.694678 -597.201827 -591.099699 -593.396025 -595.416489 -601.927562 -591.912578 -582.378868 -570.085410 -542.242136 -512.209577 -480.059979 -449.509211 -412.457282 -362.813556 -305.636929 -258.804612 -228.023168 -209.862241 -191.498539 -170.767087 -153.100084 -137.246209 -118.520322 -95.082041 -73.771203
-141.582149 -159.289968 -180.097536 -209.002849 -244.012873 -280.351572 -301.148182 -356.353391 -421.185341 -491.615840 -529.328765 -555.806637 -582.468998 -604.908134 -625.235287 -652.145462 -674.719408 -698.420663 -692.694930 -679.770963 -664.230554 -674.784799 -679.485226 -681.418834 -693.204114 -706.556867 -721.369110 -717.659017 -702.808282 -685.784305 -681.100348 -675.603656 -667.697414 -667.781467 -674.467667 -684.619021 -679.497313 -667.200460 -652.858931 -631.276327 -609.430884 -588.155817 -568.702607 -545.472855 -518.750901 -487.962664 -448.654326 -399.226236 -353.762819 -298.384884 -251.709940 -225.567035 -212.336672 -197.287007 -173.295171 -154.774544
-227.075979 -248.491736 -288.506937 -369.258803 -453.577271 -515.802229 -554.597607 -590.295041 -623.700717 -644.194121 -661.868727 -679.427265 -696.586854 -715.202796 -733.383262 -751.238838 -771.803667 -795.155778 -788.071779 -772.964851 -757.551029 -756.282737 -759.134110 -761.083259 -768.614581 -782.634827 -798.743928 -789.977185 -773.993592 -758.495292 -750.043156 -744.301343 -737.368206 -741.028329 -750.377734 -760.454485 -752.846336 -737.927867 -724.317723 -707.863850 -687.911801 -667.820420 -648.029505 -626.995329 -605.722901 -581.294383 -555.093947 -526.854808 -497.046239 -463.397392 -422.572757 -393.346346 -359.813015 -324.571743 -281.043685 -246.612655
-428.050979 -471.156326 -509.881262 -552.196757 -596.598605 -628.057057 -657.677034 -685.631207 -713.585927 -735.189794 -751.613865 -758.256310 -770.628731 -789.243806 -799.263011 -813.988087 -837.132020 -835.947777 -830.263315 -813.497855 -812.602071 -812.415792 -816.209972 -815.842982 -820.680238 -838.237845 -830.579607 -822.878367 -806.959687 -798.046121 -790.328852 -784.937928 -781.027803 -782.622048 -793.509542 -791.004116 -784.170113 -769.451925 -760.344894 -747.036022 -727.224418 -712.578687 -695.252828 -675.329052 -654.694778 -632.503164 -608.546198 -581.607713 -556.303760 -534.181230 -523.123713 -509.152555 -498.030751 -500.999274 -476.377662 -447.723107
