tests/Borden05m/data_simulated/sim_1/output-maps/psiliqL0013N0003.asc
ncols         160
nrows         34
xllcorner     620200.000000
yllcorner     5168000.000000
cellsize      0.500000
NODATA_value  -9999.0
[rows 0 to 24 of 34, columns 0 to 55 of 160]
-9999.0 -9999.0 -9999.0 -9999.0 -9999.0 -9999.0 -9999.0 -9999.0 -9999.0 -9999.0 -9999.0 -9999.0 -9999.0 -9999.0 -9999.0 -9999.0 -9999.0 -9999.0 -9999.0 -9999.0 -9999.0 -9999.0 -9999.0 -9999.0 -9999.0 -9999.0 -9999.0 -9999.0 -9999.0 -9999.0 -9999.0 -9999.0 -9999.0 -9999.0 -9999.0 -9999.0 -9999.0 -9999.0 -9999.0 -9999.0 -9999.0 -9999.0 -9999.0 -9999.0 -9999.0 -9999.0 -9999.0 -9999.0 -9999.0 -9999.0 -9999.0 -9999.0 -9999.0 -9999.0 -9999.0 -9999.0
-9999.0 -9999.0 -9999.0 -9999.0 -9999.0 -9999.0 -9999.0 -9999.0 -9999.0 -9999.0 -9999.0 -9999.0 -9999.0 -9999.0 -9999.0 -9999.0 -9999.0 -9999.0 -9999.0 -9999.0 -9999.0 -9999.0 -9999.0 -9999.0 -9999.0 -9999.0 -9999.0 -9999.0 -9999.0 -9999.0 -9999.0 -9999.0 -9999.0 -9999.0 -9999.0 -9999.0 -9999.0 -9999.0 -9999.0 -9999.0 -9999.0 -9999.0 -9999.0 -9999.0 -9999.0 -9999.0 -9999.0 -9999.0 -9999.0 -9999.0 -9999.0 -9999.0 -9999.0 -9999.0 -9999.0 -9999.0
-9999.0 -9999.0 -9999.0 -9999.0 -9999.0 -9999.0 -9999.0 -9999.0 -9999.0 -9999.0 -9999.0 -9999.0 -9999.0 -9999.0 -9999.0 -9999.0 -9999.0 -9999.0 -9999.0 -9999.0 -9999.0 -9999.0 -9999.0 -9999.0 -9999.0 -9999.0 -9999.0 -9999.0 -9999.0 -9999.0 -9999.0 -9999.0 -9999.0 -9999.0 -9999.0 -9999.0 -9999.0 -9999.0 -9999.0 -9999.0 -9999.0 -9999.0 -9999.0 -9999.0 -9999.0 -9999.0 -9999.0 686.699571 669.382946 653.658307 651.302489 673.730301 697.026610 720.731954 741.233469 759.778946
-9999.0 -9999.0 -9999.0 -9999.0 -9999.0 -9999.0 -9999.0 -9999.0 -9999.0 -9999.0 -9999.0 -9999.0 -9999.0 -9999.0 -9999.0 -9999.0 -9999.0 -9999.0 -9999.0 -9999.0 -9999.0 -9999.0 -9999.0 -9999.0 -9999.0 -9999.0 -9999.0 -9999.0 -9999.0 -9999.0 -9999.0 -9999.0 -9999.0 -9999.0 -9999.0 -9999.0 -9999.0 -9999.0 -9999.0 -9999.0 734.462726 740.358580 741.548937 731.051217 719.835132 707.633885 687.657381 669.965195 655.120492 652.589794 655.227156 660.254545 682.747869 707.321629 726.920067 743.897210
-9999.0 -9999.0 -9999.0 -9999.0 -9999.0 -9999.0 -9999.0 -9999.0 -9999.0 -9999.0 -9999.0 -9999.0 -9999.0 -9999.0 -9999.0 -9999.0 -9999.0 -9999.0 -9999.0 -9999.0 -9999.0 -9999.0 -9999.0 -9999.0 -9999.0 -9999.0 -9999.0 -9999.0 -9999.0 -9999.0 -9999.0 -9999.0 -9999.0 -9999.0 642.417587 659.811749 677.836509 696.173329 712.841760 719.569969 725.412911 731.141742 727.032535 722.389532 711.064205 691.976625 672.490330 658.697374 656.579224 654.117948 658.398230 671.212047 687.926196 704.048605 724.910355 748.368027
-9999.0 -9999.0 -9999.0 -9999.0 -9999.0 -9999.0 -9999.0 -9999.0 -9999.0 -9999.0 -9999.0 -9999.0 -9999.0 -9999.0 -9999.0 -9999.0 -9999.0 -9999.0 -9999.0 -9999.0 -9999.0 -9999.0 -9999.0 -9999.0 -9999.0 -9999.0 -9999.0 -9999.0 647.110954 641.185177 636.105892 634.577398 633.231714 632.070880 638.885579 650.903102 668.881955 690.492557 703.401556 710.594139 717.229615 717.975890 712.970044 710.983001 711.327019 699.529507 687.879840 676.980401 666.461655 664.922377 674.448052 688.494234 704.627852 719.407867 734.748860 745.579232
-9999.0 -9999.0 -9999.0 -9999.0 -9999.0 -9999.0 -9999.0 -9999.0 -9999.0 -9999.0 -9999.0 -9999.0 -9999.0 -9999.0 -9999.0 -9999.0 -9999.0 -9999.0 -9999.0 -9999.0 -9999.0 -9999.0 -9999.0 617.686870 623.462465 629.941974 637.343134 638.210775 634.097669 628.462417 625.386632 623.842255 622.091041 626.503681 634.540404 648.051788 663.806458 685.585533 694.127124 700.221348 712.445463 715.135264 720.773356 724.842989 723.127202 720.273536 707.797668 698.519347 703.572162 709.405035 716.095519 723.948462 737.214235 752.492152 769.740311 789.824693
-9999.0 -9999.0 -9999.0 -9999.0 -9999.0 -9999.0 -9999.0 -9999.0 -9999.0 -9999.0 -9999.0 -9999.0 -9999.0 -9999.0 -9999.0 -9999.0 -9999.0 -9999.0 -9999.0 592.894367 593.775444 594.901729 599.535075 600.332999 602.444258 609.380535 617.469264 619.737559 617.979064 616.473642 617.950674 620.596506 624.869891 636.116255 649.860174 663.967612 677.805333 698.628109 713.340622 726.937998 742.931861 742.164132 738.097884 736.241703 736.749990 737.040990 741.412908 744.266358 750.442215 755.289027 761.699500 770.932259 782.272884 800.460076 820.256918 840.001833
-9999.0 -9999.0 -9999.0 -9999.0 -9999.0 -9999.0 -9999.0 -9999.0 -9999.0 -9999.0 -9999.0 -9999.0 -9999.0 -9999.0 -9999.0 -9999.0 564.370508 566.198702 568.359705 573.716993 576.498631 580.440145 587.315900 588.472966 592.202593 599.270159 604.106514 612.787071 620.723570 627.971556 633.865550 636.485816 643.917550 653.492098 665.310753 680.568422 702.058893 725.020517 741.244525 758.024777 775.062558 775.673657 774.649921 775.872647 776.515412 783.230179 800.913615 806.903412 808.646309 825.623228 839.796635 845.066427 852.767761 871.719076 895.457522 919.286158
-9999.0 -9999.0 -9999.0 -9999.0 -9999.0 -9999.0 -9999.0 -9999.0 -9999.0 -9999.0 -9999.0 -9999.0 -9999.0 518.588468 522.711844 532.156681 541.158170 543.590250 547.762418 553.702390 565.844557 569.395999 575.561245 583.076795 594.775704 603.289107 612.385901 624.125531 632.468358 639.619164 646.596959 652.350033 665.628994 680.835226 696.566657 716.734480 738.592038 759.186714 779.762671 795.477266 809.376342 811.806129 810.889488 813.390602 821.464302 839.145768 858.414310 868.617834 888.052262 911.807087 926.002847 938.409119 947.573352 961.208455 982.755870 1017.925042
-9999.0 -9999.0 -9999.0 -9999.0 -9999.0 -9999.0 -9999.0 -9999.0 -9999.0 -9999.0 485.285230 487.633582 484.169845 484.115969 489.059980 501.054820 514.583999 521.179652 532.611615 553.366099 570.915264 574.356085 588.874712 598.940219 605.580975 616.072502 629.149516 641.948858 658.830663 671.345582 683.176988 702.968375 719.476653 736.037522 753.836899 774.029614 794.143931 823.032246 850.282303 863.713482 886.729792 898.845585 896.592827 897.437318 906.961529 924.219182 947.061449 972.469827 995.999498 1023.205699 1042.656718 1058.224189 1070.027854 1083.558234 1100.666850 1136.915457
-9999.0 -9999.0 -9999.0 -9999.0 -9999.0 -9999.0 -9999.0 -9999.0 461.013037 468.167978 474.276717 471.225721 466.621225 462.811693 476.287896 492.043432 507.998966 525.387206 541.304314 559.331334 574.630375 590.892128 610.516625 622.202683 633.879942 649.141030 662.817267 680.153604 701.491662 714.778624 732.169193 753.801416 772.800811 791.057610 809.984854 828.483768 855.716741 889.802261 922.437090 946.405700 975.183216 999.628373 1000.516073 1004.700715 1010.851682 1038.323816 1069.784976 1102.768252 1131.425810 1161.874431 1193.634984 1213.150743 1225.261597 1239.371277 1256.533824 1277.227429
-9999.0 -9999.0 -9999.0 -9999.0 -9999.0 -9999.0 434.496345 458.622501 473.470438 465.518969 455.979276 452.331588 448.349331 470.605557 492.310654 509.389525 526.192043 543.702434 560.149145 573.549076 607.576513 624.994220 639.523364 658.035747 672.533100 687.057704 704.555388 728.062712 750.327035 780.893369 807.953447 832.971910 859.768534 880.135214 899.588954 918.810879 950.955123 989.242693 1027.180474 1057.921623 1086.991358 1119.206937 1129.070183 1137.364095 1147.435381 1170.474157 1204.344460 1237.712691 1275.132889 1310.702842 1339.698359 1353.341954 1364.987158 1377.505345 1392.408711 1406.725155
-9999.0 -9999.0 -9999.0 -9999.0 401.365433 422.204581 442.259126 472.860773 495.305704 490.104658 496.842659 497.008667 495.256981 498.693736 505.350447 523.365204 541.717887 560.307355 578.349574 613.960258 657.427972 673.339365 698.424128 730.619602 744.616002 760.006316 776.256846 799.495418 827.128150 861.344888 906.306901 944.844132 971.848554 996.091026 1018.504488 1041.985782 1076.936171 1116.237070 1155.530559 1192.677557 1225.488439 1253.743529 1269.647148 1280.776010 1295.887411 1315.008465 1338.747637 1368.489670 1402.023514 1436.341550 1463.141862 1478.122368 1486.758209 1497.831561 1509.022334 1522.011092
-9999.0 -9999.0 -9999.0 352.752866 391.295895 428.739155 455.756788 486.536368 518.365912 523.361496 532.059574 537.344591 542.641958 551.319098 560.316889 577.250636 592.906140 607.997077 629.790399 666.537683 701.960556 733.073849 765.582094 793.730497 815.475332 831.777489 850.261264 874.666097 914.851239 953.599361 1005.011074 1059.538084 1098.392219 1125.208202 1149.236412 1178.091981 1204.819764 1243.111058 1281.285474 1317.815922 1352.441344 1379.767851 1401.224439 1411.663634 1423.766173 1434.997071 1453.461399 1476.462361 1499.565871 1529.132493 1557.847191 1582.108032 1595.894432 1605.683068 1621.445212 1637.312128
-9999.0 -9999.0 305.886006 343.388955 377.722193 428.211110 480.859990 514.806125 555.475476 579.534571 586.365345 603.873859 620.273246 628.013883 644.133806 661.539865 678.200765 684.212211 700.083570 732.015239 783.001542 829.926113 854.738238 907.799056 941.953660 969.186932 986.553452 1013.325754 1048.856874 1092.381075 1142.996587 1194.939998 1236.467182 1270.917163 1290.206729 1311.564260 1336.147426 1361.844311 1397.859907 1429.530091 1462.591417 1490.095429 1513.293578 1522.303395 1529.169728 1546.198734 1570.954617 1596.759929 1621.085216 1644.340834 1650.627200 1661.147095 1666.299313 1669.525750 1673.929310 1677.205844
-9999.0 -9999.0 279.658622 324.233955 365.122157 432.442263 510.797743 547.888120 590.655527 635.961084 654.778618 679.235960 693.473179 705.859460 729.942804 753.272046 764.102669 770.304957 770.308342 825.757421 884.735196 939.481282 993.401682 1060.643733 1106.570546 1123.285418 1135.833845 1156.914948 1182.984113 1228.238878 1278.832796 1333.379444 1379.367302 1412.752910 1431.290957 1450.876601 1472.203161 1491.253267 1511.549166 1551.022239 1578.350133 1604.150889 1630.882444 1651.647304 1660.940527 1665.293488 1657.735318 1667.066844 1673.795078 1677.464928 1679.391569 1677.034776 1677.092358 1678.331617 1679.816590 1675.389283
-9999.0 191.558427 243.567052 296.970092 366.235685 433.955660 517.771284 597.706469 652.562601 698.422747 727.667552 742.596216 784.571908 829.862026 857.361539 885.926340 888.902429 893.220597 884.516810 931.977779 984.128603 1063.618474 1176.693803 1236.190924 1280.984772 1285.901114 1283.138979 1297.176251 1322.486161 1366.400330 1432.777314 1479.923579 1532.117258 1571.993684 1588.089580 1595.972716 1614.081223 1634.416059 1627.899028 1648.776438 1659.166590 1667.882188 1670.677995 1673.508116 1675.877637 1677.560075 1675.916849 1671.096647 1664.783637 1660.532853 1657.589506 1653.885944 1656.826335 1660.410048 1661.513197 1655.013927
-9999.0 156.493102 216.152214 287.874833 359.095301 429.499220 535.236137 673.883705 725.381453 762.055960 787.507154 817.587244 899.538316 968.371053 1006.233841 1052.208719 1049.651310 1040.561163 1030.879228 1064.891363 1116.852617 1193.249484 1333.395808 1419.638311 1447.393659 1461.298694 1470.746122 1497.563786 1533.291366 1568.141852 1599.773323 1604.623604 1628.724793 1641.734107 1647.131998 1650.595969 1655.660169 1657.920600 1657.974611 1656.582148 1654.040511 1655.981547 1661.355816 1662.516510 1661.135027 1659.455784 1655.227606 1648.896791 1644.445631 1640.782150 1638.795865 1636.323997 1635.070010 1635.260117 1630.996572 1625.272573
-9999.0 128.404441 198.977446 263.071751 330.536949 447.887149 572.361217 705.298025 796.513429 834.574757 865.755106 942.398987 1046.258270 1144.718812 1200.492172 1230.077916 1237.053004 1221.590881 1228.801253 1273.447580 1337.614689 1425.822401 1511.892409 1586.722234 1602.588788 1609.164363 1594.940403 1608.484302 1620.912731 1625.021210 1628.299653 1632.892727 1639.955376 1644.692741 1645.685994 1645.171602 1642.869624 1637.370954 1634.684231 1633.533901 1631.925237 1632.984433 1636.723050 1638.676008 1636.986666 1633.926801 1630.098550 1625.036377 1619.534609 1613.542003 1610.112271 1606.426883 1604.286366 1599.266520 1594.271493 1587.393283
-9999.0 32.550847 119.520394 176.525744 297.054716 468.310455 593.594853 743.742068 885.611338 927.790267 1009.488072 1130.613257 1239.809136 1318.665348 1366.011804 1412.232350 1443.801872 1469.329104 1504.024130 1474.017847 1526.973253 1578.922973 1602.925955 1616.520337 1620.469488 1625.018136 1620.503229 1604.458633 1596.630911 1591.973591 1595.215940 1603.678582 1610.343157 1617.062435 1616.451021 1618.464708 1620.006771 1618.288506 1616.468390 1610.231141 1604.337464 1599.985092 1599.186256 1604.903649 1600.313805 1597.188325 1591.262951 1583.304774 1574.762345 1567.241816 1559.744898 1553.020850 1549.831681 1543.445284 1540.439500 1530.233875
-9999.0 -48.334265 29.105467 122.897656 265.026623 428.755028 562.932186 730.410100 932.177032 1045.746688 1166.895817 1242.341619 1323.424583 1393.786474 1462.273810 1510.446182 1536.752572 1548.293659 1542.604363 1553.368220 1525.637962 1522.171867 1542.049664 1570.387850 1585.770299 1592.486808 1586.796992 1578.477655 1573.080676 1572.956595 1572.133254 1571.035882 1569.789949 1568.258819 1565.927847 1568.685521 1574.208095 1569.634049 1562.879870 1556.468093 1550.604064 1543.486805 1538.653122 1535.494022 1533.909135 1532.888917 1524.466092 1513.065823 1501.610753 1492.743071 1484.516620 1478.250599 1474.790617 1468.376874 1458.351798 1442.946827
-9999.0 -143.436186 -24.055118 72.724808 198.779089 336.627639 466.071456 630.888128 781.876731 997.792436 1160.570106 1260.744030 1308.712086 1372.440288 1437.758963 1505.740637 1513.842298 1488.294846 1460.407465 1448.771181 1456.167060 1468.423265 1484.463142 1506.638989 1526.098005 1537.594819 1541.134131 1534.825537 1521.825735 1512.266402 1504.804806 1494.279865 1486.736471 1485.441094 1486.070969 1493.322918 1496.315290 1488.267989 1476.692137 1462.155063 1449.403788 1439.696895 1436.964740 1437.847252 1436.858415 1431.813645 1422.866043 1410.104501 1395.569806 1382.346670 1373.625204 1367.035800 1358.933610 1347.336138 1333.706942 1317.458476
-9999.0 -9999.0 -97.682998 13.862973 124.506778 249.223848 368.560782 515.491435 666.843140 849.473371 968.815749 1095.699377 1170.446324 1222.107625 1277.681030 1334.298129 1354.440821 1374.237430 1359.150683 1365.054709 1373.708278 1382.419296 1395.257376 1409.992459 1425.650447 1437.250405 1445.689078 1443.957986 1434.176419 1415.592531 1393.417940 1376.129735 1365.948099 1358.468818 1367.146561 1378.333878 1375.934735 1369.840073 1358.683381 1343.824196 1331.403565 1318.117177 1314.197157 1313.882676 1312.665073 1307.782139 1300.517772 1284.816802 1269.283246 1255.260839 1248.100395 1240.664832 1233.763313 1221.237529 1207.356601 1191.470613
-9999.0 -9999.0 -181.376493 -71.678274 45.056880 169.516225 272.400000 356.884517 511.161261 628.899770 732.908671 830.585368 913.108998 978.161502 1025.392907 1087.371589 1127.658928 1144.549724 1163.430127 1191.732329 1218.254833 1246.860104 1267.321448 1283.078943 1299.332717 1313.876428 1323.231167 1311.762910 1299.612104 1280.751678 1256.872935 1231.646994 1218.067747 1213.213806 1215.308454 1220.620023 1215.254572 1205.939042 1192.011881 1176.607745 1163.763969 1152.241969 1147.779000 1143.912791 1141.547620 1137.071909 1131.783022 1120.915545 1107.599605 1098.243102 1088.882524 1081.871102 1077.757777 1069.803653 1059.165273 1051.069773
