tests/Borden05m/data_simulated/sim_1/output-maps/psiliqL0017N0011.asc
ncols         160
nrows         34
xllcorner     620200.000000
yllcorner     5168000.000000
cellsize      0.500000
NODATA_value  -9999.0
[rows 0 to 24 of 34, columns 55 to 109 of 160]
-9999.0 -9999.0 -9999.0 -9999.0 -9999.0 -9999.0 -9999.0 -9999.0 -9999.0 -9999.0 -9999.0 -9999.0 -9999.0 -9999.0 -9999.0 -9999.0 -9999.0 -9999.0 -9999.0 -9999.0 -9999.0 -9999.0 -9999.0 -9999.0 -9999.0 -9999.0 -9999.0 -9999.0 -9999.0 -9999.0 -9999.0 -9999.0 -9999.0 -9999.0 -9999.0 -9999.0 -9999.0 -9999.0 -9999.0 -9999.0 -9999.0 -9999.0 -9999.0 -9999.0 -9999.0 -9999.0 -9999.0 -9999.0 -9999.0 -9999.0 -9999.0 -9999.0 -9999.0 -9999.0 -9999.0
-9999.0 -9999.0 -9999.0 -9999.0 1632.067457 1626.785249 1621.965656 1617.537716 1609.147970 1600.328568 1592.538020 1588.945071 1588.394390 1588.019263 1587.966435 1593.478466 1601.848493 1609.794330 1617.139279 1619.787755 1622.415416 1624.740338 1625.346839 1624.338347 1621.296007 1618.168895 1614.929476 1613.487474 1605.743351 1594.536782 1585.950373 1583.247152 1587.583709 1591.971357 1594.383913 1599.912194 1610.371891 1620.888321 1629.148555 1640.901506 1646.706198 1651.479856 1653.889285 1649.368808 1645.459548 1641.192300 1635.443393 1624.194373 -9999.0 -9999.0 -9999.0 -9999.0 -9999.0 -9999.0 -9999.0
1576.797230 1595.914781 1616.516617 1619.928647 1608.491892 1603.704559 1600.762840 1599.197140 1594.924289 1586.746922 1581.974966 1577.000184 1575.345315 1575.826680 1576.260418 1580.631408 1591.334386 1599.573175 1604.555869 1607.352617 1610.249951 1609.770008 1609.362298 1609.258233 1606.548458 1603.269530 1600.028431 1598.338897 1599.183324 1591.672603 1586.084689 1582.539743 1580.465531 1583.004764 1585.415065 1589.065873 1598.301205 1606.174791 1614.014198 1628.260090 1640.537346 1645.494859 1642.511398 1637.147562 1632.841102 1625.453828 1614.786529 1604.284340 1595.021523 1587.932465 1581.926451 1575.391195 1580.866063 1587.199100 1596.270317
1561.652532 1581.277305 1601.875727 1604.964877 1594.651752 1586.877325 1581.681864 1582.400602 1585.698487 1582.740770 1578.536458 1573.174840 1582.609971 1584.267580 1585.714385 1589.379558 1592.470825 1596.533182 1599.466026 1605.064419 1614.265782 1617.210332 1617.902600 1618.189663 1616.473240 1613.461471 1611.739521 1609.089043 1603.964898 1602.718807 1602.840832 1602.269414 1606.930757 1608.380155 1610.398565 1603.994006 1607.675127 1613.705161 1620.345175 1626.266616 1632.409271 1635.499414 1631.717620 1630.723351 1621.739454 1607.374999 1596.082248 1587.410112 1585.698073 1581.995212 1573.450653 1559.715442 1566.437922 1581.400755 1585.329354
1568.050314 1577.685462 1589.568109 1592.881863 1588.330752 1590.389135 1592.511910 1594.403192 1593.247321 1590.606641 1588.415376 1600.783587 1610.349291 1612.516933 1615.757518 1619.924613 1620.163073 1608.950907 1606.961965 1615.176251 1625.510346 1631.295850 1631.690731 1631.695120 1629.293039 1628.372373 1628.162230 1626.197009 1626.636283 1628.835311 1628.079131 1632.166657 1637.718376 1640.689773 1633.625522 1624.640698 1625.782893 1633.582466 1641.816176 1648.930247 1659.037918 1669.695416 1668.480815 1662.538837 1652.966062 1638.991198 1615.107729 1595.462201 1583.812176 1575.603174 1567.540063 1567.582121 1563.151815 1574.320140 1575.176231
1564.590200 1583.375274 1604.815711 1612.693729 1607.373122 1603.326998 1601.631017 1602.928168 1603.331969 1606.138574 1618.000167 1631.689061 1645.706780 1648.772980 1651.608597 1651.389576 1643.238217 1633.383620 1630.283227 1644.822856 1661.385314 1669.729038 1670.218712 1668.580299 1674.443697 1673.650713 1672.716875 1668.413672 1670.138570 1670.489468 1679.033991 1686.643317 1693.929994 1692.193025 1680.009804 1668.218322 1666.994203 1670.396696 1674.555415 1680.864032 1690.641255 1699.630684 1693.996438 1686.728380 1676.720994 1648.196571 1621.569601 1604.608641 1603.870946 1603.209269 1597.439775 1593.591745 1590.030842 1582.926193 1581.662825
1610.028090 1631.414002 1652.213796 1667.880948 1662.781377 1655.657097 1646.747299 1647.891331 1650.774638 1658.801325 1671.607375 1688.219525 1712.070624 1714.494601 1717.405556 1719.430862 1708.248506 1696.139826 1685.725570 1705.027062 1715.707742 1724.111717 1724.754899 1733.323804 1742.931853 1738.819901 1731.484941 1720.850895 1727.025555 1737.271713 1752.336251 1759.404005 1763.594491 1761.297945 1749.322848 1743.174849 1742.420527 1745.646933 1744.034994 1749.413921 1758.735388 1773.108604 1771.630590 1763.508401 1740.907611 1703.062616 1669.249886 1650.111467 1656.248547 1648.576983 1640.712585 1636.870813 1622.641627 1611.720141 1611.339862
1658.938110 1676.424132 1694.979074 1713.561994 1708.472390 1698.894304 1685.526601 1685.016800 1692.223649 1702.975540 1722.131049 1744.104039 1767.339599 1773.395994 1774.272920 1784.369963 1778.319080 1769.014669 1761.375174 1775.724938 1787.398988 1798.858518 1807.584612 1820.373308 1831.643584 1820.185007 1806.898824 1800.350607 1806.141255 1827.484854 1846.124406 1851.064388 1851.606050 1853.284174 1842.393276 1836.211565 1830.371993 1826.644445 1821.542999 1817.783569 1837.474128 1854.700738 1852.681836 1829.137961 1804.598552 1766.485037 1727.801656 1696.936544 1699.180235 1695.052338 1694.033070 1679.298720 1663.762611 1648.873647 1640.194978
1733.276434 1761.036474 1781.397973 1803.608299 1802.542524 1785.037832 1775.704523 1780.547096 1794.027340 1802.008244 1818.789361 1841.325705 1871.709162 1890.808533 1908.057059 1912.818048 1905.309484 1896.911819 1884.515167 1884.913799 1904.108897 1916.208650 1926.349350 1936.493060 1949.009601 1953.101953 1949.396246 1948.633855 1952.212475 1961.087235 1971.530545 1978.133114 1982.707376 1987.217287 1980.671716 1969.659465 1964.481195 1956.611483 1951.303650 1948.956042 1953.613921 1966.726242 1963.534221 1933.622601 1905.778985 1871.924472 1833.638730 1801.992701 1786.871128 1795.429651 1785.763108 1766.918525 1748.926580 1715.625017 1701.394561
1825.153552 1860.826075 1888.416313 1902.823478 1915.348316 1908.608045 1909.984338 1914.722184 1922.891680 1927.883430 1935.834979 1968.631942 2003.468964 2031.807921 2055.948635 2064.580875 2054.183226 2044.838187 2032.803624 2023.876277 2030.242291 2045.562681 2062.555303 2077.990663 2089.245525 2092.479046 2091.258721 2091.584561 2093.981861 2096.937106 2100.248180 2106.957301 2114.236473 2123.846849 2133.811707 2126.470282 2109.474237 2097.952149 2085.496465 2081.445886 2080.328362 2079.615976 2079.043428 2067.750230 2032.342951 2002.016132 1969.122199 1942.210528 1922.545939 1911.608813 1891.180726 1866.911162 1818.377222 1778.120613 1743.431851
1932.897204 1975.285749 2006.384846 2029.190146 2044.544885 2046.578618 2049.649132 2052.518012 2058.338464 2063.235046 2069.537594 2093.795123 2132.847629 2170.896518 2201.329167 2204.403231 2194.087297 2183.743020 2174.023738 2162.455541 2159.081481 2168.426837 2180.860139 2198.160640 2209.217634 2217.717280 2216.235024 2216.693248 2217.674325 2219.751241 2221.602770 2224.013172 2231.749278 2244.473562 2256.546950 2256.827932 2241.643169 2224.319268 2207.270487 2201.264639 2195.910314 2189.761537 2189.779544 2189.893934 2178.879510 2150.908263 2112.871293 2070.262154 2045.928532 2025.504914 2011.723710 1994.093490 1962.639807 1905.731262 1871.549790
2060.938221 2091.491553 2121.938280 2153.255761 2171.624705 2178.513658 2178.858255 2180.554908 2188.387818 2194.045730 2203.174459 2220.075415 2246.797217 2277.947341 2305.722349 2322.539569 2317.762827 2303.745643 2285.156633 2278.579233 2276.822828 2279.316242 2286.748468 2296.207674 2312.823849 2329.774242 2335.638622 2336.561470 2333.969332 2336.401975 2337.732789 2337.792649 2339.359444 2345.178851 2352.953012 2355.560239 2349.543313 2331.534956 2310.172499 2296.550295 2288.196409 2283.471298 2281.740722 2283.433301 2283.240536 2269.550422 2237.786509 2197.163609 2164.179370 2143.398645 2127.097969 2111.750067 2098.775472 2073.852695 2053.758362
2179.771258 2195.231098 2222.544579 2250.636076 2275.001781 2291.606744 2295.179197 2300.576007 2305.876641 2315.245394 2330.981059 2351.932787 2367.911873 2386.814581 2409.817011 2423.578491 2429.123801 2428.779447 2426.555519 2428.009941 2428.067761 2389.876273 2393.765317 2397.649514 2407.989201 2418.452450 2422.238295 2422.770481 2421.273676 2422.715576 2423.226656 2423.249696 2422.826735 2423.484003 2426.467047 2427.506885 2425.822410 2416.963018 2424.659351 2406.514633 2393.818121 2385.713043 2377.396426 2368.440900 2358.311032 2347.783706 2329.308320 2300.533741 2266.450618 2240.484692 2229.076939 2221.250339 2212.606655 2205.685107 2188.676469
2288.075671 2300.278887 2317.618187 2339.263476 2369.518166 2390.472741 2401.669472 2410.766610 2415.760814 2428.636656 2443.098591 2434.790966 2440.191417 2445.630710 2450.897290 2452.610577 2452.922296 2452.388346 2449.768824 2448.881050 2446.567459 2441.954358 2431.875727 2433.133236 2434.630899 2437.153137 2440.829863 2439.701361 2440.753868 2443.716443 2442.130704 2436.445495 2432.648741 2431.016017 2431.600672 2438.740314 2441.897039 2442.610527 2440.688313 2439.752668 2438.937944 2436.660718 2433.857618 2429.937269 2424.864071 2431.370317 2420.102116 2394.927040 2359.250996 2321.740326 2309.191635 2305.975922 2305.057462 2301.438491 2294.362092
2407.815532 2420.942187 2434.978308 2426.366625 2440.715507 2448.210772 2451.827984 2455.019330 2457.536653 2459.240557 2456.027619 2452.658018 2447.783923 2446.165720 2444.471464 2441.576577 2441.613254 2439.054423 2434.461215 2430.124304 2422.567989 2411.045393 2399.308889 2396.062449 2400.300158 2405.406085 2410.015058 2413.681758 2417.173000 2417.922989 2412.964720 2404.960476 2397.758194 2395.916355 2402.475849 2408.116777 2413.824413 2414.642628 2413.363939 2411.333624 2411.567334 2409.121544 2409.818686 2416.679828 2430.433849 2435.229886 2438.725889 2437.925862 2427.275239 2408.143296 2406.384773 2386.299594 2389.844189 2384.462639 2372.300672
2449.693628 2451.910842 2451.238932 2449.841808 2443.849103 2437.936810 2437.011203 2440.602670 2447.063550 2447.824988 2440.405084 2431.581571 2424.035202 2416.456654 2413.485576 2411.553781 2410.069433 2409.318690 2403.125920 2393.971369 2377.322824 2365.066604 2353.327321 2346.879337 2344.065851 2348.374356 2358.545342 2368.913814 2373.674436 2366.208833 2358.493675 2347.545297 2339.549567 2339.885912 2341.825990 2351.060764 2365.987104 2371.712893 2372.707792 2367.582965 2362.973459 2357.522400 2355.915606 2363.283290 2378.849130 2395.045384 2409.645448 2418.357094 2425.881405 2432.462338 2434.269247 2435.773161 2436.395298 2434.662583 2434.314834
2445.360660 2438.677366 2431.802223 2426.321348 2419.265345 2413.063178 2410.591682 2412.044373 2413.799170 2409.404134 2401.962209 2390.933825 2379.130138 2368.482982 2360.717930 2360.283027 2361.157768 2361.044757 2353.260789 2337.598557 2319.124260 2304.967661 2290.530540 2286.078319 2280.595906 2275.130096 2285.404796 2303.190057 2309.730614 2295.546929 2285.449245 2271.074212 2264.083629 2260.818598 2262.256302 2271.661004 2292.485969 2313.576120 2315.554560 2306.167289 2297.095896 2293.371134 2291.707732 2298.592980 2317.110251 2338.310520 2354.361636 2365.005021 2371.271439 2379.843221 2389.766764 2403.049236 2416.935840 2428.446204 2435.636057
2420.007587 2411.716392 2403.354314 2394.920034 2386.924121 2379.538926 2374.095661 2370.836977 2366.580294 2359.412790 2351.155448 2333.233416 2319.822435 2306.390792 2291.097851 2286.136168 2281.161857 2281.269080 2268.898273 2258.499364 2240.033802 2224.004475 2207.812591 2195.934385 2189.855546 2183.578771 2185.592097 2200.173229 2208.903554 2197.064586 2187.084941 2175.174781 2169.733279 2166.588413 2168.902569 2179.475640 2200.926087 2219.827341 2227.847816 2220.984546 2218.272048 2218.068862 2218.160797 2225.383914 2239.713377 2259.935517 2282.428874 2300.601452 2311.289904 2319.811193 2330.610338 2346.070643 2360.825532 2375.471774 2393.262706
2385.156925 2375.002329 2364.120713 2353.378574 2341.578307 2329.382069 2321.642960 2321.875083 2314.076730 2306.573118 2287.302137 2236.897970 2216.538037 2197.017114 2180.108439 2172.613605 2163.448447 2151.216206 2141.096985 2134.271380 2129.897960 2114.304197 2096.224145 2079.110339 2073.727676 2069.603710 2057.496664 2058.698148 2060.820958 2069.350180 2062.579013 2058.572810 2058.052700 2055.792109 2058.542003 2072.146030 2082.857199 2091.775593 2098.834354 2100.617810 2109.897677 2118.194198 2125.939320 2143.624365 2157.532104 2175.677585 2198.118721 2223.913258 2239.455011 2250.436280 2262.541720 2279.261474 2296.874027 2315.433861 2338.717537
2343.553308 2327.335331 2312.104511 2296.680327 2282.576792 2268.423139 2252.813394 2252.363761 2247.722564 2236.989102 2189.295394 2146.249322 2111.892171 2092.747049 2068.826814 2055.271219 2040.786763 2008.769876 1992.277354 1987.470050 1995.423618 1987.588315 1970.899763 1957.408179 1948.594232 1940.776566 1926.023671 1913.393010 1918.566643 1933.110581 1930.821436 1931.206609 1936.879147 1935.832639 1931.476314 1934.185364 1948.043011 1955.663000 1966.658367 1981.311362 1986.973238 2000.173675 2030.606455 2045.551894 2062.314219 2083.450840 2106.531476 2130.954609 2153.915694 2169.268649 2185.819080 2206.156275 2224.516177 2246.547662 2270.980451
2285.921808 2256.169448 2234.978088 2216.715918 2197.124891 2172.518143 2150.590913 2146.494647 2138.076297 2113.477029 2063.469465 2023.687705 1995.196036 1972.004215 1947.184530 1925.338278 1893.170592 1859.590500 1837.990153 1846.615210 1854.735861 1859.252567 1846.035081 1833.907483 1823.871647 1808.411879 1792.523203 1779.116447 1788.590498 1797.136359 1809.640244 1814.549192 1818.458434 1822.495202 1821.514217 1814.970851 1816.552999 1825.548994 1836.321495 1848.204039 1865.848095 1898.741625 1924.675408 1943.807987 1966.052782 1987.521559 2011.671989 2037.156298 2061.175104 2079.675205 2100.141962 2121.251176 2144.126896 2166.188614 2192.060396
2202.915003 2174.075546 2146.421112 2122.213633 2092.049664 2048.923199 2032.602576 2022.159493 2004.308975 1962.461071 1919.294877 1888.990314 1868.511886 1843.533965 1819.998693 1791.478690 1758.540402 1733.416075 1712.594409 1720.136416 1727.878487 1742.191704 1731.333294 1721.774107 1716.754830 1701.725229 1688.093134 1672.911908 1679.947614 1690.716837 1710.362616 1715.302732 1719.138505 1727.221181 1726.539070 1723.566289 1711.699550 1720.062735 1731.195143 1745.957613 1775.659755 1800.529549 1825.130703 1847.979040 1869.551687 1893.467485 1918.637778 1944.326683 1972.201581 1993.778746 2014.923223 2038.558826 2060.595415 2079.621713 2101.004619
2088.775004 2062.843713 2040.390064 2014.985428 1974.938103 1930.132180 1892.240271 1870.800182 1826.228910 1791.123611 1761.253217 1749.583367 1732.858242 1710.393044 1689.078009 1667.831381 1642.884879 1621.253151 1596.349673 1600.251850 1613.564066 1628.357539 1625.209615 1623.285811 1620.696920 1610.210893 1596.643491 1583.083524 1586.744926 1602.668614 1619.978028 1628.536661 1635.727082 1643.530401 1643.739764 1636.147226 1627.493371 1633.248115 1648.365937 1665.176517 1685.600399 1708.248587 1730.893199 1752.708380 1776.799593 1801.630991 1826.910412 1854.182727 1883.005382 1905.740916 1931.499134 1958.107420 1978.669570 1991.840327 2005.758714
1977.160295 1955.023794 1930.164384 1902.252080 1860.272967 1818.310468 1775.601878 1732.483860 1698.493461 1667.499657 1653.463895 1635.275762 1618.560363 1601.227529 1579.909327 1561.159066 1543.457264 1521.294060 1506.234489 1511.903382 1524.720409 1534.353770 1538.519349 1535.733746 1532.876604 1526.081781 1512.295559 1504.651730 1513.736501 1529.020939 1543.436181 1554.252673 1561.168130 1567.026810 1564.425439 1556.134327 1551.836768 1560.356487 1576.325654 1591.227496 1608.209344 1630.117445 1651.903541 1674.657341 1698.520523 1722.337358 1748.642819 1775.811970 1803.684889 1831.899470 1857.000494 1879.823244 1892.372482 1905.337963 1912.120962
1845.571140 1830.045618 1803.729087 1774.838173 1742.550910 1705.448984 1676.544583 1643.944139 1612.581503 1582.015871 1555.783468 1539.991051 1531.022591 1516.485501 1497.710976 1484.714492 1467.972801 1453.120648 1455.118135 1456.995105 1466.582330 1466.305458 1466.856476 1463.964050 1462.971575 1459.441809 1450.620802 1459.542141 1466.642936 1480.777967 1491.287457 1500.898954 1507.060572 1511.103600 1511.687418 1506.420617 1511.164630 1518.215840 1532.818702 1544.876873 1559.891615 1580.989180 1599.000541 1619.164887 1642.344636 1666.398609 1691.637583 1718.622996 1747.833018 1774.182748 1794.958940 1805.437183 1817.716808 1824.094504 1818.729262
