tests/Borden05m/data_simulated/sim_1/output-maps/psiliqL0015N0007.asc
ncols         160
nrows         34
xllcorner     620200.000000
yllcorner     5168000.000000
cellsize      0.500000
NODATA_value  -9999.0
[rows 0 to 24 of 34, columns 0 to 55 of 160]
-9999.0 -9999.0 -9999.0 -9999.0 -9999.0 -9999.0 -9999.0 -9999.0 -9999.0 -9999.0 -9999.0 -9999.0 -9999.0 -9999.0 -9999.0 -9999.0 -9999.0 -9999.0 -9999.0 -9999.0 -9999.0 -9999.0 -9999.0 -9999.0 -9999.0 -9999.0 -9999.0 -9999.0 -9999.0 -9999.0 -9999.0 -9999.0 -9999.0 -9999.0 -9999.0 -9999.0 -9999.0 -9999.0 -9999.0 -9999.0 -9999.0 -9999.0 -9999.0 -9999.0 -9999.0 -9999.0 -9999.0 -9999.0 -9999.0 -9999.0 -9999.0 -9999.0 -9999.0 -9999.0 -9999.0 -9999.0
-9999.0 -9999.0 -9999.0 -9999.0 -9999.0 -9999.0 -9999.0 -9999.0 -9999.0 -9999.0 -9999.0 -9999.0 -9999.0 -9999.0 -9999.0 -9999.0 -9999.0 -9999.0 -9999.0 -9999.0 -9999.0 -9999.0 -9999.0 -9999.0 -9999.0 -9999.0 -9999.0 -9999.0 -9999.0 -9999.0 -9999.0 -9999.0 -9999.0 -9999.0 -9999.0 -9999.0 -9999.0 -9999.0 -9999.0 -9999.0 -9999.0 -9999.0 -9999.0 -9999.0 -9999.0 -9999.0 -9999.0 -9999.0 -9999.0 -9999.0 -9999.0 -9999.0 -9999.0 -9999.0 -9999.0 -9999.0
-9999.0 -9999.0 -9999.0 -9999.0 -9999.0 -9999.0 -9999.0 -9999.0 -9999.0 -9999.0 -9999.0 -9999.0 -9999.0 -9999.0 -9999.0 -9999.0 -9999.0 -9999.0 -9999.0 -9999.0 -9999.0 -9999.0 -9999.0 -9999.0 -9999.0 -9999.0 -9999.0 -9999.0 -9999.0 -9999.0 -9999.0 -9999.0 -9999.0 -9999.0 -9999.0 -9999.0 -9999.0 -9999.0 -9999.0 -9999.0 -9999.0 -9999.0 -9999.0 -9999.0 -9999.0 -9999.0 -9999.0 1099.822047 1082.709441 1067.655280 1065.317334 1087.965551 1111.695257 1135.891453 1156.851146 1175.757624
-9999.0 -9999.0 -9999.0 -9999.0 -9999.0 -9999.0 -9999.0 -9999.0 -9999.0 -9999.0 -9999.0 -9999.0 -9999.0 -9999.0 -9999.0 -9999.0 -9999.0 -9999.0 -9999.0 -9999.0 -9999.0 -9999.0 -9999.0 -9999.0 -9999.0 -9999.0 -9999.0 -9999.0 -9999.0 -9999.0 -9999.0 -9999.0 -9999.0 -9999.0 -9999.0 -9999.0 -9999.0 -9999.0 -9999.0 -9999.0 1146.932043 1153.015977 1154.265970 1144.207418 1133.321443 1121.201636 1101.359676 1083.787206 1069.463235 1067.387145 1070.426485 1075.561861 1098.272042 1123.493520 1143.641612 1160.883653
-9999.0 -9999.0 -9999.0 -9999.0 -9999.0 -9999.0 -9999.0 -9999.0 -9999.0 -9999.0 -9999.0 -9999.0 -9999.0 -9999.0 -9999.0 -9999.0 -9999.0 -9999.0 -9999.0 -9999.0 -9999.0 -9999.0 -9999.0 -9999.0 -9999.0 -9999.0 -9999.0 -9999.0 -9999.0 -9999.0 -9999.0 -9999.0 -9999.0 -9999.0 1053.361087 1070.936654 1089.327438 1108.133774 1125.276367 1132.408270 1138.408659 1144.357882 1140.517092 1136.302003 1125.322115 1106.320318 1087.229792 1073.930262 1072.395973 1070.413361 1075.104992 1088.281489 1105.571123 1122.112039 1143.505738 1167.671435
-9999.0 -9999.0 -9999.0 -9999.0 -9999.0 -9999.0 -9999.0 -9999.0 -9999.0 -9999.0 -9999.0 -9999.0 -9999.0 -9999.0 -9999.0 -9999.0 -9999.0 -9999.0 -9999.0 -9999.0 -9999.0 -9999.0 -9999.0 -9999.0 -9999.0 -9999.0 -9999.0 -9999.0 1056.348748 1050.664019 1045.999883 1044.905092 1044.007401 1043.314699 1050.409480 1062.679500 1080.977903 1103.172613 1116.650699 1124.327493 1131.420736 1132.544134 1127.869588 1126.424723 1127.307065 1115.895016 1104.671674 1094.213560 1084.155493 1082.987028 1093.078501 1107.854542 1124.719088 1140.193173 1156.245808 1166.778035
-9999.0 -9999.0 -9999.0 -9999.0 -9999.0 -9999.0 -9999.0 -9999.0 -9999.0 -9999.0 -9999.0 -9999.0 -9999.0 -9999.0 -9999.0 -9999.0 -9999.0 -9999.0 -9999.0 -9999.0 -9999.0 -9999.0 -9999.0 1025.608997 1031.450805 1038.251379 1046.064019 1047.316365 1043.620634 1038.399966 1035.842233 1034.829408 1033.537441 1038.517017 1046.918488 1060.906683 1077.190615 1099.687206 1108.820351 1115.247116 1127.933177 1131.393270 1138.004683 1142.692654 1141.616870 1139.261416 1127.119334 1118.226958 1123.608530 1129.973557 1137.537026 1146.333985 1160.519254 1176.452929 1194.309482 1214.993073
-9999.0 -9999.0 -9999.0 -9999.0 -9999.0 -9999.0 -9999.0 -9999.0 -9999.0 -9999.0 -9999.0 -9999.0 -9999.0 -9999.0 -9999.0 -9999.0 -9999.0 -9999.0 -9999.0 1000.224202 1001.303049 1002.744162 1007.689158 1008.640462 1011.007226 1018.303573 1026.818287 1029.653409 1028.297401 1027.400487 1029.434335 1032.701775 1037.685785 1049.501201 1063.902394 1078.725806 1093.175009 1114.766964 1130.227449 1144.409703 1161.063436 1161.276897 1158.088086 1157.089647 1158.366476 1159.259241 1163.642654 1166.897294 1174.110744 1179.366558 1186.395348 1196.693024 1209.226278 1228.261786 1248.850684 1269.360273
-9999.0 -9999.0 -9999.0 -9999.0 -9999.0 -9999.0 -9999.0 -9999.0 -9999.0 -9999.0 -9999.0 -9999.0 -9999.0 -9999.0 -9999.0 -9999.0 971.333056 973.315207 975.727701 981.284744 984.476158 988.746432 996.004155 997.604564 1001.722203 1009.286055 1014.608149 1023.974909 1032.608601 1040.501749 1047.110365 1050.471472 1058.574774 1068.948758 1081.603670 1097.585468 1119.832799 1143.897300 1161.059744 1178.840759 1196.905425 1198.501737 1198.374101 1200.483270 1201.891853 1208.940024 1227.333180 1234.170643 1236.154896 1253.350095 1268.481445 1274.670099 1283.540202 1303.917326 1328.762688 1352.700120
-9999.0 -9999.0 -9999.0 -9999.0 -9999.0 -9999.0 -9999.0 -9999.0 -9999.0 -9999.0 -9999.0 -9999.0 -9999.0 924.539406 928.838869 938.669605 948.280200 951.086089 955.699533 962.099001 974.626437 978.633255 985.257539 993.252079 1005.686097 1014.856987 1024.596234 1037.076857 1046.162373 1054.135701 1061.937754 1068.228666 1082.273460 1098.404404 1115.104439 1136.356749 1159.529095 1181.136314 1202.700522 1219.852951 1234.687575 1237.580224 1237.919740 1241.642079 1250.559530 1268.977103 1289.345832 1299.617987 1319.152359 1343.991560 1359.097828 1372.155221 1382.206748 1397.189880 1420.067471 1455.817115
-9999.0 -9999.0 -9999.0 -9999.0 -9999.0 -9999.0 -9999.0 -9999.0 -9999.0 -9999.0 891.512852 893.973837 890.807538 890.650394 896.071424 908.495453 922.568069 929.411152 941.384044 962.724511 980.995906 984.974377 999.971052 1010.772705 1018.187081 1029.382677 1043.292443 1056.911345 1074.569468 1088.037823 1100.570046 1121.078616 1138.801809 1156.720438 1175.956573 1197.813264 1219.044315 1248.921188 1277.587432 1291.991121 1315.658018 1327.834323 1326.720115 1328.603723 1339.627650 1357.598532 1380.890059 1406.463938 1430.810623 1458.746840 1478.240722 1494.677763 1507.188725 1521.223771 1538.932779 1576.749954
-9999.0 -9999.0 -9999.0 -9999.0 -9999.0 -9999.0 -9999.0 -9999.0 866.639239 874.229402 880.591129 877.916031 873.788519 870.135371 884.293382 900.508666 916.971297 935.066531 951.530542 970.253501 986.056331 1002.867922 1023.423588 1035.876139 1048.361402 1064.634448 1079.345018 1097.528848 1120.064269 1133.972559 1151.952800 1174.879680 1195.110732 1215.003228 1235.796115 1256.104818 1284.503909 1320.222097 1354.438333 1379.197523 1409.253926 1434.090436 1435.361163 1440.007127 1446.869201 1475.200664 1507.316626 1540.918625 1569.096221 1599.347876 1631.404285 1651.612545 1663.939832 1677.982674 1694.704941 1715.526455
-9999.0 -9999.0 -9999.0 -9999.0 -9999.0 -9999.0 839.063537 863.554261 878.911532 871.353276 861.659972 858.388953 854.718457 878.962792 901.448632 919.248941 936.731701 954.979289 972.187984 985.706922 1020.027740 1038.792514 1054.034369 1072.947875 1088.721586 1104.619500 1123.434708 1148.250213 1171.577699 1202.757672 1230.181431 1255.989727 1284.464186 1306.633854 1328.124990 1349.063663 1383.098345 1423.305170 1462.942722 1494.563738 1524.349462 1557.514848 1566.715490 1574.774406 1584.381706 1608.404864 1642.991709 1676.116058 1712.502841 1747.033128 1775.949221 1789.463739 1801.025220 1813.240005 1827.534427 1840.633656
-9999.0 -9999.0 -9999.0 -9999.0 805.251978 826.377342 846.681913 877.729259 900.739376 896.304500 903.493768 904.201677 902.947079 907.535232 915.318657 934.099581 953.471565 973.161829 991.692382 1027.195751 1072.437959 1088.986070 1114.320983 1147.622955 1162.807698 1179.772979 1197.869585 1222.816545 1251.361435 1286.902067 1332.666823 1372.155916 1400.619973 1426.475820 1450.924140 1476.082425 1513.548463 1554.628107 1594.925803 1632.200750 1664.634966 1692.672347 1707.062352 1716.948095 1731.009201 1749.812944 1773.497679 1802.819664 1835.875550 1869.332449 1895.431677 1909.709209 1918.076690 1929.021517 1939.553780 1951.635839
-9999.0 -9999.0 -9999.0 755.484991 794.383876 832.587604 859.988895 891.425721 924.228656 929.496124 939.346862 945.043445 950.639689 960.051199 969.354332 987.346353 1004.507851 1021.522404 1044.612216 1082.379455 1118.494768 1149.338767 1182.894573 1211.080741 1233.513054 1251.488901 1272.377421 1298.711049 1340.953814 1380.931447 1433.917480 1489.976489 1529.685795 1557.185875 1582.943185 1613.721769 1642.088585 1681.622952 1719.517639 1755.212677 1788.896463 1815.065693 1834.923657 1843.842520 1854.940229 1865.044932 1882.569380 1905.219056 1928.013681 1957.538915 1986.347412 2011.549635 2025.822115 2035.967700 2051.948320 2067.977220
-9999.0 -9999.0 708.113991 746.152558 780.421488 830.921723 884.431439 919.580268 961.315313 986.073696 994.003848 1012.211585 1029.459015 1037.824582 1054.349266 1072.444423 1091.296954 1099.240349 1117.452036 1148.836412 1199.763955 1246.741373 1269.201281 1321.991511 1357.653294 1388.104344 1408.777121 1438.368026 1476.841467 1521.132897 1572.502243 1625.331830 1666.524372 1700.510190 1720.137111 1742.568798 1767.765728 1794.281638 1830.356520 1860.725088 1893.414703 1920.239344 1942.518595 1949.878521 1955.706703 1972.364926 1997.625743 2024.314877 2049.395864 2073.540001 2076.849336 2089.465277 2095.619127 2099.395557 2104.565716 2108.234628
-9999.0 -9999.0 681.267246 726.426935 766.865476 833.542099 914.202783 952.259544 996.354157 1043.765638 1064.145831 1090.550588 1104.054757 1115.009813 1139.910336 1163.452318 1177.245199 1185.334077 1186.413444 1243.520458 1303.717693 1355.893762 1404.326392 1474.233240 1522.753341 1542.840280 1558.741226 1582.485871 1609.882824 1655.450827 1704.957928 1759.815526 1805.322743 1838.284802 1856.589318 1876.950158 1898.848777 1917.898433 1938.184186 1978.523146 2006.893141 2033.274921 2060.586619 2081.218483 2090.139160 2094.490368 2084.374410 2095.331006 2103.146457 2107.243113 2109.363216 2106.979729 2107.136123 2108.474257 2109.960528 2105.368433
-9999.0 592.068039 644.383964 697.753337 766.937204 834.673990 918.522942 999.568498 1058.512319 1108.179335 1140.020927 1154.921507 1193.574038 1238.266197 1266.350403 1294.537446 1299.291278 1306.137962 1297.954482 1348.494248 1400.368805 1476.633865 1588.079538 1647.458199 1695.670345 1700.968863 1699.266076 1714.465330 1740.429001 1785.904318 1854.663874 1903.517509 1958.069660 1999.678762 2016.346036 2024.716404 2043.486197 2064.284365 2051.288509 2075.344694 2087.025021 2096.796523 2100.466388 2103.131850 2105.277402 2106.677253 2104.810362 2099.799222 2093.356008 2089.008076 2086.018019 2082.360633 2085.413095 2089.128153 2090.196396 2083.666996
-9999.0 556.494141 616.046346 687.757144 759.209721 827.272613 931.235555 1076.479015 1132.782345 1173.475281 1200.144757 1226.129406 1307.772816 1377.524673 1414.646231 1461.257906 1457.691010 1449.109136 1437.275094 1472.063574 1523.629604 1599.633830 1744.021492 1830.347077 1862.081140 1876.356689 1886.385964 1915.486234 1954.340732 1992.546667 2027.272652 2027.566735 2056.063069 2071.321709 2077.145768 2080.616486 2086.069640 2087.938656 2087.719355 2085.681214 2082.525867 2084.012634 2089.153261 2090.070896 2088.481799 2086.659771 2082.391045 2076.118531 2071.783327 2068.201536 2066.333578 2064.026653 2062.889622 2063.148231 2058.953219 2053.402746
-9999.0 526.491621 597.990747 661.755340 726.864205 841.619990 969.068508 1106.725867 1202.744306 1245.074646 1273.355911 1348.271097 1454.924335 1555.967106 1611.390130 1639.500048 1642.839334 1623.484970 1628.271328 1674.617271 1741.176588 1834.694040 1928.761139 2007.506888 2023.863224 2030.986609 2013.169956 2030.122368 2045.848237 2051.240012 2055.423314 2061.545087 2069.158266 2074.285851 2075.351668 2074.764189 2072.186968 2066.175263 2062.865122 2060.909424 2058.531270 2058.884912 2062.137103 2064.022485 2062.290725 2059.403365 2055.909191 2051.258161 2046.105311 2040.436259 2037.260805 2033.824418 2031.987504 2027.168022 2022.671713 2016.226090
-9999.0 426.305185 515.044528 570.092135 684.450381 860.016328 988.323701 1140.489932 1290.720506 1335.380015 1417.405328 1545.556354 1658.166318 1737.705720 1782.042484 1826.158134 1857.030908 1882.100103 1918.552992 1876.729023 1935.135149 1994.771389 2022.386485 2037.346177 2042.810883 2047.575435 2043.305321 2027.747039 2020.813507 2017.245419 2021.610798 2031.122567 2038.485323 2045.631939 2045.202468 2047.260747 2048.679365 2046.408195 2043.679261 2036.352050 2029.420566 2024.075825 2022.498677 2027.971676 2023.619848 2021.198784 2016.089539 2009.035752 2001.343838 1994.662036 1987.752241 1981.564332 1978.934235 1973.137281 1970.846861 1961.335520
-9999.0 345.393961 422.361647 511.418592 649.665705 815.065807 945.760171 1115.519293 1328.533070 1451.788636 1585.359428 1667.081996 1748.031220 1814.270682 1880.063440 1929.336488 1956.575834 1969.214435 1960.968922 1974.660567 1945.595134 1941.614374 1961.598153 1990.489242 2006.667192 2013.680839 2008.513334 2001.089017 1996.673243 1997.914950 1998.504545 1998.436701 1997.918986 1996.859414 1994.826413 1997.735595 2003.061253 1997.611812 1989.495724 1981.604577 1974.249960 1965.833323 1960.170426 1956.595651 1955.680017 1955.807026 1948.954774 1939.411377 1929.716159 1922.315123 1915.271914 1910.003237 1907.192758 1901.443892 1892.003207 1877.670772
-9999.0 246.345380 368.120728 462.255400 584.304243 722.308120 850.196742 1016.611391 1169.358706 1395.808598 1561.173312 1679.441452 1729.534364 1794.705711 1857.961132 1928.005856 1935.567871 1910.405348 1881.343614 1869.954344 1878.510654 1890.516593 1905.424021 1926.509351 1945.998575 1957.855678 1962.391967 1957.124969 1945.307848 1937.120201 1931.155527 1922.019980 1915.599563 1914.994822 1916.545349 1924.267242 1926.652526 1917.881500 1905.041111 1888.716036 1874.119263 1862.754192 1859.177058 1860.012279 1859.760701 1856.107065 1849.622399 1839.565448 1827.626712 1816.373397 1809.422736 1804.040274 1796.595541 1785.421756 1772.396038 1757.175730
-9999.0 -9999.0 292.640157 404.117875 512.866929 636.764576 753.451750 898.996235 1053.010568 1239.490212 1364.072515 1503.648954 1584.146351 1636.029681 1689.837132 1748.291875 1771.127701 1794.319643 1782.010414 1789.720667 1798.964176 1807.072999 1818.378769 1831.432535 1846.393805 1858.227795 1867.704742 1866.829866 1858.678950 1841.934489 1821.747016 1806.315993 1797.708474 1790.884590 1800.428369 1811.783113 1808.631114 1801.874299 1789.597422 1773.195657 1759.136934 1744.089273 1739.014601 1738.182770 1737.512962 1734.179601 1729.607413 1716.830670 1704.097976 1692.504450 1687.035357 1680.600605 1674.561606 1662.529419 1649.004974 1633.622725
-9999.0 -9999.0 208.194229 317.349603 432.443791 556.872212 658.456927 734.392283 889.339475 1009.260106 1118.673914 1222.929752 1311.137700 1379.464839 1427.162168 1491.832936 1536.877197 1555.983130 1579.724750 1613.029670 1641.254985 1671.483890 1692.008237 1706.574755 1722.480669 1737.627132 1747.471791 1736.342020 1725.621136 1708.981515 1687.568699 1664.260384 1652.160274 1648.744540 1650.590557 1655.191540 1649.159561 1639.382024 1624.556025 1608.156411 1593.838938 1581.060688 1575.400515 1570.531503 1568.110461 1564.502300 1560.911153 1552.333073 1541.151405 1533.571037 1525.035005 1518.796475 1515.135764 1507.566029 1496.989497 1488.759947
