tests/Borden05m/data_simulated/sim_1/output-maps/psiliqL0019N0007.asc
ncols         160
nrows         34
xllcorner     620200.000000
yllcorner     5168000.000000
cellsize      0.500000
NODATA_value  -9999.0
[rows 0 to 24 of 34, columns 0 to 54 of 160]
-9999.0 -9999.0 -9999.0 -9999.0 -9999.0 -9999.0 -9999.0 -9999.0 -9999.0 -9999.0 -9999.0 -9999.0 -9999.0 -9999.0 -9999.0 -9999.0 -9999.0 -9999.0 -9999.0 -9999.0 -9999.0 -9999.0 -9999.0 -9999.0 -9999.0 -9999.0 -9999.0 -9999.0 -9999.0 -9999.0 -9999.0 -9999.0 -9999.0 -9999.0 -9999.0 -9999.0 -9999.0 -9999.0 -9999.0 -9999.0 -9999.0 -9999.0 -9999.0 -9999.0 -9999.0 -9999.0 -9999.0 -9999.0 -9999.0 -9999.0 -9999.0 -9999.0 -9999.0 -9999.0 -9999.0
-9999.0 -9999.0 -9999.0 -9999.0 -9999.0 -9999.0 -9999.0 -9999.0 -9999.0 -9999.0 -9999.0 -9999.0 -9999.0 -9999.0 -9999.0 -9999.0 -9999.0 -9999.0 -9999.0 -9999.0 -9999.0 -9999.0 -9999.0 -9999.0 -9999.0 -9999.0 -9999.0 -9999.0 -9999.0 -9999.0 -9999.0 -9999.0 -9999.0 -9999.0 -9999.0 -9999.0 -9999.0 -9999.0 -9999.0 -9999.0 -9999.0 -9999.0 -9999.0 -9999.0 -9999.0 -9999.0 -9999.0 -9999.0 -9999.0 -9999.0 -9999.0 -9999.0 -9999.0 -9999.0 -9999.0
-9999.0 -9999.0 -9999.0 -9999.0 -9999.0 -9999.0 -9999.0 -9999.0 -9999.0 -9999.0 -9999.0 -9999.0 -9999.0 -9999.0 -9999.0 -9999.0 -9999.0 -9999.0 -9999.0 -9999.0 -9999.0 -9999.0 -9999.0 -9999.0 -9999.0 -9999.0 -9999.0 -9999.0 -9999.0 -9999.0 -9999.0 -9999.0 -9999.0 -9999.0 -9999.0 -9999.0 -9999.0 -9999.0 -9999.0 -9999.0 -9999.0 -9999.0 -9999.0 -9999.0 -9999.0 -9999.0 -9999.0 1906.342907 1889.395822 1875.253207 1872.380217 1894.796135 1918.658354 1943.085384 1964.233081
-9999.0 -9999.0 -9999.0 -9999.0 -9999.0 -9999.0 -9999.0 -9999.0 -9999.0 -9999.0 -9999.0 -9999.0 -9999.0 -9999.0 -9999.0 -9999.0 -9999.0 -9999.0 -9999.0 -9999.0 -9999.0 -9999.0 -9999.0 -9999.0 -9999.0 -9999.0 -9999.0 -9999.0 -9999.0 -9999.0 -9999.0 -9999.0 -9999.0 -9999.0 -9999.0 -9999.0 -9999.0 -9999.0 -9999.0 -9999.0 1953.439347 1959.638036 1960.609274 1950.966139 1940.268392 1927.884811 1908.007966 1890.661419 1877.050023 1875.365775 1878.553589 1883.149090 1905.476687 1931.157477 1951.583895
-9999.0 -9999.0 -9999.0 -9999.0 -9999.0 -9999.0 -9999.0 -9999.0 -9999.0 -9999.0 -9999.0 -9999.0 -9999.0 -9999.0 -9999.0 -9999.0 -9999.0 -9999.0 -9999.0 -9999.0 -9999.0 -9999.0 -9999.0 -9999.0 -9999.0 -9999.0 -9999.0 -9999.0 -9999.0 -9999.0 -9999.0 -9999.0 -9999.0 -9999.0 1859.121331 1876.648923 1895.164270 1914.228492 1931.658263 1939.056925 1945.121755 1951.097474 1947.283809 1943.364243 1932.498034 1913.103756 1894.284161 1881.497994 1880.541656 1878.797189 1883.479181 1896.457925 1913.914432 1930.277299 1951.716755
-9999.0 -9999.0 -9999.0 -9999.0 -9999.0 -9999.0 -9999.0 -9999.0 -9999.0 -9999.0 -9999.0 -9999.0 -9999.0 -9999.0 -9999.0 -9999.0 -9999.0 -9999.0 -9999.0 -9999.0 -9999.0 -9999.0 -9999.0 -9999.0 -9999.0 -9999.0 -9999.0 -9999.0 1861.508755 1855.946919 1851.565491 1850.684428 1849.982100 1849.550900 1856.695315 1868.823370 1887.000606 1909.550390 1923.361737 1931.266522 1938.628736 1939.835115 1935.110394 1934.001996 1935.183263 1923.740658 1912.551942 1902.130647 1892.069950 1890.624126 1900.736155 1915.781837 1932.852519 1948.413266 1964.545627
-9999.0 -9999.0 -9999.0 -9999.0 -9999.0 -9999.0 -9999.0 -9999.0 -9999.0 -9999.0 -9999.0 -9999.0 -9999.0 -9999.0 -9999.0 -9999.0 -9999.0 -9999.0 -9999.0 -9999.0 -9999.0 -9999.0 -9999.0 1829.966760 1835.640301 1842.622025 1850.714832 1852.184142 1848.873948 1843.917655 1841.711453 1840.984362 1839.771674 1845.018662 1853.280218 1867.278755 1883.602634 1906.474119 1915.729443 1921.798415 1934.433693 1938.463630 1946.031832 1950.929467 1950.050539 1947.541595 1934.857337 1925.456644 1930.130608 1936.116888 1943.917601 1953.027607 1967.404361 1982.936780 2000.208773
-9999.0 -9999.0 -9999.0 -9999.0 -9999.0 -9999.0 -9999.0 -9999.0 -9999.0 -9999.0 -9999.0 -9999.0 -9999.0 -9999.0 -9999.0 -9999.0 -9999.0 -9999.0 -9999.0 1804.366545 1805.598651 1807.299906 1812.452659 1813.357011 1815.766583 1823.204275 1831.910121 1835.167406 1833.878499 1833.379396 1835.610957 1839.112225 1844.426689 1856.219662 1870.708786 1885.655117 1899.943405 1921.643326 1937.159642 1951.105196 1967.717822 1968.552579 1965.765734 1965.076813 1966.383440 1966.849533 1969.518842 1971.722904 1979.054696 1983.111005 1989.327218 1999.682020 2012.485345 2031.018974 2050.871245
-9999.0 -9999.0 -9999.0 -9999.0 -9999.0 -9999.0 -9999.0 -9999.0 -9999.0 -9999.0 -9999.0 -9999.0 -9999.0 -9999.0 -9999.0 -9999.0 1775.136327 1777.203274 1779.815496 1785.512791 1789.137320 1793.573120 1801.029248 1802.907428 1807.119466 1814.899404 1820.320959 1830.102311 1839.090018 1847.134973 1853.926649 1857.414656 1865.398300 1875.803350 1888.452221 1904.087799 1925.947722 1950.248084 1967.295692 1985.134874 2003.385763 2005.138289 2004.992253 2006.990671 2007.893290 2013.380794 2030.784213 2036.737638 2036.486821 2051.341218 2065.684516 2071.166611 2080.021651 2100.687290 2124.893747
-9999.0 -9999.0 -9999.0 -9999.0 -9999.0 -9999.0 -9999.0 -9999.0 -9999.0 -9999.0 -9999.0 -9999.0 -9999.0 1726.805470 1731.186846 1741.437336 1751.981171 1755.147064 1760.182910 1766.992874 1779.690566 1783.906739 1790.662614 1798.760971 1811.728907 1821.163263 1831.012165 1843.672781 1852.812766 1860.864264 1868.613292 1874.141728 1887.736954 1903.590108 1919.939830 1940.895331 1964.067749 1984.973676 2005.776649 2023.153549 2037.353106 2038.793654 2039.324431 2043.097820 2051.129198 2068.312774 2087.827497 2094.909320 2111.101997 2134.618156 2148.289273 2159.702982 2168.893465 2183.934516 2206.561440
-9999.0 -9999.0 -9999.0 -9999.0 -9999.0 -9999.0 -9999.0 -9999.0 -9999.0 -9999.0 1695.171850 1697.516358 1694.481574 1693.702859 1699.600447 1712.358992 1726.974341 1733.702669 1746.070324 1767.811284 1786.649234 1790.715526 1805.591202 1816.713561 1824.396319 1835.571435 1849.552275 1863.038401 1880.285985 1893.509318 1905.115008 1924.552854 1942.016862 1959.773572 1978.777563 2000.604514 2020.499753 2048.681496 2076.671563 2089.607829 2111.374854 2120.732566 2119.180952 2120.399801 2131.416401 2147.506940 2168.114696 2190.284841 2212.522582 2238.341137 2254.687899 2270.071921 2281.791668 2294.996946 2312.289470
-9999.0 -9999.0 -9999.0 -9999.0 -9999.0 -9999.0 -9999.0 -9999.0 1669.732493 1677.781052 1684.136670 1681.613950 1677.769824 1673.735897 1688.533370 1704.910626 1721.588962 1740.224869 1756.803630 1775.815243 1791.396276 1807.950400 1828.919045 1841.321399 1853.674590 1870.032557 1884.654524 1902.123306 1924.370272 1936.579142 1952.582191 1974.742905 1993.882972 2013.244734 2033.673222 2053.227691 2079.480757 2113.770258 2146.630444 2168.831618 2197.842840 2220.417685 2219.899302 2222.979548 2228.466216 2255.307035 2285.527626 2317.621242 2343.161175 2371.253966 2402.081438 2421.916840 2433.733577 2447.463050 2463.874197
-9999.0 -9999.0 -9999.0 -9999.0 -9999.0 -9999.0 1641.036401 1665.751179 1681.441780 1673.904139 1663.046542 1659.594372 1655.559083 1682.770046 1705.796075 1723.999905 1741.753586 1760.283692 1777.672592 1789.925554 1823.174183 1842.783688 1857.445511 1874.994094 1890.958840 1907.003763 1925.552016 1949.734788 1971.570563 2000.036467 2024.021103 2047.141484 2074.695166 2095.831848 2116.370815 2135.392106 2167.737519 2206.384695 2244.591314 2274.034968 2302.409336 2336.156497 2343.086651 2349.831895 2357.343646 2381.690105 2416.250354 2448.317304 2483.703176 2517.447553 2546.883844 2561.303532 2573.151199 2585.547079 2600.109234
-9999.0 -9999.0 -9999.0 -9999.0 1607.063050 1628.280340 1648.328281 1679.393705 1702.494446 1698.405549 1705.187282 1705.581623 1703.887204 1709.354311 1717.998860 1736.933822 1756.916075 1777.239421 1794.976589 1828.268277 1874.784561 1890.084176 1913.202529 1945.826245 1960.283032 1976.970852 1994.927722 2019.030881 2044.798158 2078.234795 2120.572792 2157.017674 2183.636270 2207.803127 2231.029595 2253.962799 2291.189091 2331.789174 2371.011518 2406.675373 2437.601800 2465.956002 2478.831951 2488.061815 2501.614607 2520.565272 2544.733281 2575.449623 2609.921822 2643.924819 2669.962449 2683.129554 2691.468319 2702.969358 2713.446291
-9999.0 -9999.0 -9999.0 1555.474920 1594.622351 1633.618296 1660.769588 1692.248597 1725.471496 1729.522285 1739.726039 1744.185426 1748.320991 1757.223096 1765.283232 1783.628580 1802.005915 1820.893722 1844.322036 1881.470407 1915.916146 1942.894379 1975.072870 1999.770108 2019.723341 2036.744076 2057.596960 2082.583113 2123.720067 2160.897361 2211.903654 2266.510353 2304.226486 2330.247339 2355.812204 2386.269269 2414.292024 2454.296008 2491.707789 2527.158094 2561.955293 2588.349339 2607.694920 2616.410827 2628.104774 2637.766926 2654.579731 2677.470933 2701.285561 2732.378317 2762.557384 2792.311933 2808.253939 2819.620867 2836.716968
-9999.0 -9999.0 1507.544686 1546.251697 1579.704896 1629.202660 1683.026386 1718.777110 1760.432962 1784.001789 1791.239072 1807.809599 1823.826835 1830.756071 1845.719515 1863.075209 1884.212488 1893.673043 1913.729787 1940.599616 1987.512292 2030.548704 2044.445230 2093.072744 2127.683306 2159.757189 2181.546789 2211.036905 2250.133246 2291.602049 2341.631424 2394.170791 2433.691121 2466.670097 2486.217208 2509.084895 2533.991569 2563.103145 2601.022200 2631.125286 2665.223472 2693.038454 2715.850672 2722.333540 2728.333974 2745.957893 2773.421759 2804.733746 2832.537127 2859.387132 2857.469265 2874.973850 2883.465215 2888.592919 2895.611183
-9999.0 -9999.0 1479.465233 1525.282760 1563.894628 1627.896733 1711.238505 1748.703615 1792.287334 1840.134488 1859.375117 1885.235510 1893.114421 1897.658717 1921.380785 1943.099328 1960.679705 1970.015646 1969.978309 2026.389757 2084.801604 2127.856217 2162.181705 2234.995050 2285.658997 2308.360484 2326.322538 2350.221687 2376.073136 2419.971408 2466.938361 2522.893780 2569.470658 2602.555776 2621.098214 2642.908494 2665.676080 2685.384133 2707.123031 2751.167159 2785.639199 2815.203166 2845.313702 2867.271693 2876.933636 2882.474482 2868.156657 2883.291624 2893.931254 2899.400110 2902.315414 2900.149248 2900.601383 2902.153261 2903.694718
-9999.0 1388.607456 1441.102977 1493.642444 1561.435292 1627.375711 1708.702476 1788.481134 1851.129580 1902.913147 1933.709639 1942.219174 1968.542942 2007.732611 2034.251570 2059.967848 2066.713641 2076.419210 2066.059610 2118.853009 2166.271985 2233.604966 2341.722922 2401.449940 2455.979342 2459.655943 2456.351664 2469.615035 2493.431049 2540.145070 2615.063603 2668.488733 2729.007685 2777.614531 2796.538025 2806.230174 2826.459800 2848.706270 2823.874460 2855.788765 2871.840119 2885.142102 2891.730436 2895.116145 2897.734522 2899.302125 2897.528524 2892.552417 2886.138124 2881.809972 2878.850890 2875.282255 2878.388854 2882.103126 2882.843076
-9999.0 1352.029775 1410.911372 1481.657835 1552.039483 1613.092686 1710.141193 1863.870888 1923.564772 1964.493757 1984.817783 1994.134030 2068.397551 2136.123486 2170.520336 2218.547803 2212.916838 2204.145208 2185.323451 2218.163422 2266.173564 2341.511971 2496.337953 2585.716617 2626.489057 2640.596817 2649.412436 2680.032849 2722.418360 2768.284205 2809.202141 2800.518667 2838.110831 2858.620171 2865.843789 2869.741461 2876.415877 2878.238722 2878.598840 2876.651575 2873.701118 2875.508867 2881.140494 2882.276423 2880.740728 2878.862835 2874.543704 2868.264115 2863.927099 2860.242826 2858.312858 2855.957846 2854.557813 2854.347675 2849.615679
-9999.0 1318.251030 1391.091818 1453.100895 1511.673864 1618.405749 1747.610127 1888.616198 1985.901390 2026.264315 2037.262734 2098.890144 2205.115568 2309.994260 2366.564093 2394.655888 2392.610067 2365.505501 2363.729255 2410.873989 2480.317710 2585.364361 2697.134810 2788.265606 2806.965844 2814.921373 2788.540705 2810.309085 2830.611333 2837.220729 2842.105394 2850.442478 2858.628371 2864.394624 2865.752221 2865.398714 2862.923295 2856.879576 2853.631885 2851.597176 2849.221183 2849.480710 2852.683243 2854.905559 2853.100086 2850.126500 2846.496214 2841.606418 2835.878254 2829.798190 2826.197390 2822.381073 2820.232689 2814.783995 2810.044570
-9999.0 1209.498380 1301.213802 1351.140323 1451.107505 1632.057903 1761.492446 1910.280541 2066.882448 2103.564939 2172.908925 2305.886574 2422.240703 2505.419814 2547.244504 2590.655062 2622.297082 2646.902624 2685.931981 2618.998866 2687.446339 2764.459295 2800.956540 2820.400168 2829.779978 2834.963909 2830.420607 2814.527572 2807.672785 2804.386883 2809.064207 2818.955983 2826.433013 2833.715836 2833.473706 2835.900141 2837.772764 2835.508549 2832.325043 2824.621001 2817.518673 2811.849596 2809.820061 2815.152706 2810.804236 2808.482251 2802.992741 2795.201210 2785.399962 2778.131289 2770.584525 2763.924943 2760.960920 2754.778293 2752.027210
-9999.0 1128.670363 1204.104933 1282.435270 1410.780785 1576.113791 1694.523199 1860.694143 2084.610107 2212.943057 2357.891782 2443.653959 2523.656991 2584.374694 2647.558910 2703.530828 2734.260679 2749.357877 2735.522486 2754.408293 2722.007422 2717.652817 2740.251301 2771.688610 2790.241856 2797.926941 2793.255802 2786.458603 2782.127843 2783.526209 2784.024056 2783.321741 2782.223939 2780.888261 2779.004383 2782.378080 2787.987503 2781.861770 2771.295538 2762.499040 2754.575419 2745.783316 2739.948984 2735.910987 2735.373564 2735.452424 2728.231689 2718.400654 2708.885059 2701.132691 2693.769858 2688.370463 2685.033539 2678.732846 2668.034299
-9999.0 1021.793187 1147.824758 1235.471719 1347.448150 1482.451814 1602.032769 1763.626996 1908.563450 2141.938272 2299.135922 2444.724636 2497.630306 2567.312963 2627.586186 2704.556880 2711.266610 2685.963959 2653.687526 2642.677315 2654.365476 2667.313417 2681.737980 2702.338360 2722.844281 2735.496161 2741.371713 2736.800073 2724.927928 2715.875276 2708.615237 2698.305468 2691.196791 2690.238544 2692.941914 2701.683966 2703.545348 2694.756942 2682.017542 2664.735582 2649.613527 2638.021152 2634.948197 2636.387383 2636.490017 2632.527963 2626.110836 2615.659304 2603.490515 2591.645987 2584.833482 2579.382392 2571.332554 2559.146920 2544.426885
-9999.0 -9999.0 1068.591430 1179.022930 1282.165082 1401.480457 1508.295816 1644.070445 1793.490438 1974.870097 2097.032980 2251.884122 2339.559063 2390.817065 2439.671149 2500.603246 2527.295997 2556.611312 2549.111235 2560.403825 2571.866305 2580.807031 2591.664865 2603.740447 2618.531398 2630.847770 2641.630772 2640.974370 2633.356048 2615.875244 2594.167233 2577.458509 2568.446141 2560.958444 2571.584552 2583.477339 2579.534870 2572.734189 2560.201918 2542.677068 2528.981210 2514.251422 2509.762138 2509.120183 2508.752291 2505.576308 2501.449727 2488.391064 2475.576040 2464.336972 2459.060307 2452.511010 2446.904149 2435.298908 2422.762853
-9999.0 -9999.0 982.721437 1090.021817 1200.353743 1322.329023 1417.663601 1471.054776 1619.578645 1734.035421 1843.473381 1951.097184 2043.629096 2113.704113 2157.565182 2222.920152 2273.809404 2294.792203 2327.034205 2369.849362 2402.000418 2437.049026 2459.911746 2474.132675 2489.996408 2505.842515 2515.705134 2503.957599 2493.824913 2477.633649 2455.835196 2431.610609 2419.212090 2416.976582 2417.878665 2421.397588 2414.790270 2405.334741 2390.830085 2375.847949 2362.595552 2351.403888 2346.563808 2341.388316 2338.871669 2335.381591 2332.139032 2324.068877 2313.664526 2306.944166 2298.247954 2292.548356 2289.505902 2283.175863 2274.059261
