tests/Borden05m/data_simulated/sim_1/output-maps/psiliqL0005N0011.asc
ncols         160
nrows         34
xllcorner     620200.000000
yllcorner     5168000.000000
cellsize      0.500000
NODATA_value  -9999.0
[rows 0 to 24 of 34, columns 0 to 55 of 160]
-9999.0 -9999.0 -9999.0 -9999.0 -9999.0 -9999.0 -9999.0 -9999.0 -9999.0 -9999.0 -9999.0 -9999.0 -9999.0 -9999.0 -9999.0 -9999.0 -9999.0 -9999.0 -9999.0 -9999.0 -9999.0 -9999.0 -9999.0 -9999.0 -9999.0 -9999.0 -9999.0 -9999.0 -9999.0 -9999.0 -9999.0 -9999.0 -9999.0 -9999.0 -9999.0 -9999.0 -9999.0 -9999.0 -9999.0 -9999.0 -9999.0 -9999.0 -9999.0 -9999.0 -9999.0 -9999.0 -9999.0 -9999.0 -9999.0 -9999.0 -9999.0 -9999.0 -9999.0 -9999.0 -9999.0 -9999.0
-9999.0 -9999.0 -9999.0 -9999.0 -9999.0 -9999.0 -9999.0 -9999.0 -9999.0 -9999.0 -9999.0 -9999.0 -9999.0 -9999.0 -9999.0 -9999.0 -9999.0 -9999.0 -9999.0 -9999.0 -9999.0 -9999.0 -9999.0 -9999.0 -9999.0 -9999.0 -9999.0 -9999.0 -9999.0 -9999.0 -9999.0 -9999.0 -9999.0 -9999.0 -9999.0 -9999.0 -9999.0 -9999.0 -9999.0 -9999.0 -9999.0 -9999.0 -9999.0 -9999.0 -9999.0 -9999.0 -9999.0 -9999.0 -9999.0 -9999.0 -9999.0 -9999.0 -9999.0 -9999.0 -9999.0 -9999.0
-9999.0 -9999.0 -9999.0 -9999.0 -9999.0 -9999.0 -9999.0 -9999.0 -9999.0 -9999.0 -9999.0 -9999.0 -9999.0 -9999.0 -9999.0 -9999.0 -9999.0 -9999.0 -9999.0 -9999.0 -9999.0 -9999.0 -9999.0 -9999.0 -9999.0 -9999.0 -9999.0 -9999.0 -9999.0 -9999.0 -9999.0 -9999.0 -9999.0 -9999.0 -9999.0 -9999.0 -9999.0 -9999.0 -9999.0 -9999.0 -9999.0 -9999.0 -9999.0 -9999.0 -9999.0 -9999.0 -9999.0 -780.420216 -800.450993 -821.967617 -825.456468 -799.207187 -778.438704 -757.869416 -740.762156 -724.992099
-9999.0 -9999.0 -9999.0 -9999.0 -9999.0 -9999.0 -9999.0 -9999.0 -9999.0 -9999.0 -9999.0 -9999.0 -9999.0 -9999.0 -9999.0 -9999.0 -9999.0 -9999.0 -9999.0 -9999.0 -9999.0 -9999.0 -9999.0 -9999.0 -9999.0 -9999.0 -9999.0 -9999.0 -9999.0 -9999.0 -9999.0 -9999.0 -9999.0 -9999.0 -9999.0 -9999.0 -9999.0 -9999.0 -9999.0 -9999.0 -746.947234 -739.942168 -736.405122 -748.822133 -759.172730 -767.418472 -786.667291 -805.496481 -823.256851 -823.865455 -822.114944 -821.792698 -798.448767 -776.017105 -760.071661 -745.517079
-9999.0 -9999.0 -9999.0 -9999.0 -9999.0 -9999.0 -9999.0 -9999.0 -9999.0 -9999.0 -9999.0 -9999.0 -9999.0 -9999.0 -9999.0 -9999.0 -9999.0 -9999.0 -9999.0 -9999.0 -9999.0 -9999.0 -9999.0 -9999.0 -9999.0 -9999.0 -9999.0 -9999.0 -9999.0 -9999.0 -9999.0 -9999.0 -9999.0 -9999.0 -827.953903 -808.878969 -793.439720 -778.062730 -762.691634 -759.382647 -756.074064 -749.418481 -754.730043 -758.789321 -770.256534 -789.424459 -809.974997 -824.289073 -823.357465 -826.755860 -823.691124 -811.112333 -797.221759 -784.270685 -765.042404 -742.512337
-9999.0 -9999.0 -9999.0 -9999.0 -9999.0 -9999.0 -9999.0 -9999.0 -9999.0 -9999.0 -9999.0 -9999.0 -9999.0 -9999.0 -9999.0 -9999.0 -9999.0 -9999.0 -9999.0 -9999.0 -9999.0 -9999.0 -9999.0 -9999.0 -9999.0 -9999.0 -9999.0 -9999.0 -813.190354 -820.272739 -826.275609 -827.367265 -829.579918 -834.797560 -831.169214 -821.818229 -805.346461 -784.950662 -775.206026 -770.846299 -765.944178 -766.623574 -773.357047 -775.746967 -772.775555 -784.956709 -795.530630 -806.164000 -819.807951 -822.153864 -812.143121 -799.217332 -785.119183 -773.679079 -761.895445 -750.927130
-9999.0 -9999.0 -9999.0 -9999.0 -9999.0 -9999.0 -9999.0 -9999.0 -9999.0 -9999.0 -9999.0 -9999.0 -9999.0 -9999.0 -9999.0 -9999.0 -9999.0 -9999.0 -9999.0 -9999.0 -9999.0 -9999.0 -9999.0 -836.926365 -829.996362 -824.940690 -817.892881 -818.932928 -828.134018 -835.985909 -840.096861 -842.815241 -847.163264 -844.775424 -838.987020 -827.597792 -814.954873 -794.175064 -790.483011 -786.827747 -773.705731 -773.475080 -768.244798 -762.772828 -765.307085 -766.989071 -781.681831 -792.560855 -784.003348 -777.799652 -773.773365 -769.648610 -758.985780 -745.511501 -729.911432 -710.759248
-9999.0 -9999.0 -9999.0 -9999.0 -9999.0 -9999.0 -9999.0 -9999.0 -9999.0 -9999.0 -9999.0 -9999.0 -9999.0 -9999.0 -9999.0 -9999.0 -9999.0 -9999.0 -9999.0 -851.469715 -852.232068 -853.987621 -850.626517 -856.627865 -857.893735 -851.755160 -843.452679 -844.262296 -848.769195 -852.989727 -851.927150 -850.073134 -848.176507 -836.466376 -823.961009 -813.268591 -803.844165 -784.757217 -772.950308 -760.583868 -743.533216 -748.722385 -756.005345 -759.981641 -760.366740 -761.071555 -753.254635 -749.570479 -745.584216 -741.271888 -735.933554 -729.083649 -721.082780 -703.781403 -685.218143 -667.068239
-9999.0 -9999.0 -9999.0 -9999.0 -9999.0 -9999.0 -9999.0 -9999.0 -9999.0 -9999.0 -9999.0 -9999.0 -9999.0 -9999.0 -9999.0 -9999.0 -868.103526 -867.906328 -869.923962 -871.599899 -874.163524 -872.033712 -865.260063 -869.766808 -869.000149 -863.571391 -862.319793 -854.833907 -847.691586 -840.412271 -835.591931 -836.916814 -831.262846 -825.044653 -816.937850 -804.394799 -783.823948 -763.509873 -750.750001 -736.081327 -719.656140 -722.532599 -725.165307 -724.893739 -726.091654 -718.522123 -698.893040 -695.362684 -694.628484 -674.170508 -660.673092 -658.011587 -653.604762 -637.298759 -614.533086 -587.135918
-9999.0 -9999.0 -9999.0 -9999.0 -9999.0 -9999.0 -9999.0 -9999.0 -9999.0 -9999.0 -9999.0 -9999.0 -9999.0 -891.607550 -890.459266 -885.220739 -889.800483 -894.944820 -896.510314 -897.961261 -885.020686 -887.067114 -884.477106 -878.854614 -867.393078 -862.024249 -855.643160 -845.479760 -840.770360 -837.153379 -833.359065 -830.394355 -817.786762 -804.061198 -790.633028 -772.364617 -754.052211 -736.223469 -717.116542 -705.562939 -693.009871 -690.934105 -695.370956 -695.443875 -687.811683 -669.024967 -650.918494 -639.203202 -615.608436 -590.702757 -575.779061 -560.937192 -551.536123 -538.783144 -514.764954 -461.413227
-9999.0 -9999.0 -9999.0 -9999.0 -9999.0 -9999.0 -9999.0 -9999.0 -9999.0 -9999.0 -923.322397 -917.000926 -926.341179 -939.242104 -942.387565 -933.243026 -923.318861 -923.493082 -916.849830 -894.166516 -878.619253 -885.864105 -870.609748 -864.465442 -863.774074 -855.891604 -845.110336 -835.826089 -819.475143 -810.461682 -801.051610 -779.985742 -766.758606 -753.567111 -738.908431 -722.679737 -704.941768 -675.442517 -649.709348 -638.941423 -613.612700 -598.049715 -604.895319 -606.888266 -600.889110 -581.829648 -553.327087 -516.944544 -482.247201 -435.700245 -391.875876 -360.365376 -336.366205 -309.947306 -280.600330 -243.226205
-9999.0 -9999.0 -9999.0 -9999.0 -9999.0 -9999.0 -9999.0 -9999.0 -955.188356 -943.981684 -935.906834 -943.866694 -954.794035 -970.703539 -958.499008 -944.780194 -932.627244 -918.501079 -907.225548 -895.070416 -887.503442 -873.749283 -856.085503 -849.721135 -841.237423 -828.052216 -818.513754 -803.213894 -784.544278 -774.572634 -758.036498 -739.040324 -722.124330 -707.024873 -691.538266 -676.603618 -648.467259 -614.550427 -581.164491 -553.162200 -519.192560 -483.038059 -481.152461 -474.990554 -466.335060 -419.541227 -352.069881 -286.680464 -245.813565 -222.286570 -200.403416 -187.666985 -178.238924 -165.603487 -149.266338 -134.232243
-9999.0 -9999.0 -9999.0 -9999.0 -9999.0 -9999.0 -980.042830 -949.967170 -934.297405 -957.908957 -975.984347 -982.380012 -991.920500 -965.088189 -938.088762 -926.282676 -915.081876 -903.010315 -894.835844 -892.224591 -853.103044 -846.858444 -838.829168 -820.623007 -811.063763 -800.774618 -786.104330 -764.362236 -744.660659 -711.986456 -683.307576 -658.242359 -633.282496 -615.516738 -598.542461 -579.333298 -542.721478 -493.136348 -433.701023 -370.494194 -309.525138 -262.656391 -245.714315 -237.809856 -231.152713 -218.431357 -194.687285 -167.318350 -136.686553 -109.777959 -90.206318 -81.079574 -71.883202 -60.166460 -44.971070 -28.087366
-9999.0 -9999.0 -9999.0 -9999.0 -984.763281 -971.175718 -965.289418 -934.567513 -913.260685 -938.789439 -927.205254 -930.719756 -938.195747 -944.887444 -949.970453 -932.906336 -918.593697 -905.199642 -892.937618 -852.196497 -813.299535 -807.833867 -783.152598 -751.738178 -743.292423 -731.911530 -720.416263 -700.182180 -671.970447 -638.618761 -588.275680 -542.691923 -509.762672 -477.151254 -444.627520 -400.021065 -330.484307 -264.740817 -228.408951 -200.480919 -173.600109 -150.152237 -134.827057 -127.399398 -118.455429 -107.641325 -91.976400 -68.557166 -40.837005 -8.687774 13.314775 28.615290 35.832830 48.972119 65.382476 95.103510
-9999.0 -9999.0 -9999.0 -1017.401776 -979.721620 -957.314868 -953.951937 -935.132602 -906.753452 -913.493374 -910.635787 -907.892083 -904.154380 -898.212298 -891.799808 -878.422204 -869.137739 -863.256517 -846.954505 -813.501494 -783.224659 -751.655522 -723.707291 -694.823469 -673.230560 -660.153012 -646.335653 -622.933922 -580.088488 -530.746201 -455.263424 -352.309491 -280.745495 -245.517212 -228.459227 -209.036757 -188.154591 -157.766208 -129.970495 -103.990354 -76.351853 -51.234080 -27.532466 -19.660858 -13.188211 -7.211154 9.960715 29.116550 54.493719 96.565396 111.700488 140.780702 142.859192 161.215432 176.369784 191.699708
-9999.0 -9999.0 -1029.694931 -1002.998834 -998.964239 -961.808722 -923.100826 -914.704842 -878.475450 -859.519500 -865.383460 -847.159044 -832.917040 -831.744389 -816.239611 -800.541953 -791.038478 -794.654031 -789.543271 -754.547699 -700.611967 -653.358480 -619.333635 -551.847882 -511.422863 -485.848933 -471.195178 -433.254631 -369.559164 -280.803782 -229.356227 -188.793691 -153.121358 -124.490415 -112.012193 -96.861263 -73.344704 -54.672449 -30.036727 -4.283313 24.721076 54.001070 92.828034 102.647083 106.049632 107.758663 136.234958 147.067471 176.665087 197.141036 212.070554 214.374180 214.512160 216.194059 217.036754 217.976174
-9999.0 -9999.0 -1055.405220 -1016.000974 -1014.810752 -953.080148 -894.191759 -891.796767 -859.049648 -816.310830 -806.367303 -788.460172 -773.296864 -756.375884 -734.862631 -710.052402 -712.131158 -712.571725 -719.119845 -663.857411 -605.289035 -523.163409 -396.622259 -290.580038 -243.659447 -234.603291 -230.079896 -217.245561 -196.486851 -155.284382 -107.773233 -62.450174 -23.041219 4.046434 18.279536 35.562391 69.082508 86.377266 86.506956 115.825784 147.533881 169.115748 191.979608 208.916735 215.019166 214.287283 214.257225 214.531334 216.449753 217.408902 217.122411 214.225192 213.404116 214.015196 215.115270 210.256045
-9999.0 -1087.316853 -1059.060935 -1041.161931 -991.933815 -966.414617 -900.419457 -831.054443 -800.116947 -766.947083 -746.125863 -733.199977 -671.616899 -618.713568 -592.624005 -556.304903 -564.882742 -573.340188 -586.659271 -537.734788 -451.025244 -282.558228 -180.168827 -124.036768 -94.222684 -89.691864 -92.819072 -79.965752 -55.773281 -17.990097 43.074576 91.490028 130.212806 158.101254 167.351713 170.307203 184.967987 200.162064 211.881259 215.753650 218.522771 220.065627 217.008353 217.467100 217.522445 217.657594 214.479203 208.399934 200.992613 195.902920 191.992532 187.367951 189.871716 193.008828 194.000244 186.089700
-9999.0 -1142.766277 -1067.635643 -1016.442755 -1002.470712 -976.134365 -870.605680 -752.705899 -734.542656 -712.042718 -687.768030 -634.171564 -524.316843 -422.024794 -350.345858 -288.197456 -290.009674 -309.738375 -307.812431 -258.708217 -210.046339 -141.587798 -29.967097 66.855125 74.715948 84.317076 92.087701 112.352366 138.004977 160.675839 180.356161 200.838108 205.977672 207.582907 208.353995 208.797089 209.484325 209.374654 205.709619 202.354241 198.344648 198.657030 202.232919 202.045563 199.550075 196.892402 191.000916 181.259015 174.483384 169.343196 165.170360 155.242026 159.665655 161.677048 156.797801 138.799240
-9999.0 -1099.223101 -1016.188529 -1019.431497 -1036.097092 -925.672871 -841.615232 -732.152654 -655.964204 -631.131384 -570.154749 -426.835518 -273.094231 -208.205639 -168.579711 -138.708809 -116.107652 -117.758902 -99.513237 -54.168410 20.729363 83.442564 129.459502 182.785006 190.582035 191.606751 189.855386 191.067161 192.347096 192.893103 193.586149 192.787001 197.552213 199.852145 198.776254 195.981027 190.983563 181.127050 174.637473 171.845171 168.767207 168.813992 171.797947 172.321826 169.921776 165.845801 158.647861 136.445476 125.390594 117.004318 111.964191 106.313561 105.074944 101.035555 95.094450 85.283958
-9999.0 -1208.511255 -1081.876716 -1144.798980 -1001.436981 -876.263816 -815.022423 -673.012641 -548.450624 -493.894692 -315.768982 -220.727037 -145.116857 -92.579999 -44.900166 20.141372 87.012756 115.346829 141.276254 146.837083 176.869215 194.098007 197.210704 199.283857 192.436502 192.764491 185.012937 164.408626 153.353936 146.545159 148.284411 155.366103 161.392286 167.172467 165.076908 164.585131 160.925554 138.750063 129.803463 120.982729 113.639831 108.848496 108.281491 113.804711 108.636222 104.280165 96.564186 83.937445 72.956293 63.934142 55.834127 48.630834 45.695604 40.034607 38.101030 30.247568
-9999.0 -1299.492824 -1197.622100 -1116.659122 -985.984722 -883.502521 -779.457184 -629.890633 -427.050638 -279.323175 -197.247258 -157.399570 -101.516165 -36.663318 41.148527 128.133917 163.852855 169.726904 168.919737 156.717993 120.108009 111.384519 124.185740 144.691690 152.368009 154.468567 141.411705 110.127947 97.686242 95.205588 94.180268 94.383351 94.292329 92.949972 89.407092 89.494653 90.927926 79.991858 70.213915 62.584161 56.454288 49.529424 44.902357 42.657993 40.477860 39.611448 31.665650 20.236372 9.199832 0.847566 -7.120381 -13.263694 -15.257310 -19.393577 -24.895420 -34.334938
-9999.0 -1476.935374 -1179.169241 -1130.105482 -1039.321293 -977.198158 -893.123444 -743.520685 -583.584640 -297.520326 -147.151001 -122.750621 -101.408585 -60.558133 8.350762 86.541335 133.935533 108.168277 77.143773 29.424478 16.908441 20.744064 33.146747 52.633296 66.854198 73.413402 69.910606 55.157789 39.200388 30.993305 26.941843 19.721232 14.140867 13.543016 11.270145 15.188414 17.182341 6.861796 -5.346365 -18.675526 -29.852127 -37.873149 -40.351208 -39.558764 -40.009075 -42.832463 -49.790997 -59.424780 -71.029577 -81.308127 -89.068539 -94.365065 -99.537683 -106.464121 -113.991289 -121.841761
-9999.0 -9999.0 -1323.312103 -1140.043977 -1100.220507 -1043.521453 -971.072228 -837.189134 -704.141556 -492.388674 -299.781505 -228.513774 -191.128953 -152.370463 -97.767535 -46.874510 -28.138834 -19.530084 -48.203710 -60.240931 -63.335372 -61.094693 -51.801649 -39.784183 -28.268439 -21.388507 -18.267825 -21.974513 -31.792808 -45.969410 -61.691726 -73.664164 -81.221516 -86.554532 -80.582681 -71.697886 -73.316206 -79.207822 -88.703681 -100.734319 -110.380936 -120.108106 -122.246045 -121.043785 -120.902783 -123.355026 -127.980371 -139.215134 -151.277769 -163.364269 -169.599184 -175.560730 -181.054397 -190.357144 -199.663404 -209.379663
-9999.0 -9999.0 -1517.671980 -1237.373337 -1111.344468 -1025.579337 -1005.125490 -947.185713 -801.340962 -706.159256 -610.756229 -511.884642 -412.364213 -309.868419 -259.314645 -220.817548 -203.182297 -195.938169 -195.559592 -187.991360 -172.582385 -154.878438 -141.914077 -130.974715 -121.171681 -113.315152 -106.570868 -115.180826 -123.844398 -137.109533 -154.946259 -175.028654 -186.074484 -191.352495 -188.349589 -182.578880 -186.720040 -194.528192 -205.167285 -216.899182 -225.480866 -233.565738 -235.759954 -236.709022 -236.980684 -239.080986 -242.646870 -253.800201 -271.603807 -287.469840 -301.758338 -315.243497 -324.741109 -343.449270 -367.833491 -387.649449
