tests/Borden05m/data_simulated/sim_1/output-maps/psiliqL0019N0008.asc
ncols         160
nrows         34
xllcorner     620200.000000
yllcorner     5168000.000000
cellsize      0.500000
NODATA_value  -9999.0
[rows 0 to 24 of 34, columns 55 to 109 of 160]
-9999.0 -9999.0 -9999.0 -9999.0 -9999.0 -9999.0 -9999.0 -9999.0 -9999.0 -9999.0 -9999.0 -9999.0 -9999.0 -9999.0 -9999.0 -9999.0 -9999.0 -9999.0 -9999.0 -9999.0 -9999.0 -9999.0 -9999.0 -9999.0 -9999.0 -9999.0 -9999.0 -9999.0 -9999.0 -9999.0 -9999.0 -9999.0 -9999.0 -9999.0 -9999.0 -9999.0 -9999.0 -9999.0 -9999.0 -9999.0 -9999.0 -9999.0 -9999.0 -9999.0 -9999.0 -9999.0 -9999.0 -9999.0 -9999.0 -9999.0 -9999.0 -9999.0 -9999.0 -9999.0 -9999.0
-9999.0 -9999.0 -9999.0 -9999.0 2040.671716 2035.446836 2030.784743 2026.566188 2018.452871 2009.816466 2002.308513 1998.891106 1998.519812 1998.370765 1998.534380 2004.262406 2012.934644 2021.182148 2028.795797 2031.766798 2034.761191 2037.458312 2038.494896 2037.995839 2035.467518 2032.861141 2030.067158 2028.979385 2021.675731 2010.780833 2002.489078 1999.961706 2004.377710 2008.821768 2011.275368 2016.699844 2027.041244 2037.371076 2045.348688 2056.862993 2062.488157 2066.901135 2068.825168 2063.882486 2059.598328 2054.958350 2048.808252 2037.408275 -9999.0 -9999.0 -9999.0 -9999.0 -9999.0 -9999.0 -9999.0
1986.219348 2005.438736 2026.268533 2029.642374 2017.911222 2013.094750 2010.260734 2008.893753 2004.892687 1996.937015 1992.396493 1987.623990 1986.067200 1986.776827 1987.441541 1992.030427 2003.141601 2011.684753 2016.990515 2020.198012 2023.553984 2023.339536 2023.394177 2023.827921 2021.637553 2018.846002 2016.059248 2014.764168 2016.115685 2008.892439 2003.454013 2000.006794 1997.851045 2000.500099 2003.016022 2006.863153 2015.998012 2023.704435 2031.286693 2045.327769 2057.350414 2061.959458 2058.507340 2052.719419 2047.938560 2040.048349 2029.006839 2018.373917 2009.401107 2002.187901 1995.819596 1988.731849 1993.816399 1999.901103 2008.467986
1971.760035 1991.596027 2012.399571 2015.517363 2005.271245 1997.642318 1992.289106 1993.226630 1996.870939 1994.183202 1990.186431 1984.624034 1994.522466 1996.384701 1998.039996 2002.002493 2005.259963 2009.997980 2013.267223 2019.283452 2028.937882 2032.414655 2033.664329 2034.538086 2033.396070 2030.928626 2029.699582 2027.497471 2022.745299 2021.706363 2021.979193 2021.436447 2026.094924 2027.633586 2029.905602 2023.707406 2027.492612 2033.434628 2039.918155 2045.433258 2051.133640 2053.538867 2049.214727 2047.861619 2038.292585 2023.430276 2011.891636 2002.993782 2001.270875 1997.198710 1988.190872 1973.819007 1980.243640 1994.825286 1998.342397
1979.766087 1989.604364 2001.492052 2004.874303 2000.434089 2002.774862 2005.114962 2007.188459 2006.247557 2003.804965 2001.533733 2013.865892 2023.535140 2025.922253 2029.384678 2033.926444 2034.764800 2024.097577 2022.589967 2031.124701 2041.892700 2048.203031 2049.287292 2049.981610 2048.060016 2047.809698 2048.253704 2046.889818 2047.580627 2050.003680 2049.153720 2053.199776 2058.905626 2062.114384 2055.452001 2046.586003 2047.946261 2055.832041 2064.174958 2071.112649 2080.755909 2090.793534 2089.131851 2082.633609 2072.376600 2057.821849 2033.359754 2013.403780 2001.137922 1992.216198 1983.583845 1983.529176 1978.286632 1989.316298 1989.687810
1977.011240 1996.664106 2018.185615 2025.969450 2020.840002 2017.222609 2016.019604 2017.595381 2018.156885 2020.933113 2032.603642 2046.400055 2060.397695 2063.729050 2066.766285 2066.684707 2059.018562 2049.508374 2047.048414 2061.969238 2079.430996 2088.539815 2089.740497 2088.473144 2094.685496 2095.002454 2095.193651 2091.780736 2093.827078 2093.980940 2102.145396 2110.003469 2117.611137 2116.078450 2103.887543 2092.004563 2091.054257 2094.875584 2099.523082 2105.785751 2115.093160 2123.343947 2116.949767 2109.082897 2098.518767 2069.446518 2042.447734 2024.993141 2023.446415 2022.108380 2015.697695 2011.346561 2007.486459 2000.188090 1998.431746
2024.688032 2046.205947 2067.534372 2083.115845 2078.242834 2071.508995 2063.196683 2064.660565 2067.565971 2075.715721 2088.598273 2104.958555 2128.934387 2131.219049 2134.018790 2135.683057 2124.577240 2112.739038 2103.035943 2123.710974 2135.382621 2144.491851 2145.543157 2154.552750 2165.141301 2162.252732 2156.109780 2145.949728 2152.630762 2162.518790 2177.949760 2185.447634 2190.025409 2187.299046 2174.968269 2168.786803 2168.646322 2172.606961 2171.474417 2177.221154 2185.798616 2199.412036 2196.850141 2188.510292 2165.138564 2126.095501 2091.824808 2072.690113 2078.780544 2070.303389 2061.460961 2057.302472 2042.687998 2031.535547 2030.778700
2075.740162 2093.137290 2111.871309 2130.537556 2125.122717 2115.952134 2102.455297 2101.982674 2109.195133 2120.541903 2140.055267 2161.801266 2184.878096 2189.812508 2189.476575 2199.867027 2194.174032 2185.099145 2178.158415 2194.913653 2207.248709 2219.574599 2229.005746 2243.233654 2255.752239 2244.459800 2231.433487 2224.930910 2231.697114 2254.510067 2274.358793 2279.506199 2279.826006 2280.981155 2269.183069 2263.492237 2258.480265 2255.775425 2251.131088 2247.438943 2267.746144 2284.962607 2282.060060 2257.441547 2231.695855 2191.701457 2151.654376 2120.645666 2123.791557 2118.397018 2116.965290 2101.939621 2085.938923 2071.409481 2062.639197
2151.874940 2179.148016 2199.343054 2222.026978 2219.744010 2201.576937 2191.371421 2196.387865 2210.631868 2219.428378 2237.362540 2259.358464 2289.225912 2307.291641 2323.777554 2329.148807 2321.925689 2313.927052 2302.283091 2304.697439 2326.256159 2340.208464 2351.758478 2363.255848 2377.431714 2382.139501 2378.906478 2378.865202 2383.366472 2393.771068 2405.476111 2412.369596 2416.697520 2420.564547 2412.614397 2401.495797 2397.658880 2390.623569 2386.238211 2383.972054 2389.519507 2403.293273 2398.725292 2365.626205 2335.995516 2299.546106 2259.495897 2226.674541 2211.866592 2221.152636 2211.685628 2191.997104 2174.210638 2141.028030 2127.221512
2246.835106 2282.887415 2310.625792 2325.310983 2337.510911 2329.612122 2330.815372 2336.069092 2345.017105 2350.394163 2358.772306 2392.060436 2426.895888 2454.904804 2479.213805 2488.047964 2477.571573 2468.615570 2456.968064 2449.071423 2457.832624 2475.342314 2494.305924 2511.404239 2524.297745 2528.630314 2528.343382 2529.531771 2532.908131 2536.300366 2540.202336 2547.660842 2555.496991 2566.199949 2576.207221 2568.259029 2550.554135 2539.728816 2528.158301 2524.713382 2523.703994 2523.157965 2521.694842 2507.567358 2468.790503 2436.238751 2402.051443 2375.137345 2355.129920 2344.653135 2322.517905 2296.608454 2245.789485 2204.537004 2168.859656
2359.192445 2403.223778 2434.647261 2457.050080 2472.433206 2473.810041 2477.048630 2480.007705 2485.969119 2490.982464 2497.140678 2522.593277 2563.793609 2602.829422 2633.860127 2636.553243 2625.826066 2615.776557 2606.945732 2595.751587 2593.542941 2605.181544 2619.939755 2639.539799 2651.896927 2660.933119 2659.361656 2660.567078 2662.942956 2665.004626 2667.194207 2670.252476 2678.882153 2692.795774 2705.853503 2706.145436 2690.311164 2673.819680 2657.406221 2652.324045 2647.443667 2641.007348 2640.595359 2639.800038 2626.091410 2595.472717 2554.362528 2510.574858 2486.349980 2465.443647 2450.571523 2431.662182 2396.296440 2334.711291 2297.353238
2493.554805 2526.301962 2558.617234 2590.637319 2608.486395 2614.483453 2614.337873 2615.630811 2623.653176 2629.078470 2637.736200 2654.334458 2682.812655 2715.332409 2743.809435 2760.563868 2755.441263 2741.038765 2722.367520 2716.049201 2715.262989 2719.421999 2728.800756 2740.458332 2759.013424 2777.684449 2786.054163 2787.660168 2784.193889 2788.501761 2790.514119 2791.033761 2793.344125 2800.233260 2808.895535 2812.016229 2805.722755 2785.796986 2764.150069 2751.302778 2743.427931 2738.734369 2737.005781 2738.553685 2737.996323 2722.831793 2689.311762 2646.707498 2613.287487 2592.639323 2575.477526 2557.602600 2542.839783 2514.047076 2491.880681
2620.079338 2636.458028 2664.987437 2693.644579 2717.124666 2733.149772 2735.934109 2740.827014 2746.171586 2755.332173 2771.317617 2794.850203 2811.993664 2831.898421 2855.811311 2870.294899 2876.057620 2875.902253 2873.982827 2876.344644 2877.615670 2834.584184 2840.275845 2845.838761 2858.761834 2871.206643 2876.225712 2877.212713 2875.657807 2877.771161 2878.841837 2879.310825 2879.372159 2880.899230 2884.835063 2886.522788 2885.060788 2875.556478 2886.351361 2868.253797 2855.731630 2847.701533 2839.189397 2829.903495 2819.209615 2807.776613 2786.224748 2756.105614 2721.293527 2696.120481 2684.570742 2675.646088 2665.562696 2657.396638 2638.891254
2732.233358 2744.683947 2762.783498 2785.084779 2817.946021 2839.591566 2850.671604 2859.656473 2864.484639 2877.623398 2892.718032 2882.803435 2888.982278 2895.148771 2901.178295 2903.251227 2903.935264 2903.905351 2902.046743 2902.096679 2900.807914 2897.579601 2888.441110 2890.643996 2892.875151 2895.825357 2899.778022 2898.807434 2900.037296 2903.328894 2902.146283 2896.898838 2893.592296 2892.523604 2893.737889 2901.472920 2905.263031 2906.637856 2905.054840 2904.827636 2904.566738 2902.390054 2899.336112 2894.752798 2888.690858 2896.745388 2884.551224 2858.172990 2820.720474 2780.153952 2767.997799 2765.023202 2763.209463 2758.943528 2751.128767
2860.315198 2873.901784 2888.368934 2876.544768 2893.069665 2901.418230 2905.206314 2908.348595 2910.693271 2912.554638 2909.237828 2905.838353 2900.805691 2899.033607 2897.304135 2894.520276 2894.880235 2892.886312 2889.054254 2885.613042 2878.884651 2868.319725 2857.584961 2854.892731 2859.487953 2864.794675 2869.446028 2873.181943 2876.724679 2877.504218 2872.848301 2865.325899 2858.698944 2857.569913 2864.852300 2871.158688 2877.748925 2879.350266 2878.908694 2877.662187 2878.594204 2876.573402 2877.527297 2884.575594 2898.534500 2902.682621 2906.558435 2905.547344 2893.140213 2870.755284 2871.826746 2851.210563 2854.673874 2848.720608 2835.987665
2906.512738 2909.099622 2908.357319 2907.106572 2900.984351 2894.840109 2893.643969 2896.977614 2903.205188 2903.663548 2895.955452 2886.800084 2878.971795 2871.104433 2868.026922 2866.286287 2865.131827 2864.937260 2859.445479 2850.887143 2834.743970 2823.398605 2812.453556 2806.498757 2803.489412 2807.345680 2817.377382 2827.807105 2832.445967 2824.633033 2817.133133 2806.595468 2799.332750 2800.491508 2803.006380 2813.114803 2829.374530 2836.505637 2838.518779 2834.182500 2830.183772 2825.358911 2824.082524 2831.673387 2847.471346 2864.135849 2879.113361 2887.987518 2895.557881 2902.164835 2902.935354 2904.420366 2904.773004 2902.357996 2902.257363
2904.741890 2898.212769 2891.473335 2886.087317 2879.076579 2872.805089 2870.079392 2871.129184 2872.352130 2867.397428 2859.499679 2847.832967 2835.518473 2824.470917 2816.176012 2815.641444 2816.598996 2816.883053 2809.431808 2794.116792 2774.938681 2761.298916 2747.223442 2742.892466 2737.009471 2730.449857 2740.012289 2757.671376 2764.055137 2749.377301 2739.404003 2725.427313 2719.332969 2716.805945 2719.076762 2729.424841 2751.802501 2774.878874 2778.227187 2769.867356 2761.778017 2759.191133 2758.319640 2765.588223 2784.428706 2807.334208 2824.046521 2835.092490 2841.486513 2850.103189 2859.998530 2873.553225 2887.384080 2898.643797 2904.723411
2881.901085 2873.903500 2865.793525 2857.482989 2849.440250 2841.671493 2835.829347 2832.083388 2826.981429 2819.028756 2809.771070 2788.514210 2774.108801 2759.626275 2743.308672 2737.606165 2731.877320 2731.727773 2719.425626 2709.876138 2692.776570 2677.176006 2660.883344 2648.327761 2641.790651 2634.653431 2634.928272 2648.512222 2656.704664 2645.307936 2635.624828 2624.557845 2620.125130 2617.905066 2621.393528 2633.194179 2655.547167 2675.761125 2685.407189 2680.015183 2679.329086 2681.080247 2682.364500 2690.724653 2705.321380 2725.750937 2749.305679 2768.841857 2780.385344 2789.360368 2800.400338 2816.941597 2831.673528 2846.038422 2863.561353
2849.720269 2839.565751 2828.707680 2817.787944 2805.462681 2791.348748 2782.785579 2782.280625 2773.408830 2764.708653 2742.885142 2689.964905 2667.548828 2646.467287 2628.118862 2619.318082 2609.050191 2594.954298 2584.679929 2578.260111 2575.560846 2560.100867 2540.811352 2522.935163 2516.956391 2512.094014 2497.763559 2496.737896 2497.936643 2508.184703 2501.729572 2498.856808 2499.672847 2498.379903 2502.002372 2516.818462 2528.320745 2537.993013 2546.637965 2550.879432 2562.369362 2573.678459 2584.162762 2603.595446 2618.543737 2637.696409 2661.439306 2689.262912 2706.539206 2718.611808 2731.416755 2748.436375 2766.281218 2784.974653 2808.177489
2809.303164 2791.131836 2775.317058 2759.125914 2744.083714 2729.190548 2711.983670 2710.294348 2704.262427 2691.389822 2639.315727 2594.310527 2556.669756 2535.787512 2509.863252 2494.296917 2477.476675 2442.530662 2424.932467 2420.687209 2430.105965 2423.249967 2407.019045 2393.564194 2383.909394 2374.836345 2358.440908 2343.498580 2348.376603 2363.699252 2362.306189 2363.818104 2370.718865 2370.755892 2367.014872 2369.784509 2384.746040 2393.449941 2406.158316 2423.256087 2430.403908 2446.112640 2479.395629 2496.006091 2514.655331 2537.513248 2562.435863 2589.934585 2615.422391 2632.661419 2650.823558 2672.549077 2691.860638 2714.413038 2738.979583
2748.666227 2718.242886 2695.937683 2676.163108 2654.416149 2627.108116 2603.357941 2597.339768 2586.975031 2558.396984 2503.801086 2462.321070 2432.974170 2407.938939 2381.330837 2356.734917 2320.894211 2285.525540 2262.854509 2272.601244 2281.059544 2287.068356 2274.083987 2261.858489 2251.283016 2234.396485 2217.492881 2202.662504 2212.088908 2220.467630 2234.697609 2240.443673 2244.947941 2250.305761 2250.291312 2243.942144 2245.231707 2255.481158 2267.571430 2281.085961 2301.437462 2337.243951 2365.041054 2386.253078 2410.588034 2434.153813 2460.252789 2487.566914 2514.010358 2534.838344 2557.391611 2581.416143 2606.092590 2629.166748 2655.730834
2660.331268 2630.372864 2601.209077 2574.701641 2540.203867 2493.387969 2474.601024 2461.752666 2440.224736 2394.364275 2349.171255 2318.374260 2297.507541 2270.800228 2245.799019 2215.190946 2180.467865 2155.003956 2133.297055 2140.855926 2148.725636 2164.114080 2153.419767 2144.103426 2139.041956 2123.305627 2109.157328 2093.140422 2099.645071 2110.630053 2131.344889 2136.848623 2141.270377 2150.421690 2150.649016 2148.333090 2136.195911 2145.436023 2157.863430 2174.091282 2205.615219 2231.400391 2257.271745 2281.952305 2305.399910 2331.829404 2359.083850 2386.859721 2417.430764 2441.466694 2464.794602 2490.321418 2514.106464 2534.276080 2556.565089
2536.574319 2509.377481 2485.464145 2457.843927 2414.446842 2366.940162 2324.895788 2299.310122 2250.154522 2212.619067 2183.021270 2172.091289 2154.591813 2130.927234 2108.389581 2085.887200 2060.432478 2038.501763 2012.717101 2016.349059 2029.800502 2044.763124 2042.391054 2040.812909 2038.073377 2027.436145 2013.460064 1999.520648 2002.961397 2019.114350 2036.690685 2045.903721 2053.665947 2062.053943 2062.886491 2055.653036 2047.604371 2054.150494 2070.495193 2088.501354 2109.484225 2132.951534 2156.750890 2180.036037 2205.703090 2232.074581 2259.071467 2288.305651 2319.874532 2345.205186 2373.251842 2402.132572 2424.430446 2439.057414 2453.751250
2416.155691 2392.973205 2366.311949 2335.879324 2290.902847 2246.985265 2202.326195 2155.676699 2119.588353 2086.944520 2072.905197 2053.795527 2036.390877 2018.307974 1995.905131 1976.621290 1958.722043 1935.970008 1921.533291 1927.044784 1939.550688 1948.389957 1952.900369 1949.956888 1946.898438 1940.078332 1925.949893 1918.983784 1928.169023 1943.390754 1957.699988 1968.936816 1976.200139 1982.337919 1980.209731 1972.375317 1969.207304 1978.467233 1995.173079 2010.607399 2027.986857 2050.674041 2073.449960 2097.437869 2122.635309 2147.764083 2175.536185 2204.251285 2233.812421 2264.083389 2291.004106 2315.822729 2330.140148 2344.771177 2352.198691
2274.315357 2258.236845 2230.127944 2199.253578 2165.780241 2127.764184 2098.081181 2063.808755 2031.041925 1999.305038 1971.729649 1955.490793 1945.957892 1930.673070 1911.339412 1897.946181 1880.769207 1866.529302 1869.038366 1870.243134 1878.991000 1877.922988 1878.268871 1875.217587 1874.062313 1870.640194 1862.333571 1871.888737 1878.757233 1892.684239 1903.141378 1912.962173 1919.306130 1923.596501 1924.792579 1920.353568 1926.004639 1933.440772 1948.462422 1960.973355 1976.339739 1997.954774 2016.620248 2037.593989 2061.946902 2087.214326 2113.746710 2142.128806 2172.807626 2200.602281 2222.557498 2234.094335 2247.743868 2255.114390 2250.591196
