tests/Borden05m/data_simulated/sim_1/output-maps/psiliqL0017N0002.asc
ncols         160
nrows         34
xllcorner     620200.000000
yllcorner     5168000.000000
cellsize      0.500000
NODATA_value  -9999.0
[rows 0 to 24 of 34, columns 0 to 54 of 160]
-9999.0 -9999.0 -9999.0 -9999.0 -9999.0 -9999.0 -9999.0 -9999.0 -9999.0 -9999.0 -9999.0 -9999.0 -9999.0 -9999.0 -9999.0 -9999.0 -9999.0 -9999.0 -9999.0 -9999.0 -9999.0 -9999.0 -9999.0 -9999.0 -9999.0 -9999.0 -9999.0 -9999.0 -9999.0 -9999.0 -9999.0 -9999.0 -9999.0 -9999.0 -9999.0 -9999.0 -9999.0 -9999.0 -9999.0 -9999.0 -9999.0 -9999.0 -9999.0 -9999.0 -9999.0 -9999.0 -9999.0 -9999.0 -9999.0 -9999.0 -9999.0 -9999.0 -9999.0 -9999.0 -9999.0
-9999.0 -9999.0 -9999.0 -9999.0 -9999.0 -9999.0 -9999.0 -9999.0 -9999.0 -9999.0 -9999.0 -9999.0 -9999.0 -9999.0 -9999.0 -9999.0 -9999.0 -9999.0 -9999.0 -9999.0 -9999.0 -9999.0 -9999.0 -9999.0 -9999.0 -9999.0 -9999.0 -9999.0 -9999.0 -9999.0 -9999.0 -9999.0 -9999.0 -9999.0 -9999.0 -9999.0 -9999.0 -9999.0 -9999.0 -9999.0 -9999.0 -9999.0 -9999.0 -9999.0 -9999.0 -9999.0 -9999.0 -9999.0 -9999.0 -9999.0 -9999.0 -9999.0 -9999.0 -9999.0 -9999.0
-9999.0 -9999.0 -9999.0 -9999.0 -9999.0 -9999.0 -9999.0 -9999.0 -9999.0 -9999.0 -9999.0 -9999.0 -9999.0 -9999.0 -9999.0 -9999.0 -9999.0 -9999.0 -9999.0 -9999.0 -9999.0 -9999.0 -9999.0 -9999.0 -9999.0 -9999.0 -9999.0 -9999.0 -9999.0 -9999.0 -9999.0 -9999.0 -9999.0 -9999.0 -9999.0 -9999.0 -9999.0 -9999.0 -9999.0 -9999.0 -9999.0 -9999.0 -9999.0 -9999.0 -9999.0 -9999.0 -9999.0 1487.101388 1469.909278 1455.027920 1452.051410 1474.150516 1497.478182 1521.314235 1541.912831
-9999.0 -9999.0 -9999.0 -9999.0 -9999.0 -9999.0 -9999.0 -9999.0 -9999.0 -9999.0 -9999.0 -9999.0 -9999.0 -9999.0 -9999.0 -9999.0 -9999.0 -9999.0 -9999.0 -9999.0 -9999.0 -9999.0 -9999.0 -9999.0 -9999.0 -9999.0 -9999.0 -9999.0 -9999.0 -9999.0 -9999.0 -9999.0 -9999.0 -9999.0 -9999.0 -9999.0 -9999.0 -9999.0 -9999.0 -9999.0 1535.287100 1541.229482 1542.041841 1531.849644 1520.713706 1508.153831 1488.074722 1470.588695 1456.402182 1454.187888 1456.887154 1461.282656 1483.299042 1508.239846 1528.034275
-9999.0 -9999.0 -9999.0 -9999.0 -9999.0 -9999.0 -9999.0 -9999.0 -9999.0 -9999.0 -9999.0 -9999.0 -9999.0 -9999.0 -9999.0 -9999.0 -9999.0 -9999.0 -9999.0 -9999.0 -9999.0 -9999.0 -9999.0 -9999.0 -9999.0 -9999.0 -9999.0 -9999.0 -9999.0 -9999.0 -9999.0 -9999.0 -9999.0 -9999.0 1443.064652 1460.329648 1478.359012 1496.816440 1513.634385 1520.508999 1526.336020 1531.990976 1527.793303 1523.324619 1511.996001 1492.412111 1473.110428 1459.761685 1458.146190 1455.841788 1460.028801 1472.563085 1489.366299 1505.239639 1526.090468
-9999.0 -9999.0 -9999.0 -9999.0 -9999.0 -9999.0 -9999.0 -9999.0 -9999.0 -9999.0 -9999.0 -9999.0 -9999.0 -9999.0 -9999.0 -9999.0 -9999.0 -9999.0 -9999.0 -9999.0 -9999.0 -9999.0 -9999.0 -9999.0 -9999.0 -9999.0 -9999.0 -9999.0 1447.836479 1441.949094 1437.023368 1435.557071 1434.250338 1433.207535 1439.964771 1451.719918 1469.439766 1491.257088 1504.350789 1511.630220 1518.404545 1519.100636 1513.907314 1512.119843 1512.635175 1500.696007 1488.985488 1478.039990 1467.441510 1465.552151 1475.032781 1489.294078 1505.592789 1520.428547 1535.843766
-9999.0 -9999.0 -9999.0 -9999.0 -9999.0 -9999.0 -9999.0 -9999.0 -9999.0 -9999.0 -9999.0 -9999.0 -9999.0 -9999.0 -9999.0 -9999.0 -9999.0 -9999.0 -9999.0 -9999.0 -9999.0 -9999.0 -9999.0 1418.045068 1423.586831 1430.143098 1437.700976 1438.661579 1434.831996 1429.337480 1426.464555 1425.040855 1423.198728 1427.713707 1435.457975 1448.827365 1464.465788 1486.460155 1494.965629 1500.543921 1512.559295 1515.662447 1522.102488 1526.235517 1524.590162 1521.482584 1508.382261 1498.529607 1502.822169 1508.239573 1515.148920 1523.320056 1536.804795 1551.712957 1568.432993
-9999.0 -9999.0 -9999.0 -9999.0 -9999.0 -9999.0 -9999.0 -9999.0 -9999.0 -9999.0 -9999.0 -9999.0 -9999.0 -9999.0 -9999.0 -9999.0 -9999.0 -9999.0 -9999.0 1393.172770 1394.158593 1395.476238 1400.249245 1400.952431 1403.015632 1409.971130 1418.111247 1420.656135 1418.819211 1417.554565 1419.057211 1421.753891 1426.170052 1437.208348 1450.862519 1464.923660 1478.438631 1499.212677 1513.829078 1527.031452 1542.820117 1542.512120 1538.692111 1537.006356 1537.440791 1537.244778 1539.863077 1541.654287 1547.968847 1551.662042 1557.328662 1566.706541 1578.412171 1596.181195 1615.320142
-9999.0 -9999.0 -9999.0 -9999.0 -9999.0 -9999.0 -9999.0 -9999.0 -9999.0 -9999.0 -9999.0 -9999.0 -9999.0 -9999.0 -9999.0 -9999.0 1364.360920 1366.223218 1368.520372 1373.975632 1377.118500 1381.140239 1388.126694 1389.468811 1393.165634 1400.298863 1405.072146 1413.998709 1422.117100 1429.337483 1435.226476 1437.779206 1444.894885 1454.306927 1465.938037 1480.687756 1501.652829 1524.730198 1540.732071 1557.447299 1574.533485 1575.158987 1573.975379 1574.965983 1575.029071 1580.163077 1596.882439 1602.077029 1601.736548 1616.554361 1630.125562 1634.825583 1642.482930 1661.777377 1685.005428
-9999.0 -9999.0 -9999.0 -9999.0 -9999.0 -9999.0 -9999.0 -9999.0 -9999.0 -9999.0 -9999.0 -9999.0 -9999.0 1317.220875 1321.354860 1331.126930 1340.983136 1343.689843 1348.193162 1354.452957 1366.664451 1370.316489 1376.493005 1383.967637 1396.027127 1404.623104 1413.647117 1425.385262 1433.602540 1440.650726 1447.389713 1452.192928 1464.837725 1479.587692 1494.812069 1514.568414 1536.360482 1556.212364 1575.985031 1591.862573 1605.046207 1605.928949 1605.084737 1607.519785 1614.605357 1630.894374 1649.339900 1656.539027 1672.937528 1695.691501 1708.767216 1719.784290 1728.189370 1741.935640 1763.308324
-9999.0 -9999.0 -9999.0 -9999.0 -9999.0 -9999.0 -9999.0 -9999.0 -9999.0 -9999.0 1285.611746 1287.748329 1284.289567 1283.493253 1288.793671 1300.997679 1314.948167 1321.309429 1333.017469 1354.053289 1372.044983 1375.437926 1389.671316 1399.851337 1406.553534 1416.827201 1429.790025 1442.284547 1458.597726 1470.717594 1481.469530 1500.038355 1516.150091 1532.421506 1549.899053 1570.036583 1588.841631 1616.057294 1642.511375 1654.420104 1675.500839 1684.745597 1681.916871 1681.930774 1691.328414 1706.656646 1726.915319 1749.143652 1770.864980 1796.246972 1812.892211 1827.757848 1838.863207 1851.390203 1867.618218
-9999.0 -9999.0 -9999.0 -9999.0 -9999.0 -9999.0 -9999.0 -9999.0 1261.029525 1268.528147 1274.477433 1271.423568 1266.938832 1262.584864 1276.536345 1292.290953 1308.305350 1326.087096 1341.981984 1360.162538 1375.089392 1390.920166 1410.734029 1422.142256 1433.476800 1448.636634 1462.067298 1478.565737 1499.527115 1511.046170 1526.379043 1547.158223 1564.980959 1582.651077 1601.213860 1619.010020 1644.076230 1676.842848 1708.163806 1729.584700 1757.280562 1779.322024 1778.082407 1780.297230 1784.761647 1810.606079 1840.137292 1871.468998 1896.703211 1924.589383 1955.151512 1974.694016 1986.260573 1999.532751 2015.337145
-9999.0 -9999.0 -9999.0 -9999.0 -9999.0 -9999.0 1233.723956 1257.943219 1272.936515 1264.818538 1253.914399 1249.880845 1245.327410 1270.342429 1292.382453 1309.666319 1326.555536 1344.184240 1360.663236 1372.635727 1405.385944 1423.445261 1437.178749 1454.118168 1468.626450 1483.161727 1500.314548 1523.171794 1543.980010 1571.864296 1595.485412 1617.736325 1643.373571 1662.626370 1681.178232 1698.648403 1729.300739 1766.240714 1802.755206 1831.145168 1858.404865 1890.046896 1896.543262 1902.440011 1909.497352 1932.289219 1965.751528 1997.592950 2032.771651 2066.446901 2095.443910 2109.034785 2120.716309 2132.963730 2147.234735
-9999.0 -9999.0 -9999.0 -9999.0 1200.766643 1221.582268 1241.193436 1271.612788 1293.918379 1288.821251 1294.900827 1294.503305 1292.064568 1296.136831 1303.417010 1321.358899 1340.118893 1359.168909 1376.251895 1409.451589 1453.998415 1468.477243 1491.156659 1522.499057 1535.640300 1550.716710 1566.898967 1589.436575 1614.408704 1646.457770 1687.959448 1723.305267 1748.183520 1770.513485 1791.635863 1813.009217 1847.766250 1885.971768 1923.460569 1958.146282 1988.586944 2015.678042 2028.323864 2036.932077 2049.838973 2068.006319 2091.542990 2121.110262 2154.989608 2189.097219 2215.748295 2230.261889 2239.143716 2250.723165 2261.464887
-9999.0 -9999.0 -9999.0 1150.456857 1189.145215 1227.224416 1253.782688 1284.358896 1316.332278 1319.820354 1328.578746 1332.338214 1335.883260 1343.765048 1351.243774 1368.274301 1384.930153 1401.719909 1423.675002 1459.661578 1493.292618 1520.389414 1551.330952 1575.779939 1594.937025 1610.369610 1629.098139 1652.443920 1691.540762 1727.400760 1776.624820 1829.188093 1865.187122 1889.071231 1912.080640 1940.295818 1966.416621 2004.425913 2040.624117 2075.188168 2108.437044 2134.311210 2153.636617 2162.183114 2173.362732 2183.224857 2200.713389 2224.221370 2248.289238 2279.444597 2309.855473 2337.522653 2353.299835 2364.594650 2381.549899
-9999.0 -9999.0 1103.108296 1141.208803 1174.599271 1223.896719 1276.617475 1310.883210 1351.157987 1373.695051 1379.510871 1395.063428 1409.875151 1415.830699 1430.041796 1446.387724 1465.085280 1472.466977 1490.115692 1517.517044 1564.420751 1607.200283 1623.042057 1671.271095 1704.018059 1732.967519 1751.896593 1779.016305 1815.250140 1855.497257 1903.420754 1953.671434 1991.900129 2023.300937 2040.968850 2061.983465 2085.734991 2112.132651 2148.459344 2178.542242 2212.249066 2239.863464 2262.663111 2269.782860 2275.923740 2293.455052 2320.479261 2349.704056 2377.035487 2403.455687 2405.021089 2420.798909 2428.723042 2433.622248 2440.050359
-9999.0 -9999.0 1075.631461 1120.785336 1159.700926 1224.132715 1304.900727 1341.091303 1383.005589 1428.380986 1445.729343 1469.323070 1477.570240 1483.120201 1505.535012 1526.567591 1540.854265 1548.174251 1547.107117 1601.891824 1658.789116 1703.816415 1742.562892 1811.378165 1858.561633 1877.687116 1892.213273 1913.802628 1938.316668 1981.107125 2027.541345 2081.353978 2125.618822 2157.604703 2174.990077 2195.233586 2216.982081 2235.963542 2256.946162 2299.482170 2330.733713 2359.237759 2388.471146 2410.222037 2419.964181 2425.439965 2413.882893 2427.648629 2437.645568 2443.138972 2446.263950 2444.461596 2445.093255 2446.734777 2448.357666
-9999.0 985.889229 1038.035561 1090.510987 1158.223103 1223.922623 1304.936114 1383.281660 1441.496921 1489.170473 1517.119483 1525.370005 1554.572802 1593.670602 1618.713719 1643.939128 1648.332288 1655.321087 1644.523126 1694.127069 1741.332428 1810.531859 1917.605281 1974.992919 2024.404130 2027.085854 2022.839429 2035.484059 2059.019820 2104.141196 2174.574316 2224.819924 2281.686714 2325.394056 2342.710091 2351.479050 2370.896824 2392.501781 2373.846916 2402.249729 2416.592209 2428.667212 2434.292975 2437.767130 2440.586008 2442.537666 2441.230002 2436.759903 2430.804349 2426.834905 2424.094325 2420.571986 2423.609142 2427.181558 2427.885896
-9999.0 949.785089 1008.716567 1079.365177 1149.347764 1212.524385 1311.077150 1457.902976 1512.539465 1549.311340 1568.300345 1581.329869 1655.026125 1720.235077 1753.462857 1799.098203 1793.385038 1783.743126 1767.193728 1799.298649 1847.047930 1920.578090 2068.259307 2154.295444 2189.157401 2202.143420 2210.483746 2239.417558 2279.326937 2319.828659 2357.077360 2352.567887 2385.412735 2403.091842 2409.532359 2413.214934 2419.355659 2421.350504 2421.639851 2419.931953 2417.211088 2419.207431 2424.930562 2426.277049 2425.025491 2423.480524 2419.471108 2413.418908 2409.198926 2405.540401 2403.460116 2400.798246 2399.082204 2398.592971 2393.598709
-9999.0 917.857527 989.707194 1051.933810 1112.701384 1221.826198 1347.835404 1483.912007 1576.302258 1612.467211 1626.263034 1688.584053 1789.916725 1888.841204 1942.358652 1969.153536 1969.088403 1945.317829 1946.070534 1991.682668 2058.315889 2156.026527 2257.824058 2340.743853 2357.356270 2364.216850 2341.552462 2360.444545 2378.080814 2383.720465 2388.071993 2395.232756 2403.126680 2408.590948 2409.840160 2409.417397 2406.937653 2400.942646 2397.684700 2395.714838 2393.390754 2393.790826 2397.148235 2399.353790 2397.734547 2394.921074 2391.402921 2386.557921 2380.907638 2374.628974 2370.660531 2366.300427 2363.476754 2357.494990 2352.084489
-9999.0 813.366950 903.240910 955.011191 1060.989765 1237.450581 1363.718524 1510.435408 1658.723464 1693.097484 1761.641442 1885.245777 1994.205360 2071.392395 2112.354310 2155.215953 2186.112461 2210.697198 2248.019319 2192.915301 2255.374631 2322.171306 2353.355580 2369.818322 2376.728244 2381.314521 2376.602168 2360.636256 2353.560352 2350.008207 2354.477838 2364.187648 2371.648948 2378.913263 2378.613610 2380.854874 2382.432913 2380.013413 2376.860274 2369.088052 2361.844523 2356.193611 2354.340708 2359.757002 2355.427816 2353.025876 2347.587350 2339.884120 2331.091104 2323.444398 2315.342277 2307.890969 2304.003330 2296.987982 2293.623487
-9999.0 732.491848 808.311703 891.256134 1023.321901 1186.818483 1308.622239 1472.594310 1685.447069 1804.244638 1935.549953 2012.111985 2086.622995 2146.441118 2209.241266 2260.195389 2288.723246 2302.345804 2290.925720 2306.629134 2275.361699 2270.495125 2290.742333 2320.338462 2337.292517 2344.336830 2339.197043 2331.934001 2327.464798 2328.738072 2329.279016 2328.923035 2328.160436 2327.003994 2325.056491 2328.139586 2333.435368 2327.364847 2318.105745 2309.339495 2301.311452 2292.448211 2286.583884 2282.755213 2282.022711 2282.058081 2274.819433 2264.705155 2254.242676 2245.812588 2237.588850 2231.090239 2226.829970 2219.792096 2209.099135
-9999.0 629.532660 753.003549 843.164627 958.979025 1093.660087 1214.717297 1374.822304 1518.271131 1741.197602 1894.512016 2019.449897 2065.077650 2128.935045 2188.861585 2260.274631 2266.547372 2240.916606 2209.723439 2197.738580 2206.938654 2218.560574 2232.502084 2252.697629 2272.179349 2284.064435 2289.045195 2284.022237 2272.167539 2263.601695 2257.078215 2247.452783 2240.781192 2240.076467 2242.238185 2250.416429 2252.338691 2243.150742 2229.622536 2212.344338 2197.089736 2185.393318 2182.025330 2183.215402 2183.200014 2179.382938 2172.802673 2162.246222 2149.644781 2137.361885 2129.559740 2123.103731 2114.357218 2101.998869 2088.310557
-9999.0 -9999.0 675.488718 785.851170 890.715006 1010.658905 1120.001307 1257.208270 1404.210556 1581.998230 1698.523530 1839.302735 1918.051532 1965.920742 2014.810179 2072.383845 2095.619543 2120.361888 2109.240214 2117.568986 2126.745004 2134.119140 2144.109266 2155.675335 2169.733017 2181.227777 2191.038952 2190.190231 2182.404672 2165.499169 2144.796520 2128.945863 2120.314670 2113.293704 2123.456397 2135.065296 2131.371662 2124.311435 2111.570630 2094.684035 2080.684662 2065.851777 2061.273763 2060.789584 2060.497769 2057.404521 2053.136521 2040.208123 2027.201716 2015.350552 2009.376128 2002.209492 1995.789288 1983.629627 1970.650949
-9999.0 -9999.0 590.302849 697.962141 809.731222 931.490099 1027.939910 1089.820790 1237.776986 1350.273457 1454.417748 1555.112613 1640.889345 1706.315430 1749.154868 1811.810658 1857.811537 1876.105994 1902.295142 1938.774111 1967.435087 1998.567171 2018.764026 2031.688646 2046.360270 2061.002358 2070.423407 2058.963818 2048.839505 2032.923888 2011.894048 1988.601567 1976.710498 1974.146520 1975.687959 1979.826091 1973.494993 1963.786920 1948.970052 1933.095878 1919.443378 1907.833417 1903.049166 1898.472528 1896.384417 1893.151238 1890.019433 1882.035599 1871.299078 1864.025751 1855.174979 1848.949445 1845.450786 1838.634027 1829.353742
