tests/Borden05m/data_simulated/sim_1/output-maps/psiliqL0004N0003.asc
ncols         160
nrows         34
xllcorner     620200.000000
yllcorner     5168000.000000
cellsize      0.500000
NODATA_value  -9999.0
[rows 0 to 24 of 34, columns 56 to 111 of 160]
-9999.0 -9999.0 -9999.0 -9999.0 -9999.0 -9999.0 -9999.0 -9999.0 -9999.0 -9999.0 -9999.0 -9999.0 -9999.0 -9999.0 -9999.0 -9999.0 -9999.0 -9999.0 -9999.0 -9999.0 -9999.0 -9999.0 -9999.0 -9999.0 -9999.0 -9999.0 -9999.0 -9999.0 -9999.0 -9999.0 -9999.0 -9999.0 -9999.0 -9999.0 -9999.0 -9999.0 -9999.0 -9999.0 -9999.0 -9999.0 -9999.0 -9999.0 -9999.0 -9999.0 -9999.0 -9999.0 -9999.0 -9999.0 -9999.0 -9999.0 -9999.0 -9999.0 -9999.0 -9999.0 -9999.0 -9999.0
-9999.0 -9999.0 -9999.0 -782.706366 -788.447027 -794.102440 -799.385398 -808.892894 -818.355068 -827.464185 -831.572962 -832.598835 -833.711120 -834.375225 -829.155460 -821.438388 -814.032182 -806.847089 -804.740119 -802.460317 -800.129200 -799.634430 -801.063228 -804.427101 -807.763981 -811.240347 -812.544613 -821.248592 -832.969748 -842.218307 -845.034983 -840.297032 -835.672201 -833.203547 -826.861282 -815.738096 -804.655853 -796.092552 -784.358256 -779.207226 -773.913615 -770.203093 -774.010329 -777.222720 -780.385794 -784.313912 -795.298791 -9999.0 -9999.0 -9999.0 -9999.0 -9999.0 -9999.0 -9999.0 -9999.0 -9999.0
-820.014569 -800.930933 -797.910476 -809.193120 -814.005717 -817.481439 -819.918061 -825.489137 -834.733429 -840.415220 -846.273800 -848.103502 -848.397223 -848.635820 -844.562819 -834.872319 -826.931239 -822.293231 -820.181929 -818.014026 -817.801803 -818.392967 -818.897325 -821.923060 -825.424790 -828.920939 -830.702118 -830.749007 -838.541527 -843.813225 -847.064936 -848.086715 -845.691561 -843.429950 -840.704496 -830.741717 -822.299106 -813.892201 -799.720282 -787.317621 -782.012384 -784.203505 -789.041322 -792.189743 -797.815434 -806.959734 -817.125584 -827.600182 -834.682233 -839.669597 -844.399747 -837.904959 -831.696908 -820.905881 -810.192285 -797.959733
-837.517595 -817.958161 -815.457149 -827.048007 -836.051636 -840.262673 -840.528399 -838.723157 -842.895322 -848.030260 -852.060074 -844.807934 -843.909079 -842.981458 -840.003895 -836.444330 -834.825439 -832.132557 -827.038826 -818.157505 -815.834959 -815.518840 -815.521097 -817.460405 -820.682649 -822.471988 -825.310946 -830.735404 -831.485212 -830.904091 -830.719998 -825.149768 -823.696509 -822.477646 -830.045527 -826.829501 -820.468348 -813.526284 -806.173485 -798.897073 -793.612912 -796.455735 -797.488231 -805.256603 -818.567491 -829.683696 -838.012399 -840.382323 -842.958044 -850.219196 -862.142532 -854.975963 -838.776800 -834.013290 -830.032721 -817.590378
-846.779660 -835.236460 -832.732723 -838.330649 -837.783829 -836.612805 -835.363767 -837.434218 -840.923284 -842.406620 -829.124763 -819.798593 -818.617115 -815.982909 -812.914296 -814.744141 -827.991519 -831.038080 -822.395682 -811.958499 -806.154920 -806.367801 -806.631597 -808.035832 -809.168153 -809.793610 -812.441739 -811.061518 -808.328879 -807.263842 -801.783760 -796.104232 -793.358117 -802.790356 -812.264768 -812.023596 -804.293357 -796.387410 -788.911345 -777.471415 -765.055730 -766.295421 -771.774569 -780.015946 -792.996994 -816.123275 -836.069084 -846.016842 -851.797355 -858.198438 -859.108017 -860.490937 -849.755547 -847.671922 -845.886975 -836.627871
-843.920515 -823.006053 -814.866260 -821.742723 -828.392331 -832.784532 -832.653343 -832.668548 -829.085655 -815.263275 -801.556570 -786.178432 -784.203899 -782.071808 -782.583949 -793.190074 -803.761646 -808.648730 -793.160304 -777.681453 -769.692044 -768.982812 -768.014675 -758.973671 -761.730300 -765.158483 -771.406223 -768.814202 -765.353793 -752.843347 -745.574312 -739.159207 -741.308106 -753.066574 -763.769590 -765.886327 -764.461603 -763.175054 -757.397356 -746.535134 -735.636280 -740.121912 -747.301864 -757.322231 -786.360501 -814.645432 -831.388325 -829.523586 -828.235470 -832.202510 -834.856972 -838.405604 -846.407506 -846.366767 -846.390302 -846.715269
-796.255667 -778.194605 -761.859135 -768.806625 -778.332704 -790.767165 -790.904364 -787.389135 -779.238990 -766.163505 -747.400795 -723.383082 -720.127329 -716.428889 -711.798132 -722.576392 -734.734430 -747.277609 -732.482569 -723.489192 -714.533712 -710.822035 -698.430433 -688.163657 -693.913485 -703.459522 -713.032174 -706.580818 -691.639637 -676.931806 -671.352462 -668.694204 -667.681282 -676.912787 -681.672646 -684.784209 -684.950689 -689.405951 -687.078139 -675.117090 -658.812331 -657.579984 -668.722905 -691.115576 -725.986306 -761.345656 -784.512422 -780.181143 -786.021657 -791.247547 -795.382886 -809.636220 -821.324716 -821.162523 -830.633516 -836.898008
-751.798651 -734.582646 -717.100058 -721.054906 -733.484120 -746.097601 -746.226738 -738.021202 -729.790956 -711.748094 -687.794973 -663.386283 -650.782269 -642.821588 -634.188767 -641.108213 -650.011737 -659.321085 -655.513187 -642.724195 -630.683966 -618.946067 -606.721862 -594.706404 -600.511297 -609.797570 -611.859663 -608.261068 -592.509060 -578.763930 -573.791987 -571.206948 -565.759106 -570.525797 -578.365857 -587.265384 -595.972490 -603.575124 -608.703181 -593.983492 -579.260206 -580.450579 -603.712719 -626.403591 -657.834698 -692.630270 -726.973572 -733.250488 -732.674522 -733.682170 -749.257741 -764.413231 -784.352228 -795.994751 -804.529501 -820.146697
-662.223877 -641.708819 -623.495235 -618.218072 -633.073911 -637.352474 -632.892851 -622.618259 -618.341097 -607.316074 -580.298551 -545.308395 -517.562233 -490.949746 -486.725910 -499.203627 -510.760871 -527.163208 -535.622853 -522.766498 -509.999612 -496.507982 -481.716972 -466.118745 -454.248491 -453.933086 -453.518205 -450.611441 -447.232510 -440.234627 -430.285266 -418.518566 -404.286644 -397.587845 -411.513458 -427.759251 -445.410851 -460.918946 -466.017445 -469.920736 -463.135117 -462.759080 -483.439639 -512.159768 -541.676568 -576.187545 -606.022634 -627.525055 -626.106557 -639.682893 -655.798336 -677.514659 -714.912188 -735.076972 -751.907192 -782.812817
-570.329652 -542.691121 -527.072138 -510.621036 -511.054737 -508.680391 -506.597493 -501.345876 -496.330838 -487.764851 -446.635875 -388.814770 -309.746516 -202.121305 -158.759398 -201.438729 -261.586729 -307.916934 -339.265446 -342.452979 -307.121991 -229.194781 -123.752809 -89.647172 -79.850446 -79.367995 -78.496393 -77.121923 -74.522734 -72.853572 -68.715860 -62.890340 -53.878609 -42.857744 -46.450211 -61.099833 -71.834953 -85.675085 -95.938345 -114.547480 -157.317822 -177.004678 -200.291565 -300.263712 -368.754153 -425.148656 -473.073525 -501.907083 -523.481770 -541.369023 -559.459639 -599.029794 -637.253600 -670.167533 -698.668157 -727.236713
-453.452440 -408.593952 -353.984119 -310.354309 -290.334117 -283.893965 -273.368663 -242.689806 -186.985370 -120.594992 -86.363135 -48.483908 -8.130189 30.763484 40.757899 26.538497 6.153485 -11.838961 -24.165245 -26.424696 -14.080584 11.055998 45.992113 65.215065 72.882091 72.955438 73.170478 73.059187 73.592413 73.967523 73.957369 75.266300 77.808254 80.175124 80.821084 78.315118 74.728241 70.607285 67.020248 56.787573 41.684830 32.554209 22.349006 4.038927 -26.504029 -66.262627 -135.913944 -302.734029 -375.103606 -401.187150 -422.728736 -441.028720 -488.685835 -512.676058 -544.969211 -581.561115
-124.479436 -72.250339 -37.660838 -17.153341 -7.748546 -6.351377 -1.421307 12.015308 31.384877 55.016153 71.154477 76.635116 83.428697 90.354563 95.667808 93.984590 90.197043 84.994055 84.307353 84.538631 85.742297 89.022469 92.227818 96.937398 100.947324 102.104539 102.201815 101.295075 101.944995 102.075386 101.989312 101.545569 101.740073 102.966589 103.555463 103.537003 100.977720 97.161994 93.622799 91.487237 89.944344 88.490456 87.771869 86.255716 83.092963 74.782348 45.886634 -5.761480 -37.246908 -54.972246 -67.435744 -78.781784 -99.523646 -162.626518 -305.296653 -398.977133
40.395225 67.087755 77.023541 83.049343 86.692915 87.007104 88.603605 89.903110 93.785973 98.983871 103.613924 105.287671 107.548460 112.131943 119.526117 124.719615 126.103311 127.490056 129.362213 130.028678 128.471810 129.908179 130.705226 130.635775 133.300186 132.986833 133.502705 132.890509 133.982991 133.382481 134.391409 133.665623 132.405056 132.081731 131.754177 132.404389 130.498237 125.270590 113.792335 111.011268 109.624062 107.863670 105.485583 102.917668 101.054611 98.743389 93.150685 84.402026 76.870156 74.799445 73.778163 71.824226 65.619732 37.628245 -5.135256 -45.379276
92.223043 96.153156 99.948454 105.019609 108.028879 109.730109 111.443389 114.098741 123.057412 132.041952 133.756534 132.623643 132.752674 131.428646 131.839881 131.067964 131.807730 129.390117 130.186955 129.083583 125.161372 117.401346 119.076305 120.129114 122.038451 125.124804 123.230398 124.050157 126.477383 125.869920 121.306165 118.630479 117.215197 116.933069 123.432705 125.737755 126.791408 127.435382 127.698017 128.221967 128.761991 129.027209 128.755489 128.742462 124.878945 118.410611 110.882368 104.727497 97.957624 95.171321 94.725048 95.823797 94.721834 92.573605 86.331337 78.313191
117.769443 127.261372 135.790743 134.984875 134.098146 134.019774 134.092790 136.348217 134.955294 132.649081 128.489867 124.969204 123.924897 123.052403 120.710169 121.517967 119.675352 116.583642 114.497803 111.362218 109.276341 106.677938 106.759388 108.332790 109.167676 109.563262 109.552717 110.290917 111.301042 110.354047 108.847305 107.435614 106.877344 108.728011 109.755820 110.539512 110.541782 110.144170 109.939102 110.779603 110.390830 110.536662 111.964904 119.426467 125.903390 125.533904 125.838766 126.730995 127.626610 113.748951 107.973834 109.745968 108.723147 106.102491 101.594715 97.798857
127.444884 127.741147 125.430846 120.411715 115.270190 114.902070 118.383933 124.546459 126.445128 120.432723 113.799236 110.559483 109.102794 109.012388 108.503789 108.186021 108.532287 107.514004 107.030422 104.399052 103.176366 101.556730 100.409113 99.895022 100.990099 102.489693 103.760387 104.750900 103.416333 102.356548 100.602136 99.090707 99.673538 100.133992 101.954140 104.816814 104.676672 105.087538 104.382793 104.306714 103.101586 102.539944 103.558635 106.217462 108.619752 110.962846 112.261835 115.184155 120.279157 127.021925 127.260437 126.526126 126.221769 122.817915 113.279426 109.225213
115.056451 111.061237 110.248841 108.887525 107.597537 107.429883 108.495344 109.929381 109.366377 108.043077 106.037343 104.074880 102.189886 101.119776 101.397705 101.918745 102.244401 101.650479 99.284381 96.750345 95.361777 92.853950 92.289158 89.753636 87.059733 89.094380 93.636114 95.404352 91.328554 88.665609 84.580846 82.721770 82.321339 83.312202 86.974914 93.092613 98.121464 98.223765 96.260181 94.666336 94.093174 93.309864 94.381793 97.983321 101.349611 103.318326 104.356502 104.743287 106.298042 108.073476 110.067690 112.465205 116.309073 125.278739 125.006627 125.327962
108.275605 107.215556 106.303242 105.542931 104.806318 104.127243 103.591257 103.401036 102.238419 101.446010 100.409249 98.288353 95.302854 89.997420 87.725336 85.937200 86.448569 83.394673 81.737321 77.618423 74.839442 70.531840 60.417240 40.854208 22.741386 24.620379 46.514508 59.867009 41.561806 20.915547 -0.632017 -10.790661 -13.470015 -5.234677 21.429907 58.776170 74.284635 77.260957 75.433933 74.282350 73.976054 73.899298 74.866711 78.924459 84.817601 91.190527 94.904095 96.412771 97.600369 99.343694 101.899379 103.720675 105.361895 107.955465 111.447224 116.115724
104.533866 103.381527 102.374947 100.717623 98.504702 97.394312 98.135998 96.147897 94.816200 92.374114 77.399596 72.006545 52.570189 20.740168 -1.019601 -16.873991 -26.441091 -36.152262 -41.269266 -48.543752 -61.995733 -80.521506 -111.251922 -171.886992 -220.831718 -236.697632 -174.433245 -145.233415 -166.446666 -226.447649 -275.976776 -298.466629 -307.978084 -288.195827 -195.565497 -109.405901 -80.720743 -71.130487 -73.348269 -66.614006 -60.409918 -58.995800 -42.893712 -24.717137 6.912222 48.796775 73.069002 77.916655 81.350547 85.721828 90.695426 94.339463 96.860079 100.628462 104.600367 106.472319
99.945923 97.837300 95.143175 91.650755 86.559858 81.760792 81.661965 79.968698 76.374674 42.743352 -22.836926 -67.492539 -107.056881 -205.372047 -276.642898 -305.753812 -353.880550 -378.537418 -394.990601 -396.931253 -420.168296 -447.630473 -468.177567 -476.783224 -482.127804 -493.420394 -495.999757 -490.803754 -480.672185 -490.541009 -496.471209 -494.616559 -497.932875 -500.094964 -488.098464 -468.424831 -456.011218 -445.085371 -436.901963 -433.957115 -429.861319 -398.869672 -373.787663 -337.396117 -247.357788 -114.037937 -64.879673 -35.679535 -10.908669 25.929945 60.093316 73.856027 80.792284 88.003950 95.141271 98.058314
84.398422 78.460438 72.408873 51.309192 9.394763 -24.219049 -32.458418 -43.863937 -67.381046 -144.524850 -350.828729 -421.015517 -452.548487 -481.574914 -496.714253 -517.382989 -546.833876 -564.797737 -562.951635 -555.842744 -559.897905 -574.700932 -587.615933 -597.026247 -607.586716 -621.569079 -630.058407 -622.353831 -613.701180 -611.442326 -610.064527 -606.746416 -606.504481 -608.076105 -609.888288 -599.612979 -591.525394 -582.343526 -574.533890 -567.880323 -543.403975 -520.369448 -505.547970 -485.221072 -462.805162 -433.006488 -394.378140 -351.045405 -301.477901 -176.493340 -90.303044 -48.728089 -11.401238 39.149619 71.868326 80.189176
12.792281 -29.590590 -63.414642 -116.130281 -280.747148 -339.502619 -356.732431 -369.342983 -419.424930 -477.195831 -523.765756 -551.586194 -574.093358 -596.166932 -618.627688 -645.235463 -671.356123 -688.756342 -681.799338 -675.083042 -667.009625 -679.552770 -691.878590 -698.542731 -712.120144 -725.575701 -738.547965 -729.924500 -721.372670 -707.750931 -705.110300 -702.536538 -697.342578 -699.249075 -701.215167 -706.504212 -698.015040 -689.575529 -678.690381 -655.445553 -632.253894 -610.173390 -592.131960 -574.161724 -553.779442 -530.961125 -507.407222 -482.400734 -462.543766 -440.358475 -408.896576 -367.090878 -297.349580 -132.058232 -69.549334 -33.967848
-256.992640 -351.146743 -401.258264 -448.600618 -498.973402 -527.844455 -533.193967 -560.412237 -590.143887 -629.505989 -651.549207 -669.503802 -690.889659 -710.771513 -730.152429 -755.721449 -778.067699 -799.818030 -795.349963 -783.560640 -770.115549 -779.037258 -784.143517 -787.258161 -798.858627 -812.058094 -825.402044 -821.716898 -807.648455 -791.602141 -786.122186 -780.532210 -773.425173 -773.569339 -779.569690 -788.043440 -782.896978 -770.863229 -756.416431 -735.442312 -714.229251 -694.006314 -675.970151 -655.833189 -634.513527 -612.860864 -589.299772 -564.830088 -547.718834 -525.612087 -501.443079 -479.740621 -464.674717 -442.066121 -399.186449 -355.406826
-472.045435 -498.602231 -523.258639 -561.017109 -600.934710 -640.254915 -670.132162 -699.042967 -727.742255 -747.304220 -764.973480 -782.655331 -800.365469 -819.511447 -838.542558 -857.741953 -878.697267 -899.754432 -894.348911 -880.585073 -866.866234 -865.736847 -868.717019 -871.592557 -879.673175 -893.019905 -906.419414 -898.613954 -883.180823 -867.844864 -858.781945 -852.533297 -846.153367 -849.112890 -857.358283 -865.569942 -858.267856 -843.655471 -829.257171 -811.942391 -791.548298 -771.149502 -751.198000 -730.354071 -709.513167 -686.511987 -662.845155 -639.058444 -616.269461 -594.196430 -571.956214 -561.102571 -549.834796 -539.231762 -520.736027 -501.243165
-585.820403 -608.584327 -633.011199 -664.545342 -702.475900 -732.714602 -762.109621 -790.582644 -819.073099 -841.793579 -859.366699 -869.052018 -883.234217 -902.370004 -915.534862 -931.997490 -953.101313 -955.431507 -950.793227 -936.834157 -933.780574 -933.098682 -936.223136 -937.151276 -942.423579 -956.065592 -951.279557 -943.230997 -927.806165 -916.981629 -908.054208 -901.867556 -897.686164 -898.841248 -907.220114 -905.345605 -898.136059 -883.568000 -872.298388 -857.303438 -836.900835 -820.330799 -801.727850 -780.964095 -759.628935 -737.084918 -713.325992 -687.739560 -664.494489 -645.075635 -635.453029 -624.839280 -617.487174 -621.562375 -606.853389 -592.104304
