tests/Borden05m/data_simulated/sim_1/output-maps/psiliqL0027N0009.asc
ncols         160
nrows         34
xllcorner     620200.000000
yllcorner     5168000.000000
cellsize      0.500000
NODATA_value  -9999.0
[rows 0 to 24 of 34, columns 55 to 109 of 160]
-9999.0 -9999.0 -9999.0 -9999.0 -9999.0 -9999.0 -9999.0 -9999.0 -9999.0 -9999.0 -9999.0 -9999.0 -9999.0 -9999.0 -9999.0 -9999.0 -9999.0 -9999.0 -9999.0 -9999.0 -9999.0 -9999.0 -9999.0 -9999.0 -9999.0 -9999.0 -9999.0 -9999.0 -9999.0 -9999.0 -9999.0 -9999.0 -9999.0 -9999.0 -9999.0 -9999.0 -9999.0 -9999.0 -9999.0 -9999.0 -9999.0 -9999.0 -9999.0 -9999.0 -9999.0 -9999.0 -9999.0 -9999.0 -9999.0 -9999.0 -9999.0 -9999.0 -9999.0 -9999.0 -9999.0
-9999.0 -9999.0 -9999.0 -9999.0 3597.897468 3592.606949 3587.866182 3583.370800 3574.869836 3565.534788 3557.698534 3553.477329 3552.268425 3551.394375 3550.707408 3555.494564 3563.500299 3571.054991 3577.852772 3580.211657 3582.497836 3584.270032 3584.433078 3583.253265 3579.968211 3576.572462 3573.142501 3571.391879 3564.069946 3552.945947 3544.663188 3541.969054 3546.115094 3550.436985 3552.887667 3558.003534 3568.348740 3578.922741 3587.500796 3600.115222 3607.223795 3612.588840 3615.152140 3611.182653 3607.946774 3603.974795 3597.763026 3586.668769 -9999.0 -9999.0 -9999.0 -9999.0 -9999.0 -9999.0 -9999.0
3542.809990 3561.142755 3582.144489 3585.219692 3573.466511 3568.355837 3565.203057 3563.536994 3559.307440 3550.793290 3545.646885 3540.112771 3537.350002 3537.290000 3537.089403 3540.644316 3551.376095 3559.079820 3563.548524 3566.123046 3568.917674 3567.176230 3566.310076 3566.027498 3563.065377 3559.518213 3556.083818 3554.179173 3555.682357 3548.060831 3542.001706 3538.047315 3534.973572 3537.720874 3540.429540 3545.103038 3554.235172 3562.111691 3570.067335 3585.313755 3598.563812 3604.307343 3601.779820 3597.248984 3593.459179 3586.015565 3575.229260 3565.288059 3557.336039 3551.348433 3546.053834 3539.632925 3546.144712 3554.177363 3563.508930
3525.977690 3545.085283 3565.488302 3567.975167 3557.708480 3549.986813 3542.957046 3543.448917 3546.965295 3543.697773 3538.800026 3530.715324 3540.777721 3541.666977 3542.237121 3545.314872 3546.996126 3552.180420 3554.478563 3559.719193 3568.603026 3571.332930 3571.675178 3571.629172 3569.552774 3566.210279 3564.161054 3561.292366 3555.947978 3554.044971 3553.601274 3552.200181 3556.192666 3557.704120 3560.705078 3555.312488 3559.809100 3566.071768 3573.059136 3578.509394 3584.625492 3587.061503 3583.801587 3584.551722 3576.268389 3562.694674 3553.010332 3545.704652 3546.183912 3543.331141 3535.482874 3521.766911 3530.258876 3546.504400 3551.386108
3530.254533 3539.061511 3549.431681 3551.812688 3546.707338 3548.919975 3550.643537 3551.741902 3549.773233 3546.098603 3541.430093 3551.573068 3559.670546 3560.907032 3563.179964 3567.038719 3567.900510 3557.028462 3554.932947 3562.021085 3571.518000 3576.516400 3576.595716 3576.109172 3572.204971 3570.945165 3570.670667 3568.830529 3568.142854 3569.564384 3566.883736 3569.647995 3575.073863 3578.406809 3573.400545 3565.059761 3567.432157 3575.957114 3585.173775 3592.800492 3602.946357 3613.702398 3614.126897 3609.754446 3601.355681 3589.073827 3566.786683 3549.526838 3538.642059 3530.669990 3523.493408 3526.815312 3522.084094 3536.212499 3538.115622
3514.928640 3535.816833 3555.658446 3561.250877 3555.155579 3551.445372 3550.242497 3550.768841 3549.604708 3549.745458 3558.038921 3569.539620 3580.353500 3582.160931 3583.799038 3582.343895 3574.865765 3564.473568 3561.811882 3574.848836 3591.515627 3599.246529 3598.572673 3593.865473 3596.582369 3596.771564 3597.412931 3594.143750 3594.713307 3591.940748 3596.954914 3604.610699 3612.628667 3611.299285 3598.883345 3586.484768 3586.550779 3592.247604 3599.514923 3607.223024 3617.384791 3626.479279 3621.743982 3616.816241 3609.739446 3584.460422 3562.292199 3548.309859 3548.759402 3549.678180 3545.400104 3543.589031 3543.002562 3539.262261 3539.656681
3550.260086 3569.196117 3589.315096 3601.932599 3595.647948 3588.157143 3579.791474 3579.868383 3579.956172 3585.499859 3595.535287 3607.770022 3629.166657 3628.253512 3628.383872 3626.658735 3613.559820 3600.228225 3590.316737 3612.675523 3623.723894 3630.696405 3627.706504 3632.369140 3640.856648 3637.333150 3631.162696 3618.937648 3624.457926 3630.475256 3645.603248 3653.619156 3659.009017 3654.163466 3640.052001 3633.212817 3634.993667 3641.819574 3643.319016 3652.324170 3660.984538 3675.915758 3674.556589 3671.752523 3652.140971 3615.198828 3586.373435 3574.480328 3586.406431 3580.930337 3574.647036 3574.923312 3564.209270 3557.423127 3560.287690
3581.144778 3594.163163 3610.155244 3626.482693 3617.229060 3607.066157 3590.272514 3586.880195 3590.720825 3600.824195 3618.141770 3635.655796 3655.204658 3653.089684 3645.719364 3655.332880 3648.285384 3637.308626 3629.832542 3652.038444 3661.955367 3672.038131 3677.423307 3690.042149 3700.372770 3683.303711 3665.836116 3655.009513 3662.168490 3688.219916 3711.034957 3715.817592 3714.714943 3713.884101 3698.082980 3693.387878 3690.242920 3691.027374 3688.657930 3686.969177 3712.874844 3734.825019 3734.727983 3713.337521 3690.709085 3650.853892 3613.103658 3589.397866 3603.447714 3600.076954 3603.746745 3594.072449 3582.700632 3576.331234 3574.450125
3629.599495 3650.600995 3666.668923 3688.576286 3678.709541 3655.148889 3638.494628 3640.896683 3654.492067 3662.618780 3681.326560 3697.894441 3723.277259 3734.696839 3745.335793 3749.270022 3742.316032 3733.801024 3721.872376 3727.697201 3752.152871 3763.775846 3771.933590 3780.156191 3792.828151 3792.796153 3785.534228 3783.586594 3788.055868 3802.060765 3816.977951 3823.743774 3826.627426 3829.014298 3815.032714 3801.906070 3800.236843 3795.031981 3794.223591 3793.576745 3805.739281 3827.036909 3823.717092 3786.323119 3759.443129 3724.090664 3685.526616 3656.278437 3650.974356 3671.001961 3669.529509 3653.471857 3643.698646 3618.445325 3614.227149
3697.805498 3730.635365 3754.813869 3764.771416 3771.795956 3756.265555 3753.919731 3758.135218 3766.643552 3769.663909 3776.030659 3808.495685 3842.287584 3867.030656 3889.749451 3896.848644 3884.384990 3874.606143 3860.949638 3852.201144 3863.841032 3881.388902 3899.181326 3914.078056 3925.441177 3927.399638 3925.788197 3925.831733 3929.051181 3932.067616 3936.513047 3945.219610 3952.925077 3961.489604 3969.275515 3958.429499 3941.390612 3932.361695 3923.721160 3923.269606 3924.885821 3929.190919 3930.330981 3912.748846 3869.694027 3837.669726 3805.397071 3786.451551 3773.771353 3774.590767 3756.403892 3731.811602 3679.848132 3642.686243 3611.629109
3782.795798 3827.428380 3856.751015 3873.458391 3886.057674 3882.612314 3884.481736 3885.430839 3889.039846 3891.212666 3893.602538 3920.926795 3963.133395 4002.953068 4034.521993 4034.058099 4019.897048 4008.466210 3999.473066 3984.713307 3980.725277 3993.891491 4009.803710 4030.598243 4040.979686 4046.747911 4043.183154 4043.390970 4045.349634 4047.744046 4049.941290 4053.778791 4063.750499 4079.231220 4094.129111 4093.062709 4073.458866 4055.333721 4039.385824 4037.348566 4035.217237 4030.327021 4032.860788 4034.810528 4017.955204 3985.837337 3945.362121 3904.923550 3888.943125 3874.210923 3863.367939 3846.170148 3804.006043 3735.675755 3695.262451
3898.451416 3933.577845 3962.835882 3993.339097 4007.957426 4009.731730 4006.950312 4005.527743 4012.603438 4015.037998 4020.301781 4036.988902 4070.297667 4106.762433 4137.011338 4152.334457 4144.091817 4125.477796 4102.639466 4092.262387 4089.155406 4092.989460 4102.907007 4116.418905 4136.519245 4156.465709 4162.317697 4163.226190 4160.509211 4162.995227 4164.630620 4164.762652 4167.937398 4176.953328 4187.230090 4190.718014 4182.523690 4160.728595 4136.701850 4125.599356 4119.279001 4115.938858 4117.247055 4122.813322 4126.401393 4111.078294 4074.362249 4028.782433 3998.913033 3984.278852 3971.623993 3957.293183 3944.471193 3909.797167 3888.232319
4008.503599 4024.144921 4052.988270 4082.312711 4104.968246 4119.600237 4119.641740 4122.432612 4127.277868 4134.387427 4149.513477 4173.564944 4193.451942 4217.030473 4244.524987 4261.408071 4266.648692 4264.709719 4260.241030 4261.358850 4261.744866 4193.121033 4199.906125 4206.677488 4225.349697 4241.932010 4247.980329 4248.676881 4245.897780 4247.855264 4248.691201 4248.549142 4248.172004 4250.862070 4256.407519 4258.526969 4255.906793 4242.311939 4262.913799 4242.338895 4228.569679 4220.192849 4211.804587 4203.522721 4194.022445 4183.982378 4163.195845 4131.494545 4096.671250 4075.673874 4068.016757 4061.786619 4052.871366 4046.947058 4029.458148
4107.725996 4118.338346 4137.079768 4160.388439 4195.524998 4219.769893 4231.421838 4240.938377 4245.660226 4259.949538 4277.201770 4259.492899 4268.596566 4278.017176 4287.377546 4290.591977 4291.512343 4291.087661 4288.661259 4287.812315 4285.264490 4281.957337 4271.317466 4272.946304 4274.967655 4277.611736 4281.385682 4280.313425 4281.456244 4284.421417 4282.615106 4276.468777 4272.303986 4270.725721 4271.811527 4279.311070 4282.865178 4283.853096 4280.104367 4279.124930 4278.033380 4274.306913 4269.654491 4263.095946 4254.706275 4271.343235 4258.885630 4229.934500 4188.329180 4145.912870 4138.956492 4141.458045 4141.141375 4139.668379 4133.979661
4236.147671 4250.230058 4265.424458 4240.181706 4264.661384 4277.189126 4283.046880 4287.437266 4290.336835 4293.806998 4290.829456 4287.879937 4282.944035 4281.317831 4279.944963 4277.485808 4278.108438 4276.219543 4272.112439 4267.969654 4259.738768 4248.003309 4236.822866 4233.085876 4237.348615 4243.075255 4248.372617 4253.033118 4256.831179 4256.669014 4251.063480 4242.506901 4234.851060 4233.225915 4240.191640 4245.985841 4252.735434 4253.649218 4252.249399 4249.671405 4249.347882 4245.933827 4246.097748 4253.302553 4268.362564 4270.634558 4277.101604 4276.180639 4257.939207 4224.907810 4239.350855 4219.213550 4225.565322 4220.887448 4209.430052
4281.885831 4284.922090 4283.135401 4282.140893 4275.670264 4269.549310 4268.749380 4272.793675 4279.887251 4280.908820 4273.811208 4265.139134 4257.817195 4250.237501 4247.826375 4247.351923 4247.145098 4247.697603 4242.372836 4232.778991 4215.429554 4203.800208 4192.718685 4186.767887 4182.673737 4185.899838 4197.401911 4210.023086 4215.145496 4205.419996 4196.767752 4184.719781 4176.613657 4177.091678 4177.943750 4187.566067 4204.933206 4212.972539 4213.795868 4207.100368 4200.289863 4193.504108 4190.277206 4196.691118 4212.144951 4229.262603 4245.288695 4254.663757 4262.508733 4269.780969 4267.386409 4270.390070 4272.042837 4269.709352 4273.377780
4276.476478 4269.401747 4262.330921 4256.963458 4250.512145 4245.243111 4243.367811 4245.149439 4246.927632 4242.680316 4236.307578 4226.282892 4215.176070 4205.422274 4197.545979 4198.586124 4200.964237 4202.727195 4195.265828 4179.690276 4161.722991 4148.171579 4134.258382 4130.311279 4124.238767 4116.037056 4126.106221 4146.294430 4153.876486 4137.348690 4126.274448 4110.879071 4104.392865 4100.245092 4100.916696 4109.801561 4132.785947 4157.709336 4159.955535 4148.802804 4137.713012 4133.014708 4129.733171 4134.133371 4150.756924 4171.842090 4188.253377 4198.912201 4204.266218 4212.068576 4221.510629 4236.176243 4251.332926 4263.959847 4268.117599
4251.081891 4243.299225 4235.613392 4227.951743 4221.040239 4214.811273 4210.487580 4208.524473 4204.365805 4198.208565 4191.139958 4169.480185 4156.947068 4143.837414 4128.682577 4124.695256 4119.606827 4120.589219 4109.005439 4101.334221 4085.128284 4069.768549 4054.131002 4040.340167 4034.620792 4027.791715 4025.229230 4038.431890 4046.789663 4037.840917 4028.230900 4017.898475 4013.623355 4010.256916 4012.838297 4023.337358 4042.552118 4060.877822 4069.570367 4062.348675 4061.666184 4062.081149 4060.499542 4066.971574 4077.320229 4095.095031 4117.818509 4137.308998 4147.354252 4154.170488 4163.320598 4177.834506 4192.067689 4206.572723 4224.818983
4220.479291 4211.124006 4201.163646 4191.384694 4180.847322 4170.249948 4163.659441 4166.488165 4160.512445 4154.957379 4131.125910 4074.647674 4053.051706 4033.930106 4017.527662 4010.634998 4002.032227 3984.665047 3976.069136 3971.897931 3975.419603 3961.681249 3944.188831 3926.282261 3921.450933 3918.023061 3899.399742 3893.386008 3893.538556 3911.682802 3905.839045 3905.295366 3907.845537 3905.498521 3906.512725 3919.159526 3926.257340 3931.023553 3937.917894 3943.736003 3954.934616 3963.365044 3974.619695 3992.027091 4002.567201 4017.580460 4037.783357 4063.781563 4079.619832 4089.139065 4099.462553 4114.722576 4130.852526 4148.681909 4171.145275
4185.689240 4168.759349 4154.035210 4139.669418 4126.944528 4114.064936 4097.846240 4099.865534 4097.907248 4087.359893 4030.436657 3989.905625 3955.852505 3938.835580 3914.991242 3901.143887 3883.989680 3843.745157 3825.874471 3826.362425 3842.853266 3840.394456 3825.439265 3813.965384 3804.408951 3794.666671 3776.218795 3755.903207 3762.229056 3781.756475 3783.621315 3787.822835 3796.347094 3796.056417 3788.815611 3784.758803 3796.404760 3801.440921 3812.860434 3831.544151 3836.564012 3854.203948 3889.158340 3901.831685 3916.776557 3934.802997 3954.887423 3976.783497 3999.615601 4013.699924 4028.870803 4047.164890 4063.721921 4083.885311 4106.278022
4134.285732 4102.761741 4081.464068 4064.015261 4044.663333 4016.828153 3996.921751 3994.726097 3988.715450 3958.161952 3904.952862 3870.167222 3847.886213 3826.281657 3803.585457 3779.152724 3740.262411 3705.139011 3683.208029 3700.819497 3712.884633 3726.434006 3715.593999 3705.280221 3695.896231 3677.245131 3660.238585 3643.055048 3654.545794 3663.263325 3684.114925 3691.617081 3695.613876 3702.087416 3700.568040 3688.663716 3681.719763 3689.563907 3699.257993 3711.401631 3734.211904 3770.629396 3795.271768 3813.485334 3833.694207 3851.867727 3872.704394 3895.200516 3917.852312 3934.667283 3952.642039 3970.709748 3991.247971 4009.832287 4032.108680
4052.502918 4024.414291 3998.346529 3975.305596 3942.966484 3895.583313 3881.393416 3872.517869 3849.288403 3800.155564 3758.812610 3740.591607 3729.675651 3707.035860 3686.858591 3657.838497 3623.783919 3603.283635 3582.977992 3594.312449 3605.519691 3627.429974 3619.487115 3613.664590 3611.443421 3596.186567 3583.158176 3566.462366 3572.617612 3585.246852 3609.904692 3616.278583 3620.572103 3630.417866 3629.701260 3624.590384 3605.368645 3611.618605 3622.311729 3636.978059 3668.456781 3690.458502 3712.353091 3733.835784 3752.662584 3773.589876 3795.105617 3817.445863 3843.473651 3862.555084 3881.043325 3902.057730 3920.559068 3933.836874 3948.896340
3943.243235 3919.891172 3901.168155 3877.364510 3833.757315 3790.090709 3748.384901 3720.162385 3665.822222 3631.095244 3613.672162 3615.974911 3605.528596 3587.138241 3569.489691 3551.326548 3530.928657 3513.551369 3488.941626 3495.220269 3512.176845 3530.263214 3533.281559 3535.447203 3534.643383 3526.011883 3512.826942 3499.342130 3503.202467 3520.745366 3539.010906 3549.607692 3557.545594 3565.295015 3564.847391 3554.615980 3544.031173 3548.326424 3563.566218 3579.253201 3595.681409 3615.389020 3635.305718 3654.960000 3676.655524 3698.354759 3720.291481 3744.172771 3770.101923 3790.771366 3813.598880 3837.126153 3852.421097 3859.865837 3865.923054
3840.543622 3822.449048 3800.079010 3772.911735 3731.276327 3692.588791 3652.643305 3604.537916 3572.270405 3545.063676 3541.143649 3527.633774 3516.525465 3504.082991 3485.209882 3470.620259 3457.744719 3437.639981 3429.923783 3438.269752 3452.364567 3460.423589 3468.474418 3467.013891 3465.261570 3460.370517 3446.679007 3443.825904 3454.237831 3469.425082 3482.882968 3494.695125 3501.562363 3506.371688 3503.087172 3493.494609 3490.820111 3498.668301 3513.692430 3526.350715 3539.898672 3559.420935 3578.128431 3598.471588 3619.639166 3640.283964 3663.346641 3687.133058 3711.894426 3738.015383 3759.020895 3775.873730 3783.033046 3790.945829 3788.154236
3717.384713 3707.710910 3682.751695 3655.151105 3627.523511 3596.538147 3574.542221 3544.972706 3516.658300 3489.442904 3465.058334 3455.190007 3451.231040 3440.364460 3425.351977 3415.975390 3401.955577 3394.445550 3402.613770 3404.183355 3412.140029 3410.135556 3411.634362 3409.775844 3409.681633 3408.251238 3403.318538 3416.307453 3422.670578 3435.773946 3445.573299 3455.253024 3460.801385 3464.063700 3465.228528 3461.198254 3467.188487 3472.580903 3485.471239 3495.771418 3508.062365 3526.717740 3542.238649 3559.607241 3580.245446 3601.578303 3623.673181 3647.648640 3674.018173 3696.915461 3712.678730 3717.355393 3724.654540 3723.752750 3710.150445
