tests/Borden05m/data_simulated/sim_1/output-maps/psiliqL0006N0016.asc
ncols         160
nrows         34
xllcorner     620200.000000
yllcorner     5168000.000000
cellsize      0.500000
NODATA_value  -9999.0
[rows 0 to 24 of 34, columns 56 to 111 of 160]
-9999.0 -9999.0 -9999.0 -9999.0 -9999.0 -9999.0 -9999.0 -9999.0 -9999.0 -9999.0 -9999.0 -9999.0 -9999.0 -9999.0 -9999.0 -9999.0 -9999.0 -9999.0 -9999.0 -9999.0 -9999.0 -9999.0 -9999.0 -9999.0 -9999.0 -9999.0 -9999.0 -9999.0 -9999.0 -9999.0 -9999.0 -9999.0 -9999.0 -9999.0 -9999.0 -9999.0 -9999.0 -9999.0 -9999.0 -9999.0 -9999.0 -9999.0 -9999.0 -9999.0 -9999.0 -9999.0 -9999.0 -9999.0 -9999.0 -9999.0 -9999.0 -9999.0 -9999.0 -9999.0 -9999.0 -9999.0
-9999.0 -9999.0 -9999.0 -568.185267 -573.960690 -579.663714 -585.031386 -594.581466 -604.177924 -613.294826 -617.496134 -618.566258 -619.625973 -620.174756 -614.869050 -606.958749 -599.343058 -592.038190 -589.749995 -587.358972 -584.995496 -584.483757 -585.900495 -589.293983 -592.701521 -596.238183 -597.711874 -606.423587 -618.226507 -627.510955 -630.370018 -625.715317 -621.060259 -618.458884 -612.051173 -600.786922 -589.493483 -580.632333 -568.611216 -563.106315 -557.709358 -554.111434 -558.044650 -561.451886 -564.894114 -569.236250 -580.356486 -9999.0 -9999.0 -9999.0 -9999.0 -9999.0 -9999.0 -9999.0 -9999.0 -9999.0
-606.155563 -586.703024 -583.484351 -594.510543 -599.448915 -603.002252 -605.497043 -611.070303 -620.303086 -626.061818 -631.865762 -633.673935 -633.903582 -634.030335 -629.862173 -620.058130 -612.026601 -607.243846 -604.937265 -602.587534 -602.358609 -602.904939 -603.402244 -606.440939 -609.989758 -613.523241 -615.383100 -615.551870 -623.380476 -628.761806 -632.041968 -633.066257 -630.606564 -628.278619 -625.379645 -615.377638 -606.749386 -598.115864 -583.701919 -571.102874 -565.673174 -567.904942 -572.867959 -576.315850 -582.348756 -591.874291 -602.336926 -613.119460 -620.392250 -625.617576 -630.503789 -624.081931 -617.588690 -606.793013 -596.038874 -583.621262
-623.377608 -603.593752 -600.903550 -612.290103 -621.208708 -625.576797 -625.841322 -624.075605 -628.217500 -633.279202 -637.302113 -629.902572 -628.864450 -627.834931 -624.747648 -621.212481 -619.370910 -616.608827 -611.327876 -602.307778 -599.785090 -599.379948 -599.352590 -601.293284 -604.536201 -606.396301 -609.286616 -614.669501 -615.516673 -614.992063 -614.794664 -609.275829 -607.757128 -606.562356 -613.958152 -610.629629 -604.110395 -596.949463 -589.438974 -581.980294 -576.722558 -579.650557 -580.869129 -589.001544 -602.715277 -614.235637 -622.940553 -625.596472 -628.508037 -635.965084 -647.841667 -640.746457 -624.740708 -619.789542 -615.677459 -603.220526
-632.128002 -620.246193 -617.507541 -623.026340 -622.536869 -621.421616 -620.190046 -622.162863 -625.508379 -626.860248 -613.577151 -603.966249 -602.485888 -599.700377 -596.521636 -598.287747 -611.384682 -614.342412 -605.538402 -594.794661 -588.744003 -588.749531 -588.889760 -590.282488 -591.422089 -592.084521 -594.734837 -593.416279 -590.605259 -589.452026 -583.871353 -577.991380 -575.232125 -584.657798 -594.341439 -594.065161 -586.218385 -578.082606 -570.333893 -558.631803 -546.090079 -547.414785 -553.297838 -562.242529 -576.143315 -600.015663 -620.353150 -630.668700 -636.798753 -643.424439 -644.375801 -645.948811 -635.281415 -633.166033 -631.265425 -622.092923
-628.434316 -607.140434 -598.739895 -605.455711 -612.004462 -616.288475 -616.086079 -615.976001 -612.248216 -598.224221 -583.808137 -567.762876 -565.171978 -562.646315 -563.018380 -573.739541 -584.723691 -589.643367 -573.775459 -557.515445 -548.866240 -547.733944 -546.471092 -537.177428 -539.745625 -543.173222 -549.445066 -546.647428 -542.796431 -529.708929 -521.669550 -514.667554 -516.778324 -529.315489 -540.834956 -543.258828 -541.783377 -540.300914 -534.220186 -522.779962 -511.371124 -516.308828 -524.577390 -536.113426 -566.894422 -596.499114 -614.140720 -612.922351 -612.085257 -616.404602 -619.367091 -623.131933 -631.052027 -631.206727 -631.428770 -631.702039
-579.074890 -559.741493 -542.670292 -549.334669 -558.970416 -571.384094 -571.366349 -567.524487 -558.672808 -544.297154 -523.640938 -496.836808 -491.630198 -486.430350 -481.071653 -492.900017 -506.487763 -519.918207 -503.876436 -493.105938 -482.247142 -476.858533 -462.115175 -449.364602 -455.269231 -465.821060 -476.151946 -468.479063 -450.788577 -432.310786 -424.372121 -420.203780 -418.845094 -430.323542 -437.247197 -442.050688 -443.423806 -449.222230 -446.888186 -432.901711 -413.687879 -413.557133 -429.339371 -457.839159 -498.831497 -538.244542 -563.531955 -560.019673 -566.610164 -572.641619 -577.438175 -592.328524 -604.511361 -604.874506 -614.611966 -621.020689
-528.429209 -508.326097 -487.975148 -491.093986 -504.044621 -517.234220 -516.812162 -507.138146 -496.664091 -474.533935 -443.295672 -408.676805 -388.134951 -374.602302 -361.991571 -371.000035 -383.886791 -396.983764 -391.649929 -373.887743 -355.422166 -336.919495 -317.313760 -299.239929 -305.822683 -317.979559 -320.772455 -314.189347 -290.925267 -270.760886 -262.644350 -258.366704 -252.260055 -258.894700 -269.535943 -282.410916 -295.557078 -307.569056 -315.075097 -295.710255 -276.999460 -280.891933 -315.471857 -352.362475 -400.096621 -448.664833 -491.674614 -501.486127 -503.423384 -506.655504 -524.651852 -542.261210 -563.857785 -576.548030 -586.188098 -602.366922
-414.674287 -383.178546 -354.550757 -344.824765 -362.058883 -366.824298 -359.363149 -343.499553 -333.896385 -312.983549 -270.808117 -224.732873 -192.893124 -168.226093 -163.196602 -171.937827 -181.805579 -196.980909 -203.844520 -189.556519 -175.894126 -163.370691 -151.923151 -140.900530 -134.173210 -135.220108 -135.251747 -132.636148 -128.505058 -122.306103 -115.945031 -109.875783 -103.396675 -102.238320 -110.768603 -119.311401 -129.184461 -138.209068 -141.257929 -142.549005 -136.437911 -137.733967 -157.321940 -184.823561 -220.047689 -266.199330 -313.575638 -349.342766 -354.529925 -377.281180 -403.458861 -435.365660 -481.464298 -506.288226 -526.567033 -560.040570
-259.625314 -221.353671 -199.980372 -181.928945 -181.089726 -177.523309 -173.502946 -166.821884 -161.124518 -153.208330 -122.751462 -88.709577 -57.670391 -32.674536 -23.068304 -31.683099 -40.991873 -51.906978 -61.274304 -60.529890 -48.126180 -33.007917 -18.351502 -8.628668 -5.188307 -6.669485 -6.517965 -5.300965 -2.329877 -0.137994 4.180569 10.548346 20.610188 32.641511 29.430394 13.442520 0.141235 -15.672339 -23.493033 -26.925410 -31.869121 -32.631469 -34.713980 -58.622683 -84.225676 -114.855855 -146.660567 -170.106291 -191.955722 -215.930726 -243.460288 -300.067652 -359.311128 -408.342246 -448.576068 -486.674547
-125.405154 -96.364667 -70.741739 -55.356333 -49.514234 -46.388869 -41.968078 -34.562354 -28.216768 -19.728187 -1.294062 32.363115 68.715380 100.778971 108.179405 100.655164 91.913068 79.866029 71.721846 70.425394 75.668546 83.895656 96.668598 107.528195 118.272523 118.688903 118.965603 118.516710 120.274463 121.865013 122.604851 127.826872 137.544873 146.621269 148.572818 138.470811 122.048117 102.810840 88.805359 78.616729 71.469862 70.044252 70.100394 67.898914 47.244497 15.089613 -26.541163 -55.885500 -78.754002 -93.057535 -108.789991 -126.287307 -165.886537 -190.210875 -226.542105 -273.236695
-17.968251 9.434527 37.734045 57.710284 68.670543 72.344692 79.514852 89.927220 98.614358 110.706394 126.359552 145.763845 174.199956 210.565184 230.097946 222.040785 218.182577 196.132630 193.812009 202.434594 204.810513 209.655042 214.520227 226.809772 240.013286 244.671050 245.317676 242.856016 244.737580 245.341555 245.432057 245.344382 247.691407 253.000933 254.955261 251.854757 238.661010 218.323807 189.866556 175.615103 169.116644 165.075468 164.129545 161.764402 151.693733 126.254214 89.519047 53.853682 28.035086 9.381469 -4.493171 -14.611642 -25.049177 -39.967625 -66.145870 -104.434404
87.524973 110.967360 133.854022 159.510177 177.480528 185.397994 201.073232 214.231899 226.265360 241.549393 256.944690 267.847284 281.629748 301.931318 312.154112 316.967233 319.050446 318.137249 320.252969 321.721914 317.125636 318.205554 319.077581 320.134758 323.695912 324.201085 324.182032 323.830547 324.504233 324.511013 324.997589 324.740411 323.228008 323.654860 323.717565 323.399223 320.062409 313.382943 296.069540 283.980845 276.750664 269.558331 261.137907 252.093405 242.681019 226.917111 191.165107 155.304464 123.226351 105.396788 96.071067 89.440997 83.784862 69.459794 48.662104 21.991900
207.916311 222.524265 233.598591 262.438158 278.761409 285.605896 298.905237 305.641430 316.314013 327.139799 328.260842 328.958170 329.710167 331.127507 331.466363 331.866274 331.640516 329.640764 329.334744 327.886484 321.835168 313.006916 314.106932 315.097945 317.147943 320.081364 317.460753 318.838969 321.009729 320.777142 316.033353 313.041959 311.466877 311.558518 318.208935 320.991133 321.526842 321.528986 320.547716 319.940973 319.614011 319.378839 319.030743 318.838205 315.440269 306.348045 284.518325 255.779717 223.501134 194.760142 183.033491 182.140009 177.517647 169.381009 146.641938 118.773744
307.596055 319.037775 325.701829 328.957487 330.352351 330.581346 333.145096 335.779675 335.272600 331.941246 328.434812 323.298511 321.828135 319.247563 316.827464 318.820382 317.253558 313.501773 309.973236 303.268433 289.576050 277.964793 275.536375 279.891048 283.935901 286.421656 282.265989 290.185239 286.860860 289.138855 283.044715 276.840269 274.823900 280.858321 286.117028 290.479454 291.008721 289.603971 288.040546 288.536080 287.071529 288.482399 295.674334 310.070132 318.281194 318.906632 318.559591 316.971498 313.564088 293.237684 273.487824 275.191797 270.313722 256.836919 224.685204 197.691095
325.974515 325.810299 323.257581 317.572600 312.225832 311.540270 315.045179 320.746587 322.817914 315.112498 307.599707 298.489689 289.907439 279.609593 277.557926 284.497767 285.697531 280.433358 272.661543 254.337652 231.829236 216.713522 209.129859 207.506617 212.556372 220.269684 226.049332 231.079082 225.136848 220.410706 211.643209 204.253902 204.523056 207.413539 215.749084 227.448884 230.105806 230.787413 226.932478 224.253269 220.006318 220.698519 232.294398 258.276793 274.785031 287.682388 296.003849 304.843520 311.202689 317.492920 317.437045 317.535144 317.319784 312.953318 297.383150 277.839329
310.631633 303.209218 296.680015 289.166051 283.070943 281.167329 282.702448 280.056423 282.092906 269.551449 263.433224 242.083580 227.596508 218.357695 218.023224 221.704724 222.504075 216.386081 201.844534 182.750322 165.259690 149.247791 144.117874 139.299619 136.626897 146.606062 160.999379 166.276691 154.632335 146.327970 133.725043 126.568189 124.246470 126.047188 135.152283 152.575970 168.479938 169.256261 160.934931 153.159699 149.636165 149.338872 159.751819 182.981716 204.238541 219.890801 232.916861 249.349595 260.589931 270.637017 281.705379 294.437962 306.274034 317.112622 318.089631 317.639410
278.912387 264.047769 249.379903 239.654794 232.471188 227.580269 224.378115 220.550599 215.388640 206.907214 196.229076 180.762694 167.109754 152.849676 149.143113 147.326919 149.157706 138.095944 126.258904 106.039633 89.553311 73.534867 64.574423 58.699190 53.284578 60.123970 75.743757 84.650805 69.894726 60.151297 47.235567 40.917833 37.898342 39.121155 48.273409 70.336454 88.183276 94.045348 86.283309 79.950290 77.426107 77.788333 84.588610 102.371849 123.919634 144.846429 161.359176 174.515086 184.805889 196.439715 212.100244 229.558561 253.454313 272.362420 291.228887 306.297217
223.980384 211.179234 198.710450 186.825567 175.685935 169.318075 169.259582 161.994793 155.534107 144.268244 103.690825 87.143722 69.807948 55.344804 50.322883 43.610842 39.702174 30.369770 22.844396 11.784313 -3.768269 -20.022449 -34.239107 -38.925677 -42.990175 -47.574405 -38.896542 -34.909372 -36.633113 -43.528860 -50.413309 -53.894397 -56.242657 -52.800114 -40.584330 -28.718764 -17.768146 -12.564637 -16.885669 -11.654789 -5.964569 -4.647512 10.407805 24.822723 42.951802 64.429915 87.044216 100.143616 110.513954 122.381681 139.057383 158.061386 179.442001 204.351564 231.798202 257.488615
171.786753 157.834030 143.287167 130.430360 118.021599 106.370793 106.538441 102.509293 95.781023 63.224142 22.929187 -6.492343 -23.380770 -42.797176 -52.061830 -60.392538 -80.767140 -93.448050 -101.349204 -100.322669 -111.478237 -127.795123 -141.683839 -148.718294 -153.932339 -164.029451 -168.254210 -164.511593 -155.703671 -161.530359 -164.644730 -162.164179 -164.179923 -166.160115 -158.515550 -145.108638 -137.024659 -128.609365 -120.330595 -115.585878 -108.735557 -86.234116 -72.435837 -58.366563 -39.243980 -18.328004 3.512959 21.964153 34.465724 48.529082 67.429556 84.922693 107.147705 132.317803 162.398594 185.034648
105.509154 87.784756 72.528716 57.193704 40.757091 21.015877 18.736876 11.804624 -0.997416 -40.132055 -77.791052 -107.493215 -128.194096 -151.110656 -166.992919 -190.267583 -223.434398 -246.389393 -246.134207 -240.126022 -245.729313 -265.848308 -285.888508 -301.915178 -319.423892 -340.281060 -352.957531 -342.864005 -331.071400 -326.955345 -324.960637 -320.576029 -319.584801 -320.764976 -321.301089 -306.037454 -292.059392 -277.060977 -263.647990 -249.870655 -217.314119 -187.984388 -168.147613 -146.946082 -126.554342 -103.788753 -80.238229 -60.458915 -45.848600 -28.335312 -9.684109 10.488985 31.717751 57.404366 87.367107 111.812059
38.125639 13.796533 -6.067681 -27.394370 -59.199442 -72.793020 -81.340615 -90.117403 -119.481908 -158.660102 -197.177474 -230.450422 -264.040785 -300.189138 -337.902827 -379.557832 -417.587372 -442.271401 -435.890906 -428.449285 -420.012770 -436.823159 -452.948878 -462.241060 -478.848040 -494.876746 -509.584977 -500.414953 -490.375544 -474.955850 -471.624775 -468.382676 -462.292111 -463.958445 -465.663871 -470.492661 -459.600852 -447.869128 -432.603488 -401.339527 -366.643182 -331.110258 -299.579794 -267.804138 -234.837272 -201.969309 -171.395496 -144.333481 -124.541042 -105.263390 -84.140522 -64.591819 -45.776092 -23.806739 2.528087 25.746120
-53.571559 -73.891228 -95.320031 -125.961414 -166.389839 -197.596654 -211.592296 -247.677100 -291.236821 -351.121981 -388.473371 -418.636285 -449.845419 -477.003849 -501.940663 -531.934265 -557.526075 -581.501384 -577.255828 -564.921958 -551.089817 -560.159378 -565.766738 -569.517005 -581.834855 -595.869851 -609.709676 -605.838679 -591.055625 -574.234454 -568.029917 -561.953329 -554.475856 -554.541261 -560.782913 -569.269449 -563.473128 -550.106303 -533.938852 -510.599365 -485.775864 -460.683481 -436.451341 -407.726553 -374.626172 -338.148651 -297.632518 -256.694440 -226.736224 -194.396251 -163.765718 -141.169898 -126.878260 -110.138883 -84.586357 -65.504833
-147.027675 -170.709339 -199.435396 -247.924256 -308.333582 -370.014200 -415.541190 -455.818208 -493.528598 -519.527567 -541.834202 -562.618512 -582.707012 -603.883249 -624.274033 -644.501080 -666.396113 -687.135567 -681.756542 -667.892296 -654.445632 -653.049285 -656.123449 -659.201900 -667.424316 -681.002640 -693.743433 -685.799447 -670.158076 -654.615909 -645.108350 -638.583733 -632.172961 -635.071380 -643.382327 -651.170646 -643.598770 -628.463574 -613.391223 -595.213563 -573.482585 -551.450003 -529.335402 -505.633851 -480.910774 -452.302347 -420.499850 -385.390296 -348.631122 -310.864241 -273.309056 -250.811670 -230.248661 -212.408025 -187.345974 -163.902651
-289.125721 -327.245223 -368.261733 -416.300347 -467.213205 -505.269950 -539.787352 -572.018254 -603.277760 -628.044074 -646.518500 -657.010881 -671.878543 -691.410818 -705.138408 -721.990250 -742.340645 -744.637136 -740.289347 -726.971210 -723.866293 -723.087713 -726.091243 -727.177037 -732.352710 -745.089997 -740.244430 -732.196175 -716.867448 -705.741716 -696.522023 -690.189392 -685.959384 -686.927829 -694.803495 -692.755267 -685.465381 -670.758681 -658.985506 -643.518344 -622.531316 -605.073238 -585.443529 -563.317613 -540.237424 -515.429382 -488.565509 -458.588297 -429.491529 -402.855591 -385.979235 -367.582372 -353.166250 -351.988584 -325.773012 -297.779832
