tests/Borden05m/data_simulated/sim_1/output-maps/psiliqL0013N0017.asc
ncols         160
nrows         34
xllcorner     620200.000000
yllcorner     5168000.000000
cellsize      0.500000
NODATA_value  -9999.0
[rows 0 to 24 of 34, columns 56 to 111 of 160]
-9999.0 -9999.0 -9999.0 -9999.0 -9999.0 -9999.0 -9999.0 -9999.0 -9999.0 -9999.0 -9999.0 -9999.0 -9999.0 -9999.0 -9999.0 -9999.0 -9999.0 -9999.0 -9999.0 -9999.0 -9999.0 -9999.0 -9999.0 -9999.0 -9999.0 -9999.0 -9999.0 -9999.0 -9999.0 -9999.0 -9999.0 -9999.0 -9999.0 -9999.0 -9999.0 -9999.0 -9999.0 -9999.0 -9999.0 -9999.0 -9999.0 -9999.0 -9999.0 -9999.0 -9999.0 -9999.0 -9999.0 -9999.0 -9999.0 -9999.0 -9999.0 -9999.0 -9999.0 -9999.0 -9999.0 -9999.0
-9999.0 -9999.0 -9999.0 825.018711 819.608778 814.515111 809.789516 801.065138 792.063995 783.906825 780.189387 779.537737 779.008252 778.869123 784.352991 792.581040 800.435181 807.796061 810.396851 813.012770 815.413094 816.047656 814.951007 811.839197 808.648809 805.338328 803.896926 795.881819 784.563686 775.807664 773.087734 777.521982 781.985346 784.456618 790.262633 800.937233 811.670060 820.120302 831.891423 837.549795 842.462873 845.178293 840.784485 836.916618 832.781657 827.388066 816.162991 -9999.0 -9999.0 -9999.0 -9999.0 -9999.0 -9999.0 -9999.0 -9999.0 -9999.0
788.464704 808.641960 812.048924 800.868224 796.068318 792.945179 791.084439 786.419179 777.987319 772.976959 767.848030 766.270631 766.609872 766.947610 771.311023 781.693378 789.875455 794.838483 797.541292 800.327633 800.211856 799.847188 799.670730 796.914633 793.597080 790.299816 788.581662 789.071107 781.539952 776.106678 772.723532 771.076347 773.580519 775.934768 779.272221 788.697038 796.782401 804.860091 819.052254 831.315174 836.342611 833.555712 828.219989 824.034408 816.938605 806.510415 795.880183 785.958440 778.653597 772.775191 766.709908 772.342155 778.586826 788.134414 797.542029 809.275815
773.371634 793.709444 796.767341 786.229930 778.155584 773.352618 773.782881 776.594559 773.356648 769.034288 764.384477 773.205114 774.807201 776.242331 779.785079 783.096991 786.406225 789.346157 794.902385 804.093500 807.005023 807.719365 808.018005 806.318157 803.306945 801.589161 798.919312 793.809839 792.790874 793.137173 792.920787 797.888552 799.357347 801.029798 794.287526 797.753434 803.859052 810.595083 817.009929 823.530119 827.282118 823.690688 822.379240 813.467386 799.097711 787.437530 778.472473 776.129101 772.464558 764.128058 750.944634 757.562758 772.631025 776.784431 779.724796 791.055561
768.824633 780.896536 784.191542 779.475560 781.055746 782.898578 784.661954 783.392964 780.744298 779.149191 792.039534 801.836825 804.018054 807.282944 811.206330 810.827772 799.145383 796.931891 805.414107 815.966651 821.984829 822.431230 822.551823 820.654069 819.747435 819.436692 817.322696 818.170780 820.697894 820.769228 825.454498 831.113350 833.971598 826.120136 816.908423 817.612175 825.220775 833.223762 840.406243 850.876826 861.924815 860.471832 854.280750 844.583872 830.264785 806.096919 785.877619 774.362156 766.578635 758.741168 758.093575 754.431476 765.071414 766.157041 767.456295 775.185191
775.405277 797.005225 805.312323 799.785227 795.058547 792.619824 793.712155 794.275348 797.730697 810.654768 824.891625 839.859940 843.103529 846.091792 846.032289 837.259075 827.266692 823.700443 838.652617 855.064296 863.625022 864.580560 864.164747 871.239268 869.945432 868.249406 863.445003 865.639480 867.343653 877.452067 885.189026 892.291433 890.443846 878.356188 866.773659 865.004916 867.509807 870.536792 876.545854 886.578223 895.997304 890.425300 882.548926 871.633421 842.078911 814.016855 796.289806 795.606666 794.926872 789.220315 785.230028 781.155305 773.384665 772.143032 770.616933 769.397110
826.084114 846.630671 862.972669 857.736888 850.099024 840.332050 841.341263 844.877156 853.527986 867.174978 885.348172 910.006545 913.565713 917.349584 920.579957 909.784693 897.773196 886.846400 904.759024 915.267640 924.326290 926.533395 936.752131 946.822252 942.378054 934.437877 924.363554 930.863999 943.001434 958.298687 965.219936 969.103826 967.919481 956.779359 950.801134 948.893393 950.591064 947.766481 951.922898 961.937377 976.592155 975.476704 965.473982 941.808532 903.711105 868.117257 846.447054 850.764670 842.850480 835.054956 830.239012 815.254241 803.333220 802.344778 791.884992 784.884475
875.744506 894.885704 913.864638 909.796642 899.712558 887.014001 887.087327 895.221904 905.954580 925.713359 949.458338 974.180816 983.441797 987.461527 997.495588 991.478978 982.459660 974.445833 985.501650 997.882096 1009.998462 1020.189503 1033.145534 1044.799691 1035.478684 1023.715488 1018.805141 1024.129537 1043.821970 1061.075430 1066.334813 1067.741085 1070.563917 1061.637913 1054.720158 1047.577021 1041.860130 1035.616083 1031.192958 1048.789541 1064.623080 1062.264498 1038.136288 1012.979227 975.641175 936.694158 903.213167 901.151428 897.290458 895.002818 878.810415 862.131260 844.377911 833.623198 823.472549 808.330047
968.530131 990.262083 1012.090742 1013.853542 997.975376 990.841721 996.112559 1009.184437 1016.894542 1032.833547 1057.793966 1090.211382 1112.297110 1131.979953 1136.767135 1128.823772 1120.230770 1107.420167 1105.481581 1122.438952 1134.567004 1145.412358 1156.247437 1168.580276 1174.140326 1171.691860 1171.304260 1174.556172 1181.555457 1190.427873 1197.157171 1202.564467 1208.050847 1204.489350 1194.216200 1187.425213 1178.304069 1171.116016 1168.185393 1170.160254 1180.465150 1177.843510 1151.447871 1123.735343 1090.974412 1053.126223 1020.841821 1002.234307 1006.765898 994.377884 974.864815 953.932148 917.751426 899.977087 882.935798 852.738618
1072.988050 1101.400328 1116.772882 1130.607525 1126.512882 1128.648678 1133.078754 1140.778090 1146.326069 1154.752783 1187.572834 1222.724118 1252.347828 1276.880523 1285.924529 1276.206040 1266.872785 1255.326152 1246.177483 1250.270374 1264.499804 1280.986591 1296.446327 1307.438788 1310.968776 1309.757054 1310.069803 1312.087354 1315.156429 1318.172434 1324.194507 1331.294250 1341.106350 1351.849809 1345.917736 1329.076152 1316.449582 1302.354025 1296.854438 1294.842568 1292.534821 1291.842246 1283.733819 1252.137051 1223.231254 1190.696439 1161.186653 1139.405757 1124.557758 1104.046148 1080.486791 1033.748660 992.609447 956.889027 928.861362 899.932099
1189.852869 1220.776229 1245.013443 1260.499161 1263.861890 1266.755379 1269.986801 1276.464491 1282.270497 1289.947682 1312.752036 1350.088958 1387.199845 1417.116031 1421.571223 1412.727454 1402.709055 1392.596487 1382.194991 1378.937185 1386.627405 1397.526325 1413.222964 1424.281824 1433.593341 1432.791349 1433.166362 1433.630045 1435.718719 1437.566617 1439.513163 1446.373359 1457.923513 1468.828817 1469.638914 1456.232115 1439.036062 1421.343476 1413.613581 1407.048794 1400.732398 1400.287435 1400.364622 1392.486168 1367.065129 1330.970674 1288.242293 1261.308761 1239.421239 1225.323324 1208.307577 1181.905722 1130.415626 1099.483879 1064.197505 1029.861812
1304.357889 1333.946325 1364.449720 1383.402390 1391.574033 1392.655933 1395.391503 1403.511176 1410.419200 1420.983419 1437.866768 1461.743426 1490.725877 1517.640179 1535.171197 1531.810719 1519.586595 1502.663238 1497.546891 1496.240099 1498.141657 1504.490104 1512.141182 1527.024906 1542.259055 1547.351957 1547.980595 1545.607787 1547.720752 1548.883474 1549.011872 1550.022929 1554.634706 1561.447747 1563.716773 1558.715237 1542.581511 1522.246555 1507.470456 1498.337707 1493.341165 1490.889291 1491.672435 1490.693304 1478.392082 1449.256948 1411.130224 1377.431816 1354.806927 1337.878942 1323.238005 1311.174964 1291.110711 1272.507583 1241.507662 1198.139202
1407.432413 1433.115537 1459.787486 1484.105326 1500.880972 1505.503050 1511.924258 1517.575359 1527.900459 1543.667941 1562.769947 1576.938232 1594.011652 1615.437274 1628.187076 1634.017985 1634.399146 1633.129655 1634.733855 1634.634778 1608.591541 1611.277567 1613.861539 1620.578749 1628.129392 1630.443594 1630.541453 1629.458648 1630.572793 1630.995667 1631.240137 1630.956492 1630.925824 1632.932485 1633.527537 1632.233997 1625.354581 1627.861107 1610.644864 1598.460111 1590.722745 1582.843848 1574.150580 1564.393104 1554.402748 1537.800357 1510.629446 1477.177606 1449.567899 1437.164819 1429.457589 1421.736018 1415.244989 1399.219230 1377.232848 1346.358803
1511.988256 1528.039886 1548.191767 1575.420475 1594.451397 1605.231932 1614.266658 1619.621880 1632.085402 1645.387660 1640.620230 1644.457629 1648.419571 1652.337675 1653.803306 1654.201134 1653.882110 1651.366040 1650.552347 1648.342023 1643.188648 1633.296557 1634.291030 1635.318085 1637.376897 1640.504829 1638.921148 1639.693968 1642.608876 1641.247720 1635.985821 1632.560790 1631.049185 1631.460593 1638.376155 1641.268421 1641.797873 1640.595630 1639.727397 1639.157019 1637.676193 1635.918170 1633.445441 1630.159994 1633.106417 1622.830978 1599.509160 1566.608787 1531.748906 1517.356376 1512.339009 1511.768756 1507.902907 1500.814196 1481.665045 1454.247471
1623.233130 1636.348101 1633.918696 1643.752387 1649.014093 1651.758043 1654.710372 1657.397476 1658.657592 1655.477602 1651.961859 1647.154409 1645.731081 1644.296721 1641.739202 1642.062882 1639.680018 1635.207403 1630.956578 1623.706013 1612.231285 1600.231252 1597.074036 1601.060140 1605.507099 1609.323221 1612.089235 1615.147021 1616.236421 1611.744913 1604.268234 1597.519880 1595.742062 1602.126882 1607.559077 1612.635819 1613.249832 1611.994628 1610.263647 1610.832705 1608.906852 1609.992855 1616.972708 1630.512004 1636.578251 1639.121742 1638.577433 1631.228781 1618.003058 1610.010335 1590.235623 1593.023604 1587.743307 1575.632409 1554.231117 1530.187446
1649.136941 1648.688303 1647.009622 1641.232985 1635.608160 1634.980291 1638.835335 1645.513101 1646.584647 1639.347755 1630.668995 1623.175175 1615.873964 1613.205446 1611.391050 1610.128528 1609.495714 1603.428760 1594.742468 1578.547415 1566.041521 1554.010234 1547.275076 1544.744746 1549.097336 1558.229321 1567.207190 1571.508042 1564.920768 1557.790321 1547.599166 1539.923534 1540.334281 1542.659746 1551.531868 1565.207634 1569.775961 1570.743318 1566.231488 1562.487832 1557.527603 1556.553698 1564.368708 1580.082623 1595.861826 1609.865633 1618.351211 1625.875001 1632.326086 1635.904154 1636.903180 1637.286319 1636.006266 1634.229423 1618.713688 1597.721360
1634.481171 1627.682650 1622.344540 1615.480859 1609.542879 1607.537283 1609.578746 1612.019028 1608.209716 1600.916251 1590.010603 1578.254748 1567.687435 1560.664196 1560.535821 1561.745726 1561.719534 1554.465442 1539.289004 1521.208179 1506.978445 1492.413440 1487.735150 1482.319825 1477.620732 1487.550561 1503.957248 1509.822424 1496.550508 1487.022558 1473.324821 1466.359439 1463.532725 1465.180332 1474.544267 1494.177549 1513.429773 1515.071266 1506.193609 1497.677414 1494.009287 1492.667008 1500.284610 1519.293439 1539.954218 1555.490164 1565.912506 1572.462040 1581.268615 1591.247869 1603.784562 1617.127138 1628.265045 1636.725386 1640.626530 1638.675299
1606.143154 1597.775229 1589.531184 1581.935447 1575.205177 1570.388261 1567.636461 1564.321117 1557.691978 1549.920873 1534.639635 1521.608623 1508.796202 1494.391387 1490.139857 1486.335842 1487.097605 1475.202285 1464.222442 1445.089633 1429.010023 1412.846273 1401.813559 1395.493230 1389.194244 1392.699823 1407.511077 1416.191920 1403.193722 1393.208980 1380.876335 1375.128804 1372.102306 1374.176522 1384.500116 1406.482487 1425.243438 1432.649266 1425.556740 1421.543927 1420.421089 1420.526681 1427.454819 1442.832285 1463.485827 1485.263724 1502.300256 1512.746993 1521.497867 1532.473364 1547.642218 1562.291979 1576.888979 1594.389779 1614.625022 1629.370117
1568.363755 1557.799000 1547.560459 1536.504535 1525.373950 1518.571735 1519.082633 1511.834760 1504.792252 1488.509875 1441.570594 1422.773362 1404.162668 1388.209378 1381.721887 1373.581065 1364.516774 1354.702196 1347.486403 1340.407031 1324.491538 1306.661748 1290.026263 1284.369709 1279.779309 1270.032001 1273.887321 1276.674926 1281.363786 1274.332032 1269.081076 1267.423472 1265.170774 1268.440472 1282.127416 1293.916691 1304.099756 1310.801422 1310.478493 1318.308890 1325.531698 1330.932134 1347.813131 1362.153762 1380.609391 1402.907361 1427.506164 1441.953856 1452.658325 1464.698587 1481.314552 1498.951401 1517.373311 1540.572614 1565.806744 1582.384843
1521.810119 1507.471489 1492.846699 1479.593689 1466.358457 1452.478780 1452.550824 1448.351651 1439.082411 1396.659825 1354.078337 1321.158825 1302.473469 1279.799384 1267.659734 1255.526737 1227.933263 1212.943157 1206.786218 1211.876836 1202.245465 1185.002110 1170.700350 1162.062419 1154.806780 1141.300934 1131.569722 1136.214502 1148.793726 1144.939280 1143.890022 1148.453477 1147.042490 1143.665494 1148.806296 1163.222996 1171.518687 1181.934671 1194.482222 1199.804545 1210.471441 1238.182441 1253.013842 1269.372202 1290.511095 1313.429322 1337.272108 1358.883322 1373.473949 1389.365810 1409.326210 1427.377906 1449.300635 1473.820083 1503.403462 1524.171234
1453.220061 1433.309748 1416.238646 1398.293227 1376.658746 1355.610612 1352.408994 1344.670048 1324.149786 1277.272778 1237.018052 1207.315496 1184.649056 1160.108449 1140.421389 1112.063522 1080.038398 1059.395516 1065.160065 1072.285915 1073.542477 1059.459613 1046.523605 1036.039163 1021.599731 1005.901648 993.838583 1002.481671 1011.028571 1020.281219 1024.206107 1028.074496 1031.048474 1030.110356 1025.488987 1030.236866 1039.422794 1050.295518 1061.664239 1076.742176 1107.551336 1133.233390 1151.829825 1173.813129 1195.354976 1219.532895 1244.860743 1267.997220 1285.711844 1305.662108 1326.285568 1348.614578 1370.758008 1396.851656 1427.236599 1452.916519
1376.010632 1349.168287 1326.232308 1298.984479 1259.389793 1243.945055 1234.482960 1220.276028 1182.736621 1140.111406 1106.194068 1082.882678 1057.847895 1033.774947 1006.189637 974.330761 947.951639 927.558554 934.256313 941.214905 952.895288 941.027353 929.956488 923.696157 908.573577 894.511261 879.820821 887.207098 897.303766 915.012903 919.402679 923.016129 930.277973 929.417395 927.056118 917.869554 926.793422 937.774692 952.202452 980.825959 1006.454085 1031.640320 1054.392708 1076.252804 1100.336536 1125.915222 1151.822009 1179.136673 1200.332948 1221.111713 1244.291950 1266.187310 1285.954566 1308.286339 1335.923721 1360.227239
1269.890872 1247.341133 1222.797486 1185.708150 1141.920486 1107.012497 1089.576680 1050.096255 1015.845719 981.780640 965.218551 946.663781 923.262089 901.167104 879.345448 853.146518 830.369458 805.956251 809.556143 822.009100 835.938706 830.588410 827.142384 823.854772 812.576852 798.782387 785.145547 788.739400 804.057160 821.013522 828.739076 835.552005 843.229536 843.480771 836.665028 828.468451 834.463716 849.142075 865.954353 887.547102 910.935429 934.150959 956.239479 980.649033 1006.055821 1031.958355 1059.783875 1088.748071 1111.226246 1136.966118 1163.441276 1184.610007 1198.501950 1213.977071 1239.446521 1259.564893
1164.917577 1140.168097 1113.069266 1072.017198 1029.611801 986.617687 946.368807 912.586882 880.937300 863.580139 844.212737 825.978233 807.431722 785.857389 766.117950 747.109113 724.734971 707.364127 712.584533 725.457691 736.177748 739.109923 736.001031 732.822457 725.320135 711.510415 701.955474 710.519168 725.853016 740.639785 751.001504 757.825400 763.932972 761.369479 753.303574 748.016042 756.427965 772.362350 787.708138 805.572684 827.884000 850.246759 873.262022 897.475640 921.852636 948.762158 976.610407 1005.030652 1033.314000 1059.136870 1083.159227 1096.538462 1110.084148 1119.197072 1137.018470 1157.201428
1041.477055 1015.332037 986.586452 953.003541 914.000248 882.965001 849.942842 818.204200 787.145557 760.996096 743.658380 733.521951 718.346721 698.847677 685.116635 667.950021 650.795362 650.927475 653.499947 664.253383 665.099189 665.602383 662.537770 661.352691 657.089142 646.773303 654.091415 661.491612 676.028677 686.785869 696.290676 702.567240 706.740931 706.855295 700.802568 704.705910 712.037209 726.901082 739.193754 754.773127 776.258049 794.598486 815.133977 838.506706 862.816929 888.479716 915.871417 945.456079 972.409314 994.337933 1006.132248 1019.213697 1027.152112 1023.650204 1039.879982 1057.084167
