tests/Borden05m/data_simulated/sim_1/output-maps/psiliqL0006N0016.asc
ncols         160
nrows         34
xllcorner     620200.000000
yllcorner     5168000.000000
cellsize      0.500000
NODATA_value  -9999.0
[rows 0 to 24 of 34, columns 0 to 55 of 160]
-9999.0 -9999.0 -9999.0 -9999.0 -9999.0 -9999.0 -9999.0 -9999.0 -9999.0 -9999.0 -9999.0 -9999.0 -9999.0 -9999.0 -9999.0 -9999.0 -9999.0 -9999.0 -9999.0 -9999.0 -9999.0 -9999.0 -9999.0 -9999.0 -9999.0 -9999.0 -9999.0 -9999.0 -9999.0 -9999.0 -9999.0 -9999.0 -9999.0 -9999.0 -9999.0 -9999.0 -9999.0 -9999.0 -9999.0 -9999.0 -9999.0 -9999.0 -9999.0 -9999.0 -9999.0 -9999.0 -9999.0 -9999.0 -9999.0 -9999.0 -9999.0 -9999.0 -9999.0 -9999.0 -9999.0 -9999.0
-9999.0 -9999.0 -9999.0 -9999.0 -9999.0 -9999.0 -9999.0 -9999.0 -9999.0 -9999.0 -9999.0 -9999.0 -9999.0 -9999.0 -9999.0 -9999.0 -9999.0 -9999.0 -9999.0 -9999.0 -9999.0 -9999.0 -9999.0 -9999.0 -9999.0 -9999.0 -9999.0 -9999.0 -9999.0 -9999.0 -9999.0 -9999.0 -9999.0 -9999.0 -9999.0 -9999.0 -9999.0 -9999.0 -9999.0 -9999.0 -9999.0 -9999.0 -9999.0 -9999.0 -9999.0 -9999.0 -9999.0 -9999.0 -9999.0 -9999.0 -9999.0 -9999.0 -9999.0 -9999.0 -9999.0 -9999.0
-9999.0 -9999.0 -9999.0 -9999.0 -9999.0 -9999.0 -9999.0 -9999.0 -9999.0 -9999.0 -9999.0 -9999.0 -9999.0 -9999.0 -9999.0 -9999.0 -9999.0 -9999.0 -9999.0 -9999.0 -9999.0 -9999.0 -9999.0 -9999.0 -9999.0 -9999.0 -9999.0 -9999.0 -9999.0 -9999.0 -9999.0 -9999.0 -9999.0 -9999.0 -9999.0 -9999.0 -9999.0 -9999.0 -9999.0 -9999.0 -9999.0 -9999.0 -9999.0 -9999.0 -9999.0 -9999.0 -9999.0 -695.830642 -713.614956 -731.105765 -732.649112 -709.738787 -686.696396 -663.433086 -643.345539 -624.979233
-9999.0 -9999.0 -9999.0 -9999.0 -9999.0 -9999.0 -9999.0 -9999.0 -9999.0 -9999.0 -9999.0 -9999.0 -9999.0 -9999.0 -9999.0 -9999.0 -9999.0 -9999.0 -9999.0 -9999.0 -9999.0 -9999.0 -9999.0 -9999.0 -9999.0 -9999.0 -9999.0 -9999.0 -9999.0 -9999.0 -9999.0 -9999.0 -9999.0 -9999.0 -9999.0 -9999.0 -9999.0 -9999.0 -9999.0 -9999.0 -648.504904 -642.712038 -640.960645 -652.288455 -663.866872 -675.590720 -695.599228 -713.718029 -729.897489 -733.121849 -730.838144 -725.102693 -702.019742 -678.328984 -659.391003 -642.192818
-9999.0 -9999.0 -9999.0 -9999.0 -9999.0 -9999.0 -9999.0 -9999.0 -9999.0 -9999.0 -9999.0 -9999.0 -9999.0 -9999.0 -9999.0 -9999.0 -9999.0 -9999.0 -9999.0 -9999.0 -9999.0 -9999.0 -9999.0 -9999.0 -9999.0 -9999.0 -9999.0 -9999.0 -9999.0 -9999.0 -9999.0 -9999.0 -9999.0 -9999.0 -739.462957 -721.912136 -704.104363 -686.215110 -670.008110 -663.823461 -658.123361 -652.392579 -656.633725 -661.816061 -673.442690 -692.029940 -712.143510 -726.922543 -730.061720 -733.085629 -728.978234 -716.015997 -699.842329 -683.735112 -663.227412 -640.715812
-9999.0 -9999.0 -9999.0 -9999.0 -9999.0 -9999.0 -9999.0 -9999.0 -9999.0 -9999.0 -9999.0 -9999.0 -9999.0 -9999.0 -9999.0 -9999.0 -9999.0 -9999.0 -9999.0 -9999.0 -9999.0 -9999.0 -9999.0 -9999.0 -9999.0 -9999.0 -9999.0 -9999.0 -733.752262 -739.912393 -745.474753 -747.331252 -749.013552 -750.699379 -744.010903 -731.813200 -713.666020 -692.663556 -680.421332 -673.748418 -667.661036 -667.182921 -672.280084 -674.957717 -675.172925 -687.166435 -699.117326 -710.360080 -721.248421 -722.649440 -713.460110 -700.232499 -684.878131 -670.779082 -656.179008 -642.670038
-9999.0 -9999.0 -9999.0 -9999.0 -9999.0 -9999.0 -9999.0 -9999.0 -9999.0 -9999.0 -9999.0 -9999.0 -9999.0 -9999.0 -9999.0 -9999.0 -9999.0 -9999.0 -9999.0 -9999.0 -9999.0 -9999.0 -9999.0 -762.014896 -755.910495 -749.723356 -742.745019 -742.252995 -747.095934 -753.221664 -756.909637 -758.964313 -760.922845 -757.041193 -748.874559 -735.513937 -720.003388 -698.980439 -690.937458 -684.497508 -672.311178 -670.851122 -667.030170 -663.504287 -665.900965 -668.880720 -681.053929 -690.090790 -684.274001 -678.338166 -672.705705 -666.133025 -653.938963 -638.722926 -621.247042 -600.719246
-9999.0 -9999.0 -9999.0 -9999.0 -9999.0 -9999.0 -9999.0 -9999.0 -9999.0 -9999.0 -9999.0 -9999.0 -9999.0 -9999.0 -9999.0 -9999.0 -9999.0 -9999.0 -9999.0 -786.117746 -785.564404 -784.985553 -780.784325 -780.087047 -778.125775 -771.433123 -763.644709 -762.143179 -764.083406 -766.345371 -765.264243 -763.107494 -759.544498 -748.389958 -734.993485 -721.393572 -707.667738 -687.354393 -673.156623 -659.531569 -643.712813 -646.128925 -651.506484 -654.518002 -654.740487 -654.527140 -647.958050 -644.224406 -639.252412 -633.353112 -626.555774 -618.452134 -608.606363 -590.314693 -569.867081 -548.982047
-9999.0 -9999.0 -9999.0 -9999.0 -9999.0 -9999.0 -9999.0 -9999.0 -9999.0 -9999.0 -9999.0 -9999.0 -9999.0 -9999.0 -9999.0 -9999.0 -813.654993 -812.041079 -810.365542 -805.464635 -803.586890 -800.047248 -793.609235 -793.117498 -789.653007 -783.017456 -778.455796 -770.563000 -763.336423 -756.481531 -751.099926 -749.014133 -741.705364 -732.592942 -721.254274 -705.963976 -684.383091 -662.457098 -646.799425 -630.797763 -614.638895 -615.244343 -617.223892 -616.819029 -616.486146 -608.182025 -589.654792 -583.578231 -579.524379 -559.239584 -544.464116 -538.943656 -531.812159 -513.399414 -487.678718 -455.685471
-9999.0 -9999.0 -9999.0 -9999.0 -9999.0 -9999.0 -9999.0 -9999.0 -9999.0 -9999.0 -9999.0 -9999.0 -9999.0 -856.414425 -852.492216 -843.850804 -836.730398 -835.113412 -831.852844 -826.852741 -815.140510 -812.201960 -806.487114 -799.321794 -788.640182 -780.747706 -772.043390 -760.845515 -752.946066 -746.365300 -739.816391 -733.380205 -719.966155 -704.992432 -689.482916 -669.706063 -648.882504 -628.161903 -607.280983 -593.056466 -578.992131 -575.301296 -578.178618 -577.330344 -569.010294 -549.652507 -529.230489 -513.843013 -487.919853 -459.664747 -440.859086 -423.413311 -410.984158 -394.513953 -365.861700 -312.938883
-9999.0 -9999.0 -9999.0 -9999.0 -9999.0 -9999.0 -9999.0 -9999.0 -9999.0 -9999.0 -892.258072 -889.600811 -893.378372 -892.566867 -888.556695 -877.217932 -864.751044 -858.192894 -847.690607 -827.835804 -811.553042 -808.739020 -794.290831 -785.063889 -779.234636 -769.062954 -756.526401 -744.048677 -727.078591 -714.975483 -702.511924 -681.808177 -665.991219 -650.366987 -633.452051 -614.575819 -593.496535 -562.446219 -534.248664 -518.884531 -491.940433 -474.401518 -477.919736 -477.719591 -469.002123 -446.049286 -412.838832 -372.748146 -336.407257 -294.798194 -262.787578 -242.513693 -228.028179 -211.991168 -193.226948 -161.610249
-9999.0 -9999.0 -9999.0 -9999.0 -9999.0 -9999.0 -9999.0 -9999.0 -915.941546 -909.448792 -903.216420 -906.573444 -911.746757 -915.079607 -902.775080 -887.437986 -872.078652 -855.913252 -840.612759 -823.603007 -808.539206 -792.415164 -774.005031 -762.843004 -751.574714 -737.122748 -724.118412 -706.498537 -685.786848 -671.036891 -651.730723 -630.261584 -610.910294 -593.326930 -575.304080 -556.811805 -525.715164 -487.404027 -448.463685 -414.543019 -375.570581 -338.345459 -334.278913 -327.486253 -317.631383 -278.082446 -235.331079 -196.680282 -165.374533 -137.140574 -109.291894 -93.582838 -83.124108 -70.394987 -54.888895 -40.177978
-9999.0 -9999.0 -9999.0 -9999.0 -9999.0 -9999.0 -940.800179 -916.887284 -902.478923 -910.664204 -918.311989 -921.711724 -925.200469 -908.094939 -887.432872 -871.360517 -855.439008 -838.950648 -823.539316 -808.876719 -773.734556 -758.872152 -744.503976 -724.744519 -711.770298 -698.731998 -682.087641 -658.899260 -635.728908 -601.887967 -569.981640 -540.794557 -512.138362 -489.864350 -468.167695 -443.258279 -400.432807 -345.943775 -290.520962 -246.274984 -210.343264 -177.197937 -165.242617 -158.277111 -149.616832 -132.293134 -104.088340 -75.134925 -42.386024 -11.541462 11.753018 22.612294 32.407846 43.517735 57.031420 71.360908
-9999.0 -9999.0 -9999.0 -9999.0 -973.543939 -952.866757 -932.460039 -901.784987 -879.447878 -885.618715 -878.256032 -877.831197 -879.216764 -877.770155 -873.155732 -855.964167 -839.347685 -822.702137 -804.377886 -766.078883 -726.126829 -710.009435 -682.939794 -651.168034 -637.788285 -623.688576 -608.997891 -585.798667 -554.100582 -515.302494 -459.585106 -406.477296 -367.277092 -331.935084 -299.908592 -264.466377 -222.476187 -179.579101 -143.078122 -110.001733 -80.660682 -56.964945 -41.886609 -33.251608 -22.410705 -8.832222 9.280475 34.548410 63.658302 97.237295 122.822736 137.949265 146.041840 156.164554 168.179874 184.592988
-9999.0 -9999.0 -9999.0 -1019.009389 -980.759375 -944.750892 -917.592518 -887.051217 -856.078556 -849.462289 -841.878607 -835.143203 -828.141643 -819.509461 -809.385753 -794.089335 -781.658267 -771.121561 -751.452994 -715.501010 -679.504481 -644.168309 -611.450716 -578.207962 -552.835431 -535.885756 -518.324278 -490.396038 -442.256156 -386.358196 -311.183896 -237.953592 -191.901310 -164.163571 -144.594075 -120.357928 -97.313067 -64.960591 -33.435549 -3.880630 25.346882 49.659433 71.160429 82.772667 90.534937 100.481303 117.711066 138.610090 162.218817 199.616112 227.997721 248.236613 259.410925 267.117542 280.911073 295.159235
-9999.0 -9999.0 -1064.521088 -1028.192827 -992.854418 -940.747407 -888.806514 -856.437483 -816.061523 -790.701475 -783.907859 -764.933096 -747.981615 -739.611839 -722.521241 -705.434904 -694.359764 -693.011004 -682.738990 -645.383106 -589.076106 -534.919066 -491.009110 -420.565827 -375.777610 -345.867304 -327.160492 -291.332290 -246.929367 -193.730368 -143.620521 -96.156547 -58.040051 -28.405053 -14.960751 0.902523 23.557121 46.678937 76.333076 103.908355 131.123681 156.082083 181.121296 201.539946 201.389074 221.649297 242.385906 262.857005 283.152354 303.340247 318.820783 321.417112 322.361832 323.302044 324.318097 325.249239
-9999.0 -9999.0 -1088.701076 -1045.181353 -1001.705332 -929.889192 -856.443854 -819.370084 -776.707774 -733.393125 -714.725096 -691.929153 -670.880199 -650.068284 -626.046238 -600.910883 -599.098303 -597.828843 -599.226519 -542.043784 -474.152299 -383.669668 -276.898674 -206.421023 -165.234725 -155.119349 -147.988057 -130.294528 -105.403286 -62.627448 -13.026635 37.626839 79.477435 107.261790 121.117201 135.766991 157.197075 185.975418 203.584601 234.481130 253.245513 272.998114 294.920680 314.225508 320.222194 322.109528 320.992496 322.606594 323.843390 324.280912 324.245590 320.701200 319.011714 320.425032 321.700269 317.042215
-9999.0 -1173.302038 -1121.812486 -1067.422047 -996.006109 -925.941233 -838.516885 -757.401992 -710.613416 -670.771072 -643.185084 -621.268333 -559.094817 -502.121485 -469.885023 -433.360302 -437.250144 -442.137512 -450.232215 -396.314831 -313.061621 -201.411056 -88.393774 -34.253918 -1.410646 4.251059 1.949331 16.101155 41.269227 79.330597 138.231531 188.960686 230.575013 259.925502 269.687732 272.743952 286.890463 304.987286 317.384020 323.185762 325.246701 326.959015 323.971858 324.761470 325.119339 325.125430 321.621450 315.229118 306.917777 298.947506 294.086483 287.879821 284.331184 292.968807 295.074974 288.124001
-9999.0 -1206.986133 -1145.760040 -1072.485943 -1000.397870 -918.976098 -802.339044 -679.289420 -636.441329 -603.833640 -571.122120 -510.096749 -399.744700 -305.889584 -257.506279 -214.889283 -216.540855 -227.893998 -226.452400 -188.497720 -131.744726 -54.614676 61.273857 140.993098 160.812060 174.117932 183.206242 204.721272 231.891976 256.733181 280.601152 302.101637 309.853605 312.747521 313.769203 314.111825 314.878029 315.540642 312.737813 309.524339 305.219499 305.496067 309.082656 308.790218 305.677944 301.004922 293.594234 284.527900 275.483852 259.229091 251.705622 246.121053 242.455571 243.928209 240.283740 234.155550
-9999.0 -1227.419334 -1157.857645 -1092.494344 -1015.394770 -885.061633 -765.328471 -639.983167 -552.583519 -512.284522 -441.894089 -313.737946 -207.569542 -131.777622 -91.129973 -69.704675 -57.906116 -60.982938 -41.310106 7.389733 80.293254 169.026497 223.717045 278.918548 289.815287 292.051183 288.935858 291.049098 293.393048 294.541277 295.904479 295.098974 301.880864 304.945595 303.567322 299.112651 293.128333 285.146452 279.963983 276.775814 272.710412 272.650631 276.057403 276.113655 271.070731 256.808611 246.315029 237.353812 228.043189 216.266713 209.310702 203.577998 200.214736 195.737873 190.847511 184.657345
-9999.0 -1309.103582 -1226.045733 -1162.186464 -1017.111816 -856.053531 -735.352043 -580.397964 -440.151747 -365.323316 -240.604990 -143.129204 -63.913166 -11.078735 25.769485 64.422046 90.896368 117.552461 152.795680 179.752663 248.749617 285.155744 294.983558 299.302273 293.257686 292.944411 281.405319 260.370662 249.695467 243.092724 244.015018 246.367880 261.156322 269.009131 265.289622 255.548359 248.075210 242.027099 237.689056 229.650981 222.010718 216.863731 215.932846 220.595888 213.472205 205.238659 196.031201 186.087370 175.676115 165.607015 156.509214 148.739901 145.063513 139.129749 137.486303 130.414272
-9999.0 -1389.979354 -1309.663132 -1197.663352 -1038.676748 -876.332575 -723.482456 -547.341969 -324.073021 -204.699098 -117.306654 -73.203138 -14.888721 44.346062 102.424904 135.024628 152.608188 160.158920 168.214281 180.163934 176.799786 198.647811 219.430867 241.838541 246.038507 245.356139 224.287862 208.137122 199.830911 198.511754 197.470924 196.824283 199.444666 199.106223 194.729973 191.770900 192.175809 185.103454 177.207944 169.906230 163.389973 155.890602 150.669362 147.585136 144.299201 141.871189 133.034463 121.773496 110.612136 101.699383 93.157830 86.559672 84.059745 79.480372 73.492834 63.446798
-9999.0 -1471.523726 -1358.114536 -1250.793876 -1108.057942 -966.880838 -825.881694 -655.440993 -477.938908 -228.274995 -67.351662 -36.944800 -14.616693 22.539212 78.000767 129.527931 135.354136 108.012720 86.867690 79.899120 91.015833 111.479820 130.870866 152.744237 166.661781 172.286865 167.081222 155.903942 141.859287 134.364910 130.486178 123.358435 118.656309 118.513193 116.259316 119.550916 121.085918 111.373495 99.273162 85.271499 73.058341 63.958689 60.749507 60.980828 59.865056 56.165152 48.537039 38.428919 26.392495 15.535102 7.365093 1.646454 -4.178999 -12.074077 -20.882354 -30.617048
-9999.0 -9999.0 -1425.873821 -1311.399839 -1192.301873 -1061.126659 -927.088863 -766.986759 -608.502600 -383.964478 -238.450599 -155.813584 -110.147962 -73.271769 -24.989148 17.075681 24.693129 32.584825 10.174547 12.389539 20.315528 30.023613 43.217300 57.236720 69.721955 77.027532 80.272265 77.265533 67.905551 53.694826 37.908031 26.070156 18.865755 13.568745 20.051658 29.183764 27.103237 20.541679 9.778790 -4.215928 -15.997766 -27.849441 -31.100711 -30.421906 -30.698101 -33.750424 -38.889632 -50.671479 -62.738747 -74.884481 -80.857157 -86.758090 -92.541327 -102.656740 -113.196909 -125.239680
-9999.0 -9999.0 -1506.910489 -1393.322302 -1267.799221 -1139.412314 -1028.323121 -908.131770 -746.883714 -621.645664 -511.112813 -405.021100 -309.145768 -244.682923 -202.537889 -156.921371 -135.493626 -125.783355 -121.376714 -107.743846 -87.960422 -68.788037 -55.269436 -42.973207 -31.230252 -21.661255 -14.216807 -23.625627 -33.323013 -47.710713 -65.572674 -85.074738 -95.626313 -101.180124 -97.651464 -91.290095 -95.928304 -105.238218 -118.269888 -133.413920 -145.444860 -156.795495 -160.489176 -162.253469 -162.924634 -165.578238 -169.120207 -178.851394 -191.844954 -202.262708 -211.535139 -219.711888 -224.945731 -235.266417 -248.820350 -260.900306
