tests/Borden05m/data_simulated/sim_1/output-maps/psiliqL0024N0011.asc
ncols         160
nrows         34
xllcorner     620200.000000
yllcorner     5168000.000000
cellsize      0.500000
NODATA_value  -9999.0
[rows 0 to 24 of 34, columns 55 to 109 of 160]
-9999.0 -9999.0 -9999.0 -9999.0 -9999.0 -9999.0 -9999.0 -9999.0 -9999.0 -9999.0 -9999.0 -9999.0 -9999.0 -9999.0 -9999.0 -9999.0 -9999.0 -9999.0 -9999.0 -9999.0 -9999.0 -9999.0 -9999.0 -9999.0 -9999.0 -9999.0 -9999.0 -9999.0 -9999.0 -9999.0 -9999.0 -9999.0 -9999.0 -9999.0 -9999.0 -9999.0 -9999.0 -9999.0 -9999.0 -9999.0 -9999.0 -9999.0 -9999.0 -9999.0 -9999.0 -9999.0 -9999.0 -9999.0 -9999.0 -9999.0 -9999.0 -9999.0 -9999.0 -9999.0 -9999.0
-9999.0 -9999.0 -9999.0 -9999.0 2999.584763 2994.250215 2989.398810 2984.990399 2982.280250 2973.128705 2965.251414 2961.162883 2960.095942 2959.320452 2958.779437 2963.747614 2971.832987 2979.475240 2986.287397 2981.776224 2983.855311 2985.705981 2985.923408 2984.725347 2981.682306 2985.690685 2982.435676 2980.787561 2973.349315 2962.210863 2953.846711 2951.158747 2955.370001 2959.720354 2962.179058 2967.438298 2977.835402 2988.297047 2989.356332 3001.333872 3008.169047 3013.509725 3016.197835 3012.246627 3008.998705 3005.118548 2999.408843 2988.357782 -9999.0 -9999.0 -9999.0 -9999.0 -9999.0 -9999.0 -9999.0
2950.379175 2968.758287 2983.710878 2986.810106 2981.044105 2976.112548 2972.990109 2971.304356 2967.053378 2958.574933 2953.477384 2948.044481 2945.544381 2945.585918 2945.526293 2949.289875 2959.990043 2967.833375 2972.441395 2975.017906 2977.827346 2976.449218 2975.711235 2975.477074 2972.584129 2969.177639 2965.800171 2963.967907 2965.283253 2957.704266 2951.794767 2947.969831 2945.198066 2947.873538 2950.532493 2954.926685 2964.111867 2972.007707 2979.747680 2987.083939 2999.662992 3005.319356 3002.839519 2998.269691 2994.784269 2987.781483 2984.025615 2974.103556 2965.851309 2959.585913 2954.151159 2947.774862 2954.053942 2961.652092 2970.977078
2933.903646 2953.078815 2973.426369 2976.034197 2965.741179 2957.949079 2951.416105 2951.915948 2955.295195 2952.047179 2947.277881 2939.917109 2949.672341 2950.706056 2951.478377 2954.699934 2956.813702 2961.648456 2964.117415 2969.441588 2978.360507 2981.122823 2981.554278 2981.601635 2979.630682 2976.383052 2974.437398 2971.643555 2966.374336 2964.675592 2964.407090 2963.257723 2967.434151 2968.664097 2971.667939 2966.022153 2970.300848 2976.497954 2983.125231 2988.581880 2986.487390 2989.029297 2985.824098 2986.536574 2985.945964 2972.428272 2962.703041 2955.116293 2955.015630 2951.993997 2944.035292 2930.410476 2938.464320 2954.413280 2959.092693
2938.470241 2947.393365 2958.076823 2960.626910 2955.589750 2957.674585 2959.442117 2960.700900 2958.892008 2955.435281 2951.403307 2962.066053 2970.159244 2971.529277 2974.007641 2977.942505 2978.941127 2967.973292 2965.882667 2973.242308 2982.591385 2987.749362 2987.893491 2987.540734 2984.084222 2982.928211 2982.680337 2980.810759 2980.466875 2982.123692 2980.022100 2983.185580 2988.512732 2982.690303 2986.154221 2977.799347 2979.839378 2988.047904 2987.800210 2995.091734 3005.113749 3016.035088 3016.218851 3011.680104 3003.510936 2991.351230 2977.304018 2959.678890 2948.673375 2940.759610 2933.481497 2935.957138 2931.440089 2944.797692 2946.499664
2926.078222 2946.115373 2965.941795 2972.024611 2966.017706 2962.084835 2960.622564 2961.270832 2960.462232 2961.276508 2970.495735 2982.334944 2984.976417 2986.572637 2988.306126 2987.315634 2989.056845 2978.915675 2976.082728 2989.362563 2995.987202 3003.442877 3002.987077 2999.087897 3002.649190 3002.461624 3002.559958 2998.916092 2999.768111 2997.871254 3003.888676 3011.493055 3019.273359 3017.549805 3005.543495 2993.400977 2993.160552 2998.257987 3004.407556 3011.828304 3022.053568 3031.353815 3026.649575 3021.383211 3013.855049 2988.371677 2974.791805 2960.682239 2960.624921 2961.260974 2957.067800 2954.863158 2953.560259 2948.982173 2949.067356
2963.132701 2982.349627 2993.729715 3006.570421 3000.262820 2992.538045 2983.683177 2983.754420 2984.343552 2990.274256 3000.761486 3013.906726 3035.355787 3035.066207 3035.710570 3034.853896 3022.434525 3009.312353 2999.105712 3020.391170 3030.856340 3038.089968 3036.044203 3041.745298 3050.458769 3046.672554 3040.081943 3028.267132 3033.908389 3041.116671 3056.159065 3063.848439 3068.869146 3064.809595 3051.399167 3044.839636 3045.947248 3051.798700 3052.490609 3060.569177 3069.633609 3084.665295 3083.618950 3079.654614 3059.662829 3023.042633 2993.964024 2990.777229 2991.268129 2985.669899 2988.916758 2988.409013 2976.896358 2969.145793 2971.626769
2988.093577 3001.553002 3017.471224 3033.940794 3025.467679 3015.054976 2998.893694 2995.977516 3000.430415 3010.310491 3027.735501 3046.127445 3066.321959 3066.233647 3060.965741 3070.355188 3063.446557 3052.798222 3045.119556 3064.815463 3075.085112 3085.336323 3091.556084 3104.086671 3114.588316 3099.124123 3082.846633 3073.235961 3079.911576 3104.472551 3125.969431 3130.762055 3130.150759 3130.105000 3115.838316 3110.774088 3106.912162 3106.456252 3103.409469 3101.281007 3125.545344 3146.376242 3146.097886 3124.563217 3101.958793 3063.360620 3026.048853 3001.234249 3012.103224 3009.193275 3012.452580 3001.948201 2990.000394 2982.049597 2988.504901
3040.074129 3062.387545 3079.063765 3100.367430 3092.575885 3070.336401 3055.418420 3058.111166 3071.235246 3078.877241 3096.546528 3114.424090 3140.819000 3154.077360 3166.246808 3168.468644 3162.762621 3154.150615 3141.944532 3146.003558 3168.674068 3178.480112 3186.995260 3195.649234 3208.160295 3209.271298 3203.001595 3201.339139 3205.472758 3217.885376 3231.415039 3238.100873 3241.488944 3244.539661 3232.843614 3220.425002 3217.791766 3211.899562 3209.895016 3208.944303 3219.133654 3238.327237 3235.492558 3200.904184 3174.463748 3141.982900 3104.290933 3075.087470 3067.606834 3084.977242 3081.925356 3065.839528 3054.400461 3027.538437 3021.394573
3111.070061 3143.959605 3168.371130 3177.318622 3185.269164 3171.782086 3170.018527 3173.901459 3181.844854 3184.999827 3191.381660 3223.466431 3257.081322 3282.431942 3305.156736 3312.318845 3300.291422 3290.471386 3277.162479 3268.232813 3278.152311 3294.814791 3312.221359 3327.164230 3338.411124 3340.696334 3339.161946 3339.238109 3342.152232 3345.117883 3349.198033 3357.283145 3364.831990 3373.496603 3381.947529 3372.240419 3355.532765 3345.886378 3336.260814 3334.942544 3336.017230 3339.172414 3340.233359 3325.062472 3284.937857 3254.194751 3222.499056 3201.958952 3188.021869 3186.264134 3170.039709 3146.470262 3096.437083 3059.301673 3028.020043
3196.468506 3239.508088 3268.556063 3286.295919 3299.062823 3296.673827 3298.377239 3299.426814 3303.261507 3305.838115 3308.997344 3334.978567 3375.575114 3414.408824 3445.255350 3445.556556 3432.338069 3421.086132 3411.766854 3397.873814 3393.982956 3405.914146 3420.703550 3440.381665 3450.912375 3457.460881 3454.501549 3454.741765 3456.351952 3458.639947 3460.724273 3464.126187 3473.417603 3488.053432 3502.128749 3501.532741 3483.363553 3465.582491 3449.452904 3446.431149 3443.601156 3438.662730 3440.834368 3442.698438 3428.140813 3397.921465 3359.094947 3318.765454 3301.068845 3285.471778 3274.695101 3258.288725 3220.329055 3158.236460 3120.605520
3310.907394 3343.844420 3372.477419 3402.517407 3417.662819 3420.435532 3418.111934 3417.197998 3424.119863 3427.175401 3433.273529 3449.705815 3480.676706 3515.207449 3544.421978 3559.964774 3552.607904 3535.278468 3513.659962 3504.383874 3501.652552 3505.060781 3514.213392 3526.490456 3545.513498 3564.498759 3570.206602 3571.069977 3568.428270 3570.792471 3572.299991 3572.406408 3575.109860 3583.184893 3592.746087 3596.032971 3588.607837 3568.169615 3545.112124 3533.444542 3526.745461 3523.262543 3523.977487 3528.753379 3531.645477 3517.325450 3482.683464 3439.219307 3409.097301 3393.357976 3380.441425 3366.888874 3354.902153 3324.079251 3303.810940
3418.902981 3433.797789 3461.521488 3489.906666 3512.585039 3527.362249 3528.065041 3531.293287 3535.980642 3543.503722 3558.543325 3581.308971 3599.758406 3621.722453 3647.704377 3663.540401 3668.812947 3667.336497 3663.555630 3664.809744 3665.142961 3605.692967 3611.654708 3617.592561 3633.775155 3648.494502 3653.795869 3654.399551 3651.991493 3653.752814 3654.477277 3654.394157 3654.024642 3656.130709 3660.936768 3662.773624 3660.502822 3648.441132 3665.288089 3645.576491 3632.287164 3624.172580 3616.012074 3607.773102 3598.388854 3588.601318 3569.057447 3538.744490 3504.686719 3482.791989 3474.675808 3468.703762 3460.608887 3455.128347 3438.532017
3517.078593 3527.626940 3545.460322 3567.822263 3601.006327 3623.908694 3635.145726 3644.316060 3648.947003 3662.671088 3678.955014 3663.921477 3671.811304 3679.975833 3688.088156 3690.873995 3691.671646 3691.303586 3688.930023 3688.194270 3685.847487 3682.273284 3671.910732 3673.509061 3675.415576 3678.023106 3681.733845 3680.608569 3681.700343 3684.648819 3682.914016 3676.928550 3672.901717 3671.328561 3672.276267 3679.675860 3683.128084 3684.069636 3680.916741 3680.007883 3679.061872 3675.832268 3671.800167 3666.116089 3658.845035 3672.635752 3660.814351 3633.316715 3593.887301 3553.478197 3545.353570 3546.678771 3546.740031 3545.199167 3539.688642
3639.810811 3653.251586 3667.802735 3647.297690 3668.512870 3679.370231 3684.446954 3688.411951 3691.167583 3694.108393 3691.079851 3688.038242 3683.181794 3681.652413 3680.313270 3677.887320 3678.522931 3676.637893 3672.599724 3668.621314 3660.817206 3649.350485 3638.176759 3634.715373 3639.045733 3644.608828 3649.683870 3654.016316 3657.699961 3657.806074 3652.411950 3644.052265 3636.561193 3634.883412 3641.716377 3647.436680 3653.839654 3654.695599 3653.306435 3650.862844 3650.659801 3647.466290 3647.701689 3654.712516 3669.308522 3672.304236 3677.909017 3677.110845 3661.301620 3632.674951 3642.530938 3622.715928 3628.560768 3624.039927 3612.784848
3682.523396 3685.154829 3683.606370 3682.448473 3676.121906 3670.107758 3669.346485 3673.356861 3680.387279 3681.481964 3674.465361 3665.952240 3658.787886 3651.460134 3649.163820 3648.560616 3648.292032 3648.776201 3643.512068 3634.374747 3617.568420 3606.033678 3594.987003 3589.060305 3585.457378 3589.053309 3600.156442 3612.082799 3617.080881 3608.034771 3599.685505 3587.998596 3579.947961 3580.379578 3581.522048 3590.962709 3607.514239 3614.767010 3615.537914 3609.185816 3602.868730 3596.270427 3593.279120 3599.708526 3614.921835 3631.492575 3646.877837 3655.900232 3663.557876 3670.593835 3669.474548 3672.077710 3673.510106 3671.487750 3674.133701
3676.772640 3669.850549 3662.939844 3657.700038 3651.280887 3645.985058 3644.197127 3646.155874 3648.215612 3644.234594 3637.886226 3627.952062 3617.026135 3607.410155 3599.996005 3601.040110 3603.414460 3605.048997 3597.907807 3582.724186 3565.071762 3551.682187 3537.892061 3534.003110 3528.246818 3520.939899 3531.094433 3550.560162 3557.827233 3542.011128 3531.249453 3516.181459 3509.549459 3505.641430 3506.479558 3515.419863 3537.623784 3561.237514 3563.215018 3552.358812 3541.578508 3536.806728 3533.597608 3538.301979 3555.031442 3575.622544 3591.486448 3601.757423 3607.056263 3614.813006 3624.161448 3638.193731 3652.804176 3664.980861 3669.981576
3651.885339 3644.173715 3636.572652 3629.029868 3622.206586 3616.096723 3611.889523 3609.985475 3606.250584 3600.262289 3593.354037 3573.432701 3561.185590 3548.527535 3533.895670 3530.189018 3525.697436 3526.947256 3515.614423 3507.556555 3491.046541 3475.833538 3460.355133 3447.380322 3441.721995 3435.163298 3434.023626 3447.659163 3456.138477 3446.340215 3436.632855 3425.832780 3421.191729 3417.842223 3420.254230 3430.642926 3450.349223 3468.626393 3476.848207 3469.400361 3467.689042 3467.394354 3465.751658 3471.863669 3482.812746 3500.729237 3522.784517 3541.291155 3550.980046 3557.805108 3566.977683 3581.268016 3595.248228 3609.443284 3627.240710
3621.587103 3612.398434 3602.612777 3593.056330 3582.728529 3572.350031 3566.031753 3568.688264 3562.778231 3557.260729 3535.429143 3481.415081 3460.866132 3442.298960 3426.422873 3420.030008 3411.924130 3396.710714 3388.208477 3383.718432 3385.283771 3371.377975 3354.253354 3336.860939 3332.058440 3328.556486 3311.974889 3308.172641 3308.944107 3324.216629 3318.093231 3316.492877 3318.080902 3315.683779 3317.098854 3329.866576 3337.836284 3343.577644 3350.182387 3354.366653 3364.445139 3371.974913 3381.466766 3398.225537 3409.031499 3424.231527 3444.331765 3469.473440 3484.477482 3493.741221 3503.949944 3519.030975 3535.017277 3552.511110 3574.688535
3587.300811 3571.182025 3556.882625 3542.829247 3530.372783 3517.809394 3502.496828 3504.518418 3502.512744 3492.684724 3439.338206 3398.859871 3365.737481 3348.875127 3325.786322 3312.801163 3297.256988 3260.170399 3243.315295 3242.731034 3257.087445 3253.380869 3238.218891 3226.399534 3217.277254 3208.274073 3191.053085 3173.120432 3179.140608 3197.177332 3197.784365 3200.803556 3208.405517 3207.791013 3201.277477 3199.057031 3211.114463 3216.608015 3227.498500 3244.473130 3249.083882 3264.621558 3297.420072 3309.930296 3324.541796 3342.592749 3362.636215 3384.123094 3406.057054 3419.645440 3434.391416 3452.473618 3468.799309 3488.794713 3511.107479
3537.354785 3506.906316 3486.277335 3469.322827 3450.726462 3424.695481 3405.052917 3403.170544 3397.333921 3369.488815 3318.370742 3283.048605 3259.775797 3238.543394 3216.056409 3193.300880 3158.987586 3125.054283 3103.807480 3119.205304 3130.484324 3141.659885 3130.393289 3119.783354 3110.415719 3092.892365 3076.348233 3060.378898 3071.299308 3079.964484 3098.282694 3104.952970 3108.846703 3114.485628 3112.988685 3102.509810 3097.875351 3105.745988 3115.357135 3126.911344 3147.513048 3180.400277 3204.506420 3222.068578 3241.904191 3259.982604 3280.765455 3303.099355 3325.114202 3341.412087 3359.125551 3376.905685 3397.191787 3415.928228 3438.421703
3458.976211 3431.285523 3405.472939 3382.944601 3352.416583 3307.296544 3293.518434 3285.168133 3264.531605 3218.568346 3177.701282 3158.533689 3145.638169 3123.115259 3102.739051 3075.006363 3042.080403 3020.828686 3000.905836 3011.547211 3022.085860 3042.026090 3033.477567 3026.770803 3023.911245 3008.887300 2995.800106 2979.637360 2986.087630 2998.154911 3021.270594 3027.154501 3031.229001 3040.436272 3039.588627 3034.934318 3017.680426 3024.250395 3034.669588 3048.533944 3078.850807 3100.924756 3122.818031 3143.828641 3162.482530 3181.633669 3203.072482 3225.278942 3250.652968 3269.339098 3287.512115 3308.222091 3326.737420 3340.727719 3356.679087
3352.800968 3329.364649 3310.312834 3286.933302 3245.452732 3202.558146 3164.841995 3139.688623 3089.260330 3055.715209 3035.451072 3034.463310 3022.927653 3004.084226 2986.435349 2979.237174 2958.016681 2939.617175 2915.115272 2920.828840 2936.802463 2953.988848 2955.233085 2956.235960 2954.949742 2945.802880 2932.530670 2919.036586 2922.837202 2939.880253 2957.839360 2967.804976 2975.500067 2983.246335 2982.972006 2973.498282 2963.436792 2968.073200 2982.936380 2988.391930 3005.137872 3025.073316 3044.784288 3064.257553 3085.764462 3107.362777 3129.270225 3153.051495 3177.174417 3197.220702 3219.742859 3242.977285 3258.714156 3266.775953 3274.109260
3252.085486 3233.500082 3211.210698 3184.813252 3145.683974 3107.045194 3067.353147 3022.067503 2990.591914 2974.666577 2968.297674 2953.711900 2941.195775 2927.554014 2908.248045 2893.121731 2879.068007 2858.529811 2848.751018 2856.399807 2870.190903 2878.784789 2885.721420 2883.907230 2881.859374 2876.424032 2862.721892 2858.440089 2868.442044 2883.647438 2897.376127 2908.871689 2915.736255 2920.842356 2917.740701 2908.506517 2905.293649 2913.255756 2928.390069 2941.109322 2955.407592 2975.182889 2985.193198 3005.246143 3026.164303 3046.878187 3069.974607 3093.780353 3118.371457 3144.046882 3165.154401 3181.214757 3188.793679 3197.089070 3196.040148
3132.769954 3121.997216 3097.383614 3070.545777 3042.459908 3010.527557 2987.679722 2968.491867 2939.899780 2912.483292 2887.860789 2876.449675 2871.207410 2860.409488 2844.437237 2834.159739 2819.457056 2809.849879 2816.241557 2817.955362 2826.436320 2824.978363 2826.216025 2824.066283 2823.716848 2821.668111 2815.579314 2827.343149 2833.174494 2846.559007 2856.558179 2866.202441 2871.911608 2875.390995 2876.359081 2871.926460 2877.495884 2883.314651 2896.605977 2907.249784 2920.170500 2939.304606 2954.930934 2972.628971 2985.419385 3006.564065 3028.555619 3052.549599 3078.847499 3101.826402 3118.112175 3123.476658 3131.267046 3131.544236 3119.394380
