tests/Borden05m/data_simulated/sim_1/output-maps/psiliqL0015N0018.asc
ncols         160
nrows         34
xllcorner     620200.000000
yllcorner     5168000.000000
cellsize      0.500000
NODATA_value  -9999.0
[rows 0 to 24 of 34, columns 0 to 55 of 160]
-9999.0 -9999.0 -9999.0 -9999.0 -9999.0 -9999.0 -9999.0 -9999.0 -9999.0 -9999.0 -9999.0 -9999.0 -9999.0 -9999.0 -9999.0 -9999.0 -9999.0 -9999.0 -9999.0 -9999.0 -9999.0 -9999.0 -9999.0 -9999.0 -9999.0 -9999.0 -9999.0 -9999.0 -9999.0 -9999.0 -9999.0 -9999.0 -9999.0 -9999.0 -9999.0 -9999.0 -9999.0 -9999.0 -9999.0 -9999.0 -9999.0 -9999.0 -9999.0 -9999.0 -9999.0 -9999.0 -9999.0 -9999.0 -9999.0 -9999.0 -9999.0 -9999.0 -9999.0 -9999.0 -9999.0 -9999.0
-9999.0 -9999.0 -9999.0 -9999.0 -9999.0 -9999.0 -9999.0 -9999.0 -9999.0 -9999.0 -9999.0 -9999.0 -9999.0 -9999.0 -9999.0 -9999.0 -9999.0 -9999.0 -9999.0 -9999.0 -9999.0 -9999.0 -9999.0 -9999.0 -9999.0 -9999.0 -9999.0 -9999.0 -9999.0 -9999.0 -9999.0 -9999.0 -9999.0 -9999.0 -9999.0 -9999.0 -9999.0 -9999.0 -9999.0 -9999.0 -9999.0 -9999.0 -9999.0 -9999.0 -9999.0 -9999.0 -9999.0 -9999.0 -9999.0 -9999.0 -9999.0 -9999.0 -9999.0 -9999.0 -9999.0 -9999.0
-9999.0 -9999.0 -9999.0 -9999.0 -9999.0 -9999.0 -9999.0 -9999.0 -9999.0 -9999.0 -9999.0 -9999.0 -9999.0 -9999.0 -9999.0 -9999.0 -9999.0 -9999.0 -9999.0 -9999.0 -9999.0 -9999.0 -9999.0 -9999.0 -9999.0 -9999.0 -9999.0 -9999.0 -9999.0 -9999.0 -9999.0 -9999.0 -9999.0 -9999.0 -9999.0 -9999.0 -9999.0 -9999.0 -9999.0 -9999.0 -9999.0 -9999.0 -9999.0 -9999.0 -9999.0 -9999.0 -9999.0 1098.785818 1081.633251 1066.503324 1064.059348 1086.578757 1110.169748 1134.233185 1155.080540 1173.905509
-9999.0 -9999.0 -9999.0 -9999.0 -9999.0 -9999.0 -9999.0 -9999.0 -9999.0 -9999.0 -9999.0 -9999.0 -9999.0 -9999.0 -9999.0 -9999.0 -9999.0 -9999.0 -9999.0 -9999.0 -9999.0 -9999.0 -9999.0 -9999.0 -9999.0 -9999.0 -9999.0 -9999.0 -9999.0 -9999.0 -9999.0 -9999.0 -9999.0 -9999.0 -9999.0 -9999.0 -9999.0 -9999.0 -9999.0 -9999.0 1146.128539 1152.151653 1153.310705 1143.149168 1132.161772 1119.955220 1100.058602 1082.500814 1068.117903 1065.941898 1068.852500 1073.839581 1096.393497 1121.465489 1141.484309 1158.627068
-9999.0 -9999.0 -9999.0 -9999.0 -9999.0 -9999.0 -9999.0 -9999.0 -9999.0 -9999.0 -9999.0 -9999.0 -9999.0 -9999.0 -9999.0 -9999.0 -9999.0 -9999.0 -9999.0 -9999.0 -9999.0 -9999.0 -9999.0 -9999.0 -9999.0 -9999.0 -9999.0 -9999.0 -9999.0 -9999.0 -9999.0 -9999.0 -9999.0 -9999.0 1052.977080 1070.490360 1088.778047 1107.459041 1124.472559 1131.492564 1137.432607 1143.284198 1139.323385 1134.977050 1123.864470 1104.737204 1085.534048 1072.133123 1070.470013 1068.330846 1072.844224 1085.829044 1102.924320 1119.280107 1140.508678 1164.537374
-9999.0 -9999.0 -9999.0 -9999.0 -9999.0 -9999.0 -9999.0 -9999.0 -9999.0 -9999.0 -9999.0 -9999.0 -9999.0 -9999.0 -9999.0 -9999.0 -9999.0 -9999.0 -9999.0 -9999.0 -9999.0 -9999.0 -9999.0 -9999.0 -9999.0 -9999.0 -9999.0 -9999.0 1056.020828 1050.324890 1045.631587 1044.491809 1043.538893 1042.791845 1049.860311 1062.042755 1080.214062 1102.258312 1115.577711 1123.099222 1130.046083 1131.009699 1126.159476 1124.526071 1125.212252 1113.601378 1102.177200 1091.511250 1081.226338 1079.811137 1089.641843 1104.152591 1120.756270 1135.981781 1151.803780 1162.129043
-9999.0 -9999.0 -9999.0 -9999.0 -9999.0 -9999.0 -9999.0 -9999.0 -9999.0 -9999.0 -9999.0 -9999.0 -9999.0 -9999.0 -9999.0 -9999.0 -9999.0 -9999.0 -9999.0 -9999.0 -9999.0 -9999.0 -9999.0 1025.056566 1030.901347 1037.697372 1045.504091 1046.763594 1043.116803 1037.884389 1035.284365 1034.207700 1032.834434 1037.718481 1046.011246 1059.855109 1075.961630 1098.256983 1107.176305 1113.383078 1125.843351 1129.063942 1135.416493 1139.825069 1138.451267 1135.781611 1123.309528 1114.067007 1119.074463 1125.050549 1132.223282 1140.637789 1154.452434 1170.026106 1187.529397 1207.866985
-9999.0 -9999.0 -9999.0 -9999.0 -9999.0 -9999.0 -9999.0 -9999.0 -9999.0 -9999.0 -9999.0 -9999.0 -9999.0 -9999.0 -9999.0 -9999.0 -9999.0 -9999.0 -9999.0 999.350955 1000.443188 1001.901616 1006.878032 1007.903490 1010.278751 1017.557504 1026.044061 1028.849762 1027.465844 1026.515786 1028.470760 1031.634104 1036.487858 1048.145248 1062.358513 1076.958629 1091.151342 1112.460300 1127.620119 1141.488500 1157.814577 1157.680086 1154.112612 1152.698321 1153.520477 1153.921494 1157.775908 1160.462935 1167.075290 1171.717157 1178.143646 1187.866023 1199.846562 1218.330200 1238.343436 1258.247906
-9999.0 -9999.0 -9999.0 -9999.0 -9999.0 -9999.0 -9999.0 -9999.0 -9999.0 -9999.0 -9999.0 -9999.0 -9999.0 -9999.0 -9999.0 -9999.0 970.162187 972.151772 974.590177 980.223231 983.432007 987.701175 994.952906 996.545967 1000.628442 1008.134797 1013.384472 1022.668631 1031.209242 1038.989607 1045.460042 1048.652210 1056.549434 1066.675392 1079.037643 1094.681835 1116.550384 1140.202219 1156.926514 1174.249161 1191.836071 1192.923936 1192.235953 1193.718642 1194.428340 1200.704744 1218.255275 1224.184000 1225.200259 1241.399032 1255.575883 1260.888005 1268.927812 1288.454135 1312.355996 1335.232578
-9999.0 -9999.0 -9999.0 -9999.0 -9999.0 -9999.0 -9999.0 -9999.0 -9999.0 -9999.0 -9999.0 -9999.0 -9999.0 923.212396 927.478370 937.282879 946.922610 949.719503 954.320423 960.712715 973.212049 977.172521 983.734626 991.650340 1003.982038 1013.028408 1022.624521 1034.946073 1043.856534 1051.633301 1059.208780 1065.232370 1078.956191 1094.703429 1110.953498 1131.690809 1154.288690 1175.268252 1196.160507 1212.613555 1226.730224 1228.867559 1228.372179 1231.148795 1238.988971 1256.198976 1275.245569 1284.076347 1302.043649 1325.288164 1338.915688 1350.660988 1359.518959 1373.287046 1394.751248 1428.811883
-9999.0 -9999.0 -9999.0 -9999.0 -9999.0 -9999.0 -9999.0 -9999.0 -9999.0 -9999.0 890.250413 892.634970 889.376414 889.163987 894.504100 906.847300 920.854605 927.628458 939.529295 960.791951 978.968632 982.830209 997.683750 1008.314568 1015.529314 1026.497699 1040.155701 1053.501332 1070.864210 1084.010565 1096.180986 1116.268468 1133.492729 1150.816034 1169.351893 1190.404650 1210.731806 1239.603777 1267.184169 1280.470826 1303.009738 1314.034877 1311.682988 1312.167886 1321.580845 1337.735321 1359.031342 1382.421872 1404.420723 1429.984258 1447.358508 1462.032525 1473.030653 1485.572947 1501.555591 1537.282166
-9999.0 -9999.0 -9999.0 -9999.0 -9999.0 -9999.0 -9999.0 -9999.0 865.495378 872.977989 879.216298 876.390320 872.099111 868.284770 882.276544 898.329541 914.640160 932.587823 948.901870 967.462097 983.077614 999.667506 1019.960253 1032.107833 1044.246377 1060.134077 1074.425960 1092.160815 1114.216551 1127.607857 1145.013388 1167.278836 1186.725907 1205.679931 1225.364213 1244.396868 1271.349010 1305.447767 1337.905435 1360.876410 1389.196162 1412.332043 1411.857466 1414.566639 1419.205576 1445.016725 1474.443378 1505.209821 1530.412101 1557.760269 1587.335161 1605.624023 1616.451021 1629.141424 1644.397861 1663.553171
-9999.0 -9999.0 -9999.0 -9999.0 -9999.0 -9999.0 838.172208 862.522899 877.693114 869.920150 859.984727 856.446372 852.493678 876.450949 898.653519 916.183406 933.411297 951.412198 968.367601 981.607849 1015.604797 1033.990838 1048.788328 1067.189557 1082.388051 1097.655709 1115.791372 1139.881624 1162.433917 1192.764979 1219.250563 1243.995543 1271.218599 1291.904890 1311.655104 1330.612567 1362.425982 1400.158559 1437.135708 1466.138957 1493.524998 1524.481600 1531.546335 1537.328489 1544.357128 1565.559925 1597.288285 1627.624414 1661.303829 1693.354009 1720.249005 1732.246549 1742.707835 1754.045101 1767.495315 1779.711384
-9999.0 -9999.0 -9999.0 -9999.0 804.671138 825.671676 845.774233 876.575135 899.281123 894.488640 901.270311 901.533005 899.814170 903.939036 911.277284 929.640648 948.622944 967.935487 986.071309 1021.127434 1065.843458 1081.770035 1106.365217 1138.813677 1153.053539 1168.995694 1186.002796 1209.790311 1237.087587 1271.256140 1315.489983 1353.294819 1379.864682 1403.518960 1425.437436 1447.804844 1482.272853 1520.136988 1557.111127 1591.284149 1621.096750 1646.966471 1659.413918 1667.307141 1679.146038 1695.577182 1716.972910 1744.207557 1775.449183 1807.391845 1832.322323 1845.754737 1853.556148 1864.117503 1874.353805 1886.188137
-9999.0 -9999.0 -9999.0 755.030872 793.812484 831.826577 858.950663 890.020412 922.358127 927.062737 936.258904 941.232566 946.074602 954.742654 963.349722 980.710662 997.298705 1013.763370 1036.268538 1073.358034 1108.649410 1138.481003 1170.816711 1197.595304 1218.472363 1234.801931 1253.969315 1278.505070 1318.832202 1356.750757 1407.492895 1461.185138 1498.394400 1523.149875 1545.880517 1573.483447 1598.700663 1635.103201 1669.973747 1702.999804 1734.552021 1759.122327 1777.673173 1785.295121 1794.932633 1803.477019 1819.527165 1840.914687 1862.719994 1891.507536 1919.774690 1944.562148 1958.579639 1968.589696 1984.506266 2000.515404
-9999.0 -9999.0 707.776967 745.716633 779.816076 830.050943 883.174096 917.795858 958.838196 982.725859 989.615470 1006.648422 1022.664409 1029.834456 1045.264548 1062.408595 1080.433670 1087.612908 1105.000259 1135.384569 1185.012180 1230.339993 1250.803118 1301.246211 1334.396981 1362.284847 1380.412172 1407.470075 1443.435007 1485.174314 1533.964725 1584.339500 1623.165150 1654.705265 1671.740728 1691.531326 1714.203674 1738.377631 1772.347447 1800.975241 1832.371583 1858.326761 1879.959625 1886.654777 1891.655613 1907.369029 1931.695119 1957.537157 1981.957550 2005.607983 2008.537264 2020.842256 2026.766780 2030.381185 2035.426267 2038.980795
-9999.0 -9999.0 680.940901 725.980629 766.196153 832.519495 912.654037 949.970185 993.050513 1039.125707 1057.850397 1082.343083 1093.831393 1102.847196 1126.022544 1148.140796 1160.783981 1167.853639 1167.832119 1223.494486 1281.739471 1331.362619 1376.685345 1443.138661 1488.077079 1504.727981 1517.381913 1538.163526 1562.993900 1606.370183 1654.017298 1707.326413 1751.431210 1782.964498 1799.693438 1818.408110 1838.746356 1856.400243 1875.490467 1914.861895 1942.522091 1968.484625 1995.501566 2015.763458 2024.125688 2027.757123 2016.843962 2026.989371 2034.053207 2037.479250 2039.015893 2036.132345 2035.873508 2036.858978 2038.015978 2033.080190
-9999.0 591.875755 644.094000 697.292402 766.190401 833.475797 916.632612 996.656373 1054.137887 1101.779402 1130.998341 1142.790920 1178.090587 1219.584153 1244.956295 1271.039197 1274.259371 1279.862360 1270.371521 1319.107008 1368.457673 1441.369427 1548.784324 1604.016101 1648.098210 1649.545610 1644.442233 1656.843378 1680.791925 1725.056985 1793.244758 1841.961619 1896.407100 1937.691153 1953.797581 1961.426777 1979.403009 1999.452056 1985.792735 2009.300401 2020.563264 2030.071539 2033.518705 2035.834975 2037.401378 2038.001881 2035.180178 2029.120286 2021.597082 2016.201413 2012.264118 2007.797265 2010.179006 2013.325856 2013.871618 2006.814720
-9999.0 556.314852 615.768859 687.277327 758.386889 825.897502 928.986074 1072.864295 1127.111863 1164.789685 1187.372713 1208.375903 1284.625136 1349.349537 1382.393654 1426.034994 1420.543605 1410.625298 1397.471838 1430.478186 1479.612225 1552.547380 1693.148748 1775.381501 1803.032388 1813.433031 1820.163820 1846.848461 1884.358820 1922.273079 1957.604022 1958.914650 1988.378281 2004.244854 2010.260392 2013.582223 2018.691300 2020.137021 2019.476992 2017.022102 2013.512866 2014.733403 2019.609262 2020.092863 2017.788440 2014.971243 2009.492471 2001.862123 1996.092629 1991.093750 1987.942799 1984.556802 1982.554972 1982.125472 1977.357163 1971.299825
-9999.0 526.339496 597.730838 661.269416 725.986059 840.092618 966.492588 1102.422159 1195.644820 1233.640143 1255.804600 1323.204302 1421.996091 1515.958102 1565.982493 1590.479353 1591.561236 1570.853019 1574.590660 1619.774144 1684.859968 1776.430250 1867.912073 1943.309147 1955.937483 1959.417176 1938.536902 1953.422043 1968.255982 1973.894552 1979.247760 1986.978062 1996.136980 2002.418513 2004.125041 2003.724826 2001.038379 1994.756426 1991.101386 1988.780576 1986.072975 1986.166524 1989.144478 1990.555766 1988.024024 1984.010459 1979.137913 1972.938854 1966.157318 1958.885867 1954.269957 1949.651295 1946.925211 1941.492607 1936.617799 1929.991563
-9999.0 426.206185 514.824371 569.627138 683.551614 858.396884 985.518418 1135.626062 1282.291540 1321.164597 1394.844226 1513.139863 1616.031704 1687.340981 1725.571389 1765.575174 1793.932609 1817.572587 1853.277236 1811.019991 1868.998898 1927.772764 1953.758756 1966.198860 1968.502395 1969.986939 1962.924722 1945.509452 1937.864108 1934.704866 1940.364252 1951.621721 1960.715501 1969.244500 1969.676026 1972.109923 1973.572591 1971.160462 1968.214713 1960.656448 1953.542673 1948.080122 1946.353108 1951.463488 1946.408799 1942.939103 1936.505633 1927.945398 1918.674265 1910.448365 1902.170708 1894.911521 1891.580353 1885.480699 1883.282653 1874.235457
-9999.0 345.359176 422.197489 510.994108 648.789495 813.440854 942.874851 1110.390592 1319.329858 1435.778036 1559.637300 1630.398831 1700.889870 1758.498624 1817.854393 1862.621444 1886.991720 1897.986526 1888.933741 1902.371052 1873.213716 1868.838635 1887.752665 1914.737685 1928.325460 1932.554557 1925.000441 1916.020024 1911.072093 1912.771540 1914.579345 1916.127060 1917.245222 1917.552689 1916.456992 1919.881277 1925.417010 1920.014573 1911.921986 1904.100648 1896.916937 1888.743167 1883.259718 1879.628016 1878.313561 1877.696323 1869.818496 1859.053971 1848.044039 1839.369693 1831.236225 1825.194549 1822.042113 1816.477172 1807.809321 1794.845415
-9999.0 246.373402 368.008915 461.887797 583.495929 720.767824 847.415707 1011.609773 1160.396302 1380.092956 1535.791528 1643.359712 1683.275940 1739.960360 1796.579737 1861.644871 1865.797715 1838.513012 1808.248730 1796.322781 1804.647866 1816.266756 1830.254594 1849.727930 1867.052804 1876.626249 1879.280320 1872.898487 1860.868823 1853.285583 1848.506388 1840.836844 1835.882175 1836.536860 1839.036021 1847.387029 1850.159057 1841.668970 1829.159412 1813.348614 1799.467324 1788.911056 1786.029253 1787.265977 1787.055387 1783.113668 1776.089510 1765.316072 1752.564191 1740.509060 1732.904026 1727.161576 1719.812458 1709.346159 1697.777850 1684.798442
-9999.0 -9999.0 292.555132 403.817760 512.164992 635.397278 750.973881 894.581286 1045.245145 1226.107566 1342.789948 1473.149968 1544.687998 1588.675853 1635.810219 1688.937517 1707.891443 1728.441362 1714.520602 1721.301001 1729.925609 1737.320497 1747.489552 1758.879907 1771.820980 1781.696495 1789.747461 1788.270917 1780.390629 1764.605978 1745.775034 1731.804002 1724.566058 1718.909006 1729.368281 1741.416350 1738.814753 1732.595258 1721.015906 1705.625218 1692.866868 1679.235663 1675.389997 1675.413174 1675.214581 1672.055869 1667.464799 1654.548030 1641.576585 1629.713561 1624.044143 1617.641827 1612.042373 1601.031247 1589.265163 1576.481703
-9999.0 -9999.0 208.178752 317.127513 431.870413 555.737604 656.418486 730.855446 883.283222 999.283722 1103.208597 1200.863000 1282.206171 1343.936113 1385.595488 1445.088705 1486.176054 1502.477695 1524.318060 1556.384462 1583.563119 1612.642304 1631.666664 1644.329733 1658.159911 1671.493051 1680.248417 1669.014963 1659.092072 1643.854430 1624.080316 1602.346134 1591.595535 1589.280198 1591.989823 1597.298077 1591.922066 1582.871028 1568.977544 1553.839472 1541.102358 1530.023868 1525.840950 1522.053553 1520.340477 1517.186103 1513.907201 1505.564823 1494.533741 1487.034578 1478.612045 1472.646191 1469.554470 1463.008804 1454.034329 1448.036639
