tests/Borden05m/data_simulated/sim_1/output-maps/psiliqL0001N0014.asc
ncols         160
nrows         34
xllcorner     620200.000000
yllcorner     5168000.000000
cellsize      0.500000
NODATA_value  -9999.0
[rows 0 to 24 of 34, columns 56 to 111 of 160]
-9999.0 -9999.0 -9999.0 -9999.0 -9999.0 -9999.0 -9999.0 -9999.0 -9999.0 -9999.0 -9999.0 -9999.0 -9999.0 -9999.0 -9999.0 -9999.0 -9999.0 -9999.0 -9999.0 -9999.0 -9999.0 -9999.0 -9999.0 -9999.0 -9999.0 -9999.0 -9999.0 -9999.0 -9999.0 -9999.0 -9999.0 -9999.0 -9999.0 -9999.0 -9999.0 -9999.0 -9999.0 -9999.0 -9999.0 -9999.0 -9999.0 -9999.0 -9999.0 -9999.0 -9999.0 -9999.0 -9999.0 -9999.0 -9999.0 -9999.0 -9999.0 -9999.0 -9999.0 -9999.0 -9999.0 -9999.0
-9999.0 -9999.0 -9999.0 -581.193004 -582.257386 -582.982496 -583.373126 -584.852841 -585.978901 -587.326309 -587.516492 -587.346098 -587.592380 -588.148790 -587.435790 -586.521078 -585.744170 -584.632663 -584.872917 -584.750139 -584.319359 -584.201447 -584.394680 -584.906162 -585.228994 -585.614358 -585.041409 -586.595154 -588.609980 -590.150236 -590.455309 -589.117984 -588.335630 -588.502123 -587.777494 -586.189079 -584.841293 -584.421506 -582.793419 -583.092305 -582.445905 -581.349196 -582.219961 -582.411139 -582.256985 -581.897392 -584.209298 -9999.0 -9999.0 -9999.0 -9999.0 -9999.0 -9999.0 -9999.0 -9999.0 -9999.0
-585.578363 -582.577808 -582.803188 -587.234549 -587.633498 -587.704486 -587.482613 -588.088131 -589.689038 -590.065940 -591.254707 -591.764091 -591.901316 -592.386615 -592.022872 -590.060937 -588.670365 -588.287060 -588.604670 -588.771103 -589.204306 -589.511446 -589.409672 -589.893253 -590.334031 -590.805148 -590.654057 -589.395173 -590.868249 -591.594321 -592.315386 -593.090717 -592.806623 -592.573993 -592.495289 -590.647363 -589.955170 -589.484470 -586.993831 -584.664555 -584.067379 -585.030891 -586.067277 -585.777307 -585.831549 -586.763888 -587.663356 -587.630733 -588.056648 -588.225232 -589.096992 -587.747510 -587.792523 -586.285086 -585.024945 -583.552458
-589.580694 -586.135858 -586.386624 -589.706914 -591.684534 -592.265156 -591.826292 -590.420595 -590.958324 -592.116343 -593.871856 -591.909211 -592.189531 -592.379292 -592.035196 -591.385186 -591.149025 -590.848639 -590.404479 -588.640207 -588.792728 -588.952882 -588.859802 -589.162805 -589.726445 -589.666039 -589.966236 -591.450387 -591.201731 -590.831177 -591.154058 -589.686976 -589.613542 -588.778015 -591.374988 -590.967788 -590.369690 -589.956253 -589.665708 -589.309453 -588.781635 -589.912785 -589.099171 -589.972671 -591.936993 -592.382177 -592.173531 -590.520555 -589.667356 -590.646142 -594.174080 -592.313348 -588.384539 -588.712442 -589.361232 -587.459828
-591.834850 -591.158710 -591.628778 -593.001931 -591.652648 -590.561744 -589.866816 -590.492922 -591.761081 -593.288880 -590.116352 -588.834019 -589.559189 -589.204230 -588.291857 -588.264315 -592.223548 -593.254660 -591.742776 -590.157082 -589.492955 -590.221254 -590.570809 -591.236406 -591.221019 -590.795272 -591.211138 -590.590211 -590.062970 -590.737255 -589.733220 -588.596197 -587.495514 -589.986220 -592.221402 -592.095792 -590.255462 -588.927870 -588.266368 -586.345287 -583.302989 -583.823102 -584.508014 -584.815432 -585.133129 -588.660036 -591.859380 -593.107978 -593.640462 -594.566571 -593.811274 -594.483433 -591.366404 -591.624363 -592.141013 -590.646409
-594.634669 -590.800762 -589.866858 -592.013560 -593.164434 -593.674073 -593.333135 -593.756454 -593.698889 -590.900223 -589.400178 -586.789758 -587.785402 -587.715632 -587.818055 -590.500779 -592.510296 -593.887953 -589.835317 -586.602688 -585.559739 -586.453400 -587.194433 -584.249929 -585.127934 -585.510876 -587.263806 -586.637592 -586.896497 -583.788110 -582.609816 -580.979634 -581.621938 -584.688661 -587.250984 -587.394487 -587.144689 -587.490545 -586.788461 -584.862195 -582.401384 -584.217596 -585.005477 -584.824322 -590.177750 -594.295913 -595.668706 -592.736597 -591.050899 -591.337995 -591.048123 -590.899172 -593.009017 -592.502307 -592.269765 -593.270575
-587.003462 -584.845824 -581.167872 -583.697581 -585.456963 -588.587799 -588.241177 -587.870821 -586.821826 -585.347744 -582.514988 -576.984173 -578.132573 -577.785543 -575.917959 -578.958768 -581.778624 -586.029995 -581.335593 -580.271589 -578.715327 -578.942745 -575.250286 -571.934290 -573.984686 -576.778041 -580.073007 -578.079891 -573.685522 -569.545295 -568.580803 -568.108474 -567.326919 -570.291012 -571.070849 -571.720597 -571.453591 -573.450370 -573.392665 -570.276598 -564.869595 -564.253813 -566.931138 -572.073450 -579.708281 -586.498701 -590.116584 -585.943399 -587.172270 -587.726100 -587.029327 -589.630204 -591.127137 -588.902228 -590.872746 -592.389652
-584.958689 -582.803584 -578.580216 -580.394720 -583.714044 -587.209324 -587.141705 -585.044355 -584.030974 -579.969573 -574.088265 -567.078118 -562.906618 -559.055622 -554.783704 -558.071652 -561.627689 -565.649493 -564.974120 -560.245781 -555.376111 -549.382478 -542.395200 -534.544105 -536.507787 -540.477716 -540.799970 -539.089818 -530.654046 -522.194328 -518.433541 -515.865908 -510.884383 -514.187718 -520.188349 -526.756351 -532.980457 -538.201983 -542.200173 -535.221594 -527.254866 -528.811763 -543.290968 -554.515912 -565.514758 -575.029009 -584.525547 -584.443294 -582.788941 -581.285306 -584.659175 -586.255305 -589.283417 -589.916757 -589.600368 -592.872653
-565.218680 -559.573418 -552.796602 -549.653161 -555.969228 -556.846445 -554.571473 -549.731663 -547.852560 -541.885263 -523.496879 -489.489138 -455.412738 -432.234474 -428.355932 -435.328445 -445.153675 -461.906090 -471.459346 -457.346550 -442.692030 -431.166338 -423.446350 -416.819847 -411.998120 -412.329133 -412.258227 -410.907000 -409.295505 -406.025808 -401.897514 -397.562405 -392.503058 -390.674508 -396.714425 -402.748556 -409.141994 -414.916843 -416.431250 -418.236961 -415.022081 -415.455803 -427.087227 -448.098997 -483.224236 -518.455988 -539.180853 -552.406089 -552.656380 -558.426220 -563.014865 -568.066474 -578.319837 -581.114683 -582.660287 -590.572046
-518.662703 -490.248005 -468.560539 -449.263827 -446.161876 -442.214480 -438.797882 -433.560170 -429.138517 -425.023136 -405.982250 -380.108975 -352.865087 -329.960500 -321.172000 -329.195521 -338.210725 -348.431741 -357.210929 -357.030708 -345.870518 -332.249861 -319.021297 -310.390779 -307.285828 -308.813488 -308.728499 -307.850965 -305.270951 -303.718919 -300.181390 -294.455087 -284.862615 -272.872779 -275.116762 -289.942368 -302.091224 -316.440719 -323.146653 -326.777552 -332.266982 -333.044514 -333.317181 -353.304141 -375.153594 -399.018033 -420.343871 -435.357489 -458.439157 -484.140940 -505.548171 -534.458819 -554.241779 -567.903384 -576.960484 -585.151083
-408.400075 -387.147781 -365.406541 -351.685986 -345.705173 -342.636193 -338.413129 -331.927306 -326.449549 -318.928246 -303.297101 -272.276101 -237.061444 -204.062111 -196.260972 -202.626848 -212.325181 -224.372750 -232.368311 -235.597111 -231.233684 -223.610064 -212.113429 -200.774572 -190.561120 -188.734945 -189.801356 -189.240062 -188.859444 -186.213655 -187.130009 -181.782224 -174.120311 -164.550151 -163.849716 -171.047827 -187.261573 -202.702576 -214.130720 -227.545241 -236.157326 -238.416114 -238.546001 -239.290820 -258.104515 -287.688306 -325.865777 -351.987134 -372.012774 -384.146879 -396.197304 -406.102843 -429.013235 -444.777750 -480.546502 -517.877706
-319.516094 -295.027561 -268.546549 -249.150042 -237.515365 -232.417632 -222.665697 -214.152471 -207.207171 -194.719925 -181.095588 -161.807202 -131.889147 -70.233577 -51.928313 -53.860454 -62.513418 -104.699990 -78.205198 -107.396783 -77.873011 -74.227291 -98.414243 -57.655582 -74.387009 -39.938237 -68.980697 -41.706520 -69.557228 -39.412823 -69.261492 -40.078042 -68.243695 -33.370586 -61.664174 -33.825500 -75.700574 -63.025075 -86.303139 -128.540517 -138.625252 -144.025287 -145.587416 -148.356694 -157.564217 -181.413403 -217.723308 -252.676322 -278.080100 -296.092848 -308.650513 -317.074191 -323.650177 -336.178883 -359.003063 -390.069377
-217.633852 -195.734242 -172.811863 -150.624866 -130.024617 -117.554598 -75.002530 -68.946709 -58.715493 -43.607114 -56.040080 -19.949249 -9.436800 8.369750 16.941848 21.902330 23.818559 23.704574 26.858872 25.594300 26.828401 26.869822 27.207744 27.810978 29.414756 30.917216 29.646233 30.830307 29.975169 31.259327 30.232465 31.026559 28.244131 29.209256 28.242556 29.203450 26.261923 19.021091 5.324620 -10.831465 -12.248591 -19.321263 -27.156768 -35.791844 -44.244111 -56.636031 -116.023980 -152.748406 -185.211971 -204.583203 -213.838865 -219.758647 -224.720492 -237.994451 -257.563236 -281.811060
-73.770068 -61.599952 -44.585726 -50.162624 -9.751996 -2.866749 6.695423 10.458851 19.796381 30.269181 30.777028 32.600504 31.092774 32.620379 31.172270 32.783508 31.226770 30.631701 28.925515 29.329808 23.083282 15.007235 16.410537 17.356172 19.829748 22.569647 21.617635 21.823122 25.158421 23.240308 18.855260 15.616077 14.154438 14.079290 20.666460 22.893628 24.222741 24.369948 24.212210 23.796614 24.017592 23.635002 23.770941 23.782259 18.955733 11.328764 -7.303963 -32.838200 -60.724109 -113.287272 -127.016862 -127.709190 -132.183059 -140.084456 -163.990135 -191.318880
12.654106 22.536593 33.489309 32.028495 33.516770 32.017032 34.789122 34.729729 36.502498 30.752745 29.197726 23.627512 23.501478 21.816415 20.131011 20.436819 18.952797 15.360473 12.502984 7.632167 -3.940215 -14.541364 -16.169828 -11.597480 -7.018868 -28.761497 -1.230251 -4.215910 5.081212 -6.226149 -7.613851 -14.267521 -16.298551 -10.477102 -5.227527 -27.089576 -0.535000 -28.052508 -3.551000 -3.263953 -4.783112 -4.434182 1.593240 13.435771 21.077601 21.120777 20.900005 20.935892 20.720318 0.456401 -17.673389 -15.193376 -18.807126 -29.204694 -84.743934 -112.755855
26.164434 26.827800 23.579485 18.833803 13.679579 13.233196 16.763692 23.291042 24.182842 18.505898 11.517214 5.513302 -1.322497 -3.609086 -4.557216 -5.646431 -5.283823 -10.329164 -16.712249 -31.649235 -77.592566 -94.729603 -102.599054 -104.071085 -99.132927 -93.275655 -82.652476 -73.854119 -48.372010 -84.253702 -97.248381 -105.947552 -106.287812 -103.813662 -96.681292 -88.694637 -84.940653 -86.143321 -86.833651 -88.438339 -92.330596 -91.343325 -78.182923 -30.233379 -16.671127 -5.356091 1.305112 8.183967 13.554062 20.565478 20.472481 20.446277 20.383685 16.325586 3.672733 -13.559314
12.563201 7.030899 0.512403 -4.511062 -10.081748 -11.293069 -8.266258 -4.308972 -7.267551 -12.760857 -22.175452 -38.168010 -77.806440 -88.519429 -89.512353 -88.433492 -88.647862 -94.824309 -108.988751 -127.590042 -146.713490 -163.116407 -168.240582 -172.752874 -174.757262 -164.474563 -149.040342 -141.902868 -149.293181 -161.167814 -175.510594 -183.644409 -186.353977 -184.955770 -176.500565 -160.472129 -145.633002 -145.264163 -152.921497 -160.273684 -163.698290 -163.840341 -152.854653 -128.048405 -107.019387 -91.526735 -77.213769 -39.378990 -30.587294 -21.635767 -11.767142 -0.607198 8.954916 19.315692 19.642327 19.540707
-11.367724 -20.348786 -59.387634 -71.654123 -79.303762 -84.124583 -86.776321 -88.847350 -94.881155 -101.312519 -111.302676 -125.043973 -141.415334 -156.528145 -160.654052 -162.975214 -161.457905 -172.526752 -184.410689 -204.448820 -220.664649 -236.178726 -244.179508 -249.500611 -254.234654 -246.263812 -230.126396 -220.515530 -234.730065 -244.963545 -258.519011 -265.328852 -268.602865 -267.903484 -259.595093 -238.280376 -221.227838 -215.957181 -223.778618 -230.573512 -233.404425 -233.074706 -226.610019 -208.726743 -187.467901 -166.989172 -150.715697 -136.293941 -126.149503 -114.700131 -99.153613 -80.580262 -36.501396 -20.382416 -3.893643 8.644765
-86.733866 -98.225975 -113.023954 -125.813964 -137.239171 -143.577546 -143.646242 -150.589830 -157.015276 -166.386881 -204.935281 -219.995672 -237.075959 -251.220603 -256.066684 -262.701524 -265.576670 -274.671088 -281.888725 -293.207860 -307.543849 -321.854961 -333.747473 -337.113728 -340.080769 -342.604365 -333.350387 -329.304844 -332.295528 -338.654790 -345.369927 -349.013581 -351.198975 -348.210948 -337.911441 -327.678846 -317.884806 -313.727137 -318.961064 -314.720570 -309.703614 -309.559763 -295.801621 -282.289018 -265.204308 -244.739948 -223.185561 -210.765959 -200.851688 -189.350297 -172.990383 -153.975371 -131.547833 -106.810539 -78.530297 -32.474916
-140.175138 -153.500568 -168.208870 -181.175880 -193.491021 -204.666360 -204.548809 -208.502797 -214.423773 -243.798607 -282.111938 -308.995210 -323.935071 -340.458442 -347.845731 -354.827968 -372.136271 -382.914627 -389.536017 -388.888747 -397.487085 -408.815394 -417.479867 -420.899653 -422.980285 -428.172651 -429.730596 -427.715862 -422.858927 -427.403582 -430.169588 -429.121337 -430.651092 -431.408806 -425.933151 -417.874581 -413.255763 -408.396221 -403.667394 -400.644503 -395.890206 -378.014385 -366.356306 -355.069560 -339.194011 -321.063948 -301.380889 -284.805124 -273.558827 -260.598947 -242.598048 -225.825570 -204.090021 -179.345018 -149.586943 -126.163278
-204.826636 -221.706212 -236.352926 -250.845787 -265.665267 -284.696796 -286.803734 -293.331631 -303.225705 -336.943079 -368.918948 -393.739167 -408.633062 -422.943060 -431.802646 -450.232055 -483.988689 -504.493467 -504.782895 -500.079204 -505.817207 -519.353193 -529.322939 -535.468045 -541.148002 -548.315410 -552.273101 -548.508341 -544.468818 -544.865368 -545.258783 -543.920027 -544.170629 -544.552832 -543.940148 -536.359563 -530.785787 -524.432675 -518.745161 -513.437561 -488.546163 -458.788421 -438.622208 -423.119857 -409.531811 -392.408248 -373.025412 -357.062806 -345.464770 -330.633579 -314.159457 -295.976551 -276.222769 -251.718360 -222.714753 -199.127111
-267.870912 -290.654308 -308.779781 -327.079217 -353.597299 -365.198016 -372.776103 -379.347282 -400.185272 -425.225625 -454.559904 -492.910074 -518.023630 -534.216151 -546.236247 -557.475793 -566.316808 -571.425493 -568.289280 -566.623509 -563.825905 -568.417926 -572.018464 -572.880437 -576.062456 -578.851313 -582.512003 -579.561260 -578.260291 -574.816530 -575.199878 -575.133152 -573.579530 -574.366658 -574.594840 -576.717711 -574.177644 -572.714175 -570.930554 -564.285124 -557.295074 -548.984756 -540.064631 -527.567233 -508.214738 -477.539589 -444.104631 -422.462920 -408.778496 -394.115014 -376.783056 -361.055620 -345.472237 -326.296572 -302.400607 -280.740858
-349.265007 -365.840888 -383.302372 -406.310565 -432.787063 -457.342300 -470.373898 -500.112634 -524.583978 -547.800609 -559.129988 -564.962437 -570.516927 -574.445373 -577.382579 -582.038508 -585.200688 -589.936369 -588.074814 -585.552598 -581.866515 -584.966247 -585.435409 -584.792108 -586.577755 -588.436794 -591.489533 -591.006512 -588.575444 -585.641139 -585.821836 -585.249059 -583.546341 -583.501562 -584.840380 -587.575871 -586.910698 -585.177541 -583.488366 -580.025414 -576.711111 -573.321316 -570.228490 -565.607747 -559.677477 -552.328585 -540.807672 -523.422868 -505.168099 -473.639808 -439.665493 -420.826559 -410.675156 -398.021512 -376.963588 -360.799093
-420.446512 -435.699633 -463.184283 -508.444837 -538.763072 -557.576232 -566.316903 -573.362309 -579.441463 -581.750430 -583.843090 -586.109522 -587.952682 -589.899717 -591.649268 -593.063160 -595.309934 -599.896455 -597.990080 -595.366816 -592.350563 -592.275377 -592.591657 -592.327438 -593.016934 -595.062706 -598.744647 -597.211386 -595.008418 -593.005028 -592.408345 -592.039730 -590.778930 -591.684115 -593.543145 -596.239129 -595.112993 -593.082787 -591.969864 -590.525922 -588.363925 -586.032367 -583.682416 -580.873980 -577.923690 -573.795624 -568.874582 -562.862262 -555.710569 -546.561295 -532.747093 -521.876887 -507.681274 -489.546867 -460.026635 -435.212564
-529.801789 -543.839810 -554.665804 -564.497098 -573.958859 -578.582133 -582.460974 -585.638359 -588.871090 -590.790353 -592.275589 -591.446351 -592.101522 -594.174799 -594.025868 -595.093078 -598.763245 -597.448604 -596.389045 -593.397553 -593.943132 -594.109455 -594.817664 -594.327216 -594.801392 -598.368606 -596.586516 -595.818837 -593.755968 -593.405796 -592.984351 -592.659193 -592.284984 -592.712186 -595.250658 -594.733637 -594.070542 -592.183518 -592.153642 -591.396653 -589.205566 -588.565609 -587.217648 -585.264834 -583.141461 -580.539029 -577.280007 -572.610944 -567.650836 -562.706202 -560.977844 -557.329848 -554.049182 -556.218006 -548.703666 -539.419439
