tests/Borden05m/data_simulated/sim_1/output-maps/psiliqL0001N0014.asc
ncols         160
nrows         34
xllcorner     620200.000000
yllcorner     5168000.000000
cellsize      0.500000
NODATA_value  -9999.0
[rows 0 to 24 of 34, columns 0 to 55 of 160]
-9999.0 -9999.0 -9999.0 -9999.0 -9999.0 -9999.0 -9999.0 -9999.0 -9999.0 -9999.0 -9999.0 -9999.0 -9999.0 -9999.0 -9999.0 -9999.0 -9999.0 -9999.0 -9999.0 -9999.0 -9999.0 -9999.0 -9999.0 -9999.0 -9999.0 -9999.0 -9999.0 -9999.0 -9999.0 -9999.0 -9999.0 -9999.0 -9999.0 -9999.0 -9999.0 -9999.0 -9999.0 -9999.0 -9999.0 -9999.0 -9999.0 -9999.0 -9999.0 -9999.0 -9999.0 -9999.0 -9999.0 -9999.0 -9999.0 -9999.0 -9999.0 -9999.0 -9999.0 -9999.0 -9999.0 -9999.0
-9999.0 -9999.0 -9999.0 -9999.0 -9999.0 -9999.0 -9999.0 -9999.0 -9999.0 -9999.0 -9999.0 -9999.0 -9999.0 -9999.0 -9999.0 -9999.0 -9999.0 -9999.0 -9999.0 -9999.0 -9999.0 -9999.0 -9999.0 -9999.0 -9999.0 -9999.0 -9999.0 -9999.0 -9999.0 -9999.0 -9999.0 -9999.0 -9999.0 -9999.0 -9999.0 -9999.0 -9999.0 -9999.0 -9999.0 -9999.0 -9999.0 -9999.0 -9999.0 -9999.0 -9999.0 -9999.0 -9999.0 -9999.0 -9999.0 -9999.0 -9999.0 -9999.0 -9999.0 -9999.0 -9999.0 -9999.0
-9999.0 -9999.0 -9999.0 -9999.0 -9999.0 -9999.0 -9999.0 -9999.0 -9999.0 -9999.0 -9999.0 -9999.0 -9999.0 -9999.0 -9999.0 -9999.0 -9999.0 -9999.0 -9999.0 -9999.0 -9999.0 -9999.0 -9999.0 -9999.0 -9999.0 -9999.0 -9999.0 -9999.0 -9999.0 -9999.0 -9999.0 -9999.0 -9999.0 -9999.0 -9999.0 -9999.0 -9999.0 -9999.0 -9999.0 -9999.0 -9999.0 -9999.0 -9999.0 -9999.0 -9999.0 -9999.0 -9999.0 -589.018881 -592.129868 -595.891917 -596.925609 -592.756136 -590.942014 -589.272446 -588.187003 -587.181523
-9999.0 -9999.0 -9999.0 -9999.0 -9999.0 -9999.0 -9999.0 -9999.0 -9999.0 -9999.0 -9999.0 -9999.0 -9999.0 -9999.0 -9999.0 -9999.0 -9999.0 -9999.0 -9999.0 -9999.0 -9999.0 -9999.0 -9999.0 -9999.0 -9999.0 -9999.0 -9999.0 -9999.0 -9999.0 -9999.0 -9999.0 -9999.0 -9999.0 -9999.0 -9999.0 -9999.0 -9999.0 -9999.0 -9999.0 -9999.0 -589.569320 -588.120513 -586.904422 -588.984303 -589.827730 -589.604688 -591.755837 -594.268883 -596.869043 -596.060412 -596.022809 -597.905028 -595.076347 -592.830935 -592.108654 -591.512236
-9999.0 -9999.0 -9999.0 -9999.0 -9999.0 -9999.0 -9999.0 -9999.0 -9999.0 -9999.0 -9999.0 -9999.0 -9999.0 -9999.0 -9999.0 -9999.0 -9999.0 -9999.0 -9999.0 -9999.0 -9999.0 -9999.0 -9999.0 -9999.0 -9999.0 -9999.0 -9999.0 -9999.0 -9999.0 -9999.0 -9999.0 -9999.0 -9999.0 -9999.0 -595.860862 -593.197817 -592.059745 -590.989699 -589.328519 -589.969049 -590.519761 -589.257770 -590.393498 -590.426767 -591.811213 -594.404256 -597.006915 -598.450055 -596.826850 -597.342529 -597.357459 -596.032516 -595.252431 -595.013910 -593.187139 -590.197486
-9999.0 -9999.0 -9999.0 -9999.0 -9999.0 -9999.0 -9999.0 -9999.0 -9999.0 -9999.0 -9999.0 -9999.0 -9999.0 -9999.0 -9999.0 -9999.0 -9999.0 -9999.0 -9999.0 -9999.0 -9999.0 -9999.0 -9999.0 -9999.0 -9999.0 -9999.0 -9999.0 -9999.0 -591.745348 -592.801094 -593.605979 -593.544379 -593.922740 -595.408025 -595.832665 -595.617990 -594.236652 -591.978141 -591.660542 -592.007868 -591.871370 -592.448232 -594.027545 -594.173678 -592.389352 -593.966518 -594.683814 -595.704534 -598.371041 -599.026090 -597.511720 -596.092791 -594.898582 -594.683959 -594.611760 -594.701406
-9999.0 -9999.0 -9999.0 -9999.0 -9999.0 -9999.0 -9999.0 -9999.0 -9999.0 -9999.0 -9999.0 -9999.0 -9999.0 -9999.0 -9999.0 -9999.0 -9999.0 -9999.0 -9999.0 -9999.0 -9999.0 -9999.0 -9999.0 -593.489761 -592.512373 -592.165440 -591.322090 -591.779440 -593.877750 -595.200993 -595.770068 -596.242976 -597.360519 -597.515949 -597.581200 -596.930595 -596.482473 -594.113215 -595.418668 -596.264458 -594.185633 -594.728654 -593.349988 -591.747326 -592.111358 -591.746120 -594.667930 -596.844936 -594.514837 -593.597872 -593.760145 -594.356204 -593.699160 -592.792752 -591.653982 -589.616057
-9999.0 -9999.0 -9999.0 -9999.0 -9999.0 -9999.0 -9999.0 -9999.0 -9999.0 -9999.0 -9999.0 -9999.0 -9999.0 -9999.0 -9999.0 -9999.0 -9999.0 -9999.0 -9999.0 -593.317277 -593.632584 -594.252980 -594.033306 -596.042676 -596.901080 -596.357790 -595.312815 -595.964741 -597.115999 -598.110670 -597.996270 -597.873256 -598.144062 -596.675025 -595.513050 -595.185341 -595.602783 -593.769371 -593.290990 -592.269796 -589.428422 -591.377689 -593.256733 -594.240169 -594.320914 -594.878014 -593.123359 -592.603147 -592.493733 -592.723756 -592.751955 -592.415468 -592.289311 -590.084352 -588.087591 -586.478651
-9999.0 -9999.0 -9999.0 -9999.0 -9999.0 -9999.0 -9999.0 -9999.0 -9999.0 -9999.0 -9999.0 -9999.0 -9999.0 -9999.0 -9999.0 -9999.0 -593.474229 -593.652020 -594.418478 -595.664316 -596.744330 -596.783595 -595.986588 -597.488280 -597.998949 -597.693890 -598.372304 -597.669066 -596.906282 -595.979894 -595.578363 -596.666996 -596.511006 -596.719329 -596.917009 -596.516639 -594.436766 -592.552208 -592.253178 -590.913791 -588.372548 -589.951734 -590.605808 -590.531912 -591.520588 -590.757677 -586.880026 -587.620800 -589.447188 -585.388716 -583.317423 -584.252230 -584.815143 -582.347961 -578.546644 -573.573413
-9999.0 -9999.0 -9999.0 -9999.0 -9999.0 -9999.0 -9999.0 -9999.0 -9999.0 -9999.0 -9999.0 -9999.0 -9999.0 -593.684658 -593.849991 -593.666766 -595.618671 -597.122899 -598.046018 -599.331391 -597.761082 -598.934134 -599.324523 -599.077384 -597.687200 -597.695253 -597.573530 -596.719214 -597.071441 -597.553557 -598.023085 -598.951388 -597.818366 -596.705963 -595.980905 -594.372724 -593.200816 -592.329929 -590.545655 -590.364885 -589.170699 -589.742059 -591.365554 -591.742694 -590.557633 -586.997530 -584.358139 -583.540970 -578.558368 -573.330297 -570.916236 -567.684552 -566.252107 -564.275644 -558.983844 -542.173509
-9999.0 -9999.0 -9999.0 -9999.0 -9999.0 -9999.0 -9999.0 -9999.0 -9999.0 -9999.0 -596.648295 -595.655445 -597.113688 -599.813646 -601.013477 -600.426907 -599.816782 -600.855730 -600.863512 -598.080862 -596.579918 -599.279392 -597.488857 -597.505534 -598.683703 -598.442989 -597.756720 -597.703861 -596.028867 -596.045601 -596.108995 -593.339020 -592.715603 -592.049254 -591.095567 -590.085582 -589.254282 -585.101360 -581.568281 -581.915928 -576.767966 -573.468190 -576.343510 -577.367191 -576.665220 -572.897303 -566.653305 -557.337890 -547.348913 -532.052965 -516.391231 -503.805591 -492.702247 -477.649160 -457.297474 -431.394487
-9999.0 -9999.0 -9999.0 -9999.0 -9999.0 -9999.0 -9999.0 -9999.0 -600.565489 -599.022620 -598.043301 -599.273269 -600.921597 -603.906307 -602.802815 -601.725298 -601.014780 -599.942676 -599.458836 -599.081214 -599.831618 -598.927584 -597.208522 -597.762021 -597.627897 -596.523521 -596.577626 -595.614194 -594.107883 -595.000070 -594.242209 -592.900316 -591.732531 -590.716242 -589.468041 -588.829855 -584.579627 -578.827218 -572.481517 -566.935574 -558.825564 -548.011771 -548.102514 -545.918606 -543.488380 -527.520087 -500.762074 -461.566098 -432.565632 -414.741104 -396.115620 -384.887637 -376.451577 -365.137837 -350.544377 -337.585329
-9999.0 -9999.0 -9999.0 -9999.0 -9999.0 -9999.0 -602.845904 -599.430938 -597.781085 -601.670330 -604.617599 -605.595901 -607.356998 -603.567062 -600.189776 -599.591466 -599.141068 -598.599067 -599.008831 -601.313824 -596.191808 -597.733442 -598.862617 -597.349167 -597.576251 -597.543373 -596.655162 -594.517461 -593.685821 -589.325533 -586.203497 -583.535795 -579.848868 -577.608053 -575.188483 -572.330357 -564.268488 -551.228822 -532.246167 -509.085081 -477.771715 -444.700145 -432.619603 -427.178384 -422.102788 -412.533497 -392.803034 -368.904907 -340.346090 -313.025508 -292.597950 -282.893788 -273.579751 -262.443493 -248.429419 -233.122620
-9999.0 -9999.0 -9999.0 -9999.0 -600.897670 -600.169277 -600.840703 -597.878178 -595.818817 -600.562630 -598.864637 -599.688042 -601.225694 -603.138326 -605.426722 -603.841454 -602.961033 -602.397631 -602.756520 -597.760057 -593.606559 -596.567354 -594.518985 -590.438057 -591.528110 -591.195584 -591.127163 -589.376761 -586.047691 -581.803457 -571.565965 -561.857892 -554.850410 -545.584113 -535.466986 -520.360632 -489.927243 -446.078776 -420.303515 -397.511960 -373.738005 -352.752855 -338.218552 -331.058085 -322.088025 -310.975539 -295.164649 -271.498224 -243.638043 -209.756816 -185.658582 -172.625981 -163.036131 -154.378414 -139.082572 -117.556382
-9999.0 -9999.0 -9999.0 -602.884377 -599.552205 -598.382538 -600.074493 -599.535780 -597.018778 -599.566758 -600.071251 -600.494717 -600.737000 -600.705977 -600.913714 -600.021244 -599.924260 -600.748045 -600.159222 -597.280697 -596.095667 -593.780490 -592.098970 -589.328574 -586.924896 -586.103360 -584.862927 -581.384311 -572.307522 -561.373787 -538.833723 -500.127582 -456.579035 -431.896519 -419.841209 -404.428351 -387.209137 -360.205752 -333.450284 -307.113415 -279.265581 -254.156691 -229.890733 -220.666549 -213.713148 -206.204336 -190.261336 -168.774339 -143.542088 -81.635066 -56.314527 -66.316294 -28.122222 -47.643547 -8.982919 4.506722
-9999.0 -9999.0 -602.213090 -600.342699 -601.708537 -599.350098 -596.762698 -598.789102 -595.662459 -594.668760 -597.978354 -596.144914 -595.226272 -597.280337 -596.024777 -594.626017 -594.015351 -596.568852 -598.490871 -595.056970 -587.570740 -581.472371 -578.268339 -562.203982 -552.137903 -545.362392 -542.060390 -530.427618 -507.662475 -455.880725 -419.079274 -385.017914 -352.406210 -325.621192 -314.122072 -300.340440 -278.927178 -256.131415 -228.800270 -203.429907 -174.991943 -146.496664 -94.920543 -77.137512 -74.005115 -61.238472 -44.371069 -24.972863 -7.622172 9.708795 26.255175 25.956530 26.747275 25.944396 26.754971 26.355370
-9999.0 -9999.0 -604.376346 -601.247056 -603.489344 -598.525010 -594.058637 -598.745237 -597.497889 -592.837291 -594.252369 -593.816580 -594.468769 -594.201441 -592.216682 -588.017555 -590.398861 -591.295992 -596.168061 -585.110800 -575.081046 -556.422670 -514.482336 -459.884692 -427.542412 -422.237614 -419.590388 -409.521207 -391.839028 -355.124368 -309.907082 -261.459483 -221.249272 -194.581145 -181.409603 -167.659807 -145.233846 -90.918942 -76.908867 -77.239147 -32.440085 -21.486974 5.114433 20.453876 25.858388 26.603115 25.668640 26.504393 25.843148 26.426869 25.342303 22.713492 21.334530 22.266964 22.766783 18.514178
-9999.0 -605.008812 -603.459738 -603.394534 -600.201542 -601.329333 -597.603830 -592.221001 -592.818480 -591.083982 -591.232802 -594.552065 -583.435634 -573.616570 -570.454919 -561.558137 -565.617573 -568.492706 -574.493157 -562.236153 -536.566847 -453.647879 -371.198327 -322.730900 -292.690032 -287.479665 -290.086211 -276.819951 -252.578252 -216.674004 -159.795603 -83.391614 -48.105850 -22.429028 -14.487692 -13.328726 -1.538598 13.181090 29.005226 30.139553 31.145048 30.320338 26.586591 25.990413 26.787510 25.741474 23.500789 17.350942 10.262346 5.152989 -5.558993 -4.064299 -25.366874 1.480552 2.534724 -3.726929
-9999.0 -609.814705 -603.586180 -599.929268 -601.422653 -604.028454 -595.280174 -582.344038 -587.677377 -589.502326 -590.221499 -581.553795 -553.634785 -522.818116 -495.097767 -458.360955 -460.379248 -474.605977 -472.390331 -436.651571 -396.882949 -334.328463 -231.360927 -151.692887 -101.328046 -92.625604 -85.394050 -66.084201 -41.938603 -21.472201 -3.435087 17.792725 20.057965 19.917123 20.112142 19.999710 19.949457 20.176869 16.534785 13.188804 8.926191 8.840285 12.090193 11.784842 9.448442 6.813000 0.963586 -7.049264 -13.182375 -26.570236 -57.050738 -65.462834 -70.868495 -68.556010 -71.713362 -77.389363
-9999.0 -604.688813 -597.635635 -599.474579 -605.306396 -596.838188 -593.730350 -584.969064 -578.171499 -580.792443 -568.941211 -523.799641 -446.754618 -401.367951 -370.556389 -350.904623 -337.830130 -337.405586 -317.066807 -272.258517 -202.871923 -86.351370 -46.569420 0.672827 7.049921 7.106808 7.051155 7.072097 7.104055 7.116267 7.145760 5.327296 9.518571 11.468472 10.213549 7.388399 2.364751 -5.077445 -10.459475 -13.464729 -17.252264 -17.410069 -13.924389 -13.502485 -16.067173 -21.836557 -60.036733 -72.395598 -81.610092 -92.252693 -102.114202 -109.171149 -113.167270 -117.582389 -122.306454 -128.145650
-9999.0 -612.766906 -602.740330 -611.166827 -599.106382 -589.327374 -591.322653 -576.108812 -556.701673 -548.750924 -474.851073 -411.854139 -351.325230 -307.896620 -273.681568 -236.182559 -210.419860 -183.717014 -149.503823 -110.149133 0.966938 15.147306 15.346283 15.472852 7.122139 7.105505 -1.517625 -21.050675 -31.271953 -37.956188 -36.403750 -34.323134 -22.573036 -16.486869 -18.783390 -20.597867 -58.395938 -68.408134 -73.637492 -81.751058 -89.165524 -94.083089 -94.730636 -89.562407 -95.562339 -101.888815 -114.065904 -125.132415 -135.612984 -145.471483 -155.074130 -163.274329 -167.174557 -173.071733 -174.476092 -180.999363
-9999.0 -618.821227 -611.649249 -606.118753 -595.654186 -588.521491 -581.011627 -563.709633 -517.875643 -450.112652 -395.296299 -364.685039 -315.108633 -258.964608 -202.392835 -172.265070 -156.021422 -149.379137 -138.962857 -128.434511 -125.684413 -66.750257 -54.178839 -34.558917 -29.887012 -28.217159 -80.343923 -99.062405 -107.610122 -108.851732 -109.406893 -109.182441 -108.260260 -109.339835 -113.361773 -115.014798 -118.159118 -126.632456 -134.841051 -142.039231 -148.242721 -155.403020 -160.333033 -162.896970 -165.820165 -167.694769 -176.837982 -188.234580 -199.201647 -207.827988 -216.326345 -222.973625 -225.279392 -229.498269 -234.742030 -243.911736
-9999.0 -632.361842 -609.072733 -606.173970 -599.888081 -598.187482 -596.629997 -584.390310 -562.891305 -459.120549 -341.081995 -328.696513 -311.945661 -280.319376 -226.684973 -178.291877 -172.292162 -199.591938 -219.086901 -225.878569 -215.776383 -194.048688 -175.026977 -152.975960 -138.566735 -133.246326 -141.697954 -153.869930 -167.966864 -174.975362 -178.119474 -184.662206 -189.681451 -190.081236 -192.830862 -189.806752 -188.737880 -198.830447 -210.785355 -224.177678 -235.681991 -244.085548 -247.029808 -246.694781 -247.598784 -250.807832 -258.199052 -267.762316 -279.125918 -289.189052 -297.004439 -302.348133 -307.465001 -314.270896 -321.776093 -329.729151
-9999.0 -9999.0 -619.563254 -606.106546 -604.380099 -602.423720 -600.640482 -591.018444 -580.531921 -536.648758 -459.005611 -414.871589 -387.305886 -356.628055 -312.711515 -275.769346 -270.821694 -265.440487 -288.258324 -287.470979 -281.372993 -273.340131 -261.260561 -247.743929 -235.680366 -229.029406 -226.892378 -229.998525 -239.195691 -252.525568 -267.111228 -278.033249 -284.998788 -289.987201 -284.227157 -275.617691 -277.388403 -283.598854 -293.500597 -306.122496 -316.439054 -326.560427 -329.008947 -327.963454 -327.965252 -330.458719 -334.978645 -345.321579 -356.026258 -366.874120 -372.174603 -377.201286 -382.001459 -390.069066 -397.961655 -406.199997
-9999.0 -9999.0 -634.680553 -613.012071 -603.846868 -597.533767 -598.520516 -597.169272 -583.155701 -576.186871 -564.065867 -541.702426 -513.488891 -467.372020 -435.022839 -408.222771 -396.756477 -391.402103 -391.990341 -386.273569 -372.605049 -358.135420 -347.461420 -337.191602 -327.565705 -319.928278 -313.336003 -321.579303 -329.985275 -342.429929 -358.063702 -375.189501 -384.303373 -389.232429 -386.147002 -380.537421 -384.116496 -391.229871 -400.509351 -410.563807 -417.497938 -423.972169 -425.576447 -426.055652 -426.080457 -427.527973 -429.920038 -437.688256 -450.345797 -462.043336 -471.997642 -480.726987 -486.086777 -496.035544 -507.258788 -514.944437
