tests/Borden05m/data_simulated/sim_1/output-maps/psiliqL0008N0012.asc
ncols         160
nrows         34
xllcorner     620200.000000
yllcorner     5168000.000000
cellsize      0.500000
NODATA_value  -9999.0
[rows 0 to 24 of 34, columns 0 to 56 of 160]
-9999.0 -9999.0 -9999.0 -9999.0 -9999.0 -9999.0 -9999.0 -9999.0 -9999.0 -9999.0 -9999.0 -9999.0 -9999.0 -9999.0 -9999.0 -9999.0 -9999.0 -9999.0 -9999.0 -9999.0 -9999.0 -9999.0 -9999.0 -9999.0 -9999.0 -9999.0 -9999.0 -9999.0 -9999.0 -9999.0 -9999.0 -9999.0 -9999.0 -9999.0 -9999.0 -9999.0 -9999.0 -9999.0 -9999.0 -9999.0 -9999.0 -9999.0 -9999.0 -9999.0 -9999.0 -9999.0 -9999.0 -9999.0 -9999.0 -9999.0 -9999.0 -9999.0 -9999.0 -9999.0 -9999.0 -9999.0 -9999.0
-9999.0 -9999.0 -9999.0 -9999.0 -9999.0 -9999.0 -9999.0 -9999.0 -9999.0 -9999.0 -9999.0 -9999.0 -9999.0 -9999.0 -9999.0 -9999.0 -9999.0 -9999.0 -9999.0 -9999.0 -9999.0 -9999.0 -9999.0 -9999.0 -9999.0 -9999.0 -9999.0 -9999.0 -9999.0 -9999.0 -9999.0 -9999.0 -9999.0 -9999.0 -9999.0 -9999.0 -9999.0 -9999.0 -9999.0 -9999.0 -9999.0 -9999.0 -9999.0 -9999.0 -9999.0 -9999.0 -9999.0 -9999.0 -9999.0 -9999.0 -9999.0 -9999.0 -9999.0 -9999.0 -9999.0 -9999.0 -9999.0
-9999.0 -9999.0 -9999.0 -9999.0 -9999.0 -9999.0 -9999.0 -9999.0 -9999.0 -9999.0 -9999.0 -9999.0 -9999.0 -9999.0 -9999.0 -9999.0 -9999.0 -9999.0 -9999.0 -9999.0 -9999.0 -9999.0 -9999.0 -9999.0 -9999.0 -9999.0 -9999.0 -9999.0 -9999.0 -9999.0 -9999.0 -9999.0 -9999.0 -9999.0 -9999.0 -9999.0 -9999.0 -9999.0 -9999.0 -9999.0 -9999.0 -9999.0 -9999.0 -9999.0 -9999.0 -9999.0 -9999.0 -317.947911 -335.576474 -352.570742 -354.269879 -331.391651 -308.143186 -284.690730 -264.447593 -246.001992 -227.165690
-9999.0 -9999.0 -9999.0 -9999.0 -9999.0 -9999.0 -9999.0 -9999.0 -9999.0 -9999.0 -9999.0 -9999.0 -9999.0 -9999.0 -9999.0 -9999.0 -9999.0 -9999.0 -9999.0 -9999.0 -9999.0 -9999.0 -9999.0 -9999.0 -9999.0 -9999.0 -9999.0 -9999.0 -9999.0 -9999.0 -9999.0 -9999.0 -9999.0 -9999.0 -9999.0 -9999.0 -9999.0 -9999.0 -9999.0 -9999.0 -270.297976 -264.519570 -262.953681 -273.960383 -285.405355 -297.290545 -317.285928 -335.330779 -351.190749 -354.275718 -351.825999 -346.067885 -322.978637 -298.949351 -279.751478 -262.554406 -243.632099
-9999.0 -9999.0 -9999.0 -9999.0 -9999.0 -9999.0 -9999.0 -9999.0 -9999.0 -9999.0 -9999.0 -9999.0 -9999.0 -9999.0 -9999.0 -9999.0 -9999.0 -9999.0 -9999.0 -9999.0 -9999.0 -9999.0 -9999.0 -9999.0 -9999.0 -9999.0 -9999.0 -9999.0 -9999.0 -9999.0 -9999.0 -9999.0 -9999.0 -9999.0 -361.992863 -344.392644 -326.379517 -308.254602 -291.883217 -285.466200 -279.679227 -273.968805 -278.109000 -283.122037 -294.608434 -313.272155 -333.226651 -347.812236 -350.756754 -353.599584 -349.323860 -336.227188 -319.707583 -303.425891 -282.752678 -259.985463 -251.053426
-9999.0 -9999.0 -9999.0 -9999.0 -9999.0 -9999.0 -9999.0 -9999.0 -9999.0 -9999.0 -9999.0 -9999.0 -9999.0 -9999.0 -9999.0 -9999.0 -9999.0 -9999.0 -9999.0 -9999.0 -9999.0 -9999.0 -9999.0 -9999.0 -9999.0 -9999.0 -9999.0 -9999.0 -356.861211 -362.948221 -368.373154 -370.135177 -371.694210 -373.150045 -366.292598 -353.966642 -335.687231 -314.402477 -301.869656 -294.961113 -288.669236 -288.051682 -293.030610 -295.477331 -295.564967 -307.434218 -319.286890 -330.426036 -341.138446 -342.478701 -333.062203 -319.448396 -303.724897 -289.269306 -274.293302 -261.299694 -246.087266
-9999.0 -9999.0 -9999.0 -9999.0 -9999.0 -9999.0 -9999.0 -9999.0 -9999.0 -9999.0 -9999.0 -9999.0 -9999.0 -9999.0 -9999.0 -9999.0 -9999.0 -9999.0 -9999.0 -9999.0 -9999.0 -9999.0 -9999.0 -385.717992 -379.683276 -373.356383 -366.216776 -365.567195 -370.132073 -376.104326 -379.612954 -381.499149 -383.338521 -379.208733 -370.910962 -357.298583 -341.483401 -320.088981 -311.717834 -305.226676 -292.993919 -291.107259 -286.771493 -283.090426 -285.219751 -288.095671 -300.146154 -309.065943 -303.394427 -297.356021 -291.246140 -284.104511 -271.426804 -255.961032 -238.247225 -217.489389 -195.570520
-9999.0 -9999.0 -9999.0 -9999.0 -9999.0 -9999.0 -9999.0 -9999.0 -9999.0 -9999.0 -9999.0 -9999.0 -9999.0 -9999.0 -9999.0 -9999.0 -9999.0 -9999.0 -9999.0 -410.265747 -409.601018 -408.833765 -404.481198 -403.650064 -401.584079 -394.764419 -386.836571 -385.054317 -386.887212 -388.893596 -387.653707 -385.292901 -381.415649 -370.070432 -356.360611 -342.358385 -328.314487 -307.673580 -293.167417 -279.432954 -263.543705 -265.314854 -270.152820 -272.699667 -272.583578 -272.152685 -266.020140 -262.286404 -256.702220 -250.747811 -243.705484 -234.941186 -224.279709 -205.599587 -184.776855 -163.517873 -142.970041
-9999.0 -9999.0 -9999.0 -9999.0 -9999.0 -9999.0 -9999.0 -9999.0 -9999.0 -9999.0 -9999.0 -9999.0 -9999.0 -9999.0 -9999.0 -9999.0 -438.288715 -436.599136 -434.742433 -429.619324 -427.435955 -423.755742 -417.171055 -416.424330 -412.821011 -405.991099 -401.249059 -393.034876 -385.504359 -378.430665 -372.779550 -370.374925 -362.820551 -353.308803 -341.526870 -325.924999 -304.122380 -281.715079 -265.655996 -249.233587 -232.684016 -232.656917 -234.144900 -233.312933 -232.586338 -224.366975 -205.767002 -199.103162 -194.971736 -175.180936 -160.090635 -153.997715 -146.041469 -126.989306 -101.548894 -72.286624 -36.347576
-9999.0 -9999.0 -9999.0 -9999.0 -9999.0 -9999.0 -9999.0 -9999.0 -9999.0 -9999.0 -9999.0 -9999.0 -9999.0 -482.163816 -478.158477 -469.260454 -461.469054 -459.560119 -456.002281 -450.669491 -438.810554 -435.638019 -429.727726 -422.390640 -411.346095 -403.152658 -394.178605 -382.639966 -374.386141 -367.406523 -360.472494 -353.903614 -340.196897 -324.827291 -308.923821 -288.738305 -267.288028 -246.174711 -224.925719 -209.747562 -195.249354 -191.409808 -193.269637 -191.567785 -182.881323 -163.514235 -142.829835 -128.257984 -104.108818 -77.770136 -60.676541 -45.043455 -33.563680 -18.373532 6.256293 49.266808 94.810972
-9999.0 -9999.0 -9999.0 -9999.0 -9999.0 -9999.0 -9999.0 -9999.0 -9999.0 -9999.0 -517.296819 -514.798145 -518.451061 -517.757405 -513.450284 -501.916749 -489.132209 -482.507148 -471.697349 -451.553770 -434.841064 -431.705648 -417.119246 -407.507504 -401.270227 -390.787658 -377.825896 -364.909874 -347.598461 -334.989586 -322.280139 -301.492738 -285.097158 -268.815017 -251.211607 -231.416966 -209.862519 -178.705064 -150.068213 -134.332503 -108.288322 -92.310228 -94.605487 -93.716960 -84.523536 -63.782438 -35.068683 -2.213280 27.013374 60.418919 87.507297 107.446144 122.773761 139.648063 159.247006 194.056828 234.281495
-9999.0 -9999.0 -9999.0 -9999.0 -9999.0 -9999.0 -9999.0 -9999.0 -541.002762 -534.398463 -528.255053 -531.522196 -536.542544 -539.961916 -527.347503 -511.878067 -496.313626 -479.764716 -464.207358 -446.776859 -431.420751 -415.034666 -396.016345 -384.385051 -372.676888 -357.643225 -344.031275 -326.040155 -304.715484 -289.784842 -270.396973 -248.229625 -228.267144 -209.757983 -190.680149 -171.183481 -140.299273 -102.887242 -66.336994 -36.386430 -2.946938 27.266438 30.661188 36.300023 44.283062 77.272092 116.935242 155.812493 188.376832 218.821450 249.075450 266.884914 278.848070 293.105865 310.154494 327.209477 351.403115
-9999.0 -9999.0 -9999.0 -9999.0 -9999.0 -9999.0 -566.264467 -542.362618 -527.881635 -535.892689 -544.043829 -547.563282 -551.231499 -532.783310 -511.877842 -495.479025 -479.240997 -462.367260 -446.491168 -431.833806 -396.547492 -380.482118 -365.514851 -345.558513 -331.670458 -317.753088 -300.408673 -276.635502 -252.983552 -219.207432 -187.615719 -158.596994 -129.761903 -107.540081 -86.203302 -62.951570 -25.156599 20.185419 66.034619 105.895720 141.927884 176.634762 189.204863 196.895124 206.221029 225.807737 257.143201 288.738823 323.440826 355.325450 379.758555 391.140869 401.771907 414.155820 429.042944 443.670926 457.303001
-9999.0 -9999.0 -9999.0 -9999.0 -599.285388 -578.536099 -558.123417 -527.498299 -505.152718 -510.881970 -503.760031 -503.412970 -504.900423 -502.888183 -497.664877 -480.174867 -462.960447 -445.593215 -426.974226 -388.708151 -346.993468 -330.064649 -302.810339 -270.347058 -256.053187 -240.936649 -225.058697 -200.931578 -169.263888 -130.769933 -78.735626 -32.239487 0.916138 30.296807 57.241665 88.167091 129.768456 173.930036 213.830076 250.399119 282.648148 308.916552 324.640803 333.115048 344.188264 358.570437 377.934460 404.329141 433.980431 465.943168 490.597572 504.606083 513.161427 525.174851 538.660630 554.869150 567.701691
-9999.0 -9999.0 -9999.0 -645.636769 -607.398689 -570.928064 -543.592945 -512.878616 -481.625984 -475.299005 -467.339615 -460.910839 -454.265180 -445.486417 -435.462899 -419.435060 -405.815060 -393.658136 -372.745815 -335.594478 -298.690957 -263.348795 -229.361739 -196.544133 -171.460793 -153.999382 -135.383260 -108.019422 -63.056211 -15.438306 46.254322 112.298963 158.748844 188.400435 210.816865 238.034915 263.858525 299.016130 332.855971 364.647970 395.827588 421.634099 443.127282 451.423966 458.872806 467.394675 483.980589 505.516172 527.932638 557.881688 584.713595 603.953924 616.380605 627.394712 643.463156 659.179774 670.539908
-9999.0 -9999.0 -691.732361 -655.107998 -619.800385 -568.070366 -515.829921 -482.737570 -442.104376 -416.811168 -409.619255 -390.625247 -373.297718 -364.490126 -347.078588 -329.402862 -316.427303 -313.301113 -300.749125 -263.810491 -207.609791 -154.105902 -115.320715 -52.483573 -13.875345 13.064605 30.443598 61.334801 102.989898 156.127559 209.755674 261.104126 301.882875 333.583518 348.757953 366.152780 388.995098 411.080790 441.180798 469.919300 499.216458 525.972270 550.927183 560.225696 563.553044 578.076608 598.122113 621.542798 643.615726 664.508236 677.341718 681.461864 683.951465 686.488764 689.150958 691.047506 691.874028
-9999.0 -9999.0 -716.378715 -672.686525 -629.611544 -559.007485 -484.069427 -446.424449 -403.213303 -358.747989 -339.234616 -315.083023 -294.792754 -275.255975 -250.394623 -225.358641 -220.370991 -217.061077 -216.702227 -159.247050 -94.037584 -19.496603 64.136835 136.693912 182.102145 195.076431 204.407498 224.200037 251.178446 296.513198 346.958618 397.542000 440.176795 469.132174 483.783672 499.175382 518.881341 538.474792 554.452955 588.831038 611.001425 633.453237 657.501356 676.011334 682.702090 684.353245 680.835481 685.002986 688.076336 689.808829 690.168331 686.859258 686.322657 687.503278 688.759616 683.852392 677.265470
-9999.0 -802.190031 -750.519726 -696.205316 -625.353017 -555.555704 -468.731053 -387.237747 -337.287775 -294.830715 -265.436338 -243.482958 -185.891405 -132.583334 -101.770899 -68.987130 -69.461734 -70.255628 -76.593219 -27.681009 39.510410 142.224745 261.494646 320.750504 356.225910 361.187821 358.522589 372.731818 398.122948 437.490460 496.143525 539.050913 582.919195 615.090561 626.435955 630.734954 645.748677 663.599143 670.212951 680.355443 685.097225 689.172678 688.176517 689.446993 690.140934 690.359751 687.203619 681.001977 673.398611 667.874053 663.351022 657.765775 660.026584 663.964410 664.883780 656.739341 647.806121
-9999.0 -835.898804 -775.508890 -702.749706 -630.436713 -551.559998 -437.304500 -309.153430 -262.342706 -226.608121 -193.339266 -140.487014 -44.440924 33.354694 80.334070 127.217329 127.004931 117.190244 117.118410 156.715732 214.931222 292.472417 417.093541 500.351040 515.466383 527.280852 535.969609 558.699752 587.976643 614.908318 638.472048 654.571061 666.586820 672.174545 674.289442 675.483954 677.215001 677.645057 675.096313 672.110881 668.299905 669.098612 673.260227 673.420198 670.976983 667.972963 661.710498 652.519722 645.577737 639.749190 634.996627 628.954006 627.150328 629.489397 625.133576 615.968132 604.644966
-9999.0 -859.082318 -790.315379 -724.256040 -648.983861 -521.932758 -399.742202 -270.785161 -180.361597 -137.778965 -79.970112 21.617770 130.751947 219.246185 268.298172 295.051347 307.865841 302.925285 321.384569 370.964822 437.106127 511.741617 573.387011 634.549065 645.793488 648.800550 642.590581 647.688258 652.581849 654.369518 656.141064 657.579128 663.390231 666.522450 665.890613 663.327941 658.396160 649.481329 643.920354 640.745988 637.615179 637.739024 640.779473 641.591155 639.052061 634.545429 627.882699 618.085084 609.397987 601.074798 595.499428 589.692800 586.999234 583.202719 578.022943 570.060881 555.662628
-9999.0 -943.932513 -860.849010 -797.750540 -659.697698 -495.527400 -371.641931 -216.218579 -76.930511 -14.502083 95.329877 206.666588 300.046262 362.978604 404.265331 446.142328 475.318505 503.436864 541.296293 554.088470 601.700992 635.474976 647.765976 654.597085 651.496660 652.567557 644.581246 625.575949 615.463584 609.342978 611.732881 619.557493 625.907893 631.947412 630.041098 629.719086 627.252178 619.530677 613.803956 605.219174 597.720124 592.622387 591.675081 597.046150 591.832056 587.554008 580.164051 569.958333 559.665623 550.609528 542.007950 534.316774 530.911081 525.249777 523.304758 515.066833 488.679129
-9999.0 -1024.572654 -945.392150 -838.547201 -684.607063 -521.288194 -371.669001 -197.201850 4.645437 129.573080 236.989866 295.012906 362.138320 425.403629 486.665640 523.906089 544.722807 554.826336 561.249566 574.251900 558.470356 557.795333 575.374175 599.237942 609.303581 611.502830 599.069874 585.263685 577.336698 576.234166 575.636985 575.707507 575.401236 573.986035 570.633379 571.193386 573.561976 565.484799 556.394086 548.452065 541.727799 534.227182 529.224691 526.535721 524.509960 523.595931 515.531720 504.278911 493.055245 484.287828 475.884242 469.365688 466.737414 461.953239 455.205132 444.102947 417.563907
-9999.0 -1109.546244 -995.637333 -891.084864 -753.047149 -612.235209 -472.986916 -300.691241 -131.261208 98.794513 272.828566 326.830381 357.724782 403.154570 462.054196 518.597118 525.725052 499.816930 477.861289 469.820066 477.470925 489.586382 505.133340 525.911041 541.490315 548.681899 546.394637 536.178206 522.081509 514.014416 509.394270 501.539990 495.578507 494.809961 493.412902 498.179372 500.035396 489.942882 477.154696 462.483387 449.910470 440.654645 437.771649 438.573970 438.097678 434.803729 427.520929 417.157685 404.710891 393.341007 385.040238 379.051820 372.622549 363.800511 353.882412 342.726033 317.959549
-9999.0 -9999.0 -1064.145419 -951.588489 -834.457469 -704.848529 -574.200892 -415.278813 -255.134846 -52.811366 83.896502 186.365019 243.558535 287.911442 341.255164 389.069048 400.983578 412.663801 392.460715 395.151031 401.835394 408.848540 420.104433 433.054300 445.659061 453.603649 457.967587 455.002708 445.444917 430.202797 412.874479 399.565743 391.311258 385.208652 392.221722 401.897159 399.479559 392.521178 381.083547 366.429055 354.254477 341.945981 338.659225 339.391275 339.321484 336.329059 331.151032 318.564651 305.501928 292.586284 285.987033 279.278788 272.740168 261.321684 249.169300 235.347601 211.212600
-9999.0 -9999.0 -1145.631375 -1033.821328 -911.521880 -784.599592 -674.942938 -563.575030 -401.393111 -274.895208 -166.535154 -69.807547 13.119258 81.205074 130.153881 184.608176 212.943384 225.391450 234.092279 252.102751 274.696651 297.021826 312.458635 325.300042 337.807354 348.347024 356.064236 345.858463 335.428204 319.742563 299.857492 278.062208 265.942262 260.142641 263.205185 269.239493 263.855184 253.598646 239.111874 222.725917 209.649756 197.655208 193.594857 191.367368 190.472304 187.536764 183.622656 173.269579 159.683987 149.179944 139.479085 131.085616 125.517799 114.959212 101.277591 89.755522 65.426189
