tests/Borden05m/data_simulated/sim_1/output-maps/psiliqL0002N0011.asc
ncols         160
nrows         34
xllcorner     620200.000000
yllcorner     5168000.000000
cellsize      0.500000
NODATA_value  -9999.0
[rows 0 to 24 of 34, columns 56 to 111 of 160]
-9999.0 -9999.0 -9999.0 -9999.0 -9999.0 -9999.0 -9999.0 -9999.0 -9999.0 -9999.0 -9999.0 -9999.0 -9999.0 -9999.0 -9999.0 -9999.0 -9999.0 -9999.0 -9999.0 -9999.0 -9999.0 -9999.0 -9999.0 -9999.0 -9999.0 -9999.0 -9999.0 -9999.0 -9999.0 -9999.0 -9999.0 -9999.0 -9999.0 -9999.0 -9999.0 -9999.0 -9999.0 -9999.0 -9999.0 -9999.0 -9999.0 -9999.0 -9999.0 -9999.0 -9999.0 -9999.0 -9999.0 -9999.0 -9999.0 -9999.0 -9999.0 -9999.0 -9999.0 -9999.0 -9999.0 -9999.0
-9999.0 -9999.0 -9999.0 -542.009677 -543.129210 -543.866353 -544.232882 -545.781645 -546.943963 -548.361120 -548.532917 -548.329674 -548.596557 -549.221498 -548.471933 -547.518986 -546.724013 -545.556170 -545.855094 -545.746701 -545.292792 -545.167522 -545.366254 -545.901676 -546.225331 -546.617261 -545.953791 -547.603575 -549.758204 -551.406911 -551.724654 -550.257749 -549.418814 -549.633575 -548.887053 -547.217140 -545.830556 -545.469348 -543.788284 -544.194480 -543.544880 -542.369341 -543.294411 -543.459288 -543.237193 -542.781041 -545.243702 -9999.0 -9999.0 -9999.0 -9999.0 -9999.0 -9999.0 -9999.0 -9999.0 -9999.0
-546.478843 -543.304522 -543.605980 -548.484471 -548.884580 -548.921315 -548.636441 -549.252466 -550.963971 -551.333286 -552.623671 -553.187982 -553.341581 -553.891120 -553.519378 -551.385297 -549.894309 -549.512432 -549.895890 -550.107128 -550.612162 -550.955523 -550.833727 -551.346898 -551.807970 -552.302549 -552.110074 -550.676740 -552.263746 -553.040816 -553.832789 -554.711700 -554.410977 -554.166535 -554.095321 -552.106570 -551.417936 -550.985354 -548.335292 -545.865342 -545.265668 -546.326035 -547.427739 -547.057204 -547.047762 -547.989272 -548.882230 -548.710558 -549.107146 -549.247740 -550.198113 -548.733116 -548.837571 -547.257653 -545.968409 -544.457040
-550.823934 -547.129533 -547.447855 -551.079348 -553.221728 -553.851303 -553.343588 -551.758825 -552.323208 -553.589309 -555.563033 -553.392443 -553.720016 -553.947399 -553.585425 -552.892481 -552.624921 -552.315941 -551.865472 -549.967110 -550.165501 -550.352474 -550.248075 -550.570337 -551.172094 -551.084198 -551.393106 -553.013920 -552.731610 -552.324349 -552.699064 -551.103857 -551.033667 -550.095149 -552.946840 -552.515203 -551.908416 -551.522134 -551.293936 -550.989739 -550.478252 -551.724185 -550.779602 -551.666768 -553.729954 -554.102991 -553.770652 -551.851362 -550.855801 -551.898818 -555.802545 -553.746402 -549.443959 -549.864095 -550.649831 -548.641089
-553.285400 -552.639692 -553.202842 -554.704977 -553.172923 -551.942549 -551.166358 -551.853616 -553.260851 -554.995341 -551.550571 -550.205760 -551.043504 -550.674553 -549.672648 -549.609243 -553.939178 -555.075487 -553.460371 -551.786215 -551.111130 -551.935294 -552.332722 -553.081642 -553.051247 -552.557819 -552.992640 -552.315575 -551.759677 -552.555936 -551.501219 -550.286321 -549.073854 -551.751260 -554.167197 -554.016499 -552.019550 -550.611651 -549.964799 -547.961943 -544.722834 -545.282103 -545.961331 -546.177157 -546.344236 -550.040788 -553.434280 -554.750963 -555.308319 -556.304436 -555.419384 -556.181235 -552.722486 -553.035148 -553.634910 -552.042802
-556.532388 -552.406740 -551.456227 -553.811130 -555.030343 -555.546223 -555.157780 -555.645486 -555.637308 -552.646173 -551.125508 -548.401232 -549.563045 -549.520371 -549.634588 -552.512394 -554.656275 -556.150157 -551.758207 -548.310140 -547.257272 -548.291544 -549.173965 -546.019162 -546.947339 -547.302884 -549.172473 -548.516497 -548.897860 -545.630383 -544.428713 -542.700873 -543.382535 -546.637744 -549.364027 -549.481875 -549.203264 -549.590295 -548.887796 -546.909670 -544.350629 -546.318238 -547.057568 -546.646489 -552.227055 -556.501445 -557.856161 -554.542142 -552.639910 -552.920435 -552.555591 -552.335904 -554.626088 -554.047777 -553.789973 -554.919806
-548.502211 -546.307827 -542.425613 -545.171701 -547.009171 -550.359120 -549.965365 -549.611353 -548.555742 -547.107804 -544.259916 -538.505117 -539.905575 -539.616357 -537.646389 -540.847334 -543.787403 -548.343787 -543.287404 -542.272574 -540.734470 -541.113250 -537.278188 -533.815202 -535.939729 -538.811921 -542.304829 -540.216958 -535.707894 -531.498877 -530.605367 -530.169819 -529.374278 -532.418165 -533.124160 -533.711402 -533.355139 -535.449419 -535.425141 -532.306738 -526.777909 -526.136358 -528.712357 -533.822863 -541.595151 -548.565269 -552.245343 -547.537807 -548.838359 -549.393926 -548.523598 -551.267517 -552.799685 -550.262304 -552.380041 -554.026886
-547.007522 -544.913119 -540.532283 -542.522939 -545.997773 -549.727144 -549.665745 -547.471957 -546.480505 -542.284382 -536.327241 -529.430104 -525.607630 -521.880171 -517.536609 -520.907679 -524.404668 -528.388885 -527.625350 -523.007296 -518.374970 -512.501065 -505.468657 -497.680167 -499.324734 -502.991854 -503.221573 -501.648684 -493.818090 -486.311278 -483.118813 -480.916083 -476.397141 -479.231035 -484.447608 -490.293254 -496.021112 -500.993718 -505.002513 -498.567467 -491.344565 -492.806285 -506.607013 -517.483562 -527.992368 -537.343744 -547.138057 -546.835954 -544.999425 -543.245299 -546.724361 -548.239676 -551.291858 -551.794143 -551.307082 -554.799610
-527.188739 -521.857778 -515.355455 -512.476206 -518.880308 -519.748403 -517.495252 -512.736239 -510.953797 -505.104254 -488.171390 -458.398086 -419.487222 -388.167724 -383.293082 -392.043248 -406.655693 -429.690552 -441.505215 -424.099849 -403.075338 -385.757327 -377.223168 -371.539209 -367.564592 -367.781959 -367.711478 -366.721866 -365.694954 -363.330281 -360.272949 -357.034902 -353.070728 -351.587834 -356.300850 -360.747804 -365.491783 -369.811618 -370.773864 -372.236871 -369.622089 -370.088930 -380.856496 -407.930964 -452.108618 -483.454186 -502.130269 -515.334512 -515.299383 -520.725271 -525.019929 -529.774673 -540.284727 -542.938982 -544.324775 -552.750128
-484.088253 -459.314976 -436.953253 -412.276234 -408.068329 -402.695871 -397.762225 -389.970353 -383.154729 -378.790007 -363.748231 -342.798514 -318.100393 -296.373545 -288.204229 -296.256761 -305.604878 -316.195602 -324.463077 -323.168703 -311.663249 -298.022890 -285.574904 -277.778243 -275.072588 -276.404362 -276.240609 -275.560789 -273.431696 -272.428422 -269.620032 -264.788649 -256.203731 -244.864355 -246.642003 -260.114645 -270.607255 -283.084413 -288.457511 -291.232463 -296.143193 -296.870539 -297.256702 -316.803225 -337.827630 -357.920414 -374.833766 -389.737670 -423.926824 -453.684317 -472.254237 -497.584144 -516.704995 -530.631560 -539.617780 -547.943537
-365.740204 -348.468133 -329.453084 -316.345544 -310.468431 -307.239863 -303.755428 -297.724462 -292.501449 -285.980346 -272.546342 -244.074538 -210.074537 -177.818461 -170.558443 -177.523708 -186.617988 -198.461133 -205.462305 -208.239166 -203.798895 -197.362433 -184.994373 -175.891175 -164.402369 -164.565696 -162.780412 -162.597599 -161.890051 -162.001705 -160.207469 -156.661222 -149.841987 -140.321992 -139.296629 -145.911864 -161.305946 -175.845694 -186.144290 -199.197914 -207.566900 -209.737120 -209.980484 -210.854129 -229.347682 -257.101561 -291.402849 -314.354142 -333.455620 -345.033417 -355.234840 -362.757337 -382.021770 -402.022446 -448.522195 -482.448363
-286.782269 -264.698497 -239.437968 -219.792014 -206.765628 -199.054522 -193.700524 -186.848195 -180.689085 -170.791586 -154.832219 -139.121282 -108.543143 -50.211633 -32.646483 -34.347391 -43.008429 -57.398306 -59.080574 -60.009050 -59.149737 -79.587560 -51.175988 -64.455762 -26.649787 -47.077626 -21.414932 -22.948761 -21.800810 -46.136147 -21.198688 -22.176043 -45.917180 -15.483019 -39.331188 -15.870345 -52.918485 -44.295621 -60.678540 -102.907109 -113.556314 -118.942177 -120.634787 -123.390208 -132.532554 -155.699312 -190.397808 -223.730567 -247.575831 -263.842749 -275.549488 -283.027856 -288.657840 -301.148483 -323.782388 -350.533222
-190.513414 -170.819449 -149.335040 -122.078668 -99.149482 -61.055447 -52.578448 -48.436780 -39.259795 -48.616692 -10.336312 -23.612849 10.884850 27.968000 36.815358 42.153698 43.933455 44.000277 46.493055 45.849999 46.126322 45.998395 47.030555 46.530939 49.564107 49.785668 49.616151 50.040489 50.279429 49.654553 50.511628 49.652269 48.084948 48.067245 47.613404 48.122136 45.370223 38.447177 24.288166 12.842791 6.381995 -0.424478 -8.691704 -17.349214 -25.887656 -38.161124 -92.385622 -127.852660 -158.563857 -173.663484 -184.746688 -191.391184 -196.306200 -209.171758 -227.768610 -250.803231
-53.503662 -41.544651 -48.904019 -4.604818 9.139320 20.474804 26.785109 30.987482 40.089557 49.384842 52.291646 51.426442 52.416775 51.638574 52.317140 52.464072 51.500212 50.318199 49.527057 48.996699 43.284712 34.982101 36.146833 37.214763 39.319788 42.610074 41.521248 41.960146 44.767607 43.639623 38.416588 35.265951 33.552006 33.447713 40.239536 42.699103 43.564616 43.886556 43.419715 43.219546 43.029889 42.963943 42.699409 42.689136 37.828472 30.116597 11.335287 -14.539033 -42.420877 -64.339636 -98.696832 -102.320236 -107.024713 -113.651080 -132.940494 -162.121272
33.073973 43.512445 52.623909 53.530498 52.945099 53.467266 54.044672 56.336115 55.226971 52.693380 48.458193 44.842217 43.453848 42.657779 40.034657 40.745967 39.136194 35.412821 32.474271 27.677391 18.533998 5.284392 3.175486 7.644375 -9.479658 6.714041 19.643206 22.528978 24.313083 20.417273 11.923252 5.215057 2.886925 8.798855 14.348573 19.615337 20.036980 18.727264 15.562369 15.924172 14.028056 14.824950 21.070374 32.467060 40.113769 39.985835 39.905248 39.637310 39.316897 19.476035 0.622843 2.886068 -0.803193 -11.049802 -31.257916 -83.179671
46.930457 46.870398 44.996581 39.340584 34.213280 33.652480 37.267149 43.419571 45.128674 38.867313 31.682507 25.660610 20.172214 18.638903 15.064806 14.196922 14.507319 9.406764 3.080805 -10.478214 -38.307601 -68.147809 -78.040170 -79.621911 -74.419191 -58.268114 -21.704389 -13.645023 -17.858621 -26.862909 -65.567607 -78.556239 -79.764684 -75.783311 -62.808711 -24.147976 -20.324783 -30.223710 -54.480610 -60.600887 -65.186160 -61.476353 -27.086234 -11.157865 2.114152 13.357801 20.602415 26.953744 32.284986 39.096972 38.972498 38.888026 38.795693 34.717918 22.353599 4.650764
33.301807 27.400645 23.384051 15.804819 10.209192 8.806318 11.767940 15.256506 13.143979 7.190503 -2.105592 -12.116649 -23.757511 -41.302191 -60.232177 -62.784709 -63.913104 -70.298158 -84.167179 -101.577252 -118.034436 -135.440893 -140.811848 -144.718394 -145.185950 -131.510671 -111.336619 -104.042926 -115.023642 -125.418975 -143.546006 -153.461984 -156.601188 -154.231776 -143.169558 -121.737732 -105.982211 -108.057466 -120.630943 -130.223209 -134.258788 -133.727592 -120.854428 -100.268989 -80.093879 -62.204031 -27.272085 -19.658798 -12.006563 -3.378166 6.544299 18.472663 27.345318 37.735443 38.052377 37.885146
9.437066 1.946905 -5.553445 -41.932302 -53.924474 -60.121951 -63.117381 -64.952699 -70.332591 -76.231453 -85.308446 -96.117554 -107.598719 -122.925970 -130.477190 -134.862289 -134.343602 -145.745582 -157.420853 -176.538038 -191.328691 -205.971009 -213.171345 -217.564141 -221.124467 -212.040238 -195.092689 -185.584428 -200.460305 -210.641913 -224.772701 -231.901609 -235.095414 -233.976183 -225.042616 -202.968248 -185.985126 -181.727554 -191.024462 -198.777652 -202.060798 -201.798379 -195.418609 -178.731141 -158.056721 -137.257806 -119.324239 -109.174513 -100.748306 -90.013588 -74.501323 -53.406247 -17.807300 -2.239110 14.252960 26.929105
-55.916126 -68.617456 -80.395898 -96.464778 -109.834720 -117.123714 -117.481225 -124.212219 -130.081816 -138.747649 -176.192476 -189.509986 -204.511174 -217.727813 -223.202519 -230.915082 -234.836860 -244.219316 -251.059761 -261.267792 -273.785072 -286.031618 -296.024110 -298.315145 -300.466797 -302.537181 -294.048899 -290.543002 -293.505349 -299.298964 -305.513884 -308.829206 -310.734961 -307.754810 -298.125447 -288.859180 -280.075051 -276.681097 -282.214211 -278.637869 -274.145918 -274.233131 -261.221223 -248.799579 -232.901469 -213.276144 -192.284690 -181.311781 -172.484683 -161.733288 -145.895433 -127.317405 -106.570388 -82.865364 -55.542639 -13.870201
-108.535706 -122.872647 -137.434572 -151.113265 -164.006279 -175.513223 -175.554293 -179.301988 -184.606704 -212.684786 -249.196356 -274.182017 -287.036164 -301.455053 -308.387047 -316.659536 -334.639496 -344.776275 -350.233250 -349.214765 -355.969377 -364.771167 -371.356570 -373.822501 -375.374216 -379.943139 -381.900626 -379.980005 -375.652487 -379.857375 -383.085023 -382.443665 -384.037673 -383.895713 -378.132499 -371.354647 -367.812151 -364.080642 -360.412330 -358.174708 -353.957278 -337.156895 -325.288653 -314.624298 -300.780191 -284.726058 -266.594451 -251.301629 -241.150470 -229.211090 -212.187743 -196.447050 -176.116310 -152.608891 -123.887145 -101.474204
-172.785979 -189.886802 -204.328910 -218.501733 -232.825625 -251.547289 -253.766080 -260.023171 -268.604683 -299.164321 -328.861607 -352.296411 -364.591255 -376.127350 -385.019537 -411.342602 -452.884375 -471.321403 -471.199575 -466.889652 -472.031626 -483.950685 -492.877415 -498.561076 -503.990170 -511.131948 -515.123989 -511.308986 -507.301736 -507.961633 -508.572649 -507.332021 -507.648912 -507.955885 -507.005829 -499.333020 -494.026942 -488.297756 -483.491882 -479.652634 -458.428077 -425.551622 -395.969157 -377.047967 -365.320350 -350.445147 -331.753289 -316.478087 -306.288658 -293.166904 -278.228214 -261.727733 -243.952511 -221.367128 -193.893839 -171.337134
-233.887962 -255.690758 -272.845956 -289.592042 -313.652904 -325.719219 -333.751004 -340.498187 -357.803276 -379.076648 -415.086178 -461.559709 -482.989097 -497.394203 -508.923888 -519.937833 -528.519404 -533.585917 -530.216269 -528.545728 -525.553619 -530.245741 -533.901268 -534.673341 -537.938918 -540.790094 -544.679540 -541.530909 -540.226826 -536.611073 -537.101679 -537.090041 -535.450976 -536.279495 -536.481568 -538.794815 -536.151785 -534.736790 -533.064254 -526.380931 -519.722025 -512.114511 -504.151100 -492.774636 -476.406965 -448.577439 -404.733515 -377.047211 -364.703638 -351.601240 -334.568359 -319.804874 -306.392519 -289.905369 -268.460927 -248.324754
-309.099433 -323.983686 -341.344316 -362.473428 -385.854423 -420.864818 -437.636965 -466.800681 -487.793891 -509.957578 -521.428254 -526.936841 -532.383721 -536.266819 -539.147416 -543.897993 -547.084890 -552.156696 -550.097230 -547.376995 -543.388137 -546.701555 -547.122198 -546.335954 -548.184801 -550.126162 -553.436099 -552.930658 -550.321773 -547.196264 -547.456096 -546.878389 -545.055717 -545.002129 -546.446155 -549.431325 -548.757922 -546.964767 -545.290834 -541.796990 -538.534906 -535.240399 -532.294799 -527.785587 -522.086200 -515.313563 -505.053530 -489.457837 -474.439719 -445.185084 -399.377314 -375.550312 -366.366764 -355.789602 -336.640224 -320.641052
-374.041332 -389.491329 -429.235222 -475.477326 -502.155689 -520.202935 -528.656319 -535.489529 -541.552018 -543.681478 -545.745437 -548.014478 -549.832113 -551.801769 -553.559620 -554.946525 -557.314978 -562.326040 -560.173517 -557.283891 -553.987990 -553.876657 -554.200302 -553.868638 -554.569637 -556.796184 -560.851117 -559.144877 -556.749387 -554.603345 -553.992553 -553.628351 -552.265854 -553.267559 -555.312412 -558.283501 -557.065278 -554.893683 -553.789852 -552.372460 -550.195592 -547.871520 -545.556655 -542.794710 -539.944941 -535.910493 -531.137828 -525.329925 -518.510370 -510.186337 -497.961308 -488.345220 -476.184561 -460.496995 -427.455342 -390.680091
-493.389573 -506.834971 -517.074866 -526.425066 -535.857840 -540.330702 -544.159425 -547.311407 -550.603957 -552.543350 -554.029473 -552.969709 -553.577660 -555.772751 -555.491116 -556.587872 -560.593447 -559.028930 -557.852089 -554.544319 -555.208011 -555.399645 -556.181552 -555.611869 -556.104347 -560.059949 -558.013597 -557.185610 -554.934866 -554.609794 -554.187561 -553.864055 -553.473304 -553.942594 -556.754709 -556.162157 -555.465168 -553.436873 -553.501972 -552.789703 -550.513322 -549.979614 -548.691381 -546.775537 -544.721810 -542.209618 -539.056092 -534.455114 -529.592422 -524.759958 -523.294837 -519.728304 -516.538076 -519.044616 -512.038758 -503.518751
