tests/Borden05m/data_simulated/sim_1/output-maps/psiliqL0021N0004.asc
ncols         160
nrows         34
xllcorner     620200.000000
yllcorner     5168000.000000
cellsize      0.500000
NODATA_value  -9999.0
[rows 0 to 24 of 34, columns 55 to 109 of 160]
-9999.0 -9999.0 -9999.0 -9999.0 -9999.0 -9999.0 -9999.0 -9999.0 -9999.0 -9999.0 -9999.0 -9999.0 -9999.0 -9999.0 -9999.0 -9999.0 -9999.0 -9999.0 -9999.0 -9999.0 -9999.0 -9999.0 -9999.0 -9999.0 -9999.0 -9999.0 -9999.0 -9999.0 -9999.0 -9999.0 -9999.0 -9999.0 -9999.0 -9999.0 -9999.0 -9999.0 -9999.0 -9999.0 -9999.0 -9999.0 -9999.0 -9999.0 -9999.0 -9999.0 -9999.0 -9999.0 -9999.0 -9999.0 -9999.0 -9999.0 -9999.0 -9999.0 -9999.0 -9999.0 -9999.0
-9999.0 -9999.0 -9999.0 -9999.0 2427.989234 2422.791198 2418.161717 2413.942699 2405.880760 2397.089181 2389.502243 2385.879152 2385.286744 2384.942792 2384.878204 2390.349632 2398.819667 2406.827450 2414.115718 2416.706347 2419.338166 2421.611872 2422.225750 2421.348585 2418.445828 2415.561348 2412.432289 2411.013586 2403.563660 2392.494551 2384.112394 2381.473440 2385.772543 2390.158300 2392.619719 2397.992270 2408.370237 2418.793550 2426.835943 2438.627424 2444.696347 2449.452599 2451.657523 2447.086659 2443.196399 2438.863529 2432.848917 2421.609052 -9999.0 -9999.0 -9999.0 -9999.0 -9999.0 -9999.0 -9999.0
2373.207121 2392.213944 2413.075318 2416.463977 2404.936630 2400.138800 2397.286748 2395.883750 2391.826594 2383.732862 2379.038042 2374.060672 2372.175747 2372.672319 2373.106210 2377.424664 2388.423266 2396.705497 2401.717984 2404.673542 2407.713218 2406.904777 2406.498528 2406.511251 2403.875826 2400.625265 2397.454140 2395.821562 2397.056396 2389.607346 2383.914159 2380.263828 2377.818314 2380.444456 2383.038487 2387.129378 2396.306583 2404.108288 2411.838876 2426.118559 2438.523754 2443.533781 2440.447313 2435.115373 2430.727780 2423.135894 2412.459810 2402.142399 2393.494414 2386.660377 2380.642939 2373.802493 2379.317485 2385.954112 2394.767471
2358.107072 2377.802304 2398.601523 2401.641524 2391.439715 2383.857212 2378.151509 2379.025298 2382.656992 2379.829881 2375.596108 2369.363643 2379.227928 2380.806520 2382.177696 2385.930422 2388.829419 2393.645041 2396.573029 2402.231424 2411.428158 2414.440379 2415.176804 2415.527020 2413.856409 2410.881017 2409.194934 2406.612300 2401.534158 2400.135290 2400.116970 2399.273848 2403.688937 2405.124307 2407.660474 2401.719418 2405.732265 2411.800383 2418.427775 2424.093737 2430.050095 2432.613787 2428.717810 2428.055648 2418.951825 2404.638205 2393.823866 2385.503886 2384.435655 2380.767508 2372.158086 2358.049873 2365.079731 2380.155306 2384.080641
2365.026513 2374.617814 2386.146619 2389.338211 2384.805927 2387.203735 2389.472381 2391.362442 2390.194667 2387.446545 2384.548740 2396.258237 2405.376191 2407.412715 2410.566089 2414.976226 2415.955854 2405.220411 2403.446401 2411.385527 2421.426473 2427.035300 2427.497845 2427.522989 2424.739471 2423.893324 2423.854649 2422.114446 2422.248774 2424.253041 2422.819100 2426.460562 2432.076969 2435.509904 2429.058086 2420.326936 2422.001389 2430.174657 2439.112160 2446.423794 2456.362985 2466.762161 2465.824260 2460.070898 2450.484868 2436.692304 2412.915206 2393.865657 2382.059962 2373.507849 2365.414527 2366.348633 2361.355451 2373.269319 2374.122110
2358.792863 2378.712556 2399.746483 2407.030447 2401.761809 2398.240143 2397.143441 2398.529822 2398.690780 2400.800536 2411.594767 2424.810433 2438.357376 2441.377088 2444.062318 2443.558417 2435.611130 2425.757493 2423.107792 2437.376523 2454.687550 2463.096238 2463.372699 2460.769357 2465.644634 2465.504154 2465.437339 2461.750947 2463.178338 2462.406611 2469.640948 2477.354489 2485.020635 2483.556495 2471.278708 2459.298281 2458.675868 2463.077691 2468.559236 2475.350409 2485.054875 2493.733730 2488.005983 2481.146293 2471.720066 2443.790848 2417.882137 2401.593707 2400.615210 2400.005959 2394.415606 2390.914562 2388.047899 2381.809277 2380.769579
2402.790109 2423.675703 2445.157476 2460.205289 2455.175006 2448.451965 2440.298442 2441.532488 2443.785497 2451.281720 2463.423211 2478.739358 2502.143845 2503.663815 2505.785998 2506.505657 2494.957525 2482.722155 2472.835577 2493.685447 2504.846082 2512.773252 2512.185644 2519.496495 2528.978201 2525.406819 2518.809144 2507.767864 2513.870173 2522.571353 2537.770042 2545.293440 2550.006416 2546.703820 2533.924791 2527.631942 2528.077132 2532.866472 2532.526139 2539.245241 2548.041900 2562.234852 2560.274910 2553.658580 2531.599370 2493.489518 2460.706621 2443.222924 2451.242768 2443.664829 2435.269041 2432.417898 2419.004778 2409.191277 2409.648865
2448.775736 2465.274674 2483.535614 2501.719260 2495.580985 2486.443540 2472.369253 2471.330943 2477.770245 2488.799428 2507.719892 2528.369104 2550.556746 2553.757216 2551.617668 2561.393354 2555.965134 2546.508838 2539.308273 2557.116062 2568.257306 2578.732939 2586.306040 2599.390958 2610.673436 2597.322934 2582.667850 2574.671104 2581.221635 2604.611548 2625.042182 2629.989499 2629.841584 2630.267884 2617.429701 2612.079351 2607.813739 2606.128466 2602.177018 2599.137468 2621.045856 2639.712786 2637.840438 2614.411348 2589.936796 2550.910881 2511.787702 2482.710504 2488.771752 2484.060967 2484.144246 2470.696917 2456.074946 2443.727115 2436.399636
2517.812412 2543.633158 2562.861546 2585.021908 2581.092356 2561.962023 2550.486098 2555.075569 2569.255468 2577.884243 2595.963140 2616.536483 2645.137883 2661.624933 2676.861985 2683.433124 2675.192210 2666.917360 2655.033317 2657.996060 2679.895616 2694.225526 2704.453598 2714.441327 2727.530145 2730.393605 2725.580461 2724.624916 2728.807192 2739.874323 2752.231565 2758.986123 2762.653885 2764.025535 2754.300142 2742.993816 2741.887625 2735.663641 2732.301729 2730.570282 2737.943395 2753.818019 2749.799921 2715.815918 2686.825912 2649.164976 2609.762299 2577.908822 2565.539596 2577.723193 2571.043389 2552.652282 2537.181108 2506.346657 2495.054451
2605.322487 2640.628486 2667.621085 2683.278415 2695.065179 2685.948071 2686.804222 2692.154349 2701.171400 2706.012875 2713.868918 2746.734336 2779.375388 2806.577523 2830.851855 2839.747052 2828.809626 2819.614278 2807.302068 2798.897326 2808.010114 2825.266846 2843.425580 2859.346594 2871.198157 2874.296629 2873.090045 2873.569394 2876.633716 2879.691839 2883.589407 2891.306522 2899.043645 2795.240362 2803.311865 2795.770859 2892.586368 2882.306936 2871.516550 2868.884631 2868.628964 2869.410565 2868.694471 2853.720153 2813.751780 2781.178410 2749.268358 2724.324327 2705.860979 2697.782670 2674.942056 2649.723678 2599.026528 2559.694415 2525.454905
2713.058715 2757.765455 2787.255855 2809.041622 2824.697419 2825.761766 2829.371198 2832.324581 2837.993289 2842.455863 2847.766279 2873.613366 2797.937927 2834.871679 2865.111839 2866.272424 2854.049355 2843.015844 2833.406160 2820.418971 2816.682968 2827.464122 2841.220206 2859.869815 2870.624461 2877.992720 2875.485230 2875.809183 2877.312075 2879.345208 2881.333461 2884.341262 2892.997106 2905.790073 2919.049543 2918.920765 2903.208225 2885.938113 2869.591599 2865.516225 2861.897453 2856.795470 2858.463059 2860.066583 2847.590724 2820.084676 2898.859538 2855.690756 2832.935741 2813.008862 2798.823983 2782.253858 2745.180018 2680.098680 2641.970745
2843.160763 2877.038679 2792.108932 2820.865103 2836.701810 2840.629964 2838.908835 2838.635615 2845.529784 2849.324952 2856.353907 2872.442707 2900.142756 2932.841868 2961.113965 2976.944662 2970.518299 2954.502823 2934.128686 2925.983946 2923.669377 2926.704480 2935.152719 2946.257983 2964.266211 2982.294249 2978.700735 2979.523520 2986.221809 2979.203741 2980.474931 2980.557525 2982.792157 2989.922733 2998.769028 3001.854519 2995.313500 2985.624344 2963.541887 2951.252056 2944.105971 2940.394817 2940.407264 2944.255544 2946.286045 2932.802829 2901.271429 2859.696344 2829.075883 2811.996725 2799.641920 2904.949918 2890.687247 2859.876780 2837.444242
2839.327180 2853.726290 2879.509716 2907.110205 2929.751414 2944.777774 2946.249500 2950.012309 2954.631027 2962.655327 2977.637039 2989.687516 3006.586243 3026.940672 3051.414097 3066.205794 3071.511229 3070.497291 3067.403686 3068.794092 3069.075091 3018.798537 3023.938754 3029.045235 3042.741139 3055.599713 3060.048010 3060.560262 3058.633820 3060.091286 3060.704766 3060.682181 3060.321664 3061.844696 3065.911733 3067.465600 3065.544217 3055.124639 3068.215268 3049.364077 3036.551585 3028.695666 3020.758373 3012.556517 3003.281407 2993.849912 2985.039858 2956.004967 2922.546601 2899.751259 2891.000898 2886.150043 2878.624497 2873.319434 2857.346027
2936.542990 2947.219045 2964.319441 2985.822412 3007.154723 3028.600915 3039.427207 3048.255050 3052.798128 3065.960003 3081.278167 3068.808656 3075.485151 3082.394724 3089.259399 3091.616428 3092.290651 3091.978207 3089.656369 3089.032789 3086.886273 3083.044577 3072.959226 3074.527113 3076.319056 3078.890458 3082.537987 3081.360275 3082.402236 3085.334358 3083.672191 3077.848785 3073.960988 3072.393880 3073.204146 3080.504053 3083.854268 3084.749705 3082.192243 3081.353562 3080.552557 3077.818928 3074.405699 3069.593861 3063.438190 3074.379488 3063.301167 3037.250199 3000.106752 2971.694392 2962.314212 2962.296714 2962.557133 2960.759325 2955.228208
3044.049863 3056.857540 3070.773285 3055.011081 3072.847266 3082.035441 3086.332313 3089.872045 3092.483190 3094.893710 3091.813132 3088.677712 3083.899505 3082.465398 3081.158139 3078.763246 3079.409533 3077.525990 3073.554373 3069.738028 3062.359150 3051.159340 3039.990813 3036.803818 3041.200771 3046.599622 3051.451856 3055.455990 3059.025177 3059.399848 3054.217667 3046.055619 3038.730165 3037.000731 3043.701942 3049.349359 3055.406671 3056.205719 3054.828234 3052.520095 3052.438523 3049.466359 3049.773734 3056.590659 3070.722287 3074.440081 3079.181591 3078.504077 3065.125797 3041.017941 3046.283708 3026.785746 3032.117668 3027.746962 3016.686874
3083.660182 3085.890021 3084.582345 3083.262870 3077.080511 3071.172821 3070.448659 3074.422575 3081.386520 3082.550406 3075.610450 3067.252420 3060.241107 3053.160846 3050.974999 3050.238785 3049.904336 3050.316217 3045.108845 3036.425444 3020.274582 3008.830456 2997.814107 2991.907707 2988.792667 2992.755626 3003.458026 3014.688402 3019.561210 3011.193649 3003.147105 2991.821355 2983.826968 2984.213458 2985.648195 2994.909699 3010.648764 3017.118493 3017.840340 3011.834989 3006.014840 2999.607900 2996.856105 3003.305093 3018.281248 3034.186543 3048.931957 3057.603652 3065.075483 3071.877023 3072.034038 3074.236779 3075.448945 3073.736937 3075.358475
3077.587428 3070.818329 3064.067296 3058.953763 3052.564301 3047.238802 3045.533674 3047.664143 3049.999117 3046.277271 3039.946748 3030.217359 3019.462324 3009.973657 3003.011679 3004.050687 3006.412979 3007.911574 3001.083979 2986.402189 2978.707966 2965.452910 2951.701676 2947.791699 2942.283299 2935.813843 2946.007326 2964.714184 2971.639483 2956.518213 2946.062246 2931.326060 2924.565731 2920.929921 2921.982255 2931.039855 2952.537152 2974.925155 2976.726472 2966.268633 2955.910801 2951.185199 2948.175775 2953.311924 2970.206836 2980.075812 2995.279144 3005.170279 3010.422450 3018.141761 3027.403455 3040.683719 3054.750950 3066.480878 3072.327034
3053.208963 3045.566318 3038.046294 3030.617637 3023.878167 3018.010158 3013.910003 3012.053452 3008.729365 3002.896676 2996.256735 2988.142483 2976.020834 2963.576779 2949.244005 2945.612304 2941.532841 2942.888968 2931.670501 2923.128812 2906.403748 2891.258650 2876.890113 2864.621988 2858.931728 2852.566286 2852.783009 2866.802293 2875.365818 2864.696915 2854.878838 2843.613327 2838.625104 2835.330913 2837.634780 2847.995260 2868.287766 2886.625357 2894.498885 2886.960239 2884.373537 2882.419004 2880.865827 2886.777666 2898.477605 2916.539931 2938.113350 2955.851888 2965.408457 2972.458209 2981.780187 2985.394683 2999.009538 3012.905138 3030.262935
3023.199600 3014.299535 3004.679859 2995.335503 2985.335187 2985.803593 2979.607173 2981.836185 2975.713462 2969.936965 2949.817650 2898.153635 2879.483959 2861.161372 2845.514883 2839.348504 2831.489413 2818.212543 2809.626714 2804.671904 2804.178555 2791.050588 2889.858668 2872.252205 2866.884238 2862.823023 2847.911511 2846.078402 2847.327878 2859.701768 2853.415342 2850.980968 2851.915274 2849.869615 2852.193161 2865.712286 2875.339282 2883.073950 2890.686826 2894.851853 2905.668984 2791.043421 2797.869708 2814.194544 2825.497073 2841.123922 2861.396617 2884.869479 2899.309216 2908.587596 2918.930580 2933.928615 2950.019996 2967.427726 2989.472309
2989.626642 2984.858765 2970.850930 2956.871028 2944.445020 2932.124181 2917.462785 2919.196141 2916.829553 2907.392358 2858.278586 2818.612235 2905.741193 2885.619565 2859.622976 2843.834193 2826.087572 2789.211628 2770.965547 2767.376461 2778.207520 2772.597769 2759.017263 2746.570211 2737.353415 2728.599114 2712.194497 2696.346340 2701.896720 2718.437360 2717.876894 2719.924451 2726.922392 2726.386124 2721.111320 2721.400243 2734.720260 2741.737360 2753.449037 2770.357583 2776.264883 2790.133054 2823.410242 2839.038685 2856.969551 2878.965376 2902.649746 2801.937669 2822.229335 2835.675105 2850.347330 2867.454170 2883.859171 2903.996097 2926.512443
2950.822876 2921.434320 2901.245488 2884.511072 2867.444118 2842.884146 2823.147994 2821.213820 2815.181855 2790.661860 2850.823043 2810.962822 2785.069120 2760.798086 2734.846905 2709.781188 2671.114216 2635.605879 2612.850630 2624.264983 2633.405813 2641.271689 2629.132086 2617.687147 2607.793197 2590.917664 2574.445701 2559.416995 2569.630180 2578.229949 2594.115168 2600.160750 2604.246951 2609.432672 2608.444283 2600.002299 2598.483019 2607.396064 2618.208582 2630.757426 2651.101600 2687.958292 2714.708494 2734.916707 2758.093278 2780.465106 2805.092993 2829.343409 2855.019887 2875.425766 2897.087392 2793.508933 2812.862297 2832.149081 2855.249787
2875.758903 2848.206175 2822.342200 2801.063814 2888.568151 2841.504664 2822.997629 2810.457717 2787.895071 2740.917204 2698.223155 2668.773931 2650.581020 2624.908612 2601.091305 2570.930804 2537.112971 2513.036941 2491.601944 2499.962507 2508.556085 2525.566227 2515.696322 2507.490557 2503.461211 2488.218310 2474.719978 2458.845030 2465.475579 2476.971438 2498.655422 2504.242733 2508.373066 2517.309311 2516.793288 2513.181048 2498.628081 2506.470482 2517.850263 2533.153594 2563.902330 2587.379467 2611.512701 2634.810412 2656.547653 2682.927702 2708.630617 2734.690085 2764.301909 2787.329380 2809.559671 2832.516901 2855.605051 2875.127689 2896.333167
2884.928098 2858.058925 2834.940638 2808.143394 2766.427358 2719.737310 2675.646491 2649.282509 2598.614370 2561.543061 2535.271575 2528.471423 2513.033249 2490.802531 2469.487963 2447.658618 2423.731682 2403.079277 2377.611751 2381.874295 2396.175592 2411.945687 2411.030469 2410.576006 2408.571703 2398.720747 2385.220383 2371.626010 2375.327896 2391.893131 2409.612524 2419.047813 2426.632888 2434.542070 2434.644992 2426.179860 2416.966519 2422.393989 2437.937337 2455.287197 2474.593068 2496.381662 2518.663960 2540.456175 2564.397479 2588.357351 2613.350484 2640.610552 2672.076540 2696.286530 2723.032872 2750.751911 2771.768581 2785.282436 2798.413839
2768.615490 2746.344649 2720.502362 2690.649627 2645.053634 2602.931835 2560.342287 2513.461356 2478.243536 2446.379705 2435.042104 2417.659083 2402.056327 2385.573509 2364.301376 2346.591744 2330.206964 2308.245922 2295.538982 2301.770220 2314.683274 2323.368368 2328.853819 2326.423644 2323.875112 2317.739810 2303.915963 2298.141151 2307.744879 2322.997611 2337.059110 2348.331740 2355.315523 2360.867934 2358.130135 2349.478641 2346.009921 2354.445898 2370.177442 2384.203132 2400.009754 2421.333860 2442.977816 2465.591395 2489.265473 2512.566721 2538.525217 2565.278781 2592.498405 2621.114211 2646.091686 2670.364157 2683.206469 2696.511840 2701.825604
2628.687578 2614.075279 2586.777776 2556.962059 2525.991090 2490.297474 2462.919171 2429.531042 2398.137607 2367.914794 2341.400707 2326.961191 2318.972819 2304.902720 2286.828073 2274.674589 2258.453973 2245.996430 2249.973543 2251.299533 2259.878199 2258.622750 2259.332371 2256.685675 2255.925475 2253.140623 2245.810909 2256.341956 2263.185921 2276.936997 2287.195778 2296.892410 2302.898344 2306.735841 2307.675979 2303.046172 2308.450171 2315.004833 2329.068636 2340.523350 2354.623715 2374.947718 2392.148586 2411.652435 2434.929842 2458.746901 2483.716908 2510.463338 2539.424193 2565.467116 2585.323589 2594.285544 2606.071403 2611.362215 2604.706736
