tests/Borden05m/data_simulated/sim_1/output-maps/psiliqL0006N0004.asc
ncols         160
nrows         34
xllcorner     620200.000000
yllcorner     5168000.000000
cellsize      0.500000
NODATA_value  -9999.0
[rows 0 to 24 of 34, columns 56 to 111 of 160]
-9999.0 -9999.0 -9999.0 -9999.0 -9999.0 -9999.0 -9999.0 -9999.0 -9999.0 -9999.0 -9999.0 -9999.0 -9999.0 -9999.0 -9999.0 -9999.0 -9999.0 -9999.0 -9999.0 -9999.0 -9999.0 -9999.0 -9999.0 -9999.0 -9999.0 -9999.0 -9999.0 -9999.0 -9999.0 -9999.0 -9999.0 -9999.0 -9999.0 -9999.0 -9999.0 -9999.0 -9999.0 -9999.0 -9999.0 -9999.0 -9999.0 -9999.0 -9999.0 -9999.0 -9999.0 -9999.0 -9999.0 -9999.0 -9999.0 -9999.0 -9999.0 -9999.0 -9999.0 -9999.0 -9999.0 -9999.0
-9999.0 -9999.0 -9999.0 -571.156979 -576.804649 -582.412261 -587.714027 -597.102602 -606.560308 -615.546751 -619.722718 -620.820986 -621.895096 -622.454187 -617.279075 -609.549032 -602.111094 -594.996458 -592.771600 -590.459249 -588.184274 -587.716318 -589.129033 -592.468301 -595.825136 -599.304996 -600.787800 -609.313249 -620.871042 -629.975043 -632.788109 -628.245239 -623.689214 -621.125300 -614.839892 -603.810878 -592.754766 -584.061238 -572.316191 -566.886892 -561.584851 -558.048063 -561.795537 -565.053562 -568.364456 -572.580036 -583.378282 -9999.0 -9999.0 -9999.0 -9999.0 -9999.0 -9999.0 -9999.0 -9999.0 -9999.0
-608.476668 -589.462657 -586.304263 -596.987737 -601.851520 -605.374998 -607.871777 -613.385311 -622.485642 -628.195119 -633.932112 -635.745955 -636.009299 -636.161871 -632.097191 -622.518389 -614.680392 -610.019012 -607.778878 -605.504120 -605.303600 -605.866654 -606.387842 -609.387691 -612.885063 -616.364898 -618.211135 -618.418546 -626.092191 -631.377382 -634.597254 -635.598901 -633.190207 -630.905013 -628.050459 -618.252262 -609.787826 -601.317000 -587.227600 -574.925484 -569.586691 -571.677365 -576.431275 -579.729628 -585.558571 -594.813355 -605.025862 -615.630931 -622.741344 -627.833083 -632.569304 -626.214632 -619.749248 -609.086640 -598.467531 -586.236327
-625.489680 -606.139698 -603.525006 -614.675118 -623.449279 -627.772612 -628.079611 -626.413144 -630.529038 -635.542553 -639.532329 -632.350568 -631.383644 -630.421572 -627.439673 -624.011045 -622.233061 -619.558172 -614.431272 -605.677932 -603.257874 -602.906270 -602.926864 -604.859669 -608.054778 -609.902602 -612.747901 -618.019524 -618.881125 -618.401747 -618.232707 -612.880668 -611.405047 -610.232027 -617.394428 -614.124796 -607.744580 -600.735357 -593.381620 -586.081354 -580.916209 -583.674027 -584.758983 -592.565107 -605.833110 -617.005949 -625.468698 -628.046273 -630.864152 -638.118036 -649.693199 -642.666681 -626.910378 -621.954150 -617.821816 -605.535294
-634.364653 -622.766933 -620.140403 -625.596281 -625.184739 -624.158018 -623.018406 -625.006706 -628.343705 -629.745681 -616.897480 -607.658301 -606.319321 -603.707707 -600.694245 -602.443064 -615.177079 -618.077803 -609.581142 -599.234551 -593.459344 -593.552100 -593.779454 -595.230068 -596.388530 -597.067415 -599.662935 -598.446979 -595.803606 -594.794413 -589.486380 -583.873472 -581.214001 -590.245587 -599.527160 -599.199311 -591.555103 -583.636091 -576.109763 -564.790600 -552.663613 -553.775877 -559.221170 -567.609421 -580.813842 -603.783014 -623.449246 -633.416160 -639.316507 -645.715267 -646.573363 -648.021992 -637.487383 -635.318540 -633.362394 -624.282807
-631.275866 -610.636884 -602.608060 -609.241900 -615.695170 -619.932530 -619.826613 -619.832372 -616.360301 -602.965353 -589.318902 -574.234504 -572.070294 -569.921197 -570.466357 -580.760388 -591.256541 -595.951645 -580.824159 -565.431010 -557.427010 -556.634445 -555.805193 -547.264430 -549.807547 -553.059786 -559.054318 -556.581922 -553.299136 -541.278349 -533.966176 -527.535320 -529.598545 -541.256675 -551.955122 -554.003675 -552.386429 -550.758356 -544.870498 -534.057573 -523.318040 -527.702111 -534.858209 -545.007579 -573.747365 -601.706444 -618.402838 -616.976884 -615.952134 -619.965476 -622.684580 -626.196930 -633.779776 -633.810746 -633.912542 -634.062298
-584.576746 -566.357426 -550.419660 -557.061327 -566.422785 -578.441538 -578.613902 -575.234526 -567.179457 -554.149661 -535.619068 -511.845582 -508.425274 -504.764256 -500.530754 -511.316904 -523.512787 -535.722771 -520.781498 -511.539583 -502.570787 -498.957187 -486.926070 -476.727401 -482.229599 -491.558343 -501.137935 -494.725115 -480.173412 -465.316626 -459.397698 -456.458032 -455.740799 -465.221815 -470.278710 -473.306090 -473.308699 -477.473791 -474.817376 -462.995288 -446.893551 -445.941104 -456.971090 -479.514245 -514.624766 -549.708461 -572.380141 -568.206045 -573.977454 -579.290992 -583.429906 -597.396059 -608.848321 -608.939695 -618.181278 -624.227914
-540.243777 -522.895073 -505.483498 -509.496417 -521.708549 -534.401861 -534.661640 -526.651254 -518.158653 -499.957983 -475.898993 -451.055801 -438.343926 -430.364432 -421.395725 -428.518405 -437.970479 -447.521436 -442.804811 -429.861787 -417.314378 -405.075443 -391.817761 -379.041391 -384.985638 -394.719281 -397.233652 -393.046506 -376.012768 -360.898428 -355.109761 -351.987607 -346.355532 -351.808720 -360.275824 -369.850057 -379.030835 -387.199696 -392.519111 -377.196234 -362.024420 -363.689029 -388.066320 -412.432312 -445.692124 -481.599163 -515.787806 -521.449871 -521.358389 -522.458962 -537.750752 -552.908581 -572.240784 -583.568556 -592.222085 -607.352607
-451.174567 -430.093003 -411.030096 -405.999182 -420.879025 -425.679003 -421.064894 -410.151491 -404.841753 -392.020541 -362.768364 -323.341463 -288.202339 -255.125301 -248.110840 -261.331776 -276.252188 -296.949052 -307.312049 -292.489715 -274.564960 -255.016052 -235.609980 -216.739578 -203.650976 -203.037955 -202.336013 -198.504172 -193.173492 -183.785425 -171.682560 -157.823632 -142.070823 -136.861513 -153.716987 -172.246638 -191.734039 -208.165438 -214.187156 -217.575789 -210.021992 -212.151175 -240.030195 -278.170173 -317.863559 -358.744408 -392.239650 -414.887699 -413.932959 -427.634033 -444.496814 -466.388451 -503.413618 -523.224441 -540.018881 -570.207957
-352.391143 -320.846513 -300.131836 -278.666893 -276.655876 -272.331162 -267.847420 -259.537369 -251.491885 -238.274489 -187.267945 -106.645537 0.440064 48.723201 64.024110 55.999602 43.640972 21.706943 -15.202525 -16.570505 24.950661 52.992088 72.647276 83.698707 87.136280 85.642632 85.939414 87.453572 90.596009 93.314340 98.933636 106.628631 117.610949 129.355223 124.242139 107.400114 94.942461 81.391587 76.788561 75.987898 72.532404 70.527565 60.991626 13.614209 -78.154870 -163.172838 -224.126645 -263.827367 -294.209541 -317.340397 -339.406044 -382.728247 -423.721355 -458.333968 -487.517860 -516.399641
-196.504741 -135.571563 -55.006665 13.650648 39.020862 47.424320 51.667266 57.394685 62.109293 70.106437 92.388021 137.712154 191.341227 224.977964 230.511628 225.848976 218.004099 204.435399 188.251821 185.259797 199.288806 212.370483 224.792849 231.495241 237.573818 236.618735 236.625565 236.333954 237.546838 238.577259 239.061976 242.448087 248.527153 254.074993 255.198649 249.231454 240.887681 232.272722 229.589286 227.060425 224.348218 223.781234 220.969369 207.944818 165.786442 117.592662 65.130944 12.907614 -74.623969 -123.330754 -156.259414 -185.386302 -244.168474 -278.104782 -320.792435 -365.324177
80.525709 116.951775 160.246827 195.506212 212.815650 216.592214 218.833995 222.634095 225.493929 230.948740 239.882566 252.133542 269.691592 285.361135 296.500064 295.044029 289.070482 278.891059 276.452999 276.520023 278.939594 283.254618 286.076072 293.252369 300.739827 302.917265 302.869912 301.011703 302.280473 302.719187 302.594981 302.074841 302.973736 305.929799 307.250595 306.643500 300.543452 291.885197 284.741883 281.424326 280.381221 279.159493 278.894085 276.068800 266.814520 249.041570 225.684635 190.700330 151.357171 124.077564 105.906660 92.978143 78.436614 56.484576 5.040798 -119.429785
223.216612 239.214902 255.645710 271.919769 282.354287 284.417311 287.568084 288.607604 293.455107 300.954406 309.131774 313.657498 320.339584 332.250330 340.059480 345.417333 347.322309 348.582264 350.969464 351.370437 347.220111 348.508329 349.227073 349.337624 351.656297 351.526675 351.308899 350.923046 351.610324 351.633384 352.173810 351.943945 350.212833 350.114150 349.891793 350.283784 348.787596 345.570456 333.527958 326.972067 323.998574 320.368141 315.370446 309.589575 304.611370 298.398314 286.835065 269.376725 251.119488 243.720345 239.895604 236.147224 232.606760 220.634227 193.217006 145.179676
286.913391 293.480536 302.365745 314.917894 322.981063 327.548710 332.618410 335.655991 344.549715 353.167739 352.546926 351.789351 351.351289 350.851283 350.688310 350.538446 350.843353 349.120189 349.658186 349.352633 345.258252 337.880557 339.667908 340.435442 341.919124 344.448318 342.369564 342.924803 345.782844 345.045328 340.884554 338.438003 337.052557 336.595447 342.627689 344.906229 345.769118 346.772161 347.294532 348.372748 349.243136 349.569714 349.305301 348.840428 346.177692 339.854042 326.990803 312.333285 296.009542 288.493219 286.489039 288.557363 287.365113 285.345432 274.233071 257.039630
339.842453 349.170772 355.189422 355.017058 354.635825 353.989450 354.670582 356.204773 355.382162 352.044231 348.210928 343.948368 342.970773 341.863146 339.546451 340.221526 338.499444 335.617403 333.906651 330.891200 324.776122 318.854621 318.784569 322.125903 324.251087 325.395926 325.744560 327.625692 329.781736 327.554828 324.171799 321.006813 319.859757 323.494854 325.597178 327.140686 326.801254 325.915453 325.490571 327.026576 326.434364 327.031133 330.714671 340.795694 346.511124 346.109055 346.537425 347.382123 347.475935 332.654052 320.360317 323.392077 321.396708 315.921031 305.816477 296.091139
348.042093 347.973449 345.793316 340.637970 335.457847 334.803743 338.249927 344.450314 346.134332 340.265841 333.773381 328.802830 324.599001 324.048381 323.070225 322.370266 322.666350 320.254437 318.323574 312.034137 308.259620 304.195748 302.018752 301.660044 304.606082 308.482937 311.665210 313.876455 311.340618 309.153072 305.400090 302.169965 303.070759 303.751285 307.040792 312.465672 312.099149 312.355922 310.493843 309.903217 307.371962 306.484465 309.544617 316.481166 322.585629 328.139583 331.551708 337.184439 342.366871 348.349692 348.323037 347.323936 346.731913 343.882087 333.568955 323.770865
335.298751 330.537851 327.517003 324.014815 321.098628 320.597206 322.656744 325.344442 324.104034 321.106026 316.533349 311.769222 307.487914 305.368141 306.133375 306.959062 306.883228 304.253559 297.978931 291.178250 287.098451 281.666538 281.838642 279.886779 277.330609 282.299745 290.189696 292.927766 286.237553 283.398739 277.649594 275.098714 274.180066 274.215540 277.485505 285.586048 293.900703 293.396254 288.558910 284.735949 283.424023 282.430919 286.022974 295.442598 304.059282 309.084860 311.835079 313.430119 317.102358 321.225475 325.980995 331.608260 337.933235 345.859785 345.582265 345.791915
322.060124 319.311910 316.739673 314.577504 312.571557 310.840044 309.569867 308.784122 306.064578 303.994727 300.342950 295.430719 290.689882 283.411753 281.034462 277.032302 275.069200 265.756496 259.612669 249.381071 242.403640 234.620355 230.540173 227.639791 223.378006 226.155254 234.998726 240.828852 231.645840 227.578349 221.035568 218.612533 217.085365 217.085835 221.348760 233.690635 243.374797 246.764749 242.201431 239.684366 239.705748 241.307545 246.534136 258.509445 271.236402 281.921371 288.492905 292.341926 295.712230 299.862700 305.623955 310.275007 314.800404 321.143050 329.438639 337.665572
311.707850 308.685459 305.929364 302.161213 297.445969 294.566045 295.203120 290.463699 287.100096 281.933738 252.819850 241.686909 230.059561 219.296021 211.586250 194.812655 172.146546 150.264733 138.105956 127.498458 111.350808 94.092558 78.943170 73.977194 69.258253 62.298269 68.805736 72.180240 72.449599 66.936099 61.472058 59.000180 57.056893 60.784113 73.090007 83.579727 93.143371 98.526076 96.026209 103.710237 112.829986 121.681913 148.997999 181.516659 208.875984 229.564062 246.413125 256.713773 265.202843 272.310934 279.946221 287.163120 293.621494 302.550933 312.089825 317.265204
299.504149 294.234416 288.033817 282.335428 275.259783 265.566434 262.939034 257.313420 249.863379 219.050756 167.154960 117.129141 90.617818 65.297365 48.046797 20.710689 -50.485769 -98.800205 -124.002498 -128.579466 -155.589993 -188.092090 -212.713614 -224.599477 -232.760419 -246.830363 -251.476884 -245.703617 -234.283057 -244.699720 -252.060411 -251.013727 -254.547967 -255.228128 -240.036805 -216.888307 -201.953844 -188.018772 -175.737074 -169.544759 -159.019205 -114.768579 -68.321752 7.286359 58.508944 94.347965 129.244958 167.581382 198.841509 220.107466 235.965877 248.238984 262.519045 275.332985 288.857471 296.229825
268.529877 256.143352 243.943874 231.280720 213.518807 182.905545 163.880960 143.270950 114.104698 53.213434 -34.346766 -143.367242 -192.516769 -231.167385 -255.273907 -285.279482 -322.354185 -344.202701 -342.856600 -336.140725 -340.530822 -356.856777 -371.164070 -381.633541 -393.453611 -408.223132 -417.397022 -409.398428 -400.537832 -397.328619 -395.769181 -392.474766 -391.846761 -393.188647 -394.886440 -384.669611 -375.556753 -365.306439 -356.169490 -347.190889 -319.922785 -293.166376 -272.795512 -243.031431 -207.800370 -164.092611 -105.749710 -25.967236 40.997104 80.785815 113.388316 151.624543 192.200800 222.582159 244.450971 260.910341
208.157797 168.624814 127.688090 91.163443 42.778751 -0.647564 -51.932657 -87.921934 -159.763037 -233.426310 -293.585251 -329.898422 -356.880502 -381.630411 -406.252469 -434.548729 -461.287035 -479.280677 -472.426730 -465.516015 -457.035358 -469.417980 -481.579714 -488.295845 -502.056074 -515.595787 -528.650176 -520.302189 -511.455419 -497.376690 -494.413517 -491.672369 -486.290613 -488.054839 -490.149968 -495.883848 -487.441568 -478.634263 -467.199553 -443.226392 -419.446346 -396.501454 -377.110511 -357.344428 -334.256234 -307.568296 -278.199135 -243.772385 -210.644188 -174.190168 -124.603120 -50.336013 34.611016 82.594400 124.075705 165.809740
41.131470 -28.282726 -117.713841 -187.762301 -253.793013 -295.572404 -308.717951 -342.221249 -376.734327 -418.171721 -441.142620 -459.971578 -481.892062 -502.160608 -521.878716 -547.327212 -569.580270 -591.282698 -586.910375 -575.005677 -561.638166 -569.709030 -574.534056 -577.735518 -589.169128 -602.357009 -615.491582 -611.799414 -597.665387 -581.647639 -575.766126 -570.030014 -563.001978 -563.170072 -569.289272 -577.618291 -572.488620 -560.277439 -545.662928 -524.846419 -503.518231 -483.039712 -464.534215 -443.859084 -421.865979 -399.230325 -374.325331 -347.953294 -327.907045 -302.031509 -272.409538 -242.172495 -213.510844 -177.004479 -115.048763 -35.669810
-225.135030 -264.447920 -298.678772 -342.544227 -386.413981 -427.930405 -459.963081 -489.912169 -519.108437 -538.458465 -556.261244 -573.791316 -591.404836 -610.657387 -629.582237 -648.626172 -669.553889 -689.565751 -684.238690 -670.668379 -657.523827 -656.061243 -658.972996 -661.914874 -669.883156 -683.109217 -695.549470 -687.761385 -672.460514 -657.291265 -648.023653 -641.684861 -635.485037 -638.349957 -646.491237 -654.139918 -646.865259 -632.297330 -617.893653 -600.656080 -580.226937 -559.822925 -539.729664 -518.719488 -497.653004 -474.365382 -450.276673 -425.871853 -402.196322 -379.225600 -356.116056 -343.585794 -330.120383 -316.841453 -293.559411 -265.723086
-371.129292 -396.017012 -422.121307 -454.557425 -492.791280 -523.189815 -552.916812 -581.627567 -610.190894 -633.166036 -650.477039 -660.291925 -674.518742 -693.430507 -706.797848 -723.300823 -743.293640 -745.561873 -741.254703 -728.125486 -725.013384 -724.218603 -727.155463 -728.229505 -733.334590 -745.874028 -741.103648 -733.137331 -718.003068 -707.003843 -697.905783 -691.667381 -687.514988 -688.479422 -696.222498 -694.239476 -687.102202 -672.711302 -661.215637 -646.166079 -625.831752 -609.058595 -590.348092 -569.459381 -547.971776 -525.285845 -501.328846 -475.538847 -452.095377 -432.618546 -422.710528 -411.889288 -404.528292 -408.151935 -392.875145 -376.844660
