tests/Borden05m/data_simulated/sim_1/output-maps/psiliqL0007N0011.asc
ncols         160
nrows         34
xllcorner     620200.000000
yllcorner     5168000.000000
cellsize      0.500000
NODATA_value  -9999.0
[rows 0 to 24 of 34, columns 0 to 56 of 160]
-9999.0 -9999.0 -9999.0 -9999.0 -9999.0 -9999.0 -9999.0 -9999.0 -9999.0 -9999.0 -9999.0 -9999.0 -9999.0 -9999.0 -9999.0 -9999.0 -9999.0 -9999.0 -9999.0 -9999.0 -9999.0 -9999.0 -9999.0 -9999.0 -9999.0 -9999.0 -9999.0 -9999.0 -9999.0 -9999.0 -9999.0 -9999.0 -9999.0 -9999.0 -9999.0 -9999.0 -9999.0 -9999.0 -9999.0 -9999.0 -9999.0 -9999.0 -9999.0 -9999.0 -9999.0 -9999.0 -9999.0 -9999.0 -9999.0 -9999.0 -9999.0 -9999.0 -9999.0 -9999.0 -9999.0 -9999.0 -9999.0
-9999.0 -9999.0 -9999.0 -9999.0 -9999.0 -9999.0 -9999.0 -9999.0 -9999.0 -9999.0 -9999.0 -9999.0 -9999.0 -9999.0 -9999.0 -9999.0 -9999.0 -9999.0 -9999.0 -9999.0 -9999.0 -9999.0 -9999.0 -9999.0 -9999.0 -9999.0 -9999.0 -9999.0 -9999.0 -9999.0 -9999.0 -9999.0 -9999.0 -9999.0 -9999.0 -9999.0 -9999.0 -9999.0 -9999.0 -9999.0 -9999.0 -9999.0 -9999.0 -9999.0 -9999.0 -9999.0 -9999.0 -9999.0 -9999.0 -9999.0 -9999.0 -9999.0 -9999.0 -9999.0 -9999.0 -9999.0 -9999.0
-9999.0 -9999.0 -9999.0 -9999.0 -9999.0 -9999.0 -9999.0 -9999.0 -9999.0 -9999.0 -9999.0 -9999.0 -9999.0 -9999.0 -9999.0 -9999.0 -9999.0 -9999.0 -9999.0 -9999.0 -9999.0 -9999.0 -9999.0 -9999.0 -9999.0 -9999.0 -9999.0 -9999.0 -9999.0 -9999.0 -9999.0 -9999.0 -9999.0 -9999.0 -9999.0 -9999.0 -9999.0 -9999.0 -9999.0 -9999.0 -9999.0 -9999.0 -9999.0 -9999.0 -9999.0 -9999.0 -9999.0 -520.787524 -538.450000 -555.664056 -557.297945 -534.508160 -511.425210 -488.107188 -467.963478 -449.575645 -430.773900
-9999.0 -9999.0 -9999.0 -9999.0 -9999.0 -9999.0 -9999.0 -9999.0 -9999.0 -9999.0 -9999.0 -9999.0 -9999.0 -9999.0 -9999.0 -9999.0 -9999.0 -9999.0 -9999.0 -9999.0 -9999.0 -9999.0 -9999.0 -9999.0 -9999.0 -9999.0 -9999.0 -9999.0 -9999.0 -9999.0 -9999.0 -9999.0 -9999.0 -9999.0 -9999.0 -9999.0 -9999.0 -9999.0 -9999.0 -9999.0 -473.168548 -467.414983 -465.795270 -476.967528 -488.511166 -500.357799 -520.354761 -538.400587 -554.405165 -557.597837 -555.275760 -549.558123 -526.549942 -502.749691 -483.705622 -466.518798 -447.687349
-9999.0 -9999.0 -9999.0 -9999.0 -9999.0 -9999.0 -9999.0 -9999.0 -9999.0 -9999.0 -9999.0 -9999.0 -9999.0 -9999.0 -9999.0 -9999.0 -9999.0 -9999.0 -9999.0 -9999.0 -9999.0 -9999.0 -9999.0 -9999.0 -9999.0 -9999.0 -9999.0 -9999.0 -9999.0 -9999.0 -9999.0 -9999.0 -9999.0 -9999.0 -564.306879 -546.809177 -528.959016 -511.002970 -494.766203 -488.473682 -482.720449 -477.034090 -481.236097 -486.377245 -497.961685 -516.597391 -536.643183 -551.336185 -554.426840 -557.395964 -553.261273 -540.310487 -524.033151 -507.879010 -487.330788 -464.755663 -456.011807
-9999.0 -9999.0 -9999.0 -9999.0 -9999.0 -9999.0 -9999.0 -9999.0 -9999.0 -9999.0 -9999.0 -9999.0 -9999.0 -9999.0 -9999.0 -9999.0 -9999.0 -9999.0 -9999.0 -9999.0 -9999.0 -9999.0 -9999.0 -9999.0 -9999.0 -9999.0 -9999.0 -9999.0 -558.817722 -564.934278 -570.438032 -572.280620 -573.928978 -575.511513 -568.769681 -556.561514 -538.422680 -517.362275 -505.018532 -498.256882 -492.097484 -491.576406 -496.637573 -499.246918 -499.472222 -511.443720 -523.398793 -534.633735 -545.461967 -546.885558 -537.665611 -524.329216 -508.861662 -494.640030 -479.908156 -466.691046 -452.060084
-9999.0 -9999.0 -9999.0 -9999.0 -9999.0 -9999.0 -9999.0 -9999.0 -9999.0 -9999.0 -9999.0 -9999.0 -9999.0 -9999.0 -9999.0 -9999.0 -9999.0 -9999.0 -9999.0 -9999.0 -9999.0 -9999.0 -9999.0 -587.222815 -581.191251 -574.971945 -567.968076 -567.417226 -572.101436 -578.152570 -581.775921 -583.778853 -585.703835 -581.753073 -573.581731 -560.179618 -544.600952 -523.491383 -515.326639 -508.896509 -496.744391 -495.124315 -491.127721 -487.601348 -489.926491 -492.934494 -505.096693 -514.141630 -508.486829 -502.583429 -496.797756 -490.024492 -477.682145 -462.435131 -444.947307 -424.424287 -402.760361
-9999.0 -9999.0 -9999.0 -9999.0 -9999.0 -9999.0 -9999.0 -9999.0 -9999.0 -9999.0 -9999.0 -9999.0 -9999.0 -9999.0 -9999.0 -9999.0 -9999.0 -9999.0 -9999.0 -611.486811 -610.885566 -610.221653 -605.976777 -605.188705 -603.186846 -596.477617 -588.680872 -587.072732 -588.978817 -591.145652 -590.038413 -587.841009 -584.189708 -573.041803 -559.598100 -545.899041 -532.096901 -511.713527 -497.430100 -483.814359 -468.051581 -470.206870 -475.387086 -478.249275 -478.396436 -478.164990 -471.910804 -468.291823 -463.147643 -457.324941 -450.524783 -442.238953 -432.134575 -413.775962 -393.252802 -372.324334 -352.028090
-9999.0 -9999.0 -9999.0 -9999.0 -9999.0 -9999.0 -9999.0 -9999.0 -9999.0 -9999.0 -9999.0 -9999.0 -9999.0 -9999.0 -9999.0 -9999.0 -639.233178 -637.589275 -635.820723 -630.795014 -628.770347 -625.190473 -618.731013 -618.120710 -614.619426 -607.942258 -603.335197 -595.360279 -588.065246 -581.190015 -575.761603 -573.588692 -566.259382 -557.058237 -545.614581 -530.281194 -508.699328 -486.639550 -470.873767 -454.776172 -438.555611 -438.949260 -440.803548 -440.309848 -439.897099 -431.755036 -413.349585 -407.129913 -403.153912 -383.234870 -368.476725 -362.873221 -355.528083 -337.032976 -311.962076 -282.560873 -246.088023
-9999.0 -9999.0 -9999.0 -9999.0 -9999.0 -9999.0 -9999.0 -9999.0 -9999.0 -9999.0 -9999.0 -9999.0 -9999.0 -682.523480 -678.562273 -669.816184 -662.319468 -660.543295 -657.146323 -651.993104 -640.276745 -637.244347 -631.476445 -624.285033 -613.514014 -605.545208 -596.791375 -585.533649 -577.557409 -570.885404 -564.261625 -557.872221 -544.456093 -529.427081 -513.851264 -494.004113 -473.012272 -452.238285 -431.331417 -416.800150 -402.667304 -399.055640 -401.597758 -400.482996 -392.109631 -372.886879 -352.573526 -337.899050 -313.387337 -287.142083 -270.178919 -254.508144 -243.076962 -227.838238 -202.339239 -155.555977 -103.655461
-9999.0 -9999.0 -9999.0 -9999.0 -9999.0 -9999.0 -9999.0 -9999.0 -9999.0 -9999.0 -717.910456 -715.383323 -719.061555 -718.230531 -714.074952 -702.686478 -690.114418 -683.537200 -672.930890 -653.038759 -636.637448 -633.679309 -619.268870 -609.939508 -603.987425 -593.774674 -581.163491 -568.609492 -551.636412 -539.435123 -526.995532 -506.416764 -490.471599 -474.690915 -457.621442 -438.498859 -417.362613 -386.413408 -358.212494 -342.932885 -316.993266 -300.848781 -303.778339 -303.383001 -294.849165 -274.147154 -244.658478 -209.545358 -177.628380 -140.466630 -109.038677 -85.546730 -66.851475 -46.252964 -23.119034 13.207217 52.166702
-9999.0 -9999.0 -9999.0 -9999.0 -9999.0 -9999.0 -9999.0 -9999.0 -741.446521 -734.965840 -728.827077 -732.122623 -737.201959 -740.536943 -728.152273 -712.820824 -697.427494 -681.155213 -665.800384 -648.668081 -633.543367 -617.413761 -598.866690 -587.607348 -576.273396 -561.710226 -548.571329 -530.938026 -510.106353 -495.426305 -476.276765 -454.702307 -435.284971 -417.476623 -399.161455 -380.408078 -349.708731 -312.563121 -276.291365 -245.974340 -211.349448 -178.735319 -174.855745 -168.733809 -160.041058 -123.019498 -75.472716 -28.087523 8.250809 38.040118 66.689399 83.522349 95.321329 109.852427 127.446544 144.277314 166.832944
-9999.0 -9999.0 -9999.0 -9999.0 -9999.0 -9999.0 -766.398075 -742.603676 -728.236143 -736.244378 -744.093297 -747.566478 -751.153756 -733.543399 -712.901409 -696.750456 -680.754456 -664.168510 -648.618439 -634.047571 -599.078389 -583.803595 -569.332941 -549.685133 -536.463144 -523.186514 -506.389943 -483.125262 -459.949461 -426.405147 -394.897626 -366.161893 -337.859618 -316.180625 -295.489465 -272.593484 -234.101854 -186.089148 -135.598407 -88.952747 -44.860159 -5.460868 9.274855 17.399864 26.322989 44.504318 74.909453 106.586252 140.846765 171.367696 194.066641 204.752429 214.916797 227.230632 242.447812 257.909482 271.079610
-9999.0 -9999.0 -9999.0 -9999.0 -799.333655 -778.641580 -758.208688 -727.668702 -705.422904 -711.278339 -704.122556 -703.772181 -705.239289 -703.574075 -698.735208 -681.521625 -664.741250 -647.884698 -629.580119 -591.583163 -551.114936 -534.821049 -507.924402 -476.110742 -462.520023 -448.180673 -433.162592 -409.752780 -378.283440 -340.001195 -287.674425 -240.261986 -205.462859 -174.082730 -144.924451 -109.567422 -59.730486 -8.448063 32.269511 67.913512 100.053021 126.415819 142.604383 150.931382 161.378120 174.440733 192.645106 218.049327 247.077784 278.787843 302.328716 317.244789 325.331277 337.553879 352.044835 371.059647 383.983677
-9999.0 -9999.0 -9999.0 -845.167303 -807.041806 -770.838155 -743.526249 -712.945946 -681.954690 -675.476363 -667.795889 -661.304393 -654.590383 -646.027249 -636.099188 -620.632695 -607.813556 -596.699974 -576.701270 -540.495275 -504.364765 -469.391472 -436.501684 -403.903554 -379.070506 -362.250182 -344.489034 -317.461797 -272.327173 -222.408981 -155.450468 -79.128718 -24.043381 8.661974 30.566667 56.705967 82.578983 117.282790 149.552714 179.513607 209.744404 235.571472 257.879852 266.158713 273.420353 280.622462 297.467031 317.693093 340.957967 372.754566 396.944918 419.481098 429.732669 441.394507 457.394639 473.174418 484.158463
-9999.0 -9999.0 -891.070920 -854.649016 -819.188090 -767.321890 -715.335278 -682.602885 -642.261838 -617.078030 -610.197881 -591.452990 -574.574181 -566.216127 -549.227233 -532.093636 -520.349217 -518.378156 -507.310688 -470.476445 -414.619734 -361.359206 -321.101202 -255.917967 -215.834538 -188.790287 -171.590912 -138.275649 -90.002363 -25.995619 29.655301 80.073530 120.837871 152.356511 167.045851 184.204920 207.813818 228.137016 255.682658 282.837904 312.060866 339.789997 367.590989 377.441378 381.579540 392.020758 414.071243 433.335649 457.066145 478.168594 492.004319 495.982620 497.594585 499.724514 501.795180 503.369023 503.952456
-9999.0 -9999.0 -915.380367 -871.887879 -828.421918 -757.332103 -683.359591 -645.958703 -603.236835 -559.699650 -540.881464 -517.760099 -497.356125 -477.475778 -453.454747 -428.769187 -425.728106 -423.804235 -424.696223 -367.539258 -302.172498 -222.663324 -125.811742 -42.126335 5.648932 17.903067 25.877262 44.235305 70.800160 116.876734 167.548271 216.418216 257.986995 286.386089 301.211322 317.876592 341.475315 358.469484 369.702399 400.966048 425.118970 448.056633 472.055711 490.225891 496.919858 497.343453 495.378101 497.711976 500.549485 502.244834 502.555516 499.690796 499.138772 500.008351 501.109375 496.168268 489.544534
-9999.0 -1000.725956 -949.115769 -894.627559 -823.535230 -753.533774 -666.556298 -585.562732 -537.535151 -496.795675 -468.739570 -447.162908 -387.565791 -333.276670 -302.319977 -268.187188 -270.286283 -273.573374 -280.986334 -231.367760 -156.776229 -35.899338 83.797070 144.130814 178.174752 183.200554 180.395636 194.244460 219.534280 258.783285 317.810025 360.255096 402.053238 432.665609 443.482322 447.799053 463.204786 479.538974 487.657564 494.913134 499.099702 502.579308 500.945506 502.014247 502.542968 502.658806 499.560737 493.271020 485.834892 480.638542 476.650070 471.862154 474.496685 477.716093 478.345544 470.057162 460.631635
-9999.0 -1034.162838 -973.611435 -900.648685 -828.193991 -747.916320 -632.721967 -507.883149 -463.337521 -429.694977 -397.109765 -340.650447 -239.628719 -154.733633 -98.167108 -44.090547 -42.942211 -55.436589 -54.942608 -13.332671 43.762332 120.529098 241.066727 326.544203 339.017414 350.199847 358.653947 380.460646 408.416011 433.938293 456.220031 474.124300 483.391308 487.429288 489.114540 490.181109 491.618026 491.572459 488.235967 485.010013 481.223246 481.974669 486.007960 486.091772 483.655035 480.769155 474.606091 465.072553 458.155297 452.772021 448.864143 443.540558 443.603939 444.476934 439.265822 428.441561 415.354371
-9999.0 -1056.372129 -987.943519 -921.470469 -844.702402 -716.201553 -595.596953 -469.094222 -380.959789 -340.090361 -277.182444 -163.025586 -39.184763 47.771774 98.224965 130.712732 150.434076 147.257177 164.110546 208.696962 272.407072 341.404107 396.555272 454.725841 464.743167 467.068707 462.713977 466.129401 469.478091 470.779073 472.187748 472.727687 478.099241 480.892142 480.103412 477.443451 472.351589 462.725247 456.361789 453.364739 450.382909 450.584834 453.672362 454.420900 451.973547 447.629846 440.818632 428.489650 419.137993 411.024541 406.128999 401.124112 399.202030 394.781277 388.991729 380.438357 365.587238
-9999.0 -1139.037631 -1056.694133 -992.315965 -850.833322 -688.747044 -566.653654 -412.462074 -276.298516 -208.669611 -78.497006 33.200763 125.181678 187.950506 236.946926 294.893705 341.333002 371.046764 400.111998 402.516315 437.209621 461.729186 469.270952 473.870412 469.218705 470.123693 462.411063 442.285585 431.325703 424.695879 426.728972 434.214886 440.352943 446.245804 444.237783 443.771085 440.662872 429.797584 422.877113 414.279991 406.963952 402.089744 401.370614 406.862950 401.729853 397.496847 390.081401 379.166948 368.688165 359.803599 351.667151 344.483659 341.411698 335.615253 333.576171 325.494122 299.530009
-9999.0 -1219.651906 -1140.080239 -1030.549379 -874.260523 -711.657366 -560.728014 -387.764085 -183.850134 -43.493805 62.278932 116.681848 182.435687 250.005413 324.002341 385.310624 419.824145 429.707452 428.645320 422.632337 390.551891 382.354446 396.363806 418.289470 427.340971 429.841650 418.284243 399.483521 389.267910 387.241840 386.274760 386.277294 385.965250 384.522437 381.063175 381.416291 383.393479 374.385322 365.028367 357.305287 350.951400 343.802280 339.045293 336.607789 334.584919 333.755825 325.799002 314.514612 303.398042 294.866213 286.747203 280.499586 278.197800 273.659685 267.407292 256.993121 231.342283
-9999.0 -1302.627326 -1189.760993 -1083.575934 -943.055481 -801.910948 -662.074231 -491.944898 -320.930382 -70.664383 105.696836 150.381857 179.386256 226.135860 294.462844 366.717887 392.214367 367.862789 338.242072 310.410435 303.516654 308.689879 321.346657 340.932652 355.789131 362.913295 360.576324 348.339653 333.038298 324.600536 319.998968 312.239007 306.311825 305.539613 303.755140 308.175149 310.096288 299.948250 287.454986 273.435167 261.556299 252.912953 250.293435 251.172096 250.761712 247.688682 240.530440 230.395908 218.178018 207.127782 198.947978 193.158505 187.140711 178.927572 169.807293 159.794304 136.489112
-9999.0 -9999.0 -1257.261031 -1144.431920 -1025.892112 -895.262994 -762.988853 -604.291528 -446.894562 -238.377629 -81.040005 16.352571 69.821217 116.046029 174.120125 227.729104 245.701162 256.812338 230.790879 223.840679 223.322998 226.597912 236.213862 248.415851 260.450021 267.993342 271.946965 268.506899 258.594236 243.521861 226.535130 213.427833 205.177023 199.223656 205.815182 215.222843 213.107448 206.545898 195.852797 182.211298 171.026123 159.685907 156.900093 157.900816 157.954511 155.137326 150.044155 137.655152 124.553024 111.438339 104.562155 97.708152 91.091109 79.773588 67.932063 54.845987 31.703888
-9999.0 -9999.0 -1338.333848 -1226.035210 -1102.519149 -974.975086 -863.981471 -748.120892 -587.617441 -463.389716 -354.232505 -255.360671 -166.065865 -84.461675 -30.923117 22.371125 49.068031 60.219940 64.983095 78.112259 97.873283 118.714289 133.361119 145.617013 157.185835 166.773558 174.176646 164.393702 154.362743 139.121749 119.260943 97.045211 84.388471 78.279308 81.397541 87.556572 82.378111 72.519865 58.773334 43.347518 31.336000 20.202601 16.670556 14.883776 14.214047 11.434492 7.407652 -3.684301 -18.940979 -31.452473 -42.941472 -53.322882 -60.689749 -74.242895 -91.422359 -105.677345 -134.045391
