tests/Borden05m/data_simulated/sim_1/output-maps/psiliqL0002N0008.asc
ncols         160
nrows         34
xllcorner     620200.000000
yllcorner     5168000.000000
cellsize      0.500000
NODATA_value  -9999.0
[rows 0 to 24 of 34, columns 57 to 113 of 160]
-9999.0 -9999.0 -9999.0 -9999.0 -9999.0 -9999.0 -9999.0 -9999.0 -9999.0 -9999.0 -9999.0 -9999.0 -9999.0 -9999.0 -9999.0 -9999.0 -9999.0 -9999.0 -9999.0 -9999.0 -9999.0 -9999.0 -9999.0 -9999.0 -9999.0 -9999.0 -9999.0 -9999.0 -9999.0 -9999.0 -9999.0 -9999.0 -9999.0 -9999.0 -9999.0 -9999.0 -9999.0 -9999.0 -9999.0 -9999.0 -9999.0 -9999.0 -9999.0 -9999.0 -9999.0 -9999.0 -9999.0 -9999.0 -9999.0 -9999.0 -9999.0 -9999.0 -9999.0 -9999.0 -9999.0 -9999.0 -9999.0
-9999.0 -9999.0 -475.178082 -476.646285 -477.509837 -477.807682 -479.796882 -481.200224 -483.040361 -483.136370 -482.770016 -483.148101 -484.116049 -483.151004 -481.974482 -481.051107 -479.541070 -480.128580 -480.075718 -479.475427 -479.302915 -479.544809 -480.227215 -480.575586 -481.026465 -479.902242 -482.118192 -485.031188 -487.260875 -487.651300 -485.521322 -484.380409 -484.825210 -483.920448 -481.773025 -480.109457 -479.986854 -477.952023 -478.905416 -478.191019 -476.544006 -477.788991 -477.849619 -477.295386 -476.332616 -479.665902 -9999.0 -9999.0 -9999.0 -9999.0 -9999.0 -9999.0 -9999.0 -9999.0 -9999.0 -9999.0 -9999.0
-476.219536 -476.878855 -484.108940 -484.520835 -484.410335 -483.836950 -484.556022 -486.866847 -487.219356 -489.025376 -489.848189 -490.081069 -490.938991 -490.514115 -487.533607 -485.514525 -485.117882 -485.824635 -486.259375 -487.083888 -487.603107 -487.386723 -488.058818 -488.629950 -489.253827 -488.868796 -486.595331 -488.774621 -489.795985 -490.921917 -492.271196 -491.890514 -491.593636 -491.582830 -488.871055 -488.162531 -487.877717 -484.381118 -481.123642 -480.475487 -482.044285 -483.520660 -482.751149 -482.428184 -483.452514 -484.372809 -483.603051 -483.913643 -483.930640 -485.258026 -483.192867 -483.606231 -481.577880 -480.040111 -478.245351 -475.156973 -9999.0
-481.519283 -482.156766 -487.402638 -490.397287 -491.228700 -490.408721 -487.973779 -488.693623 -490.492060 -493.457573 -490.316752 -490.870418 -491.269175 -490.817931 -489.881517 -489.511218 -489.143202 -488.651565 -486.053150 -486.477086 -486.792489 -486.629539 -487.050680 -487.853022 -487.632220 -487.992567 -490.308606 -489.840624 -489.231262 -489.836434 -487.567227 -487.517119 -486.082722 -490.248224 -489.705789 -489.036413 -488.757260 -488.774345 -488.678368 -488.172414 -489.992599 -488.431199 -489.419730 -492.015056 -492.088025 -491.199375 -488.049133 -486.364601 -487.732830 -493.442246 -490.464087 -484.288395 -485.152642 -486.577017 -483.955946 -481.436876 -477.370813
-489.520365 -490.521300 -492.656644 -490.264761 -488.365960 -487.188390 -488.186827 -490.270608 -492.955412 -488.100701 -486.398182 -487.785465 -487.329268 -485.883433 -485.685747 -491.916888 -493.571453 -491.420553 -489.273784 -488.504331 -489.802429 -490.424874 -491.548163 -491.444005 -490.630224 -491.180680 -490.189291 -489.456182 -490.788286 -489.416049 -487.792127 -486.012827 -489.735707 -493.070634 -492.835018 -490.067548 -488.252277 -487.643919 -485.140524 -480.764912 -481.567172 -482.288170 -482.109331 -481.610892 -486.305280 -490.762697 -492.423134 -493.078394 -494.402805 -492.963996 -494.114418 -489.056947 -489.629624 -490.640115 -488.514968 -487.097060 -485.105737
-489.742549 -488.639704 -492.036935 -493.644910 -494.248438 -493.641564 -494.415165 -494.580027 -490.535306 -488.831740 -485.378533 -487.351700 -487.418938 -487.578130 -491.519184 -494.336089 -496.425547 -490.324414 -485.743947 -484.577097 -486.289566 -487.788976 -483.384148 -484.648328 -484.958151 -487.511622 -486.645856 -487.513075 -483.193931 -481.800060 -479.508914 -480.432563 -484.770349 -488.385328 -488.429515 -488.076031 -488.766741 -488.053568 -485.705359 -482.481724 -485.276341 -485.888238 -484.459887 -491.440967 -496.636729 -497.967911 -492.841419 -489.890469 -490.152219 -489.452865 -488.941124 -492.199794 -491.286160 -490.887239 -492.645236 -489.053159 -485.506619
-482.497126 -477.341085 -481.288493 -483.625250 -488.216955 -487.587724 -487.242923 -486.061389 -484.599448 -481.372872 -474.043659 -476.630445 -476.520071 -473.798995 -477.995264 -481.702237 -488.001942 -481.044450 -480.187345 -478.551041 -479.566320 -474.605633 -469.963328 -472.646127 -476.222410 -480.909684 -478.139045 -472.411320 -467.251976 -466.477030 -466.099059 -464.978810 -468.800792 -469.354318 -469.917420 -469.316193 -472.278162 -472.553414 -468.982350 -462.095212 -461.271096 -464.043683 -469.715582 -478.888117 -487.298851 -491.628893 -484.370231 -486.089749 -486.672636 -485.028748 -488.621844 -490.452163 -486.423896 -489.336834 -491.656831 -486.506094 -486.321276
-483.516727 -478.004372 -480.877379 -485.370489 -490.344151 -490.260859 -487.434937 -486.522846 -481.327833 -474.026914 -465.944452 -462.072333 -458.216717 -452.759401 -456.798608 -460.604143 -465.300023 -464.352634 -458.978867 -454.027185 -447.627106 -438.293237 -426.560858 -426.937862 -430.403240 -430.116043 -428.314398 -419.365989 -411.406375 -408.433262 -406.419778 -401.647089 -404.443142 -409.626290 -415.758755 -422.342572 -428.591301 -434.363202 -427.532238 -419.971990 -422.690521 -440.983866 -453.164543 -464.472479 -475.161365 -487.664575 -486.723489 -483.867890 -480.928563 -485.257616 -486.581682 -490.122039 -490.204650 -488.954622 -493.669760 -490.734800 -490.488565
-456.659619 -449.318001 -446.205996 -454.265747 -455.152621 -452.420311 -446.943004 -445.378985 -437.420057 -416.032282 -387.521087 -356.733307 -309.372953 -296.544849 -323.368699 -345.205332 -366.762041 -376.608303 -363.065341 -343.333405 -306.058099 -232.845005 -185.556152 -164.290641 -158.879447 -156.603759 -154.360342 -153.290269 -149.800562 -144.454355 -139.176591 -134.364304 -134.238573 -141.401831 -146.461050 -153.394601 -160.599799 -162.805811 -167.812441 -168.661372 -185.701319 -253.546166 -344.908905 -382.756837 -409.780941 -431.397645 -450.073182 -448.964682 -455.089998 -459.538174 -464.380506 -477.679495 -480.196190 -481.086536 -492.460713 -493.471296 -489.941455
-388.869814 -372.579876 -351.056062 -348.300333 -342.453197 -337.051157 -324.226307 -299.298959 -234.554900 -174.633229 -133.882265 -103.587205 -77.606956 -67.986893 -80.687638 -93.503446 -105.434016 -114.033391 -111.106048 -93.031063 -66.194136 -33.463202 -11.905769 -3.554503 -2.277209 -0.854370 0.521663 2.626707 3.510326 6.309252 9.452929 12.076181 12.824672 12.600949 9.795947 4.784779 -3.931957 -6.581359 -7.608579 -14.445793 -23.814792 -44.290807 -90.418919 -122.964645 -155.869209 -207.544992 -306.937910 -362.371943 -384.017668 -398.227077 -425.267851 -449.996937 -467.955907 -478.476074 -488.860194 -490.748670 -478.059946
-139.431085 -111.588111 -97.728038 -93.675528 -91.494181 -87.571293 -78.138880 -64.377848 -41.741420 -18.127917 7.955157 13.720346 15.252037 15.284331 14.678636 14.122780 13.569320 13.155790 13.102525 13.609672 14.324062 15.433906 16.179613 16.878701 16.797806 16.842514 16.806531 16.912278 16.972445 16.925762 17.140675 17.572538 17.958529 18.156395 17.776961 17.182620 16.511708 16.394513 16.174057 15.844417 15.679509 15.337462 14.922933 13.443945 4.091847 -33.747853 -76.337392 -108.021826 -122.893258 -138.810666 -161.400791 -233.358317 -331.394021 -376.843902 -406.892199 -432.439623 -421.192304
2.468850 12.898546 13.793139 14.069298 13.918921 13.995899 14.406575 14.819476 15.543489 16.337688 17.024153 17.911925 18.918927 19.933124 19.693799 19.225161 18.402824 18.500785 18.563665 18.617798 18.874001 18.988271 19.645814 20.388485 20.602685 20.627138 20.348941 20.524659 20.553996 20.509289 20.371945 20.381674 20.671458 20.868955 20.839280 20.309678 19.562007 18.884235 18.554494 18.464454 18.351106 18.435190 18.482615 18.343027 17.413489 15.887928 14.120421 12.963358 12.101897 5.207429 -7.392200 -29.489123 -64.950544 -97.126570 -133.368519 -174.162833 -222.720345
16.399881 17.255594 18.084205 18.664058 18.693154 18.975114 18.999663 19.473281 20.193112 20.900668 21.194085 24.588318 39.695673 48.248981 52.613645 55.171796 54.743818 58.076578 56.659774 57.721971 57.211552 58.536134 57.290335 60.851359 59.700385 61.071271 59.473496 61.225628 59.717301 60.965816 60.680270 58.161485 58.813478 57.533158 58.599553 55.556015 49.308502 35.317083 25.371887 21.861081 21.410367 20.940193 20.461710 20.164894 19.868712 19.081738 18.058827 17.051022 16.955683 16.866969 16.517439 16.094049 14.985122 13.911208 12.580506 -4.403807 -42.326643
19.450131 20.017669 21.059749 23.957168 31.957786 38.177939 41.778754 51.156749 61.396615 61.577995 63.043892 61.112393 62.841709 60.850333 62.745159 60.691333 60.695741 58.799690 59.529564 53.178957 45.579119 46.351093 47.921820 49.379052 53.384360 50.712464 52.451507 53.989770 53.688876 47.982504 45.109390 43.690841 43.290593 50.216181 51.977268 53.429497 53.158233 53.342858 52.813915 52.878742 52.941263 52.452183 52.744020 47.637485 40.462915 23.141697 20.770512 19.421549 18.845990 18.721654 19.034625 18.941635 19.000040 18.483264 17.777282 16.562346 14.814700
55.118567 63.351874 64.593988 63.033888 64.350402 63.642588 67.275359 64.962571 62.172825 59.728572 53.967109 54.219718 51.932575 50.774686 50.440494 49.445710 45.353023 43.090314 38.089185 28.741392 20.966626 20.826099 21.448914 24.832628 28.184045 30.229917 32.946867 34.670364 30.921763 23.954174 21.081370 20.854381 21.742108 26.113627 29.670401 30.150768 28.497085 26.882828 27.246619 25.409894 25.916641 31.204323 42.250953 49.798896 49.209849 49.217171 49.399165 49.407366 29.965392 21.103978 21.736060 21.402111 20.879960 20.032052 19.399710 18.679792 18.084355
57.009000 55.693585 49.334566 44.672022 43.833815 48.050880 53.269973 55.901052 48.836971 41.816163 36.135137 30.823697 29.079307 27.798853 26.825182 27.056891 22.295433 21.115180 20.428464 20.089607 19.689597 19.482311 19.418275 19.733822 20.093970 20.372130 20.747304 20.359442 20.157798 19.765981 19.439843 19.578403 19.631699 19.972724 20.555306 20.485537 20.598721 20.298403 20.283083 19.985811 19.845091 20.124113 20.745902 21.325756 24.458240 30.619528 36.735169 42.021028 48.778014 48.592373 48.240546 48.182931 43.929515 32.153293 21.539075 20.698665 19.961635
38.045584 33.990659 28.053158 22.944915 21.698611 24.810018 28.327140 26.488952 21.534284 20.751407 20.336146 19.955271 19.797446 19.960603 20.129101 20.309621 20.119387 19.631622 19.158678 18.954699 18.522524 18.659094 18.460585 18.111326 18.496498 19.158001 19.425326 18.733293 18.569021 18.066251 17.888756 17.835959 17.860195 18.155754 18.864566 19.685421 19.636011 19.141440 18.804427 18.695227 18.499173 18.697404 19.387791 19.973758 20.270389 20.458816 20.510796 20.800623 21.132181 21.661316 28.251963 36.853026 46.915627 46.882457 46.820718 46.722610 31.799725
20.891783 20.596345 20.367060 20.173138 20.045998 20.069173 20.089917 19.868621 19.773847 19.796008 19.582571 19.360076 18.768079 18.710592 18.573928 18.920065 18.399288 18.213948 17.514085 17.206605 16.667177 16.371194 16.034555 15.336013 15.234841 15.852337 16.452484 15.528855 15.177860 14.499830 14.316847 14.228258 14.375459 15.031619 16.469505 17.477309 17.877228 17.425687 17.182047 17.083190 17.025847 17.025299 17.563078 18.221007 18.827697 19.135538 19.249171 19.332148 19.517193 19.902315 20.227941 20.546443 21.088250 24.611599 36.046152 43.702747 48.884120
19.920563 19.783277 19.531025 19.181106 19.046150 19.401949 19.022025 18.945322 19.066872 16.882965 16.741356 16.002191 15.115986 14.566907 13.758214 13.420554 12.918359 12.805974 12.558503 11.897425 3.949669 -8.188819 -16.366425 -31.653775 -55.079057 -57.408565 -53.622123 -49.741032 -58.349843 -67.554398 -70.670565 -71.826729 -62.248770 -33.990918 -11.704615 2.331925 8.812395 6.350668 11.863648 12.415427 12.452484 13.628673 14.619156 15.610321 16.587157 17.556241 17.802234 17.973423 18.165127 18.538949 18.914862 19.175253 19.730552 20.426876 20.809733 21.044653 21.607110
19.311767 18.958301 18.665418 18.295376 17.792596 18.073826 17.986008 17.971969 15.954907 13.366502 6.581991 -6.375656 -33.106280 -63.306597 -87.096014 -112.873021 -124.537362 -130.710565 -126.941918 -135.135973 -150.255451 -166.476734 -182.228923 -214.769130 -279.817244 -300.210150 -285.803087 -256.806490 -284.598801 -306.030349 -305.145226 -311.961003 -306.854479 -238.898469 -182.569420 -161.495070 -149.482675 -140.742659 -136.781815 -132.134775 -106.391698 -83.483313 -47.289968 -15.396682 5.826862 13.107646 14.623021 15.478450 16.184252 16.969273 17.325836 17.862409 18.382623 19.213455 19.511260 19.763381 19.916348
17.441094 16.996901 16.213211 15.080674 13.429390 13.324601 12.783673 9.060487 -34.580392 -93.141231 -132.252089 -160.699354 -206.251667 -290.925529 -348.290214 -382.380743 -397.063632 -396.281478 -391.822823 -396.853409 -409.242670 -419.774370 -427.623307 -435.592601 -445.376320 -450.222892 -445.368745 -440.314666 -442.088459 -443.271143 -441.895262 -442.442409 -442.769136 -440.434506 -428.033726 -420.429145 -413.539033 -408.657463 -406.145683 -388.413989 -365.037939 -334.157157 -233.916275 -170.433965 -131.896977 -95.729628 -51.567519 -19.955026 2.502461 12.650397 14.181153 15.292098 16.331156 17.430032 18.117610 18.369861 18.603419
13.857142 12.190728 -10.479097 -58.728647 -90.231161 -104.642786 -113.721572 -146.850714 -212.951668 -346.174466 -388.535014 -408.524106 -426.034982 -441.442427 -453.793433 -463.511867 -469.516843 -464.751159 -462.839525 -458.859455 -464.997035 -469.657682 -470.330624 -474.397964 -477.817406 -483.003894 -478.653465 -477.269670 -472.652638 -473.703930 -473.944788 -471.804872 -472.948783 -473.042031 -476.160159 -472.605068 -471.140100 -469.644717 -461.711607 -454.575486 -446.771273 -439.181144 -426.215318 -407.074986 -383.838446 -346.389553 -240.657461 -171.308984 -133.204512 -96.734985 -52.615352 -20.300079 1.095505 12.671084 14.107481 15.305180 16.420709
-77.820387 -117.791230 -170.690608 -271.600880 -358.643809 -368.463692 -390.962609 -411.335695 -438.975771 -454.742515 -460.956228 -467.325041 -471.776020 -474.815930 -480.477799 -484.070442 -490.892712 -487.867625 -484.182973 -478.613343 -483.326711 -483.672841 -482.232205 -484.529863 -486.940284 -491.543696 -490.921651 -487.452658 -483.321062 -484.029234 -483.426465 -480.946548 -480.848850 -482.809535 -487.068450 -486.297459 -484.161114 -482.450878 -478.460694 -475.080921 -471.813339 -469.131786 -464.397345 -458.186848 -451.149743 -440.914359 -423.957158 -406.933560 -383.114366 -341.577533 -235.481123 -174.278374 -141.838396 -108.762385 -77.445097 -33.509830 -3.593548
-305.871732 -365.205980 -403.332627 -434.067209 -454.733595 -464.040564 -471.546800 -478.584262 -480.510502 -482.734474 -485.272312 -487.163805 -489.342904 -491.268033 -492.660415 -495.628398 -502.736115 -499.539103 -495.454297 -490.752860 -490.580783 -490.975184 -490.349804 -491.170078 -494.245687 -500.148437 -497.702798 -494.423661 -491.564820 -490.912638 -490.567939 -488.672661 -490.142376 -493.058018 -497.398416 -495.755944 -492.910279 -491.790294 -490.386421 -488.029275 -485.579538 -483.268948 -480.496643 -477.804371 -473.711106 -468.916147 -462.939407 -455.598895 -446.798914 -434.266389 -423.541531 -408.070479 -392.944488 -367.948425 -318.504223 -206.244265 -153.396965
-439.667221 -450.528491 -460.797424 -471.946222 -476.394288 -480.332785 -483.602454 -487.375438 -489.476852 -491.135006 -489.090331 -489.563856 -492.431477 -491.610527 -492.902840 -498.631387 -496.102245 -494.365449 -489.501837 -490.638288 -490.954377 -492.101472 -491.180800 -491.819003 -497.670142 -494.547560 -493.424420 -490.254731 -490.015247 -489.582461 -489.243602 -488.751364 -489.451736 -493.620624 -492.729458 -491.842588 -489.095205 -489.571739 -488.992000 -486.203275 -486.105077 -484.995570 -483.124620 -481.235153 -478.912700 -475.935513 -471.151364 -466.090399 -460.965644 -460.167357 -456.100691 -452.049315 -455.524847 -447.398156 -438.443574 -423.047650 -401.798995
