tests/Borden05m/data_simulated/sim_1/output-maps/psiliqL0011N0006.asc
ncols         160
nrows         34
xllcorner     620200.000000
yllcorner     5168000.000000
cellsize      0.500000
NODATA_value  -9999.0
[rows 0 to 24 of 34, columns 0 to 56 of 160]
-9999.0 -9999.0 -9999.0 -9999.0 -9999.0 -9999.0 -9999.0 -9999.0 -9999.0 -9999.0 -9999.0 -9999.0 -9999.0 -9999.0 -9999.0 -9999.0 -9999.0 -9999.0 -9999.0 -9999.0 -9999.0 -9999.0 -9999.0 -9999.0 -9999.0 -9999.0 -9999.0 -9999.0 -9999.0 -9999.0 -9999.0 -9999.0 -9999.0 -9999.0 -9999.0 -9999.0 -9999.0 -9999.0 -9999.0 -9999.0 -9999.0 -9999.0 -9999.0 -9999.0 -9999.0 -9999.0 -9999.0 -9999.0 -9999.0 -9999.0 -9999.0 -9999.0 -9999.0 -9999.0 -9999.0 -9999.0 -9999.0
-9999.0 -9999.0 -9999.0 -9999.0 -9999.0 -9999.0 -9999.0 -9999.0 -9999.0 -9999.0 -9999.0 -9999.0 -9999.0 -9999.0 -9999.0 -9999.0 -9999.0 -9999.0 -9999.0 -9999.0 -9999.0 -9999.0 -9999.0 -9999.0 -9999.0 -9999.0 -9999.0 -9999.0 -9999.0 -9999.0 -9999.0 -9999.0 -9999.0 -9999.0 -9999.0 -9999.0 -9999.0 -9999.0 -9999.0 -9999.0 -9999.0 -9999.0 -9999.0 -9999.0 -9999.0 -9999.0 -9999.0 -9999.0 -9999.0 -9999.0 -9999.0 -9999.0 -9999.0 -9999.0 -9999.0 -9999.0 -9999.0
-9999.0 -9999.0 -9999.0 -9999.0 -9999.0 -9999.0 -9999.0 -9999.0 -9999.0 -9999.0 -9999.0 -9999.0 -9999.0 -9999.0 -9999.0 -9999.0 -9999.0 -9999.0 -9999.0 -9999.0 -9999.0 -9999.0 -9999.0 -9999.0 -9999.0 -9999.0 -9999.0 -9999.0 -9999.0 -9999.0 -9999.0 -9999.0 -9999.0 -9999.0 -9999.0 -9999.0 -9999.0 -9999.0 -9999.0 -9999.0 -9999.0 -9999.0 -9999.0 -9999.0 -9999.0 -9999.0 -9999.0 288.202069 270.811360 254.682380 252.715788 275.458943 298.925650 322.753676 343.374620 362.075454 381.079136
-9999.0 -9999.0 -9999.0 -9999.0 -9999.0 -9999.0 -9999.0 -9999.0 -9999.0 -9999.0 -9999.0 -9999.0 -9999.0 -9999.0 -9999.0 -9999.0 -9999.0 -9999.0 -9999.0 -9999.0 -9999.0 -9999.0 -9999.0 -9999.0 -9999.0 -9999.0 -9999.0 -9999.0 -9999.0 -9999.0 -9999.0 -9999.0 -9999.0 -9999.0 -9999.0 -9999.0 -9999.0 -9999.0 -9999.0 -9999.0 335.820772 341.720877 343.130577 332.500667 321.252607 309.220226 289.261735 271.421108 256.242629 253.597033 256.300117 261.793495 284.720902 309.314472 329.002145 346.297386 365.566562
-9999.0 -9999.0 -9999.0 -9999.0 -9999.0 -9999.0 -9999.0 -9999.0 -9999.0 -9999.0 -9999.0 -9999.0 -9999.0 -9999.0 -9999.0 -9999.0 -9999.0 -9999.0 -9999.0 -9999.0 -9999.0 -9999.0 -9999.0 -9999.0 -9999.0 -9999.0 -9999.0 -9999.0 -9999.0 -9999.0 -9999.0 -9999.0 -9999.0 -9999.0 243.339562 260.882756 279.025897 297.432347 314.140830 320.879673 326.778461 332.588890 328.561307 323.861177 312.553989 293.710813 274.115965 260.095913 257.762660 255.304276 259.764977 272.901820 289.787361 306.258962 327.346522 350.816028 360.163252
-9999.0 -9999.0 -9999.0 -9999.0 -9999.0 -9999.0 -9999.0 -9999.0 -9999.0 -9999.0 -9999.0 -9999.0 -9999.0 -9999.0 -9999.0 -9999.0 -9999.0 -9999.0 -9999.0 -9999.0 -9999.0 -9999.0 -9999.0 -9999.0 -9999.0 -9999.0 -9999.0 -9999.0 247.666607 241.745251 236.628872 235.123474 233.822663 232.678245 239.611903 251.873998 270.121619 291.777462 304.724025 311.977814 318.626584 319.462902 314.603989 312.566520 312.869211 301.172977 289.582302 278.752103 268.359889 267.135995 276.881272 291.057095 307.369226 322.390191 337.968776 350.041427 366.679713
-9999.0 -9999.0 -9999.0 -9999.0 -9999.0 -9999.0 -9999.0 -9999.0 -9999.0 -9999.0 -9999.0 -9999.0 -9999.0 -9999.0 -9999.0 -9999.0 -9999.0 -9999.0 -9999.0 -9999.0 -9999.0 -9999.0 -9999.0 218.187940 224.107869 230.594228 237.972556 238.847959 234.643317 228.982624 225.860272 224.322466 222.696517 227.157224 235.461496 249.190859 265.173739 287.026971 295.747627 302.240322 314.691565 317.268717 322.585744 326.700794 325.028759 322.389736 310.327538 301.473075 307.105750 313.402120 320.280910 328.297938 341.795841 357.621742 375.531426 396.356975 418.327144
-9999.0 -9999.0 -9999.0 -9999.0 -9999.0 -9999.0 -9999.0 -9999.0 -9999.0 -9999.0 -9999.0 -9999.0 -9999.0 -9999.0 -9999.0 -9999.0 -9999.0 -9999.0 -9999.0 193.378031 194.209308 195.247718 199.826734 200.694571 202.862494 209.839822 217.965726 220.162894 218.512096 216.959203 218.507011 221.223796 225.540700 237.033880 250.993320 265.322798 279.545649 300.631700 315.615798 329.613638 345.885349 345.015604 340.927566 339.089220 339.765722 340.481167 345.973827 349.660868 356.148833 362.036636 369.335526 379.018870 390.698250 409.647545 430.415173 451.353221 471.047262
-9999.0 -9999.0 -9999.0 -9999.0 -9999.0 -9999.0 -9999.0 -9999.0 -9999.0 -9999.0 -9999.0 -9999.0 -9999.0 -9999.0 -9999.0 -9999.0 165.015664 166.824850 168.913831 174.217220 176.820948 180.731799 187.571277 188.662927 192.452514 199.549767 204.496628 213.150694 221.104516 228.484377 234.510044 237.306086 245.064651 254.920995 267.071819 282.864993 304.939434 328.183771 344.852230 361.977645 379.260217 380.059402 379.261349 380.755090 381.917442 389.786996 408.456899 415.450880 418.979836 437.965273 453.456452 459.967503 468.561293 488.208653 513.234659 539.812115 572.489018
-9999.0 -9999.0 -9999.0 -9999.0 -9999.0 -9999.0 -9999.0 -9999.0 -9999.0 -9999.0 -9999.0 -9999.0 -9999.0 119.884630 124.011211 133.304971 141.885295 144.181239 148.188954 153.973161 166.091837 169.607188 175.794219 183.373891 194.957573 203.517842 212.766634 224.651406 233.222334 240.606468 247.903674 254.354898 268.207747 283.939807 300.275317 321.068177 343.444823 364.953594 386.504231 402.691121 417.425014 420.966150 420.236654 423.009802 432.003067 451.123894 471.832471 484.754141 507.193209 533.307937 550.113459 565.020948 575.981137 590.761409 613.820505 652.202513 692.960752
-9999.0 -9999.0 -9999.0 -9999.0 -9999.0 -9999.0 -9999.0 -9999.0 -9999.0 -9999.0 85.685683 88.144947 84.678553 85.006137 89.788428 101.703779 115.044587 121.771346 133.080140 153.715381 171.068922 174.561692 189.273722 199.351283 206.054403 216.786956 230.098672 243.275172 260.711859 273.723316 286.427525 307.199162 324.299396 341.446592 359.943708 380.839997 402.447015 433.167735 461.927650 477.225644 502.167118 516.370747 514.763277 516.374656 526.697940 546.351893 572.528212 601.812697 628.881818 660.441370 685.208585 704.219291 718.376663 733.686289 752.536679 790.787464 837.612096
-9999.0 -9999.0 -9999.0 -9999.0 -9999.0 -9999.0 -9999.0 -9999.0 61.533117 68.535591 74.741383 71.697157 67.031849 63.503927 76.775651 92.572079 108.534383 125.756141 141.712084 159.699566 175.237248 191.780458 211.400742 223.339675 235.335668 250.853663 264.930018 283.049165 305.017945 319.694543 338.684524 361.361514 381.592960 400.862191 420.883777 440.952250 470.835377 507.449150 542.880906 570.342154 601.489661 628.296048 630.745066 636.315233 644.424329 675.282575 711.385499 748.679292 782.587225 819.044150 857.037111 880.415162 894.645574 909.488555 926.830117 947.138418 977.826473
-9999.0 -9999.0 -9999.0 -9999.0 -9999.0 -9999.0 35.339222 59.477925 74.305271 66.464527 57.625309 54.182981 50.496224 71.412934 93.000815 110.021794 126.817637 144.302603 160.778611 174.972010 209.768065 226.998969 242.084246 261.574277 276.295722 291.126766 309.238233 333.672337 357.431207 390.277559 420.152346 447.729956 476.275809 498.443368 519.976890 542.327628 578.064099 620.316192 662.790886 698.789725 731.765124 765.833360 777.643220 787.050042 799.586515 825.987531 864.731417 901.779142 941.572022 979.503556 1010.974815 1026.721063 1039.147113 1051.268726 1064.926319 1078.031360 1093.020263
-9999.0 -9999.0 -9999.0 -9999.0 2.014935 22.917772 43.269703 74.061621 96.673681 91.489674 98.623398 99.123013 97.750813 100.901744 107.274126 125.358124 143.535119 161.936115 180.551721 217.563225 260.763898 277.670670 304.264062 337.212240 351.996327 368.036907 385.056868 409.725429 440.136701 477.248814 526.116812 568.544316 598.615481 625.785629 651.538084 679.980095 719.667875 764.280428 809.661983 853.490021 890.450516 919.627617 935.718392 946.068177 960.970309 981.173210 1006.875782 1037.515629 1070.087856 1103.377830 1129.903413 1145.157512 1153.468773 1163.442111 1173.350394 1184.831452 1196.171983
-9999.0 -9999.0 -9999.0 -45.816645 -7.285711 29.926582 57.290907 88.318870 120.237730 126.131774 134.939533 141.114605 147.391744 156.535566 166.328281 183.229861 198.397345 212.692006 234.587307 272.088996 308.930208 342.645953 376.563673 407.172299 430.874422 448.476627 468.165224 495.118164 538.565436 581.987770 638.369446 697.902461 741.080890 771.656836 799.481096 833.798655 866.193734 908.317449 949.748359 988.906703 1024.447765 1051.068247 1070.968225 1079.372858 1089.394414 1099.919861 1118.313738 1140.252130 1161.430881 1188.631672 1215.438997 1237.608798 1249.961738 1258.309980 1272.475484 1286.624970 1297.626974
-9999.0 -9999.0 -92.523286 -55.254988 -20.368330 30.848740 83.652075 117.660817 158.789730 183.894222 191.524166 210.312929 227.778780 236.601723 253.771369 271.720325 287.339936 292.716660 307.996472 342.889810 397.010534 447.385506 478.158819 534.944317 571.038479 598.873810 617.692871 647.793090 687.431103 737.276880 794.460644 852.137259 897.311364 933.385529 954.168647 978.084419 1005.927443 1032.803908 1068.403610 1099.569479 1130.399106 1155.496611 1176.259802 1183.601986 1188.534865 1203.593316 1226.034581 1249.280770 1271.059152 1291.775543 1299.747405 1307.299974 1310.794900 1312.842424 1315.777504 1317.892454 1319.054713
-9999.0 -9999.0 -118.165402 -73.793747 -31.802978 37.154807 114.596454 152.487648 196.128492 241.956410 262.146729 287.740229 305.658257 321.983855 347.120252 371.541002 380.455888 386.081698 387.118440 444.314869 506.690796 569.285545 633.945098 702.365231 749.251930 766.492076 780.989527 806.579206 838.870386 888.970178 943.818728 1000.202727 1046.745230 1079.131147 1096.934787 1116.086934 1137.658199 1156.645888 1175.446649 1211.510766 1235.028317 1257.504681 1281.094965 1299.640490 1307.221628 1309.867070 1303.492055 1310.049226 1314.649315 1317.010616 1318.059606 1315.273198 1314.954785 1315.907799 1317.220699 1312.794379 1306.986554
-9999.0 -205.603119 -153.572135 -99.578880 -29.363054 39.629246 125.278573 206.604841 260.580886 306.611486 337.871533 357.757363 407.849244 457.650702 486.873166 516.866299 518.527271 521.250059 514.364642 563.293902 622.125788 711.522821 832.017184 893.422260 935.754713 942.246095 942.041333 959.985644 989.571798 1034.506233 1098.846448 1143.690109 1192.072924 1228.314122 1242.280210 1248.873867 1265.870425 1284.955032 1283.407414 1299.109755 1306.113543 1311.809022 1312.021819 1313.543476 1314.910543 1315.914150 1313.789232 1308.666132 1302.153009 1297.777935 1294.757825 1290.999861 1293.963921 1297.661546 1299.140111 1293.117163 1286.370149
-9999.0 -240.194738 -180.076421 -107.661167 -35.604399 38.771562 148.736689 284.283934 335.635059 374.352403 405.978394 448.301239 538.342388 612.189569 653.121857 698.330224 695.765673 686.012776 680.590976 718.989726 778.333901 859.282839 996.508516 1081.292547 1103.739037 1117.330438 1127.804215 1154.968978 1190.179253 1223.181582 1251.943491 1260.896507 1279.720018 1289.311270 1293.139508 1295.662336 1299.480224 1301.071606 1299.989984 1297.606743 1294.036658 1294.965910 1299.395417 1299.951559 1298.274160 1296.570629 1292.507220 1286.487739 1282.455627 1279.296942 1277.749523 1275.662105 1274.880340 1275.702649 1272.272142 1267.567735 1259.732834
-9999.0 -266.411974 -196.367941 -131.191695 -60.106053 61.868118 186.445849 319.330961 412.473429 455.565226 501.622140 593.097655 704.987101 808.020306 864.613318 892.453904 899.818021 886.647169 896.980270 942.786539 1007.979619 1091.695892 1168.206701 1236.472483 1249.772897 1255.047515 1244.987839 1256.661000 1267.636827 1271.981828 1275.281466 1278.804699 1285.353418 1289.350193 1289.651917 1288.406108 1285.378434 1279.153541 1275.629656 1273.720535 1271.376914 1271.856674 1275.175465 1276.797908 1275.354543 1272.907169 1270.029087 1266.163688 1262.021965 1257.312367 1255.011498 1252.246230 1250.861354 1246.769227 1242.699858 1237.330536 1224.693260
-9999.0 -358.142208 -272.454498 -212.689131 -84.492898 84.819030 210.723844 364.759103 507.537678 560.900975 660.437997 792.139921 907.261742 987.862813 1035.238880 1078.555280 1106.736363 1130.520292 1163.022487 1145.580447 1193.898541 1237.445684 1255.576984 1265.014134 1265.265684 1268.567864 1264.009556 1248.721770 1241.901677 1238.257186 1242.305279 1251.238182 1258.173006 1264.830394 1263.871565 1265.199189 1265.827077 1263.283712 1260.692781 1253.726164 1247.119351 1242.332766 1241.443852 1247.319263 1243.378333 1241.426922 1237.421171 1231.796756 1225.632616 1220.157884 1214.415494 1208.971109 1206.655949 1201.030183 1198.953806 1190.478766 1163.160746
-9999.0 -439.103779 -360.811221 -261.371016 -113.779753 50.765239 192.396592 364.268884 566.035564 687.421968 818.578990 905.251105 993.380516 1066.719847 1133.312048 1175.958771 1198.402892 1207.473160 1204.001579 1211.866726 1185.058945 1180.402958 1197.276194 1221.841230 1233.941200 1239.137731 1233.064088 1225.235579 1221.271689 1222.898706 1223.972878 1224.750713 1224.852662 1223.955491 1221.529589 1223.568664 1228.133823 1222.783812 1215.179266 1207.657596 1200.712538 1192.828969 1187.665884 1184.958279 1184.177745 1185.012634 1179.421764 1171.362996 1163.257545 1157.256904 1151.160936 1146.231274 1143.663958 1137.661998 1128.130654 1113.407450 1082.812779
-9999.0 -530.202674 -412.951181 -312.726653 -181.181733 -41.112408 93.702498 263.387680 423.435531 646.353498 829.262542 928.877206 981.822377 1043.245705 1107.769511 1172.126325 1180.390058 1154.834431 1128.679855 1116.748191 1121.726288 1131.496116 1144.817535 1164.099469 1180.567642 1190.288438 1192.967116 1187.237944 1176.197155 1169.744443 1165.879272 1158.553103 1153.183862 1152.968915 1153.095559 1159.233148 1161.456508 1152.041349 1138.639729 1121.868576 1106.800726 1095.378926 1091.532390 1092.242412 1092.247629 1089.628406 1083.944539 1075.281290 1064.708917 1054.898254 1048.288324 1042.961573 1035.416171 1023.495577 1008.433981 989.994625 957.355791
-9999.0 -9999.0 -484.622900 -372.509344 -258.695732 -131.091145 -5.854212 147.819277 305.180352 497.713740 629.788384 761.435597 839.253318 893.121398 952.509675 1011.015675 1031.647632 1050.281294 1033.857647 1037.991251 1044.380954 1050.354358 1060.266426 1072.295714 1085.657279 1095.810715 1103.455249 1102.494416 1094.515860 1079.529504 1061.923365 1048.683032 1041.072639 1035.095506 1043.320806 1053.511158 1050.210552 1042.041226 1027.560761 1008.050360 990.783926 974.044699 968.179916 967.535464 967.136081 964.233956 959.739997 947.613494 935.415838 923.829759 918.297846 911.708556 904.373635 890.234215 873.034459 851.832124 819.905682
-9999.0 -9999.0 -567.448669 -456.918193 -337.634133 -211.435785 -104.748602 -7.894461 151.785965 275.974589 385.591172 488.213200 573.572788 641.605228 695.756872 764.113624 806.009633 824.519790 840.704632 864.484531 888.194436 912.583180 929.517163 943.270404 958.220736 972.053775 981.511837 970.781182 959.603443 942.897015 922.275339 900.354772 888.917144 884.448942 887.079272 892.227809 885.730229 873.781705 855.598978 833.799727 814.649304 798.184867 791.188661 786.902259 785.082061 781.775772 777.990218 768.495419 756.420015 747.920526 739.384895 732.243363 727.292350 717.365262 703.738488 691.618573 668.366309
