tests/Borden05m/data_simulated/sim_1/output-maps/psiliqL0012N0018.asc
ncols         160
nrows         34
xllcorner     620200.000000
yllcorner     5168000.000000
cellsize      0.500000
NODATA_value  -9999.0
[rows 0 to 24 of 34, columns 57 to 113 of 160]
-9999.0 -9999.0 -9999.0 -9999.0 -9999.0 -9999.0 -9999.0 -9999.0 -9999.0 -9999.0 -9999.0 -9999.0 -9999.0 -9999.0 -9999.0 -9999.0 -9999.0 -9999.0 -9999.0 -9999.0 -9999.0 -9999.0 -9999.0 -9999.0 -9999.0 -9999.0 -9999.0 -9999.0 -9999.0 -9999.0 -9999.0 -9999.0 -9999.0 -9999.0 -9999.0 -9999.0 -9999.0 -9999.0 -9999.0 -9999.0 -9999.0 -9999.0 -9999.0 -9999.0 -9999.0 -9999.0 -9999.0 -9999.0 -9999.0 -9999.0 -9999.0 -9999.0 -9999.0 -9999.0 -9999.0 -9999.0 -9999.0
-9999.0 -9999.0 622.951615 617.504342 612.334282 607.525433 598.706595 589.644687 581.378836 577.614079 576.922655 576.341659 576.170549 581.640820 589.829474 597.656522 605.014783 607.593553 610.196740 612.606856 613.239900 612.113497 608.978127 605.767784 602.434126 600.986225 592.893970 581.536923 572.729188 569.999796 574.457808 578.942856 581.434832 587.320341 598.062804 608.864562 617.375137 629.166175 634.805414 639.771654 642.580546 638.233369 634.391949 630.307694 625.019282 613.809041 -9999.0 -9999.0 -9999.0 -9999.0 -9999.0 -9999.0 -9999.0 -9999.0 -9999.0 -9999.0 -9999.0
606.329900 609.733806 598.621486 593.812550 590.635164 588.690097 583.913187 575.400646 570.312543 565.127601 563.553899 563.843632 564.146039 568.499963 578.797093 586.959473 591.910806 594.582337 597.332472 597.298488 596.935222 596.731992 593.956108 590.621217 587.302389 585.569673 585.962152 578.416811 573.014536 569.667119 568.125547 570.622601 572.967719 576.235384 585.721705 593.877007 602.031944 616.230103 628.511330 633.577164 630.856545 625.542942 621.403381 614.398077 604.048383 593.400552 583.321791 575.980220 570.153813 564.227098 569.921968 576.167829 585.855736 595.427147 607.230699 619.264659 -9999.0
591.278565 594.321513 583.717746 575.556057 570.838706 571.183764 573.858437 570.532120 566.161539 561.672909 570.325469 571.899670 573.319839 576.822229 580.179803 583.289443 586.221215 591.760264 600.943124 603.839033 604.550439 604.844086 603.140747 600.120798 598.394994 595.711196 590.597887 589.630166 590.029340 589.900755 594.946400 596.421187 598.007935 591.185537 594.611049 600.756340 607.541224 614.107872 620.752739 624.697766 621.173017 619.795622 610.911874 596.551072 584.812542 575.791640 573.310589 569.679360 561.419265 548.398105 555.016212 570.137181 574.369781 577.456493 588.911825 600.994658 611.221212
578.257070 581.537337 576.764383 578.207622 579.963336 581.678015 580.362846 577.694210 576.234130 589.247870 599.099322 601.276758 604.538284 608.388219 607.835991 596.012669 593.726505 602.272671 612.882863 618.960637 619.418582 619.568000 617.795188 616.884717 616.537145 614.375467 615.322329 617.935484 618.221764 623.065023 628.757979 631.589251 623.531313 614.258618 614.864106 622.449902 630.429407 637.668557 648.274623 659.460197 657.967089 651.714783 641.976051 627.554606 603.304962 582.948752 571.487992 563.839068 556.087822 555.297121 551.855564 562.391586 563.560196 564.895667 572.779475 582.716776 592.607024
594.507081 602.919451 597.324299 592.402844 589.753294 590.774090 591.361023 594.968933 608.162875 622.558210 637.796738 641.103381 644.134459 644.101821 635.136951 625.068319 621.359615 636.421625 652.822392 661.462551 662.556214 662.469444 669.865725 668.442363 666.539204 661.596059 663.915966 665.984693 676.518205 684.312557 691.382867 689.504977 677.420100 665.874930 663.973265 666.272839 669.046354 675.025901 685.184465 694.766755 689.222470 681.160396 669.953067 640.061482 611.574546 593.629058 592.968920 592.309311 586.645545 582.645366 578.465102 570.550566 569.338248 567.899391 566.744895 578.171373 590.037977
644.724696 661.264721 655.989282 648.192882 638.178957 639.136120 642.831298 651.650527 665.548748 684.188102 709.141440 713.053642 717.095780 720.633988 709.896268 697.850562 686.754090 704.332663 714.847365 724.128935 726.787760 737.485164 747.719382 743.194383 735.078590 725.132119 731.740730 744.413214 759.833999 766.759864 770.584554 769.672209 758.712782 752.754949 750.554027 751.876485 748.764892 752.659303 762.927434 777.725168 776.697834 766.131401 742.043018 703.699039 667.497805 645.091667 648.922714 640.945184 633.165571 628.102356 612.920612 600.743620 599.605576 589.093559 582.054595 592.759282 598.134740
694.654658 713.817648 710.027790 699.789484 687.227012 687.441854 695.830434 706.602539 726.600302 750.925565 776.173143 786.355011 791.238983 801.294808 795.265603 786.262279 778.110702 788.357181 800.982628 813.348010 823.991448 837.069097 848.879443 840.102346 828.706099 824.204829 829.447877 848.790933 865.755294 871.120965 872.745768 875.839343 867.382771 860.273670 852.812738 846.612689 840.098042 835.543354 852.685467 868.224765 865.759274 841.364849 815.856067 778.462333 739.202818 704.874516 701.628909 697.778829 695.119921 678.491483 661.441585 642.886275 631.545468 621.197559 605.734004 609.946459 614.224181
793.000424 814.882898 817.417486 801.935954 795.341078 800.738996 813.752692 821.447023 837.254560 862.927955 895.949722 918.849200 939.192301 944.041811 936.001786 927.353720 914.431844 911.925915 928.371984 940.563184 951.613394 962.641372 974.948855 980.888802 978.756157 978.476417 981.668723 988.230977 996.732558 1003.491149 1009.086802 1014.782193 1011.947565 1001.874321 994.727424 985.353426 977.745778 974.704829 976.043491 985.665072 983.170718 957.593243 929.799517 897.138853 859.215631 826.591554 806.967369 810.387951 797.195676 777.359832 755.499430 718.390668 699.553899 681.893714 651.178254 645.692571 653.129455
906.020110 921.766562 935.993459 932.578942 934.917674 939.294711 946.902521 952.600917 961.143045 993.948314 1029.144786 1059.060050 1083.706624 1092.933355 1083.459915 1074.183453 1062.794321 1053.617660 1057.173401 1071.125531 1087.446785 1102.879102 1113.822288 1117.452441 1116.257487 1116.596459 1118.548322 1121.676112 1124.649631 1130.498269 1137.551734 1147.415553 1158.335285 1152.758614 1135.953595 1123.123114 1108.671617 1102.821746 1100.581139 1097.863541 1097.120110 1089.775211 1059.079354 1030.456627 997.941911 967.712596 945.336361 929.434109 908.783850 885.261081 838.774979 797.172594 760.950688 732.082124 702.557486 698.631886 720.589989
1026.288818 1050.933173 1066.468684 1070.176538 1073.054251 1076.422560 1083.109283 1089.151877 1097.138901 1119.510796 1156.376732 1193.192001 1223.003417 1227.957893 1219.633893 1209.806880 1199.657006 1189.579685 1186.381198 1193.604885 1204.010826 1219.233130 1230.335005 1239.915431 1239.297252 1239.713405 1240.084340 1242.238030 1244.159200 1246.001308 1252.652959 1263.871264 1274.434613 1275.371884 1262.401748 1245.332802 1227.524399 1219.318515 1212.395321 1205.991992 1205.395258 1205.426718 1198.288971 1173.441198 1137.739319 1094.913401 1067.280753 1044.977611 1030.729468 1013.790580 988.554835 938.292723 908.045661 872.955757 838.053195 816.631016 854.740457
1139.318351 1169.648716 1188.717861 1197.203791 1198.511399 1201.599443 1209.896022 1217.159890 1228.050244 1244.822288 1267.908915 1296.251348 1322.990753 1340.917125 1338.108969 1326.469283 1310.025832 1305.300569 1304.148718 1305.821473 1311.753750 1318.852406 1333.402017 1348.335307 1353.350989 1354.010796 1351.676201 1353.870499 1355.131587 1355.294519 1356.187530 1360.429825 1366.926150 1369.100130 1364.290703 1348.648200 1328.571704 1313.404335 1303.976270 1298.844368 1296.161726 1296.674114 1295.450071 1283.430162 1254.859352 1217.241872 1183.276873 1160.120359 1142.938786 1128.355033 1116.445313 1097.532021 1079.239241 1048.777199 1005.910959 970.248149 969.158744
1238.671369 1265.000748 1289.218439 1305.995572 1310.917958 1317.727563 1323.630457 1334.276302 1350.053580 1368.662158 1382.331342 1398.836814 1419.879251 1432.499309 1438.519902 1439.166440 1438.174967 1439.831457 1439.712612 1416.662039 1418.960137 1421.180010 1427.077078 1434.031316 1436.099188 1436.225428 1435.300374 1436.425689 1436.888686 1437.185130 1436.934355 1436.681503 1438.400608 1438.893144 1437.699329 1431.367319 1432.591264 1415.538250 1403.404123 1395.696135 1387.879649 1379.209452 1369.495721 1359.545690 1343.217407 1316.264354 1282.842037 1254.724191 1241.945424 1234.151727 1226.587328 1220.148910 1204.309173 1182.475329 1152.063051 1114.092528 1079.790858
1334.168029 1353.972355 1380.399727 1398.895910 1409.571143 1418.682277 1424.231583 1436.641119 1449.649343 1445.722915 1449.116200 1452.617761 1456.166009 1457.591301 1458.037188 1457.786618 1455.295695 1454.484790 1452.287790 1446.985206 1437.123647 1438.064914 1439.060808 1441.126411 1444.267466 1442.743833 1443.559043 1446.499021 1445.174421 1439.980440 1436.627427 1435.119063 1435.479222 1442.376610 1445.254139 1445.809085 1444.801650 1443.895684 1443.310925 1441.968758 1440.426776 1438.286126 1435.418553 1437.414238 1427.276216 1404.294484 1371.975402 1337.616887 1322.607759 1317.028207 1316.478134 1312.496030 1305.326483 1286.047937 1258.668109 1222.890755 1185.042763
1440.727950 1439.822309 1448.449081 1453.086171 1455.579776 1458.488260 1461.244720 1462.407780 1459.225338 1455.626964 1450.770591 1449.322942 1447.904023 1445.395292 1445.752517 1443.371641 1438.875728 1434.573671 1427.322303 1415.849138 1403.800291 1400.716251 1404.728115 1409.140338 1412.921574 1415.682620 1418.771055 1419.958909 1415.504846 1408.102958 1401.436761 1399.661591 1406.019819 1411.453970 1416.453165 1417.089491 1415.847262 1414.120645 1414.691079 1412.830900 1413.981874 1420.990069 1434.492807 1440.857299 1443.103363 1442.555203 1435.985683 1424.197828 1414.599875 1394.870362 1397.451242 1392.169470 1379.992893 1358.506170 1334.443229 1304.977455 1276.080136
1452.314408 1450.487680 1444.682685 1439.060926 1438.452373 1442.335124 1449.040350 1450.184834 1442.973552 1434.263993 1426.680580 1419.362694 1416.707516 1414.853196 1413.566063 1412.875285 1406.735986 1398.022665 1381.770334 1369.157052 1357.085314 1350.348157 1347.994498 1352.490086 1361.534914 1370.364344 1374.686066 1368.330729 1361.280126 1351.217751 1343.589349 1344.010571 1346.453747 1355.288995 1368.718727 1373.052590 1374.008006 1369.588684 1365.987789 1361.103441 1360.279643 1368.251297 1384.082137 1399.787592 1413.611411 1422.002355 1429.535805 1436.023991 1440.105845 1441.023737 1441.381881 1440.237381 1438.087321 1422.729421 1401.955553 1378.157507 1353.877317
1430.925765 1425.480462 1418.564106 1412.606190 1410.639198 1412.753985 1415.305804 1411.625068 1404.330575 1393.341578 1381.440403 1370.770742 1363.841561 1363.693169 1364.879094 1364.761274 1357.516049 1342.310229 1324.141182 1309.857628 1295.302929 1290.655783 1285.368327 1280.996801 1290.991710 1307.216116 1313.017299 1300.000158 1290.577456 1277.009041 1270.022760 1267.298980 1269.015022 1278.401865 1297.778614 1316.596167 1318.145278 1309.350417 1300.927819 1297.249560 1295.993332 1303.830895 1323.021498 1343.605077 1358.996650 1369.348119 1376.028415 1385.053826 1395.187595 1407.650760 1420.948042 1432.079284 1440.912799 1444.436897 1442.691222 1437.439649 1424.084107
1400.439949 1392.045631 1384.405769 1377.710014 1372.945990 1370.228369 1367.072459 1360.536878 1352.825336 1338.052569 1324.980408 1312.211268 1297.930492 1293.749778 1290.120716 1290.927802 1279.041279 1267.826193 1248.483163 1232.400804 1216.294615 1205.564360 1199.299274 1193.118162 1197.127376 1212.113170 1220.864870 1207.606037 1197.614553 1185.156746 1179.317579 1176.313890 1178.330277 1188.600206 1210.722462 1229.448106 1236.681640 1229.502869 1225.141515 1223.793547 1223.911073 1230.778099 1246.420757 1267.154661 1288.720965 1305.466088 1315.909932 1324.856795 1336.019582 1351.281950 1366.047036 1380.786418 1398.338362 1418.400747 1433.082774 1442.447001 1446.550733
1359.926233 1349.626458 1338.593259 1327.542136 1320.856481 1321.336460 1314.142608 1307.158895 1291.577830 1245.454965 1226.963418 1208.498939 1192.701620 1186.366432 1178.367338 1169.981898 1160.147024 1152.770904 1144.998603 1129.022787 1111.286395 1094.855969 1089.233154 1084.632031 1075.572195 1080.176699 1083.189523 1086.952584 1079.866662 1074.305158 1072.357443 1070.101074 1073.493288 1087.187956 1099.231805 1109.711968 1116.304290 1115.436021 1122.906524 1129.907541 1134.745385 1151.430772 1165.868304 1184.371065 1206.607399 1230.912435 1245.124123 1255.839943 1267.951686 1284.628493 1302.377733 1320.894941 1344.204373 1369.422943 1386.093671 1397.952802 1410.495617
1309.616546 1295.045870 1281.880767 1268.779098 1255.236131 1255.342700 1251.168469 1242.197220 1201.030471 1158.513083 1125.862078 1107.223718 1084.785573 1072.898019 1061.225438 1034.613808 1019.900383 1013.352000 1017.721829 1007.678099 990.362261 975.929692 967.405778 960.352206 947.213990 938.258211 942.820138 954.944981 950.722887 949.323834 953.611465 952.105618 948.963952 954.698939 969.243059 977.698998 987.963380 999.987620 1005.244291 1015.315981 1042.382001 1057.205567 1073.464521 1094.593227 1117.464534 1141.198338 1162.502292 1176.945573 1192.726873 1212.660879 1230.705591 1252.678377 1277.299654 1306.856813 1327.568584 1343.103687 1355.876623
1235.976671 1219.094864 1201.445273 1180.460943 1159.534219 1156.454115 1148.790326 1129.203850 1083.012373 1042.583856 1012.523276 989.909922 965.332218 946.038651 918.448717 886.637518 866.102626 871.091780 877.960725 878.413433 864.119869 850.980282 840.379349 826.183299 810.518036 798.800684 807.283012 815.885646 824.361491 828.057833 831.924218 834.633482 833.701824 829.562648 835.125542 844.392123 855.330131 866.624562 881.147467 911.560184 937.294427 955.844116 977.824672 999.434858 1023.652401 1048.963846 1071.905140 1089.455047 1109.318699 1129.896323 1152.137362 1174.341745 1200.538267 1230.958310 1256.477135 1273.295026 1289.088359
1152.738739 1130.029182 1103.376957 1064.558557 1049.208422 1039.859381 1026.437491 989.862064 947.263434 912.315124 888.150496 862.928400 838.521328 810.942227 779.112544 752.197450 731.759898 738.196526 744.964818 755.999127 743.857069 732.378041 725.784653 710.611930 696.418551 681.849568 689.363022 699.343771 716.612729 720.886522 724.455613 731.516463 730.604155 728.388679 719.877727 728.971617 739.964647 754.390551 782.874223 808.860104 834.372898 857.270322 879.365525 903.662105 929.490789 955.573551 982.852230 1004.034629 1024.784856 1047.896188 1069.785068 1089.760193 1112.361513 1140.073315 1164.412918 1185.666211 1208.145279
1051.706083 1027.294849 990.825198 947.135783 912.765875 896.119422 857.698589 823.438561 788.087429 770.078435 750.851902 727.008993 704.525180 682.374913 655.694605 632.489803 608.107809 611.609587 623.865158 637.601563 631.701817 627.872743 624.412088 612.934347 599.080572 585.432092 589.037352 604.241334 621.141669 628.676287 635.402893 643.049910 643.300431 636.660107 628.562470 634.619116 649.207799 666.066948 688.028425 711.707868 735.197510 757.500335 782.158242 807.904429 834.178185 862.366382 891.594619 914.203007 940.101800 966.670282 988.071567 1002.196139 1018.099753 1043.850136 1064.075301 1087.789239 1112.112341
944.928532 917.862003 876.792735 833.982941 790.598663 750.767772 716.775614 684.730241 666.349160 646.530713 627.785213 608.822804 587.090895 567.026736 547.624977 525.144283 507.163948 512.271650 525.178003 536.192940 538.832817 535.658019 532.415564 524.750054 510.945708 500.926898 509.381952 524.752095 539.651115 549.909383 556.713651 562.880261 560.313339 552.283008 546.725829 555.094702 571.010532 586.465367 604.562588 627.004525 649.562130 672.708425 697.099786 721.736621 748.955623 777.169789 805.953886 834.493626 860.730770 885.266545 899.009418 912.816838 922.611153 940.899052 961.303605 983.779541 1009.294441
819.665744 790.701456 756.501701 716.728301 684.903126 651.565725 619.574252 588.272219 562.056762 544.272694 533.799893 518.429466 498.723135 484.790527 467.503034 449.761265 449.423308 452.177706 463.239009 464.383751 464.891812 461.801015 460.585377 456.154424 445.479037 452.411645 459.904283 474.558341 485.389339 494.873503 501.179614 505.381550 505.367408 499.101097 502.774628 510.156311 525.065314 537.395214 553.096848 574.664371 593.079142 613.710476 637.154390 661.571195 687.413012 715.013748 744.834534 772.107089 794.497586 806.777954 820.194438 828.634807 825.704608 842.351803 859.937960 877.494194 903.075391
