tests/Borden05m/data_simulated/sim_1/output-maps/psiliqL0011N0008.asc
ncols         160
nrows         34
xllcorner     620200.000000
yllcorner     5168000.000000
cellsize      0.500000
NODATA_value  -9999.0
[rows 0 to 24 of 34, columns 0 to 56 of 160]
-9999.0 -9999.0 -9999.0 -9999.0 -9999.0 -9999.0 -9999.0 -9999.0 -9999.0 -9999.0 -9999.0 -9999.0 -9999.0 -9999.0 -9999.0 -9999.0 -9999.0 -9999.0 -9999.0 -9999.0 -9999.0 -9999.0 -9999.0 -9999.0 -9999.0 -9999.0 -9999.0 -9999.0 -9999.0 -9999.0 -9999.0 -9999.0 -9999.0 -9999.0 -9999.0 -9999.0 -9999.0 -9999.0 -9999.0 -9999.0 -9999.0 -9999.0 -9999.0 -9999.0 -9999.0 -9999.0 -9999.0 -9999.0 -9999.0 -9999.0 -9999.0 -9999.0 -9999.0 -9999.0 -9999.0 -9999.0 -9999.0
-9999.0 -9999.0 -9999.0 -9999.0 -9999.0 -9999.0 -9999.0 -9999.0 -9999.0 -9999.0 -9999.0 -9999.0 -9999.0 -9999.0 -9999.0 -9999.0 -9999.0 -9999.0 -9999.0 -9999.0 -9999.0 -9999.0 -9999.0 -9999.0 -9999.0 -9999.0 -9999.0 -9999.0 -9999.0 -9999.0 -9999.0 -9999.0 -9999.0 -9999.0 -9999.0 -9999.0 -9999.0 -9999.0 -9999.0 -9999.0 -9999.0 -9999.0 -9999.0 -9999.0 -9999.0 -9999.0 -9999.0 -9999.0 -9999.0 -9999.0 -9999.0 -9999.0 -9999.0 -9999.0 -9999.0 -9999.0 -9999.0
-9999.0 -9999.0 -9999.0 -9999.0 -9999.0 -9999.0 -9999.0 -9999.0 -9999.0 -9999.0 -9999.0 -9999.0 -9999.0 -9999.0 -9999.0 -9999.0 -9999.0 -9999.0 -9999.0 -9999.0 -9999.0 -9999.0 -9999.0 -9999.0 -9999.0 -9999.0 -9999.0 -9999.0 -9999.0 -9999.0 -9999.0 -9999.0 -9999.0 -9999.0 -9999.0 -9999.0 -9999.0 -9999.0 -9999.0 -9999.0 -9999.0 -9999.0 -9999.0 -9999.0 -9999.0 -9999.0 -9999.0 290.828558 273.447469 257.347151 255.434151 278.253791 301.806827 325.720794 346.424545 365.204459 384.280443
-9999.0 -9999.0 -9999.0 -9999.0 -9999.0 -9999.0 -9999.0 -9999.0 -9999.0 -9999.0 -9999.0 -9999.0 -9999.0 -9999.0 -9999.0 -9999.0 -9999.0 -9999.0 -9999.0 -9999.0 -9999.0 -9999.0 -9999.0 -9999.0 -9999.0 -9999.0 -9999.0 -9999.0 -9999.0 -9999.0 -9999.0 -9999.0 -9999.0 -9999.0 -9999.0 -9999.0 -9999.0 -9999.0 -9999.0 -9999.0 338.409567 344.342462 345.800567 335.223769 324.024983 312.028797 292.081141 274.203363 259.034649 256.426698 259.192495 264.770014 287.793621 312.484940 332.268600 349.657294 369.014931
-9999.0 -9999.0 -9999.0 -9999.0 -9999.0 -9999.0 -9999.0 -9999.0 -9999.0 -9999.0 -9999.0 -9999.0 -9999.0 -9999.0 -9999.0 -9999.0 -9999.0 -9999.0 -9999.0 -9999.0 -9999.0 -9999.0 -9999.0 -9999.0 -9999.0 -9999.0 -9999.0 -9999.0 -9999.0 -9999.0 -9999.0 -9999.0 -9999.0 -9999.0 245.600969 263.209645 281.446955 299.954653 316.756817 323.568554 329.495859 335.359438 331.396544 326.764347 315.521891 296.733815 277.178836 263.185026 260.893266 258.495813 263.038251 276.275762 293.275479 309.869180 331.083669 354.683010 364.158374
-9999.0 -9999.0 -9999.0 -9999.0 -9999.0 -9999.0 -9999.0 -9999.0 -9999.0 -9999.0 -9999.0 -9999.0 -9999.0 -9999.0 -9999.0 -9999.0 -9999.0 -9999.0 -9999.0 -9999.0 -9999.0 -9999.0 -9999.0 -9999.0 -9999.0 -9999.0 -9999.0 -9999.0 249.556191 243.681366 238.636437 237.217611 236.010655 234.958835 241.966596 254.328069 272.692878 294.470787 307.533639 314.891852 321.630612 322.560201 317.798606 315.859418 316.257800 304.651827 293.144209 282.392900 272.085252 270.956569 280.810620 295.111013 311.567100 326.755460 342.525257 354.804749 371.650567
-9999.0 -9999.0 -9999.0 -9999.0 -9999.0 -9999.0 -9999.0 -9999.0 -9999.0 -9999.0 -9999.0 -9999.0 -9999.0 -9999.0 -9999.0 -9999.0 -9999.0 -9999.0 -9999.0 -9999.0 -9999.0 -9999.0 -9999.0 219.776754 225.748722 232.312347 239.778143 240.737635 236.597891 231.014110 227.984507 226.553005 225.043679 229.628855 238.062720 251.936473 268.075990 290.090125 298.968503 305.613058 318.210837 320.934546 326.399415 330.662700 329.138000 326.644764 314.727886 306.020190 311.801064 318.242417 325.264534 333.439171 347.133328 363.216343 381.449543 402.639701 424.967624
-9999.0 -9999.0 -9999.0 -9999.0 -9999.0 -9999.0 -9999.0 -9999.0 -9999.0 -9999.0 -9999.0 -9999.0 -9999.0 -9999.0 -9999.0 -9999.0 -9999.0 -9999.0 -9999.0 194.758625 195.633431 196.737323 201.391184 202.327676 204.577587 211.652093 219.884847 222.191639 220.649819 219.214740 220.893957 223.756635 228.234322 239.903187 254.051302 268.583320 283.020319 304.327425 319.534491 333.756003 350.253181 349.610965 345.752604 344.145622 345.054039 346.003531 351.738834 355.681386 362.423347 368.533639 376.019078 385.901496 397.863372 417.239717 438.593284 460.198522 480.494723
-9999.0 -9999.0 -9999.0 -9999.0 -9999.0 -9999.0 -9999.0 -9999.0 -9999.0 -9999.0 -9999.0 -9999.0 -9999.0 -9999.0 -9999.0 -9999.0 166.285789 168.132170 170.275306 175.635293 178.309803 182.307196 189.245421 190.442902 194.350489 201.579044 206.668356 215.474619 223.589472 231.142866 237.358114 240.362014 248.349645 258.455092 270.873329 286.952074 309.330893 332.896818 349.899093 367.367307 385.006129 386.173560 385.752499 387.626432 389.165581 397.412810 416.486538 423.933022 427.919296 447.254699 462.948066 469.656730 478.630643 498.987722 525.088273 552.906583 586.525817
-9999.0 -9999.0 -9999.0 -9999.0 -9999.0 -9999.0 -9999.0 -9999.0 -9999.0 -9999.0 -9999.0 -9999.0 -9999.0 121.055021 125.219560 134.565488 143.195642 145.553352 149.636823 155.510087 167.734957 171.373371 177.700545 185.434846 197.188017 205.932021 215.378978 227.477351 236.278376 243.912988 251.485715 258.241225 272.430169 288.526977 305.251932 326.462918 349.297596 371.308830 393.388712 410.116869 425.430055 429.600855 429.529725 432.962958 442.583050 462.285349 483.615912 497.336367 520.642295 547.236497 564.021202 578.895769 590.233845 606.097146 631.037392 671.597119 713.370230
-9999.0 -9999.0 -9999.0 -9999.0 -9999.0 -9999.0 -9999.0 -9999.0 -9999.0 -9999.0 86.737624 89.238146 85.829388 86.214608 91.063052 103.052800 116.473727 123.292505 134.710343 155.476796 172.987026 176.660526 191.579101 201.883864 208.831904 219.826934 233.418687 246.896371 264.663026 278.040654 291.155731 312.389354 330.006572 347.719139 366.816481 388.353864 410.684455 442.233759 471.858231 487.994490 513.885480 529.218436 528.824993 531.633206 542.977756 563.353558 590.237939 620.778098 649.352009 681.244513 704.936100 722.972991 737.088371 753.667635 775.135831 816.252164 862.899540
-9999.0 -9999.0 -9999.0 -9999.0 -9999.0 -9999.0 -9999.0 -9999.0 62.501490 69.554056 75.822638 72.849843 68.266257 64.829042 78.200499 94.103481 110.180647 127.533328 143.646489 161.826877 177.598111 194.413690 214.345221 226.627144 238.990156 254.892448 269.368298 287.914060 310.359372 325.587107 345.217305 368.633455 389.719119 409.930230 430.911644 451.952326 482.960420 520.935465 557.727842 586.299432 618.807809 647.538048 652.174292 659.886046 669.520873 700.700821 736.593560 774.906066 810.584967 846.252627 880.635025 901.001239 913.855970 928.978421 947.896643 969.905254 1000.186604
-9999.0 -9999.0 -9999.0 -9999.0 -9999.0 -9999.0 36.178043 60.386251 75.300240 67.550953 58.812895 55.481863 51.916964 72.967005 94.694385 111.861141 128.815996 146.486601 163.191685 177.673317 212.825466 230.471819 246.036464 266.065065 281.361206 296.776192 315.473349 340.522732 364.991556 398.713290 429.632459 458.420995 488.434830 512.238471 535.298214 558.954515 596.209375 640.524543 684.834288 721.479157 755.552852 792.020400 806.938123 819.435489 833.697136 858.627700 893.870931 928.946467 968.154950 1004.437860 1032.598073 1045.362157 1056.020783 1067.666525 1081.797898 1095.510730 1110.162795
-9999.0 -9999.0 -9999.0 -9999.0 2.692341 23.661864 44.116303 75.025439 97.769469 92.730897 100.024502 100.697077 99.507574 102.847918 109.414458 127.699988 146.098307 164.762100 183.711379 221.156064 264.894515 282.445896 309.813133 343.670739 359.437590 376.439807 394.351393 419.892768 451.328653 489.795241 540.298941 584.536169 616.976864 646.901550 674.835843 704.320452 745.059491 791.766681 838.466712 880.428024 916.001567 945.591963 963.400956 975.782514 991.639200 1010.318268 1032.721223 1060.637723 1091.472994 1123.007254 1147.286924 1160.507332 1167.471535 1176.863888 1186.761897 1198.356806 1209.464337
-9999.0 -9999.0 -9999.0 -45.210106 -6.614793 30.700256 58.204461 89.401288 121.516478 127.635813 136.695961 143.145341 149.707962 159.138236 169.217522 186.411090 201.888937 216.547978 238.916955 277.046861 314.697996 349.453716 384.689222 416.944063 442.466386 461.734836 482.758649 510.766355 555.415502 600.671007 659.136080 720.424515 766.405665 800.551388 830.522116 863.942402 894.488322 935.931370 976.711388 1013.581709 1047.085628 1072.901904 1093.148345 1102.312858 1112.569414 1122.056202 1138.421545 1158.410364 1178.095675 1203.961087 1229.379562 1250.320379 1261.815015 1269.726006 1283.781952 1297.915076 1308.779049
-9999.0 -9999.0 -91.976937 -54.656828 -19.679098 31.683700 84.684250 118.935795 160.363785 185.828940 193.874026 213.123715 231.065754 240.343649 257.950075 276.318836 292.350847 298.200890 314.130859 349.950110 405.341653 457.413904 490.349935 550.103175 589.576758 620.288925 640.897984 671.598744 711.554435 762.822850 821.220785 878.019200 923.373059 960.873695 982.528602 1005.285413 1030.967196 1056.115576 1090.197448 1119.542945 1148.828936 1173.083605 1193.688133 1201.143708 1205.969248 1220.354786 1241.670625 1263.755373 1284.557154 1304.402237 1311.535513 1318.369467 1321.355612 1323.120472 1325.952861 1328.030294 1329.114526
-9999.0 -9999.0 -117.627919 -73.188272 -31.074995 38.082698 115.800962 154.052083 198.162775 244.583751 265.477034 291.862953 310.591368 327.635685 353.434223 378.475142 387.918487 394.130381 396.063158 454.644375 518.822692 583.802068 651.233238 723.850984 775.751588 796.934825 813.171042 837.555912 867.049559 915.523132 969.299746 1023.784476 1069.119736 1101.280837 1118.971364 1137.254846 1157.447327 1175.114217 1192.723321 1227.634116 1250.230435 1272.149320 1295.529982 1313.973595 1321.339905 1323.521837 1316.480184 1322.316551 1326.255233 1328.023601 1328.538438 1325.331237 1324.727296 1325.540936 1326.817848 1322.389039 1316.558802
-9999.0 -205.177389 -153.067680 -98.963098 -28.581777 40.678602 126.717578 208.592797 263.314516 310.318506 342.781987 364.068656 415.625215 466.531773 496.724641 527.654470 529.922802 533.237454 527.478470 578.206446 638.816793 730.316759 851.829345 915.480683 961.168399 970.559369 971.541393 988.260134 1015.075751 1057.580997 1119.972731 1163.027170 1210.148510 1245.740892 1259.310828 1265.369163 1281.675222 1300.044495 1297.818468 1312.920157 1319.456731 1324.840986 1324.874892 1326.233368 1327.348511 1327.974918 1325.355813 1319.687987 1312.639272 1307.803021 1304.418618 1300.422934 1303.276125 1306.986859 1308.556938 1302.642002 1295.973026
-9999.0 -239.784490 -179.588913 -107.031620 -34.762925 39.966548 150.474510 286.854838 339.390716 379.734876 413.428525 458.186112 550.707531 625.599954 667.418738 713.750758 711.685700 702.284016 698.056467 738.265467 797.668969 878.389386 1015.223321 1100.614083 1124.614480 1139.687734 1150.711742 1177.095021 1210.606177 1241.872034 1269.143706 1276.811055 1294.694924 1303.693497 1307.147816 1309.355078 1312.870249 1314.176080 1312.838857 1310.254396 1306.543011 1307.362490 1311.676293 1312.053406 1310.098538 1308.016618 1303.486466 1296.948202 1292.398007 1288.826900 1287.012037 1284.820593 1284.098657 1285.130620 1282.010617 1277.646487 1270.120810
-9999.0 -266.023495 -195.898997 -130.559951 -59.210326 63.219514 188.527869 322.633578 417.684519 463.476844 512.783736 607.640138 722.649366 824.899422 880.510913 908.145054 915.459867 902.444372 913.518721 960.293402 1025.314827 1108.434854 1184.603421 1253.157675 1267.218487 1273.218842 1263.377841 1274.569081 1284.540457 1287.731820 1289.942641 1292.519863 1298.340136 1301.849572 1301.861627 1300.471324 1297.411565 1291.251193 1287.864280 1286.152068 1284.009828 1284.612325 1287.914521 1289.357272 1287.578698 1284.674093 1281.253791 1276.811850 1272.127991 1267.009373 1264.492070 1261.740240 1260.616448 1257.021502 1253.622566 1248.981665 1237.004086
-9999.0 -357.818705 -272.029528 -212.093292 -83.569332 86.290838 213.125149 368.860962 514.573951 572.064064 675.468272 809.138195 925.227128 1004.512005 1050.332540 1092.699415 1120.370873 1144.031381 1176.861539 1159.963259 1208.504924 1252.091083 1270.412102 1280.320481 1281.177603 1284.945339 1280.470246 1264.782589 1257.206501 1252.625455 1255.717851 1263.793976 1270.061189 1276.279252 1275.109356 1276.450983 1277.323001 1275.257303 1273.351214 1267.180998 1261.299645 1256.981976 1256.216772 1261.884655 1257.477772 1254.878044 1250.114447 1243.705438 1236.833252 1230.840572 1224.860022 1219.528930 1217.734253 1213.044442 1212.234389 1205.136048 1178.994630
-9999.0 -438.895704 -360.458584 -260.817417 -112.875089 52.256014 194.944154 368.879107 574.524903 701.318114 835.387610 922.642738 1010.352217 1082.475777 1147.770712 1189.226862 1210.805326 1219.482454 1216.107200 1224.423779 1198.189602 1194.207629 1211.907987 1237.381408 1250.284420 1255.988142 1250.005508 1241.810307 1237.078163 1237.654928 1237.584962 1237.326926 1236.639146 1235.256323 1232.656209 1234.862933 1239.990842 1235.669079 1229.564316 1223.812463 1218.467901 1211.616320 1206.769134 1203.756808 1202.234038 1202.040871 1195.253532 1185.955899 1176.735621 1169.915710 1163.430407 1158.659272 1156.917554 1152.472485 1145.140144 1132.849660 1104.122428
-9999.0 -530.080856 -412.689255 -312.232697 -180.368174 -39.749502 96.069390 267.712794 431.416354 659.832475 845.843236 945.788151 998.261156 1059.239447 1123.095390 1185.923464 1192.762485 1166.446336 1140.248744 1128.884832 1134.906779 1146.112594 1161.126248 1182.070895 1199.837297 1210.294882 1213.131649 1206.982046 1194.917378 1186.919413 1181.306867 1172.422920 1165.922910 1165.057433 1164.984367 1171.418891 1174.558232 1166.883424 1156.184995 1142.764065 1130.757144 1121.260930 1117.957642 1118.110860 1116.878021 1112.596603 1104.973057 1094.267403 1081.836076 1070.632992 1063.278411 1058.000334 1051.484419 1041.726362 1029.949073 1015.306298 985.206616
-9999.0 -9999.0 -484.441172 -372.119046 -258.014451 -129.938583 -3.904641 151.264691 311.331490 508.155457 644.164091 776.883797 855.337300 910.376890 970.266952 1026.537648 1044.888471 1062.327561 1045.824376 1050.832896 1058.949696 1067.443507 1080.383446 1095.326310 1110.815853 1122.053475 1129.928324 1128.423248 1118.920772 1101.418852 1080.889461 1065.113427 1055.765187 1048.849936 1056.771519 1067.319981 1065.214535 1059.470007 1049.048983 1034.891852 1022.578525 1008.871643 1003.730523 1002.116519 999.832765 994.491901 987.130870 971.910508 956.846344 943.081292 936.248401 929.317876 922.723338 910.565085 896.732270 879.738779 850.309919
-9999.0 -9999.0 -567.347471 -456.673095 -337.091096 -210.542887 -103.277786 -5.454784 155.897014 282.559121 394.939655 499.743884 587.364301 658.466756 714.759025 780.486549 819.721998 836.976296 853.263569 878.387928 904.660074 932.928897 954.655183 972.976165 991.040840 1006.226052 1015.943873 1004.635647 991.398201 970.844112 945.610260 919.819396 905.883142 900.138265 902.343479 907.797411 902.451896 892.954021 879.066892 863.268419 849.761095 836.668462 830.318849 824.796709 820.844104 814.850090 807.858317 794.783950 779.323708 768.228690 758.040949 750.140009 745.268541 736.169248 724.042998 713.604496 690.849995
