tests/Borden05m/data_simulated/sim_1/output-maps/psiliqL0004N0009.asc
ncols         160
nrows         34
xllcorner     620200.000000
yllcorner     5168000.000000
cellsize      0.500000
NODATA_value  -9999.0
[rows 0 to 24 of 34, columns 56 to 111 of 160]
-9999.0 -9999.0 -9999.0 -9999.0 -9999.0 -9999.0 -9999.0 -9999.0 -9999.0 -9999.0 -9999.0 -9999.0 -9999.0 -9999.0 -9999.0 -9999.0 -9999.0 -9999.0 -9999.0 -9999.0 -9999.0 -9999.0 -9999.0 -9999.0 -9999.0 -9999.0 -9999.0 -9999.0 -9999.0 -9999.0 -9999.0 -9999.0 -9999.0 -9999.0 -9999.0 -9999.0 -9999.0 -9999.0 -9999.0 -9999.0 -9999.0 -9999.0 -9999.0 -9999.0 -9999.0 -9999.0 -9999.0 -9999.0 -9999.0 -9999.0 -9999.0 -9999.0 -9999.0 -9999.0 -9999.0 -9999.0
-9999.0 -9999.0 -9999.0 -600.786745 -604.669001 -607.480249 -609.195308 -614.835302 -619.395131 -624.664943 -625.664414 -625.176560 -626.100140 -628.057374 -625.200697 -621.437613 -618.187561 -613.898084 -614.481821 -613.869216 -612.270117 -611.851822 -612.602924 -614.578791 -615.947150 -617.529522 -615.772951 -621.649980 -629.486661 -635.575915 -636.878616 -631.852766 -628.776859 -629.132859 -626.150259 -619.848311 -614.414121 -612.237028 -605.854797 -606.198635 -603.613357 -599.865955 -602.966158 -603.902476 -603.769972 -603.102319 -611.535331 -9999.0 -9999.0 -9999.0 -9999.0 -9999.0 -9999.0 -9999.0 -9999.0 -9999.0
-618.293751 -606.742175 -607.218592 -622.740870 -624.560326 -625.116770 -624.576139 -627.082917 -633.357207 -635.157185 -639.814502 -641.794202 -642.299692 -644.030701 -642.386934 -634.628985 -629.146346 -627.420295 -628.275288 -628.597538 -630.102249 -631.204191 -630.906329 -632.842539 -634.697188 -636.654015 -636.310214 -631.962420 -637.740681 -640.792464 -643.656452 -646.552218 -645.311844 -644.255075 -643.641902 -636.293385 -633.110187 -630.664610 -620.890440 -612.045732 -609.574259 -612.868196 -616.695616 -616.136683 -616.960030 -620.978519 -624.953509 -625.717651 -627.731954 -628.737216 -632.198238 -627.015316 -626.584153 -620.621725 -615.565727 -609.659383
-633.337881 -619.885317 -620.504642 -632.734889 -640.361640 -642.896386 -641.357169 -636.247993 -638.461481 -642.987526 -649.711210 -642.003178 -642.898377 -643.487368 -641.990359 -639.446946 -638.348600 -637.066499 -635.029147 -628.182312 -628.443361 -628.948005 -628.638500 -629.860132 -632.088024 -632.074711 -633.380956 -638.983386 -638.253748 -636.965806 -638.103770 -632.594416 -632.187473 -629.192405 -638.706758 -636.942363 -634.246316 -632.110147 -630.387408 -628.401483 -626.150326 -630.182487 -627.611093 -631.404403 -639.514132 -642.230658 -642.337189 -636.712908 -633.985894 -638.045229 -651.697291 -644.356532 -629.230294 -629.947182 -631.855831 -624.310241
-641.924505 -638.508101 -639.888238 -645.205487 -640.403279 -636.489573 -633.980859 -636.322019 -641.066609 -646.656880 -634.465345 -629.242169 -631.566185 -630.112236 -626.718663 -626.726577 -641.419500 -645.272708 -639.187924 -632.714535 -629.890615 -632.315432 -633.524913 -635.986992 -636.084096 -634.727487 -636.395273 -634.232815 -632.222060 -634.465230 -630.596508 -626.213932 -622.310328 -631.387604 -639.916534 -639.382157 -632.293639 -626.946493 -623.886536 -616.402715 -605.495884 -607.184400 -609.930033 -611.852776 -614.253501 -628.171577 -640.985429 -646.356357 -648.879811 -652.829993 -650.069002 -652.710147 -640.527404 -641.256016 -642.874411 -636.873683
-651.712323 -636.255008 -632.330164 -640.306410 -644.884531 -647.020195 -645.809248 -647.322561 -646.842294 -635.942795 -629.475647 -619.381174 -622.336957 -621.881760 -622.313557 -632.184813 -640.140215 -645.280844 -629.972797 -617.649379 -613.398402 -616.139393 -618.508970 -608.498039 -611.464365 -612.987248 -619.166226 -616.956559 -617.490605 -606.546313 -602.028534 -596.320763 -598.488006 -609.254445 -618.612136 -619.274631 -618.141959 -618.789436 -615.700848 -608.311785 -599.545488 -605.492333 -608.799372 -609.561991 -630.066118 -647.194414 -653.917629 -643.593814 -637.679744 -639.071977 -638.297613 -638.025977 -646.005968 -644.203600 -643.428791 -646.965913
-621.201086 -612.218168 -599.099387 -607.631760 -614.193247 -625.549708 -624.457052 -622.949053 -618.700118 -612.580250 -601.782439 -582.695726 -585.719262 -584.466892 -578.872705 -588.881148 -598.680992 -612.894507 -596.686808 -592.295142 -586.727551 -587.132067 -575.665906 -565.682438 -572.046860 -581.018220 -591.720679 -585.268582 -571.413349 -558.511294 -555.247899 -553.647388 -551.746898 -560.695407 -563.386750 -565.306792 -564.326373 -569.938476 -569.132189 -559.296735 -543.401483 -541.639258 -549.249328 -565.277388 -591.127603 -615.981764 -630.127027 -616.006702 -620.571438 -622.998082 -621.071982 -631.065110 -637.188462 -629.546989 -637.117091 -642.921837
-610.047912 -601.247355 -586.737351 -592.628263 -603.988591 -616.408205 -616.380656 -609.082334 -604.872082 -590.815978 -571.780469 -550.951209 -540.280670 -531.393720 -520.790822 -528.905799 -537.840179 -548.253152 -545.399917 -532.825116 -521.055800 -507.957521 -492.671552 -475.578620 -479.745829 -488.778716 -489.748063 -485.774738 -467.449329 -450.680292 -443.638291 -438.827798 -429.682592 -435.313173 -446.128516 -458.917378 -471.986883 -483.746154 -492.921718 -477.594476 -460.988180 -463.570004 -493.631695 -518.231552 -546.773330 -575.682173 -606.765107 -606.484316 -601.450587 -597.001900 -608.938773 -615.729699 -627.407784 -630.575260 -630.440372 -642.983531
-545.540562 -529.917275 -512.652044 -506.242055 -522.545809 -525.581536 -520.210362 -508.880663 -505.261142 -492.366243 -454.534713 -398.398941 -333.363380 -273.956411 -264.783581 -282.124194 -311.069870 -351.936957 -371.226526 -342.451891 -304.055791 -266.631717 -250.409453 -243.417894 -239.478524 -239.723314 -239.644687 -238.669704 -237.493380 -235.134151 -232.397188 -229.634573 -226.194555 -225.132074 -229.387276 -233.174880 -237.331621 -241.110833 -241.888023 -242.906186 -240.117978 -241.174849 -255.569277 -309.935145 -388.071218 -444.817823 -486.336869 -515.989099 -513.858089 -527.302698 -539.778362 -554.499752 -586.522779 -596.501315 -602.902086 -631.268213
-445.478527 -399.188638 -362.384640 -319.892472 -313.503774 -304.014011 -294.690508 -278.422899 -261.593777 -252.052889 -236.805367 -218.398024 -195.842409 -174.160522 -166.619050 -175.554616 -186.063581 -197.450406 -204.894739 -202.194547 -189.391593 -173.783071 -160.556877 -152.926907 -150.262436 -151.325269 -151.160373 -150.591036 -148.871945 -148.252537 -146.024583 -142.011930 -134.457639 -123.880350 -125.308191 -137.292221 -146.197873 -156.692486 -160.412834 -161.669247 -165.898460 -166.875102 -168.660606 -191.011862 -212.875681 -231.025767 -247.757154 -271.769629 -341.646198 -390.384583 -422.394750 -475.109207 -521.589697 -556.767835 -583.011344 -609.717295
-238.543634 -222.660359 -206.214196 -193.662521 -188.560672 -185.945015 -182.480160 -175.525413 -168.748427 -161.931392 -150.205155 -124.599159 -92.309548 -66.157268 -63.051447 -70.098077 -78.363422 -90.728329 -97.040697 -99.937744 -94.023154 -86.506226 -73.390843 -63.576717 -51.300575 -49.942635 -49.690023 -50.222405 -49.410793 -48.851937 -50.210609 -44.904520 -36.187754 -27.506133 -24.987653 -33.209497 -49.170230 -64.384334 -70.619089 -78.020258 -86.640620 -89.560643 -90.746453 -92.545323 -110.344816 -134.631598 -164.345448 -185.839388 -206.906677 -218.325143 -227.369719 -234.942949 -256.823582 -298.233912 -382.917998 -443.541915
-162.381721 -143.403336 -121.056281 -102.671281 -89.887614 -87.256271 -84.657682 -76.285656 -68.611240 -58.574154 -43.018166 -23.993529 15.658277 39.552545 40.790868 38.810571 44.545612 18.281139 28.471848 16.125608 28.734218 21.726439 37.502396 38.438406 62.774574 68.919495 68.640956 67.042448 67.552020 68.129740 56.324964 67.428195 69.548886 75.221789 76.404231 73.823805 48.244901 31.703584 29.735257 19.076058 -0.643201 -8.535379 -12.498425 -14.415429 -24.101920 -43.646089 -73.504265 -104.466554 -126.437712 -140.386331 -149.660067 -155.580538 -161.333974 -176.315187 -200.446682 -224.183220
-79.581942 -58.953798 -36.484639 -9.682876 22.728703 30.983167 25.487868 41.066185 50.961483 54.594380 80.232940 90.342420 104.816321 120.737202 128.652478 133.644101 136.133045 135.594011 138.681364 137.505057 137.015824 136.854332 138.214124 138.012327 141.277331 142.365918 141.689436 142.095957 141.782144 142.234959 141.409898 141.957711 139.914072 140.424002 139.837448 140.071883 136.507788 129.994996 116.523953 106.045905 97.271451 89.281096 70.487563 71.000492 52.174908 50.636361 17.347641 -19.037023 -47.698726 -60.137022 -68.415899 -73.769774 -77.954600 -90.710098 -108.106749 -127.511586
25.423503 48.702357 65.067074 87.503542 104.190285 112.871834 118.949109 123.542917 133.173744 142.242849 145.267675 145.161834 145.549240 146.338787 145.511393 146.177888 145.304614 143.920149 143.021326 142.538246 136.722284 128.138249 128.739781 130.018534 133.074217 136.165463 135.032391 135.351237 138.434762 136.596904 131.759342 128.292380 126.803248 126.812000 133.523793 135.892824 136.766500 136.939180 136.686259 136.212708 135.819734 135.184465 134.266775 134.104514 129.406616 121.859670 102.977494 68.387156 46.912806 30.296397 8.498971 5.319578 2.599534 -3.164660 -20.894755 -46.288529
125.888908 136.818094 145.802300 147.147409 147.074319 147.919770 148.232925 150.921803 149.442221 146.950555 142.515867 138.751476 137.542342 136.208096 134.390607 134.638544 132.892450 128.958446 125.568658 120.725186 110.734953 97.566784 84.892388 92.337907 106.366059 110.589552 113.030885 115.778788 117.516134 113.275151 105.939250 97.199296 95.701312 103.569501 108.286198 112.305685 112.878556 111.281128 109.595564 109.783645 107.828122 108.230355 113.664844 124.580126 132.330872 132.645316 132.323969 131.189607 130.462259 110.997190 91.215027 84.064173 89.031676 79.106206 59.352370 24.168516
141.781883 141.116854 139.427638 133.785850 128.727682 128.116188 131.938981 137.824848 139.624275 132.526954 124.477927 118.094816 112.204489 110.723167 110.150985 109.287375 109.064919 103.206692 88.936131 81.169948 69.159898 42.527520 32.487646 35.110850 56.901113 67.360048 75.297737 79.410340 74.609853 67.785227 55.829329 35.396898 33.842754 40.252021 60.301666 72.695565 75.145411 75.254421 70.857624 67.392537 61.583361 60.077110 66.521402 71.922242 91.822368 106.092770 112.581317 119.305517 124.148601 130.741404 130.621162 130.550212 130.768382 126.868325 114.108557 95.810114
127.956790 121.683487 117.120719 111.344549 105.819344 104.729512 107.549617 111.010104 108.486393 99.246047 77.135899 64.430653 55.126707 52.556552 66.544629 69.067028 68.811439 52.278397 28.795062 11.313088 -2.218046 -18.160062 -22.245973 -24.239604 -21.969707 -9.992489 5.067333 10.233026 -1.045481 -9.821656 -23.531059 -33.478168 -36.342170 -33.453978 -22.054764 -4.648839 10.489185 10.710659 2.056023 -6.256934 -10.818568 -12.837594 -5.735810 11.426739 32.549658 55.758248 57.869751 71.128105 69.319194 77.071049 89.314832 109.971830 119.876470 130.133179 130.622846 130.216776
104.439051 90.166529 78.505634 81.370619 72.570326 63.954866 69.888241 69.412299 63.091634 39.904060 24.569918 12.115603 1.847680 -9.194765 -9.695951 -11.644414 -11.038619 -24.632761 -38.211683 -57.033962 -70.255354 -83.119321 -88.917537 -92.262111 -95.384938 -87.429737 -72.323988 -63.753620 -78.302133 -87.413937 -99.884818 -106.190135 -108.956675 -107.679212 -99.287045 -78.931277 -62.775595 -58.048303 -66.162126 -73.220799 -76.579725 -77.247570 -72.624556 -57.571810 -37.839062 -17.921003 -5.754528 3.235100 9.192600 19.109290 35.511829 61.045584 74.571667 89.838698 107.053602 119.376612
63.968844 45.047042 33.452070 24.455102 13.747263 7.178070 8.710842 2.259580 -4.745931 -17.675185 -57.149022 -70.613525 -84.498113 -96.070681 -100.164581 -107.850253 -112.073341 -120.978099 -127.110809 -135.755895 -146.079241 -156.004941 -164.305252 -165.935714 -167.980512 -170.867858 -164.121446 -161.006004 -163.202414 -168.557191 -174.506331 -177.453042 -179.214765 -175.860576 -166.054006 -157.791531 -150.108392 -147.075486 -152.106473 -148.607844 -144.429235 -144.566001 -132.042731 -120.296991 -105.780986 -87.964372 -69.297332 -59.602759 -52.005081 -42.204748 -26.946407 -8.770999 8.163945 30.986986 62.359943 78.240669
12.086439 -2.477608 -16.292147 -27.885296 -39.526343 -50.761916 -50.539560 -54.232335 -59.633557 -88.279513 -124.002272 -147.190105 -158.165120 -171.232919 -178.989572 -190.861003 -210.064548 -219.070938 -223.466698 -221.906910 -227.552187 -235.400029 -241.486330 -244.019868 -246.100629 -252.550722 -257.923008 -254.265894 -248.300350 -253.924296 -260.936614 -260.906294 -263.865372 -260.939900 -249.807941 -242.066751 -238.509831 -234.839358 -231.163596 -229.118458 -224.937466 -208.117329 -193.880578 -180.786156 -167.495433 -153.166722 -136.582369 -122.029837 -112.808684 -102.131849 -86.445187 -72.099642 -53.782233 -31.926858 -4.452187 13.225107
-48.812701 -65.020726 -78.619404 -91.750445 -105.487058 -124.411376 -126.996885 -132.960226 -140.599815 -169.518332 -200.641051 -224.254998 -235.740331 -247.720928 -262.504055 -317.956639 -389.323861 -420.593129 -420.093565 -412.227408 -421.914661 -446.053546 -465.582846 -478.292514 -490.564435 -506.824382 -516.163986 -506.938730 -497.371193 -497.918953 -498.484744 -495.292663 -495.772533 -497.088030 -496.576812 -480.002908 -468.092586 -455.365808 -444.937441 -436.851577 -398.766788 -344.882440 -287.545035 -249.189443 -235.398671 -220.913295 -200.681006 -182.343506 -171.994024 -159.950653 -146.107966 -130.800106 -115.019821 -94.870985 -69.708115 -49.380351
-105.250611 -125.776769 -142.274721 -157.922143 -181.617063 -197.882257 -207.064875 -214.097295 -230.490717 -254.087098 -322.686132 -404.935804 -444.581508 -475.698812 -501.562643 -528.072006 -551.688322 -566.910268 -557.593874 -552.334639 -543.709378 -556.675152 -567.415199 -570.302307 -580.717993 -590.205607 -602.623630 -592.959422 -588.005070 -576.109130 -576.588962 -575.970633 -570.894682 -573.296930 -574.525965 -581.813846 -573.969664 -568.926212 -562.654899 -542.485412 -523.363290 -503.601552 -485.802823 -462.889168 -430.813030 -383.671542 -305.406280 -249.766406 -234.618238 -221.454496 -202.292401 -184.967528 -172.116864 -157.717746 -138.790677 -120.276900
-175.226394 -190.911144 -211.852352 -233.613229 -261.351411 -335.861399 -363.939047 -412.947717 -454.909451 -506.440617 -533.231168 -547.913494 -564.329024 -577.092284 -587.430398 -603.981666 -616.191393 -634.111720 -627.443390 -617.776086 -604.530408 -614.799027 -616.582590 -614.757623 -621.633366 -629.112830 -640.808844 -638.783733 -628.985837 -617.573387 -617.365600 -614.814292 -608.630288 -608.506466 -613.544222 -623.351538 -620.679294 -613.661847 -606.588046 -593.667307 -581.409801 -569.391302 -558.798402 -544.644914 -528.123304 -509.920217 -486.409769 -455.179199 -426.904961 -378.574317 -295.419684 -247.815912 -236.238928 -226.223008 -207.661244 -188.865367
-245.290799 -270.129348 -350.990083 -429.662961 -485.210113 -527.366957 -551.845331 -573.704204 -594.307064 -602.756979 -610.627584 -619.461389 -627.196431 -635.669185 -643.425927 -649.964303 -659.896154 -678.621087 -670.750558 -659.732928 -647.729932 -647.097785 -648.400515 -647.626311 -650.632586 -659.201012 -673.892460 -667.300019 -657.795021 -649.256311 -646.244253 -644.356785 -639.401485 -642.855953 -650.256362 -660.606048 -655.791793 -647.101586 -641.802993 -635.123927 -625.642881 -615.730611 -605.872066 -594.696454 -583.349523 -568.793787 -552.743002 -535.050554 -516.148698 -495.472292 -469.916717 -452.483933 -429.810625 -402.637293 -348.520745 -274.770862
-465.963469 -495.221322 -519.104644 -545.001529 -573.833932 -590.172684 -605.291124 -618.478922 -632.037400 -640.777087 -647.286825 -644.843205 -648.132121 -657.018686 -657.136994 -662.079846 -677.292841 -671.760850 -667.395700 -655.223515 -657.363557 -657.947846 -660.799526 -658.910754 -660.882467 -675.392949 -667.726583 -664.310690 -655.569567 -653.668414 -651.523074 -649.937995 -648.313522 -649.897209 -659.840656 -657.606877 -654.670500 -646.728025 -645.833671 -642.016222 -632.655120 -628.978172 -622.640517 -614.054248 -604.894872 -594.219191 -581.637143 -565.317155 -549.272194 -534.622396 -529.581144 -520.283068 -512.762425 -519.132326 -502.643744 -485.025723
