tests/Borden05m/data_simulated/sim_1/output-maps/psiliqL0001N0013.asc
ncols         160
nrows         34
xllcorner     620200.000000
yllcorner     5168000.000000
cellsize      0.500000
NODATA_value  -9999.0
[rows 0 to 24 of 34, columns 56 to 111 of 160]
-9999.0 -9999.0 -9999.0 -9999.0 -9999.0 -9999.0 -9999.0 -9999.0 -9999.0 -9999.0 -9999.0 -9999.0 -9999.0 -9999.0 -9999.0 -9999.0 -9999.0 -9999.0 -9999.0 -9999.0 -9999.0 -9999.0 -9999.0 -9999.0 -9999.0 -9999.0 -9999.0 -9999.0 -9999.0 -9999.0 -9999.0 -9999.0 -9999.0 -9999.0 -9999.0 -9999.0 -9999.0 -9999.0 -9999.0 -9999.0 -9999.0 -9999.0 -9999.0 -9999.0 -9999.0 -9999.0 -9999.0 -9999.0 -9999.0 -9999.0 -9999.0 -9999.0 -9999.0 -9999.0 -9999.0 -9999.0
-9999.0 -9999.0 -9999.0 -573.282804 -574.340761 -575.053962 -575.428858 -576.896431 -578.006766 -579.344466 -579.523954 -579.347235 -579.594086 -580.158093 -579.450838 -578.547067 -577.783640 -576.680583 -576.933707 -576.818251 -576.389759 -576.271959 -576.462630 -576.969555 -577.284862 -577.663194 -577.075124 -578.623027 -580.632154 -582.168240 -582.469547 -581.124945 -580.344281 -580.521827 -579.807116 -578.231445 -576.903283 -576.511725 -574.905778 -575.233406 -574.600818 -573.502969 -574.370915 -574.549658 -574.377246 -573.993345 -576.298933 -9999.0 -9999.0 -9999.0 -9999.0 -9999.0 -9999.0 -9999.0 -9999.0 -9999.0
-577.593164 -574.611092 -574.854652 -579.319932 -579.708526 -579.767385 -579.532112 -580.127374 -581.723502 -582.088598 -583.278883 -583.791379 -583.930256 -584.423022 -584.065911 -582.101835 -580.714776 -580.341405 -580.672172 -580.849182 -581.291855 -581.602277 -581.496957 -581.977629 -582.413420 -582.879949 -582.719793 -581.439469 -582.910983 -583.633176 -584.356759 -585.142269 -584.860819 -584.631145 -584.558942 -582.713895 -582.040024 -581.592801 -579.115172 -576.798480 -576.214952 -577.185722 -578.218239 -577.909369 -577.940611 -578.851831 -579.727495 -579.654863 -580.062478 -580.217662 -581.090239 -579.738366 -579.803323 -578.308526 -577.067455 -575.617597
-581.604945 -578.168275 -578.433844 -581.770082 -583.749884 -584.327713 -583.879726 -582.455794 -582.988881 -584.150678 -585.924318 -583.950895 -584.238767 -584.434951 -584.094469 -583.446023 -583.209782 -582.913926 -582.479529 -580.717693 -580.881292 -581.045725 -580.951294 -581.252479 -581.813757 -581.745955 -582.041162 -583.530548 -583.276281 -582.902457 -583.231786 -581.760250 -581.690086 -580.844729 -583.457877 -583.054780 -582.469321 -582.074979 -581.809347 -581.477289 -580.964708 -582.103042 -581.270534 -582.126062 -584.071022 -584.483247 -584.242292 -582.551727 -581.675424 -582.648539 -586.200165 -584.328852 -580.383679 -580.732694 -581.406728 -579.517744
-583.868613 -583.218603 -583.705488 -585.083364 -583.713433 -582.607583 -581.904852 -582.534376 -583.813029 -585.362535 -582.183334 -580.912806 -581.655015 -581.304161 -580.387387 -580.351778 -584.328901 -585.366700 -583.860583 -582.287216 -581.635493 -582.375595 -582.730768 -583.402955 -583.383012 -582.947343 -583.359363 -582.734435 -582.210076 -582.901683 -581.904294 -580.771373 -579.663330 -582.155124 -584.390367 -584.262467 -582.421237 -581.103304 -580.463031 -578.561930 -575.527982 -576.050082 -576.718628 -576.990465 -577.254138 -580.749056 -583.930524 -585.167096 -585.691067 -586.613552 -585.841822 -586.521202 -583.382787 -583.651244 -584.181548 -582.692964
-586.728036 -582.902099 -581.984152 -584.141596 -585.286777 -585.788208 -585.441835 -585.872873 -585.828653 -583.036531 -581.566172 -578.979729 -580.002664 -579.942360 -580.044933 -582.724851 -584.724307 -586.104447 -582.048101 -578.829341 -577.807948 -578.722431 -579.483957 -576.537180 -577.413647 -577.783144 -579.533487 -578.910865 -579.195453 -576.103034 -574.945104 -573.322817 -573.963957 -577.018129 -579.568480 -579.702644 -579.454427 -579.810949 -579.127605 -577.230200 -574.793494 -576.615160 -577.371984 -577.126656 -582.424965 -586.491229 -587.824179 -584.849291 -583.139285 -583.416818 -583.112038 -582.947606 -585.064016 -584.548589 -584.313140 -585.328660
-579.151774 -577.036763 -573.375511 -575.915783 -577.659858 -580.787216 -580.434437 -580.074806 -579.046513 -577.612870 -574.834639 -569.352112 -570.550684 -570.225763 -568.358893 -571.382665 -574.175823 -578.426316 -573.735126 -572.712576 -571.193811 -571.457388 -567.791822 -564.496852 -566.533201 -569.297272 -572.580459 -570.600559 -566.253562 -562.174513 -561.254191 -560.806089 -560.029257 -562.956535 -563.694510 -564.316211 -564.032567 -566.025287 -565.984897 -562.925428 -557.578497 -556.961480 -559.564757 -564.601845 -572.119583 -578.816936 -582.376913 -578.147423 -579.370074 -579.910055 -579.180597 -581.765763 -583.240843 -580.977234 -582.946032 -584.466243
-577.306287 -575.218828 -571.038603 -572.863357 -576.158249 -579.639300 -579.571881 -577.490250 -576.510197 -572.499857 -566.716886 -559.882581 -555.884061 -552.121805 -547.903102 -551.159587 -554.633918 -558.576321 -557.906550 -553.294827 -548.579118 -542.712418 -535.843702 -528.149157 -529.982354 -533.791210 -534.069432 -532.437204 -524.336024 -516.309804 -512.777696 -510.349861 -505.536295 -508.654315 -514.349143 -520.608682 -526.594263 -531.658067 -535.600625 -528.909106 -521.301263 -522.795209 -536.817624 -547.737625 -558.379674 -567.644762 -577.031831 -576.901514 -575.223772 -573.680590 -577.016549 -578.553533 -581.529250 -582.116373 -581.756948 -585.020911
-557.921593 -552.478671 -545.910567 -542.882825 -549.116626 -549.963015 -547.730271 -542.994448 -541.188305 -535.390379 -517.771765 -485.025862 -449.228756 -424.406268 -420.346260 -427.583833 -438.383160 -456.675805 -466.974463 -451.849585 -435.703922 -423.101118 -415.356988 -409.066390 -404.503677 -404.797772 -404.728392 -403.495503 -402.080547 -399.096676 -395.291195 -391.273246 -386.516709 -384.786696 -390.450766 -396.014557 -401.902073 -407.235866 -408.578485 -410.297713 -407.272661 -407.693039 -418.943224 -440.959483 -478.588146 -512.872052 -532.621185 -545.613660 -545.787783 -551.361748 -555.770999 -560.643517 -570.781122 -573.485474 -574.953946 -582.843568
-513.255895 -485.896009 -463.610600 -442.886967 -439.457852 -435.195402 -431.475878 -425.778713 -420.965453 -416.946274 -399.143512 -374.553103 -347.906991 -325.272432 -316.608688 -324.623639 -333.685215 -344.016313 -352.716343 -352.273589 -341.056520 -327.485992 -314.514600 -306.121465 -303.138427 -304.535049 -304.391667 -303.623313 -301.237366 -299.879613 -296.466953 -290.998007 -281.632791 -269.789131 -271.973947 -286.546298 -298.218104 -312.029115 -318.359969 -321.791751 -327.142039 -327.890182 -328.136578 -347.915869 -369.530500 -392.472379 -412.481703 -427.188920 -452.586139 -479.788229 -500.602294 -528.067549 -547.298383 -560.780238 -569.637205 -577.684543
-401.412843 -381.198880 -360.087556 -346.483993 -340.464135 -337.330741 -333.346240 -327.066361 -321.730730 -314.517000 -299.351971 -268.742122 -233.803438 -201.050557 -193.622608 -200.749321 -210.188181 -222.231563 -228.785026 -232.451639 -227.933272 -219.550412 -208.492511 -197.323411 -187.787818 -185.478644 -185.620464 -185.919517 -186.191116 -183.908754 -182.647545 -180.038434 -170.349678 -163.252707 -158.857345 -169.398787 -183.103853 -199.454752 -210.505130 -224.078980 -232.677649 -234.831867 -234.940519 -235.669966 -254.534052 -283.839114 -321.091374 -346.343902 -366.027708 -378.032833 -389.667905 -398.900324 -420.596662 -437.001901 -475.535959 -512.109038
-315.068833 -291.215956 -265.104078 -245.732148 -233.973842 -228.949819 -219.265286 -210.673255 -202.815182 -191.405377 -177.560935 -158.122798 -129.065174 -67.813518 -50.035005 -52.307298 -60.519810 -102.759618 -76.414971 -108.852134 -107.927843 -72.178639 -68.770010 -55.914924 -71.667694 -38.230964 -39.066598 -40.013954 -67.322438 -37.996986 -38.364273 -67.653785 -36.671953 -61.235281 -29.828813 -61.640777 -44.128498 -61.424581 -79.896694 -124.991037 -135.689013 -141.091015 -142.701455 -145.426324 -154.742852 -178.543171 -214.609830 -249.266332 -274.370906 -292.059494 -304.321814 -312.455759 -318.698281 -331.113622 -353.867407 -383.948761
-213.658119 -192.625084 -170.734125 -148.107956 -127.281508 -114.645850 -71.565134 -66.743421 -56.756867 -41.763397 -53.420407 -18.142255 -7.251356 10.077195 18.751586 23.446092 25.773940 25.329873 28.587660 27.304430 27.759712 28.882831 28.486018 29.387460 30.873340 32.501031 31.045268 32.400825 31.265504 32.581710 32.553613 31.487846 30.772692 29.727285 30.697709 29.397176 28.406610 20.418238 6.651812 -6.193088 -10.794693 -17.901039 -25.820106 -34.315025 -42.961575 -55.066225 -113.806855 -150.388126 -182.681014 -201.831898 -210.897826 -216.597571 -221.240128 -234.067207 -253.047412 -277.419085
-71.556653 -59.290815 -43.892347 -48.181177 -8.011491 -0.010693 8.460004 12.328361 21.647945 32.072241 32.302561 34.344446 32.606373 34.367258 32.426117 34.404771 32.487872 32.258567 30.539627 30.910555 25.078435 16.461323 18.058498 18.868332 21.464818 24.166698 23.451168 23.405595 26.975437 24.801578 20.183707 17.153211 15.540927 15.589819 21.813558 25.138690 24.884062 26.122829 25.615169 25.200609 25.422430 25.015471 25.069368 25.218804 20.180539 12.661658 -5.822205 -31.701061 -59.267477 -111.243270 -124.797622 -125.262760 -129.278313 -135.966533 -156.295612 -185.799996
14.488560 24.786942 34.190603 34.523059 35.231884 33.559872 36.554608 36.375476 38.104945 32.376499 30.978486 25.355519 25.493946 23.447263 22.053270 22.016377 20.577455 16.901133 14.019907 8.918991 -1.441529 -13.003337 -14.447197 -10.011616 -5.220147 -2.158570 0.863945 4.762057 6.247747 -0.911685 -6.213721 -12.639192 -14.826492 -8.982917 -29.214631 0.570918 -25.104040 -0.523762 -2.023367 -1.825958 -3.343794 -3.019273 2.941398 14.810777 22.575763 22.265454 22.392615 22.034577 22.121911 1.795458 -16.479013 -13.936350 -17.656953 -27.763319 -54.892492 -105.197637
28.459754 27.479698 26.142631 20.297473 15.141035 15.028288 18.391700 25.085120 25.874399 20.258747 13.045033 7.021477 0.642066 -24.270310 -2.673763 -4.029497 -3.608022 -8.703949 -15.043755 -29.609891 -75.283664 -92.370984 -100.060192 -101.207614 -95.295218 -86.093283 -74.671341 -49.341443 -39.292758 -79.421814 -93.956190 -103.197202 -103.929476 -102.145229 -97.225141 -84.678050 -84.559683 -81.130524 -83.696735 -85.675159 -89.652867 -88.726686 -75.787324 -28.714009 -15.125857 -4.173015 2.797146 9.469163 14.779627 21.802153 21.628545 21.659821 21.477245 17.527952 5.274533 -12.224560
14.393650 8.610312 5.173906 -2.883226 -8.493557 -9.360524 -6.566319 -2.478914 -5.540852 -10.944420 -20.425925 -32.471075 -75.396143 -88.667280 -87.779592 -86.349118 -86.502765 -92.621286 -106.694873 -125.133832 -144.077348 -160.298883 -165.199105 -169.429221 -170.943884 -159.688556 -143.010103 -133.814156 -143.170925 -156.487356 -171.602894 -180.134689 -183.086149 -181.929785 -173.841515 -157.509273 -142.896968 -141.953313 -149.685749 -157.007399 -160.410006 -160.566304 -149.753601 -125.221764 -104.351614 -89.075685 -74.944072 -37.528937 -29.257795 -20.361048 -10.575785 0.634946 10.151566 20.488606 20.802097 20.747861
-9.307792 -17.282173 -31.535850 -64.528539 -75.379901 -81.104319 -84.147465 -86.357195 -92.384870 -98.719251 -108.506569 -121.718676 -138.389140 -153.810835 -157.878891 -160.223784 -158.775650 -169.796709 -181.584048 -201.468147 -217.473423 -232.714847 -240.429380 -245.475657 -249.892751 -241.534719 -224.859383 -214.771371 -229.416357 -240.133864 -253.946848 -260.859227 -264.172937 -263.541802 -255.424778 -234.373281 -217.476850 -212.237402 -220.046590 -226.814994 -229.613288 -229.255592 -222.865722 -205.134041 -184.015037 -163.831496 -147.837794 -133.677599 -123.757749 -112.443587 -97.003398 -78.550795 -34.926596 -19.167727 -2.706906 9.786318
-80.714652 -92.524925 -104.834665 -120.212484 -133.080344 -140.139449 -140.577161 -147.670863 -154.052040 -163.278887 -201.591418 -216.407477 -233.340751 -247.357612 -252.200679 -258.935568 -261.965065 -271.080144 -278.175182 -289.227326 -303.117336 -316.869619 -328.211712 -331.247979 -333.952544 -336.275506 -327.112130 -323.120493 -326.150979 -332.399135 -339.002848 -342.581907 -344.703040 -341.740177 -331.678483 -321.784658 -312.347093 -308.441076 -313.738893 -309.629653 -304.657239 -304.495679 -290.890032 -277.666503 -260.935447 -240.820833 -219.586920 -207.432860 -197.739220 -186.420381 -170.222242 -151.368885 -129.134482 -104.567889 -76.444940 -30.912831
-134.222389 -148.155434 -162.754023 -176.401632 -189.339809 -200.945545 -201.082566 -205.120066 -210.909795 -239.955842 -277.822444 -304.214709 -318.641390 -334.577778 -341.790080 -349.013918 -366.467570 -377.171488 -383.493422 -382.726490 -390.831334 -401.453379 -409.493160 -412.599370 -414.482318 -419.416584 -420.990057 -419.051688 -414.404526 -418.818413 -421.627649 -420.686441 -422.196808 -422.761232 -417.335281 -409.696273 -405.416097 -400.912714 -396.514973 -393.700563 -389.012656 -371.376226 -359.712279 -348.666266 -333.333258 -315.728205 -296.473861 -280.281727 -269.363699 -256.711502 -238.994226 -222.492265 -201.019344 -176.502074 -146.940339 -123.720215
-199.573928 -216.814050 -231.567490 -246.239645 -261.169524 -280.290330 -282.512903 -289.035567 -298.566033 -331.344403 -362.547910 -386.984893 -401.216994 -414.684871 -423.378949 -443.297842 -479.364348 -499.559346 -499.734089 -495.136792 -500.717008 -513.660715 -523.156069 -529.046059 -534.532790 -541.557485 -545.446996 -541.731788 -537.772390 -538.259874 -538.716769 -537.430342 -537.704352 -538.060435 -537.363088 -529.872071 -524.480931 -518.426412 -513.105397 -508.347139 -484.397006 -453.303606 -431.043262 -415.093646 -402.078855 -385.507762 -366.332419 -350.658523 -339.479769 -325.124634 -309.093168 -291.385414 -272.116083 -248.045616 -219.382701 -196.032588
-262.847727 -285.549246 -303.504373 -321.467399 -347.334289 -358.958654 -366.658341 -373.348531 -393.241992 -417.057729 -447.472963 -488.412562 -512.465437 -527.828437 -539.463475 -550.437116 -559.046366 -564.036377 -560.891210 -559.260273 -556.464887 -561.006236 -564.558832 -565.378125 -568.518124 -571.265921 -574.912117 -571.963201 -570.694460 -567.280037 -567.692355 -567.645799 -566.101567 -566.887515 -567.100996 -569.227371 -566.707077 -565.292083 -563.583833 -557.061966 -550.304606 -542.364004 -533.887464 -521.986434 -503.803877 -473.501409 -437.254618 -414.632128 -401.375398 -387.087967 -369.882766 -354.523872 -339.559705 -321.095225 -297.825617 -276.571340
-342.930181 -359.010145 -376.355391 -398.904607 -424.385298 -450.887747 -465.061548 -495.060830 -518.295520 -540.828809 -552.016601 -557.644684 -563.056135 -566.890065 -569.746887 -574.334090 -577.434940 -582.156138 -580.281228 -577.764469 -574.074699 -577.181747 -577.632058 -576.961835 -578.727500 -580.566218 -583.621556 -583.144182 -580.723014 -577.803164 -578.009653 -577.451464 -575.751996 -575.705234 -577.040994 -579.786291 -579.133822 -577.426908 -575.783274 -572.383710 -569.154654 -565.862988 -562.878485 -558.383240 -552.639329 -545.613943 -534.682890 -518.176058 -501.111819 -469.689537 -432.699246 -413.060341 -403.229875 -391.108078 -370.533028 -354.519864
-412.325010 -427.381644 -457.482597 -503.580148 -532.370707 -550.621415 -559.089332 -565.922698 -571.865483 -574.079680 -576.116989 -578.336449 -580.131850 -582.037229 -583.748861 -585.123616 -587.348747 -591.954474 -590.027893 -587.394498 -584.365741 -584.288688 -584.600679 -584.323486 -585.001608 -587.048387 -590.756440 -589.214594 -587.012022 -585.016021 -584.433752 -584.077028 -582.815404 -583.727013 -585.593506 -588.308696 -587.184900 -585.165365 -584.082770 -582.680419 -580.567134 -578.292629 -576.008899 -573.278354 -570.422573 -566.408115 -561.628972 -555.794910 -548.885549 -540.176719 -527.077727 -516.802935 -503.393840 -485.790428 -454.729307 -427.338004
-523.620555 -537.213671 -547.677532 -557.183397 -566.455104 -570.941219 -574.718006 -577.813139 -580.986351 -582.861065 -584.315807 -583.441981 -584.068691 -586.129194 -585.946426 -586.996364 -590.683941 -589.338628 -588.269123 -585.253903 -585.816829 -585.987346 -586.700858 -586.199721 -586.670621 -590.270070 -588.463211 -587.696583 -585.628738 -585.295097 -584.885565 -584.568974 -584.198559 -584.629883 -587.190549 -586.667870 -586.010419 -584.127663 -584.127528 -583.401580 -581.238022 -580.646285 -579.348812 -577.454171 -575.401582 -572.884577 -569.727648 -565.173773 -560.335897 -555.509291 -553.890730 -550.332438 -547.135956 -549.379688 -542.157734 -533.254596
