tests/Borden05m/data_simulated/sim_1/output-maps/psiliqL0028N0014.asc
ncols         160
nrows         34
xllcorner     620200.000000
yllcorner     5168000.000000
cellsize      0.500000
NODATA_value  -9999.0
[rows 0 to 24 of 34, columns 0 to 54 of 160]
-9999.0 -9999.0 -9999.0 -9999.0 -9999.0 -9999.0 -9999.0 -9999.0 -9999.0 -9999.0 -9999.0 -9999.0 -9999.0 -9999.0 -9999.0 -9999.0 -9999.0 -9999.0 -9999.0 -9999.0 -9999.0 -9999.0 -9999.0 -9999.0 -9999.0 -9999.0 -9999.0 -9999.0 -9999.0 -9999.0 -9999.0 -9999.0 -9999.0 -9999.0 -9999.0 -9999.0 -9999.0 -9999.0 -9999.0 -9999.0 -9999.0 -9999.0 -9999.0 -9999.0 -9999.0 -9999.0 -9999.0 -9999.0 -9999.0 -9999.0 -9999.0 -9999.0 -9999.0 -9999.0 -9999.0
-9999.0 -9999.0 -9999.0 -9999.0 -9999.0 -9999.0 -9999.0 -9999.0 -9999.0 -9999.0 -9999.0 -9999.0 -9999.0 -9999.0 -9999.0 -9999.0 -9999.0 -9999.0 -9999.0 -9999.0 -9999.0 -9999.0 -9999.0 -9999.0 -9999.0 -9999.0 -9999.0 -9999.0 -9999.0 -9999.0 -9999.0 -9999.0 -9999.0 -9999.0 -9999.0 -9999.0 -9999.0 -9999.0 -9999.0 -9999.0 -9999.0 -9999.0 -9999.0 -9999.0 -9999.0 -9999.0 -9999.0 -9999.0 -9999.0 -9999.0 -9999.0 -9999.0 -9999.0 -9999.0 -9999.0
-9999.0 -9999.0 -9999.0 -9999.0 -9999.0 -9999.0 -9999.0 -9999.0 -9999.0 -9999.0 -9999.0 -9999.0 -9999.0 -9999.0 -9999.0 -9999.0 -9999.0 -9999.0 -9999.0 -9999.0 -9999.0 -9999.0 -9999.0 -9999.0 -9999.0 -9999.0 -9999.0 -9999.0 -9999.0 -9999.0 -9999.0 -9999.0 -9999.0 -9999.0 -9999.0 -9999.0 -9999.0 -9999.0 -9999.0 -9999.0 -9999.0 -9999.0 -9999.0 -9999.0 -9999.0 -9999.0 -9999.0 3672.641199 3655.463551 3642.394912 3637.132566 3657.739323 3680.580026 3704.226740 3724.573937
-9999.0 -9999.0 -9999.0 -9999.0 -9999.0 -9999.0 -9999.0 -9999.0 -9999.0 -9999.0 -9999.0 -9999.0 -9999.0 -9999.0 -9999.0 -9999.0 -9999.0 -9999.0 -9999.0 -9999.0 -9999.0 -9999.0 -9999.0 -9999.0 -9999.0 -9999.0 -9999.0 -9999.0 -9999.0 -9999.0 -9999.0 -9999.0 -9999.0 -9999.0 -9999.0 -9999.0 -9999.0 -9999.0 -9999.0 -9999.0 3724.089450 3729.927211 3729.295189 3719.419663 3707.918108 3693.786669 3672.935709 3655.809070 3642.978328 3641.044872 3643.263764 3645.262288 3665.329688 3690.674394 3710.437988
-9999.0 -9999.0 -9999.0 -9999.0 -9999.0 -9999.0 -9999.0 -9999.0 -9999.0 -9999.0 -9999.0 -9999.0 -9999.0 -9999.0 -9999.0 -9999.0 -9999.0 -9999.0 -9999.0 -9999.0 -9999.0 -9999.0 -9999.0 -9999.0 -9999.0 -9999.0 -9999.0 -9999.0 -9999.0 -9999.0 -9999.0 -9999.0 -9999.0 -9999.0 3632.104132 3648.805349 3666.525480 3684.943623 3701.805140 3708.794932 3714.530620 3719.662417 3714.735399 3710.151934 3698.153584 3676.516453 3657.056412 3644.319836 3643.406878 3640.785076 3643.933412 3654.918944 3671.216924 3685.695522 3705.858354
-9999.0 -9999.0 -9999.0 -9999.0 -9999.0 -9999.0 -9999.0 -9999.0 -9999.0 -9999.0 -9999.0 -9999.0 -9999.0 -9999.0 -9999.0 -9999.0 -9999.0 -9999.0 -9999.0 -9999.0 -9999.0 -9999.0 -9999.0 -9999.0 -9999.0 -9999.0 -9999.0 -9999.0 3638.680270 3632.600593 3627.645487 3625.833022 3624.122514 3622.990157 3629.429577 3640.136658 3656.731031 3678.661351 3691.791568 3698.854615 3705.586751 3705.612771 3699.263130 3697.303315 3697.508257 3684.351341 3671.617819 3659.677243 3647.955207 3644.162768 3652.562469 3666.473328 3682.325803 3696.472764 3711.318252
-9999.0 -9999.0 -9999.0 -9999.0 -9999.0 -9999.0 -9999.0 -9999.0 -9999.0 -9999.0 -9999.0 -9999.0 -9999.0 -9999.0 -9999.0 -9999.0 -9999.0 -9999.0 -9999.0 -9999.0 -9999.0 -9999.0 -9999.0 3609.218145 3613.821802 3620.146640 3627.639183 3628.393857 3625.057733 3619.504515 3616.638726 3614.942782 3612.240235 3616.468460 3622.909464 3635.355736 3650.104983 3672.096208 3679.880606 3683.399500 3694.174543 3697.668917 3705.490575 3708.914229 3706.531602 3701.750073 3685.911326 3673.419119 3674.527073 3677.672554 3684.032668 3691.938843 3704.943243 3717.838343 3732.215134
-9999.0 -9999.0 -9999.0 -9999.0 -9999.0 -9999.0 -9999.0 -9999.0 -9999.0 -9999.0 -9999.0 -9999.0 -9999.0 -9999.0 -9999.0 -9999.0 -9999.0 -9999.0 -9999.0 3585.042602 3586.021810 3587.443440 3592.166988 3592.296630 3593.766232 3600.210389 3607.877681 3610.563718 3607.916239 3606.662565 3607.527286 3609.616759 3613.666233 3623.382836 3636.058889 3649.257433 3661.143998 3681.033807 3694.609519 3705.912720 3720.274940 3720.289161 3716.134445 3713.862947 3713.014640 3710.379189 3707.041015 3704.737357 3710.223373 3709.480795 3711.771984 3720.191120 3731.591191 3747.065130 3763.453073
-9999.0 -9999.0 -9999.0 -9999.0 -9999.0 -9999.0 -9999.0 -9999.0 -9999.0 -9999.0 -9999.0 -9999.0 -9999.0 -9999.0 -9999.0 -9999.0 3556.086586 3557.711523 3559.951221 3565.325831 3568.993172 3572.680877 3579.377773 3580.613802 3583.526730 3590.077819 3593.872421 3602.653986 3610.444057 3616.732639 3621.719697 3623.175309 3628.498012 3636.534462 3646.721845 3659.156829 3677.774904 3700.273349 3714.744812 3730.320830 3746.531996 3746.118271 3743.353113 3742.531127 3739.815487 3739.411591 3752.308634 3754.167478 3746.950293 3754.589677 3765.109816 3766.719920 3772.732931 3791.813172 3812.996054
-9999.0 -9999.0 -9999.0 -9999.0 -9999.0 -9999.0 -9999.0 -9999.0 -9999.0 -9999.0 -9999.0 -9999.0 -9999.0 3506.296780 3510.048351 3520.172972 3531.879674 3534.775287 3539.571834 3546.083437 3557.798793 3560.967839 3566.355765 3572.833220 3584.924952 3592.739637 3600.526496 3611.214708 3618.042670 3623.759962 3628.790537 3629.929631 3639.774660 3652.196780 3664.942103 3682.491726 3703.059541 3719.843992 3736.370514 3751.655653 3761.837111 3757.402743 3755.642619 3756.756537 3759.967510 3771.248748 3786.411809 3784.524753 3791.866589 3811.044541 3819.906921 3825.732226 3830.712423 3843.988547 3864.983273
-9999.0 -9999.0 -9999.0 -9999.0 -9999.0 -9999.0 -9999.0 -9999.0 -9999.0 -9999.0 3480.970369 3482.067504 3477.958411 3474.425324 3479.998990 3492.019785 3506.347659 3511.241599 3522.853190 3543.783695 3562.059774 3564.314139 3576.678078 3585.999597 3591.636041 3600.037061 3611.398700 3621.786280 3635.304310 3645.148395 3651.782566 3665.877089 3679.794139 3694.136595 3709.552243 3728.349521 3742.401781 3763.943703 3787.165425 3793.978447 3808.946991 3809.556271 3804.389210 3801.395309 3809.778256 3819.201756 3832.005141 3845.530123 3862.586994 3883.101643 3891.573620 3903.555241 3911.753592 3921.282850 3936.091819
-9999.0 -9999.0 -9999.0 -9999.0 -9999.0 -9999.0 -9999.0 -9999.0 3456.643623 3464.647397 3469.500299 3465.708128 3460.697311 3453.913471 3468.190565 3482.908944 3498.009197 3515.757376 3530.445595 3547.875236 3560.564394 3573.934844 3592.918402 3602.149924 3611.065065 3624.422246 3635.651672 3648.377323 3666.944151 3672.369117 3680.934713 3698.347843 3711.941555 3726.979192 3743.437726 3758.139079 3776.152819 3804.542323 3831.811115 3846.045669 3870.749323 3886.206009 3879.227245 3876.323132 3876.593449 3898.449191 3923.360983 3951.358600 3968.659420 3990.860021 4018.305455 4037.000697 4045.921101 4056.716850 4070.283700
-9999.0 -9999.0 -9999.0 -9999.0 -9999.0 -9999.0 3428.269559 3452.372450 3467.154072 3457.892975 3442.402295 3436.340636 3429.115049 3460.515351 3482.190304 3498.677928 3514.380119 3530.859919 3545.923216 3552.462023 3580.194571 3598.537004 3608.604780 3619.706666 3632.628286 3645.481074 3659.951537 3679.390468 3694.776436 3714.147504 3727.487479 3741.522113 3763.438631 3779.154004 3794.611919 3806.550348 3832.608356 3865.992058 3899.450652 3922.610229 3946.094563 3977.092628 3975.658766 3976.801771 3977.596090 4001.303921 4034.938858 4064.258140 4095.504735 4125.590928 4153.847044 4164.135863 4172.929879 4182.662799 4195.084599
-9999.0 -9999.0 -9999.0 -9999.0 3396.679223 3417.159670 3435.072963 3464.452750 3485.681665 3480.016651 3483.263463 3480.121176 3474.428528 3478.737977 3486.098408 3502.098693 3520.137951 3538.540439 3551.065657 3575.799657 3621.668264 3630.752854 3645.502860 3673.170497 3682.422968 3694.853843 3708.957935 3727.795787 3744.056621 3769.348791 3801.322394 3828.445980 3848.372880 3866.357280 3884.442550 3900.122864 3934.607436 3970.878340 4005.861642 4036.658614 4062.930671 4088.696215 4094.642439 4099.219787 4108.976830 4125.999334 4148.679672 4176.144721 4209.862982 4241.887197 4264.967181 4273.634723 4278.654224 4288.129545 4295.459962
-9999.0 -9999.0 -9999.0 3341.992376 3380.856743 3420.345114 3445.143487 3474.530639 3506.103635 3504.454474 3512.188881 3510.366131 3507.501216 3511.417226 3512.761061 3527.924591 3545.020289 3564.064799 3584.106712 3615.993116 3643.196935 3658.277348 3684.308306 3697.967634 3708.941424 3720.348828 3737.776021 3756.367357 3791.341980 3819.469753 3864.249053 3913.905702 3945.114467 3963.748855 3985.890522 4013.161400 4038.150154 4076.929897 4110.727138 4142.612966 4172.651932 4194.565286 4208.458595 4212.900943 4222.560896 4228.148659 4240.438951 4261.354472 4283.700664 4314.490271 4343.787803 4372.982523 4388.368232 4399.562471 4416.790768
-9999.0 -9999.0 3293.475017 3333.092502 3363.648989 3409.272866 3461.659660 3496.112662 3534.430084 3551.702094 3553.452514 3562.168317 3570.952332 3570.127813 3576.980625 3587.998266 3609.562802 3617.805373 3637.643981 3650.596603 3685.338960 3716.985411 3709.267495 3745.314678 3774.319752 3806.799449 3827.925065 3854.044021 3891.590605 3924.361943 3968.057137 4017.734234 4051.561233 4079.127747 4095.004490 4115.336416 4135.529589 4162.089340 4199.019659 4224.491567 4258.276184 4283.679967 4303.152798 4303.529641 4306.150705 4322.361931 4350.997118 4382.240781 4411.522418 4440.949499 4423.919688 4448.412591 4459.367145 4465.478963 4475.088903
-9999.0 -9999.0 3262.538492 3309.150577 3342.381371 3398.452174 3485.310976 3518.320994 3557.007666 3601.537799 3613.721335 3633.782661 3624.331891 3609.667315 3625.744833 3638.161581 3658.979765 3666.017010 3658.932247 3710.026000 3761.284476 3782.134674 3783.437689 3860.883256 3913.594779 3938.527786 3955.594965 3975.773249 3995.046004 4032.922217 4071.328384 4125.940044 4167.083059 4196.944663 4211.485901 4231.788930 4251.384343 4266.384161 4286.090576 4333.544991 4369.838376 4401.140168 4433.541572 4455.056360 4463.299100 4468.564182 4441.646480 4462.136345 4476.031707 4482.024691 4484.433708 4480.608655 4480.062847 4480.909997 4481.832899
-9999.0 3168.512197 3220.789115 3270.542168 3333.711689 3393.439238 3466.236939 3539.580951 3606.313564 3658.306571 3682.264885 3672.093227 3666.446407 3688.673327 3706.581489 3721.179506 3726.586643 3737.099191 3716.897551 3770.520018 3805.474514 3851.543935 3949.509806 4007.993041 4073.249563 4068.788674 4056.633146 4060.954102 4076.273374 4123.112676 4203.384372 4260.645321 4327.847229 4377.852093 4395.349009 4403.113473 4422.119365 4443.175016 4387.520598 4433.085590 4454.134437 4471.698055 4481.861557 4484.282378 4485.634425 4485.382653 4481.645174 4474.540624 4466.300847 4460.406844 4456.140661 4451.637535 4454.078860 4457.415252 4457.512244
-9999.0 3129.479140 3186.171793 3253.680124 3319.992521 3362.940303 3441.315528 3610.224739 3673.241587 3710.538805 3712.959787 3681.548823 3736.064833 3794.637544 3817.482967 3862.561388 3845.706863 3830.123820 3790.099868 3814.411793 3851.781510 3922.378581 4096.971121 4186.340176 4241.472801 4249.379774 4249.715387 4278.436749 4323.695791 4372.655118 4420.212542 4385.483102 4437.928233 4463.827678 4469.239817 4469.997400 4475.808484 4474.246942 4472.939716 4468.424722 4463.213561 4463.389659 4468.103969 4467.959929 4464.961850 4461.517825 4455.776024 4448.356261 4443.192969 4438.556164 4435.908348 4433.089198 4431.063126 4430.192810 4425.217371
-9999.0 3086.930399 3162.178658 3218.917308 3261.022330 3347.259632 3477.255007 3621.962985 3718.191284 3751.076113 3721.219382 3750.974821 3853.974833 3961.696202 4014.254263 4034.951732 4013.102055 3961.206171 3938.212857 3981.909261 4053.490242 4177.435436 4323.059189 4425.919035 4441.851567 4445.460967 4394.276318 4421.817067 4447.343848 4450.373037 4451.571638 4460.244184 4465.377756 4468.403299 4466.806927 4463.906395 4459.058349 4450.804960 4446.017379 4442.270319 4438.452206 4437.187705 4439.104919 4441.049271 4438.178347 4434.257176 4429.770661 4424.195365 4417.839984 4411.028966 4406.628381 4402.303062 4400.135163 4394.430646 4390.974532
-9999.0 2959.932963 3056.347714 3093.475711 3159.278409 3349.680643 3478.628409 3616.436373 3784.135890 3801.280304 3841.795833 3984.226875 4105.926896 4187.785025 4215.481081 4248.218438 4272.674175 4288.071113 4325.620803 4195.632293 4280.087403 4383.994593 4432.016902 4452.841115 4464.133235 4464.531365 4454.431725 4433.397661 4422.607491 4415.845099 4417.458012 4424.770914 4429.351205 4434.060221 4431.730520 4432.884309 4434.160355 4430.979585 4426.905984 4418.078016 4410.169516 4403.307900 4399.807938 4404.423249 4399.786372 4397.520796 4391.245290 4382.676977 4373.612727 4366.213259 4358.130899 4351.515634 4349.298261 4344.289976 4343.065593
-9999.0 2879.132369 2950.254442 3001.762641 3105.917800 3268.445885 3356.345682 3511.608516 3757.698291 3897.131293 4067.561689 4162.018033 4232.755285 4272.728509 4322.075842 4375.646484 4403.591907 4416.160272 4382.856858 4407.312556 4363.328328 4352.068755 4370.019960 4399.930999 4417.879286 4422.092209 4414.356960 4405.408642 4398.124231 4397.000957 4394.699200 4390.234861 4385.738172 4381.926651 4378.787378 4381.930030 4387.379869 4380.083410 4369.502568 4359.807949 4351.077456 4341.675042 4335.623325 4330.741539 4331.324929 4331.632522 4323.903108 4313.299988 4302.301546 4293.902606 4286.685891 4282.265058 4279.477455 4274.398253 4264.353834
-9999.0 2760.380713 2889.100206 2960.786838 3046.579651 3172.120335 3270.216420 3418.286816 3543.822190 3792.555279 3931.302625 4138.198471 4190.091043 4262.553782 4309.026251 4384.091248 4378.842199 4347.601443 4303.217047 4287.275213 4299.754630 4309.109514 4317.061480 4331.177084 4349.150013 4359.528014 4365.068235 4359.299313 4345.009923 4332.096946 4320.343109 4306.080619 4296.325183 4293.641438 4298.181138 4308.633210 4308.894238 4299.522515 4285.165670 4266.529025 4250.615201 4238.569435 4236.665492 4239.629637 4240.851728 4236.644805 4230.904952 4219.993220 4207.259661 4194.608613 4189.067816 4184.779977 4177.155582 4165.583180 4153.416789
-9999.0 -9999.0 2800.583464 2907.481730 2994.541620 3101.004715 3182.508788 3293.477166 3430.319866 3599.195904 3715.512243 3904.353691 4003.883122 4048.507263 4080.863301 4137.653113 4164.661797 4198.446146 4194.932122 4208.298767 4219.167838 4224.850983 4229.890406 4235.128675 4245.502513 4255.499016 4266.252814 4263.416290 4254.659282 4233.622046 4207.084725 4186.392756 4175.621177 4165.995201 4178.549795 4191.292522 4185.371154 4178.381815 4165.568504 4149.195063 4136.619939 4122.225353 4118.774622 4118.601952 4119.243256 4116.973432 4114.682010 4102.195030 4089.911277 4080.204686 4076.305854 4070.658715 4067.245823 4057.456781 4046.852718
-9999.0 -9999.0 2717.811536 2813.383565 2910.880731 3022.928768 3101.300349 3100.863312 3231.653677 3331.412974 3439.154974 3552.642688 3652.174638 3722.193341 3753.826951 3816.896373 3876.081057 3895.410008 3939.307791 3997.527821 4033.595368 4075.241682 4099.390518 4108.695426 4121.256326 4136.083525 4143.493612 4127.765840 4116.436826 4099.228807 4075.394058 4048.093031 4034.289534 4034.272452 4032.816567 4033.799201 4025.853151 4016.939572 4002.385362 3988.636680 3976.495055 3967.894276 3964.348480 3958.406649 3955.932574 3953.188486 3951.653573 3946.830302 3938.932852 3934.729309 3926.460213 3922.986264 3922.436437 3919.820489 3914.474227
