tests/Borden05m/data_simulated/sim_1/output-maps/psiliqL0017N0014.asc
ncols         160
nrows         34
xllcorner     620200.000000
yllcorner     5168000.000000
cellsize      0.500000
NODATA_value  -9999.0
[rows 0 to 24 of 34, columns 0 to 54 of 160]
-9999.0 -9999.0 -9999.0 -9999.0 -9999.0 -9999.0 -9999.0 -9999.0 -9999.0 -9999.0 -9999.0 -9999.0 -9999.0 -9999.0 -9999.0 -9999.0 -9999.0 -9999.0 -9999.0 -9999.0 -9999.0 -9999.0 -9999.0 -9999.0 -9999.0 -9999.0 -9999.0 -9999.0 -9999.0 -9999.0 -9999.0 -9999.0 -9999.0 -9999.0 -9999.0 -9999.0 -9999.0 -9999.0 -9999.0 -9999.0 -9999.0 -9999.0 -9999.0 -9999.0 -9999.0 -9999.0 -9999.0 -9999.0 -9999.0 -9999.0 -9999.0 -9999.0 -9999.0 -9999.0 -9999.0
-9999.0 -9999.0 -9999.0 -9999.0 -9999.0 -9999.0 -9999.0 -9999.0 -9999.0 -9999.0 -9999.0 -9999.0 -9999.0 -9999.0 -9999.0 -9999.0 -9999.0 -9999.0 -9999.0 -9999.0 -9999.0 -9999.0 -9999.0 -9999.0 -9999.0 -9999.0 -9999.0 -9999.0 -9999.0 -9999.0 -9999.0 -9999.0 -9999.0 -9999.0 -9999.0 -9999.0 -9999.0 -9999.0 -9999.0 -9999.0 -9999.0 -9999.0 -9999.0 -9999.0 -9999.0 -9999.0 -9999.0 -9999.0 -9999.0 -9999.0 -9999.0 -9999.0 -9999.0 -9999.0 -9999.0
-9999.0 -9999.0 -9999.0 -9999.0 -9999.0 -9999.0 -9999.0 -9999.0 -9999.0 -9999.0 -9999.0 -9999.0 -9999.0 -9999.0 -9999.0 -9999.0 -9999.0 -9999.0 -9999.0 -9999.0 -9999.0 -9999.0 -9999.0 -9999.0 -9999.0 -9999.0 -9999.0 -9999.0 -9999.0 -9999.0 -9999.0 -9999.0 -9999.0 -9999.0 -9999.0 -9999.0 -9999.0 -9999.0 -9999.0 -9999.0 -9999.0 -9999.0 -9999.0 -9999.0 -9999.0 -9999.0 -9999.0 1500.994195 1483.906476 1469.207274 1466.470004 1488.849540 1512.484476 1536.640417 1557.557442
-9999.0 -9999.0 -9999.0 -9999.0 -9999.0 -9999.0 -9999.0 -9999.0 -9999.0 -9999.0 -9999.0 -9999.0 -9999.0 -9999.0 -9999.0 -9999.0 -9999.0 -9999.0 -9999.0 -9999.0 -9999.0 -9999.0 -9999.0 -9999.0 -9999.0 -9999.0 -9999.0 -9999.0 -9999.0 -9999.0 -9999.0 -9999.0 -9999.0 -9999.0 -9999.0 -9999.0 -9999.0 -9999.0 -9999.0 -9999.0 1548.513294 1554.572357 1555.561158 1545.571910 1534.641053 1522.265130 1502.317773 1484.852113 1470.799194 1468.790404 1471.747526 1476.439646 1498.779278 1524.057769 1544.191509
-9999.0 -9999.0 -9999.0 -9999.0 -9999.0 -9999.0 -9999.0 -9999.0 -9999.0 -9999.0 -9999.0 -9999.0 -9999.0 -9999.0 -9999.0 -9999.0 -9999.0 -9999.0 -9999.0 -9999.0 -9999.0 -9999.0 -9999.0 -9999.0 -9999.0 -9999.0 -9999.0 -9999.0 -9999.0 -9999.0 -9999.0 -9999.0 -9999.0 -9999.0 1455.214169 1472.670812 1490.977461 1509.740797 1526.851272 1533.961406 1539.899571 1545.730074 1541.745549 1537.507450 1526.410730 1507.045781 1487.938140 1474.758020 1473.348843 1471.295334 1475.773833 1488.633796 1505.789390 1522.033236 1543.262218
-9999.0 -9999.0 -9999.0 -9999.0 -9999.0 -9999.0 -9999.0 -9999.0 -9999.0 -9999.0 -9999.0 -9999.0 -9999.0 -9999.0 -9999.0 -9999.0 -9999.0 -9999.0 -9999.0 -9999.0 -9999.0 -9999.0 -9999.0 -9999.0 -9999.0 -9999.0 -9999.0 -9999.0 1458.365682 1452.689572 1448.077004 1446.973337 1446.042342 1445.349564 1452.369701 1464.423728 1482.479867 1504.647968 1518.081210 1525.666007 1532.700328 1533.659892 1528.739334 1527.229073 1528.019761 1516.348588 1504.896619 1494.205778 1483.879238 1482.289390 1492.100146 1506.721747 1523.409114 1538.658163 1554.502908
-9999.0 -9999.0 -9999.0 -9999.0 -9999.0 -9999.0 -9999.0 -9999.0 -9999.0 -9999.0 -9999.0 -9999.0 -9999.0 -9999.0 -9999.0 -9999.0 -9999.0 -9999.0 -9999.0 -9999.0 -9999.0 -9999.0 -9999.0 1427.248581 1432.996523 1439.858042 1447.765839 1449.078481 1445.548892 1440.382894 1437.886717 1436.874086 1435.457429 1440.391632 1448.534300 1462.310735 1478.369684 1500.788173 1509.706296 1515.673418 1528.050038 1531.500139 1538.278771 1542.743159 1541.422155 1538.632585 1525.845265 1516.305956 1520.921899 1526.677514 1533.945634 1542.502735 1556.407002 1571.769920 1588.973483
-9999.0 -9999.0 -9999.0 -9999.0 -9999.0 -9999.0 -9999.0 -9999.0 -9999.0 -9999.0 -9999.0 -9999.0 -9999.0 -9999.0 -9999.0 -9999.0 -9999.0 -9999.0 -9999.0 1401.443825 1402.621673 1404.220249 1409.306281 1410.300721 1412.684795 1420.010330 1428.554470 1431.517485 1430.098086 1429.270490 1431.239353 1434.427353 1439.349912 1450.899188 1465.062800 1479.637019 1493.668495 1514.956046 1530.072464 1543.752125 1559.989866 1560.103654 1556.682082 1555.375812 1556.175784 1556.334883 1559.301864 1561.437006 1568.092066 1572.127145 1578.148395 1587.907952 1600.035549 1618.274870 1637.924121
-9999.0 -9999.0 -9999.0 -9999.0 -9999.0 -9999.0 -9999.0 -9999.0 -9999.0 -9999.0 -9999.0 -9999.0 -9999.0 -9999.0 -9999.0 -9999.0 1372.019920 1374.067014 1376.626539 1382.354219 1385.800398 1390.172817 1397.542109 1399.284198 1403.409428 1411.004785 1416.268683 1425.706360 1434.351881 1442.120460 1448.581387 1451.726585 1459.449166 1469.475663 1481.724377 1497.093644 1518.677334 1542.364959 1558.958092 1576.235944 1593.845862 1594.952102 1594.208789 1595.605286 1596.047539 1601.540679 1618.599802 1624.108763 1624.057155 1639.149736 1652.995866 1657.995734 1666.004704 1685.709454 1709.390838
-9999.0 -9999.0 -9999.0 -9999.0 -9999.0 -9999.0 -9999.0 -9999.0 -9999.0 -9999.0 -9999.0 -9999.0 -9999.0 1324.221413 1328.542838 1338.580653 1348.718177 1351.723222 1356.566900 1363.200180 1375.822762 1379.926978 1386.591069 1394.582497 1407.187541 1416.356267 1425.977984 1438.336866 1447.197066 1454.911889 1462.340145 1467.849979 1481.213153 1496.686645 1512.634778 1533.112441 1555.618471 1576.168287 1596.610578 1613.112141 1626.859610 1628.239738 1627.829041 1630.640903 1638.057353 1654.634512 1673.312876 1680.682208 1697.188599 1719.999253 1733.117940 1744.212416 1752.763363 1766.726524 1788.350019
-9999.0 -9999.0 -9999.0 -9999.0 -9999.0 -9999.0 -9999.0 -9999.0 -9999.0 -9999.0 1291.897491 1294.228936 1291.047975 1290.548123 1296.149133 1308.688106 1323.002287 1329.759820 1341.907193 1363.428230 1381.953014 1385.925310 1400.778863 1411.611323 1418.990071 1429.960635 1443.640740 1456.874741 1473.952879 1486.863327 1498.428032 1517.823882 1534.763563 1551.856080 1570.142313 1591.073113 1610.651321 1638.610300 1665.756783 1678.278377 1699.883196 1709.555618 1707.057472 1707.312339 1716.864289 1732.254584 1752.466496 1774.525451 1795.951768 1820.951694 1837.197301 1851.726602 1862.609877 1875.022448 1891.167661
-9999.0 -9999.0 -9999.0 -9999.0 -9999.0 -9999.0 -9999.0 -9999.0 1266.841530 1274.554566 1280.796062 1278.052555 1273.914762 1269.930695 1284.270335 1300.441363 1316.907192 1335.184808 1351.631013 1370.425296 1386.029052 1402.593359 1423.185360 1435.398071 1447.551076 1463.538325 1477.807045 1495.161504 1517.003170 1529.426496 1545.681373 1567.383965 1586.112663 1604.654031 1624.044113 1642.620697 1668.417400 1701.838297 1733.713248 1755.565726 1783.568320 1805.801891 1804.644666 1806.820691 1811.103582 1836.596149 1865.586260 1896.184255 1920.507481 1947.378594 1976.925353 1995.581745 2006.471981 2019.258251 2034.657407
-9999.0 -9999.0 -9999.0 -9999.0 -9999.0 -9999.0 1238.955527 1263.416892 1278.753469 1270.990498 1260.476052 1256.854962 1252.735545 1278.202560 1300.712968 1318.494851 1335.923542 1354.150418 1371.303114 1384.035222 1417.630984 1436.600671 1451.285877 1469.191093 1484.659137 1500.141366 1518.234667 1542.037690 1563.806836 1592.671130 1617.269702 1640.469909 1667.002242 1687.058835 1706.308818 1724.367232 1755.489808 1792.757586 1829.432932 1857.814296 1884.926573 1916.322778 1922.494091 1927.941316 1934.358568 1956.264788 1988.582125 2019.058556 2052.715155 2084.808228 2112.273717 2124.496392 2135.138811 2146.647585 2160.344674
-9999.0 -9999.0 -9999.0 -9999.0 1205.382712 1226.423919 1246.392555 1277.198975 1299.948914 1295.330779 1301.916565 1302.039624 1300.128763 1304.733495 1312.556627 1331.067520 1350.445390 1370.190083 1388.070898 1422.187054 1467.757880 1483.334432 1507.146815 1539.611558 1553.829821 1569.931975 1587.096995 1610.593632 1636.514650 1669.496398 1711.884412 1748.029713 1773.585084 1796.434740 1817.894337 1839.414657 1874.122134 1912.071554 1949.089266 1983.116622 2012.795276 2039.114678 2050.996503 2058.760509 2070.625308 2087.475786 2109.416519 2137.149395 2169.154093 2201.429764 2226.377115 2239.416986 2247.170033 2257.953176 2268.117704
-9999.0 -9999.0 -9999.0 1154.834030 1193.735432 1232.137879 1259.129978 1290.217459 1322.767348 1326.873745 1336.270259 1340.665490 1344.830150 1353.312843 1361.384024 1379.024603 1396.345304 1413.898383 1436.753676 1473.792474 1508.609203 1536.975372 1569.197006 1594.868920 1615.147509 1631.585676 1651.218352 1675.388085 1715.240765 1751.762986 1801.519534 1854.460969 1890.668117 1914.557315 1937.332281 1965.067871 1990.485792 2027.580288 2062.676462 2095.995208 2127.938051 2152.630880 2170.894631 2178.372462 2188.318696 2196.697219 2212.459768 2234.090873 2256.286607 2285.660716 2314.402765 2340.455765 2355.091350 2365.628394 2382.064157
-9999.0 -9999.0 1107.294041 1145.567884 1179.253980 1228.978148 1282.251767 1317.175043 1358.190170 1381.512439 1388.114503 1404.417173 1419.917081 1426.494399 1441.286983 1458.216056 1477.557033 1485.703550 1504.291201 1532.823398 1581.019343 1625.162645 1642.330231 1691.761158 1725.515953 1755.273430 1774.829126 1802.418781 1838.973222 1879.366891 1927.229896 1977.228019 2015.046722 2045.868652 2062.738531 2082.720757 2105.232765 2130.213506 2165.059319 2193.645249 2225.911848 2252.254024 2273.939921 2279.963800 2284.865757 2300.921035 2326.227186 2353.451167 2378.960898 2403.740166 2403.828952 2418.312505 2425.277084 2429.524443 2435.512900
-9999.0 -9999.0 1079.831912 1125.198665 1164.494423 1229.470564 1310.941678 1347.970512 1390.825175 1437.182629 1455.470925 1479.893961 1488.817385 1494.899505 1517.754158 1539.211360 1553.993812 1561.967986 1561.772060 1617.655168 1675.812230 1722.125147 1762.039819 1831.794459 1879.649654 1899.192831 1913.896688 1935.452419 1959.746322 2002.113690 2047.901216 2100.884819 2144.190416 2175.157641 2191.382130 2210.303711 2230.611501 2248.091694 2267.585603 2308.633373 2338.352289 2365.631817 2393.825208 2414.542475 2423.112021 2427.207518 2414.064989 2426.101493 2434.447009 2438.439162 2440.246779 2437.358171 2437.191117 2438.301885 2439.577144
-9999.0 989.917676 1042.229280 1095.010348 1163.205904 1229.584070 1311.479062 1390.887005 1450.280854 1499.146744 1528.159825 1537.219881 1566.924272 1606.241482 1631.338972 1656.602137 1661.155436 1668.528333 1658.399773 1708.927375 1757.198363 1827.397359 1935.240278 1993.160247 2042.816840 2045.486529 2040.974718 2053.123192 2075.985898 2120.263211 2189.646955 2238.790639 2294.471532 2336.811363 2352.809445 2360.225674 2378.251976 2398.481797 2378.516382 2405.702987 2418.900722 2430.006385 2434.758058 2437.307823 2439.034764 2439.678354 2436.876629 2430.817989 2423.320887 2417.948720 2414.017011 2409.573881 2411.992089 2415.210137 2415.743775
-9999.0 953.842548 1012.959392 1083.980527 1154.546623 1218.545213 1318.177513 1466.326104 1522.405170 1560.570731 1580.662899 1594.295297 1668.002430 1732.736004 1765.265400 1810.242119 1804.131617 1794.458218 1778.266258 1811.052815 1859.645932 1933.937754 2082.053940 2168.263752 2203.071976 2215.722145 2223.455135 2251.563061 2290.491078 2329.802876 2365.944800 2360.359752 2392.129687 2408.652149 2413.907836 2416.371408 2421.293822 2422.133361 2421.377779 2418.752610 2415.228486 2416.523833 2421.560389 2422.112800 2419.863976 2417.091134 2411.672526 2404.142635 2398.506323 2393.587539 2390.493545 2387.138169 2385.064305 2384.508106 2379.650474
-9999.0 921.957690 994.016452 1056.669627 1118.109677 1228.198089 1355.479917 1493.138261 1587.249677 1624.966980 1639.771500 1702.216112 1802.686811 1900.024735 1951.743657 1976.959761 1975.779625 1951.477914 1952.253939 1998.355240 2065.758073 2164.239630 2266.552560 2349.563481 2366.017976 2372.429554 2349.028605 2366.993412 2383.606400 2388.173741 2391.526690 2397.751982 2404.732106 2409.248065 2409.505194 2408.058807 2404.580590 2397.694837 2393.713576 2391.180425 2388.415078 2388.425141 2391.339902 2392.939657 2390.478286 2386.579129 2381.803818 2375.666829 2368.841351 2361.562748 2356.880599 2352.172783 2349.380890 2343.748007 2338.917115
-9999.0 817.509425 907.613086 959.846997 1066.568040 1244.099459 1371.795181 1520.313652 1670.556109 1706.565166 1775.890760 1898.962078 2006.060640 2080.521586 2118.615486 2158.984024 2188.116049 2211.756004 2248.922899 2194.320756 2257.685808 2325.416459 2357.348080 2374.184210 2381.082493 2385.269001 2379.832894 2362.954890 2354.919248 2350.446074 2354.086262 2363.040777 2369.773777 2376.289913 2375.205539 2376.651667 2377.498440 2374.518751 2371.053156 2363.149956 2355.892279 2350.234136 2348.257096 2353.334495 2348.405033 2345.159854 2338.723752 2330.028694 2320.453622 2312.186854 2303.773921 2296.415620 2293.028335 2286.847142 2284.533137
-9999.0 736.670094 812.737147 896.163510 1028.999611 1193.610263 1316.921190 1482.792688 1697.714834 1818.160319 1950.036524 2025.619357 2097.653979 2154.103742 2213.413595 2261.225871 2287.597495 2300.113000 2288.501741 2304.794083 2274.623968 2270.836603 2292.010298 2322.199262 2339.311966 2346.083098 2340.342938 2332.319326 2327.076656 2327.644658 2327.565914 2326.648055 2325.340742 2323.625913 2321.105750 2323.642669 2328.506529 2322.249412 2313.175693 2304.764243 2297.197276 2288.756627 2283.136032 2279.288437 2278.259123 2277.764145 2269.854532 2259.044533 2247.986988 2239.234486 2231.057580 2225.031600 2221.659359 2215.840377 2206.574536
-9999.0 633.738865 757.491381 848.118390 964.679741 1100.444552 1222.968514 1384.926979 1530.376744 1754.954632 1908.852198 2032.816046 2076.017792 2136.578587 2193.045766 2261.299486 2265.415837 2238.747424 2207.403408 2196.010337 2206.279393 2219.068559 2234.040805 2254.927859 2274.675450 2286.428622 2291.006615 2285.476220 2273.133879 2264.145595 2257.253376 2247.279444 2240.249737 2239.166781 2240.957167 2248.821217 2250.573165 2241.467736 2228.342115 2211.786432 2197.384420 2186.464880 2183.640783 2185.077182 2185.030487 2180.976041 2174.046282 2163.129492 2150.265427 2137.956788 2130.458378 2124.686022 2116.991480 2105.972694 2093.801221
-9999.0 -9999.0 680.114557 790.847819 896.379711 1017.309802 1127.973831 1266.840490 1415.654597 1595.038622 1712.296944 1852.555985 1929.552988 1974.858132 2020.945310 2075.983012 2097.437411 2121.256560 2110.069802 2119.003831 2129.204192 2137.715107 2148.703170 2160.951834 2175.314310 2186.788471 2196.390570 2195.293413 2187.311216 2170.266757 2149.440326 2133.431781 2124.595630 2117.335925 2127.260747 2138.706915 2135.017757 2128.220264 2116.073404 2100.120421 2087.139468 2073.227599 2069.324946 2069.224661 2069.065947 2065.935368 2061.549807 2048.510759 2035.467552 2023.745677 2018.133548 2011.602577 2006.068265 1994.956055 1983.070957
-9999.0 -9999.0 594.981526 702.993933 815.339967 937.956096 1035.514805 1098.761273 1248.249998 1362.136592 1467.151456 1567.898621 1652.853093 1716.792687 1757.879320 1818.921205 1863.784259 1881.559964 1907.854110 1944.996140 1974.637125 2006.832524 2027.960823 2041.540967 2056.557167 2071.293061 2080.684399 2069.201598 2059.102024 2043.238543 2022.238000 1998.907044 1986.903393 1984.184831 1985.574893 1989.633572 1983.371271 1973.944939 1959.653755 1944.520644 1931.706601 1920.871152 1916.672618 1912.454918 1910.527725 1907.322579 1904.157620 1896.146385 1885.422071 1878.257933 1869.665860 1863.864032 1860.923482 1854.731290 1846.058299
