tests/Borden05m/data_simulated/sim_1/output-maps/psiliqL0024N0006.asc
ncols         160
nrows         34
xllcorner     620200.000000
yllcorner     5168000.000000
cellsize      0.500000
NODATA_value  -9999.0
[rows 0 to 24 of 34, columns 55 to 109 of 160]
-9999.0 -9999.0 -9999.0 -9999.0 -9999.0 -9999.0 -9999.0 -9999.0 -9999.0 -9999.0 -9999.0 -9999.0 -9999.0 -9999.0 -9999.0 -9999.0 -9999.0 -9999.0 -9999.0 -9999.0 -9999.0 -9999.0 -9999.0 -9999.0 -9999.0 -9999.0 -9999.0 -9999.0 -9999.0 -9999.0 -9999.0 -9999.0 -9999.0 -9999.0 -9999.0 -9999.0 -9999.0 -9999.0 -9999.0 -9999.0 -9999.0 -9999.0 -9999.0 -9999.0 -9999.0 -9999.0 -9999.0 -9999.0 -9999.0 -9999.0 -9999.0 -9999.0 -9999.0 -9999.0 -9999.0
-9999.0 -9999.0 -9999.0 -9999.0 2998.928276 2993.588716 2988.726969 2984.164575 2978.339217 2969.059437 2961.115835 2956.959978 2955.825521 2954.981811 2954.372347 2959.272837 2967.293223 2974.878324 2981.729788 2980.784007 2983.022553 2984.868311 2985.077311 2983.867068 2980.634356 2980.763695 2977.380503 2975.693517 2968.222071 2957.056146 2948.671136 2945.969795 2950.175916 2954.528785 2956.992469 2962.265563 2972.688370 2983.274777 2988.293969 3000.658477 3007.519074 3012.870717 3015.570008 3011.630084 3008.389282 3004.511554 2998.638987 2987.588282 -9999.0 -9999.0 -9999.0 -9999.0 -9999.0 -9999.0 -9999.0
2946.504205 2964.892135 2982.868031 2985.958097 2977.159563 2972.131632 2968.965629 2967.226731 2962.866743 2954.324373 2949.158230 2943.656259 2941.088855 2941.060706 2940.929649 2944.620784 2955.248627 2963.026236 2967.573402 2970.147339 2972.905715 2971.477140 2970.687973 2970.403271 2967.462627 2963.949587 2960.531961 2958.661150 2959.942059 2952.334333 2946.403018 2942.564591 2939.790191 2942.478079 2945.131702 2949.536437 2958.744987 2966.677841 2974.630222 2985.981848 2998.963143 3004.642240 3002.174453 2997.610012 2993.948070 2986.787193 2979.493279 2969.517059 2961.198653 2954.996665 2949.653309 2943.383259 2949.774798 2957.484867 2966.915751
2929.834310 2948.927384 2969.248920 2971.804506 2961.436777 2953.603249 2947.015091 2947.451387 2950.763132 2947.441475 2942.596509 2935.164749 2944.863242 2945.826615 2946.522125 2949.660635 2951.678547 2956.438284 2958.843011 2964.110358 2972.994055 2975.708592 2976.086404 2976.079026 2974.056163 2970.762500 2968.771726 2965.935648 2960.629072 2958.899056 2958.606561 2957.442748 2961.625498 2963.027136 2965.866179 2960.220725 2964.522280 2970.764620 2977.613751 2983.276868 2985.514539 2988.271807 2985.080600 2985.622525 2981.087689 2967.533753 2957.665128 2950.138337 2950.112128 2947.183012 2939.328980 2925.819953 2933.994728 2950.063564 2954.856138
2934.027941 2942.862598 2953.476495 2955.958837 2950.862237 2952.881191 2954.575798 2955.755873 2953.863913 2950.320482 2946.202696 2956.797922 2965.003645 2966.313661 2968.710883 2972.541951 2973.248491 2962.190543 2960.034597 2967.353483 2976.861984 2981.987774 2982.077245 2981.666187 2978.152486 2976.943121 2976.645234 2974.730049 2974.345829 2975.968804 2973.840296 2976.985859 2982.412097 2981.087559 2980.062285 2971.612418 2973.673530 2982.016111 2986.451545 2993.982487 3004.222659 3015.165451 3015.365214 3010.837290 3002.498346 2990.149695 2971.847597 2954.201259 2943.326791 2935.538025 2928.372104 2930.976995 2926.595630 2940.086743 2941.914575
2921.102816 2941.056425 2960.977114 2966.991439 2960.903483 2956.886688 2955.337390 2955.894793 2954.991472 2955.707519 2964.829023 2976.686646 2983.666730 2985.456353 2987.171568 2985.932197 2982.937431 2972.624326 2969.728017 2983.068928 2994.529034 3002.213493 3001.750885 2997.840164 3001.390237 3001.191128 3001.278416 2997.624321 2998.467408 2996.562939 3002.574441 3010.173778 3017.956279 3016.448749 3004.227197 2992.082597 2991.846256 2996.954213 3003.334012 3010.772442 3021.014233 3030.330439 3025.645162 3020.400203 3012.887824 2987.198498 2968.867517 2954.556089 2954.857578 2955.645427 2951.399281 2949.330147 2948.181132 2943.751965 2943.965715
2957.662154 2976.893399 2992.456244 3005.479496 2999.152826 2991.405369 2982.527733 2982.576272 2983.142338 2989.049065 2999.511549 3012.637782 3034.276849 3033.976412 3034.605449 3033.729824 3021.064756 3007.921833 2997.700586 3018.977857 3029.669194 3036.906682 3034.851596 3040.541453 3049.243610 3045.446692 3038.846141 3027.022105 3032.654579 3039.854907 3054.890722 3062.575428 3067.593996 3063.538960 3050.126208 3043.568733 3044.679046 3050.535529 3051.239331 3059.328889 3068.407705 3083.457392 3082.432790 3078.493502 3058.528447 3021.920491 2992.395622 2984.256422 2989.764961 2984.228926 2982.857166 2982.387961 2971.045305 2963.444294 2965.873262
2986.651403 3000.313626 3016.413447 3032.870572 3024.375337 3013.940218 2997.756976 2994.818835 2999.249343 3009.106381 3026.507888 3044.876758 3065.053379 3064.945243 3059.664103 3069.089815 3062.108254 3051.442204 3043.750982 3063.435631 3073.703558 3084.005474 3090.219794 3102.738688 3113.228081 3097.752151 3081.463853 3071.842978 3078.509307 3103.062140 3124.552257 3129.340221 3128.727604 3128.684830 3114.420235 3109.357249 3105.495534 3105.044093 3102.005671 3099.889112 3124.169073 3145.019565 3144.764970 3123.257488 3100.677759 3062.053531 3024.758828 2999.736980 3010.888745 3008.016449 3011.080760 3000.611792 2988.702858 2980.556024 2982.297912
3038.869512 3061.159133 3077.814115 3099.148565 3091.336779 3069.072879 3054.130517 3056.799444 3069.899791 3077.517919 3095.163501 3113.018105 3139.392582 3152.630027 3164.812517 3168.187998 3161.289937 3152.636207 3140.418838 3144.466765 3167.159973 3178.237105 3186.802468 3195.455632 3207.964980 3209.074786 3202.803986 3201.140268 3205.272552 3217.683708 3231.212178 3237.897352 3241.285804 3244.344018 3232.649117 3220.230080 3217.589698 3211.697430 3209.693889 3208.744925 3218.936072 3238.132161 3235.300986 3200.716131 3174.231529 3140.545407 3102.853038 3073.684297 3066.249254 3083.655118 3080.579409 3064.528342 3053.129119 3026.295906 3019.958751
3109.711203 3142.571902 3166.987284 3177.093938 3185.087881 3171.598147 3169.831133 3173.710559 3181.650468 3184.802127 3191.180616 3223.262813 3256.882029 3282.230467 3304.953860 3312.160039 3300.084104 3290.261429 3276.951296 3268.020133 3277.938964 3294.650596 3312.057489 3326.998918 3338.244556 3340.528752 3338.993641 3339.068870 3341.981946 3344.946971 3349.026458 3357.110952 3364.663455 3373.473005 3381.929605 3372.216925 3355.364183 3345.714029 3336.089325 3334.772355 3335.848710 3339.005999 3340.069542 3324.901748 3284.779003 3253.991911 3222.292985 3201.757883 3187.825944 3186.023547 3168.565774 3144.998717 3095.002355 3057.849122 3026.605336
3196.218423 3239.305263 3268.357946 3286.141088 3298.906333 3296.514325 3298.215029 3299.262126 3303.094432 3305.668681 3308.825721 3334.809389 3375.551026 3414.390271 3445.236688 3445.538591 3432.319086 3421.067018 3411.747664 3397.854543 3393.963569 3405.895565 3420.684823 3440.362794 3450.893371 3457.441845 3454.483006 3454.723147 3456.332674 3458.621139 3460.705448 3464.107262 3473.398772 3488.040195 3502.115719 3501.519510 3483.344667 3465.562930 3449.433386 3446.411759 3443.581922 3438.643714 3440.815616 3442.680004 3428.122690 3397.897086 3358.923705 3318.593853 3300.901870 3285.307796 3274.486060 3258.076005 3220.068552 3156.644429 3119.021258
3310.736750 3343.675913 3372.453201 3402.499435 3417.644672 3420.417091 3418.093216 3417.179040 3424.100657 3427.155982 3433.253933 3449.686754 3480.663181 3515.193988 3544.408392 3559.951091 3552.594140 3535.264653 3513.646103 3504.369967 3501.638600 3505.046771 3514.199312 3526.476304 3545.499291 3564.484864 3570.204746 3571.068116 3568.414578 3570.790603 3572.298618 3572.405034 3575.108479 3583.183619 3592.744810 3596.031690 3588.605941 3568.155393 3545.097580 3533.430060 3526.731067 3523.248258 3523.963350 3528.739426 3531.631757 3517.311704 3482.663667 3439.199777 3409.078251 3393.339232 3380.416269 3366.713931 3354.725218 3323.854513 3303.591751
3418.883478 3433.778005 3461.507077 3489.892270 3512.571047 3527.348145 3528.050778 3531.278903 3535.966134 3543.489105 3558.528987 3581.307063 3599.757093 3621.721128 3647.703041 3663.539064 3668.811610 3667.335156 3663.554291 3664.808408 3665.141620 3605.691633 3611.653360 3617.591207 3633.773786 3648.493159 3653.794993 3654.398672 3651.990142 3653.751931 3654.476409 3654.393280 3654.023768 3656.129839 3660.935894 3662.772751 3660.501933 3648.439752 3665.286694 3645.575100 3632.285780 3624.171213 3616.010716 3607.771753 3598.387506 3588.599494 3569.043036 3538.729895 3504.672321 3482.777276 3474.661119 3468.683471 3460.588889 3455.107863 3438.512068
3517.063840 3527.611932 3545.445186 3567.807343 3601.004423 3623.907295 3635.144341 3644.314652 3648.945588 3662.669668 3678.953600 3663.920568 3671.810412 3679.974941 3688.087262 3690.873102 3691.670752 3691.302695 3688.929127 3688.193375 3685.846596 3682.272388 3671.909842 3673.508167 3675.414694 3678.022210 3681.732956 3680.607691 3681.699442 3684.647934 3682.913121 3676.927670 3672.900818 3671.327663 3672.275373 3679.674957 3683.127179 3684.068734 3680.915838 3680.006972 3679.060962 3675.831357 3671.799258 3666.115185 3658.844137 3672.634841 3660.812949 3633.315308 3593.885390 3553.463167 3545.338322 3546.663648 3546.725149 3545.184552 3539.674312
3639.809371 3653.250139 3667.801250 3647.296223 3668.511917 3679.369293 3684.446012 3688.411008 3691.166649 3694.107461 3691.078921 3688.037309 3683.180871 3681.651489 3680.312361 3677.886404 3678.522019 3676.636993 3672.598818 3668.620422 3660.816295 3649.349588 3638.175856 3634.714483 3639.044824 3644.607938 3649.682971 3654.015425 3657.699068 3657.805175 3652.411049 3644.051373 3636.560287 3634.882515 3641.715475 3647.435781 3653.838748 3654.694683 3653.305524 3650.861932 3650.658890 3647.465374 3647.700772 3654.711594 3669.307603 3672.303325 3677.908098 3677.109928 3661.300688 3632.673503 3642.529485 3622.714490 3628.559340 3624.038517 3612.783455
3682.522432 3685.153856 3683.605392 3682.447500 3676.120927 3670.106795 3669.345524 3673.355897 3680.386319 3681.481011 3674.464415 3665.951298 3658.786952 3651.459201 3649.162898 3648.559697 3648.291122 3648.775300 3643.511178 3634.373841 3617.566997 3606.032262 3594.985582 3589.058895 3585.455992 3589.051913 3600.155061 3612.081420 3617.079504 3608.033389 3599.684136 3587.997219 3579.946586 3580.378194 3581.520668 3590.961307 3607.512832 3614.765594 3615.536497 3609.184379 3602.867286 3596.268978 3593.277650 3599.707049 3614.920362 3631.491640 3646.876915 3655.899317 3663.556951 3670.592900 3669.473609 3672.076783 3673.509182 3671.486828 3674.132769
3676.771647 3669.849554 3662.938859 3657.699054 3651.279902 3645.984066 3644.196141 3646.154912 3648.214647 3644.233648 3637.885263 3627.950590 3617.024655 3607.408710 3599.994583 3601.038710 3603.413088 3605.047634 3597.906455 3582.722336 3565.057240 3551.667381 3537.877265 3533.988431 3528.232239 3520.925395 3531.079999 3550.545779 3557.812880 3541.996798 3531.235130 3516.167108 3509.535096 3505.627013 3506.465075 3515.405297 3537.609131 3561.222744 3563.200102 3552.343754 3541.563283 3536.791431 3533.582130 3538.286323 3555.016033 3575.620584 3591.485012 3601.755961 3607.054783 3614.811512 3624.159950 3638.192771 3652.803229 3664.979919 3669.980628
3651.884340 3644.172720 3636.571660 3629.028875 3622.205588 3616.095164 3611.887974 3609.983959 3606.249090 3600.260819 3593.352074 3573.417545 3561.170203 3548.512453 3533.880896 3530.174533 3525.683182 3526.933234 3515.600594 3507.542846 3491.032416 3475.819297 3460.335283 3447.360515 3441.702371 3435.143847 3434.004313 3447.639969 3456.119357 3446.321097 3436.613748 3425.813653 3421.172551 3417.822960 3420.234851 3430.623389 3450.329506 3468.606479 3476.828056 3469.379914 3467.668448 3467.379575 3465.736872 3471.848634 3482.797513 3500.714301 3522.769337 3541.275788 3550.964373 3557.789150 3566.961922 3581.265990 3595.246734 3609.441778 3627.239194
3621.586111 3612.396883 3602.611227 3593.054793 3582.726467 3572.334094 3566.015650 3568.672498 3562.762862 3557.245762 3535.414439 3481.399958 3460.845323 3442.278543 3426.403035 3420.010678 3411.904320 3396.691386 3388.189522 3383.699804 3385.265214 3371.353826 3354.083000 3336.687986 3331.887183 3328.386711 3311.806287 3308.004892 3308.776945 3324.049878 3317.926553 3316.326005 3317.913543 3315.515556 3316.929424 3329.695549 3337.663336 3343.402415 3350.004581 3354.186064 3364.266254 3371.950435 3381.447961 3398.206383 3409.011867 3424.211422 3444.311297 3469.458580 3484.462466 3493.725814 3503.934203 3519.015566 3535.001549 3552.495062 3574.672647
3587.298759 3571.166231 3556.866648 3542.813574 3530.357305 3517.793669 3502.481443 3504.503441 3502.498208 3492.670450 3439.318780 3398.833813 3365.558662 3348.696726 3325.613268 3312.631348 3297.041570 3259.959322 3243.109108 3242.528600 3256.888047 3253.183321 3238.016064 3226.198350 3217.078351 3208.077322 3190.858144 3172.927023 3178.947936 3196.984960 3197.591795 3200.610454 3208.211572 3207.595833 3201.080692 3198.858420 3210.913306 3216.403792 3227.290608 3244.261130 3248.869469 3264.459517 3297.256389 3309.762033 3324.368467 3342.414903 3362.457946 3384.098413 3406.037767 3419.625576 3434.371075 3452.458790 3468.784272 3488.779244 3511.091642
3537.339661 3506.890855 3486.262181 3469.307842 3450.705987 3424.675462 3405.032593 3403.150951 3397.314998 3369.465042 3318.205348 3282.833863 3259.559383 3238.334087 3215.853422 3193.048226 3157.478853 3123.545174 3102.331406 3117.758712 3129.062463 3140.258385 3129.007051 3118.412950 3109.060891 3091.551381 3075.018748 3059.057740 3069.983455 3078.650644 3096.968217 3103.634609 3107.521390 3113.150405 3111.640148 3101.144153 3096.488539 3104.334433 3113.916863 3125.443939 3146.048829 3180.164763 3204.315325 3221.871992 3241.702017 3259.820619 3280.599850 3302.935203 3324.945104 3341.236619 3358.948767 3376.881127 3397.172492 3415.908281 3438.401229
3458.956236 3431.266044 3405.453945 3382.920258 3352.242828 3307.122182 3293.299785 3284.956800 3264.329534 3218.368476 3177.451500 3157.042355 3144.158613 3121.687420 3101.352554 3073.396636 3040.448448 3019.233656 2999.349774 3010.025175 3020.592387 3040.556208 3032.028518 3025.340634 3022.498555 3007.490270 2994.415725 2978.262423 2984.718517 2996.786874 3019.899850 3025.778232 3029.843978 3039.038902 3038.175530 3033.502222 3016.225887 3022.768064 3033.160413 3047.234934 3077.532712 3099.633205 3121.494911 3142.459957 3161.099904 3181.410338 3202.888331 3225.089558 3250.499966 3269.180937 3287.347841 3308.059214 3326.568296 3340.551744 3356.501471
3352.628478 3329.197086 3310.150745 3286.774709 3245.245605 3202.304958 3163.324755 3138.188280 3087.812892 3054.061197 3033.844778 3032.854081 3021.372991 3002.583789 2984.719828 2972.318933 2951.115984 2932.881547 2908.534488 2914.384157 2930.474609 2947.760319 2949.091189 2950.169807 2948.949586 2939.858742 2926.629945 2913.164924 2916.978978 2934.019981 2951.961712 2961.895694 2969.544368 2977.229056 2976.877567 2967.310199 2957.138262 2961.649770 2976.509119 2986.862649 3003.820348 3023.731278 3043.618017 3063.054829 3084.522570 3106.129228 3127.990048 3151.751317 3176.964808 3197.046171 3219.561931 3242.830958 3258.562359 3266.617115 3273.943936
3251.886700 3233.307598 3211.024340 3184.582740 3144.307086 3105.679825 3065.971678 3020.487461 2988.794725 2967.564354 2961.277037 2946.920904 2934.642674 2921.219310 2902.095879 2886.889171 2872.978645 2852.596479 2842.962983 2850.739243 2864.639591 2873.326567 2880.343171 2878.598745 2876.611052 2871.225326 2857.560744 2853.302694 2863.320941 2878.520863 2892.231002 2903.694762 2910.514215 2915.561957 2912.388437 2903.067792 2899.753714 2907.602556 2922.633827 2935.465754 2949.636896 2969.368633 2983.825531 3004.055562 3025.125112 3045.803843 3068.854371 3092.612652 3117.204303 3142.829328 3163.913236 3181.014664 3188.626412 3196.913646 3195.855851
3131.420882 3120.692102 3096.117468 3069.084233 3040.988419 3009.103107 2986.055123 2962.013227 2933.490528 2906.036489 2881.628168 2870.447556 2865.411907 2854.334768 2838.554007 2828.437611 2813.897128 2804.441065 2810.970238 2812.807315 2821.396022 2820.030590 2821.346489 2819.263417 2818.969972 2816.965261 2810.906716 2822.693852 2828.914910 2842.307363 2852.288072 2861.902086 2867.575361 2871.001320 2871.904554 2867.394829 2872.873555 2878.589771 2891.772069 2902.312847 2915.097408 2934.093661 2949.772325 2967.418590 2984.210134 3005.503671 3027.623181 3051.578167 3077.830266 3100.757825 3116.994463 3122.355994 3130.093085 3130.308570 3118.093353
