tests/Borden05m/data_simulated/sim_1/output-maps/psiliqL0011N0007.asc
ncols         160
nrows         34
xllcorner     620200.000000
yllcorner     5168000.000000
cellsize      0.500000
NODATA_value  -9999.0
[rows 0 to 24 of 34, columns 0 to 56 of 160]
-9999.0 -9999.0 -9999.0 -9999.0 -9999.0 -9999.0 -9999.0 -9999.0 -9999.0 -9999.0 -9999.0 -9999.0 -9999.0 -9999.0 -9999.0 -9999.0 -9999.0 -9999.0 -9999.0 -9999.0 -9999.0 -9999.0 -9999.0 -9999.0 -9999.0 -9999.0 -9999.0 -9999.0 -9999.0 -9999.0 -9999.0 -9999.0 -9999.0 -9999.0 -9999.0 -9999.0 -9999.0 -9999.0 -9999.0 -9999.0 -9999.0 -9999.0 -9999.0 -9999.0 -9999.0 -9999.0 -9999.0 -9999.0 -9999.0 -9999.0 -9999.0 -9999.0 -9999.0 -9999.0 -9999.0 -9999.0 -9999.0
-9999.0 -9999.0 -9999.0 -9999.0 -9999.0 -9999.0 -9999.0 -9999.0 -9999.0 -9999.0 -9999.0 -9999.0 -9999.0 -9999.0 -9999.0 -9999.0 -9999.0 -9999.0 -9999.0 -9999.0 -9999.0 -9999.0 -9999.0 -9999.0 -9999.0 -9999.0 -9999.0 -9999.0 -9999.0 -9999.0 -9999.0 -9999.0 -9999.0 -9999.0 -9999.0 -9999.0 -9999.0 -9999.0 -9999.0 -9999.0 -9999.0 -9999.0 -9999.0 -9999.0 -9999.0 -9999.0 -9999.0 -9999.0 -9999.0 -9999.0 -9999.0 -9999.0 -9999.0 -9999.0 -9999.0 -9999.0 -9999.0
-9999.0 -9999.0 -9999.0 -9999.0 -9999.0 -9999.0 -9999.0 -9999.0 -9999.0 -9999.0 -9999.0 -9999.0 -9999.0 -9999.0 -9999.0 -9999.0 -9999.0 -9999.0 -9999.0 -9999.0 -9999.0 -9999.0 -9999.0 -9999.0 -9999.0 -9999.0 -9999.0 -9999.0 -9999.0 -9999.0 -9999.0 -9999.0 -9999.0 -9999.0 -9999.0 -9999.0 -9999.0 -9999.0 -9999.0 -9999.0 -9999.0 -9999.0 -9999.0 -9999.0 -9999.0 -9999.0 -9999.0 289.525163 272.140287 256.027017 254.088977 276.872422 300.383753 324.254481 344.914025 363.648897 382.680760
-9999.0 -9999.0 -9999.0 -9999.0 -9999.0 -9999.0 -9999.0 -9999.0 -9999.0 -9999.0 -9999.0 -9999.0 -9999.0 -9999.0 -9999.0 -9999.0 -9999.0 -9999.0 -9999.0 -9999.0 -9999.0 -9999.0 -9999.0 -9999.0 -9999.0 -9999.0 -9999.0 -9999.0 -9999.0 -9999.0 -9999.0 -9999.0 -9999.0 -9999.0 -9999.0 -9999.0 -9999.0 -9999.0 -9999.0 -9999.0 337.106301 343.023234 344.458266 333.856925 322.636217 310.625050 290.675297 272.819809 257.648721 255.024265 257.760955 263.298444 286.275386 310.917497 330.650186 347.986143 367.290613
-9999.0 -9999.0 -9999.0 -9999.0 -9999.0 -9999.0 -9999.0 -9999.0 -9999.0 -9999.0 -9999.0 -9999.0 -9999.0 -9999.0 -9999.0 -9999.0 -9999.0 -9999.0 -9999.0 -9999.0 -9999.0 -9999.0 -9999.0 -9999.0 -9999.0 -9999.0 -9999.0 -9999.0 -9999.0 -9999.0 -9999.0 -9999.0 -9999.0 -9999.0 244.456861 262.033285 280.223981 298.681209 315.436284 322.211353 328.125085 333.962414 329.968173 325.304015 314.032181 295.220180 275.649150 261.646327 259.337788 256.913579 261.418304 274.607776 291.551310 308.082775 329.229759 352.756863 362.157103
-9999.0 -9999.0 -9999.0 -9999.0 -9999.0 -9999.0 -9999.0 -9999.0 -9999.0 -9999.0 -9999.0 -9999.0 -9999.0 -9999.0 -9999.0 -9999.0 -9999.0 -9999.0 -9999.0 -9999.0 -9999.0 -9999.0 -9999.0 -9999.0 -9999.0 -9999.0 -9999.0 -9999.0 248.590915 242.693184 237.613035 236.151558 234.898446 233.801324 240.773560 253.086025 271.392497 293.109084 306.112800 313.417399 320.109858 320.991952 316.182038 314.195735 314.550079 302.904195 291.361003 280.576594 270.233180 269.062975 278.867219 293.107364 309.490635 324.591527 340.259373 352.426208 369.153930
-9999.0 -9999.0 -9999.0 -9999.0 -9999.0 -9999.0 -9999.0 -9999.0 -9999.0 -9999.0 -9999.0 -9999.0 -9999.0 -9999.0 -9999.0 -9999.0 -9999.0 -9999.0 -9999.0 -9999.0 -9999.0 -9999.0 -9999.0 218.959401 224.904599 231.428891 238.850640 239.768375 235.597455 229.975839 226.900387 225.416305 223.849336 228.373043 236.742883 250.544700 266.605436 288.537606 297.334282 303.898938 316.419021 319.065907 324.455547 328.646764 327.054164 324.496598 312.517073 303.746828 309.465286 315.845168 322.802047 330.897881 344.487872 360.432743 378.493708 399.491955 421.625237
-9999.0 -9999.0 -9999.0 -9999.0 -9999.0 -9999.0 -9999.0 -9999.0 -9999.0 -9999.0 -9999.0 -9999.0 -9999.0 -9999.0 -9999.0 -9999.0 -9999.0 -9999.0 -9999.0 194.052048 194.903227 195.971908 200.585986 201.486778 203.693972 210.718692 218.897359 221.149229 219.553283 218.059649 219.673490 222.463593 226.861380 238.443032 252.497293 266.927728 281.255747 302.448164 317.536929 331.637229 348.010747 347.245230 343.266998 341.546503 342.349053 343.197065 348.827933 352.660663 359.297523 365.319103 372.721156 382.497253 394.299051 413.439292 434.483640 455.754351 475.746859
-9999.0 -9999.0 -9999.0 -9999.0 -9999.0 -9999.0 -9999.0 -9999.0 -9999.0 -9999.0 -9999.0 -9999.0 -9999.0 -9999.0 -9999.0 -9999.0 165.643129 167.468974 169.582055 174.910171 177.545916 181.496546 188.381986 189.523632 193.369692 200.530742 205.547739 214.277429 222.311695 229.778295 235.898639 238.798449 246.671653 256.653039 268.937965 284.872680 307.094560 330.490331 347.311562 364.588679 382.024987 382.984604 382.360330 384.046050 385.418233 393.509419 412.410846 419.659371 423.461231 442.678198 458.287022 464.870101 473.600940 493.546347 519.080142 546.315050 579.537125
-9999.0 -9999.0 -9999.0 -9999.0 -9999.0 -9999.0 -9999.0 -9999.0 -9999.0 -9999.0 -9999.0 -9999.0 -9999.0 120.469380 124.613718 133.931448 142.533727 144.857506 148.899273 154.723384 166.890086 170.461781 176.713671 184.365881 196.030356 204.679776 214.026179 226.017221 234.702971 242.211807 249.645556 256.247191 270.266707 286.181151 302.712067 323.711667 346.307369 368.048974 389.837718 406.256451 421.226409 425.024972 424.585525 427.690408 437.051076 456.544445 477.614404 490.973136 513.941360 540.461471 557.282884 572.086262 583.096395 598.276264 622.211888 661.834810 703.465727
-9999.0 -9999.0 -9999.0 -9999.0 -9999.0 -9999.0 -9999.0 -9999.0 -9999.0 -9999.0 86.214419 88.693420 85.254479 85.609502 90.423303 102.373695 115.751482 122.520256 133.878276 154.572451 171.996828 175.572037 190.379086 200.562574 207.382041 218.242010 231.692397 245.019638 262.621330 275.814169 288.719576 309.715189 327.067260 344.495666 363.297504 384.514356 406.464778 437.564738 466.712373 482.356209 507.653953 522.281997 521.180407 523.390352 534.375162 554.622776 581.235073 611.163824 639.186915 671.404900 695.642532 713.922903 727.758675 743.427784 763.472200 803.518374 851.223075
-9999.0 -9999.0 -9999.0 -9999.0 -9999.0 -9999.0 -9999.0 -9999.0 62.021317 69.048164 75.284316 72.274344 67.648080 64.163635 77.483273 93.330354 109.346174 126.627806 142.654955 160.729571 176.372971 193.039787 212.802099 224.899354 237.068425 252.773158 267.049244 285.384421 307.592084 322.539835 341.838309 364.864255 385.501898 405.239608 425.765118 446.337763 476.748439 513.975577 550.028975 577.920418 609.500828 636.953300 640.255886 646.888482 656.163282 687.850518 723.970830 761.693197 796.817605 833.981022 870.076693 891.486834 904.597593 919.262194 937.294806 958.751215 989.882026
-9999.0 -9999.0 -9999.0 -9999.0 -9999.0 -9999.0 35.763818 59.936981 74.806956 67.010667 58.220262 54.831379 51.203017 72.183821 93.838433 110.928088 127.797508 145.367357 161.947668 176.272105 211.229442 228.647418 243.947925 263.681448 278.669504 293.783600 312.193247 336.946998 361.066378 394.343504 424.718680 452.848050 482.066567 505.046703 527.439343 550.536055 586.960379 630.110219 673.489292 709.647684 742.760587 777.485020 790.422811 801.348837 815.558742 842.683212 879.855407 915.755244 955.412705 993.166923 1022.965860 1036.899611 1048.102948 1059.729570 1073.540210 1087.092813 1102.187429
-9999.0 -9999.0 -9999.0 -9999.0 2.360298 23.295814 43.698303 74.548383 97.225529 92.112339 99.323308 99.905892 98.620838 101.861704 108.325514 126.503024 144.781846 163.303487 182.072216 219.281652 262.725101 279.916950 306.847613 340.192652 355.420961 371.927377 389.421697 414.577231 445.526139 483.314163 532.978993 576.182533 607.270739 635.804717 662.964680 692.267085 732.340943 777.756511 823.962260 866.727093 902.583744 931.468880 948.046366 959.409913 975.436830 995.961414 1020.340719 1049.611745 1081.360869 1114.013520 1139.422648 1153.505284 1160.957119 1170.491505 1180.339888 1191.926452 1203.240457
-9999.0 -9999.0 -9999.0 -45.506262 -6.943571 30.319199 57.752705 88.864272 120.879338 126.882394 135.811101 142.116397 148.527845 157.805334 167.730485 184.766091 200.076661 214.540531 236.655511 274.445077 311.647314 345.810901 380.285595 411.589926 436.094338 454.505481 474.968041 502.624580 546.743908 591.103707 648.596083 708.770558 753.011466 785.346872 814.965618 849.631649 880.913506 922.308233 963.312702 1001.174532 1035.415278 1061.313159 1081.160642 1089.956844 1100.456400 1111.025366 1128.678742 1149.721962 1170.201541 1196.829966 1222.961070 1244.461985 1256.305069 1264.366896 1278.449538 1292.602566 1303.556557
-9999.0 -9999.0 -92.244324 -54.949223 -20.017148 31.271499 84.172410 118.300329 159.573718 184.850297 192.676836 211.681577 229.368488 238.401273 255.769844 273.908697 289.717712 295.315878 310.899730 346.218453 400.904220 451.995502 483.657596 541.653603 579.197306 608.427691 628.461366 659.400116 699.348843 749.963232 808.107930 865.080039 909.994735 946.715169 968.422494 992.348453 1019.075355 1044.823744 1079.474848 1109.570722 1139.445294 1163.940100 1184.505032 1191.914362 1196.964924 1211.948208 1234.000374 1256.757251 1278.106338 1298.450242 1306.036011 1313.227286 1316.446844 1318.330897 1321.204685 1323.297574 1324.418236
-9999.0 -9999.0 -117.891848 -73.484954 -31.432789 37.622948 115.200785 153.266256 197.131032 243.239648 263.760082 289.720621 308.007842 324.658385 350.085213 374.773954 383.926460 389.830207 391.296120 449.147948 512.344424 575.915690 641.667848 711.746334 760.756766 779.926898 795.970331 822.121903 853.220379 902.451594 956.882218 1012.164477 1057.910098 1090.113937 1108.073833 1127.075237 1147.984860 1166.190165 1184.259517 1219.624820 1242.561543 1264.652667 1288.071261 1306.566641 1314.115921 1316.650472 1310.045855 1316.321119 1320.650425 1322.772555 1323.597621 1320.627537 1320.182164 1321.073527 1322.369845 1317.939606 1312.106189
-9999.0 -205.386643 -153.316298 -99.265892 -28.967058 40.156084 125.995411 207.583355 261.911913 308.399503 340.217734 360.738801 411.478142 461.769552 491.402870 521.781867 523.708275 526.723409 520.401087 570.234895 629.958253 720.160653 840.957968 903.175751 946.904234 954.848591 955.785141 973.995088 1002.485798 1046.217165 1109.600282 1153.485474 1201.162934 1237.058474 1250.916783 1257.368164 1274.054060 1292.735531 1290.768202 1306.084019 1312.763762 1318.223715 1318.288772 1319.711416 1320.980485 1321.855496 1319.553086 1314.221107 1307.500160 1302.954920 1299.808277 1295.981435 1298.935177 1302.671772 1304.213345 1298.244003 1291.516193
-9999.0 -239.985939 -179.829423 -107.342112 -35.179282 39.368125 149.594467 285.533991 337.437153 376.906877 409.481177 452.893155 544.005064 618.306793 659.587155 705.235832 702.876449 693.320736 688.529380 727.947359 787.600345 868.299165 1005.142523 1090.032178 1113.106085 1127.467663 1138.523743 1165.750347 1200.336803 1232.537238 1260.584511 1268.892943 1287.242103 1296.555257 1300.252856 1302.685239 1306.383180 1307.816157 1306.555992 1303.999676 1300.270812 1301.051872 1305.346521 1305.771721 1303.955633 1302.098941 1297.858611 1291.643390 1287.421337 1284.132236 1282.528719 1280.466452 1279.787542 1280.774437 1277.537376 1273.012950 1265.314891
-9999.0 -266.215298 -196.130546 -130.872613 -59.654855 62.538698 187.462014 320.913038 414.926533 459.251261 506.803896 599.794110 713.005569 815.698876 871.843225 899.559646 906.892350 893.823677 904.572524 950.973345 1016.271402 1099.638424 1175.857613 1244.155481 1257.772072 1263.441405 1253.641536 1265.279895 1275.886625 1279.723224 1282.523890 1285.609603 1291.829802 1295.628297 1295.842436 1294.582413 1291.576858 1285.389615 1281.898295 1280.012296 1277.648135 1278.041888 1281.222042 1282.674341 1281.042102 1278.395958 1275.311760 1271.243685 1266.929518 1262.123375 1259.828059 1257.186564 1256.048043 1252.306726 1248.644490 1243.662381 1231.327858
-9999.0 -357.984019 -272.240020 -212.387901 -84.029096 85.545439 211.883515 366.692615 510.783447 566.001829 667.355947 800.040590 915.582360 995.564763 1042.214927 1085.078124 1113.015046 1136.752731 1169.441656 1152.318740 1200.811149 1244.339715 1262.491013 1272.106363 1272.649314 1276.224677 1271.785854 1256.379638 1249.238784 1245.170517 1248.792657 1257.357787 1264.026417 1270.535456 1269.545378 1270.953560 1271.769251 1269.508620 1267.255619 1260.596603 1254.147792 1249.320613 1248.249230 1253.874138 1249.658705 1247.425732 1243.140349 1237.256991 1230.890575 1225.318788 1219.626919 1214.418540 1212.550421 1207.569149 1206.259140 1198.512026 1171.707646
-9999.0 -439.006079 -360.638975 -261.091077 -113.326720 51.499043 193.620357 366.418482 569.888065 693.668594 826.306673 913.420196 1001.409489 1074.146741 1140.111218 1182.191157 1204.214452 1213.086466 1209.652330 1217.726450 1191.176225 1186.787697 1204.004444 1229.001118 1241.550163 1247.084905 1241.117056 1233.111279 1228.741546 1229.847993 1230.403919 1230.754093 1230.565815 1229.531551 1227.120665 1229.351197 1234.316792 1229.601267 1222.815714 1216.079315 1209.566591 1201.650977 1196.173227 1193.054128 1191.847365 1192.255102 1186.239527 1177.781706 1169.359365 1163.194851 1157.155822 1152.575069 1150.717311 1145.793922 1137.610712 1124.173805 1094.294579
-9999.0 -530.147919 -412.826818 -312.479933 -180.774520 -40.437787 94.847376 265.418088 427.077837 652.416931 836.885575 936.854779 989.653221 1050.831262 1115.043552 1178.697941 1186.270212 1160.319110 1134.096927 1122.370633 1127.756814 1138.105105 1152.163981 1172.283416 1189.560702 1199.862076 1202.708790 1196.680523 1184.968245 1177.670020 1172.992266 1165.029000 1159.258019 1158.872638 1159.038013 1165.478819 1168.362474 1160.075913 1148.262806 1133.113017 1118.928388 1107.383493 1102.917943 1102.926450 1102.269077 1099.001338 1092.652126 1083.329840 1072.204348 1062.062807 1055.437296 1050.511667 1043.909192 1033.532701 1020.544650 1004.147285 972.258909
-9999.0 -9999.0 -484.539218 -372.319902 -258.351790 -130.517429 -4.900739 149.465346 308.049156 502.502286 636.420726 768.740063 846.884221 901.249170 960.943449 1018.466960 1038.002582 1056.016100 1039.471990 1043.896510 1050.931770 1057.898494 1069.115372 1082.633485 1097.453218 1108.659730 1116.598014 1115.091270 1105.903433 1089.435772 1070.455616 1056.188879 1047.966662 1041.740468 1049.989785 1060.560562 1058.153343 1051.636445 1039.700127 1022.987970 1007.210964 990.074828 983.100959 981.381525 980.057601 976.256907 970.796876 957.652336 944.555515 932.374956 926.645563 920.329941 913.846468 901.238179 886.279064 867.430693 835.987616
-9999.0 -9999.0 -567.404040 -456.803833 -337.365347 -210.988340 -104.018001 -6.704609 153.756763 279.092338 390.015760 493.729912 580.084377 649.458621 704.767866 771.978512 812.623926 830.486183 846.611857 870.848043 895.498158 921.377589 940.323989 956.400841 973.689797 989.233278 999.154051 987.550755 974.402385 955.313501 932.540669 909.081085 896.765036 891.932457 894.553166 900.072208 894.476890 884.261282 868.883104 850.430788 833.052618 815.873891 807.462827 801.959703 799.153388 794.873222 789.988467 779.268414 766.076486 756.807240 747.906401 740.798374 736.279907 727.152346 714.598573 703.400571 680.001379
