tests/Borden05m/data_simulated/sim_1/output-maps/psiliqL0002N0011.asc
ncols         160
nrows         34
xllcorner     620200.000000
yllcorner     5168000.000000
cellsize      0.500000
NODATA_value  -9999.0
[rows 0 to 24 of 34, columns 0 to 55 of 160]
-9999.0 -9999.0 -9999.0 -9999.0 -9999.0 -9999.0 -9999.0 -9999.0 -9999.0 -9999.0 -9999.0 -9999.0 -9999.0 -9999.0 -9999.0 -9999.0 -9999.0 -9999.0 -9999.0 -9999.0 -9999.0 -9999.0 -9999.0 -9999.0 -9999.0 -9999.0 -9999.0 -9999.0 -9999.0 -9999.0 -9999.0 -9999.0 -9999.0 -9999.0 -9999.0 -9999.0 -9999.0 -9999.0 -9999.0 -9999.0 -9999.0 -9999.0 -9999.0 -9999.0 -9999.0 -9999.0 -9999.0 -9999.0 -9999.0 -9999.0 -9999.0 -9999.0 -9999.0 -9999.0 -9999.0 -9999.0
-9999.0 -9999.0 -9999.0 -9999.0 -9999.0 -9999.0 -9999.0 -9999.0 -9999.0 -9999.0 -9999.0 -9999.0 -9999.0 -9999.0 -9999.0 -9999.0 -9999.0 -9999.0 -9999.0 -9999.0 -9999.0 -9999.0 -9999.0 -9999.0 -9999.0 -9999.0 -9999.0 -9999.0 -9999.0 -9999.0 -9999.0 -9999.0 -9999.0 -9999.0 -9999.0 -9999.0 -9999.0 -9999.0 -9999.0 -9999.0 -9999.0 -9999.0 -9999.0 -9999.0 -9999.0 -9999.0 -9999.0 -9999.0 -9999.0 -9999.0 -9999.0 -9999.0 -9999.0 -9999.0 -9999.0 -9999.0
-9999.0 -9999.0 -9999.0 -9999.0 -9999.0 -9999.0 -9999.0 -9999.0 -9999.0 -9999.0 -9999.0 -9999.0 -9999.0 -9999.0 -9999.0 -9999.0 -9999.0 -9999.0 -9999.0 -9999.0 -9999.0 -9999.0 -9999.0 -9999.0 -9999.0 -9999.0 -9999.0 -9999.0 -9999.0 -9999.0 -9999.0 -9999.0 -9999.0 -9999.0 -9999.0 -9999.0 -9999.0 -9999.0 -9999.0 -9999.0 -9999.0 -9999.0 -9999.0 -9999.0 -9999.0 -9999.0 -9999.0 -549.583640 -553.004212 -557.163389 -558.351934 -553.753716 -551.841443 -550.117827 -549.056837 -548.094390
-9999.0 -9999.0 -9999.0 -9999.0 -9999.0 -9999.0 -9999.0 -9999.0 -9999.0 -9999.0 -9999.0 -9999.0 -9999.0 -9999.0 -9999.0 -9999.0 -9999.0 -9999.0 -9999.0 -9999.0 -9999.0 -9999.0 -9999.0 -9999.0 -9999.0 -9999.0 -9999.0 -9999.0 -9999.0 -9999.0 -9999.0 -9999.0 -9999.0 -9999.0 -9999.0 -9999.0 -9999.0 -9999.0 -9999.0 -9999.0 -550.555013 -548.961837 -547.614024 -549.860454 -550.722304 -550.393461 -552.700114 -555.433649 -558.283042 -557.346515 -557.319402 -559.504507 -556.439025 -554.039831 -553.359910 -552.837398
-9999.0 -9999.0 -9999.0 -9999.0 -9999.0 -9999.0 -9999.0 -9999.0 -9999.0 -9999.0 -9999.0 -9999.0 -9999.0 -9999.0 -9999.0 -9999.0 -9999.0 -9999.0 -9999.0 -9999.0 -9999.0 -9999.0 -9999.0 -9999.0 -9999.0 -9999.0 -9999.0 -9999.0 -9999.0 -9999.0 -9999.0 -9999.0 -9999.0 -9999.0 -557.093223 -554.163692 -552.976677 -551.875834 -550.108414 -550.880778 -551.550860 -550.173285 -551.425626 -551.421557 -552.902000 -555.731456 -558.563607 -560.114040 -558.244862 -558.810853 -558.853343 -557.430729 -556.639399 -556.482376 -554.560984 -551.354922
-9999.0 -9999.0 -9999.0 -9999.0 -9999.0 -9999.0 -9999.0 -9999.0 -9999.0 -9999.0 -9999.0 -9999.0 -9999.0 -9999.0 -9999.0 -9999.0 -9999.0 -9999.0 -9999.0 -9999.0 -9999.0 -9999.0 -9999.0 -9999.0 -9999.0 -9999.0 -9999.0 -9999.0 -552.427765 -553.596364 -554.481267 -554.403246 -554.828350 -556.509522 -557.031136 -556.856086 -555.395433 -552.957242 -552.678146 -553.121731 -553.011046 -553.671938 -555.431034 -555.570061 -553.544415 -555.254044 -555.999742 -557.098385 -560.071170 -560.823046 -559.155902 -557.617518 -556.358438 -556.216113 -556.246668 -556.520645
-9999.0 -9999.0 -9999.0 -9999.0 -9999.0 -9999.0 -9999.0 -9999.0 -9999.0 -9999.0 -9999.0 -9999.0 -9999.0 -9999.0 -9999.0 -9999.0 -9999.0 -9999.0 -9999.0 -9999.0 -9999.0 -9999.0 -9999.0 -554.274101 -553.199427 -552.833055 -551.907274 -552.431155 -554.785671 -556.262376 -556.890797 -557.419184 -558.687654 -558.883297 -559.006461 -558.339985 -557.917887 -555.346780 -556.884995 -557.905712 -555.639957 -556.255628 -554.700281 -552.910201 -553.299548 -552.875512 -556.121972 -558.553898 -555.971339 -554.984492 -555.207085 -555.926824 -555.273327 -554.385388 -553.272376 -551.193160
-9999.0 -9999.0 -9999.0 -9999.0 -9999.0 -9999.0 -9999.0 -9999.0 -9999.0 -9999.0 -9999.0 -9999.0 -9999.0 -9999.0 -9999.0 -9999.0 -9999.0 -9999.0 -9999.0 -553.966868 -554.328123 -555.033739 -554.802141 -557.097649 -558.087680 -557.499290 -556.346128 -557.089924 -558.399047 -559.517715 -559.395043 -559.267654 -559.590053 -557.979340 -556.730266 -556.435812 -556.999450 -555.048715 -554.611247 -553.567317 -550.486633 -552.661872 -554.742629 -555.829392 -555.924911 -556.572594 -554.687506 -554.160335 -554.079451 -554.427439 -554.545307 -554.239623 -554.185601 -551.898021 -549.903447 -548.386910
-9999.0 -9999.0 -9999.0 -9999.0 -9999.0 -9999.0 -9999.0 -9999.0 -9999.0 -9999.0 -9999.0 -9999.0 -9999.0 -9999.0 -9999.0 -9999.0 -554.039807 -554.250950 -555.131608 -556.569730 -557.800078 -557.860194 -556.978912 -558.690841 -559.291275 -558.972839 -559.767413 -558.996064 -558.158130 -557.139940 -556.712685 -557.966434 -557.837795 -558.128420 -558.422628 -558.071561 -555.863316 -553.882526 -553.677074 -552.302634 -549.583375 -551.362165 -552.087945 -552.014614 -553.151486 -552.412575 -548.253551 -549.183068 -551.350235 -547.074076 -544.950111 -546.094781 -546.830063 -544.321073 -540.488885 -535.572273
-9999.0 -9999.0 -9999.0 -9999.0 -9999.0 -9999.0 -9999.0 -9999.0 -9999.0 -9999.0 -9999.0 -9999.0 -9999.0 -554.168280 -554.371053 -554.185773 -556.413976 -558.133357 -559.195025 -560.670301 -558.922451 -560.272719 -560.739459 -560.489722 -558.942301 -558.983828 -558.887593 -557.968872 -558.412109 -558.999827 -559.579098 -560.697953 -559.501325 -558.337647 -557.626706 -555.950810 -554.787986 -554.004211 -552.213284 -552.159208 -550.992228 -551.724853 -553.517128 -553.946342 -552.722579 -548.979890 -546.307537 -545.687360 -540.565855 -535.209684 -532.906667 -529.740492 -528.487142 -526.760822 -521.834425 -505.540610
-9999.0 -9999.0 -9999.0 -9999.0 -9999.0 -9999.0 -9999.0 -9999.0 -9999.0 -9999.0 -557.401546 -556.284772 -557.946975 -561.058481 -562.435714 -561.791275 -561.122198 -562.338477 -562.371917 -559.252762 -557.590108 -560.680038 -558.705880 -558.763624 -560.132113 -559.911708 -559.194877 -559.205292 -557.406836 -557.509728 -557.687937 -554.710526 -554.128734 -553.504417 -552.577543 -551.615095 -550.933269 -546.661648 -543.095511 -543.761403 -538.478799 -535.171209 -538.298476 -539.423289 -538.740235 -534.981888 -528.850791 -519.842218 -510.137992 -495.292224 -481.166157 -470.484945 -461.126975 -447.014189 -422.055735 -385.782500
-9999.0 -9999.0 -9999.0 -9999.0 -9999.0 -9999.0 -9999.0 -9999.0 -561.836377 -560.081315 -558.983304 -560.383594 -562.264594 -565.693192 -564.447245 -563.252548 -562.479633 -561.292496 -560.790513 -560.415439 -561.332211 -560.380704 -558.496482 -559.187347 -559.101572 -557.923885 -558.065069 -557.096782 -555.533061 -556.702249 -556.050526 -554.737326 -553.629024 -552.673584 -551.470305 -550.990412 -546.683492 -540.861106 -534.488258 -529.115859 -521.284470 -510.934040 -511.256854 -509.002376 -506.522213 -491.633483 -468.857280 -427.218878 -386.607133 -370.463011 -355.834885 -347.270305 -340.485082 -330.346347 -316.005569 -302.668030
-9999.0 -9999.0 -9999.0 -9999.0 -9999.0 -9999.0 -564.420297 -560.551803 -558.699464 -563.139194 -566.541038 -567.676808 -569.710630 -565.330204 -561.507040 -560.860094 -560.390946 -559.823252 -560.348695 -563.069209 -557.401286 -559.215708 -560.596858 -559.022016 -559.358668 -559.403802 -558.514448 -556.274794 -555.563748 -551.021148 -547.950048 -545.398712 -541.696249 -539.548315 -537.197476 -534.493701 -526.592842 -514.102979 -495.923142 -475.793041 -447.040372 -405.382088 -388.013215 -380.526797 -375.880421 -368.565937 -352.841944 -331.265812 -304.448166 -280.403565 -262.719224 -254.487215 -245.797084 -234.630540 -219.699302 -202.302513
-9999.0 -9999.0 -9999.0 -9999.0 -562.113994 -561.318781 -562.144828 -558.826569 -556.539764 -561.943585 -560.049417 -561.011650 -562.792989 -564.979160 -567.600869 -565.837648 -564.871310 -564.273466 -564.776366 -559.290162 -554.735199 -558.238046 -556.144960 -551.772927 -553.144582 -552.904138 -552.969992 -551.253558 -547.946946 -543.763453 -533.307590 -523.769750 -517.356279 -508.491716 -498.774493 -485.406969 -459.405180 -405.229557 -375.992937 -357.124750 -336.923355 -316.969492 -302.895602 -296.128111 -288.166589 -278.662287 -264.650572 -242.546354 -215.863280 -183.578345 -162.140500 -146.870028 -139.887000 -126.501289 -109.326770 -64.320826
-9999.0 -9999.0 -9999.0 -564.368617 -560.603143 -559.315775 -561.323025 -560.786692 -557.993794 -560.970675 -561.579250 -562.131044 -562.483778 -562.505281 -562.822215 -561.863059 -561.780037 -562.724882 -562.141513 -559.072997 -558.001887 -555.745119 -554.166865 -551.476023 -549.118313 -548.417753 -547.235197 -543.760563 -534.523161 -523.961049 -501.938286 -467.950948 -420.952303 -386.907454 -374.925087 -362.595418 -348.362062 -323.379872 -299.191941 -275.922032 -250.176235 -225.763156 -201.615524 -194.232154 -187.994888 -182.139546 -164.976296 -146.234694 -120.039302 -61.404870 -62.659957 -19.196997 -32.289381 -1.837121 10.865263 24.294715
-9999.0 -9999.0 -563.551329 -561.438908 -563.084412 -560.504378 -557.663877 -560.069179 -556.641009 -555.649223 -559.482651 -557.531794 -556.615044 -559.050915 -557.767748 -556.308256 -555.631511 -558.510097 -560.722561 -557.217804 -549.366961 -543.248774 -540.535103 -524.328454 -514.397953 -507.730879 -504.668518 -493.915760 -474.782392 -418.547132 -375.982645 -347.860458 -318.615831 -292.796225 -281.746496 -267.979151 -244.935944 -227.225264 -203.473936 -178.574951 -150.372437 -120.425697 -65.561987 -57.138519 -53.789385 -66.092787 -24.173158 -27.783147 12.611982 30.239536 46.318632 46.727669 46.589798 47.095446 46.717321 47.230077
-9999.0 -9999.0 -566.045105 -562.487689 -565.178489 -559.695640 -554.716449 -560.222638 -558.985538 -553.883661 -555.638429 -555.313084 -556.368376 -556.409576 -554.403680 -549.959716 -552.565347 -553.560557 -559.096074 -547.226903 -536.993168 -518.785966 -479.361873 -424.430129 -383.318170 -376.951276 -374.721561 -367.132083 -353.440364 -319.653191 -275.410924 -233.113179 -195.068388 -168.595110 -154.621596 -137.150306 -88.892072 -70.751564 -86.815452 -58.542622 -12.979649 5.138351 25.463767 41.161306 47.016373 46.300293 46.852736 46.405724 46.869179 47.075183 46.313730 43.460924 42.479764 42.771589 43.988341 39.154826
-9999.0 -566.743647 -565.002714 -565.006890 -561.493551 -562.981462 -559.015975 -553.236754 -554.091994 -552.340994 -552.759625 -556.887501 -545.312272 -535.248664 -532.386954 -523.505521 -527.863158 -530.773398 -537.312133 -524.909660 -500.239904 -413.294217 -337.798444 -288.449576 -261.814219 -257.460845 -260.479404 -248.085992 -224.463449 -187.602411 -122.370881 -63.567280 -28.148077 -2.277438 5.741432 7.137874 19.771104 33.872252 48.929197 50.648252 51.421285 51.228237 47.214074 47.229382 46.867661 47.266810 43.870122 38.305789 30.872714 25.950743 22.251330 18.693770 20.313963 23.168973 24.597352 18.484895
-9999.0 -572.286549 -565.168098 -561.083030 -562.947662 -566.287294 -556.800805 -542.519732 -548.878229 -551.252357 -552.565604 -543.983815 -515.468951 -485.507159 -461.241446 -420.945451 -425.380457 -443.783859 -442.209799 -394.600778 -358.160261 -302.147169 -197.294642 -81.292374 -78.557725 -70.608165 -63.500825 -44.220781 -20.042533 0.511761 17.922195 38.202296 40.616507 40.634121 40.839702 40.779069 40.891252 40.960736 37.305431 33.889765 29.667131 29.618669 32.828976 32.448940 29.950510 27.592398 22.257739 13.911138 7.753666 3.100078 -0.650857 -18.084438 -6.619182 -3.790920 -7.196943 -35.203260
-9999.0 -566.458319 -558.375580 -560.614824 -567.612872 -558.362981 -555.227917 -546.016247 -539.333719 -542.910096 -531.429175 -486.610371 -398.336636 -358.065732 -329.459461 -303.634576 -280.466668 -281.060917 -262.151246 -217.102577 -123.346574 -66.371655 -26.427451 21.636698 27.447959 27.537792 27.364926 27.453785 27.570840 27.620661 27.705442 25.959420 30.277934 32.262078 31.009452 28.214499 23.668342 15.548692 9.988984 7.104200 3.921280 3.805805 6.719206 7.093800 4.756828 1.188125 -4.851789 -41.059398 -52.795696 -61.224820 -66.265169 -72.214154 -73.125674 -77.006586 -82.970371 -93.282219
-9999.0 -575.973708 -564.368741 -574.311005 -560.965342 -550.015103 -552.814527 -536.999511 -517.513898 -511.509448 -437.382853 -368.206674 -309.669533 -264.014744 -217.667262 -149.946278 -54.490788 -30.993378 -7.076827 -3.942925 22.846968 35.308864 35.590986 35.868827 27.621492 27.665512 20.427921 1.347600 -9.113185 -15.839666 -14.245167 -7.489945 -1.456828 4.275829 2.177306 1.942424 -0.307893 -38.453237 -48.171309 -57.042872 -64.383561 -69.114867 -69.581272 -64.029735 -69.208356 -73.604858 -81.339958 -94.640094 -105.715843 -114.753429 -122.801104 -129.989426 -132.887827 -138.506808 -140.395864 -148.081601
-9999.0 -582.964804 -574.732012 -568.724524 -557.139233 -549.345131 -541.880041 -524.248128 -479.041771 -408.335740 -352.996587 -323.258553 -274.548791 -211.623795 -132.379189 -9.476980 17.382590 18.162734 18.012128 4.193976 -38.054577 -46.015034 -33.972962 -14.351979 -7.589154 -5.319517 -18.048651 -66.595345 -79.913365 -82.501214 -83.501113 -83.141523 -83.073150 -84.328770 -87.887067 -87.897835 -86.594800 -98.282155 -108.087600 -115.616104 -121.623568 -128.435715 -132.998084 -135.130274 -137.403249 -138.284835 -146.179159 -157.585459 -168.516283 -176.746515 -184.613083 -190.701804 -192.564564 -196.527021 -201.662249 -210.621840
-9999.0 -598.960272 -571.762648 -568.701678 -561.862975 -560.224104 -559.053739 -546.219330 -524.817658 -418.583146 -303.598305 -290.004568 -272.645888 -235.466265 -166.873887 -86.604135 -9.151355 -39.565524 -69.436349 -143.843155 -158.780419 -155.373428 -142.964784 -123.415936 -109.454477 -103.093851 -107.016252 -122.804577 -138.889634 -146.886063 -150.599234 -157.496368 -162.869293 -163.359863 -165.892378 -162.235698 -160.142907 -170.450679 -182.449468 -195.386663 -206.191599 -213.890736 -216.325943 -215.615608 -216.102579 -218.781265 -225.597019 -234.881132 -246.032967 -255.760468 -263.186417 -268.143960 -272.788257 -278.894712 -285.418807 -291.986982
-9999.0 -9999.0 -584.016474 -568.513939 -566.802374 -564.834740 -563.298271 -553.079472 -542.499836 -497.893473 -415.994233 -369.741910 -346.079576 -315.599874 -264.695594 -215.964508 -197.153499 -190.066801 -219.736052 -233.985032 -238.090337 -236.291819 -227.138346 -215.162639 -203.851358 -197.241406 -194.491729 -198.216841 -207.925867 -221.552776 -236.470229 -247.696029 -254.779765 -259.689442 -254.148696 -245.648062 -246.937892 -252.396160 -261.147929 -272.153512 -280.828415 -289.446394 -291.230072 -290.010912 -289.859745 -292.059766 -296.312149 -306.484753 -317.405265 -328.113453 -333.460431 -338.300969 -342.544338 -349.484377 -355.925419 -362.328069
-9999.0 -9999.0 -601.710136 -576.490927 -566.129457 -559.071507 -560.561359 -559.847526 -544.611808 -537.856182 -525.662350 -502.573710 -475.807060 -428.965912 -386.597259 -361.663128 -351.041218 -346.582022 -348.338989 -345.238228 -334.370095 -320.243421 -308.769962 -298.853126 -290.191827 -283.387987 -277.132453 -284.818977 -292.508983 -304.253822 -320.139003 -337.306570 -345.896117 -350.064787 -347.507604 -342.678718 -345.624571 -351.190066 -358.365404 -366.051957 -371.216226 -376.220662 -377.356603 -377.708212 -377.763891 -379.227894 -382.257801 -392.789808 -411.816500 -428.096293 -440.068099 -449.377088 -454.435324 -463.622728 -473.434444 -479.950463
