tests/Borden05m/data_simulated/sim_1/output-maps/psiliqL0017N0017.asc
ncols         160
nrows         34
xllcorner     620200.000000
yllcorner     5168000.000000
cellsize      0.500000
NODATA_value  -9999.0
[rows 0 to 24 of 34, columns 0 to 54 of 160]
-9999.0 -9999.0 -9999.0 -9999.0 -9999.0 -9999.0 -9999.0 -9999.0 -9999.0 -9999.0 -9999.0 -9999.0 -9999.0 -9999.0 -9999.0 -9999.0 -9999.0 -9999.0 -9999.0 -9999.0 -9999.0 -9999.0 -9999.0 -9999.0 -9999.0 -9999.0 -9999.0 -9999.0 -9999.0 -9999.0 -9999.0 -9999.0 -9999.0 -9999.0 -9999.0 -9999.0 -9999.0 -9999.0 -9999.0 -9999.0 -9999.0 -9999.0 -9999.0 -9999.0 -9999.0 -9999.0 -9999.0 -9999.0 -9999.0 -9999.0 -9999.0 -9999.0 -9999.0 -9999.0 -9999.0
-9999.0 -9999.0 -9999.0 -9999.0 -9999.0 -9999.0 -9999.0 -9999.0 -9999.0 -9999.0 -9999.0 -9999.0 -9999.0 -9999.0 -9999.0 -9999.0 -9999.0 -9999.0 -9999.0 -9999.0 -9999.0 -9999.0 -9999.0 -9999.0 -9999.0 -9999.0 -9999.0 -9999.0 -9999.0 -9999.0 -9999.0 -9999.0 -9999.0 -9999.0 -9999.0 -9999.0 -9999.0 -9999.0 -9999.0 -9999.0 -9999.0 -9999.0 -9999.0 -9999.0 -9999.0 -9999.0 -9999.0 -9999.0 -9999.0 -9999.0 -9999.0 -9999.0 -9999.0 -9999.0 -9999.0
-9999.0 -9999.0 -9999.0 -9999.0 -9999.0 -9999.0 -9999.0 -9999.0 -9999.0 -9999.0 -9999.0 -9999.0 -9999.0 -9999.0 -9999.0 -9999.0 -9999.0 -9999.0 -9999.0 -9999.0 -9999.0 -9999.0 -9999.0 -9999.0 -9999.0 -9999.0 -9999.0 -9999.0 -9999.0 -9999.0 -9999.0 -9999.0 -9999.0 -9999.0 -9999.0 -9999.0 -9999.0 -9999.0 -9999.0 -9999.0 -9999.0 -9999.0 -9999.0 -9999.0 -9999.0 -9999.0 -9999.0 1501.455709 1484.370340 1469.674363 1466.940760 1489.324784 1512.965946 1537.130564 1558.058703
-9999.0 -9999.0 -9999.0 -9999.0 -9999.0 -9999.0 -9999.0 -9999.0 -9999.0 -9999.0 -9999.0 -9999.0 -9999.0 -9999.0 -9999.0 -9999.0 -9999.0 -9999.0 -9999.0 -9999.0 -9999.0 -9999.0 -9999.0 -9999.0 -9999.0 -9999.0 -9999.0 -9999.0 -9999.0 -9999.0 -9999.0 -9999.0 -9999.0 -9999.0 -9999.0 -9999.0 -9999.0 -9999.0 -9999.0 -9999.0 1548.951981 1555.012796 1556.003406 1546.015732 1535.086455 1522.712563 1502.768221 1485.307428 1471.257604 1469.251540 1472.211384 1476.906869 1499.251487 1524.537313 1544.680723
-9999.0 -9999.0 -9999.0 -9999.0 -9999.0 -9999.0 -9999.0 -9999.0 -9999.0 -9999.0 -9999.0 -9999.0 -9999.0 -9999.0 -9999.0 -9999.0 -9999.0 -9999.0 -9999.0 -9999.0 -9999.0 -9999.0 -9999.0 -9999.0 -9999.0 -9999.0 -9999.0 -9999.0 -9999.0 -9999.0 -9999.0 -9999.0 -9999.0 -9999.0 1455.605473 1473.068663 1491.382818 1510.153453 1527.270815 1534.387437 1540.332266 1546.166021 1542.183369 1537.946441 1526.850664 1507.486842 1488.380785 1475.202654 1473.794810 1471.741971 1476.220754 1489.081360 1506.238984 1522.486955 1543.722119
-9999.0 -9999.0 -9999.0 -9999.0 -9999.0 -9999.0 -9999.0 -9999.0 -9999.0 -9999.0 -9999.0 -9999.0 -9999.0 -9999.0 -9999.0 -9999.0 -9999.0 -9999.0 -9999.0 -9999.0 -9999.0 -9999.0 -9999.0 -9999.0 -9999.0 -9999.0 -9999.0 -9999.0 1458.608907 1452.949975 1448.359810 1447.279831 1446.372151 1445.701858 1452.744983 1464.812185 1482.878109 1505.054338 1518.494532 1526.085127 1533.123947 1534.085898 1529.166143 1527.655690 1528.445667 1516.773582 1505.320559 1494.628307 1484.299434 1482.706034 1492.512191 1507.128978 1523.812379 1539.058984 1554.902715
-9999.0 -9999.0 -9999.0 -9999.0 -9999.0 -9999.0 -9999.0 -9999.0 -9999.0 -9999.0 -9999.0 -9999.0 -9999.0 -9999.0 -9999.0 -9999.0 -9999.0 -9999.0 -9999.0 -9999.0 -9999.0 -9999.0 -9999.0 1427.321121 1433.082333 1439.962909 1447.895034 1449.239194 1445.753079 1440.616637 1438.147561 1437.161210 1435.769535 1440.726694 1448.889620 1462.681229 1478.751694 1501.179098 1510.103951 1516.075633 1528.454569 1531.904647 1538.681330 1543.142413 1541.817210 1539.022682 1526.229518 1516.683061 1521.289947 1527.034143 1534.288568 1542.830513 1556.719301 1572.067050 1589.255497
-9999.0 -9999.0 -9999.0 -9999.0 -9999.0 -9999.0 -9999.0 -9999.0 -9999.0 -9999.0 -9999.0 -9999.0 -9999.0 -9999.0 -9999.0 -9999.0 -9999.0 -9999.0 -9999.0 1401.394819 1402.581802 1404.194254 1409.300680 1410.328727 1412.732837 1420.077535 1428.644188 1431.634996 1430.248698 1429.452855 1431.452864 1434.671250 1439.622424 1451.197359 1465.382736 1479.974056 1494.018321 1515.314750 1530.436284 1544.117356 1560.353046 1560.461757 1557.032602 1555.716913 1556.505859 1556.652284 1559.604413 1561.722093 1568.356260 1572.366216 1578.357695 1588.083725 1600.175254 1618.376834 1637.986105
-9999.0 -9999.0 -9999.0 -9999.0 -9999.0 -9999.0 -9999.0 -9999.0 -9999.0 -9999.0 -9999.0 -9999.0 -9999.0 -9999.0 -9999.0 -9999.0 1371.889314 1373.942962 1376.515056 1382.266517 1385.724505 1390.106725 1397.487514 1399.244372 1403.382224 1410.991390 1416.273391 1425.735282 1434.411144 1442.213817 1448.711017 1451.892794 1459.650017 1469.707131 1481.980970 1497.369131 1518.965371 1542.659108 1559.251927 1576.523336 1594.121900 1595.212984 1594.451562 1595.827422 1596.246360 1601.712422 1618.740385 1624.214020 1624.122029 1639.166726 1652.957396 1657.895201 1665.836346 1685.469011 1709.073482
-9999.0 -9999.0 -9999.0 -9999.0 -9999.0 -9999.0 -9999.0 -9999.0 -9999.0 -9999.0 -9999.0 -9999.0 -9999.0 1324.044566 1328.364416 1338.404387 1348.554753 1351.565246 1356.413993 1363.053318 1375.677299 1379.779678 1386.440627 1394.429253 1407.032623 1416.203881 1425.835563 1438.214082 1447.104130 1454.857319 1462.329489 1467.885063 1481.291665 1496.802551 1512.779415 1533.275782 1555.789974 1576.336956 1596.765264 1613.243388 1626.961013 1628.307777 1627.860975 1630.634442 1638.007696 1654.534641 1673.156100 1680.463067 1696.899664 1719.631883 1732.662501 1743.659791 1752.105476 1765.956969 1787.461159
-9999.0 -9999.0 -9999.0 -9999.0 -9999.0 -9999.0 -9999.0 -9999.0 -9999.0 -9999.0 1291.726605 1294.048024 1290.855414 1290.349793 1295.942556 1308.474623 1322.784776 1329.536484 1341.676009 1363.186121 1381.694464 1385.644601 1400.471643 1411.276259 1418.630119 1429.583701 1443.259516 1456.505481 1473.612872 1486.567801 1498.187070 1517.640893 1534.635507 1551.773341 1570.090417 1591.034992 1610.609099 1638.545251 1665.650556 1678.117165 1699.659192 1709.267228 1706.706559 1706.899346 1716.384956 1731.698718 1751.823852 1773.788043 1795.114402 1820.006630 1836.136788 1850.541385 1861.289401 1873.557042 1889.550196
-9999.0 -9999.0 -9999.0 -9999.0 -9999.0 -9999.0 -9999.0 -9999.0 1266.693073 1274.391826 1280.615679 1277.852226 1273.693128 1269.688395 1284.006905 1300.157227 1316.602686 1334.857891 1351.277276 1370.037441 1385.597110 1402.106563 1422.634833 1434.780645 1446.870940 1462.808182 1477.047758 1494.399666 1516.267341 1528.742280 1545.065476 1566.841936 1585.639560 1604.235060 1623.656057 1642.235819 1668.006559 1701.374265 1733.169378 1754.922480 1782.816646 1804.944358 1803.691980 1805.783348 1809.982394 1835.381209 1864.265867 1894.752007 1918.957829 1945.713072 1975.140452 1993.669540 2004.416862 2017.046667 2032.282122
-9999.0 -9999.0 -9999.0 -9999.0 -9999.0 -9999.0 1238.846008 1263.290079 1278.602087 1270.812396 1260.267676 1256.612931 1252.457214 1277.886299 1300.357728 1318.100029 1335.487640 1353.669085 1370.767656 1383.431817 1416.941181 1435.805476 1450.368968 1468.144512 1483.487602 1498.864390 1516.885125 1540.657986 1562.442932 1591.363228 1616.046849 1639.342168 1665.962327 1686.087401 1705.372425 1723.425371 1754.501479 1791.685889 1828.244860 1856.485693 1883.448068 1914.697530 1920.746785 1926.098149 1932.434883 1954.260029 1986.488617 2016.868280 2050.423900 2082.417515 2109.782523 2121.887165 2132.395044 2143.751282 2157.287552
-9999.0 -9999.0 -9999.0 -9999.0 1205.315757 1226.342058 1246.285858 1277.063925 1299.779114 1295.120146 1301.658764 1301.728830 1299.760149 1304.303598 1312.063140 1330.508402 1349.817092 1369.484635 1387.273127 1421.272830 1466.695950 1482.090392 1505.688075 1537.919378 1551.909281 1567.813107 1584.833210 1608.252765 1634.169565 1667.214390 1709.715433 1745.995971 1771.683594 1794.639579 1816.160595 1837.689340 1872.353202 1910.214686 1947.109859 1980.988344 2010.504198 2036.666730 2048.420396 2056.096240 2067.898778 2084.697795 2106.580861 2134.241144 2166.169468 2198.372681 2223.247055 2236.201368 2243.842115 2254.488430 2264.501560
-9999.0 -9999.0 -9999.0 1154.783189 1193.671510 1232.053214 1259.015285 1290.063989 1322.564933 1326.611500 1335.937138 1340.251393 1344.326637 1352.713813 1360.685702 1378.224133 1395.437554 1412.871447 1435.583790 1472.441939 1507.024940 1535.093527 1566.956610 1592.231338 1612.114177 1628.206006 1647.580942 1671.606323 1711.434447 1748.053658 1797.996352 1851.163743 1887.599338 1911.683671 1934.598768 1962.409156 1987.840586 2024.894428 2059.905128 2093.098132 2124.883010 2149.420261 2167.561393 2174.962793 2184.868971 2193.222984 2208.961505 2230.553271 2252.699241 2282.020674 2310.709598 2336.684015 2351.227253 2361.646928 2377.946860
-9999.0 -9999.0 1107.255751 1145.519968 1179.189236 1228.886864 1282.122180 1316.993532 1357.940154 1381.175451 1387.672109 1403.852241 1419.215811 1425.647849 1440.289784 1457.066096 1476.249475 1484.224526 1502.607066 1530.875236 1578.716222 1622.395619 1638.993558 1687.770686 1720.873224 1750.060400 1769.201956 1796.576448 1833.130404 1873.721921 1921.930127 1972.346999 2010.589543 2041.783661 2058.940239 2079.115989 2101.734134 2126.745318 2161.565614 2190.074937 2222.220057 2248.426708 2269.998574 2275.954218 2280.821948 2296.862700 2322.151716 2349.333282 2374.798188 2399.538780 2399.593013 2414.035055 2420.938067 2425.096855 2430.971699
-9999.0 -9999.0 1079.795609 1125.151454 1164.426660 1229.369909 1310.792251 1347.751980 1390.511351 1436.743152 1454.875914 1479.116503 1487.837183 1493.703741 1516.336998 1537.574536 1552.137676 1559.877916 1559.404795 1614.921554 1672.576345 1718.217019 1757.284930 1826.074244 1872.952677 1891.652460 1905.750029 1927.032711 1951.404971 1994.165257 2040.565941 2094.247829 2138.231222 2169.810314 2186.514994 2205.783173 2226.321836 2243.934989 2263.482772 2304.506925 2334.129744 2361.293759 2389.384434 2410.028995 2418.556390 2422.628375 2409.469493 2421.475214 2429.785758 2433.746841 2435.538211 2432.634814 2432.438887 2433.490610 2434.678790
-9999.0 989.896361 1042.198148 1094.963921 1163.134416 1229.472780 1311.306709 1390.623384 1449.886192 1498.573574 1527.360942 1536.155030 1565.561946 1604.565530 1629.349686 1654.311051 1658.574898 1665.649027 1655.173415 1705.241817 1752.877125 1822.199294 1928.903056 1985.521239 2033.849520 2035.373848 2030.076367 2041.910298 2064.954262 2109.856878 2180.157222 2230.350087 2287.024508 2330.216854 2346.904367 2354.838322 2373.231955 2393.704765 2373.876160 2401.106281 2414.266020 2425.292976 2429.954991 2432.426421 2434.090030 2434.690552 2431.858507 2425.771221 2418.241727 2412.848461 2408.915748 2404.484699 2406.903124 2410.094178 2410.569332
-9999.0 953.822796 1012.930691 1083.934391 1154.471574 1218.423443 1317.981255 1466.011823 1521.914483 1559.831764 1579.605561 1592.862862 1666.156971 1730.465299 1762.582493 1807.174161 1800.707722 1790.679927 1774.084582 1806.350836 1854.223564 1927.504250 2074.272779 2158.853071 2192.003377 2203.214942 2209.973602 2237.717266 2276.907047 2317.016193 2354.413779 2350.250347 2383.369414 2401.028500 2407.175534 2410.305561 2415.713296 2416.890038 2416.345072 2413.819116 2410.305143 2411.552667 2416.513415 2416.978469 2414.646711 2411.807781 2406.349473 2398.791207 2393.132865 2388.203915 2385.127174 2381.803761 2379.756242 2379.201161 2374.319053
-9999.0 921.940133 993.989827 1056.624137 1118.032083 1228.067087 1355.261214 1492.773168 1586.653484 1624.038399 1638.415391 1700.365615 1800.316185 1897.134744 1948.372237 1973.153041 1971.570994 1946.875167 1947.212327 1992.760792 2059.404388 2156.797889 2257.675207 2338.862181 2353.452395 2358.254677 2333.778085 2351.379261 2368.353038 2373.907142 2378.711361 2386.572203 2395.108370 2400.938014 2402.220337 2401.542882 2398.635101 2392.159671 2388.448624 2386.062044 2383.343729 2383.333335 2386.184034 2387.695203 2385.137669 2381.161188 2376.341259 2370.184901 2363.352433 2356.081396 2351.429180 2346.768174 2344.019654 2338.414737 2333.594557
-9999.0 817.494837 907.589002 959.803038 1066.489189 1243.961924 1371.558749 1519.904360 1669.861074 1705.455965 1774.254619 1896.746072 2003.258133 2077.154178 2114.739025 2154.645757 2183.358430 2206.589581 2243.309673 2188.154585 2250.768523 2317.412037 2347.905795 2362.992239 2368.068747 2370.675167 2364.197250 2346.982171 2339.331376 2335.869497 2340.966559 2351.567674 2359.884538 2367.752208 2367.731363 2369.984061 2371.441780 2368.914238 2365.761037 2358.037840 2350.856446 2345.199744 2343.174010 2348.169594 2343.148040 2339.825738 2333.347601 2324.639757 2315.076465 2306.830532 2298.458091 2291.154043 2287.824543 2281.694947 2279.427628
-9999.0 736.658666 812.715689 896.121258 1028.920926 1193.470148 1316.675226 1482.358887 1696.962008 1816.944150 1948.244993 2023.220022 2094.643948 2150.529303 2209.335795 2256.672718 2282.628029 2294.747250 2282.704057 2298.465539 2267.589893 2262.838868 2282.701262 2311.343458 2326.857177 2332.254421 2325.626665 2317.337217 2312.460441 2313.941369 2315.163991 2315.723657 2315.857031 2315.393523 2313.876804 2317.189334 2322.650817 2316.847540 2308.104827 2299.888408 2292.415697 2283.995756 2278.343592 2274.431526 2273.325037 2272.764795 2264.817173 2253.995360 2242.943034 2234.216494 2226.085026 2220.120321 2216.817218 2211.072962 2201.888672
-9999.0 633.729081 757.471359 848.077806 964.602937 1100.306613 1222.725511 1384.498618 1529.640864 1753.761634 1907.092639 2030.470947 2073.084190 2133.107493 2189.097075 2256.898536 2260.623496 2233.588129 2201.844701 2189.960503 2199.589871 2211.547741 2225.459545 2245.112597 2263.602217 2274.291959 2278.198777 2272.489871 2260.466761 2252.226409 2246.388345 2237.616573 2231.775063 2231.745398 2234.402687 2242.952658 2245.241260 2236.546582 2223.717638 2207.357017 2193.059972 2182.175216 2179.336293 2180.726443 2180.622041 2176.517726 2169.560121 2158.638293 2145.788596 2133.513515 2126.067680 2120.363296 2112.750489 2101.827450 2089.771244
-9999.0 -9999.0 680.093009 790.808626 896.306680 1017.179620 1127.748352 1266.452320 1415.002834 1593.993222 1710.767191 1850.502974 1926.973832 1971.789549 2017.442444 2072.088582 2093.193262 2116.664441 2105.106278 2113.598210 2123.248362 2131.075335 2141.234531 2152.551185 2165.988534 2176.696934 2185.827034 2184.621248 2176.901632 2160.442348 2140.432480 2125.353006 2117.444539 2111.023405 2121.653656 2133.672303 2130.441046 2124.002023 2112.124722 2096.363989 2083.492495 2069.627020 2065.725265 2065.597539 2065.400276 2062.236562 2057.835024 2044.801688 2031.781608 2020.100532 2014.545139 2008.086851 2002.640201 1991.631113 1979.865757
-9999.0 -9999.0 594.960847 702.955715 815.271475 937.837285 1035.316636 1098.434628 1247.719409 1361.315150 1465.962877 1566.296156 1650.818094 1714.340186 1755.057055 1815.775868 1860.346551 1877.826949 1903.789466 1940.548570 1969.731867 2001.388804 2021.899634 2034.812173 2049.190211 2063.412891 2072.498302 2060.966102 2051.075708 2035.649685 2015.253683 1992.608222 1981.292289 1979.205117 1981.138071 1985.648555 1979.757558 1970.630901 1956.571368 1941.604023 1928.894848 1918.112892 1913.928372 1909.699188 1907.749343 1904.523771 1901.351322 1893.351325 1882.652534 1875.528096 1866.991067 1861.259321 1858.403904 1852.313337 1843.759774
