tests/Borden05m/data_simulated/sim_1/output-maps/psiliqL0028N0004.asc
ncols         160
nrows         34
xllcorner     620200.000000
yllcorner     5168000.000000
cellsize      0.500000
NODATA_value  -9999.0
[rows 0 to 24 of 34, columns 55 to 109 of 160]
-9999.0 -9999.0 -9999.0 -9999.0 -9999.0 -9999.0 -9999.0 -9999.0 -9999.0 -9999.0 -9999.0 -9999.0 -9999.0 -9999.0 -9999.0 -9999.0 -9999.0 -9999.0 -9999.0 -9999.0 -9999.0 -9999.0 -9999.0 -9999.0 -9999.0 -9999.0 -9999.0 -9999.0 -9999.0 -9999.0 -9999.0 -9999.0 -9999.0 -9999.0 -9999.0 -9999.0 -9999.0 -9999.0 -9999.0 -9999.0 -9999.0 -9999.0 -9999.0 -9999.0 -9999.0 -9999.0 -9999.0 -9999.0 -9999.0 -9999.0 -9999.0 -9999.0 -9999.0 -9999.0 -9999.0
-9999.0 -9999.0 -9999.0 -9999.0 3797.616394 3792.342746 3787.643272 3783.186288 3774.726507 3765.396968 3757.615527 3753.392015 3752.177810 3751.313334 3750.620257 3755.389037 3763.408346 3770.968999 3777.752033 3780.118713 3782.403870 3784.152165 3784.300678 3783.131984 3779.849335 3776.450278 3773.022502 3771.258949 3763.994254 3752.890514 3744.646739 3741.958191 3746.085386 3750.396254 3752.841633 3757.901766 3768.214769 3778.766316 3787.340698 3799.997628 3807.187022 3812.555404 3815.072190 3811.091611 3807.856360 3803.852297 3797.544415 3786.435298 -9999.0 -9999.0 -9999.0 -9999.0 -9999.0 -9999.0 -9999.0
3742.560020 3760.886242 3781.985024 3785.056457 3773.250602 3768.127854 3764.992725 3763.366369 3759.198132 3750.711773 3745.592172 3740.067631 3737.259384 3737.209129 3737.006264 3740.536929 3751.324314 3759.021959 3763.481700 3766.072420 3768.892128 3767.057716 3766.177052 3765.905904 3762.945454 3759.395721 3755.963342 3754.055818 3755.640913 3748.021523 3741.925098 3737.935395 3734.762378 3737.526005 3740.255053 3745.015826 3754.116504 3761.965332 3769.896847 3785.200888 3798.497263 3804.260508 3801.711754 3797.191114 3793.377276 3785.855685 3774.994169 3765.065353 3757.239881 3751.305738 3746.001191 3739.499387 3746.018847 3754.126761 3763.394885
3725.735543 3744.874105 3765.328362 3767.809290 3757.584492 3749.912971 3742.753405 3743.283559 3746.888646 3743.661651 3738.769302 3730.488368 3740.689068 3741.574721 3742.126174 3745.208684 3746.806407 3752.153970 3754.434237 3759.680658 3768.571317 3771.316320 3771.658207 3771.611030 3769.527669 3766.177938 3764.118954 3761.248978 3755.900827 3753.947903 3753.460035 3751.983773 3755.911481 3757.424850 3760.513342 3755.205077 3759.760658 3766.018130 3773.005018 3778.364689 3784.426074 3786.731732 3783.447374 3784.285033 3775.976682 3762.387247 3752.773327 3745.522521 3746.148004 3743.293364 3735.416322 3721.597471 3730.159787 3746.429157 3751.307418
3730.160990 3738.986908 3749.298831 3751.668301 3746.579589 3748.878527 3750.635558 3751.732040 3749.764280 3746.073409 3741.248494 3751.262685 3759.306322 3760.538180 3762.795215 3766.694767 3767.681408 3756.897690 3754.840567 3761.861947 3771.319240 3776.281117 3776.368835 3775.869981 3771.848242 3770.583544 3770.328387 3768.524230 3767.745532 3769.108900 3766.251759 3768.894873 3774.312593 3777.679771 3772.863572 3764.566719 3767.037011 3775.604898 3784.886216 3792.518618 3802.609673 3813.301545 3813.799134 3809.476793 3801.075828 3788.836064 3766.577779 3749.431715 3738.502329 3730.430665 3723.216497 3726.738526 3721.849972 3736.150801 3738.041215
3714.211503 3735.439584 3755.244416 3760.720925 3754.651133 3751.071992 3750.014289 3750.560871 3749.341408 3749.323043 3757.373498 3768.773352 3779.386812 3781.178178 3782.792647 3781.294101 3773.947584 3763.558785 3760.993889 3773.932953 3790.665468 3798.385345 3797.641986 3792.670465 3795.110775 3795.430600 3796.257805 3793.117992 3793.597305 3790.536188 3795.218540 3802.893692 3810.990235 3809.695596 3797.239347 3784.755946 3784.922221 3790.814465 3798.351936 3806.148395 3816.281809 3825.300488 3820.546297 3815.721765 3808.787782 3783.667865 3761.770883 3747.916374 3748.318926 3749.232375 3744.941030 3743.173077 3742.726374 3739.169673 3739.584337
3749.327242 3768.186211 3788.400934 3800.862816 3794.594843 3787.192442 3779.000295 3779.089507 3779.020755 3784.446377 3794.342490 3806.282761 3827.577073 3826.461568 3826.427496 3824.420802 3811.205427 3797.812870 3788.006207 3810.726718 3821.867956 3828.752137 3825.451570 3829.772992 3838.190166 3834.758956 3828.732922 3816.375206 3821.859055 3827.482927 3842.642388 3850.769226 3856.283079 3851.173731 3836.829303 3829.895938 3831.899931 3839.048330 3840.811744 3850.120690 3858.639737 3873.529241 3872.055885 3869.627196 3850.130249 3813.074228 3784.532052 3773.145766 3785.444293 3779.980388 3773.647197 3774.133543 3763.573171 3757.009033 3760.014672
3779.462575 3792.243610 3808.179820 3824.466272 3814.962697 3804.893441 3787.899190 3784.358317 3788.005194 3798.193595 3815.486180 3832.718158 3852.060301 3849.278884 3841.213872 3850.887105 3843.824611 3832.746211 3825.343194 3848.390685 3858.191030 3868.196147 3873.305553 3885.959002 3896.238098 3878.639300 3860.779810 3849.552474 3856.876731 3883.428673 3906.686149 3911.467572 3910.201691 3909.107701 3892.794094 3888.221423 3885.315363 3886.511121 3884.363484 3882.815679 3909.261151 3931.575341 3931.527773 3910.172844 3887.524928 3847.260612 3809.355255 3786.111825 3801.094615 3797.553154 3801.446442 3792.032411 3780.834735 3775.079981 3773.646327
3826.638025 3847.213812 3863.089204 3885.185781 3874.636960 3850.647387 3833.425818 3835.742192 3849.505808 3857.805262 3876.870269 3893.012280 3918.067216 3928.883666 3939.008801 3942.979341 3936.161485 3927.695588 3915.864328 3922.282706 3947.325293 3958.968533 3966.987517 3975.066681 3987.792949 3987.380414 3979.788184 3977.745987 3982.327675 3996.863895 4012.244076 4019.036821 4021.752194 4023.914925 4009.171047 3995.808554 3994.463358 3989.487616 3989.077516 3988.531256 4001.350796 4023.348760 4019.865842 3981.535247 3954.525923 3918.767444 3879.910329 3850.630680 3846.031310 3866.928152 3865.990700 3849.926481 3840.690470 3815.959669 3812.469522
3893.988280 3926.811910 3950.913466 3960.675912 3967.374880 3951.164458 3948.625938 3952.953659 3961.651696 3964.628520 3970.991567 4003.584372 4037.433694 4061.975115 4084.692529 4091.753461 4079.163422 4069.399297 4055.627390 4046.939844 4059.153516 4076.977291 4094.898269 4109.780180 4121.182556 4123.032503 4121.395668 4121.428688 4124.750341 4127.783951 4132.351393 4141.265361 4149.021741 4157.495808 4165.057979 4153.834365 4136.742187 4127.920430 4119.607872 4119.444694 4121.240741 4125.928285 4127.093687 4108.706569 4064.674201 4032.239931 3999.776041 3981.360056 3969.096734 3970.792568 3952.516365 3927.579536 3874.955464 3837.790829 3806.790710
3978.335149 4023.480302 4052.892823 4069.239202 4081.783340 4077.987083 4079.912916 4080.829539 4084.364279 4086.403438 4088.537757 4116.308867 4158.994874 4199.141207 4230.950966 4230.231794 4215.756916 4204.266481 4195.382094 4180.333458 4176.313061 4189.890671 4206.177207 4227.343949 4237.675668 4243.183819 4239.417068 4239.614129 4241.689169 4244.118891 4246.353796 4250.336509 4260.534969 4276.295270 4291.467297 4290.244161 4270.164145 4251.924557 4236.037190 4234.328058 4232.429558 4227.555334 4230.209713 4232.187882 4214.566545 4181.818103 4140.851097 4100.376145 4084.965927 4070.520732 4059.673175 4042.212810 3998.665857 3928.869184 3887.521962
4094.365700 4130.221295 4159.630811 4190.286170 4204.728867 4206.170471 4203.236546 4201.644533 4208.771586 4210.999244 4215.984968 4232.756853 4266.842897 4303.952317 4334.546065 4349.795985 4341.258118 4322.215921 4298.970996 4288.226934 4284.994760 4288.970768 4299.143320 4313.066855 4333.526327 4353.793071 4359.688705 4360.612242 4357.874513 4360.396790 4362.074651 4362.215217 4365.547059 4374.876588 4385.391868 4388.946817 4380.496294 4358.253418 4333.903715 4322.989550 4316.795401 4313.502805 4315.008701 4320.838358 4324.658350 4309.000882 4271.595681 4225.310537 4195.525171 4181.259245 4168.693946 4154.162654 4141.062791 4105.123700 4083.124411
4205.044201 4220.934473 4250.149080 4279.786608 4302.434387 4317.018031 4316.839147 4319.484286 4324.382217 4331.353980 4346.508737 4370.984276 4391.350250 4415.466933 4443.465648 4460.697761 4465.927745 4463.834594 4459.136632 4460.209023 4460.612638 4388.930861 4395.990398 4403.039600 4422.541678 4439.744994 4446.042122 4446.769631 4443.867016 4445.889722 4446.762811 4446.601101 4446.221427 4449.106163 4454.898074 4457.111722 4454.375098 4440.269359 4462.122855 4441.260179 4427.330998 4418.866758 4410.402571 4402.106399 4392.567439 4382.443375 4361.247215 4329.083192 4294.004634 4273.306491 4265.802395 4259.488242 4250.299429 4244.227371 4226.440727
4304.613816 4315.247607 4334.291762 4357.915922 4393.698556 4418.390772 4430.181036 4439.812968 4444.565122 4459.042848 4476.617846 4458.017029 4467.525301 4477.364607 4487.140991 4490.498286 4491.459557 4491.016002 4488.571980 4487.685305 4485.070470 4481.852327 4471.120023 4472.759027 4474.818670 4477.474921 4481.269932 4480.215358 4481.375185 4484.345929 4482.515775 4476.315841 4472.105050 4470.525084 4471.656930 4479.189782 4482.777850 4483.781237 4479.833896 4478.830925 4477.690862 4473.798774 4468.939578 4462.089544 4453.326998 4470.912711 4458.243212 4428.807589 4386.477147 4343.396551 4336.829669 4339.723294 4339.280543 4337.830086 4332.081873
4434.927122 4449.223400 4464.632205 4437.810229 4463.377892 4476.462420 4482.580517 4487.112699 4490.060253 4493.706867 4490.746325 4487.827484 4482.865103 4481.206620 4479.822521 4477.352286 4477.970589 4476.080414 4471.950321 4467.752754 4459.379600 4447.554571 4436.371882 4432.543032 4436.783211 4442.564383 4447.935842 4452.705702 4456.541899 4456.290302 4450.614298 4441.992099 4434.281324 4432.673735 4439.683710 4445.502549 4452.367679 4453.300736 4451.897372 4449.274579 4448.910901 4445.423330 4445.563427 4452.832888 4468.047568 4470.078315 4476.832785 4475.870887 4456.818726 4422.319266 4438.291335 4418.046596 4424.567334 4419.837109 4408.312278
4481.673649 4484.844849 4482.978751 4482.038713 4475.520049 4469.363505 4468.550688 4472.606281 4479.720906 4480.718100 4473.593484 4464.868431 4457.493963 4449.830278 4447.380881 4446.949341 4446.763101 4447.338384 4441.993408 4432.247390 4414.717087 4403.056221 4391.963067 4386.004232 4381.746354 4384.849159 4396.484220 4409.337001 4414.500853 4404.548883 4395.795655 4383.627325 4375.502709 4375.996193 4376.751475 4386.434332 4404.073347 4412.374873 4413.215689 4406.405714 4399.430744 4392.582513 4389.277076 4395.685833 4411.219836 4428.519607 4444.759300 4454.251927 4462.159341 4469.510346 4466.690691 4469.827851 4471.554077 4469.116881 4473.126121
4476.378100 4469.252490 4462.128297 4456.718280 4450.256242 4444.996138 4443.091710 4444.814308 4446.498637 4442.162557 4435.781690 4425.727026 4414.559890 4404.760155 4396.729800 4397.768617 4400.147985 4401.953735 4394.385643 4378.679625 4360.612009 4347.006762 4333.052531 4329.086004 4322.908045 4314.408034 4324.448720 4344.877737 4352.564771 4335.799744 4324.621314 4309.116799 4302.679216 4298.451538 4299.067658 4307.934073 4331.178660 4356.538643 4358.874442 4347.622931 4336.430036 4331.756247 4328.450644 4332.749522 4349.337668 4370.582629 4387.176198 4397.964295 4403.336716 4411.154292 4420.627546 4435.504074 4450.842830 4463.619841 4467.496604
4450.814419 4443.008083 4435.293988 4427.592706 4420.651807 4414.383329 4410.020807 4408.038008 4403.738060 4397.524499 4390.402629 4368.168187 4355.539831 4342.279520 4326.950245 4322.869268 4317.581792 4318.474961 4306.807459 4299.265071 4283.160657 4267.752036 4252.063495 4238.000616 4232.260822 4225.341576 4222.304746 4235.363088 4243.680317 4235.014734 4225.437161 4215.260632 4211.107503 4207.735444 4210.373332 4220.909245 4239.960206 4258.302167 4267.151723 4260.005502 4259.666014 4260.315422 4258.754189 4265.346305 4275.494911 4293.222361 4316.168662 4335.987178 4346.151328 4352.964733 4362.107294 4376.690707 4391.008034 4405.616402 4424.012271
4420.110375 4410.699739 4400.681139 4390.828011 4380.220987 4369.555722 4362.874527 4365.760523 4359.762781 4354.195044 4329.696839 4272.397346 4250.454448 4231.147888 4214.569777 4207.510330 4198.742102 4180.656829 4172.029537 4167.964511 4172.138248 4158.457751 4140.900326 4122.823242 4117.981641 4114.577852 4095.273504 4088.522271 4088.468260 4107.569589 4101.818996 4101.627597 4104.498670 4102.168667 4103.049734 4115.656825 4122.464775 4126.906815 4133.898679 4140.262486 4151.833924 4160.503936 4172.344128 4189.967848 4200.419518 4215.370707 4235.607950 4261.889629 4278.006052 4287.610576 4297.972442 4313.292028 4329.469969 4347.411328 4369.969950
4385.152756 4367.957543 4353.091889 4338.621837 4325.807395 4312.822488 4296.301631 4298.320002 4296.377346 4285.590108 4227.476510 4186.930319 4152.627277 4135.558483 4111.460184 4097.324046 4079.650990 4038.352041 4020.140881 4020.984747 4038.185846 4036.142199 4021.257889 4009.898505 4000.196450 3990.206964 3971.349397 3950.238897 3956.666338 3976.690534 3978.974698 3983.570506 3992.402509 3992.220253 3984.737624 3980.069412 3991.579184 3996.464064 4008.061334 4027.316325 4032.473516 4050.793891 4086.467592 4099.197088 4114.255070 4132.275118 4152.373525 4174.345876 4197.475403 4211.725251 4227.037955 4245.400659 4262.034898 4282.254436 4304.673939
4333.268216 4301.385815 4279.865137 4262.251496 4242.649699 4214.212961 4194.218717 4191.918366 4185.849474 4154.394924 4100.544538 4065.956868 4044.006919 4022.275501 3999.507022 3974.534613 3934.698365 3899.175704 3877.001130 3895.336660 3907.652257 3921.983380 3911.278489 3901.056096 3891.659488 3872.626114 3855.460177 3837.868034 3849.546376 3858.280233 3879.976353 3887.757272 3891.791258 3898.547171 3897.026056 3884.653972 3876.949398 3884.795505 3894.529768 3906.882012 3930.428737 3967.463136 3992.266949 4010.699786 4031.035273 4049.224954 4070.081028 4092.630751 4115.496854 4132.486714 4150.549229 4168.653293 4189.273661 4207.807497 4230.011734
4250.352378 4222.130925 4195.977934 4172.768065 4139.884105 4091.746567 4077.436667 4068.383097 4044.285652 3994.095363 3952.613152 3935.280419 3925.016204 3902.313310 3882.182393 3852.833788 3818.410561 3798.143606 3777.692381 3789.242153 3800.659055 3823.215129 3815.464593 3809.928180 3807.911851 3792.570250 3779.555711 3762.677865 3768.732013 3781.547887 3806.720739 3813.260139 3817.630254 3827.694057 3827.027815 3821.772904 3801.904867 3808.060150 3818.856520 3833.695633 3865.570289 3887.536988 3909.446000 3931.106142 3949.998574 3970.994305 3992.520528 4014.907447 4041.139138 4060.354416 4078.950134 4100.065620 4118.564801 4131.607840 4146.370838
4140.124258 4116.798332 4098.182733 4074.236261 4029.938963 3986.032949 3943.580526 3914.324126 3858.654623 3823.626828 3807.128064 3810.526930 3800.418568 3782.153985 3764.602775 3746.492781 3726.321677 3709.168577 3684.413590 3690.783794 3707.984266 3726.298977 3729.846168 3732.344997 3731.654814 3723.155273 3709.968360 3696.465128 3700.333937 3718.041853 3736.417424 3747.241163 3755.285639 3763.071009 3762.610141 3752.180866 3741.486917 3745.743702 3761.131936 3776.877141 3793.103997 3812.746604 3832.653424 3852.384339 3874.160111 3895.890416 3917.857657 3941.783005 3967.824668 3988.688309 4011.620154 4035.231758 4050.381580 4057.623426 4063.257852
4036.773109 4018.839664 3996.440288 3969.033579 3927.088480 3888.377053 3848.351765 3799.395412 3766.961730 3739.811023 3736.609715 3723.293289 3712.484715 3700.284451 3681.425505 3667.040764 3654.458815 3634.392159 3627.264190 3635.754927 3649.875341 3657.691247 3666.057711 3664.666522 3662.971011 3658.227051 3644.512823 3642.118706 3652.656512 3667.838759 3681.215214 3693.149681 3700.042560 3704.785627 3701.480891 3691.818406 3689.381905 3697.257985 3712.304931 3724.880985 3738.254144 3757.736069 3776.368189 3796.729317 3817.913258 3838.550722 3861.622394 3885.423321 3910.242520 3936.534625 3957.518610 3974.169882 3981.176731 3988.965188 3985.596195
3912.855013 3903.527272 3878.434320 3850.666976 3823.194610 3792.503234 3770.881654 3741.301202 3712.995975 3685.838980 3661.383638 3651.870155 3648.190863 3637.483797 3622.657511 3613.471830 3599.570779 3592.658605 3601.326826 3602.765345 3610.474379 3608.224866 3609.757441 3607.950581 3607.903332 3606.648936 3602.080577 3615.463248 3621.750156 3634.756351 3644.498341 3654.206055 3659.721446 3662.941184 3664.207981 3660.355461 3666.537684 3671.846613 3684.665388 3694.908657 3707.068061 3725.644077 3741.106399 3758.412691 3779.043323 3800.373228 3822.446579 3846.433388 3872.846899 3895.739620 3911.350575 3915.800878 3922.960416 3921.693659 3907.637017
