tests/Borden05m/data_simulated/sim_1/output-maps/psiliqL0025N0006.asc
ncols         160
nrows         34
xllcorner     620200.000000
yllcorner     5168000.000000
cellsize      0.500000
NODATA_value  -9999.0
[rows 0 to 24 of 34, columns 55 to 109 of 160]
-9999.0 -9999.0 -9999.0 -9999.0 -9999.0 -9999.0 -9999.0 -9999.0 -9999.0 -9999.0 -9999.0 -9999.0 -9999.0 -9999.0 -9999.0 -9999.0 -9999.0 -9999.0 -9999.0 -9999.0 -9999.0 -9999.0 -9999.0 -9999.0 -9999.0 -9999.0 -9999.0 -9999.0 -9999.0 -9999.0 -9999.0 -9999.0 -9999.0 -9999.0 -9999.0 -9999.0 -9999.0 -9999.0 -9999.0 -9999.0 -9999.0 -9999.0 -9999.0 -9999.0 -9999.0 -9999.0 -9999.0 -9999.0 -9999.0 -9999.0 -9999.0 -9999.0 -9999.0 -9999.0 -9999.0
-9999.0 -9999.0 -9999.0 -9999.0 3198.467180 3193.143024 3188.319783 3183.750140 3175.304269 3165.962334 3158.019414 3153.805791 3152.610519 3151.720330 3151.048599 3155.875457 3163.856911 3171.402122 3178.229384 3180.410223 3182.695691 3184.515768 3184.707970 3183.506047 3180.219371 3177.005257 3173.574314 3171.850902 3164.415710 3153.252227 3144.892321 3142.187517 3146.371423 3150.715234 3153.176332 3158.403118 3168.811694 3179.427106 3187.834529 3200.357394 3207.304035 3212.662279 3215.318493 3211.371031 3208.133775 3204.225921 3198.209129 3187.144541 -9999.0 -9999.0 -9999.0 -9999.0 -9999.0 -9999.0 -9999.0
3143.453311 3161.800573 3182.473966 3185.556881 3174.046131 3168.962431 3165.776491 3164.033420 3159.684432 3151.117571 3145.920718 3140.370614 3137.701832 3137.625438 3137.432605 3141.039282 3151.663074 3159.381814 3163.871135 3166.415260 3169.161766 3167.608065 3166.772734 3166.469055 3163.505052 3159.965008 3156.527858 3154.630392 3155.971060 3148.346338 3142.362691 3138.479459 3135.604346 3138.318374 3140.986586 3145.485151 3154.679196 3162.609651 3170.608379 3185.553780 3198.704233 3204.408102 3201.922850 3197.371567 3193.632883 3186.347864 3175.872650 3165.907220 3157.703139 3151.605713 3146.326875 3140.062949 3146.554343 3154.431456 3163.885241
3126.615188 3145.664891 3165.968814 3168.470230 3158.121474 3150.301636 3143.534229 3143.952697 3147.294955 3143.949950 3139.045007 3131.356131 3141.144499 3142.044257 3142.655340 3145.727449 3147.580277 3152.441387 3154.778047 3160.009397 3168.880602 3171.581941 3171.926797 3171.885082 3169.824450 3166.497966 3164.469896 3161.605403 3156.270029 3154.468172 3154.113853 3152.863719 3156.985502 3158.486800 3161.318776 3155.757491 3160.135133 3166.406196 3173.386233 3179.013270 3185.036187 3187.729179 3184.517946 3185.096045 3177.044963 3163.501741 3153.678952 3146.260402 3146.443590 3143.590162 3135.794575 3122.279061 3130.624794 3146.817184 3151.700606
3130.614053 3139.387548 3149.877796 3152.285426 3147.150002 3149.193529 3150.854054 3151.960288 3149.994067 3146.356350 3142.005030 3152.409042 3160.610540 3161.859311 3164.168004 3167.950115 3168.574600 3157.530073 3155.360576 3162.583780 3172.153337 3177.225732 3177.290225 3176.830464 3173.163495 3171.915547 3171.604356 3169.694137 3169.190220 3170.729605 3168.403160 3171.410697 3176.850831 3179.883507 3174.728595 3166.301825 3168.477406 3176.912806 3185.766906 3193.377924 3203.629622 3214.513773 3214.791874 3210.319000 3201.927630 3189.564922 3167.424648 3149.935380 3139.133102 3131.354037 3124.247209 3127.162673 3122.739721 3136.517013 3138.439616
3116.563557 3136.776446 3156.689254 3162.517463 3156.375676 3152.408044 3150.919705 3151.410557 3150.362269 3150.826574 3159.611352 3171.315966 3182.304829 3184.140643 3185.826306 3184.462635 3176.970444 3166.576932 3163.724532 3176.956928 3193.236173 3200.984610 3200.449867 3196.271459 3199.541663 3199.469763 3199.739604 3196.211822 3196.961984 3194.766653 3200.444533 3208.061658 3215.922457 3214.519498 3202.188261 3189.959335 3189.824723 3195.130589 3201.853367 3209.384516 3219.602808 3228.848647 3224.150893 3219.016413 3211.653744 3186.060328 3163.585060 3149.351468 3149.878592 3150.800111 3146.548888 3144.644758 3143.771150 3139.656371 3140.004005
3152.356781 3171.449617 3191.160700 3204.085942 3197.768265 3190.101019 3181.388684 3181.441354 3181.842626 3187.622813 3197.937273 3210.761237 3232.358817 3231.850613 3232.310039 3231.148250 3218.286831 3205.077418 3194.956490 3216.591960 3227.450162 3234.599303 3232.230830 3237.576050 3246.204382 3242.496451 3236.037265 3224.077689 3229.670958 3236.475294 3251.540452 3259.334580 3264.476476 3260.158486 3246.512917 3239.862068 3241.196555 3247.377416 3248.348722 3256.746130 3265.688881 3280.703278 3279.572145 3276.016954 3256.175828 3219.461149 3190.077831 3177.439708 3188.351236 3182.849631 3176.907410 3176.758130 3165.727847 3158.489817 3161.072430
3184.529251 3198.018367 3214.118678 3230.528386 3221.774989 3211.425151 3195.033076 3191.938197 3196.166677 3206.100323 3223.468285 3241.546752 3261.509344 3260.727571 3254.746792 3264.240495 3257.223914 3246.450639 3238.828588 3259.351423 3269.501547 3279.739024 3285.675810 3298.225564 3308.659428 3292.649996 3275.966332 3265.941374 3272.769900 3297.820445 3319.750675 3324.535827 3323.759641 3323.455038 3308.678881 3303.738855 3300.116115 3300.077847 3297.264636 3295.293781 3320.119543 3341.341387 3341.145041 3319.683068 3297.093220 3258.056424 3220.616069 3195.989738 3208.168394 3205.138466 3208.365034 3198.169666 3186.448935 3178.854127 3176.330826
3235.537186 3257.390532 3273.843911 3295.372587 3286.870363 3264.167956 3248.648707 3251.222564 3264.481870 3272.263506 3290.257205 3307.677211 3333.716099 3346.342297 3358.008967 3361.853043 3354.644868 3346.032020 3333.908704 3338.546581 3361.828303 3373.391826 3381.826748 3390.336243 3402.899600 3403.628663 3397.027361 3395.268859 3399.513319 3412.455558 3426.446800 3433.158777 3436.378993 3439.214089 3426.757084 3414.102155 3411.784888 3406.121789 3404.516784 3403.668766 3414.517288 3434.414207 3431.420573 3395.899816 3369.278813 3334.755650 3296.777454 3267.591630 3260.877412 3279.166004 3276.623658 3260.578579 3249.730413 3223.431588 3217.761186
3305.457393 3338.300207 3362.632858 3372.963678 3380.639057 3366.468704 3364.508323 3368.499334 3376.628288 3379.735771 3386.109937 3418.319413 3451.996468 3477.142829 3499.864429 3507.039794 3494.829269 3485.021009 3471.595309 3462.724892 3473.217265 3490.212957 3507.748276 3522.674630 3533.959278 3536.134773 3534.574134 3534.638682 3537.653751 3540.635839 3544.837226 3553.128989 3560.732638 3569.477245 3577.710613 3567.619832 3550.688339 3541.245112 3531.948610 3530.920306 3532.176849 3535.717020 3536.806400 3520.834214 3479.734474 3448.530420 3416.640214 3396.635600 3383.121586 3382.188485 3364.198033 3340.294522 3289.651640 3252.495319 3221.323521
3391.718496 3435.325634 3464.468455 3481.897550 3494.607130 3491.863612 3493.620198 3494.634304 3498.391861 3500.831988 3503.733010 3530.163538 3571.410476 3610.576854 3641.664094 3641.710770 3628.177359 3616.865694 3607.655076 3593.473073 3589.549738 3601.893185 3617.056753 3637.106904 3647.587759 3653.876148 3650.715356 3650.944718 3652.670590 3654.994391 3657.116345 3660.663378 3670.181623 3685.103133 3699.452788 3698.699842 3680.048340 3662.152112 3646.083121 3643.389629 3640.792640 3635.870446 3638.162987 3640.055846 3624.732553 3593.875845 3554.385050 3514.019235 3496.898370 3481.592096 3470.758604 3454.085942 3414.687879 3349.309999 3310.764107
3506.623748 3540.291821 3569.246094 3599.445011 3614.414593 3616.854286 3614.377877 3613.294221 3620.267179 3623.115568 3628.935448 3645.453052 3677.207247 3712.382702 3741.941931 3757.411430 3749.759244 3732.001577 3709.976432 3700.333313 3697.476742 3701.026869 3710.434408 3723.123031 3742.505133 3761.811009 3767.575672 3768.454083 3765.778651 3768.192085 3769.742578 3769.857532 3772.718076 3781.106817 3790.906531 3794.260427 3786.578464 3765.678971 3742.298176 3730.819003 3724.246230 3720.810985 3721.723790 3726.763275 3729.887538 3715.233143 3679.895437 3635.726263 3605.688813 3590.318099 3577.484145 3563.555151 3551.288872 3519.145342 3498.449322
3615.422436 3630.565868 3658.666675 3687.364940 3710.035983 3724.764704 3725.246946 3728.329313 3733.069208 3740.454367 3755.522974 3778.726298 3797.655336 3820.157534 3846.643647 3862.828691 3868.090596 3866.459968 3862.449829 3863.658514 3864.009327 3801.501393 3807.737573 3813.953258 3830.965713 3846.306069 3851.856745 3852.491381 3849.959313 3851.786348 3852.547979 3852.445205 3852.073153 3854.373889 3859.426409 3861.357463 3858.970193 3846.397105 3864.495685 3844.496322 3831.047037 3822.845051 3814.608633 3806.355368 3796.932444 3787.060400 3767.093148 3736.317291 3702.004491 3680.408664 3672.445533 3666.383402 3658.015291 3652.386483 3635.493016
3713.950376 3724.519871 3742.655834 3765.333492 3799.177888 3822.528116 3833.903465 3843.189182 3847.850422 3861.762913 3878.369612 3862.444651 3870.739103 3879.322326 3887.850662 3890.779366 3891.617921 3891.230990 3888.839809 3888.066326 3885.652533 3882.167342 3871.712356 3873.320851 3875.265656 3877.885357 3881.617170 3880.509576 3881.618347 3884.572401 3882.813754 3876.774680 3872.701845 3871.126987 3872.120731 3879.553632 3883.039816 3883.996827 3880.645320 3879.712929 3878.718406 3875.323180 3871.084307 3865.108744 3857.464822 3872.204278 3860.170466 3832.188330 3792.033262 3750.945533 3743.210178 3744.927594 3744.863052 3743.345008 3737.775294
3838.588759 3852.243402 3867.008937 3844.924672 3867.228377 3878.642541 3883.979605 3888.086398 3890.890016 3894.007278 3890.995738 3887.984821 3883.101896 3881.540239 3880.189867 3877.752842 3878.384129 3876.497815 3872.436662 3868.403473 3860.457090 3848.900802 3837.724831 3834.171588 3838.479391 3844.097018 3849.246158 3853.687963 3857.409744 3857.426426 3851.961831 3843.536522 3835.990516 3834.330288 3841.207502 3846.952441 3853.470949 3854.346166 3852.953454 3850.465062 3850.221860 3846.954831 3847.166404 3854.241886 3868.992562 3871.747041 3877.639239 3876.800136 3860.180166 3830.084894 3841.469897 3821.547467 3827.561290 3822.988117 3811.665613
3882.310202 3885.076570 3883.448697 3882.345267 3875.970674 3869.920937 3869.146780 3873.168459 3880.219932 3881.290249 3874.246649 3865.680547 3858.463671 3851.051938 3848.717361 3848.157076 3847.909085 3848.416040 3843.131704 3833.842197 3816.854470 3805.288201 3794.229905 3788.295181 3784.528533 3788.001177 3799.237302 3811.395267 3816.434793 3807.162215 3798.711967 3786.904698 3778.835569 3779.282646 3780.328321 3789.829516 3806.652913 3814.167865 3814.956245 3808.489664 3802.008101 3795.347311 3792.277457 3798.701694 3813.995180 3830.748600 3846.347480 3855.487437 3863.207517 3870.322229 3868.777848 3871.514518 3873.020373 3870.894309 3873.881076
3876.673225 3869.700253 3862.736183 3857.453824 3851.023952 3845.737049 3843.919999 3845.819726 3847.785611 3843.715841 3837.359337 3827.394645 3816.408413 3806.746520 3799.178337 3800.221138 3802.596763 3804.274112 3797.026205 3781.711593 3763.944973 3750.501262 3736.670125 3732.761878 3726.900253 3719.295124 3729.421253 3749.127846 3756.499934 3740.446617 3729.580760 3714.403617 3707.820209 3703.832226 3704.614798 3713.536563 3736.000577 3760.050776 3762.117737 3751.162589 3740.279001 3735.531659 3732.298270 3736.901121 3753.595446 3774.361027 3790.407758 3800.807996 3806.125216 3813.897156 3823.276797 3837.520565 3852.313098 3864.639867 3869.359589
3851.616824 3843.881525 3836.252206 3828.669798 3821.817108 3815.667150 3811.421127 3809.497417 3805.621280 3799.576688 3792.614642 3772.104194 3759.761602 3746.953237 3732.147275 3728.347279 3723.656917 3724.817765 3713.401425 3705.472530 3689.063586 3673.801597 3658.266086 3645.019304 3639.340763 3632.692068 3631.078223 3644.569556 3653.008410 3643.493323 3633.818420 3623.174217 3618.655107 3615.299895 3617.768277 3628.193648 3647.735967 3666.029173 3674.407729 3667.035051 3665.666565 3665.612636 3663.990293 3670.222129 3680.970923 3698.840388 3721.118222 3739.952669 3749.760122 3756.582032 3765.747246 3780.122100 3794.187007 3808.485381 3826.432411
3821.217141 3811.972541 3802.128650 3792.498045 3782.100022 3771.638431 3765.229306 3767.943468 3762.011834 3756.482106 3733.984090 3679.148352 3658.246278 3639.494591 3623.443474 3616.884383 3608.612532 3592.681548 3584.148357 3579.764834 3581.982340 3568.128312 3550.766717 3533.201173 3528.390419 3524.914328 3507.653082 3503.114348 3503.679980 3519.910086 3513.879988 3512.631739 3514.540130 3512.159057 3513.439585 3526.165763 3533.843356 3539.257908 3545.957203 3550.683945 3561.136903 3569.087326 3579.170882 3596.145605 3606.862605 3622.000035 3642.134221 3667.565452 3682.847449 3692.196063 3702.442795 3717.583715 3733.617661 3751.223106 3773.495942
3786.762187 3770.363005 3755.921908 3741.764617 3729.218826 3716.549869 3700.935511 3702.956633 3700.967078 3690.899478 3636.356999 3595.856303 3562.303913 3545.390687 3522.054278 3508.784413 3492.668270 3454.532556 3437.342781 3437.118896 3452.189192 3448.900033 3433.803092 3422.100210 3412.835005 3403.587142 3385.958604 3367.232840 3373.355497 3391.889379 3392.915562 3396.328487 3404.237262 3403.729775 3396.972594 3394.138632 3406.056955 3411.395698 3422.459725 3440.000915 3444.746136 3461.024822 3494.540611 3507.101683 3521.820388 3539.859600 3559.916110 3581.658809 3603.896040 3617.649314 3632.536571 3650.693372 3667.096014 3687.147095 3709.486236
3736.320827 3705.513615 3684.661965 3667.542823 3648.690630 3622.058592 3602.327868 3600.341601 3594.447462 3565.696049 3513.770356 3478.589126 3455.645964 3434.295106 3411.743411 3388.390413 3351.410814 3317.085639 3295.641300 3311.804123 3323.367954 3335.353476 3324.242989 3313.746159 3304.387164 3286.500376 3269.812468 3253.445980 3264.561460 3273.246242 3292.408794 3299.353434 3303.275900 3309.184768 3307.669058 3296.700405 3291.277945 3299.118475 3308.732543 3320.459319 3341.796777 3376.963183 3401.282357 3419.057405 3439.013074 3457.154023 3477.951903 3500.340796 3522.564035 3539.029280 3556.828499 3574.822714 3595.196648 3613.881897 3636.302617
3656.804034 3628.981063 3603.083779 3580.380706 3549.132168 3503.257701 3489.308103 3480.788560 3459.294983 3412.277083 3371.212939 3351.233990 3339.014089 3316.499631 3296.228957 3267.870616 3234.553370 3213.585805 3193.570656 3204.473905 3215.261339 3235.879632 3227.551781 3221.156722 3218.525591 3203.437975 3190.381674 3174.049749 3180.407076 3192.662999 3216.290818 3222.333733 3226.474120 3235.883954 3235.066768 3230.244208 3212.315346 3218.754976 3229.241941 3243.558467 3274.245511 3296.317010 3318.183118 3339.311459 3358.007337 3378.782170 3400.276698 3422.523603 3448.143353 3466.957149 3485.230459 3506.042694 3524.548416 3538.295787 3553.948212
3549.482046 3526.077709 3507.139803 3483.621782 3441.395106 3398.207638 3358.013956 3331.858652 3280.176256 3246.055426 3226.782892 3226.893153 3215.770036 3197.127233 3179.288649 3161.328405 3140.471215 3122.635473 3098.306834 3104.393986 3120.855454 3138.478931 3140.434094 3141.928670 3140.893467 3131.994569 3118.810814 3105.360792 3109.202892 3126.415153 3144.460764 3154.604322 3162.330504 3170.010078 3169.591757 3159.759622 3149.397369 3153.774613 3168.719739 3184.026151 3200.852776 3220.690661 3240.623629 3260.125092 3281.660616 3303.297662 3325.173947 3348.967578 3374.657502 3394.938317 3417.557194 3440.915607 3456.500803 3464.351399 3471.254230
3448.085693 3429.668826 3407.357399 3380.669319 3339.669927 3301.029737 3261.243833 3214.844561 3182.914114 3155.916084 3150.548371 3136.637363 3124.915033 3111.974708 3093.062132 3078.063661 3064.592652 3044.402948 3035.502055 3043.551201 3057.588498 3066.128299 3073.543194 3071.939896 3070.070433 3064.882302 3051.233934 3047.461246 3057.620262 3072.817226 3086.438195 3098.006494 3104.823778 3109.767563 3106.525954 3097.076283 3093.929490 3101.726053 3116.708097 3129.525630 3143.427736 3163.034062 3181.666721 3201.970491 3223.102417 3243.762345 3266.807545 3290.565557 3315.211351 3340.990681 3362.039791 3379.282403 3386.746469 3394.907943 3393.271218
3326.461180 3316.094607 3291.402237 3264.139148 3236.201046 3204.626948 3181.886587 3152.623373 3124.282029 3096.947833 3072.692283 3062.101098 3057.570545 3046.422568 3031.025998 3021.257836 3006.990925 2998.276442 3005.436633 3007.260991 3015.706434 3014.186425 3015.612963 3013.647081 3013.455561 3011.670436 3006.007171 3018.207109 3024.686385 3037.983489 3047.897903 3057.522471 3063.137836 3066.487016 3067.450024 3063.066891 3068.676306 3074.239209 3087.276377 3097.693543 3110.252258 3129.071142 3144.707014 3162.203774 3182.664879 3204.000789 3226.136333 3250.089580 3276.371724 3299.278785 3315.347275 3320.476900 3328.055974 3327.885028 3315.192329
