tests/Borden05m/data_simulated/sim_1/output-maps/psiliqL0004N0017.asc
ncols         160
nrows         34
xllcorner     620200.000000
yllcorner     5168000.000000
cellsize      0.500000
NODATA_value  -9999.0
[rows 0 to 24 of 34, columns 56 to 111 of 160]
-9999.0 -9999.0 -9999.0 -9999.0 -9999.0 -9999.0 -9999.0 -9999.0 -9999.0 -9999.0 -9999.0 -9999.0 -9999.0 -9999.0 -9999.0 -9999.0 -9999.0 -9999.0 -9999.0 -9999.0 -9999.0 -9999.0 -9999.0 -9999.0 -9999.0 -9999.0 -9999.0 -9999.0 -9999.0 -9999.0 -9999.0 -9999.0 -9999.0 -9999.0 -9999.0 -9999.0 -9999.0 -9999.0 -9999.0 -9999.0 -9999.0 -9999.0 -9999.0 -9999.0 -9999.0 -9999.0 -9999.0 -9999.0 -9999.0 -9999.0 -9999.0 -9999.0 -9999.0 -9999.0 -9999.0 -9999.0
-9999.0 -9999.0 -9999.0 -579.983974 -582.442471 -584.316708 -585.577178 -589.182188 -592.197854 -595.543412 -596.313005 -596.109425 -596.667044 -597.756939 -595.936636 -593.473237 -591.289947 -588.560715 -588.740438 -588.272244 -587.272455 -587.018567 -587.510894 -588.780970 -589.722103 -590.779018 -589.922968 -593.577093 -598.456398 -602.243006 -603.093977 -600.128609 -598.222640 -598.280167 -596.327448 -592.298110 -588.713498 -587.000017 -582.803024 -582.616351 -580.857640 -578.592521 -580.525403 -581.252119 -581.400379 -581.333096 -586.561889 -9999.0 -9999.0 -9999.0 -9999.0 -9999.0 -9999.0 -9999.0 -9999.0 -9999.0
-591.698141 -584.375276 -584.431080 -593.456068 -594.745680 -595.246905 -595.088864 -596.749145 -600.644492 -601.926034 -604.759737 -605.929090 -606.225344 -607.191602 -606.092079 -601.358517 -597.953227 -596.760324 -597.109095 -597.164740 -597.979491 -598.618137 -598.484010 -599.709824 -600.914806 -602.168872 -602.063146 -599.698139 -603.250467 -605.187931 -606.921619 -608.563389 -607.767676 -607.078862 -606.615137 -602.074761 -599.884039 -598.087814 -591.924299 -586.347054 -584.654575 -586.585025 -588.974598 -588.871553 -589.676102 -592.402999 -595.139658 -596.129577 -597.588728 -598.399314 -600.518769 -597.388771 -596.798560 -592.998619 -589.660355 -585.728007
-600.778249 -592.453316 -592.639293 -599.929889 -604.577685 -606.178304 -605.332329 -602.442587 -603.864969 -606.603319 -610.499564 -605.910152 -606.359790 -606.644660 -605.674083 -604.094599 -603.416223 -602.580406 -601.196451 -596.974935 -596.985551 -597.249770 -597.083430 -597.862255 -599.257112 -599.345361 -600.213303 -603.564891 -603.204752 -602.471875 -603.086857 -599.780940 -599.470680 -597.784624 -603.395156 -602.260221 -600.442349 -598.896656 -597.544639 -596.035101 -594.482406 -596.895616 -595.521898 -598.057481 -603.265107 -605.320457 -605.767273 -602.781550 -601.425009 -603.995062 -612.022815 -607.656717 -598.638480 -598.758861 -599.583578 -594.810348
-605.947306 -603.514235 -604.158095 -607.390389 -604.709311 -602.497224 -601.059390 -602.440067 -605.221849 -608.381312 -601.023635 -597.655243 -598.864156 -597.929183 -595.902059 -596.022377 -604.810119 -607.121248 -603.295466 -599.144322 -597.265213 -598.628873 -599.323602 -600.769914 -600.885114 -600.157087 -601.226383 -599.955394 -598.692728 -599.874163 -597.425141 -594.653905 -592.345386 -597.908955 -603.211395 -602.899153 -598.523490 -595.110804 -592.976289 -588.126954 -581.313909 -582.322810 -584.191766 -585.789894 -587.967348 -596.897081 -604.961544 -608.385843 -610.036457 -612.506425 -611.020935 -612.530061 -605.331407 -605.622195 -606.427694 -602.689103
-611.280197 -601.687546 -599.084144 -603.882869 -606.767063 -608.169454 -607.480096 -608.333084 -607.903784 -601.143150 -596.779250 -590.287208 -591.797931 -591.415193 -591.680423 -597.832521 -602.939806 -606.131469 -596.633242 -588.827626 -585.946654 -587.422445 -588.666964 -582.492844 -584.309040 -585.388775 -589.237325 -587.831973 -587.880054 -580.935362 -577.873672 -574.223451 -575.563026 -582.427479 -588.421078 -588.939910 -588.204547 -588.494490 -586.386809 -581.465131 -575.717921 -579.379472 -581.783527 -582.967694 -596.284392 -607.481482 -612.054022 -606.105997 -602.748337 -603.709287 -603.403073 -603.439136 -608.194497 -607.194874 -606.776443 -608.743907
-591.963531 -585.877258 -577.634140 -582.748162 -586.998681 -594.030475 -593.432931 -592.386612 -589.534214 -585.254577 -577.905773 -565.452681 -566.662594 -565.531348 -562.013520 -568.542175 -575.066430 -584.021386 -573.812574 -570.512259 -566.534781 -566.247092 -558.492617 -551.631335 -555.676941 -561.639373 -568.483728 -564.208468 -554.796436 -545.667059 -542.850431 -541.371781 -540.043152 -546.343285 -548.791898 -550.493542 -550.241290 -553.981626 -553.373232 -546.419452 -535.434568 -534.486940 -540.716593 -552.501737 -570.258463 -586.834327 -596.245098 -588.110152 -590.953876 -592.603074 -591.806480 -598.106483 -602.119589 -597.915471 -602.542406 -606.061624
-582.760240 -576.469993 -566.831852 -570.366910 -577.803218 -585.809037 -585.759814 -580.926002 -577.786279 -568.037030 -554.198391 -537.595137 -527.518701 -519.699224 -511.723257 -517.813894 -525.229249 -533.450951 -531.521508 -521.475299 -511.096139 -499.556146 -486.421207 -472.701973 -476.859299 -484.828724 -486.102226 -482.295101 -466.151038 -451.034418 -444.687353 -440.876955 -434.671625 -439.737420 -448.756009 -459.405482 -469.949435 -479.162729 -485.638974 -472.120558 -457.790614 -460.575911 -486.344694 -508.952988 -533.849202 -556.738629 -578.307166 -579.020666 -576.299482 -574.047857 -581.906988 -586.829368 -594.647598 -597.068166 -597.493456 -605.322273
-536.596413 -522.784623 -507.834226 -501.698672 -513.362797 -515.688359 -511.310468 -501.881528 -497.374659 -484.814233 -451.731560 -409.266221 -378.510262 -356.399990 -352.300785 -359.769153 -368.600006 -383.043887 -390.736081 -377.955020 -365.377102 -354.519988 -345.331309 -336.589053 -330.636081 -331.240514 -331.201022 -329.242344 -326.533025 -321.874560 -316.520928 -311.122204 -305.130227 -303.310588 -310.689743 -318.263001 -326.670500 -334.340468 -336.716655 -338.545638 -334.050755 -334.761714 -349.762872 -372.207298 -403.984513 -445.446345 -481.991939 -506.368123 -507.844836 -520.154523 -531.521313 -544.144792 -566.234916 -573.824105 -578.831572 -596.742748
-443.288470 -408.522349 -388.209008 -371.047806 -369.163707 -365.668273 -362.381737 -357.076578 -352.569307 -346.932017 -322.008459 -291.730745 -262.455037 -238.437897 -228.975246 -237.028984 -246.118530 -256.473012 -265.645967 -265.688829 -254.137033 -239.780823 -225.689157 -216.413236 -213.177377 -214.724301 -214.628603 -213.605207 -210.740758 -208.833741 -204.830415 -198.693418 -188.712569 -176.451866 -179.222283 -194.712986 -207.907211 -223.638863 -231.698233 -235.275491 -240.542948 -241.231617 -242.052273 -263.621890 -286.980938 -314.254529 -341.170506 -359.815203 -380.066741 -402.799382 -427.054632 -472.433485 -510.983318 -538.525278 -559.334835 -579.164601
-324.908308 -299.658308 -275.802592 -261.400392 -255.566806 -252.692726 -248.455218 -241.030802 -234.789663 -226.571377 -209.406608 -177.042092 -141.163620 -108.303043 -99.549061 -105.463060 -116.267348 -126.577731 -134.408382 -138.097945 -132.782328 -124.479082 -112.130757 -101.607893 -93.113063 -91.914886 -92.751265 -91.773249 -89.418572 -89.331998 -87.274558 -83.801219 -73.295910 -64.111750 -64.037286 -71.252638 -87.547112 -106.181979 -121.864247 -132.658872 -139.903533 -141.458127 -141.354639 -142.558410 -162.212582 -193.251427 -233.766530 -262.184517 -283.750991 -296.805281 -310.537877 -323.719270 -354.251270 -372.260831 -404.606292 -447.620588
-226.878323 -200.525771 -173.004145 -153.435235 -142.631394 -139.405989 -132.677617 -119.756847 -110.390710 -99.860479 -83.183197 -64.562113 -35.439207 12.105837 35.796237 33.947751 7.176761 10.513122 9.057092 -8.901709 9.101275 14.771806 18.790239 30.286826 24.411868 45.835083 29.172516 45.165814 47.745504 30.185166 47.333966 29.640406 49.247954 55.131712 38.882586 54.102720 42.636528 24.073503 -18.375320 -34.185222 -40.887679 -45.168336 -46.312493 -48.916429 -58.564499 -83.391281 -120.651101 -156.512348 -182.515507 -201.129090 -214.473781 -223.821819 -232.132915 -245.702858 -269.749902 -304.308310
-121.744680 -98.637412 -76.886939 -51.406996 -34.566853 -28.692274 -13.508300 16.264004 28.845377 26.740379 58.831669 68.416069 79.173097 101.403231 110.699308 116.179181 116.597676 118.034489 120.597692 119.038665 118.513303 119.726945 119.945669 120.579860 121.899392 123.251099 122.310334 123.252426 124.311887 122.983702 124.405577 123.096812 122.136034 122.783754 121.344711 122.260382 119.965993 112.823737 96.591873 85.332391 78.644429 71.500826 63.593562 54.501407 45.826668 30.859801 -17.382689 -54.300137 -86.935945 -106.350165 -115.921137 -122.292528 -127.730076 -141.652805 -162.085924 -187.712181
12.438695 26.456374 26.357754 64.622787 78.450116 72.822044 96.422089 103.632222 113.769438 122.955967 126.256687 125.751328 126.123889 127.336750 127.541185 127.629630 127.822263 125.301553 124.913224 123.941499 118.598749 109.686613 110.984719 112.077006 114.239354 117.531506 115.859740 115.622690 119.035632 118.071502 113.423826 110.181358 108.682532 108.714762 115.416923 118.233572 117.579075 118.892306 118.503679 118.316447 118.319341 118.000959 118.159306 117.872870 113.757031 105.402342 84.930503 58.088244 27.809736 -14.163102 -27.662739 -28.559200 -33.196273 -41.397246 -65.514138 -93.520075
106.003507 116.744634 125.198601 127.106303 126.880208 126.515745 129.144771 130.859306 131.534961 127.550648 123.536103 119.719365 118.211534 117.184871 114.892364 115.624008 113.743153 110.034171 106.904367 100.681141 88.819821 76.876230 75.042913 79.720865 84.165973 87.694592 88.546504 75.157742 92.793444 90.294017 83.492524 76.889136 74.756745 80.681808 86.233915 89.661750 73.816819 88.002552 87.863529 88.618659 87.152546 87.965340 94.760822 108.181855 116.167962 116.279701 116.095942 115.619619 114.297709 93.196157 74.276273 76.413930 72.293525 59.856395 14.822399 -13.402980
121.494447 121.102178 118.811039 113.434000 108.189418 107.763650 111.427625 117.946452 119.512923 112.975549 105.448020 97.296597 89.892568 88.310059 86.629164 85.874507 85.704089 80.271018 72.103887 38.116620 17.276146 3.455979 -3.534807 -4.740727 0.605902 8.440773 14.608019 16.161140 13.737872 8.486454 -0.283054 -7.695612 -7.446117 -4.511691 3.582774 14.203548 13.959237 16.836979 14.107754 12.035582 8.023265 8.964628 21.899196 59.620951 75.195624 87.058978 94.543289 102.697525 108.721685 115.575882 115.486598 115.551015 115.518358 111.222343 96.811719 78.501911
106.827474 98.933690 93.725565 87.060343 81.173543 79.860843 82.928008 86.720147 84.270382 77.594387 65.656821 31.609953 16.215904 9.502762 9.391027 10.798213 10.575778 3.987067 -11.389869 -33.201332 -49.946673 -65.197688 -69.922435 -74.453350 -76.742753 -66.751433 -52.695589 -48.078379 -59.026170 -67.191202 -79.569476 -86.688546 -88.885292 -87.051656 -78.061281 -61.235681 -46.284011 -45.315356 -53.165570 -60.605601 -64.043532 -64.200947 -53.312219 -28.710416 -7.488517 7.976835 21.571829 46.716354 60.766486 70.636512 81.041328 92.979813 104.054894 114.789259 115.357484 115.119474
77.410880 47.055585 34.205152 25.663948 19.036975 14.645717 12.274040 10.357100 4.493951 -2.821951 -14.751489 -32.013878 -45.844589 -59.409924 -62.871250 -64.938425 -63.360599 -74.609625 -86.939067 -107.716607 -123.940751 -139.599092 -148.052632 -153.774968 -159.000380 -151.656789 -136.009308 -127.198596 -142.152561 -151.839402 -164.774734 -171.126048 -174.086962 -172.953563 -163.985748 -141.978011 -124.334583 -118.682342 -126.459511 -133.133622 -135.920670 -135.590329 -128.895145 -110.778639 -89.180308 -68.500143 -52.196890 -38.257467 -27.282576 -15.426934 0.346262 18.811284 52.980390 72.124343 89.810719 103.953289
9.616335 -5.613124 -17.555363 -28.785388 -39.443041 -45.377741 -45.120656 -51.898009 -58.333151 -68.702812 -108.732182 -125.139492 -142.214517 -156.223656 -160.885281 -167.335253 -170.380235 -179.557802 -187.099637 -198.719618 -213.926403 -229.498384 -242.844722 -247.106146 -250.839209 -254.386077 -245.246631 -241.262865 -243.962235 -250.584594 -257.423025 -261.024152 -263.268474 -259.946892 -248.463762 -237.038376 -226.286561 -221.478995 -226.432455 -221.800608 -216.589451 -216.121772 -201.694963 -187.520249 -169.653020 -148.465851 -126.294926 -113.449081 -103.059494 -91.163376 -74.458084 -55.188447 -32.711284 -7.440315 20.913183 56.927764
-43.748528 -58.067399 -72.381886 -84.827283 -96.798577 -107.841270 -107.453577 -111.289276 -117.583735 -148.525977 -188.235492 -216.616741 -232.641800 -250.684576 -258.847854 -265.947321 -284.062020 -295.439730 -302.909709 -302.344688 -312.508754 -326.498635 -337.871486 -342.980698 -346.409084 -353.718971 -356.197748 -353.454086 -346.883810 -352.172994 -355.109143 -353.412385 -355.190144 -356.609740 -350.137963 -339.507571 -333.175954 -326.591134 -320.240096 -316.466679 -311.141405 -291.419497 -279.038001 -266.455104 -248.734462 -228.945516 -207.985705 -190.353872 -178.319831 -164.630891 -145.965795 -128.592979 -106.306577 -81.033443 -50.824652 -27.245232
-109.380167 -126.878600 -141.734717 -156.403900 -171.683472 -190.835242 -192.743628 -199.277414 -210.427488 -247.071054 -282.083740 -309.099476 -326.682630 -345.118075 -356.636092 -375.115747 -405.403322 -426.962460 -427.291720 -421.875668 -428.052091 -446.322961 -462.838232 -474.353297 -485.639499 -499.229464 -506.965714 -500.052531 -492.392782 -491.563215 -491.395075 -488.674722 -488.633636 -489.458174 -489.094887 -476.621260 -466.455892 -455.173248 -445.135002 -435.238823 -405.920513 -378.574988 -360.933389 -343.706024 -327.017685 -307.297423 -286.204628 -268.536456 -255.390341 -239.041975 -221.272939 -201.824587 -180.970461 -155.490727 -125.674035 -101.407724
-174.738204 -198.391875 -217.280314 -236.846758 -265.796309 -277.941338 -285.529508 -292.423825 -317.132457 -348.846611 -380.538477 -413.259455 -444.213099 -472.473936 -496.338696 -519.421435 -538.879216 -550.756443 -545.083838 -541.198997 -535.777717 -545.046975 -552.747549 -555.361367 -562.643344 -569.305211 -577.341614 -571.266542 -567.660097 -559.884643 -559.869906 -559.229650 -555.913716 -557.380077 -558.174485 -562.435152 -557.024709 -552.991316 -547.822267 -532.900820 -516.449026 -497.450069 -478.125881 -454.338413 -425.315656 -393.673127 -364.853601 -342.129485 -325.807369 -309.157156 -290.356841 -272.782151 -255.257540 -234.201590 -208.695788 -185.985432
-261.299838 -279.720223 -298.589762 -324.570189 -357.205875 -382.019668 -393.396274 -424.418614 -460.004701 -501.722756 -523.452371 -537.353875 -550.587206 -560.406176 -568.299920 -579.602557 -587.990653 -599.296762 -595.300687 -589.214399 -581.098968 -587.269624 -588.606305 -587.833679 -592.306715 -597.198960 -604.398077 -603.064148 -596.875747 -589.669198 -589.193852 -587.440481 -583.589795 -583.545433 -586.707733 -592.642203 -590.825689 -586.149893 -581.230392 -572.491613 -563.816234 -555.006573 -546.746169 -535.536703 -521.245220 -503.366580 -478.206582 -446.378526 -419.959422 -388.524502 -359.388720 -339.880836 -327.886664 -313.141962 -289.872226 -272.441690
-341.929209 -360.472536 -385.370383 -430.234270 -479.281932 -517.329359 -538.161097 -555.713979 -570.890085 -577.870138 -583.862170 -589.996789 -595.380132 -601.151361 -606.382424 -610.892938 -617.316676 -628.518421 -623.890646 -617.196660 -610.036989 -609.643276 -610.495802 -610.193236 -612.188679 -617.466381 -626.058634 -622.115884 -616.251683 -610.920425 -608.864405 -607.541428 -604.531816 -606.565978 -611.050168 -617.153701 -614.164039 -608.674434 -605.059844 -600.476895 -594.071049 -587.320226 -580.474926 -572.639219 -564.439557 -553.869629 -541.666188 -527.170959 -510.167260 -488.931498 -461.540267 -442.771312 -423.254016 -404.422616 -379.014017 -357.462405
-464.085822 -490.401211 -513.286169 -536.091932 -557.844359 -570.168107 -580.864786 -590.041947 -599.144600 -605.139992 -609.502215 -608.614553 -611.017265 -616.600502 -617.183609 -620.480835 -629.407506 -626.475633 -623.948646 -616.927696 -617.945201 -618.234765 -619.882347 -618.903038 -620.153765 -628.438790 -624.136184 -622.018420 -616.761795 -615.320425 -613.817110 -612.725421 -611.679796 -612.586614 -618.297217 -617.025680 -615.150783 -610.245870 -609.263169 -606.513063 -600.439328 -597.553622 -593.048827 -587.074201 -580.606659 -573.032199 -564.039593 -552.447252 -540.736036 -529.668887 -524.537073 -516.455416 -509.432035 -511.682018 -495.769172 -476.999845
