tests/Borden05m/data_simulated/sim_1/output-maps/psiliqL0000N0007.asc
ncols         160
nrows         34
xllcorner     620200.000000
yllcorner     5168000.000000
cellsize      0.500000
NODATA_value  -9999.0
[rows 0 to 24 of 34, columns 0 to 57 of 160]
-9999.0 -9999.0 -9999.0 -9999.0 -9999.0 -9999.0 -9999.0 -9999.0 -9999.0 -9999.0 -9999.0 -9999.0 -9999.0 -9999.0 -9999.0 -9999.0 -9999.0 -9999.0 -9999.0 -9999.0 -9999.0 -9999.0 -9999.0 -9999.0 -9999.0 -9999.0 -9999.0 -9999.0 -9999.0 -9999.0 -9999.0 -9999.0 -9999.0 -9999.0 -9999.0 -9999.0 -9999.0 -9999.0 -9999.0 -9999.0 -9999.0 -9999.0 -9999.0 -9999.0 -9999.0 -9999.0 -9999.0 -9999.0 -9999.0 -9999.0 -9999.0 -9999.0 -9999.0 -9999.0 -9999.0 -9999.0 -9999.0 -9999.0
-9999.0 -9999.0 -9999.0 -9999.0 -9999.0 -9999.0 -9999.0 -9999.0 -9999.0 -9999.0 -9999.0 -9999.0 -9999.0 -9999.0 -9999.0 -9999.0 -9999.0 -9999.0 -9999.0 -9999.0 -9999.0 -9999.0 -9999.0 -9999.0 -9999.0 -9999.0 -9999.0 -9999.0 -9999.0 -9999.0 -9999.0 -9999.0 -9999.0 -9999.0 -9999.0 -9999.0 -9999.0 -9999.0 -9999.0 -9999.0 -9999.0 -9999.0 -9999.0 -9999.0 -9999.0 -9999.0 -9999.0 -9999.0 -9999.0 -9999.0 -9999.0 -9999.0 -9999.0 -9999.0 -9999.0 -9999.0 -9999.0 -9999.0
-9999.0 -9999.0 -9999.0 -9999.0 -9999.0 -9999.0 -9999.0 -9999.0 -9999.0 -9999.0 -9999.0 -9999.0 -9999.0 -9999.0 -9999.0 -9999.0 -9999.0 -9999.0 -9999.0 -9999.0 -9999.0 -9999.0 -9999.0 -9999.0 -9999.0 -9999.0 -9999.0 -9999.0 -9999.0 -9999.0 -9999.0 -9999.0 -9999.0 -9999.0 -9999.0 -9999.0 -9999.0 -9999.0 -9999.0 -9999.0 -9999.0 -9999.0 -9999.0 -9999.0 -9999.0 -9999.0 -9999.0 -473.076211 -477.738458 -483.499554 -485.248109 -479.004178 -476.847749 -475.077325 -474.301097 -473.697544 -472.203450 -468.412582
-9999.0 -9999.0 -9999.0 -9999.0 -9999.0 -9999.0 -9999.0 -9999.0 -9999.0 -9999.0 -9999.0 -9999.0 -9999.0 -9999.0 -9999.0 -9999.0 -9999.0 -9999.0 -9999.0 -9999.0 -9999.0 -9999.0 -9999.0 -9999.0 -9999.0 -9999.0 -9999.0 -9999.0 -9999.0 -9999.0 -9999.0 -9999.0 -9999.0 -9999.0 -9999.0 -9999.0 -9999.0 -9999.0 -9999.0 -9999.0 -476.358007 -474.166619 -472.180163 -475.126148 -475.970277 -475.027135 -477.849200 -481.404903 -485.203340 -483.726093 -483.751367 -487.168703 -483.292874 -480.481880 -480.184773 -480.144303 -477.973793 -473.345008
-9999.0 -9999.0 -9999.0 -9999.0 -9999.0 -9999.0 -9999.0 -9999.0 -9999.0 -9999.0 -9999.0 -9999.0 -9999.0 -9999.0 -9999.0 -9999.0 -9999.0 -9999.0 -9999.0 -9999.0 -9999.0 -9999.0 -9999.0 -9999.0 -9999.0 -9999.0 -9999.0 -9999.0 -9999.0 -9999.0 -9999.0 -9999.0 -9999.0 -9999.0 -483.182583 -479.254045 -477.986774 -476.899350 -474.791010 -476.215400 -477.470249 -475.608023 -477.342606 -477.124602 -478.923634 -482.550704 -486.150595 -488.022838 -485.160438 -485.917191 -486.093768 -484.348721 -483.660887 -483.978089 -481.857840 -477.945963 -481.295625 -480.909963
-9999.0 -9999.0 -9999.0 -9999.0 -9999.0 -9999.0 -9999.0 -9999.0 -9999.0 -9999.0 -9999.0 -9999.0 -9999.0 -9999.0 -9999.0 -9999.0 -9999.0 -9999.0 -9999.0 -9999.0 -9999.0 -9999.0 -9999.0 -9999.0 -9999.0 -9999.0 -9999.0 -9999.0 -476.285581 -477.898100 -479.094837 -478.934516 -479.538360 -482.022553 -482.972244 -483.028483 -481.352932 -478.327166 -478.328742 -479.251081 -479.316444 -480.340346 -482.806223 -482.906149 -479.836911 -481.992460 -482.724223 -484.027191 -488.138951 -489.223406 -487.022796 -485.136779 -483.765426 -484.073366 -484.708546 -485.773897 -486.427328 -481.282779
-9999.0 -9999.0 -9999.0 -9999.0 -9999.0 -9999.0 -9999.0 -9999.0 -9999.0 -9999.0 -9999.0 -9999.0 -9999.0 -9999.0 -9999.0 -9999.0 -9999.0 -9999.0 -9999.0 -9999.0 -9999.0 -9999.0 -9999.0 -478.396475 -476.916950 -476.505397 -475.269909 -476.080213 -479.512852 -481.587506 -482.443255 -483.186410 -485.033871 -485.415912 -485.801484 -485.155156 -484.955653 -481.739160 -484.325207 -486.092466 -483.146819 -484.120566 -481.906656 -479.331893 -479.821871 -479.071148 -483.544232 -486.890387 -483.236969 -481.969451 -482.518479 -483.858155 -483.367820 -482.704797 -481.875825 -479.823201 -477.007931 -474.916965
-9999.0 -9999.0 -9999.0 -9999.0 -9999.0 -9999.0 -9999.0 -9999.0 -9999.0 -9999.0 -9999.0 -9999.0 -9999.0 -9999.0 -9999.0 -9999.0 -9999.0 -9999.0 -9999.0 -477.426492 -477.982235 -479.053945 -478.792810 -482.247707 -483.764605 -483.029492 -481.477560 -482.621412 -484.535257 -486.142290 -485.988364 -485.852158 -486.409824 -484.288832 -482.767514 -482.703518 -483.962414 -481.695786 -481.554864 -480.514623 -476.500446 -479.704931 -482.629196 -484.140395 -484.280089 -485.278243 -482.753262 -482.141131 -482.253037 -483.093226 -483.619569 -483.556010 -483.984128 -481.544844 -479.800127 -478.971924 -478.465719 -476.891055
-9999.0 -9999.0 -9999.0 -9999.0 -9999.0 -9999.0 -9999.0 -9999.0 -9999.0 -9999.0 -9999.0 -9999.0 -9999.0 -9999.0 -9999.0 -9999.0 -477.038293 -477.385441 -478.741225 -480.979816 -482.844810 -482.999607 -481.808970 -484.366472 -485.326565 -484.987740 -486.257388 -485.278879 -484.193639 -482.837106 -482.329852 -484.256523 -484.256210 -484.934616 -485.695562 -485.642194 -483.059314 -480.894336 -481.250519 -479.896863 -476.549852 -479.241497 -480.247774 -480.158299 -481.922250 -481.268763 -475.954077 -477.783433 -481.434858 -476.230505 -473.964546 -476.129780 -477.778285 -475.353821 -471.699002 -467.289951 -458.449138 -453.699014
-9999.0 -9999.0 -9999.0 -9999.0 -9999.0 -9999.0 -9999.0 -9999.0 -9999.0 -9999.0 -9999.0 -9999.0 -9999.0 -476.601173 -476.960807 -476.804498 -480.243478 -482.828947 -484.454718 -486.705694 -484.318843 -486.367052 -487.153353 -486.919376 -484.833625 -485.052860 -485.094983 -483.979580 -484.827872 -485.869494 -486.908026 -488.757316 -487.375240 -486.107149 -485.568816 -483.783533 -482.891188 -482.687296 -481.069038 -481.801794 -480.902235 -482.297420 -484.832273 -485.530259 -484.218065 -479.819782 -477.209545 -477.540005 -471.956111 -466.146082 -464.084749 -460.757729 -460.035246 -459.232982 -455.544709 -440.715118 -417.378328 -397.068349
-9999.0 -9999.0 -9999.0 -9999.0 -9999.0 -9999.0 -9999.0 -9999.0 -9999.0 -9999.0 -480.987213 -479.356732 -481.796756 -486.412197 -488.473995 -487.663852 -486.838228 -488.714418 -488.903036 -484.608539 -482.406742 -487.030569 -484.381830 -484.649915 -486.797251 -486.694237 -485.922434 -486.250134 -484.031417 -484.548008 -485.224616 -481.466579 -481.195170 -480.901451 -480.263638 -479.741194 -479.910246 -475.353256 -471.936547 -474.239080 -468.395150 -464.941761 -469.413544 -471.183673 -470.951548 -467.124833 -460.780905 -451.897751 -444.288616 -426.978114 -410.915126 -401.524061 -395.447408 -388.351319 -378.098341 -338.310583 -222.819482 -167.099776
-9999.0 -9999.0 -9999.0 -9999.0 -9999.0 -9999.0 -9999.0 -9999.0 -487.296307 -484.783894 -483.229994 -485.261425 -487.974520 -492.927669 -491.248169 -489.683387 -488.740310 -487.208902 -486.691357 -486.403283 -488.010621 -486.916503 -484.500462 -485.781614 -485.926080 -484.542028 -485.116703 -484.209063 -482.560707 -484.914794 -484.771312 -483.795653 -483.128805 -482.678827 -481.957279 -482.449400 -478.164654 -472.489359 -466.424673 -461.331125 -453.698747 -443.712854 -445.916842 -444.808246 -443.356914 -425.051458 -403.717458 -380.020688 -341.008717 -238.954319 -175.641748 -150.959902 -140.407738 -130.772469 -116.876551 -95.417719 -51.482244 -18.253050
-9999.0 -9999.0 -9999.0 -9999.0 -9999.0 -9999.0 -490.842564 -485.406771 -482.823937 -489.269050 -494.134318 -495.743517 -498.618734 -492.482754 -487.141426 -486.384047 -485.901262 -485.299995 -486.321752 -490.587511 -482.903346 -485.947560 -488.368163 -486.590611 -487.483727 -487.974694 -487.232125 -484.780531 -484.767834 -479.638602 -476.957399 -475.113170 -471.644784 -470.315349 -468.699839 -466.600650 -458.779199 -447.512999 -430.828210 -409.677347 -390.532386 -367.013115 -355.330714 -344.711866 -317.394740 -233.231321 -175.203558 -136.964646 -96.821397 -47.379561 -15.743484 -4.579812 0.003801 0.014854 0.024683 0.034394 0.041029 0.055024
-9999.0 -9999.0 -9999.0 -9999.0 -487.213492 -486.211080 -487.610116 -483.023277 -479.884597 -487.801708 -485.115702 -486.548057 -489.153890 -492.365055 -496.205150 -493.894937 -492.732631 -492.125315 -493.194611 -485.929514 -480.106964 -485.885228 -483.679719 -478.308242 -481.033286 -481.359253 -482.232179 -480.939352 -477.952867 -474.494717 -463.304136 -453.860372 -449.182252 -442.622956 -433.911361 -417.989469 -398.163684 -366.633620 -291.920955 -196.320748 -149.460167 -124.220120 -110.621591 -100.277445 -79.753545 -46.146149 -20.360197 -0.791542 0.028659 0.051618 0.069241 0.078112 0.073224 0.076345 0.080520 0.092792 0.103120 0.117828
-9999.0 -9999.0 -9999.0 -490.214313 -484.957166 -483.345084 -486.565984 -486.106137 -482.362466 -486.883042 -487.901910 -488.842446 -489.499236 -489.684959 -490.342294 -489.228930 -489.347894 -490.941936 -490.541799 -487.005355 -486.663203 -484.770164 -483.997070 -481.920138 -480.089449 -480.320255 -479.848682 -476.586874 -466.469358 -456.750675 -434.973755 -403.368066 -376.514876 -349.050299 -300.533973 -213.772689 -171.301324 -129.927169 -82.287348 -37.563401 -8.768733 0.015774 0.034330 0.036812 0.042093 0.045027 0.053308 0.060699 0.069216 0.093516 0.131475 0.180771 0.216552 0.223242 1.489363 13.177408 21.960274 31.648522
-9999.0 -9999.0 -488.775034 -485.880646 -488.535752 -485.168514 -481.484037 -485.472898 -480.985500 -479.981500 -485.866531 -483.404060 -482.472549 -486.374241 -484.966588 -483.324812 -482.626338 -486.969604 -490.609019 -486.972422 -477.953194 -472.115136 -471.463510 -453.809671 -445.720715 -440.653292 -438.930923 -426.029597 -408.549790 -372.736169 -279.934727 -189.681811 -140.094705 -106.463829 -80.953413 -47.892295 -21.595931 -6.481378 0.026196 0.043593 0.057859 0.070177 0.095956 0.107802 0.096211 0.109433 0.138576 0.190671 3.375358 18.907461 34.922557 35.835958 35.235472 35.682980 34.954947 35.281269 35.236455 35.305239
-9999.0 -9999.0 -492.291104 -487.328928 -491.552202 -484.126879 -477.502602 -486.332187 -485.301888 -478.678545 -481.894340 -482.174211 -484.696558 -485.744363 -483.852792 -478.451051 -482.427855 -483.950267 -492.273220 -477.734716 -467.063750 -448.773104 -408.531977 -374.330979 -338.243443 -329.926169 -314.042218 -246.719831 -197.077620 -145.257181 -84.208527 -32.092210 -0.087429 0.029417 0.039541 0.049081 0.061895 0.073358 0.080427 0.126503 0.161960 0.297909 14.669489 29.880215 35.848171 35.027373 35.715661 35.248008 35.681547 35.048267 35.304102 31.428787 31.010345 30.977876 32.368369 27.553204 21.946107 16.279413
-9999.0 -492.979729 -490.660837 -490.929889 -486.251542 -489.064938 -484.317342 -477.192364 -479.731218 -478.431373 -480.260359 -487.764003 -473.999466 -462.532523 -461.065822 -451.518332 -457.643935 -461.137219 -470.425457 -457.468776 -431.091612 -360.675356 -195.014346 -133.053615 -101.275836 -94.874386 -92.573801 -67.053212 -39.572116 -12.971219 0.036514 0.060413 0.096755 0.189406 0.327199 0.310335 9.080425 22.973544 38.211112 40.570695 39.864212 40.227863 35.307038 35.876235 35.134919 35.871339 32.275241 26.833902 19.648252 14.536981 11.059671 6.437675 8.946566 11.768798 13.228589 6.662434 0.648627 0.357189
-9999.0 -500.769734 -490.816267 -485.200348 -488.413231 -494.038825 -481.783984 -462.945277 -474.748441 -480.086874 -484.207178 -475.696043 -444.046122 -411.330606 -392.906380 -366.802076 -373.347420 -387.047846 -388.364168 -350.717158 -241.108396 -156.811438 -40.807573 0.053780 0.041899 0.057123 0.058222 0.076345 0.110010 0.186806 7.334594 27.898395 30.053261 29.699816 29.993622 29.669734 29.823637 29.472156 26.473182 22.849566 18.583500 18.555762 21.764527 21.310587 18.780600 16.393456 11.120245 3.947324 0.535194 0.385497 0.374708 0.315949 0.296326 0.492440 0.351679 0.293771 0.231804 0.214934
-9999.0 -492.416344 -480.787048 -484.445346 -495.197283 -482.873872 -480.287846 -470.346512 -465.227897 -474.101998 -462.985261 -413.717904 -328.422313 -191.562821 -138.916835 -124.995375 -121.733087 -134.104365 -124.208711 -85.689618 -26.428249 0.037934 0.078159 11.724711 17.228472 17.176247 17.184219 17.140486 17.143802 17.110858 17.101705 15.203599 19.436986 21.437571 20.024061 17.290256 12.937373 5.454503 1.109672 0.443077 0.297145 0.275075 0.472637 0.828450 0.459593 0.391361 0.327779 0.280518 0.258487 0.237537 0.243818 0.231783 0.264077 0.230729 0.244695 0.223038 0.169653 0.154702
-9999.0 -505.708201 -489.410554 -503.974045 -485.652701 -470.780120 -477.626018 -459.912903 -441.869833 -443.215223 -373.176357 -205.491943 -85.084690 -17.522992 0.017545 0.045511 0.063329 0.081422 0.131318 0.978863 13.735351 25.571338 25.485128 25.587944 17.161122 17.224080 10.066350 0.308609 0.221083 0.174989 0.201037 0.271287 0.322227 0.622453 0.287542 0.440933 0.492126 0.317472 0.297297 0.236608 0.205887 0.172101 0.144955 0.297131 0.204669 0.230578 0.203704 0.186718 0.174616 0.169458 0.158586 0.147658 0.168307 0.143344 0.178930 0.150391 0.093584 0.081300
-9999.0 -515.018367 -504.018756 -496.009405 -479.945737 -469.685124 -461.620773 -442.763756 -398.187783 -352.054396 -199.716780 -85.830990 -1.471367 0.097122 0.236782 0.627733 7.781178 7.776812 7.769984 1.190575 0.103641 0.086295 0.126121 0.205856 0.278838 0.497979 0.256801 0.199026 0.181880 0.215890 0.187968 0.200757 0.192942 0.169593 0.117194 0.154267 0.278829 0.174285 0.155637 0.147026 0.140238 0.122098 0.113509 0.119103 0.114384 0.146069 0.118602 0.106414 0.098074 0.096730 0.091417 0.086853 0.099253 0.093595 0.088178 0.075058 0.045261 0.020765
-9999.0 -535.646122 -499.651219 -495.828695 -486.552210 -485.147644 -485.310761 -470.858827 -450.576300 -354.164065 -127.163229 -40.788396 0.022401 0.043755 0.076142 0.230659 0.391068 0.106390 0.069464 0.061363 0.062078 0.080276 0.089413 0.107611 0.131663 0.199638 0.193974 0.154210 0.119923 0.109496 0.109324 0.089922 0.077535 0.091203 0.069119 0.100085 0.140253 0.092200 0.078717 0.066355 0.055986 0.046149 0.041095 0.053663 0.053250 0.049850 0.043502 0.037156 0.028615 0.021868 0.017687 0.015362 0.006494 -4.751884 -15.866115 -34.807451 -77.818712 -116.465136
-9999.0 -9999.0 -516.402589 -495.251536 -493.366090 -491.219648 -490.163420 -477.645670 -467.735947 -417.848954 -346.983073 -200.301154 -134.154608 -98.369864 -46.629650 0.004870 0.025648 0.060984 0.021448 0.031223 0.032274 0.031626 0.037482 0.043722 0.053871 0.062866 0.085407 0.073840 0.059953 0.043324 0.027591 0.018684 0.013259 0.000018 0.015373 0.036269 0.029498 0.022406 0.006750 -11.134079 -32.643679 -62.852064 -75.529244 -78.462905 -79.834636 -83.383884 -88.658686 -100.469050 -111.202595 -121.046055 -124.308992 -127.998957 -132.684283 -144.048197 -161.458730 -196.468796 -287.097084 -353.322396
-9999.0 -9999.0 -539.010827 -506.181643 -491.999516 -482.209604 -485.232358 -485.467876 -465.263890 -459.901730 -447.855599 -420.639332 -394.356523 -363.552540 -298.130881 -191.008195 -156.329138 -144.901627 -140.871719 -136.521052 -124.205352 -111.833023 -101.071339 -86.423687 -65.142673 -42.096498 -31.192780 -49.214934 -72.001779 -95.409685 -116.163410 -134.373148 -142.741626 -147.655322 -144.626221 -139.224907 -143.179386 -151.345373 -164.287351 -188.505902 -233.797144 -305.897932 -326.432653 -331.191219 -332.062991 -336.680804 -343.023846 -356.739776 -369.965091 -377.508169 -382.793846 -387.532506 -389.916611 -396.123131 -404.266980 -411.452195 -428.361997 -440.844814
