tests/Borden05m/data_simulated/sim_1/output-maps/psiliqL0011N0014.asc
ncols         160
nrows         34
xllcorner     620200.000000
yllcorner     5168000.000000
cellsize      0.500000
NODATA_value  -9999.0
[rows 0 to 24 of 34, columns 57 to 113 of 160]
-9999.0 -9999.0 -9999.0 -9999.0 -9999.0 -9999.0 -9999.0 -9999.0 -9999.0 -9999.0 -9999.0 -9999.0 -9999.0 -9999.0 -9999.0 -9999.0 -9999.0 -9999.0 -9999.0 -9999.0 -9999.0 -9999.0 -9999.0 -9999.0 -9999.0 -9999.0 -9999.0 -9999.0 -9999.0 -9999.0 -9999.0 -9999.0 -9999.0 -9999.0 -9999.0 -9999.0 -9999.0 -9999.0 -9999.0 -9999.0 -9999.0 -9999.0 -9999.0 -9999.0 -9999.0 -9999.0 -9999.0 -9999.0 -9999.0 -9999.0 -9999.0 -9999.0 -9999.0 -9999.0 -9999.0 -9999.0 -9999.0
-9999.0 -9999.0 419.303839 413.815630 408.562131 403.659005 394.730262 385.586564 377.184993 373.340609 372.573619 371.903777 371.663074 377.082579 385.194944 392.957559 400.274866 402.792513 405.344670 407.729111 408.330070 407.149623 403.972523 400.729906 397.364694 395.904233 387.729236 376.327288 367.461807 364.717893 369.196800 373.703258 376.217576 382.184458 392.994899 403.862572 412.428202 424.235216 429.858166 434.893419 437.829736 433.582160 429.833549 425.871734 420.755420 409.607059 -9999.0 -9999.0 -9999.0 -9999.0 -9999.0 -9999.0 -9999.0 -9999.0 -9999.0 -9999.0 -9999.0
402.421105 405.788787 394.739222 389.911940 386.667968 384.621889 379.711245 371.089466 365.888708 360.607489 358.994701 359.192058 359.417909 363.723615 373.898925 382.004812 386.905445 389.504043 392.175449 392.182542 391.784782 391.525631 388.708089 385.340927 381.990486 380.235009 380.521921 372.951928 367.570129 364.249880 362.809679 365.300610 367.641545 370.845092 380.397411 388.623817 396.854562 411.057781 423.362115 428.484753 425.869674 420.639922 416.625089 409.797051 399.610569 389.018952 378.844717 371.536404 365.830905 360.106971 365.921957 372.217931 382.085416 391.848943 403.739197 415.821181 -9999.0
387.143256 390.127877 379.431353 371.162284 366.510134 366.744630 369.249381 365.792834 361.324157 356.941852 365.370873 366.864047 368.221131 371.640991 375.006424 377.878569 380.760292 386.234706 395.358171 398.187298 398.849300 399.099668 397.364461 394.317736 392.572331 389.863707 384.731655 383.796998 384.230551 384.176197 389.295019 390.780305 392.291755 385.400298 388.795671 394.987817 401.825113 408.545174 415.320011 419.478763 416.068411 414.704158 405.952196 391.715956 380.013279 371.040048 368.512740 364.999646 356.895363 344.110748 350.797288 366.031622 370.393666 373.665312 385.271799 397.429378 407.670914
373.675640 376.884159 372.015405 373.294281 374.935791 376.566615 375.157862 372.409664 371.016369 384.082384 393.919024 396.029088 399.231926 402.960983 402.193102 390.185389 387.777087 396.329877 406.933604 413.005591 413.415280 413.544514 411.862844 410.929115 410.534714 408.313700 409.340931 412.014907 412.492211 417.478014 423.203570 426.018754 417.769690 408.449462 408.968323 416.540706 424.502967 431.800625 442.545549 453.888435 452.410105 446.195464 436.551605 422.182187 398.000377 377.641096 366.352497 358.942796 351.375357 350.535997 347.405366 357.921284 359.245557 360.675694 368.758004 378.802351 388.753962
389.683432 398.132924 392.425462 387.280105 384.389189 385.295024 385.844733 389.531416 402.917945 417.400765 432.850210 436.168729 439.194332 439.139347 429.931027 419.728878 415.810706 430.910180 447.223975 455.872103 457.044114 457.243576 464.936334 463.370056 461.252569 456.163919 458.598009 461.022143 471.977997 479.835958 486.891384 485.007754 472.938171 461.425750 459.377929 461.461031 463.975236 469.923035 480.212649 489.977789 484.507875 476.348762 464.989109 434.927473 406.177722 388.159574 387.654762 387.134248 381.627944 377.735834 373.570086 365.628887 364.552222 363.287229 362.262873 373.809571 385.742444
440.023697 456.706667 451.366788 443.399473 433.116671 433.979625 437.772655 446.695269 460.805116 479.920552 505.222596 509.542279 513.863989 517.683538 506.932542 494.753350 483.372958 500.518227 510.970955 520.445017 523.559527 534.765194 545.197808 540.589808 532.284252 522.464786 529.217253 542.508492 558.164583 565.192594 569.039364 568.449591 557.646416 551.623412 549.021775 549.879181 546.429301 550.057540 560.627468 575.619559 574.674257 563.497229 538.976285 500.420550 463.661113 440.574992 443.996845 436.044170 428.381215 423.190260 407.947862 395.662773 394.517428 384.068441 377.073528 387.847404 393.310162
491.421572 510.824008 507.375932 497.023607 484.609680 484.953026 493.572284 504.391696 524.754099 549.969348 576.167039 587.636158 593.596286 603.716690 597.558617 588.369815 579.864491 589.170752 602.043690 614.771186 626.043589 639.439362 651.552935 643.323239 632.239801 628.151159 633.423489 652.669302 669.634080 675.330115 677.327037 680.771258 672.706822 665.205969 657.186971 650.305690 643.417045 638.742215 655.578509 670.936200 668.253420 643.252761 617.002455 579.158021 539.209355 503.735835 499.147023 495.244078 492.194536 475.148658 457.788289 438.546439 426.758355 416.325217 400.606286 404.651257 409.111960
593.812259 616.127536 619.715935 604.772492 598.803871 604.391732 617.412967 625.225658 641.284779 668.410700 702.929665 727.336787 748.705933 753.662484 745.370523 736.401064 723.073357 719.816566 735.761955 748.163105 759.597977 770.950791 783.296696 789.607464 787.768277 787.583855 790.755084 796.960157 805.195131 812.059128 817.888512 823.807976 821.662724 811.715104 804.167979 794.556625 786.630490 783.613934 784.418346 793.369712 790.872306 765.833718 737.534545 704.341659 665.523482 631.761939 610.555066 612.500796 598.164548 577.678056 554.598790 516.423440 496.511249 478.218259 446.917019 441.070385 448.942628
711.963065 728.731130 743.828218 741.413836 744.158651 748.567348 756.067676 761.911784 770.708397 803.858117 839.621320 870.318046 895.334766 904.664783 895.184232 885.649784 874.100053 864.701457 867.668571 881.456018 897.774368 913.288944 924.216265 927.955804 926.801013 927.139816 928.999447 932.099842 934.944041 940.544040 947.491099 957.387809 968.501291 963.306238 946.655497 933.791899 919.267076 913.314661 910.889874 907.667387 906.708013 899.922902 869.868830 841.176032 808.263840 776.929122 753.627859 736.276575 714.950925 690.772870 643.716676 601.035995 563.922120 533.842137 503.287355 498.184493 520.415503
836.012208 861.505009 877.495729 881.914361 885.046261 888.627172 895.346914 901.404835 909.608027 931.625767 968.317870 1005.259787 1035.203531 1040.413667 1032.206180 1022.151433 1011.547913 1001.565165 998.296316 1005.190521 1015.337569 1030.233437 1041.432801 1051.330925 1051.033613 1051.443984 1051.698114 1053.666156 1055.426950 1056.948997 1063.252121 1074.087279 1084.381984 1085.501448 1073.198421 1056.459789 1038.955332 1030.617516 1023.266735 1016.546517 1015.568715 1015.375455 1008.842410 984.457009 949.061488 906.083011 877.693076 854.812196 840.109629 822.833643 798.314033 748.936002 719.017435 683.519266 647.199754 623.438283 659.207568
950.498093 980.914394 1000.458700 1009.701707 1011.617143 1015.158871 1023.260073 1030.443788 1041.427848 1058.045671 1080.578876 1108.759371 1135.594952 1153.553776 1150.797489 1139.254136 1122.789644 1118.246597 1117.065396 1118.721424 1124.537044 1131.242950 1145.504846 1160.200761 1165.397029 1166.026715 1163.772514 1165.701378 1166.754722 1166.634857 1167.213264 1170.981586 1177.257707 1179.346152 1175.002408 1159.964120 1140.618363 1125.446343 1115.533275 1109.951350 1106.784527 1106.876914 1105.346937 1093.623226 1065.668079 1028.601281 994.408760 970.694614 953.138623 938.438726 926.510893 908.624553 890.468258 860.227352 817.461503 781.098847 777.178156
1050.868282 1077.016989 1101.476734 1118.796242 1124.502674 1131.820152 1137.442610 1147.843831 1163.348513 1181.357427 1194.682005 1210.964370 1231.692232 1243.867633 1249.699856 1250.271873 1249.257841 1250.841966 1250.621171 1230.670929 1232.755962 1234.715234 1239.833475 1246.245420 1248.223492 1248.398054 1247.703588 1248.666401 1248.932334 1248.994656 1248.545195 1247.918724 1249.313219 1249.622914 1248.588434 1242.848292 1243.048461 1226.410574 1214.234545 1206.378827 1198.466828 1189.742715 1180.072801 1170.236914 1154.268744 1127.555586 1094.196835 1065.564656 1052.330150 1044.363664 1036.893123 1030.470565 1014.764536 992.993049 962.975561 925.317301 890.325556
1147.524625 1167.066766 1192.945616 1211.407011 1222.332713 1231.447294 1236.713848 1248.618946 1261.108133 1257.955018 1260.973497 1264.131734 1267.246635 1268.407475 1268.683968 1268.344363 1265.799920 1265.022391 1262.885978 1257.434434 1247.604225 1248.495191 1249.452944 1251.540233 1254.750073 1253.413096 1254.453737 1257.470881 1256.014956 1250.605052 1247.029941 1245.290949 1245.406226 1252.057722 1254.732824 1255.249820 1254.502211 1253.750751 1253.192101 1251.945696 1250.563587 1248.750499 1246.353856 1247.504329 1237.631578 1215.086632 1183.411963 1149.527835 1133.776348 1127.542110 1126.965793 1122.849355 1115.580138 1096.141065 1068.833112 1033.379297 995.830538
1252.786713 1253.474693 1261.024749 1265.263313 1267.624870 1270.361360 1272.868262 1273.656666 1270.369421 1266.735143 1261.902916 1260.377220 1258.778129 1256.125656 1256.396339 1253.999520 1249.587578 1245.459162 1238.393751 1226.791539 1214.512193 1211.373999 1215.347090 1219.685601 1223.443816 1226.451005 1229.960896 1231.513133 1226.924346 1219.214661 1212.239369 1210.126015 1216.134350 1221.188540 1225.708750 1226.213353 1224.925051 1223.426712 1224.144286 1222.407308 1223.650604 1230.755676 1244.339030 1251.138566 1253.254699 1252.864114 1247.169654 1236.772352 1225.445364 1205.661212 1207.977688 1202.663449 1190.383004 1168.739528 1144.667635 1115.410418 1086.736773
1264.114600 1262.178882 1256.309169 1250.664282 1250.016097 1253.787902 1260.322252 1261.374339 1254.228471 1245.687536 1238.158685 1230.620503 1227.613054 1225.482865 1224.072019 1223.372721 1217.380272 1209.016486 1193.007336 1180.025729 1167.567322 1160.607242 1158.333163 1162.972061 1172.027394 1181.047303 1185.903743 1180.177610 1172.927962 1162.490900 1154.427043 1154.452842 1156.633465 1165.029110 1177.817964 1181.702563 1182.551026 1178.348901 1175.023801 1170.312675 1169.729990 1177.997606 1194.148493 1209.964926 1223.833870 1232.377370 1240.074486 1246.482739 1250.870745 1251.551865 1251.789346 1250.723626 1248.148991 1232.901506 1212.346749 1188.915559 1164.658004
1242.964414 1237.357844 1230.149114 1223.938171 1221.820530 1223.845657 1226.359980 1222.687015 1215.530665 1204.772079 1192.928886 1181.821460 1174.506315 1174.013959 1175.026114 1174.834773 1167.790321 1152.881758 1134.879654 1120.395764 1105.597816 1100.805227 1095.590482 1091.592216 1101.808869 1118.150333 1124.297285 1111.807396 1102.290199 1088.433382 1081.002110 1077.997279 1079.420592 1088.465420 1107.247612 1125.406348 1126.756689 1118.090477 1109.862874 1106.289641 1105.241253 1113.445935 1133.000420 1153.705925 1169.225302 1179.845365 1186.902193 1195.957620 1205.963511 1218.143708 1231.275013 1242.333089 1251.458248 1254.539663 1252.969264 1248.278742 1234.417937
1212.411572 1203.651023 1195.545656 1188.501353 1183.497876 1180.599429 1177.447522 1170.920034 1163.396931 1149.393359 1136.431156 1123.458982 1108.905644 1104.470276 1100.811945 1101.597169 1089.798989 1078.543801 1059.160139 1043.046817 1026.883846 1016.377774 1010.163564 1004.178967 1008.838556 1024.215595 1033.280562 1019.906084 1009.795316 996.951584 990.716635 987.435950 989.089030 998.991109 1020.963965 1039.450016 1046.420000 1039.188143 1034.593386 1033.178312 1033.474437 1040.441145 1056.507616 1077.494081 1099.077698 1115.798510 1126.402987 1135.392243 1146.498429 1161.667172 1176.451721 1191.302760 1208.809103 1228.614432 1243.182804 1252.444442 1256.765772
1171.310901 1160.764698 1149.363313 1137.991809 1131.085348 1131.268062 1123.938285 1116.922937 1102.113562 1056.958031 1038.830829 1020.333857 1004.390121 997.898171 989.773332 981.877401 971.949305 964.457736 956.062926 940.015961 922.305583 906.024330 900.432974 895.876552 887.610358 893.087132 896.445566 899.338128 892.144860 886.126293 883.698975 881.231314 884.520228 897.976748 910.053000 920.688264 927.140706 925.817052 933.120353 940.163617 944.706606 961.432606 976.162093 994.889006 1017.256217 1041.461442 1055.543052 1066.194061 1078.223074 1094.817127 1112.575832 1131.113377 1154.429527 1179.566398 1196.306308 1208.144999 1220.636458
1120.829994 1106.168949 1092.777121 1079.445130 1065.880015 1065.694447 1061.282997 1052.455110 1012.517755 970.073997 937.593668 918.748805 896.211597 884.214460 872.626639 846.639539 831.942605 824.892320 828.492407 817.921991 800.336441 785.576062 777.035884 770.134218 757.370754 749.230453 753.757912 765.450602 760.823132 758.984897 762.877006 761.146433 758.105474 764.306957 778.900707 787.520586 797.742472 809.463102 814.994249 824.921399 851.806672 867.039979 883.546652 904.966594 928.073285 951.951607 973.116531 987.460760 1003.104779 1022.953440 1040.913031 1062.840562 1087.448759 1116.884535 1137.463953 1152.942965 1165.728271
1047.505062 1030.652310 1012.997478 992.289827 971.065411 967.670827 959.671316 940.695966 894.976284 854.149739 823.332894 800.221366 775.027321 755.587938 728.236654 696.109868 675.255824 679.248589 685.718341 685.100567 670.172883 656.398862 645.364119 631.201470 615.438864 604.021402 612.386144 621.082020 628.758297 632.159268 635.948062 638.311256 637.321532 633.655159 640.140566 649.674903 660.946729 672.511069 686.940966 717.597114 744.068107 763.234693 785.836202 808.120858 832.957249 858.771762 881.923162 899.593035 919.567054 940.222316 962.413774 984.646895 1010.872256 1041.248280 1066.525963 1083.183835 1098.817439
964.725089 941.973460 915.498487 876.949990 861.122652 851.265780 837.961199 801.684138 758.535260 721.977456 696.183662 669.850784 644.222049 615.940379 583.607325 555.769491 535.031052 541.082003 547.572270 557.818200 545.187989 533.105756 526.058381 510.777693 496.433610 481.987512 489.640119 499.495652 516.279613 520.369457 523.823286 530.617789 529.603049 527.512029 519.695277 529.007780 540.086395 554.613955 583.141875 609.822287 636.151085 659.818508 682.908059 708.298989 735.292959 762.433899 790.455865 812.289816 833.590252 857.103744 879.296544 899.655625 922.620468 950.465756 974.873894 995.917250 1018.178109
863.311429 838.507471 801.915310 757.470015 722.799333 706.145831 667.874541 632.564207 594.975101 574.833034 554.366288 529.574811 506.298985 483.556955 456.244132 432.527449 408.127508 411.512928 423.555488 437.065139 430.570533 426.330683 422.699439 411.045436 397.161842 383.521604 387.142172 402.212952 419.015885 426.304412 432.887443 440.450074 440.652252 434.145332 426.106008 432.178941 446.621338 463.454037 485.708697 509.642990 533.440344 556.081181 581.229721 607.715849 634.941559 664.259988 694.650831 718.328212 745.341397 772.893394 795.230216 810.129210 826.897323 853.304494 873.947124 897.805787 922.186821
754.365595 726.474604 684.260211 639.822750 595.076852 555.025007 520.307692 487.375793 467.580634 447.061064 427.637230 408.141221 386.184397 365.782967 346.013322 323.464270 304.910347 309.932610 322.888271 334.206167 336.563226 333.342120 330.066782 322.274636 308.509111 298.048993 306.398654 321.788529 336.767657 346.881743 353.622949 359.806064 357.194184 349.155466 343.275762 351.533249 367.340748 382.788001 400.976796 423.397122 445.999177 469.136844 493.588199 518.412020 545.945047 574.645952 604.066664 633.324298 660.663311 686.560885 701.510394 716.389263 727.628126 747.127516 768.444739 791.801073 817.958271
624.836712 594.901641 559.390669 518.280694 485.320808 451.502343 419.152160 387.514865 361.176880 342.933813 332.137561 316.598590 296.724339 282.640357 265.285043 247.003811 246.238294 249.211149 260.609335 262.074152 262.606962 259.512137 258.290938 253.716542 242.700735 249.264271 256.857593 271.625414 282.514569 291.953678 298.259804 302.458637 302.283338 295.766864 299.163888 306.534003 321.406275 333.667893 349.361470 370.859656 389.178188 409.717306 433.026106 457.325499 483.111225 510.692221 540.563388 568.073645 591.013819 604.041900 618.172835 627.574421 625.724492 643.420966 662.128845 681.061209 707.936258
