tests/Borden05m/data_simulated/sim_1/output-maps/psiliqL0009N0011.asc
ncols         160
nrows         34
xllcorner     620200.000000
yllcorner     5168000.000000
cellsize      0.500000
NODATA_value  -9999.0
[rows 0 to 25 of 34, columns 57 to 113 of 160]
-9999.0 -9999.0 -9999.0 -9999.0 -9999.0 -9999.0 -9999.0 -9999.0 -9999.0 -9999.0 -9999.0 -9999.0 -9999.0 -9999.0 -9999.0 -9999.0 -9999.0 -9999.0 -9999.0 -9999.0 -9999.0 -9999.0 -9999.0 -9999.0 -9999.0 -9999.0 -9999.0 -9999.0 -9999.0 -9999.0 -9999.0 -9999.0 -9999.0 -9999.0 -9999.0 -9999.0 -9999.0 -9999.0 -9999.0 -9999.0 -9999.0 -9999.0 -9999.0 -9999.0 -9999.0 -9999.0 -9999.0 -9999.0 -9999.0 -9999.0 -9999.0 -9999.0 -9999.0 -9999.0 -9999.0 -9999.0 -9999.0
-9999.0 -9999.0 13.138642 7.565105 2.143941 -2.945600 -12.093488 -21.396653 -30.061012 -34.050816 -34.952222 -35.782078 -36.142540 -30.799694 -22.809722 -15.142234 -7.871488 -5.446692 -2.967551 -0.606192 -0.046239 -1.318094 -4.567403 -7.866012 -11.287978 -12.767391 -21.110568 -32.606279 -41.588131 -44.363808 -39.849494 -35.308565 -32.758449 -26.635034 -15.687982 -4.682167 4.003477 15.862788 21.464837 26.644241 29.828220 25.751171 22.157198 18.410253 13.608112 2.551470 -9999.0 -9999.0 -9999.0 -9999.0 -9999.0 -9999.0 -9999.0 -9999.0 -9999.0 -9999.0 -9999.0
-4.388003 -1.075727 -11.985765 -16.846777 -20.219453 -22.460854 -27.633628 -36.469575 -41.889120 -47.356314 -49.038356 -49.014750 -48.927288 -44.697214 -34.737402 -26.712651 -21.881863 -19.400758 -16.859215 -16.747183 -17.195080 -17.550267 -20.440794 -23.865070 -27.273391 -29.070649 -28.994704 -36.619947 -41.967838 -45.243312 -46.491514 -44.023178 -41.698376 -38.629173 -28.944580 -20.571818 -12.180060 2.057715 14.433764 19.680535 17.263840 12.178314 8.389579 1.891095 -7.993815 -18.497043 -28.900027 -36.159401 -41.637752 -46.972806 -40.936589 -34.560159 -24.348410 -14.208328 -2.141340 10.048115 -9999.0
-20.220920 -17.351599 -28.242796 -36.731120 -41.252198 -41.235601 -39.068612 -42.790159 -47.465107 -51.646845 -43.673996 -42.350471 -41.117264 -37.847776 -34.443572 -32.020674 -29.208515 -23.828975 -14.788309 -12.069928 -11.494735 -11.323224 -13.118788 -16.219304 -18.005339 -20.773675 -25.961072 -26.851397 -26.374447 -26.304816 -21.053918 -19.559062 -18.205979 -25.240739 -21.889176 -15.578218 -8.610521 -1.556108 5.510823 10.123268 6.941980 5.603046 -2.895912 -16.896613 -28.527879 -37.393076 -40.001085 -43.270241 -51.060487 -63.373350 -56.559694 -41.110662 -36.501540 -32.869672 -20.962340 -8.651323 1.612105
-34.820453 -31.781808 -36.872431 -35.941844 -34.542830 -33.092809 -34.710068 -37.651239 -38.955403 -25.827509 -16.059596 -14.128467 -11.064248 -7.575414 -8.770720 -21.146808 -23.773677 -15.152292 -4.507047 1.580896 1.889693 1.968500 0.464215 -0.526084 -1.029556 -3.404200 -2.255138 0.489962 1.295401 6.526635 12.295425 15.059429 6.392171 -3.028739 -2.632603 4.991450 12.989451 20.467445 31.564620 43.298367 41.881004 35.765714 26.328820 12.062483 -11.975388 -32.290379 -43.165852 -50.040736 -57.197912 -58.103148 -60.588839 -50.100494 -48.455342 -46.829952 -38.345797 -28.080704 -17.998593
-19.789278 -11.326879 -17.346096 -23.016703 -26.455085 -25.828835 -25.411476 -21.642019 -7.954194 6.616452 22.421315 25.674832 28.636197 28.507731 18.759235 8.252427 3.923567 19.211468 35.459142 44.172059 45.487445 46.246336 54.554197 52.680765 50.093849 44.632767 47.218376 50.254062 61.977261 69.881769 76.855474 74.918555 62.831401 51.397704 49.160689 50.941818 53.038340 59.007384 69.654659 79.891579 74.641971 66.366259 54.767376 24.360271 -4.884150 -22.917725 -22.927919 -23.023718 -28.100945 -31.677984 -35.731542 -43.655548 -44.399484 -45.269114 -45.994253 -34.171016 -22.070790
29.883196 46.756327 41.120099 32.629850 21.639002 22.205970 26.102559 35.118553 49.517465 69.470590 95.448696 100.564776 105.458927 109.844058 98.965399 86.396485 74.361649 90.754284 101.233627 111.205879 115.288798 127.576311 138.479995 133.688536 124.946783 115.287881 122.202978 136.594003 152.586398 159.679135 163.495234 163.566974 153.039345 146.930757 143.651798 143.720933 139.667379 142.797662 154.076892 169.648476 168.991442 156.632410 131.277304 92.263871 54.369183 30.077454 33.004366 25.362626 18.149192 12.892471 -2.311420 -14.665400 -15.680991 -25.890924 -32.697660 -21.676741 -15.944602
82.708058 102.489794 99.553585 88.714832 76.356884 76.813823 85.807930 96.579929 117.523934 144.598076 173.295952 188.035472 196.658679 207.138501 200.531524 190.626247 181.058793 188.463238 202.225119 216.177293 229.192725 243.675792 256.783262 249.614030 238.992208 235.632960 240.927098 260.159272 277.345242 283.779028 286.621414 290.984221 283.532614 274.976195 265.629178 257.227440 249.417883 244.386072 260.955237 276.418295 273.321686 246.516113 218.070325 178.462700 136.462132 98.610484 91.596967 87.892402 84.309513 66.648369 48.910799 28.517651 16.044213 5.614357 -10.470525 -6.548723 -1.503717
192.332428 215.992152 221.926068 207.830157 202.941229 208.874074 222.003268 230.068665 246.902366 278.307338 318.630331 348.373088 372.979009 378.548869 369.717110 359.697386 344.957476 339.993704 355.639712 369.289107 381.997323 394.039686 406.254220 413.071363 411.694075 411.635143 414.597926 419.869555 427.286568 434.067972 440.098702 446.319858 445.492846 435.978771 427.969826 418.270525 409.980451 407.134346 407.025565 414.803700 412.470888 388.539251 358.495015 322.097101 278.565112 240.894829 215.929282 214.697264 197.679893 175.598460 150.007996 109.861721 87.960930 68.459528 36.008721 29.704610 38.855281
325.118046 345.631719 363.444030 363.326830 366.964463 371.465098 378.846816 384.946981 393.894057 427.268574 464.205832 496.748611 522.769533 532.535235 523.233395 513.325262 501.597539 492.042664 494.356814 508.111730 524.404854 539.888642 550.409877 554.101052 552.852555 553.238128 554.868944 557.796676 560.166371 565.132606 571.626440 581.366014 592.806575 588.545830 572.518447 559.914638 545.441540 539.341117 536.671312 532.665581 531.529470 526.054099 497.220614 467.938731 433.891616 400.683763 375.747469 354.655441 330.322557 302.865112 252.792430 207.066459 167.634172 134.452373 101.172896 93.677676 116.942277
459.041938 486.288246 503.315820 509.183479 512.771501 516.555980 523.282277 529.268000 537.504765 558.258216 593.991869 630.911001 661.283225 667.347550 659.756199 649.832426 639.037403 629.830252 626.882110 632.976383 642.124809 656.239195 667.125117 677.455892 677.431131 678.183721 678.330054 680.023606 681.319354 682.549061 688.034039 697.881136 707.625474 709.185007 698.372893 682.378917 665.423034 656.588730 648.276941 641.125714 639.662489 639.207922 633.947286 610.507517 575.980517 533.312591 503.984754 480.024535 464.127659 445.887525 422.846242 375.716699 346.045700 307.581333 265.232680 235.199326 266.719356
574.966395 605.126628 625.605334 636.422922 639.619395 643.573393 651.145136 658.062112 668.911590 685.196532 706.090841 733.906386 761.550602 780.120292 777.939984 767.436721 751.995299 748.467194 747.689320 748.732079 753.300754 759.442138 772.411511 786.732206 791.621225 793.020624 791.124095 792.708565 792.995548 793.262780 793.149481 795.650321 801.667507 803.579178 800.391718 786.456105 768.510603 752.865252 741.472243 735.034371 731.129745 730.508073 728.365039 717.160541 690.427743 654.513665 620.177438 595.710526 577.688689 562.861455 551.130197 535.676788 517.833475 487.586664 444.605824 407.244477 398.368554
675.879230 701.183653 726.461260 745.106587 752.828677 760.491373 765.425413 775.209709 789.753392 807.160673 819.202755 835.222587 855.674651 867.336909 873.155095 874.134798 873.748706 875.633269 875.494792 861.521317 862.723368 864.180972 867.488103 872.891617 874.609670 875.290504 875.085661 875.770150 875.599350 875.684681 874.946806 873.663720 874.715788 875.071481 874.754615 870.288549 868.239103 851.992390 839.537301 831.436082 823.478420 814.659662 804.938844 795.083794 779.517035 752.683354 719.442995 690.173797 676.416218 667.859729 660.423078 654.134399 638.906832 617.464441 588.421932 551.957427 516.267262
774.548954 792.861614 818.322805 836.547048 847.802182 856.522851 861.287817 872.282904 883.724720 882.465338 884.641476 887.304464 889.776859 890.603675 890.683344 890.390046 888.008340 887.467311 885.608828 879.929302 870.039234 870.805220 871.723264 874.119050 878.095992 877.551212 878.867214 881.744054 880.009836 874.285300 870.405052 868.487364 868.775282 875.913272 879.215333 879.986909 879.516321 878.273811 877.292141 876.065608 874.995112 873.719687 871.904354 870.945283 861.245725 839.272688 808.924071 776.413195 759.574281 751.258534 750.157579 745.784876 738.694974 719.378783 692.047004 657.299011 620.588002
876.760255 880.225343 885.764586 888.944476 890.810402 893.070017 895.276541 895.550191 892.226458 888.724314 884.216889 883.035980 881.437715 878.445054 878.417724 875.976514 871.700765 867.839951 861.197981 849.597221 836.743781 833.435367 837.497634 842.142983 847.445006 851.938306 855.978320 857.510551 852.512427 843.875018 836.230975 833.792668 840.195295 846.250802 851.889278 852.745777 850.909359 848.218951 848.147752 846.198338 847.568154 854.816945 867.919962 874.937183 876.304506 875.901952 871.742860 864.250396 849.714406 829.593659 831.248919 826.049050 814.121258 792.770520 767.982438 738.862189 710.647129
887.152345 884.814421 878.693915 872.729853 871.839450 875.432308 881.922249 883.159928 876.356741 868.330789 861.501228 854.563297 851.349178 848.177653 846.003583 845.073389 839.136762 831.193616 815.598690 802.130372 788.683245 781.288278 779.588545 785.434062 796.332045 807.349941 813.062281 807.520311 799.587952 787.441693 778.166079 777.785928 780.738533 790.490755 804.833788 808.718696 808.400069 802.374079 798.106988 793.151536 793.187461 802.485869 818.467686 833.698605 847.142275 855.678970 863.099238 869.108215 874.126228 874.298618 874.301174 873.526919 870.457718 855.862360 835.690220 813.159386 789.150211
866.450596 860.532064 852.352274 845.170275 842.556952 844.528593 847.374162 844.224046 837.611787 827.500288 816.655348 806.150896 798.405649 796.243132 796.036925 795.195407 788.168410 773.556455 755.880749 741.401897 726.381265 721.654784 717.157116 714.770516 726.599495 744.066365 750.677546 738.505308 728.566493 713.724170 705.347255 702.248693 704.160161 714.172316 733.593122 751.087188 751.376607 741.483732 732.490550 728.554995 727.817494 736.756520 756.378917 776.738441 792.317985 803.588941 810.506825 819.133054 828.754802 840.360850 853.221647 864.199241 874.011714 876.374615 875.252616 871.874415 857.158703
835.995427 826.629995 816.709264 808.291263 802.576771 799.448600 796.691497 790.643004 783.799197 771.632193 759.706486 747.572642 733.007226 727.646559 723.319656 723.556970 711.561147 700.041604 680.713899 665.045378 649.353139 639.912318 634.444324 629.522332 636.104183 652.563036 662.043136 648.058140 637.641957 624.033714 617.206432 613.828154 615.482563 625.542949 648.042993 666.290021 672.305645 664.127218 658.315064 656.291110 656.678483 663.560588 679.912196 700.856754 722.113905 738.494630 748.622585 757.192884 767.999811 782.996193 798.021043 813.350769 830.775247 850.097114 864.579590 873.740827 878.538355
793.401149 782.220955 769.664318 757.352581 749.967458 749.751808 742.520055 735.890269 723.039530 680.276642 663.600575 646.019061 630.468701 623.736478 615.020571 607.612568 597.117193 589.328332 579.963382 564.368987 547.470106 532.295214 527.475324 523.593478 517.314248 524.599573 528.463025 529.427299 522.071919 515.307408 512.172759 509.651076 513.148570 526.446744 538.718725 549.518833 555.268901 552.480209 558.960883 565.816662 569.555720 586.028431 600.784729 619.318407 641.370211 664.830155 677.976454 687.999875 699.568698 715.836906 733.534570 752.028337 775.238454 800.286228 817.615023 829.552646 841.957738
742.704414 727.711837 713.851634 700.162377 686.752035 686.262621 681.771556 673.777609 636.949965 595.279151 563.760231 545.301879 523.380382 511.492209 499.695109 474.074145 458.617379 450.448476 452.809025 441.625250 424.025021 409.273069 401.325462 395.220943 383.548281 377.117925 381.481695 392.167654 386.761755 384.122376 387.351726 385.407903 382.854663 390.098163 404.674478 413.333888 423.054302 433.757887 439.705914 449.730566 476.574521 492.634502 509.205514 530.538352 553.497119 577.095623 597.368347 610.965694 625.899449 645.216843 662.655372 684.119071 708.365960 737.384519 757.756085 773.136362 785.972651
670.789052 654.082051 636.724844 617.014239 595.558041 591.809912 583.475406 566.392941 522.530462 481.432064 448.967264 424.879065 398.944885 379.431638 351.710169 316.875400 293.319338 294.853559 300.788624 297.777526 280.885234 265.478478 253.516988 239.357631 223.216997 212.282765 220.557847 229.600082 235.684299 238.482602 242.217315 244.012671 243.071254 240.579854 249.281134 259.576779 271.649099 283.931357 298.852310 331.964689 361.680416 383.010350 406.996818 430.553251 456.753133 483.607539 506.858420 524.272507 544.022646 564.411463 585.983910 607.678896 633.404048 663.274160 687.819030 703.959555 719.109410
590.561497 568.051379 542.400104 505.045355 488.521499 477.566466 464.201378 428.736884 385.070717 344.846279 313.465855 282.609319 253.445398 223.285781 189.383748 158.955921 137.078166 142.408259 148.627758 157.505390 143.959927 130.861078 123.156256 107.810512 93.191477 78.963199 86.981738 96.684044 112.569853 116.323706 119.610787 125.957094 124.800510 122.987607 116.530655 126.176862 137.231240 151.738292 180.318050 208.758817 237.213216 262.882746 288.718679 317.824097 349.340961 380.238963 410.372837 433.669014 456.349859 480.804908 503.288696 523.822977 546.911838 574.541377 598.707267 618.920092 640.323360
490.508765 464.926809 427.783194 381.845519 346.145488 328.528113 288.525325 249.187554 206.042107 181.037772 157.486621 130.544144 105.884879 82.262367 53.827325 29.110143 4.698559 8.056571 19.944794 33.273765 25.769273 20.911138 17.129979 5.224901 -8.686796 -22.312693 -18.612540 -3.730817 12.969508 19.824354 26.185842 33.653833 33.784362 27.504124 19.479131 25.488733 39.524092 56.161578 78.856225 103.124307 127.276567 150.245836 176.089167 204.034443 233.531387 265.811490 299.641593 327.001754 358.385721 389.548089 414.291974 430.781469 449.345567 477.216577 498.679220 522.387923 546.320810
377.011274 346.132692 298.681899 248.686361 200.277603 159.593126 123.225241 88.532976 66.160598 44.520912 24.008291 3.779533 -18.236042 -38.940420 -59.156589 -81.632229 -101.178898 -96.174514 -82.971493 -70.912242 -68.999771 -72.190934 -75.425660 -83.405789 -97.072570 -108.411823 -100.236634 -84.758959 -69.580459 -59.724560 -53.077060 -46.826889 -49.511379 -57.573985 -64.130285 -56.153114 -40.645634 -25.317382 -7.059508 15.185494 37.702195 60.591737 84.879312 109.740400 137.532006 166.840433 197.279517 227.947994 257.940338 287.392350 305.555965 323.712564 339.462853 363.181303 387.406739 412.632362 440.083915
232.152182 199.683200 160.920887 117.057441 82.158628 47.750634 15.007843 -16.916713 -43.047066 -61.769186 -72.835639 -88.383716 -108.330070 -122.530755 -139.922622 -159.251639 -160.793371 -157.265435 -145.052406 -142.859002 -142.214546 -145.277100 -146.476706 -151.340260 -163.081424 -157.237755 -149.387124 -134.304337 -123.228944 -113.825246 -107.477376 -103.251676 -103.733220 -110.750766 -107.901456 -100.544345 -85.749033 -73.657849 -58.043646 -36.767515 -18.741244 1.501393 24.420086 48.346438 73.845311 101.140876 130.774758 158.348661 181.980641 196.131180 211.377313 222.532477 222.825674 243.037019 264.538178 287.070130 318.376167
98.486700 70.368465 41.704708 8.117569 -25.378217 -56.557039 -87.367150 -117.549038 -142.799385 -152.950230 -164.311444 -176.417816 -190.226287 -204.338630 -217.134455 -217.775300 -220.230997 -220.689335 -218.808365 -215.825593 -213.329425 -214.376173 -215.537327 -215.005873 -209.366515 -205.137678 -199.550579 -188.918730 -177.729559 -167.423922 -163.316555 -159.068910 -156.159159 -152.920845 -150.303064 -145.765927 -134.160340 -122.163116 -108.592655 -91.342334 -73.602058 -54.340713 -31.648930 -8.453461 16.530144 44.192142 72.395627 94.721420 106.836001 119.290444 125.941619 124.456238 123.476145 135.104614 151.746829 168.289509 195.264899
