tests/Borden05m/data_simulated/sim_1/output-maps/psiliqL0003N0006.asc
ncols         160
nrows         34
xllcorner     620200.000000
yllcorner     5168000.000000
cellsize      0.500000
NODATA_value  -9999.0
[rows 0 to 24 of 34, columns 57 to 113 of 160]
-9999.0 -9999.0 -9999.0 -9999.0 -9999.0 -9999.0 -9999.0 -9999.0 -9999.0 -9999.0 -9999.0 -9999.0 -9999.0 -9999.0 -9999.0 -9999.0 -9999.0 -9999.0 -9999.0 -9999.0 -9999.0 -9999.0 -9999.0 -9999.0 -9999.0 -9999.0 -9999.0 -9999.0 -9999.0 -9999.0 -9999.0 -9999.0 -9999.0 -9999.0 -9999.0 -9999.0 -9999.0 -9999.0 -9999.0 -9999.0 -9999.0 -9999.0 -9999.0 -9999.0 -9999.0 -9999.0 -9999.0 -9999.0 -9999.0 -9999.0 -9999.0 -9999.0 -9999.0 -9999.0 -9999.0 -9999.0 -9999.0
-9999.0 -9999.0 -543.109238 -545.321862 -546.792716 -547.535981 -550.662805 -553.045749 -555.957580 -556.333202 -555.928354 -556.473145 -557.746542 -556.186287 -554.204896 -552.558218 -550.176565 -550.756552 -550.522444 -549.605563 -549.354714 -549.755156 -550.841009 -551.508362 -552.318592 -551.001094 -554.362652 -558.811135 -562.250401 -562.925727 -559.878854 -558.132317 -558.551591 -556.993082 -553.545647 -550.699198 -549.931317 -546.530570 -547.299736 -545.997359 -543.685242 -545.514965 -545.857104 -545.448716 -544.588130 -549.520279 -9999.0 -9999.0 -9999.0 -9999.0 -9999.0 -9999.0 -9999.0 -9999.0 -9999.0 -9999.0 -9999.0
-545.709679 -546.282892 -556.108082 -556.933344 -557.025456 -556.460513 -557.742927 -561.306135 -562.097078 -564.807163 -566.003272 -566.317799 -567.459408 -566.655557 -562.147565 -559.031488 -558.219520 -558.978897 -559.384797 -560.433735 -561.141005 -560.889648 -561.962935 -562.939113 -563.990590 -563.614054 -560.644359 -563.968975 -565.626685 -567.308770 -569.179485 -568.526975 -567.987560 -567.789017 -563.584091 -562.106018 -561.157412 -555.652037 -550.615224 -549.396085 -551.520443 -553.751505 -553.035373 -553.070739 -555.049334 -556.936217 -556.649442 -557.513407 -557.843625 -559.838001 -556.798283 -556.959878 -553.694754 -551.053883 -547.983025 -543.302701 -9999.0
-553.401020 -554.017016 -561.459106 -565.934152 -567.314406 -566.259999 -562.945016 -564.129187 -566.792089 -570.999981 -566.361145 -567.030674 -567.495513 -566.715623 -565.266482 -564.654174 -563.991603 -563.018978 -559.057448 -559.439478 -559.811811 -559.594042 -560.266644 -561.525323 -561.362715 -562.021155 -565.413284 -564.844576 -564.005797 -564.796481 -561.478666 -561.326519 -559.366515 -565.265181 -564.327892 -563.024090 -562.172111 -561.669811 -561.012865 -559.968645 -562.539320 -560.593188 -562.478678 -566.860246 -567.723576 -567.107010 -563.136568 -561.123247 -563.342743 -571.623808 -567.237582 -558.221559 -559.050403 -560.642294 -556.466645 -552.439466 -546.624604
-564.736205 -565.872580 -569.024753 -565.801390 -563.243103 -561.641621 -563.072539 -566.010774 -569.673042 -562.427799 -559.619318 -561.322441 -560.544030 -558.464816 -558.308401 -567.292615 -569.668009 -566.251095 -562.731826 -561.312804 -562.995084 -563.816172 -565.407465 -565.357556 -564.339552 -565.248983 -563.859275 -562.713488 -564.399580 -562.224547 -559.719906 -557.228826 -562.700219 -567.728537 -567.378310 -563.172393 -560.209399 -558.839721 -554.746271 -548.262863 -549.356512 -550.719590 -551.189835 -551.567280 -559.182118 -566.316926 -569.184927 -570.449664 -572.625150 -570.726999 -572.391514 -565.025649 -565.664649 -566.883821 -563.520505 -561.020040 -557.788296
-564.169064 -562.177575 -567.074884 -569.632779 -570.713602 -569.894872 -570.929623 -570.914447 -564.623943 -561.457445 -555.896014 -558.253450 -558.173614 -558.424597 -564.319591 -568.784599 -571.902088 -562.697154 -555.603928 -553.473539 -555.578492 -557.463092 -551.215937 -553.086883 -553.779928 -557.549256 -556.254283 -557.122561 -550.646261 -548.302822 -544.926725 -546.276874 -552.712315 -558.200543 -558.378376 -557.719106 -558.382838 -556.884517 -552.904151 -547.880333 -551.761679 -553.157065 -552.251058 -563.607381 -572.612657 -575.586071 -568.625863 -564.683103 -565.312566 -564.580666 -564.127252 -568.932895 -567.725345 -567.195728 -569.558958 -564.049052 -558.643571
-551.619266 -543.936067 -549.353874 -553.007114 -559.798506 -558.995783 -558.297489 -556.163336 -553.319733 -547.838640 -536.853152 -539.754776 -539.436673 -535.806391 -541.805689 -547.392602 -556.361168 -546.220691 -544.335934 -541.526685 -542.583390 -535.791309 -529.873095 -534.100585 -539.607944 -546.471288 -542.563227 -534.321115 -526.898715 -525.565758 -524.951355 -523.620894 -529.039911 -530.122923 -530.907771 -529.843119 -533.350892 -533.050805 -527.370582 -517.622104 -516.304761 -520.071897 -528.618087 -542.927988 -556.518528 -563.872660 -554.110408 -556.758884 -557.926495 -556.130162 -561.777401 -564.958542 -559.706362 -564.126279 -567.576668 -560.072261 -559.438768
-549.439659 -541.059214 -545.028099 -551.804161 -559.346966 -559.303230 -555.013551 -553.248140 -545.606930 -535.445141 -524.071265 -519.109457 -515.633499 -509.150286 -513.298869 -517.656775 -523.398828 -521.619097 -514.426771 -508.287323 -501.846234 -494.861366 -486.529176 -490.871712 -497.170935 -497.957393 -496.275989 -485.745694 -476.630692 -473.043335 -469.626869 -462.589899 -465.070697 -472.267529 -480.883997 -488.582933 -494.651741 -499.912249 -489.875429 -479.804793 -480.258264 -495.932586 -506.974897 -521.975849 -537.782192 -555.693267 -553.959930 -549.949154 -546.279329 -553.030322 -555.916781 -561.922564 -562.854601 -561.836035 -569.092139 -564.869338 -564.116040
-511.073891 -501.220048 -497.789099 -508.507947 -510.273762 -507.027556 -500.504086 -500.007884 -495.376330 -476.421453 -443.508839 -415.016849 -385.810098 -380.362363 -393.589707 -404.947645 -420.775077 -429.814692 -418.944291 -406.570092 -391.683847 -373.660054 -350.898811 -328.935661 -325.896457 -323.752575 -316.746845 -307.269915 -282.388031 -230.594669 -176.176592 -153.146025 -149.709386 -171.351452 -226.523400 -298.696247 -337.170297 -348.180933 -355.849863 -346.360083 -347.469053 -378.008559 -410.498135 -438.675183 -469.888984 -492.735981 -506.844501 -502.204439 -509.682488 -516.098921 -523.224138 -541.572985 -545.788747 -548.114341 -565.044348 -566.584460 -560.876669
-445.952862 -428.095265 -409.375309 -407.746771 -404.081475 -401.629587 -396.150116 -390.420240 -377.070444 -275.782772 -168.457425 -121.833216 -97.942144 -89.650544 -97.888661 -105.369008 -113.290998 -120.934229 -120.874446 -109.418570 -94.847095 -80.100804 -68.981908 -63.522276 -63.369893 -61.591416 -57.784743 -50.657450 -39.995108 -21.322649 -1.438889 13.428696 23.802221 14.026885 -14.824731 -42.650003 -65.423569 -74.084778 -76.238041 -79.181643 -80.289437 -85.597089 -113.004013 -143.713369 -204.089210 -350.648515 -398.045338 -424.112276 -442.984241 -459.372188 -489.501529 -512.849472 -530.069365 -543.538626 -558.802473 -560.916530 -541.147276
-176.504318 -127.748021 -109.597742 -105.411553 -104.682607 -103.336644 -98.731730 -93.287862 -80.833037 -46.378113 0.897686 30.960755 35.173648 35.318272 34.152417 33.125868 32.039963 31.099665 30.757121 31.487622 32.463045 34.197867 35.444985 36.904462 36.676087 36.807408 36.904332 37.472829 38.187328 38.913288 40.253405 41.838667 42.986931 42.969382 41.003773 38.440870 36.030406 35.312841 34.690017 34.137462 34.202367 34.130104 33.878289 27.129435 -8.132997 -68.111883 -102.608078 -125.301398 -142.655760 -177.026868 -266.689556 -374.965674 -402.831103 -432.324095 -465.870171 -497.872334 -476.705772
-6.298315 24.524176 32.075808 32.932088 32.518928 32.536136 33.220796 33.821602 35.236623 37.704453 40.298260 43.185408 45.700813 48.009328 47.598637 46.557324 44.709548 44.869403 44.989153 44.967606 45.425814 45.522607 46.961650 48.564181 49.048171 49.054083 48.613639 49.009737 49.231247 49.304635 49.207822 49.337331 49.964230 50.219825 50.038517 48.648318 46.696323 45.014001 44.232798 44.132539 43.981951 44.284398 44.474330 43.948780 40.849246 36.281549 32.152178 26.244039 13.559094 -6.362693 -36.941609 -66.634365 -86.796947 -114.653968 -172.504234 -306.813609 -376.864272
38.775183 41.613068 43.902038 45.276821 45.292282 45.905966 45.939768 46.991250 48.650177 50.398911 51.129889 52.468002 66.219256 74.154425 79.236931 81.057559 82.286172 83.920007 84.494124 83.281387 84.255915 84.209766 84.302742 86.100017 86.757809 86.052771 86.557824 86.296833 86.992723 86.791699 86.895003 84.742442 84.936484 84.724887 84.383326 82.943145 76.056027 62.688016 53.402091 52.419632 51.667246 50.671034 49.608507 48.929597 48.119498 46.181358 43.699139 41.156799 40.473711 39.641782 37.995189 36.555103 34.414530 31.461769 9.446353 -39.215974 -86.275551
47.237514 48.743144 51.093662 52.706270 58.093180 64.580961 68.452254 77.533402 87.086970 87.827285 88.219054 87.097803 87.724522 87.129197 87.810656 87.459527 85.278889 85.800836 84.222582 79.657720 71.225181 72.639263 73.386929 75.529846 78.332926 77.100377 77.429136 80.581958 78.911875 74.402143 71.355869 69.809557 69.570778 75.938014 78.783427 78.945552 80.011928 79.307958 79.455673 79.540237 79.618711 79.738347 79.648476 75.413893 68.236347 53.582043 50.499436 47.345737 45.928175 45.581339 46.110343 45.815154 45.905769 44.517022 41.984260 37.787373 33.088687
81.021138 90.347992 89.364578 89.601634 89.132466 89.998771 92.126317 91.135729 87.623780 84.601701 79.725881 79.186685 77.622840 75.708690 76.141109 74.518619 71.072872 68.676803 64.200183 55.474631 50.727963 50.619020 51.451698 52.120564 54.802649 56.819270 59.428074 61.404968 57.553493 52.043856 51.075015 50.735719 51.726361 53.061612 56.829679 56.901233 55.604456 53.925949 54.460048 52.912299 53.442695 58.788223 69.603814 76.737626 76.357039 76.389331 76.765020 77.278342 58.596370 51.393032 52.375802 51.855305 50.731447 48.753775 47.169513 45.236633 43.636735
82.985739 80.226573 75.206293 69.957567 69.372484 72.969933 79.128597 80.978192 74.583053 67.776730 62.164851 57.001529 55.266854 54.082922 53.320160 53.354013 51.533842 51.203530 49.766787 48.933093 48.010129 47.456080 47.280878 47.929577 48.735530 49.353346 49.974952 49.358129 48.916027 48.085184 47.406063 47.707963 47.796454 48.475540 49.739610 49.499012 49.672571 49.233303 49.255799 48.669358 48.443723 49.099240 50.518760 51.708615 53.189761 58.495990 64.452102 69.650683 76.374545 76.219237 75.771105 75.661464 71.818213 60.361436 52.175013 50.390558 48.643612
64.030591 59.918675 54.304306 51.121940 50.922523 51.774071 54.790013 53.015433 51.482605 50.488139 49.539774 48.643672 48.286542 48.638245 49.060709 49.383087 49.128448 47.982333 46.727891 45.995738 44.713409 44.777928 44.228284 43.469999 44.443107 46.049120 46.614729 45.111022 44.716221 43.560457 43.135017 42.993179 42.978070 43.583666 45.212055 47.091477 47.022454 46.101250 45.477431 45.370341 45.058427 45.582358 47.230413 48.636028 49.326023 49.765753 49.924681 50.611935 51.383697 52.370171 56.498440 64.868396 74.495880 74.350725 74.383514 74.709658 60.323675
50.775601 50.217746 49.746655 49.384741 49.116800 48.961016 48.985426 48.469044 48.290260 48.222531 47.542130 46.815846 45.357753 45.272328 45.109521 45.940807 44.784628 44.185948 42.029509 40.245805 37.590794 35.918203 34.833971 33.504500 33.896455 35.736939 37.138382 34.944308 34.230147 32.808880 32.405273 32.133576 32.169511 33.075488 36.087135 38.532612 39.835672 39.451043 39.670358 40.274378 40.590842 40.942547 42.236524 43.870892 45.486290 46.389488 46.770579 47.052404 47.575549 48.542713 49.292272 50.064616 51.252750 53.434619 64.155362 71.546652 76.663445
48.783653 48.428497 47.813998 47.002875 46.709407 47.326768 46.436109 46.071671 46.053330 40.540665 39.202336 36.368567 33.832560 33.123892 32.036301 31.758615 30.734772 30.035986 20.907554 -1.517311 -38.145264 -67.694317 -78.910233 -86.264029 -94.890989 -89.722902 -86.760446 -85.855154 -90.845135 -95.718347 -97.747789 -99.269978 -95.080734 -82.022489 -69.257605 -55.095879 -41.809176 -32.654349 -11.087355 9.602630 17.157314 30.338073 32.283767 34.711479 38.085689 41.355918 42.503815 43.092239 43.761484 44.864137 45.917661 46.671159 48.085061 49.741247 50.643987 51.194867 52.274475
47.092908 46.146258 45.317434 44.384439 43.249095 43.777962 43.227553 42.249735 36.258181 23.835459 -7.299152 -44.545920 -79.527826 -94.229318 -102.283807 -119.724995 -128.877988 -137.095671 -143.060414 -179.818562 -286.444336 -347.458437 -364.198426 -371.985690 -385.890930 -389.011992 -383.550558 -371.170992 -384.043771 -391.724056 -390.250655 -394.038586 -395.481246 -379.824869 -351.572025 -327.826388 -297.563619 -259.020017 -215.794508 -166.976004 -129.767399 -110.955418 -93.397059 -63.540665 -18.382591 14.464610 31.422991 33.893318 36.477692 39.436528 41.123776 42.771540 44.310961 46.529090 47.425313 48.114866 48.558773
41.872230 40.079759 37.447017 34.545336 31.232866 30.978550 23.344076 -1.744060 -68.062773 -121.777787 -178.790582 -293.777354 -368.712011 -390.242703 -410.914928 -437.347031 -453.175094 -454.000904 -450.852528 -458.744684 -473.403916 -482.678802 -487.865261 -493.199441 -501.316550 -506.334116 -500.826816 -495.826219 -496.072394 -496.083846 -494.144940 -494.446551 -495.566906 -497.365254 -489.440040 -484.563791 -478.771124 -474.220533 -471.647126 -451.870068 -428.405140 -411.367828 -384.957107 -338.628452 -202.692497 -137.343323 -101.866915 -74.225378 -33.966561 2.682386 26.333125 33.249182 36.940321 40.814967 43.295036 44.127958 44.883929
28.617792 4.760863 -36.920056 -88.513245 -105.668430 -115.290740 -129.143805 -188.135950 -352.544214 -419.412394 -450.308634 -471.182384 -485.320153 -496.907507 -510.200500 -522.952791 -531.621221 -525.377191 -522.512891 -516.906658 -524.723877 -530.722513 -531.582588 -537.310340 -542.370956 -549.855865 -543.752667 -541.367340 -534.318779 -535.153185 -535.134538 -532.027250 -533.635322 -534.350082 -539.403626 -534.908205 -532.739442 -530.098579 -518.521676 -508.165592 -497.572536 -488.901547 -479.382823 -466.350298 -446.554426 -419.506681 -386.912878 -347.513710 -244.490781 -151.944007 -108.520562 -75.705264 -33.523545 6.981585 30.464186 33.841448 37.128780
-114.225043 -159.912506 -273.847161 -390.103602 -422.032064 -425.113667 -447.767650 -472.887686 -503.299343 -513.612595 -520.063573 -528.617793 -534.761074 -539.441193 -548.269604 -554.437668 -564.858865 -560.588455 -554.973918 -546.893811 -553.340695 -554.035294 -552.379116 -556.086764 -560.055578 -566.938630 -565.881215 -560.394908 -553.933637 -554.376078 -553.160159 -549.489648 -549.378776 -552.332891 -558.455531 -557.135738 -553.499493 -550.154445 -543.371283 -537.265205 -531.342314 -526.363021 -519.178517 -510.739374 -501.524322 -489.536888 -475.177799 -465.179110 -446.841649 -418.496584 -386.679847 -351.565358 -249.467222 -152.608696 -113.088832 -81.367750 -41.545352
-399.889084 -428.228620 -463.499606 -489.498116 -510.818269 -523.816496 -535.198793 -546.044868 -548.999258 -552.107799 -556.328521 -559.892094 -563.926615 -567.618803 -570.577893 -575.724474 -586.643966 -581.890559 -575.583967 -568.537373 -568.206356 -568.878109 -568.199191 -569.700176 -574.498792 -583.251429 -579.454457 -574.194971 -569.532493 -568.135486 -567.307708 -564.431008 -566.533359 -570.874324 -577.193288 -574.519622 -569.802401 -567.380707 -564.337471 -559.746118 -554.952158 -550.283874 -544.911844 -539.605536 -532.338572 -524.203429 -515.083356 -505.134969 -494.122457 -480.429734 -474.386656 -465.855833 -454.802359 -431.061180 -405.726202 -369.087784 -279.902824
-493.577418 -504.726558 -518.181988 -533.589522 -541.166596 -548.465406 -554.761345 -561.530678 -565.585767 -568.693920 -566.472137 -567.832638 -572.611335 -572.095494 -574.550080 -583.292335 -579.807034 -577.262769 -570.133776 -571.581629 -571.973947 -573.651457 -572.435164 -573.489429 -582.057977 -577.485286 -575.639520 -570.720129 -569.944492 -568.956248 -568.211153 -567.356858 -568.319816 -574.300123 -572.961489 -571.421939 -567.026850 -567.060445 -565.448265 -560.564913 -559.341118 -556.582773 -552.597855 -548.431107 -543.497095 -537.522192 -529.139018 -520.711187 -512.742233 -510.896772 -505.754883 -501.543418 -506.932122 -497.487510 -489.129951 -480.163410 -463.567898
