tests/Borden05m/data_simulated/sim_1/output-maps/psiliqL0010N0003.asc
ncols         160
nrows         34
xllcorner     620200.000000
yllcorner     5168000.000000
cellsize      0.500000
NODATA_value  -9999.0
[rows 0 to 24 of 34, columns 57 to 113 of 160]
-9999.0 -9999.0 -9999.0 -9999.0 -9999.0 -9999.0 -9999.0 -9999.0 -9999.0 -9999.0 -9999.0 -9999.0 -9999.0 -9999.0 -9999.0 -9999.0 -9999.0 -9999.0 -9999.0 -9999.0 -9999.0 -9999.0 -9999.0 -9999.0 -9999.0 -9999.0 -9999.0 -9999.0 -9999.0 -9999.0 -9999.0 -9999.0 -9999.0 -9999.0 -9999.0 -9999.0 -9999.0 -9999.0 -9999.0 -9999.0 -9999.0 -9999.0 -9999.0 -9999.0 -9999.0 -9999.0 -9999.0 -9999.0 -9999.0 -9999.0 -9999.0 -9999.0 -9999.0 -9999.0 -9999.0 -9999.0 -9999.0
-9999.0 -9999.0 209.769420 204.211673 198.822419 193.750480 184.616916 175.277556 166.612147 162.555921 161.585753 160.707138 160.291217 165.578712 173.552772 181.198341 188.427908 190.841621 193.308268 195.643078 196.199015 194.961933 191.748782 188.484135 185.097249 183.629265 175.358778 163.878743 154.917795 152.137981 156.643046 161.190217 163.752942 169.837364 180.756252 191.719012 200.355907 212.190756 217.820098 222.975832 226.129888 222.108259 218.605044 214.925494 210.122260 199.125931 -9999.0 -9999.0 -9999.0 -9999.0 -9999.0 -9999.0 -9999.0 -9999.0 -9999.0 -9999.0 -9999.0
192.332207 195.593531 184.636434 179.748628 176.366376 174.127808 168.970392 160.101724 154.634505 149.094555 147.288412 147.250707 147.277207 151.444215 161.437056 169.437311 174.241360 176.722865 179.276785 179.293798 178.842882 178.522808 175.667999 172.279255 168.907712 167.133266 167.302335 159.669154 154.262421 150.933621 149.581760 152.079331 154.446557 157.627974 167.299050 175.636638 183.967619 198.194415 210.545015 215.778715 213.373250 208.382763 204.686279 198.242993 188.406585 178.007383 167.780014 160.633700 155.210085 149.867261 156.012137 162.567006 172.800684 182.909457 195.001574 207.196838 -9999.0
176.309840 179.103939 168.210715 159.727000 155.026908 155.027997 157.219573 153.454180 148.679333 144.181908 152.180010 153.393777 154.521549 157.738988 161.033592 163.611177 166.393942 171.754831 180.770343 183.486523 184.068225 184.264565 182.505091 179.453763 177.713042 174.983589 169.802140 168.842153 169.238482 169.195140 174.357037 175.857888 177.334706 170.426620 173.859096 180.152804 187.071539 193.953642 200.869188 205.294181 202.136203 201.013080 192.685233 178.891712 167.526995 158.857503 156.497871 153.316564 145.578076 133.243377 140.252632 155.861715 160.571580 164.209434 176.117451 188.452912 198.744328
161.249506 164.154019 158.988073 159.936236 161.307669 162.685731 160.978134 157.895054 156.262942 169.046279 178.515191 180.228315 183.111199 186.542768 185.456759 173.197758 170.611032 179.102460 189.613680 195.595280 195.895646 195.979619 194.404765 193.503663 193.123709 190.858758 191.907897 194.512684 195.015079 199.999056 205.668585 208.460808 200.094132 190.842831 191.403530 199.064183 207.051961 214.396506 225.249338 236.784823 235.510359 229.703073 220.656193 206.899881 183.322474 163.414610 152.685180 145.863677 138.809446 138.256269 135.773136 146.606143 148.372544 150.140276 158.633514 168.960638 179.111698
174.947636 183.028461 176.876321 171.252114 167.896970 168.449458 168.666780 172.052592 185.140543 199.102965 214.107999 216.852566 219.434335 219.083076 209.500108 199.115936 194.937936 209.970195 226.039594 234.542532 235.690919 236.146918 244.193779 242.631268 240.454481 235.263888 237.682446 240.161406 251.173853 258.784745 265.640522 263.725213 251.817734 240.591896 238.672962 240.753541 243.102129 248.966566 259.238379 269.127430 263.980931 256.344545 245.702168 216.446214 188.386174 171.121369 171.471320 171.690834 166.896770 163.656626 160.025401 152.527741 152.001217 151.257675 150.657473 162.588601 174.806375
221.737610 237.830624 231.884381 223.384132 212.536335 212.977645 216.448514 224.904919 238.422622 256.957568 281.470787 285.239168 289.183064 292.884845 281.919881 269.523479 257.790253 274.348677 284.507924 293.992116 297.527228 309.364376 320.261775 315.995480 307.895201 298.338026 305.006216 318.345464 333.556054 340.150778 343.717932 343.414525 333.034046 327.401773 324.896736 325.677879 322.039085 325.224556 335.623557 350.431867 349.784063 338.922659 315.320605 278.100728 242.336718 219.951796 224.099581 217.132444 210.512033 206.128823 191.730470 180.137216 179.658038 169.807842 163.292702 174.508250 180.350747
268.324405 286.742076 282.800070 271.853402 259.218965 259.283891 267.637907 277.843475 297.540855 322.172320 347.785695 359.498558 366.052158 375.895881 369.198109 359.400786 350.185402 358.237383 371.147870 384.417136 397.052644 411.902876 425.515612 419.024980 409.175848 405.890620 410.997122 429.435352 445.580553 451.048905 453.186654 457.041648 449.718907 442.327115 434.266223 427.038962 419.737625 414.384001 429.828446 443.977585 440.802373 415.774496 389.873968 353.172456 314.413942 279.586982 275.122067 272.466710 270.447165 254.553812 238.471870 219.926367 208.790072 199.133364 183.834025 188.238035 193.266205
365.641076 386.806326 390.498485 375.678889 370.020965 375.504280 388.360850 396.227231 412.208195 440.044607 475.652564 502.361102 526.336395 532.001024 522.345448 511.152961 495.757526 490.901594 506.744671 521.409973 537.038837 553.379508 569.671243 579.085409 579.155901 579.905300 583.353775 589.153656 597.053775 604.187253 610.615592 617.201564 615.997844 606.060217 597.806908 587.415481 578.276280 573.951853 572.352754 578.574607 574.100542 547.406949 516.295340 481.348989 441.694746 407.391670 385.091034 386.359535 372.483894 353.566781 331.721228 294.548023 275.065915 257.274553 226.314716 220.798858 229.546391
482.440742 500.012304 516.120541 514.802138 518.030891 522.951837 531.766729 540.166850 552.136113 588.668742 628.445768 664.571659 694.963010 706.494173 694.974405 681.156163 665.892159 654.453092 657.818955 675.946646 700.124699 724.647654 741.802938 749.174464 749.887960 751.220149 753.475076 756.800005 759.659338 765.223778 772.241506 782.266256 793.549805 788.665918 772.152201 759.293562 744.328205 737.131183 732.241037 725.039894 720.005952 708.777568 672.563526 637.841358 599.863705 562.996348 534.281598 513.033481 490.993360 467.717769 422.328715 380.246873 343.068962 312.241149 281.232281 275.438493 298.058114
621.954297 651.442836 670.159595 676.390266 680.306390 685.366216 695.427396 706.802728 720.929835 746.734704 786.016703 825.330562 857.240483 863.153380 853.500847 840.766630 827.865445 817.316282 815.385279 825.716684 841.667835 862.974997 878.951447 891.676607 892.873192 894.060279 894.585153 896.727361 898.499502 899.916191 905.790755 915.983160 925.642417 927.063673 916.048388 900.810369 884.548719 876.509248 868.342724 859.601655 855.569291 851.292927 840.369405 811.615718 771.697912 721.907698 683.585100 653.884711 636.186793 617.829445 593.336474 542.657034 509.783931 470.335505 430.289800 402.669497 434.363758
767.471392 800.881565 821.894062 831.527649 833.231723 837.149268 847.017069 857.693865 872.406705 890.993774 913.026399 939.708102 964.799339 981.458410 977.733421 965.718951 949.461061 945.626583 945.996851 949.990651 959.056641 969.020090 985.282341 1000.867771 1006.531143 1007.583990 1005.557717 1007.662213 1008.743905 1008.809933 1009.178107 1012.486563 1018.297138 1020.625759 1017.457506 1004.568190 987.441290 973.937557 965.215506 959.704914 955.444516 953.530492 949.579625 936.326720 907.455322 868.480824 829.991539 803.008502 784.175060 768.919206 755.524446 734.796605 709.517497 669.705639 618.494237 574.390542 561.161428
887.569072 913.953275 937.370212 952.863856 956.877104 962.886439 968.259493 979.534255 995.824162 1013.590141 1025.472370 1039.472472 1057.710766 1068.105197 1073.137498 1073.669451 1073.311242 1075.826013 1077.093206 1062.191506 1066.309591 1070.113474 1075.731915 1082.176137 1084.115289 1084.373498 1083.822684 1084.870741 1085.338451 1085.815156 1085.642173 1085.005632 1086.247318 1086.827555 1086.656010 1082.641567 1083.080323 1068.394906 1057.951580 1051.036601 1043.317392 1034.152831 1023.911540 1013.990748 999.082157 974.107155 942.235652 914.988400 903.414623 896.538941 888.801417 879.873286 859.329382 831.033214 794.790199 749.844523 704.337247
986.572948 1004.862283 1028.293452 1043.980791 1052.608724 1059.903652 1064.330002 1075.878605 1088.084998 1085.712933 1087.752830 1089.563516 1091.186661 1091.423351 1091.310140 1091.185901 1089.437334 1090.054546 1089.926220 1086.722807 1079.225393 1081.754459 1083.511665 1085.809020 1088.864957 1087.177400 1087.915445 1090.952505 1090.004231 1085.377236 1082.530286 1081.276436 1081.638743 1088.612970 1091.836520 1093.149258 1093.631557 1093.993038 1094.509660 1093.994969 1092.731029 1090.495432 1087.564124 1087.320479 1078.169961 1057.835674 1029.474767 999.425556 986.384052 981.753602 981.801390 977.022521 968.488640 947.751215 919.253022 881.635227 839.903091
1085.838300 1087.533758 1093.061877 1095.470178 1096.291072 1097.791800 1099.637065 1100.041516 1096.813171 1093.325948 1088.698540 1087.266242 1085.523371 1082.658989 1082.928920 1081.022924 1077.842442 1075.793664 1071.706284 1063.508954 1054.081988 1052.706201 1057.150907 1061.096871 1064.074046 1066.003613 1068.718918 1070.220338 1066.498411 1060.072804 1054.319912 1052.994354 1059.390329 1064.779973 1069.687828 1070.774764 1070.340400 1069.676712 1071.128506 1069.719828 1070.387894 1075.828515 1087.155253 1092.505838 1093.501299 1093.329464 1089.465238 1082.219871 1071.332625 1053.145779 1055.795666 1050.697621 1039.078611 1019.135916 997.287153 970.202252 943.018161
1096.114283 1094.526582 1088.903320 1083.145109 1082.100847 1085.356644 1091.555234 1092.643297 1085.849818 1078.010726 1071.467142 1064.942235 1062.415762 1060.238823 1058.862848 1058.762133 1054.425214 1048.987744 1036.958703 1028.163935 1018.947385 1013.542278 1011.389748 1015.098578 1022.562603 1029.872085 1033.618190 1027.834823 1021.532897 1012.554430 1005.848254 1006.932586 1010.082006 1019.186987 1032.413585 1036.759751 1038.537843 1035.473719 1033.172494 1028.787082 1027.411000 1033.368443 1046.153222 1058.789296 1070.197104 1077.153417 1083.968085 1090.141413 1095.102016 1095.587437 1095.195503 1093.641328 1090.761323 1076.888186 1058.819114 1038.744564 1017.941303
1080.361557 1076.384289 1070.508996 1065.071542 1063.195486 1065.120807 1067.582543 1064.160013 1057.490611 1047.658799 1037.068765 1027.061838 1020.101947 1019.099841 1019.642615 1019.681639 1014.320265 1002.450902 988.371070 977.726037 965.514787 961.240401 954.875506 949.154460 957.452699 972.165603 977.290542 964.478501 954.933486 941.515791 934.795885 933.107040 936.445141 947.847409 968.499583 987.781489 990.480102 983.399094 976.476705 973.351306 971.675167 977.969522 994.617148 1012.390957 1025.512464 1034.116204 1039.457145 1047.238324 1056.093609 1066.620906 1077.624294 1086.452193 1094.272920 1096.171216 1095.009976 1092.138191 1079.844093
1060.669592 1054.358089 1048.178816 1042.277267 1037.687646 1034.693813 1031.445734 1024.791975 1017.162493 1003.687439 990.683231 977.111139 960.913149 954.239753 948.920431 948.985646 937.997117 928.642777 911.891461 898.176753 882.910264 871.146747 861.435433 851.965623 855.057442 870.313110 879.172096 864.062805 851.576424 836.566276 829.515874 827.360463 832.363981 847.686875 875.246307 897.315262 906.437246 900.910711 897.244581 896.224055 896.444391 902.596242 918.029726 938.862160 960.519419 976.838309 986.818717 995.302596 1005.760748 1019.507594 1031.868123 1043.532370 1057.791789 1074.509730 1086.903395 1095.179114 1099.651944
1032.491943 1023.930081 1013.769920 1002.706070 995.465952 994.740865 986.384716 977.884409 961.499311 914.259721 893.115383 870.375708 848.752023 836.739997 824.579693 814.806287 804.027984 796.810038 788.614041 772.777105 753.929156 734.421148 723.612079 714.476957 705.010573 712.271940 716.359643 716.296420 704.942381 694.733318 690.077801 688.341993 696.034642 717.319670 737.582780 753.692930 762.925604 762.690840 770.597819 778.002783 782.583999 800.298835 817.655821 841.053745 868.916458 896.785714 913.132395 925.953329 940.128986 957.834403 975.076618 991.647582 1012.237609 1034.014856 1047.615323 1057.199817 1068.004555
991.030494 976.463436 961.899230 946.170231 930.283491 927.609117 920.487330 907.956993 862.854170 811.603228 771.242149 744.502259 713.212963 693.594778 677.071651 648.363677 632.061081 623.890161 626.501826 614.671162 595.340404 577.949755 566.631619 557.655648 544.264058 537.157340 541.708470 551.882323 544.641635 540.316943 542.879533 541.497760 541.074104 552.161358 571.523330 583.614376 595.556031 607.568965 613.106174 622.401496 649.454789 666.730245 687.662982 717.134341 749.935715 781.198310 808.062397 828.546672 851.271728 877.172596 898.832346 922.742084 948.259231 976.944914 995.860395 1009.955989 1021.486413
915.274213 895.036528 872.107228 844.569395 817.157615 809.297961 797.030322 772.836943 717.961440 663.568861 622.410577 592.466705 561.670811 538.638429 509.697560 476.569867 455.474451 458.747240 465.069292 463.643351 448.365330 434.076475 422.518107 408.378944 392.752864 381.912621 390.024780 398.149359 404.076656 406.339616 409.645742 411.914766 411.834770 410.103474 418.793080 429.224436 440.625582 451.486763 464.156089 492.976472 518.423707 537.391961 561.556543 587.721077 618.059901 649.482182 678.671202 704.287390 734.880955 765.577552 795.889371 825.799552 859.541706 894.694561 922.354661 941.062212 958.474877
810.760877 780.517790 745.369590 696.187256 672.185990 657.520914 641.213320 601.043241 551.627636 507.233661 476.248645 447.617342 420.787718 392.507195 360.801451 333.262324 313.248848 319.596181 326.279105 336.253837 323.801674 311.761783 304.772571 289.814358 275.687470 261.564211 269.281630 278.700418 294.601426 298.163993 301.326312 307.917278 307.080559 305.457455 298.475367 307.782989 318.244076 331.616641 358.272410 383.060224 407.281657 428.867928 450.554845 475.401472 502.797682 530.983345 560.931769 586.396940 613.410190 643.839157 674.109047 704.962310 740.483660 777.802443 809.551445 837.897612 867.756966
672.159584 639.277541 596.248707 545.538151 507.583503 490.146435 452.286576 416.520841 377.038091 354.706662 333.448300 308.745696 285.978776 264.002199 237.369703 214.288920 190.747796 194.618776 206.870778 220.563109 213.931104 209.726546 206.305376 194.782601 181.083866 167.545232 171.166433 185.994178 202.544522 209.435862 215.784078 223.250575 223.444371 217.089101 208.999944 214.788173 228.508148 244.383914 265.568517 287.917831 309.790738 330.264466 353.189681 377.516823 402.642532 429.969948 458.740428 481.592920 509.092342 538.458469 564.386450 584.874804 609.301979 643.389483 672.119608 706.220331 742.699728
537.466160 506.429326 462.663815 417.533792 373.155973 334.756740 301.182743 269.170823 249.512781 229.493728 210.497108 191.554845 170.391359 150.571335 131.222820 109.235732 90.593644 95.965064 109.340347 121.282296 123.634266 120.608198 117.501576 109.720609 96.055119 85.165127 93.431395 108.851488 123.894514 133.825906 140.467389 146.641304 143.938111 135.795606 129.435181 137.361197 152.712641 167.595125 185.062664 206.357001 227.616045 249.099323 271.702021 294.503311 319.791940 346.054003 372.917166 399.628203 424.972985 449.713249 464.449828 480.237176 493.914811 516.291323 541.229689 570.076407 603.415187
402.445956 372.974895 338.296737 298.239941 266.367726 233.938342 202.828166 172.226885 146.895789 129.110089 118.785761 103.771294 84.333842 70.655709 53.717871 35.307908 34.467769 37.944576 49.917570 51.890390 52.610019 49.648996 48.542260 43.909999 32.595267 38.815007 46.509724 61.381932 72.304767 81.667852 87.938705 92.092893 91.687038 84.807698 87.796662 94.987210 109.595727 121.446767 136.661775 157.469519 174.888640 194.347995 216.331031 239.095251 263.147486 288.748550 316.430736 341.701544 362.578187 373.853226 386.565583 395.271635 393.239503 410.708499 429.426400 449.155618 477.532980
