tests/Borden05m/data_simulated/sim_1/output-maps/psiliqL0025N0012.asc
ncols         160
nrows         34
xllcorner     620200.000000
yllcorner     5168000.000000
cellsize      0.500000
NODATA_value  -9999.0
[rows 0 to 24 of 34, columns 55 to 109 of 160]
-9999.0 -9999.0 -9999.0 -9999.0 -9999.0 -9999.0 -9999.0 -9999.0 -9999.0 -9999.0 -9999.0 -9999.0 -9999.0 -9999.0 -9999.0 -9999.0 -9999.0 -9999.0 -9999.0 -9999.0 -9999.0 -9999.0 -9999.0 -9999.0 -9999.0 -9999.0 -9999.0 -9999.0 -9999.0 -9999.0 -9999.0 -9999.0 -9999.0 -9999.0 -9999.0 -9999.0 -9999.0 -9999.0 -9999.0 -9999.0 -9999.0 -9999.0 -9999.0 -9999.0 -9999.0 -9999.0 -9999.0 -9999.0 -9999.0 -9999.0 -9999.0 -9999.0 -9999.0 -9999.0 -9999.0
-9999.0 -9999.0 -9999.0 -9999.0 3198.546838 3193.223445 3188.401670 3183.856831 3175.969673 3166.653581 3158.722759 3154.521376 3153.338341 3152.460548 3151.801261 3156.640421 3164.633614 3172.188985 3179.005711 3180.538920 3182.797829 3184.618315 3184.811522 3183.611233 3180.355260 3177.841607 3174.436569 3172.719679 3165.290054 3154.131266 3145.774994 3143.072597 3147.257487 3151.600942 3154.061383 3159.285897 3169.689963 3180.279596 3187.971701 3200.431691 3207.374584 3212.731568 3215.386511 3211.437789 3208.199956 3204.292202 3198.302247 3187.237904 -9999.0 -9999.0 -9999.0 -9999.0 -9999.0 -9999.0 -9999.0
3144.110628 3162.454120 3182.582898 3185.667106 3174.700821 3169.637199 3166.459322 3164.726069 3160.399230 3151.844160 3146.659867 3141.122389 3138.465872 3138.402235 3138.222494 3141.842460 3152.479514 3160.210144 3164.710165 3167.251495 3170.006332 3168.460775 3167.633629 3167.337968 3164.381554 3160.862674 3157.432082 3155.540985 3156.887490 3149.267772 3143.288008 3139.407258 3136.532666 3139.244308 3141.914027 3146.410962 3155.600987 3163.524686 3171.478430 3185.696147 3198.781183 3204.481790 3201.995185 3197.443695 3193.734517 3186.475851 3176.639558 3166.687267 3158.498923 3152.390262 3147.094853 3140.811587 3147.282475 3155.139169 3164.573544
3127.310255 3146.375390 3166.682293 3169.193614 3158.860956 3151.049039 3144.292054 3144.722440 3148.077324 3144.746051 3139.855220 3132.179485 3141.978042 3142.890786 3143.516172 3146.603824 3148.474842 3153.349774 3155.697912 3160.938960 3169.815216 3172.524069 3172.877542 3172.844649 3170.792354 3167.473276 3165.452639 3162.595296 3157.266409 3155.470125 3155.120230 3153.872884 3157.993324 3159.458397 3162.325840 3156.765111 3161.138737 3167.401298 3174.335492 3179.918403 3185.154167 3187.812390 3184.599544 3185.206263 3177.870421 3164.337625 3154.548466 3147.119387 3147.288947 3144.418487 3136.603687 3123.066889 3131.390380 3147.560706 3152.423298
3131.381943 3140.172307 3150.675643 3153.096297 3147.972396 3150.028668 3151.703214 3152.824529 3150.874166 3147.252974 3142.917983 3153.334502 3161.510254 3162.769962 3165.093947 3168.896039 3169.580716 3158.553368 3156.395689 3163.625276 3173.158040 3178.234536 3178.307723 3177.857416 3174.199799 3172.960634 3172.657853 3170.755493 3170.258739 3171.804321 3169.483045 3172.494116 3177.912256 3180.099148 3175.789139 3167.384070 3169.555866 3177.962561 3185.940960 3193.512270 3203.728617 3214.609824 3214.886077 3210.412373 3202.049737 3189.719503 3168.375595 3150.893926 3140.066538 3132.263871 3125.136384 3128.027783 3123.579510 3137.331888 3139.230999
3117.436522 3137.665323 3157.556573 3163.397874 3157.271900 3153.320647 3151.849224 3152.357693 3151.327705 3151.811000 3160.614652 3172.312573 3182.474784 3184.277254 3185.965247 3184.642887 3178.057872 3167.700707 3164.859880 3178.075989 3193.425965 3201.135274 3200.601049 3196.423996 3199.695516 3199.625005 3199.896196 3196.369672 3197.120921 3194.926506 3200.605075 3208.222814 3216.082935 3214.644065 3202.348629 3190.120345 3189.985215 3195.289343 3201.974121 3209.502676 3219.718775 3228.962745 3224.262765 3219.125811 3211.761765 3186.204031 3164.627376 3150.440595 3150.894139 3151.786557 3147.550116 3145.620574 3144.717748 3140.574739 3140.898238
3153.325816 3172.412874 3191.325414 3204.219099 3197.903686 3190.239390 3181.530037 3181.585668 3181.989916 3187.773203 3198.090843 3210.916831 3232.481438 3231.974029 3232.435260 3231.276176 3218.455331 3205.248928 3195.129828 3216.765840 3227.585325 3234.733334 3232.365862 3237.712325 3246.341920 3242.635190 3236.177137 3224.218602 3229.812871 3236.618131 3251.684047 3259.478714 3264.620850 3260.302074 3246.657014 3240.005916 3241.340078 3247.520296 3248.489923 3256.885972 3265.826998 3280.839238 3279.705534 3276.147390 3256.303131 3219.587852 3190.280744 3178.602640 3188.546601 3183.036078 3177.983649 3177.830295 3166.767338 3159.500894 3162.098048
3184.716761 3198.170025 3214.238573 3230.649299 3221.898569 3211.551462 3195.162067 3192.069869 3196.301072 3206.237513 3223.608294 3241.689531 3261.654044 3260.874634 3254.895418 3264.384315 3257.377128 3246.605984 3238.985360 3259.509454 3269.659375 3279.890117 3285.827406 3298.378480 3308.813719 3292.805628 3276.123200 3266.099398 3272.929005 3297.980483 3319.911523 3324.697217 3323.921190 3323.616207 3308.839779 3303.899607 3300.276818 3300.237986 3297.423716 3295.451380 3320.275242 3341.494712 3341.295521 3319.830323 3297.237575 3258.204403 3220.762834 3196.173007 3208.306138 3205.271685 3208.532499 3198.333101 3186.607693 3179.047673 3177.444897
3235.674630 3257.530317 3273.986000 3295.510594 3287.010822 3264.311424 3248.795184 3251.371955 3264.634173 3272.418721 3290.415316 3307.838112 3333.879489 3346.508222 3358.172887 3361.882725 3354.813386 3346.205963 3334.083941 3338.723033 3362.001432 3373.416773 3381.845622 3390.355161 3402.918688 3403.647871 3397.046672 3395.288296 3399.532891 3412.475294 3426.466647 3433.178693 3436.398865 3439.233219 3426.776090 3414.121193 3411.804638 3406.141538 3404.536436 3403.688225 3414.536563 3434.433235 3431.439241 3395.918147 3369.302487 3334.918482 3296.940773 3267.750997 3261.031027 3279.315377 3276.776605 3260.727456 3249.874577 3223.572914 3217.937134
3305.612200 3338.458463 3362.790234 3372.986655 3380.656773 3366.486669 3364.526633 3368.518023 3376.647342 3379.755156 3386.129677 3418.339427 3452.016054 3477.162649 3499.884332 3507.054393 3494.849631 3485.041676 3471.616093 3462.745835 3473.238205 3490.227963 3507.763180 3522.689676 3533.974430 3536.150020 3534.589445 3534.654091 3537.669251 3540.651398 3544.852857 3553.144676 3560.747934 3569.479361 3577.712180 3567.621930 3550.703634 3541.260797 3531.964210 3530.935769 3532.192145 3535.732121 3536.821245 3520.848764 3479.748909 3448.550178 3416.660339 3396.655213 3383.140705 3382.213033 3364.365294 3340.461977 3289.814778 3252.661156 3221.485112
3391.744180 3435.345539 3464.487832 3481.911664 3494.621349 3491.878110 3493.634973 3494.649309 3498.407098 3500.847468 3503.748690 3530.178961 3571.412646 3610.578466 3641.665719 3641.712291 3628.179013 3616.867370 3607.656743 3593.474746 3589.551434 3601.894760 3617.058347 3637.108497 3647.589379 3653.877763 3650.716937 3650.946292 3652.672238 3654.995994 3657.117937 3660.664997 3670.183213 3685.104192 3699.453810 3698.700889 3680.049947 3662.153768 3646.084787 3643.391276 3640.794274 3635.872055 3638.164573 3640.057413 3624.734095 3593.878029 3554.400560 3514.034807 3496.913499 3481.607016 3470.778988 3454.106774 3414.714537 3349.491946 3310.945568
3506.639360 3540.307139 3569.248257 3599.446530 3614.416129 3616.855853 3614.379472 3613.295829 3620.268817 3623.117216 3628.937120 3645.454671 3677.208322 3712.383767 3741.943003 3757.412516 3749.760337 3732.002674 3709.977533 3700.334421 3697.477843 3701.027982 3710.435527 3723.124155 3742.506251 3761.812110 3767.575827 3768.454235 3765.779724 3768.192244 3769.742679 3769.857639 3772.718186 3781.106912 3790.906631 3794.260519 3786.578625 3765.680098 3742.299320 3730.820149 3724.247370 3720.812120 3721.724909 3726.764380 3729.888609 3715.234236 3679.897111 3635.727922 3605.690422 3590.319693 3577.486393 3563.570999 3551.305030 3519.167340 3498.470808
3615.424098 3630.567546 3658.667830 3687.366089 3710.037096 3724.765813 3725.248083 3728.330449 3733.070359 3740.455524 3755.524116 3778.726447 3797.655435 3820.157645 3846.643758 3862.828795 3868.090696 3866.460073 3862.449933 3863.658614 3864.009430 3801.501490 3807.737680 3813.953366 3830.965828 3846.306162 3851.856808 3852.491446 3849.959415 3851.786413 3852.548043 3852.445278 3852.073218 3854.373950 3859.426472 3861.357526 3858.970254 3846.397210 3864.495795 3844.496432 3831.047146 3822.845149 3814.608732 3806.355471 3796.932554 3787.060540 3767.094280 3736.318442 3702.005637 3680.409833 3672.446695 3666.385129 3658.016988 3652.388264 3635.494760
3713.951553 3724.521058 3742.657026 3765.334678 3799.178038 3822.528233 3833.903564 3843.189297 3847.850537 3861.763025 3878.369725 3862.444713 3870.739165 3879.322385 3887.850724 3890.779427 3891.617984 3891.231051 3888.839878 3888.066395 3885.652597 3882.167414 3871.712419 3873.320919 3875.265708 3877.885426 3881.617240 3880.509632 3881.618419 3884.572462 3882.813824 3876.774731 3872.701916 3871.127055 3872.120792 3879.553704 3883.039889 3883.996887 3880.645381 3879.712999 3878.718475 3875.323252 3871.084378 3865.108813 3857.464889 3872.204347 3860.170575 3832.188436 3792.033408 3750.946720 3743.211380 3744.928786 3744.864237 3743.346159 3737.776417
3838.588875 3852.243503 3867.009064 3844.924781 3867.228443 3878.642608 3883.979674 3888.086468 3890.890077 3894.007339 3890.995798 3887.984897 3883.101965 3881.540312 3880.189925 3877.752913 3878.384199 3876.497876 3872.436733 3868.403530 3860.457162 3848.900860 3837.724899 3834.171643 3838.479470 3844.097075 3849.246227 3853.688023 3857.409807 3857.426496 3851.961901 3843.536581 3835.990588 3834.330349 3841.207566 3846.952500 3853.471013 3854.346239 3852.953520 3850.465126 3850.221920 3846.954894 3847.166465 3854.241952 3868.992626 3871.747108 3877.639306 3876.800206 3860.180236 3830.085008 3841.470009 3821.547574 3827.561404 3822.988230 3811.665716
3882.310269 3885.076642 3883.448770 3882.345332 3875.970754 3869.921001 3869.146843 3873.168531 3880.220006 3881.290323 3874.246721 3865.680613 3858.463735 3851.052010 3848.717429 3848.157148 3847.909154 3848.416106 3843.131764 3833.842261 3816.854588 3805.288304 3794.230023 3788.295297 3784.528629 3788.001293 3799.237406 3811.395370 3816.434896 3807.162326 3798.712065 3786.904803 3778.835669 3779.282754 3780.328419 3789.829633 3806.653027 3814.167978 3814.956348 3808.489780 3802.008213 3795.347419 3792.277575 3798.701807 3813.995294 3830.748666 3846.347549 3855.487495 3863.207583 3870.322292 3868.777914 3871.514581 3873.020434 3870.894370 3873.881153
3876.673301 3869.700329 3862.736248 3857.453892 3851.024024 3845.737125 3843.920076 3845.819785 3847.785686 3843.715908 3837.359415 3827.394751 3816.408535 3806.746629 3799.178448 3800.221247 3802.596861 3804.274220 3797.026307 3781.711735 3763.946125 3750.502428 3736.671295 3732.763036 3726.901404 3719.296277 3729.422397 3749.128987 3756.501076 3740.447751 3729.581889 3714.404764 3707.821340 3703.833369 3704.615947 3713.537718 3736.001727 3760.051936 3762.118924 3751.163778 3740.280205 3735.532868 3732.299487 3736.902349 3753.596667 3774.361178 3790.407860 3800.808116 3806.125333 3813.897266 3823.276913 3837.520642 3852.313175 3864.639932 3869.359659
3851.616902 3843.881590 3836.252275 3828.669878 3821.817178 3815.667276 3811.421248 3809.497529 3805.621403 3799.576807 3792.614789 3772.105402 3759.762815 3746.954436 3732.148447 3728.348421 3723.658053 3724.818877 3713.402522 3705.473624 3689.064701 3673.802737 3658.267762 3645.020993 3639.342437 3632.693709 3631.079871 3644.571179 3653.010029 3643.494948 3633.820043 3623.175835 3618.656731 3615.301534 3617.769919 3628.195299 3647.737648 3666.030864 3674.409428 3667.036793 3665.668311 3665.613811 3663.991457 3670.223324 3680.972117 3698.841572 3721.119423 3739.953880 3749.761360 3756.583291 3765.748483 3780.122264 3794.187121 3808.485492 3826.432526
3821.217206 3811.972662 3802.128775 3792.498170 3782.100175 3771.639695 3765.230584 3767.944726 3762.013042 3756.483282 3733.985254 3679.149567 3658.248045 3639.496332 3623.445165 3616.886027 3608.614256 3592.683224 3584.150016 3579.766446 3581.983962 3568.130469 3550.782193 3533.216933 3528.406003 3524.929787 3507.668422 3503.129603 3503.695191 3519.925241 3513.895134 3512.646899 3514.555320 3512.174335 3513.454952 3526.181296 3533.859048 3539.273815 3545.973348 3550.700332 3561.153076 3569.089467 3579.172466 3596.147227 3606.864265 3622.001723 3642.135945 3667.566633 3682.848623 3692.197285 3702.444045 3717.584923 3733.618905 3751.224372 3773.497200
3786.762360 3770.364250 3755.923166 3741.765858 3729.220056 3716.551121 3700.936728 3702.957823 3700.968235 3690.900624 3636.358649 3595.858639 3562.320206 3545.406985 3522.070053 3508.799974 3492.689412 3454.553303 3437.363020 3437.138746 3452.208731 3448.919382 3433.822960 3422.119905 3412.854463 3403.606371 3385.977659 3367.251728 3373.374310 3391.908150 3392.934353 3396.347336 3404.256187 3403.748807 3396.991791 3394.157988 3406.076563 3411.415603 3422.479985 3440.021570 3444.766963 3461.039483 3494.555338 3507.116821 3521.835977 3539.875589 3559.932078 3581.660957 3603.897666 3617.650988 3632.538272 3650.694549 3667.097195 3687.148316 3709.487484
3736.322013 3705.514849 3684.663168 3667.544019 3648.692374 3622.060290 3602.329637 3600.343307 3594.449102 3565.698186 3513.785441 3478.610187 3455.667249 3434.315653 3411.763359 3388.416750 3351.584144 3317.259445 3295.811047 3311.970237 3323.530988 3335.513990 3324.401620 3313.902866 3304.541983 3286.653540 3269.964240 3253.596749 3264.711544 3273.396030 3292.558553 3299.503540 3303.426705 3309.336628 3307.822349 3296.855603 3291.435492 3299.278767 3308.896022 3320.625489 3341.961837 3376.987083 3401.300859 3419.076416 3439.032583 3457.168641 3477.966786 3500.355504 3522.579159 3539.044990 3556.844311 3574.824854 3595.198268 3613.883585 3636.304342
3656.805733 3628.982717 3603.085383 3580.382849 3549.147930 3503.273638 3489.329533 3480.809305 3459.314795 3412.297070 3371.238940 3351.405175 3339.184254 3316.663535 3296.388440 3268.070595 3234.756626 3213.784215 3193.763887 3204.662614 3215.446280 3236.061482 3227.730886 3221.333377 3218.699988 3203.610347 3190.552408 3174.219245 3180.575752 3192.831490 3216.459583 3222.503097 3226.644490 3236.055768 3235.240458 3230.420127 3212.493893 3218.936835 3229.426520 3243.705815 3274.394268 3296.461787 3318.331042 3339.464462 3358.161317 3378.804664 3400.294423 3422.541779 3448.157104 3466.971314 3485.245194 3506.057240 3524.563536 3538.311563 3553.964115
3549.497725 3526.092909 3507.154495 3483.636218 3441.415355 3398.233588 3358.187807 3332.031226 3280.343074 3246.260922 3226.982807 3227.093356 3215.963067 3197.313484 3179.514245 3162.619545 3141.761402 3123.891405 3099.530384 3105.588778 3122.025214 3139.627086 3141.563286 3143.041202 3141.991513 3133.080321 3119.886921 3106.430164 3110.268570 3127.480110 3145.527862 3155.676232 3163.409927 3171.099847 3170.694734 3160.878876 3150.536050 3154.935351 3169.875629 3184.223675 3201.012797 3220.852802 3240.754330 3260.259314 3281.798923 3303.434298 3325.315775 3349.111157 3374.678508 3394.955059 3417.574506 3440.928717 3456.514385 3464.365634 3471.269083
3448.105075 3429.687569 3407.375575 3380.693169 3339.826719 3301.185708 3261.402907 3215.040520 3183.150700 3157.252453 3151.868848 3137.908513 3126.135492 3113.150505 3094.199927 3079.220666 3065.720540 3045.498949 3036.568281 3044.591071 3058.605515 3067.125625 3074.523467 3072.905249 3071.022898 3065.824080 3052.167498 3048.389278 3058.542982 3073.739951 3087.363392 3098.936590 3105.761172 3110.714641 3107.485176 3098.050305 3094.920966 3102.737117 3117.736234 3130.524784 3144.447910 3164.056664 3181.841299 3202.113177 3223.217814 3243.881130 3266.931279 3290.694579 3315.339748 3341.124790 3362.176167 3379.302425 3386.762500 3394.924775 3393.288939
3326.614820 3316.242947 3291.546467 3264.318933 3236.382599 3204.802846 3182.099131 3153.828097 3125.475180 3098.153223 3073.853044 3063.213752 3058.643363 3047.641334 3032.205369 3022.401395 3008.098781 2999.351697 3006.481819 3008.278804 3016.699942 3015.159045 3016.567900 3014.586902 3014.382597 3012.587482 3006.917366 3019.109641 3025.444842 3038.737064 3048.653992 3058.283195 3063.903157 3067.261064 3068.234858 3063.864642 3069.489369 3075.069636 3088.125048 3098.558773 3111.140429 3129.982278 3145.601351 3163.102126 3182.817738 3204.126772 3226.239013 3250.196042 3276.483270 3299.396147 3315.470242 3320.599765 3328.185024 3328.021313 3315.336369
