tests/Borden05m/data_simulated/sim_1/output-maps/psiliqL0008N0018.asc
ncols         160
nrows         34
xllcorner     620200.000000
yllcorner     5168000.000000
cellsize      0.500000
NODATA_value  -9999.0
[rows 0 to 24 of 34, columns 57 to 113 of 160]
-9999.0 -9999.0 -9999.0 -9999.0 -9999.0 -9999.0 -9999.0 -9999.0 -9999.0 -9999.0 -9999.0 -9999.0 -9999.0 -9999.0 -9999.0 -9999.0 -9999.0 -9999.0 -9999.0 -9999.0 -9999.0 -9999.0 -9999.0 -9999.0 -9999.0 -9999.0 -9999.0 -9999.0 -9999.0 -9999.0 -9999.0 -9999.0 -9999.0 -9999.0 -9999.0 -9999.0 -9999.0 -9999.0 -9999.0 -9999.0 -9999.0 -9999.0 -9999.0 -9999.0 -9999.0 -9999.0 -9999.0 -9999.0 -9999.0 -9999.0 -9999.0 -9999.0 -9999.0 -9999.0 -9999.0 -9999.0 -9999.0
-9999.0 -9999.0 -188.085698 -193.731046 -199.257794 -204.454476 -213.742287 -223.153720 -231.970025 -236.028079 -236.973659 -237.857967 -238.247755 -232.883081 -224.877485 -217.182376 -209.865045 -207.443147 -204.960278 -202.575416 -202.014517 -203.325749 -206.620762 -209.962580 -213.430996 -214.931367 -223.407582 -235.021789 -244.120077 -246.929856 -242.370626 -237.781457 -235.193743 -228.953849 -217.873355 -206.737485 -197.948182 -186.008185 -180.401896 -175.146370 -171.856749 -175.924055 -179.519790 -183.239432 -187.966498 -199.077068 -9999.0 -9999.0 -9999.0 -9999.0 -9999.0 -9999.0 -9999.0 -9999.0 -9999.0 -9999.0 -9999.0
-205.979827 -202.658056 -213.555030 -218.457132 -221.901602 -224.236614 -229.545158 -238.505624 -244.037038 -249.591611 -251.279298 -251.309937 -251.257202 -247.008564 -237.075938 -229.018892 -224.164034 -221.693633 -219.170285 -218.975278 -219.428401 -219.819220 -222.752554 -226.221415 -229.676743 -231.505806 -231.543450 -239.235106 -244.593791 -247.859201 -249.005087 -246.530835 -244.203859 -241.192142 -231.392130 -222.900840 -214.387902 -200.074310 -187.617337 -182.306959 -184.679429 -189.777377 -193.543676 -199.985886 -209.841970 -220.421995 -231.056182 -238.396669 -243.859144 -249.086351 -242.956954 -236.539082 -226.134540 -215.778174 -203.575995 -191.275588 -9999.0
-222.070719 -219.211606 -230.236189 -238.860125 -243.318378 -243.388582 -241.357387 -245.196549 -249.956368 -253.999088 -246.173324 -244.885404 -243.669452 -240.422955 -236.951162 -234.718796 -231.894179 -226.489472 -217.402098 -214.685366 -214.121340 -213.966727 -215.788757 -218.929263 -220.747536 -223.558934 -228.783320 -229.634171 -229.106774 -228.945141 -223.584761 -222.074580 -220.821391 -227.988974 -224.663720 -218.273629 -211.217605 -203.969615 -196.728045 -191.881858 -195.012581 -196.430878 -204.941844 -218.998724 -230.769158 -239.734239 -242.492934 -245.741574 -253.491635 -265.686890 -258.834712 -243.249061 -238.524999 -234.718810 -222.622844 -210.183993 -199.864463
-237.072139 -234.051065 -239.253316 -238.485899 -237.185819 -235.787855 -237.471549 -240.464921 -241.649533 -228.352305 -218.493822 -216.590464 -213.539542 -210.119613 -211.520725 -224.119710 -226.835684 -218.068967 -207.276453 -201.087765 -200.777813 -200.678749 -202.062063 -203.093850 -203.675472 -206.143927 -204.888568 -202.019168 -200.945250 -195.494451 -189.635247 -186.896080 -195.875320 -205.460761 -205.182179 -197.545483 -189.533625 -181.941084 -170.589020 -158.574809 -160.034835 -166.270770 -175.828838 -190.308774 -214.559363 -235.097335 -245.932918 -252.671509 -259.750628 -260.784714 -263.030054 -252.578431 -250.815828 -249.125506 -240.428106 -230.015303 -219.833335
-222.028003 -213.436042 -219.614749 -225.577353 -229.301368 -228.769663 -228.341841 -224.412044 -210.387713 -195.562888 -179.376984 -176.088766 -173.103059 -173.215494 -183.289232 -194.008208 -198.538591 -182.968573 -166.546502 -157.630762 -156.127111 -154.938737 -146.170630 -148.268926 -151.220979 -156.951945 -154.163973 -150.551226 -138.092934 -129.930376 -122.859143 -124.866724 -137.207705 -148.814884 -151.288464 -149.766569 -147.986396 -141.978409 -130.921615 -120.173434 -125.415070 -134.126657 -146.358291 -177.510700 -207.439666 -225.784215 -225.687699 -225.686927 -230.683358 -234.237972 -238.387237 -246.456543 -247.132339 -247.882941 -248.504524 -236.507183 -224.287933
-171.696462 -154.499108 -160.328014 -169.213472 -180.652777 -180.171477 -176.066932 -166.790799 -151.938513 -131.175291 -104.474172 -98.939097 -93.717773 -88.904286 -100.024087 -112.956718 -125.373294 -109.000454 -98.112406 -87.510770 -82.624752 -69.289821 -57.746688 -62.863135 -72.262761 -82.103776 -74.770292 -59.050650 -42.118561 -34.618493 -30.693073 -30.375746 -41.133593 -47.529116 -51.369861 -51.926778 -56.620664 -53.732209 -41.511095 -24.910873 -25.431632 -39.193073 -66.262254 -106.837015 -146.142770 -171.530969 -169.033436 -176.646944 -183.786107 -189.286435 -204.753903 -217.422640 -218.550526 -228.794056 -235.609368 -224.445245 -218.565139
-116.329726 -95.975513 -98.823939 -110.390481 -122.990349 -122.365641 -112.839415 -101.715345 -79.913511 -51.419899 -21.692995 -6.072529 3.393844 14.116863 7.270069 -2.909079 -12.793434 -5.795884 8.870474 23.646481 37.606243 52.669561 66.219374 59.423862 48.817759 45.726488 51.147100 70.419931 87.383220 93.766283 96.611674 101.015703 94.180097 85.745003 76.228647 67.189367 58.736284 53.341268 69.734890 85.179992 82.079493 54.732360 25.217864 -15.588376 -58.994724 -98.686419 -107.215791 -110.800542 -114.772512 -133.148568 -151.634999 -173.253560 -186.469828 -197.111854 -213.529330 -209.668541 -204.273978
-0.387417 23.689828 30.020320 15.274778 10.415415 16.656878 30.254550 38.632467 55.506397 86.703130 124.444776 151.872396 175.258267 180.427794 171.792086 162.470419 148.569129 143.573682 158.268964 171.155844 183.340368 195.225082 207.299208 214.340929 213.107036 213.075805 216.046929 221.064689 228.212488 235.053650 241.318378 247.788369 247.789523 238.517018 229.987352 219.679430 210.464830 207.067225 206.227358 213.411017 211.529816 189.199278 160.788216 127.361819 87.076131 50.313619 24.303729 22.366628 4.517613 -18.315272 -45.946234 -88.759768 -112.676295 -133.150076 -166.289496 -172.739162 -162.648110
130.275951 148.655644 164.930058 164.213145 167.316302 171.526562 178.819096 185.031880 193.959839 226.655493 262.131662 293.400113 318.655615 328.650726 319.989172 310.655300 299.675237 290.291600 291.765313 304.739777 320.444273 335.627425 346.105345 349.747045 348.297040 348.590166 350.151537 353.466488 356.149978 361.165384 367.947414 378.015168 389.675791 385.589516 369.042028 355.584284 339.781117 332.346288 329.146670 324.833332 323.982475 319.900451 293.128378 265.841791 233.556764 200.626738 176.060180 155.906509 133.957963 109.222032 61.022627 13.946133 -27.358447 -61.957253 -95.893263 -104.013915 -79.154356
255.642044 281.777741 297.478140 302.587301 305.469681 309.515396 317.154681 323.958497 332.830110 353.174135 388.254093 424.366987 454.653050 462.322895 455.935425 446.398228 435.901007 426.979431 424.101777 429.702228 438.303470 451.427737 462.722692 472.915691 472.489971 473.059868 472.810708 475.400201 477.567034 478.819125 484.649643 494.632483 503.900798 505.368734 493.950691 477.706777 459.192184 447.943066 438.985098 432.055270 430.847454 430.802429 426.819162 404.485328 370.594461 327.650449 297.688505 274.107258 259.317521 242.620763 221.900877 176.670021 149.067728 113.896420 74.800924 44.824754 75.371114
367.242732 396.686735 416.197281 426.017854 428.410180 433.518023 443.495349 452.265417 464.057348 480.099937 500.615955 527.209247 555.295118 576.860981 576.256585 566.331104 551.659439 548.309578 547.944164 549.033057 553.381945 557.402186 571.506240 584.699664 588.160974 589.535386 586.516712 590.029829 591.880020 591.978173 592.482532 595.354603 600.603416 602.262423 597.228300 584.572657 565.092825 545.648005 533.863517 527.874705 524.230837 523.716579 521.611903 510.756921 484.182291 447.726413 412.401378 387.059526 368.643086 354.205477 343.038408 329.100330 312.387936 284.240450 243.549681 206.708350 195.774709
468.664851 493.592735 517.419715 534.242788 540.426266 550.211022 559.663409 572.003576 587.158697 602.827327 615.636053 629.855542 650.873965 663.514678 670.036516 671.326749 671.328019 673.140451 673.068404 662.258677 663.281415 664.029545 666.883909 671.156987 671.856397 672.050121 671.439534 672.745088 673.359703 673.728176 673.618750 672.518917 673.145374 673.197647 672.125304 668.161003 664.104366 647.026148 634.829593 627.244330 619.723170 611.231005 601.800804 591.990220 576.063513 547.480035 513.101203 482.309745 466.834242 458.091399 451.017573 444.863086 429.802034 408.467001 380.065449 343.768156 307.130680
570.791810 589.222728 612.359763 628.509718 637.897972 648.568492 655.760628 667.876128 679.338605 678.526221 680.506355 682.270913 684.720951 686.061098 686.562119 686.432356 684.084639 683.388048 681.241700 675.490665 665.987263 666.872431 667.814355 669.811522 672.720198 671.182526 671.880635 674.939866 673.779759 668.891063 665.806323 664.288149 664.411706 671.126799 673.756350 674.242408 674.034590 672.966767 672.392977 671.684038 671.045446 670.310537 669.280682 667.552160 657.855844 635.656043 605.384631 572.302886 552.187900 543.194793 542.399882 537.843600 529.973520 509.085705 481.370968 446.368578 409.136623
671.210770 676.436361 680.302195 682.441998 683.634607 686.545562 689.626471 690.302899 686.963142 682.981120 677.950937 676.491876 675.313453 673.092089 673.638053 671.378556 666.980199 662.508564 654.711855 643.001985 630.779362 628.061328 632.218647 636.391998 639.659979 642.069804 644.903625 646.608700 642.400976 635.494743 629.161679 627.309891 633.443288 638.720563 643.106139 643.451496 642.383351 640.844789 641.552430 640.051929 641.544904 648.973748 663.016965 670.833000 671.975257 671.449055 668.089381 661.886152 645.097344 625.176144 626.863994 621.533332 608.426070 583.989238 558.652287 529.037473 499.547503
679.669254 677.257782 671.507586 665.987776 665.419853 669.388857 676.114298 677.561608 670.446573 661.447253 652.818980 645.192216 642.769635 640.937657 639.732657 639.042684 632.782521 623.517069 604.718278 590.557936 577.938473 571.076424 569.347566 574.284613 582.661799 590.572225 594.675904 589.314238 582.706625 573.318319 565.882645 566.256057 569.021815 577.495246 589.651520 592.744605 593.681828 589.773125 586.908283 582.507502 582.663501 592.375462 611.148663 627.362239 640.720497 649.025315 657.082598 663.980906 669.848706 670.220918 670.402507 669.832076 666.005068 650.567947 630.289790 607.138825 580.397450
656.118330 649.952760 642.971137 637.001292 635.222334 637.652956 640.567079 637.561373 630.218791 618.147037 603.275900 591.162105 584.436848 584.280603 585.520480 585.225320 578.155987 562.619150 543.094291 527.958749 513.154837 508.494963 503.635286 500.446480 510.495807 525.725115 531.078934 519.074887 510.173862 497.215437 490.150909 487.751424 489.574694 498.817424 516.885959 533.733802 534.855719 526.467804 518.543420 514.999813 514.387702 523.784696 544.917954 565.827043 581.108240 591.988113 600.788921 612.166532 623.024521 635.010539 648.167721 659.715531 670.138374 672.033190 671.096788 667.957366 651.873205
620.259997 610.269834 602.230824 595.604344 591.029802 588.439178 585.886013 579.789154 572.267500 559.109488 544.818614 531.688325 517.801436 513.968185 511.163524 512.314566 500.628687 488.539778 468.192683 451.977228 436.055918 426.545762 420.502190 414.769324 420.680604 436.183539 445.063316 430.757217 420.826413 407.970032 401.779297 398.788307 400.374068 410.103988 432.429854 450.729420 457.145151 449.619253 443.942458 441.811430 442.129336 448.994771 466.071848 487.384959 508.396161 524.486388 535.717433 546.062026 558.017971 573.723072 589.682290 606.984404 625.517992 645.153040 660.062759 669.382788 674.363990
574.773179 563.686219 552.554215 541.733974 535.474854 535.809452 528.828079 522.152462 509.485174 466.677478 449.288973 431.412277 416.378455 410.813565 403.531321 398.018359 388.291154 380.490731 370.134253 354.123139 336.986280 321.594477 316.255715 311.698278 305.414106 312.877702 316.664994 316.693785 309.525728 302.856073 299.786714 297.451962 301.086412 314.339015 326.889170 338.169086 344.098199 340.982641 347.033306 353.223033 355.819167 371.669733 386.408547 404.984606 426.929463 450.141087 463.557170 474.344453 486.601260 503.464034 521.986684 541.771536 566.132992 592.220872 611.295646 624.246627 637.035771
523.289787 508.809833 495.987888 483.461593 471.294040 471.540773 467.511226 459.923240 424.181575 382.450104 351.310892 333.250339 312.162951 301.563404 291.868224 269.237980 255.697558 247.821374 249.573560 238.168163 220.769253 205.929407 197.861214 191.552729 179.814664 173.848410 178.036514 188.323952 182.763916 180.053928 183.224071 181.302036 178.944012 186.658434 201.350929 210.216392 219.741454 229.623477 234.732270 242.647658 267.145252 281.795569 297.319218 317.969870 340.268516 363.272245 383.069887 396.609169 411.608647 431.163913 449.065770 471.327896 496.483651 526.331224 547.680556 563.903557 577.443526
451.867389 435.920082 419.683820 401.569498 381.292905 378.738330 371.464169 355.975493 313.291092 273.097086 242.145562 219.966042 195.347257 177.469685 152.459346 120.630983 99.774366 101.628470 107.635973 104.636824 88.511685 73.283430 61.021658 46.530152 29.663110 18.578040 26.884827 36.342335 41.908372 44.677985 48.612362 50.237223 49.258851 47.227804 56.965926 67.503352 79.519468 91.187566 104.338712 134.432112 161.464447 180.474455 202.590530 224.365835 248.549914 273.514675 295.225643 311.603571 330.612448 350.526240 371.954251 394.014743 420.318428 450.743983 475.673527 492.264359 507.857945
373.601730 352.279796 328.536903 293.407289 278.671778 269.699342 259.282258 226.620562 184.335366 145.330388 116.688599 88.948705 60.950615 30.808886 -3.739246 -35.345755 -57.384235 -51.751193 -45.195668 -36.500148 -50.740801 -64.869382 -73.447827 -89.560668 -104.981163 -119.512034 -111.180831 -101.252977 -85.400772 -81.584120 -78.172615 -71.854068 -73.109250 -74.837314 -80.578932 -70.351179 -58.811273 -43.720761 -14.280827 15.385226 44.646663 70.297867 95.409518 122.436340 150.859136 178.756214 206.263530 227.354588 247.842252 270.354039 291.643664 311.815489 334.895114 362.417356 386.526107 406.607997 428.016553
278.196766 254.817599 221.125006 177.901452 145.093713 130.634295 95.104170 58.487556 14.311810 -12.524124 -36.863913 -64.458370 -89.948981 -114.457511 -143.938764 -169.427209 -193.931989 -190.430330 -178.444446 -165.061165 -173.260114 -178.677026 -182.773920 -195.106842 -209.307861 -223.123943 -219.363552 -204.442957 -187.613169 -180.867915 -174.516863 -166.995204 -166.886074 -173.071777 -181.074120 -174.898810 -160.765956 -143.810933 -120.223811 -94.944110 -69.651802 -45.538748 -18.375040 10.881866 41.272089 73.746380 106.582993 131.617161 159.763344 187.751027 210.285399 225.185450 242.485291 269.002468 289.236289 312.037512 335.274401
173.964409 146.139446 102.836515 54.839200 5.845370 -35.261270 -72.241538 -107.629052 -131.480295 -153.828128 -174.912022 -195.593018 -217.829379 -238.924304 -259.598472 -282.214442 -302.369469 -297.345200 -283.953326 -271.462346 -269.836017 -273.116914 -276.437913 -284.639513 -298.373650 -310.239156 -302.168810 -286.607270 -271.243764 -261.447571 -254.782745 -248.435910 -251.152558 -259.258065 -266.161188 -258.195188 -242.615038 -227.077787 -208.437705 -185.855933 -162.884127 -139.521714 -114.537496 -88.666622 -59.506006 -28.452534 3.868661 35.964138 66.656067 95.814378 112.768886 128.906507 142.408639 163.616368 185.514529 209.069388 234.591194
39.367333 6.448702 -33.677372 -79.514995 -116.197175 -151.464153 -184.657884 -216.906934 -243.117322 -262.226413 -273.502385 -289.131884 -309.179643 -323.442961 -340.802401 -360.572137 -362.512168 -358.759836 -346.228063 -343.719641 -343.063326 -346.141891 -347.358170 -352.371410 -364.453622 -359.017906 -351.112475 -335.965706 -324.857217 -315.502355 -309.139735 -304.891542 -305.521458 -312.791092 -310.203809 -302.810707 -287.957291 -275.812996 -260.029682 -238.585482 -220.401585 -199.951659 -176.792829 -152.502744 -126.384999 -98.126714 -67.078499 -37.737425 -12.273451 3.173545 19.212712 30.721377 30.766436 51.029402 72.300296 94.029335 122.870577
