tests/Borden05m/data_simulated/sim_1/output-maps/psiliqL0029N0012.asc
ncols         160
nrows         34
xllcorner     620200.000000
yllcorner     5168000.000000
cellsize      0.500000
NODATA_value  -9999.0
[rows 0 to 24 of 34, columns 0 to 54 of 160]
-9999.0 -9999.0 -9999.0 -9999.0 -9999.0 -9999.0 -9999.0 -9999.0 -9999.0 -9999.0 -9999.0 -9999.0 -9999.0 -9999.0 -9999.0 -9999.0 -9999.0 -9999.0 -9999.0 -9999.0 -9999.0 -9999.0 -9999.0 -9999.0 -9999.0 -9999.0 -9999.0 -9999.0 -9999.0 -9999.0 -9999.0 -9999.0 -9999.0 -9999.0 -9999.0 -9999.0 -9999.0 -9999.0 -9999.0 -9999.0 -9999.0 -9999.0 -9999.0 -9999.0 -9999.0 -9999.0 -9999.0 -9999.0 -9999.0 -9999.0 -9999.0 -9999.0 -9999.0 -9999.0 -9999.0
-9999.0 -9999.0 -9999.0 -9999.0 -9999.0 -9999.0 -9999.0 -9999.0 -9999.0 -9999.0 -9999.0 -9999.0 -9999.0 -9999.0 -9999.0 -9999.0 -9999.0 -9999.0 -9999.0 -9999.0 -9999.0 -9999.0 -9999.0 -9999.0 -9999.0 -9999.0 -9999.0 -9999.0 -9999.0 -9999.0 -9999.0 -9999.0 -9999.0 -9999.0 -9999.0 -9999.0 -9999.0 -9999.0 -9999.0 -9999.0 -9999.0 -9999.0 -9999.0 -9999.0 -9999.0 -9999.0 -9999.0 -9999.0 -9999.0 -9999.0 -9999.0 -9999.0 -9999.0 -9999.0 -9999.0
-9999.0 -9999.0 -9999.0 -9999.0 -9999.0 -9999.0 -9999.0 -9999.0 -9999.0 -9999.0 -9999.0 -9999.0 -9999.0 -9999.0 -9999.0 -9999.0 -9999.0 -9999.0 -9999.0 -9999.0 -9999.0 -9999.0 -9999.0 -9999.0 -9999.0 -9999.0 -9999.0 -9999.0 -9999.0 -9999.0 -9999.0 -9999.0 -9999.0 -9999.0 -9999.0 -9999.0 -9999.0 -9999.0 -9999.0 -9999.0 -9999.0 -9999.0 -9999.0 -9999.0 -9999.0 -9999.0 -9999.0 3872.392401 3855.232718 3842.357319 3836.923802 3857.437217 3880.279640 3903.956839 3924.328586
-9999.0 -9999.0 -9999.0 -9999.0 -9999.0 -9999.0 -9999.0 -9999.0 -9999.0 -9999.0 -9999.0 -9999.0 -9999.0 -9999.0 -9999.0 -9999.0 -9999.0 -9999.0 -9999.0 -9999.0 -9999.0 -9999.0 -9999.0 -9999.0 -9999.0 -9999.0 -9999.0 -9999.0 -9999.0 -9999.0 -9999.0 -9999.0 -9999.0 -9999.0 -9999.0 -9999.0 -9999.0 -9999.0 -9999.0 -9999.0 3924.039752 3929.884649 3929.147426 3919.331654 3907.829173 3893.584900 3872.686232 3855.596332 3842.911933 3841.038320 3843.255452 3845.083263 3865.024156 3890.457985 3910.271082
-9999.0 -9999.0 -9999.0 -9999.0 -9999.0 -9999.0 -9999.0 -9999.0 -9999.0 -9999.0 -9999.0 -9999.0 -9999.0 -9999.0 -9999.0 -9999.0 -9999.0 -9999.0 -9999.0 -9999.0 -9999.0 -9999.0 -9999.0 -9999.0 -9999.0 -9999.0 -9999.0 -9999.0 -9999.0 -9999.0 -9999.0 -9999.0 -9999.0 -9999.0 3831.973390 3848.642737 3866.364568 3884.813687 3901.713557 3908.742052 3914.480957 3919.590270 3914.629754 3910.072936 3898.052520 3876.266991 3856.828214 3844.179862 3843.370171 3840.766150 3843.872701 3854.774624 3871.086972 3885.500815 3905.663326
-9999.0 -9999.0 -9999.0 -9999.0 -9999.0 -9999.0 -9999.0 -9999.0 -9999.0 -9999.0 -9999.0 -9999.0 -9999.0 -9999.0 -9999.0 -9999.0 -9999.0 -9999.0 -9999.0 -9999.0 -9999.0 -9999.0 -9999.0 -9999.0 -9999.0 -9999.0 -9999.0 -9999.0 3838.595357 3832.516965 3827.588017 3825.777989 3824.065745 3822.956258 3829.384584 3840.025999 3856.555442 3878.537679 3891.713852 3898.797867 3905.563275 3905.569540 3899.160327 3897.233698 3897.461388 3884.245867 3871.472182 3859.495397 3847.729855 3843.828359 3852.198669 3866.150397 3882.037854 3896.199563 3911.071226
-9999.0 -9999.0 -9999.0 -9999.0 -9999.0 -9999.0 -9999.0 -9999.0 -9999.0 -9999.0 -9999.0 -9999.0 -9999.0 -9999.0 -9999.0 -9999.0 -9999.0 -9999.0 -9999.0 -9999.0 -9999.0 -9999.0 -9999.0 3809.072744 3813.610171 3819.942441 3827.461039 3828.226969 3824.955257 3819.425721 3816.596698 3814.916657 3812.178668 3816.423401 3822.786989 3835.195217 3849.914631 3871.960362 3879.735997 3883.125039 3893.844961 3897.434824 3905.445046 3908.870117 3906.489063 3901.626601 3885.612995 3872.958546 3873.859582 3876.885701 3883.287076 3891.263704 3904.321891 3917.133786 3931.398936
-9999.0 -9999.0 -9999.0 -9999.0 -9999.0 -9999.0 -9999.0 -9999.0 -9999.0 -9999.0 -9999.0 -9999.0 -9999.0 -9999.0 -9999.0 -9999.0 -9999.0 -9999.0 -9999.0 3784.894698 3785.892584 3787.351289 3792.099237 3792.198802 3793.644562 3800.078672 3807.742858 3810.482334 3807.800907 3806.592169 3807.447716 3809.535022 3813.607436 3823.262603 3835.910811 3849.096083 3860.904185 3880.787159 3894.344799 3905.554073 3919.867003 3919.992871 3915.892826 3913.656563 3912.784050 3910.023670 3906.245975 3903.677456 3909.200722 3908.172051 3910.277732 3918.734682 3930.235202 3945.631417 3961.902682
-9999.0 -9999.0 -9999.0 -9999.0 -9999.0 -9999.0 -9999.0 -9999.0 -9999.0 -9999.0 -9999.0 -9999.0 -9999.0 -9999.0 -9999.0 -9999.0 3755.872939 3757.497560 3759.760519 3765.153184 3768.899842 3772.594100 3779.304466 3780.575075 3783.462488 3790.010643 3793.769680 3802.593851 3810.411993 3816.677519 3821.648689 3823.075158 3828.309871 3836.300616 3846.440631 3858.754100 3877.252922 3899.797662 3914.232996 3929.811799 3946.051923 3945.654183 3942.858991 3941.990511 3939.146521 3938.370988 3951.059797 3952.760690 3945.069554 3952.214411 3962.619209 3964.112723 3970.145280 3989.375774 4010.544310
-9999.0 -9999.0 -9999.0 -9999.0 -9999.0 -9999.0 -9999.0 -9999.0 -9999.0 -9999.0 -9999.0 -9999.0 -9999.0 3705.768155 3709.510309 3719.701770 3731.610308 3734.560035 3739.424336 3746.002205 3757.720139 3760.897444 3766.269782 3772.716733 3784.879572 3792.691638 3800.437920 3811.106035 3817.886655 3823.566362 3828.530131 3829.430013 3839.120336 3851.436987 3864.069743 3881.538472 3902.121488 3918.760145 3935.130785 3950.505052 3960.558030 3955.785999 3954.092221 3955.242020 3958.266650 3969.271566 3984.322871 3981.804023 3988.525934 4007.588049 4016.278187 4021.842441 4026.721399 4040.163314 4061.335261
-9999.0 -9999.0 -9999.0 -9999.0 -9999.0 -9999.0 -9999.0 -9999.0 -9999.0 -9999.0 3680.918115 3681.947335 3677.817658 3674.077001 3679.718701 3691.770793 3706.183875 3710.999017 3722.660638 3743.644531 3762.014240 3764.237907 3776.510265 3785.840987 3791.468263 3799.790592 3811.102486 3821.398872 3834.768281 3844.516768 3850.894491 3864.707475 3878.557563 3892.865625 3908.244035 3927.079464 3940.869700 3962.075956 3985.193646 3991.735331 4006.341253 4006.357733 4001.172071 3998.105237 4006.608307 4015.722198 4028.089128 4041.077300 4057.974891 4078.318244 4086.315410 4098.294120 4106.480485 4115.984602 4130.914805
-9999.0 -9999.0 -9999.0 -9999.0 -9999.0 -9999.0 -9999.0 -9999.0 3656.552684 3664.629244 3669.421216 3665.605328 3660.597625 3653.649515 3668.017686 3682.708452 3697.796909 3715.618303 3730.278469 3747.727391 3760.307107 3773.554065 3792.573276 3801.718848 3810.530367 3823.844845 3835.000597 3847.515818 3866.004607 3871.022948 3879.129597 3896.402403 3909.787341 3924.771653 3941.236895 3955.868510 3973.468575 4001.697660 4028.845152 4042.677344 4067.359874 4082.467908 4075.214728 4072.096396 4072.247149 4094.021857 4118.813297 4146.825707 4163.744068 4185.765972 4213.255893 4232.181572 4241.149651 4251.993730 4265.625978
-9999.0 -9999.0 -9999.0 -9999.0 -9999.0 -9999.0 3628.014996 3652.133185 3666.935084 3657.614134 3641.759324 3635.574311 3628.175384 3660.233631 3681.959898 3698.466163 3714.157819 3730.637202 3745.683269 3751.848125 3779.257750 3797.761317 3807.637686 3818.356227 3831.286389 3844.144788 3858.536934 3877.839186 3892.916443 3911.710539 3924.323672 3937.830833 3959.642725 3975.279629 3990.712770 4002.420488 4028.350353 4061.714214 4095.208492 4118.209327 4141.666610 4172.925072 4171.077007 4172.088650 4172.621024 4196.735570 4230.731568 4260.186139 4291.456848 4321.595219 4350.149040 4360.491432 4369.334554 4379.116959 4391.630751
-9999.0 -9999.0 -9999.0 -9999.0 3596.488356 3616.958949 3634.752618 3664.078132 3685.259924 3679.604172 3682.665808 3679.357923 3673.464741 3677.901361 3685.383868 3701.330883 3719.435969 3737.919785 3750.181500 3774.313175 3820.474057 3829.247750 3843.464526 3870.992447 3880.090937 3892.487333 3906.616661 3925.344171 3941.054862 3965.992459 3997.373476 4024.034235 4043.805712 4061.702641 4079.834089 4095.335691 4130.153221 4166.625494 4201.762983 4232.587486 4258.854950 4284.862858 4290.543393 4295.084881 4304.888179 4322.152917 4345.123909 4372.798539 4406.895025 4439.106653 4462.215996 4470.679178 4475.636106 4485.172079 4492.418684
-9999.0 -9999.0 -9999.0 3541.362231 3580.277996 3619.924563 3644.603964 3673.935824 3705.539246 3703.505045 3711.244720 3709.029461 3705.712931 3709.413337 3710.355900 3725.515994 3742.827499 3762.263796 3782.337866 3814.065008 3840.909815 3855.134449 3880.964975 3893.897034 3904.386683 3915.693073 3933.275419 3951.722118 3986.631728 4014.382021 4059.099593 4108.847585 4139.984383 4158.519009 4180.967984 4208.551240 4233.846749 4273.120952 4307.126162 4339.192664 4369.366908 4391.310617 4405.064919 4409.465236 4419.312422 4424.844346 4437.009121 4458.048279 4480.591330 4511.685177 4541.205581 4570.876247 4586.488583 4597.883004 4615.313356
-9999.0 -9999.0 3492.720660 3532.489514 3562.812449 3608.156990 3660.565395 3695.103307 3733.330436 3750.233653 3751.747831 3760.000102 3768.420735 3767.179508 3773.577473 3784.335360 3806.394900 3814.960490 3835.257970 3847.173226 3881.105878 3912.050425 3902.510448 3937.786679 3966.788167 3999.926143 4021.591572 4047.969629 4086.001204 4118.479408 4162.199984 4212.240791 4246.083407 4273.718286 4289.851485 4310.548599 4330.858502 4357.892290 4395.316240 4420.785676 4454.976448 4480.545072 4500.044405 4500.110901 4502.705200 4519.095630 4548.193166 4579.978686 4609.750180 4639.728627 4621.263505 4646.785041 4658.205749 4664.577643 4674.596517
-9999.0 -9999.0 3461.468352 3508.228148 3540.970808 3596.345501 3683.822601 3716.629703 3755.136857 3799.738543 3811.632899 3831.588687 3820.776699 3804.547193 3820.339008 3832.272571 3853.991034 3861.318307 3854.016692 3905.129342 3956.255194 3975.306277 3973.617506 4052.262910 4105.890239 4131.754861 4149.459847 4169.912954 4189.116040 4226.967409 4265.088311 4320.227275 4361.548293 4391.650391 4406.355086 4427.081649 4446.898144 4461.950721 4481.934004 4530.216266 4567.363412 4599.247832 4632.219086 4653.968119 4662.318636 4667.807763 4639.744628 4661.106401 4675.593056 4681.841061 4684.368759 4680.516685 4679.985947 4680.849998 4681.771323
-9999.0 3366.847254 3419.330151 3468.863564 3531.654870 3590.912261 3663.042707 3736.040327 3803.694598 3856.270001 3880.104362 3868.547891 3860.071780 3881.139367 3898.790357 3912.818852 3918.712599 3929.942629 3909.292800 3963.712667 3998.010815 4042.466172 4140.116599 4199.189760 4266.360176 4261.700949 4249.263062 4253.253848 4268.248833 4315.677894 4397.308813 4455.654910 4524.238599 4575.274733 4593.188540 4601.231494 4620.554231 4641.899485 4583.201046 4630.622420 4652.566964 4670.877970 4681.670984 4684.194820 4685.604399 4685.341913 4681.573904 4674.416819 4666.138755 4660.215645 4655.929624 4651.426367 4653.870301 4657.211646 4657.253193
-9999.0 3327.543666 3384.222945 3451.484174 3517.502197 3558.672469 3635.328858 3806.380744 3870.339301 3907.923586 3909.147098 3874.079867 3927.306720 3985.779926 4008.200058 4053.741383 4036.369210 4020.729432 3979.055946 4003.155640 4040.095557 4110.966172 4288.571166 4378.803589 4436.286112 4444.203594 4444.257318 4473.385123 4519.549231 4569.731081 4618.639034 4581.548766 4636.138797 4663.140345 4668.782790 4669.572610 4675.630974 4674.002981 4672.785234 4668.228325 4662.986052 4663.168793 4667.944565 4667.807586 4664.789586 4661.310922 4655.546919 4648.128442 4642.985861 4638.344935 4635.702744 4632.894269 4630.831342 4629.886120 4624.842790
-9999.0 3283.958847 3359.588403 3416.040915 3456.499265 3540.734572 3671.222191 3816.871754 3913.664303 3946.542471 3913.103702 3940.391143 4044.126909 4153.299015 4206.425080 4227.197760 4203.965116 4150.079193 4125.478930 4169.545821 4242.118759 4369.008009 4519.162988 4624.410486 4640.784403 4644.547395 4591.184676 4619.897371 4646.510398 4649.668488 4650.918093 4660.037980 4665.206599 4668.277484 4666.666371 4663.761987 4658.897427 4650.612828 4645.834287 4642.054161 4638.212723 4636.895693 4638.771938 4640.779453 4637.882530 4633.948970 4629.457926 4623.884105 4617.504664 4610.668920 4606.225331 4601.864042 4599.679210 4593.888546 4590.466214
-9999.0 3153.420553 3251.859515 3287.786694 3349.973168 3541.955602 3671.295405 3808.466882 3978.176530 3994.091778 4032.518176 4177.248015 4300.806761 4383.861412 4411.116448 4443.667308 4468.212649 4483.397116 4521.548922 4385.303456 4472.285593 4580.107132 4630.172944 4651.883294 4664.014228 4664.429299 4654.204142 4633.044797 4622.227385 4615.461914 4617.076652 4624.407124 4628.938067 4633.607039 4631.264158 4632.468322 4633.840795 4630.683396 4626.582835 4617.701336 4609.764388 4602.819301 4599.196789 4603.771473 4599.144089 4596.931042 4590.614453 4581.981106 4572.858375 4565.447439 4557.305403 4550.664808 4548.456058 4543.449124 4542.208384
-9999.0 3072.297287 3143.214609 3193.393077 3295.170830 3457.940206 3542.909853 3697.558716 3946.932116 4088.604094 4263.090694 4359.806883 4430.965723 4469.955256 4518.891838 4573.507187 4602.112414 4615.215603 4580.495023 4606.270962 4561.613789 4550.241894 4568.447194 4598.803809 4617.216279 4621.509751 4613.844492 4605.018371 4597.723985 4596.600998 4594.232359 4589.562729 4584.874267 4580.949914 4577.811096 4581.045777 4586.568800 4579.180151 4568.439698 4558.621053 4549.782880 4540.289301 4534.187298 4529.188839 4529.882158 4530.210926 4522.432177 4511.773180 4500.702038 4492.246546 4485.019333 4480.639314 4477.791813 4472.654773 4462.399104
-9999.0 2946.767913 3081.177994 3151.376389 3236.209299 3361.306803 3457.448468 3604.625698 3728.786777 3980.224385 4118.139751 4333.101807 4386.307682 4460.345007 4506.383538 4582.572152 4576.968251 4545.814696 4500.762455 4484.947776 4498.174826 4507.736301 4515.524947 4529.436961 4547.588738 4558.113037 4563.953693 4558.331625 4544.001408 4530.844049 4518.741114 4504.163624 4494.218171 4491.430011 4496.243315 4506.939730 4507.063354 4497.658367 4483.177400 4464.327282 4448.252019 4436.079624 4434.230407 4437.296003 4438.584564 4434.302028 4428.596651 4417.603570 4404.795816 4392.018341 4386.551126 4382.285508 4374.543903 4362.781188 4350.451117
-9999.0 -9999.0 2991.520338 3098.311870 3185.533615 3290.963772 3370.326192 3479.071069 3615.264717 3783.657599 3900.382250 4094.135015 4196.198543 4241.222454 4272.774917 4330.179623 4358.152082 4393.320020 4390.990083 4405.257438 4416.681788 4422.574853 4427.496807 4432.465215 4442.779642 4452.881954 4463.926127 4461.074004 4452.354145 4431.033623 4404.034713 4382.958405 4372.037822 4362.210315 4375.006380 4387.858159 4381.715456 4374.684019 4361.778225 4345.317828 4332.737807 4318.259194 4314.807157 4314.579902 4315.237005 4312.977401 4310.796132 4298.268003 4285.958132 4276.333388 4272.482692 4266.800354 4263.455426 4253.650680 4243.013680
-9999.0 -9999.0 2902.978927 3002.983932 3099.620652 3212.759634 3289.604370 3283.686461 3413.499334 3512.415287 3620.843926 3735.927396 3837.220327 3908.212627 3939.390204 4003.046273 4063.941019 4083.836308 4129.780428 4190.365595 4227.459847 4270.381748 4295.183300 4304.432250 4317.044252 4332.095586 4339.489932 4323.495871 4312.138390 4294.860668 4270.795926 4243.146345 4229.180996 4229.401910 4227.672582 4228.352775 4220.222640 4211.318696 4196.700902 4183.036106 4170.909732 4162.462962 4158.925004 4152.771178 4150.186291 4147.414369 4145.946478 4141.318752 4133.581835 4129.547079 4121.200149 4117.823056 4117.367707 4114.942997 4109.750938
