tests/Borden05m/data_simulated/sim_1/output-maps/psiliqL0014N0003.asc
ncols         160
nrows         34
xllcorner     620200.000000
yllcorner     5168000.000000
cellsize      0.500000
NODATA_value  -9999.0
[rows 0 to 24 of 34, columns 0 to 55 of 160]
-9999.0 -9999.0 -9999.0 -9999.0 -9999.0 -9999.0 -9999.0 -9999.0 -9999.0 -9999.0 -9999.0 -9999.0 -9999.0 -9999.0 -9999.0 -9999.0 -9999.0 -9999.0 -9999.0 -9999.0 -9999.0 -9999.0 -9999.0 -9999.0 -9999.0 -9999.0 -9999.0 -9999.0 -9999.0 -9999.0 -9999.0 -9999.0 -9999.0 -9999.0 -9999.0 -9999.0 -9999.0 -9999.0 -9999.0 -9999.0 -9999.0 -9999.0 -9999.0 -9999.0 -9999.0 -9999.0 -9999.0 -9999.0 -9999.0 -9999.0 -9999.0 -9999.0 -9999.0 -9999.0 -9999.0 -9999.0
-9999.0 -9999.0 -9999.0 -9999.0 -9999.0 -9999.0 -9999.0 -9999.0 -9999.0 -9999.0 -9999.0 -9999.0 -9999.0 -9999.0 -9999.0 -9999.0 -9999.0 -9999.0 -9999.0 -9999.0 -9999.0 -9999.0 -9999.0 -9999.0 -9999.0 -9999.0 -9999.0 -9999.0 -9999.0 -9999.0 -9999.0 -9999.0 -9999.0 -9999.0 -9999.0 -9999.0 -9999.0 -9999.0 -9999.0 -9999.0 -9999.0 -9999.0 -9999.0 -9999.0 -9999.0 -9999.0 -9999.0 -9999.0 -9999.0 -9999.0 -9999.0 -9999.0 -9999.0 -9999.0 -9999.0 -9999.0
-9999.0 -9999.0 -9999.0 -9999.0 -9999.0 -9999.0 -9999.0 -9999.0 -9999.0 -9999.0 -9999.0 -9999.0 -9999.0 -9999.0 -9999.0 -9999.0 -9999.0 -9999.0 -9999.0 -9999.0 -9999.0 -9999.0 -9999.0 -9999.0 -9999.0 -9999.0 -9999.0 -9999.0 -9999.0 -9999.0 -9999.0 -9999.0 -9999.0 -9999.0 -9999.0 -9999.0 -9999.0 -9999.0 -9999.0 -9999.0 -9999.0 -9999.0 -9999.0 -9999.0 -9999.0 -9999.0 -9999.0 888.111822 870.841341 855.351751 852.869728 875.246184 898.582325 922.352413 942.909241 961.477379
-9999.0 -9999.0 -9999.0 -9999.0 -9999.0 -9999.0 -9999.0 -9999.0 -9999.0 -9999.0 -9999.0 -9999.0 -9999.0 -9999.0 -9999.0 -9999.0 -9999.0 -9999.0 -9999.0 -9999.0 -9999.0 -9999.0 -9999.0 -9999.0 -9999.0 -9999.0 -9999.0 -9999.0 -9999.0 -9999.0 -9999.0 -9999.0 -9999.0 -9999.0 -9999.0 -9999.0 -9999.0 -9999.0 -9999.0 -9999.0 935.877550 941.802737 942.926064 932.537347 921.374837 909.114641 889.134983 871.496985 856.836333 854.412545 857.097781 862.002058 884.411643 909.112717 928.794580 945.726850
-9999.0 -9999.0 -9999.0 -9999.0 -9999.0 -9999.0 -9999.0 -9999.0 -9999.0 -9999.0 -9999.0 -9999.0 -9999.0 -9999.0 -9999.0 -9999.0 -9999.0 -9999.0 -9999.0 -9999.0 -9999.0 -9999.0 -9999.0 -9999.0 -9999.0 -9999.0 -9999.0 -9999.0 -9999.0 -9999.0 -9999.0 -9999.0 -9999.0 -9999.0 843.660417 861.043298 879.101132 897.505050 914.248449 921.046058 926.902383 932.640740 928.544430 923.983705 912.697515 893.524771 874.119649 860.467044 858.507321 856.121903 860.418301 873.203371 889.982004 906.084635 926.985330 950.579782
-9999.0 -9999.0 -9999.0 -9999.0 -9999.0 -9999.0 -9999.0 -9999.0 -9999.0 -9999.0 -9999.0 -9999.0 -9999.0 -9999.0 -9999.0 -9999.0 -9999.0 -9999.0 -9999.0 -9999.0 -9999.0 -9999.0 -9999.0 -9999.0 -9999.0 -9999.0 -9999.0 -9999.0 848.226060 842.330320 837.320882 835.845245 834.548694 833.453803 840.278442 852.263555 870.217597 891.923713 904.924396 912.182890 918.893788 919.671721 914.667011 912.780151 913.218373 901.437272 889.822860 878.960347 868.469848 866.891836 876.455617 890.606087 906.832553 921.679186 937.091577 947.492338
-9999.0 -9999.0 -9999.0 -9999.0 -9999.0 -9999.0 -9999.0 -9999.0 -9999.0 -9999.0 -9999.0 -9999.0 -9999.0 -9999.0 -9999.0 -9999.0 -9999.0 -9999.0 -9999.0 -9999.0 -9999.0 -9999.0 -9999.0 818.621999 824.356642 830.881703 838.352196 839.272635 835.251543 829.682430 826.695994 825.225763 823.498676 827.983950 835.993072 849.518122 865.297009 887.186211 895.777559 901.802134 914.033349 916.888888 922.792872 926.945765 925.316562 922.468896 909.905767 900.550859 905.478234 911.269797 918.076787 926.071551 939.456006 954.706875 971.890018 991.896210
-9999.0 -9999.0 -9999.0 -9999.0 -9999.0 -9999.0 -9999.0 -9999.0 -9999.0 -9999.0 -9999.0 -9999.0 -9999.0 -9999.0 -9999.0 -9999.0 -9999.0 -9999.0 -9999.0 793.750544 794.676326 795.877116 800.573039 801.367294 803.494397 810.469067 818.607853 820.984319 819.245943 817.845660 819.379942 822.094499 826.463457 837.719936 851.505527 865.668612 879.496161 900.379956 915.144567 928.721098 944.743612 944.175664 940.259881 938.537761 939.120121 939.381192 943.403937 946.078773 952.371769 957.007327 963.305580 972.648398 984.155702 1002.317526 1022.030603 1041.654584
-9999.0 -9999.0 -9999.0 -9999.0 -9999.0 -9999.0 -9999.0 -9999.0 -9999.0 -9999.0 -9999.0 -9999.0 -9999.0 -9999.0 -9999.0 -9999.0 765.114429 766.971459 769.193453 774.597909 777.500015 781.497463 788.439206 789.681202 793.444407 800.573979 805.443663 814.238013 822.275764 829.578138 835.538312 838.215244 845.646301 855.262473 867.119676 882.338995 903.789753 926.875147 943.142163 960.007882 977.163317 977.890129 976.944415 978.230076 978.848697 985.284756 1002.838817 1008.736186 1010.056232 1026.580399 1040.682258 1045.884812 1053.650787 1072.772315 1096.472433 1119.714677
-9999.0 -9999.0 -9999.0 -9999.0 -9999.0 -9999.0 -9999.0 -9999.0 -9999.0 -9999.0 -9999.0 -9999.0 -9999.0 718.934161 723.085113 732.644687 741.889171 744.424875 748.719051 754.779979 766.985097 770.612518 776.834504 784.395465 796.242580 804.837893 813.981481 825.789703 834.175652 841.382227 848.389384 854.001093 867.224079 882.423585 898.139469 918.318753 940.277676 960.807574 981.307305 997.191860 1011.046492 1013.232431 1012.484895 1015.123456 1023.099035 1040.567580 1059.755139 1069.320807 1088.091861 1111.669128 1125.643922 1137.761238 1146.798896 1160.534684 1182.109748 1216.851353
-9999.0 -9999.0 -9999.0 -9999.0 -9999.0 -9999.0 -9999.0 -9999.0 -9999.0 -9999.0 685.965907 688.291171 684.870709 684.671940 689.748327 701.841983 715.524437 722.113289 733.669739 754.553654 772.277999 775.777548 790.298696 800.469114 807.204073 817.722704 830.855755 843.668276 860.504112 873.025879 884.702318 904.312376 920.854164 937.481531 955.342584 975.665933 995.598240 1024.215006 1051.411116 1064.612005 1087.302402 1098.869253 1096.651631 1097.469120 1107.130160 1124.048356 1146.360094 1171.055216 1194.168787 1220.916962 1239.655974 1255.049643 1266.694611 1279.996343 1296.883319 1333.315626
-9999.0 -9999.0 -9999.0 -9999.0 -9999.0 -9999.0 -9999.0 -9999.0 661.552477 668.826095 674.939271 671.938232 667.421612 663.536869 677.194614 693.014774 709.052300 726.609759 742.597232 760.744222 776.038679 792.288417 812.060518 823.780263 835.477110 850.818758 864.541385 881.780138 903.144588 916.121373 933.141731 954.716794 973.589157 991.873043 1010.883759 1029.376832 1056.229754 1090.143710 1122.601401 1146.082879 1174.744136 1198.752283 1199.284902 1203.152566 1209.032155 1236.205888 1267.237303 1299.782185 1327.448670 1357.077932 1388.388639 1407.813855 1419.726348 1433.574625 1450.307367 1470.845934
-9999.0 -9999.0 -9999.0 -9999.0 -9999.0 -9999.0 634.757993 658.941691 673.876593 665.940918 656.126805 652.457401 648.413782 671.444290 693.319557 710.537780 727.452215 745.086649 761.642162 774.793547 808.618673 826.325457 840.790710 859.046985 873.683460 888.344536 905.887884 929.367243 951.410429 981.462207 1007.832067 1032.341270 1059.038632 1079.323543 1098.742377 1117.702281 1149.628084 1187.709566 1225.393514 1255.633103 1284.335028 1316.487068 1325.610869 1333.403085 1342.779013 1365.767796 1399.481198 1432.303256 1468.851794 1503.599635 1532.336591 1545.776174 1557.332220 1569.730270 1584.419202 1598.255525
-9999.0 -9999.0 -9999.0 -9999.0 601.587866 622.451002 642.443860 673.056000 695.535358 690.442821 697.110837 697.241374 695.431656 699.145195 706.076917 724.191380 742.764724 761.591900 779.523646 814.669809 858.559799 874.280666 898.939806 931.096355 945.048500 960.521434 976.908771 1000.122000 1027.241432 1061.071463 1105.335345 1143.251117 1169.904415 1193.841979 1216.092451 1239.180121 1274.171284 1313.212962 1352.004916 1388.465802 1420.636815 1448.574430 1463.658761 1474.137827 1488.632386 1507.443960 1531.037572 1560.548746 1593.923838 1627.939028 1654.525328 1669.284326 1677.926284 1689.112693 1700.196611 1713.000216
-9999.0 -9999.0 -9999.0 552.520225 591.126554 628.771685 655.735469 686.541231 718.501412 723.234275 732.079540 737.130181 742.146250 750.786029 759.564169 776.677830 792.736664 808.407566 830.401505 867.129551 902.292310 932.606828 964.934061 992.360269 1013.650545 1029.913507 1048.618797 1072.899775 1112.933707 1151.066462 1202.024938 1256.155293 1294.375255 1320.498770 1344.314563 1373.043743 1399.609108 1437.720227 1475.185089 1511.010878 1545.143450 1572.071000 1593.014996 1602.996645 1614.849597 1625.713559 1643.906033 1666.979516 1690.232767 1720.094928 1749.139376 1774.092525 1788.319165 1798.481062 1814.567417 1830.753433
-9999.0 -9999.0 505.507401 543.181558 577.317019 627.565017 680.310658 714.439138 755.138082 778.972831 785.733056 802.956316 819.173576 826.684779 842.537954 859.877141 877.236868 883.776255 900.279815 931.272470 981.447510 1027.553250 1050.327589 1102.359461 1136.332165 1164.152921 1182.041179 1208.992381 1244.742130 1287.421356 1337.268571 1388.709249 1429.326694 1462.895893 1481.701883 1502.939130 1527.275330 1553.025984 1588.976909 1620.146259 1653.348817 1680.940904 1704.139679 1712.765553 1719.505299 1736.692575 1762.016329 1788.569015 1813.587000 1837.583662 1842.632077 1854.391023 1860.194781 1863.827824 1868.742388 1872.349967
-9999.0 -9999.0 478.968341 523.714541 564.158169 630.829102 709.888689 746.888176 789.613833 835.148771 853.848531 878.365882 891.389227 902.343855 926.269190 949.259864 961.171806 967.858548 967.791172 1023.262225 1081.896598 1134.358689 1184.571770 1252.250983 1298.562637 1315.971878 1329.073397 1350.299826 1375.926687 1420.397270 1469.695341 1523.893642 1569.338697 1602.318370 1620.540261 1640.291726 1661.738274 1680.769318 1701.238448 1741.496923 1769.779570 1796.342336 1823.822726 1844.938596 1854.410011 1859.071494 1850.502826 1860.882942 1868.371391 1872.441651 1874.614056 1872.347047 1872.519306 1873.844568 1875.351109 1870.852360
-9999.0 390.433406 442.497032 495.706022 564.644349 631.950586 715.192590 794.901701 850.821608 897.415129 926.663921 940.273628 979.399293 1023.454059 1050.612675 1078.579087 1082.126714 1087.308772 1078.252765 1126.377070 1177.366905 1254.244477 1365.653766 1424.442464 1470.335146 1474.723202 1471.625000 1485.321593 1510.152574 1554.256388 1621.453418 1669.288744 1722.643588 1763.421166 1779.845222 1787.997133 1806.493378 1827.209470 1817.728022 1840.565390 1852.014363 1861.670070 1865.277660 1868.347190 1870.865603 1872.608380 1871.002008 1866.193987 1859.890754 1855.638947 1852.690766 1848.998678 1851.951132 1855.527323 1856.511528 1849.870959
-9999.0 355.110661 414.608424 486.107974 557.092775 625.799935 729.894677 870.799679 923.363141 960.413823 984.646494 1010.852713 1091.062983 1159.230015 1196.107101 1242.138287 1238.949264 1229.876838 1218.604338 1252.208074 1303.091466 1378.591758 1520.426150 1606.476706 1635.997558 1649.719014 1658.922821 1686.274250 1723.013748 1759.120935 1792.056647 1794.539927 1820.851728 1835.057470 1840.768398 1844.350487 1849.757546 1852.037562 1852.250039 1850.888880 1848.413471 1850.478184 1856.031967 1857.292028 1855.944358 1854.247740 1849.982226 1843.608467 1839.110408 1835.364215 1833.304685 1830.770062 1829.410983 1829.442393 1824.982780 1819.073135
-9999.0 326.064028 396.978125 460.657987 526.533447 641.953052 766.990325 900.963992 992.806576 1030.795944 1058.040603 1131.410448 1234.768043 1333.352952 1388.518180 1417.385046 1422.662013 1405.227201 1410.927581 1455.905874 1520.750631 1611.319028 1701.359178 1778.222682 1794.370586 1801.097211 1784.781148 1799.618363 1813.267385 1817.642041 1821.100507 1826.289902 1833.554800 1838.492487 1839.591206 1839.161544 1836.898576 1831.382938 1828.687477 1827.480148 1825.840793 1826.869119 1830.611193 1832.669364 1830.969749 1827.881657 1823.998072 1818.848065 1813.196940 1807.045121 1803.440086 1799.594553 1797.322478 1792.099676 1787.008411 1779.949657
-9999.0 228.057735 315.775640 371.528137 488.509335 661.202334 786.931317 936.501393 1080.337284 1120.963678 1199.689720 1321.512168 1430.468727 1508.738028 1554.438294 1599.840778 1631.330776 1656.732049 1692.198605 1656.046209 1711.519802 1767.283391 1793.263337 1807.783399 1812.661535 1817.328199 1812.764020 1796.645539 1788.862657 1784.326445 1787.741282 1796.417088 1803.221461 1810.056683 1809.541549 1811.674635 1813.331638 1811.587925 1809.634613 1803.220129 1797.189700 1792.684592 1791.740700 1797.424930 1792.855807 1789.794919 1783.833182 1775.785367 1767.107431 1759.474356 1751.799382 1744.929091 1741.642104 1735.175671 1732.125381 1721.817219
-9999.0 147.181793 224.239098 315.374304 455.078217 618.889221 750.181156 917.072098 1121.970992 1237.192125 1361.046991 1436.689413 1515.842845 1583.386148 1650.477889 1699.387891 1726.345736 1738.496731 1731.467636 1743.589728 1715.162498 1711.572665 1731.788945 1760.732547 1776.750536 1783.681365 1778.130121 1769.963488 1764.625401 1764.661756 1764.002240 1762.935824 1761.693513 1760.189649 1757.948709 1760.851695 1766.449219 1761.702131 1754.627931 1747.909853 1741.771463 1734.440019 1729.494738 1726.219519 1724.802575 1723.931047 1715.651917 1704.412565 1693.049994 1684.201664 1675.962220 1669.698265 1666.147911 1659.699767 1649.619080 1634.411396
-9999.0 50.134294 170.546511 265.723970 389.306698 526.502368 654.055104 817.978311 967.424505 1185.402571 1345.923571 1452.237438 1499.404215 1562.992950 1626.979870 1695.852672 1703.572973 1678.078046 1649.450420 1637.845826 1645.869718 1658.219711 1674.035291 1696.017815 1715.729450 1727.468590 1731.386459 1725.305689 1712.432736 1702.950258 1695.559237 1685.095873 1677.626664 1676.384829 1677.374023 1684.917610 1687.782016 1679.652069 1667.843048 1652.942260 1639.884743 1629.945224 1627.225816 1628.247396 1627.468307 1622.644040 1614.201643 1601.927166 1587.815307 1574.796733 1566.325238 1559.849138 1551.712309 1540.072372 1526.598470 1510.833107
-9999.0 -9999.0 95.969623 207.251150 316.529987 440.182126 557.209307 701.972765 852.567807 1034.340416 1153.241806 1283.727278 1359.409408 1409.972169 1463.844915 1520.727069 1541.698353 1562.778848 1548.778644 1555.427079 1564.390722 1572.978207 1585.320234 1599.461346 1614.896295 1626.587785 1635.397128 1633.828274 1624.445373 1606.197814 1584.329959 1567.304299 1557.388676 1549.924255 1558.930154 1570.263369 1567.676549 1561.563741 1550.314030 1535.335289 1522.876987 1509.492375 1505.589593 1505.298698 1504.286251 1499.788526 1493.239925 1478.252287 1463.365067 1449.895685 1443.058563 1435.753461 1429.060904 1416.709959 1403.104621 1387.782661
-9999.0 -9999.0 11.925156 121.133156 236.689362 360.580877 462.018841 541.080181 694.072359 810.847295 915.241286 1013.973910 1097.497976 1162.724838 1208.928019 1271.143102 1312.933847 1330.275743 1351.112911 1381.623847 1408.856006 1438.258794 1458.785317 1473.933620 1489.897999 1504.549207 1513.948954 1502.461698 1490.781774 1472.664390 1449.543570 1424.778949 1411.534554 1407.158898 1409.058737 1414.094128 1408.605285 1399.402561 1385.533603 1370.328682 1357.597564 1346.311010 1341.925130 1337.928144 1335.587277 1331.325237 1326.475840 1316.257924 1303.515125 1294.619714 1285.354629 1278.538647 1274.593716 1266.925569 1256.589531 1248.907975
