tests/Borden05m/data_simulated/sim_1/output-maps/psiliqL0014N0004.asc
ncols         160
nrows         34
xllcorner     620200.000000
yllcorner     5168000.000000
cellsize      0.500000
NODATA_value  -9999.0
[rows 0 to 24 of 34, columns 0 to 55 of 160]
-9999.0 -9999.0 -9999.0 -9999.0 -9999.0 -9999.0 -9999.0 -9999.0 -9999.0 -9999.0 -9999.0 -9999.0 -9999.0 -9999.0 -9999.0 -9999.0 -9999.0 -9999.0 -9999.0 -9999.0 -9999.0 -9999.0 -9999.0 -9999.0 -9999.0 -9999.0 -9999.0 -9999.0 -9999.0 -9999.0 -9999.0 -9999.0 -9999.0 -9999.0 -9999.0 -9999.0 -9999.0 -9999.0 -9999.0 -9999.0 -9999.0 -9999.0 -9999.0 -9999.0 -9999.0 -9999.0 -9999.0 -9999.0 -9999.0 -9999.0 -9999.0 -9999.0 -9999.0 -9999.0 -9999.0 -9999.0
-9999.0 -9999.0 -9999.0 -9999.0 -9999.0 -9999.0 -9999.0 -9999.0 -9999.0 -9999.0 -9999.0 -9999.0 -9999.0 -9999.0 -9999.0 -9999.0 -9999.0 -9999.0 -9999.0 -9999.0 -9999.0 -9999.0 -9999.0 -9999.0 -9999.0 -9999.0 -9999.0 -9999.0 -9999.0 -9999.0 -9999.0 -9999.0 -9999.0 -9999.0 -9999.0 -9999.0 -9999.0 -9999.0 -9999.0 -9999.0 -9999.0 -9999.0 -9999.0 -9999.0 -9999.0 -9999.0 -9999.0 -9999.0 -9999.0 -9999.0 -9999.0 -9999.0 -9999.0 -9999.0 -9999.0 -9999.0
-9999.0 -9999.0 -9999.0 -9999.0 -9999.0 -9999.0 -9999.0 -9999.0 -9999.0 -9999.0 -9999.0 -9999.0 -9999.0 -9999.0 -9999.0 -9999.0 -9999.0 -9999.0 -9999.0 -9999.0 -9999.0 -9999.0 -9999.0 -9999.0 -9999.0 -9999.0 -9999.0 -9999.0 -9999.0 -9999.0 -9999.0 -9999.0 -9999.0 -9999.0 -9999.0 -9999.0 -9999.0 -9999.0 -9999.0 -9999.0 -9999.0 -9999.0 -9999.0 -9999.0 -9999.0 -9999.0 -9999.0 890.778728 873.530927 858.090422 855.683881 878.160449 901.615871 925.517182 946.209560 964.911679
-9999.0 -9999.0 -9999.0 -9999.0 -9999.0 -9999.0 -9999.0 -9999.0 -9999.0 -9999.0 -9999.0 -9999.0 -9999.0 -9999.0 -9999.0 -9999.0 -9999.0 -9999.0 -9999.0 -9999.0 -9999.0 -9999.0 -9999.0 -9999.0 -9999.0 -9999.0 -9999.0 -9999.0 -9999.0 -9999.0 -9999.0 -9999.0 -9999.0 -9999.0 -9999.0 -9999.0 -9999.0 -9999.0 -9999.0 -9999.0 938.488808 944.447870 945.618123 935.277861 924.158087 911.928911 891.961496 874.300091 859.665215 857.299072 860.069758 865.084433 887.625165 912.471038 932.304623 949.389376
-9999.0 -9999.0 -9999.0 -9999.0 -9999.0 -9999.0 -9999.0 -9999.0 -9999.0 -9999.0 -9999.0 -9999.0 -9999.0 -9999.0 -9999.0 -9999.0 -9999.0 -9999.0 -9999.0 -9999.0 -9999.0 -9999.0 -9999.0 -9999.0 -9999.0 -9999.0 -9999.0 -9999.0 -9999.0 -9999.0 -9999.0 -9999.0 -9999.0 -9999.0 845.892162 863.336198 881.485645 899.993870 916.839578 923.721921 929.621494 935.416925 931.382511 926.882060 915.649802 896.522152 877.152889 863.531833 861.625411 859.319584 863.722631 876.640903 893.575572 909.851814 930.937218 954.722948
-9999.0 -9999.0 -9999.0 -9999.0 -9999.0 -9999.0 -9999.0 -9999.0 -9999.0 -9999.0 -9999.0 -9999.0 -9999.0 -9999.0 -9999.0 -9999.0 -9999.0 -9999.0 -9999.0 -9999.0 -9999.0 -9999.0 -9999.0 -9999.0 -9999.0 -9999.0 -9999.0 -9999.0 850.073860 844.222704 839.282459 837.891000 836.686359 835.682928 842.583030 854.662189 872.728749 894.557679 907.681141 915.052751 921.860862 922.731634 917.815512 916.010703 916.523599 904.810282 893.260888 882.467788 872.063881 870.596851 880.300799 894.621404 911.046495 926.114927 941.767528 952.422460
-9999.0 -9999.0 -9999.0 -9999.0 -9999.0 -9999.0 -9999.0 -9999.0 -9999.0 -9999.0 -9999.0 -9999.0 -9999.0 -9999.0 -9999.0 -9999.0 -9999.0 -9999.0 -9999.0 -9999.0 -9999.0 -9999.0 -9999.0 820.264698 826.031645 832.608040 840.140558 841.125015 837.156813 831.656596 828.755818 827.384528 825.766158 830.366237 838.494371 852.151720 868.077639 890.124096 898.875231 905.055197 917.432265 920.423859 926.452403 930.718006 929.191257 926.440895 913.975985 904.729252 909.783909 915.729320 922.723510 930.944735 944.594956 960.146422 977.657226 998.015859
-9999.0 -9999.0 -9999.0 -9999.0 -9999.0 -9999.0 -9999.0 -9999.0 -9999.0 -9999.0 -9999.0 -9999.0 -9999.0 -9999.0 -9999.0 -9999.0 -9999.0 -9999.0 -9999.0 795.320311 796.271102 797.508986 802.244095 803.067115 805.241911 812.279943 820.493516 822.952524 821.301501 820.000712 821.648314 824.489680 828.997390 840.404292 854.352482 868.694166 882.716790 903.809170 918.789237 932.580923 948.810788 948.434748 944.690562 943.118835 943.837067 944.229389 948.390842 951.219989 957.689861 962.533245 969.085909 978.741296 990.622515 1009.209445 1029.382588 1049.492681
-9999.0 -9999.0 -9999.0 -9999.0 -9999.0 -9999.0 -9999.0 -9999.0 -9999.0 -9999.0 -9999.0 -9999.0 -9999.0 -9999.0 -9999.0 -9999.0 766.654139 768.539073 770.796267 776.225081 779.167536 783.215232 790.212769 791.513834 795.347854 802.561606 807.529009 816.433745 824.594594 832.034308 838.147332 840.991691 848.605129 858.418717 870.491620 885.948333 907.660443 931.028173 947.592247 964.761155 982.212553 983.211883 982.501295 983.982971 984.771466 991.375868 1009.116551 1015.225566 1016.782820 1033.585682 1048.033403 1053.674349 1061.977057 1081.710757 1106.051330 1129.939484
-9999.0 -9999.0 -9999.0 -9999.0 -9999.0 -9999.0 -9999.0 -9999.0 -9999.0 -9999.0 -9999.0 -9999.0 -9999.0 720.391748 724.582863 734.194454 743.480886 746.067333 750.417384 756.535818 768.805964 772.506434 778.808143 786.456379 798.401750 807.110092 816.383326 828.340206 836.893898 844.288446 851.502328 857.338764 870.802777 886.261687 902.260015 922.754311 945.065613 965.984996 986.904154 1003.225485 1017.512331 1020.091214 1019.664804 1022.544246 1030.712429 1048.376202 1067.800876 1077.647350 1096.726863 1120.645917 1135.062702 1147.781580 1157.583680 1172.181862 1194.605680 1230.113765
-9999.0 -9999.0 -9999.0 -9999.0 -9999.0 -9999.0 -9999.0 -9999.0 -9999.0 -9999.0 687.279926 689.656034 686.304679 686.171240 691.318352 703.487849 717.246414 723.915063 735.555976 756.528965 774.349616 777.952864 792.585565 802.875651 809.742620 820.410366 833.715791 846.727375 863.792317 876.571123 888.531097 908.445558 925.308064 942.271979 960.499627 981.238619 1001.651840 1030.815686 1058.612004 1072.448774 1095.784616 1107.933192 1106.147681 1107.227398 1117.046377 1134.135662 1156.715418 1181.761113 1205.216241 1232.302854 1251.524763 1267.666527 1280.327293 1294.779498 1312.689293 1349.838230
-9999.0 -9999.0 -9999.0 -9999.0 -9999.0 -9999.0 -9999.0 -9999.0 662.756521 670.091867 676.283912 673.370598 668.950762 665.166651 678.928811 694.856429 711.002980 728.673221 744.779250 763.053365 778.484141 794.879523 814.804099 826.683821 838.552223 854.087526 868.035151 885.540893 907.216884 920.548754 937.959462 959.951042 979.249056 997.965434 1017.439589 1036.474251 1063.978323 1098.649547 1131.941184 1156.320798 1185.917717 1210.769961 1211.860152 1215.938290 1221.809215 1249.006527 1280.254914 1313.153562 1341.089423 1370.870003 1402.516751 1422.670783 1435.705449 1450.849391 1468.622413 1489.598815
-9999.0 -9999.0 -9999.0 -9999.0 -9999.0 -9999.0 635.803355 660.061994 675.099817 667.274958 657.583811 654.046721 650.142370 673.315978 695.335576 712.697521 729.756611 747.540487 764.256742 777.583883 811.601617 829.510576 844.182201 862.644906 877.496986 892.398873 910.231810 934.065311 956.536981 987.085700 1014.005050 1039.090474 1066.356200 1087.171510 1107.140495 1126.764912 1159.535321 1198.613284 1237.368223 1268.754630 1298.692950 1331.969741 1341.730329 1349.534918 1358.517036 1381.145442 1414.815212 1447.810306 1484.358658 1518.853568 1547.516852 1561.353899 1573.760827 1587.210119 1602.719274 1616.820890
-9999.0 -9999.0 -9999.0 -9999.0 602.452947 623.385071 643.487983 674.225967 696.854272 691.928613 698.779661 699.104310 697.493372 701.404502 708.527636 726.827370 745.583838 764.603197 782.747687 818.137254 862.297317 878.300546 903.235776 935.651408 949.856537 965.615969 982.362874 1006.046073 1033.754959 1068.278183 1113.301569 1152.005134 1179.378568 1203.895891 1226.692945 1250.494224 1286.471169 1326.687692 1366.638348 1404.271365 1437.750102 1466.889166 1482.526871 1492.697417 1506.301982 1524.228999 1547.301761 1576.577364 1609.648482 1643.183694 1669.440836 1684.272277 1693.384889 1705.232672 1716.860334 1729.862788
-9999.0 -9999.0 -9999.0 553.310567 591.983454 629.731063 656.837465 687.820856 719.993170 724.968080 734.080781 739.414342 744.716293 753.631060 762.663214 780.008768 796.291150 812.198898 834.469011 871.525626 907.065775 937.774790 970.467039 998.192946 1019.754088 1036.327024 1055.462875 1080.348603 1121.176946 1160.225362 1212.145348 1267.254620 1306.304150 1332.904157 1357.062919 1386.344418 1413.829260 1453.056148 1491.455083 1528.062178 1563.071450 1590.835194 1612.101441 1621.658694 1632.536646 1642.363606 1659.779238 1682.337390 1705.123743 1734.482730 1763.146690 1788.001423 1802.416466 1812.931874 1829.348792 1845.712607
-9999.0 -9999.0 506.229645 543.961115 578.191304 628.579823 681.517778 715.890950 756.888750 781.073194 788.224867 805.866149 822.500818 830.399509 846.588667 864.208941 881.822876 888.634849 905.477613 936.906022 987.610147 1034.274621 1057.519776 1109.865400 1144.056395 1172.150059 1190.490414 1218.162783 1254.887472 1298.653270 1349.496338 1401.901165 1443.252071 1476.999828 1495.739510 1517.126234 1542.007979 1568.519464 1605.081147 1636.682477 1670.332885 1698.359860 1721.696015 1729.975830 1735.975641 1752.314872 1776.913766 1802.904631 1827.442787 1850.993686 1855.696164 1867.292155 1873.130696 1876.932905 1882.055962 1885.830806
-9999.0 -9999.0 479.686286 524.502087 565.069948 631.926308 711.243221 748.576928 791.722278 837.763799 857.042557 882.182232 895.820704 907.325288 931.686302 954.985849 967.142878 974.103505 974.424062 1030.453823 1089.806373 1143.025011 1193.807160 1261.668312 1307.989831 1325.493451 1338.963443 1360.910586 1387.558421 1433.072248 1483.093995 1537.871361 1583.701350 1616.624812 1634.573153 1654.196844 1675.836398 1695.263238 1716.087775 1756.593796 1785.115038 1811.907769 1839.466396 1860.393013 1869.428485 1873.547588 1864.454113 1874.375613 1881.446678 1885.131713 1886.985285 1884.524321 1884.646897 1886.048093 1887.704603 1883.384112
-9999.0 391.075680 443.197410 496.506991 565.606076 633.150413 716.730197 796.894242 853.401485 900.726377 930.830887 945.365127 985.404757 1030.244518 1057.936012 1086.173613 1089.867840 1095.252299 1086.579294 1135.345960 1187.197791 1264.952384 1376.877590 1435.531970 1481.064312 1485.258961 1482.310980 1496.540653 1522.173292 1567.065957 1634.731958 1682.848970 1736.323854 1776.966184 1793.111783 1801.065569 1819.564785 1840.443937 1831.152836 1854.160475 1865.783092 1875.613235 1879.331662 1882.376592 1884.729989 1886.214929 1884.316847 1879.204336 1872.580339 1867.992094 1864.736545 1860.820688 1863.675230 1867.284651 1868.416645 1862.001998
-9999.0 355.749370 415.307399 486.928284 558.109461 627.112719 731.639301 873.152860 926.527009 964.620376 990.099769 1017.652677 1099.153179 1168.355044 1205.798883 1251.923635 1248.653074 1239.614100 1228.653007 1262.884548 1314.605012 1390.801186 1532.805638 1618.438877 1647.371266 1660.694902 1669.844995 1697.483949 1734.743083 1771.381089 1804.658904 1807.312149 1833.656003 1847.728340 1853.211864 1856.592470 1861.911756 1864.216488 1864.514901 1863.271973 1860.949923 1863.199662 1868.936684 1870.340147 1869.073964 1867.401389 1863.100887 1856.623989 1851.928055 1847.898765 1845.522550 1842.722012 1841.215069 1841.261363 1836.984036 1831.397514
-9999.0 326.693762 397.675258 461.493456 527.598337 643.374062 768.940759 903.694543 996.630441 1036.067855 1065.071659 1140.280647 1245.220972 1344.932100 1400.508272 1429.140453 1434.059615 1416.490625 1422.398413 1467.886624 1533.351068 1624.310199 1714.230006 1790.548907 1806.042334 1812.287331 1795.786955 1810.747901 1824.729052 1829.485863 1833.217097 1838.535027 1845.786842 1850.587537 1851.475161 1850.836874 1848.422390 1842.837607 1840.148106 1839.016389 1837.526761 1838.777205 1842.803616 1845.185780 1843.833358 1841.086232 1837.491583 1832.499531 1826.807930 1820.408239 1816.434828 1812.227411 1809.725463 1804.488169 1799.637074 1793.039700
-9999.0 228.665972 316.460394 372.364771 489.603607 662.700549 789.043051 939.558145 1084.786069 1127.306603 1208.344900 1332.370178 1442.873249 1521.925752 1567.706159 1612.728713 1643.848727 1669.163774 1704.865388 1669.152345 1725.062702 1780.971116 1806.643472 1820.514289 1824.676259 1828.794035 1823.975512 1807.906139 1800.400578 1796.217537 1799.903081 1808.675981 1815.409991 1822.055879 1821.298868 1823.187659 1824.634533 1822.740144 1820.714501 1814.324365 1808.431051 1804.189368 1803.637188 1809.843484 1805.914532 1803.575957 1798.312382 1790.771630 1782.240178 1774.362103 1766.181938 1758.766876 1755.090306 1748.534268 1745.764388 1736.070449
-9999.0 147.763294 224.901826 316.198489 456.171758 620.406670 752.358537 920.287816 1126.781486 1244.229306 1370.763607 1448.753051 1529.317291 1597.293166 1664.226395 1712.822163 1739.644687 1751.970023 1745.377726 1758.049330 1730.031690 1726.438408 1746.134772 1774.220885 1789.349564 1795.618443 1789.757384 1781.652366 1776.662921 1777.163571 1776.851202 1775.862930 1774.451698 1772.652690 1770.088591 1772.680868 1777.988018 1772.989153 1765.738927 1758.962750 1752.923953 1745.874215 1741.415091 1738.847069 1738.373308 1738.641973 1731.550766 1721.244933 1710.244674 1701.097417 1692.118104 1685.016140 1680.821185 1674.114654 1664.270532 1649.746185
-9999.0 50.687420 171.188789 266.522562 390.365589 527.971660 656.166581 821.109243 972.110344 1192.326977 1355.560310 1464.227800 1512.834699 1576.777824 1640.637902 1709.470023 1717.469255 1692.571810 1664.750408 1653.966801 1662.511073 1674.755505 1689.782475 1710.566769 1729.104242 1740.008485 1743.569640 1737.618170 1725.273710 1716.489333 1709.609837 1699.206147 1691.420538 1689.723789 1690.277389 1697.425224 1699.897620 1691.384727 1679.256660 1664.176791 1651.140307 1641.462658 1639.270981 1641.121677 1641.504886 1638.161766 1631.334101 1620.389820 1606.821901 1593.411088 1583.918401 1576.280667 1567.196751 1555.037740 1541.580500 1526.311402
-9999.0 -9999.0 96.609075 208.017385 317.528242 441.545497 559.136219 704.779308 856.696792 1040.372032 1161.562625 1294.268709 1371.490790 1422.591877 1476.656405 1533.954448 1555.706993 1577.843171 1565.035389 1572.829657 1582.516836 1590.972029 1602.278777 1614.889056 1628.878309 1639.590643 1648.014795 1646.657392 1637.990999 1620.698763 1599.522896 1582.515473 1572.100351 1564.009997 1572.480310 1583.352763 1580.285282 1573.656064 1561.936986 1546.642240 1534.105878 1520.918643 1517.509945 1518.031066 1518.182967 1515.186775 1510.301596 1496.694127 1482.349968 1468.405973 1460.425510 1451.825483 1444.032007 1430.943634 1417.033772 1401.761596
-9999.0 -9999.0 12.534251 121.862337 237.615555 361.809373 463.697037 543.430818 697.421450 815.547337 921.583382 1022.006821 1106.901378 1172.945036 1219.792140 1282.882060 1325.828660 1344.493066 1366.711583 1398.526009 1426.631497 1455.982289 1475.504047 1489.137200 1503.692362 1517.406883 1526.453976 1515.191893 1504.238608 1487.087922 1464.648134 1439.811853 1425.952332 1420.879576 1422.227818 1426.807730 1420.821623 1411.059620 1396.661090 1381.078905 1368.206602 1357.045882 1353.050031 1349.703145 1348.265945 1345.121333 1341.442602 1332.127303 1319.655466 1310.308538 1300.109431 1292.237504 1287.358334 1278.994624 1268.233425 1260.336337
