tests/Borden05m/data_simulated/sim_1/output-maps/psiliqL0012N0008.asc
ncols         160
nrows         34
xllcorner     620200.000000
yllcorner     5168000.000000
cellsize      0.500000
NODATA_value  -9999.0
[rows 0 to 24 of 34, columns 56 to 111 of 160]
-9999.0 -9999.0 -9999.0 -9999.0 -9999.0 -9999.0 -9999.0 -9999.0 -9999.0 -9999.0 -9999.0 -9999.0 -9999.0 -9999.0 -9999.0 -9999.0 -9999.0 -9999.0 -9999.0 -9999.0 -9999.0 -9999.0 -9999.0 -9999.0 -9999.0 -9999.0 -9999.0 -9999.0 -9999.0 -9999.0 -9999.0 -9999.0 -9999.0 -9999.0 -9999.0 -9999.0 -9999.0 -9999.0 -9999.0 -9999.0 -9999.0 -9999.0 -9999.0 -9999.0 -9999.0 -9999.0 -9999.0 -9999.0 -9999.0 -9999.0 -9999.0 -9999.0 -9999.0 -9999.0 -9999.0 -9999.0
-9999.0 -9999.0 -9999.0 624.280105 618.828397 613.667494 608.880784 600.092806 591.066411 582.839133 579.116460 578.472244 577.944709 577.834940 583.377002 591.649597 599.574616 607.048864 609.766736 612.535877 615.139212 615.989675 615.097544 612.201010 609.222111 606.100882 604.837485 596.895968 585.655623 576.938253 574.283089 578.805864 583.346498 585.882909 591.799372 602.554123 613.340534 621.801899 633.509118 639.032689 643.858518 646.513691 642.012423 638.026998 633.819043 628.438025 617.177789 -9999.0 -9999.0 -9999.0 -9999.0 -9999.0 -9999.0 -9999.0 -9999.0 -9999.0
587.980825 608.065849 611.437999 600.214875 595.380995 592.212586 590.294330 585.554530 577.084579 572.042998 566.908709 565.391513 565.743524 566.114816 570.546396 580.932443 589.197984 594.273265 597.097191 600.033735 600.220772 600.109126 600.177792 597.678946 594.610853 591.534260 590.008369 590.566485 583.146441 577.838913 574.567181 573.090789 575.645609 578.039562 581.343927 590.850040 598.997326 607.106891 621.217024 633.367823 638.268322 635.361500 629.856593 625.533750 618.365338 607.886087 597.163102 587.121549 579.707321 573.763895 567.707010 573.276053 579.401568 588.972962 598.436103 610.150051
573.037674 593.345661 596.396145 585.776783 577.623182 572.935436 573.326135 576.057763 572.795903 568.495721 564.083356 572.819051 574.479958 575.988463 579.580257 583.031730 586.248762 589.316142 595.034366 604.449915 607.633178 608.679651 609.338563 608.006372 605.339897 603.927762 601.501818 596.584642 595.758997 596.260686 596.211867 601.327147 602.865240 604.509479 597.733926 601.193051 607.344346 614.089423 620.554904 627.031793 630.749456 626.958227 625.298980 616.137018 601.517980 589.553534 580.346910 577.722447 573.932825 565.503767 552.316176 558.781187 573.758907 577.851735 580.806744 592.149429
568.849107 581.038252 584.372645 579.645164 581.144970 582.971362 584.770680 583.554845 581.000725 579.668609 592.821038 602.816956 605.139873 608.536700 612.498568 612.039647 600.313896 598.169489 606.935321 617.863730 624.361532 625.327049 626.035378 624.825490 624.440640 624.543436 622.733240 623.930177 626.708914 627.103878 632.030722 637.797831 640.700433 632.711685 623.505914 624.172961 631.793187 639.745951 646.861935 657.228605 668.064038 666.139452 659.413284 649.196653 634.326042 609.670897 588.956728 577.180321 569.240721 561.222824 560.193032 556.535296 566.870337 567.842299 568.988895 576.700323
576.784224 598.570339 607.106099 601.630825 596.837349 594.325824 595.502031 596.274233 600.107293 613.561627 628.236586 643.768465 647.371796 650.659399 650.787111 641.892499 631.870967 628.281273 643.618558 660.497527 669.826882 671.787112 672.661475 681.009015 680.434912 679.220359 674.780092 677.435303 679.706206 690.369383 698.259556 705.412801 703.610004 691.605293 680.152062 678.354788 680.733667 683.504990 689.331381 699.128513 708.130036 701.820751 692.876469 680.755545 650.010017 620.774030 602.177294 600.942769 599.773473 593.670009 589.295816 584.783416 576.553817 575.032690 573.294294 571.859477
630.290110 651.102084 667.907018 662.889033 655.348379 645.587673 646.829884 650.885581 660.172853 674.632692 693.889937 719.512317 724.111616 728.734122 732.559070 721.805642 709.624361 698.512815 716.421223 727.705457 738.222753 742.498988 755.002208 766.940794 763.830542 756.778437 747.557870 754.647522 767.619155 783.231136 790.287019 794.209645 793.376548 782.495932 776.660174 774.623460 776.104714 773.045456 776.774678 786.531414 800.394849 797.976262 785.636234 759.620946 719.523313 681.855559 658.214248 660.966664 652.039502 643.481997 637.789904 622.057662 609.353825 607.689069 596.664301 589.152063
685.414517 705.461009 725.219616 721.976306 712.231575 700.121871 700.854476 709.948517 721.697971 742.922303 768.608672 795.339383 807.073958 813.255806 823.867705 817.591183 808.004512 799.491135 810.087689 824.027969 838.666704 852.346128 868.761453 883.551951 877.029228 867.200426 863.736148 869.633463 889.423532 906.695502 912.254312 913.993972 917.157673 908.726457 901.723494 894.491302 888.579005 882.271792 877.633849 894.222634 908.411515 903.533499 875.672005 846.237982 805.321334 763.224860 726.528494 721.193291 715.515653 711.415958 693.646657 675.611572 656.085440 643.748080 632.454625 616.153034
789.072768 812.873176 836.099236 839.768042 825.156844 819.332552 825.630207 839.938484 849.481801 867.649330 895.877109 931.588077 957.206945 979.784981 985.394727 976.679069 966.804681 953.007500 950.837509 969.297033 984.994068 1000.682261 1016.703383 1033.257233 1042.309745 1042.243392 1043.230542 1047.134170 1054.028258 1062.697363 1069.545733 1075.149694 1080.803473 1077.999798 1068.193038 1061.632508 1053.007901 1046.091875 1043.367741 1044.191477 1052.122747 1046.296731 1015.549720 981.526816 943.229212 900.734691 864.161329 840.711121 840.739268 824.860661 802.919908 779.172937 740.102435 719.228257 699.697147 667.420941
911.273637 943.077109 961.188789 977.230082 975.007806 978.300197 983.788784 993.112748 1001.392396 1013.129003 1048.895604 1086.412812 1118.049506 1143.739253 1153.064308 1142.922058 1132.844761 1121.141187 1112.658726 1118.189000 1135.355906 1155.782574 1175.527738 1190.107948 1196.406392 1197.024125 1198.499260 1201.086628 1204.480909 1207.504919 1213.283860 1220.158863 1229.831192 1240.764472 1235.663837 1219.865973 1208.390180 1195.353421 1190.573856 1188.528218 1184.675696 1181.192235 1169.551576 1133.705652 1100.355062 1063.712369 1029.181733 1001.785330 980.966192 956.350727 929.518004 879.673334 834.385604 794.136193 761.685165 729.385411
1052.561824 1086.892288 1113.590727 1130.208662 1134.376212 1137.488608 1141.224310 1148.775816 1156.388378 1166.343324 1190.228013 1227.739790 1264.355259 1293.416233 1297.450460 1288.455330 1278.434720 1268.665991 1259.641141 1258.166276 1267.724497 1280.879072 1298.845703 1312.200863 1323.478609 1324.095752 1325.313105 1326.150406 1328.447109 1330.333436 1332.050033 1338.466364 1349.463206 1360.060364 1361.578002 1349.881491 1334.591309 1318.844462 1312.531068 1306.699820 1300.206298 1298.236423 1295.862841 1285.982430 1258.807426 1221.210553 1176.262406 1145.825004 1120.535332 1103.581515 1083.836127 1055.028291 999.771478 963.516175 922.955098 883.902655
1185.570045 1216.782151 1247.592231 1266.318968 1274.074341 1274.554487 1276.855144 1284.626875 1291.860323 1302.971316 1319.633452 1341.914777 1368.826280 1393.809003 1410.239084 1406.731543 1395.216796 1379.508238 1375.967486 1376.310812 1379.730191 1387.522318 1396.336359 1412.141831 1428.028195 1433.787327 1434.931871 1432.915030 1435.176015 1436.405366 1436.525869 1437.315477 1441.498684 1448.150783 1450.921257 1447.330023 1433.398487 1415.473622 1402.520070 1394.675675 1390.191789 1387.250822 1386.890307 1384.737132 1372.318318 1344.039382 1307.045066 1273.465889 1250.339052 1232.762310 1216.994848 1202.753232 1180.291212 1157.686343 1123.393198 1077.518504
1295.788632 1320.928795 1346.279812 1369.078873 1384.306846 1387.704266 1392.955249 1397.441534 1407.094650 1422.162726 1439.968498 1452.472271 1467.545781 1487.041137 1498.465187 1504.009712 1504.921478 1504.766219 1507.669660 1509.035420 1487.557928 1491.380990 1494.881912 1501.668811 1509.241225 1511.745482 1512.148584 1511.428529 1512.668757 1513.234890 1513.654471 1513.505063 1513.378252 1515.341097 1516.340473 1516.064483 1511.027328 1513.897440 1498.579550 1487.819288 1480.899230 1473.296168 1464.467710 1454.625696 1445.060330 1429.933784 1404.937511 1373.686272 1347.523945 1336.110372 1328.687637 1320.433269 1312.558987 1295.179561 1272.418967 1241.656930
1398.148323 1412.853872 1431.244259 1456.108940 1473.048110 1482.243954 1489.846264 1494.048595 1505.469907 1517.786105 1513.248888 1515.937665 1518.627788 1521.317047 1522.112616 1522.422561 1522.623546 1521.145204 1521.822721 1521.415704 1517.929026 1509.676225 1511.834789 1513.583084 1516.046513 1519.365138 1517.909681 1518.832288 1521.955656 1520.917671 1516.061012 1513.035839 1511.813331 1512.441647 1519.704062 1523.173826 1524.589970 1524.672714 1524.949226 1525.356168 1524.608963 1523.192255 1520.794626 1517.592934 1519.633416 1510.242063 1488.788248 1458.499632 1426.274873 1413.069855 1408.481000 1408.148875 1404.124350 1397.319066 1379.274082 1353.754313
1502.608218 1514.697693 1512.866942 1520.504826 1524.118752 1525.607029 1527.510553 1529.413824 1530.010165 1526.577308 1522.955794 1518.139923 1516.633799 1515.015845 1512.357313 1512.868009 1511.149582 1507.952278 1505.599374 1500.744946 1491.638251 1481.565434 1479.833484 1484.524722 1489.089047 1492.711607 1495.233837 1498.285144 1499.720841 1495.779016 1488.993571 1482.926537 1481.607289 1488.246717 1493.900015 1499.209278 1500.366361 1499.850279 1498.987406 1500.324407 1498.876800 1499.889599 1506.172860 1518.620889 1524.122429 1526.042551 1525.786346 1519.958502 1509.102264 1500.371368 1481.107851 1483.775633 1478.670370 1467.353013 1447.753601 1426.327850
1525.582973 1525.113462 1523.196990 1517.143532 1511.136678 1510.066915 1513.480031 1519.843749 1520.907182 1513.995718 1505.967732 1499.239338 1492.579234 1490.221622 1488.488770 1487.475129 1487.561720 1482.983259 1476.710688 1463.524697 1453.878459 1444.177214 1438.937306 1437.157831 1441.454964 1449.837198 1457.977323 1462.031632 1455.982560 1449.675347 1440.543148 1433.805564 1434.895811 1437.734343 1446.754727 1460.324839 1464.985535 1466.549945 1462.973356 1460.177024 1455.719277 1454.621694 1461.457478 1475.514611 1489.448383 1501.864922 1509.285568 1516.149401 1522.117116 1525.695286 1525.951685 1525.500332 1523.712380 1521.539091 1507.073490 1488.061628
1513.443878 1507.443310 1502.803363 1496.377389 1490.618934 1488.647121 1490.683220 1493.260181 1489.867134 1483.319178 1473.573362 1463.124493 1453.540262 1447.084291 1446.971641 1448.211595 1448.679251 1442.938259 1430.227728 1415.196753 1403.952929 1391.764862 1388.463736 1383.441536 1378.390278 1387.118959 1402.129690 1407.382451 1394.637340 1386.024189 1373.513069 1367.593655 1365.796177 1368.244406 1378.155415 1397.899103 1417.165231 1419.472829 1411.729291 1404.361483 1401.377808 1400.130142 1407.082274 1424.623422 1443.284727 1456.821304 1465.484199 1470.562996 1477.995986 1486.505638 1497.171213 1508.481458 1517.643671 1524.921994 1527.609399 1525.846266
1492.128113 1485.263877 1478.379649 1471.774866 1465.647548 1461.093276 1458.408904 1455.345835 1449.160111 1442.221618 1428.614472 1416.736770 1404.653175 1390.289530 1385.406523 1381.031067 1381.697524 1370.717446 1361.438788 1344.664636 1331.091147 1316.828986 1306.894637 1300.252968 1292.653837 1294.678987 1307.936675 1315.857534 1302.668230 1293.229095 1281.580796 1276.737466 1274.893060 1278.255933 1289.965327 1313.366262 1333.225942 1341.670782 1335.871558 1332.900584 1332.735214 1333.624446 1340.668633 1355.870522 1375.682403 1396.051412 1411.491315 1420.547915 1427.933499 1437.237262 1450.182675 1462.132229 1473.713773 1488.205236 1505.656095 1518.418023
1464.435931 1455.633912 1446.890446 1436.833333 1426.164888 1419.382589 1419.498128 1411.949577 1404.774747 1389.249697 1343.328943 1324.787930 1305.617762 1288.200791 1279.490562 1269.120729 1259.204945 1249.094677 1242.577564 1236.303812 1221.824587 1204.983070 1188.459117 1181.588902 1174.669721 1162.826555 1165.278478 1167.285338 1170.865722 1163.805327 1158.473350 1157.201539 1156.228590 1161.720817 1178.204910 1192.934615 1205.627733 1214.081949 1214.957914 1224.211610 1233.084083 1239.904759 1258.628589 1274.927030 1294.756562 1317.744158 1342.429070 1356.774441 1367.216909 1378.420456 1393.392439 1408.605478 1423.860656 1443.519982 1465.090528 1478.502662
1428.345299 1415.388932 1401.593019 1388.463333 1374.690206 1359.966401 1358.640931 1352.988574 1342.470868 1299.527575 1254.846956 1219.735187 1198.124937 1171.821211 1155.234375 1139.001096 1109.003695 1092.570767 1085.662419 1090.431397 1080.801826 1063.426450 1048.171980 1037.893498 1028.156723 1011.954775 1000.764452 1004.386037 1016.280263 1011.670047 1010.021955 1014.682313 1014.348623 1013.543193 1022.763105 1040.776924 1052.010432 1064.492971 1078.518843 1085.876979 1098.548350 1129.115722 1148.278875 1169.350617 1194.813132 1221.297948 1248.224272 1272.436052 1289.124753 1306.175040 1326.313689 1343.486390 1363.500564 1385.299596 1411.593423 1429.105424
1366.793147 1346.979397 1329.083251 1309.443942 1285.634021 1261.445653 1255.158182 1244.337894 1221.228981 1170.514355 1124.551464 1089.087995 1061.379746 1031.367802 1006.021926 972.635573 936.410534 913.345735 917.337147 923.958482 924.215148 909.423285 895.367016 883.349478 867.275954 849.619638 836.427078 844.199380 852.512354 860.726246 864.301357 868.468172 872.074604 872.821522 871.054696 879.106387 890.537562 903.333508 916.398239 932.968840 966.292113 996.141731 1020.182636 1048.700173 1076.602118 1106.746143 1138.122981 1167.269681 1190.242356 1214.369359 1238.139951 1262.488404 1285.438835 1311.090116 1340.152833 1364.077714
1288.927070 1259.595809 1233.054097 1201.453583 1156.766349 1135.413391 1120.813003 1102.672908 1061.038584 1012.203386 969.757890 938.917106 908.308746 879.194729 847.144100 811.391758 781.576880 759.382876 764.964071 771.341864 782.117012 769.608591 757.569088 750.187179 734.021850 718.812983 703.446551 710.510098 720.270401 737.430234 741.712030 745.535444 753.200670 753.292851 752.412542 745.298644 755.708245 767.893587 783.489981 813.337267 841.175116 869.393730 896.076585 922.938546 952.509429 984.232012 1017.278761 1052.388747 1080.880196 1108.163331 1137.416511 1164.897532 1189.036542 1214.268462 1243.669851 1269.411602
1170.116937 1141.877625 1110.652184 1066.701307 1015.047908 973.031108 950.318061 906.764607 867.802293 827.572312 804.476309 780.803354 753.407670 727.994711 703.294990 674.478915 649.684234 624.263434 627.186816 639.140947 652.677282 646.556369 642.429409 638.563355 626.589719 612.229886 598.170450 601.526448 616.625997 633.511802 641.123127 648.064274 656.103210 656.932344 651.013059 643.687714 650.510310 665.838197 683.430647 706.198706 730.910215 755.850661 780.165165 807.405211 836.215081 866.187073 899.016676 933.801523 962.314085 994.536791 1028.174817 1056.944064 1077.313190 1098.256355 1128.635867 1153.716446
1040.450041 1008.661241 973.902663 925.505112 876.126361 827.124584 782.936164 745.461216 710.389823 689.159431 666.538456 645.323705 624.336003 600.925436 579.441552 558.872515 535.494733 516.896134 521.640835 534.347589 545.225070 547.726724 544.373280 540.903392 532.971125 518.895808 508.664546 517.012276 532.366917 547.311911 557.673508 564.651456 571.075910 568.848133 561.222897 556.115042 564.960990 581.362988 597.305963 615.923539 638.987322 662.353166 686.559010 712.276799 738.500130 767.643827 798.251122 829.938829 861.822123 891.992737 921.280058 940.335597 959.348261 974.235724 998.133168 1025.173899
888.848488 857.746669 823.804175 785.118542 741.512381 706.518763 670.640252 636.559358 603.438714 575.557862 556.223012 544.382990 527.842784 507.140123 492.370343 474.390878 456.109426 455.403295 457.928261 468.854405 469.893868 470.300389 467.092119 465.742081 461.161978 450.342181 457.181887 464.642498 479.323801 490.221309 499.806828 506.249950 510.628457 510.828232 504.809212 508.768900 516.468239 531.717733 544.399149 560.476398 582.471741 601.396369 622.648986 646.836196 672.118879 698.971327 727.766940 758.993907 787.911542 812.307065 827.088241 843.456714 855.079148 855.569191 876.209551 898.663267
