tests/Borden05m/data_simulated/sim_1/output-maps/psiliqL0002N0012.asc
ncols         160
nrows         34
xllcorner     620200.000000
yllcorner     5168000.000000
cellsize      0.500000
NODATA_value  -9999.0
[rows 0 to 24 of 34, columns 56 to 111 of 160]
-9999.0 -9999.0 -9999.0 -9999.0 -9999.0 -9999.0 -9999.0 -9999.0 -9999.0 -9999.0 -9999.0 -9999.0 -9999.0 -9999.0 -9999.0 -9999.0 -9999.0 -9999.0 -9999.0 -9999.0 -9999.0 -9999.0 -9999.0 -9999.0 -9999.0 -9999.0 -9999.0 -9999.0 -9999.0 -9999.0 -9999.0 -9999.0 -9999.0 -9999.0 -9999.0 -9999.0 -9999.0 -9999.0 -9999.0 -9999.0 -9999.0 -9999.0 -9999.0 -9999.0 -9999.0 -9999.0 -9999.0 -9999.0 -9999.0 -9999.0 -9999.0 -9999.0 -9999.0 -9999.0 -9999.0 -9999.0
-9999.0 -9999.0 -9999.0 -553.507872 -554.624342 -555.371048 -555.757223 -557.305991 -558.478025 -559.892316 -560.078196 -559.887115 -560.149764 -560.755232 -560.006400 -559.048728 -558.243071 -557.076548 -557.352235 -557.233958 -556.782018 -556.658070 -556.858315 -557.394210 -557.725402 -558.123284 -557.490925 -559.129339 -561.265404 -562.899073 -563.218384 -561.781666 -560.950918 -561.146114 -560.393979 -558.725551 -557.326023 -556.926098 -555.231187 -555.588644 -554.925547 -553.765390 -554.684063 -554.866103 -554.674602 -554.260835 -556.704245 -9999.0 -9999.0 -9999.0 -9999.0 -9999.0 -9999.0 -9999.0 -9999.0 -9999.0
-558.038602 -554.873842 -555.144167 -559.911447 -560.322225 -560.377035 -560.116277 -560.740148 -562.436857 -562.819346 -564.090391 -564.642400 -564.791397 -565.322077 -564.945164 -562.842736 -561.365761 -560.973599 -561.331965 -561.524222 -562.008147 -562.341943 -562.227184 -562.738058 -563.200700 -563.695772 -563.519801 -562.138170 -563.706681 -564.479346 -565.256841 -566.108230 -565.807542 -565.561823 -565.481501 -563.515030 -562.807364 -562.344336 -559.708527 -557.250056 -556.636778 -557.672996 -558.766910 -558.430132 -558.456149 -559.418306 -560.336480 -560.228131 -560.647631 -560.806827 -561.743829 -560.301115 -560.374012 -558.794607 -557.492120 -555.964450
-562.314332 -558.654231 -558.946037 -562.506649 -564.617154 -565.242589 -564.755763 -563.220036 -563.784016 -565.027423 -566.946470 -564.821924 -565.133464 -565.347885 -564.985242 -564.299212 -564.035272 -563.723427 -563.263919 -561.386691 -561.565494 -561.743424 -561.642435 -561.963292 -562.560791 -562.485434 -562.797961 -564.389136 -564.119279 -563.722500 -564.082300 -562.515104 -562.440810 -561.529529 -564.318704 -563.886506 -563.268311 -562.857682 -562.594040 -562.256461 -561.728260 -562.946362 -562.043725 -562.946913 -565.012213 -565.431289 -565.153406 -563.317481 -562.370272 -563.408350 -567.223379 -565.211423 -560.990245 -561.372924 -562.109964 -560.108028
-564.728544 -564.051304 -564.581005 -566.055368 -564.575859 -563.384802 -562.630779 -563.303772 -564.676188 -566.353732 -562.965569 -561.620263 -562.420883 -562.050426 -561.068283 -561.017997 -565.262884 -566.373218 -564.771308 -563.100682 -562.415447 -563.210313 -563.593729 -564.322356 -564.299482 -563.828136 -564.262994 -563.601307 -563.048483 -563.807318 -562.756583 -561.551558 -560.366285 -563.006583 -565.389389 -565.244225 -563.275787 -561.871608 -561.200358 -559.192621 -555.981128 -556.530455 -557.226556 -557.494516 -557.742397 -561.441461 -564.817666 -566.135126 -566.698095 -567.686147 -566.838545 -567.578830 -564.199713 -564.492174 -565.062949 -563.482885
-567.839201 -563.757578 -562.795207 -565.101700 -566.312899 -566.834299 -566.459655 -566.928675 -566.899928 -563.939709 -562.393705 -559.668280 -560.772914 -560.716301 -560.828918 -563.672181 -565.801816 -567.270576 -562.945299 -559.521415 -558.448872 -559.437770 -560.277294 -557.167404 -558.086375 -558.458176 -560.307373 -559.654678 -559.991577 -556.741973 -555.524154 -553.805437 -554.480902 -557.714461 -560.423207 -560.553723 -560.276084 -560.640872 -559.918286 -557.921452 -555.358117 -557.292053 -558.069291 -557.762225 -563.354118 -567.649772 -569.047526 -565.846377 -564.007531 -564.299063 -563.962024 -563.769028 -566.018327 -565.461283 -565.211465 -566.303308
-559.831698 -557.599517 -553.738340 -556.435508 -558.273592 -561.585607 -561.206652 -560.840799 -559.767084 -558.275899 -555.380677 -549.620417 -550.930848 -550.613884 -548.666462 -551.855287 -554.798990 -559.296269 -554.299969 -553.235162 -551.660239 -551.982690 -548.157910 -544.708935 -546.833714 -549.717145 -553.185280 -551.105055 -546.581830 -542.333163 -541.388642 -540.925863 -540.135246 -543.196732 -543.951090 -544.568978 -544.237115 -546.310263 -546.257249 -543.089491 -537.530445 -536.892508 -539.540303 -544.748798 -552.609045 -559.633378 -563.352862 -558.794213 -560.087602 -560.657333 -559.848512 -562.580849 -564.126116 -561.681770 -563.774322 -565.393893
-558.051117 -555.880679 -551.489431 -553.441948 -556.909658 -560.610879 -560.550876 -558.364357 -557.337089 -553.123826 -547.106007 -540.065572 -536.061507 -532.251270 -527.892838 -531.263903 -534.834583 -538.886640 -538.124901 -533.404034 -528.615463 -522.647320 -515.602023 -507.761407 -509.563446 -513.396076 -513.677927 -512.035475 -503.905400 -495.984591 -492.555831 -490.201540 -485.472174 -488.520373 -494.067838 -500.216997 -506.156605 -511.248742 -515.274032 -508.566601 -501.003495 -502.492481 -516.608111 -527.704482 -538.566992 -548.134422 -557.952340 -557.719540 -555.939240 -554.265462 -557.757730 -559.343499 -562.435099 -563.001749 -562.587493 -566.045194
-537.957338 -532.427565 -525.733580 -522.734502 -529.180502 -530.081830 -527.797516 -522.955121 -521.122626 -515.201854 -497.663436 -465.769611 -428.088093 -400.756625 -396.384749 -404.144729 -416.412210 -436.754577 -447.845661 -431.498968 -413.307572 -398.972560 -390.994930 -384.983621 -380.696077 -380.970172 -380.906527 -379.778967 -378.522074 -375.796028 -372.324440 -368.659281 -364.252941 -362.669229 -367.929905 -372.979935 -378.347079 -383.213654 -384.379279 -385.959700 -383.076527 -383.514788 -394.570947 -418.435159 -459.239953 -492.813849 -512.352709 -525.614527 -525.672902 -531.281870 -535.754777 -540.694548 -551.250366 -554.003147 -555.486842 -563.834381
-493.240887 -466.630947 -443.852151 -421.316930 -417.551738 -412.849852 -408.653315 -402.176175 -396.665269 -392.587235 -375.996674 -352.893998 -326.993177 -304.694257 -296.233852 -304.220760 -313.417148 -323.870061 -332.420589 -331.581880 -320.267892 -306.685137 -293.904198 -285.777610 -282.882509 -284.296436 -284.136891 -283.440672 -281.116388 -279.850002 -276.764277 -271.511938 -262.511695 -250.842490 -252.899827 -266.986090 -278.144067 -291.428171 -297.386944 -300.558994 -305.712458 -306.432348 -306.734026 -326.432194 -347.857568 -369.702288 -388.337198 -402.997617 -431.784382 -460.588913 -480.814121 -507.703504 -527.224383 -541.187790 -550.324984 -558.719035
-378.085125 -359.060287 -338.742530 -325.264925 -319.191808 -315.879998 -312.260737 -306.190718 -300.940187 -294.127769 -279.717718 -249.964301 -215.544185 -183.122341 -176.173208 -183.124970 -192.862886 -203.966863 -211.754299 -213.566312 -210.106316 -202.035752 -191.209508 -179.690733 -170.577668 -169.977190 -167.364106 -169.900864 -168.233571 -164.893312 -164.888242 -159.850840 -151.590363 -142.759163 -141.068219 -151.170412 -163.741539 -180.430336 -191.431870 -204.920792 -213.462781 -215.658573 -215.857434 -216.758053 -235.428970 -264.145135 -300.206263 -324.434137 -343.827634 -355.706044 -366.831270 -375.408856 -396.096618 -413.835867 -456.024247 -492.035355
-294.685096 -271.432039 -245.452491 -225.797372 -213.253479 -206.841752 -199.544036 -192.038579 -185.166492 -173.443317 -160.820728 -144.058937 -113.092147 -53.027482 -35.247555 -36.610655 -46.057763 -59.563383 -62.064179 -62.049663 -87.142890 -57.795298 -79.376215 -41.705525 -59.091579 -54.332017 -23.731032 -55.872430 -53.951697 -23.552738 -23.760968 -23.448305 -22.128164 -17.113788 -15.142641 -44.042389 -29.811501 -46.357244 -63.618451 -106.787856 -117.693401 -123.139816 -124.860076 -127.697771 -136.871748 -160.420705 -195.910176 -229.972050 -254.531158 -271.648808 -283.685259 -291.603701 -297.655235 -310.102994 -332.873300 -361.704332
-195.351886 -175.349792 -153.807854 -127.528278 -106.576197 -85.554362 -55.941907 -51.338488 -41.431653 -27.326804 -40.251341 -30.588923 7.828725 25.532636 34.348946 40.010173 41.103199 41.982785 43.723078 44.135896 43.110418 44.255514 44.261598 44.705255 46.866048 47.230778 47.644800 46.908234 47.464250 47.901321 47.825017 48.096660 45.837097 45.902209 46.197866 45.153126 43.509148 36.224664 22.153669 10.983839 4.178002 -2.580128 -10.800998 -19.465486 -27.809788 -40.450512 -96.266039 -132.502849 -164.490992 -183.208024 -192.088142 -197.717426 -202.287090 -215.048165 -233.845561 -257.779753
-56.270076 -44.320700 -52.478800 -7.954000 7.586353 18.205588 24.197972 28.299881 37.775868 47.497431 49.047476 48.970484 49.454744 50.173019 50.017672 48.947759 49.630161 47.642511 47.690182 46.203867 41.167702 32.646669 33.660406 34.994780 36.932978 40.474037 38.899238 39.698873 42.594759 41.183538 36.121000 32.779865 31.246824 31.194180 37.636386 40.626280 41.198721 41.859445 41.040757 41.023015 40.873532 40.865185 40.651815 40.643738 35.995737 28.058241 9.303228 -16.704526 -44.726633 -93.817405 -107.123123 -107.526227 -111.439626 -117.900526 -137.469485 -167.089672
30.465725 40.831277 50.470123 50.347266 51.272857 50.425047 52.468016 53.925197 52.638149 49.460359 46.825541 42.089614 41.085856 39.701578 37.414473 38.588084 36.358850 32.720228 29.889158 25.227478 14.339076 2.803306 0.706336 5.567257 9.791619 13.773939 16.040552 20.150470 21.896454 18.253194 9.375673 2.580456 0.496514 6.333383 11.313634 15.776088 17.970708 14.862401 12.975717 13.604494 11.781585 12.632931 19.009432 30.459151 38.009181 38.022492 37.977465 37.575536 37.420450 16.936117 -1.360634 1.021654 -2.672326 -12.901710 -34.611418 -86.842640
44.054087 44.423274 42.231782 36.774355 31.454037 30.936422 34.374894 40.704108 42.765361 36.092141 28.975510 23.142346 16.072729 13.784963 12.236811 11.928956 11.621447 6.594989 0.319164 -13.497105 -57.653141 -74.793987 -82.639312 -83.791629 -77.279962 -67.022532 -54.035869 -19.092808 -21.732756 -53.890882 -73.935363 -84.173357 -85.020940 -82.647777 -74.893637 -62.961133 -55.975697 -60.094445 -64.484988 -66.849612 -70.339191 -66.702919 -36.402139 -13.392808 -0.084918 11.293786 18.755620 25.023864 30.428163 37.272125 37.190171 37.117400 37.013949 32.989651 20.604169 2.887406
30.697504 25.024623 20.561558 13.298152 7.469096 6.142804 8.920776 12.499568 10.824189 4.351160 -4.941308 -15.704723 -56.945638 -68.205434 -69.615000 -68.768908 -68.882443 -74.906176 -88.864032 -107.081524 -125.915235 -142.051400 -146.901406 -150.985936 -151.994558 -140.026505 -122.606980 -112.003270 -122.422952 -135.177658 -151.083099 -160.059916 -163.166241 -161.894511 -153.327554 -136.451229 -120.890233 -121.210518 -129.785142 -137.398354 -140.492183 -139.597524 -126.779020 -105.128366 -84.779648 -67.779328 -40.353804 -22.036524 -13.994983 -5.259779 4.680428 15.883862 25.628509 35.978814 36.299521 36.225435
6.639014 -0.782461 -10.391553 -45.807406 -57.327493 -63.327445 -66.517544 -68.784209 -74.179559 -80.567563 -90.275111 -103.153572 -119.639076 -134.858187 -139.241056 -141.842891 -140.386496 -151.387481 -163.079723 -182.752927 -198.457764 -213.337729 -220.735228 -225.453112 -229.488593 -220.869571 -204.054585 -193.765544 -208.301233 -218.668459 -232.590908 -239.681274 -243.013209 -242.211646 -233.854794 -212.762613 -195.971653 -191.283099 -199.524216 -206.485183 -209.211481 -208.575784 -201.877169 -184.752936 -163.844296 -143.168987 -125.864365 -114.219018 -105.276111 -94.426815 -79.250119 -61.095684 -19.854431 -4.081702 12.481333 25.190242
-62.043466 -73.746186 -85.509005 -101.360746 -114.528991 -121.755351 -122.270744 -129.314314 -135.356262 -144.430753 -182.488599 -196.920764 -213.392610 -227.134365 -232.048196 -239.031527 -242.362430 -251.548586 -258.494945 -269.155598 -282.462355 -295.534719 -306.261348 -308.941662 -311.369311 -313.561369 -304.641335 -300.830552 -303.778483 -309.816359 -316.275048 -319.760113 -321.795936 -318.813832 -308.887020 -299.209739 -290.060924 -286.487750 -291.970680 -288.116699 -283.298070 -283.152321 -269.675861 -256.731132 -240.235488 -220.162161 -198.929167 -187.514373 -178.407689 -167.507279 -151.635745 -133.091790 -111.211234 -86.912572 -59.065225 -15.918421
-115.014290 -128.977877 -143.472781 -157.180245 -170.171986 -181.821125 -181.984718 -185.937941 -191.479854 -220.137463 -257.370323 -283.108195 -296.843815 -312.149575 -319.264156 -326.944814 -344.730421 -355.309368 -361.264077 -360.333562 -367.848552 -377.691482 -385.089304 -387.910174 -389.643006 -394.413106 -396.141037 -394.231484 -389.716402 -394.009739 -396.928389 -396.089984 -397.609393 -397.926007 -392.453814 -385.197074 -381.249262 -377.082646 -372.986333 -370.411151 -365.823888 -348.421866 -336.674528 -325.820594 -311.103107 -294.077863 -275.221110 -259.439348 -248.927032 -236.674520 -219.352444 -203.232338 -182.158632 -158.001352 -128.749802 -105.844135
-179.897975 -197.057234 -211.669191 -226.174859 -240.903391 -259.875921 -262.125808 -268.567023 -277.686366 -309.440043 -339.900974 -363.959614 -377.431387 -390.069994 -398.816272 -421.193280 -460.068024 -479.891835 -479.905326 -475.361214 -480.789998 -493.434311 -502.794783 -508.675174 -514.231273 -521.422742 -525.438245 -521.606235 -517.556835 -518.085082 -518.597753 -517.305866 -517.590326 -517.936609 -517.152606 -509.507804 -504.078638 -498.086103 -492.919466 -488.483800 -465.326107 -432.862346 -407.615303 -390.649829 -378.185902 -362.250323 -343.234499 -327.760650 -317.015316 -303.190003 -287.652971 -270.504795 -251.869995 -228.410930 -200.232561 -177.218077
-242.238240 -264.531851 -282.134800 -299.612764 -324.721926 -336.481850 -344.352040 -351.196762 -370.072895 -392.773272 -425.205016 -469.099090 -492.357965 -507.482037 -519.255678 -530.483020 -539.284365 -544.445464 -541.122863 -539.421042 -536.449776 -541.156520 -544.835645 -545.656541 -548.943900 -551.819326 -555.680851 -552.569528 -551.233666 -547.613405 -548.053460 -548.011438 -546.376132 -547.198376 -547.424533 -549.713084 -547.076995 -545.611049 -543.851367 -537.070758 -530.187453 -522.217527 -513.808033 -501.993015 -484.421806 -454.611194 -414.824539 -390.375616 -377.495882 -363.625896 -346.462971 -331.407761 -317.142193 -299.539741 -277.050791 -256.304149
-320.214183 -335.744622 -353.080195 -375.169202 -399.768084 -429.501640 -445.069208 -475.357077 -497.912092 -520.592630 -532.076350 -537.779668 -543.346734 -547.312878 -550.272721 -555.066898 -558.305632 -563.332071 -561.321023 -558.627803 -554.693439 -557.954341 -558.397882 -557.662288 -559.518156 -561.465294 -564.726944 -564.219770 -561.630433 -558.522691 -558.739464 -558.146475 -556.341354 -556.291420 -557.722590 -560.654851 -559.971116 -558.160833 -556.437939 -552.889392 -549.535730 -546.131355 -543.060374 -538.427267 -532.553549 -525.476637 -514.638188 -498.332765 -481.992255 -450.870048 -409.949314 -388.826468 -379.287899 -367.794616 -347.766142 -331.796808
-387.815900 -402.953982 -436.906397 -483.936487 -512.154931 -530.652398 -539.363268 -546.401850 -552.578069 -554.812323 -556.926144 -559.234914 -561.100984 -563.107851 -564.899918 -566.327727 -568.696656 -573.607623 -571.516816 -568.683140 -565.451247 -565.344083 -565.669781 -565.362288 -566.071092 -568.265753 -572.224264 -570.555146 -568.192240 -566.064132 -565.439500 -565.061958 -563.718882 -564.697408 -566.703112 -569.603426 -568.398611 -566.240483 -565.104847 -563.642326 -561.419132 -559.037086 -556.649373 -553.801890 -550.842181 -546.683273 -541.756718 -535.769603 -528.726284 -520.015983 -507.112128 -497.037778 -484.061250 -467.034466 -434.494350 -403.375361
-503.274809 -516.996492 -527.577596 -537.241832 -546.825546 -551.444883 -555.381878 -558.619809 -561.960599 -563.941883 -565.454140 -564.476152 -565.119084 -567.304015 -567.077223 -568.185060 -572.109126 -570.612604 -569.466868 -566.239501 -566.868384 -567.051172 -567.814539 -567.268579 -567.759307 -571.612070 -569.631315 -568.813050 -566.600285 -566.254804 -565.820309 -565.488190 -565.096901 -565.553734 -568.294309 -567.718360 -567.022217 -565.014597 -565.033712 -564.283582 -561.994870 -561.394234 -560.044901 -558.063629 -555.926096 -553.312366 -550.038437 -545.312107 -540.315666 -535.359148 -533.762185 -530.126336 -526.886150 -529.304180 -522.049920 -513.176031
