tests/Borden05m/data_simulated/sim_1/output-maps/psiliqL0016N0016.asc
ncols         160
nrows         34
xllcorner     620200.000000
yllcorner     5168000.000000
cellsize      0.500000
NODATA_value  -9999.0
[rows 0 to 24 of 34, columns 55 to 109 of 160]
-9999.0 -9999.0 -9999.0 -9999.0 -9999.0 -9999.0 -9999.0 -9999.0 -9999.0 -9999.0 -9999.0 -9999.0 -9999.0 -9999.0 -9999.0 -9999.0 -9999.0 -9999.0 -9999.0 -9999.0 -9999.0 -9999.0 -9999.0 -9999.0 -9999.0 -9999.0 -9999.0 -9999.0 -9999.0 -9999.0 -9999.0 -9999.0 -9999.0 -9999.0 -9999.0 -9999.0 -9999.0 -9999.0 -9999.0 -9999.0 -9999.0 -9999.0 -9999.0 -9999.0 -9999.0 -9999.0 -9999.0 -9999.0 -9999.0 -9999.0 -9999.0 -9999.0 -9999.0 -9999.0 -9999.0
-9999.0 -9999.0 -9999.0 -9999.0 1430.558657 1425.243816 1420.353788 1415.848083 1407.370496 1398.506104 1390.626998 1387.007183 1386.436059 1386.027388 1385.958265 1391.469020 1399.810801 1407.744041 1415.107443 1417.762279 1420.403791 1422.761664 1423.386229 1422.363273 1419.307058 1416.163785 1412.908343 1411.470134 1403.663679 1392.435842 1383.813532 1381.111185 1385.474726 1389.880641 1392.303246 1397.893499 1408.398254 1418.961726 1427.266804 1439.020205 1444.779736 1449.575500 1452.045037 1447.535996 1443.612274 1439.348932 1433.658495 1422.393403 -9999.0 -9999.0 -9999.0 -9999.0 -9999.0 -9999.0 -9999.0
1375.160547 1394.270859 1414.770245 1418.183796 1406.816415 1402.025601 1399.036742 1397.395577 1393.024214 1384.785125 1379.956807 1374.947344 1373.315846 1373.765407 1374.178808 1378.552079 1389.180736 1397.414664 1402.405096 1405.193105 1408.078060 1407.703069 1407.317371 1407.203442 1404.487752 1401.203207 1397.952045 1396.260141 1397.022043 1389.513617 1383.971692 1380.473020 1378.508727 1381.038698 1383.429267 1386.992536 1396.263761 1404.178763 1412.068385 1426.293107 1438.556029 1443.517712 1440.567934 1435.192609 1430.893511 1423.550498 1412.909021 1402.340153 1392.863251 1385.686503 1379.687242 1373.250664 1378.751118 1385.053076 1394.239196
1359.924387 1379.499940 1400.031548 1403.111397 1392.741541 1384.889464 1379.788802 1380.433094 1383.609068 1380.582442 1376.349933 1371.166874 1380.448163 1382.090775 1383.533820 1387.169154 1390.319568 1394.203113 1397.151024 1402.753614 1411.967665 1414.917179 1415.625040 1415.921867 1414.214250 1411.206665 1409.490076 1406.840424 1401.727214 1400.546209 1400.732287 1400.255716 1404.996469 1406.449537 1408.375072 1401.874840 1405.486288 1411.516667 1418.161899 1424.188393 1430.409052 1433.650185 1429.903321 1428.817157 1419.836997 1405.452607 1394.044620 1385.272882 1383.373555 1379.654787 1371.141166 1357.527507 1364.211682 1379.192752 1383.173973
1366.024608 1375.621904 1387.542693 1390.841506 1386.239448 1388.168841 1390.213660 1392.067445 1390.880028 1388.234170 1386.185610 1398.672882 1408.280883 1410.436447 1413.671657 1417.773593 1417.862082 1406.545480 1404.516516 1412.812017 1423.211904 1429.063412 1429.475242 1429.509160 1427.232205 1426.315421 1426.082983 1424.085815 1424.633940 1426.921979 1426.379010 1430.619895 1436.198031 1439.136197 1431.872305 1422.819675 1423.831212 1431.554507 1439.697594 1446.800624 1456.977014 1467.717648 1466.438488 1460.436946 1450.840420 1436.788229 1412.839980 1393.047794 1381.422699 1373.308790 1365.290419 1365.150479 1360.905411 1371.937527 1372.850598
1362.993102 1381.418922 1402.868854 1410.823056 1405.423578 1401.185295 1399.287032 1400.520606 1400.953641 1403.908130 1416.010064 1429.794422 1443.993529 1447.054520 1449.895133 1449.705293 1441.410876 1431.544234 1428.348641 1443.000300 1459.518970 1467.908371 1468.502452 1467.154359 1473.305972 1472.380797 1471.256129 1466.830735 1468.675053 1469.364573 1478.298849 1485.939153 1493.177979 1491.410836 1479.249204 1467.497863 1466.112634 1469.256916 1473.095924 1479.296281 1489.111205 1498.196670 1492.590058 1485.204421 1475.020954 1446.300153 1419.375958 1402.265202 1401.566477 1400.915812 1395.173057 1391.298444 1387.617713 1380.355100 1379.107118
1408.409660 1429.842376 1450.496461 1466.256895 1461.062854 1453.765755 1444.609971 1445.695031 1448.716488 1456.864767 1469.824200 1486.740035 1510.684833 1513.293472 1516.352078 1518.647503 1507.566597 1495.511131 1484.999113 1503.962086 1514.585723 1523.126838 1524.123601 1533.062090 1542.750489 1538.538405 1531.048182 1520.552630 1526.800475 1537.505245 1552.614901 1559.639863 1563.752815 1561.736340 1549.968900 1543.848031 1542.773193 1545.577071 1543.621009 1548.655964 1558.120004 1572.557538 1571.208965 1562.703371 1539.958997 1502.191736 1468.075319 1448.422275 1454.183803 1446.516582 1438.730789 1434.697080 1420.324956 1409.194744 1408.701742
1457.760279 1475.437715 1493.987802 1512.532684 1507.589360 1497.806948 1484.552150 1484.144018 1491.538657 1502.227139 1521.439561 1543.716979 1567.158057 1573.858351 1575.406452 1585.428337 1579.380133 1570.180428 1562.485895 1576.022749 1587.847020 1599.418814 1608.442942 1621.205063 1632.517619 1621.566522 1608.649436 1602.499189 1608.156342 1629.065908 1647.344576 1652.363282 1653.130571 1655.108388 1644.708190 1638.315918 1632.097225 1627.813053 1622.370910 1618.400437 1637.536058 1654.423120 1652.392305 1628.844908 1604.346103 1566.653835 1528.134908 1496.821227 1498.147542 1494.218811 1493.005183 1478.025979 1462.318294 1446.821346 1437.730187
1532.965691 1561.084518 1581.549879 1603.448552 1602.917037 1585.698989 1576.830510 1581.715542 1595.036811 1602.885508 1619.355354 1642.348114 1673.059865 1692.726247 1710.439711 1715.118805 1707.509268 1699.104970 1686.648026 1686.475058 1705.071026 1717.086751 1727.316072 1737.558659 1749.973405 1754.394728 1750.978627 1750.287519 1753.765755 1762.168275 1772.227455 1778.880746 1783.690971 1788.474914 1782.669391 1771.791681 1766.112106 1757.826103 1751.959114 1749.406690 1753.377178 1765.821778 1762.868301 1733.999280 1706.418570 1673.123799 1635.219742 1603.666053 1587.896196 1595.647391 1585.501679 1566.693298 1548.169514 1514.344565 1499.416386
1625.076506 1660.623192 1688.125241 1702.486490 1715.112659 1708.872328 1710.330923 1714.926759 1722.940090 1728.038229 1736.058778 1768.775876 1803.576819 1832.099040 1856.218798 1864.883057 1854.656921 1845.351757 1833.475235 1824.504224 1830.274398 1845.249223 1862.032580 1877.399462 1888.531288 1891.800277 1890.555256 1890.840786 1893.106710 1896.096392 1899.358248 1905.925451 1913.177448 1922.795504 1932.920743 1925.884647 1908.878826 1896.961172 1883.987274 1879.512287 1878.167550 1877.112641 1876.620716 1866.283985 1832.038463 1802.304598 1769.721319 1742.373462 1722.390778 1710.705708 1690.520717 1666.681757 1618.860696 1578.644491 1543.960317
1732.443557 1774.092522 1804.887130 1827.805546 1842.992274 1845.205720 1848.131548 1851.040301 1857.010663 1862.142026 1868.791695 1892.652537 1931.139360 1968.829553 1999.032596 2002.402782 1992.462700 1982.241473 1972.457405 1961.194798 1957.835873 1966.711771 1978.683935 1995.503365 2006.492518 2015.145086 2013.803218 2014.176933 2014.951334 2017.045360 2018.930774 2021.267015 2028.821755 2041.252447 2053.008922 2053.363890 2038.519875 2021.068457 2003.739990 1997.254094 1991.616737 1985.503733 1985.528352 1985.790161 1975.742738 1948.619252 1911.307937 1868.853407 1844.040964 1823.437626 1809.791938 1792.533833 1762.580286 1707.296886 1674.188877
1858.867798 1888.417873 1918.361481 1949.271352 1967.641288 1974.735778 1975.189561 1977.115088 1985.026698 1991.036551 2000.574666 2017.504078 2043.462394 2073.989081 2101.475051 2118.442504 2114.046706 2100.533341 2082.398372 2076.202330 2074.551616 2076.841894 2083.917270 2092.826221 2108.907736 2125.311314 2130.769411 2131.508050 2128.963011 2131.199818 2132.489373 2132.610349 2134.099126 2139.647382 2147.173722 2149.649584 2143.812734 2126.265692 2105.094886 2091.168933 2082.667396 2077.970668 2076.190234 2077.806539 2077.578802 2064.396667 2033.435037 1993.573427 1960.539952 1939.433242 1923.162230 1908.244526 1895.705280 1872.201809 1852.689577
1975.647502 1990.645664 2017.372971 2044.993958 2069.281232 2085.865148 2089.657657 2095.298988 2100.704766 2110.360233 2126.137006 2146.529283 2162.006244 2180.410029 2202.994312 2216.525253 2222.205709 2222.122076 2220.192131 2221.710679 2221.722740 2186.511141 2190.002806 2193.437832 2202.728094 2212.297657 2215.518510 2215.786456 2214.298389 2215.590322 2216.091216 2216.229448 2215.917622 2216.454352 2219.198958 2220.090629 2218.435954 2210.020395 2216.373890 2198.465418 2185.956115 2178.044019 2169.962489 2161.210679 2151.319978 2141.093349 2123.331584 2095.099136 2061.278252 2034.988455 2023.464983 2015.839895 2007.585407 2000.923134 1984.314193
2082.465128 2094.502336 2111.419134 2132.620344 2161.972067 2182.402298 2193.494912 2202.597926 2207.723702 2220.550171 2234.760577 2227.322531 2232.317753 2237.382266 2242.337510 2244.062728 2244.507630 2244.142071 2241.633462 2240.806970 2238.515680 2233.707188 2223.563773 2224.600966 2225.788986 2227.973062 2231.277445 2229.833791 2230.681802 2233.568698 2232.060497 2226.558947 2222.950186 2221.414534 2221.974124 2229.031235 2232.075240 2232.708326 2230.954643 2230.066222 2229.386241 2227.410017 2224.982775 2221.542337 2217.035436 2222.775802 2211.892325 2187.288394 2152.415386 2115.754094 2102.873853 2099.339002 2098.629712 2095.061086 2088.090813
2198.901880 2211.741783 2225.530465 2218.475801 2231.701429 2238.676348 2242.128635 2245.318170 2247.934409 2249.576047 2246.398516 2242.995024 2238.137690 2236.589824 2235.025524 2232.341087 2232.615754 2230.263642 2225.823377 2221.578389 2214.112234 2202.544206 2190.618191 2187.213320 2191.155579 2195.824978 2199.953718 2203.153891 2206.376459 2207.140537 2202.326660 2194.551016 2187.574461 2185.830330 2192.373697 2197.947782 2203.472432 2204.237933 2202.989890 2201.094542 2201.500005 2199.282474 2200.172440 2207.152227 2220.938001 2226.136392 2229.478178 2228.814280 2219.059002 2201.494643 2198.265670 2178.346181 2181.782058 2176.498012 2164.425865
2238.611585 2240.685552 2240.131697 2238.753794 2232.916908 2227.188430 2226.444893 2230.193048 2236.776621 2237.658498 2230.303619 2221.526479 2214.012091 2206.552938 2203.764185 2202.040873 2200.837770 2200.332413 2194.338906 2185.409879 2168.930215 2156.564868 2144.624398 2137.908007 2134.909160 2138.928688 2148.531273 2158.286414 2162.755870 2155.436672 2147.901722 2137.247789 2129.453282 2129.895994 2131.967974 2141.106996 2155.711211 2161.166857 2162.208067 2157.317606 2153.015117 2147.767286 2146.381149 2153.907320 2169.548028 2185.669772 2200.162622 2208.857225 2216.420918 2223.019629 2225.325824 2226.758796 2227.371407 2225.793957 2225.131260
2233.115142 2226.548041 2219.836875 2214.560199 2207.734950 2201.785920 2199.595835 2201.326205 2203.342957 2199.151047 2191.782199 2180.838018 2169.103336 2158.569836 2151.147308 2151.022395 2152.257807 2152.429845 2144.985165 2129.589816 2111.346494 2097.132966 2082.537937 2077.831850 2072.109876 2066.540667 2076.428890 2093.612893 2099.812915 2085.788121 2075.861444 2061.750209 2054.874918 2051.802847 2053.333248 2062.736569 2083.269033 2103.929709 2105.882912 2096.696944 2087.829079 2084.155296 2082.587082 2089.656983 2108.290161 2129.287593 2145.198178 2155.782996 2162.121953 2170.769435 2180.733284 2193.844158 2207.614593 2219.047207 2226.570409
2207.023321 2198.918724 2190.782754 2182.641232 2175.006879 2168.060165 2163.002164 2160.053762 2156.170133 2149.236899 2141.192483 2124.099114 2110.891524 2097.756476 2082.893505 2078.387442 2074.022109 2074.591420 2062.571827 2052.158284 2033.536535 2017.442928 2001.154472 1989.307546 1982.933352 1976.384596 1978.504837 1992.917451 2001.484404 1989.293948 1979.331447 1967.387379 1961.957087 1958.913368 1961.211906 1971.746223 1993.350172 2012.251401 2020.168218 2013.295743 2010.277789 2009.814022 2009.866099 2016.970490 2031.527236 2051.839738 2074.114996 2091.951505 2102.536740 2111.091629 2121.919670 2137.235071 2151.939600 2166.556101 2184.261740
2171.717875 2161.921523 2151.403093 2141.088327 2129.805742 2118.278991 2111.064093 2111.613455 2104.159078 2096.936607 2078.543754 2029.113442 2009.303406 1990.205145 1973.785911 1966.854065 1958.290568 1947.176839 1937.395068 1930.633761 1925.639011 1909.955177 1891.902635 1874.770186 1869.126233 1864.669417 1852.939661 1854.625161 1856.793010 1864.308327 1857.476818 1853.205965 1852.463465 1850.260663 1853.180744 1866.834952 1877.843368 1887.107355 1894.103150 1895.365569 1904.237324 1912.124938 1919.160836 1936.528270 1950.438120 1968.564791 1990.861384 2016.230667 2031.399420 2042.239507 2054.279416 2070.939635 2088.516088 2106.998393 2130.218210
2130.369667 2114.921253 2100.229130 2085.337491 2071.791550 2058.189542 2043.336237 2043.326761 2039.076543 2028.960066 1982.823237 1940.117754 1906.410811 1887.649716 1864.343539 1851.491318 1837.975869 1807.422317 1791.595372 1786.643050 1793.968749 1785.686620 1768.788152 1754.985347 1746.077883 1738.246382 1723.654569 1711.619915 1716.568964 1730.572255 1727.888445 1727.941885 1733.377605 1732.280771 1728.203204 1731.544488 1745.558961 1753.357876 1764.201269 1778.288254 1783.780415 1796.210840 1825.785619 1840.513775 1856.986976 1877.935188 1900.776999 1924.808512 1947.244048 1962.255432 1978.510230 1998.626861 2016.808493 2038.733029 2063.125722
2074.045520 2044.960182 2024.394190 2006.794264 1988.022557 1964.550217 1943.238474 1939.750386 1931.865173 1908.633818 1859.783151 1820.191853 1791.694499 1768.956887 1744.560082 1723.637900 1692.835960 1660.014595 1638.951743 1647.061042 1655.039951 1658.780658 1645.334734 1632.961039 1622.742282 1607.450937 1591.520521 1578.366212 1587.560300 1596.060936 1607.737895 1612.411764 1616.334481 1620.132765 1619.186477 1613.140211 1615.514555 1624.544083 1635.304287 1646.982547 1663.852633 1696.014407 1721.648243 1740.397942 1762.317624 1783.529040 1807.416904 1832.604131 1856.148613 1874.213489 1894.321426 1915.047998 1937.595668 1959.528378 1985.324610
1993.368332 1965.022318 1937.904268 1914.428481 1885.500990 1843.724845 1828.092139 1818.348768 1801.837952 1761.466468 1718.804133 1687.979541 1667.161714 1642.546851 1619.255824 1591.342893 1559.026344 1533.905097 1513.444620 1520.944198 1528.585742 1542.283804 1531.184569 1521.230637 1515.858209 1500.748721 1486.948129 1471.830658 1478.899274 1489.461734 1508.604785 1513.409852 1517.204413 1525.099968 1524.392912 1521.589132 1510.400429 1518.894368 1529.955989 1544.563988 1573.879654 1598.773976 1623.309056 1645.888098 1667.253293 1690.879398 1715.818459 1741.230359 1768.623829 1789.778891 1810.526366 1833.767612 1855.513048 1874.494300 1895.893735
1882.056485 1856.477523 1834.353878 1809.588250 1770.757384 1726.712933 1690.098164 1670.152210 1627.326261 1592.876196 1562.354490 1549.823806 1532.989807 1510.629114 1489.437630 1468.343042 1443.341407 1421.646790 1397.044371 1400.990799 1414.155443 1428.762613 1425.069069 1422.746073 1419.944632 1409.213167 1395.539588 1381.913849 1385.517082 1401.258226 1418.463009 1426.812077 1433.916398 1441.701964 1441.939478 1434.560603 1426.037686 1431.859363 1446.856513 1463.627551 1484.279248 1507.015928 1529.665512 1551.378715 1575.344920 1600.076129 1625.226327 1652.313662 1680.798970 1703.099853 1728.483908 1754.695960 1775.072560 1788.113410 1802.130769
1772.959468 1750.992796 1726.537200 1699.280542 1658.049573 1616.485838 1574.196996 1532.256347 1498.739213 1467.964379 1453.421891 1435.221606 1418.385912 1400.987654 1379.816730 1361.002735 1343.133204 1321.054944 1305.527841 1311.160312 1324.034373 1333.956568 1337.810994 1334.924772 1331.954290 1324.942950 1311.110528 1302.951161 1311.872445 1327.144557 1341.639047 1352.338766 1359.236309 1365.167981 1362.591946 1354.376601 1349.852042 1358.363188 1374.337462 1389.355086 1406.546851 1428.522456 1450.388162 1473.121894 1496.960527 1520.776740 1547.054180 1574.176652 1601.930563 1629.866308 1654.814422 1677.564548 1689.964676 1702.727975 1709.748177
1643.881765 1628.265581 1602.349634 1573.895680 1541.697975 1504.523560 1475.457542 1443.091638 1411.929338 1381.495668 1355.502069 1339.512504 1330.421365 1315.877457 1297.053702 1283.984964 1267.233618 1251.889027 1253.486102 1255.583174 1265.488414 1265.501971 1266.036355 1263.084111 1262.017660 1258.273997 1249.047954 1257.537757 1264.685822 1278.900697 1289.459942 1299.040366 1305.232695 1309.315973 1309.794974 1304.348348 1308.901395 1316.043534 1330.733643 1342.872027 1358.044250 1379.247010 1397.337896 1417.576463 1440.762395 1464.821444 1490.081203 1517.056709 1546.218765 1572.540130 1593.390208 1603.954295 1616.165609 1622.644037 1617.434996
