tests/Borden05m/data_simulated/sim_1/output-maps/psiliqL0017N0012.asc
ncols         160
nrows         34
xllcorner     620200.000000
yllcorner     5168000.000000
cellsize      0.500000
NODATA_value  -9999.0
[rows 0 to 24 of 34, columns 0 to 54 of 160]
-9999.0 -9999.0 -9999.0 -9999.0 -9999.0 -9999.0 -9999.0 -9999.0 -9999.0 -9999.0 -9999.0 -9999.0 -9999.0 -9999.0 -9999.0 -9999.0 -9999.0 -9999.0 -9999.0 -9999.0 -9999.0 -9999.0 -9999.0 -9999.0 -9999.0 -9999.0 -9999.0 -9999.0 -9999.0 -9999.0 -9999.0 -9999.0 -9999.0 -9999.0 -9999.0 -9999.0 -9999.0 -9999.0 -9999.0 -9999.0 -9999.0 -9999.0 -9999.0 -9999.0 -9999.0 -9999.0 -9999.0 -9999.0 -9999.0 -9999.0 -9999.0 -9999.0 -9999.0 -9999.0 -9999.0
-9999.0 -9999.0 -9999.0 -9999.0 -9999.0 -9999.0 -9999.0 -9999.0 -9999.0 -9999.0 -9999.0 -9999.0 -9999.0 -9999.0 -9999.0 -9999.0 -9999.0 -9999.0 -9999.0 -9999.0 -9999.0 -9999.0 -9999.0 -9999.0 -9999.0 -9999.0 -9999.0 -9999.0 -9999.0 -9999.0 -9999.0 -9999.0 -9999.0 -9999.0 -9999.0 -9999.0 -9999.0 -9999.0 -9999.0 -9999.0 -9999.0 -9999.0 -9999.0 -9999.0 -9999.0 -9999.0 -9999.0 -9999.0 -9999.0 -9999.0 -9999.0 -9999.0 -9999.0 -9999.0 -9999.0
-9999.0 -9999.0 -9999.0 -9999.0 -9999.0 -9999.0 -9999.0 -9999.0 -9999.0 -9999.0 -9999.0 -9999.0 -9999.0 -9999.0 -9999.0 -9999.0 -9999.0 -9999.0 -9999.0 -9999.0 -9999.0 -9999.0 -9999.0 -9999.0 -9999.0 -9999.0 -9999.0 -9999.0 -9999.0 -9999.0 -9999.0 -9999.0 -9999.0 -9999.0 -9999.0 -9999.0 -9999.0 -9999.0 -9999.0 -9999.0 -9999.0 -9999.0 -9999.0 -9999.0 -9999.0 -9999.0 -9999.0 1500.962951 1483.876379 1469.181129 1466.451123 1488.840645 1512.486648 1536.652848 1557.578163
-9999.0 -9999.0 -9999.0 -9999.0 -9999.0 -9999.0 -9999.0 -9999.0 -9999.0 -9999.0 -9999.0 -9999.0 -9999.0 -9999.0 -9999.0 -9999.0 -9999.0 -9999.0 -9999.0 -9999.0 -9999.0 -9999.0 -9999.0 -9999.0 -9999.0 -9999.0 -9999.0 -9999.0 -9999.0 -9999.0 -9999.0 -9999.0 -9999.0 -9999.0 -9999.0 -9999.0 -9999.0 -9999.0 -9999.0 -9999.0 1548.490630 1554.552445 1555.545043 1545.559575 1534.631576 1522.256802 1502.308107 1484.836983 1470.784899 1468.781073 1471.746792 1476.450270 1498.802397 1524.092703 1544.236489
-9999.0 -9999.0 -9999.0 -9999.0 -9999.0 -9999.0 -9999.0 -9999.0 -9999.0 -9999.0 -9999.0 -9999.0 -9999.0 -9999.0 -9999.0 -9999.0 -9999.0 -9999.0 -9999.0 -9999.0 -9999.0 -9999.0 -9999.0 -9999.0 -9999.0 -9999.0 -9999.0 -9999.0 -9999.0 -9999.0 -9999.0 -9999.0 -9999.0 -9999.0 1455.164839 1472.624879 1490.937897 1509.709145 1526.827574 1533.944341 1539.885946 1545.721280 1541.742221 1537.509516 1526.417455 1507.055963 1487.950526 1474.772116 1473.367566 1471.322250 1475.812491 1488.686945 1505.858246 1522.117373 1543.360285
-9999.0 -9999.0 -9999.0 -9999.0 -9999.0 -9999.0 -9999.0 -9999.0 -9999.0 -9999.0 -9999.0 -9999.0 -9999.0 -9999.0 -9999.0 -9999.0 -9999.0 -9999.0 -9999.0 -9999.0 -9999.0 -9999.0 -9999.0 -9999.0 -9999.0 -9999.0 -9999.0 -9999.0 1458.376878 1452.689720 1448.065240 1446.951767 1446.013803 1445.316500 1452.332636 1464.389711 1482.452708 1504.629536 1518.071942 1525.665471 1532.707746 1533.675637 1528.763789 1527.262250 1528.061288 1516.397919 1504.953506 1494.270835 1483.954707 1482.378543 1492.206593 1506.848467 1523.557683 1538.828699 1554.694788
-9999.0 -9999.0 -9999.0 -9999.0 -9999.0 -9999.0 -9999.0 -9999.0 -9999.0 -9999.0 -9999.0 -9999.0 -9999.0 -9999.0 -9999.0 -9999.0 -9999.0 -9999.0 -9999.0 -9999.0 -9999.0 -9999.0 -9999.0 1427.455040 1433.176898 1440.005663 1447.879412 1449.157358 1445.589735 1440.402315 1437.891302 1436.868340 1435.445359 1440.376912 1448.520281 1462.301899 1478.369379 1500.798386 1509.727968 1515.707019 1528.096005 1531.559219 1538.351658 1542.830259 1541.523661 1538.748810 1525.976875 1516.454319 1521.089400 1526.867518 1534.162255 1542.749907 1556.687505 1572.084990 1589.323609
-9999.0 -9999.0 -9999.0 -9999.0 -9999.0 -9999.0 -9999.0 -9999.0 -9999.0 -9999.0 -9999.0 -9999.0 -9999.0 -9999.0 -9999.0 -9999.0 -9999.0 -9999.0 -9999.0 1401.911825 1403.058226 1404.611239 1409.640599 1410.563335 1412.900781 1420.186661 1428.694469 1431.623773 1430.173798 1429.323777 1431.276898 1434.454790 1439.372362 1450.921411 1465.089174 1479.671650 1493.714599 1515.015953 1530.147924 1543.844829 1560.101454 1560.235673 1556.835869 1555.552421 1556.376408 1556.561080 1559.555781 1561.720844 1568.408453 1572.479958 1578.543389 1588.351567 1600.532979 1618.829001 1638.536512
-9999.0 -9999.0 -9999.0 -9999.0 -9999.0 -9999.0 -9999.0 -9999.0 -9999.0 -9999.0 -9999.0 -9999.0 -9999.0 -9999.0 -9999.0 -9999.0 1372.696626 1374.720934 1377.238035 1382.895360 1386.291556 1390.613677 1397.928094 1399.611795 1403.686372 1411.237312 1416.461812 1425.864859 1434.481087 1442.227258 1448.672682 1451.808954 1459.528866 1469.558546 1481.815751 1497.198132 1518.798801 1542.506719 1559.123464 1576.428418 1594.068533 1595.207330 1594.498557 1595.931515 1596.412893 1601.949389 1619.056297 1624.616203 1624.618102 1639.769432 1653.682419 1658.758872 1666.853677 1686.648595 1710.421643
-9999.0 -9999.0 -9999.0 -9999.0 -9999.0 -9999.0 -9999.0 -9999.0 -9999.0 -9999.0 -9999.0 -9999.0 -9999.0 1325.007570 1329.334279 1339.366154 1349.467844 1352.446175 1357.254180 1363.839092 1376.412198 1380.464160 1387.072631 1395.006930 1407.557915 1416.677473 1426.255692 1438.577349 1447.407265 1455.099551 1462.513373 1468.016844 1481.381520 1496.863978 1512.827973 1533.327849 1555.861770 1576.445093 1596.926922 1613.474045 1627.271451 1628.704029 1628.347736 1631.216281 1638.694704 1655.342370 1674.099199 1681.551425 1698.143630 1721.044170 1734.261922 1745.469121 1754.144494 1768.237270 1789.990870
-9999.0 -9999.0 -9999.0 -9999.0 -9999.0 -9999.0 -9999.0 -9999.0 -9999.0 -9999.0 1292.644439 1295.007403 1291.863721 1291.385247 1297.008494 1309.560186 1323.870760 1330.615184 1342.736758 1364.218887 1382.695894 1386.613774 1401.408170 1412.179349 1419.498102 1430.412920 1444.043712 1457.236387 1474.282353 1487.170638 1498.723861 1518.119137 1535.068597 1552.180861 1570.496708 1591.466901 1611.094045 1639.111265 1666.326126 1678.924556 1700.612348 1710.368718 1707.953386 1708.291649 1717.933314 1733.426611 1753.755638 1775.939753 1797.491090 1822.616848 1838.995199 1853.670247 1864.712965 1877.289936 1893.595183
-9999.0 -9999.0 -9999.0 -9999.0 -9999.0 -9999.0 -9999.0 -9999.0 1267.512630 1275.269194 1281.565622 1278.881820 1274.805897 1270.878520 1285.269011 1301.479211 1317.967447 1336.249743 1352.681651 1371.443504 1386.999918 1403.505882 1424.031965 1436.174599 1448.257736 1464.179459 1478.390625 1495.698491 1517.506583 1529.910583 1546.161562 1567.875985 1586.631065 1605.212128 1624.655579 1643.300511 1669.180538 1702.697167 1734.680385 1756.653021 1784.782267 1807.141106 1806.101243 1808.389335 1812.788701 1838.414814 1867.557436 1898.317403 1922.803197 1949.828480 1979.529599 1998.349199 2009.413932 2022.376860 2037.939395
-9999.0 -9999.0 -9999.0 -9999.0 -9999.0 -9999.0 1239.508720 1264.021121 1279.430723 1271.746301 1261.319783 1257.793802 1253.772988 1279.336544 1301.935614 1319.791073 1337.271879 1355.525522 1372.678021 1385.384116 1418.931973 1437.836279 1452.444048 1470.265276 1485.648674 1501.051407 1519.076455 1542.827820 1564.565510 1593.420817 1618.032903 1641.269246 1667.857874 1687.985931 1707.323745 1725.488822 1756.737309 1794.144712 1830.971724 1859.515151 1886.794700 1918.355022 1924.673511 1930.253148 1936.801017 1958.850973 1991.330434 2021.979626 2055.808853 2088.066256 2115.694943 2128.094112 2138.915823 2150.596413 2164.439980
-9999.0 -9999.0 -9999.0 -9999.0 1205.810751 1226.896093 1246.937587 1277.826606 1300.676674 1296.173874 1302.889812 1303.154864 1301.392890 1306.146071 1314.108287 1332.739070 1352.208176 1372.009031 1389.908206 1424.006178 1469.525991 1485.025951 1508.745704 1541.108675 1555.222889 1571.227486 1588.311105 1611.752513 1637.650763 1670.643480 1713.074099 1749.291107 1774.940140 1797.899172 1819.482928 1841.145690 1876.013497 1914.135187 1951.327915 1985.534005 2015.390806 2041.880036 2053.912993 2061.810891 2073.806956 2090.800828 2112.904569 2140.818767 2173.000663 2205.445395 2230.558711 2243.769462 2251.692845 2262.631984 2272.913713
-9999.0 -9999.0 -9999.0 1155.213235 1194.154840 1232.619346 1259.699263 1290.897591 1323.583479 1327.850899 1337.432449 1342.032813 1346.416020 1355.120207 1363.402152 1381.227677 1398.693643 1416.342464 1439.239956 1476.266784 1511.025079 1539.299979 1571.409890 1596.958560 1617.111011 1633.429511 1652.964192 1677.074124 1716.915261 1753.469622 1803.296123 1856.341147 1892.673627 1916.700600 1939.619426 1967.506829 1993.084429 2030.343462 2065.605598 2099.093721 2131.211609 2156.065286 2174.470645 2182.074692 2192.147475 2200.669896 2216.596724 2238.408186 2260.786319 2290.340073 2319.263004 2345.513115 2360.318763 2370.989402 2387.504491
-9999.0 -9999.0 1107.633698 1145.938821 1179.677813 1229.481754 1282.866114 1317.933339 1359.129740 1382.672302 1389.532233 1406.126362 1421.941551 1428.841717 1443.946522 1461.152822 1480.714727 1489.008976 1507.667332 1536.194324 1584.325097 1628.358890 1645.389390 1694.676550 1728.277934 1757.885487 1777.314011 1804.824227 1841.357960 1881.784251 1929.719492 1979.818338 2017.756699 2048.708814 2065.712191 2085.830580 2108.481450 2133.607116 2168.594602 2197.326467 2229.741319 2256.225489 2278.040889 2284.186288 2289.218417 2305.428208 2330.916949 2358.356514 2384.074112 2409.054251 2409.338346 2424.008699 2431.127249 2435.478959 2441.502772
-9999.0 -9999.0 1080.168305 1125.570687 1164.931452 1230.006090 1311.615306 1348.827725 1391.919669 1438.573453 1457.215185 1482.043309 1491.409326 1497.951051 1521.256012 1543.116683 1558.220642 1566.413292 1566.324925 1622.215042 1680.293363 1726.465094 1766.200342 1835.756424 1883.401988 1902.737574 1917.265040 1938.694701 1962.923631 2005.281512 2051.102941 2104.155415 2147.558243 2178.629883 2194.965323 2213.998436 2234.415419 2252.002936 2271.605647 2312.775268 2342.635200 2370.045466 2398.364240 2419.210894 2427.927120 2432.197374 2419.255189 2431.512487 2440.081151 2444.294814 2446.314659 2443.613540 2443.590383 2444.777163 2446.045962
-9999.0 990.214666 1042.555277 1095.385544 1163.660255 1230.156460 1312.219503 1391.857777 1451.555955 1500.810553 1530.296953 1539.906580 1570.223719 1610.184620 1635.912703 1661.742812 1666.746076 1674.423564 1664.441369 1714.970434 1763.114460 1833.098413 1940.675195 1998.284609 2047.622883 2049.991764 2045.224059 2057.178856 2079.914225 2124.122231 2193.492344 2242.657942 2298.396033 2340.826004 2356.914712 2364.420074 2382.528756 2402.834039 2382.944226 2410.219234 2423.522164 2434.741769 2439.618037 2442.311049 2444.208601 2445.051912 2442.471083 2436.642686 2429.380172 2424.243610 2420.534522 2416.279957 2418.830649 2422.100940 2422.587386
-9999.0 954.138508 1013.283886 1084.361766 1155.019073 1219.154354 1318.984797 1467.414561 1523.873240 1562.535624 1583.244240 1597.602899 1672.124624 1737.716192 1771.084054 1816.813503 1811.297841 1802.023054 1786.019382 1818.778578 1867.141795 1941.055948 2088.744717 2174.501342 2208.858801 2221.104130 2228.500088 2256.345993 2295.086869 2334.280562 2370.347200 2364.729179 2396.505800 2413.072515 2418.393215 2420.928922 2425.916643 2426.806554 2426.097283 2423.529455 2420.083731 2421.479375 2426.642270 2427.352276 2425.295458 2422.744213 2417.559891 2410.262123 2404.855460 2400.165557 2397.285318 2394.102904 2392.142487 2391.612290 2386.674710
-9999.0 922.252232 994.341214 1057.056477 1118.597322 1228.839167 1356.345307 1494.331853 1588.903824 1627.235830 1642.815034 1706.176057 1807.659372 1906.062828 1958.804163 1984.926410 1984.474311 1960.663724 1961.665330 2007.701172 2074.748992 2172.661716 2274.338168 2356.733875 2372.616526 2378.529000 2354.716162 2372.351855 2388.712653 2393.096331 2396.319549 2402.464172 2409.409992 2413.935832 2414.236458 2412.850268 2409.424857 2402.569924 2398.607878 2396.105867 2393.397261 2393.496924 2396.537177 2398.301340 2396.041892 2392.370738 2387.827811 2381.906948 2375.283121 2368.199276 2363.693607 2359.122570 2356.407355 2350.769367 2345.832327
-9999.0 817.801067 907.937035 960.236568 1067.065808 1244.762004 1372.700752 1521.585180 1672.360616 1709.091537 1779.333638 1903.464453 2011.718297 2087.378600 2126.611489 2168.001370 2197.946012 2222.130748 2259.526848 2204.807789 2267.705604 2334.728788 2365.867687 2381.952647 2388.188379 2391.817283 2385.924427 2368.675484 2360.342781 2355.637735 2359.103008 2367.935227 2374.596789 2381.091490 2380.028406 2381.519286 2382.405947 2379.439229 2375.971738 2368.080225 2360.865421 2355.287672 2353.431059 2358.667964 2353.931579 2350.899011 2344.671553 2336.160788 2326.741775 2318.616433 2310.324428 2303.048754 2299.690711 2293.466956 2291.029631
-9999.0 736.958354 813.059662 896.553853 1029.501000 1194.280426 1317.843526 1484.097366 1699.591507 1820.820808 1953.684087 2030.379015 2103.633081 2161.315571 2221.794577 2270.694288 2297.904948 2310.955896 2299.545833 2315.668704 2284.972110 2280.448521 2300.781988 2330.175382 2346.597222 2352.793473 2346.581242 2338.166886 2332.600791 2332.904592 2332.615746 2331.539451 2330.125273 2328.355780 2325.826867 2328.383272 2333.267101 2327.009358 2317.919187 2309.511719 2301.981140 2293.614474 2288.104376 2284.400199 2283.539191 2283.222927 2275.483130 2264.819537 2253.884952 2245.227666 2237.117135 2231.120922 2227.730356 2221.833956 2212.425240
-9999.0 634.025240 757.815437 848.508557 965.178524 1101.108912 1223.880320 1386.213911 1532.215042 1757.566455 1912.435931 2037.475623 2081.859014 2143.605097 2201.196298 2270.497846 2275.407428 2249.217801 2218.032969 2206.465720 2216.255336 2228.355405 2242.546085 2262.687494 2281.781164 2292.983878 2297.102747 2291.184823 2278.512243 2269.243347 2262.116261 2251.953126 2244.782597 2243.609491 2245.355169 2253.205481 2254.953923 2245.840303 2232.708480 2216.158397 2201.791597 2190.940701 2188.215682 2189.775225 2189.866416 2185.951294 2179.146575 2168.329697 2155.538587 2143.273770 2135.789494 2129.996959 2122.241381 2111.112484 2098.778146
-9999.0 -9999.0 680.451100 791.239028 896.871063 1017.955942 1128.847893 1268.053617 1417.357894 1597.429274 1715.535713 1856.762330 1934.812866 1981.186072 2028.284949 2084.228021 2106.377616 2130.643565 2119.603201 2128.395532 2138.204006 2146.148618 2156.493092 2168.110593 2181.902577 2192.882949 2202.063630 2200.603643 2192.303590 2174.977820 2153.903668 2137.684664 2128.680870 2121.300779 2131.149785 2142.552075 2138.834708 2132.015400 2119.855086 2103.902261 2090.952726 2077.101938 2073.283997 2073.284348 2073.232265 2070.202502 2065.899188 2052.914672 2039.898851 2028.176648 2022.536852 2015.948484 2010.324100 1999.088658 1987.049751
-9999.0 -9999.0 595.319958 703.386508 815.822423 938.577702 1036.333557 1099.862961 1249.756919 1364.185680 1469.876229 1571.408678 1657.230170 1722.065791 1763.994570 1825.767747 1871.193286 1889.331803 1915.770453 1952.828411 1982.202518 2013.995841 2034.650959 2047.746360 2062.302349 2076.623215 2085.649380 2073.843446 2063.453177 2047.322378 2026.074662 2002.523942 1990.336918 1987.477842 1988.769323 1992.760436 1986.448814 1976.985625 1962.674402 1947.544862 1934.759498 1923.975589 1919.846062 1915.707042 1913.859514 1910.725005 1907.611233 1899.623718 1888.898779 1881.709807 1873.067842 1867.190636 1864.149722 1857.832699 1849.014644
