tests/Borden05m/data_simulated/sim_1/output-maps/psiliqL0028N0008.asc
ncols         160
nrows         34
xllcorner     620200.000000
yllcorner     5168000.000000
cellsize      0.500000
NODATA_value  -9999.0
[rows 0 to 24 of 34, columns 55 to 109 of 160]
-9999.0 -9999.0 -9999.0 -9999.0 -9999.0 -9999.0 -9999.0 -9999.0 -9999.0 -9999.0 -9999.0 -9999.0 -9999.0 -9999.0 -9999.0 -9999.0 -9999.0 -9999.0 -9999.0 -9999.0 -9999.0 -9999.0 -9999.0 -9999.0 -9999.0 -9999.0 -9999.0 -9999.0 -9999.0 -9999.0 -9999.0 -9999.0 -9999.0 -9999.0 -9999.0 -9999.0 -9999.0 -9999.0 -9999.0 -9999.0 -9999.0 -9999.0 -9999.0 -9999.0 -9999.0 -9999.0 -9999.0 -9999.0 -9999.0 -9999.0 -9999.0 -9999.0 -9999.0 -9999.0 -9999.0
-9999.0 -9999.0 -9999.0 -9999.0 3797.616399 3792.342741 3787.643273 3783.186293 3774.726527 3765.396989 3757.615543 3753.392045 3752.177829 3751.313355 3750.620279 3755.389066 3763.408364 3770.969028 3777.752054 3780.118717 3782.403871 3784.152164 3784.300679 3783.131984 3779.849336 3776.450304 3773.022527 3771.258979 3763.994284 3752.890544 3744.646762 3741.958217 3746.085412 3750.396278 3752.841660 3757.901790 3768.214792 3778.766350 3787.340699 3799.997621 3807.187027 3812.555408 3815.072186 3811.091612 3807.856365 3803.852295 3797.544414 3786.435302 -9999.0 -9999.0 -9999.0 -9999.0 -9999.0 -9999.0 -9999.0
3742.560040 3760.886261 3781.985025 3785.056458 3773.250618 3768.127884 3764.992739 3763.366392 3759.198155 3750.711798 3745.592195 3740.067651 3737.259403 3737.209158 3737.006289 3740.536949 3751.324337 3759.021986 3763.481721 3766.072446 3768.892157 3767.057746 3766.177083 3765.905934 3762.945486 3759.395752 3755.963371 3754.055840 3755.640934 3748.021556 3741.925129 3737.935427 3734.762405 3737.526039 3740.255088 3745.015854 3754.116534 3761.965353 3769.896876 3785.200897 3798.497260 3804.260504 3801.711762 3797.191107 3793.377276 3785.855693 3774.994198 3765.065368 3757.239906 3751.305761 3746.001211 3739.499409 3746.018868 3754.126783 3763.394899
3725.735564 3744.874131 3765.328378 3767.809307 3757.584524 3749.912988 3742.753433 3743.283587 3746.888664 3743.661669 3738.769331 3730.488395 3740.689103 3741.574745 3742.126204 3745.208715 3746.806434 3752.154006 3754.434267 3759.680685 3768.571349 3771.316345 3771.658234 3771.611058 3769.527695 3766.177967 3764.118989 3761.249015 3755.900865 3753.947933 3753.460063 3751.983807 3755.911515 3757.424875 3760.513369 3755.205112 3759.760691 3766.018159 3773.005048 3778.364720 3784.426078 3786.731729 3783.447377 3784.285036 3775.976713 3762.387266 3752.773349 3745.522554 3746.148032 3743.293393 3735.416350 3721.597496 3730.159809 3746.429172 3751.307443
3730.161009 3738.986932 3749.298863 3751.668332 3746.579606 3748.878557 3750.635580 3751.732067 3749.764314 3746.073443 3741.248521 3751.262711 3759.306345 3760.538210 3762.795244 3766.694798 3767.681445 3756.897715 3754.840605 3761.861984 3771.319275 3776.281152 3776.368866 3775.870015 3771.848280 3770.583575 3770.328419 3768.524261 3767.745567 3769.108928 3766.251800 3768.894907 3774.312626 3777.679775 3772.863609 3764.566758 3767.037048 3775.604938 3784.886216 3792.518619 3802.609678 3813.301543 3813.799132 3809.476796 3801.075825 3788.836070 3766.577808 3749.431743 3738.502360 3730.430688 3723.216520 3726.738560 3721.850001 3736.150825 3738.041245
3714.211532 3735.439609 3755.244442 3760.720955 3754.651165 3751.072025 3750.014315 3750.560907 3749.341438 3749.323070 3757.373538 3768.773381 3779.386820 3781.178181 3782.792644 3781.294110 3773.947620 3763.558818 3760.993929 3773.932995 3790.665463 3798.385350 3797.641989 3792.670467 3795.110780 3795.430601 3796.257807 3793.117996 3793.597311 3790.536193 3795.218542 3802.893694 3810.990242 3809.695602 3797.239347 3784.755943 3784.922224 3790.814463 3798.351937 3806.148402 3816.281804 3825.300495 3820.546295 3815.721769 3808.787782 3783.667868 3761.770925 3747.916403 3748.318958 3749.232408 3744.941060 3743.173101 3742.726403 3739.169698 3739.584364
3749.327278 3768.186239 3788.400936 3800.862818 3794.594846 3787.192446 3779.000299 3779.089512 3779.020752 3784.446379 3794.342491 3806.282769 3827.577079 3826.461567 3826.427497 3824.420796 3811.205434 3797.812878 3788.006211 3810.726721 3821.867960 3828.752140 3825.451577 3829.772995 3838.190166 3834.758955 3828.732928 3816.375208 3821.859053 3827.482932 3842.642389 3850.769222 3856.283078 3851.173725 3836.829308 3829.895939 3831.899939 3839.048329 3840.811749 3850.120688 3858.639743 3873.529241 3872.055888 3869.627200 3850.130245 3813.074235 3784.532051 3773.145806 3785.444302 3779.980391 3773.647230 3774.133584 3763.573205 3757.009069 3760.014702
3779.462580 3792.243606 3808.179827 3824.466273 3814.962695 3804.893438 3787.899186 3784.358317 3788.005198 3798.193605 3815.486177 3832.718156 3852.060301 3849.278879 3841.213882 3850.887113 3843.824605 3832.746214 3825.343193 3848.390691 3858.191031 3868.196143 3873.305549 3885.959008 3896.238097 3878.639303 3860.779815 3849.552469 3856.876735 3883.428668 3906.686158 3911.467575 3910.201699 3909.107709 3892.794090 3888.221430 3885.315361 3886.511124 3884.363484 3882.815676 3909.261156 3931.575339 3931.527770 3910.172848 3887.524925 3847.260614 3809.355260 3786.111821 3801.094615 3797.553160 3801.446448 3792.032407 3780.834736 3775.079983 3773.646367
3826.638029 3847.213814 3863.089203 3885.185787 3874.636962 3850.647390 3833.425826 3835.742189 3849.505809 3857.805261 3876.870273 3893.012281 3918.067223 3928.883669 3939.008797 3942.979339 3936.161488 3927.695587 3915.864333 3922.282706 3947.325294 3958.968538 3966.987518 3975.066678 3987.792946 3987.380417 3979.788185 3977.745989 3982.327675 3996.863901 4012.244071 4019.036817 4021.752188 4023.914927 4009.171049 3995.808551 3994.463357 3989.487614 3989.077522 3988.531257 4001.350795 4023.348765 4019.865846 3981.535251 3954.525922 3918.767449 3879.910334 3850.630681 3846.031317 3866.928149 3865.990696 3849.926489 3840.690470 3815.959668 3812.469527
3893.988281 3926.811916 3950.913462 3960.675910 3967.374880 3951.164462 3948.625934 3952.953665 3961.651702 3964.628515 3970.991565 4003.584374 4037.433692 4061.975121 4084.692526 4091.753468 4079.163425 4069.399294 4055.627388 4046.939852 4059.153510 4076.977291 4094.898269 4109.780188 4121.182555 4123.032501 4121.395664 4121.428691 4124.750337 4127.783947 4132.351397 4141.265364 4149.021739 4157.495810 4165.057984 4153.834363 4136.742187 4127.920430 4119.607874 4119.444691 4121.240737 4125.928287 4127.093684 4108.706565 4064.674198 4032.239925 3999.776042 3981.360053 3969.096739 3970.792567 3952.516371 3927.579537 3874.955473 3837.790828 3806.790714
3978.335156 4023.480298 4052.892830 4069.239202 4081.783342 4077.987077 4079.912920 4080.829535 4084.364275 4086.403444 4088.537754 4116.308872 4158.994881 4199.141201 4230.950966 4230.231788 4215.756916 4204.266488 4195.382088 4180.333452 4176.313067 4189.890668 4206.177210 4227.343941 4237.675671 4243.183817 4239.417072 4239.614123 4241.689176 4244.118894 4246.353790 4250.336516 4260.534964 4276.295275 4291.467291 4290.244159 4270.164149 4251.924552 4236.037196 4234.328058 4232.429558 4227.555332 4230.209711 4232.187887 4214.566549 4181.818110 4140.851097 4100.376142 4084.965923 4070.520738 4059.673169 4042.212810 3998.665853 3928.869191 3887.521961
4094.365693 4130.221297 4159.630808 4190.286164 4204.728865 4206.170473 4203.236550 4201.644530 4208.771589 4210.999240 4215.984970 4232.756852 4266.842894 4303.952316 4334.546060 4349.795986 4341.258119 4322.215921 4298.970997 4288.226938 4284.994757 4288.970770 4299.143322 4313.066857 4333.526322 4353.793074 4359.688709 4360.612243 4357.874510 4360.396795 4362.074645 4362.215214 4365.547060 4374.876586 4385.391870 4388.946811 4380.496300 4358.253422 4333.903708 4322.989550 4316.795402 4313.502809 4315.008703 4320.838360 4324.658341 4309.000883 4271.595680 4225.310539 4195.525167 4181.259248 4168.693947 4154.162651 4141.062796 4105.123696 4083.124410
4205.044203 4220.934472 4250.149083 4279.786611 4302.434391 4317.018024 4316.839151 4319.484281 4324.382215 4331.353976 4346.508742 4370.984271 4391.350248 4415.466940 4443.465654 4460.697762 4465.927743 4463.834595 4459.136632 4460.209020 4460.612637 4388.930856 4395.990400 4403.039602 4422.541685 4439.744986 4446.042121 4446.769631 4443.867015 4445.889723 4446.762812 4446.601107 4446.221429 4449.106161 4454.898074 4457.111722 4454.375095 4440.269357 4462.122856 4441.260181 4427.331000 4418.866753 4410.402567 4402.106398 4392.567444 4382.443371 4361.247212 4329.083190 4294.004641 4273.306494 4265.802388 4259.488248 4250.299428 4244.227370 4226.440733
4304.613821 4315.247604 4334.291757 4357.915928 4393.698554 4418.390779 4430.181030 4439.812973 4444.565126 4459.042850 4476.617849 4458.017025 4467.525299 4477.364603 4487.140989 4490.498284 4491.459555 4491.015999 4488.571983 4487.685308 4485.070469 4481.852332 4471.120022 4472.759030 4474.818661 4477.474924 4481.269937 4480.215353 4481.375190 4484.345926 4482.515780 4476.315831 4472.105054 4470.525087 4471.656928 4479.189787 4482.777856 4483.781233 4479.833893 4478.830928 4477.690865 4473.798778 4468.939582 4462.089546 4453.327000 4470.912713 4458.243212 4428.807587 4386.477143 4343.396554 4336.829668 4339.723290 4339.280549 4337.830082 4332.081865
4434.927126 4449.223392 4464.632214 4437.810226 4463.377889 4476.462419 4482.580518 4487.112700 4490.060248 4493.706861 4490.746319 4487.827491 4482.865104 4481.206625 4479.822515 4477.352290 4477.970591 4476.080410 4471.950326 4467.752749 4459.379604 4447.554566 4436.371883 4432.543025 4436.783221 4442.564378 4447.935845 4452.705698 4456.541898 4456.290306 4450.614302 4441.992094 4434.281329 4432.673731 4439.683709 4445.502545 4452.367678 4453.300741 4451.897372 4449.274577 4448.910896 4445.423328 4445.563423 4452.832888 4468.047567 4470.078316 4476.832786 4475.870889 4456.818727 4422.319268 4438.291335 4418.046594 4424.567337 4419.837112 4408.312275
4481.673647 4484.844850 4482.978752 4482.038708 4475.520056 4469.363501 4468.550683 4472.606283 4479.720909 4480.718103 4473.593487 4464.868429 4457.493960 4449.830281 4447.380882 4446.949344 4446.763103 4447.338384 4441.993404 4432.247389 4414.717093 4403.056216 4391.963073 4386.004237 4381.746345 4384.849165 4396.484217 4409.336999 4414.500850 4404.548886 4395.795648 4383.627324 4375.502705 4375.996194 4376.751469 4386.434339 4404.073351 4412.374876 4413.215684 4406.405718 4399.430745 4392.582510 4389.277079 4395.685832 4411.219837 4428.519605 4444.759301 4454.251921 4462.159341 4469.510342 4466.690690 4469.827848 4471.554072 4469.116877 4473.126128
4476.378103 4469.252493 4462.128293 4456.718277 4450.256242 4444.996141 4443.091714 4444.814300 4446.498641 4442.162555 4435.781696 4425.727020 4414.559896 4404.760153 4396.729800 4397.768618 4400.147979 4401.953736 4394.385641 4378.679621 4360.612014 4347.006758 4333.052528 4329.086000 4322.908043 4314.408037 4324.448721 4344.877738 4352.564775 4335.799743 4324.621310 4309.116809 4302.679211 4298.451540 4299.067660 4307.934075 4331.178653 4356.538637 4358.874448 4347.622930 4336.430035 4331.756249 4328.450641 4332.749517 4349.337676 4370.582625 4387.176191 4397.964301 4403.336718 4411.154289 4420.627546 4435.504079 4450.842836 4463.619838 4467.496604
4450.814423 4443.008078 4435.293986 4427.592712 4420.651806 4414.383333 4410.020807 4408.038004 4403.738066 4397.524503 4390.402622 4368.168194 4355.539824 4342.279520 4326.950245 4322.869264 4317.581797 4318.474962 4306.807461 4299.265078 4283.160652 4267.752039 4252.063489 4238.000619 4232.260828 4225.341567 4222.304752 4235.363083 4243.680314 4235.014736 4225.437162 4215.260629 4211.107502 4207.735447 4210.373331 4220.909240 4239.960213 4258.302169 4267.151715 4260.005507 4259.666016 4260.315422 4258.754185 4265.346310 4275.494904 4293.222366 4316.168666 4335.987179 4346.151332 4352.964734 4362.107293 4376.690709 4391.008032 4405.616398 4424.012270
4420.110370 4410.699739 4400.681142 4390.828016 4380.220978 4369.555724 4362.874528 4365.760529 4359.762774 4354.195038 4329.696838 4272.397350 4250.454446 4231.147888 4214.569779 4207.510329 4198.742100 4180.656823 4172.029544 4167.964506 4172.138253 4158.457749 4140.900330 4122.823247 4117.981633 4114.577858 4095.273503 4088.522267 4088.468266 4107.569585 4101.818996 4101.627599 4104.498666 4102.168673 4103.049726 4115.656833 4122.464770 4126.906816 4133.898684 4140.262487 4151.833927 4160.503933 4172.344124 4189.967852 4200.419520 4215.370700 4235.607949 4261.889632 4278.006044 4287.610580 4297.972446 4313.292026 4329.469973 4347.411329 4369.969956
4385.152764 4367.957541 4353.091883 4338.621837 4325.807396 4312.822488 4296.301626 4298.320001 4296.377348 4285.590113 4227.476509 4186.930319 4152.627276 4135.558489 4111.460177 4097.324054 4079.650986 4038.352040 4020.140881 4020.984744 4038.185845 4036.142200 4021.257892 4009.898506 4000.196451 3990.206959 3971.349402 3950.238898 3956.666340 3976.690530 3978.974697 3983.570511 3992.402514 3992.220249 3984.737629 3980.069408 3991.579185 3996.464064 4008.061331 4027.316322 4032.473510 4050.793896 4086.467596 4099.197090 4114.255063 4132.275124 4152.373522 4174.345873 4197.475403 4211.725251 4227.037947 4245.400662 4262.034894 4282.254436 4304.673935
4333.268207 4301.385819 4279.865137 4262.251497 4242.649705 4214.212958 4194.218717 4191.918368 4185.849470 4154.394929 4100.544540 4065.956864 4044.006924 4022.275499 3999.507022 3974.534609 3934.698371 3899.175709 3877.001130 3895.336669 3907.652256 3921.983381 3911.278488 3901.056102 3891.659491 3872.626122 3855.460174 3837.868039 3849.546373 3858.280240 3879.976353 3887.757271 3891.791257 3898.547176 3897.026048 3884.653979 3876.949404 3884.795506 3894.529770 3906.882009 3930.428742 3967.463131 3992.266948 4010.699787 4031.035277 4049.224953 4070.081026 4092.630758 4115.496853 4132.486709 4150.549236 4168.653293 4189.273656 4207.807501 4230.011734
4250.352382 4222.130927 4195.977929 4172.768068 4139.884098 4091.746565 4077.436671 4068.383098 4044.285656 3994.095354 3952.613156 3935.280420 3925.016199 3902.313318 3882.182397 3852.833795 3818.410566 3798.143606 3777.692384 3789.242155 3800.659057 3823.215133 3815.464594 3809.928180 3807.911850 3792.570249 3779.555710 3762.677871 3768.732017 3781.547891 3806.720741 3813.260138 3817.630260 3827.694057 3827.027825 3821.772906 3801.904864 3808.060153 3818.856527 3833.695634 3865.570299 3887.536985 3909.445999 3931.106144 3949.998579 3970.994303 3992.520523 4014.907451 4041.139142 4060.354413 4078.950135 4100.065626 4118.564797 4131.607840 4146.370839
4140.124263 4116.798328 4098.182735 4074.236264 4029.938967 3986.032953 3943.580530 3914.324122 3858.654624 3823.626834 3807.128064 3810.526937 3800.418571 3782.153985 3764.602774 3746.492835 3726.321717 3709.168628 3684.413632 3690.783833 3707.984315 3726.299012 3729.846215 3732.345032 3731.654851 3723.155313 3709.968395 3696.465166 3700.333974 3718.041896 3736.417454 3747.241206 3755.285670 3763.071051 3762.610179 3752.180901 3741.486960 3745.743739 3761.131975 3776.877146 3793.103993 3812.746609 3832.653429 3852.384342 3874.160108 3895.890422 3917.857661 3941.783004 3967.824662 3988.688306 4011.620156 4035.231754 4050.381584 4057.623422 4063.257851
4036.773107 4018.839660 3996.440292 3969.033580 3927.088477 3888.377054 3848.351769 3799.395418 3766.961731 3739.811077 3736.609761 3723.293329 3712.484762 3700.284494 3681.425552 3667.040801 3654.458853 3634.392196 3627.264232 3635.754967 3649.875378 3657.691286 3666.057742 3664.666556 3662.971050 3658.227083 3644.512857 3642.118740 3652.656544 3667.838787 3681.215242 3693.149715 3700.042598 3704.785652 3701.480918 3691.818443 3689.381939 3697.258017 3712.304971 3724.881014 3738.254182 3757.736096 3776.368196 3796.729312 3817.913265 3838.550717 3861.622402 3885.423319 3910.242527 3936.534633 3957.518609 3974.169886 3981.176729 3988.965189 3985.596192
3912.855019 3903.527270 3878.434317 3850.666987 3823.194608 3792.503234 3770.881659 3741.301249 3712.996014 3685.839029 3661.383682 3651.870193 3648.190907 3637.483845 3622.657564 3613.471881 3599.570828 3592.658657 3601.326867 3602.765389 3610.474419 3608.224908 3609.757480 3607.950622 3607.903364 3606.648978 3602.080618 3615.463280 3621.750175 3634.756381 3644.498368 3654.206073 3659.721469 3662.941207 3664.208013 3660.355485 3666.537701 3671.846645 3684.665410 3694.908684 3707.068085 3725.644111 3741.106430 3758.412727 3779.043321 3800.373230 3822.446582 3846.433391 3872.846896 3895.739614 3911.350583 3915.800872 3922.960422 3921.693654 3907.637018
