tests/Borden05m/data_simulated/sim_1/output-maps/psiliqL0001N0003.asc
ncols         160
nrows         34
xllcorner     620200.000000
yllcorner     5168000.000000
cellsize      0.500000
NODATA_value  -9999.0
[rows 0 to 24 of 34, columns 0 to 56 of 160]
-9999.0 -9999.0 -9999.0 -9999.0 -9999.0 -9999.0 -9999.0 -9999.0 -9999.0 -9999.0 -9999.0 -9999.0 -9999.0 -9999.0 -9999.0 -9999.0 -9999.0 -9999.0 -9999.0 -9999.0 -9999.0 -9999.0 -9999.0 -9999.0 -9999.0 -9999.0 -9999.0 -9999.0 -9999.0 -9999.0 -9999.0 -9999.0 -9999.0 -9999.0 -9999.0 -9999.0 -9999.0 -9999.0 -9999.0 -9999.0 -9999.0 -9999.0 -9999.0 -9999.0 -9999.0 -9999.0 -9999.0 -9999.0 -9999.0 -9999.0 -9999.0 -9999.0 -9999.0 -9999.0 -9999.0 -9999.0 -9999.0
-9999.0 -9999.0 -9999.0 -9999.0 -9999.0 -9999.0 -9999.0 -9999.0 -9999.0 -9999.0 -9999.0 -9999.0 -9999.0 -9999.0 -9999.0 -9999.0 -9999.0 -9999.0 -9999.0 -9999.0 -9999.0 -9999.0 -9999.0 -9999.0 -9999.0 -9999.0 -9999.0 -9999.0 -9999.0 -9999.0 -9999.0 -9999.0 -9999.0 -9999.0 -9999.0 -9999.0 -9999.0 -9999.0 -9999.0 -9999.0 -9999.0 -9999.0 -9999.0 -9999.0 -9999.0 -9999.0 -9999.0 -9999.0 -9999.0 -9999.0 -9999.0 -9999.0 -9999.0 -9999.0 -9999.0 -9999.0 -9999.0
-9999.0 -9999.0 -9999.0 -9999.0 -9999.0 -9999.0 -9999.0 -9999.0 -9999.0 -9999.0 -9999.0 -9999.0 -9999.0 -9999.0 -9999.0 -9999.0 -9999.0 -9999.0 -9999.0 -9999.0 -9999.0 -9999.0 -9999.0 -9999.0 -9999.0 -9999.0 -9999.0 -9999.0 -9999.0 -9999.0 -9999.0 -9999.0 -9999.0 -9999.0 -9999.0 -9999.0 -9999.0 -9999.0 -9999.0 -9999.0 -9999.0 -9999.0 -9999.0 -9999.0 -9999.0 -9999.0 -9999.0 -515.995662 -520.313557 -525.664272 -527.281486 -521.386064 -519.304474 -517.528812 -516.646907 -515.920664 -514.394689
-9999.0 -9999.0 -9999.0 -9999.0 -9999.0 -9999.0 -9999.0 -9999.0 -9999.0 -9999.0 -9999.0 -9999.0 -9999.0 -9999.0 -9999.0 -9999.0 -9999.0 -9999.0 -9999.0 -9999.0 -9999.0 -9999.0 -9999.0 -9999.0 -9999.0 -9999.0 -9999.0 -9999.0 -9999.0 -9999.0 -9999.0 -9999.0 -9999.0 -9999.0 -9999.0 -9999.0 -9999.0 -9999.0 -9999.0 -9999.0 -518.580586 -516.558354 -514.734900 -517.518284 -518.367372 -517.566337 -520.263355 -523.658085 -527.235285 -525.827007 -525.815015 -528.994394 -525.263521 -522.504568 -522.081863 -521.901134 -519.726684
-9999.0 -9999.0 -9999.0 -9999.0 -9999.0 -9999.0 -9999.0 -9999.0 -9999.0 -9999.0 -9999.0 -9999.0 -9999.0 -9999.0 -9999.0 -9999.0 -9999.0 -9999.0 -9999.0 -9999.0 -9999.0 -9999.0 -9999.0 -9999.0 -9999.0 -9999.0 -9999.0 -9999.0 -9999.0 -9999.0 -9999.0 -9999.0 -9999.0 -9999.0 -525.445255 -521.733624 -520.488647 -519.395757 -517.335074 -518.566489 -519.657448 -517.892048 -519.526578 -519.341235 -521.081400 -524.540096 -527.963180 -529.762720 -527.079160 -527.802247 -527.947384 -526.242424 -525.509003 -525.688171 -523.556303 -519.726577 -522.714486
-9999.0 -9999.0 -9999.0 -9999.0 -9999.0 -9999.0 -9999.0 -9999.0 -9999.0 -9999.0 -9999.0 -9999.0 -9999.0 -9999.0 -9999.0 -9999.0 -9999.0 -9999.0 -9999.0 -9999.0 -9999.0 -9999.0 -9999.0 -9999.0 -9999.0 -9999.0 -9999.0 -9999.0 -519.181172 -520.670684 -521.780170 -521.622800 -522.158244 -524.430145 -525.245057 -525.242936 -523.598830 -520.683643 -520.588820 -521.352833 -521.346196 -522.268991 -524.576746 -524.705457 -521.867350 -523.938734 -524.645490 -525.880621 -529.770937 -530.782383 -528.672749 -526.834422 -525.444899 -525.595212 -526.030103 -526.883023 -527.315301
-9999.0 -9999.0 -9999.0 -9999.0 -9999.0 -9999.0 -9999.0 -9999.0 -9999.0 -9999.0 -9999.0 -9999.0 -9999.0 -9999.0 -9999.0 -9999.0 -9999.0 -9999.0 -9999.0 -9999.0 -9999.0 -9999.0 -9999.0 -521.259891 -519.866812 -519.474125 -518.306075 -519.023086 -522.182050 -524.087613 -524.870989 -525.551098 -527.256634 -527.566428 -527.870649 -527.183037 -526.908708 -523.791671 -526.110881 -527.682826 -524.863053 -525.735582 -523.634550 -521.240109 -521.736229 -521.038759 -525.247134 -528.393351 -524.945518 -523.729800 -524.182843 -525.347114 -524.763015 -523.997950 -523.046403 -520.927098 -518.099161
-9999.0 -9999.0 -9999.0 -9999.0 -9999.0 -9999.0 -9999.0 -9999.0 -9999.0 -9999.0 -9999.0 -9999.0 -9999.0 -9999.0 -9999.0 -9999.0 -9999.0 -9999.0 -9999.0 -520.502074 -520.991862 -521.963478 -521.678696 -524.857274 -526.241771 -525.527278 -524.046379 -525.086405 -526.839670 -528.318819 -528.152392 -527.992782 -528.481373 -526.442131 -524.947422 -524.794576 -525.875384 -523.637035 -523.380190 -522.312925 -518.498104 -521.427025 -524.126114 -525.530302 -525.638604 -526.571639 -524.196280 -523.579076 -523.621237 -524.363798 -524.779399 -524.594943 -524.854879 -522.404387 -520.572209 -519.590108 -518.990612
-9999.0 -9999.0 -9999.0 -9999.0 -9999.0 -9999.0 -9999.0 -9999.0 -9999.0 -9999.0 -9999.0 -9999.0 -9999.0 -9999.0 -9999.0 -9999.0 -520.284788 -520.570430 -521.781015 -523.814084 -525.520794 -525.624269 -524.468062 -526.816657 -527.676899 -527.319609 -528.484526 -527.526353 -526.469477 -525.160960 -524.644483 -526.402071 -526.342234 -526.913542 -527.537935 -527.381373 -524.824004 -522.648030 -522.833683 -521.430463 -518.203733 -520.636309 -521.513943 -521.388224 -523.002616 -522.358297 -517.325843 -518.943544 -522.301202 -517.401240 -515.273578 -517.257129 -518.698762 -516.285645 -512.732368 -508.742618 -501.311945
-9999.0 -9999.0 -9999.0 -9999.0 -9999.0 -9999.0 -9999.0 -9999.0 -9999.0 -9999.0 -9999.0 -9999.0 -9999.0 -520.024782 -520.331634 -520.135332 -523.275230 -525.628264 -527.089566 -529.162831 -526.869422 -528.743399 -529.449306 -529.184423 -527.171894 -527.338531 -527.330264 -526.229302 -526.976379 -527.887035 -528.785849 -530.459971 -529.075177 -527.784112 -527.159553 -525.332464 -524.315812 -523.941468 -522.219648 -522.709315 -521.745240 -522.968973 -525.263622 -525.863372 -524.583670 -520.440444 -518.014226 -518.378170 -513.327692 -508.580308 -507.582285 -505.068144 -504.747097 -504.289993 -501.476866 -490.516458 -478.709308
-9999.0 -9999.0 -9999.0 -9999.0 -9999.0 -9999.0 -9999.0 -9999.0 -9999.0 -9999.0 -524.129169 -522.593623 -524.833945 -529.134665 -531.032167 -530.232201 -529.395354 -531.115639 -531.247029 -527.158353 -525.039978 -529.332914 -526.785187 -526.978928 -528.940550 -528.782517 -527.985150 -528.226815 -526.053139 -526.424821 -526.952589 -523.307422 -522.930611 -522.506450 -521.736167 -521.039697 -520.988679 -516.498990 -513.101137 -515.148595 -509.644801 -506.455521 -510.628588 -512.306867 -512.242471 -509.347665 -504.514478 -497.537651 -493.105659 -484.694093 -477.508936 -473.262029 -470.263432 -466.074726 -461.079157 -445.445657 -417.018710
-9999.0 -9999.0 -9999.0 -9999.0 -9999.0 -9999.0 -9999.0 -9999.0 -529.990435 -527.611291 -526.154950 -528.050538 -530.551405 -535.195604 -533.575843 -532.078045 -531.158023 -529.664490 -529.120055 -528.780418 -530.249567 -529.121971 -526.768292 -527.901176 -527.945509 -526.553250 -527.000306 -526.039244 -524.346932 -526.406214 -526.095376 -525.003706 -524.196271 -523.577649 -522.704609 -523.008357 -518.864742 -513.537029 -508.256723 -504.538256 -498.424388 -490.156491 -492.975478 -492.735712 -493.565941 -483.794877 -472.683905 -459.920896 -442.882900 -418.134692 -393.031120 -378.918427 -369.241913 -355.457479 -332.216327 -287.589496 -186.566061
-9999.0 -9999.0 -9999.0 -9999.0 -9999.0 -9999.0 -533.333124 -528.233390 -525.787872 -531.801625 -536.379607 -537.866030 -540.570835 -534.696018 -529.639823 -528.912169 -528.418687 -527.794343 -528.667597 -532.639272 -525.309497 -528.029933 -530.190003 -528.408454 -529.111270 -529.437901 -528.590432 -526.119787 -525.932437 -520.908944 -518.247196 -516.422365 -513.062964 -511.764467 -510.426462 -509.203272 -502.857420 -494.270268 -484.519810 -475.233173 -465.291091 -451.499115 -446.133679 -441.834064 -432.937080 -419.359697 -396.305232 -364.211430 -286.802644 -175.123071 -131.798182 -118.553365 -109.382847 -98.706359 -82.637861 -58.742686 -26.330043
-9999.0 -9999.0 -9999.0 -9999.0 -530.044102 -529.065088 -530.322100 -525.989620 -523.017961 -530.384713 -527.790952 -529.109649 -531.520143 -534.501230 -538.092041 -535.855471 -534.698615 -534.039621 -534.972255 -528.032750 -522.419779 -527.668971 -525.417758 -520.215009 -522.598497 -522.702017 -523.325882 -521.948567 -519.033410 -515.803241 -505.813220 -498.118310 -494.893774 -490.198773 -485.797999 -479.614557 -469.309112 -454.146311 -432.525383 -402.941229 -372.739712 -341.484813 -309.451934 -272.673096 -195.098408 -154.332019 -129.329267 -101.001912 -60.490141 -14.603470 3.243573 3.487428 3.544614 3.665847 3.809270 4.027471 4.276016
-9999.0 -9999.0 -9999.0 -532.947964 -527.953959 -526.389954 -529.351794 -528.840520 -525.258889 -529.433676 -530.303832 -531.149010 -531.720691 -531.816992 -532.380532 -531.271424 -531.295267 -532.664325 -532.132647 -528.654323 -528.166916 -526.187193 -525.344537 -523.324928 -521.502771 -521.568727 -521.062320 -518.440295 -509.860908 -502.789613 -488.963861 -470.093397 -454.203136 -438.911415 -425.559328 -408.303965 -391.619506 -356.195864 -269.322528 -170.850973 -121.824907 -93.299382 -68.857546 -50.023937 -23.695852 -7.927822 3.123585 3.448266 3.747177 4.185213 4.588680 4.859984 4.990574 5.033298 5.240172 5.509817 10.100818
-9999.0 -9999.0 -531.662232 -528.886428 -531.351922 -528.136404 -524.571645 -528.177450 -523.843283 -522.798293 -528.204476 -525.779094 -524.801620 -528.379998 -526.972028 -525.370441 -524.566457 -528.473786 -531.669877 -528.131191 -519.605612 -514.435884 -515.110682 -499.273043 -492.855499 -488.684373 -488.623058 -482.616776 -474.278416 -454.627078 -421.723269 -383.385985 -332.326754 -233.102576 -176.333257 -149.670810 -128.307000 -106.014442 -61.630508 -20.047217 3.190062 3.616569 3.943731 4.108827 4.225400 4.484406 4.786020 5.054680 5.320772 7.147389 23.448321 23.281635 23.534776 23.647695 23.061906 23.539375 23.123438
-9999.0 -9999.0 -535.008238 -530.272745 -534.230083 -527.160231 -520.789119 -528.904033 -527.714364 -521.288208 -524.093141 -524.145427 -526.471240 -527.487920 -525.659705 -520.533010 -524.043081 -525.204953 -532.843961 -519.300673 -510.655177 -497.533021 -471.049035 -443.488300 -422.174718 -421.244642 -420.968651 -411.487889 -393.249270 -336.266648 -201.522878 -131.668793 -82.883918 -38.090756 -11.471924 3.112240 3.428186 3.685481 3.966699 4.602493 4.863572 5.117114 5.546696 18.235278 23.327810 23.849863 23.111705 23.574022 23.104926 23.376182 22.535701 19.869267 18.689011 19.015790 20.248329 15.539022 9.794236
-9999.0 -535.733395 -533.520888 -533.759627 -529.231842 -531.777399 -527.177040 -520.246073 -522.204048 -520.589469 -521.993168 -529.092785 -516.703118 -507.179290 -506.371433 -497.576053 -502.643318 -505.151381 -513.727969 -504.161074 -490.425000 -446.414803 -344.001037 -210.549137 -158.373080 -151.401353 -157.574966 -150.002859 -130.053654 -89.837921 -21.218467 3.445789 4.244182 4.862016 5.092154 5.080113 5.331317 10.978920 26.357885 28.585195 27.856096 28.384637 23.475432 23.214164 23.674266 23.007614 20.617529 14.646186 7.479904 5.521648 5.392577 5.191639 5.334484 5.589788 5.872399 5.377183 5.241613
-9999.0 -543.174526 -533.765720 -528.413903 -531.307714 -536.534729 -524.804709 -506.743579 -517.155756 -521.596824 -525.742422 -519.891498 -495.023525 -475.334902 -461.495084 -437.235975 -438.510121 -446.578107 -447.400711 -430.148406 -392.867890 -279.545230 -112.538235 -9.673345 3.160209 3.438676 3.528738 3.858604 4.296873 4.726693 5.175746 15.855382 17.739888 17.744919 17.606477 17.614381 17.586964 17.500299 14.166043 10.785934 6.429936 6.335165 9.290920 9.000243 6.778289 5.691369 5.437151 5.257091 5.186169 5.150839 5.166809 5.128210 5.102598 5.226844 5.121309 5.076023 4.990464
-9999.0 -535.356983 -524.416968 -527.779075 -537.905700 -526.111743 -523.312481 -513.450670 -507.922013 -516.349123 -510.536111 -480.286760 -431.526082 -365.053290 -281.797527 -192.881032 -165.414062 -170.423220 -160.871033 -131.361935 -85.092085 -18.044779 3.938201 5.440489 10.463407 10.455824 10.283738 10.171668 9.963132 9.644447 9.202053 6.681027 7.502145 9.182941 7.928823 5.819499 5.475089 5.209246 5.141189 5.124121 5.061793 5.076220 5.188881 5.324581 5.197499 5.162530 5.130630 5.093215 5.057517 4.994100 5.003049 4.977871 5.001839 4.933986 4.896272 4.861062 4.737571
-9999.0 -548.109275 -532.589003 -546.483732 -529.163976 -515.011097 -521.024092 -503.885187 -486.853157 -492.711418 -455.961643 -387.167795 -209.940074 -109.039224 -51.491594 -1.212059 3.521674 3.886323 4.330052 4.851406 7.176379 18.890958 18.981176 18.753008 10.401198 10.412407 5.535482 4.983912 4.854130 4.726932 4.771825 4.927901 5.014274 5.202048 5.038835 5.121521 5.192109 5.127502 5.154460 5.042298 4.958567 4.894355 4.878172 5.124876 4.968690 4.957588 4.891015 4.813928 4.736706 4.676808 4.610689 4.540416 4.549133 4.459457 4.506298 4.410394 3.858565
-9999.0 -557.048701 -546.561111 -539.033156 -523.999220 -514.303103 -506.579023 -488.913730 -450.007105 -429.589965 -375.064643 -279.310519 -110.860582 -7.842450 4.247676 4.986804 12.072847 12.121521 12.142579 5.706324 4.403681 4.282479 4.525477 4.893796 4.997498 5.158972 4.915288 4.797574 4.770191 4.840328 4.799940 4.796158 4.774916 4.722367 4.635775 4.668707 4.839988 4.737318 4.687291 4.670220 4.663470 4.594804 4.537624 4.497456 4.468755 4.488402 4.300149 4.051383 3.844098 3.724197 3.618142 3.539745 3.537164 3.458003 3.280644 -6.628844 -53.642110
-9999.0 -577.207034 -542.433044 -538.917387 -530.209315 -528.764810 -528.690705 -514.929267 -498.150298 -428.816913 -265.833943 -197.193577 -115.484598 -34.189413 3.423041 4.505149 4.651829 3.936502 3.540284 3.333844 3.456233 3.671016 3.924180 4.290550 4.537792 4.685196 4.698742 4.587590 4.372499 4.192391 4.014907 3.788518 3.646576 3.654034 3.606888 3.718778 3.814067 3.666045 3.527955 3.353934 3.209117 3.102161 3.085579 3.111189 3.059252 -3.334583 -23.791254 -54.641647 -79.251525 -95.352439 -104.627638 -110.354980 -116.863000 -126.591068 -142.164292 -178.181270 -293.734712
-9999.0 -9999.0 -558.583194 -538.353063 -536.633165 -534.527671 -533.369585 -521.371999 -512.586216 -471.592547 -436.165330 -386.564439 -324.603849 -194.332194 -122.906472 -84.027330 -76.280855 -63.162101 -83.276134 -81.242518 -74.379703 -62.952056 -40.047225 -12.649218 3.012473 3.209408 3.315138 3.285826 2.128199 -25.573907 -66.790614 -91.170163 -102.828895 -109.344536 -102.119909 -92.191646 -93.627623 -98.028703 -105.636893 -115.882385 -124.357898 -133.867820 -136.342202 -136.176621 -139.477957 -154.361682 -197.656644 -281.069986 -325.558339 -350.124895 -359.407121 -366.758594 -373.862568 -385.162138 -396.589566 -410.408401 -433.592534
-9999.0 -9999.0 -580.595929 -548.820020 -535.379971 -526.146188 -528.925096 -529.167007 -510.132989 -505.889372 -498.642662 -484.483065 -466.053056 -439.719149 -413.226008 -375.073849 -356.143329 -348.050285 -352.918389 -350.168094 -331.362157 -301.562915 -249.717104 -175.282904 -144.528109 -131.370074 -123.714103 -135.322990 -156.135648 -215.452395 -314.372041 -356.226802 -370.698055 -377.368445 -371.638988 -361.906064 -366.081912 -376.193001 -389.051694 -403.009932 -413.387664 -423.560855 -426.945300 -427.965786 -428.402183 -431.477697 -436.578381 -446.576512 -455.273260 -460.041733 -463.307510 -466.277630 -467.126627 -470.489826 -474.548861 -475.833277 -482.517602
