tests/Borden05m/data_simulated/sim_1/output-maps/psiliqL0009N0011.asc
ncols         160
nrows         34
xllcorner     620200.000000
yllcorner     5168000.000000
cellsize      0.500000
NODATA_value  -9999.0
[rows 0 to 25 of 34, columns 0 to 56 of 160]
-9999.0 -9999.0 -9999.0 -9999.0 -9999.0 -9999.0 -9999.0 -9999.0 -9999.0 -9999.0 -9999.0 -9999.0 -9999.0 -9999.0 -9999.0 -9999.0 -9999.0 -9999.0 -9999.0 -9999.0 -9999.0 -9999.0 -9999.0 -9999.0 -9999.0 -9999.0 -9999.0 -9999.0 -9999.0 -9999.0 -9999.0 -9999.0 -9999.0 -9999.0 -9999.0 -9999.0 -9999.0 -9999.0 -9999.0 -9999.0 -9999.0 -9999.0 -9999.0 -9999.0 -9999.0 -9999.0 -9999.0 -9999.0 -9999.0 -9999.0 -9999.0 -9999.0 -9999.0 -9999.0 -9999.0 -9999.0 -9999.0
-9999.0 -9999.0 -9999.0 -9999.0 -9999.0 -9999.0 -9999.0 -9999.0 -9999.0 -9999.0 -9999.0 -9999.0 -9999.0 -9999.0 -9999.0 -9999.0 -9999.0 -9999.0 -9999.0 -9999.0 -9999.0 -9999.0 -9999.0 -9999.0 -9999.0 -9999.0 -9999.0 -9999.0 -9999.0 -9999.0 -9999.0 -9999.0 -9999.0 -9999.0 -9999.0 -9999.0 -9999.0 -9999.0 -9999.0 -9999.0 -9999.0 -9999.0 -9999.0 -9999.0 -9999.0 -9999.0 -9999.0 -9999.0 -9999.0 -9999.0 -9999.0 -9999.0 -9999.0 -9999.0 -9999.0 -9999.0 -9999.0
-9999.0 -9999.0 -9999.0 -9999.0 -9999.0 -9999.0 -9999.0 -9999.0 -9999.0 -9999.0 -9999.0 -9999.0 -9999.0 -9999.0 -9999.0 -9999.0 -9999.0 -9999.0 -9999.0 -9999.0 -9999.0 -9999.0 -9999.0 -9999.0 -9999.0 -9999.0 -9999.0 -9999.0 -9999.0 -9999.0 -9999.0 -9999.0 -9999.0 -9999.0 -9999.0 -9999.0 -9999.0 -9999.0 -9999.0 -9999.0 -9999.0 -9999.0 -9999.0 -9999.0 -9999.0 -9999.0 -9999.0 -115.460180 -133.009236 -149.705594 -151.486611 -128.658173 -105.329424 -81.748768 -61.388913 -42.877507 -24.009374
-9999.0 -9999.0 -9999.0 -9999.0 -9999.0 -9999.0 -9999.0 -9999.0 -9999.0 -9999.0 -9999.0 -9999.0 -9999.0 -9999.0 -9999.0 -9999.0 -9999.0 -9999.0 -9999.0 -9999.0 -9999.0 -9999.0 -9999.0 -9999.0 -9999.0 -9999.0 -9999.0 -9999.0 -9999.0 -9999.0 -9999.0 -9999.0 -9999.0 -9999.0 -9999.0 -9999.0 -9999.0 -9999.0 -9999.0 -9999.0 -67.781021 -61.967544 -60.456026 -71.330840 -82.707185 -94.644508 -114.634008 -132.619712 -148.251326 -151.192139 -148.654176 -142.973611 -119.936578 -95.714163 -76.354680 -59.136462 -40.116647
-9999.0 -9999.0 -9999.0 -9999.0 -9999.0 -9999.0 -9999.0 -9999.0 -9999.0 -9999.0 -9999.0 -9999.0 -9999.0 -9999.0 -9999.0 -9999.0 -9999.0 -9999.0 -9999.0 -9999.0 -9999.0 -9999.0 -9999.0 -9999.0 -9999.0 -9999.0 -9999.0 -9999.0 -9999.0 -9999.0 -9999.0 -9999.0 -9999.0 -9999.0 -159.759778 -142.176215 -124.106276 -105.873491 -89.381202 -82.852549 -77.031904 -71.291584 -75.392282 -80.299094 -91.724209 -110.447661 -130.283260 -144.681289 -147.429453 -150.143706 -145.804719 -132.692180 -116.042326 -99.686918 -78.872771 -55.879792 -46.805965
-9999.0 -9999.0 -9999.0 -9999.0 -9999.0 -9999.0 -9999.0 -9999.0 -9999.0 -9999.0 -9999.0 -9999.0 -9999.0 -9999.0 -9999.0 -9999.0 -9999.0 -9999.0 -9999.0 -9999.0 -9999.0 -9999.0 -9999.0 -9999.0 -9999.0 -9999.0 -9999.0 -9999.0 -154.961260 -160.985374 -166.297913 -167.965676 -169.426001 -170.759112 -163.861181 -151.542888 -133.260934 -111.839258 -99.155964 -92.124807 -85.712358 -85.019481 -89.955275 -92.265543 -92.225035 -104.036498 -115.802539 -126.839518 -137.443978 -138.745954 -129.222294 -115.416019 -99.484851 -84.825817 -69.634350 -56.930889 -41.225626
-9999.0 -9999.0 -9999.0 -9999.0 -9999.0 -9999.0 -9999.0 -9999.0 -9999.0 -9999.0 -9999.0 -9999.0 -9999.0 -9999.0 -9999.0 -9999.0 -9999.0 -9999.0 -9999.0 -9999.0 -9999.0 -9999.0 -9999.0 -184.072309 -178.070641 -171.680334 -164.450846 -163.711611 -168.138939 -173.992135 -177.358665 -179.114213 -180.862674 -176.605731 -168.288446 -154.621586 -138.734123 -117.173312 -108.669290 -102.167585 -89.859557 -87.736770 -83.071219 -79.245815 -81.221130 -84.014817 -96.062206 -104.955988 -99.301377 -93.180732 -86.814500 -79.375161 -66.415061 -50.815225 -33.011255 -12.194906 9.788269
-9999.0 -9999.0 -9999.0 -9999.0 -9999.0 -9999.0 -9999.0 -9999.0 -9999.0 -9999.0 -9999.0 -9999.0 -9999.0 -9999.0 -9999.0 -9999.0 -9999.0 -9999.0 -9999.0 -208.749659 -208.020447 -207.149064 -202.708721 -201.844182 -199.727313 -192.843227 -184.838187 -182.899278 -184.649882 -186.484439 -185.125117 -182.627244 -178.582787 -167.174058 -153.363657 -139.230163 -125.103487 -104.295058 -89.612759 -75.783031 -59.769117 -61.222267 -65.791828 -68.092073 -67.782615 -67.250730 -61.332879 -57.608836 -51.726601 -45.814593 -38.708407 -29.641447 -18.615723 0.193966 21.062868 42.287910 62.618785
-9999.0 -9999.0 -9999.0 -9999.0 -9999.0 -9999.0 -9999.0 -9999.0 -9999.0 -9999.0 -9999.0 -9999.0 -9999.0 -9999.0 -9999.0 -9999.0 -236.895213 -235.158118 -233.211435 -228.016540 -225.678683 -221.907594 -215.226263 -214.341097 -210.655611 -203.719238 -198.885380 -190.506512 -182.815559 -175.619575 -169.819525 -167.252179 -159.602950 -149.948641 -138.015358 -122.321637 -100.399745 -77.690831 -61.413753 -44.749496 -27.950672 -27.629751 -28.855884 -27.789390 -26.909691 -18.814365 -0.212359 6.573497 10.484206 29.890874 45.004772 51.205818 59.428991 78.769108 104.131569 132.369995 166.844975
-9999.0 -9999.0 -9999.0 -9999.0 -9999.0 -9999.0 -9999.0 -9999.0 -9999.0 -9999.0 -9999.0 -9999.0 -9999.0 -281.184386 -277.128920 -268.090505 -260.025853 -257.971089 -254.247426 -248.749514 -236.800533 -233.490257 -227.466065 -220.026716 -208.785623 -200.443639 -191.350026 -179.669629 -171.276299 -164.123792 -157.028519 -150.458027 -136.666489 -121.136017 -105.045900 -84.618321 -62.827788 -41.562092 -20.193556 -4.635660 9.989181 13.798761 12.382825 14.460746 23.219941 42.433455 63.059628 77.005076 100.336913 126.108221 142.563203 157.593218 168.826681 183.906722 207.757965 248.096275 290.394508
-9999.0 -9999.0 -9999.0 -9999.0 -9999.0 -9999.0 -9999.0 -9999.0 -9999.0 -9999.0 -316.052529 -313.558694 -317.135538 -316.535433 -312.039765 -300.349999 -287.359198 -280.676282 -269.686685 -249.387304 -232.456805 -229.161792 -214.511668 -204.708397 -198.270354 -187.666749 -174.552512 -161.510075 -144.116576 -131.314057 -118.538577 -97.686830 -80.987905 -64.363878 -46.426241 -26.230715 -4.620191 26.405163 55.089055 70.722019 96.430439 111.845079 109.858726 110.954550 120.340011 140.302524 167.604992 198.550729 225.892739 256.848095 281.244817 299.755303 314.447108 330.993257 350.362155 385.614133 426.520935
-9999.0 -9999.0 -9999.0 -9999.0 -9999.0 -9999.0 -9999.0 -9999.0 -339.960920 -333.205730 -327.020327 -330.201976 -335.092926 -338.515886 -325.624955 -309.995036 -294.264045 -277.475291 -261.773738 -244.144411 -228.696071 -212.215939 -192.952689 -181.156920 -169.292301 -154.044290 -140.219538 -122.122384 -100.500740 -85.555221 -66.197125 -43.764585 -23.624940 -4.798067 14.626738 34.336631 64.869108 101.894583 137.741326 166.433806 198.715168 227.360087 230.321039 235.583773 242.844950 273.499813 310.270449 347.672255 379.503132 409.975288 440.497199 458.715844 470.929652 485.460123 502.733528 520.506214 545.847229
-9999.0 -9999.0 -9999.0 -9999.0 -9999.0 -9999.0 -365.617575 -341.571762 -326.934923 -334.872482 -343.240569 -346.719326 -350.367287 -331.025944 -309.832056 -293.183597 -276.737057 -259.647169 -243.543812 -228.984487 -193.837119 -177.290875 -162.182840 -142.283492 -128.006112 -113.682065 -95.987645 -71.907573 -48.128838 -14.577145 16.523786 45.148346 73.960554 96.149770 117.392880 140.026088 176.570791 219.824416 262.824191 299.640688 333.962026 368.306079 380.508372 388.303551 397.650247 417.708371 449.493613 481.524330 516.698512 548.988621 574.038221 585.867860 596.699942 609.102792 623.888851 638.053452 651.962754
-9999.0 -9999.0 -9999.0 -9999.0 -398.844889 -377.989348 -357.525592 -326.764553 -304.286249 -309.792729 -302.637117 -302.198335 -303.594663 -301.139753 -295.467663 -277.752270 -260.198383 -242.458110 -223.783598 -185.899523 -143.598623 -126.495070 -99.256144 -66.439570 -51.812446 -36.265806 -19.920553 4.442139 35.729287 73.764474 124.511171 169.190094 200.891431 228.815694 254.252411 282.857376 322.441062 365.597867 405.593119 442.429994 475.038257 501.867349 517.533589 526.256506 537.789324 552.647678 572.599219 599.249276 629.187918 660.842261 685.501496 700.229784 708.750729 720.257451 732.956147 747.613432 760.204674
-9999.0 -9999.0 -9999.0 -445.770896 -407.371668 -370.560444 -343.116486 -312.217840 -280.716846 -274.496325 -266.219826 -259.832477 -253.257645 -244.297578 -234.284230 -217.911667 -203.711112 -190.752441 -169.413883 -132.009228 -94.891029 -59.810301 -25.557455 6.760663 31.537008 49.116171 68.066048 95.114177 139.178806 184.658452 242.884152 304.801637 349.533676 378.881760 401.935087 429.807757 456.090759 491.879698 526.374709 558.722793 590.333126 616.168221 637.108234 645.448555 653.699209 661.983559 678.764237 699.708659 721.695196 750.351166 777.154512 799.270462 811.879459 821.842236 837.721638 853.295926 864.860336
-9999.0 -9999.0 -492.113621 -455.244571 -420.020738 -368.323481 -315.762332 -282.310690 -241.516862 -216.271430 -208.881608 -189.913787 -172.471528 -163.546924 -146.083930 -128.163827 -114.144692 -110.097156 -96.425128 -59.953604 -4.240534 48.386566 84.509168 145.206849 182.661373 209.443870 226.662846 256.011926 295.435981 346.456388 399.892717 451.489389 492.605952 524.943080 541.029029 559.455076 582.756682 604.520165 634.891774 663.185105 692.848205 719.398168 743.001064 752.050732 756.824810 770.455118 792.021669 814.348972 836.893819 858.185023 869.760692 875.875089 878.968854 881.437740 884.426948 886.576175 887.564835
-9999.0 -9999.0 -517.112126 -473.164864 -430.387808 -360.138919 -284.239768 -246.473791 -203.105011 -158.159092 -138.342671 -113.595925 -93.956964 -75.321341 -50.119825 -24.991660 -18.369017 -14.015403 -13.168518 44.225716 108.205332 177.675336 252.784166 323.399271 369.259676 383.308235 393.544743 413.861060 440.984990 486.808640 537.496454 588.179648 631.024763 660.610723 676.058062 692.679790 712.947987 730.051849 745.805329 779.497011 802.736262 826.140083 850.644013 869.605223 876.979465 878.673033 874.403473 879.062211 882.886139 885.106550 885.951216 883.196389 882.869290 883.859305 885.022347 880.098056 873.410361
-9999.0 -603.508535 -551.699184 -497.462882 -426.730904 -356.969550 -270.398534 -188.956965 -137.585509 -93.806728 -63.664426 -42.323488 12.690675 64.751410 95.331066 127.740163 128.714681 129.552154 123.153301 171.182740 233.359923 329.148334 447.175307 506.294759 543.594061 548.593546 545.996955 560.325561 585.924899 626.432049 686.382498 728.297300 773.102599 806.528539 818.803543 823.988602 839.702585 857.077752 860.299200 871.838375 877.656016 882.830746 882.650178 884.254726 885.231857 885.573249 882.605956 876.480989 869.087618 863.905252 860.041516 855.490440 858.016756 861.196298 861.772684 853.951353 844.967579
-9999.0 -637.523544 -577.211390 -504.532188 -432.207428 -354.529154 -241.583733 -110.897349 -62.368841 -25.441747 7.267195 56.011546 148.670341 223.362269 268.280856 316.439952 317.222182 308.088229 305.814365 343.325097 399.253084 475.736447 602.789128 685.234295 702.125482 714.142213 722.940427 746.481668 777.087784 805.672089 830.766037 844.020100 858.127526 865.012050 867.703419 869.297457 871.572080 871.899690 869.306840 866.295591 862.646020 863.693117 868.115731 868.455776 866.150493 863.304288 857.397726 848.798269 842.329979 837.111554 833.670575 829.857915 828.505659 828.686291 823.723321 815.929002 804.826199
-9999.0 -661.710622 -592.519714 -526.738836 -452.759903 -326.987949 -203.899570 -73.406665 18.202051 61.035626 113.770084 208.659502 316.161660 408.693993 462.071243 493.418315 508.543302 502.094443 516.276983 560.318543 621.429288 696.419506 761.722777 824.742428 836.413639 839.935228 832.050506 838.641112 844.848859 846.991854 848.984769 850.885474 856.808554 860.138523 859.706732 857.395091 852.790873 844.343422 838.828662 835.866624 832.966224 833.243214 836.409254 837.427677 835.029032 830.826278 825.009491 816.802674 808.958050 801.301559 796.656867 792.063396 789.683808 784.860883 779.357228 771.837716 757.251530
-9999.0 -748.804042 -664.918091 -602.964972 -468.050918 -301.692782 -176.968361 -21.662120 118.756844 177.098797 279.788411 394.400466 492.866275 562.043649 610.137877 661.476855 698.686230 727.300059 759.090419 751.974609 792.565982 825.977348 838.721327 845.974772 843.858249 845.581337 838.551897 819.754236 809.615164 803.493194 805.923556 813.806816 820.129644 826.203896 824.426686 824.423197 822.734582 816.703136 811.621694 803.375772 796.119750 791.132315 790.212609 795.677073 790.637377 786.690744 779.811085 770.360392 760.570979 751.970246 743.848576 736.686676 733.455523 727.473633 725.299769 716.908794 690.023097
-9999.0 -829.489034 -750.678869 -646.403201 -494.469513 -330.225250 -183.013732 -9.104464 191.152005 313.143654 425.460088 488.918595 560.682530 628.886047 699.037767 749.745190 779.625404 790.770120 788.866463 789.767580 759.953935 752.973819 768.475409 792.108656 802.858611 806.324968 796.770932 783.586613 775.447993 774.139356 773.349604 773.141648 772.598356 771.084226 767.822745 768.684484 771.577888 764.227478 755.445679 747.676217 741.050744 733.607198 728.673383 725.978000 724.183345 723.455067 715.587112 704.577616 693.505422 684.871686 676.656356 670.348595 667.671796 662.651401 655.484921 643.959177 616.888799
-9999.0 -916.464722 -801.505157 -698.523737 -562.675973 -421.779852 -283.356050 -111.500550 54.658613 279.104417 453.032177 518.032717 553.770655 605.758497 672.130318 740.142826 755.303257 730.451786 702.198218 683.564733 682.297235 689.408595 702.532823 722.347880 738.181809 746.289644 745.699310 735.893699 721.549745 712.972633 707.771627 699.418455 693.140808 692.219288 691.138886 696.283716 698.233803 688.428625 675.737688 660.992777 648.341667 639.006637 636.230613 637.197758 636.846828 633.519909 626.290466 615.823634 603.235923 591.657880 583.356695 577.296989 570.583042 561.307003 550.904396 539.158664 513.736471
-9999.0 -9999.0 -871.028120 -758.721017 -642.845028 -513.815219 -384.359938 -226.600425 -66.966569 130.505011 261.852859 370.700842 432.547271 480.325544 537.980388 592.866337 610.813045 624.810902 602.560938 600.697775 603.192397 607.649436 617.537685 629.841676 642.500946 650.972790 656.164320 653.263861 643.531899 627.672409 609.515346 595.490797 586.843148 580.408532 587.680833 597.563518 595.018977 588.092525 576.584527 561.802860 549.540069 537.035111 533.704832 534.397182 534.348205 531.307740 526.096164 513.223810 499.874654 486.794657 480.029807 473.053433 466.304760 454.561440 442.107789 428.065280 403.764413
-9999.0 -9999.0 -952.928740 -841.603516 -720.468029 -593.894133 -485.072156 -377.785354 -215.989492 -90.056507 17.653776 114.070484 195.056854 262.231775 312.995795 371.811463 404.493318 418.242652 427.917035 445.945055 467.652243 490.217668 505.971174 518.849155 531.720542 542.845980 550.797702 540.264116 529.501431 513.268175 492.638711 470.065106 457.474247 451.696848 454.476310 460.278613 454.732306 444.467355 429.958957 413.704014 400.661540 388.755433 384.681261 382.269947 381.278827 378.265840 374.312931 364.033446 350.627020 340.394785 330.674296 322.377862 316.908715 306.820511 294.022876 283.787968 261.768621
-9999.0 -9999.0 -9999.0 -913.660842 -815.557198 -729.816401 -632.253852 -555.549251 -458.516883 -342.209571 -236.319023 -132.728804 -64.882498 -8.081706 47.241853 99.616482 137.520893 160.896199 182.345256 237.280807 273.255091 315.815491 351.343195 368.478125 383.615798 398.454462 401.945218 392.910932 383.094873 366.837949 342.153383 316.154621 301.093108 301.084817 299.643766 300.219816 293.123295 286.410607 272.976252 257.913673 242.868549 232.620058 227.562534 222.202013 218.267057 213.782528 209.194645 201.876908 192.102819 181.790140 173.799637 169.605147 164.752050 158.535242 149.995478 140.515622 127.468927
