tests/Borden05m/data_simulated/sim_1/output-maps/psiliqL0000N0003.asc
ncols         160
nrows         34
xllcorner     620200.000000
yllcorner     5168000.000000
cellsize      0.500000
NODATA_value  -9999.0
[rows 0 to 25 of 34, columns 0 to 56 of 160]
-9999.0 -9999.0 -9999.0 -9999.0 -9999.0 -9999.0 -9999.0 -9999.0 -9999.0 -9999.0 -9999.0 -9999.0 -9999.0 -9999.0 -9999.0 -9999.0 -9999.0 -9999.0 -9999.0 -9999.0 -9999.0 -9999.0 -9999.0 -9999.0 -9999.0 -9999.0 -9999.0 -9999.0 -9999.0 -9999.0 -9999.0 -9999.0 -9999.0 -9999.0 -9999.0 -9999.0 -9999.0 -9999.0 -9999.0 -9999.0 -9999.0 -9999.0 -9999.0 -9999.0 -9999.0 -9999.0 -9999.0 -9999.0 -9999.0 -9999.0 -9999.0 -9999.0 -9999.0 -9999.0 -9999.0 -9999.0 -9999.0
-9999.0 -9999.0 -9999.0 -9999.0 -9999.0 -9999.0 -9999.0 -9999.0 -9999.0 -9999.0 -9999.0 -9999.0 -9999.0 -9999.0 -9999.0 -9999.0 -9999.0 -9999.0 -9999.0 -9999.0 -9999.0 -9999.0 -9999.0 -9999.0 -9999.0 -9999.0 -9999.0 -9999.0 -9999.0 -9999.0 -9999.0 -9999.0 -9999.0 -9999.0 -9999.0 -9999.0 -9999.0 -9999.0 -9999.0 -9999.0 -9999.0 -9999.0 -9999.0 -9999.0 -9999.0 -9999.0 -9999.0 -9999.0 -9999.0 -9999.0 -9999.0 -9999.0 -9999.0 -9999.0 -9999.0 -9999.0 -9999.0
-9999.0 -9999.0 -9999.0 -9999.0 -9999.0 -9999.0 -9999.0 -9999.0 -9999.0 -9999.0 -9999.0 -9999.0 -9999.0 -9999.0 -9999.0 -9999.0 -9999.0 -9999.0 -9999.0 -9999.0 -9999.0 -9999.0 -9999.0 -9999.0 -9999.0 -9999.0 -9999.0 -9999.0 -9999.0 -9999.0 -9999.0 -9999.0 -9999.0 -9999.0 -9999.0 -9999.0 -9999.0 -9999.0 -9999.0 -9999.0 -9999.0 -9999.0 -9999.0 -9999.0 -9999.0 -9999.0 -9999.0 -517.573249 -522.018375 -527.531702 -529.195633 -523.129380 -521.005092 -519.200706 -518.319128 -517.598287 -516.054008
-9999.0 -9999.0 -9999.0 -9999.0 -9999.0 -9999.0 -9999.0 -9999.0 -9999.0 -9999.0 -9999.0 -9999.0 -9999.0 -9999.0 -9999.0 -9999.0 -9999.0 -9999.0 -9999.0 -9999.0 -9999.0 -9999.0 -9999.0 -9999.0 -9999.0 -9999.0 -9999.0 -9999.0 -9999.0 -9999.0 -9999.0 -9999.0 -9999.0 -9999.0 -9999.0 -9999.0 -9999.0 -9999.0 -9999.0 -9999.0 -520.315009 -518.233008 -516.347302 -519.209965 -520.071105 -519.224385 -521.986473 -525.474057 -529.153737 -527.698341 -527.688104 -530.970965 -527.142746 -524.324286 -523.914390 -523.751754 -521.536656
-9999.0 -9999.0 -9999.0 -9999.0 -9999.0 -9999.0 -9999.0 -9999.0 -9999.0 -9999.0 -9999.0 -9999.0 -9999.0 -9999.0 -9999.0 -9999.0 -9999.0 -9999.0 -9999.0 -9999.0 -9999.0 -9999.0 -9999.0 -9999.0 -9999.0 -9999.0 -9999.0 -9999.0 -9999.0 -9999.0 -9999.0 -9999.0 -9999.0 -9999.0 -527.295799 -523.478888 -522.211690 -521.103952 -518.995225 -520.277875 -521.413799 -519.596700 -521.279360 -521.080954 -522.862911 -526.408726 -529.919450 -531.762445 -528.992968 -529.736581 -529.889455 -528.141359 -527.402433 -527.605245 -525.431150 -521.510261 -524.611346
-9999.0 -9999.0 -9999.0 -9999.0 -9999.0 -9999.0 -9999.0 -9999.0 -9999.0 -9999.0 -9999.0 -9999.0 -9999.0 -9999.0 -9999.0 -9999.0 -9999.0 -9999.0 -9999.0 -9999.0 -9999.0 -9999.0 -9999.0 -9999.0 -9999.0 -9999.0 -9999.0 -9999.0 -520.830929 -522.364723 -523.506634 -523.342311 -523.893909 -526.239548 -527.086742 -527.094630 -525.414032 -522.427264 -522.345380 -523.143961 -523.146010 -524.099530 -526.474645 -526.604664 -523.673756 -525.796736 -526.511411 -527.773100 -531.774767 -532.814025 -530.647183 -528.765917 -527.350745 -527.524315 -527.993865 -528.884128 -529.359801
-9999.0 -9999.0 -9999.0 -9999.0 -9999.0 -9999.0 -9999.0 -9999.0 -9999.0 -9999.0 -9999.0 -9999.0 -9999.0 -9999.0 -9999.0 -9999.0 -9999.0 -9999.0 -9999.0 -9999.0 -9999.0 -9999.0 -9999.0 -522.952856 -521.516677 -521.116298 -519.915489 -520.657527 -523.919382 -525.882785 -526.689295 -527.390016 -529.147979 -529.471272 -529.790573 -529.092481 -528.824123 -525.630299 -528.033985 -529.661143 -526.765298 -527.669971 -525.509961 -523.041490 -523.550720 -522.824318 -527.151144 -530.383415 -526.827913 -525.577630 -526.053763 -527.266118 -526.681422 -525.912741 -524.956588 -522.802602 -519.922966
-9999.0 -9999.0 -9999.0 -9999.0 -9999.0 -9999.0 -9999.0 -9999.0 -9999.0 -9999.0 -9999.0 -9999.0 -9999.0 -9999.0 -9999.0 -9999.0 -9999.0 -9999.0 -9999.0 -522.150845 -522.657809 -523.663018 -523.372347 -526.655497 -528.085766 -527.353106 -525.830112 -526.906474 -528.713986 -530.239430 -530.068318 -529.905298 -530.412868 -528.316770 -526.785497 -526.640937 -527.769709 -525.482135 -525.234580 -524.148855 -520.229228 -523.254679 -526.035391 -527.481276 -527.592227 -528.552836 -526.101417 -525.464320 -525.516493 -526.286496 -526.722630 -526.546633 -526.834207 -524.337326 -522.485225 -521.515503 -520.941514
-9999.0 -9999.0 -9999.0 -9999.0 -9999.0 -9999.0 -9999.0 -9999.0 -9999.0 -9999.0 -9999.0 -9999.0 -9999.0 -9999.0 -9999.0 -9999.0 -521.906046 -522.202158 -523.454708 -525.558642 -527.324047 -527.433293 -526.244089 -528.669794 -529.559428 -529.195464 -530.400152 -529.418538 -528.334214 -526.988581 -526.459580 -528.275322 -528.218278 -528.815632 -529.470304 -529.322464 -526.705678 -524.488652 -524.702467 -523.278381 -519.972384 -522.485367 -523.387759 -523.257487 -524.922567 -524.264206 -519.095944 -520.776842 -524.242914 -519.215083 -517.047860 -519.107628 -520.613578 -518.170965 -514.570497 -510.531670 -502.973868
-9999.0 -9999.0 -9999.0 -9999.0 -9999.0 -9999.0 -9999.0 -9999.0 -9999.0 -9999.0 -9999.0 -9999.0 -9999.0 -521.605031 -521.923981 -521.727229 -524.980542 -527.412551 -528.924292 -531.068054 -528.708693 -530.644469 -531.375999 -531.106832 -529.039235 -529.217000 -529.214301 -528.086658 -528.863526 -529.808313 -530.740201 -532.467805 -531.049621 -529.731542 -529.102738 -527.240567 -526.220963 -525.864070 -524.119448 -524.653924 -523.684005 -524.947668 -527.310536 -527.931098 -526.623680 -522.383760 -519.923976 -520.323607 -515.162147 -510.331942 -509.349276 -506.797306 -506.498808 -506.077566 -503.262372 -492.121940 -480.145911
-9999.0 -9999.0 -9999.0 -9999.0 -9999.0 -9999.0 -9999.0 -9999.0 -9999.0 -9999.0 -525.839730 -524.252861 -526.564475 -530.999066 -532.959471 -532.140349 -531.285106 -533.060848 -533.202943 -528.997476 -526.822876 -531.254674 -528.633490 -528.840246 -530.868560 -530.711727 -529.898368 -530.156840 -527.926629 -528.320781 -528.873702 -525.129359 -524.759825 -524.343443 -523.573327 -522.886761 -522.867996 -518.287957 -514.841597 -516.992104 -511.371119 -508.112211 -512.410908 -514.139503 -514.095829 -511.162352 -506.258637 -499.164600 -494.688610 -486.132633 -478.840496 -474.554192 -471.531642 -467.291154 -462.217453 -446.258944 -417.270471
-9999.0 -9999.0 -9999.0 -9999.0 -9999.0 -9999.0 -9999.0 -9999.0 -531.878177 -529.427586 -527.925438 -529.879715 -532.457213 -537.239278 -535.577347 -534.039611 -533.098010 -531.567435 -531.013480 -530.673569 -532.196315 -531.041492 -528.627317 -529.803648 -529.856713 -528.432195 -528.904838 -527.927161 -526.202883 -528.339101 -528.035698 -526.939412 -526.134531 -525.527135 -524.661647 -525.012736 -520.799876 -515.395706 -510.051251 -506.304361 -500.113850 -491.695938 -494.598227 -494.348916 -495.204799 -485.260819 -474.003532 -461.065620 -443.612502 -418.365348 -393.142361 -379.080857 -369.457943 -355.731763 -332.554131 -288.257449 -189.315238
-9999.0 -9999.0 -9999.0 -9999.0 -9999.0 -9999.0 -535.311425 -530.061656 -527.543777 -533.743420 -538.449185 -539.975199 -542.753596 -536.726278 -531.523833 -530.781487 -530.280327 -529.645154 -530.554991 -534.652075 -527.108567 -529.932521 -532.169350 -530.342338 -531.081165 -531.432750 -530.576952 -528.055827 -527.890696 -522.750577 -520.050099 -518.220066 -514.817886 -513.532046 -512.207267 -511.008633 -504.581367 -495.890039 -486.019392 -476.621548 -466.571565 -452.590709 -447.076420 -442.543811 -433.196374 -419.471307 -396.358127 -364.168011 -287.520219 -177.867140 -134.619004 -121.422852 -112.289485 -101.655567 -85.633424 -61.769156 -29.364749
-9999.0 -9999.0 -9999.0 -9999.0 -531.911578 -530.907976 -532.208865 -527.749042 -524.688945 -532.290185 -529.612892 -530.969624 -533.450201 -536.526584 -540.230129 -537.934451 -536.753366 -536.086061 -537.053062 -529.913495 -524.161926 -529.592086 -527.289032 -521.956087 -524.435483 -524.564452 -525.234450 -523.853647 -520.898581 -517.647066 -507.465334 -499.666643 -496.453160 -491.701525 -487.257888 -481.014910 -470.613431 -455.260793 -433.177005 -403.195085 -372.964387 -341.916073 -310.150006 -273.569601 -197.570263 -157.071781 -132.139715 -103.900155 -63.483698 -17.641870 0.017143 0.033630 0.035428 0.040286 0.044923 0.053063 0.062070
-9999.0 -9999.0 -9999.0 -534.883358 -529.743952 -528.145052 -531.208998 -530.693128 -527.012094 -531.315376 -532.217023 -533.083517 -533.666859 -533.766550 -534.345045 -533.212314 -533.250981 -534.679244 -534.148414 -530.593544 -530.125475 -528.113654 -527.292059 -525.251382 -523.410877 -523.512844 -523.033670 -520.393327 -511.665841 -504.513143 -490.473166 -471.337998 -455.192745 -439.410048 -425.798994 -408.463791 -391.797835 -356.259163 -270.574089 -173.657567 -124.705923 -96.262421 -71.879932 -53.060094 -26.720840 -10.962990 0.002922 0.024024 0.036178 0.052771 0.077845 0.110320 0.131516 0.131054 0.164952 0.269396 5.059178
-9999.0 -9999.0 -533.544297 -530.693034 -533.240320 -529.933270 -526.274666 -530.014804 -525.561716 -524.491415 -530.072883 -527.574671 -526.572555 -530.264809 -528.819217 -527.179056 -526.372360 -530.412930 -533.730835 -530.111110 -521.390080 -516.147684 -516.901318 -500.699559 -494.203712 -490.007293 -490.018199 -483.961025 -475.561674 -455.569394 -422.065861 -383.580394 -332.570836 -235.095737 -179.033997 -152.439242 -131.149415 -108.946833 -64.652751 -23.110403 0.006698 0.031540 0.050331 0.060811 0.057953 0.069035 0.086681 0.114941 0.161455 1.983508 18.183308 18.662999 18.758593 18.272819 18.762072 18.302551 18.537550
-9999.0 -9999.0 -536.980800 -532.111600 -536.191525 -528.907060 -522.373849 -530.770985 -529.569555 -522.973509 -525.884355 -525.962735 -528.361678 -529.406117 -527.550078 -522.288954 -525.933081 -527.139230 -535.006067 -521.153818 -512.384905 -499.026519 -471.948886 -443.740706 -422.231105 -421.379953 -421.172020 -411.739399 -393.462996 -336.483489 -204.210126 -134.528139 -85.870673 -41.153940 -14.541220 0.000642 0.022927 0.035857 0.044599 0.077074 0.096949 0.130251 0.290484 13.014884 18.789064 18.195887 18.706698 18.186164 18.564006 18.183726 18.156578 14.718533 13.877927 14.552797 15.099330 10.862199 4.799508
-9999.0 -537.702985 -535.432940 -535.684651 -531.024416 -533.662284 -528.943677 -521.835991 -523.926568 -522.320713 -523.809026 -531.141138 -518.411285 -508.676997 -507.909912 -498.893316 -504.119563 -506.706177 -515.529918 -505.823135 -491.866325 -446.872124 -343.820717 -212.946377 -161.034324 -154.097089 -160.299566 -152.793772 -132.933152 -92.839043 -24.336509 0.019474 0.056917 0.111879 0.159090 0.119107 0.180492 5.910249 21.653994 22.931921 23.534268 23.175620 18.573582 18.842782 18.246768 18.781384 15.395217 9.960344 2.550252 0.468036 0.369055 0.224699 0.318598 0.526442 0.781255 0.336170 0.266392
-9999.0 -545.351158 -535.670119 -530.158768 -533.154666 -538.528202 -526.455889 -507.940711 -518.805669 -523.459699 -527.775869 -521.789337 -496.368097 -476.346419 -462.149452 -437.300597 -438.583151 -446.793281 -447.712665 -430.392033 -392.778785 -280.836218 -115.410033 0.000022 0.006348 0.028266 0.031281 0.046543 0.071986 0.107369 0.174099 10.936614 12.892921 12.937990 12.817662 12.859882 12.749506 12.783814 9.291933 5.968318 1.641137 1.399239 4.466592 4.257473 1.823476 0.619494 0.390766 0.294528 0.268073 0.254476 0.268939 0.244073 0.223637 0.325490 0.247412 0.226570 0.189783
-9999.0 -537.277820 -526.010904 -529.483662 -539.902821 -527.744983 -524.944868 -514.922179 -509.394997 -518.212492 -512.314503 -481.409264 -431.654515 -364.848163 -282.524159 -195.375202 -167.982454 -172.985513 -163.470203 -134.075177 -87.970163 -21.168557 0.040178 0.368889 5.437568 5.414516 5.286942 5.125089 4.910323 4.614396 4.201942 1.717786 2.595434 4.353060 3.076113 0.821775 0.471564 0.298731 0.272317 0.248739 0.199457 0.185550 0.241337 0.390386 0.265070 0.258256 0.242330 0.227624 0.215563 0.196647 0.201269 0.189858 0.211278 0.181656 0.184795 0.167043 0.125931
-9999.0 -550.333570 -534.389979 -548.672356 -530.786976 -516.261489 -522.581570 -505.075278 -487.899870 -494.217418 -456.873622 -387.080666 -212.346711 -111.784017 -54.412081 -4.225720 0.036675 0.060863 0.107373 0.590056 2.319971 13.880237 13.928444 13.828910 5.489216 5.443790 0.483814 0.196711 0.169230 0.137951 0.152306 0.194652 0.211013 0.306006 0.168866 0.242937 0.306866 0.244190 0.248852 0.201330 0.177204 0.150151 0.127032 0.253354 0.171315 0.188186 0.163530 0.145388 0.132673 0.126141 0.116378 0.106818 0.118516 0.097726 0.115475 0.090698 0.050173
-9999.0 -559.494683 -548.732342 -540.942890 -525.417656 -515.456045 -507.514940 -489.504692 -450.158766 -430.204219 -375.543402 -280.665075 -113.705626 -10.744069 0.121210 0.395436 7.438722 7.441087 7.424204 0.855986 0.072679 0.061079 0.091805 0.149469 0.193630 0.322429 0.192245 0.163099 0.149241 0.176527 0.148276 0.156417 0.149025 0.127977 0.090672 0.112112 0.198691 0.129904 0.117043 0.111545 0.108499 0.096494 0.090566 0.089874 0.084264 0.106407 0.081984 0.067592 0.057766 0.053781 0.047882 0.043351 0.049082 0.041147 0.025335 -9.681061 -56.651315
-9999.0 -580.059334 -544.466118 -540.827577 -531.820933 -530.353535 -530.302611 -516.248384 -499.254743 -428.942176 -267.410889 -199.799955 -118.246997 -37.049996 0.032884 0.155277 0.258715 0.055121 0.033806 0.023087 0.030361 0.046476 0.057177 0.075384 0.094746 0.147252 0.139805 0.111406 0.082965 0.075240 0.070923 0.053317 0.043059 0.051631 0.037657 0.052653 0.076753 0.048944 0.039147 0.027461 0.017717 0.009570 0.008786 0.012930 0.004900 -6.341354 -26.812643 -57.671820 -82.256806 -98.319236 -107.568064 -113.271897 -119.758361 -129.454291 -144.997162 -180.964230 -294.240118
-9999.0 -9999.0 -561.016923 -540.244629 -538.459856 -536.290941 -535.086325 -522.759297 -513.876262 -472.044102 -436.263812 -386.404820 -324.437822 -196.743678 -125.519203 -86.827445 -79.162296 -66.048462 -86.142826 -84.113949 -77.291570 -65.906468 -43.023943 -15.628577 0.000700 0.020216 0.035068 0.028170 -0.887249 -28.581259 -69.780643 -94.111181 -105.734678 -112.231968 -105.016993 -95.111364 -96.541418 -100.910302 -108.472266 -118.664253 -127.094900 -136.566122 -139.025369 -138.854678 -142.151513 -157.013660 -199.863337 -281.680902 -325.867582 -350.340414 -359.600100 -366.905298 -373.974323 -385.234342 -396.663346 -410.617840 -434.366284
-9999.0 -9999.0 -583.504694 -550.980240 -537.144483 -527.628372 -530.487997 -530.655769 -511.072162 -506.837310 -499.579703 -485.250698 -466.489975 -439.549542 -412.943929 -374.867100 -356.152415 -348.126917 -352.934394 -350.236393 -331.557135 -301.991221 -250.858555 -177.890508 -147.209531 -134.091860 -126.453277 -138.042728 -158.820041 -217.539123 -314.532061 -356.361256 -370.869515 -377.545982 -371.834883 -362.161290 -366.298733 -376.339663 -389.120169 -403.018973 -413.337325 -423.483797 -426.830632 -427.838294 -428.279293 -431.428209 -436.768185 -447.276367 -456.267680 -461.157037 -464.473633 -467.491415 -468.347131 -471.762570 -475.883186 -477.170537 -483.974017
-9999.0 -9999.0 -9999.0 -580.090689 -559.809977 -544.341171 -538.786675 -548.240427 -543.308062 -533.336344 -527.539605 -518.303548 -514.059452 -509.202841 -502.151481 -490.026409 -484.193874 -484.674338 -489.132063 -473.326845 -468.492151 -454.308069 -439.936278 -430.717200 -419.247342 -408.222753 -404.976860 -412.908106 -421.865590 -436.578316 -453.732460 -466.431524 -472.727764 -471.535799 -471.217957 -468.623483 -471.162557 -472.729007 -477.534660 -482.053827 -486.582970 -490.044688 -490.703003 -491.923837 -492.329013 -493.337654 -494.064131 -496.145628 -498.306477 -500.548924 -502.799133 -502.825572 -503.057965 -503.812433 -504.817551 -504.962468 -505.226947
