tests/Borden05m/data_simulated/sim_1/output-maps/psiliqL0024N0013.asc
ncols         160
nrows         34
xllcorner     620200.000000
yllcorner     5168000.000000
cellsize      0.500000
NODATA_value  -9999.0
[rows 0 to 24 of 34, columns 55 to 109 of 160]
-9999.0 -9999.0 -9999.0 -9999.0 -9999.0 -9999.0 -9999.0 -9999.0 -9999.0 -9999.0 -9999.0 -9999.0 -9999.0 -9999.0 -9999.0 -9999.0 -9999.0 -9999.0 -9999.0 -9999.0 -9999.0 -9999.0 -9999.0 -9999.0 -9999.0 -9999.0 -9999.0 -9999.0 -9999.0 -9999.0 -9999.0 -9999.0 -9999.0 -9999.0 -9999.0 -9999.0 -9999.0 -9999.0 -9999.0 -9999.0 -9999.0 -9999.0 -9999.0 -9999.0 -9999.0 -9999.0 -9999.0 -9999.0 -9999.0 -9999.0 -9999.0 -9999.0 -9999.0 -9999.0 -9999.0
-9999.0 -9999.0 -9999.0 -9999.0 2999.940314 2994.608710 2989.763490 2985.432375 2983.397196 2974.297312 2966.439066 2962.369272 2961.320867 2960.563753 2960.040724 2965.026137 2973.127398 2980.782303 2987.562407 2982.303655 2984.303645 2986.155916 2986.377545 2985.186474 2982.236967 2987.015730 2983.808974 2982.165106 2974.729459 2963.592732 2955.229271 2952.540743 2956.749943 2961.096826 2963.551902 2968.805838 2979.194725 2989.602717 2989.913566 3001.701982 3008.520280 3013.855070 3016.537364 3012.580358 3009.329664 3005.449847 2999.819372 2988.769162 -9999.0 -9999.0 -9999.0 -9999.0 -9999.0 -9999.0 -9999.0
2951.476548 2969.838592 2984.160443 2987.264334 2982.120322 2977.231636 2974.122649 2972.453628 2968.249834 2959.790392 2954.712061 2949.298314 2946.816659 2946.876921 2946.836012 2950.618000 2961.335874 2969.194394 2973.814396 2976.367127 2979.182937 2977.811553 2977.079604 2976.850655 2973.963535 2970.598021 2967.224632 2965.395325 2966.713153 2959.135903 2953.227108 2949.401472 2946.626894 2949.295725 2951.954036 2956.343663 2965.521681 2973.405824 2981.047965 2987.656779 3000.041970 3005.683808 3003.197705 2998.626847 2995.227119 2988.301683 2985.186654 2975.296901 2967.080543 2960.798091 2955.338994 2948.934758 2955.184448 2962.753464 2972.050569
2935.050299 2954.248242 2974.587783 2977.211734 2966.958123 2959.179932 2952.663337 2953.181559 2956.580461 2953.353073 2948.604734 2941.263477 2951.033654 2952.086118 2952.878455 2956.121099 2958.259203 2963.111366 2965.593855 2970.927878 2979.849544 2982.617320 2983.054715 2983.107501 2981.140877 2977.896638 2975.954017 2973.163082 2967.896328 2966.199371 2965.931677 2964.781495 2968.951342 2970.115273 2973.177225 2967.530622 2971.802206 2977.985896 2984.533740 2989.889994 2986.996728 2989.434604 2986.222159 2987.016566 2987.152759 2973.670356 2964.022861 2956.422908 2956.303148 2953.257269 2945.271205 2931.616272 2939.638783 2955.556779 2960.207034
2939.709698 2948.658236 2959.361451 2961.931843 2956.913195 2959.017508 2960.806071 2962.087135 2960.301397 2956.868495 2952.859828 2963.539534 2971.583417 2972.967037 2975.466047 2979.428997 2980.523586 2969.578254 2967.501053 2974.864873 2984.143325 2989.299290 2989.448087 2989.100091 2985.647668 2984.494771 2984.249655 2982.382545 2982.040851 2983.699292 2981.598678 2984.761067 2990.035584 2983.506626 2987.667146 2979.358475 2981.391808 2989.540607 2988.494152 2995.670528 3005.586125 3016.494628 3016.670297 3012.127907 3004.041386 2991.973779 2978.693680 2961.099097 2950.061098 2942.115805 2934.809532 2937.252117 2932.700429 2946.024003 2947.693980
2927.447757 2947.507618 2967.293049 2973.394131 2967.410402 2963.501235 2962.063162 2962.736333 2961.953283 2962.793642 2972.037735 2983.848441 2985.655390 2987.159879 2988.902638 2988.030820 2990.686529 2980.612711 2977.791977 2991.024881 2996.739008 3004.086299 3003.632460 2999.738634 3003.305070 3003.122725 3003.225983 2999.586604 3000.442464 2998.548797 3004.568595 3012.174891 3019.952224 3018.128665 3006.221365 2994.081217 2993.838749 2998.929518 3004.970229 3012.379981 3022.595975 3031.888223 3027.174538 3021.897578 3014.363593 2988.978477 2976.252462 2962.243087 2962.078515 2962.677793 2958.519014 2956.281855 2954.940474 2950.325153 2950.378794
2964.594880 2983.784499 2994.386818 3007.141775 3000.842898 2993.129612 2984.286287 2984.369012 2984.969755 2990.912450 3001.411933 3014.565163 3035.924022 3035.637815 3036.289837 3035.444669 3023.142708 3010.032266 2999.832747 3021.120525 3031.478530 3038.707548 3036.666017 3042.372294 3051.090899 3047.309465 3040.723216 3028.912387 3034.557378 3041.768973 3056.814015 3064.505146 3069.526391 3065.463279 3052.054810 3045.494229 3046.600502 3052.449508 3053.134613 3061.207835 3070.265275 3085.288170 3084.231144 3080.254465 3060.249642 3023.627078 2994.756556 2992.327523 2992.031404 2986.404130 2990.391745 2989.901535 2978.348958 2970.564668 2973.080588
2988.830221 3002.194019 3018.025685 3034.499426 3026.037433 3015.636101 2999.485962 2996.580885 3001.045023 3010.936567 3028.373185 3046.776401 3066.978637 3066.899922 3061.638027 3071.004265 3064.137987 3053.498843 3045.826303 3065.527541 3075.796185 3086.015707 3092.237039 3104.772761 3115.279760 3099.820684 3083.547806 3073.941397 3080.620770 3105.184890 3126.684275 3131.478502 3130.867340 3130.819795 3116.551961 3111.487010 3107.624947 3107.166973 3104.116309 3101.982300 3126.239163 3147.060663 3146.770905 3125.223200 3102.607539 3064.028618 3026.712637 3001.991741 3012.730374 3009.801757 3013.151171 3002.631030 2990.665391 2982.804084 2989.992826
3040.698743 3063.021623 3079.706839 3100.989483 3093.207410 3070.980078 3056.074248 3058.778787 3071.914507 3079.568097 3097.248758 3115.137315 3141.541945 3154.810029 3166.965882 3168.677250 3163.499925 3154.915314 3142.714818 3146.778700 3169.429832 3178.662014 3187.141564 3195.795880 3208.308191 3209.420071 3203.151170 3201.489619 3205.624185 3218.037830 3231.568318 3238.254578 3241.642255 3244.686621 3232.989663 3220.571462 3217.944316 3212.052284 3210.047073 3209.095162 3219.283262 3238.475061 3235.637873 3201.047236 3174.638300 3142.694366 3105.010765 3075.792318 3068.288843 3085.642889 3082.610192 3066.507964 3055.049581 3028.176095 3022.120683
3111.756771 3144.659143 3169.061304 3177.487151 3185.406755 3171.921275 3170.160154 3174.045566 3181.991431 3185.148751 3191.532930 3223.619410 3257.230193 3282.582193 3305.307551 3312.438833 3300.445377 3290.627644 3277.319674 3268.391115 3278.310709 3294.938312 3312.344105 3327.287991 3338.535795 3340.821741 3339.287881 3339.364701 3342.279549 3345.245627 3349.326211 3357.411672 3364.956706 3373.520617 3381.966035 3372.264341 3355.657524 3346.015023 3336.388942 3335.069798 3336.143332 3339.297038 3340.356149 3325.183096 3285.057730 3254.346168 3222.654254 3202.110766 3188.170330 3186.444362 3170.764927 3147.202561 3097.153019 3060.033411 3028.735526
3196.654777 3239.660813 3268.703679 3286.412540 3299.180042 3296.793121 3298.498415 3299.549720 3303.386079 3305.964321 3309.125023 3335.103303 3375.599467 3414.427800 3445.274373 3445.574892 3432.357404 3421.105606 3411.786420 3397.893470 3394.002714 3405.933112 3420.722643 3440.400907 3450.931737 3457.480269 3454.520352 3454.760649 3456.371558 3458.659005 3460.743342 3464.145337 3473.436604 3488.066959 3502.142010 3501.546271 3483.382623 3465.602397 3449.472785 3446.450924 3443.620790 3438.682164 3440.853555 3442.717319 3428.159453 3397.946258 3359.221440 3318.893496 3301.193753 3285.595188 3274.850695 3258.448732 3220.522862 3159.013423 3121.388001
3311.035009 3343.968694 3372.501957 3402.535827 3417.681336 3420.454316 3418.130971 3417.217261 3424.139351 3427.195089 3433.293362 3449.724958 3480.690452 3515.221049 3544.435692 3559.978571 3552.621786 3535.292406 3513.673949 3504.397912 3501.666645 3505.074927 3514.227607 3526.504739 3545.527834 3564.512664 3570.209051 3571.072430 3568.441850 3570.794926 3572.301831 3572.408241 3575.111697 3583.186592 3592.747785 3596.034688 3588.610329 3568.183839 3545.126800 3533.459169 3526.760011 3523.276993 3523.991803 3528.767524 3531.659416 3517.339512 3482.703565 3439.239239 3409.116796 3393.377241 3380.466990 3367.017796 3355.034341 3324.245251 3303.973559
3418.922799 3433.817791 3461.536244 3489.921307 3512.599162 3527.376466 3528.079393 3531.307754 3535.995218 3543.518393 3558.557590 3581.311476 3599.760152 3621.724198 3647.706134 3663.542166 3668.814715 3667.338268 3663.557400 3664.811515 3665.144737 3605.694738 3611.656489 3617.594350 3633.776958 3648.496282 3653.797045 3654.400731 3651.993268 3653.753999 3654.478434 3654.395320 3654.025806 3656.131871 3660.937932 3662.774788 3660.504018 3648.442953 3665.289935 3645.578331 3632.288997 3624.174401 3616.013883 3607.774897 3598.390647 3588.603732 3569.071888 3538.759251 3504.701315 3482.807024 3474.690928 3468.724346 3460.629277 3455.149242 3438.552411
3517.093416 3527.642000 3545.475451 3567.837030 3601.008818 3623.910538 3635.147560 3644.317909 3648.948862 3662.672953 3678.956863 3663.922694 3671.812489 3679.977018 3688.089343 3690.875182 3691.672832 3691.304770 3688.931209 3688.195455 3685.848671 3682.274471 3671.911916 3673.510247 3675.416759 3678.024294 3681.735019 3680.609740 3681.701536 3684.649995 3682.915196 3676.929727 3672.902903 3671.329748 3672.277454 3679.677051 3683.129277 3684.070842 3680.917948 3680.009094 3679.063083 3675.833480 3671.801376 3666.117294 3658.846234 3672.636975 3660.816205 3633.318590 3593.889823 3553.493171 3545.368899 3546.694029 3546.755057 3545.213949 3539.703158
3639.812703 3653.253499 3667.804676 3647.299611 3668.514142 3679.371473 3684.448198 3688.413195 3691.168823 3694.109631 3691.081086 3688.039463 3683.183010 3681.653626 3680.314474 3677.888525 3678.524130 3676.639086 3672.600916 3668.622499 3660.818409 3649.351682 3638.177957 3634.716565 3639.046931 3644.610018 3649.685061 3654.017504 3657.701150 3657.807266 3652.413144 3644.053458 3636.562392 3634.884610 3641.717579 3647.437883 3653.840861 3654.696812 3653.307650 3650.864063 3650.661022 3647.467516 3647.702917 3654.713747 3669.309753 3672.305449 3677.910243 3677.112069 3661.302873 3632.676860 3642.532865 3622.717839 3628.562660 3624.041797 3612.786707
3682.524670 3685.156112 3683.607658 3682.449762 3676.123184 3670.109029 3669.347752 3673.358125 3680.388537 3681.483214 3674.466602 3665.953488 3658.789124 3651.461365 3649.165041 3648.561828 3648.293235 3648.777395 3643.513254 3634.375961 3617.570282 3606.035551 3594.988872 3589.062164 3585.459221 3589.055149 3600.158273 3612.084627 3617.082706 3608.036597 3599.687327 3588.000421 3579.949789 3580.381413 3581.523886 3590.964562 3607.516102 3614.768885 3615.539799 3609.187718 3602.870644 3596.272354 3593.281066 3599.710486 3614.923782 3631.493836 3646.879070 3655.901465 3663.559117 3670.595093 3669.475810 3672.078952 3673.511346 3671.488986 3674.134938
3676.773940 3669.851850 3662.941141 3657.701333 3651.282179 3645.986363 3644.198423 3646.157153 3648.216882 3644.235847 3637.887502 3627.953993 3617.028073 3607.412059 3599.997880 3601.041957 3603.416279 3605.050798 3597.909603 3582.726617 3565.086180 3551.697026 3537.906944 3534.017891 3528.261509 3520.954515 3531.108984 3550.574666 3557.841707 3542.025588 3531.263915 3516.195946 3509.563974 3505.655998 3506.494193 3515.434580 3537.638595 3561.252440 3563.230084 3552.374028 3541.593893 3536.822148 3533.613209 3538.317753 3555.046831 3575.625141 3591.488377 3601.759366 3607.058230 3614.814996 3624.163431 3638.195019 3652.805435 3664.982121 3669.982841
3651.886645 3644.175031 3636.573963 3629.031174 3622.207913 3616.098752 3611.891551 3609.987468 3606.252543 3600.264223 3593.356607 3573.447688 3561.200996 3548.542664 3533.910515 3530.203598 3525.711797 3526.961403 3515.628392 3507.570426 3491.060949 3475.848147 3460.375220 3447.400434 3441.741937 3435.183085 3434.043271 3447.678701 3456.157947 3446.359686 3436.652327 3425.852286 3421.211295 3417.861876 3420.274007 3430.662865 3450.369334 3468.646708 3476.868772 3469.421217 3467.709991 3467.409615 3465.766859 3471.879111 3482.828385 3500.744460 3522.799957 3541.306725 3550.995894 3557.821209 3566.993438 3581.270691 3595.250224 3609.445290 3627.242713
3621.588428 3612.400458 3602.614808 3593.058349 3582.731225 3572.365733 3566.047764 3568.703969 3562.793580 3557.275711 3535.443940 3481.430500 3460.887086 3442.319618 3426.442989 3420.049658 3411.944276 3396.730416 3388.227817 3383.737477 3385.302794 3371.402461 3354.378610 3336.989296 3332.185711 3328.682749 3312.100369 3308.297553 3309.068638 3324.340909 3318.217511 3316.617349 3318.205777 3315.809312 3317.225291 3329.994175 3337.965298 3343.708329 3350.314963 3354.501229 3364.577282 3371.999927 3381.486229 3398.245312 3409.051749 3424.252238 3444.352754 3469.488872 3484.492979 3493.757076 3503.966092 3519.046619 3535.033182 3552.527291 3574.704387
3587.303482 3571.197617 3556.898549 3542.844898 3530.388312 3517.825296 3502.512429 3504.533631 3502.527541 3492.699352 3439.357926 3398.886123 3365.868346 3349.007063 3325.914664 3312.927864 3297.415822 3260.326675 3243.468189 3242.881343 3257.235684 3253.527989 3238.370858 3226.550498 3217.426662 3208.421997 3191.199753 3173.266048 3179.285741 3197.322309 3197.929554 3200.949199 3208.551843 3207.938300 3201.425981 3199.206919 3211.266248 3216.762091 3227.655316 3244.632980 3249.245091 3264.744426 3297.543558 3310.057125 3324.672292 3342.726161 3362.768599 3384.148484 3406.077091 3419.665984 3434.412342 3452.489040 3468.814833 3488.810622 3511.123706
3537.370006 3506.921987 3486.292739 3469.338158 3450.747138 3424.715817 3405.073582 3403.190521 3397.353298 3369.512941 3318.492948 3283.206931 3259.937023 3238.699828 3216.208789 3193.488327 3159.724753 3125.800074 3104.538105 3119.922089 3131.189646 3142.355934 3131.082640 3120.465887 3111.091654 3093.562532 3077.013669 3061.041004 3071.959339 3080.623882 3098.942541 3105.614707 3109.511694 3115.155162 3113.664306 3103.193308 3098.568607 3106.450712 3116.075211 3127.640687 3148.232566 3180.577920 3204.652533 3222.218526 3242.057876 3260.107345 3280.892247 3303.223997 3325.241982 3341.544256 3359.257241 3376.930997 3397.211845 3415.948835 3438.442719
3458.996508 3431.305366 3405.492371 3382.969252 3352.543904 3307.426177 3293.679233 3285.324334 3264.681456 3218.717224 3177.886441 3159.260165 3146.368464 3123.822705 3103.430548 3075.799438 3042.893376 3021.624950 3001.683744 3012.309085 3022.834398 3042.763779 3034.205878 3027.490773 3024.623604 3009.592925 2996.500369 2980.333711 2986.781691 2998.848819 3021.966033 3027.852725 3031.931449 3041.144562 3040.304303 3035.658915 3018.415616 3024.998715 3035.429036 3049.197645 3079.521065 3101.575798 3123.482805 3144.515140 3163.167981 3181.803815 3203.214456 3225.424095 3250.771627 3269.460991 3287.638255 3308.345779 3326.865283 3340.860201 3356.811221
3352.928757 3329.489118 3310.433545 3287.052257 3245.607382 3202.745613 3165.575550 3140.424893 3089.975916 3056.523402 3036.240812 3035.262799 3023.703116 3004.836391 2987.284385 2980.838194 2959.650276 2941.218055 2916.683424 2922.367217 2938.314595 2955.478581 2956.703665 2957.690562 2956.391395 2947.234400 2933.955100 2920.456882 2924.256159 2941.300230 2959.262577 2969.233260 2976.935375 2984.690853 2984.428286 2974.969586 2964.926892 2969.584999 2984.414981 2989.160959 3005.810846 3025.755752 3045.386485 3064.875857 3086.400762 3107.988858 3129.918028 3153.701467 3177.335320 3197.356086 3219.882270 3243.091254 3258.831529 3266.898276 3274.236013
3252.234560 3233.644774 3211.351394 3184.985270 3146.355166 3107.720026 3068.046025 3022.851213 2991.474134 2976.265788 2969.920897 2955.295371 2942.736295 2929.057706 2909.721236 2894.645610 2880.564951 2859.993591 2850.182818 2857.802791 2871.568758 2880.141171 2887.059645 2885.230179 2883.169814 2877.724806 2864.015930 2859.730284 2869.727384 2884.934327 2898.666809 2910.168185 2917.040561 2922.156653 2919.067429 2909.848721 2906.654832 2914.639210 2929.792791 2942.460850 2956.783925 2976.541858 2985.888374 3005.859367 3026.706732 3047.436280 3070.554712 3094.383481 3118.968264 3144.667120 3165.778617 3181.369013 3188.923836 3197.224839 3196.182225
3133.435512 3122.642922 3098.014155 3071.265134 3043.192762 3011.240439 2988.482212 2969.957226 2941.390541 2914.021572 2889.360413 2877.904835 2872.628740 2861.870747 2845.864613 2835.556547 2820.820623 2811.181258 2817.542943 2819.229362 2827.686100 2826.207247 2827.427388 2825.263091 2824.901909 2822.844395 2816.749923 2828.507215 2834.269091 2847.647376 2857.650309 2867.300446 2873.014248 2876.503516 2877.483847 2873.066156 2878.653829 2884.494106 2897.809158 2908.475576 2921.427990 2940.593327 2956.186074 2973.870386 2986.040750 3007.115873 3029.047036 3053.058310 3079.378901 3102.383322 3118.692851 3124.052615 3131.867879 3132.174339 3120.055317
