tests/Borden05m/data_simulated/sim_1/output-maps/psiliqL0003N0004.asc
ncols         160
nrows         34
xllcorner     620200.000000
yllcorner     5168000.000000
cellsize      0.500000
NODATA_value  -9999.0
[rows 0 to 24 of 34, columns 57 to 113 of 160]
-9999.0 -9999.0 -9999.0 -9999.0 -9999.0 -9999.0 -9999.0 -9999.0 -9999.0 -9999.0 -9999.0 -9999.0 -9999.0 -9999.0 -9999.0 -9999.0 -9999.0 -9999.0 -9999.0 -9999.0 -9999.0 -9999.0 -9999.0 -9999.0 -9999.0 -9999.0 -9999.0 -9999.0 -9999.0 -9999.0 -9999.0 -9999.0 -9999.0 -9999.0 -9999.0 -9999.0 -9999.0 -9999.0 -9999.0 -9999.0 -9999.0 -9999.0 -9999.0 -9999.0 -9999.0 -9999.0 -9999.0 -9999.0 -9999.0 -9999.0 -9999.0 -9999.0 -9999.0 -9999.0 -9999.0 -9999.0 -9999.0
-9999.0 -9999.0 -605.069472 -608.030248 -610.073345 -611.191570 -615.440397 -618.730942 -622.699963 -623.290233 -622.802813 -623.520252 -625.150011 -623.006147 -620.273454 -617.971423 -614.725667 -615.372550 -614.985091 -613.742527 -613.407528 -613.959906 -615.438039 -616.390226 -617.540041 -615.924171 -620.456615 -626.433102 -631.071167 -632.012240 -627.987007 -625.634476 -626.097624 -623.919301 -619.211702 -615.247397 -613.970216 -609.266776 -610.021061 -608.175613 -605.144646 -607.574961 -608.154625 -607.813424 -606.904187 -613.485934 -9999.0 -9999.0 -9999.0 -9999.0 -9999.0 -9999.0 -9999.0 -9999.0 -9999.0 -9999.0 -9999.0
-608.995449 -609.567221 -622.279990 -623.426113 -623.663071 -623.043959 -624.858318 -629.677680 -630.826345 -634.451953 -636.040955 -636.434617 -637.889498 -636.744438 -630.701527 -626.494539 -625.316120 -626.193861 -626.624252 -627.928946 -628.835210 -628.528585 -629.990868 -631.347241 -632.813125 -632.418695 -628.621950 -633.101976 -635.360584 -637.597508 -640.038380 -639.128546 -638.363690 -638.009381 -632.321738 -630.157324 -628.642762 -621.168746 -614.363237 -612.625482 -615.353488 -618.345067 -617.596154 -617.886474 -620.751930 -623.515894 -623.527484 -624.885556 -625.450164 -628.114724 -624.059089 -624.130168 -619.644993 -615.958937 -611.709254 -605.438816 -9999.0
-619.129171 -619.792537 -629.528886 -635.496449 -637.405699 -636.099845 -631.812089 -633.433787 -636.962879 -642.482441 -636.300512 -637.118723 -637.670383 -636.586280 -634.634708 -633.783152 -632.836377 -631.434329 -626.099395 -626.496029 -626.932882 -626.645004 -627.554557 -629.263705 -629.124559 -630.057042 -634.571014 -633.857735 -632.755384 -633.760848 -629.354481 -629.136911 -626.572337 -634.304462 -632.989629 -631.110954 -629.760434 -628.826839 -627.699873 -626.162139 -629.488175 -627.106026 -629.840897 -635.946721 -637.484938 -637.032231 -632.099001 -629.636662 -632.679580 -643.670017 -637.839711 -625.849934 -626.788116 -628.685563 -622.982724 -617.513589 -609.832936
-633.948641 -635.279464 -639.428662 -635.283968 -632.005316 -629.944412 -631.836921 -635.665881 -640.385570 -630.681630 -626.822581 -628.912517 -627.815041 -625.077955 -624.910814 -636.736477 -639.823181 -635.191277 -630.376385 -628.344347 -630.429983 -631.440032 -633.504006 -633.482611 -632.234946 -633.485278 -631.670826 -630.106677 -632.193352 -629.227023 -625.882664 -622.642797 -629.867588 -636.519614 -636.067986 -630.471024 -626.416238 -624.368810 -618.766497 -610.183348 -611.592882 -613.572674 -614.588555 -615.593993 -626.054879 -635.828675 -639.880788 -641.726536 -644.730771 -642.307390 -644.538825 -634.785315 -635.558906 -637.055483 -632.460725 -628.975487 -624.573783
-632.663604 -629.843480 -636.240960 -639.713004 -641.241890 -640.204926 -641.506010 -641.327161 -632.802667 -628.294478 -620.689104 -623.489122 -623.261930 -623.598371 -631.388883 -637.365400 -641.449327 -629.292681 -619.788409 -616.760753 -619.267468 -621.530771 -613.390467 -615.833838 -616.840174 -621.773605 -620.036636 -620.939512 -612.330296 -609.093075 -604.651959 -606.431341 -614.867381 -622.117545 -622.438637 -621.561517 -622.278778 -620.090351 -614.627459 -607.936815 -612.911676 -615.081242 -614.597073 -630.124505 -642.691893 -647.209875 -638.441280 -633.454543 -634.433869 -633.633649 -633.169184 -639.609691 -638.084359 -637.392275 -640.437922 -633.036510 -625.773838
-614.994919 -604.752795 -611.721930 -616.607707 -625.583525 -624.575427 -623.542710 -620.483008 -616.333132 -608.666005 -594.095035 -597.456167 -596.886979 -592.282061 -600.085934 -607.464332 -618.998469 -605.839463 -603.055840 -599.118126 -600.125556 -591.254442 -583.656554 -589.027599 -596.150959 -604.910337 -599.835924 -589.091833 -579.427906 -577.545850 -576.784199 -575.344618 -582.335400 -583.769323 -584.739101 -583.373453 -587.702645 -587.119463 -579.629619 -567.220017 -565.631347 -570.757830 -582.268715 -601.428590 -619.880049 -630.176441 -617.973406 -621.643596 -623.387628 -621.337082 -629.046021 -633.535498 -626.913689 -632.895092 -637.493793 -627.572861 -626.593811
-609.829478 -598.758071 -603.778762 -612.659698 -622.518179 -622.492411 -616.805048 -614.108983 -603.761206 -590.346611 -576.176654 -570.337371 -566.261773 -558.393588 -563.565500 -569.120043 -576.203295 -573.712511 -564.535373 -556.849962 -548.873583 -540.383055 -530.714401 -536.303549 -544.026416 -545.083135 -543.122699 -530.665151 -520.547145 -517.779775 -516.319385 -511.019184 -514.374849 -520.263226 -527.205280 -534.237959 -540.562270 -546.526636 -534.241459 -522.480731 -522.987695 -541.194030 -554.732463 -573.515944 -593.589422 -616.802515 -615.142405 -610.308657 -605.943867 -615.081251 -619.465122 -627.922002 -629.736995 -628.855898 -638.599303 -633.106671 -631.947929
-559.286693 -547.620241 -543.930959 -557.292745 -559.729052 -555.794081 -547.713443 -546.837338 -541.239733 -521.929991 -494.551268 -469.570390 -442.653758 -437.844993 -449.336246 -460.872911 -477.793104 -487.984660 -477.512468 -464.959483 -449.857537 -434.424442 -419.517056 -408.036259 -407.225804 -406.609576 -404.106072 -401.771146 -395.879925 -386.567814 -375.001877 -360.501671 -353.595001 -368.273911 -383.858005 -399.984264 -414.196810 -419.397283 -424.598342 -419.754876 -419.901961 -438.978987 -466.324252 -491.787271 -517.872263 -538.897148 -554.963952 -548.914020 -557.763222 -565.807373 -575.313006 -599.347485 -605.662898 -609.372145 -631.638169 -633.691203 -626.045852
-494.964695 -483.027646 -466.866764 -465.268039 -461.633424 -458.854944 -453.025108 -447.416208 -439.375316 -401.110315 -332.895470 -185.681888 -132.232685 -116.679820 -123.551464 -135.557433 -161.892454 -227.475565 -232.219252 -160.946119 -128.666881 -109.563310 -100.408276 -98.437089 -100.219808 -100.047598 -98.864488 -96.251441 -94.308425 -89.582669 -82.928267 -73.048768 -61.877438 -66.395579 -81.755355 -92.324811 -104.113815 -107.911656 -108.202535 -111.760535 -113.384549 -121.366292 -171.505566 -301.187638 -380.298267 -427.266908 -457.563725 -479.997892 -494.382783 -506.369223 -536.735703 -563.194633 -585.076941 -602.521373 -621.577787 -623.597542 -598.025562
-363.250633 -278.435301 -175.144246 -141.233317 -131.462874 -127.384036 -122.573814 -119.145631 -113.186754 -95.052591 -52.977752 1.866910 31.640650 32.930225 31.832799 28.028316 14.842556 -3.944570 -7.165469 9.472887 22.459998 31.513916 32.898598 34.207238 33.851277 33.854457 33.760388 34.024802 34.235316 34.263336 34.971049 36.286822 37.467974 37.752384 36.471737 34.756291 32.970782 32.589131 32.117145 31.551477 31.509330 30.796369 18.299518 -26.416335 -71.686550 -119.934491 -176.155580 -306.950083 -353.905931 -378.065127 -394.495574 -436.883357 -457.104385 -486.816448 -519.296435 -546.882564 -519.199962
-72.841083 -31.214919 6.353867 24.450904 28.251593 29.783654 31.157233 31.634895 32.663380 34.423458 36.887484 40.759405 44.079289 46.599921 46.227287 44.996253 42.627439 42.117373 42.132335 42.733708 43.709233 44.137378 45.618411 47.219250 47.652700 47.637570 47.129936 47.461527 47.534194 47.487161 47.264173 47.330837 47.950601 48.253072 48.250816 47.029922 45.245253 43.678918 43.077684 42.999478 42.789798 42.881674 42.348450 40.343546 36.563218 31.418730 0.509836 -40.999963 -67.701831 -83.866897 -94.122174 -103.901975 -122.709465 -176.404213 -340.990292 -412.098289 -442.745403
34.442115 37.898605 41.449689 43.662023 43.912739 44.604404 44.673468 45.703023 47.263931 48.929613 49.606226 50.845569 58.197666 66.452801 71.890036 73.220875 74.452269 76.505024 76.292104 76.080808 76.410091 77.097101 76.557965 79.128312 78.902107 79.305075 78.770395 79.734165 79.252741 79.978104 79.735347 77.707962 77.853760 77.347338 77.805111 75.716356 69.579608 56.281604 51.995267 51.361920 50.599068 49.514907 48.285349 47.373366 46.392328 44.335143 40.794338 36.764387 35.364805 34.684319 33.934113 33.341512 29.618350 3.852055 -45.382421 -89.005687 -136.471312
45.454216 47.095548 49.640897 51.223795 52.246400 56.700752 60.445909 69.942507 78.557683 80.597388 79.705401 80.002526 79.205354 79.611517 78.889002 79.601953 77.264458 77.713459 76.984614 71.797087 63.978502 65.299764 66.400194 68.294627 71.509650 69.703025 70.630071 73.004313 72.164324 67.309926 64.439250 63.061252 62.893186 69.371228 71.639519 72.533845 73.027193 72.974947 73.078296 73.435928 73.401429 73.474759 73.323691 69.253019 62.131743 52.025535 48.980589 45.619794 44.114530 43.900532 44.577622 44.396324 44.330083 42.039580 38.338447 33.708692 16.667489
72.836094 82.047760 81.207883 81.416337 81.047513 81.703830 83.785699 82.323963 80.004367 75.996668 72.360602 71.153761 70.377573 67.986037 68.855609 66.873002 63.629166 60.876875 56.602823 51.090887 49.593274 49.643920 50.495308 50.947869 51.190049 51.243984 52.489878 54.185402 51.780194 50.881290 50.164946 49.843994 50.762265 51.209813 51.662441 51.757746 51.292651 51.015904 51.570137 51.231125 51.335226 52.638016 63.507788 70.459305 70.303209 70.260959 70.825807 71.192293 53.290000 50.067211 51.134006 50.680148 49.537145 47.440818 45.774385 43.688329 41.540083
74.655573 72.152428 67.275138 61.967822 61.391468 65.264036 71.370083 73.252255 67.055189 60.159815 54.557589 51.008382 50.934100 50.703878 50.554387 50.799132 50.121740 49.850337 48.476993 47.805934 47.071086 46.619930 46.516233 47.198418 47.955772 48.514064 49.068657 48.471541 48.089657 47.393973 46.734269 47.027553 47.088314 47.699883 48.821486 48.513577 48.642728 48.205087 48.182998 47.590088 47.335086 47.892484 49.327462 50.517554 51.703253 52.733848 58.572091 63.832241 70.583117 70.642418 70.145209 70.041505 66.321140 54.948219 50.920086 49.220034 47.388786
55.856223 52.240775 50.638516 49.933650 49.840079 50.467232 51.384910 50.960327 50.283501 49.310274 48.352900 47.506284 47.186034 47.489640 47.768655 47.856737 47.445981 46.202359 44.962136 44.357260 43.297075 43.575400 43.183764 42.529944 43.561406 45.193676 45.759672 44.262395 43.876471 42.731717 42.300008 42.136490 42.073055 42.622114 44.146136 45.893286 45.666179 44.588063 43.802550 43.583514 43.269413 43.901606 45.755152 47.332482 48.098452 48.473136 48.671797 49.416460 50.231497 51.161664 52.545043 59.321653 69.013567 68.997259 69.008514 69.494703 55.210586
49.662858 49.153177 48.807386 48.507542 48.203074 47.963617 47.881960 47.347447 47.108988 46.884017 46.089674 45.383166 43.893481 43.504438 42.543328 42.129731 39.930325 38.783266 36.604641 35.277325 33.656076 32.898676 32.350732 31.329121 31.924818 33.863660 35.268428 33.037414 32.345511 30.935316 30.506728 30.099975 29.602678 30.868304 33.557266 35.554375 36.273683 35.186890 34.645244 34.664121 35.002798 36.052351 38.746076 41.440161 43.531550 44.585765 45.161755 45.660440 46.332844 47.376518 48.120859 48.913620 50.135440 51.963539 59.010264 66.315812 71.539624
47.821413 47.431763 46.786948 45.896858 45.433002 45.837878 44.796546 44.295956 43.912550 37.155851 35.035000 32.602881 28.982520 22.743757 5.018633 -21.333203 -43.880996 -55.021023 -64.353968 -78.483696 -93.245953 -106.321015 -109.933861 -113.592020 -119.666726 -113.351772 -110.662983 -110.719867 -115.180433 -119.752679 -122.071724 -123.731248 -120.072465 -109.223800 -101.392922 -93.959371 -90.034493 -93.300807 -86.153971 -77.971718 -70.975685 -44.124200 -8.656470 18.579588 32.457509 36.206217 38.375977 40.253759 41.659643 43.002853 44.255674 45.255806 46.855352 48.597697 49.477946 50.077496 51.114576
45.694669 44.600672 43.677942 42.380551 40.186739 39.680354 38.468497 37.093980 25.377253 -23.197648 -72.705225 -96.002261 -117.896262 -133.901042 -165.031882 -271.309328 -325.390708 -348.385070 -351.011982 -375.666933 -402.517399 -422.204272 -430.521704 -435.305533 -444.954349 -445.795280 -441.134407 -432.826484 -444.017904 -451.965304 -452.143692 -455.713396 -455.869619 -441.484967 -421.681472 -410.004290 -400.039156 -392.299404 -389.755317 -386.229693 -351.248466 -308.735401 -196.206242 -130.916343 -95.677091 -63.748945 -24.908724 9.294430 28.996521 34.005681 36.548602 39.680273 42.211884 44.744757 45.875303 46.805038 47.400741
38.228612 35.622441 32.941496 23.377058 -7.425453 -29.200378 -49.580456 -75.761717 -133.714545 -243.833251 -372.221085 -407.678987 -436.283494 -450.931157 -469.171420 -494.928475 -509.487881 -507.600473 -501.606244 -505.476240 -517.280712 -526.507037 -532.471044 -538.985301 -548.857192 -554.993561 -548.261990 -542.219756 -542.223453 -542.039591 -539.634613 -539.924744 -541.274640 -543.564486 -534.404232 -528.958095 -522.764763 -518.348227 -516.337091 -497.609714 -480.401297 -469.564183 -450.972465 -426.068760 -393.311048 -346.026644 -251.963898 -151.621815 -108.933014 -78.655317 -41.111220 2.297093 29.826524 35.733189 39.250561 41.478824 43.016902
-22.586914 -63.690694 -96.456252 -142.681094 -202.590042 -278.792216 -310.907709 -373.273826 -429.472793 -475.936440 -499.532299 -515.326971 -529.837336 -543.772674 -560.361491 -576.423465 -587.251911 -579.120481 -575.129001 -567.720962 -577.325520 -585.074098 -586.527815 -594.204878 -601.051002 -610.821487 -602.950082 -599.621453 -590.331960 -591.106266 -590.885241 -586.863110 -588.897997 -589.856313 -596.199065 -590.305190 -587.179600 -583.297183 -568.174619 -554.798377 -541.798724 -531.488749 -520.645688 -506.924849 -490.330287 -472.303168 -450.973870 -430.039609 -403.965203 -365.685207 -287.787634 -159.206943 -107.162114 -68.483247 -27.044508 10.900511 31.922063
-245.478052 -352.025688 -405.399948 -454.673097 -481.570649 -482.940942 -502.943032 -523.517309 -552.835408 -564.337571 -571.893891 -582.748537 -591.136478 -597.863479 -609.948748 -618.530515 -632.391453 -626.873624 -619.424335 -608.829941 -617.203128 -618.271414 -616.364747 -621.478658 -626.928775 -636.066224 -634.614079 -627.190478 -618.472530 -618.788739 -617.018689 -612.164250 -612.015374 -615.891430 -623.812584 -621.916988 -616.829105 -611.948382 -602.503632 -593.859682 -585.483716 -578.343756 -568.509416 -557.265167 -545.479164 -531.182740 -514.950663 -504.655155 -488.356379 -469.174376 -449.917341 -431.513390 -403.590727 -352.200196 -260.144328 -151.178797 -105.046455
-459.602197 -479.390985 -507.327106 -534.464625 -560.563354 -577.407933 -592.284984 -606.325525 -610.526322 -615.086394 -621.087500 -626.282182 -632.125305 -637.540170 -641.941884 -649.124992 -663.863921 -657.579564 -649.128036 -639.697029 -639.239487 -640.191117 -639.417319 -641.552200 -648.036989 -659.751961 -654.612469 -647.439952 -641.030478 -638.975864 -637.732255 -633.857780 -636.621800 -642.365540 -650.695264 -647.011013 -640.497501 -636.877313 -632.323922 -625.656046 -618.667313 -611.803942 -603.985565 -596.193562 -585.903354 -574.600326 -562.249938 -549.211226 -535.480561 -519.703057 -513.627593 -505.443247 -497.136744 -481.865532 -464.633194 -439.205536 -408.063703
-538.580493 -551.900817 -568.779087 -589.155606 -600.015930 -610.475806 -619.547294 -629.110137 -635.012678 -639.591680 -637.029197 -639.170817 -645.848214 -645.453723 -648.969985 -660.887126 -656.306654 -652.922363 -643.346633 -645.234995 -645.732541 -647.989444 -646.410544 -647.869984 -659.398279 -653.250242 -650.711039 -644.007275 -642.819273 -641.355958 -640.250978 -639.053674 -640.304278 -648.260266 -646.430598 -644.271183 -638.233162 -637.992902 -635.487105 -628.595979 -626.459358 -622.227510 -616.313275 -610.068005 -602.741610 -594.027623 -582.306697 -570.729680 -560.034939 -557.173405 -550.607575 -545.440683 -552.038954 -541.209306 -531.891756 -522.241120 -506.311712
