tests/Borden05m/data_simulated/sim_1/output-maps/psiliqL0019N0012.asc
ncols         160
nrows         34
xllcorner     620200.000000
yllcorner     5168000.000000
cellsize      0.500000
NODATA_value  -9999.0
[rows 0 to 24 of 34, columns 0 to 54 of 160]
-9999.0 -9999.0 -9999.0 -9999.0 -9999.0 -9999.0 -9999.0 -9999.0 -9999.0 -9999.0 -9999.0 -9999.0 -9999.0 -9999.0 -9999.0 -9999.0 -9999.0 -9999.0 -9999.0 -9999.0 -9999.0 -9999.0 -9999.0 -9999.0 -9999.0 -9999.0 -9999.0 -9999.0 -9999.0 -9999.0 -9999.0 -9999.0 -9999.0 -9999.0 -9999.0 -9999.0 -9999.0 -9999.0 -9999.0 -9999.0 -9999.0 -9999.0 -9999.0 -9999.0 -9999.0 -9999.0 -9999.0 -9999.0 -9999.0 -9999.0 -9999.0 -9999.0 -9999.0 -9999.0 -9999.0
-9999.0 -9999.0 -9999.0 -9999.0 -9999.0 -9999.0 -9999.0 -9999.0 -9999.0 -9999.0 -9999.0 -9999.0 -9999.0 -9999.0 -9999.0 -9999.0 -9999.0 -9999.0 -9999.0 -9999.0 -9999.0 -9999.0 -9999.0 -9999.0 -9999.0 -9999.0 -9999.0 -9999.0 -9999.0 -9999.0 -9999.0 -9999.0 -9999.0 -9999.0 -9999.0 -9999.0 -9999.0 -9999.0 -9999.0 -9999.0 -9999.0 -9999.0 -9999.0 -9999.0 -9999.0 -9999.0 -9999.0 -9999.0 -9999.0 -9999.0 -9999.0 -9999.0 -9999.0 -9999.0 -9999.0
-9999.0 -9999.0 -9999.0 -9999.0 -9999.0 -9999.0 -9999.0 -9999.0 -9999.0 -9999.0 -9999.0 -9999.0 -9999.0 -9999.0 -9999.0 -9999.0 -9999.0 -9999.0 -9999.0 -9999.0 -9999.0 -9999.0 -9999.0 -9999.0 -9999.0 -9999.0 -9999.0 -9999.0 -9999.0 -9999.0 -9999.0 -9999.0 -9999.0 -9999.0 -9999.0 -9999.0 -9999.0 -9999.0 -9999.0 -9999.0 -9999.0 -9999.0 -9999.0 -9999.0 -9999.0 -9999.0 -9999.0 1903.070778 1886.045338 1871.774427 1868.744062 1890.988029 1914.675517 1938.936222 1959.937271
-9999.0 -9999.0 -9999.0 -9999.0 -9999.0 -9999.0 -9999.0 -9999.0 -9999.0 -9999.0 -9999.0 -9999.0 -9999.0 -9999.0 -9999.0 -9999.0 -9999.0 -9999.0 -9999.0 -9999.0 -9999.0 -9999.0 -9999.0 -9999.0 -9999.0 -9999.0 -9999.0 -9999.0 -9999.0 -9999.0 -9999.0 -9999.0 -9999.0 -9999.0 -9999.0 -9999.0 -9999.0 -9999.0 -9999.0 -9999.0 1950.769680 1956.869079 1957.689274 1947.869756 1936.989519 1924.436753 1904.432394 1887.057853 1873.331655 1871.487348 1874.490720 1878.891257 1901.024085 1926.520346 1946.782738
-9999.0 -9999.0 -9999.0 -9999.0 -9999.0 -9999.0 -9999.0 -9999.0 -9999.0 -9999.0 -9999.0 -9999.0 -9999.0 -9999.0 -9999.0 -9999.0 -9999.0 -9999.0 -9999.0 -9999.0 -9999.0 -9999.0 -9999.0 -9999.0 -9999.0 -9999.0 -9999.0 -9999.0 -9999.0 -9999.0 -9999.0 -9999.0 -9999.0 -9999.0 1857.161684 1874.578242 1892.925009 1911.793054 1929.023014 1936.246479 1942.209754 1948.030461 1944.025705 1939.893902 1928.807227 1909.196688 1890.176971 1877.212221 1876.052435 1874.081485 1878.524200 1891.261149 1908.482272 1924.623450 1945.864131
-9999.0 -9999.0 -9999.0 -9999.0 -9999.0 -9999.0 -9999.0 -9999.0 -9999.0 -9999.0 -9999.0 -9999.0 -9999.0 -9999.0 -9999.0 -9999.0 -9999.0 -9999.0 -9999.0 -9999.0 -9999.0 -9999.0 -9999.0 -9999.0 -9999.0 -9999.0 -9999.0 -9999.0 1860.242066 1854.591813 1850.071039 1849.020223 1848.134438 1847.527742 1854.545041 1866.499760 1884.466061 1906.781986 1920.351731 1928.021107 1935.161870 1936.128365 1931.141402 1929.752709 1930.642136 1918.902461 1907.415134 1896.693892 1886.322153 1884.555697 1894.345548 1909.077486 1925.849435 1941.128940 1957.005148
-9999.0 -9999.0 -9999.0 -9999.0 -9999.0 -9999.0 -9999.0 -9999.0 -9999.0 -9999.0 -9999.0 -9999.0 -9999.0 -9999.0 -9999.0 -9999.0 -9999.0 -9999.0 -9999.0 -9999.0 -9999.0 -9999.0 -9999.0 1829.020930 1834.640063 1841.530434 1849.510090 1850.862324 1847.462070 1842.370335 1839.989769 1839.058889 1837.622856 1842.637419 1850.664975 1864.405323 1880.445269 1903.013315 1911.954216 1917.703542 1930.014689 1933.705687 1940.914819 1945.433534 1944.158859 1941.240145 1928.132280 1918.295279 1922.521781 1928.060211 1935.425268 1944.121725 1958.109438 1973.269361 1990.189356
-9999.0 -9999.0 -9999.0 -9999.0 -9999.0 -9999.0 -9999.0 -9999.0 -9999.0 -9999.0 -9999.0 -9999.0 -9999.0 -9999.0 -9999.0 -9999.0 -9999.0 -9999.0 -9999.0 1803.410333 1804.619710 1806.281010 1811.389889 1812.271356 1814.601711 1821.921827 1830.483513 1833.579503 1832.117721 1831.415516 1833.410465 1836.643816 1841.663076 1853.137754 1867.288256 1881.872194 1895.775637 1917.072128 1932.171705 1945.688389 1961.860085 1962.236865 1958.967588 1957.768566 1958.538751 1958.444366 1960.525186 1962.119377 1968.832446 1972.277134 1977.904518 1987.703681 1999.980514 2018.002946 2037.350130
-9999.0 -9999.0 -9999.0 -9999.0 -9999.0 -9999.0 -9999.0 -9999.0 -9999.0 -9999.0 -9999.0 -9999.0 -9999.0 -9999.0 -9999.0 -9999.0 1774.023165 1776.079267 1778.682358 1784.401707 1787.993735 1792.368890 1799.746549 1801.530238 1805.609081 1813.219441 1818.440055 1827.993031 1836.725543 1844.482307 1850.949374 1854.075721 1861.660795 1871.631479 1883.813080 1898.952317 1920.291694 1944.051751 1960.544373 1977.812189 1995.478019 1996.625560 1995.839248 1997.154219 1997.328672 2002.041927 2018.633258 2023.756760 2022.672527 2036.697515 2050.248384 2054.981500 2063.083577 2083.053052 2106.593956
-9999.0 -9999.0 -9999.0 -9999.0 -9999.0 -9999.0 -9999.0 -9999.0 -9999.0 -9999.0 -9999.0 -9999.0 -9999.0 1725.557708 1729.911248 1740.137126 1750.699506 1753.839593 1758.834787 1765.597895 1778.221259 1782.334583 1788.958578 1796.891103 1809.652320 1818.841183 1828.407128 1840.748148 1849.531421 1857.185366 1864.492259 1869.532110 1882.589177 1897.852484 1913.565259 1933.845487 1956.313422 1976.487861 1996.535203 2013.146059 2026.578293 2027.236778 2026.934903 2029.805271 2036.845394 2052.925589 2071.331658 2077.308883 2092.399265 2114.832647 2127.493948 2137.983760 2146.303199 2160.526083 2182.351677
-9999.0 -9999.0 -9999.0 -9999.0 -9999.0 -9999.0 -9999.0 -9999.0 -9999.0 -9999.0 1693.930513 1696.210592 1693.101451 1692.290612 1698.124990 1710.815367 1725.369326 1732.023130 1744.303459 1765.941695 1784.650485 1788.553002 1803.222686 1814.090090 1821.472453 1832.301016 1845.888149 1858.933606 1875.692243 1888.375012 1899.382499 1918.160507 1934.900738 1951.861690 1970.002399 1990.910382 2009.837730 2037.003238 2063.912656 2075.805939 2096.564336 2104.924204 2102.317151 2102.387598 2112.148070 2126.886510 2146.111821 2166.897452 2187.764040 2212.243428 2227.387223 2241.750305 2252.534538 2264.844927 2281.204920
-9999.0 -9999.0 -9999.0 -9999.0 -9999.0 -9999.0 -9999.0 -9999.0 1668.561800 1676.518355 1682.775150 1680.124166 1676.142687 1671.979509 1686.644221 1702.889592 1719.438570 1737.939975 1754.372568 1773.216533 1788.595309 1804.901017 1825.563481 1837.605419 1849.540833 1865.420325 1879.502656 1896.370846 1917.956019 1929.437381 1944.636764 1965.912643 1984.076921 2002.370496 2021.637883 2039.943639 2064.842272 2097.773876 2129.256636 2150.130624 2177.886270 2199.227861 2197.424289 2199.123845 2203.125630 2228.386937 2257.006274 2287.480068 2311.213231 2337.718927 2367.227798 2386.064929 2396.976574 2409.863796 2425.427864
-9999.0 -9999.0 -9999.0 -9999.0 -9999.0 -9999.0 1640.068895 1664.661355 1680.191577 1672.465342 1661.397557 1657.716070 1653.444951 1680.424498 1703.227096 1721.217614 1738.765187 1757.087465 1774.253805 1786.251585 1819.193902 1838.446770 1852.689512 1869.750111 1885.148767 1900.545927 1918.364195 1941.736030 1962.678857 1990.152804 2013.052872 2034.979575 2061.186165 2080.900725 2099.915486 2117.325427 2147.991873 2184.950046 2221.472201 2249.321764 2276.198146 2308.310811 2313.712168 2318.916034 2324.813624 2347.502243 2380.422137 2410.917072 2444.643455 2476.876801 2504.997704 2517.979261 2528.913838 2540.620306 2554.569106
-9999.0 -9999.0 -9999.0 -9999.0 1606.368628 1627.470397 1647.336664 1678.182312 1701.014546 1696.611593 1703.042646 1703.064220 1700.992911 1706.095783 1714.398770 1733.015921 1752.697043 1772.719246 1790.131687 1823.050168 1869.142429 1883.958218 1906.513853 1938.484061 1952.184868 1968.008459 1984.995242 2008.014282 2032.566263 2064.630935 2105.520884 2140.425492 2165.395512 2187.797601 2209.138799 2230.113299 2265.326245 2303.767111 2341.010462 2374.913785 2404.311338 2431.135963 2442.542180 2450.294608 2462.315116 2479.704358 2502.301261 2531.111590 2564.083607 2596.837887 2621.866695 2634.291374 2642.013188 2653.048663 2663.147199
-9999.0 -9999.0 -9999.0 1554.887611 1593.927178 1632.746006 1659.643634 1690.793420 1723.607221 1727.173536 1736.831696 1740.710100 1744.259093 1752.603039 1760.154824 1778.044178 1796.001460 1814.473740 1837.451097 1874.106462 1907.998072 1934.336151 1965.773621 1989.606621 2008.558160 2024.448366 2044.040682 2067.609038 2107.127001 2142.599835 2191.832489 2244.581457 2280.348361 2304.139929 2327.493974 2355.761139 2381.655159 2419.581809 2455.031728 2488.702997 2521.557672 2546.504299 2564.591675 2572.080489 2582.508320 2590.884099 2606.446928 2628.176459 2650.886919 2681.030094 2710.392442 2738.873620 2754.287180 2765.363790 2782.263171
-9999.0 -9999.0 1507.046113 1545.666121 1578.960471 1628.209188 1681.679658 1716.961205 1758.018652 1780.861251 1787.270456 1802.947953 1818.058795 1824.146717 1838.363830 1855.077524 1875.648743 1884.576015 1904.070230 1930.317156 1976.499480 2018.696518 2031.628816 2079.065288 2112.355769 2142.978152 2163.186513 2190.944722 2228.178154 2267.684071 2315.543462 2366.006745 2403.500194 2434.335779 2451.699689 2472.412670 2495.202077 2521.879581 2557.913762 2586.511927 2619.417644 2646.169550 2668.033023 2673.581219 2678.601093 2695.203322 2721.636229 2751.343945 2778.190133 2804.299485 2801.753395 2818.664133 2826.770295 2831.648536 2838.482675
-9999.0 -9999.0 1478.957384 1524.664118 1563.065059 1626.736162 1709.601217 1746.417465 1789.148049 1835.927249 1853.933824 1878.458733 1885.002137 1888.316517 1910.969883 1931.806979 1948.658472 1957.335589 1956.617817 2012.225523 2069.657258 2111.637719 2144.756372 2216.197160 2265.297349 2286.269567 2302.205997 2324.101993 2347.964716 2389.896448 2434.815218 2488.685843 2532.839743 2564.010110 2580.571235 2600.437160 2621.338477 2639.230685 2659.463800 2702.271539 2735.073138 2763.797603 2793.274447 2814.601649 2823.556494 2828.306756 2813.127805 2827.309941 2837.126361 2841.881649 2844.172616 2841.467718 2841.500354 2842.727960 2843.995826
-9999.0 1388.182764 1440.597448 1492.978348 1560.500726 1626.020662 1706.727431 1785.629713 1847.096878 1897.381826 1926.408241 1932.979666 1957.341300 1994.724055 2019.727692 2044.255148 2050.092723 2059.032437 2047.900729 2099.733584 2146.051098 2212.132137 2318.686553 2376.940471 2429.789444 2431.626649 2426.328983 2437.589362 2459.480582 2504.404649 2576.962567 2628.380944 2686.956002 2732.852723 2749.957608 2758.058750 2776.828332 2797.758243 2771.819123 2802.849858 2818.122218 2830.893208 2837.047741 2839.963870 2842.002026 2842.859156 2840.264103 2834.394340 2827.100386 2821.943281 2818.231766 2814.011369 2816.586236 2819.872454 2820.252743
-9999.0 1351.594283 1410.384943 1480.939063 1550.995376 1611.538728 1707.814272 1860.404809 1918.543066 1957.454552 1975.334422 1981.902690 2053.358550 2118.447983 2150.704959 2197.142236 2190.402749 2180.800247 2161.197014 2193.126646 2240.067019 2314.134886 2467.421495 2555.002054 2594.018150 2606.285657 2613.180303 2641.878228 2682.381487 2725.392924 2764.403744 2754.124296 2790.249800 2809.234140 2815.101666 2817.750788 2823.275142 2824.074482 2823.582234 2820.968898 2817.511345 2818.950214 2824.255604 2825.000271 2822.931660 2820.349357 2815.167981 2807.920627 2802.585892 2797.927171 2795.098923 2791.970803 2789.952048 2789.273046 2784.196158
-9999.0 1317.801333 1390.540071 1452.330967 1510.533109 1616.672460 1744.966613 1884.589295 1979.910618 2017.675912 2025.430096 2083.279356 2185.686795 2286.850305 2340.547943 2366.651387 2363.259441 2335.249996 2332.724249 2379.065245 2447.550229 2551.399262 2661.853360 2750.454799 2767.409273 2773.691099 2745.589707 2765.637419 2784.247742 2789.117561 2792.540093 2799.627288 2806.688130 2811.372818 2811.701480 2810.361780 2806.958134 2800.089480 2796.173720 2793.636068 2790.909195 2790.924569 2793.899720 2795.809237 2793.524398 2789.865691 2785.357066 2779.459775 2772.702885 2765.590794 2761.034086 2756.416315 2753.673383 2747.852730 2742.958305
-9999.0 1209.036870 1300.640824 1350.332378 1449.894539 1630.194394 1758.621513 1905.838670 2060.098505 2093.629590 2158.912510 2287.122365 2398.656923 2476.946215 2515.211445 2556.187571 2586.217050 2609.810633 2648.150989 2580.565182 2648.079645 2723.673465 2759.036748 2777.117779 2785.130459 2788.875943 2782.823503 2765.415904 2757.114755 2752.494640 2756.025316 2764.936358 2771.539366 2777.999546 2776.959548 2778.606110 2779.741399 2776.848347 2773.240402 2765.239468 2757.978085 2752.241628 2750.146998 2755.313137 2750.613904 2747.715252 2741.435275 2732.727153 2722.188409 2714.045581 2705.656310 2698.328935 2694.960991 2688.690884 2686.177271
-9999.0 1128.200058 1203.515124 1281.601436 1409.527491 1574.187147 1691.544517 1856.073321 2077.460429 2202.304998 2342.604482 2423.202714 2497.384425 2553.057901 2612.354917 2664.244564 2692.860098 2706.865766 2692.388980 2710.873107 2678.340070 2673.068624 2694.611678 2725.023990 2742.450328 2748.896036 2742.925156 2734.853567 2729.350609 2729.720895 2729.345962 2727.896068 2726.132006 2724.172518 2721.685621 2724.474214 2729.548310 2723.046746 2712.649763 2703.898550 2696.116431 2687.537563 2681.900407 2677.943661 2677.294801 2677.033014 2669.246309 2658.640375 2648.126301 2639.528595 2631.456731 2625.562575 2622.040834 2615.965577 2605.979595
-9999.0 1021.316265 1147.211738 1234.620126 1346.184959 1480.528037 1599.080755 1759.073080 1901.596843 2131.491739 2284.033016 2424.565728 2471.683470 2536.439868 2592.756162 2665.268947 2669.573989 2643.318824 2610.260873 2598.672229 2609.907546 2622.178481 2635.776170 2655.439487 2674.905348 2686.458988 2691.256561 2685.706098 2673.005103 2663.276307 2655.461478 2644.672632 2637.125612 2635.749976 2638.057454 2646.427664 2647.967080 2638.954192 2626.092613 2609.114456 2594.411711 2583.298224 2580.673773 2582.430734 2582.656294 2578.601621 2571.892979 2560.979914 2548.210977 2535.788027 2528.505214 2522.789384 2514.801266 2503.176387 2489.880445
-9999.0 -9999.0 1067.917292 1178.152028 1280.916689 1399.619452 1505.494589 1639.830046 1787.118775 1965.426043 2083.642857 2234.035536 2316.888664 2363.778781 2408.913995 2466.292451 2490.425044 2517.743556 2508.988012 2519.426363 2530.205759 2538.413401 2548.405290 2559.476951 2573.198837 2584.468806 2594.320909 2592.917342 2584.763830 2566.924276 2544.963361 2528.019403 2518.764528 2511.026828 2521.403559 2533.076534 2528.986645 2522.177407 2509.902862 2493.266693 2480.259075 2466.242340 2462.421814 2462.311204 2462.290064 2459.277470 2455.171506 2442.043508 2429.008284 2417.506927 2412.021857 2405.423657 2400.015867 2388.905927 2377.147344
-9999.0 -9999.0 982.025202 1089.133744 1199.130565 1320.561810 1415.092867 1467.294964 1614.072272 1726.139923 1832.549218 1936.678900 2025.520543 2091.974801 2132.658166 2195.305714 2243.945188 2263.087834 2293.722571 2335.419979 2366.664722 2400.829677 2422.696094 2435.751324 2450.478594 2465.317261 2474.388090 2462.127866 2451.748458 2435.517176 2413.798825 2389.599509 2377.157473 2374.838472 2375.639469 2379.084891 2372.481208 2363.149424 2348.904639 2334.292453 2321.686704 2311.273661 2307.190278 2302.645506 2300.589996 2297.403885 2294.373354 2286.544647 2276.151409 2269.365215 2260.640585 2255.034413 2252.276290 2246.481872 2238.188041
