tests/Borden05m/data_simulated/sim_1/output-maps/psiliqL0008N0017.asc
ncols         160
nrows         34
xllcorner     620200.000000
yllcorner     5168000.000000
cellsize      0.500000
NODATA_value  -9999.0
[rows 0 to 24 of 34, columns 57 to 113 of 160]
-9999.0 -9999.0 -9999.0 -9999.0 -9999.0 -9999.0 -9999.0 -9999.0 -9999.0 -9999.0 -9999.0 -9999.0 -9999.0 -9999.0 -9999.0 -9999.0 -9999.0 -9999.0 -9999.0 -9999.0 -9999.0 -9999.0 -9999.0 -9999.0 -9999.0 -9999.0 -9999.0 -9999.0 -9999.0 -9999.0 -9999.0 -9999.0 -9999.0 -9999.0 -9999.0 -9999.0 -9999.0 -9999.0 -9999.0 -9999.0 -9999.0 -9999.0 -9999.0 -9999.0 -9999.0 -9999.0 -9999.0 -9999.0 -9999.0 -9999.0 -9999.0 -9999.0 -9999.0 -9999.0 -9999.0 -9999.0 -9999.0
-9999.0 -9999.0 -188.407511 -194.047057 -199.569567 -204.763798 -214.047142 -223.455924 -232.271807 -236.333198 -237.284205 -238.174007 -238.569465 -233.213000 -225.217101 -217.531910 -210.224594 -207.809334 -205.333052 -202.954464 -202.397822 -203.710962 -207.005630 -210.346545 -213.813792 -215.314108 -223.785962 -235.394966 -244.490181 -247.299630 -242.742556 -238.155342 -235.568430 -229.331092 -218.256694 -207.128549 -198.346787 -186.418324 -180.817473 -175.565793 -172.275177 -176.329044 -179.910581 -183.616147 -188.329083 -199.422212 -9999.0 -9999.0 -9999.0 -9999.0 -9999.0 -9999.0 -9999.0 -9999.0 -9999.0 -9999.0 -9999.0
-206.293076 -202.977611 -213.865635 -218.764831 -222.209199 -224.545930 -229.855541 -238.816815 -244.351769 -249.911387 -251.606197 -251.644058 -251.598209 -247.357285 -237.433595 -229.385063 -224.537897 -222.074447 -219.558346 -219.369166 -219.826840 -220.221173 -223.155849 -226.624860 -230.079940 -231.909313 -231.947655 -239.638199 -244.997023 -248.263313 -249.410496 -246.936980 -244.609450 -241.596885 -231.799422 -223.311912 -214.804036 -200.500045 -188.052721 -182.744870 -185.108631 -190.191391 -193.941441 -200.364935 -210.201303 -220.763916 -231.384937 -238.712605 -244.162606 -249.377820 -243.241593 -236.818487 -226.412438 -216.057417 -203.861492 -191.571536 -9999.0
-222.393060 -219.542340 -230.564468 -239.187999 -243.648677 -243.723856 -241.699291 -245.544784 -250.312754 -254.366423 -246.554353 -245.277421 -244.071014 -240.832788 -237.367121 -235.139094 -232.320640 -226.925571 -217.850589 -215.143570 -214.586975 -214.438490 -216.264263 -219.405835 -221.224525 -224.036165 -229.262184 -230.117497 -229.595743 -229.439297 -224.083695 -222.573775 -221.316505 -228.476688 -225.149313 -218.760466 -211.707518 -204.464677 -197.229498 -192.385850 -195.505588 -196.905921 -205.390779 -219.417306 -231.159718 -240.102409 -242.845081 -246.079314 -253.814122 -265.994128 -259.132136 -243.541385 -238.810523 -234.999189 -222.904584 -210.471257 -200.158403
-237.439174 -234.431563 -239.639260 -238.876765 -237.582377 -236.192382 -237.885627 -240.891447 -242.093737 -228.821056 -218.987896 -217.102864 -214.067040 -210.657796 -212.061190 -224.657380 -227.377111 -218.624831 -207.851784 -201.681108 -201.384635 -201.297931 -202.691203 -203.724963 -204.305261 -206.772767 -205.525295 -202.669591 -201.612197 -196.175972 -190.326459 -187.586317 -196.549899 -206.119983 -205.833868 -198.195756 -190.185643 -182.600542 -171.265010 -159.267255 -160.712383 -166.912617 -176.422081 -190.845850 -215.042733 -235.541063 -246.350070 -253.067439 -260.126598 -261.142294 -263.370269 -252.905185 -251.129737 -249.428794 -240.725787 -230.311444 -220.129933
-222.508997 -213.943816 -220.131685 -226.097357 -229.825310 -229.304685 -228.894283 -224.989536 -211.001265 -196.222466 -180.088229 -176.833073 -173.872845 -174.001238 -184.069047 -194.778542 -199.308686 -183.763971 -167.379203 -158.499563 -157.022964 -155.863489 -147.124489 -149.220163 -152.159411 -157.880570 -155.109439 -151.530205 -139.117709 -130.986871 -123.933987 -125.932257 -138.236751 -149.814734 -152.274752 -150.747430 -148.962576 -142.966694 -131.944783 -121.230786 -126.449856 -135.096095 -147.229822 -178.261958 -208.096524 -226.377086 -226.241213 -226.209467 -231.175784 -234.700089 -238.818205 -246.857946 -247.510412 -248.241501 -248.848167 -236.844111 -224.621498
-172.413348 -155.274365 -161.112859 -169.990355 -181.424648 -180.959481 -176.886101 -167.653730 -152.864904 -132.187624 -105.583322 -100.094258 -94.907707 -90.124505 -101.229686 -114.138577 -126.545371 -110.221871 -99.390990 -88.839945 -83.986069 -70.686376 -59.167302 -64.273754 -73.650315 -83.472674 -76.156054 -60.464980 -43.554507 -36.058160 -32.124107 -31.784102 -42.518713 -48.918785 -52.781709 -53.364048 -58.064849 -55.192305 -43.002007 -26.431976 -26.951963 -40.671594 -67.614696 -107.999076 -147.132632 -172.408077 -169.851621 -177.417246 -184.507695 -189.951871 -205.356684 -217.966946 -219.050359 -229.256461 -236.043342 -224.865476 -218.976633
-117.461695 -97.186485 -100.041061 -111.581547 -124.165803 -123.562130 -114.080169 -103.004245 -81.247809 -52.763296 -22.989705 -7.286319 2.240471 12.974350 6.082594 -4.158733 -14.107335 -7.157683 7.518248 22.364980 36.447085 51.680799 65.361888 58.543430 47.869209 44.768497 50.259080 69.739983 86.922032 93.440449 96.373254 100.845051 93.969215 85.397432 75.693265 66.459875 57.867366 52.426557 68.951439 84.540445 81.382139 53.758562 24.012287 -16.897451 -60.297199 -99.951805 -108.448351 -111.999344 -115.916859 -134.195511 -152.568808 -174.063883 -187.186290 -197.759530 -214.124355 -210.237171 -204.833569
-1.771155 22.406321 28.827181 14.081306 9.229434 15.489620 29.136036 37.592600 54.715165 86.418406 124.690868 152.475484 176.030787 181.191672 172.480253 163.043460 149.021288 143.957981 158.690048 171.695366 184.004318 195.965093 208.036461 215.017145 213.748123 213.689088 216.680937 221.730350 228.902086 235.773286 242.039808 248.537955 248.547483 239.244852 230.705666 220.360354 211.137661 207.762936 206.983291 214.210008 212.305265 189.882991 161.318735 127.606136 86.870622 49.568610 23.207140 21.133493 3.177003 -19.697617 -47.312157 -89.987184 -113.751611 -134.106550 -167.159683 -173.577404 -163.496034
130.437714 149.080554 165.533530 164.905557 168.057145 172.287645 179.583208 185.802225 194.779060 227.620789 263.313545 294.855497 320.283029 330.093929 321.213624 311.679716 300.621649 291.215217 292.634827 305.768234 321.687031 337.012766 347.372254 350.850278 349.430344 349.623731 351.263047 354.462744 356.949978 361.978960 368.667655 378.845139 390.624494 386.514831 370.157396 356.641457 340.841658 333.444938 330.280926 325.982676 325.122134 321.013922 294.200970 266.830476 234.432695 201.393587 176.736068 156.429952 134.245998 109.180835 60.432489 12.958357 -28.437766 -63.049137 -97.025197 -105.207549 -80.405486
256.703203 282.922846 298.743465 303.938147 306.863757 310.898404 318.469153 325.184656 333.988643 354.491776 389.789539 426.485917 457.246415 464.193938 457.175767 447.049996 436.620146 427.769480 424.471510 430.592359 439.845497 453.515355 464.264113 473.873052 473.896442 473.996510 474.333536 476.466328 477.797872 479.246982 484.625495 495.072096 504.705790 505.934431 495.444035 478.836188 460.233401 448.998490 440.060424 433.138162 431.926185 431.875326 427.887084 405.555470 371.682726 328.777704 298.855188 275.261683 260.399698 243.588140 222.714034 177.412624 149.733379 114.307344 74.735350 44.259773 74.806361
368.424766 397.839259 417.578622 427.519600 429.934551 434.975181 444.819577 453.379092 464.900002 481.614959 502.313613 530.121911 559.196966 578.974434 577.117353 565.615298 551.742269 548.687945 546.884730 549.506046 555.171115 560.681117 573.078858 584.802068 590.118104 589.765820 588.862196 591.119115 590.797504 591.762325 590.962098 595.175417 601.073685 601.813947 599.483934 585.709040 566.021600 546.586077 534.823327 528.841574 525.196396 524.684923 522.580040 511.756280 485.229050 448.819705 413.539383 388.221023 369.802675 355.345935 344.156319 330.223634 313.499956 285.281792 244.486986 207.586688 196.707972
469.579334 494.155269 518.701043 535.744192 541.940326 551.610897 560.828656 572.704828 587.032433 604.953523 617.222885 632.597653 653.334570 665.139523 671.070985 671.809218 671.952720 673.887476 673.372247 663.058059 664.668454 665.874445 668.226482 672.027763 673.100816 672.746436 672.625278 673.627382 673.571725 674.182064 673.643124 672.950290 673.856666 673.635384 673.298873 668.945656 664.854419 647.847209 635.694154 628.124513 620.601262 612.123298 602.676798 592.919392 577.052266 548.498112 514.143480 483.365351 467.897215 459.152982 452.078645 445.934779 430.885322 409.559753 381.186109 344.962922 308.436079
571.276456 588.491655 613.382697 629.884031 639.328078 649.903961 656.880891 668.791901 680.039446 679.876663 681.701937 683.839136 686.276273 687.345044 687.651340 687.416111 685.041565 684.371632 682.252946 676.549254 667.182524 668.197832 669.043086 670.907804 673.828930 671.824487 672.215420 675.476123 674.499061 669.712762 666.507979 665.057627 665.244097 671.869794 674.451952 674.454038 674.409654 673.618257 673.187253 672.529023 671.901702 671.188190 670.142323 668.458291 658.801623 636.637729 606.385617 573.289355 553.167864 544.162265 543.360570 538.808134 530.950080 510.089564 482.420231 447.493335 410.354925
672.054442 676.961343 681.446264 683.686373 684.935174 687.818936 690.788693 691.380877 687.962090 684.129469 679.181744 677.727050 676.532352 674.233644 674.751833 672.496141 668.149086 663.831817 656.242302 644.246484 632.006960 629.329270 633.484194 637.630637 640.845089 642.281181 643.907991 646.657574 643.332681 636.537359 630.136964 628.259961 634.359513 639.488479 643.383746 642.455025 642.201026 641.329802 642.316419 640.913513 642.435594 649.894927 663.941190 671.789076 672.991031 672.542105 669.230255 662.935468 646.065773 626.088895 627.752392 622.415600 609.309363 584.898198 559.593081 530.032447 500.606516
680.726974 678.376025 672.718559 667.197821 666.644130 670.631180 677.397454 678.739858 671.579931 662.696139 654.192016 646.411287 643.918182 642.067410 640.895845 640.265750 634.139045 625.186887 606.857227 592.267741 579.423780 572.490558 570.734189 575.645225 583.901138 591.224470 594.789160 589.853024 583.767655 574.498841 567.037717 567.367218 570.065586 578.392485 590.218310 592.759168 593.953171 590.408592 587.756584 583.453261 583.653657 593.396048 612.191632 628.454562 641.942857 650.471405 658.732611 665.290405 670.919357 671.168888 671.301436 670.710634 666.860651 651.421358 631.142540 608.024448 581.322494
657.349528 651.409044 644.305803 638.267946 636.491519 638.992347 642.083581 638.884259 631.478334 619.528482 604.662375 592.447308 585.661812 585.505912 586.788680 586.570031 579.639118 564.339300 545.069469 529.757991 514.792243 510.042895 505.140274 501.916137 511.876427 526.851500 532.022969 520.137417 511.441886 498.549534 491.473251 489.033886 490.793427 499.931556 517.833259 534.485760 535.636341 527.379144 519.562490 516.086278 515.514733 524.945868 546.124560 567.137119 582.671243 594.078669 603.566084 613.947460 624.292181 636.075227 649.164820 660.686069 671.046581 672.910579 671.948060 668.801990 652.713593
621.587286 611.724696 603.617231 596.933824 592.354643 589.818016 587.360202 581.171479 573.612194 560.505397 546.221970 533.059388 519.146639 515.317527 512.540521 513.746291 502.158781 490.217997 470.004037 453.747809 437.744909 428.173694 422.093581 416.338239 422.207453 437.622048 446.442605 432.165482 422.297416 409.467077 403.267631 400.247369 401.781499 411.432140 433.660511 451.872084 458.267609 450.777673 445.151007 443.065146 443.420100 450.316987 467.436019 488.835622 510.033251 526.444756 537.964418 547.830584 559.429679 574.961869 590.871163 608.181682 626.563128 646.139955 661.021138 670.261559 675.194129
576.138816 565.116559 553.965461 543.115102 536.844580 537.194953 530.243433 523.544784 510.881568 468.116351 450.757852 432.889778 417.854067 412.283855 404.995261 399.487184 389.796120 382.068417 371.779583 355.769951 338.605951 323.189430 317.835707 313.271377 306.979313 314.411233 318.177767 318.210604 311.067792 304.411933 301.338172 298.984005 302.576218 315.757961 328.231559 339.456651 345.369339 342.276074 348.369903 354.617862 357.265823 373.154567 387.922034 406.538703 428.566553 451.905942 465.398537 476.005341 488.078117 504.823698 523.289228 543.043686 567.322122 593.394110 612.496520 625.245515 637.927978
524.725467 510.286071 497.466302 484.925789 472.738437 472.967252 468.929135 461.341047 425.634201 383.956534 352.847310 334.787588 313.686886 303.053024 293.294850 270.589038 257.000230 249.133968 250.909239 239.488183 222.027871 207.112685 198.981112 192.632810 180.876087 174.888875 179.073057 189.357353 183.805783 181.098075 184.260403 182.328540 179.955195 187.638839 202.315903 211.193440 220.758893 230.701319 235.899366 243.944344 268.560425 283.306886 298.887776 319.572929 341.911728 364.965589 384.778783 398.249762 413.160115 432.639189 450.480708 472.688879 497.781288 527.593062 548.914461 565.008927 578.452557
453.430421 437.515680 421.287068 403.161158 382.847222 380.236318 372.907016 357.392764 314.733074 274.558544 243.539078 221.231878 196.471323 178.458493 153.281617 121.245661 100.216329 102.015561 108.006915 104.887248 88.509961 72.990785 60.500916 45.848145 28.873607 17.701224 26.071084 35.565861 41.131108 43.892934 47.827931 49.443238 48.461909 46.460630 56.335676 67.045492 79.254869 91.099445 104.434674 134.812764 162.134691 181.403305 203.720330 225.659915 249.986555 275.075898 296.855380 313.242658 332.233501 352.117360 373.497356 395.495662 421.730823 452.099191 476.974457 493.480533 508.996287
375.309982 353.996573 330.229057 295.052880 280.224049 271.126596 260.552253 227.723548 185.302267 146.140403 117.174826 88.998387 60.516313 30.028151 -4.761648 -36.434486 -58.474784 -52.854821 -46.318224 -37.666737 -51.927514 -66.063328 -74.637529 -90.714207 -106.090247 -120.589883 -112.269242 -102.370402 -86.564264 -82.773172 -79.383390 -73.089294 -74.348221 -76.071213 -81.797857 -71.581717 -60.061068 -45.012733 -15.629753 14.089031 43.550629 69.518476 95.033059 122.501706 151.332040 179.601559 207.381191 228.649693 249.275055 271.889196 293.207976 313.356521 336.389543 363.866715 387.930992 407.952395 429.297710
279.892797 256.420972 222.553420 179.096791 146.038421 131.353859 95.496015 58.352826 13.624629 -13.511249 -37.966184 -65.597084 -91.087902 -115.547511 -144.943235 -170.345536 -194.792638 -191.275299 -179.292370 -165.918677 -174.090106 -179.476744 -183.545887 -195.843082 -210.012538 -223.809338 -220.052641 -205.148898 -188.344557 -181.616680 -175.282651 -167.779634 -167.677311 -173.863912 -181.871364 -175.725829 -161.642677 -144.765332 -121.300749 -96.157009 -70.986009 -46.966821 -19.860799 9.436410 40.030527 72.889585 106.210665 131.680275 160.243276 188.606478 211.368870 226.399541 243.779251 270.361464 290.639854 313.439187 336.655790
175.038555 146.897793 103.089579 54.408035 4.950672 -36.256671 -73.235171 -108.632416 -132.472375 -154.768772 -175.787623 -196.402195 -218.575785 -239.609325 -260.224569 -282.791881 -302.911958 -297.871996 -284.474345 -271.979441 -270.339696 -273.605269 -276.911129 -285.095864 -298.814110 -310.667785 -302.598658 -287.046360 -271.694974 -261.908740 -255.253357 -248.915934 -251.638099 -259.747949 -266.659442 -258.712754 -243.162672 -227.668455 -209.090705 -186.590588 -163.718384 -140.475177 -115.635789 -89.925447 -60.926496 -30.008455 2.256287 34.450423 65.444941 95.041003 112.394070 128.882756 142.687241 164.200731 186.360995 210.092484 235.757200
38.693432 5.452561 -34.812398 -80.638489 -117.223843 -152.356803 -185.444446 -217.617081 -243.764135 -262.817513 -274.045218 -289.631645 -309.639831 -323.868103 -341.198524 -360.948804 -362.872554 -359.107631 -346.566582 -344.052141 -343.388615 -346.459426 -347.668414 -352.675293 -364.753811 -359.312364 -351.403750 -336.258088 -325.154370 -315.805483 -309.449076 -305.206858 -305.840860 -313.113361 -310.533639 -303.154507 -288.321640 -276.203184 -260.454306 -239.054835 -220.925078 -200.542806 -177.472079 -153.297655 -127.332337 -99.266975 -68.444127 -39.315149 -13.984233 1.444867 17.542224 29.170793 29.350978 49.861556 71.477672 93.629054 122.936838
