tests/Borden05m/data_simulated/sim_1/output-maps/psiliqL0030N0003.asc
ncols         160
nrows         34
xllcorner     620200.000000
yllcorner     5168000.000000
cellsize      0.500000
NODATA_value  -9999.0
[rows 0 to 24 of 34, columns 55 to 109 of 160]
-9999.0 -9999.0 -9999.0 -9999.0 -9999.0 -9999.0 -9999.0 -9999.0 -9999.0 -9999.0 -9999.0 -9999.0 -9999.0 -9999.0 -9999.0 -9999.0 -9999.0 -9999.0 -9999.0 -9999.0 -9999.0 -9999.0 -9999.0 -9999.0 -9999.0 -9999.0 -9999.0 -9999.0 -9999.0 -9999.0 -9999.0 -9999.0 -9999.0 -9999.0 -9999.0 -9999.0 -9999.0 -9999.0 -9999.0 -9999.0 -9999.0 -9999.0 -9999.0 -9999.0 -9999.0 -9999.0 -9999.0 -9999.0 -9999.0 -9999.0 -9999.0 -9999.0 -9999.0 -9999.0 -9999.0
-9999.0 -9999.0 -9999.0 -9999.0 4197.054389 4191.814462 4187.197590 4182.817468 4174.441958 4165.123519 4157.451738 4153.223684 4151.998896 4151.153616 4150.448365 4155.180450 4163.226921 4170.799556 4177.553052 4179.933072 4182.216114 4183.916601 4184.036055 4182.889602 4179.611835 4176.208604 4172.785270 4170.995887 4163.845687 4152.782479 4144.616667 4141.939306 4146.028814 4150.317630 4152.752407 4157.701058 4167.949636 4178.456222 4187.020757 4199.762525 4207.113583 4212.488635 4214.912373 4210.909619 4207.675632 4203.607387 4197.107345 4185.968519 -9999.0 -9999.0 -9999.0 -9999.0 -9999.0 -9999.0 -9999.0
4142.062151 4160.375281 4181.666294 4184.730190 4172.820865 4167.674060 4164.574229 4163.027341 4158.981806 4150.551076 4145.485123 4139.979767 4137.080603 4137.049909 4136.842543 4140.324750 4151.223400 4158.908936 4163.350773 4165.973901 4168.843802 4166.823482 4165.913828 4165.665562 4162.708479 4159.153661 4155.725331 4153.812053 4155.560985 4147.945912 4141.774894 4137.714578 4134.343002 4137.139285 4139.909106 4144.844406 4153.882162 4161.675566 4169.558708 4184.975440 4198.364264 4204.166930 4201.575738 4197.075457 4193.213641 4185.536176 4174.526444 4164.622399 4157.050086 4151.222824 4145.898313 4139.234657 4145.769387 4154.027760 4163.168912
4125.253462 4144.454031 4165.010767 4167.479861 4157.338922 4149.767690 4142.348591 4142.955357 4146.737888 4143.591997 4138.710520 4130.037165 4140.514526 4141.392995 4141.907129 4144.999215 4146.429932 4152.104102 4154.348641 4159.606671 4168.511007 4171.286214 4171.627409 4171.577921 4169.480657 4166.116483 4164.038018 4161.165493 4155.809839 4153.757082 4153.180883 4151.554306 4155.352457 4156.869511 4160.133197 4154.993598 4159.667100 4165.914138 4172.899913 4178.078285 4184.027447 4186.072301 4182.739068 4183.751847 4175.395977 4161.775091 4152.302116 4145.161038 4146.078905 4143.220465 4135.285803 4121.261092 4129.964024 4146.280992 4151.152307
4129.976390 4138.840261 4149.035760 4151.382205 4146.326783 4148.798402 4150.622407 4151.715193 4149.749331 4146.026042 4140.888363 4150.645032 4158.580895 4159.803554 4162.028848 4166.010069 4167.246637 4156.639614 4154.659344 4161.547226 4170.925137 4175.813979 4175.918519 4175.395084 4171.138306 4169.863839 4169.647393 4167.915225 4166.954513 4168.201564 4164.991484 4167.392306 4172.793663 4176.226136 4171.793240 4163.584318 4166.250380 4174.904043 4184.311425 4191.955100 4201.936460 4212.499973 4213.143738 4208.921629 4200.516320 4188.360837 4166.163120 4149.244623 4138.225932 4129.954972 4122.665556 4126.587769 4121.384442 4136.030015 4137.894941
4112.780143 4134.688053 4154.419259 4159.663987 4153.645276 4150.328335 4149.561031 4150.148182 4148.818119 4148.481593 4156.046139 4167.244272 4177.453780 4179.212915 4180.780100 4179.194880 4172.115038 4161.733144 4159.361883 4172.105126 4188.965504 4196.663251 4195.780882 4190.280719 4192.167864 4192.748946 4193.947831 4191.066760 4191.365593 4187.727357 4191.746077 4199.459963 4207.713665 4206.488419 4193.951632 4181.298576 4181.665392 4187.948459 4196.026144 4203.999329 4214.076006 4222.943088 4218.151088 4213.532983 4206.884612 4182.083007 4160.731816 4147.133079 4147.441386 4148.344065 4144.026217 4142.344394 4142.177124 4138.987510 4139.442576
4147.464883 4166.169710 4186.572928 4198.723484 4192.488874 4185.263290 4177.418192 4177.532020 4177.150175 4182.339683 4191.957169 4203.308534 4224.398108 4222.877867 4222.514940 4219.945121 4206.496957 4192.982484 4183.385465 4206.829425 4218.156297 4224.863813 4220.941924 4224.580910 4232.857411 4229.610778 4223.873602 4211.250544 4216.661527 4221.498499 4236.720890 4245.069579 4250.831423 4245.194469 4230.384138 4223.262402 4225.712699 4233.506060 4235.797428 4245.713939 4253.950359 4268.756412 4267.054686 4265.376748 4246.108988 4208.825232 4180.849673 4170.480722 4183.520410 4178.080850 4171.651210 4172.557674 4162.304501 4156.184267 4159.472085
4176.098540 4188.404761 4204.229170 4220.433615 4210.430155 4200.548195 4183.152730 4179.314766 4182.574148 4192.932631 4210.175210 4226.843103 4245.771814 4241.657505 4232.203144 4241.995800 4234.903295 4223.621634 4216.364743 4241.095431 4250.662607 4260.512409 4265.070275 4277.792961 4287.968995 4269.310729 4250.667458 4238.638636 4246.293473 4273.846429 4297.988807 4302.767792 4301.175459 4299.555173 4282.216568 4277.888781 4275.460497 4277.478875 4275.774843 4274.508922 4302.034018 4325.076219 4325.127580 4303.843726 4281.156830 4240.074283 4201.858684 4179.540059 4196.388627 4192.505769 4196.846141 4187.952610 4177.103217 4172.577848 4172.042610
4220.715307 4240.439667 4255.929984 4278.405001 4266.492022 4241.644615 4223.288447 4225.433439 4239.533534 4248.178471 4267.957949 4283.248219 4307.647411 4317.257595 4326.355075 4330.398006 4323.852673 4315.484995 4303.848527 4311.454001 4337.670423 4349.353944 4357.095392 4364.887673 4377.722554 4376.548960 4368.296116 4366.064795 4370.871307 4386.470188 4402.776333 4409.622926 4412.001735 4413.716200 4397.447735 4383.613534 4382.916405 4378.398900 4378.785397 4378.440299 4392.573842 4415.972492 4412.163367 4371.959530 4344.691532 4308.121273 4268.678022 4239.335418 4236.145471 4258.780758 4258.913308 4242.835973 4234.674338 4210.988571 4208.954587
4286.354092 4319.165267 4343.112903 4352.484923 4358.532744 4340.962291 4338.038361 4342.590573 4351.668016 4354.557749 4360.913398 4393.761770 4427.725927 4451.864066 4474.578698 4481.563123 4468.720313 4458.985617 4444.982910 4436.417284 4449.778492 4468.154083 4486.332168 4501.184457 4512.665324 4514.298243 4512.610614 4512.622619 4516.148665 4519.216625 4524.028109 4533.356883 4541.215077 4549.508223 4556.622919 4544.644094 4527.445351 4519.037912 4511.381312 4511.794877 4513.950585 4519.403033 4520.619104 4500.622019 4454.634554 4421.380345 4388.534001 4371.177077 4359.747526 4363.196193 4344.741591 4319.115669 4265.170403 4228.000258 4197.114174
4369.413891 4415.584157 4445.176472 4460.800835 4473.234689 4468.736619 4470.775297 4471.626943 4475.013149 4476.785008 4478.408202 4507.073033 4550.717849 4591.517472 4623.808913 4622.579172 4607.476653 4595.867038 4587.200138 4571.573746 4567.488643 4581.889025 4598.924207 4620.835343 4631.067638 4636.055631 4631.884907 4632.060434 4634.368254 4636.868590 4639.178794 4643.451962 4654.103898 4670.423382 4686.143656 4684.607061 4663.574714 4645.106218 4629.339935 4628.287042 4626.854200 4622.011958 4624.907561 4626.942603 4607.789235 4573.779651 4531.829062 4491.281342 4477.011534 4463.140376 4452.283653 4434.298153 4387.985503 4315.256350 4272.041272
4486.194266 4523.508213 4553.220664 4584.180304 4598.271746 4599.047958 4595.809024 4593.878105 4601.107890 4602.921726 4607.351348 4624.292752 4659.933351 4698.332082 4729.615508 4744.719043 4735.590723 4715.692172 4691.634061 4680.156037 4676.673461 4680.933389 4691.615950 4706.362760 4727.540479 4748.447802 4754.430729 4755.384349 4752.605111 4755.199928 4756.962700 4757.120341 4760.766383 4770.723103 4781.715428 4785.404410 4776.441517 4753.303073 4728.307430 4717.769937 4711.828205 4708.630708 4710.531998 4716.888434 4721.172245 4704.846062 4666.062543 4618.366751 4588.749439 4575.220039 4562.833856 4547.901603 4534.246012 4495.776777 4472.908614
4598.125410 4614.513576 4644.470706 4674.734410 4697.366679 4711.853604 4711.233970 4713.587624 4718.590912 4725.287078 4740.499270 4765.822929 4787.146860 4812.339867 4841.346983 4859.277143 4864.485845 4862.084345 4856.927835 4857.909363 4858.348179 4780.550507 4788.158949 4795.763829 4816.925656 4835.370944 4842.165707 4842.955131 4839.805486 4841.958639 4842.906033 4842.705032 4842.320277 4845.594346 4851.879185 4854.281229 4851.311701 4836.184196 4860.540969 4839.102752 4824.853640 4816.214563 4807.598531 4799.273753 4789.657438 4779.365359 4757.349950 4724.260482 4688.671420 4668.571731 4661.373658 4654.891502 4645.155554 4638.787997 4620.405900
4698.389467 4709.066121 4728.715739 4752.970901 4790.045669 4815.632545 4827.699417 4837.562161 4842.374923 4857.229473 4875.450004 4855.065281 4865.382767 4876.059462 4886.667878 4890.310901 4891.353981 4890.872678 4888.393429 4887.431291 4884.682428 4881.642318 4870.725135 4872.384479 4874.520679 4877.201297 4881.038442 4880.019214 4881.213078 4884.194947 4882.317124 4876.009948 4871.707187 4870.123816 4871.347730 4878.947216 4882.603207 4883.637510 4879.292947 4878.242923 4877.005834 4872.782504 4867.509759 4860.076744 4850.568450 4870.051667 4856.958377 4826.553762 4782.773072 4738.363921 4732.576020 4736.253784 4735.558894 4734.153493 4728.286280
4832.486032 4847.210066 4863.047719 4833.067269 4860.810902 4875.009007 4881.647792 4886.463568 4889.507078 4893.506593 4890.580050 4887.722595 4882.707242 4880.984209 4879.577624 4877.085250 4877.694896 4875.802146 4871.626095 4867.318942 4858.661274 4846.657085 4835.469916 4831.457328 4835.652426 4841.542627 4847.062298 4852.050861 4855.963336 4855.532888 4849.715945 4840.962483 4833.141864 4831.569366 4838.667849 4844.535955 4851.632166 4852.603784 4851.193317 4848.480924 4848.036928 4844.402330 4844.494776 4851.893557 4867.417573 4868.965832 4876.295150 4875.251387 4854.577767 4817.142183 4836.172295 4815.712684 4822.571365 4817.736437 4806.076722
4881.249281 4884.690369 4882.665454 4881.834344 4875.219633 4868.991884 4868.153294 4872.231496 4879.388223 4880.336668 4873.158041 4864.327020 4856.847491 4849.015839 4846.489895 4846.144185 4845.999112 4846.619947 4841.234544 4831.184187 4813.292166 4801.568234 4790.451843 4784.476934 4779.891568 4782.747815 4794.648833 4807.964825 4813.211561 4802.806662 4793.851447 4781.442411 4773.280803 4773.805225 4774.366912 4784.170878 4802.353638 4811.179546 4812.055319 4805.016416 4797.712508 4790.739316 4787.276823 4793.675261 4809.369609 4827.033612 4843.700513 4853.428255 4861.460559 4868.969091 4865.299255 4868.703407 4870.576546 4867.931930 4872.622819
4876.181351 4868.953982 4861.723041 4856.227918 4849.744436 4844.502198 4842.539519 4844.144030 4845.640656 4841.127035 4834.729926 4824.615281 4813.327543 4803.435913 4795.097443 4796.133605 4798.515466 4800.406818 4792.625270 4776.658314 4758.390058 4744.677118 4730.640824 4726.635445 4720.246596 4711.149996 4721.133720 4742.044353 4749.941351 4732.701850 4721.315039 4705.592278 4699.251909 4694.864435 4695.369587 4704.199102 4727.964071 4754.197243 4756.712269 4745.263183 4733.864082 4729.239330 4725.885584 4729.981814 4746.499175 4768.063698 4785.021825 4796.068496 4801.477717 4809.325717 4818.861379 4834.159748 4849.862652 4862.939824 4866.254614
4850.279483 4842.425789 4834.655177 4826.874646 4819.874941 4813.527451 4809.087261 4807.065069 4802.482582 4796.156375 4788.927955 4765.544208 4752.725342 4739.163732 4723.485583 4719.217284 4713.531732 4714.246448 4702.411504 4695.126787 4679.225393 4663.719017 4647.928467 4633.321523 4627.540895 4620.441279 4616.455794 4629.225473 4637.461619 4629.362372 4619.849685 4609.984940 4606.075798 4602.692508 4605.443400 4616.053008 4634.776399 4653.150863 4662.314418 4655.319169 4655.665680 4656.783967 4655.263474 4662.095779 4671.844259 4689.477032 4712.868979 4733.343541 4743.745490 4750.553224 4759.680683 4774.403114 4788.888719 4803.703750 4822.398846
4819.372532 4809.851205 4799.716132 4789.714657 4778.968298 4768.167275 4761.304701 4764.305252 4758.263436 4752.670360 4726.838694 4667.896699 4645.259931 4625.583453 4608.654012 4601.260993 4592.161849 4572.640381 4563.950355 4560.097659 4565.575550 4552.010752 4534.323339 4515.905228 4511.043053 4507.687460 4487.021039 4478.794803 4478.327693 4499.343168 4493.778910 4494.292077 4497.804939 4495.508985 4496.123748 4508.651455 4514.879649 4518.673356 4525.860274 4533.315468 4545.632559 4554.781716 4567.792986 4585.849373 4596.124156 4610.951186 4631.257135 4658.105769 4674.778475 4684.553608 4694.992230 4710.430927 4726.704865 4744.870168 4767.619313
4784.079805 4766.353928 4751.205235 4736.526676 4723.533132 4710.337592 4693.212402 4695.228938 4693.317547 4682.050550 4621.556215 4580.979709 4546.176833 4529.004316 4504.398066 4489.684395 4470.973622 4427.565827 4408.673720 4410.229401 4428.851022 4427.637706 4412.895162 4401.764767 4391.771468 4381.287556 4361.610629 4338.910298 4345.540925 4366.558661 4369.681479 4375.065875 4384.513367 4384.547934 4376.581679 4370.690638 4381.928053 4386.510368 4398.463146 4418.860686 4424.292532 4443.973800 4481.086117 4493.927910 4509.212094 4527.219386 4547.345734 4569.470627 4593.195007 4607.775907 4623.372243 4641.872206 4658.660843 4678.992687 4701.465764
4731.233165 4698.633972 4676.667275 4658.723968 4638.622446 4608.982573 4588.812650 4586.302909 4580.117513 4546.860882 4491.727908 4457.536173 4436.248361 4414.263204 4391.350172 4365.298411 4323.570571 4287.249383 4264.587608 4284.371274 4297.187763 4313.082387 4302.647719 4292.608108 4283.186254 4263.388341 4245.903593 4227.494255 4239.547769 4248.314300 4271.699444 4280.037887 4284.146256 4291.466931 4289.942310 4276.634742 4267.408929 4275.258954 4285.073577 4297.843026 4322.862671 4361.130630 4386.257327 4405.128709 4425.717430 4443.939418 4464.834303 4487.491248 4510.785946 4528.125576 4546.363637 4564.540385 4585.325031 4603.757928 4625.817844
4646.051307 4617.564198 4591.240734 4567.693012 4533.719345 4484.073083 4469.523198 4460.113576 4434.280177 4381.974961 4340.214273 4324.658323 4315.697576 4292.868490 4272.830261 4242.824757 4207.664229 4187.863911 4167.121517 4179.101909 4190.938122 4214.785776 4207.419873 4202.455678 4200.849020 4185.337923 4172.351083 4155.109178 4160.961126 4174.150266 4200.353139 4207.223551 4211.746872 4222.246743 4221.681253 4216.138260 4194.977619 4200.943568 4211.946442 4227.131006 4259.797554 4281.694172 4303.632039 4325.647093 4344.670798 4365.803181 4387.350355 4409.830640 4436.470132 4455.953085 4474.763767 4496.081425 4514.576271 4527.149785 4541.319850
4533.886329 4510.612655 4492.211906 4467.979782 4422.302287 4377.917464 4333.972067 4302.647876 4244.319694 4208.690388 4194.040236 4199.631350 4190.198870 4172.185811 4154.829392 4136.830043 4117.112451 4100.407607 4075.361978 4081.915178 4099.603360 4118.374631 4122.979462 4126.144564 4125.681601 4117.445931 4104.255023 4090.714928 4094.600659 4112.638613 4131.234218 4142.511903 4150.769519 4158.626841 4158.139515 4147.314556 4136.402402 4140.582313 4156.267421 4172.125407 4187.949437 4207.462059 4227.349040 4247.233221 4269.169481 4290.961944 4312.990228 4337.003684 4363.270164 4384.522203 4407.662721 4431.442970 4446.302567 4453.138607 4457.927456
4429.232096 4411.620906 4389.162870 4361.277294 4318.713029 4279.953826 4239.768944 4189.110772 4156.344855 4129.310689 4127.546708 4114.616964 4104.407671 4092.691638 4073.860872 4059.885931 4047.891049 4027.900429 4021.948808 4030.728971 4044.900484 4052.230082 4061.227728 4059.975164 4058.393231 4053.943398 4040.183705 4038.707535 4049.497066 4064.669292 4077.882888 4090.061998 4097.006187 4101.616736 4098.271599 4088.469338 4086.508876 4094.440791 4109.533439 4121.944893 4134.968538 4154.369772 4172.848040 4193.245001 4214.461623 4235.084397 4258.174095 4282.004028 4306.938908 4333.573322 4354.514236 4370.762214 4377.464110 4385.003923 4380.480121
4303.795867 4295.160223 4269.799789 4241.699066 4214.537126 4184.433721 4163.560947 4133.962588 4105.675631 4078.635495 4054.038420 4045.234421 4042.114344 4031.727519 4017.273469 4008.469430 3994.805737 3989.089130 3998.757194 3999.933463 4007.147094 4004.407409 4006.007434 4004.303823 4004.350418 4003.448000 3999.608288 4013.778412 4019.911863 4032.723707 4042.350970 4052.114652 4057.564121 4060.698729 4062.169515 4058.672522 4065.238756 4070.380794 4083.056477 4093.185981 4105.082359 4123.499746 4138.844823 4156.026543 4176.639346 4197.963288 4219.993526 4244.003040 4270.504501 4293.388093 4308.694456 4312.692011 4319.572367 4317.575665 4302.610375
