tests/Borden05m/data_simulated/sim_1/output-maps/psiliqL0022N0008.asc
ncols         160
nrows         34
xllcorner     620200.000000
yllcorner     5168000.000000
cellsize      0.500000
NODATA_value  -9999.0
[rows 0 to 24 of 34, columns 0 to 54 of 160]
-9999.0 -9999.0 -9999.0 -9999.0 -9999.0 -9999.0 -9999.0 -9999.0 -9999.0 -9999.0 -9999.0 -9999.0 -9999.0 -9999.0 -9999.0 -9999.0 -9999.0 -9999.0 -9999.0 -9999.0 -9999.0 -9999.0 -9999.0 -9999.0 -9999.0 -9999.0 -9999.0 -9999.0 -9999.0 -9999.0 -9999.0 -9999.0 -9999.0 -9999.0 -9999.0 -9999.0 -9999.0 -9999.0 -9999.0 -9999.0 -9999.0 -9999.0 -9999.0 -9999.0 -9999.0 -9999.0 -9999.0 -9999.0 -9999.0 -9999.0 -9999.0 -9999.0 -9999.0 -9999.0 -9999.0
-9999.0 -9999.0 -9999.0 -9999.0 -9999.0 -9999.0 -9999.0 -9999.0 -9999.0 -9999.0 -9999.0 -9999.0 -9999.0 -9999.0 -9999.0 -9999.0 -9999.0 -9999.0 -9999.0 -9999.0 -9999.0 -9999.0 -9999.0 -9999.0 -9999.0 -9999.0 -9999.0 -9999.0 -9999.0 -9999.0 -9999.0 -9999.0 -9999.0 -9999.0 -9999.0 -9999.0 -9999.0 -9999.0 -9999.0 -9999.0 -9999.0 -9999.0 -9999.0 -9999.0 -9999.0 -9999.0 -9999.0 -9999.0 -9999.0 -9999.0 -9999.0 -9999.0 -9999.0 -9999.0 -9999.0
-9999.0 -9999.0 -9999.0 -9999.0 -9999.0 -9999.0 -9999.0 -9999.0 -9999.0 -9999.0 -9999.0 -9999.0 -9999.0 -9999.0 -9999.0 -9999.0 -9999.0 -9999.0 -9999.0 -9999.0 -9999.0 -9999.0 -9999.0 -9999.0 -9999.0 -9999.0 -9999.0 -9999.0 -9999.0 -9999.0 -9999.0 -9999.0 -9999.0 -9999.0 -9999.0 -9999.0 -9999.0 -9999.0 -9999.0 -9999.0 -9999.0 -9999.0 -9999.0 -9999.0 -9999.0 -9999.0 -9999.0 2511.180810 2494.321143 2480.817098 2477.504318 2499.721022 2523.671081 2548.269749 2569.562321
-9999.0 -9999.0 -9999.0 -9999.0 -9999.0 -9999.0 -9999.0 -9999.0 -9999.0 -9999.0 -9999.0 -9999.0 -9999.0 -9999.0 -9999.0 -9999.0 -9999.0 -9999.0 -9999.0 -9999.0 -9999.0 -9999.0 -9999.0 -9999.0 -9999.0 -9999.0 -9999.0 -9999.0 -9999.0 -9999.0 -9999.0 -9999.0 -9999.0 -9999.0 -9999.0 -9999.0 -9999.0 -9999.0 -9999.0 -9999.0 2558.597354 2564.872296 2565.613551 2556.248424 2545.645034 2533.004259 2513.032511 2495.782340 2482.646371 2481.202921 2484.458999 2488.620318 2510.645858 2536.667832 2557.307192
-9999.0 -9999.0 -9999.0 -9999.0 -9999.0 -9999.0 -9999.0 -9999.0 -9999.0 -9999.0 -9999.0 -9999.0 -9999.0 -9999.0 -9999.0 -9999.0 -9999.0 -9999.0 -9999.0 -9999.0 -9999.0 -9999.0 -9999.0 -9999.0 -9999.0 -9999.0 -9999.0 -9999.0 -9999.0 -9999.0 -9999.0 -9999.0 -9999.0 -9999.0 2463.667258 2481.169479 2499.794077 2519.068190 2536.726193 2544.331232 2550.441715 2556.427265 2552.613033 2548.881336 2538.052474 2518.302221 2499.614983 2487.140342 2486.549605 2484.923482 2489.548703 2502.342008 2519.898994 2536.117969 2557.585381
-9999.0 -9999.0 -9999.0 -9999.0 -9999.0 -9999.0 -9999.0 -9999.0 -9999.0 -9999.0 -9999.0 -9999.0 -9999.0 -9999.0 -9999.0 -9999.0 -9999.0 -9999.0 -9999.0 -9999.0 -9999.0 -9999.0 -9999.0 -9999.0 -9999.0 -9999.0 -9999.0 -9999.0 2465.586245 2460.117341 2455.948162 2455.227898 2454.674067 2454.444273 2461.636035 2473.671796 2491.776149 2514.610895 2528.687323 2536.772877 2544.339256 2545.600830 2540.819368 2539.929963 2541.285336 2529.752955 2518.516020 2508.046723 2497.912342 2496.193745 2506.263938 2521.457736 2538.626259 2554.221161 2570.367678
-9999.0 -9999.0 -9999.0 -9999.0 -9999.0 -9999.0 -9999.0 -9999.0 -9999.0 -9999.0 -9999.0 -9999.0 -9999.0 -9999.0 -9999.0 -9999.0 -9999.0 -9999.0 -9999.0 -9999.0 -9999.0 -9999.0 -9999.0 2433.371448 2438.929888 2446.063229 2454.381936 2456.027365 2453.017214 2448.264104 2446.324464 2445.814608 2444.666061 2450.122008 2458.292007 2472.316368 2488.691690 2511.866234 2521.231064 2527.047809 2539.656055 2544.113910 2552.385939 2557.408350 2556.618161 2553.904077 2540.731905 2530.877349 2534.955181 2540.596998 2548.510695 2557.754599 2572.082571 2587.228100 2603.926261
-9999.0 -9999.0 -9999.0 -9999.0 -9999.0 -9999.0 -9999.0 -9999.0 -9999.0 -9999.0 -9999.0 -9999.0 -9999.0 -9999.0 -9999.0 -9999.0 -9999.0 -9999.0 -9999.0 2407.580010 2408.941114 2410.849780 2416.159337 2417.022598 2419.478283 2427.041288 2435.909049 2439.498767 2438.272843 2438.081484 2440.469414 2444.154506 2449.727473 2461.518955 2476.094390 2491.156649 2505.347801 2527.148993 2542.714473 2556.504359 2573.111634 2574.428000 2571.939990 2571.450674 2572.684755 2572.622135 2573.896381 2575.252149 2582.632222 2585.754879 2591.299544 2601.495010 2613.844069 2631.842137 2651.158093
-9999.0 -9999.0 -9999.0 -9999.0 -9999.0 -9999.0 -9999.0 -9999.0 -9999.0 -9999.0 -9999.0 -9999.0 -9999.0 -9999.0 -9999.0 -9999.0 2378.145343 2380.286960 2383.071648 2388.904964 2392.882451 2397.448645 2405.010515 2407.008639 2411.307968 2419.277591 2424.799044 2434.913482 2444.185984 2452.362103 2459.308381 2462.909175 2470.822150 2481.276782 2493.952209 2509.354527 2530.930037 2555.394817 2572.267091 2590.158372 2608.594900 2610.506629 2610.366688 2612.251686 2612.587193 2616.263440 2632.747010 2638.005220 2636.085327 2649.219776 2662.982203 2667.904367 2678.332118 2699.569347 2723.588639
-9999.0 -9999.0 -9999.0 -9999.0 -9999.0 -9999.0 -9999.0 -9999.0 -9999.0 -9999.0 -9999.0 -9999.0 -9999.0 2328.611805 2333.055539 2343.627055 2354.887059 2358.333975 2363.699019 2370.829656 2383.655526 2388.007163 2394.797857 2402.939389 2416.406052 2426.092310 2436.062702 2448.891857 2458.102515 2466.240851 2473.981503 2478.966277 2492.242722 2507.926868 2524.058305 2544.797747 2567.860481 2588.109804 2607.871706 2625.376792 2639.173253 2639.594291 2640.325400 2644.153273 2651.489991 2669.377769 2688.601358 2693.473025 2707.163644 2729.910894 2742.756183 2753.176813 2762.138676 2777.553694 2800.178818
-9999.0 -9999.0 -9999.0 -9999.0 -9999.0 -9999.0 -9999.0 -9999.0 -9999.0 -9999.0 2298.032951 2300.279336 2297.330465 2296.080817 2302.332692 2315.343346 2330.370412 2337.013563 2349.668611 2371.682141 2390.890416 2394.953542 2409.647113 2421.260858 2429.268335 2440.502571 2454.595065 2468.031009 2485.009248 2498.078406 2509.035823 2527.693007 2544.900478 2562.573529 2581.463327 2603.202833 2621.597257 2648.407487 2677.571161 2689.910477 2710.550647 2717.839593 2716.162250 2717.135552 2728.461898 2743.692061 2762.710427 2782.477194 2801.392674 2825.799728 2840.201638 2855.153773 2866.612601 2879.516592 2896.530580
-9999.0 -9999.0 -9999.0 -9999.0 -9999.0 -9999.0 -9999.0 -9999.0 2272.194929 2280.576642 2286.910862 2284.482377 2280.829319 2276.493447 2291.759735 2308.251825 2325.084182 2344.104273 2360.713140 2379.833661 2395.126114 2411.448070 2433.083080 2445.655536 2458.042107 2474.567392 2489.209786 2506.205605 2528.245790 2539.124014 2553.688770 2575.238396 2593.134962 2612.099976 2632.374656 2651.459367 2678.011987 2711.687726 2744.279698 2765.192170 2793.675898 2812.872490 2811.086339 2813.360592 2818.309098 2844.632722 2873.993286 2905.018348 2817.234964 2839.198503 2866.851778 2884.150226 2893.244644 2904.272228 2917.962399
-9999.0 -9999.0 -9999.0 -9999.0 -9999.0 -9999.0 2242.679226 2267.559332 2283.488619 2275.949216 2264.193432 2260.572563 2256.226415 2285.632116 2309.040351 2327.526580 2345.454442 2364.131988 2381.517674 2392.679408 2425.463448 2445.887916 2460.341014 2477.050055 2493.329839 2509.641370 2528.117158 2551.877858 2572.421323 2598.397418 2619.839842 2641.060219 2669.821539 2690.605700 2710.923959 2729.075510 2760.724036 2796.938771 2834.682425 2863.274371 2890.682446 2819.826320 2819.780233 2822.335023 2825.327711 2847.221910 2879.248310 2907.809811 2937.572569 2967.855450 2994.595491 2988.269995 2996.440738 3005.924142 3017.845140
-9999.0 -9999.0 -9999.0 -9999.0 2208.585272 2229.874702 2249.731083 2280.807415 2303.963673 2300.109865 2306.548966 2306.652555 2304.557739 2310.628789 2319.874793 2338.882394 2359.261841 2379.944404 2396.938933 2428.989028 2476.757332 2491.381074 2513.088610 2545.376085 2559.529238 2576.248073 2594.275823 2617.753746 2640.967499 2674.637021 2714.971748 2749.778943 2775.617954 2797.308028 2820.094520 2842.072035 2879.275857 2814.259580 2847.333029 2878.627054 2905.107009 2928.304932 2936.433967 2941.822571 2951.875654 2967.991644 2989.208690 2998.583599 3029.679625 3060.634327 3083.582372 3093.088796 3098.510089 3107.658166 3115.526603
-9999.0 -9999.0 -9999.0 2155.633527 2194.963055 2234.560196 2261.528330 2293.032932 2326.547219 2329.645792 2340.057208 2343.493907 2346.430455 2354.874369 2361.937555 2380.482085 2399.690857 2419.916447 2444.108810 2481.100538 2514.525486 2538.959275 2570.403124 2592.445065 2610.864628 2627.499214 2648.467995 2672.624246 2715.227262 2751.201274 2799.759310 2853.888076 2890.232002 2812.581042 2832.018449 2858.221021 2882.117761 2916.482057 2949.660401 2980.881307 2994.549620 3015.968732 3030.757460 3035.514925 3044.112504 3050.093643 3063.182782 3082.961686 3104.158532 3133.164889 3161.132792 3185.818495 3199.803962 3209.799453 3225.818006
-9999.0 -9999.0 2107.314965 2146.503700 2179.319373 2228.080798 2282.145767 2318.327001 2359.869097 2382.503439 2389.164828 2404.430650 2419.875636 2425.837228 2439.679303 2456.505993 2479.373323 2490.019790 2511.645488 2535.204612 2579.064650 2619.622155 2627.556470 2675.544105 2710.402048 2744.155632 2765.504731 2795.298959 2835.788008 2875.426326 2820.993650 2867.550443 2901.610618 2927.827736 2942.889009 2961.767609 2981.727742 2989.511697 3023.185893 3048.730522 3079.728751 3104.184310 3123.547218 3125.832310 3128.657376 3143.834581 3169.702631 3196.015203 3222.317103 3248.439025 3240.023104 3258.303346 3266.461540 3271.014256 3278.171720
-9999.0 -9999.0 2078.309362 2124.602348 2161.809145 2223.823604 2309.173828 2346.144172 2389.288226 2437.774945 2456.362868 2482.017757 2485.953336 2485.857665 2508.844901 2529.297564 2549.777848 2560.108721 2559.268846 2614.950641 2674.292159 2711.464949 2734.914806 2811.200082 2864.512519 2889.181551 2809.478038 2827.218977 2847.722981 2886.481944 2925.256218 2977.135564 3002.394955 3030.483721 3044.113018 3061.950995 3080.288867 3094.670392 3112.763895 3155.271680 3184.876727 3212.646011 3241.631783 3261.744503 3269.343936 3273.268171 3253.225260 3268.441905 3278.790309 3283.254902 3284.953349 3281.291189 3280.655994 3281.402571 3282.335449
-9999.0 1986.211707 2038.837170 2090.737153 2157.448067 2222.043312 2301.461639 2380.269331 2446.063722 2499.831407 2530.275662 2534.459847 2551.947982 2587.147645 2612.722968 2636.728294 2645.007763 2656.876104 2644.952776 2701.833138 2747.188449 2806.981075 2821.656058 2875.672923 2930.319672 2927.914756 2916.687737 2923.722790 2941.669357 2985.252628 3041.983362 3092.450053 3151.053047 3193.486998 3208.451641 3214.549755 3231.659290 3250.977291 3213.590518 3248.021017 3263.657774 3276.738338 3283.126811 3284.931414 3285.939979 3285.754124 3282.201379 3275.412971 3267.404191 3261.685990 3257.539801 3253.038157 3255.464339 3258.771179 3259.200793
-9999.0 1948.881148 2007.255923 2077.266512 2146.809131 2202.553756 2294.414955 2454.869315 2517.589406 2559.323833 2575.622209 2573.214515 2642.437223 2709.933499 2742.882791 2792.215010 2785.087064 2776.245412 2752.572181 2784.918959 2830.633946 2807.664289 2961.755463 3033.329298 3074.166423 3082.091804 3084.180781 3110.538305 3150.410956 3190.726293 3229.797989 3209.228762 3248.804815 3268.058863 3272.091095 3272.657848 3276.987666 3275.827046 3273.985111 3269.723605 3264.700427 3264.838353 3269.185365 3269.000298 3266.122979 3262.887904 3257.280295 3249.853742 3244.567526 3239.956010 3237.274833 3234.391763 3232.586747 3232.165494 3227.596701
-9999.0 1912.269467 1986.112138 2046.791202 2100.424812 2201.078387 2331.639183 2475.676453 2574.681419 2614.559383 2613.550271 2667.592599 2774.005369 2821.539756 2871.137145 2892.571269 2880.117662 2841.204394 2828.864531 2871.344862 2937.694393 3029.805920 3147.981210 3235.117908 3248.372498 3251.065908 3212.954627 3233.469079 3252.482705 3254.707047 3255.596972 3261.588018 3266.513716 3269.269051 3267.763212 3264.887717 3260.140531 3252.075986 3247.236133 3243.688787 3240.011841 3239.063593 3241.227527 3242.793763 3240.079554 3236.233303 3231.774494 3226.191930 3220.028575 3213.366637 3209.223557 3205.113269 3203.045779 3197.856524 3194.196336
-9999.0 1797.075573 1891.024257 1937.096852 2026.231880 2211.184217 2341.521539 2488.110333 2651.261282 2683.674141 2744.630843 2833.561353 2944.593695 3012.273303 3042.597895 3076.562482 3100.594595 3117.370772 3151.409273 3059.057323 3128.446869 3207.494116 3243.196466 3258.675044 3264.937576 3265.237665 3255.894317 3235.614748 3224.990578 3218.248527 3219.852506 3227.061867 3231.939926 3236.890770 3234.641605 3235.494427 3236.192994 3232.874126 3229.006314 3220.501004 3212.763794 3206.403407 3203.639124 3208.498392 3203.804788 3201.224149 3195.195667 3187.064902 3180.137281 3172.831111 3165.096912 3158.619571 3156.331664 3151.291075 3150.140459
-9999.0 1716.276596 1790.569106 1860.848971 1981.744474 2147.035571 2256.356913 2419.997387 2654.166051 2787.602107 2900.659698 2981.486595 3044.310510 3090.043864 3141.937909 3188.569759 3212.549037 3221.939889 3197.148430 3213.721228 3174.931343 3164.381846 3179.604197 3206.815469 3221.983158 3225.716988 3217.565366 3207.886891 3200.664720 3199.541655 3197.642779 3194.411443 3191.066490 3187.933022 3184.791971 3187.383308 3192.395321 3185.695813 3177.707210 3168.789366 3160.705015 3151.849429 3146.098931 3141.916089 3141.837958 3142.015549 3134.578461 3124.310341 3113.796521 3105.731237 3098.564040 3093.879932 3091.428093 3086.675070 3078.247148
-9999.0 1603.487672 1732.729232 1815.515417 1919.933815 2052.722566 2166.172284 2324.445267 2464.563737 2705.003857 2816.378424 2975.553766 3013.599333 3076.625074 3125.801282 3193.305444 3190.198713 3159.381552 3119.068862 3102.434325 3110.520364 3118.699270 3127.663367 3143.053005 3160.000394 3169.541489 3173.312921 3166.690102 3152.666704 3141.235712 3131.587990 3119.223897 3110.615134 3108.563352 3111.465931 3120.455624 3121.544358 3112.378045 3098.825842 3081.851186 3066.905004 3055.611614 3053.372627 3055.721252 3056.536669 3052.773543 3046.815473 3036.399421 3024.099422 3012.188535 3006.183606 3001.734596 2994.784219 2984.703286 2990.203640
-9999.0 -9999.0 1650.647826 1760.311121 1859.260925 1975.163418 2074.660318 2203.320823 2349.966630 2528.959954 2652.246316 2819.719921 2858.361681 2901.180698 2939.373910 2984.710122 3005.999030 3031.703330 3019.886055 3027.908950 3035.529267 3040.028164 3045.839727 3052.743158 3063.527727 3072.935146 3081.983725 3079.267188 3070.305595 3050.978281 3027.232986 3008.847227 2998.969408 2990.552203 3001.657993 3013.745467 3009.149317 3002.414060 2990.537577 2991.057751 2978.606198 2964.616670 2961.074745 2961.131452 2961.574608 2959.125427 2956.064865 2945.563656 2933.265808 2922.868428 2918.448910 2912.743427 2908.622159 2898.643298 2888.405427
-9999.0 -9999.0 1563.662189 1669.602191 1776.385980 1896.536290 1987.215575 2023.789488 2167.849461 2279.018175 2389.420734 2501.090335 2597.015493 2670.820453 2712.773813 2778.672484 2833.955456 2855.461344 2810.368932 2853.966651 2884.661226 2919.385304 2940.275573 2949.003455 2961.714237 2975.581862 2983.380218 2969.455774 2958.418555 2941.705589 2920.978115 2895.742707 2882.868241 2881.387852 2881.524801 2884.266992 2877.363255 2868.333505 2854.152504 2840.364743 2828.082073 2818.444715 2814.725267 2809.923721 2807.981515 2805.281694 2805.136739 2908.398925 2898.232377 2891.633335 2882.377602 2876.752049 2873.923407 2868.283695 2859.956634
