tests/Borden05m/data_simulated/sim_1/output-maps/psiliqL0023N0014.asc
ncols         160
nrows         34
xllcorner     620200.000000
yllcorner     5168000.000000
cellsize      0.500000
NODATA_value  -9999.0
[rows 0 to 24 of 34, columns 0 to 54 of 160]
-9999.0 -9999.0 -9999.0 -9999.0 -9999.0 -9999.0 -9999.0 -9999.0 -9999.0 -9999.0 -9999.0 -9999.0 -9999.0 -9999.0 -9999.0 -9999.0 -9999.0 -9999.0 -9999.0 -9999.0 -9999.0 -9999.0 -9999.0 -9999.0 -9999.0 -9999.0 -9999.0 -9999.0 -9999.0 -9999.0 -9999.0 -9999.0 -9999.0 -9999.0 -9999.0 -9999.0 -9999.0 -9999.0 -9999.0 -9999.0 -9999.0 -9999.0 -9999.0 -9999.0 -9999.0 -9999.0 -9999.0 -9999.0 -9999.0 -9999.0 -9999.0 -9999.0 -9999.0 -9999.0 -9999.0
-9999.0 -9999.0 -9999.0 -9999.0 -9999.0 -9999.0 -9999.0 -9999.0 -9999.0 -9999.0 -9999.0 -9999.0 -9999.0 -9999.0 -9999.0 -9999.0 -9999.0 -9999.0 -9999.0 -9999.0 -9999.0 -9999.0 -9999.0 -9999.0 -9999.0 -9999.0 -9999.0 -9999.0 -9999.0 -9999.0 -9999.0 -9999.0 -9999.0 -9999.0 -9999.0 -9999.0 -9999.0 -9999.0 -9999.0 -9999.0 -9999.0 -9999.0 -9999.0 -9999.0 -9999.0 -9999.0 -9999.0 -9999.0 -9999.0 -9999.0 -9999.0 -9999.0 -9999.0 -9999.0 -9999.0
-9999.0 -9999.0 -9999.0 -9999.0 -9999.0 -9999.0 -9999.0 -9999.0 -9999.0 -9999.0 -9999.0 -9999.0 -9999.0 -9999.0 -9999.0 -9999.0 -9999.0 -9999.0 -9999.0 -9999.0 -9999.0 -9999.0 -9999.0 -9999.0 -9999.0 -9999.0 -9999.0 -9999.0 -9999.0 -9999.0 -9999.0 -9999.0 -9999.0 -9999.0 -9999.0 -9999.0 -9999.0 -9999.0 -9999.0 -9999.0 -9999.0 -9999.0 -9999.0 -9999.0 -9999.0 -9999.0 -9999.0 2704.386680 2687.449388 2673.974115 2670.281989 2692.172157 2715.880951 2740.271550 2761.368686
-9999.0 -9999.0 -9999.0 -9999.0 -9999.0 -9999.0 -9999.0 -9999.0 -9999.0 -9999.0 -9999.0 -9999.0 -9999.0 -9999.0 -9999.0 -9999.0 -9999.0 -9999.0 -9999.0 -9999.0 -9999.0 -9999.0 -9999.0 -9999.0 -9999.0 -9999.0 -9999.0 -9999.0 -9999.0 -9999.0 -9999.0 -9999.0 -9999.0 -9999.0 -9999.0 -9999.0 -9999.0 -9999.0 -9999.0 -9999.0 2752.688585 2758.831876 2759.256682 2749.707526 2738.857292 2725.886005 2705.720010 2688.516362 2675.396805 2673.813032 2676.827613 2680.557646 2702.189192 2728.038413 2748.484234
-9999.0 -9999.0 -9999.0 -9999.0 -9999.0 -9999.0 -9999.0 -9999.0 -9999.0 -9999.0 -9999.0 -9999.0 -9999.0 -9999.0 -9999.0 -9999.0 -9999.0 -9999.0 -9999.0 -9999.0 -9999.0 -9999.0 -9999.0 -9999.0 -9999.0 -9999.0 -9999.0 -9999.0 -9999.0 -9999.0 -9999.0 -9999.0 -9999.0 -9999.0 2658.668477 2675.971237 2694.343251 2713.354721 2730.756632 2738.150756 2744.138437 2749.887221 2745.772982 2741.775998 2730.629661 2710.451995 2691.540830 2678.948556 2678.218054 2676.330266 2680.610365 2693.005494 2710.261821 2726.108845 2747.289809
-9999.0 -9999.0 -9999.0 -9999.0 -9999.0 -9999.0 -9999.0 -9999.0 -9999.0 -9999.0 -9999.0 -9999.0 -9999.0 -9999.0 -9999.0 -9999.0 -9999.0 -9999.0 -9999.0 -9999.0 -9999.0 -9999.0 -9999.0 -9999.0 -9999.0 -9999.0 -9999.0 -9999.0 2661.666014 2656.061739 2651.700809 2650.717280 2649.877019 2649.403613 2656.403493 2668.115602 2685.839596 2708.378440 2722.145260 2729.910831 2737.196936 2738.100140 2732.893526 2731.655621 2732.648917 2720.680330 2709.036289 2698.171815 2687.623175 2685.409641 2695.055998 2709.898378 2726.718467 2741.953227 2757.772671
-9999.0 -9999.0 -9999.0 -9999.0 -9999.0 -9999.0 -9999.0 -9999.0 -9999.0 -9999.0 -9999.0 -9999.0 -9999.0 -9999.0 -9999.0 -9999.0 -9999.0 -9999.0 -9999.0 -9999.0 -9999.0 -9999.0 -9999.0 2629.806649 2635.216341 2642.215269 2650.385603 2651.868372 2648.805564 2643.872832 2641.701133 2640.892091 2639.365210 2644.485904 2652.230858 2665.835010 2681.762167 2704.546930 2713.445714 2718.670793 2730.760138 2734.834757 2742.799404 2747.317026 2746.021593 2742.723533 2728.871695 2718.345831 2721.700413 2726.705774 2734.151979 2742.974848 2756.866630 2771.451881 2787.546189
-9999.0 -9999.0 -9999.0 -9999.0 -9999.0 -9999.0 -9999.0 -9999.0 -9999.0 -9999.0 -9999.0 -9999.0 -9999.0 -9999.0 -9999.0 -9999.0 -9999.0 -9999.0 -9999.0 2603.886629 2605.230272 2607.113721 2612.387227 2613.216010 2615.534139 2622.906098 2631.548346 2634.946642 2633.429428 2632.976640 2634.996332 2638.273547 2643.426099 2654.683830 2668.735858 2683.260394 2696.821695 2718.042351 2732.999556 2746.087875 2762.023361 2762.813946 2759.727804 2758.612341 2759.162563 2758.303488 2758.469286 2758.883455 2765.627095 2767.798404 2772.506427 2782.081786 2793.416042 2810.634209 2828.976504
-9999.0 -9999.0 -9999.0 -9999.0 -9999.0 -9999.0 -9999.0 -9999.0 -9999.0 -9999.0 -9999.0 -9999.0 -9999.0 -9999.0 -9999.0 -9999.0 2574.115878 2576.230091 2579.019627 2584.935193 2588.951760 2593.427381 2600.852146 2602.690872 2606.763124 2614.468786 2619.647374 2629.460125 2638.380722 2646.106371 2652.556791 2655.597270 2662.842984 2672.628327 2684.595117 2699.184629 2719.926336 2743.701895 2759.766482 2776.876805 2794.539903 2795.650117 2794.640728 2795.624547 2794.946736 2796.888421 2812.231700 2816.457555 2813.232849 2825.030967 2837.831835 2841.586937 2805.959713 2823.069686 2844.821230
-9999.0 -9999.0 -9999.0 -9999.0 -9999.0 -9999.0 -9999.0 -9999.0 -9999.0 -9999.0 -9999.0 -9999.0 -9999.0 2524.087925 2528.443489 2539.005091 2550.478342 2553.914965 2559.263313 2566.375072 2579.072883 2583.250582 2589.774529 2597.558501 2610.824727 2620.136505 2629.643314 2641.983749 2650.632011 2658.163948 2665.209117 2669.266710 2681.640281 2696.409508 2711.568275 2731.332608 2753.475981 2772.606720 2790.755176 2807.283376 2819.926678 2819.000990 2818.740996 2821.494978 2827.289142 2800.408949 2815.040087 2816.867810 2827.836205 2848.195007 2858.544386 2866.270184 2870.599799 2883.583146 2904.205906
-9999.0 -9999.0 -9999.0 -9999.0 -9999.0 -9999.0 -9999.0 -9999.0 -9999.0 -9999.0 2494.180881 2496.201001 2493.037681 2491.456584 2497.609970 2510.482299 2525.445715 2531.846056 2544.373877 2566.244027 2585.300513 2589.015798 2603.135164 2614.494642 2622.039278 2632.679472 2646.154811 2658.881646 2675.040084 2687.280413 2697.174944 2714.669502 2730.839839 2747.445426 2765.195392 2785.793746 2802.210528 2827.165047 2814.589854 2821.925636 2839.357913 2843.538749 2839.138832 2837.212727 2845.681769 2855.651032 2871.224090 2887.979543 2905.648604 2927.542128 2938.983287 2951.557930 2960.404671 2970.685217 2985.042626
-9999.0 -9999.0 -9999.0 -9999.0 -9999.0 -9999.0 -9999.0 -9999.0 2468.585645 2476.830347 2482.854913 2480.108873 2476.144166 2471.340866 2486.391969 2502.556816 2519.090914 2537.899848 2554.184852 2572.979704 2587.706297 2603.385702 2624.749959 2636.689194 2648.350378 2664.151093 2677.981521 2693.974415 2715.087307 2724.620374 2737.709510 2757.977159 2773.951312 2791.510087 2810.362497 2827.633742 2808.727484 2836.978258 2864.066271 2881.014655 2906.472088 2923.626105 2918.635109 2917.500161 2919.082281 2942.027153 2968.215127 2996.308244 2998.308666 3020.752407 3048.071545 3065.564658 3074.353788 3085.033622 3098.377394
-9999.0 -9999.0 -9999.0 -9999.0 -9999.0 -9999.0 2439.422056 2464.057973 2479.653513 2471.658572 2459.099253 2454.880102 2449.869244 2479.443394 2502.424120 2520.469228 2537.946589 2556.189353 2573.081396 2583.239762 2615.359394 2635.366073 2648.985349 2664.591868 2680.083401 2695.530816 2712.993509 2735.620249 2754.743377 2778.464048 2797.837822 2816.842107 2801.174896 2816.483577 2832.942201 2846.924363 2872.783463 2906.320437 2940.341378 2965.089006 2989.009539 3002.665527 3002.726775 3004.664310 3006.918293 3028.744632 3060.705387 3089.289891 3119.749052 3149.654788 3176.415308 3183.135226 3191.544326 3201.042352 3213.019637
-9999.0 -9999.0 -9999.0 -9999.0 2406.004448 2427.044482 2446.400325 2476.981093 2499.560453 2495.109523 2500.693646 2499.921049 2496.898080 2502.378601 2511.054861 2529.350901 2549.165881 2569.283724 2585.219808 2616.215544 2663.603550 2677.179250 2697.542665 2728.784706 2741.792426 2757.398640 2774.305664 2796.389735 2816.895325 2805.341773 2839.474786 2869.776700 2889.714138 2908.274125 2926.974178 2944.456784 2977.691004 2996.914522 3030.578180 3061.381152 3087.653905 3111.619644 3118.998184 3123.883840 3133.533604 3149.460879 3170.681579 3193.684350 3225.351865 3256.452383 3279.394459 3288.919679 3294.253849 3303.435700 3311.194748
-9999.0 -9999.0 -9999.0 2352.865840 2392.009631 2431.411542 2457.766035 2488.593753 2521.386543 2523.227877 2532.676936 2534.685464 2536.082668 2543.270452 2548.949403 2566.571194 2585.116588 2604.797778 2628.423863 2664.462019 2696.706964 2719.398861 2749.639733 2769.431855 2786.088803 2801.310601 2821.125850 2843.308464 2836.378540 2863.798035 2909.032902 2959.091531 2991.084483 2994.567159 3014.662399 3040.553471 3064.167007 3099.757924 3132.620297 3163.630716 3189.829452 3211.447333 3226.051545 3230.723167 3239.465579 3245.350091 3258.277338 3278.406829 3299.771479 3329.050691 3357.227348 3383.602848 3397.835146 3408.029122 3424.248174
-9999.0 -9999.0 2304.613950 2343.778866 2376.040206 2424.035758 2477.468480 2512.895774 2553.304148 2574.321532 2579.359727 2592.619601 2606.296371 2610.399777 2622.452977 2637.813223 2660.080651 2670.035374 2691.155717 2712.721094 2754.462879 2793.225795 2797.888512 2802.110221 2830.632634 2860.823819 2879.650988 2905.442909 2939.774373 2974.441332 3002.101589 3049.424747 3083.176616 3109.859794 3124.587420 3143.250627 3162.897451 3183.833059 3218.166179 3243.661800 3275.264297 3299.849746 3319.203258 3321.144434 3323.911077 3339.237088 3365.553713 3393.641681 3420.453672 3447.124815 3437.271818 3456.601221 3465.224593 3470.036501 3477.602183
-9999.0 -9999.0 2275.274575 2321.500004 2357.807820 2418.507244 2503.630470 2539.280032 2580.765749 2627.692150 2644.087328 2667.618398 2668.169154 2664.606405 2685.554040 2703.965659 2723.984874 2733.385287 2731.145970 2785.015004 2805.049903 2834.411643 2851.151346 2922.102626 2971.262077 2992.135582 2990.876353 3009.201185 3028.971173 3067.127239 3106.271723 3158.253817 3195.477731 3223.985771 3237.727910 3255.936489 3274.443831 3289.048231 3307.378793 3350.691367 3382.298079 3410.668138 3440.221425 3460.566329 3468.271532 3472.417757 3451.227572 3467.337134 3478.275682 3482.994165 3484.810298 3481.120309 3480.499494 3481.262448 3482.193420
-9999.0 2182.913631 2235.421855 2286.793296 2352.615542 2415.980317 2493.662946 2570.619670 2635.546705 2687.656732 2715.469790 2715.624241 2727.640220 2759.109606 2782.154860 2803.617757 2810.714951 2821.817697 2807.669274 2824.647616 2860.843338 2915.031089 3000.709519 3055.692330 3111.581777 3108.304766 3097.079171 3103.189940 3120.276792 3164.164175 3234.480771 3286.188429 3346.342342 3390.817451 3406.214153 3412.587940 3430.011537 3449.617571 3409.184519 3445.468732 3462.020081 3475.846649 3482.863323 3484.769759 3485.834770 3485.637165 3482.052881 3475.211024 3467.163116 3461.415065 3457.248422 3452.746192 3455.174665 3458.486353 3458.860565
-9999.0 2145.286090 2203.308997 2272.698761 2341.355099 2394.422491 2483.229017 2644.071017 2705.412690 2744.644735 2756.601469 2747.073652 2811.426106 2851.607867 2877.079565 2921.325556 2908.518311 2894.656652 2864.247687 2889.342667 2929.543225 2983.849857 3142.189837 3224.626635 3267.919956 3275.797751 3277.552473 3304.263884 3345.005282 3387.501525 3428.147855 3405.217170 3446.935991 3467.308243 3471.569082 3472.166448 3476.742050 3475.513555 3473.759754 3469.455067 3464.399650 3464.543132 3468.950668 3468.771816 3465.873796 3462.603373 3456.972936 3449.547104 3444.281086 3439.665113 3436.989322 3434.116845 3432.275035 3431.779129 3427.142923
-9999.0 2107.658216 2181.631732 2241.449286 2292.766676 2390.384840 2519.918386 2662.855078 2759.605325 2796.131548 2787.563604 2814.399398 2914.139058 3006.201053 3055.842129 3076.451767 3061.787008 3020.099610 3005.389027 3047.446779 3114.184148 3220.204000 3343.028490 3433.532642 3447.240946 3450.084489 3409.792112 3431.475469 3451.572531 3453.941291 3454.881662 3461.318339 3466.277538 3469.076806 3467.554899 3464.674348 3459.909541 3451.812813 3446.981070 3443.399850 3439.698811 3438.697358 3440.819748 3442.448614 3439.707954 3435.848945 3431.385309 3425.803906 3419.591990 3412.905446 3408.719700 3404.573935 3402.490242 3397.215846 3393.590657
-9999.0 1990.234201 2084.707366 2129.052160 2213.858028 2399.071834 2528.173128 2671.745246 2820.290236 2844.479044 2896.531848 3021.136414 3133.461661 3207.750808 3237.620629 3271.319880 3295.362619 3311.854112 3346.424739 3247.749838 3319.597482 3403.517692 3441.289697 3457.666706 3464.765487 3465.080273 3455.609436 3435.202856 3424.549866 3417.803340 3419.407835 3426.633605 3431.461271 3436.371091 3434.107841 3435.010236 3435.804568 3432.508363 3428.591001 3420.031803 3412.265802 3405.821693 3402.934635 3407.753150 3403.068913 3400.540760 3394.471220 3386.251146 3377.946851 3370.620273 3362.834020 3356.341789 3354.076442 3349.055234 3347.908744
-9999.0 1909.361894 1983.032520 2050.168284 2167.837922 2332.012795 2436.768512 2597.298574 2817.976385 2946.179132 3091.600519 3174.475889 3242.000516 3286.808845 3338.227107 3386.386154 3411.027885 3420.937509 3394.724154 3412.597420 3372.287777 3361.591883 3377.951487 3405.620779 3421.249744 3425.061613 3416.977854 3407.419780 3400.186209 3399.062273 3397.095572 3393.658192 3390.120806 3386.873868 3383.732693 3386.415545 3391.500265 3384.686132 3375.334089 3366.278997 3358.087310 3349.140702 3343.340294 3339.041567 3339.074743 3339.275613 3331.791884 3321.468983 3310.855505 3302.738398 3295.570642 3290.940868 3288.446601 3283.655870 3274.814155
-9999.0 1794.535827 1924.546077 2005.252030 2106.411994 2237.372460 2347.257025 2502.336833 2637.905051 2861.733627 2998.788393 3165.359297 3209.332656 3273.880955 3322.547691 3391.742332 3388.272473 3356.854171 3315.823823 3299.265576 3308.038153 3316.377961 3325.149774 3340.297384 3357.389271 3367.047135 3371.094523 3364.598855 3350.519418 3338.832717 3328.827785 3316.142655 3307.339152 3305.178991 3308.351913 3317.583275 3318.532290 3309.329291 3295.621821 3278.207556 3263.104289 3251.689450 3249.509804 3251.964563 3252.851822 3249.019838 3243.104704 3232.613352 3220.247705 3208.223063 3202.307497 3197.900209 3190.855390 3180.380772 3172.353671
-9999.0 -9999.0 1841.292353 1950.315516 2047.173388 2160.891527 2256.518181 2380.879858 2524.032154 2698.768264 2800.130195 2964.935721 3045.513620 3087.166748 3123.705174 3175.901593 3198.108100 3225.047876 3215.123702 3223.957843 3232.075495 3236.733315 3242.381028 3248.973565 3259.660773 3269.142388 3278.455762 3275.705185 3266.767968 3247.150741 3222.938390 3204.168259 3194.141380 3185.522786 3196.869886 3209.066895 3204.251204 3197.475023 3185.279372 3172.627191 3160.162444 3146.170794 3142.706995 3142.786632 3143.325884 3140.978144 3138.136468 3126.597274 3114.418162 3104.250640 3100.051194 3094.512364 3090.686918 3080.912371 3070.560148
-9999.0 -9999.0 1753.816189 1858.897079 1963.851029 2082.407358 2170.240845 2199.519421 2339.867745 2447.175319 2554.570254 2664.028770 2757.851789 2804.898112 2839.240469 2900.514206 2952.454198 2969.831307 2992.110893 3036.692137 3067.745781 3103.197690 3124.231167 3133.296483 3145.681023 3159.472225 3167.025696 3152.674639 3141.514934 3124.696457 3102.722766 3077.173915 3064.167904 3062.952207 3062.850345 3065.330823 3058.290735 3049.317550 3035.086913 3021.119830 3008.896664 2999.502274 2995.888556 2990.974619 2989.021292 2986.398104 2985.287855 2996.642863 2988.111681 2982.797773 2974.615766 2970.321705 2968.933331 2964.970504 2958.444619
