tests/Borden05m/data_simulated/sim_1/output-maps/psiliqL0026N0003.asc
ncols         160
nrows         34
xllcorner     620200.000000
yllcorner     5168000.000000
cellsize      0.500000
NODATA_value  -9999.0
[rows 0 to 24 of 34, columns 0 to 54 of 160]
-9999.0 -9999.0 -9999.0 -9999.0 -9999.0 -9999.0 -9999.0 -9999.0 -9999.0 -9999.0 -9999.0 -9999.0 -9999.0 -9999.0 -9999.0 -9999.0 -9999.0 -9999.0 -9999.0 -9999.0 -9999.0 -9999.0 -9999.0 -9999.0 -9999.0 -9999.0 -9999.0 -9999.0 -9999.0 -9999.0 -9999.0 -9999.0 -9999.0 -9999.0 -9999.0 -9999.0 -9999.0 -9999.0 -9999.0 -9999.0 -9999.0 -9999.0 -9999.0 -9999.0 -9999.0 -9999.0 -9999.0 -9999.0 -9999.0 -9999.0 -9999.0 -9999.0 -9999.0 -9999.0 -9999.0
-9999.0 -9999.0 -9999.0 -9999.0 -9999.0 -9999.0 -9999.0 -9999.0 -9999.0 -9999.0 -9999.0 -9999.0 -9999.0 -9999.0 -9999.0 -9999.0 -9999.0 -9999.0 -9999.0 -9999.0 -9999.0 -9999.0 -9999.0 -9999.0 -9999.0 -9999.0 -9999.0 -9999.0 -9999.0 -9999.0 -9999.0 -9999.0 -9999.0 -9999.0 -9999.0 -9999.0 -9999.0 -9999.0 -9999.0 -9999.0 -9999.0 -9999.0 -9999.0 -9999.0 -9999.0 -9999.0 -9999.0 -9999.0 -9999.0 -9999.0 -9999.0 -9999.0 -9999.0 -9999.0 -9999.0
-9999.0 -9999.0 -9999.0 -9999.0 -9999.0 -9999.0 -9999.0 -9999.0 -9999.0 -9999.0 -9999.0 -9999.0 -9999.0 -9999.0 -9999.0 -9999.0 -9999.0 -9999.0 -9999.0 -9999.0 -9999.0 -9999.0 -9999.0 -9999.0 -9999.0 -9999.0 -9999.0 -9999.0 -9999.0 -9999.0 -9999.0 -9999.0 -9999.0 -9999.0 -9999.0 -9999.0 -9999.0 -9999.0 -9999.0 -9999.0 -9999.0 -9999.0 -9999.0 -9999.0 -9999.0 -9999.0 -9999.0 3273.138064 3255.924505 3242.469350 3237.549334 3258.342745 3281.179976 3304.765728 3325.063783
-9999.0 -9999.0 -9999.0 -9999.0 -9999.0 -9999.0 -9999.0 -9999.0 -9999.0 -9999.0 -9999.0 -9999.0 -9999.0 -9999.0 -9999.0 -9999.0 -9999.0 -9999.0 -9999.0 -9999.0 -9999.0 -9999.0 -9999.0 -9999.0 -9999.0 -9999.0 -9999.0 -9999.0 -9999.0 -9999.0 -9999.0 -9999.0 -9999.0 -9999.0 -9999.0 -9999.0 -9999.0 -9999.0 -9999.0 -9999.0 3324.188177 3330.011683 3329.590012 3319.594996 3308.095259 3294.189460 3273.433932 3256.233793 3243.110364 3241.057197 3243.279585 3245.619529 3265.939933 3291.106334 3310.770905
-9999.0 -9999.0 -9999.0 -9999.0 -9999.0 -9999.0 -9999.0 -9999.0 -9999.0 -9999.0 -9999.0 -9999.0 -9999.0 -9999.0 -9999.0 -9999.0 -9999.0 -9999.0 -9999.0 -9999.0 -9999.0 -9999.0 -9999.0 -9999.0 -9999.0 -9999.0 -9999.0 -9999.0 -9999.0 -9999.0 -9999.0 -9999.0 -9999.0 -9999.0 3232.365018 3249.129984 3266.846684 3285.202848 3301.987637 3308.900024 3314.629285 3319.805991 3314.945985 3310.309205 3298.354956 3277.014588 3257.512016 3244.598965 3243.479445 3240.822092 3244.053953 3255.206661 3271.475878 3286.083974 3306.247410
-9999.0 -9999.0 -9999.0 -9999.0 -9999.0 -9999.0 -9999.0 -9999.0 -9999.0 -9999.0 -9999.0 -9999.0 -9999.0 -9999.0 -9999.0 -9999.0 -9999.0 -9999.0 -9999.0 -9999.0 -9999.0 -9999.0 -9999.0 -9999.0 -9999.0 -9999.0 -9999.0 -9999.0 3238.849588 3232.767344 3227.759872 3225.942526 3224.235487 3223.057345 3229.518954 3240.357332 3257.081560 3278.908024 3291.946291 3298.967394 3305.632961 3305.698464 3299.467927 3297.441741 3297.601162 3284.561434 3271.908205 3260.040013 3248.404967 3244.830607 3253.289051 3267.118180 3282.900641 3297.018064 3311.811179
-9999.0 -9999.0 -9999.0 -9999.0 -9999.0 -9999.0 -9999.0 -9999.0 -9999.0 -9999.0 -9999.0 -9999.0 -9999.0 -9999.0 -9999.0 -9999.0 -9999.0 -9999.0 -9999.0 -9999.0 -9999.0 -9999.0 -9999.0 3209.508514 3214.244582 3220.554548 3227.994968 3228.727111 3225.262158 3219.661563 3216.722213 3214.994441 3212.362766 3216.557945 3223.153764 3235.676097 3250.484982 3272.367170 3280.169043 3283.947631 3294.832866 3298.136239 3305.580758 3309.001516 3306.615727 3301.996013 3286.506964 3274.339231 3275.860976 3279.245143 3285.522682 3293.287943 3306.184734 3319.246201 3333.846247
-9999.0 -9999.0 -9999.0 -9999.0 -9999.0 -9999.0 -9999.0 -9999.0 -9999.0 -9999.0 -9999.0 -9999.0 -9999.0 -9999.0 -9999.0 -9999.0 -9999.0 -9999.0 -9999.0 3185.337615 3186.279445 3187.626901 3192.301623 3192.491758 3194.009100 3200.473333 3208.146820 3210.725918 3208.146335 3206.802751 3207.685806 3209.779589 3213.783148 3223.622575 3236.354281 3249.579330 3261.622795 3281.526252 3295.138070 3306.629080 3321.089855 3320.880751 3316.616654 3314.274621 3313.474709 3311.089080 3308.629894 3306.855930 3312.267410 3312.096979 3314.759134 3323.102600 3334.301863 3349.931196 3366.552542
-9999.0 -9999.0 -9999.0 -9999.0 -9999.0 -9999.0 -9999.0 -9999.0 -9999.0 -9999.0 -9999.0 -9999.0 -9999.0 -9999.0 -9999.0 -9999.0 3156.512744 3158.138386 3160.331700 3165.670535 3169.179389 3172.854128 3179.524527 3180.689961 3183.654657 3190.211605 3194.077328 3202.773624 3210.507553 3216.842214 3221.860986 3223.374859 3228.873512 3237.001321 3247.283421 3259.961391 3278.817930 3301.223746 3315.767389 3331.337813 3347.491035 3347.045261 3344.340146 3343.611081 3341.152140 3341.491544 3354.805042 3356.979722 3350.710414 3359.338776 3370.089581 3371.932889 3377.907911 3396.687761 3417.899310
-9999.0 -9999.0 -9999.0 -9999.0 -9999.0 -9999.0 -9999.0 -9999.0 -9999.0 -9999.0 -9999.0 -9999.0 -9999.0 3107.352676 3111.123128 3121.114204 3132.417332 3135.204853 3139.865982 3146.245230 3157.955610 3161.108308 3166.527621 3173.067282 3185.014671 3192.834965 3200.702991 3211.431333 3218.353955 3224.146350 3229.310537 3230.927984 3241.082359 3253.715423 3266.685808 3284.397162 3304.934536 3322.010532 3338.848863 3353.955703 3364.394068 3360.634976 3358.742114 3359.784202 3363.367907 3375.202809 3390.589477 3389.965992 3398.547656 3417.957310 3427.164136 3433.511557 3438.694302 3451.638862 3472.279138
-9999.0 -9999.0 -9999.0 -9999.0 -9999.0 -9999.0 -9999.0 -9999.0 -9999.0 -9999.0 3081.073321 3082.306303 3078.238455 3075.120637 3080.558337 3092.516693 3106.674266 3111.726016 3123.237770 3144.061723 3162.150756 3164.466787 3177.014793 3186.315270 3191.970872 3200.529234 3211.990333 3222.560270 3236.375491 3246.410720 3253.557737 3268.215286 3282.266226 3296.677378 3312.167446 3330.888368 3345.464712 3367.678020 3391.108709 3398.464474 3414.158283 3415.953141 3410.823281 3407.975232 3416.117912 3426.160716 3439.837021 3454.435620 3471.811024 3492.668296 3502.089881 3514.077302 3522.299641 3531.879151 3546.445670
-9999.0 -9999.0 -9999.0 -9999.0 -9999.0 -9999.0 -9999.0 -9999.0 3056.823893 3064.682114 3069.656911 3065.912215 3060.895321 3054.440107 3068.535188 3083.309021 3098.433149 3116.035125 3130.779766 3148.171154 3161.079858 3174.698104 3193.606969 3203.011242 3212.133612 3225.576147 3236.952851 3250.099347 3268.822154 3275.060347 3284.543785 3302.237508 3316.248817 3331.393042 3347.838090 3362.678941 3381.521029 3410.231455 3437.742901 3452.782170 3477.528090 3493.682062 3487.252131 3484.776464 3485.285873 3507.303701 3532.456190 3560.424195 3578.490126 3601.048078 3628.404565 3646.638920 3655.463988 3666.163083 3679.599104
-9999.0 -9999.0 -9999.0 -9999.0 -9999.0 -9999.0 3028.777043 3052.849390 3067.590411 3058.448995 3043.686651 3037.871782 3030.993005 3061.077653 3082.650213 3099.100877 3114.824479 3131.305508 3146.403706 3153.691617 3182.066428 3200.087013 3210.538020 3222.406615 3235.311058 3248.152586 3262.779615 3282.491846 3298.495198 3319.020212 3333.813843 3348.903409 3371.030155 3386.902535 3402.410009 3414.809832 3441.124230 3474.547601 3507.934821 3531.411894 3554.950287 3585.427735 3584.822251 3586.227984 3587.546223 3610.440589 3643.353424 3672.402125 3703.600486 3733.582344 3761.243047 3771.424706 3780.120536 3789.754470 3801.992316
-9999.0 -9999.0 -9999.0 -9999.0 2997.059344 3017.559554 3035.712094 3065.200305 3086.523475 3080.839982 3084.457209 3081.646257 3076.354855 3080.410280 3087.526898 3103.634181 3121.542285 3139.782688 3152.836351 3178.770647 3224.055679 3233.762051 3249.578482 3277.525443 3287.085836 3299.585608 3313.639163 3332.697596 3350.058845 3376.061194 3409.220001 3437.269276 3457.507054 3475.666410 3493.659303 3509.697051 3543.515687 3579.384022 3614.058944 3644.800837 3671.082097 3696.362932 3702.840516 3707.489567 3717.154111 3733.692181 3755.791171 3782.837097 3815.798877 3847.448283 3870.469569 3879.545815 3884.690467 3894.044479 3901.542519
-9999.0 -9999.0 -9999.0 2943.311939 2982.009948 3021.184511 3046.220859 3075.718611 3107.230716 3106.351670 3114.075645 3113.038115 3111.077054 3115.424684 3117.571645 3132.742678 3149.407537 3167.669737 3187.642219 3219.848223 3247.770050 3264.561961 3290.993712 3306.107619 3318.049584 3329.658965 3346.775763 3365.656417 3400.762165 3429.645037 3474.547830 3524.021757 3555.374484 3574.208544 3595.735603 3622.381700 3646.756958 3684.547772 3717.929060 3749.453572 3779.221987 3801.074613 3815.245928 3819.772377 3829.057863 3834.757266 3847.298598 3867.966867 3889.919337 3920.100449 3948.952230 3977.195097 3992.127514 4002.921396 4019.745588
-9999.0 -9999.0 2895.036302 2934.355852 2965.388922 3011.501563 3063.846449 3098.129608 3136.627646 3154.637514 3156.860641 3166.504073 3176.014109 3176.023240 3183.785605 3195.322643 3215.896997 3223.493407 3242.414811 3257.442127 3293.803907 3326.854107 3322.780315 3360.370374 3389.382681 3420.545854 3440.591794 3466.192547 3502.769220 3536.126886 3579.771409 3628.721119 3662.516857 3689.946641 3705.310477 3724.912021 3744.871755 3770.483438 3806.426514 3831.903329 3864.875645 3889.949780 3909.369563 3910.367142 3913.041697 3928.894551 3956.604999 3986.764967 4015.066901 4043.391243 4029.232063 4051.667684 4061.689943 4067.281603 4076.073679
-9999.0 -9999.0 2864.730477 2911.052789 2945.269257 3002.662205 3088.285935 3121.701798 3160.747902 3205.135299 3217.897303 3238.169562 3231.441495 3219.906689 3236.555492 3249.938521 3268.956039 3275.413144 3268.762002 3319.818028 3371.342774 3395.791240 3403.077830 3478.123820 3529.003701 3552.073487 3567.865181 3587.493837 3606.905942 3644.831776 3683.808546 3737.365562 3778.152607 3807.533216 3821.747539 3841.203502 3860.356754 3875.251024 3894.403707 3940.202458 3974.788285 4004.924833 4036.186567 4057.232811 4065.260035 4070.077019 4045.450192 4064.196232 4076.909014 4082.391957 4084.563601 4080.792594 4080.216629 4081.030016 4081.956046
-9999.0 2774.775322 2823.751220 2873.956877 2937.894042 2998.488218 3072.623410 3146.660708 3211.550575 3262.379164 3286.585294 3279.183123 3279.194806 3303.740305 3322.162727 3337.899634 3342.333476 3351.410947 3332.105681 3384.134419 3420.401751 3469.699337 3568.296183 3625.599575 3687.028336 3682.964118 3671.373300 3676.354593 3692.322418 3737.982260 3815.535469 3870.626119 3935.064504 3983.006812 3999.669942 4006.877431 4025.249622 4045.726079 3996.159711 4038.011937 4057.269400 4073.338241 4082.242704 4084.457503 4085.694475 4085.464131 4081.787705 4074.788254 4066.625008 4060.789237 4056.562749 4052.059856 4054.495996 4057.822443 4058.030337
-9999.0 2736.313393 2790.108283 2858.129491 2925.044516 2971.567111 3053.285364 3217.911866 3279.045665 3315.768657 3320.584462 3296.485921 3353.580178 3412.352597 3436.048631 3480.201216 3464.381981 3448.912371 3412.187470 3436.923928 3475.153263 3545.203400 3713.771008 3801.413365 3851.846159 3859.732150 3860.631518 3888.540016 3931.988908 3978.503193 4023.359568 3993.351790 4041.507100 4065.202339 4070.153873 4070.846981 4076.163502 4074.734850 4073.248695 4068.817522 4063.668560 4063.831387 4068.422761 4068.264605 4065.306390 4061.931648 4056.234218 4048.811911 4043.607189 4038.978623 4036.319568 4033.479042 4031.526700 4030.806204 4025.966534
-9999.0 2695.738571 2770.552829 2824.717783 2870.135341 2960.400872 3089.316926 3232.144752 3327.244732 3360.142782 3337.450068 3372.142039 3473.670586 3578.490551 3629.912631 3650.459667 3631.375894 3583.460127 3563.680722 3606.636121 3676.233190 3794.290281 3930.851587 4028.936142 4043.985888 4047.288104 4000.459596 4025.656450 4049.010740 4051.782124 4052.878713 4060.656602 4065.720059 4068.654929 4067.088023 4064.195194 4059.380207 4051.189237 4046.383552 4042.702631 4038.931185 4037.771744 4039.770864 4041.588923 4038.769993 4034.873566 4030.396130 4024.817879 4018.510614 4011.749068 4007.434469 4003.181108 4001.047064 3995.514855 3991.991168
-9999.0 2571.722611 2668.283202 2708.530835 2782.048761 2965.218845 3093.289962 3232.374380 3396.054515 3415.657293 3460.351036 3598.184602 3716.167135 3795.632254 3824.210331 3857.320699 3881.597240 3897.419123 3933.764546 3816.289965 3895.691016 3991.769505 4035.704810 4054.756749 4064.371245 4064.735488 4054.886899 4034.103384 4023.367707 4016.611474 4018.220730 4025.498507 4030.177479 4034.966585 4032.663265 4033.716301 4034.799450 4031.571984 4027.552275 4018.831358 4010.979795 4004.285077 4001.030252 4005.726789 4001.070937 3998.700310 3992.506965 3984.068717 3975.121432 3967.744914 3959.781900 3953.217276 3950.982675 3945.971653 3944.779996
-9999.0 2490.722998 2563.072051 2621.887694 2731.637268 2889.546396 2983.210425 3139.705918 3379.230261 3514.185656 3676.503685 3766.440308 3836.334428 3878.275000 3928.443846 3979.925083 4006.550887 4018.049601 3987.580524 4009.395766 3966.757407 3955.722470 3973.165509 4002.185374 4019.205307 4023.257139 4015.381886 4006.189205 3998.924732 3997.800865 3995.632871 3991.579115 3987.465977 3983.880139 3980.739950 3983.698525 3989.002010 3981.889918 3971.628299 3962.181758 3953.666607 3944.446510 3938.495380 3933.846922 3934.210478 3934.475716 3926.844958 3916.353602 3905.500561 3897.214704 3890.019004 3885.516554 3882.848755 3877.885220 3868.263315
-9999.0 2369.861936 2502.832064 2578.359759 2671.502812 2793.831246 2895.881426 3045.601143 3173.891528 3417.216911 3557.628329 3748.391811 3797.657765 3866.971338 3914.311670 3987.129442 3982.590079 3951.174942 3908.126218 3891.930076 3902.914223 3911.855963 3920.134521 3934.657353 3952.272548 3962.357989 3967.297299 3961.234692 3947.026952 3934.602750 3923.547105 3909.914608 3900.539207 3898.064271 3902.056776 3912.020148 3912.556034 3903.250784 3889.142231 3870.932501 3855.341556 3843.549067 3841.535661 3844.296914 3845.386055 3841.330372 3835.521555 3824.772515 3812.187361 3799.789165 3794.101173 3789.768935 3782.378907 3771.187176 3759.348112
-9999.0 -9999.0 2416.443827 2524.427206 2616.733528 2726.488988 2806.986758 2922.453230 3060.419930 3230.269814 3345.771457 3524.790748 3619.252174 3663.076866 3697.040038 3752.600095 3777.681223 3808.698404 3802.816191 3814.381455 3824.139940 3829.403255 3834.677596 3840.455586 3850.948250 3860.733120 3870.906195 3868.100853 3859.269558 3838.798901 3813.184733 3793.261477 3782.787879 3773.564974 3785.636630 3798.161252 3792.682547 3785.777403 3773.149070 3756.949509 3744.384190 3730.157665 3726.709524 3726.646026 3727.255758 3724.965472 3722.453762 3710.049045 3697.817555 3687.947255 3683.952175 3678.375400 3674.826624 3665.068946 3654.530766
-9999.0 -9999.0 2327.679626 2431.106969 2532.107978 2648.392978 2731.157838 2743.128450 2868.161707 2969.395264 3075.768803 3186.066397 3282.081280 3350.153706 3382.699378 3444.596148 3500.360918 3518.557211 3558.362400 3611.852237 3645.866375 3684.961538 3707.804952 3717.221753 3729.680492 3744.059385 3751.500971 3736.305780 3725.033663 3707.965069 3684.590295 3657.986383 3644.506590 3644.013515 3643.104527 3644.692049 3637.114144 3628.181293 3613.754282 3599.837803 3587.665669 3578.756892 3575.195406 3569.677583 3567.425113 3564.736696 3563.067747 3557.853201 3549.634714 3545.093570 3536.980158 3533.312524 3532.573698 3529.575311 3523.920641
