tests/Borden05m/data_simulated/sim_1/output-maps/psiliqL0005N0009.asc
ncols         160
nrows         34
xllcorner     620200.000000
yllcorner     5168000.000000
cellsize      0.500000
NODATA_value  -9999.0
[rows 0 to 24 of 34, columns 0 to 55 of 160]
-9999.0 -9999.0 -9999.0 -9999.0 -9999.0 -9999.0 -9999.0 -9999.0 -9999.0 -9999.0 -9999.0 -9999.0 -9999.0 -9999.0 -9999.0 -9999.0 -9999.0 -9999.0 -9999.0 -9999.0 -9999.0 -9999.0 -9999.0 -9999.0 -9999.0 -9999.0 -9999.0 -9999.0 -9999.0 -9999.0 -9999.0 -9999.0 -9999.0 -9999.0 -9999.0 -9999.0 -9999.0 -9999.0 -9999.0 -9999.0 -9999.0 -9999.0 -9999.0 -9999.0 -9999.0 -9999.0 -9999.0 -9999.0 -9999.0 -9999.0 -9999.0 -9999.0 -9999.0 -9999.0 -9999.0 -9999.0
-9999.0 -9999.0 -9999.0 -9999.0 -9999.0 -9999.0 -9999.0 -9999.0 -9999.0 -9999.0 -9999.0 -9999.0 -9999.0 -9999.0 -9999.0 -9999.0 -9999.0 -9999.0 -9999.0 -9999.0 -9999.0 -9999.0 -9999.0 -9999.0 -9999.0 -9999.0 -9999.0 -9999.0 -9999.0 -9999.0 -9999.0 -9999.0 -9999.0 -9999.0 -9999.0 -9999.0 -9999.0 -9999.0 -9999.0 -9999.0 -9999.0 -9999.0 -9999.0 -9999.0 -9999.0 -9999.0 -9999.0 -9999.0 -9999.0 -9999.0 -9999.0 -9999.0 -9999.0 -9999.0 -9999.0 -9999.0
-9999.0 -9999.0 -9999.0 -9999.0 -9999.0 -9999.0 -9999.0 -9999.0 -9999.0 -9999.0 -9999.0 -9999.0 -9999.0 -9999.0 -9999.0 -9999.0 -9999.0 -9999.0 -9999.0 -9999.0 -9999.0 -9999.0 -9999.0 -9999.0 -9999.0 -9999.0 -9999.0 -9999.0 -9999.0 -9999.0 -9999.0 -9999.0 -9999.0 -9999.0 -9999.0 -9999.0 -9999.0 -9999.0 -9999.0 -9999.0 -9999.0 -9999.0 -9999.0 -9999.0 -9999.0 -9999.0 -9999.0 -807.665237 -826.701039 -846.125022 -848.366294 -823.848816 -801.476023 -779.113005 -760.120674 -742.732611
-9999.0 -9999.0 -9999.0 -9999.0 -9999.0 -9999.0 -9999.0 -9999.0 -9999.0 -9999.0 -9999.0 -9999.0 -9999.0 -9999.0 -9999.0 -9999.0 -9999.0 -9999.0 -9999.0 -9999.0 -9999.0 -9999.0 -9999.0 -9999.0 -9999.0 -9999.0 -9999.0 -9999.0 -9999.0 -9999.0 -9999.0 -9999.0 -9999.0 -9999.0 -9999.0 -9999.0 -9999.0 -9999.0 -9999.0 -9999.0 -765.632612 -759.308214 -756.764267 -768.695120 -779.893249 -790.268887 -810.191228 -828.825567 -845.854780 -848.145077 -846.046737 -842.229197 -818.827568 -795.500326 -777.657014 -761.412265
-9999.0 -9999.0 -9999.0 -9999.0 -9999.0 -9999.0 -9999.0 -9999.0 -9999.0 -9999.0 -9999.0 -9999.0 -9999.0 -9999.0 -9999.0 -9999.0 -9999.0 -9999.0 -9999.0 -9999.0 -9999.0 -9999.0 -9999.0 -9999.0 -9999.0 -9999.0 -9999.0 -9999.0 -9999.0 -9999.0 -9999.0 -9999.0 -9999.0 -9999.0 -853.586948 -835.158295 -818.073003 -801.006592 -784.977134 -779.940486 -775.160985 -769.009546 -773.722815 -778.522844 -790.193019 -809.109683 -829.556185 -844.321306 -846.036837 -849.250113 -845.489375 -832.539529 -817.134262 -802.122941 -782.052328 -759.542045
-9999.0 -9999.0 -9999.0 -9999.0 -9999.0 -9999.0 -9999.0 -9999.0 -9999.0 -9999.0 -9999.0 -9999.0 -9999.0 -9999.0 -9999.0 -9999.0 -9999.0 -9999.0 -9999.0 -9999.0 -9999.0 -9999.0 -9999.0 -9999.0 -9999.0 -9999.0 -9999.0 -9999.0 -844.035855 -850.720577 -856.592264 -858.166142 -860.107285 -863.292009 -857.716937 -846.446656 -828.711301 -807.735515 -796.401032 -790.610792 -784.971341 -784.952098 -790.701105 -793.322676 -792.347043 -804.496547 -816.005971 -827.103064 -839.082994 -840.801785 -831.281581 -818.145172 -803.247078 -790.157513 -776.663126 -763.987851
-9999.0 -9999.0 -9999.0 -9999.0 -9999.0 -9999.0 -9999.0 -9999.0 -9999.0 -9999.0 -9999.0 -9999.0 -9999.0 -9999.0 -9999.0 -9999.0 -9999.0 -9999.0 -9999.0 -9999.0 -9999.0 -9999.0 -9999.0 -870.908982 -864.274090 -858.451173 -851.293047 -851.478269 -858.325339 -865.288669 -869.231020 -871.598410 -874.520859 -871.170589 -863.776727 -850.994120 -836.402620 -815.315355 -808.880741 -803.399730 -790.822965 -789.883703 -785.628090 -781.368162 -783.870269 -786.358181 -799.525345 -809.234887 -802.349213 -796.293329 -791.333592 -785.771871 -774.266149 -759.820869 -743.237286 -723.522806
-9999.0 -9999.0 -9999.0 -9999.0 -9999.0 -9999.0 -9999.0 -9999.0 -9999.0 -9999.0 -9999.0 -9999.0 -9999.0 -9999.0 -9999.0 -9999.0 -9999.0 -9999.0 -9999.0 -891.355524 -891.393066 -891.862934 -887.933794 -890.095108 -889.411471 -882.814412 -874.666736 -874.109001 -877.095415 -880.174777 -879.086225 -877.018827 -874.059256 -862.524341 -849.297967 -836.683250 -824.469270 -804.502978 -791.172671 -777.984049 -761.653132 -765.275929 -771.466127 -774.911052 -775.247398 -775.397937 -768.296467 -764.584220 -760.136466 -754.904929 -748.795469 -741.418371 -732.614324 -715.188620 -696.147393 -677.275370
-9999.0 -9999.0 -9999.0 -9999.0 -9999.0 -9999.0 -9999.0 -9999.0 -9999.0 -9999.0 -9999.0 -9999.0 -9999.0 -9999.0 -9999.0 -9999.0 -914.613289 -913.621093 -913.640019 -911.586763 -911.620521 -908.595442 -901.865495 -903.467450 -901.014993 -894.737812 -891.389417 -883.548362 -876.255322 -869.117895 -863.877886 -863.112371 -856.329388 -848.224057 -838.002783 -823.611791 -802.299692 -780.996694 -766.500784 -751.126451 -735.020230 -736.649183 -738.973201 -738.725396 -739.082097 -731.187202 -712.581768 -707.867495 -705.449457 -685.797476 -672.352265 -668.701333 -663.496343 -647.295890 -624.835692 -598.107373
-9999.0 -9999.0 -9999.0 -9999.0 -9999.0 -9999.0 -9999.0 -9999.0 -9999.0 -9999.0 -9999.0 -9999.0 -9999.0 -949.280924 -946.622489 -939.374579 -937.810273 -939.263784 -938.050702 -935.662272 -923.162174 -922.216735 -917.629655 -910.925205 -899.759866 -892.735755 -884.791526 -873.822724 -867.051007 -861.521876 -855.926647 -850.628701 -837.389659 -822.796746 -808.013610 -788.819171 -769.079839 -749.642698 -729.747717 -716.995585 -703.990625 -701.210144 -704.934843 -704.761551 -697.198780 -679.006618 -660.925075 -648.626705 -625.968618 -602.282552 -588.126739 -574.475366 -565.806603 -554.165981 -532.545866 -485.234340
-9999.0 -9999.0 -9999.0 -9999.0 -9999.0 -9999.0 -9999.0 -9999.0 -9999.0 -9999.0 -984.811379 -980.083354 -986.909130 -992.591846 -991.658366 -980.938270 -969.233200 -965.305778 -956.141898 -934.645948 -918.293075 -919.593294 -904.494061 -896.344100 -892.441584 -882.973912 -870.931728 -859.501309 -842.563561 -831.533660 -820.090403 -799.128456 -784.350818 -769.787843 -753.954373 -736.472518 -717.167315 -687.567904 -661.585376 -649.385246 -624.910733 -609.928550 -615.645227 -617.240289 -611.241115 -593.214597 -567.098692 -534.655971 -503.792521 -462.305216 -422.252393 -391.578079 -365.868332 -330.971408 -275.969423 -202.997936
-9999.0 -9999.0 -9999.0 -9999.0 -9999.0 -9999.0 -9999.0 -9999.0 -1013.486365 -1004.500084 -997.063959 -1002.813266 -1010.875818 -1019.706275 -1007.131308 -992.028768 -977.589353 -961.874000 -947.857911 -932.460418 -920.048963 -904.512745 -886.104576 -876.631299 -866.259560 -852.139345 -840.341815 -823.449920 -803.475055 -790.463500 -772.234715 -752.036948 -734.076232 -718.107366 -701.947858 -686.014340 -658.020048 -624.668555 -592.448903 -566.202697 -535.520770 -503.428321 -502.189188 -497.162538 -489.860209 -448.821329 -385.879231 -287.721616 -205.353212 -179.392525 -160.676866 -150.590073 -143.172171 -132.123843 -115.306777 -97.245124
-9999.0 -9999.0 -9999.0 -9999.0 -9999.0 -9999.0 -1039.203057 -1011.467622 -995.807414 -1011.583179 -1023.710897 -1028.324278 -1034.104825 -1013.074256 -989.098665 -974.421481 -960.090262 -945.051619 -932.291290 -921.922868 -884.512981 -872.914976 -860.712800 -841.269199 -829.542868 -817.549996 -801.700808 -779.222979 -757.633391 -724.809902 -695.177370 -669.288601 -644.347245 -626.391531 -609.546682 -590.985620 -557.427752 -513.156137 -460.599662 -403.243998 -330.289645 -242.728441 -209.773087 -193.920070 -185.905850 -175.246937 -155.714688 -130.073770 -97.709676 -73.414288 -56.577502 -49.525524 -41.617502 -30.783535 -15.508001 -2.449918
-9999.0 -9999.0 -9999.0 -9999.0 -1059.807899 -1041.729930 -1027.545319 -995.512928 -972.676405 -988.289492 -978.708588 -979.981359 -983.957234 -985.832444 -984.826955 -967.354780 -951.327556 -935.643442 -919.144011 -879.223866 -839.348703 -827.195621 -800.869495 -769.400721 -758.209083 -745.552918 -732.652462 -711.525416 -682.724894 -648.934439 -600.445179 -557.791608 -527.937494 -498.835384 -470.282268 -431.253924 -361.700839 -241.583150 -187.473128 -161.560449 -138.164697 -114.257403 -98.007596 -89.366535 -80.707335 -71.250980 -58.066164 -36.304857 -9.470358 16.375015 38.472503 50.777028 60.049193 73.106948 96.093177 109.142062
-9999.0 -9999.0 -9999.0 -1100.892789 -1060.674932 -1030.084271 -1013.682243 -987.433196 -956.590071 -955.550176 -949.732570 -944.294853 -938.248108 -930.402094 -921.348837 -906.551071 -895.225002 -886.440495 -867.856634 -832.655528 -798.793138 -765.105411 -735.229089 -705.338450 -683.323967 -669.678336 -655.544739 -632.641055 -592.471254 -547.710257 -480.065639 -384.626666 -274.947222 -207.536701 -185.786289 -168.829360 -151.543805 -120.761502 -92.938810 -70.004850 -46.247516 -23.936652 -2.562858 5.365643 11.163365 19.116149 34.031749 56.452565 86.125383 103.674764 135.370456 147.171102 165.866260 174.298732 190.013540 202.643211
-9999.0 -9999.0 -1130.610988 -1097.345328 -1077.272602 -1030.107058 -982.466585 -960.229291 -920.466199 -897.122000 -895.365304 -876.198077 -859.954698 -854.145295 -837.401144 -820.740547 -810.520204 -811.257570 -803.206813 -767.038805 -713.158361 -665.176142 -630.851248 -568.669328 -530.832405 -507.465386 -494.309618 -460.877217 -403.973718 -270.756241 -191.375791 -154.204902 -120.786862 -90.660369 -78.080184 -65.251986 -45.645165 -28.880707 -3.584623 21.040214 45.142334 72.201004 105.847898 114.769361 111.187619 130.766628 143.303506 170.577489 191.291034 208.016233 223.813096 224.505199 226.222277 226.701905 227.995270 228.200901
-9999.0 -9999.0 -1157.406352 -1113.114419 -1089.940332 -1019.451613 -950.283496 -927.920716 -888.302802 -844.529910 -829.084724 -808.081857 -788.922170 -769.490578 -747.132620 -723.013652 -723.463160 -723.290922 -727.050990 -674.154380 -616.963258 -542.046679 -426.999136 -288.214185 -206.538534 -192.337201 -187.321378 -176.827440 -160.442411 -122.952674 -77.732021 -38.686149 -2.026615 24.714673 38.838244 55.063205 84.658680 100.784195 114.125017 142.786821 152.715013 179.636885 202.687196 219.524287 224.804297 226.112206 224.495416 226.691198 227.529835 228.053317 227.534052 224.775381 223.821950 224.611977 225.427771 221.158398
-9999.0 -1216.349857 -1175.142969 -1138.465590 -1074.679581 -1023.522103 -942.549535 -864.357694 -823.786697 -786.574222 -761.816680 -743.644734 -683.691219 -632.605409 -607.097658 -573.710480 -580.876955 -588.250516 -600.028410 -554.975617 -477.794242 -262.248033 -152.358284 -101.032012 -68.959759 -62.930398 -65.293524 -53.840306 -32.028289 4.573296 69.652672 104.128924 140.820150 168.709603 177.890787 181.230518 195.803923 211.238789 224.098054 228.173376 228.438535 230.257627 227.392664 227.558402 228.103017 227.882100 225.318613 219.485651 212.172613 206.169234 202.196337 198.599342 200.824080 203.256078 204.434261 198.615177
-9999.0 -1266.550423 -1191.198212 -1125.409924 -1082.535858 -1022.765450 -907.090942 -784.154338 -752.466902 -724.602969 -696.922507 -644.412887 -543.676767 -449.039518 -376.570350 -280.680132 -290.034960 -328.975699 -326.922649 -230.228669 -177.306764 -115.803417 -11.451723 79.732787 86.723483 96.603279 104.522540 124.692841 150.096311 172.631983 192.034616 211.067342 215.706735 217.432821 218.181503 218.999188 219.975309 220.313396 217.120499 212.585112 207.686628 207.965202 212.036821 212.842527 209.709280 206.745063 201.787900 194.965941 188.365011 175.254269 171.133201 175.362866 173.896848 166.561538 162.770054 164.817711
-9999.0 -1246.450547 -1156.417614 -1135.645997 -1106.737053 -979.712804 -872.644317 -752.617208 -670.970272 -641.167943 -584.561906 -454.985483 -230.723247 -168.458139 -136.251118 -111.445559 -96.231147 -101.929622 -85.742899 -37.157995 33.345255 94.156630 139.933116 192.718391 200.501678 201.745796 200.127689 201.440320 202.838115 203.398395 203.864853 201.991540 207.297891 208.957846 208.757869 205.715815 202.366203 195.067679 189.368087 177.096256 169.888943 169.852000 176.334548 185.408794 175.175075 168.198025 164.613971 166.335325 151.041895 138.826577 133.616668 130.960146 128.691639 122.857686 118.262134 114.111833
-9999.0 -1354.710819 -1232.185397 -1242.227284 -1088.305856 -938.285859 -843.084791 -692.250769 -565.984923 -514.590573 -319.104156 -182.189249 -105.086149 -58.792281 -18.391307 40.245144 100.724282 126.872808 152.113523 156.944200 186.593899 203.568455 206.869152 208.908619 202.457992 203.010686 195.613789 175.370544 164.985457 158.284325 159.087903 156.954326 171.066541 168.827083 175.174506 167.738944 175.651741 172.413354 166.146045 145.283051 134.023110 128.803749 129.982319 139.389881 130.809192 125.580726 119.878218 113.332940 102.572836 92.850821 84.742310 78.283040 75.454603 69.913258 69.049561 63.328294
-9999.0 -1447.544419 -1348.201049 -1244.311901 -1088.244309 -951.281399 -817.616683 -653.511287 -452.227796 -257.821273 -160.350243 -116.375884 -64.884963 -6.708528 65.012179 144.673823 173.790206 178.442414 177.693830 168.147205 131.120474 121.681181 135.063070 155.407897 164.142902 166.804917 155.699884 127.947319 116.936390 114.888934 113.478088 111.925973 113.194230 110.865405 109.206793 109.340652 115.149138 110.536494 102.853388 93.138342 85.966581 79.114367 75.255449 73.983177 71.252271 70.255433 63.070791 53.178093 42.559122 34.288230 26.601738 20.960517 19.464155 16.038394 11.621955 3.663861
-9999.0 -1569.506321 -1355.313723 -1276.796104 -1153.648236 -1048.690039 -928.162899 -763.943780 -602.193190 -284.356757 -115.579664 -85.161018 -65.538419 -29.722547 34.455767 107.692030 149.183644 121.853677 91.312729 46.944861 35.271890 39.203361 52.486976 72.607842 87.834474 95.261139 92.952169 79.738987 64.821341 57.081747 53.019146 45.654132 40.546873 40.164500 38.456646 42.964696 46.877750 39.299595 29.027749 16.593183 6.225932 -0.938994 -2.841554 -1.719717 -2.277144 -5.211701 -12.124780 -21.665189 -33.275922 -43.296849 -50.560483 -55.173233 -59.441080 -65.122690 -71.238868 -77.604982
-9999.0 -9999.0 -1479.031630 -1307.546698 -1231.201516 -1133.895491 -1022.610100 -868.666725 -721.674635 -518.724554 -279.704906 -187.149933 -152.683289 -117.758558 -64.455959 -17.866785 -2.584973 4.728199 -23.325784 -33.816548 -36.466948 -33.744891 -23.311606 -10.529380 1.540247 8.832137 12.552359 9.843228 0.937853 -12.784226 -28.539099 -40.236859 -47.034701 -51.750840 -46.037931 -37.428770 -38.094188 -42.167974 -49.514774 -59.417555 -67.273674 -75.491165 -77.006625 -75.743096 -75.780508 -78.571261 -84.086571 -97.112343 -111.506096 -124.800066 -131.562289 -137.289749 -141.963567 -149.824075 -157.452843 -165.499303
-9999.0 -9999.0 -1606.887282 -1411.131419 -1268.941373 -1156.170935 -1095.309175 -999.115298 -839.421166 -728.491825 -631.794224 -535.570420 -442.272789 -310.302112 -215.370003 -178.191409 -163.635267 -158.020196 -157.838483 -151.553059 -138.437506 -120.011249 -102.894818 -90.134272 -80.320832 -72.930619 -66.348643 -73.862295 -81.637434 -95.057045 -115.905557 -137.727453 -147.997949 -152.428562 -149.822321 -144.662334 -147.992056 -154.101193 -162.475150 -171.804604 -178.552187 -185.124426 -186.830234 -187.688221 -188.230142 -191.121530 -197.776200 -218.974274 -255.704707 -289.256380 -315.965919 -337.585457 -350.374869 -373.634615 -399.602701 -418.636707
