tests/Borden05m/data_simulated/sim_1/output-maps/psiliqL0002N0018.asc
ncols         160
nrows         34
xllcorner     620200.000000
yllcorner     5168000.000000
cellsize      0.500000
NODATA_value  -9999.0
[rows 0 to 24 of 34, columns 56 to 111 of 160]
-9999.0 -9999.0 -9999.0 -9999.0 -9999.0 -9999.0 -9999.0 -9999.0 -9999.0 -9999.0 -9999.0 -9999.0 -9999.0 -9999.0 -9999.0 -9999.0 -9999.0 -9999.0 -9999.0 -9999.0 -9999.0 -9999.0 -9999.0 -9999.0 -9999.0 -9999.0 -9999.0 -9999.0 -9999.0 -9999.0 -9999.0 -9999.0 -9999.0 -9999.0 -9999.0 -9999.0 -9999.0 -9999.0 -9999.0 -9999.0 -9999.0 -9999.0 -9999.0 -9999.0 -9999.0 -9999.0 -9999.0 -9999.0 -9999.0 -9999.0 -9999.0 -9999.0 -9999.0 -9999.0 -9999.0 -9999.0
-9999.0 -9999.0 -9999.0 -592.405527 -593.539196 -594.338371 -594.803307 -596.394195 -597.634200 -599.080749 -599.322125 -599.168058 -599.424015 -599.980007 -599.210487 -598.206933 -597.339844 -596.144985 -596.347169 -596.191267 -595.733923 -595.611304 -595.822332 -596.374805 -596.741712 -597.171611 -596.630254 -598.276283 -600.413548 -602.048172 -602.383846 -601.005601 -600.176849 -600.309376 -599.514038 -597.800368 -596.315497 -595.769415 -593.981300 -594.178472 -593.451631 -592.316107 -593.235417 -593.481180 -593.390551 -593.114053 -595.553659 -9999.0 -9999.0 -9999.0 -9999.0 -9999.0 -9999.0 -9999.0 -9999.0 -9999.0
-597.271554 -594.054058 -594.222492 -598.736356 -599.197800 -599.317408 -599.132599 -599.802991 -601.502461 -601.944241 -603.190747 -603.718994 -603.857317 -604.341023 -603.932698 -601.868521 -600.392293 -599.951746 -600.234000 -600.366415 -600.792836 -601.104503 -601.010509 -601.530305 -602.013841 -602.527179 -602.402393 -601.155217 -602.711612 -603.495793 -604.250164 -605.036074 -604.724608 -604.465855 -604.351207 -602.393991 -601.596472 -601.012940 -598.343830 -595.853994 -595.176581 -596.158190 -597.256482 -597.026296 -597.175833 -598.237660 -599.270970 -599.380049 -599.892390 -600.122154 -601.042418 -599.632180 -599.595226 -597.969959 -596.583669 -594.956671
-601.437022 -597.783791 -597.991562 -601.416779 -603.488200 -604.121182 -603.689489 -602.272118 -602.854138 -604.061704 -605.859734 -603.819029 -604.085803 -604.262908 -603.885044 -603.199231 -602.938952 -602.606767 -602.100286 -600.235145 -600.351575 -600.504154 -600.411972 -600.738360 -601.340551 -601.306181 -601.641534 -603.183556 -602.947726 -602.573963 -602.894320 -601.371921 -601.280699 -600.435179 -603.099946 -602.651047 -601.972589 -601.464453 -601.070383 -600.607334 -600.004683 -601.168002 -600.378657 -601.366100 -603.508757 -604.099998 -603.999785 -602.390172 -601.580549 -602.636064 -606.275889 -604.344983 -600.267317 -600.529920 -601.120275 -599.078914
-603.769381 -602.959181 -603.391387 -604.822603 -603.473158 -602.378127 -601.676123 -602.321707 -603.619970 -605.159693 -601.850791 -600.459438 -601.157212 -600.769778 -599.824841 -599.818987 -603.911470 -604.972631 -603.358963 -601.643038 -600.900211 -601.621210 -601.969553 -602.653434 -602.655301 -602.243231 -602.693166 -602.061763 -601.500706 -602.156493 -601.083946 -599.872753 -598.743635 -601.341778 -603.694721 -603.563610 -601.624938 -600.187724 -599.411888 -597.325683 -594.117841 -594.648054 -595.420957 -595.875581 -596.410549 -600.228615 -603.656517 -605.022499 -605.624802 -606.621102 -605.872158 -606.564615 -603.341664 -603.573188 -604.062675 -602.470230
-606.521785 -602.446781 -601.410968 -603.630368 -604.857560 -605.416902 -605.075870 -605.497913 -605.397994 -602.439362 -600.753161 -597.936753 -598.879037 -598.772212 -598.882262 -601.702970 -603.861684 -605.300854 -601.047640 -597.595895 -596.423078 -597.285969 -598.003246 -594.949758 -595.862242 -596.300086 -598.136356 -597.473334 -597.667509 -594.379618 -593.070315 -591.335122 -592.005477 -595.258293 -597.993758 -598.173024 -597.891105 -598.194712 -597.382996 -595.260506 -592.605692 -594.482205 -595.415438 -595.457243 -601.266520 -605.788465 -607.384367 -604.449100 -602.763971 -603.103235 -602.850819 -602.744014 -604.928834 -604.425658 -604.194907 -605.193626
-598.323380 -595.893907 -592.003025 -594.601491 -596.494404 -599.777485 -599.436676 -599.018385 -597.848650 -596.160732 -593.014539 -587.081776 -588.095888 -587.657855 -585.733230 -588.968395 -592.015260 -596.456095 -591.514723 -590.239422 -588.480967 -588.593376 -584.663317 -581.128325 -583.293286 -586.293551 -589.772583 -587.646382 -582.918195 -578.375329 -577.186852 -576.585389 -575.771172 -579.009435 -579.999366 -580.774828 -580.552498 -582.631620 -582.494304 -579.055331 -573.221802 -572.609579 -575.672662 -581.408647 -589.790748 -597.213085 -601.193954 -597.000384 -598.308234 -598.944335 -598.322674 -601.101271 -602.743983 -600.540931 -602.614475 -604.195768
-595.494512 -592.989015 -588.426374 -590.288810 -593.838721 -597.566011 -597.503053 -595.255710 -594.055842 -589.606199 -583.089975 -575.090134 -570.132447 -565.839241 -561.188723 -564.740282 -568.738422 -573.200312 -572.398165 -567.042503 -561.395716 -554.643575 -546.760517 -537.915355 -540.454455 -545.260798 -545.799454 -543.669186 -533.545265 -523.311854 -518.764328 -515.813583 -510.549622 -514.364891 -521.276406 -528.972055 -536.217418 -542.230952 -546.595510 -538.203477 -528.661967 -530.534744 -547.364685 -560.388833 -573.252963 -584.164601 -594.490171 -594.548452 -592.931005 -591.502542 -595.149369 -597.032777 -600.364379 -601.171485 -600.994828 -604.453662
-573.641681 -566.944995 -559.023709 -555.373186 -562.305614 -563.386305 -560.847758 -555.376908 -553.044778 -545.931820 -524.034259 -488.305416 -459.384124 -438.960365 -435.275456 -442.090054 -450.217618 -463.764417 -471.379853 -459.631861 -447.944164 -438.028602 -429.761742 -421.874930 -416.158285 -416.565736 -416.493523 -414.742364 -412.530012 -408.418604 -403.379214 -398.161217 -392.306611 -390.193873 -397.187497 -404.510995 -412.490852 -419.747951 -421.915815 -423.977368 -420.173793 -420.704604 -433.876862 -453.936745 -483.127889 -518.762563 -543.466135 -558.318002 -558.848809 -565.598870 -571.115541 -577.072158 -588.148741 -591.367841 -593.252267 -601.604983
-518.106149 -488.478534 -469.484530 -453.367181 -451.198639 -447.869148 -444.938850 -440.262704 -436.227849 -431.355737 -408.471860 -379.482477 -350.807786 -327.177762 -317.664168 -325.522075 -334.448041 -344.577630 -353.637103 -353.968249 -342.760142 -328.671363 -314.690341 -305.512147 -302.195482 -303.710851 -303.542182 -302.549665 -299.650856 -297.754031 -293.894282 -287.748955 -277.815081 -265.628620 -268.146466 -283.630333 -296.862100 -312.758249 -321.046324 -324.727228 -330.121893 -330.791509 -331.204764 -352.029557 -374.653858 -400.791996 -426.013292 -442.787432 -461.754995 -483.052543 -504.388072 -537.821662 -560.737499 -575.745728 -585.924381 -595.052014
-411.633376 -387.653195 -364.331400 -350.228502 -344.388734 -341.654770 -337.490234 -329.945584 -323.574872 -315.199901 -298.376909 -266.486803 -231.630792 -200.661830 -189.507155 -194.631720 -204.911141 -215.306593 -223.576867 -225.814920 -221.438209 -214.377287 -203.102245 -191.850885 -181.429642 -182.148187 -180.957394 -182.291231 -178.946573 -176.364590 -176.460150 -170.746269 -161.968595 -153.974620 -151.514911 -162.430769 -176.726583 -195.377976 -211.527203 -222.491607 -229.747259 -231.347033 -231.255547 -232.120495 -251.482236 -282.282714 -322.685322 -351.138282 -372.406646 -385.031040 -398.052227 -409.719463 -436.890875 -452.400132 -481.939559 -519.074368
-316.450607 -290.295010 -262.907993 -243.521367 -232.700953 -229.391330 -222.418519 -209.138908 -199.697195 -187.948717 -172.989695 -154.063931 -129.834022 -92.226723 -44.563621 -45.409691 -54.449078 -67.872196 -70.684574 -69.945720 -69.581999 -66.020273 -87.984129 -49.130182 -37.706729 -60.111894 -31.469362 -61.723140 -32.311846 -30.573879 -31.690520 -31.051853 -29.818252 -24.847555 -22.536919 -52.795989 -37.059318 -54.731811 -107.429479 -123.589434 -130.329316 -134.683982 -135.960969 -138.636676 -148.205576 -172.828703 -210.110692 -246.099208 -272.282769 -290.937365 -304.157928 -313.339452 -321.065939 -334.311797 -357.652856 -390.971195
-211.160190 -187.946289 -164.666987 -141.677028 -124.756751 -118.776315 -102.939656 -63.521313 -50.344497 -36.127241 -46.876793 -11.714063 -19.499265 17.832183 26.036228 31.452733 32.921431 33.783801 35.272908 36.175171 35.745123 35.997893 36.449862 37.199792 38.594076 39.710636 40.113261 39.470336 40.025455 40.733713 40.021168 40.616348 38.233887 38.383003 38.914415 38.111941 36.532982 28.751769 13.990820 3.367311 -2.932621 -9.858093 -17.795333 -26.363877 -35.014126 -49.043183 -106.580145 -143.668491 -176.477882 -196.290182 -205.895425 -212.174336 -217.582056 -231.399171 -251.738931 -277.134573
-67.391931 -53.358667 -36.371665 -16.656100 -1.887968 -17.030458 13.631735 20.146350 29.301957 38.958404 40.668246 41.940459 41.192589 41.110396 41.615111 42.216525 41.160993 39.644387 40.010817 38.037143 32.849105 24.602316 25.803991 26.904059 29.665768 32.485529 30.950002 31.763286 34.534210 33.410098 28.450915 25.498610 23.963335 23.884774 30.397458 33.149886 33.718922 34.724787 33.975767 33.827679 34.003595 33.797006 33.846535 33.951956 29.163237 21.431820 2.439331 -23.266629 -51.536352 -103.382124 -117.345958 -118.213342 -122.875111 -131.073302 -155.511070 -183.548243
21.639924 31.801202 42.379033 41.619293 42.414984 41.440144 43.162929 45.084723 45.685662 41.578751 37.785305 33.265455 32.771886 31.448374 29.440374 29.982343 28.297753 24.806125 21.937056 15.537995 5.503496 -5.921516 -7.670984 -2.893154 2.167710 5.335030 7.485475 10.428848 12.361508 8.359736 1.163473 -5.336220 -7.578755 -1.742247 3.876961 8.106098 8.433190 7.560565 5.741729 6.222956 4.699382 5.287931 11.389165 23.688742 31.455839 31.336872 31.310445 31.254688 30.962527 10.474110 -7.738167 -5.319106 -8.995601 -19.882691 -74.720171 -103.186880
35.577039 35.827408 32.995591 27.932098 22.877160 22.476391 26.076631 32.192217 34.045438 27.749676 20.427541 11.396657 7.114114 5.333883 3.971275 3.110016 3.198348 -2.036945 -9.714808 -56.685079 -74.204729 -87.304346 -94.150964 -95.246899 -89.798773 -81.996481 -74.765234 -70.862380 -75.369685 -81.713707 -90.552830 -97.898176 -97.606592 -94.559245 -86.311780 -75.156159 -73.110131 -72.113232 -75.633902 -77.948426 -82.043031 -81.082879 -67.930122 -21.423043 -6.977873 4.243621 11.137780 18.426713 23.985807 31.045869 31.046294 31.037096 31.007243 26.953029 13.915818 -3.357843
21.684683 15.255200 9.889866 3.811667 -2.148878 -3.422541 0.130244 3.743361 1.861279 -4.494767 -17.006289 -59.131920 -74.331814 -80.897282 -80.984395 -79.636538 -79.951917 -86.666674 -102.413404 -125.280331 -141.420179 -156.336300 -160.908656 -165.339561 -167.494223 -157.464573 -143.067908 -138.148230 -149.286623 -157.801238 -170.153749 -177.234980 -179.336184 -177.406851 -168.295392 -151.371712 -136.224922 -135.411560 -143.441970 -150.975737 -154.490175 -154.657939 -143.702612 -118.854980 -97.814239 -82.873827 -70.889601 -50.110026 -21.539548 -11.783091 -1.710579 9.574206 19.629020 30.092164 30.416473 30.463886
-4.740992 -43.446442 -56.762501 -65.132900 -71.667316 -76.040616 -78.462194 -80.543947 -86.154612 -93.391615 -105.282460 -122.734462 -136.484044 -149.919744 -153.343745 -155.356438 -153.808290 -165.161369 -177.815138 -198.996555 -215.088709 -230.531146 -238.717630 -244.358019 -249.520117 -241.979419 -226.229633 -217.384530 -232.487900 -242.210472 -255.171683 -261.538077 -264.462938 -263.319073 -254.323090 -232.181446 -214.476601 -208.841690 -216.666886 -223.516427 -226.425055 -226.112597 -219.473320 -201.275846 -179.747331 -159.439489 -143.926999 -131.132414 -118.336733 -105.871410 -89.915332 -71.341585 -30.587988 -10.293886 6.384267 19.484994
-81.093172 -96.641963 -108.704085 -119.864367 -130.443800 -136.323480 -136.128516 -142.985023 -149.343587 -159.414252 -199.141616 -215.473476 -232.504802 -246.425317 -250.992196 -257.334748 -260.040126 -269.215107 -276.880778 -288.857328 -303.984728 -319.384942 -332.537081 -336.764742 -340.487949 -343.714626 -334.372437 -330.349613 -333.452971 -340.038146 -346.925300 -350.596405 -352.800682 -349.459295 -338.072690 -326.572779 -315.700455 -310.934395 -316.103599 -311.683593 -306.646453 -306.472852 -292.216415 -278.037029 -260.179132 -239.095420 -217.240133 -204.699100 -194.025595 -181.910246 -165.101783 -145.784969 -123.187583 -97.694069 -69.348904 -27.076391
-134.717035 -149.077683 -163.410844 -175.812879 -187.716121 -198.592313 -198.183035 -202.022418 -208.229647 -238.672739 -278.373709 -306.590346 -322.508436 -340.258329 -348.139575 -354.794109 -371.977007 -382.839176 -390.219600 -389.956743 -399.842562 -413.014666 -423.503603 -427.965891 -430.803674 -437.065873 -438.887508 -436.537265 -430.866483 -435.864669 -438.684016 -437.305295 -438.959111 -440.132777 -434.109918 -424.518624 -418.756253 -412.794805 -407.128466 -403.683857 -399.002989 -380.412695 -368.500679 -356.288511 -338.826121 -319.218500 -298.426834 -280.999657 -269.004917 -255.323778 -236.641672 -219.250095 -196.927873 -171.572466 -141.398562 -117.784785
-200.324485 -217.792314 -232.617357 -247.184905 -262.164669 -281.181533 -282.964675 -289.388423 -300.086193 -336.222198 -370.687280 -396.797110 -413.224622 -429.995429 -439.866587 -456.085139 -484.047011 -503.543207 -504.020157 -499.319453 -505.044611 -519.857287 -531.589752 -538.979869 -545.766629 -553.911149 -558.360272 -554.225432 -549.670479 -549.686302 -549.845558 -548.237867 -548.383710 -548.867690 -548.494303 -540.226566 -533.695939 -526.079378 -519.063671 -512.086485 -486.524686 -461.081365 -444.957888 -429.524548 -414.263945 -395.675870 -375.474685 -358.407717 -345.578106 -329.447568 -311.806362 -292.435111 -271.545998 -245.987724 -216.133749 -191.913349
-265.477321 -289.095490 -307.818376 -326.946127 -355.106591 -366.827164 -374.036588 -380.214213 -403.305693 -432.337315 -460.896889 -491.846562 -518.099483 -537.551294 -551.811010 -564.656106 -574.719759 -580.513515 -577.289728 -575.413528 -572.467823 -577.431755 -581.351542 -582.413733 -585.896853 -588.965652 -592.854036 -589.776408 -588.280561 -584.559225 -584.838723 -584.687412 -583.025447 -583.839314 -584.131359 -586.345766 -583.622364 -581.894229 -579.727909 -572.298813 -564.068457 -553.899204 -542.777639 -527.390008 -504.811683 -475.781807 -448.842245 -428.298431 -413.349530 -397.707877 -379.770939 -362.731943 -345.396781 -324.378698 -298.931384 -276.234398
-351.077920 -369.080760 -387.123705 -411.322285 -440.827154 -462.591628 -472.696671 -500.158941 -527.589685 -554.232607 -566.648742 -573.501882 -579.858653 -584.333765 -587.715840 -592.822342 -596.350319 -601.389090 -599.475609 -596.789596 -592.934443 -596.107210 -596.647131 -596.068493 -598.005624 -600.036624 -603.242819 -602.710910 -600.101146 -596.959420 -597.033943 -596.371296 -594.575806 -594.537428 -595.963428 -598.799967 -598.056272 -596.129867 -594.187695 -590.353240 -586.590036 -582.697875 -579.060217 -573.742237 -566.766458 -557.689783 -543.288358 -521.978399 -500.810784 -471.629196 -444.313127 -426.394856 -415.288199 -401.242227 -378.794477 -361.841418
-427.279568 -443.740256 -466.305421 -507.052502 -542.328574 -564.303269 -574.562442 -582.728223 -589.598806 -592.358087 -594.765904 -597.303459 -599.404526 -601.612066 -603.587505 -605.211050 -607.672584 -612.429341 -610.466995 -607.716122 -604.589562 -604.493269 -604.838587 -604.605336 -605.367840 -607.533519 -611.308003 -609.701506 -607.360467 -605.216177 -604.520174 -604.082484 -602.760898 -603.692419 -605.634403 -608.397974 -607.193296 -605.001672 -603.716078 -602.048298 -599.593019 -596.939151 -594.232260 -591.010285 -587.586201 -582.869117 -577.210490 -570.221521 -561.696833 -550.208091 -533.033633 -519.741579 -503.701699 -486.079812 -461.745615 -441.766572
-532.240742 -548.707330 -561.468912 -572.990226 -583.586257 -588.912125 -593.344945 -596.980722 -600.598054 -602.797592 -604.457421 -603.734249 -604.524587 -606.753924 -606.714998 -607.906097 -611.694101 -610.379418 -609.299345 -606.236022 -606.763071 -606.920831 -607.646940 -607.165381 -607.668754 -611.305181 -609.479004 -608.662973 -606.500684 -606.068074 -605.573015 -605.197994 -604.790595 -605.219561 -607.807623 -607.268911 -606.549739 -604.542148 -604.398747 -603.489271 -601.081300 -600.228041 -598.625806 -596.361077 -593.877031 -590.847798 -587.079916 -581.807447 -576.213708 -570.644887 -568.402631 -564.200135 -560.391496 -562.300114 -553.276899 -542.047047
