tests/Borden05m/data_simulated/sim_1/output-maps/psiliqL0000N0006.asc
ncols         160
nrows         34
xllcorner     620200.000000
yllcorner     5168000.000000
cellsize      0.500000
NODATA_value  -9999.0
[rows 0 to 24 of 34, columns 58 to 115 of 160]
-9999.0 -9999.0 -9999.0 -9999.0 -9999.0 -9999.0 -9999.0 -9999.0 -9999.0 -9999.0 -9999.0 -9999.0 -9999.0 -9999.0 -9999.0 -9999.0 -9999.0 -9999.0 -9999.0 -9999.0 -9999.0 -9999.0 -9999.0 -9999.0 -9999.0 -9999.0 -9999.0 -9999.0 -9999.0 -9999.0 -9999.0 -9999.0 -9999.0 -9999.0 -9999.0 -9999.0 -9999.0 -9999.0 -9999.0 -9999.0 -9999.0 -9999.0 -9999.0 -9999.0 -9999.0 -9999.0 -9999.0 -9999.0 -9999.0 -9999.0 -9999.0 -9999.0 -9999.0 -9999.0 -9999.0 -9999.0 -9999.0 -9999.0
-9999.0 -475.059309 -476.408338 -477.170107 -477.385524 -479.199635 -480.442825 -482.125141 -482.166970 -481.796453 -482.151579 -483.086805 -482.208037 -481.158364 -480.354887 -478.975115 -479.579262 -479.558872 -479.003042 -478.840298 -479.056581 -479.676193 -479.969947 -480.364086 -479.246364 -481.299723 -483.994690 -486.057106 -486.404268 -484.384345 -483.326989 -483.790599 -482.983771 -481.029379 -479.553595 -479.558204 -477.745320 -478.769136 -478.156558 -476.599774 -477.757453 -477.764758 -477.170478 -476.159642 -479.259578 -9999.0 -9999.0 -9999.0 -9999.0 -9999.0 -9999.0 -9999.0 -9999.0 -9999.0 -9999.0 -9999.0 -9999.0 -9999.0
-476.498795 -483.409843 -483.739452 -483.583800 -482.992975 -483.625452 -485.764607 -486.038398 -487.728541 -488.505801 -488.728543 -489.559669 -489.193676 -486.410487 -484.540496 -484.213141 -484.931789 -485.386443 -486.190859 -486.688821 -486.470291 -487.085159 -487.595627 -488.158882 -487.761014 -485.544536 -487.571679 -488.500348 -489.556327 -490.853616 -490.512993 -490.251553 -490.277216 -487.758745 -487.177866 -487.014685 -483.802382 -480.803235 -480.254857 -481.757965 -483.128564 -482.324168 -481.919382 -482.787269 -483.548350 -482.666862 -482.888374 -482.846212 -484.081748 -482.144952 -482.628850 -480.780949 -479.416423 -477.835380 -474.999042 -9999.0 -9999.0 -9999.0
-481.409173 -486.378067 -489.183030 -489.935208 -489.135935 -486.788829 -487.440340 -489.130127 -491.958266 -488.994318 -489.543363 -489.941370 -489.538685 -488.667111 -488.332194 -488.006050 -487.592457 -485.173649 -485.620409 -485.932126 -485.772242 -486.156904 -486.896764 -486.656783 -486.971189 -489.160247 -488.692086 -488.103821 -488.693994 -486.549688 -486.520619 -485.137667 -489.106959 -488.621317 -488.052182 -487.875597 -487.996085 -488.012120 -487.596520 -489.332205 -487.790522 -488.638003 -490.979877 -490.902474 -489.933263 -486.843561 -485.173810 -486.422966 -491.837154 -489.027823 -483.200480 -484.102460 -485.539110 -483.140085 -480.852908 -477.023973 -477.843905 -478.241636
-489.342153 -491.348062 -489.026866 -487.192014 -486.059614 -487.007826 -488.994598 -491.584008 -487.015088 -485.475825 -486.848258 -486.438107 -485.068575 -484.852645 -490.759595 -492.331196 -490.348313 -488.399247 -487.731562 -488.999362 -489.606903 -490.684073 -490.569168 -489.767411 -490.269437 -489.318442 -488.643734 -489.960531 -488.700717 -487.202808 -485.503247 -489.009168 -492.122807 -491.895702 -489.302307 -487.643875 -487.164425 -484.898276 -480.816569 -481.585047 -482.194479 -481.873746 -481.173686 -485.435297 -489.528880 -491.022919 -491.590170 -492.802882 -491.404253 -492.500365 -487.714065 -488.295865 -489.301733 -487.340800 -486.094129 -484.289864 -482.932404 -483.239665
-487.729347 -490.948831 -492.428856 -492.963089 -492.374954 -493.126583 -493.330630 -489.573099 -488.123062 -484.987125 -486.965776 -487.079397 -487.229729 -490.910705 -493.481123 -495.440530 -489.717187 -485.494068 -484.499310 -486.210606 -487.727739 -483.604731 -484.842390 -485.112111 -487.528477 -486.739253 -487.670682 -483.674280 -482.469402 -480.349956 -481.210903 -485.228754 -488.566088 -488.565339 -488.226729 -488.900826 -488.283816 -486.181918 -483.240707 -485.877932 -486.276302 -484.624127 -490.934277 -495.556805 -496.606351 -491.630603 -488.768316 -488.971980 -488.258686 -487.720829 -490.805983 -489.917924 -489.528263 -491.235306 -487.891716 -484.595342 -484.445293 -487.656453
-477.508594 -481.269186 -483.398308 -487.705077 -487.089007 -486.808907 -485.802499 -484.655188 -481.929628 -475.268967 -477.974763 -478.077579 -475.533400 -479.330122 -482.622423 -488.506682 -481.970759 -481.385297 -480.066820 -481.329277 -477.092288 -473.283137 -476.127886 -479.591719 -484.089467 -481.621144 -476.477032 -471.926392 -471.327830 -470.870692 -469.609498 -472.993712 -473.460989 -474.089159 -473.485852 -476.095625 -476.232966 -472.944903 -466.629498 -465.614537 -467.442078 -471.977850 -479.993312 -487.483150 -491.258904 -484.142226 -485.702993 -486.177720 -484.501941 -487.803517 -489.421577 -485.486562 -488.207031 -490.390651 -485.521332 -485.425447 -486.446257 -490.669184
-479.394468 -482.166599 -486.311384 -490.933131 -490.872085 -488.332351 -487.797103 -483.574149 -477.643830 -470.590034 -467.786453 -465.712893 -461.214595 -463.921887 -466.451503 -470.134015 -469.191776 -464.709260 -461.086154 -457.094384 -452.613620 -446.617044 -449.228846 -453.254117 -453.464810 -452.364270 -445.020301 -438.063424 -433.611562 -428.590167 -422.311750 -423.846039 -429.645012 -438.331918 -446.636393 -452.187669 -456.581820 -450.057508 -443.220518 -443.480282 -454.334488 -460.792584 -469.402088 -478.584594 -489.745855 -488.002255 -484.893546 -481.883812 -485.792106 -486.726701 -489.757882 -489.595488 -488.211763 -492.591244 -489.793762 -489.632517 -486.674008 -481.634077
-455.925343 -453.469928 -460.852250 -461.692358 -459.440946 -455.143110 -455.381933 -452.451296 -436.870823 -411.169063 -390.961624 -370.595983 -367.146057 -376.367531 -383.850044 -394.641849 -400.971448 -393.267282 -385.095297 -375.183879 -362.812917 -346.586628 -330.261690 -327.354679 -325.385486 -319.960362 -312.389242 -291.723441 -248.116897 -200.185992 -177.780969 -174.201006 -195.400153 -244.831456 -304.094555 -334.978423 -343.896482 -349.922772 -343.483461 -344.275900 -365.643496 -388.216420 -407.108043 -429.188010 -449.077897 -459.846530 -456.133479 -461.016964 -464.669594 -468.469752 -479.872585 -481.317250 -481.633625 -492.194041 -493.080072 -489.746091 -485.360235 -481.595476
-400.415648 -387.242166 -386.114106 -383.405540 -381.889738 -378.413865 -374.452099 -362.944275 -286.673874 -193.829903 -148.279830 -125.443385 -117.412784 -125.270668 -132.285454 -139.651090 -147.002514 -147.238154 -136.286959 -122.316844 -108.245261 -97.775146 -92.784271 -92.710157 -90.982477 -87.289452 -80.296953 -69.767287 -51.083794 -31.080428 -16.224625 -5.952776 -15.795336 -44.698638 -72.302942 -94.616152 -103.030917 -105.001045 -108.017440 -109.007510 -113.549955 -139.893286 -169.383699 -226.963114 -340.430371 -377.582204 -396.262978 -409.150187 -421.025995 -445.438652 -463.274585 -474.203986 -481.957311 -491.112337 -492.926529 -480.566669 -468.737573 -474.671215
-153.896975 -136.324589 -132.310464 -131.692091 -130.479864 -126.148881 -121.031127 -109.047861 -75.843254 -29.053795 0.003242 0.039200 0.049468 0.030581 0.023999 0.016795 0.008463 0.002877 0.011128 0.017455 0.029632 0.036427 0.050172 0.044515 0.047338 0.039375 0.046587 0.051532 0.049522 0.056655 0.067335 0.080841 0.098354 0.064093 0.049402 0.038573 0.039039 0.036063 0.031021 0.033282 0.037603 0.040839 -3.357230 -37.889113 -96.615955 -129.891551 -151.612124 -168.338039 -201.739465 -276.884727 -359.501096 -380.890031 -401.164943 -424.852823 -451.675764 -439.066872 -448.176010 -452.388435
-5.636552 0.019678 0.029351 0.021598 0.019786 0.024556 0.026091 0.031804 0.042399 0.051840 0.064685 0.094053 0.179227 0.129656 0.099219 0.073589 0.078194 0.075211 0.077150 0.088095 0.087573 0.105551 0.144683 0.167844 0.179673 0.107552 0.148511 0.170654 0.156747 0.129804 0.150875 0.195839 0.276396 0.188898 0.131932 0.101179 0.087138 0.081868 0.083301 0.082016 0.101859 0.109346 0.085659 0.059789 0.036076 0.014306 -3.896032 -16.178328 -36.008012 -66.440406 -94.768785 -113.877620 -140.466628 -196.752744 -308.329820 -362.744277 -378.885867 -391.339919
0.062238 0.079325 0.098408 0.090195 0.096960 0.089729 0.099103 0.120241 0.162208 0.188018 0.361350 14.797687 22.968062 28.991743 29.212301 30.168011 32.914953 31.410594 32.810672 32.142783 33.621586 32.431062 35.869573 36.163092 34.970173 36.360348 35.047026 36.701938 35.513814 36.092780 34.584142 33.426242 34.436586 33.005935 32.129767 24.055019 10.493031 0.611755 0.286089 0.241825 0.216287 0.189781 0.161170 0.128043 0.092592 0.071826 0.060240 0.063384 0.063735 0.055683 0.050262 0.031877 0.010251 -20.640162 -68.445810 -114.340226 -129.388750 -150.965259
0.132055 0.193251 0.374521 6.084658 12.818672 17.250281 25.922752 36.521516 36.690171 38.181101 38.403667 36.491169 38.570958 35.890644 38.456174 35.866216 34.434507 35.168649 28.832242 21.480158 22.067465 23.613196 25.318714 28.283729 27.747650 27.272475 31.140053 28.637288 24.750102 20.900284 19.352683 19.846045 25.605648 29.022770 28.474365 30.030852 28.894903 29.111218 28.806989 28.538218 28.680210 28.031761 23.835963 15.913065 0.388532 0.150837 0.108551 0.099127 0.088471 0.135524 0.115761 0.112020 0.087152 0.068545 0.045171 0.020823 0.010330 -6.039852
39.675793 37.942006 39.816622 37.963870 40.962940 39.719875 42.209688 35.985092 35.464994 29.744291 29.258203 28.961310 25.746601 27.451587 24.593743 21.269491 18.638486 13.493292 3.966957 0.257822 0.203705 0.303979 0.593737 3.397366 5.737433 8.733348 10.347707 6.338799 0.481963 0.238578 0.183872 0.319956 1.471737 5.341190 5.773599 4.258353 2.560369 2.929961 1.149399 1.394326 6.878996 18.377584 25.446125 25.687564 25.358929 25.123108 25.238051 5.266089 0.142985 0.442893 0.286857 0.209749 0.147449 0.120705 0.095665 0.078774 0.064440 0.069491
29.774349 25.926737 20.069417 20.203278 23.126880 30.363020 30.330563 25.545456 17.615583 11.660150 5.775221 4.233566 2.972244 2.197067 2.229027 0.443026 0.312082 0.210730 0.185146 0.156365 0.147062 0.122802 0.130976 0.159458 0.206332 0.368607 0.196478 0.176949 0.141867 0.115850 0.128098 0.131065 0.143735 0.205221 0.257375 0.331224 0.198313 0.192366 0.157631 0.116363 0.149930 0.201963 0.276960 0.653426 6.179399 12.585036 17.823353 24.953985 24.636407 24.639187 24.168162 20.385733 8.061026 0.274426 0.174534 0.134092 0.104468 0.118951
9.477004 3.256113 0.389909 0.273399 0.637473 3.457520 1.599656 0.364161 0.248124 0.202933 0.164777 0.126827 0.162581 0.178312 0.274090 0.188150 0.156047 0.133211 0.125067 0.103354 0.113362 0.097575 0.066364 0.086999 0.121261 0.191978 0.103231 0.102164 0.084572 0.080544 0.070548 0.074987 0.079944 0.100006 0.164825 0.201450 0.128494 0.117983 0.115625 0.088190 0.104181 0.127810 0.155106 0.180106 0.208559 0.210611 0.228799 0.258182 0.344371 3.993836 12.999896 23.132213 23.513470 23.045072 23.106437 7.614189 0.276684 0.222519
0.278175 0.238837 0.208297 0.194512 0.269903 0.237446 0.197765 0.173341 0.142007 0.133398 0.117636 0.091065 0.098198 0.080348 0.138949 0.093037 0.090710 0.073841 0.066457 0.052009 0.045330 0.039076 0.023873 0.029697 0.043858 0.073484 0.037727 0.035407 0.024983 0.023618 0.019835 0.019676 0.023084 0.041524 0.062003 0.094650 0.067117 0.066518 0.068087 0.059402 0.063411 0.074390 0.088573 0.110229 0.134491 0.142689 0.142726 0.145951 0.164297 0.180779 0.198000 0.242538 0.797794 12.298159 19.911182 25.422664 25.377753 24.902642
0.195190 0.172091 0.140767 0.105746 0.230238 0.156971 0.147146 0.110303 0.054152 0.055514 0.040146 0.027044 0.026842 0.017481 0.018773 0.008200 0.000572 -8.885881 -31.241070 -67.691941 -96.666079 -107.460098 -114.460986 -122.745644 -117.601307 -114.836404 -114.069465 -118.721240 -123.314152 -125.300620 -126.733808 -122.590155 -110.053558 -98.151690 -84.632604 -71.748515 -62.674770 -40.989371 -20.135348 -12.687961 0.001281 0.019897 0.033849 0.051017 0.074096 0.083245 0.089473 0.096024 0.111077 0.122955 0.130244 0.147467 0.186366 0.229883 0.261523 0.346792 3.585271 15.087544
0.131386 0.117005 0.097197 0.065105 0.118215 0.098716 0.086473 0.036440 -6.754795 -37.102696 -73.892006 -107.807252 -121.768323 -128.957123 -145.398674 -153.886608 -161.958290 -168.124351 -204.406045 -293.069942 -341.678353 -355.253063 -360.894855 -370.849617 -373.330952 -369.670964 -360.729780 -369.829565 -375.116229 -373.836701 -376.495351 -377.629865 -366.397259 -346.216530 -328.506583 -304.599673 -272.395246 -234.790403 -192.257127 -156.209299 -138.005639 -121.392956 -92.546675 -48.200861 -15.709611 0.011230 0.030917 0.045498 0.062788 0.069533 0.081188 0.094830 0.124091 0.144832 0.158818 0.165757 0.168153 0.191221
0.065572 0.051319 0.034074 0.008315 0.013825 -6.725490 -31.427443 -96.220537 -148.261382 -203.959437 -298.751112 -356.338401 -372.752796 -386.651173 -404.464650 -414.692048 -414.856417 -413.130703 -420.513432 -435.252887 -443.694024 -447.400274 -450.631929 -455.934515 -459.201578 -455.389868 -452.086108 -452.878824 -453.196249 -451.940434 -452.317960 -453.107832 -454.310138 -448.262719 -444.619473 -439.947908 -435.734875 -432.682618 -416.455037 -399.616888 -388.037655 -369.080569 -332.399832 -226.406107 -164.412073 -129.854414 -103.179473 -63.751079 -27.302844 -4.119064 0.023767 0.043790 0.065028 0.083223 0.093746 0.105498 0.111997 0.123573
-25.207956 -66.375441 -116.209158 -132.166751 -141.220159 -154.201202 -211.075468 -339.469513 -391.564341 -414.604754 -433.135726 -444.661613 -452.109287 -460.139819 -467.758402 -472.925040 -468.538348 -467.100861 -463.659317 -469.405144 -473.291511 -473.291805 -476.545252 -479.288393 -484.002517 -479.943587 -478.890442 -474.605954 -475.651931 -475.956289 -473.976561 -475.119718 -475.463066 -478.966035 -476.149432 -475.282915 -474.338165 -467.342157 -461.267819 -454.914464 -449.919009 -444.062614 -434.389725 -416.040648 -395.142402 -371.382178 -340.609801 -261.242035 -179.192913 -136.543014 -104.545884 -63.290734 -23.134457 -0.227881 0.027101 0.048107 0.057817 0.069429
-186.069908 -283.737570 -370.215700 -394.370516 -395.207409 -410.614231 -428.443348 -454.384479 -462.099520 -465.851691 -471.157301 -474.324878 -476.208351 -480.961069 -483.968327 -490.262656 -487.389967 -484.000824 -478.774147 -483.249105 -483.448454 -481.924758 -483.958309 -486.089834 -490.386097 -489.836693 -486.664159 -482.859656 -483.648064 -483.152370 -480.838922 -480.742663 -482.583603 -486.674501 -486.063461 -484.234355 -482.865625 -479.388404 -476.581612 -473.945699 -472.009871 -468.555022 -464.158938 -458.878294 -451.490109 -442.223191 -435.236725 -419.062374 -395.452493 -371.483503 -343.685312 -265.406177 -179.271182 -140.473610 -109.826409 -71.204844 -34.344628 -4.658859
-400.087421 -427.851528 -447.827647 -461.524151 -468.630385 -474.771314 -480.874995 -482.074473 -483.205696 -485.155363 -486.642903 -488.393245 -489.961069 -491.065173 -493.701564 -500.390484 -497.367686 -493.560383 -489.124248 -488.974790 -489.318639 -488.677922 -489.393948 -492.236336 -497.839329 -495.555466 -492.532396 -489.909608 -489.377211 -489.112117 -487.336519 -488.731336 -491.466834 -495.602959 -494.099137 -491.514230 -490.607240 -489.474501 -487.486708 -485.436398 -483.566311 -481.341238 -479.301246 -476.009021 -472.212974 -467.749807 -462.459924 -455.845792 -446.474130 -442.394632 -435.489005 -423.848406 -403.619647 -384.687448 -356.615072 -288.723805 -191.508157 -133.101582
-457.479565 -465.534732 -474.410449 -477.517273 -480.648989 -483.309714 -486.548125 -488.232273 -489.584441 -487.474468 -487.790850 -490.399720 -489.498492 -490.622819 -496.025901 -493.600191 -491.954352 -487.345019 -488.454928 -488.765015 -489.850791 -488.956289 -489.542268 -495.103578 -492.144820 -491.110563 -488.153396 -487.998861 -487.648965 -487.366321 -486.921035 -487.591883 -491.562887 -490.722183 -489.919840 -487.383294 -487.950823 -487.535074 -485.044936 -485.156061 -484.328938 -482.825348 -481.358322 -479.540754 -477.179386 -473.198460 -469.028478 -464.782840 -464.605653 -461.567575 -458.728595 -462.583567 -455.730075 -450.168764 -443.807329 -429.649947 -408.586854 -376.747866
