tests/Borden05m/data_simulated/sim_1/output-maps/psiliqL0003N0011.asc
ncols         160
nrows         34
xllcorner     620200.000000
yllcorner     5168000.000000
cellsize      0.500000
NODATA_value  -9999.0
[rows 0 to 24 of 34, columns 0 to 55 of 160]
-9999.0 -9999.0 -9999.0 -9999.0 -9999.0 -9999.0 -9999.0 -9999.0 -9999.0 -9999.0 -9999.0 -9999.0 -9999.0 -9999.0 -9999.0 -9999.0 -9999.0 -9999.0 -9999.0 -9999.0 -9999.0 -9999.0 -9999.0 -9999.0 -9999.0 -9999.0 -9999.0 -9999.0 -9999.0 -9999.0 -9999.0 -9999.0 -9999.0 -9999.0 -9999.0 -9999.0 -9999.0 -9999.0 -9999.0 -9999.0 -9999.0 -9999.0 -9999.0 -9999.0 -9999.0 -9999.0 -9999.0 -9999.0 -9999.0 -9999.0 -9999.0 -9999.0 -9999.0 -9999.0 -9999.0 -9999.0
-9999.0 -9999.0 -9999.0 -9999.0 -9999.0 -9999.0 -9999.0 -9999.0 -9999.0 -9999.0 -9999.0 -9999.0 -9999.0 -9999.0 -9999.0 -9999.0 -9999.0 -9999.0 -9999.0 -9999.0 -9999.0 -9999.0 -9999.0 -9999.0 -9999.0 -9999.0 -9999.0 -9999.0 -9999.0 -9999.0 -9999.0 -9999.0 -9999.0 -9999.0 -9999.0 -9999.0 -9999.0 -9999.0 -9999.0 -9999.0 -9999.0 -9999.0 -9999.0 -9999.0 -9999.0 -9999.0 -9999.0 -9999.0 -9999.0 -9999.0 -9999.0 -9999.0 -9999.0 -9999.0 -9999.0 -9999.0
-9999.0 -9999.0 -9999.0 -9999.0 -9999.0 -9999.0 -9999.0 -9999.0 -9999.0 -9999.0 -9999.0 -9999.0 -9999.0 -9999.0 -9999.0 -9999.0 -9999.0 -9999.0 -9999.0 -9999.0 -9999.0 -9999.0 -9999.0 -9999.0 -9999.0 -9999.0 -9999.0 -9999.0 -9999.0 -9999.0 -9999.0 -9999.0 -9999.0 -9999.0 -9999.0 -9999.0 -9999.0 -9999.0 -9999.0 -9999.0 -9999.0 -9999.0 -9999.0 -9999.0 -9999.0 -9999.0 -9999.0 -549.713135 -554.270853 -559.805800 -561.392287 -555.219758 -552.541616 -550.094742 -548.516490 -547.069889
-9999.0 -9999.0 -9999.0 -9999.0 -9999.0 -9999.0 -9999.0 -9999.0 -9999.0 -9999.0 -9999.0 -9999.0 -9999.0 -9999.0 -9999.0 -9999.0 -9999.0 -9999.0 -9999.0 -9999.0 -9999.0 -9999.0 -9999.0 -9999.0 -9999.0 -9999.0 -9999.0 -9999.0 -9999.0 -9999.0 -9999.0 -9999.0 -9999.0 -9999.0 -9999.0 -9999.0 -9999.0 -9999.0 -9999.0 -9999.0 -550.467638 -548.363966 -546.639962 -549.624895 -550.854555 -550.564014 -553.726804 -557.424580 -561.264526 -560.060567 -560.009548 -562.841432 -558.643101 -555.293506 -554.209896 -553.342098
-9999.0 -9999.0 -9999.0 -9999.0 -9999.0 -9999.0 -9999.0 -9999.0 -9999.0 -9999.0 -9999.0 -9999.0 -9999.0 -9999.0 -9999.0 -9999.0 -9999.0 -9999.0 -9999.0 -9999.0 -9999.0 -9999.0 -9999.0 -9999.0 -9999.0 -9999.0 -9999.0 -9999.0 -9999.0 -9999.0 -9999.0 -9999.0 -9999.0 -9999.0 -559.785669 -555.834178 -554.147655 -552.561696 -550.130541 -551.053994 -551.852070 -550.027273 -551.680736 -551.732272 -553.760168 -557.622110 -561.502149 -563.656842 -561.220602 -561.983191 -562.009273 -560.048433 -558.869793 -558.515786 -555.808684 -551.418757
-9999.0 -9999.0 -9999.0 -9999.0 -9999.0 -9999.0 -9999.0 -9999.0 -9999.0 -9999.0 -9999.0 -9999.0 -9999.0 -9999.0 -9999.0 -9999.0 -9999.0 -9999.0 -9999.0 -9999.0 -9999.0 -9999.0 -9999.0 -9999.0 -9999.0 -9999.0 -9999.0 -9999.0 -553.661255 -555.221353 -556.408858 -556.320511 -556.887319 -559.092471 -559.730940 -559.415687 -557.370409 -554.018872 -553.538568 -554.043709 -553.835095 -554.685029 -557.020163 -557.223743 -554.605158 -556.942204 -558.031729 -559.571055 -563.563059 -564.576736 -562.308305 -560.170114 -558.378293 -558.046693 -557.919990 -558.151990
-9999.0 -9999.0 -9999.0 -9999.0 -9999.0 -9999.0 -9999.0 -9999.0 -9999.0 -9999.0 -9999.0 -9999.0 -9999.0 -9999.0 -9999.0 -9999.0 -9999.0 -9999.0 -9999.0 -9999.0 -9999.0 -9999.0 -9999.0 -556.257529 -554.827774 -554.309598 -553.060177 -553.734970 -556.820875 -558.790271 -559.635084 -560.340490 -562.023962 -562.254171 -562.366136 -561.395476 -560.719808 -557.177485 -559.104201 -560.383295 -557.315244 -558.088413 -556.015856 -553.668266 -554.192896 -553.689508 -558.032071 -561.308172 -557.907912 -556.579553 -556.806869 -557.662635 -556.674520 -555.352177 -553.703184 -550.765138
-9999.0 -9999.0 -9999.0 -9999.0 -9999.0 -9999.0 -9999.0 -9999.0 -9999.0 -9999.0 -9999.0 -9999.0 -9999.0 -9999.0 -9999.0 -9999.0 -9999.0 -9999.0 -9999.0 -556.001106 -556.467815 -557.381413 -557.053722 -560.057153 -561.349139 -560.535466 -558.975137 -559.933998 -561.670708 -563.154445 -562.986930 -562.806071 -563.204038 -561.013976 -559.282318 -558.792964 -559.418830 -556.692960 -555.986605 -554.499961 -550.369239 -553.176063 -555.915706 -557.352924 -557.484980 -558.333000 -555.861194 -555.164088 -554.998787 -555.400309 -555.482615 -554.979110 -554.760109 -551.568476 -548.716035 -546.452369
-9999.0 -9999.0 -9999.0 -9999.0 -9999.0 -9999.0 -9999.0 -9999.0 -9999.0 -9999.0 -9999.0 -9999.0 -9999.0 -9999.0 -9999.0 -9999.0 -556.246981 -556.515429 -557.656256 -559.513857 -561.112103 -561.172631 -559.978962 -562.225488 -563.000567 -562.542577 -563.565264 -562.493902 -561.341751 -559.962513 -559.368392 -561.000211 -560.788323 -561.104239 -561.403404 -560.822205 -557.751474 -554.953954 -554.512909 -552.549569 -548.864354 -551.138602 -552.100173 -552.009467 -553.473169 -552.446275 -546.913050 -548.016903 -550.748755 -545.071804 -542.178871 -543.530417 -544.323531 -540.834899 -535.596314 -529.014274
-9999.0 -9999.0 -9999.0 -9999.0 -9999.0 -9999.0 -9999.0 -9999.0 -9999.0 -9999.0 -9999.0 -9999.0 -9999.0 -556.639184 -556.889266 -556.605300 -559.470180 -561.721364 -563.103105 -565.023738 -562.653965 -564.424310 -565.012397 -564.645618 -562.534446 -562.541390 -562.364607 -561.085924 -561.617713 -562.347679 -563.069360 -564.516409 -562.846468 -561.199148 -560.133730 -557.757933 -556.016107 -554.758107 -552.190324 -551.900285 -550.204569 -551.109435 -553.439381 -553.978224 -552.305766 -547.269650 -543.567821 -542.582625 -535.845125 -528.808637 -525.688552 -521.556620 -519.810352 -517.378500 -510.888889 -490.872319
-9999.0 -9999.0 -9999.0 -9999.0 -9999.0 -9999.0 -9999.0 -9999.0 -9999.0 -9999.0 -560.967710 -559.497246 -561.704101 -565.847084 -567.661888 -566.755461 -565.807487 -567.407377 -567.399441 -563.161124 -560.878988 -564.944555 -562.266662 -562.289298 -564.059816 -563.712084 -562.688467 -562.620249 -560.145565 -560.191699 -560.339451 -556.297348 -555.387982 -554.413026 -553.022708 -551.542106 -550.392001 -544.530737 -539.598084 -540.163662 -533.162893 -528.853570 -532.777622 -534.210342 -533.245866 -528.285065 -520.277877 -508.791549 -496.783457 -478.886270 -462.015262 -449.302390 -438.307181 -422.369363 -396.298553 -359.841040
-9999.0 -9999.0 -9999.0 -9999.0 -9999.0 -9999.0 -9999.0 -9999.0 -566.937060 -564.574197 -563.104891 -564.975230 -567.502541 -572.127784 -570.399863 -568.743926 -567.650703 -565.994445 -565.262220 -564.682713 -565.826539 -564.490776 -561.890139 -562.734904 -562.555773 -560.907629 -560.996933 -559.601201 -557.382408 -558.788927 -557.772127 -555.823623 -554.156831 -552.684111 -550.873801 -549.962899 -544.025269 -536.091602 -527.586173 -520.481067 -510.337940 -497.415016 -497.802805 -495.228333 -492.306526 -474.313341 -447.100862 -401.561253 -360.834563 -343.958374 -328.598782 -319.605985 -312.546673 -302.131417 -287.557340 -274.003780
-9999.0 -9999.0 -9999.0 -9999.0 -9999.0 -9999.0 -570.496149 -565.245102 -562.740107 -568.682677 -573.320542 -574.885970 -577.677047 -571.621494 -566.421836 -565.493774 -564.804991 -563.978953 -564.605757 -568.177289 -560.507611 -562.782092 -564.518509 -562.328196 -562.659593 -562.598078 -561.277048 -558.125319 -556.953376 -550.728205 -546.422650 -542.784766 -537.687662 -534.658431 -531.415679 -527.699861 -517.354133 -501.447114 -479.407049 -455.250791 -422.274562 -379.379984 -362.046469 -354.529963 -349.712076 -341.860255 -325.299813 -303.079567 -275.846374 -251.501551 -233.617493 -225.303101 -216.563287 -205.336392 -190.366849 -172.999764
-9999.0 -9999.0 -9999.0 -9999.0 -567.487600 -566.371641 -567.427734 -562.920933 -559.831151 -567.006523 -564.484528 -565.778261 -568.181382 -571.092845 -574.592492 -572.145261 -570.761225 -569.868425 -570.464394 -563.000625 -556.721616 -561.190082 -558.260747 -552.294376 -553.916854 -553.438970 -553.325442 -550.810005 -546.171938 -540.301312 -526.510204 -514.084792 -505.691437 -494.705736 -482.971303 -466.828424 -436.098711 -379.486959 -349.514834 -329.727082 -308.813392 -288.456187 -274.256292 -267.427102 -259.367025 -249.724435 -235.537536 -213.289883 -186.473382 -154.176937 -132.724811 -117.412746 -110.454363 -97.054204 -79.936786 -38.273632
-9999.0 -9999.0 -9999.0 -570.665278 -565.533728 -563.710369 -566.305902 -565.491613 -561.667756 -565.620867 -566.398886 -567.142138 -567.624865 -567.633937 -568.041863 -566.678123 -566.468929 -567.615457 -566.699590 -562.379829 -560.670334 -557.431946 -555.004944 -551.159511 -547.842250 -546.706501 -544.920987 -540.113547 -527.865302 -514.073348 -486.833083 -446.174546 -395.293303 -361.086926 -348.592619 -335.543544 -320.605863 -294.986001 -270.412224 -246.868056 -220.928509 -196.436303 -172.316801 -164.874016 -158.607418 -152.790902 -135.602527 -116.848001 -90.674486 -35.781941 -33.248681 6.802756 -2.746175 24.897007 38.211535 52.135080
-9999.0 -9999.0 -569.672929 -566.758984 -568.903409 -565.348120 -561.415059 -564.461937 -559.761132 -558.364212 -563.386101 -560.748013 -559.471822 -562.648812 -560.876640 -558.848288 -557.819763 -561.527826 -564.281263 -559.382082 -548.645919 -540.210640 -536.320568 -515.373761 -502.797736 -494.474156 -490.587618 -477.445583 -454.264489 -393.167802 -349.684065 -320.263791 -290.320110 -264.196878 -252.994315 -239.067665 -215.952274 -198.121326 -174.313526 -149.332687 -120.959684 -91.059423 -39.711619 -30.876027 -27.614613 -36.775767 1.979203 1.708203 39.582949 57.991437 73.768407 74.624889 74.421724 75.241114 75.098315 75.674854
-9999.0 -9999.0 -573.110745 -568.230658 -571.799419 -564.348849 -557.464958 -564.562980 -562.703699 -555.724969 -557.889474 -557.285086 -558.584074 -558.563755 -555.707614 -549.739543 -552.947655 -554.177662 -561.333001 -545.325786 -531.527528 -508.066727 -460.690997 -399.562160 -357.719033 -351.066360 -348.605221 -340.500154 -326.104441 -291.485008 -246.917977 -204.266153 -166.077598 -139.538403 -125.534610 -108.040397 -63.019201 -45.087278 -57.622501 -29.188763 13.235491 32.212792 53.157832 69.092667 74.976604 74.150305 74.705191 74.284332 75.105765 75.452294 74.779634 71.914474 70.956411 71.312630 72.496590 67.669754
-9999.0 -574.231877 -571.800999 -571.734173 -566.919717 -568.766589 -563.215572 -555.225965 -555.896388 -553.206161 -553.467049 -558.655815 -543.309805 -530.050333 -526.000091 -514.639413 -519.875311 -523.461323 -531.640044 -515.587651 -484.964475 -388.733875 -310.463263 -260.362484 -233.296100 -228.947062 -232.006728 -219.596736 -195.949580 -158.969432 -94.701629 -38.237275 -2.111348 24.119372 32.362082 34.074779 47.224057 61.544651 75.889139 77.977727 79.229476 79.359289 75.499422 75.591221 75.311213 75.645415 72.305482 66.626822 59.204425 54.246260 50.503075 46.655720 48.519986 51.442004 52.789770 46.211516
-9999.0 -581.874569 -572.104278 -566.541207 -568.926058 -573.368084 -560.403826 -540.945583 -548.467244 -551.053067 -552.385151 -541.029913 -504.623330 -468.224841 -439.601301 -396.156210 -400.436338 -419.501927 -417.935272 -369.625406 -331.948190 -274.596329 -168.877834 -57.240008 -53.398530 -45.125968 -37.889869 -18.443066 5.984598 26.920428 44.774498 65.271286 68.145893 68.434289 68.731661 68.761686 68.976920 69.003890 65.339369 61.930807 57.745479 57.760494 61.037687 60.690982 58.190686 55.773778 50.324250 41.574230 35.275374 30.516702 26.623019 10.889916 20.763547 23.471036 19.679136 -6.154175
-9999.0 -574.039771 -563.088189 -566.026714 -575.463233 -562.897711 -558.137201 -545.084789 -535.447902 -539.219541 -524.327078 -469.786211 -374.226852 -331.474073 -301.739151 -275.467683 -252.385805 -253.210759 -234.461604 -189.328409 -99.853361 -41.745982 -0.777665 48.420813 54.597048 54.847799 54.411151 54.676842 54.984157 55.118242 55.315178 53.729269 58.126449 60.163369 58.940772 56.141737 51.500554 42.886137 37.071938 34.245975 31.082218 30.998647 33.923522 34.324052 31.975880 28.298832 21.905419 -11.240177 -22.931859 -31.361844 -36.407345 -42.337727 -43.274465 -47.173029 -53.133989 -63.415672
-9999.0 -587.427247 -571.373282 -585.017721 -567.011299 -552.006306 -554.925094 -533.326505 -507.257465 -498.802681 -413.830311 -341.781694 -281.391922 -235.002881 -188.541496 -120.996879 -31.808074 -7.085986 17.135864 21.051351 48.437240 61.719683 62.479062 63.067435 55.054040 55.142712 47.783763 28.244378 17.636046 10.882999 12.498555 19.315088 25.339601 31.079105 28.978623 28.685387 26.002390 -8.651208 -18.319922 -27.193177 -34.536706 -39.279621 -39.763851 -34.217873 -39.395100 -43.784650 -51.524803 -64.785062 -75.862601 -84.901452 -92.959071 -100.152063 -103.052057 -108.674384 -110.568590 -118.283272
-9999.0 -597.344790 -585.751044 -577.670137 -562.138402 -551.514701 -541.502174 -517.998127 -461.924544 -383.711568 -325.573320 -294.738675 -245.279424 -182.215527 -103.078900 11.984475 41.434796 43.229576 42.916624 29.065754 -11.977303 -20.177799 -8.003025 11.766127 18.690241 20.900279 7.962194 -36.829679 -50.089073 -52.671578 -53.679732 -53.349268 -53.309014 -54.580798 -58.138388 -58.134941 -56.819594 -68.463530 -78.282989 -85.831387 -91.857790 -98.686433 -103.258216 -105.408700 -107.665955 -108.544775 -116.448765 -127.865193 -138.813144 -147.059622 -154.937386 -161.029429 -162.906974 -166.888197 -172.070313 -181.086622
-9999.0 -620.962797 -581.744286 -577.644632 -568.495920 -566.096980 -564.222110 -546.413553 -517.673242 -394.870625 -276.483214 -261.454306 -243.664812 -206.031103 -137.407628 -57.172526 13.721694 -15.506239 -45.837598 -114.478826 -129.186675 -125.735939 -113.341889 -93.814552 -79.819814 -73.433952 -77.305161 -93.010928 -109.095724 -117.129943 -120.897611 -127.845717 -133.250521 -133.757746 -136.249275 -132.552867 -130.479324 -140.795062 -152.823593 -165.812888 -176.663678 -184.401092 -186.836103 -186.110568 -186.589603 -189.287155 -196.116057 -205.441121 -216.644746 -226.436271 -233.892774 -238.882725 -243.585736 -249.783982 -256.415319 -263.112801
-9999.0 -9999.0 -599.074941 -577.398044 -575.114296 -572.379974 -570.231393 -556.228008 -541.382033 -484.836550 -392.863179 -344.025386 -318.934381 -287.603116 -236.345827 -187.351577 -168.458952 -161.140311 -190.662986 -204.688338 -208.684224 -206.838869 -197.681073 -185.719529 -174.394348 -167.754890 -164.954591 -168.683172 -178.402273 -192.101006 -207.126800 -218.449015 -225.587570 -230.552128 -224.951960 -216.404572 -217.740683 -223.243853 -232.072581 -243.183054 -251.952202 -260.686308 -262.502402 -261.284120 -261.131332 -263.355767 -267.639234 -277.928128 -288.976700 -299.835776 -305.277314 -310.242722 -314.614620 -321.809407 -328.544693 -335.267508
-9999.0 -9999.0 -625.175431 -588.519954 -574.314321 -564.779965 -566.749679 -566.043552 -545.591006 -536.150018 -519.837402 -490.759700 -458.366721 -405.704064 -362.451322 -336.174925 -324.793771 -320.044728 -321.507886 -317.874256 -306.496398 -291.924353 -280.254672 -270.237332 -261.461815 -254.543835 -248.237760 -256.036932 -263.825429 -275.728940 -291.837751 -309.353599 -318.220200 -322.498498 -319.900128 -314.976299 -318.057448 -323.853204 -331.384232 -339.469077 -344.957953 -350.252107 -351.480180 -351.895129 -351.971488 -353.496528 -356.571830 -367.156480 -386.056105 -402.445124 -414.987197 -425.091971 -430.799769 -441.268332 -452.723314 -460.502349
