tests/Borden05m/data_simulated/sim_1/output-maps/psiliqL0016N0019.asc
ncols         160
nrows         34
xllcorner     620200.000000
yllcorner     5168000.000000
cellsize      0.500000
NODATA_value  -9999.0
[rows 0 to 24 of 34, columns 0 to 54 of 160]
-9999.0 -9999.0 -9999.0 -9999.0 -9999.0 -9999.0 -9999.0 -9999.0 -9999.0 -9999.0 -9999.0 -9999.0 -9999.0 -9999.0 -9999.0 -9999.0 -9999.0 -9999.0 -9999.0 -9999.0 -9999.0 -9999.0 -9999.0 -9999.0 -9999.0 -9999.0 -9999.0 -9999.0 -9999.0 -9999.0 -9999.0 -9999.0 -9999.0 -9999.0 -9999.0 -9999.0 -9999.0 -9999.0 -9999.0 -9999.0 -9999.0 -9999.0 -9999.0 -9999.0 -9999.0 -9999.0 -9999.0 -9999.0 -9999.0 -9999.0 -9999.0 -9999.0 -9999.0 -9999.0 -9999.0
-9999.0 -9999.0 -9999.0 -9999.0 -9999.0 -9999.0 -9999.0 -9999.0 -9999.0 -9999.0 -9999.0 -9999.0 -9999.0 -9999.0 -9999.0 -9999.0 -9999.0 -9999.0 -9999.0 -9999.0 -9999.0 -9999.0 -9999.0 -9999.0 -9999.0 -9999.0 -9999.0 -9999.0 -9999.0 -9999.0 -9999.0 -9999.0 -9999.0 -9999.0 -9999.0 -9999.0 -9999.0 -9999.0 -9999.0 -9999.0 -9999.0 -9999.0 -9999.0 -9999.0 -9999.0 -9999.0 -9999.0 -9999.0 -9999.0 -9999.0 -9999.0 -9999.0 -9999.0 -9999.0 -9999.0
-9999.0 -9999.0 -9999.0 -9999.0 -9999.0 -9999.0 -9999.0 -9999.0 -9999.0 -9999.0 -9999.0 -9999.0 -9999.0 -9999.0 -9999.0 -9999.0 -9999.0 -9999.0 -9999.0 -9999.0 -9999.0 -9999.0 -9999.0 -9999.0 -9999.0 -9999.0 -9999.0 -9999.0 -9999.0 -9999.0 -9999.0 -9999.0 -9999.0 -9999.0 -9999.0 -9999.0 -9999.0 -9999.0 -9999.0 -9999.0 -9999.0 -9999.0 -9999.0 -9999.0 -9999.0 -9999.0 -9999.0 1300.558662 1283.446444 1268.543605 1265.966773 1288.431730 1312.062239 1336.191696 1357.095367
-9999.0 -9999.0 -9999.0 -9999.0 -9999.0 -9999.0 -9999.0 -9999.0 -9999.0 -9999.0 -9999.0 -9999.0 -9999.0 -9999.0 -9999.0 -9999.0 -9999.0 -9999.0 -9999.0 -9999.0 -9999.0 -9999.0 -9999.0 -9999.0 -9999.0 -9999.0 -9999.0 -9999.0 -9999.0 -9999.0 -9999.0 -9999.0 -9999.0 -9999.0 -9999.0 -9999.0 -9999.0 -9999.0 -9999.0 -9999.0 1347.893636 1353.946360 1355.035049 1344.974804 1334.030382 1321.753258 1301.844725 1284.345499 1270.139279 1268.059735 1271.007710 1275.862893 1298.327188 1323.522050 1343.619512
-9999.0 -9999.0 -9999.0 -9999.0 -9999.0 -9999.0 -9999.0 -9999.0 -9999.0 -9999.0 -9999.0 -9999.0 -9999.0 -9999.0 -9999.0 -9999.0 -9999.0 -9999.0 -9999.0 -9999.0 -9999.0 -9999.0 -9999.0 -9999.0 -9999.0 -9999.0 -9999.0 -9999.0 -9999.0 -9999.0 -9999.0 -9999.0 -9999.0 -9999.0 1254.480582 1271.988749 1290.316324 1309.071002 1326.165468 1333.261705 1339.230204 1345.091859 1341.137142 1336.861398 1325.772115 1306.540535 1287.398973 1274.121654 1272.598370 1270.515222 1275.025089 1287.962677 1305.105097 1321.423709 1342.672504
-9999.0 -9999.0 -9999.0 -9999.0 -9999.0 -9999.0 -9999.0 -9999.0 -9999.0 -9999.0 -9999.0 -9999.0 -9999.0 -9999.0 -9999.0 -9999.0 -9999.0 -9999.0 -9999.0 -9999.0 -9999.0 -9999.0 -9999.0 -9999.0 -9999.0 -9999.0 -9999.0 -9999.0 1257.271480 1251.613777 1247.001057 1245.925878 1245.034395 1244.368017 1251.470377 1263.629540 1281.780545 1303.922749 1317.333663 1324.919091 1331.938592 1332.923993 1328.058797 1326.504606 1327.258869 1315.632350 1304.207667 1293.541750 1283.247865 1281.756982 1291.589711 1306.168964 1322.829039 1338.081890 1353.931063
-9999.0 -9999.0 -9999.0 -9999.0 -9999.0 -9999.0 -9999.0 -9999.0 -9999.0 -9999.0 -9999.0 -9999.0 -9999.0 -9999.0 -9999.0 -9999.0 -9999.0 -9999.0 -9999.0 -9999.0 -9999.0 -9999.0 -9999.0 1226.027493 1231.833843 1238.680214 1246.564579 1247.890794 1244.362005 1239.208297 1236.707017 1235.712657 1234.370687 1239.334120 1247.605595 1261.463293 1277.589650 1299.987461 1308.944245 1315.065628 1327.514112 1330.874644 1337.461148 1341.915110 1340.582525 1337.865511 1325.246173 1315.863699 1320.682331 1326.554167 1333.780462 1342.272839 1356.139544 1371.614106 1388.971232
-9999.0 -9999.0 -9999.0 -9999.0 -9999.0 -9999.0 -9999.0 -9999.0 -9999.0 -9999.0 -9999.0 -9999.0 -9999.0 -9999.0 -9999.0 -9999.0 -9999.0 -9999.0 -9999.0 1200.213985 1201.345571 1202.871906 1207.907672 1208.937064 1211.328948 1218.646881 1227.186345 1230.105792 1228.750305 1227.910182 1229.924517 1233.156285 1238.102874 1249.765107 1264.010961 1278.651859 1292.813852 1314.158043 1329.337554 1343.147413 1359.459210 1359.472987 1355.997313 1354.651212 1355.472295 1355.758248 1359.170238 1361.578722 1368.206842 1372.537632 1378.752860 1388.484933 1400.528550 1418.875409 1438.683984
-9999.0 -9999.0 -9999.0 -9999.0 -9999.0 -9999.0 -9999.0 -9999.0 -9999.0 -9999.0 -9999.0 -9999.0 -9999.0 -9999.0 -9999.0 -9999.0 1170.906333 1172.915896 1175.404704 1181.080788 1184.398983 1188.710483 1196.015461 1197.683590 1201.790080 1209.349586 1214.624772 1224.016093 1232.651615 1240.477641 1247.002250 1250.235188 1258.112011 1268.255038 1280.624893 1296.191852 1317.973023 1341.691434 1358.391433 1375.724411 1393.347519 1394.462319 1393.757901 1395.202131 1395.775290 1401.648452 1418.933185 1424.625733 1425.077363 1440.688503 1454.664066 1459.782690 1467.763074 1487.329405 1511.060846
-9999.0 -9999.0 -9999.0 -9999.0 -9999.0 -9999.0 -9999.0 -9999.0 -9999.0 -9999.0 -9999.0 -9999.0 -9999.0 1123.563058 1127.843819 1137.747842 1147.621368 1150.504785 1155.207757 1161.700784 1174.239492 1178.248641 1184.839815 1192.774767 1205.229656 1214.333187 1223.951396 1236.316778 1245.243738 1253.045692 1260.615010 1266.456579 1280.077866 1295.764456 1311.934854 1332.606428 1355.213363 1376.021477 1396.719053 1413.214479 1427.155103 1428.915496 1428.457129 1431.237027 1438.836994 1455.682869 1474.486257 1482.519902 1499.685615 1522.639986 1535.942285 1547.293219 1555.924444 1569.708939 1591.157142
-9999.0 -9999.0 -9999.0 -9999.0 -9999.0 -9999.0 -9999.0 -9999.0 -9999.0 -9999.0 1090.970806 1093.314486 1090.074056 1089.695775 1095.143248 1107.558888 1121.692684 1128.428667 1140.419694 1161.774662 1180.084014 1183.955915 1198.762539 1209.448926 1216.708209 1227.653820 1241.317698 1254.624680 1271.885673 1284.975479 1296.919900 1316.747478 1333.918037 1351.209873 1369.694594 1390.745883 1410.740490 1439.176887 1466.537621 1479.425453 1501.472349 1511.792766 1509.335968 1509.665427 1519.089328 1534.778057 1555.428777 1578.040482 1599.639664 1624.813808 1641.529620 1656.048484 1666.903279 1679.284406 1695.236444
-9999.0 -9999.0 -9999.0 -9999.0 -9999.0 -9999.0 -9999.0 -9999.0 1066.101685 1073.684463 1079.902473 1077.093906 1072.851525 1068.921061 1083.052476 1099.126906 1115.474016 1133.540863 1149.868910 1168.485856 1184.025618 1200.524121 1220.881617 1232.978243 1245.050309 1260.932461 1275.183601 1292.730501 1314.714207 1327.685368 1344.599051 1366.676398 1385.858075 1404.690946 1424.295257 1443.141628 1469.526011 1503.269708 1535.392302 1557.743519 1585.837511 1608.455996 1607.578710 1609.957638 1614.338926 1639.882419 1668.960329 1699.502183 1724.118176 1751.110718 1780.586847 1798.996313 1809.784648 1822.438184 1837.666481
-9999.0 -9999.0 -9999.0 -9999.0 -9999.0 -9999.0 1038.537736 1062.928857 1078.159285 1070.366595 1060.112171 1056.498412 1052.423198 1077.091057 1099.398426 1117.000264 1134.268776 1152.315108 1169.290326 1182.182092 1215.865519 1234.414895 1249.016307 1267.027871 1282.230417 1297.499136 1315.543373 1339.463149 1361.641742 1391.293927 1416.916873 1440.981253 1467.946940 1488.398843 1507.955797 1526.486755 1557.939904 1595.392425 1632.143218 1660.745203 1687.900304 1718.974118 1725.510248 1731.055540 1737.702995 1759.160314 1791.063185 1821.339960 1854.876933 1886.849955 1913.970180 1926.018550 1936.521073 1947.882971 1961.380766
-9999.0 -9999.0 -9999.0 -9999.0 1005.037873 1026.047139 1046.062615 1076.843641 1099.543025 1094.803327 1101.445757 1101.590109 1099.719284 1104.020941 1111.531732 1129.892001 1148.986884 1168.418096 1186.310021 1220.753043 1265.723567 1281.273298 1305.250966 1337.472046 1351.478137 1367.311054 1384.259486 1407.824004 1434.415054 1468.022163 1511.406548 1548.477843 1574.644159 1597.990778 1619.746794 1641.719736 1676.295090 1714.148332 1751.074699 1785.097670 1814.764012 1840.774281 1852.868685 1860.643467 1872.441461 1889.008769 1910.573013 1937.911806 1969.413878 2001.447827 2026.368671 2039.615383 2047.388397 2058.031599 2068.181168
-9999.0 -9999.0 -9999.0 954.957870 993.789310 1031.982324 1059.018212 1090.067789 1122.473704 1126.831124 1136.068161 1140.681706 1145.102606 1153.585437 1161.823365 1179.214618 1196.048924 1212.920453 1235.434165 1272.291951 1307.089198 1335.876122 1367.796476 1393.640779 1413.851226 1429.919485 1449.082015 1473.286874 1513.316106 1550.568868 1600.921885 1654.383207 1691.255036 1715.723695 1738.601310 1766.357438 1791.721450 1828.476531 1863.438467 1896.566148 1928.231953 1952.793289 1971.147840 1978.664430 1988.428671 1996.844858 2012.679218 2034.097985 2056.009378 2085.041781 2113.552241 2138.954799 2153.297813 2163.570887 2179.723169
-9999.0 -9999.0 907.571573 945.671624 979.553051 1029.514410 1082.686082 1117.421050 1158.397699 1181.933105 1188.590834 1205.151387 1220.783930 1227.518933 1242.481433 1259.361517 1277.877428 1285.352974 1303.113164 1332.281607 1380.816033 1425.081667 1443.350368 1492.688406 1525.568344 1553.901625 1572.382987 1599.497287 1635.705304 1676.866341 1725.392288 1775.852747 1814.478568 1845.945760 1863.140398 1883.212200 1905.925779 1930.546363 1964.979591 1993.593462 2025.409711 2051.521811 2073.146255 2079.488277 2084.430052 2100.290197 2125.052658 2151.468734 2176.370156 2200.576086 2202.129746 2215.582605 2222.080961 2226.038805 2231.554348
-9999.0 -9999.0 880.425529 925.622311 965.365461 1030.994036 1111.763886 1148.886448 1191.780066 1237.892735 1256.264812 1280.557933 1290.573438 1297.914355 1320.711411 1342.278280 1355.765027 1363.038875 1362.630237 1418.007473 1475.683923 1522.995339 1564.845294 1632.129323 1677.735334 1695.164133 1708.349614 1729.272331 1753.840776 1796.940721 1844.035378 1897.629117 1941.775508 1973.474579 1990.333609 2009.455482 2030.002686 2047.713506 2067.098977 2107.351618 2135.998958 2162.593543 2190.179435 2210.662296 2219.132129 2222.996442 2210.955467 2222.015631 2229.714062 2233.462764 2235.220213 2232.433061 2232.303169 2233.399682 2234.633210
-9999.0 790.948504 843.206792 896.188067 964.720718 1031.527969 1114.012587 1193.660133 1251.990898 1300.089820 1329.000682 1339.175720 1371.389063 1411.485307 1436.410490 1461.783057 1465.376287 1471.551972 1461.370415 1510.511634 1558.681997 1629.427287 1736.088771 1791.646115 1837.526407 1838.749312 1833.359453 1845.375940 1868.858244 1913.495252 1982.804745 2032.369696 2088.063095 2130.410971 2146.974331 2154.932974 2173.277989 2193.667213 2177.019572 2202.461123 2214.722036 2225.036418 2229.133036 2231.567034 2233.224149 2233.867354 2231.080068 2225.045563 2217.580410 2212.284859 2208.475877 2204.153494 2206.661640 2209.913662 2210.487838
-9999.0 755.133468 814.413737 885.669673 956.492117 1022.218404 1123.526757 1269.445760 1324.454607 1362.147039 1383.180123 1400.130912 1474.702980 1539.012674 1571.398112 1615.331440 1609.174285 1599.009710 1583.907288 1616.260496 1664.425348 1737.146628 1880.434889 1963.449321 1993.524250 2004.072235 2010.634986 2037.752847 2076.086274 2115.095011 2151.531909 2150.221835 2181.663434 2198.596683 2204.882930 2208.332124 2213.802414 2215.286857 2214.810266 2212.404284 2208.953768 2210.240812 2215.207599 2215.730844 2213.471125 2210.717883 2205.330435 2197.820878 2192.209273 2187.379914 2184.416240 2181.202609 2179.293724 2178.888847 2174.130410
-9999.0 724.207590 795.927933 859.014781 922.076450 1034.140974 1160.916761 1297.583574 1391.030632 1428.561506 1446.624906 1511.062858 1610.199351 1705.357986 1755.780453 1780.223975 1779.776912 1756.860122 1758.645023 1803.708233 1869.222576 1963.302716 2059.102221 2136.984665 2150.284163 2154.192126 2131.350336 2147.504715 2163.388571 2169.010862 2174.162777 2182.067349 2191.059527 2197.297997 2199.020613 2198.746418 2196.209127 2190.046887 2186.519726 2184.266652 2181.621881 2181.722290 2184.692012 2186.212110 2183.742631 2179.848932 2175.118142 2169.060540 2162.391186 2155.269863 2150.791432 2146.293460 2143.672278 2138.242515 2133.463907
-9999.0 621.922551 711.278696 764.787529 875.091749 1051.242373 1178.572623 1327.723208 1475.883916 1512.904258 1583.889332 1704.024463 1808.486658 1880.856032 1918.560551 1958.314224 1986.643988 2009.851886 2045.798035 1996.777505 2056.719135 2119.016152 2146.878985 2160.299726 2163.714866 2165.551389 2158.632881 2141.232007 2133.559944 2130.276884 2135.723658 2146.754644 2155.597433 2163.979139 2164.425540 2167.061501 2168.816502 2166.597676 2163.739298 2156.220297 2149.154762 2143.663074 2141.852029 2146.974990 2142.023733 2138.741104 2132.414428 2123.920697 2114.681371 2106.593627 2098.412769 2091.262332 2088.041571 2082.014080 2079.850219
-9999.0 541.086113 617.533172 703.634171 838.929845 1003.520271 1129.805868 1296.315839 1507.907624 1625.877655 1753.185615 1825.802051 1896.514411 1953.049269 2011.946721 2057.774389 2082.728567 2094.059721 2083.250077 2097.541548 2067.185577 2062.276956 2081.294589 2108.796415 2123.095540 2127.713732 2120.481888 2111.763127 2106.825266 2108.442653 2110.028260 2111.188331 2111.958312 2112.071618 2111.013008 2114.677398 2120.476239 2115.140318 2106.960560 2099.087178 2091.858307 2083.642621 2078.150935 2074.458420 2073.340021 2072.862274 2065.072187 2054.400401 2043.480635 2034.903075 2026.894926 2021.005771 2017.876105 2012.304991 2003.453256
-9999.0 440.132551 562.821140 655.062905 774.127270 910.605699 1035.107441 1198.006853 1344.803107 1566.465340 1720.708273 1835.939910 1876.966203 1935.119986 1991.252415 2057.469744 2061.210785 2033.840263 2002.603011 1990.414142 1999.068804 2010.536046 2024.177738 2043.461770 2061.133264 2071.077400 2074.221901 2068.096922 2056.049751 2048.172445 2042.945929 2034.847945 2029.611012 2030.126166 2032.951059 2041.681297 2044.490556 2036.140404 2023.653966 2007.717737 1993.740322 1983.110284 1980.332260 1981.727948 1981.660109 1977.738759 1970.858102 1960.122272 1947.428358 1935.372261 1927.952926 1922.327083 1914.933225 1904.320322 1892.599723
-9999.0 -9999.0 486.409949 597.397102 704.317217 826.362205 939.410662 1080.502509 1229.978823 1409.697267 1526.188017 1661.007134 1734.790227 1778.999445 1825.228066 1878.938591 1898.789915 1920.591598 1907.623002 1914.997561 1923.848632 1931.169729 1941.054658 1952.150912 1965.118756 1975.233238 1983.696075 1982.282373 1974.468763 1958.390094 1939.063408 1924.672657 1917.269553 1911.433374 1922.209895 1934.494079 1931.825832 1925.719493 1914.178894 1898.774629 1886.082234 1872.431860 1868.644187 1868.673749 1868.559704 1865.488641 1861.089488 1848.216531 1835.318586 1823.641317 1818.118793 1811.771246 1806.322610 1795.378397 1783.671136
-9999.0 -9999.0 401.659755 510.129848 623.656202 746.867232 845.931718 914.669142 1065.441139 1180.102485 1284.213720 1383.014984 1465.750500 1528.193583 1569.226433 1629.188668 1671.867600 1688.583143 1712.269570 1746.444355 1774.371995 1804.484728 1824.004187 1836.557468 1850.459922 1864.077712 1872.885953 1861.445652 1851.538606 1836.262778 1816.284723 1794.238224 1783.375939 1781.367707 1783.897834 1789.024691 1783.605047 1774.712635 1760.904523 1745.988906 1733.382853 1722.552816 1718.456068 1714.526695 1712.771393 1709.659472 1706.517685 1698.439783 1687.659648 1680.427810 1672.023466 1666.244647 1663.335667 1657.078425 1648.374152
