tests/Borden05m/data_simulated/sim_1/output-maps/psiliqL0004N0018.asc
ncols         160
nrows         34
xllcorner     620200.000000
yllcorner     5168000.000000
cellsize      0.500000
NODATA_value  -9999.0
[rows 0 to 24 of 34, columns 56 to 111 of 160]
-9999.0 -9999.0 -9999.0 -9999.0 -9999.0 -9999.0 -9999.0 -9999.0 -9999.0 -9999.0 -9999.0 -9999.0 -9999.0 -9999.0 -9999.0 -9999.0 -9999.0 -9999.0 -9999.0 -9999.0 -9999.0 -9999.0 -9999.0 -9999.0 -9999.0 -9999.0 -9999.0 -9999.0 -9999.0 -9999.0 -9999.0 -9999.0 -9999.0 -9999.0 -9999.0 -9999.0 -9999.0 -9999.0 -9999.0 -9999.0 -9999.0 -9999.0 -9999.0 -9999.0 -9999.0 -9999.0 -9999.0 -9999.0 -9999.0 -9999.0 -9999.0 -9999.0 -9999.0 -9999.0 -9999.0 -9999.0
-9999.0 -9999.0 -9999.0 -581.430827 -583.835712 -585.677777 -586.927253 -590.454424 -593.413037 -596.681567 -597.446799 -597.258613 -597.800199 -598.848644 -597.069994 -594.656545 -592.511603 -589.843292 -589.999585 -589.533532 -588.557555 -588.310445 -588.793277 -590.036166 -590.963214 -592.001738 -591.191030 -594.754567 -599.508653 -603.195304 -604.028255 -601.158647 -599.302904 -599.341472 -597.428324 -593.490094 -589.973360 -588.264599 -584.146602 -583.922866 -582.191114 -579.987301 -581.874179 -582.598980 -582.768542 -582.737701 -587.838641 -9999.0 -9999.0 -9999.0 -9999.0 -9999.0 -9999.0 -9999.0 -9999.0 -9999.0
-592.945793 -585.786209 -585.816504 -594.549663 -595.821372 -596.327302 -596.193751 -597.822700 -601.615181 -602.880306 -605.630369 -606.760793 -607.046149 -607.971788 -606.893031 -602.299481 -598.985256 -597.810156 -598.128250 -598.165162 -598.942624 -599.557831 -599.433480 -600.628565 -601.806892 -603.031584 -602.943326 -600.681901 -604.134481 -606.023337 -607.702955 -609.279109 -608.502354 -607.828485 -607.366528 -602.955262 -600.798035 -599.015929 -593.008187 -587.566657 -585.899846 -587.767216 -590.095790 -590.024551 -590.842154 -593.525342 -596.221643 -597.243886 -598.689153 -599.498383 -601.559290 -598.519274 -597.912239 -594.198141 -590.922611 -587.060947
-601.762436 -593.655975 -593.815520 -600.877787 -605.386371 -606.945728 -606.138793 -603.362910 -604.752083 -607.405539 -611.156598 -606.720929 -607.144543 -607.410540 -606.462017 -604.926787 -604.267210 -603.448888 -602.088494 -597.984942 -597.977180 -598.227525 -598.068483 -598.828239 -600.186568 -600.284426 -601.135571 -604.379387 -604.040577 -603.335772 -603.922261 -600.721077 -600.413354 -598.792132 -604.212512 -603.103857 -601.318108 -599.786463 -598.434431 -596.930256 -595.400219 -597.730453 -596.427858 -598.916998 -603.999912 -606.049215 -606.536839 -603.698481 -602.417433 -604.924559 -612.678157 -608.457983 -599.722647 -599.805678 -600.567511 -595.910082
-606.769221 -604.363672 -604.961133 -608.090637 -605.524687 -603.401125 -602.016842 -603.351977 -606.036378 -609.065848 -601.939267 -598.647903 -599.794744 -598.880714 -596.918398 -597.048149 -605.548823 -607.779711 -604.058905 -600.009467 -598.165933 -599.470440 -600.136045 -601.528525 -601.648141 -600.958236 -602.001482 -600.776561 -599.547510 -600.665905 -598.280391 -595.582974 -593.353358 -598.750594 -603.894934 -603.595145 -599.352204 -596.024285 -593.918245 -589.178177 -582.543116 -583.521112 -585.361863 -586.968160 -589.167382 -597.896276 -605.753843 -609.095888 -610.712312 -613.114887 -611.701525 -613.152501 -606.200379 -606.464535 -607.223085 -603.584868
-611.844973 -602.527650 -599.975240 -604.614325 -607.420190 -608.792930 -608.133551 -608.947954 -608.510336 -601.946256 -597.661350 -591.321175 -592.745330 -592.358901 -592.616188 -598.589141 -603.560883 -606.649552 -597.447706 -589.846886 -587.014236 -588.416398 -589.592829 -583.600314 -585.364696 -586.432713 -590.172669 -588.803205 -588.809675 -582.040851 -579.030588 -575.464689 -576.768699 -583.465716 -589.307494 -589.826673 -589.109417 -589.373226 -587.299081 -582.475076 -576.850926 -580.402727 -582.788045 -584.038512 -597.050112 -607.989840 -612.489596 -606.797684 -603.580382 -604.528290 -604.254550 -604.314681 -608.915214 -607.959704 -607.559951 -609.442910
-593.017927 -587.034026 -578.988451 -583.951408 -588.108329 -594.941927 -594.371952 -593.339997 -590.538154 -586.316079 -579.085927 -566.873277 -567.973462 -566.826269 -563.384909 -569.788017 -576.192310 -584.902919 -574.971882 -571.686054 -567.742685 -567.388530 -559.751495 -552.971838 -556.944493 -562.816743 -569.504419 -565.308935 -556.020851 -546.957319 -544.106412 -542.604137 -541.288982 -547.543778 -550.026964 -551.753926 -551.553774 -555.244038 -554.638335 -547.729884 -536.830974 -535.919127 -542.209594 -553.965210 -571.502065 -587.770944 -596.994438 -589.186231 -591.956908 -593.580563 -592.857025 -598.997778 -602.926543 -598.907508 -603.401366 -606.810721
-583.764768 -577.536627 -568.073887 -571.492480 -578.769808 -586.567380 -586.513863 -581.784130 -578.663398 -569.058185 -555.313777 -538.688039 -528.523579 -520.687062 -512.710507 -518.775352 -526.204592 -534.400584 -532.454497 -522.376755 -511.902277 -500.273963 -487.080070 -473.434195 -477.644828 -485.665609 -486.977140 -483.115771 -466.968825 -452.008273 -445.784870 -442.101262 -436.121929 -441.086186 -449.889275 -460.337280 -470.749865 -479.903536 -486.310418 -472.753991 -458.542457 -461.320749 -486.972833 -509.787954 -534.900578 -557.807921 -579.074009 -579.905065 -577.320648 -575.207528 -582.913810 -587.794480 -595.465601 -597.885445 -598.369487 -605.975491
-537.923678 -523.929124 -508.807253 -502.609410 -514.266792 -516.615243 -512.201959 -502.691150 -498.061905 -485.329002 -452.565614 -411.416817 -381.669627 -359.883152 -355.795419 -363.272484 -371.889510 -385.898997 -393.306630 -380.855356 -368.664002 -357.966973 -348.646885 -339.690116 -333.564805 -334.154960 -334.106013 -332.083240 -329.309279 -324.563169 -319.084850 -313.556679 -307.456109 -305.574043 -313.063454 -320.813043 -329.469930 -337.404119 -339.918832 -341.833992 -337.286617 -338.010421 -353.232406 -375.627638 -406.442190 -446.640096 -482.721515 -507.176879 -508.782170 -521.247455 -532.795221 -545.578837 -567.444918 -575.011737 -580.015417 -597.447561
-444.280414 -410.571542 -390.932840 -374.248576 -372.535628 -369.136368 -365.909551 -360.618822 -356.092627 -350.280013 -324.795589 -294.171976 -264.805823 -240.831541 -231.148145 -239.111956 -248.146994 -258.440189 -267.621521 -267.717190 -256.187515 -241.828452 -227.675259 -218.348997 -215.026653 -216.577892 -216.397424 -215.331689 -212.345347 -210.328163 -206.342841 -200.095930 -190.149692 -178.032759 -180.736504 -196.394530 -209.632017 -225.550754 -233.804282 -237.451997 -242.735980 -243.411579 -244.248871 -265.944727 -289.402420 -316.942019 -344.423448 -363.420317 -383.204936 -405.150242 -428.728592 -473.264502 -511.929033 -539.495560 -560.194711 -579.763686
-327.887109 -302.290359 -278.233875 -263.811698 -258.045339 -255.284784 -251.091789 -243.429523 -236.978226 -228.555593 -211.272189 -178.927051 -143.928192 -112.909462 -101.940220 -107.145660 -117.203269 -127.676614 -136.015236 -138.346912 -133.839474 -126.632335 -115.519416 -103.863847 -93.480017 -94.504648 -93.094217 -94.589351 -90.998631 -88.475626 -88.279539 -82.659110 -73.703154 -65.507290 -63.294784 -74.529289 -88.810969 -107.513988 -123.245538 -134.068342 -141.318375 -142.867733 -142.773489 -144.013339 -163.745377 -194.961570 -235.797949 -264.588960 -286.372194 -299.491004 -313.317476 -326.663083 -357.894715 -375.977415 -407.350944 -448.995515
-228.936118 -202.385883 -174.726958 -155.360265 -144.682741 -141.500931 -134.611256 -121.526553 -112.041841 -100.289475 -85.586154 -66.248655 -41.674737 -6.110487 33.614993 33.733596 24.415490 11.058072 8.187582 8.826625 9.353631 12.382260 -0.622666 29.084930 40.590050 27.617333 45.681739 26.000126 45.949392 48.561868 47.626434 48.351088 49.903410 54.522561 56.225779 35.232468 41.218744 22.931996 -19.446355 -35.258311 -41.960561 -46.229029 -47.394689 -49.978520 -59.713311 -84.661823 -122.031974 -158.034997 -184.162409 -202.870381 -216.299020 -225.742902 -234.225281 -247.921812 -272.037577 -306.866107
-123.224525 -99.774829 -76.267398 -53.148518 -36.331522 -30.420170 -15.061166 15.119153 28.840583 42.494057 40.961575 67.294642 67.547549 98.911800 109.506786 115.292564 116.715939 117.464488 119.118387 119.713640 117.969875 118.275865 118.126155 119.591403 121.552295 121.788790 122.648222 121.577027 122.909141 123.614093 123.241701 123.608007 121.523181 121.643545 121.941204 120.588225 119.191101 111.841461 95.638129 84.434327 77.763529 70.724882 62.649169 53.873627 44.887081 29.678996 -18.487508 -55.434944 -88.114536 -107.587281 -117.196263 -123.605612 -129.101749 -143.089560 -163.607722 -189.411059
11.087598 26.246848 43.426351 63.402871 77.659276 71.405851 94.964681 102.990216 113.092591 122.927269 123.846578 125.519965 124.948725 125.828220 126.532227 127.006231 126.329136 124.566792 124.657760 122.724532 117.338628 108.798785 109.941568 111.067171 113.586032 116.426586 114.947478 115.653201 118.562835 117.416808 112.503034 109.542285 107.986251 107.941203 114.527747 117.190209 117.769784 118.562727 117.714502 117.468743 117.475049 117.261112 117.247063 117.279126 112.895170 104.599383 84.097753 57.227347 26.980080 -15.138935 -28.658521 -29.571342 -34.234190 -42.466689 -66.655703 -94.761578
104.956384 115.755300 125.542559 125.503815 126.234778 125.273495 127.711798 130.081048 130.491483 126.655284 122.730998 118.064036 117.266023 116.073916 114.026695 114.626333 112.787402 109.110263 105.748820 98.227187 87.563664 75.918785 73.965442 78.621205 83.369638 86.295865 88.703452 91.353735 93.510912 89.245144 82.436668 76.037044 73.895773 79.796743 85.280625 89.463282 89.547163 88.869484 87.201462 87.774504 86.287551 87.196035 93.840351 107.369232 115.361035 115.450466 115.264139 114.741367 113.503640 92.406889 73.558507 75.657020 71.505595 59.092542 13.910751 -14.369814
120.430679 120.446967 117.699073 112.449798 107.285660 106.794773 110.527311 116.810807 118.620155 112.122502 104.174174 94.622990 88.880073 87.206583 85.725297 84.802864 84.679597 79.146547 70.263774 32.241635 14.963779 1.874469 -4.979406 -6.153132 -0.767765 7.089213 14.420669 18.333407 13.731704 7.344937 -1.540502 -8.894107 -8.593872 -5.587952 2.684291 13.959682 16.118512 17.127502 13.561252 11.176134 7.052791 7.963550 20.862801 58.621468 74.303574 86.102841 93.445489 101.329156 107.808650 114.765889 114.792565 114.826180 114.771126 110.538491 96.070345 77.860525
105.780490 98.116197 92.132695 85.968571 80.061176 78.676731 81.900203 85.152221 83.265161 76.601058 63.497123 29.873057 14.874515 8.261213 8.170011 9.513711 9.209122 2.439302 -13.363050 -36.004513 -52.125910 -67.058614 -71.644047 -76.126592 -78.410846 -68.365388 -53.863534 -48.881534 -60.133601 -68.684917 -81.122862 -88.203890 -90.347517 -88.440004 -79.322445 -62.257616 -46.893726 -46.052415 -54.135178 -61.720434 -65.227954 -65.417069 -54.550944 -29.980569 -8.870287 6.154063 18.100170 35.642930 59.092099 69.690339 80.272096 92.182640 103.284114 114.069471 114.596943 114.506999
75.946281 45.690261 32.594073 24.234793 17.686920 13.292221 10.851878 8.700785 3.057722 -4.212241 -16.347848 -33.582076 -47.342026 -60.862531 -64.340909 -66.452336 -64.949653 -76.349149 -88.951489 -110.085184 -126.219939 -141.725205 -150.071297 -155.751096 -160.982580 -153.644639 -137.915023 -129.059786 -144.066476 -153.811435 -166.756099 -173.094235 -176.029741 -174.840752 -165.770082 -143.623447 -125.860145 -120.138352 -127.936202 -134.636701 -137.442391 -137.121325 -130.422831 -112.313620 -90.790491 -70.373304 -54.727927 -41.997345 -29.362489 -16.899523 -0.920283 17.482898 50.923535 71.261645 88.958761 103.165668
8.260977 -7.053982 -19.098371 -30.285790 -40.900563 -46.825024 -46.601842 -53.457422 -59.843934 -70.236159 -110.373894 -126.876685 -144.028322 -158.082435 -162.757195 -169.207883 -172.267910 -181.515691 -189.200722 -200.980688 -216.231923 -231.866247 -245.333539 -249.696933 -253.532656 -257.171117 -247.991390 -243.982967 -246.706672 -253.399388 -260.296749 -263.915047 -266.156939 -262.754205 -251.064268 -239.410627 -228.481628 -223.580801 -228.528085 -223.887906 -218.691841 -218.229779 -203.747635 -189.497358 -171.559030 -150.378325 -128.346120 -115.667507 -104.934246 -92.779755 -75.933958 -56.624238 -34.200063 -8.712899 19.528280 54.552331
-45.213869 -59.618636 -73.996317 -86.453525 -98.424689 -109.457151 -109.053090 -112.895567 -119.237530 -150.319724 -190.252091 -218.855320 -235.054852 -253.285696 -261.523670 -268.576247 -286.639074 -298.001775 -305.585676 -305.118397 -315.470234 -329.694503 -341.318567 -346.586460 -350.146160 -357.653265 -360.189844 -357.383661 -350.674449 -356.050737 -359.015899 -357.268092 -359.069496 -360.534093 -353.912689 -342.999791 -336.471766 -329.729425 -323.268560 -319.477199 -314.243377 -294.460750 -282.040690 -269.300229 -251.329937 -231.328878 -210.240167 -192.516722 -180.335846 -166.495664 -147.702862 -130.230609 -107.864304 -82.484117 -52.251899 -28.748456
-111.101818 -128.709066 -143.658726 -158.407724 -173.753424 -192.922285 -194.777794 -201.287483 -212.547343 -249.575894 -285.025828 -312.245994 -329.986187 -348.742935 -360.420927 -378.647418 -408.000422 -428.823841 -429.123641 -423.855077 -429.782113 -447.461423 -463.627887 -475.088780 -486.431907 -500.083445 -507.869233 -500.957515 -493.272073 -492.328378 -492.082252 -489.332246 -489.253032 -490.084137 -489.781893 -477.418119 -467.315544 -456.163395 -446.271566 -436.549454 -408.073515 -381.577569 -364.499550 -347.269396 -330.383145 -310.487162 -289.284331 -271.435978 -258.086146 -241.527867 -223.568869 -203.928894 -182.889480 -157.233548 -127.289314 -102.933983
-176.939259 -200.793612 -219.828748 -239.543063 -268.741487 -280.906288 -288.399277 -295.172429 -320.101190 -352.416931 -384.161124 -415.540115 -445.380713 -473.199268 -497.222766 -520.519489 -540.053901 -551.924144 -546.383388 -542.518014 -537.179102 -546.403021 -554.064637 -556.719095 -563.929734 -570.519721 -578.380729 -572.458654 -568.880092 -561.245668 -561.192256 -560.534545 -557.276768 -558.708496 -559.492567 -563.616462 -558.270655 -554.220825 -549.014805 -534.101989 -517.441592 -498.099192 -478.457860 -454.760397 -426.525712 -395.973881 -368.162931 -345.609663 -329.160619 -312.412978 -293.531589 -275.728672 -257.904021 -236.543613 -210.791923 -187.909872
-264.304029 -282.990191 -301.964477 -328.057117 -361.064946 -385.584955 -396.441564 -426.589534 -461.292786 -502.811142 -524.601238 -538.626114 -551.906279 -561.736060 -569.622731 -580.770736 -589.037819 -600.044581 -596.187672 -590.263174 -582.373582 -588.362838 -589.691620 -588.982471 -593.361510 -598.149368 -605.134990 -603.830195 -597.804158 -590.778601 -590.274443 -588.546959 -584.796815 -584.756776 -587.838985 -593.589679 -591.804054 -587.217064 -582.362902 -573.761709 -565.168824 -556.396056 -548.105809 -536.821224 -522.314044 -504.041399 -478.457112 -446.858352 -421.158525 -390.799528 -362.683483 -343.319088 -331.220151 -316.284274 -292.810922 -275.234049
-345.603093 -364.329125 -388.538590 -431.866837 -479.918457 -518.268607 -539.309166 -556.864302 -571.944183 -578.976081 -584.940857 -590.992559 -596.303624 -601.978972 -607.119112 -611.562141 -617.835809 -628.655208 -624.204069 -617.725818 -610.800804 -610.418232 -611.252678 -610.979908 -612.936031 -618.061365 -626.344624 -622.534743 -616.841792 -611.654252 -609.632111 -608.327011 -605.407139 -607.372074 -611.714422 -617.597599 -614.694341 -609.349995 -605.792297 -601.278200 -594.982731 -588.339224 -581.585685 -573.843899 -565.708147 -555.199940 -542.980538 -528.324426 -510.992152 -489.263519 -461.693633 -443.223792 -424.356068 -406.302318 -381.893841 -360.986669
-464.946183 -491.211167 -514.373707 -537.416864 -559.170255 -571.474154 -582.062451 -591.120883 -600.062086 -605.961971 -610.245830 -609.456789 -611.836109 -617.278090 -617.900298 -621.132287 -629.763125 -626.966460 -624.527857 -617.745049 -618.707420 -618.982127 -620.574055 -619.639511 -620.859401 -628.848072 -624.709866 -622.650123 -617.550433 -616.122488 -614.641921 -613.567806 -612.545870 -613.420447 -618.928495 -617.703222 -615.873130 -611.101831 -610.098469 -607.377690 -601.434308 -598.554564 -594.099948 -588.204947 -581.811304 -574.317020 -565.408355 -553.918503 -542.253573 -531.155574 -525.848986 -517.611580 -510.432187 -512.480377 -496.312596 -477.324041
