tests/Borden05m/data_simulated/sim_1/output-maps/psiliqL0023N0018.asc
ncols         160
nrows         34
xllcorner     620200.000000
yllcorner     5168000.000000
cellsize      0.500000
NODATA_value  -9999.0
[rows 0 to 24 of 34, columns 0 to 54 of 160]
-9999.0 -9999.0 -9999.0 -9999.0 -9999.0 -9999.0 -9999.0 -9999.0 -9999.0 -9999.0 -9999.0 -9999.0 -9999.0 -9999.0 -9999.0 -9999.0 -9999.0 -9999.0 -9999.0 -9999.0 -9999.0 -9999.0 -9999.0 -9999.0 -9999.0 -9999.0 -9999.0 -9999.0 -9999.0 -9999.0 -9999.0 -9999.0 -9999.0 -9999.0 -9999.0 -9999.0 -9999.0 -9999.0 -9999.0 -9999.0 -9999.0 -9999.0 -9999.0 -9999.0 -9999.0 -9999.0 -9999.0 -9999.0 -9999.0 -9999.0 -9999.0 -9999.0 -9999.0 -9999.0 -9999.0
-9999.0 -9999.0 -9999.0 -9999.0 -9999.0 -9999.0 -9999.0 -9999.0 -9999.0 -9999.0 -9999.0 -9999.0 -9999.0 -9999.0 -9999.0 -9999.0 -9999.0 -9999.0 -9999.0 -9999.0 -9999.0 -9999.0 -9999.0 -9999.0 -9999.0 -9999.0 -9999.0 -9999.0 -9999.0 -9999.0 -9999.0 -9999.0 -9999.0 -9999.0 -9999.0 -9999.0 -9999.0 -9999.0 -9999.0 -9999.0 -9999.0 -9999.0 -9999.0 -9999.0 -9999.0 -9999.0 -9999.0 -9999.0 -9999.0 -9999.0 -9999.0 -9999.0 -9999.0 -9999.0 -9999.0
-9999.0 -9999.0 -9999.0 -9999.0 -9999.0 -9999.0 -9999.0 -9999.0 -9999.0 -9999.0 -9999.0 -9999.0 -9999.0 -9999.0 -9999.0 -9999.0 -9999.0 -9999.0 -9999.0 -9999.0 -9999.0 -9999.0 -9999.0 -9999.0 -9999.0 -9999.0 -9999.0 -9999.0 -9999.0 -9999.0 -9999.0 -9999.0 -9999.0 -9999.0 -9999.0 -9999.0 -9999.0 -9999.0 -9999.0 -9999.0 -9999.0 -9999.0 -9999.0 -9999.0 -9999.0 -9999.0 -9999.0 2704.987786 2688.053027 2674.580497 2670.891247 2692.784853 2716.498143 2740.894647 2761.999214
-9999.0 -9999.0 -9999.0 -9999.0 -9999.0 -9999.0 -9999.0 -9999.0 -9999.0 -9999.0 -9999.0 -9999.0 -9999.0 -9999.0 -9999.0 -9999.0 -9999.0 -9999.0 -9999.0 -9999.0 -9999.0 -9999.0 -9999.0 -9999.0 -9999.0 -9999.0 -9999.0 -9999.0 -9999.0 -9999.0 -9999.0 -9999.0 -9999.0 -9999.0 -9999.0 -9999.0 -9999.0 -9999.0 -9999.0 -9999.0 2753.202481 2759.355504 2759.790654 2750.250373 2739.407518 2726.442920 2706.284634 2689.093646 2675.978410 2674.396347 2677.411888 2681.143100 2702.776703 2728.629234 2749.079826
-9999.0 -9999.0 -9999.0 -9999.0 -9999.0 -9999.0 -9999.0 -9999.0 -9999.0 -9999.0 -9999.0 -9999.0 -9999.0 -9999.0 -9999.0 -9999.0 -9999.0 -9999.0 -9999.0 -9999.0 -9999.0 -9999.0 -9999.0 -9999.0 -9999.0 -9999.0 -9999.0 -9999.0 -9999.0 -9999.0 -9999.0 -9999.0 -9999.0 -9999.0 2658.940264 2676.273044 2694.681428 2713.729015 2731.165266 2738.592901 2744.617625 2750.385423 2746.283445 2742.294976 2731.154660 2710.981395 2692.073760 2679.484579 2678.753814 2676.863492 2681.139970 2693.531405 2710.784731 2726.629693 2747.810144
-9999.0 -9999.0 -9999.0 -9999.0 -9999.0 -9999.0 -9999.0 -9999.0 -9999.0 -9999.0 -9999.0 -9999.0 -9999.0 -9999.0 -9999.0 -9999.0 -9999.0 -9999.0 -9999.0 -9999.0 -9999.0 -9999.0 -9999.0 -9999.0 -9999.0 -9999.0 -9999.0 -9999.0 2661.475020 2655.910781 2651.605012 2650.684637 2649.913437 2649.515968 2656.605260 2668.372590 2686.141210 2708.719074 2722.520449 2730.316563 2737.629133 2738.549887 2733.354216 2732.122627 2733.118926 2721.150798 2709.504716 2698.635775 2688.079776 2685.856442 2695.491508 2710.322431 2727.132003 2742.356289 2758.167384
-9999.0 -9999.0 -9999.0 -9999.0 -9999.0 -9999.0 -9999.0 -9999.0 -9999.0 -9999.0 -9999.0 -9999.0 -9999.0 -9999.0 -9999.0 -9999.0 -9999.0 -9999.0 -9999.0 -9999.0 -9999.0 -9999.0 -9999.0 2629.287765 2634.708386 2641.727404 2649.932711 2651.473997 2648.508296 2643.641936 2641.534542 2640.793154 2639.337363 2644.531413 2652.349308 2666.013292 2681.990271 2704.817095 2713.751094 2719.004480 2731.115159 2735.203403 2743.175014 2747.694462 2746.397172 2743.094433 2729.233510 2718.694354 2722.031722 2727.016680 2734.440604 2743.241806 2757.116392 2771.679841 2787.755864
-9999.0 -9999.0 -9999.0 -9999.0 -9999.0 -9999.0 -9999.0 -9999.0 -9999.0 -9999.0 -9999.0 -9999.0 -9999.0 -9999.0 -9999.0 -9999.0 -9999.0 -9999.0 -9999.0 2603.267160 2604.597402 2606.467073 2611.740666 2612.604509 2614.935186 2622.321361 2630.990432 2634.434244 2632.982060 2632.595946 2634.685900 2638.037554 2643.267120 2654.601481 2668.726156 2683.314589 2696.930492 2718.196516 2733.190410 2746.304945 2762.256970 2763.055479 2759.969846 2758.849226 2759.391216 2758.524452 2758.672823 2759.062716 2765.776958 2767.914397 2772.585778 2782.128161 2793.463784 2810.647652 2828.952178
-9999.0 -9999.0 -9999.0 -9999.0 -9999.0 -9999.0 -9999.0 -9999.0 -9999.0 -9999.0 -9999.0 -9999.0 -9999.0 -9999.0 -9999.0 -9999.0 2573.483221 2575.574235 2578.335294 2584.234611 2588.221939 2592.667058 2600.071338 2601.919412 2605.982717 2613.685197 2618.876081 2628.721431 2637.694919 2645.487493 2652.015447 2655.140951 2662.475044 2672.346563 2684.393123 2699.053407 2719.856442 2743.681997 2759.789273 2776.923758 2794.597368 2795.707732 2794.689659 2795.658362 2794.965403 2796.921882 2812.240733 2816.431069 2813.164865 2824.914429 2837.661733 2841.364613 2809.538326 2826.560160 2848.361147
-9999.0 -9999.0 -9999.0 -9999.0 -9999.0 -9999.0 -9999.0 -9999.0 -9999.0 -9999.0 -9999.0 -9999.0 -9999.0 2523.524375 2527.848154 2538.367893 2549.805551 2553.198489 2558.498246 2565.560706 2578.204498 2582.326863 2588.801766 2596.540384 2609.755426 2619.035166 2628.533507 2640.893232 2649.589272 2657.193299 2664.328243 2668.487876 2680.969645 2695.841326 2711.092024 2730.937547 2753.156507 2772.344658 2790.572297 2807.124233 2819.771113 2818.837394 2818.558527 2821.284771 2827.046698 2803.851096 2818.396319 2820.285663 2831.318803 2851.756607 2862.189076 2869.982380 2874.226886 2887.261834 2907.946893
-9999.0 -9999.0 -9999.0 -9999.0 -9999.0 -9999.0 -9999.0 -9999.0 -9999.0 -9999.0 2493.735883 2495.719908 2492.505312 2490.871615 2496.968691 2509.778777 2524.676849 2531.005846 2543.456909 2565.246430 2584.218309 2587.844468 2601.881578 2613.100416 2620.544894 2631.114279 2644.553276 2657.284318 2673.489966 2685.816128 2695.820335 2713.442967 2729.760584 2746.494392 2764.352652 2785.045826 2801.594129 2826.599098 2817.815099 2825.093846 2842.607544 2846.868213 2842.559110 2840.725881 2849.271319 2859.163133 2874.787653 2891.601041 2909.143727 2931.086623 2942.601414 2955.247552 2964.156920 2974.511323 2988.771620
-9999.0 -9999.0 -9999.0 -9999.0 -9999.0 -9999.0 -9999.0 -9999.0 2468.226574 2476.433448 2482.404235 2479.598586 2475.564762 2470.685381 2485.653476 2501.727962 2518.164847 2536.869488 2553.044417 2571.725363 2586.332574 2601.868124 2623.007479 2634.760650 2646.264174 2661.943180 2675.700125 2691.679148 2712.847261 2722.504199 2735.734062 2756.166458 2772.405631 2790.130068 2809.106251 2826.459749 2812.168796 2840.342745 2867.366606 2884.391293 2909.927313 2926.980421 2922.054822 2921.006516 2922.675226 2945.688444 2971.947757 2999.938371 3000.810163 3022.990026 3050.338462 3067.771515 3076.601486 3087.335089 3100.713027
-9999.0 -9999.0 -9999.0 -9999.0 -9999.0 -9999.0 2439.160087 2463.758725 2479.297482 2471.240410 2458.607798 2454.305249 2449.200339 2478.669815 2501.535680 2519.455951 2536.798858 2554.898909 2571.643606 2581.645599 2613.498567 2633.254087 2646.606750 2661.957393 2677.216073 2692.474707 2709.814221 2732.404797 2751.614753 2775.609591 2795.162637 2814.319491 2804.518298 2819.797289 2836.377267 2850.476173 2876.277968 2909.707871 2943.799841 2968.641416 2992.488023 3005.032909 3004.858808 3006.849290 3009.167936 3031.058635 3063.069796 3091.576153 3121.757762 3151.678555 3178.391413 3183.854443 3192.147776 3201.654353 3213.644262
-9999.0 -9999.0 -9999.0 -9999.0 2405.831180 2426.841796 2446.147562 2476.671135 2499.179107 2494.643864 2500.129766 2499.245980 2496.098985 2501.440765 2509.964616 2528.094974 2547.731836 2567.662166 2583.402986 2614.073463 2661.135611 2674.367425 2694.374290 2725.275620 2737.955648 2753.287403 2770.008894 2792.025276 2812.709286 2808.655145 2842.781263 2873.201297 2893.109617 2911.593408 2930.402925 2948.004954 2981.174829 2999.299708 3032.739636 3063.594030 3089.809089 3113.527999 3120.936787 3125.877053 3135.579206 3151.552773 3172.725004 3194.430400 3225.964481 3257.072882 3280.017886 3289.398814 3294.729292 3303.919084 3311.686200
-9999.0 -9999.0 -9999.0 2352.724243 2391.843250 2431.205350 2457.502546 2488.257214 2520.959094 2522.690927 2532.012176 2533.877786 2535.116517 2542.124541 2547.606603 2565.015318 2583.331393 2602.765064 2626.013874 2661.680067 2693.527607 2715.774878 2745.563678 2765.008423 2781.238606 2796.094057 2815.659927 2837.696842 2839.903407 2867.166237 2912.325972 2962.501707 2994.449941 2996.903057 3016.793367 3042.758442 3066.427687 3101.683920 3134.570219 3165.549862 3190.529854 3212.026832 3226.641942 3231.329469 3240.087330 3245.986086 3258.916627 3278.898665 3300.259785 3329.546925 3357.709191 3383.733001 3397.937700 3408.132131 3424.352537
-9999.0 -9999.0 2304.493557 2343.641577 2375.873572 2423.819420 2477.182913 2512.520294 2552.815924 2573.693772 2578.568401 2591.646853 2605.064862 2608.917184 2620.703479 2635.777631 2657.735189 2667.348571 2688.076989 2709.230113 2750.565827 2788.790819 2792.926973 2805.106165 2833.701782 2864.041764 2882.872795 2908.792842 2943.128330 2977.732270 3004.465397 3051.571847 3085.275336 3111.733361 3126.506403 3145.235977 3164.856591 3184.536905 3218.761921 3244.261153 3275.729434 3300.314654 3319.678938 3321.630570 3324.406910 3339.741190 3366.043036 3393.773883 3420.558076 3447.229927 3437.376578 3456.678403 3465.300442 3470.112950 3477.679189
-9999.0 -9999.0 2275.155254 2321.361976 2357.635328 2418.275696 2503.316576 2538.858915 2580.208768 2626.925490 2643.091086 2666.363061 2666.621145 2662.748412 2683.360715 2701.414807 2721.052503 2730.041172 2727.367693 2780.873181 2807.708342 2837.178801 2853.948824 2924.959751 2974.260268 2995.134778 2993.151108 3011.292029 3031.124600 3069.337874 3108.164820 3160.094086 3196.147152 3224.521971 3238.276531 3256.504468 3275.023234 3289.517845 3307.851115 3351.152840 3382.422962 3410.767520 3440.321914 3460.668648 3468.375593 3472.523589 3451.333187 3467.414596 3478.351874 3483.071100 3484.887888 3481.197442 3480.577055 3481.340376 3482.271618
-9999.0 2182.811801 2235.306156 2286.652534 2352.433967 2415.731829 2493.319605 2570.148690 2634.869381 2686.731627 2714.257575 2714.091329 2725.762527 2756.888921 2779.538735 2800.581197 2807.236295 2817.872052 2803.270642 2827.267634 2863.513306 2917.572332 3002.772450 3057.518406 3113.492933 3110.296779 3098.885043 3105.048145 3122.199167 3166.041311 3235.138108 3286.735957 3346.764343 3390.933837 3406.308837 3412.684757 3430.110917 3449.714591 3409.283079 3445.568218 3462.093643 3475.919360 3482.937013 3484.844375 3485.910239 3485.713430 3482.129834 3475.287559 3467.240220 3461.492685 3457.326471 3452.824565 3455.253261 3458.565071 3458.939274
-9999.0 2145.182468 2203.191441 2272.552365 2341.162094 2394.159398 2482.859844 2643.519989 2704.624522 2743.564446 2755.187074 2745.299506 2809.299939 2853.083686 2878.658297 2923.055200 2910.428615 2896.767201 2866.560367 2891.802531 2932.016780 2985.919411 3143.762604 3225.183631 3268.401750 3276.298085 3278.061140 3304.790940 3345.531957 3387.742828 3428.249315 3405.310625 3447.026226 3467.375554 3471.636102 3472.234800 3476.811683 3475.584266 3473.831567 3469.527868 3464.472371 3464.616612 3469.024885 3468.846686 3465.949250 3462.679361 3457.049416 3449.624050 3444.359543 3439.743901 3437.068290 3434.195903 3432.354056 3431.857985 3427.221559
-9999.0 2107.550737 2181.509629 2241.296156 2292.563321 2390.106050 2519.523072 2662.254116 2758.732759 2794.933115 2786.033917 2815.667882 2915.386048 3007.391857 3057.009594 3077.742021 3063.200086 3021.634041 3007.042003 3049.201957 3115.957177 3220.781015 3343.476608 3433.637986 3447.322211 3450.168340 3409.878630 3431.565223 3451.663898 3454.010814 3454.946130 3461.383805 3466.344173 3469.143731 3467.622863 3464.743306 3459.979393 3451.883547 3447.053613 3443.473119 3439.772666 3438.771759 3440.894636 3442.523914 3439.783623 3435.924940 3431.461634 3425.882745 3419.701712 3413.016944 3408.831029 3404.684879 3402.600624 3397.325457 3393.700583
-9999.0 1990.121505 2084.579024 2128.891564 2213.645210 2398.778881 2527.759720 2671.153399 2821.268747 2845.541313 2897.588834 3022.128946 3134.380433 3208.084670 3237.926441 3271.646413 3295.719279 3312.239457 3346.838020 3248.189214 3320.058370 3403.644141 3441.370400 3457.723677 3464.822883 3465.139579 3455.670455 3435.265427 3424.613785 3417.867632 3419.473070 3426.699827 3431.528399 3436.439024 3434.176517 3435.079584 3435.874586 3432.581010 3428.692483 3420.135468 3412.369833 3405.926000 3403.039132 3407.857791 3403.173697 3400.645659 3394.577278 3386.387979 3378.446353 3371.141374 3363.353619 3356.858443 3354.589192 3349.563359 3348.416110
-9999.0 1909.243750 1982.897176 2049.999727 2167.615313 2331.705862 2436.333688 2596.708785 2818.979547 2947.150244 3092.453317 3175.196527 3242.290769 3287.024882 3338.451741 3386.453036 3411.088142 3421.019220 3394.812419 3412.711546 3372.649617 3361.948086 3378.051953 3405.701960 3421.332815 3425.146999 3417.065252 3407.508848 3400.276633 3399.153800 3397.188025 3393.751367 3390.214597 3386.968236 3383.827586 3386.510945 3391.597120 3384.811735 3375.797769 3366.769094 3358.578382 3349.631835 3343.831348 3339.532370 3339.564966 3339.764990 3332.280368 3321.959249 3311.371759 3303.254667 3296.083946 3291.450125 3288.951034 3284.164069 3275.441254
-9999.0 1794.413012 1924.401332 2005.073744 2106.178512 2237.052369 2346.813134 2501.720581 2637.035110 2862.761931 2999.642349 3166.186226 3209.638844 3274.157166 3322.838322 3391.821691 3388.357361 3357.149665 3316.137781 3299.597695 3308.403677 3316.759420 3325.528674 3340.687840 3357.791252 3367.458920 3371.514363 3365.025132 3350.950748 3339.267910 3329.266203 3316.583266 3307.781463 3305.622644 3308.796592 3318.028752 3318.978558 3309.778846 3296.107217 3278.819949 3263.722874 3252.306515 3250.125285 3252.578327 3253.463509 3249.628877 3243.711766 3233.232030 3220.864611 3208.835270 3202.914084 3198.500028 3191.452209 3181.096399 3174.251011
-9999.0 -9999.0 1841.130524 1950.124644 2046.928574 2160.562604 2256.068676 2380.266474 2523.191347 2697.618269 2801.302840 2966.054758 3046.607548 3088.228344 3124.807060 3176.467869 3198.663883 3225.648276 3215.557789 3224.383352 3232.523601 3237.203330 3242.869333 3249.466749 3260.167989 3269.662011 3278.985351 3276.241793 3267.309555 3247.696141 3223.498704 3204.729322 3194.702421 3186.083708 3197.430700 3209.627302 3204.810862 3198.039088 3185.970303 3174.512295 3162.125437 3148.128730 3144.656586 3144.726860 3145.255215 3142.895457 3140.067656 3128.809319 3116.628427 3106.438381 3102.213027 3096.645825 3092.790873 3082.996225 3072.720040
-9999.0 -9999.0 1753.644577 1858.693259 1963.595359 2082.069888 2169.792962 2198.925193 2339.072614 2446.111418 2553.216903 2662.271457 2755.765358 2806.313528 2840.722888 2902.020212 2954.069071 2971.464860 2993.825369 3038.257426 3069.368032 3104.906730 3126.003096 3134.881753 3147.293292 3161.124611 3168.709359 3154.381076 3143.236917 3126.453343 3104.759074 3079.227255 3066.219282 3065.001440 3064.895009 3067.369870 3060.323902 3051.346363 3037.124384 3023.279090 3011.058685 3001.654795 2998.028846 2993.100786 2991.132591 2988.508061 2987.685795 2999.697875 2991.288033 2985.940254 2977.718154 2973.383059 2971.953631 2967.950568 2961.386808
