tests/Borden05m/data_simulated/sim_1/output-maps/psiliqL0010N0012.asc
ncols         160
nrows         34
xllcorner     620200.000000
yllcorner     5168000.000000
cellsize      0.500000
NODATA_value  -9999.0
[rows 0 to 25 of 34, columns 57 to 113 of 160]
-9999.0 -9999.0 -9999.0 -9999.0 -9999.0 -9999.0 -9999.0 -9999.0 -9999.0 -9999.0 -9999.0 -9999.0 -9999.0 -9999.0 -9999.0 -9999.0 -9999.0 -9999.0 -9999.0 -9999.0 -9999.0 -9999.0 -9999.0 -9999.0 -9999.0 -9999.0 -9999.0 -9999.0 -9999.0 -9999.0 -9999.0 -9999.0 -9999.0 -9999.0 -9999.0 -9999.0 -9999.0 -9999.0 -9999.0 -9999.0 -9999.0 -9999.0 -9999.0 -9999.0 -9999.0 -9999.0 -9999.0 -9999.0 -9999.0 -9999.0 -9999.0 -9999.0 -9999.0 -9999.0 -9999.0 -9999.0 -9999.0
-9999.0 -9999.0 216.179946 210.650397 205.314103 200.318630 191.281827 182.059769 173.528273 169.612627 168.779898 168.031476 167.731993 173.113399 181.164136 188.878320 196.171078 198.642002 201.157020 203.528763 204.107705 202.880415 199.666024 196.393724 192.998105 191.525373 183.264341 171.812982 162.886466 160.124894 164.620993 169.144646 171.677426 177.724247 188.605584 199.545188 208.173755 220.007828 225.622174 230.729989 233.790134 229.629596 225.958371 222.102795 217.142436 206.041331 -9999.0 -9999.0 -9999.0 -9999.0 -9999.0 -9999.0 -9999.0 -9999.0 -9999.0 -9999.0 -9999.0
198.987872 202.329013 191.350558 186.507325 183.199464 181.056109 176.015434 167.288409 161.980675 156.609864 154.965894 155.079481 155.238408 159.507384 169.574808 177.639380 182.504636 185.044829 187.651617 187.711542 187.288490 186.980397 184.125271 180.727898 177.346335 175.567335 175.745984 168.146052 162.779275 159.480457 158.135846 160.615361 162.947942 166.085288 175.706521 184.010172 192.325499 206.546934 218.886519 224.071318 221.557016 216.399781 212.495610 205.828763 195.789314 185.238605 174.949022 167.663024 162.069471 156.538572 162.462507 168.797071 178.835343 188.785953 200.762789 212.895770 -9999.0
183.452574 186.383508 175.594055 167.217713 162.632587 162.759698 165.097849 161.513009 156.947661 152.673804 160.883261 162.299656 163.600581 166.948091 170.333374 172.980642 175.827304 181.254770 190.337134 193.112544 193.733001 193.945020 192.180308 189.106797 187.340051 184.600747 179.440748 178.528182 178.984435 178.993329 184.178049 185.667202 187.097988 180.134444 183.507184 189.759373 196.663873 203.552780 210.473221 214.856784 211.560600 210.204387 201.572837 187.445768 175.766579 166.834683 164.257862 160.860650 152.908864 140.355703 147.102131 162.440325 166.922914 170.372741 182.128031 194.360405 204.611919
169.467901 172.601423 167.630070 168.739878 170.264109 171.808873 170.302540 167.468139 166.133968 179.247870 189.067774 191.106872 194.253073 197.868233 196.890599 184.702948 182.186203 190.771276 201.394743 207.477002 207.842419 207.951392 206.360898 205.401636 204.954307 202.659689 203.749105 206.461118 207.105610 212.215257 217.960737 220.749288 212.295173 202.925541 203.376742 210.966830 218.941621 226.325068 237.237153 248.763324 247.310693 241.138145 231.586006 217.254993 193.128300 172.767839 161.664142 154.505839 147.130735 146.247539 143.428454 153.921707 155.398287 156.919620 165.198549 175.350346 185.364448
185.091701 193.566094 187.723258 182.330881 179.178361 179.954316 180.450919 184.197348 197.757411 212.312353 227.967202 231.287317 234.304317 234.227341 224.766800 214.425378 210.307346 225.486478 241.755409 250.434238 251.685518 252.167764 260.160896 258.445983 256.102317 250.840388 253.353583 256.086972 267.424419 275.307857 282.323485 280.416552 268.346426 256.872504 254.717146 256.634608 258.932537 264.882510 275.336664 285.320112 279.951974 271.721428 260.224482 229.980437 200.958556 182.890142 182.587144 182.244778 176.924704 173.163419 169.029051 161.073861 160.143960 159.060256 158.172269 169.848206 181.857358
235.289395 252.093846 246.645848 238.455653 227.853075 228.587089 232.448184 241.438302 255.720718 275.290887 300.961573 305.711946 310.337526 314.451579 303.669200 291.330106 279.652426 296.405422 306.851684 316.558156 320.145100 331.869064 342.511707 337.813839 329.303746 319.579831 326.419515 340.264018 356.095541 363.172789 367.014343 366.749067 356.081371 349.998750 347.038681 347.489379 343.739830 347.124807 358.035225 373.286093 372.469873 360.704047 335.759984 296.969742 259.622490 235.884871 238.983124 231.128139 223.638842 218.366883 203.101965 190.743816 189.624829 179.262317 172.332286 183.204531 188.783253
287.722921 307.350521 304.206265 293.672908 281.338713 281.761906 290.574473 301.385810 322.063322 348.223268 375.604665 388.600986 395.806584 406.072480 399.749915 390.295110 381.359618 389.744879 402.993969 416.231631 428.262264 442.077379 454.569704 446.869068 436.059993 432.354719 437.623142 456.789263 473.796347 479.835982 482.237994 486.090212 478.355119 470.367578 461.738761 454.155339 446.870801 442.061639 458.689510 474.004682 471.131600 445.392656 418.211326 379.644062 338.745313 302.057049 296.190100 292.315467 288.933830 271.518225 253.903720 234.035910 221.854814 211.372973 195.426217 199.358245 204.067137
393.977036 416.889595 421.616607 407.166457 401.773485 407.525488 420.558501 428.472416 444.847147 473.829251 510.638768 537.172871 559.894234 565.083555 556.551724 547.192912 533.373875 529.387262 545.054852 557.893509 569.842599 581.514527 593.825821 600.424200 598.840945 598.745692 601.836508 607.628128 615.535653 622.438719 628.441975 634.553032 633.065435 623.274748 615.412755 605.688432 597.510739 594.540335 594.855270 603.207802 600.778552 576.292345 547.277316 512.948272 472.377284 436.964312 413.997652 414.392650 398.779942 377.515896 353.149908 313.944873 293.002932 274.074414 242.165594 236.014778 244.434821
518.565355 536.830090 553.070119 551.745092 554.903758 559.324439 566.722674 572.679927 581.605648 614.966958 651.317472 682.855387 708.297923 717.794446 708.374846 698.684001 687.148499 677.733476 680.360869 694.079227 710.408738 725.926093 736.720538 740.425952 739.244160 739.644062 741.375933 744.489383 747.266974 752.650737 759.480258 769.378019 780.654276 775.860831 759.405782 746.634529 732.025776 725.914909 723.327491 719.689785 718.619109 712.453985 682.989774 654.024958 620.504148 588.062874 563.858066 544.829306 522.377351 496.973242 448.776341 404.771931 366.616923 335.095610 303.247202 296.901918 319.521110
647.130673 673.516781 690.023475 695.160547 698.496427 702.191788 708.931692 714.985041 723.250537 744.634946 780.859468 817.736439 847.783594 853.318272 845.333552 835.313685 824.732721 815.208166 812.178254 818.636093 828.468874 842.935888 854.122140 864.079533 863.947493 864.585031 864.625226 866.648601 868.585913 870.074157 876.140708 886.643529 896.612448 897.879834 886.100862 869.856571 852.454969 843.750273 835.906308 828.958840 827.716913 827.354314 821.400085 797.406198 762.293151 719.254922 690.211200 666.722622 651.431213 633.687017 609.857039 561.492334 531.803800 495.310216 456.645149 430.034746 463.531560
762.761132 793.101935 813.129290 823.108381 825.552907 829.374126 837.295064 844.438052 855.387756 871.538661 893.135068 920.992653 948.034428 966.180832 963.604215 952.523591 936.749392 932.779786 931.906393 933.133086 938.787041 945.010902 958.954143 973.045445 978.184323 979.254273 976.784693 978.848729 980.308713 980.436224 980.893923 984.326670 990.291540 992.236934 988.021309 973.924814 954.982414 939.430788 928.868850 922.884488 919.339107 919.033717 917.133084 905.595085 878.150276 841.557801 807.136931 782.873018 764.941416 750.166974 738.343724 721.669549 703.727217 673.588138 630.710379 593.654470 587.038154
863.731707 889.428339 914.257241 932.103346 938.530214 946.166689 951.583123 961.826621 976.943813 993.989647 1006.561159 1022.604797 1043.186400 1055.088176 1060.871792 1061.643951 1061.062834 1062.868102 1062.763541 1045.764337 1047.609537 1049.293142 1053.656462 1059.464876 1061.367259 1061.852113 1061.274348 1062.266211 1062.658697 1062.801284 1062.312317 1061.430031 1062.518552 1062.723769 1061.843487 1056.910684 1055.915359 1039.450211 1027.191008 1019.236741 1011.310627 1002.512280 992.755128 982.846607 967.015569 940.260717 906.823166 877.614594 863.870515 855.765467 848.519726 842.326880 826.995426 805.463225 775.847728 738.570297 702.997065
961.409424 980.296946 1005.927080 1024.252981 1035.253823 1044.213979 1049.269473 1060.759195 1072.693047 1070.135509 1072.545538 1075.321954 1078.093939 1079.100163 1079.289648 1079.029128 1076.640041 1076.034989 1074.042985 1068.462166 1058.715380 1059.618321 1060.677883 1063.056685 1066.694873 1065.729510 1066.943924 1069.953130 1068.423146 1062.869060 1059.148446 1057.267869 1057.262276 1063.915604 1066.771294 1067.502210 1066.978982 1066.110545 1065.473312 1064.344880 1063.198574 1061.673943 1059.528538 1059.560824 1049.685881 1027.325724 996.110495 962.570622 945.907108 939.005791 938.536539 934.565475 927.620675 908.424198 881.112299 845.896085 808.621815
1065.328445 1067.341387 1073.864577 1077.576336 1079.645937 1082.112245 1084.428050 1084.924990 1081.533241 1077.754876 1072.820118 1071.200821 1069.500338 1066.765309 1066.995345 1064.675053 1060.408256 1056.434446 1049.517418 1037.849504 1025.472492 1022.432864 1026.630362 1031.473985 1035.937656 1039.458921 1043.393573 1044.946413 1040.049974 1031.901474 1024.590510 1022.215277 1028.055204 1033.138240 1037.906000 1038.653563 1037.331872 1035.632584 1036.261178 1034.654531 1036.123744 1043.354188 1056.674585 1063.521524 1065.176778 1064.658414 1059.560169 1050.380271 1037.224555 1017.402314 1019.594505 1014.557917 1002.708000 981.479461 957.187221 927.997270 899.526518
1076.395336 1074.213302 1068.180061 1062.344757 1061.507592 1065.082894 1071.490777 1072.591596 1065.490625 1056.983225 1049.387282 1041.626250 1038.366766 1036.008882 1034.484546 1033.850565 1027.993826 1019.845069 1003.915803 990.570305 977.920127 970.994259 969.163077 974.552275 984.371067 994.122235 999.826168 994.211549 986.372089 975.285251 966.701874 966.392376 968.519040 976.887039 989.688481 993.531644 994.243853 989.918461 986.683601 982.211759 982.139184 990.916593 1006.958216 1022.424858 1035.992294 1044.389059 1051.823243 1057.888988 1062.468997 1062.905566 1063.110187 1062.340327 1059.707787 1044.971169 1024.697944 1001.778866 977.731688
1055.641930 1049.879568 1042.150979 1035.409800 1032.943148 1034.763513 1037.265890 1033.812952 1026.761601 1016.064616 1004.123522 992.511492 984.907996 984.142749 985.001967 984.764521 977.873240 963.131282 945.191684 930.601984 915.820617 911.203889 906.440959 903.312975 914.304602 931.205179 937.903888 925.628188 915.757072 901.458932 893.552838 890.355496 891.678567 900.699607 919.297039 937.066178 938.189932 929.459530 921.313436 917.900304 917.232262 925.895085 945.496946 965.984175 981.406671 992.102295 998.999905 1007.748093 1017.471785 1029.317672 1042.313432 1053.431027 1063.039592 1065.888660 1064.618089 1060.647358 1046.408777
1025.271516 1016.265684 1007.259924 999.428654 993.916525 990.709262 987.581699 981.219839 973.887328 960.554397 947.634598 934.509512 919.835998 915.254241 911.595262 912.341868 900.568860 889.198959 869.771686 853.789544 837.860344 827.919274 822.115449 816.705052 822.375365 838.399522 847.872844 834.254187 823.932253 810.673626 804.085493 800.633712 802.086517 811.813163 833.829706 852.172319 858.826502 851.412748 846.504122 845.034137 845.568736 852.616908 868.887910 889.867210 911.241926 927.677991 937.973540 946.671712 957.537052 972.525667 987.339734 1002.439967 1020.003896 1039.654921 1054.219619 1063.477366 1068.063412
983.552005 972.680116 960.607187 948.602026 941.275096 941.078181 933.646700 926.725113 912.760504 868.599920 850.889671 832.508890 816.621109 810.102584 801.857079 794.363871 784.237660 776.592795 767.642403 751.717620 734.323880 718.535097 713.310455 709.107006 701.883414 708.372029 712.106698 714.085368 706.779689 700.340958 697.500961 694.925011 698.221669 711.520130 723.655543 734.409196 740.617076 738.723050 745.797733 752.907057 757.182282 773.898242 788.741995 807.458517 829.714179 853.540861 867.128373 877.418700 889.160334 905.534452 923.227337 941.781900 965.115929 990.232909 1007.190102 1019.082360 1031.535391
932.837556 917.915016 904.139639 890.443263 876.776197 876.281028 871.694782 863.157780 824.620417 782.384274 750.181248 731.295638 708.889919 696.921614 685.349841 659.740281 644.800598 637.178937 640.081152 629.108134 611.416856 596.572873 588.285955 581.781402 569.586448 562.362201 566.876913 578.113216 573.088760 570.835136 574.374573 572.491823 569.633715 576.329156 590.933407 599.628640 609.694936 621.031189 626.879154 636.865629 663.731114 679.409190 696.046200 717.562408 740.702958 764.501169 785.253941 799.242905 814.538214 834.126831 851.852915 873.618032 898.124692 927.398723 947.866160 963.296094 976.084841
859.884101 842.952046 825.263718 804.852557 783.348176 779.652197 771.368291 753.171538 708.169923 667.069715 635.411629 611.730672 586.020428 566.512017 539.200117 506.225281 484.483971 487.310743 493.425608 491.656653 475.894172 461.418456 450.004360 435.948341 420.124362 409.033459 417.344786 426.181937 433.067768 436.177462 439.921361 441.981956 440.984947 437.846007 445.325152 455.166569 466.801448 478.717272 493.325065 524.817108 552.512014 572.550667 595.833303 618.817037 644.329417 670.639851 693.875884 711.491473 731.415138 751.991656 773.954031 796.029816 822.118406 852.326008 877.281845 893.708923 909.112377
777.859452 755.053564 728.795503 690.618069 674.336042 663.899735 650.576446 614.587093 571.016040 532.729366 504.701181 476.575479 449.388713 420.292193 387.319571 358.337169 337.103572 342.753425 349.039921 358.550539 345.446021 332.837360 325.454058 310.164996 295.729685 281.436599 289.270914 299.036384 315.359426 319.279596 322.642087 329.199954 328.105042 326.143909 319.001713 328.487805 339.589093 354.169598 382.774309 410.299222 437.600370 462.178661 486.501598 513.447650 542.185906 570.796000 599.734761 622.296943 644.239322 668.189943 690.594475 711.177368 734.345484 762.190620 786.551278 807.252079 829.155665
676.468672 651.198480 614.310369 569.015737 533.905270 516.972641 478.293699 441.346056 401.212830 378.780250 356.880359 331.014157 306.983333 283.751858 255.862041 231.633777 207.207078 210.524907 222.433890 235.799873 228.774767 224.204867 220.487318 208.717278 194.838926 181.226064 184.889909 199.860470 216.600139 223.667408 230.133061 237.638559 237.804047 231.419815 223.405981 229.459543 243.715922 260.481175 282.993854 307.141326 331.172022 354.051203 379.620209 406.862258 435.155425 465.804870 497.688095 522.892120 551.576616 580.535236 603.971147 619.704898 637.401637 664.525459 685.581633 709.464335 733.752973
565.032787 535.937242 491.783400 445.030497 398.641108 358.295576 322.762963 288.907502 267.765648 246.631278 226.599017 206.654205 184.586951 163.963493 143.912418 121.353128 102.269301 107.249795 120.300920 131.968428 134.088054 130.870214 127.609329 119.725764 106.020900 95.135110 103.398539 118.828833 133.907043 143.893652 150.588926 156.805314 154.157829 146.109928 139.897203 148.025692 163.702121 179.116232 197.370443 219.736504 242.332970 265.391150 289.815155 314.723744 342.457776 371.534617 401.520692 431.498021 460.069080 487.568656 503.977783 520.290882 533.437675 554.602297 577.106236 601.402616 628.266787
429.273658 398.199899 361.171315 318.657968 284.651979 250.463422 217.842205 185.973468 159.643443 141.070008 130.061372 114.453084 94.497267 80.325347 62.937251 44.130069 42.960166 46.186490 57.963611 59.779497 60.361950 57.283514 56.074544 51.364437 40.005087 46.211501 53.928572 68.841202 79.814986 89.230641 95.554212 99.764477 99.437721 92.676144 95.800386 103.161649 117.995520 130.181131 145.853837 167.266392 185.466590 205.886362 229.029402 253.172826 278.848229 306.328907 336.140899 363.757295 387.114956 400.774846 415.531071 425.864477 425.116838 443.980513 463.969235 484.548362 513.271656
299.896514 272.142724 244.213983 210.900039 177.382756 146.317065 115.288845 84.998930 59.865379 49.842081 38.296998 26.131477 12.329969 -1.864279 -14.386745 -14.708777 -17.273561 -17.978978 -16.450139 -13.559961 -11.061851 -12.109378 -13.290648 -12.631763 -6.683407 -2.464697 3.089591 13.580032 24.750562 35.142129 39.231576 43.505007 46.562830 50.020800 52.717216 57.254719 68.845615 80.918517 94.528487 111.843827 129.774876 149.236561 172.173413 195.671810 220.958812 248.854985 277.336658 299.977742 312.214205 324.823839 331.474814 329.932651 328.905872 340.154449 356.581321 372.485367 398.432868
