tests/Borden05m/data_simulated/sim_1/output-maps/psiliqL0017N0017.asc
ncols         160
nrows         34
xllcorner     620200.000000
yllcorner     5168000.000000
cellsize      0.500000
NODATA_value  -9999.0
[rows 0 to 24 of 34, columns 55 to 109 of 160]
-9999.0 -9999.0 -9999.0 -9999.0 -9999.0 -9999.0 -9999.0 -9999.0 -9999.0 -9999.0 -9999.0 -9999.0 -9999.0 -9999.0 -9999.0 -9999.0 -9999.0 -9999.0 -9999.0 -9999.0 -9999.0 -9999.0 -9999.0 -9999.0 -9999.0 -9999.0 -9999.0 -9999.0 -9999.0 -9999.0 -9999.0 -9999.0 -9999.0 -9999.0 -9999.0 -9999.0 -9999.0 -9999.0 -9999.0 -9999.0 -9999.0 -9999.0 -9999.0 -9999.0 -9999.0 -9999.0 -9999.0 -9999.0 -9999.0 -9999.0 -9999.0 -9999.0 -9999.0 -9999.0 -9999.0
-9999.0 -9999.0 -9999.0 -9999.0 1632.250930 1626.965561 1622.139184 1617.702805 1609.304833 1600.479836 1592.686747 1589.094146 1588.546353 1588.176433 1588.131455 1593.654630 1602.039671 1610.004760 1617.373030 1620.047692 1622.700818 1625.048073 1625.672280 1624.676092 1621.640633 1618.516123 1615.278057 1613.837718 1606.096214 1594.893354 1586.311305 1583.612145 1587.951189 1592.338460 1594.747416 1600.270072 1610.723948 1621.235831 1629.493198 1641.242377 1647.039575 1651.800103 1654.189380 1649.641120 1645.697099 1641.390199 1635.601087 1624.320894 -9999.0 -9999.0 -9999.0 -9999.0 -9999.0 -9999.0 -9999.0
1576.896996 1596.011279 1616.612996 1620.028990 1608.610571 1603.821371 1600.871507 1599.296625 1595.015887 1586.833106 1582.058308 1577.082924 1575.429302 1575.913650 1576.352820 1580.732713 1591.448878 1599.705695 1604.710886 1607.533098 1610.456042 1609.999008 1609.609611 1609.518459 1606.816404 1603.541220 1600.302311 1598.615391 1599.464115 1591.959354 1586.378134 1582.839003 1580.767913 1583.306107 1585.710592 1589.352431 1598.577645 1606.441850 1614.273534 1628.512576 1640.781100 1645.725803 1642.723476 1637.333615 1632.994173 1625.568139 1614.857347 1604.305301 1594.960367 1587.823089 1581.787771 1575.236018 1580.704410 1587.039185 1596.118816
1561.689445 1581.304138 1601.893255 1604.973216 1594.652030 1586.864112 1581.653711 1582.359457 1585.647646 1582.683186 1578.473970 1573.108213 1582.539411 1584.193800 1585.640082 1589.309344 1592.410449 1596.489160 1599.444217 1605.068612 1614.296633 1617.264991 1617.976002 1618.276037 1616.566980 1613.558556 1611.838415 1609.191423 1604.074012 1602.837797 1602.970638 1602.408059 1607.073599 1608.520566 1610.529568 1604.110116 1607.773375 1613.784957 1620.408402 1626.316249 1632.447756 1635.526508 1631.729885 1630.715276 1621.705479 1607.310864 1595.984722 1587.276584 1585.523772 1581.791265 1573.227856 1559.482866 1566.203430 1581.171304 1585.111092
1567.948595 1577.559645 1589.416154 1592.700969 1588.119229 1590.146676 1592.242188 1594.112686 1592.942273 1590.290602 1588.088271 1600.442438 1609.990964 1612.141232 1615.369330 1619.532634 1619.777071 1608.580615 1606.614712 1614.855984 1625.216931 1631.025493 1631.437591 1631.452577 1629.055184 1628.134276 1627.923385 1625.960680 1626.408889 1628.621920 1627.881496 1631.981344 1637.538099 1640.505345 1633.427966 1624.421458 1625.535006 1633.303284 1641.507309 1648.599328 1658.693606 1669.343871 1668.123757 1662.175060 1652.593928 1638.610413 1614.718834 1595.065126 1583.407505 1575.194857 1567.132356 1567.179060 1562.757388 1573.938694 1574.813194
1564.238700 1582.973686 1604.358239 1612.175873 1606.793787 1602.690552 1600.947965 1602.211671 1602.592542 1605.379656 1617.216957 1630.871079 1644.843968 1647.865203 1650.667141 1650.432909 1642.284701 1632.447355 1629.372380 1643.938985 1660.524160 1668.885483 1669.385511 1667.750696 1673.610329 1672.809943 1671.868685 1667.565148 1669.298535 1669.666448 1678.229657 1685.853963 1693.147546 1691.406579 1679.207559 1667.386463 1666.121434 1669.477034 1673.591998 1679.868667 1689.631255 1698.621862 1693.000312 1685.751948 1675.770589 1647.279306 1620.690370 1603.766690 1603.064542 1602.437214 1596.700752 1592.883651 1589.351827 1582.276675 1581.046925
1609.244140 1630.533063 1651.225301 1666.780505 1661.572380 1654.352237 1645.368197 1646.461083 1649.309506 1657.303865 1670.065290 1686.610323 1710.374232 1712.710918 1715.555288 1717.546490 1706.361330 1694.273591 1683.891261 1703.220146 1713.918836 1722.328888 1722.967688 1731.522687 1741.112962 1736.981161 1729.630842 1718.989619 1725.168497 1735.428029 1750.511104 1757.596056 1761.796577 1759.499474 1747.506749 1741.320867 1740.508843 1743.668686 1741.993678 1747.327227 1756.629989 1771.014657 1769.576849 1761.520317 1739.007741 1701.267400 1667.566899 1648.536052 1654.769599 1647.189391 1639.410327 1635.644217 1621.481511 1610.620774 1610.303711
1657.426268 1674.742633 1693.114749 1711.511776 1706.248182 1696.521757 1683.044733 1682.463102 1689.623335 1700.330699 1719.418788 1741.286821 1764.385456 1770.302930 1771.074765 1781.116054 1775.058337 1765.781774 1758.180863 1772.557951 1784.235506 1795.677403 1804.370481 1817.121106 1828.350716 1816.857540 1803.541238 1796.974577 1802.760925 1824.114012 1842.771662 1847.733511 1848.293404 1849.976994 1839.070377 1832.840254 1826.923096 1823.101775 1817.911355 1814.087233 1833.750626 1851.000644 1849.060411 1825.647211 1801.279898 1763.368223 1724.894365 1694.226741 1696.645719 1692.681996 1691.817007 1677.225725 1661.815542 1647.040278 1638.477205
1730.605302 1758.094855 1778.172793 1800.100390 1798.776998 1781.063788 1771.580307 1776.332247 1789.762910 1797.704270 1814.417116 1836.833328 1867.050794 1885.977657 1903.093603 1907.790584 1900.289075 1891.934105 1879.586978 1880.011295 1899.189841 1911.237997 1921.317192 1931.395929 1943.848515 1947.874942 1944.115988 1943.315836 1946.884726 1955.777790 1966.255181 1972.894269 1977.498545 1982.023248 1975.455675 1964.379214 1959.089010 1951.088341 1945.654080 1943.218054 1947.849988 1961.004805 1957.925811 1928.198936 1900.603546 1867.041128 1829.047671 1797.671789 1782.800930 1791.598788 1782.172139 1763.556032 1745.771577 1712.660130 1698.617989
1820.820200 1856.122490 1883.335315 1897.370330 1909.563104 1902.558859 1903.758260 1908.408702 1916.555978 1921.545143 1929.472534 1962.193866 1996.912585 2025.121897 2049.168358 2057.764572 2047.388826 2038.092235 2026.102849 2017.194118 2023.538721 2038.802742 2055.720979 2071.075376 2082.241680 2085.388778 2084.088886 2084.355543 2086.724511 2089.702431 2093.060911 2099.823952 2107.141967 2116.748627 2126.679794 2119.262382 2102.158015 2090.479296 2077.873475 2073.717218 2072.572971 2071.918283 2071.479664 2060.386286 2025.240721 1995.208527 1962.604141 1935.965255 1916.567749 1905.915157 1885.790685 1861.819936 1813.574295 1773.584399 1739.166482
1926.507567 1968.482388 1999.184261 2021.608709 2036.627518 2038.396051 2041.300456 2044.114380 2049.963234 2054.920687 2061.267109 2085.524855 2124.516692 2162.504311 2192.907567 2195.997538 2185.728834 2175.438612 2165.759794 2154.201144 2150.803417 2160.097390 2172.460476 2189.664995 2200.606704 2208.973596 2207.372204 2207.726653 2208.653442 2210.749124 2212.660394 2215.145483 2222.944187 2235.693547 2247.740932 2247.941143 2232.621597 2215.123654 2197.912787 2191.804956 2186.436340 2180.363113 2180.526171 2180.839399 2170.059351 2142.345497 2104.567561 2062.187582 2038.076040 2017.895040 2004.385354 1987.041328 1955.876704 1899.269486 1865.395670
2052.456406 2082.627138 2112.700066 2143.682245 2161.762522 2168.423635 2168.642697 2170.336287 2178.263158 2184.047767 2193.285891 2210.260052 2237.008669 2268.176768 2295.991241 2312.874237 2308.175159 2294.223495 2275.673561 2269.098476 2267.310807 2269.752111 2277.106058 2286.453512 2302.910242 2319.663165 2325.290274 2326.051887 2323.395689 2325.795235 2327.175195 2327.329254 2328.990603 2334.865121 2342.633917 2345.166380 2339.036722 2320.913578 2299.433321 2285.741573 2277.406499 2272.777532 2271.201241 2273.081959 2273.094149 2259.605332 2228.021265 2187.551874 2154.714993 2134.099201 2118.006629 2102.911341 2090.187802 2065.517145 2045.689943
2169.392840 2184.547997 2211.590354 2239.441739 2263.599049 2280.043027 2283.546606 2288.996944 2294.441454 2303.975750 2319.837669 2340.852577 2356.889148 2375.861578 2398.960184 2412.841189 2418.502492 2418.244178 2416.062390 2417.511531 2417.526999 2379.265926 2383.060767 2386.802050 2396.943836 2407.148836 2410.656690 2410.957142 2409.333553 2410.738237 2411.314445 2411.458743 2411.160903 2411.900695 2414.890295 2415.868351 2414.077555 2405.118662 2412.739780 2394.584878 2381.950472 2373.969530 2365.812132 2357.035933 2347.089539 2336.739680 2318.435065 2289.774435 2255.783857 2229.914641 2218.637868 2210.983127 2202.523873 2195.787272 2178.966337
2276.122415 2288.104964 2305.273516 2326.768282 2356.869694 2377.742456 2388.948618 2398.153134 2403.321340 2416.372707 2430.968092 2422.742139 2428.215769 2433.750934 2439.156950 2441.039116 2441.513823 2441.099253 2438.536258 2437.640801 2435.268720 2430.567531 2420.368271 2421.455292 2422.706082 2424.917259 2428.248719 2426.824354 2427.687857 2430.605132 2429.098504 2423.569097 2419.932424 2418.403962 2419.010058 2426.091363 2429.159241 2429.799282 2427.864461 2426.981937 2426.280260 2424.146500 2421.502743 2417.745868 2412.835081 2419.489887 2408.348361 2383.264896 2347.669258 2310.258471 2297.807215 2294.711319 2293.921459 2290.423122 2283.453590
2394.434389 2407.424712 2421.385591 2412.739419 2427.083509 2434.627127 2438.350426 2441.704835 2444.408255 2446.279185 2443.180802 2439.881437 2435.070685 2433.559923 2432.040256 2429.369238 2429.625499 2427.231950 2422.721185 2418.381140 2410.757029 2399.126457 2387.249933 2383.801843 2387.757638 2392.496673 2396.706221 2400.011347 2403.273257 2403.959958 2399.097219 2391.277749 2384.266035 2382.551482 2389.140713 2394.734369 2400.364027 2401.146442 2399.905686 2397.988180 2398.368222 2396.076013 2396.917908 2403.921152 2417.814086 2422.734230 2426.331339 2425.611013 2415.034007 2395.981843 2394.306770 2374.315240 2377.952684 2372.648224 2360.542330
2435.096824 2437.259983 2436.602459 2435.283354 2429.427137 2423.697401 2422.985184 2426.798823 2433.466644 2434.387322 2427.066894 2418.295838 2410.803909 2403.342552 2400.586646 2398.939175 2397.742897 2397.217205 2391.150308 2382.017302 2365.309222 2352.940839 2341.045264 2334.377835 2331.253991 2335.172941 2344.912993 2354.899716 2359.406936 2351.871491 2344.249687 2333.495765 2325.701523 2326.174021 2328.157123 2337.356287 2352.230210 2357.946959 2359.015915 2354.023541 2349.564022 2344.242403 2342.743576 2350.208749 2365.872094 2382.152830 2396.823836 2405.599848 2413.195693 2419.856162 2421.744444 2423.330469 2424.029521 2422.357284 2422.047073
2429.714926 2423.064673 2416.294870 2411.002807 2404.214042 2398.327868 2396.176275 2397.924993 2399.925487 2395.711855 2388.382076 2377.425024 2365.693723 2355.196409 2347.692997 2347.605587 2348.838021 2349.021043 2341.425290 2325.834852 2307.342495 2293.088712 2278.498232 2273.820465 2268.032096 2262.186146 2272.056652 2289.480876 2295.786559 2281.527643 2271.507555 2257.300694 2250.491074 2247.355704 2248.844784 2258.241595 2279.041776 2300.147551 2302.198610 2292.922713 2283.952809 2280.295178 2278.666904 2285.576322 2304.116912 2325.329383 2341.395019 2352.061924 2358.374002 2367.007928 2376.997913 2390.345173 2404.296347 2415.863234 2423.092301
2403.547766 2395.389239 2387.231039 2379.091651 2371.481335 2364.531046 2359.509695 2356.627827 2352.685155 2345.757563 2337.677064 2319.903576 2306.638888 2293.422846 2278.451735 2273.893125 2269.339775 2269.812446 2257.701519 2247.433315 2228.979416 2212.883332 2196.561824 2184.479900 2178.121949 2171.511697 2173.172693 2187.448988 2195.976195 2184.072335 2174.145465 2162.365633 2157.068696 2154.034284 2156.405993 2166.992000 2188.443457 2207.364437 2215.435933 2208.627714 2205.940010 2205.706583 2205.737233 2212.888236 2227.149453 2247.307513 2269.734225 2287.851677 2298.515090 2307.037141 2317.849712 2333.326076 2348.113603 2362.799716 2380.624493
2368.286277 2358.371665 2347.795620 2337.446442 2326.128104 2314.471642 2307.238410 2307.934699 2300.539173 2293.370944 2274.373375 2224.210301 2204.107278 2184.897736 2168.377580 2161.338171 2152.646724 2140.841991 2131.052378 2124.429145 2120.136915 2104.534413 2086.380319 2069.110223 2063.503293 2059.110030 2046.728062 2047.690554 2049.658340 2058.130182 2051.390840 2047.473109 2047.058352 2044.884012 2047.685270 2061.313549 2072.038348 2080.972700 2088.044220 2089.816561 2099.024451 2107.174504 2114.745249 2132.242522 2145.964452 2163.927889 2186.186915 2211.808824 2227.215354 2238.096489 2250.127842 2266.795959 2284.377964 2302.926748 2326.206453
2326.855850 2310.977078 2296.136456 2281.185153 2267.631201 2254.061031 2239.031759 2239.132894 2234.994207 2224.707430 2177.419579 2134.754623 2100.802082 2082.076254 2058.617586 2045.561803 2031.589175 2000.045029 1983.934858 1979.389565 1987.481665 1979.687056 1962.956395 1949.357549 1940.379963 1932.363452 1917.407943 1904.606638 1909.665833 1924.162373 1921.891036 1922.334797 1928.078636 1927.096480 1922.785478 1925.518252 1939.387427 1947.007696 1957.979774 1972.562272 1978.090369 1991.085558 2021.254380 2035.911141 2052.375339 2073.205898 2095.974886 2120.081889 2142.768217 2157.885354 2174.229865 2194.387066 2212.607702 2234.537072 2258.892207
2270.063552 2240.670241 2219.926075 2202.207712 2183.241767 2159.287674 2138.019186 2134.560676 2126.742153 2102.699669 2053.225166 2013.938704 1985.936614 1963.243118 1938.931262 1917.599185 1885.943369 1852.831583 1831.617632 1840.518332 1848.806429 1853.402699 1840.190742 1828.007857 1817.868238 1802.273383 1786.244828 1772.717797 1782.109543 1790.619460 1803.129976 1808.073858 1812.030798 1816.113198 1815.167206 1808.648031 1810.238198 1819.225298 1829.956555 1841.747349 1859.229505 1891.877681 1917.512107 1936.310437 1958.192046 1979.270991 2003.018071 2028.099989 2051.727775 2069.856554 2089.971273 2110.743482 2133.337900 2155.166649 2180.836223
2188.503350 2160.072303 2132.923504 2109.328049 2079.869489 2037.460286 2021.854465 2012.107009 1994.914346 1953.680351 1911.080545 1881.323632 1861.375469 1836.914629 1813.872527 1785.817044 1753.308907 1728.569829 1708.069799 1715.850667 1723.750006 1738.146848 1727.311694 1717.723802 1712.633864 1697.509490 1683.777137 1668.510756 1675.486879 1686.229451 1705.875221 1710.837684 1714.706095 1722.820849 1722.166293 1719.214190 1707.361133 1715.720943 1726.824491 1741.516675 1771.094138 1795.781514 1820.143704 1842.703757 1863.940126 1887.465888 1912.213120 1937.458826 1964.874533 1985.990688 2006.681472 2029.881770 2051.513610 2070.168968 2091.204135
2076.452062 2050.967250 2029.051021 2004.280267 1964.937431 1920.859598 1883.690007 1862.934209 1819.017015 1784.510982 1755.177197 1743.995493 1727.734198 1705.709678 1684.798833 1663.916512 1639.292759 1617.944020 1593.278728 1597.363087 1610.798641 1625.661245 1622.535119 1620.591655 1617.952111 1607.397607 1593.758355 1580.136560 1583.755236 1599.656796 1616.963900 1625.535359 1632.746727 1640.573011 1640.804022 1633.231133 1624.593187 1630.355416 1645.464319 1662.240707 1682.599717 1705.145641 1727.644953 1749.272826 1773.132752 1797.684977 1822.637338 1849.537093 1877.939522 1900.223439 1925.502598 1951.618910 1971.695580 1984.396331 1997.857082
1967.302595 1945.618149 1921.287706 1893.983400 1852.666166 1811.357121 1769.273729 1726.743204 1693.296779 1662.795769 1649.190069 1631.389084 1615.032592 1598.029689 1577.007074 1558.516189 1541.040040 1519.073144 1504.178617 1509.975658 1522.881607 1532.566006 1536.747515 1533.948722 1531.056483 1524.213669 1510.376769 1502.688263 1511.739727 1527.005260 1541.415541 1552.237827 1559.166148 1565.041144 1562.457384 1554.184050 1549.903763 1558.438312 1574.416578 1589.317002 1606.281242 1628.149330 1649.868015 1672.527288 1696.266449 1719.926731 1746.037978 1772.973211 1800.566512 1828.447975 1853.160227 1875.542923 1887.627147 1900.107573 1906.390567
1838.289408 1823.170598 1797.306596 1768.909351 1737.131559 1700.525938 1672.086255 1639.920193 1608.955377 1578.749063 1552.835301 1537.328416 1528.619046 1514.317091 1495.750864 1482.935113 1466.350312 1451.633606 1453.742999 1455.707733 1465.356736 1465.116494 1465.679874 1462.779421 1461.763596 1458.201437 1449.345415 1458.233629 1465.308312 1479.426587 1489.929109 1499.541591 1505.710117 1509.764133 1510.361411 1505.109917 1509.870379 1516.939132 1531.559149 1543.631748 1558.654354 1579.749945 1597.746867 1617.881680 1641.014451 1665.003203 1690.154546 1717.026131 1746.087904 1772.242534 1792.768913 1802.941810 1814.863010 1820.836950 1815.032916
