tests/Borden05m/data_simulated/sim_1/output-maps/psiliqL0024N0009.asc
ncols         160
nrows         34
xllcorner     620200.000000
yllcorner     5168000.000000
cellsize      0.500000
NODATA_value  -9999.0
[rows 0 to 24 of 34, columns 55 to 109 of 160]
-9999.0 -9999.0 -9999.0 -9999.0 -9999.0 -9999.0 -9999.0 -9999.0 -9999.0 -9999.0 -9999.0 -9999.0 -9999.0 -9999.0 -9999.0 -9999.0 -9999.0 -9999.0 -9999.0 -9999.0 -9999.0 -9999.0 -9999.0 -9999.0 -9999.0 -9999.0 -9999.0 -9999.0 -9999.0 -9999.0 -9999.0 -9999.0 -9999.0 -9999.0 -9999.0 -9999.0 -9999.0 -9999.0 -9999.0 -9999.0 -9999.0 -9999.0 -9999.0 -9999.0 -9999.0 -9999.0 -9999.0 -9999.0 -9999.0 -9999.0 -9999.0 -9999.0 -9999.0 -9999.0 -9999.0
-9999.0 -9999.0 -9999.0 -9999.0 2999.268946 2993.931940 2989.075415 2984.594832 2980.907856 2971.703151 2963.802857 2959.691381 2958.601675 2957.803505 2957.240139 2962.186711 2970.251947 2977.877458 2984.716289 2981.301973 2983.455393 2985.303845 2985.517127 2984.312869 2981.180869 2984.039146 2980.734891 2979.079700 2971.636263 2960.493985 2952.127504 2949.438887 2953.651357 2958.004634 2960.466497 2965.731033 2976.136830 2986.651654 2988.848294 3001.006682 3007.855089 3013.201042 3015.894484 3011.948639 3008.703831 3004.824347 2999.038669 2987.987471 -9999.0 -9999.0 -9999.0 -9999.0 -9999.0 -9999.0 -9999.0
2949.041635 2967.432181 2983.307595 2986.402615 2979.712257 2974.737390 2971.598515 2969.892957 2965.594069 2957.092959 2951.971910 2946.515575 2943.992827 2944.011268 2943.928401 2947.668950 2958.346775 2966.170605 2970.762033 2973.354303 2976.152621 2974.763650 2974.015353 2973.771654 2970.869550 2967.421745 2964.037358 2962.199106 2963.509410 2955.926630 2950.014844 2946.189468 2943.419827 2946.101532 2948.760391 2953.158863 2962.351657 2970.259735 2978.095141 2986.558864 2999.324902 3004.992931 3002.518835 2997.951027 2994.383391 2987.306713 2982.540377 2972.588384 2964.302709 2958.057280 2952.651285 2946.308327 2952.622683 2960.255964 2969.614444
2932.506833 2951.653937 2972.001591 2974.589637 2964.258052 2956.449342 2949.896116 2950.373316 2953.728745 2950.455515 2945.660651 2938.276018 2948.012338 2949.022875 2949.770364 2952.965664 2955.049580 2959.862149 2962.313301 2967.623335 2976.536029 2979.288927 2979.710051 2979.747459 2977.767856 2974.513243 2972.561028 2969.761209 2964.487007 2962.784493 2962.513686 2961.364089 2965.546275 2966.844759 2969.786572 2964.141249 2968.427171 2974.638439 2981.348516 2986.901381 2986.023242 2988.665276 2985.466727 2986.100028 2984.388960 2970.841874 2961.043241 2953.473298 2953.395204 2950.402176 2942.476020 2928.887230 2936.978709 2952.965004 2957.679724
2936.961034 2945.853458 2956.512123 2959.037314 2953.977590 2956.038291 2957.779809 2959.011150 2957.173882 2953.688079 2949.627691 2960.268673 2968.409680 2969.761109 2972.213654 2976.115140 2977.008634 2966.013510 2963.905192 2971.256761 2980.676247 2985.831932 2985.966883 2985.604671 2982.139544 2980.976299 2980.722035 2978.846946 2978.498442 2980.151783 2978.047836 2981.211091 2986.589315 2981.934026 2984.238986 2975.838224 2977.884629 2986.151536 2987.161323 2994.563797 3004.687538 3015.619588 3015.810881 3011.276658 3003.028319 2990.780624 2975.544114 2957.894606 2946.928057 2939.052103 2931.808192 2934.323536 2929.848155 2943.246786 2944.987480
2924.410432 2944.419026 2964.283912 2970.342478 2964.306540 2960.343935 2958.851363 2959.468642 2958.628460 2959.410662 2968.598855 2980.459358 2984.358700 2986.043555 2987.768529 2986.663930 2987.035189 2976.825105 2973.975816 2987.296773 2995.300302 3002.860426 3002.401595 2998.496837 3002.052735 3001.859679 3001.952818 2998.304200 2999.152128 2997.251840 3003.266648 3010.868845 3018.650767 3017.026034 3004.921349 2992.777338 2992.538726 2997.641437 3003.897052 3011.326699 3021.559971 3030.867671 3026.172293 3020.915925 3013.394497 2987.816038 2972.925806 2958.719347 2958.782917 2959.463756 2955.239624 2953.075242 2951.818786 2947.285680 2947.409523
2961.337812 2980.573600 2993.129832 3006.054073 2999.737997 2992.002738 2983.137329 2983.198060 2983.776522 2989.696161 3000.172013 3013.309008 3034.845222 3034.551346 3035.188639 3034.322500 3021.790440 3008.658140 2998.444659 3019.726718 3030.295229 3037.531208 3035.480921 3041.176613 3049.884689 3046.093416 3039.498163 3027.679105 3033.316388 3040.521135 3055.560660 3063.248047 3068.267919 3064.210866 3050.799025 3044.240375 3045.349140 3051.202796 3051.900421 3059.983973 3069.054994 3084.094993 3083.058742 3079.106061 3059.126680 3022.511014 2993.228103 2988.777865 2990.561420 2984.991409 2987.026953 2986.510894 2975.047576 2967.339753 2969.789187
2987.417260 3000.969544 3016.971312 3033.435897 3024.952616 3014.529571 2998.358145 2995.431822 2999.874397 3009.743883 3027.158127 3045.539551 3065.726272 3065.628963 3060.355169 3069.763116 3062.818819 3052.162175 3044.477650 3064.168262 3074.437444 3084.713816 3090.931018 3103.456047 3113.951919 3098.482226 3082.199739 3072.584435 3079.255929 3103.813386 3125.307412 3130.098124 3129.486382 3129.442048 3115.176294 3110.112580 3106.250659 3105.796633 3102.753499 3100.630327 3124.901757 3145.741624 3145.474186 3123.952026 3101.358816 3062.746596 3025.441351 3000.532777 3011.530367 3008.637812 3011.807993 3001.319356 2989.389010 2981.348986 2986.591179
3039.507513 3061.810881 3078.477933 3099.797839 3091.997244 3069.746600 3054.817453 3057.499300 3070.612551 3078.243694 3095.902265 3113.769470 3140.155192 3153.404232 3165.582255 3168.316474 3162.080786 3153.447193 3141.235817 3145.289754 3167.973297 3178.347984 3186.889936 3195.543519 3208.053640 3209.163980 3202.893669 3201.230522 3205.363415 3217.775244 3231.304264 3237.989749 3241.378044 3244.433003 3232.737585 3220.318720 3217.681425 3211.789155 3209.785127 3208.835330 3219.025624 3238.220541 3235.387733 3200.801174 3174.337016 3141.316420 3103.621466 3074.433255 3066.973709 3084.360066 3081.294644 3065.224566 3053.803702 3026.953985 3020.722012
3110.437714 3143.314584 3167.730610 3177.196297 3185.170119 3171.681721 3169.916347 3173.797433 3181.738988 3184.892209 3191.272277 3223.355711 3256.973168 3282.322675 3305.046839 3312.232386 3300.179168 3290.357611 3277.048023 3268.117535 3278.036756 3294.725488 3312.132355 3327.074448 3338.320656 3340.605309 3339.070518 3339.146176 3342.059737 3345.025049 3349.104848 3357.189647 3364.740746 3373.482258 3381.936584 3372.226132 3355.441479 3345.792774 3336.167638 3334.850040 3335.925597 3339.081892 3340.144211 3324.974957 3284.851185 3254.084411 3222.386614 3201.849123 3187.914694 3186.132976 3169.358347 3145.787048 3095.770168 3058.624089 3027.358986
3196.332709 3239.397585 3268.448529 3286.211629 3298.977818 3296.587255 3298.289259 3299.337539 3303.170986 3305.746362 3308.904455 3334.887296 3375.560511 3414.397535 3445.244008 3445.545634 3432.326535 3421.074518 3411.755189 3397.862098 3393.971173 3405.902847 3420.692167 3440.370194 3450.900828 3457.449315 3454.490299 3454.730467 3456.340246 3458.628539 3460.712855 3464.114713 3473.406194 3488.045385 3502.120837 3501.524695 3483.352109 3465.570607 3449.441043 3446.419359 3443.589456 3438.651157 3440.822950 3442.687209 3428.129757 3397.906640 3359.002258 3318.672226 3300.978027 3285.382381 3274.581482 3258.172687 3220.187436 3157.503406 3119.872614
3310.814753 3343.753400 3372.462717 3402.506461 3417.651783 3420.424326 3418.100567 3417.186490 3424.108212 3427.163624 3433.261653 3449.694292 3480.668502 3515.199300 3544.413756 3559.956497 3552.599577 3535.270109 3513.651575 3504.375457 3501.644105 3505.052301 3514.204870 3526.481891 3545.504900 3564.490374 3570.205372 3571.068743 3568.420031 3570.791235 3572.299076 3572.405494 3575.108942 3583.184046 3592.745239 3596.032117 3588.606582 3568.161032 3545.103320 3533.435773 3526.736742 3523.253887 3523.968917 3528.744916 3531.637147 3517.317086 3482.671439 3439.207424 3409.085697 3393.346541 3380.426127 3366.794246 3354.805984 3323.957483 3303.691979
3418.891139 3433.785797 3461.512724 3489.897931 3512.576570 3527.353716 3528.056419 3531.284593 3535.971877 3543.494895 3558.534692 3581.307707 3599.757534 3621.721577 3647.703493 3663.539514 3668.812060 3667.335608 3663.554742 3664.808857 3665.142071 3605.692081 3611.653814 3617.591663 3633.774250 3648.493610 3653.795286 3654.398966 3651.990599 3653.752226 3654.476700 3654.393576 3654.024062 3656.130131 3660.936188 3662.773044 3660.502229 3648.440217 3665.287164 3645.575568 3632.286246 3624.171671 3616.011171 3607.772205 3598.387959 3588.600106 3569.048739 3538.735643 3504.677985 3482.783039 3474.666851 3468.691440 3460.596721 3455.115881 3438.519868
3517.069678 3527.617875 3545.451192 3567.813294 3601.005068 3623.907768 3635.144806 3644.315129 3648.946068 3662.670148 3678.954080 3663.920872 3671.810712 3679.975240 3688.087562 3690.873402 3691.671053 3691.302994 3688.929429 3688.193677 3685.846895 3682.272691 3671.910141 3673.508468 3675.414988 3678.022512 3681.733257 3680.607985 3681.699747 3684.648231 3682.913424 3676.927963 3672.901122 3671.327966 3672.275674 3679.675262 3683.127486 3684.069036 3680.916140 3680.007279 3679.061268 3675.831664 3671.799564 3666.115489 3658.844438 3672.635145 3660.813421 3633.315779 3593.886032 3553.469133 3545.344346 3546.669611 3546.731016 3545.190307 3539.679948
3639.809859 3653.250626 3667.801755 3647.296720 3668.512237 3679.369609 3684.446331 3688.411327 3691.166962 3694.107774 3691.079233 3688.037627 3683.181184 3681.651803 3680.312666 3677.886715 3678.522328 3676.637296 3672.599125 3668.620721 3660.816603 3649.349888 3638.176160 3634.714779 3639.045133 3644.608236 3649.683274 3654.015724 3657.699367 3657.805478 3652.411353 3644.051671 3636.560593 3634.882815 3641.715778 3647.436081 3653.839052 3654.694992 3653.305830 3650.862238 3650.659194 3647.465680 3647.701078 3654.711903 3669.307910 3672.303631 3677.908406 3677.110235 3661.300999 3632.673991 3642.529973 3622.714972 3628.559820 3624.038991 3612.783920
3682.522757 3685.154185 3683.605723 3682.447827 3676.121261 3670.107120 3669.345848 3673.356224 3680.386645 3681.481334 3674.464736 3665.951615 3658.787266 3651.459517 3649.163209 3648.560008 3648.291429 3648.775604 3643.511477 3634.374144 3617.567480 3606.032738 3594.986063 3589.059372 3585.456456 3589.052385 3600.155525 3612.081883 3617.079966 3608.033855 3599.684594 3587.997682 3579.947047 3580.378660 3581.521130 3590.961781 3607.513306 3614.766070 3615.536972 3609.184863 3602.867771 3596.269464 3593.278145 3599.707545 3614.920858 3631.491951 3646.877224 3655.899621 3663.557260 3670.593211 3669.473923 3672.077092 3673.509490 3671.487135 3674.133083
3676.771985 3669.849892 3662.939192 3657.699386 3651.280236 3645.984402 3644.196476 3646.155235 3648.214974 3644.233966 3637.885589 3627.951087 3617.025158 3607.409197 3599.995063 3601.039182 3603.413548 3605.048093 3597.906909 3582.722960 3565.063019 3551.673244 3537.883113 3533.994229 3528.237996 3520.931122 3531.085697 3550.551457 3557.818546 3542.002452 3531.240779 3516.172769 3509.540757 3505.632696 3506.470784 3515.411039 3537.614905 3561.228565 3563.205983 3552.349688 3541.569282 3536.797465 3533.588235 3538.292499 3555.022140 3575.621241 3591.485489 3601.756453 3607.055279 3614.812012 3624.160454 3638.193093 3652.803548 3664.980234 3669.980946
3651.884680 3644.173055 3636.571994 3629.029212 3622.205923 3616.095695 3611.888499 3609.984471 3606.249597 3600.261316 3593.352737 3573.423591 3561.176302 3548.518425 3533.886740 3530.180257 3525.688812 3526.938767 3515.606046 3507.548247 3491.037957 3475.824867 3460.343092 3447.368295 3441.710076 3435.151478 3434.011892 3447.647498 3456.126855 3446.328594 3436.621238 3425.821146 3421.180063 3417.830504 3420.242439 3430.631038 3450.337229 3468.614278 3476.835945 3469.387921 3467.676522 3467.385330 3465.742642 3471.854505 3482.803460 3500.720155 3522.775293 3541.281829 3550.970543 3557.795439 3566.968163 3581.266672 3595.247233 3609.442282 3627.239704
3621.586442 3612.397409 3602.611752 3593.055314 3582.727164 3572.340462 3566.022054 3568.678762 3562.768959 3557.251691 3535.420249 3481.405895 3460.853534 3442.286579 3426.410833 3420.018266 3411.912092 3396.698959 3388.196945 3383.707089 3385.272462 3371.363305 3354.161323 3336.767201 3331.965580 3328.464412 3311.883436 3308.081639 3308.853411 3324.126138 3318.002758 3316.402275 3317.990012 3315.592403 3317.006808 3329.773657 3337.742311 3343.482425 3350.085760 3354.268516 3364.348206 3371.959995 3381.455259 3398.213827 3409.019500 3424.219243 3444.319279 3469.464346 3484.468310 3493.731822 3503.940351 3519.021617 3535.007740 3552.501389 3574.678946
3587.299457 3571.172533 3556.872991 3542.819790 3530.363429 3517.799866 3502.487497 3504.509329 3502.503916 3492.676035 3439.326408 3398.844079 3365.641089 3348.778595 3325.692577 3312.708967 3297.140416 3260.055995 3243.203458 3242.621160 3256.979154 3253.273510 3238.108444 3226.289930 3217.168858 3208.166825 3190.946808 3173.014972 3179.035534 3197.072400 3197.679301 3200.698175 3208.299648 3207.684444 3201.170012 3198.948547 3211.004574 3216.496435 3227.384900 3244.357279 3248.966801 3264.532845 3297.330599 3309.838344 3324.447116 3342.495728 3362.539306 3384.108010 3406.045234 3419.633285 3434.378992 3452.464538 3468.790124 3488.785278 3511.097833
3537.345632 3506.896938 3486.268134 3469.313709 3450.714047 3424.683318 3405.040562 3403.158622 3397.322389 3369.474366 3318.281210 3282.932364 3259.658235 3238.429556 3215.945827 3193.163736 3158.293259 3124.356739 3103.124623 3118.535582 3129.825495 3141.009911 3129.749825 3119.146629 3109.785629 3092.268176 3075.728950 3059.763142 3070.685773 3079.351704 3097.669501 3104.337893 3108.228350 3113.862667 3112.359574 3101.872819 3097.228665 3105.087992 3114.686044 3126.228347 3146.834304 3180.271358 3204.401336 3221.960556 3241.793224 3259.893363 3280.674402 3303.009349 3325.021648 3341.316172 3359.029306 3376.890665 3397.179960 3415.916029 3438.409210
3458.964071 3431.273673 3405.461366 3382.929815 3352.322764 3307.201915 3293.400125 3285.053569 3264.421924 3218.459676 3177.565677 3157.847703 3144.954162 3122.454084 3102.095322 3074.261678 3041.322440 3020.087202 3000.181910 3010.838547 3021.389889 3041.340486 3032.801031 3026.102434 3023.250429 3008.233258 2995.151526 2978.992833 2985.445545 2997.513129 3020.627405 3026.508623 3030.578963 3039.780439 3038.925461 3034.262328 3016.998038 3023.555183 3033.962533 3047.922469 3078.231344 3100.319481 3122.198638 3143.188331 3161.838438 3181.510856 3202.970833 3225.174615 3250.568410 3269.251892 3287.421669 3308.132763 3326.644837 3340.631567 3356.582470
3352.707416 3329.273670 3310.224737 3286.846889 3245.339990 3202.420691 3164.145685 3138.996187 3088.590343 3054.952083 3034.708164 3033.716197 3022.204697 3003.385054 2985.639189 2977.160367 2955.919243 2937.565245 2913.107455 2918.860155 2934.866958 2952.080285 2953.346239 2954.366110 2953.092810 2943.955396 2930.689135 2917.197708 2920.997862 2938.037777 2955.991187 2965.948929 2973.633762 2981.367139 2981.076915 2971.583573 2961.498173 2966.106874 2980.996964 2987.674192 3004.516249 3024.441056 3044.232238 3063.689143 3085.178230 3106.782341 3128.668518 3152.443123 3177.058771 3197.124110 3219.642971 3242.896274 3258.630353 3266.688417 3274.018323
3251.977055 3233.394989 3211.108789 3184.687652 3145.049200 3106.412553 3066.709696 3021.333906 2989.760124 2972.571447 2966.193607 2951.663990 2939.207345 2925.618577 2906.357534 2891.184835 2877.169394 2856.675520 2846.938820 2854.624764 2868.447301 2877.066997 2884.024420 2882.226851 2880.191897 2874.765925 2861.069710 2856.790448 2866.795294 2881.996997 2895.719517 2907.206520 2914.060111 2919.152685 2916.034674 2906.780650 2903.543981 2911.478634 2926.588619 2939.361586 2953.627817 2973.412059 2984.547697 3004.681782 3025.669755 3046.367771 3069.443033 3093.226817 3117.820149 3143.472665 3164.571891 3181.104174 3188.701005 3196.992088 3195.938435
3132.144907 3121.391664 3096.794555 3069.868069 3041.774748 3009.863112 2986.925168 2966.569522 2937.966983 2910.510724 2885.942295 2874.591241 2869.398642 2858.524100 2842.600280 2832.365599 2817.707920 2808.143681 2814.574977 2816.324396 2824.836128 2823.403830 2824.662123 2822.528766 2822.191922 2820.151950 2814.068004 2825.836740 2831.778117 2845.166418 2855.159526 2864.795269 2870.496561 2873.962635 2874.914761 2870.463100 2876.009679 2881.801941 2895.064372 2905.680613 2918.563053 2937.658494 2953.316471 2971.018360 2984.845542 3006.058823 3028.109732 3052.086174 3078.362709 3101.317707 3117.580847 3122.946069 3130.712303 3130.961450 3118.781996
