tests/Borden05m/data_simulated/sim_1/output-maps/psiliqL0024N0007.asc
ncols         160
nrows         34
xllcorner     620200.000000
yllcorner     5168000.000000
cellsize      0.500000
NODATA_value  -9999.0
[rows 0 to 24 of 34, columns 0 to 54 of 160]
-9999.0 -9999.0 -9999.0 -9999.0 -9999.0 -9999.0 -9999.0 -9999.0 -9999.0 -9999.0 -9999.0 -9999.0 -9999.0 -9999.0 -9999.0 -9999.0 -9999.0 -9999.0 -9999.0 -9999.0 -9999.0 -9999.0 -9999.0 -9999.0 -9999.0 -9999.0 -9999.0 -9999.0 -9999.0 -9999.0 -9999.0 -9999.0 -9999.0 -9999.0 -9999.0 -9999.0 -9999.0 -9999.0 -9999.0 -9999.0 -9999.0 -9999.0 -9999.0 -9999.0 -9999.0 -9999.0 -9999.0 -9999.0 -9999.0 -9999.0 -9999.0 -9999.0 -9999.0 -9999.0 -9999.0
-9999.0 -9999.0 -9999.0 -9999.0 -9999.0 -9999.0 -9999.0 -9999.0 -9999.0 -9999.0 -9999.0 -9999.0 -9999.0 -9999.0 -9999.0 -9999.0 -9999.0 -9999.0 -9999.0 -9999.0 -9999.0 -9999.0 -9999.0 -9999.0 -9999.0 -9999.0 -9999.0 -9999.0 -9999.0 -9999.0 -9999.0 -9999.0 -9999.0 -9999.0 -9999.0 -9999.0 -9999.0 -9999.0 -9999.0 -9999.0 -9999.0 -9999.0 -9999.0 -9999.0 -9999.0 -9999.0 -9999.0 -9999.0 -9999.0 -9999.0 -9999.0 -9999.0 -9999.0 -9999.0 -9999.0
-9999.0 -9999.0 -9999.0 -9999.0 -9999.0 -9999.0 -9999.0 -9999.0 -9999.0 -9999.0 -9999.0 -9999.0 -9999.0 -9999.0 -9999.0 -9999.0 -9999.0 -9999.0 -9999.0 -9999.0 -9999.0 -9999.0 -9999.0 -9999.0 -9999.0 -9999.0 -9999.0 -9999.0 -9999.0 -9999.0 -9999.0 -9999.0 -9999.0 -9999.0 -9999.0 -9999.0 -9999.0 -9999.0 -9999.0 -9999.0 -9999.0 -9999.0 -9999.0 -9999.0 -9999.0 -9999.0 -9999.0 2876.688974 2859.480273 2845.707455 2841.217115 2862.296419 2885.236018 2908.868220 2929.220988
-9999.0 -9999.0 -9999.0 -9999.0 -9999.0 -9999.0 -9999.0 -9999.0 -9999.0 -9999.0 -9999.0 -9999.0 -9999.0 -9999.0 -9999.0 -9999.0 -9999.0 -9999.0 -9999.0 -9999.0 -9999.0 -9999.0 -9999.0 -9999.0 -9999.0 -9999.0 -9999.0 -9999.0 -9999.0 -9999.0 -9999.0 -9999.0 -9999.0 -9999.0 -9999.0 -9999.0 -9999.0 -9999.0 -9999.0 -9999.0 2927.074620 2932.926700 2932.782194 2922.746455 2911.330338 2897.725832 2877.122430 2859.861569 2846.501232 2844.409661 2846.733372 2849.522986 2870.210350 2895.313831 2914.991296
-9999.0 -9999.0 -9999.0 -9999.0 -9999.0 -9999.0 -9999.0 -9999.0 -9999.0 -9999.0 -9999.0 -9999.0 -9999.0 -9999.0 -9999.0 -9999.0 -9999.0 -9999.0 -9999.0 -9999.0 -9999.0 -9999.0 -9999.0 -9999.0 -9999.0 -9999.0 -9999.0 -9999.0 -9999.0 -9999.0 -9999.0 -9999.0 -9999.0 -9999.0 2835.127897 2852.007680 2869.798460 2888.181679 2904.978079 2911.886256 2917.642550 2922.928236 2918.217439 2913.619431 2901.804650 2880.853845 2861.394026 2848.381077 2847.145972 2844.559253 2847.992674 2859.438096 2875.807624 2890.674923 2910.963861
-9999.0 -9999.0 -9999.0 -9999.0 -9999.0 -9999.0 -9999.0 -9999.0 -9999.0 -9999.0 -9999.0 -9999.0 -9999.0 -9999.0 -9999.0 -9999.0 -9999.0 -9999.0 -9999.0 -9999.0 -9999.0 -9999.0 -9999.0 -9999.0 -9999.0 -9999.0 -9999.0 -9999.0 2841.175116 2835.141016 2830.159048 2828.428361 2826.819417 2825.680489 2832.217378 2843.264909 2860.214230 2882.041380 2895.093764 2902.173534 2908.864162 2909.069545 2903.068102 2901.091869 2901.324817 2888.521305 2876.067475 2864.392240 2852.972723 2849.754605 2858.417477 2872.313520 2888.173445 2902.410038 2917.290130
-9999.0 -9999.0 -9999.0 -9999.0 -9999.0 -9999.0 -9999.0 -9999.0 -9999.0 -9999.0 -9999.0 -9999.0 -9999.0 -9999.0 -9999.0 -9999.0 -9999.0 -9999.0 -9999.0 -9999.0 -9999.0 -9999.0 -9999.0 2811.712348 2816.627402 2822.993740 2830.463542 2831.251314 2827.712217 2822.141332 2819.223666 2817.570972 2815.122226 2819.395244 2826.251630 2838.964643 2853.957533 2875.861807 2883.815135 2887.988142 2899.118531 2902.370433 2909.582837 2913.149396 2910.909647 2906.599987 2891.614914 2879.932710 2882.037384 2885.835896 2892.209252 2900.006218 2912.947918 2926.344850 2941.318171
-9999.0 -9999.0 -9999.0 -9999.0 -9999.0 -9999.0 -9999.0 -9999.0 -9999.0 -9999.0 -9999.0 -9999.0 -9999.0 -9999.0 -9999.0 -9999.0 -9999.0 -9999.0 -9999.0 2787.701408 2788.660728 2790.007908 2794.703210 2794.690157 2796.316751 2802.890243 2810.669311 2813.243837 2810.833201 2809.511217 2810.536199 2812.767983 2816.866381 2826.973791 2839.909307 2853.314641 2865.674273 2885.755154 2899.568935 2911.420162 2926.156620 2925.905382 2921.716946 2919.490675 2918.919821 2916.947799 2915.556092 2914.514052 2920.061010 2920.678311 2923.926673 2932.384698 2943.374748 2959.342406 2976.325637
-9999.0 -9999.0 -9999.0 -9999.0 -9999.0 -9999.0 -9999.0 -9999.0 -9999.0 -9999.0 -9999.0 -9999.0 -9999.0 -9999.0 -9999.0 -9999.0 2776.482222 2778.585327 2781.371575 2787.283779 2791.387486 2795.884560 2803.272541 2783.611620 2786.077109 2792.750578 2796.816651 2805.563029 2813.381135 2819.910846 2825.120485 2826.861164 2832.712658 2841.116752 2851.684739 2864.800773 2884.091386 2906.601115 2921.403119 2937.177440 2953.492890 2953.240207 2950.824546 2950.417123 2948.419945 2949.523675 2963.461616 2966.188225 2961.110669 2970.981488 2982.217659 2984.461469 2983.827934 3002.203836 3023.463592
-9999.0 -9999.0 -9999.0 -9999.0 -9999.0 -9999.0 -9999.0 -9999.0 -9999.0 -9999.0 -9999.0 -9999.0 -9999.0 2726.420061 2730.809943 2741.464635 2753.076520 2756.566651 2761.987490 2769.162307 2781.872700 2786.079418 2792.560602 2800.163242 2788.093751 2795.729304 2803.843367 2814.786520 2821.984905 2828.041879 2833.539212 2835.843428 2846.523410 2859.596637 2873.030094 2891.139858 2911.864580 2929.449470 2946.663917 2961.825194 2972.777349 2969.955242 2968.197960 2969.439318 2973.584633 2979.855287 2995.372251 2996.035082 3005.878309 3025.544605 3035.121895 3042.015579 3047.300053 3059.933548 3080.239075
-9999.0 -9999.0 -9999.0 -9999.0 -9999.0 -9999.0 -9999.0 -9999.0 -9999.0 -9999.0 2696.891349 2698.965947 2695.925880 2694.213139 2700.543393 2713.547610 2728.665214 2735.053089 2747.682867 2769.632637 2788.775444 2792.450682 2805.990717 2790.292725 2795.449083 2804.362961 2816.136936 2827.108152 2841.444607 2851.901474 2859.804397 2875.274423 2889.702136 2904.455524 2920.307634 2939.222245 2954.408934 2977.478994 2995.676167 3003.496584 3019.940665 3022.944954 3017.879310 3015.205678 3023.136060 3033.707974 3048.280075 3063.973886 3081.666334 3102.887504 3113.282295 3125.298358 3133.568122 3143.222899 3157.559532
-9999.0 -9999.0 -9999.0 -9999.0 -9999.0 -9999.0 -9999.0 -9999.0 2671.037193 2679.523589 2685.684875 2683.146914 2679.428373 2674.687373 2690.051375 2706.392409 2723.088180 2742.109865 2758.449059 2777.224601 2791.428300 2806.803446 2798.378599 2807.429202 2816.999909 2830.786867 2842.574676 2856.407925 2875.548955 2882.855265 2893.540289 2911.792936 2926.336066 2941.887973 2958.653928 2973.886790 2987.582733 3016.525646 3044.202333 3060.071722 3084.883815 3101.737706 3095.880436 3093.860140 3094.636633 3116.843954 3142.264564 3170.216685 3188.386184 3211.289205 3238.558320 3256.331877 3265.063304 3275.667670 3288.974613
-9999.0 -9999.0 -9999.0 -9999.0 -9999.0 -9999.0 2641.287821 2666.149066 2682.052082 2674.316603 2661.745447 2657.778924 2652.975302 2683.582995 2706.973914 2725.364927 2743.112175 2761.558334 2778.446107 2787.587491 2788.217742 2805.789204 2816.507652 2829.430573 2842.624486 2855.768651 2870.869713 2891.166077 2908.057263 2929.852921 2946.411890 2962.811564 2979.304846 2995.251707 3010.842170 3023.737228 3050.223390 3083.691945 3117.035712 3140.860375 3164.469843 3193.822834 3194.034822 3195.705356 3197.549687 3219.632927 3251.825710 3280.603957 3311.741580 3341.620476 3368.686459 3378.717632 3387.314335 3396.849390 3408.903348
-9999.0 -9999.0 -9999.0 -9999.0 2607.433579 2628.656568 2648.200385 2679.081288 2702.037570 2698.078817 2704.007836 2703.615526 2700.912502 2707.055403 2716.366520 2735.075503 2755.348993 2775.769705 2790.807670 2786.541520 2830.690867 2841.349859 2858.572726 2887.133017 2897.359832 2910.298691 2924.671134 2944.294839 2962.808909 2983.484554 3017.742598 3046.749850 3067.216772 3085.558796 3103.490233 3119.918984 3153.092388 3187.950679 3222.306490 3252.995479 3279.286385 3304.071429 3311.081979 3315.804560 3325.378364 3341.433671 3362.952082 3389.533725 3421.737961 3453.012642 3475.975286 3485.459235 3490.729068 3499.961834 3507.627555
-9999.0 -9999.0 -9999.0 2553.685398 2593.032520 2632.874349 2659.503453 2690.765109 2724.169719 2726.284121 2736.467078 2738.784819 2740.133749 2747.750643 2753.662941 2771.848653 2791.069088 2811.233240 2796.555776 2828.489757 2857.493342 2876.391223 2903.600472 2920.379254 2933.682940 2945.909163 2963.121315 2982.603385 3010.996800 3040.416315 3085.450738 3134.773819 3166.290824 3184.728488 3205.630645 3231.654579 3255.418678 3292.208049 3325.175011 3356.339222 3385.795942 3407.586876 3422.036310 3426.646935 3435.558074 3441.369269 3454.161715 3474.581661 3496.140455 3525.713161 3554.119214 3581.407848 3595.886959 3606.280479 3622.700564
-9999.0 -9999.0 2505.227274 2544.644906 2576.838854 2624.943774 2678.907909 2715.047761 2756.076605 2777.422807 2783.101540 2796.518546 2784.463529 2785.450077 2794.583745 2807.113109 2827.178136 2834.606292 2852.551185 2870.051699 2908.291132 2943.169777 2943.072783 2976.149065 3005.094459 3034.980875 3053.968116 3079.089642 3114.603783 3148.568810 3191.548125 3239.759624 3273.524893 3300.807257 3315.660045 3334.533328 3354.260752 3378.881479 3413.836426 3439.318280 3471.477348 3496.221853 3515.588710 3517.207056 3519.935212 3535.429725 3562.215491 3591.289361 3618.611528 3645.833142 3634.544585 3654.922884 3664.012837 3669.084345 3677.058553
-9999.0 -9999.0 2475.588112 2522.091215 2558.114286 2618.613650 2704.981881 2741.145187 2782.925459 2811.145702 2824.721393 2845.687889 2841.866703 2833.961054 2851.705310 2866.584910 2884.330439 2890.730675 2884.999742 2936.220367 2982.111383 3010.085856 3023.377302 3095.950229 3145.036541 3166.269798 3180.196896 3199.266033 3218.818882 3256.796766 3296.331655 3348.834935 3389.225961 3418.124575 3432.012100 3450.621131 3469.332334 3484.120202 3502.719215 3546.862300 3579.738403 3608.709645 3638.831683 3659.409442 3667.221114 3671.590013 3649.254053 3666.256222 3677.786419 3682.759322 3684.693605 3680.976640 3680.370536 3681.150120 3682.079307
-9999.0 2382.715231 2435.360856 2486.694746 2552.401013 2615.861284 2693.577731 2770.706556 2819.005915 2868.712529 2893.663241 2889.577358 2895.818650 2923.197252 2942.742339 2960.234294 2964.299750 2972.527994 2954.572207 2998.529578 3035.916312 3088.451387 3187.138551 3243.251557 3300.855648 3297.190987 3286.154932 3291.798553 3308.416948 3352.897884 3427.690433 3480.609936 3542.283883 3588.161708 3603.991014 3610.641531 3628.380035 3648.277280 3604.798956 3642.938424 3660.404440 3674.978507 3682.623948 3684.632718 3685.754628 3685.545713 3681.930349 3675.035966 3666.949299 3661.171742 3656.984929 3652.482302 3654.913221 3658.229765 3658.548547
-9999.0 2344.856643 2402.814181 2472.180322 2540.898833 2592.659309 2680.365220 2827.547039 2886.876757 2923.534953 2931.318261 2915.109262 2975.326423 3030.520154 3055.061488 3098.350498 3083.627643 3068.332094 3034.962364 3060.055621 3099.175843 3168.087166 3330.607926 3416.489715 3462.222126 3470.087248 3471.550402 3498.646150 3540.285000 3584.352424 3626.506739 3601.220597 3645.086104 3666.577089 3671.068015 3671.696650 3676.518615 3675.222866 3673.557755 3669.210413 3664.123678 3664.273218 3668.741670 3668.569394 3665.651020 3662.345555 3656.692533 3649.267655 3644.021511 3639.401189 3636.730883 3633.869008 3631.990375 3631.419691 3626.715801
-9999.0 2306.323604 2380.737831 2440.359264 2490.411484 2586.497698 2717.223633 2844.195609 2938.462014 2971.932247 2956.933226 2993.662891 3093.722258 3195.314655 3245.598499 3265.999385 3249.685548 3205.753725 3189.191935 3231.408983 3299.024682 3411.148553 3538.646425 3631.953401 3646.120330 3649.115369 3606.643006 3629.495973 3650.677776 3653.191315 3654.185887 3661.069095 3666.062461 3668.906647 3667.369224 3664.484103 3659.702142 3651.573593 3646.749832 3643.135044 3639.410248 3638.355867 3640.436928 3642.128659 3639.361727 3635.490081 3631.021704 3625.440503 3619.181421 3612.469327 3608.240737 3604.059313 3601.959133 3596.599218 3593.007962
-9999.0 2186.796168 2282.133804 2325.449380 2407.019178 2594.136289 2724.418521 2850.393818 3008.166136 3030.243635 3079.159050 3212.164172 3326.427981 3403.481029 3432.940956 3466.424516 3490.522056 3506.769075 3541.910460 3436.949958 3511.297136 3599.544624 3639.392836 3656.672459 3664.609330 3664.939695 3655.342141 3634.809192 3624.127999 3617.377927 3618.983532 3626.226172 3631.003844 3635.873038 3633.596078 3634.548364 3635.438664 3632.164454 3628.198725 3619.584873 3611.790203 3605.262431 3602.252704 3607.030495 3602.355657 3599.879970 3593.768794 3585.460678 3576.632890 3569.279343 3561.435659 3554.921671 3552.669789 3547.656024 3546.497043
-9999.0 2105.968134 2179.387519 2244.095771 2359.672562 2524.473615 2627.394827 2788.346367 3001.176954 3131.405350 3285.462667 3370.874964 3439.914776 3483.822282 3534.812739 3584.203761 3609.509945 3619.939051 3592.304314 3611.479119 3570.188197 3559.377955 3576.311184 3604.439865 3620.531436 3624.422174 3616.406947 3606.969872 3599.725352 3598.600913 3596.566684 3592.923512 3589.193923 3585.833748 3582.692650 3585.467169 3590.624285 3583.696631 3573.756545 3564.558107 3556.258315 3547.220544 3541.369979 3536.954863 3537.098550 3537.321432 3529.789333 3519.409725 3508.702159 3500.529392 3493.354662 3488.770553 3486.222509 3481.374623 3472.176170
-9999.0 1989.198481 2120.439802 2199.773983 2298.827638 2429.768610 2538.559695 2693.841045 2806.609153 3042.117865 3183.974234 3358.602010 3405.226431 3471.390093 3519.598461 3590.167810 3586.338175 3554.749848 3513.036829 3496.586471 3506.075487 3514.604141 3523.209392 3538.139484 3555.397063 3565.189971 3569.528467 3563.172195 3549.046140 3537.110724 3526.753292 3513.750807 3504.755449 3502.489352 3505.934656 3515.409349 3516.220044 3506.981334 3493.121125 3475.339361 3460.071293 3448.532038 3446.409163 3448.967491 3449.923673 3446.019189 3440.141395 3429.555182 3417.118389 3404.973001 3399.137796 3394.761057 3387.605395 3376.795234 3365.327375
-9999.0 -9999.0 2036.348858 2145.328829 2241.206663 2354.436511 2448.619199 2571.839937 2715.862923 2864.552849 2976.689136 3145.532832 3234.714883 3277.675916 3313.248783 3367.557348 3390.711772 3418.962844 3410.703561 3420.466237 3429.114290 3433.957906 3439.467311 3445.785005 3456.396589 3465.969930 3475.562324 3472.788226 3463.882663 3443.978598 3419.287757 3400.133175 3389.957581 3381.137734 3392.726448 3405.032963 3399.996920 3393.175976 3380.733630 3364.751985 3352.196915 3338.138118 3334.692256 3334.737575 3335.315321 3333.004143 3330.271878 3317.963429 3305.783534 3295.748619 3291.656224 3286.148695 3282.462775 3272.735379 3262.263489
-9999.0 -9999.0 1948.562145 2053.425143 2157.585020 2276.168738 2363.317869 2388.097841 2528.548680 2637.293235 2747.212628 2823.997124 2916.724982 2979.101163 3012.605299 3072.808665 3125.201468 3142.309404 3177.575107 3226.218306 3258.179548 3294.726250 3316.266473 3325.784668 3338.142400 3352.074191 3359.548151 3344.886152 3333.671319 3316.742514 3293.840850 3267.934038 3254.777738 3253.808548 3253.446246 3255.638434 3248.428485 3239.476185 3225.176339 3211.095134 3198.892313 3189.675105 3186.097445 3181.003051 3178.971624 3176.338415 3174.549686 3169.637274 3161.097386 3156.206765 3148.235693 3144.359573 3143.415805 3140.018111 3134.037799
