tests/Borden05m/data_simulated/sim_1/output-maps/psiliqL0029N0019.asc
ncols         160
nrows         34
xllcorner     620200.000000
yllcorner     5168000.000000
cellsize      0.500000
NODATA_value  -9999.0
[rows 0 to 24 of 34, columns 55 to 109 of 160]
-9999.0 -9999.0 -9999.0 -9999.0 -9999.0 -9999.0 -9999.0 -9999.0 -9999.0 -9999.0 -9999.0 -9999.0 -9999.0 -9999.0 -9999.0 -9999.0 -9999.0 -9999.0 -9999.0 -9999.0 -9999.0 -9999.0 -9999.0 -9999.0 -9999.0 -9999.0 -9999.0 -9999.0 -9999.0 -9999.0 -9999.0 -9999.0 -9999.0 -9999.0 -9999.0 -9999.0 -9999.0 -9999.0 -9999.0 -9999.0 -9999.0 -9999.0 -9999.0 -9999.0 -9999.0 -9999.0 -9999.0 -9999.0 -9999.0 -9999.0 -9999.0 -9999.0 -9999.0 -9999.0 -9999.0
-9999.0 -9999.0 -9999.0 -9999.0 3997.335420 3992.078598 3987.420444 3983.001913 3974.584363 3965.260383 3957.533758 3953.308020 3952.088487 3951.233620 3950.534460 3955.284919 3963.317770 3970.884454 3977.652686 3980.025929 3982.310010 3984.034393 3984.168384 3983.010812 3979.730611 3976.329607 3972.904054 3971.127605 3963.920159 3952.836685 3944.631865 3941.948923 3946.057274 3950.357109 3952.797200 3957.801581 3968.082364 3978.611464 3987.180755 3999.880061 4007.150330 4012.522040 4014.992275 4011.000624 4007.766021 4003.729841 3997.325891 3986.201938 -9999.0 -9999.0 -9999.0 -9999.0 -9999.0 -9999.0 -9999.0
3942.311221 3960.630887 3981.825680 3984.893343 3973.035847 3967.901121 3964.783587 3963.196996 3959.090117 3950.631584 3945.538799 3940.023839 3937.170132 3937.129693 3936.924565 3940.430986 3951.274016 3958.965622 3963.416386 3966.023326 3968.868141 3966.940779 3966.045624 3965.785916 3962.827155 3959.274883 3955.844523 3953.934098 3955.601107 3947.983920 3941.850190 3937.825183 3934.552871 3937.332851 3940.082289 3944.930302 3953.999524 3961.820608 3969.727952 3985.088219 3998.430763 4004.213713 4001.643784 3997.133269 3993.295473 3985.695980 3974.760474 3964.843998 3957.145145 3951.264436 3945.949896 3939.367173 3945.894262 3954.077407 3963.282016
3925.494642 3944.664225 3965.169685 3967.644700 3957.461888 3949.840462 3942.551168 3943.119629 3946.813406 3943.626961 3938.740088 3930.262937 3940.601996 3941.484019 3942.016836 3945.104141 3946.618349 3952.129246 3954.391628 3959.643847 3968.541363 3971.301441 3971.642991 3971.594662 3969.504345 3966.147402 3964.078698 3961.207457 3955.855556 3953.852691 3953.320651 3951.769252 3955.632181 3957.147355 3960.323457 3955.099553 3959.714089 3965.966329 3972.952651 3978.221664 3984.226792 3986.402013 3983.093240 3984.018466 3975.686501 3962.081303 3952.537882 3945.341975 3946.113633 3943.257095 3935.351239 3921.429444 3930.062057 3946.355199 3951.230023
3930.068827 3938.913744 3949.167481 3951.525438 3946.453323 3948.838648 3950.629136 3951.723792 3949.757008 3946.049930 3941.068608 3950.954035 3958.943767 3960.171050 3962.412214 3966.352609 3967.464243 3956.768834 3954.750184 3961.704813 3971.122398 3976.047758 3976.143871 3975.632741 3971.493494 3970.223891 3969.988091 3968.219927 3967.350239 3968.655422 3965.621855 3968.143801 3973.553329 3976.953007 3972.328622 3964.075748 3966.643918 3975.254693 3984.598848 3992.236881 4002.273095 4012.900763 4013.471440 4009.199231 4000.796080 3988.598493 3966.370635 3949.338356 3938.364326 3930.192987 3922.941192 3926.663348 3921.617388 3936.090570 3937.968261
3913.496007 3935.063990 3954.832007 3960.192638 3954.148393 3950.700356 3949.787831 3950.354733 3949.079951 3948.902498 3956.710043 3968.008995 3978.420351 3980.195576 3981.786380 3980.244550 3973.031525 3962.646174 3960.178121 3973.019274 3989.815498 3997.524334 3996.711465 3991.475620 3993.639358 3994.089798 3995.102847 3992.092413 3992.481493 3989.131810 3993.482340 4001.176858 4009.351996 4008.092045 3995.595512 3983.027271 3983.293842 3989.381476 3997.189055 4005.073898 4015.178904 4024.121823 4019.348700 4014.627400 4007.836206 3982.875468 3961.251581 3947.524928 3947.880356 3948.788423 3944.483822 3942.758912 3942.451939 3939.078765 3939.513637
3948.396271 3967.178134 3987.486966 3999.793178 3993.541887 3986.227899 3978.209276 3978.310801 3978.085474 3983.393057 3993.149852 4004.795698 4025.987626 4024.669725 4024.471236 4022.182955 4008.851241 3995.397727 3985.695873 4008.778105 4020.012157 4026.808000 4023.196788 4027.176976 4035.523802 4032.184876 4026.303300 4013.812896 4019.260302 4024.490743 4039.681660 4047.919405 4053.557263 4048.184095 4033.606752 4026.579188 4028.806358 4036.277208 4038.304618 4047.917322 4056.295086 4071.142840 4069.555310 4067.502000 4048.119619 4010.949769 3982.690891 3971.813469 3984.482413 3979.030661 3972.649406 3973.345843 3962.939046 3956.596863 3959.743578
3977.780604 3990.324193 4006.204533 4022.449960 4012.696432 4002.720820 3985.525960 3981.836557 3985.289700 3995.563162 4012.830698 4029.780639 4048.916073 4045.468192 4036.708559 4046.441493 4039.363950 4028.183951 4020.853982 4044.743095 4054.426837 4064.354279 4069.187914 4081.876016 4092.103558 4073.975040 4055.723670 4044.095554 4051.585131 4078.637553 4102.337528 4107.117708 4105.688620 4104.331479 4087.505334 4083.055141 4080.387937 4081.995026 4080.069180 4078.662304 4105.647619 4128.325791 4128.327680 4107.008313 4084.340880 4043.667471 4005.607004 3982.825952 3998.741637 3995.029499 3999.146335 3989.992521 3978.969001 3973.828951 3972.844697
4023.676693 4043.826762 4059.509605 4081.795425 4070.564510 4046.146029 4028.357176 4030.587819 4044.519688 4052.991877 4072.414138 4088.130270 4112.857354 4123.070658 4132.681941 4136.688670 4130.007105 4121.590304 4109.856462 4116.868371 4142.497879 4154.161260 4162.041460 4169.977170 4182.757744 4181.964698 4174.042157 4171.905399 4176.599494 4191.667065 4207.510188 4214.329862 4216.876947 4218.815573 4203.309401 4189.711036 4188.689882 4183.943252 4183.931481 4183.485784 4196.962317 4219.660645 4216.014622 4176.747406 4149.608728 4113.444392 4074.294211 4044.983067 4041.088432 4062.854457 4062.452008 4046.381270 4037.682419 4013.474132 4010.712095
4090.171203 4122.988624 4147.013185 4156.580417 4162.953817 4146.063393 4143.332141 4147.772141 4156.659879 4159.593117 4165.952480 4198.673082 4232.579805 4256.919615 4279.635608 4286.658320 4273.941879 4264.192451 4250.305146 4241.678596 4254.465987 4272.565691 4290.615222 4305.482347 4316.923935 4318.665368 4317.003127 4317.025665 4320.449492 4323.500277 4328.189766 4337.311133 4345.118401 4353.502027 4360.840468 4349.239222 4332.093772 4323.479172 4315.494599 4315.619777 4317.595647 4322.665667 4323.856387 4304.664282 4259.654370 4226.810119 4194.155026 4176.268557 4164.422151 4166.994379 4148.629015 4123.347624 4070.062980 4032.895555 4001.952472
4173.874546 4219.532218 4249.034676 4265.020018 4277.509024 4273.361832 4275.344123 4276.228229 4279.688701 4281.594245 4283.472970 4311.690969 4354.856385 4395.329319 4427.379937 4426.405463 4411.616783 4400.066784 4391.291097 4375.953582 4371.900870 4385.889838 4402.550717 4424.089616 4434.371664 4439.619718 4435.651003 4435.837258 4438.028735 4440.493752 4442.766274 4446.894260 4457.319415 4473.359345 4488.805457 4487.425601 4466.869443 4448.515371 4432.688583 4431.307551 4429.641882 4424.783639 4427.558631 4429.565261 4411.177904 4377.798901 4336.340082 4295.828734 4280.988717 4266.830578 4255.978394 4238.255484 4193.325671 4122.062810 4079.781632
4290.279962 4326.864764 4356.425728 4387.233217 4401.500298 4402.609220 4399.522799 4397.761308 4404.939750 4406.960471 4411.668164 4428.524799 4463.388116 4501.142193 4532.080772 4547.257519 4538.424423 4518.954049 4495.302534 4484.191499 4480.834099 4484.952085 4495.379643 4509.714814 4530.533383 4551.120447 4557.059730 4557.998301 4555.239800 4557.798379 4559.518653 4559.667771 4563.156722 4572.799837 4583.553652 4587.175595 4578.468925 4555.778257 4531.105550 4520.379742 4514.311806 4511.066770 4512.770355 4518.863403 4522.915266 4506.923476 4468.829107 4421.838652 4392.137293 4378.239654 4365.763904 4351.032121 4337.654422 4300.450226 4278.016512
4401.584813 4417.724021 4447.309903 4477.260520 4499.900546 4514.435796 4514.036574 4516.535940 4521.486560 4528.320516 4543.504021 4568.403587 4589.248547 4613.903423 4642.406337 4659.987453 4665.206786 4662.959473 4658.032233 4659.059183 4659.480405 4584.740668 4592.074682 4599.401723 4619.733693 4637.557942 4644.103912 4644.862383 4641.836246 4643.924182 4644.834425 4644.653090 4644.270859 4647.350249 4653.388631 4655.696474 4652.843389 4638.226772 4661.331915 4640.181473 4626.092324 4617.540641 4609.000536 4600.690075 4591.112454 4580.904352 4559.298572 4526.671832 4491.338051 4470.939122 4463.588005 4457.189894 4447.727488 4441.507681 4423.423337
4501.501659 4512.156853 4531.503732 4555.443431 4591.872108 4617.011680 4628.940205 4638.687580 4643.470038 4658.136166 4676.033935 4656.541144 4666.454028 4676.712021 4686.904427 4690.404584 4691.406762 4690.944329 4688.482715 4687.558308 4684.876448 4681.747340 4670.922577 4672.571761 4674.669644 4677.338119 4681.154202 4680.117268 4681.294149 4684.270430 4682.416465 4676.162862 4671.906133 4670.324459 4671.502322 4679.068516 4682.690549 4683.709360 4679.563409 4678.536936 4677.348359 4673.290654 4668.224683 4661.083152 4651.947732 4670.482196 4657.600796 4627.680668 4584.625094 4540.880248 4534.702840 4537.988527 4537.419742 4535.991778 4530.184051
4633.706590 4648.216704 4663.839993 4635.438738 4662.094388 4675.735710 4682.114156 4686.788138 4689.783647 4693.606710 4690.663168 4687.775063 4682.786177 4681.095429 4679.700051 4677.218780 4677.832751 4675.941268 4671.788223 4667.535829 4659.020453 4647.105810 4635.920905 4632.000156 4636.217853 4642.053488 4647.499082 4652.378269 4656.252612 4655.911608 4650.165135 4641.477275 4633.711612 4632.121539 4639.175775 4645.019236 4651.999919 4652.952278 4651.545344 4648.877746 4648.473898 4644.912821 4645.029088 4652.363221 4667.732565 4669.522077 4676.563972 4675.561146 4655.698252 4619.730732 4637.231813 4616.879631 4623.569360 4618.786784 4607.194489
4681.461458 4684.767613 4682.822107 4681.936512 4675.369866 4669.177678 4668.351974 4672.418895 4679.554575 4680.527397 4673.375774 4664.597719 4657.170716 4649.423071 4646.935392 4646.546776 4646.381114 4646.979168 4641.613964 4631.715783 4614.004648 4602.312209 4591.207476 4585.240600 4580.818932 4583.798509 4595.566518 4608.650904 4613.856197 4603.677783 4594.823529 4582.534865 4574.391741 4574.900711 4575.559172 4585.302629 4603.213507 4611.777218 4612.635487 4605.711079 4598.571628 4591.660903 4588.276960 4594.680542 4610.294725 4627.776605 4644.229912 4653.840069 4661.809949 4669.239704 4665.994968 4669.265619 4671.065296 4668.524390 4672.874495
4676.279736 4669.103248 4661.925653 4656.473088 4650.000341 4644.749178 4642.815630 4644.479142 4646.069661 4641.644791 4635.255829 4625.171132 4613.943736 4604.098027 4595.913624 4596.951113 4599.331704 4601.180282 4593.505450 4577.668957 4559.501051 4545.841926 4531.846669 4527.860709 4521.577311 4512.779026 4522.791224 4543.461049 4551.253077 4534.250796 4522.968164 4507.354571 4500.965547 4496.657992 4497.218632 4506.066595 4529.571340 4555.367921 4557.793375 4546.443053 4535.147058 4530.497797 4527.168105 4531.365650 4547.918450 4569.323151 4586.098988 4597.016416 4602.407225 4610.239992 4619.744462 4634.831928 4650.352763 4663.279824 4666.875611
4650.546965 4642.716919 4634.974575 4627.233696 4620.263369 4613.955405 4609.554034 4607.551525 4603.110339 4596.840448 4589.665268 4566.856223 4554.132562 4540.721628 4525.217914 4521.043260 4515.556778 4516.360708 4504.609488 4497.195953 4481.193006 4465.735537 4449.995959 4435.661083 4429.900876 4422.891398 4419.380292 4432.294263 4440.570957 4432.188561 4422.643428 4412.622775 4408.591646 4405.213989 4407.908361 4418.481108 4437.368326 4455.726520 4464.733043 4457.662354 4457.665855 4458.549696 4457.008818 4463.721059 4473.669559 4491.349715 4514.518836 4534.665365 4544.948423 4551.758983 4560.893985 4575.546918 4589.948370 4604.660060 4623.205555
4619.741435 4610.275473 4600.198647 4590.271351 4579.594611 4568.861506 4562.089617 4565.032908 4559.013083 4553.432679 4528.267762 4470.147036 4447.857183 4428.365674 4411.611900 4404.385659 4395.451968 4376.648586 4367.989972 4364.031068 4368.856919 4355.234245 4337.611846 4319.364252 4314.512323 4311.132677 4291.147268 4283.658525 4283.398001 4303.456367 4297.798955 4297.959848 4301.151792 4298.838850 4299.586715 4312.154171 4318.672198 4322.790091 4329.879497 4336.788983 4348.733253 4357.642818 4370.068545 4387.908626 4398.271844 4413.160922 4433.432540 4459.997710 4476.392236 4486.082105 4496.482353 4511.861470 4528.087432 4546.140751 4568.794653
4584.616307 4567.155729 4552.148541 4537.574257 4524.670268 4511.580039 4494.756997 4496.774468 4494.847454 4483.820349 4424.516362 4383.955013 4349.402054 4332.281419 4307.929100 4293.504252 4275.312292 4232.958932 4214.407301 4215.607065 4233.518431 4231.889959 4217.076537 4205.831644 4195.983964 4185.747248 4166.480035 4144.574607 4151.103643 4171.624586 4174.328085 4179.318212 4188.457955 4188.384083 4180.659671 4175.380014 4186.753624 4191.487219 4203.262234 4223.088498 4228.383008 4247.383867 4283.776870 4296.562510 4311.733562 4329.747276 4349.859620 4371.908239 4395.335206 4409.750578 4425.205071 4443.636443 4460.347855 4480.623561 4503.069838
4532.250660 4500.009907 4478.266206 4460.487734 4440.636093 4411.597759 4391.515684 4389.110643 4382.983478 4350.627921 4296.136234 4261.746511 4240.127658 4218.269347 4195.428599 4169.916504 4129.134507 4093.212579 4070.794386 4089.854015 4102.420023 4117.532901 4106.963116 4096.832138 4087.422897 4068.007271 4050.681891 4032.681176 4044.547076 4053.297306 4075.837912 4083.897593 4087.968767 4095.007083 4093.484173 4080.644395 4072.179203 4080.027249 4089.801696 4102.362526 4126.645735 4164.296870 4189.262137 4207.914256 4228.376368 4246.582184 4267.457658 4290.061026 4313.141398 4330.306127 4348.456460 4366.596841 4387.299331 4405.782729 4427.914791
4448.201854 4419.847569 4393.609315 4370.230551 4336.801702 4287.909817 4273.479949 4264.248343 4239.282932 4188.035137 4146.413731 4129.969391 4120.356890 4097.590946 4077.506357 4047.829324 4013.037438 3993.003786 3972.406984 3984.172062 3995.798620 4019.000489 4011.442262 4006.191953 4004.380455 3988.954106 3975.953414 3958.893564 3964.846607 3977.849113 4003.536969 4010.241866 4014.688606 4024.970423 4024.354592 4018.955614 3998.441257 4004.501895 4015.401531 4030.413340 4062.683972 4084.615586 4106.539029 4128.376640 4147.334718 4168.398739 4189.935426 4212.369062 4238.804653 4258.153743 4276.856956 4298.073545 4316.570524 4329.378816 4343.845352
4337.005313 4313.705481 4295.197327 4271.108033 4226.120641 4181.975225 4138.776328 4108.486002 4051.487177 4016.158654 4000.584176 4005.079192 3995.308756 3977.169922 3959.716115 3941.661697 3921.717311 3904.788374 3879.888030 3886.349720 3903.794080 3922.337019 3926.413072 3929.244997 3928.668431 3920.300830 3907.111902 3893.590251 3897.467518 3915.340474 3933.826015 3944.876774 3953.027778 3960.849163 3960.375053 3949.747930 3938.944908 3943.163234 3958.699908 3974.501320 3990.526724 4010.104369 4030.001264 4049.808804 4071.664799 4093.426214 4115.423970 4139.393355 4165.547398 4186.605246 4209.641444 4233.337351 4248.342089 4255.381005 4260.592653
4233.002597 4215.230274 4192.801597 4165.155446 4122.900761 4084.165460 4044.060387 3994.253141 3961.653335 3934.561146 3932.078481 3918.955371 3908.446459 3896.488296 3877.643449 3863.463582 3851.175167 3831.146526 3824.606743 3833.242184 3847.388135 3854.960892 3863.642919 3862.321054 3860.682345 3856.085422 3842.348469 3840.413328 3851.076985 3866.254208 3879.549235 3891.606043 3898.524594 3903.201356 3899.876426 3890.144092 3887.945599 3895.849593 3910.919419 3923.413127 3936.611563 3956.053101 3974.608163 3994.987160 4016.187478 4036.817555 4059.898285 4083.713680 4108.590750 4135.054015 4156.016433 4172.466064 4179.320415 4186.984563 4183.038151
4108.325476 4099.343757 4074.117058 4046.183082 4018.865886 3988.468502 3967.221348 3937.632152 3909.336040 3882.237517 3857.711289 3848.552525 3845.152860 3834.605978 3819.965827 3810.970955 3797.188573 3790.874186 3800.042287 3801.349689 3808.811006 3806.316411 3807.882698 3806.127467 3806.127107 3805.048735 3800.844692 3814.621057 3820.831152 3833.740206 3843.424823 3853.160490 3858.642933 3861.820109 3863.188933 3859.514151 3865.888358 3871.113889 3883.861089 3894.047492 3906.075377 3924.572117 3939.975798 3957.219818 3977.841354 3999.168281 4021.220077 4045.218236 4071.675699 4094.563849 4110.022555 4114.246438 4121.266425 4119.634659 4105.123714
