tests/Borden05m/data_simulated/sim_1/output-maps/psiliqL0022N0017.asc
ncols         160
nrows         34
xllcorner     620200.000000
yllcorner     5168000.000000
cellsize      0.500000
NODATA_value  -9999.0
[rows 0 to 24 of 34, columns 55 to 109 of 160]
-9999.0 -9999.0 -9999.0 -9999.0 -9999.0 -9999.0 -9999.0 -9999.0 -9999.0 -9999.0 -9999.0 -9999.0 -9999.0 -9999.0 -9999.0 -9999.0 -9999.0 -9999.0 -9999.0 -9999.0 -9999.0 -9999.0 -9999.0 -9999.0 -9999.0 -9999.0 -9999.0 -9999.0 -9999.0 -9999.0 -9999.0 -9999.0 -9999.0 -9999.0 -9999.0 -9999.0 -9999.0 -9999.0 -9999.0 -9999.0 -9999.0 -9999.0 -9999.0 -9999.0 -9999.0 -9999.0 -9999.0 -9999.0 -9999.0 -9999.0 -9999.0 -9999.0 -9999.0 -9999.0 -9999.0
-9999.0 -9999.0 -9999.0 -9999.0 2635.416209 2630.256300 2625.702413 2621.584058 2613.789097 2605.044054 2597.569658 2594.007012 2593.470346 2593.192967 2593.173093 2598.669510 2607.187516 2615.222075 2622.487028 2624.958355 2627.565305 2629.789176 2630.350803 2629.437382 2626.494948 2623.702114 2620.512666 2619.024299 2611.579905 2600.482161 2592.089488 2589.401569 2593.617575 2597.915283 2600.289231 2605.515584 2615.770552 2626.093278 2633.875995 2645.587071 2651.649458 2656.336183 2658.430520 2653.789583 2649.843489 2645.425297 2639.275261 2627.981569 -9999.0 -9999.0 -9999.0 -9999.0 -9999.0 -9999.0 -9999.0
2580.582142 2599.595535 2620.490318 2623.917742 2612.572862 2607.803302 2604.997928 2603.661945 2599.660801 2591.632645 2587.016745 2582.102283 2580.219846 2580.772838 2581.247496 2585.580396 2596.669473 2604.968941 2609.992483 2613.032386 2616.089830 2615.156361 2614.687382 2614.648789 2611.933255 2608.545113 2605.295722 2603.596190 2604.856469 2597.357431 2591.574854 2587.831326 2585.214409 2587.758019 2590.300839 2594.386222 2603.432024 2611.114972 2618.769400 2632.821550 2645.170505 2650.129910 2646.967561 2641.600631 2637.148302 2629.456280 2618.832907 2608.484979 2599.777815 2592.895601 2586.785880 2579.783288 2585.224992 2591.861900 2600.553196
2565.402895 2585.163944 2606.101577 2609.155501 2598.944011 2591.405660 2585.576894 2586.504005 2590.242427 2587.487512 2583.294509 2576.891983 2586.891603 2588.484315 2589.862006 2593.653192 2596.525228 2601.526024 2604.441506 2610.097974 2619.239856 2622.209171 2622.876878 2623.144499 2621.374893 2618.290528 2616.506892 2613.846931 2608.699207 2607.191495 2607.071378 2606.087979 2610.343198 2611.567245 2614.210011 2608.266033 2612.222212 2618.150489 2624.545857 2630.113454 2635.916839 2638.290245 2634.337642 2633.748056 2624.584132 2610.320257 2599.658949 2591.407254 2590.438534 2586.722031 2578.034146 2563.763214 2570.798650 2585.836803 2589.710663
2572.212850 2581.807585 2593.237299 2596.379159 2591.814183 2594.259026 2596.533222 2598.407143 2597.238126 2594.479401 2591.425900 2602.966872 2611.831967 2613.812685 2616.942450 2621.434447 2622.750287 2612.133069 2610.384367 2618.191535 2627.937310 2633.392662 2633.758900 2633.656312 2630.632968 2629.659172 2629.528050 2627.727079 2627.689051 2629.564784 2627.888625 2631.338296 2636.871761 2640.485663 2633.843721 2625.032819 2626.669492 2634.759905 2643.863332 2651.085402 2660.890222 2671.191580 2670.336226 2664.677390 2655.156975 2641.492319 2617.812066 2599.029855 2587.218042 2578.595514 2570.494891 2571.619202 2566.441082 2578.499135 2579.325173
2564.763810 2584.899152 2605.614005 2612.637978 2607.275803 2603.778106 2602.737230 2604.077058 2604.134530 2606.044622 2616.543952 2629.570821 2643.238540 2646.201835 2648.808677 2648.204498 2640.040877 2630.135503 2627.540383 2641.642109 2659.307907 2667.612013 2667.674361 2664.639113 2669.061620 2668.883415 2668.852286 2665.169465 2666.403346 2665.257511 2672.079919 2679.729762 2687.382193 2685.856930 2673.387244 2661.158692 2660.451537 2664.864081 2670.460193 2677.214444 2686.823763 2695.430454 2689.757639 2683.134516 2674.028960 2646.449405 2620.720363 2605.000794 2604.002768 2603.528398 2598.187267 2594.823345 2592.137690 2586.121333 2585.175098
2607.234142 2627.777062 2649.549162 2664.265593 2659.051190 2652.226283 2644.086058 2645.207308 2647.207409 2654.499581 2666.407292 2681.313052 2704.504962 2705.682962 2707.510393 2707.817504 2696.085637 2683.732279 2673.894863 2695.021429 2706.173173 2713.815701 2712.699562 2719.421856 2728.585768 2724.880938 2718.234373 2706.900301 2712.830536 2721.023254 2736.150956 2743.687475 2748.425883 2744.755742 2731.589838 2724.992409 2725.405335 2730.274209 2729.993881 2736.872631 2745.468177 2759.662644 2757.744721 2751.764064 2730.162614 2692.347587 2660.221102 2643.297988 2652.365716 2645.066445 2636.440924 2634.023177 2620.918431 2611.495139 2612.430536
2651.048074 2667.021282 2684.919399 2702.689065 2695.956608 2686.597895 2672.062441 2670.671139 2676.754317 2687.720626 2706.452845 2726.631491 2748.403245 2750.698408 2747.601779 2756.636236 2751.687501 2742.075332 2734.865142 2753.389044 2764.183951 2773.632829 2780.543744 2793.310753 2804.211441 2790.055086 2774.778098 2766.184451 2772.733538 2796.480009 2817.226839 2822.064099 2821.677271 2821.872715 2808.379943 2802.869526 2798.379229 2796.769773 2792.783612 2789.717104 2812.096025 2831.210866 2829.650780 2806.696449 2782.811424 2744.609708 2705.996941 2677.987796 2685.545678 2681.120610 2681.782423 2668.887327 2654.686582 2643.176879 2636.171763
2716.104914 2740.985393 2759.456189 2780.564763 2775.353783 2755.318686 2742.892149 2747.100783 2761.221865 2769.829591 2788.059267 2807.990153 2836.109363 2851.667274 2865.884169 2816.803359 2864.113042 2855.834518 2843.958107 2847.340446 2869.385771 2822.473872 2828.549541 2837.625676 2850.217442 2852.234635 2846.749319 2845.406061 2849.445418 2860.912838 2873.610734 2880.288360 2883.917502 2886.235122 2875.890348 2864.014055 2861.827337 2855.496259 2852.553525 2851.171139 2859.763692 2877.187330 2874.200781 2840.968590 2816.856616 2835.351870 2796.647266 2765.608202 2754.746696 2768.532685 2763.565783 2745.658675 2731.134627 2701.252563 2691.131979
2798.069249 2832.557815 2858.605511 2817.444972 2823.958080 2812.302529 2811.436012 2815.588358 2823.632857 2827.336561 2834.167404 2866.316386 2899.067647 2925.093479 2948.124979 2953.092857 2944.195107 2934.606937 2921.709238 2912.853190 2921.791163 2935.256660 2952.475107 2967.636498 2978.961153 2981.580449 2980.168652 2980.369843 2983.204634 2986.190868 2990.085689 2997.805676 3004.642691 2990.366879 2997.952591 2990.289942 2996.746786 2987.276775 2976.862141 2974.759249 2975.201556 2977.245200 2977.833843 2963.774646 2925.167697 2897.357798 2866.528562 2844.273367 2828.763035 2827.188072 2861.125527 2836.372975 2785.686051 2747.566826 2714.112380
2840.159293 2879.956162 2908.225424 2924.567213 2937.867143 2936.690525 2938.743109 2940.286853 2944.678430 2947.914128 2951.938225 2976.644324 2992.878917 3029.800411 3060.205746 3061.011626 3048.539518 3037.447575 3027.947067 3014.666094 3010.881816 3021.966711 3036.059355 3055.043034 3065.710842 3072.784606 3069.969784 3070.258205 3071.930335 3073.903888 3075.908116 3079.040752 3087.853817 3100.624711 3114.084562 3113.870343 3097.983799 3080.749743 3064.493213 3060.778029 3057.430003 3052.387170 3054.226612 3055.920890 3042.788237 3015.101749 3000.257031 2960.066649 2940.510541 2923.711284 2914.970832 2899.530502 2866.432513 2859.324309 2821.473108
2951.265754 2982.567542 2987.972621 3016.437233 3031.996552 3035.534346 3033.609860 3033.120526 3040.021542 3043.565625 3050.268955 3066.268865 3094.405436 3127.631934 3156.207678 3171.938080 3165.205788 3148.758693 3127.976700 3119.458019 3117.002365 3120.152557 3128.822901 3140.303433 3158.628790 3176.785073 3177.095718 3177.932633 3180.493118 3177.623174 3178.733755 3178.817752 3181.209920 3188.623717 3197.707835 3200.871584 3194.317302 3180.172670 3157.956097 3145.889600 3138.903743 3135.280643 3135.541241 3139.715726 3142.056675 3128.404314 3096.656562 3054.518691 3024.073359 3007.486464 2995.668540 3005.650972 2994.346905 2968.092381 2947.869489
3034.144987 3048.653741 3074.434599 3102.198132 3124.675319 3139.592042 3140.794890 3144.368819 3149.000257 3156.841819 3171.651279 3188.133505 3205.273979 3226.160259 3251.141519 3266.285547 3271.582219 3270.415522 3267.093672 3268.440696 3268.741724 3215.406629 3220.824015 3226.210879 3240.739779 3254.208972 3258.702448 3259.246292 3257.390402 3258.720147 3259.354569 3259.312781 3258.950534 3260.668251 3264.982306 3266.631389 3264.612390 3253.891015 3268.247723 3249.108804 3236.135726 3228.190961 3220.175216 3211.955615 3202.645940 3193.341391 3180.099055 3150.847753 3117.229792 3094.920344 3086.476498 3081.900351 3074.232447 3068.945531 3052.761323
3130.616874 3141.227039 3158.508505 3180.086831 3206.360661 3228.040913 3238.998999 3247.944616 3252.520121 3265.872256 3281.501972 3267.932062 3274.995195 3282.323211 3289.604069 3292.104098 3292.819429 3292.488489 3290.149643 3289.489135 3287.276670 3283.524762 3273.347687 3274.926281 3276.756847 3279.340323 3283.000419 3281.840605 3282.908451 3285.838416 3284.152823 3278.276719 3274.343916 3272.775939 3273.632997 3280.967024 3284.352623 3285.273489 3282.519208 3281.658518 3280.810427 3277.912277 3274.292801 3269.189305 3262.660368 3274.566825 3263.489186 3236.971708 3199.319741 3165.906824 3157.148889 3157.630042 3157.835368 3156.136576 3150.629272
3243.657983 3256.686307 3270.821300 3253.468543 3272.180098 3281.907258 3286.464074 3290.145382 3292.804015 3295.390370 3292.325668 3289.211323 3284.405052 3282.937510 3281.617757 3279.210666 3279.851662 3277.966149 3273.971244 3270.100556 3262.588724 3251.299823 3240.129095 3236.850049 3241.224177 3246.677070 3251.602912 3255.716222 3259.323887 3259.609523 3254.357778 3246.131179 3238.752009 3237.041248 3243.787843 3249.461087 3255.635403 3256.455750 3255.076968 3252.726680 3252.607795 3249.564907 3249.850880 3256.734353 3271.021436 3274.489249 3279.526677 3278.808569 3264.637087 3239.278312 3246.084163 3226.473622 3231.967203 3227.536394 3216.410338
3284.055776 3286.422509 3285.036696 3283.771748 3277.531956 3271.587480 3270.849154 3274.832772 3281.815895 3282.953342 3275.984712 3267.580646 3260.514597 3253.347603 3251.120664 3250.424685 3250.108387 3250.541029 3245.312411 3236.494062 3220.374429 3208.910860 3197.881925 3191.965631 3188.684549 3192.521969 3203.355946 3214.817347 3219.731301 3211.137269 3202.990713 3191.546115 3183.535290 3183.939446 3185.279719 3194.604804 3210.619712 3217.356657 3218.101275 3211.987498 3206.009590 3199.546942 3196.723874 3203.174105 3218.221426 3234.081748 3249.023548 3257.813924 3265.349918 3272.240036 3271.971501 3274.296354 3275.579351 3273.761116 3275.721285
3278.096798 3271.277428 3264.472770 3259.315776 3252.914405 3247.605553 3245.868867 3247.936920 3250.174408 3246.360413 3240.036694 3230.491368 3219.683825 3210.141457 3203.017003 3204.046816 3206.403112 3207.938655 3201.008165 3186.405721 3174.409309 3161.304590 3147.590579 3143.697541 3138.114302 3131.372901 3141.559251 3160.524729 3167.570628 3152.225758 3141.675587 3126.835427 3120.121557 3116.395275 3117.372815 3126.385335 3148.111185 3170.902096 3172.760551 3162.172124 3151.676874 3146.903612 3143.830060 3148.818960 3165.459313 3179.922079 3195.085412 3205.103437 3210.380983 3218.121243 3227.403272 3240.660057 3254.889638 3266.768796 3272.332826
3253.551246 3245.893885 3238.344326 3230.874085 3224.121740 3218.435788 3214.304159 3212.419247 3208.943930 3203.053975 3196.569855 3183.408947 3171.507898 3159.034052 3144.631225 3140.998483 3136.802109 3138.137206 3126.893066 3118.534234 3102.051043 3086.972269 3072.860776 3060.408499 3054.732828 3048.304940 3048.068057 3061.961005 3070.501230 3060.135232 3050.365741 3039.267902 3034.405246 3031.098680 3033.442299 3043.814434 3063.911155 3082.232920 3090.234515 3082.743609 3080.420487 3078.371423 3076.723656 3082.707204 3094.150260 3111.989741 3133.695939 3151.629691 3161.200186 3168.137976 3177.176683 3185.384144 3198.852616 3212.846233 3230.342045
3223.463277 3214.730586 3205.061849 3195.645647 3185.793478 3181.358405 3175.349311 3177.762239 3171.750569 3166.106719 3145.512009 3093.352361 3074.733115 3056.400536 3040.688241 3034.453718 3026.591250 3012.660603 3004.096645 2999.294128 2999.530071 2986.769986 2992.250479 2975.613390 2970.596817 2966.837559 2951.460018 2949.022312 2950.133254 2963.447300 2957.141772 2954.879100 2955.909315 2953.611016 2955.477332 2968.562063 2977.407033 2984.152714 2990.976419 2994.525716 3003.630471 2987.133170 2994.218161 3010.681896 3021.844798 3037.343501 3057.513211 3080.835630 3095.364356 3104.607282 3114.861714 3129.632239 3145.626570 3163.007583 3184.848613
3190.168388 3180.349015 3166.471122 3152.509716 3140.157079 3127.959556 3113.120220 3114.979545 3112.767665 3103.304176 3053.449632 3014.306825 3004.790139 2988.020847 2964.672450 2951.632547 2939.081081 2903.463853 2886.680173 2884.884153 2897.416240 2892.663997 2878.239011 2866.017144 2856.923005 2848.171579 2831.568865 2815.070110 2820.804921 2837.822703 2837.615873 2839.916449 2847.017695 2846.348919 2840.531948 2839.799433 2852.473263 2858.685998 2869.720651 2886.124984 2890.923517 2901.942353 2933.772786 2946.964974 2962.207211 2981.077275 3001.176081 2998.665200 3018.812340 3032.265620 3046.897136 3063.591166 3079.850414 3099.889963 3122.277342
3146.759985 3117.217996 3096.924351 3080.219888 3063.287880 3038.300948 3018.682022 3016.766703 3010.833815 2985.806517 2957.401620 2924.302098 2900.727172 2878.942291 2855.766810 2835.946835 2851.882568 2817.237518 2795.029744 2807.686061 2817.352166 2826.039808 2813.804105 2802.300220 2792.271412 2774.911201 2758.199087 2742.703008 2753.050438 2761.625385 2778.319719 2784.625282 2788.751193 2794.241592 2793.294460 2784.448035 2782.222608 2791.168813 2802.004479 2814.662027 2835.315480 2819.359615 2841.252635 2859.242360 2879.759398 2896.198116 2917.690644 2939.750428 2962.177924 2979.112920 2996.815640 2990.689217 3009.632318 3028.671710 3051.482098
3071.636782 3044.057987 3018.259432 2997.197975 2989.942765 2946.304244 2934.440022 2925.433679 2905.440561 2860.718539 2822.948232 2848.673933 2832.794157 2808.480743 2786.010829 2756.710676 2724.213201 2701.205210 2680.241463 2689.243201 2698.293630 2716.030589 2706.313719 2698.310694 2694.387925 2678.969069 2665.408096 2649.296004 2655.783941 2667.441987 2689.626149 2695.385639 2699.618962 2708.815619 2708.412209 2704.733922 2689.622705 2697.441133 2708.966829 2724.475328 2755.540914 2778.250585 2802.083695 2825.069421 2845.884210 2818.610006 2838.498236 2861.521517 2885.098568 2904.478237 2923.400763 2943.743657 2963.192820 2978.653524 2995.371236
2990.109339 2965.933430 2945.880141 2922.159614 2884.800301 2844.222600 2853.435096 2828.134535 2777.933037 2742.194134 2718.291867 2714.624504 2700.803176 2679.840090 2659.618296 2638.234385 2615.308733 2595.464103 2570.302934 2574.973522 2589.702886 2605.771752 2605.373474 2605.193318 2603.226299 2593.432752 2579.868172 2566.211315 2569.896459 2586.614351 2604.447711 2614.133111 2621.866589 2629.871748 2630.040350 2621.475057 2612.260115 2617.743290 2633.472471 2651.444735 2670.644388 2692.373762 2714.601951 2736.264395 2759.903263 2782.774598 2807.101405 2833.283251 2812.198474 2830.553478 2853.912992 2875.610378 2892.608045 2902.156604 2911.300526
2890.190063 2870.514470 2847.462435 2823.083430 2826.569190 2786.202997 2745.659532 2699.397399 2665.395049 2634.428996 2624.996004 2608.841798 2594.461480 2579.054259 2558.572261 2541.938436 2526.388147 2504.866426 2493.051683 2499.637053 2512.694885 2521.178388 2526.961245 2524.547786 2521.988515 2515.932226 2502.028788 2496.673219 2506.382387 2521.625766 2535.619677 2547.047072 2554.108978 2559.667115 2557.001449 2548.391979 2545.289033 2553.885528 2569.737440 2583.587558 2599.296109 2620.613145 2642.732028 2665.376651 2689.011504 2712.106743 2737.778943 2764.072322 2790.118469 2818.070137 2841.770000 2814.079967 2820.732206 2830.411512 2831.691461
2811.146144 2798.011965 2771.784535 2743.029510 2713.977879 2679.697309 2653.751311 2620.942109 2590.646765 2561.636611 2535.908024 2522.555628 2515.491046 2502.129006 2484.739322 2473.222096 2457.455391 2445.852669 2450.517916 2451.839458 2460.238051 2458.755156 2459.475937 2456.833722 2456.062263 2453.395679 2446.382139 2457.275245 2464.044902 2477.703955 2487.925367 2497.688580 2503.721606 2507.594598 2508.734056 2504.400098 2510.134129 2516.762524 2530.922037 2542.471247 2556.613418 2576.980122 2594.022203 2613.443722 2637.257649 2661.118642 2686.052240 2712.674531 2741.400774 2767.043778 2786.155827 2793.539655 2804.235211 2808.101361 2799.801284
