tests/Borden05m/data_simulated/sim_1/output-maps/psiliqL0010N0012.asc
ncols         160
nrows         34
xllcorner     620200.000000
yllcorner     5168000.000000
cellsize      0.500000
NODATA_value  -9999.0
[rows 0 to 25 of 34, columns 0 to 56 of 160]
-9999.0 -9999.0 -9999.0 -9999.0 -9999.0 -9999.0 -9999.0 -9999.0 -9999.0 -9999.0 -9999.0 -9999.0 -9999.0 -9999.0 -9999.0 -9999.0 -9999.0 -9999.0 -9999.0 -9999.0 -9999.0 -9999.0 -9999.0 -9999.0 -9999.0 -9999.0 -9999.0 -9999.0 -9999.0 -9999.0 -9999.0 -9999.0 -9999.0 -9999.0 -9999.0 -9999.0 -9999.0 -9999.0 -9999.0 -9999.0 -9999.0 -9999.0 -9999.0 -9999.0 -9999.0 -9999.0 -9999.0 -9999.0 -9999.0 -9999.0 -9999.0 -9999.0 -9999.0 -9999.0 -9999.0 -9999.0 -9999.0
-9999.0 -9999.0 -9999.0 -9999.0 -9999.0 -9999.0 -9999.0 -9999.0 -9999.0 -9999.0 -9999.0 -9999.0 -9999.0 -9999.0 -9999.0 -9999.0 -9999.0 -9999.0 -9999.0 -9999.0 -9999.0 -9999.0 -9999.0 -9999.0 -9999.0 -9999.0 -9999.0 -9999.0 -9999.0 -9999.0 -9999.0 -9999.0 -9999.0 -9999.0 -9999.0 -9999.0 -9999.0 -9999.0 -9999.0 -9999.0 -9999.0 -9999.0 -9999.0 -9999.0 -9999.0 -9999.0 -9999.0 -9999.0 -9999.0 -9999.0 -9999.0 -9999.0 -9999.0 -9999.0 -9999.0 -9999.0 -9999.0
-9999.0 -9999.0 -9999.0 -9999.0 -9999.0 -9999.0 -9999.0 -9999.0 -9999.0 -9999.0 -9999.0 -9999.0 -9999.0 -9999.0 -9999.0 -9999.0 -9999.0 -9999.0 -9999.0 -9999.0 -9999.0 -9999.0 -9999.0 -9999.0 -9999.0 -9999.0 -9999.0 -9999.0 -9999.0 -9999.0 -9999.0 -9999.0 -9999.0 -9999.0 -9999.0 -9999.0 -9999.0 -9999.0 -9999.0 -9999.0 -9999.0 -9999.0 -9999.0 -9999.0 -9999.0 -9999.0 -9999.0 87.205332 69.760897 53.374249 51.504753 74.257492 97.605666 121.257233 141.707356 160.291665 179.222938
-9999.0 -9999.0 -9999.0 -9999.0 -9999.0 -9999.0 -9999.0 -9999.0 -9999.0 -9999.0 -9999.0 -9999.0 -9999.0 -9999.0 -9999.0 -9999.0 -9999.0 -9999.0 -9999.0 -9999.0 -9999.0 -9999.0 -9999.0 -9999.0 -9999.0 -9999.0 -9999.0 -9999.0 -9999.0 -9999.0 -9999.0 -9999.0 -9999.0 -9999.0 -9999.0 -9999.0 -9999.0 -9999.0 -9999.0 -9999.0 134.759916 140.610659 142.071415 131.330368 120.039914 108.086620 88.152176 70.267479 54.888291 52.106307 54.726233 60.295439 83.227588 107.578516 127.057217 144.289758 163.431399
-9999.0 -9999.0 -9999.0 -9999.0 -9999.0 -9999.0 -9999.0 -9999.0 -9999.0 -9999.0 -9999.0 -9999.0 -9999.0 -9999.0 -9999.0 -9999.0 -9999.0 -9999.0 -9999.0 -9999.0 -9999.0 -9999.0 -9999.0 -9999.0 -9999.0 -9999.0 -9999.0 -9999.0 -9999.0 -9999.0 -9999.0 -9999.0 -9999.0 -9999.0 42.689858 60.243552 78.333594 96.627742 113.201272 119.812281 125.644722 131.408358 127.344259 122.549969 111.205029 92.459074 72.788715 58.613317 56.086714 53.505688 57.895603 70.990643 87.712431 104.077239 124.988363 148.203791 157.424963
-9999.0 -9999.0 -9999.0 -9999.0 -9999.0 -9999.0 -9999.0 -9999.0 -9999.0 -9999.0 -9999.0 -9999.0 -9999.0 -9999.0 -9999.0 -9999.0 -9999.0 -9999.0 -9999.0 -9999.0 -9999.0 -9999.0 -9999.0 -9999.0 -9999.0 -9999.0 -9999.0 -9999.0 47.165890 41.208612 36.014078 34.447744 33.089160 31.872121 38.797289 51.088002 69.338457 90.849398 103.639310 110.760057 117.269359 118.023583 113.124941 110.953652 111.134741 99.406868 87.762573 76.858334 66.376119 65.108974 74.716287 88.667661 104.747171 119.557569 134.934382 147.341427 163.554032
-9999.0 -9999.0 -9999.0 -9999.0 -9999.0 -9999.0 -9999.0 -9999.0 -9999.0 -9999.0 -9999.0 -9999.0 -9999.0 -9999.0 -9999.0 -9999.0 -9999.0 -9999.0 -9999.0 -9999.0 -9999.0 -9999.0 -9999.0 17.781054 23.757662 30.218542 37.546087 38.379260 34.086983 28.354466 25.134376 23.512857 21.852443 26.233666 34.559445 48.260447 64.182376 85.857999 94.445586 100.919071 113.273873 115.611435 120.594069 124.557347 122.732685 120.024639 107.987329 99.124501 104.753583 110.934911 117.525665 125.225576 138.438652 154.161036 172.058276 192.944853 214.997869
-9999.0 -9999.0 -9999.0 -9999.0 -9999.0 -9999.0 -9999.0 -9999.0 -9999.0 -9999.0 -9999.0 -9999.0 -9999.0 -9999.0 -9999.0 -9999.0 -9999.0 -9999.0 -9999.0 -7.062696 -6.263427 -5.280558 -0.739869 0.159454 2.332760 9.293640 17.389045 19.489244 17.821000 16.158983 17.642536 20.280076 24.489152 35.958954 49.852553 64.079649 78.233183 99.143209 113.947017 127.838197 143.964746 142.797978 138.463927 136.385338 136.868049 137.483178 143.179215 146.870076 153.022957 158.874729 166.027868 175.372459 186.725957 205.639605 226.527349 247.697048 267.782535
-9999.0 -9999.0 -9999.0 -9999.0 -9999.0 -9999.0 -9999.0 -9999.0 -9999.0 -9999.0 -9999.0 -9999.0 -9999.0 -9999.0 -9999.0 -9999.0 -35.380793 -33.591142 -31.547945 -26.269338 -23.767813 -19.891893 -13.093931 -12.064023 -8.285434 -1.227880 3.704431 12.259543 20.118924 27.442521 33.391044 36.109317 43.839673 53.610025 65.651825 81.375422 103.339839 126.287782 142.748776 159.643476 176.689466 177.258820 176.244142 177.506216 178.500956 186.450658 205.040302 211.872905 215.491708 234.524357 249.655968 255.898705 264.260457 283.748589 308.950683 336.308544 369.654670
-9999.0 -9999.0 -9999.0 -9999.0 -9999.0 -9999.0 -9999.0 -9999.0 -9999.0 -9999.0 -9999.0 -9999.0 -9999.0 -80.117020 -76.013272 -66.832260 -58.493648 -56.294735 -52.399984 -46.724379 -34.651024 -31.190103 -25.032788 -17.470047 -6.005831 2.497698 11.718939 23.546369 32.071701 39.382474 46.617709 53.159696 66.995008 82.625198 98.826345 119.420157 141.496419 162.888650 184.361327 200.255736 214.957943 218.653557 217.571847 219.943862 228.725244 247.758074 268.242793 281.417270 303.892688 329.271158 345.294474 359.784054 370.562929 385.238894 408.308558 446.786699 486.673076
-9999.0 -9999.0 -9999.0 -9999.0 -9999.0 -9999.0 -9999.0 -9999.0 -9999.0 -9999.0 -114.683674 -112.189542 -115.678730 -115.188470 -110.527514 -98.711270 -85.530661 -78.801368 -67.620808 -47.112391 -29.915502 -26.452937 -11.703140 -1.691475 4.950054 15.680075 28.944880 42.095645 59.539930 72.481175 85.253402 106.088729 123.013398 139.918994 158.149080 178.703173 200.316389 231.174426 259.859928 275.282736 300.551860 315.300849 313.401265 314.554797 324.084497 343.404835 369.407796 398.486900 424.303628 453.710289 476.268680 493.436630 506.730335 521.692107 539.574705 574.262621 615.072116
-9999.0 -9999.0 -9999.0 -9999.0 -9999.0 -9999.0 -9999.0 -9999.0 -138.737776 -131.844773 -125.626540 -128.704364 -133.437344 -136.869104 -123.769148 -108.044510 -92.183239 -75.151374 -59.276726 -41.401632 -25.825351 -9.221144 10.311810 22.269208 34.279553 49.722046 63.714569 81.846186 103.666341 118.526848 137.769238 160.400037 180.645840 199.718640 219.421004 239.245312 269.318341 305.900502 341.167349 368.728299 399.865172 427.045469 429.274973 434.057286 440.746411 469.804954 503.724598 538.145560 567.951118 597.926004 628.577049 646.929852 658.843416 672.833419 689.457988 707.265943 733.333331
-9999.0 -9999.0 -9999.0 -9999.0 -9999.0 -9999.0 -164.701685 -140.606350 -125.856639 -133.706488 -142.263874 -145.675692 -149.288507 -129.140123 -107.735894 -90.881597 -74.228631 -56.888782 -40.519421 -26.040356 9.029915 26.040349 41.255451 61.050852 75.644279 90.290969 108.238010 132.532484 156.355298 189.618481 220.169629 248.314384 276.959376 298.995467 320.091563 342.096768 377.453031 419.001672 459.969085 494.068420 525.457374 557.953302 568.744775 576.086624 585.176720 605.564098 637.233044 668.683571 703.566007 736.138506 761.932510 774.004686 784.908388 797.129159 811.542286 825.163054 839.259950
-9999.0 -9999.0 -9999.0 -9999.0 -198.039434 -177.139983 -156.704206 -125.921084 -103.365307 -108.675404 -101.498983 -100.987464 -102.319184 -99.463612 -93.390069 -75.442925 -57.512893 -39.352470 -20.594471 16.956264 59.807452 76.966839 104.043641 137.092208 151.954943 167.864204 184.608521 209.133392 239.936021 277.372807 326.917077 370.034857 400.263224 426.919041 451.213412 477.776615 514.647423 555.254136 594.246226 630.565910 662.450648 688.807724 703.759107 712.356899 724.106358 739.555808 759.988606 786.942354 817.182786 849.003005 874.025954 888.434821 896.971510 908.310513 920.390740 934.108399 946.554881
-9999.0 -9999.0 -9999.0 -245.430388 -206.954716 -169.919348 -142.492262 -111.523320 -79.807003 -73.723012 -65.149302 -58.829617 -52.354889 -43.241363 -33.266135 -16.553278 -1.776082 11.972343 33.713651 71.276546 108.416728 143.057633 177.411120 209.093366 233.477544 251.122327 270.351293 297.052226 340.206452 383.593450 439.221167 497.564100 539.010225 566.609643 589.343533 616.994429 642.651014 678.337376 713.217743 746.144713 777.939557 803.500895 823.858710 832.069933 840.580110 849.299624 866.061665 887.432168 909.229219 937.631841 964.984631 986.934694 999.990739 1009.942090 1025.793479 1041.338714 1053.094109
-9999.0 -9999.0 -291.943460 -254.881288 -219.806455 -168.325763 -115.641532 -81.899381 -40.921133 -15.729766 -8.203950 10.672053 28.122677 37.019239 54.373078 72.373804 87.306438 92.187435 106.856914 142.739393 197.867897 249.534605 282.994308 341.501404 377.963313 404.899607 422.271687 450.683080 487.920770 535.033871 586.641689 637.569380 677.850770 709.757173 725.804444 744.169489 767.006155 789.567912 821.296891 850.266575 880.257476 906.431364 929.200273 937.748915 942.427936 957.059723 978.896242 1002.439377 1024.991972 1046.446535 1056.592555 1063.445815 1067.065780 1069.814738 1073.218610 1075.624869 1076.797624
-9999.0 -9999.0 -317.254594 -273.091157 -230.683300 -161.061328 -84.397400 -46.539562 -3.021814 42.328688 62.258557 87.300335 105.926539 123.285999 148.416773 173.229714 181.164983 186.414631 187.646369 245.033056 308.018948 373.242159 441.463680 508.975225 553.835718 568.316098 579.200520 599.758978 626.229697 670.919659 720.670272 771.801989 814.867065 844.644462 859.965371 876.262732 895.694958 913.587791 931.085016 966.467865 990.132109 1013.637738 1038.349907 1057.496094 1064.989696 1067.248194 1061.831680 1067.649696 1071.899287 1074.163269 1074.975204 1071.957476 1071.595904 1072.720482 1073.995472 1069.130425 1062.522750
-9999.0 -404.319807 -352.283782 -298.106444 -227.611578 -158.201081 -72.089465 9.313035 61.964475 106.761104 137.217684 157.372763 209.189829 259.292375 288.589376 319.417511 320.860752 323.072071 316.813039 364.981853 423.943628 513.207283 628.968304 686.931095 725.347148 729.997451 727.259502 741.464640 766.716101 807.389639 868.066986 910.871135 957.255112 991.882339 1004.545451 1009.758009 1025.508363 1043.729305 1044.754836 1058.705228 1065.393216 1071.186570 1071.558274 1073.278376 1074.353008 1074.771867 1071.806040 1065.728766 1058.217347 1052.788015 1048.580775 1043.638328 1045.962246 1049.398923 1050.187559 1042.632186 1033.987190
-9999.0 -438.670324 -378.329851 -305.671253 -233.434335 -157.358272 -45.883602 87.232068 137.164978 174.745735 206.092953 249.866710 338.438142 409.567208 449.888903 494.745285 493.568375 484.919923 481.818760 519.356055 575.160779 651.565409 781.527218 863.912014 883.030259 895.249293 904.037627 928.288756 960.011269 989.861395 1016.255994 1027.320743 1043.859214 1052.079467 1055.110805 1056.770961 1059.381767 1060.070732 1058.083285 1055.286662 1051.641542 1052.677193 1057.152879 1057.510787 1055.190216 1052.313247 1046.440461 1038.066194 1031.636472 1026.183825 1022.319517 1018.044793 1016.163443 1016.670538 1012.124714 1005.005446 994.573840
-9999.0 -463.902202 -394.168999 -328.531945 -255.908164 -132.006092 -8.087576 123.681258 216.057808 258.234185 304.913920 392.762513 495.252309 586.367218 636.731334 663.372215 673.359062 664.540070 679.147610 726.704930 791.194463 871.061350 942.200892 1008.121935 1020.666026 1024.688725 1014.938157 1023.135501 1030.815801 1033.362071 1035.618787 1038.230734 1044.454477 1048.042003 1047.741871 1045.562280 1041.206500 1033.309539 1028.323837 1025.407128 1022.435666 1022.608105 1025.693976 1026.748110 1024.289938 1020.062909 1014.423661 1006.925732 999.333574 991.537121 986.494655 981.441311 978.720007 974.032740 968.883668 961.716443 947.266325
-9999.0 -553.347580 -468.508573 -407.466328 -275.706584 -107.841159 17.644625 172.542320 314.030934 367.522042 461.673053 575.210669 672.936415 740.402431 782.386579 824.813606 854.463870 881.601428 918.104534 912.378292 961.849116 1003.188620 1020.258781 1029.593297 1028.965277 1031.026035 1024.155430 1006.044295 996.570144 990.904108 993.654037 1001.821557 1008.320151 1014.531541 1012.885183 1013.113726 1011.964963 1007.010914 1002.523940 994.322331 986.949067 981.762572 980.621902 985.969408 980.876377 976.952972 970.130619 960.960167 951.257445 942.555712 934.127719 926.647679 923.216254 917.256552 915.129483 906.618018 879.381939
-9999.0 -634.230244 -555.605159 -453.611268 -303.529837 -139.071271 5.572292 178.775772 379.220371 496.182225 608.514698 672.606273 743.252901 806.955618 869.213428 909.658167 932.138603 942.724797 944.227399 955.584164 933.795732 931.980949 950.549018 976.064313 987.961572 991.729587 982.500312 971.040859 964.056755 963.400139 962.927749 962.783503 962.254388 960.786713 957.661996 958.776164 962.037079 955.127648 946.468060 938.538891 931.625302 923.889636 918.741245 915.809537 914.034743 913.266056 905.345659 894.359445 883.233677 874.464680 866.087453 859.639766 856.745307 851.557149 844.033288 832.073345 804.550147
-9999.0 -723.323302 -607.133599 -505.414688 -371.374932 -230.694807 -93.910938 77.106744 239.723874 458.634882 627.601496 699.249942 734.918891 785.226233 844.924320 905.013853 911.961027 885.944935 861.514161 851.908778 859.126566 871.189967 886.717381 907.672410 924.355271 932.895003 932.889948 924.200528 910.625462 902.316415 897.110960 888.712425 882.457169 881.589190 880.917513 886.429306 888.361675 878.635825 865.767514 850.564633 837.416346 827.629401 824.667480 825.580460 825.186772 821.696632 814.442583 803.878428 791.218728 779.503964 771.252711 765.169890 758.262134 748.678203 737.897500 725.632490 699.779882
-9999.0 -9999.0 -677.787789 -565.461530 -450.425718 -321.677976 -194.167240 -38.280964 120.061081 312.749303 437.547279 549.059869 611.799934 656.878669 709.711249 760.405374 775.183450 789.891328 771.649593 775.776658 783.303109 790.785913 802.164515 815.167468 828.380935 837.332156 843.098204 840.610642 831.277610 815.409390 797.090155 783.030704 774.539556 768.096774 775.771867 785.881773 783.148952 776.092471 764.242702 748.961824 736.214245 723.178805 719.545848 720.013837 719.874262 716.760130 711.620546 698.760224 685.575139 672.832298 666.403684 659.662338 653.205253 641.670219 629.342155 615.358721 591.239288
-9999.0 -9999.0 -760.190108 -649.192093 -528.829652 -402.120608 -294.008536 -191.759373 -31.057031 93.349909 199.678805 295.250567 374.258241 436.981266 483.971166 541.565878 574.715264 589.004055 601.925348 624.080004 648.143985 672.503064 689.248256 702.531181 715.982481 727.772010 735.979052 725.308918 714.583438 698.430090 678.059269 655.937482 643.911104 638.711466 641.405738 647.020297 641.400488 631.172944 616.540815 600.154866 586.827280 574.759406 570.477950 567.741503 566.582958 563.528515 559.743896 550.000865 537.419534 528.157615 519.180193 511.793002 507.219407 498.391119 486.941299 477.944351 457.575948
-9999.0 -9999.0 -9999.0 -720.010330 -622.966014 -539.785637 -441.868909 -366.790889 -274.466148 -159.844781 -53.130755 52.079325 119.561228 175.098648 228.996143 279.534914 317.554021 342.370639 366.260322 421.997831 457.803646 499.197063 534.861039 552.518587 567.978555 583.318294 586.850121 577.927627 568.271384 552.424156 528.736655 504.636440 491.597630 492.558625 491.053801 491.186339 484.493836 478.647098 466.393740 452.312496 437.975784 428.481391 423.632176 418.275149 414.252485 409.839493 405.459343 398.786754 389.675150 379.896912 372.590381 368.855705 364.292353 358.583452 350.479990 341.216013 328.728440
