tests/Borden05m/data_simulated/sim_1/output-maps/psiliqL0016N0009.asc
ncols         160
nrows         34
xllcorner     620200.000000
yllcorner     5168000.000000
cellsize      0.500000
NODATA_value  -9999.0
[rows 0 to 24 of 34, columns 55 to 109 of 160]
-9999.0 -9999.0 -9999.0 -9999.0 -9999.0 -9999.0 -9999.0 -9999.0 -9999.0 -9999.0 -9999.0 -9999.0 -9999.0 -9999.0 -9999.0 -9999.0 -9999.0 -9999.0 -9999.0 -9999.0 -9999.0 -9999.0 -9999.0 -9999.0 -9999.0 -9999.0 -9999.0 -9999.0 -9999.0 -9999.0 -9999.0 -9999.0 -9999.0 -9999.0 -9999.0 -9999.0 -9999.0 -9999.0 -9999.0 -9999.0 -9999.0 -9999.0 -9999.0 -9999.0 -9999.0 -9999.0 -9999.0 -9999.0 -9999.0 -9999.0 -9999.0 -9999.0 -9999.0 -9999.0 -9999.0
-9999.0 -9999.0 -9999.0 -9999.0 1435.771211 1430.478874 1425.638237 1421.203036 1412.810224 1404.037131 1396.254006 1392.735446 1392.272140 1391.978712 1392.032056 1397.671658 1406.147701 1414.220171 1421.729419 1424.540707 1427.354723 1429.901850 1430.729452 1429.917730 1427.074133 1424.135816 1421.065772 1419.788813 1412.118854 1401.004146 1392.475298 1389.851519 1394.283070 1398.749072 1401.223212 1406.851149 1417.371964 1427.921874 1436.179505 1447.856853 1453.519491 1458.203797 1460.553737 1455.924484 1451.888483 1447.530002 1441.770410 1430.468976 -9999.0 -9999.0 -9999.0 -9999.0 -9999.0 -9999.0 -9999.0
1380.545499 1399.755341 1420.320553 1423.753079 1412.317175 1407.544728 1404.612302 1403.048480 1398.766779 1390.624105 1385.897438 1380.995502 1379.478666 1380.050504 1380.592701 1385.099695 1395.866062 1404.242103 1409.382458 1412.333654 1415.399530 1415.224144 1415.052848 1415.161194 1412.666843 1409.593403 1406.533093 1405.006570 1405.906696 1398.511160 1393.061338 1389.639977 1387.743683 1390.336150 1392.783840 1396.393195 1405.691122 1413.604888 1421.459248 1435.615162 1447.782027 1452.627231 1449.547703 1444.037713 1439.608113 1432.149065 1421.417392 1410.801010 1401.377365 1394.126897 1387.992835 1381.392842 1386.719031 1392.845374 1401.860591
1365.628547 1385.320160 1405.943308 1409.088410 1398.760310 1390.972679 1385.956380 1386.697845 1389.978670 1387.062144 1382.945172 1377.884679 1387.297340 1389.079275 1390.665504 1394.444031 1397.736772 1401.764274 1404.865228 1410.639154 1420.049440 1423.220296 1424.168392 1424.713219 1423.250108 1420.472521 1418.961841 1416.487186 1411.516050 1410.447105 1410.722221 1410.320350 1415.129535 1416.649972 1418.643101 1412.204574 1415.863356 1421.916074 1428.548902 1434.522529 1440.649952 1443.763698 1439.864644 1438.611307 1429.459099 1414.908147 1403.348767 1394.446401 1392.438071 1388.574958 1379.888410 1366.086799 1372.578365 1387.367959 1391.162862
1372.387366 1382.129968 1394.181536 1397.599517 1393.110983 1395.161009 1397.333208 1399.317453 1398.261872 1395.750535 1393.842860 1406.482378 1416.255483 1418.584525 1421.990078 1426.249433 1426.481739 1415.303241 1413.424705 1421.901025 1432.522827 1438.635365 1439.333748 1439.662288 1437.671004 1437.019398 1437.019178 1435.213417 1435.909643 1438.307898 1437.847794 1442.159045 1447.805828 1450.818518 1443.635369 1434.667306 1435.758147 1443.540753 1451.706178 1458.778596 1468.864819 1479.460072 1477.990038 1471.764235 1461.922266 1447.617263 1423.420896 1403.393610 1391.542158 1383.196927 1374.943219 1374.569411 1370.095118 1380.903617 1381.597617
1370.409154 1389.026885 1410.664977 1418.806285 1413.595745 1409.547614 1407.835287 1409.246448 1409.850542 1412.976464 1425.260285 1439.246643 1453.671999 1456.968855 1460.027210 1460.014255 1451.856521 1442.107939 1439.049314 1453.893033 1470.678045 1479.395485 1480.353854 1479.374791 1485.879042 1485.271055 1484.416355 1480.203807 1482.204334 1483.000827 1492.012410 1499.716900 1507.022227 1505.333214 1493.268649 1481.632723 1480.371137 1483.623768 1487.529481 1493.727833 1503.455360 1512.366301 1506.508199 1498.808635 1488.264340 1459.156256 1431.846561 1414.369221 1413.320403 1412.331648 1406.265520 1402.086682 1398.119398 1390.580430 1389.059741
1417.389062 1439.092484 1460.024222 1476.070758 1471.165820 1464.150951 1455.256778 1456.581293 1459.826144 1468.196232 1481.392875 1498.581970 1522.845114 1525.786666 1529.139282 1531.644936 1520.687292 1508.707731 1498.294898 1517.456961 1528.403074 1537.372559 1538.850120 1548.271374 1558.401583 1554.571646 1547.393378 1537.134816 1543.552444 1554.368861 1569.550210 1576.629658 1580.801492 1578.865819 1567.214980 1561.253156 1560.362449 1563.343063 1561.514019 1566.590339 1575.979373 1590.214940 1588.536478 1579.584380 1556.297776 1517.943720 1483.249552 1463.057897 1468.317791 1460.169487 1451.933962 1447.493040 1432.747548 1421.262187 1420.413859
1468.996607 1487.065646 1506.022312 1524.990471 1520.470674 1511.089130 1498.189173 1498.093017 1505.771191 1516.736924 1536.249327 1558.879175 1582.743117 1589.896675 1591.830298 1602.098894 1596.147878 1586.959740 1579.310543 1593.044196 1605.271111 1617.408924 1627.071004 1640.449561 1652.307854 1641.806608 1629.247936 1623.367147 1629.206064 1650.230228 1668.575229 1673.637150 1674.453396 1676.512730 1666.247804 1660.057553 1654.091291 1650.064148 1644.831987 1640.965461 1660.064359 1676.729271 1674.277194 1650.114392 1624.854063 1586.330269 1547.008310 1514.955109 1515.600013 1511.015425 1509.192062 1493.661654 1477.461000 1461.494033 1451.920959
1547.406761 1576.097073 1597.145392 1619.646652 1619.706053 1603.018760 1594.606030 1599.874487 1613.528232 1621.683635 1638.475272 1661.853705 1693.046361 1713.236925 1731.387238 1736.301683 1728.726007 1720.255695 1707.780669 1707.798061 1726.870450 1739.579970 1750.578602 1761.550266 1774.596917 1779.545175 1776.539885 1776.146616 1779.814268 1788.310332 1798.412044 1805.094884 1809.948902 1814.819270 1809.179044 1798.556976 1793.214493 1785.287327 1779.736251 1777.382031 1781.352074 1793.570054 1790.140688 1760.545034 1732.031190 1697.715229 1658.843673 1626.411886 1609.792740 1616.706912 1605.753856 1586.223270 1567.053340 1532.600578 1517.019971
1643.810480 1680.113399 1708.361356 1723.469185 1736.811016 1731.190019 1733.145797 1738.125868 1746.449944 1751.821380 1760.103389 1793.117888 1828.270744 1857.165962 1881.572488 1890.366033 1880.117197 1870.730869 1858.852172 1850.086246 1856.330146 1872.000877 1889.570823 1905.693701 1917.486238 1921.298944 1920.481244 1921.084546 1923.559979 1926.652145 1929.955914 1936.550797 1943.857683 1953.599677 1963.929919 1957.185976 1940.548138 1929.058139 1916.489187 1912.304841 1911.041094 1909.797595 1908.852333 1897.823023 1862.694206 1832.014799 1798.546007 1770.364416 1749.520855 1736.904398 1715.794104 1691.111430 1642.502155 1601.512017 1565.985740
1756.294094 1798.761376 1830.301148 1853.929296 1869.760788 1872.513101 1875.838253 1879.022846 1885.192032 1890.481880 1897.269131 1921.269836 1959.936523 1997.786871 2028.067355 2031.416179 2021.396631 2011.105809 2001.353410 1990.308477 1987.384427 1996.882752 2009.571458 2027.111478 2038.757316 2047.972477 2047.078802 2047.797425 2048.808781 2051.020237 2052.960515 2055.334077 2062.952588 2075.511435 2087.479219 2088.143507 2073.701308 2056.722938 2039.857637 2033.732323 2028.237862 2021.993757 2021.627385 2021.298282 2010.544141 1982.687726 1944.690713 1901.595394 1876.105166 1854.750673 1840.331478 1822.331147 1791.649629 1735.557950 1701.543696
1887.703469 1917.941200 1948.503673 1979.964846 1998.808680 2006.273824 2006.957023 2008.983547 2016.925979 2022.942450 2032.481895 2049.411585 2075.380975 2105.888778 2133.291484 2150.134808 2145.621033 2132.046434 2113.965308 2107.986336 2106.729188 2109.570004 2117.294218 2126.878924 2143.612032 2160.605495 2166.577450 2167.695619 2165.398652 2167.801332 2169.179324 2169.357195 2170.918081 2176.593329 2184.327607 2187.100927 2181.641238 2164.519256 2143.790045 2130.227280 2121.889464 2117.095945 2114.987199 2116.118724 2115.346448 2101.647644 2070.249919 2030.000723 1996.556173 1974.982337 1958.190598 1942.713765 1929.594842 1905.448782 1885.193646
2008.662830 2024.139859 2051.279863 2079.259786 2103.840349 2120.628660 2124.489904 2130.072967 2135.358879 2144.894724 2160.581366 2180.922164 2196.335566 2214.636674 2237.067430 2250.425158 2255.964390 2255.817372 2253.944542 2255.671681 2256.050934 2221.352149 2225.450859 2229.537964 2239.476252 2249.653067 2253.402631 2254.077837 2252.869480 2254.343660 2254.948325 2255.154332 2254.920239 2255.584113 2258.530321 2259.701642 2258.390713 2250.357159 2257.095702 2239.498555 2227.125802 2219.128287 2210.763535 2201.606889 2191.278547 2180.660640 2162.584612 2134.120288 2100.081722 2073.559957 2061.759070 2053.795927 2045.152180 2038.050215 2020.957014
2118.732395 2131.073068 2148.238557 2169.662732 2199.204953 2219.719892 2230.764805 2239.702030 2244.608751 2257.222606 2271.261028 2263.699552 2268.586880 2273.525528 2278.319038 2279.862082 2280.145282 2279.688008 2277.208661 2276.568344 2274.633090 2270.326145 2260.781852 2262.470395 2264.325477 2267.144317 2271.002204 2269.990535 2271.140280 2274.218280 2272.817033 2267.381558 2263.846486 2262.435469 2263.192373 2270.513766 2273.867637 2274.828264 2273.386912 2272.737155 2272.154049 2270.093888 2267.420570 2263.628651 2258.747913 2264.160509 2253.028935 2228.245357 2193.221321 2156.410136 2143.375909 2139.640055 2138.687549 2134.855694 2127.632955
2237.885555 2250.920920 2264.856984 2257.918573 2271.210113 2278.158044 2281.470275 2284.421814 2286.751005 2288.107766 2284.687320 2281.101862 2276.108786 2274.432710 2272.712744 2269.836149 2269.909635 2267.408873 2262.938942 2258.839374 2251.712853 2240.648100 2229.326725 2226.587782 2231.221245 2236.556621 2241.263198 2244.913663 2248.447767 2249.405665 2244.694773 2236.976529 2230.064242 2228.439471 2235.176718 2241.004898 2246.811474 2247.857963 2246.861919 2245.152123 2245.630466 2243.345927 2244.030258 2250.707061 2264.158599 2269.064845 2272.179342 2271.340458 2261.436867 2243.744373 2240.391335 2220.324668 2223.591192 2218.141739 2205.938338
2279.988260 2282.196918 2281.729582 2280.394200 2274.532582 2268.682969 2267.714554 2271.151070 2277.372756 2277.883524 2270.196030 2261.158682 2253.458925 2245.842117 2242.869363 2240.903864 2239.419644 2238.665818 2232.545396 2223.686384 2207.506082 2195.627902 2184.291103 2178.247214 2175.951470 2180.645245 2190.827533 2201.028480 2205.805401 2198.676884 2191.243560 2180.644745 2172.910735 2173.470289 2175.733085 2185.115261 2199.977267 2205.679309 2206.939359 2202.219084 2198.012466 2192.760728 2191.262523 2198.583579 2213.979368 2229.876725 2244.188010 2252.720891 2260.131921 2266.591717 2268.772569 2270.071469 2270.535213 2268.809549 2268.030735
2276.748402 2270.261894 2263.577995 2258.267113 2251.319417 2245.138372 2242.610963 2243.921413 2245.462163 2240.771545 2232.932211 2221.594343 2209.559012 2198.763135 2191.048981 2190.561142 2191.377418 2191.155208 2183.446501 2168.010044 2149.984996 2136.202669 2122.175064 2118.116337 2113.068199 2108.139073 2118.571574 2136.170640 2142.656325 2128.811308 2118.987956 2104.940932 2098.136752 2095.186180 2096.900944 2106.529816 2127.296329 2148.182666 2150.348745 2141.361527 2132.667766 2129.128250 2127.630057 2134.701497 2153.287333 2174.227579 2190.089339 2200.613498 2206.869889 2215.429599 2225.303820 2238.307064 2251.940166 2263.210202 2270.577716
2252.689874 2244.581105 2236.370116 2228.069849 2220.166286 2212.823780 2207.260949 2203.723387 2199.191558 2191.578694 2182.870962 2165.180456 2151.466316 2137.863401 2122.503630 2117.426833 2112.435444 2112.415421 2099.962582 2089.371936 2070.862612 2055.110517 2039.314805 2028.050686 2022.282838 2016.302853 2018.906508 2033.686289 2042.505149 2030.469127 2020.604352 2008.731168 2003.384031 2000.468627 2002.946137 2013.691165 2035.516890 2054.640275 2062.789094 2056.174356 2053.453142 2053.323524 2053.709441 2061.115546 2075.933402 2096.471556 2118.955886 2136.966824 2147.681114 2156.325519 2167.205371 2182.514450 2197.152006 2211.634767 2229.174112
2218.846041 2208.909873 2198.146704 2187.469956 2175.691483 2163.531193 2155.573103 2155.294611 2146.958748 2138.830024 2119.541245 2069.261475 2048.662848 2028.817306 2011.634016 2003.869917 1994.422614 1982.487114 1972.076558 1964.976779 1959.946794 1944.474540 1926.796713 1910.139324 1905.000981 1901.017328 1889.685522 1891.675472 1894.048007 1901.692435 1894.948474 1890.750011 1890.097001 1888.029209 1891.134089 1905.000546 1916.224879 1925.718833 1932.980501 1934.579276 1943.902051 1952.366705 1960.044803 1978.082535 1992.634694 2011.362904 2034.229896 2060.134528 2075.770660 2087.006296 2099.365609 2116.255409 2133.957315 2152.454194 2175.607346
2177.891177 2162.129439 2146.973034 2131.451159 2117.114913 2102.585493 2086.687877 2085.559192 2080.158048 2068.880399 2021.574185 1977.712311 1942.881317 1923.066793 1898.720608 1884.781370 1870.139023 1838.531910 1821.887634 1816.437771 1823.592287 1815.391800 1798.754398 1785.306471 1776.785275 1769.321132 1755.035729 1743.231036 1748.339486 1762.455139 1759.842798 1759.965660 1765.497187 1764.536240 1760.639880 1764.198221 1778.443584 1786.493132 1797.647546 1812.153765 1818.213278 1831.394040 1861.898597 1877.635600 1895.121189 1917.059348 1940.877178 1965.873757 1989.202827 2005.011174 2021.965237 2042.673691 2061.302515 2083.523308 2108.094206
2120.479504 2090.897692 2069.618799 2051.078777 2031.168515 2006.419406 1983.715133 1978.789924 1969.472625 1944.831216 1894.550560 1853.533659 1823.648244 1799.613068 1773.983670 1751.834051 1719.789096 1685.819146 1663.858522 1671.401009 1679.117072 1682.824629 1669.508009 1657.355851 1647.394285 1632.356092 1616.644390 1603.661315 1612.984456 1621.578758 1633.331999 1638.085354 1642.109088 1646.044343 1645.274235 1639.429511 1642.035476 1651.329434 1662.424149 1674.553785 1692.048985 1725.074379 1751.769987 1771.704383 1794.860387 1817.335031 1842.519485 1869.024475 1893.852840 1913.122626 1934.350342 1956.102959 1979.513840 2002.136105 2028.489130
2036.992232 2007.931563 1979.826039 1955.082570 1924.661430 1881.268544 1863.945423 1852.501429 1834.356592 1792.416170 1748.224032 1715.851009 1693.532181 1667.539424 1643.002094 1613.922545 1580.503980 1554.398381 1533.161927 1540.144238 1547.504073 1561.114162 1550.057694 1540.228174 1535.021130 1520.081434 1506.435860 1491.445129 1498.618954 1509.266736 1528.494263 1533.384809 1537.282563 1545.313598 1544.771526 1542.157853 1531.178583 1539.925375 1551.302789 1566.329545 1596.213030 1621.853219 1647.323460 1670.987077 1693.542230 1718.464903 1744.806682 1771.704621 1800.608432 1823.242541 1845.431327 1870.053727 1893.056221 1913.142033 1935.533533
1921.005141 1894.523546 1871.194867 1844.924372 1804.386707 1758.539457 1720.092146 1698.375078 1653.860318 1617.860780 1585.895727 1571.989803 1553.839857 1530.274582 1508.012815 1485.956911 1460.087766 1437.639169 1412.433488 1415.957843 1428.874178 1443.375375 1439.677863 1437.420370 1434.719906 1424.099374 1410.532686 1397.002389 1400.690723 1416.515688 1433.805975 1442.246478 1449.457842 1457.372733 1457.762657 1450.555996 1442.227550 1448.278871 1463.559677 1480.691107 1501.801735 1525.123474 1548.501466 1571.070900 1596.002863 1621.813384 1648.171592 1676.590169 1706.497293 1730.272840 1757.193000 1784.966543 1806.842661 1821.282768 1836.644151
1805.804733 1782.847323 1757.111734 1728.301478 1685.363134 1642.089253 1598.130509 1554.603542 1519.624568 1487.527752 1471.796059 1452.480739 1434.597436 1416.248723 1394.235918 1374.679050 1356.157016 1333.517763 1317.538850 1322.845053 1335.513167 1345.330234 1349.156755 1346.292835 1343.374172 1336.429118 1322.666842 1314.578808 1323.576372 1338.929458 1353.510037 1364.304185 1371.307605 1377.360271 1374.921565 1366.862088 1362.515786 1371.235513 1387.457534 1402.774073 1420.332494 1442.762893 1465.184878 1488.569536 1513.147187 1537.792153 1565.001004 1593.154461 1622.029852 1651.183630 1677.458935 1701.630333 1715.472666 1729.687501 1738.198836
1670.027492 1653.481304 1626.429212 1596.659707 1563.069958 1524.519183 1494.137496 1460.526751 1428.216737 1396.740135 1369.799934 1352.936521 1343.040199 1327.764859 1308.291209 1294.654239 1277.407547 1261.640546 1262.901033 1264.746274 1274.481906 1274.393714 1274.882686 1271.924633 1270.878809 1267.171561 1257.991716 1266.540134 1273.755162 1288.044999 1298.685929 1308.356991 1314.650252 1318.845731 1319.450492 1314.145668 1318.862580 1326.193461 1341.102854 1353.497633 1368.974760 1390.541881 1409.063211 1429.801527 1453.556195 1478.250895 1504.218110 1531.970752 1561.979378 1589.229047 1611.103395 1622.785808 1636.198247 1643.953543 1640.108653
