tests/Borden05m/data_simulated/sim_1/output-maps/psiliqL0010N0008.asc
ncols         160
nrows         34
xllcorner     620200.000000
yllcorner     5168000.000000
cellsize      0.500000
NODATA_value  -9999.0
[rows 0 to 24 of 34, columns 0 to 56 of 160]
-9999.0 -9999.0 -9999.0 -9999.0 -9999.0 -9999.0 -9999.0 -9999.0 -9999.0 -9999.0 -9999.0 -9999.0 -9999.0 -9999.0 -9999.0 -9999.0 -9999.0 -9999.0 -9999.0 -9999.0 -9999.0 -9999.0 -9999.0 -9999.0 -9999.0 -9999.0 -9999.0 -9999.0 -9999.0 -9999.0 -9999.0 -9999.0 -9999.0 -9999.0 -9999.0 -9999.0 -9999.0 -9999.0 -9999.0 -9999.0 -9999.0 -9999.0 -9999.0 -9999.0 -9999.0 -9999.0 -9999.0 -9999.0 -9999.0 -9999.0 -9999.0 -9999.0 -9999.0 -9999.0 -9999.0 -9999.0 -9999.0
-9999.0 -9999.0 -9999.0 -9999.0 -9999.0 -9999.0 -9999.0 -9999.0 -9999.0 -9999.0 -9999.0 -9999.0 -9999.0 -9999.0 -9999.0 -9999.0 -9999.0 -9999.0 -9999.0 -9999.0 -9999.0 -9999.0 -9999.0 -9999.0 -9999.0 -9999.0 -9999.0 -9999.0 -9999.0 -9999.0 -9999.0 -9999.0 -9999.0 -9999.0 -9999.0 -9999.0 -9999.0 -9999.0 -9999.0 -9999.0 -9999.0 -9999.0 -9999.0 -9999.0 -9999.0 -9999.0 -9999.0 -9999.0 -9999.0 -9999.0 -9999.0 -9999.0 -9999.0 -9999.0 -9999.0 -9999.0 -9999.0
-9999.0 -9999.0 -9999.0 -9999.0 -9999.0 -9999.0 -9999.0 -9999.0 -9999.0 -9999.0 -9999.0 -9999.0 -9999.0 -9999.0 -9999.0 -9999.0 -9999.0 -9999.0 -9999.0 -9999.0 -9999.0 -9999.0 -9999.0 -9999.0 -9999.0 -9999.0 -9999.0 -9999.0 -9999.0 -9999.0 -9999.0 -9999.0 -9999.0 -9999.0 -9999.0 -9999.0 -9999.0 -9999.0 -9999.0 -9999.0 -9999.0 -9999.0 -9999.0 -9999.0 -9999.0 -9999.0 -9999.0 87.593792 70.112945 53.706201 51.864480 74.715340 98.209087 122.028361 142.634229 161.345642 180.368378
-9999.0 -9999.0 -9999.0 -9999.0 -9999.0 -9999.0 -9999.0 -9999.0 -9999.0 -9999.0 -9999.0 -9999.0 -9999.0 -9999.0 -9999.0 -9999.0 -9999.0 -9999.0 -9999.0 -9999.0 -9999.0 -9999.0 -9999.0 -9999.0 -9999.0 -9999.0 -9999.0 -9999.0 -9999.0 -9999.0 -9999.0 -9999.0 -9999.0 -9999.0 -9999.0 -9999.0 -9999.0 -9999.0 -9999.0 -9999.0 135.336263 141.221634 142.712146 131.976289 120.668664 108.673590 88.669323 70.709391 55.295949 52.519857 55.180373 60.832559 83.912585 108.443019 128.095460 145.475432 164.726417
-9999.0 -9999.0 -9999.0 -9999.0 -9999.0 -9999.0 -9999.0 -9999.0 -9999.0 -9999.0 -9999.0 -9999.0 -9999.0 -9999.0 -9999.0 -9999.0 -9999.0 -9999.0 -9999.0 -9999.0 -9999.0 -9999.0 -9999.0 -9999.0 -9999.0 -9999.0 -9999.0 -9999.0 -9999.0 -9999.0 -9999.0 -9999.0 -9999.0 -9999.0 42.774225 60.381162 78.558213 96.963897 113.650385 120.351436 126.251449 132.072092 128.046279 123.273792 111.924598 93.140058 73.415523 59.202606 56.679862 54.130748 58.589650 71.800269 88.683989 105.237879 126.348816 149.740815 159.086138
-9999.0 -9999.0 -9999.0 -9999.0 -9999.0 -9999.0 -9999.0 -9999.0 -9999.0 -9999.0 -9999.0 -9999.0 -9999.0 -9999.0 -9999.0 -9999.0 -9999.0 -9999.0 -9999.0 -9999.0 -9999.0 -9999.0 -9999.0 -9999.0 -9999.0 -9999.0 -9999.0 -9999.0 47.142252 41.192375 36.013744 34.471331 33.139805 31.951350 38.910310 51.262897 69.610719 91.249538 104.163472 111.394692 118.004247 118.838397 114.002385 111.888512 112.114033 100.393691 88.741418 77.839589 67.390166 66.198226 75.929942 90.047407 106.328580 121.355756 136.950727 149.552139 165.922439
-9999.0 -9999.0 -9999.0 -9999.0 -9999.0 -9999.0 -9999.0 -9999.0 -9999.0 -9999.0 -9999.0 -9999.0 -9999.0 -9999.0 -9999.0 -9999.0 -9999.0 -9999.0 -9999.0 -9999.0 -9999.0 -9999.0 -9999.0 17.695633 23.682163 30.159389 37.507513 38.357416 34.074653 28.357017 25.160481 23.569785 21.945719 26.374015 34.761064 48.550618 64.596466 86.434290 95.176886 101.802365 114.312245 116.775302 121.877178 125.957663 124.236959 121.616325 109.646068 100.868909 106.647088 113.004513 119.784032 127.687633 141.133892 157.111787 175.277783 196.425041 218.698529
-9999.0 -9999.0 -9999.0 -9999.0 -9999.0 -9999.0 -9999.0 -9999.0 -9999.0 -9999.0 -9999.0 -9999.0 -9999.0 -9999.0 -9999.0 -9999.0 -9999.0 -9999.0 -9999.0 -7.151397 -6.350247 -5.363728 -0.817125 0.082995 2.266880 9.247381 17.367734 19.492837 17.849402 16.218169 17.742442 20.430261 24.702465 36.257693 50.262465 64.634912 78.976603 100.120610 115.158276 129.280469 145.630357 144.646063 140.486386 138.594354 139.276000 140.100314 146.028893 149.979789 156.437118 162.601700 170.042182 179.651375 191.284532 210.544176 231.870198 253.535996 274.068318
-9999.0 -9999.0 -9999.0 -9999.0 -9999.0 -9999.0 -9999.0 -9999.0 -9999.0 -9999.0 -9999.0 -9999.0 -9999.0 -9999.0 -9999.0 -9999.0 -35.474190 -33.683549 -31.639274 -26.357983 -23.850387 -19.965475 -13.153999 -12.111007 -8.311567 -1.225000 3.740450 12.339317 20.250236 27.635325 33.657108 36.462246 44.308141 54.227763 66.461190 82.433154 104.707971 127.998862 144.792385 162.007333 179.362342 180.222390 179.519327 181.128794 182.497144 190.848549 209.892386 217.258077 221.516352 241.205972 256.867418 263.513116 272.296843 292.427782 318.645052 347.344776 381.947299
-9999.0 -9999.0 -9999.0 -9999.0 -9999.0 -9999.0 -9999.0 -9999.0 -9999.0 -9999.0 -9999.0 -9999.0 -9999.0 -80.278504 -76.168302 -66.970309 -58.613017 -56.406260 -52.500499 -46.808017 -34.711376 -31.232689 -25.050772 -17.456642 -5.950847 2.600388 11.882481 23.787547 32.405650 39.826838 47.197985 53.912217 67.975704 83.891329 100.434937 121.433500 143.960953 165.832084 187.786699 204.141408 219.308290 223.511160 223.025349 226.086195 235.616088 255.419703 276.784901 291.168545 315.305608 342.316768 359.497503 374.760799 386.305558 402.302515 427.891195 470.308352 514.022797
-9999.0 -9999.0 -9999.0 -9999.0 -9999.0 -9999.0 -9999.0 -9999.0 -9999.0 -9999.0 -114.883502 -112.394413 -115.902456 -115.417054 -110.749233 -98.904116 -85.687238 -78.929491 -67.711438 -47.152529 -29.911497 -26.416242 -11.617581 -1.549469 5.157845 15.977395 29.358279 42.658270 60.297033 73.465748 86.517756 107.711574 125.053559 142.443196 161.215282 182.362631 204.643366 236.289621 265.841031 282.094207 308.258844 324.086233 323.511043 326.213918 337.403660 358.295614 386.136220 418.198771 448.457549 482.040703 507.297638 526.055049 540.798010 558.401157 581.842166 626.047092 675.252163
-9999.0 -9999.0 -9999.0 -9999.0 -9999.0 -9999.0 -9999.0 -9999.0 -138.948820 -132.052758 -125.836067 -128.930536 -133.688502 -137.135797 -124.008637 -108.233787 -92.311977 -75.216389 -59.280536 -41.342447 -25.703556 -9.030670 10.591090 22.660399 34.813180 50.441922 64.667902 83.101943 105.294970 120.576229 140.311087 163.515318 184.451012 204.356481 224.990771 245.824130 277.139212 315.417546 352.695956 382.107636 415.213323 444.986251 450.401529 458.869673 469.392614 501.743016 539.402685 580.430923 620.466521 659.353309 695.124169 715.769470 728.778363 744.214679 764.027855 787.211995 818.117090
-9999.0 -9999.0 -9999.0 -9999.0 -9999.0 -9999.0 -164.918088 -140.796611 -126.028701 -133.891176 -142.466846 -145.895456 -149.526106 -129.337447 -107.864414 -90.934217 -74.202688 -56.786088 -40.344377 -25.785406 9.406761 26.550846 41.951405 62.007759 76.911206 91.928252 110.316861 135.135060 159.563698 193.566534 224.987408 254.137328 284.150279 307.989942 331.110141 355.190405 393.206351 438.911616 485.148192 523.749026 559.728912 598.167611 615.443860 630.045352 646.653293 672.549055 708.457287 744.642597 785.510440 822.934783 851.120620 863.634288 873.868672 885.122411 899.006243 912.796566 927.093418
-9999.0 -9999.0 -9999.0 -9999.0 -198.248721 -177.345694 -156.900109 -126.067367 -103.450077 -108.738277 -101.520668 -100.978320 -102.287652 -99.396443 -93.270050 -75.231129 -57.211747 -38.966045 -20.106582 17.618607 60.739313 78.206950 105.719594 139.337523 154.839592 171.445599 188.923399 214.249268 246.066920 284.982751 336.519570 381.869622 415.342305 446.496970 475.607813 506.548211 548.969410 599.039816 649.879021 694.166952 730.969511 761.237362 780.139908 793.535245 810.370291 829.302519 851.389528 878.790037 908.853029 939.596066 963.047277 975.672794 982.007201 990.719608 1000.150185 1011.343922 1021.909272
-9999.0 -9999.0 -9999.0 -245.665588 -207.167540 -170.115501 -142.650884 -111.592404 -79.749006 -73.562486 -64.871571 -58.428234 -51.832088 -42.607097 -32.534099 -15.723355 -0.860764 12.977520 34.900263 72.827907 110.490534 145.766802 180.933253 213.739345 239.576722 258.714148 279.380318 307.553986 352.773614 399.711948 460.428691 524.044639 572.977005 610.591179 643.195278 678.029953 709.618460 752.324736 794.755780 832.168856 865.408842 890.704838 910.654985 919.694698 929.679143 938.871272 954.639706 973.545732 992.001927 1016.482003 1040.615618 1060.173045 1070.744024 1077.890296 1091.252078 1104.757867 1115.074190
-9999.0 -9999.0 -292.255758 -255.134739 -220.030077 -168.511893 -115.719707 -81.823086 -40.638810 -15.219522 -7.430565 11.768988 29.564360 38.755385 56.362618 74.562138 89.632690 94.641893 109.620332 146.145589 202.222319 255.186919 290.499614 351.978039 392.478502 423.177897 443.699878 474.855200 515.902002 570.820840 633.695639 692.746292 739.769190 778.777291 801.529398 824.585983 850.359357 875.046377 908.354771 936.918252 964.720201 987.689741 1007.364095 1014.544214 1018.934066 1032.516505 1052.535053 1073.151775 1092.617567 1111.215099 1119.178288 1124.492935 1126.639809 1127.846191 1130.025547 1131.659364 1132.485575
-9999.0 -9999.0 -317.618371 -273.381544 -230.922879 -161.228690 -84.361800 -46.267712 -2.424444 43.402564 63.976178 89.863647 109.424868 127.581361 153.268591 178.409315 186.431141 191.771292 193.456162 252.106407 317.219386 385.924738 459.230932 534.088386 588.590332 610.950907 627.768664 652.575191 682.868416 732.705926 788.383130 842.906976 887.872968 919.442426 936.734263 954.247260 973.691914 990.644181 1007.127342 1040.100989 1060.746281 1081.097729 1103.206378 1120.953545 1127.857204 1129.428614 1123.087446 1127.587293 1130.531570 1131.730856 1131.865646 1128.482990 1127.702906 1128.383445 1129.595128 1125.193178 1119.471400
-9999.0 -404.691336 -352.689030 -298.454612 -227.860563 -158.355331 -71.944472 9.858756 63.111760 108.890571 140.815324 163.005053 217.340415 269.567468 300.150371 331.715519 333.011848 334.952331 329.440339 380.535626 444.419933 542.272250 668.708633 734.459603 780.171245 790.865286 792.604981 809.601114 836.395603 877.861265 938.213558 979.231833 1023.818426 1057.349478 1069.810126 1075.074605 1090.569010 1108.135695 1108.385310 1121.016028 1126.081534 1130.204683 1129.232427 1130.224366 1131.077238 1131.534614 1128.762925 1122.987515 1115.855069 1110.978745 1107.568466 1103.545416 1106.373268 1110.087737 1111.788960 1106.048067 1099.685328
-9999.0 -439.021538 -378.746614 -306.048287 -233.705119 -157.499738 -45.597192 88.191644 139.167784 178.600303 213.214410 262.274585 358.074424 434.983937 478.615297 525.582701 523.559882 513.217701 510.853872 553.992864 617.094923 700.108547 835.513792 920.325643 942.095396 957.063469 968.022909 993.331030 1025.071553 1054.225037 1079.298326 1088.508738 1103.463598 1110.675707 1113.399633 1115.196425 1118.139360 1119.219789 1117.512694 1114.712195 1110.800978 1111.395673 1115.460667 1115.693301 1113.680360 1111.603630 1107.103077 1100.615646 1096.143230 1092.724329 1091.048361 1088.978776 1088.405790 1089.654105 1086.852118 1082.886171 1075.998347
-9999.0 -464.222088 -394.573124 -328.968675 -256.236284 -132.091494 -7.663150 125.032852 219.076142 264.934498 319.371023 420.660610 541.114878 645.368739 701.286888 728.604279 736.360904 724.280666 736.592735 783.744644 848.618670 928.767765 999.759092 1064.968199 1077.955124 1083.339874 1075.257520 1084.840863 1093.251251 1095.804726 1097.441763 1099.056093 1104.356673 1107.406686 1107.123866 1105.498673 1102.273928 1096.033205 1092.583646 1090.910234 1088.820334 1089.457530 1092.728805 1094.053436 1092.337175 1089.567279 1086.354239 1082.186782 1077.849383 1073.093075 1070.920329 1068.470677 1067.601088 1064.376589 1061.337153 1057.315609 1046.442882
-9999.0 -553.583581 -468.858226 -407.989140 -276.108165 -107.891983 18.133048 174.153865 318.135010 379.032776 489.995419 628.567912 747.630857 827.060615 872.377179 913.276462 939.296245 961.891829 993.222701 982.172213 1027.973090 1067.133296 1082.546846 1090.588162 1089.868797 1093.130920 1088.513950 1072.860985 1065.273197 1060.570531 1063.402923 1071.118479 1077.094084 1083.067963 1081.726818 1082.872653 1083.574764 1081.552357 1079.855384 1074.011199 1068.435786 1064.393466 1063.813965 1069.523238 1065.210446 1062.754346 1058.344869 1052.415525 1046.067808 1040.549450 1035.053665 1030.121266 1028.643577 1024.321666 1023.983213 1017.729903 992.920591
-9999.0 -634.358787 -555.864032 -454.088712 -304.032521 -139.233143 5.977539 180.367109 384.140403 514.106351 651.892443 743.069441 833.014519 905.503012 969.051405 1007.286431 1026.751633 1034.098597 1031.707752 1038.499752 1012.865337 1008.569815 1025.116914 1049.059415 1060.644686 1065.760326 1059.580144 1051.393342 1046.850737 1047.496119 1047.450870 1047.299554 1046.692434 1045.317084 1042.627001 1044.623459 1049.639273 1045.608923 1040.043090 1034.879494 1030.082018 1023.652851 1019.020728 1016.176192 1014.616383 1014.545693 1008.096800 999.261438 990.577632 984.277192 978.237964 973.809930 972.467375 968.454622 961.757619 950.184044 922.161606
-9999.0 -723.369714 -607.307715 -505.809914 -372.034951 -231.094149 -93.783611 78.510708 244.718482 476.061883 671.283868 769.051066 822.402239 881.312076 943.987411 1003.901604 1010.081542 983.536597 958.262693 946.962549 952.199240 962.798754 977.209921 997.407776 1014.173178 1023.952413 1026.316431 1020.142080 1008.351411 1000.747645 995.560576 987.076597 980.834901 980.070074 979.638718 985.676720 988.935270 981.580894 971.517997 958.913241 947.586670 938.524381 935.210437 935.139604 933.715696 929.439810 921.794508 911.244926 899.042411 888.194714 881.027578 875.987118 869.849274 860.537940 849.076171 834.478835 803.653057
-9999.0 -9999.0 -677.880157 -565.743113 -451.014199 -322.372966 -194.489505 -37.567520 123.349382 323.261758 464.879339 598.826189 677.627796 733.624302 795.379250 850.906948 867.910472 883.899143 866.534289 870.855285 878.470724 886.716102 899.647771 914.627518 929.870559 940.696373 948.070595 946.485883 936.852957 919.399107 899.061561 883.535479 874.321520 867.592676 875.128121 885.376889 883.468143 877.983077 868.056881 854.448791 842.450124 828.828634 823.343036 821.243546 818.411623 812.497160 804.357629 788.372641 772.608032 758.298479 751.185555 744.189650 737.485125 725.247182 711.177173 693.394559 661.990100
-9999.0 -9999.0 -760.218583 -649.334924 -529.246892 -402.885948 -294.685371 -192.036394 -29.783160 97.861331 210.805618 316.233885 404.289030 477.589478 538.763936 605.783780 643.705101 660.438706 674.821656 697.798237 723.474572 751.329609 773.682668 793.334351 812.196892 827.454463 837.108185 825.664787 811.555307 789.471264 762.696348 736.037786 721.696136 715.516822 717.887499 723.543717 718.285585 708.734545 694.899772 678.993828 665.328575 651.685160 644.608892 638.413579 633.770220 626.883801 618.586776 603.631572 586.339069 573.893049 563.027503 554.540149 549.231716 539.519611 526.717620 515.407862 491.159207
