tests/Borden05m/data_simulated/sim_1/output-maps/psiliqL0004N0011.asc
ncols         160
nrows         34
xllcorner     620200.000000
yllcorner     5168000.000000
cellsize      0.500000
NODATA_value  -9999.0
[rows 0 to 24 of 34, columns 0 to 55 of 160]
-9999.0 -9999.0 -9999.0 -9999.0 -9999.0 -9999.0 -9999.0 -9999.0 -9999.0 -9999.0 -9999.0 -9999.0 -9999.0 -9999.0 -9999.0 -9999.0 -9999.0 -9999.0 -9999.0 -9999.0 -9999.0 -9999.0 -9999.0 -9999.0 -9999.0 -9999.0 -9999.0 -9999.0 -9999.0 -9999.0 -9999.0 -9999.0 -9999.0 -9999.0 -9999.0 -9999.0 -9999.0 -9999.0 -9999.0 -9999.0 -9999.0 -9999.0 -9999.0 -9999.0 -9999.0 -9999.0 -9999.0 -9999.0 -9999.0 -9999.0 -9999.0 -9999.0 -9999.0 -9999.0 -9999.0 -9999.0
-9999.0 -9999.0 -9999.0 -9999.0 -9999.0 -9999.0 -9999.0 -9999.0 -9999.0 -9999.0 -9999.0 -9999.0 -9999.0 -9999.0 -9999.0 -9999.0 -9999.0 -9999.0 -9999.0 -9999.0 -9999.0 -9999.0 -9999.0 -9999.0 -9999.0 -9999.0 -9999.0 -9999.0 -9999.0 -9999.0 -9999.0 -9999.0 -9999.0 -9999.0 -9999.0 -9999.0 -9999.0 -9999.0 -9999.0 -9999.0 -9999.0 -9999.0 -9999.0 -9999.0 -9999.0 -9999.0 -9999.0 -9999.0 -9999.0 -9999.0 -9999.0 -9999.0 -9999.0 -9999.0 -9999.0 -9999.0
-9999.0 -9999.0 -9999.0 -9999.0 -9999.0 -9999.0 -9999.0 -9999.0 -9999.0 -9999.0 -9999.0 -9999.0 -9999.0 -9999.0 -9999.0 -9999.0 -9999.0 -9999.0 -9999.0 -9999.0 -9999.0 -9999.0 -9999.0 -9999.0 -9999.0 -9999.0 -9999.0 -9999.0 -9999.0 -9999.0 -9999.0 -9999.0 -9999.0 -9999.0 -9999.0 -9999.0 -9999.0 -9999.0 -9999.0 -9999.0 -9999.0 -9999.0 -9999.0 -9999.0 -9999.0 -9999.0 -9999.0 -609.928073 -620.173605 -632.697074 -636.213791 -621.986037 -615.265857 -608.992188 -604.611253 -600.540192
-9999.0 -9999.0 -9999.0 -9999.0 -9999.0 -9999.0 -9999.0 -9999.0 -9999.0 -9999.0 -9999.0 -9999.0 -9999.0 -9999.0 -9999.0 -9999.0 -9999.0 -9999.0 -9999.0 -9999.0 -9999.0 -9999.0 -9999.0 -9999.0 -9999.0 -9999.0 -9999.0 -9999.0 -9999.0 -9999.0 -9999.0 -9999.0 -9999.0 -9999.0 -9999.0 -9999.0 -9999.0 -9999.0 -9999.0 -9999.0 -608.811421 -604.229594 -600.715025 -607.356040 -610.531658 -610.612503 -618.167611 -626.816328 -635.791704 -633.333284 -633.123466 -639.002620 -628.831789 -620.500760 -617.138770 -614.261143
-9999.0 -9999.0 -9999.0 -9999.0 -9999.0 -9999.0 -9999.0 -9999.0 -9999.0 -9999.0 -9999.0 -9999.0 -9999.0 -9999.0 -9999.0 -9999.0 -9999.0 -9999.0 -9999.0 -9999.0 -9999.0 -9999.0 -9999.0 -9999.0 -9999.0 -9999.0 -9999.0 -9999.0 -9999.0 -9999.0 -9999.0 -9999.0 -9999.0 -9999.0 -633.033645 -623.828248 -619.454132 -615.257478 -609.409806 -610.927033 -612.208454 -608.170932 -611.775815 -612.195821 -617.028152 -626.132551 -635.464347 -640.866298 -635.707371 -637.494043 -637.364068 -632.523008 -629.185044 -627.562193 -620.684312 -610.272068
-9999.0 -9999.0 -9999.0 -9999.0 -9999.0 -9999.0 -9999.0 -9999.0 -9999.0 -9999.0 -9999.0 -9999.0 -9999.0 -9999.0 -9999.0 -9999.0 -9999.0 -9999.0 -9999.0 -9999.0 -9999.0 -9999.0 -9999.0 -9999.0 -9999.0 -9999.0 -9999.0 -9999.0 -619.774098 -623.308860 -626.048708 -625.935507 -627.210074 -631.999830 -633.101796 -631.896041 -626.693835 -618.606874 -616.957224 -617.626972 -616.841909 -618.569738 -623.733295 -624.312723 -618.875390 -624.424122 -627.369143 -631.225307 -640.395350 -642.696452 -637.295998 -632.003306 -627.354307 -625.835538 -624.653287 -624.260522
-9999.0 -9999.0 -9999.0 -9999.0 -9999.0 -9999.0 -9999.0 -9999.0 -9999.0 -9999.0 -9999.0 -9999.0 -9999.0 -9999.0 -9999.0 -9999.0 -9999.0 -9999.0 -9999.0 -9999.0 -9999.0 -9999.0 -9999.0 -626.387271 -623.129919 -621.795948 -618.895878 -620.287797 -626.995035 -631.458201 -633.424178 -635.031951 -638.780815 -639.125188 -639.037408 -636.344088 -634.161957 -625.549264 -629.200090 -631.567656 -624.380417 -625.902660 -621.328034 -616.269696 -617.490103 -616.643377 -626.407613 -633.899756 -626.370471 -623.258510 -623.412064 -624.805218 -621.977292 -618.243120 -613.647616 -606.207029
-9999.0 -9999.0 -9999.0 -9999.0 -9999.0 -9999.0 -9999.0 -9999.0 -9999.0 -9999.0 -9999.0 -9999.0 -9999.0 -9999.0 -9999.0 -9999.0 -9999.0 -9999.0 -9999.0 -626.700256 -627.676147 -629.609289 -628.759164 -635.223985 -637.974471 -635.951488 -632.274101 -634.283207 -638.143473 -641.478578 -641.067605 -640.585105 -641.311334 -636.070648 -631.755453 -630.091387 -630.767799 -623.927748 -621.654807 -617.766708 -608.376047 -614.206638 -620.178532 -623.354505 -623.656741 -625.429240 -619.916948 -618.264634 -617.605869 -618.061396 -617.771649 -616.150335 -614.940958 -607.092426 -599.776402 -593.566489
-9999.0 -9999.0 -9999.0 -9999.0 -9999.0 -9999.0 -9999.0 -9999.0 -9999.0 -9999.0 -9999.0 -9999.0 -9999.0 -9999.0 -9999.0 -9999.0 -628.109413 -628.635083 -631.036730 -634.908597 -638.330736 -638.345410 -635.519755 -640.419232 -642.010117 -640.764511 -642.854603 -640.189219 -637.383126 -634.115939 -632.616473 -636.066067 -635.305934 -635.592096 -635.715096 -633.709814 -626.026216 -618.909745 -617.018523 -611.941797 -603.437111 -608.000864 -610.084544 -609.890845 -612.832181 -610.183604 -597.880465 -599.583497 -604.656943 -592.046602 -585.359574 -587.440468 -588.286783 -580.072742 -568.158458 -553.773503
-9999.0 -9999.0 -9999.0 -9999.0 -9999.0 -9999.0 -9999.0 -9999.0 -9999.0 -9999.0 -9999.0 -9999.0 -9999.0 -630.157854 -630.598392 -629.755058 -635.754947 -640.647120 -643.607052 -647.732377 -642.094070 -645.933053 -647.056996 -645.999756 -640.943092 -640.673840 -639.965151 -636.737506 -637.581280 -638.901759 -640.202341 -643.107568 -638.827849 -634.514999 -631.405643 -625.242568 -620.310518 -616.317747 -609.591829 -607.872248 -603.369267 -604.870797 -609.739315 -610.770498 -606.785970 -595.356070 -586.555434 -583.423247 -568.993497 -554.316115 -547.387450 -538.909747 -534.842950 -529.200484 -516.119431 -481.662614
-9999.0 -9999.0 -9999.0 -9999.0 -9999.0 -9999.0 -9999.0 -9999.0 -9999.0 -9999.0 -640.400125 -637.108448 -642.069760 -651.372640 -655.398241 -653.051820 -650.576777 -654.037361 -653.717677 -643.612041 -638.069242 -646.978012 -640.563027 -640.290359 -643.985180 -642.836013 -640.088388 -639.421070 -633.305404 -632.842313 -632.554383 -622.905437 -620.113566 -617.148168 -613.203505 -608.889604 -605.007689 -591.108806 -579.427712 -579.059420 -564.004315 -555.015656 -562.289905 -565.002947 -562.702950 -552.216267 -535.807907 -513.686589 -492.666809 -463.179720 -436.133234 -416.187931 -399.647865 -378.159375 -349.319622 -312.399872
-9999.0 -9999.0 -9999.0 -9999.0 -9999.0 -9999.0 -9999.0 -9999.0 -654.331202 -648.826783 -645.403904 -649.681501 -655.539232 -666.314004 -662.005066 -657.830457 -654.948522 -650.755502 -648.683430 -646.880871 -648.970307 -645.449945 -639.033704 -640.465659 -639.621695 -635.412833 -635.020160 -631.179411 -625.393426 -627.553131 -624.259803 -618.789234 -613.994883 -609.672760 -604.616369 -601.232821 -587.111923 -569.076397 -550.794476 -535.866551 -515.886170 -492.867464 -493.306780 -489.447070 -484.706133 -455.053475 -411.992740 -354.992266 -313.921328 -294.579840 -276.794330 -266.409932 -258.452375 -247.152945 -231.846137 -217.706442
-9999.0 -9999.0 -9999.0 -9999.0 -9999.0 -9999.0 -663.057637 -650.525070 -644.588988 -658.241580 -669.229901 -673.013870 -679.747139 -664.975676 -652.533696 -650.038798 -648.075496 -645.768765 -646.720198 -654.333620 -636.065865 -640.455763 -643.689674 -638.024681 -638.102972 -637.278812 -633.505523 -625.446302 -621.501540 -606.481038 -595.609639 -586.276026 -574.375604 -567.031762 -559.541775 -551.024617 -529.889713 -500.061404 -463.260626 -424.367032 -377.878976 -331.841876 -314.588375 -306.941366 -301.485767 -291.874932 -272.603605 -248.330845 -219.766582 -194.453186 -175.958839 -167.365274 -158.467304 -147.052036 -131.981976 -114.745681
-9999.0 -9999.0 -9999.0 -9999.0 -656.704292 -653.786542 -655.829928 -644.996667 -637.657803 -653.847186 -647.985641 -650.910511 -656.433579 -663.093498 -671.123420 -664.932468 -661.231640 -658.647155 -659.419001 -641.293137 -626.029908 -634.862552 -627.220593 -613.002676 -615.487177 -613.564935 -612.275649 -605.484887 -593.893319 -579.537347 -550.310478 -525.159959 -508.191255 -488.967508 -469.476303 -442.900503 -395.970286 -332.762722 -300.377135 -277.541622 -254.303489 -232.702423 -218.057092 -211.013588 -202.631133 -192.567688 -177.844773 -155.163920 -127.990881 -95.714953 -74.136395 -58.754104 -51.773910 -38.408516 -21.501507 14.465629
-9999.0 -9999.0 -9999.0 -664.850075 -652.408690 -647.642734 -653.003128 -650.482338 -641.154963 -649.857089 -651.402458 -652.936026 -653.871143 -653.638884 -654.266607 -650.657437 -649.698510 -651.804282 -648.912082 -637.757874 -632.193333 -623.267265 -616.041890 -605.890029 -597.471329 -593.928961 -589.048963 -577.704439 -551.651341 -523.475833 -475.858377 -411.066694 -348.708922 -313.962026 -299.804206 -284.405139 -267.189549 -239.631926 -213.838410 -189.411012 -162.848153 -138.109550 -114.093475 -106.466216 -100.139747 -94.357223 -77.124233 -58.277858 -32.301899 16.348881 25.156574 59.613162 55.883515 78.912838 93.189980 107.872225
-9999.0 -9999.0 -663.162337 -655.926354 -660.390307 -651.368181 -641.459592 -647.462564 -635.905491 -632.097017 -642.870350 -636.416006 -633.017530 -639.616359 -635.028456 -629.868694 -627.053382 -634.837045 -640.136022 -627.442976 -601.728393 -581.511626 -571.084216 -528.863724 -505.319415 -490.668992 -483.514969 -461.270071 -423.292450 -347.401447 -300.840070 -267.193030 -234.983902 -207.892535 -196.226275 -181.842520 -158.539442 -140.398434 -116.399686 -91.135357 -62.405138 -32.699623 12.662313 22.047385 25.307721 21.456513 55.016542 60.235255 93.989048 113.550810 128.884514 130.452678 130.277548 131.565136 131.857710 132.574910
-9999.0 -9999.0 -671.587161 -659.589895 -667.369958 -649.036055 -632.084693 -646.724978 -641.136531 -624.307016 -628.078060 -625.684984 -627.426179 -626.275622 -618.777679 -605.027790 -611.192847 -613.523163 -628.205159 -591.796361 -561.046282 -514.102761 -435.959119 -354.973036 -311.026524 -303.518886 -300.360241 -290.552430 -273.784158 -236.501076 -190.819515 -147.127944 -108.495786 -81.771465 -67.690606 -50.229866 -10.713613 6.889745 0.428635 29.200906 66.323413 86.666601 108.598464 124.974508 130.931526 130.033321 130.452211 130.217558 131.599290 132.213752 131.706154 128.822303 127.915605 128.388163 129.524079 124.693723
-9999.0 -675.166582 -668.909944 -668.178711 -656.050272 -659.129228 -644.487025 -624.438383 -623.732038 -615.970707 -614.875741 -624.241308 -589.390612 -560.756966 -550.921417 -528.607328 -537.376333 -543.983870 -558.772357 -527.013133 -472.898042 -345.181886 -257.683997 -205.208011 -177.084048 -172.695286 -175.816953 -163.274119 -139.463780 -102.185946 -39.497621 13.052071 50.388546 77.312546 85.981765 88.260916 102.209967 116.922729 130.052255 132.866596 134.879715 135.620514 132.080344 132.322840 132.190886 132.420256 129.167664 123.292840 115.883637 110.863054 107.040476 102.760943 104.984948 108.017232 109.208979 101.913230
-9999.0 -694.092014 -669.923972 -656.234360 -660.846460 -669.946905 -637.511529 -592.059602 -604.376954 -607.221311 -607.522717 -581.459711 -510.173920 -449.051622 -404.696345 -351.807464 -355.363125 -375.914584 -374.143082 -324.289222 -282.421464 -220.716400 -112.731044 -8.346975 -2.620207 6.244169 13.716001 33.493088 58.415235 80.080274 98.740366 119.434997 123.228206 124.051633 124.536545 124.740926 125.155213 125.110205 121.432175 118.042474 113.931622 114.070833 117.474755 117.193543 114.692337 112.167289 106.510441 97.176556 90.638645 85.697352 81.614811 68.716008 75.932999 78.370836 73.989885 51.880493
-9999.0 -675.306220 -649.162483 -655.377931 -676.794346 -645.426333 -631.345000 -598.142482 -573.486734 -577.001616 -545.289707 -451.939025 -332.159534 -281.296891 -247.892834 -220.199667 -197.210565 -198.410713 -179.880859 -134.579709 -52.233724 7.911680 50.923411 102.054572 108.926915 109.495319 108.531591 109.160697 109.851787 110.153020 110.562367 109.297299 113.847169 115.989796 114.826446 112.023394 107.210742 97.872814 91.675627 88.905315 85.779092 85.753581 88.701996 89.153153 86.782769 82.915950 76.026015 48.098462 36.593619 28.170509 23.119811 17.273185 16.242325 12.297563 6.341151 -3.806804
-9999.0 -709.176003 -669.138211 -702.161070 -657.607893 -621.284866 -623.529217 -572.203985 -516.679460 -496.741633 -373.431426 -292.407823 -226.262722 -177.634882 -130.718993 -63.883313 14.662227 41.293648 66.175201 71.187217 99.690199 114.583719 116.292858 117.492667 109.947988 110.128200 102.565657 82.375947 71.528488 64.736947 66.398458 73.329081 79.345816 85.100105 82.998246 82.604348 79.314661 50.609191 41.145581 32.285898 24.940868 20.177151 19.658731 25.194637 20.020439 15.643582 7.900639 -5.178630 -16.239589 -25.277161 -33.353983 -40.554502 -43.463415 -49.097527 -51.005473 -58.779508
-9999.0 -735.222643 -705.044865 -684.704563 -647.069120 -621.147801 -596.505750 -544.077715 -443.989595 -340.271010 -273.380922 -239.280495 -187.431732 -123.724323 -44.961946 56.739439 89.908953 93.555861 92.981856 79.474633 40.508698 31.972795 44.403764 64.468593 71.703559 73.831149 60.680427 22.306438 9.286986 6.729390 5.709308 5.985291 5.971010 4.668885 1.114695 1.148404 2.496265 -8.945795 -18.771355 -26.356897 -32.423660 -39.288706 -43.881452 -46.069255 -48.295675 -49.169489 -57.093165 -68.525215 -79.511869 -87.799538 -95.710974 -101.820912 -103.738127 -107.772505 -113.070993 -122.239726
-9999.0 -800.685321 -695.249962 -685.006732 -662.379476 -655.071135 -647.769271 -602.866427 -538.148062 -353.765542 -223.813847 -205.422240 -186.397245 -147.558361 -78.785276 0.945691 60.661822 33.272028 2.380502 -56.373588 -70.380929 -66.811250 -54.428566 -34.929327 -20.855573 -14.410855 -18.159850 -33.574683 -49.636002 -57.744233 -61.624089 -68.679166 -74.152335 -74.694727 -77.102154 -73.320885 -71.282735 -81.611011 -93.710689 -106.829130 -117.800475 -125.641275 -128.087784 -127.333038 -127.799130 -130.544290 -137.421785 -146.864713 -158.222249 -168.199214 -175.769274 -180.871306 -185.747346 -192.214680 -199.173225 -206.280701
-9999.0 -9999.0 -740.287884 -684.594601 -678.643776 -670.975042 -664.035078 -628.437422 -590.629173 -481.232718 -353.248145 -296.497740 -267.038974 -232.949129 -180.406317 -130.675275 -111.754321 -103.933905 -133.169480 -146.554308 -150.260910 -148.286797 -139.087877 -127.117589 -115.731240 -109.010077 -106.094036 -109.824994 -119.582427 -133.462986 -148.756497 -160.325066 -167.618704 -172.724779 -166.977877 -158.299502 -159.744940 -165.389536 -174.459198 -185.903962 -194.988829 -204.090588 -206.018066 -204.797731 -204.644998 -206.952618 -211.360418 -222.015933 -233.466160 -244.816137 -250.573040 -255.940693 -260.747200 -268.761595 -276.468261 -284.283452
-9999.0 -9999.0 -813.007505 -712.716723 -677.158894 -653.999215 -657.621659 -654.564260 -605.981189 -582.027222 -545.936628 -491.861405 -437.934920 -365.565650 -319.411043 -288.733970 -275.107948 -269.480064 -270.322603 -265.308165 -252.420811 -236.628272 -224.447273 -214.088110 -204.939983 -197.681392 -191.208860 -199.322822 -207.433053 -219.845726 -236.629923 -255.189580 -264.937595 -269.605448 -266.838156 -261.560575 -265.055082 -271.615401 -280.310223 -289.739531 -296.338948 -302.639912 -304.195479 -304.794249 -304.929629 -306.658342 -309.903558 -320.697360 -339.221338 -355.764147 -369.711427 -382.011732 -389.710645 -404.272588 -421.315346 -433.671194
