tests/Borden05m/data_simulated/sim_1/output-maps/psiliqL0025N0011.asc
ncols         160
nrows         34
xllcorner     620200.000000
yllcorner     5168000.000000
cellsize      0.500000
NODATA_value  -9999.0
[rows 0 to 24 of 34, columns 55 to 109 of 160]
-9999.0 -9999.0 -9999.0 -9999.0 -9999.0 -9999.0 -9999.0 -9999.0 -9999.0 -9999.0 -9999.0 -9999.0 -9999.0 -9999.0 -9999.0 -9999.0 -9999.0 -9999.0 -9999.0 -9999.0 -9999.0 -9999.0 -9999.0 -9999.0 -9999.0 -9999.0 -9999.0 -9999.0 -9999.0 -9999.0 -9999.0 -9999.0 -9999.0 -9999.0 -9999.0 -9999.0 -9999.0 -9999.0 -9999.0 -9999.0 -9999.0 -9999.0 -9999.0 -9999.0 -9999.0 -9999.0 -9999.0 -9999.0 -9999.0 -9999.0 -9999.0 -9999.0 -9999.0 -9999.0 -9999.0
-9999.0 -9999.0 -9999.0 -9999.0 3198.525205 3193.201596 3188.379408 3183.828034 3175.830155 3166.507842 3158.574496 3154.370590 3153.185035 3152.304696 3151.642858 3156.479505 3164.470303 3172.023641 3178.843601 3180.504304 3182.770174 3184.590574 3184.783505 3183.582740 3180.318689 3177.667495 3174.256065 3172.537871 3165.107179 3153.947505 3145.590562 3142.887739 3147.072485 3151.416061 3153.876677 3159.101683 3169.506719 3180.102795 3187.934815 3200.411299 3207.355330 3212.712656 3215.367938 3211.419549 3208.181835 3204.273991 3198.276996 3187.212542 -9999.0 -9999.0 -9999.0 -9999.0 -9999.0 -9999.0 -9999.0
3143.972319 3162.317485 3182.553498 3185.637387 3174.564769 3169.496146 3166.316572 3164.581224 3160.248896 3151.691340 3146.504461 3140.964387 3138.305351 3138.239102 3138.056685 3141.673943 3152.308303 3160.036522 3164.534442 3167.077488 3169.830741 3168.283556 3167.454781 3167.157531 3164.199532 3160.675198 3157.243261 3155.350937 3156.696331 3149.075677 3143.095202 3139.214020 3136.339384 3139.051595 3141.721020 3146.218314 3155.409174 3163.334359 3171.299677 3185.658070 3198.760144 3204.461722 3201.975480 3197.423977 3193.707080 3186.441475 3176.481555 3166.525539 3158.332900 3152.226529 3146.934511 3140.655192 3147.130260 3154.991113 3164.429466
3127.164398 3146.226437 3166.533680 3169.042962 3158.706028 3150.892408 3144.133275 3144.561210 3147.913474 3144.579389 3139.685675 3132.007256 3141.803765 3142.713864 3143.336345 3146.420845 3148.288148 3153.160287 3155.506109 3160.745235 3169.620514 3172.327862 3172.679618 3172.644980 3170.591049 3167.270501 3165.248437 3162.389736 3157.059631 3155.262317 3154.911622 3153.663802 3157.784667 3159.258232 3162.117447 3156.556551 3160.931000 3167.195366 3174.140178 3179.734710 3185.122522 3187.789799 3184.577384 3185.176644 3177.702560 3164.166225 3154.367927 3146.940842 3147.113143 3144.246147 3136.435254 3122.902781 3131.230789 3147.405593 3152.272411
3131.221624 3140.008559 3150.509283 3152.927273 3147.800980 3149.854644 3151.526328 3152.644571 3150.690985 3147.066441 3142.728147 3153.142221 3161.324316 3162.581939 3164.902858 3168.700829 3169.372178 3158.341288 3156.181240 3163.409644 3172.951110 3178.026932 3178.098421 3177.646280 3173.986862 3172.746029 3172.441670 3170.537853 3170.039786 3171.584248 3169.262053 3172.272571 3177.696607 3180.042042 3175.573813 3167.163004 3169.335559 3177.749465 3185.894638 3193.476283 3203.701877 3214.583931 3214.860670 3210.387115 3202.016948 3189.678188 3168.180533 3150.695892 3139.873530 3132.075608 3124.952253 3127.848509 3123.405345 3137.162750 3139.066597
3117.255493 3137.481162 3157.377853 3163.216617 3157.087459 3153.132909 3151.658085 3152.163015 3151.129359 3151.608860 3160.408801 3172.109476 3182.429771 3184.240798 3185.928180 3184.595220 3177.836825 3167.470924 3164.627821 3177.848766 3193.375779 3201.095100 3200.560771 3196.383354 3199.654520 3199.583639 3199.854471 3196.327616 3197.078580 3194.883927 3200.562318 3208.179902 3216.040265 3214.610577 3202.305988 3190.077473 3189.942475 3195.247116 3201.941704 3209.471020 3219.687728 3228.932189 3224.232788 3219.096477 3211.732709 3186.165709 3164.416468 3150.217425 3150.686787 3151.584974 3147.344294 3145.419746 3144.522766 3140.385404 3140.713688
3153.127512 3172.217225 3191.281765 3204.183562 3197.867609 3190.202558 3181.492441 3181.547312 3181.950794 3187.733285 3198.050109 3210.875643 3232.448718 3231.941184 3232.401947 3231.242077 3218.410814 3205.203560 3195.083978 3216.719909 3227.549305 3234.697690 3232.329951 3237.676081 3246.305340 3242.598291 3236.139940 3224.181131 3229.775141 3236.580164 3251.645886 3259.440417 3264.582497 3260.263964 3246.618734 3239.967695 3241.301940 3247.482320 3248.452418 3256.848814 3265.790284 3280.803078 3279.670038 3276.112660 3256.269205 3219.553940 3190.227253 3178.370814 3188.494939 3182.986653 3177.766889 3177.612755 3166.556179 3159.295203 3161.888095
3184.667307 3198.129800 3214.206562 3230.617116 3221.865707 3211.517902 3195.127822 3192.034940 3196.265447 3206.201173 3223.571231 3241.651763 3261.615827 3260.835816 3254.856218 3264.346513 3257.336698 3246.564984 3238.943983 3259.467746 3269.617768 3279.850425 3285.787592 3298.338321 3308.773199 3292.764756 3276.082006 3266.057904 3272.887238 3297.938481 3319.869322 3324.654882 3323.878818 3323.573932 3308.797568 3303.857434 3300.234654 3300.195961 3297.381953 3295.409986 3320.234330 3341.454402 3341.255936 3319.791562 3297.199534 3258.165227 3220.723811 3196.124705 3208.269421 3205.236140 3208.488159 3198.289728 3186.565481 3178.996566 3177.221585
3235.638123 3257.493307 3273.948463 3295.474309 3286.973938 3264.273783 3248.756785 3251.332820 3264.594305 3272.378119 3290.373986 3307.796079 3333.836831 3346.464934 3358.130339 3361.873447 3354.769675 3346.160637 3334.038269 3338.677051 3361.956539 3373.408948 3381.839658 3390.349189 3402.912663 3403.641810 3397.040578 3395.282163 3399.526716 3412.469070 3426.460386 3433.172412 3436.392599 3439.227200 3426.770111 3414.115201 3411.798409 3406.135305 3404.530233 3403.682078 3414.530470 3434.427218 3431.433333 3395.912336 3369.295025 3334.876087 3296.897998 3267.709162 3260.990693 3279.276099 3276.736157 3260.688036 3249.836364 3223.535333 3217.890694
3305.571667 3338.417098 3362.749337 3372.979432 3380.651172 3366.481001 3364.520860 3368.512137 3376.641346 3379.749057 3386.123472 3418.333142 3452.009919 3477.156448 3499.878115 3507.049794 3494.843275 3485.035214 3471.609594 3462.739287 3473.231665 3490.223244 3507.758506 3522.684961 3533.969680 3536.145240 3534.584645 3534.649263 3537.664393 3540.646522 3544.847961 3553.139764 3560.743165 3569.478595 3577.711609 3567.621168 3550.698864 3541.255883 3531.959319 3530.930918 3532.187342 3535.727378 3536.816579 3520.844186 3479.744352 3448.543973 3416.653990 3396.649016 3383.134653 3382.205303 3364.321829 3340.418205 3289.772067 3252.617529 3221.442500
3391.736136 3435.339269 3464.481765 3481.907219 3494.616888 3491.873565 3493.630347 3494.644613 3498.402333 3500.842632 3503.743793 3530.174169 3571.411864 3610.577879 3641.665130 3641.711737 3628.178413 3616.866764 3607.656137 3593.474137 3589.550820 3601.894187 3617.057769 3637.107917 3647.588792 3653.877177 3650.716366 3650.945720 3652.671643 3654.995415 3657.117360 3660.664414 3670.182638 3685.103809 3699.453438 3698.700508 3680.049368 3662.153167 3646.084185 3643.390678 3640.793681 3635.871470 3638.163996 3640.056844 3624.733534 3593.877238 3554.395719 3514.029920 3496.908743 3481.602311 3470.772591 3454.100201 3414.706171 3349.444869 3310.898324
3506.634461 3540.302371 3569.247474 3599.445976 3614.415571 3616.855285 3614.378895 3613.295246 3620.268225 3623.116619 3628.936516 3645.454088 3677.207932 3712.383382 3741.942615 3757.412125 3749.759943 3732.002279 3709.977137 3700.334023 3697.477445 3701.027581 3710.435124 3723.123750 3742.505846 3761.811715 3767.575765 3768.454174 3765.779339 3768.192181 3769.742636 3769.857594 3772.718142 3781.106872 3790.906591 3794.260479 3786.578562 3765.679694 3742.298905 3730.819735 3724.246959 3720.811711 3721.724505 3726.763981 3729.888219 3715.233839 3679.896504 3635.727320 3605.689836 3590.319112 3577.485578 3563.566055 3551.299953 3519.160465 3498.464075
3615.423497 3630.566940 3658.667411 3687.365673 3710.036695 3724.765412 3725.247675 3728.330038 3733.069944 3740.455107 3755.523709 3778.726385 3797.655394 3820.157602 3846.643715 3862.828753 3868.090655 3866.460031 3862.449890 3863.658572 3864.009388 3801.501449 3807.737637 3813.953323 3830.965784 3846.306122 3851.856782 3852.491420 3849.959373 3851.786387 3852.548017 3852.445251 3852.073192 3854.373925 3859.426447 3861.357500 3858.970228 3846.397167 3864.495750 3844.496388 3831.047102 3822.845107 3814.608690 3806.355429 3796.932511 3787.060482 3767.093872 3736.318025 3702.005224 3680.409409 3672.446269 3666.384505 3658.016371 3652.387616 3635.494128
3713.951131 3724.520630 3742.656596 3765.334256 3799.177977 3822.528188 3833.903521 3843.189252 3847.850492 3861.762980 3878.369680 3862.444687 3870.739139 3879.322359 3887.850698 3890.779401 3891.617958 3891.231025 3888.839851 3888.066368 3885.652571 3882.167386 3871.712393 3873.320892 3875.265684 3877.885399 3881.617213 3880.509607 3881.618391 3884.572437 3882.813797 3876.774707 3872.701889 3871.127028 3872.120766 3879.553676 3883.039861 3883.996861 3880.645355 3879.712972 3878.718448 3875.323224 3871.084350 3865.108785 3857.464862 3872.204319 3860.170530 3832.188392 3792.033347 3750.946295 3743.210947 3744.928354 3744.863811 3743.345742 3737.776009
3838.588829 3852.243459 3867.009016 3844.924736 3867.228415 3878.642580 3883.979646 3888.086440 3890.890050 3894.007312 3890.995772 3887.984869 3883.101937 3881.540284 3880.189900 3877.752886 3878.384171 3876.497850 3872.436706 3868.403505 3860.457134 3848.900834 3837.724872 3834.171618 3838.479441 3844.097050 3849.246200 3853.687997 3857.409781 3857.426468 3851.961874 3843.536556 3835.990560 3834.330323 3841.207540 3846.952474 3853.470986 3854.346211 3852.953493 3850.465099 3850.221894 3846.954867 3847.166438 3854.241925 3868.992599 3871.747081 3877.639279 3876.800178 3860.180207 3830.084962 3841.469963 3821.547530 3827.561358 3822.988185 3811.665673
3882.310241 3885.076613 3883.448741 3882.345304 3875.970724 3869.920973 3869.146816 3873.168502 3880.219977 3881.290294 3874.246693 3865.680586 3858.463708 3851.051982 3848.717402 3848.157120 3847.909127 3848.416079 3843.131738 3833.842234 3816.854543 3805.288260 3794.229977 3788.295251 3784.528587 3788.001248 3799.237363 3811.395327 3816.434853 3807.162282 3798.712023 3786.904760 3778.835627 3779.282710 3780.328377 3789.829588 3806.652981 3814.167933 3814.956305 3808.489734 3802.008168 3795.347374 3792.277528 3798.701760 3813.995248 3830.748638 3846.347521 3855.487469 3863.207556 3870.322265 3868.777886 3871.514554 3873.020407 3870.894343 3873.881124
3876.673271 3869.700299 3862.736220 3857.453863 3851.023995 3845.737095 3843.920046 3845.819758 3847.785657 3843.715880 3837.359386 3827.394706 3816.408487 3806.746584 3799.178403 3800.221203 3802.596819 3804.274176 3797.026265 3781.711676 3763.945714 3750.502008 3736.670873 3732.762617 3726.900988 3719.295862 3729.421985 3749.128576 3756.500665 3740.447341 3729.581480 3714.404352 3707.820930 3703.832956 3704.615533 3713.537301 3736.001309 3760.051515 3762.118497 3751.163348 3740.279770 3735.532432 3732.299047 3736.901904 3753.596230 3774.361115 3790.407816 3800.808069 3806.125286 3813.897220 3823.276865 3837.520612 3852.313145 3864.639904 3869.359631
3851.616872 3843.881562 3836.252247 3828.669847 3821.817149 3815.667227 3811.421199 3809.497482 3805.621355 3799.576760 3792.614727 3772.104972 3759.762377 3746.954005 3732.148025 3728.348008 3723.657645 3724.818476 3713.402126 3705.473231 3689.064295 3673.802323 3658.267154 3645.020382 3639.341832 3632.693112 3631.079275 3644.570589 3653.009441 3643.494359 3633.819454 3623.175246 3618.656141 3615.300939 3617.769322 3628.194697 3647.737039 3666.030250 3674.408808 3667.036162 3665.667678 3665.613382 3663.991032 3670.222890 3680.971680 3698.841144 3721.118989 3739.953442 3749.760914 3756.582837 3765.748038 3780.122198 3794.187074 3808.485445 3826.432479
3821.217178 3811.972613 3802.128726 3792.498121 3782.100110 3771.639245 3765.230126 3767.944276 3762.012606 3756.482857 3733.984834 3679.149127 3658.247407 3639.495702 3623.444553 3616.885431 3608.613631 3592.682614 3584.149415 3579.765859 3581.983373 3568.129687 3550.777376 3533.212004 3528.401124 3524.924948 3507.663617 3503.124824 3503.690427 3519.920490 3513.890386 3512.642145 3514.550554 3512.169543 3513.450128 3526.176424 3533.854122 3539.268823 3545.968282 3550.695190 3561.148022 3569.088687 3579.171885 3596.146635 3606.863659 3622.001105 3642.135316 3667.566201 3682.848192 3692.196840 3702.443591 3717.584485 3733.618456 3751.223915 3773.496750
3786.762292 3770.363805 3755.922713 3741.765412 3729.219614 3716.550668 3700.936286 3702.957392 3700.967816 3690.900208 3636.358051 3595.857795 3562.315148 3545.401899 3522.065120 3508.795093 3492.682817 3454.546815 3437.356686 3437.132527 3452.202606 3448.913311 3433.816710 3422.113704 3412.848334 3403.600311 3385.971654 3367.245773 3373.368378 3391.902228 3392.928423 3396.341387 3404.250213 3403.742795 3396.985728 3394.151872 3406.070367 3411.409313 3422.473581 3440.015042 3444.760389 3461.034834 3494.550681 3507.112035 3521.831050 3539.870548 3559.927067 3581.660172 3603.897070 3617.650375 3632.537649 3650.694118 3667.096762 3687.147871 3709.487029
3736.321583 3705.514404 3684.662732 3667.543584 3648.691745 3622.059673 3602.328995 3600.342687 3594.448504 3565.697413 3513.780728 3478.603614 3455.660573 3434.309197 3411.757076 3388.408504 3351.539325 3317.214237 3295.766845 3311.926945 3323.488461 3335.472089 3324.360186 3313.861909 3304.501495 3286.613464 3269.924509 3253.557266 3264.672226 3273.356778 3292.519296 3299.464180 3303.387151 3309.296790 3307.782128 3296.814878 3291.394148 3299.236700 3308.853120 3320.581931 3341.918789 3376.979520 3401.294962 3419.070365 3439.026385 3457.163964 3477.962040 3500.350835 3522.574369 3539.040022 3556.839342 3574.824072 3595.197673 3613.882969 3636.303714
3656.805117 3628.982117 3603.084797 3580.382074 3549.143023 3503.268638 3489.322847 3480.802814 3459.308586 3412.290790 3371.230796 3351.360911 3339.139974 3316.620809 3296.346710 3268.018594 3234.703484 3213.732278 3193.713259 3204.613127 3215.397741 3236.013718 3227.683809 3221.286914 3218.654092 3203.564960 3190.507432 3174.174578 3180.531284 3192.787057 3216.415063 3222.458405 3226.599521 3236.010406 3235.194593 3230.373665 3212.446728 3218.888793 3229.377822 3243.666607 3274.354775 3296.423486 3318.291962 3339.424062 3358.120881 3378.797503 3400.288745 3422.535978 3448.152689 3466.966780 3485.240488 3506.052622 3524.558746 3538.306579 3553.959122
3549.492815 3526.088141 3507.149881 3483.631666 3441.408986 3398.225459 3358.142939 3331.986351 3280.299518 3246.207586 3226.930758 3227.041002 3215.912502 3197.264574 3179.455387 3162.364380 3141.504423 3123.640928 3099.286112 3105.350010 3121.791218 3139.397171 3141.336918 3142.817914 3141.770870 3132.861900 3119.670216 3106.214629 3110.053636 3127.265228 3145.312493 3155.459881 3163.192086 3170.879984 3170.472303 3160.653284 3150.306685 3154.701750 3169.644713 3184.171499 3200.970166 3220.809702 3240.719295 3260.223416 3281.761991 3303.397968 3325.278114 3349.073252 3374.671792 3394.949679 3417.568964 3440.924496 3456.510032 3464.361081 3471.264344
3448.098959 3429.681648 3407.369821 3380.685663 3339.786016 3301.144951 3261.361034 3214.989237 3183.089087 3156.989593 3151.606821 3137.655672 3125.892175 3112.915344 3093.971783 3078.987059 3065.492440 3045.277047 3036.352180 3044.380098 3058.398968 3066.922864 3074.323953 3072.708547 3070.828603 3065.631757 3051.976667 3048.199433 3058.354276 3073.551174 3087.174061 3098.746241 3105.569349 3110.520880 3107.289000 3097.851194 3094.718391 3102.530649 3117.526454 3130.322064 3144.241152 3163.850873 3181.794847 3202.074955 3223.186682 3243.849164 3266.898036 3290.659956 3315.305459 3341.089043 3362.140046 3379.296012 3386.757341 3394.919375 3393.283265
3326.574642 3316.204097 3291.508555 3264.271964 3236.334907 3204.756533 3182.043547 3153.590273 3125.237429 3097.910922 3073.619121 3062.989023 3058.425748 3047.396183 3031.967397 3022.170245 3007.874545 2999.133808 3006.269790 3008.072100 3016.497949 3014.961078 3016.373314 3014.395182 3014.193276 3012.400012 3006.731142 3018.925088 3025.288055 3038.581557 3048.497941 3058.126180 3063.745342 3067.101491 3068.073111 3063.700294 3069.321937 3074.898698 3087.950413 3098.380792 3110.957769 3129.795010 3145.418596 3162.919943 3182.776804 3204.092824 3226.211159 3250.167267 3276.453157 3299.364502 3315.437145 3320.566873 3328.150560 3327.984997 3315.298078
