tests/Borden05m/data_simulated/sim_1/output-maps/psiliqL0029N0014.asc
ncols         160
nrows         34
xllcorner     620200.000000
yllcorner     5168000.000000
cellsize      0.500000
NODATA_value  -9999.0
[rows 0 to 24 of 34, columns 0 to 54 of 160]
-9999.0 -9999.0 -9999.0 -9999.0 -9999.0 -9999.0 -9999.0 -9999.0 -9999.0 -9999.0 -9999.0 -9999.0 -9999.0 -9999.0 -9999.0 -9999.0 -9999.0 -9999.0 -9999.0 -9999.0 -9999.0 -9999.0 -9999.0 -9999.0 -9999.0 -9999.0 -9999.0 -9999.0 -9999.0 -9999.0 -9999.0 -9999.0 -9999.0 -9999.0 -9999.0 -9999.0 -9999.0 -9999.0 -9999.0 -9999.0 -9999.0 -9999.0 -9999.0 -9999.0 -9999.0 -9999.0 -9999.0 -9999.0 -9999.0 -9999.0 -9999.0 -9999.0 -9999.0 -9999.0 -9999.0
-9999.0 -9999.0 -9999.0 -9999.0 -9999.0 -9999.0 -9999.0 -9999.0 -9999.0 -9999.0 -9999.0 -9999.0 -9999.0 -9999.0 -9999.0 -9999.0 -9999.0 -9999.0 -9999.0 -9999.0 -9999.0 -9999.0 -9999.0 -9999.0 -9999.0 -9999.0 -9999.0 -9999.0 -9999.0 -9999.0 -9999.0 -9999.0 -9999.0 -9999.0 -9999.0 -9999.0 -9999.0 -9999.0 -9999.0 -9999.0 -9999.0 -9999.0 -9999.0 -9999.0 -9999.0 -9999.0 -9999.0 -9999.0 -9999.0 -9999.0 -9999.0 -9999.0 -9999.0 -9999.0 -9999.0
-9999.0 -9999.0 -9999.0 -9999.0 -9999.0 -9999.0 -9999.0 -9999.0 -9999.0 -9999.0 -9999.0 -9999.0 -9999.0 -9999.0 -9999.0 -9999.0 -9999.0 -9999.0 -9999.0 -9999.0 -9999.0 -9999.0 -9999.0 -9999.0 -9999.0 -9999.0 -9999.0 -9999.0 -9999.0 -9999.0 -9999.0 -9999.0 -9999.0 -9999.0 -9999.0 -9999.0 -9999.0 -9999.0 -9999.0 -9999.0 -9999.0 -9999.0 -9999.0 -9999.0 -9999.0 -9999.0 -9999.0 3872.392413 3855.232726 3842.357330 3836.923813 3857.437229 3880.279654 3903.956850 3924.328599
-9999.0 -9999.0 -9999.0 -9999.0 -9999.0 -9999.0 -9999.0 -9999.0 -9999.0 -9999.0 -9999.0 -9999.0 -9999.0 -9999.0 -9999.0 -9999.0 -9999.0 -9999.0 -9999.0 -9999.0 -9999.0 -9999.0 -9999.0 -9999.0 -9999.0 -9999.0 -9999.0 -9999.0 -9999.0 -9999.0 -9999.0 -9999.0 -9999.0 -9999.0 -9999.0 -9999.0 -9999.0 -9999.0 -9999.0 -9999.0 3924.039763 3929.884657 3929.147438 3919.331662 3907.829184 3893.584912 3872.686241 3855.596343 3842.911943 3841.038331 3843.255464 3845.083273 3865.024165 3890.457998 3910.271095
-9999.0 -9999.0 -9999.0 -9999.0 -9999.0 -9999.0 -9999.0 -9999.0 -9999.0 -9999.0 -9999.0 -9999.0 -9999.0 -9999.0 -9999.0 -9999.0 -9999.0 -9999.0 -9999.0 -9999.0 -9999.0 -9999.0 -9999.0 -9999.0 -9999.0 -9999.0 -9999.0 -9999.0 -9999.0 -9999.0 -9999.0 -9999.0 -9999.0 -9999.0 3831.973400 3848.642744 3866.364577 3884.813697 3901.713568 3908.742061 3914.480964 3919.590282 3914.629763 3910.072945 3898.052531 3876.267004 3856.828225 3844.179875 3843.370185 3840.766161 3843.872714 3854.774640 3871.086988 3885.500830 3905.663343
-9999.0 -9999.0 -9999.0 -9999.0 -9999.0 -9999.0 -9999.0 -9999.0 -9999.0 -9999.0 -9999.0 -9999.0 -9999.0 -9999.0 -9999.0 -9999.0 -9999.0 -9999.0 -9999.0 -9999.0 -9999.0 -9999.0 -9999.0 -9999.0 -9999.0 -9999.0 -9999.0 -9999.0 3838.595364 3832.516970 3827.588027 3825.777998 3824.065751 3822.956268 3829.384592 3840.026010 3856.555451 3878.537688 3891.713863 3898.797877 3905.563286 3905.569552 3899.160341 3897.233709 3897.461400 3884.245879 3871.472195 3859.495412 3847.729870 3843.828375 3852.198687 3866.150410 3882.037870 3896.199582 3911.071244
-9999.0 -9999.0 -9999.0 -9999.0 -9999.0 -9999.0 -9999.0 -9999.0 -9999.0 -9999.0 -9999.0 -9999.0 -9999.0 -9999.0 -9999.0 -9999.0 -9999.0 -9999.0 -9999.0 -9999.0 -9999.0 -9999.0 -9999.0 3809.072748 3813.610180 3819.942450 3827.461047 3828.226977 3824.955265 3819.425728 3816.596706 3814.916666 3812.178676 3816.423409 3822.786997 3835.195226 3849.914640 3871.960371 3879.736009 3883.125049 3893.844975 3897.434837 3905.445057 3908.870132 3906.489077 3901.626618 3885.613012 3872.958560 3873.859598 3876.885718 3883.287095 3891.263721 3904.321909 3917.133806 3931.398957
-9999.0 -9999.0 -9999.0 -9999.0 -9999.0 -9999.0 -9999.0 -9999.0 -9999.0 -9999.0 -9999.0 -9999.0 -9999.0 -9999.0 -9999.0 -9999.0 -9999.0 -9999.0 -9999.0 3784.894710 3785.892595 3787.351301 3792.099251 3792.198812 3793.644567 3800.078678 3807.742863 3810.482344 3807.800915 3806.592179 3807.447725 3809.535031 3813.607446 3823.262615 3835.910824 3849.096098 3860.904199 3880.787172 3894.344812 3905.554088 3919.867017 3919.992885 3915.892841 3913.656582 3912.784067 3910.023688 3906.245996 3903.677476 3909.200741 3908.172071 3910.277754 3918.734705 3930.235221 3945.631440 3961.902704
-9999.0 -9999.0 -9999.0 -9999.0 -9999.0 -9999.0 -9999.0 -9999.0 -9999.0 -9999.0 -9999.0 -9999.0 -9999.0 -9999.0 -9999.0 -9999.0 3755.873045 3757.497669 3759.760628 3765.153298 3768.899959 3772.594222 3779.304585 3780.575094 3783.462495 3790.010652 3793.769687 3802.593862 3810.412001 3816.677528 3821.648701 3823.075170 3828.309883 3836.300629 3846.440643 3858.754113 3877.252935 3899.797676 3914.233015 3929.811817 3946.051939 3945.654204 3942.859010 3941.990533 3939.146539 3938.371009 3951.059816 3952.760713 3945.069574 3952.214436 3962.619232 3964.112748 3970.145286 3989.375775 4010.544314
-9999.0 -9999.0 -9999.0 -9999.0 -9999.0 -9999.0 -9999.0 -9999.0 -9999.0 -9999.0 -9999.0 -9999.0 -9999.0 3705.768248 3709.510409 3719.701871 3731.610415 3734.560146 3739.424459 3746.002331 3757.720269 3760.897582 3766.269927 3772.716868 3784.879590 3792.691650 3800.437929 3811.106047 3817.886666 3823.566377 3828.530141 3829.430028 3839.120354 3851.436999 3864.069758 3881.538489 3902.121506 3918.760163 3935.130802 3950.505069 3960.558049 3955.786018 3954.092241 3955.242043 3958.266671 3969.271572 3984.322873 3981.804027 3988.525939 4007.588050 4016.278191 4021.842443 4026.721401 4040.163314 4061.335262
-9999.0 -9999.0 -9999.0 -9999.0 -9999.0 -9999.0 -9999.0 -9999.0 -9999.0 -9999.0 3680.918193 3681.947421 3677.817749 3674.077095 3679.718803 3691.770901 3706.183996 3710.999143 3722.660769 3743.644670 3762.014390 3764.238065 3776.510418 3785.841012 3791.468272 3799.790605 3811.102499 3821.398883 3834.768293 3844.516783 3850.894506 3864.707491 3878.557578 3892.865645 3908.244056 3927.079486 3940.869723 3962.075975 3985.193652 3991.735335 4006.341254 4006.357735 4001.172073 3998.105239 4006.608312 4015.722200 4028.089128 4041.077301 4057.974895 4078.318244 4086.315411 4098.294123 4106.480486 4115.984606 4130.914807
-9999.0 -9999.0 -9999.0 -9999.0 -9999.0 -9999.0 -9999.0 -9999.0 3656.552750 3664.629314 3669.421293 3665.605414 3660.597713 3653.649618 3668.017802 3682.708576 3697.797038 3715.618448 3730.278622 3747.727555 3760.307271 3773.554228 3792.573301 3801.718860 3810.530381 3823.844860 3835.000615 3847.515832 3866.004628 3871.022967 3879.129616 3896.402423 3909.787359 3924.771673 3941.236917 3955.868531 3973.468578 4001.697661 4028.845154 4042.677347 4067.359873 4082.467911 4075.214729 4072.096396 4072.247152 4094.021858 4118.813298 4146.825711 4163.744065 4185.765975 4213.255893 4232.181574 4241.149650 4251.993729 4265.625980
-9999.0 -9999.0 -9999.0 -9999.0 -9999.0 -9999.0 3628.015056 3652.133241 3666.935152 3657.614215 3641.759409 3635.574407 3628.175492 3660.233746 3681.960027 3698.466303 3714.157974 3730.637371 3745.683449 3751.848295 3779.257777 3797.761340 3807.637703 3818.356240 3831.286407 3844.144804 3858.536952 3877.839205 3892.916462 3911.710562 3924.323692 3937.830857 3959.642730 3975.279633 3990.712772 4002.420492 4028.350352 4061.714216 4095.208494 4118.209327 4141.666615 4172.925070 4171.077009 4172.088652 4172.621022 4196.735572 4230.731568 4260.186139 4291.456849 4321.595218 4350.149039 4360.491434 4369.334553 4379.116960 4391.630748
-9999.0 -9999.0 -9999.0 -9999.0 3596.488401 3616.958997 3634.752667 3664.078199 3685.259997 3679.604251 3682.665899 3679.358026 3673.464861 3677.901492 3685.384019 3701.331048 3719.436152 3737.919985 3750.181689 3774.313208 3820.474074 3829.247766 3843.464541 3870.992469 3880.090957 3892.487353 3906.616682 3925.344198 3941.054886 3965.992459 3997.373480 4024.034235 4043.805715 4061.702643 4079.834093 4095.335693 4130.153226 4166.625493 4201.762983 4232.587488 4258.854950 4284.862856 4290.543393 4295.084884 4304.888180 4322.152914 4345.123911 4372.798537 4406.895027 4439.106653 4462.215993 4470.679177 4475.636105 4485.172079 4492.418684
-9999.0 -9999.0 -9999.0 3541.362852 3580.278096 3619.924614 3644.604025 3673.935886 3705.539322 3703.505134 3711.244823 3709.029579 3705.713057 3709.413486 3710.356065 3725.516180 3742.827702 3762.264007 3782.337903 3814.065027 3840.909835 3855.134469 3880.964996 3893.897053 3904.386708 3915.693097 3933.275447 3951.722143 3986.631731 4014.382026 4059.099594 4108.847589 4139.984384 4158.519007 4180.967981 4208.551240 4233.846748 4273.120953 4307.126164 4339.192662 4369.366906 4391.310618 4405.064921 4409.465233 4419.312420 4424.844348 4437.009123 4458.048277 4480.591330 4511.685179 4541.205583 4570.876245 4586.488585 4597.883006 4615.313357
-9999.0 -9999.0 3492.721272 3532.490160 3562.813085 3608.157070 3660.565457 3695.103380 3733.330518 3750.233750 3751.747941 3760.000225 3768.420757 3767.179525 3773.577494 3784.335380 3806.394926 3814.960520 3835.257988 3847.173247 3881.105899 3912.050446 3902.510470 3937.786684 3966.788172 3999.926143 4021.591577 4047.969634 4086.001208 4118.479406 4162.199985 4212.240789 4246.083409 4273.718288 4289.851486 4310.548601 4330.858502 4357.892290 4395.316238 4420.785679 4454.976449 4480.545069 4500.044408 4500.110898 4502.705202 4519.095628 4548.193169 4579.978687 4609.750180 4639.728627 4621.263503 4646.785042 4658.205748 4664.577643 4674.596517
-9999.0 -9999.0 3461.468973 3508.228800 3540.971481 3596.345593 3683.822663 3716.629776 3755.136941 3799.738557 3811.632911 3831.588704 3820.776710 3804.547207 3820.339025 3832.272587 3853.991053 3861.318327 3854.016715 3905.129367 3956.255195 3975.306281 3973.617510 4052.262909 4105.890241 4131.754862 4149.459846 4169.912952 4189.116036 4226.967414 4265.088307 4320.227276 4361.548291 4391.650390 4406.355085 4427.081648 4446.898142 4461.950723 4481.934005 4530.216264 4567.363415 4599.247833 4632.219083 4653.968123 4662.318635 4667.807763 4639.744627 4661.106401 4675.593056 4681.841060 4684.368760 4680.516685 4679.985949 4680.849995 4681.771324
-9999.0 3366.854233 3419.331096 3468.864225 3531.655578 3590.912379 3663.042778 3736.040402 3803.694611 3856.270008 3880.104370 3868.547904 3860.071791 3881.139382 3898.790371 3912.818873 3918.712618 3929.942652 3909.292823 3963.712669 3998.010818 4042.466171 4140.116601 4199.189762 4266.360174 4261.700948 4249.263063 4253.253849 4268.248837 4315.677890 4397.308815 4455.654913 4524.238597 4575.274733 4593.188541 4601.231494 4620.554233 4641.899485 4583.201045 4630.622419 4652.566962 4670.877968 4681.670984 4684.194819 4685.604399 4685.341914 4681.573905 4674.416817 4666.138758 4660.215645 4655.929622 4651.426369 4653.870299 4657.211649 4657.253194
-9999.0 3327.550836 3384.224224 3451.484893 3517.502968 3558.673293 3635.328964 3806.380755 3870.339307 3907.923593 3909.147107 3874.079881 3927.306734 3985.779929 4008.200060 4053.741386 4036.369212 4020.729436 3979.055951 4003.155643 4040.095559 4110.966169 4288.571168 4378.803587 4436.286114 4444.203592 4444.257319 4473.385121 4519.549231 4569.731081 4618.639033 4581.548764 4636.138797 4663.140346 4668.782790 4669.572610 4675.630974 4674.002983 4672.785232 4668.228324 4662.986054 4663.168794 4667.944567 4667.807587 4664.789585 4661.310920 4655.546921 4648.128440 4642.985861 4638.344935 4635.702742 4632.894271 4630.831341 4629.886118 4624.842790
-9999.0 3283.969460 3359.595964 3416.042346 3456.500506 3540.735466 3671.222298 3816.871763 3913.664312 3946.542481 3913.103710 3940.391144 4044.126907 4153.299016 4206.425079 4227.197760 4203.965119 4150.079191 4125.478927 4169.545822 4242.118759 4369.008010 4519.162988 4624.410485 4640.784404 4644.547396 4591.184677 4619.897372 4646.510400 4649.668489 4650.918095 4660.037979 4665.206600 4668.277484 4666.666373 4663.761989 4658.897425 4650.612827 4645.834289 4642.054162 4638.212721 4636.895691 4638.771940 4640.779451 4637.882528 4633.948972 4629.457926 4623.884106 4617.504666 4610.668919 4606.225332 4601.864041 4599.679211 4593.888545 4590.466214
-9999.0 3153.482279 3251.873842 3287.795610 3349.982277 3541.956919 3671.295529 3808.466897 3978.176531 3994.091777 4032.518180 4177.248013 4300.806764 4383.861412 4411.116450 4443.667308 4468.212648 4483.397114 4521.548924 4385.303456 4472.285594 4580.107133 4630.172945 4651.883295 4664.014229 4664.429300 4654.204141 4633.044798 4622.227385 4615.461914 4617.076652 4624.407122 4628.938067 4633.607039 4631.264155 4632.468320 4633.840798 4630.683393 4626.582836 4617.701338 4609.764385 4602.819304 4599.196787 4603.771474 4599.144089 4596.931041 4590.614453 4581.981106 4572.858375 4565.447437 4557.305402 4550.664809 4548.456057 4543.449127 4542.208386
-9999.0 3072.381335 3143.280928 3193.408904 3295.180711 3457.941596 3542.910032 3697.558808 3946.932123 4088.604093 4263.090693 4359.806886 4430.965720 4469.955258 4518.891838 4573.507186 4602.112415 4615.215604 4580.495024 4606.270959 4561.613789 4550.241895 4568.447192 4598.803809 4617.216278 4621.509749 4613.844493 4605.018369 4597.723984 4596.600999 4594.232361 4589.562730 4584.874267 4580.949912 4577.811095 4581.045778 4586.568800 4579.180152 4568.439699 4558.621051 4549.782880 4540.289303 4534.187298 4529.188841 4529.882157 4530.210925 4522.432179 4511.773180 4500.702038 4492.246549 4485.019334 4480.639313 4477.791811 4472.654772 4462.399101
-9999.0 2947.001912 3081.267167 3151.448839 3236.222912 3361.308876 3457.449643 3604.625918 3728.786799 3980.224387 4118.139754 4333.101804 4386.307682 4460.345006 4506.383539 4582.572151 4576.968253 4545.814695 4500.762457 4484.947777 4498.174828 4507.736298 4515.524950 4529.436958 4547.588740 4558.113035 4563.953695 4558.331625 4544.001408 4530.844048 4518.741113 4504.163624 4494.218171 4491.430014 4496.243316 4506.939733 4507.063351 4497.658370 4483.177398 4464.327283 4448.252019 4436.079623 4434.230407 4437.296002 4438.584564 4434.302026 4428.596651 4417.603571 4404.795814 4392.018340 4386.551129 4382.285505 4374.543907 4362.781187 4350.451118
-9999.0 -9999.0 2991.616511 3098.390721 3185.552496 3290.975772 3370.328754 3479.073177 3615.265013 3783.657647 3900.382263 4094.135020 4196.198547 4241.222452 4272.774917 4330.179622 4358.152082 4393.320018 4390.990084 4405.257434 4416.681788 4422.574851 4427.496808 4432.465216 4442.779643 4452.881957 4463.926126 4461.074005 4452.354145 4431.033622 4404.034715 4382.958403 4372.037823 4362.210315 4375.006379 4387.858158 4381.715456 4374.684019 4361.778224 4345.317830 4332.737807 4318.259194 4314.807159 4314.579904 4315.237004 4312.977402 4310.796131 4298.268005 4285.958131 4276.333389 4272.482690 4266.800356 4263.455423 4253.650683 4243.013682
-9999.0 -9999.0 2903.241131 3003.107408 3099.707650 3212.782634 3289.624575 3283.702870 3413.502607 3512.416489 3620.844244 3735.927555 3837.220357 3908.212645 3939.390221 4003.046280 4063.941021 4083.836308 4129.780431 4190.365597 4227.459850 4270.381747 4295.183298 4304.432252 4317.044248 4332.095587 4339.489931 4323.495870 4312.138393 4294.860669 4270.795928 4243.146345 4229.180996 4229.401910 4227.672581 4228.352774 4220.222641 4211.318698 4196.700900 4183.036107 4170.909734 4162.462961 4158.925005 4152.771177 4150.186292 4147.414370 4145.946477 4141.318757 4133.581835 4129.547083 4121.200151 4117.823056 4117.367712 4114.942998 4109.750940
