tests/Borden05m/data_simulated/sim_1/output-maps/psiliqL0021N0016.asc
ncols         160
nrows         34
xllcorner     620200.000000
yllcorner     5168000.000000
cellsize      0.500000
NODATA_value  -9999.0
[rows 0 to 24 of 34, columns 0 to 54 of 160]
-9999.0 -9999.0 -9999.0 -9999.0 -9999.0 -9999.0 -9999.0 -9999.0 -9999.0 -9999.0 -9999.0 -9999.0 -9999.0 -9999.0 -9999.0 -9999.0 -9999.0 -9999.0 -9999.0 -9999.0 -9999.0 -9999.0 -9999.0 -9999.0 -9999.0 -9999.0 -9999.0 -9999.0 -9999.0 -9999.0 -9999.0 -9999.0 -9999.0 -9999.0 -9999.0 -9999.0 -9999.0 -9999.0 -9999.0 -9999.0 -9999.0 -9999.0 -9999.0 -9999.0 -9999.0 -9999.0 -9999.0 -9999.0 -9999.0 -9999.0 -9999.0 -9999.0 -9999.0 -9999.0 -9999.0
-9999.0 -9999.0 -9999.0 -9999.0 -9999.0 -9999.0 -9999.0 -9999.0 -9999.0 -9999.0 -9999.0 -9999.0 -9999.0 -9999.0 -9999.0 -9999.0 -9999.0 -9999.0 -9999.0 -9999.0 -9999.0 -9999.0 -9999.0 -9999.0 -9999.0 -9999.0 -9999.0 -9999.0 -9999.0 -9999.0 -9999.0 -9999.0 -9999.0 -9999.0 -9999.0 -9999.0 -9999.0 -9999.0 -9999.0 -9999.0 -9999.0 -9999.0 -9999.0 -9999.0 -9999.0 -9999.0 -9999.0 -9999.0 -9999.0 -9999.0 -9999.0 -9999.0 -9999.0 -9999.0 -9999.0
-9999.0 -9999.0 -9999.0 -9999.0 -9999.0 -9999.0 -9999.0 -9999.0 -9999.0 -9999.0 -9999.0 -9999.0 -9999.0 -9999.0 -9999.0 -9999.0 -9999.0 -9999.0 -9999.0 -9999.0 -9999.0 -9999.0 -9999.0 -9999.0 -9999.0 -9999.0 -9999.0 -9999.0 -9999.0 -9999.0 -9999.0 -9999.0 -9999.0 -9999.0 -9999.0 -9999.0 -9999.0 -9999.0 -9999.0 -9999.0 -9999.0 -9999.0 -9999.0 -9999.0 -9999.0 -9999.0 -9999.0 2304.391925 2287.412685 2273.541599 2270.181445 2292.248725 2315.946835 2340.272936 2361.323299
-9999.0 -9999.0 -9999.0 -9999.0 -9999.0 -9999.0 -9999.0 -9999.0 -9999.0 -9999.0 -9999.0 -9999.0 -9999.0 -9999.0 -9999.0 -9999.0 -9999.0 -9999.0 -9999.0 -9999.0 -9999.0 -9999.0 -9999.0 -9999.0 -9999.0 -9999.0 -9999.0 -9999.0 -9999.0 -9999.0 -9999.0 -9999.0 -9999.0 -9999.0 -9999.0 -9999.0 -9999.0 -9999.0 -9999.0 -9999.0 2352.354503 2358.475918 2359.098979 2349.415905 2338.552753 2325.793805 2305.713293 2288.432673 2275.012512 2273.298810 2276.306355 2280.368857 2302.247625 2327.917038 2348.268238
-9999.0 -9999.0 -9999.0 -9999.0 -9999.0 -9999.0 -9999.0 -9999.0 -9999.0 -9999.0 -9999.0 -9999.0 -9999.0 -9999.0 -9999.0 -9999.0 -9999.0 -9999.0 -9999.0 -9999.0 -9999.0 -9999.0 -9999.0 -9999.0 -9999.0 -9999.0 -9999.0 -9999.0 -9999.0 -9999.0 -9999.0 -9999.0 -9999.0 -9999.0 2258.533767 2275.894705 2294.254111 2313.192527 2330.506352 2337.813249 2343.789169 2349.572642 2345.511808 2341.446409 2330.329273 2310.434898 2291.469489 2278.690991 2277.743273 2275.808755 2280.162539 2292.718839 2309.946501 2325.928719 2347.127612
-9999.0 -9999.0 -9999.0 -9999.0 -9999.0 -9999.0 -9999.0 -9999.0 -9999.0 -9999.0 -9999.0 -9999.0 -9999.0 -9999.0 -9999.0 -9999.0 -9999.0 -9999.0 -9999.0 -9999.0 -9999.0 -9999.0 -9999.0 -9999.0 -9999.0 -9999.0 -9999.0 -9999.0 2261.449187 2255.841155 2251.423656 2250.428663 2249.584454 2249.059255 2256.080183 2267.917043 2285.761353 2308.185322 2321.848687 2329.560616 2336.768600 2337.697572 2332.594729 2331.275168 2332.209836 2320.348453 2308.774490 2297.971859 2287.499331 2285.493837 2295.192994 2309.958317 2326.731859 2341.963166 2357.788022
-9999.0 -9999.0 -9999.0 -9999.0 -9999.0 -9999.0 -9999.0 -9999.0 -9999.0 -9999.0 -9999.0 -9999.0 -9999.0 -9999.0 -9999.0 -9999.0 -9999.0 -9999.0 -9999.0 -9999.0 -9999.0 -9999.0 -9999.0 2229.647422 2235.196448 2242.186431 2250.309889 2251.776938 2248.597823 2243.619322 2241.370508 2240.523180 2239.059346 2244.139169 2252.032067 2265.704306 2281.682619 2304.349967 2313.258298 2318.732430 2330.918878 2334.787403 2342.359490 2346.861929 2345.559895 2342.434348 2328.933118 2318.726941 2322.488935 2327.728267 2335.097382 2343.821099 2357.750022 2372.584762 2389.083735
-9999.0 -9999.0 -9999.0 -9999.0 -9999.0 -9999.0 -9999.0 -9999.0 -9999.0 -9999.0 -9999.0 -9999.0 -9999.0 -9999.0 -9999.0 -9999.0 -9999.0 -9999.0 -9999.0 2203.575632 2204.889432 2206.716718 2211.977299 2212.920704 2215.304332 2222.703817 2231.356695 2234.652138 2233.207149 2232.664868 2234.699889 2237.976119 2243.076143 2254.449322 2268.550155 2283.096386 2296.814055 2318.052597 2333.058753 2346.334867 2362.360439 2362.915524 2359.708679 2358.521223 2359.153256 2358.672809 2359.760778 2360.718751 2367.394337 2370.145312 2375.254883 2384.920420 2397.079307 2414.701193 2433.605560
-9999.0 -9999.0 -9999.0 -9999.0 -9999.0 -9999.0 -9999.0 -9999.0 -9999.0 -9999.0 -9999.0 -9999.0 -9999.0 -9999.0 -9999.0 -9999.0 2173.721266 2175.836018 2178.581372 2184.466298 2188.321077 2192.805723 2200.294618 2202.227873 2206.369214 2214.085580 2219.338247 2229.068666 2237.936258 2245.710101 2252.192858 2255.291615 2262.713535 2272.588707 2284.650349 2299.492599 2320.503981 2344.237616 2360.502476 2377.649365 2395.264485 2396.342471 2395.394775 2396.497315 2396.236654 2399.922033 2415.886136 2420.498416 2418.258194 2431.085573 2444.188136 2448.482690 2456.816003 2476.926918 2500.168911
-9999.0 -9999.0 -9999.0 -9999.0 -9999.0 -9999.0 -9999.0 -9999.0 -9999.0 -9999.0 -9999.0 -9999.0 -9999.0 2124.329983 2128.689574 2139.103153 2150.170290 2153.497309 2158.715908 2165.711094 2178.433101 2182.648883 2189.319940 2197.294718 2210.338214 2219.646585 2229.236316 2241.622369 2250.374296 2257.993194 2265.184160 2269.736932 2282.446628 2297.443443 2312.847198 2332.829625 2355.115228 2374.750149 2394.166042 2410.721843 2423.695201 2423.482870 2423.134873 2425.897348 2432.393918 2448.141860 2466.184925 2470.629302 2484.101632 2505.997230 2518.036220 2527.734849 2535.661435 2549.929961 2571.671993
-9999.0 -9999.0 -9999.0 -9999.0 -9999.0 -9999.0 -9999.0 -9999.0 -9999.0 -9999.0 2093.557015 2095.686502 2092.529098 2091.329898 2097.318633 2110.104807 2124.883935 2131.439700 2143.885137 2165.697480 2184.658047 2188.563655 2203.130250 2214.196664 2221.714874 2232.508282 2246.090065 2259.015520 2275.501025 2287.977547 2298.427482 2316.552602 2333.010228 2349.754509 2367.644502 2388.370129 2406.386438 2432.560935 2459.385754 2470.549719 2490.295512 2497.108209 2494.198699 2493.902349 2503.698495 2517.666489 2535.742594 2555.002733 2574.707935 2598.390875 2612.215522 2626.140358 2636.566888 2648.483381 2664.703711
-9999.0 -9999.0 -9999.0 -9999.0 -9999.0 -9999.0 -9999.0 -9999.0 2068.122091 2076.190148 2082.292183 2079.551193 2075.536225 2071.018141 2085.847446 2102.035309 2118.575106 2137.245842 2153.645566 2172.549008 2187.745154 2203.870083 2224.788140 2236.823233 2248.682228 2264.577042 2278.576191 2295.034944 2316.401929 2326.935289 2341.062504 2361.837302 2379.257300 2397.167011 2416.169790 2434.038572 2458.206931 2490.479529 2521.442364 2541.156119 2568.378215 2588.193917 2585.429345 2586.414302 2589.920773 2614.747436 2642.768394 2672.766280 2696.565236 2722.508036 2751.622411 2769.207399 2779.710575 2792.374875 2807.812250
-9999.0 -9999.0 -9999.0 -9999.0 -9999.0 -9999.0 2039.381874 2063.955750 2079.462006 2071.540028 2059.658672 2055.636290 2050.923210 2079.131588 2101.963076 2119.934907 2137.421658 2155.709128 2172.804070 2184.047069 2216.469519 2236.143200 2250.118381 2266.510407 2282.010209 2297.477100 2315.147070 2338.165423 2358.269335 2384.257918 2405.411706 2425.999920 2452.135277 2471.397839 2490.033631 2506.624343 2536.617515 2572.669339 2608.739978 2635.781926 2662.006396 2695.454713 2699.868111 2704.574478 2709.709982 2732.934031 2766.104389 2795.218225 2828.679768 2860.733867 2888.881939 2831.439502 2837.086479 2847.192497 2859.773832
-9999.0 -9999.0 -9999.0 -9999.0 2005.921956 2026.956957 2046.509400 2077.155866 2099.781004 2095.261342 2101.165257 2100.680598 2098.026256 2103.209508 2111.599377 2129.974145 2149.669885 2169.746242 2186.554519 2218.344672 2265.087242 2279.318442 2300.824437 2332.506068 2345.908017 2361.653600 2378.615720 2401.222386 2424.343909 2455.835696 2495.243990 2528.874905 2553.153433 2574.604858 2595.569330 2615.750120 2651.108106 2690.669093 2727.904840 2761.283245 2788.966343 2815.925925 2826.556914 2834.027534 2845.944385 2863.583243 2886.219905 2842.828388 2871.075324 2902.560096 2926.048043 2932.068015 2937.904068 2947.580591 2956.108401
-9999.0 -9999.0 -9999.0 1953.649865 1992.710817 2031.769457 2058.322978 2089.220628 2121.913762 2124.489339 2133.896999 2136.693594 2139.035921 2146.649787 2153.120029 2170.754541 2188.927711 2208.009315 2231.042609 2267.348147 2300.446454 2324.986219 2355.895587 2378.117158 2396.014118 2411.601975 2431.307773 2454.385313 2494.038945 2528.565226 2576.946331 2629.366924 2664.409221 2688.872356 2712.656333 2741.208057 2767.198003 2804.674129 2840.012573 2873.282643 2836.561690 2855.863437 2871.680829 2877.385075 2886.647746 2893.477813 2907.273059 2923.192835 2944.581766 2973.884900 3001.374647 2998.379504 3010.684869 3020.557990 3036.482054
-9999.0 -9999.0 1905.623984 1944.496899 1977.243213 2025.793643 2079.151790 2114.389406 2154.986262 2176.756637 2182.290922 2196.585051 2210.574571 2215.395058 2228.279688 2244.098354 2265.342496 2274.659154 2294.872134 2318.801600 2363.089477 2403.634646 2412.672482 2458.888353 2492.173585 2523.940718 2544.746095 2572.818185 2610.911077 2649.495286 2698.269720 2749.109474 2785.195890 2815.931936 2833.590231 2854.745410 2877.065270 2833.351309 2864.488047 2890.834135 2918.170568 2943.057340 2963.175012 2966.498251 2970.018611 2985.617939 3010.748562 3008.883544 3033.234268 3058.900883 3051.975241 3067.759004 3075.441316 3079.795975 3086.597581
-9999.0 -9999.0 1876.911841 1922.854124 1960.169837 2022.264635 2106.143534 2142.242214 2184.215455 2230.709952 2247.588525 2271.264596 2274.423949 2273.929802 2295.372760 2314.681263 2332.861605 2341.715749 2340.172447 2395.402476 2452.672985 2490.763552 2517.425974 2591.139796 2641.984549 2664.650351 2683.106641 2705.689595 2729.337174 2770.889485 2814.203469 2868.343354 2845.123060 2870.238667 2884.720463 2903.273452 2922.417009 2934.634179 2953.187348 2994.857472 2997.417377 3023.277478 3051.821338 3071.846224 3079.475202 3083.312196 3064.476964 3077.323524 3087.077306 3091.360434 3093.005536 3089.385410 3088.780832 3089.546857 3090.506778
-9999.0 1785.371246 1837.812202 1889.653401 1956.275095 2020.613545 2099.677282 2177.469254 2240.300985 2291.121932 2319.110150 2321.998117 2339.696962 2373.755504 2397.332534 2419.924382 2426.073271 2435.889543 2423.374851 2476.865116 2521.631234 2583.812648 2690.568723 2749.363709 2806.031687 2807.611827 2802.083317 2812.843297 2834.023562 2879.304650 2885.461585 2932.921540 2987.439198 3005.208995 3018.644377 3024.655938 3041.660382 3060.802743 3026.619105 3059.332825 3072.708213 3085.072368 3090.929237 3092.719595 3093.751147 3093.650485 3090.196158 3083.479809 3075.564327 3069.923405 3065.837268 3061.366803 3063.811996 3067.124459 3067.608341
-9999.0 1748.262623 1806.648772 1876.577264 1945.866933 2002.578378 2094.979717 2251.366828 2310.729661 2349.334310 2363.719282 2361.726327 2429.201241 2492.990925 2523.284149 2569.648823 2561.061529 2550.717500 2527.350827 2558.561809 2604.140564 2679.083831 2837.933650 2871.944865 2909.472418 2918.737747 2922.437863 2949.582126 2988.931434 3005.688644 3039.297664 3021.100207 3058.638272 3075.610945 3079.488440 3080.156505 3084.363264 3083.382781 3081.558018 3077.436334 3072.493828 3072.704523 3077.061668 3076.932824 3074.131798 3070.981730 3065.440859 3058.052504 3052.823212 3048.240806 3045.570011 3042.683573 3040.912193 3040.550516 3036.023020
-9999.0 1712.549306 1785.884191 1846.640533 1901.325643 2003.101821 2131.849008 2272.735057 2368.340361 2404.944604 2404.082483 2455.651696 2557.781566 2660.834802 2714.418455 2739.540015 2732.461805 2699.800117 2693.611767 2740.372578 2810.033955 2868.750868 2980.936937 3044.415737 3056.296735 3059.087546 3023.397495 3042.985686 3061.092589 3062.060038 3062.891170 3068.568951 3073.587466 3076.380548 3074.996764 3072.223248 3067.580849 3059.628778 3054.894419 3051.446555 3047.852036 3047.009842 3049.261625 3050.805302 3048.152006 3044.347301 3039.917823 3034.443072 3029.978625 3023.398343 3019.283893 3015.182615 3013.090986 3007.929500 3004.209307
-9999.0 1599.452079 1692.467410 1739.435883 1831.544023 2014.181994 2142.756907 2287.891427 2445.289812 2475.039935 2534.443355 2666.100807 2779.115026 2833.661051 2865.290449 2900.998753 2926.787146 2945.560838 2980.734139 2896.337311 2964.774198 3020.158110 3051.786870 3065.372705 3070.954130 3071.429970 3062.381773 3042.378563 3031.917012 3025.267045 3026.978015 3034.270065 3039.288060 3044.360782 3042.198868 3043.067020 3043.728275 3040.520882 3038.265833 3029.906854 3022.230793 3015.981079 3013.361054 3018.277142 3013.588117 3010.964154 3005.023957 2998.622254 3019.412855 3012.803295 3004.959113 2998.277401 2995.694705 2990.303476 2988.845125
-9999.0 1518.596829 1593.065052 1665.626272 1788.344443 1952.626241 2063.448728 2225.814160 2452.781931 2580.568209 2727.836392 2810.867751 2861.863710 2908.278247 2961.834672 2995.886061 3018.972273 3029.138604 3006.219696 3022.997266 3003.761669 2993.805904 2989.200464 3015.018602 3029.922402 3033.774928 3025.724211 3016.067705 3008.974950 3007.951841 3006.204591 3003.247855 3000.154288 2997.187893 2994.094333 2996.636775 3001.653263 2996.619246 3014.797447 3006.851268 2998.892421 2990.128338 2984.415751 2980.318188 2980.071876 2980.144932 2972.659056 2962.434905 2953.041030 2944.941306 2937.558023 2932.542902 2929.797250 2924.836687 2919.169195
-9999.0 1407.741276 1535.665935 1619.674881 1725.954096 1858.460348 1972.469321 2129.713000 2268.319849 2502.190704 2651.996807 2806.573372 2832.799280 2895.283551 2946.233310 2999.931920 2997.747582 2982.777867 2944.835473 2929.501442 2938.841479 2948.065396 2957.658533 2974.238810 2991.897888 3002.038501 3006.115573 2999.830419 2986.229869 2975.340636 2966.270948 2954.399933 2946.120192 2944.280474 2946.986921 2955.788171 2957.063660 2948.063858 2935.932754 2922.270966 2907.498597 2896.252147 2893.874433 2896.022080 2896.645511 2892.797278 2886.611632 2876.044349 2863.657518 2851.613459 2845.217760 2840.369046 2833.173997 2825.859993 2873.050427
-9999.0 -9999.0 1454.378735 1563.966459 1663.696216 1779.774161 1880.319589 2009.391540 2154.212988 2330.211093 2447.949783 2606.450371 2693.224177 2739.481628 2781.160298 2810.955025 2831.496688 2858.070000 2847.784614 2856.462927 2864.995214 2870.608385 2877.719134 2885.997634 2897.777043 2907.846491 2917.215628 2914.968941 2906.298223 2887.462741 2864.277127 2846.342424 2836.658821 2828.467263 2839.345701 2851.318626 2846.917225 2840.283374 2831.594304 2876.435966 2863.484180 2849.228489 2845.285799 2844.922835 2844.783202 2841.644442 2837.600790 2824.155814 2811.000129 2799.671261 2794.341887 2787.785972 2782.705840 2771.986222 2761.809382
-9999.0 -9999.0 1367.688737 1473.740149 1581.141333 1701.012582 1792.020113 1832.523825 1975.743366 2084.942066 2191.421266 2297.421797 2388.299955 2455.657240 2494.233204 2556.604880 2607.639774 2626.959150 2662.197538 2708.600774 2741.919869 2778.787123 2802.253116 2815.737354 2831.019157 2846.713476 2856.128852 2843.686264 2833.563787 2817.455792 2795.426009 2770.758943 2758.220069 2756.573994 2756.995280 2759.977630 2753.132266 2743.952304 2729.855621 2716.837377 2704.437111 2694.318457 2690.182859 2685.122432 2682.746026 2679.403112 2676.325948 2667.790851 2657.728805 2651.344722 2642.561034 2637.282883 2634.893733 2629.732623 2622.128785
