tests/Borden05m/data_simulated/sim_1/output-maps/psiliqL0001N0003.asc
ncols         160
nrows         34
xllcorner     620200.000000
yllcorner     5168000.000000
cellsize      0.500000
NODATA_value  -9999.0
[rows 0 to 24 of 34, columns 57 to 113 of 160]
-9999.0 -9999.0 -9999.0 -9999.0 -9999.0 -9999.0 -9999.0 -9999.0 -9999.0 -9999.0 -9999.0 -9999.0 -9999.0 -9999.0 -9999.0 -9999.0 -9999.0 -9999.0 -9999.0 -9999.0 -9999.0 -9999.0 -9999.0 -9999.0 -9999.0 -9999.0 -9999.0 -9999.0 -9999.0 -9999.0 -9999.0 -9999.0 -9999.0 -9999.0 -9999.0 -9999.0 -9999.0 -9999.0 -9999.0 -9999.0 -9999.0 -9999.0 -9999.0 -9999.0 -9999.0 -9999.0 -9999.0 -9999.0 -9999.0 -9999.0 -9999.0 -9999.0 -9999.0 -9999.0 -9999.0 -9999.0 -9999.0
-9999.0 -9999.0 -509.872114 -511.142176 -511.888118 -512.136443 -513.867303 -515.060989 -516.662996 -516.726472 -516.395592 -516.719547 -517.566340 -516.720078 -515.714662 -514.932872 -513.609021 -514.125089 -514.070760 -513.535926 -513.381326 -513.590412 -514.181883 -514.479051 -514.880608 -513.883545 -515.829692 -518.351849 -520.285272 -520.620085 -518.743338 -517.750563 -518.154801 -517.365785 -515.503470 -514.056371 -513.967119 -512.189999 -513.058326 -512.436455 -510.977649 -512.073008 -512.136966 -511.672419 -510.816905 -513.749579 -9999.0 -9999.0 -9999.0 -9999.0 -9999.0 -9999.0 -9999.0 -9999.0 -9999.0 -9999.0 -9999.0
-510.769534 -511.315021 -517.664696 -517.951944 -517.842399 -517.338740 -517.969154 -519.994670 -520.260168 -521.839930 -522.571081 -522.760724 -523.511329 -523.151824 -520.535181 -518.768819 -518.431515 -519.054071 -519.439263 -520.161821 -520.613308 -520.411663 -520.997427 -521.492519 -522.048553 -521.721840 -519.675801 -521.592535 -522.467544 -523.450322 -524.666735 -524.334588 -524.071555 -524.056552 -521.664884 -521.060939 -520.826331 -517.751911 -514.883921 -514.324973 -515.706497 -517.010877 -516.330591 -516.050837 -516.972247 -517.786742 -517.106047 -517.408737 -517.412432 -518.566620 -516.756539 -517.182967 -515.402208 -514.064333 -512.537126 -509.866268 -9999.0
-515.306854 -515.843006 -520.401025 -523.018811 -523.759242 -523.055808 -520.889287 -521.501242 -523.060245 -525.702708 -522.903251 -523.390505 -523.737010 -523.349268 -522.534072 -522.188367 -521.853432 -521.436046 -519.140962 -519.521681 -519.782779 -519.625174 -519.986073 -520.693354 -520.494945 -520.808427 -522.877170 -522.444629 -521.890480 -522.439820 -520.432521 -520.414279 -519.100708 -522.776372 -522.287566 -521.709587 -521.469418 -521.502146 -521.447927 -521.018305 -522.627309 -521.226850 -522.120287 -524.438371 -524.486066 -523.705066 -520.943137 -519.470857 -520.668285 -525.743113 -523.118597 -517.677045 -518.478796 -519.754104 -517.461900 -515.302821 -511.716192
-522.247861 -523.116598 -524.951588 -522.796565 -521.124343 -520.097787 -520.985603 -522.807467 -525.200474 -520.883716 -519.417851 -520.640718 -520.226900 -518.945566 -518.725456 -524.215321 -525.646338 -523.773338 -521.922153 -521.244428 -522.373413 -522.905398 -523.919521 -523.820398 -523.095465 -523.576994 -522.691288 -522.042897 -523.261381 -522.059845 -520.666039 -519.078770 -522.342256 -525.226567 -525.003735 -522.555682 -520.948780 -520.426106 -518.248906 -514.413513 -515.124666 -515.772141 -515.627770 -515.129600 -519.251900 -523.194288 -524.711057 -525.324773 -526.506557 -525.207954 -526.279091 -521.810300 -522.341422 -523.237953 -521.361564 -520.167700 -518.465325
-522.362874 -521.406044 -524.370490 -525.761986 -526.277049 -525.740798 -526.424593 -526.570797 -522.984232 -521.565398 -518.570769 -520.327029 -520.388785 -520.533219 -523.967900 -526.350874 -528.159375 -522.802594 -518.810478 -517.810867 -519.326084 -520.717898 -516.875050 -518.036023 -518.288614 -520.534065 -519.784862 -520.641345 -516.880071 -515.734564 -513.765046 -514.606375 -518.361357 -521.469708 -521.441502 -521.087283 -521.643657 -520.982939 -518.955046 -516.185914 -518.662453 -519.133421 -517.767235 -523.863356 -528.354575 -529.499943 -525.010086 -522.433990 -522.694834 -522.098020 -521.627196 -524.551429 -523.751958 -523.380828 -524.960075 -521.822400 -518.716558
-516.011401 -511.491935 -514.955902 -516.926724 -520.948245 -520.373640 -520.088305 -519.067779 -517.900826 -515.289371 -509.071398 -511.592494 -511.707863 -509.371116 -512.925514 -515.988651 -521.446736 -515.273507 -514.674353 -513.377126 -514.521662 -510.553944 -507.046640 -509.744218 -512.986833 -517.200683 -514.897007 -510.111925 -505.932956 -505.568107 -505.495598 -504.653543 -507.905331 -508.092684 -508.258691 -507.331661 -509.563301 -509.565944 -506.435140 -500.535027 -499.604110 -501.330781 -505.701647 -513.328509 -520.423604 -524.053930 -517.552290 -519.133361 -519.669334 -518.183286 -521.361979 -522.956786 -519.376901 -521.982570 -524.025718 -519.482029 -519.365500
-517.453389 -512.799404 -515.428618 -519.317945 -523.680313 -523.650381 -521.256449 -520.673467 -516.687628 -511.570440 -506.030344 -504.264060 -502.883320 -498.787383 -501.278850 -503.573734 -506.819701 -505.758910 -501.596981 -498.386065 -494.837553 -490.759748 -485.575728 -488.692567 -492.672787 -493.000088 -492.281376 -485.931050 -480.863020 -479.794311 -479.245060 -476.076660 -477.783314 -480.782885 -484.369851 -488.074037 -491.479028 -495.208715 -488.988965 -482.930401 -483.044380 -492.339433 -497.715119 -505.163443 -512.920998 -522.653003 -520.855427 -517.972692 -515.181103 -518.902248 -519.869003 -522.805927 -522.821786 -521.645455 -525.758799 -523.139341 -522.971459
-497.877595 -492.741971 -491.006627 -498.192932 -499.156449 -497.146565 -493.152074 -493.379150 -491.276761 -481.779866 -467.233319 -454.082936 -437.568783 -434.155641 -442.541087 -449.855125 -459.337889 -464.998330 -458.818942 -452.573294 -443.843999 -431.338256 -420.045127 -411.766544 -410.810631 -410.229024 -408.690006 -407.610995 -404.361765 -398.943107 -392.396755 -384.575113 -380.613536 -388.080730 -396.666924 -406.544720 -416.345330 -421.192002 -426.946521 -426.214912 -426.506652 -437.560896 -453.367443 -466.027053 -479.344614 -489.563412 -497.555584 -493.174738 -497.136567 -499.988581 -503.018074 -513.442018 -514.866644 -515.244347 -525.042435 -525.738539 -522.592631
-468.098990 -462.235822 -453.186795 -452.875957 -450.979068 -449.842513 -446.551703 -442.063455 -434.367738 -409.110165 -376.413919 -329.939510 -255.449999 -218.390803 -254.810202 -300.476624 -331.264192 -350.474718 -352.752566 -330.357030 -274.776285 -184.412929 -150.064144 -140.545899 -140.143480 -139.342278 -138.120568 -135.745938 -134.404286 -130.662563 -125.333914 -116.905818 -106.220101 -109.442388 -123.334597 -133.173192 -146.222306 -156.444069 -175.508381 -216.140106 -235.016037 -255.146306 -324.653565 -365.317991 -396.562222 -425.915477 -447.548591 -460.226470 -467.948804 -473.631741 -489.439274 -501.495378 -510.935706 -517.824102 -525.493805 -525.931597 -513.933115
-389.515749 -358.333878 -333.722282 -321.484370 -317.194830 -309.694028 -286.910925 -241.599701 -181.096711 -147.682183 -111.800162 -73.620281 -36.022952 -26.286633 -40.649450 -60.850377 -78.199941 -89.994055 -92.266377 -80.548545 -55.850857 -20.498730 -1.567333 3.224562 3.221313 3.234282 3.223815 3.255490 3.276744 3.269397 3.342956 3.488997 3.625829 3.672739 3.520027 3.319621 3.084674 0.956824 -9.198497 -24.725987 -34.156432 -44.573085 -62.110691 -91.034666 -128.690393 -196.580341 -322.122222 -368.838022 -383.823384 -395.239173 -403.571680 -430.385010 -444.386567 -462.684835 -479.440196 -494.588804 -478.891751
-135.040315 -102.129538 -83.101110 -74.431772 -73.278327 -68.574441 -55.305338 -35.852793 -12.016289 3.097036 3.406016 3.784172 4.173815 4.514954 4.394523 4.166793 3.856132 3.827384 3.840107 3.904271 4.097374 4.275480 4.548726 4.791338 4.863594 4.874934 4.785240 4.844102 4.858011 4.845817 4.801976 4.816225 4.904442 4.972868 4.944153 4.778644 4.554765 4.352047 4.239455 4.156911 4.074874 4.047565 3.968117 3.795348 3.309395 -21.250114 -71.655832 -101.546904 -118.215388 -129.712479 -140.100250 -159.425281 -218.953662 -322.278868 -379.019423 -416.141106 -440.079038
-0.503169 3.439365 3.775970 3.980577 3.981927 4.071975 4.134985 4.361299 4.666677 4.943283 5.029731 5.160090 5.892633 14.302029 19.775116 20.738529 22.046770 23.332143 24.103177 23.509570 24.699121 25.065806 24.734015 27.786828 27.268499 28.257645 27.257223 28.792888 27.684792 29.087904 28.032578 27.102886 26.841761 26.402799 27.158778 24.482500 17.688348 5.672061 5.371033 5.290330 5.179771 5.036457 4.880989 4.771884 4.646270 4.335788 3.843604 3.423986 3.327968 3.280853 3.165694 -0.917771 -28.960047 -70.930830 -108.930340 -164.825981 -285.680880
4.495724 4.705565 5.008695 5.206837 5.332272 5.541987 8.191950 17.180970 26.133503 29.345661 28.069004 29.187144 28.017245 29.125703 27.869204 29.146855 26.132365 27.194024 25.320248 20.979272 12.432060 13.786399 15.049112 17.209901 20.759859 18.942385 20.134493 22.257686 21.679543 16.561265 13.583068 12.039459 11.986558 18.865427 21.119761 22.288893 22.507468 22.471493 22.294653 22.449000 22.579573 22.336039 22.588134 17.860333 10.378446 5.355281 4.967960 4.577330 4.427383 4.413705 4.509045 4.440345 4.330285 3.970757 3.517190 -10.415485 -58.248286
19.994231 30.321192 29.939540 29.481318 30.154667 30.164121 33.015255 31.013808 29.400307 24.738854 21.575810 20.095464 19.463062 17.030588 17.991785 15.969258 12.585891 9.838340 5.674107 5.300252 5.082450 5.076296 5.205803 5.283163 5.345938 5.366225 5.551838 5.807071 5.410052 5.246156 5.126689 5.070231 5.230375 5.327424 5.490862 5.625909 5.489316 5.326469 5.505298 5.322934 5.319407 5.482023 12.347208 19.954139 19.987604 19.856295 20.080928 20.035326 5.560736 5.103735 5.368717 5.246115 5.066553 4.788119 4.592556 4.287553 3.913554
23.523651 20.803545 15.726227 10.460430 10.210604 13.917685 20.060452 22.068534 15.633510 8.457771 5.470210 5.284708 5.291437 5.264518 5.254672 5.393714 5.199529 5.151526 4.960407 4.898246 4.802793 4.734974 4.690861 4.761889 4.856303 4.942378 5.073534 4.913163 4.854402 4.748977 4.653498 4.699838 4.718920 4.819305 5.007368 5.013182 5.089100 4.970317 4.966892 4.875829 4.817864 4.884502 5.051971 5.215094 5.409750 5.559833 7.417250 12.851579 19.869580 20.013904 19.819664 19.933280 15.920395 5.672661 5.238724 5.014948 4.784937
5.655794 5.454935 5.293506 5.167962 5.133001 5.284606 5.535046 5.349592 5.213621 5.057652 4.935494 4.823144 4.754052 4.797440 4.842319 4.914381 4.843903 4.695802 4.554049 4.487645 4.342234 4.329877 4.173593 3.995154 4.116929 4.394969 4.527931 4.251269 4.106188 3.866597 3.764652 3.738594 3.792802 3.999807 4.352338 4.669634 4.688522 4.535336 4.440650 4.411554 4.350308 4.409987 4.613400 4.800237 4.905122 4.961986 4.971422 5.067048 5.177410 5.311146 5.529944 8.649348 18.984253 19.164808 19.309373 19.297529 5.722040
5.161568 5.100551 5.052363 5.003102 4.958481 4.969898 4.938779 4.851691 4.803759 4.761883 4.650876 4.490031 4.171156 4.048360 3.937455 4.003414 3.806940 3.726727 3.489808 3.342165 3.087136 -5.752565 -25.824071 -44.284104 -42.476343 -20.608816 -7.002106 -25.298315 -46.131252 -67.425727 -77.322277 -79.863351 -71.769559 -45.324704 -8.076599 3.307076 3.497122 3.375958 3.310112 3.293510 3.284565 3.328935 3.553143 3.883852 4.251830 4.459753 4.536816 4.591803 4.677876 4.818154 4.912147 4.998827 5.159697 5.430790 8.527733 16.247424 21.856943
4.921854 4.867476 4.771456 4.638075 4.567985 4.689203 4.533097 4.463254 4.342718 3.444483 3.154704 -14.413600 -46.320152 -67.986792 -83.393526 -91.921693 -100.708522 -105.097699 -111.847855 -124.335645 -141.887964 -172.610027 -228.739235 -269.846280 -280.797888 -231.514212 -205.058950 -225.115867 -274.638904 -310.732346 -326.106433 -331.571564 -316.634684 -248.658675 -170.814019 -142.001766 -132.878724 -135.370189 -128.818959 -122.925123 -122.484816 -107.338902 -90.325198 -59.861227 -18.189864 3.226029 3.508309 3.696613 3.942789 4.224133 4.421113 4.543940 4.745866 4.970493 5.079639 5.164025 5.316248
4.626373 4.479261 4.287468 3.991915 3.707015 3.735873 3.637808 3.431532 -24.100244 -87.137584 -130.109414 -169.355276 -256.946956 -310.192842 -329.868573 -357.157122 -370.375482 -379.484391 -380.390567 -393.661373 -410.244170 -424.764660 -432.783917 -436.728968 -442.453944 -441.007857 -437.074791 -432.719259 -441.514208 -446.816537 -446.458111 -448.657822 -449.296831 -439.131021 -422.948036 -413.836333 -407.297247 -402.896916 -401.796225 -400.845553 -383.730109 -369.968717 -348.138301 -288.129445 -177.541958 -128.869599 -100.934786 -77.173602 -40.807532 -6.772671 3.268218 3.663975 4.068962 4.472026 4.620809 4.739926 4.822826
3.531999 3.183325 -15.658634 -57.070694 -89.831970 -97.512353 -108.172466 -130.003594 -203.934246 -348.188579 -394.330387 -414.911882 -436.124902 -444.924347 -454.025963 -467.672189 -475.258038 -473.872771 -470.348673 -472.697133 -479.237746 -484.017558 -486.847102 -489.697059 -494.359124 -497.171634 -493.592787 -490.778991 -491.353442 -491.493450 -490.280361 -490.572852 -491.342580 -492.746814 -487.530958 -484.846911 -481.883719 -480.131541 -480.238517 -470.226373 -460.973205 -455.571422 -445.569824 -431.807390 -408.874609 -383.871998 -358.250570 -325.901839 -235.405400 -154.516249 -113.455467 -77.378269 -27.445946 3.142838 3.634007 3.898851 4.193308
-94.570493 -126.902604 -178.411199 -307.578920 -347.632612 -358.361752 -364.115433 -391.533192 -426.375636 -456.899548 -469.766951 -477.741398 -484.774975 -490.892348 -498.015274 -504.761156 -509.280039 -504.884412 -503.225726 -499.401142 -504.071017 -507.439655 -507.447737 -510.558469 -513.150371 -517.566114 -513.774921 -512.771400 -508.653730 -509.515786 -509.729948 -507.843372 -508.914203 -509.258776 -512.585419 -509.963093 -509.166066 -508.302100 -501.794681 -496.437345 -491.117506 -487.032150 -482.513329 -476.086294 -467.293617 -457.302969 -445.313685 -434.680293 -418.742894 -395.006916 -367.629701 -320.629392 -194.848398 -133.375002 -99.208442 -65.742898 -19.981955
-355.297409 -385.251527 -413.856952 -447.308520 -461.746556 -460.091605 -470.567504 -480.539896 -495.301215 -499.676556 -501.913314 -505.989775 -508.725088 -510.566057 -515.118261 -517.978835 -523.874182 -521.190371 -518.002682 -513.071942 -517.159247 -517.335958 -515.986217 -517.950514 -519.974290 -523.975868 -523.456086 -520.447847 -516.832886 -517.474725 -516.946345 -514.773462 -514.673198 -516.375479 -520.143422 -519.519654 -517.709293 -516.278447 -512.860911 -510.050187 -507.404905 -505.396089 -501.997713 -497.884295 -493.477824 -487.508228 -480.021230 -475.774442 -467.220738 -456.063816 -444.692630 -435.161107 -415.531106 -386.258434 -359.243380 -306.721114 -187.479015
-448.862828 -459.097831 -474.149353 -487.401632 -499.152328 -505.647443 -511.046737 -516.055822 -516.351665 -517.228853 -519.053584 -520.496124 -522.257222 -523.880637 -525.033042 -527.569307 -533.870887 -531.052911 -527.514878 -523.378370 -523.213017 -523.549389 -522.998688 -523.696131 -526.348924 -531.579447 -529.405767 -526.549005 -524.047265 -523.477257 -523.181969 -521.505310 -522.791258 -525.307451 -529.127632 -527.664441 -525.166539 -524.184916 -522.961353 -520.905733 -518.759423 -516.753369 -514.396323 -512.199401 -508.851810 -505.072110 -500.703171 -495.680990 -489.906789 -482.238011 -479.921874 -475.848164 -471.262763 -462.460657 -452.916745 -438.986799 -417.250666
-488.901387 -494.043689 -500.589040 -508.592786 -511.636947 -514.818626 -517.505860 -520.649505 -522.321552 -523.716628 -521.862473 -522.271193 -524.817998 -524.065359 -525.186250 -530.300592 -528.019455 -526.519336 -522.222626 -523.279622 -523.554951 -524.572359 -523.747982 -524.293915 -529.502208 -526.680313 -525.705415 -522.911038 -522.728026 -522.346713 -522.039009 -521.602290 -522.195704 -525.879245 -525.041996 -524.260693 -521.830412 -522.259875 -521.740175 -519.256947 -519.172328 -518.177506 -516.522745 -514.861430 -512.842375 -510.299082 -506.243226 -502.039725 -497.843874 -497.617828 -494.828103 -492.391824 -496.664813 -491.439548 -487.405417 -483.263071 -475.136146
