tests/Borden05m/data_simulated/sim_1/output-maps/psiliqL0026N0006.asc
ncols         160
nrows         34
xllcorner     620200.000000
yllcorner     5168000.000000
cellsize      0.500000
NODATA_value  -9999.0
[rows 0 to 24 of 34, columns 55 to 109 of 160]
-9999.0 -9999.0 -9999.0 -9999.0 -9999.0 -9999.0 -9999.0 -9999.0 -9999.0 -9999.0 -9999.0 -9999.0 -9999.0 -9999.0 -9999.0 -9999.0 -9999.0 -9999.0 -9999.0 -9999.0 -9999.0 -9999.0 -9999.0 -9999.0 -9999.0 -9999.0 -9999.0 -9999.0 -9999.0 -9999.0 -9999.0 -9999.0 -9999.0 -9999.0 -9999.0 -9999.0 -9999.0 -9999.0 -9999.0 -9999.0 -9999.0 -9999.0 -9999.0 -9999.0 -9999.0 -9999.0 -9999.0 -9999.0 -9999.0 -9999.0 -9999.0 -9999.0 -9999.0 -9999.0 -9999.0
-9999.0 -9999.0 -9999.0 -9999.0 3398.178654 3392.871285 3388.089215 3383.555472 3375.016602 3365.676136 3357.785150 3353.566304 3352.362796 3351.479241 3350.798457 3355.604048 3363.596302 3371.145072 3377.957627 3380.304803 3382.591962 3384.388066 3384.565642 3383.374711 3380.087309 3376.699079 3373.267008 3371.529340 3364.150199 3353.005969 3344.684261 3341.984547 3346.149435 3350.482350 3352.938322 3358.109914 3368.487300 3379.083659 3387.661117 3400.232939 3407.260663 3412.622371 3415.232199 3411.273792 3408.037275 3404.097391 3397.981781 3386.902372 -9999.0 -9999.0 -9999.0 -9999.0 -9999.0 -9999.0 -9999.0
3343.063278 3361.402638 3382.304125 3385.383102 3373.685883 3368.587319 3365.416971 3363.711246 3359.420443 3350.878570 3345.705445 3340.161844 3337.444631 3337.374940 3337.176700 3340.755951 3351.432197 3359.142065 3363.619812 3366.178191 3368.947785 3367.299351 3366.447749 3366.153786 3363.190026 3359.645467 3356.209089 3354.307373 3355.728683 3348.105025 3342.083228 3338.164160 3335.189703 3337.920650 3340.608937 3345.195163 3354.358723 3362.262912 3370.242570 3385.426846 3398.630482 3404.354297 3401.847979 3397.306974 3393.541243 3386.175637 3375.468387 3365.514825 3357.436248 3351.395106 3346.110355 3339.770214 3346.274203 3354.231461 3363.626370
3326.223409 3345.300127 3365.652026 3368.144895 3357.836322 3350.064592 3343.164675 3343.618345 3347.046117 3343.738161 3338.835089 3330.946709 3340.870852 3341.763815 3342.352729 3345.425815 3347.190721 3352.211814 3354.527913 3359.762812 3368.639833 3371.354692 3371.697344 3371.652556 3369.583170 3366.247945 3364.208511 3361.341150 3356.000563 3354.147521 3353.748026 3352.422108 3356.479363 3357.988767 3360.902330 3355.425398 3359.863014 3366.130834 3373.118481 3378.659245 3384.825101 3387.391410 3384.155922 3384.818586 3376.564672 3363.006656 3353.251911 3345.891253 3346.224203 3343.373184 3335.553567 3321.940363 3330.361842 3346.583396 3351.468401
3330.352151 3339.140292 3349.568787 3351.961424 3346.839546 3348.965950 3350.656164 3351.756510 3349.787030 3346.128756 3341.616781 3351.888632 3360.039874 3361.281052 3363.569984 3367.388065 3368.125300 3357.165048 3355.031186 3362.186121 3371.722502 3376.757448 3376.828420 3376.354234 3372.567622 3371.312774 3371.018987 3369.142919 3368.546306 3370.026052 3367.521906 3370.407350 3375.841334 3379.134234 3373.943699 3365.559008 3367.833484 3376.315426 3385.461644 3393.082595 3403.283193 3414.103413 3414.454818 3410.032243 3401.635743 3389.311841 3367.000834 3349.627140 3338.786785 3330.914163 3323.775025 3326.896625 3322.322588 3336.278420 3338.194088
3315.650571 3336.199000 3356.077345 3361.785796 3355.665109 3351.823961 3350.476056 3350.982277 3349.873624 3350.173637 3358.710224 3370.311867 3381.320486 3383.143922 3384.805683 3383.394009 3375.790547 3365.395080 3362.636662 3375.771511 3392.366152 3400.107973 3399.503626 3395.060751 3398.054231 3398.112804 3398.568335 3395.169784 3395.829583 3393.345589 3398.691573 3406.327994 3414.267379 3412.903177 3400.527634 3388.213887 3388.179619 3393.681033 3400.678117 3408.297844 3418.487984 3427.658255 3422.941862 3417.910895 3410.691291 3385.253224 3362.819553 3348.709481 3349.205592 3350.129488 3345.864674 3344.010314 3343.283873 3339.359791 3339.733801
3351.198531 3370.211730 3390.229553 3403.002612 3396.701288 3389.122084 3380.582901 3380.647511 3380.891864 3386.553614 3396.728369 3409.257557 3430.756450 3430.045684 3430.340474 3428.896912 3415.914519 3402.643889 3392.627587 3414.624654 3425.580069 3432.640914 3429.961672 3434.965534 3443.523384 3439.907602 3433.592716 3421.500346 3427.057063 3433.467841 3448.564373 3456.469361 3461.735225 3457.153480 3443.274957 3436.529962 3438.087652 3444.591083 3445.826538 3454.527910 3463.329578 3478.302523 3477.057527 3473.878075 3454.151926 3417.323635 3388.215197 3375.822023 3387.368909 3381.880612 3375.653204 3375.719232 3364.851297 3357.842938 3360.566423
3382.827326 3396.083002 3412.130867 3428.499332 3419.495652 3409.239112 3392.646086 3389.402317 3393.436701 3403.455034 3420.797633 3438.593709 3458.349294 3456.900778 3450.225125 3459.778921 3452.746464 3441.871335 3434.322195 3455.686496 3465.720009 3475.880419 3481.541367 3494.125586 3504.507749 3487.968423 3470.892720 3460.466873 3467.460556 3493.011486 3515.384066 3520.167928 3519.228501 3518.660806 3503.372192 3498.554639 3495.170800 3495.543935 3492.952687 3491.122989 3516.488830 3538.074996 3537.928487 3516.502471 3493.893521 3454.447442 3416.852317 3392.684260 3405.801056 3402.600975 3406.047340 3396.112787 3384.566807 3377.582836 3375.260574
3432.561211 3453.988436 3470.248914 3491.967046 3482.782393 3459.650667 3443.563713 3446.051479 3459.478630 3467.432614 3485.783164 3502.776929 3528.487622 3540.510347 3551.663137 3555.560726 3548.470927 3539.906823 3527.880776 3533.112061 3556.980810 3568.583164 3576.879672 3585.245718 3597.863371 3598.211899 3591.280282 3589.427210 3593.784074 3607.257635 3621.711849 3628.450746 3631.502681 3634.113680 3620.894389 3608.003604 3606.010341 3600.576362 3599.369667 3598.622243 3610.127779 3630.725059 3627.568345 3591.110993 3564.360351 3529.414201 3491.143213 3461.926500 3455.917683 3475.076060 3473.068609 3457.017492 3446.707084 3420.931235 3415.985092
3501.623022 3534.459125 3558.714603 3568.866937 3576.217043 3561.366654 3559.213542 3563.316776 3571.635408 3574.699321 3581.069766 3613.407007 3647.141492 3672.086197 3694.806391 3701.943822 3689.606566 3679.813009 3666.271903 3657.462440 3668.528573 3685.800521 3703.464392 3718.375927 3729.699812 3731.766786 3730.180745 3730.234782 3733.352039 3736.351299 3740.674703 3749.173864 3756.828429 3765.483394 3773.493041 3763.024637 3746.039047 3736.802971 3727.834456 3727.094534 3728.530920 3732.453559 3733.568290 3716.791140 3674.713868 3643.099546 3611.018112 3591.543064 3578.445973 3578.388983 3560.291743 3536.043994 3484.741099 3447.581975 3416.467803
3587.256451 3631.376478 3660.609206 3677.677590 3690.332013 3687.237567 3689.050558 3690.032157 3693.715431 3696.021893 3698.667335 3725.544726 3767.271902 3806.764941 3838.093021 3837.884415 3824.037180 3812.665926 3803.564050 3789.093169 3785.137482 3797.892317 3813.430208 3833.852555 3844.283699 3850.312008 3846.949231 3847.167824 3849.010087 3851.369194 3853.528797 3857.221059 3866.966040 3882.167160 3896.790937 3895.881262 3876.753579 3858.742895 3842.734448 3840.369075 3838.004916 3833.098712 3835.511866 3837.433163 3821.343857 3789.856559 3749.873156 3709.470970 3692.920341 3677.901111 3667.062728 3650.127498 3609.346253 3542.482688 3503.003306
3702.537156 3736.934401 3766.040959 3796.392035 3811.185989 3813.292985 3810.664071 3809.410961 3816.435284 3819.076761 3824.618590 3841.220954 3873.752443 3909.572553 3939.476621 3954.872927 3946.925514 3928.739671 3906.307932 3896.297833 3893.316059 3897.008148 3906.670691 3919.770951 3939.512175 3959.138342 3964.946682 3965.840134 3963.143916 3965.593653 3967.186601 3967.310092 3970.327736 3979.030073 3989.068309 3992.489221 3984.551074 3963.203765 3939.499999 3928.209163 3921.762599 3918.374904 3919.485406 3924.788282 3928.144453 3913.155703 3877.128820 3832.254325 3802.300902 3787.298453 3774.554038 3760.423729 3747.879595 3714.470658 3693.340242
3811.962993 3827.355371 3855.827455 3884.838808 3907.502097 3922.182457 3922.444325 3925.380947 3930.173522 3937.420881 3952.518207 3976.145622 3995.553639 4018.594001 4045.584314 4062.118380 4067.369645 4065.584842 4061.345429 4062.508682 4062.877096 3997.311214 4003.821847 4010.315371 4028.157701 4044.119042 4049.918537 4050.584131 4047.928546 4049.820806 4050.619590 4050.497171 4050.122577 4052.617980 4057.916963 4059.942216 4057.438493 4044.354522 4063.704741 4043.417607 4029.808357 4021.518952 4013.206610 4004.939044 3995.477442 3985.521390 3965.144481 3933.905902 3899.337852 3878.041251 3870.231131 3864.084985 3855.443305 3849.666746 3832.475556
3910.838167 3921.429092 3939.867785 3962.860946 3997.351442 4021.149002 4032.662653 4042.063777 4046.755321 4060.856224 4077.785689 4060.968776 4069.667834 4078.669752 4087.614104 4090.685672 4091.565132 4091.159326 4088.750532 4087.939319 4085.458511 4082.062337 4071.514911 4073.133576 4075.116658 4077.748545 4081.501424 4080.411502 4081.537293 4084.496909 4082.714428 4076.621731 4072.502913 4070.926353 4071.966129 4079.432349 4082.952495 4083.924963 4080.374844 4079.418928 4078.375891 4074.815045 4070.369397 4064.102344 4056.085547 4071.773755 4059.528047 4031.061415 3990.181221 3948.429183 3941.083318 3943.192804 3943.002194 3941.506678 3935.877464
4037.368212 4051.236732 4066.216694 4042.553189 4065.944881 4077.915833 4083.513242 4087.761831 4090.613426 4093.907140 4090.912598 4087.932376 4083.022965 4081.429033 4080.067417 4077.619324 4078.246282 4076.358680 4072.274548 4068.186565 4060.097927 4048.452057 4037.273848 4033.628734 4037.913998 4043.586138 4048.809386 4053.360541 4057.120462 4057.047718 4051.512653 4043.021713 4035.420785 4033.778102 4040.699571 4046.469142 4053.103191 4053.997689 4052.601426 4050.068233 4049.784872 4046.444329 4046.632077 4053.772219 4068.677563 4071.190799 4077.370420 4076.490386 4059.059685 4027.496350 4040.410375 4020.380508 4026.563304 4021.937780 4010.547833
4082.098016 4084.999329 4083.292048 4082.243081 4075.820466 4069.735125 4068.948081 4072.981066 4080.053590 4081.099533 4074.028927 4065.409841 4058.140434 4050.644718 4048.271867 4047.754498 4047.527090 4048.056820 4042.752271 4033.310594 4016.142009 4004.544206 3993.474292 3987.531531 3983.601137 3986.950504 3998.319607 4010.709177 4015.790145 4006.291104 3997.739861 3985.812239 3977.724614 3978.187161 3979.136037 3988.697788 4005.793057 4013.570200 4014.376058 4007.795013 4001.148981 3994.425710 3991.277329 3997.696406 4013.070064 4030.005601 4045.818086 4055.075599 4062.858124 4070.051600 4068.082128 4070.952294 4072.531606 4070.301832 4073.629425
4076.574850 4069.550998 4062.533553 4057.208642 4050.768048 4045.490079 4043.643903 4045.484584 4047.356619 4043.198079 4036.833455 4026.838770 4015.792238 4006.084397 3998.362157 3999.403630 4001.780502 4003.500652 3996.146016 3980.700935 3962.833963 3949.336405 3935.464237 3931.536564 3925.569494 3917.666073 3927.763720 3947.711122 3955.188192 3938.897637 3927.927589 3912.641324 3906.106522 3902.038642 3902.765730 3911.669045 3934.393248 3958.880041 3961.036617 3949.982680 3938.995990 3934.273165 3931.015704 3935.517230 3952.176164 3973.101559 3989.330569 3999.860096 4005.195715 4012.982866 4022.393712 4036.848402 4051.823009 4064.299857 4068.738594
4051.349356 4043.590376 4035.932799 4028.310768 4021.428673 4015.239209 4010.954353 4009.010945 4004.993540 3998.892625 3991.877301 3970.792169 3958.354319 3945.395308 3930.414909 3926.521252 3921.631854 3922.703476 3911.203416 3903.403357 3887.095921 3871.785056 3856.198523 3842.679710 3836.980752 3830.241872 3828.153701 3841.500702 3849.899015 3840.667097 3831.024637 3820.536325 3816.139209 3812.778382 3815.303265 3825.765483 3845.144017 3863.453473 3871.989027 3864.691837 3863.666350 3863.846877 3862.244903 3868.596834 3879.145563 3896.967691 3919.468347 3938.630816 3948.557168 3955.376242 3964.533905 3978.978301 3993.127348 4007.529053 4025.625696
4020.848217 4011.548273 4001.646146 3991.941366 3981.473674 3970.944170 3964.444354 3967.215796 3961.262124 3955.719728 3932.554984 3876.897995 3855.648967 3836.712324 3820.485544 3813.759667 3805.322357 3788.673276 3780.108721 3775.831362 3778.700948 3764.904751 3747.477339 3729.741281 3724.920250 3721.468268 3703.525992 3698.249761 3698.608850 3715.796032 3709.859104 3708.963139 3711.192423 3708.828373 3709.975741 3722.662220 3730.049924 3735.140298 3741.937108 3747.209529 3758.035314 3766.226157 3776.895269 3794.086325 3804.714880 3819.790227 3839.958766 3865.673491 3881.233627 3890.667546 3900.952655 3916.153130 3932.235074 3949.952489 3972.320588
3986.225709 3969.561159 3954.978543 3940.716999 3928.081659 3915.307385 3899.390860 3901.411067 3899.437146 3889.129668 3833.396805 3792.880931 3759.077746 3742.112677 3718.522325 3704.963721 3688.328392 3649.138289 3631.608075 3631.740123 3647.520701 3644.646723 3629.620648 3618.032274 3608.621462 3599.126400 3581.088195 3561.567524 3567.791780 3586.822435 3588.267946 3592.075166 3600.291682 3599.892600 3592.893600 3589.448214 3601.230345 3606.417790 3617.659552 3635.771995 3640.654530 3657.614003 3691.849089 3704.466287 3719.298066 3737.330874 3757.401338 3779.221126 3801.755800 3815.674597 3830.703667 3848.929114 3865.408954 3885.516186 3907.882113
3935.303265 3904.137659 3883.062999 3865.779025 3846.676955 3819.443349 3799.624785 3797.533825 3791.581436 3761.928969 3709.361191 3674.377596 3651.765512 3630.287831 3607.663903 3583.770859 3545.826809 3511.102665 3489.415273 3506.302652 3518.117340 3530.884952 3519.909828 3509.504646 3500.133274 3481.864433 3465.017298 3448.242349 3459.545513 3468.246695 3488.253789 3495.477183 3499.436788 3505.627943 3504.110335 3492.673746 3486.490418 3494.332615 3503.986529 3515.921576 3537.995387 3573.795678 3598.276599 3616.270890 3636.353145 3654.510510 3675.327773 3697.770277 3720.207782 3736.847873 3754.734845 3772.766202 3793.222290 3811.857068 3834.205625
3854.653451 3826.697654 3800.715134 3777.843120 3746.048888 3699.420075 3685.350171 3676.652652 3654.291159 3606.215794 3565.012075 3545.903151 3534.335453 3511.758725 3491.535098 3462.843601 3429.157675 3408.424058 3388.263979 3399.383111 3410.380684 3431.645165 3423.509980 3417.401339 3414.975327 3399.803215 3386.760969 3370.247178 3376.503521 3388.946127 3413.088957 3419.297345 3423.514258 3433.141996 3432.375009 3427.408186 3408.832761 3415.177390 3425.767267 3440.260747 3471.343520 3493.380285 3515.260454 3536.565702 3555.326871 3576.185463 3597.690725 3619.984281 3645.808163 3664.755765 3683.136522 3704.049837 3722.553352 3736.065917 3751.421848
3746.362211 3722.984030 3704.153583 3680.492762 3637.575672 3594.148477 3553.189630 3526.001001 3472.990151 3438.564069 3420.216664 3421.423275 3410.638998 3392.122859 3374.377061 3356.168719 3335.543888 3317.942121 3293.477387 3299.664248 3316.376710 3334.234596 3336.723921 3338.556272 3337.638696 3328.875139 3315.692101 3302.225643 3306.077471 3323.455320 3341.610850 3351.980668 3359.812050 3367.525549 3367.091244 3357.057789 3346.582212 3350.916066 3366.007486 3381.629614 3398.259109 3418.031713 3437.958224 3457.535884 3479.151182 3500.819329 3522.725546 3546.562797 3572.379201 3592.854439 3615.577612 3639.020562 3654.460613 3662.108264 3668.588267
3644.314151 3626.058450 3603.717734 3576.789902 3535.464494 3496.800831 3456.935139 3409.680790 3377.579551 3350.325046 3345.686018 3331.982329 3320.573886 3307.888852 3289.001277 3274.206797 3261.037446 3240.894394 3232.589742 3240.790753 3254.859806 3263.161794 3270.896878 3269.366894 3267.557660 3262.519448 3248.850588 3245.538453 3255.824473 3271.016724 3284.556039 3296.245891 3303.087507 3307.963160 3304.698918 3295.176330 3292.263930 3300.084333 3315.085713 3327.826120 3341.548963 3361.111679 3379.888965 3400.214109 3421.365247 3442.017411 3465.071077 3488.843014 3513.546537 3539.496355 3560.523423 3577.577580 3584.889374 3592.926476 3590.712293
3521.914698 3511.894835 3487.069348 3459.635561 3431.852761 3400.573390 3378.203192 3348.651864 3320.328044 3293.054155 3268.740040 3258.516537 3254.277559 3243.252707 3228.053696 3218.485942 3204.347110 3196.238990 3203.907010 3205.607454 3213.811596 3212.052004 3213.516916 3211.606625 3211.465375 3209.858883 3204.561793 3217.156929 3223.595183 3236.795691 3246.652415 3256.304185 3261.885532 3265.190462 3266.253353 3262.045403 3267.843731 3273.319691 3286.281692 3296.638842 3309.061445 3327.796271 3343.375720 3360.806699 3381.447826 3402.783576 3424.899937 3448.864056 3475.189632 3498.091502 3514.007071 3518.910124 3526.348872 3525.812086 3512.664123
