tests/Borden05m/data_simulated/sim_1/output-maps/psiliqL0025N0012.asc
ncols         160
nrows         34
xllcorner     620200.000000
yllcorner     5168000.000000
cellsize      0.500000
NODATA_value  -9999.0
[rows 0 to 24 of 34, columns 0 to 54 of 160]
-9999.0 -9999.0 -9999.0 -9999.0 -9999.0 -9999.0 -9999.0 -9999.0 -9999.0 -9999.0 -9999.0 -9999.0 -9999.0 -9999.0 -9999.0 -9999.0 -9999.0 -9999.0 -9999.0 -9999.0 -9999.0 -9999.0 -9999.0 -9999.0 -9999.0 -9999.0 -9999.0 -9999.0 -9999.0 -9999.0 -9999.0 -9999.0 -9999.0 -9999.0 -9999.0 -9999.0 -9999.0 -9999.0 -9999.0 -9999.0 -9999.0 -9999.0 -9999.0 -9999.0 -9999.0 -9999.0 -9999.0 -9999.0 -9999.0 -9999.0 -9999.0 -9999.0 -9999.0 -9999.0 -9999.0
-9999.0 -9999.0 -9999.0 -9999.0 -9999.0 -9999.0 -9999.0 -9999.0 -9999.0 -9999.0 -9999.0 -9999.0 -9999.0 -9999.0 -9999.0 -9999.0 -9999.0 -9999.0 -9999.0 -9999.0 -9999.0 -9999.0 -9999.0 -9999.0 -9999.0 -9999.0 -9999.0 -9999.0 -9999.0 -9999.0 -9999.0 -9999.0 -9999.0 -9999.0 -9999.0 -9999.0 -9999.0 -9999.0 -9999.0 -9999.0 -9999.0 -9999.0 -9999.0 -9999.0 -9999.0 -9999.0 -9999.0 -9999.0 -9999.0 -9999.0 -9999.0 -9999.0 -9999.0 -9999.0 -9999.0
-9999.0 -9999.0 -9999.0 -9999.0 -9999.0 -9999.0 -9999.0 -9999.0 -9999.0 -9999.0 -9999.0 -9999.0 -9999.0 -9999.0 -9999.0 -9999.0 -9999.0 -9999.0 -9999.0 -9999.0 -9999.0 -9999.0 -9999.0 -9999.0 -9999.0 -9999.0 -9999.0 -9999.0 -9999.0 -9999.0 -9999.0 -9999.0 -9999.0 -9999.0 -9999.0 -9999.0 -9999.0 -9999.0 -9999.0 -9999.0 -9999.0 -9999.0 -9999.0 -9999.0 -9999.0 -9999.0 -9999.0 3074.044118 3056.820954 3043.186734 3038.455902 3059.363151 3082.220550 3105.798039 3126.093054
-9999.0 -9999.0 -9999.0 -9999.0 -9999.0 -9999.0 -9999.0 -9999.0 -9999.0 -9999.0 -9999.0 -9999.0 -9999.0 -9999.0 -9999.0 -9999.0 -9999.0 -9999.0 -9999.0 -9999.0 -9999.0 -9999.0 -9999.0 -9999.0 -9999.0 -9999.0 -9999.0 -9999.0 -9999.0 -9999.0 -9999.0 -9999.0 -9999.0 -9999.0 -9999.0 -9999.0 -9999.0 -9999.0 -9999.0 -9999.0 3124.840435 3130.665715 3130.363143 3120.324708 3108.842827 3095.065458 3074.369224 3057.134772 3043.876379 3041.780061 3044.024336 3046.557296 3067.027716 3092.128839 3111.767045
-9999.0 -9999.0 -9999.0 -9999.0 -9999.0 -9999.0 -9999.0 -9999.0 -9999.0 -9999.0 -9999.0 -9999.0 -9999.0 -9999.0 -9999.0 -9999.0 -9999.0 -9999.0 -9999.0 -9999.0 -9999.0 -9999.0 -9999.0 -9999.0 -9999.0 -9999.0 -9999.0 -9999.0 -9999.0 -9999.0 -9999.0 -9999.0 -9999.0 -9999.0 3033.037996 3049.845623 3067.576975 3085.920901 3102.685889 3109.574906 3115.307940 3120.520473 3115.711024 3111.066678 3099.154206 3077.981346 3058.474983 3045.489326 3044.285125 3041.631709 3044.929554 3056.191643 3072.473024 3087.172567 3107.362062
-9999.0 -9999.0 -9999.0 -9999.0 -9999.0 -9999.0 -9999.0 -9999.0 -9999.0 -9999.0 -9999.0 -9999.0 -9999.0 -9999.0 -9999.0 -9999.0 -9999.0 -9999.0 -9999.0 -9999.0 -9999.0 -9999.0 -9999.0 -9999.0 -9999.0 -9999.0 -9999.0 -9999.0 3039.402395 3033.329709 3028.312702 3026.512419 3024.827254 3023.644349 3030.128446 3041.048962 3057.858171 3079.654669 3092.669202 3099.690352 3106.341730 3106.447837 3100.299668 3098.264333 3098.425538 3085.468859 3072.880173 3061.072795 3049.507454 3046.070316 3054.587867 3068.406462 3084.184081 3098.317205 3113.112676
-9999.0 -9999.0 -9999.0 -9999.0 -9999.0 -9999.0 -9999.0 -9999.0 -9999.0 -9999.0 -9999.0 -9999.0 -9999.0 -9999.0 -9999.0 -9999.0 -9999.0 -9999.0 -9999.0 -9999.0 -9999.0 -9999.0 -9999.0 3010.068957 3014.881193 3021.199006 3028.630854 3029.368552 3025.851096 3020.243312 3017.287484 3015.566522 3012.994053 3017.196203 3023.891784 3036.476282 3051.341091 3073.196204 3081.034802 3084.971273 3095.939649 3099.176425 3106.462330 3109.912312 3107.555576 3103.047106 3087.764367 3075.791624 3077.554626 3081.093779 3087.366225 3095.095984 3107.969432 3121.148412 3135.889792
-9999.0 -9999.0 -9999.0 -9999.0 -9999.0 -9999.0 -9999.0 -9999.0 -9999.0 -9999.0 -9999.0 -9999.0 -9999.0 -9999.0 -9999.0 -9999.0 -9999.0 -9999.0 -9999.0 2985.990989 2986.928064 2988.256669 2992.921589 2993.028517 2994.577799 3001.071001 3008.768826 3011.316361 3008.792293 3007.427489 3008.345922 3010.470152 3014.480485 3024.411921 3037.202587 3050.473108 3062.628286 3082.572674 3096.236994 3107.857652 3122.404330 3122.120954 3117.840261 3115.501209 3114.762361 3112.534471 3110.552968 3109.084764 3114.501381 3114.660480 3117.551431 3125.894387 3136.973429 3152.715318 3169.460912
-9999.0 -9999.0 -9999.0 -9999.0 -9999.0 -9999.0 -9999.0 -9999.0 -9999.0 -9999.0 -9999.0 -9999.0 -9999.0 -9999.0 -9999.0 -9999.0 2960.233154 2961.950879 2964.243474 2969.627248 2973.196408 2977.016606 2983.747075 2981.466821 2984.219339 2990.797426 2994.726078 3003.408515 3011.144111 3017.533332 3022.601580 3024.180072 3029.803864 3038.016119 3048.385509 3061.225614 3080.242002 3102.642167 3117.259957 3132.870692 3149.040222 3148.624688 3145.996567 3145.360631 3143.070757 3143.768907 3157.330789 3159.710202 3153.963201 3163.136178 3174.052105 3176.025188 3180.724250 3199.312566 3220.542396
-9999.0 -9999.0 -9999.0 -9999.0 -9999.0 -9999.0 -9999.0 -9999.0 -9999.0 -9999.0 -9999.0 -9999.0 -9999.0 2911.072246 2914.966632 2925.044401 2936.287634 2939.176947 2943.940809 2950.429049 2962.324852 2965.666868 2971.283865 2977.824099 2985.768247 2993.485703 3001.427307 3012.212628 3019.220771 3025.090617 3030.363478 3032.263783 3042.618029 3055.404286 3068.536664 3086.377853 3106.944443 3124.210041 3141.202422 3156.266086 3166.884733 3163.516103 3161.610766 3162.670800 3166.459914 3177.395077 3192.855800 3192.869849 3202.077362 3221.609734 3230.995955 3237.610053 3242.853341 3255.636149 3276.103999
-9999.0 -9999.0 -9999.0 -9999.0 -9999.0 -9999.0 -9999.0 -9999.0 -9999.0 -9999.0 2883.869068 2885.300037 2881.436872 2878.716771 2884.281067 2896.418152 2910.705893 2916.059810 2927.751417 2948.753395 2966.978625 2969.560321 2982.193742 2987.394864 2992.816560 3001.489697 3013.045380 3023.752525 3037.763349 3047.942381 3055.396559 3070.387529 3084.555417 3099.057530 3114.644108 3133.381459 3148.220592 3170.789236 3193.273368 3200.868278 3216.931220 3219.325483 3214.221769 3211.454569 3219.483958 3229.799255 3243.916761 3259.057495 3276.589647 3297.623346 3307.525622 3319.521623 3327.761171 3337.371896 3351.817668
-9999.0 -9999.0 -9999.0 -9999.0 -9999.0 -9999.0 -9999.0 -9999.0 2859.341159 2867.265708 2872.496688 2868.987083 2864.206758 2858.173287 2872.447927 2887.532598 2902.959581 2920.782997 2935.844644 2953.479438 2966.618007 2980.544221 2994.971725 3004.207763 3013.476478 3027.015952 3038.521646 3051.934153 3070.789628 3077.486979 3087.488080 3105.378792 3119.606610 3134.864178 3151.369596 3166.312833 3184.418218 3213.252296 3240.852107 3256.299339 3281.072388 3297.573713 3291.424057 3289.169361 3289.805329 3311.910461 3337.190012 3365.144137 3383.431492 3406.162511 3433.474986 3451.478792 3460.256768 3470.908210 3484.279326
-9999.0 -9999.0 -9999.0 -9999.0 -9999.0 -9999.0 2831.092124 2855.292216 2870.225969 2861.371900 2847.234603 2841.830801 2835.439102 2865.202970 2887.079394 2903.879585 2919.988338 2936.837926 2952.277281 2959.973980 2984.070375 3001.826207 3012.367242 3024.673178 3037.633175 3050.534756 3065.306319 3085.219745 3101.586427 3122.696156 3138.278522 3153.929637 3175.034908 3190.951926 3206.493102 3219.132236 3245.539494 3278.981170 3312.339134 3335.982437 3359.549892 3389.619294 3389.422959 3390.960735 3392.541694 3415.030191 3447.582685 3476.495860 3507.664352 3537.594312 3564.957303 3575.071383 3583.717562 3593.302059 3605.447943
-9999.0 -9999.0 -9999.0 -9999.0 2798.967077 2819.590351 2838.061096 2867.824830 2889.461725 2884.072531 2888.215856 2885.941075 2881.243343 2885.597880 2893.041069 2909.664586 2927.972681 2946.565482 2959.966357 2981.442555 3026.156201 3036.235579 3052.653998 3080.810022 3090.599187 3103.210494 3117.315379 3136.553889 3154.439530 3179.633872 3213.350055 3241.869736 3262.228841 3280.474828 3298.429301 3314.654224 3348.142362 3383.661161 3418.176936 3448.892018 3475.177775 3500.211088 3506.954755 3511.640259 3521.259116 3537.555477 3559.363833 3586.185611 3618.768511 3650.230534 3673.222474 3682.502492 3687.709715 3697.003102 3704.584979
-9999.0 -9999.0 -9999.0 2752.278438 2784.714031 2823.467476 2848.842062 2878.675950 2910.491242 2910.379080 2918.525906 2918.330231 2917.191459 2922.257933 2925.340367 2941.062591 2958.056967 2976.311842 2990.731237 3022.792642 3051.138639 3068.868028 3095.577744 3111.447015 3123.952936 3135.748128 3152.791891 3171.859731 3205.717365 3234.892742 3279.855797 3329.246238 3360.673378 3379.462260 3400.677267 3427.011890 3451.081122 3488.371697 3521.545403 3552.889354 3582.509160 3604.330834 3618.641202 3623.209718 3632.308030 3638.063345 3650.730216 3671.274223 3693.029837 3722.906748 3751.535649 3779.301512 3794.007279 3804.600977 3821.223113
-9999.0 -9999.0 2703.825132 2743.295073 2775.016121 2814.753094 2867.129209 2901.664034 2940.646865 2959.420912 2962.380261 2972.904827 2979.387008 2979.791595 2988.110084 3000.012476 3020.199505 3027.575174 3045.931648 3062.069401 3099.278227 3133.115756 3130.914489 3168.116190 3197.100431 3227.615799 3247.126424 3272.477703 3308.530626 3342.182750 3385.653140 3434.234184 3468.014287 3495.370764 3510.478632 3529.715684 3549.558841 3574.682607 3610.131535 3635.610870 3668.176474 3693.085760 3712.479095 3713.787033 3716.488402 3732.162064 3759.410171 3789.027216 3816.839247 3844.612229 3831.888355 3853.295306 3862.851406 3868.182992 3876.566132
-9999.0 -9999.0 2673.857151 2720.385423 2755.619991 2806.996886 2892.093645 2926.094331 2965.625088 3007.542439 3020.608433 3041.089137 3035.702040 3025.830969 3042.872729 3056.847636 3075.073426 3081.347877 3075.009421 3126.052967 3176.586520 3202.802742 3213.083797 3286.897922 3336.870481 3359.013170 3374.024841 3393.374118 3412.855917 3450.807332 3490.063625 3543.093293 3583.689447 3612.828949 3626.879863 3645.912359 3664.844573 3679.685583 3698.561413 3743.532298 3777.263400 3806.817275 3837.509148 3858.321176 3866.240606 3870.833552 3847.352153 3865.226247 3877.347733 3882.575656 3884.628624 3880.884636 3880.293609 3881.090076 3882.017698
-9999.0 2580.655463 2633.245151 2684.179539 2749.147547 2803.616887 2878.273263 2952.955310 3014.727612 3064.904644 3089.333794 3083.428038 3086.383036 3112.180912 3130.981974 3147.412211 3151.481132 3159.958526 3141.173388 3191.175666 3228.022130 3278.930545 3377.711773 3434.420018 3493.935901 3490.070932 3478.757856 3484.069851 3500.362610 3545.432653 3621.613075 3675.618075 3738.674137 3785.584307 3801.830515 3808.759518 3826.814870 3847.001712 3800.479362 3840.475211 3858.836931 3874.158385 3882.433344 3884.545125 3885.724571 3885.504941 3881.859050 3874.912118 3866.787183 3860.980510 3856.773851 3852.271105 3854.704618 3858.026133 3858.289465
-9999.0 2542.512103 2600.185055 2669.085824 2737.170856 2786.575338 2862.036564 3022.255297 3082.388442 3118.925329 3125.055184 3104.720200 3163.200093 3221.350440 3245.462286 3289.168423 3273.883197 3258.486580 3223.425115 3248.342407 3287.005482 3356.638772 3522.183860 3608.951684 3657.034243 3664.909774 3666.091005 3693.593113 3736.136979 3781.427927 3824.933195 3797.286221 3843.296635 3865.889732 3870.610960 3871.271832 3876.341077 3874.978882 3873.403236 3869.013983 3863.896147 3864.052322 3868.582241 3868.417023 3865.478717 3862.138611 3856.463402 3849.039796 3843.814367 3839.189925 3836.525239 3833.674050 3831.758553 3831.112960 3826.341186
-9999.0 2502.989188 2577.605479 2636.536239 2684.558762 2777.973065 2898.236827 3037.685057 3132.231893 3165.248420 3146.235122 3182.837684 3283.623606 3386.900817 3437.753014 3458.226371 3440.527006 3394.602636 3376.431462 3419.016925 3487.622643 3602.719650 3734.749051 3830.444818 3845.053144 3848.201773 3803.551337 3827.576250 3849.844296 3852.486747 3853.532324 3860.862860 3865.891282 3868.780804 3867.228647 3864.339673 3859.541184 3851.381425 3846.566714 3842.918857 3839.170728 3838.063817 3840.103923 3841.858802 3839.065872 3835.181852 3830.708937 3825.129214 3818.846059 3812.109230 3807.837647 3803.620245 3801.503138 3796.057070 3792.499602
-9999.0 2381.260350 2477.204723 2518.978501 2596.492252 2784.283361 2903.621406 3040.878244 3202.081374 3222.912011 3269.705551 3405.173469 3521.295882 3599.556843 3628.575766 3661.872714 3686.059748 3702.094197 3737.837617 3626.620061 3703.494169 3795.657133 3837.548858 3855.714624 3864.490305 3864.837612 3855.114532 3834.456306 3823.747867 3816.994715 3818.602147 3825.862349 3830.590680 3835.419828 3833.129678 3834.132341 3835.119086 3831.868227 3827.875538 3819.208160 3811.385023 3804.773800 3801.641507 3806.378684 3801.713334 3799.290172 3793.137916 3784.764753 3775.877060 3768.512038 3760.608694 3754.069401 3751.826153 3746.813780 3745.638465
-9999.0 2300.380005 2373.267003 2435.014032 2547.640642 2711.733592 2800.172804 2957.055400 3190.154310 3322.762140 3480.982464 3568.656386 3638.124748 3681.048691 3731.628319 3782.064450 3808.030444 3818.994366 3789.942459 3810.437483 3768.472785 3757.550179 3774.738377 3803.312651 3819.868397 3823.839679 3815.894452 3806.579559 3799.325069 3798.200925 3796.099813 3792.251349 3788.329985 3784.856969 3781.716329 3784.582885 3789.813179 3782.793327 3772.692338 3763.369857 3754.962397 3745.833470 3739.932617 3735.400839 3735.654450 3735.898515 3728.317095 3717.881611 3707.101321 3698.872021 3691.686800 3687.143518 3684.535596 3679.629905 3670.219802
-9999.0 2181.589812 2313.707513 2391.131662 2487.196585 2616.792594 2722.606830 2863.437963 2989.612689 3229.631366 3370.802004 3553.495967 3601.442472 3669.180871 3716.955208 3788.648695 3784.464205 3752.962428 3710.581538 3694.258276 3704.494862 3713.230036 3721.671950 3736.398382 3753.834783 3763.773935 3768.412855 3762.203403 3748.036505 3735.856689 3725.150153 3711.832664 3702.647284 3700.276777 3703.995674 3713.714714 3714.387980 3705.116029 3691.131647 3673.135990 3657.706494 3646.040615 3643.972482 3646.632268 3647.654937 3643.674849 3637.831555 3627.163981 3614.653004 3602.381214 3596.619631 3592.265124 3584.992310 3573.991422 3562.330291
-9999.0 -9999.0 2228.507525 2336.983272 2431.037991 2542.472352 2633.417083 2753.109470 2880.424837 3046.625207 3161.154303 3335.117138 3426.977000 3470.376240 3505.143482 3560.079172 3584.196622 3613.830647 3606.760297 3617.423976 3626.627243 3631.680705 3637.072587 3643.120382 3653.672500 3663.351611 3673.234332 3670.444618 3661.576183 3641.388823 3616.236372 3596.697438 3586.372854 3577.351472 3589.181655 3601.597223 3596.339851 3589.476814 3576.941543 3560.843149 3548.283098 3534.140501 3530.693577 3530.684555 3531.278359 3528.977733 3526.355948 3513.998670 3501.793205 3491.840765 3487.797186 3482.255232 3478.638051 3468.895719 3458.390773
-9999.0 -9999.0 2140.261174 2244.406018 2346.965853 2464.330317 2549.147936 2567.280518 2704.864191 2794.212047 2900.213776 3004.547629 3098.129085 3164.502520 3197.512223 3258.616281 3312.665611 3330.305428 3367.951410 3419.031680 3452.018533 3489.839094 3512.030453 3521.497992 3533.905855 3548.061005 3555.518613 3540.589910 3529.346399 3512.347768 3489.208832 3462.953582 3449.635566 3448.904455 3448.268825 3450.158699 3442.764808 3433.822256 3419.458848 3405.460195 3393.272775 3384.209836 3380.640340 3375.334302 3373.192449 3370.531782 3368.802199 3363.559917 3355.183457 3350.470797 3342.432071 3338.664060 3337.826946 3334.633222 3328.820109
