tests/Borden05m/data_simulated/sim_1/output-maps/psiliqL0005N0017.asc
ncols         160
nrows         34
xllcorner     620200.000000
yllcorner     5168000.000000
cellsize      0.500000
NODATA_value  -9999.0
[rows 0 to 24 of 34, columns 56 to 111 of 160]
-9999.0 -9999.0 -9999.0 -9999.0 -9999.0 -9999.0 -9999.0 -9999.0 -9999.0 -9999.0 -9999.0 -9999.0 -9999.0 -9999.0 -9999.0 -9999.0 -9999.0 -9999.0 -9999.0 -9999.0 -9999.0 -9999.0 -9999.0 -9999.0 -9999.0 -9999.0 -9999.0 -9999.0 -9999.0 -9999.0 -9999.0 -9999.0 -9999.0 -9999.0 -9999.0 -9999.0 -9999.0 -9999.0 -9999.0 -9999.0 -9999.0 -9999.0 -9999.0 -9999.0 -9999.0 -9999.0 -9999.0 -9999.0 -9999.0 -9999.0 -9999.0 -9999.0 -9999.0 -9999.0 -9999.0 -9999.0
-9999.0 -9999.0 -9999.0 -631.692697 -637.319168 -642.157499 -646.037333 -654.805742 -662.808479 -671.114976 -673.868296 -674.008850 -675.230880 -677.004312 -672.357441 -665.795972 -659.752474 -653.095302 -652.431393 -650.838850 -648.541218 -648.001677 -649.252800 -652.354414 -655.019554 -657.894424 -657.308341 -665.842479 -677.346641 -686.365282 -688.712022 -682.690526 -678.160686 -677.206249 -671.912417 -661.823996 -652.373940 -646.436922 -635.927560 -633.346311 -628.781150 -624.356242 -628.449146 -630.801781 -632.416012 -634.086538 -645.562757 -9999.0 -9999.0 -9999.0 -9999.0 -9999.0 -9999.0 -9999.0 -9999.0 -9999.0
-662.848409 -645.052530 -643.893789 -660.473127 -664.283225 -666.467035 -667.319221 -671.895520 -681.031270 -685.185234 -691.491243 -693.851340 -694.368060 -695.737915 -692.491006 -682.013937 -674.080590 -670.492441 -669.993783 -669.071591 -670.016701 -671.082083 -671.148125 -674.067473 -677.187392 -680.366353 -681.053954 -678.024077 -686.092160 -690.971799 -694.688278 -697.284669 -695.168288 -693.247792 -691.374458 -681.087737 -674.464365 -668.324752 -654.172629 -641.626846 -637.115042 -640.455965 -645.583552 -646.962887 -650.572267 -658.144697 -666.170999 -671.964143 -676.885618 -680.053028 -684.957458 -677.950988 -674.574816 -664.946290 -656.010970 -645.641341
-682.451032 -662.983073 -662.174815 -676.708848 -686.676240 -690.672009 -689.710103 -685.139800 -688.827129 -694.685615 -701.578713 -692.361815 -692.535041 -692.478825 -689.879988 -686.275472 -684.623314 -682.340451 -678.257143 -668.896009 -667.838357 -668.018054 -667.813574 -669.676887 -672.897890 -673.838871 -676.230410 -682.911020 -682.834171 -681.664936 -682.367787 -675.683666 -674.625869 -671.915109 -682.396143 -679.473105 -674.250206 -669.071374 -663.923719 -658.584501 -654.215612 -658.342106 -657.331773 -664.108672 -676.723104 -684.602974 -689.101257 -686.296178 -685.579614 -692.149619 -708.113532 -699.149877 -680.028916 -678.211952 -677.604724 -665.953052
-693.289575 -684.972930 -684.622552 -691.231464 -687.624681 -684.252090 -681.823709 -684.538527 -689.697737 -694.393900 -679.076606 -670.594768 -671.551559 -669.173781 -665.235247 -666.187404 -683.123031 -687.329127 -678.605936 -668.631489 -663.603383 -665.269133 -666.191765 -668.558636 -669.269833 -668.762050 -671.297620 -669.183464 -666.391479 -667.251316 -661.757293 -655.767500 -651.757405 -662.739449 -673.479121 -672.978277 -664.133897 -656.276420 -650.095976 -638.922617 -625.117269 -626.848931 -631.666585 -637.535929 -646.245111 -667.913778 -687.155767 -696.080562 -700.871215 -706.977341 -705.418007 -708.047280 -693.764292 -693.253206 -693.504621 -684.551165
-698.692027 -677.082359 -670.092461 -679.085386 -685.694763 -689.465740 -688.588043 -689.604926 -687.354180 -672.732341 -660.919217 -645.913751 -646.587897 -645.066783 -645.622737 -657.735642 -668.775702 -674.697409 -656.444246 -639.903490 -632.639057 -633.852975 -634.670745 -623.485760 -626.813273 -629.723323 -637.042656 -634.213944 -632.426813 -618.589170 -611.477698 -604.224163 -606.727901 -620.169566 -632.130262 -633.823690 -632.248688 -631.753375 -626.419443 -615.491277 -603.737255 -609.814905 -616.255424 -622.997406 -652.392520 -679.299011 -693.133495 -685.502460 -680.853793 -683.904664 -684.735745 -686.344929 -696.006201 -694.710228 -694.196254 -696.847324
-652.807932 -636.910267 -619.492789 -628.731700 -638.245282 -652.328966 -651.732031 -648.814723 -641.515235 -630.115182 -612.458856 -586.555506 -585.861596 -582.471906 -576.283503 -588.902725 -602.334865 -618.172784 -599.833584 -591.262795 -582.015546 -579.135629 -564.125884 -550.968161 -558.090512 -569.478367 -581.383163 -573.416731 -555.110544 -536.953683 -530.384621 -526.955099 -524.835521 -536.427242 -542.299655 -546.509403 -547.120602 -553.744197 -552.087557 -538.079122 -517.780481 -516.610069 -530.237543 -555.298495 -592.936161 -629.260780 -651.468020 -640.402824 -646.549997 -651.068295 -652.129508 -666.414613 -676.773681 -671.504697 -681.642214 -688.911708
-619.857554 -603.736955 -584.116018 -589.464206 -603.828608 -618.594740 -618.474622 -608.883317 -600.715160 -580.244313 -550.852136 -517.587457 -497.964015 -484.077511 -471.010640 -480.978440 -494.095226 -508.263936 -504.258179 -486.349366 -467.975850 -448.835018 -428.334334 -409.150414 -415.279134 -427.211605 -429.599105 -423.376688 -400.380599 -380.800678 -373.000427 -368.682700 -362.235390 -368.300593 -378.758598 -391.677835 -405.225790 -417.842359 -426.401351 -406.884022 -388.071915 -391.793347 -427.063845 -464.123485 -509.918810 -555.617465 -598.358907 -604.321681 -601.958878 -600.831011 -617.478381 -630.946237 -649.735711 -658.367407 -663.176977 -679.856277
-519.634989 -491.544944 -464.427447 -454.348500 -472.914672 -477.380850 -469.993583 -454.185544 -445.699845 -424.987438 -381.180955 -335.234330 -303.788543 -280.217596 -275.600641 -283.815755 -293.204528 -308.070852 -315.399152 -301.861772 -288.726565 -276.952359 -266.472249 -256.438793 -250.003750 -250.836423 -250.833849 -248.529053 -245.105597 -239.678151 -233.779039 -227.986676 -221.685211 -220.090023 -228.059066 -236.198783 -245.469277 -253.995319 -256.805158 -258.433759 -253.116557 -254.088781 -271.488701 -296.678128 -330.243065 -375.163383 -422.845488 -460.577831 -464.615244 -486.538250 -509.432300 -537.187917 -581.738605 -601.202307 -615.653066 -650.852245
-370.721849 -333.163077 -312.221305 -294.562195 -293.271003 -289.753058 -286.102838 -280.048871 -274.907001 -268.029713 -240.007590 -207.735409 -177.534064 -153.000675 -143.368615 -151.596920 -160.855478 -171.402422 -180.705014 -180.554675 -168.604631 -153.848741 -139.458988 -129.986577 -126.780027 -128.315187 -128.236070 -127.051239 -124.085262 -122.114014 -117.897447 -111.696959 -101.620815 -89.411544 -92.435997 -108.052382 -121.355453 -137.210616 -145.275546 -148.828196 -153.978755 -154.687674 -156.019166 -178.640891 -203.053828 -232.041698 -261.740195 -283.124039 -304.237338 -327.582220 -353.826484 -408.932068 -469.026718 -517.684256 -556.889363 -595.508746
-242.916526 -215.685959 -190.892813 -176.053706 -170.273248 -167.394217 -163.146579 -155.540202 -149.132453 -140.787682 -122.964643 -89.996099 -53.876467 -21.284942 -12.758170 -18.886415 -29.760613 -39.859212 -47.846517 -51.702462 -46.022943 -37.568135 -25.032836 -14.547825 -5.952139 -4.841670 -5.629041 -4.596987 -2.317816 -2.172863 -0.156343 3.562919 14.168621 23.381322 23.656003 15.933765 -0.293666 -19.064981 -34.076223 -44.659770 -51.884199 -53.389229 -53.298426 -54.917932 -75.003012 -106.569777 -147.708625 -176.710011 -198.983102 -212.653448 -227.359741 -242.604147 -278.018689 -299.315081 -333.709335 -379.821194
-140.128748 -113.251609 -85.405654 -65.750143 -55.085338 -52.009784 -45.419882 -32.941896 -23.675602 -13.048860 3.786073 22.768502 51.655752 93.367738 116.324674 114.387298 93.292161 90.516677 88.881656 76.831338 89.249263 95.148212 99.448067 110.662891 110.802279 125.874719 115.562918 125.399404 128.025028 116.624587 127.576516 116.168152 129.903419 135.834288 125.685365 134.805008 123.000250 103.880120 68.627860 53.434464 46.800620 42.609019 41.564540 39.043755 29.210228 4.067351 -33.064786 -68.929627 -94.918378 -113.606087 -127.213106 -136.916511 -146.159178 -160.331735 -185.339623 -221.764796
-34.552054 -11.282061 10.887810 36.264615 53.142780 59.162053 73.465947 96.810459 109.389916 113.095213 139.571942 150.071681 162.490220 184.405785 194.562792 200.109739 200.381925 201.796820 204.203304 202.719826 200.888879 202.175178 202.607618 203.324075 204.830364 206.203178 205.205810 206.157648 207.202533 205.966854 207.375351 206.039261 205.369874 205.996352 204.618442 205.521074 202.847893 196.060241 179.175075 167.539909 160.578109 153.366466 145.295565 136.145187 127.129820 111.548026 69.757081 33.217235 0.756852 -18.072663 -27.589466 -34.093026 -39.642488 -53.759408 -74.386614 -100.516317
92.768952 107.136774 112.996329 145.947510 160.259137 160.078836 179.103578 187.032734 197.705976 207.048817 209.884915 209.969831 210.668821 212.163189 212.568713 212.704489 212.719091 210.330126 209.925528 208.572229 203.089750 194.138795 195.371535 196.404864 198.459647 201.667190 199.781711 199.497616 203.141919 202.223630 197.589660 194.346278 192.876607 192.950020 199.583652 202.289762 201.576509 202.822498 202.364185 202.130349 202.000463 201.689004 201.720377 201.437492 197.641667 188.893606 167.601048 139.843304 108.424411 73.167057 60.348323 59.427279 54.781205 46.564842 22.945249 -5.077283
189.632379 200.685497 208.456566 210.886982 211.123119 210.862215 213.746043 215.966066 216.459090 212.634267 208.718421 204.475551 202.984437 201.951275 199.682441 200.371452 198.413441 194.551255 191.045601 184.026545 171.881009 159.897397 157.868056 162.426806 166.771640 170.126912 170.625830 162.705685 174.938812 172.692429 165.997058 159.484971 157.417265 163.377766 168.743282 171.924111 161.376413 170.247069 170.370489 171.285772 169.873044 170.954659 178.076308 192.114988 200.255544 200.566605 200.288183 199.352664 197.124955 176.100298 156.750178 158.645913 154.147517 140.981173 102.542983 74.748395
206.412993 205.974082 203.577349 198.166845 192.833889 192.345460 196.141436 202.731514 204.278641 197.575133 189.564862 180.832745 173.071846 171.318064 169.618048 168.753861 168.466869 162.821707 154.062921 125.054398 105.713601 92.020481 85.028880 83.739528 89.018295 96.903736 103.199017 105.141100 102.252856 96.922052 88.095332 80.682123 80.944001 83.838992 91.954924 102.723584 102.968014 105.497567 102.686800 100.543968 96.501235 97.369797 109.823260 141.532266 157.748376 170.090029 177.977010 186.560598 192.886205 199.535602 199.483041 199.560378 199.467175 195.087278 179.941616 160.977601
191.189050 182.835009 177.248958 170.431767 164.507478 163.074127 166.009096 169.641936 167.041361 160.119847 147.700951 119.734603 104.809542 98.064907 97.949531 99.342922 99.124490 92.474493 77.055743 55.616053 39.033837 23.793530 19.059944 14.474030 12.042883 22.030476 36.220380 40.906802 29.833414 21.604321 9.151792 2.039280 -0.197662 1.619144 10.621296 27.592353 42.780836 43.785241 35.879339 28.386971 24.953821 24.761061 35.494935 59.582503 80.845294 96.367461 109.642406 129.944476 143.235047 153.368709 164.144306 176.499720 188.099466 198.964220 199.714052 199.381329
159.821439 135.379512 122.977060 114.468182 107.826452 103.407438 101.014127 99.019262 93.114441 85.756035 73.592460 56.788228 43.004487 29.370423 25.850240 23.677405 25.201834 13.896279 1.604577 -19.144258 -35.400915 -51.119516 -59.738040 -65.510252 -70.819760 -63.693722 -48.068939 -39.255362 -54.113249 -63.821916 -76.750264 -83.084143 -86.060926 -84.872610 -75.801628 -53.756292 -36.037849 -30.271674 -38.010263 -44.524406 -47.199718 -46.855588 -40.101389 -22.093307 -0.498814 20.284742 36.656950 50.240538 61.098227 72.946107 88.719928 106.803146 135.647179 154.961191 173.310741 188.042683
98.423507 83.664316 71.800091 60.560669 49.871193 43.889430 44.167991 37.375242 30.912556 20.206451 -20.250050 -36.830384 -54.049736 -68.226905 -73.022077 -79.601495 -83.028295 -92.308681 -99.905589 -111.367022 -126.756860 -142.659555 -156.436375 -160.917959 -164.835285 -168.857786 -159.869604 -155.876737 -158.192138 -164.967437 -171.863518 -175.431710 -177.723526 -174.305215 -162.407929 -150.701490 -139.796657 -134.794318 -139.497640 -134.612799 -129.211264 -128.408797 -113.693305 -99.382988 -81.365900 -60.024518 -37.648861 -24.677006 -14.234704 -2.300760 14.432983 33.637696 55.715002 80.924056 108.953927 139.600485
45.541804 31.209757 16.859326 4.355590 -7.696465 -18.907251 -18.530965 -22.381532 -28.848592 -60.508418 -100.575407 -129.489332 -145.933662 -164.624387 -173.267182 -180.858397 -199.963552 -211.942858 -219.695481 -218.972795 -229.727030 -244.977407 -257.736162 -263.865233 -268.231912 -277.061570 -280.404693 -277.095375 -269.318451 -275.002285 -278.102010 -275.991491 -277.926551 -279.650744 -272.440537 -260.213953 -252.903600 -245.358988 -238.069025 -233.847525 -227.888252 -206.830960 -193.788400 -180.491537 -162.055234 -141.691477 -120.294830 -102.272978 -89.998540 -76.106237 -57.296310 -39.827083 -17.511647 7.775857 37.986725 61.229227
-20.353663 -38.014537 -53.030269 -67.933870 -83.651424 -103.011514 -105.016539 -111.676756 -123.524501 -161.366110 -197.748633 -226.164768 -245.319838 -266.156583 -279.943638 -300.852296 -332.625751 -355.072698 -355.150292 -349.335957 -355.382607 -375.453377 -395.572927 -411.456994 -428.556706 -449.849523 -462.642004 -451.734596 -439.566189 -436.964477 -435.926871 -431.620408 -431.123571 -432.384498 -432.207950 -415.130605 -401.037387 -386.358143 -373.744479 -361.309272 -329.899662 -301.508059 -282.819483 -263.502750 -244.878985 -223.598316 -201.292161 -182.607450 -168.752475 -151.817545 -133.596923 -113.766219 -92.677566 -67.037037 -37.097822 -12.704298
-86.593444 -110.594547 -129.920571 -150.251220 -180.513643 -193.270648 -201.228094 -208.858417 -235.825110 -271.617847 -307.155526 -340.145171 -373.301827 -409.203690 -446.245210 -486.526480 -523.046123 -546.412953 -537.581783 -529.923982 -520.726020 -538.059568 -553.671009 -560.804826 -576.242180 -590.968801 -606.452762 -595.504456 -586.786760 -571.371276 -569.810396 -567.584728 -561.355698 -563.785214 -565.581097 -572.060886 -561.335778 -551.615265 -539.238150 -510.285129 -478.291086 -444.275727 -413.205890 -381.230509 -348.525716 -316.035612 -286.378988 -261.402789 -243.312668 -225.351713 -205.417486 -186.850558 -168.624183 -147.037860 -121.072610 -98.080619
-175.569221 -194.939949 -215.015002 -243.239632 -280.025256 -308.173299 -320.671637 -354.366452 -396.117111 -456.574912 -494.397770 -521.987582 -549.864682 -572.889479 -592.830205 -619.014110 -640.036264 -663.848606 -657.121332 -644.237800 -628.231215 -639.613798 -643.616652 -644.193273 -655.022880 -667.183829 -682.224092 -678.850798 -664.637824 -648.331460 -645.051484 -640.244662 -632.313024 -632.326713 -638.967265 -649.943897 -645.299135 -633.904697 -621.004899 -600.615766 -579.943749 -559.285887 -539.847202 -515.537354 -486.561502 -452.860406 -412.267837 -370.986638 -341.640677 -309.616248 -279.811550 -258.701927 -245.515229 -229.685481 -205.193920 -186.941136
-262.540926 -283.842709 -310.645920 -357.693644 -418.058287 -480.261657 -520.933847 -557.163692 -591.303929 -611.857401 -628.447633 -644.545443 -659.639017 -675.818067 -691.192117 -705.647401 -723.444139 -747.592318 -739.014377 -723.922182 -708.290117 -707.173029 -709.577142 -710.321140 -716.400295 -729.397040 -747.046353 -738.172598 -723.446179 -709.593857 -702.879596 -698.381009 -691.613509 -695.610455 -705.168939 -716.659368 -709.466577 -695.742569 -684.480723 -670.638422 -653.104640 -635.191183 -617.348365 -597.917508 -577.917478 -553.972964 -527.204165 -496.945680 -464.045402 -427.265500 -388.584114 -365.871432 -345.089350 -326.650918 -301.421781 -278.927394
-397.890850 -435.963447 -475.392986 -519.581854 -565.789825 -596.498558 -623.770682 -648.555829 -673.098278 -691.099606 -704.517764 -707.240053 -716.275096 -731.941775 -737.577477 -748.576934 -770.488980 -766.204207 -760.386634 -743.859484 -744.760020 -745.033752 -748.834128 -747.434590 -751.205788 -769.748356 -760.717835 -754.502735 -740.594320 -734.649590 -729.150968 -725.247436 -722.123846 -723.936787 -735.835378 -733.120925 -727.560000 -714.644901 -708.832603 -698.855784 -681.979218 -670.945580 -656.791175 -639.761911 -621.838830 -602.040793 -580.019662 -554.237414 -529.357998 -506.755438 -494.366982 -478.594112 -465.629675 -467.043225 -440.377016 -411.550066
