tests/Borden05m/data_simulated/sim_1/output-maps/psiliqL0018N0019.asc
ncols         160
nrows         34
xllcorner     620200.000000
yllcorner     5168000.000000
cellsize      0.500000
NODATA_value  -9999.0
[rows 0 to 24 of 34, columns 55 to 109 of 160]
-9999.0 -9999.0 -9999.0 -9999.0 -9999.0 -9999.0 -9999.0 -9999.0 -9999.0 -9999.0 -9999.0 -9999.0 -9999.0 -9999.0 -9999.0 -9999.0 -9999.0 -9999.0 -9999.0 -9999.0 -9999.0 -9999.0 -9999.0 -9999.0 -9999.0 -9999.0 -9999.0 -9999.0 -9999.0 -9999.0 -9999.0 -9999.0 -9999.0 -9999.0 -9999.0 -9999.0 -9999.0 -9999.0 -9999.0 -9999.0 -9999.0 -9999.0 -9999.0 -9999.0 -9999.0 -9999.0 -9999.0 -9999.0 -9999.0 -9999.0 -9999.0 -9999.0 -9999.0 -9999.0 -9999.0
-9999.0 -9999.0 -9999.0 -9999.0 1834.006425 1828.748586 1823.981489 1819.609523 1811.288112 1802.494069 1794.777710 1791.203942 1790.672625 1790.336741 1790.313687 1795.849673 1804.280614 1812.281320 1819.657921 1822.354206 1825.023347 1827.365087 1827.993510 1827.028015 1824.017639 1820.918463 1817.699314 1816.256576 1808.579145 1797.400176 1788.857412 1786.160837 1790.475169 1794.844289 1797.241868 1802.700481 1813.108157 1823.572930 1831.782424 1843.529378 1849.369184 1854.099530 1856.411857 1851.825373 1847.860244 1843.508719 1837.620721 1826.323714 -9999.0 -9999.0 -9999.0 -9999.0 -9999.0 -9999.0 -9999.0
1778.673084 1797.793626 1818.498489 1821.921171 1810.460605 1805.672564 1802.756339 1801.239621 1797.039572 1788.902083 1784.170105 1779.218973 1777.534759 1778.048061 1778.510268 1782.897344 1793.704494 1801.989157 1807.015290 1809.879146 1812.846503 1812.313154 1811.924900 1811.860118 1809.173775 1805.908506 1802.681609 1800.999210 1801.934085 1794.432241 1788.811070 1785.230882 1783.052327 1785.598205 1788.018993 1791.742711 1800.926307 1808.745037 1816.523285 1830.778384 1843.057729 1847.990990 1844.939730 1839.536341 1835.155668 1827.646903 1816.869933 1806.331786 1797.107446 1790.003945 1783.931345 1777.265938 1782.705671 1789.078069 1798.056905
1763.478523 1783.135634 1803.785421 1806.866649 1796.592570 1788.863665 1783.535409 1784.292046 1787.679985 1784.764593 1780.565748 1775.004723 1784.574085 1786.232341 1787.678381 1791.382721 1794.440056 1798.720086 1801.689283 1807.342941 1816.590800 1819.584076 1820.303964 1820.611769 1818.904174 1815.895845 1814.172433 1811.527950 1806.406289 1805.114886 1805.194645 1804.546084 1809.135649 1810.575213 1812.669086 1806.332510 1810.050611 1816.048031 1822.655836 1828.454659 1834.505804 1837.429329 1833.587134 1832.644638 1823.602686 1809.197013 1797.953085 1789.307099 1787.696255 1783.948211 1775.336572 1761.463632 1768.225234 1783.185715 1787.090818
1769.863415 1779.489480 1791.281342 1794.549911 1789.983060 1792.100060 1794.235005 1796.108659 1794.940010 1792.266692 1789.894998 1802.101091 1811.576703 1813.712773 1816.929785 1821.155985 1821.563335 1810.494232 1808.599441 1816.795366 1827.125266 1832.899448 1833.320100 1833.323373 1830.810645 1829.888600 1829.700301 1827.772851 1828.121956 1830.261681 1829.325809 1833.286651 1838.824983 1841.826160 1834.928080 1825.964391 1827.180640 1834.999697 1843.279209 1850.372523 1860.395407 1870.963891 1869.807324 1863.910880 1854.340123 1840.418014 1816.574662 1797.057798 1785.365783 1777.056211 1768.955384 1769.195214 1764.603607 1775.941596 1776.786140
1765.425685 1784.470403 1805.788820 1813.467042 1808.095558 1804.116349 1802.514827 1803.791571 1804.101635 1806.702570 1818.258430 1831.770995 1845.519306 1848.498103 1851.258240 1850.976505 1842.970068 1833.166470 1830.223374 1844.722820 1861.402638 1869.754457 1870.174957 1868.265378 1873.842574 1873.172142 1872.417283 1868.236937 1869.862419 1869.912742 1878.109794 1885.722272 1893.073323 1891.359613 1879.116779 1867.219941 1866.070842 1869.637792 1874.034568 1880.396437 1890.117471 1899.022819 1893.389916 1886.274695 1876.484670 1848.206575 1821.929917 1805.186123 1804.477424 1803.876217 1798.153561 1794.402389 1791.027396 1784.148700 1782.948314
1809.966741 1831.122412 1851.872167 1867.228320 1862.002518 1854.848145 1846.019546 1847.100654 1849.754735 1857.574161 1870.119880 1886.282822 1909.862539 1911.924710 1914.552766 1916.239366 1904.959234 1892.853206 1882.618951 1902.337956 1913.138607 1921.436604 1921.735805 1929.925583 1939.431842 1935.390093 1928.183626 1917.400550 1923.514356 1933.335748 1948.399273 1955.549701 1959.840416 1957.259758 1945.034887 1938.774148 1938.216509 1941.724664 1940.328559 1945.964727 1955.116306 1969.457552 1967.932003 1960.315027 1938.017233 1900.283659 1866.971360 1848.537778 1855.242726 1847.747980 1839.967902 1836.471972 1822.523298 1811.938466 1811.806841
1856.967552 1873.951497 1892.169044 1910.426702 1904.842284 1895.162660 1881.447037 1880.671216 1887.573142 1898.275061 1917.218107 1938.662041 1961.408710 1966.537946 1966.531373 1976.594997 1970.555393 1961.230225 1953.753731 1969.004186 1980.565604 1991.895290 2000.278836 2013.039107 2024.206035 2012.183730 1998.477667 1991.498239 1997.418571 2019.218840 2038.260273 2043.167681 2043.517898 2044.895306 2033.471409 2027.394637 2021.773382 2018.404206 2013.455654 2009.776323 2029.973253 2047.593352 2045.742543 2022.451161 1998.195586 1960.044642 1921.588476 1891.539079 1895.037627 1891.033209 1890.514271 1876.308169 1861.190140 1847.128764 1839.079907
1928.145464 1955.044125 1974.763222 1996.731515 1994.622286 1976.409745 1966.298694 1970.896636 1984.408906 1992.410070 2009.332920 2031.139813 2060.827976 2078.995362 2095.515126 2100.275315 2092.891666 2084.623516 2072.433994 2073.506454 2093.319911 2105.474421 2115.438977 2125.378981 2137.890862 2141.545058 2137.455397 2136.553978 2140.210564 2149.587143 2160.473713 2167.090970 2171.475574 2175.700938 2168.356596 2157.078399 2152.198126 2144.475410 2139.459493 2137.128006 2142.417818 2156.282182 2153.074786 2122.478266 2094.839874 2060.948569 2022.840961 1991.618198 1977.628581 1987.465280 1978.758169 1960.329242 1943.272086 1910.862496 1897.691997
2016.506742 2051.606515 2078.565712 2092.343030 2104.132325 2096.374176 2097.308877 2101.994369 2110.239368 2115.070922 2122.845087 2155.495434 2190.035777 2217.878491 2241.837537 2250.393715 2239.912620 2230.691841 2218.663728 2209.888787 2216.871994 2232.476975 2249.560363 2264.924457 2276.156317 2279.210049 2277.870995 2278.124954 2280.599202 2283.532731 2286.964227 2293.906759 2301.294666 2310.968673 2320.714172 2312.893726 2295.590140 2284.128370 2271.862283 2267.998928 2267.035676 2266.771143 2266.378751 2254.521479 2218.463835 2188.118383 2155.509084 2129.575169 2110.751255 2101.112043 2081.002753 2056.895528 2008.217088 1968.447422 1934.284765
2120.591160 2162.937666 2193.555335 2215.518997 2230.397089 2231.737094 2234.623722 2237.324415 2243.010011 2247.729440 2253.689832 2278.244382 2317.734978 2355.967445 2386.548117 2389.382476 2378.850889 2368.585618 2359.108734 2347.346395 2343.985915 2353.746085 2366.523597 2384.139874 2395.069288 2403.187074 2401.289035 2401.639322 2402.758577 2404.764003 2406.648971 2409.256228 2417.294064 2430.380089 2442.724039 2442.757653 2426.938271 2409.424744 2392.302185 2386.525587 2381.389403 2375.331300 2375.619705 2375.975445 2364.454144 2336.127976 2297.798216 2255.484095 2232.068938 2212.306415 2198.929559 2181.527884 2149.151795 2091.179444 2056.532629
2246.042438 2276.891466 2307.233058 2338.338241 2356.145754 2362.394110 2362.385552 2363.831938 2371.725637 2377.211073 2386.037443 2402.869284 2430.297096 2462.026104 2490.135776 2506.959327 2502.032957 2487.753316 2468.901582 2462.054661 2460.221452 2462.866313 2470.528834 2480.343075 2497.226973 2514.395369 2520.393689 2521.197818 2518.284710 2520.940700 2522.382921 2522.535977 2524.358113 2530.561781 2538.575225 2541.160726 2534.696215 2515.803479 2493.951479 2480.431259 2472.205199 2467.604975 2466.205857 2468.333836 2468.573562 2454.776648 2422.608896 2381.536010 2348.894495 2328.779300 2312.854204 2297.495815 2284.592697 2258.755143 2238.620781
2363.235702 2378.610047 2406.033494 2434.140298 2458.130504 2474.440969 2477.661952 2482.900573 2488.333315 2497.668369 2513.520587 2535.197341 2551.687543 2571.130931 2594.696960 2608.941652 2614.655206 2614.329587 2612.009356 2613.496479 2613.601511 2572.343540 2576.466616 2580.546076 2591.585985 2602.497481 2606.363920 2606.736384 2604.957465 2606.456682 2607.061012 2607.173215 2606.869743 2607.809693 2611.051547 2612.117329 2610.178609 2600.625414 2609.458832 2590.985880 2578.164292 2570.065864 2561.802269 2552.980620 2542.962916 2532.459851 2513.434420 2484.332800 2450.176024 2424.785058 2413.771446 2406.083934 2397.436017 2390.643230 2373.628600
2469.808916 2481.813264 2499.293351 2521.120346 2552.150039 2573.487669 2584.791557 2594.056914 2599.197324 2612.389091 2627.270341 2618.161262 2623.999933 2629.911520 2635.712625 2637.756733 2638.322587 2637.958361 2635.450163 2634.587411 2632.215353 2627.666608 2617.437585 2618.598690 2619.961492 2622.260569 2625.690787 2624.329862 2625.226221 2628.145777 2626.599190 2620.996962 2617.306167 2615.778038 2616.436125 2623.555925 2626.648765 2627.279307 2625.111774 2624.167405 2623.372762 2621.027742 2618.127362 2614.027345 2608.690519 2616.236742 2604.799188 2579.216950 2542.878343 2504.581059 2492.570216 2489.925782 2489.073401 2485.665219 2478.716844
2590.192570 2603.408817 2617.597294 2607.386887 2622.869092 2630.962344 2634.915357 2638.367233 2641.075748 2643.084838 2639.976332 2636.687264 2631.830564 2630.270730 2628.739992 2626.077532 2626.369628 2624.024383 2619.544492 2615.204064 2607.491460 2595.837244 2584.026192 2580.557904 2584.564310 2589.436935 2593.791563 2597.263563 2600.588454 2601.186368 2596.233684 2588.329134 2581.250803 2579.553647 2586.196671 2591.825565 2597.577430 2598.368157 2597.095674 2595.086265 2595.371470 2592.943416 2593.693991 2600.687230 2614.659928 2619.273346 2623.096394 2622.299218 2610.895505 2590.356458 2590.261483 2570.231842 2574.108380 2568.819812 2556.710586
2631.829240 2634.157970 2633.448223 2632.204229 2626.309836 2620.534005 2619.783286 2623.577769 2630.234082 2631.105823 2623.739297 2614.903598 2607.361366 2599.828845 2597.050534 2595.471712 2594.327603 2593.861468 2587.811062 2578.555131 2561.663013 2549.318842 2537.480699 2530.875886 2527.663530 2531.532706 2541.477947 2551.750630 2556.332249 2548.573086 2540.838152 2529.946272 2522.123609 2522.612858 2524.509843 2533.786555 2548.943375 2554.920795 2555.981452 2550.830628 2546.147439 2540.696360 2539.038713 2546.407701 2562.060310 2578.476308 2593.290811 2602.124647 2609.752078 2616.496591 2618.005382 2619.791520 2620.626211 2618.906838 2618.991684
2626.548658 2619.891447 2613.110392 2607.805899 2601.017051 2595.125628 2592.928485 2594.597379 2596.485264 2592.165396 2584.808945 2573.771068 2561.995762 2551.482733 2543.857803 2543.799006 2545.063826 2545.319595 2537.643826 2521.910166 2503.054140 2488.787239 2474.210743 2469.576839 2463.749011 2457.673477 2467.577203 2485.294461 2491.734618 2477.248265 2467.116743 2452.790881 2446.024549 2442.814347 2444.263928 2453.662890 2474.742651 2496.289695 2498.417138 2489.008300 2479.890676 2476.205891 2474.480400 2481.191871 2499.597944 2521.109026 2537.298528 2548.020517 2554.304802 2562.950431 2573.008704 2586.655763 2600.844323 2612.600901 2619.587684
2600.262830 2592.123381 2583.985833 2575.844594 2568.210088 2561.167680 2556.094888 2553.187506 2549.096469 2542.104271 2533.921914 2515.269698 2501.920790 2488.594502 2473.486102 2468.867530 2464.144814 2464.561129 2452.410864 2442.355524 2424.186491 2408.126636 2391.774394 2379.473050 2373.160532 2366.524956 2367.772124 2381.950287 2390.467718 2378.858087 2368.963140 2357.333116 2352.155929 2349.121109 2351.561582 2362.200432 2383.497606 2402.431436 2410.634760 2403.858840 2401.462691 2401.436972 2401.409054 2408.563733 2422.468931 2442.367840 2464.889184 2483.260615 2494.000945 2502.511060 2513.339765 2529.142516 2544.077187 2558.889124 2576.887091
2564.972053 2554.993861 2544.401312 2534.015523 2522.606983 2510.595442 2503.272656 2504.037021 2496.627369 2489.457720 2469.834830 2418.989878 2398.583256 2379.249788 2362.618438 2355.468535 2346.660418 2334.188411 2324.422682 2317.974618 2314.428630 2298.918751 2280.592263 2263.197785 2257.651163 2253.351535 2240.347790 2240.618741 2242.407936 2251.849992 2245.204446 2241.636729 2241.542664 2239.390481 2242.068291 2255.665968 2266.103291 2274.698547 2281.831629 2284.090033 2293.611869 2302.081345 2310.169549 2327.758870 2341.244225 2358.981194 2381.151013 2407.003429 2422.633733 2433.558386 2445.589164 2462.254940 2479.875569 2498.535234 2521.915604
2523.361553 2506.955478 2492.010564 2477.009340 2463.436744 2449.925032 2434.682844 2434.840801 2430.762407 2420.265433 2371.789341 2329.154066 2294.861049 2276.162991 2252.544938 2239.277197 2224.835343 2192.306513 2175.927110 2171.808148 2180.690197 2173.412917 2156.903561 2143.533979 2134.503570 2126.318826 2111.020036 2097.471694 2102.660474 2117.663044 2115.812372 2116.647855 2122.698459 2121.827440 2117.278602 2119.399014 2133.118222 2140.555569 2151.648231 2166.714557 2172.255478 2185.778458 2216.514907 2231.073551 2247.495170 2268.167314 2290.822108 2315.054061 2337.983812 2353.200484 2369.638068 2389.856360 2408.137744 2430.095457 2454.429563
2465.918264 2436.356180 2415.495435 2397.674671 2378.492674 2354.044290 2332.785159 2329.315838 2321.525919 2296.627707 2246.415067 2207.424376 2179.948151 2157.301658 2133.062217 2111.294989 2078.733307 2045.321487 2023.958742 2033.659748 2042.269565 2047.734968 2034.773512 2022.788257 2012.731656 1996.839290 1980.720623 1966.833558 1976.437598 1984.971682 1998.325701 2003.545506 2007.538360 2011.904203 2010.956486 2003.962349 2004.768643 2013.714444 2024.419171 2036.324054 2054.421113 2087.585004 2113.224905 2132.064997 2153.895544 2174.831008 2198.406017 2223.332682 2247.021534 2265.203817 2285.322784 2306.228448 2328.890382 2350.624316 2376.176683
2383.563934 2355.121382 2327.985185 2304.272883 2274.185252 2231.119281 2215.499524 2205.711666 2187.805073 2145.689422 2103.157116 2074.426415 2055.339082 2031.015406 2008.198375 1979.978107 1947.273378 1922.911974 1902.371015 1910.438816 1918.605508 1933.709502 1923.143611 1913.923154 1909.117067 1893.980257 1880.321289 1864.914330 1871.810401 1882.745723 1902.904875 1908.031210 1911.976853 1920.311379 1919.707949 1916.605941 1904.087975 1912.315542 1923.465438 1938.251080 1968.092359 1992.567452 2016.760390 2039.305947 2060.419555 2083.886744 2108.449963 2133.524027 2160.973553 2182.056593 2202.685072 2225.822098 2247.333812 2265.659634 2286.329223
2270.713458 2245.369909 2223.692396 2198.934472 2159.093326 2114.959305 2077.162946 2055.556729 2010.510851 1975.912264 1947.750549 1937.910920 1922.209715 1900.501711 1879.847924 1859.148766 1834.895999 1813.890451 1789.163645 1793.392972 1807.109640 1822.236993 1819.684644 1818.125038 1815.651371 1805.278343 1791.678904 1778.068844 1781.712921 1797.785591 1815.203912 1824.004054 1831.325919 1839.193893 1839.417174 1831.647719 1822.892308 1828.593642 1843.816994 1860.614575 1880.686333 1903.041860 1925.400016 1946.949565 1970.705616 1995.076748 2019.837632 2046.565537 2074.944369 2097.241862 2122.435009 2148.472615 2168.258730 2180.620645 2193.513463
2161.569555 2140.195726 2116.000635 2088.635584 2047.182453 2006.099926 1964.196476 1921.041255 1887.629195 1857.359257 1844.670373 1827.260315 1811.374771 1794.759559 1773.881789 1755.716582 1738.638035 1716.786307 1702.529914 1708.500070 1721.448138 1730.904419 1735.420880 1732.716089 1729.908161 1723.239737 1709.404591 1702.194280 1711.384638 1726.652103 1740.985420 1751.935522 1758.897872 1764.717315 1762.124909 1753.791146 1749.751793 1758.305649 1774.281990 1789.057818 1805.789148 1827.548262 1849.133519 1871.724812 1895.370910 1918.877237 1944.829818 1971.586446 1999.027521 2026.871110 2051.370419 2073.443963 2085.237301 2097.445301 2102.994016
2032.542435 2017.930643 1992.114589 1963.759882 1932.393070 1896.338357 1868.503273 1836.505082 1805.723313 1775.737891 1749.901389 1734.877001 1726.549321 1712.489281 1694.185243 1681.631035 1665.220643 1651.138765 1653.767791 1655.608771 1665.010804 1664.525669 1665.125861 1662.284088 1661.325199 1657.950498 1649.470581 1658.764249 1665.774177 1679.803354 1690.255171 1699.904357 1706.052454 1710.078751 1710.794071 1705.736096 1710.701434 1717.693411 1732.238294 1744.237750 1759.103756 1780.084074 1797.978256 1818.005006 1841.094952 1865.018375 1890.071035 1916.847728 1945.815877 1971.813322 1992.022581 2001.804976 2013.439163 2018.911501 2012.515130
