tests/Borden05m/data_simulated/sim_1/output-maps/psiliqL0012N0003.asc
ncols         160
nrows         34
xllcorner     620200.000000
yllcorner     5168000.000000
cellsize      0.500000
NODATA_value  -9999.0
[rows 0 to 24 of 34, columns 57 to 113 of 160]
-9999.0 -9999.0 -9999.0 -9999.0 -9999.0 -9999.0 -9999.0 -9999.0 -9999.0 -9999.0 -9999.0 -9999.0 -9999.0 -9999.0 -9999.0 -9999.0 -9999.0 -9999.0 -9999.0 -9999.0 -9999.0 -9999.0 -9999.0 -9999.0 -9999.0 -9999.0 -9999.0 -9999.0 -9999.0 -9999.0 -9999.0 -9999.0 -9999.0 -9999.0 -9999.0 -9999.0 -9999.0 -9999.0 -9999.0 -9999.0 -9999.0 -9999.0 -9999.0 -9999.0 -9999.0 -9999.0 -9999.0 -9999.0 -9999.0 -9999.0 -9999.0 -9999.0 -9999.0 -9999.0 -9999.0 -9999.0 -9999.0
-9999.0 -9999.0 613.519298 608.028483 602.780081 597.864227 588.914511 579.699610 571.262080 567.313974 566.437026 565.676979 565.340618 570.664386 578.725281 586.440602 593.701563 596.198153 598.736470 601.102529 601.714930 600.590738 597.476559 594.299215 591.001444 589.583465 581.508577 570.153917 561.339695 558.605965 563.070404 567.573895 570.093660 576.011278 586.782722 597.604123 606.126088 617.928796 623.599933 628.639108 631.577778 627.418230 623.805134 619.963138 614.895513 603.836374 -9999.0 -9999.0 -9999.0 -9999.0 -9999.0 -9999.0 -9999.0 -9999.0 -9999.0 -9999.0 -9999.0
596.657387 599.939048 588.836179 583.963945 580.687196 578.615743 573.687454 564.998789 559.713285 554.317663 552.532462 552.620796 552.741304 556.939098 567.105520 575.156437 580.010092 582.596451 585.277359 585.196471 584.812992 584.616456 581.869760 578.578486 575.305254 573.607445 574.014915 566.462937 561.041941 557.677911 556.134086 558.648569 561.027962 564.337610 573.863532 582.046108 590.214840 604.421816 616.727687 621.864298 619.284921 614.185561 610.315410 603.604727 593.536930 583.123157 573.205185 566.105267 560.550205 554.905186 560.883129 567.395915 577.317925 587.079257 599.020460 611.130829 -9999.0
581.052015 583.907006 573.173645 564.884101 560.027189 560.212324 562.699985 559.154658 554.535267 549.779177 558.163944 559.487227 560.688216 564.011215 567.227586 570.222289 573.052449 578.497227 587.599640 590.441711 591.135604 591.448863 589.797716 586.851565 585.199986 582.566190 577.462747 576.466626 576.816970 576.643948 581.670330 583.161947 584.798262 578.039724 581.524589 587.708947 594.506768 601.067261 607.713379 611.714650 608.347947 607.239670 598.713941 584.756921 573.417962 564.756782 562.592661 559.279483 551.341209 538.644240 545.586770 561.014876 565.515950 568.824039 580.449009 592.644679 602.918846
566.852196 569.853013 564.857639 566.113559 567.688099 569.202766 567.651332 564.700266 562.910350 575.559908 585.042090 586.882286 589.861930 593.493835 592.783705 580.839708 578.442167 586.874397 597.382593 603.398350 603.852277 604.055982 602.389161 601.621015 601.411646 599.335481 600.284796 602.824121 602.999808 607.744423 613.387022 616.235987 608.259546 599.094471 599.797500 607.444099 615.432040 622.628038 633.173888 644.365910 643.038492 637.138523 627.901987 614.063419 590.396464 570.565458 559.567851 552.348771 545.016271 544.643242 541.612177 552.533758 554.039545 555.655291 563.763311 573.872946 583.898892
581.145020 589.150441 583.244207 578.085531 575.221466 576.003660 576.299944 579.548492 592.303287 606.195577 620.921800 623.780213 626.454746 626.156826 617.008238 606.801112 602.957762 617.871071 634.145286 642.738388 643.893624 643.966308 651.598846 650.468142 648.836008 644.053082 646.371153 648.296709 658.625305 666.248312 673.233411 671.381321 659.422286 648.044977 646.296550 648.692182 651.469221 657.337319 667.310483 676.777038 671.358916 663.721587 653.179429 624.087748 596.406110 579.182947 579.149909 579.060527 573.956542 570.523671 566.902175 559.505403 558.740734 557.667648 556.801843 568.454887 580.505701
628.433005 644.401537 638.730224 630.675623 620.444864 621.147453 624.519965 632.931518 646.314101 664.344697 688.692631 692.120715 695.803835 699.050174 688.065901 675.796784 664.490201 681.871770 692.285778 701.659213 704.638527 715.826499 726.643830 722.731563 715.135166 705.489945 712.131255 724.617011 739.777357 746.503813 750.246518 749.377631 738.571651 732.809995 730.790286 732.219013 729.073626 732.731090 742.586858 757.006264 755.901415 745.662046 722.232988 684.759068 649.478662 627.915143 632.473157 625.175482 618.111707 613.820803 599.426327 587.975411 587.446247 577.409449 570.726050 581.691196 587.265497
674.602291 693.089989 688.888366 678.441197 665.719633 665.735763 673.884201 684.383174 704.032031 727.945734 752.861894 762.915107 767.775140 777.662939 771.229924 761.693608 753.056586 763.017432 775.714916 788.673405 800.434854 814.941058 828.168688 820.606930 810.116219 806.150543 811.580132 830.866157 847.696685 852.983014 854.627076 857.823090 849.493669 842.502623 835.126325 828.925155 822.233536 817.222897 833.640375 848.375663 845.279777 820.529927 794.948818 757.795996 718.996474 685.186334 682.432678 679.138889 677.236498 661.562551 645.546993 627.951317 617.377620 607.585969 592.500187 596.947661 601.372640
769.763796 791.225395 793.597098 778.126810 771.557289 776.991650 790.155149 798.180095 814.438792 840.655727 874.469961 898.464845 919.848791 924.955692 916.183864 906.284573 892.225336 889.219665 906.181057 920.079275 933.903918 948.158670 963.319169 971.406605 970.701209 971.266290 974.886597 981.604933 990.194362 997.088033 1002.868835 1008.747299 1006.005359 995.904250 988.689560 979.161610 971.218234 967.493370 967.672801 975.816984 971.665580 944.220806 914.477193 880.203515 841.122721 807.648843 787.384455 790.590022 777.761454 758.745216 737.914181 701.753766 683.581942 666.300837 635.763933 630.297551 637.659243
884.477605 900.875293 915.738388 912.812535 915.542794 920.433228 928.976236 936.162781 946.579181 981.438443 1018.838560 1051.137414 1077.809026 1087.636143 1077.063813 1065.830130 1052.701100 1042.804209 1047.238174 1063.968218 1084.668777 1104.968096 1119.831308 1126.119977 1126.590075 1127.903586 1130.381251 1133.741670 1136.823170 1142.770763 1149.907594 1159.840886 1170.819865 1165.309324 1148.653167 1136.024392 1121.621894 1115.341778 1111.870056 1107.143281 1103.908263 1093.488089 1059.094897 1026.955785 991.329830 958.130293 932.929724 915.100889 893.648528 870.083176 823.804905 782.268478 745.730981 716.249362 686.034536 681.409710 702.662908
1016.064194 1042.754067 1059.766017 1064.379092 1067.848855 1071.989934 1080.147379 1088.522026 1099.214964 1123.938647 1162.708364 1201.066437 1231.811126 1236.613932 1227.132519 1215.747826 1204.376632 1194.020351 1191.906420 1201.799164 1216.170170 1235.687485 1250.212176 1262.123360 1262.984142 1264.261909 1265.107955 1267.430243 1269.391106 1271.239541 1277.831641 1288.971243 1299.528803 1300.682732 1288.274347 1271.988520 1255.010686 1247.264549 1239.921347 1232.166497 1229.523045 1226.872600 1216.582847 1188.566788 1149.701254 1103.217185 1071.455410 1046.047462 1030.099123 1012.193525 985.933415 933.908110 901.146754 863.064013 825.370131 801.552560 837.588981
1147.300783 1179.659179 1199.799598 1208.658172 1209.992925 1213.197305 1222.184201 1230.930828 1243.625775 1261.749947 1285.438030 1313.775432 1339.930635 1356.860076 1352.991984 1340.507348 1323.668188 1319.252518 1319.282326 1323.104529 1331.918971 1341.987126 1358.828759 1375.360024 1381.443791 1382.723772 1380.759910 1383.060264 1384.344460 1384.542699 1385.412091 1389.635009 1396.207324 1398.705671 1394.628425 1380.011607 1361.226115 1347.270079 1338.362307 1332.891123 1329.163550 1328.101841 1325.045000 1311.320193 1281.202613 1241.811062 1205.687733 1180.930644 1162.893660 1147.604239 1134.395611 1112.976144 1090.620269 1055.000179 1007.069472 966.802921 961.505368
1260.568764 1287.787124 1312.057500 1328.346290 1332.521260 1338.542035 1344.003368 1354.862515 1371.200461 1390.153738 1403.611637 1419.452077 1439.435667 1450.986574 1456.240671 1456.561213 1455.746754 1458.151236 1459.362799 1438.159433 1442.581741 1446.795426 1454.177842 1462.139304 1464.856106 1465.358101 1464.675535 1465.930822 1466.519096 1466.974586 1466.859487 1466.742177 1468.648792 1469.495517 1468.954827 1463.544259 1465.940012 1450.084820 1438.754057 1431.237017 1423.032967 1413.556514 1402.912218 1392.291625 1375.768935 1349.008080 1315.865243 1288.297184 1276.220221 1268.702628 1260.490980 1252.190702 1233.220515 1207.421236 1172.822632 1130.324329 1090.988228
1361.767575 1381.575952 1407.508089 1425.156306 1434.806554 1442.806534 1447.515917 1459.571468 1472.560959 1468.618801 1471.749440 1474.711023 1477.473243 1478.162980 1478.187339 1477.984824 1476.090297 1476.456553 1475.936786 1472.568969 1464.577990 1467.011528 1468.963157 1471.544120 1474.922958 1473.490516 1474.393772 1477.470500 1476.388845 1471.512041 1468.481741 1467.270285 1467.913054 1475.173028 1478.601332 1479.917609 1479.830078 1479.870404 1479.984096 1478.876528 1477.033024 1474.144323 1470.385375 1471.782588 1461.634665 1439.301065 1408.083726 1375.160073 1361.624688 1356.945183 1356.426178 1351.694938 1343.271368 1322.564816 1293.609567 1255.792966 1215.268754
1470.117601 1469.158844 1477.427938 1481.427715 1483.097915 1485.094368 1487.103464 1487.842826 1484.549210 1480.999930 1476.164274 1474.530689 1472.678157 1469.715427 1469.879161 1467.801450 1464.271140 1461.645384 1456.616908 1447.442826 1437.316044 1435.464949 1439.992749 1444.421699 1447.989675 1450.500490 1453.485469 1454.760656 1450.616352 1443.654570 1437.481422 1436.167785 1442.945072 1448.830011 1454.398623 1455.759413 1455.335031 1454.435104 1455.618606 1453.921561 1454.607740 1460.529499 1472.649568 1477.890773 1479.579837 1479.092831 1473.064111 1462.161341 1453.565767 1434.505427 1437.195206 1431.703778 1419.413234 1398.198754 1374.597654 1345.525701 1316.766137
1484.459407 1482.982241 1477.231777 1471.346607 1470.220309 1473.446160 1479.559790 1480.329074 1473.056492 1464.567037 1457.303146 1450.048404 1447.069268 1444.755081 1443.240064 1442.896150 1437.938182 1431.289880 1417.714494 1407.646538 1397.437031 1391.593712 1389.246152 1393.211566 1401.576255 1409.849869 1413.879982 1407.486834 1400.611282 1390.906383 1383.789305 1384.839272 1388.026359 1397.709094 1412.041267 1417.317015 1419.233914 1415.751163 1412.848831 1408.161021 1406.791506 1413.414374 1427.426154 1441.526331 1454.246296 1462.009581 1469.253233 1475.708371 1479.885495 1480.735910 1480.702668 1479.053665 1476.679064 1461.646153 1441.714050 1419.158416 1396.337458
1468.691286 1464.108364 1457.639555 1451.696114 1449.377456 1450.917383 1452.869047 1448.713962 1441.218253 1430.330055 1418.624682 1407.747171 1400.067594 1398.953627 1399.448026 1399.333917 1393.063718 1379.770371 1364.040173 1351.936824 1338.697167 1334.205039 1328.117481 1322.560634 1331.511235 1347.073521 1352.478609 1339.117236 1329.351519 1315.631872 1308.890835 1306.935956 1310.001598 1321.172966 1342.375267 1362.770950 1365.679156 1358.079734 1350.542991 1347.230801 1345.653833 1352.468796 1370.256629 1389.634105 1404.202476 1413.951519 1420.085402 1428.619992 1438.312041 1450.143066 1462.460616 1472.425754 1480.291251 1483.304809 1481.604253 1476.978784 1464.694935
1446.279407 1438.943063 1431.783109 1424.996026 1419.703742 1416.180693 1412.102113 1404.598250 1395.945674 1380.287448 1366.227786 1351.965892 1335.628108 1329.292808 1324.003409 1324.022866 1312.411051 1302.368059 1284.601706 1269.761726 1253.951266 1242.276724 1234.123579 1226.009717 1228.799594 1243.360802 1251.785471 1237.692592 1226.451724 1212.909846 1206.746439 1204.543708 1208.665439 1222.098041 1247.523237 1268.854675 1277.975525 1272.201320 1268.819443 1268.019702 1268.276829 1274.999927 1290.570062 1311.681203 1333.981987 1351.369159 1362.203706 1371.395194 1382.676889 1397.659554 1411.523763 1424.848859 1440.891088 1459.616958 1473.355193 1482.347776 1486.539685
1413.553014 1403.702772 1392.423647 1380.476767 1372.494461 1371.446594 1362.534406 1353.498647 1335.421779 1286.401499 1264.775509 1242.706064 1222.841343 1212.684970 1201.761617 1191.571326 1181.050610 1173.831494 1166.514469 1150.643388 1132.161435 1113.912601 1105.758038 1098.906330 1088.667853 1093.167843 1095.995445 1098.690263 1089.780127 1082.516810 1079.815006 1078.247103 1084.074444 1101.691726 1117.843900 1131.476671 1140.157426 1140.623663 1148.975309 1156.585741 1161.996121 1179.609399 1195.727823 1216.948396 1242.446372 1269.592912 1286.093694 1298.890675 1312.961088 1331.048974 1349.305257 1367.495168 1389.963738 1414.019747 1429.504593 1440.525406 1452.519904
1366.694348 1351.062756 1335.990126 1320.274919 1303.978142 1301.384046 1294.334838 1281.796497 1235.931047 1187.746364 1149.551330 1125.550254 1097.744357 1081.195985 1066.100340 1037.189968 1021.259482 1014.223025 1018.396995 1007.884671 989.581825 973.635205 963.359367 954.869834 940.969869 931.840086 936.182480 947.548861 942.039303 939.445850 943.207136 942.177221 940.704139 949.131380 966.579172 977.321181 989.081413 1001.956232 1007.595708 1017.931880 1045.629297 1061.763054 1080.568805 1105.785685 1133.576901 1161.815519 1187.222399 1205.900103 1226.193722 1250.185654 1271.271367 1295.382723 1321.438394 1351.624569 1372.432809 1388.002866 1400.760105
1287.998265 1267.807493 1245.897861 1219.946619 1194.445933 1187.506540 1176.068643 1151.903704 1099.669249 1052.142938 1015.913439 988.336995 959.632575 937.183280 907.462321 874.364799 853.196172 857.948263 864.693721 864.932274 850.247768 836.551028 825.344073 810.704153 794.860659 783.096432 791.379998 799.471810 807.232947 810.281352 813.850704 816.804629 816.713243 813.844730 820.711211 830.941190 842.350257 853.636572 867.776652 897.690078 923.135591 941.994725 965.311466 989.488428 1017.176736 1046.249794 1073.326395 1095.833494 1121.596143 1148.065865 1175.655305 1202.883348 1233.765343 1267.777935 1295.930466 1315.049589 1332.877387
1188.685325 1160.576709 1127.963240 1082.761527 1062.191027 1048.937101 1032.141749 991.767003 944.720210 905.090619 877.184906 849.319190 823.126224 794.497817 762.237024 735.281234 714.954255 721.500089 728.336956 739.422095 727.338650 715.895279 709.319463 694.204131 680.107339 665.579992 672.963043 682.633030 699.499499 703.420479 706.807396 713.938301 713.353228 711.607774 703.502351 712.758391 723.567441 737.417539 764.938720 789.696475 813.969649 835.905780 857.569294 882.118618 908.834882 936.315997 965.661666 989.861099 1014.698556 1042.623333 1069.890224 1096.016612 1125.268812 1158.812854 1188.264177 1214.609571 1242.148185
1064.406355 1034.521775 993.026202 944.802508 907.110115 888.301540 848.226988 812.417271 775.458954 755.879077 735.480748 710.964120 688.216879 666.133956 639.756862 616.946296 592.918671 596.671944 609.096871 622.981149 617.253939 613.596815 610.294123 598.966231 585.232613 571.629976 575.171977 590.209958 606.894055 614.231227 620.834556 628.462617 628.791957 622.262328 614.202199 620.123078 634.329314 650.503663 671.452005 693.837120 715.873426 736.704798 759.980663 784.513568 809.786464 837.248983 866.214551 889.262995 916.475345 945.255781 969.811569 988.106242 1009.006433 1039.931058 1065.598792 1095.590512 1126.835748
938.887036 908.738960 865.387271 821.039904 776.883079 736.802082 702.781499 670.730940 652.297037 632.378694 613.612185 594.760748 573.260154 553.523473 534.500125 512.388376 494.724782 500.085469 513.189597 524.371645 527.170568 524.145725 521.037539 513.482259 499.750616 489.757501 498.186736 513.483545 528.278326 538.429639 545.148848 551.264104 548.668095 540.596516 534.939097 543.100202 558.649461 573.531348 590.822453 612.231512 633.570358 655.362158 678.295530 701.391328 727.004012 753.596801 780.871463 808.205511 833.740083 858.249910 872.767209 888.178911 900.273204 921.305392 945.038087 971.769591 1002.501815
805.437230 775.802585 741.491270 701.993646 670.674662 637.914460 606.465211 575.620772 549.769549 532.278139 522.073838 506.978899 487.564867 473.943640 456.968710 439.519182 439.434249 442.398021 453.629518 454.916477 455.549911 452.570586 451.451410 447.095627 436.467347 443.416445 450.894229 465.505476 476.273760 485.686634 491.922606 496.058295 495.972155 489.609741 493.143130 500.313861 514.911402 526.797058 541.903713 562.719307 580.229882 599.813351 622.066361 645.145145 669.498885 695.481016 723.618926 749.270379 770.264479 781.544097 794.454937 802.905733 800.400910 817.713379 836.296267 855.389513 883.205696
