tests/Borden05m/data_simulated/sim_1/output-maps/psiliqL0023N0006.asc
ncols         160
nrows         34
xllcorner     620200.000000
yllcorner     5168000.000000
cellsize      0.500000
NODATA_value  -9999.0
[rows 0 to 24 of 34, columns 0 to 54 of 160]
-9999.0 -9999.0 -9999.0 -9999.0 -9999.0 -9999.0 -9999.0 -9999.0 -9999.0 -9999.0 -9999.0 -9999.0 -9999.0 -9999.0 -9999.0 -9999.0 -9999.0 -9999.0 -9999.0 -9999.0 -9999.0 -9999.0 -9999.0 -9999.0 -9999.0 -9999.0 -9999.0 -9999.0 -9999.0 -9999.0 -9999.0 -9999.0 -9999.0 -9999.0 -9999.0 -9999.0 -9999.0 -9999.0 -9999.0 -9999.0 -9999.0 -9999.0 -9999.0 -9999.0 -9999.0 -9999.0 -9999.0 -9999.0 -9999.0 -9999.0 -9999.0 -9999.0 -9999.0 -9999.0 -9999.0
-9999.0 -9999.0 -9999.0 -9999.0 -9999.0 -9999.0 -9999.0 -9999.0 -9999.0 -9999.0 -9999.0 -9999.0 -9999.0 -9999.0 -9999.0 -9999.0 -9999.0 -9999.0 -9999.0 -9999.0 -9999.0 -9999.0 -9999.0 -9999.0 -9999.0 -9999.0 -9999.0 -9999.0 -9999.0 -9999.0 -9999.0 -9999.0 -9999.0 -9999.0 -9999.0 -9999.0 -9999.0 -9999.0 -9999.0 -9999.0 -9999.0 -9999.0 -9999.0 -9999.0 -9999.0 -9999.0 -9999.0 -9999.0 -9999.0 -9999.0 -9999.0 -9999.0 -9999.0 -9999.0 -9999.0
-9999.0 -9999.0 -9999.0 -9999.0 -9999.0 -9999.0 -9999.0 -9999.0 -9999.0 -9999.0 -9999.0 -9999.0 -9999.0 -9999.0 -9999.0 -9999.0 -9999.0 -9999.0 -9999.0 -9999.0 -9999.0 -9999.0 -9999.0 -9999.0 -9999.0 -9999.0 -9999.0 -9999.0 -9999.0 -9999.0 -9999.0 -9999.0 -9999.0 -9999.0 -9999.0 -9999.0 -9999.0 -9999.0 -9999.0 -9999.0 -9999.0 -9999.0 -9999.0 -9999.0 -9999.0 -9999.0 -9999.0 2705.295390 2688.436555 2675.085632 2671.542429 2693.591528 2717.457987 2741.995126 2763.218590
-9999.0 -9999.0 -9999.0 -9999.0 -9999.0 -9999.0 -9999.0 -9999.0 -9999.0 -9999.0 -9999.0 -9999.0 -9999.0 -9999.0 -9999.0 -9999.0 -9999.0 -9999.0 -9999.0 -9999.0 -9999.0 -9999.0 -9999.0 -9999.0 -9999.0 -9999.0 -9999.0 -9999.0 -9999.0 -9999.0 -9999.0 -9999.0 -9999.0 -9999.0 -9999.0 -9999.0 -9999.0 -9999.0 -9999.0 -9999.0 2752.994440 2759.222694 2759.777354 2750.381851 2739.694293 2726.879668 2706.841480 2689.688981 2676.688248 2675.260988 2678.451549 2682.363551 2704.172408 2730.185449 2750.772873
-9999.0 -9999.0 -9999.0 -9999.0 -9999.0 -9999.0 -9999.0 -9999.0 -9999.0 -9999.0 -9999.0 -9999.0 -9999.0 -9999.0 -9999.0 -9999.0 -9999.0 -9999.0 -9999.0 -9999.0 -9999.0 -9999.0 -9999.0 -9999.0 -9999.0 -9999.0 -9999.0 -9999.0 -9999.0 -9999.0 -9999.0 -9999.0 -9999.0 -9999.0 2658.416270 2675.798514 2694.295095 2713.455780 2731.014314 2738.551214 2744.629517 2750.511459 2746.561541 2742.749182 2731.798317 2711.817863 2693.096618 2680.681710 2680.151102 2678.483458 2682.993451 2695.616415 2713.088385 2729.132782 2750.482165
-9999.0 -9999.0 -9999.0 -9999.0 -9999.0 -9999.0 -9999.0 -9999.0 -9999.0 -9999.0 -9999.0 -9999.0 -9999.0 -9999.0 -9999.0 -9999.0 -9999.0 -9999.0 -9999.0 -9999.0 -9999.0 -9999.0 -9999.0 -9999.0 -9999.0 -9999.0 -9999.0 -9999.0 2661.093045 2655.522946 2651.226983 2650.332519 2649.596699 2649.228432 2656.303492 2668.137048 2686.017253 2708.735139 2722.692492 2730.649646 2738.121810 2739.229037 2734.247508 2733.252617 2734.502265 2722.799497 2711.430709 2700.850259 2690.600280 2688.696602 2698.653096 2713.790555 2730.877701 2746.358505 2762.380533
-9999.0 -9999.0 -9999.0 -9999.0 -9999.0 -9999.0 -9999.0 -9999.0 -9999.0 -9999.0 -9999.0 -9999.0 -9999.0 -9999.0 -9999.0 -9999.0 -9999.0 -9999.0 -9999.0 -9999.0 -9999.0 -9999.0 -9999.0 2629.425155 2634.813799 2641.800949 2649.971442 2651.457755 2648.378203 2643.490338 2641.401937 2640.705025 2639.312283 2644.582205 2652.486142 2666.276720 2682.417159 2705.436660 2714.584949 2720.071392 2732.432336 2736.795160 2745.067640 2749.911618 2748.957210 2746.012575 2732.540557 2722.417942 2726.194384 2731.628104 2739.490826 2748.689731 2762.877918 2777.769388 2794.103105
-9999.0 -9999.0 -9999.0 -9999.0 -9999.0 -9999.0 -9999.0 -9999.0 -9999.0 -9999.0 -9999.0 -9999.0 -9999.0 -9999.0 -9999.0 -9999.0 -9999.0 -9999.0 -9999.0 2604.050772 2605.341057 2607.152110 2612.333146 2613.023236 2615.292588 2622.655979 2631.314927 2634.748398 2633.282746 2632.918753 2635.063679 2638.499209 2643.840142 2655.313736 2669.607027 2684.399669 2698.253137 2719.786346 2735.070786 2748.509465 2764.815040 2765.995054 2763.320782 2762.637937 2763.629935 2763.199109 2763.865359 2764.823634 2772.133415 2774.876799 2780.135415 2790.170236 2801.569216 2819.156489 2837.862227
-9999.0 -9999.0 -9999.0 -9999.0 -9999.0 -9999.0 -9999.0 -9999.0 -9999.0 -9999.0 -9999.0 -9999.0 -9999.0 -9999.0 -9999.0 -9999.0 2574.838466 2576.903320 2579.605851 2585.372663 2589.301253 2593.704912 2601.059714 2602.788591 2606.833077 2614.555262 2619.784075 2629.677204 2638.708934 2646.583270 2653.222013 2656.489905 2664.001606 2674.092655 2686.401338 2701.361859 2722.493550 2746.675916 2763.138898 2780.703733 2798.852392 2800.471170 2799.999374 2801.545316 2801.409393 2803.635939 2819.588713 2824.500702 2821.986537 2834.513439 2848.025274 2852.399131 2793.780690 2811.552309 2833.055339
-9999.0 -9999.0 -9999.0 -9999.0 -9999.0 -9999.0 -9999.0 -9999.0 -9999.0 -9999.0 -9999.0 -9999.0 -9999.0 2525.193371 2529.552995 2540.087008 2551.447457 2554.823055 2560.105095 2567.132769 2579.757991 2583.876604 2590.348968 2598.103613 2611.392797 2620.766345 2630.374333 2642.855462 2651.684895 2659.442007 2666.760115 2671.136497 2683.874560 2699.065534 2714.694700 2734.954783 2757.579719 2777.208869 2795.650450 2812.730015 2825.977245 2825.676466 2826.081115 2829.539302 2836.013034 2788.744452 2803.981976 2805.524069 2816.215987 2836.257834 2846.278164 2853.703173 2858.669357 2871.391437 2891.746797
-9999.0 -9999.0 -9999.0 -9999.0 -9999.0 -9999.0 -9999.0 -9999.0 -9999.0 -9999.0 2495.324924 2497.421602 2494.339310 2492.773685 2498.969720 2511.869153 2526.824583 2533.208690 2545.702900 2567.519611 2586.515947 2590.190718 2604.272666 2615.723699 2623.354229 2634.117504 2647.763092 2660.708954 2677.134426 2689.692245 2699.966415 2717.891483 2734.520216 2751.684890 2770.062825 2791.290089 2808.089317 2833.646976 2803.841574 2811.641488 2828.723294 2832.573283 2827.807758 2825.503970 2833.619165 2844.152289 2859.439649 2875.917889 2893.795718 2915.433995 2926.573610 2938.854414 2947.414114 2957.379735 2971.787076
-9999.0 -9999.0 -9999.0 -9999.0 -9999.0 -9999.0 -9999.0 -9999.0 2469.612772 2477.973682 2484.127150 2481.537756 2477.733124 2473.069460 2488.250458 2504.521928 2521.128970 2539.977855 2556.263710 2575.019004 2589.677669 2605.364744 2626.879082 2638.933309 2650.738983 2666.737556 2680.826368 2697.135226 2718.608692 2728.538741 2742.129529 2762.937846 2779.276304 2797.521267 2817.175475 2835.230715 2797.109190 2825.886516 2853.427683 2870.012285 2895.125026 2912.400269 2907.093333 2905.595289 2906.809671 2929.418700 2955.271392 2983.410482 2994.080135 3017.056548 3044.301831 3061.846261 3070.550952 3081.130704 3094.395027
-9999.0 -9999.0 -9999.0 -9999.0 -9999.0 -9999.0 2440.168294 2464.952997 2480.750161 2472.985185 2460.680888 2456.735786 2452.000814 2481.839658 2505.063138 2523.315546 2540.954055 2559.302199 2576.227964 2586.367955 2618.654888 2638.755621 2652.493619 2668.243590 2683.943603 2699.677925 2717.506502 2740.560171 2760.100314 2784.097334 2804.092530 2823.768783 2789.817723 2805.553203 2821.530549 2835.030875 2861.358317 2894.976607 2928.621914 2952.956474 2976.834337 2998.706446 2999.240784 3001.069365 3003.202958 3024.907469 3056.764365 3085.410931 3116.417754 3146.265278 3173.045550 3182.414812 3190.952314 3200.439110 3212.402402
-9999.0 -9999.0 -9999.0 -9999.0 2406.403726 2427.579976 2447.153713 2477.991377 2500.883696 2496.796842 2502.786534 2502.439791 2499.837869 2505.732148 2514.791010 2533.420150 2553.504945 2573.813792 2589.833011 2621.130201 2668.677976 2682.383449 2702.885974 2734.275257 2747.556105 2763.550041 2780.941683 2803.564546 2824.336969 2793.788506 2828.343182 2858.181750 2878.537444 2897.119754 2915.366742 2932.364874 2965.500442 2992.929371 3027.042272 3057.731527 3084.035263 3108.485303 3115.785034 3120.568102 3130.119571 3145.955702 3167.195996 3192.935222 3224.749791 3255.838498 3278.772950 3288.449850 3293.782904 3302.955899 3310.706280
-9999.0 -9999.0 -9999.0 2353.126358 2392.394982 2431.999402 2458.640364 2489.833746 2523.075361 2525.444512 2535.487352 2538.113257 2540.107656 2547.903312 2554.145572 2572.258063 2591.212577 2611.238551 2635.411769 2671.707475 2704.065177 2726.900894 2757.276201 2776.954322 2793.927039 2809.630615 2830.032320 2852.892420 2823.640411 2852.451373 2897.716414 2947.318859 2979.196123 2990.674290 3011.185344 3036.929942 3060.418005 3096.604164 3129.387322 3160.387982 3189.131712 3210.882096 3225.472058 3230.126308 3238.851778 3244.720320 3257.639490 3277.924091 3299.286827 3328.556344 3356.739904 3383.516921 3397.768723 3407.962101 3424.180172
-9999.0 -9999.0 2304.779109 2344.032284 2376.454882 2424.727284 2478.539914 2514.457330 2555.472161 2577.221579 2583.099308 2597.251605 2612.163213 2617.262939 2630.198124 2646.312819 2669.202156 2679.653159 2701.173639 2722.889810 2764.360263 2803.249457 2808.094082 2790.760446 2819.514936 2849.154631 2867.828338 2893.107386 2927.858653 2962.432327 2998.144954 3045.904151 3079.666610 3106.793022 3121.416691 3139.953676 3159.582932 3183.130492 3217.582421 3243.068161 3274.810659 3299.391280 3318.732783 3320.662582 3323.418543 3338.734870 3365.058639 3393.554305 3420.385938 3447.056237 3437.203029 3456.552008 3465.175820 3469.987271 3477.552562
-9999.0 -9999.0 2275.443657 2321.776962 2358.287164 2419.338415 2504.945574 2541.221437 2583.498920 2631.674131 2649.374809 2674.303738 2676.304386 2674.062272 2696.229024 2715.684618 2736.543358 2746.591424 2744.781181 2798.484269 2794.112031 2823.696199 2840.248486 2911.445147 2960.059179 2980.700979 2987.051052 3005.765340 3025.416804 3063.450113 3103.164074 3155.156477 3194.810285 3223.457830 3237.183560 3255.370910 3273.862699 3288.588197 3306.911445 3350.227300 3382.216009 3410.604009 3440.156258 3460.499814 3468.203768 3472.348676 3451.158187 3467.287747 3478.226666 3482.944574 3484.760196 3481.070266 3480.449104 3481.211806 3482.142573
-9999.0 2182.989370 2235.581037 2287.105268 2353.178760 2416.961369 2495.232063 2572.979428 2639.213633 2692.863046 2722.421508 2724.441147 2738.306515 2771.236331 2795.829715 2818.628317 2826.777896 2838.682099 2825.116814 2813.015365 2850.249125 2904.598351 2997.190290 3052.630606 3108.359506 3104.930135 3094.096969 3100.099227 3117.068907 3160.971062 3233.816632 3285.641830 3345.924513 3390.741489 3406.153384 3412.525483 3429.947210 3449.554815 3409.120565 3445.403711 3461.973396 3475.800094 3482.816048 3484.721831 3485.786231 3485.588053 3482.003240 3475.161412 3467.113043 3461.364613 3457.197656 3452.695164 3455.123487 3458.435073 3458.809300
-9999.0 2145.373340 2203.485488 2273.058166 2342.010919 2395.528997 2485.025622 2647.063100 2709.946726 2751.077434 2765.190203 2757.876826 2824.341666 2844.038905 2869.270308 2912.740550 2899.157003 2884.526481 2853.393528 2878.609045 2918.570033 2980.202357 3139.521933 3224.067612 3267.443850 3275.300524 3277.046552 3303.737723 3344.472772 3387.289837 3428.082309 3405.156848 3446.877422 3467.265752 3471.526403 3472.122835 3476.697552 3475.468281 3473.713725 3469.408324 3464.352715 3464.495637 3468.902645 3468.723328 3465.824895 3462.554085 3456.923273 3449.497126 3444.230287 3439.614093 3436.938169 3434.065615 3432.223839 3431.728056 3427.092044
-9999.0 2107.765123 2181.833584 2241.853840 2293.498230 2391.613075 2521.925650 2666.248959 2764.811055 2803.539368 2797.242254 2807.966096 2907.582241 3004.061870 3053.776827 3074.155066 3059.273459 3017.379029 3002.470062 3044.358117 3111.015630 3219.618972 3342.576478 3433.464069 3447.189078 3450.030613 3409.736391 3431.417496 3451.513122 3453.897234 3454.840720 3461.276626 3466.234975 3469.033846 3467.511190 3464.629947 3459.864529 3451.767211 3446.934431 3443.352727 3439.651274 3438.649437 3440.771472 3442.400058 3439.659133 3435.799876 3431.336038 3425.753380 3419.519151 3412.831793 3408.646193 3404.500727 3402.417457 3397.143664 3393.518598
-9999.0 1990.364022 2084.939547 2129.495751 2214.646352 2400.397423 2530.316587 2675.114777 2816.127828 2839.812829 2891.332427 3019.401877 3131.811541 3207.424253 3237.324058 3270.996841 3295.007598 3311.469683 3346.011502 3247.310298 3319.132903 3403.434628 3441.238336 3457.631327 3464.729432 3465.042906 3455.570916 3435.163284 3424.509369 3417.762403 3419.366208 3426.591308 3431.418348 3436.327608 3434.063851 3434.965780 3435.759658 3432.462112 3428.524068 3419.963761 3412.197552 3405.753245 3402.866077 3407.684489 3403.000160 3400.471943 3394.401853 3386.159558 3377.429059 3370.087340 3362.303031 3355.813982 3353.552984 3348.537242 3347.393993
-9999.0 1909.514717 1983.295675 2050.649439 2168.677728 2333.420402 2439.046272 2600.636289 2813.736166 2942.028473 3090.140854 3173.263887 3241.720401 3286.607281 3338.010280 3386.344178 3410.990450 3420.885209 3394.667770 3412.522946 3371.928729 3361.231722 3377.885961 3405.568640 3421.196099 3425.006354 3416.921187 3407.361965 3400.127453 3399.002751 3397.035425 3393.597563 3390.059763 3386.812439 3383.670899 3386.353397 3391.437348 3384.602607 3374.857472 3365.783649 3357.591488 3348.644826 3342.844485 3338.545957 3338.579614 3338.781187 3331.298264 3320.974454 3310.340540 3302.224119 3295.059516 3290.434113 3287.945375 3283.154801 3274.178153
-9999.0 1794.708645 1924.853584 2005.776469 2107.301473 2238.841705 2349.562481 2505.834243 2643.212274 2856.916176 2997.337087 3163.914193 3209.028629 3273.614664 3322.259321 3391.688666 3388.214129 3356.557267 3315.513003 3298.937006 3307.680387 3316.003902 3324.773312 3339.908246 3356.988109 3366.635706 3370.674563 3364.172075 3350.087319 3338.396626 3328.388534 3315.701219 3306.896017 3304.734454 3307.906263 3317.136700 3318.084883 3308.879548 3295.144734 3277.587910 3262.481198 3251.068316 3248.890471 3251.347100 3252.236528 3248.407316 3242.494667 3231.990536 3219.627539 3207.608012 3201.698569 3197.298852 3190.259603 3179.650299 3168.963717
-9999.0 -9999.0 1841.689917 1950.898686 2048.108415 2162.381785 2258.820155 2384.308619 2529.084141 2706.124935 2794.478924 2959.119977 3043.069946 3085.263654 3121.677085 3175.126827 3197.325221 3224.203101 3214.678243 3223.536221 3231.630928 3236.266491 3241.895052 3248.483259 3259.155628 3268.624325 3277.927289 3275.169434 3266.227155 3246.606597 3222.378439 3203.608163 3193.581533 3184.963197 3196.310441 3208.507881 3203.693096 3196.914271 3184.575932 3169.298416 3156.751987 3142.773244 3139.324575 3139.420138 3139.977179 3137.649877 3134.802217 3122.659440 3110.496347 3100.368259 3096.214952 3090.728454 3086.959565 3077.233907 3066.799657
-9999.0 -9999.0 1754.261767 1859.541353 1964.826455 2083.913033 2172.479603 2202.758791 2344.532044 2453.820944 2563.413689 2676.067205 2772.493136 2797.252629 2831.414977 2892.176827 2943.462628 2960.480124 2988.276491 3033.886713 3064.846364 3100.150233 3121.066706 3130.558310 3142.882981 3156.606361 3164.108012 3149.720503 3138.538699 3121.682762 3099.130020 3073.570238 3060.573160 3059.364180 3059.272948 3061.765131 3054.736798 3045.772848 3031.536702 3017.397036 3005.177114 2995.801334 2992.210319 2987.321738 2985.394534 2982.782995 2981.055126 2984.218849 2975.474612 2970.286825 2962.247193 2958.108817 2956.888905 2953.106684 2946.772752
