tests/Borden05m/data_simulated/sim_1/output-maps/psiliqL0017N0012.asc
ncols         160
nrows         34
xllcorner     620200.000000
yllcorner     5168000.000000
cellsize      0.500000
NODATA_value  -9999.0
[rows 0 to 24 of 34, columns 55 to 109 of 160]
-9999.0 -9999.0 -9999.0 -9999.0 -9999.0 -9999.0 -9999.0 -9999.0 -9999.0 -9999.0 -9999.0 -9999.0 -9999.0 -9999.0 -9999.0 -9999.0 -9999.0 -9999.0 -9999.0 -9999.0 -9999.0 -9999.0 -9999.0 -9999.0 -9999.0 -9999.0 -9999.0 -9999.0 -9999.0 -9999.0 -9999.0 -9999.0 -9999.0 -9999.0 -9999.0 -9999.0 -9999.0 -9999.0 -9999.0 -9999.0 -9999.0 -9999.0 -9999.0 -9999.0 -9999.0 -9999.0 -9999.0 -9999.0 -9999.0 -9999.0 -9999.0 -9999.0 -9999.0 -9999.0 -9999.0
-9999.0 -9999.0 -9999.0 -9999.0 1631.665436 1626.377554 1621.549021 1617.110355 1608.709099 1599.878559 1592.077478 1588.474609 1587.914573 1587.530680 1587.469883 1592.975042 1601.339497 1609.281115 1616.623025 1619.269155 1621.894093 1624.215425 1624.817334 1623.803366 1620.754905 1617.621616 1614.377107 1612.931470 1605.185132 1593.977640 1585.391323 1582.688792 1587.026102 1591.414031 1593.826283 1599.354152 1609.814157 1620.332286 1628.595955 1640.353205 1646.162178 1650.939556 1653.351704 1648.832482 1644.922615 1640.652705 1634.899441 1623.646061 -9999.0 -9999.0 -9999.0 -9999.0 -9999.0 -9999.0 -9999.0
1576.409762 1595.514867 1616.105957 1619.509405 1608.069632 1603.274244 1600.322078 1598.744903 1594.460354 1586.271638 1581.488801 1576.503535 1574.838490 1575.310028 1575.734648 1580.097679 1590.794150 1599.027976 1604.006962 1606.800667 1609.694835 1609.211005 1608.798540 1608.688983 1605.973408 1602.688924 1599.443406 1597.751018 1598.594338 1591.083997 1585.497474 1581.954219 1579.881206 1582.420534 1584.829552 1588.478449 1597.712142 1605.585370 1613.426192 1627.675162 1639.956232 1644.917662 1641.937595 1636.576031 1632.270169 1624.881354 1614.209911 1603.700108 1594.419059 1587.323735 1581.318206 1574.787891 1580.270940 1586.614499 1595.697745
1561.242217 1580.852364 1601.436990 1604.513095 1594.188018 1586.400535 1581.191490 1581.896866 1585.181976 1582.212057 1577.995825 1572.622193 1582.044971 1583.690092 1585.125092 1588.779974 1591.862948 1595.919125 1598.847450 1604.442144 1613.639747 1616.579838 1617.266791 1617.548088 1615.825828 1612.808944 1611.083285 1608.431356 1603.308142 1602.065043 1602.191066 1601.623337 1606.286861 1607.735924 1609.751386 1603.341930 1607.017766 1613.043349 1619.681116 1625.602878 1631.748377 1634.842948 1631.066224 1630.076750 1621.096726 1606.734693 1595.442406 1586.768712 1585.053012 1581.350302 1572.809761 1559.081769 1565.814051 1580.788698 1584.730522
1567.592129 1577.208438 1589.071945 1592.366121 1587.795412 1589.834449 1591.939015 1593.813818 1592.643099 1589.988475 1587.783062 1600.135829 1609.684403 1611.834090 1615.057777 1619.210747 1619.438492 1608.218966 1606.224784 1614.434574 1624.763762 1630.543396 1630.931752 1630.929331 1628.521022 1627.595047 1627.381949 1625.416881 1625.860098 1628.065915 1627.317723 1631.412057 1636.967342 1639.938049 1632.868487 1623.874832 1625.006019 1632.795276 1641.021163 1648.132176 1658.241573 1668.904800 1667.698422 1661.766095 1652.203599 1638.238947 1614.364743 1594.727024 1583.084168 1574.883566 1566.830566 1566.884401 1562.467372 1573.650341 1574.522419
1564.052483 1582.811467 1604.223887 1612.072519 1606.722384 1602.648330 1600.927589 1602.203800 1602.589727 1605.379603 1617.223123 1630.890286 1644.881879 1647.920190 1650.730307 1650.491401 1642.326630 1632.463750 1629.357727 1643.891679 1660.446666 1668.781844 1669.262294 1667.615288 1673.470784 1672.672117 1671.735554 1667.434703 1669.167027 1669.529789 1678.087347 1685.707577 1693.000402 1691.262619 1679.071627 1667.265500 1666.023402 1669.407741 1673.552738 1679.854381 1689.632938 1698.630625 1693.010045 1685.759444 1675.772745 1647.271180 1620.667019 1603.726762 1603.008356 1602.365757 1596.615594 1592.786944 1589.245434 1582.160722 1580.918532
1609.365084 1630.712459 1651.469732 1667.092149 1661.948642 1654.784282 1645.840929 1646.958205 1649.819803 1657.826222 1670.608940 1687.190492 1711.002362 1713.383653 1716.255835 1718.252091 1707.051635 1694.933911 1684.514764 1703.809826 1714.480950 1722.872427 1723.502466 1732.058712 1741.657047 1737.538283 1730.201631 1719.571807 1725.757610 1736.020261 1751.103410 1758.187293 1762.386956 1760.090603 1748.104087 1741.935135 1741.153165 1744.352810 1742.719554 1748.087637 1757.409559 1771.794415 1770.337369 1762.244697 1739.681055 1701.877821 1668.106838 1649.006370 1655.177525 1647.539456 1639.708145 1635.897744 1621.698223 1610.805796 1610.455935
1658.081501 1675.510652 1694.002755 1712.519804 1707.366580 1697.732413 1684.320137 1683.777043 1690.958599 1701.687197 1720.814076 1742.746417 1765.927365 1771.922263 1772.743853 1782.799915 1776.725400 1767.411219 1759.767716 1774.110939 1785.771436 1797.212382 1805.918326 1818.690219 1829.947542 1818.482162 1805.194228 1798.651912 1804.456418 1825.820973 1844.484217 1849.444888 1849.999688 1851.678175 1840.773827 1834.563587 1828.687980 1824.923721 1819.794048 1816.018767 1835.708662 1852.950287 1850.962336 1827.464226 1802.983048 1764.935131 1726.315983 1695.508347 1697.803205 1693.725661 1692.756443 1678.070520 1662.579284 1647.733841 1639.101056
1732.130647 1759.808779 1780.081005 1802.198004 1801.043968 1783.464702 1774.074378 1778.877567 1792.330969 1800.289358 1817.040833 1839.530526 1869.846820 1888.868425 1906.045501 1910.755188 1903.220499 1894.813754 1882.415133 1882.807371 1901.984769 1914.057826 1924.172977 1934.295529 1946.797843 1950.880219 1947.172621 1946.416068 1950.011200 1958.912371 1969.385263 1976.012869 1980.601475 1985.112169 1978.547436 1967.500675 1962.275660 1954.361798 1949.017747 1946.650791 1951.308756 1964.441265 1961.288564 1931.436566 1903.670311 1869.903139 1831.699306 1800.124355 1785.068772 1793.694047 1784.098133 1765.323006 1747.396350 1714.158822 1699.995443
1823.607861 1859.172727 1886.647502 1900.935379 1913.349449 1906.518238 1907.829321 1912.527736 1920.675652 1925.651247 1933.579554 1966.333749 2001.107045 2029.369801 2053.439923 2062.019375 2051.592449 2042.235186 2030.196035 2021.261722 2027.611825 2042.908350 2059.876156 2075.291562 2086.531808 2089.757439 2088.535318 2088.867550 2091.279984 2094.264524 2097.609142 2104.344932 2111.637477 2121.237741 2131.176020 2123.792267 2106.751297 2095.180946 2082.688685 2078.617582 2077.502390 2076.814018 2076.286157 2065.055427 2029.727109 1999.484932 1966.667968 1939.823365 1920.224316 1909.361855 1889.018776 1864.836575 1816.390268 1776.220663 1741.624888
1930.862932 1973.128585 2004.102914 2026.782911 2042.023808 2043.965249 2046.973657 2049.811449 2055.621411 2060.513539 2066.801995 2091.024306 2130.014585 2167.993586 2198.363017 2201.390493 2191.046085 2180.687903 2170.962517 2159.387220 2156.001150 2165.328643 2177.744144 2195.026009 2206.068660 2214.555330 2213.069443 2213.529743 2214.523772 2216.632106 2218.520210 2220.959265 2228.706904 2241.420037 2253.457302 2253.687590 2238.446220 2221.073451 2203.990140 2197.972624 2192.628819 2186.513179 2186.580942 2186.758416 2175.814190 2147.914705 2109.942300 2067.383313 2043.096151 2022.728346 2009.018557 1991.473088 1960.113498 1903.310418 1869.240816
2058.411994 2088.846080 2119.168403 2150.368243 2168.632380 2175.437661 2175.730155 2177.408571 2185.244820 2190.909045 2200.030398 2216.899384 2243.566369 2274.654986 2302.377909 2319.158774 2314.362086 2300.336314 2281.744153 2275.161376 2273.394148 2275.872563 2283.287522 2292.727223 2309.321154 2326.246972 2332.084227 2333.002824 2330.428303 2332.883058 2334.247754 2334.333336 2335.908854 2341.707159 2349.433328 2351.973424 2345.897473 2327.855490 2306.478467 2292.863669 2284.542616 2279.867685 2278.199428 2279.958263 2279.830548 2266.196739 2234.473314 2193.874194 2160.906895 2140.150400 2123.897537 2108.627729 2095.747049 2070.929463 2050.947880
2176.805406 2192.161436 2219.371197 2247.363920 2271.641285 2288.175948 2291.707312 2297.095713 2302.406087 2311.782995 2327.504340 2348.405615 2364.321670 2383.164684 2406.125546 2419.869125 2425.414069 2425.077453 2422.860177 2424.312477 2424.358211 2386.146039 2390.012083 2393.866912 2404.174070 2414.599403 2418.353039 2418.871816 2417.386343 2418.853950 2419.397641 2419.443234 2419.018193 2419.640182 2422.551117 2423.504529 2421.744500 2412.850468 2420.549244 2402.446147 2389.816767 2381.794002 2373.561341 2364.684838 2354.622788 2344.148702 2325.709657 2296.943124 2262.853297 2236.882873 2225.495764 2217.727873 2209.170185 2202.348612 2185.443117
2284.743979 2296.863813 2314.121396 2335.687328 2365.862411 2386.760106 2397.926206 2407.017210 2412.017388 2424.892195 2439.329468 2430.964371 2436.293373 2441.669653 2446.904665 2448.622553 2448.963161 2448.463569 2445.867965 2444.984351 2442.654153 2438.011697 2427.897455 2429.113694 2430.561404 2433.030837 2436.660829 2435.510352 2436.570078 2439.560165 2438.005905 2432.338587 2428.531172 2426.842563 2427.330836 2434.354234 2437.419881 2438.095913 2436.201394 2435.344448 2434.640092 2432.480302 2429.788199 2425.962626 2420.964700 2427.523054 2416.281861 2391.106966 2355.416098 2317.895355 2305.354300 2302.183987 2301.341624 2297.812852 2290.825780
2404.142725 2417.208482 2431.187791 2422.522492 2436.822516 2444.282803 2447.880084 2451.064309 2453.577007 2455.266401 2452.013369 2448.573966 2443.614403 2441.926799 2440.209872 2437.346822 2437.448306 2434.957495 2430.411541 2426.088095 2418.512831 2406.950174 2395.166764 2391.864716 2396.037660 2401.072783 2405.621036 2409.255440 2412.753036 2413.531171 2408.603041 2400.615139 2393.393753 2391.482852 2397.921290 2403.423368 2409.020572 2409.803904 2408.572320 2406.657406 2407.037145 2404.740169 2405.569119 2412.538747 2426.374533 2431.223960 2434.744561 2433.944263 2423.278906 2404.132693 2402.376944 2382.327200 2385.935789 2380.632265 2368.547643
2445.713899 2447.894523 2447.190993 2445.767444 2439.754126 2433.828658 2432.895235 2436.479204 2442.928324 2443.663869 2436.193222 2427.288527 2419.646345 2411.993737 2409.012453 2407.142238 2405.761309 2405.115124 2398.996645 2389.870705 2373.206484 2360.905644 2349.109991 2342.596772 2339.705975 2343.933171 2354.033569 2364.365763 2369.131445 2361.693301 2354.006158 2343.070974 2335.053567 2335.313616 2337.126922 2346.213088 2361.025668 2366.716948 2367.771805 2362.777285 2358.329717 2353.036201 2351.565496 2359.040837 2374.685655 2390.930759 2405.552275 2414.264393 2421.778776 2428.349693 2430.159124 2431.689942 2432.363412 2430.696560 2430.415855
2441.099082 2434.403009 2427.522203 2422.041288 2414.990636 2408.797431 2406.332312 2407.784828 2409.529139 2405.109845 2397.618875 2386.514880 2374.621404 2363.911382 2356.155343 2355.810584 2356.821639 2356.845196 2349.162452 2333.548508 2315.072827 2300.876210 2286.381849 2281.859683 2276.297461 2270.749071 2280.955586 2298.705215 2305.248928 2291.088336 2281.013611 2266.647785 2259.633357 2256.298513 2257.621515 2266.896748 2287.621174 2308.683883 2310.716878 2301.447893 2292.519029 2288.930610 2287.380765 2294.352849 2312.929531 2334.162097 2350.222705 2360.859975 2367.114630 2375.675628 2385.597297 2398.895553 2412.819808 2424.384162 2431.632353
2415.506213 2407.226191 2398.883012 2390.473406 2382.506804 2375.152104 2369.734424 2366.491879 2362.241636 2355.067021 2346.783853 2328.816048 2315.351653 2301.892547 2286.638445 2281.789625 2276.972351 2277.237375 2264.989101 2254.657066 2236.201271 2220.143032 2203.900381 2191.955935 2185.801397 2179.449862 2181.402451 2195.951930 2204.682019 2192.860827 2182.898720 2170.993161 2165.529963 2162.326841 2164.551655 2175.024717 2196.399717 2215.279405 2223.341574 2216.565194 2213.955384 2213.843942 2214.008410 2221.281648 2235.639605 2255.869606 2278.350407 2296.497737 2307.158454 2315.654670 2326.436594 2341.893503 2356.667270 2371.351349 2389.188076
2380.503182 2370.380502 2359.539874 2348.845382 2337.097582 2324.956349 2317.266844 2317.543077 2309.780884 2302.304308 2283.045907 2232.641136 2212.280794 2192.781993 2175.945619 2168.581854 2159.585739 2147.523789 2137.543241 2130.803374 2126.460696 2110.856025 2092.740323 2075.570728 2070.122928 2065.935655 2053.779111 2054.953499 2057.073594 2065.613733 2058.853770 2054.849022 2054.310804 2052.007580 2054.693719 2068.229819 2078.891024 2087.795726 2094.879407 2096.713647 2106.045479 2114.377544 2122.142982 2139.830571 2153.724629 2171.840373 2194.235558 2219.973215 2235.458550 2246.388344 2258.451396 2275.143752 2292.748662 2311.320324 2334.626809
2338.888486 2322.719335 2307.546985 2292.191670 2278.164458 2264.088770 2248.558232 2248.185912 2243.618373 2232.952241 2185.320796 2142.331564 2108.037912 2088.966981 2065.152420 2051.742144 2037.431928 2005.591105 1989.246121 1984.538283 1992.538093 1984.706030 1967.989321 1954.452294 1945.585307 1937.716789 1922.924715 1910.272479 1915.441364 1929.989857 1927.707469 1928.092224 1933.751069 1932.675409 1928.278242 1930.943976 1944.770540 1952.381018 1963.387270 1978.059819 1983.735691 1996.932274 2027.339037 2042.242592 2058.949718 2080.016742 2103.013448 2127.340243 2150.207915 2165.473776 2181.945833 2202.217619 2220.533321 2242.541340 2266.964102
2281.423050 2251.722989 2230.603407 2212.431911 2192.945681 2168.448385 2146.634880 2142.653398 2134.347120 2109.855999 2059.956878 2020.279354 1991.892954 1968.813272 1944.120582 1922.423111 1890.423655 1857.010286 1835.551944 1844.276192 1852.450326 1856.982029 1843.750626 1831.591792 1821.517483 1806.020241 1790.102215 1776.677935 1786.145478 1794.692015 1807.197817 1812.104559 1816.003721 1820.021472 1819.014977 1812.446706 1814.010370 1822.999558 1833.773506 1845.656868 1863.288955 1896.147510 1922.027682 1941.092373 1963.255440 1984.626758 2008.665618 2034.029521 2057.924835 2076.303373 2096.653324 2117.653130 2140.441159 2162.435401 2188.252535
2198.756959 2169.981450 2142.415170 2118.321736 2088.293717 2045.307176 2029.130153 2018.831775 2001.121620 1959.406641 1916.366829 1886.191177 1865.841799 1840.992086 1817.585386 1789.199255 1756.399428 1731.409595 1710.703907 1718.330584 1726.123120 1740.455694 1729.593311 1720.014996 1714.969225 1699.913149 1686.259382 1671.064275 1678.092926 1688.859998 1708.504189 1713.441087 1717.269387 1725.339228 1724.641295 1721.653384 1709.776623 1718.134842 1729.265306 1744.021881 1773.706588 1798.543060 1823.093587 1845.875970 1867.366597 1891.179957 1916.230957 1941.788719 1969.524225 1990.958785 2011.961129 2035.460948 2057.373983 2076.289873 2097.570572
2085.141383 2059.284458 2036.930202 2011.652439 1971.751337 1927.099591 1889.364990 1868.078821 1823.657812 1788.690333 1758.945204 1747.394622 1730.787778 1708.437925 1687.233076 1666.094041 1641.252617 1619.720255 1594.903235 1598.870767 1612.224301 1627.036910 1623.890619 1621.956207 1619.350583 1608.846862 1595.264298 1581.693506 1585.348324 1601.267819 1618.573827 1627.128254 1634.312179 1642.106404 1642.305251 1634.703160 1626.042565 1631.793433 1646.907958 1663.711827 1684.122036 1706.745969 1729.353499 1751.119194 1775.147200 1799.898911 1825.081185 1852.240914 1880.936303 1903.534370 1929.146337 1955.605683 1976.022999 1989.054466 2002.836093
1974.163209 1952.104220 1927.345350 1899.559278 1857.723860 1815.905010 1773.337296 1730.356566 1696.496354 1665.621175 1651.690586 1633.601297 1616.981885 1599.740307 1578.507496 1559.837633 1542.211908 1520.119542 1505.121553 1510.838158 1523.687097 1533.337404 1537.507405 1534.717544 1531.851245 1525.045640 1511.249436 1503.597498 1512.675819 1527.955103 1542.365752 1553.177259 1560.086755 1565.938367 1563.329484 1555.031440 1550.728492 1559.244433 1575.210434 1590.107547 1607.080285 1628.972197 1650.733247 1673.453241 1697.272709 1721.034402 1747.271833 1774.360772 1802.140906 1830.248501 1855.228330 1877.917884 1890.329002 1903.150809 1909.783845
1843.243176 1827.788045 1801.557033 1772.768502 1740.592806 1703.602613 1674.806172 1642.310968 1611.047589 1580.573155 1554.423565 1538.708480 1529.813323 1515.345546 1496.635407 1483.698444 1467.012253 1452.210930 1454.251913 1456.163364 1465.774834 1465.512554 1466.069631 1463.176986 1462.180353 1458.644621 1449.817309 1458.732293 1465.827237 1479.956881 1490.461286 1500.067489 1506.223365 1510.260291 1510.837907 1505.565316 1510.304206 1517.351235 1531.950333 1544.004031 1559.011775 1580.098313 1598.093567 1618.235711 1641.386123 1665.403199 1690.596737 1717.528211 1746.674897 1772.949724 1793.638411 1804.016994 1816.184792 1822.438716 1816.938973
