tests/Borden05m/data_simulated/sim_1/output-maps/psiliqL0004N0004.asc
ncols         160
nrows         34
xllcorner     620200.000000
yllcorner     5168000.000000
cellsize      0.500000
NODATA_value  -9999.0
[rows 0 to 24 of 34, columns 56 to 111 of 160]
-9999.0 -9999.0 -9999.0 -9999.0 -9999.0 -9999.0 -9999.0 -9999.0 -9999.0 -9999.0 -9999.0 -9999.0 -9999.0 -9999.0 -9999.0 -9999.0 -9999.0 -9999.0 -9999.0 -9999.0 -9999.0 -9999.0 -9999.0 -9999.0 -9999.0 -9999.0 -9999.0 -9999.0 -9999.0 -9999.0 -9999.0 -9999.0 -9999.0 -9999.0 -9999.0 -9999.0 -9999.0 -9999.0 -9999.0 -9999.0 -9999.0 -9999.0 -9999.0 -9999.0 -9999.0 -9999.0 -9999.0 -9999.0 -9999.0 -9999.0 -9999.0 -9999.0 -9999.0 -9999.0 -9999.0 -9999.0
-9999.0 -9999.0 -9999.0 -768.182127 -774.018384 -779.502917 -784.379641 -793.863498 -803.012290 -812.085283 -815.788913 -816.500323 -817.687331 -818.792880 -813.630685 -806.145374 -799.066977 -791.883047 -790.274168 -788.191665 -785.805966 -785.278127 -786.676551 -790.024207 -793.188604 -796.534225 -797.139231 -806.040992 -817.997619 -827.415637 -830.138575 -824.782751 -820.058113 -818.092019 -811.954392 -800.919710 -790.162534 -782.385598 -770.850461 -766.577025 -761.449029 -757.384641 -761.371864 -764.334203 -766.989994 -770.118863 -781.559458 -9999.0 -9999.0 -9999.0 -9999.0 -9999.0 -9999.0 -9999.0 -9999.0 -9999.0
-804.104077 -784.982516 -782.600508 -796.157913 -800.678493 -803.771255 -805.699709 -811.063454 -820.519719 -825.784083 -831.960747 -834.026304 -834.397904 -835.030397 -831.143329 -820.943257 -812.803055 -808.431430 -806.847277 -805.072767 -805.243416 -806.005690 -806.367139 -809.420038 -812.864244 -816.334302 -817.792263 -816.745765 -824.837598 -830.088695 -833.572632 -835.154788 -832.799273 -830.601105 -828.104877 -817.798528 -809.794903 -801.984025 -787.543513 -774.844251 -769.728868 -772.366884 -777.397633 -779.980594 -784.992558 -793.777047 -803.418458 -812.465444 -818.968323 -823.407284 -828.334193 -821.434857 -816.170933 -805.488391 -795.141147 -783.320452
-822.878271 -802.799391 -800.858900 -813.786435 -823.330518 -827.554934 -827.429670 -824.616827 -828.721784 -834.231017 -839.318945 -831.227684 -830.674011 -830.014019 -827.100608 -823.439361 -821.781198 -819.157853 -814.303100 -805.048608 -803.123906 -802.963955 -802.887840 -804.836414 -808.128670 -809.662417 -812.407966 -818.396782 -818.866926 -818.056395 -818.168299 -812.074074 -810.741912 -808.951642 -817.717049 -814.532401 -808.426158 -801.937146 -795.173064 -788.411200 -783.330398 -786.618326 -787.015070 -794.596289 -807.923750 -818.213434 -825.471395 -826.141359 -827.597466 -834.811973 -848.504274 -840.535280 -822.780481 -819.007919 -816.146771 -803.666599
-832.907406 -822.189977 -820.349179 -826.378261 -824.790405 -822.834777 -821.139533 -823.500338 -827.647965 -830.234655 -815.923387 -806.687019 -806.219802 -803.609068 -800.176250 -801.730090 -816.517172 -819.981522 -811.157890 -800.696755 -795.039625 -795.721507 -796.188957 -797.914129 -798.926908 -799.204493 -801.863129 -800.206796 -797.397875 -796.929838 -791.345467 -785.496455 -782.282559 -792.390718 -802.380664 -802.064468 -793.872228 -785.865962 -778.705898 -767.199884 -754.139765 -755.574833 -760.916752 -768.472446 -780.143055 -803.254360 -823.431318 -833.287116 -838.880267 -845.338133 -845.453046 -847.302051 -835.076165 -833.506250 -832.388307 -822.985049
-832.647171 -811.073731 -803.150980 -810.831263 -817.592927 -821.881068 -821.516924 -821.839307 -818.586142 -804.228125 -790.928873 -775.428186 -774.292717 -772.325024 -772.858862 -784.061636 -794.853294 -800.094945 -783.601095 -767.618589 -759.783648 -759.677169 -759.257893 -749.430617 -752.424795 -755.723762 -762.379311 -759.682734 -756.726388 -743.684530 -736.460235 -729.759651 -732.064850 -744.390524 -755.507935 -757.497300 -756.032285 -754.989405 -749.310148 -738.394825 -727.222866 -732.229157 -739.179849 -748.186551 -777.606150 -805.805014 -821.937887 -818.300503 -815.897631 -819.655515 -821.769081 -824.736966 -833.557025 -833.098453 -832.923100 -834.054435
-784.529537 -766.965004 -749.975377 -757.844262 -767.472565 -780.642749 -780.538940 -777.158410 -769.169057 -756.521412 -738.016431 -713.338073 -711.134524 -707.684900 -702.582485 -713.879744 -726.327118 -739.855041 -723.962711 -715.263829 -706.385693 -703.186712 -690.295085 -679.543960 -685.779176 -695.765503 -706.027988 -699.260089 -683.726047 -668.568847 -663.154915 -660.599581 -659.413023 -669.094070 -673.688114 -676.693535 -676.583480 -681.432985 -679.202555 -666.951032 -649.798823 -648.366811 -659.420964 -681.908878 -717.220859 -752.878303 -775.933402 -769.437727 -775.505542 -780.579427 -783.756369 -798.309233 -809.800749 -807.900938 -817.857515 -824.606721
-743.398872 -726.620887 -708.651604 -713.182969 -726.109055 -739.335812 -739.452995 -730.974351 -722.948880 -704.656140 -680.432214 -655.662646 -643.142644 -635.148288 -625.866923 -633.128758 -642.236638 -651.971963 -648.050535 -634.756732 -622.410174 -610.275325 -597.555405 -584.713827 -591.057179 -600.968443 -603.036792 -599.390152 -582.667880 -568.144055 -563.037327 -560.322529 -554.138780 -559.087096 -567.506196 -577.097693 -586.497116 -594.700476 -600.508134 -584.832536 -569.131025 -570.296074 -594.993725 -618.130517 -650.134010 -685.418595 -720.749417 -726.302086 -724.964614 -725.076869 -740.971769 -755.590287 -775.351082 -786.254325 -793.713729 -809.935688
-653.285925 -632.829184 -614.078699 -608.584206 -624.667836 -629.013097 -624.230525 -613.361247 -609.344509 -598.284539 -569.863968 -531.937615 -499.915803 -467.657461 -462.066836 -476.950925 -490.995197 -510.568395 -521.078010 -507.010194 -491.836746 -474.766313 -455.938454 -436.081232 -420.651376 -419.882167 -419.162366 -415.385611 -411.134141 -402.003322 -388.533333 -372.098646 -351.806551 -342.614306 -363.037430 -385.392657 -408.773996 -428.955756 -436.018932 -441.713767 -434.119760 -434.173819 -459.642343 -494.084552 -527.797641 -565.158970 -596.610535 -619.208039 -616.697195 -630.699970 -646.822554 -668.276164 -706.787674 -726.287021 -742.218862 -774.651738
-559.512721 -529.922650 -512.516885 -493.074846 -492.785049 -489.566420 -486.781284 -480.097696 -473.500900 -462.655180 -410.144787 -318.287494 -151.844041 -98.011267 -82.383617 -89.606200 -101.825050 -127.735077 -192.630810 -197.219744 -126.213927 -94.331990 -74.946358 -65.242703 -62.847381 -64.571126 -64.368755 -63.090775 -60.326637 -58.153258 -53.138239 -46.126623 -35.838120 -24.452546 -29.238594 -45.109644 -56.284434 -68.625927 -72.657119 -73.092331 -76.597091 -78.299868 -86.789405 -137.354975 -277.764656 -381.096372 -445.363836 -482.363167 -508.717081 -528.518645 -547.627330 -589.756495 -629.550558 -663.395975 -692.403154 -721.660708
-421.037087 -356.058048 -248.771492 -140.285459 -107.320898 -97.771223 -93.647011 -88.606846 -84.867307 -78.387451 -59.023816 -15.583712 39.999005 71.025758 73.615917 71.431144 66.436857 53.075276 34.571013 31.376207 47.754938 60.833019 70.810929 73.664829 76.331605 75.682951 75.684150 75.507828 76.044416 76.478420 76.575372 78.027517 80.705323 83.117420 83.668814 81.068601 77.530331 73.856520 72.977395 71.982955 70.828130 70.699413 69.296069 56.525219 11.624663 -35.018250 -84.724107 -141.254648 -283.329155 -342.732397 -376.837427 -402.578576 -462.625943 -491.022209 -528.608988 -570.087853
-69.691399 -35.925510 6.813302 44.450935 62.498407 66.310892 68.005039 70.034610 71.075372 73.243985 76.916519 82.036220 89.906278 96.711040 101.760362 101.051178 98.522450 93.786430 92.726452 92.759460 93.955038 95.919696 96.880492 99.919405 103.168159 104.057684 104.021487 103.068570 103.697481 103.849139 103.766661 103.374285 103.562003 104.812432 105.390666 105.356246 102.851534 99.189088 96.019485 94.739837 94.510654 94.061172 94.165369 93.028075 88.931110 81.190020 70.757838 38.802088 -3.019643 -30.263871 -47.109241 -58.133086 -69.277692 -89.014463 -143.692282 -332.603067
69.479416 76.874078 83.980517 91.216956 95.746831 96.361243 97.756867 97.974094 100.071939 103.269984 106.686253 108.197679 110.788281 119.254087 127.104685 132.506854 134.119177 135.476254 137.648062 137.610350 136.502126 137.049811 137.654354 137.128039 139.444399 139.210195 139.404393 138.967474 139.806299 139.478593 140.125997 139.888730 137.924648 137.914505 137.478153 137.928720 136.173621 130.873509 118.144671 113.222516 111.953962 110.407123 108.213264 105.713825 103.790030 101.638313 97.248996 89.922853 81.732351 78.765864 77.307198 75.756938 74.458672 68.246411 41.967403 -8.125474
97.256793 99.680663 103.146451 108.381870 111.638801 113.616323 118.149064 121.632222 130.833083 139.332522 140.534801 139.593050 139.491756 138.688706 138.868201 138.356892 138.906840 136.776018 137.218330 136.600835 131.745816 124.124087 125.596715 126.544014 128.290004 131.270291 129.382954 130.169381 132.700405 131.874071 127.292817 124.599511 123.226877 122.926042 129.219985 131.466621 132.323315 133.002504 133.101261 133.537368 134.107623 134.257381 134.287373 134.181409 130.513784 123.851042 113.284110 107.094987 100.189309 97.072151 96.525751 97.784863 97.396848 97.079978 92.361928 84.793967
124.833943 134.193588 142.463315 141.535045 141.369975 140.818222 141.468280 143.370440 142.125419 139.468851 135.540637 131.699907 130.616671 129.743153 127.415444 128.220465 126.334920 123.219722 120.832561 117.068232 111.485007 108.640899 108.726413 110.363390 111.254735 111.691581 111.749652 113.155006 115.026333 112.758782 111.159969 109.758351 109.163249 110.916682 111.782651 112.466430 112.391842 111.783449 111.470823 112.352670 111.941167 112.171916 114.180685 124.644827 131.154312 130.801452 130.931927 131.879184 132.573447 115.699599 109.614956 111.451247 110.606246 108.300791 104.026852 100.431426
134.407513 134.433677 132.024951 127.093382 121.888905 121.311034 125.024110 131.153582 132.989104 126.966601 120.279958 114.988530 111.318331 111.169410 110.717180 110.405279 110.712345 109.560352 108.971783 106.231846 104.808795 103.252690 102.334521 102.153193 103.516022 105.082834 106.258738 107.275788 106.165944 105.358251 103.901759 102.554900 103.096735 103.263322 104.547400 106.819250 106.275594 106.461768 105.651468 105.560370 104.392162 103.918444 105.090394 108.014055 110.461520 112.807830 114.452211 120.126684 125.282668 131.792458 131.874836 131.133246 130.918414 127.527559 116.786240 111.226427
121.318681 116.161383 112.810579 110.678623 109.342447 109.174354 110.285251 111.803501 111.198878 109.908747 107.971149 106.013532 104.274485 103.576027 104.115591 104.627766 104.718285 103.840793 101.276641 98.650566 97.292507 95.093873 95.539973 94.736734 93.469306 95.581173 98.924794 100.057858 97.074711 96.180914 93.815387 92.881058 92.536883 92.437077 93.625164 96.830282 100.372544 99.951637 97.801694 96.188592 95.709769 95.127703 96.478809 100.335833 103.671051 105.367787 106.214225 106.677690 108.200602 109.878930 111.791307 114.368601 120.843865 129.910210 129.647982 129.819923
109.869418 108.741126 107.707765 106.962271 106.303716 105.663655 105.132482 104.949310 103.864136 103.307453 102.585709 100.854682 99.270437 96.213659 95.356997 93.449746 92.558333 88.176717 85.739563 81.293126 78.499972 75.169369 73.569788 72.413541 70.383985 71.600768 75.537860 78.315915 73.905205 72.401280 69.533249 68.614520 67.896437 67.494683 69.459904 74.920471 79.033788 80.490558 78.335903 77.227841 77.260139 77.963407 80.153708 85.610857 91.132955 95.488405 97.800057 99.084921 100.208495 101.680393 103.885165 105.512577 107.193990 109.724265 113.321976 120.521121
105.910896 104.852569 103.975991 102.602972 100.750728 99.746024 100.386320 98.314898 97.200362 96.060037 82.552000 78.057109 73.063494 67.474787 60.898010 43.283972 17.218232 -5.590282 -17.154669 -26.825823 -41.661402 -57.259923 -70.980211 -74.967015 -78.915081 -85.243784 -78.851179 -75.955334 -75.925307 -80.684545 -85.509340 -87.862016 -89.606403 -85.940276 -74.685255 -66.101420 -58.072150 -53.730357 -56.786729 -49.500640 -41.069903 -33.345553 -6.005258 29.541263 57.011868 72.785436 80.371883 84.838198 88.654503 91.582131 94.461542 97.147984 99.367916 102.768303 106.443289 108.316154
101.970966 100.110585 97.777924 95.758094 93.006111 88.593584 87.497807 85.025117 82.090474 64.569072 14.803520 -35.916255 -60.252436 -83.139434 -99.558367 -130.592739 -241.313629 -305.761720 -335.452156 -339.103657 -373.525468 -411.674083 -438.911654 -450.224459 -457.029873 -470.331970 -472.660617 -466.415335 -454.756999 -467.577825 -475.728615 -474.404811 -478.468041 -480.146294 -464.329784 -439.143090 -422.835043 -408.377174 -397.086344 -392.865938 -386.629590 -337.893833 -283.287292 -159.282945 -94.840911 -59.053608 -25.984746 13.493860 47.515037 67.652070 75.858686 81.112567 87.481032 92.752611 98.088048 100.598685
89.883255 84.555009 79.211385 73.712683 61.793620 30.804236 9.191678 -11.480573 -38.924045 -98.410953 -210.815753 -370.678918 -418.721247 -456.675689 -475.606602 -499.549910 -532.927382 -552.668004 -550.743894 -543.041137 -547.767780 -563.847176 -577.494434 -587.209491 -598.052080 -612.653400 -621.526234 -613.235927 -604.202328 -602.182970 -600.902060 -597.412525 -597.254904 -598.959512 -601.059517 -589.915532 -581.468990 -571.868955 -563.891225 -557.488551 -531.337333 -506.409311 -490.129820 -466.185693 -436.711666 -394.445274 -330.625288 -216.887176 -115.191835 -72.498332 -41.315803 -2.917376 40.556772 68.831526 79.432291 86.630775
55.898415 15.600702 -26.349311 -60.466530 -107.743980 -166.916740 -248.750008 -288.215056 -372.693750 -450.071415 -507.461588 -538.992448 -562.877951 -585.866865 -608.943304 -636.250847 -662.976271 -680.793361 -672.932732 -666.077465 -657.276394 -670.534548 -683.191590 -689.488284 -703.278238 -716.797037 -730.442657 -721.110958 -712.715432 -698.548607 -696.321217 -693.948594 -688.459113 -690.585013 -692.554174 -698.561269 -689.752673 -681.502023 -670.885594 -646.964416 -623.407830 -600.910617 -582.577899 -564.172767 -542.918378 -518.605547 -492.826544 -464.094937 -438.763356 -406.890027 -356.294930 -258.096448 -122.815501 -70.729863 -30.887396 11.394248
-112.310827 -211.150991 -341.069068 -414.298926 -478.502866 -512.464305 -517.864179 -547.165717 -578.826477 -620.567523 -642.740162 -660.405113 -681.848571 -701.451826 -720.262807 -745.802475 -767.717051 -790.297485 -785.078100 -772.828319 -758.319386 -768.269273 -773.060737 -775.339708 -786.882854 -799.936290 -814.067956 -810.433595 -796.103223 -779.707098 -774.935647 -769.542088 -762.058218 -762.148459 -768.416376 -777.822339 -772.784920 -760.864304 -746.830923 -725.973479 -705.091068 -685.168724 -667.472306 -647.362126 -625.920228 -604.070286 -579.971934 -554.576359 -537.000031 -513.441824 -486.903203 -461.714173 -441.041727 -407.780198 -339.592753 -226.864190
-447.303901 -480.836048 -508.707998 -549.382412 -591.137231 -631.793193 -662.042083 -691.074312 -719.784876 -738.349388 -755.219504 -772.398641 -789.418720 -807.867051 -826.097029 -844.175181 -864.580755 -887.248588 -880.744948 -866.223166 -851.406578 -850.283003 -853.154019 -855.363486 -862.988201 -876.613038 -891.954760 -883.576440 -867.946228 -852.667146 -844.188201 -838.388642 -831.685367 -835.085029 -843.949051 -853.445190 -846.011744 -831.374434 -817.687154 -801.157873 -781.371393 -761.514278 -742.090072 -721.672101 -701.270092 -678.449377 -654.855474 -630.972279 -607.864098 -585.245356 -561.982338 -550.953297 -539.062766 -527.637502 -507.153949 -484.684369
-575.358113 -598.827705 -623.505463 -655.294556 -693.566663 -723.008209 -751.618841 -779.087723 -806.698628 -828.250753 -844.896193 -852.384137 -865.155167 -883.763156 -894.565646 -909.613112 -932.180992 -932.063272 -926.707995 -910.797203 -909.311076 -909.002454 -912.595316 -912.586960 -917.526688 -933.989059 -927.253041 -919.537661 -903.906984 -894.590998 -886.648377 -881.091331 -877.143347 -878.613252 -888.744947 -886.466744 -879.587731 -865.065621 -855.462731 -841.807455 -822.062435 -807.054961 -789.591153 -769.744790 -749.286474 -727.485531 -704.294911 -678.863401 -655.595548 -635.961374 -626.733711 -615.863724 -608.205312 -613.211383 -597.807734 -582.645149
