tests/Borden05m/data_simulated/sim_1/output-maps/psiliqL0016N0004.asc
ncols         160
nrows         34
xllcorner     620200.000000
yllcorner     5168000.000000
cellsize      0.500000
NODATA_value  -9999.0
[rows 0 to 24 of 34, columns 0 to 54 of 160]
-9999.0 -9999.0 -9999.0 -9999.0 -9999.0 -9999.0 -9999.0 -9999.0 -9999.0 -9999.0 -9999.0 -9999.0 -9999.0 -9999.0 -9999.0 -9999.0 -9999.0 -9999.0 -9999.0 -9999.0 -9999.0 -9999.0 -9999.0 -9999.0 -9999.0 -9999.0 -9999.0 -9999.0 -9999.0 -9999.0 -9999.0 -9999.0 -9999.0 -9999.0 -9999.0 -9999.0 -9999.0 -9999.0 -9999.0 -9999.0 -9999.0 -9999.0 -9999.0 -9999.0 -9999.0 -9999.0 -9999.0 -9999.0 -9999.0 -9999.0 -9999.0 -9999.0 -9999.0 -9999.0 -9999.0
-9999.0 -9999.0 -9999.0 -9999.0 -9999.0 -9999.0 -9999.0 -9999.0 -9999.0 -9999.0 -9999.0 -9999.0 -9999.0 -9999.0 -9999.0 -9999.0 -9999.0 -9999.0 -9999.0 -9999.0 -9999.0 -9999.0 -9999.0 -9999.0 -9999.0 -9999.0 -9999.0 -9999.0 -9999.0 -9999.0 -9999.0 -9999.0 -9999.0 -9999.0 -9999.0 -9999.0 -9999.0 -9999.0 -9999.0 -9999.0 -9999.0 -9999.0 -9999.0 -9999.0 -9999.0 -9999.0 -9999.0 -9999.0 -9999.0 -9999.0 -9999.0 -9999.0 -9999.0 -9999.0 -9999.0
-9999.0 -9999.0 -9999.0 -9999.0 -9999.0 -9999.0 -9999.0 -9999.0 -9999.0 -9999.0 -9999.0 -9999.0 -9999.0 -9999.0 -9999.0 -9999.0 -9999.0 -9999.0 -9999.0 -9999.0 -9999.0 -9999.0 -9999.0 -9999.0 -9999.0 -9999.0 -9999.0 -9999.0 -9999.0 -9999.0 -9999.0 -9999.0 -9999.0 -9999.0 -9999.0 -9999.0 -9999.0 -9999.0 -9999.0 -9999.0 -9999.0 -9999.0 -9999.0 -9999.0 -9999.0 -9999.0 -9999.0 1293.761266 1276.600106 1261.622353 1258.957010 1281.327062 1304.859904 1328.890237 1349.694334
-9999.0 -9999.0 -9999.0 -9999.0 -9999.0 -9999.0 -9999.0 -9999.0 -9999.0 -9999.0 -9999.0 -9999.0 -9999.0 -9999.0 -9999.0 -9999.0 -9999.0 -9999.0 -9999.0 -9999.0 -9999.0 -9999.0 -9999.0 -9999.0 -9999.0 -9999.0 -9999.0 -9999.0 -9999.0 -9999.0 -9999.0 -9999.0 -9999.0 -9999.0 -9999.0 -9999.0 -9999.0 -9999.0 -9999.0 -9999.0 1341.488842 1347.506128 1348.539480 1338.411140 1327.390658 1315.034764 1295.052622 1277.497399 1263.223224 1261.062281 1263.919853 1268.679990 1291.047095 1316.143342 1336.141456
-9999.0 -9999.0 -9999.0 -9999.0 -9999.0 -9999.0 -9999.0 -9999.0 -9999.0 -9999.0 -9999.0 -9999.0 -9999.0 -9999.0 -9999.0 -9999.0 -9999.0 -9999.0 -9999.0 -9999.0 -9999.0 -9999.0 -9999.0 -9999.0 -9999.0 -9999.0 -9999.0 -9999.0 -9999.0 -9999.0 -9999.0 -9999.0 -9999.0 -9999.0 1248.531481 1265.953528 1284.169055 1302.811036 1319.805618 1326.825236 1332.753545 1338.565559 1334.551031 1330.206594 1319.041316 1299.729290 1280.507376 1267.153452 1265.549945 1263.381192 1267.801672 1280.647978 1297.697913 1313.922208 1335.075287
-9999.0 -9999.0 -9999.0 -9999.0 -9999.0 -9999.0 -9999.0 -9999.0 -9999.0 -9999.0 -9999.0 -9999.0 -9999.0 -9999.0 -9999.0 -9999.0 -9999.0 -9999.0 -9999.0 -9999.0 -9999.0 -9999.0 -9999.0 -9999.0 -9999.0 -9999.0 -9999.0 -9999.0 1252.441345 1246.649769 1241.848819 1240.562847 1239.455900 1238.584054 1245.506936 1257.520171 1275.534529 1297.551260 1310.853241 1318.350801 1325.303971 1326.229209 1321.303372 1319.684481 1320.367970 1308.664692 1297.160028 1286.413986 1276.039939 1274.469271 1284.223896 1298.727314 1315.312454 1330.488817 1346.259481
-9999.0 -9999.0 -9999.0 -9999.0 -9999.0 -9999.0 -9999.0 -9999.0 -9999.0 -9999.0 -9999.0 -9999.0 -9999.0 -9999.0 -9999.0 -9999.0 -9999.0 -9999.0 -9999.0 -9999.0 -9999.0 -9999.0 -9999.0 1222.266446 1227.949213 1234.614496 1242.284041 1243.372723 1239.589488 1234.219646 1231.495070 1230.269041 1228.695131 1233.436260 1241.504471 1255.182145 1271.147671 1293.404606 1302.242977 1308.270457 1320.647997 1323.952703 1330.490896 1334.897134 1333.511996 1330.735945 1318.053574 1308.608466 1313.368350 1319.187997 1326.371214 1334.830371 1348.671321 1364.122463 1381.456898
-9999.0 -9999.0 -9999.0 -9999.0 -9999.0 -9999.0 -9999.0 -9999.0 -9999.0 -9999.0 -9999.0 -9999.0 -9999.0 -9999.0 -9999.0 -9999.0 -9999.0 -9999.0 -9999.0 1197.190125 1198.223911 1199.601671 1204.452131 1205.259699 1207.459803 1214.569700 1222.879098 1225.549739 1223.933733 1222.836636 1224.591000 1227.560689 1232.248991 1243.664448 1257.682135 1272.118291 1286.101196 1307.294825 1322.355471 1336.080351 1352.339738 1352.327158 1348.841819 1347.491471 1348.305267 1348.578750 1351.977562 1354.378968 1361.011741 1365.362898 1371.619719 1381.418808 1393.553468 1412.007577 1431.934745
-9999.0 -9999.0 -9999.0 -9999.0 -9999.0 -9999.0 -9999.0 -9999.0 -9999.0 -9999.0 -9999.0 -9999.0 -9999.0 -9999.0 -9999.0 -9999.0 1168.322221 1170.257666 1172.626379 1178.138649 1181.310781 1185.457539 1192.573773 1194.031746 1197.922251 1205.250480 1210.274752 1219.396113 1227.746851 1235.280117 1241.507499 1244.444071 1252.032924 1261.904190 1274.025637 1289.373499 1310.970623 1334.546658 1351.152300 1368.442992 1386.074248 1387.239558 1386.614154 1388.148600 1388.811858 1394.776440 1412.164308 1417.981847 1418.586109 1434.382623 1448.581804 1453.971391 1462.278708 1482.218892 1506.361463
-9999.0 -9999.0 -9999.0 -9999.0 -9999.0 -9999.0 -9999.0 -9999.0 -9999.0 -9999.0 -9999.0 -9999.0 -9999.0 1121.275459 1125.516404 1135.349644 1145.113245 1147.894667 1152.474323 1158.819341 1171.198933 1175.032006 1181.427856 1189.148905 1201.374025 1210.228771 1219.576104 1231.648089 1240.261644 1247.736363 1254.972844 1260.486577 1273.795519 1289.195315 1305.112996 1325.575016 1348.026325 1368.745984 1389.434639 1406.005629 1420.101148 1422.079766 1421.880719 1424.933882 1432.812426 1449.955998 1469.098808 1477.531414 1495.159577 1518.622073 1532.476643 1544.451028 1553.796938 1568.387352 1590.722799
-9999.0 -9999.0 -9999.0 -9999.0 -9999.0 -9999.0 -9999.0 -9999.0 -9999.0 -9999.0 1088.837877 1091.165160 1087.894203 1087.463868 1092.865783 1105.220898 1119.271438 1125.908233 1137.777791 1158.988060 1177.133974 1180.824914 1195.433835 1205.905373 1212.931094 1223.620867 1237.002988 1250.000376 1266.926182 1279.662864 1291.250705 1310.735395 1327.593081 1344.614837 1362.885524 1383.794871 1403.741311 1432.248242 1459.817629 1473.051649 1495.568371 1506.443484 1504.577116 1505.496060 1515.512992 1531.841922 1553.240394 1576.735891 1599.315984 1625.508871 1643.257962 1658.867260 1670.929133 1684.649007 1702.039681
-9999.0 -9999.0 -9999.0 -9999.0 -9999.0 -9999.0 -9999.0 -9999.0 1064.024429 1071.596677 1077.796675 1074.977095 1070.722033 1066.773161 1080.882125 1096.919990 1113.208119 1131.190476 1147.406152 1165.884977 1181.266402 1197.591820 1217.764364 1229.662606 1241.518508 1257.160642 1271.141767 1288.386141 1310.037876 1322.660238 1339.231343 1361.001846 1379.934861 1398.593348 1418.116987 1437.008454 1463.607202 1497.772808 1530.545146 1553.759297 1582.890531 1606.639853 1606.875838 1610.304898 1615.706579 1642.358384 1672.724088 1704.762287 1730.992709 1759.552936 1790.520031 1810.406120 1822.755376 1837.090788 1854.055477
-9999.0 -9999.0 -9999.0 -9999.0 -9999.0 -9999.0 1036.505659 1060.881377 1076.094726 1068.296846 1058.047729 1054.452340 1050.404480 1075.103045 1097.436095 1115.046246 1132.294491 1150.285794 1167.171398 1179.946153 1213.497129 1231.908501 1246.372031 1264.242480 1279.291254 1294.381881 1312.216227 1335.893461 1357.807202 1387.196114 1412.590700 1436.505319 1463.432122 1483.959981 1503.735746 1522.684008 1554.835269 1593.321599 1631.437123 1661.676270 1690.657541 1723.621461 1731.906438 1738.997331 1747.070548 1769.996230 1803.568075 1835.724443 1871.197272 1904.931845 1933.608888 1947.153078 1959.170283 1972.103186 1987.163775
-9999.0 -9999.0 -9999.0 -9999.0 1003.068572 1024.050488 1044.032034 1074.790997 1097.484524 1092.763778 1099.455342 1099.679852 1097.914187 1102.333584 1109.957308 1128.406444 1147.549569 1166.981337 1184.831810 1219.209382 1264.113707 1279.616907 1303.579805 1335.806478 1349.812801 1365.621859 1382.513311 1406.000656 1432.523796 1466.113001 1509.576105 1546.870952 1573.421234 1597.302991 1619.763716 1642.697412 1678.615787 1718.259523 1757.346447 1793.772139 1825.949221 1854.392027 1868.631524 1878.203645 1891.569261 1909.652908 1932.841849 1961.961116 1995.179920 2028.690190 2054.844272 2069.229617 2078.138400 2089.943969 2101.222840
-9999.0 -9999.0 -9999.0 953.011103 991.813468 1029.965748 1056.962375 1087.992124 1120.413682 1124.838136 1134.205646 1139.015688 1143.687632 1152.450900 1160.963701 1178.589208 1195.592709 1212.562762 1235.123922 1272.015319 1306.885693 1335.831404 1368.008929 1394.174359 1414.716951 1431.081948 1450.501180 1474.957590 1515.306448 1552.984465 1603.926265 1658.186129 1696.039954 1721.602473 1745.687489 1774.874455 1802.036143 1841.044350 1878.570031 1914.385227 1948.731132 1975.741123 1996.165100 2005.356396 2016.526397 2026.238147 2043.382318 2066.144198 2089.296759 2119.362591 2148.739009 2175.011390 2190.152915 2201.202196 2218.102682
-9999.0 -9999.0 905.638517 943.712521 977.547074 1027.451551 1080.575685 1115.297907 1156.327743 1180.015253 1186.949992 1203.920471 1220.073853 1227.387309 1242.920702 1260.293891 1279.187375 1286.920617 1304.872893 1334.253391 1383.143687 1427.986272 1447.049102 1497.352502 1531.195342 1560.404637 1579.649206 1607.490477 1644.490206 1686.580850 1736.174581 1787.854422 1827.820524 1860.644821 1879.195915 1900.754000 1925.253944 1952.036709 1988.845169 2019.851921 2053.955150 2082.093246 2105.402397 2113.110599 2119.213827 2136.149541 2161.987150 2189.530935 2215.387173 2240.345192 2242.509841 2256.533037 2263.568878 2268.058758 2274.103558
-9999.0 -9999.0 878.473383 923.629403 963.304752 1028.855195 1109.564464 1146.685040 1189.691849 1236.100970 1255.007482 1280.092993 1291.113656 1299.569609 1323.459955 1345.960490 1360.153383 1367.928091 1367.921761 1423.806212 1482.301866 1530.890931 1574.440619 1643.621663 1691.073677 1710.094495 1724.629471 1746.706186 1772.354782 1816.530689 1864.666215 1919.307487 1964.564234 1997.330177 2015.257882 2035.544510 2057.471585 2076.839653 2098.061209 2140.225877 2170.766087 2198.978120 2227.903985 2249.522653 2259.007804 2263.832135 2252.740958 2264.748647 2273.280676 2277.710809 2280.018579 2277.705193 2278.005581 2279.523318 2281.191480
-9999.0 789.003884 841.230935 894.146257 962.583216 1029.282854 1111.685779 1191.343200 1249.878443 1298.508083 1328.392544 1340.024537 1374.113098 1416.283835 1443.190285 1470.207382 1474.990826 1481.981518 1472.432382 1522.385219 1571.878461 1644.708823 1754.099689 1812.482262 1861.019189 1864.483212 1860.853394 1874.198367 1898.660753 1943.991326 2013.760945 2063.585427 2119.601784 2162.437083 2179.533503 2188.163069 2207.408175 2228.957814 2213.676319 2240.572781 2254.293660 2265.911583 2271.147918 2274.621577 2277.281919 2278.916159 2277.112415 2272.034729 2265.434862 2260.863404 2257.627937 2253.756707 2256.633989 2260.220659 2261.132076
-9999.0 753.165344 812.400149 883.566154 954.260793 1019.841534 1121.035886 1266.974655 1322.317003 1360.903901 1383.616998 1403.117688 1480.969301 1548.845173 1584.538130 1631.124188 1626.783521 1617.770266 1603.500806 1636.818509 1686.503627 1761.553266 1907.940275 1994.299238 2027.476399 2040.711479 2049.349616 2077.846567 2116.895894 2156.063890 2192.042242 2189.998779 2220.761606 2237.300063 2243.485246 2247.137351 2253.121055 2255.419667 2256.003378 2254.807622 2252.602466 2255.055149 2261.093239 2262.657600 2261.453686 2259.765604 2255.424484 2248.904925 2244.168112 2240.051058 2237.614744 2234.763370 2233.094267 2232.855891 2228.224524
-9999.0 722.203534 793.867865 856.843215 919.744956 1031.620614 1158.241419 1294.932537 1388.883427 1427.822851 1448.590984 1517.134271 1621.388955 1721.951839 1777.162059 1805.254250 1807.299712 1785.905651 1788.676465 1834.649347 1901.423557 1997.435969 2095.796820 2176.831404 2193.272100 2199.961907 2179.260508 2196.693112 2212.962320 2218.157981 2222.173785 2228.598810 2236.172808 2241.338642 2242.435471 2241.977874 2239.658115 2234.065999 2231.394683 2230.196129 2228.685906 2229.885518 2233.899148 2236.461966 2235.066846 2232.245190 2228.527644 2223.360798 2217.395714 2210.779998 2206.594637 2202.198502 2199.529458 2193.939740 2188.901184
-9999.0 619.875375 709.168215 762.550773 872.669193 1048.593881 1175.728010 1324.906400 1473.764052 1512.787125 1587.652798 1713.469702 1824.687979 1903.798999 1947.275062 1991.446489 2022.788480 2047.885510 2084.952268 2036.707288 2097.499482 2161.164389 2190.990285 2206.931056 2213.089078 2217.501760 2212.600213 2196.366808 2188.881806 2184.831871 2188.734135 2197.817585 2204.748411 2211.584326 2211.011794 2213.149368 2214.860439 2212.978539 2210.756774 2204.117722 2198.055154 2193.575285 2192.743727 2198.842362 2194.872966 2192.530062 2187.022060 2179.135262 2170.205516 2162.190249 2153.847769 2146.341360 2142.610009 2135.935136 2132.975756
-9999.0 538.997168 615.374856 701.343921 836.443221 1000.789946 1126.857478 1293.402998 1505.830352 1626.232404 1758.189778 1837.324475 1915.561089 1979.332793 2044.348119 2094.999895 2123.318786 2136.830606 2127.404264 2142.598118 2113.039363 2109.219161 2129.758192 2159.197144 2175.693092 2182.443498 2176.888667 2169.078992 2164.105257 2164.726017 2164.524339 2163.465637 2162.022452 2160.285861 2157.922286 2160.825962 2166.331222 2161.074106 2153.247357 2145.999860 2139.560551 2132.185140 2127.525048 2124.645225 2124.303593 2124.505884 2117.208878 2106.753680 2095.713847 2086.668409 2077.919049 2071.109548 2066.932344 2060.172839 2049.941709
-9999.0 438.008543 560.615824 652.732138 771.608448 907.853031 1032.148917 1195.093776 1342.695386 1566.745588 1725.569201 1847.116157 1895.377241 1960.427453 2022.455345 2093.503863 2100.801912 2075.906384 2046.432237 2035.536236 2045.256883 2057.808639 2072.709170 2093.490027 2112.818713 2124.346951 2128.689638 2123.098886 2110.733273 2101.639098 2094.430984 2083.914312 2076.261102 2074.735648 2076.065447 2083.840906 2086.141886 2077.635289 2065.278285 2049.676785 2036.202381 2026.168181 2024.006191 2025.995798 2026.448944 2022.896636 2016.129410 2005.156871 1991.817467 1978.726733 1970.007603 1962.955738 1954.057820 1941.831622 1928.306103
-9999.0 -9999.0 484.135702 595.029633 701.789152 823.629297 936.500859 1077.623184 1227.731414 1409.327401 1529.400752 1669.390546 1749.178773 1799.253309 1850.667884 1908.760015 1932.105988 1956.648937 1945.756000 1954.783467 1965.022305 1973.576690 1984.656492 1996.984621 2011.192604 2022.407358 2031.611934 2030.362472 2021.949159 2004.441789 1982.964609 1966.022332 1956.101340 1948.151406 1957.384665 1968.631997 1965.297529 1958.803517 1947.098277 1931.696284 1919.201199 1905.873519 1902.465377 1902.864803 1903.032815 1900.061935 1895.473541 1882.025443 1868.147273 1855.125888 1848.053801 1840.088462 1833.012206 1820.411332 1806.962680
-9999.0 -9999.0 399.343699 507.728366 621.123590 744.161783 843.082019 911.823876 1063.009704 1178.872894 1285.307731 1387.560330 1474.479222 1541.234725 1586.268475 1649.814489 1695.556938 1714.821713 1740.626071 1776.544576 1806.002405 1837.418686 1858.077199 1871.683399 1886.523621 1900.875817 1910.071798 1898.490605 1887.791476 1871.014114 1848.911644 1824.407148 1811.164906 1807.180200 1808.265586 1812.390571 1806.256996 1796.853975 1782.725384 1767.674801 1755.097408 1744.411980 1740.521618 1736.794136 1735.161975 1732.005585 1728.559590 1719.844545 1708.107342 1699.657498 1689.881104 1682.697317 1678.410642 1670.793118 1660.709831
