tests/Borden05m/data_simulated/sim_1/output-maps/psiliqL0009N0019.asc
ncols         160
nrows         34
xllcorner     620200.000000
yllcorner     5168000.000000
cellsize      0.500000
NODATA_value  -9999.0
[rows 0 to 25 of 34, columns 57 to 113 of 160]
-9999.0 -9999.0 -9999.0 -9999.0 -9999.0 -9999.0 -9999.0 -9999.0 -9999.0 -9999.0 -9999.0 -9999.0 -9999.0 -9999.0 -9999.0 -9999.0 -9999.0 -9999.0 -9999.0 -9999.0 -9999.0 -9999.0 -9999.0 -9999.0 -9999.0 -9999.0 -9999.0 -9999.0 -9999.0 -9999.0 -9999.0 -9999.0 -9999.0 -9999.0 -9999.0 -9999.0 -9999.0 -9999.0 -9999.0 -9999.0 -9999.0 -9999.0 -9999.0 -9999.0 -9999.0 -9999.0 -9999.0 -9999.0 -9999.0 -9999.0 -9999.0 -9999.0 -9999.0 -9999.0 -9999.0 -9999.0 -9999.0
-9999.0 -9999.0 15.173377 9.583661 4.150650 -0.944176 -10.102567 -19.412572 -28.073998 -32.043186 -32.909917 -33.700772 -34.017383 -28.615217 -20.556409 -12.820539 -5.485302 -3.007947 -0.480386 1.921993 2.512210 1.257549 -1.987149 -5.290034 -8.720655 -10.209206 -18.578558 -30.112002 -39.124096 -41.907516 -37.377071 -32.817542 -30.254146 -24.107735 -13.121396 -2.074540 6.646325 18.543582 24.161220 29.336490 32.486258 28.331497 24.644488 20.798436 15.898450 4.754594 -9999.0 -9999.0 -9999.0 -9999.0 -9999.0 -9999.0 -9999.0 -9999.0 -9999.0 -9999.0 -9999.0
-2.365885 0.992390 -9.936892 -14.808937 -18.182144 -20.414850 -25.578979 -34.406849 -39.806101 -45.240482 -46.874610 -46.801094 -46.663173 -42.373553 -32.346046 -24.257571 -19.366858 -16.827526 -14.228255 -14.068616 -14.480229 -14.810437 -17.691261 -21.117494 -24.532849 -26.335595 -26.264644 -33.903542 -39.258250 -42.530871 -43.767865 -41.288927 -38.962511 -35.891353 -26.183265 -17.781904 -9.360304 4.911734 17.311206 22.549820 20.078350 14.899802 10.996318 4.367071 -5.652710 -16.282729 -26.802534 -34.173436 -39.756024 -45.181759 -39.192754 -32.841939 -22.639190 -12.495406 -0.406508 11.812861 -9999.0
-18.091182 -15.159612 -26.046325 -34.535337 -39.045624 -39.001610 -36.796221 -40.477184 -45.098220 -49.206233 -41.140612 -39.740919 -38.441334 -35.111061 -31.656662 -29.191881 -26.325743 -20.869803 -11.741774 -8.950138 -8.317660 -8.102243 -9.872676 -12.968523 -14.757960 -17.527466 -22.703460 -23.563573 -23.046019 -22.937518 -17.654921 -16.157082 -14.830491 -21.908511 -18.574854 -12.263143 -5.285216 1.787256 8.873684 13.478797 10.226538 8.761036 0.088999 -14.113117 -25.948532 -34.995235 -37.747277 -41.142737 -49.057598 -61.486530 -54.736251 -39.315388 -34.739951 -31.130187 -19.214860 -6.881172 3.402970
-32.359108 -29.226465 -34.280787 -33.327596 -31.899858 -30.402042 -31.954402 -34.809016 -35.993055 -22.708428 -12.787690 -10.741697 -7.585925 -4.028887 -5.192790 -17.556181 -20.137350 -11.412476 -0.640477 5.564372 5.971310 6.134751 4.687859 3.705526 3.188746 0.815287 2.015515 4.856721 5.774312 11.096996 16.917093 19.671209 10.932118 1.425268 1.755291 9.336155 17.309365 24.796952 35.939065 47.700713 46.189998 39.865661 30.140647 15.548810 -8.806822 -29.397822 -40.483515 -47.527969 -54.840882 -55.882569 -58.488659 -48.084383 -46.518406 -44.952960 -36.492227 -26.224782 -16.137982
-16.584995 -7.969543 -13.929650 -19.584696 -22.999685 -22.304796 -21.772668 -17.839929 -3.935442 10.881048 26.917488 30.325374 33.403937 33.365036 23.637945 13.138807 8.862632 24.295112 40.730055 49.631741 51.115619 52.040697 60.464763 58.571115 55.910932 50.423360 53.115712 56.366908 68.334955 76.412297 83.470629 81.494283 69.261585 57.688681 55.334574 57.013418 59.024554 65.001825 75.777705 86.142267 80.776832 72.142102 60.021632 29.048251 -0.678262 -19.097783 -19.379393 -19.686683 -24.966215 -28.749347 -33.016045 -41.143431 -42.048532 -43.043848 -43.851476 -32.051162 -19.961915
34.420583 51.528162 45.947743 37.426390 26.436023 27.100042 31.179148 40.438210 55.144500 75.425069 101.653201 106.826344 111.773537 116.271379 105.401926 92.852682 80.923658 97.577311 108.343394 118.575254 122.870112 135.402748 146.457710 141.568182 132.629414 122.860940 129.943780 144.676506 160.977781 168.217297 172.042455 171.999537 161.330922 155.162991 151.834619 151.820520 147.629329 150.769284 162.263989 178.072746 177.372646 164.620329 138.520679 98.655764 60.114908 35.346031 37.935263 30.044306 22.573010 17.005605 1.445355 -11.268046 -12.575567 -23.012246 -29.976147 -19.022231 -13.326087
89.222146 109.239459 106.228256 95.175512 82.723997 83.293137 92.531298 103.579050 124.784400 151.802728 179.782353 193.578385 201.596433 211.988041 205.606271 196.101261 187.028837 194.875201 208.740356 222.524478 235.220936 249.336086 262.076314 254.851511 244.256526 240.854890 246.044533 264.851059 281.404804 287.341623 289.778103 293.780890 286.630446 278.713437 269.970163 261.929423 254.231407 249.155323 265.355190 280.448195 277.574251 251.600332 223.862647 184.790634 143.147038 105.245123 98.092403 94.307010 90.545349 72.513189 54.246607 33.226034 20.252167 9.484765 -6.814460 -2.997061 2.019207
199.645624 222.612168 227.772139 213.145631 207.969545 213.879275 227.058488 235.034581 251.122078 279.989393 315.762099 341.659173 364.215340 369.360037 360.987264 352.007086 338.547177 334.299107 349.394818 362.044739 373.948272 385.687011 397.903804 404.804691 403.431464 403.341412 406.323198 411.589415 418.970957 425.789881 431.948085 438.314343 437.686100 428.214037 419.968784 409.762998 400.813871 397.397950 396.939583 404.625071 402.543904 379.371250 351.140908 318.220028 279.165504 244.391588 220.783643 220.443781 204.191065 182.551806 156.855975 115.880329 93.267311 73.426327 40.888800 34.586465 43.837103
322.771930 340.180640 355.809862 354.420682 357.336205 361.573653 368.940180 375.058118 383.901921 416.609235 451.934409 482.816447 507.940523 517.907570 509.247306 500.135296 489.167281 479.947353 481.980856 495.276704 511.303330 526.770865 537.477601 541.249667 539.952177 540.201387 541.832687 544.899469 547.477851 552.678540 559.606593 569.796061 581.419640 576.979504 560.289930 546.692699 530.973198 523.812357 520.755444 516.769723 515.890898 510.914288 483.042302 455.332601 422.902469 390.537571 366.417350 347.332183 325.946425 301.927060 255.056447 210.508011 171.343021 138.778310 106.475042 99.662041 123.472526
446.596198 472.478246 488.205685 492.987994 495.874005 499.713366 507.101086 513.787121 522.498885 543.280531 578.553028 614.709194 644.698843 651.810513 645.272419 636.032594 625.707496 616.714745 613.794979 619.906892 629.284779 643.434427 654.612885 664.864335 664.695912 664.978988 664.971554 666.866269 668.478570 669.779185 675.860128 686.433202 696.315439 697.773288 686.146649 669.065020 650.352613 639.916212 631.461210 624.618808 623.518898 623.440253 618.596195 595.546340 561.084268 518.024884 488.452190 465.044548 450.347970 433.580177 411.739495 365.112147 336.777961 301.861203 264.485076 237.494336 269.704460
559.060721 588.880778 608.384488 617.916643 620.111902 624.520550 633.789200 642.235133 653.925302 669.993728 690.362375 717.367886 744.517829 764.967190 764.166190 754.238123 739.111678 735.747482 735.153939 736.520737 741.841942 747.847785 761.315530 775.273243 780.053567 780.477443 778.215950 780.106456 780.953847 780.918300 781.485921 785.024867 790.980944 793.042573 788.945728 774.230956 754.106416 736.285553 725.238029 719.441040 715.995817 715.691012 713.751668 702.556648 675.477437 638.902890 603.921290 579.079843 560.976102 546.478248 535.059865 519.738451 502.502771 473.705137 432.399779 395.702158 386.907522
659.883979 685.269938 709.303112 726.158568 732.477432 740.943876 748.549761 760.426308 776.093557 792.782006 804.202707 819.761327 840.269668 853.016568 859.722578 861.133161 860.953102 862.899091 862.832283 849.051674 850.670619 852.209017 855.689044 860.838697 862.142105 862.092199 861.490703 862.256732 862.417605 862.674313 862.489808 861.794247 862.889028 863.171124 862.298028 857.268583 854.195877 837.063309 824.796473 817.084772 809.436241 800.845553 791.280590 781.395770 765.459931 738.006924 704.083792 674.047963 659.503305 651.094280 643.897401 637.626613 622.330312 600.860294 571.867093 534.959679 498.646950
759.315361 778.142271 802.207095 818.909937 829.979483 839.467222 845.732952 857.883773 869.833802 868.197731 869.928444 872.344405 875.004675 876.477132 877.131730 877.161813 874.830819 874.166579 872.075205 866.491118 856.976291 858.016752 859.027092 861.172793 864.315075 862.709261 863.400930 866.167578 864.854364 859.777234 856.563367 855.097239 855.365859 862.207681 864.985533 865.385946 864.728312 863.534416 862.843526 861.890689 860.996533 859.878520 858.337891 857.505170 847.657870 825.332195 794.523168 761.235781 743.166800 735.289337 734.601629 730.183909 722.536918 702.293052 674.721458 639.473659 602.019600
861.348187 865.092777 870.211766 872.962894 874.932396 877.638243 880.441208 881.131487 877.821014 873.902172 868.788021 867.317605 865.988827 863.758403 864.371995 862.163062 857.757840 853.351206 845.865925 834.286401 822.131645 819.389362 823.608574 828.006055 831.676472 834.097186 836.975532 838.243568 834.057665 826.850381 820.316615 818.459092 824.687180 830.081549 834.748052 835.268209 833.885441 832.109441 832.675073 831.017198 832.403663 839.670099 853.421448 860.825830 862.197968 861.594891 857.351598 849.805506 835.004333 815.188974 817.087868 811.744459 798.989770 776.052472 751.282236 721.789521 692.665485
870.733335 868.583513 862.757903 857.146346 856.615263 860.518583 867.184246 868.350473 861.160428 852.254607 844.082555 836.535722 833.794531 832.002192 830.871498 830.224704 824.004538 815.008219 797.607487 784.121757 771.724031 764.962671 763.180947 768.166128 776.906224 785.042603 789.169568 783.384247 776.680463 766.994540 759.397461 759.735002 762.436771 771.071420 783.656843 787.137088 787.922679 783.730674 780.573351 775.969327 775.781668 784.772497 802.056406 817.953662 831.340232 839.504491 847.227782 854.147136 859.750492 860.353178 860.609198 859.886858 856.514893 841.243074 820.867594 797.668866 772.261933
847.818054 842.064245 834.927556 828.822598 826.925310 829.255315 832.079428 828.533672 821.179097 809.557158 796.221227 784.717308 777.857959 777.739487 779.038629 778.829888 771.738565 756.356095 737.447356 722.653175 707.956573 703.338264 698.436854 695.052245 705.200596 720.707819 726.160559 713.822154 704.759568 691.558013 684.428474 681.907319 683.717285 693.057970 711.539292 728.929440 730.090049 721.502498 713.367813 709.716894 708.860224 717.705359 738.032839 758.684600 773.782644 784.111318 791.696126 802.446980 813.364966 825.623126 838.840921 850.185948 860.280012 862.653480 861.523947 857.912874 842.668259
813.929791 804.705303 796.723473 789.979501 785.284205 782.630383 779.881158 773.453300 765.856537 752.393698 738.711831 725.794139 711.786369 707.884043 704.909718 705.999962 694.269225 682.405689 662.351288 646.174248 630.186598 620.355311 614.262765 608.447855 613.929488 629.339720 638.195746 624.112834 614.115777 601.284809 595.121556 592.103555 593.824307 603.768798 626.140171 644.608507 651.220942 643.734419 638.331030 636.340917 636.555814 643.353275 659.964637 681.028436 702.017049 718.006985 728.744802 738.823178 750.767609 766.425965 781.875091 797.868730 816.139399 835.926149 850.701690 860.164059 865.056340
770.106960 759.382530 748.261595 737.319352 730.898171 731.230298 724.144209 717.275159 703.829156 660.183393 642.563926 624.541198 609.275145 603.497528 596.037246 589.805683 580.034601 572.299915 562.540025 546.462442 529.085449 513.349293 507.887989 503.287121 496.291868 503.067829 506.685281 507.636140 500.427547 493.963377 491.130575 488.801698 492.424472 505.916442 518.482775 529.663773 535.798811 533.237235 539.616898 545.973275 549.112085 565.171779 579.839041 598.391840 620.363252 643.760193 657.314713 668.187186 680.547453 697.430513 715.684550 734.911101 758.950575 784.584621 802.386321 815.167013 828.091110
718.946083 704.479891 691.541949 678.816093 666.256986 666.438426 662.330027 654.308842 617.090305 575.021540 543.391102 525.086120 503.546688 492.556001 482.344689 458.722260 444.889010 437.288950 439.627917 428.472752 411.014029 396.218646 388.014567 381.510587 369.400526 362.694125 366.984053 377.748400 372.473172 370.050805 373.490804 371.661604 369.129562 376.460986 391.224223 400.050982 409.792720 420.219044 425.328819 433.707569 458.840851 473.561947 489.352511 510.229611 532.752041 555.989303 576.228947 590.115294 605.443296 625.193387 643.175213 665.356928 690.387517 720.074574 741.051561 757.203378 770.658243
646.757774 630.531871 613.866979 594.940523 574.437791 571.729059 564.323716 547.693653 503.891407 463.352098 432.470435 410.122997 385.468457 367.256133 341.715584 310.148836 289.621580 292.285926 298.477059 296.448822 281.132821 266.864890 255.409264 241.385643 225.232752 214.216619 222.389985 231.427277 237.680687 240.693638 244.573863 246.470536 245.513849 242.874676 251.206365 261.077227 272.528632 283.887947 297.142210 326.922293 353.283961 371.969769 394.006622 415.772307 440.012163 465.127885 487.269013 504.094405 523.473320 543.697490 565.463908 587.677651 614.056631 644.536873 669.637299 686.393828 702.136320
566.795968 544.997545 520.370051 484.126694 469.151044 460.093076 448.954880 415.272971 372.795764 334.733690 307.567967 281.056311 254.726734 226.062771 193.067055 163.363407 142.109629 147.845488 154.303479 163.505985 150.079452 136.862820 128.897441 113.159216 98.174555 83.725120 91.758180 101.612894 117.748005 121.698451 125.150388 131.634024 130.498860 128.667808 122.220662 132.052231 143.354960 158.160521 186.996952 215.117127 242.697147 266.990505 290.668950 316.394005 343.644291 370.714292 398.048070 419.182059 439.779123 462.527516 484.132743 504.443236 527.586095 555.310189 579.605132 600.126113 621.935616
469.245849 445.462473 410.969839 367.556556 334.481036 319.706643 283.830225 248.562841 207.867037 184.196523 161.813731 135.660124 111.238477 87.491921 58.824368 33.939521 9.465269 12.843945 24.773215 38.132002 30.508912 25.451130 21.442633 9.285020 -4.848092 -18.614026 -14.918558 0.046631 16.873254 23.837448 30.297367 37.850667 38.024114 31.780964 23.839791 30.039838 44.354424 61.384417 84.636800 109.532414 134.311199 157.836133 184.051468 211.873602 240.474496 270.992701 302.102749 325.934067 352.992325 380.262088 402.438424 417.182777 434.225570 460.659905 481.020174 504.238221 527.935289
364.047619 336.669683 294.599976 249.076063 202.769682 162.769718 127.039982 92.879686 70.667699 49.023725 28.481996 8.136106 -14.100152 -35.090992 -55.598722 -78.313050 -98.018268 -93.067041 -79.871293 -67.816419 -65.984041 -69.295169 -72.659816 -80.776713 -94.559055 -105.974673 -97.819055 -82.306973 -67.053271 -57.123565 -50.406511 -44.093415 -46.745314 -54.787040 -61.291759 -53.166135 -37.425953 -21.794947 -3.146614 19.563193 42.611001 66.106877 91.107758 116.776048 145.429221 175.553192 206.522843 237.060899 265.799642 292.966714 308.534506 323.640147 335.862454 355.966515 377.286059 400.581905 426.180125
234.248526 203.251945 165.566051 121.962439 86.769955 51.969902 18.973864 -13.159405 -39.536803 -58.506680 -69.776005 -85.513867 -105.628629 -119.951953 -137.412333 -156.759784 -158.368575 -154.926207 -142.811794 -140.675227 -140.084827 -143.195808 -144.444715 -149.337459 -161.076273 -155.281613 -147.490080 -132.469589 -121.421405 -112.020710 -105.657384 -101.407488 -101.865156 -108.856044 -105.966054 -98.535492 -83.614421 -71.341260 -55.472647 -33.874708 -15.480787 5.187730 28.614626 53.160413 79.444018 107.746960 138.600704 167.390976 191.880278 206.283999 221.327123 231.752691 230.880116 249.599954 269.249919 289.246977 316.619524
103.378100 75.016573 46.042915 12.037791 -21.905131 -53.491002 -84.613482 -114.986048 -140.318816 -150.547470 -161.969582 -174.126658 -187.980091 -202.143464 -214.997624 -215.711763 -218.231886 -218.745491 -216.914643 -213.974825 -211.519520 -212.601205 -213.795687 -213.293822 -207.681817 -203.477259 -197.912583 -187.313172 -176.156429 -165.877033 -161.773239 -157.522356 -154.600777 -151.343495 -148.700014 -144.135106 -132.504543 -120.454674 -106.788263 -89.383156 -71.421973 -51.868434 -28.812182 -5.182319 20.324270 48.637171 77.652190 100.877148 113.797014 126.871198 133.888684 132.465006 131.405270 143.099435 159.851442 176.354930 202.873017
