tests/Borden05m/data_simulated/sim_1/output-maps/psiliqL0000N0013.asc
ncols         160
nrows         34
xllcorner     620200.000000
yllcorner     5168000.000000
cellsize      0.500000
NODATA_value  -9999.0
[rows 0 to 24 of 34, columns 0 to 55 of 160]
-9999.0 -9999.0 -9999.0 -9999.0 -9999.0 -9999.0 -9999.0 -9999.0 -9999.0 -9999.0 -9999.0 -9999.0 -9999.0 -9999.0 -9999.0 -9999.0 -9999.0 -9999.0 -9999.0 -9999.0 -9999.0 -9999.0 -9999.0 -9999.0 -9999.0 -9999.0 -9999.0 -9999.0 -9999.0 -9999.0 -9999.0 -9999.0 -9999.0 -9999.0 -9999.0 -9999.0 -9999.0 -9999.0 -9999.0 -9999.0 -9999.0 -9999.0 -9999.0 -9999.0 -9999.0 -9999.0 -9999.0 -9999.0 -9999.0 -9999.0 -9999.0 -9999.0 -9999.0 -9999.0 -9999.0 -9999.0
-9999.0 -9999.0 -9999.0 -9999.0 -9999.0 -9999.0 -9999.0 -9999.0 -9999.0 -9999.0 -9999.0 -9999.0 -9999.0 -9999.0 -9999.0 -9999.0 -9999.0 -9999.0 -9999.0 -9999.0 -9999.0 -9999.0 -9999.0 -9999.0 -9999.0 -9999.0 -9999.0 -9999.0 -9999.0 -9999.0 -9999.0 -9999.0 -9999.0 -9999.0 -9999.0 -9999.0 -9999.0 -9999.0 -9999.0 -9999.0 -9999.0 -9999.0 -9999.0 -9999.0 -9999.0 -9999.0 -9999.0 -9999.0 -9999.0 -9999.0 -9999.0 -9999.0 -9999.0 -9999.0 -9999.0 -9999.0
-9999.0 -9999.0 -9999.0 -9999.0 -9999.0 -9999.0 -9999.0 -9999.0 -9999.0 -9999.0 -9999.0 -9999.0 -9999.0 -9999.0 -9999.0 -9999.0 -9999.0 -9999.0 -9999.0 -9999.0 -9999.0 -9999.0 -9999.0 -9999.0 -9999.0 -9999.0 -9999.0 -9999.0 -9999.0 -9999.0 -9999.0 -9999.0 -9999.0 -9999.0 -9999.0 -9999.0 -9999.0 -9999.0 -9999.0 -9999.0 -9999.0 -9999.0 -9999.0 -9999.0 -9999.0 -9999.0 -9999.0 -585.835679 -588.963761 -592.758457 -593.804128 -589.608488 -587.812206 -586.170638 -585.121771 -584.154783
-9999.0 -9999.0 -9999.0 -9999.0 -9999.0 -9999.0 -9999.0 -9999.0 -9999.0 -9999.0 -9999.0 -9999.0 -9999.0 -9999.0 -9999.0 -9999.0 -9999.0 -9999.0 -9999.0 -9999.0 -9999.0 -9999.0 -9999.0 -9999.0 -9999.0 -9999.0 -9999.0 -9999.0 -9999.0 -9999.0 -9999.0 -9999.0 -9999.0 -9999.0 -9999.0 -9999.0 -9999.0 -9999.0 -9999.0 -9999.0 -586.515331 -585.058197 -583.825501 -585.908910 -586.736255 -586.479491 -588.621005 -591.138241 -593.752540 -592.927837 -592.894295 -594.812797 -591.981878 -589.753201 -589.066322 -588.505757
-9999.0 -9999.0 -9999.0 -9999.0 -9999.0 -9999.0 -9999.0 -9999.0 -9999.0 -9999.0 -9999.0 -9999.0 -9999.0 -9999.0 -9999.0 -9999.0 -9999.0 -9999.0 -9999.0 -9999.0 -9999.0 -9999.0 -9999.0 -9999.0 -9999.0 -9999.0 -9999.0 -9999.0 -9999.0 -9999.0 -9999.0 -9999.0 -9999.0 -9999.0 -592.711162 -590.035143 -588.912672 -587.863173 -586.213278 -586.880962 -587.455521 -586.188084 -587.330168 -587.351574 -588.729170 -591.320130 -593.924162 -595.364403 -593.712893 -594.231166 -594.252679 -592.929699 -592.168881 -591.960142 -590.153014 -587.177858
-9999.0 -9999.0 -9999.0 -9999.0 -9999.0 -9999.0 -9999.0 -9999.0 -9999.0 -9999.0 -9999.0 -9999.0 -9999.0 -9999.0 -9999.0 -9999.0 -9999.0 -9999.0 -9999.0 -9999.0 -9999.0 -9999.0 -9999.0 -9999.0 -9999.0 -9999.0 -9999.0 -9999.0 -588.535851 -589.599001 -590.408600 -590.343356 -590.725893 -592.233643 -592.676705 -592.477957 -591.106663 -588.854769 -588.560200 -588.929787 -588.806665 -589.393908 -590.985108 -591.126886 -589.314447 -590.888492 -591.592485 -592.607440 -595.294619 -595.956332 -594.435008 -593.020113 -591.840162 -591.655218 -591.618994 -591.741829
-9999.0 -9999.0 -9999.0 -9999.0 -9999.0 -9999.0 -9999.0 -9999.0 -9999.0 -9999.0 -9999.0 -9999.0 -9999.0 -9999.0 -9999.0 -9999.0 -9999.0 -9999.0 -9999.0 -9999.0 -9999.0 -9999.0 -9999.0 -590.262203 -589.277120 -588.933981 -588.088302 -588.554971 -590.681237 -592.017647 -592.591321 -593.069311 -594.201688 -594.366259 -594.444534 -593.805557 -593.377339 -591.012168 -592.355714 -593.227539 -591.143661 -591.699776 -590.311206 -588.691617 -589.054561 -588.675818 -591.613801 -593.803613 -591.447105 -590.527091 -590.706131 -591.328814 -590.693235 -589.812951 -588.706907 -586.702699
-9999.0 -9999.0 -9999.0 -9999.0 -9999.0 -9999.0 -9999.0 -9999.0 -9999.0 -9999.0 -9999.0 -9999.0 -9999.0 -9999.0 -9999.0 -9999.0 -9999.0 -9999.0 -9999.0 -590.051169 -590.373243 -591.005547 -590.789088 -592.832504 -593.707568 -593.164835 -592.114426 -592.780139 -593.947436 -594.955515 -594.841158 -594.719955 -595.000754 -593.525190 -592.366708 -592.058204 -592.507348 -590.686829 -590.233529 -589.228059 -586.382379 -588.358223 -590.253961 -591.245433 -591.327147 -591.891912 -590.121621 -589.599986 -589.504029 -589.751450 -589.798151 -589.481837 -589.386591 -587.208711 -585.256932 -583.709581
-9999.0 -9999.0 -9999.0 -9999.0 -9999.0 -9999.0 -9999.0 -9999.0 -9999.0 -9999.0 -9999.0 -9999.0 -9999.0 -9999.0 -9999.0 -9999.0 -590.173817 -590.357135 -591.139737 -592.413079 -593.514604 -593.559584 -592.758608 -594.286436 -594.809919 -594.509145 -595.203867 -594.501167 -593.737412 -592.806578 -592.407198 -593.516654 -593.369436 -593.596172 -593.816974 -593.437964 -591.369063 -589.507146 -589.244176 -587.928962 -585.397496 -587.000489 -587.658553 -587.584171 -588.587903 -587.834510 -583.955291 -584.729342 -586.594583 -582.543347 -580.498638 -581.471657 -582.075967 -579.659746 -575.932197 -571.057408
-9999.0 -9999.0 -9999.0 -9999.0 -9999.0 -9999.0 -9999.0 -9999.0 -9999.0 -9999.0 -9999.0 -9999.0 -9999.0 -590.336438 -590.508626 -590.332866 -592.328525 -593.861256 -594.805215 -596.117747 -594.535966 -595.732246 -596.135281 -595.892985 -594.495699 -594.514371 -594.402451 -593.550886 -593.920242 -594.420602 -594.908403 -595.859436 -594.730971 -593.628617 -592.923020 -591.333681 -590.197048 -589.369972 -587.622255 -587.490100 -586.328353 -586.919355 -588.557374 -588.942738 -587.766982 -584.224912 -581.632847 -580.866422 -575.923371 -570.762131 -568.425786 -565.267434 -563.916713 -562.067413 -557.000260 -540.628556
-9999.0 -9999.0 -9999.0 -9999.0 -9999.0 -9999.0 -9999.0 -9999.0 -9999.0 -9999.0 -593.325483 -592.317694 -593.798143 -596.541191 -597.765642 -597.179654 -596.572735 -597.634115 -597.652707 -594.846398 -593.341278 -596.087233 -594.284975 -594.314635 -595.519686 -595.288682 -594.609939 -594.574772 -592.900433 -592.939436 -593.025314 -590.251573 -589.655009 -589.018001 -588.095940 -587.128646 -586.352912 -582.248011 -578.780893 -579.207131 -574.111300 -570.848194 -573.743493 -574.774646 -574.101049 -570.402120 -564.300745 -555.228058 -545.490838 -530.600604 -515.633524 -503.715040 -493.059375 -477.973304 -456.127793 -428.285773
-9999.0 -9999.0 -9999.0 -9999.0 -9999.0 -9999.0 -9999.0 -9999.0 -597.291209 -595.729201 -594.737454 -595.984966 -597.658521 -600.687631 -599.576672 -598.493124 -597.783727 -596.710291 -596.233705 -595.869038 -596.646488 -595.747342 -594.026447 -594.604216 -594.484325 -593.385761 -593.462833 -592.514752 -591.027678 -591.963891 -591.237806 -589.934021 -588.805516 -587.831972 -586.629784 -586.053866 -581.868668 -576.217087 -569.991771 -564.593407 -556.722394 -546.210947 -546.360866 -544.192375 -541.809709 -526.460322 -501.115220 -460.677705 -429.315709 -412.161727 -394.735632 -384.241324 -376.175078 -365.084634 -350.475883 -337.402889
-9999.0 -9999.0 -9999.0 -9999.0 -9999.0 -9999.0 -599.591362 -596.134800 -594.469188 -598.416992 -601.402498 -602.394314 -604.179416 -600.349625 -596.933635 -596.338989 -595.895701 -595.361537 -595.795573 -598.148777 -592.984639 -594.577539 -595.745754 -594.237388 -594.493368 -594.486629 -593.619306 -591.501555 -590.715826 -586.383569 -583.319689 -580.726069 -577.112480 -574.946280 -572.600075 -569.840968 -561.986353 -549.346458 -530.956148 -509.033669 -478.084673 -442.727365 -429.571073 -423.799012 -418.932929 -410.091641 -391.467230 -368.146622 -340.124379 -313.612719 -293.809993 -284.275978 -274.945704 -263.582864 -248.679676 -231.364328
-9999.0 -9999.0 -9999.0 -9999.0 -597.590038 -596.861732 -597.556956 -594.565678 -592.490298 -597.308429 -595.587664 -596.423240 -597.983286 -599.932030 -602.263643 -600.667668 -599.790167 -599.236970 -599.619040 -594.583706 -590.432679 -593.469504 -591.437783 -587.366445 -588.509808 -588.213070 -588.189922 -586.489556 -583.223101 -579.080503 -568.964667 -559.474463 -552.770939 -543.779781 -533.985762 -519.686221 -490.541684 -443.795126 -417.687507 -396.075158 -373.165075 -352.443445 -338.024579 -331.035083 -322.384220 -311.658496 -296.258301 -272.880185 -245.274312 -211.855365 -189.427247 -172.784860 -166.091793 -152.946284 -136.147801 -91.224502
-9999.0 -9999.0 -9999.0 -599.580997 -596.212375 -595.047459 -596.785353 -596.261094 -593.730715 -596.323290 -596.846009 -597.278839 -597.527138 -597.503117 -597.720355 -596.832918 -596.754094 -597.611722 -597.043520 -594.179876 -593.047449 -590.772509 -589.158473 -586.449501 -584.097007 -583.329036 -582.144702 -578.743143 -569.811448 -559.192991 -537.215574 -500.339694 -455.389371 -428.844768 -417.025322 -402.532174 -386.038003 -359.627717 -333.710127 -308.134547 -280.625800 -255.383939 -230.581062 -221.961748 -216.892802 -207.973165 -193.073860 -171.161205 -146.195999 -83.933800 -88.257386 -40.642777 -57.621989 -24.441003 -11.584905 1.017981
-9999.0 -9999.0 -598.876644 -596.992702 -598.396182 -596.023705 -593.432078 -595.525458 -592.388166 -591.405112 -594.777092 -592.935410 -592.024877 -594.122588 -592.871417 -591.479761 -590.888768 -593.490818 -595.472956 -592.062581 -584.617718 -578.624510 -575.562093 -559.733474 -549.885422 -543.297070 -540.164158 -529.032372 -507.683090 -454.263925 -416.698701 -384.346252 -352.506195 -325.966923 -314.637831 -301.110141 -280.099121 -257.836476 -230.730873 -205.010944 -177.181088 -147.354952 -90.083136 -79.271059 -104.080468 -63.746107 -73.142245 -27.594307 -10.583350 6.663753 23.139064 23.454578 23.537610 23.399118 23.352011 23.271045
-9999.0 -9999.0 -601.063505 -597.900282 -600.194928 -595.179135 -590.707118 -595.513035 -594.297026 -589.629065 -591.099748 -590.705030 -591.401078 -591.162645 -589.210455 -585.018425 -587.453676 -588.371848 -593.312675 -582.286183 -572.414310 -554.170843 -513.509418 -458.548622 -424.551626 -419.152056 -416.729598 -407.457458 -390.859016 -354.910131 -310.609199 -263.058226 -223.193399 -196.600791 -183.506635 -169.809210 -147.551758 -93.080453 -79.235714 -79.914560 -34.836093 -19.401949 2.237901 17.699112 23.254150 23.229668 23.249295 23.254984 23.180360 23.194913 22.730729 19.546151 18.560457 19.089441 20.035525 15.580700
-9999.0 -601.675461 -600.115402 -600.064443 -596.846689 -598.032807 -594.309778 -588.935423 -589.643409 -587.977913 -588.201516 -591.621242 -580.505965 -570.772090 -567.757227 -558.997528 -563.104511 -565.973332 -572.005521 -559.984731 -535.043413 -451.239676 -370.769628 -321.196004 -292.790234 -288.117295 -290.965135 -277.965194 -254.029043 -218.390374 -161.955522 -85.412434 -50.638480 -24.597158 -17.141126 -15.659350 -4.145337 10.465360 25.928313 27.847709 27.835719 27.850793 23.335441 23.290278 23.223645 23.223730 20.333721 14.304772 7.331046 2.186011 -1.889459 -28.535819 -4.139904 0.112167 1.080248 -6.151662
-9999.0 -606.551364 -600.227535 -596.531413 -598.083645 -600.760024 -591.950784 -579.028390 -584.599246 -586.564139 -587.394515 -578.793164 -551.166170 -521.080468 -494.458888 -456.356436 -458.841336 -474.440991 -472.289627 -433.604827 -394.465887 -333.672793 -231.922133 -152.802369 -101.842408 -93.641352 -86.549026 -67.324516 -43.271906 -22.943746 -5.812665 15.179409 17.278148 17.236127 17.222865 17.186465 17.138854 17.095281 13.879466 10.303584 6.163569 5.910811 9.188686 8.827365 6.255846 4.127213 -23.242897 -9.843800 -15.616526 -21.924219 -57.212712 -67.366693 -65.038489 -47.301490 -35.462308 -71.807494
-9999.0 -601.316296 -594.164149 -596.052908 -601.999357 -593.439160 -590.433290 -581.804002 -575.223834 -578.086073 -566.438356 -521.992231 -442.401679 -398.360009 -367.505184 -346.197613 -331.734862 -330.926889 -310.361636 -256.404737 -153.747892 -88.003508 -48.701486 -1.720087 4.333343 4.332617 4.329242 4.326537 4.323409 4.317728 4.307892 2.449354 6.715154 8.688314 7.413959 4.649028 0.368804 -7.613763 -13.043424 -15.953069 -19.498161 -19.610295 -16.460330 -15.999023 -18.360839 -22.831794 -64.875095 -75.074185 -83.316408 -92.706100 -102.551321 -109.117054 -110.669840 -111.842548 -114.999485 -125.115704
-9999.0 -609.486836 -599.312297 -607.891723 -595.621273 -585.810345 -588.025123 -572.957323 -553.975788 -546.716216 -472.869448 -409.006179 -348.787319 -305.383611 -271.460229 -233.658017 -206.630551 -177.042557 -133.768709 -39.480491 0.846811 12.738306 12.737631 12.737175 4.340230 4.333390 -3.613494 -22.590243 -32.777546 -39.463882 -37.872302 -32.062141 -24.656107 -18.801157 -20.911355 -21.575169 -35.952827 -66.556715 -74.805049 -83.702470 -91.327677 -96.301922 -96.984922 -91.769067 -97.657140 -103.822819 -116.253338 -126.834740 -136.875468 -146.282732 -155.592141 -163.306873 -166.289910 -171.189469 -172.354565 -179.896270
-9999.0 -615.633727 -608.345360 -602.707437 -592.079665 -584.933200 -577.477031 -560.397520 -515.583724 -447.295049 -392.864437 -362.553436 -313.173261 -257.381940 -200.955599 -170.390926 -153.000836 -144.004162 -128.428968 -106.072984 -70.953838 -68.473649 -56.340338 -36.905177 -31.097650 -29.123359 -82.367154 -101.088546 -109.636603 -110.854247 -111.297753 -110.679621 -110.236557 -111.350367 -114.993181 -115.513337 -115.725984 -126.458616 -135.886339 -143.606319 -149.986527 -157.170598 -162.064423 -164.538944 -167.326592 -169.018994 -177.980174 -189.166860 -199.968801 -208.419727 -216.726885 -223.133572 -225.138343 -229.092478 -234.324583 -243.712367
-9999.0 -629.368961 -605.701115 -602.759619 -596.367032 -594.700171 -593.216225 -581.069859 -559.984333 -456.274803 -339.436717 -327.128928 -310.214232 -278.518307 -225.054437 -176.514867 -169.805985 -195.811453 -213.169056 -217.019049 -204.686940 -190.963343 -174.789056 -153.851864 -139.801815 -134.688778 -143.305460 -155.539963 -169.651048 -176.648192 -179.766606 -186.269724 -191.366817 -191.723880 -194.250723 -190.750508 -189.025695 -199.492971 -211.828111 -225.379103 -236.864094 -245.158016 -247.989604 -247.536643 -248.285107 -251.286625 -258.463125 -267.913049 -279.221814 -289.212734 -296.949803 -302.220816 -307.242566 -313.913984 -321.254235 -328.919727
-9999.0 -9999.0 -616.353575 -602.675619 -600.935569 -598.978922 -597.211358 -587.566185 -577.278204 -533.916924 -455.389599 -411.509284 -385.012953 -353.832060 -309.132119 -272.803670 -267.824489 -262.221475 -284.251089 -283.577028 -278.072374 -271.781904 -260.778050 -247.902388 -236.235046 -229.843187 -227.854998 -230.987536 -240.157470 -253.433403 -268.011033 -278.972919 -285.984327 -290.950232 -285.192273 -276.499515 -278.086690 -284.258043 -294.044539 -306.363806 -316.291321 -326.008426 -328.254239 -327.127250 -327.050977 -329.423650 -333.830461 -344.081177 -354.802173 -365.613363 -370.929016 -375.932349 -380.632914 -388.457319 -396.016509 -403.756670
-9999.0 -9999.0 -631.717091 -609.671669 -600.356672 -593.962672 -595.001471 -593.624369 -579.534798 -572.749440 -560.888140 -538.748041 -511.469560 -464.862452 -430.251360 -403.805933 -392.450061 -387.299220 -388.368029 -383.654737 -370.843075 -356.612103 -345.943138 -335.907387 -326.632162 -319.291542 -312.846470 -320.945860 -329.164505 -341.413017 -357.056307 -374.206435 -383.274686 -388.043600 -385.095849 -379.674567 -383.105960 -389.827756 -398.542548 -407.909450 -414.293552 -420.313015 -421.760415 -422.178122 -422.189928 -423.605702 -426.088662 -434.325859 -448.281399 -461.149823 -471.794283 -480.878573 -486.285097 -496.173994 -507.024156 -514.295830
