tests/Borden05m/data_simulated/sim_1/output-maps/psiliqL0007N0018.asc
ncols         160
nrows         34
xllcorner     620200.000000
yllcorner     5168000.000000
cellsize      0.500000
NODATA_value  -9999.0
[rows 0 to 24 of 34, columns 57 to 113 of 160]
-9999.0 -9999.0 -9999.0 -9999.0 -9999.0 -9999.0 -9999.0 -9999.0 -9999.0 -9999.0 -9999.0 -9999.0 -9999.0 -9999.0 -9999.0 -9999.0 -9999.0 -9999.0 -9999.0 -9999.0 -9999.0 -9999.0 -9999.0 -9999.0 -9999.0 -9999.0 -9999.0 -9999.0 -9999.0 -9999.0 -9999.0 -9999.0 -9999.0 -9999.0 -9999.0 -9999.0 -9999.0 -9999.0 -9999.0 -9999.0 -9999.0 -9999.0 -9999.0 -9999.0 -9999.0 -9999.0 -9999.0 -9999.0 -9999.0 -9999.0 -9999.0 -9999.0 -9999.0 -9999.0 -9999.0 -9999.0 -9999.0
-9999.0 -9999.0 -391.007431 -396.723170 -402.351452 -407.652079 -417.083842 -426.604452 -435.583674 -439.727982 -440.747627 -441.724722 -442.190565 -436.855785 -428.893308 -421.228673 -413.913347 -411.547799 -409.106116 -406.731200 -406.195805 -407.563930 -410.913522 -414.295986 -417.804678 -419.307507 -427.906360 -439.618540 -448.812783 -451.650048 -447.052428 -442.429359 -439.822072 -433.485662 -422.299179 -411.063452 -402.206298 -390.204132 -384.618056 -379.275424 -375.830092 -379.828297 -383.337799 -386.929897 -391.480200 -402.591433 -9999.0 -9999.0 -9999.0 -9999.0 -9999.0 -9999.0 -9999.0 -9999.0 -9999.0 -9999.0 -9999.0
-409.274689 -405.991451 -416.909173 -421.842769 -425.356184 -427.788621 -433.244137 -442.347537 -448.010537 -453.693497 -455.440209 -455.576403 -455.612584 -451.402717 -441.546955 -433.505025 -428.679843 -426.281933 -423.837334 -423.613468 -424.111463 -424.561026 -427.550748 -431.064638 -434.562045 -436.413585 -436.545225 -444.303212 -449.673192 -452.940434 -454.006059 -451.537110 -449.207236 -446.254139 -436.349477 -427.768142 -419.166642 -404.788745 -392.247550 -386.860490 -389.151240 -394.181460 -397.802703 -404.053086 -413.750213 -424.284192 -435.026982 -442.339443 -447.683394 -452.721510 -446.446463 -439.969848 -429.357306 -418.782217 -406.454932 -394.046152 -9999.0
-425.778043 -422.996113 -434.190762 -442.963675 -447.373596 -447.553835 -445.684758 -449.688411 -454.603352 -458.608254 -451.020491 -449.857364 -448.732839 -445.567166 -442.065708 -440.052972 -437.261498 -431.907226 -422.848274 -420.215718 -419.729477 -419.641310 -421.524702 -424.717628 -426.562409 -429.419499 -434.713645 -435.563709 -435.037985 -434.839998 -429.394333 -427.870715 -426.675086 -433.952394 -430.624119 -424.146945 -417.009944 -409.590524 -402.197461 -397.107649 -400.128734 -401.474870 -409.814458 -423.719286 -435.401521 -444.260230 -446.997433 -450.085761 -457.675413 -469.659887 -462.695682 -446.921248 -442.057355 -438.066437 -425.779289 -413.221730 -402.837757
-441.607014 -438.715869 -444.083566 -443.488538 -442.304513 -441.003457 -442.835049 -445.999727 -447.232681 -433.935789 -424.166678 -422.452622 -419.525354 -416.235977 -417.863649 -430.729022 -433.579881 -424.756852 -413.938488 -407.781505 -407.609758 -407.612700 -408.959706 -410.049247 -410.687627 -413.264501 -411.965452 -409.099561 -407.915518 -402.352585 -396.448745 -393.709477 -402.960581 -412.641015 -412.384508 -404.641442 -396.555694 -388.844792 -377.258117 -364.935932 -366.343699 -372.458599 -381.789431 -396.099741 -420.228302 -440.691152 -451.252782 -457.668241 -464.503584 -465.508945 -467.387361 -456.857626 -454.897576 -453.084747 -444.141517 -433.579303 -423.293519
-427.467947 -418.923890 -425.373856 -431.664803 -435.712002 -435.355724 -435.072176 -431.200438 -417.103907 -402.349033 -386.067642 -383.017817 -380.189478 -380.399333 -390.868319 -401.820992 -406.615972 -390.822209 -374.380635 -365.483009 -364.058612 -362.685284 -353.540919 -355.886092 -359.146647 -365.188636 -362.331387 -358.424415 -345.459435 -337.225391 -330.114123 -332.170431 -344.714299 -356.391946 -358.937628 -357.504924 -355.926968 -349.859233 -338.476542 -327.255153 -332.384783 -341.101804 -353.305363 -384.586020 -414.623564 -432.770135 -432.151135 -431.761716 -436.427624 -439.699225 -443.683434 -451.671017 -452.081892 -452.565467 -452.994581 -440.775941 -428.404567
-378.209304 -360.926081 -367.129570 -376.456637 -388.444667 -388.186422 -384.118542 -374.910698 -360.018949 -338.864366 -311.636321 -305.890093 -300.441818 -295.243115 -306.785527 -320.224506 -333.275605 -317.010503 -305.940518 -294.927314 -289.485891 -275.167882 -262.890682 -268.391780 -278.465583 -288.578296 -280.935249 -263.970214 -246.094564 -238.247159 -234.159328 -233.393678 -244.492921 -251.230141 -255.652123 -256.753122 -262.086644 -259.464442 -246.218242 -228.309185 -228.573412 -243.617396 -271.982899 -313.544410 -353.634215 -379.501281 -376.782907 -383.980398 -390.660668 -395.958134 -411.241572 -423.766166 -424.589037 -434.589374 -441.218719 -429.775514 -423.696251
-323.118426 -302.354443 -305.179879 -317.507756 -330.443137 -329.817526 -319.996492 -308.878452 -286.407193 -256.044477 -223.862606 -205.956858 -194.687023 -183.284578 -190.881835 -202.103696 -213.229710 -207.007710 -191.048344 -174.792321 -159.082025 -142.567769 -127.729428 -134.189431 -145.060560 -147.916534 -142.176137 -122.045339 -104.441073 -97.578896 -94.280479 -89.353560 -95.891461 -104.934986 -115.408711 -125.714963 -135.248901 -141.226905 -124.255413 -108.093755 -111.443960 -140.804660 -172.852192 -216.460448 -262.543386 -304.518128 -314.309233 -317.418698 -321.396829 -340.025178 -358.554128 -380.605770 -393.848741 -404.190228 -420.656192 -416.630865 -410.805186
-200.445170 -174.588452 -166.871657 -182.302055 -187.008220 -180.278567 -165.926132 -157.080135 -139.078239 -104.811994 -64.761548 -35.846696 -11.862847 -6.695058 -15.435837 -24.949495 -39.242501 -44.985106 -30.656750 -17.556066 -5.197101 6.673129 18.446480 25.528825 24.423585 24.410463 27.264675 31.864212 38.577741 45.284184 51.572657 58.139393 58.818030 49.858341 41.165984 30.856530 21.464085 18.088731 16.868591 23.495164 21.889454 0.738153 -27.415647 -61.204120 -102.946862 -142.463467 -171.684617 -175.218129 -195.114720 -219.595098 -249.700543 -294.916012 -320.098166 -341.071348 -374.832746 -381.276831 -370.140709
-60.008790 -40.658713 -23.798992 -23.894391 -20.650757 -16.545364 -9.456378 -3.350822 5.324788 37.386707 72.414057 103.659086 128.830989 138.933153 130.488040 121.167855 110.323973 100.909365 101.866603 114.509951 129.912618 144.854021 155.078890 158.628563 157.074019 157.349563 158.755678 162.072551 164.615707 169.332946 175.983813 186.048538 197.875469 194.218464 177.835373 164.388809 148.394549 140.571394 137.163208 132.487774 131.682258 128.612040 103.191364 76.646950 44.947793 12.030744 -12.463518 -33.377431 -55.814796 -81.233138 -131.317121 -182.145889 -226.683560 -264.058966 -300.232959 -309.847084 -283.258985
65.172365 91.263682 106.792319 112.173007 115.025245 119.206971 127.031792 133.864167 142.714468 162.217121 196.601491 232.421332 263.010753 271.750360 265.866878 256.307517 245.754449 237.086104 234.339506 239.534570 247.613862 259.980977 271.475312 281.747848 281.133165 281.923001 281.319563 284.239347 286.531708 287.546907 293.217561 302.868712 311.781340 313.405035 302.151892 286.441838 267.775420 255.214626 245.575763 238.499217 237.165582 237.166449 234.093239 212.567387 179.396926 136.782728 106.717353 83.244842 68.610510 52.306059 33.128135 -10.001107 -36.350711 -71.607297 -112.790407 -146.681309 -117.163374
174.716371 203.701891 223.195996 233.302724 235.958660 241.752070 252.643318 261.788345 273.617626 289.188687 309.220738 335.324687 364.840826 389.171273 389.223343 379.564095 365.386624 362.264199 362.227843 363.165111 366.916591 368.802851 384.251956 396.886110 398.610912 401.420376 396.976850 402.210704 404.494891 404.418527 404.953697 407.444887 412.315990 413.794567 407.274732 396.907483 377.574090 354.778370 341.837490 335.566976 331.695887 330.957869 328.685383 318.181250 292.082273 255.489194 219.821478 194.066798 175.413345 161.167361 150.428965 138.115307 122.168906 94.950731 55.268643 18.756037 6.139861
276.766071 301.250237 324.854689 341.618213 347.932775 359.248980 371.755597 384.739582 399.355070 412.903940 426.658411 439.324527 461.392699 474.173251 480.709068 482.075809 482.334878 484.163531 484.195158 476.476676 477.189076 477.457381 479.813908 483.394214 483.664307 484.069810 483.345949 484.838336 485.525811 485.808664 485.780038 484.431310 484.801504 484.792337 483.570683 480.471527 475.180459 457.915800 445.744579 438.282884 430.878703 422.473303 413.180445 403.474389 387.432342 356.323019 321.231139 289.671352 273.013877 263.915714 257.017908 251.049853 236.294420 215.148910 187.464906 151.963788 115.216837
383.212868 401.245998 423.322867 438.659856 446.409797 458.619799 466.583584 478.474240 489.398146 489.146800 490.953667 492.078489 494.278224 495.548900 496.023867 495.866764 493.619569 493.052016 490.956632 485.196596 475.889084 476.813817 477.820035 479.875778 482.731560 481.237111 481.885462 484.974992 483.826729 478.983840 475.957149 474.423317 474.488633 481.171150 483.748900 484.258888 484.332533 483.256165 482.728787 482.211125 481.766369 481.341438 480.760096 478.118384 468.607957 446.478101 416.857948 384.040753 360.549254 350.204178 349.321527 344.677430 336.594319 314.787839 286.880323 252.141383 215.134590
481.630951 488.368433 490.968484 492.465096 493.052437 496.014231 499.113319 499.640847 496.221417 492.163163 487.144586 485.741249 484.639195 482.490635 483.085451 480.908022 476.644817 472.253544 464.157715 452.466190 440.301284 437.758066 442.025928 446.224282 449.310495 451.725888 454.439048 456.338532 452.101541 445.355866 439.080152 437.178070 443.248640 448.523103 452.770883 452.978545 452.062459 450.564762 451.280281 449.830357 451.311457 458.784224 473.101603 481.212157 482.041159 481.538304 479.069720 474.355268 455.620775 435.722648 437.326428 432.132099 418.680301 391.368528 365.200026 335.418331 305.277091
489.024366 486.473299 480.806049 475.350749 474.772561 478.730910 485.393059 486.956384 479.945739 470.960808 461.828631 454.212698 451.999692 450.241615 449.105528 448.502804 442.309665 432.745044 411.298758 396.259894 383.448175 376.573253 375.025522 380.095163 388.286928 395.996716 400.028004 394.932776 388.407075 379.206401 371.815812 372.169912 375.014691 383.406523 395.244959 398.004902 398.971908 395.192278 392.500718 388.212849 388.666046 399.289363 420.743004 437.226304 450.340399 458.547370 466.814872 473.922325 480.215755 480.453188 480.603386 480.228588 476.046835 460.437558 440.386511 417.322419 387.942977
464.994375 458.602194 451.765332 445.835619 444.141941 446.699661 449.654296 446.973665 439.702570 427.090723 409.526820 396.577771 389.874801 389.737805 391.014852 390.708204 383.709699 368.009282 347.618451 332.106804 317.228083 312.584636 307.851907 304.971381 315.029230 330.010395 335.242381 323.495893 314.724442 301.937230 294.863728 292.547595 294.393069 303.586477 321.308416 337.645577 338.663590 330.376532 322.570009 319.052607 318.618952 328.560620 350.680675 371.741690 386.992704 398.203464 408.535691 421.791743 432.903459 444.662106 457.713812 469.497733 480.291278 481.738492 481.058773 478.510819 461.593638
426.054983 415.167737 406.994668 400.392603 395.877011 393.327445 390.908403 384.972662 377.522495 364.665291 349.563322 336.189030 322.402586 318.683757 316.113673 317.381628 305.777996 293.481882 272.829186 256.598325 240.786000 231.651613 225.720707 220.145033 226.548584 242.159368 251.049366 236.491486 226.608545 213.696183 207.442704 204.461803 205.913722 215.438820 237.731028 255.859869 262.037149 254.408594 248.383980 246.032601 246.370818 253.221111 270.691236 292.116887 312.957783 328.933799 340.634371 351.669259 363.866335 379.718837 396.375208 415.999497 435.122537 454.577784 469.661560 478.938945 484.088270
378.276954 366.823672 355.648266 344.893463 338.750815 339.054599 332.129416 325.563058 313.673441 271.744287 254.625332 236.954313 222.214828 216.934899 209.914173 205.201810 195.587043 187.771055 176.862248 160.997694 144.220063 129.308250 124.203199 119.793894 114.311854 122.462215 126.391113 125.475068 118.370086 111.515246 108.207806 105.869351 109.491047 122.419974 134.856853 146.149246 151.790365 148.044051 153.664139 159.569859 161.486238 176.975470 191.632550 210.063206 231.799409 254.652268 267.851859 278.661871 290.921579 307.818054 326.652027 347.194911 372.005106 398.719850 420.071273 433.672494 446.423758
326.267580 311.797738 299.090345 286.752483 274.970269 275.280121 271.325875 264.174421 229.980510 188.731656 158.262568 140.642561 120.241424 110.245700 101.268368 79.837329 66.741473 58.713352 59.959267 48.483112 31.412988 16.819612 9.115590 3.200027 -7.958056 -13.104490 -9.059436 0.638975 -5.165589 -8.140364 -5.274411 -7.274492 -9.457827 -1.527132 12.853163 21.546474 30.649314 39.785359 44.708576 51.961518 75.497119 89.776629 104.720586 124.828632 146.619678 169.155032 188.359112 201.506830 216.169483 235.517571 253.321672 275.667918 300.959677 330.990972 352.928154 369.452193 383.236316
255.556615 239.932903 224.181288 206.960907 186.997780 184.668918 177.620339 163.446215 122.223297 82.841822 52.255688 30.666884 6.595850 -10.505894 -34.640780 -66.660568 -87.940384 -86.832981 -80.922799 -84.913072 -102.068640 -118.542161 -131.841025 -147.103034 -165.154849 -176.595483 -167.848996 -157.675676 -152.809975 -150.343942 -146.298632 -144.961992 -145.997407 -147.369611 -135.790556 -124.311391 -111.566275 -99.570015 -86.562518 -56.103105 -28.502580 -9.426187 12.306808 33.585898 57.243737 81.634845 102.551185 118.226245 136.673343 156.125425 177.096829 198.921467 225.092905 255.424603 280.202876 296.708516 312.236950
179.197962 158.515380 135.902875 102.258276 88.058484 79.387005 69.945312 38.797091 -2.569235 -41.840979 -71.944812 -101.143607 -131.270152 -163.559849 -200.563169 -234.992870 -258.329754 -252.526110 -245.611610 -237.168195 -252.640953 -267.951528 -277.170756 -293.799887 -309.792766 -324.549208 -315.761780 -305.652571 -289.921232 -286.262112 -282.875465 -276.642775 -278.079861 -279.765063 -284.907313 -274.169519 -262.308375 -246.824035 -216.268735 -184.330614 -152.719085 -125.272220 -98.362316 -69.844471 -40.225538 -11.686516 15.520108 36.091557 56.077842 77.997696 98.644934 118.425097 141.241016 168.401532 192.228373 211.829242 232.821719
86.946803 64.399645 32.088857 -10.160371 -42.198424 -56.128860 -91.224610 -129.512069 -178.445793 -209.412001 -236.394203 -265.947361 -292.745778 -318.072328 -348.409715 -374.458813 -398.992405 -395.210479 -383.034277 -369.453426 -378.238974 -383.935211 -388.004071 -400.467704 -414.708362 -428.600027 -424.749881 -409.844377 -392.956195 -386.444437 -380.199676 -372.674476 -372.647649 -378.843522 -387.037015 -380.940483 -367.038993 -350.236557 -326.348652 -300.697561 -274.842286 -250.030521 -221.586105 -190.332759 -157.507814 -122.442136 -87.438515 -61.132170 -31.886730 -3.332777 19.168131 33.870522 51.093672 77.354339 97.175935 119.289338 141.847614
-14.309001 -42.239229 -86.845725 -138.112241 -191.085534 -234.120549 -272.919778 -309.890502 -335.479325 -358.418749 -379.874188 -400.705369 -422.751608 -443.754346 -464.422276 -486.804855 -507.341004 -502.167779 -488.533145 -475.551261 -474.094686 -477.296124 -480.519083 -488.767679 -502.435379 -514.756705 -506.760122 -491.144075 -475.667863 -466.012020 -459.404432 -453.016224 -455.812117 -464.012064 -471.361553 -463.586078 -448.201908 -432.824948 -414.283309 -391.941166 -369.176195 -346.088638 -321.248583 -295.270885 -265.571075 -233.345014 -199.164519 -164.913719 -131.652827 -99.967610 -81.441176 -64.150887 -49.307201 -26.948922 -4.674914 18.677891 43.647887
-154.440396 -190.078454 -233.692103 -282.547497 -320.860898 -356.482889 -389.724447 -421.923121 -447.730997 -466.751866 -477.828906 -493.191644 -513.052127 -527.143690 -544.328087 -564.482360 -566.676993 -562.593122 -549.623688 -546.753225 -546.023299 -549.062247 -550.228070 -555.350396 -567.788509 -562.682711 -554.667565 -539.390064 -528.228544 -518.921668 -512.561685 -508.315731 -509.120923 -516.684903 -514.397081 -507.049696 -492.275058 -480.296075 -464.646145 -443.404057 -425.505697 -405.356389 -382.556402 -358.634952 -332.802792 -304.681323 -273.413953 -243.367150 -216.652700 -200.029198 -182.738863 -169.954673 -169.185983 -146.825171 -123.433605 -99.565330 -68.976895
