tests/Borden05m/data_simulated/sim_1/output-maps/psiliqL0019N0012.asc
ncols         160
nrows         34
xllcorner     620200.000000
yllcorner     5168000.000000
cellsize      0.500000
NODATA_value  -9999.0
[rows 0 to 24 of 34, columns 55 to 109 of 160]
-9999.0 -9999.0 -9999.0 -9999.0 -9999.0 -9999.0 -9999.0 -9999.0 -9999.0 -9999.0 -9999.0 -9999.0 -9999.0 -9999.0 -9999.0 -9999.0 -9999.0 -9999.0 -9999.0 -9999.0 -9999.0 -9999.0 -9999.0 -9999.0 -9999.0 -9999.0 -9999.0 -9999.0 -9999.0 -9999.0 -9999.0 -9999.0 -9999.0 -9999.0 -9999.0 -9999.0 -9999.0 -9999.0 -9999.0 -9999.0 -9999.0 -9999.0 -9999.0 -9999.0 -9999.0 -9999.0 -9999.0 -9999.0 -9999.0 -9999.0 -9999.0 -9999.0 -9999.0 -9999.0 -9999.0
-9999.0 -9999.0 -9999.0 -9999.0 2033.891942 2028.658569 2023.948426 2019.641271 2011.403197 2002.631483 1994.976304 1991.400168 1990.858470 1990.524656 1990.486437 1995.992763 2004.421270 2012.402160 2019.722874 2022.365257 2024.982980 2027.259454 2027.840716 2026.864380 2023.850095 2020.764379 2017.548532 2016.090016 2008.466205 1997.303018 1988.793504 1986.095567 1990.383588 1994.735994 1997.128489 2002.531130 2012.900587 2023.323208 2031.477550 2043.224803 2049.124973 2053.856266 2056.135551 2051.566942 2047.647171 2043.324897 2037.412698 2026.151457 -9999.0 -9999.0 -9999.0 -9999.0 -9999.0 -9999.0 -9999.0
1978.776916 1997.870294 2018.642813 2022.047324 2010.520610 2005.726823 2002.841603 2001.380166 1997.254745 1989.152826 1984.449900 1979.503812 1977.763693 1978.276122 1978.726658 1983.080812 1993.932993 2002.191533 2007.178252 2010.020620 2012.966649 2012.295768 2011.855600 2011.773374 2009.067675 2005.784442 2002.549747 2000.857930 2001.868746 1994.362124 1988.695392 1985.070564 1982.782742 1985.337125 1987.783762 1991.600448 2000.753378 2008.536927 2016.269186 2030.541427 2042.849367 2047.801772 2044.743835 2039.380658 2035.023262 2027.508682 2016.757033 2006.316248 1997.327160 1990.335792 1984.287183 1977.557594 1983.008425 1989.449489 1998.350272
1963.649655 1983.326347 2004.019839 2007.088379 1996.848821 1989.177049 1983.733766 1984.543704 1988.030634 1985.160840 1980.965177 1975.195647 1984.881968 1986.520047 1987.936904 1991.641470 1994.614390 1999.041929 2001.961332 2007.574149 2016.767257 2019.718962 2020.392320 2020.663475 2018.922622 2015.887895 2014.142977 2011.488859 2006.354600 2005.002376 2005.025607 2004.289504 2008.802792 2010.235837 2012.428488 2006.189536 2009.977451 2015.975627 2022.582431 2028.296326 2034.292246 2037.090491 2033.240039 2032.415344 2023.394731 2009.044340 1997.957254 1989.444263 1988.045298 1984.341116 1975.732292 1961.773640 1968.610475 1983.590474 1987.480774
1970.284059 1979.914141 1991.635194 1994.889634 1990.345931 1992.567058 1994.757770 1996.649013 1995.493642 1992.808321 1990.275146 2002.336439 2011.733844 2013.847341 2017.035654 2021.295797 2021.829027 2010.829181 2008.934099 2017.005328 2027.220400 2032.889483 2033.263079 2033.212322 2030.553205 2029.608284 2029.429062 2027.529297 2027.776308 2029.842846 2028.713986 2032.541103 2038.071490 2041.130000 2034.406818 2025.496996 2026.835562 2034.734699 2043.137502 2050.267196 2060.246685 2070.759281 2069.692311 2063.876096 2054.346170 2040.517936 2016.753412 1997.413089 1985.718020 1977.342443 1969.235628 1969.695268 1964.954823 1976.466278 1977.292784
1965.357866 1984.725182 2005.997072 2013.567389 2008.245264 2004.431127 2003.009210 2004.332911 2004.603194 2007.050527 2018.363136 2031.781697 2045.376194 2048.348364 2051.068163 2050.701858 2042.758747 2032.909228 2030.015085 2044.370832 2061.098064 2069.381565 2069.673701 2067.454819 2072.726879 2072.172709 2071.597736 2067.541501 2069.066105 2068.810687 2076.656081 2084.270998 2091.693093 2090.019977 2077.739295 2065.780601 2064.771830 2068.582956 2073.303140 2079.786542 2089.494261 2098.331855 2092.693423 2085.707636 2076.097857 2048.011131 2022.001262 2005.421720 2004.684040 2004.095427 1998.383614 1994.694985 1991.472080 1984.785976 1983.611245
2009.883313 2030.978158 2051.897677 2067.149561 2061.994364 2054.987630 2046.386123 2047.518569 2050.038720 2057.750652 2070.162518 2086.040951 2109.541611 2111.404416 2113.842013 2115.192156 2103.758388 2091.545897 2081.359556 2101.377166 2112.204240 2120.316709 2120.231926 2128.034485 2137.446294 2133.489015 2126.428166 2115.513427 2121.585244 2130.998537 2146.073148 2153.312674 2157.706991 2154.847513 2142.396717 2136.081021 2135.813382 2139.714019 2138.644069 2144.627014 2153.658757 2167.965900 2166.331704 2159.104816 2136.952262 2099.146299 2066.112750 2048.154111 2055.261635 2047.769357 2039.888308 2036.597533 2022.809103 2012.455288 2012.470224
2056.552074 2073.366277 2091.595211 2109.859994 2104.097348 2094.594390 2080.750548 2079.876166 2086.611970 2097.412568 2116.339955 2137.510767 2160.057135 2164.517672 2163.781566 2173.828388 2167.762989 2158.285335 2150.810701 2166.823130 2178.174976 2189.298658 2197.334901 2210.096453 2221.201626 2208.653631 2194.566975 2187.199535 2193.290306 2215.583960 2235.050527 2239.929562 2240.073073 2241.118664 2229.176570 2223.284256 2218.033879 2215.187320 2210.549880 2207.074036 2227.844980 2245.835478 2244.022572 2220.750989 2196.476249 2157.952605 2119.341155 2089.717998 2094.128413 2089.925378 2089.607855 2075.649090 2060.693133 2047.218881 2039.536081
2127.034841 2153.583367 2173.174080 2195.381300 2192.689419 2174.158396 2163.571231 2168.141554 2181.850023 2190.035008 2207.320858 2228.697732 2258.024448 2275.585893 2291.602400 2296.496083 2289.043575 2280.691139 2268.497050 2270.087325 2290.468803 2302.798214 2312.662624 2322.472008 2335.055156 2338.352192 2333.954171 2332.986647 2336.779778 2346.679799 2358.009822 2364.619856 2368.756824 2372.552970 2364.412019 2352.997962 2348.729129 2341.417234 2336.926691 2334.783900 2340.772021 2355.334699 2351.923026 2320.311209 2292.407211 2257.844431 2219.387226 2188.070723 2174.716520 2185.365513 2177.179661 2158.729083 2142.190423 2110.287945 2097.786889
2215.266990 2250.466090 2277.471658 2291.411311 2303.103692 2294.830971 2295.686317 2300.543146 2308.995355 2313.780324 2321.536389 2354.259024 2388.684604 2416.282945 2440.219951 2448.704729 2437.951191 2428.603878 2416.345327 2407.551905 2415.082983 2431.016515 2448.268180 2463.653638 2474.962099 2477.934512 2476.555782 2476.846150 2479.504595 2482.416177 2485.941222 2493.070603 2500.540235 2510.522019 2520.124451 2511.918507 2494.265885 2483.159367 2471.371029 2467.905076 2467.175522 2467.286557 2466.860087 2454.094384 2416.917348 2386.018529 2353.260140 2327.793001 2309.263350 2300.318258 2279.813276 2255.294590 2205.910843 2166.121965 2131.955187
2319.956994 2363.026022 2393.783850 2415.609288 2430.636427 2431.791308 2434.842405 2437.554994 2443.160343 2447.717590 2453.384791 2478.358667 2518.784678 2557.428936 2588.217063 2590.695575 2579.697995 2569.219193 2559.722726 2547.583689 2544.148347 2554.321997 2567.499704 2585.531950 2596.462485 2604.319162 2601.918990 2602.328416 2603.938017 2605.674911 2607.514333 2610.226897 2618.478337 2631.913180 2644.558291 2644.469238 2628.259581 2611.135782 2594.294669 2588.975896 2584.133246 2578.084820 2578.428287 2578.700539 2566.263384 2537.081501 2497.714733 2455.223193 2432.244118 2412.612975 2399.065716 2381.404035 2347.515228 2287.749367 2252.022999
2447.006841 2478.870294 2510.110620 2541.661981 2559.417907 2565.453877 2565.368753 2566.653967 2574.552226 2579.754061 2588.174447 2604.692682 2632.915991 2665.288244 2693.676546 2710.299179 2704.919015 2690.058628 2670.681772 2663.393805 2661.405478 2664.199677 2672.154924 2682.446126 2699.784087 2717.421977 2724.359360 2725.315727 2721.774457 2725.233588 2726.786508 2726.908469 2728.818163 2735.275978 2743.492500 2746.145735 2739.411100 2719.413618 2697.342105 2684.111577 2676.058780 2671.488007 2670.210826 2672.484067 2672.817975 2658.581822 2625.849807 2584.021072 2551.373229 2531.541797 2515.472632 2499.262981 2485.885971 2458.576569 2437.855063
2566.874098 2582.721264 2610.793156 2639.329214 2663.092340 2679.386979 2682.427768 2687.504652 2692.922309 2702.039996 2717.872302 2740.755102 2757.768239 2777.686342 2801.627404 2816.045433 2821.558628 2820.912663 2818.240699 2819.607823 2819.697741 2775.385000 2779.815546 2784.241964 2796.225263 2807.927052 2812.306499 2812.887121 2811.052918 2812.753532 2813.406162 2813.429944 2813.015777 2814.042969 2817.455065 2818.589198 2816.549563 2806.486474 2816.661105 2797.992276 2785.064789 2776.885462 2768.508483 2759.600044 2749.439723 2738.664337 2718.290757 2688.638849 2654.183451 2629.274040 2618.318392 2610.312337 2601.231124 2594.152850 2576.725926
2674.838385 2687.036931 2704.971689 2727.229361 2759.801943 2781.702125 2793.132138 2802.430102 2807.477408 2820.731270 2835.847287 2825.854470 2832.037026 2838.252310 2844.306512 2846.296742 2846.710072 2846.167459 2843.534608 2842.577303 2840.120423 2835.672592 2825.392647 2826.645605 2828.180437 2830.681012 2834.362327 2833.232837 2834.301489 2837.312897 2835.726961 2829.971939 2826.092634 2824.418545 2825.011669 2832.105763 2835.229418 2835.911548 2833.614994 2832.719423 2831.930152 2829.444956 2826.334187 2821.911326 2816.146102 2824.555491 2812.744731 2786.580908 2749.351324 2709.542119 2697.786528 2695.366742 2694.239715 2690.732283 2683.638345
2799.398308 2812.892620 2827.323112 2815.545344 2832.175770 2840.785287 2844.898187 2848.351734 2850.948604 2852.985288 2849.771010 2846.417240 2841.421387 2839.679708 2837.944995 2835.059666 2835.149332 2832.651251 2828.055244 2823.618585 2815.753161 2804.030177 2792.266554 2788.798755 2792.932684 2798.069457 2802.747049 2806.571378 2810.119061 2810.713330 2805.659267 2797.566215 2790.262611 2788.411271 2794.957932 2800.522651 2806.356154 2807.178452 2805.944606 2803.947334 2804.250422 2801.799899 2802.561522 2809.632502 2823.752536 2828.106871 2832.174302 2831.278761 2818.964876 2796.771838 2798.074934 2777.823409 2781.778492 2776.374016 2764.149245
2843.248962 2845.705108 2844.861875 2843.577902 2837.510616 2831.531341 2830.574245 2834.174830 2840.655506 2841.327939 2833.785294 2824.753611 2817.011921 2809.210762 2806.172483 2804.400083 2803.064276 2802.461675 2796.295367 2786.834729 2769.686767 2757.327568 2745.528898 2739.013234 2735.794888 2739.759169 2750.094190 2760.849770 2765.664585 2757.763590 2749.890921 2738.746619 2730.726329 2731.048690 2732.695967 2741.926123 2757.299522 2763.528931 2764.633361 2759.422430 2754.651731 2749.227853 2747.577156 2755.008531 2770.793447 2787.484570 2802.537832 2811.472350 2819.097196 2825.810048 2826.778269 2828.599391 2829.427924 2827.551358 2827.945284
2838.981333 2832.195870 2825.231538 2819.695621 2812.649462 2806.476640 2803.958082 2805.290625 2806.834708 2802.209732 2794.640482 2783.314815 2771.281484 2760.497865 2752.458308 2752.128479 2753.151066 2753.263007 2745.357656 2729.371399 2709.641827 2695.345356 2680.761156 2676.190975 2670.401365 2664.226556 2674.332538 2692.513465 2699.225561 2684.574903 2674.306260 2659.756620 2652.881598 2649.431653 2650.689627 2659.974339 2681.264462 2703.244659 2705.502261 2696.080326 2686.991429 2683.506520 2681.927961 2688.682061 2707.149505 2729.530405 2746.033042 2756.928072 2763.213754 2771.806173 2781.809745 2795.633220 2809.941403 2821.796479 2828.471236
2813.160959 2804.833331 2796.454609 2787.991369 2779.963004 2772.414241 2766.913603 2763.628193 2759.076007 2751.739772 2743.177927 2722.893537 2709.206880 2695.442951 2679.840355 2674.801313 2669.580779 2669.671412 2657.289595 2647.356901 2629.625622 2613.574244 2597.125327 2584.612733 2578.408519 2571.860563 2572.838295 2587.065973 2595.685323 2584.416168 2574.524650 2562.951585 2557.761442 2554.581097 2556.956311 2567.542077 2588.626393 2607.568756 2615.965153 2609.350467 2607.449451 2607.930250 2608.144214 2615.600503 2629.417458 2649.178587 2672.038750 2690.888553 2701.844594 2710.382422 2721.172145 2737.554077 2752.580213 2767.464924 2785.593649
2778.011139 2767.650760 2756.693951 2745.858956 2733.870789 2720.531436 2712.690334 2713.068485 2705.213212 2697.649153 2677.059324 2625.385798 2604.298933 2584.452080 2567.303650 2559.640365 2550.339113 2536.886373 2526.902191 2520.462621 2517.571073 2502.040337 2483.217756 2465.675568 2460.225184 2456.094042 2442.570588 2442.254543 2443.943186 2454.384252 2447.808219 2444.517738 2444.641336 2442.400048 2444.853646 2458.346687 2468.460827 2476.736677 2484.013473 2486.909982 2496.979680 2506.350649 2515.338620 2533.389959 2547.002258 2564.850554 2587.270486 2613.692394 2629.772827 2640.869418 2652.942015 2669.502933 2687.174579 2705.970861 2729.443642
2735.832419 2718.019401 2702.581167 2687.037665 2672.917521 2659.096969 2643.113715 2642.785673 2638.249656 2627.045694 2576.872536 2533.797944 2498.413134 2479.289682 2455.053713 2441.111859 2425.750211 2391.871195 2374.935565 2371.028114 2380.555734 2373.723631 2357.498272 2344.357551 2335.282899 2326.969016 2311.386754 2297.156201 2302.523364 2318.051573 2316.598184 2317.768759 2324.048452 2323.203528 2318.341640 2319.800924 2333.360087 2340.653006 2351.967196 2367.684169 2373.455162 2387.734461 2419.396106 2434.265662 2451.074331 2472.020325 2494.974874 2520.006749 2543.544657 2559.117212 2575.843228 2596.305794 2614.786011 2636.881693 2661.265202
2676.343220 2646.416269 2624.987026 2606.491431 2586.422645 2560.855521 2538.957212 2534.844024 2526.471693 2500.098823 2448.274198 2409.067020 2381.733590 2358.670702 2334.011667 2311.309205 2277.283205 2243.196086 2221.390560 2231.668618 2240.437639 2246.660159 2233.892226 2222.057862 2212.061201 2195.876226 2179.693324 2165.480041 2175.325425 2183.892273 2198.072407 2203.526859 2207.498628 2212.086571 2211.084378 2203.583145 2203.609529 2212.562095 2223.342424 2235.525435 2254.470069 2288.549698 2314.581217 2333.878984 2356.108781 2377.389823 2401.230969 2426.341174 2450.480786 2469.079678 2489.525975 2511.149446 2534.180184 2556.052221 2581.692223
2591.935536 2563.036152 2535.363753 2510.857124 2479.115477 2434.680003 2418.311310 2407.792584 2388.525820 2344.936156 2301.990870 2273.655533 2254.940062 2230.266620 2207.199938 2178.377386 2145.134541 2120.846470 2100.008517 2108.163765 2116.446595 2132.147364 2121.771970 2112.864470 2108.314424 2093.161026 2079.588411 2064.060017 2070.892133 2082.022020 2102.679481 2107.936059 2111.913701 2120.421063 2119.827902 2116.550607 2103.365833 2111.494508 2122.767394 2137.778154 2168.047547 2192.499268 2216.803456 2239.677416 2261.065640 2285.031972 2309.881857 2335.221577 2363.183608 2384.677860 2405.632360 2429.001131 2450.739424 2469.074327 2489.695751
2475.939583 2450.229581 2428.212035 2402.833012 2361.871370 2316.961912 2277.697630 2254.560895 2207.743751 2172.453614 2144.959640 2136.024795 2120.449260 2098.629279 2077.823961 2056.916757 2032.747513 2011.845098 1986.857161 1991.074672 2004.954141 2020.258900 2018.218050 2017.003534 2014.678511 2004.487118 1990.938714 1977.354316 1981.032820 1997.275523 2014.790268 2023.791103 2031.187133 2039.057992 2039.237884 2031.244458 2022.357914 2028.004906 2043.380731 2060.301841 2080.189939 2102.482163 2124.893202 2146.599391 2170.514555 2194.981756 2219.886842 2246.826032 2275.723472 2298.497157 2324.049715 2350.459027 2370.396841 2382.841315 2395.546254
2364.604328 2343.032295 2318.392179 2290.312530 2247.960470 2206.464878 2164.146734 2119.772059 2085.832094 2055.247957 2043.040361 2025.644172 2009.876646 1993.323801 1972.306236 1954.232308 1937.353685 1915.447489 1901.688229 1907.720003 1920.625629 1929.792294 1934.602740 1931.968796 1929.237846 1922.748695 1908.926659 1902.206629 1911.543745 1926.811286 1941.054313 1952.108978 1959.075001 1964.805029 1962.170066 1953.745093 1949.921433 1958.475902 1974.437139 1989.081878 2005.599030 2027.300713 2048.873422 2071.525955 2095.234677 2118.755486 2144.757567 2171.569588 2199.110908 2227.234246 2251.894299 2274.188231 2286.149233 2298.531340 2303.787189
2232.993411 2218.422407 2192.142944 2163.295778 2131.846107 2095.844049 2068.131450 2035.809890 2004.803267 1974.683767 1948.607511 1933.780232 1925.574314 1911.520842 1893.281348 1880.829178 1864.458031 1850.896409 1853.951697 1855.594533 1864.693232 1863.922694 1864.534372 1861.739239 1860.836411 1857.656196 1849.563326 1859.274530 1866.229265 1880.168893 1890.559279 1900.226292 1906.329167 1910.298275 1911.099747 1906.202673 1911.340689 1918.223530 1932.659498 1944.550481 1959.233815 1980.080971 1997.864022 2017.801683 2040.921227 2064.849477 2089.900262 2116.697204 2145.709202 2171.737637 2191.859210 2201.509991 2213.185448 2218.530615 2211.945842
