tests/Borden05m/data_simulated/sim_1/output-maps/psiliqL0029N0002.asc
ncols         160
nrows         34
xllcorner     620200.000000
yllcorner     5168000.000000
cellsize      0.500000
NODATA_value  -9999.0
[rows 0 to 24 of 34, columns 0 to 54 of 160]
-9999.0 -9999.0 -9999.0 -9999.0 -9999.0 -9999.0 -9999.0 -9999.0 -9999.0 -9999.0 -9999.0 -9999.0 -9999.0 -9999.0 -9999.0 -9999.0 -9999.0 -9999.0 -9999.0 -9999.0 -9999.0 -9999.0 -9999.0 -9999.0 -9999.0 -9999.0 -9999.0 -9999.0 -9999.0 -9999.0 -9999.0 -9999.0 -9999.0 -9999.0 -9999.0 -9999.0 -9999.0 -9999.0 -9999.0 -9999.0 -9999.0 -9999.0 -9999.0 -9999.0 -9999.0 -9999.0 -9999.0 -9999.0 -9999.0 -9999.0 -9999.0 -9999.0 -9999.0 -9999.0 -9999.0
-9999.0 -9999.0 -9999.0 -9999.0 -9999.0 -9999.0 -9999.0 -9999.0 -9999.0 -9999.0 -9999.0 -9999.0 -9999.0 -9999.0 -9999.0 -9999.0 -9999.0 -9999.0 -9999.0 -9999.0 -9999.0 -9999.0 -9999.0 -9999.0 -9999.0 -9999.0 -9999.0 -9999.0 -9999.0 -9999.0 -9999.0 -9999.0 -9999.0 -9999.0 -9999.0 -9999.0 -9999.0 -9999.0 -9999.0 -9999.0 -9999.0 -9999.0 -9999.0 -9999.0 -9999.0 -9999.0 -9999.0 -9999.0 -9999.0 -9999.0 -9999.0 -9999.0 -9999.0 -9999.0 -9999.0
-9999.0 -9999.0 -9999.0 -9999.0 -9999.0 -9999.0 -9999.0 -9999.0 -9999.0 -9999.0 -9999.0 -9999.0 -9999.0 -9999.0 -9999.0 -9999.0 -9999.0 -9999.0 -9999.0 -9999.0 -9999.0 -9999.0 -9999.0 -9999.0 -9999.0 -9999.0 -9999.0 -9999.0 -9999.0 -9999.0 -9999.0 -9999.0 -9999.0 -9999.0 -9999.0 -9999.0 -9999.0 -9999.0 -9999.0 -9999.0 -9999.0 -9999.0 -9999.0 -9999.0 -9999.0 -9999.0 -9999.0 3872.392386 3855.232721 3842.357310 3836.923794 3857.437206 3880.279621 3903.956843 3924.328575
-9999.0 -9999.0 -9999.0 -9999.0 -9999.0 -9999.0 -9999.0 -9999.0 -9999.0 -9999.0 -9999.0 -9999.0 -9999.0 -9999.0 -9999.0 -9999.0 -9999.0 -9999.0 -9999.0 -9999.0 -9999.0 -9999.0 -9999.0 -9999.0 -9999.0 -9999.0 -9999.0 -9999.0 -9999.0 -9999.0 -9999.0 -9999.0 -9999.0 -9999.0 -9999.0 -9999.0 -9999.0 -9999.0 -9999.0 -9999.0 3924.039740 3929.884654 3929.147406 3919.331658 3907.829167 3893.584885 3872.686237 3855.596323 3842.911933 3841.038314 3843.255444 3845.083265 3865.024169 3890.457973 3910.271075
-9999.0 -9999.0 -9999.0 -9999.0 -9999.0 -9999.0 -9999.0 -9999.0 -9999.0 -9999.0 -9999.0 -9999.0 -9999.0 -9999.0 -9999.0 -9999.0 -9999.0 -9999.0 -9999.0 -9999.0 -9999.0 -9999.0 -9999.0 -9999.0 -9999.0 -9999.0 -9999.0 -9999.0 -9999.0 -9999.0 -9999.0 -9999.0 -9999.0 -9999.0 3831.973379 3848.642741 3866.364561 3884.813676 3901.713544 3908.742051 3914.480967 3919.590250 3914.629756 3910.072939 3898.052513 3876.266976 3856.828211 3844.179850 3843.370152 3840.766157 3843.872692 3854.774603 3871.086950 3885.500805 3905.663308
-9999.0 -9999.0 -9999.0 -9999.0 -9999.0 -9999.0 -9999.0 -9999.0 -9999.0 -9999.0 -9999.0 -9999.0 -9999.0 -9999.0 -9999.0 -9999.0 -9999.0 -9999.0 -9999.0 -9999.0 -9999.0 -9999.0 -9999.0 -9999.0 -9999.0 -9999.0 -9999.0 -9999.0 3838.595353 3832.516970 3827.588002 3825.777982 3824.065749 3822.956244 3829.384582 3840.025985 3856.555438 3878.537677 3891.713839 3898.797862 3905.563266 3905.569531 3899.160304 3897.233692 3897.461384 3884.245867 3871.472174 3859.495383 3847.729844 3843.828343 3852.198647 3866.150400 3882.037843 3896.199545 3911.071211
-9999.0 -9999.0 -9999.0 -9999.0 -9999.0 -9999.0 -9999.0 -9999.0 -9999.0 -9999.0 -9999.0 -9999.0 -9999.0 -9999.0 -9999.0 -9999.0 -9999.0 -9999.0 -9999.0 -9999.0 -9999.0 -9999.0 -9999.0 3809.072754 3813.610153 3819.942430 3827.461033 3828.226959 3824.955251 3819.425720 3816.596689 3814.916650 3812.178669 3816.423400 3822.786993 3835.195220 3849.914631 3871.960364 3879.735984 3883.125042 3893.844949 3897.434816 3905.445053 3908.870100 3906.489056 3901.626580 3885.612983 3872.958548 3873.859578 3876.885696 3883.287058 3891.263705 3904.321885 3917.133774 3931.398922
-9999.0 -9999.0 -9999.0 -9999.0 -9999.0 -9999.0 -9999.0 -9999.0 -9999.0 -9999.0 -9999.0 -9999.0 -9999.0 -9999.0 -9999.0 -9999.0 -9999.0 -9999.0 -9999.0 3784.894694 3785.892578 3787.351288 3792.099225 3792.198782 3793.644567 3800.078677 3807.742868 3810.482317 3807.800905 3806.592158 3807.447713 3809.535022 3813.607432 3823.262588 3835.910793 3849.096062 3860.904169 3880.787151 3894.344790 3905.554055 3919.866995 3919.992868 3915.892822 3913.656542 3912.784043 3910.023658 3906.245954 3903.677440 3909.200710 3908.172041 3910.277718 3918.734659 3930.235202 3945.631397 3961.902671
-9999.0 -9999.0 -9999.0 -9999.0 -9999.0 -9999.0 -9999.0 -9999.0 -9999.0 -9999.0 -9999.0 -9999.0 -9999.0 -9999.0 -9999.0 -9999.0 3755.872849 3757.497469 3759.760450 3765.153083 3768.899746 3772.593998 3779.304379 3780.575069 3783.462491 3790.010633 3793.769683 3802.593834 3810.411995 3816.677521 3821.648670 3823.075149 3828.309866 3836.300601 3846.440631 3858.754102 3877.252920 3899.797661 3914.232971 3929.811785 3946.051920 3945.654156 3942.858980 3941.990486 3939.146523 3938.370969 3951.059794 3952.760673 3945.069549 3952.214387 3962.619202 3964.112709 3970.145264 3989.375784 4010.544304
-9999.0 -9999.0 -9999.0 -9999.0 -9999.0 -9999.0 -9999.0 -9999.0 -9999.0 -9999.0 -9999.0 -9999.0 -9999.0 3705.768083 3709.510221 3719.701700 3731.610229 3734.559961 3739.424223 3746.002100 3757.720042 3760.897338 3766.269662 3772.716619 3784.879553 3792.691619 3800.437926 3811.106021 3817.886651 3823.566339 3828.530135 3829.429999 3839.120308 3851.436998 3864.069736 3881.538459 3902.121478 3918.760133 3935.130782 3950.505048 3960.558021 3955.785990 3954.092216 3955.242003 3958.266646 3969.271553 3984.322870 3981.804018 3988.525919 4007.588060 4016.278175 4021.842441 4026.721393 4040.163321 4061.335265
-9999.0 -9999.0 -9999.0 -9999.0 -9999.0 -9999.0 -9999.0 -9999.0 -9999.0 -9999.0 3680.918059 3681.947258 3677.817578 3674.076939 3679.718624 3691.770719 3706.183760 3710.998917 3722.660543 3743.644433 3762.014118 3764.237776 3776.510128 3785.840969 3791.468271 3799.790575 3811.102479 3821.398873 3834.768279 3844.516763 3850.894485 3864.707468 3878.557567 3892.865600 3908.244011 3927.079440 3940.869676 3962.075954 3985.193629 3991.735317 4006.341261 4006.357731 4001.172074 3998.105234 4006.608297 4015.722195 4028.089135 4041.077308 4057.974875 4078.318256 4086.315414 4098.294113 4106.480489 4115.984590 4130.914805
-9999.0 -9999.0 -9999.0 -9999.0 -9999.0 -9999.0 -9999.0 -9999.0 3656.552643 3664.629203 3669.421168 3665.605258 3660.597587 3653.649436 3668.017578 3682.708350 3697.796825 3715.618178 3730.278352 3747.727249 3760.306964 3773.553943 3792.573267 3801.718849 3810.530356 3823.844833 3835.000572 3847.515818 3866.004576 3871.022933 3879.129586 3896.402388 3909.787340 3924.771648 3941.236884 3955.868503 3973.468575 4001.697667 4028.845149 4042.677338 4067.359884 4082.467904 4075.214728 4072.096405 4072.247138 4094.021862 4118.813300 4146.825690 4163.744088 4185.765956 4213.255897 4232.181566 4241.149655 4251.993739 4265.625963
-9999.0 -9999.0 -9999.0 -9999.0 -9999.0 -9999.0 3628.014931 3652.133162 3666.935030 3657.614046 3641.759250 3635.574227 3628.175282 3660.233550 3681.959793 3698.466059 3714.157691 3730.637066 3745.683118 3751.847995 3779.257736 3797.761298 3807.637666 3818.356231 3831.286368 3844.144784 3858.536926 3877.839180 3892.916441 3911.710517 3924.323665 3937.830807 3959.642714 3975.279618 3990.712775 4002.420480 4028.350366 4061.714212 4095.208491 4118.209337 4141.666590 4172.925084 4171.076995 4172.088643 4172.621038 4196.735558 4230.731573 4260.186142 4291.456840 4321.595225 4350.149046 4360.491418 4369.334559 4379.116953 4391.630767
-9999.0 -9999.0 -9999.0 -9999.0 3596.488326 3616.958917 3634.752611 3664.078058 3685.259861 3679.604118 3682.665743 3679.357857 3673.464637 3677.901269 3685.383743 3701.330754 3719.435820 3737.919616 3750.181361 3774.313142 3820.474043 3829.247741 3843.464530 3870.992417 3880.090928 3892.487328 3906.616660 3925.344136 3941.054839 3965.992476 3997.373464 4024.034253 4043.805702 4061.702638 4079.834075 4095.335690 4130.153204 4166.625505 4201.762984 4232.587475 4258.854950 4284.862869 4290.543389 4295.084868 4304.888172 4322.152937 4345.123899 4372.798548 4406.895012 4439.106651 4462.216008 4470.679179 4475.636110 4485.172081 4492.418686
-9999.0 -9999.0 -9999.0 3541.361616 3580.277923 3619.924529 3644.603898 3673.935793 3705.539190 3703.504979 3711.244645 3709.029375 3705.712846 3709.413203 3710.355772 3725.515831 3742.827338 3762.263627 3782.337830 3814.064995 3840.909794 3855.134437 3880.964958 3893.897035 3904.386655 3915.693060 3933.275391 3951.722107 3986.631730 4014.382004 4059.099597 4108.847568 4139.984385 4158.519025 4180.967999 4208.551238 4233.846759 4273.120950 4307.126148 4339.192673 4369.366914 4391.310610 4405.064907 4409.465252 4419.312435 4424.844332 4437.009113 4458.048286 4480.591336 4511.685170 4541.205569 4570.876263 4586.488572 4597.882997 4615.313354
-9999.0 -9999.0 3492.720069 3532.488863 3562.811828 3608.156937 3660.565347 3695.103240 3733.330378 3750.233567 3751.747749 3759.999998 3768.420716 3767.179502 3773.577456 3784.335362 3806.394880 3814.960456 3835.257972 3847.173212 3881.105868 3912.050417 3902.510440 3937.786670 3966.788152 3999.926159 4021.591557 4047.969621 4086.001187 4118.479432 4162.199976 4212.240803 4246.083398 4273.718272 4289.851478 4310.548589 4330.858505 4357.892289 4395.316254 4420.785663 4454.976440 4480.545088 4500.044392 4500.110916 4502.705189 4519.095644 4548.193152 4579.978685 4609.750185 4639.728625 4621.263511 4646.785038 4658.205752 4664.577643 4674.596521
-9999.0 -9999.0 3461.467758 3508.227501 3540.970153 3596.345402 3683.822567 3716.629661 3755.136783 3799.738538 3811.632897 3831.588668 3820.776694 3804.547184 3820.338988 3832.272562 3853.991020 3861.318305 3854.016677 3905.129311 3956.255207 3975.306267 3973.617499 4052.262923 4105.890234 4131.754863 4149.459850 4169.912965 4189.116061 4226.967382 4265.088331 4320.227268 4361.548305 4391.650397 4406.355093 4427.081656 4446.898153 4461.950710 4481.933994 4530.216279 4567.363400 4599.247829 4632.219101 4653.968098 4662.318641 4667.807762 4639.744634 4661.106400 4675.593059 4681.841064 4684.368755 4680.516683 4679.985936 4680.850014 4681.771318
-9999.0 3366.837356 3419.329199 3468.862956 3531.654132 3590.912210 3663.042648 3736.040268 3803.694590 3856.270000 3880.104362 3868.547875 3860.071783 3881.139356 3898.790364 3912.818829 3918.712598 3929.942617 3909.292790 3963.712670 3998.010809 4042.466184 4140.116590 4199.189751 4266.360186 4261.700956 4249.263061 4253.253843 4268.248815 4315.677915 4397.308799 4455.654893 4524.238610 4575.274734 4593.188538 4601.231492 4620.554225 4641.899486 4583.201053 4630.622424 4652.566975 4670.877981 4681.670984 4684.194826 4685.604397 4685.341913 4681.573898 4674.416835 4666.138739 4660.215642 4655.929635 4651.426355 4653.870315 4657.211632 4657.253187
-9999.0 3327.533512 3384.221711 3451.483461 3517.501474 3558.671608 3635.328768 3806.380746 3870.339302 3907.923582 3909.147097 3874.079852 3927.306706 3985.779924 4008.200053 4053.741375 4036.369211 4020.729423 3979.055933 4003.155629 4040.095555 4110.966188 4288.571157 4378.803600 4436.286098 4444.203606 4444.257315 4473.385133 4519.549229 4569.731082 4618.639041 4581.548777 4636.138792 4663.140344 4668.782790 4669.572610 4675.630971 4674.002971 4672.785244 4668.228329 4662.986037 4663.168791 4667.944554 4667.807577 4664.789594 4661.310936 4655.546907 4648.128450 4642.985864 4638.344936 4635.702752 4632.894260 4630.831347 4629.886130 4624.842793
-9999.0 3283.943693 3359.577627 3416.039517 3456.498010 3540.733679 3671.222126 3816.871749 3913.664287 3946.542459 3913.103705 3940.391143 4044.126924 4153.299007 4206.425090 4227.197762 4203.965099 4150.079202 4125.478948 4169.545818 4242.118759 4369.008005 4519.162984 4624.410492 4640.784399 4644.547389 4591.184670 4619.897364 4646.510393 4649.668482 4650.918082 4660.037986 4665.206590 4668.277484 4666.666362 4663.761975 4658.897438 4650.612838 4645.834280 4642.054159 4638.212733 4636.895702 4638.771925 4640.779464 4637.882539 4633.948955 4629.457924 4623.884101 4617.504657 4610.668928 4606.225323 4601.864047 4599.679207 4593.888551 4590.466216
-9999.0 3153.269752 3251.838711 3287.774045 3349.959823 3541.954269 3671.295317 3808.466863 3978.176534 3994.091786 4032.518158 4177.248028 4300.806745 4383.861415 4411.116438 4443.667309 4468.212660 4483.397128 4521.548909 4385.303454 4472.285589 4580.107126 4630.172939 4651.883288 4664.014225 4664.429292 4654.204148 4633.044793 4622.227389 4615.461917 4617.076652 4624.407133 4628.938064 4633.607038 4631.264172 4632.468335 4633.840777 4630.683412 4626.582829 4617.701322 4609.764405 4602.819285 4599.196799 4603.771464 4599.144088 4596.931047 4590.614453 4581.981103 4572.858376 4565.447449 4557.305411 4550.664800 4548.456064 4543.449105 4542.208374
-9999.0 3072.091769 3143.052236 3193.369937 3295.156628 3457.938808 3542.909724 3697.558651 3946.932104 4088.604104 4263.090706 4359.806868 4430.965738 4469.955245 4518.891835 4573.507189 4602.112411 4615.215597 4580.495021 4606.270979 4561.613791 4550.241890 4568.447207 4598.803805 4617.216283 4621.509760 4613.844483 4605.018386 4597.723990 4596.600992 4594.232352 4589.562723 4584.874262 4580.949923 4577.811101 4581.045768 4586.568802 4579.180145 4568.439692 4558.621066 4549.782879 4540.289292 4534.187299 4529.188828 4529.882165 4530.210927 4522.432169 4511.773180 4500.702037 4492.246532 4485.019331 4480.639319 4477.791824 4472.654778 4462.399118
-9999.0 2945.191814 3080.959038 3151.196356 3236.189432 3361.304715 3457.447290 3604.625532 3728.786763 3980.224382 4118.139736 4333.101823 4386.307683 4460.345010 4506.383534 4582.572154 4576.968239 4545.814701 4500.762446 4484.947767 4498.174818 4507.736318 4515.524930 4529.436978 4547.588726 4558.113053 4563.953679 4558.331626 4544.001407 4530.844057 4518.741119 4504.163624 4494.218172 4491.429997 4496.243310 4506.939715 4507.063375 4497.658347 4483.177416 4464.327275 4448.252014 4436.079633 4434.230408 4437.296012 4438.584564 4434.302037 4428.596652 4417.603567 4404.795823 4392.018348 4386.551112 4382.285522 4374.543881 4362.781198 4350.451112
-9999.0 -9999.0 2991.283001 3098.119028 3185.505804 3290.946208 3370.323554 3479.068887 3615.264491 3783.657562 3900.382238 4094.135015 4196.198528 4241.222465 4272.774919 4330.179632 4358.152085 4393.320029 4390.990080 4405.257459 4416.681790 4422.574862 4427.496801 4432.465210 4442.779640 4452.881941 4463.926132 4461.073999 4452.354148 4431.033628 4404.034702 4382.958418 4372.037818 4362.210318 4375.006385 4387.858164 4381.715456 4374.684019 4361.778233 4345.317820 4332.737805 4318.259199 4314.807145 4314.579894 4315.237015 4312.977394 4310.796138 4298.267990 4285.958137 4276.333384 4272.482703 4266.800340 4263.455446 4253.650668 4243.013673
-9999.0 -9999.0 2901.164207 3002.670816 3099.402337 3212.725295 3289.573973 3283.661742 3413.495895 3512.414078 3620.843688 3735.927262 3837.220318 3908.212606 3939.390194 4003.046264 4063.941020 4083.836320 4129.780416 4190.365585 4227.459835 4270.381752 4295.183311 4304.432238 4317.044270 4332.095582 4339.489938 4323.495882 4312.138373 4294.860664 4270.795921 4243.146342 4229.180995 4229.401908 4227.672589 4228.352785 4220.222632 4211.318687 4196.700913 4183.036104 4170.909725 4162.462968 4158.925003 4152.771188 4150.186287 4147.414368 4145.946488 4141.318738 4133.581844 4129.547067 4121.200146 4117.823071 4117.367686 4114.943001 4109.750938
