tests/Borden05m/data_simulated/sim_1/output-maps/psiliqL0025N0014.asc
ncols         160
nrows         34
xllcorner     620200.000000
yllcorner     5168000.000000
cellsize      0.500000
NODATA_value  -9999.0
[rows 0 to 24 of 34, columns 0 to 54 of 160]
-9999.0 -9999.0 -9999.0 -9999.0 -9999.0 -9999.0 -9999.0 -9999.0 -9999.0 -9999.0 -9999.0 -9999.0 -9999.0 -9999.0 -9999.0 -9999.0 -9999.0 -9999.0 -9999.0 -9999.0 -9999.0 -9999.0 -9999.0 -9999.0 -9999.0 -9999.0 -9999.0 -9999.0 -9999.0 -9999.0 -9999.0 -9999.0 -9999.0 -9999.0 -9999.0 -9999.0 -9999.0 -9999.0 -9999.0 -9999.0 -9999.0 -9999.0 -9999.0 -9999.0 -9999.0 -9999.0 -9999.0 -9999.0 -9999.0 -9999.0 -9999.0 -9999.0 -9999.0 -9999.0 -9999.0
-9999.0 -9999.0 -9999.0 -9999.0 -9999.0 -9999.0 -9999.0 -9999.0 -9999.0 -9999.0 -9999.0 -9999.0 -9999.0 -9999.0 -9999.0 -9999.0 -9999.0 -9999.0 -9999.0 -9999.0 -9999.0 -9999.0 -9999.0 -9999.0 -9999.0 -9999.0 -9999.0 -9999.0 -9999.0 -9999.0 -9999.0 -9999.0 -9999.0 -9999.0 -9999.0 -9999.0 -9999.0 -9999.0 -9999.0 -9999.0 -9999.0 -9999.0 -9999.0 -9999.0 -9999.0 -9999.0 -9999.0 -9999.0 -9999.0 -9999.0 -9999.0 -9999.0 -9999.0 -9999.0 -9999.0
-9999.0 -9999.0 -9999.0 -9999.0 -9999.0 -9999.0 -9999.0 -9999.0 -9999.0 -9999.0 -9999.0 -9999.0 -9999.0 -9999.0 -9999.0 -9999.0 -9999.0 -9999.0 -9999.0 -9999.0 -9999.0 -9999.0 -9999.0 -9999.0 -9999.0 -9999.0 -9999.0 -9999.0 -9999.0 -9999.0 -9999.0 -9999.0 -9999.0 -9999.0 -9999.0 -9999.0 -9999.0 -9999.0 -9999.0 -9999.0 -9999.0 -9999.0 -9999.0 -9999.0 -9999.0 -9999.0 -9999.0 3074.290193 3057.069882 3043.440509 3038.715853 3059.630147 3082.495085 3106.080242 3126.382685
-9999.0 -9999.0 -9999.0 -9999.0 -9999.0 -9999.0 -9999.0 -9999.0 -9999.0 -9999.0 -9999.0 -9999.0 -9999.0 -9999.0 -9999.0 -9999.0 -9999.0 -9999.0 -9999.0 -9999.0 -9999.0 -9999.0 -9999.0 -9999.0 -9999.0 -9999.0 -9999.0 -9999.0 -9999.0 -9999.0 -9999.0 -9999.0 -9999.0 -9999.0 -9999.0 -9999.0 -9999.0 -9999.0 -9999.0 -9999.0 3125.067730 3130.896062 3130.598230 3120.565350 3109.089209 3095.317110 3074.624787 3057.391176 3044.136634 3042.045976 3044.297100 3046.837675 3067.316144 3092.425443 3112.071598
-9999.0 -9999.0 -9999.0 -9999.0 -9999.0 -9999.0 -9999.0 -9999.0 -9999.0 -9999.0 -9999.0 -9999.0 -9999.0 -9999.0 -9999.0 -9999.0 -9999.0 -9999.0 -9999.0 -9999.0 -9999.0 -9999.0 -9999.0 -9999.0 -9999.0 -9999.0 -9999.0 -9999.0 -9999.0 -9999.0 -9999.0 -9999.0 -9999.0 -9999.0 3033.243688 3050.055150 3067.792272 3086.142776 3102.914247 3109.808610 3115.544121 3120.761214 3115.957557 3111.319657 3099.413819 3078.247366 3058.746839 3045.766383 3044.568383 3041.922240 3045.228217 3056.498999 3072.789359 3087.497960 3107.696207
-9999.0 -9999.0 -9999.0 -9999.0 -9999.0 -9999.0 -9999.0 -9999.0 -9999.0 -9999.0 -9999.0 -9999.0 -9999.0 -9999.0 -9999.0 -9999.0 -9999.0 -9999.0 -9999.0 -9999.0 -9999.0 -9999.0 -9999.0 -9999.0 -9999.0 -9999.0 -9999.0 -9999.0 3039.580550 3033.511794 3028.500779 3026.707510 3025.029584 3023.853216 3030.341560 3041.267937 3058.084188 3079.888341 3092.910572 3099.938955 3106.596849 3106.710008 3100.569498 3098.542200 3098.711570 3085.762990 3073.182347 3061.383064 3049.826346 3046.398497 3054.925881 3068.754553 3084.542218 3098.685518 3113.490536
-9999.0 -9999.0 -9999.0 -9999.0 -9999.0 -9999.0 -9999.0 -9999.0 -9999.0 -9999.0 -9999.0 -9999.0 -9999.0 -9999.0 -9999.0 -9999.0 -9999.0 -9999.0 -9999.0 -9999.0 -9999.0 -9999.0 -9999.0 3010.227223 3015.043012 3021.366352 3028.804538 3029.548377 3026.035423 3020.433617 3017.485060 3015.772202 3013.208186 3017.418668 3024.122158 3036.715102 3051.588971 3073.453543 3081.301715 3085.247710 3096.225525 3099.471957 3106.767805 3110.227895 3107.881209 3103.382626 3088.110112 3076.147989 3077.922119 3081.472824 3087.757021 3095.498157 3108.381338 3121.571525 3136.322194
-9999.0 -9999.0 -9999.0 -9999.0 -9999.0 -9999.0 -9999.0 -9999.0 -9999.0 -9999.0 -9999.0 -9999.0 -9999.0 -9999.0 -9999.0 -9999.0 -9999.0 -9999.0 -9999.0 2986.180401 2987.122352 2988.457361 2993.126733 2993.196582 2994.747219 3001.247117 3008.952553 3011.507934 3008.991613 3007.635256 3008.562965 3010.697163 3014.717920 3024.660031 3037.461501 3050.743127 3062.909697 3082.865688 3096.541635 3108.174260 3122.733107 3122.462055 3118.193820 3115.867179 3115.140201 3112.922566 3110.953218 3109.498040 3114.928145 3115.101059 3118.005763 3126.360083 3137.426351 3153.178333 3169.919396
-9999.0 -9999.0 -9999.0 -9999.0 -9999.0 -9999.0 -9999.0 -9999.0 -9999.0 -9999.0 -9999.0 -9999.0 -9999.0 -9999.0 -9999.0 -9999.0 2960.736854 2962.468861 2964.780739 2970.165622 2973.756218 2977.599017 2984.329784 2981.732884 2984.408693 2990.991535 2994.929798 3003.622383 3011.368456 3017.768726 3022.848698 3024.439520 3030.076159 3038.301732 3048.684766 3061.538666 3080.568751 3102.982518 3117.612740 3133.237660 3149.421996 3149.021464 3146.408454 3145.787370 3143.509842 3144.197313 3157.770884 3160.164682 3154.432602 3163.620978 3174.551924 3176.521348 3180.856979 3199.422908 3220.654267
-9999.0 -9999.0 -9999.0 -9999.0 -9999.0 -9999.0 -9999.0 -9999.0 -9999.0 -9999.0 -9999.0 -9999.0 -9999.0 2911.520956 2915.431471 2925.531721 2936.798046 2939.711016 2944.500702 2951.015570 2962.939803 2966.311141 2971.952765 2978.451628 2986.024917 2993.708835 3001.661345 3012.459482 3019.480873 3025.364496 3030.651763 3032.567011 3042.936634 3055.739041 3068.888025 3086.745536 3107.326618 3124.606156 3141.592425 3156.670164 3167.305224 3163.953240 3162.064678 3163.141058 3166.928608 3177.520573 3192.960703 3192.977627 3202.188296 3221.724391 3231.114457 3237.731194 3242.952387 3255.736885 3276.207210
-9999.0 -9999.0 -9999.0 -9999.0 -9999.0 -9999.0 -9999.0 -9999.0 -9999.0 -9999.0 2884.252973 2885.700495 2881.861409 2879.167907 2884.758626 2896.924668 2911.243016 2916.628863 2928.353764 2949.389732 2967.648501 2970.262884 2982.871118 2987.721366 2993.065835 3001.749552 3013.320585 3024.043509 3038.070394 3048.265834 3055.737182 3070.745608 3084.930037 3099.450925 3115.057023 3133.811745 3148.644940 3171.212822 3193.386652 3200.963948 3217.030315 3219.428191 3214.328626 3211.565738 3219.598460 3229.893471 3244.013064 3259.156552 3276.686180 3297.722479 3307.627867 3319.626858 3327.868907 3337.482761 3351.927415
-9999.0 -9999.0 -9999.0 -9999.0 -9999.0 -9999.0 -9999.0 -9999.0 2859.682560 2867.624096 2872.879695 2869.396134 2864.645638 2858.644908 2872.954269 2888.075962 2903.541913 2921.405669 2936.507857 2954.179365 2967.324495 2981.260018 2995.329507 3004.486452 3013.767149 3027.324938 3038.849369 3052.280639 3071.154470 3077.869207 3087.889793 3105.798767 3120.023568 3135.299841 3151.826356 3166.772955 3184.542273 3213.356043 3240.937584 3256.387511 3281.163787 3297.663383 3291.516788 3289.265714 3289.905397 3312.013594 3337.296599 3365.249838 3383.453248 3406.179748 3433.492546 3451.496132 3460.274546 3470.926510 3484.297923
-9999.0 -9999.0 -9999.0 -9999.0 -9999.0 -9999.0 2831.387756 2855.604792 2870.564159 2861.736860 2847.630246 2842.260194 2835.905621 2865.709961 2887.629765 2904.475964 2920.632801 2937.531012 2953.013035 2960.688679 2984.442701 3002.166716 3012.676564 3024.998686 3037.980120 3050.903694 3065.697324 3085.632107 3102.016123 3123.122730 3138.724187 3154.379531 3175.156172 3191.054944 3206.600889 3219.244450 3245.632488 3279.071893 3312.433019 3336.080309 3359.647638 3389.639480 3389.439075 3390.977354 3392.558931 3415.048077 3447.601124 3476.513907 3507.677773 3537.607859 3564.970687 3575.073901 3583.719501 3593.304035 3605.449963
-9999.0 -9999.0 -9999.0 -9999.0 2799.223076 2819.857874 2838.351929 2868.141228 2889.808598 2884.453582 2888.635000 2886.401598 2881.747919 2886.151163 2893.646702 2910.325681 2928.691214 2947.337668 2960.720234 2981.850130 3026.479344 3036.577274 3053.017886 3081.196753 3091.010679 3103.647356 3117.777271 3137.037643 3154.901852 3179.758715 3213.455995 3241.979334 3262.319950 3280.564143 3298.522764 3314.752250 3348.240308 3383.681528 3418.193334 3448.908935 3475.194441 3500.223598 3506.967490 3511.653449 3521.272746 3537.569514 3559.377716 3586.188231 3618.770404 3650.232456 3673.224410 3682.503774 3687.710986 3697.004398 3704.586301
-9999.0 -9999.0 -9999.0 2751.707552 2785.011541 2823.740817 2849.137752 2879.002992 2910.854906 2910.783646 2918.975945 2918.827096 2917.716125 2922.835013 2925.975583 2941.759325 2958.816278 2977.097270 2991.179492 3023.150426 3051.514607 3069.270795 3096.005575 3111.878649 3124.409698 3136.231957 3153.301448 3172.374926 3205.856893 3234.986698 3279.947317 3329.341858 3360.768976 3379.482197 3400.693438 3427.028744 3451.098490 3488.384330 3521.558243 3552.902151 3582.511583 3604.332598 3618.643006 3623.211576 3632.309949 3638.065324 3650.732211 3671.275542 3693.031146 3722.908088 3751.536963 3779.301726 3794.007438 3804.601137 3821.223274
-9999.0 -9999.0 2703.286944 2742.725808 2774.400820 2815.053505 2867.436499 2902.006844 2941.030462 2959.834958 2962.842091 2973.392800 2979.682309 2980.081157 2988.431801 3000.368242 3020.589914 3027.997246 3046.323791 3062.482184 3099.697640 3133.561820 3131.370203 3168.240866 3197.208282 3227.729102 3247.241237 3272.597220 3308.629424 3342.280369 3385.673540 3434.250662 3468.030541 3495.383070 3510.491259 3529.728852 3549.571994 3574.684983 3610.133360 3635.612716 3668.177709 3693.086989 3712.480364 3713.788331 3716.489737 3732.163423 3759.411508 3789.027437 3816.839406 3844.612391 3831.888516 3853.295410 3862.851506 3868.183094 3876.566234
-9999.0 -9999.0 2673.319019 2719.811553 2754.992443 2807.309077 2892.414398 2926.452986 2965.994672 3007.762541 3020.833566 3041.346457 3035.954114 3026.113693 3043.189902 3057.199733 3075.460421 3081.769310 3075.459987 3126.493051 3176.709186 3202.908534 3213.189594 3286.986493 3336.963143 3359.107139 3374.045184 3393.390859 3412.872633 3450.824529 3490.076175 3543.105585 3583.691773 3612.830600 3626.881560 3645.914127 3664.846382 3679.686838 3698.562675 3743.533540 3777.263609 3806.817427 3837.509300 3858.321337 3866.240766 3870.833716 3847.352316 3865.226351 3877.347834 3882.575758 3884.628729 3880.884740 3880.293715 3881.090177 3882.017804
-9999.0 2580.147631 2632.710906 2683.596301 2748.498709 2803.964414 2878.609535 2953.299949 3014.931054 3065.086013 3089.546707 3083.676950 3086.667451 3112.490255 3131.328719 3147.797445 3151.904243 3160.417897 3141.647917 3191.308239 3228.113388 3279.017352 3377.730367 3434.434345 3493.950976 3490.086663 3478.769930 3484.082275 3500.375527 3545.445410 3621.615338 3675.619786 3738.675266 3785.584505 3801.830667 3808.759674 3826.815032 3847.001860 3800.479511 3840.475363 3858.837026 3874.158479 3882.433441 3884.545223 3885.724672 3885.505043 3881.859153 3874.912217 3866.787289 3860.980614 3856.773953 3852.271212 3854.704721 3858.026241 3858.289571
-9999.0 2541.997355 2599.642970 2668.485557 2736.483031 2785.776128 2862.393399 3022.440406 3082.553720 3119.122709 3125.290186 3104.985275 3163.489912 3221.432963 3245.539094 3289.253873 3273.977365 3258.589358 3223.534874 3248.435333 3287.098648 3356.657641 3522.194598 3608.953632 3657.035807 3664.911400 3666.092590 3693.594760 3736.138651 3781.428733 3824.933374 3797.286370 3843.296773 3865.889821 3870.611048 3871.271921 3876.341169 3874.978977 3873.403329 3869.014079 3863.896246 3864.052419 3868.582341 3868.417124 3865.478816 3862.138710 3856.463506 3849.039897 3843.814472 3839.190030 3836.525344 3833.674158 3831.758659 3831.113064 3826.341291
-9999.0 2502.460039 2577.048749 2635.917448 2683.846646 2777.148217 2898.606753 3037.854345 3132.400455 3165.452615 3146.466523 3182.905114 3283.685873 3386.912220 3437.762740 3458.237279 3440.539034 3394.615729 3376.445544 3419.031388 3487.637389 3602.721823 3734.750463 3830.445008 3845.053275 3848.201910 3803.551477 3827.576397 3849.844446 3852.486849 3853.532410 3860.862944 3865.891371 3868.780892 3867.228738 3864.339766 3859.541274 3851.381516 3846.566812 3842.918955 3839.170824 3838.063914 3840.104025 3841.858901 3839.065972 3835.181956 3830.709039 3825.129320 3818.846234 3812.109405 3807.837824 3803.620419 3801.503312 3796.057241 3792.499774
-9999.0 2380.713052 2476.626762 2518.337021 2595.762782 2783.430928 2904.005944 3041.073821 3202.124472 3222.953807 3269.752391 3405.182477 3521.303465 3599.558013 3628.576714 3661.873750 3686.060892 3702.095443 3737.838967 3626.621489 3703.495678 3795.657373 3837.548988 3855.714699 3864.490379 3864.837690 3855.114611 3834.456389 3823.747950 3816.994798 3818.602232 3825.862435 3830.590768 3835.419918 3833.129766 3834.132430 3835.119182 3831.868320 3827.875697 3819.208325 3811.385183 3804.773966 3801.641668 3806.378848 3801.713497 3799.290335 3793.138081 3784.764985 3775.878457 3768.513485 3760.610134 3754.070834 3751.827570 3746.815185 3745.639865
-9999.0 2299.815806 2372.668613 2434.352336 2546.888653 2710.848267 2800.614277 2957.458028 3190.228029 3322.793779 3480.989608 3568.660928 3638.125679 3681.049222 3731.628880 3782.064557 3808.030539 3818.994505 3789.942607 3810.437681 3768.473743 3757.551129 3774.738539 3803.312774 3819.868522 3823.839808 3815.894588 3806.579693 3799.325207 3798.201067 3796.099957 3792.251494 3788.330130 3784.857113 3781.716474 3784.583034 3789.813328 3782.793539 3772.693620 3763.371203 3754.963747 3745.834822 3739.933965 3735.402189 3735.655795 3735.899858 3728.318436 3717.882956 3707.102732 3698.873431 3691.688199 3687.144901 3684.536961 3679.631284 3670.221784
-9999.0 2181.011920 2313.083259 2390.444422 2486.413550 2615.852636 2721.482293 2863.925703 2989.856146 3229.683441 3370.811138 3553.502706 3601.443932 3669.181773 3716.956164 3788.648909 3784.464433 3752.963281 3710.582374 3694.259148 3704.495821 3713.231037 3721.672959 3736.399420 3753.835860 3763.775038 3768.413987 3762.204552 3748.037670 3735.857864 3725.151339 3711.833857 3702.648481 3700.277980 3703.996879 3713.715923 3714.389185 3705.117248 3691.132961 3673.137938 3657.708463 3646.042573 3643.974434 3646.634211 3647.656873 3643.676772 3637.833474 3627.166030 3614.655043 3602.383232 3596.621629 3592.267088 3584.994264 3573.993971 3562.343883
-9999.0 -9999.0 2227.840493 2336.261597 2430.215389 2541.503947 2632.242070 2751.709973 2880.963228 3046.910226 3161.263691 3335.179357 3427.003457 3470.387945 3505.155323 3560.084212 3584.201700 3613.836053 3606.762429 3617.425370 3626.628688 3631.682229 3637.074177 3643.121908 3653.674071 3663.353227 3673.235980 3670.446291 3661.577872 3641.390525 3616.238208 3596.699272 3586.374688 3577.353303 3589.183484 3601.599050 3596.341674 3589.478650 3576.944009 3560.856577 3548.296964 3534.154306 3530.707311 3530.698211 3531.291927 3528.991212 3526.369586 3514.017298 3501.811849 3491.859193 3487.815350 3482.273106 3478.655608 3468.913007 3458.408431
-9999.0 -9999.0 2139.568006 2243.647563 2346.108406 2463.318973 2547.944114 2565.858983 2703.160322 2794.853310 2900.835191 3004.967177 3098.492668 3164.657444 3197.664317 3258.711343 3312.760546 3330.404514 3367.990728 3419.046266 3452.032585 3489.853918 3512.045737 3521.509049 3533.917023 3548.072468 3555.530300 3540.601754 3529.358347 3512.360003 3489.225719 3462.970618 3449.652549 3448.921405 3448.285710 3450.175514 3442.781560 3433.838960 3419.475603 3405.478439 3393.291018 3384.227971 3380.658343 3375.352150 3373.210146 3370.549466 3368.824959 3363.668967 3355.295255 3350.581258 3342.540941 3338.771141 3337.932068 3334.736233 3328.920909
