tests/Borden05m/data_simulated/sim_1/output-maps/psiliqL0015N0009.asc
ncols         160
nrows         34
xllcorner     620200.000000
yllcorner     5168000.000000
cellsize      0.500000
NODATA_value  -9999.0
[rows 0 to 23 of 34, columns 56 to 111 of 160]
-9999.0 -9999.0 -9999.0 -9999.0 -9999.0 -9999.0 -9999.0 -9999.0 -9999.0 -9999.0 -9999.0 -9999.0 -9999.0 -9999.0 -9999.0 -9999.0 -9999.0 -9999.0 -9999.0 -9999.0 -9999.0 -9999.0 -9999.0 -9999.0 -9999.0 -9999.0 -9999.0 -9999.0 -9999.0 -9999.0 -9999.0 -9999.0 -9999.0 -9999.0 -9999.0 -9999.0 -9999.0 -9999.0 -9999.0 -9999.0 -9999.0 -9999.0 -9999.0 -9999.0 -9999.0 -9999.0 -9999.0 -9999.0 -9999.0 -9999.0 -9999.0 -9999.0 -9999.0 -9999.0 -9999.0 -9999.0
-9999.0 -9999.0 -9999.0 1233.425734 1228.100515 1223.188579 1218.673896 1210.190488 1201.364648 1193.482000 1189.923540 1189.425194 1189.082174 1189.101367 1194.719458 1203.143850 1211.176259 1218.672013 1221.453682 1224.246078 1226.792713 1227.607903 1226.754967 1223.875146 1220.902943 1217.799847 1216.509903 1208.760635 1197.607622 1189.026937 1186.390825 1190.840370 1195.320905 1197.807238 1203.504087 1214.080273 1224.689077 1233.002774 1244.694723 1250.331379 1255.062487 1257.503337 1252.922498 1248.914145 1244.604541 1238.946556 1227.659980 -9999.0 -9999.0 -9999.0 -9999.0 -9999.0 -9999.0 -9999.0 -9999.0 -9999.0
1197.302735 1217.758768 1221.188893 1209.819414 1205.043498 1202.063303 1200.421185 1196.035125 1187.821641 1183.027348 1178.078144 1176.571298 1177.097269 1177.603496 1182.094433 1192.764387 1201.108589 1206.225347 1209.133598 1212.151751 1212.047428 1211.867300 1211.938675 1209.414970 1206.315577 1203.226836 1201.679962 1202.478756 1195.066095 1189.643803 1186.253423 1184.456825 1187.036238 1189.468152 1192.999766 1202.347604 1210.319097 1218.240410 1232.391816 1244.564586 1249.438439 1246.422409 1240.936671 1236.555527 1229.186443 1218.529064 1207.893594 1198.317653 1191.028515 1184.942826 1178.477125 1183.858956 1189.978282 1199.125923 1208.095124 1219.598099
1182.743876 1203.298841 1206.435104 1196.052174 1188.190098 1183.270407 1183.935730 1187.088814 1184.094572 1179.939514 1175.048216 1184.298832 1186.058412 1187.631631 1191.366556 1194.698517 1198.519608 1201.602197 1207.343995 1216.730024 1219.871792 1220.805632 1221.334701 1219.858822 1217.066592 1215.543616 1213.050709 1208.068751 1207.041100 1207.357250 1207.031401 1211.908173 1213.429121 1215.335868 1208.816359 1212.426281 1218.503765 1225.167036 1231.270463 1237.498914 1240.786786 1236.948603 1235.633712 1226.519655 1211.987567 1200.354548 1191.395221 1189.244182 1185.405987 1176.787187 1163.139728 1169.621334 1184.452375 1188.316782 1190.839888 1201.814199
1179.299267 1191.396402 1194.810598 1190.284596 1192.218818 1194.322186 1196.271753 1195.181736 1192.659880 1190.891690 1203.652968 1213.477717 1215.806434 1219.213119 1223.402068 1223.465563 1212.150527 1210.192942 1218.711068 1229.363290 1235.512716 1236.204905 1236.544667 1234.663664 1234.003102 1233.966478 1232.110237 1232.890754 1235.349343 1235.073972 1239.516087 1245.177252 1248.157043 1240.780803 1231.764302 1232.755241 1240.499439 1248.614925 1255.709284 1265.888359 1276.584422 1275.064656 1268.793652 1258.941974 1244.573485 1220.327199 1200.174200 1188.371074 1180.145284 1171.961112 1171.429388 1167.162832 1177.854400 1178.618854 1179.692462 1186.967912
1186.403386 1208.081711 1216.336029 1211.085313 1206.879557 1204.989651 1206.350493 1206.988993 1210.267884 1222.807276 1236.923955 1251.587890 1254.938323 1258.043039 1258.068448 1249.742331 1239.935977 1236.730718 1251.645943 1268.367134 1277.120744 1278.181536 1277.494033 1284.288789 1283.548258 1282.496998 1278.147063 1280.242474 1281.345907 1290.715747 1298.425841 1305.668929 1303.948011 1291.914569 1280.345012 1278.964665 1282.011499 1285.650095 1291.781265 1301.569912 1310.582348 1304.741213 1296.900124 1286.143332 1256.793228 1229.140175 1211.483509 1210.455861 1209.467667 1203.423864 1199.220243 1195.139344 1187.449295 1185.946350 1184.041401 1182.490546
1237.129001 1258.003900 1274.237301 1269.327751 1262.215977 1253.129988 1254.429325 1257.834765 1266.353384 1279.754160 1297.338360 1321.828948 1325.097806 1328.706573 1331.525242 1320.647263 1308.652816 1298.064055 1316.839214 1327.722990 1336.855695 1338.728848 1348.562749 1358.806325 1354.896092 1347.568516 1337.440489 1343.912433 1355.160553 1370.356985 1377.366280 1381.442037 1379.779800 1368.346942 1362.446582 1361.294851 1363.926455 1361.825849 1366.613668 1376.171444 1390.459951 1388.856168 1379.421043 1355.850277 1317.411442 1282.255924 1261.421001 1266.213066 1257.988531 1249.760466 1245.077386 1230.155167 1218.435536 1217.445646 1206.787727 1199.569959
1286.331280 1305.464287 1324.582662 1320.385954 1310.945392 1298.260358 1298.332680 1306.247927 1317.208898 1336.878676 1359.983521 1384.296553 1392.361174 1395.171605 1405.456590 1399.484946 1390.296192 1382.472355 1395.331906 1407.737765 1420.080774 1430.157533 1443.611449 1455.586057 1445.634816 1433.467224 1427.989835 1433.684723 1454.253639 1472.208203 1477.314665 1478.325766 1480.665547 1470.897402 1464.542515 1458.284451 1453.809776 1448.345326 1444.350157 1462.933237 1479.228652 1476.647700 1452.269048 1426.753726 1388.309837 1348.829202 1316.058992 1315.572272 1310.993128 1308.802000 1292.881743 1276.396030 1259.724525 1249.635084 1239.384520 1224.421214
1377.665306 1399.142450 1421.665331 1422.565762 1406.405878 1398.627133 1404.047020 1417.618130 1425.719033 1442.325517 1466.378000 1498.219773 1519.340144 1538.242396 1543.205809 1535.471123 1526.840367 1514.141735 1513.515476 1532.063006 1544.872169 1556.147872 1567.367904 1580.417008 1585.768446 1583.099491 1582.800020 1586.359927 1594.343380 1604.004250 1610.676929 1615.710181 1620.811059 1615.921196 1605.508606 1599.811290 1591.641786 1585.702558 1583.270257 1586.595692 1598.090436 1594.732020 1565.881415 1537.198950 1502.926445 1463.971230 1431.246159 1413.635905 1419.407270 1407.648315 1387.868359 1367.929361 1332.743703 1316.247044 1299.616396 1269.705432
1483.489094 1512.114012 1527.658901 1541.529988 1536.736453 1538.991226 1543.950222 1552.181622 1557.709245 1566.133059 1599.205284 1634.532982 1663.865478 1688.444030 1697.339173 1687.195417 1677.709734 1665.851916 1656.984966 1662.692848 1678.172179 1695.707332 1711.911778 1723.697231 1727.633258 1726.853335 1727.461399 1729.819865 1732.900503 1736.081442 1742.453081 1749.670957 1759.431779 1769.954099 1763.597017 1747.062816 1735.388148 1722.518920 1718.075295 1716.641916 1714.987801 1713.938703 1703.572447 1669.208098 1638.680658 1605.133549 1576.171625 1554.650238 1540.857806 1519.528175 1494.869186 1446.610865 1405.329692 1369.441714 1341.898712 1313.092853
1603.728590 1635.399335 1659.568657 1675.614611 1678.844099 1682.206197 1685.499193 1691.815057 1697.311065 1704.430302 1728.066348 1766.311996 1803.930990 1834.048506 1837.676258 1827.949219 1817.666138 1807.748033 1796.965293 1794.087313 1803.213938 1815.570634 1832.766400 1844.474408 1853.962520 1853.292308 1854.013100 1854.878464 1857.056353 1858.947972 1861.149906 1868.502097 1880.730450 1892.400548 1893.229630 1879.292711 1862.435599 1845.532302 1839.103470 1833.377847 1827.085324 1826.536332 1826.091312 1815.997530 1788.669118 1751.089566 1707.916973 1681.699488 1659.851423 1645.213062 1627.245263 1597.730907 1542.882474 1509.500041 1472.595740 1438.252261
1723.290580 1753.737144 1785.110782 1804.229262 1812.117473 1813.018762 1815.261340 1823.191490 1829.448742 1839.302832 1856.196623 1881.417981 1911.323607 1938.411031 1955.327488 1951.089755 1937.913742 1920.205336 1914.572673 1913.434842 1916.139737 1923.615029 1932.788918 1949.154032 1965.800002 1971.641740 1972.724809 1970.480044 1972.766004 1974.051771 1974.185863 1975.559795 1980.895562 1988.381834 1991.101088 1985.946526 1969.376744 1949.020198 1935.293147 1926.823394 1921.946496 1919.590195 1920.407870 1919.360804 1905.964728 1875.229368 1835.638043 1802.030020 1779.977392 1763.000692 1747.669019 1734.732827 1711.726477 1691.710350 1658.757776 1613.597589
1829.717785 1856.483182 1884.172448 1908.824691 1925.721733 1929.842560 1935.591677 1940.836433 1950.508526 1966.139516 1985.967592 2000.882808 2018.661930 2040.602843 2053.610872 2059.150791 2059.143055 2057.480559 2059.237613 2059.587559 2027.938018 2031.753045 2035.553561 2044.653365 2054.193841 2057.657743 2058.286977 2057.201733 2058.567263 2059.096635 2059.291218 2059.034945 2059.487173 2062.181610 2063.266248 2062.097018 2054.619951 2060.132316 2042.830838 2030.603506 2022.658048 2014.327910 2005.153683 1994.855828 1984.354569 1966.787169 1938.796700 1904.979697 1878.098578 1866.098351 1858.193654 1849.782035 1842.768229 1825.880850 1803.080846 1770.860367
1936.642765 1953.481118 1974.556254 2003.371864 2023.431057 2034.349096 2043.179305 2048.059529 2060.479136 2074.174733 2067.467448 2071.943598 2076.476912 2080.868690 2082.275306 2082.516786 2082.071313 2079.597011 2078.980961 2077.100081 2072.689434 2063.221060 2064.888786 2066.706197 2069.518251 2073.352309 2072.318547 2073.443345 2076.491899 2075.086551 2069.675941 2066.160999 2064.735028 2065.440871 2072.732014 2076.059802 2077.015310 2075.774839 2075.140968 2074.585517 2072.658785 2070.157992 2066.632417 2062.118473 2066.602956 2055.731665 2031.452486 1997.172817 1961.089386 1947.668224 1943.527594 1942.684187 1938.811345 1931.619367 1912.451369 1884.765451
2054.165183 2067.864729 2062.478639 2074.645488 2081.031116 2084.090978 2086.909669 2089.197417 2090.378635 2086.937049 2083.316917 2078.359783 2076.735840 2075.048605 2072.199056 2072.282853 2069.778141 2065.317396 2061.258496 2054.265685 2043.275534 2031.937990 2029.284075 2033.955561 2039.264201 2043.916389 2047.464211 2050.955250 2051.986317 2047.321684 2039.638153 2032.749216 2031.086922 2037.774768 2043.580151 2049.270230 2050.290536 2049.284299 2047.599201 2048.090676 2045.847199 2046.522852 2053.108393 2066.389956 2071.535980 2074.376255 2073.585317 2064.500013 2048.296308 2043.411988 2023.439993 2026.527233 2021.127815 2008.995218 1987.557055 1963.403542
2084.311243 2083.908200 2082.506103 2076.686704 2070.881466 2069.941498 2073.383805 2079.599088 2080.144072 2072.492331 2063.524948 2055.901232 2048.398684 2045.496127 2043.512691 2042.016251 2041.229416 2035.107632 2026.387458 2010.400819 1998.551259 1987.218592 1981.190414 1979.090875 1983.952815 1994.035282 2004.018770 2008.753110 2001.838995 1994.485081 1983.974684 1976.223400 1976.743603 1979.095299 1988.414787 2002.994638 2008.413884 2009.629040 2004.992148 2000.915748 1995.690006 1994.235742 2001.531372 2016.819685 2032.505251 2046.592485 2054.998471 2062.335379 2068.704717 2071.293883 2072.442172 2072.825673 2071.204985 2070.090399 2054.163250 2032.681340
2072.315250 2065.676547 2060.408026 2053.485555 2047.323235 2044.852928 2046.251088 2047.911029 2043.329385 2035.522999 2024.264608 2012.330058 2001.621416 1994.101108 1993.641758 1994.458091 1994.168809 1986.531841 1971.215229 1953.349736 1939.642984 1925.679615 1921.673689 1916.777584 1912.195954 1922.690753 1940.062831 1946.443515 1932.827872 1923.093701 1909.131465 1902.248855 1899.353983 1901.107689 1910.737247 1931.214671 1951.625994 1953.661272 1944.732864 1936.102440 1932.497348 1930.990695 1938.137785 1956.729905 1977.442000 1993.089469 2003.455962 2009.662115 2018.171609 2027.980358 2040.737133 2054.175802 2065.291811 2072.935426 2077.516960 2075.119992
2046.709606 2038.527342 2030.277311 2022.438124 2015.194354 2009.711046 2006.230934 2001.875766 1994.352465 1985.747556 1968.741996 1955.181520 1941.775010 1926.624687 1921.651905 1916.834120 1916.849073 1904.416784 1893.642516 1874.993611 1859.303749 1843.615319 1832.677734 1826.979702 1821.129962 1824.230981 1839.160971 1848.017296 1835.692168 1825.787173 1813.744184 1808.255458 1805.325000 1807.723333 1818.400099 1840.346312 1859.405245 1867.353976 1860.630975 1857.540032 1857.146001 1857.508351 1864.807407 1879.842727 1900.441912 1922.689331 1940.331256 1950.877693 1959.474999 1970.313026 1985.477385 1999.999308 2014.359313 2031.725417 2052.247620 2067.088303
2011.201627 2000.514987 1989.934646 1978.278519 1966.290082 1958.461806 1958.156639 1949.877318 1941.797689 1923.206948 1873.765627 1853.547641 1833.905910 1816.895153 1809.255845 1799.884829 1788.550331 1778.066753 1770.792420 1765.079315 1749.575370 1732.043673 1715.607115 1710.510707 1706.520855 1695.874525 1698.596580 1701.167346 1707.848041 1701.006297 1696.446491 1695.458532 1693.357199 1696.574394 1710.449009 1721.920456 1731.696285 1738.831534 1739.878212 1748.840915 1757.069969 1764.225389 1782.132329 1796.845441 1815.682676 1838.523767 1864.112482 1879.437146 1890.555810 1902.849784 1919.656108 1937.280446 1955.628704 1978.640096 2003.932550 2020.381255
1964.973527 1949.996614 1934.601091 1920.369739 1905.930708 1890.311349 1889.166665 1883.749059 1872.731839 1826.646420 1782.793477 1748.212016 1728.397353 1704.225697 1690.452506 1676.150952 1645.385361 1628.908950 1623.002042 1629.398246 1620.754386 1604.015644 1590.428732 1582.032291 1574.792913 1560.891632 1549.858941 1554.852801 1568.468292 1565.432512 1565.153036 1570.366235 1569.285082 1565.618503 1569.773830 1584.137113 1592.325307 1603.310891 1617.293958 1623.319083 1635.979364 1665.972940 1681.864731 1699.409090 1721.478429 1745.369773 1770.317786 1793.384402 1809.051987 1825.870016 1846.487078 1865.007264 1887.131523 1911.633351 1941.411374 1962.445668
1894.410472 1873.359069 1854.986384 1835.322270 1811.114364 1788.405840 1783.484464 1774.141216 1750.352459 1700.686212 1659.335689 1628.905784 1604.784760 1579.030500 1557.205692 1525.847035 1491.979705 1470.032517 1476.725806 1484.130631 1487.002414 1473.478736 1461.162222 1451.145100 1436.426038 1420.819208 1408.208249 1417.332038 1425.912544 1436.825299 1441.298302 1445.278741 1448.924140 1448.149861 1442.769812 1446.142969 1455.455153 1466.554514 1478.562341 1495.474286 1528.112828 1554.948711 1574.979464 1598.288435 1620.986915 1646.400742 1673.102504 1697.921701 1717.167949 1738.410788 1760.153693 1783.497216 1806.159399 1832.551543 1863.314864 1889.736019
1812.360746 1784.307115 1759.672166 1729.732467 1686.939524 1669.531892 1658.033794 1640.531361 1599.435458 1555.149436 1521.597532 1498.270706 1472.015734 1447.159359 1418.152156 1384.830984 1358.236301 1336.963906 1343.639788 1350.750589 1363.682057 1352.381321 1342.203778 1336.729119 1321.813230 1308.102061 1293.259724 1300.525872 1310.993183 1329.715205 1334.442137 1338.258617 1346.063770 1345.461542 1342.984382 1332.650814 1341.507897 1352.818442 1367.744199 1397.369150 1423.255217 1448.976429 1472.753847 1495.534781 1520.679658 1547.360306 1574.594509 1603.633076 1626.428214 1648.782701 1673.541826 1696.712148 1717.123950 1739.851638 1768.245472 1793.331975
1699.505135 1675.933918 1649.573884 1609.430597 1563.491630 1525.453098 1504.421590 1460.897739 1424.889812 1391.691323 1376.372888 1357.571545 1333.614900 1311.046371 1288.758668 1262.489840 1239.669929 1214.515164 1217.911682 1230.581511 1244.854403 1240.613265 1237.995636 1235.147896 1224.359083 1210.761575 1197.228476 1200.903321 1216.569687 1233.757607 1241.972362 1249.070825 1256.936966 1257.322098 1250.293474 1242.058619 1248.143593 1263.284712 1280.387334 1301.770036 1325.274085 1348.811653 1371.483972 1396.544853 1422.573193 1449.203477 1477.918970 1508.042483 1531.966565 1559.147099 1587.185227 1609.487546 1624.339744 1640.307836 1666.576150 1687.822652
1587.373464 1561.426699 1532.499172 1489.453849 1445.776461 1401.503786 1358.490543 1323.394136 1291.002983 1274.337234 1254.626225 1236.265487 1217.534549 1195.399754 1175.549637 1156.658370 1133.926644 1117.337111 1122.507780 1135.176573 1145.261471 1148.785279 1145.852505 1142.868590 1135.762301 1122.007430 1113.450558 1122.321364 1137.685071 1152.352139 1163.022730 1169.990894 1176.092167 1173.648872 1165.630453 1161.018977 1169.690841 1185.880521 1201.282413 1219.035483 1241.542683 1264.087537 1287.520647 1312.172981 1336.954242 1364.325753 1392.678962 1421.738586 1450.988410 1477.574856 1502.225224 1516.476876 1531.052688 1540.393320 1558.976408 1580.447911
