tests/Borden05m/data_simulated/sim_1/output-maps/psiliqL0007N0014.asc
ncols         160
nrows         34
xllcorner     620200.000000
yllcorner     5168000.000000
cellsize      0.500000
NODATA_value  -9999.0
[rows 0 to 24 of 34, columns 0 to 56 of 160]
-9999.0 -9999.0 -9999.0 -9999.0 -9999.0 -9999.0 -9999.0 -9999.0 -9999.0 -9999.0 -9999.0 -9999.0 -9999.0 -9999.0 -9999.0 -9999.0 -9999.0 -9999.0 -9999.0 -9999.0 -9999.0 -9999.0 -9999.0 -9999.0 -9999.0 -9999.0 -9999.0 -9999.0 -9999.0 -9999.0 -9999.0 -9999.0 -9999.0 -9999.0 -9999.0 -9999.0 -9999.0 -9999.0 -9999.0 -9999.0 -9999.0 -9999.0 -9999.0 -9999.0 -9999.0 -9999.0 -9999.0 -9999.0 -9999.0 -9999.0 -9999.0 -9999.0 -9999.0 -9999.0 -9999.0 -9999.0 -9999.0
-9999.0 -9999.0 -9999.0 -9999.0 -9999.0 -9999.0 -9999.0 -9999.0 -9999.0 -9999.0 -9999.0 -9999.0 -9999.0 -9999.0 -9999.0 -9999.0 -9999.0 -9999.0 -9999.0 -9999.0 -9999.0 -9999.0 -9999.0 -9999.0 -9999.0 -9999.0 -9999.0 -9999.0 -9999.0 -9999.0 -9999.0 -9999.0 -9999.0 -9999.0 -9999.0 -9999.0 -9999.0 -9999.0 -9999.0 -9999.0 -9999.0 -9999.0 -9999.0 -9999.0 -9999.0 -9999.0 -9999.0 -9999.0 -9999.0 -9999.0 -9999.0 -9999.0 -9999.0 -9999.0 -9999.0 -9999.0 -9999.0
-9999.0 -9999.0 -9999.0 -9999.0 -9999.0 -9999.0 -9999.0 -9999.0 -9999.0 -9999.0 -9999.0 -9999.0 -9999.0 -9999.0 -9999.0 -9999.0 -9999.0 -9999.0 -9999.0 -9999.0 -9999.0 -9999.0 -9999.0 -9999.0 -9999.0 -9999.0 -9999.0 -9999.0 -9999.0 -9999.0 -9999.0 -9999.0 -9999.0 -9999.0 -9999.0 -9999.0 -9999.0 -9999.0 -9999.0 -9999.0 -9999.0 -9999.0 -9999.0 -9999.0 -9999.0 -9999.0 -9999.0 -520.167925 -537.833195 -555.047477 -556.661287 -533.828150 -510.705043 -487.354984 -467.181925 -448.764175 -429.932209
-9999.0 -9999.0 -9999.0 -9999.0 -9999.0 -9999.0 -9999.0 -9999.0 -9999.0 -9999.0 -9999.0 -9999.0 -9999.0 -9999.0 -9999.0 -9999.0 -9999.0 -9999.0 -9999.0 -9999.0 -9999.0 -9999.0 -9999.0 -9999.0 -9999.0 -9999.0 -9999.0 -9999.0 -9999.0 -9999.0 -9999.0 -9999.0 -9999.0 -9999.0 -9999.0 -9999.0 -9999.0 -9999.0 -9999.0 -9999.0 -472.562892 -466.801222 -465.169300 -476.328699 -487.859141 -499.696094 -519.690831 -537.749249 -553.758874 -556.942929 -554.594438 -548.833440 -525.777453 -501.940516 -482.864476 -465.645585 -446.782300
-9999.0 -9999.0 -9999.0 -9999.0 -9999.0 -9999.0 -9999.0 -9999.0 -9999.0 -9999.0 -9999.0 -9999.0 -9999.0 -9999.0 -9999.0 -9999.0 -9999.0 -9999.0 -9999.0 -9999.0 -9999.0 -9999.0 -9999.0 -9999.0 -9999.0 -9999.0 -9999.0 -9999.0 -9999.0 -9999.0 -9999.0 -9999.0 -9999.0 -9999.0 -563.827718 -546.297944 -528.411139 -510.422445 -494.160053 -487.848195 -482.086437 -476.387229 -480.573174 -485.696971 -497.263202 -515.882410 -535.919991 -550.613158 -553.696090 -556.644668 -552.471962 -539.471279 -523.143498 -506.944552 -486.358379 -463.745897 -454.953880
-9999.0 -9999.0 -9999.0 -9999.0 -9999.0 -9999.0 -9999.0 -9999.0 -9999.0 -9999.0 -9999.0 -9999.0 -9999.0 -9999.0 -9999.0 -9999.0 -9999.0 -9999.0 -9999.0 -9999.0 -9999.0 -9999.0 -9999.0 -9999.0 -9999.0 -9999.0 -9999.0 -9999.0 -558.415370 -564.528443 -570.023871 -571.851920 -573.483270 -575.046336 -568.276979 -556.028567 -537.844027 -516.743458 -504.367459 -497.578498 -491.396545 -490.852379 -495.887869 -498.472095 -498.673959 -510.617804 -522.548466 -533.760274 -544.558539 -545.942898 -536.674183 -523.285586 -507.765797 -493.488084 -478.693392 -465.399178 -450.679364
-9999.0 -9999.0 -9999.0 -9999.0 -9999.0 -9999.0 -9999.0 -9999.0 -9999.0 -9999.0 -9999.0 -9999.0 -9999.0 -9999.0 -9999.0 -9999.0 -9999.0 -9999.0 -9999.0 -9999.0 -9999.0 -9999.0 -9999.0 -586.906932 -580.859596 -574.618531 -567.590739 -567.022672 -571.697967 -577.740859 -581.350702 -583.335106 -585.237784 -581.253249 -573.038074 -559.581615 -543.945301 -522.783912 -514.573789 -508.102434 -495.916116 -494.261302 -490.233025 -486.674003 -488.960909 -491.926555 -504.033970 -513.021322 -507.315663 -501.353229 -495.501100 -488.655437 -476.235545 -460.889341 -443.275548 -422.602957 -400.780147
-9999.0 -9999.0 -9999.0 -9999.0 -9999.0 -9999.0 -9999.0 -9999.0 -9999.0 -9999.0 -9999.0 -9999.0 -9999.0 -9999.0 -9999.0 -9999.0 -9999.0 -9999.0 -9999.0 -611.235604 -610.625787 -609.949255 -605.686491 -604.884409 -602.864983 -596.129271 -588.302857 -586.670657 -588.557196 -590.702868 -589.567609 -587.336891 -583.643772 -572.439221 -558.931584 -545.164812 -531.293887 -510.849205 -496.508461 -482.837206 -467.021751 -469.122197 -474.247626 -477.053342 -477.139268 -476.831116 -470.486722 -466.770023 -461.518367 -455.561380 -448.624121 -440.204529 -429.950073 -411.417723 -390.685150 -369.475656 -348.777650
-9999.0 -9999.0 -9999.0 -9999.0 -9999.0 -9999.0 -9999.0 -9999.0 -9999.0 -9999.0 -9999.0 -9999.0 -9999.0 -9999.0 -9999.0 -9999.0 -639.036504 -637.383718 -635.602878 -630.559985 -628.519883 -624.920826 -618.436631 -617.806731 -614.279442 -607.568512 -602.926133 -594.908166 -587.568438 -580.646133 -575.168052 -572.942622 -565.547575 -556.271053 -544.745262 -529.326418 -507.663449 -485.521913 -469.662103 -453.466718 -437.148320 -437.444727 -439.214560 -438.632486 -438.102898 -429.805512 -411.230963 -404.795376 -400.564127 -380.428761 -365.433689 -359.550993 -351.942115 -333.166258 -307.515406 -276.807926 -238.604245
-9999.0 -9999.0 -9999.0 -9999.0 -9999.0 -9999.0 -9999.0 -9999.0 -9999.0 -9999.0 -9999.0 -9999.0 -9999.0 -682.398561 -678.427065 -669.662147 -662.145517 -660.355700 -656.941126 -651.765045 -640.015030 -636.957268 -631.156412 -623.926849 -613.108419 -605.090303 -596.279878 -584.955945 -576.910737 -570.166337 -563.463450 -556.984982 -543.471519 -528.343185 -512.664519 -492.707727 -471.582970 -450.636481 -429.536868 -414.803409 -400.464804 -396.647845 -399.028490 -397.761756 -389.209864 -369.745820 -349.073655 -333.930823 -308.815962 -281.525351 -263.556250 -247.144161 -235.306263 -219.659029 -193.339438 -145.961226 -96.493655
-9999.0 -9999.0 -9999.0 -9999.0 -9999.0 -9999.0 -9999.0 -9999.0 -9999.0 -9999.0 -717.835024 -715.302032 -718.977241 -718.138112 -713.970086 -702.559110 -689.959662 -683.359059 -672.719779 -652.775959 -636.321208 -633.323554 -618.850398 -609.460549 -603.446883 -593.158008 -580.458856 -567.806554 -550.726732 -538.416771 -525.859100 -505.159354 -489.078838 -473.147675 -455.902569 -436.563173 -415.142587 -383.897933 -355.364697 -339.632604 -313.116493 -296.370899 -299.140800 -298.539768 -289.510891 -267.654313 -236.948353 -201.082139 -168.744258 -131.584326 -101.638050 -81.200556 -66.237167 -49.811126 -30.567292 3.027228 41.758453
-9999.0 -9999.0 -9999.0 -9999.0 -9999.0 -9999.0 -9999.0 -9999.0 -741.395950 -734.907445 -728.759036 -732.051003 -737.127675 -740.457226 -728.049759 -712.686958 -697.255878 -680.937687 -665.530216 -648.331734 -633.129349 -616.912065 -598.262748 -586.903822 -575.466633 -560.791790 -547.534678 -529.773763 -508.804598 -493.945862 -474.574790 -452.734681 -433.021119 -414.908710 -396.269756 -377.117762 -345.927186 -307.942195 -270.184656 -238.409750 -202.785453 -169.702202 -165.838536 -159.649457 -150.678201 -114.637090 -72.990565 -34.077011 -1.801224 27.994924 57.400251 74.252399 85.442735 98.876574 115.180091 131.101111 154.338514
-9999.0 -9999.0 -9999.0 -9999.0 -9999.0 -9999.0 -766.368545 -742.558755 -728.176052 -736.182387 -744.029741 -747.497953 -751.079441 -733.438634 -712.754530 -696.557443 -680.506904 -663.855196 -648.227326 -633.555367 -598.423319 -583.009687 -568.386675 -548.579138 -535.208769 -521.784290 -504.831680 -481.374386 -457.916879 -423.996680 -392.012335 -362.691460 -333.829814 -311.495569 -289.891857 -265.746350 -225.862829 -176.717161 -126.513918 -83.977544 -47.732770 -13.605475 -1.207464 6.171546 15.314281 34.017204 64.025894 94.346579 128.094292 159.449378 183.218439 194.203159 204.382816 215.908765 230.166922 244.668265 259.737464
-9999.0 -9999.0 -9999.0 -9999.0 -799.320398 -778.620777 -758.175502 -727.611470 -705.337972 -711.182983 -704.004029 -703.633445 -705.079894 -703.385014 -698.505673 -681.220756 -664.356570 -647.400093 -628.961981 -590.747334 -550.055618 -533.542895 -506.412213 -474.342019 -460.470816 -445.858913 -430.535967 -406.733582 -374.766694 -335.832893 -281.932102 -232.578940 -196.892163 -164.906269 -135.533869 -102.170038 -60.000979 -16.176299 22.554863 57.793798 88.794375 113.971565 129.568912 137.955362 148.866447 162.635309 181.209426 206.935852 236.229736 268.789116 293.517398 307.405380 316.108442 326.167366 339.500934 355.844464 373.761135
-9999.0 -9999.0 -9999.0 -845.162417 -807.030569 -770.814058 -743.482533 -712.868876 -681.828938 -675.312659 -667.584316 -661.034851 -654.250853 -645.603670 -635.573310 -619.977948 -607.027545 -595.772165 -575.573955 -539.103539 -502.645701 -467.212882 -433.715672 -400.458879 -375.091806 -357.789642 -339.562555 -311.744647 -265.264174 -214.152560 -146.677075 -76.688478 -30.037516 -1.025934 20.261829 46.295813 70.893523 104.739969 137.472352 168.074331 198.561767 224.215970 246.509131 255.669853 263.616035 271.852198 288.291635 309.370604 332.273965 364.908439 391.795282 409.130160 423.141532 429.347731 447.060776 462.994631 475.368794
-9999.0 -9999.0 -891.069360 -854.645131 -819.178827 -767.294544 -715.266964 -682.480639 -642.051618 -616.765574 -609.778630 -590.882555 -573.827992 -565.278794 -548.083503 -530.749787 -518.846497 -516.696368 -505.391074 -468.098999 -411.543748 -357.300983 -315.697380 -249.748547 -208.706593 -180.577603 -162.463300 -129.206616 -85.750520 -32.214624 20.326032 70.245081 109.822570 140.481852 154.735360 171.308974 194.045746 216.601336 246.389974 273.595145 302.671577 329.748982 357.333696 369.214264 374.346824 387.798277 407.250588 428.763029 449.735569 470.268335 484.299082 486.970425 488.992791 489.889365 492.452872 494.266865 495.308610
-9999.0 -9999.0 -915.379516 -871.885199 -828.413756 -757.297389 -683.251499 -645.756526 -602.884330 -559.158368 -540.130584 -516.749946 -495.969818 -475.639673 -451.185198 -426.134713 -422.826489 -420.641551 -421.067025 -363.411181 -296.771890 -215.380633 -121.063463 -48.862719 -4.920570 6.924831 15.397316 34.512492 60.813696 105.018701 155.081285 205.567104 247.783385 276.079470 290.270888 305.235402 325.744217 348.954531 365.710318 394.447045 417.571454 439.136064 463.683378 482.501721 489.507267 490.576044 487.836609 490.542093 492.438642 493.442022 492.913192 489.298049 487.890318 488.991008 490.562458 486.251415 480.055619
-9999.0 -1000.725889 -949.115438 -894.625958 -823.525980 -753.491911 -666.403361 -585.205820 -536.955361 -495.949758 -467.498584 -445.248639 -384.967878 -329.973183 -298.636940 -264.819256 -266.922362 -269.670580 -276.470902 -225.903220 -152.014083 -43.918756 73.558455 130.417753 165.348562 171.160405 168.890416 183.226788 208.601987 247.192335 305.384177 350.651145 393.384762 424.112962 434.663465 438.343525 453.025826 471.151293 480.910192 487.768383 491.672751 494.696657 493.147456 494.249649 494.832203 494.614740 491.066747 484.604944 476.555248 469.826143 463.044048 457.120134 456.316365 461.608671 463.654308 457.188728 449.018576
-9999.0 -1034.162815 -973.611273 -900.647321 -828.184969 -747.864334 -632.478656 -507.345471 -462.434380 -428.192785 -394.699079 -337.451256 -235.891287 -151.983426 -103.716999 -58.961807 -60.216743 -71.034754 -70.263666 -31.121120 27.245720 105.413320 225.513689 306.615050 325.903701 339.392844 348.550807 370.720669 398.844021 424.344530 446.721815 465.580563 475.295638 479.415158 480.941964 481.644083 482.726457 483.320594 480.660776 477.417862 473.488253 474.066510 478.042088 477.999993 475.245034 471.453796 463.781103 454.457501 446.879110 438.285190 428.751191 422.146757 418.457071 419.065855 415.468998 409.733172 400.266141
-9999.0 -1056.372116 -987.943413 -921.469678 -844.695509 -716.117326 -595.228616 -468.275233 -379.259423 -337.267385 -273.526393 -161.652110 -52.785674 30.178321 74.875587 98.345355 110.049659 105.677713 124.374349 172.478099 241.178053 323.518159 382.838936 441.559546 453.867359 457.152395 452.971008 456.750288 460.413815 461.898279 463.438584 464.174961 469.883007 472.745467 471.705862 468.302403 461.946168 453.450709 448.162862 445.111481 441.902360 441.944716 444.947873 445.428171 442.247966 435.794762 424.078285 414.273621 405.499814 395.804033 388.115135 381.659535 377.957910 373.179462 368.406522 362.411400 349.647886
-9999.0 -1139.037630 -1056.694119 -992.315862 -850.827622 -688.626694 -566.137843 -411.038524 -271.748621 -204.101053 -87.050888 18.606438 104.960542 162.029683 200.169160 239.612762 266.633261 293.129792 328.169065 346.219580 404.448360 442.829114 455.745068 462.246612 458.546456 459.366424 450.415499 431.226676 421.117078 414.940349 417.100174 424.284657 431.303816 437.399845 434.907089 432.542680 424.522868 417.448576 412.658157 404.545902 397.158326 392.080711 391.112667 396.196272 390.297710 384.595181 375.003852 364.598784 354.258208 344.641022 335.274139 327.161718 323.289182 317.275393 315.660658 308.524651 283.369760
-9999.0 -1219.651906 -1140.080238 -1030.549352 -874.257454 -711.561264 -560.121041 -385.285600 -176.077628 -51.248520 47.295277 98.113899 160.167319 220.432535 279.113472 313.107144 331.472039 339.413589 345.631541 356.793305 347.467986 359.873124 381.292821 405.741080 415.187374 416.339272 399.632030 384.889842 377.019720 376.035966 375.530254 375.709646 375.861509 374.529268 370.673647 369.852959 369.904678 362.107650 353.731993 346.240272 339.716237 332.255008 327.146666 324.284295 321.668472 319.997978 311.124320 299.707698 288.500906 279.623686 270.986636 264.277891 261.610977 256.908237 250.682252 240.358770 214.668802
-9999.0 -1302.627326 -1189.760991 -1083.575928 -943.055036 -801.889544 -661.765670 -490.396196 -316.907195 -78.860953 90.992184 132.472501 158.336689 198.562643 254.759643 307.822699 313.566479 286.321771 264.336933 256.666721 266.642359 284.703086 303.605526 325.891342 341.580082 348.224080 344.229995 333.576298 319.676590 312.101101 308.064829 300.717957 295.154085 294.507403 292.567419 296.493774 297.743796 287.703564 275.288769 261.012446 248.661729 239.502403 236.446885 236.945340 236.126058 232.584173 225.006831 214.740545 202.522653 191.428483 183.166699 177.294304 171.179714 162.864683 153.584874 143.233764 119.402226
-9999.0 -9999.0 -1257.261031 -1144.431917 -1025.892077 -895.260676 -762.921319 -603.558914 -444.119482 -233.699633 -91.694579 2.045452 53.695570 93.925233 143.960742 187.962858 196.990931 206.341639 184.932503 187.768131 195.741472 204.990692 217.911327 231.886311 244.795620 252.546792 256.301842 253.386346 244.060875 229.504811 213.120398 200.666992 192.929352 187.187752 193.869637 203.195823 200.824336 194.008773 182.895488 168.548156 156.528966 144.412623 141.116214 141.802878 141.605491 138.553134 133.358541 121.160885 108.589623 96.040827 89.760171 83.478869 77.346252 66.596670 55.243557 42.206341 18.903267
-9999.0 -9999.0 -1338.333848 -1226.035210 -1102.519144 -974.974894 -863.975686 -748.014008 -586.667747 -460.597095 -350.877294 -251.614287 -163.806482 -96.775861 -50.877436 -0.679604 24.003049 35.031640 41.644181 57.947083 79.630059 100.696323 115.421003 128.203809 140.479668 150.603968 158.223483 148.477935 138.490816 123.532810 104.729340 84.135677 72.845458 67.161892 70.495793 76.725355 71.679043 61.817095 47.900938 31.848993 19.002493 7.075359 3.071026 1.010813 0.181156 -2.683361 -6.481246 -16.647451 -30.059366 -40.575844 -50.049708 -58.292068 -63.620199 -74.006098 -87.666120 -99.725541 -126.431467
