tests/Borden05m/data_simulated/sim_1/output-maps/psiliqL0004N0002.asc
ncols         160
nrows         34
xllcorner     620200.000000
yllcorner     5168000.000000
cellsize      0.500000
NODATA_value  -9999.0
[rows 0 to 24 of 34, columns 56 to 111 of 160]
-9999.0 -9999.0 -9999.0 -9999.0 -9999.0 -9999.0 -9999.0 -9999.0 -9999.0 -9999.0 -9999.0 -9999.0 -9999.0 -9999.0 -9999.0 -9999.0 -9999.0 -9999.0 -9999.0 -9999.0 -9999.0 -9999.0 -9999.0 -9999.0 -9999.0 -9999.0 -9999.0 -9999.0 -9999.0 -9999.0 -9999.0 -9999.0 -9999.0 -9999.0 -9999.0 -9999.0 -9999.0 -9999.0 -9999.0 -9999.0 -9999.0 -9999.0 -9999.0 -9999.0 -9999.0 -9999.0 -9999.0 -9999.0 -9999.0 -9999.0 -9999.0 -9999.0 -9999.0 -9999.0 -9999.0 -9999.0
-9999.0 -9999.0 -9999.0 -785.735795 -791.405370 -797.057315 -802.396968 -811.834644 -821.297893 -830.346707 -834.517422 -835.607452 -836.694222 -837.253381 -832.059081 -824.346347 -816.919527 -809.789496 -807.580260 -805.270917 -802.970587 -802.487582 -803.912726 -807.254986 -810.607545 -814.088391 -815.547803 -824.138355 -835.721536 -844.870045 -847.688371 -843.117845 -838.548445 -835.984859 -829.641740 -818.579244 -807.503968 -798.817715 -787.123301 -781.796204 -776.500489 -772.905504 -776.639419 -779.889299 -783.152982 -787.248491 -798.036917 -9999.0 -9999.0 -9999.0 -9999.0 -9999.0 -9999.0 -9999.0 -9999.0 -9999.0
-823.077734 -804.161446 -801.008850 -811.670680 -816.518271 -820.056991 -822.591464 -828.170605 -837.306138 -843.041629 -848.794500 -850.563325 -850.839080 -850.994401 -846.906486 -837.382784 -829.536954 -824.870596 -822.656095 -820.415088 -820.120512 -820.671005 -821.203469 -824.205418 -827.699014 -831.180380 -833.019741 -833.302512 -840.981346 -846.225717 -849.409945 -850.310800 -847.920636 -845.658479 -842.900757 -833.066790 -824.579945 -816.093297 -802.066253 -789.813790 -784.499771 -786.570541 -791.332506 -794.591209 -800.321620 -809.486959 -819.703331 -830.426886 -837.587725 -842.661761 -847.312990 -840.957921 -834.581445 -823.846538 -813.129496 -800.893497
-840.165122 -820.861699 -818.249405 -829.463440 -838.298844 -842.483582 -842.828754 -841.247729 -845.408086 -850.433077 -854.224174 -847.184682 -846.219361 -845.241718 -842.267571 -838.749667 -837.148284 -834.456612 -829.341928 -820.596260 -818.200490 -817.852227 -817.871910 -819.797509 -822.985103 -824.819124 -827.661189 -832.933869 -833.738687 -833.209927 -832.964399 -827.539581 -826.068671 -824.982774 -832.246444 -829.041843 -822.662436 -815.662365 -808.223296 -800.874509 -795.574220 -798.305799 -799.470440 -807.237663 -820.476534 -831.706850 -840.211698 -842.925354 -845.726594 -852.948245 -864.431161 -857.469705 -841.716178 -836.765059 -832.564499 -820.213235
-849.205478 -837.557234 -834.928676 -840.407828 -840.079273 -839.081448 -837.936658 -839.931148 -843.259749 -844.507907 -831.517516 -822.230062 -820.899993 -818.276696 -815.307158 -817.186756 -830.026583 -832.972190 -824.410841 -814.034287 -808.231285 -808.342377 -808.561768 -809.891300 -811.043295 -811.739037 -814.371411 -813.057161 -810.355846 -809.169332 -803.740210 -798.127836 -795.501285 -804.732786 -814.051861 -813.827047 -806.232209 -798.389687 -790.884318 -779.522977 -767.335003 -768.519401 -773.995969 -782.345839 -795.548018 -818.524257 -838.300899 -848.211948 -853.998886 -860.354410 -861.417794 -862.699584 -852.332508 -850.153271 -848.239449 -839.066345
-845.835202 -825.163848 -817.023555 -823.693903 -830.287653 -834.679548 -834.596045 -834.549480 -830.917888 -817.275760 -803.554978 -788.290712 -786.139145 -783.982308 -784.487047 -794.910324 -805.388562 -810.182771 -794.973507 -779.687735 -771.708309 -770.864807 -769.777399 -760.968092 -763.652935 -767.092208 -773.213270 -770.658885 -767.101910 -754.783096 -747.545043 -741.238969 -743.335511 -754.890568 -765.443995 -767.578969 -766.169649 -764.833830 -759.061645 -748.265755 -737.490813 -741.825728 -749.022583 -759.227478 -788.031967 -816.210616 -833.003830 -831.500575 -830.450681 -834.438789 -837.191417 -840.841343 -848.625020 -848.669857 -848.734269 -848.891610
-798.529736 -780.466663 -764.402282 -771.076612 -780.519709 -792.716369 -792.906475 -789.381026 -781.240562 -768.140583 -749.426228 -725.736731 -722.225326 -718.485626 -714.012480 -724.583840 -736.598408 -748.841754 -734.387109 -725.370878 -716.448965 -712.625970 -700.443213 -690.381331 -695.953731 -705.320236 -714.661373 -708.325983 -693.635111 -679.157926 -673.570324 -670.899964 -669.947154 -678.978212 -683.754044 -686.874336 -687.119465 -691.433140 -689.094504 -677.301384 -661.388685 -660.231257 -671.301497 -693.480922 -727.990850 -763.080232 -786.159001 -782.331607 -788.084159 -793.313543 -797.639273 -811.741580 -823.406799 -823.619148 -832.926085 -839.053230
-753.565229 -736.335458 -719.076078 -722.860634 -735.102952 -747.516033 -747.647621 -739.541837 -731.300751 -713.408681 -689.662899 -665.519861 -652.979564 -645.080064 -636.726643 -643.479043 -652.255468 -661.371507 -657.626947 -645.099351 -633.262805 -621.764961 -609.831390 -598.262362 -603.768268 -612.711487 -614.749924 -611.202226 -596.003212 -582.761147 -577.907882 -575.402348 -570.357162 -574.963803 -582.448343 -590.942715 -599.276297 -606.581799 -611.420328 -597.238313 -583.120647 -584.309758 -606.705401 -629.018128 -660.004409 -694.429798 -728.349613 -734.769629 -734.378971 -735.600364 -751.010796 -766.211485 -786.088774 -797.831903 -806.553322 -821.963434
-664.749126 -644.398735 -626.556422 -621.417532 -635.677260 -639.894805 -635.583778 -625.616937 -621.278846 -610.366152 -584.214231 -551.068928 -525.593749 -502.358912 -498.921672 -509.591567 -519.728681 -534.426240 -541.936216 -530.013138 -518.382509 -506.551244 -494.293057 -481.654497 -472.273231 -472.235940 -472.049502 -469.791215 -467.150806 -461.744409 -454.436038 -446.127556 -436.221446 -431.688721 -441.714302 -453.392965 -466.200674 -477.476831 -480.826098 -483.474585 -477.146283 -476.843649 -494.982681 -520.395144 -547.691383 -580.401742 -609.233356 -630.145108 -629.140685 -642.425652 -658.388275 -679.998760 -716.817455 -737.030268 -753.980652 -784.377177
-574.599926 -548.288802 -533.680301 -518.899313 -519.464953 -517.446360 -515.593830 -510.990041 -506.742110 -499.805308 -466.755593 -425.096153 -378.319000 -330.736499 -310.048025 -332.641036 -354.972472 -376.575099 -394.032674 -396.047610 -377.300714 -348.292756 -310.758020 -276.594496 -258.196860 -259.193641 -257.127202 -251.883511 -239.498638 -225.958664 -189.125668 -119.587915 -82.975946 -65.648389 -72.387228 -107.744721 -200.603541 -284.993719 -310.797212 -319.864506 -331.085286 -330.867371 -331.853515 -374.300014 -412.293243 -451.021879 -487.392181 -511.017066 -530.296580 -546.972543 -564.289761 -602.218486 -639.540891 -671.955341 -700.175603 -728.457853
-470.184780 -437.400711 -402.084454 -377.409955 -367.409889 -364.854783 -360.706639 -349.250468 -336.433108 -312.145124 -226.480022 -101.041930 -46.992064 -16.285699 -11.684552 -20.467139 -30.600021 -40.801200 -49.191527 -52.206465 -46.838082 -36.961968 -20.842837 -6.900710 5.113456 5.580933 6.759623 8.429617 13.641343 21.147403 33.747632 55.537373 71.706560 75.546808 75.390463 64.910843 32.552548 1.347718 -12.031559 -19.918540 -25.549398 -25.714827 -25.866732 -30.767466 -58.288631 -119.146839 -308.525574 -381.632778 -417.324001 -433.388689 -447.988001 -461.659444 -501.346975 -522.352749 -551.539882 -585.800837
-308.472812 -164.358731 -79.228710 -48.460246 -38.319762 -38.326939 -36.894835 -30.911020 -23.522257 -8.110853 21.250130 56.246846 76.307427 83.553007 88.343301 87.112191 84.278096 79.856195 79.567793 79.618364 79.966425 81.619376 83.006985 86.946811 90.970354 92.154761 92.306262 91.695416 92.848373 93.901010 95.190696 96.706343 98.259782 99.845040 100.194429 99.038444 93.905438 87.693843 83.420589 81.511585 80.877356 80.431174 80.816334 80.409451 76.603434 53.524215 -1.233921 -43.743451 -76.186736 -126.137075 -226.848072 -269.575250 -296.904257 -331.962182 -379.135888 -433.228406
-14.851832 29.074047 63.846046 77.450308 81.787308 82.019162 83.164249 83.505113 86.082508 90.690561 96.485059 100.515428 103.995802 108.250666 110.822020 115.518447 117.290571 118.610153 120.817232 121.128120 119.679084 120.422802 120.873274 120.694897 122.972049 123.361224 123.054930 123.385216 123.724868 124.358814 124.859804 125.059135 123.685646 123.666012 123.426077 123.513350 121.394700 115.733599 109.210278 106.859212 105.702986 104.198378 102.079758 99.659948 97.626095 94.149805 86.787314 77.992872 65.446227 48.283112 23.219073 5.911405 -5.368273 -23.263018 -48.091511 -94.717167
85.158333 90.292152 96.043986 102.040077 105.283785 106.957890 108.401128 108.901654 114.126268 123.116722 124.852150 124.406894 124.440213 123.407665 123.251173 122.772765 123.243666 121.068734 121.793600 121.069532 116.610467 109.486500 110.381182 111.193919 113.121990 115.992463 114.329920 114.931843 117.819515 116.952256 112.745201 110.382050 109.862281 109.633397 114.989809 117.347647 118.021423 118.832252 119.224374 119.973601 120.571730 120.902095 120.894430 120.555652 116.887311 112.147819 107.511903 101.366957 93.998124 89.936466 87.358425 87.019509 85.544657 84.273567 79.001996 64.202153
111.519429 119.052836 127.505185 127.314491 126.483052 126.088799 126.536968 128.315610 126.871769 124.098850 120.334439 116.617667 115.962286 114.887493 112.742389 113.393299 111.845777 109.437290 109.217391 108.783540 106.800695 104.090187 104.010271 105.508449 106.324091 106.694449 106.679370 107.383464 108.393851 107.650175 106.284628 104.971793 104.478389 106.259044 107.083803 107.683264 107.507347 107.087132 106.911646 107.754071 107.471799 107.708823 108.986947 112.240504 118.009519 117.719136 118.297110 119.049374 120.052637 110.469663 104.614829 106.130713 105.061459 102.611616 98.356608 93.917997
119.794258 119.835512 117.934192 113.215680 109.557757 109.265843 110.993820 117.044458 118.422981 112.919810 109.233639 107.999996 106.725591 106.691413 106.276123 106.026363 106.417522 105.462334 104.996723 102.258272 100.581206 98.476649 97.092148 96.613325 97.823322 99.366693 100.591616 101.565913 100.353483 99.511297 97.962198 96.560441 97.114591 97.373427 98.845441 101.387514 101.094155 101.433713 100.685718 100.619185 99.540053 99.240763 100.622364 103.361508 105.851522 108.246488 109.527081 111.286258 114.352748 121.308016 121.454449 120.787370 120.327711 117.183232 110.571165 106.657210
109.988583 108.741255 108.233801 106.975448 105.815524 105.656097 106.559600 107.838923 107.133087 105.668654 103.595807 101.451652 99.420770 98.481309 99.018859 99.767430 100.223610 99.609961 96.940348 93.447085 89.702921 84.610459 83.146748 81.294285 79.494402 81.794571 85.841202 87.329668 83.711223 82.071485 78.912696 77.521707 77.050035 77.252627 79.338208 84.156586 89.216766 89.550938 87.251408 85.546857 85.324308 85.552627 88.776445 94.080094 97.964447 100.058792 101.355086 102.025351 103.666336 105.511836 107.525787 109.860838 111.859878 119.762907 119.747030 119.970446
106.407659 105.513588 104.607699 103.853084 103.165965 102.510385 101.903000 101.519266 99.950082 98.479272 96.190753 92.014854 87.757224 83.180441 82.239149 81.430613 82.581790 79.635777 77.122049 67.449091 40.085239 6.091444 -12.458389 -22.080591 -29.594341 -25.088633 -10.619596 -1.553645 -15.576121 -25.177184 -37.426178 -43.081041 -45.724783 -44.004858 -33.661453 -9.359139 12.071312 21.393000 14.415958 11.001746 12.823852 20.662081 45.682671 68.344587 77.028710 83.031394 88.123979 91.928410 94.131623 96.033903 98.687362 100.819754 102.702277 105.426683 108.959972 111.899376
102.547880 101.272260 100.008522 98.219676 96.163900 95.209639 95.892694 93.439583 90.496734 84.680877 57.550071 27.039750 -8.543356 -30.715213 -38.247481 -45.718415 -49.441980 -57.276337 -65.568597 -89.369237 -168.909249 -276.647810 -324.350899 -337.794787 -346.826172 -352.467852 -329.098577 -317.325646 -326.202702 -346.112408 -364.829225 -374.590197 -379.707872 -372.267785 -344.055542 -306.621791 -263.784604 -242.273376 -263.031927 -253.851580 -240.776825 -233.542516 -121.973034 -70.898041 -42.908876 -13.211572 27.108588 60.635611 73.378865 77.527282 82.461217 88.139359 92.739330 97.206182 101.627328 103.840124
96.804475 93.991071 89.361460 84.738129 80.800830 77.030837 77.090268 73.857994 56.441580 -9.544080 -79.312959 -190.355005 -297.427094 -348.461815 -365.329792 -376.697994 -403.861050 -419.510791 -430.433978 -430.991833 -446.677756 -466.476029 -482.224668 -489.154154 -493.762744 -503.797941 -506.666934 -502.271196 -493.136576 -501.174230 -506.018245 -504.200022 -507.053260 -509.072435 -499.022676 -483.024230 -473.547316 -465.007648 -458.272389 -456.049594 -453.041880 -430.355436 -414.849236 -395.237023 -361.282766 -309.446958 -206.028636 -92.580401 -56.411854 -33.240914 -3.324384 36.196785 68.438636 79.270030 88.319492 93.826070
76.457845 64.175954 32.478320 -4.391325 -30.491318 -53.152340 -58.615450 -75.752281 -129.672151 -324.061648 -405.638440 -447.469605 -469.913570 -493.220500 -506.572511 -525.490592 -552.671992 -569.589453 -567.846428 -561.152364 -564.853832 -578.881261 -591.336120 -600.516187 -610.846149 -624.446348 -632.710600 -625.283201 -616.868052 -614.555638 -613.169563 -609.962665 -609.691430 -611.187856 -612.851374 -603.003470 -595.138762 -586.241889 -578.608767 -571.933847 -548.658133 -527.015312 -513.175475 -494.846826 -475.595242 -452.492514 -426.230106 -400.642068 -378.168412 -344.121161 -288.665117 -150.531178 -69.563176 -24.244004 25.381724 66.336492
-37.309092 -81.832883 -178.162452 -301.989066 -375.168530 -397.254119 -405.805324 -412.693950 -446.583431 -490.974748 -531.006965 -556.896872 -578.466306 -599.871391 -621.829514 -647.920979 -673.632088 -690.788367 -684.141448 -677.517919 -669.739921 -681.956805 -694.093542 -700.813544 -714.238038 -727.591161 -740.320521 -731.922034 -723.381433 -709.995282 -707.259888 -704.648554 -699.572454 -701.403815 -703.356007 -708.416607 -700.067587 -691.631405 -680.743887 -657.882414 -635.026428 -613.337993 -595.637368 -578.099913 -558.420900 -536.710200 -514.732617 -492.090865 -474.717994 -456.698878 -434.366536 -409.365128 -377.962000 -326.458566 -203.469420 -88.839062
-363.460644 -402.412219 -432.323426 -466.380120 -508.184728 -534.514778 -540.060997 -565.759987 -594.258499 -632.287932 -654.117333 -672.017742 -693.217060 -713.032386 -732.430004 -757.838469 -780.152879 -801.603318 -797.319817 -785.698853 -772.592124 -781.207892 -786.355338 -789.644220 -801.182901 -814.334380 -827.434677 -823.757890 -809.822708 -793.952229 -788.342140 -782.740579 -775.767524 -775.924025 -781.823292 -790.034810 -784.892554 -772.900860 -758.440964 -737.568050 -716.410081 -696.248351 -678.249754 -658.268561 -637.183278 -615.824181 -592.757051 -569.046914 -552.430641 -531.446672 -509.013013 -489.504513 -476.626947 -459.282920 -429.685452 -403.934891
-484.242418 -507.444825 -530.184133 -565.809759 -604.391729 -642.812399 -672.329770 -701.008127 -729.536381 -749.235311 -766.995035 -784.690991 -802.454961 -821.645034 -840.738311 -860.059706 -881.007970 -901.659056 -896.478588 -882.930412 -869.514668 -868.390325 -871.373571 -874.368399 -882.489499 -895.693998 -908.644945 -900.987076 -885.678670 -870.423262 -861.294980 -854.990647 -848.718521 -851.566561 -859.637200 -867.553175 -860.312207 -845.779848 -831.311995 -813.923857 -793.506657 -773.097774 -753.135349 -732.309427 -711.483867 -688.585680 -665.071142 -641.513106 -619.055241 -597.442202 -575.943629 -565.331938 -554.525547 -544.448679 -527.210437 -509.411405
-589.751940 -611.948773 -636.008045 -667.151274 -704.680516 -734.924162 -764.322728 -792.853326 -821.366737 -844.201558 -861.860844 -871.943503 -886.323619 -905.431657 -918.986952 -935.612957 -956.269338 -959.059032 -954.602754 -941.182241 -937.817371 -937.061304 -940.059299 -941.176712 -946.471836 -959.431953 -955.068442 -947.017232 -931.767047 -920.712257 -911.647851 -905.376421 -901.178407 -902.256273 -910.209796 -908.429484 -901.202987 -886.731127 -875.188894 -860.012156 -839.605261 -822.800439 -804.061401 -783.217832 -761.809431 -739.226517 -715.477917 -690.032737 -666.983005 -647.814060 -638.152809 -627.739364 -620.583427 -624.274788 -609.979467 -595.569386
