tests/Borden05m/data_simulated/sim_1/output-maps/psiliqL0021N0019.asc
ncols         160
nrows         34
xllcorner     620200.000000
yllcorner     5168000.000000
cellsize      0.500000
NODATA_value  -9999.0
[rows 0 to 24 of 34, columns 0 to 54 of 160]
-9999.0 -9999.0 -9999.0 -9999.0 -9999.0 -9999.0 -9999.0 -9999.0 -9999.0 -9999.0 -9999.0 -9999.0 -9999.0 -9999.0 -9999.0 -9999.0 -9999.0 -9999.0 -9999.0 -9999.0 -9999.0 -9999.0 -9999.0 -9999.0 -9999.0 -9999.0 -9999.0 -9999.0 -9999.0 -9999.0 -9999.0 -9999.0 -9999.0 -9999.0 -9999.0 -9999.0 -9999.0 -9999.0 -9999.0 -9999.0 -9999.0 -9999.0 -9999.0 -9999.0 -9999.0 -9999.0 -9999.0 -9999.0 -9999.0 -9999.0 -9999.0 -9999.0 -9999.0 -9999.0 -9999.0
-9999.0 -9999.0 -9999.0 -9999.0 -9999.0 -9999.0 -9999.0 -9999.0 -9999.0 -9999.0 -9999.0 -9999.0 -9999.0 -9999.0 -9999.0 -9999.0 -9999.0 -9999.0 -9999.0 -9999.0 -9999.0 -9999.0 -9999.0 -9999.0 -9999.0 -9999.0 -9999.0 -9999.0 -9999.0 -9999.0 -9999.0 -9999.0 -9999.0 -9999.0 -9999.0 -9999.0 -9999.0 -9999.0 -9999.0 -9999.0 -9999.0 -9999.0 -9999.0 -9999.0 -9999.0 -9999.0 -9999.0 -9999.0 -9999.0 -9999.0 -9999.0 -9999.0 -9999.0 -9999.0 -9999.0
-9999.0 -9999.0 -9999.0 -9999.0 -9999.0 -9999.0 -9999.0 -9999.0 -9999.0 -9999.0 -9999.0 -9999.0 -9999.0 -9999.0 -9999.0 -9999.0 -9999.0 -9999.0 -9999.0 -9999.0 -9999.0 -9999.0 -9999.0 -9999.0 -9999.0 -9999.0 -9999.0 -9999.0 -9999.0 -9999.0 -9999.0 -9999.0 -9999.0 -9999.0 -9999.0 -9999.0 -9999.0 -9999.0 -9999.0 -9999.0 -9999.0 -9999.0 -9999.0 -9999.0 -9999.0 -9999.0 -9999.0 2305.012776 2288.040619 2274.179247 2270.830181 2292.909501 2316.620333 2340.959467 2362.022662
-9999.0 -9999.0 -9999.0 -9999.0 -9999.0 -9999.0 -9999.0 -9999.0 -9999.0 -9999.0 -9999.0 -9999.0 -9999.0 -9999.0 -9999.0 -9999.0 -9999.0 -9999.0 -9999.0 -9999.0 -9999.0 -9999.0 -9999.0 -9999.0 -9999.0 -9999.0 -9999.0 -9999.0 -9999.0 -9999.0 -9999.0 -9999.0 -9999.0 -9999.0 -9999.0 -9999.0 -9999.0 -9999.0 -9999.0 -9999.0 2352.832676 2358.971681 2359.615651 2349.952702 2339.107902 2326.365735 2306.301434 2289.038833 2275.630208 2273.926994 2276.945261 2281.019008 2302.909476 2328.590701 2348.953333
-9999.0 -9999.0 -9999.0 -9999.0 -9999.0 -9999.0 -9999.0 -9999.0 -9999.0 -9999.0 -9999.0 -9999.0 -9999.0 -9999.0 -9999.0 -9999.0 -9999.0 -9999.0 -9999.0 -9999.0 -9999.0 -9999.0 -9999.0 -9999.0 -9999.0 -9999.0 -9999.0 -9999.0 -9999.0 -9999.0 -9999.0 -9999.0 -9999.0 -9999.0 2258.677316 2276.078502 2294.489273 2313.481172 2330.847606 2338.205902 2344.234806 2350.050803 2346.015452 2341.971501 2330.872754 2310.994383 2292.043264 2279.277876 2278.340683 2276.415511 2280.778390 2293.343946 2310.581024 2326.572394 2347.779762
-9999.0 -9999.0 -9999.0 -9999.0 -9999.0 -9999.0 -9999.0 -9999.0 -9999.0 -9999.0 -9999.0 -9999.0 -9999.0 -9999.0 -9999.0 -9999.0 -9999.0 -9999.0 -9999.0 -9999.0 -9999.0 -9999.0 -9999.0 -9999.0 -9999.0 -9999.0 -9999.0 -9999.0 2261.072848 2255.505883 2251.147566 2250.223252 2249.459158 2249.024186 2256.151403 2268.059578 2285.966397 2308.448834 2322.166963 2329.929513 2337.183011 2338.147140 2333.071829 2331.774251 2332.726665 2320.879704 2309.317396 2298.524195 2288.059096 2286.059789 2295.764597 2310.535524 2327.314624 2342.550530 2358.378850
-9999.0 -9999.0 -9999.0 -9999.0 -9999.0 -9999.0 -9999.0 -9999.0 -9999.0 -9999.0 -9999.0 -9999.0 -9999.0 -9999.0 -9999.0 -9999.0 -9999.0 -9999.0 -9999.0 -9999.0 -9999.0 -9999.0 -9999.0 2229.003511 2234.551443 2241.547690 2249.693809 2251.209723 2248.120684 2243.207907 2241.027302 2240.255657 2238.874824 2244.043425 2252.027499 2265.779405 2281.829101 2304.561494 2313.528776 2319.055111 2331.286158 2335.190362 2342.790082 2347.313519 2346.027240 2342.913277 2329.419690 2319.217967 2322.982020 2328.221925 2335.590928 2344.314536 2358.243507 2373.075679 2389.569818
-9999.0 -9999.0 -9999.0 -9999.0 -9999.0 -9999.0 -9999.0 -9999.0 -9999.0 -9999.0 -9999.0 -9999.0 -9999.0 -9999.0 -9999.0 -9999.0 -9999.0 -9999.0 -9999.0 2202.962663 2204.245285 2206.033505 2211.263895 2212.205311 2214.578692 2221.974931 2230.641003 2233.972211 2232.586710 2232.110790 2234.220737 2237.580771 2242.771602 2254.239308 2268.434179 2283.068350 2296.866738 2318.178330 2333.249451 2346.580916 2362.651837 2363.242296 2360.061502 2358.892071 2359.535849 2359.062590 2360.151825 2361.106689 2367.776385 2370.519630 2375.620442 2385.277140 2397.427874 2415.035854 2433.920271
-9999.0 -9999.0 -9999.0 -9999.0 -9999.0 -9999.0 -9999.0 -9999.0 -9999.0 -9999.0 -9999.0 -9999.0 -9999.0 -9999.0 -9999.0 -9999.0 2173.216885 2175.292418 2177.983610 2183.817157 2187.615292 2192.041245 2199.477837 2201.371857 2205.477082 2213.170080 2218.419942 2228.172804 2237.088315 2244.929685 2251.496207 2254.691602 2262.218579 2272.201634 2284.369099 2299.311392 2320.415240 2344.231638 2360.569570 2377.775560 2395.436659 2396.548580 2395.623302 2396.738091 2396.481858 2400.166917 2416.121978 2420.720430 2418.464108 2431.272475 2444.354266 2448.625127 2456.920643 2476.998107 2500.204473
-9999.0 -9999.0 -9999.0 -9999.0 -9999.0 -9999.0 -9999.0 -9999.0 -9999.0 -9999.0 -9999.0 -9999.0 -9999.0 2123.972076 2128.293462 2138.650644 2149.654684 2152.915404 2158.058938 2164.973306 2177.608611 2181.734613 2188.317756 2196.208855 2209.177008 2218.431631 2227.996439 2240.391120 2249.186209 2256.878920 2264.168141 2268.837528 2281.675098 2296.801012 2312.328899 2332.427581 2354.821078 2374.549296 2394.047540 2410.665040 2423.683870 2423.503382 2423.172361 2425.937997 2432.423894 2448.140729 2466.154414 2470.569603 2484.014736 2505.878565 2517.884609 2527.549003 2535.434773 2549.659648 2571.356172
-9999.0 -9999.0 -9999.0 -9999.0 -9999.0 -9999.0 -9999.0 -9999.0 -9999.0 -9999.0 2093.336596 2095.434593 2092.228649 2090.971103 2096.898531 2109.612468 2124.309030 2130.772278 2143.113742 2164.810975 2183.645808 2187.417420 2201.844225 2212.764080 2220.156443 2230.855294 2244.382710 2257.300921 2273.828649 2286.392499 2296.963123 2315.233696 2331.854643 2348.758973 2366.797527 2387.658352 2405.801149 2432.073790 2458.967726 2470.188076 2489.976406 2496.821014 2493.922718 2493.619263 2503.392034 2517.321928 2535.354714 2554.573826 2574.253566 2597.895945 2611.681291 2625.574102 2635.958760 2647.824902 2663.984226
-9999.0 -9999.0 -9999.0 -9999.0 -9999.0 -9999.0 -9999.0 -9999.0 2067.976843 2076.016824 2082.075472 2079.285944 2075.211238 2070.622334 2085.370524 2101.464330 2117.895775 2136.442721 2152.701674 2171.445549 2186.460878 2202.386043 2223.080393 2234.900284 2246.569497 2262.315057 2276.220193 2292.651588 2314.064069 2324.710279 2338.991006 2359.949744 2377.584039 2395.696701 2414.879252 2432.898557 2457.188448 2489.575364 2520.620423 2540.392676 2567.659011 2587.520589 2584.764051 2585.734122 2589.208309 2613.987976 2641.955223 2671.899030 2695.579847 2721.457792 2750.534128 2768.150214 2778.623086 2791.238754 2806.613243
-9999.0 -9999.0 -9999.0 -9999.0 -9999.0 -9999.0 2039.305871 2063.855682 2079.323190 2071.358065 2059.423304 2055.337449 2050.548559 2078.667389 2101.394498 2119.244986 2136.591094 2154.716032 2171.622484 2182.642589 2214.794107 2234.175923 2247.843139 2263.933365 2279.158629 2294.402699 2311.924406 2334.887297 2355.042382 2381.179247 2402.528665 2423.336213 2449.699704 2469.225695 2488.095906 2504.882471 2535.039565 2571.257061 2607.429915 2634.537485 2660.804176 2694.218851 2698.619507 2703.302700 2708.400639 2731.574970 2764.694984 2793.814240 2827.209593 2859.204813 2887.312377 2835.308792 2840.876927 2851.015851 2863.652974
-9999.0 -9999.0 -9999.0 -9999.0 2005.901820 2026.919449 2046.441301 2077.052389 2099.631761 2095.056203 2100.892065 2100.326086 2097.575135 2102.644684 2110.901790 2129.121791 2148.637200 2168.502315 2185.056726 2216.528725 2262.908247 2276.742117 2297.828457 2329.092836 2342.106763 2357.530971 2374.273257 2396.780108 2419.933961 2451.527996 2491.193320 2525.136298 2549.758956 2571.607773 2592.885526 2613.315316 2648.859769 2688.540793 2725.889517 2759.356662 2787.176466 2814.162515 2824.791888 2832.244642 2844.128212 2861.720693 2884.305748 2846.791988 2874.953395 2906.463964 2929.956975 2935.694567 2941.504183 2951.221963 2959.794492
-9999.0 -9999.0 -9999.0 1953.650039 1992.696166 2031.731918 2058.251861 2089.105543 2121.741837 2124.246162 2133.566848 2136.259495 2138.477665 2145.946363 2152.248112 2169.686782 2187.630814 2206.439253 2229.127274 2265.027866 2297.660251 2321.676723 2352.027416 2373.679637 2391.034668 2406.173188 2425.573514 2448.477718 2488.053544 2522.747408 2571.549284 2624.403613 2659.889494 2684.738807 2708.924096 2737.817394 2764.089092 2801.878619 2837.379782 2870.740291 2840.378194 2859.620212 2875.485565 2881.254712 2890.576877 2897.458068 2911.256414 2926.889375 2948.246191 2977.578049 3004.919395 3001.329591 3013.306243 3023.188941 3039.140392
-9999.0 -9999.0 1905.638793 1944.501447 1977.230358 2025.753208 2079.071621 2114.255361 2154.780942 2176.459575 2181.881665 2196.041284 2209.865429 2214.498263 2227.167853 2242.738401 2263.692406 2272.664946 2292.461866 2315.898236 2359.597185 2399.467312 2407.763782 2453.083661 2485.574722 2516.706984 2537.135983 2564.992195 2603.079648 2641.876587 2690.980235 2742.417571 2779.370431 2810.753278 2828.952704 2850.544199 2873.169362 2837.185911 2868.285837 2894.645331 2921.732254 2946.612707 2966.785846 2970.163490 2973.731363 2989.363198 3014.338821 3011.874831 3035.892238 3061.569010 3054.641087 3070.092642 3077.752230 3082.121596 3088.937088
-9999.0 -9999.0 1876.928716 1922.860458 1960.156312 2022.218870 2106.050454 2142.083121 2183.966018 2230.338875 2247.069703 2270.570527 2273.525201 2272.798022 2293.975070 2312.979718 2330.808805 2339.250120 2337.216957 2391.849070 2448.320148 2485.539651 2511.237687 2583.891855 2633.716180 2655.519422 2673.015183 2695.244156 2718.959793 2760.964953 2805.158614 2859.977973 2848.524539 2873.530169 2888.098287 2906.762608 2925.983607 2938.166806 2956.744025 2998.291933 3000.281944 3025.839249 3054.404968 3074.465679 3082.127743 3085.995824 3067.158975 3079.664581 3089.394433 3093.692540 3095.351085 3091.722902 3091.127354 3091.901686 3092.867384
-9999.0 1785.400684 1837.833424 1889.660955 1956.259699 2020.561270 2099.569149 2177.279184 2239.993634 2290.662036 2318.464054 2321.133481 2338.582361 2372.356419 2395.613520 2417.845230 2423.583540 2432.921149 2419.835292 2472.552096 2516.435740 2577.624745 2682.926584 2740.450813 2795.813023 2796.261583 2789.881399 2800.267101 2821.568204 2867.430133 2888.490023 2936.011720 2990.389054 3007.836847 3021.020583 3027.073548 3044.131081 3063.301176 3029.155879 3061.889889 3074.954609 3087.307654 3093.188395 3095.000845 3096.051541 3095.967529 3092.526278 3085.800753 3077.894361 3072.261813 3068.182469 3063.716681 3066.165210 3069.478754 3069.961052
-9999.0 1748.292802 1806.671514 1876.584917 1945.849103 2002.519602 2094.855999 2251.140897 2310.361103 2348.780761 2362.940856 2360.683355 2427.864144 2491.293357 2521.202923 2567.148235 2558.089764 2547.196317 2523.168812 2553.572044 2598.232740 2671.849065 2829.389700 2874.238764 2911.805416 2921.130666 2924.910744 2952.144422 2991.444130 3008.324790 3041.620351 3023.419632 3060.974084 3077.680555 3081.563009 3082.266322 3086.506103 3085.554877 3083.757727 3079.660144 3074.720157 3074.949352 3079.323888 3079.209683 3076.420574 3073.279866 3067.746030 3060.363799 3055.159522 3050.579716 3047.908765 3045.020694 3043.245825 3042.878289 3038.343915
-9999.0 1712.580050 1785.907456 1846.647823 1901.305533 2003.036753 2131.711409 2272.480086 2367.916752 2404.304931 2403.182168 2454.421233 2556.214976 2658.814915 2711.955920 2736.609156 2729.008136 2695.739643 2688.825172 2734.725040 2803.490936 2870.871588 2982.977809 3046.609976 3058.295501 3061.148123 3025.524777 3045.178877 3063.323614 3064.043484 3064.860483 3070.575725 3075.630885 3078.440225 3077.085342 3074.338229 3069.718837 3061.788574 3057.092570 3053.661914 3050.081319 3049.251839 3051.514278 3053.066284 3050.418893 3046.617646 3042.191042 3036.759367 3032.646392 3026.088902 3021.966623 3017.854793 3015.750351 3010.573530 3006.857561
-9999.0 1599.483048 1692.490640 1739.442632 1831.521912 2014.112109 2142.610339 2287.621188 2444.823927 2474.328738 2533.435180 2664.689470 2777.350189 2834.759822 2866.460675 2902.183617 2928.077658 2946.997221 2982.329081 2898.111354 2966.671828 3022.521308 3053.731944 3067.084777 3072.698418 3073.228637 3064.228330 3044.267859 3033.844376 3027.213244 3028.955591 3036.278390 3041.324220 3046.421137 3044.280452 3045.166500 3045.844269 3042.690150 3040.781064 3032.458396 3024.790369 3018.546446 3015.930299 3020.848040 3016.158948 3013.533100 3007.609867 3001.556439 3022.484571 3016.024678 3008.155446 3001.442101 2998.829045 2993.411142 2991.948531
-9999.0 1518.627608 1593.087646 1665.631978 1788.320496 1952.553170 2063.296981 2225.539580 2452.305183 2579.840627 2726.739364 2809.428375 2862.887856 2909.355359 2962.866104 2997.280231 3020.350309 3030.811250 3008.038191 3025.168887 3005.605790 2995.605794 2991.389341 3017.018887 3031.972850 3035.880801 3027.877081 3018.260472 3011.202004 3010.208914 3008.488842 3005.555671 3002.482601 2999.534017 2996.455156 2999.010059 3004.056159 2999.365338 3017.777061 3010.029532 3002.082409 2993.316612 2987.596310 2983.484767 2983.217624 2983.264754 2975.751527 2965.525415 2956.302357 2948.191065 2940.775868 2935.727944 2932.952496 2928.003982 2922.363013
-9999.0 1407.771495 1535.686570 1619.678764 1725.928419 1858.385891 1972.318066 2129.442573 2267.869935 2501.490352 2650.930049 2805.185131 2833.818218 2896.331473 2947.232444 3001.315983 2999.262481 2984.001349 2946.270314 2931.103091 2940.715041 2950.067416 2959.637091 2976.281218 2993.996871 3004.180873 3008.299398 3002.064358 2988.528476 2977.718585 2968.738706 2956.960832 2948.769640 2947.007275 2949.776399 2958.625907 2959.939458 2950.995311 2939.117731 2925.554848 2910.807754 2899.557795 2897.169797 2899.300893 2899.901643 2896.025571 2889.809000 2879.214773 2866.808832 2854.734066 2848.305589 2843.425009 2836.220115 2828.933370 2870.802228
-9999.0 -9999.0 1454.394023 1563.967322 1663.669018 1779.700541 1880.174369 2009.138012 2153.801501 2329.577498 2447.025535 2605.224481 2691.603311 2737.492523 2778.855280 2812.087327 2832.744757 2859.516002 2849.310902 2858.132584 2866.821355 2872.570024 2879.788003 2888.152687 2899.999403 2910.121963 2919.540276 2917.348035 2908.741871 2889.981836 2866.882177 2849.031651 2839.427627 2831.305926 2842.241610 2854.258821 2849.891283 2843.305459 2834.717598 2872.579352 2859.857657 2845.813727 2842.049102 2841.839471 2841.839952 2838.837935 2834.935361 2821.640980 2808.619578 2797.417342 2792.207543 2785.763703 2780.786765 2770.154899 2760.007516
-9999.0 -9999.0 1367.701232 1473.737513 1581.112565 1700.940593 1791.884857 1832.296415 1975.382772 2084.402852 2190.662356 2296.405443 2387.008245 2454.039110 2492.308304 2554.389291 2605.071714 2623.988608 2658.591378 2704.356689 2736.965156 2773.045461 2795.655070 2808.218282 2822.669118 2837.698155 2846.679194 2834.079762 2824.088852 2808.382193 2786.980703 2763.022213 2751.236159 2750.341183 2751.471018 2755.096659 2748.816811 2740.116848 2726.403433 2713.614320 2701.450576 2691.534522 2687.567809 2682.651350 2680.403798 2677.184171 2674.237774 2665.893074 2655.940968 2649.660995 2640.977765 2635.795355 2633.496547 2628.420242 2620.894796
