tests/Borden05m/data_simulated/sim_1/output-maps/psiliqL0009N0019.asc
ncols         160
nrows         34
xllcorner     620200.000000
yllcorner     5168000.000000
cellsize      0.500000
NODATA_value  -9999.0
[rows 0 to 25 of 34, columns 0 to 56 of 160]
-9999.0 -9999.0 -9999.0 -9999.0 -9999.0 -9999.0 -9999.0 -9999.0 -9999.0 -9999.0 -9999.0 -9999.0 -9999.0 -9999.0 -9999.0 -9999.0 -9999.0 -9999.0 -9999.0 -9999.0 -9999.0 -9999.0 -9999.0 -9999.0 -9999.0 -9999.0 -9999.0 -9999.0 -9999.0 -9999.0 -9999.0 -9999.0 -9999.0 -9999.0 -9999.0 -9999.0 -9999.0 -9999.0 -9999.0 -9999.0 -9999.0 -9999.0 -9999.0 -9999.0 -9999.0 -9999.0 -9999.0 -9999.0 -9999.0 -9999.0 -9999.0 -9999.0 -9999.0 -9999.0 -9999.0 -9999.0 -9999.0
-9999.0 -9999.0 -9999.0 -9999.0 -9999.0 -9999.0 -9999.0 -9999.0 -9999.0 -9999.0 -9999.0 -9999.0 -9999.0 -9999.0 -9999.0 -9999.0 -9999.0 -9999.0 -9999.0 -9999.0 -9999.0 -9999.0 -9999.0 -9999.0 -9999.0 -9999.0 -9999.0 -9999.0 -9999.0 -9999.0 -9999.0 -9999.0 -9999.0 -9999.0 -9999.0 -9999.0 -9999.0 -9999.0 -9999.0 -9999.0 -9999.0 -9999.0 -9999.0 -9999.0 -9999.0 -9999.0 -9999.0 -9999.0 -9999.0 -9999.0 -9999.0 -9999.0 -9999.0 -9999.0 -9999.0 -9999.0 -9999.0
-9999.0 -9999.0 -9999.0 -9999.0 -9999.0 -9999.0 -9999.0 -9999.0 -9999.0 -9999.0 -9999.0 -9999.0 -9999.0 -9999.0 -9999.0 -9999.0 -9999.0 -9999.0 -9999.0 -9999.0 -9999.0 -9999.0 -9999.0 -9999.0 -9999.0 -9999.0 -9999.0 -9999.0 -9999.0 -9999.0 -9999.0 -9999.0 -9999.0 -9999.0 -9999.0 -9999.0 -9999.0 -9999.0 -9999.0 -9999.0 -9999.0 -9999.0 -9999.0 -9999.0 -9999.0 -9999.0 -9999.0 -114.028015 -131.513298 -148.127824 -149.871840 -127.076331 -103.770813 -80.161519 -59.721216 -41.096529 -22.101809
-9999.0 -9999.0 -9999.0 -9999.0 -9999.0 -9999.0 -9999.0 -9999.0 -9999.0 -9999.0 -9999.0 -9999.0 -9999.0 -9999.0 -9999.0 -9999.0 -9999.0 -9999.0 -9999.0 -9999.0 -9999.0 -9999.0 -9999.0 -9999.0 -9999.0 -9999.0 -9999.0 -9999.0 -9999.0 -9999.0 -9999.0 -9999.0 -9999.0 -9999.0 -9999.0 -9999.0 -9999.0 -9999.0 -9999.0 -9999.0 -66.524534 -60.686756 -59.149056 -70.008999 -81.360286 -93.253473 -113.178464 -131.098965 -146.645162 -149.521615 -146.951014 -141.274132 -118.269345 -94.032906 -74.599604 -57.264846 -38.110772
-9999.0 -9999.0 -9999.0 -9999.0 -9999.0 -9999.0 -9999.0 -9999.0 -9999.0 -9999.0 -9999.0 -9999.0 -9999.0 -9999.0 -9999.0 -9999.0 -9999.0 -9999.0 -9999.0 -9999.0 -9999.0 -9999.0 -9999.0 -9999.0 -9999.0 -9999.0 -9999.0 -9999.0 -9999.0 -9999.0 -9999.0 -9999.0 -9999.0 -9999.0 -158.449764 -140.892732 -122.848081 -104.625150 -88.118350 -81.568000 -75.732957 -69.963324 -74.037177 -78.913695 -90.300211 -108.961637 -128.700737 -142.993338 -145.656892 -148.303496 -143.932675 -130.822203 -114.174797 -97.779632 -76.864532 -53.720193 -44.491572
-9999.0 -9999.0 -9999.0 -9999.0 -9999.0 -9999.0 -9999.0 -9999.0 -9999.0 -9999.0 -9999.0 -9999.0 -9999.0 -9999.0 -9999.0 -9999.0 -9999.0 -9999.0 -9999.0 -9999.0 -9999.0 -9999.0 -9999.0 -9999.0 -9999.0 -9999.0 -9999.0 -9999.0 -153.904468 -159.880447 -165.129232 -166.732480 -168.127553 -169.403998 -162.490254 -150.177061 -131.916413 -110.507776 -97.807737 -90.744918 -84.295972 -83.563929 -88.459910 -90.723222 -90.625148 -102.364378 -114.033196 -124.957157 -135.448649 -136.665309 -127.095386 -113.251328 -97.255018 -82.478339 -67.110650 -54.186745 -38.242815
-9999.0 -9999.0 -9999.0 -9999.0 -9999.0 -9999.0 -9999.0 -9999.0 -9999.0 -9999.0 -9999.0 -9999.0 -9999.0 -9999.0 -9999.0 -9999.0 -9999.0 -9999.0 -9999.0 -9999.0 -9999.0 -9999.0 -9999.0 -183.186475 -177.160458 -170.733672 -163.461766 -162.665579 -167.031795 -172.814454 -176.107316 -177.787544 -179.460009 -175.143396 -166.790533 -153.113662 -137.231823 -115.673372 -107.133480 -100.575848 -88.200659 -86.015688 -81.286381 -77.391523 -79.290792 -81.991572 -93.930823 -102.700228 -96.913230 -90.658290 -84.160464 -76.581363 -63.444545 -47.608672 -29.504733 -8.338035 14.006537
-9999.0 -9999.0 -9999.0 -9999.0 -9999.0 -9999.0 -9999.0 -9999.0 -9999.0 -9999.0 -9999.0 -9999.0 -9999.0 -9999.0 -9999.0 -9999.0 -9999.0 -9999.0 -9999.0 -208.014676 -207.253159 -206.334484 -201.842772 -200.924516 -198.754859 -191.818256 -183.758008 -181.750520 -183.422467 -185.172811 -183.729321 -181.145284 -177.019855 -165.554875 -151.707574 -137.547156 -123.389757 -102.527455 -87.745383 -73.786090 -57.631796 -58.980820 -63.462722 -65.666700 -65.236968 -64.550164 -58.438151 -54.504839 -48.391532 -42.228706 -34.879466 -25.580936 -14.305719 4.823160 26.119364 47.872802 68.737897
-9999.0 -9999.0 -9999.0 -9999.0 -9999.0 -9999.0 -9999.0 -9999.0 -9999.0 -9999.0 -9999.0 -9999.0 -9999.0 -9999.0 -9999.0 -9999.0 -236.272748 -234.506587 -232.515288 -227.268804 -224.877468 -221.046803 -214.302092 -213.345373 -209.587278 -202.577643 -197.664664 -189.208011 -181.435004 -174.151198 -168.254869 -165.581015 -157.841835 -148.111374 -136.109959 -120.341726 -98.304991 -75.413241 -58.906642 -41.995501 -24.958527 -24.453426 -25.533671 -24.312846 -23.236325 -14.879422 4.028512 11.141759 15.418938 35.212339 50.649436 57.099147 65.542367 85.191121 111.050835 139.863725 174.581893
-9999.0 -9999.0 -9999.0 -9999.0 -9999.0 -9999.0 -9999.0 -9999.0 -9999.0 -9999.0 -9999.0 -9999.0 -9999.0 -280.646315 -276.571119 -267.502345 -259.398473 -257.298988 -253.519197 -247.953695 -235.931348 -232.539429 -226.428725 -218.900655 -207.573335 -199.141388 -189.958012 -178.192612 -169.704196 -162.441224 -155.223263 -148.522718 -134.615265 -118.956836 -102.702315 -82.049074 -59.952194 -38.309921 -16.535880 -0.586590 14.411033 18.519993 17.298571 19.575281 28.601657 48.154570 69.124101 83.400303 107.103031 133.228313 149.761475 164.622625 175.509762 190.181870 213.504967 252.503368 291.944393
-9999.0 -9999.0 -9999.0 -9999.0 -9999.0 -9999.0 -9999.0 -9999.0 -9999.0 -9999.0 -315.547163 -313.031229 -316.565464 -315.937231 -311.418379 -299.709359 -286.684685 -279.947932 -268.885825 -248.496522 -231.468151 -228.063091 -213.311719 -203.404884 -196.859503 -186.160770 -172.961512 -159.835130 -142.351393 -129.403746 -116.434124 -95.343844 -78.358617 -61.406891 -43.097503 -22.477284 -0.367222 31.233097 60.516975 76.679271 102.875559 118.619461 116.711096 117.918151 127.503081 147.557072 174.468379 204.590594 230.935367 260.592824 283.106475 299.394245 311.741292 325.824610 342.784865 375.993848 415.519426
-9999.0 -9999.0 -9999.0 -9999.0 -9999.0 -9999.0 -9999.0 -9999.0 -339.448605 -332.683002 -326.477457 -329.609470 -334.434097 -337.801396 -324.907176 -309.270472 -293.504620 -276.646652 -260.844338 -243.092237 -227.514662 -210.912735 -191.549674 -179.654432 -167.698538 -152.376496 -138.464745 -120.249150 -98.422404 -83.140520 -63.328608 -40.377286 -19.711809 -0.363320 19.585728 39.830590 70.940050 108.593193 144.910944 173.547203 205.256493 233.074787 235.439897 240.327624 247.032406 275.719694 308.521345 341.565303 370.759904 400.356361 430.511065 448.063728 459.189040 472.267690 487.991634 504.656828 529.897723
-9999.0 -9999.0 -9999.0 -9999.0 -9999.0 -9999.0 -365.099433 -341.091922 -326.453991 -334.335445 -342.628163 -346.028501 -349.593542 -330.258231 -309.066806 -292.381914 -275.860727 -258.659945 -242.416455 -227.705691 -192.471481 -175.812763 -160.606297 -140.632029 -126.249007 -111.792259 -93.908208 -69.524490 -45.286874 -11.109881 20.760315 50.136287 79.565679 102.287764 123.958712 146.729915 182.923566 225.193578 266.128515 299.385637 329.443548 360.537880 371.003431 378.185303 387.362041 406.889074 437.242937 467.455835 501.501504 533.749182 559.451985 571.538379 582.032216 593.491348 607.103672 620.498391 635.155286
-9999.0 -9999.0 -9999.0 -9999.0 -398.355731 -377.497320 -357.035031 -326.311047 -303.829822 -309.284027 -302.071400 -301.561394 -302.876020 -300.345583 -294.596374 -276.790625 -259.119679 -241.236813 -222.411480 -184.468895 -142.162465 -124.919345 -97.514661 -64.489243 -49.618793 -33.797419 -17.121934 7.666129 39.493145 78.208767 129.749018 174.612288 205.817188 233.002423 257.281605 283.394996 318.710769 357.961351 395.782348 430.901992 461.557506 486.662611 501.393117 510.220492 522.199055 537.360102 557.073461 583.119926 612.393905 644.038369 670.118938 685.503339 694.003962 704.506105 715.921453 729.605770 743.664944
-9999.0 -9999.0 -9999.0 -445.293676 -406.878847 -370.074215 -342.649356 -311.767679 -280.230997 -273.938770 -265.575715 -259.090950 -252.411548 -243.347346 -233.243313 -216.803099 -202.527567 -189.463412 -168.041694 -130.585681 -93.251151 -57.809221 -23.266472 9.193153 34.079265 51.804119 70.916299 98.055882 141.941207 186.758002 243.338014 301.191473 341.855947 368.909551 390.885281 417.653768 442.270619 476.872997 511.046295 543.113402 573.991679 598.839583 619.244001 628.574290 637.803992 646.798619 663.458891 683.989983 704.897699 733.031021 762.086851 784.869771 797.728658 806.595688 821.547687 836.632462 848.818757
-9999.0 -9999.0 -491.669004 -454.771237 -419.501833 -367.821188 -315.314554 -281.821082 -240.937046 -215.613898 -208.138588 -189.124493 -171.655906 -162.704579 -145.292355 -127.434155 -113.420131 -109.252797 -95.342597 -58.447448 -2.221844 50.614514 86.107633 145.304154 181.453056 207.313861 223.718385 251.363359 287.227435 333.900973 385.558795 436.287076 476.484409 508.223912 523.998725 542.038871 564.964655 587.580572 619.069913 647.607325 676.576880 701.993220 724.789098 735.569049 741.589918 756.229578 777.424870 799.574267 820.862239 841.523987 853.852298 860.299131 863.442115 865.426082 868.002213 869.952208 871.051032
-9999.0 -9999.0 -516.664939 -472.678108 -429.830415 -359.616537 -283.751136 -245.880570 -202.435437 -157.503095 -137.683806 -112.937923 -93.281286 -74.676456 -49.698111 -24.866367 -18.428486 -13.985856 -12.791865 45.017585 109.042656 176.587805 246.284306 309.079113 349.777584 361.102252 369.998561 389.570043 415.954508 461.489651 513.728953 566.852025 611.293098 641.680301 657.377506 673.776697 693.845077 713.119190 731.092082 765.130499 787.329028 809.748832 833.769084 853.379624 861.246189 863.251838 858.718747 863.016532 865.932692 867.504886 868.314927 865.571704 865.148373 865.941989 867.005031 862.080392 855.238214
-9999.0 -603.167556 -551.271037 -496.955353 -426.139327 -356.394145 -269.807701 -188.284864 -136.879120 -93.056884 -62.863106 -41.564950 13.068067 64.250123 93.103455 123.707487 123.624226 124.329578 118.159613 166.093877 225.894296 314.607536 426.779570 478.734567 509.886437 510.743740 506.031044 519.965597 546.801075 590.525796 655.797041 703.251312 751.426740 786.646107 799.756328 805.299593 821.407854 840.133690 844.566238 856.248371 861.403480 866.052951 865.682346 867.291745 868.048130 868.125677 864.834272 858.191500 849.667085 843.497044 839.206820 834.530791 836.790138 839.832802 840.580900 833.174954 824.048724
-9999.0 -637.229554 -576.801962 -504.011037 -431.561715 -353.881717 -240.846926 -110.086197 -61.288487 -24.268750 8.092700 55.598585 145.337729 215.529833 253.508580 295.138631 292.637670 283.022874 280.857044 318.196607 374.488144 449.880520 573.305419 648.328055 657.447351 663.379075 668.861059 692.023281 725.258529 759.911207 794.182622 815.082640 833.832973 843.330384 847.266992 849.603627 852.660690 854.088766 852.228417 848.963159 844.338756 845.023941 849.647440 849.652339 846.282744 842.615952 836.333951 827.336695 819.179944 812.513415 808.476011 804.668123 802.749961 802.707720 798.242673 791.837320 781.602647
-9999.0 -661.467772 -592.139823 -526.207923 -452.040422 -326.310729 -202.976732 -72.097025 20.166104 62.351210 112.297435 201.450385 299.570899 385.562337 431.734725 455.163061 464.208458 455.911672 471.237194 518.525874 584.405308 664.306379 729.481527 787.114805 789.571437 784.589052 771.930277 777.783382 786.707963 794.884522 805.769052 816.660391 828.416287 835.279418 836.190807 834.753313 831.355366 824.582488 819.997160 816.419179 811.726308 811.582911 815.568526 816.014679 811.467293 805.887869 799.906167 792.498658 784.281284 775.908517 770.856104 766.151453 763.436023 758.522689 753.454795 746.925882 733.131094
-9999.0 -748.699926 -664.657630 -602.467612 -467.281559 -300.943312 -175.797781 -19.517195 121.898839 176.052540 268.975505 376.024762 467.354739 529.755891 568.890707 608.783159 636.201645 661.934594 696.783491 697.835853 749.491703 790.809810 805.474833 809.175966 798.740066 790.813167 778.483665 759.106087 751.453801 750.251907 759.519123 774.719165 786.964271 797.432255 796.647608 797.435528 797.438987 794.252323 790.779327 782.504405 774.245760 768.846908 768.115252 772.971500 766.438270 761.442773 754.394979 745.465302 735.751138 726.936097 718.629775 711.372826 708.001528 702.006948 700.070255 692.140891 665.665691
-9999.0 -829.461345 -750.565831 -646.011028 -493.686733 -329.378146 -181.640802 -6.501284 193.269299 305.324978 408.572924 465.732592 531.810126 592.967399 652.718542 689.763686 709.684873 718.243940 720.203125 730.602733 712.654234 715.279091 733.946899 755.069360 758.366795 754.464347 741.417409 729.201533 723.771279 726.398621 730.562761 735.642552 739.774572 741.831244 740.098120 742.095868 746.561622 741.288427 733.792681 726.223556 719.126066 711.278451 706.109415 702.869546 700.202018 698.813719 690.760225 679.948255 669.009802 660.395930 652.182386 645.890187 643.216312 638.234907 631.170438 619.775867 592.826763
-9999.0 -916.460698 -801.456506 -698.276417 -561.958861 -420.712618 -282.053476 -109.581437 56.087332 271.164846 436.237398 495.519925 526.114517 571.380656 628.589439 685.300641 690.883301 663.519987 639.038729 629.560020 637.712179 651.887199 667.693622 686.213869 697.751052 701.645774 699.094942 690.013865 677.706197 672.013327 670.346604 665.771194 662.943915 664.724965 665.300188 671.678941 674.863613 666.302742 654.357633 639.692469 626.667761 616.865606 613.678941 614.179739 613.297507 609.562392 602.187905 591.833924 579.471114 568.135160 560.087506 554.281609 547.804646 538.768983 528.587770 516.993367 491.761790
-9999.0 -9999.0 -871.015379 -758.607749 -642.360173 -512.795534 -383.016182 -224.869218 -65.052264 129.319560 250.843849 354.059366 410.946691 451.837616 502.178719 549.946415 562.231769 574.565772 554.656949 557.992112 565.604564 573.593262 584.789341 596.448662 607.121218 613.617355 617.864238 615.331904 606.879336 593.018322 577.478259 566.357500 560.389301 556.033221 564.765629 575.748102 574.146664 567.992514 556.903624 542.074779 529.414799 516.384520 512.597294 512.903418 512.515249 509.240681 504.014166 491.425420 478.648610 466.262912 460.239543 454.017598 448.034433 437.181623 425.671997 412.473318 389.140227
-9999.0 -9999.0 -952.927039 -841.577096 -720.246169 -593.158656 -483.802081 -376.175924 -214.171291 -88.559352 17.129505 110.938721 186.824115 244.965173 289.222984 344.219688 374.570305 387.651255 398.116874 417.559454 440.088692 462.577680 477.879728 490.144758 502.245665 512.686545 520.312767 509.969494 499.942276 485.111729 466.737678 446.980503 436.978831 432.954758 436.908834 443.594084 438.946943 429.537073 415.748388 399.829670 386.732311 374.528485 370.139936 367.466489 366.278434 363.183498 359.407762 349.740825 337.428230 328.459644 320.043081 313.106765 309.073852 300.882949 290.264523 282.037847 262.121290
-9999.0 -9999.0 -9999.0 -913.655124 -815.505657 -729.580203 -631.510260 -554.090157 -456.374983 -340.304448 -234.448721 -131.850766 -64.931462 -10.525841 41.961213 92.650181 129.807775 152.913118 174.059490 227.180500 260.133636 299.215583 332.692631 349.023902 363.874735 378.584328 382.038515 373.154034 363.828435 348.736207 326.457458 303.919682 292.079451 293.757828 293.156020 294.274153 288.326956 283.126672 271.513301 257.910525 243.733321 233.826747 228.795546 223.364674 219.343271 214.840260 210.365022 203.346739 193.982855 184.046732 176.420369 172.642306 168.236920 162.547338 154.522931 145.405828 132.522264
