tests/Borden05m/data_simulated/sim_1/output-maps/psiliqL0011N0012.asc
ncols         160
nrows         34
xllcorner     620200.000000
yllcorner     5168000.000000
cellsize      0.500000
NODATA_value  -9999.0
[rows 0 to 24 of 34, columns 0 to 56 of 160]
-9999.0 -9999.0 -9999.0 -9999.0 -9999.0 -9999.0 -9999.0 -9999.0 -9999.0 -9999.0 -9999.0 -9999.0 -9999.0 -9999.0 -9999.0 -9999.0 -9999.0 -9999.0 -9999.0 -9999.0 -9999.0 -9999.0 -9999.0 -9999.0 -9999.0 -9999.0 -9999.0 -9999.0 -9999.0 -9999.0 -9999.0 -9999.0 -9999.0 -9999.0 -9999.0 -9999.0 -9999.0 -9999.0 -9999.0 -9999.0 -9999.0 -9999.0 -9999.0 -9999.0 -9999.0 -9999.0 -9999.0 -9999.0 -9999.0 -9999.0 -9999.0 -9999.0 -9999.0 -9999.0 -9999.0 -9999.0 -9999.0
-9999.0 -9999.0 -9999.0 -9999.0 -9999.0 -9999.0 -9999.0 -9999.0 -9999.0 -9999.0 -9999.0 -9999.0 -9999.0 -9999.0 -9999.0 -9999.0 -9999.0 -9999.0 -9999.0 -9999.0 -9999.0 -9999.0 -9999.0 -9999.0 -9999.0 -9999.0 -9999.0 -9999.0 -9999.0 -9999.0 -9999.0 -9999.0 -9999.0 -9999.0 -9999.0 -9999.0 -9999.0 -9999.0 -9999.0 -9999.0 -9999.0 -9999.0 -9999.0 -9999.0 -9999.0 -9999.0 -9999.0 -9999.0 -9999.0 -9999.0 -9999.0 -9999.0 -9999.0 -9999.0 -9999.0 -9999.0 -9999.0
-9999.0 -9999.0 -9999.0 -9999.0 -9999.0 -9999.0 -9999.0 -9999.0 -9999.0 -9999.0 -9999.0 -9999.0 -9999.0 -9999.0 -9999.0 -9999.0 -9999.0 -9999.0 -9999.0 -9999.0 -9999.0 -9999.0 -9999.0 -9999.0 -9999.0 -9999.0 -9999.0 -9999.0 -9999.0 -9999.0 -9999.0 -9999.0 -9999.0 -9999.0 -9999.0 -9999.0 -9999.0 -9999.0 -9999.0 -9999.0 -9999.0 -9999.0 -9999.0 -9999.0 -9999.0 -9999.0 -9999.0 289.657099 272.285133 256.170064 254.199444 276.907300 300.308104 324.051179 344.592419 363.235411 382.210302
-9999.0 -9999.0 -9999.0 -9999.0 -9999.0 -9999.0 -9999.0 -9999.0 -9999.0 -9999.0 -9999.0 -9999.0 -9999.0 -9999.0 -9999.0 -9999.0 -9999.0 -9999.0 -9999.0 -9999.0 -9999.0 -9999.0 -9999.0 -9999.0 -9999.0 -9999.0 -9999.0 -9999.0 -9999.0 -9999.0 -9999.0 -9999.0 -9999.0 -9999.0 -9999.0 -9999.0 -9999.0 -9999.0 -9999.0 -9999.0 337.161029 343.048361 344.454228 333.838066 322.618278 310.625106 290.709608 272.894009 257.730471 255.086754 257.779765 263.243664 286.107007 310.614219 330.217628 347.449679 366.687121
-9999.0 -9999.0 -9999.0 -9999.0 -9999.0 -9999.0 -9999.0 -9999.0 -9999.0 -9999.0 -9999.0 -9999.0 -9999.0 -9999.0 -9999.0 -9999.0 -9999.0 -9999.0 -9999.0 -9999.0 -9999.0 -9999.0 -9999.0 -9999.0 -9999.0 -9999.0 -9999.0 -9999.0 -9999.0 -9999.0 -9999.0 -9999.0 -9999.0 -9999.0 244.897729 262.439014 280.568035 298.942698 315.610136 322.308515 328.160100 333.946242 329.912069 325.219042 313.934642 295.130346 275.575272 261.576722 259.244400 256.774348 261.208925 274.299489 291.115133 307.502918 328.506769 351.916180 361.242938
-9999.0 -9999.0 -9999.0 -9999.0 -9999.0 -9999.0 -9999.0 -9999.0 -9999.0 -9999.0 -9999.0 -9999.0 -9999.0 -9999.0 -9999.0 -9999.0 -9999.0 -9999.0 -9999.0 -9999.0 -9999.0 -9999.0 -9999.0 -9999.0 -9999.0 -9999.0 -9999.0 -9999.0 249.104591 243.202085 238.111333 236.633919 235.361945 234.244051 241.192665 253.461292 271.697522 293.320029 306.226273 313.439107 320.046447 320.856308 315.983885 313.938305 314.241246 302.562871 290.993908 280.172205 269.766033 268.504670 278.189710 292.288338 308.513342 323.453753 338.971448 351.016153 367.660720
-9999.0 -9999.0 -9999.0 -9999.0 -9999.0 -9999.0 -9999.0 -9999.0 -9999.0 -9999.0 -9999.0 -9999.0 -9999.0 -9999.0 -9999.0 -9999.0 -9999.0 -9999.0 -9999.0 -9999.0 -9999.0 -9999.0 -9999.0 219.462979 225.411359 231.937060 239.357202 240.272768 236.100846 230.471130 227.380523 225.875295 224.281956 228.771701 237.096695 250.833059 266.800911 288.612487 297.286322 303.728739 316.126955 318.667334 323.952445 328.035571 326.336285 323.677069 311.600254 302.713952 308.272947 314.470063 321.238263 329.147538 342.551702 358.317031 376.208910 397.056096 419.075247
-9999.0 -9999.0 -9999.0 -9999.0 -9999.0 -9999.0 -9999.0 -9999.0 -9999.0 -9999.0 -9999.0 -9999.0 -9999.0 -9999.0 -9999.0 -9999.0 -9999.0 -9999.0 -9999.0 194.483374 195.344836 196.427535 201.056815 201.975824 204.191499 211.217698 219.392772 221.637548 220.030835 218.519416 220.106969 222.862077 227.213841 238.733158 252.704471 267.024515 281.209477 302.228394 317.140609 331.067597 347.275127 346.362294 342.232532 340.340342 340.949704 341.586689 346.984806 350.554680 356.882553 362.573975 369.668733 379.183578 390.759178 409.674904 430.464810 451.439390 471.145068
-9999.0 -9999.0 -9999.0 -9999.0 -9999.0 -9999.0 -9999.0 -9999.0 -9999.0 -9999.0 -9999.0 -9999.0 -9999.0 -9999.0 -9999.0 -9999.0 166.017840 167.853341 169.981965 175.330055 177.980500 181.945269 188.843331 189.996329 193.846803 201.004939 206.012595 214.723751 222.730685 230.159808 236.230972 239.067442 246.854788 256.722483 268.859772 284.605937 306.599149 329.745488 346.323808 363.371420 380.592097 381.340891 380.473284 381.862646 382.886193 390.585519 409.051073 415.796972 418.983887 437.518944 452.535808 458.685730 467.079579 486.646927 511.610152 537.996599 570.233851
-9999.0 -9999.0 -9999.0 -9999.0 -9999.0 -9999.0 -9999.0 -9999.0 -9999.0 -9999.0 -9999.0 -9999.0 -9999.0 120.844740 124.992382 134.310643 142.915345 145.247482 149.299165 155.133489 167.309466 170.893836 177.155373 184.811899 196.471808 205.107233 214.426477 226.374740 235.002185 242.436452 249.774585 256.251653 270.105898 285.808879 302.081061 322.777550 345.041736 366.438097 387.883250 403.981578 418.651868 422.129751 421.276972 423.838933 432.526815 451.259607 471.496448 483.822391 505.383485 530.286479 545.786361 559.710073 570.110479 584.572189 607.160204 644.355810 682.855788
-9999.0 -9999.0 -9999.0 -9999.0 -9999.0 -9999.0 -9999.0 -9999.0 -9999.0 -9999.0 86.569845 89.059408 85.641964 86.011969 90.831348 102.775171 116.143546 122.908481 134.262563 154.952193 172.379518 175.964929 190.775443 200.953804 207.754780 218.574016 231.957367 245.187486 262.658906 275.695501 288.409543 309.164253 326.226516 343.302733 361.690685 382.447897 403.901195 434.441084 462.972969 478.030276 502.785028 516.824939 514.931752 516.049831 525.609297 544.229940 569.102606 596.777438 621.538897 649.846838 671.057101 687.506241 700.206443 714.568916 731.939441 766.726673 807.605285
-9999.0 -9999.0 -9999.0 -9999.0 -9999.0 -9999.0 -9999.0 -9999.0 62.353125 69.383128 75.630261 72.637062 68.033558 64.565579 77.878963 93.705802 109.697058 126.957304 142.971157 161.039750 176.684099 193.352788 213.105474 225.172562 237.281193 252.882362 267.005819 285.132577 307.083667 321.743151 340.713615 363.364442 383.542596 402.687460 422.484069 442.234483 471.714467 507.765595 542.373834 568.861523 599.219824 625.395345 627.068104 631.451215 637.663552 665.724633 698.218709 731.484469 760.205870 789.695273 820.232070 838.665303 850.438346 864.220986 880.597127 898.709202 925.446270
-9999.0 -9999.0 -9999.0 -9999.0 -9999.0 -9999.0 36.077815 60.238620 75.102457 67.310973 58.528858 55.149200 51.531278 72.496813 94.119369 111.172174 128.008082 145.554052 162.122876 176.441259 211.381650 228.777386 244.026543 263.660782 278.498769 293.392816 311.500942 335.876407 359.559008 392.326005 422.116966 449.597456 477.959093 499.728479 520.546439 541.861540 576.272056 616.670562 656.358147 688.923833 719.085362 751.034953 761.040376 768.128588 776.898862 797.495406 829.178532 860.421153 895.151868 927.766420 953.954402 966.167601 977.095528 989.198069 1003.418898 1016.707598 1030.979202
-9999.0 -9999.0 -9999.0 -9999.0 2.654521 23.591794 43.991739 74.810956 97.444728 92.302745 99.475306 100.023833 98.711489 101.922481 108.352906 126.486626 144.732807 163.235871 181.987912 219.153622 262.512480 279.603409 306.376507 339.494027 354.417255 370.509544 387.465571 411.961385 442.111847 478.844390 527.136279 568.861669 598.034955 623.809583 647.346591 672.666517 708.520091 748.190415 786.686593 822.606145 854.113161 880.402808 894.893495 903.435354 915.332193 931.108047 951.855777 978.945154 1009.427322 1041.273931 1066.377053 1080.750616 1089.225300 1100.387056 1112.009990 1125.149511 1137.477860
-9999.0 -9999.0 -9999.0 -45.202240 -6.650231 30.605285 58.011881 89.056655 120.973176 126.879012 135.695081 141.880039 148.176294 157.357141 167.213608 184.204011 199.494431 213.948103 236.012655 273.661817 310.650013 344.566425 378.730900 409.598124 433.440233 450.981399 470.320560 496.585186 538.968885 580.822522 634.773568 691.306544 731.328194 758.121100 780.809226 808.427318 833.917380 869.727576 904.748529 937.877238 969.751856 995.151855 1015.103544 1023.235502 1032.089004 1040.857998 1057.571863 1078.943829 1100.662883 1128.962005 1156.536449 1179.254393 1192.571629 1202.448284 1218.274241 1233.853164 1245.778060
-9999.0 -9999.0 -91.885286 -54.629458 -19.720018 31.543901 84.370026 118.376492 159.480442 184.551739 192.126746 210.831039 228.208200 236.983061 254.169966 272.210519 287.984731 293.565466 309.035537 344.058786 398.282486 448.761543 479.560850 536.315408 572.074352 599.235222 616.760456 644.641641 681.053158 726.457905 777.136698 827.679711 867.508097 899.290422 915.548078 934.211481 956.977286 979.810201 1012.095650 1041.090442 1071.411102 1097.486275 1119.835969 1128.014922 1132.911867 1147.790661 1170.221804 1194.160289 1217.047520 1238.898577 1247.648999 1255.702711 1259.844594 1262.767973 1266.519361 1269.166482 1270.490849
-9999.0 -9999.0 -117.501147 -73.140350 -31.127780 37.877840 115.317326 153.192517 196.782419 242.480775 262.428482 287.651335 305.139755 321.107709 346.109480 370.633562 379.806474 385.742125 387.025693 444.198583 506.122673 567.718246 630.590240 697.350897 742.219008 757.335152 768.775287 789.464951 815.520474 859.751955 908.881583 960.193695 1003.295765 1033.325154 1048.865210 1065.573603 1085.040931 1102.667446 1120.546042 1156.701834 1181.162269 1205.164664 1230.300503 1249.705973 1257.463600 1260.045176 1253.597477 1260.297175 1265.137807 1267.667921 1268.683389 1265.767888 1265.472774 1266.581428 1267.854635 1263.002192 1256.401581
-9999.0 -204.969844 -152.896782 -98.886436 -28.653156 40.399100 126.034938 207.321382 261.169775 306.846154 337.411734 356.214711 404.923291 453.406749 482.006041 512.018709 514.138978 517.416884 510.799320 558.979173 615.437297 700.586981 814.552108 872.011953 911.831284 916.183142 913.251912 927.254102 952.237311 993.436720 1055.230638 1098.658770 1146.312220 1182.054304 1195.267579 1200.859335 1216.950004 1235.427246 1233.525458 1249.392065 1257.022539 1263.604601 1264.626339 1266.519085 1267.755946 1268.269752 1265.398450 1259.389776 1251.937053 1246.575308 1242.505251 1237.766114 1240.128589 1243.456996 1244.201537 1236.821278 1228.304228
-9999.0 -239.548839 -179.393375 -106.938900 -34.847930 39.605294 149.555094 285.035643 336.151018 374.122643 404.005821 443.255552 529.077587 598.537023 637.086178 681.664053 679.897629 671.381836 666.516476 703.141702 757.559166 833.266749 965.599283 1048.115311 1069.305110 1081.592203 1090.298759 1115.188508 1148.014532 1179.214539 1206.972655 1215.582894 1234.310713 1243.765641 1247.186509 1249.033840 1252.045080 1252.826705 1251.087525 1248.365080 1244.776721 1245.893154 1250.493173 1250.928613 1248.671776 1245.876677 1240.183436 1232.102708 1225.911417 1220.642087 1217.059461 1213.164706 1211.270700 1211.425688 1206.825454 1200.111254 1189.904356
-9999.0 -265.742095 -195.679894 -130.425353 -59.283922 62.764995 187.375714 320.245171 413.085202 454.599230 496.181583 579.362240 680.650989 772.621960 823.295041 849.829529 858.354006 847.443678 860.004903 906.912629 971.275296 1053.584562 1129.137054 1197.346672 1210.409636 1214.818668 1203.203896 1212.882498 1221.901135 1224.766263 1227.202278 1230.347127 1236.717326 1240.487279 1240.326010 1238.325487 1234.214607 1226.650183 1221.925474 1219.127992 1216.226572 1216.411351 1219.509016 1220.681322 1218.272759 1214.180705 1208.866556 1201.914612 1194.662350 1187.075198 1182.217783 1177.361139 1174.640008 1169.708874 1164.590105 1157.602223 1143.036240
-9999.0 -357.366880 -271.709412 -211.851775 -83.600424 85.785732 211.822648 366.007299 508.488430 558.553105 647.818480 762.417410 861.693847 930.654319 972.530215 1014.975227 1044.736542 1071.379430 1107.617684 1094.058873 1144.911432 1189.808874 1208.977308 1219.372182 1219.850762 1222.306132 1215.813636 1198.023976 1188.829743 1183.367375 1186.266861 1194.568885 1201.124772 1207.411071 1205.890793 1206.377685 1205.710759 1201.419155 1197.305623 1189.241437 1181.923306 1176.692572 1175.456071 1180.794842 1175.767582 1172.014346 1165.391258 1156.514987 1147.016115 1138.470613 1130.113010 1122.705718 1119.275798 1113.226561 1111.030029 1102.362745 1074.733837
-9999.0 -438.466710 -359.966379 -260.479438 -112.818390 51.823376 193.659056 365.860757 567.347615 683.096630 797.683518 863.787958 935.264502 998.560437 1060.922287 1102.751209 1125.973411 1136.827258 1136.148085 1147.523069 1123.822863 1121.470568 1140.340006 1166.528023 1179.226875 1183.584741 1175.217447 1164.514537 1157.889019 1157.436347 1157.024014 1156.770317 1156.133886 1154.644321 1151.636251 1153.016922 1156.640907 1150.054120 1141.506366 1133.569760 1126.575027 1118.738858 1113.529143 1110.483352 1108.841564 1108.151756 1100.294496 1089.409004 1078.332806 1069.584501 1061.244469 1054.853883 1051.859889 1046.521553 1038.672416 1026.377482 998.530852
-9999.0 -529.743725 -412.201014 -311.762155 -180.145492 -39.985127 95.017681 264.899856 424.413521 642.017368 808.201407 887.704322 925.013317 977.302375 1037.027842 1098.635857 1105.392600 1079.330834 1053.776156 1043.597394 1050.883252 1062.888920 1078.295243 1099.247338 1116.411310 1125.519054 1126.375825 1118.286157 1104.936288 1096.521967 1091.051083 1082.406394 1076.027157 1075.126095 1074.821470 1080.702984 1082.662355 1073.087727 1060.197117 1044.784219 1031.416044 1021.425428 1018.460614 1019.445941 1019.108682 1015.545425 1008.343281 997.728533 985.024136 973.203687 965.037162 958.966478 951.893978 942.032249 930.961852 918.364255 892.319044
-9999.0 -9999.0 -484.009877 -371.541812 -257.631256 -129.889646 -4.518260 149.224865 306.140038 495.691493 617.913961 733.451117 798.401648 843.655792 895.867184 947.583693 963.591743 979.720016 962.465637 967.191614 974.989811 982.553803 993.859923 1006.774813 1020.198698 1029.576047 1035.965517 1033.703376 1024.530783 1008.431663 989.699420 975.329861 966.770828 960.197071 968.199634 978.516087 975.653158 968.619224 956.683345 941.250587 928.385959 915.142227 911.421641 911.791517 911.643145 908.515602 903.467348 890.566071 877.396141 864.802398 858.497394 851.782517 845.435799 833.932261 821.628394 807.762616 783.915690
-9999.0 -9999.0 -567.034417 -456.146745 -336.483692 -210.222227 -103.410486 -6.426287 152.948329 275.818808 381.520054 477.334099 556.352628 618.438835 664.533734 722.987584 758.116778 773.076868 787.937419 812.099355 836.792466 862.118207 879.419591 892.756835 906.494532 918.767836 927.168353 916.341248 905.617847 889.416008 868.928626 846.677244 834.704133 829.861065 832.368751 837.764294 832.061477 821.950695 807.372519 791.155434 777.877447 765.948641 761.655661 758.704431 757.439294 754.365997 750.685252 741.245240 729.034943 720.200520 711.396424 704.337465 700.096328 691.806700 680.984148 672.743105 653.508400
