tests/Borden05m/data_simulated/sim_1/output-maps/psiliqL0029N0009.asc
ncols         160
nrows         34
xllcorner     620200.000000
yllcorner     5168000.000000
cellsize      0.500000
NODATA_value  -9999.0
[rows 0 to 24 of 34, columns 0 to 54 of 160]
-9999.0 -9999.0 -9999.0 -9999.0 -9999.0 -9999.0 -9999.0 -9999.0 -9999.0 -9999.0 -9999.0 -9999.0 -9999.0 -9999.0 -9999.0 -9999.0 -9999.0 -9999.0 -9999.0 -9999.0 -9999.0 -9999.0 -9999.0 -9999.0 -9999.0 -9999.0 -9999.0 -9999.0 -9999.0 -9999.0 -9999.0 -9999.0 -9999.0 -9999.0 -9999.0 -9999.0 -9999.0 -9999.0 -9999.0 -9999.0 -9999.0 -9999.0 -9999.0 -9999.0 -9999.0 -9999.0 -9999.0 -9999.0 -9999.0 -9999.0 -9999.0 -9999.0 -9999.0 -9999.0 -9999.0
-9999.0 -9999.0 -9999.0 -9999.0 -9999.0 -9999.0 -9999.0 -9999.0 -9999.0 -9999.0 -9999.0 -9999.0 -9999.0 -9999.0 -9999.0 -9999.0 -9999.0 -9999.0 -9999.0 -9999.0 -9999.0 -9999.0 -9999.0 -9999.0 -9999.0 -9999.0 -9999.0 -9999.0 -9999.0 -9999.0 -9999.0 -9999.0 -9999.0 -9999.0 -9999.0 -9999.0 -9999.0 -9999.0 -9999.0 -9999.0 -9999.0 -9999.0 -9999.0 -9999.0 -9999.0 -9999.0 -9999.0 -9999.0 -9999.0 -9999.0 -9999.0 -9999.0 -9999.0 -9999.0 -9999.0
-9999.0 -9999.0 -9999.0 -9999.0 -9999.0 -9999.0 -9999.0 -9999.0 -9999.0 -9999.0 -9999.0 -9999.0 -9999.0 -9999.0 -9999.0 -9999.0 -9999.0 -9999.0 -9999.0 -9999.0 -9999.0 -9999.0 -9999.0 -9999.0 -9999.0 -9999.0 -9999.0 -9999.0 -9999.0 -9999.0 -9999.0 -9999.0 -9999.0 -9999.0 -9999.0 -9999.0 -9999.0 -9999.0 -9999.0 -9999.0 -9999.0 -9999.0 -9999.0 -9999.0 -9999.0 -9999.0 -9999.0 3872.392393 3855.232715 3842.357313 3836.923796 3857.437210 3880.279631 3903.956836 3924.328578
-9999.0 -9999.0 -9999.0 -9999.0 -9999.0 -9999.0 -9999.0 -9999.0 -9999.0 -9999.0 -9999.0 -9999.0 -9999.0 -9999.0 -9999.0 -9999.0 -9999.0 -9999.0 -9999.0 -9999.0 -9999.0 -9999.0 -9999.0 -9999.0 -9999.0 -9999.0 -9999.0 -9999.0 -9999.0 -9999.0 -9999.0 -9999.0 -9999.0 -9999.0 -9999.0 -9999.0 -9999.0 -9999.0 -9999.0 -9999.0 3924.039746 3929.884647 3929.147417 3919.331652 3907.829168 3893.584892 3872.686230 3855.596326 3842.911929 3841.038315 3843.255446 3845.083259 3865.024155 3890.457977 3910.271075
-9999.0 -9999.0 -9999.0 -9999.0 -9999.0 -9999.0 -9999.0 -9999.0 -9999.0 -9999.0 -9999.0 -9999.0 -9999.0 -9999.0 -9999.0 -9999.0 -9999.0 -9999.0 -9999.0 -9999.0 -9999.0 -9999.0 -9999.0 -9999.0 -9999.0 -9999.0 -9999.0 -9999.0 -9999.0 -9999.0 -9999.0 -9999.0 -9999.0 -9999.0 3831.973384 3848.642735 3866.364563 3884.813681 3901.713550 3908.742048 3914.480956 3919.590261 3914.629751 3910.072933 3898.052514 3876.266983 3856.828209 3844.179854 3843.370161 3840.766148 3843.872694 3854.774613 3871.086961 3885.500807 3905.663316
-9999.0 -9999.0 -9999.0 -9999.0 -9999.0 -9999.0 -9999.0 -9999.0 -9999.0 -9999.0 -9999.0 -9999.0 -9999.0 -9999.0 -9999.0 -9999.0 -9999.0 -9999.0 -9999.0 -9999.0 -9999.0 -9999.0 -9999.0 -9999.0 -9999.0 -9999.0 -9999.0 -9999.0 3838.595353 3832.516964 3827.588010 3825.777984 3824.065743 3822.956251 3829.384580 3840.025992 3856.555438 3878.537675 3891.713845 3898.797862 3905.563268 3905.569534 3899.160317 3897.233692 3897.461383 3884.245863 3871.472175 3859.495388 3847.729847 3843.828350 3852.198658 3866.150392 3882.037845 3896.199552 3911.071216
-9999.0 -9999.0 -9999.0 -9999.0 -9999.0 -9999.0 -9999.0 -9999.0 -9999.0 -9999.0 -9999.0 -9999.0 -9999.0 -9999.0 -9999.0 -9999.0 -9999.0 -9999.0 -9999.0 -9999.0 -9999.0 -9999.0 -9999.0 3809.072745 3813.610163 3819.942436 3827.461035 3828.226964 3824.955252 3819.425718 3816.596692 3814.916652 3812.178665 3816.423397 3822.786987 3835.195214 3849.914627 3871.960358 3879.735989 3883.125036 3893.844954 3897.434818 3905.445044 3908.870107 3906.489056 3901.626590 3885.612987 3872.958541 3873.859575 3876.885694 3883.287064 3891.263698 3904.321883 3917.133776 3931.398925
-9999.0 -9999.0 -9999.0 -9999.0 -9999.0 -9999.0 -9999.0 -9999.0 -9999.0 -9999.0 -9999.0 -9999.0 -9999.0 -9999.0 -9999.0 -9999.0 -9999.0 -9999.0 -9999.0 3784.894693 3785.892578 3787.351285 3792.099229 3792.198794 3793.644561 3800.078671 3807.742858 3810.482326 3807.800904 3806.592163 3807.447712 3809.535019 3813.607432 3823.262595 3835.910802 3849.096073 3860.904177 3880.787152 3894.344791 3905.554063 3919.866995 3919.992865 3915.892819 3913.656551 3912.784042 3910.023660 3906.245963 3903.677445 3909.200711 3908.172041 3910.277721 3918.734668 3930.235194 3945.631403 3961.902671
-9999.0 -9999.0 -9999.0 -9999.0 -9999.0 -9999.0 -9999.0 -9999.0 -9999.0 -9999.0 -9999.0 -9999.0 -9999.0 -9999.0 -9999.0 -9999.0 3755.872871 3757.497491 3759.760454 3765.153110 3768.899767 3772.594022 3779.304392 3780.575066 3783.462486 3790.010637 3793.769678 3802.593843 3810.411990 3816.677516 3821.648680 3823.075152 3828.309865 3836.300607 3846.440626 3858.754096 3877.252916 3899.797656 3914.232984 3929.811789 3946.051916 3945.654169 3942.858981 3941.990497 3939.146514 3938.370975 3951.059789 3952.760678 3945.069544 3952.214396 3962.619198 3964.112711 3970.145274 3989.375776 4010.544308
-9999.0 -9999.0 -9999.0 -9999.0 -9999.0 -9999.0 -9999.0 -9999.0 -9999.0 -9999.0 -9999.0 -9999.0 -9999.0 3705.768097 3709.510246 3719.701709 3731.610242 3734.559969 3739.424256 3746.002125 3757.720058 3760.897358 3766.269690 3772.716646 3784.879561 3792.691629 3800.437919 3811.106027 3817.886650 3823.566352 3828.530127 3829.430004 3839.120323 3851.436985 3864.069735 3881.538462 3902.121479 3918.760135 3935.130778 3950.505044 3960.558020 3955.785989 3954.092212 3955.242007 3958.266641 3969.271562 3984.322870 3981.804021 3988.525929 4007.588052 4016.278183 4021.842440 4026.721397 4040.163315 4061.335262
-9999.0 -9999.0 -9999.0 -9999.0 -9999.0 -9999.0 -9999.0 -9999.0 -9999.0 -9999.0 3680.918068 3681.947281 3677.817600 3674.076946 3679.718638 3691.770728 3706.183796 3710.998938 3722.660557 3743.644446 3762.014145 3764.237806 3776.510165 3785.840974 3791.468261 3799.790583 3811.102480 3821.398867 3834.768275 3844.516762 3850.894484 3864.707467 3878.557558 3892.865611 3908.244021 3927.079450 3940.869686 3962.075948 3985.193640 3991.735326 4006.341255 4006.357731 4001.172071 3998.105235 4006.608304 4015.722196 4028.089129 4041.077302 4057.974886 4078.318247 4086.315410 4098.294117 4106.480485 4115.984598 4130.914804
-9999.0 -9999.0 -9999.0 -9999.0 -9999.0 -9999.0 -9999.0 -9999.0 3656.552646 3664.629204 3669.421172 3665.605274 3660.597576 3653.649452 3668.017610 3682.708374 3697.796831 3715.618210 3730.278374 3747.727284 3760.307000 3773.553962 3792.573264 3801.718844 3810.530360 3823.844837 3835.000585 3847.515812 3866.004592 3871.022937 3879.129587 3896.402392 3909.787334 3924.771644 3941.236885 3955.868500 3973.468574 4001.697661 4028.845151 4042.677342 4067.359876 4082.467907 4075.214727 4072.096398 4072.247145 4094.021858 4118.813297 4146.825702 4163.744073 4185.765968 4213.255894 4232.181570 4241.149652 4251.993732 4265.625973
-9999.0 -9999.0 -9999.0 -9999.0 -9999.0 -9999.0 3628.014956 3652.133154 3666.935042 3657.614080 3641.759269 3635.574250 3628.175313 3660.233562 3681.959817 3698.466076 3714.157720 3730.637095 3745.683154 3751.848016 3779.257736 3797.761304 3807.637676 3818.356222 3831.286377 3844.144781 3858.536925 3877.839177 3892.916435 3911.710526 3924.323662 3937.830818 3959.642721 3975.279625 3990.712771 4002.420485 4028.350356 4061.714213 4095.208491 4118.209329 4141.666604 4172.925075 4171.077003 4172.088648 4172.621028 4196.735567 4230.731570 4260.186140 4291.456846 4321.595220 4350.149042 4360.491428 4369.334555 4379.116958 4391.630756
-9999.0 -9999.0 -9999.0 -9999.0 3596.488329 3616.958921 3634.752594 3664.078087 3685.259879 3679.604124 3682.665753 3679.357863 3673.464664 3677.901281 3685.383773 3701.330779 3719.435852 3737.919657 3750.181381 3774.313155 3820.474048 3829.247742 3843.464521 3870.992432 3880.090927 3892.487324 3906.616653 3925.344152 3941.054847 3965.992463 3997.373472 4024.034239 4043.805709 4061.702639 4079.834085 4095.335690 4130.153216 4166.625497 4201.762983 4232.587483 4258.854949 4284.862861 4290.543392 4295.084877 4304.888177 4322.152923 4345.123906 4372.798542 4406.895021 4439.106652 4462.215999 4470.679178 4475.636107 4485.172080 4492.418685
-9999.0 -9999.0 -9999.0 3541.361772 3580.277936 3619.924533 3644.603924 3673.935789 3705.539200 3703.504991 3711.244658 3709.029389 3705.712855 3709.413240 3710.355797 3725.515872 3742.827370 3762.263660 3782.337844 3814.064998 3840.909802 3855.134439 3880.964962 3893.897026 3904.386667 3915.693061 3933.275402 3951.722105 3986.631727 4014.382016 4059.099593 4108.847580 4139.984383 4158.519014 4180.967988 4208.551239 4233.846752 4273.120951 4307.126158 4339.192666 4369.366909 4391.310615 4405.064915 4409.465241 4419.312426 4424.844342 4437.009119 4458.048281 4480.591332 4511.685175 4541.205578 4570.876252 4586.488580 4597.883002 4615.313356
-9999.0 -9999.0 3492.720213 3532.489037 3562.811977 3608.156944 3660.565358 3695.103261 3733.330386 3750.233591 3751.747764 3760.000023 3768.420723 3767.179500 3773.577462 3784.335352 3806.394886 3814.960471 3835.257964 3847.173215 3881.105868 3912.050415 3902.510438 3937.786676 3966.788162 3999.926147 4021.591567 4047.969626 4086.001199 4118.479414 4162.199981 4212.240794 4246.083405 4273.718282 4289.851483 4310.548596 4330.858503 4357.892290 4395.316244 4420.785673 4454.976445 4480.545076 4500.044402 4500.110905 4502.705197 4519.095634 4548.193162 4579.978686 4609.750182 4639.728626 4621.263506 4646.785040 4658.205750 4664.577643 4674.596519
-9999.0 -9999.0 3461.467901 3508.227669 3540.970312 3596.345440 3683.822566 3716.629661 3755.136803 3799.738536 3811.632894 3831.588677 3820.776693 3804.547186 3820.338997 3832.272562 3853.991023 3861.318299 3854.016679 3905.129325 3956.255197 3975.306273 3973.617503 4052.262913 4105.890237 4131.754861 4149.459848 4169.912957 4189.116046 4226.967402 4265.088316 4320.227273 4361.548296 4391.650393 4406.355088 4427.081651 4446.898146 4461.950718 4481.934001 4530.216270 4567.363409 4599.247831 4632.219090 4653.968113 4662.318637 4667.807762 4639.744629 4661.106400 4675.593057 4681.841061 4684.368758 4680.516684 4679.985944 4680.850002 4681.771322
-9999.0 3366.840694 3419.329452 3468.863087 3531.654340 3590.912197 3663.042663 3736.040281 3803.694592 3856.269998 3880.104359 3868.547883 3860.071776 3881.139359 3898.790353 3912.818839 3918.712591 3929.942617 3909.292788 3963.712666 3998.010813 4042.466175 4140.116597 4199.189758 4266.360179 4261.700951 4249.263062 4253.253846 4268.248828 4315.677899 4397.308809 4455.654905 4524.238602 4575.274734 4593.188540 4601.231493 4620.554230 4641.899485 4583.201048 4630.622421 4652.566967 4670.877973 4681.670984 4684.194821 4685.604399 4685.341913 4681.573902 4674.416824 4666.138751 4660.215644 4655.929627 4651.426363 4653.870305 4657.211642 4657.253191
-9999.0 3327.536941 3384.222005 3451.483649 3517.501636 3558.671845 3635.328792 3806.380741 3870.339299 3907.923582 3909.147094 3874.079859 3927.306711 3985.779925 4008.200056 4053.741380 4036.369209 4020.729429 3979.055941 4003.155636 4040.095556 4110.966176 4288.571164 4378.803592 4436.286108 4444.203598 4444.257318 4473.385125 4519.549230 4569.731081 4618.639036 4581.548769 4636.138795 4663.140345 4668.782790 4669.572610 4675.630973 4674.002978 4672.785236 4668.228326 4662.986047 4663.168792 4667.944562 4667.807583 4664.789588 4661.310926 4655.546916 4648.128444 4642.985862 4638.344936 4635.702746 4632.894267 4630.831344 4629.886123 4624.842791
-9999.0 3283.948818 3359.581280 3416.039856 3456.498338 3540.733907 3671.222130 3816.871749 3913.664296 3946.542465 3913.103699 3940.391142 4044.126912 4153.299013 4206.425083 4227.197760 4203.965111 4150.079196 4125.478935 4169.545820 4242.118759 4369.008008 4519.162987 4624.410488 4640.784402 4644.547393 4591.184674 4619.897369 4646.510397 4649.668486 4650.918090 4660.037982 4665.206596 4668.277484 4666.666369 4663.761983 4658.897430 4650.612831 4645.834285 4642.054161 4638.212726 4636.895695 4638.771934 4640.779456 4637.882532 4633.948966 4629.457925 4623.884104 4617.504662 4610.668922 4606.225329 4601.864043 4599.679209 4593.888547 4590.466215
-9999.0 3153.340729 3251.845832 3287.778317 3349.964436 3541.954613 3671.295331 3808.466872 3978.176531 3994.091780 4032.518171 4177.248018 4300.806757 4383.861413 4411.116445 4443.667308 4468.212653 4483.397120 4521.548918 4385.303455 4472.285592 4580.107130 4630.172943 4651.883292 4664.014227 4664.429297 4654.204144 4633.044796 4622.227386 4615.461915 4617.076652 4624.407127 4628.938066 4633.607039 4631.264162 4632.468326 4633.840790 4630.683401 4626.582833 4617.701332 4609.764393 4602.819297 4599.196792 4603.771470 4599.144089 4596.931043 4590.614453 4581.981105 4572.858375 4565.447442 4557.305405 4550.664806 4548.456059 4543.449118 4542.208381
-9999.0 3072.188501 3143.128804 3193.377903 3295.161471 3457.939168 3542.909746 3697.558661 3946.932111 4088.604097 4263.090698 4359.806879 4430.965727 4469.955253 4518.891837 4573.507188 4602.112413 4615.215601 4580.495023 4606.270967 4561.613790 4550.241893 4568.447198 4598.803808 4617.216280 4621.509754 4613.844489 4605.018375 4597.723986 4596.600997 4594.232357 4589.562727 4584.874265 4580.949916 4577.811097 4581.045774 4586.568801 4579.180150 4568.439697 4558.621057 4549.782880 4540.289299 4534.187298 4529.188836 4529.882160 4530.210926 4522.432175 4511.773180 4500.702038 4492.246542 4485.019332 4480.639315 4477.791816 4472.654775 4462.399108
-9999.0 2946.294244 3081.062372 3151.281926 3236.196268 3361.305247 3457.447589 3604.625564 3728.786765 3980.224384 4118.139746 4333.101811 4386.307682 4460.345008 4506.383537 4582.572152 4576.968247 4545.814697 4500.762453 4484.947773 4498.174824 4507.736306 4515.524943 4529.436966 4547.588735 4558.113042 4563.953689 4558.331625 4544.001408 4530.844051 4518.741116 4504.163624 4494.218171 4491.430007 4496.243313 4506.939726 4507.063360 4497.658361 4483.177405 4464.327280 4448.252017 4436.079627 4434.230408 4437.296006 4438.584564 4434.302031 4428.596651 4417.603569 4404.795818 4392.018343 4386.551122 4382.285511 4374.543897 4362.781191 4350.451116
-9999.0 -9999.0 2991.395359 3098.210109 3185.515433 3290.952284 3370.324249 3479.069459 3615.264534 3783.657572 3900.382243 4094.135014 4196.198539 4241.222457 4272.774918 4330.179626 4358.152083 4393.320023 4390.990083 4405.257444 4416.681788 4422.574855 4427.496805 4432.465214 4442.779641 4452.881951 4463.926128 4461.074003 4452.354146 4431.033624 4404.034710 4382.958409 4372.037821 4362.210316 4375.006382 4387.858160 4381.715456 4374.684019 4361.778227 4345.317826 4332.737806 4318.259196 4314.807153 4314.579900 4315.237008 4312.977399 4310.796133 4298.267999 4285.958133 4276.333387 4272.482695 4266.800350 4263.455432 4253.650677 4243.013678
-9999.0 -9999.0 2902.444172 3002.820902 3099.506836 3212.737316 3289.584695 3283.670493 3413.496810 3512.414395 3620.843730 3735.927296 3837.220314 3908.212616 3939.390195 4003.046269 4063.941019 4083.836310 4129.780424 4190.365592 4227.459844 4270.381749 4295.183303 4304.432246 4317.044257 4332.095585 4339.489934 4323.495874 4312.138385 4294.860667 4270.795925 4243.146344 4229.180996 4229.401909 4227.672584 4228.352778 4220.222637 4211.318694 4196.700905 4183.036105 4170.909730 4162.462964 4158.925004 4152.771181 4150.186290 4147.414369 4145.946481 4141.318748 4133.581837 4129.547075 4121.200148 4117.823060 4117.367700 4114.942998 4109.750937
