tests/Borden05m/data_simulated/sim_1/output-maps/psiliqL0021N0013.asc
ncols         160
nrows         34
xllcorner     620200.000000
yllcorner     5168000.000000
cellsize      0.500000
NODATA_value  -9999.0
[rows 0 to 24 of 34, columns 55 to 109 of 160]
-9999.0 -9999.0 -9999.0 -9999.0 -9999.0 -9999.0 -9999.0 -9999.0 -9999.0 -9999.0 -9999.0 -9999.0 -9999.0 -9999.0 -9999.0 -9999.0 -9999.0 -9999.0 -9999.0 -9999.0 -9999.0 -9999.0 -9999.0 -9999.0 -9999.0 -9999.0 -9999.0 -9999.0 -9999.0 -9999.0 -9999.0 -9999.0 -9999.0 -9999.0 -9999.0 -9999.0 -9999.0 -9999.0 -9999.0 -9999.0 -9999.0 -9999.0 -9999.0 -9999.0 -9999.0 -9999.0 -9999.0 -9999.0 -9999.0 -9999.0 -9999.0 -9999.0 -9999.0 -9999.0 -9999.0
-9999.0 -9999.0 -9999.0 -9999.0 2434.811643 2429.625381 2425.018390 2420.835600 2412.827911 2404.085133 2396.548476 2392.975721 2392.430369 2392.126445 2392.092342 2397.583465 2406.062042 2414.067751 2421.342047 2423.901003 2426.494495 2428.719850 2429.274838 2428.330706 2425.356742 2422.399808 2419.206975 2417.727977 2410.222408 2399.101746 2390.669262 2387.977378 2392.217259 2396.534416 2398.915434 2404.202068 2414.494254 2424.837305 2432.803378 2444.525887 2450.533456 2455.239408 2457.404077 2452.799913 2448.879469 2444.514397 2438.464286 2427.197728 -9999.0 -9999.0 -9999.0 -9999.0 -9999.0 -9999.0 -9999.0
2379.920478 2398.961079 2419.842278 2423.247912 2411.740849 2406.954486 2404.119212 2402.743767 2398.726917 2390.676423 2386.027410 2381.096207 2379.254486 2379.786012 2380.244438 2384.575916 2395.575961 2403.850435 2408.844065 2411.765398 2414.763423 2413.900633 2413.427203 2413.363723 2410.649425 2407.324672 2404.081968 2402.383052 2403.558429 2396.055505 2390.310473 2386.605825 2384.099737 2386.655444 2389.160343 2393.157165 2402.240043 2409.951646 2417.598012 2431.806719 2444.146167 2449.108514 2445.990059 2440.637483 2436.235501 2428.622290 2417.906355 2407.548420 2398.810064 2391.916128 2385.840811 2378.938664 2384.389696 2390.964841 2399.724892
2364.784157 2384.507631 2405.321947 2408.369010 2398.170828 2390.587290 2384.884723 2385.771408 2389.427069 2386.630991 2382.432194 2376.235930 2386.134901 2387.736697 2389.119034 2392.870478 2395.754627 2400.551698 2403.454343 2409.077425 2418.229946 2421.177932 2421.832066 2422.088164 2420.319338 2417.249045 2415.474670 2412.813830 2407.668507 2406.210950 2406.137224 2405.236095 2409.586216 2410.946245 2413.376520 2407.328052 2411.232080 2417.195849 2423.729596 2429.299462 2435.172038 2437.694396 2433.785695 2433.132007 2424.055416 2409.756845 2398.941155 2390.615515 2389.527463 2385.831256 2377.180669 2363.022345 2369.997607 2385.020100 2388.900340
2371.590504 2381.194207 2392.723238 2395.899757 2391.342529 2393.712054 2395.958166 2397.837486 2396.671839 2393.934862 2391.051871 2402.775599 2411.907425 2413.941942 2417.082821 2421.470777 2422.412063 2411.643877 2409.833071 2417.726206 2427.711865 2433.235998 2433.589444 2433.490196 2430.577686 2429.606973 2429.455644 2427.619138 2427.674065 2429.611487 2428.115876 2431.690697 2437.223592 2440.520452 2433.990726 2425.146155 2426.688848 2434.721097 2443.474263 2450.671555 2460.544371 2470.925169 2470.009560 2464.311199 2454.804303 2441.101953 2417.420641 2398.432193 2386.679171 2378.148871 2370.043738 2370.951642 2365.924718 2377.804158 2378.631020
2365.083983 2384.980568 2405.976569 2413.200990 2407.859201 2404.262418 2403.100825 2404.440073 2404.571366 2406.661706 2417.435233 2430.612699 2444.062123 2447.014565 2449.645807 2449.108638 2441.167056 2431.276655 2428.571758 2442.755726 2459.897739 2468.166547 2468.284064 2465.503768 2470.197440 2469.886292 2469.669598 2465.859432 2467.187460 2466.334989 2473.494679 2481.129678 2488.703654 2487.124080 2474.723615 2462.590963 2461.795569 2466.023315 2471.341180 2478.020434 2487.674503 2496.368108 2490.717263 2483.985946 2474.727396 2446.998795 2421.350505 2405.223750 2404.401153 2403.889339 2398.336257 2394.852705 2391.990009 2385.750662 2384.716435
2408.503390 2429.283710 2450.586200 2465.476966 2460.284803 2453.404058 2445.114824 2446.242762 2448.416006 2455.844998 2467.915100 2483.139093 2506.419301 2507.812739 2509.824712 2510.469611 2498.814160 2486.493739 2476.524151 2497.263090 2508.276505 2516.058014 2515.259371 2522.322740 2531.556861 2527.760875 2520.972353 2509.775667 2515.750193 2524.345479 2539.449845 2546.880894 2551.496681 2548.086047 2535.157841 2528.665892 2528.875883 2533.445391 2532.923488 2539.522346 2548.277481 2562.520761 2560.707828 2554.324423 2532.555187 2494.749033 2462.341565 2445.266467 2453.498151 2446.140106 2437.968354 2435.226149 2421.884558 2412.130612 2412.651685
2453.285638 2469.542564 2487.548299 2505.493278 2499.086770 2489.686662 2475.389051 2474.174481 2480.475797 2491.382959 2510.172148 2530.667005 2552.673943 2555.669452 2553.352989 2563.059899 2557.360972 2547.764450 2540.448465 2558.114400 2569.086421 2579.458092 2586.749293 2599.500153 2610.457909 2596.826862 2581.939284 2573.749602 2580.142765 2603.400110 2623.712812 2628.551075 2628.311504 2628.690126 2615.695475 2610.087157 2605.457396 2603.482761 2599.309700 2596.128332 2617.990416 2636.742021 2635.103572 2612.045265 2588.010492 2549.347736 2510.734223 2482.198618 2488.706521 2484.360481 2484.698668 2471.457189 2457.012678 2444.858042 2437.841926
2520.345425 2545.788674 2564.645033 2586.511942 2582.179126 2562.661174 2550.859615 2555.197905 2569.184841 2577.648053 2595.550734 2615.924755 2644.328877 2660.517103 2675.413566 2681.335044 2673.254522 2664.897887 2652.891236 2655.663972 2677.237200 2690.667293 2700.339618 2709.837779 2722.493284 2724.994515 2719.902251 2718.715856 2722.705311 2733.635194 2745.857969 2752.475065 2756.082737 2757.993581 2748.144244 2736.448563 2734.248944 2727.582586 2723.917940 2721.987796 2729.306330 2745.302741 2741.625523 2708.225573 2680.075668 2643.782476 2605.103264 2573.979698 2562.282140 2574.993229 2568.584635 2550.496847 2535.315884 2504.759083 2493.851149
2605.042872 2639.806992 2666.241231 2680.762055 2691.800931 2682.089950 2682.496233 2687.532529 2696.330169 2700.987042 2708.652555 2741.347064 2774.295736 2801.186456 2825.053201 2833.553765 2822.439618 2813.099219 2800.622279 2791.972194 2800.690895 2817.338569 2834.883552 2850.231187 2861.595937 2864.326334 2862.876802 2863.113902 2865.934775 2868.865532 2872.614441 2880.138444 2887.644306 2821.783501 2827.565487 2822.266593 2879.806928 2869.196834 2858.071692 2855.186032 2854.828071 2855.727872 2855.393456 2841.080399 2802.036842 2770.485853 2738.870028 2714.817853 2697.297411 2690.148000 2668.523184 2643.768135 2593.497523 2554.453987 2520.745241
2708.145806 2751.985788 2781.260041 2802.181618 2817.022563 2817.418633 2820.541541 2823.174576 2828.635449 2832.936343 2838.074847 2863.724575 2824.917381 2859.738475 2890.135443 2891.480456 2879.397651 2868.484556 2858.989264 2846.109979 2842.495022 2853.414303 2867.300039 2886.059713 2896.894697 2904.268589 2901.060906 2901.441609 2903.714471 2905.083535 2907.048990 2910.096384 2918.740597 2929.267307 2942.416383 2942.398985 2929.014295 2912.528963 2896.175942 2892.014759 2888.264683 2882.976665 2884.405355 2885.710604 2872.917942 2847.355783 2883.181592 2841.015548 2819.303255 2800.336588 2786.948479 2770.305780 2733.897467 2670.203923 2632.880209
2833.540162 2866.462510 2819.257208 2846.067697 2862.126406 2866.323198 2864.851416 2864.804883 2871.912129 2875.900028 2883.059362 2898.515002 2924.030681 2956.775764 2985.199822 3001.161110 2994.842173 2978.917652 2958.626571 2950.561383 2948.323940 2951.432920 2959.948511 2971.113649 2989.168717 3006.710538 2985.478205 2986.323869 3010.256691 2986.014234 2986.225016 2986.299210 2988.549848 2995.631683 3004.483418 3007.594601 3002.203103 3010.282929 2988.702120 2976.354001 2969.116212 2965.279769 2965.126023 2968.764377 2970.547225 2956.963144 2928.211631 2886.360834 2855.338028 2837.908139 2827.435085 2887.424200 2873.912111 2844.038933 2822.542930
2865.896516 2880.669099 2904.495660 2932.211372 2954.307905 2969.468134 2971.110991 2975.030521 2979.790926 2987.940367 3002.493322 2996.592215 3012.376130 3032.741540 3057.244762 3072.059728 3077.377502 3076.371429 3073.283008 3074.684316 3074.979815 3024.704361 3029.863852 3034.989354 3048.708952 3061.556928 3064.956751 3065.479026 3064.603343 3065.030123 3065.607092 3065.595465 3065.245262 3066.775430 3070.847295 3072.403328 3070.530820 3061.190736 3074.311974 3055.451964 3042.627729 3034.753973 3026.789676 3018.550799 3009.250926 3000.873163 3010.020607 2981.317658 2947.647205 2925.299591 2916.362819 2913.454155 2905.506540 2899.701453 2883.237631
2961.914032 2972.888784 2990.183857 3011.317380 3014.308159 3034.656498 3045.485728 3054.336476 3058.898334 3072.078398 3087.383645 3073.836293 3080.471149 3087.385418 3094.252129 3096.608735 3097.281283 3096.967217 3094.644761 3094.022063 3091.878274 3088.039984 3077.958692 3079.530184 3081.325302 3083.899420 3087.526123 3086.352258 3087.423639 3090.339445 3088.686263 3082.873214 3078.995393 3077.437054 3078.254538 3085.560188 3088.916043 3089.841461 3087.291020 3086.459557 3085.664777 3082.934061 3079.518295 3074.696903 3068.524499 3079.490577 3069.488912 3043.445779 3007.402094 2997.436857 2988.386041 2988.125237 2988.051610 2985.908807 2980.037365
3050.256394 3063.124608 3077.092531 3061.330550 3078.067241 3087.216287 3091.517091 3095.055507 3097.661261 3100.064198 3096.974552 3093.805139 3089.015531 3087.569001 3086.247696 3083.838141 3084.470222 3082.573947 3078.591578 3074.767162 3067.406898 3056.201862 3045.028331 3041.836350 3046.228180 3051.622200 3056.470551 3060.472820 3064.043222 3064.422088 3059.247400 3051.094702 3043.779575 3042.060651 3048.772401 3054.430670 3060.499896 3061.313169 3059.952276 3057.663002 3057.601029 3054.647195 3054.969472 3061.796518 3075.932110 3079.621795 3084.381111 3083.693582 3070.351954 3047.362949 3052.633395 3033.090214 3038.367552 3033.936169 3022.837263
3088.954689 3091.207462 3089.916520 3088.606192 3082.399953 3076.485685 3075.748219 3079.702985 3086.643264 3087.780028 3080.811357 3072.448780 3065.406118 3058.293706 3056.075907 3055.308751 3054.945362 3055.331204 3050.101618 3041.449352 3026.394237 3014.960404 3003.921782 2997.994446 2994.858260 2998.801731 3009.491127 3020.714090 3025.582433 3017.213270 3009.171830 2997.855070 2989.874278 2990.276789 2991.730142 3001.015032 3016.783588 3023.288834 3024.048111 3018.084048 3012.309054 3005.950561 3003.246519 3009.740209 3024.720657 3039.455746 3054.166382 3062.853440 3070.337873 3077.172461 3077.330797 3079.500810 3080.701585 3078.972945 3080.572836
3082.990693 3076.225724 3069.471711 3064.347824 3057.940541 3052.616694 3050.878635 3052.969701 3055.260151 3051.489913 3045.159829 3036.526219 3025.734272 3016.171703 3009.136268 3010.107158 3012.406772 3013.851102 3006.999725 2993.394844 3003.444895 2990.624746 2976.810780 2972.783482 2967.177275 2960.630562 2970.764795 2989.431572 2996.338756 2981.222510 2970.789831 2956.093622 2949.386627 2945.818898 2946.954134 2956.112637 2977.732935 3000.272627 3002.261810 2992.030208 2981.935086 2977.434027 2974.719839 2980.131496 2996.665170 2987.600192 3001.672427 3011.601652 3016.914886 3024.688229 3033.957809 3046.039918 3060.068629 3071.809007 3077.659714
3058.629871 3050.999413 3043.456364 3035.996602 3029.272498 3024.554027 3020.417710 3018.478447 3015.061637 3009.156941 3003.569215 3013.516360 3001.745989 2988.983188 2974.321791 2970.369099 2965.986511 2967.067805 2955.614575 2946.931764 2930.794796 2915.655743 2903.399093 2891.019254 2885.188697 2878.707992 2878.826012 2892.781977 2901.311950 2890.651284 2880.859225 2869.646556 2864.730734 2861.528936 2863.952013 2874.461420 2894.926752 2913.479992 2921.620303 2914.398968 2912.122017 2908.122416 2906.819640 2913.102144 2925.120480 2942.802833 2964.683793 2982.710431 2992.601214 2999.939811 3008.879793 2993.114873 3005.569090 3019.495822 3036.866162
3028.598327 3020.854870 3011.210793 3001.819041 2992.935513 3011.798435 3005.902588 3007.775667 3001.260479 2995.076565 2974.656237 2923.462187 2906.757020 2888.034903 2871.918056 2865.290636 2856.995720 2843.318026 2834.402179 2829.178782 2828.568921 2817.536287 2871.089021 2853.373140 2847.867784 2843.710161 2828.744738 2826.872149 2828.071568 2840.355776 2833.924386 2831.315659 2832.075063 2829.876030 2832.078872 2845.514837 2855.081074 2862.742880 2870.235102 2874.195687 2884.691107 2819.401282 2824.321740 2841.111754 2852.940072 2869.070433 2889.806154 2911.265405 2926.031061 2935.726644 2946.408751 2960.958135 2977.317396 2994.993662 3016.642214
2997.166196 3010.694437 2997.023655 2982.716124 2970.025965 2958.074689 2943.030823 2944.305407 2941.449914 2931.614343 2884.202569 2846.426497 2885.997441 2867.217584 2842.598765 2828.117818 2811.621108 2775.710959 2758.179571 2755.049017 2766.065436 2760.330003 2745.807931 2733.098544 2723.737648 2714.891406 2698.439041 2682.563654 2688.076526 2704.544035 2703.889245 2705.820552 2712.699240 2712.064005 2706.718637 2706.957087 2720.244852 2727.229458 2738.876030 2755.665471 2761.467665 2775.813884 2808.670933 2823.570247 2840.560983 2861.444421 2883.995915 2831.298212 2849.720408 2863.719932 2878.896875 2893.946632 2910.659160 2931.194510 2954.033646
2976.000443 2947.098742 2926.596983 2909.553516 2894.270586 2869.217864 2848.875390 2846.305689 2839.686568 2816.680191 2833.595852 2795.343622 2770.349466 2747.414886 2722.779166 2698.995438 2661.964890 2627.283471 2605.145976 2616.969986 2626.313163 2634.189051 2621.872481 2610.285174 2600.280490 2583.324907 2566.802115 2551.740581 2561.920265 2570.478623 2586.311032 2592.297287 2596.329018 2601.475793 2600.469986 2592.037105 2590.538091 2599.477588 2610.299433 2622.820159 2643.059349 2679.281613 2705.596833 2725.208255 2747.572030 2768.890309 2792.493665 2816.333283 2840.666264 2859.503110 2879.666579 2822.976053 2840.428763 2860.241258 2883.817988
2902.065591 2874.127549 2847.828937 2828.256642 2866.842655 2821.372453 2804.744590 2793.996928 2773.180432 2727.851309 2686.191977 2658.818027 2641.851404 2617.338506 2594.577947 2565.329362 2532.095333 2508.592707 2487.628614 2496.312385 2505.080050 2522.124399 2512.189988 2503.889749 2499.765729 2484.445833 2470.891569 2454.980211 2461.581488 2473.052062 2494.706931 2500.270697 2504.386553 2513.320672 2512.824085 2509.254948 2494.769200 2502.684431 2514.131419 2529.478497 2560.308000 2584.001391 2608.047033 2631.048561 2652.289749 2677.464075 2702.264035 2727.403475 2755.736986 2777.366067 2798.222915 2820.438494 2841.915922 2859.648866 2879.193144
2864.014123 2838.492969 2816.842134 2791.503431 2750.630972 2705.503713 2663.696968 2638.789265 2589.556919 2553.860376 2528.716376 2522.821321 2508.331216 2487.007872 2466.522066 2445.493857 2422.065979 2401.822748 2376.679434 2381.164363 2395.583190 2411.378910 2410.423587 2409.895077 2407.809323 2397.886514 2384.331021 2370.699523 2374.378553 2390.928642 2408.640309 2418.077283 2425.675255 2433.612286 2433.763115 2425.370586 2416.253149 2421.790763 2437.435457 2454.812385 2474.239723 2496.176305 2518.475347 2540.177110 2563.954046 2587.777838 2612.371606 2639.037140 2669.196680 2692.310686 2717.883102 2744.303443 2763.805908 2775.684532 2787.218223
2753.766217 2732.692938 2708.155641 2679.692108 2635.889503 2594.854660 2553.191353 2507.416896 2473.314634 2442.627034 2432.148661 2415.502181 2400.592645 2384.733269 2363.985424 2346.679272 2330.623897 2308.935793 2296.439914 2302.812040 2315.795799 2324.489892 2329.938086 2327.446000 2324.828607 2318.629890 2304.756052 2298.946521 2308.528683 2323.773008 2337.838314 2349.126333 2356.138992 2361.736627 2359.064365 2350.501734 2347.147051 2355.723293 2371.627107 2385.871288 2401.878651 2423.369005 2445.073459 2467.730515 2491.398189 2514.660962 2540.460440 2566.965989 2593.920357 2622.012207 2646.276909 2669.178359 2680.807192 2692.794656 2696.699250
2620.516719 2606.815865 2580.463070 2551.550833 2521.221699 2486.262087 2459.627788 2427.133296 2396.441008 2366.835129 2340.894883 2326.983195 2319.477184 2305.835150 2288.107455 2276.219110 2260.212293 2247.924994 2252.025874 2253.430400 2262.042499 2260.781923 2261.456225 2258.757370 2257.939999 2255.102394 2247.730058 2258.228854 2265.051645 2278.797991 2289.067013 2298.786907 2304.829952 2308.721488 2309.735209 2305.201557 2310.726432 2317.430693 2331.676912 2343.348727 2357.670808 2378.215365 2395.633034 2415.296417 2438.658923 2462.544667 2487.520908 2514.212647 2543.058092 2568.849524 2588.345404 2596.895691 2608.007621 2612.439560 2604.781837
