tests/Borden05m/data_simulated/sim_1/output-maps/psiliqL0014N0002.asc
ncols         160
nrows         34
xllcorner     620200.000000
yllcorner     5168000.000000
cellsize      0.500000
NODATA_value  -9999.0
[rows 0 to 24 of 34, columns 0 to 55 of 160]
-9999.0 -9999.0 -9999.0 -9999.0 -9999.0 -9999.0 -9999.0 -9999.0 -9999.0 -9999.0 -9999.0 -9999.0 -9999.0 -9999.0 -9999.0 -9999.0 -9999.0 -9999.0 -9999.0 -9999.0 -9999.0 -9999.0 -9999.0 -9999.0 -9999.0 -9999.0 -9999.0 -9999.0 -9999.0 -9999.0 -9999.0 -9999.0 -9999.0 -9999.0 -9999.0 -9999.0 -9999.0 -9999.0 -9999.0 -9999.0 -9999.0 -9999.0 -9999.0 -9999.0 -9999.0 -9999.0 -9999.0 -9999.0 -9999.0 -9999.0 -9999.0 -9999.0 -9999.0 -9999.0 -9999.0 -9999.0
-9999.0 -9999.0 -9999.0 -9999.0 -9999.0 -9999.0 -9999.0 -9999.0 -9999.0 -9999.0 -9999.0 -9999.0 -9999.0 -9999.0 -9999.0 -9999.0 -9999.0 -9999.0 -9999.0 -9999.0 -9999.0 -9999.0 -9999.0 -9999.0 -9999.0 -9999.0 -9999.0 -9999.0 -9999.0 -9999.0 -9999.0 -9999.0 -9999.0 -9999.0 -9999.0 -9999.0 -9999.0 -9999.0 -9999.0 -9999.0 -9999.0 -9999.0 -9999.0 -9999.0 -9999.0 -9999.0 -9999.0 -9999.0 -9999.0 -9999.0 -9999.0 -9999.0 -9999.0 -9999.0 -9999.0 -9999.0
-9999.0 -9999.0 -9999.0 -9999.0 -9999.0 -9999.0 -9999.0 -9999.0 -9999.0 -9999.0 -9999.0 -9999.0 -9999.0 -9999.0 -9999.0 -9999.0 -9999.0 -9999.0 -9999.0 -9999.0 -9999.0 -9999.0 -9999.0 -9999.0 -9999.0 -9999.0 -9999.0 -9999.0 -9999.0 -9999.0 -9999.0 -9999.0 -9999.0 -9999.0 -9999.0 -9999.0 -9999.0 -9999.0 -9999.0 -9999.0 -9999.0 -9999.0 -9999.0 -9999.0 -9999.0 -9999.0 -9999.0 884.759334 867.462664 851.922969 849.369899 871.657718 894.892463 918.556073 939.009778 957.486868
-9999.0 -9999.0 -9999.0 -9999.0 -9999.0 -9999.0 -9999.0 -9999.0 -9999.0 -9999.0 -9999.0 -9999.0 -9999.0 -9999.0 -9999.0 -9999.0 -9999.0 -9999.0 -9999.0 -9999.0 -9999.0 -9999.0 -9999.0 -9999.0 -9999.0 -9999.0 -9999.0 -9999.0 -9999.0 -9999.0 -9999.0 -9999.0 -9999.0 -9999.0 -9999.0 -9999.0 -9999.0 -9999.0 -9999.0 -9999.0 932.709221 938.587376 939.643340 929.181265 917.949259 905.631845 885.618173 867.991388 853.296770 850.813058 853.419046 858.227948 880.530200 905.118001 924.689047 941.520709
-9999.0 -9999.0 -9999.0 -9999.0 -9999.0 -9999.0 -9999.0 -9999.0 -9999.0 -9999.0 -9999.0 -9999.0 -9999.0 -9999.0 -9999.0 -9999.0 -9999.0 -9999.0 -9999.0 -9999.0 -9999.0 -9999.0 -9999.0 -9999.0 -9999.0 -9999.0 -9999.0 -9999.0 -9999.0 -9999.0 -9999.0 -9999.0 -9999.0 -9999.0 840.914663 858.235359 876.198226 894.491708 911.123756 917.824732 923.622939 929.285556 925.102770 920.452424 909.080003 889.830324 870.360875 856.655428 854.629021 852.161636 856.361626 869.037448 885.695802 901.671969 922.445948 945.921955
-9999.0 -9999.0 -9999.0 -9999.0 -9999.0 -9999.0 -9999.0 -9999.0 -9999.0 -9999.0 -9999.0 -9999.0 -9999.0 -9999.0 -9999.0 -9999.0 -9999.0 -9999.0 -9999.0 -9999.0 -9999.0 -9999.0 -9999.0 -9999.0 -9999.0 -9999.0 -9999.0 -9999.0 845.858275 839.914232 834.829533 833.263266 831.869577 830.681912 837.437407 849.328885 867.167991 888.746450 901.616832 908.751034 915.348657 916.010878 910.886719 908.878952 909.199041 897.306103 885.587255 874.624328 864.029358 862.339341 871.782891 885.803517 901.890396 916.588539 931.848989 942.101555
-9999.0 -9999.0 -9999.0 -9999.0 -9999.0 -9999.0 -9999.0 -9999.0 -9999.0 -9999.0 -9999.0 -9999.0 -9999.0 -9999.0 -9999.0 -9999.0 -9999.0 -9999.0 -9999.0 -9999.0 -9999.0 -9999.0 -9999.0 816.480018 822.171484 828.631163 836.026909 836.874893 832.801501 827.158294 824.078835 822.501467 820.658524 825.024155 832.913005 846.304550 861.935182 883.665119 892.092843 897.954177 910.024104 912.717322 918.456065 922.442151 920.647220 917.638306 904.919536 895.412934 900.188894 905.831139 912.489369 920.331249 933.550241 948.619842 965.607007 985.414027
-9999.0 -9999.0 -9999.0 -9999.0 -9999.0 -9999.0 -9999.0 -9999.0 -9999.0 -9999.0 -9999.0 -9999.0 -9999.0 -9999.0 -9999.0 -9999.0 -9999.0 -9999.0 -9999.0 791.752419 792.633905 793.771521 798.402031 799.148516 801.208365 808.100900 816.148376 818.429799 816.595129 815.086160 816.496530 819.073193 823.292235 834.389293 848.006368 861.988857 875.622738 896.302048 910.855758 924.217899 940.023558 939.235067 935.093376 933.140395 933.490691 933.522733 937.322369 939.780207 945.865952 950.309095 956.429300 965.594426 976.905151 994.833262 1014.275946 1033.611747
-9999.0 -9999.0 -9999.0 -9999.0 -9999.0 -9999.0 -9999.0 -9999.0 -9999.0 -9999.0 -9999.0 -9999.0 -9999.0 -9999.0 -9999.0 -9999.0 763.226513 765.033186 767.188564 772.535311 775.364187 779.276207 786.127149 787.277464 790.939910 797.958535 802.708582 811.375134 819.276205 826.427880 832.221094 834.714006 841.945426 851.347842 862.978896 877.958715 899.156615 921.977039 937.970189 954.554512 971.421153 971.849096 970.590928 971.553475 971.845445 977.960205 995.202394 1000.801892 1001.843874 1018.123344 1032.021073 1037.034454 1044.572624 1063.387762 1086.696081 1109.506891
-9999.0 -9999.0 -9999.0 -9999.0 -9999.0 -9999.0 -9999.0 -9999.0 -9999.0 -9999.0 -9999.0 -9999.0 -9999.0 717.225597 721.313180 730.786566 739.949746 742.397289 746.594292 752.553473 764.646793 768.152507 774.244936 781.670838 793.375636 801.821105 810.805699 822.443958 830.644953 837.647811 844.428702 849.791662 862.743959 877.655665 893.069836 912.935037 934.565369 954.750919 974.890388 990.401852 1003.869702 1005.647634 1004.463871 1006.644289 1014.157665 1031.180831 1049.950321 1059.118489 1077.519507 1100.803649 1114.587089 1126.546654 1135.356844 1148.710681 1169.736938 1203.846374
-9999.0 -9999.0 -9999.0 -9999.0 -9999.0 -9999.0 -9999.0 -9999.0 -9999.0 -9999.0 684.490576 686.745282 683.225435 682.924199 687.892796 699.867979 713.427283 719.886265 731.304282 752.040049 769.604816 772.932297 787.270948 797.250998 803.790540 814.108016 827.031861 839.620391 856.210626 868.457897 879.827120 899.094877 915.266314 931.502838 948.963295 968.877250 988.384053 1016.545813 1043.259474 1055.960896 1078.128264 1089.132349 1086.299814 1086.463535 1095.476861 1111.808816 1133.602046 1157.810015 1180.478677 1206.930474 1225.591584 1240.990939 1252.504125 1265.390633 1281.567805 1317.164318
-9999.0 -9999.0 -9999.0 -9999.0 -9999.0 -9999.0 -9999.0 -9999.0 660.236347 667.430838 673.437214 670.317672 665.666296 661.636330 675.139745 690.797241 706.665323 724.045816 739.845085 757.788982 772.861405 788.869735 808.383875 819.837976 831.267467 846.343059 859.794480 876.745262 897.788645 910.400987 927.003736 948.109031 966.466612 984.213248 1002.687892 1020.654013 1046.962161 1080.284777 1112.104926 1134.935686 1162.928258 1186.191745 1185.873306 1188.816737 1193.816845 1220.280556 1250.793023 1282.884385 1310.126661 1339.584626 1371.133918 1390.940891 1403.001504 1416.548563 1432.550012 1452.202254
-9999.0 -9999.0 -9999.0 -9999.0 -9999.0 -9999.0 633.642238 657.737592 672.546530 664.473402 654.502041 650.658211 646.424493 669.251574 690.914477 707.914163 724.605533 742.008602 758.317289 771.195552 804.713215 822.078318 836.177296 854.058953 868.332538 882.647882 899.853287 922.975470 944.612473 974.179354 999.979865 1023.833503 1049.801603 1069.331918 1088.039269 1106.351405 1137.634121 1174.993912 1211.884214 1241.353863 1269.312083 1300.591964 1308.631376 1315.206739 1323.477659 1345.777115 1379.237569 1411.958627 1448.392995 1483.336978 1512.825360 1527.168457 1539.291006 1551.711291 1565.943078 1579.156842
-9999.0 -9999.0 -9999.0 -9999.0 600.681084 621.467273 641.334746 671.802005 694.105304 688.810641 695.249259 695.127215 693.046340 696.476819 703.119826 720.945589 739.231304 757.765040 775.379088 810.161264 853.624508 868.859215 892.986839 924.608054 938.066385 953.104195 969.094645 991.897368 1018.521768 1051.726827 1095.221801 1132.242006 1157.882071 1180.778685 1202.125357 1224.516882 1258.889564 1297.189368 1335.123957 1370.847687 1402.434737 1429.624674 1443.610705 1452.765553 1466.109861 1484.450480 1508.324079 1538.418395 1572.330091 1607.014920 1634.621877 1650.465727 1659.868886 1671.331206 1682.285715 1694.805577
-9999.0 -9999.0 -9999.0 551.700615 590.232501 627.764652 654.569624 685.173897 716.887583 721.330848 729.844629 734.527798 739.151654 747.387406 755.765872 772.495595 788.189831 803.498705 825.098452 861.355500 895.938716 925.557516 957.112554 983.768345 1004.387574 1020.121634 1038.407326 1062.274300 1101.762761 1139.143408 1189.155919 1242.173908 1279.095022 1303.885612 1326.680715 1354.860140 1381.121721 1418.760470 1455.574835 1490.976745 1524.996158 1551.653422 1571.899698 1580.892518 1591.895343 1602.540290 1621.248290 1645.203382 1669.326840 1700.051864 1730.060856 1755.952732 1770.868977 1781.381209 1797.533954 1813.669865
-9999.0 -9999.0 504.767628 542.377648 576.409274 626.504539 679.038820 712.893239 753.248989 776.670308 782.948249 799.629552 815.266648 822.189815 837.472747 854.292767 871.193706 877.313993 893.364841 923.786006 973.188247 1018.308868 1039.958500 1090.858407 1123.928867 1151.158099 1168.711552 1195.399811 1230.702416 1272.622084 1321.495423 1371.858462 1411.155174 1443.335428 1461.225143 1482.289623 1506.885769 1532.746270 1568.552686 1599.677043 1633.058499 1660.708746 1683.609514 1691.683278 1697.954498 1715.109635 1740.926407 1768.272126 1794.112215 1818.875068 1824.661424 1837.080279 1843.378147 1847.297540 1852.334009 1855.993225
-9999.0 -9999.0 478.235216 522.906356 563.216266 629.688058 708.468184 745.097704 787.347952 832.289503 850.280282 873.987517 886.143713 896.225655 919.325677 941.607259 952.969370 959.222549 958.720018 1013.566397 1071.245806 1122.381525 1171.032325 1237.190682 1282.419256 1299.312210 1312.353418 1333.706431 1359.236483 1403.207557 1451.830094 1505.412954 1550.052850 1582.109958 1599.761562 1619.573115 1641.484031 1660.892163 1681.505376 1721.875230 1750.338293 1776.995717 1804.357738 1825.214178 1834.495172 1839.237213 1831.072305 1842.061285 1850.190711 1854.839528 1857.503590 1855.629109 1856.070934 1857.550026 1859.132029 1854.692869
-9999.0 389.781672 441.784623 494.887968 563.655806 630.709446 713.588670 792.801170 848.063578 893.808954 922.012206 934.411632 972.224656 1014.978997 1040.946603 1067.958231 1070.892654 1075.745022 1066.441325 1114.069765 1164.062444 1239.404292 1348.999523 1406.093316 1450.939790 1455.034015 1452.269400 1466.624871 1491.914013 1536.073262 1603.124423 1650.839260 1703.931045 1744.313662 1760.488734 1768.731349 1787.544572 1808.519070 1799.125835 1821.965906 1833.413382 1843.027489 1846.522497 1849.464849 1851.958757 1853.870201 1852.637257 1848.323546 1842.518638 1838.671372 1835.997902 1832.447552 1835.433913 1838.978138 1839.922737 1833.276382
-9999.0 354.464607 413.899955 485.273717 556.052996 624.449321 728.085889 868.335121 920.003374 955.855998 978.568747 1002.987352 1081.290889 1147.650017 1182.928300 1227.763793 1223.992596 1214.868130 1203.772489 1237.272809 1287.421148 1361.605864 1501.986739 1586.698666 1615.437203 1629.059308 1638.767602 1666.959498 1704.450198 1741.026542 1774.244619 1776.942770 1803.332958 1817.477487 1823.125054 1826.737586 1832.218507 1834.477201 1834.516945 1832.882110 1830.109645 1831.897454 1837.232653 1838.392632 1837.117664 1835.687574 1831.842918 1825.955972 1821.891468 1818.428947 1816.453015 1813.814131 1812.219603 1811.982070 1807.312785 1801.302719
-9999.0 325.430436 396.274500 459.811894 525.449696 640.499096 764.980807 898.125554 988.777746 1025.122902 1050.221586 1121.083315 1221.943307 1318.398287 1371.845421 1399.575049 1404.478969 1387.365441 1393.744199 1439.130940 1503.703017 1593.415490 1682.431948 1758.323025 1773.876184 1780.543882 1764.668681 1780.267002 1794.720702 1799.795383 1803.836027 1809.504626 1817.092569 1822.183093 1823.312024 1822.829082 1820.397307 1814.533197 1811.286810 1809.384143 1807.020578 1807.423192 1810.745866 1812.655702 1811.100803 1808.415656 1805.110382 1800.575434 1795.421501 1789.516546 1785.846973 1781.640014 1778.815080 1773.020358 1767.515760 1760.279015
-9999.0 227.449693 315.088309 370.684354 487.400659 659.676622 784.768712 933.346810 1075.689093 1114.190586 1190.098644 1308.799651 1415.010997 1491.458655 1536.053974 1580.903730 1612.434283 1638.351192 1674.517467 1638.761651 1694.044704 1749.093759 1774.152973 1787.789416 1792.089996 1796.626401 1792.375176 1776.895936 1769.929952 1766.273205 1770.551291 1779.983709 1787.351009 1794.510006 1794.085801 1796.081359 1797.346648 1794.909494 1791.947015 1784.283026 1776.949407 1771.338249 1769.677767 1775.121330 1770.774699 1768.330890 1763.241270 1756.114298 1748.161391 1740.867169 1733.047508 1725.572822 1721.377903 1713.993608 1710.328645 1699.857328
-9999.0 146.604071 223.577514 314.546761 453.974213 617.349576 747.960954 913.771310 1116.975079 1229.724522 1350.342127 1422.666346 1499.246871 1565.415744 1632.082149 1681.032393 1708.293099 1720.889619 1714.246037 1726.415161 1697.516642 1693.001612 1712.080444 1739.965061 1755.264611 1761.948770 1756.598583 1749.004069 1744.541431 1745.691636 1746.243855 1746.289479 1745.895137 1744.900158 1742.815879 1745.523776 1750.545604 1744.783144 1736.215218 1727.607741 1719.468658 1710.444390 1704.424372 1700.792363 1699.704084 1699.737819 1692.759136 1682.915553 1672.682915 1664.415167 1656.077941 1649.065481 1644.334253 1636.696663 1625.900790 1610.705941
-9999.0 49.591712 169.908627 264.925406 388.240206 525.014456 651.906631 814.770553 962.566728 1178.068901 1335.368494 1438.553557 1483.365947 1545.786127 1609.672847 1678.852978 1686.908264 1661.631865 1632.981712 1620.945796 1628.033036 1639.003051 1653.238881 1673.790746 1692.549902 1703.921286 1707.979344 1702.452661 1690.567257 1682.505390 1676.777061 1667.867323 1661.582017 1661.053754 1662.285542 1669.621614 1671.810020 1662.456247 1648.792551 1631.470256 1615.795691 1603.655982 1599.571771 1600.167156 1599.826889 1596.185608 1589.469684 1579.095572 1566.567907 1554.465150 1546.099738 1538.981247 1529.715913 1516.955299 1502.928297 1487.487908
-9999.0 -9999.0 95.338486 206.487110 315.526293 438.803496 555.250398 699.101935 848.304318 1028.017610 1144.329740 1272.126271 1345.617097 1394.939752 1448.616396 1505.683973 1526.762585 1547.725323 1533.305852 1539.097333 1546.672338 1553.404633 1563.680936 1575.985664 1590.228852 1601.464500 1610.383707 1609.361025 1601.064086 1584.531722 1564.767898 1549.714157 1541.278478 1534.699836 1544.032371 1555.197957 1551.966446 1544.657590 1531.562172 1514.131470 1499.000657 1483.389101 1478.141543 1477.466822 1476.950924 1473.712931 1469.009811 1456.081979 1442.955605 1430.599692 1424.127218 1416.543828 1409.201570 1396.239896 1382.484485 1367.699189
-9999.0 -9999.0 11.325983 120.408951 235.760609 359.339721 460.313402 538.677618 690.623800 805.957711 908.549670 1005.339836 1087.124740 1151.165385 1196.858578 1258.827452 1300.335142 1317.232030 1337.372167 1366.797176 1392.438852 1419.802315 1438.091906 1451.252540 1465.929961 1480.067355 1489.525242 1478.529004 1467.922020 1451.583555 1430.688824 1407.995623 1396.285053 1392.825933 1395.086072 1400.027365 1394.048986 1383.932540 1368.669606 1351.653082 1336.990959 1324.120799 1318.798367 1314.582695 1312.688364 1309.452124 1306.056514 1297.446344 1286.100126 1278.146131 1269.307161 1262.495154 1258.329017 1250.485229 1240.267515 1233.120058
