tests/Borden05m/data_simulated/sim_1/output-maps/psiliqL0000N0007.asc
ncols         160
nrows         34
xllcorner     620200.000000
yllcorner     5168000.000000
cellsize      0.500000
NODATA_value  -9999.0
[rows 0 to 24 of 34, columns 58 to 115 of 160]
-9999.0 -9999.0 -9999.0 -9999.0 -9999.0 -9999.0 -9999.0 -9999.0 -9999.0 -9999.0 -9999.0 -9999.0 -9999.0 -9999.0 -9999.0 -9999.0 -9999.0 -9999.0 -9999.0 -9999.0 -9999.0 -9999.0 -9999.0 -9999.0 -9999.0 -9999.0 -9999.0 -9999.0 -9999.0 -9999.0 -9999.0 -9999.0 -9999.0 -9999.0 -9999.0 -9999.0 -9999.0 -9999.0 -9999.0 -9999.0 -9999.0 -9999.0 -9999.0 -9999.0 -9999.0 -9999.0 -9999.0 -9999.0 -9999.0 -9999.0 -9999.0 -9999.0 -9999.0 -9999.0 -9999.0 -9999.0 -9999.0 -9999.0
-9999.0 -467.676896 -469.021527 -469.778212 -469.988796 -471.794163 -473.029775 -474.704623 -474.744022 -474.373415 -474.728143 -475.662473 -474.788475 -473.745174 -472.947731 -471.575278 -472.181673 -472.164267 -471.611489 -471.449613 -471.664800 -472.281143 -472.571670 -472.961769 -471.843311 -473.888716 -476.573169 -478.627599 -478.972828 -476.958754 -475.905576 -476.370240 -475.569042 -473.625340 -472.160382 -472.173266 -470.374421 -471.403460 -470.797514 -469.245962 -470.398118 -470.400251 -469.800160 -468.783226 -471.869335 -9999.0 -9999.0 -9999.0 -9999.0 -9999.0 -9999.0 -9999.0 -9999.0 -9999.0 -9999.0 -9999.0 -9999.0 -9999.0
-469.103730 -476.000670 -476.328775 -476.171292 -475.579267 -476.206962 -478.336893 -478.607995 -480.291544 -481.066383 -481.289245 -482.118886 -481.755868 -478.984833 -477.123893 -476.800673 -477.520117 -477.976216 -478.779042 -479.275983 -479.058271 -479.669897 -480.176630 -480.735600 -480.337054 -478.126294 -480.145171 -481.069236 -482.120601 -483.412884 -483.074113 -482.815522 -482.843851 -480.338231 -479.764460 -479.608243 -476.415702 -473.434000 -472.891823 -474.390240 -475.753296 -474.945681 -474.533654 -475.389515 -476.139231 -475.250149 -475.463901 -475.417345 -476.647353 -474.716616 -475.203260 -473.364869 -472.009517 -470.438720 -467.612862 -9999.0 -9999.0 -9999.0
-474.003012 -478.958588 -481.753523 -482.500251 -481.702209 -479.362275 -480.011155 -481.694854 -484.513134 -481.562057 -482.111207 -482.509291 -482.109443 -481.242242 -480.910829 -480.588032 -480.179055 -477.772237 -478.220474 -478.532855 -478.374250 -478.756654 -479.492310 -479.251332 -479.562541 -481.742357 -481.274812 -480.687993 -481.275947 -479.139414 -479.111404 -477.733946 -481.690663 -481.210017 -480.647851 -480.477822 -480.603639 -480.625027 -480.213922 -481.941902 -480.403417 -481.239934 -483.562662 -483.476428 -482.502863 -479.416859 -477.745991 -478.986926 -484.381316 -481.581518 -475.774174 -476.677216 -478.113399 -475.726720 -473.451019 -469.635138 -470.456242 -470.853394
-481.916030 -483.916275 -481.604189 -479.774757 -478.644964 -479.589933 -481.570402 -484.151819 -479.601845 -478.071959 -479.442241 -479.035611 -477.672510 -477.457845 -483.343078 -484.909548 -482.937706 -481.000719 -480.339397 -481.604476 -482.209553 -483.280405 -483.163186 -482.362884 -482.860892 -481.912034 -481.238012 -482.546849 -481.290053 -479.797925 -478.104559 -481.595499 -484.695848 -484.474966 -481.901979 -480.261315 -479.793108 -477.544129 -473.483052 -474.248386 -474.850623 -474.520859 -473.808431 -478.041532 -482.109888 -483.590342 -484.148983 -485.353157 -483.957720 -485.048352 -480.278932 -480.859920 -481.864603 -479.912983 -478.674192 -476.879761 -475.529343 -475.835846
-480.323626 -483.531429 -485.005645 -485.537080 -484.951133 -485.700084 -485.904884 -482.163875 -480.719094 -477.597413 -479.568186 -479.679061 -479.827460 -483.493159 -486.052760 -488.005695 -482.314298 -478.115391 -477.128929 -478.831406 -480.333376 -476.211556 -477.423101 -477.677404 -480.069665 -479.268528 -480.174104 -476.170986 -474.951860 -472.835300 -473.692981 -477.692146 -481.013161 -481.027489 -480.732899 -481.457447 -480.878444 -478.803873 -475.878759 -478.506823 -478.913072 -477.266653 -483.534605 -488.124633 -489.166554 -484.209751 -481.353664 -481.551724 -480.837916 -480.298664 -483.371391 -482.485133 -482.095670 -483.797520 -480.468865 -477.187298 -477.040008 -480.238831
-470.155279 -473.902756 -476.021125 -480.306678 -479.691982 -479.413174 -478.408706 -477.246074 -474.474500 -467.818933 -470.490309 -470.545664 -467.994752 -471.804167 -475.106595 -480.982695 -474.490686 -473.900283 -472.567602 -473.775912 -469.451957 -465.457497 -468.056246 -471.356987 -475.701980 -473.083025 -467.761523 -463.029147 -462.355685 -461.998129 -460.861851 -464.294567 -464.704263 -465.275884 -464.865690 -467.886463 -468.310146 -465.136672 -458.805551 -457.851292 -459.876863 -464.516342 -472.526035 -479.985908 -483.789529 -476.744513 -478.306722 -478.776962 -477.104494 -480.392123 -482.005433 -478.083668 -480.791775 -482.966068 -478.117142 -478.025174 -479.043949 -483.249783
-471.911775 -474.655882 -478.776768 -483.363567 -483.292226 -480.745384 -480.153199 -475.713461 -469.223334 -462.116765 -459.119564 -456.535668 -451.874194 -454.935163 -457.773627 -461.688584 -460.815482 -456.185159 -452.295709 -447.773716 -442.165519 -433.926871 -433.861721 -436.246135 -435.083274 -432.447186 -423.617964 -415.909157 -412.695212 -410.478438 -406.008832 -408.183413 -412.847697 -419.090389 -426.756054 -435.445229 -442.778740 -437.298836 -429.970301 -430.905401 -444.129428 -451.915902 -460.922093 -470.170185 -481.638065 -480.299433 -477.326992 -474.357443 -478.255715 -479.221151 -482.306335 -482.172403 -480.799037 -485.160368 -482.382061 -482.230299 -479.289165 -474.269442
-447.338271 -444.750732 -452.151569 -452.938405 -450.600218 -446.085919 -445.798274 -440.868763 -420.365534 -395.854818 -374.260240 -348.414684 -343.168920 -356.240657 -366.816248 -380.116752 -387.234620 -378.068708 -367.376485 -352.574599 -329.540978 -290.126649 -243.169346 -219.903425 -202.625370 -187.517846 -179.492267 -172.790329 -165.820647 -159.492913 -153.711156 -153.120892 -161.521759 -172.223616 -192.325914 -233.681375 -273.701995 -292.773141 -281.884492 -289.800049 -335.009595 -370.010924 -392.383177 -414.544645 -435.583394 -449.950205 -447.226015 -452.291779 -455.950471 -459.951951 -471.995045 -473.729544 -474.125325 -484.652645 -485.564884 -482.312699 -477.981367 -474.244679
-384.841455 -370.383487 -369.127958 -365.798095 -363.509049 -358.217071 -350.320919 -323.754443 -220.136135 -164.620898 -131.848271 -110.387903 -102.555368 -112.025070 -120.750604 -129.470027 -137.181351 -136.467220 -123.495395 -105.936639 -85.622065 -65.219906 -48.692795 -39.543710 -31.320817 -24.385626 -18.739827 -15.884162 -11.900448 -7.577547 -2.103878 0.021300 0.008978 -11.019423 -24.293582 -46.436233 -63.062163 -70.345503 -74.753479 -79.914281 -92.693050 -124.135568 -151.637966 -194.408759 -280.247571 -352.192520 -378.996511 -393.042391 -404.101631 -428.043306 -451.534222 -464.981629 -473.420766 -482.628266 -484.448524 -472.703234 -461.178611 -467.183012
-135.912921 -123.266036 -120.328377 -119.583404 -117.714853 -111.956462 -104.087922 -86.763975 -49.927811 -14.884757 0.019861 0.047708 0.057886 0.036599 0.029877 0.022890 0.015773 0.011725 0.019409 0.026043 0.038871 0.047414 0.064778 0.060595 0.066374 0.054870 0.063658 0.066935 0.059630 0.063763 0.072495 0.090344 0.109279 0.074931 0.062863 0.052785 0.052789 0.049018 0.042977 0.044119 0.047777 0.052005 0.014453 -21.977723 -70.995302 -111.537030 -135.644249 -148.566550 -168.010115 -204.990315 -318.764014 -360.723818 -386.676020 -410.546225 -434.937493 -427.137665 -438.448434 -443.328193
0.010885 0.029102 0.037237 0.028292 0.026647 0.031519 0.033416 0.039546 0.049675 0.056683 0.071507 0.102338 0.194677 0.138267 0.105207 0.077926 0.082770 0.079489 0.082345 0.094742 0.095428 0.116417 0.163074 0.192579 0.210374 0.123924 0.172634 0.196570 0.174428 0.140321 0.161134 0.213077 0.306321 0.211005 0.148911 0.114857 0.098752 0.091976 0.091917 0.089723 0.110257 0.118594 0.092312 0.065941 0.044543 0.024586 0.010213 -5.239759 -17.820822 -38.082697 -71.628249 -97.203733 -122.857194 -161.583258 -222.228578 -321.078884 -355.048166 -372.355186
0.067466 0.085240 0.104921 0.096308 0.103388 0.096029 0.106374 0.129790 0.176599 0.210398 2.155185 16.511150 25.240287 30.662714 31.617617 32.901276 34.219318 34.754800 34.319792 35.397397 35.384322 35.418391 38.196510 37.976833 38.415819 37.743160 38.697168 37.982610 38.802741 37.844337 36.668091 36.020854 36.342724 35.766100 34.022710 26.216448 12.353998 2.361418 0.337243 0.262659 0.232044 0.202646 0.171091 0.136312 0.099246 0.077028 0.064018 0.067201 0.069741 0.064441 0.059610 0.041299 0.025881 -3.206372 -35.574404 -88.917757 -109.900024 -129.585260
0.140809 0.209455 1.487428 8.303036 15.029428 19.268395 28.346662 37.717959 40.816389 39.931203 40.624768 39.829866 40.554692 39.624881 40.501880 37.470258 38.401082 36.488138 31.836065 23.101067 24.451636 25.592620 27.536974 30.961124 29.157689 30.128992 32.419177 31.425463 26.225239 23.233650 21.528935 21.500216 27.804788 30.637914 30.803914 31.893067 30.999933 30.970287 30.781653 30.637448 30.479920 30.323706 25.682436 17.907241 0.550360 0.158515 0.113381 0.103744 0.093173 0.145220 0.124547 0.120775 0.096037 0.075920 0.055256 0.032924 0.025708 0.014314
42.117292 41.149952 42.023092 41.737518 42.276321 44.813927 43.213194 41.094276 36.476960 32.899731 31.473943 30.755831 28.192455 29.131336 26.993031 23.681890 20.828968 15.804523 6.608459 0.299727 0.220126 0.375524 2.370623 6.189713 8.032887 10.985344 12.521732 8.783688 1.712096 0.266083 0.194448 0.399725 3.463831 7.699596 7.787795 6.555139 4.515945 4.882007 2.862402 3.245625 8.911892 20.055555 27.577285 27.491488 27.198751 27.075090 26.936524 6.960827 0.153858 0.491863 0.309725 0.223576 0.157027 0.128511 0.104096 0.086280 0.071314 0.075826
32.558240 27.829851 22.421105 21.803341 25.630285 31.503741 33.447933 27.055179 19.982695 14.218582 8.461876 7.062367 5.360981 4.755327 4.530744 0.626461 0.341201 0.223852 0.196816 0.164921 0.155463 0.128777 0.137093 0.167925 0.218764 0.398212 0.208170 0.186167 0.147547 0.119695 0.131819 0.135511 0.151123 0.219418 0.282283 0.369397 0.213952 0.204360 0.164910 0.120166 0.156396 0.212573 0.302261 1.944828 8.075192 14.328233 19.638116 26.616769 26.473633 26.269760 26.071577 22.027963 9.734354 0.305334 0.185283 0.141550 0.109733 0.125020
11.737800 5.837607 0.635862 0.342824 2.149208 5.709444 4.112144 0.449148 0.266759 0.216276 0.175482 0.133909 0.171680 0.187943 0.290338 0.194803 0.162653 0.139908 0.134203 0.113580 0.124615 0.106098 0.070934 0.092666 0.128370 0.204380 0.109484 0.108465 0.089898 0.085683 0.074830 0.080202 0.086367 0.109390 0.182778 0.227478 0.140956 0.126729 0.121483 0.091099 0.109330 0.134503 0.163842 0.190928 0.220946 0.223816 0.244180 0.276718 0.391480 5.749460 14.687433 24.954065 25.138179 24.960465 24.837540 9.366686 0.306079 0.235260
0.295576 0.250690 0.213234 0.199470 0.283132 0.250092 0.208750 0.181115 0.148701 0.141663 0.126877 0.097924 0.104325 0.084302 0.145592 0.098251 0.097206 0.079521 0.074987 0.063865 0.058262 0.050269 0.032114 0.037984 0.051481 0.083862 0.045379 0.043419 0.033288 0.032190 0.027922 0.029111 0.033732 0.053429 0.077380 0.116191 0.079638 0.075565 0.073968 0.062565 0.070610 0.082742 0.098696 0.120158 0.142964 0.152423 0.152917 0.155573 0.173196 0.191002 0.209747 0.262203 2.126199 13.995670 21.741215 27.182701 26.992352 26.807364
0.201818 0.178403 0.145182 0.108198 0.239540 0.162721 0.155438 0.118835 0.059758 0.062764 0.050356 0.037218 0.035636 0.024962 0.026107 0.017447 0.016846 0.006487 -8.912122 -27.893889 -56.959905 -77.932522 -91.706327 -104.388009 -100.932502 -97.769820 -95.920552 -101.765512 -107.474757 -109.626702 -110.891984 -105.037158 -86.571982 -62.419723 -34.675119 -17.988868 -15.091998 -5.947599 0.002433 -0.988090 0.023116 0.034378 0.047640 0.061082 0.081348 0.094582 0.101807 0.107193 0.120305 0.131690 0.139316 0.156842 0.197554 0.244248 0.279068 0.392289 5.258993 16.670404
0.138352 0.124681 0.103043 0.068377 0.126626 0.103575 0.094308 0.045477 0.012169 -17.021045 -39.641314 -80.490125 -103.605548 -116.176191 -135.297038 -144.243788 -150.229328 -148.341460 -163.064342 -194.829736 -257.633856 -307.859400 -326.783910 -345.305814 -350.102082 -344.374635 -330.687685 -344.210929 -352.296874 -350.905564 -354.427387 -354.918141 -334.347225 -283.584257 -219.604788 -183.788059 -166.599925 -159.762940 -155.103653 -133.469151 -118.729131 -95.549559 -53.796016 -21.239018 -0.298387 0.032551 0.047908 0.058390 0.071722 0.079114 0.092475 0.105680 0.133783 0.154589 0.168567 0.175444 0.177801 0.201822
0.071933 0.059862 0.042195 0.017310 0.027130 0.004916 -16.008784 -70.494634 -124.295626 -165.062664 -209.989205 -306.784314 -347.264225 -369.413917 -390.783384 -401.649837 -400.974531 -397.714918 -403.014603 -415.513759 -428.071956 -435.416544 -440.094070 -446.298379 -449.839870 -445.818571 -442.068994 -443.231680 -443.812083 -442.546606 -442.997242 -443.691399 -443.924084 -434.977564 -426.772014 -418.759651 -413.494220 -411.216918 -396.864913 -380.739551 -366.576940 -331.644827 -235.835144 -172.661648 -133.546441 -101.025033 -62.437341 -28.129643 -6.590239 0.022502 0.040982 0.056338 0.073535 0.093507 0.104177 0.116093 0.120270 0.131093
-8.887325 -39.145242 -95.924886 -118.390717 -128.895151 -138.393570 -183.375280 -284.298801 -370.077482 -397.310197 -414.597548 -432.001380 -442.284760 -451.304440 -459.288272 -464.478726 -460.000128 -458.429134 -454.890711 -460.708675 -465.122990 -465.475153 -468.854129 -471.665705 -476.382561 -472.325658 -471.245553 -467.018327 -468.092019 -468.400694 -466.437511 -467.564927 -467.808502 -471.029956 -467.809028 -466.526334 -465.315603 -458.241296 -452.189822 -445.823616 -440.414552 -432.565882 -416.664686 -396.449236 -373.721367 -335.401300 -248.523997 -179.320607 -138.652644 -104.752360 -65.375277 -29.569744 -4.982607 0.024085 0.040875 0.059826 0.065584 0.077354
-151.907563 -212.065026 -336.494846 -377.012801 -380.114472 -396.792990 -414.582575 -441.458415 -452.572636 -457.053006 -462.555468 -466.363456 -468.534324 -473.363671 -476.386795 -482.648522 -479.779777 -476.402675 -471.207762 -475.704038 -475.964739 -474.478948 -476.514049 -478.641143 -482.920846 -482.373843 -479.216471 -475.437484 -476.232745 -475.744881 -473.444459 -473.348418 -475.172281 -479.222079 -478.579715 -476.722275 -475.334374 -471.863658 -469.070944 -466.450583 -464.489150 -460.846621 -455.851590 -450.007694 -442.097149 -430.876295 -418.036872 -397.272621 -372.282420 -335.235971 -259.740280 -187.413239 -143.413167 -116.273770 -80.007200 -37.148256 -14.329619 0.018063
-381.275502 -409.762849 -436.453517 -452.509661 -460.004420 -466.275316 -472.437543 -473.990155 -475.494789 -477.543678 -479.072534 -480.877944 -482.462802 -483.566902 -486.192846 -492.856724 -489.843423 -486.049305 -481.631300 -481.490246 -481.839662 -481.202325 -481.915925 -484.750077 -490.337653 -488.063048 -485.052406 -482.442769 -481.917755 -481.657760 -479.890424 -481.281892 -484.008012 -488.129542 -486.631976 -484.059266 -483.160808 -482.041316 -480.075053 -478.050484 -476.205788 -473.994597 -471.929703 -468.597855 -464.761669 -460.113879 -454.251495 -446.851862 -436.849516 -431.040439 -419.161984 -403.695481 -384.556483 -360.503659 -303.831925 -203.175939 -151.967524 -104.964865
-448.501899 -456.930129 -466.550722 -469.918783 -473.075287 -475.728406 -478.963306 -480.690205 -482.074688 -479.979596 -480.295253 -482.896725 -481.993833 -483.111365 -488.501352 -486.080407 -484.435856 -479.832069 -480.940429 -481.251590 -482.336512 -481.443080 -482.028343 -487.581672 -484.631881 -483.602119 -480.653177 -480.503700 -480.159733 -479.881847 -479.440156 -480.111945 -484.076400 -483.241186 -482.444495 -479.919633 -480.493630 -480.089152 -477.619798 -477.746353 -476.940465 -475.463151 -474.022533 -472.233492 -469.905532 -465.950535 -461.761515 -457.442093 -457.176654 -453.936235 -450.583594 -453.815933 -446.752636 -440.353245 -430.613454 -410.221795 -389.065353 -344.061350
