tests/Borden05m/data_simulated/sim_1/output-maps/psiliqL0009N0004.asc
ncols         160
nrows         34
xllcorner     620200.000000
yllcorner     5168000.000000
cellsize      0.500000
NODATA_value  -9999.0
[rows 0 to 25 of 34, columns 0 to 56 of 160]
-9999.0 -9999.0 -9999.0 -9999.0 -9999.0 -9999.0 -9999.0 -9999.0 -9999.0 -9999.0 -9999.0 -9999.0 -9999.0 -9999.0 -9999.0 -9999.0 -9999.0 -9999.0 -9999.0 -9999.0 -9999.0 -9999.0 -9999.0 -9999.0 -9999.0 -9999.0 -9999.0 -9999.0 -9999.0 -9999.0 -9999.0 -9999.0 -9999.0 -9999.0 -9999.0 -9999.0 -9999.0 -9999.0 -9999.0 -9999.0 -9999.0 -9999.0 -9999.0 -9999.0 -9999.0 -9999.0 -9999.0 -9999.0 -9999.0 -9999.0 -9999.0 -9999.0 -9999.0 -9999.0 -9999.0 -9999.0 -9999.0
-9999.0 -9999.0 -9999.0 -9999.0 -9999.0 -9999.0 -9999.0 -9999.0 -9999.0 -9999.0 -9999.0 -9999.0 -9999.0 -9999.0 -9999.0 -9999.0 -9999.0 -9999.0 -9999.0 -9999.0 -9999.0 -9999.0 -9999.0 -9999.0 -9999.0 -9999.0 -9999.0 -9999.0 -9999.0 -9999.0 -9999.0 -9999.0 -9999.0 -9999.0 -9999.0 -9999.0 -9999.0 -9999.0 -9999.0 -9999.0 -9999.0 -9999.0 -9999.0 -9999.0 -9999.0 -9999.0 -9999.0 -9999.0 -9999.0 -9999.0 -9999.0 -9999.0 -9999.0 -9999.0 -9999.0 -9999.0 -9999.0
-9999.0 -9999.0 -9999.0 -9999.0 -9999.0 -9999.0 -9999.0 -9999.0 -9999.0 -9999.0 -9999.0 -9999.0 -9999.0 -9999.0 -9999.0 -9999.0 -9999.0 -9999.0 -9999.0 -9999.0 -9999.0 -9999.0 -9999.0 -9999.0 -9999.0 -9999.0 -9999.0 -9999.0 -9999.0 -9999.0 -9999.0 -9999.0 -9999.0 -9999.0 -9999.0 -9999.0 -9999.0 -9999.0 -9999.0 -9999.0 -9999.0 -9999.0 -9999.0 -9999.0 -9999.0 -9999.0 -9999.0 -118.991537 -136.578523 -153.335449 -155.223546 -132.530324 -109.316360 -85.794338 -65.465011 -46.982001 -28.154083
-9999.0 -9999.0 -9999.0 -9999.0 -9999.0 -9999.0 -9999.0 -9999.0 -9999.0 -9999.0 -9999.0 -9999.0 -9999.0 -9999.0 -9999.0 -9999.0 -9999.0 -9999.0 -9999.0 -9999.0 -9999.0 -9999.0 -9999.0 -9999.0 -9999.0 -9999.0 -9999.0 -9999.0 -9999.0 -9999.0 -9999.0 -9999.0 -9999.0 -9999.0 -9999.0 -9999.0 -9999.0 -9999.0 -9999.0 -9999.0 -71.062974 -65.269611 -63.814204 -74.789812 -86.275162 -98.308437 -118.371578 -136.351441 -152.016739 -155.024874 -152.610365 -147.101830 -124.210141 -100.071112 -80.755305 -63.565449 -44.582291
-9999.0 -9999.0 -9999.0 -9999.0 -9999.0 -9999.0 -9999.0 -9999.0 -9999.0 -9999.0 -9999.0 -9999.0 -9999.0 -9999.0 -9999.0 -9999.0 -9999.0 -9999.0 -9999.0 -9999.0 -9999.0 -9999.0 -9999.0 -9999.0 -9999.0 -9999.0 -9999.0 -9999.0 -9999.0 -9999.0 -9999.0 -9999.0 -9999.0 -9999.0 -162.689891 -145.211051 -127.275925 -109.159761 -92.751470 -86.292474 -80.485182 -74.788497 -78.976263 -83.988038 -95.538546 -114.397790 -134.337562 -148.796158 -151.612669 -154.441824 -150.263088 -137.332144 -120.848331 -104.615959 -83.861265 -60.910672 -51.938916
-9999.0 -9999.0 -9999.0 -9999.0 -9999.0 -9999.0 -9999.0 -9999.0 -9999.0 -9999.0 -9999.0 -9999.0 -9999.0 -9999.0 -9999.0 -9999.0 -9999.0 -9999.0 -9999.0 -9999.0 -9999.0 -9999.0 -9999.0 -9999.0 -9999.0 -9999.0 -9999.0 -9999.0 -157.407391 -163.479108 -168.867364 -170.632081 -172.203572 -173.658660 -166.882203 -154.722245 -136.611686 -115.334149 -102.773200 -95.847260 -89.514110 -88.920898 -93.982143 -96.415924 -96.499951 -108.478345 -120.408356 -131.599452 -142.369203 -143.850796 -134.516027 -120.894298 -105.121065 -90.605758 -75.553715 -63.024771 -47.531646
-9999.0 -9999.0 -9999.0 -9999.0 -9999.0 -9999.0 -9999.0 -9999.0 -9999.0 -9999.0 -9999.0 -9999.0 -9999.0 -9999.0 -9999.0 -9999.0 -9999.0 -9999.0 -9999.0 -9999.0 -9999.0 -9999.0 -9999.0 -186.128476 -180.190576 -173.896770 -166.775438 -166.136715 -170.642120 -176.579001 -180.048319 -181.926750 -183.817933 -179.726720 -171.598513 -158.147003 -142.482483 -121.109624 -112.781760 -106.430275 -94.229160 -92.248249 -87.720434 -84.038390 -86.191817 -89.194120 -101.510113 -110.674662 -105.231040 -99.332953 -93.202571 -85.996870 -73.247055 -57.888303 -40.412574 -20.045722 1.377412
-9999.0 -9999.0 -9999.0 -9999.0 -9999.0 -9999.0 -9999.0 -9999.0 -9999.0 -9999.0 -9999.0 -9999.0 -9999.0 -9999.0 -9999.0 -9999.0 -9999.0 -9999.0 -9999.0 -210.561693 -209.880252 -209.080704 -204.722011 -203.937662 -201.914702 -195.146515 -187.270932 -185.464089 -187.344560 -189.318359 -188.116045 -185.795820 -181.956756 -170.783563 -157.233229 -143.374312 -129.513829 -108.916370 -94.422401 -80.753702 -64.883078 -66.552963 -71.359423 -73.897095 -73.839336 -73.594600 -67.982314 -64.610245 -59.096120 -53.583628 -46.887765 -38.234813 -27.660930 -9.410563 10.693704 30.915982 50.062069
-9999.0 -9999.0 -9999.0 -9999.0 -9999.0 -9999.0 -9999.0 -9999.0 -9999.0 -9999.0 -9999.0 -9999.0 -9999.0 -9999.0 -9999.0 -9999.0 -238.602325 -236.910492 -235.026752 -229.889528 -227.626541 -223.946380 -217.367216 -216.597409 -213.042322 -206.256418 -201.595169 -193.405399 -185.917408 -178.940111 -173.378340 -171.074394 -163.718702 -154.385584 -142.789134 -127.422432 -105.776992 -83.307711 -67.295146 -50.907385 -34.401827 -34.408617 -35.947650 -35.201528 -34.709180 -27.102714 -9.101101 -3.023279 0.110264 18.689633 32.977879 38.383307 45.790021 64.173983 88.269882 114.721005 146.953264
-9999.0 -9999.0 -9999.0 -9999.0 -9999.0 -9999.0 -9999.0 -9999.0 -9999.0 -9999.0 -9999.0 -9999.0 -9999.0 -282.828692 -278.826021 -269.847180 -261.836618 -259.861603 -256.223084 -250.812091 -238.954172 -235.772468 -229.892707 -222.615209 -211.556657 -203.429005 -194.581948 -183.178366 -175.089949 -168.265373 -161.523565 -155.332177 -141.929882 -126.787689 -111.078684 -91.013027 -69.613333 -48.824179 -28.027974 -13.109901 0.855497 4.073963 2.173184 3.756727 11.856595 30.106900 49.479343 62.022255 83.974857 108.384225 123.508252 137.315392 147.460193 161.455985 183.833815 221.723454 261.212301
-9999.0 -9999.0 -9999.0 -9999.0 -9999.0 -9999.0 -9999.0 -9999.0 -9999.0 -9999.0 -317.526843 -315.096354 -318.777068 -318.292582 -313.913556 -302.327769 -289.427341 -282.855241 -271.962390 -251.742289 -234.944021 -231.846242 -217.412437 -207.861295 -201.707368 -191.422362 -178.665766 -166.021711 -149.050297 -136.697896 -124.388741 -103.972137 -87.733203 -71.597977 -54.217258 -34.714776 -14.010777 15.889820 43.315062 57.626695 82.044973 96.388740 93.675409 94.086553 102.506190 120.851063 145.961682 174.761662 200.601270 230.225188 253.471643 271.221546 285.863685 303.444911 324.812562 362.941003 409.064642
-9999.0 -9999.0 -9999.0 -9999.0 -9999.0 -9999.0 -9999.0 -9999.0 -341.277774 -334.604741 -328.525416 -331.825852 -336.855908 -340.454431 -327.742526 -312.273368 -296.675123 -279.997731 -264.422666 -246.955507 -231.748847 -215.572790 -196.670793 -185.279949 -173.844176 -159.047445 -145.699931 -128.089600 -106.966389 -92.609670 -73.913714 -52.238095 -32.971087 -15.121427 3.157344 21.440582 50.163417 85.129645 118.817288 145.247245 175.400956 202.627309 205.156746 210.059851 216.494107 245.118378 279.747415 317.695983 353.949074 390.227984 426.886125 450.858855 469.442459 492.755552 519.706694 543.704094 574.245746
-9999.0 -9999.0 -9999.0 -9999.0 -9999.0 -9999.0 -366.679433 -342.777413 -328.285189 -336.374649 -344.909392 -348.569674 -352.431383 -333.319341 -312.326500 -295.857005 -279.564823 -262.634330 -246.754181 -232.532936 -197.819183 -181.800682 -167.272000 -147.953307 -134.258202 -120.502386 -103.365211 -79.875020 -56.884537 -24.420111 5.225277 32.120290 59.132437 79.521039 98.817132 119.063150 152.640214 192.943771 233.484356 268.439525 302.588525 339.533749 354.614271 364.754349 376.460919 399.960427 438.442619 482.602261 531.606986 572.522981 602.760255 618.450901 633.470628 651.108272 671.028241 687.756072 703.078679
-9999.0 -9999.0 -9999.0 -9999.0 -399.589566 -378.873479 -358.608668 -328.055922 -305.761468 -311.503680 -304.572180 -304.401183 -306.100916 -303.959716 -298.590314 -281.081539 -263.737392 -246.267088 -228.000225 -190.700592 -149.101354 -132.775669 -106.281754 -74.186377 -60.399043 -45.714611 -30.341555 -7.230285 22.343786 58.169774 106.266370 147.880460 176.894308 202.498563 225.555223 251.326994 288.420820 333.179281 379.573725 425.383164 469.940324 510.825730 535.353613 548.788181 563.229061 580.932509 605.113546 638.436538 674.848464 709.043153 733.990619 748.301979 756.939812 768.446174 780.545938 793.169522 804.387612
-9999.0 -9999.0 -9999.0 -446.324065 -408.083227 -371.494060 -344.313501 -313.671340 -282.383447 -276.457119 -268.500632 -262.480426 -256.304369 -247.751772 -238.162339 -222.208041 -208.456687 -196.026115 -175.369819 -138.778902 -102.553512 -68.584583 -35.778745 -5.197902 17.822264 33.759807 51.008469 75.943902 117.362718 159.809768 214.908170 274.149929 319.445238 350.901260 376.604311 408.125686 440.984551 490.258264 539.466774 583.008204 623.821225 657.824431 683.367000 694.133416 703.446809 712.114578 728.565827 749.355543 769.925098 795.271576 819.495557 838.901940 849.957277 857.829927 871.655226 885.179274 895.642419
-9999.0 -9999.0 -492.510527 -455.759915 -420.722421 -369.346388 -317.119115 -283.954279 -243.450484 -218.639747 -211.798958 -193.467592 -176.729227 -168.539807 -151.785619 -134.513118 -121.086717 -117.721893 -104.864540 -69.410188 -15.360484 34.707911 67.738450 125.105454 159.798945 184.282478 199.436544 226.341156 263.540752 315.337578 374.670196 437.176643 493.304976 534.911268 555.797742 577.366445 604.857108 634.733803 674.034334 707.732393 739.264222 765.770756 787.688416 796.088533 800.462347 813.447082 832.756752 852.993049 872.218294 890.369580 899.922154 904.466862 906.500215 907.846909 909.947421 911.536488 912.579523
-9999.0 -9999.0 -517.459966 -473.647204 -431.106016 -361.297604 -285.765550 -248.399001 -205.599791 -161.429106 -142.536162 -118.808716 -100.257552 -82.701604 -58.521938 -34.413679 -28.678689 -25.210606 -25.656634 29.626218 90.601161 156.537327 229.029067 296.944492 342.102097 355.768516 366.313756 389.073727 423.098614 482.892062 545.032248 605.085509 657.171235 692.326158 710.053581 726.743602 746.347035 765.304738 784.224649 818.499370 839.907198 860.823174 882.882472 900.770502 907.720142 909.078500 903.935011 907.746103 910.271921 911.333454 911.528951 908.370071 907.719355 908.510545 909.917788 905.886645 900.665723
-9999.0 -603.667976 -551.968810 -497.908554 -427.502355 -358.296145 -272.201730 -191.410104 -141.013531 -98.409108 -69.696340 -50.116366 2.921865 53.023632 81.607652 111.966393 111.451618 111.120513 103.046310 148.720533 208.760394 306.916662 440.336328 508.688601 549.524644 555.418352 553.205868 569.049559 598.807637 646.440038 710.978393 754.426812 800.386367 834.321830 846.680459 851.438370 866.394226 884.316724 888.813493 900.746255 905.888532 909.960272 908.766155 909.978831 911.035656 911.725932 909.269324 903.927309 897.154055 892.496913 889.265250 885.381357 888.117569 891.694439 893.545948 888.266231 882.584211
-9999.0 -637.640910 -577.433747 -504.965381 -433.022626 -356.067391 -243.741251 -114.113418 -67.105368 -32.353867 -2.501610 43.102594 133.551690 207.876598 251.949526 297.803665 296.012935 284.952016 280.911845 318.739487 382.299908 475.598807 616.668183 704.617553 723.434680 735.853378 744.589894 768.046364 799.164578 829.054993 854.686294 867.637911 881.502440 888.224418 890.921206 892.668684 895.392397 897.021534 896.022323 894.089376 890.942758 892.091442 896.496654 897.074502 895.432201 893.757298 889.750936 883.907798 879.911698 876.693460 874.997106 872.801063 871.997810 873.051090 870.268079 866.516513 860.070730
-9999.0 -661.795509 -592.705962 -527.124802 -453.587085 -328.747012 -206.522913 -77.711560 10.912066 49.202476 97.100602 190.592060 304.003282 413.080005 479.742924 512.412305 523.380627 513.021186 524.527577 567.769797 631.466769 714.011294 783.601826 846.975287 858.820706 862.742798 855.694980 863.603332 871.046293 874.078357 876.210836 877.694979 883.148161 886.237149 886.008856 884.414778 881.395266 875.802696 873.156819 872.318355 870.970560 872.219858 875.945286 877.611466 876.423407 874.197446 871.525419 867.838341 863.721460 858.807334 856.211252 853.232057 851.771433 848.125729 844.695566 840.502266 829.758410
-9999.0 -748.827530 -665.006789 -603.206320 -468.858444 -303.577821 -180.117538 -27.518231 106.916899 156.995329 256.601483 387.359449 512.402161 601.150029 656.396645 702.270259 729.680976 752.209053 781.340034 774.523373 816.963261 853.591191 867.634844 874.332624 871.909351 874.302279 869.472748 854.389370 847.332050 842.941341 845.642083 852.828259 858.269354 863.836178 862.338213 863.354461 864.008807 862.306668 861.163401 856.044627 851.238880 848.009367 848.189127 854.517523 850.921689 849.112916 845.332337 839.726342 833.063042 826.498061 819.643564 813.306964 810.487976 805.061767 803.792502 796.841776 771.247427
-9999.0 -829.493395 -750.704192 -646.551857 -495.162970 -332.144524 -186.459066 -16.370593 174.135431 286.120791 410.877585 502.649824 602.763958 685.704127 754.442396 793.636121 813.570115 821.111382 820.340741 825.947167 801.685736 798.068194 813.720340 835.654198 845.232184 849.207630 842.722614 834.873859 830.841544 831.551196 830.925990 829.727672 828.005605 825.843698 822.774700 824.430763 829.094206 825.068180 819.748275 815.027560 810.947431 805.511105 801.980270 800.343643 799.799462 800.729545 795.121024 786.376984 776.350848 767.152037 757.564894 749.841736 745.783364 739.563521 731.229998 717.986959 687.039752
-9999.0 -916.465160 -801.513670 -698.595052 -563.100732 -423.236743 -286.569547 -118.016648 40.358272 254.187277 443.607766 534.122512 595.769261 660.372800 725.071213 784.117989 792.092786 767.749459 745.252768 736.103400 742.734543 753.718269 766.946244 784.804703 798.886893 806.802053 808.225868 802.213215 791.152789 783.938433 777.743235 766.743061 757.768666 755.242496 753.908368 759.428385 762.177188 753.985047 743.193893 730.336427 719.376096 711.393621 709.548549 711.194902 711.594380 709.191655 702.891994 692.428437 677.392887 660.445104 645.870394 634.614564 623.620957 610.427999 595.999010 578.946937 544.726672
-9999.0 -9999.0 -871.029802 -758.745145 -643.031433 -514.635114 -386.808723 -231.371842 -76.597341 111.964512 240.175507 364.013044 449.051229 508.354181 568.895172 623.799098 642.642571 660.758870 645.061526 652.712610 664.506059 673.942281 684.893681 696.238127 707.751378 715.927341 721.925487 720.618613 712.104163 695.631597 673.450914 652.244459 636.980649 626.966869 633.702066 644.149785 641.350790 633.456797 620.749720 604.933194 591.993275 579.083805 575.678758 576.515203 576.683550 573.716812 568.059549 553.266201 535.102991 513.246128 496.870134 482.620882 470.219365 453.337021 436.079382 416.754850 386.019272
-9999.0 -9999.0 -952.928901 -841.607438 -720.525199 -594.258203 -486.272430 -381.001206 -221.708991 -100.008242 3.494518 99.407086 181.654554 247.786383 300.878514 366.859987 407.330309 427.452408 442.332511 467.921319 498.929052 526.118466 543.379461 556.658667 569.916540 581.672036 590.111570 579.391808 567.482759 548.133091 520.840529 487.247804 465.094011 454.672066 457.424711 464.635908 458.182597 444.919215 426.768371 407.221635 391.801421 378.255236 373.446447 370.832213 369.787175 366.481020 361.792164 349.993710 334.213453 320.781386 307.996806 297.652985 290.999410 280.545431 267.997271 258.121476 236.859934
-9999.0 -9999.0 -9999.0 -913.661489 -815.565846 -729.874522 -632.560255 -556.513499 -461.165049 -347.951416 -244.105277 -142.677977 -76.051088 -21.315444 32.220592 84.813304 123.795085 148.245247 170.168500 224.747720 260.370817 302.055723 337.707062 355.619496 372.194515 388.552981 392.504072 382.432263 370.664296 351.621132 323.725545 294.682076 277.692453 276.598073 275.141104 276.181355 269.591953 263.242483 250.492200 236.277153 222.125439 212.605993 208.065618 203.136964 199.529830 195.297716 190.874199 183.637635 173.763407 163.112577 154.771941 150.417358 145.662085 139.888220 132.053081 123.400395 111.423407
