tests/Borden05m/data_simulated/sim_1/output-maps/psiliqL0007N0004.asc
ncols         160
nrows         34
xllcorner     620200.000000
yllcorner     5168000.000000
cellsize      0.500000
NODATA_value  -9999.0
[rows 0 to 24 of 34, columns 56 to 111 of 160]
-9999.0 -9999.0 -9999.0 -9999.0 -9999.0 -9999.0 -9999.0 -9999.0 -9999.0 -9999.0 -9999.0 -9999.0 -9999.0 -9999.0 -9999.0 -9999.0 -9999.0 -9999.0 -9999.0 -9999.0 -9999.0 -9999.0 -9999.0 -9999.0 -9999.0 -9999.0 -9999.0 -9999.0 -9999.0 -9999.0 -9999.0 -9999.0 -9999.0 -9999.0 -9999.0 -9999.0 -9999.0 -9999.0 -9999.0 -9999.0 -9999.0 -9999.0 -9999.0 -9999.0 -9999.0 -9999.0 -9999.0 -9999.0 -9999.0 -9999.0 -9999.0 -9999.0 -9999.0 -9999.0 -9999.0 -9999.0
-9999.0 -9999.0 -9999.0 -395.768483 -401.426130 -407.019016 -412.305691 -421.691200 -431.177679 -440.144343 -444.331284 -445.429626 -446.488910 -447.043300 -441.850131 -434.058993 -426.564890 -419.413602 -417.156042 -414.818790 -412.540923 -412.073044 -413.475766 -416.825783 -420.199437 -423.693511 -425.196190 -433.716053 -445.316448 -454.431261 -457.252525 -452.704743 -448.133743 -445.557518 -439.285862 -428.221728 -417.117142 -408.369513 -396.510460 -390.973290 -385.642114 -382.143060 -385.951579 -389.260188 -392.650597 -397.004516 -407.889877 -9999.0 -9999.0 -9999.0 -9999.0 -9999.0 -9999.0 -9999.0 -9999.0 -9999.0
-433.224360 -414.024650 -410.842048 -421.617801 -426.513520 -430.032394 -432.498479 -437.972916 -447.076450 -452.777745 -458.517811 -460.365969 -460.610124 -460.752598 -456.679094 -446.997687 -439.115611 -434.424944 -432.143535 -429.819212 -429.685582 -430.253273 -430.758989 -433.767107 -437.281305 -440.774268 -442.630861 -442.770512 -450.480906 -455.825718 -459.090490 -460.178858 -457.740938 -455.424607 -452.477737 -442.653952 -434.161437 -425.657084 -411.430009 -399.009387 -393.626635 -395.771239 -400.576421 -403.952424 -409.921474 -419.324658 -429.602792 -440.162062 -447.275778 -452.418623 -457.262389 -450.893250 -444.346762 -433.710900 -423.138843 -410.866923
-450.218817 -430.722530 -428.082931 -439.235133 -447.994373 -452.441156 -452.706124 -450.946143 -455.032143 -460.047810 -464.205765 -456.853728 -455.866069 -454.898381 -451.881956 -448.496879 -446.557069 -443.871589 -438.692365 -429.862084 -427.392860 -427.023051 -427.031437 -428.972173 -432.185834 -434.048662 -436.908920 -442.209092 -443.115293 -442.666080 -442.552156 -437.216382 -435.724201 -434.473605 -441.611215 -438.271270 -431.850954 -424.791060 -417.462232 -410.157760 -405.079087 -407.905736 -408.964594 -416.893417 -430.307019 -441.528993 -450.025860 -452.519064 -455.379194 -462.712958 -474.437924 -467.342634 -451.524412 -446.563218 -442.489370 -430.213807
-458.919828 -447.286373 -444.629567 -450.080633 -449.582072 -448.508987 -447.349262 -449.326651 -452.670931 -454.183490 -441.340902 -432.045807 -430.661882 -428.014717 -424.921828 -426.566649 -439.305836 -442.182961 -433.658268 -423.230151 -417.403247 -417.457608 -417.669527 -419.207104 -420.364768 -421.023199 -423.601608 -422.440145 -419.802540 -418.906352 -413.626053 -407.939636 -405.223008 -414.196745 -423.554417 -423.152562 -415.407275 -407.360909 -399.752883 -388.357785 -376.161761 -377.275408 -382.819405 -391.397547 -404.799984 -428.008823 -447.765141 -457.871795 -463.926859 -470.421131 -471.138339 -472.753827 -462.050845 -459.903087 -457.925897 -448.899200
-455.899037 -435.116959 -427.082667 -433.705626 -440.066009 -444.185030 -444.033658 -444.051008 -440.643209 -427.288302 -413.505319 -398.320767 -396.043577 -393.809732 -394.350805 -404.659147 -415.299019 -419.965156 -404.699583 -388.969802 -380.765028 -379.930720 -379.213427 -370.680359 -373.109942 -376.249980 -382.225719 -379.736569 -376.547730 -364.476528 -356.895206 -350.191378 -352.257613 -364.263969 -375.328860 -377.391761 -375.617990 -373.766340 -367.708908 -356.696950 -345.816552 -350.411597 -357.815981 -368.281452 -397.548142 -425.765404 -442.621990 -441.312916 -440.357412 -444.471086 -447.226014 -450.691229 -458.195844 -458.248423 -458.412690 -458.587528
-409.013736 -390.368820 -374.227063 -380.854947 -390.226367 -402.209452 -402.314346 -398.932654 -390.731407 -377.395299 -358.443739 -333.822817 -330.085574 -326.148291 -321.871832 -333.089702 -345.814198 -358.335208 -342.609790 -332.807998 -323.361597 -319.543567 -307.054500 -296.282393 -301.701120 -311.174221 -321.152776 -314.387546 -299.418186 -283.787962 -277.351279 -274.045184 -273.487726 -283.486604 -288.978623 -292.120940 -292.070129 -296.318405 -293.428632 -281.414100 -265.063568 -264.512414 -276.068103 -299.872314 -336.830282 -373.104734 -396.126574 -391.797567 -397.798439 -403.364434 -407.511016 -421.603725 -433.066648 -433.128011 -442.446487 -448.522336
-363.655363 -345.560243 -327.358214 -331.405661 -343.736396 -356.851137 -357.073603 -348.724062 -339.484961 -320.061996 -294.461673 -267.736246 -253.721594 -244.871731 -235.032669 -242.315084 -252.580562 -262.904988 -257.484914 -243.922245 -230.222040 -216.972964 -202.740255 -189.507024 -195.513683 -205.369951 -208.123921 -203.570709 -185.949740 -170.294495 -164.173764 -160.830586 -155.302635 -161.088176 -169.652665 -179.347770 -188.474223 -196.669051 -201.949805 -186.386821 -171.298876 -173.494829 -198.856326 -225.334676 -261.867850 -300.887478 -337.166089 -342.999372 -343.598963 -344.996737 -360.838899 -376.545815 -395.999893 -407.327309 -416.174668 -431.348757
-269.831170 -247.184814 -226.286882 -220.545193 -235.146351 -239.935194 -234.634512 -222.648099 -216.240529 -201.782819 -171.016025 -129.495216 -93.282137 -62.226603 -55.173231 -66.289534 -79.389614 -98.289101 -107.915783 -93.238388 -75.828443 -58.100231 -40.994553 -24.432399 -13.538168 -13.284153 -12.718030 -9.231866 -4.001396 4.563916 14.797194 25.898257 37.861682 40.648601 27.100207 12.627856 -3.001526 -16.166086 -20.905889 -22.960271 -15.666023 -18.293273 -45.083946 -81.558125 -122.899559 -167.069962 -203.523195 -228.151264 -228.584749 -243.524370 -261.963165 -285.125502 -323.970219 -344.687188 -362.297682 -393.270521
-160.963977 -127.372422 -104.145106 -81.265435 -78.190534 -73.501971 -68.978387 -61.321344 -54.050932 -41.661827 4.001343 69.076504 145.213190 187.930693 202.527209 194.186469 182.154905 163.150736 138.080808 138.206308 167.584259 192.640606 211.964741 223.534284 227.407106 226.083715 226.438498 228.061119 231.328705 234.229860 240.014906 247.809754 258.817419 270.597824 265.576904 248.598973 235.806828 221.875964 217.044185 216.039910 212.574126 210.435764 200.754369 157.111661 89.639746 23.092061 -29.786928 -66.772968 -97.270383 -122.703503 -146.869373 -192.059173 -235.364580 -273.166551 -305.429628 -337.054936
-2.879715 48.803182 109.278351 158.201142 178.285950 185.770459 190.023513 196.087374 201.326639 210.019297 233.311169 277.886853 328.012017 362.181537 368.794011 363.031330 353.954006 340.642843 326.423314 323.581340 335.617785 348.443942 362.141594 370.805308 378.543984 377.692923 377.745313 377.482481 379.022514 380.368886 381.182661 385.581777 393.346835 400.493636 401.842915 394.119668 383.259938 372.063012 368.158832 364.699910 361.107816 360.218727 357.025513 344.415054 305.688677 258.671470 206.131458 158.691590 97.007905 59.336778 30.999111 3.782215 -50.146363 -83.339692 -125.566984 -172.816544
221.148880 257.783933 299.398137 331.723004 347.994210 351.638357 354.212736 359.025669 363.046287 370.375946 382.157267 398.151057 420.134240 440.141760 454.095345 452.299510 444.512701 431.948881 428.882041 428.933547 431.729130 437.112027 441.220690 450.661088 460.385449 463.331979 463.342738 461.170102 462.712102 463.351587 463.263170 462.903187 464.458136 468.384250 470.095582 468.855992 460.633041 449.236633 440.094350 435.524442 433.763752 432.027520 431.394704 427.765209 416.186389 393.548762 364.085810 327.748276 291.677741 265.709238 247.456666 233.905328 217.851596 195.350056 148.559553 58.179451
360.719728 380.905149 401.874447 422.302273 435.640133 438.712857 442.774627 444.550288 450.856136 460.663995 471.559697 478.241448 487.472363 501.600310 510.057752 515.447379 517.226659 518.165956 520.603180 521.220881 514.596413 516.396814 517.445957 518.419076 521.269159 521.363853 521.033158 520.566952 521.278390 521.468794 521.994538 521.775644 520.264016 520.360559 520.301403 520.587215 518.744067 516.640601 504.386249 496.894396 492.945808 488.169280 481.745852 474.256398 467.419856 458.390380 442.369133 419.500459 396.681380 386.923266 381.679096 376.671894 371.791618 357.325722 329.895266 285.608394
442.401652 451.645226 463.817132 480.463583 491.378396 497.444840 503.050299 506.078205 515.163570 524.218551 522.795200 522.483281 522.391172 522.370183 522.234718 522.199056 522.435837 520.827970 521.435464 521.251141 517.459712 510.032006 511.936706 512.764786 514.244177 516.682450 514.562498 515.085367 518.067589 517.363913 513.228784 510.759573 509.358418 508.958403 515.021986 517.402727 518.317802 519.338678 520.025703 521.255139 522.064035 522.247189 521.646256 520.663784 518.572542 511.777791 496.886059 477.479182 456.043653 446.101084 443.017825 444.963811 443.098281 439.583141 425.173440 403.460444
510.775371 520.566089 525.424664 526.471527 526.584284 526.200537 526.999506 528.429759 527.800634 524.228017 520.398615 515.958026 514.920441 513.685996 511.294198 511.898305 510.191511 507.318730 505.714986 502.659409 495.987112 488.663000 488.333538 492.349707 495.181644 496.868077 497.592356 499.775768 501.942410 499.503093 495.162009 491.073132 489.717676 494.195191 497.065517 499.270906 498.966172 498.001342 497.484945 499.200663 498.489016 499.285135 503.785894 514.113874 519.649191 519.520676 519.932490 519.885270 518.497574 504.554373 489.660520 492.854086 490.101430 482.799986 469.454976 455.824250
520.837418 520.766996 518.728401 513.429743 508.141256 507.409868 510.788824 517.016373 518.559586 512.546872 505.868439 500.704228 496.008975 495.073928 493.815497 492.909881 493.073420 489.922325 486.906839 478.640568 473.309041 467.675412 464.747217 464.255097 467.923543 473.168119 477.688383 480.538723 477.164460 474.017360 468.825823 464.513541 465.433275 466.521226 471.074860 478.357543 478.634194 478.945813 476.473543 475.398880 472.225843 471.244569 475.492445 484.682470 493.021686 500.476173 504.982886 510.843280 516.214384 521.901009 521.822239 520.896791 520.057371 517.309749 506.409756 494.062703
508.275484 503.517949 500.405507 496.148670 492.404791 491.601188 493.915450 496.899211 495.148614 491.100076 484.959470 478.503496 472.665349 469.459640 470.055549 470.862938 470.590631 466.733141 458.272278 448.887903 442.836129 435.460641 435.012405 432.384461 429.328247 435.835556 446.176305 449.827347 441.289563 437.013816 429.308417 425.700691 424.395378 424.678973 429.355399 440.371700 451.356269 451.096967 444.953595 439.928531 438.101276 437.073838 442.058088 454.571976 466.433883 473.860517 478.154740 480.715450 485.666371 491.252218 497.740042 505.049479 511.784404 519.446001 519.572894 519.537932
493.459016 489.699335 486.114276 482.900803 479.870551 477.368112 475.637973 474.259374 470.449769 467.010670 460.776725 453.646771 446.674269 437.040256 433.686470 428.864638 426.641544 415.338244 407.170004 393.990834 384.611770 374.508139 368.916915 365.036782 359.881763 363.395905 374.567645 381.671282 370.571301 364.914609 356.521100 353.177745 351.225160 351.574775 357.339250 373.045591 385.636656 390.082828 384.506769 381.341455 381.313972 383.259664 389.957404 404.695258 420.977195 435.265388 444.713575 450.404203 455.359856 461.343314 469.406663 476.199761 482.702131 491.424469 502.389373 511.634849
478.713627 474.244973 470.011989 464.562827 458.039733 453.858715 454.112685 447.939539 442.948517 434.529100 398.409492 383.797148 368.812983 355.381385 347.019861 331.280213 311.895850 291.889260 280.002095 269.135113 252.759189 235.140387 219.527242 214.168183 209.169228 201.895378 208.350005 211.861884 212.406982 206.534528 200.867198 198.396637 196.380983 200.098903 212.831839 224.095064 234.294784 240.111909 237.902039 245.770673 255.079729 263.772229 289.800395 318.736018 345.310290 368.313879 389.398148 402.440938 413.006667 422.405458 432.992714 443.145009 452.550115 465.011659 478.271692 485.793060
460.066279 452.454076 443.772186 435.615962 425.989524 413.864496 410.581491 403.530780 393.702359 357.182776 305.265043 258.211385 231.557712 205.370329 188.107855 164.163188 111.205983 74.609250 54.585925 51.014533 30.228389 3.644026 -17.281458 -27.944504 -35.583760 -48.832329 -54.409175 -49.393062 -38.434137 -46.505383 -51.770702 -49.843335 -52.590340 -53.858253 -41.816635 -22.262117 -9.784347 2.438939 14.067639 20.447014 31.473141 69.456483 106.490004 158.902290 202.054052 236.668176 271.130132 306.808732 335.149586 356.703722 375.973145 391.656477 409.623089 426.602704 444.979276 455.755950
417.622810 401.730238 386.335482 370.226349 349.732558 320.005421 303.681537 284.163750 255.554077 195.997723 122.473012 44.262366 1.578646 -33.619318 -57.149974 -87.487204 -125.847949 -150.189929 -150.102149 -144.423491 -148.892294 -165.575915 -180.295529 -191.251948 -203.890783 -219.337476 -229.285178 -221.059154 -212.031725 -208.027515 -206.266408 -202.942125 -201.965722 -203.062565 -204.734223 -194.745818 -185.161706 -174.391544 -164.445511 -153.952216 -125.517699 -97.466856 -74.796453 -43.688745 -10.230243 28.935736 77.634758 136.762889 186.940530 223.462553 255.551804 291.751238 328.937532 360.126110 387.072165 407.965909
344.940759 307.029627 268.942180 232.592844 184.810559 149.305910 112.960898 82.765911 24.172627 -40.402209 -96.881616 -135.489768 -165.276845 -192.027496 -219.022037 -250.117023 -279.087355 -298.885378 -292.131443 -285.086444 -276.145667 -289.116456 -301.861185 -309.028050 -323.675588 -337.946777 -351.732604 -343.211869 -333.826882 -318.779183 -315.539321 -312.598253 -306.773957 -308.407441 -310.512294 -316.728706 -307.719650 -298.058351 -285.524074 -259.877980 -234.818779 -210.436032 -189.163952 -167.197956 -141.938383 -113.306913 -81.826225 -45.646536 -12.679354 21.268502 64.167615 120.644030 181.911536 225.352681 266.065630 305.397224
185.174892 130.885434 65.853431 6.124630 -53.957160 -95.543869 -113.025175 -150.143519 -188.015167 -231.962143 -257.342779 -278.666313 -302.738666 -324.731050 -345.853573 -372.400139 -395.368483 -417.820167 -413.399002 -401.135482 -387.396567 -395.238881 -399.964775 -403.216509 -414.784354 -428.213571 -441.551150 -437.809818 -423.348102 -406.995903 -400.801687 -394.859464 -387.656786 -387.805812 -394.156385 -402.651159 -397.373355 -384.675034 -369.512294 -348.079566 -325.814167 -304.207299 -284.391378 -262.181031 -238.508792 -214.047550 -187.098070 -158.386370 -135.787767 -107.870858 -76.390318 -44.615125 -15.929898 17.468239 69.178608 127.486239
-29.842440 -67.666735 -104.174160 -150.550479 -197.097998 -241.916805 -277.771501 -310.651058 -342.235196 -362.591095 -381.413487 -399.535503 -417.575809 -437.314822 -456.432231 -475.511981 -496.642782 -516.302127 -510.844877 -497.189092 -484.195382 -482.468392 -485.359457 -488.291306 -496.195365 -509.522878 -521.619669 -513.689827 -498.315014 -483.127138 -473.687168 -467.274798 -461.083507 -463.971883 -472.214398 -479.680692 -472.307333 -457.572107 -443.059185 -425.719975 -404.964244 -384.158262 -363.440984 -341.601598 -319.500786 -294.898494 -269.313408 -243.266550 -217.798606 -193.187748 -168.513472 -153.928441 -138.152206 -122.925555 -97.446225 -67.228589
-182.632853 -209.996818 -238.818301 -273.676718 -314.319808 -346.452180 -377.679972 -407.416010 -436.649134 -460.143682 -477.435409 -487.185368 -501.436840 -520.333997 -533.630235 -550.111334 -569.647081 -571.496225 -567.302428 -554.368399 -551.467012 -550.646034 -553.549529 -554.590829 -559.557064 -571.801820 -566.681970 -558.768036 -543.686378 -532.706877 -523.555812 -517.323897 -513.191544 -514.065253 -521.668926 -519.506506 -512.407312 -498.009179 -486.486106 -471.440470 -451.009019 -434.097668 -415.187498 -393.951747 -371.982858 -348.647258 -323.786166 -296.849897 -272.260947 -251.817399 -241.039394 -229.180700 -220.872958 -223.433588 -206.470094 -188.176227
