tests/Borden05m/data_simulated/sim_1/output-maps/psiliqL0016N0002.asc
ncols         160
nrows         34
xllcorner     620200.000000
yllcorner     5168000.000000
cellsize      0.500000
NODATA_value  -9999.0
[rows 0 to 24 of 34, columns 0 to 54 of 160]
-9999.0 -9999.0 -9999.0 -9999.0 -9999.0 -9999.0 -9999.0 -9999.0 -9999.0 -9999.0 -9999.0 -9999.0 -9999.0 -9999.0 -9999.0 -9999.0 -9999.0 -9999.0 -9999.0 -9999.0 -9999.0 -9999.0 -9999.0 -9999.0 -9999.0 -9999.0 -9999.0 -9999.0 -9999.0 -9999.0 -9999.0 -9999.0 -9999.0 -9999.0 -9999.0 -9999.0 -9999.0 -9999.0 -9999.0 -9999.0 -9999.0 -9999.0 -9999.0 -9999.0 -9999.0 -9999.0 -9999.0 -9999.0 -9999.0 -9999.0 -9999.0 -9999.0 -9999.0 -9999.0 -9999.0
-9999.0 -9999.0 -9999.0 -9999.0 -9999.0 -9999.0 -9999.0 -9999.0 -9999.0 -9999.0 -9999.0 -9999.0 -9999.0 -9999.0 -9999.0 -9999.0 -9999.0 -9999.0 -9999.0 -9999.0 -9999.0 -9999.0 -9999.0 -9999.0 -9999.0 -9999.0 -9999.0 -9999.0 -9999.0 -9999.0 -9999.0 -9999.0 -9999.0 -9999.0 -9999.0 -9999.0 -9999.0 -9999.0 -9999.0 -9999.0 -9999.0 -9999.0 -9999.0 -9999.0 -9999.0 -9999.0 -9999.0 -9999.0 -9999.0 -9999.0 -9999.0 -9999.0 -9999.0 -9999.0 -9999.0
-9999.0 -9999.0 -9999.0 -9999.0 -9999.0 -9999.0 -9999.0 -9999.0 -9999.0 -9999.0 -9999.0 -9999.0 -9999.0 -9999.0 -9999.0 -9999.0 -9999.0 -9999.0 -9999.0 -9999.0 -9999.0 -9999.0 -9999.0 -9999.0 -9999.0 -9999.0 -9999.0 -9999.0 -9999.0 -9999.0 -9999.0 -9999.0 -9999.0 -9999.0 -9999.0 -9999.0 -9999.0 -9999.0 -9999.0 -9999.0 -9999.0 -9999.0 -9999.0 -9999.0 -9999.0 -9999.0 -9999.0 1286.431664 1269.207402 1254.110672 1251.279764 1273.446094 1296.747020 1320.529781 1341.084230
-9999.0 -9999.0 -9999.0 -9999.0 -9999.0 -9999.0 -9999.0 -9999.0 -9999.0 -9999.0 -9999.0 -9999.0 -9999.0 -9999.0 -9999.0 -9999.0 -9999.0 -9999.0 -9999.0 -9999.0 -9999.0 -9999.0 -9999.0 -9999.0 -9999.0 -9999.0 -9999.0 -9999.0 -9999.0 -9999.0 -9999.0 -9999.0 -9999.0 -9999.0 -9999.0 -9999.0 -9999.0 -9999.0 -9999.0 -9999.0 1334.524618 1340.447332 1341.343990 1331.065963 1319.902669 1307.428325 1287.374959 1269.843263 1255.491063 1253.191762 1255.865185 1260.403819 1282.520739 1307.349080 1327.074208
-9999.0 -9999.0 -9999.0 -9999.0 -9999.0 -9999.0 -9999.0 -9999.0 -9999.0 -9999.0 -9999.0 -9999.0 -9999.0 -9999.0 -9999.0 -9999.0 -9999.0 -9999.0 -9999.0 -9999.0 -9999.0 -9999.0 -9999.0 -9999.0 -9999.0 -9999.0 -9999.0 -9999.0 -9999.0 -9999.0 -9999.0 -9999.0 -9999.0 -9999.0 1242.438535 1259.723868 1277.733837 1296.139873 1312.899187 1319.718657 1325.536597 1331.196818 1327.008160 1322.483886 1311.146292 1291.679836 1272.328159 1258.865896 1257.119406 1254.767237 1258.965490 1271.554084 1288.316261 1304.231155 1325.063669
-9999.0 -9999.0 -9999.0 -9999.0 -9999.0 -9999.0 -9999.0 -9999.0 -9999.0 -9999.0 -9999.0 -9999.0 -9999.0 -9999.0 -9999.0 -9999.0 -9999.0 -9999.0 -9999.0 -9999.0 -9999.0 -9999.0 -9999.0 -9999.0 -9999.0 -9999.0 -9999.0 -9999.0 1247.254081 1241.350247 1236.375217 1234.879867 1233.548519 1232.461170 1239.219525 1251.023200 1268.786677 1290.528712 1303.552592 1310.788129 1317.507693 1318.197500 1313.033158 1311.178930 1311.636621 1299.721074 1288.016355 1277.073714 1266.485295 1264.671572 1274.149378 1288.340438 1304.578853 1319.378974 1334.752971
-9999.0 -9999.0 -9999.0 -9999.0 -9999.0 -9999.0 -9999.0 -9999.0 -9999.0 -9999.0 -9999.0 -9999.0 -9999.0 -9999.0 -9999.0 -9999.0 -9999.0 -9999.0 -9999.0 -9999.0 -9999.0 -9999.0 -9999.0 1217.591454 1223.185250 1229.712417 1237.219762 1238.146272 1234.237676 1228.697335 1225.760239 1224.290547 1222.453610 1226.924098 1234.721487 1248.103696 1263.745524 1285.658186 1294.144617 1299.824191 1311.864721 1314.839001 1321.053884 1325.147367 1323.462621 1320.399389 1307.438156 1297.712990 1302.178927 1307.683735 1314.522374 1322.597559 1336.007922 1350.983331 1367.805261
-9999.0 -9999.0 -9999.0 -9999.0 -9999.0 -9999.0 -9999.0 -9999.0 -9999.0 -9999.0 -9999.0 -9999.0 -9999.0 -9999.0 -9999.0 -9999.0 -9999.0 -9999.0 -9999.0 1192.758629 1193.712229 1194.973677 1199.703297 1200.423951 1202.489685 1209.428335 1217.542106 1220.004011 1218.172825 1216.832473 1218.310807 1220.974518 1225.332390 1236.397869 1250.047526 1264.090879 1277.654542 1298.406558 1313.012098 1326.277746 1342.082290 1341.625478 1337.710677 1335.949259 1336.370221 1336.265703 1339.293254 1341.322516 1347.576854 1351.535958 1357.370077 1366.693935 1378.284210 1396.121213 1415.373880
-9999.0 -9999.0 -9999.0 -9999.0 -9999.0 -9999.0 -9999.0 -9999.0 -9999.0 -9999.0 -9999.0 -9999.0 -9999.0 -9999.0 -9999.0 -9999.0 1164.036733 1165.883149 1168.136666 1173.558891 1176.601311 1180.591694 1187.538729 1188.822597 1192.513465 1199.614293 1204.386161 1213.232927 1221.286343 1228.492087 1234.358226 1236.900853 1244.065535 1253.485243 1265.127789 1279.966474 1301.022286 1324.027733 1340.040922 1356.726535 1373.753827 1374.329164 1373.137589 1374.136530 1374.294109 1379.772752 1396.684173 1402.032496 1402.171992 1417.494860 1431.191742 1436.011334 1443.638481 1462.785005 1486.051751
-9999.0 -9999.0 -9999.0 -9999.0 -9999.0 -9999.0 -9999.0 -9999.0 -9999.0 -9999.0 -9999.0 -9999.0 -9999.0 1117.271222 1121.392660 1131.069029 1140.697517 1143.322473 1147.729145 1153.894563 1166.073231 1169.684002 1175.840301 1183.306177 1195.254770 1203.808601 1212.828368 1224.542966 1232.765558 1239.810440 1246.576118 1251.579535 1264.341322 1279.160257 1294.463678 1314.273193 1336.029309 1356.010464 1375.922805 1391.695803 1404.992504 1406.193849 1405.257552 1407.628443 1414.874614 1431.419714 1449.987097 1457.859317 1474.942377 1497.885288 1511.206556 1522.547945 1531.096194 1544.720206 1565.983304
-9999.0 -9999.0 -9999.0 -9999.0 -9999.0 -9999.0 -9999.0 -9999.0 -9999.0 -9999.0 1085.277984 1087.457328 1083.983070 1083.356331 1088.551405 1100.685014 1114.511456 1120.912624 1132.532154 1153.476693 1171.335573 1174.716964 1188.995395 1199.118140 1205.776313 1216.075957 1229.038305 1241.577873 1257.998460 1270.177131 1281.151951 1299.971834 1316.122765 1332.402401 1349.894615 1369.978647 1389.038258 1416.588201 1443.141790 1455.330170 1476.791821 1486.645135 1483.837509 1483.922108 1493.207917 1508.879389 1529.655200 1552.547505 1574.581899 1600.307459 1617.608812 1632.645714 1643.883519 1656.526688 1672.721318
-9999.0 -9999.0 -9999.0 -9999.0 -9999.0 -9999.0 -9999.0 -9999.0 1060.799157 1068.199787 1074.172769 1071.102897 1066.569679 1062.331334 1076.141599 1091.872635 1107.847890 1125.506603 1141.381404 1159.495464 1174.483471 1190.386513 1210.112898 1221.549549 1232.930323 1248.078020 1261.532851 1278.200680 1299.209543 1311.114109 1326.891385 1347.800742 1365.823961 1383.543037 1402.099594 1419.973216 1445.467974 1478.435578 1509.933454 1531.833201 1559.638244 1582.099409 1581.181186 1583.652017 1588.300813 1614.343821 1644.180845 1675.730758 1701.562568 1729.895498 1760.712995 1780.298124 1792.001001 1805.345645 1821.187716
-9999.0 -9999.0 -9999.0 -9999.0 -9999.0 -9999.0 1033.723726 1057.904723 1072.841354 1064.744403 1054.158785 1050.197591 1045.761183 1070.058117 1091.984388 1109.186298 1126.023422 1143.592053 1160.030351 1172.320564 1205.341740 1223.186417 1237.059241 1254.331270 1268.781243 1283.264469 1300.457313 1323.426278 1344.534650 1373.002287 1397.370968 1420.174984 1445.937795 1465.303323 1483.926408 1501.692137 1532.562938 1569.646344 1606.278770 1635.011591 1662.480939 1693.964089 1700.957609 1707.071555 1714.514406 1737.098858 1770.491612 1802.543334 1838.028928 1871.997734 1901.019797 1914.717397 1926.482654 1938.765917 1953.009769
-9999.0 -9999.0 -9999.0 -9999.0 1000.758609 1021.566784 1041.267521 1071.707942 1094.019604 1088.865603 1095.075972 1094.783544 1092.479158 1096.353860 1103.438981 1121.360275 1139.981528 1158.880043 1176.160512 1209.906768 1254.112167 1268.864482 1292.048960 1323.507137 1336.778151 1351.867516 1368.012702 1390.663910 1416.206737 1448.651826 1490.827589 1526.738401 1551.877391 1574.403345 1595.601917 1617.305313 1651.909862 1690.097032 1727.677408 1762.637924 1793.384904 1820.440249 1833.492551 1842.255547 1855.267614 1873.417672 1896.948596 1926.522017 1960.289488 1994.489084 2021.375837 2036.287533 2045.323806 2056.867711 2067.691913
-9999.0 -9999.0 -9999.0 950.890160 989.528224 1027.428460 1054.074298 1084.667118 1116.563476 1120.382415 1129.074894 1133.160719 1137.085788 1145.107757 1152.909838 1169.864589 1186.226033 1202.549356 1224.411654 1260.513081 1294.485710 1322.446627 1353.614551 1378.819110 1398.485685 1414.044670 1432.652164 1456.189786 1495.418763 1531.777530 1581.245315 1633.933517 1670.214192 1694.355212 1717.248007 1745.392207 1771.487379 1809.291801 1845.597757 1880.311243 1913.636988 1939.667657 1959.255612 1967.931348 1979.027391 1989.104695 2006.936860 2030.537023 2054.577509 2085.560041 2115.806952 2142.749494 2158.222673 2169.275564 2185.990614
-9999.0 -9999.0 903.678225 941.617056 975.224309 1024.792357 1077.457987 1111.596398 1151.910963 1174.759308 1180.750132 1196.703319 1211.815952 1218.121894 1232.719572 1249.254242 1267.385907 1274.381564 1291.530384 1319.966231 1367.723815 1411.298067 1429.081098 1478.195028 1511.050789 1539.437604 1557.918805 1584.892980 1620.796726 1661.557253 1709.707212 1759.905114 1798.423837 1830.024246 1847.692079 1868.621967 1892.530152 1918.589691 1954.639644 1984.984667 2018.509045 2046.089994 2068.915405 2076.360753 2082.549452 2099.950134 2126.549526 2155.017041 2181.826604 2207.701868 2210.683376 2225.329039 2232.721968 2237.314910 2243.299700
-9999.0 -9999.0 876.516441 921.511769 960.896351 1026.014328 1106.128786 1142.478211 1184.520926 1229.772681 1247.361650 1271.023262 1280.604222 1287.695896 1310.370847 1331.853326 1345.202094 1352.204718 1351.359064 1406.182491 1463.337155 1510.380119 1552.385769 1620.267190 1666.758849 1685.113592 1699.102239 1720.570266 1745.377557 1788.497859 1835.545013 1889.145615 1933.402612 1965.366584 1982.788565 2002.812692 2024.527612 2043.569743 2064.384446 2106.163168 2136.345383 2164.210870 2192.840223 2214.320437 2223.929902 2229.173737 2218.750210 2231.569830 2240.946154 2246.169644 2249.153129 2247.335109 2247.915029 2249.513713 2251.128982
-9999.0 787.202075 839.302211 891.990427 960.059969 1026.218912 1107.865528 1186.515049 1243.765937 1290.822767 1318.887372 1328.551582 1360.650092 1400.986209 1426.357810 1452.203521 1456.141566 1462.449064 1452.167144 1501.100858 1549.196946 1620.361957 1728.137284 1785.312638 1833.111620 1836.204066 1832.396025 1845.553093 1869.634858 1914.399560 1983.582065 2032.888048 2088.427586 2130.880087 2147.773104 2156.337237 2175.524313 2196.899727 2181.326789 2207.875571 2221.235206 2232.501176 2237.442697 2240.765549 2243.494359 2245.442485 2244.162052 2239.739014 2233.829947 2229.898903 2227.179642 2223.648371 2226.671337 2230.235218 2231.012479
-9999.0 751.360873 810.461745 881.356256 951.611304 1016.537657 1116.798084 1261.448715 1315.118624 1351.612642 1371.870762 1388.710498 1463.932651 1529.490568 1563.374727 1608.731780 1603.669958 1594.205304 1579.458634 1611.988889 1660.469678 1734.085203 1879.159609 1964.588361 1997.313818 2010.456390 2019.211589 2047.863655 2086.943418 2126.000258 2161.853418 2159.723545 2190.411442 2206.895535 2213.072768 2216.732173 2222.650611 2224.733304 2224.943516 2223.266236 2220.534381 2222.476029 2228.089606 2229.390588 2228.139486 2226.631937 2222.668340 2216.656497 2212.473459 2208.864095 2206.805359 2204.142831 2202.463475 2202.053381 2197.155211
-9999.0 720.398302 791.914281 854.582705 916.981657 1028.092321 1153.607086 1288.725174 1380.558900 1416.807383 1434.377476 1499.503127 1600.576083 1698.524184 1751.901920 1778.940298 1780.493076 1758.909352 1761.483015 1806.963313 1872.854946 1967.790854 2065.229171 2145.617955 2161.813513 2168.584890 2148.165191 2165.943739 2182.511719 2187.941601 2192.192187 2198.870313 2206.683401 2212.041611 2213.265928 2212.831624 2210.370521 2204.419301 2201.167770 2199.223306 2196.892026 2197.303785 2200.662559 2202.778502 2201.180797 2198.400668 2194.935959 2190.175132 2184.684456 2178.510413 2174.624413 2170.307621 2167.485391 2161.570581 2156.129423
-9999.0 618.079369 707.209729 760.260300 869.826063 1044.903404 1170.795502 1318.152524 1464.476577 1500.233105 1571.192357 1693.027765 1800.830825 1877.475773 1919.457098 1962.873008 1993.931068 2018.927187 2055.828128 2007.144053 2067.187783 2129.969480 2159.065315 2174.555805 2180.596756 2185.170097 2180.606279 2164.791589 2157.747002 2154.162870 2158.584429 2168.225228 2175.680813 2182.932278 2182.606941 2184.775908 2186.253887 2183.832741 2180.763811 2173.039399 2165.780080 2160.158132 2158.382690 2163.815249 2159.478135 2157.051238 2151.711469 2144.192691 2135.746639 2128.210280 2120.194581 2112.745076 2108.784681 2101.686464 2098.256964
-9999.0 537.216869 613.421824 699.045779 833.572903 997.040832 1121.797420 1286.402235 1496.051458 1612.820002 1740.474140 1815.429662 1890.289794 1951.900323 2015.791047 2065.884391 2093.925243 2107.181416 2097.334713 2111.850238 2081.397188 2076.659118 2096.482709 2125.529902 2141.962864 2148.904854 2143.697017 2136.318445 2131.850895 2133.092285 2133.654542 2133.453411 2132.833983 2131.748585 2129.768486 2132.736651 2137.949554 2132.003968 2123.080180 2114.417034 2106.401894 2097.528586 2091.641432 2087.893420 2087.046882 2087.078571 2079.914307 2069.862161 2059.421135 2051.021210 2042.762246 2036.125513 2031.775912 2024.629901 2014.001853
-9999.0 436.243951 558.661928 650.445016 768.766745 904.157537 1027.177181 1188.222390 1333.133845 1553.567745 1708.115225 1825.621666 1870.666145 1933.752547 1994.803026 2065.265708 2072.063644 2046.543980 2016.202768 2004.192497 2012.682199 2024.107739 2038.187266 2058.544317 2077.817402 2089.548087 2094.229191 2089.048969 2077.203149 2068.832112 2062.602772 2053.241575 2046.719324 2046.089523 2047.954445 2055.863740 2057.883601 2048.644778 2035.077122 2017.861048 2002.566060 1990.805703 1987.249511 1988.265069 1988.151770 1984.399897 1977.779821 1967.285255 1954.698587 1942.479115 1934.511740 1927.887515 1919.059323 1906.692701 1893.054108
-9999.0 -9999.0 482.132599 592.757716 699.019688 820.085826 931.813285 1071.256773 1219.012542 1397.445511 1513.860749 1650.216019 1727.029491 1775.177205 1825.491265 1882.760203 1905.215388 1928.645178 1916.404278 1923.876563 1932.515262 1939.684818 1949.786880 1961.608608 1975.726061 1987.125466 1996.639705 1995.758376 1987.847988 1971.120553 1950.780850 1935.232725 1926.690530 1919.831083 1929.724899 1941.193067 1937.664199 1930.542032 1917.736704 1900.813918 1886.573712 1871.587528 1866.846982 1866.326443 1865.973739 1862.846979 1858.456237 1845.558615 1832.534218 1820.534646 1814.417787 1807.148344 1800.472271 1788.100256 1774.903247
-9999.0 -9999.0 397.342484 505.475817 618.442418 740.817162 838.790563 906.187523 1055.498891 1168.964420 1272.602676 1371.984006 1456.380695 1521.264850 1564.982695 1627.366702 1671.854121 1689.673130 1713.823826 1747.941844 1775.591842 1805.464862 1825.017542 1837.994979 1852.636468 1867.081196 1876.509733 1865.243122 1855.025191 1839.045724 1818.134184 1795.093250 1783.292992 1780.445882 1782.232460 1786.641824 1780.437064 1770.610811 1755.676043 1739.468476 1725.550127 1713.581281 1708.652579 1704.210986 1702.194225 1698.968816 1695.767753 1687.610659 1676.689651 1669.200567 1660.362791 1653.952416 1650.244474 1643.096529 1633.506779
