tests/Borden05m/data_simulated/sim_1/output-maps/psiliqL0024N0008.asc
ncols         160
nrows         34
xllcorner     620200.000000
yllcorner     5168000.000000
cellsize      0.500000
NODATA_value  -9999.0
[rows 0 to 24 of 34, columns 55 to 109 of 160]
-9999.0 -9999.0 -9999.0 -9999.0 -9999.0 -9999.0 -9999.0 -9999.0 -9999.0 -9999.0 -9999.0 -9999.0 -9999.0 -9999.0 -9999.0 -9999.0 -9999.0 -9999.0 -9999.0 -9999.0 -9999.0 -9999.0 -9999.0 -9999.0 -9999.0 -9999.0 -9999.0 -9999.0 -9999.0 -9999.0 -9999.0 -9999.0 -9999.0 -9999.0 -9999.0 -9999.0 -9999.0 -9999.0 -9999.0 -9999.0 -9999.0 -9999.0 -9999.0 -9999.0 -9999.0 -9999.0 -9999.0 -9999.0 -9999.0 -9999.0 -9999.0 -9999.0 -9999.0 -9999.0 -9999.0
-9999.0 -9999.0 -9999.0 -9999.0 2999.134936 2993.796931 2988.938336 2984.426122 2980.020789 2970.788383 2962.872888 2958.745874 2957.640474 2956.826297 2956.246676 2961.176926 2969.226179 2976.837185 2983.681604 2981.098983 2983.285165 2985.132496 2985.343958 2984.137136 2980.965825 2982.900568 2979.567527 2977.902194 2970.450179 2959.300887 2950.929056 2948.236834 2952.447508 2956.800580 2959.262624 2964.529241 2974.939781 2985.480307 2988.629582 3000.868264 3007.721773 3013.070005 3015.765781 3011.822295 3008.579026 3004.700138 2998.880753 2987.829689 -9999.0 -9999.0 -9999.0 -9999.0 -9999.0 -9999.0 -9999.0
2948.169361 2966.560791 2983.135118 2986.228316 2978.836267 2973.841057 2970.692312 2968.974705 2964.652540 2956.136850 2951.000061 2945.527807 2942.989433 2942.991556 2942.891773 2946.614926 2957.275090 2965.082416 2969.657995 2972.245286 2975.029016 2973.625468 2972.862354 2972.604097 2969.688477 2966.216025 2962.820787 2960.972411 2962.273909 2954.683909 2948.766642 2944.937709 2942.166880 2944.850577 2947.507226 2951.906898 2961.103755 2969.018989 2976.897989 2986.331701 2999.181350 3004.853975 3002.382396 2997.815811 2994.211612 2987.102256 2981.484346 2971.523060 2963.225616 2956.996205 2951.612477 2945.294987 2951.636008 2959.295609 2968.678796
2931.590401 2950.719252 2971.059855 2973.636340 2963.289577 2955.471600 2948.905826 2949.368512 2952.708525 2949.418443 2944.606248 2937.205295 2946.928383 2947.922492 2948.651882 2951.827412 2953.888387 2958.682308 2961.116792 2966.411277 2975.312829 2978.051505 2978.456998 2978.478672 2976.484332 2973.216861 2971.252539 2968.441812 2963.158270 2961.448129 2961.171521 2960.018298 2964.201345 2965.536237 2968.441154 2962.794577 2967.084146 2973.304136 2980.061470 2985.656143 2985.822831 2988.509649 2985.314025 2985.911974 2983.250551 2969.699106 2959.873487 2952.319160 2952.259839 2949.289574 2941.388767 2927.827634 2935.947702 2951.962109 2956.703193
2935.959889 2944.832728 2955.475939 2957.986054 2952.913036 2954.958806 2956.683675 2957.896989 2956.040693 2952.535062 2948.455074 2959.080504 2967.244791 2968.582040 2971.015528 2974.892689 2975.720837 2964.703757 2962.578471 2969.917966 2979.367956 2984.512448 2984.631168 2984.252099 2980.770821 2979.592911 2979.325428 2977.438771 2977.080442 2978.725806 2976.615635 2979.774637 2985.173043 2981.602576 2982.822088 2974.400274 2976.449576 2984.743063 2986.882773 2994.335076 3004.504134 3015.440575 3015.635226 3011.103373 3002.819897 2990.533104 2974.274780 2956.624444 2945.689788 2937.844163 2930.627408 2933.173471 2928.730002 2942.159796 2943.929687
2923.288360 2943.278477 2963.163258 2969.206416 2963.152167 2959.170418 2957.657861 2958.254225 2957.392273 2958.151991 2967.317863 2979.180315 2984.089995 2985.814863 2987.536082 2986.380012 2985.645930 2975.397720 2972.531914 2985.861916 2995.000634 3002.607993 3002.147544 2998.240222 3001.793614 3001.597989 3001.688672 2998.037787 2998.883737 2996.981770 3002.995272 3010.596363 3018.378636 3016.799010 3004.649342 2992.504966 2992.267210 2997.372052 3003.675661 3011.108902 3021.345592 3030.656647 3025.965256 3020.713386 3013.195376 2987.574181 2971.544764 2957.298681 2957.444486 2958.161945 2953.929255 2951.797025 2950.576532 2946.077980 2946.231534
2960.101600 2979.339030 2992.867993 3005.830170 2999.510189 2991.770318 2982.900272 2982.956365 2983.530100 2989.444810 2999.915564 3013.048587 3034.624107 3034.327922 3034.962067 3034.092107 3021.509242 3008.372688 2998.156129 3019.436338 3030.051571 3037.288102 3035.235720 3040.928908 3049.634458 3045.840789 3039.243311 3027.422198 3033.057541 3040.260543 3055.298632 3062.985000 3068.004392 3063.948207 3050.535921 3043.977700 3045.087033 3050.941746 3051.641814 3059.727679 3068.801732 3083.845525 3082.813852 3078.866436 3058.892669 3022.279759 2992.903949 2987.257287 2990.250976 2984.693961 2985.620916 2985.116918 2973.693185 2966.020064 2968.459712
2987.120203 3000.714635 3016.754083 3033.216079 3024.728305 3014.300710 2998.124818 2995.194014 2999.632000 3009.496748 3026.906149 3045.282814 3065.465811 3065.364422 3060.087896 3069.503119 3062.544032 3051.883725 3044.196551 3063.884743 3074.153374 3084.439775 3090.655626 3103.178018 3113.671133 3098.198798 3081.913879 3072.296293 3078.965724 3103.521382 3125.013923 3129.803611 3129.191559 3129.147819 3114.882490 3109.819032 3105.957163 3105.504079 3102.462705 3100.342044 3124.616769 3145.460770 3145.198345 3123.681913 3101.093933 3062.476658 3025.175170 3000.223323 3011.279900 3008.395150 3011.524705 3001.043494 2989.121278 2981.040370 2985.150790
3039.259709 3061.558119 3078.220785 3099.546895 3091.742187 3069.486590 3054.552488 3057.229474 3070.337856 3077.964083 3095.617760 3113.480225 3139.861734 3153.106464 3165.286920 3168.261350 3161.777528 3153.135568 3140.921801 3144.973328 3167.661118 3178.300312 3186.852198 3195.505616 3208.015402 3209.125510 3202.854984 3201.191588 3205.324216 3217.735754 3231.264535 3237.949887 3241.338251 3244.394651 3232.699455 3220.280513 3217.641847 3211.749571 3209.745746 3208.796297 3218.986947 3238.182357 3235.350239 3200.764382 3174.291495 3141.018595 3103.323935 3074.143017 3066.692898 3084.086643 3081.016609 3064.953768 3053.541183 3026.697570 3020.425286
3110.157465 3143.028382 3167.444969 3177.152212 3185.134616 3171.645684 3169.879628 3173.760023 3181.700891 3184.853457 3191.232864 3223.315785 3256.934056 3282.283124 3305.006995 3312.201273 3300.138443 3290.316381 3277.006553 3268.075773 3277.994849 3294.693303 3312.100215 3327.042026 3338.287990 3340.572445 3339.037513 3339.112985 3342.026338 3344.991525 3349.071191 3357.155862 3364.707636 3373.477882 3381.933270 3372.221776 3355.408363 3345.758962 3336.134001 3334.816661 3335.892549 3339.049259 3340.112090 3324.943446 3284.820065 3254.044605 3222.346224 3201.809727 3187.876324 3186.085774 3169.052833 3145.482381 3095.473207 3058.323758 3027.066598
3196.283587 3239.357813 3268.409618 3286.181272 3298.947112 3296.555953 3298.257421 3299.305213 3303.138188 3305.713098 3308.870756 3334.854034 3375.556034 3414.394096 3445.240546 3445.542302 3432.323013 3421.070971 3411.751629 3397.858523 3393.967576 3405.899402 3420.688694 3440.366694 3450.897303 3457.445784 3454.486856 3454.727011 3456.336670 3458.625047 3460.709359 3464.111198 3473.402695 3488.042932 3502.118420 3501.522243 3483.348600 3465.566979 3449.437424 3446.415764 3443.585891 3438.647633 3440.819476 3442.683795 3428.126403 3397.902117 3358.968598 3318.638544 3300.945263 3285.350232 3274.540429 3258.130977 3220.136272 3157.173244 3119.544447
3310.781260 3343.720260 3372.458218 3402.503131 3417.648418 3420.420905 3418.097093 3417.182970 3424.104645 3427.160017 3433.258011 3449.690744 3480.665991 3515.196797 3544.411230 3559.953953 3552.597017 3535.267540 3513.648998 3504.372871 3501.641512 3505.049696 3514.202252 3526.479260 3545.502259 3564.487786 3570.205051 3571.068421 3568.417475 3570.790911 3572.298839 3572.405257 3575.108704 3583.183826 3592.745018 3596.031896 3588.606253 3568.158384 3545.100616 3533.433081 3526.734067 3523.251233 3523.966291 3528.742325 3531.634601 3517.314539 3482.667764 3439.203803 3409.082168 3393.343072 3380.421459 3366.759841 3354.771257 3323.913298 3303.648913
3418.887518 3433.782120 3461.510053 3489.895258 3512.573969 3527.351092 3528.053765 3531.281916 3535.969176 3543.492173 3558.532018 3581.307377 3599.757307 3621.721348 3647.703262 3663.539283 3668.811829 3667.335376 3663.554510 3664.808626 3665.141839 3605.691850 3611.653581 3617.591429 3633.774013 3648.493377 3653.795135 3654.398815 3651.990365 3653.752074 3654.476550 3654.393425 3654.023911 3656.129980 3660.936037 3662.772893 3660.502076 3648.439978 3665.286922 3645.575328 3632.286007 3624.171435 3616.010936 3607.771972 3598.387726 3588.599791 3569.046055 3538.732931 3504.675311 3482.780312 3474.664132 3468.687673 3460.593013 3455.112083 3438.516171
3517.066932 3527.615081 3545.448372 3567.810508 3601.004737 3623.907526 3635.144566 3644.314885 3648.945822 3662.669902 3678.953835 3663.920716 3671.810558 3679.975086 3688.087408 3690.873248 3691.670898 3691.302840 3688.929274 3688.193522 3685.846741 3682.272536 3671.909987 3673.508313 3675.414836 3678.022357 3681.733103 3680.607833 3681.699591 3684.648079 3682.913269 3676.927811 3672.900967 3671.327811 3672.275519 3679.675106 3683.127329 3684.068880 3680.915984 3680.007121 3679.061111 3675.831507 3671.799407 3666.115333 3658.844283 3672.634989 3660.813178 3633.315536 3593.885701 3553.466331 3545.341509 3546.666800 3546.728250 3545.187591 3539.677287
3639.809609 3653.250375 3667.801498 3647.296465 3668.512072 3679.369447 3684.446168 3688.411164 3691.166801 3694.107613 3691.079072 3688.037465 3683.181024 3681.651642 3680.312509 3677.886556 3678.522170 3676.637140 3672.598968 3668.620567 3660.816446 3649.349733 3638.176004 3634.714626 3639.044975 3644.608082 3649.683119 3654.015570 3657.699213 3657.805322 3652.411197 3644.051517 3636.560437 3634.882661 3641.715622 3647.435926 3653.838895 3654.694834 3653.305672 3650.862080 3650.659037 3647.465522 3647.700920 3654.711744 3669.307751 3672.303474 3677.908248 3677.110077 3661.300838 3632.673740 3642.529722 3622.714724 3628.559573 3624.038748 3612.783680
3682.522590 3685.154017 3683.605553 3682.447659 3676.121091 3670.106953 3669.345682 3673.356057 3680.386479 3681.481169 3674.464572 3665.951452 3658.787105 3651.459355 3649.163049 3648.559849 3648.291272 3648.775448 3643.511323 3634.373988 3617.567233 3606.032493 3594.985817 3589.059128 3585.456217 3589.052143 3600.155286 3612.081644 3617.079728 3608.033616 3599.684358 3587.997444 3579.946810 3580.378420 3581.520891 3590.961538 3607.513063 3614.765826 3615.536727 3609.184614 3602.867522 3596.269213 3593.277891 3599.707290 3614.920603 3631.491790 3646.877065 3655.899463 3663.557100 3670.593050 3669.473761 3672.076932 3673.509331 3671.486976 3674.132922
3676.771812 3669.849720 3662.939021 3657.699216 3651.280065 3645.984230 3644.196305 3646.155068 3648.214806 3644.233803 3637.885422 3627.950832 3617.024901 3607.408947 3599.994817 3601.038940 3603.413311 3605.047858 3597.906675 3582.722640 3565.060309 3551.670487 3537.880360 3533.991498 3528.235284 3520.928425 3531.083013 3550.548782 3557.815877 3541.999788 3531.238116 3516.170101 3509.538087 3505.630017 3506.468092 3515.408332 3537.612182 3561.225820 3563.203211 3552.346890 3541.566453 3536.794621 3533.585357 3538.289587 3555.019269 3575.620902 3591.485242 3601.756200 3607.055024 3614.811754 3624.160195 3638.192927 3652.803385 3664.980072 3669.980782
3651.884506 3644.172883 3636.571822 3629.029040 3622.205751 3616.095424 3611.888230 3609.984208 3606.249337 3600.261062 3593.352397 3573.420760 3561.173436 3548.515617 3533.883991 3530.177562 3525.686161 3526.936160 3515.603476 3507.545700 3491.035337 3475.822230 3460.339404 3447.364618 3441.706434 3435.147869 3434.008309 3447.643936 3456.123308 3446.325047 3436.617694 3425.817599 3421.176506 3417.826933 3420.238846 3430.627416 3450.333573 3468.610586 3476.832209 3469.384131 3467.672701 3467.382598 3465.739906 3471.851722 3482.800640 3500.717386 3522.772477 3541.278976 3550.967631 3557.792473 3566.965227 3581.266322 3595.246975 3609.442022 3627.239442
3621.586271 3612.397140 3602.611483 3593.055047 3582.726806 3572.337483 3566.019050 3568.675822 3562.766095 3557.248903 3535.417514 3481.403090 3460.849663 3442.282786 3426.407150 3420.014679 3411.908416 3396.695374 3388.193431 3383.703637 3385.269026 3371.358821 3354.127817 3336.733234 3331.931956 3328.431085 3311.850344 3308.048719 3308.820609 3324.093418 3317.970054 3316.369534 3317.957176 3315.559397 3316.973565 3329.740099 3337.708374 3343.448038 3350.050864 3354.233068 3364.313044 3371.955460 3381.451785 3398.210286 3409.015870 3424.215525 3444.315490 3469.461602 3484.465534 3493.728971 3503.937437 3519.018757 3535.004818 3552.498406 3574.675985
3587.299100 3571.169582 3556.870012 3542.816869 3530.360548 3517.796944 3502.484639 3504.506549 3502.501219 3492.673391 3439.322802 3398.839234 3365.605888 3348.743530 3325.658576 3312.675632 3297.098052 3260.014508 3243.162942 3242.581390 3256.939989 3253.234722 3238.068660 3226.250481 3217.129868 3208.128265 3190.908609 3172.977080 3178.997790 3197.034717 3197.641580 3200.660352 3208.261661 3207.646215 3201.131468 3198.909644 3210.965170 3216.456427 3227.344169 3244.315737 3248.924763 3264.501115 3297.298520 3309.805361 3324.413133 3342.460840 3362.504282 3384.103444 3406.041674 3419.629615 3434.375228 3452.461801 3468.787343 3488.782416 3511.094900
3537.342819 3506.894067 3486.265322 3469.310932 3450.710242 3424.679602 3405.036791 3403.154989 3397.318884 3369.469954 3318.248694 3282.890131 3259.615740 3238.388477 3215.906015 3193.114092 3157.980689 3124.044405 3102.819105 3118.236119 3129.531114 3140.719735 3129.462844 3118.863005 3109.505350 3091.990906 3075.454204 3059.490244 3070.414059 3079.080449 3097.398111 3104.065653 3107.954582 3113.586719 3112.080707 3101.590223 3096.941490 3104.795498 3114.387418 3125.923882 3146.530044 3180.225203 3204.363963 3221.922092 3241.753646 3259.861716 3280.642017 3302.977207 3324.988512 3341.281771 3358.994589 3376.886125 3397.176399 3415.912342 3438.405420
3458.960364 3431.270061 3405.457847 3382.925294 3352.288560 3307.167665 3293.357103 3285.012018 3264.382212 3218.420424 3177.516588 3157.538502 3144.647810 3122.158553 3101.808548 3073.928328 3040.984885 3019.757332 2999.860099 3010.523756 3021.080995 3041.036483 3032.501389 3025.806789 3022.958527 3007.944742 2994.865771 2978.709156 2985.163163 2997.231015 3020.344731 3026.224761 3030.293202 3039.491991 3038.633593 3033.966336 3016.697198 3023.248386 3033.649921 3047.653708 3077.958401 3100.051681 3121.924129 3142.904266 3161.551067 3181.467152 3202.934863 3225.137588 3250.538552 3269.220995 3287.389559 3308.100871 3326.611699 3340.597065 3356.547585
3352.673513 3329.240749 3310.192904 3286.815776 3245.299327 3202.370921 3163.830756 3138.685235 3088.290574 3054.609113 3034.375301 3033.383112 3021.883054 3003.074810 2985.284043 2975.565519 2954.331283 2936.014878 2911.591660 2917.373785 2933.404695 2950.637364 2951.919297 2952.952577 2951.690757 2942.563119 2929.304457 2915.818036 2919.620190 2936.658970 2954.608003 2964.558258 2972.232311 2979.951537 2979.643739 2970.129249 2960.019038 2964.599646 2979.486795 2987.357335 3004.243597 3024.163103 3043.991009 3063.440191 3084.921020 3106.526520 3128.402896 3152.172949 3177.017802 3197.090054 3219.607628 3242.867738 3258.600716 3266.657386 3273.986002
3251.938051 3233.357235 3211.072263 3184.642392 3144.763413 3106.129604 3066.423910 3021.006699 2989.387587 2970.931031 2964.575398 2950.099092 2937.697465 2924.159406 2904.940733 2889.752446 2875.770042 2855.311705 2845.607574 2853.321349 2867.166865 2875.805276 2882.778071 2880.993482 2878.969526 2873.552555 2859.863095 2855.587916 2865.595339 2880.795148 2894.513002 2905.992419 2912.835442 2917.914488 2914.779959 2905.506196 2902.246522 2910.155458 2925.241951 2938.039023 2952.275407 2972.046451 2984.264444 3004.435472 3025.455003 3046.145576 3069.211216 3092.985068 3117.578199 3143.220149 3164.314105 3181.065093 3188.668383 3196.957846 3195.902438
3131.865063 3121.120996 3096.532161 3069.564871 3041.469942 3009.568265 2986.588527 2965.069543 2936.486997 2909.026241 2884.507889 2873.210363 2868.066201 2857.123821 2841.244701 2831.047473 2816.427247 2806.897593 2813.359933 2815.136625 2823.671550 2822.258514 2823.532519 2821.412162 2821.086013 2819.054274 2812.975741 2824.748429 2830.782999 2844.172110 2854.160553 2863.789016 2869.481599 2872.935160 2873.872226 2869.402761 2874.928464 2880.697133 2893.934413 2904.526691 2917.377238 2936.439979 2952.107018 2969.793327 2984.595359 3005.839667 3027.917221 3051.885420 3078.152401 3101.096707 3117.349600 3122.713941 3130.469063 3130.705383 3118.512353
