tests/Borden05m/data_simulated/sim_1/output-maps/psiliqL0021N0004.asc
ncols         160
nrows         34
xllcorner     620200.000000
yllcorner     5168000.000000
cellsize      0.500000
NODATA_value  -9999.0
[rows 0 to 24 of 34, columns 0 to 54 of 160]
-9999.0 -9999.0 -9999.0 -9999.0 -9999.0 -9999.0 -9999.0 -9999.0 -9999.0 -9999.0 -9999.0 -9999.0 -9999.0 -9999.0 -9999.0 -9999.0 -9999.0 -9999.0 -9999.0 -9999.0 -9999.0 -9999.0 -9999.0 -9999.0 -9999.0 -9999.0 -9999.0 -9999.0 -9999.0 -9999.0 -9999.0 -9999.0 -9999.0 -9999.0 -9999.0 -9999.0 -9999.0 -9999.0 -9999.0 -9999.0 -9999.0 -9999.0 -9999.0 -9999.0 -9999.0 -9999.0 -9999.0 -9999.0 -9999.0 -9999.0 -9999.0 -9999.0 -9999.0 -9999.0 -9999.0
-9999.0 -9999.0 -9999.0 -9999.0 -9999.0 -9999.0 -9999.0 -9999.0 -9999.0 -9999.0 -9999.0 -9999.0 -9999.0 -9999.0 -9999.0 -9999.0 -9999.0 -9999.0 -9999.0 -9999.0 -9999.0 -9999.0 -9999.0 -9999.0 -9999.0 -9999.0 -9999.0 -9999.0 -9999.0 -9999.0 -9999.0 -9999.0 -9999.0 -9999.0 -9999.0 -9999.0 -9999.0 -9999.0 -9999.0 -9999.0 -9999.0 -9999.0 -9999.0 -9999.0 -9999.0 -9999.0 -9999.0 -9999.0 -9999.0 -9999.0 -9999.0 -9999.0 -9999.0 -9999.0 -9999.0
-9999.0 -9999.0 -9999.0 -9999.0 -9999.0 -9999.0 -9999.0 -9999.0 -9999.0 -9999.0 -9999.0 -9999.0 -9999.0 -9999.0 -9999.0 -9999.0 -9999.0 -9999.0 -9999.0 -9999.0 -9999.0 -9999.0 -9999.0 -9999.0 -9999.0 -9999.0 -9999.0 -9999.0 -9999.0 -9999.0 -9999.0 -9999.0 -9999.0 -9999.0 -9999.0 -9999.0 -9999.0 -9999.0 -9999.0 -9999.0 -9999.0 -9999.0 -9999.0 -9999.0 -9999.0 -9999.0 -9999.0 2297.852243 2280.845368 2266.932030 2263.520855 2285.532052 2309.171881 2333.439857 2354.434649
-9999.0 -9999.0 -9999.0 -9999.0 -9999.0 -9999.0 -9999.0 -9999.0 -9999.0 -9999.0 -9999.0 -9999.0 -9999.0 -9999.0 -9999.0 -9999.0 -9999.0 -9999.0 -9999.0 -9999.0 -9999.0 -9999.0 -9999.0 -9999.0 -9999.0 -9999.0 -9999.0 -9999.0 -9999.0 -9999.0 -9999.0 -9999.0 -9999.0 -9999.0 -9999.0 -9999.0 -9999.0 -9999.0 -9999.0 -9999.0 2346.011921 2352.128190 2352.739691 2343.038529 2332.151339 2319.363287 2299.248788 2281.925534 2268.469809 2266.716182 2269.678750 2273.692860 2295.521774 2321.141937 2341.446334
-9999.0 -9999.0 -9999.0 -9999.0 -9999.0 -9999.0 -9999.0 -9999.0 -9999.0 -9999.0 -9999.0 -9999.0 -9999.0 -9999.0 -9999.0 -9999.0 -9999.0 -9999.0 -9999.0 -9999.0 -9999.0 -9999.0 -9999.0 -9999.0 -9999.0 -9999.0 -9999.0 -9999.0 -9999.0 -9999.0 -9999.0 -9999.0 -9999.0 -9999.0 2252.338352 2269.659608 2287.971230 2306.867673 2324.152610 2331.447364 2337.428438 2343.213135 2339.148983 2335.075024 2323.943920 2304.030854 2285.043196 2272.239641 2271.267206 2269.306269 2273.631607 2286.158036 2303.355562 2319.309236 2340.481929
-9999.0 -9999.0 -9999.0 -9999.0 -9999.0 -9999.0 -9999.0 -9999.0 -9999.0 -9999.0 -9999.0 -9999.0 -9999.0 -9999.0 -9999.0 -9999.0 -9999.0 -9999.0 -9999.0 -9999.0 -9999.0 -9999.0 -9999.0 -9999.0 -9999.0 -9999.0 -9999.0 -9999.0 2255.959079 2250.253109 2245.703841 2244.569299 2243.592021 2242.950414 2249.879734 2261.650801 2279.441785 2301.826194 2315.466744 2323.173754 2330.392015 2331.336740 2326.250167 2324.944117 2325.887738 2314.030740 2302.458765 2291.657367 2281.186775 2279.184297 2288.887663 2303.657926 2320.437175 2335.678894 2351.516609
-9999.0 -9999.0 -9999.0 -9999.0 -9999.0 -9999.0 -9999.0 -9999.0 -9999.0 -9999.0 -9999.0 -9999.0 -9999.0 -9999.0 -9999.0 -9999.0 -9999.0 -9999.0 -9999.0 -9999.0 -9999.0 -9999.0 -9999.0 2225.119351 2230.537318 2237.345392 2245.267123 2246.528120 2243.146945 2238.008591 2235.606481 2234.611638 2233.012150 2237.974712 2245.773661 2259.375910 2275.305348 2297.945336 2306.848973 2312.341040 2324.564423 2328.481925 2336.108531 2340.665341 2339.413290 2336.332463 2322.875661 2312.715974 2316.528404 2321.823220 2329.252876 2338.039871 2352.032699 2366.946003 2383.530540
-9999.0 -9999.0 -9999.0 -9999.0 -9999.0 -9999.0 -9999.0 -9999.0 -9999.0 -9999.0 -9999.0 -9999.0 -9999.0 -9999.0 -9999.0 -9999.0 -9999.0 -9999.0 -9999.0 2199.944548 2201.128538 2202.766446 2207.801464 2208.485327 2210.656808 2217.843154 2226.279164 2229.360254 2227.711140 2226.985882 2228.853169 2231.976736 2236.942566 2248.204605 2262.220886 2276.710739 2290.400636 2311.641460 2326.680774 2340.021342 2356.137798 2356.802351 2353.715726 2352.650617 2353.399408 2353.026640 2354.228142 2355.305983 2362.108592 2364.997783 2370.258060 2380.083441 2392.406156 2410.227248 2429.360861
-9999.0 -9999.0 -9999.0 -9999.0 -9999.0 -9999.0 -9999.0 -9999.0 -9999.0 -9999.0 -9999.0 -9999.0 -9999.0 -9999.0 -9999.0 -9999.0 2170.733274 2172.737655 2175.308475 2180.959674 2184.613059 2188.882465 2196.138236 2197.816888 2201.712065 2209.187742 2214.204846 2223.708511 2232.363721 2239.945102 2246.256953 2249.208142 2256.509146 2266.294311 2278.300098 2293.122276 2314.151020 2337.943154 2354.308006 2371.600275 2389.396853 2390.681612 2389.957713 2391.289517 2391.251837 2395.149144 2411.339265 2416.182396 2414.178345 2427.268371 2440.660713 2445.286270 2454.097969 2474.636377 2498.293938
-9999.0 -9999.0 -9999.0 -9999.0 -9999.0 -9999.0 -9999.0 -9999.0 -9999.0 -9999.0 -9999.0 -9999.0 -9999.0 2121.839807 2126.137519 2136.437633 2147.323619 2150.492367 2155.526382 2162.305179 2174.800773 2178.777544 2185.196316 2192.906054 2205.677924 2214.723502 2224.062109 2236.212707 2244.749777 2252.179994 2259.212910 2263.641333 2276.263397 2291.215887 2306.621496 2326.652730 2349.034899 2368.825140 2388.457437 2405.292965 2418.589150 2418.726379 2418.754745 2421.907066 2428.810531 2445.073611 2463.556018 2468.405999 2482.262590 2504.599688 2517.117433 2527.335901 2535.866250 2550.759873 2573.105675
-9999.0 -9999.0 -9999.0 -9999.0 -9999.0 -9999.0 -9999.0 -9999.0 -9999.0 -9999.0 2091.309661 2093.426736 2090.234550 2088.953860 2094.872181 2107.561151 2122.204526 2128.602224 2140.857796 2162.447379 2181.161771 2184.806924 2199.099338 2209.879195 2217.110626 2227.628624 2240.953433 2253.646056 2269.928660 2282.239033 2292.568437 2310.620704 2327.053895 2343.835478 2361.827953 2382.719864 2400.968767 2427.471507 2454.798058 2466.491864 2486.795504 2494.168614 2491.866969 2492.197655 2502.631082 2517.260633 2535.973933 2555.821377 2575.995516 2600.312890 2614.799588 2629.352817 2640.542217 2653.301641 2670.432826
-9999.0 -9999.0 -9999.0 -9999.0 -9999.0 -9999.0 -9999.0 -9999.0 2065.938922 2074.010834 2080.105263 2077.368632 2073.351063 2068.811348 2083.604759 2099.728012 2116.164274 2134.690735 2150.901661 2169.574256 2184.507507 2200.355827 2220.982397 2232.716011 2244.279881 2259.899098 2273.651661 2289.900564 2311.099519 2321.516057 2335.596593 2356.394524 2373.900517 2391.980878 2411.247472 2429.483000 2454.205317 2487.066941 2518.764047 2539.289728 2567.333590 2587.904191 2586.015305 2587.889714 2592.269654 2617.966633 2646.829684 2677.633538 2702.962578 2729.964827 2759.927799 2777.659505 2789.027495 2802.738189 2819.308857
-9999.0 -9999.0 -9999.0 -9999.0 -9999.0 -9999.0 2037.213778 2061.794314 2077.310996 2069.417181 2057.576006 2053.606548 2048.948649 2077.202823 2100.059520 2118.020845 2135.448674 2153.621052 2170.541525 2181.560003 2213.725355 2233.111256 2246.780507 2262.862515 2278.071986 2293.282386 2310.741644 2333.604846 2353.611551 2379.578102 2400.817325 2421.606301 2448.111256 2467.769627 2486.924960 2504.160793 2534.917005 2571.753591 2608.855213 2637.025519 2664.382400 2699.687994 2705.503760 2711.463183 2717.759781 2742.074398 2776.213884 2805.654685 2840.263093 2873.470584 2902.603617 2799.739623 2807.387453 2817.030795 2829.067856
-9999.0 -9999.0 -9999.0 -9999.0 2003.761154 2024.794141 2044.349573 2075.016024 2097.684562 2093.239853 2099.250727 2098.899826 2096.393753 2101.722596 2110.234040 2128.685026 2148.394334 2168.411978 2185.088632 2216.694221 2263.186242 2277.130101 2298.332773 2329.709868 2342.848713 2358.385794 2375.205181 2397.760970 2420.934256 2452.680456 2492.400596 2526.482247 2551.314043 2573.336338 2595.100359 2616.232930 2652.679049 2694.018522 2732.815047 2767.685970 2796.319184 2824.914795 2837.134369 2846.049784 2859.282962 2878.135840 2901.833792 2810.121701 2840.409044 2871.429397 2894.565805 2903.644329 2909.302737 2918.568765 2926.692849
-9999.0 -9999.0 -9999.0 1951.482439 1990.542250 2029.601501 2056.169698 2087.112263 2119.895635 2122.619191 2132.235610 2135.294481 2137.937512 2145.858253 2152.605496 2170.454437 2188.757547 2207.879649 2230.879697 2267.031316 2299.886068 2324.158981 2354.793464 2376.739037 2394.442027 2409.906541 2429.562128 2452.764262 2492.816649 2527.801478 2576.643493 2629.770637 2665.629817 2691.614576 2716.690706 2746.588622 2773.966768 2812.534635 2849.570849 2884.468034 2805.367750 2826.419966 2841.629634 2846.696631 2855.365016 2861.650322 2875.094595 2894.123053 2915.333869 2944.249325 2972.150251 2988.380550 3002.075356 3011.878752 3027.702475
-9999.0 -9999.0 1903.446588 1942.316109 1975.056333 2023.610684 2076.999336 2112.317924 2153.073164 2175.103691 2181.005003 2195.769271 2210.331311 2215.726294 2229.142941 2245.398829 2266.952364 2276.435025 2296.679859 2320.493038 2364.567990 2404.901361 2413.742999 2459.945382 2493.222206 2525.018331 2545.819196 2574.186740 2612.812011 2652.097264 2702.207278 2754.119625 2790.823671 2822.853987 2841.957830 2864.639444 2888.433871 2801.566777 2834.394528 2860.230802 2890.313722 2914.852203 2934.433671 2937.259967 2940.330755 2955.539241 2981.103268 2998.741826 3024.490268 3050.071237 3043.099533 3060.285818 3067.983394 3072.280642 3079.032881
-9999.0 -9999.0 1874.716011 1920.648148 1957.952780 2020.054329 2103.982988 2140.211533 2182.441374 2229.373169 2246.864696 2271.322083 2275.383788 2275.819435 2298.145511 2318.198685 2336.928336 2346.127743 2344.744547 2400.000393 2457.373363 2495.353195 2521.770884 2595.432045 2646.407996 2669.348320 2688.676746 2711.895390 2736.260625 2778.573823 2822.489081 2877.724893 2815.261515 2842.688526 2856.455228 2874.180436 2892.610373 2906.573994 2924.666964 2966.557309 2987.782646 3014.912599 3043.339287 3063.227463 3070.728448 3074.438172 3055.549713 3069.827655 3079.591326 3083.806943 3085.392063 3081.761460 3081.114853 3081.847182 3082.783364
-9999.0 1783.147352 1835.586545 1887.410649 1954.015143 2018.361651 2097.497238 2175.484142 2238.712023 2290.180474 2319.093090 2323.164867 2342.229043 2377.715320 2402.654584 2426.397991 2433.402951 2443.790594 2431.642410 2485.552039 2530.480253 2592.542376 2699.837135 2758.205912 2815.085124 2817.088407 2812.185822 2823.640443 2845.538680 2891.238269 2855.720216 2904.780937 2961.640030 2996.445845 3010.946983 3016.779141 3033.583959 3052.622947 3018.290529 3050.876438 3065.557908 3077.898357 3083.663917 3085.371486 3086.328099 3086.158318 3082.641358 3075.910465 3067.944526 3062.259376 3058.136291 3053.637257 3056.062409 3059.364871 3059.849549
-9999.0 1746.014144 1804.386722 1874.288677 1943.553101 2000.271195 2092.766692 2249.428673 2309.333650 2348.831344 2364.507770 2364.214544 2433.650648 2499.717188 2532.090856 2580.172321 2572.839492 2563.319149 2540.469065 2572.044756 2617.839773 2692.829502 2852.038837 2847.085361 2885.432270 2893.702734 2896.425138 2922.686254 2961.901408 2994.678478 3031.697694 3013.499596 3050.943483 3069.045565 3072.856278 3073.398886 3077.488871 3076.401703 3074.476861 3070.263482 3065.277181 3065.413750 3069.703939 3069.515980 3066.662414 3063.465529 3057.883369 3050.458382 3045.153872 3040.548262 3037.862680 3034.969391 3033.200801 3032.853006 3028.349505
-9999.0 1710.263837 1783.578355 1844.300005 1898.952209 2000.732814 2129.589505 2270.810654 2367.111054 2404.864310 2405.693415 2459.725943 2564.537382 2671.109690 2727.678836 2755.164499 2749.827476 2718.299849 2712.795700 2759.968139 2829.899931 2844.400452 2957.960433 3036.933582 3049.716105 3052.271830 3016.352580 3035.708737 3053.648851 3055.696315 3056.542653 3062.094724 3066.993147 3069.710399 3068.226022 3065.360430 3060.635196 3052.606650 3047.762084 3044.251645 3040.601565 3039.708968 3041.916568 3043.422016 3040.735872 3036.903757 3032.450809 3026.867747 3020.809412 3014.171410 3010.069874 3005.993278 3003.939343 2998.831497 2995.131534
-9999.0 1597.125240 1690.115205 1737.042525 1829.111411 2011.750512 2140.436910 2285.928333 2444.168166 2475.320166 2536.844711 2671.899180 2788.173683 2819.098481 2850.210123 2884.860156 2909.286779 2926.723949 2960.588975 2874.901056 2942.172983 3011.722250 3045.306257 3059.866351 3065.303214 3065.597903 3056.390175 3036.244772 3025.655825 3018.924063 3020.532756 3027.730407 3032.663174 3037.659058 3035.427637 3036.234123 3036.839637 3033.500263 3029.734757 3021.284279 3013.576669 3007.300596 3004.659446 3009.559630 3004.856713 3002.223381 2996.235370 2988.249328 2990.098131 2982.787502 2975.051548 2968.521673 2966.125862 2960.958789 2959.676128
-9999.0 1516.231922 1590.668877 1663.185314 1785.861740 1950.142271 2061.075109 2223.794224 2451.647584 2580.917425 2730.963892 2817.067684 2848.575166 2895.440095 2948.184283 2990.877507 3014.196743 3023.108544 2999.754542 3015.075107 2982.387725 2972.226995 2981.499130 3008.230212 3022.947690 3026.613080 3018.401776 3008.609672 3001.404369 3000.286636 2998.459246 2995.436993 2992.287190 2989.269764 2986.131185 2988.633040 2993.573859 2987.041053 2987.162361 2978.398329 2970.424570 2961.661065 2955.956413 2951.879132 2951.672084 2951.801065 2944.379126 2934.142389 2923.808139 2915.753939 2908.519835 2903.697292 2901.184978 2896.340623 2888.638440
-9999.0 1405.349442 1533.227998 1617.191841 1723.431411 1855.937915 1970.055399 2127.644318 2267.038186 2502.395788 2654.972511 2812.477277 2819.766343 2881.602586 2931.665490 2994.973530 2992.254506 2965.627611 2926.314262 2909.889683 2917.606849 2925.890417 2935.261899 2951.124112 2968.133766 2977.733561 2981.370862 2974.729625 2960.840344 2949.717643 2940.460948 2928.441035 2920.046276 2918.122677 2920.775331 2929.544607 2930.795085 2921.696120 2908.422648 2892.364126 2877.556318 2866.364696 2864.043321 2866.256914 2866.963378 2863.221440 2857.162371 2846.730356 2834.440300 2822.566626 2816.382250 2811.787901 2804.810146 2795.448359 2899.939422
-9999.0 -9999.0 1451.888147 1561.444250 1661.141962 1777.223432 1877.872897 2007.258520 2152.771506 2330.076849 2449.966947 2611.100912 2701.707468 2751.595459 2796.237140 2794.661362 2815.042060 2839.769810 2828.457423 2835.966445 2843.370792 2847.972978 2854.191711 2861.655889 2872.739696 2882.240092 2891.154610 2888.564106 2879.635108 2860.622688 2837.322876 2819.316186 2809.582882 2801.365848 2812.235047 2824.219655 2819.848140 2813.157518 2802.082839 2899.957087 2887.348210 2873.538841 2870.048182 2870.086842 2870.241751 2867.226260 2863.052424 2849.137062 2835.421410 2823.369166 2817.175237 2809.654765 2803.565208 2791.930228 2781.645556
-9999.0 -9999.0 1365.169553 1471.187348 1578.562126 1698.437729 1789.536848 1830.303121 1974.089228 2084.295383 2192.302536 2300.368486 2393.648172 2463.879389 2504.942552 2569.126474 2622.034993 2643.011242 2680.504405 2728.049296 2762.049829 2799.319870 2823.049347 2836.800286 2852.147195 2867.772184 2877.009121 2864.245368 2853.612297 2836.761234 2813.745803 2788.155456 2774.791045 2772.489568 2772.483582 2775.260140 2768.396930 2759.374690 2745.698714 2733.964102 2722.063972 2712.334153 2708.550250 2703.784506 2701.603279 2698.292939 2694.951991 2685.263887 2674.623853 2667.570459 2658.003200 2651.868101 2648.593006 2642.555784 2634.134667
