tests/Borden05m/data_simulated/sim_1/output-maps/psiliqL0029N0006.asc
ncols         160
nrows         34
xllcorner     620200.000000
yllcorner     5168000.000000
cellsize      0.500000
NODATA_value  -9999.0
[rows 0 to 24 of 34, columns 0 to 54 of 160]
-9999.0 -9999.0 -9999.0 -9999.0 -9999.0 -9999.0 -9999.0 -9999.0 -9999.0 -9999.0 -9999.0 -9999.0 -9999.0 -9999.0 -9999.0 -9999.0 -9999.0 -9999.0 -9999.0 -9999.0 -9999.0 -9999.0 -9999.0 -9999.0 -9999.0 -9999.0 -9999.0 -9999.0 -9999.0 -9999.0 -9999.0 -9999.0 -9999.0 -9999.0 -9999.0 -9999.0 -9999.0 -9999.0 -9999.0 -9999.0 -9999.0 -9999.0 -9999.0 -9999.0 -9999.0 -9999.0 -9999.0 -9999.0 -9999.0 -9999.0 -9999.0 -9999.0 -9999.0 -9999.0 -9999.0
-9999.0 -9999.0 -9999.0 -9999.0 -9999.0 -9999.0 -9999.0 -9999.0 -9999.0 -9999.0 -9999.0 -9999.0 -9999.0 -9999.0 -9999.0 -9999.0 -9999.0 -9999.0 -9999.0 -9999.0 -9999.0 -9999.0 -9999.0 -9999.0 -9999.0 -9999.0 -9999.0 -9999.0 -9999.0 -9999.0 -9999.0 -9999.0 -9999.0 -9999.0 -9999.0 -9999.0 -9999.0 -9999.0 -9999.0 -9999.0 -9999.0 -9999.0 -9999.0 -9999.0 -9999.0 -9999.0 -9999.0 -9999.0 -9999.0 -9999.0 -9999.0 -9999.0 -9999.0 -9999.0 -9999.0
-9999.0 -9999.0 -9999.0 -9999.0 -9999.0 -9999.0 -9999.0 -9999.0 -9999.0 -9999.0 -9999.0 -9999.0 -9999.0 -9999.0 -9999.0 -9999.0 -9999.0 -9999.0 -9999.0 -9999.0 -9999.0 -9999.0 -9999.0 -9999.0 -9999.0 -9999.0 -9999.0 -9999.0 -9999.0 -9999.0 -9999.0 -9999.0 -9999.0 -9999.0 -9999.0 -9999.0 -9999.0 -9999.0 -9999.0 -9999.0 -9999.0 -9999.0 -9999.0 -9999.0 -9999.0 -9999.0 -9999.0 3872.392390 3855.232717 3842.357311 3836.923795 3857.437208 3880.279626 3903.956838 3924.328576
-9999.0 -9999.0 -9999.0 -9999.0 -9999.0 -9999.0 -9999.0 -9999.0 -9999.0 -9999.0 -9999.0 -9999.0 -9999.0 -9999.0 -9999.0 -9999.0 -9999.0 -9999.0 -9999.0 -9999.0 -9999.0 -9999.0 -9999.0 -9999.0 -9999.0 -9999.0 -9999.0 -9999.0 -9999.0 -9999.0 -9999.0 -9999.0 -9999.0 -9999.0 -9999.0 -9999.0 -9999.0 -9999.0 -9999.0 -9999.0 3924.039743 3929.884649 3929.147412 3919.331654 3907.829167 3893.584889 3872.686232 3855.596324 3842.911930 3841.038314 3843.255445 3845.083261 3865.024160 3890.457975 3910.271074
-9999.0 -9999.0 -9999.0 -9999.0 -9999.0 -9999.0 -9999.0 -9999.0 -9999.0 -9999.0 -9999.0 -9999.0 -9999.0 -9999.0 -9999.0 -9999.0 -9999.0 -9999.0 -9999.0 -9999.0 -9999.0 -9999.0 -9999.0 -9999.0 -9999.0 -9999.0 -9999.0 -9999.0 -9999.0 -9999.0 -9999.0 -9999.0 -9999.0 -9999.0 3831.973382 3848.642737 3866.364562 3884.813678 3901.713547 3908.742049 3914.480960 3919.590256 3914.629753 3910.072935 3898.052513 3876.266979 3856.828209 3844.179852 3843.370157 3840.766151 3843.872692 3854.774608 3871.086956 3885.500806 3905.663312
-9999.0 -9999.0 -9999.0 -9999.0 -9999.0 -9999.0 -9999.0 -9999.0 -9999.0 -9999.0 -9999.0 -9999.0 -9999.0 -9999.0 -9999.0 -9999.0 -9999.0 -9999.0 -9999.0 -9999.0 -9999.0 -9999.0 -9999.0 -9999.0 -9999.0 -9999.0 -9999.0 -9999.0 3838.595353 3832.516966 3827.588006 3825.777983 3824.065745 3822.956248 3829.384580 3840.025989 3856.555438 3878.537676 3891.713842 3898.797862 3905.563267 3905.569532 3899.160311 3897.233691 3897.461383 3884.245864 3871.472174 3859.495385 3847.729845 3843.828346 3852.198652 3866.150395 3882.037844 3896.199548 3911.071213
-9999.0 -9999.0 -9999.0 -9999.0 -9999.0 -9999.0 -9999.0 -9999.0 -9999.0 -9999.0 -9999.0 -9999.0 -9999.0 -9999.0 -9999.0 -9999.0 -9999.0 -9999.0 -9999.0 -9999.0 -9999.0 -9999.0 -9999.0 3809.072748 3813.610159 3819.942433 3827.461034 3828.226961 3824.955251 3819.425718 3816.596691 3814.916651 3812.178667 3816.423398 3822.786989 3835.195216 3849.914628 3871.960360 3879.735986 3883.125038 3893.844951 3897.434817 3905.445047 3908.870103 3906.489055 3901.626585 3885.612984 3872.958543 3873.859576 3876.885694 3883.287061 3891.263700 3904.321883 3917.133774 3931.398923
-9999.0 -9999.0 -9999.0 -9999.0 -9999.0 -9999.0 -9999.0 -9999.0 -9999.0 -9999.0 -9999.0 -9999.0 -9999.0 -9999.0 -9999.0 -9999.0 -9999.0 -9999.0 -9999.0 3784.894693 3785.892578 3787.351286 3792.099227 3792.198789 3793.644563 3800.078674 3807.742862 3810.482322 3807.800904 3806.592160 3807.447712 3809.535020 3813.607431 3823.262591 3835.910798 3849.096068 3860.904173 3880.787151 3894.344790 3905.554059 3919.866994 3919.992865 3915.892820 3913.656547 3912.784042 3910.023658 3906.245958 3903.677442 3909.200710 3908.172040 3910.277719 3918.734663 3930.235196 3945.631400 3961.902670
-9999.0 -9999.0 -9999.0 -9999.0 -9999.0 -9999.0 -9999.0 -9999.0 -9999.0 -9999.0 -9999.0 -9999.0 -9999.0 -9999.0 -9999.0 -9999.0 3755.872854 3757.497474 3759.760443 3765.153090 3768.899749 3772.594002 3779.304377 3780.575066 3783.462488 3790.010635 3793.769680 3802.593839 3810.411992 3816.677518 3821.648675 3823.075150 3828.309865 3836.300604 3846.440627 3858.754098 3877.252917 3899.797657 3914.232977 3929.811787 3946.051917 3945.654163 3942.858980 3941.990491 3939.146517 3938.370972 3951.059790 3952.760675 3945.069545 3952.214391 3962.619198 3964.112709 3970.145270 3989.375779 4010.544306
-9999.0 -9999.0 -9999.0 -9999.0 -9999.0 -9999.0 -9999.0 -9999.0 -9999.0 -9999.0 -9999.0 -9999.0 -9999.0 3705.768084 3709.510228 3719.701697 3731.610228 3734.559957 3739.424233 3746.002104 3757.720041 3760.897338 3766.269667 3772.716623 3784.879557 3792.691625 3800.437921 3811.106024 3817.886649 3823.566346 3828.530130 3829.430001 3839.120316 3851.436989 3864.069735 3881.538460 3902.121477 3918.760133 3935.130779 3950.505045 3960.558019 3955.785988 3954.092212 3955.242004 3958.266642 3969.271558 3984.322870 3981.804020 3988.525925 4007.588055 4016.278179 4021.842440 4026.721395 4040.163318 4061.335263
-9999.0 -9999.0 -9999.0 -9999.0 -9999.0 -9999.0 -9999.0 -9999.0 -9999.0 -9999.0 3680.918059 3681.947265 3677.817584 3674.076936 3679.718625 3691.770716 3706.183772 3710.998920 3722.660541 3743.644429 3762.014122 3764.237781 3776.510137 3785.840971 3791.468265 3799.790579 3811.102479 3821.398869 3834.768276 3844.516761 3850.894483 3864.707466 3878.557561 3892.865606 3908.244016 3927.079445 3940.869681 3962.075949 3985.193636 3991.735322 4006.341257 4006.357731 4001.172072 3998.105235 4006.608301 4015.722195 4028.089132 4041.077304 4057.974881 4078.318251 4086.315412 4098.294115 4106.480487 4115.984594 4130.914805
-9999.0 -9999.0 -9999.0 -9999.0 -9999.0 -9999.0 -9999.0 -9999.0 3656.552640 3664.629198 3669.421164 3665.605261 3660.597574 3653.649437 3668.017588 3682.708354 3697.796818 3715.618185 3730.278352 3747.727256 3760.306971 3773.553940 3792.573264 3801.718845 3810.530358 3823.844834 3835.000579 3847.515814 3866.004585 3871.022934 3879.129586 3896.402389 3909.787336 3924.771645 3941.236883 3955.868500 3973.468574 4001.697664 4028.845150 4042.677341 4067.359879 4082.467905 4075.214727 4072.096401 4072.247142 4094.021859 4118.813298 4146.825697 4163.744079 4185.765963 4213.255895 4232.181569 4241.149653 4251.993735 4265.625969
-9999.0 -9999.0 -9999.0 -9999.0 -9999.0 -9999.0 3628.014941 3652.133153 3666.935032 3657.614060 3641.759255 3635.574233 3628.175293 3660.233548 3681.959797 3698.466058 3714.157696 3730.637070 3745.683124 3751.847993 3779.257735 3797.761301 3807.637671 3818.356225 3831.286373 3844.144781 3858.536924 3877.839177 3892.916436 3911.710521 3924.323662 3937.830812 3959.642718 3975.279622 3990.712772 4002.420483 4028.350360 4061.714212 4095.208491 4118.209332 4141.666598 4172.925079 4171.077000 4172.088646 4172.621032 4196.735563 4230.731571 4260.186141 4291.456843 4321.595222 4350.149044 4360.491424 4369.334557 4379.116956 4391.630761
-9999.0 -9999.0 -9999.0 -9999.0 3596.488325 3616.958916 3634.752597 3664.078070 3685.259866 3679.604116 3682.665742 3679.357852 3673.464644 3677.901265 3685.383749 3701.330755 3719.435824 3737.919623 3750.181356 3774.313148 3820.474045 3829.247741 3843.464524 3870.992425 3880.090926 3892.487324 3906.616655 3925.344144 3941.054842 3965.992468 3997.373469 4024.034245 4043.805706 4061.702639 4079.834081 4095.335690 4130.153211 4166.625500 4201.762983 4232.587479 4258.854950 4284.862864 4290.543391 4295.084874 4304.888175 4322.152929 4345.123903 4372.798544 4406.895017 4439.106652 4462.216003 4470.679178 4475.636108 4485.172080 4492.418685
-9999.0 -9999.0 -9999.0 3541.361636 3580.277923 3619.924528 3644.603909 3673.935786 3705.539190 3703.504980 3711.244645 3709.029374 3705.712841 3709.413213 3710.355773 3725.515840 3742.827339 3762.263628 3782.337836 3814.064995 3840.909798 3855.134437 3880.964959 3893.897028 3904.386661 3915.693059 3933.275396 3951.722104 3986.631728 4014.382011 4059.099595 4108.847575 4139.984384 4158.519018 4180.967993 4208.551239 4233.846755 4273.120951 4307.126154 4339.192669 4369.366911 4391.310613 4405.064912 4409.465246 4419.312429 4424.844338 4437.009116 4458.048283 4480.591334 4511.685173 4541.205574 4570.876256 4586.488577 4597.883000 4615.313355
-9999.0 -9999.0 3492.720085 3532.488892 3562.811841 3608.156935 3660.565349 3695.103247 3733.330377 3750.233574 3751.747749 3760.000003 3768.420719 3767.179500 3773.577458 3784.335355 3806.394882 3814.960463 3835.257966 3847.173212 3881.105867 3912.050414 3902.510437 3937.786673 3966.788158 3999.926152 4021.591562 4047.969624 4086.001194 4118.479421 4162.199979 4212.240798 4246.083402 4273.718278 4289.851481 4310.548593 4330.858504 4357.892290 4395.316248 4420.785669 4454.976443 4480.545081 4500.044397 4500.110910 4502.705194 4519.095638 4548.193158 4579.978686 4609.750183 4639.728626 4621.263508 4646.785039 4658.205751 4664.577643 4674.596520
-9999.0 -9999.0 3461.467773 3508.227527 3540.970168 3596.345418 3683.822562 3716.629656 3755.136789 3799.738536 3811.632895 3831.588672 3820.776693 3804.547185 3820.338992 3832.272561 3853.991021 3861.318301 3854.016677 3905.129318 3956.255201 3975.306270 3973.617501 4052.262917 4105.890236 4131.754862 4149.459849 4169.912960 4189.116052 4226.967394 4265.088322 4320.227271 4361.548300 4391.650395 4406.355090 4427.081653 4446.898149 4461.950715 4481.933998 4530.216273 4567.363405 4599.247830 4632.219094 4653.968107 4662.318639 4667.807762 4639.744631 4661.106400 4675.593058 4681.841062 4684.368757 4680.516684 4679.985941 4680.850007 4681.771320
-9999.0 3366.837988 3419.329242 3468.862958 3531.654174 3590.912193 3663.042652 3736.040270 3803.694590 3856.269998 3880.104360 3868.547879 3860.071778 3881.139357 3898.790357 3912.818833 3918.712593 3929.942616 3909.292787 3963.712668 3998.010811 4042.466179 4140.116594 4199.189755 4266.360182 4261.700953 4249.263061 4253.253845 4268.248823 4315.677905 4397.308805 4455.654900 4524.238605 4575.274734 4593.188539 4601.231493 4620.554228 4641.899485 4583.201050 4630.622422 4652.566971 4670.877976 4681.670984 4684.194823 4685.604398 4685.341913 4681.573901 4674.416828 4666.138746 4660.215643 4655.929630 4651.426360 4653.870309 4657.211638 4657.253190
-9999.0 3327.534170 3384.221736 3451.483493 3517.501481 3558.671650 3635.328775 3806.380742 3870.339300 3907.923582 3909.147095 3874.079856 3927.306708 3985.779924 4008.200055 4053.741378 4036.369210 4020.729426 3979.055938 4003.155633 4040.095555 4110.966181 4288.571161 4378.803595 4436.286104 4444.203601 4444.257317 4473.385128 4519.549230 4569.731082 4618.639038 4581.548772 4636.138794 4663.140344 4668.782790 4669.572610 4675.630972 4674.002975 4672.785239 4668.228327 4662.986043 4663.168792 4667.944559 4667.807581 4664.789591 4661.310930 4655.546912 4648.128447 4642.985863 4638.344936 4635.702749 4632.894264 4630.831345 4629.886126 4624.842792
-9999.0 3283.944666 3359.578331 3416.039551 3456.498059 3540.733709 3671.222120 3816.871749 3913.664292 3946.542462 3913.103701 3940.391142 4044.126917 4153.299010 4206.425086 4227.197761 4203.965106 4150.079199 4125.478940 4169.545819 4242.118759 4369.008007 4519.162986 4624.410490 4640.784401 4644.547391 4591.184672 4619.897367 4646.510395 4649.668484 4650.918087 4660.037984 4665.206594 4668.277484 4666.666366 4663.761980 4658.897434 4650.612834 4645.834283 4642.054160 4638.212729 4636.895698 4638.771931 4640.779459 4637.882535 4633.948962 4629.457925 4623.884103 4617.504660 4610.668925 4606.225326 4601.864045 4599.679209 4593.888549 4590.466215
-9999.0 3153.290420 3251.840094 3287.774859 3349.960735 3541.954316 3671.295316 3808.466868 3978.176532 3994.091782 4032.518165 4177.248022 4300.806752 4383.861414 4411.116442 4443.667309 4468.212656 4483.397123 4521.548915 4385.303455 4472.285591 4580.107129 4630.172941 4651.883291 4664.014226 4664.429295 4654.204145 4633.044795 4622.227387 4615.461916 4617.076652 4624.407129 4628.938065 4633.607039 4631.264166 4632.468329 4633.840785 4630.683405 4626.582831 4617.701328 4609.764398 4602.819292 4599.196795 4603.771468 4599.144089 4596.931045 4590.614453 4581.981104 4572.858376 4565.447445 4557.305408 4550.664803 4548.456061 4543.449113 4542.208378
-9999.0 3072.119925 3143.074595 3193.371499 3295.157564 3457.938857 3542.909724 3697.558650 3946.932108 4088.604100 4263.090701 4359.806875 4430.965732 4469.955250 4518.891836 4573.507188 4602.112412 4615.215599 4580.495022 4606.270972 4561.613790 4550.241892 4568.447202 4598.803806 4617.216281 4621.509756 4613.844487 4605.018380 4597.723988 4596.600995 4594.232355 4589.562725 4584.874264 4580.949919 4577.811099 4581.045772 4586.568801 4579.180148 4568.439695 4558.621061 4549.782879 4540.289296 4534.187298 4529.188832 4529.882162 4530.210926 4522.432172 4511.773180 4500.702037 4492.246538 4485.019332 4480.639317 4477.791819 4472.654776 4462.399112
-9999.0 2945.678356 3080.989228 3151.221593 3236.190769 3361.304781 3457.447327 3604.625534 3728.786763 3980.224383 4118.139742 4333.101816 4386.307682 4460.345009 4506.383536 4582.572153 4576.968244 4545.814699 4500.762450 4484.947771 4498.174821 4507.736311 4515.524938 4529.436971 4547.588731 4558.113046 4563.953685 4558.331625 4544.001408 4530.844054 4518.741117 4504.163624 4494.218172 4491.430003 4496.243312 4506.939721 4507.063366 4497.658356 4483.177409 4464.327278 4448.252016 4436.079629 4434.230408 4437.296008 4438.584564 4434.302033 4428.596652 4417.603568 4404.795820 4392.018345 4386.551118 4382.285516 4374.543891 4362.781193 4350.451114
-9999.0 -9999.0 2991.315973 3098.145746 3185.507705 3290.947412 3370.323653 3479.068963 3615.264494 3783.657565 3900.382240 4094.135014 4196.198534 4241.222460 4272.774918 4330.179628 4358.152084 4393.320026 4390.990082 4405.257450 4416.681789 4422.574858 4427.496803 4432.465212 4442.779641 4452.881947 4463.926130 4461.074001 4452.354147 4431.033626 4404.034707 4382.958413 4372.037820 4362.210317 4375.006383 4387.858162 4381.715457 4374.684019 4361.778230 4345.317824 4332.737806 4318.259197 4314.807150 4314.579897 4315.237011 4312.977397 4310.796135 4298.267995 4285.958135 4276.333385 4272.482698 4266.800346 4263.455437 4253.650673 4243.013676
-9999.0 -9999.0 2901.733421 3002.715463 3099.433505 3212.727711 3289.576158 3283.663542 3413.496021 3512.414124 3620.843687 3735.927270 3837.220314 3908.212611 3939.390194 4003.046266 4063.941019 4083.836314 4129.780420 4190.365589 4227.459840 4270.381750 4295.183307 4304.432243 4317.044262 4332.095584 4339.489936 4323.495877 4312.138380 4294.860666 4270.795923 4243.146343 4229.180996 4229.401909 4227.672586 4228.352781 4220.222635 4211.318691 4196.700908 4183.036105 4170.909728 4162.462966 4158.925003 4152.771184 4150.186289 4147.414368 4145.946484 4141.318744 4133.581840 4129.547072 4121.200147 4117.823064 4117.367694 4114.942999 4109.750937
