tests/Borden05m/data_simulated/sim_1/output-maps/psiliqL0014N0014.asc
ncols         160
nrows         34
xllcorner     620200.000000
yllcorner     5168000.000000
cellsize      0.500000
NODATA_value  -9999.0
[rows 0 to 24 of 34, columns 0 to 55 of 160]
-9999.0 -9999.0 -9999.0 -9999.0 -9999.0 -9999.0 -9999.0 -9999.0 -9999.0 -9999.0 -9999.0 -9999.0 -9999.0 -9999.0 -9999.0 -9999.0 -9999.0 -9999.0 -9999.0 -9999.0 -9999.0 -9999.0 -9999.0 -9999.0 -9999.0 -9999.0 -9999.0 -9999.0 -9999.0 -9999.0 -9999.0 -9999.0 -9999.0 -9999.0 -9999.0 -9999.0 -9999.0 -9999.0 -9999.0 -9999.0 -9999.0 -9999.0 -9999.0 -9999.0 -9999.0 -9999.0 -9999.0 -9999.0 -9999.0 -9999.0 -9999.0 -9999.0 -9999.0 -9999.0 -9999.0 -9999.0
-9999.0 -9999.0 -9999.0 -9999.0 -9999.0 -9999.0 -9999.0 -9999.0 -9999.0 -9999.0 -9999.0 -9999.0 -9999.0 -9999.0 -9999.0 -9999.0 -9999.0 -9999.0 -9999.0 -9999.0 -9999.0 -9999.0 -9999.0 -9999.0 -9999.0 -9999.0 -9999.0 -9999.0 -9999.0 -9999.0 -9999.0 -9999.0 -9999.0 -9999.0 -9999.0 -9999.0 -9999.0 -9999.0 -9999.0 -9999.0 -9999.0 -9999.0 -9999.0 -9999.0 -9999.0 -9999.0 -9999.0 -9999.0 -9999.0 -9999.0 -9999.0 -9999.0 -9999.0 -9999.0 -9999.0 -9999.0
-9999.0 -9999.0 -9999.0 -9999.0 -9999.0 -9999.0 -9999.0 -9999.0 -9999.0 -9999.0 -9999.0 -9999.0 -9999.0 -9999.0 -9999.0 -9999.0 -9999.0 -9999.0 -9999.0 -9999.0 -9999.0 -9999.0 -9999.0 -9999.0 -9999.0 -9999.0 -9999.0 -9999.0 -9999.0 -9999.0 -9999.0 -9999.0 -9999.0 -9999.0 -9999.0 -9999.0 -9999.0 -9999.0 -9999.0 -9999.0 -9999.0 -9999.0 -9999.0 -9999.0 -9999.0 -9999.0 -9999.0 896.295482 879.093791 863.724277 861.400478 883.961693 907.497549 931.474178 952.239650 971.014041
-9999.0 -9999.0 -9999.0 -9999.0 -9999.0 -9999.0 -9999.0 -9999.0 -9999.0 -9999.0 -9999.0 -9999.0 -9999.0 -9999.0 -9999.0 -9999.0 -9999.0 -9999.0 -9999.0 -9999.0 -9999.0 -9999.0 -9999.0 -9999.0 -9999.0 -9999.0 -9999.0 -9999.0 -9999.0 -9999.0 -9999.0 -9999.0 -9999.0 -9999.0 -9999.0 -9999.0 -9999.0 -9999.0 -9999.0 -9999.0 943.695894 949.681213 950.899568 940.624777 929.582149 917.433891 897.538079 879.916057 865.344699 863.058330 865.917789 871.022745 893.649338 918.576320 938.489489 955.653813
-9999.0 -9999.0 -9999.0 -9999.0 -9999.0 -9999.0 -9999.0 -9999.0 -9999.0 -9999.0 -9999.0 -9999.0 -9999.0 -9999.0 -9999.0 -9999.0 -9999.0 -9999.0 -9999.0 -9999.0 -9999.0 -9999.0 -9999.0 -9999.0 -9999.0 -9999.0 -9999.0 -9999.0 -9999.0 -9999.0 -9999.0 -9999.0 -9999.0 -9999.0 850.903517 868.407235 886.635357 905.220545 922.130367 929.053638 934.951459 940.778914 936.797570 932.366115 921.215482 902.177296 882.897006 869.357421 867.538097 865.326431 869.827555 882.843308 899.871953 916.240347 937.419441 961.301508
-9999.0 -9999.0 -9999.0 -9999.0 -9999.0 -9999.0 -9999.0 -9999.0 -9999.0 -9999.0 -9999.0 -9999.0 -9999.0 -9999.0 -9999.0 -9999.0 -9999.0 -9999.0 -9999.0 -9999.0 -9999.0 -9999.0 -9999.0 -9999.0 -9999.0 -9999.0 -9999.0 -9999.0 854.439686 848.677575 843.864506 842.616302 841.557109 840.686598 847.683171 859.860564 878.025480 899.944605 913.145090 920.576842 927.428471 928.349584 923.494856 921.763407 922.362630 910.747922 899.304111 888.617767 878.321735 876.963405 886.774599 901.198815 917.725063 932.898010 948.664193 959.440142
-9999.0 -9999.0 -9999.0 -9999.0 -9999.0 -9999.0 -9999.0 -9999.0 -9999.0 -9999.0 -9999.0 -9999.0 -9999.0 -9999.0 -9999.0 -9999.0 -9999.0 -9999.0 -9999.0 -9999.0 -9999.0 -9999.0 -9999.0 823.942163 829.812771 836.537999 844.238043 845.390875 841.572067 836.215920 833.470072 832.261599 830.807075 835.563836 843.833952 857.624919 873.674676 895.831123 904.677091 910.935439 923.376955 926.430134 932.523661 936.863175 935.424808 932.779016 920.430873 911.305708 916.481262 922.544234 929.649149 937.972410 951.720189 967.376719 985.010674 1005.506052
-9999.0 -9999.0 -9999.0 -9999.0 -9999.0 -9999.0 -9999.0 -9999.0 -9999.0 -9999.0 -9999.0 -9999.0 -9999.0 -9999.0 -9999.0 -9999.0 -9999.0 -9999.0 -9999.0 798.424742 799.472828 800.855054 805.758334 806.755546 809.096477 816.315167 824.720422 827.373989 825.913243 824.801038 826.640297 829.675757 834.376441 845.970352 860.095223 874.601681 888.774185 909.998592 925.091937 938.976332 955.279327 954.963887 951.275766 949.766975 950.565578 951.058911 955.335787 958.284732 964.870336 969.820482 976.463240 986.185597 998.115625 1016.752507 1036.997513 1057.194835
-9999.0 -9999.0 -9999.0 -9999.0 -9999.0 -9999.0 -9999.0 -9999.0 -9999.0 -9999.0 -9999.0 -9999.0 -9999.0 -9999.0 -9999.0 -9999.0 769.394167 771.360996 773.743538 779.322732 782.417378 786.639861 793.831649 795.338911 799.385433 806.821472 812.019312 821.158289 829.553520 837.227301 843.574108 846.650375 854.490866 864.523584 876.804666 892.455759 914.344967 937.868643 954.562870 971.829742 989.343409 990.373953 989.677262 991.178064 992.010046 998.684467 1016.504808 1022.682251 1024.287419 1041.115514 1055.551209 1061.124946 1069.302115 1088.876896 1113.062034 1136.797429
-9999.0 -9999.0 -9999.0 -9999.0 -9999.0 -9999.0 -9999.0 -9999.0 -9999.0 -9999.0 -9999.0 -9999.0 -9999.0 722.855337 727.107937 736.812893 746.214152 748.923160 753.421544 759.713405 772.177272 776.094984 782.634412 790.535632 802.744900 811.726088 821.278748 833.518264 842.355279 850.032174 857.524943 863.632667 877.357926 893.066472 909.302218 930.019115 952.532283 973.621942 994.665367 1011.049333 1025.327941 1027.835135 1027.300335 1030.078200 1038.179445 1055.801287 1075.160118 1084.872375 1103.744650 1127.408398 1141.511917 1153.814192 1163.071083 1177.011634 1198.719005 1233.460519
-9999.0 -9999.0 -9999.0 -9999.0 -9999.0 -9999.0 -9999.0 -9999.0 -9999.0 -9999.0 689.516175 691.945364 688.673678 688.631649 693.869891 706.145763 720.030679 726.848143 738.667474 759.851212 777.914858 781.791230 796.721100 807.325730 814.518667 825.519080 839.160203 852.507648 869.906874 883.016859 895.299442 915.521159 932.670892 949.904115 968.384165 989.352513 1009.953361 1039.235357 1067.048762 1080.776271 1103.865492 1115.655032 1113.460481 1114.155287 1123.637799 1140.387651 1162.501188 1186.863796 1209.466926 1235.642755 1253.912504 1268.983482 1280.374505 1293.342890 1309.645023 1345.125934
-9999.0 -9999.0 -9999.0 -9999.0 -9999.0 -9999.0 -9999.0 -9999.0 664.862771 672.250607 678.516592 675.680741 671.349630 667.662211 681.526951 697.571838 713.860066 731.705686 748.029186 766.566398 782.304230 799.044253 819.341136 831.610439 843.877536 859.812945 874.156847 892.051970 914.109616 927.812149 945.573947 967.880708 987.449229 1006.396785 1026.065390 1045.234585 1072.761547 1107.280152 1140.200079 1163.963737 1192.698406 1216.525900 1216.588541 1219.739560 1224.766927 1251.037987 1281.051600 1312.284030 1338.300848 1366.207824 1396.079748 1414.457493 1425.562092 1438.556577 1454.127764 1473.083821
-9999.0 -9999.0 -9999.0 -9999.0 -9999.0 -9999.0 637.760812 662.079102 677.199418 669.455733 659.850149 656.400070 652.585918 675.852568 697.973343 715.456475 732.672007 750.662232 767.645083 781.300970 815.703490 834.041414 849.170926 868.107062 883.437665 898.811842 917.101256 941.368264 964.241468 995.149238 1022.363566 1047.648279 1074.999377 1095.815114 1115.705558 1135.111535 1167.391519 1205.588209 1243.045750 1272.748708 1300.667076 1331.777099 1339.562285 1345.701434 1353.206210 1374.268013 1405.963834 1436.509134 1470.473979 1502.725502 1529.517547 1541.631587 1552.258950 1563.820408 1577.497929 1590.038667
-9999.0 -9999.0 -9999.0 -9999.0 604.237363 625.235839 645.436612 676.268954 698.994344 694.163653 701.102548 701.506295 699.967897 703.950509 711.156096 729.567176 748.487545 767.743524 786.207400 821.996102 866.621294 883.137533 908.612497 941.579929 956.337748 972.631236 989.869592 1013.971023 1041.983363 1076.652878 1121.634871 1160.060374 1186.919227 1210.790319 1232.840413 1255.660092 1290.164898 1328.244740 1365.501014 1400.088578 1430.327973 1456.315669 1469.298215 1477.393008 1489.295091 1505.594633 1526.844639 1554.042255 1585.094736 1617.009001 1642.003475 1655.710234 1663.703701 1674.409028 1685.004315 1697.197284
-9999.0 -9999.0 -9999.0 555.029263 593.765498 631.608702 658.832313 689.935750 722.222519 727.297743 736.484716 741.860353 747.176607 756.093538 765.142320 782.552258 798.980802 815.141127 837.774692 875.291172 911.358246 942.627000 975.881922 1004.167335 1026.280313 1043.366096 1062.913793 1088.019877 1128.749269 1167.295910 1218.294494 1272.039352 1309.371248 1334.204548 1356.623150 1383.990674 1409.063428 1445.180675 1480.069866 1513.164473 1544.851626 1569.668410 1588.580614 1596.351878 1605.824250 1614.418602 1630.615428 1651.953680 1673.675356 1702.251653 1730.300649 1754.564349 1768.398082 1778.347368 1794.288129 1810.285106
-9999.0 -9999.0 507.904878 545.684644 580.005040 630.521561 683.608227 718.133565 759.268255 783.549920 790.731214 808.317877 824.820923 832.547860 848.580463 866.127691 883.804411 890.846007 908.070941 939.986057 991.195172 1038.295502 1061.877803 1114.498574 1148.977015 1177.329051 1195.768748 1223.164204 1258.985234 1301.099621 1349.711920 1399.437814 1437.880953 1468.964890 1485.409372 1504.609715 1527.054771 1550.709503 1584.200916 1612.914734 1644.072119 1670.071023 1691.856038 1698.925614 1703.923436 1719.383033 1743.177701 1768.438599 1792.388318 1815.495142 1819.801200 1830.991044 1836.439104 1839.880881 1844.691358 1848.163178
-9999.0 -9999.0 481.374447 526.257124 566.946578 633.972261 713.484561 751.018293 794.330838 840.446217 859.639302 884.490637 897.652916 908.576991 932.380409 955.292189 967.319613 974.425116 975.105876 1031.548044 1091.145227 1144.228880 1194.522004 1261.843588 1307.795825 1325.070524 1338.160840 1359.237212 1384.209754 1427.222277 1474.405650 1526.280693 1569.262175 1599.686204 1615.535421 1633.289651 1653.038715 1670.399297 1689.059872 1727.544841 1754.383891 1779.866668 1806.411942 1826.462032 1834.667348 1837.979212 1828.106667 1837.299637 1843.721388 1846.820168 1848.109760 1845.120298 1844.783404 1845.800588 1847.097410 1842.368259
-9999.0 392.704918 444.890034 498.307227 567.570921 635.340753 719.185005 799.622902 856.335390 903.664979 933.418060 947.139649 985.916834 1029.247662 1055.509906 1082.704308 1085.896443 1091.265066 1082.891798 1131.885124 1183.452524 1260.035957 1370.162224 1427.327368 1471.937144 1475.574018 1472.044311 1485.288979 1509.301095 1552.016932 1617.404173 1663.437814 1714.957693 1753.822218 1768.397260 1774.897107 1791.932613 1811.255060 1800.352106 1821.851095 1832.185986 1840.973661 1843.816275 1846.018249 1847.475696 1847.989693 1845.071024 1838.943943 1831.350272 1825.836898 1821.713294 1817.046799 1819.307833 1822.460872 1823.174266 1816.273502
-9999.0 357.392389 417.024085 488.786063 560.181126 629.480885 734.369038 876.268484 929.900353 967.841298 992.403551 1018.026641 1096.619128 1162.450074 1196.804409 1240.713383 1236.346467 1227.099308 1216.403022 1250.790189 1301.988204 1376.741297 1516.849345 1601.019975 1629.139973 1641.899516 1650.430532 1677.201788 1713.265209 1748.482097 1780.401578 1781.859147 1807.097837 1820.069331 1824.420148 1826.596733 1830.606634 1831.502799 1830.351591 1827.726123 1824.175107 1825.368636 1830.157833 1830.603115 1828.270855 1825.385230 1819.762317 1811.959218 1806.007281 1800.810927 1797.391131 1793.750257 1791.630283 1791.249688 1786.620998 1780.670986
-9999.0 328.359824 399.423963 463.413496 529.782206 645.935405 771.987181 907.282571 1000.545660 1039.505733 1066.495389 1137.714994 1237.026087 1330.578315 1380.885845 1406.014769 1409.129123 1391.110197 1397.356190 1443.411479 1509.167508 1599.852527 1689.242419 1765.049497 1780.165810 1785.995937 1768.888052 1783.053139 1796.124430 1799.979659 1802.974312 1807.728224 1814.464850 1818.645310 1818.711274 1817.006668 1813.298723 1806.280544 1802.119031 1799.566358 1796.776092 1796.869966 1799.836152 1801.144953 1798.596649 1794.485059 1789.415474 1783.002273 1776.056282 1768.593518 1763.765548 1758.948513 1756.084638 1750.685770 1745.806714 1739.275088
-9999.0 230.364666 318.246185 374.341175 491.885041 665.431673 792.386346 943.615930 1089.222834 1130.721285 1208.087474 1325.519674 1427.707160 1498.692976 1538.066125 1578.863009 1607.739168 1632.304322 1668.339047 1633.602750 1690.699062 1747.524000 1773.777678 1787.982199 1792.215646 1796.049766 1790.581795 1773.672644 1765.371744 1760.618350 1764.041953 1772.783513 1779.513096 1785.961584 1784.670752 1785.653510 1785.873319 1782.576702 1779.097734 1771.280266 1764.049126 1758.593873 1756.931054 1762.045197 1756.943232 1753.323342 1746.751230 1738.060792 1728.681048 1720.272865 1711.840182 1704.412282 1700.934902 1694.767831 1692.571301 1683.678846
-9999.0 149.486591 226.722230 318.215407 458.512069 623.233440 755.871871 924.612406 1131.476611 1247.357583 1368.845433 1438.709527 1509.798772 1569.150267 1629.513971 1673.732429 1697.980295 1709.111896 1702.373409 1715.688713 1688.742985 1686.314357 1707.059658 1735.942353 1751.457286 1757.593852 1751.143136 1742.288361 1736.712819 1737.012885 1736.939824 1736.483369 1735.607082 1734.059929 1731.313819 1733.289610 1737.634854 1731.474676 1722.982887 1714.950347 1707.697693 1699.522008 1694.032673 1690.486016 1689.031093 1688.320101 1680.356598 1669.479763 1658.365097 1649.568162 1641.266413 1635.021520 1631.803359 1626.213177 1617.702735 1604.865845
-9999.0 52.456288 173.040836 268.562644 392.716728 530.791052 659.640758 825.341433 976.664868 1195.355857 1353.584314 1454.404812 1494.001622 1549.863170 1607.489536 1671.875535 1676.859405 1650.093935 1621.316060 1610.329862 1619.239603 1632.226435 1648.145452 1669.738609 1688.771499 1699.721131 1702.943875 1696.557829 1684.021644 1675.543468 1669.536994 1660.373924 1653.785177 1652.868549 1653.651845 1660.551371 1662.459097 1653.212387 1640.258662 1624.305430 1610.381324 1599.840877 1596.844710 1597.948956 1597.646161 1593.730298 1586.581529 1575.766686 1562.942559 1550.858054 1543.019918 1537.102329 1529.731596 1519.334281 1507.814721 1494.831629
-9999.0 -9999.0 98.526352 210.073865 319.852296 444.280916 562.426425 708.701812 860.951604 1043.714771 1161.511896 1288.274132 1358.346333 1402.781578 1451.344713 1504.308047 1522.732061 1542.433339 1528.043150 1534.852082 1544.048381 1552.521206 1564.208830 1577.322581 1591.697982 1602.548863 1610.916014 1609.530923 1601.172281 1584.777644 1565.174187 1550.163997 1541.621297 1534.810049 1543.841167 1554.768140 1551.534351 1544.661895 1532.645020 1516.981928 1503.994400 1490.306531 1486.383505 1486.418698 1486.173857 1482.964366 1478.197237 1465.225489 1452.150861 1440.053575 1434.172957 1427.636479 1421.791148 1410.597492 1398.630949 1385.490696
-9999.0 -9999.0 14.502952 123.941416 239.910847 364.440240 466.759942 546.981837 701.291643 819.066206 923.411518 1020.598581 1101.265806 1162.949481 1205.748504 1265.147948 1304.958847 1321.194049 1341.641284 1372.179547 1399.317594 1428.185652 1447.645154 1461.425663 1476.159742 1489.996665 1499.163666 1488.209342 1477.953564 1462.088359 1441.584526 1419.083363 1407.353970 1403.735642 1405.779411 1410.574133 1404.669570 1394.990185 1380.637232 1364.998880 1351.944898 1340.514068 1336.203887 1332.558080 1330.907895 1327.732428 1324.319863 1315.686391 1304.359736 1296.532148 1288.014944 1281.769950 1278.383089 1271.406181 1261.981265 1255.428529
