tests/Borden05m/data_simulated/sim_1/output-maps/psiliqL0017N0003.asc
ncols         160
nrows         34
xllcorner     620200.000000
yllcorner     5168000.000000
cellsize      0.500000
NODATA_value  -9999.0
[rows 0 to 24 of 34, columns 55 to 109 of 160]
-9999.0 -9999.0 -9999.0 -9999.0 -9999.0 -9999.0 -9999.0 -9999.0 -9999.0 -9999.0 -9999.0 -9999.0 -9999.0 -9999.0 -9999.0 -9999.0 -9999.0 -9999.0 -9999.0 -9999.0 -9999.0 -9999.0 -9999.0 -9999.0 -9999.0 -9999.0 -9999.0 -9999.0 -9999.0 -9999.0 -9999.0 -9999.0 -9999.0 -9999.0 -9999.0 -9999.0 -9999.0 -9999.0 -9999.0 -9999.0 -9999.0 -9999.0 -9999.0 -9999.0 -9999.0 -9999.0 -9999.0 -9999.0 -9999.0 -9999.0 -9999.0 -9999.0 -9999.0 -9999.0 -9999.0
-9999.0 -9999.0 -9999.0 -9999.0 1620.550622 1615.199798 1610.265508 1605.690479 1597.131011 1588.131087 1580.153598 1576.371654 1575.635567 1575.084939 1574.873286 1580.249216 1588.510644 1596.378966 1603.680083 1606.318881 1608.966524 1611.338774 1612.017303 1611.100002 1608.160529 1605.139307 1602.003501 1600.656109 1592.992529 1581.850608 1573.315042 1570.652828 1575.024504 1579.443519 1581.884485 1587.438530 1597.921911 1608.461564 1616.747838 1628.531327 1634.376970 1639.210885 1641.707304 1637.301487 1633.528009 1629.403509 1623.784211 1612.624221 -9999.0 -9999.0 -9999.0 -9999.0 -9999.0 -9999.0 -9999.0
1565.530709 1584.431715 1604.849146 1608.132707 1596.674453 1591.795474 1588.723989 1587.003330 1582.557134 1574.194429 1569.228958 1564.057250 1562.208241 1562.505447 1562.772625 1567.001472 1577.591783 1585.751300 1590.690240 1593.479746 1596.405022 1595.986464 1595.669777 1595.680309 1593.099209 1589.952751 1586.838018 1585.260761 1586.197748 1578.758916 1573.225174 1569.722185 1567.682733 1570.252506 1572.689654 1576.363523 1585.617563 1593.505953 1601.358935 1615.621987 1627.927012 1632.934098 1630.031746 1624.783688 1620.621520 1613.393786 1602.883251 1592.519041 1583.363486 1576.462777 1570.688076 1564.405432 1570.138716 1576.721879 1586.022885
1550.040985 1569.422821 1589.802439 1592.709043 1582.255103 1574.333572 1568.979168 1569.526677 1572.641329 1569.488534 1565.078797 1559.505592 1568.729913 1570.186554 1571.452158 1574.963900 1577.935365 1581.916161 1584.808914 1590.410826 1599.661061 1602.698591 1603.524224 1603.975981 1602.442545 1599.616055 1598.066857 1595.564504 1590.557578 1589.397495 1589.580110 1589.052191 1593.747746 1595.226498 1597.269542 1590.883794 1594.575088 1600.604295 1607.234269 1613.142678 1619.282474 1622.395870 1618.679181 1617.798218 1608.971423 1594.794234 1583.701847 1575.230558 1573.720396 1570.249904 1561.963251 1548.500416 1555.497053 1570.722946 1574.891189
1555.766558 1565.114215 1576.726006 1579.796754 1575.032438 1576.894146 1578.827749 1580.531311 1579.182549 1576.338331 1573.929530 1586.068012 1595.400802 1597.345376 1600.386112 1604.386284 1604.497113 1593.202854 1591.181418 1599.419409 1609.839184 1615.774430 1616.378194 1616.636647 1614.511455 1613.865379 1613.904361 1612.145911 1612.741565 1615.048879 1614.363214 1618.497083 1624.082825 1627.082944 1620.041550 1611.071263 1612.212324 1619.988855 1628.176345 1635.228967 1645.278790 1655.908924 1654.722362 1648.877374 1639.466954 1625.705007 1602.063712 1582.672732 1571.286324 1563.357723 1555.591466 1555.939054 1551.811089 1563.264214 1564.376333
1551.346802 1569.786620 1590.894823 1598.467824 1592.878272 1588.596023 1586.690077 1587.793295 1588.007944 1590.616926 1602.261732 1615.712494 1629.480425 1632.306675 1634.929570 1634.534731 1626.250508 1616.312391 1613.189490 1627.782260 1644.488829 1653.076719 1653.903491 1652.668265 1658.961204 1658.583771 1658.016588 1654.008078 1655.948129 1656.441317 1665.073424 1672.736686 1680.060225 1678.351767 1666.191011 1654.409690 1653.171494 1656.521039 1660.583231 1666.759272 1676.394304 1685.270096 1679.589950 1672.365537 1662.492565 1634.177091 1607.806518 1591.124877 1590.682736 1590.334912 1584.898249 1581.392890 1578.167149 1571.372003 1570.378385
1595.625752 1616.609644 1637.017657 1652.326344 1646.916686 1639.535103 1630.414466 1631.383663 1634.112931 1641.986819 1654.619468 1671.025386 1694.647433 1696.847693 1699.557717 1701.409152 1690.085261 1677.884205 1667.456480 1686.856156 1697.777257 1706.580525 1707.767478 1716.975191 1727.246620 1723.755059 1716.949692 1706.729048 1713.201258 1723.643143 1738.829301 1745.972166 1750.210878 1747.946282 1735.992181 1729.849599 1729.064690 1732.201415 1730.426808 1735.579235 1744.638668 1758.764676 1757.104561 1748.901686 1726.329784 1688.613330 1654.999296 1636.098951 1642.504623 1635.137899 1627.617194 1624.141228 1610.270777 1599.669352 1599.553193
1643.400983 1660.467515 1678.616356 1696.827794 1691.423291 1681.595907 1668.047306 1667.420832 1674.564564 1685.279988 1704.387614 1726.270921 1749.379364 1755.298768 1756.041378 1765.997018 1759.794932 1750.371005 1742.713380 1757.217940 1769.272047 1781.365841 1790.946621 1804.718175 1816.975471 1806.401566 1793.844114 1787.855779 1794.048386 1815.667149 1834.488269 1839.547136 1840.166606 1841.890028 1831.020529 1824.833190 1818.941694 1815.079355 1809.743346 1805.648461 1824.939674 1841.742865 1839.332235 1815.472069 1790.725010 1752.518720 1713.842591 1683.047818 1685.421743 1681.500059 1680.772311 1666.381793 1651.185548 1636.581405 1628.106378
1717.085189 1744.513595 1764.554516 1786.470925 1785.148950 1767.449152 1758.002319 1762.837232 1776.416796 1784.573210 1801.545331 1824.228949 1854.702617 1873.855693 1891.115599 1895.805551 1888.132716 1879.571744 1867.136537 1867.748577 1887.504343 1900.544589 1911.927810 1923.462692 1937.332509 1942.600793 1939.830835 1939.772146 1943.858622 1953.081226 1963.774202 1970.565411 1975.278912 1979.877378 1973.369587 1962.341603 1957.090915 1949.060033 1943.472923 1940.716522 1944.841294 1957.347383 1953.512797 1922.961824 1894.536214 1860.202779 1821.564641 1789.653957 1774.359856 1782.893050 1773.352368 1754.732741 1736.967735 1703.810222 1689.614305
1809.556722 1845.162105 1872.683976 1887.002664 1899.421624 1892.587361 1893.948412 1898.808650 1907.271444 1912.695172 1921.130980 1954.375623 1989.572254 2018.175225 2042.461454 2051.083412 2040.527110 2031.001534 2018.938978 2010.294872 2017.376200 2033.882073 2052.421664 2069.548926 2082.393111 2086.953532 2086.758435 2087.857995 2090.827930 2094.185582 2097.802866 2104.764341 2112.265876 2122.088519 2132.160160 2124.810911 2107.695166 2096.035441 2083.344664 2078.917897 2077.268201 2075.871138 2074.505431 2062.344739 2026.033231 1994.856330 1961.207078 1933.613958 1913.378695 1902.065326 1881.474573 1857.188038 1808.614085 1768.199558 1733.203432
1919.966952 1962.703540 1994.103247 2017.094591 2032.497264 2034.516087 2037.615586 2040.672513 2046.897365 2052.381054 2059.333255 2084.181237 2123.744005 2162.114566 2192.684474 2195.726148 2185.269168 2174.801751 2165.143048 2153.969795 2151.426179 2162.049138 2176.089619 2195.106008 2207.744585 2217.541988 2217.046895 2218.248081 2219.796575 2222.282206 2224.475333 2227.181157 2235.178046 2248.126348 2260.339840 2260.690764 2245.521769 2228.207277 2211.085433 2204.880552 2199.153389 2192.441454 2191.717993 2190.949806 2178.971718 2149.997545 2110.947441 2067.409404 2042.271373 2021.256601 2007.102004 1989.200693 1957.393435 1899.892561 1864.937941
2052.869922 2084.065257 2115.117378 2146.785175 2165.241204 2172.078393 2172.382512 2174.189846 2182.360386 2188.539097 2198.245406 2215.630529 2242.698346 2274.005346 2301.783463 2318.514485 2313.633137 2299.598999 2281.207204 2275.152310 2274.297231 2278.044455 2286.961634 2297.938734 2315.922502 2334.003964 2340.849078 2342.392504 2340.179398 2343.108537 2344.846283 2345.261648 2347.143569 2353.229141 2361.210580 2363.974190 2358.060730 2340.049976 2318.763095 2305.166107 2296.695861 2291.648779 2289.380451 2290.355521 2289.336878 2274.790176 2242.195339 2200.807292 2167.158244 2145.878111 2129.174692 2113.378557 2099.848158 2074.113683 2052.920697
2177.654399 2193.747403 2221.611191 2249.997737 2274.370132 2290.826654 2294.228790 2299.577676 2305.018003 2314.698424 2330.831857 2352.225219 2368.387535 2387.272262 2410.148850 2423.776535 2429.268161 2429.033576 2427.159455 2429.253815 2430.248947 2393.237369 2398.411126 2403.516836 2414.877128 2426.116241 2430.485772 2431.397409 2430.189276 2431.992233 2432.893965 2433.322911 2433.296828 2434.313704 2437.608189 2438.930802 2437.517465 2428.926752 2436.932971 2419.066399 2406.513043 2398.338307 2389.711337 2380.242430 2369.471181 2358.241244 2339.008075 2309.719422 2275.282050 2249.098051 2237.503000 2229.386367 2220.248449 2212.530738 2194.420895
2291.442626 2304.114258 2321.856039 2343.744544 2374.131976 2394.932682 2405.876719 2414.766785 2419.678613 2432.586783 2447.139930 2438.912307 2444.262060 2449.535651 2454.602987 2456.173649 2456.482691 2456.148459 2453.980958 2453.807826 2452.439189 2448.909829 2439.908301 2442.080748 2444.231671 2447.140841 2451.009536 2449.974376 2451.140017 2454.338412 2453.112105 2447.878840 2444.570641 2443.413838 2444.442741 2452.009814 2455.610701 2456.806034 2455.404301 2454.953414 2454.484724 2452.323848 2449.379933 2445.102930 2439.554205 2445.562155 2433.850594 2408.408357 2372.586536 2334.932458 2322.359890 2319.043128 2317.811209 2313.605218 2305.697119
2416.053199 2429.506191 2443.826861 2435.383390 2449.746764 2457.058902 2460.374683 2463.247504 2465.484388 2466.959462 2463.536573 2459.942650 2454.790840 2452.865763 2450.893479 2447.830078 2447.873303 2445.553274 2441.456320 2437.857535 2431.207597 2420.647349 2409.765029 2407.116580 2411.630122 2416.726770 2421.158024 2424.620588 2428.020103 2428.871604 2424.220707 2416.686739 2410.049366 2408.803865 2415.961294 2422.207902 2428.551939 2430.057702 2429.495406 2428.131316 2428.866301 2426.667235 2427.327331 2433.924275 2447.304854 2451.745376 2454.979391 2454.077104 2443.465834 2424.445217 2422.833487 2402.810358 2406.229680 2400.505492 2387.824661
2461.895032 2464.380907 2463.956276 2462.711421 2456.725307 2450.635912 2449.385760 2452.554896 2458.548510 2458.814402 2450.875259 2441.501259 2433.401328 2425.292909 2421.876521 2419.649471 2418.086695 2417.515829 2411.774113 2403.285739 2387.404461 2375.904905 2364.734265 2358.530524 2355.607645 2359.537845 2369.209214 2379.121845 2383.596876 2376.085851 2368.571524 2358.044923 2350.633705 2351.668024 2354.384134 2364.454404 2380.263691 2386.907029 2388.816286 2384.516885 2380.536412 2375.435922 2373.886977 2381.091134 2396.415172 2412.435163 2426.945690 2435.704995 2443.414591 2450.267971 2452.366581 2454.082263 2454.742025 2452.873652 2452.278192
2461.068407 2454.632280 2447.973873 2442.618624 2435.528661 2429.094319 2426.203009 2427.079308 2428.127629 2422.922330 2414.569959 2402.557960 2389.798173 2378.260780 2369.727482 2368.726931 2369.301915 2369.194431 2361.703155 2346.523086 2328.531671 2314.816964 2300.578251 2295.977375 2290.012415 2283.858420 2293.412860 2310.584927 2316.702041 2302.313754 2292.247883 2278.148840 2271.678878 2269.164409 2271.556962 2282.066353 2304.066765 2326.324152 2329.388525 2320.933833 2312.566330 2309.275370 2307.779968 2314.663631 2333.170307 2354.536769 2370.796735 2381.760336 2388.462452 2397.545687 2407.992829 2421.741826 2435.893819 2447.489839 2454.669850
2438.782359 2430.623652 2422.339201 2413.861843 2405.634045 2397.774498 2391.678234 2387.576789 2382.295374 2373.915668 2364.262335 2344.767204 2329.882834 2315.069766 2298.560636 2292.641371 2287.050300 2286.903584 2274.598998 2264.476782 2246.336508 2230.465860 2214.119816 2201.757155 2194.915569 2187.760188 2188.958604 2202.887206 2211.134952 2198.960778 2188.827772 2177.006719 2171.960636 2169.555718 2172.938943 2184.827537 2207.691285 2227.937690 2237.128745 2231.205316 2229.181529 2229.440181 2229.781683 2237.161618 2251.706359 2272.296829 2295.367183 2314.280793 2325.816096 2335.244774 2346.970637 2363.385388 2378.807587 2393.900401 2412.019763
2405.960527 2395.616204 2384.458000 2373.286309 2360.825502 2347.677691 2338.899524 2337.930443 2328.725892 2319.585830 2298.457713 2246.063093 2223.719927 2202.351796 2183.816863 2175.024993 2164.966555 2152.261590 2142.003066 2135.237301 2130.941485 2115.246178 2096.745947 2078.961209 2072.717450 2067.691003 2054.791929 2055.380554 2057.028336 2065.178902 2058.148218 2054.094541 2053.845786 2052.244431 2056.044999 2070.986098 2083.119249 2093.351246 2101.489787 2104.074507 2113.916627 2122.619197 2130.598756 2148.546124 2162.891351 2181.739512 2205.164575 2232.153408 2248.982714 2261.320071 2274.802010 2292.837697 2311.622247 2331.177840 2355.331241
2364.330255 2347.349258 2331.287301 2314.865582 2299.576891 2284.094736 2267.060034 2265.075466 2258.729498 2246.035371 2196.110724 2150.708852 2114.026533 2092.823336 2067.140501 2052.195552 2036.756251 2004.194280 1987.479489 1982.616954 1990.539636 1982.547195 1965.496097 1951.421972 1941.879360 1933.318321 1917.914457 1904.766487 1909.529678 1923.735730 1921.186454 1921.487047 1927.348032 1926.824301 1923.322519 1927.133064 1942.160859 1950.829556 1962.635907 1977.817532 1983.730012 1996.993783 2027.465958 2042.565536 2059.750792 2081.656897 2105.837754 2131.652073 2156.134397 2173.150203 2191.493336 2213.678718 2233.803157 2257.467773 2283.388556
2303.788733 2272.852382 2250.271867 2230.437180 2209.119938 2182.763121 2159.104962 2153.313168 2143.121937 2116.542559 2064.285705 2022.256813 1991.687240 1966.700651 1940.397589 1917.426756 1884.507698 1850.534701 1828.791266 1837.397247 1845.500530 1849.918842 1836.468279 1823.958475 1813.437513 1797.473848 1781.134476 1767.351491 1776.513126 1784.789900 1797.094952 1801.931315 1805.965356 1810.365854 1809.977974 1804.179039 1806.534594 1816.192697 1827.416621 1839.492690 1857.085724 1889.771892 1915.454894 1934.452980 1956.815620 1978.713110 2003.584840 2030.050128 2055.317101 2075.351868 2097.638335 2120.822603 2145.811454 2169.985616 2197.936009
2215.201382 2184.728524 2155.255591 2129.123662 2096.967157 2051.980528 2033.987309 2022.030124 2002.725880 1959.326538 1914.499604 1882.528592 1860.577617 1834.380741 1809.898198 1780.708146 1747.379594 1722.100116 1701.270577 1708.861430 1716.637409 1730.927402 1719.958405 1710.194928 1704.903130 1689.577410 1675.664892 1660.233429 1667.046260 1677.622074 1697.123758 1702.007728 1705.914516 1714.218970 1713.892850 1711.355683 1699.914908 1708.606180 1719.891669 1734.592209 1764.017989 1788.443742 1812.539391 1834.941340 1856.223848 1880.063255 1905.372801 1931.433183 1959.967807 1982.523996 2004.972547 2030.216927 2054.124133 2075.232973 2098.847715
2093.585948 2065.946376 2041.704991 2014.567112 1972.905854 1926.654643 1887.519738 1865.058261 1819.562510 1783.546883 1752.736070 1740.148919 1722.616431 1699.507720 1677.726192 1656.193132 1631.129194 1609.510060 1584.689107 1588.689616 1602.075725 1616.897404 1613.720012 1611.706229 1608.979847 1598.331784 1584.598170 1570.877485 1574.388341 1590.176390 1607.382715 1615.892836 1623.110985 1631.025203 1631.415685 1624.035139 1615.568402 1621.424224 1636.505746 1653.108452 1673.145112 1695.255266 1717.277150 1738.460549 1761.972651 1786.320132 1811.241253 1838.319402 1867.169590 1890.194764 1916.543232 1944.065727 1965.873304 1980.586839 1996.281237
1974.984454 1951.519047 1925.334194 1896.234842 1853.256088 1810.498427 1767.165767 1723.562845 1689.173846 1657.799502 1643.378520 1624.808153 1607.762472 1590.182187 1568.712832 1549.907736 1532.239197 1510.170755 1495.234995 1501.022489 1513.932244 1523.620453 1527.799097 1524.985053 1522.065072 1515.184316 1501.299799 1493.553423 1502.534514 1517.723068 1532.060444 1542.830416 1549.739629 1555.634319 1553.098694 1544.877508 1540.617748 1549.104296 1564.934153 1579.566215 1596.138961 1617.512132 1638.670331 1660.746350 1683.917738 1707.060099 1732.737894 1759.361318 1786.816531 1814.790744 1839.876839 1862.955191 1876.048408 1889.838118 1897.685249
1838.511415 1822.217658 1795.177160 1765.704331 1733.008797 1695.644839 1666.583813 1633.893398 1602.476217 1571.858364 1545.559344 1529.693942 1520.665979 1506.104178 1487.347847 1474.414809 1457.775842 1443.052332 1445.181694 1447.179222 1456.862785 1456.653502 1457.239469 1454.350909 1453.335274 1449.761849 1440.883055 1449.734904 1456.761752 1470.824214 1481.270412 1490.832899 1496.964175 1500.993925 1501.572353 1496.290250 1500.985618 1507.930296 1522.345824 1534.118736 1548.743027 1569.349923 1586.786667 1606.312401 1628.808114 1652.154705 1676.683257 1702.983841 1731.570454 1757.400419 1777.802546 1788.092923 1800.394684 1807.004964 1802.061671
