tests/Borden05m/data_simulated/sim_1/output-maps/psiliqL0028N0013.asc
ncols         160
nrows         34
xllcorner     620200.000000
yllcorner     5168000.000000
cellsize      0.500000
NODATA_value  -9999.0
[rows 0 to 24 of 34, columns 0 to 54 of 160]
-9999.0 -9999.0 -9999.0 -9999.0 -9999.0 -9999.0 -9999.0 -9999.0 -9999.0 -9999.0 -9999.0 -9999.0 -9999.0 -9999.0 -9999.0 -9999.0 -9999.0 -9999.0 -9999.0 -9999.0 -9999.0 -9999.0 -9999.0 -9999.0 -9999.0 -9999.0 -9999.0 -9999.0 -9999.0 -9999.0 -9999.0 -9999.0 -9999.0 -9999.0 -9999.0 -9999.0 -9999.0 -9999.0 -9999.0 -9999.0 -9999.0 -9999.0 -9999.0 -9999.0 -9999.0 -9999.0 -9999.0 -9999.0 -9999.0 -9999.0 -9999.0 -9999.0 -9999.0 -9999.0 -9999.0
-9999.0 -9999.0 -9999.0 -9999.0 -9999.0 -9999.0 -9999.0 -9999.0 -9999.0 -9999.0 -9999.0 -9999.0 -9999.0 -9999.0 -9999.0 -9999.0 -9999.0 -9999.0 -9999.0 -9999.0 -9999.0 -9999.0 -9999.0 -9999.0 -9999.0 -9999.0 -9999.0 -9999.0 -9999.0 -9999.0 -9999.0 -9999.0 -9999.0 -9999.0 -9999.0 -9999.0 -9999.0 -9999.0 -9999.0 -9999.0 -9999.0 -9999.0 -9999.0 -9999.0 -9999.0 -9999.0 -9999.0 -9999.0 -9999.0 -9999.0 -9999.0 -9999.0 -9999.0 -9999.0 -9999.0
-9999.0 -9999.0 -9999.0 -9999.0 -9999.0 -9999.0 -9999.0 -9999.0 -9999.0 -9999.0 -9999.0 -9999.0 -9999.0 -9999.0 -9999.0 -9999.0 -9999.0 -9999.0 -9999.0 -9999.0 -9999.0 -9999.0 -9999.0 -9999.0 -9999.0 -9999.0 -9999.0 -9999.0 -9999.0 -9999.0 -9999.0 -9999.0 -9999.0 -9999.0 -9999.0 -9999.0 -9999.0 -9999.0 -9999.0 -9999.0 -9999.0 -9999.0 -9999.0 -9999.0 -9999.0 -9999.0 -9999.0 3672.641091 3655.463443 3642.394800 3637.132451 3657.739204 3680.579903 3704.226615 3724.573807
-9999.0 -9999.0 -9999.0 -9999.0 -9999.0 -9999.0 -9999.0 -9999.0 -9999.0 -9999.0 -9999.0 -9999.0 -9999.0 -9999.0 -9999.0 -9999.0 -9999.0 -9999.0 -9999.0 -9999.0 -9999.0 -9999.0 -9999.0 -9999.0 -9999.0 -9999.0 -9999.0 -9999.0 -9999.0 -9999.0 -9999.0 -9999.0 -9999.0 -9999.0 -9999.0 -9999.0 -9999.0 -9999.0 -9999.0 -9999.0 3724.089351 3729.927112 3729.295085 3719.419559 3707.918000 3693.786557 3672.935597 3655.808957 3642.978213 3641.044754 3643.263642 3645.262163 3665.329560 3690.674260 3710.437850
-9999.0 -9999.0 -9999.0 -9999.0 -9999.0 -9999.0 -9999.0 -9999.0 -9999.0 -9999.0 -9999.0 -9999.0 -9999.0 -9999.0 -9999.0 -9999.0 -9999.0 -9999.0 -9999.0 -9999.0 -9999.0 -9999.0 -9999.0 -9999.0 -9999.0 -9999.0 -9999.0 -9999.0 -9999.0 -9999.0 -9999.0 -9999.0 -9999.0 -9999.0 3632.104043 3648.805260 3666.525387 3684.943526 3701.805040 3708.794831 3714.530518 3719.662310 3714.735292 3710.151823 3698.153469 3676.516334 3657.056291 3644.319711 3643.406750 3640.784946 3643.933276 3654.918803 3671.216778 3685.695373 3705.858199
-9999.0 -9999.0 -9999.0 -9999.0 -9999.0 -9999.0 -9999.0 -9999.0 -9999.0 -9999.0 -9999.0 -9999.0 -9999.0 -9999.0 -9999.0 -9999.0 -9999.0 -9999.0 -9999.0 -9999.0 -9999.0 -9999.0 -9999.0 -9999.0 -9999.0 -9999.0 -9999.0 -9999.0 3638.680193 3632.600516 3627.645404 3625.832938 3624.122427 3622.990066 3629.429484 3640.136562 3656.730933 3678.661249 3691.791461 3698.854505 3705.586638 3705.612654 3699.263008 3697.303191 3697.508128 3684.351208 3671.617682 3659.677101 3647.955060 3644.162616 3652.562311 3666.473167 3682.325636 3696.472590 3711.318074
-9999.0 -9999.0 -9999.0 -9999.0 -9999.0 -9999.0 -9999.0 -9999.0 -9999.0 -9999.0 -9999.0 -9999.0 -9999.0 -9999.0 -9999.0 -9999.0 -9999.0 -9999.0 -9999.0 -9999.0 -9999.0 -9999.0 -9999.0 3609.218079 3613.821731 3620.146568 3627.639107 3628.393779 3625.057653 3619.504432 3616.638640 3614.942692 3612.240142 3616.468362 3622.909363 3635.355631 3650.104874 3672.096095 3679.880486 3683.399376 3694.174413 3697.668783 3705.490436 3708.914084 3706.531452 3701.749916 3685.911165 3673.418953 3674.526901 3677.672375 3684.032481 3691.938652 3704.943046 3717.838139 3732.214926
-9999.0 -9999.0 -9999.0 -9999.0 -9999.0 -9999.0 -9999.0 -9999.0 -9999.0 -9999.0 -9999.0 -9999.0 -9999.0 -9999.0 -9999.0 -9999.0 -9999.0 -9999.0 -9999.0 3585.042490 3586.021695 3587.443321 3592.166866 3592.296553 3593.766159 3600.210314 3607.877602 3610.563632 3607.916152 3606.662472 3607.527190 3609.616659 3613.666127 3623.382724 3636.058771 3649.257309 3661.143869 3681.033674 3694.609379 3705.912574 3720.274788 3720.289003 3716.134281 3713.862774 3713.014461 3710.379005 3707.040822 3704.737158 3710.223167 3709.480581 3711.771762 3720.190891 3731.590971 3747.064903 3763.452849
-9999.0 -9999.0 -9999.0 -9999.0 -9999.0 -9999.0 -9999.0 -9999.0 -9999.0 -9999.0 -9999.0 -9999.0 -9999.0 -9999.0 -9999.0 -9999.0 3556.085708 3557.710621 3559.950288 3565.324898 3568.992204 3572.679869 3579.376769 3580.613620 3583.526645 3590.077732 3593.872331 3602.653889 3610.443957 3616.732533 3621.719584 3623.175191 3628.497888 3636.534331 3646.721708 3659.156685 3677.774753 3700.273191 3714.744645 3730.320657 3746.531816 3746.118081 3743.352916 3742.530920 3739.815275 3739.411384 3752.308422 3754.167256 3746.950063 3754.589436 3765.109569 3766.719674 3772.732889 3791.813143 3812.996023
-9999.0 -9999.0 -9999.0 -9999.0 -9999.0 -9999.0 -9999.0 -9999.0 -9999.0 -9999.0 -9999.0 -9999.0 -9999.0 3506.295989 3510.047527 3520.172109 3531.878771 3534.774342 3539.570840 3546.082397 3557.797702 3560.966695 3566.354575 3572.832114 3584.924801 3592.739534 3600.526391 3611.214594 3618.042551 3623.759834 3628.790405 3629.929489 3639.774509 3652.196624 3664.941937 3682.491552 3703.059359 3719.843803 3736.370329 3751.655460 3761.836910 3757.402532 3755.642399 3756.756306 3759.967281 3771.248709 3786.411781 3784.524724 3791.866558 3811.044511 3819.906888 3825.732194 3830.712400 3843.988525 3864.983251
-9999.0 -9999.0 -9999.0 -9999.0 -9999.0 -9999.0 -9999.0 -9999.0 -9999.0 -9999.0 3480.969699 3482.066797 3477.957655 3474.424518 3479.998129 3492.018868 3506.346679 3511.240560 3522.852089 3543.782531 3562.058546 3564.312850 3576.676846 3585.999374 3591.635925 3600.036939 3611.398572 3621.786144 3635.304166 3645.148242 3651.782405 3665.876918 3679.793960 3694.136405 3709.552043 3728.349311 3742.401575 3763.943500 3787.165390 3793.978421 3808.946965 3809.556243 3804.389182 3801.395279 3809.778224 3819.201735 3832.005120 3845.530102 3862.586972 3883.101621 3891.573597 3903.555216 3911.753569 3921.282824 3936.091794
-9999.0 -9999.0 -9999.0 -9999.0 -9999.0 -9999.0 -9999.0 -9999.0 3456.643039 3464.646776 3469.499625 3465.707396 3460.696517 3453.912604 3468.189621 3482.907923 3498.008098 3515.756192 3530.444332 3547.873903 3560.563059 3573.933495 3592.918155 3602.149790 3611.064927 3624.422098 3635.651514 3648.377157 3666.943973 3672.368932 3680.934518 3698.347638 3711.941354 3726.978980 3743.437502 3758.138854 3776.152781 3804.542296 3831.811096 3846.045649 3870.749303 3886.205989 3879.227224 3876.323112 3876.593425 3898.449168 3923.360960 3951.358575 3968.659418 3990.860017 4018.305453 4037.000694 4045.921098 4056.716848 4070.283696
-9999.0 -9999.0 -9999.0 -9999.0 -9999.0 -9999.0 3428.269068 3452.371926 3467.153489 3457.892329 3442.401580 3436.339843 3429.114170 3460.514381 3482.189235 3498.676757 3514.378842 3530.858539 3545.921751 3552.460614 3580.194310 3598.536798 3608.604628 3619.706510 3632.628117 3645.480894 3659.951346 3679.390265 3694.776224 3714.147293 3727.487260 3741.521890 3763.438593 3779.153975 3794.611891 3806.550317 3832.608336 3865.992038 3899.450631 3922.610209 3946.094540 3977.092626 3975.658762 3976.801768 3977.596089 4001.303918 4034.938856 4064.258137 4095.504733 4125.590927 4153.847042 4164.135862 4172.929879 4182.662798 4195.084600
-9999.0 -9999.0 -9999.0 -9999.0 3396.678815 3417.159242 3435.072486 3464.452209 3485.681055 3480.015962 3483.262682 3480.120294 3474.427536 3478.736869 3486.097173 3502.097328 3520.136455 3538.538824 3551.064093 3575.799368 3621.668102 3630.752686 3645.502682 3673.170304 3682.422763 3694.853625 3708.957704 3727.795541 3744.056389 3769.348754 3801.322364 3828.445952 3848.372859 3866.357259 3884.442528 3900.122842 3934.607413 3970.878338 4005.861640 4036.658611 4062.930669 4088.696214 4094.642437 4099.219784 4108.976827 4125.999333 4148.679669 4176.144722 4209.862981 4241.887197 4264.967182 4273.634723 4278.654225 4288.129545 4295.459962
-9999.0 -9999.0 -9999.0 3341.988286 3380.855958 3420.344665 3445.142991 3474.530073 3506.102979 3504.453716 3512.188007 3510.365136 3507.500142 3511.416014 3512.759704 3527.923081 3545.018631 3564.063074 3584.106390 3615.992935 3643.196747 3658.277146 3684.308090 3697.967419 3708.941192 3720.348582 3737.775760 3756.367094 3791.341936 3819.469730 3864.249032 3913.905679 3945.114446 3963.748853 3985.890521 4013.161397 4038.150152 4076.929895 4110.727135 4142.612965 4172.651932 4194.565285 4208.458593 4212.900944 4222.560897 4228.148658 4240.438950 4261.354472 4283.700664 4314.490271 4343.787802 4372.982524 4388.368231 4399.562471 4416.790768
-9999.0 -9999.0 3293.470961 3333.088269 3363.644791 3409.272212 3461.659134 3496.112051 3534.429372 3551.701291 3553.451581 3562.167295 3570.952133 3570.127640 3576.980430 3587.998049 3609.562559 3617.805109 3637.643781 3650.596394 3685.338748 3716.985185 3709.267264 3745.314638 3774.319721 3806.799419 3827.925032 3854.043987 3891.590581 3924.361922 3968.057133 4017.734233 4051.561230 4079.127745 4095.004487 4115.336413 4135.529587 4162.089340 4199.019660 4224.491566 4258.276183 4283.679969 4303.152796 4303.529642 4306.150704 4322.361932 4350.997116 4382.240781 4411.522419 4440.949499 4423.919688 4448.412590 4459.367146 4465.478963 4475.088903
-9999.0 -9999.0 3262.534383 3309.146296 3342.376943 3398.451479 3485.310418 3518.320343 3557.006963 3601.537660 3613.721206 3633.782512 3624.331771 3609.667179 3625.744676 3638.161405 3658.979569 3666.016795 3658.932016 3710.025774 3761.284439 3782.134644 3783.437659 3860.883236 3913.594757 3938.527765 3955.594962 3975.773248 3995.046003 4032.922212 4071.328384 4125.940042 4167.083060 4196.944664 4211.485901 4231.788931 4251.384344 4266.384160 4286.090575 4333.544992 4369.838375 4401.140167 4433.541574 4455.056358 4463.299101 4468.564182 4441.646480 4462.136345 4476.031708 4482.024691 4484.433708 4480.608655 4480.062846 4480.909998 4481.832899
-9999.0 3168.482356 3220.783454 3270.537771 3333.707094 3393.438273 3466.236337 3539.580314 3606.313438 3658.306490 3682.264789 3672.093110 3666.446273 3688.673176 3706.581319 3721.179311 3726.586428 3737.098954 3716.897305 3770.519977 3805.474493 3851.543916 3949.509802 4007.993038 4073.249562 4068.788672 4056.633144 4060.954100 4076.273371 4123.112677 4203.384370 4260.645319 4327.847230 4377.852093 4395.349008 4403.113473 4422.119364 4443.175016 4387.520599 4433.085591 4454.134438 4471.698056 4481.861557 4484.282379 4485.634425 4485.382653 4481.645173 4474.540625 4466.300846 4460.406843 4456.140662 4451.637534 4454.078861 4457.415251 4457.512243
-9999.0 3129.448592 3186.164458 3253.675454 3319.987450 3362.934986 3441.314690 3610.224622 3673.241515 3710.538718 3712.959680 3681.548698 3736.064694 3794.637520 3817.482947 3862.561364 3845.706837 3830.123790 3790.099836 3814.411770 3851.781489 3922.378580 4096.971118 4186.340177 4241.472799 4249.379775 4249.715386 4278.436750 4323.695790 4372.655118 4420.212543 4385.483103 4437.928233 4463.827677 4469.239817 4469.997400 4475.808484 4474.246941 4472.939717 4468.424723 4463.213560 4463.389659 4468.103968 4467.959929 4464.961851 4461.517826 4455.776023 4448.356262 4443.192969 4438.556164 4435.908348 4433.089197 4431.063126 4430.192811 4425.217371
-9999.0 3086.889945 3162.146748 3218.909145 3261.015003 3347.253856 3477.254126 3621.962890 3718.191210 3751.076022 3721.219278 3750.974802 3853.974818 3961.696199 4014.254263 4034.951730 4013.102051 3961.206170 3938.212857 3981.909259 4053.490239 4177.435435 4323.059189 4425.919036 4441.851567 4445.460967 4394.276318 4421.817067 4447.343848 4450.373036 4451.571637 4460.244185 4465.377755 4468.403299 4466.806926 4463.906394 4459.058350 4450.804961 4446.017378 4442.270319 4438.452207 4437.187706 4439.104918 4441.049272 4438.178347 4434.257174 4429.770661 4424.195364 4417.839984 4411.028967 4406.628380 4402.303062 4400.135162 4394.430647 4390.974532
-9999.0 2959.826003 3056.296697 3093.438484 3159.240434 3349.672805 3478.627433 3616.436243 3784.135877 3801.280295 3841.795820 3984.226874 4105.926894 4187.785025 4215.481080 4248.218438 4272.674175 4288.071114 4325.620802 4195.632293 4280.087403 4383.994592 4432.016902 4452.841115 4464.133235 4464.531365 4454.431726 4433.397661 4422.607491 4415.845100 4417.458011 4424.770915 4429.351205 4434.060221 4431.730521 4432.884310 4434.160354 4430.979586 4426.905984 4418.078015 4410.169517 4403.307899 4399.807939 4404.423248 4399.786372 4397.520796 4391.245290 4382.676977 4373.612727 4366.213260 4358.130899 4351.515633 4349.298261 4344.289974 4343.065592
-9999.0 2879.004006 2950.140993 3001.706586 3105.876817 3268.437640 3356.344321 3511.607722 3757.698243 3897.131287 4067.561689 4162.018031 4232.755286 4272.728508 4322.075842 4375.646485 4403.591906 4416.160271 4382.856858 4407.312557 4363.328328 4352.068755 4370.019961 4399.930999 4417.879286 4422.092210 4414.356960 4405.408643 4398.124232 4397.000956 4394.699199 4390.234860 4385.738172 4381.926652 4378.787379 4381.930029 4387.379869 4380.083409 4369.502567 4359.807950 4351.077456 4341.675042 4335.623325 4330.741538 4331.324929 4331.632522 4323.903107 4313.299988 4302.301546 4293.902604 4286.685891 4282.265059 4279.477456 4274.398254 4264.353836
-9999.0 2760.604233 2888.964559 2960.665303 3046.528385 3172.108862 3270.208934 3418.285178 3543.821994 3792.555259 3931.302620 4138.198471 4190.091043 4262.553782 4309.026250 4384.091248 4378.842198 4347.601443 4303.217047 4287.275213 4299.754629 4309.109515 4317.061478 4331.177085 4349.150012 4359.528016 4365.068234 4359.299313 4345.009923 4332.096947 4320.343110 4306.080619 4296.325183 4293.641437 4298.181137 4308.633208 4308.894240 4299.522513 4285.165671 4266.529024 4250.615200 4238.569435 4236.665492 4239.629637 4240.851728 4236.644806 4230.904952 4219.993220 4207.259662 4194.608613 4189.067814 4184.779978 4177.155580 4165.583181 4153.416787
-9999.0 -9999.0 2800.440273 2907.349953 2994.475604 3100.955893 3182.494867 3293.465037 3430.317755 3599.195570 3715.512145 3904.353654 4003.883110 4048.507260 4080.863297 4137.653112 4164.661797 4198.446146 4194.932121 4208.298769 4219.167838 4224.850984 4229.890406 4235.128674 4245.502512 4255.499015 4266.252815 4263.416289 4254.659282 4233.622047 4207.084724 4186.392757 4175.621176 4165.995201 4178.549795 4191.292522 4185.371153 4178.381814 4165.568504 4149.195060 4136.619937 4122.225352 4118.774620 4118.601949 4119.243255 4116.973430 4114.682008 4102.195026 4089.911275 4080.204683 4076.305852 4070.658711 4067.245822 4057.456777 4046.852715
-9999.0 -9999.0 2718.071820 2813.218999 2910.739972 3022.850900 3101.227207 3100.798202 3231.636096 3331.406637 3439.152674 3552.641622 3652.174361 3722.193203 3753.826811 3816.896320 3876.081028 3895.409980 3939.307776 3997.527817 4033.595364 4075.241680 4099.390516 4108.695424 4121.256326 4136.083523 4143.493611 4127.765839 4116.436823 4099.228805 4075.394055 4048.093029 4034.289531 4034.272449 4032.816565 4033.799200 4025.853148 4016.939569 4002.385361 3988.636677 3976.495051 3967.894273 3964.348476 3958.406647 3955.932570 3953.188483 3951.653570 3946.830276 3938.932827 3934.729283 3926.460188 3922.986241 3922.436412 3919.820467 3914.474204
