tests/Borden05m/data_simulated/sim_1/output-maps/psiliqL0026N0003.asc
ncols         160
nrows         34
xllcorner     620200.000000
yllcorner     5168000.000000
cellsize      0.500000
NODATA_value  -9999.0
[rows 0 to 24 of 34, columns 55 to 109 of 160]
-9999.0 -9999.0 -9999.0 -9999.0 -9999.0 -9999.0 -9999.0 -9999.0 -9999.0 -9999.0 -9999.0 -9999.0 -9999.0 -9999.0 -9999.0 -9999.0 -9999.0 -9999.0 -9999.0 -9999.0 -9999.0 -9999.0 -9999.0 -9999.0 -9999.0 -9999.0 -9999.0 -9999.0 -9999.0 -9999.0 -9999.0 -9999.0 -9999.0 -9999.0 -9999.0 -9999.0 -9999.0 -9999.0 -9999.0 -9999.0 -9999.0 -9999.0 -9999.0 -9999.0 -9999.0 -9999.0 -9999.0 -9999.0 -9999.0 -9999.0 -9999.0 -9999.0 -9999.0 -9999.0 -9999.0
-9999.0 -9999.0 -9999.0 -9999.0 3398.178405 3392.871042 3388.088963 3383.555118 3375.011425 3365.670796 3357.779707 3353.560742 3352.357135 3351.473469 3350.792576 3355.598055 3363.590216 3371.138889 3377.951468 3380.304367 3382.591638 3384.387742 3384.565313 3383.374377 3380.086851 3376.692437 3373.260227 3371.522505 3364.143319 3352.999050 3344.677318 3341.977582 3346.142463 3350.475386 3352.931361 3358.102977 3368.480404 3379.076898 3387.660655 3400.232740 3407.260464 3412.622178 3415.232015 3411.273609 3408.037092 3404.097215 3397.981496 3386.902084 -9999.0 -9999.0 -9999.0 -9999.0 -9999.0 -9999.0 -9999.0
3343.058242 3361.397565 3382.303766 3385.382737 3373.680716 3368.582024 3365.411613 3363.705793 3359.414860 3350.872880 3345.699643 3340.155930 3337.438609 3337.368797 3337.170445 3340.749582 3351.425709 3359.135471 3363.613127 3366.171445 3368.940964 3367.292463 3366.440796 3366.146770 3363.182955 3359.638309 3356.201885 3354.300123 3355.721386 3348.097675 3342.075848 3338.156759 3335.182302 3337.913267 3340.601542 3345.187789 3354.351385 3362.255637 3370.235511 3385.426351 3398.630270 3404.354094 3401.847772 3397.306781 3393.540922 3386.175205 3375.462323 3365.508742 3357.430106 3351.389073 3346.104476 3339.764508 3346.268681 3354.226121 3363.621206
3326.218011 3345.294578 3365.646375 3368.139146 3357.830483 3350.058689 3343.158660 3343.612214 3347.039872 3343.731787 3338.828572 3330.940073 3340.864116 3341.756970 3342.345749 3345.418694 3347.183439 3352.204403 3354.520408 3359.755227 3368.632208 3371.347016 3371.689597 3371.644736 3369.575285 3366.240000 3364.200499 3361.333075 3355.992432 3354.139347 3353.739814 3352.413867 3356.471132 3357.980799 3360.894115 3355.417178 3359.854836 3366.122736 3373.110713 3378.651675 3384.824713 3387.391174 3384.155687 3384.818231 3376.557892 3362.999907 3353.245038 3345.884487 3346.217577 3343.366719 3335.547281 3321.934275 3330.355958 3346.577716 3351.462900
3330.346046 3339.134022 3349.562379 3351.954886 3346.832903 3348.959166 3350.649243 3351.749432 3349.779786 3346.121348 3341.609218 3351.880943 3360.032347 3361.273411 3363.562199 3367.380098 3368.116849 3357.156455 3355.022481 3362.177362 3371.714018 3376.748930 3376.819835 3376.345565 3372.558870 3371.303950 3371.010088 3369.133949 3368.537267 3370.016962 3367.512758 3370.398170 3375.832251 3379.133434 3373.934627 3365.549845 3367.824362 3376.306464 3385.461031 3393.082153 3403.282895 3414.103129 3414.454541 3410.031967 3401.635353 3389.311310 3366.993030 3349.619388 3338.779280 3330.906893 3323.767954 3326.889773 3322.315975 3336.272040 3338.187919
3315.643413 3336.191682 3356.070135 3361.778439 3355.657583 3351.816260 3350.468179 3350.974206 3349.865366 3350.165183 3358.701563 3370.303155 3381.319866 3383.143458 3384.805216 3383.393344 3375.780936 3365.385247 3362.626721 3375.761608 3392.365464 3400.107459 3399.503110 3395.060231 3398.053704 3398.112275 3398.567800 3395.169243 3395.829037 3393.345040 3398.691023 3406.327442 3414.266824 3412.902785 3400.527085 3388.213341 3388.179069 3393.680494 3400.677744 3408.297473 3418.487629 3427.657898 3422.941520 3417.910558 3410.690966 3385.252741 3362.810649 3348.700380 3349.197120 3350.121308 3345.856464 3344.002360 3343.276195 3339.352385 3339.726623
3351.190264 3370.203394 3390.228962 3403.002164 3396.700829 3389.121611 3380.582416 3380.647012 3380.891359 3386.553092 3396.727835 3409.257007 3430.756052 3430.045288 3430.340069 3428.896504 3415.913918 3402.643279 3392.626973 3414.624037 3425.579630 3432.640478 3429.961230 3434.965091 3443.522939 3439.907154 3433.592258 3421.499888 3427.056603 3433.467373 3448.563904 3456.468894 3461.734755 3457.153016 3443.274485 3436.529494 3438.087180 3444.590621 3445.826078 3454.527461 3463.329129 3478.302089 3477.057100 3473.877660 3454.151529 3417.323235 3388.214462 3375.811665 3387.368200 3381.879951 3375.643924 3375.710122 3364.842522 3357.834450 3360.557910
3382.826635 3396.082482 3412.130482 3428.498945 3419.495256 3409.238706 3392.645669 3389.401886 3393.436257 3403.454574 3420.797171 3438.593235 3458.348810 3456.900288 3450.224617 3459.778429 3452.745952 3441.870809 3434.321669 3455.685961 3465.719477 3475.879911 3481.540857 3494.125063 3504.507226 3487.967893 3470.892183 3460.466339 3467.460011 3493.010943 3515.383510 3520.167375 3519.227943 3518.660251 3503.371647 3498.554087 3495.170255 3495.543389 3492.952149 3491.122461 3516.488303 3538.074485 3537.927990 3516.501981 3493.893050 3454.446960 3416.851842 3392.683621 3405.800621 3402.600552 3406.046763 3396.112236 3384.566273 3377.582142 3375.250826
3432.560761 3453.987975 3470.248445 3491.966580 3482.781919 3459.650178 3443.563207 3446.050970 3459.478105 3467.432078 3485.782611 3502.776366 3528.487045 3540.509762 3551.662556 3555.560679 3548.470324 3539.906210 3527.880154 3533.111440 3556.980192 3568.583120 3576.879643 3585.245691 3597.863345 3598.211868 3591.280252 3589.427179 3593.784044 3607.257600 3621.711823 3628.450718 3631.502655 3634.113649 3620.894358 3608.003577 3606.010311 3600.576334 3599.369632 3598.622213 3610.127751 3630.725028 3627.568315 3591.110963 3564.360315 3529.413637 3491.142657 3461.925966 3455.917166 3475.075570 3473.068114 3457.017004 3446.706622 3420.930786 3415.984480
3501.622492 3534.458576 3558.714056 3568.866901 3576.217016 3561.366623 3559.213517 3563.316742 3571.635375 3574.699296 3581.069736 3613.406974 3647.141464 3672.086161 3694.806362 3701.943795 3689.606531 3679.812978 3666.271872 3657.462400 3668.528544 3685.800499 3703.464370 3718.375899 3729.699791 3731.766765 3730.180726 3730.234757 3733.352019 3736.351279 3740.674676 3749.173839 3756.828408 3765.483390 3773.493036 3763.024637 3746.039023 3736.802948 3727.834432 3727.094513 3728.530901 3732.453536 3733.568271 3716.791122 3674.713849 3643.099520 3611.018081 3591.543037 3578.445940 3578.388946 3560.291162 3536.043426 3484.740544 3447.581426 3416.467268
3587.256404 3631.376451 3660.609170 3677.677570 3690.331990 3687.237550 3689.050533 3690.032138 3693.715411 3696.021865 3698.667314 3725.544698 3767.271896 3806.764944 3838.093020 3837.884418 3824.037180 3812.665920 3803.564053 3789.093172 3785.137476 3797.892318 3813.430205 3833.852560 3844.283695 3850.312009 3846.949226 3847.167829 3849.010081 3851.369191 3853.528801 3857.221053 3866.966043 3882.167155 3896.790940 3895.881263 3876.753575 3858.742897 3842.734442 3840.369073 3838.004914 3833.098712 3835.511866 3837.433158 3821.343853 3789.856552 3749.873133 3709.470950 3692.920322 3677.901085 3667.062702 3650.127466 3609.346213 3542.482043 3503.002680
3702.537138 3736.934375 3766.040960 3796.392038 3811.185990 3813.292983 3810.664067 3809.410962 3816.435280 3819.076763 3824.618588 3841.220954 3873.752444 3909.572554 3939.476623 3954.872925 3946.925513 3928.739669 3906.307931 3896.297829 3893.316061 3897.008145 3906.670689 3919.770949 3939.512179 3959.138338 3964.946679 3965.840133 3963.143918 3965.593648 3967.186605 3967.310094 3970.327736 3979.030075 3989.068308 3992.489225 3984.551069 3963.203762 3939.500003 3928.209163 3921.762598 3918.374900 3919.485404 3924.788280 3928.144460 3913.155701 3877.128820 3832.254322 3802.300904 3787.298449 3774.554036 3760.423707 3747.879567 3714.470627 3693.340210
3811.962990 3827.355371 3855.827452 3884.838805 3907.502093 3922.182461 3922.444321 3925.380950 3930.173522 3937.420883 3952.518202 3976.145625 3995.553641 4018.593996 4045.584309 4062.118380 4067.369647 4065.584842 4061.345429 4062.508684 4062.877097 3997.311217 4003.821845 4010.315370 4028.157695 4044.119048 4049.918537 4050.584130 4047.928547 4049.820806 4050.619589 4050.497166 4050.122576 4052.617981 4057.916963 4059.942216 4057.438496 4044.354523 4063.704740 4043.417605 4029.808356 4021.518956 4013.206614 4004.939044 3995.477439 3985.521393 3965.144483 3933.905902 3899.337846 3878.041248 3870.231135 3864.084979 3855.443305 3849.666746 3832.475550
3910.838163 3921.429093 3939.867789 3962.860941 3997.351443 4021.148997 4032.662658 4042.063774 4046.755318 4060.856222 4077.785687 4060.968778 4069.667836 4078.669755 4087.614106 4090.685674 4091.565134 4091.159329 4088.750530 4087.939316 4085.458511 4082.062333 4071.514912 4073.133574 4075.116665 4077.748542 4081.501421 4080.411506 4081.537289 4084.496911 4082.714424 4076.621738 4072.502910 4070.926351 4071.966131 4079.432345 4082.952490 4083.924966 4080.374847 4079.418925 4078.375889 4074.815042 4070.369394 4064.102342 4056.085545 4071.773754 4059.528046 4031.061416 3990.181225 3948.429180 3941.083319 3943.192806 3943.002188 3941.506680 3935.877469
4037.368209 4051.236738 4066.216687 4042.553192 4065.944883 4077.915834 4083.513241 4087.761830 4090.613430 4093.907144 4090.912603 4087.932371 4083.022964 4081.429030 4080.067421 4077.619321 4078.246280 4076.358683 4072.274545 4068.186569 4060.097923 4048.452061 4037.273846 4033.628739 4037.913990 4043.586142 4048.809383 4053.360544 4057.120463 4057.047715 4051.512650 4043.021716 4035.420781 4033.778105 4040.699571 4046.469146 4053.103192 4053.997686 4052.601426 4050.068235 4049.784876 4046.444331 4046.632080 4053.772219 4068.677564 4071.190798 4077.370419 4076.490384 4059.059684 4027.496349 4040.410376 4020.380510 4026.563302 4021.937778 4010.547835
4082.098018 4084.999328 4083.292047 4082.243084 4075.820460 4069.735129 4068.948085 4072.981064 4080.053588 4081.099530 4074.028925 4065.409842 4058.140436 4050.644715 4048.271866 4047.754495 4047.527089 4048.056820 4042.752273 4033.310595 4016.142004 4004.544210 3993.474288 3987.531527 3983.601144 3986.950499 3998.319609 4010.709178 4015.790147 4006.291101 3997.739866 3985.812240 3977.724617 3978.187160 3979.136042 3988.697783 4005.793054 4013.570198 4014.376062 4007.795010 4001.148980 3994.425713 3991.277327 3997.696407 4013.070064 4030.005602 4045.818085 4055.075604 4062.858124 4070.051603 4068.082129 4070.952296 4072.531609 4070.301835 4073.629420
4076.574848 4069.550996 4062.533556 4057.208644 4050.768048 4045.490076 4043.643899 4045.484590 4047.356616 4043.198080 4036.833450 4026.838775 4015.792234 4006.084398 3998.362156 3999.403629 4001.780506 4003.500650 3996.146018 3980.700937 3962.833958 3949.336407 3935.464238 3931.536566 3925.569496 3917.666070 3927.763719 3947.711120 3955.188188 3938.897637 3927.927591 3912.641316 3906.106525 3902.038640 3902.765727 3911.669042 3934.393253 3958.880045 3961.036612 3949.982680 3938.995989 3934.273163 3931.015705 3935.517234 3952.176157 3973.101562 3989.330575 3999.860091 4005.195713 4012.982869 4022.393712 4036.848398 4051.823004 4064.299859 4068.738593
4051.349352 4043.590380 4035.932801 4028.310763 4021.428674 4015.239206 4010.954353 4009.010948 4004.993536 3998.892622 3991.877307 3970.792162 3958.354324 3945.395307 3930.414908 3926.521255 3921.631850 3922.703474 3911.203414 3903.403351 3887.095925 3871.785053 3856.198526 3842.679706 3836.980747 3830.241877 3828.153695 3841.500705 3849.899017 3840.667094 3831.024635 3820.536326 3816.139209 3812.778378 3815.303265 3825.765486 3845.144011 3863.453471 3871.989032 3864.691832 3863.666347 3863.846876 3862.244905 3868.596829 3879.145568 3896.967686 3919.468343 3938.630814 3948.557164 3955.376240 3964.533905 3978.978300 3993.127350 4007.529056 4025.625697
4020.848222 4011.548272 4001.646143 3991.941363 3981.473681 3970.944167 3964.444353 3967.215791 3961.262129 3955.719732 3932.554984 3876.897991 3855.648967 3836.712322 3820.485541 3813.759667 3805.322357 3788.673279 3780.108714 3775.831365 3778.700942 3764.904751 3747.477313 3729.741255 3724.920233 3721.468241 3703.525971 3698.249742 3698.608823 3715.796012 3709.859082 3708.963115 3711.192404 3708.828346 3709.975725 3722.662191 3730.049905 3735.140275 3741.937081 3747.209505 3758.035288 3766.226157 3776.895270 3794.086321 3804.714877 3819.790232 3839.958765 3865.673487 3881.233632 3890.667543 3900.952651 3916.153131 3932.235070 3949.952488 3972.320583
3986.225703 3969.561160 3954.978546 3940.716998 3928.081657 3915.307384 3899.390863 3901.411067 3899.437143 3889.129663 3833.396804 3792.880929 3759.077722 3742.112649 3718.522308 3704.963692 3688.328362 3649.138257 3631.608044 3631.740095 3647.520672 3644.646693 3629.620616 3618.032243 3608.621432 3599.126374 3581.088162 3561.567495 3567.791750 3586.822410 3588.267919 3592.075134 3600.291651 3599.892575 3592.893567 3589.448188 3601.230316 3606.417760 3617.659523 3635.771967 3640.654503 3657.613979 3691.849066 3704.466264 3719.298049 3737.330847 3757.401318 3779.221128 3801.755798 3815.674596 3830.703672 3848.929111 3865.408956 3885.516185 3907.882116
3935.303271 3904.137655 3883.062999 3865.779024 3846.676949 3819.443350 3799.624783 3797.533823 3791.581438 3761.928964 3709.361167 3674.377565 3651.765476 3630.287801 3607.663872 3583.770819 3545.826185 3511.102050 3489.414680 3506.302068 3518.116777 3530.884398 3519.909284 3509.504105 3500.132744 3481.863905 3465.016784 3448.241834 3459.545008 3468.246184 3488.253285 3495.476679 3499.436284 3505.627431 3504.109828 3492.673222 3486.489886 3494.332080 3503.985981 3515.921023 3537.994826 3573.795645 3598.276573 3616.270862 3636.353114 3654.510492 3675.327755 3697.770252 3720.207762 3736.847856 3754.734817 3772.766201 3793.222292 3811.857063 3834.205623
3854.653448 3826.697651 3800.715137 3777.843116 3746.048870 3699.420054 3685.350134 3676.652619 3654.291125 3606.215769 3565.012029 3545.902542 3534.334863 3511.758150 3491.534548 3462.842850 3429.156924 3408.423333 3388.263274 3399.382427 3410.380016 3431.644509 3423.509339 3417.400709 3414.974708 3399.802604 3386.760366 3370.246575 3376.502924 3388.945532 3413.088363 3419.296752 3423.513658 3433.141396 3432.374396 3427.407572 3408.832142 3415.176756 3425.766620 3440.260279 3471.343040 3493.379824 3515.259982 3536.565211 3555.326368 3576.185432 3597.690704 3619.984252 3645.808142 3664.755748 3683.136502 3704.049813 3722.553334 3736.065895 3751.421824
3746.362185 3722.984011 3704.153561 3680.492739 3637.575639 3594.148433 3553.189011 3526.000405 3472.989578 3438.563300 3420.215925 3421.422538 3410.638295 3392.122189 3374.376197 3356.156581 3335.531943 3317.930542 3293.466167 3299.653343 3316.366072 3334.224206 3336.713728 3338.546269 3337.628848 3328.865423 3315.682496 3302.216116 3306.067997 3323.445868 3341.601410 3351.971197 3359.802542 3367.515959 3367.081558 3357.047977 3346.572240 3350.905918 3365.997287 3381.628902 3398.258580 3418.031169 3437.957822 3457.535472 3479.150761 3500.818902 3522.725103 3546.562345 3572.379175 3592.854419 3615.577587 3639.020549 3654.460592 3662.108248 3668.588248
3644.314124 3626.058425 3603.717704 3576.789864 3535.463955 3496.800302 3456.934606 3409.680078 3377.578643 3350.312451 3345.673776 3331.970619 3320.562709 3307.878166 3288.991000 3274.196463 3261.027418 3240.884693 3232.580344 3240.781630 3254.850923 3263.153114 3270.888382 3269.358550 3267.549447 3262.511352 3248.842579 3245.530506 3255.816583 3271.008853 3284.548164 3296.237987 3303.079555 3307.955151 3304.690821 3295.168114 3292.255586 3300.075843 3315.077093 3327.817735 3341.540413 3361.103047 3379.888359 3400.213655 3421.364902 3442.017064 3465.070703 3488.842630 3513.546144 3539.495940 3560.523001 3577.577549 3584.889354 3592.926452 3590.712270
3521.914178 3511.894342 3487.068874 3459.634908 3431.852121 3400.572772 3378.202393 3348.640757 3320.317227 3293.043358 3268.729709 3258.506697 3254.268146 3243.241024 3228.042455 3218.475098 3204.336654 3196.228880 3203.897233 3205.597972 3213.802384 3212.043021 3213.508129 3211.598003 3211.456900 3209.850511 3204.553499 3217.148715 3223.588928 3236.789467 3246.646185 3256.297936 3261.879250 3265.184121 3266.246929 3262.038893 3267.837115 3273.312939 3286.274819 3296.631858 3309.054301 3327.788951 3343.368515 3360.799388 3381.447319 3402.783183 3424.899641 3448.863747 3475.189312 3498.091164 3514.006703 3518.909762 3526.348477 3525.811673 3512.663676
