tests/Borden05m/data_simulated/sim_1/output-maps/psiliqL0023N0016.asc
ncols         160
nrows         34
xllcorner     620200.000000
yllcorner     5168000.000000
cellsize      0.500000
NODATA_value  -9999.0
[rows 0 to 24 of 34, columns 0 to 54 of 160]
-9999.0 -9999.0 -9999.0 -9999.0 -9999.0 -9999.0 -9999.0 -9999.0 -9999.0 -9999.0 -9999.0 -9999.0 -9999.0 -9999.0 -9999.0 -9999.0 -9999.0 -9999.0 -9999.0 -9999.0 -9999.0 -9999.0 -9999.0 -9999.0 -9999.0 -9999.0 -9999.0 -9999.0 -9999.0 -9999.0 -9999.0 -9999.0 -9999.0 -9999.0 -9999.0 -9999.0 -9999.0 -9999.0 -9999.0 -9999.0 -9999.0 -9999.0 -9999.0 -9999.0 -9999.0 -9999.0 -9999.0 -9999.0 -9999.0 -9999.0 -9999.0 -9999.0 -9999.0 -9999.0 -9999.0
-9999.0 -9999.0 -9999.0 -9999.0 -9999.0 -9999.0 -9999.0 -9999.0 -9999.0 -9999.0 -9999.0 -9999.0 -9999.0 -9999.0 -9999.0 -9999.0 -9999.0 -9999.0 -9999.0 -9999.0 -9999.0 -9999.0 -9999.0 -9999.0 -9999.0 -9999.0 -9999.0 -9999.0 -9999.0 -9999.0 -9999.0 -9999.0 -9999.0 -9999.0 -9999.0 -9999.0 -9999.0 -9999.0 -9999.0 -9999.0 -9999.0 -9999.0 -9999.0 -9999.0 -9999.0 -9999.0 -9999.0 -9999.0 -9999.0 -9999.0 -9999.0 -9999.0 -9999.0 -9999.0 -9999.0
-9999.0 -9999.0 -9999.0 -9999.0 -9999.0 -9999.0 -9999.0 -9999.0 -9999.0 -9999.0 -9999.0 -9999.0 -9999.0 -9999.0 -9999.0 -9999.0 -9999.0 -9999.0 -9999.0 -9999.0 -9999.0 -9999.0 -9999.0 -9999.0 -9999.0 -9999.0 -9999.0 -9999.0 -9999.0 -9999.0 -9999.0 -9999.0 -9999.0 -9999.0 -9999.0 -9999.0 -9999.0 -9999.0 -9999.0 -9999.0 -9999.0 -9999.0 -9999.0 -9999.0 -9999.0 -9999.0 -9999.0 2704.586477 2687.648400 2674.171655 2670.477875 2692.366771 2716.075224 2740.466864 2761.566691
-9999.0 -9999.0 -9999.0 -9999.0 -9999.0 -9999.0 -9999.0 -9999.0 -9999.0 -9999.0 -9999.0 -9999.0 -9999.0 -9999.0 -9999.0 -9999.0 -9999.0 -9999.0 -9999.0 -9999.0 -9999.0 -9999.0 -9999.0 -9999.0 -9999.0 -9999.0 -9999.0 -9999.0 -9999.0 -9999.0 -9999.0 -9999.0 -9999.0 -9999.0 -9999.0 -9999.0 -9999.0 -9999.0 -9999.0 -9999.0 2752.890420 2759.031418 2759.452667 2749.899430 2739.045209 2726.070682 2705.903211 2688.702126 2675.581316 2673.994904 2677.006468 2680.733810 2702.363586 2728.212414 2748.659544
-9999.0 -9999.0 -9999.0 -9999.0 -9999.0 -9999.0 -9999.0 -9999.0 -9999.0 -9999.0 -9999.0 -9999.0 -9999.0 -9999.0 -9999.0 -9999.0 -9999.0 -9999.0 -9999.0 -9999.0 -9999.0 -9999.0 -9999.0 -9999.0 -9999.0 -9999.0 -9999.0 -9999.0 -9999.0 -9999.0 -9999.0 -9999.0 -9999.0 -9999.0 2658.874998 2676.176898 2694.546502 2713.554361 2730.952144 2738.342703 2744.329503 2750.074619 2745.955448 2741.953037 2730.801287 2710.618610 2691.703139 2679.107343 2678.372136 2676.478714 2680.752828 2693.142294 2710.393924 2726.237600 2747.417149
-9999.0 -9999.0 -9999.0 -9999.0 -9999.0 -9999.0 -9999.0 -9999.0 -9999.0 -9999.0 -9999.0 -9999.0 -9999.0 -9999.0 -9999.0 -9999.0 -9999.0 -9999.0 -9999.0 -9999.0 -9999.0 -9999.0 -9999.0 -9999.0 -9999.0 -9999.0 -9999.0 -9999.0 2661.822681 2656.225770 2651.873078 2650.896730 2650.062128 2649.593292 2656.598451 2668.310193 2686.030979 2708.564891 2722.325790 2730.085085 2737.365040 2738.261109 2733.046641 2731.800580 2732.785748 2720.809175 2709.157037 2698.284113 2687.726111 2685.502313 2695.137968 2709.970068 2726.781156 2742.007961 2757.821983
-9999.0 -9999.0 -9999.0 -9999.0 -9999.0 -9999.0 -9999.0 -9999.0 -9999.0 -9999.0 -9999.0 -9999.0 -9999.0 -9999.0 -9999.0 -9999.0 -9999.0 -9999.0 -9999.0 -9999.0 -9999.0 -9999.0 -9999.0 2629.844659 2635.268984 2642.286599 2650.476873 2651.980688 2648.941992 2644.022943 2641.860994 2641.059053 2639.536877 2644.660057 2652.405439 2666.006618 2681.928047 2704.705016 2713.594531 2718.809210 2730.887404 2734.950173 2742.902544 2747.407857 2746.100414 2742.790654 2728.926107 2718.386261 2721.725414 2726.714096 2734.143065 2742.949697 2756.828736 2771.399817 2787.483615
-9999.0 -9999.0 -9999.0 -9999.0 -9999.0 -9999.0 -9999.0 -9999.0 -9999.0 -9999.0 -9999.0 -9999.0 -9999.0 -9999.0 -9999.0 -9999.0 -9999.0 -9999.0 -9999.0 2603.784425 2605.144020 2607.050842 2612.354066 2613.222882 2615.566650 2622.960300 2631.622732 2635.040292 2633.541115 2633.101671 2635.130813 2638.414098 2643.569476 2654.826781 2668.875163 2683.392743 2696.944210 2718.152611 2733.095742 2746.167893 2762.085870 2762.858308 2759.753858 2758.620466 2759.154022 2758.280825 2758.428730 2758.822355 2765.543389 2767.690143 2772.372568 2781.925210 2793.257639 2810.454698 2828.775501
-9999.0 -9999.0 -9999.0 -9999.0 -9999.0 -9999.0 -9999.0 -9999.0 -9999.0 -9999.0 -9999.0 -9999.0 -9999.0 -9999.0 -9999.0 -9999.0 2573.905805 2576.032068 2578.842677 2584.791081 2588.832511 2593.332877 2600.783989 2602.661239 2606.761103 2614.489315 2619.687649 2629.518005 2638.453801 2646.191083 2652.649298 2655.693688 2662.939292 2672.720190 2684.678297 2699.255375 2719.981683 2743.739107 2759.784805 2776.871581 2794.508986 2795.593011 2794.557518 2795.516217 2794.817128 2796.756824 2812.078035 2816.276914 2813.022680 2824.787820 2837.553376 2841.274964 2807.831162 2824.890325 2846.669242
-9999.0 -9999.0 -9999.0 -9999.0 -9999.0 -9999.0 -9999.0 -9999.0 -9999.0 -9999.0 -9999.0 -9999.0 -9999.0 2523.818966 2528.175496 2538.744114 2550.237219 2553.689011 2559.056067 2566.191578 2578.913457 2583.115597 2589.665294 2597.475875 2610.770329 2620.103718 2629.628798 2641.984808 2650.645820 2658.186997 2665.237193 2669.295422 2681.665014 2696.424324 2711.567620 2731.312468 2753.435163 2772.541637 2790.677745 2807.174956 2819.783593 2818.823339 2818.529050 2821.249592 2827.013702 2802.209920 2816.791011 2818.651628 2829.654490 2850.055140 2860.448619 2868.210794 2872.491298 2885.503130 2906.160117
-9999.0 -9999.0 -9999.0 -9999.0 -9999.0 -9999.0 -9999.0 -9999.0 -9999.0 -9999.0 2493.916364 2495.926120 2492.751624 2491.166769 2497.316000 2510.188418 2525.158557 2531.568899 2544.111493 2566.001543 2585.081203 2588.819626 2602.964565 2614.344107 2621.909518 2632.567896 2646.058602 2658.798074 2674.966362 2687.213110 2697.108806 2714.599722 2730.763300 2747.352430 2765.078236 2785.649352 2802.053488 2826.976066 2816.281229 2823.581286 2841.056409 2845.279269 2840.927100 2839.049942 2847.559726 2857.483536 2873.084510 2889.871223 2907.475270 2929.395845 2940.876161 2953.489107 2962.369847 2972.690520 2986.999967
-9999.0 -9999.0 -9999.0 -9999.0 -9999.0 -9999.0 -9999.0 -9999.0 2468.347481 2476.576539 2482.581900 2479.815569 2475.830864 2471.010584 2486.047407 2502.202656 2518.733418 2537.545423 2553.840858 2572.653831 2587.405244 2603.103101 2624.479291 2636.435131 2648.112463 2663.926971 2677.768419 2693.769835 2714.889763 2724.428643 2737.514490 2757.774327 2773.754682 2791.291547 2810.109979 2827.343384 2810.539919 2838.743207 2865.791944 2882.780703 2908.279806 2925.381824 2920.425981 2919.336754 2920.964652 2943.946074 2970.172248 2998.213995 2999.553524 3021.861445 3049.196246 3066.661576 3075.471795 3086.178782 3099.540496
-9999.0 -9999.0 -9999.0 -9999.0 -9999.0 -9999.0 2439.227730 2463.844934 2479.413689 2471.390469 2458.800232 2454.548681 2449.505542 2479.049177 2502.002823 2520.026407 2537.489673 2555.727365 2572.625376 2582.799200 2614.923071 2634.941597 2648.573849 2664.194326 2679.697318 2695.152866 2712.620495 2735.250455 2754.381270 2778.126668 2797.492889 2816.479464 2802.955222 2818.236031 2834.755818 2848.797449 2874.618795 2908.099850 2942.158532 2966.955646 2990.839470 3003.842272 3003.782348 3005.747012 3008.033562 3029.892396 3061.879052 3090.427583 3120.744606 3150.659227 3177.398554 3183.467951 3191.822248 3201.324434 3213.307645
-9999.0 -9999.0 -9999.0 -9999.0 2405.856572 2426.880448 2446.209524 2476.760298 2499.303630 2494.811866 2500.351081 2499.531447 2496.461495 2501.895856 2510.529672 2528.789745 2548.577757 2568.680212 2584.616223 2615.598676 2662.988881 2676.572290 2696.945886 2728.201658 2741.215800 2756.823021 2773.727517 2795.808224 2816.336614 2807.135198 2841.248611 2871.608744 2891.518156 2910.034482 2928.789143 2946.332133 2979.533127 2998.100021 3031.648437 3062.478225 3088.725119 3112.564477 3119.959232 3124.872433 3134.548577 3150.499376 3171.698500 3194.029620 3225.634051 3256.738527 3279.682354 3289.140064 3294.472948 3303.658528 3311.421329
-9999.0 -9999.0 -9999.0 2352.734633 2391.864742 2431.244395 2457.567286 2488.355539 2521.100709 2522.886830 2532.274384 2534.218697 2535.552115 2542.674540 2548.292181 2565.860623 2584.363175 2604.012068 2627.595192 2663.620664 2695.870197 2718.566937 2748.816697 2768.647614 2785.307366 2800.522877 2820.328730 2842.494004 2838.310411 2865.618370 2910.808630 2960.924174 2992.890962 2995.728261 3015.717454 3041.646157 3065.288772 3100.710981 3133.587043 3164.584739 3190.153188 3211.713948 3226.323462 3231.002534 3239.752182 3245.643398 3258.572574 3278.633073 3299.996565 3329.279578 3357.450212 3383.658682 3397.878934 3408.073144 3424.292785
-9999.0 -9999.0 2304.494173 2343.649406 2375.893858 2423.861154 2477.254906 2512.632600 2552.980497 2573.925642 2578.881992 2592.055339 2605.615070 2609.617805 2621.578518 2636.857782 2659.058865 2668.963775 2690.049822 2711.609320 2753.388691 2792.155894 2796.817453 2803.762655 2832.321426 2862.599493 2881.432529 2907.295140 2941.614161 2976.248019 3003.278273 3050.489322 3084.219952 3110.787427 3125.538661 3144.235378 3163.871670 3184.158398 3218.440440 3243.938274 3275.478051 3300.063835 3319.422408 3321.368466 3324.139645 3339.469581 3365.780020 3393.698401 3420.498262 3447.169758 3437.316669 3456.634025 3465.256887 3470.069060 3477.634982
-9999.0 -9999.0 2275.154816 2321.369167 2357.656716 2418.321972 2503.398145 2538.987645 2580.399032 2627.212910 2643.489237 2666.892289 2667.307622 2663.615371 2684.439339 2702.741399 2722.671173 2732.004701 2729.725381 2783.611439 2806.506606 2835.926882 2852.694662 2923.678812 2972.925321 2993.810463 2992.011118 3010.239553 3030.040963 3068.226459 3107.210146 3159.169230 3195.787103 3224.232847 3237.981077 3256.198748 3274.711708 3289.264196 3307.596397 3350.904600 3382.351604 3410.710542 3440.264344 3460.610047 3468.316008 3472.463010 3451.272792 3467.370056 3478.308125 3483.026937 3484.843361 3481.153209 3480.532586 3481.295699 3482.226789
-9999.0 2182.803088 2235.303289 2286.659701 2352.457599 2415.783135 2493.411009 2570.295519 2635.107599 2687.082799 2714.744221 2714.736254 2726.587805 2757.914100 2780.807612 2802.134437 2809.121078 2820.140851 2805.937388 2826.086052 2862.298703 2916.430353 3001.742188 3056.603090 3112.535637 3109.299478 3097.976507 3104.114001 3121.232984 3165.100443 3234.785283 3286.441355 3346.536804 3390.867267 3406.254514 3412.629255 3430.053975 3449.658985 3409.226617 3445.511289 3462.051321 3475.877584 3482.894687 3484.801523 3485.866904 3485.669645 3482.085666 3475.243666 3467.196012 3461.448188 3457.281733 3452.779648 3455.208219 3458.519961 3458.894169
-9999.0 2145.173853 2203.188340 2272.560562 2341.188773 2394.214540 2482.959423 2643.697678 2704.906317 2743.977584 2755.755056 2746.042452 2810.219717 2852.410975 2877.937188 2922.267704 2909.560943 2895.810972 2865.516032 2890.688015 2930.906435 2984.891640 3142.975489 3224.884662 3268.142301 3276.028839 3277.787374 3304.507410 3345.249188 3387.610154 3428.191175 3405.257053 3446.974538 3467.336800 3471.597568 3472.195512 3476.771666 3475.543641 3473.790315 3469.486059 3464.430641 3464.574456 3468.982312 3468.803744 3465.905978 3462.635789 3457.005569 3449.579938 3444.314544 3439.698714 3437.023003 3434.150568 3432.308743 3431.812766 3427.176460
-9999.0 2107.542752 2181.507220 2241.305737 2292.592615 2390.165741 2519.631143 2662.449875 2759.047250 2795.392419 2786.643452 2815.087187 2914.816857 3006.804134 3056.431555 3077.103736 3062.500766 3020.873956 3006.222232 3048.330532 3115.078617 3220.472098 3343.236259 3433.577754 3447.275565 3450.120254 3409.829027 3431.513785 3451.611590 3453.970823 3454.909052 3461.346173 3466.305882 3469.105303 3467.583848 3464.703728 3459.939307 3451.842956 3447.011964 3443.431055 3439.730272 3438.729056 3440.851657 3442.480702 3439.740204 3435.881339 3431.417844 3425.837462 3419.639094 3412.953265 3408.767445 3404.621513 3402.537576 3397.262841 3393.637745
-9999.0 1990.114603 2084.577977 2128.902785 2213.676768 2398.842568 2527.872981 2671.341836 2820.812166 2845.047340 2897.102001 3021.637110 3133.926729 3207.905747 3237.762113 3271.471431 3295.528241 3312.032989 3346.616521 3247.953590 3319.811403 3403.572011 3441.324076 3457.690818 3464.789835 3465.105443 3455.635340 3435.229427 3424.577018 3417.830678 3419.435587 3426.661781 3431.489838 3436.400006 3434.137076 3435.039761 3435.834380 3432.539247 3428.634511 3420.076202 3412.310354 3405.866366 3402.979390 3407.797968 3403.113795 3400.585693 3394.516622 3386.310048 3378.179054 3370.861934 3363.074969 3356.581386 3354.314227 3349.290834 3348.143806
-9999.0 1909.238139 1982.897866 2050.012949 2167.649478 2331.773641 2436.453726 2596.893334 2818.511264 2946.696556 3092.029384 3174.836696 3242.134969 3286.908056 3338.330895 3386.414698 3411.053506 3420.972477 3394.761885 3412.646419 3372.455112 3361.757129 3377.994558 3405.655435 3421.285241 3425.098109 3417.015220 3407.457866 3400.224880 3399.101421 3397.135118 3393.698048 3390.160926 3386.914236 3383.773288 3386.456358 3391.541676 3384.740130 3375.549292 3366.505757 3358.314471 3349.367900 3343.567468 3339.268642 3339.301575 3339.502085 3332.017969 3321.695812 3311.093880 3302.976726 3295.807612 3291.175971 3288.679439 3283.890142 3275.105047
-9999.0 1794.408646 1924.404768 2005.089724 2106.215802 2237.124004 2346.935059 2501.914315 2637.336510 2862.286181 2999.217366 3165.776146 3209.474909 3274.008732 3322.682839 3391.776619 3388.309234 3356.991511 3315.969222 3299.419237 3308.206813 3316.553945 3325.324922 3340.477922 3357.575121 3367.237511 3371.288624 3364.795935 3350.718831 3339.033906 3329.030441 3316.346308 3307.543579 3305.384034 3308.557433 3317.789173 3318.738558 3309.536968 3295.845323 3278.491281 3263.390651 3251.975084 3249.794704 3252.248675 3253.134986 3249.301790 3243.385723 3232.899897 3220.533372 3208.506552 3202.588379 3198.177926 3191.131532 3180.713484 3173.305230
-9999.0 -9999.0 1841.139528 1950.144550 2046.969245 2160.636455 2256.191382 2380.457176 2523.478544 2698.039170 2800.762029 2965.541375 3046.072179 3087.703879 3124.264886 3176.175848 3198.377976 3225.339100 3215.325802 3224.154999 3232.283038 3236.950935 3242.607107 3249.201747 3259.895452 3269.382797 3278.700776 3275.953431 3267.018493 3247.402960 3223.197586 3204.427728 3194.400804 3185.782132 3197.129172 3209.325990 3204.509939 3197.735646 3185.600191 3173.570329 3161.142374 3147.148061 3143.680166 3143.755244 3144.289197 3141.935532 3139.100095 3127.706904 3115.526394 3105.347629 3101.135224 3095.582126 3091.741746 3081.956475 3071.640290
-9999.0 -9999.0 1753.656757 1858.717408 1963.639379 2082.146009 2169.913618 2199.106490 2339.339256 2446.494842 2553.729036 2662.968066 2756.618378 2805.667788 2840.045108 2901.336099 2953.338042 2970.729103 2992.988167 3037.482094 3068.563669 3104.058620 3125.123623 3134.089963 3146.488332 3160.299329 3167.868124 3153.528101 3142.375695 3125.573411 3103.743875 3078.202422 3065.194883 3063.977724 3063.873246 3066.350670 3059.307471 3050.331972 3036.105110 3022.197341 3009.975184 3000.576053 2996.956275 2992.035357 2990.074684 2987.450519 2986.489937 2998.263536 2989.794381 2984.461732 2976.257918 2971.941515 2970.530760 2966.545949 2959.999160
