tests/Borden05m/data_simulated/sim_1/output-maps/psiliqL0000N0012.asc
ncols         160
nrows         34
xllcorner     620200.000000
yllcorner     5168000.000000
cellsize      0.500000
NODATA_value  -9999.0
[rows 0 to 24 of 34, columns 56 to 111 of 160]
-9999.0 -9999.0 -9999.0 -9999.0 -9999.0 -9999.0 -9999.0 -9999.0 -9999.0 -9999.0 -9999.0 -9999.0 -9999.0 -9999.0 -9999.0 -9999.0 -9999.0 -9999.0 -9999.0 -9999.0 -9999.0 -9999.0 -9999.0 -9999.0 -9999.0 -9999.0 -9999.0 -9999.0 -9999.0 -9999.0 -9999.0 -9999.0 -9999.0 -9999.0 -9999.0 -9999.0 -9999.0 -9999.0 -9999.0 -9999.0 -9999.0 -9999.0 -9999.0 -9999.0 -9999.0 -9999.0 -9999.0 -9999.0 -9999.0 -9999.0 -9999.0 -9999.0 -9999.0 -9999.0 -9999.0 -9999.0
-9999.0 -9999.0 -9999.0 -568.752767 -569.805662 -570.507243 -570.865224 -572.322727 -573.417221 -574.748101 -574.915334 -574.730543 -574.978949 -575.553291 -574.850564 -573.957797 -573.208617 -572.112634 -572.381799 -572.274770 -571.847432 -571.729146 -571.917485 -572.420237 -572.727300 -573.098222 -572.490498 -574.036613 -576.044720 -577.581072 -577.878905 -576.521462 -575.740424 -575.931415 -575.225222 -573.659881 -572.351290 -571.992257 -570.410134 -570.774672 -570.157263 -569.054637 -569.920743 -570.085031 -569.889671 -569.473704 -571.776358 -9999.0 -9999.0 -9999.0 -9999.0 -9999.0 -9999.0 -9999.0 -9999.0 -9999.0
-572.984119 -570.019687 -570.285247 -574.800147 -575.177225 -575.222242 -574.971375 -575.557502 -577.152980 -577.505774 -578.701524 -579.218111 -579.359630 -579.862733 -579.511850 -577.540849 -576.153969 -575.791186 -576.138925 -576.329659 -576.782582 -577.097456 -576.987896 -577.466511 -577.897544 -578.359992 -578.188450 -576.880985 -578.354877 -579.073668 -579.801554 -580.599137 -580.320379 -580.094051 -580.031576 -578.183689 -577.529053 -577.108023 -574.640569 -572.334255 -571.766109 -572.747349 -573.778064 -573.445214 -573.447146 -574.333616 -575.183460 -575.066152 -575.454373 -575.593839 -576.467732 -575.109636 -575.200165 -573.715032 -572.491382 -571.064926
-577.018715 -573.584069 -573.867749 -577.232956 -579.222393 -579.795411 -579.336090 -577.888454 -578.418583 -579.588470 -581.384346 -579.395433 -579.693099 -579.897101 -579.560016 -578.909430 -578.676459 -578.384724 -577.960855 -576.197137 -576.374773 -576.544792 -576.448477 -576.748168 -577.308029 -577.230956 -577.521013 -579.020891 -578.757941 -578.378036 -578.714175 -577.231468 -577.165025 -576.307820 -578.949852 -578.551934 -577.979748 -577.607119 -577.368340 -577.062962 -576.563951 -577.713695 -576.858171 -577.694008 -579.621180 -579.996811 -579.717728 -577.980895 -577.074587 -578.042988 -581.630874 -579.742927 -575.767779 -576.142633 -576.846702 -574.966039
-579.303746 -578.681567 -579.189738 -580.577969 -579.181331 -578.055230 -577.341144 -577.976542 -579.271066 -580.847386 -577.647561 -576.386172 -577.150695 -576.803388 -575.879838 -575.837654 -579.849908 -580.899972 -579.394409 -577.830073 -577.190413 -577.947094 -578.309783 -578.989003 -578.963388 -578.514934 -578.924483 -578.290621 -577.766710 -578.476776 -577.481375 -576.349815 -575.230675 -577.735667 -579.979060 -579.850447 -578.003548 -576.694943 -576.078497 -574.194779 -571.161633 -571.689174 -572.340947 -572.570785 -572.771711 -576.238187 -579.410210 -580.634987 -581.147887 -582.067992 -581.279149 -581.965361 -578.796140 -579.077530 -579.626538 -578.138714
-582.236013 -578.406880 -577.502450 -579.679952 -580.825158 -581.321928 -580.968413 -581.408738 -581.376508 -578.577554 -577.135827 -574.565795 -575.623870 -575.574131 -575.676050 -578.363996 -580.357982 -581.748206 -577.671907 -574.462061 -573.463467 -574.403670 -575.185275 -572.220652 -573.100653 -573.459558 -575.214853 -574.592472 -574.901475 -571.811514 -570.675443 -569.060621 -569.702579 -572.748556 -575.289791 -575.415694 -575.173584 -575.550896 -574.890487 -573.021734 -570.605549 -572.438176 -573.162507 -572.843141 -578.094417 -582.118000 -583.410429 -580.373082 -578.628553 -578.895110 -578.572650 -578.392728 -580.527772 -580.000843 -579.760495 -580.796721
-574.687660 -572.620412 -568.966920 -571.525889 -573.258249 -576.394248 -576.033350 -575.681672 -574.672402 -573.279676 -570.552016 -565.112402 -566.367016 -566.062504 -564.185279 -567.192657 -569.959711 -574.224053 -569.532969 -568.559264 -567.078713 -567.376760 -563.724006 -560.442615 -562.467157 -565.205658 -568.479257 -566.508495 -562.196593 -558.180438 -557.310881 -556.891644 -556.110971 -558.996334 -559.686955 -560.284376 -559.990640 -561.990676 -561.979606 -558.977314 -553.690430 -553.070311 -555.605570 -560.532490 -567.923909 -574.534477 -578.048327 -573.748342 -574.967074 -575.490732 -574.725390 -577.302705 -578.761485 -576.448614 -578.422555 -579.953211
-573.052648 -571.038759 -566.898171 -568.732495 -572.009316 -575.478763 -575.407313 -573.332606 -572.390647 -568.426574 -562.732452 -556.068559 -552.235452 -548.549525 -544.379236 -547.609222 -550.995730 -554.856682 -554.212013 -549.717437 -545.162373 -539.410562 -532.628809 -525.057950 -526.736209 -530.373210 -530.594864 -529.041813 -521.276098 -513.695168 -510.400471 -508.118958 -503.504481 -506.400893 -511.768651 -517.719383 -523.479672 -528.400555 -532.300854 -525.909782 -518.668937 -520.113691 -533.721529 -544.358079 -554.617220 -563.625104 -572.926188 -572.764990 -571.052082 -569.464262 -572.770305 -574.245368 -577.182410 -577.726948 -577.317731 -580.588930
-553.997048 -548.757414 -542.405296 -539.482130 -545.626859 -546.426080 -544.233288 -539.604236 -537.866238 -532.212309 -515.302558 -484.316317 -446.861094 -419.522308 -415.170863 -422.916921 -435.190983 -455.543820 -466.669495 -450.420745 -432.217314 -417.873319 -409.932197 -403.985177 -399.696029 -399.934061 -399.861678 -398.757764 -397.572563 -394.924327 -391.488287 -387.837511 -383.441284 -381.789703 -386.988392 -392.024936 -397.362066 -402.217317 -403.375446 -405.011851 -402.228675 -402.645747 -413.511938 -437.279483 -477.877389 -510.539110 -529.332220 -542.161066 -542.277811 -547.666478 -551.891218 -556.589096 -566.627251 -569.251457 -570.642005 -578.536830
-511.149156 -485.305604 -462.790097 -440.264069 -436.434044 -431.716896 -427.532268 -421.077954 -415.566441 -411.522319 -395.113082 -372.175966 -346.342915 -324.084285 -315.632002 -323.597134 -332.784964 -343.212931 -351.751521 -350.966156 -339.697919 -326.149513 -313.385452 -305.275706 -302.372247 -303.782419 -303.624959 -302.939398 -300.621284 -299.372406 -296.311937 -291.071552 -282.069626 -270.385530 -272.401254 -286.469888 -297.637571 -310.935229 -316.910685 -320.094192 -325.277128 -325.997775 -326.216551 -345.778407 -367.099714 -388.793381 -407.306434 -421.888082 -450.771161 -479.385333 -499.062952 -524.945750 -543.662133 -556.992523 -565.662949 -573.587790
-397.283439 -378.409842 -358.144430 -344.696702 -338.601028 -335.298893 -331.684412 -325.617117 -320.361104 -313.537729 -299.193186 -269.509212 -235.135775 -202.737720 -195.772898 -202.701157 -212.428884 -223.540950 -231.299628 -233.098498 -229.662433 -221.644863 -210.841116 -199.333259 -190.177966 -189.559567 -186.953140 -189.490086 -187.827146 -184.510515 -184.535160 -179.514424 -171.290048 -162.477127 -160.774144 -170.813536 -183.373924 -200.069341 -211.102147 -224.621991 -233.164985 -235.372284 -235.573655 -236.397035 -254.996127 -283.643572 -319.655149 -343.882871 -363.250649 -375.081790 -386.110535 -394.462667 -414.807429 -432.376623 -474.372989 -509.524624
-314.267221 -291.058316 -265.110626 -245.447253 -232.870365 -226.433039 -219.123551 -211.628960 -204.747048 -192.986296 -180.359140 -163.684838 -132.784458 -70.063871 -52.699551 -53.973058 -63.398650 -76.844273 -79.369063 -79.188177 -106.696954 -74.758333 -98.999572 -58.647109 -78.797299 -74.042638 -40.651879 -75.582555 -73.666379 -40.807384 -41.266988 -40.977365 -39.662529 -34.694465 -32.384413 -63.804907 -47.131019 -63.839331 -80.848526 -126.511961 -137.431523 -142.898124 -144.644899 -147.506550 -156.645080 -180.122002 -215.544359 -249.604884 -274.186964 -291.297480 -303.301500 -311.180106 -317.092513 -329.478025 -352.135678 -380.771238
-215.004681 -195.052165 -173.530272 -147.261161 -126.296635 -104.487837 -73.282113 -68.927397 -58.986925 -44.699056 -59.970436 -50.357228 -9.842706 7.072244 16.031862 21.183330 22.436647 23.393007 24.930923 25.307449 25.041233 25.909393 26.363090 26.112346 28.798820 28.707754 29.083454 28.580763 29.449015 28.891558 29.590724 28.930775 27.464921 27.422047 27.002092 27.256200 24.836720 17.619743 3.688004 -7.106227 -13.767763 -20.447128 -28.640339 -37.248635 -45.510010 -57.714334 -115.997700 -152.217044 -184.232653 -202.971062 -211.842280 -217.443301 -221.996841 -234.724754 -253.486888 -277.349850
-73.817159 -61.656237 -72.198893 -25.525228 -10.408178 0.185627 5.820275 9.444267 19.222324 28.781061 30.279688 30.940239 30.531897 30.692023 30.688348 30.248174 30.546399 28.144867 28.626432 27.172991 22.394796 13.905148 15.056919 16.310276 18.496746 21.819346 20.143113 21.033545 23.412197 22.414299 17.379685 14.196545 12.509623 12.649707 19.194133 21.629470 22.419525 22.803052 22.430193 22.229375 22.192439 22.153800 21.967791 21.952633 17.122414 9.498466 -8.825222 -34.590613 -62.057611 -113.578974 -126.932569 -127.323249 -131.238450 -137.692694 -157.253915 -186.859662
11.924219 21.908446 31.957333 31.474508 31.950551 31.506822 33.025220 34.029171 34.122558 30.208240 27.522545 22.984083 22.290350 21.014020 18.863977 19.621399 17.804223 14.308569 11.550631 6.372690 -3.928343 -15.318974 -17.351396 -12.363635 -8.263502 -4.323948 -2.210740 1.617853 3.131361 0.027111 -8.805646 -15.533630 -17.579581 -11.714572 -6.633302 -2.196963 0.010139 -3.150179 -5.104150 -4.483855 -6.359520 -5.622657 0.506343 11.773736 19.285812 19.133942 19.069460 18.905298 18.881512 -1.263012 -19.409621 -16.959491 -20.587384 -30.692757 -52.189023 -106.671964
25.224583 25.479147 22.918585 17.896287 12.785198 12.100755 15.892552 22.277377 23.470225 17.526243 10.437357 4.335413 -2.227668 -4.296688 -5.844874 -5.992597 -6.388513 -11.392884 -17.581190 -30.962220 -77.553456 -94.702346 -102.547621 -103.684306 -97.159336 -86.914402 -73.942134 -36.715218 -39.246148 -73.325796 -93.808024 -104.046308 -104.895584 -102.512921 -94.765170 -82.857796 -75.517086 -80.019237 -84.400002 -86.748307 -90.231392 -86.581155 -54.690706 -31.321571 -18.222971 -6.993626 0.211404 6.203746 11.538447 18.444961 18.386455 18.328128 18.240332 14.188977 1.978002 -15.320730
11.891822 6.302233 1.869236 -5.104059 -10.794014 -12.038955 -9.205853 -5.512281 -7.188920 -13.676864 -22.886468 -33.270335 -76.854792 -88.108236 -89.517904 -88.671706 -88.789230 -94.802019 -108.746389 -126.953178 -145.790827 -161.924001 -166.772928 -170.847581 -171.825069 -159.853230 -142.456666 -131.854157 -142.248751 -154.998609 -170.895455 -179.877472 -182.975871 -181.699056 -173.132558 -156.282781 -140.763490 -141.095818 -149.660861 -157.263974 -160.359639 -159.461181 -146.625727 -124.970406 -104.638081 -87.651450 -59.001723 -39.944139 -32.082832 -23.410367 -13.554306 -2.498216 6.840748 17.163201 17.449091 17.373728
-11.592137 -18.884215 -28.264815 -65.746065 -77.269942 -83.266276 -86.454289 -88.706808 -94.096018 -100.478313 -110.127693 -122.995948 -139.475502 -154.679062 -159.052521 -161.634729 -160.167933 -171.159310 -182.863166 -202.544113 -218.241187 -233.111336 -240.477752 -245.190243 -249.213544 -240.548959 -223.724529 -213.433737 -227.993260 -238.358908 -252.293304 -259.393829 -262.723202 -261.925970 -253.574573 -232.474068 -215.690977 -211.022558 -219.271556 -226.266887 -229.016820 -228.383581 -221.698372 -204.557780 -183.647208 -162.995144 -145.718786 -134.082700 -125.140088 -114.290467 -99.120601 -80.966796 -37.633660 -22.256798 -5.908900 6.457643
-81.986093 -93.683196 -105.438821 -121.291890 -134.454635 -141.672197 -142.193709 -149.235655 -155.275145 -164.280877 -202.251385 -216.643867 -233.090310 -246.808553 -251.704475 -258.669646 -261.928387 -271.107055 -278.058818 -288.775072 -302.070849 -315.113822 -325.799076 -328.467813 -330.889052 -333.006595 -324.031802 -320.209650 -323.249107 -329.283344 -335.762467 -339.270358 -341.301840 -338.312935 -328.404833 -318.719030 -309.554881 -305.999912 -311.533940 -307.725436 -302.939230 -302.855101 -289.415136 -276.473785 -259.983322 -239.922298 -218.723568 -207.339911 -198.243946 -187.349193 -171.485030 -152.945836 -131.068777 -106.779807 -78.947246 -33.685842
-134.928482 -148.877608 -163.361481 -177.059665 -190.039854 -201.657143 -201.820459 -205.774125 -211.289511 -239.818201 -277.028148 -302.713016 -316.416821 -331.661918 -338.729699 -346.348180 -363.987262 -374.488129 -380.444548 -379.583239 -387.086060 -396.850199 -404.180757 -406.948904 -408.631421 -413.311134 -414.949939 -413.069347 -408.646340 -412.947247 -415.890542 -415.095749 -416.615892 -416.892139 -411.397314 -404.201037 -400.282952 -396.177503 -392.177209 -389.643464 -385.162651 -367.911666 -356.207200 -345.399494 -330.725517 -313.738595 -294.915889 -279.179988 -268.693543 -256.463476 -239.156097 -223.048923 -201.984661 -177.832713 -148.600151 -125.711216
-199.750272 -216.883636 -231.474714 -245.949460 -260.609491 -279.561389 -281.798254 -288.226986 -297.241607 -328.875322 -359.271293 -383.259725 -396.610011 -409.111800 -417.726929 -439.977192 -478.634126 -497.977517 -498.039860 -493.633413 -498.992230 -511.242413 -520.268035 -525.922058 -531.228024 -538.133173 -541.955038 -538.288721 -534.400597 -535.012764 -535.551636 -534.319215 -534.626149 -534.950448 -534.127420 -526.672041 -521.444751 -515.681510 -510.737228 -506.581127 -484.134858 -451.958122 -426.725388 -409.849195 -397.504235 -381.683694 -362.751048 -347.349384 -336.656640 -322.874620 -307.369242 -290.252079 -271.629992 -248.177540 -220.010550 -197.025008
-261.975475 -284.243104 -301.808737 -319.201604 -344.173840 -355.893562 -363.724660 -370.453806 -389.100077 -411.586025 -443.964524 -487.627535 -510.164944 -524.724295 -536.013250 -546.718045 -555.089973 -559.957223 -556.802604 -555.213822 -552.435329 -556.934716 -560.448143 -561.226761 -564.323268 -567.030727 -570.665005 -567.708037 -566.478563 -563.105487 -563.557626 -563.536803 -562.006321 -562.793042 -562.984012 -565.099491 -562.592177 -561.231492 -559.610033 -553.224915 -546.705642 -539.141011 -531.115225 -519.753269 -502.823291 -473.671695 -433.969671 -409.621995 -396.865677 -383.101382 -366.018737 -351.018604 -336.778133 -319.190255 -296.727537 -275.997966
-339.749520 -355.237582 -372.496911 -394.386297 -418.735346 -448.356233 -463.770367 -493.422709 -515.187240 -537.102871 -548.207209 -553.634841 -558.905735 -562.645031 -565.418143 -569.941521 -572.983600 -577.697816 -575.803441 -573.292152 -569.594756 -572.731306 -573.168816 -572.467791 -574.217552 -576.037189 -579.104297 -578.632356 -576.219927 -573.312249 -573.555732 -573.016237 -571.317363 -571.267821 -572.598216 -575.359729 -574.719492 -573.042936 -571.450982 -568.114217 -564.978119 -561.795547 -558.933169 -554.572727 -549.018917 -542.315487 -531.976765 -516.292532 -500.560303 -470.054284 -429.183164 -408.115842 -398.639101 -387.195165 -367.236719 -351.307401
-406.927733 -421.941106 -455.847224 -502.121446 -529.302537 -547.014290 -555.180582 -561.787829 -567.592456 -569.723295 -571.708766 -573.886934 -575.636802 -577.498624 -579.175321 -580.514987 -582.722420 -587.380785 -585.427060 -582.773506 -579.714515 -579.642836 -579.952433 -579.660420 -580.330758 -582.384593 -586.146981 -584.592918 -582.383574 -580.388167 -579.824298 -579.481296 -578.213358 -579.134805 -581.014236 -583.766962 -582.642993 -580.630372 -579.578755 -578.217745 -576.155737 -573.941552 -571.731786 -569.088226 -566.338480 -562.450429 -557.827469 -552.182918 -545.520490 -537.234425 -524.835389 -515.106657 -502.553575 -485.923396 -453.607582 -422.460166
-520.737249 -533.937325 -544.033178 -553.207796 -562.293718 -566.640120 -570.304429 -573.309754 -576.422302 -578.247960 -579.679708 -578.757386 -579.356233 -581.412399 -581.193900 -582.229705 -585.964159 -584.590679 -583.502834 -580.444396 -581.023267 -581.200054 -581.923246 -581.409190 -581.882032 -585.539672 -583.707597 -582.937890 -580.855439 -580.538753 -580.142694 -579.834460 -579.466382 -579.906365 -582.505374 -581.979168 -581.324331 -579.439254 -579.472898 -578.778450 -576.639615 -576.102244 -574.860089 -573.029969 -571.057131 -568.636293 -565.595342 -561.171720 -556.470762 -551.770244 -550.264938 -546.789551 -543.657790 -545.962095 -539.018306 -530.484582
