tests/Borden05m/data_simulated/sim_1/output-maps/psiliqL0020N0003.asc
ncols         160
nrows         34
xllcorner     620200.000000
yllcorner     5168000.000000
cellsize      0.500000
NODATA_value  -9999.0
[rows 0 to 24 of 34, columns 0 to 54 of 160]
-9999.0 -9999.0 -9999.0 -9999.0 -9999.0 -9999.0 -9999.0 -9999.0 -9999.0 -9999.0 -9999.0 -9999.0 -9999.0 -9999.0 -9999.0 -9999.0 -9999.0 -9999.0 -9999.0 -9999.0 -9999.0 -9999.0 -9999.0 -9999.0 -9999.0 -9999.0 -9999.0 -9999.0 -9999.0 -9999.0 -9999.0 -9999.0 -9999.0 -9999.0 -9999.0 -9999.0 -9999.0 -9999.0 -9999.0 -9999.0 -9999.0 -9999.0 -9999.0 -9999.0 -9999.0 -9999.0 -9999.0 -9999.0 -9999.0 -9999.0 -9999.0 -9999.0 -9999.0 -9999.0 -9999.0
-9999.0 -9999.0 -9999.0 -9999.0 -9999.0 -9999.0 -9999.0 -9999.0 -9999.0 -9999.0 -9999.0 -9999.0 -9999.0 -9999.0 -9999.0 -9999.0 -9999.0 -9999.0 -9999.0 -9999.0 -9999.0 -9999.0 -9999.0 -9999.0 -9999.0 -9999.0 -9999.0 -9999.0 -9999.0 -9999.0 -9999.0 -9999.0 -9999.0 -9999.0 -9999.0 -9999.0 -9999.0 -9999.0 -9999.0 -9999.0 -9999.0 -9999.0 -9999.0 -9999.0 -9999.0 -9999.0 -9999.0 -9999.0 -9999.0 -9999.0 -9999.0 -9999.0 -9999.0 -9999.0 -9999.0
-9999.0 -9999.0 -9999.0 -9999.0 -9999.0 -9999.0 -9999.0 -9999.0 -9999.0 -9999.0 -9999.0 -9999.0 -9999.0 -9999.0 -9999.0 -9999.0 -9999.0 -9999.0 -9999.0 -9999.0 -9999.0 -9999.0 -9999.0 -9999.0 -9999.0 -9999.0 -9999.0 -9999.0 -9999.0 -9999.0 -9999.0 -9999.0 -9999.0 -9999.0 -9999.0 -9999.0 -9999.0 -9999.0 -9999.0 -9999.0 -9999.0 -9999.0 -9999.0 -9999.0 -9999.0 -9999.0 -9999.0 2093.478574 2076.410872 2062.224514 2058.875279 2080.846867 2104.334167 2128.408864 2149.212177
-9999.0 -9999.0 -9999.0 -9999.0 -9999.0 -9999.0 -9999.0 -9999.0 -9999.0 -9999.0 -9999.0 -9999.0 -9999.0 -9999.0 -9999.0 -9999.0 -9999.0 -9999.0 -9999.0 -9999.0 -9999.0 -9999.0 -9999.0 -9999.0 -9999.0 -9999.0 -9999.0 -9999.0 -9999.0 -9999.0 -9999.0 -9999.0 -9999.0 -9999.0 -9999.0 -9999.0 -9999.0 -9999.0 -9999.0 -9999.0 2141.654544 2147.710708 2148.350041 2138.504163 2127.536529 2114.793545 2094.685021 2077.335425 2063.682379 2061.779415 2064.624778 2068.667422 2090.462241 2115.820038 2135.895426
-9999.0 -9999.0 -9999.0 -9999.0 -9999.0 -9999.0 -9999.0 -9999.0 -9999.0 -9999.0 -9999.0 -9999.0 -9999.0 -9999.0 -9999.0 -9999.0 -9999.0 -9999.0 -9999.0 -9999.0 -9999.0 -9999.0 -9999.0 -9999.0 -9999.0 -9999.0 -9999.0 -9999.0 -9999.0 -9999.0 -9999.0 -9999.0 -9999.0 -9999.0 2048.560291 2065.830903 2084.018469 2102.745271 2119.855576 2126.998567 2132.919516 2138.643614 2134.517046 2130.317989 2119.115944 2099.268642 2080.190184 2067.238533 2066.079350 2063.989296 2068.219503 2080.670295 2097.676654 2113.503670 2134.480180
-9999.0 -9999.0 -9999.0 -9999.0 -9999.0 -9999.0 -9999.0 -9999.0 -9999.0 -9999.0 -9999.0 -9999.0 -9999.0 -9999.0 -9999.0 -9999.0 -9999.0 -9999.0 -9999.0 -9999.0 -9999.0 -9999.0 -9999.0 -9999.0 -9999.0 -9999.0 -9999.0 -9999.0 2052.741218 2046.960078 2042.270727 2040.997537 2039.877317 2039.074892 2045.909236 2057.618885 2075.326545 2097.499367 2110.934570 2118.472989 2125.529621 2126.366543 2121.212957 2119.753294 2120.563582 2108.665470 2097.038709 2086.176525 2075.636325 2073.607509 2083.181229 2097.732709 2114.284669 2129.300703 2144.900638
-9999.0 -9999.0 -9999.0 -9999.0 -9999.0 -9999.0 -9999.0 -9999.0 -9999.0 -9999.0 -9999.0 -9999.0 -9999.0 -9999.0 -9999.0 -9999.0 -9999.0 -9999.0 -9999.0 -9999.0 -9999.0 -9999.0 -9999.0 2022.293511 2027.727025 2034.445020 2042.240391 2043.387044 2039.856903 2034.584808 2032.010108 2030.845182 2029.116459 2033.895638 2041.608141 2055.074784 2070.848380 2093.240403 2101.958514 2107.390214 2119.487896 2123.137421 2130.414461 2134.824661 2133.446273 2130.339731 2116.949874 2106.834814 2110.719832 2115.977360 2123.188050 2131.715677 2145.471273 2160.240453 2176.712771
-9999.0 -9999.0 -9999.0 -9999.0 -9999.0 -9999.0 -9999.0 -9999.0 -9999.0 -9999.0 -9999.0 -9999.0 -9999.0 -9999.0 -9999.0 -9999.0 -9999.0 -9999.0 -9999.0 1997.183476 1998.311699 1999.860643 2004.823591 2005.512471 2007.638167 2014.735148 2023.056395 2025.955770 2024.207370 2023.287451 2024.995813 2027.937269 2032.684242 2043.803160 2057.636737 2071.921206 2085.463934 2106.481164 2121.308970 2134.509956 2150.446704 2150.784488 2147.448783 2146.183970 2146.832981 2146.508832 2148.050184 2149.273578 2155.899890 2158.910083 2164.165598 2173.764603 2185.845688 2203.487488 2222.411804
-9999.0 -9999.0 -9999.0 -9999.0 -9999.0 -9999.0 -9999.0 -9999.0 -9999.0 -9999.0 -9999.0 -9999.0 -9999.0 -9999.0 -9999.0 -9999.0 1968.024540 1969.986747 1972.482348 1978.088251 1981.605040 1985.801872 1992.984272 1994.576995 1998.395761 2005.745966 2010.651671 2019.951819 2028.405126 2035.820628 2041.942797 2044.703731 2051.860900 2061.448173 2073.247776 2087.933057 2108.823164 2132.311695 2148.470218 2165.490558 2182.986913 2184.003228 2183.088302 2184.291351 2184.280934 2188.555387 2204.886333 2209.792072 2208.152835 2221.583094 2234.888418 2239.353349 2247.427245 2267.360372 2290.634444
-9999.0 -9999.0 -9999.0 -9999.0 -9999.0 -9999.0 -9999.0 -9999.0 -9999.0 -9999.0 -9999.0 -9999.0 -9999.0 1919.572149 1923.814187 1933.965977 1944.588360 1947.629023 1952.517270 1959.155426 1971.568009 1975.451563 1981.800635 1989.431586 2001.979667 2010.860300 2020.058000 2032.031721 2040.405259 2047.646596 2054.504852 2058.919584 2071.436178 2086.215736 2101.444698 2121.271822 2143.379707 2163.053326 2182.619918 2199.067084 2212.186588 2212.392170 2212.120778 2215.055513 2221.992554 2238.036370 2256.458971 2261.868334 2276.342713 2298.679372 2311.157719 2321.330831 2329.502475 2343.794039 2365.632601
-9999.0 -9999.0 -9999.0 -9999.0 -9999.0 -9999.0 -9999.0 -9999.0 -9999.0 -9999.0 1888.829708 1890.925066 1887.632820 1886.447456 1892.183550 1904.724363 1919.171209 1925.537679 1937.636905 1959.073732 1977.596679 1981.168529 1995.432419 2005.998760 2013.040087 2023.434279 2036.592877 2049.147501 2065.337243 2077.491518 2087.807568 2105.870451 2122.112842 2138.635214 2156.352547 2176.915623 2195.197828 2221.706780 2248.384896 2259.864640 2280.156777 2287.880971 2285.356671 2285.565518 2295.732318 2310.506115 2329.597646 2350.068869 2370.886600 2395.402291 2410.226678 2424.595279 2435.422662 2447.779722 2464.400152
-9999.0 -9999.0 -9999.0 -9999.0 -9999.0 -9999.0 -9999.0 -9999.0 1863.719702 1871.612334 1877.626408 1874.764105 1870.582484 1866.044780 1880.585462 1896.576943 1912.872526 1931.182618 1947.293475 1965.832297 1980.755881 1996.579388 2016.928865 2028.519922 2039.967369 2055.400345 2068.985258 2085.193255 2106.224063 2116.806205 2131.071043 2151.745754 2169.257976 2187.106984 2206.040175 2223.982400 2248.338645 2280.907797 2312.182605 2332.630686 2360.380931 2381.423840 2379.649961 2381.599722 2386.035506 2411.808053 2440.864263 2471.868077 2496.397021 2523.423645 2553.352216 2572.142688 2583.259478 2596.466547 2612.452208
-9999.0 -9999.0 -9999.0 -9999.0 -9999.0 -9999.0 1835.451362 1859.896144 1875.219645 1867.206250 1855.532777 1851.480845 1846.784778 1874.168626 1896.764783 1914.505844 1931.754357 1949.756903 1966.548230 1977.788841 2010.024637 2029.030780 2042.665525 2058.917547 2073.895795 2088.862997 2106.147808 2128.900289 2149.013302 2175.385390 2197.083536 2218.087621 2243.990516 2263.372427 2282.177613 2299.235655 2329.699870 2366.516460 2403.169604 2431.063734 2458.184725 2491.591875 2497.383347 2503.309927 2509.868149 2533.888291 2567.968552 2598.938681 2633.649541 2666.839126 2695.971855 2711.085649 2722.723860 2734.949855 2749.465008
-9999.0 -9999.0 -9999.0 -9999.0 1802.240180 1823.175413 1842.676218 1873.206855 1895.700842 1891.003994 1896.941491 1896.491889 1893.922427 1898.862384 1906.998787 1925.262601 1944.684329 1964.422571 1981.170204 2013.075695 2059.012899 2073.044829 2094.588657 2125.943654 2139.043754 2154.393147 2170.954562 2193.395661 2216.936062 2248.364441 2288.316357 2322.502736 2347.165523 2369.336186 2390.782754 2411.739821 2447.538758 2487.021704 2525.020518 2559.476888 2589.052662 2616.991916 2629.163352 2638.013343 2651.279330 2670.103646 2694.108726 2725.871572 2760.585281 2794.614423 2820.411800 2831.997674 2840.101317 2851.697273 2862.217020
-9999.0 -9999.0 -9999.0 1750.497977 1789.426156 1828.178703 1854.661356 1885.415064 1917.887219 1920.686204 1929.972081 1933.099278 1935.868029 1943.690397 1950.543949 1968.123596 1985.958561 2004.442726 2027.052898 2063.080802 2096.088693 2121.042152 2151.763709 2174.396659 2192.455086 2207.859561 2227.206977 2250.297943 2289.640283 2324.560114 2373.484165 2426.284076 2462.076941 2486.633837 2510.909042 2540.096382 2566.871685 2605.671379 2642.153710 2676.898410 2712.457736 2738.779046 2757.996073 2766.755756 2778.728263 2788.382630 2804.978693 2826.899666 2850.918028 2882.440565 2912.667046 2799.391170 2812.112900 2821.865783 2837.620862
-9999.0 -9999.0 1702.661887 1741.312217 1774.165747 1822.825560 1875.943834 1910.878234 1951.378418 1973.385567 1979.117933 1993.941242 2008.384956 2013.791240 2027.307328 2043.503296 2064.268731 2073.150298 2092.662949 2117.338536 2162.141528 2203.093110 2213.736015 2260.225087 2293.320292 2324.384437 2344.849701 2372.733912 2410.453892 2449.733207 2498.299779 2549.506018 2587.110963 2618.684826 2637.193281 2659.215985 2683.076738 2713.006530 2750.975233 2780.705809 2814.066429 2842.145390 2865.326648 2871.906382 2878.270921 2896.394911 2924.261543 2810.052879 2834.583888 2859.806199 2854.438213 2869.829701 2877.174420 2881.306529 2887.726307
-9999.0 -9999.0 1674.240608 1719.945031 1757.591575 1820.177493 1903.190985 1939.264487 1981.244109 2027.555234 2044.796213 2068.841534 2073.768914 2075.349239 2097.589755 2117.800775 2135.338786 2143.987617 2142.620036 2197.754361 2254.724834 2294.468456 2324.205845 2396.706237 2446.756636 2468.790805 2486.099053 2508.598349 2532.640873 2574.711859 2619.532719 2674.527701 2721.138375 2752.439582 2770.239251 2791.792799 2814.272793 2833.841538 2855.786912 2900.380804 2798.683573 2824.594935 2852.654893 2872.494185 2880.064259 2883.728117 2866.155855 2878.785956 2888.094982 2892.181746 2893.759775 2890.250185 2889.664724 2890.435399 2891.410081
-9999.0 1583.150191 1635.491996 1687.432186 1754.239177 1818.810683 1898.269339 1976.162608 2037.879224 2088.124999 2116.534350 2121.415555 2142.829791 2179.099948 2203.964183 2227.996672 2234.272031 2243.721338 2231.816703 2284.264223 2329.630290 2393.745575 2500.422025 2559.170205 2614.290135 2616.433497 2611.485695 2622.940226 2644.857676 2689.669393 2765.708559 2819.410613 2880.281003 2806.488651 2820.078476 2825.875073 2842.597375 2861.584073 2830.501327 2861.449024 2874.555297 2886.300456 2891.575011 2893.305362 2894.322555 2894.277418 2890.902926 2884.330262 2876.500294 2870.928573 2866.895257 2862.450062 2864.907050 2868.218927 2868.753591
-9999.0 1546.265470 1604.749947 1674.782287 1744.139877 1802.351063 1896.190540 2050.134611 2108.422290 2146.925017 2163.135267 2165.909406 2236.242491 2301.817837 2334.249484 2381.620694 2374.597061 2364.920222 2343.471233 2374.970352 2421.234606 2495.729668 2652.321806 2741.779818 2784.043051 2797.225286 2804.703393 2834.574815 2876.328774 2803.743141 2839.985951 2824.414631 2859.980119 2876.436970 2880.205101 2880.889806 2884.893570 2884.023901 2882.150719 2878.111860 2873.278761 2873.520041 2877.846883 2877.740419 2874.988890 2871.903924 2866.416058 2859.053899 2853.784651 2849.225375 2846.563834 2843.673415 2841.936029 2841.636325 2837.150670
-9999.0 1511.456567 1584.374197 1645.409647 1701.495961 1804.980249 1932.936434 2072.577773 2167.550562 2204.558431 2208.334511 2263.970373 2367.759307 2471.866519 2527.440469 2554.614891 2550.470891 2520.710445 2516.549820 2563.129413 2632.424197 2739.939253 2855.034910 2844.486856 2856.588137 2859.296687 2825.825861 2844.268820 2861.363860 2862.759293 2863.749486 2869.031459 2874.060408 2876.887013 2875.561529 2872.830372 2868.239400 2860.346671 2855.588090 2852.194249 2848.643706 2847.870738 2850.177764 2851.671676 2849.057966 2845.279454 2840.864668 2835.308474 2830.299072 2823.683732 2819.608894 2815.534599 2813.441861 2808.337919 2804.498082
-9999.0 1400.463640 1492.641180 1540.713546 1636.159713 1817.112615 1945.000321 2090.526983 2245.810884 2277.356794 2340.318429 2471.629243 2586.217190 2668.708041 2708.592832 2750.795957 2781.955912 2805.863498 2844.954549 2771.170338 2841.384880 2822.031653 2852.743237 2866.138753 2871.013538 2871.536397 2862.669421 2842.839548 2832.448899 2825.874890 2827.622274 2834.928540 2840.026394 2845.170024 2843.050322 2843.894444 2844.478464 2841.180319 2838.410415 2830.048414 2822.398244 2816.228743 2813.727515 2818.681076 2813.978998 2811.298375 2805.350837 2798.432687 2940.710143 2932.764960 2924.402827 2917.016401 2913.424628 2906.658002 2903.364537
-9999.0 1319.559628 1394.305226 1469.360608 1594.280343 1758.215672 1871.665438 2034.459285 2258.081320 2384.384870 2528.872693 2612.441541 2689.742796 2747.002847 2807.479109 2796.542186 2819.338111 2828.593944 2807.044856 2822.045464 2881.356833 2875.990883 2789.466349 2815.403365 2829.927385 2833.748909 2825.670636 2815.926862 2808.872063 2807.870832 2806.207627 2803.472653 2800.587795 2797.751440 2794.674562 2797.138649 2802.050313 2796.559544 2926.122862 2917.836813 2910.471138 2902.185576 2896.699370 2892.650289 2891.981720 2891.514885 2883.434002 2872.720706 2863.351036 2854.758023 2846.585634 2840.534445 2836.560542 2829.727311 2818.381363
-9999.0 1210.646360 1337.375458 1422.820354 1531.348485 1664.247638 1779.904834 1937.880058 2077.950950 2309.788471 2461.636439 2610.879638 2661.967929 2730.646472 2787.978707 2799.876248 2798.121652 2845.387248 2811.421761 2800.141670 2812.742533 2825.765214 2839.645365 2860.037477 2880.687628 2893.301523 2899.092858 2894.078305 2881.384949 2871.168777 2862.594441 2851.077872 2843.065271 2841.530898 2844.299103 2853.331855 2855.357067 2847.183832 2836.220198 2819.569726 2805.126773 2794.161881 2791.681179 2793.431517 2793.437523 2788.878552 2781.701447 2770.234042 2757.122659 2744.263267 2736.744470 2730.688363 2722.058471 2709.313229 2693.078576
-9999.0 -9999.0 1256.954732 1366.655377 1467.544518 1584.446834 1687.082167 1818.194790 1963.791898 2140.847861 2259.342546 2415.077887 2501.956514 2550.859096 2596.509696 2656.603086 2683.007643 2713.418094 2706.401479 2718.090485 2729.843302 2738.848265 2749.515879 2761.297294 2775.944699 2788.161946 2798.891460 2797.727570 2789.506598 2770.976379 2747.983655 2730.121988 2720.349734 2712.276946 2723.010574 2735.124283 2731.305537 2725.046543 2713.228705 2695.486996 2682.660087 2668.681866 2664.814826 2664.422935 2664.010414 2660.444491 2655.751431 2641.780985 2628.118889 2616.219349 2610.376746 2603.354660 2597.593115 2586.066375 2574.282340
-9999.0 -9999.0 1170.599570 1276.966251 1385.345578 1505.554254 1597.821336 1643.663583 1788.240609 1898.715787 2005.445540 2111.298891 2202.464379 2270.918095 2312.052805 2375.910590 2426.857022 2447.060365 2480.676950 2525.164672 2557.788099 2593.704274 2616.908097 2630.855153 2646.478320 2662.201604 2671.658811 2659.216557 2648.563148 2631.727769 2609.044400 2583.903094 2570.896732 2568.627917 2569.186294 2572.541850 2566.103027 2557.232917 2543.533999 2530.103791 2517.909895 2507.769448 2503.628271 2498.635762 2496.078426 2492.327562 2488.646318 2479.790949 2468.983238 2461.938659 2452.782822 2446.952378 2443.966032 2438.023386 2429.556444
