tests/Borden05m/data_simulated/sim_1/output-maps/psiliqL0030N0019.asc
ncols         160
nrows         34
xllcorner     620200.000000
yllcorner     5168000.000000
cellsize      0.500000
NODATA_value  -9999.0
[rows 0 to 24 of 34, columns 55 to 109 of 160]
-9999.0 -9999.0 -9999.0 -9999.0 -9999.0 -9999.0 -9999.0 -9999.0 -9999.0 -9999.0 -9999.0 -9999.0 -9999.0 -9999.0 -9999.0 -9999.0 -9999.0 -9999.0 -9999.0 -9999.0 -9999.0 -9999.0 -9999.0 -9999.0 -9999.0 -9999.0 -9999.0 -9999.0 -9999.0 -9999.0 -9999.0 -9999.0 -9999.0 -9999.0 -9999.0 -9999.0 -9999.0 -9999.0 -9999.0 -9999.0 -9999.0 -9999.0 -9999.0 -9999.0 -9999.0 -9999.0 -9999.0 -9999.0 -9999.0 -9999.0 -9999.0 -9999.0 -9999.0 -9999.0 -9999.0
-9999.0 -9999.0 -9999.0 -9999.0 4197.054403 4191.814440 4187.197588 4182.817481 4174.441966 4165.123528 4157.451730 4153.223720 4151.998892 4151.153622 4150.448371 4155.180482 4163.226910 4170.799584 4177.553051 4179.933082 4182.216112 4183.916592 4184.036053 4182.889601 4179.611833 4176.208616 4172.785274 4170.995910 4163.845710 4152.782502 4144.616661 4141.939312 4146.028821 4150.317629 4152.752420 4157.701060 4167.949631 4178.456260 4187.020756 4199.762498 4207.113602 4212.488647 4214.912357 4210.909619 4207.675649 4203.607376 4197.107338 4185.968532 -9999.0 -9999.0 -9999.0 -9999.0 -9999.0 -9999.0 -9999.0
4142.062163 4160.375287 4181.666292 4184.730186 4172.820860 4167.674101 4164.574213 4163.027355 4158.981820 4150.551098 4145.485135 4139.979763 4137.080597 4137.049937 4136.842555 4140.324743 4151.223403 4158.908952 4163.350762 4165.973910 4168.843821 4166.823504 4165.913852 4165.665584 4162.708505 4159.153683 4155.725346 4153.812041 4155.560967 4147.945940 4141.774912 4137.714598 4134.343007 4137.139316 4139.909140 4144.844416 4153.882178 4161.675550 4169.558724 4184.975466 4198.364252 4204.166914 4201.575768 4197.075429 4193.213637 4185.536200 4174.526475 4164.622377 4157.050098 4151.222831 4145.898313 4139.234668 4145.769397 4154.027775 4163.168902
4125.253470 4144.454054 4165.010754 4167.479850 4157.338965 4149.767679 4142.348618 4142.955382 4146.737877 4143.591981 4138.710543 4130.037178 4140.514566 4141.392993 4141.907149 4144.999239 4146.429939 4152.104137 4154.348653 4159.606675 4168.511029 4171.286207 4171.627410 4171.577924 4169.480653 4166.116487 4164.038041 4161.165525 4155.809872 4153.757088 4153.180882 4151.554326 4155.352477 4156.869503 4160.133192 4154.993621 4159.667118 4165.914143 4172.899921 4178.078302 4184.027458 4186.072285 4182.739076 4183.751853 4175.396004 4161.775073 4152.302112 4145.161072 4146.078924 4143.220489 4135.285828 4121.261107 4129.964032 4146.280976 4151.152333
4129.976380 4138.840270 4149.035794 4151.382236 4146.326762 4148.798426 4150.622396 4151.715202 4149.749364 4146.026075 4140.888365 4150.645029 4158.580883 4159.803566 4162.028856 4166.010081 4167.246663 4156.639596 4154.659372 4161.547251 4170.925156 4175.813999 4175.918520 4175.395098 4171.138331 4169.863841 4169.647395 4167.915224 4166.954528 4168.201550 4164.991514 4167.392313 4172.793668 4176.226143 4171.793261 4163.584344 4166.250400 4174.904072 4184.311417 4191.955098 4201.936476 4212.499964 4213.143729 4208.921636 4200.516304 4188.360848 4166.163127 4149.244626 4138.225949 4129.954966 4122.665552 4126.587806 4121.384464 4136.030022 4137.894976
4112.780159 4134.688053 4154.419265 4159.664004 4153.645296 4150.328355 4149.561026 4150.148210 4148.818123 4148.481586 4156.046173 4167.244269 4177.453802 4179.212921 4180.780081 4179.194904 4172.115048 4161.733137 4159.361901 4172.105151 4188.965476 4196.663260 4195.780886 4190.280720 4192.167876 4192.748944 4193.947832 4191.066770 4191.365609 4187.727366 4191.746081 4199.459965 4207.713684 4206.488439 4193.951626 4181.298556 4181.665400 4187.948445 4196.026141 4203.999350 4214.075986 4222.943109 4218.151080 4213.532995 4206.884606 4182.083013 4160.731857 4147.133069 4147.441395 4148.344083 4144.026223 4142.344383 4142.177132 4138.987507 4139.442585
4147.464908 4166.169704 4186.572930 4198.723488 4192.488879 4185.263299 4177.418199 4177.532032 4177.150157 4182.339684 4191.957163 4203.308558 4224.398126 4222.877857 4222.514941 4219.945095 4206.496978 4192.982504 4183.385471 4206.829427 4218.156309 4224.863820 4220.941947 4224.580916 4232.857406 4229.610767 4223.873621 4211.250546 4216.661517 4221.498510 4236.720891 4245.069562 4250.831415 4245.194443 4230.384150 4223.262400 4225.712722 4233.506052 4235.797441 4245.713927 4253.950379 4268.756407 4267.054692 4265.376759 4246.108970 4208.825254 4180.849661 4170.480735 4183.520432 4178.080854 4171.651213 4172.557707 4162.304515 4156.184290 4159.472087
4176.098549 4188.404741 4204.229192 4220.433614 4210.430144 4200.548179 4183.152711 4179.314764 4182.574159 4192.932662 4210.175194 4226.843091 4245.771809 4241.657481 4232.203175 4241.995822 4234.903270 4223.621641 4216.364735 4241.095446 4250.662604 4260.512388 4265.070253 4277.792975 4287.968984 4269.310734 4250.667473 4238.638613 4246.293481 4273.846409 4297.988836 4302.767796 4301.175483 4299.555193 4282.216549 4277.888798 4275.460482 4277.478882 4275.774838 4274.508904 4302.034033 4325.076209 4325.127563 4303.843734 4281.156810 4240.074286 4201.858698 4179.540036 4196.388623 4192.505789 4196.846156 4187.952592 4177.103214 4172.577846 4172.042631
4220.715315 4240.439670 4255.929975 4278.405016 4266.492021 4241.644624 4223.288471 4225.433422 4239.533530 4248.178460 4267.957958 4283.248217 4307.647430 4317.257600 4326.355056 4330.397997 4323.852677 4315.484983 4303.848539 4311.453994 4337.670420 4349.353962 4357.095394 4364.887663 4377.722544 4376.548969 4368.296120 4366.064800 4370.871307 4386.470209 4402.776313 4409.622911 4412.001715 4413.716208 4397.447743 4383.613523 4382.916403 4378.398891 4378.785419 4378.440304 4392.573838 4415.972508 4412.163383 4371.959545 4344.691529 4308.121286 4268.678036 4239.335414 4236.145493 4258.780739 4258.913291 4242.835997 4234.674333 4210.988562 4208.954597
4286.354088 4319.165281 4343.112883 4352.484919 4358.532746 4340.962308 4338.038349 4342.590596 4351.668036 4354.557728 4360.913393 4393.761778 4427.725918 4451.864089 4474.578690 4481.563150 4468.720322 4458.985608 4444.982902 4436.417314 4449.778472 4468.154085 4486.332170 4501.184485 4512.665317 4514.298236 4512.610597 4512.622629 4516.148651 4519.216612 4524.028122 4533.356892 4541.215066 4549.508235 4556.622938 4544.644086 4527.445352 4519.037912 4511.381317 4511.794866 4513.950567 4519.403040 4520.619093 4500.622005 4454.634545 4421.380323 4388.534003 4371.177065 4359.747545 4363.196187 4344.741606 4319.115668 4265.170428 4228.000246 4197.114181
4369.413914 4415.584141 4445.176499 4460.800833 4473.234697 4468.736598 4470.775313 4471.626928 4475.013134 4476.785030 4478.408191 4507.073052 4550.717873 4591.517451 4623.808910 4622.579152 4607.476651 4595.867064 4587.200118 4571.573725 4567.488662 4581.889014 4598.924217 4620.835312 4631.067649 4636.055623 4631.884923 4632.060409 4634.368278 4636.868602 4639.178772 4643.451987 4654.103878 4670.423402 4686.143636 4684.607050 4663.574728 4645.106201 4629.339956 4628.287043 4626.854203 4622.011950 4624.907554 4626.942622 4607.789249 4573.779675 4531.829063 4491.281331 4477.011519 4463.140399 4452.283629 4434.298153 4387.985490 4315.256369 4272.041262
4486.194242 4523.508222 4553.220654 4584.180284 4598.271737 4599.047963 4595.809038 4593.878093 4601.107902 4602.921712 4607.351354 4624.292748 4659.933342 4698.332075 4729.615493 4744.719048 4735.590725 4715.692174 4691.634066 4680.156051 4676.673449 4680.933396 4691.615958 4706.362767 4727.540458 4748.447813 4754.430743 4755.384355 4752.605098 4755.199949 4756.962677 4757.120333 4760.766383 4770.723094 4781.715432 4785.404392 4776.441537 4753.303085 4728.307406 4717.769936 4711.828207 4708.630722 4710.532004 4716.888441 4721.172213 4704.846067 4666.062537 4618.366759 4588.749426 4575.220052 4562.833859 4547.901593 4534.246031 4495.776760 4472.908611
4598.125418 4614.513572 4644.470717 4674.734420 4697.366692 4711.853582 4711.233987 4713.587608 4718.590908 4725.287065 4740.499287 4765.822913 4787.146851 4812.339891 4841.347006 4859.277144 4864.485836 4862.084349 4856.927834 4857.909352 4858.348175 4780.550490 4788.158958 4795.763838 4816.925683 4835.370916 4842.165705 4842.955133 4839.805481 4841.958640 4842.906036 4842.705056 4842.320284 4845.594340 4851.879186 4854.281228 4851.311690 4836.184191 4860.540972 4839.102760 4824.853645 4816.214543 4807.598516 4799.273752 4789.657454 4779.365344 4757.349938 4724.260477 4688.671444 4668.571743 4661.373635 4654.891525 4645.155550 4638.787993 4620.405924
4698.389485 4709.066110 4728.715719 4752.970921 4790.045665 4815.632568 4827.699395 4837.562177 4842.374939 4857.229479 4875.450014 4855.065269 4865.382761 4876.059448 4886.667870 4890.310891 4891.353974 4890.872666 4888.393439 4887.431302 4884.682428 4881.642336 4870.725133 4872.384487 4874.520647 4877.201308 4881.038457 4880.019195 4881.213097 4884.194939 4882.317140 4876.009914 4871.707203 4870.123825 4871.347722 4878.947234 4882.603228 4883.637496 4879.292934 4878.242936 4877.005845 4872.782519 4867.509774 4860.076753 4850.568458 4870.051674 4856.958379 4826.553754 4782.773056 4738.363933 4732.576015 4736.253771 4735.558918 4734.153481 4728.286253
4832.486046 4847.210036 4863.047751 4833.067257 4860.810893 4875.009003 4881.647794 4886.463572 4889.507059 4893.506572 4890.580030 4887.722620 4882.707246 4880.984224 4879.577602 4877.085263 4877.694905 4875.802133 4871.626110 4867.318922 4858.661291 4846.657066 4835.469922 4831.457303 4835.652462 4841.542609 4847.062310 4852.050849 4855.963331 4855.532901 4849.715959 4840.962467 4833.141882 4831.569354 4838.667845 4844.535938 4851.632162 4852.603803 4851.193317 4848.480918 4848.036911 4844.402321 4844.494762 4851.893556 4867.417567 4868.965836 4876.295155 4875.251397 4854.577772 4817.142190 4836.172292 4815.712674 4822.571375 4817.736449 4806.076711
4881.249274 4884.690373 4882.665459 4881.834327 4875.219659 4868.991867 4868.153277 4872.231503 4879.388234 4880.336681 4873.158053 4864.327014 4856.847480 4849.015852 4846.489899 4846.144199 4845.999120 4846.619950 4841.234532 4831.184181 4813.292189 4801.568216 4790.451865 4784.476952 4779.891538 4782.747838 4794.648824 4807.964815 4813.211551 4802.806673 4793.851424 4781.442407 4773.280787 4773.805227 4774.366889 4784.170903 4802.353653 4811.179556 4812.055301 4805.016430 4797.712510 4790.739303 4787.276834 4793.675256 4809.369611 4827.033607 4843.700519 4853.428232 4861.460557 4868.969076 4865.299250 4868.703396 4870.576530 4867.931913 4872.622845
4876.181362 4868.953994 4861.723024 4856.227907 4849.744438 4844.502208 4842.539534 4844.144001 4845.640671 4841.127030 4834.729947 4824.615258 4813.327563 4803.435905 4795.097445 4796.133607 4798.515444 4800.406824 4792.625263 4776.658301 4758.390076 4744.677104 4730.640815 4726.635428 4720.246586 4711.150007 4721.133724 4742.044357 4749.941368 4732.701849 4721.315026 4705.592312 4699.251893 4694.864441 4695.369596 4704.199110 4727.964045 4754.197221 4756.712289 4745.263178 4733.864082 4729.239338 4725.885574 4729.981794 4746.499204 4768.063685 4785.021800 4796.068517 4801.477726 4809.325705 4818.861379 4834.159766 4849.862675 4862.939815 4866.254616
4850.279498 4842.425771 4834.655169 4826.874667 4819.874936 4813.527466 4809.087261 4807.065055 4802.482601 4796.156386 4788.927930 4765.544234 4752.725316 4739.163734 4723.485582 4719.217267 4713.531748 4714.246452 4702.411510 4695.126812 4679.225373 4663.719028 4647.928444 4633.321537 4627.540913 4620.441248 4616.455816 4629.225455 4637.461608 4629.362381 4619.849690 4609.984928 4606.075793 4602.692521 4605.443394 4616.052988 4634.776422 4653.150868 4662.314389 4655.319188 4655.665688 4656.783968 4655.263460 4662.095796 4671.844231 4689.477051 4712.868995 4733.343547 4743.745504 4750.553229 4759.680679 4774.403122 4788.888713 4803.703734 4822.398843
4819.372512 4809.851206 4799.716144 4789.714675 4778.968265 4768.167283 4761.304704 4764.305273 4758.263410 4752.670336 4726.838689 4667.896713 4645.259923 4625.583456 4608.654017 4601.260990 4592.161841 4572.640361 4563.950382 4560.097641 4565.575571 4552.010744 4534.323351 4515.905244 4511.043026 4507.687480 4487.021033 4478.794788 4478.327717 4499.343155 4493.778911 4494.292087 4497.804924 4495.509008 4496.123720 4508.651485 4514.879632 4518.673360 4525.860294 4533.315472 4545.632569 4554.781707 4567.792974 4585.849389 4596.124164 4610.951161 4631.257132 4658.105780 4674.778447 4684.553621 4694.992247 4710.430918 4726.704880 4744.870171 4767.619335
4784.079833 4766.353921 4751.205213 4736.526677 4723.533136 4710.337590 4693.212381 4695.228935 4693.317555 4682.050570 4621.556215 4580.979708 4546.176830 4529.004334 4504.398038 4489.684426 4470.973605 4427.565821 4408.673717 4410.229389 4428.851016 4427.637709 4412.895170 4401.764772 4391.771471 4381.287541 4361.610649 4338.910305 4345.540934 4366.558646 4369.681473 4375.065895 4384.513382 4384.547920 4376.581696 4370.690623 4381.928056 4386.510368 4398.463137 4418.860675 4424.292512 4443.973821 4481.086131 4493.927920 4509.212072 4527.219409 4547.345722 4569.470613 4593.195008 4607.775906 4623.372214 4641.872217 4658.660826 4678.992686 4701.465750
4731.233133 4698.633986 4676.667275 4658.723970 4638.622467 4608.982564 4588.812651 4586.302914 4580.117497 4546.860900 4491.727917 4457.536160 4436.248376 4414.263195 4391.350171 4365.298398 4323.570587 4287.249395 4264.587601 4284.371300 4297.187753 4313.082382 4302.647709 4292.608123 4283.186259 4263.388364 4245.903578 4227.494266 4239.547752 4248.314320 4271.699437 4280.037880 4284.146245 4291.466943 4289.942278 4276.634759 4267.408948 4275.258951 4285.073579 4297.843011 4322.862680 4361.130613 4386.257322 4405.128715 4425.717445 4443.939414 4464.834293 4487.491273 4510.785943 4528.125556 4546.363663 4564.540387 4585.325016 4603.757945 4625.817846
4646.051319 4617.564206 4591.240714 4567.693025 4533.719319 4484.073073 4469.523212 4460.113579 4434.280192 4381.974932 4340.214288 4324.658319 4315.697551 4292.868514 4272.830268 4242.824774 4207.664236 4187.863903 4167.121518 4179.101906 4190.938121 4214.785780 4207.419870 4202.455671 4200.849009 4185.337912 4172.351069 4155.109191 4160.961134 4174.150273 4200.353139 4207.223542 4211.746885 4222.246735 4221.681282 4216.138261 4194.977601 4200.943573 4211.946461 4227.131005 4259.797584 4281.694158 4303.632028 4325.647095 4344.670810 4365.803173 4387.350337 4409.830657 4436.470149 4455.953076 4474.763771 4496.081447 4514.576257 4527.149787 4541.319857
4533.886348 4510.612640 4492.211912 4467.979792 4422.302300 4377.917479 4333.972076 4302.647852 4244.319688 4208.690398 4194.040226 4199.631367 4190.198873 4172.185801 4154.829377 4136.830080 4117.112443 4100.407644 4075.361984 4081.915178 4099.603400 4118.374621 4122.979500 4126.144565 4125.681612 4117.445948 4104.255025 4090.714945 4094.600674 4112.638650 4131.234205 4142.511939 4150.769510 4158.626870 4158.139528 4147.314560 4136.402433 4140.582317 4156.267435 4172.125414 4187.949415 4207.462069 4227.349054 4247.233227 4269.169465 4290.961961 4312.990236 4337.003676 4363.270142 4384.522190 4407.662725 4431.442955 4446.302581 4453.138593 4457.927454
4429.232087 4411.620892 4389.162886 4361.277299 4318.713014 4279.953825 4239.768954 4189.110787 4156.344849 4129.310721 4127.546717 4114.616958 4104.407698 4092.691658 4073.860908 4059.885931 4047.891056 4027.900440 4021.948838 4030.728997 4044.900502 4052.230110 4061.227732 4059.975183 4058.393266 4053.943408 4040.183725 4038.707559 4049.497082 4064.669293 4077.882891 4090.062020 4097.006225 4101.616725 4098.271593 4088.469370 4086.508892 4094.440799 4109.533475 4121.944892 4134.968569 4154.369764 4172.848055 4193.244977 4214.461646 4235.084375 4258.174120 4282.004016 4306.938928 4333.573347 4354.514228 4370.762227 4377.464102 4385.003928 4380.480111
4303.795883 4295.160213 4269.799772 4241.699096 4214.537111 4184.433714 4163.560952 4133.962616 4105.675634 4078.635531 4054.038445 4045.234433 4042.114380 4031.727523 4017.273498 4008.469457 3994.805764 3989.089169 3998.757199 3999.933484 4007.147107 4004.407432 4006.007448 4004.303846 4004.350411 4003.448032 3999.608314 4013.778409 4019.911852 4032.723736 4042.350990 4052.114639 4057.564122 4060.698732 4062.169550 4058.672528 4065.238737 4070.380821 4083.056470 4093.185988 4105.082356 4123.499779 4138.844845 4156.026583 4176.639335 4197.963289 4219.993537 4244.003048 4270.504484 4293.388068 4308.694480 4312.691988 4319.572385 4317.575643 4302.610374
