tests/Borden05m/data_simulated/sim_1/output-maps/psiliqL0029N0013.asc
ncols         160
nrows         34
xllcorner     620200.000000
yllcorner     5168000.000000
cellsize      0.500000
NODATA_value  -9999.0
[rows 0 to 24 of 34, columns 55 to 109 of 160]
-9999.0 -9999.0 -9999.0 -9999.0 -9999.0 -9999.0 -9999.0 -9999.0 -9999.0 -9999.0 -9999.0 -9999.0 -9999.0 -9999.0 -9999.0 -9999.0 -9999.0 -9999.0 -9999.0 -9999.0 -9999.0 -9999.0 -9999.0 -9999.0 -9999.0 -9999.0 -9999.0 -9999.0 -9999.0 -9999.0 -9999.0 -9999.0 -9999.0 -9999.0 -9999.0 -9999.0 -9999.0 -9999.0 -9999.0 -9999.0 -9999.0 -9999.0 -9999.0 -9999.0 -9999.0 -9999.0 -9999.0 -9999.0 -9999.0 -9999.0 -9999.0 -9999.0 -9999.0 -9999.0 -9999.0
-9999.0 -9999.0 -9999.0 -9999.0 3997.335401 3992.078591 3987.420430 3983.001887 3974.584245 3965.260257 3957.533636 3953.307881 3952.088359 3951.233487 3950.534324 3955.284772 3963.317636 3970.884304 3977.652551 3980.025899 3982.309992 3984.034378 3984.168366 3983.010793 3979.730584 3976.329458 3972.903899 3971.127442 3963.919995 3952.836521 3944.631710 3941.948763 3946.057115 3950.356952 3952.797039 3957.801424 3968.082210 3978.611303 3987.180728 3999.880060 4007.150314 4012.522027 4014.992272 4011.000615 4007.766007 4003.729835 3997.325876 3986.201917 -9999.0 -9999.0 -9999.0 -9999.0 -9999.0 -9999.0 -9999.0
3942.311101 3960.630773 3981.825659 3984.893323 3973.035738 3967.900991 3964.783475 3963.196872 3959.089986 3950.631447 3945.538664 3940.023706 3937.169998 3937.129545 3936.924420 3940.430845 3951.273869 3958.965468 3963.416240 3966.023176 3968.867987 3966.940623 3966.045465 3965.785757 3962.826993 3959.274715 3955.844357 3953.933939 3955.600949 3947.983746 3941.850019 3937.825010 3934.552704 3937.332675 3940.082112 3944.930133 3953.999354 3961.820450 3969.727798 3985.088182 3998.430756 4004.213709 4001.643765 3997.133268 3993.295457 3985.695946 3974.760335 3964.843871 3957.145001 3951.264295 3945.949760 3939.367037 3945.894131 3954.077278 3963.281900
3925.494516 3944.664091 3965.169565 3967.644577 3957.461743 3949.840332 3942.551024 3943.119483 3946.813269 3943.626824 3938.739935 3930.262785 3940.601832 3941.483867 3942.016674 3945.103975 3946.618185 3952.129069 3954.391458 3959.643678 3968.541187 3971.301274 3971.642820 3971.594489 3969.504173 3966.147225 3964.078513 3961.207268 3955.855366 3953.852509 3953.320470 3951.769064 3955.631994 3957.147187 3960.323279 3955.099364 3959.713903 3965.966149 3972.952483 3978.221508 3984.226768 3986.402008 3983.093226 3984.018445 3975.686357 3962.081168 3952.537729 3945.341811 3946.113476 3943.256939 3935.351087 3921.429300 3930.061919 3946.355073 3951.229887
3930.068693 3938.913600 3949.167326 3951.525282 3946.453182 3948.838490 3950.628986 3951.723633 3949.756837 3946.049757 3941.068441 3950.953869 3958.943612 3960.170886 3962.412048 3966.352437 3967.464052 3956.768654 3954.749986 3961.704615 3971.122213 3976.047573 3976.143691 3975.632554 3971.493303 3970.223706 3969.987904 3968.219740 3967.350045 3968.655237 3965.621654 3968.143607 3973.553144 3976.952959 3972.328432 3964.075548 3966.643721 3975.254502 3984.598817 3992.236859 4002.273077 4012.900754 4013.471431 4009.199216 4000.796065 3988.598459 3966.370465 3949.338183 3938.364153 3930.192826 3922.941035 3926.663181 3921.617231 3936.090422 3937.968109
3913.495844 3935.063830 3954.831852 3960.192477 3954.148228 3950.700188 3949.787669 3950.354556 3949.079778 3948.902326 3956.709853 3968.008823 3978.420311 3980.195551 3981.786363 3980.244507 3973.031331 3962.645975 3960.177912 3973.019070 3989.815470 3997.524305 3996.711437 3991.475593 3993.639328 3994.089773 3995.102820 3992.092383 3992.481460 3989.131779 3993.482311 4001.176829 4009.351963 4008.092021 3995.595487 3983.027250 3983.293812 3989.381454 3997.189039 4005.073876 4015.178895 4024.121802 4019.348688 4014.627382 4007.836194 3982.875441 3961.251388 3947.524734 3947.880174 3948.788243 3944.483640 3942.758740 3942.451766 3939.078601 3939.513473
3948.396090 3967.177969 3987.486933 3999.793153 3993.541863 3986.227872 3978.209249 3978.310772 3978.085455 3983.393031 3993.149827 4004.795664 4025.987603 4024.669712 4024.471219 4022.182946 4008.851206 3995.397691 3985.695841 4008.778074 4020.012135 4026.807980 4023.196762 4027.176955 4035.523786 4032.184861 4026.303274 4013.812877 4019.260286 4024.490721 4039.681640 4047.919392 4053.557247 4048.184085 4033.606729 4026.579169 4028.806331 4036.277191 4038.304595 4047.917308 4056.295061 4071.142824 4069.555290 4067.501979 4048.119608 4010.949744 3982.690857 3971.813268 3984.482367 3979.030623 3972.649219 3973.345643 3962.938858 3956.596677 3959.743392
3977.780565 3990.324174 4006.204510 4022.449944 4012.696420 4002.720809 3985.525949 3981.836541 3985.289678 3995.563133 4012.830685 4029.780624 4048.916055 4045.468180 4036.708528 4046.441467 4039.363938 4028.183928 4020.853964 4044.743069 4054.426817 4064.354266 4069.187902 4081.875991 4092.103541 4073.975018 4055.723644 4044.095542 4051.585108 4078.637539 4102.337497 4107.117685 4105.688590 4104.331451 4087.505320 4083.055114 4080.387921 4081.995003 4080.069161 4078.662290 4105.647594 4128.325774 4128.327667 4107.008291 4084.340868 4043.667450 4005.606979 3982.825929 3998.741619 3995.029474 3999.146302 3989.992500 3978.968975 3973.828915 3972.844496
4023.676671 4043.826742 4059.509589 4081.795402 4070.564492 4046.146007 4028.357149 4030.587805 4044.519670 4052.991861 4072.414115 4088.130249 4112.857326 4123.070634 4132.681927 4136.688668 4130.007083 4121.590285 4109.856436 4116.868350 4142.497858 4154.161250 4162.041456 4169.977171 4182.757745 4181.964693 4174.042152 4171.905395 4176.599491 4191.667055 4207.510192 4214.329865 4216.876952 4218.815567 4203.309396 4189.711037 4188.689880 4183.943252 4183.931470 4183.485780 4196.962316 4219.660636 4216.014614 4176.747398 4149.608726 4113.444367 4074.294185 4044.983048 4041.088405 4062.854444 4062.451994 4046.381242 4037.682401 4013.474115 4010.712062
4090.171184 4122.988599 4147.013172 4156.580415 4162.953813 4146.063385 4143.332142 4147.772130 4156.659869 4159.593122 4165.952479 4198.673076 4232.579805 4256.919605 4279.635608 4286.658309 4273.941873 4264.192451 4250.305145 4241.678583 4254.465991 4272.565688 4290.615219 4305.482336 4316.923936 4318.665369 4317.003131 4317.025660 4320.449494 4323.500280 4328.189760 4337.311128 4345.118403 4353.502022 4360.840461 4349.239224 4332.093770 4323.479171 4315.494595 4315.619779 4317.595652 4322.665663 4323.856389 4304.664285 4259.654372 4226.810124 4194.155022 4176.268559 4164.422142 4166.994377 4148.628989 4123.347602 4070.062950 4032.895537 4001.952448
4173.874535 4219.532220 4249.034664 4265.020017 4277.509020 4273.361838 4275.344116 4276.228232 4279.688704 4281.594237 4283.472972 4311.690961 4354.856377 4395.329326 4427.379938 4426.405470 4411.616783 4400.066776 4391.291103 4375.953589 4371.900864 4385.889841 4402.550713 4424.089627 4434.371660 4439.619720 4435.650998 4435.837266 4438.028727 4440.493748 4442.766281 4446.894251 4457.319421 4473.359338 4488.805463 4487.425605 4466.869438 4448.515377 4432.688576 4431.307551 4429.641881 4424.783641 4427.558633 4429.565254 4411.177899 4377.798892 4336.340080 4295.828737 4280.988721 4266.830568 4255.978399 4238.255482 4193.325671 4122.062780 4079.781612
4290.279968 4326.864760 4356.425731 4387.233224 4401.500301 4402.609218 4399.522794 4397.761312 4404.939746 4406.960476 4411.668162 4428.524800 4463.388118 4501.142195 4532.080777 4547.257517 4538.424422 4518.954048 4495.302532 4484.191494 4480.834103 4484.952083 4495.379639 4509.714812 4530.533390 4551.120443 4557.059725 4557.998299 4555.239804 4557.798372 4559.518661 4559.667774 4563.156722 4572.799840 4583.553651 4587.175602 4578.468918 4555.778253 4531.105557 4520.379743 4514.311805 4511.066765 4512.770353 4518.863400 4522.915277 4506.923475 4468.829109 4421.838649 4392.137297 4378.239650 4365.763903 4351.032122 4337.654414 4300.450228 4278.016511
4401.584811 4417.724022 4447.309900 4477.260516 4499.900541 4514.435803 4514.036569 4516.535945 4521.486562 4528.320521 4543.504015 4568.403592 4589.248550 4613.903415 4642.406329 4659.987453 4665.206789 4662.959472 4658.032233 4659.059186 4659.480406 4584.740673 4592.074679 4599.401719 4619.733684 4637.557951 4644.103913 4644.862382 4641.836248 4643.924181 4644.834424 4644.653082 4644.270856 4647.350251 4653.388630 4655.696475 4652.843392 4638.226774 4661.331914 4640.181470 4626.092322 4617.540648 4609.000542 4600.690075 4591.112449 4580.904357 4559.298576 4526.671833 4491.338042 4470.939118 4463.588012 4457.189886 4447.727489 4441.507682 4423.423328
4501.501653 4512.156857 4531.503738 4555.443424 4591.872109 4617.011673 4628.940212 4638.687575 4643.470032 4658.136164 4676.033932 4656.541147 4666.454030 4676.712026 4686.904430 4690.404588 4691.406765 4690.944333 4688.482711 4687.558305 4684.876448 4681.747334 4670.922577 4672.571758 4674.669654 4677.338116 4681.154197 4680.117274 4681.294143 4684.270433 4682.416460 4676.162873 4671.906128 4670.324456 4671.502325 4679.068510 4682.690542 4683.709365 4679.563414 4678.536932 4677.348355 4673.290648 4668.224678 4661.083149 4651.947729 4670.482193 4657.600795 4627.680671 4584.625100 4540.880244 4534.702842 4537.988531 4537.419733 4535.991782 4530.184060
4633.706586 4648.216714 4663.839983 4635.438742 4662.094391 4675.735712 4682.114156 4686.788136 4689.783654 4693.606717 4690.663175 4687.775055 4682.786175 4681.095424 4679.700059 4677.218776 4677.832748 4675.941272 4671.788218 4667.535836 4659.020447 4647.105817 4635.920903 4632.000164 4636.217842 4642.053493 4647.499078 4652.378274 4656.252614 4655.911603 4650.165130 4641.477281 4633.711606 4632.121543 4639.175777 4645.019242 4651.999920 4652.952272 4651.545344 4648.877748 4648.473904 4644.912825 4645.029093 4652.363222 4667.732567 4669.522076 4676.563970 4675.561143 4655.698250 4619.730729 4637.231814 4616.879634 4623.569356 4618.786780 4607.194493
4681.461460 4684.767612 4682.822106 4681.936518 4675.369857 4669.177684 4668.351980 4672.418893 4679.554571 4680.527392 4673.375770 4664.597721 4657.170720 4649.423066 4646.935391 4646.546771 4646.381111 4646.979167 4641.613968 4631.715785 4614.004640 4602.312216 4591.207469 4585.240594 4580.818942 4583.798501 4595.566521 4608.650907 4613.856201 4603.677779 4594.823537 4582.534866 4574.391746 4574.900711 4575.559179 4585.302621 4603.213502 4611.777215 4612.635492 4605.711074 4598.571628 4591.660907 4588.276957 4594.680544 4610.294724 4627.776606 4644.229910 4653.840077 4661.809949 4669.239710 4665.994970 4669.265622 4671.065301 4668.524395 4672.874487
4676.279732 4669.103244 4661.925659 4656.473092 4650.000340 4644.749174 4642.815624 4644.479151 4646.069656 4641.644792 4635.255821 4625.171139 4613.943729 4604.098029 4595.913623 4596.951112 4599.331712 4601.180280 4593.505452 4577.668961 4559.501045 4545.841931 4531.846672 4527.860714 4521.577314 4512.779022 4522.791222 4543.461048 4551.253071 4534.250796 4522.968168 4507.354560 4500.965552 4496.657990 4497.218628 4506.066592 4529.571349 4555.367929 4557.793368 4546.443054 4535.147058 4530.497794 4527.168108 4531.365656 4547.918440 4569.323155 4586.098996 4597.016409 4602.407222 4610.239997 4619.744463 4634.831922 4650.352755 4663.279827 4666.875610
4650.546960 4642.716925 4634.974578 4627.233689 4620.263371 4613.955399 4609.554034 4607.551530 4603.110333 4596.840444 4589.665276 4566.856214 4554.132570 4540.721627 4525.217914 4521.043266 4515.556772 4516.360707 4504.609485 4497.195945 4481.193012 4465.735534 4449.995967 4435.661078 4429.900870 4422.891408 4419.380284 4432.294269 4440.570961 4432.188558 4422.643426 4412.622779 4408.591648 4405.213984 4407.908363 4418.481114 4437.368318 4455.726518 4464.733052 4457.662348 4457.665852 4458.549695 4457.008823 4463.721053 4473.669568 4491.349709 4514.518830 4534.665363 4544.948418 4551.758981 4560.893986 4575.546915 4589.948372 4604.660066 4623.205557
4619.741441 4610.275473 4600.198643 4590.271345 4579.594622 4568.861503 4562.089616 4565.032901 4559.013092 4553.432687 4528.267764 4470.147031 4447.857185 4428.365672 4411.611898 4404.385660 4395.451971 4376.648593 4367.989963 4364.031073 4368.856912 4355.234246 4337.611840 4319.364245 4314.512330 4311.132669 4291.147268 4283.658528 4283.397991 4303.456370 4297.798953 4297.959843 4301.151795 4298.838841 4299.586723 4312.154159 4318.672201 4322.790088 4329.879489 4336.788979 4348.733248 4357.642820 4370.068549 4387.908621 4398.271842 4413.160931 4433.432541 4459.997706 4476.392246 4486.082100 4496.482347 4511.861472 4528.087427 4546.140750 4568.794645
4584.616298 4567.155731 4552.148548 4537.574257 4524.670266 4511.580039 4494.757004 4496.774468 4494.847451 4483.820341 4424.516362 4383.955013 4349.402053 4332.281411 4307.929108 4293.504240 4275.312295 4232.958931 4214.407299 4215.607066 4233.518431 4231.889955 4217.076531 4205.831639 4195.983961 4185.747250 4166.480025 4144.574602 4151.103637 4171.624588 4174.328085 4179.318203 4188.457947 4188.384085 4180.659662 4175.380016 4186.753620 4191.487216 4203.262234 4223.088499 4228.383012 4247.383858 4283.776863 4296.562505 4311.733568 4329.747267 4349.859622 4371.908243 4395.335206 4409.750579 4425.205081 4443.636440 4460.347860 4480.623561 4503.069842
4532.250670 4500.009902 4478.266206 4460.487733 4440.636086 4411.597761 4391.515684 4389.110641 4382.983483 4350.627914 4296.136229 4261.746512 4240.127650 4218.269347 4195.428597 4169.916504 4129.134479 4093.212552 4070.794366 4089.853984 4102.420005 4117.532882 4106.963099 4096.832112 4087.422875 4068.007243 4050.681876 4032.681153 4044.547062 4053.297280 4075.837895 4083.897576 4087.968751 4095.007060 4093.484163 4080.644369 4072.179176 4080.027229 4089.801674 4102.362510 4126.645711 4164.296872 4189.262136 4207.914251 4228.376361 4246.582184 4267.457660 4290.061015 4313.141398 4330.306132 4348.456449 4366.596840 4387.299336 4405.782723 4427.914790
4448.201850 4419.847566 4393.609322 4370.230547 4336.801709 4287.909819 4273.479941 4264.248339 4239.282924 4188.035144 4146.413722 4129.969370 4120.356875 4097.590916 4077.506333 4047.829284 4013.037401 3993.003755 3972.406951 3984.172031 3995.798589 4019.000457 4011.442232 4006.191926 4004.380430 3988.954081 3975.953390 3958.893531 3964.846576 3977.849082 4003.536940 4010.241840 4014.688573 4024.970396 4024.354553 4018.955584 3998.441233 4004.501863 4015.401494 4030.413319 4062.683941 4084.615572 4106.539014 4128.376620 4147.334694 4168.398738 4189.935430 4212.369054 4238.804645 4258.153745 4276.856953 4298.073536 4316.570527 4329.378814 4343.845348
4337.005305 4313.705484 4295.197323 4271.108028 4226.120633 4181.975216 4138.776303 4108.485987 4051.487156 4016.158616 4000.584145 4005.079152 3995.308722 3977.169893 3959.716076 3941.661453 3921.717077 3904.788132 3879.887804 3886.349502 3903.793854 3922.336813 3926.412854 3929.244796 3928.668229 3920.300628 3907.111707 3893.590052 3897.467321 3915.340270 3933.825827 3944.876570 3953.027587 3960.848958 3960.374850 3949.747728 3938.944694 3943.163025 3958.699702 3974.501280 3990.526704 4010.104339 4030.001241 4049.808785 4071.664786 4093.426191 4115.423949 4139.393340 4165.547403 4186.605248 4209.641441 4233.337354 4248.342083 4255.381008 4260.592652
4233.002597 4215.230276 4192.801589 4165.155440 4122.900746 4084.165440 4044.060361 3994.253102 3961.653290 3934.560895 3932.078235 3918.955140 3908.446226 3896.488072 3877.643227 3863.463363 3851.174952 3831.146315 3824.606532 3833.241979 3847.387937 3854.960695 3863.642734 3862.320867 3860.682156 3856.085243 3842.348289 3840.413147 3851.076811 3866.254038 3879.549065 3891.605865 3898.524409 3903.201187 3899.876253 3890.143904 3887.945413 3895.849406 3910.919221 3923.412951 3936.611373 3956.052928 3974.608125 3994.987145 4016.187455 4036.817546 4059.898261 4083.713667 4108.590727 4135.053990 4156.016418 4172.466057 4179.320415 4186.984559 4183.038152
4108.325451 4099.343742 4074.117045 4046.183042 4018.865860 3988.468474 3967.221306 3937.631928 3909.335821 3882.237276 3857.711060 3848.552310 3845.152640 3834.605681 3819.965528 3810.970666 3797.188293 3790.873910 3800.042031 3801.349434 3808.810761 3806.316168 3807.882462 3806.127232 3806.126886 3805.048503 3800.844464 3814.620843 3820.831012 3833.740057 3843.424678 3853.160355 3858.642794 3861.819968 3863.188779 3859.514005 3865.888218 3871.113731 3883.860939 3894.047334 3906.075219 3924.571943 3939.975635 3957.219653 3977.841328 3999.168260 4021.220059 4045.218220 4071.675691 4094.563842 4110.022531 4114.246430 4121.266403 4119.634649 4105.123697
