tests/Borden05m/data_simulated/sim_1/output-maps/psiliqL0015N0018.asc
ncols         160
nrows         34
xllcorner     620200.000000
yllcorner     5168000.000000
cellsize      0.500000
NODATA_value  -9999.0
[rows 0 to 24 of 34, columns 56 to 111 of 160]
-9999.0 -9999.0 -9999.0 -9999.0 -9999.0 -9999.0 -9999.0 -9999.0 -9999.0 -9999.0 -9999.0 -9999.0 -9999.0 -9999.0 -9999.0 -9999.0 -9999.0 -9999.0 -9999.0 -9999.0 -9999.0 -9999.0 -9999.0 -9999.0 -9999.0 -9999.0 -9999.0 -9999.0 -9999.0 -9999.0 -9999.0 -9999.0 -9999.0 -9999.0 -9999.0 -9999.0 -9999.0 -9999.0 -9999.0 -9999.0 -9999.0 -9999.0 -9999.0 -9999.0 -9999.0 -9999.0 -9999.0 -9999.0 -9999.0 -9999.0 -9999.0 -9999.0 -9999.0 -9999.0 -9999.0 -9999.0
-9999.0 -9999.0 -9999.0 1229.402627 1224.058959 1219.105858 1214.533073 1205.981065 1197.082180 1189.123803 1185.486193 1184.903609 1184.470120 1184.392644 1189.908581 1198.226131 1206.147146 1213.525038 1216.178443 1218.827530 1221.214576 1221.856026 1220.820161 1217.754737 1214.602672 1211.335195 1209.901682 1202.031219 1190.778497 1182.115944 1179.410668 1183.799164 1188.224290 1190.661951 1196.322119 1206.881037 1217.498938 1225.851244 1237.607471 1243.326453 1248.150121 1250.686016 1246.195689 1242.267397 1238.021883 1232.407059 1221.139650 -9999.0 -9999.0 -9999.0 -9999.0 -9999.0 -9999.0 -9999.0 -9999.0 -9999.0
1193.022121 1213.427616 1216.847341 1205.542542 1200.752710 1197.725066 1196.018468 1191.559106 1183.268320 1178.393803 1173.360220 1171.762941 1172.191773 1172.595274 1176.979569 1187.539870 1195.770789 1200.767248 1203.542739 1206.410961 1206.138009 1205.773684 1205.651495 1202.933003 1199.646320 1196.387186 1194.692803 1195.369380 1187.858320 1182.356567 1178.899082 1177.041770 1179.563244 1181.940610 1185.426850 1194.746823 1202.715910 1210.665377 1224.874954 1237.129907 1242.101417 1239.189674 1233.806980 1229.521281 1222.233565 1211.635848 1201.022931 1191.377068 1184.133669 1178.150027 1171.812927 1177.333758 1183.594715 1192.882120 1201.982736 1213.596877
1178.172325 1198.653442 1201.736877 1191.318996 1183.400234 1178.406704 1178.988959 1182.055001 1178.971707 1174.724559 1169.735248 1178.879176 1180.524253 1181.979967 1185.598977 1188.817747 1192.525499 1195.487148 1201.090810 1210.313928 1213.267021 1213.992005 1214.302447 1212.608617 1209.609474 1207.900661 1205.250921 1200.144222 1199.020964 1199.262831 1198.874008 1203.690360 1205.148274 1206.989247 1200.408040 1203.969525 1210.022175 1216.693220 1222.842145 1229.152378 1232.550005 1228.837877 1227.655767 1218.673953 1204.267126 1192.746558 1183.882665 1181.808868 1178.081496 1169.600373 1156.104163 1162.741018 1177.727241 1181.744604 1184.413984 1195.518153
1174.124821 1186.110697 1189.420019 1184.789812 1186.611589 1188.597974 1190.431713 1189.229022 1186.595509 1184.711208 1197.344768 1207.026853 1209.202803 1212.460810 1216.517831 1216.467599 1205.048328 1202.976902 1211.351600 1221.817685 1227.739137 1228.175334 1228.248902 1226.107625 1225.203596 1224.953572 1222.924110 1223.575256 1225.942708 1225.601701 1229.986949 1235.588067 1238.497470 1231.040812 1221.939154 1222.850270 1230.534367 1238.625727 1245.746681 1256.008318 1266.835657 1265.482562 1259.401222 1249.752942 1235.591777 1211.548649 1191.589274 1179.974282 1171.943056 1163.957117 1163.620268 1159.542361 1170.417491 1171.363866 1172.616836 1180.063826
1180.243001 1201.751881 1209.830224 1204.394868 1200.001155 1197.930903 1199.126073 1199.611611 1202.740700 1215.119837 1229.051682 1243.499480 1246.618003 1249.511932 1249.378567 1240.947012 1231.064332 1227.768605 1242.535729 1259.026663 1267.478906 1268.197235 1267.161370 1273.623244 1272.582605 1271.277152 1266.731165 1268.689841 1269.706756 1279.017624 1286.676442 1293.860107 1292.063467 1279.933476 1268.249926 1266.747983 1269.687158 1273.257562 1279.387713 1289.259672 1298.438881 1292.833968 1285.283475 1274.858788 1245.863615 1218.560808 1201.236168 1200.525972 1199.844520 1194.090779 1190.153286 1186.316353 1178.858980 1177.587995 1175.918047 1174.601702
1229.434655 1250.039933 1265.982203 1260.768525 1253.358414 1244.002307 1245.064721 1248.257393 1256.566465 1269.735424 1287.035981 1311.176550 1314.068974 1317.352736 1319.963515 1309.000633 1296.993142 1286.373398 1305.001344 1315.586895 1324.292101 1325.677660 1335.026104 1344.831908 1340.548132 1332.919826 1322.570306 1328.890277 1340.044987 1355.183936 1362.147447 1366.167054 1364.424226 1352.877729 1346.825536 1345.497551 1347.955331 1345.724477 1350.464824 1360.093492 1374.584066 1373.315736 1364.340316 1341.334148 1303.506768 1268.943295 1248.649338 1253.940663 1246.191908 1238.400033 1234.098717 1219.512791 1208.105874 1207.431366 1197.100042 1190.211539
1276.263738 1294.957385 1313.599932 1308.917838 1299.020798 1285.944103 1285.686471 1293.311105 1303.984690 1323.325613 1346.012364 1369.791310 1377.270476 1379.598095 1389.612923 1383.596790 1374.496671 1366.733192 1379.458577 1391.458609 1403.184881 1412.563201 1425.357395 1436.766907 1426.365010 1413.848305 1408.116247 1413.647648 1434.116396 1452.014435 1457.082486 1458.044801 1460.301016 1450.404717 1443.862264 1437.366107 1432.637024 1426.951571 1422.835145 1441.440157 1457.961534 1455.838417 1432.154665 1407.521041 1370.047307 1331.487160 1299.539459 1299.797047 1295.931117 1294.392381 1279.040385 1263.038492 1246.812785 1237.181748 1227.409583 1212.923024
1363.920029 1384.695082 1406.473157 1406.638234 1389.829214 1381.512746 1386.499899 1399.706042 1407.465258 1423.687030 1447.234708 1478.404634 1498.783278 1517.093111 1521.790164 1514.095764 1505.670606 1493.133901 1492.389915 1510.427599 1522.445493 1532.845262 1543.263075 1555.645943 1560.459873 1557.384147 1556.806281 1560.207123 1568.132497 1577.781473 1584.446379 1589.446612 1594.463167 1589.411015 1578.748535 1572.715148 1564.171303 1557.882190 1555.211501 1558.513636 1570.243346 1567.418586 1539.420883 1511.873241 1478.862934 1441.093453 1409.413220 1392.798849 1399.558347 1388.746816 1369.789964 1350.554243 1316.027912 1300.216706 1284.309704 1255.104622
1464.488731 1492.150221 1506.719741 1519.651087 1514.059319 1515.697913 1520.206306 1528.091354 1533.314651 1541.431489 1574.119910 1608.958146 1637.765369 1661.968132 1670.750230 1660.724830 1651.452668 1639.720588 1630.704938 1635.908645 1650.604841 1667.258495 1682.640163 1693.734159 1697.114113 1695.908471 1696.223371 1698.418862 1701.452123 1704.647010 1711.034958 1718.227934 1727.881658 1738.199949 1731.542344 1714.620459 1702.489184 1689.164213 1684.368868 1682.814424 1681.351978 1680.809108 1671.243802 1637.927624 1608.534323 1576.039550 1548.050162 1527.548194 1514.895254 1494.705227 1471.072163 1423.741280 1383.345052 1348.428211 1321.923588 1294.093111
1578.463454 1609.181506 1632.427613 1647.616946 1650.136058 1652.995402 1655.977962 1662.103224 1667.458240 1674.444035 1697.920371 1735.941566 1773.349685 1803.395914 1807.129785 1797.597270 1787.493000 1777.631201 1766.665742 1763.332112 1771.780252 1783.357277 1799.785514 1810.812742 1819.720097 1818.593007 1818.996994 1819.685191 1821.819024 1823.731685 1825.956809 1833.282423 1845.395901 1856.849408 1857.358947 1843.006497 1825.662514 1808.248995 1801.391085 1795.476806 1789.315696 1789.199017 1789.416518 1780.117087 1753.601447 1716.756075 1674.265567 1648.801730 1627.834818 1614.119243 1597.031641 1568.360955 1514.446978 1482.158941 1446.484416 1413.289904
1692.354082 1722.058925 1752.730193 1771.199879 1778.572037 1779.176247 1781.336726 1789.309508 1795.634951 1805.536071 1822.444516 1847.655838 1877.585336 1904.820196 1921.982696 1917.980300 1904.945804 1887.238097 1881.401643 1879.854212 1881.975584 1888.767162 1897.237358 1912.938539 1928.979555 1934.312575 1935.046068 1932.608178 1934.822322 1936.112746 1936.259893 1937.604188 1942.823730 1950.094597 1952.507934 1946.967919 1929.962760 1909.129245 1894.980687 1886.311498 1881.538856 1879.547161 1880.894729 1880.427441 1867.557844 1837.236660 1797.996956 1764.789046 1743.230311 1726.815959 1712.085303 1699.781833 1677.493347 1658.348008 1626.353290 1582.081050
1794.440229 1820.726991 1847.947261 1872.154211 1888.723951 1892.740297 1898.612655 1904.098463 1914.005520 1929.805694 1949.735919 1964.740532 1982.650083 2004.815400 2018.099643 2023.863098 2023.960532 2022.254483 2023.790144 2023.750092 1991.571008 1994.771643 1997.919177 2006.371971 2015.299345 2018.237979 2018.489102 2017.176125 2018.441707 2018.952081 2019.151312 2018.866729 2019.212453 2021.705779 2022.508513 2020.995029 2013.139443 2018.258456 2000.624018 1988.252507 1980.412233 1972.401538 1963.666616 1953.819496 1943.687110 1926.369781 1898.541161 1864.890462 1838.212938 1826.468318 1818.893341 1810.878977 1804.326052 1787.960576 1765.683900 1733.917528
1898.185196 1914.739097 1935.514082 1964.036004 1983.925793 1994.884008 2003.960311 2009.186336 2021.935305 2035.883714 2029.345305 2033.954456 2038.639823 2043.246613 2044.896419 2045.334456 2044.977699 2042.444971 2041.595863 2039.317357 2034.393017 2024.341296 2025.380139 2026.542746 2028.716813 2032.000020 2030.557831 2031.424839 2034.347362 2032.908623 2027.505559 2023.979102 2022.463455 2022.983241 2030.010899 2033.030169 2033.667703 2032.129546 2031.269863 2030.636781 2028.826018 2026.611997 2023.476388 2019.355664 2024.152936 2013.481586 1989.325855 1955.150580 1919.174025 1905.871680 1901.915336 1901.309048 1897.688544 1890.725874 1871.732335 1844.158640
2013.102543 2026.612088 2021.046357 2033.076007 2039.445369 2042.661032 2045.796055 2048.479606 2050.047487 2046.916423 2043.507722 2038.692109 2037.207730 2035.705751 2033.072745 2033.349551 2030.952146 2026.453916 2022.167681 2014.765273 2003.254762 1991.341351 1988.059234 1992.054035 1996.689138 2000.758698 2003.874042 2007.086738 2007.978280 2003.275309 1995.613333 1988.735161 1987.002624 1993.514670 1999.066440 2004.474013 2005.224958 2003.994947 2002.158125 2002.613095 2000.478307 2001.408694 2008.349917 2022.005909 2027.450537 2030.496322 2029.855993 2020.909460 2004.835417 2000.079411 1980.265057 1983.529965 1978.286333 1966.247809 1944.824290 1920.628181
2040.847208 2040.290354 2038.784887 2032.951318 2027.263291 2026.586885 2030.415434 2037.086189 2038.089107 2030.826533 2022.128000 2014.668759 2007.309212 2004.597408 2002.853260 2001.605763 2001.007237 1994.930194 1986.040054 1969.664358 1957.299568 1945.391053 1938.726662 1935.935087 1940.109299 1949.603289 1959.151855 1963.606599 1956.547219 1949.152835 1938.666407 1930.936413 1931.396099 1933.580306 1942.659187 1956.983942 1962.172694 1963.201868 1958.433978 1954.301116 1949.121506 1947.830194 1955.391690 1970.979218 1986.909089 2001.175095 2009.748544 2017.272460 2023.839812 2026.613442 2027.944915 2028.514299 2027.061941 2026.057650 2010.161447 1988.639572
2026.462149 2019.702262 2014.406023 2007.590781 2001.688209 1999.613221 2001.508013 2003.729351 1999.728121 1992.444809 1981.579052 1969.904691 1959.422923 1952.179916 1952.070685 1953.278531 1953.339900 1945.904696 1930.548551 1912.387413 1898.215413 1883.694156 1879.060908 1873.494681 1868.262060 1878.206413 1895.175031 1901.295284 1887.540297 1877.756329 1863.799727 1856.918424 1853.956710 1855.555587 1864.974277 1885.233383 1905.443635 1907.298905 1898.204162 1889.427124 1885.713151 1884.165816 1891.348742 1910.022177 1930.799966 1946.497135 1956.948269 1963.302582 1972.001764 1981.999980 1994.944567 2008.588791 2019.929797 2027.774279 2032.496586 2030.168768
1998.629451 1990.419872 1982.273204 1974.706463 1967.908134 1963.005313 1960.195986 1956.573135 1949.808434 1941.923379 1925.522465 1912.442010 1899.475026 1884.813886 1880.419245 1876.240729 1876.850289 1864.835110 1854.196521 1835.388336 1819.325591 1803.136046 1791.617928 1785.312984 1778.889994 1781.510209 1796.088943 1804.720967 1792.278629 1782.322411 1770.264725 1764.751034 1761.739230 1763.991419 1774.483627 1796.236205 1815.103853 1822.848447 1815.883976 1812.496394 1811.755124 1811.760565 1818.736722 1833.493937 1853.846970 1875.875394 1893.362994 1903.842752 1912.449716 1923.338447 1938.596784 1953.275884 1967.869280 1985.493335 2006.252968 2021.281474
1961.505631 1950.985151 1940.736780 1929.602340 1918.318259 1911.329888 1911.950850 1904.644556 1897.552513 1879.921059 1831.368470 1811.953597 1793.074758 1776.862281 1770.119253 1761.721212 1751.296642 1741.495264 1734.568265 1728.874678 1713.141634 1695.224901 1678.313527 1672.714353 1668.256258 1657.223166 1659.662254 1662.058664 1668.648040 1661.761325 1657.177907 1656.148352 1653.950663 1657.011068 1670.698807 1681.983492 1691.556577 1698.441615 1699.144223 1707.615178 1715.196157 1721.606616 1738.733617 1752.710867 1770.872651 1793.090140 1818.120501 1832.991194 1843.764368 1855.806180 1872.455965 1890.044077 1908.485986 1931.674329 1957.178271 1973.829526
1914.848094 1900.294330 1885.534507 1872.151689 1858.746829 1844.305229 1844.415562 1840.272434 1830.520582 1785.696661 1743.096495 1709.732577 1691.067081 1668.040839 1655.493196 1642.499250 1612.976299 1597.453839 1592.112036 1598.704322 1589.998571 1573.027419 1559.112920 1550.352613 1542.764861 1528.578623 1517.343228 1522.210036 1535.749014 1532.684696 1532.381727 1537.540878 1536.355553 1532.527619 1536.479772 1550.627524 1558.577031 1569.246921 1582.773413 1588.143026 1599.900720 1628.758959 1643.425286 1659.766668 1680.687363 1703.463015 1727.331557 1749.421914 1764.252237 1780.362959 1800.406640 1818.526254 1840.431236 1864.848227 1894.618487 1915.674131
1845.495680 1825.166596 1807.794228 1789.378944 1766.609613 1745.490321 1742.209081 1734.483519 1712.264237 1664.183036 1624.459138 1595.646318 1573.028766 1548.688406 1528.284674 1498.401901 1465.928534 1445.061723 1452.420470 1460.138828 1463.088556 1449.487175 1436.997024 1426.761800 1411.820518 1396.021939 1383.267285 1392.290750 1400.810426 1411.683592 1416.116225 1420.031248 1423.566081 1422.631257 1417.059300 1420.206416 1429.253880 1440.003871 1451.516207 1467.705181 1499.303100 1524.829954 1543.403333 1565.219248 1586.415881 1610.283626 1635.411742 1658.728908 1676.604885 1696.600847 1717.229738 1739.662658 1761.635970 1787.505278 1817.840166 1843.892375
1766.656054 1739.669341 1716.449814 1688.201167 1647.275816 1631.842568 1622.333934 1606.731299 1567.441533 1524.922817 1493.198548 1471.678943 1447.060875 1423.649196 1395.978851 1363.930885 1338.480992 1318.102247 1325.363564 1332.796526 1345.849886 1334.541588 1324.271859 1318.658274 1303.594142 1289.747133 1274.798981 1281.983755 1292.393727 1311.062127 1315.736600 1319.480636 1327.174545 1326.424508 1323.770065 1313.239448 1321.853975 1332.854324 1347.353210 1376.368467 1401.413562 1426.049860 1448.556386 1469.943409 1493.563796 1518.560634 1543.989177 1571.216618 1592.264243 1612.919227 1636.053704 1657.780450 1676.969540 1698.630844 1726.032302 1750.191296
1659.231865 1637.037658 1612.451946 1574.341887 1530.548795 1494.685357 1475.749897 1434.211690 1400.002602 1368.467017 1354.739311 1337.462957 1314.877138 1293.494915 1272.253461 1246.926881 1224.924994 1200.418809 1204.263932 1217.198492 1231.592003 1227.369397 1224.700044 1221.763738 1210.875238 1197.182674 1183.568499 1187.176227 1202.780417 1219.907606 1228.057299 1235.074474 1242.834334 1243.086812 1235.904220 1227.494241 1233.371420 1248.253394 1265.020243 1285.957932 1308.868925 1331.644934 1353.404255 1377.420886 1402.259234 1427.522229 1454.700491 1483.176292 1505.374521 1530.723761 1556.882999 1577.406590 1590.635979 1605.058557 1629.784500 1649.516393
1554.360647 1529.924693 1502.876185 1461.897420 1420.258819 1377.934624 1336.733973 1303.282572 1272.356599 1256.995417 1238.502581 1221.279069 1203.562782 1182.309156 1163.225089 1145.002215 1122.842265 1106.708911 1112.205040 1125.077678 1135.267776 1138.821839 1135.871027 1132.840964 1125.675471 1111.859425 1103.241866 1112.048828 1127.346108 1141.944269 1152.539815 1159.422715 1165.423724 1162.863567 1154.710320 1149.943378 1158.432618 1174.404705 1189.542438 1206.966201 1229.054488 1251.075515 1273.883623 1297.815259 1321.771243 1348.191587 1375.465952 1403.329384 1431.248587 1456.339450 1479.355437 1491.939639 1504.837217 1512.437770 1529.182707 1548.764383
1432.037917 1406.189364 1377.801167 1345.310557 1307.687616 1278.102716 1245.628711 1214.360040 1183.787659 1157.796875 1141.398382 1131.988351 1117.255707 1098.220660 1084.937718 1068.049691 1052.100404 1053.205484 1055.455705 1065.638681 1065.926918 1066.450871 1063.462769 1062.358985 1058.444718 1048.858400 1056.960367 1064.194911 1078.520713 1089.151378 1098.713942 1104.943103 1109.066457 1109.435244 1103.799377 1108.150112 1115.371322 1130.138142 1142.350034 1157.681976 1179.003190 1197.200254 1217.557367 1240.818316 1264.967578 1290.356748 1317.451917 1346.717861 1373.191234 1394.321706 1405.202635 1417.604339 1424.468326 1419.723350 1435.062336 1451.455560
