tests/Borden05m/data_simulated/sim_1/output-maps/psiliqL0003N0013.asc
ncols         160
nrows         34
xllcorner     620200.000000
yllcorner     5168000.000000
cellsize      0.500000
NODATA_value  -9999.0
[rows 0 to 24 of 34, columns 56 to 111 of 160]
-9999.0 -9999.0 -9999.0 -9999.0 -9999.0 -9999.0 -9999.0 -9999.0 -9999.0 -9999.0 -9999.0 -9999.0 -9999.0 -9999.0 -9999.0 -9999.0 -9999.0 -9999.0 -9999.0 -9999.0 -9999.0 -9999.0 -9999.0 -9999.0 -9999.0 -9999.0 -9999.0 -9999.0 -9999.0 -9999.0 -9999.0 -9999.0 -9999.0 -9999.0 -9999.0 -9999.0 -9999.0 -9999.0 -9999.0 -9999.0 -9999.0 -9999.0 -9999.0 -9999.0 -9999.0 -9999.0 -9999.0 -9999.0 -9999.0 -9999.0 -9999.0 -9999.0 -9999.0 -9999.0 -9999.0 -9999.0
-9999.0 -9999.0 -9999.0 -554.752115 -556.187836 -557.185029 -557.748200 -559.769841 -561.347355 -563.199258 -563.496114 -563.285853 -563.619252 -564.358149 -563.369701 -562.081159 -560.978659 -559.453158 -559.736804 -559.550290 -558.969235 -558.813641 -559.079180 -559.783336 -560.244373 -560.785711 -560.061426 -562.171738 -564.943738 -567.070113 -567.503176 -565.690692 -564.612231 -564.803716 -563.792618 -561.592047 -559.710930 -559.058528 -556.796260 -557.088157 -556.182618 -554.738889 -555.908164 -556.198280 -556.050055 -555.665101 -558.785768 -9999.0 -9999.0 -9999.0 -9999.0 -9999.0 -9999.0 -9999.0 -9999.0 -9999.0
-560.865692 -556.735118 -556.992753 -562.885028 -563.476842 -563.608161 -563.338311 -564.183408 -566.387875 -566.947569 -568.585010 -569.288850 -569.474603 -570.124359 -569.599247 -566.878903 -564.956493 -564.399683 -564.788516 -564.974908 -565.561678 -565.976189 -565.847052 -566.520334 -567.145435 -567.808238 -567.627149 -565.955242 -567.986108 -569.017876 -570.021739 -571.083787 -570.675892 -570.335830 -570.182756 -567.623919 -566.614008 -565.893882 -562.438592 -559.241980 -558.393167 -559.670783 -561.076989 -560.750913 -560.912872 -562.255822 -563.553355 -563.606252 -564.228589 -564.507181 -565.723517 -563.878440 -563.847805 -561.769908 -560.023593 -557.965255
-566.302049 -561.553108 -561.853805 -566.340514 -569.050431 -569.896357 -569.304668 -567.404888 -568.155623 -569.752266 -572.174830 -569.453376 -569.816300 -570.063140 -569.569885 -568.681814 -568.318542 -567.894841 -567.244255 -564.815530 -564.982546 -565.190665 -565.069740 -565.494653 -566.276441 -566.221051 -566.652053 -568.673569 -568.366616 -567.881371 -568.319466 -566.331439 -566.212106 -565.087329 -568.583528 -567.995377 -567.127082 -566.494828 -566.034228 -565.476311 -564.737936 -566.264257 -565.198461 -566.453414 -569.220188 -569.937704 -569.746276 -567.547531 -566.446955 -567.826350 -572.669906 -570.094428 -564.717440 -565.093816 -565.917187 -563.287553
-569.371299 -568.355289 -568.953333 -570.844490 -569.029988 -567.562917 -566.629682 -567.478175 -569.204164 -571.282808 -566.952234 -565.159834 -566.100296 -565.605161 -564.361296 -564.327541 -569.691999 -571.095835 -568.991910 -566.768138 -565.827481 -566.787071 -567.257016 -568.175430 -568.173509 -567.616370 -568.192445 -567.375851 -566.660028 -567.566136 -566.197523 -564.626453 -563.147677 -566.497351 -569.571205 -569.380228 -566.837087 -564.971972 -563.997272 -561.338911 -557.242224 -557.913087 -558.866078 -559.382439 -559.973174 -564.861948 -569.298522 -571.076442 -571.869355 -573.185561 -572.146654 -573.086124 -568.777779 -569.098539 -569.758731 -567.692472
-573.142586 -567.802719 -566.492367 -569.412692 -570.997686 -571.700760 -571.239802 -571.816842 -571.729666 -567.896772 -565.755750 -562.173777 -563.445145 -563.330759 -563.481414 -567.120770 -569.931005 -571.808202 -566.248903 -561.787319 -560.316576 -561.478030 -562.474269 -558.590734 -559.736770 -560.252676 -562.595585 -561.763778 -562.096359 -557.953988 -556.314996 -554.114460 -554.960618 -559.095820 -562.602362 -562.803890 -562.412797 -562.780299 -561.752118 -559.081510 -555.753116 -558.149949 -559.267792 -559.183303 -566.561242 -572.364336 -574.394837 -570.459767 -568.207124 -568.633832 -568.267822 -568.086097 -570.934526 -570.253852 -569.955508 -571.289044
-562.604578 -559.527958 -554.601477 -557.938470 -560.338872 -564.556167 -564.106741 -563.603498 -562.144372 -560.061500 -556.175262 -548.786948 -550.202860 -549.736744 -547.378032 -551.410936 -555.219507 -560.856574 -554.516772 -552.972608 -550.859782 -551.134043 -546.353927 -542.068967 -544.703781 -548.354060 -552.711426 -550.083475 -544.375510 -538.957873 -537.621998 -536.952187 -536.032890 -539.893729 -540.990004 -541.818298 -541.437908 -543.932599 -543.745810 -539.676758 -532.765527 -532.018395 -535.419619 -542.141854 -552.363948 -561.611969 -566.587121 -561.006169 -562.670998 -563.473164 -562.583492 -566.140086 -568.215505 -565.254259 -567.944164 -570.014216
-559.470967 -556.413232 -550.751453 -553.163515 -557.606792 -562.378337 -562.327457 -559.518025 -558.046232 -552.549605 -544.755245 -535.609396 -530.329068 -525.604402 -520.338978 -524.387089 -528.895567 -533.964496 -532.908239 -526.937102 -520.837083 -513.625228 -505.235901 -495.976593 -498.347976 -503.157925 -503.661356 -501.552537 -491.494762 -481.627061 -477.310145 -474.416259 -468.919028 -472.720020 -479.474443 -486.960337 -494.120270 -500.237780 -504.913217 -496.575586 -487.226069 -489.011498 -505.990958 -519.603985 -533.656364 -546.193809 -558.782218 -558.589912 -556.483832 -554.545559 -559.068738 -561.347711 -565.470632 -566.370120 -566.049526 -570.518438
-533.456664 -526.205274 -517.691713 -513.980513 -521.749690 -522.994591 -520.215848 -514.320405 -511.986049 -504.713935 -483.243587 -445.780340 -409.167682 -384.143825 -379.974889 -387.368799 -398.194073 -416.450113 -426.615578 -411.298602 -395.199053 -382.522414 -374.492151 -367.839094 -363.154343 -363.540712 -363.487690 -362.153577 -360.501666 -357.225669 -353.223509 -349.066647 -344.183180 -342.579167 -348.507328 -354.262523 -360.409007 -365.955414 -367.384424 -369.003943 -365.646359 -366.137128 -378.164351 -400.774449 -439.043271 -477.639859 -501.764755 -517.494975 -517.697892 -524.770221 -530.669869 -537.185942 -550.503264 -554.253966 -556.437875 -567.106039
-477.531291 -446.309200 -423.095772 -402.307644 -399.042119 -394.792538 -391.023133 -385.218200 -380.351064 -376.095986 -357.281772 -331.833084 -304.793678 -281.955659 -273.236013 -281.328642 -290.440297 -300.865742 -309.630992 -309.089337 -297.714157 -283.999841 -270.936929 -262.469125 -259.492703 -260.892998 -260.755564 -259.950775 -257.549402 -256.139277 -252.646967 -247.148403 -237.768575 -225.951764 -228.214461 -242.863531 -254.558585 -268.389690 -274.713976 -278.133384 -283.438792 -284.190327 -284.634462 -304.834318 -326.860521 -350.528820 -371.423157 -386.770007 -412.025583 -439.741310 -462.952710 -495.920505 -519.818895 -536.975972 -548.780722 -559.756741
-359.420342 -338.432348 -316.959516 -303.197316 -297.202773 -294.042444 -290.013957 -283.684393 -278.321189 -271.090155 -255.706629 -224.860975 -189.796232 -157.027658 -149.639115 -156.769738 -166.264967 -178.389541 -184.973584 -188.762500 -184.174333 -175.565378 -164.324849 -153.205232 -143.782832 -141.461454 -141.543993 -141.875544 -142.188001 -139.791498 -138.573071 -135.953669 -126.126016 -119.020531 -114.655445 -125.314149 -138.971455 -155.353884 -166.350068 -179.821199 -188.412631 -190.543940 -190.649586 -191.561945 -210.606823 -240.120339 -277.614022 -303.039144 -322.949443 -335.192094 -347.242130 -357.277576 -380.457820 -397.584388 -436.752067 -477.531788
-271.250797 -247.205280 -220.967356 -201.606144 -189.897727 -184.911538 -175.319035 -166.698512 -158.863370 -147.500432 -133.698280 -114.045711 -84.890108 -29.220820 -10.696040 -12.969460 -21.728714 -58.865511 -38.336089 -65.028620 -64.066275 -33.474584 -29.468391 -17.010177 -27.506466 0.694957 0.402364 -1.101397 -23.144103 0.787428 0.602018 -23.432740 1.637336 -16.890965 8.685698 -17.337807 -5.396000 -22.151096 -40.873836 -80.732967 -91.361953 -96.716494 -98.269262 -100.945391 -110.342878 -134.310966 -170.499382 -205.181298 -230.265470 -248.000223 -260.377405 -268.643406 -275.245382 -287.861218 -310.992009 -341.886284
-169.533999 -148.382197 -126.377874 -103.794232 -82.988969 -70.458077 -32.710858 -27.133102 -16.998736 -2.492479 -9.209709 21.542028 33.444260 51.612578 60.587512 65.447392 67.527806 66.812425 70.173048 68.617011 68.307686 69.931610 69.787425 70.656261 72.045482 73.921114 72.778556 73.818430 72.559973 74.020324 74.056222 72.643726 72.127147 70.922675 72.077867 70.600346 69.682764 62.145037 48.014587 34.797993 29.506876 22.338121 14.319649 5.701170 -3.075098 -16.141755 -69.534907 -106.116208 -138.350767 -157.413836 -166.498442 -172.267010 -176.953399 -189.867627 -208.949826 -233.521420
-32.034423 -19.580132 -4.489622 -3.796560 31.934153 40.904825 50.071873 54.174689 63.743821 74.057434 74.117491 76.270799 75.079710 76.657500 75.201547 76.767503 75.227485 74.573923 73.185558 73.151120 67.334288 58.670549 60.180185 61.039381 63.525528 66.366013 65.556743 65.770669 69.145938 67.057235 62.334206 59.206866 57.595529 57.521031 63.425373 66.912174 66.511137 68.013806 67.573794 67.113956 67.240333 66.849216 66.859169 66.957012 62.161243 54.358000 34.949635 8.535476 -20.212774 -66.897387 -80.304060 -80.796057 -84.809397 -91.515623 -111.854071 -141.366492
56.473844 66.856844 75.986194 76.145298 77.305800 76.148422 78.948831 79.221633 80.534157 75.287600 73.391245 68.034417 67.786347 65.511430 64.253154 64.402613 62.833710 59.152296 56.148805 50.822842 39.707998 27.893556 26.245815 30.671343 35.369970 38.424953 41.716653 45.997391 47.758395 40.443104 34.525938 28.004794 25.752118 31.099263 15.455496 39.826079 19.587714 39.285853 38.472460 38.839836 37.343520 37.872329 44.124557 56.761743 64.618993 64.450923 64.482728 63.964814 63.510328 42.733883 24.149115 26.524514 22.662095 12.168131 -14.442263 -60.687030
71.043505 70.228172 68.669683 62.776522 57.569723 57.351017 60.810302 67.424353 68.329723 62.522876 55.238665 48.909185 41.409066 20.429117 37.595762 36.671826 36.967380 31.817825 25.271681 9.982894 -30.620314 -47.650410 -55.338998 -56.523019 -50.639563 -41.410005 -29.973444 -7.493445 -0.049175 -34.811924 -49.314807 -58.556739 -59.285799 -57.524060 -52.543296 -39.981035 -39.752988 -36.370067 -38.961007 -40.974848 -44.966598 -44.060230 -31.178942 11.058247 25.485200 36.786763 44.054021 51.426680 56.916087 63.811062 63.651318 63.692561 63.548882 59.598029 46.932701 28.699172
56.866748 50.937913 46.988126 38.557713 32.662818 31.575642 34.304122 38.197760 35.004470 29.571466 19.955183 7.375060 -30.708782 -43.914745 -43.069201 -41.638824 -41.785283 -47.929282 -62.034630 -80.497937 -99.392414 -115.616276 -120.520268 -124.775291 -126.356671 -115.103285 -98.381742 -89.204638 -98.643381 -111.922396 -127.056020 -135.578753 -138.552683 -137.415551 -129.334435 -112.920085 -98.204401 -97.233813 -104.991506 -112.338361 -115.736045 -115.899759 -105.117141 -80.650498 -59.741770 -44.425287 -30.319612 2.381603 11.371033 20.437584 30.451727 41.977480 52.210709 62.679601 63.126508 63.010420
31.697832 23.452883 9.579171 -19.759118 -30.576416 -36.308876 -39.357238 -41.600921 -47.640100 -53.991297 -63.911773 -77.146681 -93.795406 -109.255068 -113.336175 -115.723145 -114.293987 -125.339695 -137.106072 -156.979245 -173.006075 -188.278822 -196.072111 -201.138382 -205.590693 -197.332853 -180.671257 -170.588722 -185.185373 -195.904568 -209.706016 -216.608614 -219.934383 -219.289975 -211.143313 -190.084002 -173.157178 -167.869306 -175.664504 -182.358691 -185.105475 -184.743704 -178.318229 -160.615647 -139.492695 -119.251333 -103.187557 -89.056400 -79.134967 -67.820152 -52.365378 -33.946379 5.164216 21.719129 38.657383 51.902275
-35.912792 -47.733302 -60.048116 -75.394758 -88.271358 -95.349647 -95.773269 -102.869515 -109.252718 -118.642610 -157.163854 -172.078074 -189.075624 -203.160159 -208.050100 -214.833941 -218.032667 -227.179156 -234.277195 -245.229299 -259.188612 -273.073217 -284.584575 -287.685909 -290.438573 -292.955677 -283.864227 -279.876292 -282.715420 -289.014342 -295.618958 -299.173538 -301.322175 -298.353167 -288.174129 -278.226767 -268.763881 -264.787693 -269.978418 -265.746876 -260.684640 -260.382300 -246.655761 -233.385898 -216.604393 -196.429604 -175.097175 -162.868056 -153.145626 -141.809641 -125.591909 -106.730754 -84.524450 -59.937320 -31.815760 9.154771
-89.440465 -103.406024 -118.029710 -131.698255 -144.664789 -156.344861 -156.482408 -160.520537 -166.378582 -195.743009 -233.719573 -260.307888 -274.881387 -291.064296 -298.442543 -305.840325 -323.729571 -334.714884 -341.133492 -340.226851 -348.532360 -359.617346 -368.093797 -371.471893 -373.578320 -378.910681 -380.736983 -378.655477 -373.642009 -378.158843 -380.974103 -379.889541 -381.439064 -382.143957 -376.616472 -368.570086 -364.053128 -359.249063 -354.493260 -351.491501 -346.466328 -328.267152 -316.393219 -305.128382 -289.561662 -271.761781 -252.351549 -236.004512 -224.997522 -212.269293 -194.496821 -177.951391 -156.448669 -131.913373 -102.310261 -79.088519
-154.942738 -172.250588 -187.063133 -201.820541 -216.926688 -236.123568 -238.381354 -244.949352 -254.760786 -287.977824 -319.598031 -344.501188 -359.345408 -373.584081 -382.874495 -403.279214 -439.975801 -462.179351 -462.341612 -457.156282 -463.276359 -478.403285 -489.881789 -497.110102 -503.943551 -512.570138 -517.434995 -512.851019 -507.972448 -508.232871 -508.618436 -507.001647 -507.230698 -507.704698 -507.060881 -498.246082 -491.672186 -484.280697 -477.712086 -471.530159 -444.347987 -412.372339 -390.042121 -373.557699 -359.875417 -342.710888 -323.115032 -307.112701 -295.701163 -281.142093 -264.954520 -247.110567 -227.763596 -203.641578 -174.928970 -151.504583
-218.545090 -241.353360 -259.450853 -277.694929 -304.057407 -315.865412 -323.710478 -330.726028 -351.528086 -376.540950 -407.670864 -449.344043 -477.048290 -495.781077 -510.175841 -524.065796 -535.277378 -541.955154 -537.945419 -535.725413 -532.066642 -537.861331 -542.473677 -543.633006 -547.861116 -551.607049 -556.513769 -552.639646 -550.797786 -546.125804 -546.505716 -546.351017 -544.278774 -545.280456 -545.650786 -548.538365 -545.237521 -543.224702 -540.740362 -532.055925 -523.127799 -512.782282 -502.064470 -487.436655 -465.616260 -432.574535 -396.144118 -372.928142 -359.029322 -344.228016 -326.628778 -310.963215 -295.787555 -277.157371 -253.729418 -232.381056
-299.440664 -315.790305 -333.505166 -356.894471 -383.721406 -410.782095 -425.306781 -457.645233 -485.175441 -512.468001 -526.220399 -533.644470 -540.865450 -546.089067 -550.093738 -556.367984 -560.732918 -567.249988 -564.727549 -561.220518 -556.230437 -560.231849 -560.843257 -560.028869 -562.473796 -565.076561 -569.273329 -568.586252 -565.169095 -561.102471 -561.210746 -560.365879 -558.057903 -558.005612 -559.863695 -563.563389 -562.634445 -560.178177 -557.761198 -553.030229 -548.479594 -543.863800 -539.659605 -533.581741 -525.948448 -516.671227 -502.771408 -482.571686 -462.158866 -428.346516 -391.274193 -371.208257 -360.963676 -348.450995 -327.431756 -311.169794
-370.979968 -386.773292 -417.130303 -466.232183 -501.001868 -523.821191 -535.222779 -544.581888 -552.765791 -555.890668 -558.787213 -561.906327 -564.500247 -567.296284 -569.789821 -571.819079 -575.038691 -581.351782 -578.665508 -574.966838 -570.831357 -570.652337 -571.086702 -570.746958 -571.713821 -574.593581 -579.616540 -577.434007 -574.308497 -571.486530 -570.573379 -570.010778 -568.282121 -569.520177 -572.108484 -575.771949 -574.173437 -571.287094 -569.655778 -567.564245 -564.455094 -561.134517 -557.779010 -553.826635 -549.706049 -544.087110 -537.520154 -529.685865 -520.576429 -509.302132 -493.116798 -480.683426 -464.871862 -445.381261 -413.716455 -386.353326
-490.453655 -507.083008 -520.353601 -532.830601 -545.131122 -551.395458 -556.812444 -561.323298 -565.900704 -568.705723 -570.784546 -569.710508 -570.676888 -573.580284 -573.442248 -574.979487 -579.999973 -578.114657 -576.658164 -572.564413 -573.325773 -573.540637 -574.507781 -573.841087 -574.483441 -579.353261 -576.811366 -575.723945 -572.845689 -572.305035 -571.665459 -571.187787 -570.661312 -571.225317 -574.673593 -573.925657 -572.987399 -570.346671 -570.216380 -569.090700 -565.993528 -564.973348 -562.989728 -560.168832 -557.111389 -553.419291 -548.868902 -542.544819 -535.978030 -529.614785 -527.348443 -522.800662 -518.831302 -521.479589 -512.339408 -501.345231
