tests/Borden05m/data_simulated/sim_1/output-maps/psiliqL0014N0014.asc
ncols         160
nrows         34
xllcorner     620200.000000
yllcorner     5168000.000000
cellsize      0.500000
NODATA_value  -9999.0
[rows 0 to 24 of 34, columns 56 to 111 of 160]
-9999.0 -9999.0 -9999.0 -9999.0 -9999.0 -9999.0 -9999.0 -9999.0 -9999.0 -9999.0 -9999.0 -9999.0 -9999.0 -9999.0 -9999.0 -9999.0 -9999.0 -9999.0 -9999.0 -9999.0 -9999.0 -9999.0 -9999.0 -9999.0 -9999.0 -9999.0 -9999.0 -9999.0 -9999.0 -9999.0 -9999.0 -9999.0 -9999.0 -9999.0 -9999.0 -9999.0 -9999.0 -9999.0 -9999.0 -9999.0 -9999.0 -9999.0 -9999.0 -9999.0 -9999.0 -9999.0 -9999.0 -9999.0 -9999.0 -9999.0 -9999.0 -9999.0 -9999.0 -9999.0 -9999.0 -9999.0
-9999.0 -9999.0 -9999.0 1026.492419 1021.112553 1016.084929 1011.430067 1002.784685 993.825916 985.757138 982.066034 981.433080 980.934091 980.806744 986.285850 994.536349 1002.400695 1009.746435 1012.350128 1014.959941 1017.332847 1017.953170 1016.873037 1013.774433 1010.596742 1007.304407 1005.865812 997.923663 986.639937 977.932490 975.221500 979.634403 984.080628 986.537310 992.271968 1002.888869 1013.563462 1021.963999 1033.727593 1039.419042 1044.295573 1046.936939 1042.518428 1038.649354 1034.490310 1029.015549 1017.791123 -9999.0 -9999.0 -9999.0 -9999.0 -9999.0 -9999.0 -9999.0 -9999.0 -9999.0
990.089132 1010.359570 1013.756263 1002.499263 997.697758 994.616921 992.826725 988.256239 979.884873 974.930057 969.834058 968.230015 968.596064 968.947459 973.300627 983.749925 991.933339 996.888862 999.603014 1002.405643 1002.188711 1001.805056 1001.640757 998.893050 995.584748 992.303592 990.596258 991.179259 983.658689 978.191973 974.772796 973.022502 975.538410 977.908104 981.323339 990.697466 998.724939 1006.738133 1020.938783 1033.199756 1038.206896 1035.373815 1030.039613 1025.835527 1018.678561 1008.200399 997.612975 987.870841 980.630642 974.728538 968.552050 974.148644 980.417127 989.846217 999.108004 1010.786132
975.121022 995.511057 998.567602 988.081048 980.079429 975.176249 975.675481 978.604660 975.431874 971.132473 966.296136 975.260347 976.865482 978.291729 981.852362 985.096561 988.582498 991.508041 997.059826 1006.238134 1009.143881 1009.841192 1010.128448 1008.420062 1005.409063 1003.693877 1001.033918 995.925439 994.853363 995.146498 994.844312 999.738746 1001.207315 1002.970991 996.315934 999.833688 1005.914624 1012.618279 1018.899312 1025.314611 1028.895007 1025.259149 1024.039519 1015.128835 1000.781259 989.231165 980.353986 978.180613 974.515361 966.133759 952.818083 959.466007 974.509831 978.608128 981.421877 992.644292
970.832458 982.845076 986.137185 981.460568 983.161159 985.074081 986.866731 985.620420 982.965197 981.208691 993.952378 1003.673791 1005.835175 1009.078820 1013.050100 1012.816077 1001.243366 999.073495 1007.468396 1017.941931 1023.878956 1024.293149 1024.369624 1022.337204 1021.427443 1021.148257 1019.078903 1019.828749 1022.273866 1022.137072 1026.672653 1032.306896 1035.198743 1027.556057 1018.408729 1019.222023 1026.871025 1034.918947 1042.068564 1052.430867 1063.368869 1061.979088 1055.871427 1046.239981 1032.047042 1007.986511 987.934599 976.399604 968.517617 960.629104 960.159068 956.309984 967.086036 968.117026 969.403436 976.996528
977.206381 998.749966 1006.939980 1001.465315 996.915475 994.667583 995.809374 996.323725 999.601172 1012.236563 1026.305756 1041.000876 1044.171468 1047.100004 1046.987259 1038.367068 1028.406684 1024.944027 1039.761494 1056.167588 1064.633729 1065.438822 1064.689441 1071.444560 1070.277006 1068.783574 1064.116392 1066.195967 1067.556232 1077.266014 1084.969013 1092.120969 1090.311696 1078.215568 1066.591225 1064.959712 1067.685408 1070.987418 1077.056228 1087.000428 1096.291953 1090.708914 1083.019658 1072.390005 1043.162821 1015.522548 998.026265 997.348225 996.681639 990.966060 987.019531 983.083830 975.490254 974.250833 972.663555 971.398856
1027.212115 1047.790057 1063.945372 1058.746694 1051.253078 1041.713096 1042.754355 1046.111052 1054.579553 1067.980304 1085.719326 1110.128954 1113.366148 1116.900809 1119.809122 1108.909608 1096.870987 1086.056602 1104.275276 1114.769677 1123.608881 1125.374505 1135.138475 1145.069354 1140.712389 1132.943289 1122.746089 1129.167298 1140.822617 1156.054755 1163.015081 1166.986782 1165.538581 1154.204082 1148.187268 1146.566572 1148.647046 1146.130035 1150.585111 1160.400965 1174.958261 1173.754776 1164.267278 1140.947780 1103.007941 1067.944354 1046.964684 1051.761532 1043.920829 1036.123772 1031.570430 1016.799260 1005.154904 1004.340308 993.952814 987.005107
1075.645236 1094.598806 1113.458413 1109.144427 1099.216012 1086.371697 1086.295663 1094.172376 1104.873477 1124.440335 1147.701401 1172.017344 1180.446040 1183.648192 1193.666399 1187.619893 1178.512278 1170.564692 1182.392722 1194.531434 1206.420465 1216.191754 1229.067013 1240.610159 1230.766418 1218.646818 1213.346637 1218.795689 1238.905132 1256.515926 1261.715296 1262.927076 1265.483286 1256.068398 1249.324420 1242.493291 1237.279465 1231.341187 1227.099158 1245.209800 1261.371453 1259.090962 1235.133140 1210.185920 1172.726914 1133.913587 1101.137899 1100.179192 1096.264639 1094.312009 1078.515054 1062.167705 1045.187604 1035.005057 1025.041088 1010.206686
1166.314518 1187.677244 1209.597054 1210.677652 1194.437767 1186.783950 1191.942441 1205.082498 1212.823189 1228.948728 1253.303687 1285.234585 1306.585718 1325.642750 1330.377464 1322.506786 1313.919563 1301.155512 1299.736938 1317.188090 1329.245002 1339.874923 1350.523858 1362.915708 1368.142967 1365.416860 1364.959227 1368.304011 1375.782068 1385.063939 1391.778348 1396.995838 1402.249520 1397.938593 1387.465780 1381.069742 1372.282349 1365.615419 1362.877110 1365.534650 1376.522918 1373.731105 1346.434812 1318.683113 1285.656268 1247.691713 1215.566240 1197.834974 1203.374489 1191.676605 1172.355603 1152.209813 1116.827652 1100.017298 1083.510169 1053.752083
1269.694331 1297.939475 1313.105306 1326.665862 1321.970898 1323.957327 1328.461569 1336.237189 1341.603218 1349.895395 1382.726400 1417.832298 1447.140969 1471.541419 1480.417899 1470.466884 1461.061541 1449.309509 1440.134357 1444.728261 1459.173810 1475.756553 1491.211119 1502.310276 1505.833094 1504.682321 1505.028400 1507.141038 1510.184210 1513.276595 1519.461752 1526.585530 1536.295022 1546.813718 1540.534725 1523.703044 1511.420560 1497.837479 1492.798316 1491.040220 1489.107159 1488.398215 1479.450219 1446.866889 1417.579621 1384.922244 1356.039942 1334.774209 1320.889398 1300.390473 1276.634760 1229.452823 1188.584464 1153.185980 1125.823904 1097.321616
1386.262645 1417.305308 1441.255463 1456.784777 1459.893646 1462.882807 1466.011713 1472.246124 1477.743648 1485.033251 1508.175949 1545.889675 1583.177768 1613.135058 1617.147318 1607.851523 1597.672497 1587.549613 1576.758591 1573.397217 1581.438052 1592.680769 1608.780670 1619.904744 1629.122540 1628.251438 1628.687362 1629.263330 1631.339066 1633.177704 1635.198203 1642.236245 1654.010649 1665.164781 1665.837716 1652.021730 1634.872770 1617.497060 1610.349483 1604.132694 1597.821332 1597.434073 1597.475153 1588.794349 1562.749101 1526.217872 1483.552888 1457.290453 1435.773593 1421.748324 1404.554900 1376.876909 1324.048909 1292.311050 1256.667001 1222.708310
1501.487009 1531.304987 1562.065049 1580.951891 1588.898052 1589.861340 1592.306686 1600.215098 1606.676808 1616.811063 1633.646936 1658.167559 1687.598055 1714.600312 1731.830211 1728.028117 1715.279843 1697.822335 1692.239032 1690.749463 1692.726323 1699.293166 1707.385886 1722.771425 1738.541401 1743.868403 1744.621396 1742.232360 1744.348038 1745.510002 1745.545461 1746.631476 1751.455540 1758.441144 1760.778575 1755.549795 1739.101451 1718.696756 1704.389835 1695.495773 1690.526194 1688.196232 1689.174877 1688.398433 1675.796565 1646.081195 1607.423038 1573.979008 1551.865443 1535.143454 1520.384523 1508.113845 1486.850317 1467.873935 1436.244996 1392.271794
1604.785657 1630.898026 1657.977061 1682.380996 1699.216754 1703.648805 1709.762342 1715.139407 1725.058650 1740.716829 1760.130655 1774.660840 1792.094624 1813.791133 1826.682410 1832.360875 1832.497743 1830.908345 1832.409494 1832.301057 1803.164401 1806.097621 1808.984311 1816.643355 1825.000121 1827.752700 1828.035738 1826.900163 1828.070296 1828.459014 1828.548659 1828.135828 1828.166612 1830.326105 1830.972469 1829.569427 1822.264837 1826.191183 1808.857272 1796.572320 1788.710276 1780.683884 1771.913345 1762.094901 1752.061705 1735.170480 1707.747767 1674.253317 1647.137674 1635.069348 1627.410443 1619.507361 1612.944217 1596.701151 1574.514033 1543.134823
1709.410469 1725.815084 1746.372747 1774.325403 1793.896956 1804.832540 1813.821276 1818.930009 1831.358582 1844.869657 1839.135479 1843.300657 1847.545566 1851.689110 1853.115480 1853.422827 1853.006339 1850.434386 1849.590498 1847.350631 1842.299157 1832.306099 1833.322202 1834.462968 1836.674306 1840.014125 1838.664784 1839.616317 1842.559225 1841.062291 1835.563512 1831.908885 1830.232437 1830.558326 1837.427541 1840.323039 1840.913070 1839.574673 1838.746822 1838.131175 1836.441425 1834.407999 1831.580925 1827.886777 1831.805033 1821.408354 1797.753497 1764.284744 1728.918858 1715.103860 1710.625961 1710.030892 1706.277913 1699.249137 1680.185153 1652.702284
1822.854047 1836.263862 1832.323064 1843.277874 1849.121204 1852.092995 1855.046657 1857.582277 1858.861305 1855.631769 1852.134207 1847.285582 1845.738464 1844.123249 1841.380837 1841.569955 1839.122206 1834.635594 1830.415941 1823.145810 1811.654207 1799.660289 1796.417299 1800.431070 1805.053895 1809.145909 1812.307090 1815.648381 1816.701747 1811.988030 1804.205254 1797.167373 1795.203855 1801.473592 1806.811498 1811.948295 1812.587007 1811.323339 1809.538566 1810.044457 1807.996265 1808.991136 1815.952323 1829.571947 1835.378038 1838.248538 1837.735348 1829.647759 1815.032673 1808.674046 1788.879741 1791.898764 1786.632743 1774.570575 1753.196187 1729.131330
1850.053412 1849.652823 1848.081042 1842.233717 1836.514958 1835.778203 1839.502742 1846.043963 1846.981058 1839.702868 1831.035023 1823.557708 1816.123565 1813.250700 1811.295571 1809.915704 1809.245683 1803.196918 1794.496867 1778.308731 1765.882745 1753.869162 1747.137323 1744.494948 1748.843186 1758.318534 1767.820324 1772.429044 1765.696992 1758.312859 1747.740838 1739.784784 1739.990751 1742.041083 1750.843791 1764.708849 1769.512370 1770.461761 1765.810267 1761.872359 1756.811231 1755.690858 1763.398449 1779.075823 1794.980872 1809.190412 1817.794472 1825.364924 1831.883884 1835.049203 1836.195080 1836.649724 1835.265917 1833.872262 1818.185171 1796.966233
1835.936222 1829.271200 1823.936184 1816.983687 1810.916704 1808.722872 1810.537558 1812.731204 1808.737570 1801.449129 1790.621315 1778.932685 1768.293934 1760.953726 1760.630540 1761.689240 1761.632146 1754.293687 1739.099620 1721.063470 1706.874672 1692.299656 1687.623238 1682.158179 1677.279840 1687.371438 1704.267678 1710.457162 1697.024210 1687.271635 1673.239011 1666.084432 1662.969616 1664.397096 1673.615615 1693.427350 1713.068309 1714.768775 1705.772657 1697.146488 1693.491152 1692.092552 1699.540988 1718.432775 1739.212105 1754.907539 1765.417412 1771.906473 1780.651835 1790.612087 1803.316488 1816.771569 1827.971986 1836.094531 1840.392557 1838.256895
1808.228202 1800.052907 1791.802091 1784.047730 1777.072944 1772.003040 1769.031814 1765.405438 1758.609814 1750.764716 1734.959305 1721.897251 1708.879276 1694.133637 1689.592370 1685.424657 1685.998897 1674.002961 1663.209220 1644.267760 1628.194803 1611.996491 1600.711112 1594.426486 1588.143021 1591.332280 1606.183768 1614.978547 1602.311297 1592.271853 1579.923883 1574.108867 1570.908201 1572.902159 1583.163018 1604.911753 1623.650706 1631.192739 1624.178495 1620.527903 1619.671861 1619.816132 1626.860805 1642.019859 1662.619516 1684.621384 1701.969175 1712.483173 1721.169616 1732.083280 1747.260479 1761.880321 1776.420978 1793.931320 1814.384975 1829.240665
1771.021723 1760.538644 1750.202503 1738.903356 1727.452633 1720.308717 1720.646727 1713.180189 1705.977436 1688.947418 1641.154957 1621.972419 1603.066135 1586.762471 1579.916955 1571.444617 1561.545616 1551.640919 1544.524119 1538.114054 1522.260292 1504.353939 1487.559126 1481.943374 1477.471532 1467.168016 1470.417494 1473.092304 1478.757863 1471.750584 1466.727588 1465.251879 1462.890470 1465.929324 1479.505537 1490.958447 1500.789369 1507.583309 1507.821085 1516.065872 1523.591128 1529.639885 1546.792111 1561.096213 1579.547044 1601.941370 1626.875724 1641.624457 1652.415521 1664.480449 1681.115738 1698.709658 1717.103681 1740.249501 1765.562322 1782.124745
1724.456292 1709.993663 1695.166940 1681.618665 1668.020850 1653.574985 1653.397252 1648.988607 1639.286182 1595.514962 1552.788663 1519.484237 1500.592176 1477.492252 1464.900851 1452.111992 1423.362308 1407.961325 1402.114022 1407.884663 1398.644205 1381.463088 1367.299363 1358.581261 1351.180029 1337.382081 1326.955187 1331.752275 1344.819223 1341.321638 1340.572779 1345.343409 1343.950920 1340.261075 1344.738131 1358.974983 1367.088274 1377.666566 1390.789702 1396.268011 1407.653173 1436.136789 1451.093150 1467.650412 1488.886243 1511.932733 1535.969508 1557.976295 1572.809783 1588.902934 1608.967476 1627.087314 1649.009213 1673.466868 1703.120476 1724.001068
1655.256667 1635.040167 1617.632379 1599.188581 1576.677043 1555.269467 1551.710721 1543.680745 1522.046094 1474.336269 1434.118353 1404.605589 1381.680515 1356.956238 1336.653665 1307.310258 1274.868365 1253.957720 1260.402508 1267.730032 1269.738435 1255.802944 1243.017356 1232.621604 1217.932932 1202.211005 1189.833069 1198.682403 1207.207819 1217.237954 1221.364285 1225.192586 1228.382455 1227.389684 1222.250108 1226.177471 1235.302532 1246.160361 1257.687076 1273.448806 1304.824383 1330.633662 1349.446946 1371.593692 1393.223848 1417.514038 1443.002994 1466.470620 1484.479508 1504.636685 1525.411929 1547.908651 1570.049323 1596.085849 1626.480516 1652.368730
1576.693891 1549.604517 1526.276403 1498.213272 1457.597411 1441.796406 1431.952441 1416.697743 1377.950632 1335.080446 1301.979975 1279.276251 1254.156054 1230.144343 1202.297203 1170.176275 1144.131969 1123.638328 1130.524583 1137.636726 1149.926819 1138.274612 1127.560657 1121.606799 1106.522536 1092.591772 1077.793524 1085.082596 1095.319409 1113.475909 1117.965223 1121.595922 1129.027333 1128.183272 1125.647486 1115.772125 1124.538819 1135.544518 1150.042487 1178.919223 1204.343859 1229.379946 1252.175527 1274.005021 1298.099211 1323.656786 1349.609954 1377.170206 1398.576794 1419.566400 1442.974657 1465.002773 1484.661250 1506.806015 1534.446584 1558.783763
1469.015438 1446.396683 1421.516618 1383.544912 1339.361998 1303.604153 1285.069407 1244.214722 1209.658029 1176.577436 1161.198696 1143.067911 1119.870941 1097.956144 1076.288370 1050.426911 1027.963094 1003.439210 1007.100369 1019.736744 1033.848130 1029.025671 1025.947886 1022.832371 1011.760658 998.035626 984.424006 988.024178 1003.469673 1020.484555 1028.389252 1035.268758 1042.953216 1043.176656 1036.155558 1027.835456 1033.757658 1048.527694 1065.310708 1086.575314 1109.737313 1132.766314 1154.751251 1179.055748 1204.302976 1230.045602 1257.744868 1286.697631 1309.300816 1335.134620 1361.749790 1382.883098 1396.709153 1411.902037 1437.224751 1457.358010
1362.842228 1337.967570 1310.569007 1269.197840 1226.827711 1183.866570 1142.884680 1109.033482 1077.528882 1060.984315 1041.898389 1024.032219 1005.778726 984.261596 964.770410 946.097061 923.786575 906.996935 912.318573 925.156899 935.582944 938.807118 935.768580 932.665250 925.340399 911.539620 902.461804 911.146052 926.450336 941.123654 951.578801 958.406677 964.435940 961.852169 953.723856 948.678935 957.110412 973.042679 988.261546 1005.881239 1028.058431 1050.233590 1073.138545 1097.215485 1121.399944 1148.100009 1175.720215 1203.953513 1232.190485 1257.834913 1281.588404 1294.833729 1308.333534 1316.970852 1334.530287 1354.687887
1238.640384 1212.406231 1183.601339 1150.333224 1111.808931 1081.321538 1048.423666 1016.783181 985.839895 959.656690 942.691496 932.834358 917.807831 898.480338 884.925995 867.863155 851.283846 851.879760 854.270120 864.719390 865.271189 865.775371 862.745560 861.602920 857.519687 847.575476 855.290220 862.606903 877.031573 887.713494 897.231563 903.466665 907.596910 907.821156 901.960318 906.069938 913.326142 928.118212 940.343791 955.769039 977.139020 995.373507 1015.784856 1039.065277 1063.258029 1088.747343 1115.959202 1145.367803 1172.095368 1193.687130 1205.141336 1218.046289 1225.646311 1221.742735 1237.758390 1254.805734
