tests/Borden05m/data_simulated/sim_1/output-maps/psiliqL0004N0003.asc
ncols         160
nrows         34
xllcorner     620200.000000
yllcorner     5168000.000000
cellsize      0.500000
NODATA_value  -9999.0
[rows 0 to 24 of 34, columns 0 to 55 of 160]
-9999.0 -9999.0 -9999.0 -9999.0 -9999.0 -9999.0 -9999.0 -9999.0 -9999.0 -9999.0 -9999.0 -9999.0 -9999.0 -9999.0 -9999.0 -9999.0 -9999.0 -9999.0 -9999.0 -9999.0 -9999.0 -9999.0 -9999.0 -9999.0 -9999.0 -9999.0 -9999.0 -9999.0 -9999.0 -9999.0 -9999.0 -9999.0 -9999.0 -9999.0 -9999.0 -9999.0 -9999.0 -9999.0 -9999.0 -9999.0 -9999.0 -9999.0 -9999.0 -9999.0 -9999.0 -9999.0 -9999.0 -9999.0 -9999.0 -9999.0 -9999.0 -9999.0 -9999.0 -9999.0 -9999.0 -9999.0
-9999.0 -9999.0 -9999.0 -9999.0 -9999.0 -9999.0 -9999.0 -9999.0 -9999.0 -9999.0 -9999.0 -9999.0 -9999.0 -9999.0 -9999.0 -9999.0 -9999.0 -9999.0 -9999.0 -9999.0 -9999.0 -9999.0 -9999.0 -9999.0 -9999.0 -9999.0 -9999.0 -9999.0 -9999.0 -9999.0 -9999.0 -9999.0 -9999.0 -9999.0 -9999.0 -9999.0 -9999.0 -9999.0 -9999.0 -9999.0 -9999.0 -9999.0 -9999.0 -9999.0 -9999.0 -9999.0 -9999.0 -9999.0 -9999.0 -9999.0 -9999.0 -9999.0 -9999.0 -9999.0 -9999.0 -9999.0
-9999.0 -9999.0 -9999.0 -9999.0 -9999.0 -9999.0 -9999.0 -9999.0 -9999.0 -9999.0 -9999.0 -9999.0 -9999.0 -9999.0 -9999.0 -9999.0 -9999.0 -9999.0 -9999.0 -9999.0 -9999.0 -9999.0 -9999.0 -9999.0 -9999.0 -9999.0 -9999.0 -9999.0 -9999.0 -9999.0 -9999.0 -9999.0 -9999.0 -9999.0 -9999.0 -9999.0 -9999.0 -9999.0 -9999.0 -9999.0 -9999.0 -9999.0 -9999.0 -9999.0 -9999.0 -9999.0 -9999.0 -906.568574 -924.648900 -942.830896 -944.447346 -921.082132 -898.437562 -875.704495 -856.205699 -838.375816
-9999.0 -9999.0 -9999.0 -9999.0 -9999.0 -9999.0 -9999.0 -9999.0 -9999.0 -9999.0 -9999.0 -9999.0 -9999.0 -9999.0 -9999.0 -9999.0 -9999.0 -9999.0 -9999.0 -9999.0 -9999.0 -9999.0 -9999.0 -9999.0 -9999.0 -9999.0 -9999.0 -9999.0 -9999.0 -9999.0 -9999.0 -9999.0 -9999.0 -9999.0 -9999.0 -9999.0 -9999.0 -9999.0 -9999.0 -9999.0 -861.393078 -855.503446 -853.444225 -864.929356 -876.305697 -887.422152 -907.220559 -925.421802 -941.915382 -944.877911 -942.671458 -937.452725 -914.319443 -891.030870 -872.688557 -855.940837
-9999.0 -9999.0 -9999.0 -9999.0 -9999.0 -9999.0 -9999.0 -9999.0 -9999.0 -9999.0 -9999.0 -9999.0 -9999.0 -9999.0 -9999.0 -9999.0 -9999.0 -9999.0 -9999.0 -9999.0 -9999.0 -9999.0 -9999.0 -9999.0 -9999.0 -9999.0 -9999.0 -9999.0 -9999.0 -9999.0 -9999.0 -9999.0 -9999.0 -9999.0 -950.733489 -932.958006 -915.486279 -898.010061 -882.021581 -876.292232 -870.935417 -865.112294 -869.455853 -874.513631 -886.059180 -904.496130 -924.610105 -939.380803 -942.137679 -945.233380 -941.239624 -928.307612 -912.539317 -896.897755 -876.767839 -854.642109
-9999.0 -9999.0 -9999.0 -9999.0 -9999.0 -9999.0 -9999.0 -9999.0 -9999.0 -9999.0 -9999.0 -9999.0 -9999.0 -9999.0 -9999.0 -9999.0 -9999.0 -9999.0 -9999.0 -9999.0 -9999.0 -9999.0 -9999.0 -9999.0 -9999.0 -9999.0 -9999.0 -9999.0 -943.851906 -950.156267 -955.822502 -957.589190 -959.349146 -961.528226 -955.210882 -943.311484 -925.339748 -904.532371 -892.721253 -886.413837 -880.564294 -880.239441 -885.474861 -888.167668 -888.041318 -899.956814 -911.650131 -922.743223 -933.891364 -935.310890 -926.079501 -913.059249 -898.070442 -884.515791 -870.539632 -857.154320
-9999.0 -9999.0 -9999.0 -9999.0 -9999.0 -9999.0 -9999.0 -9999.0 -9999.0 -9999.0 -9999.0 -9999.0 -9999.0 -9999.0 -9999.0 -9999.0 -9999.0 -9999.0 -9999.0 -9999.0 -9999.0 -9999.0 -9999.0 -971.507684 -965.197242 -959.159325 -952.177251 -951.913889 -957.432008 -963.823617 -967.615814 -969.782248 -972.015969 -968.336943 -960.388057 -947.246350 -932.099075 -911.251720 -903.799999 -897.633209 -885.403290 -884.240547 -880.511417 -876.821893 -879.271550 -882.027365 -894.284567 -903.349061 -897.101693 -891.139570 -885.890646 -879.865888 -868.198948 -853.512709 -836.689516 -816.937824
-9999.0 -9999.0 -9999.0 -9999.0 -9999.0 -9999.0 -9999.0 -9999.0 -9999.0 -9999.0 -9999.0 -9999.0 -9999.0 -9999.0 -9999.0 -9999.0 -9999.0 -9999.0 -9999.0 -994.378223 -994.030095 -993.821065 -989.737599 -989.926503 -988.357526 -981.707950 -973.829017 -972.684196 -974.924216 -977.483822 -976.401566 -974.284716 -970.956468 -959.681205 -946.391708 -933.190386 -919.999167 -899.983185 -886.220026 -872.845237 -857.062480 -859.995818 -865.678883 -868.889115 -869.190822 -869.073409 -862.134990 -858.338455 -853.777271 -848.120046 -841.699060 -834.216473 -825.245247 -807.934462 -788.889136 -769.929955
-9999.0 -9999.0 -9999.0 -9999.0 -9999.0 -9999.0 -9999.0 -9999.0 -9999.0 -9999.0 -9999.0 -9999.0 -9999.0 -9999.0 -9999.0 -9999.0 -1020.433209 -1019.019591 -1017.909238 -1013.943356 -1012.750182 -1009.387329 -1002.882118 -1003.087791 -999.933643 -993.429426 -989.242700 -981.432509 -974.240068 -967.308481 -961.990432 -960.323597 -953.156878 -944.400121 -933.479821 -918.525861 -897.170340 -875.793726 -860.772814 -845.316704 -829.591945 -830.665810 -832.816114 -832.559639 -832.514276 -824.419223 -806.405565 -801.172400 -797.882337 -778.624015 -765.384979 -761.329174 -755.919421 -740.207974 -718.558858 -693.056762
-9999.0 -9999.0 -9999.0 -9999.0 -9999.0 -9999.0 -9999.0 -9999.0 -9999.0 -9999.0 -9999.0 -9999.0 -9999.0 -1060.228244 -1056.715335 -1048.594134 -1043.456650 -1042.871187 -1040.327382 -1036.230083 -1024.288703 -1022.000395 -1016.647556 -1009.620653 -998.872068 -991.283295 -982.821165 -971.729001 -964.197168 -957.968388 -951.723074 -945.513682 -932.148590 -917.376816 -902.221449 -882.879527 -862.836449 -842.936713 -822.893865 -809.850097 -796.763206 -793.588248 -797.029986 -796.787744 -789.259235 -771.430493 -753.644774 -741.157421 -719.337737 -697.253639 -684.441909 -672.475817 -665.183923 -655.717678 -638.611709 -604.728827
-9999.0 -9999.0 -9999.0 -9999.0 -9999.0 -9999.0 -9999.0 -9999.0 -9999.0 -9999.0 -1096.328156 -1092.935742 -1097.689262 -1098.802556 -1095.842652 -1084.744846 -1072.610565 -1066.835165 -1056.821194 -1036.522063 -1020.331698 -1018.817295 -1004.117301 -995.270522 -990.076394 -980.107849 -967.753030 -955.618575 -938.662846 -926.953752 -914.765030 -894.025134 -878.799022 -863.863355 -847.745065 -829.992593 -810.171849 -780.797097 -755.107662 -742.388506 -718.793626 -704.394710 -709.487700 -710.941069 -705.347712 -688.686459 -665.584615 -639.214944 -618.150470 -592.841775 -572.493655 -559.726724 -550.666104 -539.665700 -526.435970 -496.738206
-9999.0 -9999.0 -9999.0 -9999.0 -9999.0 -9999.0 -9999.0 -9999.0 -1121.560508 -1114.331766 -1107.665292 -1111.780716 -1117.879849 -1122.827072 -1110.531556 -1095.268062 -1080.216260 -1064.282855 -1049.393981 -1032.948517 -1018.678094 -1002.677240 -984.364337 -973.730469 -962.732462 -948.461051 -935.915279 -918.556803 -898.319982 -884.108061 -865.244943 -844.752214 -826.495777 -810.345118 -794.117218 -777.976192 -750.337270 -718.067703 -687.771796 -664.119271 -638.485844 -614.236848 -615.237255 -613.215612 -610.327538 -585.560343 -556.264372 -526.064689 -495.546156 -460.302718 -419.036607 -393.369121 -375.228616 -350.350974 -311.916676 -247.525725
-9999.0 -9999.0 -9999.0 -9999.0 -9999.0 -9999.0 -1146.511275 -1121.415457 -1106.635877 -1117.214479 -1125.971343 -1129.646639 -1133.713416 -1115.947808 -1094.296594 -1078.714336 -1063.318336 -1047.322303 -1032.773762 -1019.204087 -983.166589 -969.578509 -955.857259 -936.055499 -923.674609 -911.205080 -895.072136 -872.514682 -850.316234 -817.562332 -787.615592 -761.568933 -737.149570 -719.664211 -703.641699 -686.417938 -657.025542 -622.493781 -588.821856 -560.744984 -534.768917 -506.374523 -496.660668 -491.379117 -482.320935 -462.717271 -423.801118 -369.765961 -247.785592 -113.707316 -69.398259 -55.117405 -45.126519 -33.512757 -16.438291 8.061786
-9999.0 -9999.0 -9999.0 -9999.0 -1175.299302 -1155.501276 -1137.054731 -1105.935010 -1083.423290 -1092.650652 -1084.416087 -1084.396622 -1086.434407 -1086.164053 -1082.820984 -1065.518801 -1049.180268 -1032.951931 -1015.042554 -975.852858 -936.482401 -921.615469 -894.774251 -863.680115 -851.431740 -838.405414 -825.113118 -803.839537 -774.967856 -741.534361 -695.427796 -657.194997 -633.506590 -613.104892 -595.636521 -575.064257 -546.525102 -511.475427 -473.443102 -429.471383 -378.836357 -323.892611 -273.354005 -225.749419 -134.447004 -93.208567 -67.103456 -36.904262 5.553047 52.191026 73.431042 77.702723 78.981224 81.224007 83.941182 87.877002
-9999.0 -9999.0 -9999.0 -1218.873400 -1180.051859 -1146.038963 -1122.346495 -1093.182487 -1062.320911 -1057.167650 -1050.162072 -1043.512931 -1036.436894 -1027.885380 -1017.785405 -1002.704153 -990.880550 -981.321862 -962.180803 -926.731046 -891.794451 -857.313505 -826.946985 -796.714198 -774.671420 -761.055776 -747.244148 -725.279426 -688.355888 -651.165855 -603.767653 -553.466244 -516.993385 -491.798677 -472.272436 -443.644265 -413.176464 -353.478762 -220.069042 -108.059967 -58.097561 -27.823663 -2.119313 16.953402 42.832336 58.786793 71.595652 77.360540 82.919436 90.706069 97.710648 102.349584 104.533501 105.531774 108.828489 112.244289
-9999.0 -9999.0 -1258.840518 -1223.751991 -1193.430055 -1142.776473 -1092.320994 -1063.341882 -1023.141788 -998.160967 -992.801229 -973.434691 -956.497426 -948.695844 -931.522264 -914.619321 -904.483471 -904.244283 -895.442841 -858.747777 -805.162261 -757.417981 -723.692847 -668.925365 -639.365207 -621.620961 -612.913587 -592.016538 -564.336251 -520.743776 -466.233114 -399.030158 -313.775209 -176.387347 -115.680859 -88.316874 -65.408714 -41.151068 5.008548 47.315911 72.926413 80.382532 86.258921 89.187517 91.396584 95.912453 101.224756 105.902235 110.281889 115.640129 129.565473 129.168495 128.919989 128.641330 127.870303 127.787584
-9999.0 -9999.0 -1283.600310 -1240.018780 -1203.031000 -1131.135186 -1059.701162 -1027.261882 -985.502936 -942.276977 -924.562550 -902.566321 -881.488676 -860.645824 -838.087478 -814.333536 -814.527463 -814.255639 -816.917114 -765.630765 -711.016868 -648.118288 -574.721952 -518.556862 -479.395179 -474.995872 -472.043008 -452.076946 -417.412038 -323.457852 -141.328801 -68.400403 -16.886094 29.351559 56.021971 71.516991 77.037162 81.746062 86.931127 97.705361 102.522023 106.933942 112.408481 125.418583 130.758227 130.860234 129.137251 128.998546 128.198776 127.910122 127.325511 124.506987 123.336765 123.560868 124.656182 120.325828
-9999.0 -1358.626827 -1310.962431 -1262.657552 -1193.600465 -1129.435028 -1043.621575 -963.309519 -919.542832 -881.482301 -855.368105 -834.773728 -774.956791 -725.684823 -702.052468 -673.744507 -680.019538 -686.180538 -696.726180 -660.769693 -609.492956 -517.554019 -345.585281 -155.091067 -99.430066 -91.784210 -97.313070 -88.260121 -66.336688 -23.494880 47.404400 77.734638 91.530053 101.907102 105.553337 106.184966 109.900451 117.908489 131.213808 133.537787 132.942097 132.794302 127.462006 127.169591 127.562782 127.410415 125.068810 119.569672 112.810829 110.238931 109.415938 108.094680 109.180294 110.418153 111.451143 109.630682
-9999.0 -1397.812466 -1331.660104 -1260.955367 -1198.782295 -1122.973053 -1005.293102 -884.655452 -846.821029 -817.140530 -787.885659 -735.338279 -649.648363 -586.419972 -551.070127 -510.860650 -515.742286 -531.848106 -532.917551 -496.335374 -427.319743 -236.269675 -48.944701 57.069380 72.236793 76.879371 78.741429 84.623443 92.340441 99.787650 106.951536 119.479894 121.181651 121.046339 121.075219 121.310006 121.375169 121.442845 118.532311 115.429953 111.277428 111.292745 114.277167 114.023431 112.009473 110.957639 109.836744 108.164700 107.283483 106.782263 106.775302 106.414362 106.269633 106.969465 106.254054 105.661600
-9999.0 -1402.744953 -1325.239924 -1276.880459 -1215.046567 -1084.192920 -969.148420 -847.233243 -764.705591 -732.903951 -680.434404 -591.311070 -494.144028 -379.450425 -246.244960 -136.390690 -108.523590 -113.753560 -103.406361 -71.375405 -21.483741 50.818071 86.514430 107.958991 113.715708 114.211556 113.183524 113.967839 114.149644 113.665663 112.919960 110.132857 111.764692 113.247453 112.188108 110.233493 109.071682 107.145314 106.377632 106.376552 105.992921 106.437450 107.623630 107.847106 107.435216 106.879658 106.456251 105.872632 105.281163 104.371038 104.347675 104.000360 104.041090 103.255788 102.501490 101.959681
-9999.0 -1492.118186 -1395.249405 -1356.979447 -1206.187743 -1050.124155 -938.342915 -786.422419 -664.434033 -620.265086 -526.053697 -409.497385 -154.929855 -48.507284 12.766646 64.964288 77.748674 84.192094 91.666091 93.304805 105.826654 121.219657 122.485328 121.257815 113.276323 113.740534 109.484072 104.340489 102.330178 100.567229 101.166080 103.246503 104.611227 106.501886 105.710995 106.048791 106.289985 106.072812 106.356256 105.091575 103.934308 103.154706 103.209836 105.632067 104.097271 103.552329 102.579736 101.253011 99.861182 98.717467 97.559425 96.373174 96.248117 94.922958 95.264037 93.557857
-9999.0 -1576.839385 -1489.946526 -1378.875541 -1219.068825 -1065.604025 -916.963421 -749.691455 -574.288315 -480.592703 -374.303456 -231.667837 -48.229596 55.768727 88.528802 98.487517 106.944034 108.202355 108.497931 104.529278 94.425107 92.549548 96.664023 102.578564 104.178822 105.179567 102.883074 101.012899 100.457788 101.045186 100.660173 100.427764 100.129623 99.523009 98.525920 98.881187 100.624306 99.767601 98.956262 98.543968 98.278509 97.140851 96.175335 95.512418 95.016612 94.913563 91.885121 87.655090 84.014303 81.780077 79.861247 78.447393 78.190108 76.776487 73.793669 60.473428
-9999.0 -1669.885001 -1522.603758 -1424.960354 -1287.365884 -1158.084425 -1022.133421 -854.515396 -697.666555 -497.477205 -224.068997 -138.134827 -54.599222 28.487596 75.854413 93.506205 94.864753 85.534100 78.628962 75.121937 76.961094 80.583331 85.176329 91.600670 95.943675 98.034515 98.321791 96.643884 93.104953 89.956341 86.823710 83.022309 80.586804 80.474553 79.895709 81.672016 82.987031 80.745838 78.279244 75.211587 72.628234 70.718839 70.348861 70.693142 69.891603 62.722636 42.660826 12.226129 -12.842603 -29.758941 -39.613549 -45.858257 -52.836186 -63.254996 -79.432430 -115.709718
-9999.0 -9999.0 -1609.455812 -1474.449324 -1370.396215 -1250.137216 -1121.564021 -961.798815 -811.039983 -627.563409 -512.813096 -415.335000 -318.825360 -140.373519 -65.300548 -22.327155 -12.768190 0.446893 -20.069525 -17.903326 -10.152817 2.193390 25.486853 52.775464 69.109862 72.404981 74.142204 73.600207 68.368329 40.563867 -0.758680 -26.165864 -38.597966 -45.512492 -38.094120 -27.689529 -29.250514 -34.351511 -42.968252 -54.374256 -63.819338 -74.152095 -76.941664 -76.860491 -80.135570 -94.577692 -138.172251 -239.012998 -302.330001 -342.211139 -358.320932 -371.612791 -384.154156 -403.694567 -422.178065 -441.481766
-9999.0 -9999.0 -1705.549932 -1564.032747 -1431.406179 -1308.461420 -1214.205040 -1097.174570 -935.655635 -818.625518 -726.992269 -649.071944 -587.446139 -533.603488 -479.570332 -404.203021 -365.271301 -350.076678 -358.023806 -350.597558 -317.319689 -269.752787 -200.009495 -115.766306 -85.060266 -71.187540 -63.169835 -75.138956 -96.198851 -157.757361 -289.727069 -354.730872 -379.469713 -391.022306 -380.971212 -363.561019 -371.515746 -390.781920 -415.725729 -442.288080 -461.767762 -479.134257 -484.380134 -485.770189 -485.753004 -488.677860 -492.917681 -504.693291 -518.456471 -527.730230 -534.961726 -541.287996 -544.208486 -551.854066 -561.415397 -567.656822
