tests/Borden05m/data_simulated/sim_1/output-maps/psiliqL0024N0016.asc
ncols         160
nrows         34
xllcorner     620200.000000
yllcorner     5168000.000000
cellsize      0.500000
NODATA_value  -9999.0
[rows 0 to 24 of 34, columns 0 to 54 of 160]
-9999.0 -9999.0 -9999.0 -9999.0 -9999.0 -9999.0 -9999.0 -9999.0 -9999.0 -9999.0 -9999.0 -9999.0 -9999.0 -9999.0 -9999.0 -9999.0 -9999.0 -9999.0 -9999.0 -9999.0 -9999.0 -9999.0 -9999.0 -9999.0 -9999.0 -9999.0 -9999.0 -9999.0 -9999.0 -9999.0 -9999.0 -9999.0 -9999.0 -9999.0 -9999.0 -9999.0 -9999.0 -9999.0 -9999.0 -9999.0 -9999.0 -9999.0 -9999.0 -9999.0 -9999.0 -9999.0 -9999.0 -9999.0 -9999.0 -9999.0 -9999.0 -9999.0 -9999.0 -9999.0 -9999.0
-9999.0 -9999.0 -9999.0 -9999.0 -9999.0 -9999.0 -9999.0 -9999.0 -9999.0 -9999.0 -9999.0 -9999.0 -9999.0 -9999.0 -9999.0 -9999.0 -9999.0 -9999.0 -9999.0 -9999.0 -9999.0 -9999.0 -9999.0 -9999.0 -9999.0 -9999.0 -9999.0 -9999.0 -9999.0 -9999.0 -9999.0 -9999.0 -9999.0 -9999.0 -9999.0 -9999.0 -9999.0 -9999.0 -9999.0 -9999.0 -9999.0 -9999.0 -9999.0 -9999.0 -9999.0 -9999.0 -9999.0 -9999.0 -9999.0 -9999.0 -9999.0 -9999.0 -9999.0 -9999.0 -9999.0
-9999.0 -9999.0 -9999.0 -9999.0 -9999.0 -9999.0 -9999.0 -9999.0 -9999.0 -9999.0 -9999.0 -9999.0 -9999.0 -9999.0 -9999.0 -9999.0 -9999.0 -9999.0 -9999.0 -9999.0 -9999.0 -9999.0 -9999.0 -9999.0 -9999.0 -9999.0 -9999.0 -9999.0 -9999.0 -9999.0 -9999.0 -9999.0 -9999.0 -9999.0 -9999.0 -9999.0 -9999.0 -9999.0 -9999.0 -9999.0 -9999.0 -9999.0 -9999.0 -9999.0 -9999.0 -9999.0 -9999.0 2881.442880 2864.283582 2850.594855 2846.212108 2867.414603 2890.486512 2914.253910 2934.738094
-9999.0 -9999.0 -9999.0 -9999.0 -9999.0 -9999.0 -9999.0 -9999.0 -9999.0 -9999.0 -9999.0 -9999.0 -9999.0 -9999.0 -9999.0 -9999.0 -9999.0 -9999.0 -9999.0 -9999.0 -9999.0 -9999.0 -9999.0 -9999.0 -9999.0 -9999.0 -9999.0 -9999.0 -9999.0 -9999.0 -9999.0 -9999.0 -9999.0 -9999.0 -9999.0 -9999.0 -9999.0 -9999.0 -9999.0 -9999.0 2931.503809 2937.408637 2937.345798 2927.405722 2916.088055 2902.573652 2882.036903 2864.790345 2851.495850 2849.501517 2851.943472 2854.865193 2875.692822 2900.939349 2920.756601
-9999.0 -9999.0 -9999.0 -9999.0 -9999.0 -9999.0 -9999.0 -9999.0 -9999.0 -9999.0 -9999.0 -9999.0 -9999.0 -9999.0 -9999.0 -9999.0 -9999.0 -9999.0 -9999.0 -9999.0 -9999.0 -9999.0 -9999.0 -9999.0 -9999.0 -9999.0 -9999.0 -9999.0 -9999.0 -9999.0 -9999.0 -9999.0 -9999.0 -9999.0 2839.169170 2856.118261 2874.012395 2892.512611 2909.423514 2916.425459 2922.224894 2927.588915 2922.977369 2918.489457 2906.787516 2885.945195 2866.583708 2853.657942 2852.527103 2850.063396 2853.634984 2865.228988 2881.752933 2896.776814 2917.217927
-9999.0 -9999.0 -9999.0 -9999.0 -9999.0 -9999.0 -9999.0 -9999.0 -9999.0 -9999.0 -9999.0 -9999.0 -9999.0 -9999.0 -9999.0 -9999.0 -9999.0 -9999.0 -9999.0 -9999.0 -9999.0 -9999.0 -9999.0 -9999.0 -9999.0 -9999.0 -9999.0 -9999.0 2844.690877 2838.731087 2833.861260 2832.261020 2830.786131 2829.768202 2836.385478 2847.539060 2864.614032 2886.576484 2899.763773 2906.969140 2913.771673 2914.097196 2908.225478 2906.384798 2906.754742 2894.086393 2881.765990 2870.224506 2858.947509 2855.883385 2864.710048 2878.775167 2894.804938 2909.214435 2924.258231
-9999.0 -9999.0 -9999.0 -9999.0 -9999.0 -9999.0 -9999.0 -9999.0 -9999.0 -9999.0 -9999.0 -9999.0 -9999.0 -9999.0 -9999.0 -9999.0 -9999.0 -9999.0 -9999.0 -9999.0 -9999.0 -9999.0 -9999.0 2814.822031 2819.807214 2826.280586 2833.872692 2834.779675 2831.331393 2825.874016 2823.091767 2821.588578 2819.294693 2823.719342 2830.718656 2843.582226 2858.734898 2880.804497 2888.923591 2893.259943 2904.550483 2907.964853 2915.343335 2919.077516 2917.003470 2912.855852 2898.037263 2886.527220 2888.811969 2892.797658 2899.362111 2907.345690 2920.450688 2934.034293 2949.166513
-9999.0 -9999.0 -9999.0 -9999.0 -9999.0 -9999.0 -9999.0 -9999.0 -9999.0 -9999.0 -9999.0 -9999.0 -9999.0 -9999.0 -9999.0 -9999.0 -9999.0 -9999.0 -9999.0 2790.942530 2791.982465 2793.439105 2798.230680 2797.933985 2799.626034 2806.329575 2814.253634 2816.976945 2814.712797 2813.547932 2814.743417 2817.156627 2821.443142 2831.741443 2844.868384 2858.468537 2871.026225 2891.307000 2905.319281 2917.372562 2932.312422 2932.265229 2928.281194 2926.256797 2925.877634 2924.071003 2922.872733 2922.036996 2927.796973 2928.632291 2932.098268 2940.739627 2951.554368 2967.690001 2984.627488
-9999.0 -9999.0 -9999.0 -9999.0 -9999.0 -9999.0 -9999.0 -9999.0 -9999.0 -9999.0 -9999.0 -9999.0 -9999.0 -9999.0 -9999.0 -9999.0 2773.815834 2775.944463 2778.785446 2784.801779 2788.952079 2793.467724 2800.868171 2787.833176 2789.701181 2796.501361 2800.748318 2809.683329 2817.694830 2824.426403 2829.848045 2831.809691 2837.889275 2846.527428 2857.332862 2870.686738 2890.211518 2912.951674 2927.963709 2943.973368 2960.531838 2960.522875 2958.350209 2958.179123 2956.378141 2957.327889 2971.448617 2974.398562 2969.551788 2979.660303 2991.129438 2993.333855 2987.234283 3005.202507 3026.517014
-9999.0 -9999.0 -9999.0 -9999.0 -9999.0 -9999.0 -9999.0 -9999.0 -9999.0 -9999.0 -9999.0 -9999.0 -9999.0 2723.400671 2727.750930 2738.390627 2750.089995 2753.599044 2759.036400 2766.241577 2778.963197 2783.158831 2789.626943 2797.204602 2792.517133 2799.970647 2808.297716 2819.475180 2826.913724 2833.218142 2838.971759 2841.539198 2852.487571 2865.839421 2879.556093 2897.941788 2918.911288 2936.729900 2953.869201 2969.262020 2980.479928 2977.924533 2976.432985 2977.931037 2982.067350 2983.088303 2998.230848 2998.972671 3008.897469 3028.659168 3038.335199 3045.307340 3050.192474 3062.885344 3083.261247
-9999.0 -9999.0 -9999.0 -9999.0 -9999.0 -9999.0 -9999.0 -9999.0 -9999.0 -9999.0 2693.957698 2695.902735 2692.712443 2690.925947 2697.148049 2710.056364 2725.115518 2731.448624 2744.038087 2765.967398 2785.099451 2788.734055 2802.331786 2795.469876 2800.097457 2809.240737 2821.293531 2832.548261 2847.171000 2857.917807 2866.120623 2881.892714 2896.606075 2911.676809 2927.854640 2947.058744 2962.178447 2985.262160 2998.613576 3006.119854 3022.658419 3025.757186 3020.798651 3018.236319 3026.261709 3036.469899 3051.110793 3066.881282 3084.509602 3105.802704 3116.283141 3128.381849 3136.726661 3146.468588 3160.782038
-9999.0 -9999.0 -9999.0 -9999.0 -9999.0 -9999.0 -9999.0 -9999.0 2668.338609 2676.643493 2682.592932 2679.807159 2675.830136 2670.850661 2685.983403 2702.115160 2718.636052 2737.517000 2753.761546 2772.507468 2786.811931 2802.095334 2803.979147 2812.537407 2822.374899 2836.492246 2848.613652 2862.778310 2882.241444 2889.852575 2900.871599 2919.436743 2933.967229 2949.832803 2966.946087 2982.259890 2990.784987 3019.367823 3046.723109 3062.679087 3087.582597 3104.394706 3098.623082 3096.703266 3097.582449 3119.879600 3145.395453 3173.329069 3189.137165 3211.911951 3239.192890 3256.957178 3265.703567 3276.325827 3289.644502
-9999.0 -9999.0 -9999.0 -9999.0 -9999.0 -9999.0 2639.044668 2663.679635 2679.272954 2671.193331 2658.242462 2653.870303 2648.655634 2678.860067 2701.868019 2719.911849 2737.360895 2755.574715 2772.343638 2781.578631 2793.933249 2811.443556 2822.100505 2835.354206 2848.932277 2862.465144 2877.952163 2898.619024 2915.815903 2937.605965 2954.490957 2970.993671 2982.433823 2998.062185 3013.782885 3026.804164 3052.953467 3086.377730 3119.816480 3143.753301 3167.366059 3194.522683 3194.619594 3196.308235 3198.173965 3220.279208 3252.490699 3281.255333 3312.261465 3342.147108 3369.207420 3378.824952 3387.399594 3396.936198 3408.992159
-9999.0 -9999.0 -9999.0 -9999.0 2605.729345 2626.745087 2645.957628 2676.456401 2698.954428 2694.472524 2699.825964 2698.835540 2695.548577 2701.102965 2709.853714 2728.052877 2747.886084 2767.977112 2783.028537 2792.707806 2836.412499 2847.445695 2865.079685 2894.051959 2904.715413 2918.095406 2932.897845 2952.897810 2971.141032 2986.691460 3020.622481 3049.742128 3069.888620 3088.200094 3106.249647 3122.807374 3155.991885 3188.655975 3222.900625 3253.608263 3279.890834 3304.558272 3311.579080 3316.318485 3325.908563 3341.978923 3363.491749 3389.645423 3421.823024 3453.099153 3476.062564 3485.520906 3490.790449 3500.024404 3507.691303
-9999.0 -9999.0 -9999.0 2552.185475 2591.348285 2630.887009 2657.092100 2687.824025 2720.594072 2721.981847 2731.358917 2732.865233 2733.557009 2740.392734 2745.552375 2763.056319 2781.681683 2801.368424 2803.204686 2834.696803 2864.085803 2883.460635 2911.119248 2928.034047 2941.782080 2954.475182 2972.126344 2991.744109 3014.567855 3043.153624 3088.147385 3137.587967 3169.118350 3185.418297 3206.215833 3232.264231 3256.047856 3292.698897 3325.675640 3356.838863 3385.899680 3407.666508 3422.117758 3426.730908 3435.644554 3441.458124 3454.251412 3474.645087 3496.203657 3525.777663 3554.182473 3581.419292 3595.895554 3606.289134 3622.709347
-9999.0 -9999.0 2503.852083 2543.143975 2575.114546 2622.803558 2676.216676 2711.666882 2751.881734 2772.333478 2776.961570 2789.379715 2788.885144 2790.047150 2799.660884 2812.696818 2833.283592 2841.222289 2859.219998 2877.133283 2915.564234 2950.920536 2951.044766 2979.336410 3008.008748 3038.042772 3057.067592 3082.322397 3117.485487 3151.444961 3192.251675 3240.354043 3274.112965 3301.284919 3316.151843 3335.045404 3354.772978 3378.984585 3413.918748 3439.401549 3471.536826 3496.281500 3515.649983 3517.269851 3519.999480 3535.495280 3562.279778 3591.301018 3618.620288 3645.842002 3634.553433 3654.928869 3664.018718 3669.090283 3677.064537
-9999.0 -9999.0 2474.198659 2520.545788 2556.292276 2616.265377 2701.946685 2737.272696 2778.188210 2814.540596 2828.366954 2849.818157 2846.204326 2838.788388 2857.069616 2872.500099 2890.805706 2897.770242 2892.546072 2943.702621 2985.226608 3012.928014 3026.239954 3098.532260 3147.746620 3169.025926 3180.886742 3199.856602 3219.420404 3257.416939 3296.817502 3349.313654 3389.325338 3418.198923 3432.088550 3450.700647 3469.413774 3484.180548 3502.780124 3546.922419 3579.749345 3608.717935 3638.840082 3659.418046 3667.229866 3671.598946 3649.262987 3666.262228 3677.792330 3682.765303 3684.699652 3680.982656 3680.376600 3681.156195 3682.085422
-9999.0 2381.441528 2433.970080 2485.082110 2550.443041 2613.289603 2690.200816 2766.439656 2822.190917 2871.947199 2897.403119 2893.867034 2900.651145 2928.416759 2948.532572 2966.620460 2971.285504 2980.101644 2962.434178 3001.883431 3038.543261 3090.988580 3187.770765 3243.767488 3301.398496 3297.758269 3286.621661 3292.280351 3308.917391 3353.393100 3427.788027 3480.686712 3542.338376 3588.172011 3603.999076 3610.649811 3628.388563 3648.285391 3604.807202 3642.946784 3660.410103 3674.984110 3682.629646 3684.638493 3685.760484 3685.551639 3681.936342 3675.041917 3666.955328 3661.177808 3656.991024 3652.488444 3654.919363 3658.235939 3658.554713
-9999.0 2343.551205 2401.378232 2470.474161 2538.769489 2589.925853 2676.766413 2830.454177 2889.863273 2927.045328 2935.404363 2919.645040 2980.226656 3032.640855 3057.130902 3100.644342 3086.146256 3071.072353 3037.895723 3062.731999 3101.884936 3168.735478 3331.023308 3416.572867 3462.290626 3470.158635 3471.621583 3498.720154 3540.359820 3584.386047 3626.515855 3601.228588 3645.093644 3666.582251 3671.073160 3671.701907 3676.523983 3675.228329 3673.563295 3669.216045 3664.129325 3664.278922 3668.747445 3668.575224 3665.656887 3662.351466 3656.698509 3649.273655 3644.027641 3639.407348 3636.737053 3633.875199 3631.996551 3631.425848 3626.721941
-9999.0 2304.963035 2379.238431 2438.560138 2488.147917 2583.585382 2713.340078 2847.036576 2941.526158 2975.558449 2960.973407 2995.419606 3095.420683 3195.697800 3245.945584 3266.387086 3250.111598 3206.216485 3189.689343 3231.928885 3299.555514 3411.238192 3538.709785 3631.963028 3646.127251 3649.122544 3606.650395 3629.503674 3650.685650 3653.196928 3654.190846 3661.074117 3666.067592 3668.911800 3667.374474 3664.489438 3659.707535 3651.579060 3646.755461 3643.140730 3639.415974 3638.361640 3640.442760 3642.134508 3639.367609 3635.496010 3631.027650 3625.446655 3619.190823 3612.478862 3608.250261 3604.068785 3601.968551 3596.608548 3593.017302
-9999.0 2185.371076 2280.556178 2323.560513 2404.654005 2591.062267 2720.301327 2853.429910 3009.270614 3031.402539 3080.457694 3212.470957 3326.700853 3403.530344 3432.983188 3466.470477 3490.572691 3506.824014 3541.969663 3437.012845 3511.363496 3599.556477 3639.399683 3656.676784 3664.613691 3664.944218 3655.346797 3634.813983 3624.132897 3617.382860 3618.988544 3626.231258 3631.009015 3635.878275 3633.601365 3634.553710 3635.444089 3632.170065 3628.207356 3619.593693 3611.799026 3605.271300 3602.261567 3607.039381 3602.364547 3599.888862 3593.777780 3585.472903 3576.700020 3569.348836 3561.504891 3554.990467 3552.737970 3547.723485 3546.564256
-9999.0 2104.482143 2177.734581 2242.123864 2357.204917 2521.240656 2622.949552 2782.595163 3002.546377 3132.345442 3285.713569 3371.056598 3439.955727 3483.848462 3534.840518 3584.209476 3609.514989 3619.946210 3592.312035 3611.489419 3570.234767 3559.424237 3576.319901 3604.446612 3620.538360 3624.429305 3616.414276 3606.977333 3599.732941 3598.608608 3596.574458 3592.931346 3589.201807 3585.841671 3582.700621 3585.475196 3590.632423 3583.707771 3573.818248 3564.622835 3556.323133 3547.285362 3541.434768 3537.019620 3537.163215 3537.385990 3529.853776 3519.474347 3508.769848 3500.597011 3493.421826 3488.837098 3486.288296 3481.440792 3472.265458
-9999.0 1987.663796 2118.691587 2197.707977 2296.247985 2426.376961 2534.084064 2687.927318 2810.212129 3043.419087 3184.246104 3358.840958 3405.277975 3471.428614 3519.639627 3590.176565 3586.347549 3554.789469 3513.077190 3496.628973 3506.122093 3514.652900 3523.258265 3538.189972 3555.449183 3565.243453 3569.583116 3563.227745 3549.102399 3537.167505 3526.810526 3513.808328 3504.813191 3502.547287 3505.992731 3515.467553 3516.278332 3507.040011 3493.184170 3475.426631 3460.159360 3448.619786 3446.496625 3449.054647 3450.010489 3446.105562 3440.227489 3429.644878 3417.207724 3405.061519 3399.225372 3394.847448 3387.691114 3376.903950 3365.853557
-9999.0 -9999.0 2034.432557 2143.140551 2238.512097 2350.972442 2444.060053 2565.905521 2708.017909 2868.685177 2978.572548 3147.064387 3235.346627 3278.023954 3313.609446 3367.711425 3390.869154 3419.131252 3410.778557 3420.527054 3429.178003 3434.024940 3439.537119 3445.853885 3456.467526 3466.042752 3475.636649 3472.863598 3463.958750 3444.055243 3419.368288 3400.213740 3390.038085 3381.218174 3392.806844 3405.113271 3400.077071 3393.256663 3380.838549 3365.270487 3352.731277 3338.670355 3335.221899 3335.264478 3335.839167 3333.524610 3330.796132 3318.629870 3306.449200 3296.406998 3292.305918 3286.788616 3283.092219 3273.355873 3262.898503
-9999.0 -9999.0 1946.551363 2051.112749 2154.791240 2272.620677 2358.778505 2382.305778 2521.041355 2627.310477 2734.895071 2829.404168 2922.043089 2981.734574 3015.190467 3075.127872 3127.682305 3144.902189 3178.553993 3226.711807 3258.673910 3295.247059 3316.805659 3326.211941 3338.576524 3352.519277 3360.001669 3345.345597 3334.134446 3317.214393 3294.446807 3268.543871 3255.385855 3254.415508 3254.051146 3256.241085 3249.028963 3240.075021 3225.776684 3211.736066 3199.532992 3190.312326 3186.730371 3181.631097 3179.594728 3176.960499 3175.316876 3172.783641 3164.312378 3159.385510 3151.371783 3147.447853 3146.451582 3142.997439 3136.957749
