tests/Borden05m/data_simulated/sim_1/output-maps/psiliqL0007N0009.asc
ncols         160
nrows         34
xllcorner     620200.000000
yllcorner     5168000.000000
cellsize      0.500000
NODATA_value  -9999.0
[rows 0 to 24 of 34, columns 57 to 113 of 160]
-9999.0 -9999.0 -9999.0 -9999.0 -9999.0 -9999.0 -9999.0 -9999.0 -9999.0 -9999.0 -9999.0 -9999.0 -9999.0 -9999.0 -9999.0 -9999.0 -9999.0 -9999.0 -9999.0 -9999.0 -9999.0 -9999.0 -9999.0 -9999.0 -9999.0 -9999.0 -9999.0 -9999.0 -9999.0 -9999.0 -9999.0 -9999.0 -9999.0 -9999.0 -9999.0 -9999.0 -9999.0 -9999.0 -9999.0 -9999.0 -9999.0 -9999.0 -9999.0 -9999.0 -9999.0 -9999.0 -9999.0 -9999.0 -9999.0 -9999.0 -9999.0 -9999.0 -9999.0 -9999.0 -9999.0 -9999.0 -9999.0
-9999.0 -9999.0 -393.765910 -399.459543 -405.081927 -410.390523 -419.820432 -429.350841 -438.350597 -442.536136 -443.607921 -444.636629 -445.153760 -439.882335 -431.988239 -424.389861 -417.138942 -414.818625 -412.421200 -410.087639 -409.582706 -410.969278 -414.326121 -417.712398 -421.222468 -422.731296 -431.317879 -443.015385 -452.203371 -455.043152 -450.453971 -445.836944 -443.229427 -436.896682 -425.724619 -414.506813 -405.663552 -393.685624 -388.094184 -382.737826 -379.261012 -383.172183 -386.591429 -390.094818 -394.564158 -405.584571 -9999.0 -9999.0 -9999.0 -9999.0 -9999.0 -9999.0 -9999.0 -9999.0 -9999.0 -9999.0 -9999.0
-412.065308 -408.825938 -419.681584 -424.612603 -428.143393 -430.606439 -436.092506 -445.226694 -450.935932 -456.674081 -458.488757 -458.690979 -458.789509 -454.642433 -444.850006 -436.866554 -432.094842 -429.748063 -427.356573 -427.177650 -427.712219 -428.191179 -431.199380 -434.724303 -438.230100 -440.089595 -440.228342 -447.994715 -453.377215 -456.658140 -457.738209 -455.271033 -452.932080 -449.961465 -440.049989 -431.469967 -422.873774 -408.504902 -395.969107 -390.559752 -392.781891 -397.714569 -401.224563 -407.352905 -416.930089 -427.366179 -438.052190 -445.280082 -450.530089 -455.472064 -449.118826 -442.571329 -431.908760 -421.300894 -408.967232 -396.586966 -9999.0
-428.718901 -426.007043 -437.212382 -446.009497 -450.459462 -450.693446 -448.887647 -452.959039 -457.956911 -462.071392 -454.599500 -453.536535 -452.500174 -449.406507 -445.953000 -443.967826 -441.220127 -435.937063 -426.962214 -424.403053 -423.974432 -423.934330 -425.853218 -429.066339 -430.923520 -433.792049 -439.115243 -440.004159 -439.521732 -439.369635 -433.952311 -432.430008 -431.190957 -438.422081 -435.060640 -428.570011 -421.427112 -414.008139 -406.616183 -401.502657 -404.439071 -405.640573 -413.802014 -427.506151 -438.985935 -447.679121 -450.291215 -453.264012 -460.736311 -472.608276 -465.536734 -449.678300 -444.732449 -440.673092 -428.350709 -415.785244 -405.424776
-445.029207 -442.263705 -447.705540 -447.169868 -446.049312 -444.828994 -446.757394 -450.047404 -451.457149 -438.371595 -428.831139 -427.300834 -424.520044 -421.323165 -422.967607 -435.829383 -438.706600 -429.996752 -419.322496 -413.301746 -413.248217 -413.360021 -414.808698 -415.924698 -416.558324 -419.143059 -417.904530 -415.143959 -414.109157 -408.646968 -402.793728 -400.034275 -409.216596 -418.805608 -418.456141 -410.631070 -402.484265 -394.753065 -383.166041 -370.823335 -372.099946 -377.966785 -386.972789 -400.905196 -424.677086 -444.853402 -455.207409 -461.444987 -468.111377 -468.949693 -470.671249 -459.989651 -457.904016 -455.982330 -446.954470 -436.334985 -426.007454
-431.989653 -423.694505 -430.288631 -436.661124 -440.776577 -440.542549 -440.440504 -436.822420 -423.063981 -408.747575 -392.938521 -390.287952 -387.758594 -388.160007 -398.661029 -409.564349 -414.331354 -398.641091 -382.385086 -373.734799 -372.577399 -371.488040 -362.489738 -364.805422 -367.969502 -374.024824 -371.296947 -367.705126 -355.024755 -346.992766 -339.982880 -342.053170 -354.463417 -366.003866 -368.329217 -366.680340 -364.921225 -358.776867 -347.498718 -336.453668 -341.424068 -349.565634 -361.007450 -391.585249 -420.945580 -438.504420 -437.474575 -436.755059 -441.129080 -444.114004 -447.811093 -455.546465 -455.744561 -456.040862 -456.317562 -443.986589 -431.525485
-384.933698 -368.138112 -374.622967 -384.071056 -396.195069 -396.151132 -392.422236 -383.641087 -369.354888 -349.051332 -322.899343 -317.953451 -313.024738 -308.266256 -319.787839 -333.118639 -346.129190 -329.948420 -319.348503 -308.883719 -303.921305 -290.139715 -278.294483 -283.263748 -292.651331 -302.517340 -295.226419 -279.393583 -262.933841 -255.896420 -252.206340 -251.450547 -261.684969 -267.725822 -271.494991 -272.059567 -276.780367 -274.141363 -262.019735 -245.666612 -245.848787 -259.161141 -285.247203 -324.757379 -363.532616 -388.386441 -384.783807 -391.438286 -397.581780 -402.292805 -417.035975 -429.049208 -429.439301 -439.111406 -445.458431 -433.809604 -427.588622
-334.710351 -315.164986 -318.514604 -330.782029 -343.946569 -343.761729 -334.496464 -323.942168 -302.421661 -273.926351 -243.562005 -225.331097 -212.931410 -201.880199 -210.045625 -222.063998 -234.175280 -229.103810 -213.615900 -197.034957 -180.536684 -162.991947 -146.802942 -152.460793 -162.829774 -165.443840 -159.805382 -139.317404 -120.520235 -112.679274 -108.403615 -102.028691 -109.263584 -119.797286 -131.573491 -142.669470 -152.527623 -158.694037 -141.637237 -124.853713 -128.796170 -160.134839 -193.116788 -235.521076 -279.072631 -319.217509 -327.708799 -330.066295 -332.942750 -350.372239 -367.665683 -388.668413 -401.080209 -410.746395 -426.666258 -422.235650 -416.206562
-222.954987 -198.565194 -190.047890 -203.973448 -207.983473 -201.559045 -187.725465 -178.889967 -160.293322 -121.465264 -66.710139 -15.027502 24.763798 33.100363 20.714451 2.361660 -24.842280 -36.842654 -13.597177 12.008427 34.362367 49.980102 62.133763 69.092588 68.306979 68.352100 70.737701 74.518768 80.322178 86.047824 91.401475 97.283385 97.701526 89.610759 82.462933 74.129811 66.800917 64.829650 64.160588 70.356953 67.846083 43.803596 2.208920 -56.696722 -115.402150 -160.891065 -191.589742 -197.101602 -216.714645 -238.817112 -265.409825 -307.441083 -331.152115 -351.203355 -384.349475 -390.104632 -378.656148
-64.319047 -31.211274 -0.491372 4.684139 11.422774 18.408062 29.199357 38.982441 48.655081 78.739779 113.402223 147.532286 175.050469 184.588425 174.347920 162.166876 147.860451 137.678463 141.488128 158.071611 176.752748 193.083941 203.276756 206.991571 205.907533 206.184671 207.280436 209.650835 211.109503 214.696857 220.239143 229.385224 240.912974 238.106016 223.682144 212.482235 199.463784 194.632825 192.820246 188.300847 186.722243 181.840313 152.379572 120.642681 87.748907 56.068422 27.432631 -12.349704 -53.245060 -89.648988 -146.860595 -198.033526 -241.181812 -279.246594 -315.467787 -324.277390 -297.936850
106.726693 133.997558 152.316044 159.489045 163.297885 167.628891 175.607311 182.867154 191.120152 208.586936 240.918257 276.300210 304.518186 308.893651 301.089557 291.267284 279.311746 271.194428 268.814262 275.658414 285.008633 299.149805 310.177526 321.646864 322.519764 322.963723 322.598413 323.826665 324.654411 324.536312 329.808430 339.313860 348.602236 350.817439 341.304660 325.642761 309.648279 302.486059 295.251653 287.575086 285.035453 283.652626 279.355107 257.597204 226.888850 188.270403 159.569365 132.630873 114.482376 96.971632 78.118662 35.722800 -0.938081 -63.350177 -123.341157 -163.469547 -134.930877
220.754379 248.492295 268.772297 280.619318 283.259891 286.539508 294.661720 302.369874 313.230200 329.027948 348.784203 377.368395 401.837779 415.735483 413.357940 406.037221 389.615383 388.623061 386.568757 389.622277 393.295588 400.354474 411.957542 427.673693 433.592591 434.111536 431.982946 433.114179 433.227484 431.047138 432.686837 435.695157 441.513877 443.413877 440.114743 424.673733 407.449608 395.322637 385.494219 376.338950 370.303292 367.824445 365.286654 355.080575 332.038269 299.666977 266.617250 242.316088 225.215002 212.339045 202.837425 191.064047 172.190927 139.533109 98.975921 65.272082 53.676086
316.210496 340.319952 366.078043 387.272859 393.966008 398.740252 405.283342 415.571345 428.516413 446.273338 458.110104 472.916487 490.754658 499.911674 505.244141 506.966064 506.660783 509.059145 508.687493 501.641554 502.614722 504.124470 506.059769 510.878414 512.414864 512.465177 512.248380 512.574503 512.436829 512.080576 512.019204 510.828470 511.611831 511.718634 511.375644 507.343377 503.027859 488.768688 477.602265 468.926710 459.912375 448.887520 440.378178 429.855815 417.965583 392.061845 358.872595 329.926243 316.992393 309.103063 302.867572 297.578707 283.109120 262.801887 237.683401 206.488903 173.490479
414.211605 432.197906 456.180882 473.704185 483.545502 490.720246 495.510433 506.006079 516.361605 517.036786 518.467623 520.004805 521.262033 521.337023 521.383347 521.119642 518.853884 518.410384 517.061430 511.689042 502.379839 503.200209 504.710582 508.041865 511.817120 510.583857 511.346399 514.122547 512.559806 507.214877 503.673942 502.096934 502.456761 509.421711 512.297040 512.949396 513.128466 512.687036 512.227165 511.120498 509.733361 508.004402 506.726436 503.783001 495.371131 474.623171 444.583554 415.066911 398.470012 387.810354 386.399111 382.834286 376.547150 358.237047 332.656637 301.143053 267.758245
510.393951 517.127709 520.553661 522.540171 523.591016 525.027764 527.093750 526.700600 523.143215 519.264227 514.831332 513.785019 512.571747 510.308211 510.711821 508.431555 504.078866 500.120036 494.410290 483.704710 470.627722 466.067955 471.766043 479.609039 484.529468 487.346404 490.383453 491.923852 487.479624 479.637369 471.808892 469.708179 476.591386 482.622424 487.360687 488.023599 486.694944 485.027611 485.388811 483.264192 483.642717 489.191710 500.710251 508.037635 509.001120 508.497665 505.622200 501.416315 484.264236 464.041292 464.099040 461.005682 450.179418 429.661811 404.297373 376.670543 350.501374
518.495514 516.513650 511.146121 505.827315 505.220957 508.857864 515.115916 516.074777 508.479910 499.624331 492.658260 486.399311 484.738378 483.799204 482.796325 481.945708 475.117755 465.639440 451.749113 439.323167 424.016614 416.306418 417.099559 427.585172 438.151158 446.619170 450.949459 445.662151 438.656464 427.600612 416.413642 415.801123 420.060520 431.682203 444.596237 447.657328 448.200644 443.918748 440.546706 435.162641 433.697850 440.146522 452.854115 468.184369 481.630291 488.910626 495.685257 500.828679 506.509543 506.522914 506.613105 506.543928 503.104687 489.370365 470.071299 449.155035 426.236935
498.591538 493.592904 487.429437 481.597263 479.816740 482.562277 485.591900 481.848849 472.635932 459.035546 447.196676 437.658208 433.302109 436.665522 438.615630 437.653436 427.869825 410.480741 392.886240 379.329862 364.654784 360.784513 358.054539 358.116125 369.825928 385.419985 390.865494 379.088896 370.051277 356.309795 347.618172 344.797311 347.267272 357.700269 375.766234 391.961113 392.548887 383.812024 375.448887 371.090310 369.183401 376.371732 394.334946 414.418624 430.567633 438.837802 445.471361 451.513543 460.211200 471.971330 486.500393 497.134806 507.161402 508.517785 507.622670 505.553333 490.260969
469.517361 460.799174 455.340535 448.584557 443.347052 442.488399 440.526292 433.300888 421.507217 407.505465 395.016714 384.055359 371.995892 369.644975 366.874910 367.126551 354.087422 341.341564 322.246531 308.069707 294.123270 286.877573 282.838945 279.011830 286.316142 301.990827 310.855232 296.426534 286.688947 273.677246 267.118187 264.081891 265.679258 275.112906 296.697302 313.970659 319.477551 311.476206 305.128290 302.411799 302.121165 307.680985 323.262430 343.452332 363.520299 377.308268 386.133069 393.214910 403.361126 418.738866 435.685711 449.857159 466.050723 484.237510 497.384456 505.697549 510.677077
429.330890 418.633198 408.509037 397.704450 391.141339 391.770725 384.811509 377.568402 364.262165 322.387158 306.821779 290.957316 277.464952 272.099575 263.339612 256.558603 245.929877 238.460784 229.148760 215.799078 201.892040 189.693218 186.547186 183.519922 178.686261 186.352023 190.000158 189.120922 182.268108 175.411895 172.075959 169.840661 173.674449 186.203893 197.312215 207.161613 211.797987 207.655083 213.041818 219.189724 221.694090 237.455786 251.580984 268.697906 288.922820 310.028105 321.335828 329.984797 340.547233 356.210849 373.698193 390.876172 413.232900 438.352961 453.875936 464.413222 476.023850
382.134444 368.021100 355.665918 343.199018 330.793550 330.522730 326.208584 319.159155 285.491934 244.901115 215.329966 199.180788 180.020863 168.618145 154.129311 126.273836 110.299339 102.354734 104.564309 94.639256 79.428319 66.815180 60.577551 55.726052 45.270609 39.723718 43.636613 52.906905 46.681396 42.484953 44.603424 42.465270 41.586220 50.670963 64.194873 71.757233 79.882079 88.464300 93.730168 103.432946 131.172266 150.354550 167.880760 187.595420 208.333116 230.327330 248.955029 260.927390 274.150380 292.037786 308.031860 327.725496 350.411880 377.982068 396.254462 410.275947 422.748195
315.700286 300.384063 284.847788 267.430555 245.945005 241.880731 233.799715 220.239669 180.261304 138.424195 102.830999 79.619270 55.473810 34.639916 -4.586828 -60.361542 -93.578249 -94.126012 -87.187469 -93.467376 -114.806361 -133.796414 -148.045734 -163.539904 -181.443532 -192.562459 -184.009401 -174.083250 -169.920241 -168.197750 -164.506468 -163.314880 -163.911227 -164.192534 -151.480840 -138.994163 -124.939696 -111.402765 -95.794283 -54.634356 -8.143260 28.765415 60.019237 84.164564 110.869716 140.746667 165.450091 181.762934 199.843329 218.996086 238.858730 258.346396 281.669461 309.303105 331.565083 346.040374 359.881230
243.432564 222.220624 199.167184 164.641762 144.828755 131.005628 117.218525 85.322559 42.852099 -11.762149 -70.166371 -112.942255 -148.461844 -182.094838 -218.815207 -252.515887 -274.920175 -269.145948 -262.417275 -254.258024 -268.461782 -282.559438 -291.000219 -306.959502 -322.517318 -337.182032 -328.439239 -318.521753 -303.031750 -299.598801 -296.410668 -290.298575 -291.589965 -293.088708 -298.371940 -288.133725 -277.091198 -263.030133 -235.521106 -206.766924 -176.294561 -147.334560 -116.254099 -79.681936 -33.701386 19.552918 61.272403 86.471878 110.581376 138.448022 162.179925 181.384577 202.156062 227.479858 250.253438 268.486508 287.679250
150.997614 122.366325 84.223104 36.928498 -12.855605 -41.467202 -93.479880 -141.781695 -193.901900 -225.989534 -253.354534 -281.629348 -307.036120 -331.137220 -360.387659 -385.449819 -409.332274 -405.148347 -392.730675 -378.870663 -387.266589 -392.534865 -396.244797 -408.414618 -422.410351 -436.167420 -432.341586 -417.508357 -400.694756 -394.253970 -388.070631 -380.589316 -380.612478 -386.932688 -395.375101 -389.574199 -376.014804 -359.716794 -336.734560 -312.603181 -288.757199 -266.243731 -240.793763 -213.114211 -182.570401 -146.057066 -105.492364 -70.835484 -24.410543 29.287362 64.877809 83.245049 102.210532 131.945499 156.580671 179.920966 201.463018
29.811879 -21.531625 -92.242333 -154.934823 -209.473769 -250.267113 -287.681426 -323.554626 -347.817111 -369.817486 -390.271849 -410.058815 -431.171229 -451.341472 -471.268585 -493.077270 -513.220843 -507.821339 -494.060572 -480.973016 -479.332425 -482.363740 -485.433070 -493.527981 -507.078182 -519.333681 -511.326839 -495.755837 -480.352978 -470.756926 -464.215396 -457.897074 -460.759649 -469.037448 -476.499657 -468.902167 -453.773525 -438.762321 -420.728981 -399.028756 -377.041454 -354.878482 -331.253685 -307.019580 -279.834748 -251.028890 -221.112564 -190.948809 -159.123706 -124.007195 -100.019740 -75.994282 -50.565391 -8.196350 35.022685 65.931684 93.308411
-172.434425 -209.128777 -250.732857 -296.504326 -332.679809 -366.948433 -399.131861 -430.282177 -455.107652 -473.315681 -483.700262 -498.502846 -517.899108 -531.572664 -548.393575 -568.225863 -570.188257 -566.004316 -552.997471 -550.087807 -549.290518 -552.249638 -553.336469 -558.374018 -570.724368 -565.592313 -557.614142 -542.403976 -531.308928 -522.057131 -515.747229 -511.552955 -512.405826 -520.029600 -517.812257 -510.581305 -495.960260 -484.189902 -468.816173 -447.930540 -430.483878 -410.874540 -388.710153 -365.560856 -340.755138 -314.137434 -285.193380 -258.422312 -235.453915 -221.694187 -206.738070 -195.335789 -194.445745 -171.538988 -145.328781 -116.623861 -76.053373
