tests/Borden05m/data_simulated/sim_1/output-maps/psiliqL0013N0012.asc
ncols         160
nrows         34
xllcorner     620200.000000
yllcorner     5168000.000000
cellsize      0.500000
NODATA_value  -9999.0
[rows 0 to 24 of 34, columns 56 to 111 of 160]
-9999.0 -9999.0 -9999.0 -9999.0 -9999.0 -9999.0 -9999.0 -9999.0 -9999.0 -9999.0 -9999.0 -9999.0 -9999.0 -9999.0 -9999.0 -9999.0 -9999.0 -9999.0 -9999.0 -9999.0 -9999.0 -9999.0 -9999.0 -9999.0 -9999.0 -9999.0 -9999.0 -9999.0 -9999.0 -9999.0 -9999.0 -9999.0 -9999.0 -9999.0 -9999.0 -9999.0 -9999.0 -9999.0 -9999.0 -9999.0 -9999.0 -9999.0 -9999.0 -9999.0 -9999.0 -9999.0 -9999.0 -9999.0 -9999.0 -9999.0 -9999.0 -9999.0 -9999.0 -9999.0 -9999.0 -9999.0
-9999.0 -9999.0 -9999.0 824.099094 818.687134 813.590256 808.859651 800.128256 791.117482 782.947427 779.213602 778.542577 777.991647 777.829129 783.287256 791.487458 799.312246 806.642708 809.212790 811.798851 814.171880 814.783174 813.668368 810.543701 807.345098 804.029495 802.584551 794.566835 783.246418 774.487662 771.764284 776.195165 780.656901 783.128865 788.936792 799.613367 810.348306 818.801396 830.577244 836.245050 841.175296 843.918247 839.562759 835.740969 831.655336 826.308280 815.117246 -9999.0 -9999.0 -9999.0 -9999.0 -9999.0 -9999.0 -9999.0 -9999.0 -9999.0
787.605382 807.752919 811.139578 799.947789 795.142618 792.014515 790.146652 785.471470 777.026662 772.000044 766.851779 765.252795 765.569371 765.883367 770.221372 780.576571 788.729767 793.661877 796.332106 799.085809 798.939728 798.549031 798.352086 795.581640 792.255241 788.952464 787.229659 787.713736 780.176251 774.736078 771.346619 769.695270 772.198950 774.556596 777.899692 787.330507 795.421778 803.505367 817.704162 829.977160 835.022458 832.265185 826.971507 822.837451 815.798028 805.426211 794.850120 784.989827 777.738659 771.906758 765.880130 771.541568 777.806920 787.368224 796.783336 808.519309
772.494413 792.802629 795.840928 785.293504 777.214054 772.405331 772.825792 775.622811 772.365980 768.021271 763.347061 772.143028 773.721590 775.133451 778.652053 781.938493 785.219653 788.127197 793.646610 802.799194 805.674245 806.356945 806.630584 804.913825 801.893400 800.170619 797.494978 792.375799 791.343122 791.674744 791.446534 796.408289 797.878642 799.559371 792.829312 796.308510 802.427208 809.175142 815.600046 822.130754 825.900323 822.340910 821.077891 812.227277 797.924941 786.331489 777.429058 775.144689 771.532721 763.242874 750.099694 756.749848 771.842233 776.013085 778.964023 790.298820
767.909559 779.953343 783.231900 778.510576 780.090129 781.929419 783.681363 782.392511 779.717812 778.093976 790.957000 800.731548 802.894320 806.140870 810.043466 809.641404 797.930626 795.680965 804.119276 814.624781 820.598188 821.005692 821.095717 819.178717 818.265180 817.953190 815.834682 816.668420 819.173041 819.220532 823.888300 829.540260 832.403244 824.565532 815.372058 816.096591 823.727201 831.750509 838.947157 849.426532 860.487879 859.066476 852.929550 843.303912 829.061887 804.966536 784.811309 773.351432 765.616474 757.823314 757.216878 753.592009 764.263597 765.373877 766.688812 774.424040
774.445513 796.024937 804.327041 798.809257 794.096504 791.663523 792.746134 793.285254 796.709476 809.605046 823.825568 838.792839 842.042942 845.031568 844.959829 836.164403 826.138742 822.527294 837.424732 853.780506 862.290504 863.203776 862.755438 869.813201 868.520295 866.833676 862.031067 864.210880 865.887685 875.969379 883.690056 890.790068 888.952188 876.879626 865.313890 863.567116 866.101188 869.159006 875.188684 885.227439 894.650595 889.099869 881.270028 870.420157 840.933447 812.927445 795.245238 794.598884 793.951043 788.276792 784.322830 780.288558 772.558417 771.349949 769.844137 768.630493
825.135296 845.690960 862.062934 856.874484 849.284683 839.545665 840.553307 844.065305 852.688774 866.328173 884.534918 909.267886 912.909174 916.745236 919.984865 909.165659 897.104780 886.111604 903.955484 914.406705 923.425624 925.606920 935.811301 945.881574 941.454106 933.536923 923.477253 929.974713 942.102405 957.396519 964.325090 968.224608 967.055656 955.917539 949.934168 948.033428 949.760770 946.980476 951.174054 961.205066 975.858063 974.732304 964.721206 941.051696 902.940810 867.316270 845.615766 849.911877 841.981671 834.180270 829.374706 814.418652 802.538732 801.585924 791.142619 784.137095
875.045489 894.283393 913.383747 909.446173 899.477152 886.848018 886.938870 895.058250 905.784052 925.595626 949.498804 974.472275 983.976718 988.151137 998.233863 992.181714 983.074505 974.956481 985.931827 998.283096 1010.412878 1020.639260 1033.635241 1045.332161 1036.044794 1024.314362 1019.433473 1024.783569 1044.515050 1061.821080 1067.126641 1068.568633 1071.406989 1062.453923 1055.495227 1048.338135 1042.657425 1036.486111 1032.138576 1049.792903 1065.633977 1063.206630 1038.935563 1013.586032 976.006310 936.797635 903.101600 900.887142 896.903269 894.514720 878.250151 861.541196 843.799351 833.058989 822.893860 807.704402
968.729558 990.764406 1012.905793 1014.950398 999.288996 992.289784 997.610175 1010.681776 1018.407865 1034.471167 1059.740085 1092.614924 1115.116662 1135.051834 1139.904763 1131.898334 1123.173649 1110.219088 1108.196674 1125.170568 1137.370798 1148.297384 1159.200680 1171.596073 1177.222721 1174.837441 1174.500863 1177.776125 1184.789936 1193.678198 1200.412896 1205.813450 1211.279661 1207.692567 1197.419841 1190.692329 1181.706778 1174.690607 1171.907342 1173.949281 1184.233143 1181.493394 1154.870479 1126.805012 1093.559582 1055.165674 1022.425893 1003.479488 1007.722481 995.049962 975.275218 954.148242 917.869543 900.026213 882.874191 852.519224
1075.231425 1104.207212 1120.100356 1134.375096 1130.612108 1132.948926 1137.439327 1145.099606 1150.599683 1159.051420 1192.027487 1227.444972 1257.319215 1281.982914 1291.016442 1281.198633 1271.737677 1260.075374 1250.874843 1254.995783 1269.282492 1285.836349 1301.361688 1312.441969 1316.075217 1314.972429 1315.370957 1317.414152 1320.478437 1323.482055 1329.460730 1336.506525 1346.259909 1356.976981 1351.086652 1334.373257 1321.981982 1308.156311 1302.871704 1300.930292 1298.564580 1297.722525 1289.384195 1257.461171 1228.143999 1195.177057 1165.299749 1143.191313 1127.963237 1107.001642 1082.957531 1035.779111 994.347065 958.381708 930.044892 900.744736
1194.822572 1226.217208 1250.907017 1266.808196 1270.516613 1273.621471 1276.869329 1283.200469 1288.824941 1296.372850 1319.112245 1356.462681 1393.602963 1423.488397 1427.826851 1418.842713 1408.716488 1398.523162 1388.101365 1384.874858 1392.574947 1403.501976 1419.259921 1430.450704 1439.936945 1439.314013 1439.843960 1440.341265 1442.426682 1444.267446 1446.146830 1452.924126 1464.373864 1475.229848 1476.082656 1462.818543 1445.910994 1428.550651 1421.075424 1414.551177 1408.127175 1407.506320 1407.369926 1399.251023 1373.576624 1337.252338 1294.339811 1267.221050 1245.076332 1230.641585 1213.249849 1186.504587 1134.729706 1103.469502 1067.688875 1032.749818
1311.543245 1341.385794 1372.177298 1391.461556 1399.965204 1401.255416 1403.942434 1411.775287 1418.366648 1428.684981 1445.351695 1469.077162 1497.951703 1524.734589 1542.085256 1538.564967 1526.256541 1509.277885 1504.164172 1502.897172 1504.769740 1511.125749 1518.836344 1533.902007 1549.377630 1554.734665 1555.605300 1553.303049 1555.428398 1556.599259 1556.630315 1557.526534 1561.987964 1568.712299 1570.996548 1566.100241 1550.247133 1530.233237 1515.700893 1506.563883 1501.426121 1498.792472 1499.388891 1498.232286 1485.785707 1456.552324 1418.367799 1384.605984 1361.869082 1344.776578 1329.947179 1317.713449 1297.505514 1278.701740 1247.377384 1203.602461
1416.081050 1441.824672 1468.634706 1493.192535 1510.261299 1515.067381 1521.373739 1526.640929 1536.580584 1552.065079 1570.888645 1584.844597 1601.755338 1623.005519 1635.560796 1641.235712 1641.543065 1640.252949 1641.889354 1641.843164 1615.800557 1618.498840 1621.156633 1628.067214 1635.914730 1638.577237 1639.014372 1638.110316 1639.266140 1639.624142 1639.693451 1639.212354 1638.983141 1640.859692 1641.429310 1640.217900 1633.546613 1636.270674 1619.196784 1606.991391 1599.141043 1591.124909 1582.287602 1572.392816 1562.300950 1545.644798 1518.454572 1484.983892 1457.335845 1444.878295 1437.114698 1429.359191 1422.864710 1406.829159 1384.777590 1353.769772
1521.582136 1537.573910 1557.747814 1585.091666 1604.295004 1615.147052 1624.000092 1628.994790 1641.121463 1654.182299 1649.200042 1652.850649 1656.624204 1660.326474 1661.579644 1661.820096 1661.437338 1658.935801 1658.195955 1656.073925 1650.955181 1641.084765 1642.155952 1643.393096 1645.807880 1649.402882 1648.298617 1649.405160 1652.386183 1650.859385 1645.293246 1641.555259 1639.772372 1639.997636 1646.843263 1649.791671 1650.465081 1649.360432 1648.527226 1647.920497 1646.376525 1644.546713 1641.982014 1638.576329 1641.419510 1631.078894 1607.716700 1574.775022 1539.872465 1525.450678 1520.426789 1519.892544 1516.122477 1509.179677 1490.166098 1462.786911
1633.534155 1646.581344 1644.091881 1653.885267 1659.120885 1661.774623 1664.501973 1666.896201 1667.912771 1664.583644 1660.960418 1656.033735 1654.411720 1652.711276 1649.900677 1650.049122 1647.608040 1643.183158 1639.059321 1631.949949 1620.534386 1608.553320 1605.479150 1609.696911 1614.576728 1618.984648 1622.405332 1625.958619 1627.144845 1622.374840 1614.451032 1607.264430 1605.132783 1611.272272 1616.587340 1621.694719 1622.404134 1621.153227 1619.375166 1619.901214 1617.961864 1619.049737 1625.989952 1639.407509 1645.347863 1647.800456 1647.179048 1639.733679 1626.408828 1618.345101 1598.544372 1601.369273 1596.209033 1584.304176 1563.130141 1539.200785
1660.179287 1659.685026 1657.881707 1651.896989 1646.034147 1645.147799 1648.721166 1655.141930 1656.052235 1648.761893 1640.089063 1632.558136 1625.048754 1622.050643 1619.923441 1618.443453 1617.736066 1611.724588 1603.196684 1587.184055 1574.748046 1562.751094 1556.125183 1553.867529 1558.695444 1568.486729 1578.200226 1583.091150 1576.633587 1569.179761 1558.463812 1550.284427 1550.294994 1552.340750 1561.061476 1574.712756 1579.307180 1580.224314 1575.643082 1571.873268 1566.954666 1566.051825 1573.883425 1589.481763 1605.130261 1619.038215 1627.425034 1634.789462 1641.062730 1644.500061 1645.418594 1645.789997 1644.576224 1642.943413 1627.605179 1606.743192
1646.394277 1639.563737 1634.030866 1626.784146 1620.401613 1617.978120 1619.657124 1621.832307 1617.898247 1610.612598 1599.786986 1588.053481 1577.263695 1569.870429 1569.376124 1570.311343 1570.147121 1562.891164 1547.825505 1529.897364 1515.760731 1501.279014 1496.762525 1491.646011 1487.414881 1497.950245 1515.013949 1521.391482 1508.258961 1498.479150 1484.339545 1476.924565 1473.727631 1475.102690 1484.291118 1503.839652 1523.045176 1524.619403 1515.690628 1507.191601 1503.614599 1502.394240 1510.079387 1529.042886 1549.631356 1565.111455 1575.447961 1581.804469 1590.378386 1600.162618 1612.566132 1625.835578 1636.957578 1645.456349 1649.431622 1647.555462
1618.919571 1610.481491 1601.960036 1593.830044 1586.496298 1581.134725 1577.944108 1574.324279 1567.548500 1559.763376 1544.531742 1531.485327 1518.450142 1503.682034 1499.043627 1494.903405 1495.431045 1483.425227 1472.456215 1453.406733 1437.417979 1421.370270 1410.525112 1404.499209 1398.605853 1402.603047 1417.908930 1426.965086 1414.080347 1403.947478 1391.312796 1385.235428 1381.917442 1383.757839 1393.905490 1415.765427 1434.443375 1441.789667 1434.694483 1430.763521 1429.803876 1430.098284 1437.170497 1452.606273 1473.277388 1495.058815 1512.049946 1522.348991 1530.901845 1541.694012 1556.717360 1571.256532 1585.772290 1603.221211 1623.434413 1638.174426
1581.670089 1570.889316 1560.277932 1548.640967 1536.860750 1529.459221 1529.473513 1521.862831 1514.603811 1498.223100 1451.225082 1432.307405 1413.432555 1397.110991 1390.210903 1381.660773 1372.241423 1362.178119 1354.848579 1347.756231 1331.875532 1314.122418 1297.634320 1292.211280 1287.934374 1278.542599 1282.737498 1285.764419 1290.533889 1283.423104 1277.990394 1276.115344 1273.658820 1276.753586 1290.292411 1301.964469 1312.072022 1318.756875 1318.503878 1326.518724 1334.020886 1339.727895 1356.877835 1371.415037 1390.015798 1412.425088 1437.080367 1451.499367 1462.118504 1474.057996 1490.575350 1508.115126 1526.440397 1549.549476 1574.708256 1591.223127
1535.113246 1520.444049 1505.379406 1491.544770 1477.666860 1463.163031 1462.679618 1458.028473 1448.431441 1405.775175 1362.969229 1329.750934 1310.675916 1287.560964 1274.953452 1262.328022 1234.251037 1218.867380 1212.469407 1217.439766 1207.731792 1190.445431 1176.173495 1167.659267 1160.602576 1147.329084 1137.808701 1142.597357 1155.225484 1151.322728 1150.160071 1154.586261 1153.040522 1149.546296 1154.592218 1168.940496 1177.213656 1187.683056 1200.395595 1206.016995 1217.107225 1245.285756 1260.550950 1277.282954 1298.753843 1321.971597 1346.060419 1367.838731 1382.529133 1398.477958 1418.461676 1436.499928 1458.376988 1482.832748 1512.349282 1533.051736
1465.978031 1445.675232 1428.110659 1409.561896 1387.266240 1365.543697 1361.692848 1353.363782 1332.349994 1285.055656 1244.361401 1214.118883 1190.854280 1165.743304 1145.528752 1116.642784 1084.083185 1062.980772 1068.445798 1075.385885 1076.474462 1062.235898 1049.219968 1038.756958 1024.418805 1008.856652 996.921956 1005.651576 1014.224353 1023.443423 1027.294666 1031.072643 1033.959153 1032.948883 1028.274751 1033.004279 1042.215349 1053.185259 1064.752944 1080.167839 1111.464310 1137.686714 1156.818952 1179.329149 1201.409244 1226.128761 1251.956891 1275.517434 1293.585019 1313.832605 1334.691536 1357.179796 1379.413997 1405.553940 1435.962369 1461.651189
1387.635774 1360.338097 1336.819405 1308.874489 1268.528661 1252.320403 1242.090023 1227.126710 1188.891706 1145.664290 1111.136269 1087.123743 1061.365895 1036.675266 1008.606906 976.351667 949.621576 928.929938 935.412915 942.221179 953.780022 941.822221 930.723402 924.505298 909.475467 895.523572 880.925218 888.363629 898.465606 916.143210 920.476591 924.024548 931.224346 930.312766 927.912491 918.697450 927.611124 938.614816 953.118131 981.895456 1007.772580 1033.284160 1056.432434 1078.774592 1103.445348 1129.679916 1156.246785 1184.191719 1205.989260 1227.340782 1251.031931 1273.338252 1293.424094 1316.011361 1343.862828 1368.344161
1279.610726 1256.510969 1231.249098 1193.303614 1148.633010 1112.891848 1094.658585 1054.355785 1019.330939 984.634986 967.552478 948.497442 924.629258 902.161780 880.070558 853.669850 830.723540 806.163276 809.646905 822.014431 835.883624 830.505923 827.073705 823.838208 812.638125 798.926022 785.354895 788.982917 804.303241 821.236495 828.923916 835.692191 843.325614 843.537907 836.686671 828.454715 834.413928 849.062091 865.856612 887.452583 910.877705 934.169359 956.384147 980.988943 1006.681426 1032.963387 1061.256746 1090.777293 1113.893828 1140.333940 1167.506182 1189.306262 1203.763028 1219.758067 1245.705752 1266.248774
1171.851054 1146.476588 1118.596272 1076.637818 1033.366654 989.666937 948.841001 914.532690 882.409689 864.676840 845.007110 826.505349 807.727157 785.973514 766.107842 747.008644 724.561367 707.127210 712.293910 725.126436 735.822213 738.753271 735.667402 732.532056 725.085130 711.331348 701.821648 710.411128 725.749820 740.524114 750.862520 757.657316 763.734171 761.141105 753.045368 747.723599 756.093520 771.979394 787.272633 805.083155 827.344616 849.666441 872.655249 896.863725 921.266505 948.241935 976.209659 1004.827508 1033.417784 1059.677129 1084.245022 1098.224689 1112.411617 1122.186979 1140.661492 1161.468896
1045.213714 1018.538010 989.238324 955.098951 915.609319 884.202821 850.887842 818.889019 787.598303 761.259533 743.769257 733.503311 718.219253 698.635648 684.842368 667.628678 650.435942 650.538567 653.089024 663.828766 664.669735 665.180191 662.135069 660.979268 656.749934 646.467918 653.816355 661.238140 675.785763 686.542014 696.036843 702.297046 706.450818 706.543592 700.466929 704.341279 711.635875 726.454506 738.693373 754.210440 775.626149 793.892379 814.349820 837.641234 861.867832 887.446458 914.760594 944.294118 971.257906 993.296620 1005.314771 1018.719494 1027.066920 1024.033920 1040.773000 1058.530148
