tests/Borden05m/data_simulated/sim_1/output-maps/psiliqL0017N0013.asc
ncols         160
nrows         34
xllcorner     620200.000000
yllcorner     5168000.000000
cellsize      0.500000
NODATA_value  -9999.0
[rows 0 to 24 of 34, columns 55 to 109 of 160]
-9999.0 -9999.0 -9999.0 -9999.0 -9999.0 -9999.0 -9999.0 -9999.0 -9999.0 -9999.0 -9999.0 -9999.0 -9999.0 -9999.0 -9999.0 -9999.0 -9999.0 -9999.0 -9999.0 -9999.0 -9999.0 -9999.0 -9999.0 -9999.0 -9999.0 -9999.0 -9999.0 -9999.0 -9999.0 -9999.0 -9999.0 -9999.0 -9999.0 -9999.0 -9999.0 -9999.0 -9999.0 -9999.0 -9999.0 -9999.0 -9999.0 -9999.0 -9999.0 -9999.0 -9999.0 -9999.0 -9999.0 -9999.0 -9999.0 -9999.0 -9999.0 -9999.0 -9999.0 -9999.0 -9999.0
-9999.0 -9999.0 -9999.0 -9999.0 1631.576503 1626.285997 1621.453415 1617.010101 1608.604121 1599.769315 1591.964455 1588.358219 1587.795173 1587.408623 1587.345668 1592.849371 1601.213241 1609.155241 1616.498469 1619.146592 1621.773507 1624.096376 1624.699182 1623.685400 1620.636491 1617.502408 1614.257429 1612.811931 1605.066382 1593.860263 1585.275675 1582.574947 1586.913756 1591.302514 1593.714778 1599.242061 1609.701343 1620.219033 1628.482846 1640.240433 1646.049535 1650.826578 1653.237702 1648.716552 1644.803730 1640.529885 1634.772095 1623.514864 -9999.0 -9999.0 -9999.0 -9999.0 -9999.0 -9999.0 -9999.0
1576.323328 1595.421530 1616.006562 1619.405491 1607.965496 1603.166351 1600.209271 1598.627052 1594.337760 1586.144789 1581.358088 1576.369228 1574.700754 1575.169065 1575.590881 1579.951845 1590.647206 1598.881020 1603.860976 1606.656317 1609.552230 1609.069775 1608.658008 1608.548454 1605.832309 1602.547039 1599.301046 1597.608896 1598.453365 1590.944941 1585.360779 1581.819819 1579.748528 1582.288581 1584.697085 1588.344610 1597.576531 1605.448224 1613.288124 1627.536876 1639.817988 1644.779413 1641.798923 1636.436199 1632.128248 1624.736286 1614.060460 1603.544410 1594.250117 1587.149652 1581.143534 1574.615703 1580.103540 1586.453550 1595.544280
1561.139909 1580.741230 1601.317304 1604.385391 1594.053423 1586.258690 1581.042692 1581.741929 1585.021873 1582.047468 1577.827046 1572.449110 1581.867331 1583.507752 1584.938477 1588.590011 1591.670923 1595.726467 1598.655418 1604.251459 1613.450553 1616.391594 1617.078710 1617.359319 1615.635783 1612.617428 1610.890779 1608.239019 1603.117433 1601.877254 1602.006769 1601.442254 1606.107915 1607.557427 1609.571540 1603.159170 1606.831346 1612.853205 1619.488173 1625.408444 1631.553884 1634.649273 1630.873605 1629.884890 1620.905133 1606.542781 1595.249426 1586.573796 1584.855001 1581.151836 1572.613474 1558.889884 1565.628397 1580.610669 1584.561037
1567.455856 1577.059490 1588.909798 1592.190652 1587.607084 1589.634284 1591.728738 1593.595675 1592.418940 1589.759371 1587.548895 1599.895667 1609.437008 1611.578975 1614.795600 1618.943268 1619.167774 1607.947174 1605.953346 1614.164175 1624.494104 1630.273688 1630.660821 1630.656205 1628.244913 1627.315738 1627.100227 1625.134608 1625.579770 1627.789586 1627.046376 1631.145104 1636.702953 1639.673798 1632.601795 1623.603386 1624.727926 1632.510415 1640.730595 1647.838829 1657.948397 1668.614217 1667.411715 1661.483920 1651.926402 1637.967174 1614.098575 1594.466103 1582.828389 1574.633855 1566.588097 1566.650306 1562.242639 1573.435789 1574.318790
1563.857922 1582.597428 1603.988897 1611.815889 1606.445049 1602.352594 1600.617385 1601.883241 1602.262232 1605.046421 1616.883428 1630.541265 1644.520587 1647.545559 1650.344123 1650.097128 1641.928197 1632.064065 1628.958451 1643.492634 1660.046610 1668.379297 1668.855854 1667.203566 1673.052822 1672.247708 1671.305930 1667.002774 1668.736468 1669.103936 1677.667541 1685.293236 1692.589388 1690.851617 1678.657214 1666.843559 1665.591441 1668.964971 1673.101684 1679.399261 1689.179193 1698.182539 1692.570816 1685.331177 1675.357604 1646.871342 1620.283658 1603.359312 1602.656192 1602.028776 1596.293901 1592.480421 1588.953821 1581.883971 1580.657053
1609.074970 1630.391689 1651.115077 1666.703073 1661.526994 1654.335166 1645.371251 1646.475480 1649.329187 1657.329719 1670.104164 1686.672244 1710.464631 1712.824800 1715.678572 1717.662600 1706.456048 1694.337375 1683.919189 1703.213895 1713.881738 1722.267110 1722.888281 1731.433867 1741.020625 1736.890592 1729.544405 1718.908777 1725.093417 1735.359259 1750.448199 1757.538157 1761.741640 1759.445760 1747.454298 1741.275089 1740.477978 1743.662529 1742.017369 1747.380624 1756.705113 1771.099920 1769.658832 1761.587728 1739.051030 1701.278924 1667.540781 1648.471697 1654.671705 1647.061896 1639.258270 1635.473931 1621.298623 1610.428994 1610.101938
1657.638795 1675.020576 1693.461221 1711.925511 1706.724017 1697.049765 1683.610029 1683.050964 1690.225411 1700.949195 1720.067738 1741.982751 1765.137400 1771.102016 1771.897975 1781.936758 1775.854777 1766.540001 1758.898169 1773.239638 1784.892592 1796.320343 1805.009587 1817.762820 1829.001154 1817.517648 1804.213501 1797.658638 1803.456505 1824.819967 1843.486493 1848.452288 1849.011393 1850.690118 1839.780481 1833.556257 1827.661089 1823.875895 1818.731425 1814.950042 1834.644341 1851.900944 1849.939207 1826.477742 1802.042384 1764.047035 1725.481884 1694.725014 1697.065990 1693.033218 1692.107774 1677.463741 1662.010650 1647.200420 1638.602735
1731.453823 1759.063106 1779.260037 1801.301268 1800.077927 1782.444839 1773.018554 1777.805048 1791.254591 1799.214934 1815.963446 1838.439090 1868.727650 1887.715449 1904.861834 1909.552506 1902.011642 1893.606512 1881.209939 1881.598530 1900.761353 1912.812010 1922.901134 1932.996549 1945.470633 1949.524565 1945.790096 1945.010521 1948.589841 1957.484086 1967.956385 1974.587053 1979.177952 1983.688554 1977.115219 1966.051591 1960.799517 1952.859789 1947.496564 1945.124232 1949.790754 1962.945924 1959.829257 1930.028262 1902.326571 1868.633410 1830.502760 1798.995293 1784.003477 1792.691661 1783.160066 1764.446947 1746.577097 1713.391982 1699.280159
1822.603690 1858.077482 1885.455236 1899.643775 1911.969887 1905.070673 1906.342005 1911.027500 1919.183089 1924.173616 1932.115229 1964.871327 1999.634134 2027.875524 2051.924541 2060.489276 2050.058249 2040.701392 2028.661567 2019.718722 2026.050305 2041.320049 2058.257465 2073.638893 2084.842946 2088.030837 2086.770803 2087.065943 2089.448217 2092.413948 2095.749715 2102.482542 2109.772302 2119.362623 2129.288368 2121.884707 2104.820379 2093.220843 2080.711202 2076.636571 2075.535196 2074.875344 2074.391154 2063.217650 2027.960338 1997.795797 1965.054572 1938.281637 1918.754161 1907.968887 1887.708017 1863.606131 1815.236018 1775.136718 1740.611483
1929.457792 1971.623535 2002.492879 2025.068417 2040.215387 2042.087688 2045.059215 2047.896269 2053.729235 2058.656216 2064.977998 2089.226619 2128.225758 2166.202502 2196.563358 2199.585235 2189.238372 2178.879854 2169.148968 2157.560930 2154.151853 2163.452658 2175.836901 2193.081192 2204.078460 2212.514879 2210.975510 2211.380007 2212.324934 2214.399395 2216.265931 2218.694842 2226.433890 2239.137837 2251.160158 2251.370527 2236.098969 2218.696918 2201.597813 2195.585007 2190.260827 2184.180555 2184.295994 2184.533878 2173.658491 2145.833050 2107.934887 2065.444153 2041.225796 2020.933301 2007.305269 1989.842718 1958.563749 1901.841939 1867.853898
2056.606531 2086.947070 2117.169508 2148.269768 2166.447058 2173.187875 2173.454217 2175.145327 2183.023586 2188.740058 2197.914798 2214.831564 2241.532035 2272.635322 2300.362329 2317.142557 2312.346550 2298.318522 2279.718977 2273.119770 2271.328214 2273.779288 2281.162924 2290.560129 2307.098145 2323.955260 2329.710036 2330.550670 2327.913890 2330.309325 2331.636421 2331.701650 2333.265322 2339.051882 2346.764151 2349.281567 2343.180895 2325.122517 2303.744343 2290.143268 2281.851964 2277.216125 2275.598575 2277.417073 2277.356053 2263.789387 2232.129805 2191.590892 2158.685934 2137.997902 2121.821841 2106.634550 2093.831855 2069.090073 2049.185719
2174.644221 2189.928301 2217.059363 2244.972620 2269.175645 2285.659192 2289.173942 2294.587767 2299.949388 2309.388502 2325.168386 2346.122680 2362.081545 2380.951246 2403.923282 2417.673305 2423.220457 2422.883409 2420.657825 2422.095351 2422.117221 2383.877720 2387.708309 2391.513630 2401.751285 2412.089152 2415.742518 2416.163779 2414.595340 2415.994911 2416.492790 2416.514334 2416.073776 2416.684109 2419.575436 2420.504912 2418.715162 2409.807230 2417.510938 2399.435351 2386.841940 2378.862670 2370.678282 2361.859905 2351.863354 2341.458563 2323.091513 2294.387334 2260.360063 2234.455767 2223.139431 2215.445043 2206.957854 2200.203391 2183.362837
2282.296182 2294.367039 2311.573405 2333.079643 2363.194518 2384.054384 2395.217326 2404.337804 2409.391045 2422.325054 2436.821309 2428.509469 2433.885149 2439.292590 2444.548074 2446.278444 2446.628430 2446.130888 2443.531727 2442.635519 2440.285132 2435.613834 2425.460315 2426.618146 2427.983546 2430.346727 2433.858015 2432.592513 2433.554475 2436.468810 2434.865610 2429.171495 2425.350370 2423.646191 2424.113441 2431.104346 2434.141132 2434.802144 2432.924876 2432.103179 2431.442568 2429.322568 2426.673033 2422.897980 2417.963338 2424.591085 2413.421367 2388.316428 2352.699802 2315.260631 2302.794844 2299.696287 2298.920053 2295.450627 2288.515980
2401.438282 2414.484251 2428.437732 2419.742754 2434.012331 2441.460009 2445.065873 2448.282774 2450.840403 2452.580410 2449.376449 2445.985522 2441.068416 2439.416345 2437.726093 2434.886809 2435.004984 2432.524321 2427.978988 2423.648462 2416.054725 2404.463180 2392.635252 2389.267940 2393.347210 2398.262247 2402.676624 2406.183092 2409.572186 2410.269699 2405.289599 2397.276129 2390.040075 2388.115294 2394.527222 2399.996597 2405.560623 2406.335417 2405.125020 2403.254593 2403.676216 2401.413762 2402.272231 2409.282809 2423.176784 2428.095349 2431.689093 2430.966170 2420.385593 2401.328738 2399.657897 2379.685301 2383.361086 2378.113992 2366.075319
2442.795969 2444.982647 2444.281672 2442.854955 2436.842730 2430.927178 2430.017889 2433.635420 2440.123882 2440.897987 2433.467765 2424.603309 2417.001490 2409.385521 2406.440273 2404.603597 2403.252556 2402.625375 2396.517264 2387.389379 2370.711209 2358.380044 2346.536564 2339.951534 2336.961320 2341.062562 2351.024627 2361.224235 2365.878136 2358.357322 2350.618390 2339.656181 2331.625889 2331.869797 2333.659758 2342.711936 2357.498082 2363.181458 2364.262274 2359.307226 2354.896572 2349.623555 2348.168350 2355.669100 2371.361560 2387.667770 2402.358626 2411.150052 2418.756954 2425.426218 2427.329366 2428.943639 2429.688086 2428.078924 2427.843050
2437.998489 2431.337997 2424.483685 2419.027213 2412.002617 2405.843395 2403.415975 2404.908816 2406.689806 2402.304723 2394.848411 2383.783239 2371.929112 2361.261504 2353.549305 2353.251688 2354.305496 2354.364054 2346.703385 2331.098112 2312.613915 2298.389255 2283.845187 2279.249984 2273.588779 2267.919887 2277.995564 2295.620488 2302.058366 2287.819463 2277.693508 2263.300469 2256.269784 2252.920475 2254.220668 2263.470984 2284.173454 2305.235121 2307.287567 2298.050156 2289.142315 2285.560385 2284.008453 2290.988432 2309.591778 2330.865402 2346.979755 2357.686552 2364.029767 2372.688260 2382.704046 2396.086655 2410.083035 2421.706387 2429.000492
2412.266596 2404.047499 2395.756163 2387.392681 2379.476147 2372.175084 2366.811215 2363.618155 2359.411535 2352.274804 2344.030907 2326.107195 2312.689194 2299.280234 2284.082639 2279.293844 2274.537280 2274.854571 2262.646137 2252.333700 2233.875116 2217.792402 2201.504457 2189.490748 2183.245114 2176.785156 2178.622445 2193.062247 2201.699557 2189.808739 2179.799978 2167.866238 2162.386430 2159.167281 2161.375017 2171.828093 2193.190622 2212.069120 2220.146369 2213.385977 2210.782142 2210.657822 2210.803545 2218.064330 2232.426052 2252.674681 2275.185400 2293.379078 2304.106838 2312.681715 2323.542231 2339.072291 2353.910849 2368.649466 2386.529792
2377.192240 2367.154592 2356.385452 2345.758195 2334.079203 2322.012070 2314.391075 2314.731510 2307.026608 2299.601957 2280.394131 2230.042940 2209.741739 2190.307572 2173.540603 2166.252533 2157.333402 2145.343336 2135.419839 2128.715584 2124.382617 2108.764549 2090.613891 2073.386253 2067.860405 2063.582214 2051.330411 2052.415059 2054.459273 2062.941532 2056.140660 2052.109983 2051.554100 2049.236874 2051.907703 2065.431302 2076.084371 2084.990620 2092.080054 2093.917548 2103.235434 2111.534475 2119.261040 2136.913670 2150.783446 2168.886546 2191.279496 2217.029590 2232.547849 2243.524382 2255.638898 2272.382354 2290.033332 2308.644976 2331.984217
2335.609749 2319.540866 2304.455573 2289.183367 2275.241358 2261.250932 2245.805081 2245.514331 2241.023238 2230.428890 2182.869202 2139.954161 2105.742193 2086.753147 2063.023616 2049.701743 2035.483148 2003.728972 1987.456515 1982.797520 1990.819239 1982.983716 1966.240263 1952.656804 1943.727389 1935.785973 1920.918907 1908.196821 1913.306519 1927.808207 1925.492892 1925.854784 1931.497779 1930.409290 1926.001755 1928.658137 1942.480627 1950.090425 1961.096565 1975.759352 1981.410963 1994.565598 2024.918770 2039.767719 2056.425303 2077.448487 2100.408419 2124.707690 2147.566544 2162.837435 2179.321246 2199.606868 2217.938235 2239.961881 2264.398320
2278.298173 2248.696579 2227.672529 2209.599693 2190.216723 2165.822821 2144.113062 2140.233216 2132.024666 2107.627048 2057.822493 2018.237925 1989.946474 1966.962790 1942.364747 1920.761901 1888.857834 1855.534829 1834.152427 1842.930127 1851.132575 1855.670202 1842.423858 1830.232497 1820.111759 1804.559725 1788.584954 1775.107917 1784.530120 1793.040949 1805.520086 1810.407840 1814.293194 1818.300822 1817.286145 1810.713311 1812.274175 1821.262800 1832.032200 1843.901658 1861.503428 1894.313202 1920.134249 1939.136143 1961.234913 1982.541539 2006.519047 2031.829494 2055.680556 2074.023015 2094.341672 2115.311887 2138.077538 2160.053924 2185.854314
2195.904174 2167.228890 2139.767079 2115.786654 2085.881570 2043.016024 2026.958613 2016.777763 1999.180099 1957.571766 1914.632606 1884.558579 1864.310626 1839.559946 1816.245984 1787.946210 1755.227915 1730.313225 1709.671662 1717.344786 1725.164632 1739.505587 1728.634992 1719.033728 1713.953609 1698.856662 1685.160490 1669.925967 1676.920582 1687.660475 1707.283588 1712.205215 1716.022597 1724.084036 1723.380531 1720.389501 1708.512851 1716.870973 1727.998638 1742.744039 1772.405946 1797.207397 1821.712561 1844.441830 1865.872499 1889.618072 1914.598894 1940.087782 1967.755886 1989.125567 2010.065406 2033.505822 2055.362998 2074.226123 2095.455004
2082.688725 2056.932476 2034.685872 2009.526613 1969.752039 1925.227863 1887.618714 1866.451889 1822.146328 1787.284860 1757.635418 1746.174104 1729.654653 1707.388602 1686.259891 1665.189397 1640.409663 1618.933026 1594.163443 1598.166378 1611.541185 1626.361235 1623.209605 1621.258565 1618.627882 1608.094334 1594.480742 1580.880875 1584.510463 1600.409091 1617.698715 1626.240907 1633.415750 1641.203467 1641.398060 1633.794448 1625.134449 1630.886791 1646.000705 1662.799265 1683.197702 1705.802508 1728.383012 1750.114875 1774.102176 1798.805921 1823.933574 1851.033127 1879.661920 1902.189117 1927.725504 1954.106505 1974.445099 1987.398158 2001.100926
1972.188228 1950.225200 1925.569750 1897.897386 1856.182670 1814.480221 1772.022375 1729.145245 1695.381641 1664.594216 1650.740316 1632.721495 1616.169086 1598.989919 1577.813100 1559.192544 1541.610547 1519.557014 1504.591934 1510.333221 1523.197377 1532.853185 1537.019434 1534.217943 1531.334089 1524.507368 1510.689010 1503.015858 1512.075115 1527.338291 1541.736031 1552.537532 1559.439609 1565.286011 1562.674100 1554.375088 1550.073137 1558.591134 1574.559099 1589.456364 1606.425994 1628.310265 1650.058561 1672.761277 1696.558802 1720.293696 1746.498884 1773.550200 1801.286019 1829.340344 1854.256853 1876.873102 1889.204855 1901.941102 1908.483302
1841.767909 1826.395956 1800.251463 1771.554301 1739.471198 1702.569573 1673.855066 1641.436621 1610.244047 1579.833747 1553.741349 1538.078319 1529.231417 1514.808130 1496.137740 1483.235653 1466.580260 1451.805989 1453.869244 1455.797506 1465.419418 1465.161144 1465.715867 1462.815414 1461.806807 1458.256531 1449.413649 1458.313057 1465.393611 1479.510736 1490.004847 1499.602868 1505.752554 1509.785209 1510.360349 1505.087068 1509.826771 1516.875933 1531.477775 1543.534001 1558.542938 1579.628661 1597.620723 1617.756931 1640.898393 1664.903736 1690.082275 1716.995144 1746.118143 1772.361574 1793.009324 1803.336667 1815.442291 1821.623781 1816.043226
