tests/Borden05m/data_simulated/sim_1/output-maps/psiliqL0021N0011.asc
ncols         160
nrows         34
xllcorner     620200.000000
yllcorner     5168000.000000
cellsize      0.500000
NODATA_value  -9999.0
[rows 0 to 24 of 34, columns 0 to 54 of 160]
-9999.0 -9999.0 -9999.0 -9999.0 -9999.0 -9999.0 -9999.0 -9999.0 -9999.0 -9999.0 -9999.0 -9999.0 -9999.0 -9999.0 -9999.0 -9999.0 -9999.0 -9999.0 -9999.0 -9999.0 -9999.0 -9999.0 -9999.0 -9999.0 -9999.0 -9999.0 -9999.0 -9999.0 -9999.0 -9999.0 -9999.0 -9999.0 -9999.0 -9999.0 -9999.0 -9999.0 -9999.0 -9999.0 -9999.0 -9999.0 -9999.0 -9999.0 -9999.0 -9999.0 -9999.0 -9999.0 -9999.0 -9999.0 -9999.0 -9999.0 -9999.0 -9999.0 -9999.0 -9999.0 -9999.0
-9999.0 -9999.0 -9999.0 -9999.0 -9999.0 -9999.0 -9999.0 -9999.0 -9999.0 -9999.0 -9999.0 -9999.0 -9999.0 -9999.0 -9999.0 -9999.0 -9999.0 -9999.0 -9999.0 -9999.0 -9999.0 -9999.0 -9999.0 -9999.0 -9999.0 -9999.0 -9999.0 -9999.0 -9999.0 -9999.0 -9999.0 -9999.0 -9999.0 -9999.0 -9999.0 -9999.0 -9999.0 -9999.0 -9999.0 -9999.0 -9999.0 -9999.0 -9999.0 -9999.0 -9999.0 -9999.0 -9999.0 -9999.0 -9999.0 -9999.0 -9999.0 -9999.0 -9999.0 -9999.0 -9999.0
-9999.0 -9999.0 -9999.0 -9999.0 -9999.0 -9999.0 -9999.0 -9999.0 -9999.0 -9999.0 -9999.0 -9999.0 -9999.0 -9999.0 -9999.0 -9999.0 -9999.0 -9999.0 -9999.0 -9999.0 -9999.0 -9999.0 -9999.0 -9999.0 -9999.0 -9999.0 -9999.0 -9999.0 -9999.0 -9999.0 -9999.0 -9999.0 -9999.0 -9999.0 -9999.0 -9999.0 -9999.0 -9999.0 -9999.0 -9999.0 -9999.0 -9999.0 -9999.0 -9999.0 -9999.0 -9999.0 -9999.0 2304.656039 2287.684480 2273.829139 2270.491542 2292.586344 2316.314557 2340.670735 2361.748827
-9999.0 -9999.0 -9999.0 -9999.0 -9999.0 -9999.0 -9999.0 -9999.0 -9999.0 -9999.0 -9999.0 -9999.0 -9999.0 -9999.0 -9999.0 -9999.0 -9999.0 -9999.0 -9999.0 -9999.0 -9999.0 -9999.0 -9999.0 -9999.0 -9999.0 -9999.0 -9999.0 -9999.0 -9999.0 -9999.0 -9999.0 -9999.0 -9999.0 -9999.0 -9999.0 -9999.0 -9999.0 -9999.0 -9999.0 -9999.0 2352.593786 2358.728882 2359.371148 2349.708369 2338.863624 2326.118655 2306.044224 2288.753892 2275.342773 2273.648489 2276.682775 2280.777109 2302.690431 2328.394677 2348.778802
-9999.0 -9999.0 -9999.0 -9999.0 -9999.0 -9999.0 -9999.0 -9999.0 -9999.0 -9999.0 -9999.0 -9999.0 -9999.0 -9999.0 -9999.0 -9999.0 -9999.0 -9999.0 -9999.0 -9999.0 -9999.0 -9999.0 -9999.0 -9999.0 -9999.0 -9999.0 -9999.0 -9999.0 -9999.0 -9999.0 -9999.0 -9999.0 -9999.0 -9999.0 2258.660447 2276.036563 2294.421496 2313.391308 2330.737996 2338.073989 2344.066621 2349.872932 2345.837829 2341.798388 2330.705447 2310.832151 2291.884083 2279.120118 2278.194007 2276.288753 2280.678480 2293.275711 2310.547162 2326.574021 2347.816018
-9999.0 -9999.0 -9999.0 -9999.0 -9999.0 -9999.0 -9999.0 -9999.0 -9999.0 -9999.0 -9999.0 -9999.0 -9999.0 -9999.0 -9999.0 -9999.0 -9999.0 -9999.0 -9999.0 -9999.0 -9999.0 -9999.0 -9999.0 -9999.0 -9999.0 -9999.0 -9999.0 -9999.0 2261.625594 2256.005495 2251.579106 2250.581810 2249.741534 2249.223554 2256.247470 2268.104171 2285.978672 2308.438993 2322.141336 2329.891755 2337.135462 2338.101175 2333.035735 2331.752925 2332.722577 2320.894136 2309.352207 2298.582622 2288.147902 2286.186627 2295.936356 2310.757116 2327.588978 2342.880872 2358.765018
-9999.0 -9999.0 -9999.0 -9999.0 -9999.0 -9999.0 -9999.0 -9999.0 -9999.0 -9999.0 -9999.0 -9999.0 -9999.0 -9999.0 -9999.0 -9999.0 -9999.0 -9999.0 -9999.0 -9999.0 -9999.0 -9999.0 -9999.0 2230.155417 2235.661827 2242.600792 2250.672833 2252.087079 2248.845302 2243.839616 2241.579366 2240.731373 2239.275659 2244.370683 2252.284505 2265.987781 2282.005780 2304.719080 2313.677257 2319.203470 2331.442843 2335.365102 2342.990982 2347.546025 2346.294463 2343.217593 2329.766394 2319.613469 2323.434044 2328.738277 2336.178693 2344.978297 2358.985420 2373.905143 2390.489618
-9999.0 -9999.0 -9999.0 -9999.0 -9999.0 -9999.0 -9999.0 -9999.0 -9999.0 -9999.0 -9999.0 -9999.0 -9999.0 -9999.0 -9999.0 -9999.0 -9999.0 -9999.0 -9999.0 2204.565533 2205.825621 2207.575332 2212.737105 2213.548021 2215.852883 2223.191356 2231.792019 2235.041150 2233.555858 2232.990629 2235.017565 2238.298312 2243.414083 2254.813287 2268.949608 2283.540866 2297.311811 2318.610457 2333.681946 2347.028643 2363.128188 2363.758749 2360.627471 2359.514040 2360.216895 2359.803885 2360.964649 2362.001020 2368.760600 2371.603001 2376.812137 2386.583251 2398.849807 2416.595906 2435.634945
-9999.0 -9999.0 -9999.0 -9999.0 -9999.0 -9999.0 -9999.0 -9999.0 -9999.0 -9999.0 -9999.0 -9999.0 -9999.0 -9999.0 -9999.0 -9999.0 2175.106541 2177.182052 2179.853550 2185.611071 2189.379934 2193.780800 2201.177993 2203.006337 2207.065486 2214.717574 2219.918648 2229.607982 2238.445463 2246.203603 2252.685460 2255.797482 2263.246281 2273.161681 2285.275826 2300.181137 2321.264160 2345.077384 2361.427841 2378.670432 2396.387179 2397.568906 2396.725612 2397.930997 2397.768935 2401.547155 2417.615365 2422.336961 2420.210186 2433.162655 2446.403385 2450.853735 2459.399595 2479.705581 2503.137477
-9999.0 -9999.0 -9999.0 -9999.0 -9999.0 -9999.0 -9999.0 -9999.0 -9999.0 -9999.0 -9999.0 -9999.0 -9999.0 2125.922694 2130.293945 2140.698659 2151.699793 2154.981130 2160.139489 2167.052209 2179.692063 2183.824405 2190.408609 2198.295962 2211.260169 2220.504779 2230.044761 2242.394252 2251.123246 2258.734611 2265.934740 2270.513083 2283.264580 2298.320838 2313.799930 2333.869845 2356.251088 2375.993156 2395.524362 2412.212115 2425.323711 2425.249610 2425.041887 2427.945433 2434.588550 2450.524180 2468.729181 2473.324685 2486.940872 2509.000120 2521.220112 2531.120972 2539.281723 2553.790512 2575.761607
-9999.0 -9999.0 -9999.0 -9999.0 -9999.0 -9999.0 -9999.0 -9999.0 -9999.0 -9999.0 2095.075556 2097.267760 2094.184319 2093.026489 2099.059981 2111.873814 2126.650463 2133.187409 2145.591543 2167.339514 2186.222507 2190.046243 2204.528624 2215.517116 2222.962189 2233.694116 2247.228670 2260.122043 2276.591399 2289.069504 2299.542076 2317.709864 2334.227717 2351.056928 2369.053721 2389.901360 2408.048948 2434.380725 2461.418920 2472.782780 2492.720997 2499.712124 2496.987471 2496.878297 2506.866226 2521.038406 2539.313029 2558.754612 2578.599856 2602.476073 2616.512115 2630.652060 2641.337654 2653.534828 2670.045083
-9999.0 -9999.0 -9999.0 -9999.0 -9999.0 -9999.0 -9999.0 -9999.0 2069.493931 2077.647636 2083.857446 2081.234664 2077.342159 2072.935833 2087.865887 2104.132790 2120.720543 2139.406315 2155.785347 2174.635447 2189.757004 2205.803855 2226.646461 2238.602030 2250.386556 2266.219561 2280.173366 2296.604750 2317.962046 2328.505548 2342.673179 2363.514270 2381.019128 2399.047954 2418.201086 2436.248737 2460.656154 2493.150118 2524.362487 2544.329286 2571.787889 2591.796184 2589.257387 2590.470243 2594.202094 2619.258849 2647.505414 2677.718904 2701.914019 2728.130035 2757.472244 2775.129622 2785.894386 2798.870368 2814.634646
-9999.0 -9999.0 -9999.0 -9999.0 -9999.0 -9999.0 2040.525939 2065.198715 2080.847106 2073.079440 2061.371179 2057.535833 2053.015871 2081.412766 2104.417399 2122.533765 2140.124634 2158.467947 2175.567347 2186.774012 2219.142660 2238.736782 2252.620676 2268.917637 2284.333122 2299.733730 2317.359335 2340.356278 2360.457647 2386.468549 2407.690362 2428.390508 2454.706711 2474.142905 2492.986082 2509.814408 2540.065013 2576.345282 2612.701594 2640.039814 2666.547396 2700.455904 2705.189790 2710.171075 2715.559736 2739.025786 2772.416370 2801.604015 2835.336080 2867.663198 2896.050308 2823.123475 2829.066664 2839.078116 2851.522297
-9999.0 -9999.0 -9999.0 -9999.0 2006.826976 2027.946784 2047.639286 2078.445620 2101.265620 2096.971357 2103.129198 2102.919636 2100.551824 2106.020216 2114.676603 2133.280996 2153.152400 2173.339184 2190.191693 2221.983118 2268.665348 2282.796886 2304.184763 2335.741581 2349.040489 2364.710678 2381.626583 2404.222516 2427.366762 2458.966881 2498.489095 2532.275481 2556.740195 2578.366349 2599.578868 2620.043072 2655.703131 2695.730516 2733.326081 2767.025531 2794.884808 2822.187407 2833.142164 2840.898145 2853.073237 2870.956392 2893.813737 2834.262367 2862.830802 2894.240849 2917.687715 2924.410754 2930.260066 2939.832707 2948.252259
-9999.0 -9999.0 -9999.0 1954.466384 1993.602105 2032.779545 2059.502070 2090.613599 2123.569592 2126.456726 2136.220264 2139.407225 2142.165322 2150.198070 2157.063685 2175.042918 2193.487362 2212.756086 2235.904762 2272.207149 2305.206141 2329.605694 2360.353095 2382.399606 2400.168842 2415.666022 2435.312742 2458.401942 2498.171005 2532.817138 2581.292042 2633.887255 2669.138518 2694.015305 2718.125373 2747.000221 2773.298384 2810.977958 2846.642997 2880.219622 2828.260247 2847.834274 2863.536062 2869.097766 2878.230498 2884.946427 2898.709389 2915.354180 2936.772528 2965.998761 2993.753790 2993.477620 3006.409683 3016.257733 3032.134992
-9999.0 -9999.0 1906.375036 1945.303220 1978.147100 2026.849997 2080.420335 2115.933275 2156.876593 2179.070563 2185.095504 2199.940538 2214.552037 2219.987048 2233.453264 2249.780605 2271.424762 2281.005741 2301.341938 2325.232759 2369.356277 2409.698209 2418.518903 2464.600223 2497.750598 2529.403691 2550.076220 2578.140801 2616.313166 2655.025857 2704.097354 2755.134540 2791.288809 2822.291481 2840.253802 2861.721736 2884.326998 2824.882164 2856.284955 2882.580725 2910.570091 2935.436547 2955.430638 2958.637121 2962.055701 2977.577831 3002.989588 3003.912788 3028.896167 3054.533203 3047.597922 3064.014078 3071.718148 3076.046553 3082.824887
-9999.0 -9999.0 1877.663284 1923.669613 1961.104862 2023.386765 2107.527863 2143.973904 2186.399761 2233.478186 2251.033107 2275.469697 2279.454053 2279.797349 2302.049072 2322.069831 2340.803661 2350.016187 2348.622144 2403.809187 2460.978958 2498.771820 2525.019824 2598.427272 2649.067720 2671.614053 2690.144372 2712.731024 2736.413407 2778.015811 2821.324907 2875.610173 2837.051707 2862.724317 2877.087261 2895.466322 2914.484044 2926.977016 2945.479537 2987.373356 2992.673791 3019.110310 3047.607594 3067.570039 3075.140930 3078.921281 3060.073906 3073.567190 3083.342144 3087.596050 3089.215080 3085.598445 3084.975710 3085.726539 3086.675866
-9999.0 1786.068500 1838.556519 1890.485194 1957.251466 2021.810971 2101.190472 2179.419079 2242.846127 2294.409448 2323.272239 2327.150250 2345.924609 2381.098219 2405.763700 2429.315793 2436.200979 2446.482622 2434.168862 2487.719632 2532.252335 2593.946353 2700.402373 2758.528823 2814.844981 2816.208676 2810.568567 2821.263795 2842.409988 2887.617067 2877.615132 2925.347355 2980.455985 3000.865161 3014.787324 3020.721869 3037.634880 3056.731113 3022.480688 3055.146445 3069.113589 3081.480734 3087.295732 3089.047888 3090.045405 3089.913994 3086.433052 3079.719820 3071.783790 3066.124578 3062.023216 3057.541242 3059.978264 3063.286964 3063.772044
-9999.0 1748.967035 1807.402842 1877.433238 1946.888732 2003.850560 2096.621676 2253.554004 2313.638610 2353.146391 2368.605448 2367.857179 2436.686699 2502.045393 2533.821481 2581.473199 2573.851081 2564.079513 2540.900242 2571.986618 2617.189803 2691.440291 2849.788917 2865.521388 2903.044918 2912.044826 2915.485347 2942.408659 2981.858856 3000.982574 3035.494686 3017.304588 3054.809072 3072.296726 3076.154943 3076.764663 3080.916995 3079.887447 3078.016541 3073.853157 3068.897948 3069.075298 3073.401828 3073.246327 3070.422257 3067.252445 3061.694951 3054.291958 3049.022949 3044.431952 3041.756652 3038.868915 3037.100224 3036.746048 3032.229845
-9999.0 1713.266266 1786.654833 1847.522947 1902.389845 2004.443025 2133.602808 2275.111040 2371.563196 2409.221364 2409.621447 2462.803703 2566.587077 2671.824667 2727.353344 2754.128279 2748.291004 2716.329579 2710.292119 2756.747416 2825.878022 2862.818608 2975.223072 3040.708412 3052.995425 3055.678394 3019.878560 3039.357052 3057.393609 3058.851942 3059.701678 3065.320911 3070.282833 3073.046215 3071.615859 3068.799644 3064.119257 3056.131788 3051.339940 3047.863356 3044.243960 3043.378981 3045.610948 3047.137919 3044.470979 3040.655782 3036.217439 3030.680015 3025.517516 3018.903217 3014.797026 3010.709038 3008.635879 3003.499176 2999.779841
-9999.0 1600.184146 1693.257205 1740.343546 1832.644977 2015.577765 2144.587943 2290.374242 2448.750237 2479.694802 2540.549432 2674.235597 2789.082665 2830.595715 2862.047799 2897.607209 2923.064452 2941.452856 2976.220957 2891.391080 2959.487030 3016.041886 3048.545008 3062.585427 3068.106051 3068.494035 3059.368804 3039.297415 3028.775508 3022.092493 3023.755568 3031.002546 3035.979879 3041.016386 3038.821956 3039.661708 3040.297033 3037.014776 3034.089658 3025.679047 3017.988706 3011.727401 3009.098369 3014.008305 3009.314757 3006.688800 3000.721744 2993.626696 3012.480580 3005.582967 2997.799257 2991.187225 2988.672804 2983.346164 2981.912011
-9999.0 1519.344375 1593.875509 1666.558688 1789.475893 1954.060817 2065.329205 2228.339522 2456.314593 2585.322973 2734.408870 2819.185863 2859.057167 2905.438466 2958.983520 2993.414968 3016.588001 3026.180258 3003.037532 3019.148757 2998.748245 2988.813732 2985.432817 3011.656142 3026.475164 3030.238026 3022.111064 3012.390662 3005.244893 3004.177144 3002.391575 2999.403167 2996.282432 2993.291753 2990.177243 2992.701075 2997.675920 2991.977044 3008.061599 2999.759171 2991.801939 2983.050810 2977.355647 2973.283253 2973.073676 2973.194195 2965.761989 2955.556511 2945.819935 2937.756631 2930.443538 2925.501689 2922.827021 2917.859842 2911.987602
-9999.0 1408.501973 1536.503806 1620.634179 1727.111493 1859.919027 1974.364395 2132.236292 2271.742490 2506.840245 2658.458204 2814.686485 2830.033623 2892.410437 2943.349567 2997.482026 2995.053860 2979.260338 2940.832451 2925.119906 2933.838930 2942.734428 2952.301412 2968.645359 2986.090876 2996.061962 3000.007920 2993.619753 2979.935035 2968.974898 2959.845058 2947.924060 2939.605832 2937.740743 2940.435508 2949.236108 2950.515121 2941.481651 2928.896507 2914.904973 2900.109807 2888.883701 2886.530822 2888.710543 2889.376032 2885.580829 2879.457092 2868.950490 2856.611447 2844.636959 2838.316566 2833.544343 2826.386428 2818.866061 2883.655280
-9999.0 -9999.0 1455.269122 1564.958991 1664.875896 1781.241870 1882.198078 2011.848827 2157.473194 2334.575382 2453.769424 2613.823398 2702.713147 2750.981651 2794.339931 2807.690726 2828.034260 2854.095962 2843.577637 2851.897804 2860.053997 2865.326132 2872.139981 2880.154310 2891.712295 2901.606076 2910.838190 2908.485252 2899.730365 2880.828585 2857.587875 2839.613643 2829.901400 2821.693429 2832.566795 2844.545223 2840.155760 2833.493567 2824.480697 2884.881578 2872.008596 2857.883898 2854.103921 2853.918322 2853.951798 2850.962247 2847.021693 2833.611701 2820.472553 2809.121439 2803.725001 2797.055249 2791.820108 2780.937138 2770.760805
-9999.0 -9999.0 1368.606457 1474.765750 1582.341414 1702.483710 1793.859904 1834.865811 1978.775924 2088.877405 2196.463457 2303.776012 2396.079497 2465.108346 2505.129183 2568.528329 2620.488943 2640.439571 2676.299051 2722.555999 2755.380517 2791.590288 2814.371937 2827.230921 2841.921614 2857.084786 2866.029641 2853.158844 2842.630161 2826.118537 2803.674304 2778.648556 2765.795615 2763.885470 2764.100736 2766.931887 2759.985228 2750.756691 2736.691419 2723.919716 2711.630567 2701.628824 2697.628386 2692.711497 2690.472216 2687.241468 2684.218810 2675.545647 2665.457761 2659.024550 2650.152138 2644.745427 2642.193403 2636.843868 2629.041056
