tests/Borden05m/data_simulated/sim_1/output-maps/psiliqL0026N0007.asc
ncols         160
nrows         34
xllcorner     620200.000000
yllcorner     5168000.000000
cellsize      0.500000
NODATA_value  -9999.0
[rows 0 to 24 of 34, columns 55 to 109 of 160]
-9999.0 -9999.0 -9999.0 -9999.0 -9999.0 -9999.0 -9999.0 -9999.0 -9999.0 -9999.0 -9999.0 -9999.0 -9999.0 -9999.0 -9999.0 -9999.0 -9999.0 -9999.0 -9999.0 -9999.0 -9999.0 -9999.0 -9999.0 -9999.0 -9999.0 -9999.0 -9999.0 -9999.0 -9999.0 -9999.0 -9999.0 -9999.0 -9999.0 -9999.0 -9999.0 -9999.0 -9999.0 -9999.0 -9999.0 -9999.0 -9999.0 -9999.0 -9999.0 -9999.0 -9999.0 -9999.0 -9999.0 -9999.0 -9999.0 -9999.0 -9999.0 -9999.0 -9999.0 -9999.0 -9999.0
-9999.0 -9999.0 -9999.0 -9999.0 3398.178923 3392.871555 3388.089492 3383.555856 3375.020795 3365.680475 3357.789572 3353.570812 3352.367386 3351.483917 3350.803217 3355.608894 3363.601224 3371.150067 3377.962582 3380.305272 3382.592314 3384.388419 3384.565998 3383.375073 3380.087803 3376.704404 3373.272466 3371.534838 3364.155731 3353.011529 3344.689842 3341.990144 3346.155037 3350.487948 3352.943916 3358.115492 3368.492847 3379.089073 3387.661616 3400.233162 3407.260878 3412.622582 3415.232403 3411.273993 3408.037474 3404.097588 3397.982095 3386.902687 -9999.0 -9999.0 -9999.0 -9999.0 -9999.0 -9999.0 -9999.0
3343.067379 3361.406746 3382.304516 3385.383499 3373.690042 3368.591592 3365.421298 3363.715644 3359.424961 3350.883170 3345.710133 3340.166619 3337.449491 3337.379890 3337.181740 3340.761080 3351.437418 3359.147367 3363.625186 3366.183584 3368.953235 3367.304851 3366.453298 3366.159384 3363.195666 3359.651202 3356.214860 3354.313182 3355.734528 3348.110903 3342.089130 3338.170078 3335.195621 3337.926552 3340.614850 3345.201063 3354.364596 3362.268741 3370.248173 3385.427372 3398.630717 3404.354521 3401.848202 3397.307191 3393.541592 3386.176101 3375.473261 3365.519747 3357.441240 3351.400018 3346.115151 3339.774876 3346.278723 3354.235842 3363.630617
3326.227783 3345.304615 3365.656572 3368.149516 3357.841027 3350.069352 3343.169515 3343.623273 3347.051133 3343.743277 3338.840308 3330.952021 3340.876238 3341.769289 3342.358305 3345.431500 3347.196532 3352.217722 3354.533896 3359.768859 3368.645909 3371.360811 3371.703516 3371.658781 3369.589446 3366.254265 3364.214877 3361.347562 3356.007016 3354.154009 3353.754542 3352.428642 3356.485889 3357.995069 3360.908848 3355.431919 3359.869507 3366.137268 3373.124635 3378.665187 3384.825514 3387.391668 3384.156175 3384.818967 3376.570040 3363.012041 3353.257448 3345.896711 3346.229560 3343.378420 3335.558667 3321.945313 3330.366637 3346.588036 3351.472900
3330.357059 3339.145324 3349.573919 3351.966655 3346.844861 3348.971366 3350.661683 3351.762145 3349.792785 3346.134633 3341.622777 3351.894722 3360.045815 3361.287077 3363.576118 3367.394339 3368.131970 3357.171834 3355.038054 3362.193030 3371.729176 3376.764144 3376.835169 3376.361043 3372.574491 3371.319697 3371.025964 3369.149947 3368.553382 3370.033168 3367.529060 3370.414528 3375.848403 3379.135072 3373.950762 3365.566176 3367.840624 3376.322412 3385.462293 3393.083065 3403.283508 3414.103717 3414.455115 3410.032537 3401.636163 3389.312407 3367.007034 3349.633339 3338.792800 3330.920004 3323.780717 3326.902148 3322.327931 3336.283586 3338.199091
3315.656263 3336.204813 3356.083047 3361.791604 3355.671041 3351.830021 3350.482247 3350.988607 3349.880093 3350.180251 3358.716986 3370.318633 3381.321131 3383.144408 3384.806177 3383.394698 3375.797987 3365.402727 3362.644391 3375.779172 3392.366873 3400.108512 3399.504166 3395.061296 3398.054781 3398.113359 3398.568895 3395.170350 3395.830153 3393.346162 3398.692148 3406.328571 3414.267956 3412.903586 3400.528208 3388.214462 3388.180193 3393.681600 3400.678512 3408.298231 3418.488360 3427.658627 3422.942224 3417.911249 3410.691638 3385.253736 3362.826521 3348.716678 3349.212288 3350.135967 3345.871214 3344.016664 3343.290014 3339.365728 3339.739565
3351.205009 3370.218225 3390.230172 3403.003084 3396.701770 3389.122578 3380.583408 3380.648030 3380.892394 3386.554157 3396.728925 3409.258125 3430.756861 3430.046097 3430.340895 3428.897339 3415.915137 3402.644518 3392.628222 3414.625291 3425.580524 3432.641364 3429.962127 3434.965992 3443.523846 3439.908068 3433.593188 3421.500820 3427.057540 3433.468323 3448.564857 3456.469845 3461.735711 3457.153963 3443.275443 3436.530446 3438.088136 3444.591562 3445.827013 3454.528378 3463.330040 3478.302975 3477.057970 3473.878508 3454.152345 3417.324052 3388.215967 3375.830012 3387.369649 3381.881310 3375.660454 3375.726392 3364.858212 3357.849640 3360.573183
3382.828043 3396.083547 3412.131266 3428.499735 3419.496064 3409.239535 3392.646519 3389.402762 3393.437158 3403.455503 3420.798110 3438.594198 3458.349791 3456.901282 3450.225639 3459.779420 3452.746991 3441.871871 3434.322735 3455.687042 3465.720553 3475.880940 3481.541890 3494.126116 3504.508282 3487.968963 3470.893265 3460.467419 3467.461108 3493.012040 3515.384627 3520.168490 3519.229064 3518.661368 3503.372749 3498.555198 3495.171356 3495.544490 3492.953236 3491.123531 3516.489366 3538.075521 3537.929001 3516.502973 3493.894010 3454.447941 3416.852809 3392.684926 3405.801513 3402.601416 3406.047941 3396.113369 3384.567372 3377.583566 3375.268160
3432.561675 3453.988910 3470.249398 3491.967521 3482.782877 3459.651164 3443.564223 3446.051999 3459.479163 3467.433158 3485.783721 3502.777496 3528.488201 3540.510935 3551.663721 3555.560791 3548.471531 3539.907441 3527.881399 3533.112688 3556.981429 3568.583218 3576.879710 3585.245755 3597.863409 3598.211938 3591.280321 3589.427249 3593.784113 3607.257676 3621.711887 3628.450785 3631.502720 3634.113719 3620.894428 3608.003642 3606.010380 3600.576401 3599.369707 3598.622282 3610.127817 3630.725098 3627.568383 3591.111030 3564.360400 3529.414771 3491.143779 3461.927047 3455.918210 3475.076567 3473.069124 3457.017994 3446.707567 3420.931705 3415.985729
3501.623560 3534.459679 3558.715158 3568.866985 3576.217078 3561.366691 3559.213578 3563.316815 3571.635448 3574.699359 3581.069806 3613.407048 3647.141532 3672.086240 3694.806432 3701.943852 3689.606608 3679.813051 3666.271946 3657.462486 3668.528614 3685.800550 3703.464420 3718.375958 3729.699840 3731.766815 3730.180773 3730.234812 3733.352068 3736.351328 3740.674734 3749.173895 3756.828458 3765.483397 3773.493044 3763.024639 3746.039076 3736.803001 3727.834486 3727.094563 3728.530947 3732.453588 3733.568317 3716.791166 3674.713894 3643.099584 3611.018153 3591.543102 3578.446011 3578.389033 3560.292330 3536.044574 3484.741664 3447.582542 3416.468354
3587.256507 3631.376517 3660.609247 3677.677617 3690.332040 3687.237594 3689.050588 3690.032185 3693.715459 3696.021924 3698.667365 3725.544757 3767.271907 3806.764941 3838.093023 3837.884415 3824.037182 3812.665930 3803.564050 3789.093169 3785.137485 3797.892318 3813.430211 3833.852554 3844.283702 3850.312009 3846.949234 3847.167824 3849.010090 3851.369197 3853.528797 3857.221063 3866.966041 3882.167162 3896.790936 3895.881262 3876.753582 3858.742895 3842.734451 3840.369076 3838.004918 3833.098713 3835.511867 3837.433166 3821.343859 3789.856563 3749.873186 3709.470999 3692.920368 3677.901141 3667.062767 3650.127539 3609.346308 3542.483335 3503.003942
3702.537184 3736.934431 3766.040961 3796.392035 3811.185990 3813.292987 3810.664074 3809.410962 3816.435287 3819.076762 3824.618592 3841.220956 3873.752443 3909.572554 3939.476621 3954.872929 3946.925516 3928.739672 3906.307934 3896.297835 3893.316059 3897.008149 3906.670693 3919.770953 3939.512175 3959.138344 3964.946683 3965.840135 3963.143916 3965.593654 3967.186599 3967.310092 3970.327737 3979.030072 3989.068310 3992.489220 3984.551075 3963.203767 3939.499998 3928.209164 3921.762600 3918.374906 3919.485407 3924.788284 3928.144452 3913.155704 3877.128821 3832.254327 3802.300903 3787.298455 3774.554041 3760.423758 3747.879627 3714.470701 3693.340285
3811.962996 3827.355373 3855.827457 3884.838810 3907.502099 3922.182456 3922.444327 3925.380947 3930.173523 3937.420882 3952.518209 3976.145621 3995.553639 4018.594002 4045.584315 4062.118380 4067.369644 4065.584843 4061.345429 4062.508681 4062.877096 3997.311212 4003.821848 4010.315372 4028.157703 4044.119040 4049.918537 4050.584131 4047.928546 4049.820806 4050.619590 4050.497173 4050.122577 4052.617979 4057.916963 4059.942216 4057.438493 4044.354521 4063.704741 4043.417607 4029.808357 4021.518950 4013.206609 4004.939043 3995.477444 3985.521389 3965.144482 3933.905903 3899.337854 3878.041253 3870.231131 3864.084988 3855.443307 3849.666748 3832.475560
3910.838170 3921.429093 3939.867785 3962.860948 3997.351442 4021.149003 4032.662651 4042.063778 4046.755323 4060.856224 4077.785690 4060.968775 4069.667834 4078.669751 4087.614104 4090.685671 4091.565132 4091.159326 4088.750533 4087.939320 4085.458511 4082.062339 4071.514911 4073.133577 4075.116656 4077.748546 4081.501425 4080.411501 4081.537294 4084.496909 4082.714429 4076.621729 4072.502915 4070.926353 4071.966129 4079.432350 4082.952496 4083.924962 4080.374844 4079.418928 4078.375892 4074.815046 4070.369398 4064.102344 4056.085547 4071.773756 4059.528047 4031.061414 3990.181220 3948.429185 3941.083320 3943.192804 3943.002197 3941.506678 3935.877464
4037.368213 4051.236730 4066.216696 4042.553188 4065.944880 4077.915833 4083.513242 4087.761831 4090.613425 4093.907138 4090.912597 4087.932378 4083.022965 4081.429034 4080.067415 4077.619325 4078.246283 4076.358679 4072.274550 4068.186564 4060.097928 4048.452056 4037.273848 4033.628732 4037.914001 4043.586137 4048.809386 4053.360540 4057.120461 4057.047719 4051.512654 4043.021712 4035.420787 4033.778102 4040.699571 4046.469141 4053.103191 4053.997691 4052.601426 4050.068233 4049.784871 4046.444329 4046.632076 4053.772219 4068.677563 4071.190799 4077.370421 4076.490387 4059.059686 4027.496351 4040.410375 4020.380508 4026.563305 4021.937781 4010.547832
4082.098016 4084.999329 4083.292048 4082.243080 4075.820468 4069.735124 4068.948080 4072.981066 4080.053591 4081.099534 4074.028928 4065.409840 4058.140433 4050.644718 4048.271868 4047.754499 4047.527091 4048.056821 4042.752270 4033.310593 4016.142011 4004.544204 3993.474294 3987.531532 3983.601135 3986.950506 3998.319606 4010.709176 4015.790144 4006.291105 3997.739859 3985.812239 3977.724613 3978.187161 3979.136036 3988.697790 4005.793058 4013.570201 4014.376057 4007.795014 4001.148981 3994.425709 3991.277330 3997.696406 4013.070065 4030.005601 4045.818087 4055.075597 4062.858124 4070.051599 4068.082128 4070.952294 4072.531605 4070.301830 4073.629427
4076.574851 4069.550999 4062.533552 4057.208641 4050.768048 4045.490079 4043.643904 4045.484582 4047.356620 4043.198079 4036.833457 4026.838769 4015.792240 4006.084396 3998.362157 3999.403630 4001.780500 4003.500652 3996.146016 3980.700934 3962.833965 3949.336405 3935.464238 3931.536564 3925.569495 3917.666075 3927.763722 3947.711123 3955.188194 3938.897639 3927.927589 3912.641328 3906.106522 3902.038644 3902.765732 3911.669047 3934.393248 3958.880041 3961.036620 3949.982681 3938.995991 3934.273167 3931.015705 3935.517230 3952.176168 3973.101558 3989.330568 3999.860097 4005.195716 4012.982865 4022.393712 4036.848403 4051.823011 4064.299857 4068.738594
4051.349357 4043.590375 4035.932799 4028.310769 4021.428673 4015.239210 4010.954353 4009.010944 4004.993541 3998.892626 3991.877300 3970.792172 3958.354319 3945.395310 3930.414910 3926.521252 3921.631856 3922.703477 3911.203417 3903.403360 3887.095921 3871.785058 3856.198523 3842.679713 3836.980756 3830.241871 3828.153704 3841.500703 3849.899016 3840.667099 3831.024640 3820.536326 3816.139210 3812.778385 3815.303267 3825.765483 3845.144021 3863.453476 3871.989027 3864.691841 3863.666352 3863.846878 3862.244903 3868.596836 3879.145562 3896.967694 3919.468349 3938.630818 3948.557170 3955.376244 3964.533906 3978.978302 3993.127348 4007.529052 4025.625696
4020.848216 4011.548273 4001.646147 3991.941368 3981.473672 3970.944172 3964.444356 3967.215799 3961.262124 3955.719727 3932.554985 3876.897997 3855.648969 3836.712326 3820.485546 3813.759669 3805.322358 3788.673277 3780.108725 3775.831363 3778.700951 3764.904753 3747.477370 3729.741313 3724.920278 3721.468299 3703.526021 3698.249790 3698.608881 3715.796060 3709.859133 3708.963169 3711.192450 3708.828403 3709.975768 3722.662252 3730.049952 3735.140329 3741.937140 3747.209561 3758.035345 3766.226158 3776.895270 3794.086328 3804.714883 3819.790228 3839.958768 3865.673493 3881.233626 3890.667548 3900.952658 3916.153130 3932.235077 3949.952491 3972.320591
3986.225712 3969.561160 3954.978542 3940.717001 3928.081661 3915.307386 3899.390860 3901.411068 3899.437147 3889.129670 3833.396807 3792.880934 3759.077778 3742.112710 3718.522354 3704.963753 3688.328435 3649.138332 3631.608116 3631.740163 3647.520741 3644.646763 3629.620689 3618.032313 3608.621501 3599.126437 3581.088234 3561.567563 3567.791818 3586.822471 3588.267983 3592.075205 3600.291721 3599.892637 3592.893639 3589.448251 3601.230384 3606.417829 3617.659591 3635.772035 3640.654570 3657.614031 3691.849117 3704.466315 3719.298093 3737.330905 3757.401367 3779.221127 3801.755801 3815.674599 3830.703667 3848.929116 3865.408954 3885.516187 3907.882114
3935.303264 3904.137662 3883.063001 3865.779027 3846.676958 3819.443351 3799.624787 3797.533827 3791.581436 3761.928973 3709.361221 3674.377639 3651.765557 3630.287872 3607.663943 3583.770915 3545.827432 3511.103283 3489.415873 3506.303239 3518.117912 3530.885514 3519.910382 3509.505194 3500.133814 3481.864968 3465.017824 3448.242873 3459.546032 3468.247215 3488.254307 3495.477701 3499.437308 3505.628468 3504.110861 3492.674281 3486.490961 3494.333166 3503.987090 3515.922145 3537.995957 3573.795725 3598.276634 3616.270927 3636.353184 3654.510536 3675.327799 3697.770305 3720.207809 3736.847900 3754.734876 3772.766205 3793.222291 3811.857071 3834.205627
3854.653454 3826.697656 3800.715134 3777.843123 3746.048917 3699.420105 3685.350216 3676.652695 3654.291200 3606.215833 3565.012132 3545.903763 3534.336053 3511.759304 3491.535657 3462.844362 3429.158440 3408.424801 3388.264701 3399.383813 3410.381370 3431.645838 3423.510642 3417.401990 3414.975968 3399.803848 3386.761595 3370.247800 3376.504139 3388.946743 3413.089573 3419.297962 3423.514880 3433.142620 3432.375643 3427.408826 3408.833407 3415.178050 3425.767938 3440.261237 3471.344017 3493.380766 3515.260945 3536.566211 3555.327389 3576.185507 3597.690757 3619.984316 3645.808188 3664.755789 3683.136548 3704.049865 3722.553378 3736.065946 3751.421878
3746.362242 3722.984058 3704.153611 3680.492789 3637.575714 3594.148533 3553.190252 3526.001609 3472.990735 3438.564850 3420.217419 3421.424026 3410.639718 3392.123550 3374.377949 3356.177934 3335.553015 3317.950978 3293.485985 3299.672616 3316.384882 3334.242592 3336.731771 3338.563989 3337.646301 3328.882649 3315.699534 3302.233022 3306.084816 3323.462651 3341.618183 3351.988026 3359.819446 3367.533007 3367.098780 3357.065423 3346.589970 3350.923963 3366.015387 3381.630358 3398.259671 3418.032284 3437.958647 3457.536319 3479.151629 3500.819774 3522.726009 3546.563270 3572.379240 3592.854469 3615.577645 3639.020584 3654.460637 3662.108288 3668.588293
3644.314189 3626.058486 3603.717771 3576.789953 3535.465043 3496.801372 3456.935687 3409.681520 3377.580483 3350.334615 3345.695379 3331.991298 3320.582459 3307.897072 3289.009196 3274.214800 3261.045223 3240.901927 3232.597048 3240.797857 3254.866733 3263.168571 3270.903523 3269.373426 3267.564096 3262.525801 3248.856879 3245.544699 3255.830677 3271.022919 3284.562242 3296.252118 3303.093775 3307.969479 3304.705309 3295.182811 3292.270515 3300.091036 3315.092519 3327.832729 3341.555702 3361.118460 3379.889605 3400.214597 3421.365613 3442.017785 3465.071471 3488.843423 3513.546949 3539.496788 3560.523867 3577.577620 3584.889403 3592.926508 3590.712325
3521.915228 3511.895343 3487.069839 3459.636229 3431.853427 3400.574032 3378.204017 3348.660365 3320.336378 3293.062519 3268.748058 3258.524188 3254.284904 3243.261797 3228.062465 3218.494413 3204.355290 3196.246909 3203.914683 3205.614903 3213.818844 3212.059082 3213.523849 3211.613436 3211.472080 3209.865510 3204.568365 3217.163437 3223.600171 3236.800643 3246.657377 3256.309168 3261.890539 3265.195518 3266.258473 3262.050596 3267.849013 3273.325078 3286.287183 3296.644425 3309.067162 3327.802127 3343.381471 3360.812507 3381.448372 3402.783999 3424.900255 3448.864387 3475.189979 3498.091868 3514.007460 3518.910513 3526.349286 3525.812524 3512.664592
