tests/Borden05m/data_simulated/sim_1/output-maps/psiliqL0011N0014.asc
ncols         160
nrows         34
xllcorner     620200.000000
yllcorner     5168000.000000
cellsize      0.500000
NODATA_value  -9999.0
[rows 0 to 24 of 34, columns 0 to 56 of 160]
-9999.0 -9999.0 -9999.0 -9999.0 -9999.0 -9999.0 -9999.0 -9999.0 -9999.0 -9999.0 -9999.0 -9999.0 -9999.0 -9999.0 -9999.0 -9999.0 -9999.0 -9999.0 -9999.0 -9999.0 -9999.0 -9999.0 -9999.0 -9999.0 -9999.0 -9999.0 -9999.0 -9999.0 -9999.0 -9999.0 -9999.0 -9999.0 -9999.0 -9999.0 -9999.0 -9999.0 -9999.0 -9999.0 -9999.0 -9999.0 -9999.0 -9999.0 -9999.0 -9999.0 -9999.0 -9999.0 -9999.0 -9999.0 -9999.0 -9999.0 -9999.0 -9999.0 -9999.0 -9999.0 -9999.0 -9999.0 -9999.0
-9999.0 -9999.0 -9999.0 -9999.0 -9999.0 -9999.0 -9999.0 -9999.0 -9999.0 -9999.0 -9999.0 -9999.0 -9999.0 -9999.0 -9999.0 -9999.0 -9999.0 -9999.0 -9999.0 -9999.0 -9999.0 -9999.0 -9999.0 -9999.0 -9999.0 -9999.0 -9999.0 -9999.0 -9999.0 -9999.0 -9999.0 -9999.0 -9999.0 -9999.0 -9999.0 -9999.0 -9999.0 -9999.0 -9999.0 -9999.0 -9999.0 -9999.0 -9999.0 -9999.0 -9999.0 -9999.0 -9999.0 -9999.0 -9999.0 -9999.0 -9999.0 -9999.0 -9999.0 -9999.0 -9999.0 -9999.0 -9999.0
-9999.0 -9999.0 -9999.0 -9999.0 -9999.0 -9999.0 -9999.0 -9999.0 -9999.0 -9999.0 -9999.0 -9999.0 -9999.0 -9999.0 -9999.0 -9999.0 -9999.0 -9999.0 -9999.0 -9999.0 -9999.0 -9999.0 -9999.0 -9999.0 -9999.0 -9999.0 -9999.0 -9999.0 -9999.0 -9999.0 -9999.0 -9999.0 -9999.0 -9999.0 -9999.0 -9999.0 -9999.0 -9999.0 -9999.0 -9999.0 -9999.0 -9999.0 -9999.0 -9999.0 -9999.0 -9999.0 -9999.0 289.915528 272.555728 256.452764 254.483931 277.180729 300.568860 324.308611 344.858593 363.518226 382.511419
-9999.0 -9999.0 -9999.0 -9999.0 -9999.0 -9999.0 -9999.0 -9999.0 -9999.0 -9999.0 -9999.0 -9999.0 -9999.0 -9999.0 -9999.0 -9999.0 -9999.0 -9999.0 -9999.0 -9999.0 -9999.0 -9999.0 -9999.0 -9999.0 -9999.0 -9999.0 -9999.0 -9999.0 -9999.0 -9999.0 -9999.0 -9999.0 -9999.0 -9999.0 -9999.0 -9999.0 -9999.0 -9999.0 -9999.0 -9999.0 337.368298 343.257715 344.666162 334.052780 322.838734 310.856756 290.958093 273.160008 258.012939 255.379869 258.074066 263.529377 286.379968 310.882823 330.494954 347.745102 367.002755
-9999.0 -9999.0 -9999.0 -9999.0 -9999.0 -9999.0 -9999.0 -9999.0 -9999.0 -9999.0 -9999.0 -9999.0 -9999.0 -9999.0 -9999.0 -9999.0 -9999.0 -9999.0 -9999.0 -9999.0 -9999.0 -9999.0 -9999.0 -9999.0 -9999.0 -9999.0 -9999.0 -9999.0 -9999.0 -9999.0 -9999.0 -9999.0 -9999.0 -9999.0 245.154379 262.687363 280.804411 299.168156 315.829294 322.524875 328.374582 334.162471 330.130944 325.441938 314.164717 295.373336 275.837626 261.859913 259.544290 257.084251 261.519496 274.602794 291.410153 307.798175 328.815211 352.247131 361.597121
-9999.0 -9999.0 -9999.0 -9999.0 -9999.0 -9999.0 -9999.0 -9999.0 -9999.0 -9999.0 -9999.0 -9999.0 -9999.0 -9999.0 -9999.0 -9999.0 -9999.0 -9999.0 -9999.0 -9999.0 -9999.0 -9999.0 -9999.0 -9999.0 -9999.0 -9999.0 -9999.0 -9999.0 249.314974 243.423689 238.347112 236.883290 235.622959 234.512359 241.459233 253.720974 271.945917 293.557505 306.458082 313.669661 320.278271 321.090973 316.222279 314.182256 314.493715 302.828130 291.276951 280.475321 270.087150 268.837230 278.525276 292.622621 308.849349 323.800873 339.340841 351.414662 368.087251
-9999.0 -9999.0 -9999.0 -9999.0 -9999.0 -9999.0 -9999.0 -9999.0 -9999.0 -9999.0 -9999.0 -9999.0 -9999.0 -9999.0 -9999.0 -9999.0 -9999.0 -9999.0 -9999.0 -9999.0 -9999.0 -9999.0 -9999.0 219.582277 225.544398 232.088194 239.527841 240.464213 236.312791 230.700833 227.626828 226.136629 224.555821 229.053251 237.379394 251.110917 267.069984 288.873430 297.545465 303.991140 316.395338 318.941508 324.232635 328.323128 326.633430 323.987152 311.926455 303.058705 308.636810 314.850532 321.630699 329.549163 342.965414 358.750922 376.672711 397.554653 419.602262
-9999.0 -9999.0 -9999.0 -9999.0 -9999.0 -9999.0 -9999.0 -9999.0 -9999.0 -9999.0 -9999.0 -9999.0 -9999.0 -9999.0 -9999.0 -9999.0 -9999.0 -9999.0 -9999.0 194.487518 195.366206 196.473763 201.132229 202.084104 204.324915 211.374458 219.572270 221.839910 220.255559 218.764721 220.370860 223.142387 227.506973 239.033486 253.006442 267.324284 281.506679 302.527340 317.448870 331.390059 347.612452 346.710256 342.588524 340.705359 341.326969 341.980075 347.397709 350.989717 357.342535 363.057973 370.168933 379.690422 391.269372 410.195699 431.010875 452.017710 471.736256
-9999.0 -9999.0 -9999.0 -9999.0 -9999.0 -9999.0 -9999.0 -9999.0 -9999.0 -9999.0 -9999.0 -9999.0 -9999.0 -9999.0 -9999.0 -9999.0 165.931404 167.779979 169.931482 175.313006 177.991099 181.985102 188.914666 190.100758 193.982033 201.169075 206.204158 214.940878 222.971717 230.423025 236.514675 239.369507 247.170566 257.047379 269.190641 284.942821 306.947463 330.114157 346.718462 363.792245 381.035024 381.799151 380.941847 382.341980 383.379657 391.094604 409.573857 416.335426 419.545484 438.102707 453.119919 459.241033 467.588977 487.117236 512.066214 538.439583 570.592163
-9999.0 -9999.0 -9999.0 -9999.0 -9999.0 -9999.0 -9999.0 -9999.0 -9999.0 -9999.0 -9999.0 -9999.0 -9999.0 120.714863 124.862720 134.186105 142.807481 145.156141 149.230534 155.094427 167.302083 170.920783 177.218614 184.912373 196.608443 205.278238 214.629276 226.606164 235.260135 242.719957 250.082436 256.581733 270.454405 286.174617 302.466208 323.187550 345.484025 366.918454 388.400953 404.528026 419.217339 422.705697 421.855091 424.420633 433.114173 451.841624 472.048126 484.337517 505.880592 530.769571 546.198766 559.974780 570.181976 584.448026 606.857419 643.830770 681.949226
-9999.0 -9999.0 -9999.0 -9999.0 -9999.0 -9999.0 -9999.0 -9999.0 -9999.0 -9999.0 86.451588 88.935846 85.513310 85.878113 90.691395 102.631983 116.005524 122.783661 134.160053 154.880269 172.343464 175.969129 190.821701 201.043423 207.887436 218.746854 232.166567 245.429366 262.931470 276.001168 288.750657 309.541922 326.641230 343.755456 362.181462 382.975079 404.463919 435.040426 463.599364 478.654974 503.383939 517.389450 515.455449 516.544701 526.074755 544.610024 569.287586 596.723334 621.291343 649.426330 670.368593 686.422263 698.658915 712.546175 729.486731 763.920710 804.512048
-9999.0 -9999.0 -9999.0 -9999.0 -9999.0 -9999.0 -9999.0 -9999.0 62.256815 69.275842 75.510115 72.506518 67.893053 64.411802 77.707097 93.519610 109.507218 126.776983 142.813385 160.915048 176.599546 193.314020 213.115016 225.232452 237.391789 253.041367 267.211379 285.384166 307.384985 322.101045 341.132313 363.838538 384.063552 403.250793 423.081046 442.843556 472.311930 508.344108 542.898975 569.234686 599.367505 625.329919 626.842148 631.118617 637.211471 664.980542 696.910347 729.551564 757.844742 787.112427 817.455959 835.611163 847.011582 860.362484 876.343506 894.199878 920.890576
-9999.0 -9999.0 -9999.0 -9999.0 -9999.0 -9999.0 36.017657 60.156463 74.997365 67.188065 58.388300 54.989568 51.349759 72.283363 93.873095 110.901775 127.727852 145.280464 161.871462 176.223491 211.203658 228.650843 243.957753 263.653992 278.560946 293.528244 311.712029 336.164426 359.921547 392.759877 422.615007 450.126796 478.490545 500.256275 521.047854 542.257502 576.458452 616.605043 655.960145 687.996041 717.519223 748.948840 758.629665 765.557523 774.226888 794.634747 825.959755 856.790570 891.233217 923.713026 949.805793 961.857572 972.501647 984.194167 998.056615 1011.179171 1025.673018
-9999.0 -9999.0 -9999.0 -9999.0 2.631992 23.554503 43.928784 74.714131 97.313321 92.139210 99.276300 99.786048 98.431476 101.595672 107.979664 126.074668 144.298515 162.799654 181.568309 218.760676 262.158765 279.313311 306.164038 339.372353 354.403046 370.612041 387.679872 412.266530 442.470164 479.220610 527.495996 569.088157 598.059668 623.647294 646.967988 671.892152 707.119942 746.198249 784.252641 819.735284 850.784390 876.695542 890.961521 899.441321 911.337157 927.027752 947.587084 974.439134 1004.746357 1036.503907 1061.544315 1075.810735 1084.037297 1094.714561 1106.000426 1119.032733 1131.804173
-9999.0 -9999.0 -9999.0 -45.211646 -6.670235 30.563102 57.934656 88.935956 120.805932 126.661087 135.418103 141.534427 147.753461 156.850396 166.620820 183.533913 198.770490 213.201781 235.271903 272.950054 310.001316 344.006790 378.259002 409.209137 433.172883 450.863476 470.333194 496.651326 538.948834 580.589741 634.225989 690.177940 729.578259 755.930267 778.322619 805.630882 830.729013 866.197447 900.972613 933.828540 965.441448 990.626875 1010.489519 1018.713067 1027.697718 1036.407826 1052.958282 1074.088841 1095.618726 1123.799580 1151.288340 1173.917636 1187.029579 1196.384828 1212.043101 1227.675401 1239.938271
-9999.0 -9999.0 -91.884859 -54.636051 -19.739046 31.494488 84.272157 118.225893 159.266609 184.257142 191.732342 210.313118 227.546384 236.161331 253.173314 271.050438 286.704534 292.228869 307.701245 342.779246 397.086254 447.621839 478.398789 535.054846 570.857443 598.167311 615.818401 643.635517 679.643630 724.444634 774.662119 824.780049 864.198348 895.667053 911.713761 930.209240 952.833846 975.601084 1007.824507 1036.557284 1066.687226 1092.623173 1114.965447 1123.350215 1128.475638 1143.256425 1165.489246 1189.089446 1211.692440 1233.318369 1241.868167 1249.739828 1253.649021 1256.262802 1259.979880 1262.775920 1264.349614
-9999.0 -9999.0 -117.491024 -73.143011 -31.146120 37.820186 115.199767 153.007288 196.503776 242.069686 261.846797 286.855169 304.086258 319.753562 344.405905 368.594780 377.520908 383.328639 384.588021 441.796964 503.745237 565.195004 627.684594 693.888007 738.617920 753.886226 765.521790 786.287151 812.193789 856.136891 905.059291 956.222154 999.166720 1029.047071 1044.470832 1061.102479 1080.558731 1098.261882 1116.181263 1151.988989 1176.295882 1200.203017 1225.351260 1244.852439 1252.671576 1255.104561 1248.413318 1254.798971 1259.309950 1261.481835 1262.125445 1258.903733 1258.291500 1259.212550 1260.584745 1256.028144 1249.703287
-9999.0 -204.913030 -152.864285 -98.881772 -28.670148 40.335759 125.900728 207.092643 260.804294 306.281225 336.569483 354.998495 403.211744 451.086209 478.934256 508.219402 509.822299 512.817618 506.079211 554.209045 610.574130 695.345090 808.976637 866.164298 906.248389 911.018011 908.439318 922.667752 947.735496 988.932836 1050.735619 1094.179799 1141.808974 1177.487023 1190.623728 1196.147105 1212.224064 1230.761506 1228.894313 1244.583880 1252.104579 1258.605515 1259.584554 1261.430674 1262.548596 1262.802477 1259.608423 1253.292563 1245.462295 1239.574528 1234.922250 1229.768729 1231.671626 1234.793115 1235.769070 1228.946673 1220.871455
-9999.0 -239.484973 -179.345643 -106.926005 -34.861039 39.538805 149.409038 284.767619 335.704414 373.360108 402.737525 441.253838 526.053525 594.314552 631.386892 674.576243 671.857458 662.794865 657.584350 694.061017 748.786041 825.063231 957.757843 1040.496608 1062.477365 1075.472287 1084.661169 1109.869575 1142.900506 1174.236826 1202.105094 1210.791163 1229.547804 1238.967137 1242.294679 1244.011983 1246.938154 1247.776910 1246.108051 1243.360299 1239.720732 1240.765213 1245.272028 1245.552056 1243.024240 1239.808173 1233.652319 1225.288672 1218.727389 1212.838444 1208.558930 1204.257793 1201.878479 1201.662844 1197.312836 1191.407445 1181.876109
-9999.0 -265.671783 -195.620912 -130.397129 -59.289233 62.695952 187.229803 319.972376 412.569757 453.498350 494.066417 575.841545 675.275795 765.536966 814.513446 839.473128 846.726233 834.906882 846.815849 893.523174 958.861238 1043.075150 1120.055670 1189.172538 1203.129922 1208.230885 1197.084363 1207.109384 1216.388713 1219.445550 1222.019566 1225.254275 1231.683271 1235.424014 1235.115275 1232.859916 1228.531364 1221.082004 1216.533970 1213.829470 1210.933075 1211.055888 1214.029531 1214.977238 1212.190190 1207.532710 1201.615062 1194.468112 1186.996698 1178.969371 1173.590473 1168.379315 1165.293953 1160.107388 1155.206842 1148.868670 1134.918789
-9999.0 -357.255342 -271.628150 -211.784676 -83.592102 85.725236 211.693241 365.759774 507.889126 556.824256 644.252231 756.985941 854.343211 921.514560 961.697989 1002.604341 1031.041211 1056.568542 1091.906583 1078.116689 1130.657073 1178.096414 1199.238823 1210.911091 1212.285766 1215.339303 1209.239362 1191.805155 1182.915943 1177.687453 1180.748537 1189.155906 1195.811094 1202.081822 1200.367363 1200.473487 1199.432454 1195.342606 1191.530351 1183.646813 1176.372417 1171.083736 1169.704773 1174.799347 1169.396966 1165.139539 1158.023086 1148.950764 1139.298907 1130.493992 1121.826799 1114.181240 1110.544513 1104.394382 1102.371184 1094.124450 1066.938069
-9999.0 -438.307251 -359.841524 -260.391678 -112.792714 51.784937 193.551633 365.620177 566.573158 680.589373 793.123661 857.359669 927.038908 988.589044 1049.318992 1089.699645 1111.671892 1121.480922 1120.032553 1131.332369 1109.049307 1109.259425 1130.236643 1157.809447 1171.375022 1176.258471 1168.227240 1157.903159 1151.629930 1151.460207 1151.259702 1151.162094 1150.648261 1149.169402 1146.011229 1147.094578 1150.449915 1143.983618 1135.659919 1127.861552 1120.885309 1112.970889 1107.608056 1104.334149 1102.383339 1101.324029 1093.130613 1082.074673 1070.891790 1062.014805 1053.533904 1047.036974 1043.976643 1038.649738 1030.951450 1018.924418 991.381147
-9999.0 -529.581398 -412.035881 -311.657269 -180.079786 -39.983389 94.926950 264.620857 423.558241 639.497763 803.675566 881.430140 917.056590 967.619226 1025.727782 1085.958295 1091.597501 1064.708031 1038.703575 1028.723585 1037.176202 1051.128276 1068.271266 1090.459223 1108.430519 1118.049647 1119.258904 1111.529379 1098.522908 1090.410024 1085.198855 1076.773391 1070.562100 1069.728309 1069.369612 1075.103067 1076.932747 1067.406442 1054.619455 1039.251470 1025.839380 1015.734302 1012.609011 1013.396761 1012.827894 1009.019372 1001.613661 990.895522 978.155650 966.321502 958.154212 952.110262 945.100488 935.356297 924.467927 912.095540 886.307795
-9999.0 -9999.0 -483.828279 -371.385559 -257.525529 -129.853750 -4.559291 149.019378 305.523169 494.021630 614.514935 728.500007 791.903234 835.387555 885.956135 936.388602 951.466887 967.015414 949.591150 954.651734 963.305838 972.090113 984.553552 998.387520 1012.484761 1022.337845 1029.078225 1027.133639 1018.263377 1002.461340 984.035339 969.967198 961.658093 955.231192 963.278929 973.574575 970.693673 963.701154 951.813718 936.368664 923.416010 910.032922 906.154192 906.359997 906.046795 902.768832 897.620496 884.703862 871.595780 859.106777 852.932405 846.377727 840.231103 828.984665 816.979770 803.413837 779.876028
-9999.0 -9999.0 -566.865471 -455.943028 -336.344796 -210.124457 -103.390216 -6.513290 152.608154 274.964156 379.824394 474.665292 552.402221 612.732156 657.314726 714.718725 749.173596 763.777602 778.575448 802.931293 827.953950 853.738968 871.578604 885.463926 899.695196 912.369779 921.080370 910.512915 900.037950 884.120412 863.996979 842.164362 830.564002 825.955612 828.582313 834.042209 828.422154 818.426862 803.956008 787.767535 774.426187 762.378956 757.953505 754.874794 753.495497 750.334746 746.621774 737.233438 725.158594 716.505774 707.912757 701.099473 697.149861 689.230288 678.823438 670.963884 652.062318
