tests/Borden05m/data_simulated/sim_1/output-maps/psiliqL0030N0006.asc
ncols         160
nrows         34
xllcorner     620200.000000
yllcorner     5168000.000000
cellsize      0.500000
NODATA_value  -9999.0
[rows 0 to 24 of 34, columns 0 to 54 of 160]
-9999.0 -9999.0 -9999.0 -9999.0 -9999.0 -9999.0 -9999.0 -9999.0 -9999.0 -9999.0 -9999.0 -9999.0 -9999.0 -9999.0 -9999.0 -9999.0 -9999.0 -9999.0 -9999.0 -9999.0 -9999.0 -9999.0 -9999.0 -9999.0 -9999.0 -9999.0 -9999.0 -9999.0 -9999.0 -9999.0 -9999.0 -9999.0 -9999.0 -9999.0 -9999.0 -9999.0 -9999.0 -9999.0 -9999.0 -9999.0 -9999.0 -9999.0 -9999.0 -9999.0 -9999.0 -9999.0 -9999.0 -9999.0 -9999.0 -9999.0 -9999.0 -9999.0 -9999.0 -9999.0 -9999.0
-9999.0 -9999.0 -9999.0 -9999.0 -9999.0 -9999.0 -9999.0 -9999.0 -9999.0 -9999.0 -9999.0 -9999.0 -9999.0 -9999.0 -9999.0 -9999.0 -9999.0 -9999.0 -9999.0 -9999.0 -9999.0 -9999.0 -9999.0 -9999.0 -9999.0 -9999.0 -9999.0 -9999.0 -9999.0 -9999.0 -9999.0 -9999.0 -9999.0 -9999.0 -9999.0 -9999.0 -9999.0 -9999.0 -9999.0 -9999.0 -9999.0 -9999.0 -9999.0 -9999.0 -9999.0 -9999.0 -9999.0 -9999.0 -9999.0 -9999.0 -9999.0 -9999.0 -9999.0 -9999.0 -9999.0
-9999.0 -9999.0 -9999.0 -9999.0 -9999.0 -9999.0 -9999.0 -9999.0 -9999.0 -9999.0 -9999.0 -9999.0 -9999.0 -9999.0 -9999.0 -9999.0 -9999.0 -9999.0 -9999.0 -9999.0 -9999.0 -9999.0 -9999.0 -9999.0 -9999.0 -9999.0 -9999.0 -9999.0 -9999.0 -9999.0 -9999.0 -9999.0 -9999.0 -9999.0 -9999.0 -9999.0 -9999.0 -9999.0 -9999.0 -9999.0 -9999.0 -9999.0 -9999.0 -9999.0 -9999.0 -9999.0 -9999.0 4072.143920 4055.002213 4042.320059 4036.715379 4057.135463 4079.979614 4103.687319 4124.083621
-9999.0 -9999.0 -9999.0 -9999.0 -9999.0 -9999.0 -9999.0 -9999.0 -9999.0 -9999.0 -9999.0 -9999.0 -9999.0 -9999.0 -9999.0 -9999.0 -9999.0 -9999.0 -9999.0 -9999.0 -9999.0 -9999.0 -9999.0 -9999.0 -9999.0 -9999.0 -9999.0 -9999.0 -9999.0 -9999.0 -9999.0 -9999.0 -9999.0 -9999.0 -9999.0 -9999.0 -9999.0 -9999.0 -9999.0 -9999.0 4123.990345 4129.842388 4128.999962 4119.243962 4107.740561 4093.383458 4072.437096 4055.383931 4042.845885 4041.032122 4043.247503 4044.904616 4064.719020 4090.241974 4110.104589
-9999.0 -9999.0 -9999.0 -9999.0 -9999.0 -9999.0 -9999.0 -9999.0 -9999.0 -9999.0 -9999.0 -9999.0 -9999.0 -9999.0 -9999.0 -9999.0 -9999.0 -9999.0 -9999.0 -9999.0 -9999.0 -9999.0 -9999.0 -9999.0 -9999.0 -9999.0 -9999.0 -9999.0 -9999.0 -9999.0 -9999.0 -9999.0 -9999.0 -9999.0 4031.842909 4048.480398 4066.203932 4084.684035 4101.622267 4108.689477 4114.431607 4119.518432 4114.524435 4109.994275 4097.951798 4076.017879 4056.600381 4044.040257 4043.333840 4040.747624 4043.812396 4054.630718 4070.957448 4085.306556 4105.468757
-9999.0 -9999.0 -9999.0 -9999.0 -9999.0 -9999.0 -9999.0 -9999.0 -9999.0 -9999.0 -9999.0 -9999.0 -9999.0 -9999.0 -9999.0 -9999.0 -9999.0 -9999.0 -9999.0 -9999.0 -9999.0 -9999.0 -9999.0 -9999.0 -9999.0 -9999.0 -9999.0 -9999.0 4038.510672 4032.433573 4027.530785 4025.723207 4024.009240 4022.922625 4029.339868 4039.915622 4056.380148 4078.414315 4091.636450 4098.741446 4105.540134 4105.526657 4099.057878 4097.164454 4097.414907 4084.140796 4071.326958 4059.313975 4047.504943 4043.494403 4051.835336 4065.827959 4081.750409 4095.926881 4110.824736
-9999.0 -9999.0 -9999.0 -9999.0 -9999.0 -9999.0 -9999.0 -9999.0 -9999.0 -9999.0 -9999.0 -9999.0 -9999.0 -9999.0 -9999.0 -9999.0 -9999.0 -9999.0 -9999.0 -9999.0 -9999.0 -9999.0 -9999.0 4008.927550 4013.398741 4019.738454 4027.283119 4028.060311 4024.853017 4019.347175 4016.554924 4014.890799 4012.117383 4016.378636 4022.664822 4035.035018 4049.724610 4071.824862 4079.591742 4082.850956 4093.515766 4097.201134 4105.399943 4108.826436 4106.446976 4101.503593 4085.315149 4072.498481 4073.192617 4076.099394 4082.542044 4090.589152 4103.701140 4116.429847 4130.583370
-9999.0 -9999.0 -9999.0 -9999.0 -9999.0 -9999.0 -9999.0 -9999.0 -9999.0 -9999.0 -9999.0 -9999.0 -9999.0 -9999.0 -9999.0 -9999.0 -9999.0 -9999.0 -9999.0 3984.747129 3985.763701 3987.259499 3992.031849 3992.101191 3993.523114 3999.947188 4007.608281 4010.401196 4007.685839 4006.522046 4007.368435 4009.453590 4013.548958 4023.142699 4035.763078 4048.935095 4060.664753 4080.540912 4094.080497 4105.195860 4119.459523 4119.697061 4115.651707 4113.450695 4112.554002 4109.668708 4105.451511 4102.618155 4108.178696 4106.863958 4108.784155 4117.278935 4128.879894 4144.198395 4160.352983
-9999.0 -9999.0 -9999.0 -9999.0 -9999.0 -9999.0 -9999.0 -9999.0 -9999.0 -9999.0 -9999.0 -9999.0 -9999.0 -9999.0 -9999.0 -9999.0 3955.662361 3957.286758 3959.573109 3964.983830 3968.809942 3972.510898 3979.234754 3980.536904 3983.398505 3989.943722 3993.667214 4002.533998 4010.380234 4016.622721 4021.578011 4022.975361 4028.122104 4036.067160 4046.159834 4058.351813 4076.731400 4099.322457 4113.721674 4129.303289 4145.572400 4145.190660 4142.365467 4141.450514 4138.478208 4137.331013 4149.811617 4151.354581 4143.189525 4149.839877 4160.129367 4161.506288 4167.557732 4186.938461 4208.092646
-9999.0 -9999.0 -9999.0 -9999.0 -9999.0 -9999.0 -9999.0 -9999.0 -9999.0 -9999.0 -9999.0 -9999.0 -9999.0 3905.242289 3908.975136 3919.233597 3931.344113 3934.348113 3939.280326 3945.924639 3957.645345 3960.831105 3966.188020 3972.604240 3984.834644 3992.643940 4000.349670 4010.997699 4017.731001 4023.373138 4028.270133 4028.930819 4038.466455 4050.677679 4063.197886 4080.585745 4101.183986 4117.676872 4133.891625 4149.355044 4159.279567 4154.169902 4152.542502 4153.728208 4156.566502 4167.294482 4182.234008 4179.083370 4185.185355 4204.131647 4212.649535 4217.952744 4222.730433 4236.338144 4257.687313
-9999.0 -9999.0 -9999.0 -9999.0 -9999.0 -9999.0 -9999.0 -9999.0 -9999.0 -9999.0 3880.868180 3881.829606 3877.679526 3873.731499 3879.441423 3891.525026 3906.023520 3910.760099 3922.471986 3943.509503 3961.973064 3964.166261 3976.346879 3985.683052 3991.300844 3999.544483 4010.806661 4021.011880 4034.232693 4043.885607 4050.006908 4063.538381 4077.321538 4091.595224 4106.936429 4125.810039 4139.338242 4160.208843 4183.221951 4189.492277 4203.735590 4203.159268 4197.955011 4194.815244 4203.438438 4212.242695 4224.173176 4236.624541 4253.362839 4273.534911 4281.057264 4293.033061 4301.207445 4310.686417 4325.737859
-9999.0 -9999.0 -9999.0 -9999.0 -9999.0 -9999.0 -9999.0 -9999.0 3856.463759 3864.613240 3869.344472 3865.505066 3860.500730 3853.388594 3867.848105 3882.511551 3897.588519 3915.483418 3930.115833 3947.584287 3960.054603 3973.178177 3992.228904 4001.288182 4009.996086 4023.267890 4034.349993 4046.654823 4065.065592 4069.677341 4077.325078 4094.457588 4107.633753 4122.564771 4139.036755 4153.598641 4170.784433 4198.853075 4225.879238 4239.309070 4263.970483 4278.729859 4271.202266 4267.869722 4267.900905 4289.594588 4314.265676 4342.292871 4358.828733 4380.671923 4408.206339 4427.362451 4436.378209 4447.270620 4460.968256
-9999.0 -9999.0 -9999.0 -9999.0 -9999.0 -9999.0 3827.762089 3851.895727 3866.718095 3857.337498 3841.118819 3834.810736 3827.238777 3859.955321 3881.733258 3898.258546 3913.940049 3930.419398 3945.448556 3951.239335 3978.321724 3996.986252 4006.671046 4017.006271 4029.945001 4042.809054 4057.122918 4076.288529 4091.057105 4109.274217 4121.160545 4134.140236 4155.846915 4171.405325 4186.813702 4198.290708 4224.092412 4257.436423 4290.966388 4313.808487 4337.238708 4368.757529 4366.495249 4367.375532 4367.645970 4392.167220 4426.524287 4456.114147 4487.408961 4517.599516 4546.451043 4556.846995 4565.739231 4575.571117 4588.176910
-9999.0 -9999.0 -9999.0 -9999.0 3796.298861 3816.759681 3834.433921 3863.705344 3884.840273 3879.194079 3882.070871 3878.597759 3872.504425 3877.068660 3884.673697 3900.567926 3918.739325 3937.304913 3949.303037 3972.827566 4019.280335 4027.743158 4041.426745 4068.814975 4077.759535 4090.121496 4104.276106 4122.893297 4138.053818 4162.636239 4193.424632 4219.622579 4239.238595 4257.048055 4275.225680 4290.548577 4325.699059 4362.372661 4397.664330 4428.516359 4454.779234 4481.029510 4486.444349 4490.949975 4500.799529 4518.306514 4541.568146 4569.452361 4603.927062 4636.326108 4659.464815 4667.723633 4672.617989 4682.214614 4689.377407
-9999.0 -9999.0 -9999.0 3740.749440 3779.701915 3819.505525 3844.066113 3873.342959 3904.977116 3902.558243 3910.303605 3907.696282 3903.928461 3907.413753 3907.955599 3923.112813 3940.640696 3960.469078 3980.569996 4012.137448 4038.623263 4051.992168 4077.622303 4089.827108 4099.832650 4111.038080 4128.775619 4147.077702 4181.921596 4209.294341 4253.950191 4303.789520 4334.854359 4353.289178 4376.045458 4403.941085 4429.543355 4469.312010 4503.525184 4535.772369 4566.081886 4588.055945 4601.671239 4606.029537 4616.063953 4621.540027 4633.579288 4654.742089 4677.482000 4708.880081 4738.623354 4768.769978 4784.608930 4796.203534 4813.835943
-9999.0 -9999.0 3691.983335 3731.904343 3761.993930 3807.043338 3859.472916 3894.096035 3932.233249 3948.768008 3950.046430 3957.835513 3965.889729 3964.231725 3970.174907 3980.673121 4003.227735 4012.116404 4032.872574 4043.750487 4076.873452 4107.116142 4095.754126 4130.258783 4159.256658 4193.052929 4215.258161 4241.895326 4280.411858 4312.596944 4356.342835 4406.747359 4440.605583 4468.308822 4484.698481 4505.760783 4526.187421 4553.695240 4591.612828 4617.079780 4651.676708 4677.410183 4696.936008 4696.692167 4699.259692 4715.829335 4745.389209 4777.716591 4807.977944 4838.507753 4818.607324 4845.157491 4857.044354 4863.676323 4874.104134
-9999.0 -9999.0 3660.415417 3707.323734 3739.579130 3794.241156 3882.336133 3914.940658 3953.268496 3997.939701 4009.544848 4029.395152 4017.221865 3999.427479 4014.933647 4026.384093 4049.002898 4056.620268 4049.101847 4100.233375 4151.226022 4168.477955 4163.797400 4243.642624 4298.185755 4324.981995 4343.324738 4364.052670 4383.186091 4421.012597 4458.848250 4514.514507 4556.013532 4586.356122 4601.224274 4622.374371 4642.411949 4657.517277 4677.777428 4726.887546 4764.888444 4797.355495 4830.896605 4852.879870 4861.338174 4867.051343 4837.842778 4860.076456 4875.154406 4881.657431 4884.303809 4880.424714 4879.909043 4880.790006 4881.709745
-9999.0 3565.362971 3617.894901 3667.203457 3729.617593 3788.388602 3859.850516 3932.501913 4001.076002 4054.233670 4077.944127 4065.002898 4053.697563 4073.605861 4090.999756 4104.458787 4110.839225 4122.786801 4101.688818 4156.905430 4190.547171 4233.388468 4330.723397 4390.386481 4459.470799 4454.613233 4441.892982 4445.553595 4460.224289 4508.243123 4591.233249 4650.664492 4720.629974 4772.697374 4791.028071 4799.349513 4818.989096 4840.623954 4778.881497 4828.159251 4850.999495 4870.057889 4881.480411 4884.107264 4885.574372 4885.301174 4881.502632 4874.293021 4865.976657 4860.024445 4855.718592 4851.215194 4853.661748 4857.008034 4856.994140
-9999.0 3525.792462 3582.305026 3649.307695 3715.033345 3754.427614 3829.345054 4002.537097 4067.437229 4105.308624 4105.334729 4066.611280 4118.549024 4176.922372 4198.917201 4244.921437 4227.031627 4211.335119 4168.012102 4191.899541 4228.409661 4299.553777 4480.171212 4571.267006 4631.099418 4639.027420 4638.799249 4668.333501 4715.402670 4766.807045 4817.065529 4777.614434 4834.349358 4862.453013 4868.325762 4869.147820 4875.453462 4873.759016 4872.630755 4868.031929 4862.758536 4862.947926 4867.785157 4867.655239 4864.617325 4861.104026 4855.317809 4847.900626 4842.778754 4838.133707 4835.497143 4832.699337 4830.599561 4829.579434 4824.468211
-9999.0 3481.230793 3557.192250 3613.199070 3652.007329 3734.234241 3865.192405 4011.780799 4109.137531 4142.009094 4104.988339 4129.807514 4234.279033 4344.901829 4398.595905 4419.443793 4394.828176 4338.952224 4312.745015 4357.182386 4430.747282 4560.580582 4715.266785 4822.901940 4839.717238 4843.633820 4788.093031 4817.977672 4845.676946 4848.963937 4850.264543 4859.831778 4865.035438 4868.151669 4866.525813 4863.617574 4858.736510 4850.420701 4845.651193 4841.838003 4837.973244 4836.603684 4838.438952 4840.509639 4837.586717 4833.640758 4829.145189 4823.572843 4817.169342 4810.308878 4805.822278 4801.425025 4799.223257 4793.346447 4789.957898
-9999.0 3348.374915 3447.681162 3482.323601 3540.905149 3734.264244 3863.965733 4000.497762 4172.217206 4186.903281 4223.240542 4370.269164 4495.686623 4579.937800 4606.751811 4639.116179 4663.751129 4678.723125 4717.477036 4574.974618 4664.483781 4776.219669 4828.328984 4850.925471 4863.895219 4864.327229 4853.976561 4832.691931 4821.847281 4815.078730 4816.695293 4824.043338 4828.524927 4833.153856 4830.797801 4832.052340 4833.521228 4830.387214 4826.259683 4817.324650 4809.359267 4802.330695 4798.585643 4803.119693 4798.501806 4796.341291 4789.983616 4781.285232 4772.104024 4764.681623 4756.479911 4749.813979 4747.613858 4742.608264 4741.351172
-9999.0 3267.171543 3337.740365 3385.366327 3484.675678 3647.469782 3729.478686 3883.511652 4136.166072 4280.076917 4458.619707 4557.595729 4629.176168 4667.181998 4715.707832 4771.367890 4800.632920 4814.270931 4778.133188 4805.229376 4759.899252 4748.415031 4766.874434 4797.676617 4816.553273 4820.927297 4813.332020 4804.628106 4797.323741 4796.201037 4793.765516 4788.890595 4784.010359 4779.973180 4776.834816 4780.161520 4785.757732 4778.276890 4767.376826 4757.434163 4748.488303 4738.903557 4732.751271 4727.636135 4728.439391 4728.789330 4720.961243 4710.246373 4699.102529 4690.590481 4683.352774 4679.013571 4676.106175 4670.911295 4660.444379
-9999.0 3138.260274 3275.083205 3343.686325 3426.155148 3550.542450 3644.712886 3790.970244 3913.751937 4167.893543 4304.976879 4528.005153 4582.524322 4658.136233 4703.740824 4781.053057 4775.094297 4744.027952 4698.307859 4682.620335 4696.595020 4706.363095 4713.988408 4727.696845 4746.027458 4756.698067 4762.839146 4757.363936 4742.992893 4729.591156 4717.139121 4702.246630 4692.111160 4689.218579 4694.305490 4705.246244 4705.232479 4695.794211 4681.189137 4662.125536 4645.888835 4633.589818 4631.795323 4634.962374 4636.317401 4631.959255 4626.288351 4615.213919 4602.331974 4589.428072 4584.034431 4579.791044 4571.932216 4559.979200 4547.485447
-9999.0 -9999.0 3184.399217 3290.962596 3376.933035 3481.228521 3558.203715 3664.718226 3800.216916 3968.120325 4085.252539 4283.916444 4388.513988 4433.937660 4464.686545 4522.706140 4551.642371 4588.193900 4587.048045 4602.216117 4614.195739 4620.298727 4625.103205 4629.801754 4640.056771 4650.264888 4661.599442 4658.731717 4650.049010 4628.445201 4600.984697 4579.524059 4568.454466 4558.425432 4571.462968 4584.423799 4578.059760 4570.986224 4557.987950 4541.440595 4528.855678 4514.293042 4510.839691 4510.557854 4511.230763 4508.981371 4506.910261 4494.340978 4482.004995 4472.462095 4468.659540 4462.941994 4459.665044 4449.844581 4439.174645
-9999.0 -9999.0 3093.849961 3194.885561 3290.399135 3403.075386 3478.372154 3466.928387 3595.422665 3693.443640 3802.540974 3919.215730 4022.266855 4094.232310 4124.953874 4189.196319 4251.801060 4272.262691 4320.253095 4383.203373 4421.324328 4465.521821 4490.976093 4500.169072 4512.832188 4528.107649 4535.486258 4519.225911 4507.839951 4490.492531 4466.197799 4438.199663 4424.072464 4424.531374 4422.528606 4422.906360 4414.592131 4405.697823 4391.016452 4377.435539 4365.324414 4357.031658 4353.501536 4347.135719 4344.440014 4341.640259 4340.239397 4335.807265 4328.230891 4324.364913 4315.940152 4312.659921 4312.299032 4310.065570 4305.027710
