tests/Borden05m/data_simulated/sim_1/output-maps/psiliqL0009N0006.asc
ncols         160
nrows         34
xllcorner     620200.000000
yllcorner     5168000.000000
cellsize      0.500000
NODATA_value  -9999.0
[rows 0 to 25 of 34, columns 0 to 56 of 160]
-9999.0 -9999.0 -9999.0 -9999.0 -9999.0 -9999.0 -9999.0 -9999.0 -9999.0 -9999.0 -9999.0 -9999.0 -9999.0 -9999.0 -9999.0 -9999.0 -9999.0 -9999.0 -9999.0 -9999.0 -9999.0 -9999.0 -9999.0 -9999.0 -9999.0 -9999.0 -9999.0 -9999.0 -9999.0 -9999.0 -9999.0 -9999.0 -9999.0 -9999.0 -9999.0 -9999.0 -9999.0 -9999.0 -9999.0 -9999.0 -9999.0 -9999.0 -9999.0 -9999.0 -9999.0 -9999.0 -9999.0 -9999.0 -9999.0 -9999.0 -9999.0 -9999.0 -9999.0 -9999.0 -9999.0 -9999.0 -9999.0
-9999.0 -9999.0 -9999.0 -9999.0 -9999.0 -9999.0 -9999.0 -9999.0 -9999.0 -9999.0 -9999.0 -9999.0 -9999.0 -9999.0 -9999.0 -9999.0 -9999.0 -9999.0 -9999.0 -9999.0 -9999.0 -9999.0 -9999.0 -9999.0 -9999.0 -9999.0 -9999.0 -9999.0 -9999.0 -9999.0 -9999.0 -9999.0 -9999.0 -9999.0 -9999.0 -9999.0 -9999.0 -9999.0 -9999.0 -9999.0 -9999.0 -9999.0 -9999.0 -9999.0 -9999.0 -9999.0 -9999.0 -9999.0 -9999.0 -9999.0 -9999.0 -9999.0 -9999.0 -9999.0 -9999.0 -9999.0 -9999.0
-9999.0 -9999.0 -9999.0 -9999.0 -9999.0 -9999.0 -9999.0 -9999.0 -9999.0 -9999.0 -9999.0 -9999.0 -9999.0 -9999.0 -9999.0 -9999.0 -9999.0 -9999.0 -9999.0 -9999.0 -9999.0 -9999.0 -9999.0 -9999.0 -9999.0 -9999.0 -9999.0 -9999.0 -9999.0 -9999.0 -9999.0 -9999.0 -9999.0 -9999.0 -9999.0 -9999.0 -9999.0 -9999.0 -9999.0 -9999.0 -9999.0 -9999.0 -9999.0 -9999.0 -9999.0 -9999.0 -9999.0 -117.307190 -134.905429 -151.655231 -153.483145 -130.665258 -107.308791 -83.657595 -63.221716 -44.649602 -25.745774
-9999.0 -9999.0 -9999.0 -9999.0 -9999.0 -9999.0 -9999.0 -9999.0 -9999.0 -9999.0 -9999.0 -9999.0 -9999.0 -9999.0 -9999.0 -9999.0 -9999.0 -9999.0 -9999.0 -9999.0 -9999.0 -9999.0 -9999.0 -9999.0 -9999.0 -9999.0 -9999.0 -9999.0 -9999.0 -9999.0 -9999.0 -9999.0 -9999.0 -9999.0 -9999.0 -9999.0 -9999.0 -9999.0 -9999.0 -9999.0 -69.400976 -63.582605 -62.091054 -73.026892 -84.479292 -96.496708 -116.570624 -134.590429 -150.263600 -153.238529 -150.747718 -145.119607 -122.071324 -97.783384 -78.343652 -61.052534 -41.984322
-9999.0 -9999.0 -9999.0 -9999.0 -9999.0 -9999.0 -9999.0 -9999.0 -9999.0 -9999.0 -9999.0 -9999.0 -9999.0 -9999.0 -9999.0 -9999.0 -9999.0 -9999.0 -9999.0 -9999.0 -9999.0 -9999.0 -9999.0 -9999.0 -9999.0 -9999.0 -9999.0 -9999.0 -9999.0 -9999.0 -9999.0 -9999.0 -9999.0 -9999.0 -161.433342 -143.880712 -125.843767 -107.621838 -91.122925 -84.595011 -78.750600 -73.010852 -77.150036 -82.113290 -93.621232 -112.455086 -132.391367 -146.849529 -149.632975 -152.396053 -148.108797 -135.029473 -118.375426 -101.976526 -81.074072 -57.996582 -48.908415
-9999.0 -9999.0 -9999.0 -9999.0 -9999.0 -9999.0 -9999.0 -9999.0 -9999.0 -9999.0 -9999.0 -9999.0 -9999.0 -9999.0 -9999.0 -9999.0 -9999.0 -9999.0 -9999.0 -9999.0 -9999.0 -9999.0 -9999.0 -9999.0 -9999.0 -9999.0 -9999.0 -9999.0 -156.384224 -162.437762 -167.793512 -169.512647 -171.031564 -172.428583 -165.586121 -153.331217 -135.100621 -113.697406 -101.027760 -94.010642 -87.601960 -86.938294 -91.929471 -94.293542 -94.310170 -106.227341 -118.104736 -129.240101 -139.931798 -141.296973 -131.802693 -117.995462 -102.028402 -87.323410 -72.086847 -59.373293 -43.695689
-9999.0 -9999.0 -9999.0 -9999.0 -9999.0 -9999.0 -9999.0 -9999.0 -9999.0 -9999.0 -9999.0 -9999.0 -9999.0 -9999.0 -9999.0 -9999.0 -9999.0 -9999.0 -9999.0 -9999.0 -9999.0 -9999.0 -9999.0 -185.296704 -179.328566 -172.988679 -165.814313 -165.129485 -169.601952 -175.503789 -178.926686 -180.747548 -182.571375 -178.396212 -170.165969 -156.586816 -140.773026 -119.241838 -110.773691 -104.296428 -91.983454 -89.899369 -85.272371 -81.487890 -83.529855 -86.412367 -98.597378 -107.616431 -101.998280 -95.895502 -89.538608 -82.097479 -69.110919 -53.506513 -35.757474 -15.071546 6.708756
-9999.0 -9999.0 -9999.0 -9999.0 -9999.0 -9999.0 -9999.0 -9999.0 -9999.0 -9999.0 -9999.0 -9999.0 -9999.0 -9999.0 -9999.0 -9999.0 -9999.0 -9999.0 -9999.0 -209.831157 -209.131282 -208.303751 -203.911474 -203.096128 -201.033875 -194.211736 -186.274073 -184.406269 -186.228376 -188.138545 -186.860864 -184.453508 -180.510740 -169.208012 -155.504503 -141.469567 -127.414495 -106.616804 -91.938984 -78.103208 -62.081550 -63.606480 -68.268882 -70.652209 -70.416926 -69.960998 -64.103957 -60.451630 -54.611066 -48.719709 -41.621338 -32.581397 -21.642466 -3.009345 17.560108 38.397590 58.298123
-9999.0 -9999.0 -9999.0 -9999.0 -9999.0 -9999.0 -9999.0 -9999.0 -9999.0 -9999.0 -9999.0 -9999.0 -9999.0 -9999.0 -9999.0 -9999.0 -237.919659 -236.209436 -234.301045 -229.140539 -226.847616 -223.130366 -216.507546 -215.691058 -212.079720 -205.224888 -200.484109 -192.202327 -184.613713 -177.526002 -171.842939 -169.405669 -161.890186 -152.369776 -140.557033 -124.944618 -103.036701 -80.305973 -64.035530 -47.397898 -30.658276 -30.454675 -31.792124 -30.815520 -30.023639 -22.018752 -3.519006 3.118057 6.925162 26.338582 41.500512 47.643787 55.634230 74.574239 99.417912 127.104427 161.127885
-9999.0 -9999.0 -9999.0 -9999.0 -9999.0 -9999.0 -9999.0 -9999.0 -9999.0 -9999.0 -9999.0 -9999.0 -9999.0 -282.218437 -278.189080 -269.174353 -261.130876 -259.120977 -255.445017 -249.994889 -238.093090 -234.858518 -228.917141 -221.568703 -210.425567 -202.198632 -193.232260 -181.688141 -173.442757 -166.446167 -159.513042 -153.106776 -139.456239 -124.037834 -108.024409 -87.623961 -65.854338 -44.651427 -23.403912 -8.031312 6.349470 9.902247 8.296371 10.250407 18.913531 37.996873 58.420295 72.122894 95.501249 121.799602 138.996550 154.363030 165.364540 179.785413 202.921538 243.218643 287.217454
-9999.0 -9999.0 -9999.0 -9999.0 -9999.0 -9999.0 -9999.0 -9999.0 -9999.0 -9999.0 -317.034564 -314.578348 -318.226906 -317.695380 -313.262690 -301.613390 -288.652434 -282.021404 -271.073086 -250.799948 -233.934127 -230.754025 -216.221618 -206.557923 -200.276461 -189.837680 -176.896216 -164.032991 -146.806268 -134.176647 -121.562096 -100.815811 -84.228031 -67.708273 -49.875365 -29.818881 -8.436639 22.277738 50.626317 65.876199 91.098867 105.992107 103.699975 104.722618 114.247050 134.388729 161.791379 192.816052 221.373672 255.507285 284.095836 304.888116 320.036118 336.298237 356.664022 398.172565 453.272806
-9999.0 -9999.0 -9999.0 -9999.0 -9999.0 -9999.0 -9999.0 -9999.0 -340.874891 -334.165480 -328.040260 -331.303780 -336.294304 -339.835379 -327.030948 -311.461787 -295.771319 -279.013887 -263.361509 -245.806922 -230.486121 -214.171409 -195.101039 -183.522122 -171.876786 -156.836039 -143.206174 -125.265174 -103.768226 -88.990938 -69.818463 -47.612107 -27.762621 -9.237137 9.891000 29.259988 59.332880 95.897909 131.507945 160.032859 191.645637 219.470051 222.315258 228.120724 236.816496 269.712548 309.561654 350.552234 390.096459 434.850144 482.416773 509.868305 525.497519 540.612889 558.232113 579.104843 612.130819
-9999.0 -9999.0 -9999.0 -9999.0 -9999.0 -9999.0 -366.385279 -342.413433 -327.852968 -335.899802 -344.389174 -347.994168 -351.789390 -332.555184 -311.431644 -294.841974 -278.443777 -261.413323 -245.417070 -231.037491 -196.102892 -179.834762 -165.021849 -145.391735 -131.375821 -117.270457 -99.733176 -75.766029 -52.175566 -18.940134 11.667647 39.638352 67.747340 89.403608 110.398303 132.919979 169.198313 212.501895 257.139457 297.072232 333.220585 369.209120 383.172439 393.983830 409.591612 441.308918 488.522575 530.284343 572.956091 614.078474 648.880701 666.372031 678.956731 690.353201 702.837503 715.248791 729.489597
-9999.0 -9999.0 -9999.0 -9999.0 -399.405476 -378.640468 -358.300618 -327.642288 -305.243989 -310.899944 -303.866444 -303.586057 -305.166683 -302.889303 -297.373775 -279.728128 -262.255680 -244.642791 -226.178520 -188.570264 -146.560742 -129.808441 -102.869552 -70.345190 -56.092189 -40.875531 -24.824794 -0.793291 29.999762 67.383689 117.507938 161.305562 192.091430 219.882837 246.471975 277.398614 319.729746 368.517073 421.272392 476.123960 518.824807 549.576121 566.556302 577.146220 592.939923 615.300263 644.131331 675.795853 707.145097 738.849967 764.300833 778.868455 786.154038 794.673907 803.259975 813.501383 823.538789
-9999.0 -9999.0 -9999.0 -446.204139 -407.911952 -371.242424 -343.952809 -313.170242 -281.734982 -275.660807 -267.539291 -261.334455 -254.960840 -246.207602 -236.416743 -220.261109 -206.301486 -193.627596 -172.619743 -135.514245 -98.679035 -64.035059 -30.459261 0.953388 24.907120 41.875151 60.444510 87.237317 131.052100 176.349451 235.620157 299.152740 346.012324 380.076202 411.783308 452.959794 492.173148 537.960629 583.126780 626.507298 663.698081 689.991873 708.849134 716.232403 725.163184 735.371223 753.434704 773.640518 792.226453 816.307612 840.320301 859.585497 869.975595 876.621796 889.089658 901.764787 911.577719
-9999.0 -9999.0 -492.436990 -455.652079 -420.559163 -369.066646 -316.662204 -283.314916 -242.601096 -217.533478 -210.392603 -191.696965 -174.556879 -165.973299 -148.841830 -131.236828 -117.519511 -113.832125 -100.505925 -64.343620 -9.213125 42.322015 77.077470 136.123319 172.662799 199.083110 216.786881 247.607853 289.338297 344.747493 410.737042 478.089647 528.023324 565.968821 588.145564 614.483935 645.184520 672.481776 707.171344 737.493923 765.765454 788.280183 806.810198 813.224956 817.007233 830.311221 850.072683 870.184201 888.952658 906.948468 916.469390 920.932582 922.689825 923.562686 925.094757 926.256513 926.887950
-9999.0 -9999.0 -517.400647 -473.551655 -430.943392 -360.969198 -285.188126 -247.562157 -204.406002 -159.735607 -140.229100 -115.752825 -96.380771 -78.057271 -53.330335 -28.849575 -22.840792 -19.014616 -18.744155 38.019708 101.367434 170.119288 245.711348 315.981930 364.447555 381.143906 395.889306 425.640299 465.504860 520.561390 580.186292 639.324480 686.397882 717.464875 734.077251 751.956790 772.583068 790.442772 807.069105 839.151933 858.625376 877.728434 898.489372 915.460929 921.998843 923.353946 918.299768 922.083341 924.563791 925.685514 925.938037 922.754399 922.064634 922.717049 923.875908 919.508124 913.968989
-9999.0 -603.647280 -551.927894 -497.826575 -427.327068 -357.913721 -271.476376 -190.236352 -139.191652 -95.680579 -65.760333 -44.622309 10.262839 62.115038 91.570027 122.344645 121.919240 121.852515 114.898639 163.386436 228.053584 329.608487 464.578271 530.527546 571.057420 578.275237 578.872134 598.945578 631.596536 676.177413 737.182451 778.518214 821.901435 853.744476 865.238902 870.171841 885.498429 902.994692 906.423865 917.189118 921.213797 924.329326 922.439442 923.146940 923.938947 924.533096 922.042403 916.650981 909.952791 905.469325 902.375058 898.528905 901.424966 905.105006 906.851755 901.236566 895.270419
-9999.0 -637.627058 -577.402608 -504.888100 -432.840780 -355.616478 -242.808746 -112.403701 -64.290918 -27.825138 4.672818 54.041216 148.797659 226.683744 270.707573 316.122423 313.469706 302.023995 299.556961 342.668458 413.692871 501.957425 638.952802 723.086110 740.510085 753.128819 763.061181 788.266576 820.537754 849.637960 874.085737 886.215057 899.182435 905.126849 907.413952 909.061291 911.693944 912.836781 911.071302 908.309107 904.365331 904.838765 908.732064 908.952323 907.112271 905.355375 901.300524 895.380863 891.603337 888.806599 887.554060 885.718693 885.234747 886.488557 883.745417 879.948981 873.587971
-9999.0 -661.786331 -592.681244 -527.061139 -453.412240 -328.178814 -205.328593 -75.335943 15.312060 57.220231 111.393160 213.620099 334.031254 447.123651 506.746449 534.017251 542.192638 530.831804 543.075107 588.939333 655.275778 734.296194 800.930684 862.298761 873.243637 877.085011 870.448579 878.997938 887.009009 890.142785 892.262505 893.812841 899.266643 902.286426 901.966261 900.229108 896.871541 890.536784 887.019654 885.328812 883.181440 883.748793 886.959647 888.294218 886.958848 884.768412 882.306051 879.026332 875.657558 871.738797 870.161864 868.031573 867.171196 863.850984 860.545043 856.512125 846.310480
-9999.0 -748.825673 -664.997333 -603.174772 -468.695970 -302.923029 -178.668441 -24.348034 113.724687 171.201789 284.103529 429.336025 551.355172 634.992374 682.612768 722.882991 747.492623 768.848548 797.845578 791.593503 834.525913 869.586500 882.052972 887.697725 884.762262 887.044152 882.285030 867.329648 860.682348 856.857297 860.308304 868.367819 874.571716 880.628767 879.309647 880.238998 880.545936 878.167298 876.098605 869.899204 863.999983 859.827794 859.314971 865.229139 861.499846 859.859390 856.615397 852.040906 847.035317 842.607197 837.917073 833.327496 831.636037 826.697072 825.437329 818.583377 794.142466
-9999.0 -829.493127 -750.702191 -646.535044 -495.036125 -331.546346 -184.939390 -12.691418 183.180736 307.202201 449.152027 547.394589 641.645845 716.217105 778.948931 814.835050 833.021521 839.496565 837.976617 842.767092 817.409332 812.293466 826.734688 847.962913 857.275275 861.273677 854.947042 847.373872 843.962110 845.792823 846.914794 847.861731 848.066654 847.140060 844.543419 846.138383 850.450942 845.716940 839.145586 832.644102 826.650954 819.597960 814.941637 812.668196 811.928921 813.124721 808.409344 801.538474 794.770772 790.016369 784.959367 780.758982 778.829157 773.298573 764.335621 750.162085 720.596782
-9999.0 -916.465141 -801.513101 -698.588321 -563.038845 -422.903640 -285.374073 -114.849414 48.288987 273.378105 477.921266 577.121764 633.659592 690.662952 751.850859 810.535876 818.021665 792.639097 768.837651 757.285933 760.749744 769.119880 780.795486 798.032014 812.111185 820.323594 822.093967 816.490213 806.289232 800.972083 798.294250 792.027496 787.299715 787.292377 786.709577 791.981002 794.354298 785.418045 772.665429 756.385721 741.619735 730.562799 726.735758 727.320541 727.348571 725.201642 720.060801 712.403927 702.964347 694.376646 688.451913 683.648667 676.435539 664.277759 647.636829 625.898673 589.423386
-9999.0 -9999.0 -871.029713 -758.743293 -643.010121 -514.493703 -386.169376 -229.323020 -71.355269 124.531216 265.667242 404.776245 484.850918 539.492354 601.499964 661.513361 681.445291 698.048756 680.443750 683.259071 688.338509 693.104319 701.901427 712.847467 724.966237 734.068019 740.676880 739.622287 731.852423 717.984232 701.975301 690.130630 683.228049 677.719627 685.178782 694.647291 691.552458 683.217656 667.574369 645.238156 624.896470 606.371163 599.683203 598.885313 598.404047 595.447249 590.694660 578.541813 566.365557 554.712878 549.234041 542.737312 534.872675 519.367381 498.614972 469.804850 429.020137
-9999.0 -9999.0 -952.928895 -841.607207 -720.520182 -594.209974 -486.045342 -380.127496 -219.099777 -94.142673 14.729492 117.627095 202.661403 272.113440 333.990678 412.590073 455.682673 474.385542 487.028770 506.137000 527.746590 549.535373 565.149138 579.044878 594.322681 608.375143 617.837011 606.577636 594.185343 576.480968 555.490034 533.782310 522.450397 517.374359 520.398662 525.895052 519.344928 506.297634 485.159062 456.737236 430.939582 409.921700 401.173481 396.757380 394.934541 391.215649 386.477022 375.227787 361.445616 351.619383 342.548592 334.684977 329.036561 317.841854 302.448652 287.768096 261.466816
-9999.0 -9999.0 -9999.0 -913.661458 -815.565281 -729.869565 -632.523600 -556.365946 -460.598870 -346.091500 -240.186232 -135.987135 -67.049718 -9.943586 47.559259 105.609177 147.885453 173.560550 195.631751 249.082644 282.666813 323.727994 360.471327 380.696379 400.991215 421.278128 426.643638 414.709811 400.230130 379.408071 352.138952 326.213607 312.463228 313.277807 312.101078 312.560356 305.245630 297.718672 282.270456 263.504296 244.583633 231.538846 224.956622 218.976703 214.878546 210.436280 206.038638 199.093219 189.947716 180.395245 173.086451 169.340084 164.613879 158.191005 149.004193 138.468945 124.525376
