tests/Borden05m/data_simulated/sim_1/output-maps/psiliqL0028N0013.asc
ncols         160
nrows         34
xllcorner     620200.000000
yllcorner     5168000.000000
cellsize      0.500000
NODATA_value  -9999.0
[rows 0 to 24 of 34, columns 55 to 109 of 160]
-9999.0 -9999.0 -9999.0 -9999.0 -9999.0 -9999.0 -9999.0 -9999.0 -9999.0 -9999.0 -9999.0 -9999.0 -9999.0 -9999.0 -9999.0 -9999.0 -9999.0 -9999.0 -9999.0 -9999.0 -9999.0 -9999.0 -9999.0 -9999.0 -9999.0 -9999.0 -9999.0 -9999.0 -9999.0 -9999.0 -9999.0 -9999.0 -9999.0 -9999.0 -9999.0 -9999.0 -9999.0 -9999.0 -9999.0 -9999.0 -9999.0 -9999.0 -9999.0 -9999.0 -9999.0 -9999.0 -9999.0 -9999.0 -9999.0 -9999.0 -9999.0 -9999.0 -9999.0 -9999.0 -9999.0
-9999.0 -9999.0 -9999.0 -9999.0 3797.616426 3792.342757 3787.643296 3783.186331 3774.726789 3765.397264 3757.615819 3753.392339 3752.178117 3751.313651 3750.620580 3755.389381 3763.408669 3770.969350 3777.752361 3780.118762 3782.403900 3784.152191 3784.300708 3783.132015 3779.849379 3776.450638 3773.022871 3771.259332 3763.994640 3752.890902 3744.647112 3741.958572 3746.085767 3750.396631 3752.842017 3757.902143 3768.215140 3778.766698 3787.340743 3799.997629 3807.187048 3812.555427 3815.072196 3811.091626 3807.856385 3803.852306 3797.544439 3786.435333 -9999.0 -9999.0 -9999.0 -9999.0 -9999.0 -9999.0 -9999.0
3742.560302 3760.886517 3781.985059 3785.056492 3773.250871 3768.128161 3764.993002 3763.366668 3759.198443 3750.712095 3745.592494 3740.067950 3737.259706 3737.209477 3737.006609 3740.537269 3751.324666 3759.022325 3763.482055 3766.072783 3768.892500 3767.058093 3766.177434 3765.906288 3762.945843 3759.396119 3755.963739 3754.056202 3755.641296 3748.021935 3741.925506 3737.935806 3734.762779 3737.526420 3740.255471 3745.016228 3754.116909 3761.965715 3769.897224 3785.200952 3798.497274 3804.260515 3801.711787 3797.191114 3793.377304 3785.855742 3774.994505 3765.065666 3757.240224 3751.306072 3746.001512 3739.499706 3746.019156 3754.127064 3763.395163
3725.735842 3744.874420 3765.328656 3767.809590 3757.584833 3749.913283 3742.753746 3743.283904 3746.888976 3743.661985 3738.769666 3730.488732 3740.689453 3741.575088 3742.126560 3745.209079 3746.806801 3752.154388 3754.434646 3759.681066 3768.571737 3771.316726 3771.658621 3771.611449 3769.528088 3766.178365 3764.119396 3761.249428 3755.901280 3753.948342 3753.460472 3751.984224 3755.911932 3757.425264 3760.513777 3755.205529 3759.761105 3766.018565 3773.005431 3778.365081 3784.426115 3786.731743 3783.447398 3784.285069 3775.977043 3762.387588 3752.773696 3745.522907 3746.148375 3743.293729 3735.416679 3721.597812 3730.160114 3746.429459 3751.307734
3730.161314 3738.987251 3749.299196 3751.668670 3746.579933 3748.878904 3750.635922 3751.732423 3749.764685 3746.073822 3741.248898 3751.263092 3759.306708 3760.538585 3762.795625 3766.695188 3767.681870 3756.898135 3754.841044 3761.862424 3771.319693 3776.281571 3776.369282 3775.870439 3771.848711 3770.584003 3770.328850 3768.524695 3767.746009 3769.109363 3766.252251 3768.895352 3774.313058 3777.679853 3772.864045 3764.567209 3767.037495 3775.605372 3784.886270 3792.518657 3802.609706 3813.301562 3813.799150 3809.476820 3801.075855 3788.836123 3766.578193 3749.432133 3738.502743 3730.431053 3723.216877 3726.738918 3721.850344 3736.151152 3738.041571
3714.211894 3735.439974 3755.244796 3760.721318 3754.651537 3751.072404 3750.014695 3750.561305 3749.341837 3749.323475 3757.373965 3768.773790 3779.386883 3781.178223 3782.792678 3781.294177 3773.948074 3763.559286 3760.994409 3773.933467 3790.665516 3798.385396 3797.642034 3792.670511 3795.110828 3795.430646 3796.257853 3793.118045 3793.597362 3790.536242 3795.218590 3802.893741 3810.990294 3809.695639 3797.239392 3784.755983 3784.922273 3790.814504 3798.351965 3806.148436 3816.281825 3825.300528 3820.546319 3815.721798 3808.787805 3783.667912 3761.771361 3747.916850 3748.319374 3749.232814 3744.941472 3743.173496 3742.726791 3739.170070 3739.584729
3749.327685 3768.186631 3788.400990 3800.862858 3794.594886 3787.192489 3779.000342 3779.089558 3779.020790 3784.446423 3794.342534 3806.282822 3827.577115 3826.461593 3826.427528 3824.420819 3811.205490 3797.812934 3788.006264 3810.726773 3821.867997 3828.752174 3825.451617 3829.773029 3838.190197 3834.758984 3828.732968 3816.375242 3821.859084 3827.482969 3842.642424 3850.769251 3856.283110 3851.173751 3836.829346 3829.895973 3831.899981 3839.048361 3840.811787 3850.120717 3858.639782 3873.529271 3872.055922 3869.627234 3850.130270 3813.074272 3784.532113 3773.146287 3785.444373 3779.980453 3773.647671 3774.134035 3763.573635 3757.009489 3760.015125
3779.462644 3792.243644 3808.179863 3824.466301 3814.962721 3804.893463 3787.899211 3784.358348 3788.005233 3798.193648 3815.486205 3832.718187 3852.060334 3849.278907 3841.213928 3850.887154 3843.824634 3832.746254 3825.343228 3848.390734 3858.191068 3868.196173 3873.305578 3885.959049 3896.238131 3878.639341 3860.779858 3849.552500 3856.876775 3883.428700 3906.686206 3911.467614 3910.201745 3909.107754 3892.794123 3888.221474 3885.315394 3886.511165 3884.363520 3882.815707 3909.261198 3931.575372 3931.527800 3910.172885 3887.524953 3847.260650 3809.355300 3786.111867 3801.094647 3797.553198 3801.446501 3792.032449 3780.834781 3775.080045 3773.646833
3826.638064 3847.213848 3863.089234 3885.185825 3874.636995 3850.647427 3833.425869 3835.742219 3849.505844 3857.805295 3876.870314 3893.012320 3918.067269 3928.883711 3939.008831 3942.979342 3936.161530 3927.695625 3915.864379 3922.282746 3947.325335 3958.968549 3966.987523 3975.066679 3987.792946 3987.380423 3979.788190 3977.745994 3982.327679 3996.863912 4012.244068 4019.036816 4021.752185 4023.914933 4009.171055 3995.808552 3994.463360 3989.487615 3989.077533 3988.531262 4001.350797 4023.348774 4019.865855 3981.535260 3954.525926 3918.767492 3879.910377 3850.630718 3846.031360 3866.928178 3865.990727 3849.926532 3840.690503 3815.959699 3812.469581
3893.988316 3926.811959 3950.913493 3960.675914 3967.374884 3951.164471 3948.625934 3952.953676 3961.651712 3964.628512 3970.991567 4003.584381 4037.433693 4061.975132 4084.692528 4091.753479 4079.163432 4069.399295 4055.627390 4046.939866 4059.153508 4076.977295 4094.898272 4109.780199 4121.182555 4123.032502 4121.395661 4121.428697 4124.750335 4127.783945 4132.351404 4141.265369 4149.021738 4157.495814 4165.057990 4153.834361 4136.742190 4127.920432 4119.607878 4119.444690 4121.240733 4125.928291 4127.093683 4108.706563 4064.674198 4032.239921 3999.776046 3981.360052 3969.096749 3970.792570 3952.516416 3927.579576 3874.955519 3837.790864 3806.790756
3978.335168 4023.480297 4052.892842 4069.239203 4081.783347 4077.987073 4079.912928 4080.829533 4084.364272 4086.403453 4088.537753 4116.308880 4158.994889 4199.141194 4230.950965 4230.231782 4215.756915 4204.266496 4195.382082 4180.333445 4176.313073 4189.890664 4206.177213 4227.343931 4237.675675 4243.183815 4239.417078 4239.614115 4241.689184 4244.118898 4246.353783 4250.336524 4260.534958 4276.295282 4291.467285 4290.244155 4270.164154 4251.924547 4236.037203 4234.328059 4232.429559 4227.555330 4230.209709 4232.187893 4214.566553 4181.818118 4140.851100 4100.376141 4084.965920 4070.520748 4059.673165 4042.212814 3998.665854 3928.869241 3887.522002
4094.365688 4130.221303 4159.630805 4190.286158 4204.728862 4206.170474 4203.236555 4201.644526 4208.771594 4210.999235 4215.984972 4232.756851 4266.842892 4303.952313 4334.546056 4349.795988 4341.258120 4322.215922 4298.970999 4288.226943 4284.994753 4288.970772 4299.143324 4313.066859 4333.526315 4353.793078 4359.688713 4360.612245 4357.874506 4360.396802 4362.074638 4362.215212 4365.547060 4374.876583 4385.391871 4388.946806 4380.496306 4358.253425 4333.903701 4322.989549 4316.795403 4313.502814 4315.008705 4320.838362 4324.658331 4309.000885 4271.595678 4225.310542 4195.525163 4181.259252 4168.693948 4154.162651 4141.062805 4105.123695 4083.124413
4205.044206 4220.934471 4250.149086 4279.786615 4302.434395 4317.018018 4316.839157 4319.484277 4324.382214 4331.353972 4346.508748 4370.984266 4391.350245 4415.466947 4443.465661 4460.697762 4465.927740 4463.834596 4459.136631 4460.209017 4460.612636 4388.930851 4395.990403 4403.039605 4422.541694 4439.744977 4446.042121 4446.769632 4443.867013 4445.889723 4446.762813 4446.601115 4446.221431 4449.106160 4454.898075 4457.111722 4454.375091 4440.269356 4462.122857 4441.260183 4427.331001 4418.866746 4410.402562 4402.106398 4392.567449 4382.443366 4361.247209 4329.083189 4294.004649 4273.306497 4265.802382 4259.488256 4250.299427 4244.227369 4226.440741
4304.613827 4315.247600 4334.291751 4357.915934 4393.698553 4418.390786 4430.181022 4439.812978 4444.565131 4459.042852 4476.617852 4458.017022 4467.525297 4477.364599 4487.140987 4490.498281 4491.459553 4491.015996 4488.571986 4487.685311 4485.070469 4481.852338 4471.120021 4472.759032 4474.818651 4477.474927 4481.269942 4480.215347 4481.375196 4484.345924 4482.515785 4476.315821 4472.105059 4470.525089 4471.656925 4479.189792 4482.777863 4483.781229 4479.833889 4478.830932 4477.690869 4473.798783 4468.939586 4462.089548 4453.327003 4470.912715 4458.243213 4428.807584 4386.477138 4343.396558 4336.829666 4339.723287 4339.280557 4337.830079 4332.081857
4434.927130 4449.223382 4464.632224 4437.810223 4463.377886 4476.462418 4482.580518 4487.112702 4490.060242 4493.706855 4490.746313 4487.827499 4482.865106 4481.206629 4479.822508 4477.352294 4477.970594 4476.080406 4471.950330 4467.752742 4459.379610 4447.554561 4436.371885 4432.543017 4436.783233 4442.564372 4447.935849 4452.705694 4456.541896 4456.290310 4450.614307 4441.992089 4434.281335 4432.673728 4439.683708 4445.502539 4452.367677 4453.300747 4451.897372 4449.274575 4448.910891 4445.423325 4445.563419 4452.832887 4468.047565 4470.078317 4476.832788 4475.870892 4456.818729 4422.319271 4438.291334 4418.046591 4424.567340 4419.837116 4408.312271
4481.673645 4484.844851 4482.978754 4482.038703 4475.520064 4469.363495 4468.550678 4472.606285 4479.720913 4480.718108 4473.593490 4464.868427 4457.493956 4449.830285 4447.380883 4446.949349 4446.763105 4447.338385 4441.993401 4432.247387 4414.717100 4403.056210 4391.963080 4386.004243 4381.746336 4384.849172 4396.484215 4409.336996 4414.500847 4404.548889 4395.795641 4383.627323 4375.502700 4375.996194 4376.751462 4386.434347 4404.073356 4412.374878 4413.215678 4406.405723 4399.430746 4392.582506 4389.277083 4395.685831 4411.219838 4428.519604 4444.759303 4454.251914 4462.159341 4469.510338 4466.690689 4469.827845 4471.554067 4469.116872 4473.126137
4476.378106 4469.252497 4462.128288 4456.718274 4450.256243 4444.996144 4443.091719 4444.814291 4446.498646 4442.162554 4435.781703 4425.727013 4414.559902 4404.760150 4396.729801 4397.768619 4400.147972 4401.953738 4394.385639 4378.679617 4360.612020 4347.006753 4333.052526 4329.085995 4322.908039 4314.408040 4324.448722 4344.877739 4352.564781 4335.799743 4324.621307 4309.116819 4302.679207 4298.451542 4299.067663 4307.934078 4331.178645 4356.538630 4358.874454 4347.622928 4336.430035 4331.756252 4328.450638 4332.749511 4349.337686 4370.582621 4387.176183 4397.964307 4403.336721 4411.154285 4420.627546 4435.504085 4450.842843 4463.619836 4467.496605
4450.814428 4443.008072 4435.293984 4427.592718 4420.651804 4414.383338 4410.020807 4408.037999 4403.738071 4397.524506 4390.402614 4368.168203 4355.539816 4342.279521 4326.950245 4322.869259 4317.581802 4318.474964 4306.807463 4299.265086 4283.160645 4267.752043 4252.063482 4238.000624 4232.260834 4225.341558 4222.304760 4235.363078 4243.680311 4235.014739 4225.437164 4215.260625 4211.107500 4207.735452 4210.373329 4220.909234 4239.960221 4258.302171 4267.151706 4260.005513 4259.666019 4260.315422 4258.754181 4265.346316 4275.494895 4293.222372 4316.168672 4335.987181 4346.151336 4352.964735 4362.107291 4376.690712 4391.008030 4405.616393 4424.012269
4420.110364 4410.699740 4400.681146 4390.828022 4380.220968 4369.555727 4362.874529 4365.760535 4359.762765 4354.195030 4329.696836 4272.397354 4250.454444 4231.147890 4214.569781 4207.510328 4198.742098 4180.656817 4172.029553 4167.964500 4172.138260 4158.457747 4140.900336 4122.823254 4117.981627 4114.577867 4095.273503 4088.522265 4088.468276 4107.569584 4101.818999 4101.627605 4104.498664 4102.168683 4103.049720 4115.656845 4122.464768 4126.906820 4133.898693 4140.262491 4151.833932 4160.503931 4172.344120 4189.967858 4200.419522 4215.370692 4235.607949 4261.889636 4278.006035 4287.610584 4297.972452 4313.292023 4329.469978 4347.411330 4369.969963
4385.152773 4367.957539 4353.091876 4338.621838 4325.807398 4312.822487 4296.301619 4298.320001 4296.377350 4285.590120 4227.476509 4186.930319 4152.627278 4135.558497 4111.460170 4097.324066 4079.650984 4038.352042 4020.140884 4020.984743 4038.185847 4036.142205 4021.257898 4009.898511 4000.196455 3990.206958 3971.349412 3950.238904 3956.666347 3976.690529 3978.974698 3983.570521 3992.402522 3992.220249 3984.737638 3980.069407 3991.579189 3996.464068 4008.061332 4027.316323 4032.473508 4050.793905 4086.467603 4099.197095 4114.255059 4132.275134 4152.373521 4174.345868 4197.475404 4211.725251 4227.037938 4245.400666 4262.034889 4282.254436 4304.673930
4333.268197 4301.385823 4279.865137 4262.251497 4242.649712 4214.212956 4194.218718 4191.918369 4185.849465 4154.394935 4100.544546 4065.956864 4044.006932 4022.275500 3999.507026 3974.534611 3934.698418 3899.175756 3877.001170 3895.336718 3907.652292 3921.983418 3911.278523 3901.056144 3891.659529 3872.626166 3855.460206 3837.868079 3849.546403 3858.280282 3879.976387 3887.757305 3891.791289 3898.547216 3897.026075 3884.654021 3876.949448 3884.795543 3894.529810 3906.882044 3930.428783 3967.463131 3992.266950 4010.699793 4031.035285 4049.224954 4070.081025 4092.630768 4115.496854 4132.486705 4150.549247 4168.653294 4189.273652 4207.807507 4230.011735
4250.352385 4222.130930 4195.977923 4172.768073 4139.884092 4091.746564 4077.436679 4068.383103 4044.285664 3994.095349 3952.613166 3935.280460 3925.016233 3902.313365 3882.182438 3852.833860 3818.410629 3798.143662 3777.692441 3789.242210 3800.659111 3823.215188 3815.464646 3809.928230 3807.911897 3792.570296 3779.555756 3762.677925 3768.732069 3781.547942 3806.720791 3813.260185 3817.630314 3827.694104 3827.027884 3821.772958 3801.904910 3808.060208 3818.856586 3833.695669 3865.570344 3887.537015 3909.446030 3931.106180 3949.998618 3970.994305 3992.520520 4014.907460 4041.139150 4060.354413 4078.950139 4100.065635 4118.564795 4131.607843 4146.370844
4140.124271 4116.798326 4098.182739 4074.236269 4029.938975 3986.032963 3943.580575 3914.324156 3858.654663 3823.626898 3807.128120 3810.527002 3800.418629 3782.154037 3764.602844 3746.493404 3726.322275 3709.169183 3684.414162 3690.784347 3707.984830 3726.299500 3729.846709 3732.345506 3731.655322 3723.155779 3709.968852 3696.465624 3700.334429 3718.042358 3736.417900 3747.241669 3755.286121 3763.071518 3762.610646 3752.181372 3741.487447 3745.744226 3761.132459 3776.877212 3793.104031 3812.746658 3832.653464 3852.384375 3874.160135 3895.890458 3917.857696 3941.783034 3967.824659 3988.688305 4011.620160 4035.231751 4050.381591 4057.623420 4063.257852
4036.773107 4018.839660 3996.440301 3969.033587 3927.088510 3888.377092 3848.351811 3799.395480 3766.961808 3739.811665 3736.610339 3723.293878 3712.485298 3700.285008 3681.426053 3667.041304 3654.459345 3634.392674 3627.264701 3635.755422 3649.875819 3657.691721 3666.058161 3664.666974 3662.971466 3658.227485 3644.513259 3642.119140 3652.656937 3667.839175 3681.215631 3693.150111 3700.043002 3704.786044 3701.481316 3691.818859 3689.382356 3697.258439 3712.305409 3724.881422 3738.254607 3757.736506 3776.368255 3796.729344 3817.913299 3838.550737 3861.622438 3885.423344 3910.242562 3936.534671 3957.518637 3974.169894 3981.176729 3988.965194 3985.596192
3912.855061 3903.527302 3878.434347 3850.667049 3823.194656 3792.503283 3770.881730 3741.301771 3712.996528 3685.839565 3661.384194 3651.870678 3648.191386 3637.484495 3622.658204 3613.472499 3599.571425 3592.659239 3601.327421 3602.765933 3610.474945 3608.225425 3609.757984 3607.951119 3607.903844 3606.649465 3602.081099 3615.463745 3621.750490 3634.756702 3644.498687 3654.206383 3659.721783 3662.941525 3664.208345 3660.355813 3666.538027 3671.846991 3684.665753 3694.909037 3707.068444 3725.644489 3741.106793 3758.413093 3779.043365 3800.373265 3822.446609 3846.433418 3872.846916 3895.739633 3911.350618 3915.800893 3922.960457 3921.693678 3907.637051
