tests/Borden05m/data_simulated/sim_1/output-maps/psiliqL0026N0007.asc
ncols         160
nrows         34
xllcorner     620200.000000
yllcorner     5168000.000000
cellsize      0.500000
NODATA_value  -9999.0
[rows 0 to 24 of 34, columns 0 to 54 of 160]
-9999.0 -9999.0 -9999.0 -9999.0 -9999.0 -9999.0 -9999.0 -9999.0 -9999.0 -9999.0 -9999.0 -9999.0 -9999.0 -9999.0 -9999.0 -9999.0 -9999.0 -9999.0 -9999.0 -9999.0 -9999.0 -9999.0 -9999.0 -9999.0 -9999.0 -9999.0 -9999.0 -9999.0 -9999.0 -9999.0 -9999.0 -9999.0 -9999.0 -9999.0 -9999.0 -9999.0 -9999.0 -9999.0 -9999.0 -9999.0 -9999.0 -9999.0 -9999.0 -9999.0 -9999.0 -9999.0 -9999.0 -9999.0 -9999.0 -9999.0 -9999.0 -9999.0 -9999.0 -9999.0 -9999.0
-9999.0 -9999.0 -9999.0 -9999.0 -9999.0 -9999.0 -9999.0 -9999.0 -9999.0 -9999.0 -9999.0 -9999.0 -9999.0 -9999.0 -9999.0 -9999.0 -9999.0 -9999.0 -9999.0 -9999.0 -9999.0 -9999.0 -9999.0 -9999.0 -9999.0 -9999.0 -9999.0 -9999.0 -9999.0 -9999.0 -9999.0 -9999.0 -9999.0 -9999.0 -9999.0 -9999.0 -9999.0 -9999.0 -9999.0 -9999.0 -9999.0 -9999.0 -9999.0 -9999.0 -9999.0 -9999.0 -9999.0 -9999.0 -9999.0 -9999.0 -9999.0 -9999.0 -9999.0 -9999.0 -9999.0
-9999.0 -9999.0 -9999.0 -9999.0 -9999.0 -9999.0 -9999.0 -9999.0 -9999.0 -9999.0 -9999.0 -9999.0 -9999.0 -9999.0 -9999.0 -9999.0 -9999.0 -9999.0 -9999.0 -9999.0 -9999.0 -9999.0 -9999.0 -9999.0 -9999.0 -9999.0 -9999.0 -9999.0 -9999.0 -9999.0 -9999.0 -9999.0 -9999.0 -9999.0 -9999.0 -9999.0 -9999.0 -9999.0 -9999.0 -9999.0 -9999.0 -9999.0 -9999.0 -9999.0 -9999.0 -9999.0 -9999.0 3273.145354 3255.931892 3242.476921 3237.557131 3258.350802 3281.188313 3304.774338 3325.072672
-9999.0 -9999.0 -9999.0 -9999.0 -9999.0 -9999.0 -9999.0 -9999.0 -9999.0 -9999.0 -9999.0 -9999.0 -9999.0 -9999.0 -9999.0 -9999.0 -9999.0 -9999.0 -9999.0 -9999.0 -9999.0 -9999.0 -9999.0 -9999.0 -9999.0 -9999.0 -9999.0 -9999.0 -9999.0 -9999.0 -9999.0 -9999.0 -9999.0 -9999.0 -9999.0 -9999.0 -9999.0 -9999.0 -9999.0 -9999.0 3324.194806 3330.018414 3329.596925 3319.602102 3308.102582 3294.196983 3273.441593 3256.241487 3243.118198 3241.065247 3243.287892 3245.628116 3265.948815 3291.115531 3310.780398
-9999.0 -9999.0 -9999.0 -9999.0 -9999.0 -9999.0 -9999.0 -9999.0 -9999.0 -9999.0 -9999.0 -9999.0 -9999.0 -9999.0 -9999.0 -9999.0 -9999.0 -9999.0 -9999.0 -9999.0 -9999.0 -9999.0 -9999.0 -9999.0 -9999.0 -9999.0 -9999.0 -9999.0 -9999.0 -9999.0 -9999.0 -9999.0 -9999.0 -9999.0 3232.370990 3249.136074 3266.852968 3285.209354 3301.994363 3308.906924 3314.636253 3319.813134 3314.953331 3310.316792 3298.362796 3277.022676 3257.520324 3244.607478 3243.488202 3240.831120 3244.063301 3255.216348 3271.485909 3286.094347 3306.258123
-9999.0 -9999.0 -9999.0 -9999.0 -9999.0 -9999.0 -9999.0 -9999.0 -9999.0 -9999.0 -9999.0 -9999.0 -9999.0 -9999.0 -9999.0 -9999.0 -9999.0 -9999.0 -9999.0 -9999.0 -9999.0 -9999.0 -9999.0 -9999.0 -9999.0 -9999.0 -9999.0 -9999.0 3238.854764 3232.772642 3227.765372 3225.948248 3224.241437 3223.063505 3229.525225 3240.363795 3257.088255 3278.914980 3291.953517 3298.974871 3305.640672 3305.706436 3299.476193 3297.450308 3297.610045 3284.570634 3271.917727 3260.049861 3248.415160 3244.841175 3253.300015 3267.129534 3282.912401 3297.030231 3311.823726
-9999.0 -9999.0 -9999.0 -9999.0 -9999.0 -9999.0 -9999.0 -9999.0 -9999.0 -9999.0 -9999.0 -9999.0 -9999.0 -9999.0 -9999.0 -9999.0 -9999.0 -9999.0 -9999.0 -9999.0 -9999.0 -9999.0 -9999.0 3209.513097 3214.249297 3220.559446 3228.000074 3228.732414 3225.267588 3219.667182 3216.728074 3215.000569 3212.369170 3216.564624 3223.160701 3235.683320 3250.492519 3272.375040 3280.177262 3283.956191 3294.841785 3298.145526 3305.590425 3309.011594 3306.626203 3302.006897 3286.518265 3274.350966 3275.873176 3279.257825 3285.535859 3293.301588 3306.198797 3319.260735 3333.861196
-9999.0 -9999.0 -9999.0 -9999.0 -9999.0 -9999.0 -9999.0 -9999.0 -9999.0 -9999.0 -9999.0 -9999.0 -9999.0 -9999.0 -9999.0 -9999.0 -9999.0 -9999.0 -9999.0 3185.343914 3186.285960 3187.633686 3192.308634 3192.496653 3194.014093 3200.478560 3208.152305 3210.731678 3208.152346 3206.809050 3207.692416 3209.786538 3213.790456 3223.630257 3236.362339 3249.587782 3261.631653 3281.535530 3295.147780 3306.639246 3321.100489 3320.891871 3316.628278 3314.286763 3313.487341 3311.102162 3308.643501 3306.870096 3312.282159 3312.112328 3314.775086 3323.119085 3334.318192 3349.948039 3366.569633
-9999.0 -9999.0 -9999.0 -9999.0 -9999.0 -9999.0 -9999.0 -9999.0 -9999.0 -9999.0 -9999.0 -9999.0 -9999.0 -9999.0 -9999.0 -9999.0 3156.603008 3158.231414 3160.428408 3165.769495 3169.282506 3172.961752 3179.634607 3180.700172 3183.660339 3190.217531 3194.083591 3202.780251 3210.514538 3216.849586 3221.868780 3223.383085 3228.882194 3237.010486 3247.293074 3259.971551 3278.828600 3301.234929 3315.779070 3331.350049 3347.503862 3347.058715 3344.354229 3343.625809 3341.167429 3341.506785 3354.820852 3356.996199 3350.727570 3359.356653 3370.108168 3371.951831 3377.909483 3396.688966 3417.900555
-9999.0 -9999.0 -9999.0 -9999.0 -9999.0 -9999.0 -9999.0 -9999.0 -9999.0 -9999.0 -9999.0 -9999.0 -9999.0 3107.433330 3111.207254 3121.202980 3132.510431 3135.302680 3139.968984 3146.353522 3158.069542 3161.228152 3166.652953 3173.192688 3185.023872 3192.842006 3200.710445 3211.439262 3218.362361 3224.155265 3229.319966 3230.937970 3241.092919 3253.726570 3266.697590 3284.409571 3304.947514 3322.024081 3338.862460 3353.969922 3364.408990 3360.650621 3358.758508 3359.801364 3363.385484 3375.204277 3390.590614 3389.967174 3398.548887 3417.958581 3427.165470 3433.512929 3438.695324 3451.639910 3472.280222
-9999.0 -9999.0 -9999.0 -9999.0 -9999.0 -9999.0 -9999.0 -9999.0 -9999.0 -9999.0 3081.140495 3082.377341 3078.314997 3075.202924 3080.646537 3092.611295 3106.775472 3111.834055 3123.352836 3144.183851 3162.279889 3164.603089 3177.151551 3186.328138 3191.978916 3200.537772 3211.999451 3222.569979 3236.385806 3246.421655 3253.569324 3268.227539 3282.279117 3296.691012 3312.181851 3330.903493 3345.479925 3367.693605 3391.110017 3398.465500 3414.159347 3415.954257 3410.824449 3407.976459 3416.119195 3426.161675 3439.838012 3454.436648 3471.812056 3492.669354 3502.090984 3514.078450 3522.300823 3531.880385 3546.446917
-9999.0 -9999.0 -9999.0 -9999.0 -9999.0 -9999.0 -9999.0 -9999.0 3056.881726 3064.743970 3069.724499 3065.986069 3060.976339 3054.528941 3068.632302 3083.414845 3098.547963 3116.159086 3130.912683 3148.312251 3161.225040 3174.849432 3193.621379 3203.020483 3212.143450 3225.586708 3236.964151 3250.111371 3268.834909 3275.073784 3284.557993 3302.252468 3316.263938 3331.408970 3347.854925 3362.696338 3381.522493 3410.232594 3437.743758 3452.783067 3477.529021 3493.682999 3487.253107 3484.777484 3485.286950 3507.304818 3532.457357 3560.425391 3578.490209 3601.048153 3628.404634 3646.638993 3655.464059 3666.163155 3679.599189
-9999.0 -9999.0 -9999.0 -9999.0 -9999.0 -9999.0 3028.824493 3052.900820 3067.647896 3058.513034 3043.758309 3037.951985 3031.082672 3061.177612 3082.761150 3099.223282 3114.958635 3131.451253 3146.559734 3153.849677 3182.081570 3200.099876 3210.548611 3222.417950 3235.323279 3248.165693 3262.793624 3282.506728 3298.510818 3319.036020 3333.830495 3348.920650 3371.031614 3386.903687 3402.411219 3414.811109 3441.125183 3474.548560 3507.935825 3531.412944 3554.951375 3585.427813 3584.822318 3586.228053 3587.546286 3610.440666 3643.353496 3672.402199 3703.600541 3733.582393 3761.243098 3771.424716 3780.120536 3789.754476 3801.992313
-9999.0 -9999.0 -9999.0 -9999.0 2997.097304 3017.600585 3035.758570 3065.252952 3086.583645 3080.908878 3084.536104 3081.736231 3076.456840 3080.525447 3087.656128 3103.778052 3121.701002 3139.955357 3153.012833 3178.787650 3224.066863 3233.774124 3249.591520 3277.539466 3287.100894 3299.601738 3313.656357 3332.715786 3350.076899 3376.062717 3409.221213 3437.270532 3457.508013 3475.667370 3493.660319 3509.698120 3543.516791 3579.384104 3614.059009 3644.800910 3671.082165 3696.362974 3702.840566 3707.489623 3717.154166 3733.692227 3755.791231 3782.837098 3815.798886 3847.448287 3870.469567 3879.545816 3884.690467 3894.044480 3901.542520
-9999.0 -9999.0 -9999.0 2943.897953 2982.067663 3021.226323 3046.268663 3075.774185 3107.295728 3106.427728 3114.164342 3113.140406 3111.191315 3115.554807 3117.718750 3132.907398 3149.589937 3167.865308 3187.661315 3219.860908 3247.783712 3264.576794 3291.009667 3306.124085 3318.067216 3329.677806 3346.795791 3365.677203 3400.763934 3429.646045 3474.548831 3524.022822 3555.375570 3574.208623 3595.735662 3622.381769 3646.757026 3684.547821 3717.929115 3749.453619 3779.221989 3801.074618 3815.245936 3819.772373 3829.057860 3834.757275 3847.298605 3867.966866 3889.919337 3920.100454 3948.952237 3977.195090 3992.127519 4002.921399 4019.745589
-9999.0 -9999.0 2895.600672 2934.946928 2966.009420 3011.555122 3063.896940 3098.189434 3136.698683 3154.720440 3156.958494 3166.615076 3176.025086 3176.033550 3183.797460 3195.336122 3215.912179 3223.510222 3242.429052 3257.457494 3293.819972 3326.871449 3322.798548 3360.371932 3389.383948 3420.547190 3440.593191 3466.194019 3502.770333 3536.128008 3579.771502 3628.721182 3662.516929 3689.946694 3705.310529 3724.912078 3744.871807 3770.483442 3806.426511 3831.903337 3864.875650 3889.949775 3909.369570 3910.367137 3913.041704 3928.894548 3956.605007 3986.764968 4015.066899 4043.391243 4029.232061 4051.667686 4061.689942 4067.281603 4076.073677
-9999.0 -9999.0 2865.296964 2911.650105 2945.908108 3002.718128 3088.339679 3121.766170 3160.821573 3205.142675 3217.904638 3238.178338 3231.449474 3219.916047 3236.566375 3249.950976 3268.970098 3275.428804 3268.779138 3319.835603 3371.344288 3395.792481 3403.079108 3478.124793 3529.004746 3552.074575 3567.865270 3587.493903 3606.906003 3644.831860 3683.808587 3737.365615 3778.152606 3807.533216 3821.747539 3841.203502 3860.356753 3875.251031 3894.403713 3940.202455 3974.788290 4004.924835 4036.186560 4057.232820 4065.260033 4070.077020 4045.450189 4064.196233 4076.909013 4082.391956 4084.563603 4080.792594 4080.216634 4081.030010 4081.956048
-9999.0 2779.864014 2824.395627 2874.565896 2938.555223 2998.560200 3072.680532 3146.726663 3211.557166 3262.384259 3286.591624 3279.190904 3279.204126 3303.751058 3322.175248 3337.914013 3342.349694 3351.428982 3332.125011 3384.136086 3420.402734 3469.700318 3568.296269 3625.599637 3687.028395 3682.964182 3671.373348 3676.354645 3692.322478 3737.982304 3815.535478 3870.626129 3935.064501 3983.006812 3999.669943 4006.877432 4025.249625 4045.726079 3996.159708 4038.011936 4057.269395 4073.338237 4082.242704 4084.457501 4085.694476 4085.464132 4081.787707 4074.788248 4066.625015 4060.789238 4056.562745 4052.059860 4054.495990 4057.822449 4058.030339
-9999.0 2741.481630 2790.847083 2858.758913 2925.751117 2972.359911 3053.356535 3217.917665 3279.050127 3315.774334 3320.591590 3296.494540 3353.590211 3412.353487 3436.049447 3480.202162 3464.383052 3448.913577 3412.188793 3436.924961 3475.154341 3545.203477 3713.771053 3801.413364 3851.846167 3859.732148 3860.631522 3888.540014 3931.988912 3978.503194 4023.359565 3993.351785 4041.507102 4065.202340 4070.153873 4070.846980 4076.163503 4074.734854 4073.248691 4068.817521 4063.668566 4063.831388 4068.422766 4068.264608 4065.306386 4061.931643 4056.234223 4048.811908 4043.607188 4038.978623 4036.319564 4033.479046 4031.526698 4030.806200 4025.966534
-9999.0 2701.067561 2776.052171 2825.544904 2870.975768 2961.228510 3089.391271 3232.149615 3327.249435 3360.148827 3337.457379 3372.142705 3473.671201 3578.490597 3629.912663 3650.459707 3631.375948 3583.460176 3563.680773 3606.636182 3676.233253 3794.290286 3930.851590 4028.936139 4043.985890 4047.288106 4000.459598 4025.656453 4049.010743 4051.782127 4052.878718 4060.656599 4065.720063 4068.654929 4067.088027 4064.195199 4059.380202 4051.189232 4046.383555 4042.702632 4038.931181 4037.771740 4039.770869 4041.588918 4038.769989 4034.873573 4030.396131 4024.817881 4018.510617 4011.749065 4007.434473 4003.181106 4001.047065 3995.514853 3991.991167
-9999.0 2577.239987 2674.001064 2714.701988 2788.749003 2966.175091 3093.367959 3232.380618 3396.054890 3415.657640 3460.351468 3598.184626 3716.167168 3795.632255 3824.210337 3857.320700 3881.597237 3897.419120 3933.764554 3816.289968 3895.691021 3991.769508 4035.704812 4054.756752 4064.371247 4064.735491 4054.886897 4034.103386 4023.367705 4016.611473 4018.220730 4025.498503 4030.177480 4034.966585 4032.663259 4033.716295 4034.799458 4031.571977 4027.552277 4018.831364 4010.979788 4004.285084 4001.030248 4005.726792 4001.070938 3998.700308 3992.506965 3984.068718 3975.121434 3967.744912 3959.781899 3953.217281 3950.982675 3945.971663 3944.780002
-9999.0 2496.393785 2568.971915 2628.217639 2738.509346 2890.535725 2983.310450 3139.784778 3379.232034 3514.185892 3676.503702 3766.440326 3836.334423 3878.275005 3928.443847 3979.925082 4006.550888 4018.049604 3987.580525 4009.395759 3966.757408 3955.722474 3973.165504 4002.185376 4019.205305 4023.257135 4015.381890 4006.189199 3998.924729 3997.800868 3995.632873 3991.579118 3987.465979 3983.880135 3980.739948 3983.698529 3989.002009 3981.889921 3971.628303 3962.181754 3953.666610 3944.446516 3938.495381 3933.846929 3934.210477 3934.475718 3926.844964 3916.353604 3905.500563 3897.214712 3890.019007 3885.516554 3882.848753 3877.885220 3868.263313
-9999.0 2375.649793 2508.942351 2584.878408 2678.601837 2795.006697 2896.969022 3045.723561 3173.900164 3417.217419 3557.628386 3748.391829 3797.657768 3866.971338 3914.311673 3987.129442 3982.590084 3951.174941 3908.126223 3891.930081 3902.914228 3911.855957 3920.134529 3934.657348 3952.272554 3962.357984 3967.297306 3961.234693 3947.026954 3934.602749 3923.547105 3909.914610 3900.539208 3898.064278 3902.056779 3912.020156 3912.556027 3903.250794 3889.142226 3870.932507 3855.341562 3843.549066 3841.535664 3844.296913 3845.386058 3841.330371 3835.521558 3824.772519 3812.187362 3799.789165 3794.101182 3789.768932 3782.378919 3771.187176 3759.348168
-9999.0 -9999.0 2422.868282 2531.192446 2624.169719 2734.800785 2808.412086 2923.943002 3060.572055 3230.282224 3345.774864 3524.791707 3619.252448 3663.076939 3697.040119 3752.600114 3777.681243 3808.698423 3802.816199 3814.381449 3824.139942 3829.403253 3834.677600 3840.455590 3850.948253 3860.733128 3870.906196 3868.100858 3859.269560 3838.798901 3813.184740 3793.261474 3782.787884 3773.564976 3785.636631 3798.161253 3792.682550 3785.777406 3773.149071 3756.949566 3744.384245 3730.157717 3726.709582 3726.646083 3727.255807 3724.965527 3722.453811 3710.049128 3697.817630 3687.947332 3683.952245 3678.375478 3674.826686 3665.069020 3654.530838
-9999.0 -9999.0 2334.295340 2438.143854 2539.759089 2657.026127 2740.966134 2754.081513 2870.072917 2969.788364 3075.953034 3186.121258 3282.095760 3350.158937 3382.705010 3444.597704 3500.361996 3518.558365 3558.362822 3611.852301 3645.866435 3684.961596 3707.805009 3717.221798 3729.680526 3744.059430 3751.501012 3736.305821 3725.033715 3707.965116 3684.590367 3657.986454 3644.506660 3644.013585 3643.104594 3644.692114 3637.114216 3628.181365 3613.754346 3599.837879 3587.665747 3578.756963 3575.195481 3569.677651 3567.425186 3564.736767 3563.067841 3557.854450 3549.635955 3545.094797 3536.981356 3533.313689 3532.574848 3529.576422 3523.921723
