tests/Borden05m/data_simulated/sim_1/output-maps/psiliqL0026N0019.asc
ncols         160
nrows         34
xllcorner     620200.000000
yllcorner     5168000.000000
cellsize      0.500000
NODATA_value  -9999.0
[rows 0 to 24 of 34, columns 0 to 54 of 160]
-9999.0 -9999.0 -9999.0 -9999.0 -9999.0 -9999.0 -9999.0 -9999.0 -9999.0 -9999.0 -9999.0 -9999.0 -9999.0 -9999.0 -9999.0 -9999.0 -9999.0 -9999.0 -9999.0 -9999.0 -9999.0 -9999.0 -9999.0 -9999.0 -9999.0 -9999.0 -9999.0 -9999.0 -9999.0 -9999.0 -9999.0 -9999.0 -9999.0 -9999.0 -9999.0 -9999.0 -9999.0 -9999.0 -9999.0 -9999.0 -9999.0 -9999.0 -9999.0 -9999.0 -9999.0 -9999.0 -9999.0 -9999.0 -9999.0 -9999.0 -9999.0 -9999.0 -9999.0 -9999.0 -9999.0
-9999.0 -9999.0 -9999.0 -9999.0 -9999.0 -9999.0 -9999.0 -9999.0 -9999.0 -9999.0 -9999.0 -9999.0 -9999.0 -9999.0 -9999.0 -9999.0 -9999.0 -9999.0 -9999.0 -9999.0 -9999.0 -9999.0 -9999.0 -9999.0 -9999.0 -9999.0 -9999.0 -9999.0 -9999.0 -9999.0 -9999.0 -9999.0 -9999.0 -9999.0 -9999.0 -9999.0 -9999.0 -9999.0 -9999.0 -9999.0 -9999.0 -9999.0 -9999.0 -9999.0 -9999.0 -9999.0 -9999.0 -9999.0 -9999.0 -9999.0 -9999.0 -9999.0 -9999.0 -9999.0 -9999.0
-9999.0 -9999.0 -9999.0 -9999.0 -9999.0 -9999.0 -9999.0 -9999.0 -9999.0 -9999.0 -9999.0 -9999.0 -9999.0 -9999.0 -9999.0 -9999.0 -9999.0 -9999.0 -9999.0 -9999.0 -9999.0 -9999.0 -9999.0 -9999.0 -9999.0 -9999.0 -9999.0 -9999.0 -9999.0 -9999.0 -9999.0 -9999.0 -9999.0 -9999.0 -9999.0 -9999.0 -9999.0 -9999.0 -9999.0 -9999.0 -9999.0 -9999.0 -9999.0 -9999.0 -9999.0 -9999.0 -9999.0 3273.338644 3256.127543 3242.676618 3237.761956 3258.561473 3281.405234 3304.997582 3325.302068
-9999.0 -9999.0 -9999.0 -9999.0 -9999.0 -9999.0 -9999.0 -9999.0 -9999.0 -9999.0 -9999.0 -9999.0 -9999.0 -9999.0 -9999.0 -9999.0 -9999.0 -9999.0 -9999.0 -9999.0 -9999.0 -9999.0 -9999.0 -9999.0 -9999.0 -9999.0 -9999.0 -9999.0 -9999.0 -9999.0 -9999.0 -9999.0 -9999.0 -9999.0 -9999.0 -9999.0 -9999.0 -9999.0 -9999.0 -9999.0 3324.372504 3330.198629 3329.781106 3319.790896 3308.296183 3294.395010 3273.642886 3256.443492 3243.323424 3241.275214 3243.503577 3245.850132 3266.177513 3291.351040 3311.022497
-9999.0 -9999.0 -9999.0 -9999.0 -9999.0 -9999.0 -9999.0 -9999.0 -9999.0 -9999.0 -9999.0 -9999.0 -9999.0 -9999.0 -9999.0 -9999.0 -9999.0 -9999.0 -9999.0 -9999.0 -9999.0 -9999.0 -9999.0 -9999.0 -9999.0 -9999.0 -9999.0 -9999.0 -9999.0 -9999.0 -9999.0 -9999.0 -9999.0 -9999.0 3232.531304 3249.299481 3267.021078 3285.382834 3302.173150 3309.090079 3314.821402 3320.002095 3315.147106 3310.515964 3298.567548 3277.232831 3257.735398 3244.826963 3243.712934 3241.061963 3244.300998 3255.461349 3271.738428 3286.354425 3306.525510
-9999.0 -9999.0 -9999.0 -9999.0 -9999.0 -9999.0 -9999.0 -9999.0 -9999.0 -9999.0 -9999.0 -9999.0 -9999.0 -9999.0 -9999.0 -9999.0 -9999.0 -9999.0 -9999.0 -9999.0 -9999.0 -9999.0 -9999.0 -9999.0 -9999.0 -9999.0 -9999.0 -9999.0 3238.993316 3232.914338 3227.911907 3226.100424 3224.399430 3223.226761 3229.691806 3240.535129 3257.265325 3279.098321 3292.143204 3299.170526 3305.841742 3305.913403 3299.689605 3297.670479 3297.837118 3284.804573 3272.158515 3260.297557 3248.670203 3245.104128 3253.571326 3267.409355 3283.200711 3297.327126 3312.128633
-9999.0 -9999.0 -9999.0 -9999.0 -9999.0 -9999.0 -9999.0 -9999.0 -9999.0 -9999.0 -9999.0 -9999.0 -9999.0 -9999.0 -9999.0 -9999.0 -9999.0 -9999.0 -9999.0 -9999.0 -9999.0 -9999.0 -9999.0 3209.636050 3214.375095 3220.689688 3228.135406 3228.872663 3225.411360 3219.815748 3216.882518 3215.161570 3212.537014 3216.739230 3223.341728 3235.871253 3250.687900 3272.578225 3280.388398 3284.175249 3295.068766 3298.380638 3305.833941 3309.263721 3306.886890 3302.276051 3286.796187 3274.638007 3276.169800 3279.564388 3285.852526 3293.627966 3306.533364 3319.604829 3334.212992
-9999.0 -9999.0 -9999.0 -9999.0 -9999.0 -9999.0 -9999.0 -9999.0 -9999.0 -9999.0 -9999.0 -9999.0 -9999.0 -9999.0 -9999.0 -9999.0 -9999.0 -9999.0 -9999.0 3185.508463 3186.455121 3187.808742 3192.486982 3192.629328 3194.146282 3200.616083 3208.295980 3210.881723 3208.308633 3206.972196 3207.863104 3209.965351 3213.977795 3223.826356 3236.567325 3249.801938 3261.855245 3281.768768 3295.390731 3306.892262 3321.363781 3321.165630 3316.912677 3314.581827 3313.792605 3311.416207 3308.968081 3307.205986 3312.629776 3312.471965 3315.146676 3323.500354 3334.687470 3350.325722 3366.942514
-9999.0 -9999.0 -9999.0 -9999.0 -9999.0 -9999.0 -9999.0 -9999.0 -9999.0 -9999.0 -9999.0 -9999.0 -9999.0 -9999.0 -9999.0 -9999.0 3157.410971 3159.060877 3161.286208 3166.625573 3170.170362 3173.883921 3180.555864 3180.945166 3183.810624 3190.370118 3194.243951 3202.948913 3210.691741 3217.035838 3222.064672 3223.589113 3229.098814 3237.238136 3247.532043 3260.222013 3279.090509 3301.508244 3316.062791 3331.645774 3347.812202 3347.379940 3344.688469 3343.972929 3341.525119 3341.854636 3355.178755 3357.366686 3351.111119 3359.753721 3370.518306 3372.358066 3378.002690 3396.763443 3417.975617
-9999.0 -9999.0 -9999.0 -9999.0 -9999.0 -9999.0 -9999.0 -9999.0 -9999.0 -9999.0 -9999.0 -9999.0 -9999.0 3108.165934 3111.966166 3121.997371 3133.338283 3136.166853 3140.872924 3147.297914 3159.057732 3162.262094 3167.724664 3174.197140 3185.245869 3193.019363 3200.896207 3211.635582 3218.569596 3224.373898 3229.550504 3231.180928 3241.348684 3253.995796 3266.980764 3284.706476 3305.256528 3322.344727 3339.177015 3354.296318 3364.749447 3361.005426 3359.127853 3360.184900 3363.767024 3375.292203 3390.661315 3390.039697 3398.623578 3418.035833 3427.245402 3433.594344 3438.758207 3451.703489 3472.345332
-9999.0 -9999.0 -9999.0 -9999.0 -9999.0 -9999.0 -9999.0 -9999.0 -9999.0 -9999.0 3081.770104 3083.036352 3079.015757 3075.947211 3081.435240 3093.448055 3107.661814 3112.771845 3124.343704 3145.228174 3163.376440 3165.751112 3178.254970 3186.627437 3192.179523 3200.745533 3212.219884 3222.803515 3236.632705 3246.682228 3253.844250 3268.517085 3282.582436 3297.010189 3312.517571 3331.253805 3345.824077 3368.036048 3391.189177 3398.529812 3414.225822 3416.023197 3410.896246 3408.051229 3416.195962 3426.221361 3439.898675 3454.499040 3471.872557 3492.731471 3502.155129 3514.144533 3522.368328 3531.949896 3546.515358
-9999.0 -9999.0 -9999.0 -9999.0 -9999.0 -9999.0 -9999.0 -9999.0 3057.439241 3065.332744 3070.357311 3066.666431 3061.710641 3055.321420 3069.486010 3084.332788 3099.532160 3117.210627 3132.030259 3149.487343 3162.404715 3176.043823 3193.950995 3203.246826 3212.377544 3225.836014 3237.229162 3250.392096 3269.131055 3275.384421 3284.885054 3302.594807 3316.602575 3331.763311 3348.227181 3363.070536 3381.609416 3410.302185 3437.797783 3452.838475 3477.586429 3493.739028 3487.311057 3484.837760 3485.349635 3507.369289 3532.524030 3560.491188 3578.503854 3601.058693 3628.415324 3646.649541 3655.474858 3666.174270 3679.610456
-9999.0 -9999.0 -9999.0 -9999.0 -9999.0 -9999.0 3029.299589 3053.407928 3068.202815 3059.118872 3044.422471 3038.680430 3031.881248 3062.051666 3083.714936 3100.259956 3116.079974 3132.655889 3147.833967 3155.083003 3182.426848 3200.398179 3210.800818 3222.681944 3235.605232 3248.466190 3263.112794 3282.843976 3298.862436 3319.383784 3334.194204 3349.286972 3371.116721 3386.973219 3402.483819 3414.886409 3441.184074 3474.605319 3507.994364 3531.473983 3555.012040 3585.440468 3584.832163 3586.238178 3587.556771 3610.451573 3643.364726 3672.413118 3703.608253 3733.590096 3761.250655 3771.426309 3780.121735 3789.755705 3801.993546
-9999.0 -9999.0 -9999.0 -9999.0 2997.499659 3018.024087 3036.226288 3065.770159 3087.160305 3081.553059 3085.256019 3082.538317 3077.345490 3081.508676 3088.739244 3104.964557 3122.991802 3141.340319 3154.362601 3179.166626 3224.332235 3234.053221 3249.888693 3277.855829 3287.438253 3299.960717 3314.036722 3333.114633 3350.455083 3376.150599 3409.292903 3437.344189 3457.565834 3475.723366 3493.718905 3509.759572 3543.577688 3579.396886 3614.069019 3644.811217 3671.092238 3696.370139 3702.847813 3707.497139 3717.161929 3733.700199 3755.799091 3782.838732 3815.800045 3847.449447 3870.470713 3879.546548 3884.691181 3894.045211 3901.543266
-9999.0 -9999.0 -9999.0 2945.446537 2982.642407 3021.663218 3046.748242 3076.316053 3107.911599 3107.127556 3114.958447 3114.031883 3112.145731 3116.615953 3118.895195 3134.202513 3151.002375 3169.330701 3188.080518 3220.156632 3248.092088 3264.907838 3291.361875 3306.478323 3318.442751 3330.076510 3347.216535 3366.101708 3400.862169 3429.706068 3474.606370 3524.082893 3555.435096 3574.221144 3595.745536 3622.392052 3646.767554 3684.555082 3717.936434 3749.460839 3779.223503 3801.075694 3815.247035 3819.773477 3829.059004 3834.758479 3847.299808 3867.967613 3889.920071 3920.101216 3948.952983 3977.195212 3992.127629 4002.921506 4019.745693
-9999.0 -9999.0 2897.144055 2936.540298 2967.589046 3012.092203 3064.402162 3098.766966 3137.361642 3155.455813 3157.798859 3167.524884 3176.295761 3176.287468 3184.080664 3195.650788 3216.258967 3223.885000 3242.754428 3257.798176 3294.165069 3327.239081 3323.173402 3360.459759 3389.457102 3420.623919 3440.670943 3466.274640 3502.833001 3536.188955 3579.784353 3628.731257 3662.526785 3689.953779 3705.317733 3724.919589 3744.879243 3770.484909 3806.427601 3831.904456 3864.876364 3889.950454 3909.370300 3910.367855 3913.042467 3928.895301 3956.605769 3986.765111 4015.066996 4043.391347 4029.232156 4051.667752 4061.689999 4067.281663 4076.073735
-9999.0 -9999.0 2866.852650 2913.260852 2947.559721 3003.282113 3088.874023 3122.380228 3161.475459 3205.340647 3218.099279 3238.401117 3231.654024 3220.146081 3236.826113 3250.240921 3269.290295 3275.778802 3269.153426 3320.198785 3371.430695 3395.864249 3403.150294 3478.180889 3529.063130 3552.133483 3567.878308 3587.504392 3606.916225 3644.842345 3683.815794 3737.372584 3778.154054 3807.534208 3821.748552 3841.204557 3860.357824 3875.251758 3894.404434 3940.203138 3974.788436 4004.924934 4036.186642 4057.232942 4065.260129 4070.077123 4045.450286 4064.196295 4076.909070 4082.392014 4084.563668 4080.792658 4080.216708 4081.030055 4081.956115
-9999.0 2778.582375 2826.124043 2876.210532 2940.258997 2999.257799 3073.248812 3147.327728 3211.738133 3262.528493 3286.761652 3279.391591 3279.434844 3304.002960 3322.459462 3338.231658 3342.700219 3351.810951 3332.519257 3384.229261 3420.461043 3469.754679 3568.308151 3625.608406 3687.037569 3682.973714 3671.380306 3676.361752 3692.329868 3737.989512 3815.536885 3870.627170 3935.065131 3983.006940 3999.670044 4006.877534 4025.249736 4045.726172 3996.159796 4038.012026 4057.269442 4073.338282 4082.242762 4084.457554 4085.694537 4085.464193 4081.787775 4074.788292 4066.625093 4060.789303 4056.562795 4052.059935 4054.496039 4057.822527 4058.030409
-9999.0 2740.164548 2792.768456 2860.468905 2927.594804 2974.274839 3054.030044 3218.083649 3279.180552 3315.930482 3320.779493 3296.707981 3353.824615 3412.410295 3436.100666 3480.259295 3464.446252 3448.982817 3412.262578 3436.983826 3475.212563 3545.215275 3713.777222 3801.414578 3851.847149 3859.733140 3860.632479 3888.540993 3931.989914 3978.503722 4023.359680 3993.351871 4041.507193 4065.202395 4070.153926 4070.847034 4076.163561 4074.734920 4073.248737 4068.817574 4063.668639 4063.831449 4068.422836 4068.264676 4065.306437 4061.931688 4056.234296 4048.811960 4043.607248 4038.978685 4036.319618 4033.479119 4031.526756 4030.806253 4025.966594
-9999.0 2699.672455 2774.540739 2827.644248 2873.091641 2963.270835 3090.096615 3232.294251 3327.381266 3360.309959 3337.641189 3372.188588 3473.712033 3578.498006 3629.918681 3650.466461 3631.383424 3583.468299 3563.689494 3606.644974 3676.242136 3794.291694 3930.852441 4028.936263 4043.985981 4047.288202 4000.459694 4025.656554 4049.010845 4051.782200 4052.878781 4060.656643 4065.720124 4068.654982 4067.088090 4064.195265 4059.380245 4051.189277 4046.383620 4042.702693 4038.931229 4037.771788 4039.770942 4041.588966 4038.770040 4034.873648 4030.396194 4024.817949 4018.510732 4011.749168 4007.434591 4003.181210 4001.047176 3995.514955 3991.991274
-9999.0 2575.758684 2672.372656 2712.754180 2786.413955 2968.466476 3094.112502 3232.557785 3396.085419 3415.685042 3460.381879 3598.190444 3716.171833 3795.633022 3824.210941 3857.321343 3881.597938 3897.419883 3933.765405 3816.290852 3895.691952 3991.769678 4035.704903 4054.756804 4064.371295 4064.735545 4054.886939 4034.103439 4023.367752 4016.611520 4018.220781 4025.498545 4030.177536 4034.966639 4032.663297 4033.716336 4034.799532 4031.572019 4027.552382 4018.831480 4010.979872 4004.285202 4001.030340 4005.726904 4001.071041 3998.700405 3992.507069 3984.068869 3975.122209 3967.745712 3959.782698 3953.218090 3950.983462 3945.972468 3944.780800
-9999.0 2494.836623 2567.257797 2626.190449 2736.081139 2892.917032 2984.247580 3140.514665 3379.298766 3514.205778 3676.508228 3766.442939 3836.335005 3878.275328 3928.444171 3979.925153 4006.550956 4018.049703 3987.580627 4009.395874 3966.757947 3955.723006 3973.165596 4002.185458 4019.205380 4023.257207 4015.381983 4006.189269 3998.924811 3997.800963 3995.632971 3991.579215 3987.466075 3983.880217 3980.740034 3983.698630 3989.002101 3981.890062 3971.629021 3962.182500 3953.667371 3944.447288 3938.496141 3933.847700 3934.211229 3934.476473 3926.845727 3916.354364 3905.501366 3897.215528 3890.019805 3885.517336 3882.849519 3877.886008 3868.264484
-9999.0 2374.034130 2507.110044 2582.756004 2676.039466 2797.771161 2899.484391 3046.811635 3174.133375 3417.255634 3557.635349 3748.396177 3797.658865 3866.971943 3914.312305 3987.129607 3982.590267 3951.175447 3908.126713 3891.930583 3902.914782 3911.856510 3920.135116 3934.657916 3952.273172 3962.358591 3967.297958 3961.235340 3947.027611 3934.603403 3923.547770 3909.915282 3900.539883 3898.064971 3902.057464 3912.020853 3912.556687 3903.251501 3889.142967 3870.933680 3855.342751 3843.550236 3841.536839 3844.298074 3845.387221 3841.331518 3835.522714 3824.773787 3812.188615 3799.790407 3794.102431 3789.770133 3782.380151 3771.188764 3759.355832
-9999.0 -9999.0 2420.844296 2528.919414 2621.382245 2731.323803 2811.623379 2927.121332 3061.858077 3230.570932 3345.882988 3524.841449 3619.273346 3663.085826 3697.048916 3752.603899 3777.684858 3808.702229 3802.817762 3814.382314 3824.140841 3829.404194 3834.678594 3840.456515 3850.949200 3860.734114 3870.907183 3868.101870 3859.270573 3838.799923 3813.185884 3793.262596 3782.789022 3773.566106 3785.637757 3798.162378 3792.683676 3785.778545 3773.150609 3756.957166 3744.392141 3730.165573 3726.717413 3726.653864 3727.263518 3724.973204 3722.461633 3710.060397 3697.828942 3687.958521 3683.963252 3678.386324 3674.837305 3665.079506 3654.541561
-9999.0 -9999.0 2332.156674 2435.695440 2536.839162 2653.309372 2736.242661 2748.300696 2873.928045 2971.627942 3077.434753 3186.755216 3282.436842 3350.312523 3382.857640 3444.672620 3500.427306 3518.625860 3558.392232 3611.861777 3645.875205 3684.970828 3707.814436 3717.228157 3729.686848 3744.065942 3751.507643 3736.312538 3725.040523 3707.972138 3684.600577 3657.996799 3644.516972 3644.023878 3643.114838 3644.702310 3637.124390 3628.191511 3613.764527 3599.849245 3587.677136 3578.768271 3575.206710 3569.688768 3567.436218 3564.747812 3563.082361 3557.922835 3549.706403 3545.164392 3537.049881 3533.381009 3532.640904 3529.641064 3523.984922
