tests/Borden05m/data_simulated/sim_1/output-maps/psiliqL0015N0012.asc
ncols         160
nrows         34
xllcorner     620200.000000
yllcorner     5168000.000000
cellsize      0.500000
NODATA_value  -9999.0
[rows 0 to 24 of 34, columns 0 to 55 of 160]
-9999.0 -9999.0 -9999.0 -9999.0 -9999.0 -9999.0 -9999.0 -9999.0 -9999.0 -9999.0 -9999.0 -9999.0 -9999.0 -9999.0 -9999.0 -9999.0 -9999.0 -9999.0 -9999.0 -9999.0 -9999.0 -9999.0 -9999.0 -9999.0 -9999.0 -9999.0 -9999.0 -9999.0 -9999.0 -9999.0 -9999.0 -9999.0 -9999.0 -9999.0 -9999.0 -9999.0 -9999.0 -9999.0 -9999.0 -9999.0 -9999.0 -9999.0 -9999.0 -9999.0 -9999.0 -9999.0 -9999.0 -9999.0 -9999.0 -9999.0 -9999.0 -9999.0 -9999.0 -9999.0 -9999.0 -9999.0
-9999.0 -9999.0 -9999.0 -9999.0 -9999.0 -9999.0 -9999.0 -9999.0 -9999.0 -9999.0 -9999.0 -9999.0 -9999.0 -9999.0 -9999.0 -9999.0 -9999.0 -9999.0 -9999.0 -9999.0 -9999.0 -9999.0 -9999.0 -9999.0 -9999.0 -9999.0 -9999.0 -9999.0 -9999.0 -9999.0 -9999.0 -9999.0 -9999.0 -9999.0 -9999.0 -9999.0 -9999.0 -9999.0 -9999.0 -9999.0 -9999.0 -9999.0 -9999.0 -9999.0 -9999.0 -9999.0 -9999.0 -9999.0 -9999.0 -9999.0 -9999.0 -9999.0 -9999.0 -9999.0 -9999.0 -9999.0
-9999.0 -9999.0 -9999.0 -9999.0 -9999.0 -9999.0 -9999.0 -9999.0 -9999.0 -9999.0 -9999.0 -9999.0 -9999.0 -9999.0 -9999.0 -9999.0 -9999.0 -9999.0 -9999.0 -9999.0 -9999.0 -9999.0 -9999.0 -9999.0 -9999.0 -9999.0 -9999.0 -9999.0 -9999.0 -9999.0 -9999.0 -9999.0 -9999.0 -9999.0 -9999.0 -9999.0 -9999.0 -9999.0 -9999.0 -9999.0 -9999.0 -9999.0 -9999.0 -9999.0 -9999.0 -9999.0 -9999.0 1097.965467 1080.804249 1065.664658 1063.213729 1085.728376 1109.312438 1133.362471 1154.188904 1172.987688
-9999.0 -9999.0 -9999.0 -9999.0 -9999.0 -9999.0 -9999.0 -9999.0 -9999.0 -9999.0 -9999.0 -9999.0 -9999.0 -9999.0 -9999.0 -9999.0 -9999.0 -9999.0 -9999.0 -9999.0 -9999.0 -9999.0 -9999.0 -9999.0 -9999.0 -9999.0 -9999.0 -9999.0 -9999.0 -9999.0 -9999.0 -9999.0 -9999.0 -9999.0 -9999.0 -9999.0 -9999.0 -9999.0 -9999.0 -9999.0 1145.406811 1151.420829 1152.568907 1142.396281 1131.397070 1119.176829 1099.264084 1081.688129 1067.291964 1065.105917 1068.010334 1072.993528 1095.541589 1120.601464 1140.600836 1157.719275
-9999.0 -9999.0 -9999.0 -9999.0 -9999.0 -9999.0 -9999.0 -9999.0 -9999.0 -9999.0 -9999.0 -9999.0 -9999.0 -9999.0 -9999.0 -9999.0 -9999.0 -9999.0 -9999.0 -9999.0 -9999.0 -9999.0 -9999.0 -9999.0 -9999.0 -9999.0 -9999.0 -9999.0 -9999.0 -9999.0 -9999.0 -9999.0 -9999.0 -9999.0 1052.404302 1069.898694 1088.163739 1106.821003 1123.809997 1130.805339 1136.720917 1142.556387 1138.582536 1134.224578 1123.100361 1103.960184 1084.742422 1071.326467 1069.651183 1067.503982 1072.013760 1084.997279 1102.089291 1118.435963 1139.648797 1163.658066
-9999.0 -9999.0 -9999.0 -9999.0 -9999.0 -9999.0 -9999.0 -9999.0 -9999.0 -9999.0 -9999.0 -9999.0 -9999.0 -9999.0 -9999.0 -9999.0 -9999.0 -9999.0 -9999.0 -9999.0 -9999.0 -9999.0 -9999.0 -9999.0 -9999.0 -9999.0 -9999.0 -9999.0 1055.841487 1050.101648 1045.349706 1044.146501 1043.129625 1042.319829 1049.324887 1061.469078 1079.610043 1101.626497 1114.918914 1122.414708 1129.338558 1130.284494 1125.420732 1123.776277 1124.452377 1112.831246 1101.396351 1090.720252 1080.428008 1079.010186 1088.843402 1103.359445 1119.967039 1135.191664 1151.007847 1161.326072
-9999.0 -9999.0 -9999.0 -9999.0 -9999.0 -9999.0 -9999.0 -9999.0 -9999.0 -9999.0 -9999.0 -9999.0 -9999.0 -9999.0 -9999.0 -9999.0 -9999.0 -9999.0 -9999.0 -9999.0 -9999.0 -9999.0 -9999.0 1025.286227 1031.096976 1037.844161 1045.589364 1046.770867 1043.020122 1037.713940 1035.044272 1033.898460 1032.457747 1037.278115 1045.513113 1059.311155 1075.379460 1097.640598 1106.528317 1112.706817 1125.143719 1128.347288 1134.688450 1139.089563 1137.710640 1135.037342 1122.562945 1113.320239 1118.331367 1124.317228 1131.506972 1139.943891 1153.782185 1169.377248 1186.900168 1207.261247
-9999.0 -9999.0 -9999.0 -9999.0 -9999.0 -9999.0 -9999.0 -9999.0 -9999.0 -9999.0 -9999.0 -9999.0 -9999.0 -9999.0 -9999.0 -9999.0 -9999.0 -9999.0 -9999.0 999.875528 1000.943883 1002.365163 1007.287824 1008.229454 1010.550784 1017.777042 1026.203600 1028.937814 1027.471156 1026.441557 1028.317996 1031.403631 1036.182426 1047.770029 1061.920569 1076.466468 1090.611853 1111.878851 1127.002165 1140.840981 1157.145963 1156.999670 1153.428655 1152.016861 1152.846224 1153.258851 1157.129656 1159.838040 1166.478128 1171.157326 1177.634186 1187.418929 1199.468946 1218.024633 1238.113818 1258.106707
-9999.0 -9999.0 -9999.0 -9999.0 -9999.0 -9999.0 -9999.0 -9999.0 -9999.0 -9999.0 -9999.0 -9999.0 -9999.0 -9999.0 -9999.0 -9999.0 970.878014 972.855852 975.266591 980.841304 984.016815 988.253826 995.466372 997.010691 1001.048014 1008.506792 1013.700787 1022.917917 1031.380212 1039.075670 1045.457044 1048.559009 1056.368763 1066.413303 1078.702332 1094.282327 1116.095415 1139.700974 1156.390252 1173.691267 1191.270216 1192.363098 1191.691366 1193.199273 1193.943294 1200.265827 1217.875132 1223.872754 1224.967669 1241.261602 1255.555987 1261.007261 1269.202492 1288.895080 1312.976492 1336.058914
-9999.0 -9999.0 -9999.0 -9999.0 -9999.0 -9999.0 -9999.0 -9999.0 -9999.0 -9999.0 -9999.0 -9999.0 -9999.0 924.001457 928.285026 938.101029 947.722556 950.513677 955.104007 961.476540 973.959994 977.905131 984.448893 992.341234 1004.645531 1013.656725 1023.205281 1035.463480 1044.293753 1051.975977 1059.447116 1065.362663 1078.981447 1094.632047 1110.797743 1131.465330 1154.009420 1174.953615 1195.832966 1212.297223 1226.445339 1228.629284 1228.192732 1231.038658 1238.965471 1256.289187 1275.478342 1284.470437 1302.613375 1326.052030 1339.903532 1351.906095 1361.046287 1375.113922 1396.899035 1431.314722
-9999.0 -9999.0 -9999.0 -9999.0 -9999.0 -9999.0 -9999.0 -9999.0 -9999.0 -9999.0 890.958528 893.384446 890.178730 890.007089 895.391114 907.772708 921.805750 928.601180 940.518084 961.792269 979.980852 983.855207 998.720934 1009.359881 1016.574601 1027.529308 1041.153970 1054.441732 1071.720421 1084.758732 1096.805027 1116.763353 1133.863704 1151.077976 1169.527979 1190.523927 1210.826409 1239.709783 1267.343212 1280.723621 1303.385656 1314.545316 1312.328851 1312.953107 1322.530546 1338.901180 1360.470141 1384.164354 1406.469082 1432.344478 1450.053404 1465.095899 1476.493278 1489.454312 1505.860632 1542.008354
-9999.0 -9999.0 -9999.0 -9999.0 -9999.0 -9999.0 -9999.0 -9999.0 866.104451 873.640096 879.947572 877.197662 872.989477 869.258758 883.333955 899.464519 915.842528 933.848899 950.215139 968.825122 984.492529 1001.138544 1021.490320 1033.693650 1045.876475 1061.787239 1076.071425 1093.761153 1115.732047 1129.002901 1146.266329 1168.386912 1187.702233 1206.551678 1226.173535 1245.198435 1272.202903 1306.415068 1339.053289 1362.268262 1390.867142 1414.277181 1414.043765 1416.970654 1421.846545 1447.968518 1477.783327 1508.964235 1534.555096 1562.252771 1592.171060 1610.828884 1622.065689 1635.193948 1650.881208 1670.417790
-9999.0 -9999.0 -9999.0 -9999.0 -9999.0 -9999.0 838.637498 863.049967 878.308281 870.630002 860.802471 857.384058 853.561537 877.655224 899.994572 917.654602 935.001533 953.110647 970.167773 983.510404 1017.618334 1036.126499 1051.056661 1069.591903 1084.909811 1100.265186 1118.443237 1142.521933 1165.006870 1195.224548 1221.569336 1246.176904 1273.287691 1293.901192 1313.643285 1332.680326 1364.667684 1402.656325 1439.969067 1469.378357 1497.197543 1528.555066 1535.942267 1541.973225 1549.233466 1570.714344 1602.790339 1633.504147 1667.536314 1699.889296 1727.062095 1739.366326 1750.190069 1761.930309 1775.769073 1788.297562
-9999.0 -9999.0 -9999.0 -9999.0 804.986308 826.039069 846.228712 877.128731 899.955101 895.302650 902.245839 902.690244 901.169851 905.503824 913.053305 931.620930 950.793744 970.282907 988.588616 1023.821260 1068.733350 1084.884900 1109.738804 1142.461621 1156.957239 1173.107889 1190.254635 1214.104804 1241.388684 1275.478427 1319.600443 1357.300164 1383.788994 1407.404494 1429.358528 1451.868964 1486.587874 1524.773324 1562.118215 1596.712823 1626.968043 1653.240521 1665.997839 1674.097527 1686.100785 1702.721948 1724.366671 1751.894486 1783.420429 1815.604357 1840.744757 1854.412479 1862.515993 1873.429799 1883.999882 1896.077058
-9999.0 -9999.0 -9999.0 755.288536 794.116197 832.202905 859.431229 890.633645 923.136350 928.040862 937.473641 942.718567 947.860764 956.848303 965.780328 983.456051 1000.337348 1017.072561 1039.838499 1077.201286 1112.810047 1143.034331 1175.845520 1203.146506 1224.527774 1241.281104 1260.758492 1285.480564 1325.877834 1363.746629 1414.362494 1467.918078 1504.994939 1529.636513 1552.310575 1579.950837 1605.300078 1641.905323 1677.034759 1710.386732 1742.311200 1767.228877 1786.035345 1793.795465 1803.521403 1812.180332 1828.406119 1850.027764 1872.075813 1901.074052 1929.515746 1954.499265 1968.768288 1979.071443 1995.253389 2011.440957
-9999.0 -9999.0 707.988886 745.962889 780.121373 830.448700 883.703048 918.498476 959.766214 983.938309 991.173831 1008.612460 1025.083555 1032.741219 1048.671315 1066.296689 1084.763520 1092.339160 1110.104500 1140.893146 1191.025375 1237.014682 1258.305855 1309.703653 1343.771999 1372.427426 1391.097552 1418.462854 1454.497257 1496.067299 1544.484806 1594.401451 1632.774590 1663.918240 1680.645958 1700.240706 1722.825936 1747.002067 1781.065188 1809.896605 1841.577047 1867.812440 1889.649206 1896.438988 1901.496744 1917.301697 1941.784322 1967.851787 1992.512508 2016.373765 2019.474302 2031.947049 2038.072333 2041.907712 2047.139409 2050.807252
-9999.0 -9999.0 681.143974 726.222816 766.510246 832.947152 913.245772 950.787913 994.175137 1040.654701 1059.885742 1084.983553 1097.158496 1106.916818 1130.856526 1153.702668 1166.994592 1174.631876 1175.137756 1231.379683 1290.364749 1340.996030 1387.616880 1455.547072 1501.914407 1519.717988 1533.137973 1554.237196 1578.929189 1621.740650 1668.497055 1720.801003 1763.958155 1794.679837 1810.771912 1829.018326 1849.031280 1866.483674 1885.505031 1924.969110 1952.836306 1979.015067 2006.199459 2026.565875 2035.019001 2038.771753 2028.025535 2038.389618 2045.693022 2049.341898 2051.057381 2048.327520 2048.228707 2049.372571 2050.640757 2045.749110
-9999.0 592.018469 644.274906 697.529424 766.515040 833.936127 917.293994 997.609558 1055.505750 1103.719040 1133.678858 1146.372005 1182.713939 1225.337055 1251.856866 1279.013425 1283.156583 1289.534871 1280.729339 1330.188231 1380.446163 1454.612218 1563.667342 1620.770868 1666.717914 1669.698582 1665.560519 1678.243117 1701.761597 1744.946265 1811.609109 1858.664522 1911.595326 1951.626287 1966.754004 1973.649031 1991.086274 2010.761564 1996.898833 2020.385760 2031.763944 2041.426126 2045.015122 2047.465851 2049.188375 2049.971118 2047.348506 2041.507520 2034.224718 2029.059613 2025.300874 2020.965423 2023.469583 2026.721396 2027.303812 2020.203691
-9999.0 556.449771 615.937803 687.510222 758.720354 826.387802 929.715559 1073.962691 1128.764691 1167.249910 1190.909709 1213.232481 1290.997200 1357.324788 1391.963414 1437.067431 1432.798583 1423.868411 1411.548213 1445.328591 1495.310435 1569.384801 1711.638037 1795.956112 1825.781079 1838.049757 1845.958131 1872.914702 1909.749033 1946.140336 1979.360692 1978.418738 2005.831377 2020.018956 2024.750385 2027.119051 2031.515116 2032.439884 2031.459282 2028.890100 2025.423581 2026.749672 2031.747880 2032.396200 2030.312636 2027.738374 2022.479990 2015.051312 2009.495014 2004.706021 2001.707929 1998.416775 1996.493283 1996.114678 1991.306325 1985.106754
-9999.0 526.462449 597.887850 661.495010 726.322881 840.605844 967.280397 1103.660539 1197.616915 1236.733445 1260.408780 1329.615782 1430.379785 1526.333775 1578.251266 1604.445266 1606.973826 1587.436713 1592.116766 1638.053124 1703.789628 1796.203050 1889.053142 1966.448978 1981.351879 1986.849641 1967.241059 1982.365303 1996.382118 2000.285075 2003.269209 2008.434834 2015.223889 2019.541828 2019.751164 2018.244941 2014.713188 2007.782490 2003.694775 2001.171954 1998.442552 1998.598922 2001.681363 2003.273758 2001.002030 1997.261910 1992.604935 1986.560812 1979.924735 1972.794873 1968.276838 1963.704341 1960.999326 1955.548495 1950.562977 1943.722030
-9999.0 426.309766 514.964312 569.838869 683.884626 858.920927 986.346936 1136.986259 1284.583014 1324.917938 1400.528324 1520.969329 1626.071495 1699.529145 1739.764340 1781.570445 1811.462915 1836.354766 1873.025182 1831.449491 1889.871715 1949.210394 1976.283620 1990.457521 1994.861967 1998.265118 1992.393942 1975.166002 1966.685330 1961.809968 1965.143877 1973.845309 1980.515845 1986.989987 1985.838389 1987.093006 1987.632123 1984.479517 1981.008729 1973.165323 1965.962191 1960.521360 1958.885504 1964.172796 1959.368158 1956.153359 1949.907709 1941.459545 1932.265949 1924.103943 1915.855678 1908.583590 1905.206216 1899.013765 1896.643072 1887.335428
-9999.0 345.439401 422.317209 511.190107 649.111649 813.960879 943.720160 1111.822051 1321.832680 1439.966135 1565.946658 1638.951322 1711.698808 1771.471058 1832.827094 1879.385650 1905.266703 1917.472969 1909.334656 1923.374889 1894.576531 1890.609208 1910.361304 1938.742962 1954.066544 1959.873663 1953.253772 1944.339243 1938.584292 1938.728718 1938.456816 1937.698638 1936.583217 1934.949897 1932.316892 1934.565577 1939.167104 1933.007736 1924.356670 1916.204595 1908.882107 1900.697161 1895.288370 1891.809852 1890.703508 1890.292131 1882.561320 1871.872795 1860.893544 1852.217968 1844.046693 1837.927020 1834.657465 1828.924838 1820.020302 1806.747414
-9999.0 246.438941 368.111662 462.066583 583.798482 721.266620 848.240186 1013.019646 1162.845238 1384.203948 1541.989664 1651.715528 1693.804770 1752.577120 1811.119073 1877.886526 1883.447945 1857.265248 1827.816773 1816.431557 1825.098494 1837.069376 1851.699238 1872.212475 1890.810825 1901.513339 1904.788668 1898.349413 1885.577689 1876.665277 1870.137624 1860.520771 1853.651943 1852.608446 1853.717674 1860.971355 1862.862510 1853.660873 1840.619684 1824.469034 1810.422611 1799.830984 1797.003571 1798.360429 1798.306064 1794.511863 1787.584642 1776.843821 1764.070574 1751.950907 1744.240444 1738.351363 1730.810639 1720.099083 1708.222305 1694.874218
-9999.0 -9999.0 292.650239 403.977032 512.439502 635.855476 751.727887 895.846253 1047.382447 1229.636458 1348.090734 1480.381433 1553.899420 1599.831985 1648.748455 1703.404136 1723.598970 1745.126823 1731.924911 1739.216371 1748.213420 1755.974478 1766.667809 1778.799836 1792.590623 1803.182203 1811.581996 1809.965789 1801.436458 1784.553216 1764.294874 1748.735791 1739.923247 1732.847210 1742.117639 1753.197836 1749.802585 1742.935958 1730.858798 1715.128944 1702.187435 1688.496718 1684.678074 1684.783811 1684.690779 1681.624595 1677.080183 1664.148151 1651.104862 1639.121453 1633.290566 1626.683722 1620.831701 1609.513140 1597.382792 1584.178455
-9999.0 -9999.0 208.253496 317.266484 432.113318 556.140187 657.066698 731.902596 884.984989 1001.966673 1107.182069 1206.335799 1289.322920 1352.733673 1395.922606 1456.704831 1498.824441 1515.945041 1538.439283 1571.024410 1598.655221 1628.161324 1647.651584 1660.846807 1675.211050 1688.951683 1697.858034 1686.432313 1675.957639 1659.836570 1638.923410 1615.916497 1603.900031 1600.436065 1602.167852 1606.658405 1600.589716 1590.953248 1576.589901 1561.113907 1548.174702 1537.008092 1532.819489 1529.075823 1527.425168 1524.320939 1521.053090 1512.666522 1501.538251 1493.897961 1485.293229 1479.103637 1475.743259 1468.876149 1459.529774 1453.119631
