tests/Borden05m/data_simulated/sim_1/output-maps/psiliqL0022N0016.asc
ncols         160
nrows         34
xllcorner     620200.000000
yllcorner     5168000.000000
cellsize      0.500000
NODATA_value  -9999.0
[rows 0 to 24 of 34, columns 0 to 54 of 160]
-9999.0 -9999.0 -9999.0 -9999.0 -9999.0 -9999.0 -9999.0 -9999.0 -9999.0 -9999.0 -9999.0 -9999.0 -9999.0 -9999.0 -9999.0 -9999.0 -9999.0 -9999.0 -9999.0 -9999.0 -9999.0 -9999.0 -9999.0 -9999.0 -9999.0 -9999.0 -9999.0 -9999.0 -9999.0 -9999.0 -9999.0 -9999.0 -9999.0 -9999.0 -9999.0 -9999.0 -9999.0 -9999.0 -9999.0 -9999.0 -9999.0 -9999.0 -9999.0 -9999.0 -9999.0 -9999.0 -9999.0 -9999.0 -9999.0 -9999.0 -9999.0 -9999.0 -9999.0 -9999.0 -9999.0
-9999.0 -9999.0 -9999.0 -9999.0 -9999.0 -9999.0 -9999.0 -9999.0 -9999.0 -9999.0 -9999.0 -9999.0 -9999.0 -9999.0 -9999.0 -9999.0 -9999.0 -9999.0 -9999.0 -9999.0 -9999.0 -9999.0 -9999.0 -9999.0 -9999.0 -9999.0 -9999.0 -9999.0 -9999.0 -9999.0 -9999.0 -9999.0 -9999.0 -9999.0 -9999.0 -9999.0 -9999.0 -9999.0 -9999.0 -9999.0 -9999.0 -9999.0 -9999.0 -9999.0 -9999.0 -9999.0 -9999.0 -9999.0 -9999.0 -9999.0 -9999.0 -9999.0 -9999.0 -9999.0 -9999.0
-9999.0 -9999.0 -9999.0 -9999.0 -9999.0 -9999.0 -9999.0 -9999.0 -9999.0 -9999.0 -9999.0 -9999.0 -9999.0 -9999.0 -9999.0 -9999.0 -9999.0 -9999.0 -9999.0 -9999.0 -9999.0 -9999.0 -9999.0 -9999.0 -9999.0 -9999.0 -9999.0 -9999.0 -9999.0 -9999.0 -9999.0 -9999.0 -9999.0 -9999.0 -9999.0 -9999.0 -9999.0 -9999.0 -9999.0 -9999.0 -9999.0 -9999.0 -9999.0 -9999.0 -9999.0 -9999.0 -9999.0 2504.605081 2487.647325 2473.974765 2470.449311 2492.428852 2516.133374 2540.493127 2561.568530
-9999.0 -9999.0 -9999.0 -9999.0 -9999.0 -9999.0 -9999.0 -9999.0 -9999.0 -9999.0 -9999.0 -9999.0 -9999.0 -9999.0 -9999.0 -9999.0 -9999.0 -9999.0 -9999.0 -9999.0 -9999.0 -9999.0 -9999.0 -9999.0 -9999.0 -9999.0 -9999.0 -9999.0 -9999.0 -9999.0 -9999.0 -9999.0 -9999.0 -9999.0 -9999.0 -9999.0 -9999.0 -9999.0 -9999.0 -9999.0 2552.728796 2558.860910 2559.384531 2549.768147 2538.911313 2526.046315 2505.923777 2488.683927 2475.414593 2473.765867 2476.776761 2480.672837 2502.427926 2528.187417 2548.586324
-9999.0 -9999.0 -9999.0 -9999.0 -9999.0 -9999.0 -9999.0 -9999.0 -9999.0 -9999.0 -9999.0 -9999.0 -9999.0 -9999.0 -9999.0 -9999.0 -9999.0 -9999.0 -9999.0 -9999.0 -9999.0 -9999.0 -9999.0 -9999.0 -9999.0 -9999.0 -9999.0 -9999.0 -9999.0 -9999.0 -9999.0 -9999.0 -9999.0 -9999.0 2458.805224 2476.137457 2494.503142 2513.477585 2530.834656 2538.184470 2544.166566 2549.931994 2545.843491 2541.811273 2530.678508 2510.641507 2491.702396 2479.016365 2478.175983 2476.263041 2480.577788 2493.050981 2510.290256 2526.202154 2547.389178
-9999.0 -9999.0 -9999.0 -9999.0 -9999.0 -9999.0 -9999.0 -9999.0 -9999.0 -9999.0 -9999.0 -9999.0 -9999.0 -9999.0 -9999.0 -9999.0 -9999.0 -9999.0 -9999.0 -9999.0 -9999.0 -9999.0 -9999.0 -9999.0 -9999.0 -9999.0 -9999.0 -9999.0 2461.726729 2456.125714 2451.742746 2450.759428 2449.922264 2449.427068 2456.441206 2468.216598 2486.000284 2508.480343 2522.193525 2529.930138 2537.175086 2538.088788 2532.931484 2531.650000 2532.610972 2520.692686 2509.080231 2498.242970 2487.728109 2485.613614 2495.280568 2510.077666 2526.867042 2542.092156 2557.905968
-9999.0 -9999.0 -9999.0 -9999.0 -9999.0 -9999.0 -9999.0 -9999.0 -9999.0 -9999.0 -9999.0 -9999.0 -9999.0 -9999.0 -9999.0 -9999.0 -9999.0 -9999.0 -9999.0 -9999.0 -9999.0 -9999.0 -9999.0 2429.827488 2435.315524 2442.321498 2450.480858 2451.968705 2448.861757 2443.915047 2441.711955 2440.889664 2439.398838 2444.502154 2452.322611 2465.960289 2481.910811 2504.633325 2513.532395 2518.877089 2531.009913 2534.976262 2542.739209 2547.243425 2545.938101 2542.719001 2529.034761 2518.660623 2522.209960 2527.322340 2534.718627 2543.479029 2557.382363 2572.078215 2588.369435
-9999.0 -9999.0 -9999.0 -9999.0 -9999.0 -9999.0 -9999.0 -9999.0 -9999.0 -9999.0 -9999.0 -9999.0 -9999.0 -9999.0 -9999.0 -9999.0 -9999.0 -9999.0 -9999.0 2403.758867 2405.096533 2406.964720 2412.247533 2413.154624 2415.520022 2422.919044 2431.579384 2434.938490 2433.468768 2432.980162 2435.014436 2438.296231 2443.425675 2454.742254 2468.817607 2483.349486 2496.983100 2518.204782 2533.177176 2546.349578 2562.320312 2562.983406 2559.827038 2558.664963 2559.244271 2558.568542 2559.182209 2559.853965 2566.547992 2568.992477 2573.883184 2583.494259 2595.442462 2612.869165 2631.554799
-9999.0 -9999.0 -9999.0 -9999.0 -9999.0 -9999.0 -9999.0 -9999.0 -9999.0 -9999.0 -9999.0 -9999.0 -9999.0 -9999.0 -9999.0 -9999.0 2373.874173 2375.995795 2378.774392 2384.685895 2388.631330 2393.123824 2400.603039 2402.529640 2406.652547 2414.377733 2419.606094 2429.389045 2438.292899 2446.050243 2452.522155 2455.594682 2462.928829 2472.756763 2484.765654 2499.472722 2520.336958 2544.076426 2560.230951 2577.342952 2594.965378 2596.042993 2595.048377 2596.075192 2595.598819 2598.613146 2614.270783 2618.674287 2615.916523 2628.207704 2641.142722 2645.233335 2654.171500 2674.458471 2697.647666
-9999.0 -9999.0 -9999.0 -9999.0 -9999.0 -9999.0 -9999.0 -9999.0 -9999.0 -9999.0 -9999.0 -9999.0 -9999.0 2324.128695 2328.488370 2338.981671 2350.264086 2353.655354 2358.949733 2366.015779 2378.739004 2382.950681 2389.572567 2397.491507 2410.644835 2419.968549 2429.528655 2441.901579 2450.609019 2458.189144 2465.309072 2469.612867 2482.149779 2497.024626 2512.293751 2532.150376 2554.350906 2573.719821 2592.682413 2609.223897 2622.014603 2621.420969 2621.099188 2623.846107 2630.065249 2646.122633 2664.081129 2667.853007 2680.592665 2702.323341 2714.160692 2723.580180 2731.442105 2745.854180 2767.644761
-9999.0 -9999.0 -9999.0 -9999.0 -9999.0 -9999.0 -9999.0 -9999.0 -9999.0 -9999.0 2293.782822 2295.854111 2292.690640 2291.301575 2297.373097 2310.204935 2325.081969 2331.567055 2344.062854 2365.916593 2384.943244 2388.777318 2403.189062 2414.359339 2421.903137 2432.631997 2446.169816 2459.002207 2475.327000 2487.684850 2497.852678 2515.654113 2531.962776 2548.621609 2566.420896 2587.068180 2604.481317 2630.128393 2657.385239 2668.295596 2687.636511 2693.748450 2690.777109 2690.383240 2700.282665 2713.978369 2731.594053 2750.186648 2768.774665 2792.130974 2805.447580 2819.411715 2829.823869 2841.673526 2857.719065
-9999.0 -9999.0 -9999.0 -9999.0 -9999.0 -9999.0 -9999.0 -9999.0 2268.275377 2276.425556 2282.481848 2279.730580 2275.733409 2271.067101 2286.002985 2302.177243 2318.714907 2337.458346 2353.809444 2372.681042 2387.696461 2403.644463 2424.717663 2436.712994 2448.483699 2464.339275 2478.258451 2494.484339 2515.719942 2525.751867 2539.347492 2559.862431 2576.756512 2594.486668 2613.399697 2631.050591 2655.391442 2687.442762 2718.290754 2737.565345 2764.630107 2783.159002 2779.965927 2780.686705 2784.048002 2808.775575 2836.640567 2866.415458 2830.986676 2852.293330 2880.105371 2897.076195 2906.374347 2917.672701 2931.591395
-9999.0 -9999.0 -9999.0 -9999.0 -9999.0 -9999.0 2239.340181 2263.937104 2279.476949 2271.506469 2259.273007 2255.138483 2250.263149 2279.141960 2302.037306 2320.037608 2337.514930 2355.781245 2372.795071 2383.570543 2415.770710 2435.616006 2449.417625 2465.423096 2480.922806 2496.381022 2513.943986 2536.758143 2556.377320 2581.437811 2601.705057 2621.592664 2648.203192 2667.327606 2685.884378 2702.189991 2731.969117 2767.080562 2803.035549 2829.844695 2855.751524 2833.066230 2832.468465 2835.304652 2838.606348 2860.795259 2893.047840 2921.223200 2950.265442 2980.669624 3007.164756 2994.313745 3001.727325 3011.295052 3023.325576
-9999.0 -9999.0 -9999.0 -9999.0 2205.920788 2226.951135 2246.393618 2276.993848 2299.579942 2295.076176 2300.799710 2300.150137 2297.292727 2302.604890 2311.119749 2329.440050 2349.185593 2369.289296 2385.734461 2417.035500 2464.095840 2477.998527 2498.931300 2530.397528 2543.598251 2559.265890 2576.186098 2598.529536 2620.668008 2652.319508 2691.061189 2724.156724 2748.189770 2768.666598 2789.514164 2809.422217 2844.735499 2827.605520 2860.177300 2891.749896 2917.967300 2940.561772 2948.906776 2954.583084 2964.902327 2981.249003 3002.209981 3004.846406 3035.120602 3066.162904 3089.165730 3097.693725 3103.122509 3112.345386 3120.287895
-9999.0 -9999.0 -9999.0 2153.222461 2192.319056 2231.538810 2257.978108 2288.822258 2321.543078 2323.726640 2333.126750 2335.504498 2337.365725 2344.744464 2350.796654 2368.406535 2386.756775 2406.162826 2429.365752 2465.521297 2498.190767 2521.795503 2552.367502 2573.567185 2590.856302 2606.247581 2625.958867 2648.692335 2688.923470 2723.047923 2770.502187 2822.831924 2857.424108 2825.713671 2844.728952 2871.321925 2895.541708 2928.842839 2962.207424 2993.280195 3000.452720 3021.135070 3036.036746 3040.928539 3049.654674 3055.755014 3068.901786 3087.683854 3108.892475 3137.974885 3165.848359 3187.056985 3200.813488 3210.816190 3226.847602
-9999.0 -9999.0 2105.085388 2144.101301 2176.601763 2224.858620 2278.234727 2313.543575 2354.021769 2375.393274 2380.649423 2394.416284 2408.127181 2412.536351 2424.958022 2440.505743 2462.226102 2471.833313 2492.471863 2515.216482 2558.399585 2598.053230 2604.988951 2651.008359 2684.284587 2716.567050 2737.071553 2765.244497 2803.812947 2841.720866 2834.232200 2880.328374 2914.212313 2939.924275 2955.285284 2974.520938 2994.358621 2995.504366 3028.491479 3054.111375 3084.209122 3108.705389 3128.169406 3130.550267 3133.463664 3148.718431 3174.489223 3197.272382 3223.344006 3249.475667 3241.062049 3259.112395 3267.264319 3271.823555 3278.986730
-9999.0 -9999.0 2076.059743 2122.139573 2158.947195 2220.323416 2304.800751 2340.651712 2382.378960 2428.988230 2445.559563 2469.093422 2470.872666 2468.775598 2489.904436 2508.705523 2527.755290 2536.840298 2534.928087 2589.762750 2647.361741 2683.485391 2706.436919 2781.286086 2832.939538 2856.043280 2822.111335 2839.546798 2860.489377 2899.608457 2937.421380 2989.109114 3008.038387 3035.287705 3049.046736 3067.051972 3085.515268 3099.195284 3117.352033 3159.799394 3186.065865 3213.624554 3242.623688 3262.753874 3270.369884 3274.310946 3254.271511 3269.253593 3279.596509 3284.069086 3285.774592 3282.111504 3281.481116 3282.231609 3283.167267
-9999.0 1984.113246 2036.584361 2088.184396 2154.399698 2218.227917 2296.576765 2373.946125 2437.724416 2489.112333 2516.925591 2518.353052 2533.117591 2565.866350 2589.107066 2611.068630 2617.638306 2628.061813 2614.842492 2669.634643 2713.651904 2773.146357 2833.014002 2886.534174 2941.701906 2939.805167 2928.279539 2935.678074 2953.997982 2997.378499 3047.593676 3097.379028 3155.163743 3194.577684 3209.363883 3215.483961 3232.618722 3251.933502 3214.563923 3249.008067 3264.429486 3277.508412 3283.907291 3285.721484 3286.738833 3286.561195 3283.015859 3276.227090 3268.224398 3262.511615 3258.369951 3253.871768 3256.300372 3259.608453 3260.038021
-9999.0 1946.744518 2004.945418 2074.596036 2143.556895 2198.432416 2289.019098 2447.547758 2507.821945 2546.644515 2559.708988 2553.884028 2619.781891 2683.548362 2713.361840 2760.126315 2750.961313 2740.487658 2715.384996 2746.315814 2790.928529 2818.934828 2971.771573 3038.039887 3078.419609 3086.520641 3088.749947 3115.273388 3155.162107 3192.635867 3230.734382 3210.130426 3249.699614 3268.765139 3272.800907 3273.381810 3277.724963 3276.576222 3274.745785 3270.494763 3265.474404 3265.620674 3269.975378 3269.797156 3266.926003 3263.696540 3258.094009 3250.672132 3245.397505 3240.789135 3238.109923 3235.227829 3233.422573 3232.999735 3228.428327
-9999.0 1910.072037 1983.722700 2044.000307 2096.987845 2196.671212 2325.789362 2467.597511 2563.701020 2600.162328 2595.419069 2644.570646 2746.953502 2827.800602 2877.688000 2899.780574 2888.007315 2849.787054 2838.144432 2881.300580 2947.860491 3034.563863 3152.033574 3236.074599 3249.152510 3251.873427 3213.789671 3234.334169 3253.366663 3255.410792 3256.277586 3262.281540 3267.220336 3269.982139 3268.487539 3265.622498 3260.884759 3252.829124 3248.004288 3244.464254 3240.793613 3239.851118 3242.020127 3243.590787 3240.880480 3237.037611 3232.581939 3227.017285 3221.114079 3214.463570 3210.318943 3206.205365 3204.132826 3198.936402 3195.275621
-9999.0 1794.809144 1888.549272 1934.196419 2022.641286 2206.548992 2335.357484 2479.691828 2639.218181 2667.612171 2724.388354 2838.904876 2949.835950 3015.067870 3045.312229 3079.474379 3103.768365 3120.792589 3155.071083 3062.948412 3132.541706 3208.618871 3243.969461 3259.268543 3265.542742 3265.862936 3256.537452 3236.273927 3225.664023 3218.929143 3220.544051 3227.763906 3232.651485 3237.610915 3235.369608 3236.229473 3236.934614 3233.635591 3230.011357 3221.521233 3213.787691 3207.430216 3204.668176 3209.529131 3204.837188 3202.257814 3196.237492 3188.365750 3185.018126 3177.871103 3170.121225 3163.617593 3161.294885 3156.211190 3155.036017
-9999.0 1713.943950 1788.008930 1857.848414 1978.029528 2142.234099 2249.972058 2411.454251 2641.831083 2771.425274 2905.414154 2986.047050 3046.801724 3092.129176 3144.148959 3189.193975 3213.121437 3222.699546 3197.965672 3214.761048 3178.452461 3167.898254 3180.559795 3207.613613 3222.802242 3226.558742 3218.426705 3208.764690 3201.555983 3200.444043 3198.554496 3195.330595 3191.992009 3188.864458 3185.728729 3188.325028 3193.348264 3186.891207 3182.251441 3173.522108 3165.443703 3156.589249 3150.838522 3146.653598 3146.570383 3146.740351 3139.294649 3129.035054 3118.723111 3110.653846 3103.460415 3098.740638 3096.244567 3091.490962 3083.842376
-9999.0 1601.102104 1730.063946 1812.412878 1916.117839 2047.821678 2159.731273 2315.848807 2452.878974 2689.218235 2821.055634 2980.341012 3016.083299 3079.074259 3128.415014 3193.969758 3190.924165 3162.229931 3122.129621 3105.671448 3114.045589 3122.376042 3131.346404 3146.851392 3163.907533 3173.540715 3177.387559 3170.825145 3156.849216 3145.454659 3135.835368 3123.492318 3114.899965 3112.861118 3115.773496 3124.770846 3125.867049 3116.724554 3103.431959 3087.306553 3072.387465 3061.082149 3058.831064 3061.166118 3061.964788 3058.180057 3052.199523 3041.805882 3029.486882 3017.539127 3011.489425 3006.985968 2999.998266 2990.698805 3001.522205
-9999.0 -9999.0 1647.789380 1757.087302 1855.365239 1970.237627 2068.282338 2194.953932 2338.877115 2514.174765 2632.373439 2795.340444 2864.005006 2906.946992 2945.382010 2988.324203 3009.503687 3035.562132 3023.486057 3031.650952 3039.476186 3044.160055 3050.132331 3057.144776 3068.056133 3077.570439 3086.704528 3084.049295 3075.131199 3055.831970 3032.144770 3013.763910 3003.888003 2995.471200 3006.577326 3018.662795 3014.061732 3007.350388 2996.322543 3002.480973 2990.435401 2976.430701 2972.854784 2972.864375 2973.243282 2970.712707 2967.646290 2957.796173 2945.416344 2934.883903 2930.322430 2924.472349 2920.210337 2910.144433 2900.317778
-9999.0 -9999.0 1560.703788 1666.261112 1772.423834 1891.612069 1980.997499 2015.847125 2157.571387 2265.725406 2372.639914 2480.153688 2572.352607 2640.971861 2679.065830 2742.102512 2794.728222 2814.106497 2818.869938 2862.376621 2893.562608 2928.784584 2950.089040 2958.596073 2971.549591 2985.666464 2993.655670 2979.871330 2968.930217 2952.363216 2932.392166 2907.208022 2894.329714 2892.839339 2892.957643 2895.677078 2888.750916 2879.708294 2865.573797 2852.333679 2840.075749 2830.409702 2826.644824 2821.782506 2819.765660 2817.024859 2817.562637 2860.636193 2850.899744 2844.706075 2835.855989 2830.684261 2828.398174 2823.428801 2815.929137
