tests/Borden05m/data_simulated/sim_1/output-maps/psiliqL0016N0011.asc
ncols         160
nrows         34
xllcorner     620200.000000
yllcorner     5168000.000000
cellsize      0.500000
NODATA_value  -9999.0
[rows 0 to 24 of 34, columns 55 to 109 of 160]
-9999.0 -9999.0 -9999.0 -9999.0 -9999.0 -9999.0 -9999.0 -9999.0 -9999.0 -9999.0 -9999.0 -9999.0 -9999.0 -9999.0 -9999.0 -9999.0 -9999.0 -9999.0 -9999.0 -9999.0 -9999.0 -9999.0 -9999.0 -9999.0 -9999.0 -9999.0 -9999.0 -9999.0 -9999.0 -9999.0 -9999.0 -9999.0 -9999.0 -9999.0 -9999.0 -9999.0 -9999.0 -9999.0 -9999.0 -9999.0 -9999.0 -9999.0 -9999.0 -9999.0 -9999.0 -9999.0 -9999.0 -9999.0 -9999.0 -9999.0 -9999.0 -9999.0 -9999.0 -9999.0 -9999.0
-9999.0 -9999.0 -9999.0 -9999.0 1430.500581 1425.189303 1420.306419 1415.809663 1407.341274 1398.484715 1390.611514 1386.995568 1386.426375 1386.017686 1385.946081 1391.451149 1399.783580 1407.703759 1415.050835 1417.687349 1420.311029 1422.653557 1423.266537 1422.236315 1419.177009 1416.033656 1412.778903 1411.340663 1403.532852 1392.302239 1383.676109 1380.969727 1385.330303 1389.735647 1392.160466 1397.754685 1408.263552 1418.830109 1427.136927 1438.892253 1444.656053 1449.460372 1451.944334 1447.456381 1443.559948 1439.328334 1433.670448 1422.431052 -9999.0 -9999.0 -9999.0 -9999.0 -9999.0 -9999.0 -9999.0
1375.169137 1394.280601 1414.778792 1418.188694 1406.807648 1402.019608 1399.039057 1397.407467 1393.045115 1384.813609 1379.991324 1374.986538 1373.358570 1373.810342 1374.223692 1378.593481 1389.214535 1397.436493 1402.411138 1405.180965 1408.047713 1407.656806 1407.258994 1407.137365 1404.418110 1401.132939 1397.881851 1396.188793 1396.947193 1389.433077 1383.884306 1380.379351 1378.411201 1380.941277 1383.336349 1386.907117 1396.186875 1404.109656 1412.005329 1426.234701 1438.502844 1443.472647 1440.536161 1435.180580 1430.907528 1423.595765 1412.989726 1402.462416 1393.053847 1385.918065 1379.943784 1373.520758 1379.025345 1385.323662 1394.500041
1359.980698 1379.562396 1400.099720 1403.186305 1392.823647 1384.983851 1379.896995 1380.553734 1383.739807 1380.721414 1376.496381 1371.321149 1380.611076 1382.262231 1383.711344 1387.348131 1390.494223 1394.367404 1397.299631 1402.883316 1412.078127 1415.010933 1415.706333 1415.995451 1414.284693 1411.277032 1409.560744 1406.908552 1401.788322 1400.596271 1400.769898 1400.282814 1405.017997 1406.472397 1408.406368 1401.920108 1405.548389 1411.595769 1418.255393 1424.292205 1430.519703 1433.767233 1430.030023 1428.959016 1419.999449 1405.639791 1394.259600 1385.518584 1383.654315 1379.961372 1371.464195 1357.858793 1364.543785 1379.518996 1383.488578
1366.186449 1375.800646 1387.740617 1391.062347 1386.486094 1388.442326 1390.511092 1392.383371 1391.209418 1388.574716 1386.538734 1399.043114 1408.673116 1410.852049 1414.106217 1418.218184 1418.306608 1406.980167 1404.934342 1413.209443 1423.589637 1429.425145 1429.826045 1429.854457 1427.576963 1426.663470 1426.433680 1424.433921 1424.971181 1427.241664 1426.678952 1430.904003 1436.474479 1439.415315 1432.164359 1423.133635 1424.173711 1431.927369 1440.097423 1447.218410 1457.402906 1468.145291 1466.867097 1460.869051 1451.278507 1437.233009 1413.291355 1393.506479 1381.888751 1373.778769 1365.760422 1365.616957 1361.364747 1372.385489 1373.281798
1363.348111 1381.811800 1403.305829 1411.310032 1405.963274 1401.774755 1399.917078 1401.179473 1401.632329 1404.604827 1416.731491 1430.553833 1444.803829 1447.918636 1450.802380 1450.636510 1442.346144 1432.467819 1429.251460 1443.881084 1460.382583 1468.761301 1469.351416 1468.004888 1474.163996 1473.249391 1472.133538 1467.707667 1469.539222 1470.205372 1479.114006 1486.733700 1493.962273 1492.197779 1480.052458 1468.331672 1466.988614 1470.180323 1474.061820 1480.290159 1490.113648 1499.191653 1493.568209 1486.161400 1475.952079 1447.199033 1420.238938 1403.094129 1402.364131 1401.683525 1395.912122 1392.011369 1388.306936 1381.020381 1379.743902
1409.110987 1430.621783 1451.365654 1467.223311 1462.125751 1454.914421 1445.824262 1446.953358 1450.004493 1458.182398 1471.187832 1488.178390 1512.225182 1514.939683 1518.082289 1520.424476 1509.353352 1497.279712 1486.737308 1505.675400 1516.286988 1524.830877 1525.840698 1534.799074 1544.509704 1540.320175 1532.847017 1522.356599 1528.594739 1539.277425 1554.360027 1561.361405 1565.460851 1563.444513 1551.694882 1545.613056 1544.597651 1547.470966 1545.579193 1550.657215 1560.133731 1574.552605 1573.158432 1564.584410 1541.749857 1503.875338 1469.646184 1449.889471 1455.560402 1447.808947 1439.945626 1435.844512 1421.415669 1410.235341 1409.689015
1459.075768 1476.899471 1495.613691 1514.330376 1509.549401 1499.904740 1486.749387 1486.404222 1493.839123 1504.570192 1523.855846 1546.257547 1569.869004 1576.746299 1578.430759 1588.527906 1582.492957 1573.263706 1565.525957 1579.034698 1590.861765 1602.464245 1611.534404 1624.344566 1635.702724 1624.788946 1611.901689 1605.768188 1611.424094 1632.317701 1650.571413 1655.563092 1656.309674 1658.281888 1647.897274 1641.553147 1635.414443 1631.229718 1625.882918 1621.978867 1641.138096 1657.994339 1655.876171 1632.187893 1607.503338 1569.591484 1530.847863 1499.332100 1500.485848 1496.397399 1495.033921 1479.918407 1464.096104 1448.500527 1439.308771
1535.325337 1563.694843 1584.432423 1606.606717 1606.325577 1589.307538 1580.579195 1585.545491 1598.910531 1606.799870 1623.351550 1646.498413 1677.431593 1697.328518 1715.219051 1719.984973 1712.378324 1703.925911 1691.409219 1691.204650 1709.821537 1721.899348 1732.205941 1742.524494 1755.008234 1759.494443 1756.131204 1755.475239 1758.960990 1767.341334 1777.361898 1783.972982 1788.747573 1793.514669 1787.729483 1776.919125 1771.358211 1763.217833 1757.492974 1755.039397 1759.035498 1771.429780 1768.350729 1739.280187 1711.427433 1677.810886 1639.582525 1607.741884 1591.716827 1599.225228 1588.833736 1569.793019 1551.066401 1517.064009 1501.960175
1629.028639 1664.934415 1692.810265 1707.536760 1720.488031 1714.502345 1716.126840 1720.799407 1728.829318 1733.932187 1741.990771 1774.815927 1809.785573 1838.490646 1862.746565 1871.471548 1861.231903 1851.871964 1839.938322 1830.940124 1836.730376 1851.770612 1868.641940 1884.100912 1895.321924 1898.675065 1897.507512 1897.853684 1900.148053 1903.120469 1906.334444 1912.842269 1920.041602 1929.640664 1939.792503 1932.841277 1915.973643 1904.240056 1891.446333 1887.097575 1885.784275 1884.662936 1884.022705 1873.468203 1838.939454 1808.886519 1775.991239 1748.362676 1728.112854 1716.139209 1695.641071 1671.487965 1623.371658 1582.892230 1547.938903
1738.422046 1780.461456 1811.632700 1834.910950 1850.415036 1852.876900 1855.952143 1858.900232 1864.832499 1869.902869 1876.520353 1900.406250 1938.981070 1976.771083 2007.040583 2010.419783 2000.441578 1990.158929 1980.322693 1969.036481 1965.690862 1974.619280 1986.672777 2003.595429 2014.698979 2023.476126 2022.255287 2022.734531 2023.569605 2025.659782 2027.493630 2029.754091 2037.233450 2049.621132 2061.395528 2061.840976 2047.157150 2029.909829 2012.781763 2006.429100 2000.813093 1994.615509 1994.479170 1994.526585 1984.231471 1956.845104 1919.284700 1876.614399 1851.594941 1830.757933 1816.842211 1799.293274 1769.052507 1713.477097 1680.056531
1866.859922 1896.745000 1926.998596 1958.195819 1976.822566 1984.121067 1984.681474 1986.590980 1994.397075 2000.280332 2009.724939 2026.617733 2052.587402 2083.140394 2110.627288 2127.556747 2123.091668 2109.503388 2091.313995 2085.095870 2083.455492 2085.793529 2092.953719 2101.983637 2118.219784 2134.808283 2140.472204 2141.377918 2138.927043 2141.194976 2142.438614 2142.468830 2143.855232 2149.335731 2156.863650 2159.422239 2153.730084 2136.353772 2115.351309 2101.529238 2093.017826 2088.214403 2086.264460 2087.678346 2087.236699 2073.852390 2042.720148 2002.725185 1969.569570 1948.321307 1931.865899 1916.722201 1903.948389 1880.206929 1860.430176
1985.358510 2000.599911 2027.526905 2055.331810 2079.791581 2096.513288 2100.360027 2105.935081 2111.191914 2120.688954 2136.357669 2156.710497 2172.176056 2190.565744 2213.103416 2226.544858 2232.114465 2231.928110 2229.932053 2231.428386 2231.461002 2196.313226 2199.909337 2203.497841 2212.991321 2222.813320 2226.308524 2226.815835 2225.477344 2226.816219 2227.261469 2227.281570 2226.839835 2227.286630 2230.021333 2230.982498 2229.452780 2221.169592 2227.630471 2209.758088 2197.192002 2189.148674 2180.894561 2171.951136 2161.868382 2151.468161 2133.564337 2105.241507 2071.355135 2044.996028 2033.371604 2025.600580 2017.180613 2010.351062 1993.568822
2093.549729 2105.741060 2122.756458 2144.045919 2173.489274 2193.976112 2205.057548 2214.060953 2219.032717 2231.714391 2245.832573 2238.363500 2243.348100 2248.383266 2253.253680 2254.837056 2255.113418 2254.600473 2251.998871 2251.146796 2248.892643 2244.172924 2234.163590 2235.391554 2236.841162 2239.352354 2243.016658 2241.892666 2242.947946 2245.896581 2244.313436 2238.654916 2234.878972 2233.232565 2233.771215 2240.891435 2244.036356 2244.754019 2243.026999 2242.093172 2241.301003 2239.172967 2236.575245 2232.956705 2228.272546 2233.856429 2222.852363 2198.170054 2163.241023 2126.522794 2113.576809 2109.943293 2109.121670 2105.451214 2098.396159
2211.163767 2224.079645 2237.883514 2230.816997 2244.015000 2250.936189 2254.300164 2257.361785 2259.840120 2261.372749 2258.145168 2254.743047 2249.900324 2248.321375 2246.640005 2243.750868 2243.785065 2241.223963 2236.653077 2232.371635 2224.955964 2213.502670 2201.739801 2198.563910 2202.820417 2207.888725 2212.457952 2216.055511 2219.535252 2220.374884 2215.464212 2207.489637 2200.308879 2198.430430 2204.945918 2210.577163 2216.187126 2216.990614 2215.698181 2213.682035 2213.929330 2211.547177 2212.278392 2219.097903 2232.719464 2237.771605 2241.000289 2240.253540 2230.429712 2212.801481 2209.505882 2189.504593 2192.857891 2187.511657 2175.405437
2251.911856 2253.985449 2253.370737 2251.886978 2245.905577 2240.009299 2239.092267 2242.678237 2249.130388 2249.934228 2242.566320 2233.825727 2226.349873 2218.858205 2215.912188 2213.914122 2212.387648 2211.601688 2205.426537 2196.436309 2180.005222 2167.769665 2156.016996 2149.560442 2146.914717 2151.374665 2161.460504 2171.648874 2176.401229 2169.165559 2161.526271 2150.655916 2142.639278 2142.937104 2144.971514 2154.158260 2168.826142 2174.285086 2175.234133 2170.183913 2165.707628 2160.309088 2158.796292 2166.199484 2181.707084 2197.708273 2212.104163 2220.715366 2228.191826 2234.703218 2236.926471 2238.277152 2238.814191 2237.181422 2236.491927
2247.372038 2240.719818 2233.868028 2228.392044 2221.310082 2215.078945 2212.626177 2214.140932 2216.006609 2211.732707 2204.354280 2193.443519 2181.738968 2171.143321 2163.512034 2163.043402 2163.882801 2163.703216 2156.017639 2140.517169 2122.295082 2108.203878 2093.803896 2089.370787 2084.008232 2078.873972 2089.224952 2106.817990 2113.285203 2099.344230 2089.330334 2075.027676 2067.952239 2064.742709 2066.226313 2075.649708 2096.213088 2116.849417 2118.702389 2109.370269 2100.365433 2096.594654 2094.963190 2101.976729 2120.544117 2141.482103 2157.342128 2167.871259 2174.131013 2182.689197 2192.568069 2205.599893 2219.295062 2230.662567 2238.141029
2222.086609 2213.799293 2205.432818 2196.999706 2189.006611 2181.675780 2176.265728 2173.029950 2168.935743 2161.869554 2153.759610 2136.634529 2123.384269 2110.117321 2094.982778 2090.080107 2085.264883 2085.423196 2073.100361 2062.528321 2043.889521 2027.888164 2011.774517 2000.183158 1994.140493 1987.979034 1990.499912 2005.258366 2014.051490 2001.934902 1991.912129 1979.823926 1974.236239 1971.077466 1973.321690 1983.847854 2005.450297 2024.316270 2032.154384 2025.190936 2022.113638 2021.645723 2021.729898 2028.874034 2043.460896 2063.799032 2086.101303 2103.950649 2114.516133 2123.030507 2133.812836 2149.081244 2163.728623 2178.281591 2195.930920
2187.254656 2177.176600 2166.333777 2155.639414 2143.916042 2131.921565 2124.274780 2124.450640 2116.695392 2109.244323 2090.683976 2041.111127 2021.136666 2001.800424 1985.038103 1977.663162 1968.607617 1957.030634 1946.883826 1939.899639 1934.824632 1919.174763 1901.243484 1884.314981 1878.943814 1874.801618 1863.387800 1865.341715 1867.682791 1875.260130 1868.394080 1864.026534 1863.172434 1860.881096 1863.750661 1877.380437 1888.367438 1897.598184 1904.554291 1905.798953 1914.714081 1922.716480 1929.903726 1947.434108 1961.497977 1979.771205 2002.210651 2027.706802 2042.965209 2053.863926 2065.942116 2082.621803 2100.194638 2118.651499 2141.838009
2145.844600 2130.043600 2114.955069 2099.612430 2085.562595 2071.436989 2056.075492 2055.598525 2050.937465 2040.471080 1994.027213 1951.027030 1916.996065 1897.870798 1874.140546 1860.803425 1846.766325 1815.709320 1799.467565 1794.235588 1801.422793 1793.112997 1776.277008 1762.612427 1753.904635 1746.308423 1731.949682 1720.108101 1725.182782 1739.237321 1736.533409 1736.524674 1741.885958 1740.724190 1736.601554 1739.916197 1753.909986 1761.691447 1772.537469 1786.676059 1792.292506 1804.927260 1834.764980 1849.772701 1866.525382 1887.755175 1910.880130 1935.185905 1957.858515 1973.070166 1989.495725 2009.753241 2028.034014 2050.018453 2074.446275
2088.837424 2059.378291 2038.369500 2020.255476 2000.910754 1976.844874 1954.940133 1950.883491 1942.470742 1918.761809 1869.463999 1829.436159 1800.483521 1777.272840 1752.391261 1730.970388 1699.655443 1666.341822 1644.864844 1652.684059 1660.495270 1664.163253 1650.723275 1638.424775 1628.336168 1613.206857 1597.439846 1584.421661 1593.706703 1602.245240 1613.914826 1618.551566 1622.425470 1626.178103 1625.196741 1619.123379 1621.481168 1630.505900 1641.291158 1653.049060 1670.078072 1702.490480 1728.431310 1747.516751 1769.793973 1791.387431 1815.675194 1841.260501 1865.183165 1883.600982 1904.037479 1925.062354 1947.854112 1969.979700 1995.934610
2006.862264 1978.113221 1950.505870 1926.450730 1896.872506 1854.427832 1838.131642 1827.740052 1810.615599 1769.676086 1726.492318 1695.154670 1673.819007 1648.695016 1624.926283 1596.566165 1563.827056 1538.316211 1517.526328 1524.785064 1532.274579 1545.898353 1534.788808 1524.881739 1519.601330 1504.607929 1490.925164 1475.905051 1483.039343 1493.630617 1512.773415 1517.555674 1521.317470 1529.181427 1528.446775 1525.619580 1514.409978 1522.894875 1533.970067 1548.633552 1578.064983 1603.139120 1627.910189 1650.771588 1672.466578 1696.478550 1721.847109 1747.710610 1775.564652 1797.180792 1818.382964 1842.055878 1864.190878 1883.518128 1905.232942
1893.612861 1867.602087 1844.957007 1819.572603 1780.054274 1735.307514 1698.008093 1677.409696 1633.955792 1598.934777 1567.907556 1554.916122 1537.637664 1514.855805 1493.285492 1471.854363 1446.550436 1424.585398 1399.753185 1403.526025 1416.577644 1431.127396 1427.425590 1425.137689 1422.403122 1411.755188 1398.165759 1384.610340 1388.261338 1404.026905 1421.235146 1429.572216 1436.656657 1444.420338 1444.636625 1437.236561 1428.692771 1434.498055 1449.491616 1466.282128 1486.985016 1509.811140 1532.590271 1554.472855 1578.653604 1603.652209 1629.122717 1656.577484 1685.475738 1708.229123 1734.100067 1760.810043 1781.670950 1795.175570 1809.643270
1782.115277 1759.709669 1734.738927 1706.883117 1664.998830 1622.796284 1579.911171 1537.418871 1503.393331 1472.162948 1457.227425 1438.674255 1421.510207 1403.811282 1382.374528 1363.329272 1345.257487 1323.001202 1307.323722 1312.840805 1325.637886 1335.520539 1339.370514 1336.509045 1333.584657 1326.630910 1312.856804 1304.747780 1313.706220 1328.999976 1343.501540 1354.197424 1361.084038 1367.001228 1364.408931 1356.175899 1351.632131 1360.124002 1376.082571 1391.093270 1408.292564 1430.295616 1452.212002 1475.020853 1498.962755 1522.915331 1549.366592 1576.702470 1604.716544 1632.969608 1658.295544 1681.474603 1694.332592 1707.578326 1715.100482
1650.494443 1634.486081 1608.137594 1579.209405 1546.520591 1508.876544 1479.383302 1446.626355 1415.107035 1384.353032 1358.078429 1341.838777 1332.520931 1317.771920 1298.767339 1285.541992 1268.654135 1253.191025 1254.690403 1256.712212 1266.566842 1266.553791 1267.084789 1264.148622 1263.112476 1259.406876 1250.220288 1258.746720 1265.923894 1280.158389 1290.727413 1300.309552 1306.497539 1310.572254 1311.039886 1305.579423 1310.116517 1317.240545 1331.911921 1344.033279 1359.193400 1380.391863 1398.488291 1418.744262 1441.961685 1466.068318 1491.395025 1518.460766 1547.745292 1574.234944 1595.309695 1606.156507 1618.705771 1625.571189 1620.787854
