tests/Borden05m/data_simulated/sim_1/output-maps/psiliqL0015N0011.asc
ncols         160
nrows         34
xllcorner     620200.000000
yllcorner     5168000.000000
cellsize      0.500000
NODATA_value  -9999.0
[rows 0 to 24 of 34, columns 0 to 55 of 160]
-9999.0 -9999.0 -9999.0 -9999.0 -9999.0 -9999.0 -9999.0 -9999.0 -9999.0 -9999.0 -9999.0 -9999.0 -9999.0 -9999.0 -9999.0 -9999.0 -9999.0 -9999.0 -9999.0 -9999.0 -9999.0 -9999.0 -9999.0 -9999.0 -9999.0 -9999.0 -9999.0 -9999.0 -9999.0 -9999.0 -9999.0 -9999.0 -9999.0 -9999.0 -9999.0 -9999.0 -9999.0 -9999.0 -9999.0 -9999.0 -9999.0 -9999.0 -9999.0 -9999.0 -9999.0 -9999.0 -9999.0 -9999.0 -9999.0 -9999.0 -9999.0 -9999.0 -9999.0 -9999.0 -9999.0 -9999.0
-9999.0 -9999.0 -9999.0 -9999.0 -9999.0 -9999.0 -9999.0 -9999.0 -9999.0 -9999.0 -9999.0 -9999.0 -9999.0 -9999.0 -9999.0 -9999.0 -9999.0 -9999.0 -9999.0 -9999.0 -9999.0 -9999.0 -9999.0 -9999.0 -9999.0 -9999.0 -9999.0 -9999.0 -9999.0 -9999.0 -9999.0 -9999.0 -9999.0 -9999.0 -9999.0 -9999.0 -9999.0 -9999.0 -9999.0 -9999.0 -9999.0 -9999.0 -9999.0 -9999.0 -9999.0 -9999.0 -9999.0 -9999.0 -9999.0 -9999.0 -9999.0 -9999.0 -9999.0 -9999.0 -9999.0 -9999.0
-9999.0 -9999.0 -9999.0 -9999.0 -9999.0 -9999.0 -9999.0 -9999.0 -9999.0 -9999.0 -9999.0 -9999.0 -9999.0 -9999.0 -9999.0 -9999.0 -9999.0 -9999.0 -9999.0 -9999.0 -9999.0 -9999.0 -9999.0 -9999.0 -9999.0 -9999.0 -9999.0 -9999.0 -9999.0 -9999.0 -9999.0 -9999.0 -9999.0 -9999.0 -9999.0 -9999.0 -9999.0 -9999.0 -9999.0 -9999.0 -9999.0 -9999.0 -9999.0 -9999.0 -9999.0 -9999.0 -9999.0 1098.174079 1081.012385 1065.875395 1063.431879 1085.958916 1109.558689 1133.625003 1154.465854 1173.276136
-9999.0 -9999.0 -9999.0 -9999.0 -9999.0 -9999.0 -9999.0 -9999.0 -9999.0 -9999.0 -9999.0 -9999.0 -9999.0 -9999.0 -9999.0 -9999.0 -9999.0 -9999.0 -9999.0 -9999.0 -9999.0 -9999.0 -9999.0 -9999.0 -9999.0 -9999.0 -9999.0 -9999.0 -9999.0 -9999.0 -9999.0 -9999.0 -9999.0 -9999.0 -9999.0 -9999.0 -9999.0 -9999.0 -9999.0 -9999.0 1145.632858 1151.651624 1152.804873 1142.635872 1131.637563 1119.414948 1099.496565 1081.911371 1067.512914 1065.329561 1068.241789 1073.237653 1095.801743 1120.878416 1140.893000 1158.024072
-9999.0 -9999.0 -9999.0 -9999.0 -9999.0 -9999.0 -9999.0 -9999.0 -9999.0 -9999.0 -9999.0 -9999.0 -9999.0 -9999.0 -9999.0 -9999.0 -9999.0 -9999.0 -9999.0 -9999.0 -9999.0 -9999.0 -9999.0 -9999.0 -9999.0 -9999.0 -9999.0 -9999.0 -9999.0 -9999.0 -9999.0 -9999.0 -9999.0 -9999.0 1052.545067 1070.049507 1088.329996 1107.005198 1124.012150 1131.023504 1136.951247 1142.795971 1138.829592 1134.476878 1123.355059 1104.214225 1084.993440 1071.573845 1069.898262 1067.755079 1072.273704 1085.270643 1102.379303 1118.743586 1139.972997 1163.997057
-9999.0 -9999.0 -9999.0 -9999.0 -9999.0 -9999.0 -9999.0 -9999.0 -9999.0 -9999.0 -9999.0 -9999.0 -9999.0 -9999.0 -9999.0 -9999.0 -9999.0 -9999.0 -9999.0 -9999.0 -9999.0 -9999.0 -9999.0 -9999.0 -9999.0 -9999.0 -9999.0 -9999.0 1055.936963 1050.200385 1045.454040 1044.258410 1043.250909 1042.452117 1049.469205 1061.627632 1079.786010 1101.821741 1115.133369 1122.646863 1129.586022 1130.544858 1125.691752 1124.055446 1124.736839 1113.118215 1101.683925 1091.008278 1080.718513 1079.306636 1089.150086 1103.680732 1120.306227 1135.550270 1151.385756 1161.722930
-9999.0 -9999.0 -9999.0 -9999.0 -9999.0 -9999.0 -9999.0 -9999.0 -9999.0 -9999.0 -9999.0 -9999.0 -9999.0 -9999.0 -9999.0 -9999.0 -9999.0 -9999.0 -9999.0 -9999.0 -9999.0 -9999.0 -9999.0 1025.377269 1031.188391 1037.937191 1045.685101 1046.869786 1043.121523 1037.820124 1035.157298 1034.020294 1032.590363 1037.423569 1045.673532 1059.489037 1075.577285 1097.859791 1106.768736 1112.967384 1125.422898 1128.643315 1134.999261 1139.412610 1138.043135 1135.376732 1122.907655 1113.669991 1118.687331 1124.681569 1131.883388 1140.337071 1154.196850 1169.816552 1187.365802 1207.754831
-9999.0 -9999.0 -9999.0 -9999.0 -9999.0 -9999.0 -9999.0 -9999.0 -9999.0 -9999.0 -9999.0 -9999.0 -9999.0 -9999.0 -9999.0 -9999.0 -9999.0 -9999.0 -9999.0 999.988986 1001.055022 1002.473498 1007.392898 1008.329776 1010.650668 1017.878820 1026.308915 1029.047848 1027.586839 1026.564567 1028.450231 1031.547135 1036.339435 1047.942974 1062.111974 1076.678809 1090.847141 1112.138090 1127.285295 1141.147560 1157.475485 1157.351273 1153.800659 1152.406704 1153.251048 1153.676540 1157.559190 1160.279308 1166.930824 1171.622222 1178.114753 1187.922298 1200.003445 1218.597315 1238.728618 1258.767166
-9999.0 -9999.0 -9999.0 -9999.0 -9999.0 -9999.0 -9999.0 -9999.0 -9999.0 -9999.0 -9999.0 -9999.0 -9999.0 -9999.0 -9999.0 -9999.0 971.019198 972.995626 975.402536 980.968728 984.139922 988.373903 995.584098 997.126890 1001.165122 1008.627154 1013.826501 1023.050838 1031.522053 1039.228294 1045.622477 1048.739503 1056.566848 1066.631604 1078.943401 1094.548458 1116.388250 1140.021372 1156.738745 1174.068986 1191.678403 1192.802063 1192.159653 1193.693783 1194.461030 1200.805509 1218.437955 1224.459109 1225.575836 1241.889873 1256.208308 1261.694523 1269.940450 1289.696740 1313.849252 1337.007315
-9999.0 -9999.0 -9999.0 -9999.0 -9999.0 -9999.0 -9999.0 -9999.0 -9999.0 -9999.0 -9999.0 -9999.0 -9999.0 924.153088 928.440894 938.260489 947.879802 950.670358 955.258627 961.626993 974.106771 978.049215 984.591593 992.484366 1004.791611 1013.808471 1023.365387 1035.634511 1044.478075 1052.175823 1059.664819 1065.600819 1079.242916 1094.919537 1111.113760 1131.812231 1154.389296 1175.368178 1196.284707 1212.790076 1226.983539 1229.214173 1228.822081 1231.707691 1239.670394 1257.031211 1276.262863 1285.301443 1303.486447 1326.960287 1340.848736 1352.905919 1362.125233 1376.293562 1398.190298 1432.723315
-9999.0 -9999.0 -9999.0 -9999.0 -9999.0 -9999.0 -9999.0 -9999.0 -9999.0 -9999.0 891.097998 893.531789 890.336387 890.172634 895.566366 907.956785 921.995370 928.793802 940.710679 961.982292 980.167617 984.039625 998.905028 1009.546453 1016.766904 1027.730805 1041.368171 1054.672064 1071.970062 1085.030484 1097.101752 1117.088452 1134.220657 1151.469921 1169.958044 1190.996154 1211.345273 1240.279567 1267.968673 1281.412918 1304.148013 1315.382908 1313.235652 1313.919307 1323.550227 1339.978207 1361.619800 1385.396773 1407.775204 1433.706803 1451.469384 1466.584667 1478.087509 1491.181542 1507.734117 1544.027780
-9999.0 -9999.0 -9999.0 -9999.0 -9999.0 -9999.0 -9999.0 -9999.0 866.232742 873.778321 880.097714 877.363128 873.172636 869.460453 883.554541 899.701954 916.092356 934.105711 950.473607 969.081378 984.745205 1001.388852 1021.741369 1033.949524 1046.141564 1062.065974 1076.368322 1094.080906 1116.079300 1129.381854 1146.681336 1168.843534 1188.206631 1207.108569 1226.787805 1245.877376 1272.955764 1307.247951 1339.972059 1363.285548 1391.998895 1415.525533 1415.394677 1418.405272 1423.352588 1449.552943 1479.468157 1510.765645 1536.457242 1564.226305 1594.201980 1612.930977 1624.265491 1637.518703 1653.344169 1673.017376
-9999.0 -9999.0 -9999.0 -9999.0 -9999.0 -9999.0 838.744981 863.169830 878.444609 870.786208 860.982286 857.591564 853.800226 877.927345 900.299744 917.988663 935.356838 953.477773 970.537863 983.877274 1017.979838 1036.484158 1051.415187 1069.957502 1085.288375 1100.662210 1118.864830 1142.975577 1165.501328 1195.768849 1222.171356 1246.846787 1274.036582 1294.735133 1314.567801 1333.706554 1365.809760 1403.919846 1441.353759 1470.895711 1498.866122 1530.375669 1537.892376 1544.023153 1551.362358 1572.917196 1605.082388 1635.895411 1670.016460 1702.431815 1729.655297 1742.020168 1752.922849 1764.759734 1778.708597 1791.347368
-9999.0 -9999.0 -9999.0 -9999.0 805.070490 826.133051 846.339244 877.261036 900.115113 895.496595 902.480735 902.973122 901.506697 905.898142 913.504116 932.121162 951.330112 970.838745 989.148179 1024.373583 1069.273887 1085.415694 1110.268399 1143.000692 1157.514020 1173.689353 1190.869645 1214.767129 1242.116789 1276.290100 1320.508761 1358.319945 1384.935587 1408.683202 1430.772117 1453.427557 1488.303580 1526.638266 1564.112026 1598.829675 1629.218785 1655.626044 1668.500844 1676.693183 1688.768686 1705.450241 1727.158222 1754.754973 1786.345820 1818.583508 1843.772442 1857.502066 1865.670356 1876.656330 1887.306712 1899.467017
-9999.0 -9999.0 -9999.0 755.366319 794.201609 832.303186 859.555162 890.790366 923.335959 928.294941 937.795477 943.121764 948.357289 957.445761 966.478220 984.242225 1001.187331 1017.954310 1040.721382 1078.062776 1113.641144 1143.840920 1176.645080 1203.960339 1225.369635 1242.158887 1261.684009 1286.476271 1326.977278 1364.978593 1415.739727 1469.453769 1506.703691 1531.518430 1554.359744 1582.163816 1607.663246 1644.384107 1679.594403 1713.017809 1745.027736 1770.040677 1788.936089 1796.771919 1806.562351 1815.270212 1831.545987 1853.216940 1875.324400 1904.382105 1932.888469 1957.949116 1972.283665 1982.641794 1998.881385 2015.126395
-9999.0 -9999.0 708.059615 746.040573 780.211513 830.560408 883.848428 918.691221 960.023447 984.281388 991.627595 1009.203772 1025.836981 1033.673735 1049.786775 1067.574512 1086.156431 1093.781252 1111.533806 1142.265577 1192.328505 1238.264044 1259.535732 1310.959402 1345.073069 1373.780197 1392.512300 1419.968320 1456.138660 1497.881181 1546.467945 1596.540364 1635.072179 1666.380169 1683.274007 1703.026933 1725.734756 1749.966038 1784.042483 1812.884769 1844.605085 1870.903615 1892.808036 1899.662997 1904.783179 1920.637765 1945.172941 1971.295975 1996.030613 2019.978376 2023.169784 2035.736047 2041.929919 2045.811025 2051.079013 2054.780632
-9999.0 -9999.0 681.213751 726.302324 766.607468 833.074040 913.419130 951.028482 994.511583 1041.124894 1060.534445 1085.860752 1098.312478 1108.385932 1132.657165 1155.802394 1169.300520 1177.013638 1177.469500 1233.581606 1292.415100 1342.929197 1389.493265 1457.436565 1503.849259 1521.704317 1535.186312 1556.372317 1581.189627 1624.154181 1671.050513 1723.464629 1766.729806 1797.575236 1813.807910 1832.192664 1852.297578 1869.757724 1888.744422 1928.184147 1956.070096 1982.299930 2009.545444 2029.974884 2038.492762 2042.304711 2031.624972 2042.063007 2049.464785 2053.230038 2055.071961 2052.458487 2052.438526 2053.617508 2054.901639 2050.018364
-9999.0 592.076379 644.341392 697.610876 766.620422 834.080412 917.500168 997.909660 1055.945421 1104.361244 1134.601189 1147.663442 1184.471958 1227.643938 1254.754461 1282.455160 1286.965581 1293.455056 1284.509510 1333.672905 1383.597576 1457.497156 1566.376132 1623.391496 1669.313029 1672.303384 1668.200001 1680.943179 1704.550964 1747.841043 1814.593392 1861.703009 1914.686905 1954.794571 1970.021200 1977.016352 1994.516085 2014.186902 2000.289509 2023.755573 2035.153015 2044.864873 2048.515851 2051.033011 2052.825604 2053.682073 2051.142363 2045.398878 2038.236896 2033.218720 2029.619680 2025.429822 2028.022007 2031.296879 2031.871982 2024.756658
-9999.0 556.507447 616.003705 687.594147 758.834020 826.549988 929.956670 1074.330532 1129.328489 1168.110587 1192.194649 1215.091814 1293.601174 1360.822216 1396.448470 1442.484832 1438.841867 1430.067136 1417.443875 1450.618082 1499.910618 1573.395310 1715.231309 1799.291555 1828.973538 1841.182869 1849.082643 1876.058519 1912.931395 1949.370283 1982.623906 1981.692856 2009.117278 2023.339207 2028.127684 2030.559196 2034.995764 2035.922333 2034.928543 2032.365379 2028.935628 2030.321186 2035.388471 2036.109958 2034.104589 2031.615292 2026.453829 2019.135971 2013.714321 2009.086285 2006.266885 2003.135603 2001.305023 2000.937379 1996.104928 1989.871507
-9999.0 526.518501 597.952996 661.580434 726.443326 840.784163 967.554019 1104.095258 1198.316574 1237.850283 1262.133778 1332.168873 1434.006724 1531.273839 1584.664364 1612.264973 1615.769496 1596.456894 1600.597037 1645.470429 1710.006386 1801.388927 1893.492048 1970.417229 1985.053946 1990.420908 1970.755872 1985.849529 1999.846996 2003.737413 2006.705141 2011.847162 2018.619364 2022.940713 2023.174972 2021.704036 2018.200871 2011.282781 2007.207553 2004.720293 2002.050998 2002.281520 2005.443053 2007.116135 2004.928191 2001.278750 1996.721233 1990.787712 1984.279026 1977.299251 1972.943197 1968.514169 1965.890450 1960.448198 1955.434355 1948.551855
-9999.0 426.360923 515.026650 569.923419 684.008607 859.109873 986.644531 1137.476355 1285.408658 1326.286777 1402.686978 1524.166269 1630.603494 1705.720812 1747.874752 1791.570488 1822.778380 1847.964037 1883.845420 1840.738360 1897.447006 1955.343643 1981.388322 1994.913385 1998.952261 2002.173819 1996.212222 1978.910167 1970.356536 1965.413820 1968.685881 1977.331252 1983.959132 1990.412005 1989.261907 1990.534562 1991.098123 1987.971300 1984.536394 1976.752641 1969.628445 1964.275052 1962.726737 1968.098977 1963.378434 1960.249278 1954.093035 1945.738057 1936.646879 1928.598900 1920.470020 1913.299319 1909.978227 1903.789165 1901.391433 1892.041102
-9999.0 345.485323 422.374704 511.271989 649.234652 814.151950 944.027862 1112.340350 1322.732790 1441.492837 1568.353751 1642.481274 1716.672866 1778.263737 1841.755517 1890.432069 1917.770992 1930.277787 1921.244825 1933.552665 1902.820990 1897.231617 1915.824730 1943.473267 1958.383723 1963.984528 1957.254753 1948.234380 1942.366068 1942.401224 1942.029813 1941.184824 1940.001084 1938.324088 1935.673746 1937.928333 1942.553287 1936.431338 1927.835019 1919.759584 1912.529041 1904.440095 1899.123102 1895.729021 1894.700106 1894.361056 1886.697943 1876.073848 1865.158615 1856.548839 1848.440796 1842.370165 1839.120788 1833.376394 1824.438719 1811.118628
-9999.0 246.479639 368.164954 462.143693 583.915459 721.450764 848.540195 1013.528979 1163.725751 1385.700919 1544.347832 1655.147347 1698.609760 1759.104155 1819.656034 1888.409030 1895.337727 1869.437018 1839.170196 1826.201529 1833.098657 1843.567539 1857.114313 1876.933860 1895.132509 1905.624971 1908.778445 1902.222790 1889.324097 1880.281966 1873.628615 1863.896680 1856.933005 1855.823400 1856.897845 1864.146436 1866.058637 1856.901168 1843.927083 1827.863474 1813.915840 1803.423665 1800.687544 1802.123517 1802.135468 1798.394764 1791.508047 1780.794951 1768.039571 1755.930446 1748.223541 1742.327010 1734.762906 1724.011851 1712.084929 1698.678231
-9999.0 -9999.0 292.702605 404.048077 512.547137 636.024019 751.999371 896.299253 1048.149210 1230.919950 1350.093258 1483.301815 1557.975617 1605.339237 1655.884769 1712.104859 1733.376783 1755.166573 1741.364447 1747.478876 1755.149950 1761.769016 1771.624517 1783.205434 1796.663984 1807.066431 1815.346601 1813.620482 1804.969484 1787.951199 1767.548458 1751.847199 1742.911848 1735.746842 1744.966376 1756.030503 1752.649197 1745.824385 1733.814707 1718.172326 1705.328602 1691.734099 1688.000927 1688.176925 1688.136848 1685.105099 1680.574537 1667.635129 1654.566259 1642.543649 1636.663940 1629.999752 1624.082588 1612.693892 1600.493701 1587.218202
-9999.0 -9999.0 208.296911 317.330946 432.209386 556.286997 657.296732 732.271422 885.589037 1002.935470 1108.665724 1208.492807 1292.339251 1356.806006 1401.149380 1463.006214 1505.864642 1523.195425 1545.358226 1577.231604 1604.055922 1632.857695 1651.817554 1664.648273 1678.776496 1692.368444 1701.172166 1689.651647 1679.068743 1662.815595 1641.746094 1618.573554 1606.409358 1602.837230 1604.505188 1608.969168 1602.903225 1593.296639 1578.989969 1563.592062 1550.741109 1539.660083 1535.545789 1531.860555 1530.250249 1527.165922 1523.894784 1515.479953 1504.301586 1496.595330 1487.913298 1481.639177 1478.191334 1471.237430 1461.811207 1455.329082
