tests/Borden05m/data_simulated/sim_1/output-maps/psiliqL0014N0008.asc
ncols         160
nrows         34
xllcorner     620200.000000
yllcorner     5168000.000000
cellsize      0.500000
NODATA_value  -9999.0
[rows 0 to 24 of 34, columns 56 to 111 of 160]
-9999.0 -9999.0 -9999.0 -9999.0 -9999.0 -9999.0 -9999.0 -9999.0 -9999.0 -9999.0 -9999.0 -9999.0 -9999.0 -9999.0 -9999.0 -9999.0 -9999.0 -9999.0 -9999.0 -9999.0 -9999.0 -9999.0 -9999.0 -9999.0 -9999.0 -9999.0 -9999.0 -9999.0 -9999.0 -9999.0 -9999.0 -9999.0 -9999.0 -9999.0 -9999.0 -9999.0 -9999.0 -9999.0 -9999.0 -9999.0 -9999.0 -9999.0 -9999.0 -9999.0 -9999.0 -9999.0 -9999.0 -9999.0 -9999.0 -9999.0 -9999.0 -9999.0 -9999.0 -9999.0 -9999.0 -9999.0
-9999.0 -9999.0 -9999.0 1030.483949 1025.106216 1020.105926 1015.502479 1006.927176 998.051942 990.077444 986.490093 985.969951 985.592795 985.597201 991.220205 999.629527 1007.671359 1015.218767 1018.054254 1020.929522 1023.600238 1024.544370 1023.803015 1021.043581 1018.190210 1015.193246 1014.012057 1006.285086 995.174842 986.605050 984.003417 988.503296 993.016824 995.521344 1001.282057 1011.897980 1022.536065 1030.857197 1042.495593 1048.016197 1052.679996 1055.076058 1050.394933 1046.265435 1041.870315 1036.208103 1024.873309 -9999.0 -9999.0 -9999.0 -9999.0 -9999.0 -9999.0 -9999.0 -9999.0 -9999.0
994.592099 1014.927048 1018.312018 1006.910597 1002.090048 999.042027 997.314885 992.828429 984.556352 979.712847 974.738045 973.263766 973.766772 974.262277 978.768512 989.383819 997.752455 1002.921798 1005.887389 1008.983974 1009.101772 1009.085580 1009.306805 1006.943967 1004.001115 1001.049982 999.627027 1000.444502 993.110437 987.789536 984.484566 982.824146 985.410185 987.831256 991.277449 1000.656667 1008.653677 1016.590073 1030.659953 1042.733033 1047.497800 1044.378043 1038.730690 1034.209278 1026.756122 1016.030197 1005.279505 995.538462 988.136705 982.008261 975.584682 980.935813 986.969387 996.179233 1005.246400 1016.769567
980.143776 1000.634525 1003.741935 993.262768 985.297904 980.462610 981.056667 984.103552 981.067515 976.919977 972.246400 981.380760 983.158750 984.757241 988.489557 991.910989 995.593547 998.753834 1004.596234 1014.129990 1017.453791 1018.618680 1019.399718 1018.182066 1015.631296 1014.323976 1012.006542 1007.172178 1006.312072 1006.766591 1006.588060 1011.579444 1013.123749 1014.945927 1008.330888 1011.866833 1017.930354 1024.562533 1030.700302 1036.889857 1040.161049 1036.145044 1034.498026 1025.142037 1010.363562 998.424669 989.219737 986.782166 982.832142 974.150548 960.534755 966.893300 981.662141 985.502364 988.082783 999.110681
976.971911 989.145782 992.561490 987.983915 989.789279 991.826108 993.768333 992.700553 990.252094 988.725062 1001.712805 1011.682523 1014.086833 1017.556837 1021.730162 1021.683522 1010.312122 1008.401007 1017.147014 1028.082836 1034.589373 1035.657184 1036.429158 1035.082099 1034.803852 1035.068228 1033.438796 1034.525985 1037.220080 1037.263093 1041.934185 1047.672760 1050.647922 1043.072212 1033.982815 1034.840638 1042.499207 1050.487954 1057.474685 1067.546209 1078.058126 1076.119380 1069.374084 1059.064464 1044.203623 1019.522076 998.915847 986.887518 978.546205 970.225163 969.349194 965.117412 975.531030 976.217924 977.185153 984.493543
985.249728 1007.049770 1015.457385 1010.173936 1005.810786 1003.764047 1005.138960 1005.932333 1009.539127 1022.544051 1037.001944 1052.088374 1055.633820 1058.889558 1059.026605 1050.592249 1040.817725 1037.628789 1052.882924 1069.925383 1079.220620 1081.004481 1081.303368 1089.081985 1088.826532 1088.087170 1084.000610 1086.505181 1088.160104 1098.078162 1105.928988 1113.190886 1111.464584 1099.447345 1087.910310 1086.370485 1089.150296 1092.415968 1098.297384 1107.852050 1116.526323 1110.108260 1101.420066 1089.710782 1059.417987 1030.797663 1012.426700 1010.965827 1009.592588 1003.238781 998.712927 994.237947 986.128241 984.393257 982.339521 980.647171
1038.322948 1059.316282 1075.834882 1070.952915 1063.755285 1054.519276 1055.916372 1059.713921 1068.720372 1082.730382 1101.108636 1126.162982 1130.011489 1134.060751 1137.304180 1126.565642 1114.640697 1104.070316 1122.826587 1134.210136 1144.292765 1147.573441 1158.975493 1170.459720 1167.427369 1160.698314 1151.262666 1158.227122 1170.249975 1185.720390 1192.833924 1196.908492 1195.544464 1184.307871 1178.439834 1176.993876 1179.216943 1176.715937 1180.976580 1190.291967 1203.980167 1201.511736 1190.425433 1165.333096 1125.674068 1089.071154 1066.736491 1070.324901 1061.393308 1052.637058 1047.234961 1031.673820 1019.264342 1017.702266 1006.606124 999.011371
1091.610171 1111.251019 1130.706273 1126.893848 1117.409337 1105.002014 1105.448915 1114.007286 1125.572936 1146.137635 1170.428426 1195.764489 1205.169011 1209.168718 1219.641476 1213.687662 1204.548814 1196.766850 1209.232301 1222.616262 1236.345190 1248.405588 1263.730950 1277.532749 1269.521895 1258.782142 1254.464390 1260.568595 1281.108586 1298.985319 1304.337601 1305.643858 1308.283756 1298.984015 1292.442999 1285.889768 1280.943884 1275.144658 1270.758107 1288.323221 1303.350537 1299.247618 1272.838539 1245.144205 1205.059702 1163.949060 1129.143187 1126.352440 1120.781832 1117.401378 1100.346179 1082.828737 1064.680983 1053.327739 1042.263236 1026.444713
1189.969742 1212.481340 1235.360194 1237.205150 1221.568575 1214.498754 1220.372191 1234.488328 1243.497166 1261.094963 1286.932496 1320.281996 1342.944776 1363.043042 1368.251666 1360.334110 1351.544309 1338.850404 1338.160207 1357.211175 1371.661176 1385.260765 1399.052796 1414.273698 1421.768262 1420.695339 1421.361875 1425.415224 1433.294117 1442.804673 1449.662688 1454.968598 1460.304178 1456.148147 1445.974772 1440.035722 1431.753402 1425.476499 1422.815280 1424.975224 1434.713834 1429.736858 1399.334546 1367.983491 1331.533956 1290.583023 1255.759265 1235.415573 1238.570472 1224.797463 1203.669251 1181.793743 1144.591791 1125.924236 1107.690073 1076.434700
1304.763764 1334.728818 1351.196572 1365.706561 1361.667496 1364.226283 1369.448686 1378.297895 1385.152186 1395.155029 1429.575724 1465.926929 1496.139669 1521.103858 1530.177255 1520.148383 1510.695974 1499.255972 1490.999015 1497.244549 1514.045017 1533.461776 1551.852471 1565.553093 1571.129877 1571.486953 1572.880451 1575.673741 1579.124717 1582.446135 1588.756850 1595.952212 1605.746834 1616.468771 1610.604233 1594.412599 1582.918425 1570.078652 1565.511546 1563.686856 1560.871046 1558.332026 1546.690669 1510.924100 1478.561718 1443.105724 1411.449433 1387.249069 1370.500081 1347.484437 1321.443280 1271.872306 1228.381091 1190.179786 1160.255228 1129.635732
1435.605588 1468.489078 1493.592764 1509.698925 1513.028693 1516.138719 1519.551533 1526.434449 1532.957314 1541.420524 1565.494798 1603.699418 1641.033585 1670.777138 1674.540819 1665.146867 1655.171203 1645.673967 1635.980768 1634.192560 1644.198910 1657.651335 1675.959456 1689.011302 1699.759332 1700.032176 1701.298323 1702.439720 1704.892866 1706.968770 1709.145766 1716.280417 1728.168721 1739.559066 1740.736021 1727.720959 1711.603660 1695.305528 1689.071022 1683.334728 1676.804274 1675.383845 1673.712476 1663.021790 1635.051962 1596.779692 1552.354356 1524.146832 1500.632090 1484.685306 1465.464291 1435.362330 1379.450170 1344.294917 1305.486538 1268.934647
1563.029294 1593.944334 1625.101797 1643.830910 1651.308443 1651.742842 1653.820443 1661.684440 1668.402947 1678.878271 1695.845492 1720.096954 1748.902383 1775.173179 1791.892069 1787.986861 1775.608273 1758.969294 1754.566195 1754.543366 1758.156947 1766.418087 1776.105127 1792.818812 1809.620978 1815.729225 1817.061093 1815.090240 1817.547376 1818.986615 1819.265158 1820.559578 1825.604502 1832.915660 1835.806839 1831.406520 1816.025537 1796.808734 1783.639735 1775.600209 1770.942203 1768.300638 1768.477766 1766.727757 1753.311801 1723.072556 1684.071417 1650.233721 1627.584177 1610.090962 1594.134319 1580.080109 1556.456353 1534.811622 1500.743431 1454.705054
1672.825361 1699.028266 1725.708545 1749.327773 1765.173406 1768.614682 1773.897790 1778.736615 1788.372680 1803.837558 1822.964463 1836.962835 1853.667044 1874.645596 1887.088239 1892.747340 1893.336924 1892.631953 1895.344102 1896.667654 1869.041566 1873.434122 1877.592995 1886.235909 1895.299030 1898.538324 1899.163825 1898.294814 1899.755126 1900.470800 1900.924570 1900.871278 1901.272891 1903.860320 1905.090079 1904.464353 1898.127746 1903.137536 1886.881773 1875.488866 1868.137136 1860.167217 1851.096014 1840.863857 1830.591296 1813.817733 1786.879331 1754.012792 1727.436076 1715.597498 1707.647853 1698.888538 1691.065632 1673.501583 1650.288353 1618.171391
1778.703860 1794.628960 1814.462800 1841.485314 1860.001575 1869.912014 1878.024913 1882.497315 1894.505206 1907.711044 1901.680400 1905.466803 1909.264390 1913.001383 1914.221732 1914.657023 1914.777149 1913.152790 1913.606224 1912.901272 1909.450914 1900.926136 1903.114796 1905.058602 1907.736546 1911.301893 1910.043729 1911.094241 1914.266049 1913.173459 1908.190176 1905.082960 1903.935398 1904.793864 1912.259340 1915.870469 1917.292575 1916.873460 1916.955150 1917.114757 1915.902674 1913.967336 1910.900679 1906.825604 1910.491990 1900.174358 1876.994618 1844.260214 1809.664633 1796.423397 1792.101503 1791.252392 1787.074890 1779.797165 1760.898710 1733.910766
1891.385535 1904.336490 1899.843655 1910.140117 1915.233943 1917.460384 1919.763828 1921.819019 1922.793837 1919.398873 1915.826271 1910.934754 1909.341286 1907.683010 1904.979986 1905.430390 1903.594921 1900.145579 1897.374953 1891.854503 1882.190876 1871.810411 1869.747516 1874.430675 1879.280315 1883.295111 1886.252477 1889.484534 1890.708980 1886.497489 1879.423558 1873.142568 1871.889047 1878.798554 1884.766698 1890.574975 1891.954546 1891.499468 1890.519425 1891.714397 1890.083667 1891.095599 1897.664856 1910.644980 1915.842231 1918.346961 1917.791330 1909.916361 1895.620577 1889.511634 1869.722480 1872.521132 1867.042678 1855.085647 1834.318223 1811.280638
1918.798732 1918.308199 1916.628026 1910.580033 1904.544771 1903.428801 1906.793094 1913.074730 1913.897271 1906.659071 1898.180459 1890.991069 1883.851561 1881.187996 1879.389223 1878.285554 1878.217449 1873.242088 1866.111074 1851.860097 1841.453518 1831.159492 1825.575858 1823.424427 1827.685364 1836.702792 1845.653597 1849.934681 1843.313240 1836.521618 1826.826220 1819.825124 1820.924093 1823.771981 1833.295443 1847.863985 1853.410693 1855.184863 1851.381758 1848.197064 1843.610152 1842.519383 1849.749654 1864.577111 1879.540779 1892.922784 1900.904172 1908.037679 1914.228438 1917.036582 1917.676394 1917.488739 1915.514099 1913.844716 1898.372312 1877.861366
1907.309802 1901.028959 1896.084429 1889.391462 1883.391312 1881.106066 1882.760751 1884.831341 1880.828819 1873.682096 1863.161509 1851.884593 1841.617595 1834.450573 1834.120624 1835.221749 1835.543233 1829.121541 1815.406576 1799.238215 1786.972557 1773.965018 1770.205930 1764.911105 1759.548531 1768.755243 1784.755305 1790.412691 1777.012379 1767.823989 1754.694888 1748.583463 1746.536331 1749.001870 1759.210812 1779.955070 1800.526321 1803.219466 1795.259561 1787.591902 1784.647970 1783.547259 1790.796876 1809.065812 1829.006798 1843.814137 1853.481465 1859.192625 1867.194948 1876.330789 1888.020356 1900.270223 1910.225273 1917.303309 1920.952754 1918.640925
1884.779001 1877.350606 1869.822698 1862.582648 1855.828309 1850.723222 1847.564805 1843.723631 1836.776725 1828.883807 1813.131087 1800.145140 1787.063608 1771.960779 1766.808134 1762.069305 1762.471581 1750.930449 1741.210000 1723.742061 1709.175027 1694.107589 1683.292438 1676.703988 1669.442821 1671.310708 1684.957514 1693.043978 1680.258208 1670.600536 1658.980697 1654.150708 1652.141788 1655.512829 1667.256865 1690.459329 1710.556253 1719.409493 1713.689488 1711.277842 1711.521398 1712.522652 1720.103170 1735.468791 1755.990847 1777.720413 1794.694419 1804.768874 1812.908582 1823.040605 1837.087412 1850.208442 1863.003820 1878.766261 1897.690498 1911.391483
1854.231927 1844.510898 1834.796461 1823.810013 1812.296334 1804.770700 1804.522123 1796.388271 1788.497790 1770.775280 1722.267161 1702.265296 1682.306461 1664.589828 1656.048944 1645.977340 1635.023821 1624.820926 1618.103685 1612.509167 1597.517322 1580.130637 1563.245442 1556.815349 1550.895208 1538.880291 1540.706877 1542.550960 1547.950007 1541.053047 1536.461733 1535.788450 1534.664043 1539.415884 1555.059982 1568.582658 1580.283161 1588.736244 1590.517968 1600.303650 1609.412688 1617.084892 1635.900556 1651.778291 1671.556638 1694.999838 1720.777312 1736.188174 1747.372209 1759.407881 1775.478944 1791.942267 1808.720668 1829.969986 1853.349751 1868.165945
1813.596833 1799.427861 1784.566376 1770.548218 1756.048805 1740.378988 1738.794348 1732.874387 1721.520479 1675.872869 1631.037730 1595.497448 1574.210638 1548.402771 1532.854769 1517.308188 1486.493990 1469.971465 1463.800264 1469.741990 1460.750755 1443.570595 1428.922875 1419.128903 1410.129508 1394.544166 1382.679120 1386.666885 1399.428260 1395.840078 1395.278083 1400.667143 1400.411117 1398.472827 1405.222075 1421.795969 1431.982267 1444.368093 1459.171566 1466.366345 1479.714620 1510.623277 1528.421855 1548.060443 1572.261888 1598.022814 1624.598902 1648.955926 1665.758117 1683.253180 1704.063386 1722.222548 1743.488773 1766.741572 1794.892527 1814.244024
1746.974980 1726.042931 1707.364208 1687.081058 1662.274455 1638.317543 1632.196364 1621.581602 1597.137046 1546.127129 1502.216203 1469.055696 1442.647209 1414.386984 1390.453966 1357.751944 1322.721005 1300.225585 1305.944171 1313.036813 1314.933778 1300.749775 1287.407703 1276.063836 1260.102943 1243.026072 1229.560582 1237.771852 1246.011358 1255.964253 1260.245783 1264.568589 1268.683164 1269.096749 1265.741537 1271.561428 1282.439406 1294.886743 1307.947151 1325.382428 1358.868626 1387.381076 1409.564518 1435.588310 1461.171099 1489.383507 1518.879133 1546.372979 1568.066887 1591.348426 1614.640299 1638.966311 1662.135222 1688.460420 1718.659282 1744.145759
1665.114252 1635.831734 1609.583766 1577.993625 1533.440118 1513.671035 1500.148038 1481.465871 1439.136550 1392.223776 1354.678991 1327.833677 1299.091767 1271.785853 1240.824809 1205.956263 1177.803432 1155.937405 1162.074093 1168.803668 1180.861185 1168.917001 1157.743802 1151.124919 1135.202727 1120.412453 1104.909629 1111.766330 1121.804273 1139.950694 1144.601055 1148.628141 1156.749692 1156.894456 1155.580759 1146.998993 1157.042711 1169.269175 1185.001326 1215.266762 1242.383994 1269.605307 1295.179314 1320.310056 1348.037477 1377.554690 1407.909628 1440.205697 1466.220958 1491.503771 1518.927319 1544.563713 1567.107682 1591.379290 1620.650739 1646.402419
1546.809413 1520.552378 1491.321338 1448.601304 1399.501552 1359.041529 1336.438992 1291.957965 1253.994500 1217.413754 1198.478973 1177.072378 1151.037804 1126.648842 1102.776149 1075.025842 1051.098030 1025.556189 1028.591505 1040.862869 1054.725296 1049.645472 1046.238860 1042.691458 1031.107136 1016.867386 1002.833896 1006.167678 1021.511628 1038.560115 1046.628032 1053.825360 1062.003677 1062.893018 1056.669128 1049.212615 1056.022124 1071.691086 1089.409729 1111.709552 1136.106541 1160.688017 1184.617639 1211.253629 1239.164581 1267.939483 1299.135151 1332.001716 1358.696532 1388.765202 1419.802529 1445.343679 1463.106812 1481.721860 1510.248705 1533.618942
1424.104745 1395.079130 1363.036136 1317.006406 1270.241927 1223.284254 1178.875324 1142.097037 1107.964269 1088.923140 1067.390756 1047.276625 1027.064598 1003.848672 982.881480 962.967954 939.676511 922.172834 927.021741 939.556000 949.760544 952.778254 949.500237 946.112117 938.472352 924.364938 915.042797 923.587079 938.858435 953.593036 964.200473 971.276693 977.656153 975.518448 967.916013 963.454407 972.510124 989.098330 1005.011423 1023.395911 1046.466937 1069.729117 1093.956668 1119.601135 1145.590756 1174.364776 1204.371546 1235.296742 1266.471297 1295.312874 1322.574103 1339.502742 1356.622570 1368.810728 1390.096520 1414.375594
1282.048804 1252.532469 1220.185338 1183.486134 1141.809653 1108.521898 1073.191451 1039.445021 1006.622617 978.700804 960.103083 948.764805 932.427368 911.955219 897.418164 879.530124 862.289196 862.395915 864.438644 874.644695 875.005283 875.338271 872.131265 870.799025 866.520423 856.395966 863.981164 871.232464 885.661949 896.412175 906.060565 912.487343 916.870095 917.404440 911.904634 916.423151 924.126898 939.401693 952.146760 968.146695 990.176540 1009.186456 1030.516087 1054.869399 1080.292245 1107.182365 1135.981649 1167.164993 1195.844342 1219.588315 1233.426305 1248.922825 1259.224247 1258.143103 1277.285237 1297.896094
