tests/Borden05m/data_simulated/sim_1/output-maps/psiliqL0008N0011.asc
ncols         160
nrows         34
xllcorner     620200.000000
yllcorner     5168000.000000
cellsize      0.500000
NODATA_value  -9999.0
[rows 0 to 24 of 34, columns 57 to 113 of 160]
-9999.0 -9999.0 -9999.0 -9999.0 -9999.0 -9999.0 -9999.0 -9999.0 -9999.0 -9999.0 -9999.0 -9999.0 -9999.0 -9999.0 -9999.0 -9999.0 -9999.0 -9999.0 -9999.0 -9999.0 -9999.0 -9999.0 -9999.0 -9999.0 -9999.0 -9999.0 -9999.0 -9999.0 -9999.0 -9999.0 -9999.0 -9999.0 -9999.0 -9999.0 -9999.0 -9999.0 -9999.0 -9999.0 -9999.0 -9999.0 -9999.0 -9999.0 -9999.0 -9999.0 -9999.0 -9999.0 -9999.0 -9999.0 -9999.0 -9999.0 -9999.0 -9999.0 -9999.0 -9999.0 -9999.0 -9999.0 -9999.0
-9999.0 -9999.0 -189.949344 -195.575368 -201.089819 -206.281541 -215.554753 -224.954235 -233.766009 -237.839608 -238.815879 -239.733173 -240.159382 -234.851771 -226.913685 -219.283357 -212.025674 -209.646144 -207.202572 -204.851751 -204.314027 -205.636169 -208.929512 -212.263408 -215.720520 -217.212250 -225.654523 -237.216494 -246.269888 -249.065858 -244.529080 -239.964079 -237.391322 -231.180663 -220.149159 -209.059473 -200.305627 -188.405849 -182.812128 -177.555528 -174.241794 -178.238775 -181.755749 -185.393823 -190.040561 -201.067719 -9999.0 -9999.0 -9999.0 -9999.0 -9999.0 -9999.0 -9999.0 -9999.0 -9999.0 -9999.0 -9999.0
-207.834269 -204.552708 -215.412632 -220.301611 -223.746463 -226.091889 -231.406945 -240.367299 -245.912054 -251.489663 -253.219226 -253.294044 -253.284836 -249.093304 -239.231552 -231.236783 -226.435154 -224.013074 -221.537967 -221.379797 -221.859686 -222.268614 -225.204770 -228.666229 -232.110233 -233.931549 -233.963389 -241.628992 -246.969769 -250.229550 -251.383089 -248.922814 -246.600857 -243.594425 -233.831790 -225.377384 -216.898785 -202.625298 -190.195519 -184.879603 -187.200876 -192.215850 -195.884597 -202.213877 -211.950055 -222.417037 -232.951228 -240.192222 -245.559716 -250.700304 -244.539570 -238.105746 -227.702512 -217.355405 -205.179023 -192.915507 -9999.0
-224.012796 -221.211594 -232.228173 -240.845384 -245.313050 -245.413112 -243.423205 -247.296555 -252.100793 -256.209687 -248.484354 -247.270126 -246.117363 -242.929426 -239.502880 -237.301888 -234.521291 -229.186462 -220.182109 -217.528306 -217.010691 -216.891674 -218.732480 -221.873324 -223.686666 -226.493191 -231.721155 -232.597211 -232.106566 -231.981482 -226.658100 -225.153363 -223.874046 -230.989684 -227.651270 -221.270090 -214.229715 -207.002105 -199.779684 -194.927709 -197.992096 -199.297548 -207.652830 -221.521379 -233.097333 -241.890438 -244.524050 -247.661847 -255.291282 -267.362356 -260.467305 -244.883122 -240.131782 -236.305011 -224.225171 -211.814588 -201.524136
-239.322965 -236.396927 -241.632036 -240.893258 -239.628399 -238.282693 -240.028863 -243.103540 -244.409075 -231.288288 -221.600066 -219.820067 -216.866843 -213.514819 -214.934712 -227.520335 -230.261207 -221.592976 -210.921849 -204.841766 -204.620330 -204.600327 -206.041060 -207.079992 -207.648325 -210.116466 -208.911396 -206.137311 -205.177520 -199.819540 -194.014608 -191.268374 -200.173680 -209.668366 -209.320740 -201.640299 -193.601624 -186.014640 -174.704223 -162.722920 -164.089139 -170.120843 -179.405069 -193.574512 -217.509521 -237.763492 -248.388635 -254.960793 -261.883889 -262.792226 -264.923029 -254.413556 -252.579677 -250.832729 -242.121396 -231.718448 -221.546049
-225.054952 -216.635319 -222.884963 -228.873264 -232.627014 -232.172360 -231.866524 -228.114158 -214.336595 -199.804311 -183.912322 -180.833308 -178.004410 -178.225256 -188.306450 -199.002128 -203.547709 -188.098740 -171.852582 -163.130128 -161.807988 -160.812770 -152.187785 -154.254551 -157.116394 -162.816101 -160.152996 -156.801794 -144.648481 -136.702474 -129.753395 -131.728214 -143.879222 -155.310694 -157.631409 -155.977063 -154.082598 -148.076672 -137.189127 -126.634736 -131.734902 -140.006329 -151.635027 -182.166080 -211.575138 -229.490952 -229.109115 -228.888555 -233.671986 -237.015011 -240.946432 -248.804867 -249.325210 -249.949271 -250.482083 -238.473472 -226.248603
-176.235787 -159.349583 -165.284759 -174.173144 -185.643651 -185.288673 -181.399658 -172.409994 -157.959098 -137.718451 -111.567955 -106.297760 -101.278210 -96.678493 -107.726320 -120.563337 -132.987921 -116.881374 -106.361911 -96.155089 -91.621984 -78.749631 -67.535451 -72.482570 -81.538872 -91.187723 -84.161448 -69.102996 -52.801336 -45.619217 -41.782319 -41.337275 -51.811781 -58.019167 -61.683833 -62.053433 -66.485870 -63.626690 -51.864067 -35.773523 -36.201740 -49.191448 -74.941662 -114.093941 -152.419384 -177.142690 -174.182173 -181.473624 -188.289846 -193.422056 -208.492712 -220.775203 -221.600958 -231.596148 -238.223323 -226.984537 -221.054665
-123.724482 -103.927549 -106.842241 -118.193282 -130.733447 -130.311362 -121.158112 -110.481454 -89.323444 -61.382664 -31.402042 -15.023931 -5.020174 5.696801 -1.390405 -11.918268 -22.270649 -15.820651 -1.365392 13.500872 27.777768 43.322408 57.467997 50.750312 40.093579 37.039317 42.528261 62.385375 80.345386 87.505601 91.024559 96.163098 88.812975 79.287724 68.739222 59.043178 50.299138 44.814828 61.696228 77.791267 74.440168 45.918406 15.736726 -25.177105 -68.308394 -107.246256 -115.212004 -118.488928 -122.028735 -139.746625 -157.460744 -178.290292 -190.925033 -201.158648 -217.275524 -213.239401 -207.769947
-11.271470 13.155913 20.183295 5.974363 1.376448 7.508232 20.919121 29.250863 46.896021 81.686009 126.729001 159.998329 186.304796 192.084332 182.926264 172.209011 156.411665 150.353271 166.131624 180.688106 194.150725 206.422120 218.398824 225.273762 224.035636 224.000082 226.843520 231.698600 238.734367 245.425328 251.490918 257.817727 257.596716 248.331265 240.140346 230.457320 222.037689 219.275215 218.794561 226.050414 223.936346 200.866324 170.094353 131.384877 83.801695 42.851587 15.361092 12.614607 -5.746095 -28.540603 -55.359248 -96.459507 -119.181623 -139.046758 -171.885229 -178.138357 -168.039190
131.976893 154.914891 174.180430 175.010858 178.981006 183.536101 190.936463 197.173663 205.987280 238.910164 275.892637 308.879589 335.068133 344.881156 335.672997 325.617071 313.799097 304.167229 306.168790 319.833667 335.971196 351.262039 361.432655 365.010120 363.668421 364.041441 365.538664 368.379566 370.521400 375.168609 381.421195 391.044224 402.616676 398.802147 383.107149 370.645751 356.243681 350.056860 347.225594 342.852732 341.740264 337.197847 309.447225 280.376109 246.328956 212.891468 187.662644 164.625228 138.289799 108.319910 55.118031 6.726365 -34.339203 -69.150754 -103.712219 -112.143654 -87.830764
270.000249 297.501154 314.585080 320.865621 324.567076 328.463809 335.233708 341.184568 349.311436 369.120431 404.021550 440.762685 471.465725 477.948744 470.640411 460.776653 449.806779 440.955454 438.098833 443.757274 452.289189 466.002425 476.616417 487.176996 487.192237 488.127326 488.235564 489.763792 490.803161 492.007986 497.119639 506.399320 515.933307 517.564253 507.507592 491.738744 475.119413 465.933973 456.836515 449.377683 447.717200 447.282133 442.915930 420.297452 386.637014 344.624484 315.350992 291.268457 275.141058 256.840810 234.956979 189.709569 160.519290 119.929719 72.742883 38.334772 68.513660
384.242224 413.823322 434.422078 445.856165 449.841779 454.195529 461.663912 468.510388 479.237618 495.358073 515.353177 543.329883 572.277391 591.287738 589.341618 579.309081 564.185899 561.121777 560.448154 561.165551 564.711746 570.883366 582.840039 597.255855 601.605767 603.674746 602.043613 603.338076 602.922788 603.847710 603.437594 604.911827 611.147740 612.503248 610.149668 596.303672 579.490251 563.494869 550.504098 543.396375 539.131566 538.250105 535.946889 525.160839 499.129698 463.665800 429.313630 404.620697 386.562616 371.950248 360.671332 346.882181 329.623542 299.792165 257.235663 220.104229 209.531687
484.584437 509.202405 534.774927 554.154214 563.623988 571.845047 576.662821 586.156179 599.883796 617.283866 628.364497 644.690951 665.224622 676.655461 682.457348 683.601989 683.421435 685.395283 685.236033 674.283860 675.021606 676.293353 678.608427 683.450041 684.826975 685.646183 685.643806 686.179170 685.809523 686.067324 685.282519 683.647722 684.543611 684.704846 684.647471 680.636859 677.545801 661.546169 648.865747 640.700821 632.811136 624.053266 614.444211 604.699103 589.267453 561.543787 528.070064 498.374655 484.231320 475.277589 467.954009 461.891639 447.065468 425.987267 397.752736 362.357299 326.863608
584.984412 602.216688 627.678362 645.767651 657.338005 666.014158 670.683257 681.294740 692.181641 691.882541 693.528873 695.971343 698.132403 698.858848 698.913373 698.653949 696.345074 695.873086 694.127747 688.335879 678.454662 679.171901 679.974595 682.241772 686.309030 685.956530 687.312633 690.170279 688.412978 682.689982 678.808897 676.837203 677.110749 684.237328 687.586638 688.357257 688.081602 686.791467 685.777658 684.698191 683.871415 682.962688 681.575146 679.691476 670.149260 648.347206 618.615780 586.699420 568.975220 559.008986 557.553247 553.072020 546.029947 526.645473 499.129932 464.775519 428.622367
685.480295 690.273378 694.831969 697.483984 699.156736 701.258430 703.399076 703.455680 700.113643 696.605714 692.153190 691.050063 689.478898 686.461302 686.460294 684.117574 679.951683 676.209667 669.723759 658.002056 644.747432 641.288735 645.176650 649.253002 655.081348 660.318587 664.574192 666.214657 661.144865 652.153691 644.350419 641.765066 648.221699 654.438322 660.338958 661.244519 659.211881 656.185133 656.018935 654.138839 655.674168 663.189848 676.243059 683.516046 684.599035 684.246657 680.916407 674.901752 658.732680 638.413986 639.816065 634.706525 622.851929 601.307015 575.366717 546.048404 517.919397
694.980241 692.532189 686.402097 680.431591 679.558971 683.155128 689.654520 690.969871 684.295567 676.396516 669.711483 662.870619 659.530665 655.977286 653.677677 652.871071 647.059819 639.315069 623.747551 609.402831 594.872297 587.022902 585.355146 591.352345 602.928698 615.257887 621.481753 616.206786 607.917482 594.475835 584.597087 584.011755 587.197712 597.429577 612.759981 616.593096 615.580516 608.548997 604.025445 599.154365 599.779411 610.355242 626.647423 641.771952 655.109411 663.830629 671.283853 677.213769 682.622309 682.618377 682.582277 681.987535 678.617188 664.220728 644.066606 621.869868 597.717127
674.126941 668.170567 659.611834 652.169134 649.528810 651.604543 654.644677 651.704495 645.312684 635.315107 624.670941 614.054077 605.734260 602.529731 601.907201 600.977486 594.086980 579.625439 561.969717 547.166716 531.745514 526.862563 522.485798 520.555197 532.843919 550.731967 557.535082 545.631151 535.558444 520.220939 511.467471 508.335269 510.347612 520.600714 540.210115 557.296463 557.118754 546.776930 537.630051 533.672220 533.226824 542.817610 562.716121 583.081844 598.961672 611.309266 618.572464 627.204557 636.755326 648.165983 661.018309 672.102862 682.272613 684.241443 683.320460 680.553294 665.337763
643.177730 633.495998 622.234763 613.218297 607.354037 604.245191 601.720668 595.865863 589.286624 577.869399 566.219467 554.248355 539.587696 533.877181 529.509779 529.767436 517.874291 506.300248 486.963653 471.405956 455.843757 446.824118 441.550869 436.907560 444.155270 460.911624 470.498556 456.267653 445.815915 431.962960 424.958489 421.556498 423.099009 433.013713 455.563321 473.596494 479.199792 470.705703 464.416749 462.130602 462.546393 469.389805 485.914385 506.868904 528.044939 544.529309 554.683384 563.244911 574.048939 589.132988 604.677700 620.969505 638.535827 657.684985 672.261654 681.370690 686.380559
598.399614 586.997940 573.901428 561.335309 553.946477 553.697601 546.599177 540.186705 528.322690 486.748410 470.774841 453.668210 438.476359 431.920306 423.296110 416.527434 406.078621 398.356218 388.612915 373.330579 356.933421 342.370814 337.883508 334.217358 328.777685 336.753147 340.751654 340.767971 333.470331 326.493155 323.113009 320.597889 324.105151 337.077787 349.183715 359.905228 365.267435 361.769088 367.776695 374.381139 377.483712 393.577686 408.123020 426.348302 448.076169 471.105587 483.816910 493.587047 504.984025 521.175234 539.038626 557.845002 581.218226 606.555892 624.957477 637.090607 649.463664
547.073401 532.136170 518.287582 504.723278 491.684165 491.281774 486.944871 479.552990 444.532752 403.581704 372.905351 355.041331 333.924779 322.585665 311.145143 286.145416 270.688431 262.339248 264.317156 253.028856 235.592360 220.977665 213.342391 207.586947 196.431949 190.767121 194.969100 205.084238 199.398723 196.441053 199.360911 197.340574 195.030103 202.616673 216.940637 225.454097 234.797417 244.837549 250.780653 260.641727 287.043757 303.091461 319.199437 339.922346 362.277930 385.321836 404.857904 417.877923 432.298522 451.245829 468.402449 489.696993 513.848658 542.819662 563.392190 578.841360 591.811514
476.118559 459.829672 443.033880 424.296567 403.165257 399.627408 391.516729 375.878550 333.662037 293.205120 260.494280 236.474716 210.821070 191.778339 163.988944 127.258758 101.667655 102.187002 108.245617 103.742801 84.949900 67.912537 54.908491 40.195035 23.276160 12.268535 20.698462 30.189364 35.507534 37.985853 41.769238 43.276803 42.344058 40.556959 50.877480 62.021073 74.941057 87.894706 103.337458 138.688379 170.658822 193.203590 217.517065 241.094029 267.351309 294.134964 316.827340 333.533559 352.653665 372.486834 393.421595 414.615468 439.927979 469.455486 493.626762 509.499745 524.431435
398.362098 376.551368 352.042883 316.149327 299.888844 288.897247 275.948292 241.553549 198.488158 156.831673 121.645664 87.215978 55.352619 23.641992 -11.480430 -43.386195 -65.732910 -60.408986 -54.042669 -45.681319 -59.786165 -73.478770 -81.557059 -97.034931 -111.917540 -126.147172 -117.886314 -108.187032 -92.686490 -89.095877 -85.876934 -79.739288 -80.996860 -82.702627 -88.498625 -78.662227 -67.629914 -53.205081 -24.633422 4.800836 34.592495 61.638839 89.477339 121.402386 156.266665 189.565046 220.496919 243.896298 266.670685 291.031633 313.045070 333.080701 355.700294 382.776553 406.501805 426.043497 446.820227
301.624481 276.385587 239.751489 193.965802 158.010457 139.931614 98.232162 55.513392 8.313367 -19.639660 -44.810947 -72.656672 -97.767310 -121.621265 -150.463739 -175.505224 -199.760572 -196.172757 -184.160568 -170.746135 -178.725276 -183.860789 -187.686843 -199.743665 -213.709400 -227.376881 -223.626824 -208.803044 -192.097266 -185.447811 -179.182710 -171.738775 -171.666751 -177.896906 -186.007479 -180.058333 -166.245582 -149.759407 -126.934757 -102.664048 -78.530546 -55.602801 -29.568662 -0.952586 29.818638 64.081429 100.488858 130.512276 165.061415 198.527117 224.176562 240.893273 259.733452 287.746999 309.104794 332.133906 355.256163
188.728883 156.141643 104.517008 50.001023 -1.135664 -42.147396 -79.160230 -114.488347 -137.923248 -159.865358 -180.606967 -200.883588 -222.659372 -243.272982 -263.486661 -285.720134 -305.616710 -300.508142 -287.105742 -274.618598 -272.891109 -276.033568 -279.219791 -287.277519 -300.893794 -312.692843 -304.607750 -289.092364 -273.826693 -264.114582 -257.524503 -251.247070 -253.986789 -262.091909 -269.023325 -261.223496 -245.909679 -230.701872 -212.483671 -190.414567 -168.048966 -145.417366 -121.382804 -96.733426 -69.068391 -39.660845 -8.800089 22.594533 54.202833 86.052599 106.280429 126.606177 145.200842 171.671959 197.522554 223.142721 250.540038
32.830308 -1.378538 -41.965696 -87.089515 -122.672951 -157.079927 -189.728885 -221.497827 -247.204563 -265.856263 -276.777795 -292.093992 -311.897363 -326.023337 -343.352202 -363.189967 -365.054774 -361.172858 -348.464221 -345.878140 -345.163277 -348.210490 -349.392893 -354.413191 -366.573748 -361.078092 -353.081922 -337.811163 -326.637107 -317.253777 -310.891183 -306.658249 -307.306921 -314.600444 -312.041701 -304.702001 -289.965855 -278.003185 -262.490629 -241.395519 -223.594098 -203.580778 -180.941144 -157.302706 -132.070660 -105.066190 -75.718599 -48.293177 -24.488837 -9.973119 5.649293 17.457255 18.417845 39.995936 63.234192 88.134594 122.731764
