tests/Borden05m/data_simulated/sim_1/output-maps/psiliqL0004N0012.asc
ncols         160
nrows         34
xllcorner     620200.000000
yllcorner     5168000.000000
cellsize      0.500000
NODATA_value  -9999.0
[rows 0 to 24 of 34, columns 56 to 111 of 160]
-9999.0 -9999.0 -9999.0 -9999.0 -9999.0 -9999.0 -9999.0 -9999.0 -9999.0 -9999.0 -9999.0 -9999.0 -9999.0 -9999.0 -9999.0 -9999.0 -9999.0 -9999.0 -9999.0 -9999.0 -9999.0 -9999.0 -9999.0 -9999.0 -9999.0 -9999.0 -9999.0 -9999.0 -9999.0 -9999.0 -9999.0 -9999.0 -9999.0 -9999.0 -9999.0 -9999.0 -9999.0 -9999.0 -9999.0 -9999.0 -9999.0 -9999.0 -9999.0 -9999.0 -9999.0 -9999.0 -9999.0 -9999.0 -9999.0 -9999.0 -9999.0 -9999.0 -9999.0 -9999.0 -9999.0 -9999.0
-9999.0 -9999.0 -9999.0 -577.220200 -580.243226 -582.464103 -583.858114 -588.263222 -591.862617 -595.974003 -596.796284 -596.448745 -597.161277 -598.644517 -596.414200 -593.451901 -590.875759 -587.528451 -587.924793 -587.424150 -586.182153 -585.859879 -586.450966 -587.998957 -589.090142 -590.339547 -589.051175 -593.609469 -599.706586 -604.446799 -605.471278 -601.604782 -599.215681 -599.445372 -597.100552 -592.168473 -587.885481 -586.084220 -581.054313 -581.195898 -579.139057 -576.247046 -578.658873 -579.428503 -579.392804 -578.991071 -585.530341 -9999.0 -9999.0 -9999.0 -9999.0 -9999.0 -9999.0 -9999.0 -9999.0 -9999.0
-591.060054 -582.066033 -582.355881 -594.233599 -595.706086 -596.178929 -595.802314 -597.777713 -602.660049 -604.107176 -607.721719 -609.250038 -609.643727 -610.974834 -609.676537 -603.642293 -599.369860 -597.994261 -598.617734 -598.836459 -599.989343 -600.843268 -600.621876 -602.140639 -603.601720 -605.136617 -604.883032 -601.569710 -606.063661 -608.456278 -610.684610 -612.915827 -611.943332 -611.113258 -610.623241 -604.886553 -602.356785 -600.392132 -592.726679 -585.801207 -583.829849 -586.372787 -589.366533 -588.986849 -589.703099 -592.891179 -596.052907 -596.780613 -598.396950 -599.233034 -601.913769 -597.918681 -597.476857 -592.823827 -588.841470 -584.171034
-602.678924 -592.234709 -592.660027 -602.117744 -608.058664 -610.043085 -608.852621 -604.925768 -606.663598 -610.182399 -615.383251 -609.400769 -610.080429 -610.529223 -609.351562 -607.362826 -606.508606 -605.502933 -603.886480 -598.547927 -598.717151 -599.104891 -598.870588 -599.831553 -601.574450 -601.583221 -602.615746 -606.965470 -606.414682 -605.424237 -606.295632 -602.017275 -601.681288 -599.391279 -606.761315 -605.376154 -603.241016 -601.532970 -600.138482 -598.535786 -596.743285 -599.912591 -597.915060 -600.917980 -607.307088 -609.474883 -609.601177 -605.300311 -603.257590 -606.427251 -616.959628 -611.272593 -599.606250 -600.066131 -601.460826 -595.563827
-609.347345 -606.625447 -607.672315 -611.834461 -608.127686 -605.113033 -603.182262 -604.988035 -608.660384 -612.980139 -603.498965 -599.388818 -601.157361 -600.017686 -597.382487 -597.421570 -608.858259 -611.882968 -607.095698 -601.988538 -599.754904 -601.644989 -602.595173 -604.523260 -604.605943 -603.547806 -604.863134 -603.175425 -601.595335 -603.328270 -600.280345 -596.815436 -593.773003 -600.894570 -607.635707 -607.215605 -601.630983 -597.412443 -594.970301 -589.044787 -580.474128 -581.787471 -583.971635 -585.564395 -587.622412 -598.548486 -608.574419 -612.773348 -614.749135 -617.833476 -615.714479 -617.745585 -608.314308 -608.842656 -610.065963 -605.387426
-616.922813 -604.815558 -601.712155 -607.959752 -611.562102 -613.245011 -612.296028 -613.481142 -613.101188 -604.544520 -599.398365 -591.425830 -593.699704 -593.328215 -593.666283 -601.479168 -607.823236 -611.918523 -599.771625 -590.018460 -586.624536 -588.755069 -590.593554 -582.681337 -585.005210 -586.228431 -591.114496 -589.359895 -589.737118 -581.057407 -577.430735 -572.905193 -574.603255 -583.157216 -590.623952 -591.166421 -590.261502 -590.773230 -588.307737 -582.385123 -575.365856 -580.086619 -582.770822 -583.492852 -599.801403 -613.408114 -618.705029 -610.567341 -605.966969 -607.065899 -606.483663 -606.314799 -612.493245 -611.102944 -610.514432 -613.236822
-592.985627 -585.824704 -575.556099 -582.173631 -587.370511 -596.296052 -595.449223 -594.245450 -590.867467 -585.943348 -577.283734 -562.142711 -564.299444 -563.194960 -558.792231 -566.760378 -574.633253 -585.984574 -573.064423 -569.439654 -564.902743 -565.063438 -555.781831 -547.689550 -552.650657 -559.799914 -568.328690 -563.123904 -551.959889 -541.485736 -538.642688 -537.206083 -535.667471 -542.894627 -545.294916 -546.994096 -546.371422 -550.866678 -550.224760 -542.277772 -529.585262 -528.311409 -534.761044 -547.868534 -568.660217 -588.567076 -599.862866 -588.793404 -592.362135 -594.287655 -592.855638 -600.695382 -605.529137 -599.654010 -605.538581 -610.065269
-583.766837 -576.627789 -564.984596 -569.614337 -578.736917 -588.738050 -588.698445 -582.786054 -579.301733 -567.786073 -552.030901 -534.212641 -524.109466 -515.866336 -507.153188 -513.903554 -521.782615 -530.836581 -528.718471 -517.957625 -507.406913 -495.688140 -482.375467 -468.145996 -471.890594 -479.583030 -480.605715 -477.083038 -461.319814 -446.263902 -439.727696 -435.441230 -427.809625 -433.317754 -443.117821 -454.249777 -465.108426 -474.605198 -481.692603 -468.509710 -454.129054 -456.761945 -482.775470 -505.048609 -530.450598 -555.100242 -580.597021 -580.608508 -576.715073 -573.306674 -582.838601 -588.348561 -597.678556 -600.212384 -600.180156 -610.060950
-531.179568 -517.452921 -502.442025 -496.446260 -509.212178 -511.618721 -507.050745 -497.393841 -493.440622 -481.589591 -448.470509 -396.976367 -354.694140 -326.775201 -322.017348 -330.278507 -342.488754 -362.593035 -373.622264 -356.531393 -338.649564 -324.264696 -315.262038 -307.959999 -303.106227 -303.629931 -303.601125 -302.141760 -300.170099 -296.521490 -292.329894 -288.080106 -283.106093 -281.726192 -287.909457 -293.799374 -300.193141 -305.964757 -307.478030 -308.903613 -305.048550 -305.692138 -319.241465 -344.933316 -388.714416 -440.492769 -477.494347 -502.429723 -502.803800 -514.959866 -526.063960 -538.775332 -564.560155 -572.870481 -578.197692 -600.721100
-439.759502 -397.120731 -369.467283 -346.450662 -343.024308 -338.363138 -334.079452 -327.402957 -321.804485 -316.920822 -296.674380 -270.170503 -242.542928 -219.408797 -210.707586 -218.943277 -228.344992 -239.118872 -248.003410 -246.986836 -235.184216 -221.097333 -207.933631 -199.501150 -196.599668 -198.045716 -197.825085 -197.072502 -194.642932 -193.188672 -189.896692 -184.470843 -175.348365 -163.636296 -165.949844 -180.334408 -191.644858 -205.186228 -211.270010 -214.489588 -219.640179 -220.392067 -221.142966 -242.098796 -265.039953 -289.766516 -311.903216 -328.950731 -357.100620 -388.869479 -419.368252 -467.795026 -506.723123 -536.674503 -559.771395 -582.551167
-298.607078 -276.530500 -254.548959 -240.357177 -234.185132 -230.771543 -227.002305 -220.751928 -215.389025 -208.374463 -193.303422 -162.844064 -127.968067 -95.522261 -88.520483 -95.462925 -105.278075 -116.370913 -124.294259 -126.336300 -122.942046 -114.482620 -103.642869 -91.947713 -83.087718 -82.542685 -79.913514 -82.472153 -80.766841 -77.197466 -76.882731 -71.834281 -63.327802 -54.507114 -52.842820 -63.280442 -76.011755 -92.685415 -103.565170 -116.721157 -125.250490 -127.400682 -127.597837 -128.875063 -148.028137 -177.407931 -214.472207 -239.655776 -260.043038 -272.896354 -285.630556 -296.837429 -322.422684 -342.310566 -387.142040 -441.246502
-208.095964 -184.132366 -157.716019 -137.933252 -125.535415 -119.412349 -112.162942 -104.525997 -97.547625 -86.105080 -73.518084 -56.232798 -25.192153 25.054398 44.121746 42.369538 32.820941 19.137504 16.693320 16.257032 -0.070407 20.107596 8.021858 36.208515 28.937438 33.710112 54.159825 32.179843 34.128970 55.366488 55.821331 56.277021 57.605256 62.833889 63.748941 43.998293 49.330945 33.139348 15.185753 -18.728859 -29.353074 -34.696198 -36.298447 -39.030753 -48.395035 -72.315544 -107.991169 -142.212490 -166.897810 -184.305335 -196.708539 -205.033706 -211.971326 -225.033651 -249.066432 -281.048574
-107.530962 -87.129775 -65.509850 -39.165239 -18.382618 -0.457871 23.194350 28.578678 38.328592 52.018088 47.849305 57.722927 88.478589 108.606725 118.171482 123.763173 124.928444 125.627192 127.485401 127.678968 124.875975 126.437911 126.088135 127.255387 129.005470 129.519892 130.617528 129.330420 129.935008 131.136621 131.250811 131.334704 129.263706 129.383585 129.406284 127.990343 126.645256 119.910576 105.302119 92.967805 85.617446 78.551095 70.217304 61.327986 52.641069 38.565529 -8.166270 -44.284561 -76.175890 -94.627701 -103.543739 -109.320040 -113.994697 -126.968721 -146.049339 -170.574726
23.479712 34.862324 35.469696 72.278084 89.222462 100.353303 107.868284 112.184570 121.878095 131.721606 132.282972 132.439795 133.875462 134.943016 134.996293 134.317416 134.709158 132.692775 132.633433 131.164436 125.753147 117.033642 117.997992 119.209889 121.258770 124.792904 123.443164 124.359429 127.276369 125.875595 120.655524 117.279303 115.640251 115.553797 121.987514 124.866484 125.631598 126.117676 125.330379 125.091232 124.822283 124.731685 124.550890 124.384776 120.071275 111.716709 91.465606 64.468096 34.533754 -5.544204 -18.430066 -18.881911 -22.797581 -29.304066 -48.910281 -78.428956
114.532978 124.959467 133.462335 134.570640 135.741501 135.598193 137.523242 139.156530 138.194545 134.929999 131.858783 127.160690 125.996566 124.555201 122.234017 123.141229 121.035408 117.335853 114.323639 109.065133 97.094164 85.015357 82.649194 87.066471 91.722448 95.887189 98.730398 103.712209 105.627277 100.808955 91.798222 84.751105 82.518050 88.241878 92.889619 97.450487 99.525609 96.692890 95.014521 95.677723 94.053526 95.333443 102.622280 114.796317 122.435790 122.601319 122.462051 121.648459 120.425139 99.389344 80.516824 82.644624 78.682993 67.976159 45.657527 1.749649
129.576034 129.745871 127.427071 121.808047 116.403157 115.812555 119.312440 125.644348 127.512328 120.872352 113.516480 107.124827 98.976850 95.922316 94.298628 93.439627 93.401475 88.284422 81.642521 66.409312 31.255662 14.364692 6.532541 5.304346 11.757307 22.054435 34.901105 61.367000 58.274851 33.264619 15.019787 4.836113 3.998687 6.327189 14.099265 26.111427 31.841556 29.113624 24.720927 22.286342 18.760496 22.191227 46.559579 68.108790 82.175369 94.138810 102.347437 109.359493 114.912085 121.500551 121.396669 121.369644 121.303954 117.340183 104.396423 85.397230
115.765556 109.824688 104.875207 96.632791 90.280108 88.633257 91.185987 94.370352 92.632229 86.200004 76.572702 64.597495 32.017010 20.927251 19.533361 20.365589 20.275967 14.199571 0.172681 -18.098786 -36.694565 -52.811318 -57.656249 -61.780702 -62.947101 -51.011709 -33.523215 -23.128578 -33.684260 -46.302806 -62.185257 -71.129302 -74.269525 -73.012918 -64.414379 -47.409015 -31.687736 -31.905020 -40.515037 -48.171577 -51.266503 -50.420862 -37.835380 -16.252539 4.171922 21.125416 43.949266 59.420972 68.061059 77.046603 87.328139 99.097136 109.948379 120.523308 121.124394 120.921124
89.323841 81.399801 71.115881 43.343925 32.021105 26.013575 22.808077 20.465094 15.038846 8.620177 -1.363864 -14.296508 -30.598811 -45.850078 -50.273210 -52.962300 -51.569494 -62.631528 -74.292150 -93.966800 -109.745980 -124.746414 -132.351443 -137.149972 -141.292823 -132.854763 -116.007809 -105.701955 -120.197433 -130.640679 -144.570270 -151.650807 -155.026005 -154.218028 -145.790639 -124.597277 -107.667503 -102.819784 -111.020375 -117.823641 -120.438788 -119.785792 -113.007225 -95.902486 -74.959155 -54.172211 -36.853637 -25.241935 -16.290154 -5.434477 9.765732 27.740224 61.257645 78.332536 95.741105 109.631050
27.302868 15.584792 3.802607 -11.849178 -25.008655 -32.269124 -32.754562 -39.803649 -45.874689 -55.293462 -93.826331 -108.521853 -125.212628 -139.162746 -144.189359 -151.287463 -154.964985 -164.267039 -171.284246 -181.854126 -195.495095 -209.093604 -220.422892 -223.347178 -225.960177 -228.603426 -219.635705 -215.723442 -218.317333 -224.587281 -231.194731 -234.724989 -236.877865 -233.821470 -223.433663 -213.438546 -204.062911 -200.252277 -205.539824 -201.339540 -196.228511 -195.732780 -181.844677 -168.674162 -151.956291 -131.673081 -110.187599 -98.579194 -89.386885 -78.429969 -62.504693 -43.955283 -22.245268 2.088062 29.820917 65.163955
-25.553535 -39.583727 -54.135554 -67.884034 -80.944558 -92.764351 -92.936055 -96.909605 -102.624668 -132.042646 -169.749652 -196.207738 -210.554741 -226.739980 -234.386116 -242.530433 -261.635076 -273.312472 -279.809344 -278.608131 -287.047503 -298.682945 -307.722346 -311.469861 -313.917531 -319.954294 -322.287336 -319.912283 -314.271917 -319.050159 -322.083349 -320.834916 -322.508067 -323.263625 -317.274485 -308.505714 -303.639460 -298.438483 -293.228042 -289.963875 -284.210103 -264.879430 -252.323436 -240.664826 -225.001842 -207.172871 -187.710700 -171.441198 -160.644228 -148.143577 -130.621213 -114.354713 -93.182078 -68.961261 -39.630126 -16.834956
-90.773137 -108.111192 -122.895621 -137.648178 -152.840083 -172.103146 -174.465547 -181.086018 -190.964772 -224.224672 -256.392830 -282.439446 -298.301563 -313.764902 -324.474977 -348.040898 -389.924669 -418.606191 -418.846467 -411.950452 -420.051149 -441.513939 -458.775038 -470.022868 -480.913057 -494.696631 -502.651698 -495.218022 -487.311130 -487.229378 -487.537856 -484.883654 -485.098215 -485.953292 -485.231980 -471.859839 -461.652186 -450.346606 -440.354208 -430.684161 -394.204117 -357.082529 -331.912751 -313.245600 -298.263193 -279.959627 -259.325815 -242.673973 -231.081186 -216.472106 -200.314283 -182.636786 -163.640924 -139.916534 -111.534858 -88.328855
-154.067892 -176.780391 -194.908557 -213.312248 -240.081445 -252.502354 -260.903938 -268.807583 -290.872340 -317.960059 -352.956961 -401.419708 -439.759637 -468.241321 -491.182792 -514.444792 -534.987546 -547.884262 -540.704170 -536.377774 -529.785366 -540.266523 -549.000560 -551.560893 -560.000341 -567.724668 -577.646518 -569.983934 -565.914408 -556.484882 -556.781651 -556.225048 -552.200156 -554.054818 -554.980820 -560.568170 -554.194430 -549.918376 -544.539308 -528.037416 -511.518870 -493.499686 -476.080722 -453.597226 -421.854805 -379.698274 -338.735737 -312.479701 -297.203329 -281.308316 -262.669608 -246.442530 -231.244398 -212.830383 -189.629149 -168.464854
-235.043718 -251.670714 -270.384091 -295.527779 -325.025608 -356.046423 -372.936941 -413.312339 -453.011278 -495.599093 -518.567575 -532.505294 -546.511045 -557.149690 -565.756673 -579.046472 -588.851124 -603.020079 -597.766968 -590.134569 -579.794140 -587.767990 -589.228311 -587.891703 -593.318793 -599.240562 -608.413742 -606.804205 -599.092442 -590.129714 -589.885033 -587.850204 -583.002485 -582.917956 -586.875577 -594.550740 -592.410924 -586.818935 -581.142424 -570.816130 -560.905831 -551.090172 -542.263011 -530.384732 -516.101283 -499.414684 -476.613004 -445.962505 -416.615748 -374.414258 -333.002336 -310.505159 -299.310761 -286.094030 -264.206387 -247.232417
-310.801277 -328.552932 -363.097263 -423.864779 -475.833073 -513.262983 -534.587206 -553.393618 -570.482614 -577.669647 -584.258641 -591.375654 -597.574726 -604.325604 -610.459453 -615.640676 -623.439390 -637.965494 -631.835351 -623.252110 -613.978726 -613.486191 -614.510501 -613.945897 -616.311531 -622.970243 -634.281705 -629.179150 -621.790004 -615.148038 -612.766828 -611.266757 -607.425162 -610.094144 -615.862100 -623.907122 -620.146425 -613.336395 -609.154573 -603.866566 -596.340899 -588.448350 -580.546152 -571.535658 -562.298539 -550.408200 -537.119193 -522.117568 -505.577206 -486.322653 -461.209019 -442.823948 -420.442792 -394.967616 -358.447756 -327.781121
-459.678060 -485.632309 -507.725739 -530.652811 -554.471329 -567.977268 -580.185594 -590.756515 -601.516727 -608.473633 -613.599536 -611.844641 -614.484717 -621.372450 -621.604368 -625.492673 -637.071587 -632.934883 -629.617268 -620.416505 -621.951554 -622.378304 -624.537179 -623.144831 -624.674927 -635.638333 -629.860308 -627.225297 -620.538305 -618.981475 -617.270636 -616.016209 -614.750107 -615.954165 -623.516197 -621.823875 -619.539716 -613.400434 -612.593284 -609.543419 -602.212136 -599.206254 -594.139800 -587.285037 -579.934931 -571.334593 -561.147222 -547.929738 -534.856031 -522.856083 -518.244764 -510.256660 -503.592438 -507.542683 -492.362683 -475.039018
