tests/Borden05m/data_simulated/sim_1/output-maps/psiliqL0016N0014.asc
ncols         160
nrows         34
xllcorner     620200.000000
yllcorner     5168000.000000
cellsize      0.500000
NODATA_value  -9999.0
[rows 0 to 24 of 34, columns 0 to 54 of 160]
-9999.0 -9999.0 -9999.0 -9999.0 -9999.0 -9999.0 -9999.0 -9999.0 -9999.0 -9999.0 -9999.0 -9999.0 -9999.0 -9999.0 -9999.0 -9999.0 -9999.0 -9999.0 -9999.0 -9999.0 -9999.0 -9999.0 -9999.0 -9999.0 -9999.0 -9999.0 -9999.0 -9999.0 -9999.0 -9999.0 -9999.0 -9999.0 -9999.0 -9999.0 -9999.0 -9999.0 -9999.0 -9999.0 -9999.0 -9999.0 -9999.0 -9999.0 -9999.0 -9999.0 -9999.0 -9999.0 -9999.0 -9999.0 -9999.0 -9999.0 -9999.0 -9999.0 -9999.0 -9999.0 -9999.0
-9999.0 -9999.0 -9999.0 -9999.0 -9999.0 -9999.0 -9999.0 -9999.0 -9999.0 -9999.0 -9999.0 -9999.0 -9999.0 -9999.0 -9999.0 -9999.0 -9999.0 -9999.0 -9999.0 -9999.0 -9999.0 -9999.0 -9999.0 -9999.0 -9999.0 -9999.0 -9999.0 -9999.0 -9999.0 -9999.0 -9999.0 -9999.0 -9999.0 -9999.0 -9999.0 -9999.0 -9999.0 -9999.0 -9999.0 -9999.0 -9999.0 -9999.0 -9999.0 -9999.0 -9999.0 -9999.0 -9999.0 -9999.0 -9999.0 -9999.0 -9999.0 -9999.0 -9999.0 -9999.0 -9999.0
-9999.0 -9999.0 -9999.0 -9999.0 -9999.0 -9999.0 -9999.0 -9999.0 -9999.0 -9999.0 -9999.0 -9999.0 -9999.0 -9999.0 -9999.0 -9999.0 -9999.0 -9999.0 -9999.0 -9999.0 -9999.0 -9999.0 -9999.0 -9999.0 -9999.0 -9999.0 -9999.0 -9999.0 -9999.0 -9999.0 -9999.0 -9999.0 -9999.0 -9999.0 -9999.0 -9999.0 -9999.0 -9999.0 -9999.0 -9999.0 -9999.0 -9999.0 -9999.0 -9999.0 -9999.0 -9999.0 -9999.0 1299.636340 1282.514382 1267.597296 1265.003677 1287.449302 1311.056841 1335.159059 1356.031971
-9999.0 -9999.0 -9999.0 -9999.0 -9999.0 -9999.0 -9999.0 -9999.0 -9999.0 -9999.0 -9999.0 -9999.0 -9999.0 -9999.0 -9999.0 -9999.0 -9999.0 -9999.0 -9999.0 -9999.0 -9999.0 -9999.0 -9999.0 -9999.0 -9999.0 -9999.0 -9999.0 -9999.0 -9999.0 -9999.0 -9999.0 -9999.0 -9999.0 -9999.0 -9999.0 -9999.0 -9999.0 -9999.0 -9999.0 -9999.0 1347.095511 1353.132589 1354.202298 1344.123476 1333.161606 1320.867843 1300.942917 1283.427022 1269.206330 1267.111395 1270.042616 1274.878913 1297.320906 1322.489364 1342.557068
-9999.0 -9999.0 -9999.0 -9999.0 -9999.0 -9999.0 -9999.0 -9999.0 -9999.0 -9999.0 -9999.0 -9999.0 -9999.0 -9999.0 -9999.0 -9999.0 -9999.0 -9999.0 -9999.0 -9999.0 -9999.0 -9999.0 -9999.0 -9999.0 -9999.0 -9999.0 -9999.0 -9999.0 -9999.0 -9999.0 -9999.0 -9999.0 -9999.0 -9999.0 1253.955333 1271.430101 1289.714445 1308.423141 1325.471696 1332.523584 1338.449218 1344.282546 1340.304599 1336.008653 1324.901285 1305.652939 1286.495246 1273.202138 1271.663813 1269.565674 1274.059981 1286.980321 1304.102411 1320.396979 1341.618847
-9999.0 -9999.0 -9999.0 -9999.0 -9999.0 -9999.0 -9999.0 -9999.0 -9999.0 -9999.0 -9999.0 -9999.0 -9999.0 -9999.0 -9999.0 -9999.0 -9999.0 -9999.0 -9999.0 -9999.0 -9999.0 -9999.0 -9999.0 -9999.0 -9999.0 -9999.0 -9999.0 -9999.0 1257.210208 1251.509737 1246.836765 1245.692238 1244.725806 1243.979829 1250.994815 1263.094234 1281.191943 1303.283148 1316.645337 1324.185433 1331.164552 1332.117951 1327.227011 1325.651533 1326.387641 1314.745082 1303.305744 1292.626193 1282.319700 1280.817042 1290.638261 1305.204978 1321.850106 1337.085129 1352.914738
-9999.0 -9999.0 -9999.0 -9999.0 -9999.0 -9999.0 -9999.0 -9999.0 -9999.0 -9999.0 -9999.0 -9999.0 -9999.0 -9999.0 -9999.0 -9999.0 -9999.0 -9999.0 -9999.0 -9999.0 -9999.0 -9999.0 -9999.0 1226.281748 1232.074258 1238.895650 1246.740248 1248.005672 1244.384087 1239.161147 1236.589564 1235.520190 1234.099533 1238.982588 1247.174746 1260.963350 1277.027202 1299.366983 1308.270196 1314.343510 1326.750775 1330.078192 1336.638851 1341.072715 1339.724374 1336.994912 1324.365790 1314.975871 1319.789350 1325.658249 1332.883289 1341.374807 1355.239681 1370.711365 1388.066426
-9999.0 -9999.0 -9999.0 -9999.0 -9999.0 -9999.0 -9999.0 -9999.0 -9999.0 -9999.0 -9999.0 -9999.0 -9999.0 -9999.0 -9999.0 -9999.0 -9999.0 -9999.0 -9999.0 1200.555718 1201.694606 1203.227514 1208.259738 1209.260698 1211.636614 1218.933429 1227.438762 1230.306541 1228.881464 1227.968103 1229.903786 1233.051587 1237.911027 1249.485832 1263.647035 1278.209535 1292.299476 1313.577941 1328.698897 1342.458598 1358.729638 1358.712534 1355.215125 1353.854909 1354.668205 1354.951908 1358.366740 1360.782803 1367.423070 1371.770522 1378.006682 1387.762520 1399.831648 1418.206339 1438.048613
-9999.0 -9999.0 -9999.0 -9999.0 -9999.0 -9999.0 -9999.0 -9999.0 -9999.0 -9999.0 -9999.0 -9999.0 -9999.0 -9999.0 -9999.0 -9999.0 1171.251897 1173.276325 1175.782665 1181.466536 1184.802578 1189.133625 1196.453317 1198.126550 1202.234533 1209.786015 1215.037684 1224.386177 1232.959342 1240.708318 1247.144061 1250.279815 1258.055573 1268.098085 1280.371686 1295.849388 1317.549742 1341.197259 1357.837937 1375.124434 1392.713839 1393.807381 1393.093323 1394.538208 1395.121987 1401.016123 1418.331811 1424.063550 1424.561880 1440.228034 1454.265486 1459.450802 1467.502933 1487.148716 1510.973136
-9999.0 -9999.0 -9999.0 -9999.0 -9999.0 -9999.0 -9999.0 -9999.0 -9999.0 -9999.0 -9999.0 -9999.0 -9999.0 1123.864323 1128.166862 1138.099281 1147.996477 1150.909726 1155.646658 1162.175440 1174.755657 1178.809564 1185.444505 1193.417694 1205.902120 1215.020187 1224.631519 1236.964051 1245.830894 1253.548388 1261.014134 1266.739821 1280.240671 1295.809358 1311.869914 1332.443433 1354.966608 1375.707932 1396.358132 1412.825447 1426.754498 1428.517358 1428.074639 1430.882966 1438.527374 1455.437173 1474.322239 1482.450732 1499.722417 1522.790800 1536.212717 1547.687981 1556.449802 1570.376170 1591.987151
-9999.0 -9999.0 -9999.0 -9999.0 -9999.0 -9999.0 -9999.0 -9999.0 -9999.0 -9999.0 1091.189608 1093.558341 1090.353669 1090.012401 1095.499430 1107.958711 1122.138737 1128.926756 1140.976895 1162.398922 1180.784532 1184.740190 1199.633953 1210.403963 1217.734827 1228.730429 1242.413574 1255.702274 1272.905134 1285.900136 1297.721752 1317.410314 1334.437348 1351.592839 1369.957513 1390.910926 1410.833282 1439.227224 1466.577263 1479.482289 1501.566773 1511.936793 1509.537457 1509.935322 1519.449248 1535.259190 1556.061188 1578.842559 1600.616800 1625.965392 1642.850514 1657.536503 1668.564292 1681.132147 1697.288231
-9999.0 -9999.0 -9999.0 -9999.0 -9999.0 -9999.0 -9999.0 -9999.0 1066.259479 1073.868989 1080.125142 1077.358794 1073.165728 1069.290131 1083.481764 1099.622166 1116.041733 1134.190208 1150.612188 1169.338474 1185.004686 1201.645275 1222.154943 1234.402699 1246.611172 1262.599707 1276.912769 1294.466898 1316.399362 1329.265421 1346.034846 1367.947785 1386.963151 1405.644861 1425.127670 1443.891333 1470.236795 1503.987348 1536.164097 1558.607144 1586.814109 1609.549289 1608.780649 1611.266597 1615.773613 1641.484206 1670.766285 1701.528353 1726.358301 1753.538822 1783.177993 1801.739990 1812.691903 1825.528660 1840.956792
-9999.0 -9999.0 -9999.0 -9999.0 -9999.0 -9999.0 1038.624593 1063.042869 1078.314447 1070.566510 1060.365297 1056.812972 1052.808158 1077.555192 1099.950048 1117.648012 1135.023223 1153.190918 1170.307953 1183.368051 1217.250836 1236.028415 1250.879706 1269.146881 1284.588375 1300.054599 1318.232858 1342.207371 1364.355543 1393.901810 1419.362430 1443.238358 1470.017174 1490.304920 1509.742831 1528.213526 1559.669482 1597.185654 1634.056333 1662.819629 1690.151945 1721.397056 1728.074934 1733.735705 1740.500401 1762.105631 1794.196034 1824.680036 1858.413607 1890.541211 1917.770707 1929.919309 1940.540614 1952.051990 1965.720054
-9999.0 -9999.0 -9999.0 -9999.0 1005.058303 1026.089052 1046.141464 1076.964408 1099.716415 1095.039907 1101.757883 1101.990551 1100.220858 1104.635913 1112.271794 1130.769522 1150.017166 1169.623015 1187.721398 1222.414595 1267.687490 1283.593112 1307.973652 1340.618909 1355.030554 1371.210851 1388.412246 1412.112776 1438.715355 1472.220416 1515.421573 1552.268409 1578.204056 1601.348282 1622.959626 1644.861721 1679.441212 1717.361787 1754.408154 1788.590917 1818.435997 1844.614852 1856.840080 1864.700830 1876.571422 1893.233453 1914.933262 1942.440589 1974.100185 2006.238687 2031.201897 2044.475412 2052.307726 2063.054616 2073.340786
-9999.0 -9999.0 -9999.0 954.953265 993.803151 1032.024854 1059.102627 1090.206759 1122.683075 1127.128977 1136.474269 1141.216000 1145.784175 1154.431678 1162.849730 1180.436335 1197.485307 1214.600923 1237.405230 1274.620499 1309.863356 1339.196997 1371.755157 1398.286645 1419.169021 1435.820550 1455.419815 1479.878253 1519.969242 1557.095183 1607.185231 1660.315895 1696.836335 1720.978928 1743.594354 1771.173010 1796.442443 1833.178715 1868.185003 1901.413646 1933.219936 1957.921693 1976.376139 1983.936378 1993.720173 2002.173323 2018.086548 2039.621336 2061.643981 2090.733435 2119.231312 2144.612475 2158.964614 2169.299374 2185.555848
-9999.0 -9999.0 907.548172 945.660989 979.564379 1029.560725 1082.783542 1117.589242 1158.662016 1182.323491 1189.139112 1205.889269 1221.739918 1228.716440 1243.939913 1261.096308 1279.908764 1287.714963 1305.869880 1335.535482 1384.717376 1429.805049 1449.055308 1499.487565 1533.440394 1562.703986 1581.865245 1609.353034 1645.606340 1686.508215 1734.542898 1784.394525 1822.390671 1853.278847 1869.990579 1889.694523 1912.155516 1936.625298 1970.995817 1999.624754 2031.519215 2057.728554 2079.421617 2085.776034 2090.704415 2106.563941 2131.364293 2157.859985 2182.827465 2207.039805 2208.532423 2221.907905 2228.367038 2232.345443 2237.934944
-9999.0 -9999.0 880.397412 925.607513 965.375978 1031.046160 1111.879166 1149.094288 1192.120725 1238.415470 1257.021139 1281.597215 1291.936937 1299.633516 1322.807681 1344.761189 1358.647032 1366.356268 1366.464109 1422.509930 1481.077595 1529.551386 1572.823772 1641.685197 1688.853376 1707.610089 1721.738736 1743.108534 1767.604174 1810.164133 1856.382874 1908.960292 1952.102432 1982.886262 1998.983601 2017.506611 2037.606335 2055.009693 2074.212052 2114.401901 2143.079931 2169.734148 2197.362041 2217.848858 2226.298559 2230.141157 2218.096259 2229.176280 2236.881434 2240.582315 2242.229004 2239.317612 2239.102637 2240.184514 2241.464185
-9999.0 790.896728 843.168400 896.167964 964.730239 1031.586158 1114.148187 1193.917303 1252.432209 1300.794850 1330.052868 1340.650077 1373.348402 1413.968090 1439.428396 1465.328024 1469.439537 1476.160741 1466.613808 1516.576893 1565.853290 1638.070212 1746.569576 1804.172054 1852.102975 1855.072710 1850.874689 1863.386663 1886.638655 1930.398502 1998.392940 2046.460939 2100.722678 2141.813196 2157.323142 2164.435457 2182.129820 2202.050905 2185.107244 2210.403168 2222.633371 2232.961389 2237.073870 2239.509100 2241.153868 2241.768023 2238.943991 2232.876740 2225.363830 2219.965548 2215.994901 2211.498711 2213.878794 2217.078433 2217.669786
-9999.0 755.077295 814.368420 885.644248 956.499618 1022.281486 1123.683070 1269.760137 1325.022972 1363.095673 1384.637083 1402.202456 1477.463872 1542.490624 1575.581405 1620.183936 1614.657641 1605.132508 1590.758463 1624.028539 1673.412678 1747.761501 1893.139549 1978.587334 2011.122895 2023.795402 2031.797676 2059.473450 2097.457262 2135.323766 2170.029332 2166.777961 2196.365226 2211.691909 2216.653534 2219.036242 2223.669498 2224.539682 2223.663566 2221.048536 2217.520413 2218.785918 2223.743965 2224.267384 2222.003238 2219.213305 2213.753585 2206.159622 2200.446792 2195.466942 2192.298371 2188.874751 2186.801690 2186.308562 2181.526400
-9999.0 724.145208 795.875662 858.983108 922.080351 1034.207316 1161.092779 1297.959420 1391.751488 1429.813872 1448.585320 1513.851098 1613.859830 1709.881060 1761.110534 1786.296679 1786.552308 1764.340428 1766.911252 1812.935998 1879.704230 1975.467055 2073.413811 2153.895387 2169.871108 2176.095693 2154.816140 2171.542492 2186.996748 2191.324030 2194.560727 2200.300358 2207.206362 2211.620393 2211.831831 2210.324820 2206.799410 2199.894616 2195.873254 2193.346703 2190.581305 2190.625247 2193.562826 2195.074159 2192.599073 2188.654881 2183.816886 2177.624683 2170.803249 2163.495813 2158.795090 2154.073795 2151.271171 2145.720375 2140.873734
-9999.0 621.852107 711.218347 764.748277 875.090897 1051.309863 1178.765230 1328.158836 1476.763294 1514.470621 1586.346950 1707.452246 1812.879709 1886.159547 1924.694975 1965.216600 1994.269454 2018.205549 2054.951930 2006.891302 2068.062141 2132.001165 2161.963583 2177.882549 2183.896800 2187.995776 2182.592272 2165.744681 2157.651375 2153.103953 2156.686522 2165.581934 2172.324691 2178.832444 2177.701018 2179.024661 2179.702015 2176.652621 2173.218210 2165.360105 2158.119465 2152.534079 2150.666727 2155.763985 2150.790586 2147.442714 2140.991730 2132.338033 2122.916032 2114.629930 2106.230271 2098.864034 2095.455816 2089.282637 2087.005998
-9999.0 541.006807 617.464564 703.587772 838.923760 1003.586123 1130.007913 1296.789170 1508.890532 1627.643582 1755.925456 1829.551540 1901.246372 1958.681878 2018.390779 2064.978174 2090.641059 2102.682912 2092.656052 2107.879139 2078.694061 2075.289553 2096.224938 2125.959419 2142.560066 2149.163120 2143.241980 2134.989762 2129.670428 2130.171844 2130.111275 2129.360124 2128.208071 2126.563316 2123.988200 2126.366769 2131.092807 2124.907929 2116.109698 2107.847635 2100.393660 2092.045697 2086.472983 2082.731767 2081.570211 2081.017118 2073.104607 2062.278147 2051.186190 2042.419220 2034.207792 2028.115217 2024.797911 2019.058244 2010.050909
-9999.0 440.048268 562.745957 655.010006 774.114741 910.665297 1035.303368 1198.471598 1345.758512 1568.191719 1723.392068 1839.594443 1881.566005 1940.581172 1997.485066 2064.422027 2068.830685 2042.129626 2011.631850 2000.321468 2010.057295 2022.858632 2038.124016 2059.252367 2078.789192 2090.317278 2094.493662 2088.720919 2076.344676 2067.547740 2060.967077 2051.277343 2044.407615 2043.394348 2044.866690 2052.430593 2054.255339 2045.111757 2032.029970 2015.682964 2001.443301 1990.650075 1987.768681 1989.096132 1988.968135 1984.966226 1977.970810 1967.092119 1954.236565 1942.003371 1934.395153 1928.577214 1920.992833 1910.190389 1898.272238
-9999.0 -9999.0 486.330844 597.337775 704.296000 826.408578 939.579430 1080.902120 1230.787276 1411.154306 1528.457617 1664.147686 1738.792886 1783.803608 1830.746724 1885.101131 1905.554708 1927.980999 1915.701591 1923.885592 1933.701160 1942.163211 1953.371071 1965.912970 1980.300599 1991.598165 2000.822975 1999.658561 1991.571543 1974.759110 1954.354406 1938.691450 1929.964950 1922.866228 1932.505698 1943.792638 1940.268274 1933.454104 1921.356968 1905.537853 1892.563029 1878.726221 1874.816387 1874.761851 1874.576353 1871.423245 1866.917759 1853.912896 1840.865364 1829.023995 1823.327819 1816.798950 1811.162128 1800.019214 1788.096970
-9999.0 -9999.0 401.575546 510.064797 623.625377 746.894951 846.058872 914.972054 1066.046043 1181.165100 1285.873791 1385.357792 1468.813797 1531.955526 1573.610492 1634.124333 1677.320997 1694.581961 1718.893592 1753.792541 1782.560198 1813.619311 1834.178221 1847.819789 1862.752598 1877.208951 1886.547940 1875.261200 1865.126500 1849.280595 1828.469585 1805.436656 1793.541846 1790.536442 1792.155026 1796.469318 1790.336851 1780.835287 1766.527538 1751.222943 1738.332357 1727.303435 1723.071462 1719.047280 1717.215252 1714.024595 1710.788363 1702.594930 1691.684235 1684.310626 1675.754001 1669.813267 1666.731415 1660.284828 1651.369310
