tests/Borden05m/data_simulated/sim_1/output-maps/psiliqL0002N0019.asc
ncols         160
nrows         34
xllcorner     620200.000000
yllcorner     5168000.000000
cellsize      0.500000
NODATA_value  -9999.0
[rows 0 to 24 of 34, columns 0 to 55 of 160]
-9999.0 -9999.0 -9999.0 -9999.0 -9999.0 -9999.0 -9999.0 -9999.0 -9999.0 -9999.0 -9999.0 -9999.0 -9999.0 -9999.0 -9999.0 -9999.0 -9999.0 -9999.0 -9999.0 -9999.0 -9999.0 -9999.0 -9999.0 -9999.0 -9999.0 -9999.0 -9999.0 -9999.0 -9999.0 -9999.0 -9999.0 -9999.0 -9999.0 -9999.0 -9999.0 -9999.0 -9999.0 -9999.0 -9999.0 -9999.0 -9999.0 -9999.0 -9999.0 -9999.0 -9999.0 -9999.0 -9999.0 -9999.0 -9999.0 -9999.0 -9999.0 -9999.0 -9999.0 -9999.0 -9999.0 -9999.0
-9999.0 -9999.0 -9999.0 -9999.0 -9999.0 -9999.0 -9999.0 -9999.0 -9999.0 -9999.0 -9999.0 -9999.0 -9999.0 -9999.0 -9999.0 -9999.0 -9999.0 -9999.0 -9999.0 -9999.0 -9999.0 -9999.0 -9999.0 -9999.0 -9999.0 -9999.0 -9999.0 -9999.0 -9999.0 -9999.0 -9999.0 -9999.0 -9999.0 -9999.0 -9999.0 -9999.0 -9999.0 -9999.0 -9999.0 -9999.0 -9999.0 -9999.0 -9999.0 -9999.0 -9999.0 -9999.0 -9999.0 -9999.0 -9999.0 -9999.0 -9999.0 -9999.0 -9999.0 -9999.0 -9999.0 -9999.0
-9999.0 -9999.0 -9999.0 -9999.0 -9999.0 -9999.0 -9999.0 -9999.0 -9999.0 -9999.0 -9999.0 -9999.0 -9999.0 -9999.0 -9999.0 -9999.0 -9999.0 -9999.0 -9999.0 -9999.0 -9999.0 -9999.0 -9999.0 -9999.0 -9999.0 -9999.0 -9999.0 -9999.0 -9999.0 -9999.0 -9999.0 -9999.0 -9999.0 -9999.0 -9999.0 -9999.0 -9999.0 -9999.0 -9999.0 -9999.0 -9999.0 -9999.0 -9999.0 -9999.0 -9999.0 -9999.0 -9999.0 -606.022749 -609.233945 -613.082689 -614.120382 -609.812511 -607.811363 -605.924748 -604.619221 -603.390818
-9999.0 -9999.0 -9999.0 -9999.0 -9999.0 -9999.0 -9999.0 -9999.0 -9999.0 -9999.0 -9999.0 -9999.0 -9999.0 -9999.0 -9999.0 -9999.0 -9999.0 -9999.0 -9999.0 -9999.0 -9999.0 -9999.0 -9999.0 -9999.0 -9999.0 -9999.0 -9999.0 -9999.0 -9999.0 -9999.0 -9999.0 -9999.0 -9999.0 -9999.0 -9999.0 -9999.0 -9999.0 -9999.0 -9999.0 -9999.0 -606.029032 -604.541902 -603.335667 -605.507411 -606.468747 -606.383217 -608.696580 -611.338822 -614.041403 -613.261469 -613.203900 -615.028343 -612.027307 -609.575399 -608.652219 -607.856596
-9999.0 -9999.0 -9999.0 -9999.0 -9999.0 -9999.0 -9999.0 -9999.0 -9999.0 -9999.0 -9999.0 -9999.0 -9999.0 -9999.0 -9999.0 -9999.0 -9999.0 -9999.0 -9999.0 -9999.0 -9999.0 -9999.0 -9999.0 -9999.0 -9999.0 -9999.0 -9999.0 -9999.0 -9999.0 -9999.0 -9999.0 -9999.0 -9999.0 -9999.0 -613.120563 -610.352392 -609.075326 -607.851160 -606.050233 -606.604419 -607.077017 -605.772509 -606.937786 -607.029119 -608.519811 -611.267743 -614.027057 -615.581551 -613.991885 -614.528381 -614.511425 -613.090910 -612.173219 -611.780136 -609.756411 -606.542092
-9999.0 -9999.0 -9999.0 -9999.0 -9999.0 -9999.0 -9999.0 -9999.0 -9999.0 -9999.0 -9999.0 -9999.0 -9999.0 -9999.0 -9999.0 -9999.0 -9999.0 -9999.0 -9999.0 -9999.0 -9999.0 -9999.0 -9999.0 -9999.0 -9999.0 -9999.0 -9999.0 -9999.0 -609.026241 -610.111623 -610.945137 -610.897288 -611.280839 -612.756941 -613.124256 -612.818933 -611.303503 -608.883681 -608.445037 -608.712417 -608.509184 -609.070871 -610.684355 -610.859184 -609.102628 -610.782826 -611.605312 -612.715919 -615.453598 -616.117206 -614.535517 -613.009459 -611.678032 -611.315589 -611.076274 -611.003445
-9999.0 -9999.0 -9999.0 -9999.0 -9999.0 -9999.0 -9999.0 -9999.0 -9999.0 -9999.0 -9999.0 -9999.0 -9999.0 -9999.0 -9999.0 -9999.0 -9999.0 -9999.0 -9999.0 -9999.0 -9999.0 -9999.0 -9999.0 -610.954804 -609.951011 -609.565750 -608.684196 -609.127680 -611.227470 -612.574878 -613.161137 -613.642025 -614.762341 -614.887012 -614.893144 -614.145480 -613.574775 -611.043411 -612.252004 -613.025180 -610.842584 -611.361172 -609.955493 -608.339715 -608.727412 -608.402226 -611.412103 -613.657865 -611.300728 -610.339076 -610.435989 -610.948170 -610.157733 -609.078311 -607.725264 -605.425098
-9999.0 -9999.0 -9999.0 -9999.0 -9999.0 -9999.0 -9999.0 -9999.0 -9999.0 -9999.0 -9999.0 -9999.0 -9999.0 -9999.0 -9999.0 -9999.0 -9999.0 -9999.0 -9999.0 -610.944984 -611.250732 -611.857499 -611.611647 -613.591839 -614.428659 -613.847164 -612.760831 -613.392795 -614.544183 -615.544271 -615.422476 -615.283908 -615.526969 -613.990717 -612.738294 -612.301516 -612.594623 -610.590998 -609.969902 -608.815021 -605.837547 -607.775366 -609.686437 -610.691435 -610.772963 -611.322643 -609.521806 -608.969868 -608.795617 -608.948681 -608.888530 -608.445403 -608.177805 -605.732071 -603.431045 -601.467424
-9999.0 -9999.0 -9999.0 -9999.0 -9999.0 -9999.0 -9999.0 -9999.0 -9999.0 -9999.0 -9999.0 -9999.0 -9999.0 -9999.0 -9999.0 -9999.0 -611.261929 -611.427209 -612.171616 -613.373916 -614.429016 -614.445967 -613.617009 -615.098592 -615.583492 -615.238785 -615.884444 -615.133830 -614.327212 -613.361716 -612.925006 -613.985914 -613.776811 -613.911193 -614.012649 -613.483278 -611.221675 -609.126105 -608.644793 -607.123188 -604.407907 -605.961884 -606.633302 -606.557438 -607.526172 -606.665162 -602.592240 -603.214859 -604.939833 -600.634208 -598.346968 -599.147697 -599.552811 -596.757459 -592.468017 -586.810792
-9999.0 -9999.0 -9999.0 -9999.0 -9999.0 -9999.0 -9999.0 -9999.0 -9999.0 -9999.0 -9999.0 -9999.0 -9999.0 -611.686143 -611.831968 -611.607768 -613.496906 -614.974708 -615.868881 -617.118590 -615.495938 -616.642163 -616.999368 -616.712201 -615.265157 -615.223962 -615.047231 -614.124114 -614.417345 -614.845272 -615.259247 -616.133851 -614.900140 -613.666497 -612.802385 -611.008286 -609.608677 -608.484735 -606.435227 -606.031786 -604.627485 -605.129377 -606.777266 -607.139816 -605.842780 -602.012791 -599.033883 -597.921841 -592.510081 -586.726408 -583.811713 -580.071013 -578.166131 -575.489622 -568.859954 -548.957831
-9999.0 -9999.0 -9999.0 -9999.0 -9999.0 -9999.0 -9999.0 -9999.0 -9999.0 -9999.0 -614.747587 -613.753754 -615.211556 -617.896342 -619.072074 -618.441993 -617.778275 -618.784383 -618.743855 -615.879667 -614.301865 -616.965547 -615.106250 -615.064673 -616.195900 -615.891108 -615.123055 -614.980185 -613.189887 -613.102368 -613.056420 -610.127342 -609.342803 -608.504809 -607.355012 -606.101685 -604.968971 -600.391513 -596.409802 -596.411930 -590.813659 -587.195085 -590.076484 -591.088890 -590.213323 -585.920640 -578.672408 -567.762574 -555.992334 -537.835582 -519.134518 -505.033821 -493.751866 -480.261105 -464.468906 -441.585690
-9999.0 -9999.0 -9999.0 -9999.0 -9999.0 -9999.0 -9999.0 -9999.0 -618.720275 -617.158597 -616.165261 -617.400696 -619.054815 -622.048670 -620.900591 -619.769664 -619.001003 -617.861655 -617.309461 -616.846921 -617.516279 -616.524700 -614.701247 -615.174745 -614.962721 -613.759296 -613.707464 -612.604811 -610.917187 -611.645619 -610.682207 -609.085998 -607.669656 -606.405983 -604.888102 -603.937446 -599.179496 -592.714768 -585.525471 -578.991930 -569.358131 -556.610399 -556.375625 -553.882205 -550.857716 -531.223923 -501.008498 -467.808272 -443.109133 -422.114533 -399.410171 -386.225735 -377.032877 -365.480646 -351.214845 -338.410693
-9999.0 -9999.0 -9999.0 -9999.0 -9999.0 -9999.0 -621.074505 -617.598813 -615.906661 -619.804198 -622.781828 -623.770754 -625.550856 -621.680841 -618.236627 -617.577892 -617.062263 -616.446730 -616.773256 -618.996706 -613.711328 -615.123498 -616.138486 -614.487978 -614.597326 -614.442474 -613.399716 -611.036401 -609.935602 -605.191907 -601.628842 -598.488537 -594.311148 -591.627491 -588.747241 -585.262083 -575.822038 -560.244639 -537.259219 -509.756268 -480.295189 -453.154113 -443.202941 -438.006789 -431.726176 -419.462020 -396.425977 -370.808114 -340.469234 -311.226253 -288.682502 -277.921290 -268.327515 -257.541774 -244.285058 -229.734123
-9999.0 -9999.0 -9999.0 -9999.0 -619.224158 -618.442608 -619.051488 -616.006798 -613.879472 -618.613438 -616.897143 -617.717082 -619.255651 -621.146788 -623.408864 -621.751295 -620.793185 -620.143807 -620.407713 -615.220727 -610.804872 -613.585824 -611.315703 -606.954288 -607.855996 -607.344009 -607.069471 -604.998782 -601.206056 -596.297119 -585.049973 -573.846185 -565.059662 -553.932985 -541.489459 -522.486175 -490.622190 -455.005677 -428.156196 -401.530626 -375.722600 -354.438419 -339.887298 -331.313744 -320.783432 -308.275268 -291.341272 -267.310122 -240.349962 -209.008323 -179.249621 -162.665281 -154.198813 -144.247572 -131.831030 -113.723842
-9999.0 -9999.0 -9999.0 -621.324459 -617.912901 -616.645430 -618.245520 -617.600716 -614.972640 -617.478020 -617.936738 -618.332397 -618.547579 -618.475227 -618.637610 -617.658595 -617.478362 -618.217157 -617.492811 -614.346646 -612.828774 -610.159727 -608.068718 -604.841413 -602.059533 -600.943141 -599.386262 -595.365310 -585.193667 -572.252713 -545.655261 -501.021475 -463.286090 -441.923388 -428.244405 -409.570874 -390.299892 -361.500208 -332.364257 -304.401758 -276.158199 -252.173456 -230.044228 -216.135149 -207.298391 -198.544967 -181.938207 -162.332395 -141.912913 -110.937912 -49.784881 -31.272848 -20.902448 -14.249258 -1.913640 10.689010
-9999.0 -9999.0 -620.746094 -618.804730 -620.094356 -617.616591 -614.871126 -616.736758 -613.445945 -612.327385 -615.557323 -613.626408 -612.600156 -614.568456 -613.195624 -611.666734 -610.949589 -613.450448 -615.239079 -611.441584 -603.326970 -596.438350 -592.307970 -574.510296 -562.932963 -554.850500 -550.387230 -535.664193 -508.293144 -463.676341 -426.374197 -387.227958 -352.632419 -324.870767 -312.528768 -297.753939 -275.353110 -251.478231 -222.607257 -195.943474 -168.854329 -143.723039 -116.750309 -70.857378 -66.693935 -54.434458 -36.795412 -17.991753 -0.150110 16.764532 33.973488 34.350781 34.595670 34.704086 34.492171 34.737881
-9999.0 -9999.0 -622.957862 -619.750144 -621.907071 -616.787887 -612.071101 -616.519126 -615.035647 -610.120061 -611.356023 -610.705436 -611.142919 -610.668052 -608.409599 -603.936052 -606.232479 -607.100361 -611.940649 -600.137794 -588.901973 -567.361747 -518.610681 -467.736763 -438.648162 -433.464016 -430.015664 -417.807756 -398.157331 -360.723825 -312.477381 -260.176153 -218.103207 -190.417063 -176.591832 -162.242555 -139.290340 -86.590321 -70.359564 -42.077563 -25.805340 -7.702116 11.600888 28.393913 34.203296 34.368903 34.024448 34.284971 34.262206 34.267152 33.950436 30.887912 29.930902 30.345129 31.394512 26.784461
-9999.0 -623.717269 -622.098921 -621.955944 -618.628389 -619.557804 -615.528292 -609.749381 -609.917275 -607.794431 -607.610379 -610.604980 -598.787955 -588.097458 -584.108722 -574.299058 -578.289147 -581.290546 -587.314207 -573.440967 -543.121544 -463.398361 -374.261016 -331.063140 -312.357326 -312.140244 -316.353663 -304.279554 -279.280688 -237.254100 -165.748110 -78.512548 -42.128777 -15.915591 -7.985389 -6.570929 5.528174 20.917290 36.317378 38.550832 38.421544 38.832786 34.241119 34.452742 34.322835 34.252943 31.437284 25.517146 18.294379 11.927970 8.041401 3.525175 5.773544 8.947327 10.435342 3.549495
-9999.0 -628.586576 -622.277592 -618.516670 -619.854637 -622.264444 -613.108874 -599.463876 -604.046807 -605.349978 -605.550238 -595.940389 -565.534132 -530.316356 -500.777555 -469.431225 -470.773425 -481.050706 -478.829107 -450.074195 -406.942985 -337.994952 -236.034523 -169.519378 -179.965579 -179.639387 -175.637864 -155.489689 -125.148175 -86.877746 -0.070296 24.480205 27.232357 27.565490 27.651694 27.685926 27.804081 27.900482 24.547528 21.028748 14.329682 15.852152 20.009808 19.737170 16.100221 13.171573 7.968257 -0.405035 -33.570680 -48.899169 -54.458052 -58.671958 -60.543696 -60.281427 -64.457737 -71.103587
-9999.0 -623.499514 -616.362791 -618.110898 -623.813890 -615.068508 -611.315050 -601.509122 -593.479174 -595.107532 -581.599146 -531.820913 -462.457723 -411.867783 -379.809280 -361.498432 -349.136782 -349.441626 -328.364337 -280.661862 -205.167068 -87.969995 -46.669214 -1.037956 -53.245847 -76.389282 -85.451417 -86.533675 -81.637080 -69.309552 -43.632418 9.384496 15.410370 18.716658 16.567166 13.608083 9.184889 1.701346 -3.718974 -8.725872 -43.519529 -43.728836 -10.980549 -11.430360 -45.513586 -55.299974 -62.310721 -70.861734 -82.968009 -93.484620 -99.167542 -103.998320 -106.733147 -111.284089 -116.502329 -122.981673
-9999.0 -631.753159 -621.596723 -629.974505 -617.788537 -607.559182 -608.714416 -592.094523 -570.143773 -558.597927 -485.637790 -422.264016 -358.951346 -312.483144 -276.765892 -238.799773 -212.925806 -186.151683 -151.569807 -111.894149 -2.415614 18.825908 19.514813 19.285194 3.068687 -68.508718 -91.520052 -113.134523 -120.738494 -119.977415 -105.966046 -82.824837 -64.934419 -21.296472 -55.916048 -60.295133 -62.040097 -65.950654 -69.929950 -79.320177 -91.674951 -96.952790 -93.717029 -88.993489 -99.830227 -106.791826 -114.380834 -123.622347 -134.058992 -143.508983 -151.878870 -159.142654 -162.560923 -168.485741 -170.215384 -177.224928
-9999.0 -637.919711 -630.633966 -625.041657 -614.437269 -606.917941 -598.689472 -579.678688 -527.718319 -461.676140 -404.484219 -371.960991 -319.508320 -260.974139 -203.105797 -172.434362 -156.067055 -149.490208 -139.291034 -128.582947 -125.446285 -68.058620 -54.103396 -35.992905 -87.410717 -109.143490 -128.523291 -143.267765 -148.940596 -145.548397 -139.378110 -130.987492 -123.762208 -117.391518 -122.997105 -123.173934 -119.783970 -125.022647 -132.106987 -139.571485 -146.971042 -154.450682 -158.830765 -161.698300 -165.757797 -167.815068 -175.883723 -186.538022 -197.250449 -205.676031 -213.840923 -220.247156 -222.520793 -226.965724 -232.643420 -242.409824
-9999.0 -651.736794 -628.121068 -625.129966 -618.751507 -616.761302 -614.689910 -601.273802 -576.945301 -471.689360 -347.467301 -333.824800 -315.998363 -283.046672 -228.030303 -178.627753 -172.414648 -199.981251 -220.166512 -227.327748 -216.986375 -195.341518 -178.076202 -160.997587 -159.219195 -161.650044 -168.280050 -179.055494 -191.256987 -195.378556 -194.650680 -196.811965 -197.906176 -194.980863 -196.392566 -191.881560 -188.541160 -197.069987 -208.377402 -221.880959 -233.923672 -242.748081 -245.832914 -245.735910 -247.043670 -250.464609 -257.768902 -267.308647 -278.788342 -289.047968 -297.009504 -302.517030 -307.929613 -315.235828 -323.415116 -332.357262
-9999.0 -9999.0 -638.755439 -625.135826 -623.294732 -621.155806 -619.084453 -608.838295 -596.868064 -548.772441 -474.051650 -426.564963 -395.542732 -364.827340 -319.346357 -279.917753 -274.157166 -268.621374 -292.597354 -291.996472 -285.371953 -276.770709 -265.351462 -254.137141 -246.165260 -242.517834 -240.907940 -243.677018 -251.835719 -263.427818 -275.654869 -284.015085 -288.714545 -292.019652 -285.213874 -275.796852 -276.820537 -282.603525 -292.570495 -305.812442 -317.061043 -328.235433 -331.262686 -330.504572 -330.802897 -333.697490 -338.612815 -349.474453 -360.442418 -371.561122 -376.882995 -382.022426 -387.106799 -395.793803 -404.518019 -414.147697
-9999.0 -9999.0 -654.122866 -632.181588 -622.896925 -616.454229 -617.246558 -615.721133 -601.148222 -593.002422 -579.184761 -554.863007 -522.037437 -480.307318 -452.605922 -422.788843 -409.539156 -403.073547 -402.691055 -395.059337 -379.626264 -364.574817 -353.912746 -343.578691 -334.167205 -326.783896 -320.293955 -328.546063 -336.852021 -349.048474 -363.950380 -380.236371 -388.867919 -393.832300 -390.199775 -383.970225 -387.731389 -395.697840 -406.435705 -418.580152 -427.442593 -435.707352 -438.001940 -438.785571 -438.937450 -440.649335 -443.066436 -450.295067 -460.472607 -469.274388 -477.053375 -484.213636 -488.818195 -497.819031 -508.964782 -517.560991
