tests/Borden05m/data_simulated/sim_1/output-maps/psiliqL0028N0019.asc
ncols         160
nrows         34
xllcorner     620200.000000
yllcorner     5168000.000000
cellsize      0.500000
NODATA_value  -9999.0
[rows 0 to 24 of 34, columns 0 to 54 of 160]
-9999.0 -9999.0 -9999.0 -9999.0 -9999.0 -9999.0 -9999.0 -9999.0 -9999.0 -9999.0 -9999.0 -9999.0 -9999.0 -9999.0 -9999.0 -9999.0 -9999.0 -9999.0 -9999.0 -9999.0 -9999.0 -9999.0 -9999.0 -9999.0 -9999.0 -9999.0 -9999.0 -9999.0 -9999.0 -9999.0 -9999.0 -9999.0 -9999.0 -9999.0 -9999.0 -9999.0 -9999.0 -9999.0 -9999.0 -9999.0 -9999.0 -9999.0 -9999.0 -9999.0 -9999.0 -9999.0 -9999.0 -9999.0 -9999.0 -9999.0 -9999.0 -9999.0 -9999.0 -9999.0 -9999.0
-9999.0 -9999.0 -9999.0 -9999.0 -9999.0 -9999.0 -9999.0 -9999.0 -9999.0 -9999.0 -9999.0 -9999.0 -9999.0 -9999.0 -9999.0 -9999.0 -9999.0 -9999.0 -9999.0 -9999.0 -9999.0 -9999.0 -9999.0 -9999.0 -9999.0 -9999.0 -9999.0 -9999.0 -9999.0 -9999.0 -9999.0 -9999.0 -9999.0 -9999.0 -9999.0 -9999.0 -9999.0 -9999.0 -9999.0 -9999.0 -9999.0 -9999.0 -9999.0 -9999.0 -9999.0 -9999.0 -9999.0 -9999.0 -9999.0 -9999.0 -9999.0 -9999.0 -9999.0 -9999.0 -9999.0
-9999.0 -9999.0 -9999.0 -9999.0 -9999.0 -9999.0 -9999.0 -9999.0 -9999.0 -9999.0 -9999.0 -9999.0 -9999.0 -9999.0 -9999.0 -9999.0 -9999.0 -9999.0 -9999.0 -9999.0 -9999.0 -9999.0 -9999.0 -9999.0 -9999.0 -9999.0 -9999.0 -9999.0 -9999.0 -9999.0 -9999.0 -9999.0 -9999.0 -9999.0 -9999.0 -9999.0 -9999.0 -9999.0 -9999.0 -9999.0 -9999.0 -9999.0 -9999.0 -9999.0 -9999.0 -9999.0 -9999.0 3672.642440 3655.464800 3642.396193 3637.133882 3657.740679 3680.581427 3704.228175 3724.575418
-9999.0 -9999.0 -9999.0 -9999.0 -9999.0 -9999.0 -9999.0 -9999.0 -9999.0 -9999.0 -9999.0 -9999.0 -9999.0 -9999.0 -9999.0 -9999.0 -9999.0 -9999.0 -9999.0 -9999.0 -9999.0 -9999.0 -9999.0 -9999.0 -9999.0 -9999.0 -9999.0 -9999.0 -9999.0 -9999.0 -9999.0 -9999.0 -9999.0 -9999.0 -9999.0 -9999.0 -9999.0 -9999.0 -9999.0 -9999.0 3724.090585 3729.928357 3729.296371 3719.420867 3707.919348 3693.787942 3672.936996 3655.810368 3642.979643 3641.046222 3643.265153 3645.263716 3665.331157 3690.675918 3710.439555
-9999.0 -9999.0 -9999.0 -9999.0 -9999.0 -9999.0 -9999.0 -9999.0 -9999.0 -9999.0 -9999.0 -9999.0 -9999.0 -9999.0 -9999.0 -9999.0 -9999.0 -9999.0 -9999.0 -9999.0 -9999.0 -9999.0 -9999.0 -9999.0 -9999.0 -9999.0 -9999.0 -9999.0 -9999.0 -9999.0 -9999.0 -9999.0 -9999.0 -9999.0 3632.105155 3648.806386 3666.526552 3684.944732 3701.806285 3708.796101 3714.531797 3719.663631 3714.736638 3710.153208 3698.154901 3676.517810 3657.057797 3644.321255 3643.408335 3640.786564 3643.934954 3654.920540 3671.218571 3685.697216 3705.860101
-9999.0 -9999.0 -9999.0 -9999.0 -9999.0 -9999.0 -9999.0 -9999.0 -9999.0 -9999.0 -9999.0 -9999.0 -9999.0 -9999.0 -9999.0 -9999.0 -9999.0 -9999.0 -9999.0 -9999.0 -9999.0 -9999.0 -9999.0 -9999.0 -9999.0 -9999.0 -9999.0 -9999.0 3638.681151 3632.601490 3627.646424 3625.833993 3624.123518 3622.991203 3629.430639 3640.137756 3656.732163 3678.662523 3691.792787 3698.855870 3705.588044 3705.614105 3699.264512 3697.304737 3697.509725 3684.352854 3671.619383 3659.678857 3647.956870 3644.164487 3652.564248 3666.475155 3682.327693 3696.474716 3711.320257
-9999.0 -9999.0 -9999.0 -9999.0 -9999.0 -9999.0 -9999.0 -9999.0 -9999.0 -9999.0 -9999.0 -9999.0 -9999.0 -9999.0 -9999.0 -9999.0 -9999.0 -9999.0 -9999.0 -9999.0 -9999.0 -9999.0 -9999.0 3609.218922 3613.822609 3620.147474 3627.640047 3628.394755 3625.058651 3619.505461 3616.639715 3614.943813 3612.241307 3616.469577 3622.910622 3635.356939 3650.106238 3672.097514 3679.881971 3683.400911 3694.176014 3697.670442 3705.492151 3708.915874 3706.533301 3701.751836 3685.913147 3673.420997 3674.529020 3677.674570 3684.034759 3691.940993 3704.945451 3717.840619 3732.217463
-9999.0 -9999.0 -9999.0 -9999.0 -9999.0 -9999.0 -9999.0 -9999.0 -9999.0 -9999.0 -9999.0 -9999.0 -9999.0 -9999.0 -9999.0 -9999.0 -9999.0 -9999.0 -9999.0 3585.043871 3586.023118 3587.444795 3592.168363 3592.297509 3593.767074 3600.211264 3607.878594 3610.564684 3607.917240 3606.663615 3607.528383 3609.617908 3613.667440 3623.384106 3636.060219 3649.258825 3661.145451 3681.035322 3694.611100 3705.914373 3720.276659 3720.290950 3716.136307 3713.864890 3713.016647 3710.381258 3707.043161 3704.739580 3710.225676 3709.483181 3711.774455 3720.193660 3731.593623 3747.067624 3763.455514
-9999.0 -9999.0 -9999.0 -9999.0 -9999.0 -9999.0 -9999.0 -9999.0 -9999.0 -9999.0 -9999.0 -9999.0 -9999.0 -9999.0 -9999.0 -9999.0 3556.094493 3557.719648 3559.959619 3565.334139 3569.001790 3572.689835 3579.386626 3580.615828 3583.527719 3590.078803 3593.873450 3602.655079 3610.445198 3616.733841 3621.720971 3623.176647 3628.499420 3636.535947 3646.723400 3659.158460 3677.776614 3700.275136 3714.746678 3730.322774 3746.534022 3746.120395 3743.355321 3742.533430 3739.817851 3739.413881 3752.310986 3754.169923 3746.952824 3754.592310 3765.112534 3766.722597 3772.733493 3791.813585 3812.996472
-9999.0 -9999.0 -9999.0 -9999.0 -9999.0 -9999.0 -9999.0 -9999.0 -9999.0 -9999.0 -9999.0 -9999.0 -9999.0 3506.303930 3510.055779 3520.180756 3531.887799 3534.783781 3539.580749 3546.092756 3557.808553 3560.978066 3566.366349 3572.842824 3584.926632 3592.740802 3600.527699 3611.215988 3618.044020 3623.761395 3628.792040 3629.931225 3639.776344 3652.198540 3664.943964 3682.493683 3703.061578 3719.846106 3736.372568 3751.657786 3761.839343 3757.405074 3755.645049 3756.759069 3759.970008 3771.249277 3786.412205 3784.525159 3791.867012 3811.044968 3819.907373 3825.732679 3830.712739 3843.988858 3864.983593
-9999.0 -9999.0 -9999.0 -9999.0 -9999.0 -9999.0 -9999.0 -9999.0 -9999.0 -9999.0 3480.976457 3482.073908 3477.965249 3474.432603 3480.006736 3492.028030 3506.356431 3511.250898 3522.863034 3543.794089 3562.070704 3564.325581 3576.688839 3586.002046 3591.637374 3600.038426 3611.400145 3621.787810 3635.305931 3645.150110 3651.784378 3665.879000 3679.796138 3694.138713 3709.554475 3728.351850 3742.404050 3763.945934 3787.165901 3793.978811 3808.947356 3809.556654 3804.389608 3801.395727 3809.778686 3819.202055 3832.005437 3845.530428 3862.587298 3883.101943 3891.573933 3903.555569 3911.753922 3921.283196 3936.092154
-9999.0 -9999.0 -9999.0 -9999.0 -9999.0 -9999.0 -9999.0 -9999.0 3456.648964 3464.653063 3469.506424 3465.714757 3460.704491 3453.921278 3468.199027 3482.918078 3498.019018 3515.767918 3530.456819 3547.887043 3560.576115 3573.946573 3592.921108 3602.151449 3611.066611 3624.423894 3635.653432 3648.379180 3666.946125 3672.371182 3680.936888 3698.350121 3711.943785 3726.981528 3743.440185 3758.141533 3776.153336 3804.542706 3831.811384 3846.045943 3870.749600 3886.206284 3879.227528 3876.323424 3876.593760 3898.449504 3923.361308 3951.358927 3968.659474 3990.860072 4018.305500 4037.000746 4045.921146 4056.716895 4070.283755
-9999.0 -9999.0 -9999.0 -9999.0 -9999.0 -9999.0 3428.274065 3452.377268 3467.159395 3457.898842 3442.408765 3436.347786 3429.122946 3460.524039 3482.199848 3498.688352 3514.391449 3530.872133 3545.936136 3552.474253 3580.197433 3598.539283 3608.606488 3619.708415 3632.630167 3645.483074 3659.953667 3679.392720 3694.778782 3714.149813 3727.489888 3741.524530 3763.439143 3779.154397 3794.612323 3806.550768 3832.608644 3865.992337 3899.450937 3922.610523 3946.094865 3977.092681 3975.658813 3976.801818 3977.596130 4001.303973 4034.938905 4064.258186 4095.504768 4125.590955 4153.847070 4164.135875 4172.929881 4182.662806 4195.084597
-9999.0 -9999.0 -9999.0 -9999.0 3396.683032 3417.163639 3435.077371 3464.457693 3485.687221 3480.022908 3483.270522 3480.129105 3474.437390 3478.747845 3486.109361 3502.110756 3520.151139 3538.554618 3551.079179 3575.802803 3621.670078 3630.754728 3645.504843 3673.172623 3682.425230 3694.856252 3708.960490 3727.798481 3744.059128 3769.349311 3801.322800 3828.446382 3848.373173 3866.357556 3884.442843 3900.123167 3934.607739 3970.878394 4005.861685 4036.658663 4062.930715 4088.696238 4094.642469 4099.219821 4108.976861 4125.999356 4148.679706 4176.144724 4209.862991 4241.887202 4264.967180 4273.634724 4278.654225 4288.129546 4295.459964
-9999.0 -9999.0 -9999.0 3342.021276 3380.863845 3420.349303 3445.148042 3474.535821 3506.109596 3504.461318 3512.196727 3510.375012 3507.510698 3511.427859 3512.772924 3527.937737 3545.034680 3564.079616 3584.110207 3615.995149 3643.199011 3658.279575 3684.310679 3697.969997 3708.943943 3720.351500 3737.778851 3756.370185 3791.342568 3819.470063 3864.249335 3913.906004 3945.114756 3963.748905 3985.890558 4013.161445 4038.150196 4076.929926 4110.727172 4142.612990 4172.651935 4194.565292 4208.458604 4212.900939 4222.560895 4228.148669 4240.438959 4261.354471 4283.700664 4314.490277 4343.787810 4372.982517 4388.368237 4399.562475 4416.790770
-9999.0 -9999.0 3293.504020 3333.122640 3363.678305 3409.278828 3461.664496 3496.118224 3534.436526 3551.709258 3553.460773 3562.177245 3570.954542 3570.129754 3576.982799 3588.000684 3609.565487 3617.808266 3637.646209 3650.598906 3685.341272 3716.987875 3709.269991 3745.315209 3774.320171 3806.799875 3827.925511 3854.044478 3891.590925 3924.362232 3968.057199 4017.734274 4051.561279 4079.127781 4095.004521 4115.336449 4135.529616 4162.089346 4199.019657 4224.491577 4258.276190 4283.679963 4303.152805 4303.529636 4306.150711 4322.361928 4350.997126 4382.240782 4411.522417 4440.949500 4423.919686 4448.412592 4459.367145 4465.478962 4475.088901
-9999.0 -9999.0 3262.567953 3309.181097 3342.412522 3398.458525 3485.316104 3518.326907 3557.013906 3601.539382 3613.722800 3633.784335 3624.333258 3609.668849 3625.746580 3638.163538 3658.981938 3666.019390 3658.934790 3710.028436 3761.284991 3782.135084 3783.438091 3860.883531 3913.595070 3938.528075 3955.595026 3975.773293 3995.046040 4032.922273 4071.328404 4125.940073 4167.083060 4196.944664 4211.485902 4231.788931 4251.384343 4266.384168 4286.090582 4333.544988 4369.838382 4401.140169 4433.541567 4455.056369 4463.299099 4468.564182 4441.646478 4462.136345 4476.031706 4482.024690 4484.433710 4480.608657 4480.062851 4480.909991 4481.832901
-9999.0 3168.672442 3220.829118 3270.573603 3333.744029 3393.447933 3466.242479 3539.586636 3606.314991 3658.307516 3682.265993 3672.094553 3666.447927 3688.674992 3706.583373 3721.181638 3726.588998 3737.101772 3716.900199 3770.520577 3805.474813 3851.544198 3949.509867 4007.993082 4073.249599 4068.788712 4056.633174 4060.954132 4076.273410 4123.112696 4203.384382 4260.645332 4327.847226 4377.852092 4395.349010 4403.113474 4422.119368 4443.175016 4387.520595 4433.085588 4454.134433 4471.698051 4481.861557 4484.282376 4485.634426 4485.382653 4481.645177 4474.540618 4466.300854 4460.406845 4456.140657 4451.637540 4454.078855 4457.415258 4457.512247
-9999.0 3129.643684 3186.222975 3253.713714 3320.028544 3362.977108 3441.323041 3610.226086 3673.242434 3710.539810 3712.961007 3681.550218 3736.066362 3794.637879 3817.483254 3862.561711 3845.707218 3830.124215 3790.100288 3814.412093 3851.781797 3922.378629 4096.971148 4186.340176 4241.472810 4249.379773 4249.715391 4278.436748 4323.695795 4372.655119 4420.212540 4385.483097 4437.928235 4463.827679 4469.239818 4469.997400 4475.808486 4474.246946 4472.939712 4468.424721 4463.213568 4463.389660 4468.103974 4467.959933 4464.961847 4461.517819 4455.776030 4448.356258 4443.192968 4438.556164 4435.908344 4433.089202 4431.063123 4430.192806 4425.217369
-9999.0 3087.145933 3162.349589 3218.974093 3261.073430 3347.300099 3477.262948 3621.964093 3718.192128 3751.077145 3721.220554 3750.975086 3853.975050 3961.696241 4014.254287 4034.951761 4013.102095 3961.206204 3938.212889 3981.909301 4053.490280 4177.435443 4323.059194 4425.919033 4441.851569 4445.460970 4394.276321 4421.817070 4447.343851 4450.373040 4451.571643 4460.244181 4465.377760 4468.403300 4466.806931 4463.906399 4459.058345 4450.804955 4446.017382 4442.270320 4438.452201 4437.187701 4439.104925 4441.049266 4438.178343 4434.257182 4429.770663 4424.195367 4417.839988 4411.028963 4406.628384 4402.303060 4400.135164 4394.430644 4390.974532
-9999.0 2960.381787 3056.615651 3093.675856 3159.478432 3349.734719 3478.637197 3616.437849 3784.136081 3801.280450 3841.796003 3984.226898 4105.926923 4187.785028 4215.481087 4248.218440 4272.674173 4288.071111 4325.620812 4195.632297 4280.087409 4383.994596 4432.016905 4452.841118 4464.133237 4464.531368 4454.431723 4433.397663 4422.607489 4415.845098 4417.458012 4424.770910 4429.351207 4434.060221 4431.730513 4432.884304 4434.160362 4430.979578 4426.905987 4418.078022 4410.169509 4403.307907 4399.807935 4404.423252 4399.786373 4397.520794 4391.245290 4382.676979 4373.612729 4366.213258 4358.130898 4351.515639 4349.298261 4344.289986 4343.065599
-9999.0 2879.669484 2950.730734 3002.056055 3106.136428 3268.503105 3356.357852 3511.615672 3757.698876 3897.131392 4067.561706 4162.018049 4232.755281 4272.728515 4322.075845 4375.646483 4403.591909 4416.160275 4382.856859 4407.312549 4363.328329 4352.068758 4370.019955 4399.931001 4417.879285 4422.092205 4414.356964 4405.408636 4398.124229 4397.000960 4394.699203 4390.234864 4385.738175 4381.926648 4378.787376 4381.930034 4387.379868 4380.083413 4369.502572 4359.807946 4351.077459 4341.675049 4335.623327 4330.741546 4331.324929 4331.632524 4323.903114 4313.299991 4302.301549 4293.902614 4286.685895 4282.265058 4279.477453 4274.398253 4264.353833
-9999.0 2760.232959 2889.666887 2961.293771 3046.849272 3172.199091 3270.268383 3418.301236 3543.824393 3792.555562 3931.302682 4138.198489 4190.091049 4262.553784 4309.026255 4384.091247 4378.842205 4347.601443 4303.217053 4287.275218 4299.754635 4309.109508 4317.061489 4331.177079 4349.150020 4359.528010 4365.068243 4359.299315 4345.009925 4332.096944 4320.343109 4306.080621 4296.325184 4293.641446 4298.181142 4308.633218 4308.894232 4299.522525 4285.165666 4266.529032 4250.615207 4238.569435 4236.665496 4239.629637 4240.851732 4236.644805 4230.904956 4219.993227 4207.259663 4194.608615 4189.067826 4184.779977 4177.155596 4165.583183 4153.416821
-9999.0 -9999.0 2801.180931 2908.035599 2994.885592 3101.262281 3182.603661 3293.559155 3430.338216 3599.199358 3715.513377 3904.354156 4003.883286 4048.507325 4080.863364 4137.653135 4164.661816 4198.446163 4194.932131 4208.298762 4219.167841 4224.850982 4229.890412 4235.128680 4245.502517 4255.499025 4266.252816 4263.416295 4254.659285 4233.622048 4207.084733 4186.392755 4175.621183 4165.995204 4178.549797 4191.292524 4185.371157 4178.381819 4165.568506 4149.195095 4136.619971 4122.225381 4118.774658 4118.601985 4119.243282 4116.973464 4114.682037 4102.195084 4089.911324 4080.204737 4076.305898 4070.658767 4067.245862 4057.456831 4046.852768
-9999.0 -9999.0 2717.600505 2814.058226 2911.466050 3023.331946 3101.678735 3101.201377 3231.771075 3331.459209 3439.174891 3552.652355 3652.177699 3722.194908 3753.828523 3816.897030 3876.081457 3895.410402 3939.307987 3997.527873 4033.595414 4075.241723 4099.390556 4108.695456 4121.256343 4136.083551 4143.493635 4127.765861 4116.436859 4099.228836 4075.394104 4048.093077 4034.289579 4034.272497 4032.816609 4033.799242 4025.853199 4016.939620 4002.385402 3988.636733 3976.495110 3967.894325 3964.348532 3958.406696 3955.932625 3953.188537 3951.653638 3946.830646 3938.933198 3934.729660 3926.460554 3922.986592 3922.436773 3919.820808 3914.474539
