tests/Borden05m/data_simulated/sim_1/output-maps/psiliqL0008N0014.asc
ncols         160
nrows         34
xllcorner     620200.000000
yllcorner     5168000.000000
cellsize      0.500000
NODATA_value  -9999.0
[rows 0 to 24 of 34, columns 57 to 113 of 160]
-9999.0 -9999.0 -9999.0 -9999.0 -9999.0 -9999.0 -9999.0 -9999.0 -9999.0 -9999.0 -9999.0 -9999.0 -9999.0 -9999.0 -9999.0 -9999.0 -9999.0 -9999.0 -9999.0 -9999.0 -9999.0 -9999.0 -9999.0 -9999.0 -9999.0 -9999.0 -9999.0 -9999.0 -9999.0 -9999.0 -9999.0 -9999.0 -9999.0 -9999.0 -9999.0 -9999.0 -9999.0 -9999.0 -9999.0 -9999.0 -9999.0 -9999.0 -9999.0 -9999.0 -9999.0 -9999.0 -9999.0 -9999.0 -9999.0 -9999.0 -9999.0 -9999.0 -9999.0 -9999.0 -9999.0 -9999.0 -9999.0
-9999.0 -9999.0 -189.273287 -194.903693 -200.421305 -205.614888 -214.894590 -224.303277 -233.123311 -237.196150 -238.163217 -239.069587 -239.482269 -234.148307 -226.177627 -218.517382 -211.234534 -208.837324 -206.378523 -204.015984 -203.471111 -204.790595 -208.087101 -211.427601 -214.893243 -216.393444 -224.857217 -236.455844 -245.544035 -248.352444 -243.800391 -239.217695 -236.632490 -230.399526 -219.335360 -208.219656 -199.449405 -187.538692 -181.943766 -176.693804 -173.394535 -177.414617 -180.959829 -184.629030 -189.306871 -200.362060 -9999.0 -9999.0 -9999.0 -9999.0 -9999.0 -9999.0 -9999.0 -9999.0 -9999.0 -9999.0 -9999.0
-207.152293 -203.854026 -214.726476 -219.622921 -223.070646 -225.415016 -230.731942 -239.700380 -245.247712 -250.823309 -252.539181 -252.598288 -252.572969 -248.354535 -238.455181 -230.429047 -225.602528 -223.158776 -220.662920 -220.490688 -220.961977 -221.366762 -224.306713 -227.777416 -231.232643 -233.062847 -233.102712 -240.791848 -246.151546 -249.420437 -250.571385 -248.099871 -245.770511 -242.754762 -232.960242 -224.477756 -215.976616 -201.685605 -189.250733 -183.941458 -186.281189 -191.325419 -195.032515 -201.407790 -211.195089 -221.715021 -232.304038 -239.596065 -245.009693 -250.190007 -244.032318 -237.592611 -227.177033 -216.818362 -204.628874 -192.355104 -9999.0
-223.294596 -220.468524 -231.492766 -240.120784 -244.591177 -244.681849 -242.676878 -246.542714 -251.335923 -255.422190 -247.649257 -246.404807 -245.226661 -242.012721 -238.565025 -236.350170 -233.549483 -228.181244 -219.138952 -216.459501 -215.925058 -215.794771 -217.632308 -220.778046 -222.598072 -225.411208 -230.643223 -231.511433 -231.005465 -230.863431 -225.518913 -224.008810 -222.739727 -229.881751 -226.544978 -220.153432 -213.101388 -205.863290 -198.635611 -193.790161 -196.879293 -198.229387 -206.645988 -220.595009 -232.263404 -241.144059 -243.839255 -247.029829 -254.719017 -266.853305 -259.963030 -244.355609 -239.604240 -235.776423 -223.678408 -211.250727 -200.948530
-238.483813 -235.516374 -240.744705 -239.998423 -238.721840 -237.356190 -239.079825 -242.124904 -243.380474 -230.175861 -220.412787 -218.582395 -215.590967 -212.212949 -213.626415 -226.221801 -228.954559 -220.241615 -209.520273 -203.399545 -203.144795 -203.096213 -204.518674 -205.558235 -206.134195 -208.601478 -207.374337 -204.557423 -203.546601 -198.148056 -192.320753 -189.576003 -198.503580 -208.036009 -207.722739 -200.067800 -192.047947 -184.468594 -173.160015 -161.189190 -162.590054 -168.692449 -178.072211 -192.352143 -216.414720 -236.807585 -247.539437 -254.192565 -261.190721 -262.150622 -264.327513 -253.823394 -252.010969 -250.279392 -241.557742 -231.134241 -220.947605
-223.882958 -215.391940 -221.614956 -227.597581 -231.343545 -230.858789 -230.503019 -226.673802 -212.787649 -198.135771 -182.139856 -178.983903 -176.101093 -176.281660 -186.346626 -197.040641 -201.575234 -186.092036 -169.801686 -161.023984 -159.636328 -158.571163 -149.912620 -151.998199 -154.897169 -160.594834 -157.875298 -154.402428 -142.125092 -134.088060 -127.088762 -129.062486 -141.267309 -152.762813 -155.169416 -153.601443 -151.778803 -145.797506 -134.865640 -124.248453 -129.396221 -137.836235 -149.679702 -180.393642 -209.985538 -228.089170 -227.832100 -227.704789 -232.581037 -236.015128 -240.042299 -247.997202 -248.580949 -249.255418 -249.819340 -237.792169 -225.553623
-174.447528 -157.465084 -163.347073 -172.218803 -183.659314 -183.250660 -179.276037 -170.176988 -155.577704 -135.152412 -108.833119 -103.497419 -98.433509 -93.757844 -104.815624 -117.649420 -130.031310 -113.854703 -103.219468 -92.871014 -88.185973 -75.081764 -63.683992 -68.742654 -78.010862 -87.760218 -80.533153 -65.012234 -48.234147 -40.779311 -36.826699 -36.413554 -47.068119 -53.472471 -57.362031 -57.947683 -62.591761 -59.736253 -47.677868 -31.264609 -31.758292 -45.223067 -71.643547 -111.374483 -149.999849 -174.954694 -172.201294 -179.620181 -186.563971 -191.842752 -207.072884 -219.518460 -220.470435 -230.572197 -237.279940 -226.056641 -220.137935
-120.774728 -100.772943 -103.667643 -115.116117 -127.659174 -127.143444 -117.838121 -106.969425 -85.458577 -57.098885 -27.214217 -11.306273 -1.642347 9.070224 2.075855 -8.299994 -18.422800 -11.678156 2.908738 17.805432 32.061489 47.592582 61.646954 54.803809 43.982682 40.876705 46.534569 66.585939 84.531830 91.574093 94.888447 99.664238 92.538045 83.354574 72.954723 63.194553 54.325892 48.818791 65.730253 81.743832 78.424658 50.062689 19.867920 -21.121717 -64.416102 -103.855457 -112.140966 -115.540969 -119.250863 -137.212811 -155.237425 -176.370107 -189.222567 -199.605823 -215.834422 -211.867330 -206.428789
-6.334491 17.980667 24.641839 10.020523 5.239121 11.482572 25.118063 33.650643 51.351717 84.820133 125.478689 154.738027 178.948332 184.211891 175.362024 165.574033 151.039812 145.666855 160.581387 173.936230 186.496536 198.523879 210.614431 217.559742 216.274109 216.213314 219.217779 224.365605 231.707031 238.638825 244.925995 251.384558 251.260182 241.845783 233.272890 223.058098 214.121003 211.030360 210.434259 217.719051 215.695622 192.980108 163.814778 128.778027 85.854414 46.574677 19.309019 16.902792 -1.238952 -24.105227 -51.529571 -93.602575 -116.821101 -136.829625 -169.682517 -176.011731 -165.941862
131.213547 151.021799 168.225633 168.027333 171.449289 175.788688 183.029172 189.183934 198.192497 231.269348 267.495838 299.440777 325.018298 334.723657 325.693209 315.972198 304.504768 294.922763 296.402915 309.602947 325.494001 340.702008 351.132048 354.772644 353.479540 353.678889 355.245119 358.305413 360.839192 365.665745 372.296400 382.229718 393.906652 389.859371 373.671989 360.566584 345.515669 338.814634 335.690415 331.215329 330.153427 325.865248 298.826401 271.034348 238.107578 204.741822 179.857781 158.884286 135.650253 109.088152 58.125695 9.668638 -31.742167 -66.357161 -100.535162 -108.901212 -84.310959
261.280251 287.848430 303.995282 309.585365 312.908086 317.093058 324.204295 330.484925 339.088176 359.290076 394.597715 431.376729 462.140872 468.788289 461.636310 451.568344 440.130584 431.087222 427.788697 433.785133 442.795643 456.065408 467.329980 477.604432 478.048490 478.148761 478.263255 479.843546 481.693846 482.394936 488.062841 497.716142 507.343445 508.738125 498.305306 482.014882 464.893429 455.166073 445.804966 438.271922 436.648025 436.376804 432.289212 409.950150 376.197991 333.574811 303.911057 280.274221 265.099388 247.810573 226.380926 180.987209 152.995809 116.251962 74.258849 41.800883 72.281242
373.850151 403.324813 423.152747 433.749649 437.098201 442.687394 451.186751 458.818386 470.313927 486.108346 506.963952 534.985414 564.139440 583.435408 581.656159 570.920300 554.182294 551.341967 549.751338 552.189393 557.370629 561.553773 575.353805 588.227581 594.231357 593.868322 592.590608 593.453541 595.244592 594.026597 594.820091 596.735868 603.111429 604.180057 601.595448 587.328929 570.233319 553.601320 540.439542 533.419862 529.229937 528.490489 526.336460 515.625203 489.355829 453.276766 418.306034 393.166423 374.808198 360.347126 349.154263 335.330726 318.561588 289.955806 248.596152 211.454373 200.738619
474.967932 499.791083 523.821587 542.121981 550.167069 561.044846 567.461257 578.083786 593.087188 608.449597 621.464834 637.184486 657.671953 669.218471 675.113054 675.975567 675.221248 677.086775 676.637980 666.233553 667.564049 668.376631 671.154942 675.456570 676.888791 676.761056 676.733615 677.271669 677.627425 677.432000 677.159610 675.704261 676.570875 676.360738 675.899225 671.623712 668.423545 652.391574 639.588727 631.745038 623.984296 615.400134 605.966244 596.333270 580.724065 552.413485 518.281187 487.681908 472.367172 463.734041 456.761952 450.748142 435.808621 414.558834 386.309090 350.402048 314.297862
576.635190 594.739521 617.353734 635.661279 646.987154 656.900896 662.374528 673.581223 684.876516 683.922549 686.020046 688.164554 690.385153 691.238725 691.517096 691.221372 688.752796 688.118072 686.182877 680.368689 670.802810 671.626676 672.481351 674.368600 677.224965 676.080773 677.331580 680.535076 679.038413 673.737292 670.319964 668.533430 668.488949 674.815589 677.026143 677.623175 677.418466 677.056540 676.532276 675.787501 675.054973 674.303478 673.293001 671.682219 662.177202 640.154190 610.027331 577.045892 557.085295 548.191842 547.478337 543.025649 535.303262 514.637307 487.226224 452.669776 415.963231
677.049653 682.174723 685.935380 688.785855 690.530685 693.142870 695.509802 695.803065 692.381599 688.648887 683.852535 682.307226 680.709734 678.249151 678.684786 676.440883 672.227656 668.294272 661.367363 649.093197 636.391885 633.397188 637.344574 641.116371 643.500499 647.230270 651.333733 654.079140 649.055579 641.447731 634.570364 632.331755 638.049914 642.493896 645.266190 646.228951 644.339522 644.291638 645.525824 644.155142 645.640545 653.097629 667.161638 675.043424 676.351363 675.996751 672.762748 666.485332 649.650765 629.707707 631.399258 626.104401 613.103735 588.892966 563.809237 534.531010 505.465499
686.032603 683.566381 677.632928 672.136409 671.590519 675.416859 681.906372 683.053196 676.171228 667.865267 660.130542 651.909420 648.487641 646.381726 645.087397 644.510574 638.696536 630.674424 614.236467 598.455843 584.639409 577.229799 575.271227 580.059131 588.357760 597.383462 603.357458 600.184358 591.642659 580.718287 572.379680 572.187112 574.442897 582.225391 593.461533 596.539465 597.130198 593.831327 591.305310 587.040574 587.236554 596.980236 615.751486 631.989958 645.570371 654.212876 662.562730 668.982300 674.513670 674.719641 674.826133 674.217008 670.379896 655.004777 634.824477 611.864078 585.461914
663.933198 657.450100 649.841852 643.515027 641.533789 643.821586 646.664110 643.240384 636.462919 625.771157 612.977560 599.342208 591.188506 590.428088 591.450083 591.210159 584.525610 569.874874 551.544922 535.802567 520.331292 515.331782 510.389232 507.277133 517.582408 533.550101 540.068561 529.121416 519.344934 505.365882 497.567344 494.643591 496.001279 504.723862 522.247490 538.838963 539.764885 531.524402 523.749183 520.308651 519.756944 529.187217 550.330492 571.311222 586.920669 598.507896 608.206576 618.128748 628.209538 639.872740 652.886959 664.329890 674.584341 676.402458 675.436408 672.316273 656.340390
630.806041 619.437403 610.120925 602.781531 597.821199 595.015330 592.348962 586.091166 579.042296 566.859815 553.643126 539.878529 525.142821 520.784471 517.699372 518.779649 507.271280 495.643866 475.833673 459.579502 443.512980 433.971801 428.022422 422.487367 428.688049 444.614296 454.045987 440.152587 429.944895 416.617583 409.997873 406.640533 407.848799 417.137004 439.006702 456.980374 463.215487 455.708867 450.132844 448.131182 448.547937 455.447334 472.501701 493.819859 515.000368 531.460369 543.007461 552.596010 563.965143 579.343959 595.138824 612.327152 630.427547 649.852541 664.638874 673.777928 678.678654
584.510918 572.828302 560.861524 549.430460 542.765637 542.835497 535.709499 529.014042 516.697160 474.481209 457.598017 439.577411 424.183450 418.263832 410.653097 404.887970 395.088966 387.463802 377.380845 361.511109 344.464029 329.205426 324.042918 319.711555 313.684135 321.360532 325.352017 325.509395 318.291669 311.460620 308.193022 305.654665 309.024654 321.891517 334.025756 344.992333 350.783403 347.717759 353.941902 360.402277 363.230135 379.191648 393.914910 412.417679 434.341037 457.610471 471.020778 481.443159 493.323607 509.892340 528.186300 547.750460 571.775183 597.662664 616.617201 629.069890 641.584314
532.498832 517.835620 504.585871 491.646134 479.116070 479.057069 474.831874 467.251128 431.807425 390.466898 359.528738 341.371632 320.089351 309.188262 299.006361 275.775442 261.765578 253.816959 255.653733 244.195277 226.556112 211.498107 203.346241 197.077358 185.466995 179.600807 183.845374 194.132318 188.557455 185.762245 188.816896 186.796713 184.338464 191.875121 206.397960 215.209687 224.853432 235.015412 240.604759 249.260849 274.393637 289.517436 305.261943 325.969035 348.291030 371.327076 391.080292 404.427684 419.179223 438.476077 456.103665 478.064519 502.886726 532.460126 553.564029 569.386573 582.612261
461.141894 445.142515 428.681082 410.286511 389.646979 386.672783 379.023055 363.389987 320.879035 280.763362 249.345171 226.373994 201.035005 182.538537 156.678425 123.580609 101.517899 102.983222 108.923974 105.229779 87.675860 71.073794 57.990321 43.013814 25.821700 14.634930 23.083289 32.688492 38.212126 40.891760 44.791131 46.346985 45.338169 43.406590 53.633299 64.762077 77.606322 90.189259 104.432821 136.259058 164.837725 185.124773 208.188946 230.788575 255.697201 281.266071 303.315714 319.804895 338.808194 358.634647 379.844846 401.584981 427.524657 457.616694 482.245542 498.498600 513.780216
383.142215 361.706962 337.676036 302.193951 286.887848 277.182885 265.837896 232.279385 189.446217 149.658261 119.097185 88.760732 58.406948 26.886004 -8.267800 -39.984029 -62.036394 -56.489399 -50.027295 -41.544471 -55.856715 -69.950544 -78.407570 -94.266268 -109.419324 -123.762890 -115.481701 -105.690252 -90.046519 -86.354367 -83.049646 -76.844992 -78.124653 -79.850847 -85.580925 -75.479179 -64.081980 -49.208257 -20.101631 9.579296 39.407999 66.219596 93.088744 122.452929 153.083792 182.880747 211.757418 233.809724 255.081257 278.188146 299.680017 319.769614 342.632653 369.928065 393.824888 413.639331 434.763416
287.299434 263.330533 228.603047 184.165853 150.119474 134.455458 96.961520 57.430302 10.939911 -16.753627 -41.469199 -69.219105 -94.656490 -118.873684 -147.938701 -173.086220 -197.388217 -193.825649 -181.839400 -168.475713 -176.564624 -181.847909 -185.813223 -197.992709 -212.059211 -225.791700 -222.040101 -207.178656 -190.435633 -183.754869 -177.466240 -170.010144 -169.930863 -176.135728 -184.182440 -178.133649 -164.193014 -147.535259 -124.439311 -99.760557 -75.068006 -51.470756 -24.717544 4.460410 35.399726 69.303455 104.319932 131.638957 162.007910 191.961308 215.698636 231.342020 249.141022 276.057503 296.574021 319.396321 342.561122
179.634509 150.165728 104.060698 52.681408 1.930416 -39.352014 -76.301996 -111.738883 -135.450172 -157.531209 -178.360938 -198.793352 -220.782088 -241.625681 -262.057706 -284.472031 -304.474240 -299.394223 -285.989777 -273.487188 -271.805697 -275.018003 -278.268257 -286.390482 -300.046642 -311.852714 -303.788276 -288.270738 -272.961891 -263.208976 -256.583625 -250.274661 -253.014583 -261.138773 -268.077521 -260.195353 -244.739998 -229.371878 -210.969539 -188.697175 -166.106852 -143.210982 -118.820051 -93.655621 -65.268542 -34.947899 -3.129349 29.010500 60.674055 91.656570 110.476251 128.528824 143.774393 166.630899 189.889870 214.323533 240.649098
36.067451 2.086382 -38.395209 -84.053266 -120.218599 -154.921625 -187.730816 -219.700422 -245.656199 -264.536850 -275.617069 -291.067958 -310.945339 -325.069700 -342.330908 -362.056219 -363.939804 -360.129574 -347.542230 -345.003688 -344.316515 -347.365776 -348.554458 -353.549962 -365.635772 -360.172140 -352.239070 -337.074405 -325.971927 -316.634637 -310.294540 -306.069403 -306.714079 -313.991105 -311.432863 -304.097595 -289.334639 -277.300294 -261.659025 -240.392325 -222.418161 -202.223058 -179.389414 -155.529740 -130.000031 -102.525763 -72.444789 -44.095907 -19.384227 -4.219614 11.836703 23.704326 24.281358 45.437378 68.067577 91.715930 123.132930
