tests/Borden05m/data_simulated/sim_1/output-maps/psiliqL0015N0007.asc
ncols         160
nrows         34
xllcorner     620200.000000
yllcorner     5168000.000000
cellsize      0.500000
NODATA_value  -9999.0
[rows 0 to 24 of 34, columns 56 to 111 of 160]
-9999.0 -9999.0 -9999.0 -9999.0 -9999.0 -9999.0 -9999.0 -9999.0 -9999.0 -9999.0 -9999.0 -9999.0 -9999.0 -9999.0 -9999.0 -9999.0 -9999.0 -9999.0 -9999.0 -9999.0 -9999.0 -9999.0 -9999.0 -9999.0 -9999.0 -9999.0 -9999.0 -9999.0 -9999.0 -9999.0 -9999.0 -9999.0 -9999.0 -9999.0 -9999.0 -9999.0 -9999.0 -9999.0 -9999.0 -9999.0 -9999.0 -9999.0 -9999.0 -9999.0 -9999.0 -9999.0 -9999.0 -9999.0 -9999.0 -9999.0 -9999.0 -9999.0 -9999.0 -9999.0 -9999.0 -9999.0
-9999.0 -9999.0 -9999.0 1230.704582 1225.340401 1220.378544 1215.811820 1207.277829 1198.404518 1190.476749 1186.873415 1186.328698 1185.937313 1185.907311 1191.477400 1199.857063 1207.849573 1215.311495 1218.066913 1220.842923 1223.387526 1224.220203 1223.408329 1220.594004 1217.709748 1214.712295 1213.538542 1205.906983 1194.864113 1186.377885 1183.813533 1188.306513 1192.798654 1195.264391 1200.911501 1211.414966 1221.935741 1230.154647 1241.753526 1247.306137 1251.967750 1254.357400 1249.745361 1245.725067 1241.420115 1235.778733 1224.512742 -9999.0 -9999.0 -9999.0 -9999.0 -9999.0 -9999.0 -9999.0 -9999.0 -9999.0
1194.917630 1215.321001 1218.677726 1207.203051 1202.358375 1199.318233 1197.621179 1193.185779 1184.928875 1180.095066 1175.106772 1173.558113 1174.038777 1174.498007 1178.943557 1189.572651 1197.882249 1202.971699 1205.861081 1208.871816 1208.777090 1208.630944 1208.765703 1206.335932 1203.357088 1200.408515 1199.011436 1199.958887 1192.683168 1187.377004 1184.074046 1182.329688 1184.922056 1187.326762 1190.794668 1200.049504 1207.908055 1215.706936 1229.736996 1241.798858 1246.579049 1243.491158 1237.957287 1233.550891 1226.176858 1215.533140 1204.936344 1195.464036 1188.232115 1182.182902 1175.741228 1181.137662 1187.263816 1196.412420 1205.379354 1216.879470
1180.492717 1200.999105 1204.068232 1193.603306 1185.665582 1180.678209 1181.286178 1184.394438 1181.367632 1177.188043 1172.272694 1181.493176 1183.214371 1184.744986 1188.439519 1191.738649 1195.537033 1198.607129 1204.347081 1213.745329 1216.922630 1217.926990 1218.570561 1217.253288 1214.656222 1213.350922 1211.082746 1206.317157 1205.484743 1205.963778 1205.759141 1210.707548 1212.244186 1214.109073 1207.494630 1210.966828 1216.875846 1223.354398 1229.272323 1235.328945 1238.468772 1234.512380 1233.111513 1223.941528 1209.378927 1197.735167 1188.784270 1186.663288 1182.848962 1174.245460 1160.604366 1167.083254 1181.903573 1185.751838 1188.256792 1199.214830
1177.363180 1189.419470 1192.768214 1188.158771 1190.006424 1192.031938 1193.922258 1192.798175 1190.267922 1188.508274 1201.279082 1211.098076 1213.401348 1216.771730 1220.927281 1220.970843 1209.653577 1207.710648 1216.256938 1226.955338 1233.184059 1234.011818 1234.558523 1232.955233 1232.625405 1232.945848 1231.445814 1232.560086 1235.312448 1235.277139 1239.895978 1245.659449 1248.658741 1241.214608 1232.051161 1232.828340 1240.307327 1248.127355 1254.921142 1264.819950 1275.272315 1273.552447 1267.126984 1257.164269 1242.717666 1218.412486 1198.214596 1186.379853 1178.128523 1169.919012 1169.355767 1165.047160 1175.687490 1176.396016 1177.414421 1184.638881
1185.070920 1206.725269 1214.913774 1209.564709 1205.250035 1203.264176 1204.563332 1205.189758 1208.509392 1221.126463 1235.321547 1250.028534 1253.376021 1256.452763 1256.453219 1248.126136 1238.351850 1235.206280 1250.198377 1267.016604 1275.916882 1277.217793 1276.893902 1284.169982 1283.988365 1283.520804 1279.735606 1282.346593 1283.893648 1293.622370 1301.591045 1308.979264 1307.277925 1295.138569 1283.344938 1281.634416 1284.260613 1287.422152 1293.066825 1302.403119 1311.020674 1304.845497 1296.734561 1285.771944 1256.263217 1228.470898 1210.682199 1209.534719 1208.444195 1202.307584 1198.006026 1193.810971 1185.992482 1184.358993 1182.331347 1180.668667
1236.885906 1257.774823 1273.945247 1268.908847 1261.646695 1252.430512 1253.662729 1257.095736 1265.748688 1279.361785 1297.162935 1321.793032 1325.100615 1328.695550 1331.503907 1320.653826 1308.742076 1298.279431 1317.201095 1328.247209 1337.618192 1339.889936 1350.335644 1361.380260 1358.375441 1351.964759 1342.697718 1349.945269 1361.851832 1377.568051 1384.941859 1389.215135 1387.574694 1375.988333 1369.768862 1368.131011 1370.125984 1367.285971 1371.321309 1380.189374 1393.877637 1391.744396 1381.848206 1357.903710 1319.167146 1283.734079 1262.612014 1267.133882 1258.677986 1250.250002 1245.361501 1230.199775 1218.215059 1216.963587 1206.069231 1198.640847
1287.974960 1307.203806 1326.274735 1321.906397 1312.245886 1299.370524 1299.360846 1307.364517 1318.616579 1338.742813 1362.324826 1386.961081 1395.149944 1397.978043 1408.278291 1402.370020 1393.329804 1385.724677 1398.822239 1411.477936 1424.182514 1434.870789 1449.265933 1462.462432 1453.860570 1443.024249 1438.776260 1445.547575 1467.019392 1485.673680 1491.262164 1492.530650 1494.899397 1484.926658 1478.139260 1471.214227 1465.850802 1459.346472 1454.291823 1471.933286 1487.405898 1484.051669 1458.937188 1432.802499 1393.850654 1353.866589 1320.539436 1319.524383 1314.517427 1311.975794 1295.683407 1278.751926 1261.579143 1251.005928 1240.339110 1225.013823
1382.491868 1404.245069 1426.780372 1427.460697 1410.974593 1402.913526 1408.217895 1421.945061 1430.541584 1447.950731 1472.882670 1505.355028 1526.763988 1545.761708 1550.766467 1543.119939 1534.698308 1522.306680 1522.009692 1540.906363 1554.195988 1566.263474 1578.687413 1593.291287 1600.354104 1599.346896 1600.551387 1605.411156 1614.454079 1624.935589 1632.185372 1637.535234 1642.679803 1637.560815 1626.645705 1620.178977 1610.982017 1603.834046 1600.179291 1602.413692 1612.971361 1608.692199 1578.890082 1549.350250 1514.332371 1474.578982 1440.926881 1422.409296 1427.492203 1415.172415 1394.778605 1374.058428 1337.970415 1320.635187 1303.320690 1272.824672
1493.274711 1522.476615 1538.149799 1551.767336 1546.532313 1548.374889 1553.123457 1561.499099 1567.639697 1577.120325 1611.403255 1647.612599 1677.352424 1702.045030 1710.993625 1700.979090 1691.774518 1680.316843 1671.868089 1677.987938 1693.989973 1712.300024 1729.617859 1742.804870 1748.284089 1749.038092 1751.078208 1754.707248 1758.856145 1762.872945 1769.832059 1777.374792 1787.198018 1797.514200 1790.701720 1773.479885 1760.940797 1747.081591 1741.656862 1739.374471 1736.986221 1735.201785 1724.050426 1688.892921 1657.568548 1623.056174 1592.916388 1570.241420 1555.564557 1533.496057 1507.938645 1458.430511 1415.699888 1378.486721 1349.919578 1320.254490
1620.117032 1652.611665 1676.997316 1692.708351 1695.331398 1698.092619 1700.997549 1707.283359 1713.199256 1721.143008 1745.720765 1784.628769 1822.474468 1852.569056 1856.179150 1846.593705 1836.648638 1827.208782 1816.928645 1814.524628 1824.136106 1837.088534 1855.057633 1867.716462 1878.269892 1878.714061 1880.531813 1882.425542 1885.520037 1888.161851 1890.902918 1898.553678 1910.839584 1922.350135 1922.866062 1908.511576 1891.173748 1873.760659 1866.857532 1860.763482 1854.185203 1853.331155 1852.512181 1842.010100 1814.195631 1775.955076 1731.965432 1704.960857 1682.480654 1667.179095 1648.188173 1617.140464 1560.402155 1525.332254 1487.129915 1451.639489
1746.010122 1777.017958 1808.355197 1826.894279 1833.941589 1834.030509 1835.674245 1843.311522 1849.623271 1859.813834 1877.103670 1902.514155 1932.331157 1959.226298 1976.060384 1971.959015 1959.148585 1941.965565 1936.896988 1936.283911 1939.456499 1947.377437 1957.012440 1973.881163 1991.093632 1997.588546 1999.363268 1997.823106 2000.831213 2002.757877 2003.389526 2005.069934 2010.511501 2017.938175 2020.510317 2015.187264 1998.469894 1978.032640 1964.301116 1955.922877 1951.198886 1948.964861 1949.831521 1948.778110 1935.344140 1904.526251 1864.853873 1831.201092 1809.092800 1791.817795 1775.702032 1761.454183 1736.845194 1715.351277 1681.195370 1634.841185
1856.161082 1882.943271 1910.196808 1934.009921 1949.896819 1953.089540 1958.125769 1962.909616 1972.377139 1987.995539 2007.862252 2022.692241 2040.251180 2061.972774 2074.913457 2080.616555 2081.004254 2079.907788 2082.288900 2083.230454 2052.076923 2056.273798 2060.336872 2069.612864 2079.307360 2082.988444 2083.926420 2083.256072 2085.138732 2086.210741 2086.894054 2087.001640 2087.656708 2090.414789 2091.500458 2090.351401 2082.970925 2088.689310 2071.693315 2059.856784 2052.335928 2044.387617 2035.508020 2025.439267 2015.156181 1997.855123 1970.274154 1936.963996 1910.517473 1898.661439 1890.443849 1881.272630 1873.273173 1855.492826 1831.995739 1799.066415
1963.780405 1980.287933 2000.754179 2028.722053 2047.841302 2057.915789 2066.094502 2070.532325 2082.705917 2096.297284 2089.531449 2093.900214 2098.275194 2102.546024 2103.974450 2104.449669 2104.465263 2102.633323 2102.743628 2101.560598 2097.724816 2088.634010 2090.438887 2092.171625 2094.783511 2098.444887 2097.375852 2098.660645 2102.069473 2101.158685 2096.281593 2093.234564 2092.134356 2093.023055 2100.431278 2103.910973 2105.126669 2104.278764 2104.146765 2104.150571 2102.768224 2100.717107 2097.511602 2093.215399 2097.905137 2087.326640 2063.522487 2029.841955 1994.301094 1981.207274 1977.060702 1975.895743 1971.569588 1964.039696 1944.740695 1917.009907
2080.521607 2093.882698 2088.007739 2099.553455 2105.272050 2107.736879 2110.102078 2112.101169 2113.155145 2109.706792 2106.126998 2101.187238 2099.547389 2097.867031 2095.136616 2095.535424 2093.581236 2089.879248 2086.684819 2080.520470 2070.187966 2059.221073 2056.565043 2060.880596 2065.626106 2069.723730 2072.904434 2076.326289 2077.604745 2073.435764 2066.375448 2060.093778 2058.901615 2065.899708 2071.939339 2077.911391 2079.350479 2078.919535 2077.916866 2079.108180 2077.475334 2078.584192 2085.389032 2098.722226 2103.858303 2106.760907 2106.194967 2097.464782 2081.605358 2076.928292 2056.941212 2059.814387 2054.153382 2041.909602 2020.608094 1996.785408
2110.200956 2109.687608 2108.097523 2102.002054 2095.877131 2094.641567 2097.867478 2103.986819 2104.574665 2097.078944 2088.306513 2080.840012 2073.429937 2070.598482 2068.766217 2067.617911 2067.444533 2062.179869 2054.432538 2039.340980 2028.137081 2017.049606 2010.774932 2007.978769 2011.887485 2021.029536 2030.326071 2034.779423 2028.021106 2021.172121 2011.370251 2004.359390 2005.507407 2008.343141 2018.086556 2033.164302 2039.247066 2041.293224 2037.575324 2034.375475 2029.852232 2028.824240 2036.244683 2051.416180 2066.872059 2080.749194 2089.071717 2096.434379 2102.836754 2105.347971 2106.246214 2106.233284 2104.204389 2102.835512 2086.915895 2065.714944
2099.112548 2092.678869 2087.563197 2080.703571 2074.528470 2072.009907 2073.370901 2075.065188 2070.629645 2063.064433 2052.055751 2040.289321 2029.626223 2022.080472 2021.660594 2022.742328 2023.028927 2016.238228 2001.860474 1984.773925 1971.484576 1957.416082 1952.729829 1946.688419 1940.737816 1949.933679 1966.338653 1972.252557 1958.689460 1949.415516 1936.166060 1930.087771 1927.970313 1930.457538 1940.853063 1962.228818 1983.715203 1986.959930 1979.259131 1971.725463 1968.953057 1967.935096 1975.227932 1993.711845 2014.190729 2029.578728 2039.751093 2045.825073 2054.178247 2063.697104 2075.968509 2088.747545 2099.156994 2106.193807 2110.389056 2107.877623
2076.020791 2068.295776 2060.437755 2052.864077 2045.759402 2040.324883 2036.839023 2032.483825 2025.010630 2016.492685 1999.519368 1985.853870 1972.163686 1956.635037 1951.384829 1946.589410 1946.996934 1935.232629 1925.171221 1906.993470 1891.285704 1874.938002 1862.727808 1855.339000 1847.686240 1849.179644 1862.938792 1871.189729 1858.790962 1849.221507 1837.786103 1833.073537 1831.031597 1834.456193 1846.370936 1869.802435 1890.518655 1900.153068 1894.990199 1893.203542 1893.782057 1894.760498 1902.392920 1917.598697 1938.298478 1960.614735 1978.331722 1988.943020 1997.524708 2008.154260 2022.850127 2036.634063 2050.104423 2066.567270 2086.306046 2100.569593
2044.050661 2033.842258 2023.633689 2012.172997 2000.206540 1992.283334 1991.782183 1983.229191 1974.809743 1955.813664 1905.855030 1884.925992 1864.354903 1846.327876 1837.872049 1828.126270 1816.891463 1806.784492 1799.873944 1794.203030 1778.170716 1759.404758 1741.122139 1733.853296 1727.719590 1715.256525 1716.703958 1718.594261 1725.100260 1718.432195 1714.310531 1713.996100 1712.823299 1717.306765 1732.864291 1746.382591 1758.367691 1767.602142 1770.445773 1780.834566 1790.119526 1798.023093 1816.572778 1831.984555 1851.607439 1875.234112 1901.555382 1917.535423 1929.178475 1941.743985 1958.474693 1975.667049 1993.310488 2015.457162 2039.860804 2055.497940
2001.055212 1986.219862 1970.801898 1956.331668 1941.481189 1925.358188 1923.612087 1917.434380 1905.433207 1858.140105 1812.914070 1776.802574 1755.287427 1729.374287 1714.193849 1699.101994 1668.126815 1651.745493 1645.889995 1652.020134 1642.559414 1624.355921 1608.753028 1598.097933 1588.717853 1573.049130 1560.790006 1565.124744 1578.522550 1575.527118 1575.526738 1581.285579 1581.060103 1578.668879 1584.615182 1601.194030 1611.726183 1624.866556 1640.619626 1647.968857 1661.585609 1692.383634 1709.181418 1727.960771 1751.565158 1777.042172 1803.516343 1828.040830 1845.064060 1862.977938 1884.309615 1903.135465 1925.209693 1949.366770 1978.605640 1999.034412
1931.751630 1910.145879 1890.995591 1870.308428 1844.948687 1821.110684 1815.076589 1804.450547 1779.022227 1727.339916 1683.850725 1651.324059 1625.088113 1597.263728 1573.777649 1541.426737 1507.181150 1485.157674 1491.756437 1498.804517 1500.900820 1486.127315 1472.169722 1460.351027 1443.939994 1426.943460 1413.355149 1421.922805 1430.270906 1441.172328 1445.833399 1450.228675 1454.565833 1454.834534 1450.893279 1456.033680 1467.212630 1480.027462 1493.435801 1511.390679 1544.810309 1572.341464 1593.301661 1618.026789 1642.550847 1669.895243 1698.537303 1725.395740 1746.741445 1769.910258 1793.255548 1817.860129 1841.465536 1868.457763 1899.505638 1926.010106
1847.512172 1817.975517 1791.654342 1759.816031 1715.072484 1695.961045 1682.980583 1663.954702 1620.968606 1574.429957 1538.577669 1513.212324 1485.095550 1458.534996 1428.176453 1394.021889 1367.053410 1345.629808 1352.148063 1358.923259 1371.256653 1359.055562 1347.741081 1341.041406 1324.972062 1310.304127 1294.765725 1301.606049 1311.869289 1330.561355 1335.412359 1339.524919 1347.830786 1347.967708 1346.481403 1337.331134 1347.442983 1359.920485 1375.819363 1406.190738 1432.629571 1458.865794 1483.358302 1507.228656 1533.804981 1562.071009 1591.042061 1622.112425 1647.169309 1671.736515 1698.548556 1723.676314 1745.935251 1770.240268 1799.880579 1825.989130
1728.595507 1702.782750 1674.152683 1631.696966 1583.494942 1543.572471 1521.067059 1476.156468 1438.599558 1403.640282 1386.587808 1366.267852 1340.981200 1317.258251 1294.071927 1267.224766 1244.099634 1218.771683 1221.996444 1234.397661 1248.246990 1243.410096 1240.067101 1236.443929 1224.920059 1210.700234 1196.698428 1200.067211 1215.574677 1232.726692 1241.019705 1248.317484 1256.517931 1257.384624 1250.981592 1243.480907 1250.340830 1266.214635 1283.941070 1305.807729 1329.680926 1353.567900 1376.704997 1402.448634 1429.371956 1457.041561 1486.971079 1518.582926 1544.222727 1573.194847 1603.084178 1627.406600 1644.384120 1662.348706 1690.390533 1713.348985
1608.124878 1579.816220 1548.717068 1503.684036 1458.197394 1412.423234 1368.221026 1332.087606 1298.629243 1280.833963 1260.012275 1240.666643 1221.088285 1198.239078 1177.837345 1158.576089 1135.619748 1118.878851 1123.900797 1136.367922 1146.164620 1149.308167 1145.923176 1142.459686 1134.896009 1120.745876 1111.881489 1120.541327 1135.785862 1150.416674 1161.130334 1168.222393 1174.532571 1172.385011 1164.742465 1160.565708 1169.694321 1186.318519 1202.094654 1220.144082 1242.885496 1265.652199 1289.361614 1314.396969 1339.676500 1367.648897 1396.730334 1426.695421 1457.017419 1484.783150 1510.745743 1526.511924 1542.766915 1553.783694 1574.003668 1597.282047
1469.961715 1441.004839 1409.480276 1373.994561 1333.611231 1301.587093 1266.970008 1233.785296 1201.436247 1173.771987 1155.810386 1144.988910 1129.011039 1108.906769 1094.738810 1077.137863 1060.625254 1061.294409 1063.192148 1073.072270 1073.072420 1073.311054 1070.035878 1068.654258 1064.487343 1054.690351 1062.642796 1069.790991 1084.093751 1094.759975 1104.417082 1110.801070 1115.141478 1115.790200 1110.492746 1115.232713 1122.874961 1138.075481 1150.718554 1166.481157 1188.252501 1206.950538 1227.895818 1251.859347 1276.836810 1303.190995 1331.405675 1361.974445 1389.959344 1412.828506 1425.697814 1440.359161 1449.716232 1447.636676 1465.857553 1485.458365
