tests/Borden05m/data_simulated/sim_1/output-maps/psiliqL0011N0002.asc
ncols         160
nrows         34
xllcorner     620200.000000
yllcorner     5168000.000000
cellsize      0.500000
NODATA_value  -9999.0
[rows 0 to 24 of 34, columns 0 to 56 of 160]
-9999.0 -9999.0 -9999.0 -9999.0 -9999.0 -9999.0 -9999.0 -9999.0 -9999.0 -9999.0 -9999.0 -9999.0 -9999.0 -9999.0 -9999.0 -9999.0 -9999.0 -9999.0 -9999.0 -9999.0 -9999.0 -9999.0 -9999.0 -9999.0 -9999.0 -9999.0 -9999.0 -9999.0 -9999.0 -9999.0 -9999.0 -9999.0 -9999.0 -9999.0 -9999.0 -9999.0 -9999.0 -9999.0 -9999.0 -9999.0 -9999.0 -9999.0 -9999.0 -9999.0 -9999.0 -9999.0 -9999.0 -9999.0 -9999.0 -9999.0 -9999.0 -9999.0 -9999.0 -9999.0 -9999.0 -9999.0 -9999.0
-9999.0 -9999.0 -9999.0 -9999.0 -9999.0 -9999.0 -9999.0 -9999.0 -9999.0 -9999.0 -9999.0 -9999.0 -9999.0 -9999.0 -9999.0 -9999.0 -9999.0 -9999.0 -9999.0 -9999.0 -9999.0 -9999.0 -9999.0 -9999.0 -9999.0 -9999.0 -9999.0 -9999.0 -9999.0 -9999.0 -9999.0 -9999.0 -9999.0 -9999.0 -9999.0 -9999.0 -9999.0 -9999.0 -9999.0 -9999.0 -9999.0 -9999.0 -9999.0 -9999.0 -9999.0 -9999.0 -9999.0 -9999.0 -9999.0 -9999.0 -9999.0 -9999.0 -9999.0 -9999.0 -9999.0 -9999.0 -9999.0
-9999.0 -9999.0 -9999.0 -9999.0 -9999.0 -9999.0 -9999.0 -9999.0 -9999.0 -9999.0 -9999.0 -9999.0 -9999.0 -9999.0 -9999.0 -9999.0 -9999.0 -9999.0 -9999.0 -9999.0 -9999.0 -9999.0 -9999.0 -9999.0 -9999.0 -9999.0 -9999.0 -9999.0 -9999.0 -9999.0 -9999.0 -9999.0 -9999.0 -9999.0 -9999.0 -9999.0 -9999.0 -9999.0 -9999.0 -9999.0 -9999.0 -9999.0 -9999.0 -9999.0 -9999.0 -9999.0 -9999.0 281.575723 264.144763 247.904245 245.732856 268.175781 291.284390 314.741797 335.016084 353.414261 372.171530
-9999.0 -9999.0 -9999.0 -9999.0 -9999.0 -9999.0 -9999.0 -9999.0 -9999.0 -9999.0 -9999.0 -9999.0 -9999.0 -9999.0 -9999.0 -9999.0 -9999.0 -9999.0 -9999.0 -9999.0 -9999.0 -9999.0 -9999.0 -9999.0 -9999.0 -9999.0 -9999.0 -9999.0 -9999.0 -9999.0 -9999.0 -9999.0 -9999.0 -9999.0 -9999.0 -9999.0 -9999.0 -9999.0 -9999.0 -9999.0 329.398877 335.201405 336.476865 325.708114 314.338490 302.221277 282.234846 264.454827 249.215015 246.416469 248.880196 254.053134 276.596226 300.785808 320.087429 337.037132 356.014388
-9999.0 -9999.0 -9999.0 -9999.0 -9999.0 -9999.0 -9999.0 -9999.0 -9999.0 -9999.0 -9999.0 -9999.0 -9999.0 -9999.0 -9999.0 -9999.0 -9999.0 -9999.0 -9999.0 -9999.0 -9999.0 -9999.0 -9999.0 -9999.0 -9999.0 -9999.0 -9999.0 -9999.0 -9999.0 -9999.0 -9999.0 -9999.0 -9999.0 -9999.0 238.072387 255.436175 273.310573 291.413985 307.832704 314.334978 320.100029 325.748212 321.544685 316.668930 305.201544 286.227822 266.531402 252.415636 249.920987 247.226876 251.373668 264.124129 280.569706 296.579024 317.209148 340.250450 349.212310
-9999.0 -9999.0 -9999.0 -9999.0 -9999.0 -9999.0 -9999.0 -9999.0 -9999.0 -9999.0 -9999.0 -9999.0 -9999.0 -9999.0 -9999.0 -9999.0 -9999.0 -9999.0 -9999.0 -9999.0 -9999.0 -9999.0 -9999.0 -9999.0 -9999.0 -9999.0 -9999.0 -9999.0 243.310434 237.287353 232.010938 230.307458 228.787337 227.419214 234.156384 246.156917 264.081915 285.384924 297.990107 304.936302 311.319036 311.900704 306.790389 304.502628 304.561083 292.634834 280.820568 269.749654 259.064443 257.478473 266.789761 280.472281 296.248286 310.708687 325.714667 337.216327 353.302268
-9999.0 -9999.0 -9999.0 -9999.0 -9999.0 -9999.0 -9999.0 -9999.0 -9999.0 -9999.0 -9999.0 -9999.0 -9999.0 -9999.0 -9999.0 -9999.0 -9999.0 -9999.0 -9999.0 -9999.0 -9999.0 -9999.0 -9999.0 214.414951 220.239368 226.577938 233.783504 234.488783 230.149651 224.322596 220.994139 219.215637 217.321056 221.488233 229.475395 242.838279 258.404962 279.811740 288.094640 294.171135 306.231273 308.439130 313.395266 317.147101 315.103314 312.080234 299.615811 290.320880 295.448536 301.180369 307.446640 314.814427 327.627171 342.726297 359.852816 379.833174 400.922667
-9999.0 -9999.0 -9999.0 -9999.0 -9999.0 -9999.0 -9999.0 -9999.0 -9999.0 -9999.0 -9999.0 -9999.0 -9999.0 -9999.0 -9999.0 -9999.0 -9999.0 -9999.0 -9999.0 189.902822 190.657027 191.581467 196.035506 196.798780 198.823542 205.618310 213.535540 215.510596 213.631597 211.824517 213.082951 215.473787 219.425670 230.510305 244.014882 257.835901 271.499660 291.993576 306.387600 319.813186 335.539682 334.152188 329.557587 327.199676 327.318893 327.422623 332.240538 335.183548 340.850577 345.851601 352.228786 360.982870 371.710598 389.625346 409.206021 428.768700 446.957733
-9999.0 -9999.0 -9999.0 -9999.0 -9999.0 -9999.0 -9999.0 -9999.0 -9999.0 -9999.0 -9999.0 -9999.0 -9999.0 -9999.0 -9999.0 -9999.0 161.704746 163.431536 165.411338 170.621207 173.098309 176.855650 183.524244 184.433570 188.013051 194.866464 199.536701 207.881127 215.496235 222.501330 228.110935 230.445967 237.689482 246.972490 258.486043 273.571522 294.873866 317.306054 333.152025 349.465383 365.967751 366.025965 364.505360 365.245992 365.566631 372.463343 390.019292 395.778483 397.940639 415.427879 429.398323 434.474918 441.670884 459.794970 482.987294 507.287596 537.325201
-9999.0 -9999.0 -9999.0 -9999.0 -9999.0 -9999.0 -9999.0 -9999.0 -9999.0 -9999.0 -9999.0 -9999.0 -9999.0 116.876854 120.893725 130.036700 138.477955 140.622968 144.463440 150.070525 161.991429 165.284188 171.225660 178.536292 189.819739 198.040213 206.901179 218.347092 226.426237 233.263726 239.954114 245.734304 258.844677 273.760715 289.198179 308.998606 330.287520 350.623315 370.939845 385.880790 399.419042 401.854044 400.073294 401.739779 409.430089 426.959427 445.801917 456.652489 476.764189 500.319445 514.568532 527.225991 536.208993 548.966047 569.503461 604.426326 640.922170
-9999.0 -9999.0 -9999.0 -9999.0 -9999.0 -9999.0 -9999.0 -9999.0 -9999.0 -9999.0 83.075748 85.421579 81.798595 81.952784 86.543397 98.239586 111.352462 117.842337 128.898875 149.265030 166.324897 169.492153 183.845930 193.530921 199.802760 210.049096 222.808405 235.351461 252.064109 264.264492 276.064864 295.840330 311.867725 327.854358 345.071875 364.525306 384.491727 413.355737 440.091082 453.326516 476.316251 488.795320 485.645964 485.645108 493.981977 511.075160 534.192456 560.194012 583.688058 611.200723 631.941190 647.866019 659.705710 672.875936 689.060731 723.375978 765.236708
-9999.0 -9999.0 -9999.0 -9999.0 -9999.0 -9999.0 -9999.0 -9999.0 59.186195 66.049790 72.076811 68.840918 63.959200 60.183078 73.167305 88.650607 104.287467 121.173022 136.773719 154.373516 169.477305 185.535108 204.616329 215.970621 227.335349 242.155371 255.441624 272.645960 293.557142 307.030836 324.663808 345.849212 364.479128 382.015162 400.096333 417.921607 445.186788 478.784789 510.847828 534.855771 562.944431 587.221311 587.555824 590.946685 596.257685 623.264870 654.867900 687.996163 717.799637 749.697134 783.333076 804.175611 817.087186 831.088302 847.576348 866.840877 897.006657
-9999.0 -9999.0 -9999.0 -9999.0 -9999.0 -9999.0 33.353984 57.303335 71.889865 63.806135 54.697602 50.959112 46.946295 67.486026 88.665714 105.265940 121.634666 138.676595 154.666865 168.296145 202.425334 218.901943 233.157155 251.765252 265.570321 279.419385 296.421685 319.550061 341.749281 372.731773 400.432185 425.598793 451.600357 471.074211 489.592330 508.428371 540.094376 577.694645 614.879955 645.494488 674.346629 705.466798 715.067066 722.268801 731.844110 754.132479 788.606737 823.506217 862.759343 901.105436 933.690050 950.683505 963.994852 976.721108 990.922006 1004.790024 1021.436957
-9999.0 -9999.0 -9999.0 -9999.0 0.443267 21.180899 41.268982 71.742030 93.984861 88.407814 95.102594 95.128939 93.256402 95.881038 101.712947 119.250769 136.880745 154.701568 172.638239 208.793505 250.937276 266.647964 291.939451 323.561503 337.031708 351.707381 367.172210 389.915351 417.886035 451.981965 497.240725 535.736010 561.923586 585.159723 606.532273 629.859616 663.946441 702.634752 741.561196 779.320092 813.342593 841.566141 857.352544 867.334596 881.659948 901.420549 927.808695 960.735939 996.262836 1032.869544 1062.806019 1080.824903 1090.900973 1101.970664 1112.713474 1125.130370 1137.975801
-9999.0 -9999.0 -9999.0 -47.197958 -8.833464 28.123411 55.126053 85.692532 117.061687 122.339697 130.455072 135.875028 141.362891 149.716751 158.747561 174.925694 189.385685 202.911690 223.843901 260.061640 295.277616 327.085484 358.928339 387.478788 409.213011 424.861206 442.310029 466.367524 506.030402 544.849468 595.769284 649.489955 687.547106 713.513845 736.450126 765.271888 792.679271 831.034485 869.902954 908.421597 946.012625 974.984271 996.616376 1006.142862 1017.175131 1029.210017 1050.213449 1075.586643 1100.143043 1130.417361 1160.013818 1184.404773 1198.240604 1207.513796 1222.308780 1237.021116 1248.855463
-9999.0 -9999.0 -93.699879 -56.594586 -21.947112 28.906381 81.189336 114.539544 154.858576 178.998973 185.512584 203.047902 219.198116 226.744570 242.745259 259.677970 274.389279 278.816108 292.832091 325.900235 377.475841 424.635112 451.869363 505.309254 538.530521 563.761699 579.661927 605.797311 640.242036 684.277263 735.197903 787.075695 828.521869 862.415666 881.622443 904.455595 932.063641 959.045030 995.463509 1028.873192 1063.279734 1091.511146 1114.311425 1122.958866 1129.080546 1145.703455 1170.321031 1196.085239 1220.175679 1242.780459 1252.368887 1261.214551 1265.609935 1268.229760 1271.552644 1274.020003 1275.678676
-9999.0 -9999.0 -119.291387 -75.123426 -33.456465 35.002040 111.709665 148.654873 191.071871 235.339383 253.641539 277.059419 292.685069 306.844222 330.179965 353.259877 361.190768 365.831482 365.369202 419.923126 478.204266 535.550392 594.581828 658.661846 702.391556 717.192122 728.918105 750.494363 777.651779 823.951374 877.032670 933.032806 979.634549 1012.442416 1030.999619 1051.398620 1074.657899 1095.168073 1115.551310 1153.779948 1179.870014 1204.478466 1229.388796 1248.788486 1257.215520 1260.936187 1255.953451 1264.054366 1270.077146 1273.584448 1275.542469 1273.431469 1273.518379 1274.682624 1276.135532 1271.893208 1266.359147
-9999.0 -206.440396 -154.593176 -100.897826 -31.121035 37.209847 121.845547 201.773400 253.844685 297.317478 325.319276 341.348451 387.287055 433.258433 459.713413 488.063857 489.002950 491.158902 482.919357 528.492881 581.607937 664.237694 778.534535 837.352558 879.209970 885.506672 884.844340 901.977500 929.716841 973.568466 1038.554040 1085.013063 1134.821241 1172.206413 1187.274960 1195.124658 1213.463707 1233.716664 1233.337386 1250.359681 1258.781273 1265.623138 1266.552633 1268.582787 1270.499760 1272.212177 1270.969816 1266.802572 1261.165089 1257.463108 1254.883528 1251.326198 1254.232843 1257.730787 1259.011157 1252.867517 1245.996132
-9999.0 -240.983600 -181.044360 -108.986972 -37.477337 36.040388 144.630999 278.113539 326.505076 360.993480 386.888289 422.214977 504.932920 572.546681 609.953357 653.968057 651.913523 643.048913 637.525052 672.895106 726.429873 803.513086 939.999504 1025.693257 1049.559377 1064.395229 1075.824515 1103.666949 1138.773302 1171.684135 1200.971697 1210.890225 1230.619355 1241.000258 1245.622767 1249.017014 1253.719738 1256.093555 1255.723740 1254.030365 1251.110840 1252.508047 1257.206522 1257.986781 1256.612494 1255.324545 1251.768511 1246.246667 1242.561323 1239.527613 1237.860978 1235.406305 1234.031314 1234.153619 1230.038308 1224.676327 1216.075526
-9999.0 -267.119487 -197.279670 -132.486748 -62.066808 58.804688 181.605874 311.584748 400.145494 436.190424 472.169106 551.666445 653.135209 748.929768 803.725579 833.263749 843.639385 833.593308 846.723371 892.819908 956.002383 1038.890447 1116.504556 1186.333827 1201.133123 1207.664389 1198.627005 1211.024466 1222.217715 1226.600715 1230.066342 1233.894222 1240.775457 1245.147848 1245.920973 1245.248761 1242.821659 1237.110845 1233.913364 1232.132338 1229.767681 1230.129523 1233.305311 1234.840659 1233.389117 1230.980131 1228.133908 1224.211236 1219.826558 1214.631670 1211.563486 1207.725071 1205.004221 1199.486056 1194.069584 1187.395066 1173.237673
-9999.0 -358.584789 -273.211842 -213.851622 -86.470475 81.519284 205.259375 355.441504 491.489899 533.772384 617.163308 732.423139 839.499207 919.421174 970.054843 1017.834591 1050.266621 1077.636414 1112.937425 1096.649795 1144.714319 1188.342483 1207.431276 1218.051026 1219.426846 1223.704156 1219.930826 1205.135406 1198.392316 1194.581268 1198.433036 1207.238819 1214.144771 1220.900923 1220.177198 1221.827945 1222.767040 1220.389612 1217.670024 1210.200373 1202.816839 1197.240240 1195.732091 1201.178673 1196.903717 1194.601598 1190.141425 1183.891047 1176.873713 1170.261867 1163.014276 1155.607117 1150.913127 1142.832507 1138.633125 1128.307615 1098.895830
-9999.0 -439.325280 -361.291556 -262.387433 -115.655626 47.487935 186.717533 354.103709 547.365468 653.992132 764.800768 835.541377 919.320893 996.449410 1069.317151 1117.045689 1143.022462 1154.545024 1152.733578 1161.383422 1134.742183 1130.372941 1147.944055 1173.414159 1186.444838 1192.453011 1186.914620 1179.194751 1174.891960 1175.911580 1176.335094 1176.586896 1176.368812 1175.382991 1173.066170 1175.309909 1180.021687 1174.590395 1166.459373 1157.750285 1149.081487 1139.560651 1133.222575 1129.748292 1128.353765 1128.490805 1121.978002 1112.729323 1103.160957 1095.381383 1087.050249 1079.233314 1073.140794 1063.639469 1051.558060 1035.284711 1003.263636
-9999.0 -530.300814 -413.250035 -313.523800 -182.779823 -44.040415 88.481982 253.839860 405.716099 613.869825 776.359073 860.308912 908.647114 973.680506 1044.121265 1112.109688 1122.116300 1097.345030 1071.452153 1059.543955 1064.525526 1074.528636 1088.447946 1108.634106 1126.143296 1136.780833 1139.918898 1133.910003 1121.937267 1114.214956 1109.083579 1100.742937 1094.745668 1094.315987 1094.554819 1100.964643 1103.383469 1093.908600 1079.946553 1061.648413 1044.064819 1030.304623 1024.933479 1024.754882 1024.040764 1020.512773 1013.580177 1003.322179 990.873746 978.914580 969.765599 961.285816 950.044156 934.908995 918.638605 901.275323 870.690088
-9999.0 -9999.0 -484.793112 -373.020104 -259.948540 -133.452997 -10.091762 140.133184 291.208938 472.618827 588.928138 704.696217 775.104608 828.866503 890.267140 948.229077 967.580460 985.071798 967.518835 970.881892 976.868835 982.833907 993.191074 1006.117055 1020.664606 1031.934587 1040.114026 1038.577172 1029.128775 1012.257421 992.829355 978.180996 969.733529 963.506810 971.998380 982.709525 979.884540 972.159596 958.072548 938.391405 919.728425 901.529032 894.787079 893.681310 892.841345 889.260613 883.776172 870.384088 856.746510 843.586988 836.358082 827.964149 819.052720 804.512841 789.348540 773.050328 747.276673
-9999.0 -9999.0 -567.522572 -457.169150 -338.449234 -213.149843 -107.843374 -13.261919 142.339765 260.088001 360.727240 453.371879 531.363999 594.725162 644.193475 706.013082 743.176925 758.663462 772.750211 795.135880 817.842036 841.580231 858.202517 872.074836 887.481156 901.897098 911.718735 900.504123 888.235636 870.235518 848.433123 825.628236 813.720055 809.226449 812.231333 818.038497 812.371642 801.665981 785.537032 766.595476 749.881062 734.990109 728.817888 724.911074 723.213223 719.911273 716.084372 706.573154 694.418092 685.678249 676.818632 669.410214 664.553550 655.668394 644.569071 636.506276 618.056387
