tests/Borden05m/data_simulated/sim_1/output-maps/psiliqL0012N0008.asc
ncols         160
nrows         34
xllcorner     620200.000000
yllcorner     5168000.000000
cellsize      0.500000
NODATA_value  -9999.0
[rows 0 to 24 of 34, columns 0 to 55 of 160]
-9999.0 -9999.0 -9999.0 -9999.0 -9999.0 -9999.0 -9999.0 -9999.0 -9999.0 -9999.0 -9999.0 -9999.0 -9999.0 -9999.0 -9999.0 -9999.0 -9999.0 -9999.0 -9999.0 -9999.0 -9999.0 -9999.0 -9999.0 -9999.0 -9999.0 -9999.0 -9999.0 -9999.0 -9999.0 -9999.0 -9999.0 -9999.0 -9999.0 -9999.0 -9999.0 -9999.0 -9999.0 -9999.0 -9999.0 -9999.0 -9999.0 -9999.0 -9999.0 -9999.0 -9999.0 -9999.0 -9999.0 -9999.0 -9999.0 -9999.0 -9999.0 -9999.0 -9999.0 -9999.0 -9999.0 -9999.0
-9999.0 -9999.0 -9999.0 -9999.0 -9999.0 -9999.0 -9999.0 -9999.0 -9999.0 -9999.0 -9999.0 -9999.0 -9999.0 -9999.0 -9999.0 -9999.0 -9999.0 -9999.0 -9999.0 -9999.0 -9999.0 -9999.0 -9999.0 -9999.0 -9999.0 -9999.0 -9999.0 -9999.0 -9999.0 -9999.0 -9999.0 -9999.0 -9999.0 -9999.0 -9999.0 -9999.0 -9999.0 -9999.0 -9999.0 -9999.0 -9999.0 -9999.0 -9999.0 -9999.0 -9999.0 -9999.0 -9999.0 -9999.0 -9999.0 -9999.0 -9999.0 -9999.0 -9999.0 -9999.0 -9999.0 -9999.0
-9999.0 -9999.0 -9999.0 -9999.0 -9999.0 -9999.0 -9999.0 -9999.0 -9999.0 -9999.0 -9999.0 -9999.0 -9999.0 -9999.0 -9999.0 -9999.0 -9999.0 -9999.0 -9999.0 -9999.0 -9999.0 -9999.0 -9999.0 -9999.0 -9999.0 -9999.0 -9999.0 -9999.0 -9999.0 -9999.0 -9999.0 -9999.0 -9999.0 -9999.0 -9999.0 -9999.0 -9999.0 -9999.0 -9999.0 -9999.0 -9999.0 -9999.0 -9999.0 -9999.0 -9999.0 -9999.0 -9999.0 493.921338 476.624516 460.810617 458.814063 481.606008 505.219655 529.225218 550.018955 568.858271
-9999.0 -9999.0 -9999.0 -9999.0 -9999.0 -9999.0 -9999.0 -9999.0 -9999.0 -9999.0 -9999.0 -9999.0 -9999.0 -9999.0 -9999.0 -9999.0 -9999.0 -9999.0 -9999.0 -9999.0 -9999.0 -9999.0 -9999.0 -9999.0 -9999.0 -9999.0 -9999.0 -9999.0 -9999.0 -9999.0 -9999.0 -9999.0 -9999.0 -9999.0 -9999.0 -9999.0 -9999.0 -9999.0 -9999.0 -9999.0 541.350428 547.330602 548.753204 538.327594 527.229479 515.223627 495.319806 477.516944 462.577514 460.125683 462.984904 468.476630 491.443369 516.292458 536.198119 553.583947
-9999.0 -9999.0 -9999.0 -9999.0 -9999.0 -9999.0 -9999.0 -9999.0 -9999.0 -9999.0 -9999.0 -9999.0 -9999.0 -9999.0 -9999.0 -9999.0 -9999.0 -9999.0 -9999.0 -9999.0 -9999.0 -9999.0 -9999.0 -9999.0 -9999.0 -9999.0 -9999.0 -9999.0 -9999.0 -9999.0 -9999.0 -9999.0 -9999.0 -9999.0 448.294378 465.907024 484.203113 502.809742 519.722675 526.637171 532.589092 538.491495 534.583288 530.082318 518.934593 500.124876 480.717586 466.923744 464.848931 462.586202 467.197496 480.451221 497.556927 514.176533 535.479562 559.268362
-9999.0 -9999.0 -9999.0 -9999.0 -9999.0 -9999.0 -9999.0 -9999.0 -9999.0 -9999.0 -9999.0 -9999.0 -9999.0 -9999.0 -9999.0 -9999.0 -9999.0 -9999.0 -9999.0 -9999.0 -9999.0 -9999.0 -9999.0 -9999.0 -9999.0 -9999.0 -9999.0 -9999.0 451.879470 446.072316 441.151855 439.847449 438.753611 437.825189 444.874399 457.238486 475.615605 497.528765 510.730625 518.203616 525.061709 526.074273 521.372206 519.594524 520.152584 508.638576 497.248203 486.616907 476.418659 475.325465 485.282031 499.746710 516.356241 531.676688 547.586017 559.502844
-9999.0 -9999.0 -9999.0 -9999.0 -9999.0 -9999.0 -9999.0 -9999.0 -9999.0 -9999.0 -9999.0 -9999.0 -9999.0 -9999.0 -9999.0 -9999.0 -9999.0 -9999.0 -9999.0 -9999.0 -9999.0 -9999.0 -9999.0 421.777646 427.733145 434.379706 441.959307 443.020822 439.015075 433.553500 430.678869 429.393295 427.982671 432.709933 441.176696 455.121752 471.342337 493.523133 502.517824 509.161449 521.832313 524.795577 530.603385 535.029048 533.674717 531.277262 519.370665 510.685175 516.430018 522.915091 530.137397 538.538259 552.434037 568.569294 586.807659 607.973353
-9999.0 -9999.0 -9999.0 -9999.0 -9999.0 -9999.0 -9999.0 -9999.0 -9999.0 -9999.0 -9999.0 -9999.0 -9999.0 -9999.0 -9999.0 -9999.0 -9999.0 -9999.0 -9999.0 396.601222 397.544854 398.759228 403.513983 404.478541 406.786517 413.948564 422.286872 424.764319 423.309812 422.054869 423.872782 426.891640 431.554261 443.318601 457.590618 472.259830 486.767810 508.216184 523.563300 537.853990 554.470024 554.129377 550.528547 549.162409 550.250299 551.272430 556.757603 560.621634 567.573141 573.555416 581.012569 591.092995 603.304090 622.712873 643.998611 665.443426
-9999.0 -9999.0 -9999.0 -9999.0 -9999.0 -9999.0 -9999.0 -9999.0 -9999.0 -9999.0 -9999.0 -9999.0 -9999.0 -9999.0 -9999.0 -9999.0 367.986363 369.883393 372.117737 377.549291 380.382099 384.482661 391.538740 392.877909 396.881329 404.239801 409.437480 418.436441 426.737922 434.439218 440.822953 443.993961 452.092012 462.349960 474.917096 491.065607 513.510462 537.307021 554.463712 572.128651 589.995069 591.400495 591.187204 593.249960 594.878852 602.939037 621.952705 629.362931 632.953938 651.835874 667.466912 674.137803 683.195859 703.674985 729.558805 756.437971
-9999.0 -9999.0 -9999.0 -9999.0 -9999.0 -9999.0 -9999.0 -9999.0 -9999.0 -9999.0 -9999.0 -9999.0 -9999.0 322.334895 326.549076 336.037364 344.932778 347.430873 351.680761 357.723096 370.066046 373.847553 380.303802 388.161382 400.145715 409.061924 418.651317 430.918901 439.872363 447.682873 455.413700 462.162111 476.429418 492.656003 509.503706 530.861921 553.927435 575.991826 598.102409 615.102021 630.462470 634.491001 634.708945 638.388770 647.979065 667.471134 688.651880 701.580736 723.961015 750.087739 766.431053 780.864038 791.927181 807.605491 831.950778 870.989789
-9999.0 -9999.0 -9999.0 -9999.0 -9999.0 -9999.0 -9999.0 -9999.0 -9999.0 -9999.0 288.304948 290.813760 287.493662 287.767610 292.786930 304.914701 318.531601 325.397545 337.001350 357.963746 375.726158 379.549879 394.565461 405.078620 412.233562 423.371454 437.139256 450.754879 468.605862 482.133568 495.243635 516.446807 534.255014 552.194607 571.510343 593.318289 615.567863 646.887510 676.451568 692.332998 717.837685 732.558696 732.185138 734.937559 746.308132 766.099295 792.018044 821.129418 848.292296 878.807429 901.162689 918.628014 932.236056 948.016461 968.111002 1007.500775
-9999.0 -9999.0 -9999.0 -9999.0 -9999.0 -9999.0 -9999.0 -9999.0 263.889944 271.096555 277.413017 274.549566 270.122324 266.674325 280.281557 296.304153 312.525159 330.119757 346.388351 364.783516 380.653601 397.572698 417.773406 430.220293 442.742625 458.868221 473.537327 492.133004 514.754994 529.827930 549.237204 572.737090 593.829043 614.188137 635.348602 656.422510 686.964648 724.509855 760.735153 788.411568 820.334744 848.095694 851.939455 858.890943 867.717122 897.932829 932.468351 968.904081 1001.658401 1035.110879 1068.460452 1088.608769 1101.283583 1116.096730 1134.290201 1155.591823
-9999.0 -9999.0 -9999.0 -9999.0 -9999.0 -9999.0 237.214593 261.511628 276.566967 268.909996 259.985264 256.727301 253.199063 275.102432 297.074725 314.460968 331.617186 349.513521 366.442300 380.796433 415.865244 433.943524 449.595245 469.520939 485.122687 500.845537 519.757303 544.934468 569.315147 602.608446 632.864830 661.123891 690.966834 714.561228 737.397997 760.496606 796.958670 840.064406 882.852730 917.924955 950.597141 985.831996 998.984992 1009.988081 1022.589185 1046.891156 1081.635371 1115.834153 1153.816740 1189.237694 1217.383382 1230.284107 1241.214878 1253.093483 1267.336834 1280.898444
-9999.0 -9999.0 -9999.0 -9999.0 203.591930 224.622258 245.074478 276.055296 298.915141 294.095955 301.439317 302.206822 301.094405 304.840557 311.804439 330.304147 349.044350 368.079062 387.057125 424.163467 468.449658 485.965234 513.060194 547.025892 562.905466 580.151211 598.343833 623.947122 654.844365 692.719635 742.114005 785.206048 816.643559 845.458860 872.374986 900.590645 940.123822 984.622957 1028.709910 1068.961689 1103.522092 1132.598204 1149.459145 1161.046764 1176.189797 1194.688777 1217.301358 1245.524503 1276.897441 1308.941773 1333.754489 1347.328959 1354.742077 1364.643830 1374.833047 1386.665819
-9999.0 -9999.0 -9999.0 155.204975 193.895357 231.465872 258.993060 290.310959 322.675461 328.683810 338.060670 344.453545 350.912794 360.476550 370.494351 388.013933 404.047235 419.450790 442.177386 480.413216 517.913963 551.963298 587.065224 618.581535 643.605570 662.816581 684.026554 711.748955 755.802783 799.546060 856.230085 915.768095 959.631683 991.413767 1019.685235 1052.064887 1081.775955 1122.336772 1161.944047 1198.349499 1231.950455 1258.026390 1278.346261 1287.525537 1297.986739 1307.627075 1324.341298 1345.103652 1365.697615 1392.621349 1419.022705 1441.120188 1453.388466 1461.944335 1476.576959 1491.259440
-9999.0 -9999.0 108.269546 145.785414 180.620669 231.815869 285.009111 319.579322 361.204829 386.646551 394.848244 414.037486 432.007287 441.250363 458.759093 477.218925 494.128074 500.703754 517.436205 552.385489 606.902244 657.907911 688.368605 746.441830 784.990877 815.717756 836.393363 866.732487 905.982886 954.712168 1010.265601 1065.482328 1109.475014 1145.793827 1166.649398 1189.166618 1214.671648 1240.144552 1274.781046 1304.565612 1334.959101 1360.138226 1381.395071 1388.963239 1394.106657 1409.124711 1431.510443 1454.825109 1476.768671 1497.733667 1503.939746 1512.227797 1516.014980 1518.304888 1521.754709 1524.256542
-9999.0 -9999.0 82.326087 126.965532 168.709094 237.313243 315.859217 354.201944 398.492593 445.390996 466.432962 493.115849 510.807642 526.561393 552.331840 577.172531 587.910852 594.835543 596.809941 655.188785 718.401545 779.953331 842.190139 913.567011 964.027255 984.627587 1000.590022 1024.663180 1053.437547 1100.829512 1153.109992 1207.551013 1253.003426 1285.484618 1303.395628 1322.264464 1342.981559 1361.121031 1379.576359 1416.080330 1440.336156 1463.578155 1488.087760 1507.154929 1514.937000 1517.669492 1509.858675 1516.962303 1521.847488 1524.162624 1525.042407 1522.006436 1521.572385 1522.512007 1523.846085 1519.382376
-9999.0 -5.648970 46.527148 100.480846 170.625480 239.601735 325.223828 407.083837 463.128261 511.138908 543.836339 563.885550 612.444715 661.926453 691.681079 721.998178 725.096669 729.567713 723.390401 773.937728 831.883259 918.589191 1036.648482 1098.807998 1144.892326 1153.175836 1153.453818 1169.796257 1196.432844 1239.726970 1303.805841 1348.493132 1397.714544 1435.011424 1449.481956 1456.199895 1473.198574 1492.259349 1487.443985 1504.899503 1512.820838 1519.393308 1520.395591 1522.103224 1523.466857 1524.252380 1521.771702 1516.204066 1509.236480 1504.448533 1501.097858 1497.136858 1500.012585 1503.713911 1505.152833 1499.072673
-9999.0 -40.491503 19.556188 91.941914 164.092082 237.283942 346.330367 485.182458 539.029147 579.908920 612.254861 652.481654 742.037000 815.335374 855.745336 901.952551 899.704695 890.849874 884.775651 923.061686 979.803353 1058.841378 1197.345269 1283.098180 1309.196739 1324.236855 1335.155342 1362.357761 1397.336853 1430.431479 1459.659235 1465.584601 1486.226094 1496.874176 1500.975879 1503.537984 1507.577451 1509.069227 1508.065532 1505.672220 1502.147664 1503.178414 1507.728863 1508.243572 1506.348276 1504.268648 1499.718780 1493.145914 1488.541608 1484.857452 1482.936439 1480.648517 1479.786452 1480.607537 1477.197600 1472.495057
-9999.0 -67.682511 2.802269 67.809811 137.705367 258.365025 384.438076 519.760585 615.479357 660.790406 704.864907 794.081756 905.702631 1006.923345 1062.357781 1090.226885 1096.835605 1082.568495 1092.253204 1138.829734 1204.128437 1289.974339 1370.916490 1442.380842 1457.292814 1463.771348 1452.061385 1464.757034 1476.189371 1479.925078 1482.623810 1486.089314 1492.366352 1496.288270 1496.568742 1495.392089 1492.477985 1486.388045 1483.061364 1481.326074 1479.158247 1479.735404 1483.056179 1484.608926 1482.788316 1479.788021 1476.213819 1471.563269 1466.603786 1461.195236 1458.389243 1455.378314 1454.027109 1450.096643 1446.393251 1441.238720
-9999.0 -161.556995 -75.021812 -16.218211 108.855502 280.303987 407.782118 562.988674 710.154290 764.335005 861.442499 992.263153 1106.509749 1185.685672 1231.478835 1274.742199 1303.628060 1327.996986 1362.024065 1339.085997 1390.243205 1438.063147 1459.029488 1470.544441 1472.819841 1477.005098 1472.643631 1456.952949 1449.443991 1445.013129 1448.344398 1456.727031 1463.232077 1469.656263 1468.651310 1470.177798 1471.212640 1469.126326 1467.054107 1460.628881 1454.518954 1449.981612 1449.046058 1454.665741 1450.201045 1447.514164 1442.480729 1435.698139 1428.412450 1422.049479 1415.673393 1410.013827 1407.948914 1402.949525 1401.743772 1393.963778
-9999.0 -242.662604 -164.500584 -67.429012 78.184288 243.562718 383.546965 556.784289 764.341641 889.345813 1021.731625 1106.378049 1192.010763 1263.037884 1329.129575 1373.100422 1396.442675 1406.310625 1401.868091 1411.661942 1384.851374 1381.098223 1399.714631 1426.428788 1440.451117 1446.651379 1440.894467 1432.796513 1427.987940 1428.566841 1428.507949 1428.160946 1427.404017 1426.023197 1423.523918 1425.919780 1431.140753 1426.575847 1420.020801 1413.791444 1408.011114 1400.833369 1395.828381 1392.675080 1391.227406 1390.965609 1383.941752 1374.317570 1364.704320 1357.493607 1350.672335 1345.643046 1343.564571 1338.766605 1330.905859 1318.079742
-9999.0 -336.060434 -217.297032 -118.295906 11.230208 151.381998 285.520555 456.229130 617.324278 844.282770 1023.407185 1126.772156 1178.392815 1240.784555 1305.031103 1370.113946 1377.355839 1351.351498 1324.409446 1313.083632 1319.892447 1331.578671 1346.949137 1368.338420 1386.862588 1397.861133 1401.162006 1395.139079 1382.954920 1374.695939 1368.769116 1359.595228 1352.923472 1351.999023 1352.285257 1359.070508 1362.074431 1354.161855 1342.972639 1328.907661 1316.375539 1306.551993 1303.297595 1303.670830 1302.635013 1298.376504 1290.837840 1280.059967 1267.503049 1256.053469 1248.609005 1243.173788 1236.357007 1226.239516 1214.221516 1199.575224
-9999.0 -9999.0 -290.114535 -177.781178 -64.884156 62.319217 186.302594 339.449671 498.339779 692.351667 824.373003 957.591675 1036.119525 1090.256910 1148.471861 1205.319927 1224.857646 1243.739369 1228.250388 1234.004701 1242.588471 1251.247056 1264.073745 1278.830372 1294.417871 1305.952422 1314.282208 1312.896205 1303.619249 1286.156602 1265.523463 1249.607157 1240.228249 1233.186047 1241.467921 1252.252817 1249.944278 1244.013425 1233.228615 1218.677802 1206.164146 1192.398087 1187.524424 1186.266096 1184.422943 1179.545580 1172.822575 1158.172926 1143.638015 1130.327597 1123.740961 1116.867441 1110.391148 1098.313161 1084.692775 1068.369708
-9999.0 -9999.0 -373.768069 -263.027317 -144.343325 -18.187387 87.891467 180.607432 340.761556 466.077289 577.770750 682.214874 769.729103 839.556872 892.692959 957.689367 998.272549 1016.002695 1034.199132 1061.476342 1088.374485 1117.217310 1138.627034 1155.942082 1173.414648 1188.583421 1198.355389 1187.138169 1174.626453 1155.238393 1131.130151 1105.978114 1092.396247 1087.107435 1089.153112 1094.394447 1088.944772 1079.500843 1065.572008 1049.894791 1036.529518 1023.893727 1018.059983 1012.941756 1009.470860 1004.120554 998.063394 986.297039 972.092439 961.968033 952.224236 944.757039 940.222783 931.603961 920.016855 910.327657
