tests/Borden05m/data_simulated/sim_1/output-maps/psiliqL0020N0003.asc
ncols         160
nrows         34
xllcorner     620200.000000
yllcorner     5168000.000000
cellsize      0.500000
NODATA_value  -9999.0
[rows 0 to 24 of 34, columns 55 to 109 of 160]
-9999.0 -9999.0 -9999.0 -9999.0 -9999.0 -9999.0 -9999.0 -9999.0 -9999.0 -9999.0 -9999.0 -9999.0 -9999.0 -9999.0 -9999.0 -9999.0 -9999.0 -9999.0 -9999.0 -9999.0 -9999.0 -9999.0 -9999.0 -9999.0 -9999.0 -9999.0 -9999.0 -9999.0 -9999.0 -9999.0 -9999.0 -9999.0 -9999.0 -9999.0 -9999.0 -9999.0 -9999.0 -9999.0 -9999.0 -9999.0 -9999.0 -9999.0 -9999.0 -9999.0 -9999.0 -9999.0 -9999.0 -9999.0 -9999.0 -9999.0 -9999.0 -9999.0 -9999.0 -9999.0 -9999.0
-9999.0 -9999.0 -9999.0 -9999.0 2222.554192 2217.276620 2212.506534 2208.112931 2199.790430 2190.865177 2183.098142 2179.350816 2178.637633 2178.157451 2177.974424 2183.346820 2191.700745 2199.627953 2206.901979 2209.542239 2212.197185 2214.522948 2215.192217 2214.352964 2211.487351 2208.572038 2205.494339 2204.145166 2196.685542 2185.630773 2177.229590 2174.589849 2178.898036 2183.269184 2185.685126 2191.054184 2201.406035 2211.810668 2219.927373 2231.702493 2237.695943 2242.467143 2244.763508 2240.275666 2236.473811 2232.256145 2226.388924 2215.209142 -9999.0 -9999.0 -9999.0 -9999.0 -9999.0 -9999.0 -9999.0
2167.827777 2186.704940 2207.381621 2210.658441 2199.064623 2194.179011 2191.196560 2189.635536 2185.410975 2177.169651 2172.321276 2167.208358 2165.246791 2165.605418 2165.910329 2170.123936 2180.947381 2189.146127 2194.106156 2196.991790 2200.016366 2199.340697 2199.007303 2199.082974 2196.537040 2193.405556 2190.323653 2188.767904 2189.979305 2182.570060 2176.938474 2173.331162 2170.979966 2173.574183 2176.075199 2180.003133 2189.137621 2196.897704 2204.599099 2218.889743 2231.244417 2236.242788 2233.218819 2227.953331 2223.690463 2216.254594 2205.626203 2195.354913 2186.636881 2179.887833 2174.047613 2167.466628 2173.152508 2179.883634 2188.915126
2152.451580 2171.935312 2192.484871 2195.378417 2185.040449 2177.284488 2171.571678 2172.269546 2175.682361 2172.681879 2168.311132 2162.154405 2171.780680 2173.235964 2174.482174 2178.075193 2180.892151 2185.437012 2188.326743 2193.972459 2203.231823 2206.310598 2207.142736 2207.605249 2206.066830 2203.232661 2201.675284 2199.193856 2194.198550 2192.905506 2192.963703 2192.207105 2196.689198 2198.138667 2200.460125 2194.330258 2198.185610 2204.170816 2210.751369 2216.374055 2222.309077 2224.981985 2221.142568 2220.479275 2211.543812 2197.347764 2186.538207 2178.281136 2177.221924 2173.733103 2165.334985 2151.518280 2158.664018 2173.891613 2177.979525
2158.729596 2168.110937 2179.518617 2182.538507 2177.817975 2179.953669 2182.015989 2183.745365 2182.425990 2179.550764 2176.674040 2188.401170 2197.522070 2199.436007 2202.445643 2206.627593 2207.229477 2196.280785 2194.422309 2202.467053 2212.722267 2218.513579 2219.120794 2219.329619 2216.846902 2216.188779 2216.297266 2214.662383 2214.998232 2217.137971 2215.923330 2219.692914 2225.273097 2228.459308 2221.885919 2213.020648 2214.461381 2222.409144 2230.922053 2238.030440 2247.902113 2258.308646 2257.311385 2251.595518 2242.167369 2228.534060 2204.975445 2185.979244 2174.459920 2166.231852 2158.363656 2159.295457 2154.656441 2166.579600 2167.606816
2152.459090 2171.843693 2192.760902 2199.941184 2194.412690 2190.531177 2189.079932 2190.262429 2190.319230 2192.442809 2203.335705 2216.476665 2229.770068 2232.563491 2235.090324 2234.517869 2226.536177 2216.629035 2213.847008 2228.208391 2245.272294 2253.821039 2254.386834 2252.305978 2257.730399 2257.724975 2257.712135 2254.096749 2255.768835 2255.391412 2263.014740 2270.719418 2278.269191 2276.673583 2264.354997 2252.319019 2251.409549 2255.390064 2260.330104 2266.799858 2276.352562 2284.999179 2279.272790 2272.389238 2262.994156 2235.186680 2209.537787 2193.317051 2192.749860 2192.419026 2187.003351 2183.657923 2180.854828 2174.610327 2173.686322
2195.921741 2216.604504 2237.388909 2252.210993 2246.826693 2239.707218 2231.115475 2232.123579 2234.364444 2241.835778 2253.972936 2269.406867 2292.660003 2294.156711 2296.258511 2297.153828 2285.531952 2273.236564 2263.203513 2283.730695 2294.919653 2303.279478 2303.364018 2311.401274 2321.348863 2318.063290 2311.655515 2301.021404 2307.367485 2316.602488 2331.846926 2339.279493 2343.838330 2340.724063 2328.050426 2321.660842 2321.630259 2325.808403 2324.889490 2330.999140 2339.674352 2353.726639 2351.808225 2344.865530 2322.838710 2285.037247 2252.383550 2235.007854 2242.777895 2235.536279 2227.775945 2224.975067 2211.622633 2201.748260 2202.130577
2241.268752 2257.548283 2275.415918 2293.303001 2287.031004 2277.430906 2263.251771 2262.138195 2268.622143 2279.462245 2298.307396 2319.106894 2341.323882 2344.986781 2343.398803 2353.282102 2347.254844 2337.690434 2330.367890 2347.423900 2358.986771 2370.415694 2378.838871 2392.435007 2404.313839 2392.000747 2378.178232 2370.937464 2377.589299 2400.658830 2420.748001 2425.729672 2425.734262 2426.428556 2413.964926 2408.247248 2403.352134 2400.886153 2396.320192 2392.739809 2413.746271 2431.771968 2429.700321 2406.222781 2381.816317 2342.987530 2304.286276 2275.176760 2280.660764 2276.476904 2276.639055 2263.208872 2248.665950 2235.968218 2228.714277
2310.275110 2336.109657 2355.181779 2377.168387 2373.547710 2354.434967 2343.194390 2347.659535 2361.575017 2370.006620 2387.716601 2408.672829 2437.563133 2454.469869 2469.969468 2475.226284 2467.507638 2459.124498 2447.117284 2449.588431 2471.126522 2484.761196 2495.584534 2506.370479 2520.099819 2523.996561 2520.075394 2519.661474 2524.059965 2534.814290 2546.831190 2553.610742 2557.561118 2560.557298 2551.583057 2540.085872 2536.797118 2529.784700 2525.532400 2523.191860 2529.430152 2544.224478 2540.151400 2507.100244 2478.537698 2442.748875 2403.869521 2372.423463 2359.732428 2371.333197 2363.978335 2345.761759 2329.942350 2298.687981 2286.872794
2398.091356 2433.096402 2459.834348 2473.936684 2485.319330 2476.332137 2476.997973 2482.042410 2490.847420 2495.815226 2503.787993 2536.709759 2570.738075 2598.119400 2622.113184 2630.632489 2619.649622 2610.293680 2598.056381 2589.701308 2598.506451 2615.819830 2634.459998 2651.154343 2663.762392 2667.700751 2667.084823 2668.075654 2671.467635 2674.684177 2678.584723 2686.148173 2693.944202 2705.394329 2715.037258 2706.372609 2687.277411 2676.350501 2664.736755 2661.263004 2660.287185 2660.240882 2659.224082 2644.995505 2606.171598 2574.298523 2541.495500 2516.298100 2497.867890 2489.478093 2468.270516 2443.488859 2393.489669 2353.756690 2319.448574
2504.574735 2548.316836 2578.718136 2600.260720 2615.278046 2616.104035 2619.257569 2622.066726 2627.836475 2632.586562 2638.328791 2663.989427 2706.597851 2745.957738 2777.132641 2779.387847 2768.049367 2757.537358 2748.343058 2736.377134 2733.701546 2745.409741 2760.305579 2780.128435 2792.323154 2800.888870 2797.763098 2798.868980 2802.455704 2803.289414 2805.296877 2808.408062 2817.185276 2831.336076 2844.479220 2844.323678 2827.696710 2811.952145 2795.258938 2790.083948 2785.123050 2778.585624 2778.408157 2777.964851 2763.955448 2733.201928 2691.184817 2648.095058 2625.199927 2605.467883 2591.654912 2574.108012 2538.547384 2476.244244 2438.990076
2635.117964 2668.169916 2701.578254 2733.713061 2751.259781 2756.941604 2756.714046 2757.924523 2766.095566 2771.403082 2779.753458 2795.234980 2824.552919 2857.823011 2886.682925 2903.278443 2897.631757 2882.448542 2862.954838 2855.862875 2854.623436 2858.715029 2868.265518 2880.343066 2899.298586 2918.164867 2789.513707 2790.379061 2924.828092 2790.116778 2790.499405 2790.608736 2792.721773 2799.574965 2808.191707 2811.196807 2805.758112 2924.884117 2902.556310 2889.405621 2881.224988 2876.274221 2874.593053 2876.392067 2876.161346 2860.926593 2828.079775 2785.108582 2752.106087 2732.379121 2715.861368 2697.339806 2683.129657 2653.742515 2631.726566
2762.296735 2778.961684 2808.055291 2837.083706 2859.441901 2875.490191 2878.268953 2883.249331 2888.884228 2898.139478 2914.193952 2800.826044 2816.434611 2836.318171 2860.337469 2874.812663 2880.142739 2879.286742 2876.421180 2877.860823 2878.134571 2830.920974 2835.810681 2840.666408 2853.566652 2865.839113 2869.209207 2869.714684 2868.809444 2869.355593 2869.958480 2869.984820 2869.651487 2870.997456 2874.825020 2876.278604 2874.458777 2865.404523 2877.213238 2858.613805 2845.923293 2838.109551 2830.190032 2821.926548 2812.592381 2804.020963 2925.152526 2894.769064 2859.856963 2836.290127 2825.321122 2816.656635 2806.718712 2798.722458 2780.053832
2874.380267 2887.158257 2905.907118 2928.672962 2818.072920 2838.201900 2848.947811 2857.704322 2862.251771 2875.259499 2890.292944 2877.848639 2884.142799 2890.649783 2897.103479 2899.313814 2899.937000 2899.629930 2897.311683 2896.713324 2894.624488 2890.689067 2880.694937 2882.253592 2884.010159 2886.575546 2890.209012 2889.023119 2890.062251 2893.004517 2891.388243 2885.640938 2881.820205 2880.272265 2881.048498 2888.320566 2891.635637 2892.512893 2890.149619 2889.331180 2888.573737 2885.995568 2882.769968 2878.217849 2872.386982 2882.316975 2872.265802 2846.594795 2811.012921 2919.811038 2908.382904 2905.988298 2904.210351 2900.005289 2891.982162
2853.833358 2866.539992 2880.344956 2866.243078 2882.109244 2890.772476 2894.824051 2898.220270 2900.771197 2902.987580 2899.871312 2896.684143 2891.911167 2890.483146 2889.156409 2886.738606 2887.353747 2885.436213 2881.453328 2877.658173 2870.392260 2859.254434 2848.064585 2844.948843 2849.350669 2854.681239 2859.450310 2863.340329 2866.871928 2867.343492 2862.244254 2854.163781 2846.911149 2845.182716 2851.858007 2857.498403 2863.457191 2864.254375 2862.899825 2860.657391 2860.636541 2857.755698 2858.099238 2864.856490 2878.830408 2882.774118 2887.207076 2886.538941 2873.937511 2852.189486 2855.870713 2836.409923 2841.492647 2837.080539 2825.980324
2892.136188 2894.282355 2893.094156 2891.747819 2885.622721 2879.742339 2879.003679 2882.923177 2889.810609 2890.934070 2883.949362 2875.572128 2868.539142 2861.470637 2859.252779 2858.405914 2857.986672 2858.315264 2853.069553 2844.484334 2829.381904 2817.905839 2806.840147 2800.888042 2797.888788 2801.935130 2812.476328 2823.456592 2828.276104 2820.128973 2812.185827 2800.989181 2793.029634 2793.423427 2794.984193 2804.221758 2819.732582 2825.989088 2826.743623 2820.905093 2815.304259 2809.018169 2806.402095 2812.913080 2827.864696 2842.658825 2857.224309 2865.811053 2873.245881 2879.990577 2880.588501 2882.665701 2883.804301 2882.181173 2883.429740
2886.271893 2879.560156 2872.855703 2867.762894 2861.344286 2855.953883 2854.203462 2856.304521 2858.631010 2854.881800 2848.436429 2839.578237 2828.733137 2819.145594 2812.201883 2813.118715 2815.367485 2816.721991 2809.907231 2796.193666 2917.666392 2903.664913 2889.081125 2884.322180 2878.048285 2871.058070 2880.581085 2898.501998 2904.946190 2889.863575 2879.511517 2865.112493 2858.802056 2856.040336 2858.231643 2868.632409 2891.364232 2914.904968 2918.241885 2909.526480 2900.940345 2897.904091 2896.519086 2903.262529 2921.621621 2790.550518 2804.709890 2814.586024 2819.932762 2827.744623 2837.075981 2849.230133 2863.177645 2874.809772 2880.974084
2862.096135 2854.436912 2846.887479 2839.424331 2832.626258 2827.721099 2823.517128 2821.519975 2818.158140 2812.188388 2806.369373 2933.025521 2918.149687 2902.879439 2885.852069 2879.667669 2873.474299 2873.021072 2860.422608 2850.855839 2834.683105 2818.751348 2801.948563 2788.791794 2782.041635 2774.787690 2774.686602 2788.245223 2796.416854 2785.164973 2775.231586 2763.974884 2759.340297 2756.879527 2760.295403 2772.083629 2794.230834 2814.341735 2823.875510 2818.106297 2817.136307 2818.438476 2818.947359 2826.668091 2840.343041 2859.259631 2882.820516 2902.854075 2914.916420 2924.471724 2936.027051 2796.023881 2808.715055 2822.651587 2839.990361
2831.926520 2824.009691 2814.319994 2804.902586 2795.841691 2937.839404 2929.075367 2928.199173 2918.798845 2909.523977 2886.534094 2833.275333 2810.037498 2788.395752 2769.645037 2760.625096 2750.257920 2735.533567 2725.257867 2718.890878 2716.766392 2701.058737 2680.352004 2662.164744 2656.146686 2651.427096 2636.639253 2635.086108 2636.168495 2647.283720 2640.675660 2637.817681 2638.601549 2637.000993 2640.210543 2654.731444 2665.671632 2674.657760 2682.887169 2686.958965 2697.867401 2709.467457 2719.434348 2737.929696 2751.742518 2769.916705 2793.145729 2821.079583 2838.651417 2851.066159 2864.315706 2881.215188 2900.091469 2920.138956 2944.485736
2799.912507 2936.842779 2920.562999 2903.780416 2888.383026 2874.254362 2856.724567 2854.910250 2848.731917 2835.405539 2781.853690 2736.662636 2697.460026 2676.734576 2650.831022 2635.373860 2618.474070 2582.937768 2565.339613 2561.635010 2571.819256 2565.431952 2549.731182 2536.484983 2526.814190 2517.740253 2501.253646 2485.796749 2490.914522 2506.686028 2505.514256 2507.114998 2513.958190 2513.720032 2509.335595 2511.056710 2525.386727 2533.346893 2545.480075 2562.176137 2568.168093 2582.617457 2614.918701 2629.933632 2647.130660 2668.569465 2692.253660 2720.116801 2745.398269 2762.546235 2780.914156 2803.133792 2823.298008 2846.947375 2872.641891
2892.563561 2862.448056 2839.659720 2819.508930 2797.427762 2769.790886 2746.251469 2740.455118 2730.348614 2701.103758 2644.999645 2604.351851 2576.393162 2551.951238 2526.009235 2501.666843 2465.399170 2430.447238 2408.157116 2419.035453 2427.982902 2434.932909 2422.268498 2410.313656 2399.980110 2383.045297 2366.343883 2351.398947 2361.162510 2369.539477 2384.450460 2390.195825 2394.379584 2399.600413 2399.103528 2391.735542 2391.613719 2401.096300 2412.290570 2424.860416 2444.533866 2479.509480 2505.596172 2525.028517 2547.470865 2569.128078 2593.354357 2618.590627 2643.772433 2663.690595 2685.538511 2710.600949 2735.668152 2759.288202 2786.626966
2802.986507 2772.742371 2743.480472 2716.968713 2681.169353 2634.487242 2616.438652 2604.360758 2582.923832 2537.045651 2493.131884 2463.953841 2444.874033 2419.187763 2395.335971 2365.545784 2331.684247 2307.439242 2286.334241 2294.637469 2303.084134 2319.379181 2309.115240 2300.340208 2295.781673 2280.299817 2266.495351 2250.555884 2257.086026 2268.244406 2289.322075 2294.739770 2298.901273 2307.854389 2307.638565 2304.598287 2291.134809 2299.459683 2310.998461 2326.196773 2356.612485 2380.477232 2404.356043 2427.056622 2448.304270 2472.803787 2497.838440 2523.424521 2552.208277 2574.641714 2596.590459 2620.712807 2643.793035 2663.482593 2685.461641
2677.857103 2650.911065 2627.649170 2600.853616 2558.413274 2512.074745 2470.333129 2445.179210 2396.124807 2359.660062 2332.425349 2324.047647 2308.196619 2285.898795 2264.648933 2243.281922 2219.170540 2198.413038 2173.243758 2177.540708 2191.654309 2207.163842 2205.600845 2204.628801 2202.290596 2192.081765 2178.374255 2164.617554 2168.164267 2184.455205 2202.004035 2211.213612 2218.769416 2226.800744 2227.147977 2219.157905 2210.338182 2216.049666 2231.584000 2248.562849 2267.964245 2289.709913 2311.637626 2332.931592 2356.426763 2380.373036 2404.980139 2431.832363 2461.441994 2484.836819 2511.050159 2538.322503 2559.170074 2572.660394 2586.218943
2561.085634 2538.688153 2512.959221 2483.565077 2439.578552 2397.419438 2354.587536 2308.815278 2274.152771 2242.964849 2231.072249 2213.538490 2197.731707 2181.113884 2159.890895 2141.923283 2125.302053 2103.427846 2090.271345 2096.467937 2109.413096 2118.334422 2123.436205 2120.820972 2118.071792 2111.636880 2097.689607 2091.324929 2100.689021 2115.864966 2129.963186 2141.112499 2148.118318 2153.836627 2151.262500 2142.850544 2139.315017 2147.875895 2163.725069 2178.008039 2193.976167 2215.183420 2236.286404 2258.444006 2281.630612 2304.563208 2330.072080 2356.450535 2383.627457 2411.765160 2436.483082 2459.373741 2471.854344 2484.920924 2490.536633
2424.038660 2409.196036 2382.158859 2352.616177 2321.103366 2285.162834 2257.600258 2224.893123 2193.709006 2163.518256 2137.230697 2122.607011 2114.520405 2100.482038 2082.348564 2070.076621 2053.842044 2040.912960 2044.509135 2046.060702 2054.941642 2053.941693 2054.583816 2051.816977 2050.918837 2047.857526 2040.062735 2050.097549 2056.911411 2070.689527 2080.968955 2090.629067 2096.687502 2100.620637 2101.538979 2096.824919 2102.126872 2108.838047 2123.026353 2134.575970 2148.757607 2169.062419 2186.236954 2205.553022 2228.185834 2251.548922 2276.037772 2302.317410 2330.872018 2356.524267 2376.232364 2385.477919 2397.123122 2402.427902 2395.876446
