tests/Borden05m/data_simulated/sim_1/output-maps/psiliqL0027N0019.asc
ncols         160
nrows         34
xllcorner     620200.000000
yllcorner     5168000.000000
cellsize      0.500000
NODATA_value  -9999.0
[rows 0 to 24 of 34, columns 0 to 54 of 160]
-9999.0 -9999.0 -9999.0 -9999.0 -9999.0 -9999.0 -9999.0 -9999.0 -9999.0 -9999.0 -9999.0 -9999.0 -9999.0 -9999.0 -9999.0 -9999.0 -9999.0 -9999.0 -9999.0 -9999.0 -9999.0 -9999.0 -9999.0 -9999.0 -9999.0 -9999.0 -9999.0 -9999.0 -9999.0 -9999.0 -9999.0 -9999.0 -9999.0 -9999.0 -9999.0 -9999.0 -9999.0 -9999.0 -9999.0 -9999.0 -9999.0 -9999.0 -9999.0 -9999.0 -9999.0 -9999.0 -9999.0 -9999.0 -9999.0 -9999.0 -9999.0 -9999.0 -9999.0 -9999.0 -9999.0
-9999.0 -9999.0 -9999.0 -9999.0 -9999.0 -9999.0 -9999.0 -9999.0 -9999.0 -9999.0 -9999.0 -9999.0 -9999.0 -9999.0 -9999.0 -9999.0 -9999.0 -9999.0 -9999.0 -9999.0 -9999.0 -9999.0 -9999.0 -9999.0 -9999.0 -9999.0 -9999.0 -9999.0 -9999.0 -9999.0 -9999.0 -9999.0 -9999.0 -9999.0 -9999.0 -9999.0 -9999.0 -9999.0 -9999.0 -9999.0 -9999.0 -9999.0 -9999.0 -9999.0 -9999.0 -9999.0 -9999.0 -9999.0 -9999.0 -9999.0 -9999.0 -9999.0 -9999.0 -9999.0 -9999.0
-9999.0 -9999.0 -9999.0 -9999.0 -9999.0 -9999.0 -9999.0 -9999.0 -9999.0 -9999.0 -9999.0 -9999.0 -9999.0 -9999.0 -9999.0 -9999.0 -9999.0 -9999.0 -9999.0 -9999.0 -9999.0 -9999.0 -9999.0 -9999.0 -9999.0 -9999.0 -9999.0 -9999.0 -9999.0 -9999.0 -9999.0 -9999.0 -9999.0 -9999.0 -9999.0 -9999.0 -9999.0 -9999.0 -9999.0 -9999.0 -9999.0 -9999.0 -9999.0 -9999.0 -9999.0 -9999.0 -9999.0 3472.908977 3455.713602 3442.452134 3437.361483 3458.062175 3480.901796 3504.518664 3524.841937
-9999.0 -9999.0 -9999.0 -9999.0 -9999.0 -9999.0 -9999.0 -9999.0 -9999.0 -9999.0 -9999.0 -9999.0 -9999.0 -9999.0 -9999.0 -9999.0 -9999.0 -9999.0 -9999.0 -9999.0 -9999.0 -9999.0 -9999.0 -9999.0 -9999.0 -9999.0 -9999.0 -9999.0 -9999.0 -9999.0 -9999.0 -9999.0 -9999.0 -9999.0 -9999.0 -9999.0 -9999.0 -9999.0 -9999.0 -9999.0 3524.156548 3529.987428 3529.461012 3519.526199 3508.026061 3494.007909 3473.204988 3456.041683 3443.064925 3441.072111 3443.293347 3445.463229 3465.657815 3490.914095 3510.628857
-9999.0 -9999.0 -9999.0 -9999.0 -9999.0 -9999.0 -9999.0 -9999.0 -9999.0 -9999.0 -9999.0 -9999.0 -9999.0 -9999.0 -9999.0 -9999.0 -9999.0 -9999.0 -9999.0 -9999.0 -9999.0 -9999.0 -9999.0 -9999.0 -9999.0 -9999.0 -9999.0 -9999.0 -9999.0 -9999.0 -9999.0 -9999.0 -9999.0 -9999.0 3432.250552 3448.983945 3466.702849 3485.090555 3501.914254 3508.865780 3514.598447 3519.753117 3514.860087 3510.250523 3498.274814 3476.786635 3457.305831 3444.481487 3443.465802 3440.826841 3444.017669 3455.087560 3471.371942 3485.916066 3506.079968
-9999.0 -9999.0 -9999.0 -9999.0 -9999.0 -9999.0 -9999.0 -9999.0 -9999.0 -9999.0 -9999.0 -9999.0 -9999.0 -9999.0 -9999.0 -9999.0 -9999.0 -9999.0 -9999.0 -9999.0 -9999.0 -9999.0 -9999.0 -9999.0 -9999.0 -9999.0 -9999.0 -9999.0 3438.778726 3432.698076 3427.717295 3425.902954 3424.194761 3423.040058 3429.490893 3440.264115 3456.923994 3478.803027 3491.887930 3498.930613 3505.630028 3505.676403 3499.386996 3497.394687 3497.577588 3484.479983 3471.787333 3459.883680 3448.205908 3444.523343 3452.953299 3466.824163 3482.642532 3496.775628 3511.595765
-9999.0 -9999.0 -9999.0 -9999.0 -9999.0 -9999.0 -9999.0 -9999.0 -9999.0 -9999.0 -9999.0 -9999.0 -9999.0 -9999.0 -9999.0 -9999.0 -9999.0 -9999.0 -9999.0 -9999.0 -9999.0 -9999.0 -9999.0 3409.375569 3414.045740 3420.363588 3427.830580 3428.574488 3425.174295 3419.597868 3416.695902 3414.984710 3412.318288 3416.530681 3423.049743 3435.534753 3450.314586 3472.252095 3480.046065 3483.695613 3494.526588 3497.926307 3505.560263 3508.983393 3506.600075 3501.900357 3486.237378 3473.908358 3475.224226 3478.490101 3484.810006 3492.646733 3505.598190 3518.577482 3533.066704
-9999.0 -9999.0 -9999.0 -9999.0 -9999.0 -9999.0 -9999.0 -9999.0 -9999.0 -9999.0 -9999.0 -9999.0 -9999.0 -9999.0 -9999.0 -9999.0 -9999.0 -9999.0 -9999.0 3385.208288 3386.169347 3387.554562 3392.254008 3392.407627 3393.900868 3400.355598 3408.026610 3410.659848 3408.046938 3406.749015 3407.623667 3409.716123 3413.743515 3423.522439 3436.227233 3449.439977 3461.405962 3481.303587 3494.898362 3506.296522 3520.709086 3520.612740 3516.404453 3514.098829 3513.275784 3510.766175 3507.868620 3505.831006 3511.280997 3510.825771 3513.303717 3521.686046 3532.984341 3548.536870 3565.040924
-9999.0 -9999.0 -9999.0 -9999.0 -9999.0 -9999.0 -9999.0 -9999.0 -9999.0 -9999.0 -9999.0 -9999.0 -9999.0 -9999.0 -9999.0 -9999.0 3356.408228 3358.036444 3360.256754 3365.612741 3369.205094 3372.890926 3379.573876 3380.680164 3383.605937 3390.160037 3393.990980 3402.730777 3410.493635 3416.806185 3421.810107 3423.295884 3428.707650 3436.790925 3447.026825 3459.584491 3478.322989 3500.776305 3515.284959 3530.859428 3547.042938 3546.614568 3543.880797 3543.106651 3540.520455 3540.487118 3553.593441 3555.611555 3548.869691 3557.005024 3567.641873 3569.368097 3575.329075 3594.257114 3615.454368
-9999.0 -9999.0 -9999.0 -9999.0 -9999.0 -9999.0 -9999.0 -9999.0 -9999.0 -9999.0 -9999.0 -9999.0 -9999.0 3306.923154 3310.687820 3320.750538 3332.260000 3335.106534 3339.840840 3346.291754 3358.010583 3361.177695 3366.586309 3373.083866 3384.994151 3392.805273 3400.633504 3411.342883 3418.219292 3423.975326 3429.073913 3430.453484 3440.454523 3452.983480 3465.842800 3483.474725 3504.028574 3520.960005 3537.641707 3552.838934 3563.150331 3559.055118 3557.230165 3558.309685 3561.706735 3573.233924 3588.506952 3587.251843 3595.213801 3614.507818 3623.542687 3629.629156 3634.708661 3647.819027 3668.636661
-9999.0 -9999.0 -9999.0 -9999.0 -9999.0 -9999.0 -9999.0 -9999.0 -9999.0 -9999.0 3281.106048 3282.275234 3278.192590 3274.873157 3280.385033 3292.381283 3306.630899 3311.610845 3323.179828 3344.064397 3362.254084 3364.546251 3376.994663 3386.191796 3391.823974 3400.304256 3411.716924 3422.197032 3435.865044 3445.806122 3452.698208 3467.075764 3481.061177 3495.439660 3510.894249 3529.654870 3543.968429 3565.845760 3589.144382 3596.227192 3611.558538 3612.760840 3607.612638 3604.691940 3612.954925 3622.686253 3635.926150 3649.988088 3667.204079 3687.890155 3696.837118 3708.821816 3717.032262 3726.586833 3741.274468
-9999.0 -9999.0 -9999.0 -9999.0 -9999.0 -9999.0 -9999.0 -9999.0 3256.807933 3264.743304 3269.663314 3265.901567 3260.895257 3254.283923 3268.478623 3283.233722 3298.355155 3316.039645 3330.765217 3348.183569 3360.982255 3374.477796 3393.300646 3402.603903 3411.623238 3425.024671 3436.329382 3449.267071 3467.913521 3473.746590 3482.772818 3500.327835 3514.129845 3529.222415 3545.676087 3560.447303 3578.844966 3607.393073 3634.781536 3649.418545 3674.143489 3689.948706 3683.244520 3680.554823 3680.944910 3702.881825 3727.914157 3755.896904 3773.575820 3795.954860 3823.355815 3841.820613 3850.693359 3861.440802 3874.942269
-9999.0 -9999.0 -9999.0 -9999.0 -9999.0 -9999.0 3228.586024 3252.678076 3267.446101 3258.252016 3243.133698 3237.204511 3230.162250 3260.915379 3282.550422 3299.031264 3314.756096 3331.248191 3346.338499 3353.244526 3381.170468 3399.344950 3409.597446 3421.083710 3433.998631 3446.847715 3461.398423 3480.975895 3496.672038 3516.619582 3530.688031 3545.250329 3567.242287 3583.034491 3598.517442 3610.686803 3636.871230 3670.274565 3703.697611 3727.016139 3750.527490 3781.261155 3780.241261 3781.515648 3782.571937 3805.873089 3839.146987 3868.330956 3899.553169 3929.587178 3957.545577 3967.780406 3976.525284 3986.208723 3998.538527
-9999.0 -9999.0 -9999.0 -9999.0 3196.922199 3217.415153 3235.454188 3264.895154 3286.179528 3280.514781 3283.957523 3280.992565 3275.512858 3279.708746 3286.961511 3303.029989 3321.018463 3339.353107 3352.135865 3377.329085 3422.889538 3432.286250 3447.571287 3475.380616 3484.789238 3497.256834 3511.337909 3530.288014 3547.096656 3572.713147 3605.277629 3632.864183 3652.944842 3671.016526 3689.055835 3704.915101 3739.066651 3775.132167 3809.961048 3840.730514 3867.007144 3892.530075 3898.741995 3903.355222 3913.066027 3929.846308 3952.235989 3979.491014 4012.831018 4044.667818 4067.718439 4076.590313 4081.672386 4091.087056 4098.501286
-9999.0 -9999.0 -9999.0 3142.976069 3181.521455 3220.822675 3245.745547 3275.196683 3306.749671 3305.497448 3313.240052 3311.823785 3309.419413 3313.566455 3315.328269 3330.512448 3347.409326 3366.069341 3385.923229 3417.951518 3445.515385 3461.453920 3487.687499 3502.074213 3513.534349 3525.045174 3542.319509 3561.055783 3596.061219 3624.562490 3669.403260 3718.968778 3750.249442 3768.979661 3790.813796 3817.772329 3842.454343 3880.739355 3914.328631 3946.033773 3975.937058 3997.820026 4011.852344 4016.336718 4025.809443 4031.453053 4043.868862 4064.660709 4086.810042 4117.295414 4146.370073 4175.088804 4190.247889 4201.241946 4218.268187
-9999.0 -9999.0 3094.580322 3134.060270 3164.848207 3210.464565 3262.820131 3297.198216 3335.617971 3353.268984 3355.270658 3364.459840 3373.514244 3373.103576 3380.414481 3391.695403 3412.768547 3420.691114 3440.063373 3454.054737 3489.607163 3521.957856 3516.062675 3552.850713 3581.857804 3613.679533 3634.265445 3660.125538 3697.185223 3730.249496 3773.915283 3823.228431 3857.039798 3884.537712 3900.158002 3920.124762 3940.201197 3966.286489 4002.723146 4028.197534 4061.575966 4086.814902 4106.261237 4106.948422 4109.596257 4125.628276 4153.801119 4184.502884 4213.294661 4242.170378 4226.575876 4250.040144 4260.528545 4266.380285 4275.581291
-9999.0 -9999.0 3063.963074 3110.442006 3144.173082 3200.638876 3286.869568 3320.093506 3358.965103 3403.358932 3415.830598 3436.000461 3427.907699 3414.810643 3431.176988 3444.080107 3464.001211 3470.751572 3463.886143 3514.959681 3566.321673 3588.969427 3593.264151 3669.508263 3721.304154 3745.305582 3761.731109 3781.634350 3800.976732 3838.877813 3877.568964 3931.653304 3972.617922 4002.238999 4016.616781 4036.496280 4055.870611 4070.817648 4090.247195 4136.873756 4172.313351 4203.032509 4234.864062 4256.144612 4264.279569 4269.320607 4243.548336 4263.166292 4276.470361 4282.208324 4284.498662 4280.700630 4280.139752 4280.969995 4281.894480
-9999.0 2971.883249 3022.683687 3072.598826 3136.163050 3196.071412 3269.506346 3343.200651 3408.952355 3460.357473 3484.442315 3475.658652 3472.844215 3496.232670 3514.401407 3529.572482 3534.496485 3544.294877 3524.542656 3577.335908 3612.943090 3660.626190 3758.903947 3816.796982 3880.139638 3875.877112 3864.003724 3868.654860 3884.298439 3930.547964 4009.460027 4065.635804 4131.455896 4180.429459 4197.509483 4204.995460 4223.684506 4244.450553 4191.840153 4235.548765 4255.701911 4272.518141 4282.052133 4284.369939 4285.664455 4285.423396 4281.716448 4274.664428 4266.462947 4260.598047 4256.351698 4251.848710 4254.287419 4257.618865 4257.771300
-9999.0 2933.150090 2988.645069 3056.272955 3122.914932 3167.661304 3247.398009 3414.087144 3476.156762 3513.169432 3516.791149 3489.039090 3544.846416 3603.500289 3626.770372 3671.386422 3655.050096 3639.524340 3601.150316 3625.672855 3663.472278 3733.791900 3905.371514 3993.876845 4046.659558 4054.556019 4055.173518 4083.488438 4127.842417 4175.579191 4221.786056 4189.417441 4239.717676 4264.515013 4269.696848 4270.422193 4275.985999 4274.490908 4273.094199 4268.621122 4263.441078 4263.610529 4268.263379 4268.112278 4265.134115 4261.724727 4256.005136 4248.584082 4243.400080 4238.767396 4236.113953 4233.284132 4231.294911 4230.499501 4225.591954
-9999.0 2891.881391 2966.579074 3022.374176 3066.098883 3154.272549 3283.388620 3427.069693 3522.731183 3555.625620 3529.353228 3561.562598 3663.826302 3770.093980 3822.083903 3842.706219 3822.239568 3772.333772 3750.947451 3794.273362 3864.862390 3985.862962 4126.955448 4227.427591 4242.918737 4246.374547 4197.367968 4223.736771 4248.177306 4251.077591 4252.225189 4260.450389 4265.548919 4268.529118 4266.947487 4264.050808 4259.219271 4250.997091 4246.200475 4242.486481 4238.691689 4237.479718 4239.437907 4241.319090 4238.474164 4234.565388 4230.083401 4224.506629 4218.175312 4211.389017 4207.031439 4202.742086 4200.591122 4194.972752 4191.482855
-9999.0 2770.891501 2863.100659 2901.230254 2970.745011 3158.004836 3286.069848 3424.425715 3590.098079 3608.471187 3651.076105 3791.206191 3911.047386 3991.708692 4019.845756 4052.769611 4077.135745 4092.745159 4129.692744 4005.961191 4087.889277 4187.882065 4233.860866 4253.798941 4264.252246 4264.633436 4254.659310 4233.750529 4222.987598 4216.228287 4217.839374 4225.134704 4229.764348 4234.513406 4232.196881 4233.300296 4234.479922 4231.275773 4227.229141 4218.454706 4210.574645 4203.796509 4200.419092 4205.075033 4200.428662 4198.110554 4191.876133 4183.372859 4174.367127 4166.979127 4158.956443 4152.366511 4150.140511 4145.130881 4143.922853
-9999.0 2689.948967 2761.948607 2812.615680 2918.939448 3079.578101 3169.925694 3325.755810 3568.472033 3705.660151 3872.033031 3964.229366 4034.544884 4075.501784 4125.259867 4177.785786 4205.071404 4217.104948 4185.218699 4208.354153 4165.042899 4153.895649 4171.592729 4201.058195 4218.542297 4222.674670 4214.869436 4205.798914 4198.524481 4197.400922 4195.166047 4190.906999 4186.602085 4182.903392 4179.763664 4182.814291 4188.190943 4180.986678 4170.565483 4160.994888 4152.372080 4143.060833 4137.059399 4132.294289 4132.767745 4133.054165 4125.374088 4114.826843 4103.901104 4095.558718 4088.352500 4083.890850 4081.163143 4076.141781 4066.308639
-9999.0 2567.152688 2701.260844 2775.220080 2859.471621 2983.729737 3083.606331 3232.117761 3358.885387 3604.889958 3744.466174 3943.295492 3993.874498 4064.762603 4111.669011 4185.610356 4180.716163 4149.388222 4105.671672 4089.602683 4101.334468 4110.482757 4118.598051 4132.917239 4150.711328 4160.943026 4166.182820 4160.267042 4146.018479 4133.349881 4121.945144 4107.997655 4098.432236 4095.852910 4100.119004 4110.326736 4110.725159 4101.386710 4087.153983 4068.730847 4052.978462 4041.059321 4039.100654 4041.963344 4043.118968 4038.987656 4033.213329 4022.382957 4009.723590 3997.198968 3991.584592 3987.274526 3979.767347 3968.385279 3956.383001
-9999.0 -9999.0 2613.990741 2721.724496 2806.440235 2913.737394 2995.642000 3108.776601 3245.583223 3414.772524 3530.655699 3714.577956 3811.569820 3855.792943 3888.952540 3945.126951 3971.171819 4003.572591 3998.874291 4011.340153 4021.653949 4027.127175 4032.284074 4037.792195 4048.225445 4058.116145 4068.579566 4065.758643 4056.964485 4036.210536 4010.134815 3989.827181 3979.204609 3969.780162 3982.093284 3994.726959 3989.026926 3982.079687 3969.358886 3953.072835 3940.502630 3926.192066 3922.742643 3922.624552 3923.250049 3920.970006 3918.568441 3906.122904 3893.865272 3884.076825 3880.129842 3874.517892 3871.037012 3861.263668 3850.692560
-9999.0 -9999.0 2524.898904 2627.935116 2727.789179 2836.426692 2916.479273 2921.578844 3050.998606 3150.843624 3257.699114 3369.461127 3467.168681 3536.193052 3568.282773 3630.754658 3688.227081 3706.989812 3748.837944 3804.690810 3839.731568 3880.102329 3903.598457 3912.959055 3925.468842 3940.071921 3947.497757 3932.036279 3920.735743 3903.597444 3879.992955 3853.040495 3839.398846 3839.143766 3837.961320 3839.246391 3831.484428 3822.561211 3808.070586 3794.238129 3782.081256 3773.326459 3769.772819 3764.042972 3761.679704 3758.963451 3757.361808 3752.347523 3744.289718 3739.917318 3731.725960 3728.155049 3727.510641 3724.703329 3719.202739
