tests/Borden05m/data_simulated/sim_1/output-maps/psiliqL0010N0002.asc
ncols         160
nrows         34
xllcorner     620200.000000
yllcorner     5168000.000000
cellsize      0.500000
NODATA_value  -9999.0
[rows 0 to 25 of 34, columns 0 to 56 of 160]
-9999.0 -9999.0 -9999.0 -9999.0 -9999.0 -9999.0 -9999.0 -9999.0 -9999.0 -9999.0 -9999.0 -9999.0 -9999.0 -9999.0 -9999.0 -9999.0 -9999.0 -9999.0 -9999.0 -9999.0 -9999.0 -9999.0 -9999.0 -9999.0 -9999.0 -9999.0 -9999.0 -9999.0 -9999.0 -9999.0 -9999.0 -9999.0 -9999.0 -9999.0 -9999.0 -9999.0 -9999.0 -9999.0 -9999.0 -9999.0 -9999.0 -9999.0 -9999.0 -9999.0 -9999.0 -9999.0 -9999.0 -9999.0 -9999.0 -9999.0 -9999.0 -9999.0 -9999.0 -9999.0 -9999.0 -9999.0 -9999.0
-9999.0 -9999.0 -9999.0 -9999.0 -9999.0 -9999.0 -9999.0 -9999.0 -9999.0 -9999.0 -9999.0 -9999.0 -9999.0 -9999.0 -9999.0 -9999.0 -9999.0 -9999.0 -9999.0 -9999.0 -9999.0 -9999.0 -9999.0 -9999.0 -9999.0 -9999.0 -9999.0 -9999.0 -9999.0 -9999.0 -9999.0 -9999.0 -9999.0 -9999.0 -9999.0 -9999.0 -9999.0 -9999.0 -9999.0 -9999.0 -9999.0 -9999.0 -9999.0 -9999.0 -9999.0 -9999.0 -9999.0 -9999.0 -9999.0 -9999.0 -9999.0 -9999.0 -9999.0 -9999.0 -9999.0 -9999.0 -9999.0
-9999.0 -9999.0 -9999.0 -9999.0 -9999.0 -9999.0 -9999.0 -9999.0 -9999.0 -9999.0 -9999.0 -9999.0 -9999.0 -9999.0 -9999.0 -9999.0 -9999.0 -9999.0 -9999.0 -9999.0 -9999.0 -9999.0 -9999.0 -9999.0 -9999.0 -9999.0 -9999.0 -9999.0 -9999.0 -9999.0 -9999.0 -9999.0 -9999.0 -9999.0 -9999.0 -9999.0 -9999.0 -9999.0 -9999.0 -9999.0 -9999.0 -9999.0 -9999.0 -9999.0 -9999.0 -9999.0 -9999.0 80.391599 62.906126 46.419127 44.364989 66.857142 89.919512 113.303445 133.512194 151.879000 170.617157
-9999.0 -9999.0 -9999.0 -9999.0 -9999.0 -9999.0 -9999.0 -9999.0 -9999.0 -9999.0 -9999.0 -9999.0 -9999.0 -9999.0 -9999.0 -9999.0 -9999.0 -9999.0 -9999.0 -9999.0 -9999.0 -9999.0 -9999.0 -9999.0 -9999.0 -9999.0 -9999.0 -9999.0 -9999.0 -9999.0 -9999.0 -9999.0 -9999.0 -9999.0 -9999.0 -9999.0 -9999.0 -9999.0 -9999.0 -9999.0 128.185869 133.963684 135.309706 124.430356 113.006445 100.948155 80.961240 63.126014 47.694420 44.781658 47.187402 52.469557 75.085739 99.134869 118.337217 135.317881 154.229782
-9999.0 -9999.0 -9999.0 -9999.0 -9999.0 -9999.0 -9999.0 -9999.0 -9999.0 -9999.0 -9999.0 -9999.0 -9999.0 -9999.0 -9999.0 -9999.0 -9999.0 -9999.0 -9999.0 -9999.0 -9999.0 -9999.0 -9999.0 -9999.0 -9999.0 -9999.0 -9999.0 -9999.0 -9999.0 -9999.0 -9999.0 -9999.0 -9999.0 -9999.0 37.017426 54.395426 72.237147 90.273356 106.617165 113.047318 118.799701 124.440230 120.222368 115.263108 103.753112 84.856856 65.069688 50.804252 48.142420 45.358293 49.472672 62.234052 78.593857 94.597416 115.165886 138.051530 146.936489
-9999.0 -9999.0 -9999.0 -9999.0 -9999.0 -9999.0 -9999.0 -9999.0 -9999.0 -9999.0 -9999.0 -9999.0 -9999.0 -9999.0 -9999.0 -9999.0 -9999.0 -9999.0 -9999.0 -9999.0 -9999.0 -9999.0 -9999.0 -9999.0 -9999.0 -9999.0 -9999.0 -9999.0 42.381454 36.326971 30.979989 29.223929 27.653510 26.216382 32.943016 44.974482 62.922264 84.127957 96.636117 103.509625 109.812635 110.357044 105.238478 102.846026 102.806043 90.849925 78.982471 67.852352 57.111478 55.535729 64.781535 78.329670 93.979531 108.335740 123.232090 135.124938 150.802348
-9999.0 -9999.0 -9999.0 -9999.0 -9999.0 -9999.0 -9999.0 -9999.0 -9999.0 -9999.0 -9999.0 -9999.0 -9999.0 -9999.0 -9999.0 -9999.0 -9999.0 -9999.0 -9999.0 -9999.0 -9999.0 -9999.0 -9999.0 13.657597 19.524181 25.818746 32.956863 33.608476 29.174503 23.277798 19.857426 18.002015 16.078643 20.169225 28.179104 41.521719 57.054792 78.342671 86.560089 92.691060 104.735901 106.764616 111.444059 115.101701 112.953453 109.899077 97.482751 88.219221 93.432124 99.159288 105.257292 112.428201 125.071470 140.150093 157.293363 177.300360 198.378251
-9999.0 -9999.0 -9999.0 -9999.0 -9999.0 -9999.0 -9999.0 -9999.0 -9999.0 -9999.0 -9999.0 -9999.0 -9999.0 -9999.0 -9999.0 -9999.0 -9999.0 -9999.0 -9999.0 -10.768570 -10.061666 -9.215063 -4.825841 -4.064163 -2.057937 4.697896 12.565974 14.430137 12.525472 10.606821 11.802310 14.117380 17.965045 29.031528 42.482527 56.230128 69.881620 90.293847 104.611488 118.036978 133.719997 132.101178 127.320138 124.792322 124.797857 124.885165 130.002114 133.055597 138.528046 143.657906 150.061556 158.619811 169.098225 186.961274 206.532823 226.107196 244.419550
-9999.0 -9999.0 -9999.0 -9999.0 -9999.0 -9999.0 -9999.0 -9999.0 -9999.0 -9999.0 -9999.0 -9999.0 -9999.0 -9999.0 -9999.0 -9999.0 -38.849023 -37.153765 -35.240285 -30.083497 -27.732291 -24.035328 -17.435197 -16.617617 -13.075889 -6.286701 -1.654526 6.570196 14.076660 21.017074 26.546274 28.804742 36.027777 45.244046 56.688408 71.777369 93.084321 115.357890 131.121702 147.312942 163.663095 163.550051 161.889637 162.504214 162.777821 169.880140 187.483795 193.212562 195.652038 213.451211 227.349179 232.344728 239.329403 257.136765 280.206546 304.921239 335.336201
-9999.0 -9999.0 -9999.0 -9999.0 -9999.0 -9999.0 -9999.0 -9999.0 -9999.0 -9999.0 -9999.0 -9999.0 -9999.0 -83.282469 -79.293318 -70.265477 -62.072253 -60.038830 -56.328960 -50.851143 -38.995871 -35.789538 -29.911718 -22.652399 -11.520619 -3.389991 5.411250 16.773956 24.787886 31.540427 38.166337 44.047319 57.172428 72.049444 87.450973 107.186548 128.318176 148.659129 168.984480 183.673834 197.172330 199.752355 197.690475 199.103434 206.767066 224.377197 243.139023 254.420999 274.966256 298.476962 312.742354 325.498463 334.414162 346.866929 367.157459 402.291829 438.959673
-9999.0 -9999.0 -9999.0 -9999.0 -9999.0 -9999.0 -9999.0 -9999.0 -9999.0 -9999.0 -117.434313 -115.061388 -118.727073 -118.431058 -113.976393 -102.382272 -89.428588 -82.944306 -72.023177 -51.788433 -34.908737 -31.819134 -17.476083 -7.910690 -1.753764 8.441472 21.117043 33.610540 50.325678 62.462447 74.353929 94.249639 110.175284 126.021832 143.098356 162.332816 182.379715 211.398124 238.047151 251.351597 274.514602 287.382468 284.006400 283.826625 291.810252 309.029826 332.456372 358.917677 382.545635 410.293585 431.638990 447.643671 459.488740 472.668980 488.808595 522.738206 564.876947
-9999.0 -9999.0 -9999.0 -9999.0 -9999.0 -9999.0 -9999.0 -9999.0 -141.201624 -134.451505 -128.422427 -131.706539 -136.678385 -140.387264 -127.589291 -112.178892 -96.636094 -79.933390 -64.419548 -46.955157 -31.864701 -15.818442 3.087373 14.369776 25.670758 40.361915 53.543056 70.778272 91.587279 105.278797 123.184636 144.326577 162.968908 180.344275 198.190230 215.848277 243.310940 276.875058 308.886300 333.150544 361.156124 385.663076 386.076789 389.469986 394.735956 421.803691 453.690443 487.122065 517.805634 550.716502 585.438112 606.880867 620.158200 634.353234 651.100551 670.518267 701.688430
-9999.0 -9999.0 -9999.0 -9999.0 -9999.0 -9999.0 -166.774367 -142.875044 -128.367952 -136.468348 -145.305724 -149.027520 -152.990225 -133.228482 -112.227914 -95.784217 -79.548500 -62.653817 -46.802070 -32.960864 1.341868 17.464600 31.707229 50.494419 64.073120 77.694660 94.556505 117.617217 139.927676 171.302907 199.535323 225.019342 250.901625 270.212158 288.508870 307.354135 339.000977 376.547861 413.702151 444.601017 473.712755 504.747349 514.792031 522.106867 532.059559 554.427380 589.582909 625.682740 666.485733 707.049902 742.238177 761.041792 775.016707 787.832068 801.954936 816.063941 833.293068
-9999.0 -9999.0 -9999.0 -9999.0 -199.657729 -178.938995 -158.784610 -128.316027 -106.102948 -111.794979 -105.035189 -104.987998 -106.827958 -104.513674 -98.997924 -81.592246 -64.217720 -46.675398 -28.680154 7.884530 49.521126 65.290391 90.875243 122.416114 135.789768 150.242440 165.425321 188.038824 216.332824 250.587641 296.301269 335.160381 361.389857 384.585743 405.800461 429.290434 463.185121 501.953439 541.271714 580.011570 615.363432 644.271155 660.812818 671.156684 686.034862 706.891785 735.398304 770.426857 807.084757 844.807156 876.127533 895.185981 905.441404 916.169414 926.572017 938.695947 951.390774
-9999.0 -9999.0 -9999.0 -246.855031 -208.544374 -171.782468 -144.725630 -114.186025 -82.947127 -77.419642 -69.472380 -63.851684 -58.129691 -49.796018 -40.610559 -24.674321 -10.692534 2.155580 22.771555 58.876650 94.190689 126.603307 158.411141 187.461051 209.416834 224.876217 241.880181 265.841808 305.418881 344.596345 395.756770 449.694850 488.102911 514.439175 537.421656 566.607568 594.727535 633.671512 673.819464 714.609724 755.015995 785.464700 807.672551 817.338249 828.406121 841.110892 863.359950 889.578605 914.244007 944.091726 973.299516 996.963816 1010.198707 1018.808683 1032.863874 1046.818622 1058.081915
-9999.0 -9999.0 -293.207090 -256.273717 -221.426402 -170.324786 -118.139756 -84.980112 -44.694257 -20.349742 -13.817034 3.929588 20.159928 27.805456 43.937103 60.801248 74.666755 78.388665 91.571605 125.394886 177.568389 225.229185 254.139449 308.288027 341.419987 365.813512 380.983309 406.809197 440.888931 485.673890 537.611879 590.559231 633.154677 668.039394 688.166783 712.496332 742.356088 770.321935 807.255580 841.881332 877.238168 905.784807 928.296847 936.873557 942.755183 959.011645 983.052949 1008.071207 1031.239697 1052.740615 1063.307025 1070.781967 1074.406695 1076.473115 1079.103611 1081.064810 1082.466575
-9999.0 -9999.0 -318.483021 -274.491308 -232.381828 -163.266951 -87.268190 -50.248056 -7.813574 36.166895 54.470909 77.656390 94.276215 109.619777 132.871559 156.068599 162.676527 166.576919 165.898294 220.186401 278.492780 337.809019 400.351198 463.844969 507.163143 521.187643 532.389316 554.174249 582.076301 629.668825 685.539083 743.949971 791.835630 825.063813 844.086281 865.069084 889.267082 910.238635 930.351311 967.596073 992.719856 1016.354273 1040.067218 1058.689722 1066.659324 1069.891820 1065.819663 1072.807372 1077.967969 1080.940616 1082.552580 1080.296082 1080.206516 1081.215166 1082.594737 1078.430125 1073.121029
-9999.0 -405.135397 -353.385551 -299.521266 -229.416622 -160.676983 -75.482024 4.653366 55.592096 98.197559 125.965535 142.980467 191.399199 238.203025 264.582481 293.169742 293.193268 294.175578 286.023468 330.782475 384.934463 470.331687 587.173761 647.548524 689.249555 696.572343 696.800266 715.556921 744.427332 788.352972 853.097601 899.639345 948.293787 984.393479 998.897645 1006.540350 1024.625809 1044.425684 1046.818944 1061.697386 1068.959411 1074.707536 1074.595389 1076.183478 1077.827403 1079.412612 1078.119025 1073.975615 1068.404330 1064.774022 1062.252780 1058.719412 1061.584288 1065.045170 1066.464701 1060.604450 1054.182405
-9999.0 -439.377834 -379.338296 -307.098066 -235.364343 -160.165571 -49.951821 81.231098 128.428559 162.292448 188.990341 227.636528 311.568760 379.454319 417.443011 461.089604 459.431352 450.432833 446.741660 482.868634 537.892312 617.068176 754.318322 841.301139 863.995334 879.365763 891.401085 919.237961 953.357820 984.762680 1012.534003 1024.696684 1041.992012 1050.894564 1055.013413 1058.224547 1062.561192 1064.859309 1064.259242 1062.486106 1059.492167 1060.702130 1065.102044 1065.702289 1064.289105 1063.070981 1059.666565 1054.353289 1050.893236 1048.099353 1046.620131 1044.303707 1043.048922 1043.338424 1039.512387 1034.552796 1026.571717
-9999.0 -464.505825 -395.082260 -329.933053 -257.963125 -135.168536 -12.963916 115.890334 203.625182 239.333281 278.617872 360.758639 462.586555 558.731616 614.474401 645.005099 657.466875 649.931841 666.127915 712.955231 775.823194 856.761224 931.072486 998.787249 1013.220391 1019.602395 1012.771378 1024.080527 1034.067291 1038.046538 1041.132057 1044.149721 1050.597110 1054.573585 1055.140283 1054.363296 1051.932144 1046.308327 1043.177606 1041.499925 1039.200011 1039.567439 1042.664462 1044.053763 1042.667815 1040.415645 1037.820587 1034.230469 1030.242976 1025.431533 1022.697581 1019.103272 1016.507999 1011.181757 1005.938585 999.681012 986.327741
-9999.0 -553.721905 -469.161409 -408.645016 -277.819414 -111.271884 11.967452 162.602989 296.399664 339.696115 425.386798 539.794995 648.767177 731.870437 785.353404 834.229104 866.899946 894.650447 929.674644 919.749431 965.173841 1004.887184 1021.876310 1031.195347 1031.361638 1035.415591 1031.797993 1017.356408 1010.766233 1006.897169 1010.509215 1018.951448 1025.548047 1032.053569 1031.186339 1032.697509 1033.537219 1031.260100 1028.738526 1021.473438 1014.198805 1008.724620 1007.301542 1012.749855 1008.554527 1006.380572 1002.253296 996.456232 989.927900 983.731388 976.853490 969.599292 964.762845 956.431695 952.076287 941.950775 913.038596
-9999.0 -634.413968 -556.015484 -454.549922 -305.576720 -142.537695 -0.489462 167.333278 357.132814 461.558656 569.255387 640.435782 729.142927 811.834480 887.311470 934.282341 959.473578 970.476800 970.210410 977.637962 951.752927 947.326008 964.080649 988.307773 1000.262402 1005.894720 1000.337186 992.732201 988.612237 989.632985 989.998118 990.278994 990.080375 989.071797 986.676471 988.739496 993.344990 988.132071 980.285201 971.610456 962.735986 953.053737 946.652586 943.274916 941.831023 942.055177 935.800440 926.897949 917.722379 910.272961 902.075346 893.974166 887.103047 876.461865 863.525023 846.625145 813.899983
-9999.0 -723.384054 -607.389691 -506.102940 -373.107432 -233.811789 -99.477094 66.623317 219.721793 425.378342 590.117932 668.636885 720.061037 787.531632 861.003090 928.389348 938.814171 914.304974 889.519167 877.780722 882.076674 891.606661 905.102549 924.776083 941.587386 951.865719 954.728652 948.640752 936.721338 929.143796 924.221898 916.106301 910.243205 909.862230 909.779709 915.851623 918.350476 908.944494 894.938107 876.027155 857.148144 842.380915 836.424952 835.983455 835.159942 831.649457 824.608550 814.348478 801.910887 789.999400 780.547034 771.347045 758.709247 741.722926 723.833596 705.187878 673.233620
-9999.0 -9999.0 -677.914105 -565.900983 -451.596237 -324.274072 -198.680125 -46.413687 105.141648 286.946950 403.168697 515.037074 585.069595 641.604643 707.202490 765.907754 784.708652 801.104820 782.565558 785.163730 790.623585 796.280922 806.577100 819.657890 834.382114 845.846685 853.910323 852.055312 841.966321 824.720775 805.210818 790.600910 782.121095 776.011848 784.249536 794.826619 792.141451 784.272774 769.664844 748.497639 727.252162 707.225190 699.662325 698.387389 697.435913 693.644274 687.708697 673.891450 659.850879 646.265615 638.704049 629.945877 620.328436 605.023450 589.225901 572.333045 545.920587
-9999.0 -9999.0 -760.226417 -649.393367 -529.526557 -403.886412 -297.329538 -197.436986 -40.712652 77.637450 177.366390 268.321857 344.847742 408.003701 458.991397 520.921706 556.656773 571.610830 583.581703 603.589014 625.368973 648.013692 664.246437 678.645731 694.759895 709.815786 720.059511 708.349869 694.866042 675.673930 653.079482 629.920977 617.797924 612.919593 616.224889 622.395563 616.835372 605.881085 589.330092 569.479013 551.719076 535.952538 529.480683 525.727603 524.135828 520.811148 516.802744 506.919377 494.435840 485.416314 476.578937 469.033730 464.027453 454.883743 443.599814 435.356071 416.575590
-9999.0 -9999.0 -9999.0 -720.095079 -623.282213 -540.575476 -443.656209 -370.304534 -280.290525 -168.823684 -65.722071 35.829943 100.274621 153.545897 206.249375 256.182063 293.437270 316.989726 338.632883 390.592320 422.334596 460.390948 494.222667 511.538919 527.864938 544.553431 548.863119 539.414193 528.532559 511.579212 487.639018 464.280906 452.370995 454.177318 453.284078 453.920793 447.800169 442.482672 430.602922 416.434899 401.594700 391.551556 386.354364 380.931642 377.031494 372.883781 368.915245 362.856682 354.524698 345.546442 338.922996 335.701591 331.592140 326.493075 319.295223 311.286120 300.506212
