tests/Borden05m/data_simulated/sim_1/output-maps/psiliqL0021N0008.asc
ncols         160
nrows         34
xllcorner     620200.000000
yllcorner     5168000.000000
cellsize      0.500000
NODATA_value  -9999.0
[rows 0 to 24 of 34, columns 55 to 109 of 160]
-9999.0 -9999.0 -9999.0 -9999.0 -9999.0 -9999.0 -9999.0 -9999.0 -9999.0 -9999.0 -9999.0 -9999.0 -9999.0 -9999.0 -9999.0 -9999.0 -9999.0 -9999.0 -9999.0 -9999.0 -9999.0 -9999.0 -9999.0 -9999.0 -9999.0 -9999.0 -9999.0 -9999.0 -9999.0 -9999.0 -9999.0 -9999.0 -9999.0 -9999.0 -9999.0 -9999.0 -9999.0 -9999.0 -9999.0 -9999.0 -9999.0 -9999.0 -9999.0 -9999.0 -9999.0 -9999.0 -9999.0 -9999.0 -9999.0 -9999.0 -9999.0 -9999.0 -9999.0 -9999.0 -9999.0
-9999.0 -9999.0 -9999.0 -9999.0 2442.255124 2437.084669 2432.537294 2428.464467 2420.634803 2412.043253 2404.666430 2401.264666 2400.901959 2400.797128 2400.981931 2406.714258 2415.456573 2423.743549 2431.311249 2434.184441 2437.163385 2439.825139 2440.854805 2440.411947 2437.962066 2435.573531 2432.817548 2431.723566 2424.553810 2413.715823 2405.512576 2402.998698 2407.369398 2411.778386 2414.226941 2419.538507 2429.799489 2440.033228 2447.736602 2459.171601 2464.876314 2469.245173 2471.038828 2466.047247 2461.754315 2457.077061 2450.813933 2439.420958 -9999.0 -9999.0 -9999.0 -9999.0 -9999.0 -9999.0 -9999.0
2388.124379 2407.292063 2428.204719 2431.583337 2419.901426 2415.107132 2412.333867 2411.061044 2407.168325 2399.271012 2394.794045 2390.044871 2388.392905 2389.133009 2389.822857 2394.412249 2405.699190 2414.282209 2419.617526 2422.940546 2426.366491 2425.975643 2426.014227 2426.484589 2424.300100 2421.469360 2418.682350 2417.393709 2418.924734 2411.718886 2406.212860 2402.691649 2400.315657 2402.956511 2405.548259 2409.584230 2418.649132 2426.277471 2433.757992 2447.648700 2459.674731 2464.277054 2460.749754 2454.958781 2450.123733 2442.156007 2431.238706 2420.719637 2412.014444 2404.892885 2398.484584 2391.203924 2396.263145 2402.454312 2410.853765
2373.697467 2393.591630 2414.536879 2417.639080 2407.421478 2399.884427 2394.281249 2395.304555 2399.122955 2396.515895 2392.521540 2386.530953 2396.629061 2398.457720 2400.095066 2404.135917 2407.353675 2412.494507 2415.769151 2421.808859 2431.413116 2434.884497 2436.119056 2436.983898 2435.819331 2433.318630 2432.067440 2429.869922 2425.119435 2423.987171 2424.172546 2423.468817 2427.954976 2429.387836 2431.941460 2425.949635 2429.852270 2435.748536 2442.122978 2447.524576 2453.111407 2455.234183 2450.841107 2449.644542 2439.991787 2425.211570 2414.000966 2405.320890 2403.910564 2399.839871 2390.782037 2376.193581 2382.733069 2397.331421 2400.814311
2381.931279 2391.741126 2403.427792 2406.730992 2402.277270 2404.774196 2407.180280 2409.251148 2408.306008 2405.814993 2403.191920 2415.169681 2424.525688 2426.823985 2430.251966 2434.960653 2436.293989 2425.899518 2424.493744 2432.840450 2443.324418 2449.461730 2450.507930 2451.139041 2448.952186 2448.668025 2449.138433 2447.842126 2448.348622 2450.651586 2449.443571 2453.246048 2458.976042 2462.546453 2455.971529 2447.153708 2448.721301 2456.769102 2465.617294 2472.666333 2482.212563 2492.118110 2490.606311 2484.224278 2473.985521 2459.553848 2435.153499 2415.591719 2403.257972 2394.178819 2385.562583 2385.951744 2380.406074 2391.785037 2392.141476
2377.621254 2397.777389 2418.972380 2426.398350 2421.253078 2417.863032 2416.930075 2418.526818 2418.948344 2421.360974 2432.483086 2446.042935 2460.035068 2463.377465 2466.331252 2466.063840 2458.305591 2448.754388 2446.495668 2461.256259 2479.283807 2488.381159 2489.380514 2487.522434 2493.132100 2493.676678 2494.220831 2491.056926 2492.914469 2492.480816 2499.968923 2507.856031 2515.628336 2514.217114 2501.889119 2489.830857 2489.101512 2493.356182 2498.641971 2505.117985 2514.379844 2522.496352 2516.106167 2508.516526 2498.325713 2469.604559 2442.812872 2425.882710 2424.215201 2422.962359 2416.772530 2412.646766 2409.145524 2402.294814 2400.695434
2424.124018 2445.318062 2467.178270 2482.431615 2477.539866 2470.949821 2462.963558 2464.427241 2466.978623 2474.828078 2487.347562 2503.039529 2526.810808 2528.622209 2530.977728 2531.897919 2520.613145 2508.707000 2499.247985 2520.652169 2532.504446 2541.182307 2541.435963 2549.633999 2559.986498 2557.219936 2551.329530 2540.883470 2547.471327 2556.549239 2572.018074 2579.713896 2584.515959 2581.236025 2568.426619 2562.076433 2562.430592 2567.069671 2566.493992 2572.861283 2581.172035 2594.745769 2592.050761 2584.622457 2561.726823 2522.802160 2489.148929 2470.758202 2478.153295 2469.821662 2460.514541 2456.911210 2442.759232 2432.237844 2432.063543
2473.410691 2490.286578 2508.818562 2527.119057 2521.057369 2512.004835 2498.066374 2497.250266 2504.003858 2515.414346 2534.736245 2555.754456 2578.246004 2581.675872 2579.695964 2589.557770 2584.471794 2575.363769 2568.617303 2587.013819 2598.860762 2610.082754 2618.590268 2632.675747 2644.942599 2632.496940 2618.631126 2611.291806 2618.360667 2642.142421 2662.843468 2667.952089 2667.871530 2668.283898 2655.418062 2650.032246 2645.720717 2643.902902 2639.716438 2636.312152 2657.715165 2675.728218 2673.077510 2648.797796 2623.492639 2583.786089 2543.896580 2514.022796 2519.352744 2513.877489 2513.163924 2498.893832 2483.420978 2470.191548 2461.880367
2546.019535 2572.138622 2591.512200 2613.568822 2609.594143 2590.451969 2579.045157 2583.818352 2598.297875 2607.300784 2625.762915 2646.657972 2675.472481 2692.106700 2707.471132 2714.404512 2706.139672 2698.129142 2686.692494 2690.267933 2712.934817 2728.572369 2739.920573 2751.022650 2765.192676 2769.052947 2765.101891 2764.841960 2769.552402 2780.999026 2793.605752 2800.499916 2804.195709 2805.337439 2795.574215 2784.291293 2783.399505 2777.109820 2773.548952 2771.478207 2778.347740 2793.571122 2788.788426 2753.974154 2724.104600 2685.256850 2645.192815 2612.680008 2599.631128 2611.123165 2603.811934 2584.628719 2568.285600 2536.563495 2524.371167
2636.794792 2672.269808 2699.336335 2715.249737 2726.914254 2717.635540 2718.420086 2723.850091 2733.100716 2738.274130 2746.459128 2779.541338 2812.105847 2839.291423 2863.549752 2872.502293 2861.651816 2852.719167 2840.866959 2833.109599 2843.042348 2861.321474 2880.551794 2897.564923 2910.479239 2914.559552 2914.213652 2915.377282 2918.948164 2922.386171 2926.527943 2934.385053 2942.197363 2810.077709 2816.699617 2810.593483 2935.799460 2925.423976 2914.458065 2911.526708 2910.824650 2911.024429 2909.641037 2893.979691 2853.353484 2820.186754 2788.038871 2762.698380 2743.740107 2734.996044 2710.997703 2685.018765 2633.494961 2593.412977 2558.362888
2747.772417 2792.534955 2821.690385 2843.237231 2858.548664 2859.275750 2862.668244 2865.589276 2871.405852 2876.127812 2881.703434 2907.722159 2812.724038 2848.355526 2878.704214 2879.976388 2867.838060 2856.883458 2847.352594 2834.441917 2830.790966 2841.669757 2855.516951 2874.246790 2885.065146 2892.460286 2889.672667 2890.052020 2891.924696 2893.701272 2895.712444 2898.770490 2907.459426 2918.841784 2932.077373 2931.985803 2917.729724 2900.790749 2884.438165 2880.321561 2876.638320 2871.440192 2872.978883 2874.414882 2861.739413 2835.491631 2939.303159 2895.961621 2872.941826 2852.608145 2837.845561 2820.820320 2782.977534 2716.696557 2677.855042
2879.684516 2913.463683 2807.216053 2834.727326 2850.692888 2854.751121 2853.144982 2852.974798 2859.969706 2863.861703 2870.965646 2886.810450 2913.175578 2945.933250 2974.294778 2990.203430 2983.845073 2967.892556 2947.580270 2939.497794 2937.244435 2940.337978 2948.839409 2959.992117 2978.042487 2995.917921 2980.983788 2981.816226 2999.794931 2981.504102 2982.392049 2982.475827 2984.717372 2991.831885 3000.680633 3003.771210 2997.644368 2999.568117 2977.664633 2965.352626 2958.171026 2954.404790 2954.335614 2958.072790 2959.964839 2946.385236 2916.495402 2874.738229 2843.886475 2826.587564 2815.475418 2945.070424 2930.254568 2898.756583 2875.781668
2854.081588 2868.710289 2893.243761 2920.935463 2943.355626 2958.443081 2959.985005 2963.810590 2968.488084 2976.571365 2991.415442 2992.030550 3008.526767 3028.889773 3053.374600 3068.174986 3073.484912 3072.473667 3069.381663 3070.775705 3071.061729 3020.785410 3025.932492 3031.045649 3044.749984 3057.609011 3061.678684 3062.194418 3060.652029 3061.733126 3062.340513 3062.322614 3061.966244 3063.492228 3067.561009 3069.115157 3067.203981 3057.174435 3070.271104 3051.416475 3038.599857 3030.737662 3022.790622 3014.574969 3005.286545 2996.236316 2999.331353 2970.372484 2936.788518 2914.148263 2905.258337 2901.688089 2893.893044 2888.284555 2872.014641
2950.699517 2961.541742 2978.765255 3000.169145 3009.597808 3030.643813 3041.475025 3050.311183 3054.860864 3068.029331 3083.347582 3070.487222 3077.155803 3084.067450 3090.932925 3093.289798 3093.963369 3093.650258 3091.328115 3090.704771 3088.559105 3084.718666 3074.634728 3076.203765 3077.996562 3080.568769 3084.211825 3083.035220 3084.084438 3087.014008 3085.355608 3079.536288 3075.652396 3074.088602 3074.901412 3082.203140 3085.554781 3086.457237 3083.901923 3083.065838 3082.267181 3079.534704 3076.120539 3071.305026 3065.142609 3076.085170 3065.397176 3039.339400 3002.596771 2986.526529 2977.216486 2977.041851 2977.107022 2975.106157 2969.374102
3046.154093 3058.984909 3072.921176 3057.165076 3074.600441 3083.781869 3088.080366 3091.619278 3094.227974 3096.635216 3093.551073 3090.406402 3085.624084 3084.185312 3082.872838 3080.472542 3081.113617 3079.225420 3075.249885 3071.430335 3064.054622 3052.852716 3041.682307 3038.493315 3042.888088 3048.284758 3053.135213 3057.138273 3060.707574 3061.083798 3055.904423 3047.745914 3040.424310 3038.698657 3045.403499 3051.054512 3057.115731 3057.919474 3056.547733 3054.246277 3054.171705 3051.206050 3051.518594 3058.338838 3072.471676 3076.182472 3080.926741 3080.244944 3066.872631 3043.173689 3048.436476 3028.922330 3034.234900 3029.842299 3018.764178
3085.449921 3087.688614 3086.387600 3085.072225 3078.885216 3072.975422 3072.246204 3076.212638 3083.167243 3084.320410 3077.368860 3069.004738 3061.981188 3054.888776 3052.691020 3051.943398 3051.598373 3052.000783 3046.785075 3038.105735 3022.355153 3010.909434 2999.884137 2993.969465 2990.846002 2994.801123 3005.498080 3016.725147 3021.595866 3013.227414 3005.182540 2993.859917 2985.870301 2986.262357 2987.703484 2996.973027 3012.722312 3019.204487 3019.939553 3013.948908 3008.144906 3001.755466 2999.020749 3005.485880 3020.468759 3035.946834 3050.687235 3059.364892 3066.841376 3073.651822 3073.810216 3076.006134 3077.215509 3075.498345 3077.112349
3079.424888 3072.657546 3065.905798 3060.788811 3054.392806 3049.063923 3047.346194 3049.461619 3051.779423 3048.038510 3041.699417 3032.371265 3021.595649 3012.078325 3005.088450 3006.101925 3008.440949 3009.919394 3003.079177 2988.790456 2992.872034 2979.753423 2965.945543 2961.955805 2956.370811 2949.831324 2959.965661 2978.630188 2985.535522 2970.418895 2959.988691 2945.294696 2938.587191 2935.012309 2936.132817 2945.268620 2966.858744 2989.359656 2991.297881 2981.001069 2970.825425 2966.272503 2963.454234 2968.764897 2985.586267 2982.641452 2997.432588 3007.342648 3012.618509 3020.359285 3029.631283 3042.475588 3056.538258 3068.273574 3074.122734
3055.055288 3047.413194 3039.884606 3032.444345 3025.702614 3020.260169 3016.140285 3014.251699 3010.891536 3005.026275 2998.769960 3002.680756 2990.607454 2977.961812 2963.431362 2959.613445 2955.364986 2956.574318 2945.233944 2936.613188 2920.117472 2904.936919 2891.929057 2879.555955 2873.753060 2867.286674 2867.413489 2881.371290 2889.901677 2879.237094 2869.443992 2858.227046 2853.302869 2850.085958 2852.483762 2862.957083 2883.378277 2901.872878 2909.936202 2902.618107 2900.264054 2896.977476 2895.622023 2901.762763 2913.662656 2931.636225 2953.407523 2971.340259 2981.100883 2988.328747 2997.566515 2988.031946 3001.226003 3015.140065 3032.510766
3025.026595 3016.554262 3006.919303 2997.552554 2987.964930 3000.914996 2994.755993 2996.758581 2990.384226 2984.339465 2963.982776 2912.396956 2894.991929 2876.390580 2860.448659 2854.002153 2845.885147 2832.378899 2823.608641 2818.501599 2817.919100 2806.140723 2928.201435 2910.207328 2904.257175 2899.503783 2883.896257 2881.466167 2882.285604 2894.434883 2888.152381 2885.964648 2887.404533 2886.130034 2889.468104 2904.185744 2915.105613 2924.137501 2932.978922 2938.254162 2949.973060 2807.346006 2812.920580 2829.553311 2841.180876 2857.124046 2877.705578 2899.850852 2914.530155 2924.065801 2934.624145 2949.514824 2965.775530 2983.339001 3005.280678
2992.233676 2999.963480 2986.021736 2971.840507 2959.222859 2946.972194 2932.064780 2933.510019 2930.829647 2921.094326 2873.058194 2834.575304 2943.902790 2923.546201 2897.200209 2881.012335 2862.886114 2825.835894 2807.555666 2803.985113 2814.811966 2809.133563 2795.555342 2782.706635 2772.889253 2763.434263 2746.332047 2729.890263 2735.019155 2751.348358 2750.796397 2753.091941 2760.593017 2760.817172 2756.543846 2758.025864 2772.645864 2780.985032 2793.983857 2812.112366 2819.154517 2834.073641 2868.444518 2885.084857 2903.937204 2926.754536 2951.046859 2818.827487 2837.890449 2851.708384 2866.723099 2882.486293 2899.117444 2919.492929 2942.205474
2965.433119 2936.187000 2915.793302 2898.830011 2882.958913 2858.058501 2837.933595 2835.592110 2829.160359 2805.615656 2888.347606 2848.113926 2821.963854 2797.222459 2770.682277 2744.948518 2705.341151 2669.441349 2646.438227 2657.681014 2666.658577 2674.306631 2661.865708 2649.962691 2639.484364 2621.964811 2604.869933 2589.323013 2599.179522 2607.612781 2623.533765 2629.831545 2634.393562 2640.279659 2640.202938 2632.844363 2632.528393 2642.697955 2654.783985 2668.599437 2690.176984 2728.899641 2757.018632 2778.493297 2802.899540 2826.529674 2852.202399 2877.239505 2903.716273 2924.727641 2946.748480 2810.435051 2828.545688 2848.184755 2871.604716
2891.009258 2863.194469 2837.024828 2816.879707 2927.243809 2879.604514 2860.391607 2847.251097 2824.151632 2776.665263 2733.628685 2703.151696 2684.299763 2657.894128 2633.284419 2602.347988 2568.041479 2543.500073 2521.690926 2529.755451 2538.077002 2554.791056 2544.555384 2535.889368 2531.324869 2515.515892 2501.486687 2485.177558 2491.520610 2502.894927 2524.640193 2530.472713 2535.039567 2544.605500 2544.898134 2542.246240 2528.762604 2537.752224 2550.338590 2566.932434 2598.909597 2623.500547 2648.962372 2673.650154 2696.789224 2725.269965 2752.453469 2779.821948 2810.738452 2834.808212 2857.809123 2881.175968 2904.567183 2924.148440 2945.231407
2924.155397 2897.099813 2873.538779 2846.064919 2803.605455 2755.965425 2710.501578 2683.261997 2631.741494 2593.819997 2566.820649 2559.418549 2543.219816 2520.145010 2497.936492 2475.107543 2450.517622 2429.312682 2403.383913 2407.263710 2421.225534 2436.657842 2435.369953 2434.499393 2432.043615 2421.736674 2407.821738 2393.898724 2397.391591 2413.889619 2431.689680 2441.356822 2449.328973 2457.778778 2458.565561 2450.907129 2442.597925 2449.005343 2465.615386 2484.348606 2504.885269 2527.899042 2551.580329 2574.807454 2600.173620 2625.432812 2651.886603 2680.621422 2714.260796 2739.930914 2767.885928 2796.679501 2818.459414 2832.446389 2845.800824
2805.820837 2783.181753 2756.675983 2725.854767 2678.707750 2635.553618 2592.020212 2544.069132 2507.805983 2474.785401 2462.577012 2444.379715 2427.930565 2410.600373 2388.540358 2370.164374 2353.165566 2330.653682 2317.470499 2323.297102 2335.852654 2344.197574 2349.336602 2346.541618 2343.618285 2337.121315 2322.979528 2316.962675 2326.428983 2341.655237 2355.808249 2367.295886 2374.619687 2380.633633 2378.470940 2370.496749 2367.790663 2377.054951 2393.653214 2408.567032 2425.374955 2447.818548 2470.959270 2494.986156 2520.142675 2544.897122 2572.369240 2600.595329 2629.110702 2659.129674 2685.460525 2711.684204 2725.704874 2739.894292 2745.894616
2661.757819 2646.610124 2618.518474 2587.718957 2555.862216 2519.120748 2490.638361 2455.972977 2423.596556 2392.509517 2365.146685 2349.866419 2341.041689 2326.148925 2307.338224 2294.549290 2277.750849 2264.775759 2268.307525 2269.245616 2277.479449 2275.899891 2276.296095 2273.339346 2272.277630 2269.213897 2261.649159 2272.019523 2278.793339 2292.551917 2302.906001 2312.797043 2319.099984 2323.328692 2324.749846 2320.684480 2326.729550 2333.987384 2348.802138 2361.046223 2376.016456 2397.273890 2415.461001 2436.114950 2460.911478 2486.161814 2512.649713 2540.896600 2571.292226 2598.758972 2619.932488 2629.967262 2642.911264 2649.305737 2643.667530
