tests/Borden05m/data_simulated/sim_1/output-maps/psiliqL0017N0014.asc
ncols         160
nrows         34
xllcorner     620200.000000
yllcorner     5168000.000000
cellsize      0.500000
NODATA_value  -9999.0
[rows 0 to 24 of 34, columns 55 to 109 of 160]
-9999.0 -9999.0 -9999.0 -9999.0 -9999.0 -9999.0 -9999.0 -9999.0 -9999.0 -9999.0 -9999.0 -9999.0 -9999.0 -9999.0 -9999.0 -9999.0 -9999.0 -9999.0 -9999.0 -9999.0 -9999.0 -9999.0 -9999.0 -9999.0 -9999.0 -9999.0 -9999.0 -9999.0 -9999.0 -9999.0 -9999.0 -9999.0 -9999.0 -9999.0 -9999.0 -9999.0 -9999.0 -9999.0 -9999.0 -9999.0 -9999.0 -9999.0 -9999.0 -9999.0 -9999.0 -9999.0 -9999.0 -9999.0 -9999.0 -9999.0 -9999.0 -9999.0 -9999.0 -9999.0 -9999.0
-9999.0 -9999.0 -9999.0 -9999.0 1631.658297 1626.367907 1621.534873 1617.090582 1608.683256 1599.847043 1592.040787 1588.433226 1587.868997 1587.481530 1587.418108 1592.922012 1601.286939 1609.230998 1616.577343 1619.229524 1621.860951 1624.188430 1624.795680 1623.785983 1620.740710 1617.609899 1614.368212 1612.926254 1605.184584 1593.982620 1585.402277 1582.705594 1587.047888 1591.439249 1593.852947 1599.380546 1609.839090 1620.355221 1628.616705 1640.371025 1646.175723 1650.947233 1653.351753 1648.823085 1644.902140 1640.620015 1634.854513 1623.591632 -9999.0 -9999.0 -9999.0 -9999.0 -9999.0 -9999.0 -9999.0
1576.382825 1595.483282 1616.070932 1619.472808 1608.037465 1603.239265 1600.281761 1598.698483 1594.407794 1586.213229 1581.424800 1576.434120 1574.763845 1575.230538 1575.651188 1580.011721 1590.707602 1598.943075 1603.925848 1606.725025 1609.625436 1609.147734 1608.740644 1608.635461 1605.923300 1602.641698 1599.399358 1597.711155 1598.560045 1591.056455 1585.477279 1581.941030 1579.873805 1582.416791 1584.826914 1588.474592 1597.705475 1605.574976 1613.411845 1627.656660 1639.932875 1644.888395 1641.901045 1636.530635 1632.214459 1624.814068 1614.129775 1603.604835 1594.296871 1587.187959 1581.176241 1574.644729 1580.130411 1586.479548 1595.570484
1561.188948 1580.791801 1601.369467 1604.438930 1594.108070 1586.313042 1581.095867 1581.793503 1585.071548 1582.094924 1577.871845 1572.490836 1581.905698 1583.542827 1584.970827 1588.620616 1591.701034 1595.757516 1598.688864 1604.288535 1613.492180 1616.438194 1617.130330 1617.415748 1615.696612 1612.682347 1610.959771 1608.312611 1603.196407 1601.962349 1602.098202 1601.539755 1606.210449 1607.663763 1609.679753 1603.267620 1606.938033 1612.956744 1619.587182 1625.502191 1631.641640 1634.730493 1630.947617 1629.951189 1620.963549 1606.593565 1595.292958 1586.610320 1584.884082 1581.175228 1572.632772 1558.906417 1565.643345 1580.625120 1584.576010
1567.481256 1577.084870 1588.934960 1592.214987 1587.629917 1589.654814 1591.746612 1593.610744 1592.431023 1589.767852 1587.552807 1599.893814 1609.428576 1611.563993 1614.775125 1618.919050 1619.141696 1607.921226 1605.929169 1614.143218 1624.477364 1630.261858 1630.654194 1630.654706 1628.248241 1627.323379 1627.112328 1625.151929 1625.603735 1627.821259 1627.086383 1631.192764 1636.757357 1639.732883 1632.664004 1623.665742 1624.788190 1632.565705 1640.779483 1647.880278 1657.982507 1668.640905 1667.431137 1661.496302 1651.932530 1637.968331 1614.096114 1594.460870 1582.820823 1574.624563 1566.577590 1566.639053 1562.231157 1573.424736 1574.309114
1563.839412 1582.575858 1603.963698 1611.786421 1606.410585 1602.312872 1600.572529 1601.833667 1602.207727 1604.985937 1616.814819 1630.462039 1644.428865 1647.441670 1650.230444 1649.977022 1641.804932 1631.939993 1628.835346 1643.371479 1659.928262 1668.264776 1668.745946 1667.098709 1672.952646 1672.151983 1671.214653 1666.917425 1668.658763 1669.035899 1677.609449 1685.245149 1692.549539 1690.819016 1678.628617 1666.816511 1665.561079 1668.928521 1673.055859 1679.343796 1689.114119 1698.109358 1692.490866 1685.246451 1675.270674 1646.785427 1620.201438 1603.281813 1602.583444 1601.960391 1596.229290 1592.418875 1588.894767 1581.827362 1580.603680
1608.978434 1630.286149 1650.999864 1666.577667 1661.391475 1654.189881 1645.217506 1646.314077 1649.160098 1657.150867 1669.911949 1686.462105 1710.233482 1712.573610 1715.411648 1717.385729 1706.174009 1694.053697 1683.635278 1702.929974 1713.598121 1721.984816 1722.608501 1731.157439 1740.748332 1736.622299 1729.280886 1718.651267 1724.844535 1735.120608 1750.221611 1757.322888 1761.538022 1759.251039 1747.267041 1741.089107 1740.289200 1743.464234 1741.807328 1747.156423 1756.468633 1770.853404 1769.407081 1761.336022 1738.805827 1701.046107 1667.324445 1648.272578 1654.488058 1646.892222 1639.100702 1635.326085 1621.158392 1610.295121 1609.975003
1657.408078 1674.771866 1693.193915 1711.640068 1706.421339 1696.731857 1683.279283 1682.709292 1689.872408 1700.582084 1719.680687 1741.569192 1764.693140 1770.628930 1771.403430 1781.429036 1775.340972 1766.023567 1758.379538 1772.716925 1784.364749 1795.787753 1804.474297 1817.227863 1828.468248 1816.988557 1803.688302 1797.139563 1802.945893 1824.321453 1843.000853 1847.981851 1848.554530 1850.247422 1839.346056 1833.126051 1827.224839 1823.428732 1818.266201 1814.466767 1834.142775 1851.387633 1849.422504 1825.969264 1801.553168 1763.587233 1725.056896 1694.334668 1696.706092 1692.700260 1691.798205 1677.174056 1661.736736 1646.939491 1638.355313
1731.005777 1758.584260 1778.751705 1800.764620 1799.516373 1781.862343 1772.419177 1777.191018 1790.626326 1798.569356 1815.294307 1837.738284 1867.990574 1886.945314 1904.068137 1908.746837 1901.202775 1892.795822 1880.393784 1880.772334 1899.920948 1911.957269 1922.036692 1932.127775 1944.601676 1948.655991 1944.923964 1944.148611 1947.738472 1956.647681 1967.139305 1973.787882 1978.399105 1982.925162 1976.364314 1965.301110 1960.042454 1952.083709 1946.698117 1944.298858 1948.944014 1962.083721 1958.965076 1929.178068 1901.508627 1867.862747 1829.785337 1798.329428 1783.384389 1792.114071 1782.620341 1763.939923 1746.096712 1712.933676 1698.843784
1821.836565 1857.269531 1884.609993 1898.764838 1911.061654 1904.139408 1905.392455 1910.063699 1918.205193 1923.179621 1931.100651 1963.830661 1998.565894 2026.785054 2050.822329 2059.384652 2048.955883 2039.596209 2027.544831 2018.582575 2024.892395 2040.140999 2057.062228 2072.434691 2083.634484 2086.821517 2085.560663 2085.859120 2088.250138 2091.236114 2094.594089 2101.352651 2108.663783 2118.272600 2128.206524 2120.807033 2103.734019 2092.115630 2079.574657 2075.469192 2074.337571 2073.659293 2073.169770 2062.010837 2026.789192 1996.677485 1963.996038 1937.282253 1917.810121 1907.077408 1886.865722 1862.806130 1814.471689 1774.401303 1739.905800
1928.282599 1970.408578 2001.250344 2023.802961 2038.932235 2040.789712 2043.750491 2046.577927 2052.401130 2057.316364 2063.625432 2087.859498 2126.843107 2164.814951 2195.182511 2198.217898 2187.881402 2177.520717 2167.771706 2156.155767 2152.717392 2161.991778 2174.354248 2191.582346 2202.569250 2210.996213 2209.450449 2209.850590 2210.804047 2212.899814 2214.796938 2217.255174 2225.027966 2237.754032 2249.793580 2250.002788 2234.724115 2217.293688 2200.162208 2194.108648 2188.750594 2182.643834 2182.751044 2183.000444 2172.159335 2144.387281 2106.553455 2064.123731 2039.960704 2019.718422 2006.134897 1988.708699 1957.457891 1900.760984 1866.798933
2054.991372 2085.310370 2115.523494 2146.625158 2164.806006 2171.550436 2171.819495 2173.512463 2181.388717 2187.101408 2196.272420 2213.188126 2239.891757 2271.010309 2298.762634 2315.570423 2310.793551 2296.765360 2278.145782 2271.513815 2269.688683 2272.108518 2279.462735 2288.834899 2305.349222 2322.182404 2327.905778 2328.732630 2326.103499 2328.517948 2329.876371 2329.984426 2331.589426 2337.415100 2345.146928 2347.673517 2341.562244 2323.487262 2302.070170 2288.427930 2280.093190 2275.427867 2273.796096 2275.624547 2275.595661 2262.080140 2230.480206 2189.998610 2157.144153 2136.498040 2120.355934 2105.193787 2092.402227 2067.663089 2047.763468
2172.603624 2187.892597 2215.050395 2242.996251 2267.231362 2283.740507 2287.278081 2292.709098 2298.082005 2307.526257 2323.309502 2344.264106 2360.236680 2379.135024 2402.145566 2415.933499 2421.506462 2421.173971 2418.930827 2420.337092 2420.323789 2382.048332 2385.842751 2389.610510 2399.809791 2410.103363 2413.712740 2414.102620 2412.533346 2413.954229 2414.498443 2414.573049 2414.193877 2414.851351 2417.780109 2418.718948 2416.925913 2407.988473 2415.653055 2397.525010 2384.886564 2376.870130 2368.670503 2359.859156 2349.895069 2339.542622 2321.241483 2292.594408 2258.613795 2232.742928 2221.446306 2213.756597 2205.256896 2198.477395 2181.610672
2279.882948 2291.986216 2309.248203 2330.814665 2360.979643 2381.890609 2393.100648 2402.261518 2407.343530 2420.297396 2434.807682 2426.509245 2431.906693 2437.349459 2442.648256 2444.420785 2444.800718 2444.313329 2441.703445 2440.781404 2438.397489 2433.688064 2423.490856 2424.599839 2425.907121 2428.206053 2431.650352 2430.337972 2431.285589 2434.228609 2432.680709 2427.061482 2423.312626 2421.676752 2422.187173 2429.203400 2432.231272 2432.867118 2430.940157 2430.068161 2429.355347 2427.199529 2424.530684 2420.762254 2415.856422 2422.532654 2411.421644 2386.372395 2350.802285 2313.397350 2300.943041 2297.834228 2297.025820 2293.506547 2286.515917
2398.684944 2411.783250 2425.817231 2417.209084 2431.565267 2439.096847 2442.781450 2446.064094 2448.672192 2450.446972 2447.268957 2443.900014 2439.010638 2437.395881 2435.751045 2432.955380 2433.107104 2430.642510 2426.094286 2421.745068 2414.121704 2402.490729 2390.614094 2387.185627 2391.192057 2396.021080 2400.350409 2403.789990 2407.157812 2407.882873 2402.972720 2395.044047 2387.898946 2386.048548 2392.520803 2398.016425 2403.582615 2404.326819 2403.073560 2401.147983 2401.522604 2399.220796 2400.061096 2407.073649 2420.991971 2425.951107 2429.596025 2428.924239 2418.386435 2399.357370 2397.692510 2377.701675 2381.334336 2376.022845 2363.910193
2439.754698 2442.012827 2441.408277 2440.092352 2434.197656 2428.402175 2427.603767 2431.315786 2437.876000 2438.702001 2431.308636 2422.475373 2414.905600 2407.330273 2404.431919 2402.642076 2401.328767 2400.725141 2394.622718 2385.484816 2368.782994 2356.414816 2344.519538 2337.868225 2334.794399 2338.800628 2348.664649 2358.789411 2363.412096 2355.919792 2348.250319 2337.381450 2329.441919 2329.769466 2331.617900 2340.707714 2355.495464 2361.160911 2362.199166 2357.198855 2352.739434 2347.429933 2345.950763 2353.448065 2369.154073 2385.489232 2400.220270 2409.054888 2416.698818 2423.391275 2425.297763 2426.892384 2427.593714 2425.920926 2425.610546
2434.711033 2428.139591 2421.401578 2416.076637 2409.200844 2403.195279 2400.911582 2402.525318 2404.400724 2400.083970 2392.678808 2381.655308 2369.841286 2359.218338 2351.557430 2351.310704 2352.409623 2352.500432 2344.856355 2329.251143 2310.753353 2296.497167 2281.905412 2277.244372 2271.501951 2265.738607 2275.721054 2293.271184 2299.678274 2285.459492 2275.397086 2261.085575 2254.141473 2250.865458 2252.225729 2261.509237 2282.224451 2303.271110 2305.295203 2296.014841 2287.064410 2283.440632 2281.859569 2288.823462 2307.426239 2328.710551 2344.849252 2355.585565 2361.955247 2370.629899 2380.646055 2394.009936 2407.969207 2419.539165 2426.770243
2408.793232 2400.689085 2392.535009 2384.326758 2376.584715 2369.467158 2364.271658 2361.222398 2357.129310 2350.079169 2341.901915 2324.036865 2310.669505 2297.313944 2282.173076 2277.442468 2272.739007 2273.099822 2260.919427 2250.617673 2232.150978 2216.044843 2199.717241 2187.646998 2181.328566 2174.786848 2176.541940 2190.918385 2199.526189 2187.650671 2177.689871 2165.824054 2160.413362 2157.258765 2159.515000 2170.002579 2191.376121 2210.249953 2218.302041 2211.507046 2208.857784 2208.687663 2208.792322 2216.024364 2230.369399 2250.614191 2273.129747 2291.332848 2302.069746 2310.648144 2321.501967 2337.011007 2351.817748 2366.514255 2384.345491
2373.652143 2363.751899 2353.142665 2342.689206 2331.203054 2319.337930 2311.898234 2312.395647 2304.820308 2297.498253 2278.373054 2228.091620 2207.856118 2188.486281 2171.785296 2164.562749 2155.706725 2143.770590 2133.887861 2127.206362 2122.878339 2107.249054 2089.073365 2071.802844 2066.220220 2061.876349 2049.561108 2050.595444 2052.616950 2061.107078 2054.340707 2050.358285 2049.855957 2047.586489 2050.297674 2063.847094 2074.514101 2083.415780 2090.487242 2092.289890 2101.561904 2109.804110 2117.478681 2135.085718 2148.920025 2166.996858 2189.370370 2215.104641 2230.609891 2241.572356 2253.668453 2270.387286 2288.007262 2306.582723 2329.882015
2332.168389 2316.252873 2301.335619 2286.245935 2272.498635 2258.705000 2243.443230 2243.316994 2238.966266 2228.489461 2181.029600 2138.202652 2104.074878 2085.164510 2061.510630 2048.262849 2034.114718 2002.424158 1986.202053 1981.576983 1989.614207 1981.778558 1965.019422 1951.406965 1942.436286 1934.447033 1919.532974 1906.775187 1911.867170 1926.372802 1924.079820 1924.475709 1930.155573 1929.103080 1924.724447 1927.402117 1941.233507 1948.841137 1959.828800 1974.459314 1980.063940 1993.162655 2023.454787 2038.245603 2054.849552 2075.823949 2098.738855 2122.994194 2145.814264 2161.048477 2177.494778 2197.740466 2216.031757 2238.015586 2262.412902
2275.119351 2245.654816 2224.794964 2206.903673 2187.714432 2163.512421 2141.985629 2138.272458 2130.211549 2105.942569 2056.253351 2016.769338 1988.571338 1965.675702 1941.160611 1919.634840 1887.803721 1854.545267 1833.215847 1842.030640 1850.254739 1854.800403 1841.549464 1829.341434 1819.194051 1803.608988 1787.601795 1774.099255 1783.508510 1792.020558 1804.513627 1809.423052 1813.333881 1817.365842 1816.372493 1809.814646 1811.383084 1820.368313 1831.122945 1842.963065 1860.522492 1893.276544 1919.036886 1937.976132 1960.011602 1981.254362 2005.169214 2030.418823 2054.210178 2072.493640 2092.752927 2113.661849 2136.370853 2158.294589 2184.045101
2193.098521 2164.552992 2137.247477 2113.443497 2083.728525 2041.047877 2025.166018 2015.147704 1997.696476 1956.218517 1913.393630 1883.423845 1863.271627 1838.610043 1815.375942 1787.146714 1754.489925 1729.628775 1709.031182 1716.736685 1724.577129 1738.927684 1728.056601 1718.445199 1713.346517 1698.226447 1684.506992 1669.254458 1676.239184 1686.979096 1706.610174 1711.545956 1715.380113 1723.458368 1722.769394 1719.789744 1707.919193 1716.276677 1727.394520 1742.120336 1771.751746 1796.514047 1820.972637 1843.649747 1865.022610 1888.704037 1913.617772 1939.037627 1966.633766 1987.929749 2008.795140 2032.161547 2053.946793 2072.740966 2093.903260
2080.356529 2054.721328 2032.618618 2007.620600 1968.017155 1923.662833 1886.215833 1865.196984 1821.027430 1786.286440 1756.740821 1745.369695 1728.932173 1706.740594 1685.676897 1664.661379 1639.927751 1618.489932 1593.752505 1597.779512 1611.169964 1625.997475 1622.845614 1620.886902 1618.242711 1607.692384 1594.062195 1580.449135 1584.071346 1599.968771 1617.262911 1625.813723 1632.999408 1640.798237 1641.003112 1633.407768 1624.753408 1630.507078 1645.617189 1662.405499 1682.787842 1705.370581 1727.923257 1749.621790 1773.570034 1798.228524 1823.304752 1850.346335 1878.909190 1901.364544 1926.823607 1953.123611 1973.380273 1986.252295 1999.875486
1970.365732 1948.512940 1923.985031 1896.454026 1854.888037 1813.328996 1771.004780 1728.249457 1694.595409 1663.904484 1650.132101 1632.183645 1615.693649 1598.569532 1577.439586 1558.857846 1541.307635 1519.280611 1504.337112 1510.094647 1522.969306 1532.629896 1536.795247 1533.987830 1531.094118 1524.255418 1510.425188 1502.742401 1511.795595 1527.056926 1541.456696 1552.263145 1559.171924 1565.025701 1562.420905 1554.128196 1549.831080 1558.352030 1574.320355 1589.215113 1606.178965 1628.054033 1649.789353 1672.475616 1696.252926 1719.963486 1746.139359 1773.155553 1800.848839 1828.851570 1853.706796 1876.252273 1888.507733 1901.163379 1907.622462
1840.448528 1825.169709 1799.128438 1770.541179 1738.569111 1701.773724 1673.156730 1640.827058 1609.713658 1579.372899 1553.340112 1537.728358 1528.926036 1514.541412 1495.903593 1483.028138 1466.394558 1451.638155 1453.715521 1455.654248 1465.282765 1465.027240 1465.580838 1462.675857 1461.660153 1458.101419 1449.250121 1458.142267 1465.217833 1479.332696 1489.827213 1499.427739 1505.581362 1509.618722 1510.198760 1504.930148 1509.673993 1516.726564 1531.330901 1543.388477 1558.397423 1579.481681 1597.470727 1617.602143 1640.736779 1664.733221 1689.900081 1716.797618 1745.899945 1772.115063 1792.725290 1803.005359 1815.054157 1821.170810 1815.519695
