tests/Borden05m/data_simulated/sim_1/output-maps/psiliqL0003N0016.asc
ncols         160
nrows         34
xllcorner     620200.000000
yllcorner     5168000.000000
cellsize      0.500000
NODATA_value  -9999.0
[rows 0 to 24 of 34, columns 56 to 111 of 160]
-9999.0 -9999.0 -9999.0 -9999.0 -9999.0 -9999.0 -9999.0 -9999.0 -9999.0 -9999.0 -9999.0 -9999.0 -9999.0 -9999.0 -9999.0 -9999.0 -9999.0 -9999.0 -9999.0 -9999.0 -9999.0 -9999.0 -9999.0 -9999.0 -9999.0 -9999.0 -9999.0 -9999.0 -9999.0 -9999.0 -9999.0 -9999.0 -9999.0 -9999.0 -9999.0 -9999.0 -9999.0 -9999.0 -9999.0 -9999.0 -9999.0 -9999.0 -9999.0 -9999.0 -9999.0 -9999.0 -9999.0 -9999.0 -9999.0 -9999.0 -9999.0 -9999.0 -9999.0 -9999.0 -9999.0 -9999.0
-9999.0 -9999.0 -9999.0 -571.254670 -572.650845 -573.644869 -574.236072 -576.213030 -577.777991 -579.585563 -579.906674 -579.726581 -580.044494 -580.727682 -579.760617 -578.487798 -577.385365 -575.895626 -576.124725 -575.922032 -575.358213 -575.208969 -575.471769 -576.161579 -576.628438 -577.170318 -576.526834 -578.568386 -581.246182 -583.300522 -583.728999 -582.014774 -580.974349 -581.120473 -580.117889 -577.965456 -576.097636 -575.379197 -573.139521 -573.324016 -572.412112 -571.034328 -572.162947 -572.480804 -572.398024 -572.109743 -575.119029 -9999.0 -9999.0 -9999.0 -9999.0 -9999.0 -9999.0 -9999.0 -9999.0 -9999.0
-577.359633 -573.338817 -573.526340 -579.060214 -579.663730 -579.830028 -579.615586 -580.459513 -582.589632 -583.167367 -584.733910 -585.399148 -585.572296 -586.171119 -585.644371 -583.040132 -581.184135 -580.616781 -580.945639 -581.088921 -581.621005 -582.007911 -581.895998 -582.551527 -583.167978 -583.818963 -583.675043 -582.143441 -584.097035 -585.101308 -586.057183 -587.042826 -586.642105 -586.305499 -586.136261 -583.670889 -582.640715 -581.872191 -578.516669 -575.412928 -574.555136 -575.755275 -577.114551 -576.864156 -577.095320 -578.451704 -579.773907 -579.957131 -580.614157 -580.926979 -582.092178 -580.330160 -580.231224 -578.197325 -576.460705 -574.412838
-582.542264 -577.961161 -578.200551 -582.450349 -585.043267 -585.865455 -585.327097 -583.564938 -584.301275 -585.821981 -588.088211 -585.510706 -585.833687 -586.049427 -585.563425 -584.706014 -584.356983 -583.935697 -583.278386 -580.941030 -581.064042 -581.249887 -581.138747 -581.552566 -582.310162 -582.281754 -582.711932 -584.633264 -584.358325 -583.904442 -584.303454 -582.411817 -582.285608 -581.240408 -584.539643 -583.961398 -583.086136 -582.416600 -581.893539 -581.279559 -580.522852 -581.963535 -581.002383 -582.263969 -584.981282 -585.778215 -585.701153 -583.715375 -582.737077 -584.080610 -588.651158 -586.212592 -581.107685 -581.396372 -582.101442 -579.538750
-585.457634 -584.394741 -584.913044 -586.714056 -585.041434 -583.683207 -582.813697 -583.616033 -585.237889 -587.161415 -583.029212 -581.269985 -582.115386 -581.627397 -580.449107 -580.443820 -585.530170 -586.856679 -584.817419 -582.642219 -581.699655 -582.581816 -583.014889 -583.874883 -583.888005 -583.385583 -583.950671 -583.181222 -582.485604 -583.298544 -581.964865 -580.443920 -579.050634 -582.257663 -585.208716 -585.032377 -582.594574 -580.774223 -579.770855 -577.158806 -573.208718 -573.844282 -574.808732 -575.417871 -576.161271 -580.951709 -585.266096 -587.012242 -587.802327 -589.079080 -588.135813 -589.013561 -584.946991 -585.218675 -585.805988 -583.803437
-588.883770 -583.730976 -582.421558 -585.189160 -586.729241 -587.430792 -587.005737 -587.534991 -587.408596 -583.709794 -581.557274 -578.046135 -579.176149 -579.035975 -579.179868 -582.679445 -585.412583 -587.208629 -581.882466 -577.558673 -576.079610 -577.126050 -578.015137 -574.301643 -575.401772 -575.937717 -578.190205 -577.381598 -577.618331 -573.600170 -571.963861 -569.830297 -570.642825 -574.645139 -578.046224 -578.269706 -577.889188 -578.207667 -577.163704 -574.513008 -571.247637 -573.526979 -574.697358 -574.821485 -582.069618 -587.808062 -589.887816 -586.245912 -584.163448 -584.604152 -584.301657 -584.178854 -586.888226 -586.263615 -585.987883 -587.218206
-578.598062 -575.508972 -570.738840 -573.899710 -576.249311 -580.301139 -579.890346 -579.373773 -577.908734 -575.780574 -571.881157 -564.648337 -565.837133 -565.311556 -563.047214 -566.970549 -570.710751 -576.119903 -570.032761 -568.415477 -566.265705 -566.400819 -561.713468 -557.508746 -560.071000 -563.662180 -567.872690 -565.306380 -559.669254 -554.251389 -552.807602 -552.070443 -551.163148 -555.008809 -556.218281 -557.117548 -556.821936 -559.242828 -559.018429 -554.926203 -548.073469 -547.372944 -550.931239 -557.756153 -567.938845 -577.098513 -582.054450 -576.884386 -578.498186 -579.311856 -578.565210 -582.024638 -584.086536 -581.374108 -583.958419 -585.933935
-574.950108 -571.800184 -566.232838 -568.505521 -572.842611 -577.464851 -577.412615 -574.661605 -573.133175 -567.673548 -559.824088 -550.357913 -544.647209 -539.774375 -534.480553 -538.528145 -543.151771 -548.310363 -547.258148 -541.082462 -534.641181 -527.119663 -518.384387 -508.726978 -511.471853 -516.746633 -517.391288 -515.036731 -504.035282 -493.101199 -488.296426 -485.188514 -479.630360 -483.709546 -490.992763 -499.134893 -506.853820 -513.351013 -518.106464 -508.981041 -498.742182 -500.723035 -518.901537 -533.387858 -548.254018 -561.236384 -573.717887 -573.722163 -571.795315 -570.073528 -574.528929 -576.905681 -581.026534 -582.036107 -581.869812 -586.184821
-548.723482 -540.949005 -531.905044 -527.908789 -535.756117 -537.073485 -534.211396 -528.075915 -525.464120 -517.589288 -494.113430 -456.237264 -424.889471 -403.279318 -399.456471 -406.419189 -415.221197 -430.019156 -438.291699 -425.465129 -412.636326 -402.076286 -393.867851 -386.264122 -380.867513 -381.325429 -381.268201 -379.608098 -377.453977 -373.464631 -368.666082 -363.726283 -358.129477 -356.261039 -363.048124 -369.955031 -377.430236 -384.177914 -386.111570 -387.968372 -384.151468 -384.698356 -397.796848 -418.599053 -450.516835 -488.493404 -514.939349 -531.301320 -531.824867 -539.411161 -545.797106 -552.752495 -565.949051 -569.857669 -572.208136 -582.508713
-487.744988 -456.344585 -435.842066 -418.421492 -416.008458 -412.444461 -409.284324 -404.335276 -400.145681 -395.437628 -373.450860 -345.156975 -316.800145 -293.267478 -284.084698 -292.116028 -301.144328 -311.351049 -320.365283 -320.428797 -309.131909 -295.112032 -281.358324 -272.382695 -269.152156 -270.662358 -270.550364 -269.612372 -266.886357 -265.005369 -261.238800 -255.237091 -245.369509 -233.224767 -235.795573 -251.218978 -264.021825 -279.257610 -286.912288 -290.456876 -295.811414 -296.531674 -297.046383 -317.802843 -340.353157 -366.029794 -390.225951 -406.682527 -427.122896 -450.428814 -473.107712 -508.651879 -534.013635 -551.336325 -563.415872 -574.506388
-376.142370 -352.773082 -329.873295 -315.815853 -309.881670 -306.840080 -302.439859 -295.538507 -289.704742 -281.807069 -265.276354 -233.369337 -197.631211 -164.515128 -156.443124 -163.619166 -171.982464 -183.947948 -191.582905 -193.258448 -188.995134 -181.384041 -169.274472 -158.676737 -147.751696 -146.966322 -146.842054 -147.419609 -145.830045 -144.101772 -143.793854 -138.869606 -129.244046 -120.471421 -118.300859 -127.830926 -143.874173 -163.097060 -179.092658 -189.900560 -197.086199 -198.654754 -198.549634 -199.466411 -218.779006 -249.289525 -289.006884 -316.578409 -337.416514 -349.960287 -362.860894 -374.405195 -400.859963 -416.953189 -449.348096 -489.018840
-282.542427 -256.817645 -229.604666 -209.895471 -198.543881 -194.253776 -185.817681 -175.005952 -166.404754 -154.124168 -139.115828 -120.418925 -91.223399 -36.213448 -16.484900 -41.318190 -27.145117 -67.418145 -69.271989 -42.860811 -41.652362 -37.206824 -32.713277 -21.054402 -7.749631 -3.523930 -2.375658 -5.269275 -3.001272 -3.046962 -2.604419 -2.892201 -1.335402 3.851724 5.817147 3.406033 -8.707191 -27.165765 -75.689972 -91.766559 -98.481037 -102.778895 -104.049873 -106.639769 -116.147385 -140.614301 -177.695190 -213.341225 -239.195315 -257.624029 -270.686379 -279.682365 -287.221452 -300.285912 -323.631585 -356.525373
-178.566565 -155.716312 -134.206427 -108.030759 -89.986681 -81.590583 -56.487651 -32.776015 -22.145351 -7.053256 7.927750 17.106369 28.460248 47.550261 55.780697 60.647590 62.914148 62.377356 64.542161 65.541882 64.828289 65.658303 66.380097 66.163016 69.385054 69.234685 69.782330 69.133392 70.195492 69.498849 70.305414 70.036826 67.927012 68.207781 68.207326 68.293304 65.901795 58.160996 43.011595 31.923770 25.528917 18.831304 10.442907 2.011467 -6.723303 -20.509295 -74.744276 -111.750803 -144.407163 -163.992487 -173.502306 -179.720704 -185.014359 -198.730579 -218.922575 -244.011479
-38.408960 -24.960167 -30.951632 12.280378 27.108977 24.251725 45.275736 50.075646 58.843926 69.208613 71.783068 71.520541 70.886784 72.215834 71.750655 72.510844 71.259895 70.243996 69.947699 68.718806 62.642181 54.707619 55.837207 57.067728 59.071459 62.525660 60.125159 61.533076 63.683617 63.279077 58.136293 55.373945 53.693995 53.726314 60.131820 62.991421 63.724584 64.127924 63.862953 63.302019 63.453334 63.512376 63.136343 63.422054 58.739687 50.812598 31.301797 5.097388 -23.942292 -71.781051 -85.563612 -86.393390 -90.993781 -99.108643 -123.333733 -151.161125
51.611239 62.187568 70.003293 72.121951 72.452265 71.804894 73.602284 76.516009 74.314706 71.429754 68.458412 63.276645 62.920994 60.960827 58.561371 60.097445 58.492721 54.961508 52.060230 46.927961 31.806343 23.528163 21.582871 26.435025 30.589944 33.982267 14.925433 38.298113 19.636279 36.844577 29.901942 23.738630 21.460471 27.420272 32.668617 36.989928 37.605532 36.091045 34.818252 34.946250 33.465785 34.432946 40.358080 53.180962 60.974354 61.077066 60.979534 60.695696 60.028837 39.291443 20.711338 23.108536 19.280059 7.859577 -43.063096 -71.351008
66.078724 66.148513 64.063725 58.145677 53.189170 52.633499 56.049559 61.992502 64.532275 57.049364 50.471675 42.308870 35.884673 10.741604 8.721891 31.573872 32.368106 27.295985 20.467932 0.690507 -37.303884 -53.505960 -61.188843 -62.566389 -57.339122 -49.873621 -45.477669 -39.551246 -46.122824 -49.631855 -58.148828 -65.497627 -65.266987 -62.256098 -54.014179 -42.691329 -40.396642 -39.752542 -43.440166 -45.922761 -50.066819 -49.112829 -36.091109 7.008039 21.652041 33.252795 40.409729 47.993305 53.625628 60.568864 60.364801 60.455719 60.424359 56.287868 42.694210 25.038534
52.037257 46.254655 40.535021 33.346250 27.767463 26.314409 28.742203 12.436573 30.260957 2.309511 12.759914 -26.937241 -42.937155 -53.327485 -53.661214 -48.692862 -47.777779 -53.694842 -68.050688 -87.367317 -106.157783 -122.400396 -127.543519 -132.194905 -134.420880 -124.394906 -110.428343 -105.262870 -116.579092 -124.656281 -137.079004 -144.290817 -146.507766 -144.664525 -135.602113 -118.612850 -103.361398 -102.733938 -110.922193 -118.549121 -122.080662 -122.254283 -111.336900 -86.555983 -65.395814 -49.876058 -35.727823 -3.598405 7.657418 17.020927 27.014772 38.614237 48.977358 59.551431 59.903329 59.848632
25.544293 1.783286 -20.971217 -31.381995 -38.568048 -43.397619 -46.637870 -51.231099 -55.317548 -64.674195 -73.546059 -90.295170 -104.061543 -118.147175 -121.706878 -123.171793 -121.187175 -132.086570 -144.054792 -164.388712 -180.835246 -196.648303 -205.049309 -210.736302 -215.884352 -208.388949 -192.697137 -183.816667 -198.851225 -208.508947 -221.424391 -227.773195 -230.744905 -229.721594 -220.957139 -199.079950 -181.501067 -175.954405 -183.810939 -190.597955 -193.434618 -193.099291 -186.473353 -168.354858 -146.800620 -126.185744 -109.835321 -95.470760 -84.962586 -73.313545 -57.641757 -38.995179 0.483462 18.405861 35.375095 48.833224
-47.104148 -60.722890 -73.942556 -85.930540 -97.001579 -103.226913 -103.349227 -110.584685 -116.888573 -127.115735 -166.270012 -182.316195 -199.187618 -213.060058 -217.659993 -224.033909 -226.834795 -235.904497 -243.309943 -254.890733 -269.849093 -285.012338 -297.841441 -301.798578 -305.267682 -308.379266 -299.199660 -295.230163 -298.122162 -304.566569 -311.308508 -314.916623 -317.130667 -313.966125 -303.003304 -292.034023 -281.602398 -277.022120 -282.116225 -277.656419 -272.547306 -272.271453 -258.115273 -244.143549 -226.504315 -205.532747 -183.562997 -170.846077 -160.648789 -148.903520 -132.311917 -113.081985 -90.466310 -65.367300 -36.910613 4.533976
-100.821114 -114.666520 -129.141165 -141.845666 -154.017789 -165.145548 -164.913332 -168.850136 -175.015404 -205.276368 -244.417798 -272.191090 -287.785576 -305.211995 -313.012330 -319.902098 -337.426719 -348.428880 -355.544742 -354.999665 -364.473700 -377.221430 -387.273010 -391.509812 -394.203382 -400.314369 -402.213438 -399.896356 -394.288084 -399.161465 -401.946139 -400.591154 -402.220115 -403.342914 -397.507900 -388.275188 -382.823853 -377.097458 -371.545411 -368.127760 -363.160263 -344.481813 -332.568273 -320.623131 -303.679475 -284.544853 -264.071652 -246.843903 -235.099899 -221.682233 -203.245055 -186.059861 -163.922609 -138.796147 -108.697608 -85.020604
-166.298373 -183.484153 -198.243638 -212.859341 -227.940297 -247.024875 -248.970942 -255.470188 -266.062853 -301.500429 -335.139801 -360.965263 -377.209402 -393.538060 -403.429937 -420.852041 -451.474349 -472.413507 -472.791354 -467.761782 -473.756071 -489.447954 -501.945944 -509.895700 -517.324650 -526.348462 -531.382401 -526.725530 -521.653188 -521.604937 -521.786691 -520.026878 -520.166890 -520.694605 -520.259727 -511.262195 -504.191456 -496.056187 -488.634286 -481.273322 -454.172676 -426.563324 -408.783643 -392.973099 -377.933337 -359.559654 -339.444648 -322.646155 -310.187143 -294.466627 -277.211549 -258.238090 -237.754346 -212.589865 -183.021427 -158.969874
-230.914494 -254.158114 -272.668211 -291.632922 -319.453748 -331.220456 -338.682930 -345.257439 -368.100590 -396.319898 -425.616664 -459.766428 -487.734355 -508.455454 -524.063938 -538.619902 -550.270426 -557.137869 -553.324639 -551.069333 -547.546206 -553.327223 -557.943576 -559.218913 -563.428927 -567.170187 -571.926779 -568.206807 -566.328914 -561.760337 -562.034886 -561.820977 -559.803610 -560.763366 -561.151432 -563.881806 -560.631004 -558.519969 -555.868746 -547.059273 -537.551641 -526.150962 -514.043001 -497.620511 -473.863911 -442.822002 -413.210334 -391.843922 -376.970344 -361.390969 -343.467721 -326.807877 -310.094163 -289.749513 -264.842865 -242.510136
-315.168250 -332.701895 -350.706024 -375.001209 -404.242083 -427.516800 -439.049760 -468.755410 -497.927357 -526.919048 -540.929425 -548.870059 -556.373182 -561.752221 -565.890366 -572.140893 -576.530508 -582.831552 -580.453709 -577.070523 -572.301861 -576.108178 -576.756229 -576.065309 -578.474047 -581.039155 -585.059333 -584.380033 -581.066577 -577.120281 -577.138035 -576.280703 -574.059172 -574.015893 -575.806733 -579.319910 -578.386578 -575.945350 -573.482420 -568.749615 -564.115738 -559.368382 -554.962246 -548.650918 -540.541334 -530.257880 -514.559476 -491.926145 -469.743080 -438.478964 -408.479208 -389.938654 -378.950631 -365.238547 -343.102847 -326.371040
-390.701166 -407.190329 -431.875991 -475.995745 -513.639317 -538.043119 -550.070156 -559.831428 -568.171346 -571.528030 -574.520122 -577.672942 -580.319845 -583.143050 -585.662863 -587.743327 -590.914060 -596.918524 -594.399264 -590.872772 -586.942806 -586.774918 -587.206647 -586.924185 -587.891826 -590.659213 -595.397511 -593.325600 -590.316401 -587.578995 -586.651563 -586.070495 -584.414495 -585.581636 -588.044586 -591.499366 -589.954600 -587.144759 -585.478143 -583.335288 -580.194864 -576.829524 -573.403664 -569.369956 -565.120672 -559.366257 -552.578312 -544.364282 -534.574210 -521.880062 -503.546070 -489.565349 -472.725433 -454.004719 -427.398162 -405.544677
-502.632607 -520.556129 -534.850736 -548.131965 -560.680453 -567.166720 -572.692983 -577.286441 -581.873895 -584.719110 -586.817243 -585.937201 -586.962479 -589.795749 -589.780882 -591.320865 -596.086603 -594.377112 -593.009404 -589.154691 -589.826485 -590.018347 -590.929824 -590.325942 -590.954997 -595.525410 -593.163943 -592.112798 -589.360727 -588.781869 -588.124680 -587.636033 -587.117072 -587.644755 -590.881158 -590.181553 -589.260090 -586.707835 -586.480150 -585.294262 -582.230163 -581.090719 -579.023427 -576.131410 -572.976037 -569.170081 -564.490971 -558.066721 -551.368284 -544.839743 -542.242445 -537.451529 -533.204678 -535.431089 -525.451082 -513.269191
