tests/Borden05m/data_simulated/sim_1/output-maps/psiliqL0009N0004.asc
ncols         160
nrows         34
xllcorner     620200.000000
yllcorner     5168000.000000
cellsize      0.500000
NODATA_value  -9999.0
[rows 0 to 25 of 34, columns 57 to 113 of 160]
-9999.0 -9999.0 -9999.0 -9999.0 -9999.0 -9999.0 -9999.0 -9999.0 -9999.0 -9999.0 -9999.0 -9999.0 -9999.0 -9999.0 -9999.0 -9999.0 -9999.0 -9999.0 -9999.0 -9999.0 -9999.0 -9999.0 -9999.0 -9999.0 -9999.0 -9999.0 -9999.0 -9999.0 -9999.0 -9999.0 -9999.0 -9999.0 -9999.0 -9999.0 -9999.0 -9999.0 -9999.0 -9999.0 -9999.0 -9999.0 -9999.0 -9999.0 -9999.0 -9999.0 -9999.0 -9999.0 -9999.0 -9999.0 -9999.0 -9999.0 -9999.0 -9999.0 -9999.0 -9999.0 -9999.0 -9999.0 -9999.0
-9999.0 -9999.0 9.111634 3.526199 -1.918687 -7.050083 -16.257896 -25.640162 -34.398371 -38.482841 -39.470840 -40.381176 -40.810963 -35.511635 -27.550946 -19.913996 -12.677975 -10.292877 -7.852375 -5.526671 -4.997548 -6.294372 -9.564263 -12.880424 -16.319447 -17.816764 -26.193903 -37.747622 -46.790688 -49.595311 -45.062268 -40.485400 -37.895139 -31.716756 -20.708308 -9.658223 -0.947398 10.923749 16.543941 21.761504 25.013466 21.032704 17.550048 13.915529 9.210616 -1.782922 -9999.0 -9999.0 -9999.0 -9999.0 -9999.0 -9999.0 -9999.0 -9999.0 -9999.0 -9999.0 -9999.0
-8.583253 -5.310067 -16.204855 -21.090149 -24.505331 -26.802869 -32.051363 -40.989556 -46.523437 -52.111247 -53.897591 -53.967086 -53.958071 -49.773578 -39.831259 -31.827669 -27.028514 -24.586922 -22.087345 -22.019431 -22.507039 -22.895272 -25.815844 -29.266510 -32.699580 -34.520905 -34.475562 -42.159980 -47.566783 -50.882045 -52.137449 -49.641147 -47.270800 -44.142169 -34.377660 -25.942319 -17.507721 -3.240497 9.156693 14.446595 12.111822 7.143697 3.493107 -2.862981 -12.630586 -23.059441 -33.458572 -40.661551 -46.060863 -51.298697 -45.103347 -38.561048 -28.202137 -17.947475 -5.799777 6.428366 -9999.0
-24.739600 -21.940775 -32.898965 -41.458931 -46.053531 -46.111698 -44.033350 -47.881619 -52.707630 -57.043839 -49.185790 -47.983161 -46.850793 -43.646277 -40.279847 -37.889659 -35.113432 -29.776310 -20.785887 -18.131765 -17.617985 -17.499466 -19.339299 -22.471703 -24.281552 -27.080699 -32.320407 -33.271720 -32.855812 -32.833985 -27.593827 -26.078304 -24.669525 -31.646620 -28.216567 -21.835064 -14.817230 -7.732874 -0.644489 4.012019 0.941433 -0.220707 -8.512055 -22.303462 -33.755497 -42.488540 -44.987285 -48.147929 -55.842208 -68.059507 -61.049103 -45.370819 -40.592649 -36.825282 -24.799592 -12.410934 -2.118496
-40.062202 -37.148189 -42.355665 -41.511428 -40.194075 -38.841097 -40.592717 -43.711099 -45.223303 -32.295575 -22.747856 -21.025998 -18.122183 -14.732350 -15.976664 -28.401304 -31.079278 -22.528849 -11.990219 -6.028021 -5.841296 -5.871691 -7.463196 -8.495259 -9.017137 -11.424652 -10.353159 -7.727680 -7.061914 -1.943104 3.762901 6.547292 -2.012446 -11.301098 -10.776103 -3.046030 5.017252 12.522051 23.619638 35.396895 34.148885 28.332403 19.277962 5.424581 -18.254889 -38.322192 -49.004709 -55.702379 -62.690297 -63.392046 -65.654589 -54.895590 -53.040822 -51.238336 -42.584596 -32.177697 -21.991505
-26.319753 -18.085512 -24.280521 -30.071651 -33.618367 -33.129428 -32.911295 -29.409393 -16.066769 -1.938732 13.375930 16.212777 18.876776 18.590050 8.816078 -1.663509 -6.018953 9.123188 25.132114 33.574756 34.626577 35.140346 43.262908 41.327295 38.737956 33.232260 35.657532 38.414965 49.822764 57.488344 64.344961 62.431627 50.534528 39.370868 37.400474 39.405222 41.660550 47.692648 58.312842 68.577737 63.596075 55.869190 44.978482 15.340029 -13.194651 -30.686536 -30.263842 -29.992425 -34.731207 -37.959648 -41.670360 -49.287367 -49.746678 -50.377140 -50.896498 -38.862540 -26.600144
20.901087 37.310357 31.404359 22.798303 11.703434 12.072573 15.631856 24.153771 37.851482 56.891431 81.892183 86.212492 90.583502 94.725318 83.857400 71.407506 59.408312 75.596962 85.652770 95.153735 98.757539 110.610699 121.210477 116.402622 107.733949 97.998543 104.634083 118.479558 133.854348 140.522942 144.150035 144.251002 134.096897 128.484292 125.714755 126.242350 122.533616 125.812225 136.926592 152.340460 152.074566 140.737925 116.597779 78.837713 42.204435 18.978180 22.699326 15.698736 9.121859 4.540468 -9.992997 -21.758924 -22.277663 -32.110442 -38.618824 -27.328990 -21.411289
68.996959 87.931907 84.572974 73.650660 61.185094 61.332506 69.771645 79.762889 99.592051 125.103312 152.079493 165.785711 173.936749 184.233174 177.750209 168.029245 158.453143 165.408595 178.428193 191.820318 204.347023 218.353584 231.170097 224.407176 214.286993 211.002013 215.845719 233.978909 250.064418 256.009518 258.860886 263.491774 256.789000 248.925047 240.190170 232.330213 224.972982 220.117624 236.082239 250.956471 248.251037 222.844979 195.895849 157.915478 117.748735 81.445090 75.646235 72.927624 70.484109 54.132336 37.751956 18.534937 7.000624 -2.692586 -18.235101 -13.940911 -8.681964
170.290057 192.696951 198.437300 184.802064 180.034904 185.608628 197.985794 205.132098 220.658452 250.325739 289.735668 321.507666 348.478942 355.160378 346.187272 335.466852 319.456256 312.860553 327.978878 343.056458 357.828639 372.054653 386.295447 394.734282 394.157828 394.459765 397.690646 403.216206 411.320956 419.495391 427.447670 435.581944 435.551818 424.830457 414.943704 403.447519 393.920369 390.620269 390.315691 398.124211 395.060819 368.748880 335.368153 296.272956 252.716692 215.968513 191.688771 190.989796 175.577386 155.911117 132.980375 94.867445 74.502564 56.241358 24.749222 19.016665 28.390161
294.361962 316.341568 337.212435 339.270111 343.841425 348.498427 355.842437 362.282082 373.084031 412.022950 459.594971 506.297909 539.945765 552.613763 543.880245 532.946496 518.147157 503.890744 505.858283 524.694772 545.374190 563.518870 575.420362 579.652169 578.607965 579.060283 580.862059 584.155478 587.173972 593.068506 600.687893 611.353441 622.969178 618.058989 601.317666 588.599895 574.610541 569.637515 568.329548 565.034493 562.971809 553.578273 515.953194 472.137434 425.109490 382.828458 351.234866 325.465591 300.303937 275.161267 228.937697 185.953364 148.244768 116.372911 84.147880 77.250905 100.499255
449.878097 489.445364 518.400500 530.685161 536.474132 540.546983 546.943126 552.735555 561.766955 585.483977 627.114718 670.840479 704.043216 710.879230 703.800973 693.750151 681.567156 670.022809 667.317647 676.734261 688.912914 704.162928 714.995755 724.453426 723.935838 724.176476 724.150825 726.062530 727.789111 729.177083 734.892895 744.714100 753.885417 755.370193 745.270285 731.331134 716.994988 711.417403 706.666337 701.817085 700.597528 697.716589 686.498020 653.714047 610.484187 560.310859 521.470239 484.216852 459.565496 436.968853 411.243140 360.450788 328.250926 288.149388 244.350204 212.873703 241.990467
609.258566 646.652608 673.449843 687.086830 690.160805 693.059091 699.325368 704.923048 714.503802 729.647930 750.144099 776.626641 801.251973 817.992422 815.679143 805.621987 790.609111 786.830935 786.724213 789.627360 796.125280 802.291317 814.822961 827.545366 831.658995 831.921731 829.562215 831.428380 832.389077 832.450533 832.648973 835.502064 840.853935 843.053355 840.514954 829.086288 813.909215 802.319865 795.939364 792.886847 790.446981 789.494811 785.502888 771.864271 744.033702 708.094157 671.188737 640.980801 618.426685 601.038734 587.362545 569.297702 547.387630 508.443274 448.990110 398.184491 380.402307
727.782993 753.508336 777.878411 794.247475 798.613467 803.820082 806.975037 815.163513 827.980752 842.781054 852.962821 865.974286 883.518411 893.673858 899.216293 900.502164 900.687264 903.097702 903.929898 891.379639 894.030860 895.984108 899.186246 903.750517 904.614244 904.363795 903.695590 904.577602 904.980558 905.495590 905.320609 904.362869 905.148671 905.439340 905.374993 902.167678 901.988298 888.515861 879.483135 874.058610 867.702696 859.564893 850.029881 840.686202 827.301219 804.959899 775.497567 748.399530 736.173769 729.116242 722.368952 715.857714 699.171306 673.065033 635.279141 590.644857 547.067718
817.596169 834.407847 856.679131 871.714698 879.984952 886.715682 890.176948 900.132831 910.495230 907.858758 908.902407 910.127902 911.409594 911.696330 911.802042 911.922204 910.274154 910.833396 910.559957 906.946785 899.160091 901.156992 902.299649 904.067236 906.707064 904.738990 905.362475 908.443194 907.660468 903.270762 900.554588 899.145741 899.048686 905.435921 908.115406 909.122344 909.786304 910.411257 911.450408 911.726387 911.286273 909.852013 907.688065 906.827778 898.450176 879.718088 853.627301 825.368767 812.488885 807.947977 808.909773 805.819236 799.947335 781.853097 755.570574 721.692737 684.297716
906.891256 909.636352 913.879272 915.737677 916.290771 917.554963 919.055764 918.818755 915.110994 911.280783 906.614304 905.376834 903.949890 901.384188 901.841923 900.006499 896.867558 894.888510 891.030440 883.126772 874.136248 873.172466 877.757855 881.588583 884.279862 885.876379 888.546993 890.477937 887.388090 881.697488 876.395857 874.849323 880.318719 884.381733 887.823973 887.898806 886.932991 886.185843 887.824738 886.826456 887.837510 893.382145 904.644273 910.167438 910.820691 910.849230 908.193127 902.707298 890.475805 872.840911 875.807124 871.782892 861.887085 844.167324 824.918793 801.332371 777.770077
912.597728 910.861060 905.403250 899.903317 899.045866 902.381925 908.579307 909.757461 903.180645 895.747622 889.751446 883.994396 882.248683 880.556860 879.336133 879.145156 874.838199 869.821319 858.612013 850.748719 842.752608 838.626538 837.749739 842.179680 849.419552 856.076384 859.782427 855.116149 850.334164 842.944813 837.093169 837.866864 839.597814 846.124933 856.269301 858.205418 858.759929 855.433527 853.408917 849.472302 848.523183 854.502415 866.801975 878.500074 888.844483 895.072876 901.546988 907.355886 912.386869 912.495063 911.919003 910.705990 908.043586 895.306838 878.991139 861.353071 842.847696
895.540602 891.882544 886.523912 881.645960 880.196807 882.388903 885.164554 882.337515 876.565620 868.001419 858.936687 850.690507 845.545557 845.529485 846.140244 845.576111 839.893868 828.300492 815.117512 805.816603 795.549523 793.698316 790.064929 786.471715 794.957593 808.509201 813.391366 802.564293 795.939815 785.442167 780.253728 778.315562 779.173955 786.069414 801.267189 816.106513 816.591961 808.995472 802.385289 799.847826 798.929257 805.745799 822.151309 838.646987 850.011734 857.119535 861.506260 868.383884 876.143119 885.318956 895.162054 903.261660 910.979254 912.287789 911.520312 909.760186 897.689908
877.154414 871.798958 866.704000 861.856729 857.994337 855.403558 852.751763 847.067095 841.028545 830.185134 819.567240 809.109634 796.291878 791.597756 786.221746 784.397157 771.604854 761.207691 744.586829 732.002155 719.023080 711.181363 706.098520 700.214084 704.330385 717.969808 726.265278 713.580018 705.730646 695.158312 690.571022 688.085504 689.134542 697.132082 716.627590 732.730924 738.652117 732.161120 728.456845 728.283113 730.227938 738.209348 755.076253 775.135875 794.170727 807.971517 816.551867 823.931457 832.765466 844.419358 854.796051 864.707102 877.201915 892.175191 903.517751 911.183779 915.530314
853.029882 846.108511 837.816332 828.519881 822.298384 821.706588 813.690413 806.240981 792.686749 749.030919 730.537122 711.847929 695.415160 686.504395 673.153723 658.849297 642.895869 632.333594 622.113482 605.881922 588.285155 572.350310 566.758109 561.740793 553.800466 559.704700 563.135972 564.795126 558.439131 552.795097 550.546336 548.456965 552.049045 565.221354 577.064849 587.670820 593.960985 592.390698 600.472439 609.531627 617.238153 639.922626 662.548502 686.788081 711.694675 736.878853 752.514917 764.894769 777.043541 791.709874 806.199205 820.232296 838.048197 857.020091 868.563237 876.583799 885.964211
818.472035 806.128138 794.366759 781.429714 766.731904 763.164655 755.094060 742.937158 700.859666 650.912180 609.615386 584.624802 558.229796 541.844253 523.236560 487.033434 463.013867 449.559125 448.981668 434.570290 413.994026 397.098844 387.860088 380.754276 367.972074 360.936544 365.402676 376.533887 370.829805 367.890650 371.087175 369.117054 366.905876 375.326719 391.404233 401.249775 411.975860 423.456200 429.748976 440.841349 472.681424 498.003807 528.400288 560.867733 591.942563 623.625950 653.897444 676.963171 697.879095 720.133369 739.186350 760.917358 783.099116 808.088338 824.195494 836.129377 845.484227
751.550806 733.121538 713.614094 690.402444 662.894060 651.301136 635.014480 608.566436 553.102137 496.473529 447.334920 414.053585 383.049261 360.403577 330.218885 293.443359 269.061771 269.565724 274.617927 271.644158 255.821340 241.694481 230.850931 217.646848 202.271153 191.698701 199.842375 208.579929 214.417766 217.012062 220.539678 222.227898 221.237478 218.593155 226.637895 236.005002 246.834092 257.470632 269.950444 299.651362 327.726335 350.440147 379.249436 408.705485 441.783165 478.943384 517.305702 549.665243 580.043209 609.252530 640.626945 671.815383 702.844924 734.484693 759.963606 776.819969 791.275431
652.785470 620.515033 586.431020 540.846291 514.764313 493.107895 470.602974 424.342669 370.203266 321.770445 286.805123 256.565796 229.201156 200.850279 168.516960 139.345606 118.316171 123.902916 130.179655 139.458740 126.781179 114.594334 107.673017 92.969224 78.856082 64.889380 72.899566 82.458011 98.223975 101.853208 105.004279 111.232832 109.913756 107.800479 100.775931 109.699929 119.800382 132.995552 159.574870 185.064383 210.369739 233.293250 256.704866 283.118783 312.345296 343.656992 378.136505 407.851015 437.468497 471.675910 509.241818 546.896705 582.069187 619.207774 653.188674 682.328217 709.181987
507.397368 466.245291 418.460642 365.520267 325.653448 305.925294 266.013282 227.493232 185.029102 160.441243 137.964811 112.658460 89.609633 67.417584 40.227541 16.503984 -7.240602 -3.519861 8.579477 22.194024 15.126675 10.731703 7.365386 -4.191367 -17.869919 -31.401340 -27.674164 -12.811183 3.821971 10.590198 16.850085 24.205154 24.190944 17.697961 9.350151 14.917581 28.341961 44.130167 65.646101 88.347156 110.671886 131.642189 155.159714 180.155284 206.090142 234.647140 265.073909 289.526230 318.575213 350.226889 380.036738 404.604876 432.034746 471.442058 508.362364 547.554622 582.758841
352.579478 317.915095 271.640707 224.896646 179.226950 140.353968 105.734457 72.685720 51.766483 31.321351 11.927638 -7.261714 -28.418424 -48.441785 -68.153235 -90.316709 -109.668635 -104.338716 -90.794995 -78.426289 -76.272642 -79.272181 -82.344966 -90.237015 -103.910921 -115.288032 -107.036576 -91.442730 -76.174328 -66.291076 -59.660297 -53.457168 -56.268540 -64.539108 -71.340413 -63.555840 -48.281285 -33.348037 -15.689110 5.721187 27.196679 48.862422 71.705475 94.815891 120.479544 147.247286 174.710645 201.945475 228.014511 253.873709 270.006443 287.273288 302.845113 328.000379 356.771696 389.210083 424.897130
208.342868 177.839842 142.031896 100.979342 68.208012 35.350439 3.878886 -27.010886 -52.356921 -70.470256 -80.986872 -96.097189 -115.697055 -129.527883 -146.584768 -165.615998 -166.888143 -163.165349 -150.786291 -148.461976 -147.690343 -150.638232 -151.724347 -156.496842 -168.183984 -162.300906 -154.452489 -139.375655 -128.315405 -118.929989 -112.614239 -108.440669 -109.024937 -116.209818 -113.504637 -106.283462 -91.609752 -79.711745 -64.354309 -43.433140 -25.921107 -6.346452 15.720782 38.593546 62.819869 88.628738 116.545952 142.104529 163.393379 175.163549 188.339479 197.737498 196.492235 214.926433 234.941146 256.162650 285.921921
83.694044 57.083701 30.098498 -2.000706 -34.402336 -64.859911 -95.208073 -125.005412 -149.810455 -159.460831 -170.375712 -182.084199 -195.539603 -209.341539 -221.873464 -222.274225 -224.559739 -224.896616 -222.923073 -219.853916 -217.275447 -218.250720 -219.348074 -218.757125 -213.063055 -208.819073 -203.249660 -192.662086 -181.530996 -171.288141 -167.248871 -163.071760 -160.243097 -157.102115 -154.608158 -150.227813 -138.800379 -127.009223 -113.660098 -96.632804 -79.146722 -60.193488 -37.906640 -15.271637 8.963747 35.703435 62.849742 84.020104 94.897851 106.114660 111.609094 109.045976 106.985293 117.338268 132.531576 147.312470 171.908272
