tests/Borden05m/data_simulated/sim_1/output-maps/psiliqL0021N0013.asc
ncols         160
nrows         34
xllcorner     620200.000000
yllcorner     5168000.000000
cellsize      0.500000
NODATA_value  -9999.0
[rows 0 to 24 of 34, columns 0 to 54 of 160]
-9999.0 -9999.0 -9999.0 -9999.0 -9999.0 -9999.0 -9999.0 -9999.0 -9999.0 -9999.0 -9999.0 -9999.0 -9999.0 -9999.0 -9999.0 -9999.0 -9999.0 -9999.0 -9999.0 -9999.0 -9999.0 -9999.0 -9999.0 -9999.0 -9999.0 -9999.0 -9999.0 -9999.0 -9999.0 -9999.0 -9999.0 -9999.0 -9999.0 -9999.0 -9999.0 -9999.0 -9999.0 -9999.0 -9999.0 -9999.0 -9999.0 -9999.0 -9999.0 -9999.0 -9999.0 -9999.0 -9999.0 -9999.0 -9999.0 -9999.0 -9999.0 -9999.0 -9999.0 -9999.0 -9999.0
-9999.0 -9999.0 -9999.0 -9999.0 -9999.0 -9999.0 -9999.0 -9999.0 -9999.0 -9999.0 -9999.0 -9999.0 -9999.0 -9999.0 -9999.0 -9999.0 -9999.0 -9999.0 -9999.0 -9999.0 -9999.0 -9999.0 -9999.0 -9999.0 -9999.0 -9999.0 -9999.0 -9999.0 -9999.0 -9999.0 -9999.0 -9999.0 -9999.0 -9999.0 -9999.0 -9999.0 -9999.0 -9999.0 -9999.0 -9999.0 -9999.0 -9999.0 -9999.0 -9999.0 -9999.0 -9999.0 -9999.0 -9999.0 -9999.0 -9999.0 -9999.0 -9999.0 -9999.0 -9999.0 -9999.0
-9999.0 -9999.0 -9999.0 -9999.0 -9999.0 -9999.0 -9999.0 -9999.0 -9999.0 -9999.0 -9999.0 -9999.0 -9999.0 -9999.0 -9999.0 -9999.0 -9999.0 -9999.0 -9999.0 -9999.0 -9999.0 -9999.0 -9999.0 -9999.0 -9999.0 -9999.0 -9999.0 -9999.0 -9999.0 -9999.0 -9999.0 -9999.0 -9999.0 -9999.0 -9999.0 -9999.0 -9999.0 -9999.0 -9999.0 -9999.0 -9999.0 -9999.0 -9999.0 -9999.0 -9999.0 -9999.0 -9999.0 2304.154603 2287.177214 2273.309611 2269.953772 2292.025238 2315.726379 2340.053470 2361.102249
-9999.0 -9999.0 -9999.0 -9999.0 -9999.0 -9999.0 -9999.0 -9999.0 -9999.0 -9999.0 -9999.0 -9999.0 -9999.0 -9999.0 -9999.0 -9999.0 -9999.0 -9999.0 -9999.0 -9999.0 -9999.0 -9999.0 -9999.0 -9999.0 -9999.0 -9999.0 -9999.0 -9999.0 -9999.0 -9999.0 -9999.0 -9999.0 -9999.0 -9999.0 -9999.0 -9999.0 -9999.0 -9999.0 -9999.0 -9999.0 2352.109768 2358.235227 2358.864556 2349.188706 2338.332666 2325.579606 2305.502100 2288.217993 2274.800657 2273.092406 2276.106481 2280.175423 2302.059455 2327.732073 2348.083857
-9999.0 -9999.0 -9999.0 -9999.0 -9999.0 -9999.0 -9999.0 -9999.0 -9999.0 -9999.0 -9999.0 -9999.0 -9999.0 -9999.0 -9999.0 -9999.0 -9999.0 -9999.0 -9999.0 -9999.0 -9999.0 -9999.0 -9999.0 -9999.0 -9999.0 -9999.0 -9999.0 -9999.0 -9999.0 -9999.0 -9999.0 -9999.0 -9999.0 -9999.0 2258.280732 2275.642642 2294.005534 2312.949499 2330.269884 2337.582717 2343.560730 2349.350661 2345.298442 2341.242603 2330.135101 2310.249736 2291.292178 2278.520295 2277.581245 2275.657198 2280.022408 2292.589988 2309.827654 2325.817787 2347.021723
-9999.0 -9999.0 -9999.0 -9999.0 -9999.0 -9999.0 -9999.0 -9999.0 -9999.0 -9999.0 -9999.0 -9999.0 -9999.0 -9999.0 -9999.0 -9999.0 -9999.0 -9999.0 -9999.0 -9999.0 -9999.0 -9999.0 -9999.0 -9999.0 -9999.0 -9999.0 -9999.0 -9999.0 2261.288082 2255.666550 2251.233761 2250.225165 2249.369894 2248.835512 2255.846264 2267.682675 2285.531395 2307.962757 2321.635326 2329.357310 2336.575506 2337.516546 2332.427245 2331.122018 2332.071238 2320.224340 2308.665025 2297.877588 2287.421801 2285.434724 2295.153335 2309.937890 2326.729116 2341.976250 2357.813568
-9999.0 -9999.0 -9999.0 -9999.0 -9999.0 -9999.0 -9999.0 -9999.0 -9999.0 -9999.0 -9999.0 -9999.0 -9999.0 -9999.0 -9999.0 -9999.0 -9999.0 -9999.0 -9999.0 -9999.0 -9999.0 -9999.0 -9999.0 2229.700254 2235.222738 2242.178706 2250.265825 2251.694598 2248.471957 2243.468358 2241.201275 2240.340183 2238.866613 2243.940418 2251.830800 2265.506314 2281.492607 2304.171523 2313.094123 2318.584698 2330.789273 2334.677623 2342.270819 2346.795055 2345.514985 2342.411593 2328.933896 2318.753127 2322.542846 2327.812062 2335.212438 2343.966986 2357.924493 2372.787468 2389.311468
-9999.0 -9999.0 -9999.0 -9999.0 -9999.0 -9999.0 -9999.0 -9999.0 -9999.0 -9999.0 -9999.0 -9999.0 -9999.0 -9999.0 -9999.0 -9999.0 -9999.0 -9999.0 -9999.0 2203.878842 2205.164241 2206.949566 2212.156464 2213.029105 2215.366440 2222.726134 2231.341735 2234.601529 2233.123131 2232.555752 2234.572467 2237.836174 2242.929121 2254.300598 2268.405059 2282.960480 2296.692298 2317.949308 2332.977598 2346.279511 2362.333703 2362.919306 2359.744284 2358.589182 2359.253385 2358.804692 2359.927965 2360.924626 2367.642000 2370.438113 2375.595425 2385.308956 2397.512815 2415.183227 2434.136635
-9999.0 -9999.0 -9999.0 -9999.0 -9999.0 -9999.0 -9999.0 -9999.0 -9999.0 -9999.0 -9999.0 -9999.0 -9999.0 -9999.0 -9999.0 -9999.0 2174.207997 2176.302631 2179.011178 2184.835311 2188.646221 2193.086088 2200.524869 2202.400091 2206.492417 2214.166634 2219.381704 2229.078331 2237.916530 2245.667391 2252.133925 2255.223164 2262.642367 2272.521915 2284.594901 2299.454946 2320.489767 2344.252275 2360.550406 2377.736640 2395.394909 2396.518054 2395.616830 2396.766398 2396.552085 2400.282642 2416.298408 2420.966073 2418.784344 2431.676501 2444.849499 2449.220494 2457.653867 2477.849505 2501.167001
-9999.0 -9999.0 -9999.0 -9999.0 -9999.0 -9999.0 -9999.0 -9999.0 -9999.0 -9999.0 -9999.0 -9999.0 -9999.0 2124.911672 2129.272545 2139.677726 2150.713331 2154.016418 2159.203973 2166.157845 2178.837752 2183.009430 2189.633171 2197.558317 2210.553823 2219.820055 2229.372834 2241.726888 2250.452257 2258.051217 2265.229832 2269.778125 2282.491606 2297.501684 2312.927919 2332.940672 2355.262859 2374.942111 2394.408415 2411.023676 2424.060283 2423.911518 2423.628809 2426.457781 2433.024983 2448.865145 2466.989457 2471.511465 2485.060114 2507.043576 2519.178917 2528.981615 2537.022262 2551.400364 2573.237561
-9999.0 -9999.0 -9999.0 -9999.0 -9999.0 -9999.0 -9999.0 -9999.0 -9999.0 -9999.0 2094.118061 2096.268790 2093.135746 2091.948613 2097.950026 2110.741639 2125.514239 2132.057031 2144.480205 2166.260368 2185.182454 2189.046339 2203.568271 2214.590185 2222.064419 2232.817674 2246.364368 2259.260357 2275.722643 2288.183424 2298.627167 2316.755739 2333.225919 2349.995997 2367.924480 2388.698843 2406.771560 2433.018055 2459.944282 2471.205170 2491.044399 2497.943393 2495.122763 2494.916802 2504.806209 2518.875164 2537.050917 2556.404723 2576.186438 2599.975305 2613.915842 2627.955793 2638.513486 2650.563163 2666.912933
-9999.0 -9999.0 -9999.0 -9999.0 -9999.0 -9999.0 -9999.0 -9999.0 2068.629467 2076.727718 2082.867801 2080.167442 2076.193862 2071.712909 2086.575217 2102.788174 2119.341839 2138.014552 2154.402835 2173.281875 2188.444281 2204.532493 2225.412434 2237.405673 2249.223115 2265.080169 2279.047241 2295.480481 2316.828638 2327.351285 2341.481503 2362.271740 2379.716722 2397.669474 2416.733242 2434.680450 2458.960149 2491.340384 2522.428528 2542.270998 2569.613706 2589.526249 2586.873284 2587.969091 2591.585342 2616.524711 2644.658082 2674.765581 2698.770341 2724.861611 2754.104448 2771.739326 2782.381120 2795.199694 2810.785937
-9999.0 -9999.0 -9999.0 -9999.0 -9999.0 -9999.0 2039.805367 2064.414493 2079.971660 2072.103760 2060.282425 2056.324227 2051.677024 2079.949650 2102.840498 2120.862548 2138.386407 2156.694900 2173.792982 2185.024067 2217.427109 2237.069825 2251.006779 2267.356283 2282.815532 2298.247364 2315.889882 2338.889132 2358.980618 2384.966554 2406.138310 2426.765387 2452.971942 2472.304753 2491.030810 2507.731341 2537.849235 2574.018260 2610.238449 2637.437758 2663.811985 2697.499978 2702.075156 2706.916141 2712.172337 2735.512033 2768.788422 2797.937819 2831.540238 2863.742613 2892.024815 2826.822183 2832.612755 2842.670890 2855.178723
-9999.0 -9999.0 -9999.0 -9999.0 2006.258057 2027.323245 2046.925867 2077.628699 2100.322014 2095.880389 2101.871507 2101.480790 2098.924176 2104.205263 2112.688069 2131.145472 2150.908156 2171.031648 2187.866069 2219.668374 2266.399935 2280.602846 2302.069656 2333.705419 2347.066972 2362.780861 2379.721382 2402.319865 2425.445939 2456.979406 2496.430250 2530.122962 2554.477796 2576.001071 2597.077113 2617.392061 2652.900395 2692.702575 2730.133735 2763.690602 2791.478080 2818.621396 2829.419061 2837.028413 2849.066141 2866.817222 2889.557187 2838.072640 2866.477033 2897.925524 2921.397403 2927.795056 2933.646885 2943.268597 2951.737984
-9999.0 -9999.0 -9999.0 1953.953656 1993.041041 2032.141309 2058.753980 2089.725978 2122.509903 2125.192339 2134.721264 2137.650221 2140.133449 2147.890520 2154.498920 2172.259127 2190.539035 2209.704851 2232.803353 2269.135139 2302.224284 2326.735868 2357.602861 2379.770965 2397.628765 2413.188574 2432.876207 2455.964230 2495.673185 2530.252222 2578.669711 2631.164395 2666.296611 2690.950060 2714.884590 2743.591942 2769.738472 2807.329233 2842.852026 2876.298673 2831.944481 2851.377661 2867.134823 2872.762026 2881.954553 2888.723718 2902.507251 2918.816615 2940.230832 2969.495853 2997.146428 2995.415507 3008.087100 3017.946498 3033.842379
-9999.0 -9999.0 1905.903718 1944.796152 1977.576323 2026.179351 2079.610697 2114.943043 2155.658599 2177.573275 2183.273645 2197.753004 2211.950889 2216.979162 2230.065272 2246.069246 2267.473416 2276.916217 2297.216842 2321.182294 2365.460842 2405.976118 2414.970191 2461.171241 2494.432145 2526.176033 2546.942751 2575.027420 2613.166907 2651.815209 2700.733011 2751.662492 2787.767982 2818.622426 2836.420901 2857.726603 2880.192153 2828.643589 2859.906481 2886.231795 2913.919180 2938.802453 2958.853889 2962.113997 2965.579673 2981.139334 3006.439452 3005.877797 3030.598788 3056.249600 3049.320333 3065.473814 3073.171914 3077.510899 3084.298421
-9999.0 -9999.0 1877.190940 1923.155302 1960.511940 2022.670603 2106.639158 2142.856621 2184.984223 2231.676707 2248.783139 2272.713108 2276.146160 2275.930958 2297.649441 2317.214078 2335.616220 2344.647249 2343.226309 2398.522101 2455.843386 2493.900349 2520.470171 2594.120531 2644.931259 2667.588433 2686.125009 2708.741382 2732.425860 2774.012269 2817.324347 2871.535255 2840.641978 2866.051802 2880.471985 2898.929916 2918.006683 2930.354754 2948.884761 2990.691188 2994.545833 3020.743175 3049.260575 3069.248197 3076.842605 3080.646190 3061.806118 3075.031211 3084.800902 3089.067017 3090.696917 3087.080526 3086.465407 3087.222426 3088.176080
-9999.0 1785.630457 1838.087814 1889.958880 1956.629688 2021.043138 2100.214337 2178.155264 2241.189975 2292.263152 2320.545518 2323.761523 2341.811970 2376.233367 2400.171266 2423.099749 2429.540291 2439.591422 2427.250110 2480.888806 2525.695162 2587.807598 2694.563763 2753.176305 2809.772967 2811.324508 2805.802356 2816.576196 2837.770636 2883.032045 2881.131464 2928.718456 2983.551498 3002.575287 3016.295719 3022.262561 3039.212622 3058.327416 3024.104103 3056.791292 3070.512857 3082.881411 3088.713275 3090.480770 3091.492107 3091.373359 3087.903714 3081.191271 3073.264224 3067.612950 3063.518241 3059.041400 3061.482056 3064.792541 3065.277380
-9999.0 1748.523983 1806.927026 1876.890020 1946.235772 2003.031991 2095.558982 2252.132275 2311.742518 2350.655387 2365.401474 2363.817249 2431.726377 2496.009873 2526.775317 2573.573179 2565.358625 2555.312755 2532.162105 2563.504744 2609.112704 2683.976916 2842.759592 2868.498891 2905.973578 2915.077619 2918.621615 2945.634290 2985.042085 3002.881891 3036.983684 3018.791425 3056.311115 3073.585283 3077.453529 3078.086701 3082.260847 3081.251064 3079.398669 3075.252145 3070.303442 3070.494375 3074.833271 3074.688662 3071.874204 3068.712862 3063.162740 3055.766289 3050.512608 3045.925734 3043.252994 3040.366422 3038.597164 3038.240380 3033.719786
-9999.0 1712.814772 1786.167799 1846.961830 1901.708323 2003.578327 2132.466086 2273.565649 2369.463061 2406.429047 2405.991505 2458.085369 2560.733655 2664.448777 2718.621124 2744.270020 2737.651013 2705.357366 2699.428887 2746.325681 2816.007293 2865.660110 2977.917134 3042.175677 3054.290188 3057.016202 3021.259375 3040.781312 3058.847317 3060.101328 3060.945384 3066.587940 3071.572299 3074.348597 3072.936979 3070.137941 3065.472941 3057.499693 3052.729743 3049.264719 3045.655508 3044.799824 3047.039947 3048.573946 3045.912975 3042.102662 3037.668509 3032.154260 3027.286097 3020.684553 3016.575918 3012.483389 3010.403397 3005.257033 3001.536022
-9999.0 1599.722773 1692.757634 1739.765920 1831.939434 2014.677548 2143.401508 2288.761191 2446.498552 2476.661083 2536.553318 2668.867188 2782.443637 2832.154678 2863.694133 2899.351311 2924.977445 2943.544865 2978.489736 2893.836458 2962.068264 3017.691554 3049.821981 3063.673272 3069.218776 3069.640733 3060.545402 3040.500610 3030.002430 3023.333387 3025.015416 3032.280043 3037.273334 3042.324208 3040.142781 3040.994042 3041.639823 3038.385159 3035.740431 3027.348949 3019.664534 3013.408163 3010.783080 3015.695941 3011.004862 3008.380481 3002.423723 2995.621235 3015.626238 3008.852142 3001.044546 2994.404259 2991.860604 2986.504179 2985.055238
-9999.0 1518.873063 1593.362746 1665.965375 1788.751179 1953.136499 2064.112679 2226.702593 2454.021280 2582.231170 2730.111895 2813.707292 2860.472956 2906.853168 2960.435858 2994.413141 3017.542055 3027.374014 3004.316075 3020.702077 3001.175357 2991.218879 2986.936779 3012.985864 3027.838259 3031.635840 3023.538597 3013.843205 3006.718161 3005.667840 3003.897116 3000.920906 2997.810675 2994.829539 2991.723444 2994.254894 2999.245411 2993.824914 3011.074997 3002.921572 2994.964213 2986.210035 2980.510887 2976.431959 2976.211420 2976.316564 2968.866042 2958.654868 2949.068110 2940.990874 2933.649690 2928.677231 2925.971168 2921.003222 2915.248938
-9999.0 1408.022314 1535.973691 1620.024235 1726.371246 1858.981083 1973.141343 2130.604471 2269.525824 2503.821169 2654.237325 2809.346043 2831.424502 2893.864562 2944.842747 2998.471373 2996.143510 2981.066189 2942.844925 2927.282651 2936.250887 2945.266900 2954.822344 2971.248140 2988.767276 2998.796111 3002.786019 2996.431859 2982.774678 2971.837663 2962.727359 2950.822490 2942.516412 2940.658873 2943.356306 2952.155667 2953.432108 2944.410304 2932.016870 2918.195706 2903.410940 2892.178562 2889.818575 2891.988787 2892.640847 2888.827467 2882.681334 2872.151655 2859.794290 2847.791700 2841.439738 2836.634055 2829.457598 2822.056896 2877.892777
-9999.0 -9999.0 1454.705459 1564.328533 1664.122902 1780.300544 1880.988806 2010.262967 2155.364469 2331.742694 2449.968338 2608.966433 2696.378153 2743.210202 2785.350816 2809.377392 2829.793865 2856.093936 2845.679793 2854.147018 2862.449224 2867.848414 2874.769154 2882.877407 2894.512820 2904.466930 2913.745190 2911.426943 2902.698779 2883.817014 2860.591941 2842.628024 2832.922552 2824.717211 2835.589527 2847.563300 2843.167001 2836.515253 2827.670348 2880.223739 2867.268726 2853.038634 2849.147997 2848.856124 2848.796278 2845.734519 2841.752259 2828.340698 2815.212327 2803.893174 2798.550544 2791.955515 2786.810197 2776.012794 2765.828651
-9999.0 -9999.0 1368.025613 1474.114928 1581.576905 1701.542620 1792.678610 1833.357291 1976.816336 2086.323876 2193.171957 2299.592886 2390.905962 2458.754318 2497.744671 2560.419070 2611.761677 2631.348493 2666.927854 2713.474073 2746.827295 2783.646109 2807.012952 2820.381826 2835.522804 2851.072207 2860.350328 2847.779311 2837.533389 2821.299044 2799.131470 2774.343231 2761.692184 2759.942899 2760.272504 2763.172622 2756.252792 2747.010221 2732.881283 2719.936068 2707.545412 2697.447041 2693.351490 2688.346769 2686.033587 2682.750675 2679.712576 2671.127571 2661.071995 2654.684761 2645.877593 2640.552760 2638.094064 2632.842463 2625.133433
