tests/Borden05m/data_simulated/sim_1/output-maps/psiliqL0011N0002.asc
ncols         160
nrows         34
xllcorner     620200.000000
yllcorner     5168000.000000
cellsize      0.500000
NODATA_value  -9999.0
[rows 0 to 24 of 34, columns 57 to 113 of 160]
-9999.0 -9999.0 -9999.0 -9999.0 -9999.0 -9999.0 -9999.0 -9999.0 -9999.0 -9999.0 -9999.0 -9999.0 -9999.0 -9999.0 -9999.0 -9999.0 -9999.0 -9999.0 -9999.0 -9999.0 -9999.0 -9999.0 -9999.0 -9999.0 -9999.0 -9999.0 -9999.0 -9999.0 -9999.0 -9999.0 -9999.0 -9999.0 -9999.0 -9999.0 -9999.0 -9999.0 -9999.0 -9999.0 -9999.0 -9999.0 -9999.0 -9999.0 -9999.0 -9999.0 -9999.0 -9999.0 -9999.0 -9999.0 -9999.0 -9999.0 -9999.0 -9999.0 -9999.0 -9999.0 -9999.0 -9999.0 -9999.0
-9999.0 -9999.0 409.178857 403.647285 398.310580 393.289942 384.215418 374.901965 366.312568 362.270995 361.306307 360.444994 360.025942 365.286362 373.256593 380.886727 388.075077 390.463393 392.886403 395.144662 395.626573 394.338522 391.068418 387.748137 384.318965 382.805213 374.582098 363.135966 354.237572 351.481520 355.973911 360.515097 363.080128 369.110353 379.990856 390.927843 399.562383 411.444776 417.166596 422.341116 425.467442 421.456735 417.971663 414.271378 409.380367 398.377303 -9999.0 -9999.0 -9999.0 -9999.0 -9999.0 -9999.0 -9999.0 -9999.0 -9999.0 -9999.0 -9999.0
391.890377 395.148927 384.148605 379.262971 375.912015 373.725448 368.644708 359.825049 354.405654 348.893636 347.051381 347.029749 347.056590 351.191097 361.220949 369.194070 373.963106 376.424633 378.953367 378.816178 378.280390 377.896666 374.972550 371.519031 368.099169 366.285039 366.517443 358.894088 353.470428 350.130528 348.700391 351.231273 353.634983 356.914090 366.548359 374.852527 383.157393 397.439739 409.844695 415.116476 412.717413 407.767072 404.072754 397.570311 387.675984 377.302757 367.217173 360.128942 354.696956 349.269466 355.393060 361.988064 372.127385 382.121303 394.187072 406.370578 -9999.0
375.910572 378.702439 367.873111 359.462975 354.650795 354.700283 356.988484 353.278250 348.524055 343.838308 351.966990 353.176324 354.285506 357.504463 360.711258 363.445861 366.189257 371.508437 380.456655 383.097895 383.576027 383.660804 381.789725 378.642538 376.822855 374.047284 368.841664 367.829863 368.197931 368.109453 373.240024 374.782592 376.387149 369.599350 373.096515 379.376177 386.286719 393.076688 399.945469 404.266820 401.126829 400.141048 391.841440 378.079878 366.821663 358.229612 356.022401 352.839119 345.076240 332.641810 339.689723 355.276378 359.955181 363.499735 375.327865 387.639350 397.940552
360.932878 363.830447 358.705852 359.760944 361.179041 362.559747 360.854964 357.755540 355.957638 368.582808 377.968509 379.661732 382.519314 385.993002 385.052236 372.910655 370.358309 378.719603 389.076834 394.870651 395.003363 394.884758 393.012517 391.962074 391.498218 389.207523 390.130928 392.672249 393.026859 397.946921 403.688120 406.600846 398.513551 389.363561 390.024492 397.696458 405.718801 413.051767 423.852372 435.358580 434.242170 428.596237 419.664084 406.058499 382.595779 362.855536 352.100230 345.180681 338.087791 337.723647 335.065160 346.037868 347.775637 349.567591 357.958412 368.255492 378.414378
374.340426 382.300663 376.200946 370.738027 367.545135 368.110148 368.245417 371.426096 384.201508 397.979738 412.695047 415.355489 417.863083 417.463566 408.078143 397.781569 393.736093 408.586182 424.526116 432.735527 433.468432 433.279436 440.693165 439.009936 436.865388 431.726898 434.011293 436.202684 446.937476 454.698804 461.813115 460.127765 448.348335 437.115214 435.262920 437.443505 439.977291 445.884449 456.133979 466.030827 461.057872 453.783265 443.565084 414.739804 387.148611 370.116751 370.440015 370.646314 365.828756 362.622893 359.134749 351.837366 351.346718 350.591729 350.001016 361.916713 374.164877
420.423376 436.323217 430.409537 422.028210 411.363659 411.765398 414.972542 423.159698 436.349068 454.367943 478.523810 481.848232 485.415636 488.758620 477.819987 465.606674 454.154818 471.002198 480.938636 489.775845 492.254121 502.909932 513.007126 508.368454 500.172782 490.384347 496.958464 509.912242 525.298763 532.330206 536.447246 536.284008 525.963758 520.309367 517.868001 518.682979 515.076751 518.469036 528.776442 543.769285 543.450968 533.578800 510.775755 474.073137 439.053043 417.438674 422.052492 415.132464 408.471704 404.313595 390.117082 378.825912 378.569372 368.875037 362.504752 373.789656 379.669412
465.220717 483.467637 479.232119 468.373151 455.486214 455.221988 463.068791 472.960037 492.170576 516.020383 540.840513 551.169307 556.308496 565.890458 559.487874 550.238587 541.660035 550.658650 562.941448 574.975951 585.639623 598.642107 610.663837 602.707992 591.999919 588.126410 593.391385 612.501515 629.570345 635.874583 638.861905 643.309524 635.980315 628.730661 620.393250 612.745937 604.994679 599.577352 615.795353 630.977176 628.922495 605.355870 580.969670 545.183834 507.227103 473.481106 470.305058 467.664276 465.954933 450.416571 434.666365 416.980088 406.560701 397.269658 382.466903 387.205037 392.184570
558.775200 579.792972 582.555677 567.118717 560.602963 565.472899 577.691682 584.757937 600.114476 626.615893 660.750409 685.005861 706.315911 711.068122 702.371747 693.007281 679.355607 675.781251 691.431999 703.736525 715.465849 727.530507 740.826087 748.084426 746.986176 747.397215 751.167230 758.203578 767.836661 776.901452 785.391835 793.526556 792.438489 782.101890 772.738715 760.275248 749.587333 744.713671 744.530694 753.189722 750.901606 726.291506 698.473642 665.895821 627.736582 594.553775 574.012312 576.827190 563.822885 545.120069 524.192287 488.189034 470.172437 453.469665 423.443144 418.474949 426.909051
670.216857 686.877336 701.959563 699.324699 701.585998 705.413820 712.570527 718.652486 728.626855 764.113583 802.672230 835.517264 861.740861 871.333517 861.324744 851.094311 838.990717 829.233380 832.217578 846.585013 864.134394 881.396027 894.122265 899.294015 899.116997 900.354615 903.345686 908.158636 913.608036 923.005103 934.322420 947.554541 960.043158 954.038771 934.302916 916.578379 897.435834 888.709579 885.130054 881.565762 880.546987 873.390586 842.159754 811.631370 776.036770 741.402150 715.679261 697.181100 675.753857 652.331623 606.869428 566.062736 530.708183 502.198536 472.935137 468.609464 491.134486
799.421463 827.643241 845.284504 850.113241 852.833316 855.808836 862.457097 869.525449 880.420740 907.071682 948.707619 988.566188 1019.397460 1024.480797 1015.847050 1005.524556 994.929822 985.043915 982.095243 989.569536 1000.707829 1016.928658 1029.337255 1040.185043 1040.550289 1041.757084 1043.090752 1046.775877 1051.015620 1055.977762 1065.977784 1079.575892 1090.892849 1091.383199 1076.773199 1056.574202 1035.919203 1026.066855 1018.613941 1012.267829 1011.544829 1011.013573 1003.169609 976.085890 935.972047 886.449409 852.873551 826.550005 809.329174 790.022023 764.267764 714.146423 683.894781 648.335077 611.971684 587.745892 622.635684
932.110461 967.247994 989.186758 998.735396 999.729748 1002.006810 1009.470164 1017.115498 1029.973094 1049.830580 1075.438013 1104.831377 1131.125559 1148.245987 1145.086025 1133.738278 1117.909608 1113.919887 1113.355315 1115.503532 1121.930445 1129.343770 1143.986590 1158.939903 1164.281235 1165.388444 1163.837252 1167.053605 1169.858345 1172.150037 1175.111801 1180.690635 1187.611432 1189.451499 1183.974238 1167.530767 1147.140915 1132.175716 1123.465269 1119.069642 1116.643846 1116.818720 1114.591933 1101.226540 1070.357454 1029.349872 991.723158 965.008875 943.916692 925.021865 909.612564 889.076628 868.651674 836.013445 790.114452 749.700770 741.970152
1050.267847 1079.495606 1105.141647 1121.811981 1125.842263 1131.153079 1135.426252 1145.380342 1161.359011 1180.642962 1194.966122 1211.236977 1231.066892 1242.386795 1247.906169 1248.757055 1248.443759 1250.813817 1251.445915 1232.252004 1234.998557 1237.444296 1242.703393 1249.098442 1251.005350 1251.297866 1250.947587 1252.719026 1254.220616 1255.910680 1257.025511 1257.570689 1259.441167 1259.716030 1258.270072 1252.135603 1252.333936 1236.493361 1225.687128 1219.063766 1211.955432 1203.485168 1193.578705 1183.174780 1166.510567 1139.300098 1105.677539 1076.530256 1061.804413 1051.232852 1041.130435 1032.545345 1014.948013 990.860310 956.844064 912.913731 871.580557
1154.775846 1175.346241 1201.308388 1218.652742 1227.883731 1235.164620 1239.056651 1250.197594 1262.555830 1259.776738 1263.133057 1266.247495 1268.936242 1269.704379 1269.918161 1269.960769 1268.194586 1268.475854 1267.592820 1263.408045 1254.585585 1256.028239 1257.074819 1258.985630 1261.922398 1260.303205 1261.295506 1264.753739 1264.331683 1260.269125 1257.964780 1257.109703 1257.579983 1264.225814 1266.771649 1267.210411 1266.714601 1266.599171 1266.982674 1266.556347 1265.573496 1263.588561 1260.614767 1261.219792 1251.206633 1229.200083 1198.530923 1165.710379 1150.547396 1143.884300 1142.369353 1137.500306 1129.922819 1110.205605 1081.381154 1042.613746 1001.300454
1261.961033 1263.078846 1270.672988 1274.286004 1275.592942 1277.100484 1278.579772 1278.690154 1275.167085 1271.702979 1267.247226 1266.065719 1264.613112 1262.007051 1262.475864 1260.620182 1257.195952 1254.497185 1249.222443 1239.504737 1228.636245 1226.152925 1230.105282 1234.026995 1237.193201 1239.424612 1242.437215 1244.159884 1240.678004 1234.432217 1228.767401 1227.466462 1233.713130 1238.686121 1243.107391 1243.555381 1242.547981 1241.476322 1242.828532 1241.617779 1242.880282 1249.233309 1261.486712 1267.086188 1268.495979 1268.027566 1262.743212 1253.075115 1242.500722 1222.968629 1225.081982 1219.745107 1208.137945 1187.835484 1164.779412 1135.846716 1107.192194
1276.025018 1274.881057 1269.569493 1263.992978 1262.925469 1265.943996 1271.697786 1272.144000 1264.688581 1256.267138 1249.260644 1242.452347 1239.993141 1238.158586 1237.080262 1237.018132 1232.161617 1225.417511 1211.363672 1200.295735 1189.025346 1182.407345 1179.813801 1183.680934 1191.699705 1199.577092 1203.657506 1197.972633 1191.947862 1183.107368 1176.404904 1177.227880 1179.637321 1187.892591 1200.487315 1204.340273 1205.522496 1201.873455 1199.275354 1195.187166 1194.710048 1202.181857 1216.667810 1230.801698 1243.345817 1251.026034 1258.227597 1264.516313 1268.915048 1269.371156 1269.098542 1267.649626 1265.325236 1251.115692 1232.009781 1210.273310 1187.925063
1260.897762 1256.805758 1250.817690 1245.261935 1243.155962 1244.650951 1246.360829 1241.836411 1233.898651 1222.706260 1210.883898 1200.203822 1193.252825 1192.934191 1194.168383 1194.493526 1188.404404 1174.686939 1157.668392 1143.472997 1128.152195 1122.415446 1116.137880 1110.996857 1119.982705 1135.187081 1140.637912 1128.192661 1119.561489 1106.921032 1100.566168 1098.282451 1100.081129 1109.293164 1128.225667 1146.714530 1148.662336 1140.778937 1133.523313 1131.004523 1130.893910 1139.578798 1158.729336 1178.549775 1193.192523 1203.159015 1209.685140 1218.396649 1227.978526 1239.406530 1251.425957 1261.274371 1269.598698 1272.475715 1271.262075 1267.520805 1255.074092
1239.214620 1232.367540 1225.748486 1219.530055 1214.616819 1211.078966 1206.672139 1198.355082 1188.646642 1172.442346 1157.405668 1142.843179 1127.269789 1122.249488 1118.385697 1119.306709 1107.885918 1096.727760 1076.387811 1057.722282 1038.138121 1024.655872 1016.309989 1008.819986 1012.406803 1027.097129 1035.767869 1022.210800 1012.227066 999.715898 993.920083 991.139658 993.450064 1004.283040 1027.464714 1047.232351 1055.277665 1048.858419 1045.262706 1045.325010 1047.800155 1057.530506 1075.729869 1098.004385 1120.687448 1138.778304 1150.767579 1160.725600 1172.171177 1187.066449 1201.002884 1214.471901 1230.545948 1249.085547 1262.765754 1271.771773 1276.280316
1206.619871 1197.094612 1186.305624 1175.090445 1167.744810 1166.636856 1156.952099 1146.233309 1126.541349 1076.038381 1052.295333 1028.874901 1009.634645 1001.352144 992.399864 984.175016 973.958594 965.504636 954.564262 933.915504 910.842296 890.397887 882.247679 876.221801 867.182674 872.462586 875.704530 878.275728 870.579815 864.150531 861.581268 859.347152 863.435315 878.363251 892.326482 904.808852 912.448219 911.581299 919.524857 927.906428 935.063214 956.069015 974.895768 997.181227 1023.392948 1052.254285 1071.008206 1085.174483 1099.583100 1117.952148 1137.072066 1156.147404 1179.167103 1203.471910 1219.225733 1230.368623 1242.297594
1158.594891 1142.727077 1127.729879 1112.862249 1097.719038 1095.236667 1086.991559 1071.939821 1023.571943 972.390144 931.365857 905.387378 878.301577 864.056773 851.571065 825.190782 810.165086 802.232052 803.954629 790.374635 769.559700 752.406758 742.501060 734.950409 721.940879 713.775651 718.248843 729.687106 724.588332 722.309009 725.956598 724.240336 721.578178 728.560881 744.112683 753.494749 763.961980 775.391456 780.512611 790.418325 818.333215 835.841463 855.269411 880.229650 908.124681 938.404789 966.339158 986.142855 1006.368056 1030.962432 1054.079406 1080.320439 1107.833380 1139.206624 1161.042004 1177.187832 1190.105073
1076.288536 1054.913881 1032.368446 1007.762760 983.626653 977.298141 964.877409 938.705782 883.294225 833.840764 796.360034 768.732315 741.178588 721.050797 693.980306 662.522285 642.220897 646.221140 652.078828 650.534833 634.854276 620.786004 609.862878 596.064125 580.734879 569.582029 577.883944 586.280446 593.588690 596.643696 600.160963 602.379629 601.355846 597.661678 603.917866 612.952312 623.335864 633.614044 646.471854 675.488261 700.735332 719.394809 742.180579 765.404947 792.292640 821.483177 848.784888 870.620179 895.223987 921.941652 951.863758 981.548658 1014.291700 1050.728630 1081.156121 1101.417957 1119.541838
971.172182 941.618083 908.292801 864.759360 846.070637 834.185179 818.365141 778.120470 730.034716 689.460612 661.358690 634.320664 609.241470 582.266984 551.550743 525.235026 505.577749 512.106743 518.651803 528.858091 516.396711 504.696601 498.146111 483.409244 469.541955 455.365937 462.998310 472.644074 489.145099 492.964866 496.172495 502.749808 501.528757 499.144542 490.828802 499.356154 509.319264 522.341533 548.916307 573.262440 597.123851 618.420196 639.315499 662.809783 688.490839 715.130743 743.447009 766.205257 789.341187 816.215281 843.544517 870.059503 900.036685 935.951714 968.098658 995.307813 1022.936916
843.042309 813.712654 773.408473 726.895598 691.702277 675.281738 637.301490 602.097725 564.447612 544.366668 524.418406 500.649686 478.749882 457.539389 431.737265 409.313890 385.843762 389.759267 402.060092 415.759942 409.547051 405.667400 402.428649 391.154923 377.575658 364.101248 367.733110 382.692060 399.317086 406.407525 412.785663 420.136150 420.102091 413.283988 404.786705 410.195467 423.720413 439.331429 460.007151 482.004463 503.583477 523.801726 546.325633 570.000753 594.329347 620.812948 648.622365 670.180415 695.809241 723.166709 746.794473 764.233818 784.706019 815.967341 841.917629 871.100133 901.452481
720.179036 691.544584 649.719968 606.831360 564.166549 526.101494 493.120418 461.676362 443.126358 423.696964 405.351633 386.970398 366.137784 346.822496 328.040714 306.318090 288.387793 293.843690 307.090377 318.637653 321.224236 318.247267 315.216670 307.641757 294.036626 283.661038 292.021960 307.358631 322.237751 332.220503 338.809149 344.816985 341.989328 333.667747 327.411127 335.171929 350.324864 364.914540 382.007599 403.074160 424.070682 445.366343 467.718246 490.158690 515.017688 540.786531 567.101345 593.222148 617.614610 641.131914 654.619084 668.922580 680.390194 700.798494 723.573996 748.940813 778.066316
591.917954 563.643986 530.303320 491.638778 460.996893 429.151090 398.439562 368.159923 342.951229 325.680753 315.767756 301.054974 281.957876 268.599830 251.896891 234.171838 233.843390 237.137195 248.769479 250.422012 251.126644 248.197478 247.133262 242.694504 231.777026 238.387547 245.973245 260.688156 271.491568 280.821669 286.998657 291.045684 290.682638 283.927163 287.022892 294.010920 308.399873 320.049420 334.985433 355.565228 372.789145 392.045970 413.859556 436.425240 460.216319 485.537243 512.909464 537.761652 558.027253 568.598631 580.665727 588.433887 585.289492 601.733502 619.232387 637.094772 663.320967
