tests/Borden05m/data_simulated/sim_1/output-maps/psiliqL0008N0011.asc
ncols         160
nrows         34
xllcorner     620200.000000
yllcorner     5168000.000000
cellsize      0.500000
NODATA_value  -9999.0
[rows 0 to 24 of 34, columns 0 to 56 of 160]
-9999.0 -9999.0 -9999.0 -9999.0 -9999.0 -9999.0 -9999.0 -9999.0 -9999.0 -9999.0 -9999.0 -9999.0 -9999.0 -9999.0 -9999.0 -9999.0 -9999.0 -9999.0 -9999.0 -9999.0 -9999.0 -9999.0 -9999.0 -9999.0 -9999.0 -9999.0 -9999.0 -9999.0 -9999.0 -9999.0 -9999.0 -9999.0 -9999.0 -9999.0 -9999.0 -9999.0 -9999.0 -9999.0 -9999.0 -9999.0 -9999.0 -9999.0 -9999.0 -9999.0 -9999.0 -9999.0 -9999.0 -9999.0 -9999.0 -9999.0 -9999.0 -9999.0 -9999.0 -9999.0 -9999.0 -9999.0 -9999.0
-9999.0 -9999.0 -9999.0 -9999.0 -9999.0 -9999.0 -9999.0 -9999.0 -9999.0 -9999.0 -9999.0 -9999.0 -9999.0 -9999.0 -9999.0 -9999.0 -9999.0 -9999.0 -9999.0 -9999.0 -9999.0 -9999.0 -9999.0 -9999.0 -9999.0 -9999.0 -9999.0 -9999.0 -9999.0 -9999.0 -9999.0 -9999.0 -9999.0 -9999.0 -9999.0 -9999.0 -9999.0 -9999.0 -9999.0 -9999.0 -9999.0 -9999.0 -9999.0 -9999.0 -9999.0 -9999.0 -9999.0 -9999.0 -9999.0 -9999.0 -9999.0 -9999.0 -9999.0 -9999.0 -9999.0 -9999.0 -9999.0
-9999.0 -9999.0 -9999.0 -9999.0 -9999.0 -9999.0 -9999.0 -9999.0 -9999.0 -9999.0 -9999.0 -9999.0 -9999.0 -9999.0 -9999.0 -9999.0 -9999.0 -9999.0 -9999.0 -9999.0 -9999.0 -9999.0 -9999.0 -9999.0 -9999.0 -9999.0 -9999.0 -9999.0 -9999.0 -9999.0 -9999.0 -9999.0 -9999.0 -9999.0 -9999.0 -9999.0 -9999.0 -9999.0 -9999.0 -9999.0 -9999.0 -9999.0 -9999.0 -9999.0 -9999.0 -9999.0 -9999.0 -318.114870 -335.773891 -352.800515 -354.508276 -331.595579 -308.305679 -284.822586 -264.572926 -246.140797 -227.328716
-9999.0 -9999.0 -9999.0 -9999.0 -9999.0 -9999.0 -9999.0 -9999.0 -9999.0 -9999.0 -9999.0 -9999.0 -9999.0 -9999.0 -9999.0 -9999.0 -9999.0 -9999.0 -9999.0 -9999.0 -9999.0 -9999.0 -9999.0 -9999.0 -9999.0 -9999.0 -9999.0 -9999.0 -9999.0 -9999.0 -9999.0 -9999.0 -9999.0 -9999.0 -9999.0 -9999.0 -9999.0 -9999.0 -9999.0 -9999.0 -270.390055 -264.613285 -263.050672 -274.060534 -285.516881 -297.423264 -317.454352 -335.532991 -351.425092 -354.522361 -352.076068 -346.311055 -323.176066 -299.102440 -279.883912 -262.691488 -243.793829
-9999.0 -9999.0 -9999.0 -9999.0 -9999.0 -9999.0 -9999.0 -9999.0 -9999.0 -9999.0 -9999.0 -9999.0 -9999.0 -9999.0 -9999.0 -9999.0 -9999.0 -9999.0 -9999.0 -9999.0 -9999.0 -9999.0 -9999.0 -9999.0 -9999.0 -9999.0 -9999.0 -9999.0 -9999.0 -9999.0 -9999.0 -9999.0 -9999.0 -9999.0 -362.194334 -344.577629 -326.542677 -308.392484 -292.002328 -285.576401 -279.781189 -274.070002 -278.212654 -283.232875 -294.734811 -313.432364 -333.434555 -348.058310 -351.017854 -353.873582 -349.596854 -336.477420 -319.920166 -303.601754 -282.907107 -260.152071 -251.241948
-9999.0 -9999.0 -9999.0 -9999.0 -9999.0 -9999.0 -9999.0 -9999.0 -9999.0 -9999.0 -9999.0 -9999.0 -9999.0 -9999.0 -9999.0 -9999.0 -9999.0 -9999.0 -9999.0 -9999.0 -9999.0 -9999.0 -9999.0 -9999.0 -9999.0 -9999.0 -9999.0 -9999.0 -357.028016 -363.123600 -368.558410 -370.328647 -371.896826 -373.362589 -366.506191 -354.173783 -335.873834 -314.558614 -302.007380 -295.088561 -288.788868 -288.170579 -293.154285 -295.607686 -295.705518 -307.600331 -319.488858 -330.665103 -341.410715 -342.762763 -333.329600 -319.685691 -303.931610 -289.461518 -274.494145 -261.532451 -246.369936
-9999.0 -9999.0 -9999.0 -9999.0 -9999.0 -9999.0 -9999.0 -9999.0 -9999.0 -9999.0 -9999.0 -9999.0 -9999.0 -9999.0 -9999.0 -9999.0 -9999.0 -9999.0 -9999.0 -9999.0 -9999.0 -9999.0 -9999.0 -385.877616 -379.844642 -373.521090 -366.384112 -365.740994 -370.314730 -376.297820 -379.816749 -381.713540 -383.565211 -379.444346 -371.151108 -357.533549 -341.700884 -320.271695 -311.883510 -305.379109 -293.133283 -291.244654 -286.910312 -283.233387 -285.369860 -288.259775 -300.333169 -309.278176 -303.612310 -297.578005 -291.473871 -284.341527 -271.687096 -256.266992 -238.616239 -217.928162 -196.072372
-9999.0 -9999.0 -9999.0 -9999.0 -9999.0 -9999.0 -9999.0 -9999.0 -9999.0 -9999.0 -9999.0 -9999.0 -9999.0 -9999.0 -9999.0 -9999.0 -9999.0 -9999.0 -9999.0 -410.412109 -409.751555 -408.990568 -404.643999 -403.819776 -401.761163 -394.948268 -387.026514 -385.253644 -387.098050 -389.116836 -387.888358 -385.539516 -381.674432 -370.333123 -356.619360 -342.604429 -328.536483 -307.857648 -293.332968 -279.596302 -263.720864 -265.495350 -270.333771 -272.885409 -272.780770 -272.368916 -266.270388 -262.569247 -257.022324 -251.114273 -244.123433 -235.412134 -224.804119 -206.182677 -185.425446 -164.251414 -143.803660
-9999.0 -9999.0 -9999.0 -9999.0 -9999.0 -9999.0 -9999.0 -9999.0 -9999.0 -9999.0 -9999.0 -9999.0 -9999.0 -9999.0 -9999.0 -9999.0 -438.424901 -436.739631 -434.889085 -429.772091 -427.595917 -423.923800 -417.347379 -416.611061 -413.018634 -406.199690 -401.470562 -393.267620 -385.747982 -378.684785 -373.045294 -370.656485 -363.110120 -353.598815 -341.805227 -326.173782 -304.333174 -281.916627 -265.880972 -249.500487 -232.994577 -232.988620 -234.490673 -233.678446 -232.982665 -224.816214 -206.279085 -199.673015 -195.606134 -175.887958 -160.872343 -154.850706 -146.941819 -127.918544 -102.556764 -73.534454 -37.919982
-9999.0 -9999.0 -9999.0 -9999.0 -9999.0 -9999.0 -9999.0 -9999.0 -9999.0 -9999.0 -9999.0 -9999.0 -9999.0 -482.284874 -478.284823 -469.393953 -461.609902 -459.708803 -456.159748 -450.836903 -438.988057 -435.827993 -429.931443 -422.608610 -411.577587 -403.399795 -394.441467 -382.915501 -374.675283 -367.708742 -360.785294 -354.222471 -340.500706 -325.105959 -309.178918 -288.987601 -267.572805 -246.528116 -225.355296 -210.243598 -195.801028 -192.004819 -193.894121 -192.225294 -183.588992 -164.293157 -143.682912 -129.173769 -105.104482 -78.960142 -62.097061 -46.616035 -35.138038 -19.870139 4.763880 47.648500 93.495805
-9999.0 -9999.0 -9999.0 -9999.0 -9999.0 -9999.0 -9999.0 -9999.0 -9999.0 -9999.0 -517.398243 -514.904605 -518.564823 -517.880234 -513.582865 -502.060143 -489.286554 -482.673491 -471.876580 -451.746177 -435.048403 -431.933043 -417.364934 -407.773067 -401.558005 -391.094335 -378.145866 -365.236263 -347.913018 -335.294920 -322.571928 -301.766978 -285.382033 -269.138444 -251.600582 -231.888108 -210.422193 -179.350817 -150.801362 -135.161607 -109.192805 -93.280778 -95.583584 -94.719456 -85.618739 -65.099365 -36.549977 -3.633550 25.610797 58.910935 85.999028 106.370379 122.608035 140.732043 161.557146 197.207162 237.627514
-9999.0 -9999.0 -9999.0 -9999.0 -9999.0 -9999.0 -9999.0 -9999.0 -541.090189 -534.492256 -528.357102 -531.632484 -536.662272 -540.093922 -527.494988 -512.041621 -496.493157 -479.960545 -464.421429 -447.012196 -431.682996 -415.323329 -396.327128 -384.718693 -373.026741 -357.994307 -344.374192 -326.355539 -305.008096 -290.094309 -270.764118 -248.689484 -228.819933 -210.399523 -191.415111 -172.021684 -141.231941 -103.942087 -67.648150 -37.935879 -4.504322 25.791950 29.292730 34.963607 42.878218 75.912824 116.648017 157.733853 191.527453 222.066534 252.087819 269.871638 282.048797 296.720946 314.257273 331.658482 355.852063
-9999.0 -9999.0 -9999.0 -9999.0 -9999.0 -9999.0 -566.332689 -542.442032 -527.972262 -535.993229 -544.155300 -547.687185 -551.370118 -532.941831 -512.056550 -495.678297 -479.461290 -462.610443 -446.762297 -432.143582 -396.882051 -380.844290 -365.892938 -345.925129 -332.029613 -318.100656 -300.749410 -277.011748 -253.453186 -219.804760 -188.347429 -159.464116 -130.713468 -108.585980 -87.403576 -64.366274 -26.709668 18.592751 64.458373 104.976470 142.924458 179.207679 192.578332 200.582609 209.913064 229.349517 260.822029 292.946241 327.939481 359.624998 383.717100 395.093928 405.677929 418.098492 433.120728 447.843354 461.434314
-9999.0 -9999.0 -9999.0 -9999.0 -599.330869 -578.591837 -558.193458 -527.584527 -505.254244 -511.000178 -503.896172 -503.569964 -505.081258 -503.095749 -497.901495 -480.440226 -463.256176 -445.923358 -427.348334 -389.106031 -347.360305 -330.431124 -303.168886 -270.752895 -256.530160 -241.497087 -225.709361 -201.689186 -170.135672 -131.746871 -79.955679 -33.739581 -0.544069 28.829100 55.728605 86.960642 130.202375 176.383396 216.968038 253.711567 286.440771 313.238610 329.279097 337.887124 348.986393 363.097822 382.349110 408.526677 438.081770 469.712805 493.937505 508.742657 517.131070 528.927077 542.398336 558.592313 571.345876
-9999.0 -9999.0 -9999.0 -645.666763 -607.441411 -570.987342 -543.671335 -512.977509 -481.745429 -475.443866 -467.513071 -461.118901 -454.512489 -445.775360 -435.796028 -419.807354 -406.223324 -394.103810 -373.208731 -336.007664 -299.091592 -263.859978 -230.035119 -197.344509 -172.366255 -155.010968 -136.497839 -109.262948 -64.443881 -16.795704 44.887437 112.001285 160.660056 191.505688 214.293961 241.729943 268.098149 303.592528 337.310757 368.768264 399.892768 425.800982 447.345023 455.693734 463.487160 471.334727 488.125640 508.790613 531.227867 560.818057 586.789784 608.744837 620.591957 631.019988 646.982812 662.648885 673.974417
-9999.0 -9999.0 -691.749893 -655.135008 -619.841420 -568.135496 -515.921264 -482.855091 -442.251517 -416.993352 -409.846106 -390.888756 -373.591458 -364.823993 -347.426335 -329.756290 -316.795351 -313.705961 -301.183594 -264.345895 -208.321574 -155.008438 -116.419693 -53.492525 -14.916463 11.847961 29.012411 59.819081 102.387480 158.191016 212.935683 264.527371 305.832402 337.995791 353.555982 371.491335 394.961205 416.098337 445.247689 473.073351 502.476602 529.485578 554.514156 563.982597 568.499052 581.017318 602.441369 623.654558 646.420272 667.559779 680.360702 685.395061 687.818906 690.108055 692.684180 694.567102 695.369300
-9999.0 -9999.0 -716.391906 -672.709972 -629.652499 -559.082093 -484.176696 -446.571109 -403.399354 -358.937811 -339.430496 -315.275662 -295.026589 -275.579915 -250.808226 -225.787212 -220.829092 -217.588688 -217.348568 -159.943058 -94.943166 -20.607741 63.334828 138.466678 185.156640 198.456538 207.761517 227.444049 254.668934 300.925002 351.915377 401.938835 444.327136 473.412761 488.585292 505.135445 526.438986 543.470192 557.607113 590.127433 613.305336 636.471561 660.719473 679.347999 686.409548 687.533542 684.373389 687.931492 691.245548 693.225101 693.830680 691.020797 690.597823 691.541219 692.672761 687.730113 681.047747
-9999.0 -802.192928 -750.527618 -696.224417 -625.397345 -555.641932 -468.864340 -387.406542 -337.444654 -294.979111 -265.650432 -243.803841 -186.231308 -132.830389 -101.776506 -68.504886 -68.786551 -69.738493 -76.334001 -27.707506 39.439988 144.579808 264.347626 324.319559 360.163825 365.272372 362.638662 376.847008 402.431372 442.378686 501.626811 543.355720 586.712221 618.812028 630.420638 635.229658 650.775431 667.665496 673.416276 682.840306 687.817259 692.199542 691.331486 692.699135 693.469375 693.688264 690.643367 684.416421 676.989278 671.787634 667.852004 663.182229 665.752943 668.949861 669.525061 661.455476 652.244784
-9999.0 -835.900300 -775.514091 -702.767476 -630.482949 -551.662033 -437.469685 -309.276503 -262.531476 -226.902505 -193.706459 -140.719163 -44.207804 34.270628 83.546634 133.812204 135.029941 124.753484 123.941857 163.040067 220.070689 297.165712 421.381713 504.663832 519.421064 531.133769 539.824878 562.548119 591.885318 619.005635 642.725142 658.345204 670.092739 675.600204 677.818578 679.178112 681.042960 681.175175 678.202981 675.080265 671.372291 672.299924 676.551109 676.775974 674.401558 671.507469 665.437239 656.390162 649.669711 644.338749 640.684136 636.379423 635.478420 635.922450 630.830993 621.957761 610.102249
-9999.0 -859.083145 -790.319135 -724.269673 -649.028473 -522.054617 -399.935036 -270.977990 -180.737168 -138.205440 -80.055133 22.634137 135.668016 226.520459 279.153002 311.291367 328.699685 324.043448 339.647654 383.853436 445.536020 517.680489 578.113224 638.776331 649.730538 652.716952 646.616566 651.620316 656.401609 658.145455 659.880493 661.140641 666.817681 669.896441 669.292139 666.795590 661.917855 652.902866 646.958346 643.940335 640.998467 641.249918 644.384680 645.271618 642.838327 638.534426 632.252413 622.575806 614.093655 606.214509 601.449838 596.702778 594.497479 589.853581 584.209587 576.268444 561.602093
-9999.0 -943.932599 -860.849839 -797.754984 -659.739642 -495.663847 -371.860463 -216.584914 -77.745851 -14.789011 98.148004 211.844100 307.935167 374.633769 423.425815 477.620737 518.246401 547.518731 578.118585 576.146419 613.822008 642.872937 653.103445 659.101334 655.766310 657.089451 649.700093 630.277327 619.707327 613.318527 615.554151 623.252534 629.485331 635.467978 633.566368 633.306513 630.938800 623.161726 617.299208 608.882535 601.594476 596.664394 595.845460 601.322838 596.231260 592.131336 584.992394 574.932806 564.824327 556.077978 547.944375 540.774485 537.613106 531.717618 529.607567 521.374559 494.934515
-9999.0 -1024.572661 -945.392241 -838.548942 -684.638528 -521.425293 -371.923974 -197.765347 3.300915 131.833443 241.870907 301.764135 371.259825 439.509232 511.397265 565.778587 597.727754 608.497776 607.152491 604.911591 574.280646 566.717361 581.499847 604.306696 614.225572 617.196960 606.724735 591.460469 582.424186 580.763921 579.878923 579.771214 579.337139 577.852166 574.483606 575.079644 577.521816 569.480664 560.441021 552.690030 546.193674 538.892726 534.045276 531.477746 529.565915 528.780748 520.860816 509.717218 498.610646 490.010583 481.827911 475.537175 473.034651 468.237927 461.504030 450.492580 424.043062
-9999.0 -1109.546244 -995.637350 -891.085324 -753.058469 -612.323897 -473.245515 -301.053063 -131.828068 101.181680 277.697623 333.358964 366.240911 415.924882 483.343866 552.948999 572.011125 547.470850 518.730807 496.699390 492.925974 499.105279 512.001533 531.705155 547.048359 554.654346 553.206117 542.330167 527.531201 519.010130 514.090025 506.014601 499.895320 499.036125 497.598522 502.376789 504.303383 494.326230 481.713346 467.299592 455.003820 445.988488 443.279590 444.200850 443.816612 440.604502 433.386610 423.048832 410.599095 399.232906 390.946742 384.978923 378.561473 369.743148 359.884515 348.863606 324.237946
-9999.0 -9999.0 -1064.145420 -951.588568 -834.459682 -704.880602 -574.369097 -415.672214 -255.646410 -53.061637 87.172954 191.266928 249.768973 297.206631 355.471496 409.926029 427.755321 440.356190 416.274947 412.139598 413.242740 417.148903 426.926648 439.207371 451.576945 459.594934 464.167207 460.991460 451.134522 435.614357 417.980911 404.352215 395.848270 389.616180 396.555834 406.215979 403.860264 397.055587 385.864073 371.537278 359.700398 347.674766 344.572669 345.411581 345.406213 342.448427 337.245235 324.531118 311.229829 298.049759 291.172875 284.195878 277.421592 265.761273 253.455137 239.652003 215.567590
-9999.0 -9999.0 -1145.631375 -1033.821334 -911.522164 -784.606666 -674.998149 -563.805639 -401.843889 -275.332129 -166.749194 -69.618553 13.949452 85.907825 138.138184 195.079982 225.221004 237.887697 245.212333 260.892904 281.790006 303.555385 318.816305 331.488420 343.824529 354.268037 361.974069 351.741636 341.228956 325.334058 304.949764 282.444116 269.729480 263.688785 266.653669 272.665342 267.250022 257.043997 242.722625 226.639209 213.890513 202.166934 198.272197 196.139305 195.290525 192.352948 188.323577 177.636461 163.464906 152.306947 141.914271 132.795328 126.546486 115.119519 100.679674 88.855042 64.440814
