tests/Borden05m/data_simulated/sim_1/output-maps/psiliqL0003N0011.asc
ncols         160
nrows         34
xllcorner     620200.000000
yllcorner     5168000.000000
cellsize      0.500000
NODATA_value  -9999.0
[rows 0 to 24 of 34, columns 56 to 111 of 160]
-9999.0 -9999.0 -9999.0 -9999.0 -9999.0 -9999.0 -9999.0 -9999.0 -9999.0 -9999.0 -9999.0 -9999.0 -9999.0 -9999.0 -9999.0 -9999.0 -9999.0 -9999.0 -9999.0 -9999.0 -9999.0 -9999.0 -9999.0 -9999.0 -9999.0 -9999.0 -9999.0 -9999.0 -9999.0 -9999.0 -9999.0 -9999.0 -9999.0 -9999.0 -9999.0 -9999.0 -9999.0 -9999.0 -9999.0 -9999.0 -9999.0 -9999.0 -9999.0 -9999.0 -9999.0 -9999.0 -9999.0 -9999.0 -9999.0 -9999.0 -9999.0 -9999.0 -9999.0 -9999.0 -9999.0 -9999.0
-9999.0 -9999.0 -9999.0 -538.591987 -540.080156 -541.089743 -541.630361 -543.716266 -545.322600 -547.238616 -547.514960 -547.272554 -547.625073 -548.427462 -547.406546 -546.088161 -544.973796 -543.397232 -543.737847 -543.565542 -542.961671 -542.798269 -543.069147 -543.794541 -544.254466 -544.800821 -543.988977 -546.189709 -549.086074 -551.309353 -551.752480 -549.820838 -548.691976 -548.930344 -547.899129 -545.626836 -543.713106 -543.119743 -540.813725 -541.215123 -540.307814 -538.785755 -540.005777 -540.270776 -540.055992 -539.571157 -542.831515 -9999.0 -9999.0 -9999.0 -9999.0 -9999.0 -9999.0 -9999.0 -9999.0 -9999.0
-544.772912 -540.492329 -540.822109 -547.129204 -547.716017 -547.814401 -547.486900 -548.342693 -550.646506 -551.195581 -552.923615 -553.674638 -553.875296 -554.583786 -554.053059 -551.183612 -549.172693 -548.619795 -549.072158 -549.303193 -549.950557 -550.397161 -550.249592 -550.948451 -551.589712 -552.272380 -552.052524 -550.222264 -552.354447 -553.426675 -554.491035 -555.642467 -555.221837 -554.873775 -554.734570 -552.050420 -551.047823 -550.366702 -546.774601 -543.453825 -542.605793 -543.972482 -545.439076 -545.034714 -545.129754 -546.473261 -547.760418 -547.685347 -548.280565 -548.528663 -549.809929 -547.861026 -547.897313 -545.752819 -543.978590 -541.889512
-550.521634 -545.553204 -545.917737 -550.689136 -553.548340 -554.428673 -553.776766 -551.717474 -552.492129 -554.184452 -556.793887 -553.893613 -554.300595 -554.581270 -554.074197 -553.144253 -552.762547 -552.331095 -551.678916 -549.131192 -549.343487 -549.576030 -549.444133 -549.884920 -550.699805 -550.617185 -551.054198 -553.199580 -552.857191 -552.334928 -552.816923 -550.709334 -550.595316 -549.379093 -553.112078 -552.506724 -551.634454 -551.031277 -550.626792 -550.117830 -549.389047 -551.017593 -549.835915 -551.098725 -553.948384 -554.597042 -554.290713 -551.854399 -550.619837 -552.051926 -557.229685 -554.483451 -548.770742 -549.237753 -550.187194 -547.461210
-553.781876 -552.798407 -553.482520 -555.487853 -553.509964 -551.917178 -550.909618 -551.814075 -553.664623 -555.923537 -551.341216 -549.494463 -550.539565 -550.031597 -548.708871 -548.646942 -554.351116 -555.850196 -553.654291 -551.354712 -550.404683 -551.452148 -551.964107 -552.951282 -552.934387 -552.316338 -552.910483 -552.037184 -551.292575 -552.301263 -550.881490 -549.242714 -547.663269 -551.192011 -554.425796 -554.218159 -551.539449 -549.608690 -548.651730 -545.919731 -541.638597 -542.350801 -543.301236 -543.730536 -544.175975 -549.213968 -553.825351 -555.658352 -556.465037 -557.839051 -556.691457 -557.704917 -553.099374 -553.472322 -554.212766 -552.056829
-557.944481 -552.348202 -551.020595 -554.128138 -555.778926 -556.493539 -555.990858 -556.622878 -556.572931 -552.556994 -550.400919 -546.709036 -548.133343 -548.042872 -548.201526 -552.021296 -554.944051 -556.927822 -551.066112 -546.419051 -544.941521 -546.228145 -547.339745 -543.247557 -544.449587 -544.950615 -547.406982 -546.542944 -546.972903 -542.665604 -541.008254 -538.721336 -539.607507 -543.912869 -547.560070 -547.742798 -547.338090 -547.759756 -546.737686 -544.020868 -540.598215 -543.134174 -544.212179 -543.921370 -551.506761 -557.449343 -559.460764 -555.180087 -552.730326 -553.148659 -552.715610 -552.473840 -555.496749 -554.751734 -554.427119 -555.880170
-547.025724 -543.929960 -538.803084 -542.344782 -544.818628 -549.243877 -548.751074 -548.255221 -546.786063 -544.725527 -540.813132 -533.202629 -534.848246 -534.429219 -531.952272 -536.132345 -540.046768 -545.968156 -539.317741 -537.827974 -535.725866 -536.128304 -531.195040 -526.767290 -529.495666 -533.241300 -537.782549 -535.063341 -529.213042 -523.716051 -522.453720 -521.828231 -520.876209 -524.813339 -525.831106 -526.613654 -526.162947 -528.769788 -528.627142 -524.527538 -517.457811 -516.666682 -520.003355 -526.726377 -537.091621 -546.518543 -551.570637 -545.523342 -547.256094 -548.055537 -547.015390 -550.707921 -552.822552 -549.580715 -552.407257 -554.597342
-544.362001 -541.361276 -535.548010 -538.112746 -542.705148 -547.673804 -547.620597 -544.716765 -543.278617 -537.670016 -529.796340 -520.753957 -515.777444 -511.112772 -505.757240 -509.901045 -514.365364 -519.422725 -518.326212 -512.429222 -506.518352 -499.382099 -490.946494 -481.672484 -483.779447 -488.339880 -488.735125 -486.747580 -477.165197 -468.026931 -464.129940 -461.476844 -456.213464 -459.649122 -465.863635 -472.859409 -479.723708 -485.727425 -490.491996 -482.554799 -473.741085 -475.439203 -491.971989 -505.288819 -518.894513 -531.264288 -544.142944 -543.787366 -541.494401 -539.333467 -543.970766 -546.179725 -550.352659 -551.155231 -550.679430 -555.357202
-518.159114 -511.183071 -502.902658 -499.372471 -507.291620 -508.507113 -505.730095 -499.877772 -497.678776 -490.554031 -470.121158 -435.162519 -393.871386 -362.469717 -357.511109 -366.334635 -380.871672 -404.025774 -416.181943 -398.093809 -377.083795 -359.861380 -351.121042 -345.137676 -341.038831 -341.327647 -341.268052 -340.200263 -338.996255 -336.404841 -333.178162 -329.806327 -325.705808 -324.295831 -329.247491 -333.878908 -338.850089 -343.360825 -344.391642 -345.801269 -342.928338 -343.444757 -354.840108 -382.256754 -428.106243 -464.652239 -487.258949 -503.087147 -502.983139 -509.780141 -515.409561 -521.689851 -535.307700 -538.959304 -541.008282 -552.156451
-465.023267 -435.932801 -411.373298 -386.245399 -382.089626 -376.738659 -371.800649 -364.006029 -357.229907 -352.721578 -336.819494 -314.973672 -289.758553 -267.770896 -259.522365 -267.649803 -277.058643 -287.762676 -296.134606 -294.774072 -283.107507 -269.327984 -256.764381 -248.898370 -246.182986 -247.529161 -247.359122 -246.646058 -244.498626 -243.461992 -240.585330 -235.715796 -227.103058 -215.748048 -217.605368 -231.146507 -241.691953 -254.223889 -259.624632 -262.412881 -267.318258 -268.050215 -268.569542 -288.489872 -309.970737 -330.852637 -348.576358 -363.990077 -397.934825 -429.494218 -451.185813 -481.572410 -505.064388 -522.486605 -534.204779 -545.259374
-338.738234 -320.667607 -301.174899 -287.850848 -281.938378 -278.662201 -275.145945 -269.075307 -263.837529 -257.289494 -243.641628 -214.931981 -180.795309 -148.517316 -141.276642 -148.234701 -157.385084 -169.177733 -176.270153 -179.033368 -174.560105 -168.148014 -155.651372 -146.586359 -135.049184 -135.304687 -133.450589 -133.273848 -132.534460 -132.707301 -130.858956 -127.239990 -120.422123 -110.824370 -109.844137 -116.518534 -131.998147 -146.524339 -156.766498 -169.741643 -178.108687 -180.262417 -180.501591 -181.498618 -200.139142 -228.096684 -262.689934 -285.885178 -305.253030 -317.122506 -327.782395 -335.983536 -356.457086 -376.912776 -424.854024 -463.987102
-257.806771 -235.512021 -210.112829 -190.426235 -177.437980 -169.791660 -164.456411 -157.582717 -151.407558 -141.588245 -125.582709 -109.750097 -79.129348 -24.285567 -6.189152 -7.930793 -16.589471 -31.036963 -32.714576 -33.579486 -33.019689 -50.363934 -25.287375 -35.108754 -0.838354 -17.668945 4.765613 3.545436 4.374849 -16.709991 5.020228 3.972627 -16.425211 10.357026 -9.793347 9.968220 -23.487535 -18.111520 -34.566500 -73.434334 -84.026529 -89.380867 -91.035124 -93.759045 -102.957889 -126.243516 -161.030944 -194.404806 -218.272719 -234.612721 -246.440550 -254.048633 -259.952785 -272.624549 -295.652647 -323.299846
-161.146382 -141.331183 -119.823600 -92.563964 -69.688067 -34.827248 -26.026114 -21.847474 -12.958127 -19.251456 15.857084 5.903121 37.827282 55.749418 64.828103 70.198389 71.927789 72.026657 74.467332 73.893578 73.596473 73.297658 74.500474 73.913583 77.198758 77.270364 77.440890 77.857353 78.080557 77.259201 78.286303 77.444051 75.580837 75.831086 75.205233 75.884174 72.912791 66.378190 52.082770 40.219712 33.516262 26.606582 18.302943 9.565982 0.930513 -11.914858 -62.899131 -98.360888 -129.038625 -144.123682 -155.187328 -161.877397 -166.824933 -179.757452 -198.442780 -221.663137
-26.957718 -15.254423 -19.451145 22.101069 36.554995 48.172007 54.757501 58.967302 68.139675 77.308692 80.231189 79.368264 80.599644 80.107842 80.733678 80.858398 80.013407 78.688951 77.981816 77.336937 71.636288 63.149370 64.285739 65.290734 67.207402 70.683171 69.784669 70.328406 73.134055 71.928455 66.672014 63.451928 61.701419 61.642862 68.444115 71.030079 71.855971 72.184532 71.616434 71.333076 71.093069 70.995553 70.743777 70.667731 65.938284 58.063778 38.741045 12.560527 -15.664451 -37.435233 -69.094313 -72.697546 -77.399089 -84.038538 -103.344594 -132.523058
61.144503 71.577570 80.346370 81.586831 81.255508 81.841359 82.555770 84.779060 83.775566 81.106526 76.993601 73.256849 71.951699 71.061116 68.403149 69.054533 67.388760 63.661056 60.670487 55.746999 46.147821 32.677367 30.300303 34.485587 20.231625 35.075290 47.414060 50.602399 52.399086 48.335995 39.497631 32.605967 30.138408 36.206620 41.885026 47.491194 48.000770 46.467445 43.085070 43.373830 41.502287 42.447828 49.097272 60.671762 68.316813 68.255121 68.155964 67.744462 67.148230 47.309151 28.060805 30.145526 26.325681 15.918565 -4.706180 -53.539676
75.456223 75.374614 73.410267 67.728468 62.503699 61.924463 65.532328 71.739438 73.408921 67.144903 59.898663 53.851470 48.220406 46.358642 42.561059 41.431734 41.735439 36.600381 30.171384 16.270744 -10.117510 -38.377618 -48.244020 -49.849250 -44.632732 -28.624972 5.231869 13.379649 9.111395 -0.092335 -35.869201 -48.814797 -50.017063 -46.053577 -33.113601 2.789392 6.717910 -2.336735 -24.704100 -30.817906 -35.412751 -31.756949 -0.124542 16.102309 29.557773 41.026207 48.683656 55.175779 60.550378 67.305059 67.152394 67.076023 66.969194 62.911160 50.364140 32.165790
61.722582 55.748526 51.522086 43.554598 37.569301 36.012735 38.901531 42.421126 40.241862 34.384932 24.950844 14.990098 3.389374 -13.218140 -30.471485 -32.999162 -34.120138 -40.522158 -54.412498 -71.840862 -88.285032 -105.669315 -111.038302 -114.969271 -115.501204 -101.832136 -81.651067 -74.342829 -85.360854 -95.770239 -113.870275 -123.774823 -126.922224 -124.565432 -113.508465 -92.076782 -76.254437 -78.298787 -90.853465 -100.457579 -104.490041 -103.968249 -91.152182 -70.570973 -50.371506 -32.493851 -0.211281 7.619651 15.390454 24.102638 34.156900 46.222527 55.558127 65.990462 66.393122 66.189219
37.055140 29.366015 21.325617 -12.119658 -24.076397 -30.278039 -33.276781 -35.133395 -40.522307 -46.430610 -55.594131 -66.422419 -77.928476 -93.270983 -100.803469 -105.210483 -104.707804 -116.126572 -127.786907 -146.908072 -161.732465 -176.410417 -183.673861 -188.089273 -191.684086 -182.657292 -165.689739 -156.167811 -171.016871 -181.210907 -195.346337 -202.477604 -205.684824 -204.553357 -195.586253 -173.490963 -156.478396 -152.189377 -161.480518 -169.188186 -172.434319 -172.163161 -165.753903 -149.075854 -128.392927 -107.556658 -89.612186 -79.444052 -71.015368 -60.279881 -44.763692 -24.090884 9.256605 25.256828 42.030246 55.145035
-26.075298 -38.773250 -50.564197 -66.596055 -79.966918 -87.267049 -87.617257 -94.355984 -100.230173 -109.006833 -146.600884 -160.000179 -175.064504 -188.350851 -193.867647 -201.622776 -205.661314 -215.079226 -221.933909 -232.099551 -244.706090 -257.094796 -267.250682 -269.598138 -271.789372 -273.990098 -265.498205 -261.974801 -264.821515 -270.676362 -276.925762 -280.246877 -282.182470 -279.181864 -269.422320 -260.070732 -251.235602 -247.790646 -253.278614 -249.609574 -245.031678 -245.009090 -231.869907 -219.383880 -203.420416 -183.731661 -162.661999 -151.630767 -142.780263 -132.014613 -116.161470 -97.581759 -76.847646 -53.126997 -25.811131 13.100727
-78.693362 -93.051993 -107.633791 -121.330583 -134.250354 -145.818540 -145.864765 -149.621271 -154.972993 -183.288709 -219.926965 -245.106563 -258.115283 -272.774424 -279.860539 -288.282842 -306.698580 -317.180706 -322.778194 -321.651250 -328.626260 -337.864389 -344.824620 -347.496039 -349.206072 -354.072895 -356.185551 -354.167436 -349.563157 -353.869344 -357.091866 -356.338250 -357.955905 -357.942611 -352.107917 -344.986083 -341.244258 -337.268551 -333.317423 -330.913974 -326.353940 -308.975741 -296.885130 -286.015082 -271.922900 -255.644716 -237.338068 -221.903067 -211.672233 -199.664075 -182.585605 -166.802357 -146.432344 -122.901126 -94.146366 -71.736848
-143.060020 -160.216985 -174.712923 -188.965252 -203.435091 -222.244789 -224.498757 -230.810110 -239.611715 -270.585336 -300.723428 -324.718583 -337.633468 -349.833415 -359.183040 -385.719152 -429.064928 -450.347851 -450.208997 -445.216447 -451.092292 -465.187680 -475.921841 -482.801755 -489.419902 -498.054626 -502.944440 -498.282589 -493.396027 -493.938229 -494.517741 -492.965868 -493.275407 -493.712148 -492.811294 -483.802828 -477.413782 -470.486173 -464.605035 -459.642186 -434.618077 -399.310477 -369.710820 -350.474728 -338.141770 -322.620321 -303.469334 -287.881136 -277.466975 -264.129832 -249.019682 -232.372876 -214.496207 -191.834074 -164.298899 -141.679300
-204.445775 -226.366057 -243.670796 -260.684594 -285.208922 -297.449031 -305.646252 -312.734383 -330.887062 -353.210039 -389.690504 -438.744055 -464.111688 -481.481925 -495.469631 -509.157360 -520.170114 -526.798496 -522.559597 -520.341157 -516.509515 -522.431152 -527.123064 -528.203793 -532.507443 -536.307488 -541.413792 -537.348025 -535.518760 -530.704994 -531.193932 -531.094533 -528.948933 -529.999417 -530.346789 -533.393568 -529.991898 -528.033072 -525.663549 -516.933200 -508.282282 -498.533980 -488.638805 -474.969435 -455.329499 -423.318924 -378.369576 -350.358420 -337.417016 -323.745156 -306.292194 -291.228745 -277.583653 -260.886018 -239.242770 -218.989089
-280.489218 -295.649100 -313.381145 -335.372227 -359.944895 -395.115926 -412.668303 -445.485281 -470.555841 -497.233533 -511.202259 -518.302021 -525.423696 -530.605801 -534.549891 -540.921164 -545.312215 -552.117778 -549.422688 -545.755475 -540.499295 -544.734084 -545.317739 -544.374656 -546.881564 -549.551436 -553.974253 -553.270203 -549.709081 -545.479878 -545.679044 -544.838279 -542.422608 -542.360961 -544.302784 -548.223961 -547.288008 -544.790852 -542.395552 -537.622560 -533.109637 -528.568825 -524.493723 -518.509749 -511.079976 -502.339110 -489.499484 -470.765183 -452.704933 -419.382305 -372.815434 -348.748481 -339.168329 -328.147733 -308.469461 -292.200987
-347.565765 -363.612558 -403.525757 -454.844610 -486.945871 -509.167155 -520.260010 -529.400922 -537.562948 -540.542853 -543.400063 -546.528008 -549.102716 -551.907886 -554.409599 -556.418538 -559.736003 -566.459871 -563.562001 -559.633073 -555.234481 -555.042500 -555.486022 -555.085642 -556.066177 -559.100217 -564.485810 -562.157182 -558.866641 -555.919252 -555.007005 -554.454639 -552.631625 -553.955662 -556.703131 -560.626855 -558.950566 -555.946713 -554.327598 -552.259664 -549.144993 -545.833777 -542.515728 -538.607355 -534.573971 -529.025907 -522.571424 -514.903922 -506.089890 -495.541198 -480.642838 -469.253654 -454.865203 -436.608785 -401.180212 -364.515856
-476.482062 -492.647335 -505.396890 -517.450828 -529.762629 -535.905217 -541.271454 -545.748806 -550.369627 -553.172902 -555.263098 -553.985471 -554.908439 -557.924348 -557.664463 -559.224273 -564.581662 -562.491442 -560.922491 -556.526658 -557.387716 -557.628562 -558.665963 -557.926965 -558.592981 -563.840156 -561.077327 -559.935761 -556.886941 -556.375245 -555.743217 -555.269218 -554.727635 -555.335624 -559.044274 -558.237597 -557.268252 -554.501766 -554.464781 -553.382418 -550.213219 -549.298233 -547.375116 -544.595862 -541.607221 -537.996616 -533.536107 -527.254018 -520.740134 -514.426996 -512.384856 -507.894711 -503.991204 -507.004957 -498.282356 -487.939193
