tests/Borden05m/data_simulated/sim_1/output-maps/psiliqL0024N0006.asc
ncols         160
nrows         34
xllcorner     620200.000000
yllcorner     5168000.000000
cellsize      0.500000
NODATA_value  -9999.0
[rows 0 to 24 of 34, columns 0 to 54 of 160]
-9999.0 -9999.0 -9999.0 -9999.0 -9999.0 -9999.0 -9999.0 -9999.0 -9999.0 -9999.0 -9999.0 -9999.0 -9999.0 -9999.0 -9999.0 -9999.0 -9999.0 -9999.0 -9999.0 -9999.0 -9999.0 -9999.0 -9999.0 -9999.0 -9999.0 -9999.0 -9999.0 -9999.0 -9999.0 -9999.0 -9999.0 -9999.0 -9999.0 -9999.0 -9999.0 -9999.0 -9999.0 -9999.0 -9999.0 -9999.0 -9999.0 -9999.0 -9999.0 -9999.0 -9999.0 -9999.0 -9999.0 -9999.0 -9999.0 -9999.0 -9999.0 -9999.0 -9999.0 -9999.0 -9999.0
-9999.0 -9999.0 -9999.0 -9999.0 -9999.0 -9999.0 -9999.0 -9999.0 -9999.0 -9999.0 -9999.0 -9999.0 -9999.0 -9999.0 -9999.0 -9999.0 -9999.0 -9999.0 -9999.0 -9999.0 -9999.0 -9999.0 -9999.0 -9999.0 -9999.0 -9999.0 -9999.0 -9999.0 -9999.0 -9999.0 -9999.0 -9999.0 -9999.0 -9999.0 -9999.0 -9999.0 -9999.0 -9999.0 -9999.0 -9999.0 -9999.0 -9999.0 -9999.0 -9999.0 -9999.0 -9999.0 -9999.0 -9999.0 -9999.0 -9999.0 -9999.0 -9999.0 -9999.0 -9999.0 -9999.0
-9999.0 -9999.0 -9999.0 -9999.0 -9999.0 -9999.0 -9999.0 -9999.0 -9999.0 -9999.0 -9999.0 -9999.0 -9999.0 -9999.0 -9999.0 -9999.0 -9999.0 -9999.0 -9999.0 -9999.0 -9999.0 -9999.0 -9999.0 -9999.0 -9999.0 -9999.0 -9999.0 -9999.0 -9999.0 -9999.0 -9999.0 -9999.0 -9999.0 -9999.0 -9999.0 -9999.0 -9999.0 -9999.0 -9999.0 -9999.0 -9999.0 -9999.0 -9999.0 -9999.0 -9999.0 -9999.0 -9999.0 2876.016772 2858.799701 2845.012868 2840.504855 2861.564220 2884.482725 2908.093729 2928.426274
-9999.0 -9999.0 -9999.0 -9999.0 -9999.0 -9999.0 -9999.0 -9999.0 -9999.0 -9999.0 -9999.0 -9999.0 -9999.0 -9999.0 -9999.0 -9999.0 -9999.0 -9999.0 -9999.0 -9999.0 -9999.0 -9999.0 -9999.0 -9999.0 -9999.0 -9999.0 -9999.0 -9999.0 -9999.0 -9999.0 -9999.0 -9999.0 -9999.0 -9999.0 -9999.0 -9999.0 -9999.0 -9999.0 -9999.0 -9999.0 2926.459595 2932.302764 2932.144454 2922.092469 2910.659494 2897.039359 2876.424108 2859.160125 2845.788309 2843.680258 2845.984289 2848.752280 2869.417074 2894.497946 2914.153759
-9999.0 -9999.0 -9999.0 -9999.0 -9999.0 -9999.0 -9999.0 -9999.0 -9999.0 -9999.0 -9999.0 -9999.0 -9999.0 -9999.0 -9999.0 -9999.0 -9999.0 -9999.0 -9999.0 -9999.0 -9999.0 -9999.0 -9999.0 -9999.0 -9999.0 -9999.0 -9999.0 -9999.0 -9999.0 -9999.0 -9999.0 -9999.0 -9999.0 -9999.0 2834.576624 2851.445309 2869.219451 2887.583708 2904.361378 2911.253975 2917.002698 2922.275052 2917.547371 2912.930527 2901.096260 2880.126489 2860.649226 2847.620625 2846.367124 2843.759101 2847.169027 2858.589655 2874.933918 2889.776101 2910.041176
-9999.0 -9999.0 -9999.0 -9999.0 -9999.0 -9999.0 -9999.0 -9999.0 -9999.0 -9999.0 -9999.0 -9999.0 -9999.0 -9999.0 -9999.0 -9999.0 -9999.0 -9999.0 -9999.0 -9999.0 -9999.0 -9999.0 -9999.0 -9999.0 -9999.0 -9999.0 -9999.0 -9999.0 2840.703621 2834.658422 2829.659497 2827.908864 2826.279204 2825.121389 2831.645635 2842.676144 2859.605116 2881.410188 2894.440364 2901.499212 2908.170913 2908.355837 2902.332140 2900.332426 2900.541358 2887.713835 2875.236022 2863.536596 2852.091440 2848.845964 2857.480223 2871.347328 2887.178842 2901.387130 2916.241070
-9999.0 -9999.0 -9999.0 -9999.0 -9999.0 -9999.0 -9999.0 -9999.0 -9999.0 -9999.0 -9999.0 -9999.0 -9999.0 -9999.0 -9999.0 -9999.0 -9999.0 -9999.0 -9999.0 -9999.0 -9999.0 -9999.0 -9999.0 2811.295699 2816.201083 2822.552470 2830.004951 2830.775738 2827.223922 2821.636163 2818.697903 2817.022142 2814.549195 2818.798208 2825.631651 2838.320196 2853.286884 2875.163836 2883.089545 2887.235076 2898.338235 2901.562231 2908.745780 2912.282815 2910.013414 2905.674259 2890.658546 2878.944472 2881.015873 2884.780102 2891.118986 2898.882959 2911.795985 2925.161441 2940.107498
-9999.0 -9999.0 -9999.0 -9999.0 -9999.0 -9999.0 -9999.0 -9999.0 -9999.0 -9999.0 -9999.0 -9999.0 -9999.0 -9999.0 -9999.0 -9999.0 -9999.0 -9999.0 -9999.0 2787.251009 2788.199856 2789.532694 2794.214689 2794.254998 2795.869998 2802.425032 2810.183275 2812.736102 2810.303776 2808.957976 2809.956633 2812.159977 2816.228463 2826.305085 2839.209299 2852.582406 2864.908969 2884.956210 2898.736319 2910.553016 2925.254406 2924.967608 2920.743043 2918.480459 2917.874317 2915.870226 2914.441651 2913.360190 2918.866441 2919.442349 2922.649896 2931.072620 2942.071810 2958.006912 2974.974808
-9999.0 -9999.0 -9999.0 -9999.0 -9999.0 -9999.0 -9999.0 -9999.0 -9999.0 -9999.0 -9999.0 -9999.0 -9999.0 -9999.0 -9999.0 -9999.0 2774.775602 2776.842938 2779.577882 2785.435986 2789.471785 2793.891087 2801.206634 2783.008334 2785.584490 2792.236501 2796.275948 2804.994179 2812.782907 2819.281379 2824.457645 2826.162984 2831.977435 2840.342934 2850.871210 2863.946984 2883.197542 2905.667482 2920.432304 2936.165431 2952.438144 2952.142172 2949.682651 2949.231594 2947.195417 2948.300834 2962.199240 2964.880759 2959.756818 2969.580020 2980.769176 2982.990656 2983.593861 3002.001673 3023.255971
-9999.0 -9999.0 -9999.0 -9999.0 -9999.0 -9999.0 -9999.0 -9999.0 -9999.0 -9999.0 -9999.0 -9999.0 -9999.0 2724.805136 2729.158797 2739.763945 2751.329826 2754.762462 2760.114822 2767.213266 2779.836532 2783.946499 2790.329568 2797.833741 2787.465169 2795.138737 2803.219685 2814.127068 2821.288140 2827.305969 2832.762041 2835.023169 2845.658465 2858.684542 2872.069333 2890.130972 2910.811674 2928.353403 2945.560083 2960.676969 2971.580485 2968.709290 2966.902071 2968.093233 2972.210976 2979.635578 2995.181364 2995.837536 3005.674284 3025.333134 3034.902694 3041.789418 3047.105040 3059.732811 3080.032631
-9999.0 -9999.0 -9999.0 -9999.0 -9999.0 -9999.0 -9999.0 -9999.0 -9999.0 -9999.0 2695.394845 2697.427879 2694.331025 2692.564448 2698.834182 2711.770160 2726.814813 2733.121513 2745.661308 2767.513180 2786.550381 2790.110799 2803.566572 2789.533230 2794.793183 2803.668956 2815.400166 2826.327150 2840.618070 2851.027924 2858.881312 2874.300486 2888.678552 2903.376503 2919.170768 2938.031531 2953.205665 2976.246112 2995.479216 3003.323696 3019.760301 3022.757424 3017.683715 3015.001614 3022.923932 3033.523824 3048.089464 3063.776960 3081.470708 3102.685700 3113.073601 3125.082998 3133.346126 3142.993753 3157.327959
-9999.0 -9999.0 -9999.0 -9999.0 -9999.0 -9999.0 -9999.0 -9999.0 2669.629491 2678.067664 2684.167012 2681.559917 2677.764585 2672.943224 2688.221610 2704.470840 2721.068658 2739.985518 2756.214288 2774.878451 2788.983703 2804.229978 2797.540530 2806.695677 2816.221380 2829.957604 2841.693252 2855.473517 2874.561907 2881.816764 2892.444831 2910.641783 2925.165441 2940.657647 2957.357957 2972.548391 2987.365847 3016.335813 3044.036523 3059.898482 3084.703443 3101.557335 3095.693132 3093.665004 3094.433397 3116.632947 3142.045681 3169.994952 3188.359802 3211.267749 3238.536270 3256.309858 3265.040635 3275.644262 3288.950576
-9999.0 -9999.0 -9999.0 -9999.0 -9999.0 -9999.0 2640.006318 2664.810476 2680.634565 2672.815348 2660.152484 2656.088322 2651.182389 2681.683152 2704.962352 2723.236277 2740.860706 2759.179852 2775.945180 2784.996940 2787.341493 2804.941431 2815.685316 2828.555155 2841.690433 2854.773976 2869.813230 2890.048627 2906.886296 2928.662415 2945.160448 2961.516896 2979.092682 2995.064399 3010.644806 3023.529779 3050.041770 3083.509520 3116.845097 3140.660863 3164.266294 3193.798536 3194.014903 3195.684645 3197.528128 3219.610480 3251.802473 3280.580768 3311.723401 3341.601809 3368.667614 3378.715670 3387.312811 3396.847825 3408.901740
-9999.0 -9999.0 -9999.0 -9999.0 2606.292536 2627.462395 2646.922168 2677.710162 2700.559272 2696.483649 2702.288184 2701.768228 2698.937897 2704.947591 2714.121090 2732.687651 2752.814123 2773.089829 2788.026984 2785.566282 2829.827647 2840.427764 2857.588419 2886.086526 2896.245886 2909.114465 2923.416215 2942.973920 2961.489250 2983.265470 3017.549262 3046.547094 3067.038789 3085.379325 3103.301545 3119.720307 3152.888627 3187.926090 3222.286170 3252.974327 3279.265126 3304.054607 3311.064576 3315.786464 3325.359597 3341.414264 3362.932483 3389.531671 3421.736430 3453.011067 3475.973679 3485.458116 3490.727936 3499.960675 3507.626369
-9999.0 -9999.0 -9999.0 2552.589352 2591.893095 2631.659575 2658.185285 2689.323900 2722.589296 2724.553348 2734.577492 2736.739671 2737.957323 2745.418157 2751.169336 2769.190432 2788.242798 2808.249596 2795.468709 2827.523914 2856.465348 2875.292609 2902.434060 2919.180526 2932.412137 2944.561326 2961.697587 2981.129154 3010.748436 3040.233226 3085.266288 3134.580006 3166.092035 3184.704298 3205.610526 3231.633455 3255.396658 3292.191049 3325.157419 3356.321297 3385.794056 3407.585459 3422.034846 3426.645419 3435.556503 3441.367643 3454.160055 3474.580506 3496.139283 3525.711956 3554.118005 3581.407739 3595.886877 3606.280397 3622.700480
-9999.0 -9999.0 2504.157518 2543.543740 2575.681126 2623.686235 2677.520398 2713.506833 2754.366895 2775.540932 2781.028675 2794.273237 2783.715984 2784.684715 2793.735361 2806.181157 2826.162448 2833.508721 2851.474338 2868.908525 2907.111295 2941.916501 2941.768684 2975.927626 3004.895643 3034.770705 3053.752624 3078.863081 3114.404996 3148.365288 3191.523190 3239.738948 3273.504002 3300.790607 3315.642700 3334.515167 3354.242220 3378.879584 3413.834945 3439.316755 3471.476275 3496.220760 3515.587578 3517.205893 3519.934014 3535.428499 3562.214259 3591.289249 3618.611445 3645.833058 3634.544501 3654.922828 3664.012782 3669.084289 3677.058497
-9999.0 -9999.0 2474.508477 2520.970979 2556.923397 2617.296627 2703.506682 2739.490663 2781.100536 2810.581337 2824.113686 2844.985079 2841.135842 2833.139497 2850.790564 2865.578203 2883.233625 2889.545483 2883.733869 2934.938205 2981.892643 3009.889715 3023.176390 3095.771938 3144.847766 3166.074438 3180.172340 3199.245391 3218.797733 3256.774733 3296.314573 3348.817619 3389.224127 3418.123223 3432.010694 3450.619662 3469.330813 3484.119100 3502.718085 3546.861162 3579.738298 3608.709567 3638.831605 3659.409359 3667.221031 3671.589928 3649.253967 3666.256166 3677.786363 3682.759266 3684.693547 3680.976582 3680.370476 3681.150062 3682.079247
-9999.0 2381.649509 2434.269686 2485.546069 2551.163692 2614.476648 2692.011161 2768.956517 2818.476715 2868.181187 2893.030090 2888.836143 2894.969983 2922.262940 2941.703032 2959.091126 2963.056596 2971.189127 2953.168327 2998.289838 3035.735746 3088.270610 3187.116085 3243.233360 3300.836286 3297.170555 3286.138448 3291.781343 3308.398981 3352.879762 3427.688594 3480.608504 3542.282873 3588.161611 3603.990939 3610.641454 3628.379954 3648.277204 3604.798879 3642.938345 3660.404389 3674.978456 3682.623895 3684.632665 3685.754573 3685.545657 3681.930291 3675.035911 3666.949240 3661.171683 3656.984872 3652.482241 3654.913163 3658.229704 3658.548487
-9999.0 2343.774428 2401.699039 2470.993771 2539.602695 2591.214800 2678.727926 2827.071950 2886.389973 2922.939764 2930.604992 2914.287336 2974.407143 3030.372754 3054.917840 3098.189118 3083.449015 3068.136500 3034.751381 3059.866202 3098.979242 3168.063607 3330.593152 3416.488185 3462.220877 3470.085933 3471.549085 3498.644772 3540.283583 3584.351862 3626.506654 3601.220524 3645.086032 3666.577041 3671.067968 3671.696601 3676.518564 3675.222814 3673.557704 3669.210361 3664.123623 3664.273163 3668.741614 3668.569338 3665.650965 3662.345500 3656.692475 3649.267598 3644.021453 3639.401130 3636.730825 3633.868948 3631.990316 3631.419633 3626.715743
-9999.0 2305.213962 2379.590255 2439.132371 2489.064230 2584.992476 2715.501701 2843.736316 2937.943965 2971.294514 2956.188998 2993.544147 3093.604762 3195.302107 3245.587019 3265.986255 3249.670883 3205.737592 3189.174397 3231.390482 3299.005307 3411.146901 3538.645253 3631.953312 3646.120266 3649.115302 3606.642937 3629.495901 3650.677701 3653.191263 3654.185840 3661.069049 3666.062413 3668.906598 3667.369174 3664.484052 3659.702092 3651.573542 3646.749778 3643.134990 3639.410195 3638.355814 3640.436871 3642.128605 3639.361672 3635.490023 3631.021647 3625.440445 3619.181329 3612.469235 3608.240644 3604.059222 3601.959043 3596.599130 3593.007874
-9999.0 2185.654733 2280.950139 2324.181053 2405.627271 2592.573667 2722.622459 2849.882088 3008.098059 3030.170805 3079.072797 3212.154725 3326.419219 3403.480248 3432.940276 3466.423745 3490.521188 3506.768118 3541.909410 3436.948832 3511.295926 3599.544514 3639.392774 3656.672421 3664.609291 3664.939654 3655.342100 3634.809148 3624.127954 3617.377882 3618.983486 3626.226126 3631.003796 3635.872989 3633.596030 3634.548316 3635.438611 3632.164404 3628.198641 3619.584787 3611.790121 3605.262345 3602.252621 3607.030410 3602.355573 3599.879886 3593.768709 3585.460558 3576.631582 3569.278015 3561.434340 3554.920363 3552.668497 3547.654748 3546.495783
-9999.0 2104.797967 2178.169452 2242.791049 2358.239945 2522.857298 2625.509353 2786.191368 3001.055518 3131.347385 3285.455225 3370.869592 3439.914154 3483.821889 3534.812296 3584.203714 3609.509903 3619.938988 3592.304246 3611.479028 3570.187366 3559.377105 3576.311105 3604.439804 3620.531372 3624.422109 3616.406878 3606.969804 3599.725282 3598.600841 3596.566610 3592.923438 3589.193848 3585.833675 3582.692576 3585.467093 3590.624210 3583.696523 3573.755353 3564.556887 3556.257095 3547.219324 3541.368762 3536.953646 3537.097338 3537.320223 3529.788128 3519.408522 3508.700918 3500.528155 3493.353438 3488.769344 3486.221320 3481.373443 3472.174533
-9999.0 1988.006688 2119.183869 2198.431030 2297.353700 2428.101206 2536.652441 2691.647201 2805.967716 3042.034298 3183.965662 3358.594704 3405.225496 3471.389488 3519.597781 3590.167717 3586.338069 3554.749157 3513.036130 3496.585729 3506.074678 3514.603289 3523.208515 3538.138574 3555.396114 3565.188995 3569.527463 3563.171174 3549.045104 3537.109678 3526.752238 3513.749747 3504.754385 3502.488282 3505.933584 3515.408273 3516.218970 3506.980252 3493.119992 3475.337740 3460.069669 3448.530424 3446.407556 3448.965893 3449.922083 3446.017612 3440.139829 3429.553551 3417.116772 3404.971404 3399.136220 3394.759512 3387.603870 3376.793257 3365.308219
-9999.0 -9999.0 2035.034681 2143.942034 2239.692194 2352.739814 2446.685509 2569.637650 2713.332322 2863.791008 2976.506403 3145.429585 3234.681683 3277.663877 3313.235868 3367.552939 3390.707059 3418.957710 3410.702031 3420.465195 3429.113187 3433.956736 3439.466082 3445.783787 3456.395326 3465.968625 3475.560989 3472.786869 3463.881292 3443.977219 3419.286303 3400.131726 3389.956132 3381.136287 3392.725002 3405.031518 3399.995478 3393.174530 3380.731697 3364.732935 3352.177604 3338.118914 3334.673162 3334.718599 3335.296478 3332.985456 3330.253238 3317.939195 3305.759505 3295.724930 3291.632928 3286.125834 3282.440380 3272.713412 3262.241302
-9999.0 -9999.0 1947.214791 2051.996749 2156.035906 2274.442482 2361.378331 2385.917464 2526.080060 2634.468487 2744.098821 2822.969189 2915.674511 2978.838509 3012.338255 3072.643743 3125.022935 3142.118800 3177.521392 3226.201223 3258.162317 3294.707970 3316.247353 3325.769832 3338.127144 3352.058495 3359.532121 3344.869890 3333.654922 3316.725941 3293.819047 3267.912217 3254.756000 3253.786862 3253.424643 3255.616919 3248.407054 3239.454821 3225.154967 3211.072492 3198.869723 3189.652660 3186.075174 3180.980979 3178.949758 3176.316692 3174.522253 3169.405350 3160.864055 3155.976457 3148.008895 3144.136791 3143.197488 3139.804614 3133.829342
