tests/Borden05m/data_simulated/sim_1/output-maps/psiliqL0019N0008.asc
ncols         160
nrows         34
xllcorner     620200.000000
yllcorner     5168000.000000
cellsize      0.500000
NODATA_value  -9999.0
[rows 0 to 24 of 34, columns 0 to 54 of 160]
-9999.0 -9999.0 -9999.0 -9999.0 -9999.0 -9999.0 -9999.0 -9999.0 -9999.0 -9999.0 -9999.0 -9999.0 -9999.0 -9999.0 -9999.0 -9999.0 -9999.0 -9999.0 -9999.0 -9999.0 -9999.0 -9999.0 -9999.0 -9999.0 -9999.0 -9999.0 -9999.0 -9999.0 -9999.0 -9999.0 -9999.0 -9999.0 -9999.0 -9999.0 -9999.0 -9999.0 -9999.0 -9999.0 -9999.0 -9999.0 -9999.0 -9999.0 -9999.0 -9999.0 -9999.0 -9999.0 -9999.0 -9999.0 -9999.0 -9999.0 -9999.0 -9999.0 -9999.0 -9999.0 -9999.0
-9999.0 -9999.0 -9999.0 -9999.0 -9999.0 -9999.0 -9999.0 -9999.0 -9999.0 -9999.0 -9999.0 -9999.0 -9999.0 -9999.0 -9999.0 -9999.0 -9999.0 -9999.0 -9999.0 -9999.0 -9999.0 -9999.0 -9999.0 -9999.0 -9999.0 -9999.0 -9999.0 -9999.0 -9999.0 -9999.0 -9999.0 -9999.0 -9999.0 -9999.0 -9999.0 -9999.0 -9999.0 -9999.0 -9999.0 -9999.0 -9999.0 -9999.0 -9999.0 -9999.0 -9999.0 -9999.0 -9999.0 -9999.0 -9999.0 -9999.0 -9999.0 -9999.0 -9999.0 -9999.0 -9999.0
-9999.0 -9999.0 -9999.0 -9999.0 -9999.0 -9999.0 -9999.0 -9999.0 -9999.0 -9999.0 -9999.0 -9999.0 -9999.0 -9999.0 -9999.0 -9999.0 -9999.0 -9999.0 -9999.0 -9999.0 -9999.0 -9999.0 -9999.0 -9999.0 -9999.0 -9999.0 -9999.0 -9999.0 -9999.0 -9999.0 -9999.0 -9999.0 -9999.0 -9999.0 -9999.0 -9999.0 -9999.0 -9999.0 -9999.0 -9999.0 -9999.0 -9999.0 -9999.0 -9999.0 -9999.0 -9999.0 -9999.0 1909.066716 1892.125827 1878.001249 1875.157411 1897.612171 1921.521392 1946.001648 1967.206416
-9999.0 -9999.0 -9999.0 -9999.0 -9999.0 -9999.0 -9999.0 -9999.0 -9999.0 -9999.0 -9999.0 -9999.0 -9999.0 -9999.0 -9999.0 -9999.0 -9999.0 -9999.0 -9999.0 -9999.0 -9999.0 -9999.0 -9999.0 -9999.0 -9999.0 -9999.0 -9999.0 -9999.0 -9999.0 -9999.0 -9999.0 -9999.0 -9999.0 -9999.0 -9999.0 -9999.0 -9999.0 -9999.0 -9999.0 -9999.0 1956.162412 1962.387000 1963.396747 1953.795012 1943.133669 1930.773994 1910.898819 1893.513072 1879.902043 1878.236453 1881.455154 1886.091620 1908.468933 1934.206696 1954.695146
-9999.0 -9999.0 -9999.0 -9999.0 -9999.0 -9999.0 -9999.0 -9999.0 -9999.0 -9999.0 -9999.0 -9999.0 -9999.0 -9999.0 -9999.0 -9999.0 -9999.0 -9999.0 -9999.0 -9999.0 -9999.0 -9999.0 -9999.0 -9999.0 -9999.0 -9999.0 -9999.0 -9999.0 -9999.0 -9999.0 -9999.0 -9999.0 -9999.0 -9999.0 1861.632817 1879.204205 1897.784834 1916.922423 1934.422605 1941.875611 1947.956655 1953.972230 1950.207920 1946.338500 1935.516789 1916.156240 1897.356054 1884.575742 1883.634220 1881.914753 1886.631580 1899.655035 1917.166182 1933.592938 1955.103589
-9999.0 -9999.0 -9999.0 -9999.0 -9999.0 -9999.0 -9999.0 -9999.0 -9999.0 -9999.0 -9999.0 -9999.0 -9999.0 -9999.0 -9999.0 -9999.0 -9999.0 -9999.0 -9999.0 -9999.0 -9999.0 -9999.0 -9999.0 -9999.0 -9999.0 -9999.0 -9999.0 -9999.0 1863.691729 1858.178402 1853.869747 1853.072987 1852.456811 1852.102482 1859.295707 1871.491139 1889.748885 1912.385297 1926.282257 1934.264972 1941.693418 1942.968746 1938.314008 1937.271893 1938.511261 1927.115679 1915.962570 1905.568298 1895.534264 1894.119329 1904.269612 1919.363665 1936.494796 1952.128948 1968.345294
-9999.0 -9999.0 -9999.0 -9999.0 -9999.0 -9999.0 -9999.0 -9999.0 -9999.0 -9999.0 -9999.0 -9999.0 -9999.0 -9999.0 -9999.0 -9999.0 -9999.0 -9999.0 -9999.0 -9999.0 -9999.0 -9999.0 -9999.0 1831.866724 1837.591777 1844.649268 1852.826931 1854.377511 1851.127885 1846.246511 1844.129073 1843.499581 1842.387680 1847.732961 1856.086909 1870.183578 1886.612468 1909.593284 1918.958600 1925.135005 1937.873498 1942.004367 1949.669104 1954.654402 1953.850296 1951.401685 1938.764812 1929.401783 1934.108627 1940.127041 1947.964985 1957.123517 1971.565414 1987.182438 2004.555506
-9999.0 -9999.0 -9999.0 -9999.0 -9999.0 -9999.0 -9999.0 -9999.0 -9999.0 -9999.0 -9999.0 -9999.0 -9999.0 -9999.0 -9999.0 -9999.0 -9999.0 -9999.0 -9999.0 1806.056730 1807.337267 1809.109822 1814.340731 1815.312992 1817.803741 1825.335704 1834.142684 1837.501766 1836.311618 1835.917407 1838.262251 1841.883885 1847.323031 1859.242357 1873.858338 1888.934912 1903.357651 1925.195758 1940.852306 1954.939065 1971.691644 1972.662382 1970.002855 1969.426450 1970.825612 1971.362733 1974.086025 1976.330187 1983.690785 1987.770148 1994.013487 2004.411125 2017.281699 2035.911948 2055.885427
-9999.0 -9999.0 -9999.0 -9999.0 -9999.0 -9999.0 -9999.0 -9999.0 -9999.0 -9999.0 -9999.0 -9999.0 -9999.0 -9999.0 -9999.0 -9999.0 1776.705855 1778.816240 1781.490349 1787.248774 1790.949659 1795.476662 1803.033026 1805.016184 1809.343017 1817.245905 1822.795206 1832.706385 1841.825532 1850.006830 1856.941650 1860.579338 1868.717946 1879.281505 1892.091399 1907.890759 1929.917934 1954.389286 1971.611264 1989.628816 2008.059087 2009.986524 2010.003324 2012.142166 2013.154882 2018.721128 2036.177408 2042.160356 2041.918884 2056.771759 2071.116913 2076.623952 2085.546869 2106.315578 2130.652577
-9999.0 -9999.0 -9999.0 -9999.0 -9999.0 -9999.0 -9999.0 -9999.0 -9999.0 -9999.0 -9999.0 -9999.0 -9999.0 1728.253159 1732.677300 1742.987571 1753.590192 1756.826688 1761.946555 1768.850762 1781.656552 1785.995083 1792.885676 1801.129637 1814.252490 1823.846359 1833.856783 1846.680087 1855.984839 1864.205984 1872.131600 1877.843689 1891.628706 1907.676233 1924.222700 1945.376794 1968.750338 1989.862585 2010.878163 2028.473118 2042.892444 2044.548152 2045.278490 2049.219655 2057.376977 2074.647685 2094.200630 2101.282430 2117.442791 2140.905187 2154.523022 2165.914987 2175.137276 2190.262163 2213.007179
-9999.0 -9999.0 -9999.0 -9999.0 -9999.0 -9999.0 -9999.0 -9999.0 -9999.0 -9999.0 1696.479768 1698.870564 1695.900198 1695.184842 1701.153173 1713.992494 1728.696151 1735.524199 1748.005458 1769.875072 1788.858827 1793.088708 1808.145408 1819.463726 1827.348574 1838.726374 1852.907839 1866.592483 1884.039312 1897.466559 1909.284617 1928.943814 1946.635308 1964.623503 1983.859433 2005.917996 2026.048489 2054.474555 2082.724899 2095.917960 2117.942469 2127.552013 2126.231308 2127.633585 2138.765625 2154.902270 2175.496465 2197.607387 2219.739942 2245.424265 2261.635453 2276.920015 2288.610142 2301.855817 2319.235592
-9999.0 -9999.0 -9999.0 -9999.0 -9999.0 -9999.0 -9999.0 -9999.0 1670.944134 1679.044659 1685.468034 1683.022156 1679.264868 1675.323326 1690.220177 1706.705650 1723.502380 1742.270062 1758.997490 1778.178310 1793.952228 1810.723328 1831.932585 1844.588496 1857.198524 1873.808734 1888.673831 1906.377396 1928.855820 1941.299950 1957.549173 1979.967773 1999.373939 2019.002136 2039.691044 2059.502526 2086.023001 2120.574948 2153.699948 2176.163912 2205.441346 2228.284075 2228.010630 2231.270230 2236.835483 2263.653222 2293.775194 2325.723937 2351.086339 2378.953305 2409.547777 2429.186391 2440.891539 2454.595028 2471.035389
-9999.0 -9999.0 -9999.0 -9999.0 -9999.0 -9999.0 1642.117601 1666.892269 1682.666273 1675.219258 1664.463011 1661.121089 1657.203768 1684.539022 1707.696069 1726.039509 1743.944567 1762.642403 1780.221262 1792.693035 1826.194583 1846.085066 1861.052680 1878.921007 1895.205781 1911.557612 1930.391984 1954.841431 1976.933861 2005.661924 2029.920359 2053.330826 2081.193362 2102.621557 2123.428692 2142.698212 2175.286184 2214.168214 2252.604539 2282.272846 2310.885418 2344.907188 2352.071288 2358.962664 2366.491666 2390.722377 2425.075397 2456.878190 2491.974676 2525.405272 2554.539365 2568.695495 2580.360576 2592.661167 2607.189918
-9999.0 -9999.0 -9999.0 -9999.0 1608.000082 1629.272770 1649.408314 1680.572619 1703.789834 1699.831126 1706.754824 1707.299634 1705.761662 1711.389714 1720.200319 1739.309606 1759.479216 1780.010310 1797.985159 1831.553927 1878.385233 1894.034496 1917.533450 1950.554691 1965.403543 1982.455838 2000.735487 2025.124639 2051.161903 2084.877580 2127.495552 2164.230047 2191.144129 2215.586754 2239.050269 2262.181251 2299.589061 2340.380423 2379.762955 2415.570591 2446.651710 2475.188448 2488.224964 2497.534749 2511.038718 2529.806468 2553.701214 2584.080834 2618.183454 2651.809499 2677.495709 2690.365286 2698.481531 2709.844742 2720.246938
-9999.0 -9999.0 -9999.0 1556.358161 1595.556720 1634.633449 1661.895883 1693.510518 1726.892236 1731.120873 1741.516669 1746.176377 1750.516415 1759.623543 1767.889712 1786.446501 1805.048494 1824.185209 1847.900701 1885.377532 1920.196407 1947.593686 1980.230286 2005.408880 2025.831930 2043.270827 2064.468328 2089.736421 2131.130040 2168.542540 2219.775111 2274.616373 2312.574460 2338.838816 2364.576461 2395.142880 2423.244083 2463.319900 2500.791253 2536.295971 2571.181854 2597.662610 2617.076499 2625.793924 2637.377731 2646.810379 2663.308796 2685.836736 2709.257367 2739.961733 2769.790943 2799.159262 2814.854229 2826.065760 2843.072284
-9999.0 -9999.0 1508.386450 1547.134078 1580.659775 1630.266151 1684.235160 1720.165501 1762.033530 1785.841311 1793.334150 1810.168336 1826.450012 1833.634419 1848.846639 1866.450930 1887.847410 1897.590568 1917.969011 1945.207641 1992.546247 2036.062851 2050.488382 2099.692874 2134.848121 2167.380619 2189.509848 2219.231711 2258.493686 2300.098463 2350.268190 2402.932481 2442.577557 2475.679709 2495.298868 2518.183528 2543.079524 2572.181428 2610.076312 2640.160313 2674.271042 2702.098705 2724.908796 2731.336642 2737.192615 2754.575440 2781.729776 2812.584635 2839.982741 2866.455320 2864.198350 2881.409203 2889.686890 2894.677855 2901.619994
-9999.0 -9999.0 1480.313408 1526.182211 1564.888361 1629.030312 1712.559369 1750.258166 1794.121145 1842.285393 1861.860885 1888.058265 1896.261654 1901.108811 1925.117274 1947.113890 1964.976628 1974.616703 1974.922011 2031.731914 2090.609406 2134.180470 2169.076211 2242.489543 2293.720473 2316.884938 2335.185962 2359.246878 2385.146661 2429.040904 2475.989924 2531.932485 2578.522331 2611.610630 2630.124791 2651.873996 2674.567224 2694.205974 2715.881919 2759.870260 2794.261051 2823.786755 2853.852380 2875.720215 2885.218329 2890.513964 2875.883187 2890.652318 2900.928996 2906.059251 2908.678430 2906.272452 2906.555058 2908.006300 2909.505147
-9999.0 1389.421223 1441.954129 1494.566980 1562.479622 1628.594237 1710.156596 1790.235489 1853.244180 1905.431794 1936.650045 1945.573712 1972.285018 2011.821913 2038.651885 2064.659558 2071.693000 2081.704947 2071.690028 2124.888139 2172.757733 2240.594914 2349.293241 2409.601297 2464.667988 2468.767485 2465.724736 2479.068194 2502.834632 2549.427487 2624.209743 2677.492641 2737.889398 2786.345094 2805.145192 2814.723549 2834.854687 2857.027665 2832.147448 2864.035026 2880.066449 2893.352260 2899.901215 2903.195829 2905.651502 2906.982312 2904.912050 2899.604560 2892.858301 2888.224870 2885.007680 2881.243870 2884.226426 2887.886792 2888.631647
-9999.0 1352.853124 1411.778165 1482.614161 1553.139613 1614.401857 1711.737542 1865.842574 1925.982523 1967.406510 1988.239600 1998.046236 2072.749879 2140.856405 2175.570333 2223.878779 2218.518268 2210.033662 2191.537384 2224.746508 2273.162403 2348.974175 2504.309265 2594.264614 2635.526485 2649.994724 2658.997948 2689.627438 2731.891300 2777.528016 2818.174075 2809.222751 2846.578402 2866.884770 2873.948593 2877.728961 2884.332621 2886.133248 2886.514957 2884.619080 2881.729232 2883.581741 2889.213032 2890.277597 2888.587169 2886.474713 2881.860581 2875.254464 2870.593638 2866.618083 2864.452768 2861.934810 2860.452921 2860.239158 2855.569751
-9999.0 1319.088481 1391.978514 1454.089625 1512.826706 1619.800537 1749.338681 1890.788350 1988.607953 2029.553842 2041.141760 2103.329490 2210.024685 2315.300950 2372.164156 2400.494094 2398.677715 2371.824176 2370.340321 2417.818813 2487.630084 2593.135510 2705.353566 2797.055044 2816.183686 2824.429151 2798.167424 2819.878285 2839.980092 2846.291797 2850.835350 2858.834708 2866.720952 2872.245609 2873.431274 2872.981379 2870.488491 2864.505539 2861.385520 2859.518843 2857.317403 2857.717038 2860.984218 2863.168698 2861.214542 2857.993939 2854.045253 2848.803397 2842.731351 2836.351839 2832.517562 2828.555174 2826.357640 2820.953676 2816.336094
-9999.0 1210.350519 1302.119925 1352.156566 1452.303157 1633.518876 1763.321005 1912.604215 2069.818140 2107.155894 2177.153009 2310.729291 2427.562866 2511.146932 2553.224731 2596.822063 2628.639209 2653.450138 2692.740456 2626.127214 2694.943392 2772.441075 2809.416216 2829.330765 2839.094517 2844.528124 2840.069087 2824.089600 2817.000672 2813.374536 2817.657925 2827.155285 2834.282872 2841.293252 2840.875826 2843.235381 2845.155796 2843.053249 2840.132889 2832.738159 2825.952296 2820.544691 2818.664300 2823.998670 2819.501710 2816.901943 2811.044454 2802.843833 2792.657230 2785.073329 2777.275788 2770.467376 2767.471440 2761.367846 2758.781888
-9999.0 1129.535654 1205.028463 1283.472863 1412.003565 1577.610618 1696.402812 1863.086354 2087.647504 2216.671953 2362.316118 2448.660342 2529.181939 2590.251587 2653.649549 2709.825650 2740.684578 2755.944259 2742.354763 2761.585029 2729.624004 2725.724286 2748.879279 2780.812665 2799.757347 2807.686688 2803.088391 2796.189344 2791.597714 2792.611977 2792.656748 2791.496279 2789.993839 2788.350971 2786.284999 2789.618117 2795.337497 2789.477870 2779.355105 2770.997641 2763.534680 2755.133080 2749.537106 2745.541640 2744.849012 2744.607524 2736.950806 2726.623583 2716.599593 2708.440180 2700.776906 2695.204392 2691.830787 2685.621497 2675.110354
-9999.0 1022.668377 1148.767946 1236.525627 1348.681973 1483.952284 1603.904747 1765.995719 1911.544158 2145.604803 2303.493650 2449.640775 2503.058990 2573.082511 2633.565608 2710.737393 2717.559236 2692.403106 2660.384745 2649.769317 2661.970615 2675.496134 2690.546111 2711.710002 2732.650273 2745.565217 2751.517933 2746.837056 2734.679865 2725.196220 2717.418056 2706.580431 2699.007295 2697.702048 2700.209453 2708.924675 2710.937318 2702.476321 2690.217194 2673.498773 2658.951027 2647.845992 2645.076232 2646.581807 2646.517536 2642.195913 2635.286607 2624.277904 2611.559653 2599.246013 2592.081996 2586.420476 2578.310215 2566.201927 2551.657872
-9999.0 -9999.0 1069.572621 1180.092986 1283.397246 1402.956908 1510.108904 1646.328750 1796.293451 1978.294264 2101.067875 2256.450638 2344.593808 2396.201667 2445.288212 2506.395918 2533.225609 2562.752779 2555.566835 2567.313513 2579.361729 2588.976921 2600.535668 2613.244550 2628.515232 2641.117002 2651.985086 2651.217985 2643.297196 2625.347052 2603.065374 2585.772157 2576.248027 2568.380915 2578.793945 2590.656548 2586.873805 2580.421458 2568.404669 2551.503002 2538.421744 2524.222034 2520.064646 2519.498821 2518.955633 2515.398938 2510.748374 2497.094666 2483.705007 2471.967029 2466.306453 2459.512318 2453.806120 2442.236278 2429.837420
-9999.0 -9999.0 983.718874 1091.105592 1201.579261 1323.769420 1419.389540 1473.149309 1622.128868 1737.091908 1847.041404 1955.142948 2048.099852 2118.533786 2162.648752 2228.172339 2279.220675 2300.432538 2333.047553 2376.369242 2409.157866 2444.934935 2468.548905 2483.458304 2499.835779 2515.983365 2525.941982 2514.091856 2503.657150 2486.980748 2464.578318 2439.746700 2426.820291 2424.193261 2424.871392 2428.345768 2421.876593 2412.738726 2398.715504 2384.333731 2371.685532 2361.004843 2356.480773 2351.373291 2348.684065 2344.824044 2341.070840 2332.407066 2321.452561 2314.249573 2305.171903 2299.212884 2296.037881 2289.688214 2280.633117
