tests/Borden05m/data_simulated/sim_1/output-maps/psiliqL0030N0009.asc
ncols         160
nrows         34
xllcorner     620200.000000
yllcorner     5168000.000000
cellsize      0.500000
NODATA_value  -9999.0
[rows 0 to 24 of 34, columns 55 to 109 of 160]
-9999.0 -9999.0 -9999.0 -9999.0 -9999.0 -9999.0 -9999.0 -9999.0 -9999.0 -9999.0 -9999.0 -9999.0 -9999.0 -9999.0 -9999.0 -9999.0 -9999.0 -9999.0 -9999.0 -9999.0 -9999.0 -9999.0 -9999.0 -9999.0 -9999.0 -9999.0 -9999.0 -9999.0 -9999.0 -9999.0 -9999.0 -9999.0 -9999.0 -9999.0 -9999.0 -9999.0 -9999.0 -9999.0 -9999.0 -9999.0 -9999.0 -9999.0 -9999.0 -9999.0 -9999.0 -9999.0 -9999.0 -9999.0 -9999.0 -9999.0 -9999.0 -9999.0 -9999.0 -9999.0 -9999.0
-9999.0 -9999.0 -9999.0 -9999.0 4197.054394 4191.814453 4187.197589 4182.817473 4174.441958 4165.123520 4157.451731 4153.223695 4151.998890 4151.153614 4150.448364 4155.180459 4163.226913 4170.799563 4177.553048 4179.933075 4182.216113 4183.916597 4184.036054 4182.889601 4179.611833 4176.208604 4172.785267 4170.995892 4163.845692 4152.782484 4144.616660 4141.939304 4146.028812 4150.317625 4152.752408 4157.701054 4167.949629 4178.456233 4187.020756 4199.762514 4207.113591 4212.488639 4214.912366 4210.909619 4207.675638 4203.607382 4197.107342 4185.968524 -9999.0 -9999.0 -9999.0 -9999.0 -9999.0 -9999.0 -9999.0
4142.062153 4160.375280 4181.666293 4184.730188 4172.820859 4167.674074 4164.574218 4163.027343 4158.981808 4150.551081 4145.485124 4139.979761 4137.080597 4137.049917 4136.842544 4140.324743 4151.223397 4158.908938 4163.350765 4165.973901 4168.843806 4166.823487 4165.913833 4165.665566 4162.708485 4159.153665 4155.725333 4153.812044 4155.560973 4147.945919 4141.774896 4137.714581 4134.342999 4137.139293 4139.909115 4144.844405 4153.882164 4161.675555 4169.558710 4184.975450 4198.364259 4204.166924 4201.575750 4197.075445 4193.213639 4185.536185 4174.526453 4164.622386 4157.050087 4151.222823 4145.898309 4139.234657 4145.769387 4154.027763 4163.168904
4125.253462 4144.454037 4165.010758 4167.479853 4157.338936 4149.767681 4142.348599 4142.955363 4146.737879 4143.591986 4138.710525 4130.037166 4140.514538 4141.392989 4141.907132 4144.999220 4146.429930 4152.104112 4154.348641 4159.606668 4168.511011 4171.286206 4171.627405 4171.577917 4169.480650 4166.116480 4164.038022 4161.165501 4155.809847 4153.757080 4153.180877 4151.554309 4155.352460 4156.869503 4160.133190 4154.993602 4159.667102 4165.914135 4172.899912 4178.078288 4184.027451 4186.072294 4182.739071 4183.751849 4175.395984 4161.775079 4152.302110 4145.161048 4146.078908 4143.220471 4135.285809 4121.261094 4129.964023 4146.280982 4151.152314
4129.976382 4138.840261 4149.035769 4151.382213 4146.326769 4148.798408 4150.622398 4151.715192 4149.749340 4146.026051 4140.888359 4150.645026 4158.580885 4159.803554 4162.028847 4166.010068 4167.246643 4156.639601 4154.659350 4161.547231 4170.925139 4175.813982 4175.918514 4175.395085 4171.138311 4169.863835 4169.647388 4167.915219 4166.954514 4168.201552 4164.991491 4167.392303 4172.793659 4176.226138 4171.793243 4163.584323 4166.250382 4174.904050 4184.311421 4191.955098 4201.936466 4212.499969 4213.143734 4208.921632 4200.516313 4188.360841 4166.163118 4149.244619 4138.225934 4129.954965 4122.665550 4126.587780 4121.384446 4136.030014 4137.894951
4112.780145 4134.688049 4154.419257 4159.663989 4153.645279 4150.328338 4149.561024 4150.148188 4148.818116 4148.481585 4156.046148 4167.244265 4177.453788 4179.212917 4180.780092 4179.194889 4172.115036 4161.733135 4159.361884 4172.105130 4188.965491 4196.663254 4195.780882 4190.280718 4192.167868 4192.748944 4193.947831 4191.066764 4191.365598 4187.727360 4191.746078 4199.459963 4207.713672 4206.488427 4193.951629 4181.298567 4181.665394 4187.948453 4196.026143 4203.999337 4214.075997 4222.943097 4218.151084 4213.532988 4206.884609 4182.083009 4160.731827 4147.133069 4147.441384 4148.344067 4144.026214 4142.344384 4142.177123 4138.987504 4139.442575
4147.464888 4166.169703 4186.572928 4198.723485 4192.488876 4185.263293 4177.418194 4177.532024 4177.150167 4182.339683 4191.957165 4203.308543 4224.398115 4222.877863 4222.514940 4219.945109 4206.496965 4192.982491 4183.385467 4206.829425 4218.156302 4224.863815 4220.941933 4224.580912 4232.857408 4229.610773 4223.873609 4211.250544 4216.661522 4221.498503 4236.720890 4245.069572 4250.831420 4245.194458 4230.384143 4223.262401 4225.712708 4233.506056 4235.797433 4245.713934 4253.950367 4268.756409 4267.054688 4265.376752 4246.108980 4208.825241 4180.849667 4170.480722 4183.520418 4178.080850 4171.651206 4172.557682 4162.304501 4156.184271 4159.472080
4176.098543 4188.404752 4204.229179 4220.433614 4210.430150 4200.548188 4183.152722 4179.314765 4182.574152 4192.932643 4210.175203 4226.843098 4245.771812 4241.657495 4232.203156 4241.995808 4234.903284 4223.621636 4216.364739 4241.095437 4250.662605 4260.512400 4265.070266 4277.792966 4287.968990 4269.310731 4250.667463 4238.638626 4246.293476 4273.846420 4297.988819 4302.767793 4301.175468 4299.555181 4282.216559 4277.888788 4275.460490 4277.478878 4275.774841 4274.508914 4302.034024 4325.076215 4325.127573 4303.843729 4281.156822 4240.074284 4201.858690 4179.540049 4196.388625 4192.505777 4196.846147 4187.952602 4177.103215 4172.577846 4172.042613
4220.715309 4240.439668 4255.929980 4278.405007 4266.492021 4241.644618 4223.288457 4225.433431 4239.533532 4248.178466 4267.957952 4283.248218 4307.647418 4317.257597 4326.355067 4330.398002 4323.852674 4315.484989 4303.848532 4311.453997 4337.670422 4349.353952 4357.095393 4364.887669 4377.722550 4376.548963 4368.296117 4366.064797 4370.871307 4386.470197 4402.776325 4409.622920 4412.001727 4413.716203 4397.447738 4383.613529 4382.916404 4378.398896 4378.785406 4378.440301 4392.573840 4415.972498 4412.163373 4371.959536 4344.691531 4308.121278 4268.678027 4239.335416 4236.145479 4258.780750 4258.913300 4242.835982 4234.674335 4210.988567 4208.954591
4286.354090 4319.165272 4343.112894 4352.484921 4358.532745 4340.962298 4338.038356 4342.590583 4351.668024 4354.557740 4360.913396 4393.761773 4427.725923 4451.864076 4474.578694 4481.563134 4468.720316 4458.985613 4444.982907 4436.417296 4449.778483 4468.154084 4486.332169 4501.184469 4512.665321 4514.298240 4512.610607 4512.622624 4516.148659 4519.216620 4524.028115 4533.356887 4541.215073 4549.508228 4556.622927 4544.644091 4527.445351 4519.037912 4511.381314 4511.794872 4513.950578 4519.403036 4520.619100 4500.622013 4454.634550 4421.380336 4388.534002 4371.177072 4359.747534 4363.196190 4344.741597 4319.115668 4265.170413 4228.000252 4197.114176
4369.413901 4415.584150 4445.176483 4460.800834 4473.234692 4468.736610 4470.775303 4471.626937 4475.013143 4476.785017 4478.408197 4507.073040 4550.717859 4591.517463 4623.808912 4622.579164 4607.476652 4595.867049 4587.200130 4571.573737 4567.488651 4581.889021 4598.924211 4620.835330 4631.067643 4636.055628 4631.884914 4632.060424 4634.368264 4636.868594 4639.178785 4643.451972 4654.103890 4670.423390 4686.143647 4684.607057 4663.574719 4645.106211 4629.339944 4628.287043 4626.854202 4622.011955 4624.907558 4626.942611 4607.789241 4573.779661 4531.829062 4491.281338 4477.011528 4463.140385 4452.283643 4434.298153 4387.985497 4315.256357 4272.041268
4486.194256 4523.508217 4553.220660 4584.180296 4598.271743 4599.047960 4595.809029 4593.878100 4601.107895 4602.921720 4607.351350 4624.292750 4659.933347 4698.332079 4729.615502 4744.719045 4735.590724 4715.692172 4691.634063 4680.156043 4676.673456 4680.933392 4691.615953 4706.362763 4727.540470 4748.447806 4754.430734 4755.384352 4752.605105 4755.199937 4756.962691 4757.120337 4760.766383 4770.723099 4781.715430 4785.404403 4776.441525 4753.303078 4728.307420 4717.769937 4711.828206 4708.630714 4710.532000 4716.888437 4721.172232 4704.846064 4666.062541 4618.366755 4588.749434 4575.220044 4562.833857 4547.901598 4534.246020 4495.776770 4472.908613
4598.125414 4614.513574 4644.470711 4674.734414 4697.366685 4711.853595 4711.233977 4713.587617 4718.590910 4725.287073 4740.499277 4765.822922 4787.146857 4812.339877 4841.346992 4859.277143 4864.485841 4862.084347 4856.927834 4857.909358 4858.348178 4780.550500 4788.158953 4795.763832 4816.925667 4835.370932 4842.165706 4842.955132 4839.805484 4841.958639 4842.906034 4842.705042 4842.320280 4845.594343 4851.879185 4854.281229 4851.311697 4836.184194 4860.540970 4839.102755 4824.853642 4816.214555 4807.598525 4799.273753 4789.657445 4779.365353 4757.349945 4724.260480 4688.671430 4668.571736 4661.373648 4654.891511 4645.155552 4638.787996 4620.405910
4698.389474 4709.066117 4728.715731 4752.970909 4790.045667 4815.632554 4827.699408 4837.562168 4842.374929 4857.229475 4875.450008 4855.065276 4865.382765 4876.059456 4886.667875 4890.310897 4891.353978 4890.872673 4888.393433 4887.431296 4884.682427 4881.642326 4870.725134 4872.384482 4874.520665 4877.201302 4881.038448 4880.019206 4881.213086 4884.194944 4882.317131 4876.009934 4871.707193 4870.123820 4871.347727 4878.947223 4882.603216 4883.637505 4879.292942 4878.242929 4877.005839 4872.782510 4867.509765 4860.076747 4850.568453 4870.051669 4856.958378 4826.553759 4782.773065 4738.363926 4732.576018 4736.253779 4735.558904 4734.153488 4728.286269
4832.486038 4847.210053 4863.047733 4833.067264 4860.810898 4875.009006 4881.647793 4886.463569 4889.507070 4893.506584 4890.580041 4887.722605 4882.707243 4880.984215 4879.577615 4877.085255 4877.694900 4875.802141 4871.626102 4867.318934 4858.661281 4846.657077 4835.469919 4831.457318 4835.652442 4841.542619 4847.062303 4852.050856 4855.963334 4855.532893 4849.715950 4840.962476 4833.141871 4831.569361 4838.667848 4844.535948 4851.632164 4852.603792 4851.193317 4848.480922 4848.036921 4844.402326 4844.494770 4851.893556 4867.417570 4868.965833 4876.295152 4875.251391 4854.577769 4817.142186 4836.172294 4815.712680 4822.571369 4817.736442 4806.076718
4881.249278 4884.690371 4882.665456 4881.834337 4875.219644 4868.991877 4868.153287 4872.231499 4879.388228 4880.336673 4873.158046 4864.327018 4856.847486 4849.015844 4846.489897 4846.144190 4845.999115 4846.619948 4841.234539 4831.184184 4813.292175 4801.568227 4790.451852 4784.476942 4779.891556 4782.747825 4794.648829 4807.964821 4813.211557 4802.806667 4793.851438 4781.442410 4773.280797 4773.805226 4774.366903 4784.170888 4802.353644 4811.179550 4812.055311 4805.016422 4797.712509 4790.739311 4787.276828 4793.675259 4809.369610 4827.033610 4843.700516 4853.428245 4861.460558 4868.969085 4865.299253 4868.703403 4870.576539 4867.931923 4872.622830
4876.181355 4868.953987 4861.723034 4856.227913 4849.744437 4844.502202 4842.539525 4844.144018 4845.640662 4841.127032 4834.729935 4824.615271 4813.327552 4803.435909 4795.097444 4796.133606 4798.515457 4800.406820 4792.625267 4776.658309 4758.390065 4744.677112 4730.640821 4726.635438 4720.246592 4711.150001 4721.133722 4742.044355 4749.941358 4732.701850 4721.315034 4705.592292 4699.251902 4694.864438 4695.369591 4704.199105 4727.964060 4754.197234 4756.712278 4745.263181 4733.864082 4729.239334 4725.885580 4729.981806 4746.499187 4768.063693 4785.021815 4796.068505 4801.477721 4809.325712 4818.861379 4834.159755 4849.862662 4862.939820 4866.254615
4850.279489 4842.425781 4834.655174 4826.874654 4819.874939 4813.527457 4809.087261 4807.065063 4802.482590 4796.156380 4788.927944 4765.544219 4752.725331 4739.163733 4723.485583 4719.217277 4713.531739 4714.246449 4702.411506 4695.126797 4679.225384 4663.719022 4647.928457 4633.321529 4627.540903 4620.441266 4616.455803 4629.225466 4637.461615 4629.362376 4619.849687 4609.984935 4606.075796 4602.692513 4605.443398 4616.052999 4634.776409 4653.150865 4662.314406 4655.319177 4655.665683 4656.783968 4655.263468 4662.095786 4671.844247 4689.477040 4712.868985 4733.343543 4743.745496 4750.553226 4759.680682 4774.403117 4788.888716 4803.703744 4822.398845
4819.372523 4809.851205 4799.716137 4789.714665 4778.968285 4768.167278 4761.304702 4764.305261 4758.263425 4752.670350 4726.838693 4667.896705 4645.259928 4625.583454 4608.654014 4601.260992 4592.161846 4572.640373 4563.950366 4560.097651 4565.575559 4552.010748 4534.323343 4515.905235 4511.043042 4507.687469 4487.021036 4478.794797 4478.327703 4499.343163 4493.778910 4494.292081 4497.804932 4495.508995 4496.123736 4508.651467 4514.879642 4518.673357 4525.860282 4533.315469 4545.632563 4554.781712 4567.792981 4585.849380 4596.124160 4610.951175 4631.257134 4658.105774 4674.778463 4684.553613 4694.992237 4710.430923 4726.704871 4744.870169 4767.619322
4784.079817 4766.353925 4751.205226 4736.526676 4723.533134 4710.337591 4693.212393 4695.228937 4693.317550 4682.050558 4621.556215 4580.979708 4546.176831 4529.004324 4504.398054 4489.684408 4470.973615 4427.565824 4408.673719 4410.229396 4428.851019 4427.637708 4412.895165 4401.764769 4391.771469 4381.287549 4361.610637 4338.910301 4345.540928 4366.558655 4369.681477 4375.065883 4384.513373 4384.547928 4376.581686 4370.690632 4381.928054 4386.510368 4398.463142 4418.860681 4424.292524 4443.973809 4481.086123 4493.927914 4509.212085 4527.219396 4547.345729 4569.470621 4593.195008 4607.775907 4623.372231 4641.872211 4658.660836 4678.992687 4701.465758
4731.233151 4698.633978 4676.667276 4658.723969 4638.622455 4608.982569 4588.812650 4586.302911 4580.117506 4546.860889 4491.727912 4457.536167 4436.248367 4414.263200 4391.350172 4365.298405 4323.570577 4287.249388 4264.587604 4284.371284 4297.187759 4313.082385 4302.647714 4292.608114 4283.186256 4263.388350 4245.903586 4227.494259 4239.547761 4248.314308 4271.699440 4280.037884 4284.146251 4291.466936 4289.942296 4276.634749 4267.408936 4275.258952 4285.073577 4297.843019 4322.862674 4361.130623 4386.257325 4405.128711 4425.717436 4443.939416 4464.834299 4487.491258 4510.785945 4528.125568 4546.363648 4564.540385 4585.325025 4603.757935 4625.817844
4646.051312 4617.564201 4591.240726 4567.693017 4533.719334 4484.073079 4469.523203 4460.113577 4434.280183 4381.974949 4340.214279 4324.658321 4315.697565 4292.868500 4272.830264 4242.824763 4207.664231 4187.863907 4167.121517 4179.101907 4190.938121 4214.785777 4207.419871 4202.455674 4200.849015 4185.337918 4172.351077 4155.109182 4160.961129 4174.150268 4200.353139 4207.223546 4211.746877 4222.246738 4221.681264 4216.138260 4194.977611 4200.943569 4211.946449 4227.131005 4259.797566 4281.694166 4303.632034 4325.647093 4344.670802 4365.803177 4387.350348 4409.830647 4436.470139 4455.953082 4474.763768 4496.081434 4514.576265 4527.149786 4541.319853
4533.886337 4510.612649 4492.211908 4467.979786 4422.302292 4377.917470 4333.972070 4302.647866 4244.319691 4208.690392 4194.040231 4199.631356 4190.198870 4172.185806 4154.829384 4136.830052 4117.112440 4100.407616 4075.361974 4081.915171 4099.603370 4118.374620 4122.979472 4126.144559 4125.681600 4117.445933 4104.255019 4090.714929 4094.600659 4112.638623 4131.234207 4142.511913 4150.769509 4158.626848 4158.139514 4147.314551 4136.402409 4140.582308 4156.267420 4172.125409 4187.949427 4207.462063 4227.349045 4247.233223 4269.169474 4290.961951 4312.990231 4337.003680 4363.270155 4384.522197 4407.662723 4431.442963 4446.302573 4453.138601 4457.927455
4429.232092 4411.620900 4389.162876 4361.277296 4318.713023 4279.953825 4239.768947 4189.110777 4156.344851 4129.310695 4127.546704 4114.616955 4104.407675 4092.691640 4073.860881 4059.885924 4047.891046 4027.900427 4021.948815 4030.728976 4044.900486 4052.230088 4061.227724 4059.975166 4058.393240 4053.943397 4040.183708 4038.707539 4049.497068 4064.669287 4077.882885 4090.062002 4097.006198 4101.616727 4098.271592 4088.469346 4086.508878 4094.440789 4109.533449 4121.944887 4134.968546 4154.369763 4172.848045 4193.244990 4214.461632 4235.084387 4258.174105 4282.004022 4306.938916 4333.573332 4354.514232 4370.762220 4377.464106 4385.003925 4380.480117
4303.795873 4295.160219 4269.799781 4241.699078 4214.537119 4184.433717 4163.560948 4133.962593 4105.675626 4078.635503 4054.038423 4045.234420 4042.114353 4031.727512 4017.273472 4008.469432 3994.805740 3989.089137 3998.757188 3999.933464 4007.147092 4004.407411 4006.007433 4004.303825 4004.350409 4003.448006 3999.608292 4013.778404 4019.911855 4032.723715 4042.350974 4052.114642 4057.564118 4060.698726 4062.169525 4058.672520 4065.238744 4070.380801 4083.056470 4093.185980 4105.082353 4123.499755 4138.844827 4156.026555 4176.639341 4197.963288 4219.993530 4244.003043 4270.504494 4293.388082 4308.694466 4312.692001 4319.572374 4317.575655 4302.610375
