tests/Borden05m/data_simulated/sim_1/output-maps/psiliqL0029N0006.asc
ncols         160
nrows         34
xllcorner     620200.000000
yllcorner     5168000.000000
cellsize      0.500000
NODATA_value  -9999.0
[rows 0 to 24 of 34, columns 55 to 109 of 160]
-9999.0 -9999.0 -9999.0 -9999.0 -9999.0 -9999.0 -9999.0 -9999.0 -9999.0 -9999.0 -9999.0 -9999.0 -9999.0 -9999.0 -9999.0 -9999.0 -9999.0 -9999.0 -9999.0 -9999.0 -9999.0 -9999.0 -9999.0 -9999.0 -9999.0 -9999.0 -9999.0 -9999.0 -9999.0 -9999.0 -9999.0 -9999.0 -9999.0 -9999.0 -9999.0 -9999.0 -9999.0 -9999.0 -9999.0 -9999.0 -9999.0 -9999.0 -9999.0 -9999.0 -9999.0 -9999.0 -9999.0 -9999.0 -9999.0 -9999.0 -9999.0 -9999.0 -9999.0 -9999.0 -9999.0
-9999.0 -9999.0 -9999.0 -9999.0 3997.335394 3992.078600 3987.420431 3983.001880 3974.584232 3965.260244 3957.533629 3953.307854 3952.088351 3951.233474 3950.534311 3955.284747 3963.317630 3970.884280 3977.652540 3980.025894 3982.309992 3984.034381 3984.168366 3983.010792 3979.730584 3976.329441 3972.903885 3971.127420 3963.919973 3952.836498 3944.631700 3941.948748 3946.057099 3950.356940 3952.797020 3957.801410 3968.082200 3978.611274 3987.180727 3999.880072 4007.150306 4012.522021 4014.992278 4011.000615 4007.765999 4003.729840 3997.325879 3986.201911 -9999.0 -9999.0 -9999.0 -9999.0 -9999.0 -9999.0 -9999.0
3942.311086 3960.630761 3981.825659 3984.893323 3973.035731 3967.900963 3964.783472 3963.196856 3959.089969 3950.631426 3945.538648 3940.023697 3937.169991 3937.129522 3936.924404 3940.430836 3951.273856 3958.965448 3963.416233 3966.023160 3968.867966 3966.940601 3966.045442 3965.785734 3962.826969 3959.274692 3955.844337 3953.933932 3955.600944 3947.983720 3941.849997 3937.824988 3934.552689 3937.332648 3940.082084 3944.930115 3953.999334 3961.820444 3969.727778 3985.088169 3998.430761 4004.213716 4001.643751 3997.133280 3993.295458 3985.695934 3974.760310 3964.843870 3957.144984 3951.264281 3945.949750 3939.367022 3945.894117 3954.077261 3963.281895
3925.494502 3944.664070 3965.169561 3967.644572 3957.461713 3949.840326 3942.551001 3943.119460 3946.813263 3943.626819 3938.739913 3930.262767 3940.601802 3941.483856 3942.016653 3945.103951 3946.618168 3952.129040 3954.391439 3959.643663 3968.541163 3971.301264 3971.642806 3971.594473 3969.504160 3966.147209 3964.078488 3961.207239 3955.855336 3953.852491 3953.320456 3951.769040 3955.631970 3957.147177 3960.323266 3955.099339 3959.713880 3965.966132 3972.952465 3978.221488 3984.226762 3986.402014 3983.093222 3984.018441 3975.686333 3962.081164 3952.537719 3945.341784 3946.113456 3943.256917 3935.351065 3921.429282 3930.061905 3946.355070 3951.229865
3930.068686 3938.913584 3949.167299 3951.525256 3946.453180 3948.838467 3950.628979 3951.723616 3949.756809 3946.049729 3941.068426 3950.953856 3958.943604 3960.170867 3962.412031 3966.352417 3967.464025 3956.768646 3954.749958 3961.704588 3971.122189 3976.047549 3976.143675 3975.632533 3971.493276 3970.223689 3969.987888 3968.219725 3967.350022 3968.655227 3965.621624 3968.143588 3973.553126 3976.952954 3972.328407 3964.075521 3966.643696 3975.254474 3984.598819 3992.236858 4002.273069 4012.900757 4013.471434 4009.199212 4000.796071 3988.598452 3966.370449 3949.338167 3938.364131 3930.192815 3922.941024 3926.663152 3921.617209 3936.090408 3937.968082
3913.495824 3935.063816 3954.831836 3960.192457 3954.148206 3950.700165 3949.787657 3950.354529 3949.079762 3948.902314 3956.709822 3968.008809 3978.420299 3980.195547 3981.786370 3980.244494 3973.031310 3962.645961 3960.177886 3973.019041 3989.815481 3997.524299 3996.711434 3991.475592 3993.639321 3994.089772 3995.102818 3992.092377 3992.481451 3989.131774 3993.482309 4001.176827 4009.351953 4008.092011 3995.595488 3983.027258 3983.293807 3989.381459 3997.189040 4005.073866 4015.178903 4024.121792 4019.348691 4014.627376 4007.836196 3982.875437 3961.251354 3947.524722 3947.880155 3948.788221 3944.483622 3942.758731 3942.451748 3939.078589 3939.513456
3948.396065 3967.177957 3987.486931 3999.793150 3993.541859 3986.227867 3978.209244 3978.310765 3978.085462 3983.393030 3993.149828 4004.795652 4025.987593 4024.669716 4024.471218 4022.182956 4008.851195 3995.397680 3985.695837 4008.778071 4020.012128 4026.807976 4023.196751 4027.176952 4035.523787 4032.184865 4026.303265 4013.812875 4019.260289 4024.490715 4039.681639 4047.919399 4053.557249 4048.184095 4033.606723 4026.579169 4028.806319 4036.277193 4038.304588 4047.917312 4056.295051 4071.142825 4069.555286 4067.501974 4048.119615 4010.949734 3982.690860 3971.813244 3984.482355 3979.030619 3972.649202 3973.345612 3962.938836 3956.596651 3959.743376
3977.780559 3990.324181 4006.204499 4022.449943 4012.696424 4002.720815 3985.525957 3981.836541 3985.289672 3995.563118 4012.830692 4029.780628 4048.916057 4045.468190 4036.708513 4046.441456 4039.363948 4028.183923 4020.853967 4044.743061 4054.426818 4064.354274 4069.187910 4081.875984 4092.103544 4073.975015 4055.723636 4044.095551 4051.585103 4078.637547 4102.337483 4107.117683 4105.688579 4104.331440 4087.505327 4083.055105 4080.387927 4081.994999 4080.069163 4078.662297 4105.647587 4128.325778 4128.327674 4107.008286 4084.340876 4043.667448 4005.606972 3982.825938 3998.741620 3995.029465 3999.146294 3989.992507 3978.968975 3973.828914 3972.844470
4023.676667 4043.826740 4059.509592 4081.795394 4070.564491 4046.146002 4028.357137 4030.587812 4044.519670 4052.991864 4072.414110 4088.130249 4112.857317 4123.070631 4132.681935 4136.688672 4130.007080 4121.590289 4109.856429 4116.868352 4142.497858 4154.161242 4162.041455 4169.977175 4182.757750 4181.964689 4174.042150 4171.905392 4176.599491 4191.667045 4207.510201 4214.329871 4216.876961 4218.815564 4203.309393 4189.711042 4188.689881 4183.943257 4183.931460 4183.485778 4196.962318 4219.660629 4216.014607 4176.747391 4149.608727 4113.444361 4074.294178 4044.983048 4041.088394 4062.854451 4062.452001 4046.381231 4037.682403 4013.474118 4010.712056
4090.171185 4122.988591 4147.013181 4156.580417 4162.953812 4146.063377 4143.332147 4147.772120 4156.659860 4159.593131 4165.952482 4198.673072 4232.579809 4256.919594 4279.635612 4286.658296 4273.941869 4264.192455 4250.305148 4241.678569 4254.466000 4272.565687 4290.615219 4305.482323 4316.923939 4318.665372 4317.003138 4317.025656 4320.449500 4323.500286 4328.189754 4337.311124 4345.118407 4353.502017 4360.840452 4349.239228 4332.093769 4323.479171 4315.494593 4315.619784 4317.595660 4322.665660 4323.856394 4304.664292 4259.654376 4226.810134 4194.155021 4176.268564 4164.422133 4166.994379 4148.628981 4123.347602 4070.062938 4032.895541 4001.952443
4173.874524 4219.532227 4249.034652 4265.020018 4277.509016 4273.361847 4275.344109 4276.228238 4279.688711 4281.594227 4283.472977 4311.690953 4354.856366 4395.329336 4427.379939 4426.405480 4411.616784 4400.066764 4391.291112 4375.953598 4371.900856 4385.889846 4402.550709 4424.089641 4434.371655 4439.619724 4435.650990 4435.837277 4438.028716 4440.493742 4442.766291 4446.894240 4457.319430 4473.359329 4488.805473 4487.425610 4466.869432 4448.515384 4432.688566 4431.307550 4429.641880 4424.783645 4427.558636 4429.565246 4411.177892 4377.798881 4336.340079 4295.828742 4280.988728 4266.830558 4255.978410 4238.255482 4193.325677 4122.062770 4079.781615
4290.279978 4326.864756 4356.425736 4387.233234 4401.500305 4402.609216 4399.522787 4397.761317 4404.939740 4406.960482 4411.668159 4428.524802 4463.388122 4501.142199 4532.080784 4547.257515 4538.424421 4518.954046 4495.302529 4484.191488 4480.834108 4484.952080 4495.379636 4509.714809 4530.533400 4551.120438 4557.059719 4557.998297 4555.239810 4557.798363 4559.518672 4559.667777 4563.156721 4572.799844 4583.553649 4587.175610 4578.468909 4555.778248 4531.105568 4520.379743 4514.311803 4511.066759 4512.770351 4518.863397 4522.915292 4506.923473 4468.829111 4421.838646 4392.137303 4378.239644 4365.763902 4351.032126 4337.654405 4300.450235 4278.016512
4401.584807 4417.724024 4447.309895 4477.260511 4499.900536 4514.435813 4514.036562 4516.535952 4521.486564 4528.320527 4543.504007 4568.403600 4589.248553 4613.903404 4642.406319 4659.987452 4665.206794 4662.959470 4658.032233 4659.059191 4659.480408 4584.740681 4592.074675 4599.401716 4619.733672 4637.557964 4644.103914 4644.862381 4641.836250 4643.924181 4644.834423 4644.653071 4644.270853 4647.350253 4653.388630 4655.696476 4652.843397 4638.226776 4661.331913 4640.181467 4626.092320 4617.540657 4609.000549 4600.690076 4591.112442 4580.904364 4559.298581 4526.671836 4491.338031 4470.939113 4463.588022 4457.189876 4447.727491 4441.507684 4423.423318
4501.501644 4512.156862 4531.503747 4555.443415 4591.872112 4617.011663 4628.940223 4638.687567 4643.470025 4658.136162 4676.033927 4656.541153 4666.454033 4676.712032 4686.904433 4690.404592 4691.406768 4690.944338 4688.482706 4687.558300 4684.876449 4681.747326 4670.922579 4672.571754 4674.669668 4677.338111 4681.154190 4680.117283 4681.294135 4684.270436 4682.416452 4676.162888 4671.906121 4670.324452 4671.502329 4679.068502 4682.690533 4683.709371 4679.563420 4678.536926 4677.348350 4673.290641 4668.224671 4661.083145 4651.947725 4670.482190 4657.600795 4627.680674 4584.625107 4540.880238 4534.702844 4537.988537 4537.419723 4535.991787 4530.184071
4633.706579 4648.216728 4663.839968 4635.438747 4662.094395 4675.735713 4682.114155 4686.788134 4689.783662 4693.606726 4690.663184 4687.775044 4682.786173 4681.095417 4679.700068 4677.218770 4677.832744 4675.941278 4671.788211 4667.535845 4659.020440 4647.105825 4635.920900 4632.000176 4636.217825 4642.053502 4647.499072 4652.378279 4656.252617 4655.911597 4650.165124 4641.477288 4633.711597 4632.121548 4639.175779 4645.019249 4651.999922 4652.952264 4651.545344 4648.877751 4648.473911 4644.912828 4645.029099 4652.363222 4667.732570 4669.522074 4676.563968 4675.561139 4655.698247 4619.730726 4637.231815 4616.879638 4623.569351 4618.786775 4607.194498
4681.461464 4684.767610 4682.822103 4681.936525 4675.369845 4669.177692 4668.351988 4672.418890 4679.554567 4680.527386 4673.375764 4664.597724 4657.170725 4649.423061 4646.935389 4646.546765 4646.381108 4646.979166 4641.613974 4631.715788 4614.004630 4602.312224 4591.207459 4585.240586 4580.818956 4583.798491 4595.566525 4608.650911 4613.856205 4603.677774 4594.823547 4582.534867 4574.391753 4574.900710 4575.559190 4585.302610 4603.213495 4611.777211 4612.635501 4605.711068 4598.571626 4591.660912 4588.276951 4594.680546 4610.294723 4627.776608 4644.229908 4653.840087 4661.809950 4669.239716 4665.994972 4669.265627 4671.065308 4668.524402 4672.874475
4676.279727 4669.103238 4661.925666 4656.473097 4650.000339 4644.749170 4642.815617 4644.479164 4646.069649 4641.644795 4635.255812 4625.171150 4613.943720 4604.098032 4595.913622 4596.951111 4599.331722 4601.180277 4593.505455 4577.668967 4559.501037 4545.841937 4531.846676 4527.860722 4521.577319 4512.779017 4522.791220 4543.461046 4551.253064 4534.250797 4522.968174 4507.354544 4500.965559 4496.657988 4497.218624 4506.066589 4529.571361 4555.367939 4557.793359 4546.443056 4535.147059 4530.497790 4527.168112 4531.365665 4547.918427 4569.323161 4586.099007 4597.016399 4602.407218 4610.240002 4619.744463 4634.831914 4650.352745 4663.279831 4666.875609
4650.546953 4642.716933 4634.974581 4627.233680 4620.263373 4613.955393 4609.554034 4607.551536 4603.110325 4596.840439 4589.665287 4566.856202 4554.132582 4540.721626 4525.217914 4521.043273 4515.556765 4516.360705 4504.609482 4497.195933 4481.193021 4465.735529 4449.995977 4435.661072 4429.900862 4422.891422 4419.380274 4432.294277 4440.570966 4432.188555 4422.643424 4412.622784 4408.591650 4405.213978 4407.908365 4418.481123 4437.368307 4455.726516 4464.733066 4457.662339 4457.665848 4458.549695 4457.008829 4463.721045 4473.669580 4491.349700 4514.518823 4534.665360 4544.948412 4551.758979 4560.893988 4575.546912 4589.948375 4604.660073 4623.205558
4619.741450 4610.275472 4600.198638 4590.271337 4579.594637 4568.861500 4562.089615 4565.032891 4559.013104 4553.432698 4528.267766 4470.147025 4447.857188 4428.365671 4411.611896 4404.385661 4395.451974 4376.648601 4367.989951 4364.031082 4368.856903 4355.234250 4337.611835 4319.364238 4314.512342 4311.132660 4291.147270 4283.658535 4283.397980 4303.456376 4297.798953 4297.959839 4301.151802 4298.838830 4299.586736 4312.154145 4318.672209 4322.790086 4329.879480 4336.788978 4348.733243 4357.642824 4370.068555 4387.908613 4398.271838 4413.160942 4433.432542 4459.997701 4476.392258 4486.082094 4496.482339 4511.861476 4528.087420 4546.140748 4568.794635
4584.616286 4567.155735 4552.148558 4537.574257 4524.670264 4511.580040 4494.757013 4496.774469 4494.847448 4483.820332 4424.516362 4383.955014 4349.402054 4332.281403 4307.929120 4293.504226 4275.312303 4232.958933 4214.407300 4215.607072 4233.518433 4231.889953 4217.076527 4205.831637 4195.983960 4185.747257 4166.480016 4144.574599 4151.103633 4171.624595 4174.328088 4179.318194 4188.457941 4188.384091 4180.659655 4175.380022 4186.753619 4191.487216 4203.262238 4223.088504 4228.383020 4247.383849 4283.776857 4296.562501 4311.733578 4329.747256 4349.859627 4371.908249 4395.335205 4409.750579 4425.205094 4443.636435 4460.347868 4480.623561 4503.069849
4532.250684 4500.009896 4478.266206 4460.487732 4440.636076 4411.597765 4391.515684 4389.110639 4382.983491 4350.627906 4296.136225 4261.746518 4240.127643 4218.269351 4195.428597 4169.916509 4129.134470 4093.212546 4070.794368 4089.853971 4102.420008 4117.532883 4106.963102 4096.832104 4087.422872 4068.007231 4050.681882 4032.681147 4044.547069 4053.297270 4075.837897 4083.897578 4087.968755 4095.007053 4093.484177 4080.644360 4072.179166 4080.027229 4089.801673 4102.362516 4126.645706 4164.296880 4189.262137 4207.914249 4228.376354 4246.582185 4267.457664 4290.061004 4313.141399 4330.306142 4348.456438 4366.596839 4387.299343 4405.782715 4427.914789
4448.201845 4419.847563 4393.609330 4370.230541 4336.801720 4287.909824 4273.479935 4264.248337 4239.282917 4188.035157 4146.413715 4129.969370 4120.356885 4097.590904 4077.506328 4047.829275 4013.037396 3993.003757 3972.406949 3984.172030 3995.798588 4019.000453 4011.442232 4006.191928 4004.380433 3988.954085 3975.953395 3958.893524 3964.846571 3977.849078 4003.536939 4010.241843 4014.688565 4024.970398 4024.354539 4018.955582 3998.441240 4004.501860 4015.401484 4030.413319 4062.683927 4084.615577 4106.539017 4128.376618 4147.334688 4168.398742 4189.935438 4212.369046 4238.804638 4258.153749 4276.856951 4298.073526 4316.570533 4329.378813 4343.845345
4337.005297 4313.705491 4295.197321 4271.108023 4226.120627 4181.975209 4138.776298 4108.485997 4051.487158 4016.158610 4000.584148 4005.079142 3995.308719 3977.169896 3959.716080 3941.661416 3921.717059 3904.788095 3879.887782 3886.349483 3903.793817 3922.336799 3926.412819 3929.244778 3928.668207 3920.300603 3907.111689 3893.590028 3897.467298 3915.340237 3933.825816 3944.876537 3953.027574 3960.848928 3960.374827 3949.747708 3938.944662 3943.163005 3958.699678 3974.501275 3990.526713 4010.104333 4030.001234 4049.808781 4071.664793 4093.426183 4115.423944 4139.393343 4165.547412 4186.605254 4209.641438 4233.337361 4248.342076 4255.381014 4260.592653
4233.002601 4215.230283 4192.801582 4165.155437 4122.900752 4084.165439 4044.060356 3994.253094 3961.653291 3934.560858 3932.078210 3918.955122 3908.446195 3896.488045 3877.643192 3863.463344 3851.174931 3831.146293 3824.606502 3833.241951 3847.387913 3854.960667 3863.642717 3862.320844 3860.682125 3856.085224 3842.348265 3840.413122 3851.076789 3866.254023 3879.549049 3891.605841 3898.524378 3903.201177 3899.876242 3890.143875 3887.945391 3895.849387 3910.919189 3923.412936 3936.611344 3956.052916 3974.608117 3994.987154 4016.187444 4036.817555 4059.898249 4083.713672 4108.590717 4135.053978 4156.016421 4172.466051 4179.320419 4186.984556 4183.038156
4108.325442 4099.343745 4074.117051 4046.183026 4018.865865 3988.468476 3967.221301 3937.631897 3909.335801 3882.237241 3857.711030 3848.552287 3845.152607 3834.605655 3819.965491 3810.970631 3797.188259 3790.873870 3800.042007 3801.349404 3808.810735 3806.316138 3807.882437 3806.127203 3806.126871 3805.048470 3800.844434 3814.620826 3820.831006 3833.740032 3843.424657 3853.160349 3858.642782 3861.819955 3863.188752 3859.513991 3865.888214 3871.113706 3883.860929 3894.047318 3906.075207 3924.571915 3939.975613 3957.219622 3977.841332 3999.168258 4021.220054 4045.218216 4071.675697 4094.563852 4110.022520 4114.246440 4121.266395 4119.634658 4105.123696
