tests/Borden05m/data_simulated/sim_1/output-maps/psiliqL0026N0011.asc
ncols         160
nrows         34
xllcorner     620200.000000
yllcorner     5168000.000000
cellsize      0.500000
NODATA_value  -9999.0
[rows 0 to 24 of 34, columns 55 to 109 of 160]
-9999.0 -9999.0 -9999.0 -9999.0 -9999.0 -9999.0 -9999.0 -9999.0 -9999.0 -9999.0 -9999.0 -9999.0 -9999.0 -9999.0 -9999.0 -9999.0 -9999.0 -9999.0 -9999.0 -9999.0 -9999.0 -9999.0 -9999.0 -9999.0 -9999.0 -9999.0 -9999.0 -9999.0 -9999.0 -9999.0 -9999.0 -9999.0 -9999.0 -9999.0 -9999.0 -9999.0 -9999.0 -9999.0 -9999.0 -9999.0 -9999.0 -9999.0 -9999.0 -9999.0 -9999.0 -9999.0 -9999.0 -9999.0 -9999.0 -9999.0 -9999.0 -9999.0 -9999.0 -9999.0 -9999.0
-9999.0 -9999.0 -9999.0 -9999.0 3398.182404 3392.875066 3388.093078 3383.560759 3375.057942 3365.719159 3357.828962 3353.610930 3352.408211 3351.525468 3350.845495 3355.651896 3363.644899 3371.194339 3378.006190 3380.311214 3382.596818 3384.392935 3384.570560 3383.379710 3380.094074 3376.751362 3373.320957 3371.583702 3364.204911 3353.060978 3344.739493 3342.039936 3346.204886 3350.537773 3352.993708 3358.165150 3368.542240 3379.136935 3387.667928 3400.236113 3407.263660 3412.625311 3415.235073 3411.276615 3408.040082 3404.100203 3397.986150 3386.906764 -9999.0 -9999.0 -9999.0 -9999.0 -9999.0 -9999.0 -9999.0
3343.104095 3361.443229 3382.309519 3385.388568 3373.726595 3368.629361 3365.459536 3363.754469 3359.465104 3350.924011 3345.751713 3340.208939 3337.492529 3337.423685 3337.226299 3340.806415 3351.483534 3359.194179 3363.672612 3366.230819 3369.000942 3367.353011 3366.501914 3366.208443 3363.245141 3359.701910 3356.265931 3354.364607 3355.786285 3348.162960 3342.141411 3338.222503 3335.248071 3337.978861 3340.667258 3345.253371 3354.416670 3362.320409 3370.297150 3385.433949 3398.633779 3404.357428 3401.851064 3397.310042 3393.546046 3386.181981 3375.516158 3365.563425 3357.485875 3351.443990 3346.158145 3339.816735 3346.319377 3354.275298 3363.668928
3326.266786 3345.344545 3365.696676 3368.190219 3357.882713 3350.111506 3343.212310 3343.666785 3347.095395 3343.788359 3338.886243 3330.998734 3340.923552 3341.817361 3342.407228 3345.481346 3347.247460 3352.269469 3354.586305 3359.821818 3368.699133 3371.414439 3371.757626 3371.713386 3369.644516 3366.309750 3364.270789 3361.403887 3356.063718 3354.211031 3353.811824 3352.486097 3356.543258 3358.050200 3360.966169 3355.489286 3359.926633 3366.193879 3373.178448 3378.716352 3384.830691 3387.394982 3384.159427 3384.823773 3376.616475 3363.059095 3353.306555 3345.945197 3346.277225 3343.425070 3335.604178 3321.989562 3330.409570 3346.629662 3351.513307
3330.400488 3339.189774 3349.619163 3352.012691 3346.891592 3349.018889 3350.710058 3351.811445 3349.843057 3346.185909 3341.675035 3351.947729 3360.097199 3361.339116 3363.629068 3367.448487 3368.189815 3357.230694 3355.097614 3362.252937 3371.786742 3376.821914 3376.893420 3376.419831 3372.633813 3371.379516 3371.086269 3369.210710 3368.614571 3370.094719 3367.590933 3370.476612 3375.909137 3379.145365 3374.011451 3365.628200 3367.902416 3376.382451 3385.470331 3393.088946 3403.287504 3414.107571 3414.458891 3410.036293 3401.641478 3389.319513 3367.061160 3349.687933 3338.845869 3330.971644 3323.831125 3326.951131 3322.375402 3336.329572 3338.243686
3315.706130 3336.255640 3356.132538 3361.841902 3355.722315 3351.882308 3350.535573 3351.043027 3349.935633 3350.236953 3358.774855 3370.376071 3381.329032 3383.150446 3384.812316 3383.403109 3375.860918 3365.467875 3362.710223 3375.843960 3392.375711 3400.115181 3399.510849 3395.068036 3398.061581 3398.120217 3398.575814 3395.177327 3395.837181 3393.353229 3398.699244 3406.335694 3414.275040 3412.908705 3400.535282 3388.221571 3388.187284 3393.688595 3400.683444 3408.303043 3418.493062 3427.663258 3422.946753 3417.915678 3410.696016 3385.260096 3362.886307 3348.779353 3349.270430 3350.192342 3345.928533 3344.072451 3343.344047 3339.418063 3339.790459
3351.260793 3370.273642 3390.237801 3403.008954 3396.707741 3389.128689 3380.589660 3380.654423 3380.898918 3386.560831 3396.735746 3409.265035 3430.761925 3430.051175 3430.346053 3428.902620 3415.922643 3402.652171 3392.635954 3414.633033 3425.586114 3432.646885 3429.967692 3434.971604 3443.529507 3439.913778 3433.598952 3421.506625 3427.063384 3433.474211 3448.570774 3456.475782 3461.741660 3457.159866 3443.281384 3436.536372 3438.094053 3444.597442 3445.832817 3454.534114 3463.335708 3478.308543 3477.063430 3473.883840 3454.157537 3417.329249 3388.225378 3375.897348 3387.378739 3381.889939 3375.722460 3375.788174 3364.918005 3357.907715 3360.632192
3382.836781 3396.090254 3412.136205 3428.504700 3419.501145 3409.244735 3392.651837 3389.408202 3393.442722 3403.461195 3420.803914 3438.600123 3458.355796 3456.907386 3450.231823 3459.785392 3452.753365 3441.878344 3434.329263 3455.693628 3465.727114 3475.887200 3481.548168 3494.132458 3504.514676 3487.975416 3470.899773 3460.473968 3467.467711 3493.018676 3515.391310 3520.175191 3519.235777 3518.668062 3503.379422 3498.561872 3495.178019 3495.551131 3492.959825 3491.130050 3516.495807 3538.081851 3537.935204 3516.509041 3493.899945 3454.454037 3416.858876 3392.693047 3405.807183 3402.606894 3406.055339 3396.120586 3384.574383 3377.592543 3375.332716
3432.567373 3453.994695 3470.255276 3491.973231 3482.788693 3459.657116 3443.570314 3446.058210 3459.485507 3467.439631 3485.790327 3502.784224 3528.495043 3540.517887 3551.670583 3555.561879 3548.478599 3539.914736 3527.888753 3533.120087 3556.988684 3568.584116 3576.880358 3585.246401 3597.864060 3598.212598 3591.280984 3589.427917 3593.784784 3607.258358 3621.712564 3628.451465 3631.503397 3634.114379 3620.895083 3608.004293 3606.011057 3600.577075 3599.370386 3598.622948 3610.128475 3630.725752 3627.569024 3591.111658 3564.361240 3529.421534 3491.150557 3461.933653 3455.924562 3475.082723 3473.075439 3457.024142 3446.713505 3420.937535 3415.993529
3501.630000 3534.466277 3558.721714 3568.867803 3576.217685 3561.367310 3559.214203 3563.317462 3571.636109 3574.700021 3581.070485 3613.407741 3647.142208 3672.086932 3694.807119 3701.944332 3689.607316 3679.813766 3666.272665 3657.463219 3668.529335 3685.801035 3703.464901 3718.376450 3729.700327 3731.767305 3730.181263 3730.235312 3733.352565 3736.351827 3740.675241 3749.174403 3756.828949 3765.483461 3773.493093 3763.024698 3746.039570 3736.803507 3727.834990 3727.095058 3728.531435 3732.454074 3733.568791 3716.791628 3674.714355 3643.100257 3611.018842 3591.543769 3578.446668 3578.389904 3560.299288 3536.051531 3484.748438 3447.589424 3416.475062
3587.257433 3631.377198 3660.609922 3677.678071 3690.332500 3687.238055 3689.051068 3690.032666 3693.715948 3696.022431 3698.667871 3725.545262 3767.271975 3806.764981 3838.093069 3837.884452 3824.037228 3812.665984 3803.564093 3789.093211 3785.137538 3797.892358 3813.430257 3833.852590 3844.283749 3850.312052 3846.949282 3847.167862 3849.010142 3851.369244 3853.528836 3857.221114 3866.966080 3882.167195 3896.790958 3895.881287 3876.753629 3858.742937 3842.734502 3840.369122 3838.004964 3833.098755 3835.511909 3837.433214 3821.343905 3789.856632 3749.873685 3709.471496 3692.920849 3677.901625 3667.063461 3650.128254 3609.347256 3542.490954 3503.011525
3702.537684 3736.934929 3766.041021 3796.392072 3811.186030 3813.293032 3810.664121 3809.411003 3816.435335 3819.076804 3824.618640 3841.221000 3873.752469 3909.572579 3939.476645 3954.872958 3946.925545 3928.739701 3906.307964 3896.297868 3893.316085 3897.008180 3906.670724 3919.770983 3939.512199 3959.138375 3964.946690 3965.840140 3963.143941 3965.593663 3967.186596 3967.310092 3970.327739 3979.030072 3989.068313 3992.489218 3984.551084 3963.203799 3939.500022 3928.209194 3921.762630 3918.374939 3919.485438 3924.788314 3928.144472 3913.155734 3877.128866 3832.254375 3802.300944 3787.298502 3774.554106 3760.424266 3747.880153 3714.471457 3693.341026
3811.963044 3827.355418 3855.827490 3884.838843 3907.502131 3922.182479 3922.444361 3925.380973 3930.173552 3937.420909 3952.518243 3976.145620 3995.553639 4018.594011 4045.584323 4062.118383 4067.369644 4065.584846 4061.345431 4062.508681 4062.877098 3997.311210 4003.821852 4010.315376 4028.157712 4044.119035 4049.918537 4050.584133 4047.928546 4049.820807 4050.619592 4050.497180 4050.122581 4052.617979 4057.916965 4059.942217 4057.438491 4044.354522 4063.704744 4043.417612 4029.808361 4021.518947 4013.206608 4004.939045 3995.477450 3985.521388 3965.144508 3933.905931 3899.337890 3878.041286 3870.231155 3864.085041 3855.443352 3849.666797 3832.475615
3910.838205 3921.429121 3939.867811 3962.860984 3997.351444 4021.149012 4032.662648 4042.063785 4046.755329 4060.856228 4077.785695 4060.968773 4069.667834 4078.669748 4087.614103 4090.685670 4091.565132 4091.159324 4088.750537 4087.939324 4085.458512 4082.062345 4071.514911 4073.133580 4075.116649 4077.748550 4081.501431 4080.411497 4081.537301 4084.496908 4082.714435 4076.621722 4072.502920 4070.926357 4071.966128 4079.432356 4082.952503 4083.924959 4080.374842 4079.418933 4078.375896 4074.815051 4070.369404 4064.102348 4056.085551 4071.773759 4059.528050 4031.061415 3990.181220 3948.429219 3941.083349 3943.192832 3943.002234 3941.506705 3935.877486
4037.368220 4051.236725 4066.216707 4042.553188 4065.944879 4077.915834 4083.513244 4087.761834 4090.613422 4093.907135 4090.912593 4087.932385 4083.022968 4081.429039 4080.067411 4077.619329 4078.246287 4076.358677 4072.274555 4068.186560 4060.097934 4048.452052 4037.273851 4033.628727 4037.914012 4043.586133 4048.809391 4053.360539 4057.120461 4057.047724 4051.512659 4043.021709 4035.420793 4033.778100 4040.699571 4046.469138 4053.103192 4053.997697 4052.601427 4050.068233 4049.784868 4046.444328 4046.632074 4053.772220 4068.677563 4071.190801 4077.370423 4076.490391 4059.059689 4027.496355 4040.410377 4020.380508 4026.563310 4021.937787 4010.547832
4082.098015 4084.999332 4083.292051 4082.243077 4075.820476 4069.735121 4068.948077 4072.981069 4080.053595 4081.099539 4074.028932 4065.409840 4058.140432 4050.644723 4048.271870 4047.754504 4047.527094 4048.056823 4042.752268 4033.310593 4016.142019 4004.544202 3993.474302 3987.531540 3983.601130 3986.950514 3998.319606 4010.709176 4015.790144 4006.291110 3997.739856 3985.812240 3977.724611 3978.187164 3979.136032 3988.697799 4005.793064 4013.570206 4014.376055 4007.795021 4001.148984 3994.425709 3991.277336 3997.696407 4013.070068 4030.005601 4045.818090 4055.075593 4062.858125 4070.051597 4068.082128 4070.952292 4072.531602 4070.301828 4073.629435
4076.574855 4069.551004 4062.533549 4057.208640 4050.768050 4045.490083 4043.643909 4045.484577 4047.356626 4043.198079 4036.833464 4026.838765 4015.792248 4006.084397 3998.362160 3999.403633 4001.780497 4003.500656 3996.146017 3980.700934 3962.834000 3949.336432 3935.464266 3931.536590 3925.569522 3917.666107 3927.763752 3947.711154 3955.188228 3938.897668 3927.927615 3912.641366 3906.106548 3902.038675 3902.765764 3911.669078 3934.393271 3958.880065 3961.036656 3949.982710 3938.996022 3934.273200 3931.015734 3935.517257 3952.176207 3973.101558 3989.330564 3999.860105 4005.195721 4012.982865 4022.393715 4036.848409 4051.823018 4064.299856 4068.738596
4051.349362 4043.590372 4035.932798 4028.310776 4021.428673 4015.239217 4010.954355 4009.010943 4004.993549 3998.892631 3991.877297 3970.792210 3958.354344 3945.395341 3930.414940 3926.521278 3921.631890 3922.703507 3911.203447 3903.403395 3887.095945 3871.785090 3856.198564 3842.679763 3836.980806 3830.241909 3828.153755 3841.500743 3849.899058 3840.667146 3831.024685 3820.536367 3816.139254 3812.778433 3815.303310 3825.765524 3845.144073 3863.453524 3871.989067 3864.691893 3863.666402 3863.846909 3862.244930 3868.596871 3879.145586 3896.967729 3919.468384 3938.630850 3948.557206 3955.376277 3964.533937 3978.978308 3993.127349 4007.529050 4025.625698
4020.848213 4011.548276 4001.646153 3991.941375 3981.473667 3970.944207 3964.444390 3967.215837 3961.262149 3955.719752 3932.555014 3876.898032 3855.649016 3836.712375 3820.485594 3813.759714 3805.322405 3788.673319 3780.108778 3775.831404 3778.701002 3764.904813 3747.477873 3729.741825 3724.920774 3721.468803 3703.526514 3698.250277 3698.609377 3715.796544 3709.859620 3708.963658 3711.192935 3708.828900 3709.976254 3722.662758 3730.050452 3735.140841 3741.937664 3747.210088 3758.035867 3766.226217 3776.895310 3794.086376 3804.714930 3819.790267 3839.958814 3865.673526 3881.233649 3890.667583 3900.952694 3916.153159 3932.235113 3949.952524 3972.320629
3986.225723 3969.561190 3954.978570 3940.717033 3928.081694 3915.307419 3899.390887 3901.411098 3899.437179 3889.129705 3833.396852 3792.881001 3759.078306 3742.113243 3718.522857 3704.964265 3688.329163 3649.139049 3631.608816 3631.740845 3647.521414 3644.647430 3629.621374 3618.032991 3608.622169 3599.127092 3581.088892 3561.568211 3567.792464 3586.823110 3588.268624 3592.075854 3600.292371 3599.893284 3592.894299 3589.448908 3601.231054 3606.418509 3617.660281 3635.772738 3640.655275 3657.614503 3691.849588 3704.466798 3719.298582 3737.331419 3757.401872 3779.221184 3801.755846 3815.674644 3830.703706 3848.929149 3865.408980 3885.516218 3907.882142
3935.303287 3904.137697 3883.063032 3865.779058 3846.677012 3819.443395 3799.624837 3797.533876 3791.581479 3761.929039 3709.361711 3674.378365 3651.766296 3630.288578 3607.664631 3583.771872 3545.834729 3511.110593 3489.422997 3506.310208 3518.124734 3530.892224 3519.917006 3509.511737 3500.140271 3481.871357 3465.024142 3448.249153 3459.552273 3468.253449 3488.260529 3495.483934 3499.443565 3505.634771 3504.117210 3492.680720 3486.497496 3494.339808 3503.993863 3515.929014 3538.002779 3573.796564 3598.277257 3616.271570 3636.353845 3654.510996 3675.328266 3697.770775 3720.208285 3736.848392 3754.735383 3772.766265 3793.222331 3811.857121 3834.205674
3854.653504 3826.697704 3800.715173 3777.843187 3746.049419 3699.420617 3685.350960 3676.653413 3654.291887 3606.216531 3565.013082 3545.910958 3534.343191 3511.766176 3491.542347 3462.853390 3429.167606 3408.433732 3388.273386 3399.392281 3410.389659 3431.653982 3423.518652 3417.409884 3414.983755 3399.811539 3386.769208 3370.255360 3376.511656 3388.954249 3413.097087 3419.305496 3423.522461 3433.150258 3432.383370 3427.416641 3408.841330 3415.186122 3425.776117 3440.267306 3471.350129 3493.386684 3515.266982 3536.572459 3555.333677 3576.186291 3597.691346 3619.984929 3645.808624 3664.756231 3683.137012 3704.050327 3722.553852 3736.066446 3751.422385
3746.362751 3722.984542 3704.154083 3680.493255 3637.576412 3594.149465 3553.197548 3526.008844 3472.997739 3438.574125 3420.226442 3421.433044 3410.648391 3392.131908 3374.388587 3356.254598 3335.629610 3318.025425 3293.558382 3299.743192 3316.453878 3334.310201 3336.798182 3338.629330 3337.710723 3328.946288 3315.762549 3302.295597 3306.147128 3323.524882 3341.680484 3352.050578 3359.882387 3367.596526 3367.163035 3357.130597 3346.656256 3350.991502 3366.082524 3381.639506 3398.266690 3418.039379 3437.963968 3457.541765 3479.157228 3500.825303 3522.731750 3546.569080 3572.379963 3592.855024 3615.578223 3639.020990 3654.461066 3662.108731 3668.588761
3644.314849 3626.059122 3603.718394 3576.790815 3535.471575 3496.807870 3456.942339 3409.690315 3377.591648 3350.414181 3345.773924 3332.066721 3320.654695 3307.966574 3289.076317 3274.283134 3261.111745 3240.966464 3232.659733 3240.858892 3254.926333 3263.226934 3270.960806 3269.429773 3267.619634 3262.580657 3248.911213 3245.598669 3255.884230 3271.076430 3284.615860 3296.305989 3303.148039 3308.024259 3304.760763 3295.239100 3292.327781 3300.149399 3315.151819 3327.890092 3341.614218 3361.176983 3379.897595 3400.220776 3421.370268 3442.022552 3465.076446 3488.848606 3513.552110 3539.502189 3560.529358 3577.578316 3584.889934 3592.927071 3590.712916
3521.921615 3511.901492 3487.075822 3459.644264 3431.861526 3400.581880 3378.213985 3348.731556 3320.406856 3293.133887 3268.816638 3258.589766 3254.348167 3243.339375 3228.137571 3218.567099 3204.425581 3196.315049 3203.980808 3205.679187 3213.881475 3212.120301 3213.583874 3211.672442 3211.530213 3209.922980 3204.625376 3217.219820 3223.643908 3236.843941 3246.700786 3256.352805 3261.934362 3265.239814 3266.303366 3262.096194 3267.895453 3273.372490 3286.335586 3296.693712 3309.117705 3327.853934 3343.432106 3360.863268 3381.455292 3402.789410 3424.904359 3448.868628 3475.194422 3498.096548 3514.012386 3518.915425 3526.354470 3525.818008 3512.670416
