tests/Borden05m/data_simulated/sim_1/output-maps/psiliqL0014N0008.asc
ncols         160
nrows         34
xllcorner     620200.000000
yllcorner     5168000.000000
cellsize      0.500000
NODATA_value  -9999.0
[rows 0 to 24 of 34, columns 0 to 55 of 160]
-9999.0 -9999.0 -9999.0 -9999.0 -9999.0 -9999.0 -9999.0 -9999.0 -9999.0 -9999.0 -9999.0 -9999.0 -9999.0 -9999.0 -9999.0 -9999.0 -9999.0 -9999.0 -9999.0 -9999.0 -9999.0 -9999.0 -9999.0 -9999.0 -9999.0 -9999.0 -9999.0 -9999.0 -9999.0 -9999.0 -9999.0 -9999.0 -9999.0 -9999.0 -9999.0 -9999.0 -9999.0 -9999.0 -9999.0 -9999.0 -9999.0 -9999.0 -9999.0 -9999.0 -9999.0 -9999.0 -9999.0 -9999.0 -9999.0 -9999.0 -9999.0 -9999.0 -9999.0 -9999.0 -9999.0 -9999.0
-9999.0 -9999.0 -9999.0 -9999.0 -9999.0 -9999.0 -9999.0 -9999.0 -9999.0 -9999.0 -9999.0 -9999.0 -9999.0 -9999.0 -9999.0 -9999.0 -9999.0 -9999.0 -9999.0 -9999.0 -9999.0 -9999.0 -9999.0 -9999.0 -9999.0 -9999.0 -9999.0 -9999.0 -9999.0 -9999.0 -9999.0 -9999.0 -9999.0 -9999.0 -9999.0 -9999.0 -9999.0 -9999.0 -9999.0 -9999.0 -9999.0 -9999.0 -9999.0 -9999.0 -9999.0 -9999.0 -9999.0 -9999.0 -9999.0 -9999.0 -9999.0 -9999.0 -9999.0 -9999.0 -9999.0 -9999.0
-9999.0 -9999.0 -9999.0 -9999.0 -9999.0 -9999.0 -9999.0 -9999.0 -9999.0 -9999.0 -9999.0 -9999.0 -9999.0 -9999.0 -9999.0 -9999.0 -9999.0 -9999.0 -9999.0 -9999.0 -9999.0 -9999.0 -9999.0 -9999.0 -9999.0 -9999.0 -9999.0 -9999.0 -9999.0 -9999.0 -9999.0 -9999.0 -9999.0 -9999.0 -9999.0 -9999.0 -9999.0 -9999.0 -9999.0 -9999.0 -9999.0 -9999.0 -9999.0 -9999.0 -9999.0 -9999.0 -9999.0 899.531475 882.370139 867.085914 864.890657 887.618459 911.345581 935.519316 956.468964 975.399886
-9999.0 -9999.0 -9999.0 -9999.0 -9999.0 -9999.0 -9999.0 -9999.0 -9999.0 -9999.0 -9999.0 -9999.0 -9999.0 -9999.0 -9999.0 -9999.0 -9999.0 -9999.0 -9999.0 -9999.0 -9999.0 -9999.0 -9999.0 -9999.0 -9999.0 -9999.0 -9999.0 -9999.0 -9999.0 -9999.0 -9999.0 -9999.0 -9999.0 -9999.0 -9999.0 -9999.0 -9999.0 -9999.0 -9999.0 -9999.0 946.719181 952.787134 954.123435 943.975508 933.050507 920.994251 901.144030 883.476601 868.959420 866.782828 869.794373 875.085995 897.923189 923.067538 943.187001 960.531965
-9999.0 -9999.0 -9999.0 -9999.0 -9999.0 -9999.0 -9999.0 -9999.0 -9999.0 -9999.0 -9999.0 -9999.0 -9999.0 -9999.0 -9999.0 -9999.0 -9999.0 -9999.0 -9999.0 -9999.0 -9999.0 -9999.0 -9999.0 -9999.0 -9999.0 -9999.0 -9999.0 -9999.0 -9999.0 -9999.0 -9999.0 -9999.0 -9999.0 -9999.0 853.182500 870.799684 889.203034 907.992973 925.108389 932.207311 938.203290 944.167084 940.342459 936.073229 925.077493 906.176216 887.009719 873.566225 871.878735 869.836707 874.541427 887.789502 905.070604 921.698532 943.129753 967.242402
-9999.0 -9999.0 -9999.0 -9999.0 -9999.0 -9999.0 -9999.0 -9999.0 -9999.0 -9999.0 -9999.0 -9999.0 -9999.0 -9999.0 -9999.0 -9999.0 -9999.0 -9999.0 -9999.0 -9999.0 -9999.0 -9999.0 -9999.0 -9999.0 -9999.0 -9999.0 -9999.0 -9999.0 856.147132 850.454676 845.754657 844.647744 843.744942 843.028694 850.142967 862.492349 880.874022 903.036543 916.485526 924.153509 931.219837 932.361448 927.735591 926.237055 927.066159 915.672365 904.441920 893.971078 883.911427 882.815166 892.912781 907.643979 924.493511 939.999094 956.097601 967.191762
-9999.0 -9999.0 -9999.0 -9999.0 -9999.0 -9999.0 -9999.0 -9999.0 -9999.0 -9999.0 -9999.0 -9999.0 -9999.0 -9999.0 -9999.0 -9999.0 -9999.0 -9999.0 -9999.0 -9999.0 -9999.0 -9999.0 -9999.0 825.447063 831.359334 838.156369 845.945286 847.186954 843.427602 838.178385 835.576998 834.542330 833.283644 838.251413 846.743814 860.791732 877.134268 899.609218 908.783228 915.369017 928.134612 931.515110 937.944078 942.626693 941.535682 939.239427 927.245458 918.488272 924.053353 930.518988 938.033095 946.773669 960.955471 977.068454 995.179736 1016.157280
-9999.0 -9999.0 -9999.0 -9999.0 -9999.0 -9999.0 -9999.0 -9999.0 -9999.0 -9999.0 -9999.0 -9999.0 -9999.0 -9999.0 -9999.0 -9999.0 -9999.0 -9999.0 -9999.0 799.997960 801.063782 802.476767 807.410516 808.410968 810.811365 818.124237 826.646569 829.431187 828.111212 827.170165 829.214755 832.489072 837.460743 849.356736 863.815100 878.692428 893.272216 914.932356 930.476243 944.818494 961.584821 961.741116 958.540410 957.537496 958.859339 959.893201 964.734865 968.279314 975.483463 981.049668 988.290752 998.602354 1011.141836 1030.444581 1051.425900 1072.402696
-9999.0 -9999.0 -9999.0 -9999.0 -9999.0 -9999.0 -9999.0 -9999.0 -9999.0 -9999.0 -9999.0 -9999.0 -9999.0 -9999.0 -9999.0 -9999.0 771.123345 773.105859 775.500192 781.055842 784.179297 788.455353 795.714846 797.300445 801.457605 809.036177 814.404882 823.740765 832.359838 840.292260 846.937742 850.355947 858.584756 869.052929 881.816945 897.999117 920.464829 944.600559 961.929006 979.844857 998.021729 999.737203 999.760473 1002.018429 1003.641570 1011.145343 1029.850394 1036.974410 1039.568607 1057.373576 1072.714408 1079.131703 1088.176809 1108.743816 1134.103719 1159.151120
-9999.0 -9999.0 -9999.0 -9999.0 -9999.0 -9999.0 -9999.0 -9999.0 -9999.0 -9999.0 -9999.0 -9999.0 -9999.0 724.643459 728.942297 738.697133 748.105698 750.856368 755.406191 761.751882 774.293481 778.312407 784.976425 793.027471 805.419325 814.618249 824.424982 836.956959 846.128094 854.186974 862.116461 868.722135 883.012992 899.355719 916.291893 937.774778 961.117161 983.091808 1005.060085 1022.391331 1037.640010 1041.159509 1041.703116 1045.625063 1054.928222 1073.811556 1094.528622 1105.741018 1126.228907 1151.441959 1166.898672 1180.403385 1190.856536 1206.192937 1229.661883 1266.487425
-9999.0 -9999.0 -9999.0 -9999.0 -9999.0 -9999.0 -9999.0 -9999.0 -9999.0 -9999.0 691.202881 693.711352 690.538100 690.565175 695.899347 708.277966 722.257712 729.177706 741.108328 762.415544 780.624303 784.673149 799.809114 810.656881 818.133973 829.463270 843.481855 857.260922 875.154124 888.827844 901.754415 922.712307 940.695930 958.862536 978.370247 1000.460603 1022.288676 1052.908629 1082.133254 1097.293326 1121.853502 1135.177992 1134.608376 1137.021163 1148.291514 1166.886566 1191.005481 1217.652258 1242.723481 1271.215808 1291.386351 1307.995978 1320.826030 1335.465819 1353.928989 1392.013225
-9999.0 -9999.0 -9999.0 -9999.0 -9999.0 -9999.0 -9999.0 -9999.0 666.428816 673.926590 680.318079 677.635149 673.470995 669.952130 683.995213 700.220742 716.685906 734.709887 751.220383 769.963642 785.937709 802.954238 823.577217 836.226297 848.929729 865.360234 880.262525 898.791695 921.575493 936.110499 954.826989 978.226585 999.043505 1019.393983 1040.600240 1061.441793 1090.824626 1127.404591 1162.511463 1188.456512 1219.371582 1245.451499 1247.857311 1253.456182 1260.968099 1289.731307 1322.352073 1356.502450 1385.651672 1416.368099 1448.378767 1468.277611 1480.606127 1494.903462 1512.105214 1532.942371
-9999.0 -9999.0 -9999.0 -9999.0 -9999.0 -9999.0 639.072351 663.538152 678.851287 671.327054 661.966510 658.784780 655.252976 678.809314 701.219607 718.984221 736.471411 754.731591 771.998323 785.971238 820.743550 839.513212 855.151051 874.678756 890.679532 906.796825 925.908471 951.100406 975.041014 1007.204792 1035.870594 1062.815599 1092.080251 1115.043240 1137.252003 1159.127628 1194.144532 1235.418288 1276.116235 1308.892483 1339.696143 1373.657384 1384.317308 1393.388531 1403.786706 1427.506285 1461.701097 1494.740700 1531.166043 1565.477649 1593.706270 1606.720208 1617.936468 1630.027501 1644.336006 1657.573963
-9999.0 -9999.0 -9999.0 -9999.0 605.226246 626.358905 646.774089 677.869084 700.914505 696.453407 703.807934 704.659645 703.582792 708.022799 715.667343 734.492904 753.804587 773.447275 792.325404 828.593278 873.786625 890.973401 917.250089 951.154025 966.955507 984.375523 1002.820913 1028.261788 1057.845743 1094.410653 1141.625534 1182.568438 1212.278816 1239.323677 1264.695271 1290.882224 1328.969531 1370.989270 1412.239393 1450.297679 1483.393407 1511.861015 1527.208744 1537.694866 1551.934380 1570.273530 1593.194493 1621.773289 1653.926006 1686.584674 1711.970676 1725.800565 1733.732985 1744.306106 1754.751644 1766.775201
-9999.0 -9999.0 -9999.0 555.882449 594.748394 632.799813 660.325394 691.825660 724.607981 730.271368 740.131677 746.239840 752.307919 761.953454 771.675037 789.690260 806.668371 823.363565 846.584279 884.800408 921.722041 954.035440 988.554872 1018.328710 1042.100898 1060.911852 1082.229086 1109.235547 1152.210989 1193.499201 1247.704315 1304.927966 1346.034773 1374.900299 1401.331376 1432.441295 1461.068887 1500.738929 1538.968297 1574.738535 1608.356832 1634.586693 1654.734326 1663.796939 1674.582110 1684.292418 1701.259729 1723.007371 1744.825269 1773.258376 1801.059151 1825.038102 1838.529785 1848.103672 1863.639326 1879.231895
-9999.0 -9999.0 508.625356 546.520041 581.033407 631.847933 685.364961 720.468185 762.348792 787.551007 795.815504 814.607932 832.351306 841.252380 858.334591 876.774668 895.214750 902.966260 920.989453 953.905467 1006.415361 1055.156199 1080.732149 1135.760455 1172.850687 1203.788719 1224.686638 1254.552294 1293.159273 1338.652320 1391.039112 1444.452472 1486.509774 1521.218035 1541.119049 1563.391222 1588.520559 1614.548013 1650.045997 1680.181960 1712.135555 1738.506732 1760.549899 1768.018650 1773.550902 1789.500063 1813.588983 1838.910812 1862.726137 1885.604710 1889.691732 1900.702519 1905.957578 1909.182887 1913.762952 1917.042248
-9999.0 -9999.0 482.084388 527.109680 568.058910 635.490056 715.600213 753.958606 798.378068 845.927723 866.874909 893.728080 908.959739 921.807949 947.263930 971.491231 984.533822 992.532919 994.238228 1052.093396 1113.595054 1169.151108 1222.426530 1293.106917 1342.565481 1363.081370 1379.072896 1402.789683 1430.403533 1476.284598 1526.407740 1580.945693 1626.378573 1659.176286 1677.297931 1697.059339 1718.464415 1737.139759 1756.787383 1795.857407 1822.873395 1848.265455 1874.693047 1894.801497 1903.266823 1906.934026 1897.394946 1906.849123 1913.474083 1916.775542 1918.304899 1915.560573 1915.423835 1916.578591 1917.998444 1913.451727
-9999.0 393.262070 445.561851 499.184644 568.788560 637.087806 721.735328 803.333605 861.670680 911.215054 943.807162 960.865167 1003.178585 1049.738491 1078.608354 1107.726620 1112.197428 1118.556681 1111.331006 1162.054215 1216.008382 1295.687952 1409.323533 1469.852398 1517.674095 1524.237817 1523.274227 1538.732470 1564.707277 1609.231289 1676.229589 1723.571205 1776.292886 1816.418234 1832.303000 1840.054327 1858.171314 1878.352036 1868.075821 1889.949491 1900.401182 1909.141753 1911.940222 1914.259172 1916.056838 1917.106179 1914.845658 1909.435651 1902.602959 1897.908353 1894.628829 1890.743567 1893.660094 1897.339616 1898.533214 1892.172081
-9999.0 357.936134 417.686815 489.695957 561.507545 631.470465 737.397044 880.881828 936.843174 978.148450 1007.244076 1038.378231 1122.850512 1193.859724 1232.152368 1278.737967 1275.848122 1267.471853 1257.774519 1293.731735 1346.928487 1423.923370 1566.477803 1652.924147 1683.141954 1697.959310 1708.401617 1736.813706 1774.214137 1810.491318 1843.181689 1845.192069 1870.953636 1884.583075 1889.759485 1892.868608 1897.816589 1899.557385 1899.106270 1897.001605 1893.783042 1895.172521 1900.141423 1900.895515 1899.108622 1897.042156 1892.474272 1885.870498 1881.213123 1877.382857 1875.323346 1872.902862 1871.798128 1872.238079 1868.334595 1863.111795
-9999.0 328.871663 400.070490 464.339491 531.194250 648.146407 775.470696 912.814882 1009.311408 1053.223115 1087.183853 1166.958753 1275.064216 1375.999487 1431.434110 1459.594490 1464.245723 1446.852286 1453.502283 1500.053317 1566.285038 1657.431263 1747.424943 1824.098402 1840.318159 1847.477085 1831.794047 1847.270111 1861.396557 1866.005434 1869.459910 1874.486216 1881.482001 1886.075706 1886.788603 1885.957921 1883.269702 1877.281805 1874.060717 1872.301246 1870.123835 1870.665912 1874.005227 1875.765107 1873.896512 1870.782379 1867.012557 1862.083427 1856.721431 1850.891039 1847.644109 1844.226280 1842.506022 1838.006706 1833.847460 1827.923968
-9999.0 230.803304 318.842292 375.244234 493.335482 667.785827 796.204354 949.917097 1099.727997 1148.005662 1235.107908 1363.874048 1476.796911 1556.165000 1601.115173 1645.142620 1675.570212 1700.638805 1736.528588 1701.233917 1757.456620 1813.434676 1839.195949 1853.393059 1858.127884 1862.916772 1858.681538 1842.992900 1835.666809 1831.545637 1835.285744 1844.159693 1851.016633 1857.757557 1857.033846 1858.885297 1860.221036 1858.128417 1855.806169 1849.009507 1842.594999 1837.730281 1836.495932 1842.027402 1837.515080 1834.770186 1829.370668 1822.055236 1814.162310 1807.281808 1800.315385 1794.163891 1791.687873 1786.218124 1784.421989 1775.638020
-9999.0 149.838211 227.240624 319.065418 459.934727 625.600076 759.805373 931.277054 1143.018749 1267.050086 1400.000837 1482.393054 1564.801283 1632.778166 1698.917266 1746.608625 1772.692386 1784.548819 1777.754983 1790.388947 1762.378305 1758.855414 1778.829285 1807.448620 1823.271654 1830.230590 1824.915508 1817.159550 1812.381080 1813.086412 1813.105651 1812.599338 1811.707525 1810.326685 1808.019976 1810.747245 1816.131486 1811.171940 1803.884561 1796.926914 1790.505784 1782.861704 1777.643457 1774.252437 1773.017030 1772.720787 1765.409182 1755.381415 1745.257818 1737.526880 1730.264270 1724.906713 1722.308153 1716.976693 1708.273668 1694.700635
-9999.0 52.706182 173.484863 269.330871 394.037957 533.026490 663.408028 831.807251 987.884150 1214.672815 1384.342315 1497.352772 1547.914904 1612.341409 1676.139373 1744.630755 1752.126057 1726.725683 1698.489992 1687.368523 1695.726292 1708.131281 1723.764614 1745.492207 1765.068911 1776.871463 1781.052427 1775.429112 1763.237428 1754.650903 1748.249115 1738.645898 1731.753398 1730.768585 1731.759905 1739.171554 1741.893043 1733.663176 1721.771302 1706.741584 1693.447628 1683.154397 1680.045548 1680.821506 1680.151122 1675.945615 1668.633091 1657.800687 1645.125678 1633.345826 1625.885114 1620.283633 1613.006949 1602.311591 1589.910066 1575.266479
-9999.0 -9999.0 98.920446 210.739805 321.015518 446.256728 565.746492 714.338804 870.551630 1059.929552 1186.958330 1324.210518 1404.040905 1456.762959 1512.035569 1569.876868 1591.542669 1613.292333 1600.043745 1607.405621 1616.911447 1625.816383 1638.283394 1652.483643 1668.059328 1680.007267 1689.161574 1688.041138 1679.284428 1661.906969 1641.057005 1624.921582 1615.586600 1608.358972 1617.318823 1628.482820 1625.760362 1619.587358 1608.306921 1593.224954 1580.496075 1566.635247 1562.129157 1561.312819 1560.099545 1555.883881 1550.104010 1536.169691 1522.311543 1509.680916 1503.481928 1496.684642 1490.441897 1478.504666 1465.220418 1449.931114
-9999.0 -9999.0 14.776141 124.484610 240.882617 366.079569 469.463774 551.425691 708.639221 830.883666 941.432801 1045.961906 1134.106406 1202.960148 1252.250647 1316.800705 1360.232153 1378.893573 1400.962060 1432.625762 1460.948410 1491.358529 1512.815881 1528.814285 1545.559220 1560.851535 1570.715390 1559.534740 1548.079268 1530.224186 1507.463111 1483.015267 1469.936792 1465.539824 1467.260271 1472.049304 1466.352811 1457.006548 1443.003861 1427.575896 1414.440120 1402.523504 1397.345222 1392.571128 1389.661024 1385.128404 1380.270759 1370.168451 1357.529824 1348.691487 1339.427822 1332.570895 1328.540542 1320.680600 1309.945203 1301.482425
