tests/Borden05m/data_simulated/sim_1/output-maps/psiliqL0024N0009.asc
ncols         160
nrows         34
xllcorner     620200.000000
yllcorner     5168000.000000
cellsize      0.500000
NODATA_value  -9999.0
[rows 0 to 24 of 34, columns 0 to 54 of 160]
-9999.0 -9999.0 -9999.0 -9999.0 -9999.0 -9999.0 -9999.0 -9999.0 -9999.0 -9999.0 -9999.0 -9999.0 -9999.0 -9999.0 -9999.0 -9999.0 -9999.0 -9999.0 -9999.0 -9999.0 -9999.0 -9999.0 -9999.0 -9999.0 -9999.0 -9999.0 -9999.0 -9999.0 -9999.0 -9999.0 -9999.0 -9999.0 -9999.0 -9999.0 -9999.0 -9999.0 -9999.0 -9999.0 -9999.0 -9999.0 -9999.0 -9999.0 -9999.0 -9999.0 -9999.0 -9999.0 -9999.0 -9999.0 -9999.0 -9999.0 -9999.0 -9999.0 -9999.0 -9999.0 -9999.0
-9999.0 -9999.0 -9999.0 -9999.0 -9999.0 -9999.0 -9999.0 -9999.0 -9999.0 -9999.0 -9999.0 -9999.0 -9999.0 -9999.0 -9999.0 -9999.0 -9999.0 -9999.0 -9999.0 -9999.0 -9999.0 -9999.0 -9999.0 -9999.0 -9999.0 -9999.0 -9999.0 -9999.0 -9999.0 -9999.0 -9999.0 -9999.0 -9999.0 -9999.0 -9999.0 -9999.0 -9999.0 -9999.0 -9999.0 -9999.0 -9999.0 -9999.0 -9999.0 -9999.0 -9999.0 -9999.0 -9999.0 -9999.0 -9999.0 -9999.0 -9999.0 -9999.0 -9999.0 -9999.0 -9999.0
-9999.0 -9999.0 -9999.0 -9999.0 -9999.0 -9999.0 -9999.0 -9999.0 -9999.0 -9999.0 -9999.0 -9999.0 -9999.0 -9999.0 -9999.0 -9999.0 -9999.0 -9999.0 -9999.0 -9999.0 -9999.0 -9999.0 -9999.0 -9999.0 -9999.0 -9999.0 -9999.0 -9999.0 -9999.0 -9999.0 -9999.0 -9999.0 -9999.0 -9999.0 -9999.0 -9999.0 -9999.0 -9999.0 -9999.0 -9999.0 -9999.0 -9999.0 -9999.0 -9999.0 -9999.0 -9999.0 -9999.0 2878.135674 2860.942903 2847.197202 2842.741422 2863.860064 2886.841598 2910.516260 2930.909829
-9999.0 -9999.0 -9999.0 -9999.0 -9999.0 -9999.0 -9999.0 -9999.0 -9999.0 -9999.0 -9999.0 -9999.0 -9999.0 -9999.0 -9999.0 -9999.0 -9999.0 -9999.0 -9999.0 -9999.0 -9999.0 -9999.0 -9999.0 -9999.0 -9999.0 -9999.0 -9999.0 -9999.0 -9999.0 -9999.0 -9999.0 -9999.0 -9999.0 -9999.0 -9999.0 -9999.0 -9999.0 -9999.0 -9999.0 -9999.0 2928.413721 2934.283977 2934.167505 2924.164499 2912.781927 2899.207913 2878.626668 2861.369454 2848.030444 2845.970516 2848.332510 2851.164579 2871.896635 2897.045253 2916.766299
-9999.0 -9999.0 -9999.0 -9999.0 -9999.0 -9999.0 -9999.0 -9999.0 -9999.0 -9999.0 -9999.0 -9999.0 -9999.0 -9999.0 -9999.0 -9999.0 -9999.0 -9999.0 -9999.0 -9999.0 -9999.0 -9999.0 -9999.0 -9999.0 -9999.0 -9999.0 -9999.0 -9999.0 -9999.0 -9999.0 -9999.0 -9999.0 -9999.0 -9999.0 2836.334222 2853.237361 2871.063088 2889.486039 2906.321552 2913.262054 2919.033672 2924.346579 2919.670103 2915.110057 2903.334066 2882.420399 2862.994003 2850.010316 2848.810022 2846.264061 2849.742833 2861.236533 2877.655708 2892.572829 2912.909556
-9999.0 -9999.0 -9999.0 -9999.0 -9999.0 -9999.0 -9999.0 -9999.0 -9999.0 -9999.0 -9999.0 -9999.0 -9999.0 -9999.0 -9999.0 -9999.0 -9999.0 -9999.0 -9999.0 -9999.0 -9999.0 -9999.0 -9999.0 -9999.0 -9999.0 -9999.0 -9999.0 -9999.0 2842.210607 2836.200345 2831.254665 2829.566528 2828.001643 2826.902776 2833.466472 2844.549788 2861.541753 2883.415054 2896.513721 2903.636899 2910.366529 2910.613845 2904.657680 2902.728741 2903.009430 2890.252910 2877.845286 2866.216070 2854.845166 2851.679029 2860.396545 2874.348273 2890.263395 2904.555604 2919.487637
-9999.0 -9999.0 -9999.0 -9999.0 -9999.0 -9999.0 -9999.0 -9999.0 -9999.0 -9999.0 -9999.0 -9999.0 -9999.0 -9999.0 -9999.0 -9999.0 -9999.0 -9999.0 -9999.0 -9999.0 -9999.0 -9999.0 -9999.0 2812.626261 2817.562612 2823.961711 2831.469302 2832.294058 2828.782818 2823.248199 2820.374494 2818.770835 2816.373343 2820.697000 2827.601574 2840.365761 2855.413293 2877.374414 2885.385072 2889.614940 2900.801439 2904.110525 2911.381574 2915.007444 2912.826382 2908.574094 2893.647760 2882.025957 2884.193274 2888.056188 2894.494429 2902.353823 2915.349944 2928.807901 2943.834292
-9999.0 -9999.0 -9999.0 -9999.0 -9999.0 -9999.0 -9999.0 -9999.0 -9999.0 -9999.0 -9999.0 -9999.0 -9999.0 -9999.0 -9999.0 -9999.0 -9999.0 -9999.0 -9999.0 2788.680429 2789.662990 2791.042042 2795.766795 2795.643873 2797.295042 2803.908825 2811.733105 2814.354498 2811.990480 2810.719311 2811.800160 2814.092038 2818.253373 2828.425271 2841.426050 2854.898319 2867.326431 2887.476833 2901.360085 2913.282421 2928.090893 2927.912320 2923.797071 2921.643412 2921.141854 2919.231026 2917.909147 2916.940998 2922.563581 2923.257412 2926.581223 2935.104003 2946.063134 2962.091720 2979.093726
-9999.0 -9999.0 -9999.0 -9999.0 -9999.0 -9999.0 -9999.0 -9999.0 -9999.0 -9999.0 -9999.0 -9999.0 -9999.0 -9999.0 -9999.0 -9999.0 2778.763588 2780.923609 2783.788768 2789.787964 2793.969094 2798.536617 2805.980176 2784.917350 2787.153604 2793.872398 2797.995844 2806.802518 2814.683180 2821.279018 2826.558951 2828.373731 2834.302548 2842.786806 2853.436872 2866.635773 2886.008573 2908.599755 2923.477649 2939.336162 2955.738881 2955.574252 2953.247024 2952.926297 2951.004394 2952.091200 2966.101605 2968.911134 2963.918064 2973.875085 2985.196095 2987.466688 2984.433606 3002.728794 3024.001189
-9999.0 -9999.0 -9999.0 -9999.0 -9999.0 -9999.0 -9999.0 -9999.0 -9999.0 -9999.0 -9999.0 -9999.0 -9999.0 2728.360888 2732.808020 2743.550855 2755.280301 2758.860704 2764.370848 2771.635326 2784.429304 2788.710292 2795.254169 2802.905572 2789.454624 2797.012705 2805.197167 2816.216312 2823.493444 2829.632549 2835.216008 2837.609758 2848.382148 2861.552348 2875.085333 2893.293024 2914.106741 2931.778461 2949.000728 2964.251043 2975.301523 2972.578476 2970.920988 2972.260919 2976.448319 2980.426275 2995.870173 2996.549332 3006.408628 3026.093369 3035.689709 3042.599967 3047.805528 3060.452306 3080.771634
-9999.0 -9999.0 -9999.0 -9999.0 -9999.0 -9999.0 -9999.0 -9999.0 -9999.0 -9999.0 2698.528156 2700.641637 2697.669153 2696.061273 2702.473953 2715.567345 2730.784150 2737.267714 2749.992253 2772.035475 2791.266998 2795.014892 2808.620665 2791.925117 2796.868725 2805.862770 2817.727527 2828.791884 2843.223501 2853.777977 2861.783200 2877.357735 2891.886807 2906.752869 2922.721796 2941.743991 2956.946229 2980.065128 2996.189968 3003.949231 3020.411905 3023.434184 3018.388801 3015.736395 3023.686499 3034.187398 3048.774934 3064.484276 3082.171283 3103.407377 3113.818936 3125.851141 3134.136544 3143.808467 3158.148194
-9999.0 -9999.0 -9999.0 -9999.0 -9999.0 -9999.0 -9999.0 -9999.0 2672.505902 2681.020152 2687.241497 2684.749393 2681.086892 2676.417858 2691.857524 2708.281987 2725.068774 2744.184309 2760.619262 2779.492526 2793.806204 2809.239645 2800.169416 2809.008402 2818.673704 2832.568530 2844.466183 2858.409873 2877.659616 2885.071230 2895.872314 2914.237516 2928.811622 2944.482359 2961.378502 2976.684830 2988.146442 3017.020569 3044.635842 3060.523327 3085.353145 3102.205070 3096.364854 3094.363964 3095.160480 3117.386604 3142.826458 3170.783015 3188.469526 3211.357279 3238.628111 3256.401327 3265.134685 3275.741257 3289.049965
-9999.0 -9999.0 -9999.0 -9999.0 -9999.0 -9999.0 2642.640125 2667.514990 2683.452311 2675.735725 2663.186611 2659.242803 2654.472048 2685.125374 2708.574094 2727.035155 2744.862050 2763.394058 2780.377186 2789.632065 2790.076362 2807.594842 2818.265420 2831.300974 2844.620037 2857.892302 2873.122316 2893.544213 2910.543712 2932.370235 2949.050418 2965.526850 2979.854863 2995.739400 3011.355250 3024.275512 3050.696267 3084.164482 3117.528208 3141.374824 3164.991955 3193.899842 3194.098206 3195.771082 3197.617987 3219.703908 3251.899058 3280.676796 3311.798861 3341.679065 3368.745275 3378.725214 3387.320253 3396.855453 3408.909572
-9999.0 -9999.0 -9999.0 -9999.0 2608.724837 2629.951517 2649.508978 2680.389283 2703.339114 2699.362680 2705.268790 2704.857655 2702.154769 2708.309472 2717.650291 2736.406730 2756.740240 2777.230108 2792.388316 2788.593012 2832.520753 2843.303963 2860.659782 2889.353518 2899.723743 2912.810031 2927.328445 2947.085509 2965.577931 2984.050157 3018.243886 3047.274424 3067.678985 3086.022739 3103.977327 3120.431101 3153.614718 3188.028436 3222.371041 3253.062498 3279.353408 3304.124626 3311.136794 3315.861441 3325.437245 3341.494450 3363.013111 3389.541647 3421.743890 3453.018719 3475.981470 3485.463548 3490.733411 3499.966276 3507.632091
-9999.0 -9999.0 -9999.0 2554.972561 2594.310107 2634.140212 2660.751255 2691.977686 2725.328277 2727.371199 2737.466967 2739.704972 2741.046073 2748.632517 2754.536583 2772.739791 2791.992012 2812.180702 2798.823480 2830.519450 2859.652256 2878.700348 2906.054347 2922.899514 2936.355011 2948.741265 2966.107943 2985.680458 3011.634055 3040.890264 3085.925641 3135.272042 3166.799208 3184.804713 3205.694348 3231.721327 3255.488079 3292.261713 3325.230331 3356.395266 3385.803239 3407.592379 3422.041984 3426.652804 3435.564140 3441.375529 3454.168088 3474.586107 3496.144944 3525.717765 3554.123801 3581.408364 3595.887342 3606.280867 3622.700957
-9999.0 -9999.0 2506.508792 2545.923386 2578.102885 2626.165858 2680.074683 2716.131356 2757.047970 2778.272008 2783.781268 2797.030728 2786.031330 2787.053332 2796.354336 2809.053401 2829.289299 2836.884611 2854.792936 2872.429657 2910.742995 2945.776154 2945.779894 2976.716441 3005.605888 3035.520701 3054.519985 3079.668777 3115.113546 3149.087321 3191.626335 3239.824778 3273.590364 3300.859644 3315.714444 3334.590196 3354.318468 3378.888776 3413.842159 3439.324151 3471.481489 3496.226056 3515.593049 3517.211513 3519.939791 3535.434410 3562.220160 3591.289890 3618.611917 3645.833540 3634.544985 3654.923148 3664.013098 3669.084610 3677.058819
-9999.0 -9999.0 2476.867296 2523.359564 2559.356528 2619.782794 2706.051674 2742.075877 2783.700676 2812.344840 2826.005854 2847.161917 2843.395413 2835.670052 2853.601195 2868.666126 2886.594313 2893.174641 2887.607740 2938.849049 2982.671172 3010.589078 3023.890160 3096.406655 3145.518586 3166.766378 3180.273754 3199.330912 3218.885231 3256.865695 3296.385188 3348.888790 3389.233009 3418.129787 3432.017502 3450.626771 3469.338155 3484.124435 3502.723536 3546.866632 3579.738898 3608.710012 3638.832055 3659.409830 3667.221505 3671.590415 3649.254457 3666.256486 3677.786681 3682.759588 3684.693875 3680.976911 3680.370811 3681.150391 3682.079583
-9999.0 2384.016475 2436.644033 2487.955317 2553.620456 2616.979244 2694.549100 2771.497344 2820.134263 2869.841417 2894.994998 2891.123836 2897.576841 2925.118535 2944.871007 2962.569646 2966.835410 2975.256135 2957.422374 2999.140962 3036.379876 3088.910671 3187.209029 3243.308656 3300.916177 3297.254658 3286.206490 3291.852203 3308.472872 3352.954017 3427.697454 3480.615415 3542.287750 3588.162169 3603.991369 3610.641898 3628.380415 3648.277640 3604.799323 3642.938800 3660.404686 3674.978753 3682.624200 3684.632974 3685.754889 3685.545977 3681.930617 3675.036231 3666.949573 3661.172015 3656.985203 3652.482581 3654.913496 3658.230046 3658.548826
-9999.0 2346.165745 2404.104449 2473.438413 2542.099514 2593.756296 2681.269351 2828.567145 2887.916352 2924.790840 2932.808357 2916.806568 2977.205422 3030.907338 3055.436500 3098.768450 3084.087419 3068.832964 3035.500074 3060.538854 3099.673393 3168.160679 3330.654153 3416.495611 3462.226941 3470.092301 3471.555453 3498.651424 3540.290399 3584.354637 3626.507142 3601.220950 3645.086441 3666.577313 3671.068241 3671.696881 3676.518852 3675.223109 3673.557998 3669.210662 3664.123933 3664.273473 3668.741930 3668.569657 3665.651282 3662.345818 3656.692804 3649.267923 3644.021785 3639.401464 3636.731157 3633.869286 3631.990650 3631.419964 3626.716075
-9999.0 2307.649656 2382.048028 2441.627729 2491.610110 2587.572438 2718.060988 2845.183513 2939.560279 2973.267968 2958.471976 2993.980584 3094.033291 3195.355797 3245.635820 3266.041645 3249.732383 3205.804932 3189.247303 3231.467133 3299.085093 3411.154929 3538.650935 3631.953826 3646.120631 3649.115685 3606.643332 3629.496315 3650.678128 3653.191560 3654.186105 3661.069314 3666.062688 3668.906875 3667.369459 3664.484342 3659.702380 3651.573835 3646.750082 3643.135296 3639.410500 3638.356122 3640.437189 3642.128918 3639.361987 3635.490347 3631.021968 3625.440774 3619.181851 3612.469758 3608.241169 3604.059740 3601.959559 3596.599637 3593.008380
-9999.0 2188.146804 2283.467483 2326.744609 2408.239338 2595.207303 2725.222447 2851.487773 3008.354597 3030.443627 3079.392167 3212.195944 3326.456989 3403.484218 3432.943708 3466.427594 3490.525495 3506.772844 3541.914561 3436.954341 3511.301818 3599.545149 3639.393132 3656.672642 3664.609517 3664.939891 3655.342341 3634.809400 3624.128210 3617.378142 3618.983751 3626.226394 3631.004071 3635.873268 3633.596309 3634.548598 3635.438906 3632.164696 3628.199117 3619.585272 3611.790597 3605.262832 3602.253101 3607.030896 3602.356057 3599.880368 3593.769195 3585.461237 3576.637836 3569.284391 3561.440679 3554.926654 3552.674716 3547.660890 3546.501859
-9999.0 2107.342514 2180.749893 2245.419387 2360.916891 2525.556521 2628.166318 2788.755407 3001.476713 3131.565558 3285.488053 3370.893210 3439.917357 3483.823903 3534.814533 3584.203993 3609.510152 3619.939354 3592.304641 3611.479565 3570.191428 3559.381236 3576.311565 3604.440159 3620.531738 3624.422486 3616.407272 3606.970199 3599.725688 3598.601255 3596.567029 3592.923860 3589.194273 3585.834099 3582.693004 3585.467527 3590.624645 3583.697138 3573.761058 3564.562759 3556.262970 3547.225198 3541.374628 3536.959508 3537.103184 3537.326055 3529.793945 3519.414336 3508.706935 3500.534154 3493.359383 3488.775220 3486.227110 3481.379206 3472.182495
-9999.0 1990.591427 2121.830536 2201.133653 2300.107965 2430.887872 2539.426211 2694.284027 2807.961408 3042.347092 3184.002821 3358.626659 3405.230070 3471.392565 3519.601194 3590.168236 3586.338645 3554.752567 3513.039577 3496.589380 3506.078663 3514.607478 3523.212793 3538.143014 3555.400725 3565.193737 3569.532328 3563.176125 3549.050124 3537.114746 3526.757346 3513.754881 3504.759540 3502.493459 3505.938772 3515.413477 3516.224174 3506.985490 3493.125508 3475.345587 3460.077541 3448.538256 3446.415356 3448.973656 3449.929809 3446.025285 3440.147457 3429.561501 3417.124663 3404.979204 3399.143922 3394.767081 3387.611343 3376.802910 3365.387331
-9999.0 -9999.0 2037.769891 2146.725621 2242.535975 2355.635374 2449.573515 2572.434255 2715.850037 2866.141174 2977.126881 3145.810528 3234.809211 3277.714654 3313.289829 3367.572254 3390.727471 3418.979831 3410.709256 3420.470362 3429.118641 3433.962504 3439.472128 3445.789766 3456.401515 3465.975002 3475.567509 3472.793493 3463.887982 3443.983950 3419.293393 3400.138803 3389.963205 3381.143352 3392.732063 3405.038571 3400.002516 3393.181591 3380.741088 3364.811235 3352.257230 3338.198117 3334.751924 3334.796902 3335.374268 3333.062659 3330.330438 3318.039272 3305.858937 3295.823084 3291.729578 3286.220801 3282.533531 3272.804897 3262.333946
-9999.0 -9999.0 1950.007488 2054.857622 2158.969496 2277.450333 2364.416278 2388.898005 2528.852252 2636.780230 2745.909269 2826.108938 2918.857490 2979.720718 3013.226212 3073.239007 3125.664302 3142.799642 3177.723542 3226.272916 3258.234426 3294.784289 3316.326943 3325.831722 3338.190592 3352.123696 3359.598657 3344.937359 3333.722946 3316.794818 3293.909337 3268.002699 3254.846173 3253.876842 3253.514288 3255.706201 3248.495980 3239.543458 3225.243645 3211.166550 3198.963572 3189.745919 3186.167726 3181.072733 3179.040703 3176.407164 3174.636075 3170.225057 3161.691407 3156.793869 3148.814786 3144.929502 3143.975476 3140.566575 3134.574328
