tests/Borden05m/data_simulated/sim_1/output-maps/psiliqL0023N0004.asc
ncols         160
nrows         34
xllcorner     620200.000000
yllcorner     5168000.000000
cellsize      0.500000
NODATA_value  -9999.0
[rows 0 to 24 of 34, columns 0 to 54 of 160]
-9999.0 -9999.0 -9999.0 -9999.0 -9999.0 -9999.0 -9999.0 -9999.0 -9999.0 -9999.0 -9999.0 -9999.0 -9999.0 -9999.0 -9999.0 -9999.0 -9999.0 -9999.0 -9999.0 -9999.0 -9999.0 -9999.0 -9999.0 -9999.0 -9999.0 -9999.0 -9999.0 -9999.0 -9999.0 -9999.0 -9999.0 -9999.0 -9999.0 -9999.0 -9999.0 -9999.0 -9999.0 -9999.0 -9999.0 -9999.0 -9999.0 -9999.0 -9999.0 -9999.0 -9999.0 -9999.0 -9999.0 -9999.0 -9999.0 -9999.0 -9999.0 -9999.0 -9999.0 -9999.0 -9999.0
-9999.0 -9999.0 -9999.0 -9999.0 -9999.0 -9999.0 -9999.0 -9999.0 -9999.0 -9999.0 -9999.0 -9999.0 -9999.0 -9999.0 -9999.0 -9999.0 -9999.0 -9999.0 -9999.0 -9999.0 -9999.0 -9999.0 -9999.0 -9999.0 -9999.0 -9999.0 -9999.0 -9999.0 -9999.0 -9999.0 -9999.0 -9999.0 -9999.0 -9999.0 -9999.0 -9999.0 -9999.0 -9999.0 -9999.0 -9999.0 -9999.0 -9999.0 -9999.0 -9999.0 -9999.0 -9999.0 -9999.0 -9999.0 -9999.0 -9999.0 -9999.0 -9999.0 -9999.0 -9999.0 -9999.0
-9999.0 -9999.0 -9999.0 -9999.0 -9999.0 -9999.0 -9999.0 -9999.0 -9999.0 -9999.0 -9999.0 -9999.0 -9999.0 -9999.0 -9999.0 -9999.0 -9999.0 -9999.0 -9999.0 -9999.0 -9999.0 -9999.0 -9999.0 -9999.0 -9999.0 -9999.0 -9999.0 -9999.0 -9999.0 -9999.0 -9999.0 -9999.0 -9999.0 -9999.0 -9999.0 -9999.0 -9999.0 -9999.0 -9999.0 -9999.0 -9999.0 -9999.0 -9999.0 -9999.0 -9999.0 -9999.0 -9999.0 2698.006904 2681.042865 2667.526541 2663.784823 2685.620786 2709.274071 2733.610746 2754.658389
-9999.0 -9999.0 -9999.0 -9999.0 -9999.0 -9999.0 -9999.0 -9999.0 -9999.0 -9999.0 -9999.0 -9999.0 -9999.0 -9999.0 -9999.0 -9999.0 -9999.0 -9999.0 -9999.0 -9999.0 -9999.0 -9999.0 -9999.0 -9999.0 -9999.0 -9999.0 -9999.0 -9999.0 -9999.0 -9999.0 -9999.0 -9999.0 -9999.0 -9999.0 -9999.0 -9999.0 -9999.0 -9999.0 -9999.0 -9999.0 2746.497692 2752.635492 2753.048441 2743.481195 2732.607380 2719.607975 2699.409553 2682.165677 2669.011803 2667.389034 2670.359547 2674.042429 2695.626191 2721.429648 2741.833905
-9999.0 -9999.0 -9999.0 -9999.0 -9999.0 -9999.0 -9999.0 -9999.0 -9999.0 -9999.0 -9999.0 -9999.0 -9999.0 -9999.0 -9999.0 -9999.0 -9999.0 -9999.0 -9999.0 -9999.0 -9999.0 -9999.0 -9999.0 -9999.0 -9999.0 -9999.0 -9999.0 -9999.0 -9999.0 -9999.0 -9999.0 -9999.0 -9999.0 -9999.0 2652.624034 2669.888050 2688.212757 2707.182063 2724.554399 2731.935504 2737.927745 2743.676947 2739.558670 2735.552708 2724.392420 2704.196519 2685.263899 2672.647444 2671.892537 2669.978132 2674.229267 2686.594017 2703.820220 2719.640100 2740.797544
-9999.0 -9999.0 -9999.0 -9999.0 -9999.0 -9999.0 -9999.0 -9999.0 -9999.0 -9999.0 -9999.0 -9999.0 -9999.0 -9999.0 -9999.0 -9999.0 -9999.0 -9999.0 -9999.0 -9999.0 -9999.0 -9999.0 -9999.0 -9999.0 -9999.0 -9999.0 -9999.0 -9999.0 2656.276263 2650.581834 2646.098556 2644.984541 2644.019195 2643.436107 2650.350172 2661.998946 2679.670391 2702.169330 2715.912219 2723.671301 2730.965920 2731.883005 2726.690893 2725.465019 2726.466113 2714.500943 2702.858114 2691.993841 2681.445363 2679.232137 2688.879007 2703.721530 2720.541172 2735.782002 2751.608970
-9999.0 -9999.0 -9999.0 -9999.0 -9999.0 -9999.0 -9999.0 -9999.0 -9999.0 -9999.0 -9999.0 -9999.0 -9999.0 -9999.0 -9999.0 -9999.0 -9999.0 -9999.0 -9999.0 -9999.0 -9999.0 -9999.0 -9999.0 2625.273420 2630.565699 2637.400564 2645.388439 2646.685276 2643.442196 2638.363766 2636.050406 2635.103814 2633.449583 2638.459565 2646.115271 2659.651772 2675.530447 2698.286686 2707.178359 2712.418105 2724.540557 2728.660056 2736.675144 2741.243207 2739.993578 2736.734872 2722.922825 2712.438404 2715.837048 2720.889742 2728.385800 2737.255784 2751.180208 2765.822878 2781.971397
-9999.0 -9999.0 -9999.0 -9999.0 -9999.0 -9999.0 -9999.0 -9999.0 -9999.0 -9999.0 -9999.0 -9999.0 -9999.0 -9999.0 -9999.0 -9999.0 -9999.0 -9999.0 -9999.0 2600.127501 2601.356032 2603.072661 2608.150038 2608.753229 2610.882576 2618.062456 2626.508200 2629.712036 2628.009720 2627.389689 2629.254794 2632.390241 2637.417244 2648.570145 2662.541488 2677.010903 2690.543106 2711.762280 2726.746239 2739.891383 2755.909127 2756.799999 2753.824722 2752.821809 2753.475725 2752.699125 2752.961890 2753.480368 2760.333614 2762.622536 2767.454567 2777.140390 2788.447779 2805.788687 2824.276537
-9999.0 -9999.0 -9999.0 -9999.0 -9999.0 -9999.0 -9999.0 -9999.0 -9999.0 -9999.0 -9999.0 -9999.0 -9999.0 -9999.0 -9999.0 -9999.0 2570.903383 2572.918352 2575.554014 2581.271508 2585.107619 2589.393877 2596.625736 2598.233166 2602.083036 2609.570759 2614.535337 2624.141743 2632.868894 2640.418691 2646.712291 2649.616561 2656.749704 2666.450292 2678.363104 2692.930501 2713.682581 2737.504639 2753.647166 2770.882231 2788.705267 2790.000019 2789.191573 2790.379602 2789.882377 2791.875902 2807.381841 2811.788250 2808.750013 2820.753085 2833.775418 2837.749973 2790.048386 2808.071683 2829.469483
-9999.0 -9999.0 -9999.0 -9999.0 -9999.0 -9999.0 -9999.0 -9999.0 -9999.0 -9999.0 -9999.0 -9999.0 -9999.0 2521.330632 2525.625872 2536.080361 2547.387899 2550.680125 2555.862122 2562.781376 2575.276381 2579.243027 2585.549402 2593.106897 2606.115097 2615.186871 2624.465005 2636.591052 2645.043696 2652.403743 2659.304774 2663.248171 2675.539375 2690.265572 2705.422309 2725.223358 2747.434442 2766.680113 2784.930635 2801.668551 2814.568940 2813.928534 2813.977958 2817.050154 2823.136549 2785.244488 2800.704939 2802.133159 2812.717576 2832.636994 2842.529300 2849.828634 2855.032013 2867.639662 2887.890712
-9999.0 -9999.0 -9999.0 -9999.0 -9999.0 -9999.0 -9999.0 -9999.0 -9999.0 -9999.0 2491.670080 2493.671215 2490.466112 2488.801194 2494.882591 2507.659936 2522.495283 2528.748754 2541.102238 2562.769139 2581.601121 2585.087257 2598.969060 2610.062634 2617.344260 2627.733180 2640.974385 2653.489193 2669.462551 2681.550458 2691.334560 2708.759388 2724.894180 2741.524925 2759.356813 2780.077303 2796.577313 2821.727966 2800.690293 2808.657388 2825.608780 2829.339318 2824.443025 2822.003167 2829.981714 2840.721384 2855.886611 2872.253393 2890.132534 2911.659613 2922.675649 2934.835625 2943.270249 2953.107460 2967.447913
-9999.0 -9999.0 -9999.0 -9999.0 -9999.0 -9999.0 -9999.0 -9999.0 2466.158284 2474.396420 2480.400257 2477.645228 2473.664896 2468.829205 2483.836272 2499.932644 2516.364885 2535.036529 2551.143907 2569.720702 2584.192993 2599.635628 2620.740985 2632.404159 2643.794945 2659.343643 2672.948727 2688.748876 2709.702686 2719.113737 2732.150991 2752.418593 2768.362199 2786.029454 2805.072060 2822.576993 2793.670327 2822.630450 2850.325098 2866.764557 2891.746995 2909.001432 2903.571564 2901.937619 2903.012628 2925.483541 2951.200534 2979.269706 2993.549747 3016.599967 3043.832345 3061.376994 3070.068290 3080.632828 3093.882947
-9999.0 -9999.0 -9999.0 -9999.0 -9999.0 -9999.0 2437.040534 2461.670814 2477.258653 2469.272973 2456.732819 2452.543956 2447.564849 2477.163085 2500.150783 2518.172620 2535.585200 2553.713142 2570.431501 2580.367134 2612.267793 2632.013046 2645.350219 2660.667402 2675.889673 2691.099961 2708.366613 2730.841850 2749.836703 2773.404340 2792.803429 2811.915945 2786.476340 2802.372646 2818.177423 2831.500262 2857.993254 2891.560722 2925.049629 2949.222036 2973.005419 2998.216688 2998.815565 3000.627018 3002.742985 3024.429493 3056.270359 3084.916284 3115.998083 3145.833233 3172.607580 3182.372433 3190.918127 3200.403985 3212.366263
-9999.0 -9999.0 -9999.0 -9999.0 2403.659841 2424.688474 2444.030494 2474.611978 2497.210719 2492.806408 2498.464416 2497.787273 2494.868854 2500.454000 2509.215889 2527.559951 2547.370207 2567.418329 2583.200419 2614.065181 2661.220904 2674.525703 2694.597780 2725.528507 2738.279594 2753.683550 2770.445335 2792.445111 2812.792459 2790.370470 2825.088357 2854.755907 2875.265409 2893.787475 2911.866203 2928.683403 2961.699625 2992.435261 3026.609999 3057.281155 3083.580592 3108.095826 3115.380958 3120.148381 3129.684791 3145.506559 3166.740653 3192.890834 3224.714728 3255.802360 3278.735957 3288.422114 3293.754718 3302.927046 3310.676783
-9999.0 -9999.0 -9999.0 2350.517710 2389.657331 2429.049053 2455.399632 2486.246923 2519.096364 2521.042437 2530.646117 2532.847681 2534.456125 2541.869964 2547.753582 2565.530488 2584.164722 2603.872818 2627.554583 2663.445776 2695.422463 2717.842081 2747.788340 2767.109210 2783.526348 2798.593692 2818.320062 2840.536125 2819.792010 2849.120328 2894.321040 2943.753359 2975.515195 2990.189234 3010.758549 3036.481626 3059.949852 3096.212000 3128.980030 3159.970988 3189.090935 3210.849629 3225.438422 3230.091444 3238.815701 3244.683069 3257.601345 3277.895453 3299.257628 3328.526353 3356.709706 3383.514459 3397.766855 3407.960202 3424.178238
-9999.0 -9999.0 2302.259218 2341.417264 2373.665913 2421.654839 2475.096074 2510.570591 2551.086797 2572.293465 2577.604658 2591.210548 2605.430697 2610.016533 2622.511136 2638.233071 2660.754585 2670.841886 2691.974918 2713.348585 2754.584873 2793.076309 2797.527769 2787.307175 2816.191638 2845.651165 2864.235056 2889.329167 2924.244173 2958.697075 2997.646339 3045.466897 3079.222344 3106.409789 3121.016282 3139.534732 3159.153448 3183.088932 3217.548455 3243.033122 3274.784081 3299.364011 3318.704621 3320.633587 3323.388744 3338.704311 3365.027880 3393.551790 3420.384027 3447.054282 3437.201046 3456.550629 3465.174435 3469.985868 3477.551146
-9999.0 -9999.0 2272.900575 2319.112504 2355.401909 2416.095005 2501.240547 2536.972324 2578.632966 2625.934496 2642.833095 2667.008051 2668.312411 2665.505574 2687.182214 2706.212961 2726.689310 2736.371397 2734.218160 2787.747547 2790.682284 2820.402640 2836.860227 2908.184394 2956.614140 2977.128049 2986.565888 3005.336183 3024.969997 3062.984008 3102.771995 3154.755754 3194.770660 3223.426798 3237.151249 3255.337153 3273.827667 3288.560925 3306.883356 3350.198813 3382.213671 3410.602219 3440.154425 3460.497928 3468.201843 3472.346703 3451.156184 3467.286363 3478.225273 3482.943159 3484.758760 3481.068821 3480.447643 3481.210341 3482.141097
-9999.0 2180.506792 2233.015558 2284.367283 2350.164523 2413.521304 2491.241181 2568.326055 2633.578950 2686.218565 2714.787530 2715.901721 2728.992871 2761.432377 2785.519921 2807.885338 2815.660491 2827.215836 2813.334806 2809.249203 2846.946539 2901.251761 2996.743498 3052.243428 3107.948000 3104.495559 3093.718298 3099.703114 3116.655857 3160.552489 3233.776314 3285.608930 3345.899338 3390.739347 3406.151703 3412.523741 3429.945405 3449.553051 3409.118758 3445.401852 3461.972103 3475.798785 3482.814713 3484.720475 3485.784852 3485.586654 3482.001821 3475.159986 3467.111594 3461.363153 3457.196186 3452.693681 3455.122003 3458.433582 3458.807812
-9999.0 2142.851993 2200.862794 2270.223871 2338.846472 2391.899193 2480.757267 2641.814524 2703.589413 2743.536550 2756.502465 2748.225780 2813.882119 2841.560331 2866.719076 2909.909232 2896.060704 2881.174258 2849.798803 2875.117100 2914.931595 2979.727867 3139.179850 3224.034454 3267.415830 3275.270936 3277.016276 3303.706022 3344.440146 3387.278906 3428.080483 3405.155163 3446.875765 3467.264585 3471.525213 3472.121615 3476.696303 3475.467005 3473.712429 3469.407003 3464.351374 3464.494279 3468.901268 3468.721936 3465.823492 3462.552670 3456.921841 3449.495687 3444.228831 3439.612630 3436.936703 3434.064144 3432.222373 3431.726596 3427.090592
-9999.0 2105.181563 2179.135134 2238.917728 2290.195443 2387.797254 2517.388556 2660.582309 2757.883544 2795.277271 2787.796190 2805.908457 2905.421551 3003.811695 3053.531600 3073.875722 3058.962501 3017.037914 3002.099911 3043.962444 3110.600077 3219.584305 3342.549468 3433.462183 3447.187671 3450.029130 3409.734847 3431.415879 3451.511446 3453.896024 3454.839586 3461.275467 3466.233784 3469.032636 3467.509953 3464.628687 3459.863253 3451.765916 3446.933109 3443.351392 3439.649929 3438.648079 3440.770099 3442.398681 3439.657747 3435.798479 3431.334639 3425.751962 3419.517029 3412.829667 3408.644072 3404.498622 3402.415368 3397.141601 3393.516555
-9999.0 1987.709262 2082.157760 2126.460581 2211.222380 2396.418468 2525.571113 2669.339429 2814.949446 2838.445892 2889.704881 3019.212470 3131.622639 3207.407899 3237.308841 3270.979511 3294.988064 3311.448127 3345.987949 3247.284937 3319.105646 3403.432351 3441.236963 3457.630401 3464.728467 3465.041897 3455.569872 3435.162204 3424.508260 3417.761273 3419.365054 3426.590133 3431.417151 3436.326393 3434.062622 3434.964535 3435.758395 3432.460831 3428.522136 3419.961811 3412.195604 3405.751287 3402.864123 3407.682531 3402.998204 3400.469989 3394.399894 3386.156900 3377.396267 3370.054191 3362.270100 3355.781336 3353.520710 3348.505426 3347.362630
-9999.0 1906.793495 1980.432624 2047.523565 2165.147769 2329.303340 2434.110809 2594.798222 2812.544247 2940.826523 3089.987689 3173.135243 3241.706949 3286.597594 3337.999221 3386.343168 3410.989538 3420.883869 3394.666316 3412.520956 3371.907998 3361.210345 3377.884178 3405.567233 3421.194635 3425.004836 3416.919618 3407.360362 3400.125818 3399.001090 3397.033744 3393.595866 3390.058054 3386.810720 3383.669167 3386.351652 3391.435590 3384.600204 3374.827604 3365.753235 3357.561086 3348.614445 3342.814141 3338.515658 3338.549388 3338.751052 3331.268237 3320.944478 3310.309766 3302.193488 3295.029169 3290.404130 3287.915843 3283.125629 3274.140396
-9999.0 1791.936690 1921.898280 2002.557839 2103.674311 2234.617495 2344.555304 2499.837567 2635.889660 2855.477569 2997.186335 3163.757173 3209.012814 3273.601530 3322.244358 3391.687090 3388.212337 3356.540615 3315.495663 3298.918489 3307.660277 3315.982677 3324.751470 3339.885464 3356.964453 3366.611312 3370.649553 3364.146588 3350.061472 3338.370525 3328.362248 3315.674804 3306.869501 3304.707842 3307.879572 3317.109935 3318.058061 3308.852611 3295.116727 3277.550621 3262.443923 3251.031222 3248.853542 3251.310349 3252.199979 3248.371024 3242.458652 3231.953847 3219.591157 3207.572067 3201.663121 3197.264004 3190.225340 3179.607477 3168.517017
-9999.0 -9999.0 1838.584661 1947.573998 2044.394344 2158.099100 2253.786423 2378.349572 2521.962570 2697.574910 2792.745823 2957.242748 3042.637815 3085.044342 3121.434528 3175.055170 3197.248726 3224.119382 3214.651683 3223.512946 3231.606128 3236.240216 3241.867450 3248.455230 3259.126541 3268.594334 3277.896579 3275.138227 3266.195621 3246.574896 3222.345804 3203.575571 3193.548973 3184.930661 3196.277909 3208.475366 3203.660633 3196.881763 3184.534111 3168.855969 3156.305278 3142.328482 3138.881871 3138.979684 3139.539391 3137.215428 3134.370240 3122.140633 3109.982944 3099.861986 3095.716854 3090.239475 3086.480292 3076.763629 3066.325341
-9999.0 -9999.0 1751.074562 1856.117076 1961.037670 2079.582938 2167.473075 2196.934968 2337.693502 2445.763791 2554.200431 2665.384687 2760.782028 2794.705673 2828.790460 2889.297585 2940.313122 2957.127549 2987.558918 3033.536602 3064.481118 3099.763543 3120.661574 3130.212886 3142.526707 3156.240319 3163.734599 3149.342045 3138.157453 3121.299143 3098.664402 3073.105475 3060.110326 3058.902716 3058.813228 3061.307127 3054.280395 3045.317615 3031.081084 3016.922800 3004.703542 2995.330168 2991.742178 2986.857109 2984.933715 2982.325507 2980.508523 2979.890626 2971.133856 2965.990169 2958.006124 2953.935687 2952.794556 2949.099229 2942.857034
