tests/Borden05m/data_simulated/sim_1/output-maps/psiliqL0024N0007.asc
ncols         160
nrows         34
xllcorner     620200.000000
yllcorner     5168000.000000
cellsize      0.500000
NODATA_value  -9999.0
[rows 0 to 24 of 34, columns 55 to 109 of 160]
-9999.0 -9999.0 -9999.0 -9999.0 -9999.0 -9999.0 -9999.0 -9999.0 -9999.0 -9999.0 -9999.0 -9999.0 -9999.0 -9999.0 -9999.0 -9999.0 -9999.0 -9999.0 -9999.0 -9999.0 -9999.0 -9999.0 -9999.0 -9999.0 -9999.0 -9999.0 -9999.0 -9999.0 -9999.0 -9999.0 -9999.0 -9999.0 -9999.0 -9999.0 -9999.0 -9999.0 -9999.0 -9999.0 -9999.0 -9999.0 -9999.0 -9999.0 -9999.0 -9999.0 -9999.0 -9999.0 -9999.0 -9999.0 -9999.0 -9999.0 -9999.0 -9999.0 -9999.0 -9999.0 -9999.0
-9999.0 -9999.0 -9999.0 -9999.0 2999.021420 2993.682570 2988.822244 2984.282727 2979.160572 2969.903114 2961.973138 2957.831254 2956.710829 2955.881317 2955.286105 2960.200668 2968.234509 2975.831430 2982.679376 2980.926481 2983.141087 2984.987537 2985.197594 2983.988803 2980.783934 2981.788838 2978.427995 2976.750600 2969.288065 2958.130057 2949.751569 2947.054941 2951.263594 2955.616818 2958.079833 2963.349769 2973.766534 2984.331504 2988.445101 3000.752510 3007.610055 3012.960182 3015.657901 3011.716379 3008.474438 3004.596133 2998.747758 2987.696853 -9999.0 -9999.0 -9999.0 -9999.0 -9999.0 -9999.0 -9999.0
2947.316724 2965.707356 2982.988575 2986.080128 2977.979841 2972.967142 2969.809526 2968.080929 2963.738545 2955.209097 2950.057205 2944.569640 2942.016262 2942.002684 2941.886592 2945.592915 2956.235900 2964.027119 2968.586980 2971.166683 2973.935476 2972.516823 2971.737915 2971.463652 2968.532858 2965.036703 2961.628492 2959.767623 2961.058050 2953.458873 2947.534627 2943.701221 2940.928975 2943.615160 2946.270363 2950.672569 2959.875235 2967.799358 2975.717849 2986.139639 2999.061074 3004.737365 3002.267883 2997.702423 2994.066769 2986.929316 2980.455674 2970.486932 2962.179053 2955.964709 2950.602462 2944.309849 2950.677127 2958.362796 2967.770518
2930.691643 2949.802508 2970.134428 2972.700361 2962.342070 2954.516098 2947.938837 2948.387959 2951.713414 2948.407102 2943.578068 2936.161261 2945.871643 2946.849840 2947.561621 2950.717794 2952.756107 2957.531610 2959.949549 2965.228384 2974.118563 2976.842306 2977.230864 2977.234889 2975.223367 2971.940286 2969.960787 2967.136056 2961.840301 2960.120082 2959.835806 2958.677797 2962.861351 2964.231904 2967.102175 2961.455940 2965.751266 2971.982346 2978.787659 2984.419435 2985.653542 2988.378786 2985.185604 2985.753070 2982.131790 2968.579497 2958.731688 2951.192807 2951.151700 2948.203564 2940.327528 2926.793657 2934.942106 2950.984579 2955.752087
2934.972031 2943.825648 2954.454120 2956.950184 2951.865158 2953.897221 2955.606566 2956.802798 2954.928170 2951.403131 2947.303759 2957.913729 2966.099907 2967.423155 2969.837875 2973.691040 2974.455593 2963.416640 2961.274277 2968.601356 2978.079578 2983.211631 2983.312228 2982.913623 2979.412827 2978.216384 2977.931579 2976.029326 2975.657501 2977.291796 2975.173053 2978.326171 2983.740808 2981.320406 2981.391250 2972.953526 2975.008211 2983.327342 2986.646382 2994.141574 3004.349463 3015.289475 3015.486945 3010.957192 3002.643491 2990.322998 2973.022587 2955.374557 2944.472033 2936.656621 2929.466734 2932.043484 2927.632137 2941.093459 2942.893002
2922.172203 2942.144033 2962.048170 2968.076828 2962.005455 2958.005810 2956.474418 2957.050765 2956.167566 2956.904902 2966.048128 2977.909235 2983.859251 2985.619131 2987.337102 2986.136027 2984.264011 2973.980618 2971.097829 2984.432899 2994.743573 3002.392491 3001.930805 2998.021517 3001.572978 3001.375331 3001.464047 2997.811307 2998.655609 2996.752209 3002.764574 3010.364683 3018.147122 3016.606652 3004.417955 2992.273425 2992.036468 2997.143095 3003.488190 3010.924376 3021.163922 3030.477823 3025.789797 3020.541716 3013.026715 2987.368493 2970.166623 2955.886422 2956.114196 2956.868829 2952.629242 2950.529781 2949.346111 2944.883105 2945.067336
2958.858560 2978.094395 2992.643225 3005.638525 2999.315014 2991.571088 2982.696977 2982.749017 2983.318627 2989.229035 2999.695330 3012.824752 3034.434640 3034.136251 3034.767646 3033.894544 3021.267262 3008.127188 2997.908057 3019.186683 3029.842965 3037.080014 3035.026061 3040.717324 3049.420907 3045.625348 3039.026082 3027.203276 3032.836974 3040.038460 3055.075271 3062.760714 3067.779652 3063.724132 3050.311567 3043.753771 3044.863666 3050.719376 3051.421550 3059.509466 3068.586152 3083.633192 3082.605401 3078.662433 3058.693416 3022.083072 2992.626432 2985.718478 2989.985435 2984.439726 2984.205638 2983.718501 2972.336280 2964.699841 2967.132826
2986.864550 3000.495755 3016.567991 3033.027489 3024.535738 3014.104131 2997.924313 2994.989580 2999.423551 3009.284150 3026.689299 3045.061771 3065.241386 3065.136382 3059.857402 3069.278527 3062.307049 3051.643616 3043.954222 3063.640447 3073.908678 3084.203602 3090.418520 3102.938887 3113.429846 3097.955418 3081.668532 3072.049044 3078.716700 3103.270762 3124.761949 3129.550683 3128.938318 3128.895098 3114.630177 3109.567001 3105.705254 3105.253099 3102.213364 3100.094968 3124.372580 3145.220146 3144.962004 3123.450450 3100.866940 3062.245662 3024.947688 2999.957956 3011.066012 3008.188000 3011.282161 3000.807518 2988.892458 2980.775845 2983.692004
3039.046795 3061.340595 3077.999223 3099.330161 3091.521728 3069.261726 3054.323232 3056.995924 3070.100010 3077.721897 3095.371234 3113.229485 3139.607233 3152.848084 3165.029979 3168.219012 3161.513544 3152.864920 3140.649170 3144.698710 3167.389693 3178.263797 3186.823420 3195.476700 3207.986236 3209.096171 3202.825487 3201.161906 3205.294334 3217.705651 3231.234252 3237.919499 3241.307915 3244.365378 3232.670352 3220.251354 3217.611680 3211.719407 3209.715743 3208.766568 3218.957499 3238.153295 3235.321714 3200.736421 3174.256787 3140.761370 3103.067603 3073.893166 3066.451195 3083.851437 3080.778007 3064.721512 3053.316157 3026.478084 3020.170649
3109.914836 3142.780340 3167.196654 3177.118504 3185.107550 3171.618172 3169.851574 3173.731420 3181.671744 3184.823793 3191.202679 3223.285189 3256.904029 3282.252742 3304.976352 3312.177451 3300.107112 3290.284685 3276.974679 3268.043677 3277.962622 3294.668643 3312.075561 3327.017155 3338.262934 3340.547241 3339.012206 3339.087539 3342.000733 3344.965825 3349.045388 3357.129957 3364.682181 3373.474905 3381.931029 3372.218814 3355.382907 3345.733041 3336.108223 3334.791092 3335.867243 3339.024281 3340.087515 3324.919353 3284.796315 3254.014153 3222.315416 3201.779708 3187.847132 3186.049757 3168.788176 3145.219207 3095.216905 3058.065132 3026.815125
3196.245940 3239.327418 3268.379777 3286.158045 3298.923565 3296.531926 3298.232964 3299.280364 3303.112962 3305.687499 3308.844808 3334.828346 3375.552980 3414.391759 3445.238191 3445.540036 3432.320616 3421.068558 3411.749208 3397.856093 3393.965130 3405.897059 3420.686331 3440.364313 3450.894903 3457.443381 3454.484509 3454.724654 3456.334233 3458.622665 3460.706975 3464.108799 3473.400305 3488.041262 3502.116773 3501.520575 3483.346204 3465.564509 3449.434960 3446.413320 3443.583468 3438.645239 3440.817117 3442.681478 3428.124132 3397.899044 3358.942717 3318.612737 3300.920190 3285.325686 3274.509007 3258.099160 3220.097125 3156.886336 3119.260177
3310.755567 3343.694715 3372.455156 3402.500873 3417.646130 3420.418577 3418.094727 3417.180573 3424.102213 3427.157557 3433.255526 3449.688315 3480.664278 3515.195087 3544.409502 3559.952211 3552.595265 3535.265783 3513.647235 3504.371103 3501.639739 3505.047915 3514.200462 3526.477460 3545.500452 3564.486010 3570.204856 3571.068225 3568.415716 3570.790714 3572.298697 3572.405114 3575.108559 3583.183693 3592.744885 3596.031763 3588.606053 3568.156566 3545.098768 3533.431241 3526.732240 3523.249421 3523.964499 3528.740558 3531.632866 3517.312808 3482.665264 3439.201344 3409.079774 3393.340723 3380.418288 3366.733374 3354.744663 3323.879374 3303.615901
3418.885053 3433.779612 3461.508237 3489.893436 3512.572190 3527.349298 3528.051947 3531.280083 3535.967326 3543.490307 3558.530177 3581.307176 3599.757169 3621.721208 3647.703121 3663.539143 3668.811689 3667.335235 3663.554370 3664.808486 3665.141699 3605.691711 3611.653440 3617.591287 3633.773868 3648.493237 3653.795044 3654.398723 3651.990222 3653.751982 3654.476460 3654.393332 3654.023820 3656.129889 3660.935945 3662.772802 3660.501984 3648.439833 3665.286776 3645.575182 3632.285862 3624.171292 3616.010795 3607.771831 3598.387585 3588.599600 3569.044218 3538.731080 3504.673488 3482.778459 3474.662290 3468.685109 3460.590494 3455.109504 3438.513663
3517.065051 3527.613165 3545.446435 3567.808588 3601.004536 3623.907378 3635.144421 3644.314736 3648.945673 3662.669752 3678.953685 3663.920621 3671.810465 3679.974993 3688.087314 3690.873154 3691.670805 3691.302747 3688.929180 3688.193428 3685.846648 3682.272441 3671.909894 3673.508220 3675.414745 3678.022263 3681.733009 3680.607741 3681.699496 3684.647986 3682.913174 3676.927720 3672.900872 3671.327716 3672.275426 3679.675011 3683.127233 3684.068786 3680.915890 3680.007026 3679.061015 3675.831411 3671.799312 3666.115238 3658.844189 3672.634894 3660.813031 3633.315390 3593.885501 3553.464407 3545.339568 3546.664880 3546.726361 3545.185739 3539.675472
3639.809457 3653.250224 3667.801340 3647.296310 3668.511973 3679.369348 3684.446068 3688.411064 3691.166703 3694.107515 3691.078975 3688.037366 3683.180926 3681.651544 3680.312414 3677.886459 3678.522074 3676.637046 3672.598872 3668.620474 3660.816350 3649.349640 3638.175909 3634.714534 3639.044879 3644.607990 3649.683024 3654.015477 3657.699120 3657.805228 3652.411102 3644.051424 3636.560341 3634.882567 3641.715528 3647.435833 3653.838801 3654.694738 3653.305577 3650.861985 3650.658942 3647.465427 3647.700825 3654.711648 3669.307656 3672.303378 3677.908152 3677.109981 3661.300742 3632.673588 3642.529570 3622.714574 3628.559424 3624.038600 3612.783535
3682.522489 3685.153914 3683.605450 3682.447557 3676.120987 3670.106852 3669.345581 3673.355955 3680.386377 3681.481068 3674.464472 3665.951353 3658.787007 3651.459257 3649.162952 3648.559752 3648.291176 3648.775354 3643.511230 3634.373894 3617.567083 3606.032345 3594.985667 3589.058979 3585.456072 3589.051996 3600.155141 3612.081500 3617.079584 3608.033471 3599.684215 3587.997300 3579.946666 3580.378275 3581.520748 3590.961390 3607.512915 3614.765677 3615.536579 3609.184463 3602.867370 3596.269062 3593.277737 3599.707135 3614.920449 3631.491693 3646.876969 3655.899369 3663.557004 3670.592954 3669.473664 3672.076836 3673.509235 3671.486881 3674.132824
3676.771707 3669.849614 3662.938917 3657.699112 3651.279961 3645.984126 3644.196200 3646.154968 3648.214704 3644.233703 3637.885321 3627.950677 3617.024744 3607.408795 3599.994667 3601.038793 3603.413168 3605.047714 3597.906534 3582.722445 3565.058445 3551.668598 3537.878476 3533.989631 3528.233430 3520.926580 3531.081177 3550.546953 3557.814052 3541.997967 3531.236297 3516.168278 3509.536264 3505.628187 3506.466254 3515.406483 3537.610322 3561.223946 3563.201318 3552.344980 3541.564521 3536.792678 3533.583391 3538.287599 3555.017301 3575.620698 3591.485093 3601.756047 3607.054869 3614.811599 3624.160038 3638.192827 3652.803285 3664.979974 3669.980683
3651.884400 3644.172779 3636.571718 3629.028934 3622.205646 3616.095258 3611.888067 3609.984048 3606.249179 3600.260907 3593.352190 3573.418809 3561.171470 3548.513693 3533.882108 3530.175718 3525.684348 3526.934378 3515.601721 3507.543962 3491.033555 3475.820439 3460.336890 3447.362115 3441.703955 3435.145414 3434.005870 3447.641514 3456.120895 3446.322636 3436.615284 3425.815189 3421.174090 3417.824506 3420.236405 3430.624956 3450.331089 3468.608077 3476.829672 3469.381555 3467.670104 3467.380749 3465.738051 3471.849835 3482.798728 3500.715503 3522.770561 3541.277032 3550.965645 3557.790448 3566.963216 3581.266109 3595.246820 3609.441865 3627.239283
3621.586168 3612.396976 3602.611319 3593.054885 3582.726589 3572.335427 3566.016985 3568.673802 3562.764129 3557.246992 3535.415642 3481.401180 3460.847019 3442.280199 3426.404640 3420.012238 3411.905916 3396.692939 3388.191044 3383.701295 3385.266696 3371.355771 3354.102005 3336.707141 3331.906133 3328.405493 3311.824934 3308.023441 3308.795423 3324.068301 3317.944955 3316.344415 3317.931993 3315.534092 3316.948084 3329.714382 3337.682373 3343.421698 3350.024140 3354.205924 3364.286053 3371.952387 3381.449442 3398.207896 3409.013419 3424.213013 3444.312924 3469.459752 3484.463656 3493.727040 3503.935460 3519.016810 3535.002825 3552.496368 3574.673955
3587.298882 3571.167548 3556.867967 3542.814866 3530.358575 3517.794949 3502.482691 3504.504654 3502.499382 3492.671595 3439.320348 3398.835928 3365.578711 3348.716553 3325.632447 3312.650069 3297.065478 3259.982659 3243.131862 3242.550903 3256.909985 3253.205025 3238.038252 3226.220340 3217.100080 3208.098809 3190.879429 3172.948134 3178.968960 3197.005940 3197.612782 3200.631484 3208.232678 3207.617059 3201.102081 3198.879995 3210.935148 3216.425954 3227.313155 3244.284112 3248.892746 3264.477004 3297.274112 3309.780261 3324.387262 3342.434247 3362.477497 3384.100362 3406.039278 3419.627140 3434.372685 3452.459956 3468.785464 3488.780477 3511.092909
3537.340896 3506.892109 3486.263406 3469.309045 3450.707647 3424.677075 3405.034228 3403.152522 3397.316508 3369.466954 3318.223697 3282.857674 3259.583186 3238.357043 3215.875597 3193.076045 3157.708623 3123.773356 3102.554201 3117.976702 3129.276364 3140.468893 3129.215003 3118.618287 3109.263700 3091.751979 3075.217532 3059.255209 3070.180074 3078.846892 3097.164476 3103.831340 3107.719025 3113.349369 3111.840933 3101.347321 3096.694710 3104.544173 3114.130817 3125.662133 3146.267838 3180.190152 3204.335702 3221.892989 3241.723667 3259.837822 3280.617521 3302.952832 3324.963342 3341.255605 3358.968081 3376.883062 3397.174003 3415.909855 3438.402856
3458.957844 3431.267607 3405.455461 3382.922219 3352.262211 3307.141404 3293.324036 3284.980137 3264.351781 3218.390392 3177.478981 3157.269437 3144.382112 3121.902540 3101.560563 3073.639451 3040.693088 3019.472376 2999.582308 3010.252261 3020.814847 3040.774816 3032.243729 3025.552791 3022.707924 3007.697175 2994.620658 2978.465881 2984.921039 2996.989159 3020.102442 3025.981517 3030.048410 3039.244990 3038.383758 3033.713064 3016.439855 3022.985991 3033.382451 3047.424479 3077.725417 3099.822763 3121.689370 3142.661278 3161.304625 3181.434123 3202.907773 3225.109649 3250.516083 3269.197693 3287.365307 3308.076694 3326.586531 3340.570809 3356.520922
3352.647511 3329.215528 3310.168540 3286.792019 3245.268253 3202.332801 3163.556426 3138.415349 3088.030911 3054.311499 3034.086929 3033.095244 3021.605383 3002.807348 2984.977084 2973.915258 2952.695364 2934.420325 2910.035124 2915.850327 2931.909702 2949.167132 2950.471618 2951.525783 2950.283347 2941.173147 2927.928859 2914.452830 2918.260709 2935.300314 2953.245237 2963.186658 2970.847064 2978.547845 2978.216916 2968.674747 2958.532647 2963.078025 2977.952661 2987.086737 3004.011610 3023.926452 3043.786286 3063.228751 3084.702451 3106.308764 3128.176671 3151.942209 3176.986944 3197.064473 3219.581019 3242.846303 3258.578390 3266.633966 3273.961561
3251.908315 3233.328480 3211.044482 3184.607857 3144.515492 3105.884901 3066.177523 3020.724047 2989.065141 2969.222227 2962.898628 2948.482216 2936.142298 2922.661641 2903.490850 2888.291960 2874.345999 2853.926206 2844.257489 2852.002120 2865.874194 2874.535686 2881.529042 2879.763271 2877.756423 2872.354354 2858.676876 2854.409966 2864.422653 2879.622187 2893.335701 2904.806607 2911.636949 2916.699269 2913.544074 2904.245712 2900.957807 2908.835876 2923.894313 2936.710680 2950.914078 2970.666371 2984.023707 3004.226790 3025.273565 3045.957697 3069.015084 3092.780427 3117.372950 3143.005712 3164.094484 3181.035707 3188.643905 3196.932095 3195.875318
3131.623207 3120.887349 3096.306076 3069.303091 3041.207410 3009.314557 2986.297997 2963.516888 2934.962664 2907.503348 2883.040089 2871.801235 2866.711316 2855.701076 2839.871502 2829.715217 2815.135449 2805.643028 2812.138932 2813.945605 2822.506861 2821.116804 2822.410811 2820.308178 2819.997605 2817.978787 2811.909814 2823.689498 2829.818728 2843.209398 2853.193508 2862.814118 2868.496348 2871.935174 2872.854306 2868.363682 2873.864922 2879.606496 2892.815548 2903.381504 2916.198268 2935.226924 2950.900753 2968.567414 2984.383643 3005.654757 3027.755212 3051.716241 3077.975072 3100.910224 3117.154267 3122.517318 3130.262692 3130.487753 3118.282758
