tests/Borden05m/data_simulated/sim_1/output-maps/psiliqL0004N0012.asc
ncols         160
nrows         34
xllcorner     620200.000000
yllcorner     5168000.000000
cellsize      0.500000
NODATA_value  -9999.0
[rows 0 to 24 of 34, columns 0 to 55 of 160]
-9999.0 -9999.0 -9999.0 -9999.0 -9999.0 -9999.0 -9999.0 -9999.0 -9999.0 -9999.0 -9999.0 -9999.0 -9999.0 -9999.0 -9999.0 -9999.0 -9999.0 -9999.0 -9999.0 -9999.0 -9999.0 -9999.0 -9999.0 -9999.0 -9999.0 -9999.0 -9999.0 -9999.0 -9999.0 -9999.0 -9999.0 -9999.0 -9999.0 -9999.0 -9999.0 -9999.0 -9999.0 -9999.0 -9999.0 -9999.0 -9999.0 -9999.0 -9999.0 -9999.0 -9999.0 -9999.0 -9999.0 -9999.0 -9999.0 -9999.0 -9999.0 -9999.0 -9999.0 -9999.0 -9999.0 -9999.0
-9999.0 -9999.0 -9999.0 -9999.0 -9999.0 -9999.0 -9999.0 -9999.0 -9999.0 -9999.0 -9999.0 -9999.0 -9999.0 -9999.0 -9999.0 -9999.0 -9999.0 -9999.0 -9999.0 -9999.0 -9999.0 -9999.0 -9999.0 -9999.0 -9999.0 -9999.0 -9999.0 -9999.0 -9999.0 -9999.0 -9999.0 -9999.0 -9999.0 -9999.0 -9999.0 -9999.0 -9999.0 -9999.0 -9999.0 -9999.0 -9999.0 -9999.0 -9999.0 -9999.0 -9999.0 -9999.0 -9999.0 -9999.0 -9999.0 -9999.0 -9999.0 -9999.0 -9999.0 -9999.0 -9999.0 -9999.0
-9999.0 -9999.0 -9999.0 -9999.0 -9999.0 -9999.0 -9999.0 -9999.0 -9999.0 -9999.0 -9999.0 -9999.0 -9999.0 -9999.0 -9999.0 -9999.0 -9999.0 -9999.0 -9999.0 -9999.0 -9999.0 -9999.0 -9999.0 -9999.0 -9999.0 -9999.0 -9999.0 -9999.0 -9999.0 -9999.0 -9999.0 -9999.0 -9999.0 -9999.0 -9999.0 -9999.0 -9999.0 -9999.0 -9999.0 -9999.0 -9999.0 -9999.0 -9999.0 -9999.0 -9999.0 -9999.0 -9999.0 -605.794930 -615.260800 -626.810865 -630.033932 -616.883732 -610.568031 -604.646383 -600.462750 -596.565933
-9999.0 -9999.0 -9999.0 -9999.0 -9999.0 -9999.0 -9999.0 -9999.0 -9999.0 -9999.0 -9999.0 -9999.0 -9999.0 -9999.0 -9999.0 -9999.0 -9999.0 -9999.0 -9999.0 -9999.0 -9999.0 -9999.0 -9999.0 -9999.0 -9999.0 -9999.0 -9999.0 -9999.0 -9999.0 -9999.0 -9999.0 -9999.0 -9999.0 -9999.0 -9999.0 -9999.0 -9999.0 -9999.0 -9999.0 -9999.0 -604.332466 -600.104520 -596.895098 -603.045221 -606.047798 -606.235517 -613.287442 -621.314901 -629.628867 -627.409733 -627.203671 -632.534166 -623.067802 -615.269584 -612.033964 -609.246358
-9999.0 -9999.0 -9999.0 -9999.0 -9999.0 -9999.0 -9999.0 -9999.0 -9999.0 -9999.0 -9999.0 -9999.0 -9999.0 -9999.0 -9999.0 -9999.0 -9999.0 -9999.0 -9999.0 -9999.0 -9999.0 -9999.0 -9999.0 -9999.0 -9999.0 -9999.0 -9999.0 -9999.0 -9999.0 -9999.0 -9999.0 -9999.0 -9999.0 -9999.0 -627.174539 -618.653364 -614.525964 -610.552049 -605.087290 -606.408179 -607.520554 -603.791980 -607.113387 -607.547982 -612.056752 -620.521528 -629.207588 -634.255907 -629.561162 -631.214382 -631.066561 -626.550809 -623.378210 -621.768349 -615.312883 -605.606417
-9999.0 -9999.0 -9999.0 -9999.0 -9999.0 -9999.0 -9999.0 -9999.0 -9999.0 -9999.0 -9999.0 -9999.0 -9999.0 -9999.0 -9999.0 -9999.0 -9999.0 -9999.0 -9999.0 -9999.0 -9999.0 -9999.0 -9999.0 -9999.0 -9999.0 -9999.0 -9999.0 -9999.0 -615.049114 -618.311668 -620.846826 -620.758180 -621.932381 -626.310006 -627.270775 -626.083293 -621.201870 -613.661771 -612.053087 -612.606324 -611.837168 -613.409993 -618.170019 -618.720797 -613.760584 -618.924697 -621.713720 -625.325808 -633.789977 -635.908468 -630.899511 -625.960232 -621.591534 -620.090908 -618.890851 -618.417391
-9999.0 -9999.0 -9999.0 -9999.0 -9999.0 -9999.0 -9999.0 -9999.0 -9999.0 -9999.0 -9999.0 -9999.0 -9999.0 -9999.0 -9999.0 -9999.0 -9999.0 -9999.0 -9999.0 -9999.0 -9999.0 -9999.0 -9999.0 -621.268640 -618.263899 -617.005730 -614.318562 -615.581355 -621.720298 -625.831686 -627.650445 -629.131596 -632.567176 -632.858147 -632.724870 -630.174845 -628.071222 -620.047514 -623.318577 -625.437325 -618.763340 -620.144604 -615.933030 -611.285826 -612.417999 -611.676865 -620.692749 -627.619776 -620.689360 -617.799101 -617.891859 -619.111319 -616.423935 -612.875686 -608.511674 -601.505746
-9999.0 -9999.0 -9999.0 -9999.0 -9999.0 -9999.0 -9999.0 -9999.0 -9999.0 -9999.0 -9999.0 -9999.0 -9999.0 -9999.0 -9999.0 -9999.0 -9999.0 -9999.0 -9999.0 -621.709197 -622.595116 -624.351465 -623.552565 -629.437794 -631.935207 -630.047932 -626.645408 -628.467075 -632.003710 -635.065708 -634.684382 -634.231294 -634.872874 -630.013558 -625.983107 -624.366288 -624.880329 -618.474802 -616.282392 -612.614427 -603.904221 -609.243909 -614.750826 -617.683804 -617.964905 -619.585112 -614.482855 -612.942182 -612.294638 -612.655608 -612.331485 -610.779353 -609.585047 -602.217157 -595.303857 -589.382213
-9999.0 -9999.0 -9999.0 -9999.0 -9999.0 -9999.0 -9999.0 -9999.0 -9999.0 -9999.0 -9999.0 -9999.0 -9999.0 -9999.0 -9999.0 -9999.0 -623.152167 -623.623647 -625.802289 -629.302272 -632.410628 -632.405634 -629.793379 -634.259427 -635.692053 -634.516384 -636.396910 -633.914928 -631.307904 -628.282926 -626.880277 -630.014188 -629.272013 -629.469583 -629.502681 -627.559111 -620.370794 -613.686079 -611.817771 -607.031702 -599.108905 -603.282088 -605.213027 -605.036982 -607.724834 -605.219425 -593.787448 -595.273124 -599.868811 -588.109975 -581.829359 -583.661570 -584.356220 -576.613731 -565.372073 -551.726658
-9999.0 -9999.0 -9999.0 -9999.0 -9999.0 -9999.0 -9999.0 -9999.0 -9999.0 -9999.0 -9999.0 -9999.0 -9999.0 -625.236267 -625.620240 -624.812087 -630.240886 -634.695009 -637.380474 -641.119524 -635.912663 -639.401988 -640.397517 -639.392693 -634.715121 -634.421330 -633.721211 -630.704405 -631.421699 -632.585144 -633.732283 -636.349461 -632.342397 -628.290485 -625.331084 -619.538267 -614.850484 -611.009401 -604.657747 -602.944714 -598.673971 -600.018097 -604.529189 -605.475890 -601.735039 -591.038717 -582.733099 -579.669844 -566.114880 -552.259950 -545.581454 -537.472112 -533.430910 -527.793088 -514.947433 -481.572124
-9999.0 -9999.0 -9999.0 -9999.0 -9999.0 -9999.0 -9999.0 -9999.0 -9999.0 -9999.0 -634.725668 -631.714456 -636.257618 -644.747690 -648.410302 -646.218652 -643.904034 -647.035803 -646.695229 -637.368056 -632.224726 -640.337098 -634.401220 -634.097894 -637.436308 -636.325499 -633.736997 -633.044063 -627.341622 -626.832842 -626.478668 -617.504728 -614.820135 -611.975123 -608.218317 -604.096398 -600.331760 -587.289937 -576.281429 -575.731721 -561.627837 -553.176332 -559.853953 -562.328481 -560.089472 -550.115495 -534.408714 -513.058865 -492.579818 -463.975278 -437.161059 -417.263073 -401.132647 -381.375253 -356.398130 -324.118813
-9999.0 -9999.0 -9999.0 -9999.0 -9999.0 -9999.0 -9999.0 -9999.0 -647.542199 -642.490369 -639.341872 -643.260978 -648.636535 -658.503634 -654.514897 -650.634117 -647.932930 -644.029123 -642.063233 -640.330956 -642.154861 -638.852510 -632.884019 -634.119436 -633.279165 -629.339596 -628.889076 -625.251819 -619.805739 -621.659539 -618.489548 -613.292052 -608.725602 -604.601071 -599.790511 -596.500176 -583.200298 -566.180441 -548.853596 -534.538175 -515.253454 -493.011802 -493.089019 -489.266385 -484.515073 -455.396178 -412.427356 -361.430886 -325.813280 -305.990751 -286.745973 -275.376342 -266.826728 -255.177295 -239.910670 -226.000451
-9999.0 -9999.0 -9999.0 -9999.0 -9999.0 -9999.0 -655.613160 -644.069094 -638.594243 -651.098115 -661.182180 -664.664093 -670.849246 -657.258135 -645.798844 -643.447114 -641.580874 -639.395134 -640.185873 -647.061174 -630.176932 -634.085178 -636.949043 -631.636964 -631.621316 -630.776986 -627.202080 -619.639498 -615.828595 -601.766775 -591.481677 -582.605570 -571.374017 -564.350550 -557.172020 -548.959176 -528.674937 -499.732909 -463.728680 -424.747499 -381.141868 -340.733445 -325.916364 -319.243238 -313.674993 -303.181166 -282.459960 -257.572469 -228.607791 -202.047326 -182.339585 -173.163951 -163.817987 -152.196907 -137.125300 -119.879335
-9999.0 -9999.0 -9999.0 -9999.0 -649.900002 -647.170575 -648.971125 -638.963583 -632.176951 -646.979288 -641.603557 -644.273683 -649.329359 -655.411057 -662.742312 -656.998238 -653.532942 -651.087486 -651.700854 -634.902900 -620.700341 -628.636315 -621.451104 -608.200170 -610.340090 -608.459039 -607.144770 -600.699162 -589.747307 -576.131529 -548.644905 -524.653610 -507.930977 -489.124567 -469.959363 -443.244102 -397.165306 -342.199869 -311.647019 -287.470838 -263.074463 -241.288843 -226.598080 -219.522334 -210.888974 -200.144832 -184.673677 -161.125529 -133.426415 -100.270744 -76.670832 -64.640575 -56.349729 -42.339622 -25.422577 10.731031
-9999.0 -9999.0 -9999.0 -657.473979 -645.995632 -641.529816 -646.329710 -643.908095 -635.258923 -643.169287 -644.546025 -645.914373 -646.736483 -646.485842 -647.010994 -643.624365 -642.677294 -644.548776 -641.789227 -631.334246 -625.965227 -617.512907 -610.603346 -600.963711 -592.976456 -589.538743 -584.860580 -574.083186 -549.455046 -522.204564 -476.230344 -411.935702 -355.837435 -325.426498 -311.383530 -294.832741 -276.585353 -248.556962 -221.969683 -196.329427 -168.801745 -143.689398 -119.382984 -111.268629 -106.348349 -98.038599 -82.699056 -60.388973 -35.428676 14.233548 39.306247 38.128820 49.376377 75.872548 89.897510 105.044959
-9999.0 -9999.0 -656.028761 -649.329399 -653.322738 -644.918220 -635.682954 -641.011366 -630.270923 -626.656071 -636.435077 -630.432194 -627.220859 -633.185590 -628.876677 -624.033172 -621.384179 -628.502138 -633.303302 -621.362399 -597.288420 -578.188649 -567.975781 -528.044578 -505.443830 -491.205512 -483.993991 -462.012762 -423.514117 -355.283329 -311.702117 -276.004026 -242.741246 -215.411265 -203.629268 -189.435777 -167.867821 -146.737898 -121.336132 -93.721716 -65.620873 -36.460993 8.933345 18.528638 5.328785 33.411364 36.677965 72.100523 92.059158 110.957382 126.899864 126.590817 127.114591 128.786713 129.240582 129.754920
-9999.0 -9999.0 -663.793383 -652.722475 -659.731244 -642.755275 -627.000085 -640.139816 -634.800317 -619.171634 -622.466186 -620.106913 -621.513830 -620.291953 -613.214175 -600.385523 -606.023357 -608.177342 -621.743356 -587.694900 -558.644542 -513.649818 -437.521530 -361.934024 -322.232535 -315.288211 -311.984220 -301.239286 -283.071918 -245.217162 -200.303869 -153.271221 -113.450470 -86.712730 -73.511724 -59.644760 -37.875614 2.312476 -0.161280 46.337155 65.149439 83.520311 105.635336 122.127308 127.029507 128.236673 126.701788 128.264025 128.953541 129.411472 129.036844 125.789404 124.729346 125.469137 126.414778 121.900489
-9999.0 -667.208886 -661.395923 -660.624323 -649.367272 -651.952051 -638.200610 -619.460675 -618.461575 -611.058265 -609.813553 -618.187653 -585.614606 -558.739045 -549.186248 -528.069195 -536.063061 -542.266524 -555.806911 -525.524308 -473.147029 -354.380259 -264.620926 -211.098602 -183.065780 -178.847299 -182.009456 -169.254639 -145.524646 -109.596969 -52.998050 9.257049 47.175813 74.378363 82.701534 84.768125 97.301875 113.743186 127.173787 131.410593 132.565678 132.884456 129.416809 129.285476 129.761198 129.381962 126.454093 120.498062 112.987197 107.932150 103.877323 97.646973 99.781666 104.568055 105.946407 97.568399
-9999.0 -684.621495 -662.355695 -649.696301 -653.755061 -661.813895 -631.647656 -589.482978 -600.139405 -602.413671 -602.355029 -577.656503 -510.464223 -451.526192 -407.551291 -359.548550 -361.972212 -379.408341 -377.609090 -334.296894 -291.256514 -227.255167 -118.009235 -15.657842 -6.324562 2.777327 10.271370 30.075206 54.986898 76.512308 94.596908 116.426648 120.270395 121.341437 121.571869 121.902281 122.073625 122.028945 118.912503 115.386687 111.146102 111.351531 114.693425 114.440217 111.983788 109.394827 103.636390 94.063261 87.403656 82.015386 75.011337 53.866102 52.418155 71.850934 69.181999 41.464880
-9999.0 -667.401480 -643.338299 -648.944932 -668.371225 -639.287382 -625.774205 -594.504804 -571.054853 -573.642760 -543.230242 -454.153560 -344.988820 -292.125518 -257.450481 -232.077011 -214.011457 -214.036548 -194.911154 -145.132904 -58.039014 4.145194 47.580587 98.803995 105.887286 106.474653 105.440654 106.106906 106.845893 107.157362 107.550354 106.379366 110.973617 113.137883 111.964725 109.140456 104.273012 93.862480 89.370064 86.061652 82.716113 82.774989 85.699450 86.184531 83.770089 79.640593 70.465946 43.498371 31.946860 22.988638 16.564075 8.332186 5.754692 4.892592 -0.181621 -11.016520
-9999.0 -698.608990 -661.752594 -691.936713 -650.846381 -617.153954 -618.391215 -570.278231 -517.746570 -497.018027 -380.763222 -303.420704 -236.618097 -188.606079 -151.068573 -112.663451 -85.632659 -56.980141 -14.977319 55.065945 93.941180 110.746134 113.052450 114.377776 106.867282 106.853947 98.527661 78.527702 68.072828 61.415815 63.129897 69.978031 76.243652 82.053515 79.933368 79.389748 75.312089 46.856155 37.818873 28.679385 21.065731 16.138753 15.498157 20.943449 15.643824 11.026120 2.736471 -10.382419 -21.612093 -31.026667 -39.756535 -47.788568 -51.121588 -56.199874 -57.872728 -65.813467
-9999.0 -722.648946 -694.803382 -675.996618 -641.247580 -617.102251 -593.794062 -544.410622 -448.099131 -350.133947 -284.067567 -249.719500 -197.184195 -138.397049 -80.913357 -49.302233 -31.311015 -22.204236 -8.218917 12.716835 29.646611 27.221785 40.739081 61.023601 68.022532 68.807929 35.528715 13.211244 3.662489 2.062643 1.390804 1.826648 1.952537 0.714630 -2.838480 -2.876724 -1.717623 -13.179285 -23.020725 -30.865036 -37.226249 -44.332991 -49.099176 -51.411597 -53.759519 -54.789774 -62.925735 -74.491887 -85.636389 -94.163103 -102.384063 -108.838359 -110.968668 -115.038228 -120.484353 -129.982583
-9999.0 -782.916260 -685.868100 -676.318391 -655.387130 -648.358753 -641.085470 -598.899829 -537.507335 -363.155725 -232.979810 -214.888512 -195.682112 -159.780813 -104.693767 -54.775246 -47.483083 -72.866103 -90.642945 -96.460879 -86.976047 -75.845361 -60.935589 -40.606649 -26.534374 -21.080442 -28.222702 -41.070250 -55.741776 -63.235485 -66.807445 -73.679570 -79.040842 -79.530001 -81.905364 -78.140406 -76.223745 -86.745110 -99.124704 -112.658947 -124.051148 -132.241371 -134.896322 -134.250440 -134.805067 -137.658155 -144.666365 -154.231128 -165.710544 -175.850333 -183.586924 -188.871829 -193.971815 -200.764908 -208.186248 -215.891098
-9999.0 -9999.0 -727.331676 -676.026247 -670.404299 -663.143359 -656.404918 -623.121306 -587.206860 -483.933508 -363.939557 -308.348037 -277.247460 -242.732913 -193.195766 -152.693099 -145.120609 -138.378881 -159.748266 -162.297122 -160.222140 -156.053514 -146.149375 -133.896377 -122.435812 -115.932079 -113.551368 -116.949383 -126.428180 -140.177584 -155.346795 -166.813523 -174.096517 -179.258981 -173.399465 -164.628140 -166.264238 -172.333798 -181.986704 -194.137716 -203.877332 -213.544726 -215.713489 -214.546375 -214.425303 -216.803669 -221.251464 -231.879137 -243.133850 -254.436281 -260.083095 -265.454691 -270.438760 -278.842641 -287.088037 -295.595447
-9999.0 -9999.0 -794.263234 -701.966688 -669.163088 -647.768815 -650.856739 -647.697649 -602.618930 -579.614597 -545.170631 -494.338653 -441.322229 -373.771675 -332.463397 -300.965497 -286.793771 -280.669448 -280.943150 -274.953648 -261.119005 -245.466279 -233.852731 -223.536039 -214.109317 -206.570813 -200.004698 -208.390727 -216.808550 -229.465476 -246.013562 -264.352948 -274.197526 -279.124201 -276.185894 -270.666713 -274.394453 -281.528740 -291.020918 -301.351964 -308.646687 -315.524933 -317.275020 -317.934572 -318.057707 -319.760177 -322.683803 -332.192878 -347.954355 -362.160996 -374.320254 -385.186214 -392.216880 -405.747486 -422.232635 -434.596990
