tests/Borden05m/data_simulated/sim_1/output-maps/psiliqL0021N0012.asc
ncols         160
nrows         34
xllcorner     620200.000000
yllcorner     5168000.000000
cellsize      0.500000
NODATA_value  -9999.0
[rows 0 to 24 of 34, columns 0 to 54 of 160]
-9999.0 -9999.0 -9999.0 -9999.0 -9999.0 -9999.0 -9999.0 -9999.0 -9999.0 -9999.0 -9999.0 -9999.0 -9999.0 -9999.0 -9999.0 -9999.0 -9999.0 -9999.0 -9999.0 -9999.0 -9999.0 -9999.0 -9999.0 -9999.0 -9999.0 -9999.0 -9999.0 -9999.0 -9999.0 -9999.0 -9999.0 -9999.0 -9999.0 -9999.0 -9999.0 -9999.0 -9999.0 -9999.0 -9999.0 -9999.0 -9999.0 -9999.0 -9999.0 -9999.0 -9999.0 -9999.0 -9999.0 -9999.0 -9999.0 -9999.0 -9999.0 -9999.0 -9999.0 -9999.0 -9999.0
-9999.0 -9999.0 -9999.0 -9999.0 -9999.0 -9999.0 -9999.0 -9999.0 -9999.0 -9999.0 -9999.0 -9999.0 -9999.0 -9999.0 -9999.0 -9999.0 -9999.0 -9999.0 -9999.0 -9999.0 -9999.0 -9999.0 -9999.0 -9999.0 -9999.0 -9999.0 -9999.0 -9999.0 -9999.0 -9999.0 -9999.0 -9999.0 -9999.0 -9999.0 -9999.0 -9999.0 -9999.0 -9999.0 -9999.0 -9999.0 -9999.0 -9999.0 -9999.0 -9999.0 -9999.0 -9999.0 -9999.0 -9999.0 -9999.0 -9999.0 -9999.0 -9999.0 -9999.0 -9999.0 -9999.0
-9999.0 -9999.0 -9999.0 -9999.0 -9999.0 -9999.0 -9999.0 -9999.0 -9999.0 -9999.0 -9999.0 -9999.0 -9999.0 -9999.0 -9999.0 -9999.0 -9999.0 -9999.0 -9999.0 -9999.0 -9999.0 -9999.0 -9999.0 -9999.0 -9999.0 -9999.0 -9999.0 -9999.0 -9999.0 -9999.0 -9999.0 -9999.0 -9999.0 -9999.0 -9999.0 -9999.0 -9999.0 -9999.0 -9999.0 -9999.0 -9999.0 -9999.0 -9999.0 -9999.0 -9999.0 -9999.0 -9999.0 2304.245250 2287.270373 2273.407901 2270.059575 2292.140531 2315.852565 2340.191268 2361.251707
-9999.0 -9999.0 -9999.0 -9999.0 -9999.0 -9999.0 -9999.0 -9999.0 -9999.0 -9999.0 -9999.0 -9999.0 -9999.0 -9999.0 -9999.0 -9999.0 -9999.0 -9999.0 -9999.0 -9999.0 -9999.0 -9999.0 -9999.0 -9999.0 -9999.0 -9999.0 -9999.0 -9999.0 -9999.0 -9999.0 -9999.0 -9999.0 -9999.0 -9999.0 -9999.0 -9999.0 -9999.0 -9999.0 -9999.0 -9999.0 2352.199303 2358.327074 2358.959754 2349.287517 2338.434805 2325.684309 2305.607910 2288.321757 2274.907312 2273.205087 2276.227705 2280.307232 2302.203338 2327.888891 2348.253859
-9999.0 -9999.0 -9999.0 -9999.0 -9999.0 -9999.0 -9999.0 -9999.0 -9999.0 -9999.0 -9999.0 -9999.0 -9999.0 -9999.0 -9999.0 -9999.0 -9999.0 -9999.0 -9999.0 -9999.0 -9999.0 -9999.0 -9999.0 -9999.0 -9999.0 -9999.0 -9999.0 -9999.0 -9999.0 -9999.0 -9999.0 -9999.0 -9999.0 -9999.0 2258.352641 2275.717454 2294.085428 2313.035617 2330.362282 2337.680195 2343.660062 2349.453756 2345.406101 2341.355021 2330.252096 2310.370903 2291.417062 2278.648762 2277.715565 2275.799894 2280.175878 2292.756320 2310.008463 2326.014203 2347.234244
-9999.0 -9999.0 -9999.0 -9999.0 -9999.0 -9999.0 -9999.0 -9999.0 -9999.0 -9999.0 -9999.0 -9999.0 -9999.0 -9999.0 -9999.0 -9999.0 -9999.0 -9999.0 -9999.0 -9999.0 -9999.0 -9999.0 -9999.0 -9999.0 -9999.0 -9999.0 -9999.0 -9999.0 2261.387112 2255.760086 2251.322452 2250.311007 2249.454754 2248.920291 2255.929651 2267.769432 2285.624023 2308.062519 2321.742553 2329.471597 2336.696019 2337.643633 2332.561222 2331.262978 2332.219106 2320.379059 2308.826865 2298.047335 2287.601207 2285.626027 2295.358907 2310.159861 2326.969272 2342.236199 2358.094118
-9999.0 -9999.0 -9999.0 -9999.0 -9999.0 -9999.0 -9999.0 -9999.0 -9999.0 -9999.0 -9999.0 -9999.0 -9999.0 -9999.0 -9999.0 -9999.0 -9999.0 -9999.0 -9999.0 -9999.0 -9999.0 -9999.0 -9999.0 2229.933965 2235.437724 2242.371198 2250.435830 2251.842203 2248.594647 2243.579005 2241.305387 2240.441331 2238.967512 2244.043064 2251.936621 2265.617872 2281.611859 2304.299672 2313.231739 2318.731987 2330.946263 2334.844538 2342.447896 2346.982383 2345.712567 2342.619583 2329.153178 2318.985046 2322.789259 2328.075197 2335.494656 2344.270499 2358.251091 2373.140046 2389.691430
-9999.0 -9999.0 -9999.0 -9999.0 -9999.0 -9999.0 -9999.0 -9999.0 -9999.0 -9999.0 -9999.0 -9999.0 -9999.0 -9999.0 -9999.0 -9999.0 -9999.0 -9999.0 -9999.0 2204.319716 2205.580674 2207.331028 2212.494258 2213.310006 2215.612354 2222.944201 2231.535645 2234.773993 2233.276929 2232.697414 2234.707344 2237.968548 2243.062509 2254.437913 2268.548705 2283.112677 2296.854726 2318.123165 2333.163633 2346.478601 2362.546445 2363.146159 2359.985590 2358.845168 2359.524037 2359.090037 2360.229930 2361.245106 2367.982921 2370.801801 2375.984690 2385.726267 2397.960332 2415.666050 2434.658928
-9999.0 -9999.0 -9999.0 -9999.0 -9999.0 -9999.0 -9999.0 -9999.0 -9999.0 -9999.0 -9999.0 -9999.0 -9999.0 -9999.0 -9999.0 -9999.0 2174.825001 2176.900936 2179.575066 2185.341641 2189.112748 2193.513646 2200.910252 2202.737991 2206.791664 2214.434278 2219.622887 2229.297449 2238.118130 2245.857066 2252.317135 2255.404811 2262.826759 2272.712832 2284.795448 2299.667449 2320.715828 2344.493132 2360.806880 2378.010606 2395.687668 2396.830254 2395.949226 2397.119454 2396.925934 2400.677104 2416.716884 2421.410472 2419.256046 2432.178736 2445.385806 2449.796114 2458.283389 2478.530985 2501.901287
-9999.0 -9999.0 -9999.0 -9999.0 -9999.0 -9999.0 -9999.0 -9999.0 -9999.0 -9999.0 -9999.0 -9999.0 -9999.0 2125.624639 2129.989706 2140.389127 2151.393227 2154.673472 2159.831371 2166.745517 2179.385374 2183.516027 2190.096916 2197.978391 2210.932781 2220.163790 2229.686909 2242.016730 2250.723512 2258.310031 2265.482504 2270.030476 2282.748850 2297.768804 2313.208887 2333.238127 2355.578034 2375.276989 2394.763897 2411.403307 2424.465380 2424.342653 2424.087220 2426.945029 2433.543740 2449.426086 2467.588209 2472.146323 2485.729907 2507.752626 2519.931748 2529.783666 2537.882744 2552.322294 2574.221592
-9999.0 -9999.0 -9999.0 -9999.0 -9999.0 -9999.0 -9999.0 -9999.0 -9999.0 -9999.0 2094.796078 2096.975074 2093.874940 2092.705835 2098.725449 2111.526589 2126.294480 2132.824630 2145.224574 2166.970661 2185.852027 2189.672330 2204.148451 2215.125400 2222.555683 2233.269107 2246.781510 2259.649469 2276.090477 2288.537288 2298.975095 2317.105022 2333.582472 2350.366714 2368.314871 2389.112097 2407.209015 2433.484706 2460.451573 2471.749536 2491.624605 2498.556872 2495.772629 2495.605440 2505.537070 2519.653129 2537.876333 2557.274677 2577.091571 2600.927089 2614.917570 2629.009138 2639.629120 2651.748463 2668.171684
-9999.0 -9999.0 -9999.0 -9999.0 -9999.0 -9999.0 -9999.0 -9999.0 2069.236514 2077.374025 2083.563806 2080.916314 2076.996359 2072.563037 2087.466620 2103.709824 2120.278760 2138.951180 2155.322500 2174.169121 2189.288236 2205.329745 2226.161192 2238.102400 2249.868313 2265.677900 2279.603746 2296.003258 2317.325586 2327.831006 2341.955384 2362.749430 2380.204750 2398.177491 2417.269006 2435.250398 2459.576306 2491.997907 2523.132339 2543.021912 2570.408065 2590.355853 2587.747346 2588.891441 2592.558536 2617.552820 2645.742141 2675.903798 2700.004492 2726.160796 2755.456994 2773.108419 2783.811028 2796.702806 2812.370015
-9999.0 -9999.0 -9999.0 -9999.0 -9999.0 -9999.0 2040.304319 2064.958823 2080.581495 2072.783184 2061.038872 2057.162394 2052.597874 2080.949159 2103.909838 2121.987237 2139.547089 2157.869132 2174.957075 2186.158345 2218.520714 2238.109764 2251.985133 2268.268566 2283.663428 2299.036333 2316.627986 2339.585967 2359.645272 2385.609604 2406.776686 2427.414496 2453.650410 2473.012915 2491.777265 2508.522561 2538.689013 2574.898135 2611.170919 2638.424547 2664.851617 2698.630067 2703.270496 2708.171197 2713.487579 2736.888908 2770.224362 2799.400660 2833.071914 2865.340748 2893.677508 2825.047481 2830.907010 2840.943602 2853.421543
-9999.0 -9999.0 -9999.0 -9999.0 2006.644078 2027.748496 2047.415827 2078.191016 2100.971447 2096.628980 2102.730009 2102.456222 2100.018863 2105.415599 2114.003013 2132.546421 2152.369735 2172.524114 2189.359026 2221.140019 2267.822694 2281.957474 2303.344461 2334.893257 2348.172250 2363.811755 2380.688388 2403.237136 2426.327107 2457.850346 2497.300012 2531.008117 2555.390090 2576.940199 2598.060859 2618.428814 2653.993545 2693.884933 2731.382167 2764.997909 2792.812536 2820.021995 2830.885609 2838.559335 2850.661314 2868.478519 2891.280584 2836.245034 2864.723729 2896.154539 2919.615423 2926.166752 2932.018779 2941.617390 2950.063288
-9999.0 -9999.0 -9999.0 1954.296062 1993.418781 2032.573531 2059.262448 2090.329206 2123.227656 2126.043437 2135.721799 2138.811314 2141.461574 2149.382521 2156.140573 2174.025523 2192.396751 2211.616594 2234.735498 2271.039016 2304.059225 2328.481043 2359.243979 2381.295636 2399.048871 2414.514914 2434.119928 2457.150568 2496.832214 2531.394816 2579.797889 2632.306708 2667.467977 2692.196537 2716.189861 2744.955391 2771.157288 2808.779204 2844.361152 2877.863645 2830.177348 2849.673486 2865.404455 2871.000329 2880.164336 2886.908257 2900.682952 2917.150788 2938.568513 2967.815546 2995.518889 2994.439480 3007.240082 3017.094009 3032.980524
-9999.0 -9999.0 1906.213819 1945.132239 1977.957239 2026.629018 2080.154088 2115.605554 2156.467894 2178.558197 2184.457508 2199.154870 2213.592452 2218.851204 2232.148006 2248.328241 2269.861928 2279.378894 2299.696913 2323.616337 2367.796907 2408.194673 2417.058554 2463.140182 2496.277772 2527.903348 2548.545525 2576.548552 2614.639344 2653.264626 2702.201950 2753.143614 2789.240552 2820.135827 2837.985367 2859.345304 2881.860299 2826.841186 2858.166304 2884.478371 2912.307822 2937.184003 2957.207937 2960.442324 2963.885530 2979.427621 3004.784018 3004.888127 3029.739164 3055.383386 3048.451463 3064.735070 3072.436636 3076.770319 3083.553214
-9999.0 -9999.0 1877.500095 1923.493682 1960.904076 2023.145456 2107.227262 2143.591095 2185.904463 2232.830405 2250.200685 2274.419854 2278.158377 2278.243910 2300.242240 2320.042610 2338.616506 2347.745072 2346.344172 2401.586940 2458.822595 2496.727251 2523.094528 2596.563841 2647.217039 2669.741471 2688.180710 2710.697070 2734.304383 2775.833607 2819.088412 2873.296604 2838.921844 2864.455036 2878.848836 2897.269421 2916.318549 2928.731334 2947.248853 2989.099420 2993.602468 3019.918350 3048.425917 3068.400940 3075.983594 3079.775613 3060.932292 3074.290308 3084.063183 3088.323241 3089.947744 3086.331505 3085.712614 3086.466547 3087.418056
-9999.0 1785.912550 1838.391934 1890.302426 1957.037149 2021.546390 2100.850849 2178.970654 2242.241879 2293.601745 2322.212693 2325.790556 2344.222250 2379.025345 2403.321738 2426.552662 2433.211405 2443.385116 2431.074992 2484.684644 2529.370484 2591.277164 2697.851459 2756.166229 2812.546970 2813.915420 2808.237941 2818.880457 2839.969491 2885.140220 2879.451846 2927.103441 2982.066223 3001.712665 3015.533179 3021.484100 3038.415678 3057.521203 3023.284376 3055.961219 3069.804491 3082.172793 3087.996207 3089.756009 3090.760438 3090.635385 3087.160164 3080.447662 3072.516217 3066.861048 3062.763081 3058.283742 3060.722632 3064.032274 3064.517290
-9999.0 1748.808375 1807.233896 1877.242096 1946.659967 2003.562541 2096.242051 2253.032696 2312.921131 2352.171099 2367.306138 2366.159097 2434.526866 2499.318006 2530.545901 2577.726938 2569.783379 2559.881506 2536.754979 2568.024152 2613.481192 2688.070164 2846.640918 2867.105074 2904.589131 2913.638937 2917.129806 2944.097023 2983.525293 3001.934057 3036.231157 3018.040164 3055.552567 3072.932628 3076.796266 3077.417706 3081.580932 3080.561275 3078.699620 3074.544677 3069.592964 3069.777118 3074.109823 3073.959776 3071.140547 3067.975035 3062.421319 3055.021686 3049.760191 3045.171350 3042.497440 3039.610383 3037.841493 3037.486092 3032.967744
-9999.0 1713.103516 1786.480366 1847.323329 1902.147782 2004.133467 2133.187875 2274.529480 2370.744152 2408.091102 2408.094337 2460.730790 2563.915334 2668.297375 2723.042998 2749.155188 2742.863581 2710.737131 2704.821145 2751.604573 2821.111107 2864.361270 2976.671163 3041.435891 3053.635652 3056.340201 3020.561765 3040.061933 3058.113479 3059.468782 3060.316043 3065.946915 3070.920009 3073.690031 3072.269046 3069.461423 3064.788752 3056.808401 3052.027285 3048.556487 3044.942209 3044.081888 3046.317948 3047.848463 3045.184565 3041.371897 3036.935735 3031.409495 3026.396252 3019.788134 3015.680860 3011.590733 3009.514263 3004.372799 3000.652411
-9999.0 1600.016965 1693.077103 1740.136372 1832.391831 2015.251420 2144.148225 2289.755886 2447.849309 2478.430855 2538.814239 2671.781594 2785.935596 2831.480269 2862.984556 2898.608149 2924.161522 2942.644513 2977.499928 2892.752137 2960.909244 3016.862702 3049.176999 3063.122368 3068.655632 3069.060462 3059.950079 3039.891915 3029.381831 3022.705972 3024.378502 3031.634247 3036.619509 3041.663177 3039.475243 3040.320769 3040.961337 3037.692426 3034.909209 3026.507867 3018.820518 3012.561713 3009.934690 3014.846137 3010.153904 3007.528838 3001.566800 2994.620136 3014.129053 3007.294309 2999.498618 2992.872280 2990.342763 2985.000406 2983.557896
-9999.0 1519.173088 1593.690020 1666.344937 1789.214394 1953.723457 2064.874819 2227.706786 2455.387116 2584.018259 2732.498279 2816.654734 2859.854694 2906.234639 2959.813414 2993.912327 3017.061884 3026.774924 3003.673646 3019.923019 3000.081310 2990.127996 2986.180566 3012.315465 3027.151208 3030.931326 3022.819171 3013.111248 3005.975816 3004.916753 3003.138559 3000.156197 2997.040672 2994.054748 2990.944459 2993.472136 2998.454631 2992.896666 3009.633773 3001.407013 2993.450090 2984.698039 2979.001554 2974.926579 2974.712173 2974.825581 2967.384672 2957.176510 2947.516692 2939.446391 2932.119120 2927.161599 2924.470561 2919.502226 2913.696945
-9999.0 1408.327500 1536.312023 1620.414270 1726.844110 1859.576452 1973.907648 2131.606397 2270.850865 2505.569261 2656.584120 2812.227090 2830.815722 2893.234683 2944.209025 2997.974998 2995.597135 2980.297688 2941.971228 2926.326749 2935.161985 2944.108198 2953.658778 2970.036053 2987.512376 2997.507736 3001.472052 2995.097889 2981.424346 2970.473505 2961.351478 2949.436915 2941.123463 2939.261182 2941.956621 2950.756226 2952.033826 2943.006105 2930.518742 2916.621123 2901.831732 2890.603124 2888.247403 2890.423065 2891.082451 2887.278623 2881.143971 2870.625847 2858.277566 2846.288759 2839.952112 2835.162445 2827.994391 2820.541937 2880.218600
-9999.0 -9999.0 1455.065950 1564.732284 1664.604789 1780.899854 1881.750081 2011.243660 2156.637954 2333.404649 2452.126562 2611.640801 2699.724909 2747.180155 2789.819602 2808.660047 2829.038154 2855.227331 2844.760948 2853.149466 2861.370464 2866.697109 2873.555804 2881.609853 2893.200693 2903.120010 2912.371480 2910.032706 2901.288380 2882.394045 2859.158767 2841.187676 2831.477175 2823.269240 2834.141183 2846.116714 2841.723539 2835.066641 2826.146510 2882.118482 2869.191091 2855.002740 2851.161684 2850.922750 2850.914026 2847.895628 2843.942228 2830.538174 2817.407772 2806.072146 2800.698254 2794.057621 2788.855854 2778.000678 2767.797621
-9999.0 -9999.0 1368.397682 1474.532697 1582.067783 1702.145085 1793.428526 1834.301407 1978.018808 2087.854569 2195.095000 2301.969534 2393.762916 2462.152710 2501.600021 2564.595267 2616.207917 2635.961294 2671.660291 2718.118105 2751.274809 2787.836410 2810.922774 2824.011212 2838.876159 2854.166458 2863.206797 2850.417590 2839.969964 2823.547131 2801.202099 2776.265672 2763.490349 2761.640708 2761.894423 2764.741164 2757.788055 2748.531495 2734.412319 2721.528801 2709.172363 2699.110822 2695.056473 2690.094292 2687.820853 2684.569733 2681.546547 2672.926546 2662.859460 2656.451917 2647.612247 2642.243807 2639.732961 2634.424557 2626.659164
