tests/Borden05m/data_simulated/sim_1/output-maps/psiliqL0017N0009.asc
ncols         160
nrows         34
xllcorner     620200.000000
yllcorner     5168000.000000
cellsize      0.500000
NODATA_value  -9999.0
[rows 0 to 24 of 34, columns 55 to 109 of 160]
-9999.0 -9999.0 -9999.0 -9999.0 -9999.0 -9999.0 -9999.0 -9999.0 -9999.0 -9999.0 -9999.0 -9999.0 -9999.0 -9999.0 -9999.0 -9999.0 -9999.0 -9999.0 -9999.0 -9999.0 -9999.0 -9999.0 -9999.0 -9999.0 -9999.0 -9999.0 -9999.0 -9999.0 -9999.0 -9999.0 -9999.0 -9999.0 -9999.0 -9999.0 -9999.0 -9999.0 -9999.0 -9999.0 -9999.0 -9999.0 -9999.0 -9999.0 -9999.0 -9999.0 -9999.0 -9999.0 -9999.0 -9999.0 -9999.0 -9999.0 -9999.0 -9999.0 -9999.0 -9999.0 -9999.0
-9999.0 -9999.0 -9999.0 -9999.0 1637.795310 1632.534341 1627.761864 1623.402926 1615.098450 1606.371719 1598.680065 1595.193076 1594.756741 1594.505560 1594.586775 1600.242828 1608.766213 1616.873986 1624.390320 1627.222687 1630.051422 1632.593310 1633.428197 1632.653339 1629.843425 1626.939163 1623.899384 1622.631625 1615.037129 1603.957136 1595.477151 1592.863619 1597.275999 1601.727272 1604.190640 1609.752009 1620.220136 1630.712540 1638.911532 1650.573559 1656.265529 1660.908962 1663.175080 1658.505114 1654.449969 1650.052355 1644.201305 1632.890767 -9999.0 -9999.0 -9999.0 -9999.0 -9999.0 -9999.0 -9999.0
1582.661120 1601.875927 1622.542776 1625.975535 1614.478714 1609.708554 1606.819537 1605.328143 1601.143870 1593.063652 1588.395655 1583.531808 1581.995936 1582.605600 1583.177167 1587.695234 1598.554174 1606.957932 1612.117193 1615.106286 1618.214140 1617.961961 1617.794012 1617.934104 1615.464155 1612.412006 1609.375429 1607.865013 1608.862777 1601.481191 1596.001304 1592.547066 1590.549650 1593.154404 1595.619326 1599.308664 1608.559430 1616.418119 1624.206760 1638.367350 1650.532258 1655.355304 1652.219786 1646.693625 1642.224722 1634.687364 1623.895341 1613.306476 1604.036820 1596.831402 1590.658609 1583.935781 1589.218910 1595.365168 1604.260119
1567.805499 1587.539972 1608.224084 1611.371951 1601.093613 1593.374129 1588.253998 1589.063636 1592.463424 1589.615269 1585.526712 1580.286971 1589.851424 1591.646919 1593.239263 1597.056520 1600.306664 1604.536114 1607.650171 1613.450527 1622.878263 1626.071882 1627.028558 1627.583841 1626.128168 1623.359684 1621.856144 1619.395427 1614.431891 1613.319483 1613.552234 1613.073455 1617.814156 1619.333178 1621.413287 1615.056916 1618.766628 1624.797736 1631.404438 1637.254776 1643.288403 1646.236155 1642.284414 1641.100682 1631.918872 1617.360071 1605.887206 1597.053017 1595.195880 1591.318128 1582.576352 1568.634151 1575.149885 1589.912450 1593.651672
1574.787554 1584.551338 1596.546214 1599.957536 1595.496145 1597.651711 1599.882660 1601.891731 1600.860855 1598.350603 1596.294551 1608.803926 1618.517714 1620.840359 1624.238767 1628.563072 1628.959159 1617.910242 1616.103408 1624.531444 1635.116906 1641.187627 1641.888189 1642.201946 1640.096509 1639.449037 1639.480204 1637.720876 1638.330785 1640.668715 1640.025229 1644.207476 1649.842214 1652.890441 1645.895915 1636.973650 1638.164917 1645.990591 1654.216241 1661.276801 1671.280088 1681.784246 1680.371984 1674.197410 1664.369884 1650.133121 1625.992579 1606.101819 1594.213311 1585.762548 1577.455916 1577.256948 1572.591598 1583.533714 1584.173684
1572.227377 1591.167188 1612.752857 1620.769315 1615.586471 1611.683055 1610.135853 1611.586235 1612.146515 1615.112249 1627.136644 1640.994310 1655.190550 1658.438835 1661.449814 1661.390124 1653.385494 1643.680142 1640.757153 1655.525718 1672.380197 1681.064679 1681.923062 1680.654522 1686.868554 1686.390240 1685.727587 1681.649163 1683.555286 1684.049027 1692.708392 1700.412763 1707.784040 1706.127649 1694.026832 1682.319359 1681.174041 1684.633565 1688.812141 1695.086124 1704.763252 1713.582819 1707.713014 1700.154090 1689.816597 1660.941931 1633.965972 1616.670842 1615.609959 1614.634578 1608.563342 1604.427492 1600.591642 1593.221948 1591.702369
1618.924135 1640.504265 1661.494246 1677.349702 1672.440339 1665.510344 1656.795804 1658.135933 1661.214562 1669.435572 1682.434852 1699.245145 1723.306115 1725.943646 1729.052783 1731.242638 1720.193163 1708.209109 1697.954421 1717.497250 1728.512222 1737.327813 1738.422513 1747.443418 1757.467542 1753.717819 1746.684931 1736.293664 1742.661065 1753.055756 1768.233895 1775.392644 1779.664710 1777.453351 1765.577561 1759.546910 1758.912567 1762.239345 1760.682596 1766.053439 1775.284470 1789.476136 1787.721593 1779.237275 1756.209026 1717.910274 1683.647974 1664.080524 1669.810152 1661.743063 1653.503470 1649.314989 1634.758791 1623.521619 1622.830148
1669.507238 1687.236710 1706.029904 1724.853544 1720.011054 1710.683127 1697.561124 1697.292987 1704.736856 1715.718117 1735.095599 1757.288056 1780.754706 1787.052566 1788.147955 1798.410687 1792.471472 1783.255745 1775.751128 1790.347323 1802.407756 1814.364652 1823.641897 1836.969537 1848.724831 1837.674732 1824.720784 1818.435217 1824.423837 1845.915628 1864.664681 1869.690594 1870.311702 1872.079081 1861.306532 1855.274961 1849.602825 1846.023052 1841.023954 1837.291595 1856.917212 1873.957878 1871.623801 1847.641944 1822.580904 1783.913276 1744.691897 1713.312338 1715.065923 1710.461483 1708.996651 1693.850740 1677.931063 1662.664164 1653.599556
1745.985827 1774.050906 1794.704724 1817.213891 1816.455652 1799.252445 1790.211796 1795.337177 1809.087950 1817.319117 1834.327908 1857.080245 1887.689843 1907.032606 1924.500002 1929.407130 1921.963182 1913.608754 1901.314422 1901.961050 1921.589029 1934.269409 1945.043883 1955.796925 1968.851934 1973.396107 1970.048310 1969.558176 1973.335252 1982.345075 1992.889285 1999.580031 2004.242355 2008.853895 2002.450590 1991.624056 1986.663019 1978.996090 1973.844911 1971.578891 1976.200896 1989.141861 1985.624962 1955.239790 1926.810399 1892.332683 1853.462232 1821.262750 1805.585520 1813.596644 1803.409673 1784.096111 1765.666534 1731.921202 1717.227845
1840.447098 1876.481441 1904.411150 1919.164167 1932.035666 1925.621945 1927.300453 1932.320034 1940.756773 1945.992296 1954.149955 1987.121906 2022.119275 2050.621716 2074.898926 2083.613130 2073.244797 2063.928988 2052.001388 2043.328633 2050.130275 2066.035963 2083.675354 2099.734286 2111.536423 2115.217484 2114.344013 2114.937125 2117.534091 2120.624822 2124.042526 2130.854493 2138.253231 2148.018995 2158.164999 2151.026617 2134.249079 2122.959176 2110.707656 2106.794989 2105.706221 2104.869156 2104.012193 2092.288296 2056.342739 2025.450428 1992.030149 1964.598892 1944.385316 1932.866995 1911.878740 1887.112375 1838.101700 1797.356528 1762.135320
1951.086166 1993.860768 2025.295179 2048.421205 2064.072729 2066.374440 2069.681948 2072.773981 2078.811295 2083.905603 2090.363082 2114.730289 2153.884651 2192.005139 2222.471118 2225.548261 2215.229951 2204.918941 2195.319367 2184.009290 2181.048450 2190.935801 2203.970221 2221.860042 2233.439653 2242.363879 2241.199807 2241.909066 2243.090690 2245.296141 2247.264816 2249.800049 2257.683037 2270.584377 2282.853560 2283.353875 2268.411663 2251.362256 2234.560055 2228.750262 2223.488092 2217.283264 2217.084059 2216.850550 2205.410293 2176.991544 2138.519927 2095.489444 2070.704907 2049.801078 2035.549389 2017.488319 1985.601728 1928.196455 1893.475983
2081.947918 2112.836264 2143.593129 2175.167710 2193.741420 2200.795634 2201.272968 2203.092937 2211.055420 2216.832333 2226.042710 2242.969503 2269.700891 2300.831243 2328.561871 2345.334898 2340.544070 2326.569037 2308.111831 2301.786937 2300.413715 2303.396500 2311.373626 2321.370511 2338.470270 2355.818766 2362.003473 2363.155087 2360.732145 2363.315664 2364.791636 2365.007428 2366.751088 2372.765222 2380.747253 2383.572837 2377.793141 2360.038151 2338.931577 2325.536458 2317.325201 2312.599615 2310.719969 2312.148784 2311.640091 2297.638273 2265.601537 2224.707393 2191.426649 2170.324774 2153.683176 2137.980479 2124.648341 2099.326305 2078.786597
2203.239635 2218.940332 2246.473869 2274.738774 2299.215865 2315.896201 2319.506721 2324.931043 2330.264871 2339.667645 2355.418896 2376.368915 2392.307070 2411.142687 2434.069038 2447.776436 2453.313691 2453.026120 2450.940407 2452.635678 2453.042324 2415.293114 2419.672862 2424.043977 2434.819345 2445.635876 2449.688255 2450.407962 2449.059875 2450.650686 2451.327984 2451.539440 2451.322676 2452.195508 2455.392601 2456.649807 2455.192885 2446.585779 2454.548743 2436.656321 2424.132746 2416.071116 2407.658257 2398.508685 2388.143346 2377.391269 2358.715973 2329.772803 2295.518962 2269.383350 2257.777868 2249.727476 2240.834976 2233.629357 2216.312025
2313.491009 2325.860892 2343.358590 2365.141603 2395.509308 2416.505194 2427.684852 2436.731982 2441.667011 2454.474977 2468.858138 2460.463237 2465.771617 2471.122719 2476.322562 2478.003830 2478.329156 2477.859312 2475.372400 2474.704426 2472.710735 2468.502690 2458.876483 2460.581749 2462.475224 2465.305552 2469.192578 2468.203062 2469.373563 2472.478333 2471.075951 2465.608807 2462.047160 2460.647344 2461.454593 2468.806541 2472.185603 2473.147828 2471.503660 2470.835568 2470.219130 2468.016541 2465.161108 2461.095662 2455.844863 2462.181998 2450.773311 2425.480149 2389.693206 2352.069466 2339.406159 2336.056439 2334.979337 2331.177615 2323.916783
2434.898467 2448.156775 2462.326520 2453.837114 2468.274544 2475.793959 2479.362956 2482.449703 2484.821846 2486.354122 2482.954538 2479.407189 2474.382996 2472.661054 2470.914689 2468.016043 2468.081642 2465.583985 2461.100621 2456.953930 2449.685710 2438.538712 2427.224745 2424.396247 2428.996342 2434.368787 2439.137575 2442.893256 2446.469029 2447.350218 2442.587125 2434.825599 2427.880694 2426.288324 2433.075040 2438.928001 2444.851115 2445.921212 2444.931537 2443.192238 2443.651145 2441.317884 2442.002980 2448.764429 2462.382654 2467.050694 2470.439304 2469.550952 2458.821864 2439.620130 2437.790096 2417.620818 2421.061040 2415.559780 2403.282386
2478.216581 2480.567491 2480.031892 2478.761918 2472.862281 2466.972506 2465.980021 2469.415073 2475.646386 2476.123660 2468.398537 2459.289119 2451.517108 2443.793762 2440.760223 2438.820992 2437.352474 2436.628885 2430.501026 2421.489179 2405.091030 2393.173903 2381.824037 2375.762317 2373.279093 2377.819443 2388.112142 2398.534601 2403.353671 2396.007734 2388.489273 2377.792626 2370.064788 2370.657570 2372.831909 2382.279692 2397.423520 2403.404409 2404.703805 2399.894311 2395.551686 2390.268370 2388.720243 2396.060772 2411.561307 2427.683157 2442.223321 2450.882510 2458.363381 2464.906025 2466.673570 2468.121771 2468.666534 2466.837945 2466.395318
2475.205199 2468.669752 2461.936580 2456.582168 2449.611765 2443.414544 2440.835788 2442.065777 2443.492789 2438.693701 2430.813790 2419.376697 2407.242246 2396.368125 2388.471321 2387.964001 2388.781524 2388.619190 2380.824466 2365.241896 2346.971334 2333.102925 2319.005939 2314.896380 2309.705921 2304.441987 2314.820539 2332.649090 2339.238945 2325.162457 2315.246548 2301.108757 2294.375521 2291.364725 2293.039861 2302.667958 2323.720280 2345.075968 2347.367442 2338.318141 2329.561132 2326.091836 2324.604904 2331.600300 2350.180651 2371.408953 2387.496838 2398.178118 2404.480145 2413.082750 2423.018421 2436.278570 2450.112698 2461.540421 2468.633170
2451.032220 2442.885967 2434.641134 2426.289014 2418.320896 2410.868359 2405.231192 2401.645069 2396.943328 2389.240822 2380.411097 2361.947236 2348.077574 2334.285732 2318.722869 2313.542296 2308.367712 2308.297183 2295.810845 2285.408318 2267.079261 2251.279571 2235.371020 2223.787120 2217.960975 2211.861338 2213.973347 2228.603475 2237.383509 2225.635466 2215.810185 2204.104628 2198.895427 2195.991680 2198.544847 2209.352055 2231.047461 2250.224085 2258.563604 2252.051955 2249.703305 2249.859004 2250.279199 2257.794057 2272.383080 2292.830806 2315.544337 2333.926067 2344.807994 2353.495322 2364.414862 2379.920432 2394.686600 2409.295057 2427.008625
2417.064473 2407.008747 2396.163406 2385.388171 2373.476209 2361.067430 2352.981986 2352.735491 2344.346141 2336.170307 2316.190214 2265.103629 2244.126547 2224.085132 2206.733662 2198.835800 2189.286825 2176.720956 2166.362935 2159.435376 2155.105262 2139.666984 2121.802567 2104.927272 2099.756074 2095.784475 2083.768499 2085.024173 2087.196012 2095.803115 2089.157147 2085.319352 2084.999579 2082.963362 2085.952916 2099.804664 2110.771297 2119.972199 2127.351903 2129.499967 2139.195682 2147.968760 2156.205687 2174.394212 2188.790975 2207.401182 2230.291071 2256.524936 2272.473025 2283.816702 2296.225086 2313.174961 2330.948947 2349.591909 2372.885302
2375.782022 2359.564926 2344.226500 2328.580865 2314.149619 2299.566272 2283.404775 2282.295051 2276.911280 2265.371327 2216.829779 2172.949499 2137.808395 2117.985118 2093.454557 2079.316505 2064.270892 2031.761098 2014.908362 2009.901577 2017.820805 2010.081068 1993.575068 1980.279064 1971.635198 1963.943304 1949.268354 1936.686357 1941.906750 1956.522343 1954.333119 1954.856673 1960.704640 1959.862670 1955.736114 1958.696084 1972.819675 1980.726668 1992.048864 2007.082367 2013.188031 2026.916072 2057.979324 2073.611091 2091.073451 2112.900909 2136.664524 2161.779609 2185.394293 2201.344807 2218.429892 2239.233237 2257.965872 2280.270242 2304.888866
2317.617026 2287.714031 2266.229234 2247.521881 2227.349405 2202.061205 2179.348867 2174.401981 2165.093271 2139.573065 2088.599934 2047.883246 2018.522629 1994.547828 1969.008348 1946.473215 1913.638875 1879.478931 1857.447984 1865.817824 1873.842966 1878.387520 1865.278573 1853.281118 1843.360559 1827.987435 1812.156664 1798.792554 1808.313874 1816.924565 1829.520547 1834.554295 1838.620557 1842.845371 1842.080395 1835.773321 1837.616699 1846.899404 1858.000083 1870.269139 1888.381286 1921.868627 1948.508042 1968.427478 1991.498483 2013.810075 2038.811303 2065.156147 2090.031323 2109.348942 2130.582012 2152.411747 2175.905945 2198.479353 2224.776920
2233.030081 2203.861300 2175.708933 2150.826651 2119.833018 2075.797004 2058.499224 2047.053631 2028.219928 1985.402488 1941.276032 1910.005109 1888.621892 1862.826517 1838.553188 1809.347989 1775.781927 1750.116576 1728.883531 1736.162162 1743.772507 1758.061932 1747.244399 1737.751695 1732.798837 1717.821295 1704.229103 1689.082796 1696.164317 1706.996335 1726.733027 1731.788338 1735.767059 1744.023220 1743.540373 1740.789977 1729.166306 1737.806996 1749.259155 1764.401098 1794.560534 1819.983132 1845.253030 1868.863949 1891.260730 1916.057726 1942.150171 1968.800555 1997.658980 2020.197313 2042.268806 2066.790298 2089.650444 2109.416945 2131.473979
2116.184029 2089.781139 2066.675022 2040.445008 1999.451202 1953.618308 1914.649364 1892.157337 1846.572547 1810.517796 1779.744805 1767.210241 1749.663762 1726.446141 1704.455171 1682.597620 1657.109008 1635.016847 1609.753335 1613.409105 1626.580382 1641.316063 1638.162908 1636.262072 1633.703326 1623.244435 1609.702375 1596.171608 1599.874600 1615.861752 1633.257611 1641.925065 1649.248775 1657.210429 1657.601665 1650.212532 1641.786109 1647.800655 1663.221318 1680.390088 1701.232970 1724.378992 1747.618104 1770.110256 1794.940675 1820.567159 1846.705505 1874.900033 1904.694933 1928.409785 1955.157871 1982.758555 2004.275857 2018.341552 2033.116361
2001.077015 1978.400461 1952.822118 1924.031085 1881.075551 1838.113115 1794.393480 1750.287112 1715.369719 1683.519306 1668.697988 1649.764654 1632.345763 1614.370389 1592.477851 1573.218419 1555.071527 1532.529761 1517.168545 1522.621078 1535.300444 1544.859012 1548.993364 1546.200117 1543.346468 1536.560896 1522.789085 1515.169498 1524.296296 1539.642437 1554.139424 1565.058198 1572.096126 1578.097565 1575.658750 1567.551727 1563.463062 1572.222140 1588.465962 1603.684712 1621.036591 1643.382257 1665.685325 1689.024340 1713.531955 1738.045775 1765.107367 1793.084546 1821.805678 1850.904898 1876.929136 1900.713618 1914.214786 1928.119695 1935.851637
1865.601841 1849.543448 1822.551853 1792.868683 1759.734041 1721.767464 1692.004203 1658.565410 1626.418390 1595.128579 1568.226282 1551.806049 1542.253753 1527.182229 1507.930264 1494.515394 1477.409196 1462.247103 1463.998130 1465.689236 1475.147594 1474.786618 1475.288687 1472.369905 1471.365652 1467.834177 1459.021318 1467.966878 1475.107903 1489.300262 1499.884000 1509.588136 1515.860637 1520.031812 1520.761875 1515.661224 1520.596145 1527.865005 1542.716000 1555.057291 1570.399281 1591.876005 1610.323561 1630.983984 1654.718881 1679.378398 1705.274808 1732.960881 1762.905840 1790.024215 1811.601933 1822.911266 1836.050284 1843.313965 1838.873266
