tests/Borden05m/data_simulated/sim_1/output-maps/psiliqL0025N0014.asc
ncols         160
nrows         34
xllcorner     620200.000000
yllcorner     5168000.000000
cellsize      0.500000
NODATA_value  -9999.0
[rows 0 to 24 of 34, columns 55 to 109 of 160]
-9999.0 -9999.0 -9999.0 -9999.0 -9999.0 -9999.0 -9999.0 -9999.0 -9999.0 -9999.0 -9999.0 -9999.0 -9999.0 -9999.0 -9999.0 -9999.0 -9999.0 -9999.0 -9999.0 -9999.0 -9999.0 -9999.0 -9999.0 -9999.0 -9999.0 -9999.0 -9999.0 -9999.0 -9999.0 -9999.0 -9999.0 -9999.0 -9999.0 -9999.0 -9999.0 -9999.0 -9999.0 -9999.0 -9999.0 -9999.0 -9999.0 -9999.0 -9999.0 -9999.0 -9999.0 -9999.0 -9999.0 -9999.0 -9999.0 -9999.0 -9999.0 -9999.0 -9999.0 -9999.0 -9999.0
-9999.0 -9999.0 -9999.0 -9999.0 3198.601145 3193.278321 3188.457630 3183.928754 3176.267588 3166.966010 3159.040606 3154.844579 3153.666890 3152.794486 3152.140581 3156.985032 3164.983243 3172.542790 3179.351074 3180.625172 3182.867134 3184.687764 3184.881647 3183.682599 3180.446271 3178.211052 3174.820998 3173.106753 3165.679216 3154.522146 3146.167154 3143.465533 3147.650621 3151.993731 3154.453723 3159.677134 3170.079039 3180.653389 3188.063230 3200.483235 3207.423011 3212.779126 3215.433232 3211.483690 3208.245640 3204.338243 3198.365335 3187.301366 -9999.0 -9999.0 -9999.0 -9999.0 -9999.0 -9999.0 -9999.0
3144.406740 3162.745418 3182.656291 3185.741256 3174.989676 3169.937889 3166.763679 3165.035018 3160.721152 3152.171471 3146.992669 3141.460697 3138.809515 3138.751403 3138.577303 3142.202962 3152.845665 3160.581321 3165.085569 3167.621563 3170.379421 3168.837121 3168.013215 3167.720695 3164.767585 3161.261671 3157.833854 3155.945157 3157.293824 3149.675919 3143.697510 3139.817544 3136.942930 3139.653207 3142.323528 3146.819640 3156.007854 3163.928181 3171.854148 3185.790243 3198.834207 3204.532192 3202.044684 3197.493370 3193.802863 3186.561049 3176.971955 3167.028985 3158.851299 3152.737824 3147.435242 3141.143638 3147.605707 3155.453625 3164.879566
3127.622210 3146.693812 3166.998677 3169.514341 3159.192108 3151.383940 3144.631532 3145.067129 3148.427626 3145.102315 3140.217588 3132.547524 3142.350338 3143.268654 3143.900156 3146.994429 3148.873314 3153.754073 3156.107004 3161.351920 3170.230000 3172.941844 3173.298728 3173.269283 3171.220197 3167.904039 3165.886178 3163.031475 3157.704949 3155.910656 3155.562286 3154.315793 3158.435061 3159.880720 3162.766812 3157.206514 3161.578358 3167.836916 3174.746839 3180.301553 3185.232651 3187.869036 3184.655121 3185.279807 3178.220741 3164.697481 3154.930794 3147.497801 3147.661641 3144.783875 3136.960838 3123.414923 3131.728898 3147.889793 3152.743485
3131.724092 3140.521721 3151.030481 3153.456790 3148.338030 3150.399837 3152.080447 3153.208261 3151.264714 3147.650597 3143.322564 3153.744071 3161.904864 3163.168714 3165.499107 3169.310038 3170.024383 3159.004589 3156.851798 3164.083563 3173.596088 3178.673552 3178.750046 3178.303315 3174.649191 3173.413236 3173.113486 3171.213923 3170.719693 3172.267418 3169.947891 3172.959885 3178.363709 3180.239361 3176.239647 3167.848377 3170.018524 3178.408113 3186.055169 3193.601523 3203.795479 3214.674444 3214.949503 3210.475579 3202.131180 3189.821659 3168.785985 3151.312591 3140.474691 3132.662083 3125.525996 3128.407195 3123.948187 3137.690009 3139.579179
3117.821706 3138.056960 3157.935270 3163.781713 3157.662429 3153.718106 3152.253825 3152.769719 3151.747424 3152.238663 3161.049983 3172.740202 3182.585924 3184.367888 3186.057387 3184.760462 3178.522740 3168.185844 3165.349660 3178.553394 3193.549667 3201.235000 3200.700928 3196.524749 3199.797114 3199.727492 3199.999535 3196.473798 3197.225720 3195.031866 3200.710850 3208.328940 3216.188329 3214.727644 3202.453928 3190.226333 3190.090876 3195.393624 3202.054890 3209.581404 3219.795928 3229.038692 3224.337298 3219.198782 3211.834223 3186.298811 3165.067735 3150.910504 3151.329579 3152.210004 3147.984159 3146.044349 3145.129296 3140.974474 3141.288047
3153.744645 3172.824059 3191.433098 3204.307369 3197.993195 3190.330743 3181.623258 3181.680743 3182.086860 3187.872087 3198.191705 3211.018670 3232.562979 3232.055712 3232.518086 3231.361088 3218.565267 3205.361076 3195.243149 3216.879212 3227.674960 3234.821844 3232.455005 3237.802268 3246.432669 3242.726700 3236.269354 3224.311468 3229.906352 3236.712167 3251.778536 3259.573517 3264.715768 3260.396310 3246.751738 3240.100496 3241.434457 3247.614277 3248.582676 3256.977879 3265.917827 3280.928724 3279.793403 3276.233399 3256.387199 3219.672184 3190.411821 3179.082731 3188.673478 3183.157658 3178.435244 3178.285632 3167.209549 3159.932009 3162.539868
3184.838373 3198.269491 3214.318282 3230.729251 3221.980170 3211.634769 3195.247048 3192.156523 3196.389424 3206.327606 3223.700147 3241.783092 3261.748608 3260.970645 3254.992321 3264.477504 3257.477123 3246.707409 3239.087707 3259.612597 3269.762136 3279.987811 3285.925328 3298.477216 3308.913310 3292.906050 3276.224380 3266.201283 3273.031529 3298.083546 3320.015037 3324.801036 3324.025081 3323.719852 3308.943268 3304.003000 3300.380186 3300.341020 3297.526122 3295.552908 3320.375607 3341.593626 3341.392690 3319.925510 3297.331077 3258.301075 3220.859466 3196.291563 3208.397199 3205.359882 3208.641656 3198.440054 3186.711928 3179.173028 3177.909038
3235.765204 3257.621925 3274.078758 3295.599933 3287.101561 3264.403998 3248.889597 3251.468149 3264.732137 3272.518456 3290.516800 3307.941290 3333.984166 3346.614393 3358.276828 3361.908756 3354.920126 3346.317050 3334.195884 3338.835702 3362.110957 3373.438802 3381.862530 3390.372076 3402.935750 3403.665033 3397.063925 3395.305657 3399.550367 3412.492904 3426.484360 3433.196460 3436.416584 3439.250197 3426.792955 3414.138102 3411.822255 3406.159171 3404.553989 3403.705626 3414.553816 3434.450278 3431.455981 3395.934638 3369.323530 3335.021788 3297.045501 3267.853591 3261.129920 3279.411779 3276.876336 3260.824738 3249.968939 3223.665948 3218.051214
3305.711701 3338.559882 3362.890055 3373.007009 3380.672658 3366.502719 3364.542974 3368.534672 3376.664296 3379.772392 3386.147204 3418.357168 3452.033326 3477.180093 3499.901793 3507.067430 3494.867474 3485.059841 3471.634367 3462.764241 3473.256565 3490.241308 3507.776366 3522.702975 3533.987826 3536.163497 3534.602979 3534.667702 3537.682942 3540.665138 3544.866651 3553.158510 3560.761313 3569.481814 3577.714020 3567.624369 3550.717016 3541.274638 3531.977990 3530.949445 3532.205688 3535.745499 3536.834415 3520.861692 3479.761817 3448.567638 3416.678279 3396.672748 3383.157858 3382.234805 3364.471045 3340.568972 3289.919304 3252.768345 3221.589994
3391.766784 3435.363262 3464.504890 3481.924242 3494.633936 3491.890928 3493.648009 3494.662539 3498.420518 3500.861078 3503.762464 3530.192383 3571.415143 3610.580355 3641.667611 3641.714072 3628.180936 3616.869313 3607.658690 3593.476701 3589.553403 3601.896601 3617.060200 3637.110360 3647.591259 3653.879644 3650.718764 3650.948122 3652.674144 3654.997846 3657.119787 3660.666859 3670.185051 3685.105423 3699.455005 3698.702117 3680.051794 3662.155699 3646.086719 3643.393194 3640.796178 3635.873937 3638.166430 3640.059242 3624.735903 3593.880558 3554.414131 3514.048573 3496.926912 3481.620329 3470.796968 3454.125345 3414.738040 3349.606186 3311.060766
3506.653186 3540.320500 3569.250763 3599.448317 3614.417922 3616.857675 3614.381321 3613.297698 3620.270713 3623.119130 3628.939051 3645.456528 3677.209574 3712.384999 3741.944244 3757.413767 3749.761596 3732.003938 3709.978802 3700.335695 3697.479119 3701.029263 3710.436815 3723.125449 3742.507547 3761.813366 3767.576051 3768.454458 3765.780945 3768.192468 3769.742840 3769.857800 3772.718349 3781.107058 3790.906778 3794.260665 3786.578853 3765.681384 3742.300646 3730.821473 3724.248687 3720.813428 3721.726203 3726.765658 3729.889864 3715.235514 3679.899055 3635.729855 3605.692308 3590.321563 3577.489002 3563.584853 3551.319353 3519.186608 3498.489716
3615.426027 3630.569485 3658.669180 3687.367420 3710.038377 3724.767099 3725.249386 3728.331759 3733.071681 3740.456854 3755.525410 3778.726672 3797.655585 3820.157799 3846.643913 3862.828947 3868.090848 3866.460227 3862.450085 3863.658765 3864.009583 3801.501641 3807.737835 3813.953521 3830.965987 3846.306312 3851.856904 3852.491542 3849.959566 3851.786510 3852.548137 3852.445375 3852.073313 3854.374043 3859.426567 3861.357620 3858.970350 3846.397366 3864.495954 3844.496592 3831.047305 3822.845304 3814.608886 3806.355626 3796.932711 3787.060752 3767.095581 3736.319776 3702.006959 3680.411197 3672.448071 3666.387125 3658.018969 3652.390343 3635.496792
3713.952901 3724.522425 3742.658395 3765.336014 3799.178259 3822.528395 3833.903720 3843.189459 3847.850700 3861.763187 3878.369885 3862.444811 3870.739260 3879.322479 3887.850819 3890.779522 3891.618079 3891.231145 3888.839975 3888.066492 3885.652693 3882.167511 3871.712515 3873.321016 3875.265800 3877.885523 3881.617336 3880.509725 3881.618517 3884.572556 3882.813921 3876.774822 3872.702013 3871.127152 3872.120887 3879.553802 3883.039988 3883.996983 3880.645477 3879.713099 3878.718574 3875.323351 3871.084477 3865.108911 3857.464987 3872.204447 3860.170734 3832.188597 3792.033630 3750.948069 3743.212764 3744.930166 3744.865600 3743.347496 3737.777727
3838.589040 3852.243665 3867.009236 3844.924945 3867.228546 3878.642708 3883.979775 3888.086569 3890.890175 3894.007437 3890.995896 3887.984999 3883.102063 3881.540411 3880.190020 3877.753012 3878.384297 3876.497970 3872.436831 3868.403623 3860.457261 3848.900955 3837.724996 3834.171736 3838.479570 3844.097170 3849.246325 3853.688117 3857.409903 3857.426593 3851.961999 3843.536676 3835.990687 3834.330444 3841.207663 3846.952595 3853.471110 3854.346339 3852.953618 3850.465223 3850.222017 3846.954992 3847.166562 3854.242051 3868.992725 3871.747206 3877.639406 3876.800306 3860.180338 3830.085173 3841.470175 3821.547738 3827.561568 3822.988393 3811.665875
3882.310371 3885.076746 3883.448875 3882.345435 3875.970860 3869.921101 3869.146944 3873.168634 3880.220108 3881.290426 3874.246823 3865.680713 3858.463834 3851.052111 3848.717529 3848.157248 3847.909252 3848.416203 3843.131859 3833.842359 3816.854752 3805.288464 3794.230187 3788.295459 3784.528785 3788.001454 3799.237563 3811.395527 3816.435052 3807.162485 3798.712219 3786.904960 3778.835825 3779.282913 3780.328576 3789.829796 3806.653189 3814.168141 3814.956509 3808.489946 3802.008379 3795.347584 3792.277744 3798.701975 3813.995462 3830.748768 3846.347649 3855.487592 3863.207683 3870.322392 3868.778016 3871.514680 3873.020532 3870.894468 3873.881256
3876.673407 3869.700436 3862.736351 3857.453995 3851.024128 3845.737232 3843.920183 3845.819886 3847.785791 3843.716009 3837.359522 3827.394915 3816.408705 3806.746793 3799.178611 3800.221407 3802.597016 3804.274376 3797.026462 3781.711949 3763.947427 3750.503769 3736.672644 3732.764374 3726.902734 3719.297602 3729.423716 3749.130301 3756.502389 3740.449060 3729.583196 3714.406079 3707.822651 3703.834687 3704.617272 3713.539051 3736.003064 3760.053284 3762.120290 3751.165154 3740.281597 3735.534259 3732.300893 3736.903769 3753.598053 3774.361406 3790.408024 3800.808286 3806.125504 3813.897437 3823.277083 3837.520748 3852.313279 3864.640032 3869.359761
3851.617010 3843.881695 3836.252381 3828.669986 3821.817286 3815.667454 3811.421424 3809.497700 3805.621575 3799.576976 3792.615015 3772.106759 3759.764212 3746.955810 3732.149794 3728.349741 3723.659357 3724.820160 3713.403788 3705.474883 3689.066007 3673.804073 3658.269707 3645.022950 3639.344377 3632.695628 3631.081780 3644.573073 3653.011916 3643.496838 3633.821932 3623.177725 3618.658628 3615.303441 3617.771836 3628.197230 3647.739601 3666.032835 3674.411420 3667.038819 3665.670338 3665.615200 3663.992830 3670.224722 3680.973529 3698.842946 3721.120817 3739.955281 3749.762788 3756.584742 3765.749898 3780.122501 3794.187292 3808.485663 3826.432699
3821.217312 3811.972837 3802.128952 3792.498347 3782.100411 3771.641117 3765.232038 3767.946152 3762.014430 3756.484636 3733.986597 3679.150981 3658.250082 3639.498345 3623.447122 3616.887939 3608.616262 3592.685183 3584.151941 3579.768336 3581.985856 3568.132971 3550.795675 3533.230787 3528.419727 3524.943401 3507.681942 3503.143056 3503.708603 3519.938617 3513.908507 3512.660290 3514.568748 3512.187837 3513.468545 3526.195022 3533.872923 3539.287874 3545.987614 3550.714812 3561.167244 3569.091970 3579.174343 3596.149135 3606.866219 3622.003719 3642.137965 3667.568034 3682.850019 3692.198719 3702.445508 3717.586329 3733.620338 3751.225831 3773.498627
3786.762601 3770.365659 3755.924608 3741.767276 3729.221467 3716.552569 3700.938148 3702.959208 3700.969582 3690.901963 3636.360565 3595.861329 3562.334337 3545.421262 3522.083919 3508.813734 3492.707879 3454.571505 3437.380805 3437.156214 3452.225947 3448.936458 3433.840588 3422.137405 3412.871768 3403.623489 3385.994622 3367.268556 3373.391078 3391.924893 3392.951121 3396.364159 3404.273087 3403.765814 3397.008941 3394.175290 3406.094086 3411.433393 3422.498095 3440.040030 3444.785520 3461.052676 3494.568516 3507.130359 3521.849912 3539.889816 3559.946152 3581.663485 3603.899596 3617.652966 3632.540281 3650.695948 3667.098594 3687.149754 3709.488951
3736.323391 3705.516277 3684.664569 3667.545420 3648.694381 3622.062268 3602.331694 3600.345295 3594.451028 3565.700660 3513.798671 3478.628594 3455.686034 3434.333846 3411.781102 3388.439887 3351.692955 3317.369703 3295.918926 3312.075935 3323.634858 3335.616368 3324.502896 3314.003014 3304.641031 3286.751622 3270.061516 3253.693449 3264.807863 3273.492206 3292.654753 3299.599995 3303.523634 3309.434244 3307.920890 3296.955356 3291.536738 3299.381757 3309.001021 3320.731964 3342.066590 3377.008443 3401.317633 3419.093608 3439.050157 3457.182007 3477.980309 3500.368753 3522.592720 3539.059036 3556.858284 3574.827372 3595.200199 3613.885572 3636.306365
3656.807704 3628.984642 3603.087265 3580.385327 3549.161651 3503.287719 3489.348234 3480.827507 3459.332235 3412.314739 3371.261784 3351.512562 3339.292228 3316.767854 3296.490620 3268.197116 3234.886513 3213.911269 3193.887804 3204.783792 3215.565189 3236.178537 3227.846305 3221.447341 3218.812611 3203.721768 3190.662861 3174.328973 3180.685021 3192.940696 3216.569011 3222.612955 3226.755029 3236.167263 3235.353170 3230.534290 3212.609763 3219.054827 3229.545961 3243.802751 3274.491688 3296.555935 3318.426963 3339.563563 3358.260048 3378.824971 3400.310628 3422.558285 3448.169760 3466.984268 3485.258616 3506.070338 3524.577097 3538.325651 3553.978149
3549.511519 3526.106322 3507.167486 3483.649085 3441.433291 3398.256382 3358.296405 3332.140504 3280.449483 3246.390400 3227.109481 3227.221250 3216.086760 3197.433355 3179.657613 3163.146454 3142.294760 3124.411666 3100.038008 3106.085158 3122.511816 3140.105322 3142.034252 3143.505873 3142.450801 3133.535111 3120.338260 3106.879175 3110.716397 3127.927863 3145.976622 3156.126983 3163.863683 3171.557678 3171.157744 3161.348286 3151.013124 3155.420959 3170.353332 3184.351491 3201.117996 3220.958931 3240.841293 3260.348234 3281.890265 3303.523801 3325.408446 3349.203977 3374.697612 3394.970453 3417.590306 3440.940838 3456.526836 3464.378639 3471.282589
3448.122337 3429.704299 3407.391866 3380.714282 3339.925567 3301.285232 3261.505790 3215.165774 3183.300458 3157.793554 3152.411198 3138.432542 3126.640392 3113.639364 3094.674972 3079.709301 3066.198172 3045.963883 3037.021289 3045.033508 3059.038816 3067.551106 3074.942248 3073.318235 3071.430946 3066.228098 3052.568482 3048.788258 3058.939381 3074.136499 3087.761101 3099.336395 3106.163988 3111.121419 3107.896890 3098.468037 3095.345824 3103.170006 3118.175787 3130.947890 3144.879066 3164.483808 3181.955536 3202.207747 3223.295391 3243.960598 3267.013807 3290.780447 3315.424441 3341.212946 3362.264794 3379.320696 3386.777279 3394.940206 3393.305126
3326.712895 3316.337869 3291.639358 3264.433296 3236.499274 3204.916375 3182.234544 3154.318238 3125.968178 3098.658525 3074.341618 3063.683679 3059.099563 3048.151594 3032.701604 3022.883917 3008.567214 2999.807131 3006.925234 3008.711280 3017.122736 3015.573557 3016.975453 3014.988567 3014.779346 3012.980449 3007.307780 3019.496274 3025.776072 3039.065124 3048.983166 3058.614350 3064.235736 3067.597244 3068.575522 3064.210680 3069.841800 3075.429356 3088.492475 3098.933134 3111.524599 3130.375956 3145.983993 3163.481582 3182.918783 3204.211060 3226.308650 3250.267755 3276.558248 3299.474876 3315.552480 3320.681136 3328.270144 3328.110896 3315.430701
