tests/Borden05m/data_simulated/sim_1/output-maps/psiliqL0014N0018.asc
ncols         160
nrows         34
xllcorner     620200.000000
yllcorner     5168000.000000
cellsize      0.500000
NODATA_value  -9999.0
[rows 0 to 24 of 34, columns 0 to 55 of 160]
-9999.0 -9999.0 -9999.0 -9999.0 -9999.0 -9999.0 -9999.0 -9999.0 -9999.0 -9999.0 -9999.0 -9999.0 -9999.0 -9999.0 -9999.0 -9999.0 -9999.0 -9999.0 -9999.0 -9999.0 -9999.0 -9999.0 -9999.0 -9999.0 -9999.0 -9999.0 -9999.0 -9999.0 -9999.0 -9999.0 -9999.0 -9999.0 -9999.0 -9999.0 -9999.0 -9999.0 -9999.0 -9999.0 -9999.0 -9999.0 -9999.0 -9999.0 -9999.0 -9999.0 -9999.0 -9999.0 -9999.0 -9999.0 -9999.0 -9999.0 -9999.0 -9999.0 -9999.0 -9999.0 -9999.0 -9999.0
-9999.0 -9999.0 -9999.0 -9999.0 -9999.0 -9999.0 -9999.0 -9999.0 -9999.0 -9999.0 -9999.0 -9999.0 -9999.0 -9999.0 -9999.0 -9999.0 -9999.0 -9999.0 -9999.0 -9999.0 -9999.0 -9999.0 -9999.0 -9999.0 -9999.0 -9999.0 -9999.0 -9999.0 -9999.0 -9999.0 -9999.0 -9999.0 -9999.0 -9999.0 -9999.0 -9999.0 -9999.0 -9999.0 -9999.0 -9999.0 -9999.0 -9999.0 -9999.0 -9999.0 -9999.0 -9999.0 -9999.0 -9999.0 -9999.0 -9999.0 -9999.0 -9999.0 -9999.0 -9999.0 -9999.0 -9999.0
-9999.0 -9999.0 -9999.0 -9999.0 -9999.0 -9999.0 -9999.0 -9999.0 -9999.0 -9999.0 -9999.0 -9999.0 -9999.0 -9999.0 -9999.0 -9999.0 -9999.0 -9999.0 -9999.0 -9999.0 -9999.0 -9999.0 -9999.0 -9999.0 -9999.0 -9999.0 -9999.0 -9999.0 -9999.0 -9999.0 -9999.0 -9999.0 -9999.0 -9999.0 -9999.0 -9999.0 -9999.0 -9999.0 -9999.0 -9999.0 -9999.0 -9999.0 -9999.0 -9999.0 -9999.0 -9999.0 -9999.0 897.034236 879.840976 864.483648 862.173188 884.749074 908.303479 932.304238 953.098671 971.904545
-9999.0 -9999.0 -9999.0 -9999.0 -9999.0 -9999.0 -9999.0 -9999.0 -9999.0 -9999.0 -9999.0 -9999.0 -9999.0 -9999.0 -9999.0 -9999.0 -9999.0 -9999.0 -9999.0 -9999.0 -9999.0 -9999.0 -9999.0 -9999.0 -9999.0 -9999.0 -9999.0 -9999.0 -9999.0 -9999.0 -9999.0 -9999.0 -9999.0 -9999.0 -9999.0 -9999.0 -9999.0 -9999.0 -9999.0 -9999.0 944.361106 950.357203 951.588693 941.326670 930.296156 918.159738 898.275545 880.663442 866.104118 863.831204 866.704548 871.824621 894.470060 919.421454 939.363941 956.560017
-9999.0 -9999.0 -9999.0 -9999.0 -9999.0 -9999.0 -9999.0 -9999.0 -9999.0 -9999.0 -9999.0 -9999.0 -9999.0 -9999.0 -9999.0 -9999.0 -9999.0 -9999.0 -9999.0 -9999.0 -9999.0 -9999.0 -9999.0 -9999.0 -9999.0 -9999.0 -9999.0 -9999.0 -9999.0 -9999.0 -9999.0 -9999.0 -9999.0 -9999.0 851.403282 868.927650 887.183078 905.798441 922.739261 929.692124 935.615984 941.462699 937.497974 933.081363 921.944474 902.919700 883.653137 870.127557 868.322898 866.125950 870.641614 883.673120 900.721263 917.114592 938.323422 962.237324
-9999.0 -9999.0 -9999.0 -9999.0 -9999.0 -9999.0 -9999.0 -9999.0 -9999.0 -9999.0 -9999.0 -9999.0 -9999.0 -9999.0 -9999.0 -9999.0 -9999.0 -9999.0 -9999.0 -9999.0 -9999.0 -9999.0 -9999.0 -9999.0 -9999.0 -9999.0 -9999.0 -9999.0 854.629919 848.899342 844.130594 842.932680 841.926436 841.109588 848.160549 860.376041 878.575816 900.529674 913.764623 921.229009 928.109678 929.054838 924.220311 922.506467 923.121772 911.522534 900.094345 889.423934 879.143773 877.800495 887.625956 902.065412 918.610424 933.807183 949.601365 960.406415
-9999.0 -9999.0 -9999.0 -9999.0 -9999.0 -9999.0 -9999.0 -9999.0 -9999.0 -9999.0 -9999.0 -9999.0 -9999.0 -9999.0 -9999.0 -9999.0 -9999.0 -9999.0 -9999.0 -9999.0 -9999.0 -9999.0 -9999.0 823.910472 829.792726 836.538020 844.268497 845.465947 841.712115 836.406780 833.713191 832.560037 831.162423 835.975581 844.299565 858.137812 874.231490 896.430515 905.317593 911.614172 924.089427 927.170703 933.287376 937.646559 936.225798 933.596575 921.264491 912.154874 917.344831 923.419863 930.534363 938.866680 952.625985 968.298092 985.950164 1006.461614
-9999.0 -9999.0 -9999.0 -9999.0 -9999.0 -9999.0 -9999.0 -9999.0 -9999.0 -9999.0 -9999.0 -9999.0 -9999.0 -9999.0 -9999.0 -9999.0 -9999.0 -9999.0 -9999.0 798.319606 799.366784 800.749845 805.660567 806.680661 809.036325 816.273525 824.706398 827.399819 825.991379 824.934951 826.834311 829.933569 834.699641 846.358167 860.545174 875.110137 889.338392 910.616211 925.759557 939.688845 956.030041 955.745054 952.080430 950.590296 951.404472 951.911224 956.199553 959.157481 965.748149 970.697452 977.332699 987.043665 998.962206 1017.589100 1037.821574 1057.995644
-9999.0 -9999.0 -9999.0 -9999.0 -9999.0 -9999.0 -9999.0 -9999.0 -9999.0 -9999.0 -9999.0 -9999.0 -9999.0 -9999.0 -9999.0 -9999.0 769.267838 771.229970 773.607931 779.189046 782.278170 786.493895 793.681753 795.191025 799.241915 806.688891 811.908558 821.083125 829.528305 837.263513 843.681109 846.834574 854.754914 864.866961 877.224811 892.949143 914.907779 938.495831 955.247092 972.561703 990.113069 991.170555 990.491082 992.001972 992.838210 999.510671 1017.322495 1023.484896 1025.066368 1041.857625 1056.242666 1061.757204 1069.871508 1089.378673 1113.481884 1137.106221
-9999.0 -9999.0 -9999.0 -9999.0 -9999.0 -9999.0 -9999.0 -9999.0 -9999.0 -9999.0 -9999.0 -9999.0 -9999.0 722.735860 726.978785 736.672294 746.066842 748.764344 753.248755 759.525151 771.968953 775.863824 782.380349 790.261900 802.457207 811.434831 820.999249 833.269708 842.158685 849.907187 857.487381 863.692717 877.519398 893.327998 909.658781 930.463577 953.055937 974.213281 995.308965 1011.728483 1026.027994 1028.542784 1028.003595 1030.767751 1038.843153 1056.421801 1075.719742 1085.357556 1104.139559 1127.692521 1141.664912 1153.824363 1162.932605 1176.713816 1198.233333 1232.740497
-9999.0 -9999.0 -9999.0 -9999.0 -9999.0 -9999.0 -9999.0 -9999.0 -9999.0 -9999.0 689.433559 691.850268 688.561014 688.501419 693.720312 705.975466 719.839259 726.632129 738.422058 759.570185 777.590676 781.417581 796.294356 806.847546 813.997033 824.969247 838.604975 851.976088 869.431211 882.628098 895.021897 915.368861 932.647458 950.003619 968.593484 989.654159 1010.327243 1039.656046 1067.484843 1081.197570 1104.251367 1115.993793 1113.746769 1114.382786 1123.785316 1140.416467 1162.372977 1186.557738 1208.972721 1234.945401 1252.998073 1267.845439 1279.008306 1291.737546 1307.783195 1342.988840
-9999.0 -9999.0 -9999.0 -9999.0 -9999.0 -9999.0 -9999.0 -9999.0 664.811596 672.185197 678.431304 675.573606 671.216882 667.500518 681.333129 697.343322 713.593882 731.396228 747.667588 766.140424 781.799671 798.447866 818.643397 830.810226 842.984579 858.849428 873.157484 891.061145 913.176577 926.983739 944.884452 967.346304 987.069141 1006.154787 1025.932033 1045.172013 1072.727382 1107.225367 1140.066785 1163.702247 1192.284959 1215.963586 1215.900323 1218.940016 1223.835995 1249.915836 1279.686666 1310.667415 1336.454401 1364.158879 1393.839720 1412.021023 1422.907713 1435.660435 1450.974517 1469.683289
-9999.0 -9999.0 -9999.0 -9999.0 -9999.0 -9999.0 637.750244 662.052164 677.149206 669.381105 659.746912 656.263612 652.410723 675.632771 697.704016 715.133138 732.288664 750.209052 767.106631 780.655665 814.925090 833.104692 848.054716 866.802597 881.955445 897.183781 915.378892 939.617927 962.536513 993.556068 1020.928942 1046.388017 1073.904370 1094.855349 1114.828306 1134.248612 1166.471160 1204.538676 1241.792315 1271.234335 1298.879651 1329.747431 1337.353710 1343.373869 1350.773639 1371.698353 1403.212311 1433.560237 1467.348682 1499.465724 1526.155095 1538.153276 1548.617868 1559.970389 1573.413753 1585.736547
-9999.0 -9999.0 -9999.0 -9999.0 604.267293 625.252515 645.430769 676.238150 698.933558 694.067416 700.963762 701.316981 699.719633 703.634938 710.765609 729.094217 747.922343 767.070711 785.402417 821.022583 865.433384 881.684707 906.845280 939.470340 953.895017 969.901485 986.932320 1010.926688 1038.940971 1073.711567 1118.854519 1157.457544 1184.486668 1208.491677 1230.607371 1253.403135 1287.801444 1325.718494 1362.764963 1397.097860 1427.062794 1452.806094 1465.620852 1473.642066 1485.514277 1501.777913 1522.955613 1550.045709 1580.992561 1612.842980 1637.820554 1651.495982 1659.385222 1669.919842 1680.297833 1692.286465
-9999.0 -9999.0 -9999.0 555.073521 593.799499 631.625402 658.823842 689.895570 722.142043 727.165791 736.288275 741.585582 746.809794 755.621684 764.553887 781.836960 798.126201 814.127013 836.565299 873.829163 909.559987 940.384942 973.087439 1000.753370 1022.248244 1038.791932 1057.929456 1082.789228 1123.445026 1162.090414 1213.298255 1267.290523 1304.886151 1329.967364 1352.574040 1380.041192 1405.130535 1441.200613 1475.988846 1508.917444 1540.382126 1564.984869 1583.760329 1591.515441 1601.031650 1609.677448 1625.889551 1647.187671 1668.852284 1697.409043 1725.499883 1749.792212 1763.570062 1773.383310 1789.122635 1804.917518
-9999.0 -9999.0 507.958013 545.732322 580.041577 630.537708 683.594560 718.079369 759.157425 783.361256 790.441257 807.902085 824.256294 831.814338 847.661442 865.013506 882.484160 889.298255 906.245384 937.788348 988.466202 1034.823677 1057.448945 1108.958207 1142.327006 1169.712277 1187.442479 1214.430473 1250.172897 1292.538027 1341.660648 1392.005098 1431.064005 1462.696184 1479.585552 1499.111593 1521.771553 1545.551903 1579.081897 1607.730796 1638.720234 1664.543220 1686.220403 1693.308678 1698.384131 1713.934849 1737.788888 1763.047300 1786.970691 1810.086153 1814.457731 1825.709718 1831.144435 1834.484781 1839.117907 1842.393376
-9999.0 -9999.0 481.432022 526.308796 566.986108 633.988584 713.465459 750.945781 794.176184 840.170742 859.200557 883.845575 896.762558 907.408973 930.912608 953.522771 965.250067 972.036933 972.332022 1028.234873 1087.030324 1138.950963 1187.708368 1253.255473 1297.426093 1313.202860 1325.259818 1345.865672 1370.959544 1414.649707 1462.920230 1516.015630 1560.139094 1591.531997 1608.148133 1626.481802 1646.654122 1664.306122 1683.132701 1721.639045 1748.363689 1773.723594 1800.198130 1820.263388 1828.527122 1831.915858 1822.108112 1831.321430 1837.743255 1840.874372 1842.256967 1839.363718 1839.059538 1840.005312 1841.143924 1836.216823
-9999.0 392.783726 444.958008 498.365278 567.615211 635.359467 719.162100 799.528881 856.121434 903.260648 932.743391 946.116962 984.474515 1027.336317 1053.112041 1079.844557 1082.612023 1087.556607 1078.684970 1126.977776 1177.489323 1252.528182 1360.607244 1415.373010 1457.494237 1459.019951 1454.100968 1466.832955 1491.246545 1535.201054 1602.394187 1650.375839 1703.644426 1743.939345 1759.622268 1766.955956 1784.608545 1804.364697 1793.721259 1815.306526 1825.586203 1834.300877 1837.110663 1839.317476 1840.793180 1841.347230 1838.484937 1832.394188 1824.818666 1819.360656 1815.367678 1810.845514 1813.187180 1816.302491 1816.877679 1809.789491
-9999.0 357.476296 417.100434 488.851749 560.232462 629.505207 734.346017 876.152437 929.606871 967.237936 991.345228 1016.385506 1094.296318 1159.407074 1193.053206 1236.324457 1231.409159 1221.647824 1210.368911 1243.978560 1294.042312 1367.131937 1504.919040 1586.198219 1611.212686 1621.268745 1628.027591 1654.208622 1690.901644 1727.840015 1762.214434 1766.270923 1793.827749 1808.671452 1814.443900 1817.677941 1822.479763 1823.937107 1823.122633 1820.623865 1817.052190 1818.206887 1822.999393 1823.442596 1821.087243 1818.207904 1812.648744 1804.910315 1799.002184 1793.881481 1790.622564 1787.157286 1785.151236 1784.771965 1780.051621 1773.962807
-9999.0 328.450673 399.509216 463.488799 529.842852 645.968093 771.967195 907.142305 1000.137996 1038.597093 1064.858047 1135.200216 1233.588380 1326.268281 1375.788736 1400.231338 1402.740457 1384.152790 1389.777463 1435.046296 1499.689676 1588.724115 1675.770721 1748.519077 1760.228654 1763.035521 1743.940301 1757.465929 1771.243190 1776.973895 1782.646271 1790.311694 1799.701698 1806.059996 1807.776400 1807.298288 1804.531536 1798.194802 1794.449078 1792.067895 1789.287463 1789.374298 1792.370909 1793.673517 1791.072879 1786.949150 1781.963277 1775.656856 1768.798550 1761.440349 1756.774050 1752.129464 1749.386515 1744.025164 1739.111658 1732.514214
-9999.0 230.466279 318.342797 374.428981 491.956186 665.473698 792.368802 943.441837 1088.659156 1129.418553 1205.776582 1322.153930 1423.350087 1493.466069 1532.082981 1572.216504 1600.497096 1624.485958 1659.896652 1624.390073 1680.421867 1735.678629 1759.691093 1770.964622 1771.896745 1772.767484 1765.368968 1747.833014 1740.184743 1737.181798 1743.123112 1754.679418 1764.073725 1772.782738 1773.228596 1775.517212 1776.771566 1774.246288 1771.260947 1763.683947 1756.525926 1751.100450 1749.472798 1754.579510 1749.430201 1745.800611 1739.307320 1730.731429 1721.462411 1713.172104 1704.887258 1697.610350 1694.251667 1688.150259 1685.977000 1677.092269
-9999.0 149.603265 226.831351 318.314068 458.592338 623.282874 755.852170 924.399850 1130.768769 1245.745742 1366.113772 1434.896571 1505.017195 1563.539173 1623.196933 1666.800854 1690.489392 1701.066639 1693.714950 1706.277736 1678.316998 1674.447889 1693.179374 1719.473027 1732.110863 1735.716565 1727.665194 1718.319273 1713.318343 1715.102601 1717.163015 1719.136256 1720.634435 1721.165485 1720.071025 1723.324423 1728.691661 1723.310866 1715.347076 1707.612115 1700.495895 1692.385324 1686.933092 1683.384054 1681.900125 1681.187030 1673.283910 1662.503998 1651.495492 1642.814393 1634.644378 1628.534927 1625.436010 1619.941874 1611.510574 1598.756049
-9999.0 52.578956 173.162016 268.670816 392.806350 530.848032 659.622825 825.124775 975.971164 1193.772593 1350.898590 1450.685505 1489.353047 1544.413444 1601.367047 1665.181557 1669.649526 1642.364506 1612.997763 1601.288072 1609.254153 1620.971124 1635.202048 1654.709003 1671.497408 1680.519579 1682.545308 1675.819203 1663.763385 1656.463006 1652.140263 1644.917753 1640.267485 1641.091053 1643.310646 1651.357123 1654.189468 1645.662486 1633.223000 1617.595421 1603.852177 1593.405262 1590.453518 1591.564779 1591.250676 1587.340263 1580.237503 1569.501451 1556.775437 1544.803339 1537.091576 1531.306894 1524.069861 1513.805851 1502.427332 1489.604363
-9999.0 -9999.0 98.658537 210.193721 319.953473 444.348768 562.426527 708.538652 860.421341 1042.490088 1159.369786 1285.200505 1354.393956 1398.038187 1445.945824 1498.382988 1516.344885 1535.567249 1520.624201 1526.749019 1535.088261 1542.483225 1552.834877 1564.392298 1577.165250 1586.670713 1594.208208 1592.602622 1584.621826 1569.122133 1550.793993 1537.259696 1530.211774 1524.769348 1534.962910 1546.847899 1544.402552 1538.163254 1526.627608 1511.301096 1498.524645 1484.956294 1481.092612 1481.148617 1480.908433 1477.712678 1472.987022 1460.087294 1447.108675 1435.126190 1429.373679 1422.977418 1417.285075 1406.263407 1394.494652 1381.587124
-9999.0 -9999.0 14.648475 124.074271 240.023962 364.525207 466.792024 546.899287 700.970080 818.319137 922.062117 1018.552461 1098.467267 1159.419404 1201.615314 1260.545798 1299.956546 1315.770241 1335.702805 1365.600774 1391.963597 1419.932351 1438.373106 1451.050062 1464.706435 1477.661556 1486.290727 1475.215989 1465.252160 1450.044798 1430.477164 1409.068384 1398.453077 1395.866717 1398.805743 1404.360034 1399.102986 1389.971773 1376.067782 1360.773445 1347.957184 1336.673022 1332.442536 1328.834613 1327.203272 1324.049389 1320.677358 1312.110721 1300.874580 1293.154229 1284.758423 1278.649045 1275.416151 1268.621578 1259.414123 1253.114624
