tests/Borden05m/data_simulated/sim_1/output-maps/psiliqL0000N0004.asc
ncols         160
nrows         34
xllcorner     620200.000000
yllcorner     5168000.000000
cellsize      0.500000
NODATA_value  -9999.0
[rows 0 to 25 of 34, columns 0 to 56 of 160]
-9999.0 -9999.0 -9999.0 -9999.0 -9999.0 -9999.0 -9999.0 -9999.0 -9999.0 -9999.0 -9999.0 -9999.0 -9999.0 -9999.0 -9999.0 -9999.0 -9999.0 -9999.0 -9999.0 -9999.0 -9999.0 -9999.0 -9999.0 -9999.0 -9999.0 -9999.0 -9999.0 -9999.0 -9999.0 -9999.0 -9999.0 -9999.0 -9999.0 -9999.0 -9999.0 -9999.0 -9999.0 -9999.0 -9999.0 -9999.0 -9999.0 -9999.0 -9999.0 -9999.0 -9999.0 -9999.0 -9999.0 -9999.0 -9999.0 -9999.0 -9999.0 -9999.0 -9999.0 -9999.0 -9999.0 -9999.0 -9999.0
-9999.0 -9999.0 -9999.0 -9999.0 -9999.0 -9999.0 -9999.0 -9999.0 -9999.0 -9999.0 -9999.0 -9999.0 -9999.0 -9999.0 -9999.0 -9999.0 -9999.0 -9999.0 -9999.0 -9999.0 -9999.0 -9999.0 -9999.0 -9999.0 -9999.0 -9999.0 -9999.0 -9999.0 -9999.0 -9999.0 -9999.0 -9999.0 -9999.0 -9999.0 -9999.0 -9999.0 -9999.0 -9999.0 -9999.0 -9999.0 -9999.0 -9999.0 -9999.0 -9999.0 -9999.0 -9999.0 -9999.0 -9999.0 -9999.0 -9999.0 -9999.0 -9999.0 -9999.0 -9999.0 -9999.0 -9999.0 -9999.0
-9999.0 -9999.0 -9999.0 -9999.0 -9999.0 -9999.0 -9999.0 -9999.0 -9999.0 -9999.0 -9999.0 -9999.0 -9999.0 -9999.0 -9999.0 -9999.0 -9999.0 -9999.0 -9999.0 -9999.0 -9999.0 -9999.0 -9999.0 -9999.0 -9999.0 -9999.0 -9999.0 -9999.0 -9999.0 -9999.0 -9999.0 -9999.0 -9999.0 -9999.0 -9999.0 -9999.0 -9999.0 -9999.0 -9999.0 -9999.0 -9999.0 -9999.0 -9999.0 -9999.0 -9999.0 -9999.0 -9999.0 -502.273636 -506.825937 -512.461857 -514.172903 -508.018139 -505.904303 -504.141380 -503.336262 -502.696406 -501.193859
-9999.0 -9999.0 -9999.0 -9999.0 -9999.0 -9999.0 -9999.0 -9999.0 -9999.0 -9999.0 -9999.0 -9999.0 -9999.0 -9999.0 -9999.0 -9999.0 -9999.0 -9999.0 -9999.0 -9999.0 -9999.0 -9999.0 -9999.0 -9999.0 -9999.0 -9999.0 -9999.0 -9999.0 -9999.0 -9999.0 -9999.0 -9999.0 -9999.0 -9999.0 -9999.0 -9999.0 -9999.0 -9999.0 -9999.0 -9999.0 -505.376180 -503.232681 -501.283214 -504.194306 -505.033514 -504.109093 -506.886979 -510.404008 -514.133792 -512.646709 -512.654705 -516.036223 -512.202624 -509.407920 -509.082044 -509.007389 -506.826731
-9999.0 -9999.0 -9999.0 -9999.0 -9999.0 -9999.0 -9999.0 -9999.0 -9999.0 -9999.0 -9999.0 -9999.0 -9999.0 -9999.0 -9999.0 -9999.0 -9999.0 -9999.0 -9999.0 -9999.0 -9999.0 -9999.0 -9999.0 -9999.0 -9999.0 -9999.0 -9999.0 -9999.0 -9999.0 -9999.0 -9999.0 -9999.0 -9999.0 -9999.0 -512.178116 -508.310508 -507.065322 -505.989507 -503.887292 -505.257616 -506.469793 -504.623098 -506.338711 -506.118738 -507.902940 -511.481046 -515.017773 -516.855227 -514.013737 -514.761456 -514.933675 -513.198381 -512.507513 -512.794896 -510.664101 -506.749849 -510.011172
-9999.0 -9999.0 -9999.0 -9999.0 -9999.0 -9999.0 -9999.0 -9999.0 -9999.0 -9999.0 -9999.0 -9999.0 -9999.0 -9999.0 -9999.0 -9999.0 -9999.0 -9999.0 -9999.0 -9999.0 -9999.0 -9999.0 -9999.0 -9999.0 -9999.0 -9999.0 -9999.0 -9999.0 -505.486735 -507.057479 -508.222240 -508.052631 -508.626236 -511.046698 -511.956030 -512.007263 -510.348749 -507.355236 -507.331315 -508.204047 -508.244831 -509.238908 -511.667092 -511.778820 -508.757131 -510.889469 -511.591031 -512.856310 -516.915905 -517.980003 -515.799989 -513.926733 -512.547937 -512.809345 -513.384091 -514.388314 -514.972793
-9999.0 -9999.0 -9999.0 -9999.0 -9999.0 -9999.0 -9999.0 -9999.0 -9999.0 -9999.0 -9999.0 -9999.0 -9999.0 -9999.0 -9999.0 -9999.0 -9999.0 -9999.0 -9999.0 -9999.0 -9999.0 -9999.0 -9999.0 -507.580385 -506.121576 -505.722071 -504.504725 -505.282674 -508.639240 -510.655184 -511.480870 -512.199742 -514.004893 -514.360509 -514.724071 -514.066826 -513.855738 -510.663055 -513.183878 -514.899189 -511.979571 -512.923983 -510.724244 -508.190148 -508.690727 -507.939480 -512.348515 -515.639471 -512.020891 -510.763421 -511.287416 -512.579104 -512.053425 -511.354496 -510.480631 -508.391767 -505.556571
-9999.0 -9999.0 -9999.0 -9999.0 -9999.0 -9999.0 -9999.0 -9999.0 -9999.0 -9999.0 -9999.0 -9999.0 -9999.0 -9999.0 -9999.0 -9999.0 -9999.0 -9999.0 -9999.0 -506.668458 -507.199594 -508.239979 -507.963017 -511.346716 -512.827115 -512.097599 -510.561255 -511.676254 -513.539058 -515.104419 -514.938718 -514.787568 -515.324756 -513.219768 -511.702533 -511.616013 -512.838303 -510.578127 -510.402797 -509.353162 -505.380538 -508.510859 -511.368263 -512.847484 -512.971264 -513.959154 -511.469816 -510.846771 -510.937447 -511.764022 -512.263990 -512.154621 -512.527033 -510.069301 -508.288309 -507.425161 -506.960500
-9999.0 -9999.0 -9999.0 -9999.0 -9999.0 -9999.0 -9999.0 -9999.0 -9999.0 -9999.0 -9999.0 -9999.0 -9999.0 -9999.0 -9999.0 -9999.0 -506.331144 -506.650043 -507.954389 -510.136124 -511.957012 -512.088841 -510.896568 -513.395224 -514.324953 -513.978421 -515.226560 -514.250667 -513.167795 -511.815788 -511.298489 -513.179161 -513.158197 -513.811601 -514.538582 -514.460118 -511.877876 -509.706198 -510.016919 -508.641504 -505.312768 -507.928896 -508.876857 -508.759917 -510.488119 -509.851122 -504.609267 -506.399414 -510.009305 -504.927705 -502.775223 -504.959291 -506.582995 -504.160572 -500.538031 -496.446537 -488.734664
-9999.0 -9999.0 -9999.0 -9999.0 -9999.0 -9999.0 -9999.0 -9999.0 -9999.0 -9999.0 -9999.0 -9999.0 -9999.0 -505.928736 -506.268421 -506.093148 -509.451680 -511.962623 -513.532873 -515.739997 -513.367443 -515.365906 -516.131827 -515.884886 -513.809127 -514.017203 -514.047269 -512.934188 -513.760871 -514.764836 -515.760231 -517.565310 -516.177540 -514.899315 -514.334826 -512.529093 -511.599451 -511.351926 -509.691299 -510.353402 -509.438295 -510.781264 -513.230756 -513.888710 -512.595775 -508.325928 -505.880283 -506.344273 -501.070091 -496.140782 -495.160228 -492.551569 -492.215507 -491.597146 -488.222696 -476.329835 -463.837615
-9999.0 -9999.0 -9999.0 -9999.0 -9999.0 -9999.0 -9999.0 -9999.0 -9999.0 -9999.0 -510.215335 -508.601986 -510.971526 -515.503988 -517.518107 -516.709721 -515.874776 -517.708286 -517.881778 -513.638009 -511.457470 -516.003872 -513.372866 -513.619887 -515.721541 -515.602474 -514.821815 -515.134564 -512.921791 -513.394574 -514.030341 -510.286882 -509.988695 -509.652832 -508.966883 -508.387122 -508.504336 -503.958539 -500.564513 -502.901733 -497.208144 -493.865955 -498.289740 -500.066769 -500.057881 -497.090313 -492.032138 -484.435487 -479.126362 -470.207448 -462.416428 -457.431985 -453.243592 -445.928137 -434.817196 -415.682448 -387.713566
-9999.0 -9999.0 -9999.0 -9999.0 -9999.0 -9999.0 -9999.0 -9999.0 -516.365710 -513.882595 -512.357667 -514.346562 -516.981143 -521.848237 -520.185108 -518.647822 -517.719196 -516.198219 -515.674548 -515.377443 -516.968098 -515.855152 -513.449811 -514.697960 -514.808293 -513.413181 -513.957282 -513.036441 -511.371461 -513.657081 -513.468125 -512.467560 -511.760352 -511.254287 -510.494366 -510.993527 -506.829807 -501.401412 -495.973478 -492.171239 -485.667791 -476.499537 -478.967614 -478.430226 -479.333127 -469.161873 -456.897750 -440.133458 -415.896974 -391.762097 -363.666070 -343.075739 -321.758899 -274.205977 -193.614585 -159.887212 -133.307351
-9999.0 -9999.0 -9999.0 -9999.0 -9999.0 -9999.0 -519.832991 -514.511050 -511.966946 -518.285072 -523.062866 -524.619072 -527.437609 -521.359586 -516.100234 -515.368346 -514.891624 -514.286268 -515.269121 -519.488724 -511.889465 -514.854307 -517.213329 -515.430986 -516.265510 -516.702599 -515.921659 -513.461021 -513.421207 -508.324506 -505.708231 -503.970304 -500.575989 -499.327908 -498.071626 -496.944776 -490.345001 -481.050422 -470.192877 -460.034936 -447.667120 -427.150215 -416.804596 -410.983157 -404.283174 -392.195835 -363.518068 -298.230132 -187.230265 -135.253696 -109.550852 -96.978002 -81.662956 -57.799113 -26.971327 -8.763726 -0.657035
-9999.0 -9999.0 -9999.0 -9999.0 -516.311233 -515.318681 -516.678717 -512.174493 -509.085019 -516.847409 -514.154588 -515.546082 -518.085734 -521.231362 -525.012337 -522.724759 -521.568640 -520.945231 -521.990871 -514.821114 -509.062750 -514.730150 -512.510507 -507.172688 -509.817413 -510.062462 -510.865431 -509.592079 -506.720922 -503.515128 -493.142932 -485.043589 -481.244584 -476.017855 -471.455973 -464.942851 -453.326880 -433.153464 -404.781306 -371.987962 -321.473665 -220.778484 -169.064239 -150.763402 -138.526305 -125.972183 -106.682075 -70.191304 -25.613775 0.008267 0.034528 0.046773 0.047766 0.054413 0.060922 0.068392 0.074529
-9999.0 -9999.0 -9999.0 -519.275462 -514.098267 -512.512530 -515.674835 -515.208390 -511.511432 -515.937329 -516.899037 -517.809115 -518.435768 -518.583582 -519.214503 -518.107281 -518.196072 -519.714315 -519.267876 -515.773992 -515.450592 -513.580873 -512.891615 -510.896069 -509.139021 -509.363856 -509.007356 -506.418364 -497.478214 -489.720118 -474.818132 -453.348385 -430.406545 -412.905722 -400.502106 -382.241556 -357.591906 -278.044956 -180.498901 -127.904994 -85.412884 -40.704156 -11.026392 -1.528202 0.010467 0.013084 0.024553 0.038147 0.047858 0.063081 0.092505 0.129067 0.154381 0.156278 0.211754 2.198984 11.323473
-9999.0 -9999.0 -517.871829 -515.014571 -517.634029 -514.330555 -510.685880 -514.583435 -510.133155 -509.114551 -514.877464 -512.406253 -511.460054 -515.297559 -513.891876 -512.269232 -511.511346 -515.706138 -519.204384 -515.667458 -506.940713 -501.644175 -502.159806 -485.286184 -478.633622 -474.440313 -474.559303 -468.236516 -458.444781 -432.702841 -397.005090 -343.193557 -227.260631 -166.468335 -146.055577 -130.802540 -107.103092 -72.869730 -28.010918 -1.588922 0.030882 0.049985 0.069539 0.079445 0.071139 0.080670 0.102220 0.135605 0.218643 8.255907 24.369175 25.603155 24.542448 24.918591 25.499983 24.621219 24.962360
-9999.0 -9999.0 -521.333657 -516.440654 -520.616398 -513.306323 -506.763465 -515.443214 -514.366973 -507.767544 -510.872897 -511.098836 -513.662169 -514.822334 -512.976529 -507.645475 -511.448193 -512.773981 -520.917529 -506.938023 -497.855727 -482.954105 -451.228742 -421.415772 -400.034750 -399.680309 -399.582215 -388.725930 -360.840685 -250.776163 -162.688182 -102.796561 -43.663796 -10.231615 0.005169 0.021057 0.034286 0.049116 0.056691 0.089314 0.116992 0.166051 3.538657 19.548800 24.751154 24.434010 25.450394 24.307112 25.185067 24.446161 24.874129 20.770638 20.706010 20.877410 21.329062 17.371894 11.204051
-9999.0 -522.004334 -519.740677 -520.027979 -515.388355 -518.167229 -513.513523 -506.450839 -508.829843 -507.412991 -509.158230 -516.806039 -503.845664 -493.681323 -492.378506 -483.101671 -488.710592 -491.604665 -500.904593 -490.889114 -474.706862 -419.510098 -275.804498 -178.533046 -143.195007 -140.683595 -147.449938 -138.069501 -112.311257 -60.665081 -5.244767 0.034815 0.072113 0.134382 0.192553 0.144183 0.302836 12.165579 28.070845 29.120915 29.581013 29.898200 24.996934 24.370970 25.433119 25.107730 21.502680 16.416635 8.890554 3.772604 0.678622 0.262225 0.424316 1.159942 2.293200 0.439125 0.310727
-9999.0 -529.693587 -519.944637 -514.417064 -517.543656 -523.118695 -511.055479 -492.376604 -503.876651 -509.017140 -513.636122 -507.343688 -480.347799 -456.965664 -437.071170 -413.606143 -417.081820 -426.799453 -428.790007 -410.486320 -362.145543 -217.724844 -78.088881 0.015752 0.023422 0.036290 0.037345 0.052406 0.079410 0.119275 0.236162 17.055071 19.243806 19.004697 19.088729 19.170098 18.883878 19.156131 15.309526 12.001062 7.401468 7.500113 10.632301 10.470037 7.994509 5.349857 0.769866 0.358472 0.310025 0.277147 0.281573 0.254208 0.234257 0.346850 0.268124 0.243342 0.204416
-9999.0 -521.513410 -510.137907 -513.707878 -524.332827 -512.183971 -509.619310 -499.741503 -494.552330 -504.007231 -497.544989 -463.223895 -406.311966 -313.469406 -197.602644 -161.059609 -150.746960 -160.612294 -152.269079 -121.710276 -71.209866 -0.540759 0.051814 1.182097 6.695999 6.682513 6.633446 6.575608 6.507523 6.427478 6.338347 4.398397 8.629430 10.537007 9.276479 6.482634 2.053042 0.371125 0.314393 0.282604 0.220893 0.206006 0.281565 0.469689 0.310147 0.292022 0.262606 0.246946 0.233370 0.211100 0.213669 0.200617 0.224273 0.194490 0.202447 0.185172 0.141625
-9999.0 -534.593637 -518.580508 -533.017816 -515.044469 -500.428705 -507.186242 -489.679310 -472.412167 -478.865908 -436.534586 -348.112806 -174.339279 -78.048259 -23.081209 0.025129 0.048156 0.068751 0.115522 0.668897 3.345676 15.150933 15.075646 15.144349 6.696080 6.701483 0.623945 0.210485 0.180883 0.147575 0.165644 0.212809 0.237632 0.365136 0.191952 0.276330 0.329241 0.253663 0.257685 0.208450 0.183668 0.155882 0.132384 0.269078 0.185384 0.207258 0.182615 0.165521 0.152279 0.143058 0.129550 0.117587 0.130565 0.108962 0.133872 0.109353 0.065319
-9999.0 -543.699576 -532.964858 -525.184085 -509.533574 -499.508346 -491.623648 -473.377494 -433.034710 -410.406168 -331.122859 -196.949119 -66.794993 0.042433 0.160621 0.474554 7.544346 7.542226 7.538765 0.963725 0.086109 0.073345 0.106009 0.166954 0.213501 0.351329 0.205556 0.174988 0.161228 0.190649 0.164885 0.171890 0.161123 0.138102 0.096827 0.120771 0.214294 0.138137 0.124045 0.118034 0.114974 0.102726 0.097157 0.099893 0.096572 0.123754 0.098682 0.086160 0.078083 0.072685 0.063412 0.056441 0.062599 0.055561 0.046769 0.030278 -13.383611
-9999.0 -564.129612 -528.616375 -525.021615 -515.998772 -514.652676 -514.870993 -500.906189 -483.359129 -407.065135 -216.693423 -141.700316 -59.405052 -7.720642 0.047270 0.177818 0.292782 0.067734 0.048693 0.041441 0.047748 0.065455 0.073331 0.089475 0.109211 0.162648 0.153917 0.125100 0.096771 0.086232 0.086954 0.066792 0.053564 0.062427 0.045772 0.062836 0.089870 0.057619 0.047134 0.035467 0.026711 0.020494 0.019769 0.028841 0.029814 0.026205 0.017288 -1.083172 -16.191209 -42.058689 -66.696546 -81.924783 -93.976360 -106.519647 -119.055237 -134.260108 -175.810311
-9999.0 -9999.0 -545.157664 -524.391191 -522.660854 -520.584746 -519.571443 -507.354691 -498.495167 -454.643086 -412.828029 -347.165497 -219.584305 -150.973604 -102.899289 -66.054741 -53.236303 -34.119351 -48.829584 -35.663045 -13.060379 -2.944367 0.008931 0.018556 0.027765 0.033733 0.048384 0.043753 0.031512 0.003676 -20.271831 -52.532313 -76.057412 -87.691715 -80.573521 -69.234734 -72.321553 -80.317567 -91.392284 -103.985319 -113.578773 -123.380043 -125.500682 -124.143542 -123.663633 -125.637885 -129.956433 -144.026111 -171.383420 -235.236113 -290.030432 -315.418895 -331.950382 -350.763833 -366.111442 -381.098049 -404.107027
-9999.0 -9999.0 -567.499817 -535.092973 -521.263257 -511.713582 -514.720106 -515.052924 -495.325478 -491.102187 -483.299362 -466.955612 -442.057821 -416.148793 -390.221533 -344.534007 -310.913578 -289.494561 -290.138959 -262.153625 -184.917276 -152.869526 -141.152315 -133.012905 -125.091341 -117.770789 -110.978001 -120.193508 -129.659978 -147.276005 -185.596998 -273.603455 -324.305955 -339.743499 -330.763849 -313.597394 -321.858561 -340.494790 -360.094172 -377.614089 -388.897119 -398.944986 -401.648881 -402.207636 -402.007481 -403.831164 -406.683185 -415.097093 -426.333274 -436.900336 -444.050900 -448.713030 -450.434599 -454.608829 -459.210381 -460.704571 -467.918466
-9999.0 -9999.0 -9999.0 -564.137641 -543.971227 -528.461015 -522.963180 -532.606395 -527.775477 -517.897526 -512.191830 -502.803199 -498.147800 -493.221715 -486.132443 -473.110070 -465.995301 -465.556113 -469.780294 -451.382208 -440.843854 -422.968245 -408.402956 -402.866728 -393.553654 -382.817075 -379.641078 -387.983055 -395.987340 -408.127002 -425.158460 -444.535660 -454.404061 -454.042728 -453.453085 -450.180219 -453.120030 -455.450020 -460.976647 -465.920615 -470.611790 -474.079558 -474.637078 -475.826676 -476.182129 -477.130416 -477.785769 -480.002330 -482.644018 -485.523291 -488.144787 -488.294673 -488.586358 -489.400311 -490.441856 -490.559924 -490.805419
