tests/Borden05m/data_simulated/sim_1/output-maps/psiliqL0023N0006.asc
ncols         160
nrows         34
xllcorner     620200.000000
yllcorner     5168000.000000
cellsize      0.500000
NODATA_value  -9999.0
[rows 0 to 24 of 34, columns 55 to 109 of 160]
-9999.0 -9999.0 -9999.0 -9999.0 -9999.0 -9999.0 -9999.0 -9999.0 -9999.0 -9999.0 -9999.0 -9999.0 -9999.0 -9999.0 -9999.0 -9999.0 -9999.0 -9999.0 -9999.0 -9999.0 -9999.0 -9999.0 -9999.0 -9999.0 -9999.0 -9999.0 -9999.0 -9999.0 -9999.0 -9999.0 -9999.0 -9999.0 -9999.0 -9999.0 -9999.0 -9999.0 -9999.0 -9999.0 -9999.0 -9999.0 -9999.0 -9999.0 -9999.0 -9999.0 -9999.0 -9999.0 -9999.0 -9999.0 -9999.0 -9999.0 -9999.0 -9999.0 -9999.0 -9999.0 -9999.0
-9999.0 -9999.0 -9999.0 -9999.0 2802.333942 2796.998245 2792.137005 2787.994328 2814.860688 2806.081292 2798.689167 2795.161144 2794.660291 2794.441778 2794.473154 2800.014228 2808.608866 2816.699322 2823.965000 2785.297273 2787.096982 2788.998068 2789.257283 2788.076438 2785.387270 2825.675283 2822.559259 2821.191099 2813.952027 2803.027101 2794.822043 2792.275177 2796.585084 2800.957385 2803.404820 2808.617543 2818.846903 2829.173489 2793.138287 2804.345528 2811.051532 2816.341884 2819.026524 2815.034762 2811.737249 2807.849228 2802.516193 2791.460851 -9999.0 -9999.0 -9999.0 -9999.0 -9999.0 -9999.0 -9999.0
2782.115198 2801.137051 2786.746302 2789.884567 2814.173362 2809.359852 2806.563415 2805.248477 2801.117110 2793.120022 2788.566084 2783.700720 2781.808836 2782.424280 2782.964173 2787.353324 2798.589119 2806.957348 2812.052135 2815.417206 2818.557565 2817.571512 2817.143455 2817.187063 2814.532660 2810.998663 2807.854228 2806.301102 2807.809002 2800.483213 2794.829951 2791.200446 2788.596363 2791.199058 2793.901109 2798.131344 2807.150556 2814.791220 2822.614294 2791.004613 2802.763589 2808.348533 2805.835856 2801.199700 2798.026621 2791.357772 2822.442420 2812.224428 2803.686077 2796.896225 2790.740693 2783.565783 2788.888473 2795.455372 2803.939132
2767.429071 2787.313181 2808.586837 2811.641994 2801.159740 2793.625052 2787.667256 2788.647836 2792.486245 2789.813555 2785.678415 2779.116892 2789.226105 2790.863417 2792.308881 2796.229863 2799.221360 2804.498646 2807.471466 2813.189341 2822.281838 2825.284747 2826.012870 2826.368737 2824.700954 2821.720854 2820.085532 2817.609973 2812.660191 2811.310882 2811.349993 2810.470275 2814.750793 2815.510975 2818.923931 2813.169254 2817.180242 2823.005762 2828.753003 2834.583370 2790.473879 2792.715133 2789.472138 2790.372049 2828.488865 2814.357321 2804.094325 2795.976278 2795.159835 2791.405661 2782.618226 2768.123675 2775.074074 2789.963242 2793.659454
2775.344579 2785.032886 2796.398729 2799.536438 2794.965964 2797.508051 2799.845519 2801.761202 2800.650096 2797.949759 2794.817601 2806.228717 2814.347279 2816.304224 2819.522920 2824.291580 2826.706578 2816.370146 2814.743208 2822.452010 2831.348931 2836.701408 2837.138769 2837.134422 2834.137602 2833.330352 2833.421947 2831.886183 2832.004804 2834.078580 2832.479969 2836.043382 2841.739576 2788.793645 2839.211245 2830.492603 2832.216124 2840.326618 2792.955663 2799.788850 2809.440586 2820.362984 2820.399642 2815.727559 2807.812451 2795.888523 2823.798608 2805.241633 2793.189262 2784.330967 2776.137532 2777.302578 2771.759084 2783.767153 2784.362387
2768.661905 2789.142933 2809.096343 2815.943545 2810.622737 2807.287763 2806.433375 2807.848279 2807.924594 2809.773969 2820.142341 2833.070763 2790.841537 2792.130479 2793.966094 2793.540751 2844.339778 2834.497891 2832.085640 2846.099701 2802.296449 2809.334256 2808.986822 2805.391189 2809.267456 2808.987400 2808.936363 2805.197431 2806.171150 2804.591004 2810.964318 2818.569706 2826.286870 2824.109564 2812.558232 2800.484585 2800.127320 2805.010454 2810.441535 2817.732189 2827.927394 2837.229292 2832.454527 2826.982217 2819.197894 2793.857741 2827.671313 2812.968459 2810.829533 2810.132690 2805.411807 2801.934638 2799.111427 2793.001567 2791.877621
2811.969174 2832.331399 2799.393683 2812.107461 2805.892290 2798.185650 2789.262257 2789.425833 2790.277619 2796.435994 2807.175734 2820.731665 2841.982441 2841.992339 2842.879534 2842.358112 2830.583313 2817.585516 2807.332681 2828.314519 2838.268248 2845.607143 2843.907122 2849.992715 2858.820039 2854.982307 2848.285176 2836.639115 2842.352802 2849.988589 2865.028821 2872.628699 2877.535886 2873.737374 2860.551805 2854.076871 2854.949626 2860.455777 2860.846740 2868.569736 2877.706771 2892.693889 2891.656913 2887.195663 2866.957020 2830.321845 2801.715685 2852.419528 2797.790813 2791.951548 2844.516161 2842.160790 2828.864309 2819.410328 2821.061327
2795.230479 2808.641626 2824.364896 2840.986380 2832.882439 2822.495694 2806.651497 2803.999277 2808.762580 2818.676982 2836.248960 2855.043781 2875.559900 2876.244196 2871.747084 2881.000420 2874.351520 2863.887592 2856.194975 2875.099929 2885.513408 2895.692196 2902.209346 2914.751931 2925.354217 2910.465243 2894.621812 2885.453501 2892.003657 2916.101660 2937.188459 2942.004975 2941.562623 2941.762836 2927.997008 2922.805588 2918.707274 2917.818964 2914.508871 2912.179506 2935.827132 2956.196759 2955.749475 2934.040955 2911.323069 2873.146822 2835.827256 2810.842502 2820.096663 2817.170333 2820.475874 2809.519806 2797.203137 2788.905369 2845.926984
2848.704108 2871.616373 2888.627118 2909.709143 2902.721447 2881.046936 2866.830915 2869.740431 2882.825872 2890.424537 2907.865695 2926.293921 2953.128580 2967.108757 2979.866609 2975.384571 2976.421698 2967.838337 2955.586390 2959.106532 2981.215079 2983.856672 2992.425904 3001.228038 3013.689438 3015.184498 3009.248202 3007.683648 3011.708282 3023.592860 3036.662393 3043.323087 3046.878788 3050.138750 3039.202387 3027.020480 3024.077009 3017.955228 3015.548965 3014.492352 3024.018701 3042.504246 3039.822680 3006.158787 2979.916476 2954.500211 2916.955052 2887.568691 2879.161818 2895.467141 2891.854102 2875.590603 2863.411207 2835.833018 2829.199741
2921.580591 2954.649513 2979.266188 2981.936599 2990.144441 2977.348341 2975.788117 2979.569090 2987.332873 2990.541138 2996.936240 3028.900982 3062.452798 3088.012144 3110.746457 3117.870982 3106.058033 3096.226578 3083.035923 3074.048811 3083.399638 3099.703597 3116.986299 3131.948703 3143.160425 3145.557311 3144.050457 3144.139997 3146.955322 3149.905595 3153.865710 3161.745703 3169.242528 3177.519689 3186.188263 3176.864717 3160.687998 3150.835748 3140.878632 3139.267215 3140.156112 3142.921502 3143.948327 3129.571905 3090.412786 3060.147255 3028.640858 3007.555814 2993.184345 2990.618039 2981.339123 2957.949944 2908.368696 2871.193242 2839.627493
3001.518012 3043.970228 3072.928658 3090.962168 3103.795686 3101.768335 3103.424880 3104.515761 3108.433130 3111.151594 3114.574321 3140.111842 3179.744010 3218.245349 3248.851427 3249.407935 3236.503711 3225.311446 3215.883524 3202.279439 3198.421072 3209.940825 3224.356159 3243.662337 3254.242948 3261.051646 3258.293869 3258.545023 3260.039497 3262.291792 3264.338552 3267.595368 3276.660237 3291.010594 3304.811834 3304.372505 3286.685344 3269.019116 3252.828792 3249.478657 3246.415514 3241.460712 3243.511281 3245.346353 3231.554016 3201.970768 3164.119237 3123.815421 3105.532348 3089.632144 3078.928589 3062.781451 3026.279662 2973.139234 2936.231455
3115.492069 3147.710371 3175.712830 3205.595047 3220.916657 3224.022586 3221.851977 3221.107948 3227.978866 3231.241727 3237.618244 3253.965630 3284.153490 3318.039902 3346.909866 3362.526045 3355.464515 3338.563318 3317.351440 3308.442374 3305.836330 3309.102695 3318.000426 3329.865993 3348.530075 3367.195041 3372.836529 3373.684878 3371.086935 3373.391863 3374.856714 3374.954595 3377.500950 3385.262390 3394.585060 3397.804928 3390.636195 3370.669008 3347.934468 3336.078339 3329.252826 3325.722096 3326.239033 3330.751152 3333.410893 3319.424708 3285.477814 3242.718167 3212.511318 3196.402914 3183.402452 3170.544528 3158.824565 3129.340423 3109.486172
3222.389766 3237.036492 3264.383517 3292.456090 3315.142078 3329.967983 3330.891459 3334.265748 3338.900685 3346.561831 3361.572808 3383.890671 3401.860891 3423.286781 3448.764513 3464.251527 3469.534719 3468.212437 3464.660843 3465.960390 3466.276004 3409.883960 3415.571241 3421.231259 3436.583978 3450.682369 3455.734688 3456.307414 3454.023110 3455.718974 3456.406291 3456.342811 3455.975846 3457.887253 3462.446845 3464.189502 3462.035147 3450.484563 3466.079868 3446.656031 3433.526662 3425.499497 3417.414902 3409.190215 3399.844621 3390.141312 3371.030401 3341.179814 3307.376782 3285.182780 3276.913070 3271.030565 3263.208430 3257.875090 3241.575601
3320.215484 3330.742960 3348.274141 3370.320845 3402.833857 3425.288642 3436.387400 3445.442322 3450.042969 3463.578652 3479.539823 3465.398010 3472.883237 3480.629077 3488.325382 3490.968359 3491.725101 3491.375915 3489.019955 3488.321929 3486.042162 3482.378934 3472.108828 3473.696982 3475.565234 3478.160565 3481.850240 3480.707305 3481.782045 3484.724971 3483.013996 3477.082171 3473.101306 3471.529856 3472.431535 3479.797801 3483.216062 3484.142165 3481.187878 3480.302535 3479.405036 3476.341049 3472.515718 3467.123128 3460.224942 3473.066894 3461.457608 3434.444446 3395.740384 3356.020208 3347.505829 3348.438485 3348.625314 3347.061419 3341.609860
3441.032237 3454.259167 3468.595887 3449.670112 3469.797061 3480.097642 3484.914021 3488.737222 3491.444883 3494.209242 3491.163699 3488.091382 3483.261426 3481.764314 3480.436424 3478.021528 3478.661463 3476.777716 3472.762510 3468.838901 3461.177029 3449.799896 3438.628397 3435.258889 3439.611765 3445.120365 3450.121288 3454.344391 3457.989895 3458.185427 3452.861773 3444.567731 3437.131569 3435.436255 3442.224964 3447.920640 3454.208069 3455.044726 3453.659121 3451.260333 3451.097453 3447.977452 3448.236677 3455.182839 3469.624178 3472.861133 3478.178483 3477.421237 3462.422733 3435.264360 3443.591316 3423.883734 3429.559584 3425.091081 3413.903435
3482.736309 3485.232800 3483.763753 3482.551405 3476.272849 3470.294320 3469.545931 3473.544990 3480.554350 3481.673402 3474.683797 3466.223657 3459.111827 3451.868043 3449.609998 3448.963868 3448.674695 3449.136083 3443.892161 3434.906994 3418.281751 3406.778540 3395.743457 3389.824790 3386.385617 3390.104802 3401.074966 3412.769715 3417.726354 3408.906698 3400.658436 3389.091871 3381.059737 3381.475880 3382.715160 3392.095253 3408.374919 3415.365506 3416.118947 3409.881304 3403.728695 3397.192885 3394.280101 3400.714679 3415.847826 3432.236211 3447.407874 3456.312727 3463.907920 3470.865119 3470.170922 3472.640594 3473.999537 3472.080891 3474.385999
3476.871775 3470.000563 3463.143242 3457.945984 3451.537545 3446.232772 3444.473957 3446.491755 3448.645317 3444.753065 3438.412789 3428.508879 3417.643210 3408.073167 3400.813052 3401.858467 3404.231563 3405.823274 3398.788799 3383.735880 3366.207862 3352.872005 3339.122606 3335.252823 3329.601763 3322.592965 3332.775858 3352.000684 3359.162693 3343.583774 3332.926255 3317.967353 3311.286783 3307.458707 3308.352424 3317.311327 3339.255247 3362.432580 3364.320667 3353.563486 3342.886538 3338.090523 3334.905787 3339.711810 3356.476810 3376.883057 3392.564456 3402.706148 3407.986608 3415.728164 3425.045419 3438.866536 3453.294919 3465.321543 3470.603246
3452.153565 3444.465625 3436.892809 3429.389631 3422.595745 3416.525647 3412.357260 3410.472891 3406.879234 3400.947235 3394.092504 3374.771181 3362.618872 3350.110787 3335.652745 3332.039200 3327.746132 3329.084731 3317.835216 3309.648189 3293.036873 3277.872434 3262.450803 3249.747587 3244.109352 3237.640604 3236.975016 3250.754739 3259.274465 3249.192962 3239.453095 3228.497113 3223.734091 3220.390277 3222.745950 3233.098033 3252.968350 3271.229567 3279.294724 3271.771737 3269.717868 3269.182871 3267.520193 3273.512496 3284.662039 3302.625838 3324.458804 3342.638028 3352.208642 3359.037156 3368.217675 3382.412888 3396.308740 3410.400496 3428.048332
3421.956753 3412.823682 3403.096232 3393.613932 3383.356070 3373.072307 3366.844294 3369.442806 3363.554052 3358.048390 3336.882707 3283.689554 3263.493279 3245.110054 3229.408681 3223.181725 3215.240815 3200.744757 3192.273274 3187.676571 3188.589441 3174.631532 3158.056882 3140.832291 3136.034332 3132.503504 3116.599259 3113.531768 3114.507631 3128.821469 3122.604031 3120.651290 3121.919286 3119.507182 3121.058776 3133.870699 3142.135822 3148.207769 3154.722176 3158.368764 3168.079263 3174.866622 3183.767248 3200.310294 3211.205374 3226.468225 3246.534962 3271.387879 3286.114548 3295.293711 3305.464757 3320.486548 3336.425584 3353.808203 3375.890858
3387.838433 3372.011491 3357.853216 3343.903398 3331.535803 3319.077552 3304.066458 3306.088172 3304.066011 3294.476953 3242.325615 3201.868169 3169.508048 3152.683824 3129.830552 3117.116977 3102.162769 3066.113867 3049.585028 3048.633457 3062.270319 3058.142366 3042.917791 3030.978980 3021.996181 3013.234647 2996.418664 2979.277047 2985.193315 3002.731920 3002.919191 3005.544477 3012.840046 3012.119627 3005.851504 3004.247037 3016.446770 3022.098866 3032.820132 3049.233150 3053.715489 3068.487397 3100.576492 3113.043977 3127.557662 3145.631637 3165.673914 3186.590917 3208.222439 3221.646402 3236.251694 3254.260215 3270.509622 3290.449762 3312.736588
3338.397448 3308.307311 3287.900698 3271.110244 3252.769117 3227.338620 3207.783088 3206.004259 3200.224748 3173.285234 3123.271367 3087.823272 3064.211810 3043.085518 3020.649645 2998.503951 2972.240070 2938.546793 2917.355823 2931.864851 2942.754037 2953.033852 2941.548535 2930.762026 2921.325181 2904.112839 2887.670023 2872.066695 2882.771814 2891.407120 2908.879430 2915.283450 2919.165777 2924.561474 2923.121074 2913.181720 2909.399700 2917.378601 2927.081270 2938.577304 2958.558043 2984.099778 3007.974635 3025.333069 3045.059667 3063.064499 3083.843958 3106.128985 3127.948219 3144.092292 3161.734179 3178.992012 3199.191289 3217.979478 3240.546407
3261.154550 3233.595856 3207.867551 3185.513316 3156.023902 3111.642602 3098.050137 3089.852230 3070.057254 3025.129045 2984.479463 2971.440944 2957.669554 2934.921113 2914.218333 2887.108807 2854.520614 2832.855637 2812.895942 2823.160536 2833.350728 2852.529651 2843.690151 2836.608333 2833.464064 2818.455550 2805.299223 2789.277347 2795.802921 2807.673677 2830.278902 2836.012753 2840.038195 2849.068810 2848.225666 2843.784776 2827.261967 2834.033916 2844.482828 2857.851602 2887.903486 2909.982227 2932.035514 2953.094043 2971.881040 2984.723806 3006.095856 3028.274549 3053.396127 3071.968698 3090.053877 3110.670935 3129.210163 3143.458938 3159.725170
3156.427164 3132.948027 3113.770619 3090.516341 3049.799131 3007.212140 2977.414340 2953.015103 2903.566123 2870.522726 2849.048677 2846.875193 2834.739798 2815.489570 2798.018227 2849.943705 2826.695074 2806.371267 2780.405402 2784.553240 2798.940398 2814.670735 2814.248869 2813.881339 2811.556142 2801.487161 2787.593399 2773.677021 2777.216306 2794.024610 2811.969123 2821.951711 2829.931397 2838.181978 2838.618396 2830.209999 2821.310868 2827.228650 2843.422745 2796.495370 2813.108946 2833.250355 2852.747783 2872.351451 2893.983685 2915.612136 2937.726269 2961.685887 2979.908667 2999.713823 3022.153912 3045.259485 3061.163021 3069.450351 3077.228159
3056.357593 3037.593192 3015.313302 2989.215131 2956.807516 2917.983746 2878.272051 2834.035233 2802.951904 2848.441743 2838.659358 2821.327558 2805.915698 2789.540812 2768.208913 2752.236388 2736.429745 2714.328362 2702.522109 2708.718951 2721.303276 2729.069684 2734.717154 2731.949813 2729.064613 2722.826888 2708.636534 2703.546788 2713.265552 2728.447401 2742.360758 2753.968031 2761.169000 2766.828591 2764.364885 2755.963393 2753.427388 2762.407743 2778.529556 2791.484489 2807.253469 2828.715190 2791.971764 2811.792479 2832.543636 2853.461669 2876.779181 2900.800676 2925.432389 2951.197137 2972.566753 2983.351141 2991.040745 2999.484540 2999.037690
2943.923690 2932.564880 2907.828058 2881.386529 2853.074314 2820.607469 2797.640611 2834.085395 2803.084129 2774.257298 2747.419687 2733.265590 2725.340858 2711.031008 2692.991101 2681.107499 2664.897562 2653.369425 2658.065797 2658.826778 2666.579485 2664.475085 2664.878258 2661.964033 2660.951030 2658.214620 2651.370193 2662.528919 2669.187118 2682.720062 2692.886705 2702.723523 2708.816210 2712.775294 2714.183224 2710.232247 2716.401030 2723.211548 2737.551291 2749.195596 2763.472414 2783.955111 2800.184272 2819.515862 2790.984339 2811.979411 2833.897393 2858.102603 2884.573936 2907.802182 2924.483213 2930.194011 2938.403743 2939.367208 2928.015765
