tests/Borden05m/data_simulated/sim_1/output-maps/psiliqL0000N0009.asc
ncols         160
nrows         34
xllcorner     620200.000000
yllcorner     5168000.000000
cellsize      0.500000
NODATA_value  -9999.0
[rows 0 to 24 of 34, columns 56 to 111 of 160]
-9999.0 -9999.0 -9999.0 -9999.0 -9999.0 -9999.0 -9999.0 -9999.0 -9999.0 -9999.0 -9999.0 -9999.0 -9999.0 -9999.0 -9999.0 -9999.0 -9999.0 -9999.0 -9999.0 -9999.0 -9999.0 -9999.0 -9999.0 -9999.0 -9999.0 -9999.0 -9999.0 -9999.0 -9999.0 -9999.0 -9999.0 -9999.0 -9999.0 -9999.0 -9999.0 -9999.0 -9999.0 -9999.0 -9999.0 -9999.0 -9999.0 -9999.0 -9999.0 -9999.0 -9999.0 -9999.0 -9999.0 -9999.0 -9999.0 -9999.0 -9999.0 -9999.0 -9999.0 -9999.0 -9999.0 -9999.0
-9999.0 -9999.0 -9999.0 -513.961492 -515.055618 -515.727268 -515.997475 -517.489402 -518.561578 -519.936176 -520.038145 -519.789879 -520.064441 -520.746486 -520.025066 -519.135728 -518.421913 -517.294094 -517.683581 -517.622673 -517.175756 -517.048292 -517.233678 -517.745910 -518.023079 -518.373277 -517.599065 -519.236165 -521.378594 -523.019776 -523.315731 -521.783090 -520.945823 -521.236771 -520.543334 -518.936476 -517.661446 -517.484304 -515.932485 -516.545675 -515.979853 -514.774344 -515.693404 -515.776850 -515.425841 -514.791544 -517.244147 -9999.0 -9999.0 -9999.0 -9999.0 -9999.0 -9999.0 -9999.0 -9999.0 -9999.0
-517.992756 -514.911340 -515.335486 -520.502184 -520.834939 -520.791983 -520.416864 -520.976830 -522.678100 -522.972760 -524.286325 -524.873337 -525.039915 -525.644968 -525.313727 -523.149675 -521.665915 -521.346300 -521.824918 -522.113395 -522.680060 -523.048701 -522.902113 -523.401731 -523.833314 -524.302166 -524.045960 -522.457046 -524.051351 -524.805062 -525.617076 -526.564612 -526.280754 -526.057237 -526.038826 -524.047324 -523.474304 -523.195859 -520.605940 -518.190228 -517.675639 -518.799427 -519.892362 -519.384697 -519.211558 -520.016296 -520.760052 -520.328380 -520.612418 -520.663694 -521.621221 -520.125496 -520.372192 -518.851820 -517.665265 -516.284882
-522.454921 -518.778808 -519.198946 -522.984288 -525.169285 -525.773066 -525.202489 -523.485605 -524.027835 -525.330489 -527.427536 -525.176896 -525.559319 -525.831017 -525.491469 -524.795469 -524.539959 -524.256995 -523.870084 -521.966411 -522.244604 -522.462818 -522.347697 -522.660284 -523.252526 -523.111856 -523.389536 -525.065086 -524.735363 -524.296256 -524.712924 -523.063182 -523.016236 -522.006618 -525.009182 -524.606535 -524.080394 -523.821344 -523.753947 -523.608387 -523.182130 -524.493775 -523.411987 -524.185271 -526.138352 -526.290885 -525.736437 -523.555648 -522.393779 -523.404926 -527.492300 -525.354860 -520.904051 -521.470309 -522.428444 -520.474920
-525.015699 -524.538717 -525.221710 -526.771803 -525.090300 -523.749272 -522.912149 -523.630354 -525.120447 -527.006598 -523.468998 -522.185375 -523.148696 -522.801936 -521.761712 -521.653279 -526.164088 -527.360663 -525.764152 -524.153464 -523.551305 -524.468224 -524.906670 -525.699506 -525.635507 -525.068855 -525.485865 -524.763719 -524.213934 -525.123853 -524.089244 -522.885859 -521.607863 -524.348415 -526.797993 -526.639993 -524.617723 -523.265064 -522.757486 -520.857399 -517.616741 -518.206082 -518.789838 -518.767458 -518.573509 -522.102632 -525.420350 -526.662408 -527.155569 -528.129612 -527.142263 -527.947000 -524.331180 -524.717366 -525.419221 -523.844524
-528.672238 -524.560324 -523.697416 -526.155806 -527.360451 -527.837671 -527.409866 -527.949985 -528.019670 -525.018344 -523.674090 -521.054798 -522.418188 -522.434815 -522.546041 -525.460994 -527.563014 -529.102065 -524.623002 -521.225223 -520.300495 -521.484770 -522.493471 -519.234652 -520.178630 -520.463509 -522.358359 -521.705015 -522.241190 -518.990722 -517.905965 -516.204253 -516.892086 -520.120961 -522.808633 -522.875002 -522.623488 -523.120537 -522.546597 -520.727920 -518.273281 -520.319751 -520.878672 -520.041412 -525.352645 -529.340257 -530.436803 -526.792681 -524.703033 -524.920161 -524.454574 -524.138501 -526.513584 -525.872541 -525.587918 -526.830110
-520.872449 -518.944739 -515.099468 -517.962106 -519.731477 -523.122996 -522.680201 -522.379668 -521.436723 -520.222695 -517.658633 -512.098420 -513.816220 -513.620829 -511.575303 -514.734880 -517.568373 -522.237963 -517.135235 -516.375537 -515.023124 -515.580457 -511.734801 -508.251159 -510.316275 -513.073945 -516.558993 -514.489801 -510.108000 -506.137809 -505.466532 -505.149490 -504.307770 -507.218836 -507.723463 -508.210274 -507.804158 -509.978209 -510.114759 -507.262172 -501.962494 -501.334470 -503.657358 -508.299402 -515.483154 -521.995279 -525.391532 -520.267436 -521.551987 -522.017997 -520.931135 -523.619879 -525.042082 -522.223889 -524.361445 -526.054473
-520.600101 -518.904627 -514.697661 -516.760985 -520.156159 -523.844996 -523.759831 -521.590175 -520.779970 -516.752604 -511.119303 -504.741454 -501.361501 -497.782460 -493.459630 -496.854958 -500.128043 -503.931252 -503.298343 -498.994089 -494.789035 -489.074899 -481.637621 -473.612457 -474.637079 -477.715617 -477.704456 -476.336750 -469.342443 -462.904604 -460.338610 -458.557123 -454.591718 -456.896169 -461.296905 -466.355800 -471.531894 -476.183621 -480.217125 -474.579043 -468.332070 -469.985383 -483.478885 -494.043059 -503.458673 -511.961764 -521.483500 -521.031965 -519.035754 -517.025969 -520.355044 -521.522247 -524.332093 -524.572977 -523.797203 -527.302114
-502.170182 -497.514786 -491.617920 -488.966786 -495.114748 -495.769377 -493.574662 -489.064083 -487.290608 -481.220579 -465.350826 -441.087611 -408.228234 -359.557716 -350.844073 -368.649833 -393.796362 -419.322092 -429.535719 -414.795988 -389.491923 -353.194219 -336.979456 -331.344385 -328.081462 -328.054114 -327.934154 -327.295253 -326.804591 -325.373926 -323.392722 -321.269322 -318.547518 -317.290404 -320.428730 -323.359331 -326.481623 -329.384398 -329.916441 -331.096107 -329.398396 -330.200244 -341.531566 -392.785198 -436.443598 -460.794895 -477.653118 -491.331555 -491.293922 -496.341845 -500.051706 -504.136142 -514.300970 -516.563767 -517.531346 -525.995546
-462.246891 -442.213691 -425.466005 -400.897130 -396.637662 -389.392913 -381.866356 -366.529313 -348.251796 -338.395997 -326.889253 -313.174810 -294.937133 -275.736918 -268.797943 -277.077899 -286.657512 -296.371452 -302.584388 -300.679510 -289.774330 -275.583884 -263.340025 -256.297524 -253.824379 -254.815062 -254.651987 -254.195084 -252.607475 -252.126286 -250.158052 -246.520837 -239.387704 -229.160884 -230.273106 -241.604151 -249.945613 -259.797223 -263.329408 -264.496821 -268.524329 -269.387707 -270.548593 -290.339848 -308.250518 -322.039253 -334.962810 -357.355737 -414.226988 -438.060860 -451.470253 -473.257835 -491.535151 -505.664403 -514.246057 -522.275639
-328.672560 -316.834483 -303.791894 -293.452182 -289.045271 -286.854027 -283.743675 -277.349171 -270.879403 -264.369511 -253.952336 -230.119279 -198.819202 -173.137866 -169.984012 -176.776286 -184.881527 -197.149835 -203.214784 -206.044048 -200.636527 -193.336785 -180.686954 -170.918954 -158.618703 -157.127077 -156.929187 -157.464292 -156.757732 -156.206227 -157.632730 -152.505510 -143.989953 -135.434084 -132.848256 -140.722015 -156.583219 -171.635307 -177.945037 -185.403185 -194.040023 -196.975706 -198.111281 -199.399205 -216.253527 -239.118170 -266.563552 -286.100730 -304.515734 -313.408949 -320.016369 -324.718612 -341.093986 -380.799172 -432.000462 -458.929215
-265.684480 -248.420802 -227.406555 -209.528889 -196.678582 -194.093304 -191.411077 -183.165540 -175.466495 -165.382960 -150.001992 -131.290095 -83.328653 -59.344026 -67.152951 -68.981988 -53.532467 -88.811316 -69.496325 -90.694212 -69.366799 -85.343930 -61.212858 -69.110356 -37.290278 -31.814837 -32.377272 -33.806126 -33.380051 -31.696169 -51.462036 -32.336653 -31.249991 -25.759223 -24.739200 -26.519763 -59.812123 -76.187674 -70.740822 -81.911857 -108.686455 -116.841487 -121.056628 -122.966453 -132.501333 -151.406238 -180.650372 -211.042588 -232.420258 -245.562949 -253.955465 -259.124194 -263.631714 -277.325236 -297.755742 -316.250727
-186.746113 -166.651296 -144.545384 -117.587762 -77.620338 -68.417683 -82.068662 -59.073248 -49.460109 -52.982233 -20.237566 -11.917979 2.157649 16.549277 25.131242 30.065321 31.625880 31.998158 34.225786 33.665316 34.490979 34.870526 35.378478 35.212441 37.323630 38.124286 37.761060 37.598696 37.989856 38.230712 38.057672 37.830970 35.557170 36.002977 35.641610 35.661568 33.253371 25.650427 11.911174 1.781940 -6.288107 -12.636115 -38.022991 -29.629653 -56.243914 -49.622423 -89.075541 -127.100287 -155.817479 -168.165963 -176.406872 -181.508642 -185.534829 -197.885360 -214.597107 -232.730029
-82.102935 -51.709417 -36.407506 -14.792294 1.459169 8.298371 15.310358 18.925407 28.210509 37.767296 39.995508 40.803203 39.839578 39.672865 39.502544 40.656754 39.614289 38.423455 37.698538 36.957589 31.394724 22.925879 24.129205 24.832374 27.425182 30.339900 28.834332 29.532360 32.409968 30.756698 25.898997 22.604808 20.863929 20.890342 27.242313 29.608460 30.689922 31.109876 30.519282 30.222094 30.028095 30.041444 29.658085 29.479445 24.647116 17.178322 0.039787 -38.792084 -54.505281 -70.836128 -99.986492 -103.366842 -105.971310 -111.664564 -129.291394 -154.580284
21.614870 31.716676 41.494967 41.910148 41.199732 40.944370 41.970210 44.350998 44.459425 40.020411 36.552696 32.126134 31.456212 30.275497 28.277312 28.493244 26.876135 23.101588 20.519732 15.275512 6.078239 -5.609334 -24.223560 -15.536177 1.900460 5.480386 7.549609 10.369381 11.782006 8.041722 1.192642 -7.543252 -8.486765 0.006435 2.947816 6.869363 7.099860 5.594765 3.923644 3.970741 2.136286 2.559362 8.081081 19.297031 26.968389 26.608989 26.276344 26.094081 26.062244 6.125483 -11.999163 -24.743673 -13.555015 -23.572353 -42.294507 -84.499342
35.572056 34.938570 32.984429 27.277659 22.544355 22.059177 25.351959 31.705270 32.826310 26.941242 19.845298 13.721853 8.085843 6.799389 5.002806 4.335988 4.235503 0.096815 -17.838533 -20.912093 -32.223015 -66.513220 -76.862969 -73.932019 -45.035222 -35.397121 -27.650317 -23.634351 -28.256156 -34.945392 -46.917810 -73.496069 -75.171968 -68.015999 -42.140368 -30.478824 -28.182639 -28.282237 -32.754987 -36.309509 -42.390627 -43.903919 -36.880244 -37.019083 -13.265646 1.105392 7.340832 13.435309 18.780509 25.565014 25.400211 25.250615 25.050131 20.974186 8.686833 -8.443760
21.574026 16.117164 11.441472 5.614400 0.391424 0.050475 2.051434 5.917662 3.797929 -3.741099 -32.059065 -44.889969 -54.171535 -56.478970 -35.104421 -33.097405 -32.408459 -53.358859 -80.246661 -97.651186 -111.133847 -127.200067 -131.278259 -133.171642 -130.574680 -118.601742 -103.701232 -98.601970 -109.736220 -118.438657 -132.075804 -142.162051 -144.983932 -142.044713 -130.544992 -113.324849 -98.456798 -98.298296 -106.900525 -115.153830 -119.735858 -121.748233 -114.609141 -97.566220 -76.345066 -47.833889 -51.048436 -31.912738 -39.753367 -32.136871 -19.876116 4.641121 13.600541 23.900768 24.062053 23.870783
0.135161 -16.674830 -30.764486 -21.546286 -32.243649 -43.687811 -32.911024 -33.089349 -38.142976 -69.142563 -84.490022 -96.901514 -107.045315 -117.902004 -118.181082 -119.998454 -119.318822 -132.927646 -146.606467 -165.366511 -178.389978 -190.991611 -196.460482 -199.691812 -202.710693 -194.674686 -179.745041 -171.256183 -185.804853 -194.757180 -207.027375 -213.211853 -215.878051 -214.672416 -206.561402 -186.545734 -170.632240 -166.053860 -174.137926 -181.319547 -184.783412 -185.477219 -181.022542 -166.038882 -146.425871 -126.611994 -114.762790 -105.775203 -99.963511 -90.068602 -73.568517 -42.522008 -29.973053 -15.236894 1.060736 12.948534
-41.983888 -64.379765 -76.067745 -84.880784 -95.570454 -102.130708 -100.512155 -106.916242 -113.877802 -126.561654 -165.342355 -178.363875 -191.860762 -203.067507 -207.000623 -214.416939 -218.015805 -226.481374 -232.322802 -240.825627 -250.419271 -259.407084 -266.776255 -268.178956 -270.052205 -272.408540 -266.021202 -263.051011 -265.541796 -270.478509 -276.110961 -278.908992 -280.501690 -277.338265 -268.329587 -260.695162 -253.486391 -250.758102 -255.787303 -252.763653 -249.058271 -249.659870 -238.031649 -226.843252 -212.905135 -195.636068 -177.490664 -168.121114 -160.675508 -151.004309 -135.871830 -117.659993 -100.821008 -77.966790 -42.105577 -26.260304
-97.209746 -111.759037 -125.484011 -136.961821 -148.465415 -159.441179 -159.192525 -162.832234 -167.981489 -195.450365 -229.958880 -251.546500 -261.460421 -273.102675 -279.988787 -290.564506 -306.006483 -312.772085 -316.328914 -315.318933 -319.821733 -325.660772 -330.116494 -331.845295 -333.344311 -338.815686 -344.342227 -340.582908 -335.434988 -340.856278 -348.768087 -349.221848 -352.498791 -348.488524 -336.455359 -330.189258 -327.497203 -324.890615 -322.432490 -321.079477 -318.542580 -305.671656 -293.594552 -281.868059 -270.097230 -257.238970 -241.975131 -228.402283 -219.725166 -209.571509 -194.406370 -180.431943 -162.406666 -140.726589 -113.340102 -95.821011
-157.597207 -173.480638 -186.735361 -199.387745 -212.341107 -230.523091 -232.863031 -238.414074 -244.906280 -271.048579 -298.722061 -317.765130 -326.133460 -335.111936 -348.131105 -398.203416 -436.650014 -450.419111 -450.089069 -446.420362 -450.775864 -460.909351 -468.875484 -474.244264 -479.578726 -486.928336 -490.984672 -487.190592 -483.219028 -484.474418 -485.539620 -484.483703 -484.929566 -485.010854 -483.092811 -474.866938 -469.684246 -464.524870 -460.570620 -458.108776 -442.166075 -416.890106 -376.385470 -337.597219 -326.708504 -315.831902 -299.432083 -283.238407 -274.224566 -263.564888 -251.008160 -236.806886 -221.862257 -202.430173 -177.840896 -157.918584
-212.212242 -231.798146 -247.175219 -261.153974 -282.024217 -296.555314 -304.019160 -308.871487 -321.039787 -339.238031 -400.323120 -443.148314 -460.089327 -473.210681 -484.630684 -495.118008 -503.059475 -507.780094 -504.307828 -502.799321 -499.859291 -504.484698 -508.024753 -508.617538 -511.726930 -514.423985 -518.308231 -515.084748 -513.966146 -510.529080 -511.251267 -511.379624 -509.787648 -510.617402 -510.661956 -512.920910 -510.279090 -509.099030 -507.815691 -501.644109 -495.778848 -489.182124 -482.359491 -471.348038 -456.950666 -436.200186 -391.804841 -338.405432 -326.355037 -316.528195 -300.991508 -285.697767 -274.322364 -261.360501 -243.987854 -226.534365
-276.557127 -290.465044 -308.338913 -324.797639 -346.600090 -410.179295 -423.897125 -445.791633 -463.078539 -484.156920 -496.112534 -501.231990 -506.267739 -509.784205 -512.305998 -516.770130 -519.645260 -524.688917 -522.516330 -519.816016 -515.762503 -519.234467 -519.571530 -518.607650 -520.364930 -522.197777 -525.563594 -525.091073 -522.534584 -519.477834 -519.940048 -519.464239 -517.639061 -517.570035 -518.992795 -522.073436 -521.467152 -519.835268 -518.446859 -515.296604 -512.523630 -509.778698 -507.411953 -503.438521 -498.379604 -492.492053 -483.617904 -469.019898 -456.160900 -434.617706 -384.363130 -337.031461 -327.541754 -319.890743 -305.188810 -288.961207
-333.571269 -356.155204 -418.376550 -454.842700 -478.669432 -495.768325 -503.343922 -509.404909 -514.930005 -516.655744 -518.508020 -520.565626 -522.122352 -523.843313 -525.385875 -526.548537 -528.786802 -533.986556 -531.710504 -528.750727 -525.332432 -525.239485 -525.545186 -525.130180 -525.773635 -528.014879 -532.294399 -530.541254 -528.144477 -526.031554 -525.526553 -525.243777 -523.857691 -524.910063 -527.013560 -530.154409 -528.948888 -526.839719 -525.928702 -524.767639 -522.894761 -520.920189 -519.018235 -516.726812 -514.438976 -511.041170 -506.996132 -501.933593 -495.904652 -488.563849 -477.798745 -468.414242 -457.286631 -444.914242 -419.139131 -362.676473
-469.851519 -483.250162 -492.633842 -501.055083 -509.835031 -513.648052 -516.889221 -519.548101 -522.492513 -524.151899 -525.485110 -524.148341 -524.587722 -526.726318 -526.238460 -527.236365 -531.409379 -529.690823 -528.440934 -524.951553 -525.707122 -525.928801 -526.752337 -526.116528 -526.604546 -530.804533 -528.633062 -527.807268 -525.510754 -525.287087 -524.943351 -524.671722 -524.300086 -524.807517 -527.794760 -527.179357 -526.511378 -524.494872 -524.753784 -524.233265 -522.115136 -521.897026 -520.931300 -519.384631 -517.780526 -515.802398 -513.276048 -509.345989 -505.163240 -500.917884 -499.940733 -496.576645 -493.422186 -495.991966 -489.441813 -481.642319
