tests/Borden05m/data_simulated/sim_1/output-maps/psiliqL0029N0018.asc
ncols         160
nrows         34
xllcorner     620200.000000
yllcorner     5168000.000000
cellsize      0.500000
NODATA_value  -9999.0
[rows 0 to 24 of 34, columns 0 to 54 of 160]
-9999.0 -9999.0 -9999.0 -9999.0 -9999.0 -9999.0 -9999.0 -9999.0 -9999.0 -9999.0 -9999.0 -9999.0 -9999.0 -9999.0 -9999.0 -9999.0 -9999.0 -9999.0 -9999.0 -9999.0 -9999.0 -9999.0 -9999.0 -9999.0 -9999.0 -9999.0 -9999.0 -9999.0 -9999.0 -9999.0 -9999.0 -9999.0 -9999.0 -9999.0 -9999.0 -9999.0 -9999.0 -9999.0 -9999.0 -9999.0 -9999.0 -9999.0 -9999.0 -9999.0 -9999.0 -9999.0 -9999.0 -9999.0 -9999.0 -9999.0 -9999.0 -9999.0 -9999.0 -9999.0 -9999.0
-9999.0 -9999.0 -9999.0 -9999.0 -9999.0 -9999.0 -9999.0 -9999.0 -9999.0 -9999.0 -9999.0 -9999.0 -9999.0 -9999.0 -9999.0 -9999.0 -9999.0 -9999.0 -9999.0 -9999.0 -9999.0 -9999.0 -9999.0 -9999.0 -9999.0 -9999.0 -9999.0 -9999.0 -9999.0 -9999.0 -9999.0 -9999.0 -9999.0 -9999.0 -9999.0 -9999.0 -9999.0 -9999.0 -9999.0 -9999.0 -9999.0 -9999.0 -9999.0 -9999.0 -9999.0 -9999.0 -9999.0 -9999.0 -9999.0 -9999.0 -9999.0 -9999.0 -9999.0 -9999.0 -9999.0
-9999.0 -9999.0 -9999.0 -9999.0 -9999.0 -9999.0 -9999.0 -9999.0 -9999.0 -9999.0 -9999.0 -9999.0 -9999.0 -9999.0 -9999.0 -9999.0 -9999.0 -9999.0 -9999.0 -9999.0 -9999.0 -9999.0 -9999.0 -9999.0 -9999.0 -9999.0 -9999.0 -9999.0 -9999.0 -9999.0 -9999.0 -9999.0 -9999.0 -9999.0 -9999.0 -9999.0 -9999.0 -9999.0 -9999.0 -9999.0 -9999.0 -9999.0 -9999.0 -9999.0 -9999.0 -9999.0 -9999.0 3872.392477 3855.232784 3842.357394 3836.923878 3857.437297 3880.279727 3903.956917 3924.328673
-9999.0 -9999.0 -9999.0 -9999.0 -9999.0 -9999.0 -9999.0 -9999.0 -9999.0 -9999.0 -9999.0 -9999.0 -9999.0 -9999.0 -9999.0 -9999.0 -9999.0 -9999.0 -9999.0 -9999.0 -9999.0 -9999.0 -9999.0 -9999.0 -9999.0 -9999.0 -9999.0 -9999.0 -9999.0 -9999.0 -9999.0 -9999.0 -9999.0 -9999.0 -9999.0 -9999.0 -9999.0 -9999.0 -9999.0 -9999.0 3924.039820 3929.884709 3929.147501 3919.331718 3907.829244 3893.584977 3872.686300 3855.596408 3842.912006 3841.038397 3843.255532 3845.083340 3865.024231 3890.458074 3910.271172
-9999.0 -9999.0 -9999.0 -9999.0 -9999.0 -9999.0 -9999.0 -9999.0 -9999.0 -9999.0 -9999.0 -9999.0 -9999.0 -9999.0 -9999.0 -9999.0 -9999.0 -9999.0 -9999.0 -9999.0 -9999.0 -9999.0 -9999.0 -9999.0 -9999.0 -9999.0 -9999.0 -9999.0 -9999.0 -9999.0 -9999.0 -9999.0 -9999.0 -9999.0 3831.973452 3848.642792 3866.364630 3884.813753 3901.713626 3908.742116 3914.481016 3919.590346 3914.629821 3910.073004 3898.052596 3876.267073 3856.828292 3844.179946 3843.370260 3840.766229 3843.872791 3854.774723 3871.087074 3885.500914 3905.663433
-9999.0 -9999.0 -9999.0 -9999.0 -9999.0 -9999.0 -9999.0 -9999.0 -9999.0 -9999.0 -9999.0 -9999.0 -9999.0 -9999.0 -9999.0 -9999.0 -9999.0 -9999.0 -9999.0 -9999.0 -9999.0 -9999.0 -9999.0 -9999.0 -9999.0 -9999.0 -9999.0 -9999.0 3838.595407 3832.517011 3827.588076 3825.778046 3824.065797 3822.956322 3829.384643 3840.026067 3856.555506 3878.537745 3891.713926 3898.797938 3905.563350 3905.569619 3899.160414 3897.233779 3897.461471 3884.245951 3871.472273 3859.495494 3847.729953 3843.828462 3852.198780 3866.150497 3882.037965 3896.199681 3911.071346
-9999.0 -9999.0 -9999.0 -9999.0 -9999.0 -9999.0 -9999.0 -9999.0 -9999.0 -9999.0 -9999.0 -9999.0 -9999.0 -9999.0 -9999.0 -9999.0 -9999.0 -9999.0 -9999.0 -9999.0 -9999.0 -9999.0 -9999.0 3809.072781 3813.610224 3819.942493 3827.461090 3828.227024 3824.955310 3819.425773 3816.596756 3814.916717 3812.178726 3816.423462 3822.787051 3835.195282 3849.914700 3871.960432 3879.736078 3883.125116 3893.845049 3897.434913 3905.445131 3908.870217 3906.489160 3901.626709 3885.613103 3872.958649 3873.859693 3876.885817 3883.287202 3891.263824 3904.322017 3917.133920 3931.399074
-9999.0 -9999.0 -9999.0 -9999.0 -9999.0 -9999.0 -9999.0 -9999.0 -9999.0 -9999.0 -9999.0 -9999.0 -9999.0 -9999.0 -9999.0 -9999.0 -9999.0 -9999.0 -9999.0 3784.894777 3785.892664 3787.351371 3792.099326 3792.198861 3793.644606 3800.078717 3807.742903 3810.482396 3807.800964 3806.592233 3807.447779 3809.535086 3813.607504 3823.262681 3835.910894 3849.096171 3860.904274 3880.787247 3894.344892 3905.554173 3919.867102 3919.992972 3915.892931 3913.656683 3912.784166 3910.023792 3906.246106 3903.677589 3909.200857 3908.172190 3910.277878 3918.734836 3930.235340 3945.631567 3961.902826
-9999.0 -9999.0 -9999.0 -9999.0 -9999.0 -9999.0 -9999.0 -9999.0 -9999.0 -9999.0 -9999.0 -9999.0 -9999.0 -9999.0 -9999.0 -9999.0 3755.873539 3757.498177 3759.761146 3765.153821 3768.900499 3772.594784 3779.305136 3780.575204 3783.462542 3790.010702 3793.769735 3802.593920 3810.412054 3816.677584 3821.648768 3823.075237 3828.309952 3836.300705 3846.440717 3858.754191 3877.253018 3899.797762 3914.233114 3929.811915 3946.052038 3945.654315 3942.859120 3941.990653 3939.146654 3938.371125 3951.059931 3952.760837 3945.069699 3952.214573 3962.619367 3964.112883 3970.145315 3989.375790 4010.544334
-9999.0 -9999.0 -9999.0 -9999.0 -9999.0 -9999.0 -9999.0 -9999.0 -9999.0 -9999.0 -9999.0 -9999.0 -9999.0 3705.768691 3709.510874 3719.702352 3731.610920 3734.560672 3739.425023 3746.002918 3757.720880 3760.898224 3766.270595 3772.717475 3784.879683 3792.691712 3800.437984 3811.106113 3817.886733 3823.566453 3828.530212 3829.430109 3839.120444 3851.437081 3864.069850 3881.538588 3902.121607 3918.760269 3935.130902 3950.505174 3960.558159 3955.786134 3954.092360 3955.242171 3958.266794 3969.271600 3984.322891 3981.804046 3988.525962 4007.588065 4016.278214 4021.842463 4026.721416 4040.163324 4061.335274
-9999.0 -9999.0 -9999.0 -9999.0 -9999.0 -9999.0 -9999.0 -9999.0 -9999.0 -9999.0 3680.918566 3681.947820 3677.818176 3674.077543 3679.719284 3691.771412 3706.184552 3710.999727 3722.661385 3743.645320 3762.015081 3764.238790 3776.511103 3785.841148 3791.468334 3799.790676 3811.102571 3821.398957 3834.768372 3844.516867 3850.894596 3864.707585 3878.557674 3892.865756 3908.244172 3927.079607 3940.869841 3962.076084 3985.193678 3991.735355 4006.341267 4006.357752 4001.172089 3998.105258 4006.608333 4015.722213 4028.089138 4041.077311 4057.974913 4078.318253 4086.315422 4098.294139 4106.480498 4115.984624 4130.914821
-9999.0 -9999.0 -9999.0 -9999.0 -9999.0 -9999.0 -9999.0 -9999.0 3656.553073 3664.629657 3669.421666 3665.605825 3660.598147 3653.650103 3668.018337 3682.709150 3697.797649 3715.619117 3730.279330 3747.728307 3760.308018 3773.554969 3792.573448 3801.718934 3810.530459 3823.844944 3835.000709 3847.515922 3866.004734 3871.023072 3879.129726 3896.402539 3909.787467 3924.771788 3941.237040 3955.868653 3973.468601 4001.697675 4028.845166 4042.677360 4067.359881 4082.467923 4075.214741 4072.096405 4072.247168 4094.021869 4118.813310 4146.825730 4163.744061 4185.765981 4213.255893 4232.181578 4241.149650 4251.993728 4265.625987
-9999.0 -9999.0 -9999.0 -9999.0 -9999.0 -9999.0 3628.015336 3652.133527 3666.935478 3657.614584 3641.759812 3635.574855 3628.175990 3660.234286 3681.960628 3698.466959 3714.158692 3730.638147 3745.684274 3751.849071 3779.257935 3797.761464 3807.637793 3818.356323 3831.286505 3844.144903 3858.537058 3877.839317 3892.916577 3911.710681 3924.323813 3937.830984 3959.642756 3975.279653 3990.712788 4002.420513 4028.350360 4061.714228 4095.208506 4118.209336 4141.666633 4172.925068 4171.077014 4172.088656 4172.621020 4196.735577 4230.731568 4260.186140 4291.456853 4321.595216 4350.149038 4360.491439 4369.334551 4379.116962 4391.630743
-9999.0 -9999.0 -9999.0 -9999.0 3596.488629 3616.959234 3634.752923 3664.078507 3685.260340 3679.604634 3682.666334 3679.358515 3673.465419 3677.902109 3685.384713 3701.331813 3719.436993 3737.920894 3750.182548 3774.313387 3820.474168 3829.247861 3843.464637 3870.992582 3880.091071 3892.487472 3906.616808 3925.344341 3941.055016 3965.992477 3997.373500 4024.034247 4043.805731 4061.702655 4079.834109 4095.335706 4130.153244 4166.625491 4201.762984 4232.587493 4258.854951 4284.862854 4290.543396 4295.084889 4304.888183 4322.152909 4345.123915 4372.798535 4406.895031 4439.106654 4462.215989 4470.679177 4475.636104 4485.172078 4492.418684
-9999.0 -9999.0 -9999.0 3541.365209 3580.278578 3619.924866 3644.604308 3673.936197 3705.539687 3703.505556 3711.245309 3709.030132 3705.713647 3709.414164 3710.356818 3725.517023 3742.828623 3762.264958 3782.338102 3814.065131 3840.909943 3855.134582 3880.965118 3893.897169 3904.386841 3915.693233 3933.275596 3951.722287 3986.631757 4014.382044 4059.099605 4108.847607 4139.984396 4158.519003 4180.967977 4208.551242 4233.846747 4273.120954 4307.126170 4339.192660 4369.366905 4391.310620 4405.064925 4409.465228 4419.312415 4424.844352 4437.009126 4458.048275 4480.591328 4511.685181 4541.205587 4570.876239 4586.488588 4597.883008 4615.313358
-9999.0 -9999.0 3492.723625 3532.492622 3562.815477 3608.157456 3660.565752 3695.103724 3733.330914 3750.234198 3751.748456 3760.000788 3768.420880 3767.179627 3773.577612 3784.335504 3806.395072 3814.960682 3835.258097 3847.173364 3881.106016 3912.050569 3902.510596 3937.786711 3966.788195 3999.926156 4021.591602 4047.969657 4086.001227 4118.479411 4162.199989 4212.240787 4246.083413 4273.718294 4289.851490 4310.548606 4330.858501 4357.892290 4395.316234 4420.785683 4454.976452 4480.545064 4500.044412 4500.110893 4502.705205 4519.095624 4548.193174 4579.978687 4609.750178 4639.728627 4621.263501 4646.785043 4658.205748 4664.577642 4674.596515
-9999.0 -9999.0 3461.471369 3508.231290 3540.974027 3596.346019 3683.822971 3716.630133 3755.137329 3799.738641 3811.632986 3831.588796 3820.776777 3804.547284 3820.339116 3832.272686 3853.991163 3861.318444 3854.016845 3905.129496 3956.255214 3975.306301 3973.617530 4052.262916 4105.890255 4131.754873 4149.459847 4169.912950 4189.116031 4226.967424 4265.088302 4320.227279 4361.548287 4391.650387 4406.355083 4427.081646 4446.898139 4461.950727 4481.934009 4530.216260 4567.363419 4599.247834 4632.219079 4653.968130 4662.318634 4667.807763 4639.744625 4661.106401 4675.593055 4681.841059 4684.368761 4680.516686 4679.985953 4680.849990 4681.771325
-9999.0 3366.874562 3419.334679 3468.866781 3531.658240 3590.912961 3663.043119 3736.040751 3803.694688 3856.270053 3880.104422 3868.547973 3860.071863 3881.139466 3898.790461 3912.818984 3918.712734 3929.942783 3909.292957 3963.712694 3998.010832 4042.466178 4140.116607 4199.189766 4266.360172 4261.700946 4249.263064 4253.253852 4268.248844 4315.677884 4397.308819 4455.654919 4524.238593 4575.274733 4593.188542 4601.231494 4620.554235 4641.899485 4583.201043 4630.622417 4652.566959 4670.877964 4681.670984 4684.194817 4685.604400 4685.341914 4681.573907 4674.416812 4666.138764 4660.215646 4655.929619 4651.426372 4653.870295 4657.211654 4657.253197
-9999.0 3327.571793 3384.229042 3451.487668 3517.505924 3558.676348 3635.329462 3806.380825 3870.339347 3907.923642 3909.147166 3874.079952 3927.306812 3985.779944 4008.200073 4053.741403 4036.369227 4020.729457 3979.055973 4003.155660 4040.095571 4110.966166 4288.571171 4378.803583 4436.286118 4444.203588 4444.257320 4473.385117 4519.549231 4569.731080 4618.639030 4581.548760 4636.138799 4663.140347 4668.782790 4669.572609 4675.630975 4674.002986 4672.785228 4668.228323 4662.986059 4663.168795 4667.944571 4667.807590 4664.789582 4661.310916 4655.546925 4648.128438 4642.985860 4638.344935 4635.702739 4632.894274 4630.831339 4629.886115 4624.842789
-9999.0 3284.000142 3359.617966 3416.047724 3456.505156 3540.738835 3671.222816 3816.871821 3913.664357 3946.542533 3913.103765 3940.391155 4044.126912 4153.299020 4206.425077 4227.197760 4203.965126 4150.079189 4125.478922 4169.545825 4242.118761 4369.008012 4519.162990 4624.410483 4640.784406 4644.547398 4591.184679 4619.897375 4646.510402 4649.668492 4650.918099 4660.037976 4665.206603 4668.277485 4666.666376 4663.761992 4658.897422 4650.612823 4645.834291 4642.054163 4638.212718 4636.895688 4638.771944 4640.779447 4637.882525 4633.948977 4629.457927 4623.884107 4617.504668 4610.668917 4606.225335 4601.864039 4599.679211 4593.888543 4590.466214
-9999.0 3153.615536 3251.914719 3287.821665 3350.008281 3541.961806 3671.296123 3808.466981 3978.176539 3994.091781 4032.518192 4177.248010 4300.806770 4383.861412 4411.116453 4443.667307 4468.212644 4483.397110 4521.548929 4385.303457 4472.285596 4580.107135 4630.172947 4651.883298 4664.014230 4664.429302 4654.204139 4633.044799 4622.227383 4615.461913 4617.076653 4624.407119 4628.938068 4633.607039 4631.264150 4632.468316 4633.840804 4630.683388 4626.582838 4617.701343 4609.764379 4602.819309 4599.196784 4603.771477 4599.144090 4596.931040 4590.614453 4581.981107 4572.858375 4565.447434 4557.305400 4550.664811 4548.456055 4543.449133 4542.208389
-9999.0 3072.562400 3143.424205 3193.453901 3295.209339 3457.946793 3542.910882 3697.559250 3946.932157 4088.604093 4263.090690 4359.806891 4430.965716 4469.955262 4518.891840 4573.507185 4602.112416 4615.215606 4580.495024 4606.270954 4561.613788 4550.241896 4568.447188 4598.803810 4617.216277 4621.509746 4613.844496 4605.018364 4597.723982 4596.601002 4594.232363 4589.562732 4584.874269 4580.949910 4577.811093 4581.045781 4586.568799 4579.180154 4568.439701 4558.621047 4549.782881 4540.289307 4534.187298 4529.188845 4529.882155 4530.210925 4522.432181 4511.773181 4500.702038 4492.246553 4485.019335 4480.639311 4477.791807 4472.654770 4462.399096
-9999.0 2947.380130 3081.459033 3151.604163 3236.261784 3361.316548 3457.454043 3604.626944 3728.786929 3980.224403 4118.139761 4333.101800 4386.307682 4460.345005 4506.383540 4582.572151 4576.968257 4545.814694 4500.762460 4484.947780 4498.174831 4507.736292 4515.524956 4529.436953 4547.588743 4558.113030 4563.953700 4558.331624 4544.001408 4530.844045 4518.741112 4504.163624 4494.218171 4491.430019 4496.243318 4506.939738 4507.063344 4497.658376 4483.177393 4464.327285 4448.252021 4436.079620 4434.230407 4437.295999 4438.584564 4434.302023 4428.596650 4417.603572 4404.795812 4392.018338 4386.551134 4382.285501 4374.543915 4362.781184 4350.451121
-9999.0 -9999.0 2991.823130 3098.561752 3185.605978 3291.010172 3370.338152 3479.080856 3615.266381 3783.657894 3900.382334 4094.135047 4196.198560 4241.222452 4272.774920 4330.179620 4358.152082 4393.320015 4390.990085 4405.257427 4416.681787 4422.574848 4427.496810 4432.465218 4442.779643 4452.881961 4463.926125 4461.074007 4452.354144 4431.033620 4404.034718 4382.958398 4372.037824 4362.210314 4375.006377 4387.858157 4381.715456 4374.684020 4361.778221 4345.317833 4332.737809 4318.259193 4314.807164 4314.579908 4315.237002 4312.977406 4310.796129 4298.268011 4285.958131 4276.333392 4272.482688 4266.800362 4263.455419 4253.650688 4243.013686
-9999.0 -9999.0 2903.662811 3003.367922 3099.893846 3212.847311 3289.681326 3283.749140 3413.514388 3512.421062 3620.845705 3735.928295 3837.220533 3908.212743 3939.390316 4003.046320 4063.941039 4083.836321 4129.780444 4190.365603 4227.459855 4270.381747 4295.183296 4304.432257 4317.044243 4332.095589 4339.489930 4323.495867 4312.138400 4294.860671 4270.795931 4243.146347 4229.180998 4229.401912 4227.672581 4228.352772 4220.222646 4211.318703 4196.700897 4183.036110 4170.909738 4162.462961 4158.925008 4152.771175 4150.186295 4147.414372 4145.946476 4141.318775 4133.581846 4129.547101 4121.200166 4117.823065 4117.367732 4114.943010 4109.750952
