tests/Borden05m/data_simulated/sim_1/output-maps/psiliqL0021N0019.asc
ncols         160
nrows         34
xllcorner     620200.000000
yllcorner     5168000.000000
cellsize      0.500000
NODATA_value  -9999.0
[rows 0 to 24 of 34, columns 55 to 109 of 160]
-9999.0 -9999.0 -9999.0 -9999.0 -9999.0 -9999.0 -9999.0 -9999.0 -9999.0 -9999.0 -9999.0 -9999.0 -9999.0 -9999.0 -9999.0 -9999.0 -9999.0 -9999.0 -9999.0 -9999.0 -9999.0 -9999.0 -9999.0 -9999.0 -9999.0 -9999.0 -9999.0 -9999.0 -9999.0 -9999.0 -9999.0 -9999.0 -9999.0 -9999.0 -9999.0 -9999.0 -9999.0 -9999.0 -9999.0 -9999.0 -9999.0 -9999.0 -9999.0 -9999.0 -9999.0 -9999.0 -9999.0 -9999.0 -9999.0 -9999.0 -9999.0 -9999.0 -9999.0 -9999.0 -9999.0
-9999.0 -9999.0 -9999.0 -9999.0 2435.911726 2430.730229 2426.127799 2421.948246 2413.940605 2405.204003 2397.677677 2394.119083 2393.591625 2393.308931 2393.299341 2398.818378 2407.328457 2415.369646 2422.683990 2425.294831 2427.933954 2430.199977 2430.790175 2429.874858 2426.922034 2423.975841 2420.793083 2419.322266 2411.822753 2400.706297 2392.276456 2389.585793 2393.825461 2398.140624 2400.517034 2405.798106 2416.085007 2426.424675 2434.392664 2446.110460 2452.104778 2456.789751 2458.925999 2454.286271 2450.324053 2445.912945 2439.816021 2428.516661 -9999.0 -9999.0 -9999.0 -9999.0 -9999.0 -9999.0 -9999.0
2380.857294 2399.916507 2420.823937 2424.252270 2412.773536 2407.997187 2405.167000 2403.795706 2399.784443 2391.740571 2387.100799 2382.182494 2380.357765 2380.909352 2381.391020 2385.749131 2396.779445 2405.089059 2410.122213 2413.086751 2416.129528 2415.308454 2414.871435 2414.838182 2412.147969 2408.842068 2405.612084 2403.921888 2405.103213 2397.604226 2391.861528 2388.157868 2385.651630 2388.205683 2390.704221 2394.693834 2403.769593 2411.474646 2419.115524 2433.321241 2445.647020 2450.588462 2447.442405 2442.055391 2437.612110 2429.951332 2419.175809 2408.766435 2399.951738 2393.007851 2386.895197 2379.963883 2385.392015 2391.949702 2400.697570
2365.666179 2385.402698 2406.229881 2409.290091 2399.106117 2391.528026 2385.826679 2386.713771 2390.370935 2387.577698 2383.384236 2377.197534 2387.111771 2388.730962 2390.133817 2393.909291 2396.820615 2401.652448 2404.596309 2410.265504 2419.467659 2422.460644 2423.153098 2423.440473 2421.696162 2418.644288 2416.882418 2414.229693 2409.089500 2407.634920 2407.562565 2406.661562 2411.011102 2412.370480 2414.790977 2408.733119 2412.627340 2418.581394 2425.106258 2430.660765 2436.515271 2439.016725 2435.082828 2434.398382 2425.283612 2410.945123 2400.082088 2391.713845 2390.582224 2386.849724 2378.168922 2363.986383 2370.942607 2385.950609 2389.820720
2372.353958 2381.963208 2393.497811 2396.676496 2392.118520 2394.482880 2396.721817 2398.594125 2397.422683 2394.681147 2391.795542 2403.520883 2412.663246 2414.708985 2417.865985 2422.275594 2423.240588 2412.508062 2410.741197 2418.684438 2428.727542 2434.300665 2434.694287 2434.626811 2431.738326 2430.784507 2430.643979 2428.813726 2428.871713 2430.810043 2429.313814 2432.886368 2438.414521 2441.698134 2435.168911 2426.315856 2427.845307 2435.859252 2444.581273 2451.755198 2461.607705 2471.969143 2471.033821 2465.314091 2455.783526 2442.056666 2418.348001 2399.335627 2387.564145 2379.015350 2370.891101 2371.784303 2366.746498 2378.617961 2379.440018
2365.643570 2385.532844 2406.522746 2413.734134 2408.374887 2404.758381 2403.577172 2404.898632 2405.013704 2407.088194 2417.844961 2431.003643 2444.422602 2447.366939 2450.008015 2449.500443 2441.612214 2431.766720 2429.109509 2443.340326 2460.518895 2468.834201 2468.992042 2466.242747 2470.958172 2470.661118 2470.452168 2466.644837 2467.972191 2467.116874 2474.272192 2481.902517 2489.471464 2487.885819 2475.479709 2463.335311 2462.520516 2466.723730 2472.011844 2478.664633 2488.296996 2496.974739 2491.313087 2484.574444 2475.311081 2447.582451 2421.948201 2405.822181 2405.010965 2404.503430 2398.946645 2395.463905 2392.604069 2386.367931 2385.337406
2408.736301 2429.480351 2450.725603 2465.572409 2460.338251 2453.416458 2445.089991 2446.184532 2448.326872 2455.723905 2467.759351 2482.946008 2506.189754 2507.563256 2509.579532 2510.257027 2498.637268 2486.365421 2476.452355 2497.247531 2508.316272 2516.158844 2515.403878 2522.495753 2531.748331 2527.963404 2521.179602 2509.982318 2515.951047 2524.538205 2539.634618 2547.060078 2551.673996 2548.263259 2535.329623 2528.820054 2529.000937 2533.535385 2532.977634 2539.543565 2548.274443 2562.504664 2560.691727 2554.319139 2532.567293 2494.779518 2462.411758 2445.394204 2453.647750 2446.325709 2438.202523 2435.490145 2422.173702 2412.441202 2412.980016
2452.974796 2469.153308 2487.084635 2504.970075 2498.499318 2489.036417 2474.682790 2473.419378 2479.675275 2490.535889 2509.273441 2529.715332 2551.675597 2554.640418 2552.325899 2562.091692 2556.403194 2546.858180 2539.607171 2557.338653 2568.376922 2578.843649 2586.181143 2598.956875 2609.928349 2596.304814 2581.418609 2573.223352 2579.607048 2602.853250 2623.157142 2627.992625 2627.759312 2628.157963 2615.161906 2609.529230 2604.845070 2602.820019 2598.597606 2595.374762 2617.206607 2635.948336 2634.322311 2611.296050 2587.299120 2548.651781 2510.097374 2481.639433 2488.216562 2483.936671 2484.331601 2471.147813 2456.759530 2444.662748 2437.725643
2519.277974 2544.614170 2563.377765 2585.191236 2580.774003 2561.171817 2549.296185 2553.571561 2567.503763 2575.913094 2593.758080 2614.073997 2642.437524 2658.585541 2673.458258 2679.318344 2671.393472 2663.120809 2651.195931 2654.038823 2675.654044 2689.029541 2698.710580 2708.219178 2720.879352 2723.379048 2718.281880 2717.084751 2721.060890 2731.985501 2744.206873 2750.829317 2754.465429 2756.522703 2746.689378 2734.946798 2732.556590 2725.802204 2722.065777 2720.075473 2727.359373 2743.349043 2739.698348 2706.358796 2678.308422 2642.214438 2603.624734 2572.601230 2561.006396 2573.807718 2567.451602 2549.442320 2534.343655 2503.863235 2493.045991
2603.061048 2637.696420 2664.006987 2678.272688 2689.161169 2679.333681 2679.647726 2684.616204 2693.360711 2697.968894 2705.583065 2738.240401 2771.284968 2798.158681 2822.018835 2830.547482 2819.529378 2810.293724 2797.915439 2789.347775 2798.121063 2814.785767 2832.342152 2847.695465 2859.061097 2861.790639 2860.342398 2860.565730 2863.366470 2866.300911 2870.057627 2877.591865 2885.103539 2830.125144 2835.578697 2830.543156 2877.172991 2866.491324 2855.281090 2852.323836 2851.920904 2852.814037 2852.508991 2838.259911 2799.312450 2767.869046 2736.232526 2712.281754 2694.890372 2687.892271 2666.504395 2641.855682 2591.687593 2552.710229 2519.108136
2704.891654 2748.554960 2777.824531 2798.593586 2813.293757 2813.570578 2816.603471 2819.172863 2824.591391 2828.855850 2833.956497 2859.566480 2833.810800 2868.320754 2898.743828 2900.147673 2888.121216 2877.244817 2867.773244 2854.905024 2851.292403 2862.201484 2876.074722 2894.814481 2905.622035 2912.931335 2909.284563 2909.642891 2912.277071 2913.252205 2915.156276 2918.188820 2926.774708 2936.943067 2949.982125 2950.032188 2936.999010 2920.932221 2904.565554 2900.346661 2896.531105 2891.173086 2892.528149 2893.754610 2880.918322 2855.580521 2879.590349 2837.534590 2815.950481 2797.121944 2783.869901 2767.227320 2730.948370 2667.507495 2630.319230
2829.144635 2861.893890 2827.856956 2854.429623 2870.529310 2874.831037 2873.468619 2873.529299 2880.737954 2884.814925 2892.015154 2907.069220 2932.218528 2964.928397 2993.408434 3009.421213 3003.142443 2987.244075 2966.966020 2958.900547 2956.651916 2959.741183 2968.231475 2979.368167 2997.382286 3014.528886 2991.257362 2992.102744 3017.628450 2991.770531 2991.254173 2991.297110 2993.551961 3000.592114 3009.442149 3012.591610 3007.981722 3017.850036 2996.600874 2984.212275 2976.918442 2973.025266 2972.813656 2976.390581 2978.111741 2964.596813 2936.484902 2894.610837 2863.471291 2845.974709 2835.659832 2883.389843 2870.001068 2840.273449 2818.906128
2874.493132 2889.340985 2912.931877 2940.615931 2962.369524 2977.569269 2979.301348 2983.310683 2988.154692 2996.365909 3010.594504 3002.494659 3017.500607 3037.853358 3062.379847 3077.213421 3082.540620 3081.538822 3078.450825 3079.854695 3080.153549 3029.871491 3035.036648 3040.168618 3053.897890 3066.706228 3069.379719 3069.906169 3069.721192 3069.464431 3069.972467 3069.963017 3069.616776 3071.148113 3075.220568 3076.777710 3074.978873 3066.368137 3079.533550 3060.662722 3047.824319 3039.932897 3031.945846 3023.679209 3014.381476 3006.709812 3017.504104 2989.108274 2955.405049 2933.374112 2924.448204 2921.704707 2913.667821 2907.729751 2891.129678
2970.071680 2981.140383 2998.463136 3019.272762 3020.331562 3039.938263 3050.756396 3059.631137 3064.214053 3077.412046 3092.684049 3078.388909 3084.953751 3091.870661 3098.739801 3101.096119 3101.766008 3101.447651 3099.119870 3098.491524 3096.343110 3092.499329 3082.413789 3083.981973 3085.775127 3088.346694 3091.936232 3090.763644 3091.873250 3094.756297 3093.104380 3087.295359 3083.421297 3081.866067 3082.685875 3089.993033 3093.352495 3094.316827 3091.769592 3090.939504 3090.145742 3087.414660 3083.995909 3079.167666 3072.985946 3084.010633 3074.729899 3048.739958 3013.421547 3005.008697 2996.264566 2995.962436 2995.786301 2993.536195 2987.558960
3055.606491 3068.521697 3082.527728 3066.740384 3082.729994 3091.812799 3096.118790 3099.661193 3102.267617 3104.668721 3101.573319 3098.360539 3093.560562 3092.104405 3090.771659 3088.349305 3088.967695 3087.057268 3083.060602 3079.224687 3071.889525 3060.673406 3049.488209 3046.286287 3050.670121 3056.058196 3060.901868 3064.902191 3068.473279 3068.852658 3063.680733 3055.531626 3048.220696 3046.506367 3053.223107 3058.886935 3064.962687 3065.784800 3064.433624 3062.155915 3062.106880 3059.166454 3059.501300 3066.338772 3080.479096 3084.131943 3088.924139 3088.233280 3074.958265 3052.708655 3058.006220 3038.427176 3043.660714 3039.182209 3028.072244
3093.616288 3095.886835 3094.608364 3093.302792 3087.058442 3081.138855 3080.393594 3084.336917 3091.262502 3092.381630 3085.395607 3077.050000 3069.985025 3062.846983 3060.602845 3059.809275 3059.419847 3059.780492 3054.529346 3045.931719 3031.597229 3020.188927 3009.127871 3003.179324 3000.024469 3003.952777 3014.632935 3025.851034 3030.716176 3022.344826 3014.304621 3002.991038 2995.016246 2995.426555 2996.889861 3006.188340 3021.975008 3028.502847 3029.286670 3023.350776 3017.608098 3011.285130 3008.619100 3015.148987 3030.108484 3044.084345 3058.731632 3067.430711 3074.928418 3081.808380 3081.966765 3084.089285 3085.277717 3083.535397 3085.119940
3087.688504 3080.925375 3074.166564 3069.032324 3062.611424 3057.308802 3055.548088 3057.610774 3059.869551 3056.067238 3049.779727 3041.867961 3031.079708 3021.464491 3014.374185 3015.292551 3017.542133 3018.941559 3012.085867 2999.188575 3010.767070 2998.251925 2984.419158 2980.325609 2974.664289 2968.076066 2978.178642 2996.821954 3003.713212 2988.587820 2978.149653 2963.451359 2956.744036 2953.178375 2954.317755 2963.483586 2985.115743 3007.674769 3009.695371 2999.508888 2989.471136 2984.994709 2982.360884 2987.848875 3004.069032 2993.740428 3007.081422 3017.019301 3022.378567 3030.192061 3039.437831 3050.738591 3064.696778 3076.444295 3082.297987
3063.307847 3055.703729 3048.141213 3040.656591 3033.982414 3030.000024 3025.867302 3023.871528 3020.392044 3014.460985 3009.570166 3020.934496 3009.532819 2996.711467 2981.973260 2977.942219 2973.480535 2974.480810 2962.949277 2954.237224 2938.453979 2923.365092 2911.296239 2898.892009 2893.004010 2886.477611 2886.560920 2900.492600 2909.006643 2898.337661 2888.542284 2877.330732 2872.419022 2869.223943 2871.657276 2882.182076 2902.669854 2921.256712 2929.445014 2922.286590 2920.040428 2915.883524 2914.588602 2920.976720 2933.071062 2950.435996 2972.374844 2990.458599 3000.450397 3007.872500 3016.488661 2999.405111 3011.105540 3025.033742 3042.384476
3033.281823 3026.271879 3016.637110 3007.231656 2999.063203 3018.987962 3013.429326 3015.253573 3008.673348 3002.428766 2982.042804 2931.318335 2914.828399 2896.070945 2879.863338 2873.140603 2864.754453 2850.979984 2841.971852 2836.665830 2836.046546 2825.206744 2866.237503 2848.531187 2843.008228 2838.809416 2823.789885 2821.866654 2823.041295 2835.340035 2828.964356 2826.445338 2827.315029 2825.228275 2827.532072 2841.043492 2850.652057 2858.311545 2865.755974 2869.622405 2879.994888 2827.244752 2832.039730 2848.915846 2860.877786 2877.123094 2897.941282 2919.263961 2934.059629 2943.873099 2954.632671 2968.808764 2985.223270 3002.989781 3024.323017
3003.208934 3017.582804 3004.240538 2989.885980 2977.226991 2965.654483 2950.574137 2951.769417 2948.833160 2938.999893 2891.787202 2854.265537 2880.417672 2861.901224 2837.576853 2823.390664 2807.178258 2771.491539 2754.134529 2751.136403 2762.243473 2756.548460 2741.919686 2729.205002 2719.835966 2710.965696 2694.479894 2678.574583 2684.074801 2700.556799 2699.949263 2701.953432 2708.919045 2708.374220 2703.108514 2703.404913 2716.719120 2723.693688 2735.286406 2751.980735 2757.661262 2771.939646 2804.594927 2819.255043 2835.989256 2856.609361 2878.927119 2839.473281 2857.775364 2871.870314 2887.130424 2902.010837 2918.752161 2939.411928 2962.337818
2982.892256 2954.370515 2933.842099 2916.812611 2901.647918 2876.580745 2856.155210 2853.488835 2846.814219 2823.946328 2828.473016 2790.517639 2765.700932 2743.046699 2718.709323 2695.228550 2658.577164 2624.101346 2602.130113 2614.084045 2623.523379 2631.463193 2619.173599 2607.607131 2597.611141 2580.650677 2564.115193 2549.041701 2559.219538 2567.793790 2583.662258 2589.701008 2593.795639 2599.006727 2598.057805 2589.665514 2588.182187 2597.106962 2607.879748 2620.315621 2640.436395 2676.400006 2702.502263 2721.882714 2743.992200 2765.027218 2788.380261 2812.093080 2836.182966 2854.773713 2874.725554 2831.250907 2848.570142 2868.478027 2892.141200
2909.164461 2881.187623 2854.862890 2835.407268 2860.304546 2815.261435 2799.127939 2788.836821 2768.442675 2723.490956 2682.069936 2655.134489 2638.441764 2614.206156 2591.716031 2562.713431 2529.647767 2506.311117 2485.491840 2494.292643 2503.150947 2520.260474 2510.369492 2502.097585 2497.987482 2482.669997 2469.111179 2453.195935 2459.799977 2471.286155 2492.969660 2498.574835 2502.739507 2511.723087 2511.270340 2507.733205 2493.261939 2501.167731 2512.577407 2527.856505 2558.605153 2582.228760 2606.135807 2628.961315 2649.999142 2674.814964 2699.353562 2724.252642 2752.306301 2773.668993 2794.291683 2816.400481 2837.652877 2855.153279 2874.494405
2857.174387 2831.972608 2810.692536 2785.754728 2745.197779 2700.522468 2659.320109 2634.817198 2585.974903 2550.640766 2525.789418 2520.125346 2505.880909 2484.803928 2464.555664 2443.764515 2420.496870 2400.391028 2375.365536 2379.946594 2394.440471 2410.292117 2409.376297 2408.872825 2406.800080 2396.881292 2383.325061 2369.693418 2373.377819 2389.941402 2407.676230 2417.144983 2424.779970 2432.754916 2432.940362 2424.575157 2415.473989 2421.012669 2436.637855 2453.955205 2473.326104 2495.197345 2517.393537 2538.970193 2562.612947 2586.320907 2610.747666 2637.218562 2667.027501 2689.879484 2715.199225 2741.361090 2760.599759 2772.221620 2783.526302
2748.180938 2727.415124 2703.233770 2675.174659 2631.904894 2591.227718 2549.887868 2504.468641 2470.709810 2440.369171 2430.147054 2413.721821 2399.022608 2383.359045 2362.783703 2345.617858 2329.684199 2308.103036 2295.698492 2302.145444 2315.188089 2323.926440 2329.405554 2326.933180 2324.326091 2318.130777 2304.257129 2298.448453 2308.035278 2323.290993 2337.375196 2348.688488 2355.730715 2361.359399 2358.716814 2350.179832 2346.844661 2355.433282 2371.343521 2385.591694 2401.584910 2423.042542 2444.674647 2467.256005 2490.836554 2514.009907 2539.697926 2566.082909 2592.931480 2620.861027 2644.930910 2667.487693 2678.851758 2690.580575 2694.229870
2616.509105 2603.078605 2577.024643 2548.421822 2518.348650 2483.674582 2457.328941 2425.153667 2394.712940 2365.325923 2339.585933 2325.857649 2318.520701 2305.033007 2287.436756 2275.656085 2259.742101 2247.534868 2251.702663 2253.162275 2261.817937 2260.590435 2261.287697 2258.603134 2257.792984 2254.957744 2247.585614 2258.084604 2264.910372 2278.665659 2288.949856 2298.690013 2304.756943 2308.674402 2309.714152 2305.205085 2310.751898 2317.475484 2331.739169 2343.427308 2357.758046 2378.305096 2395.721403 2415.365503 2438.681305 2462.520970 2487.437860 2514.060943 2542.829632 2568.514904 2587.886226 2596.317700 2607.250306 2611.471073 2603.584028
