tests/Borden05m/data_simulated/sim_1/output-maps/psiliqL0004N0017.asc
ncols         160
nrows         34
xllcorner     620200.000000
yllcorner     5168000.000000
cellsize      0.500000
NODATA_value  -9999.0
[rows 0 to 24 of 34, columns 0 to 55 of 160]
-9999.0 -9999.0 -9999.0 -9999.0 -9999.0 -9999.0 -9999.0 -9999.0 -9999.0 -9999.0 -9999.0 -9999.0 -9999.0 -9999.0 -9999.0 -9999.0 -9999.0 -9999.0 -9999.0 -9999.0 -9999.0 -9999.0 -9999.0 -9999.0 -9999.0 -9999.0 -9999.0 -9999.0 -9999.0 -9999.0 -9999.0 -9999.0 -9999.0 -9999.0 -9999.0 -9999.0 -9999.0 -9999.0 -9999.0 -9999.0 -9999.0 -9999.0 -9999.0 -9999.0 -9999.0 -9999.0 -9999.0 -9999.0 -9999.0 -9999.0 -9999.0 -9999.0 -9999.0 -9999.0 -9999.0 -9999.0
-9999.0 -9999.0 -9999.0 -9999.0 -9999.0 -9999.0 -9999.0 -9999.0 -9999.0 -9999.0 -9999.0 -9999.0 -9999.0 -9999.0 -9999.0 -9999.0 -9999.0 -9999.0 -9999.0 -9999.0 -9999.0 -9999.0 -9999.0 -9999.0 -9999.0 -9999.0 -9999.0 -9999.0 -9999.0 -9999.0 -9999.0 -9999.0 -9999.0 -9999.0 -9999.0 -9999.0 -9999.0 -9999.0 -9999.0 -9999.0 -9999.0 -9999.0 -9999.0 -9999.0 -9999.0 -9999.0 -9999.0 -9999.0 -9999.0 -9999.0 -9999.0 -9999.0 -9999.0 -9999.0 -9999.0 -9999.0
-9999.0 -9999.0 -9999.0 -9999.0 -9999.0 -9999.0 -9999.0 -9999.0 -9999.0 -9999.0 -9999.0 -9999.0 -9999.0 -9999.0 -9999.0 -9999.0 -9999.0 -9999.0 -9999.0 -9999.0 -9999.0 -9999.0 -9999.0 -9999.0 -9999.0 -9999.0 -9999.0 -9999.0 -9999.0 -9999.0 -9999.0 -9999.0 -9999.0 -9999.0 -9999.0 -9999.0 -9999.0 -9999.0 -9999.0 -9999.0 -9999.0 -9999.0 -9999.0 -9999.0 -9999.0 -9999.0 -9999.0 -605.472663 -612.845108 -621.704422 -624.085769 -613.926972 -608.678158 -603.657889 -599.939344 -596.434944
-9999.0 -9999.0 -9999.0 -9999.0 -9999.0 -9999.0 -9999.0 -9999.0 -9999.0 -9999.0 -9999.0 -9999.0 -9999.0 -9999.0 -9999.0 -9999.0 -9999.0 -9999.0 -9999.0 -9999.0 -9999.0 -9999.0 -9999.0 -9999.0 -9999.0 -9999.0 -9999.0 -9999.0 -9999.0 -9999.0 -9999.0 -9999.0 -9999.0 -9999.0 -9999.0 -9999.0 -9999.0 -9999.0 -9999.0 -9999.0 -602.908312 -599.648934 -597.271727 -602.114315 -604.680284 -605.201523 -610.915316 -617.250698 -623.723923 -622.198448 -621.993786 -625.712571 -618.198837 -611.833684 -608.864673 -606.229962
-9999.0 -9999.0 -9999.0 -9999.0 -9999.0 -9999.0 -9999.0 -9999.0 -9999.0 -9999.0 -9999.0 -9999.0 -9999.0 -9999.0 -9999.0 -9999.0 -9999.0 -9999.0 -9999.0 -9999.0 -9999.0 -9999.0 -9999.0 -9999.0 -9999.0 -9999.0 -9999.0 -9999.0 -9999.0 -9999.0 -9999.0 -9999.0 -9999.0 -9999.0 -622.168323 -615.527492 -612.047027 -608.645340 -604.189122 -604.941068 -605.550706 -602.665329 -605.208149 -605.705612 -609.348301 -616.053845 -622.944523 -627.020675 -623.694481 -624.974168 -624.758681 -621.133075 -618.371577 -616.714418 -611.379682 -603.587544
-9999.0 -9999.0 -9999.0 -9999.0 -9999.0 -9999.0 -9999.0 -9999.0 -9999.0 -9999.0 -9999.0 -9999.0 -9999.0 -9999.0 -9999.0 -9999.0 -9999.0 -9999.0 -9999.0 -9999.0 -9999.0 -9999.0 -9999.0 -9999.0 -9999.0 -9999.0 -9999.0 -9999.0 -613.179888 -615.708280 -617.688881 -617.667852 -618.566624 -621.804531 -622.353335 -621.187691 -617.163289 -611.100926 -609.564521 -609.755915 -609.002429 -610.124516 -613.732935 -614.218700 -610.645319 -614.756985 -617.143468 -620.092425 -626.534341 -628.112235 -624.219419 -620.256731 -616.630306 -615.094439 -613.731359 -612.880967
-9999.0 -9999.0 -9999.0 -9999.0 -9999.0 -9999.0 -9999.0 -9999.0 -9999.0 -9999.0 -9999.0 -9999.0 -9999.0 -9999.0 -9999.0 -9999.0 -9999.0 -9999.0 -9999.0 -9999.0 -9999.0 -9999.0 -9999.0 -618.349786 -616.023271 -614.968697 -612.849659 -613.765004 -618.364969 -621.509150 -622.921852 -624.051060 -626.605935 -626.734582 -626.447458 -624.265462 -622.331210 -615.924067 -618.050627 -619.384895 -614.161199 -615.115192 -611.955624 -608.483858 -609.378322 -608.950470 -615.853316 -621.147485 -615.957598 -613.682831 -613.565421 -614.227577 -611.871967 -608.760329 -604.940192 -599.050622
-9999.0 -9999.0 -9999.0 -9999.0 -9999.0 -9999.0 -9999.0 -9999.0 -9999.0 -9999.0 -9999.0 -9999.0 -9999.0 -9999.0 -9999.0 -9999.0 -9999.0 -9999.0 -9999.0 -619.130995 -619.776123 -621.058490 -620.396070 -624.703063 -626.496529 -624.979054 -622.329097 -623.629169 -626.258741 -628.550516 -628.249667 -627.873522 -628.264242 -624.462467 -621.204519 -619.681387 -619.675393 -614.437527 -612.404419 -609.299743 -602.459281 -606.399064 -610.567630 -612.794296 -613.010443 -614.166153 -610.243590 -609.002588 -608.349282 -608.371545 -607.875241 -606.452666 -605.200655 -599.118371 -593.206804 -587.909953
-9999.0 -9999.0 -9999.0 -9999.0 -9999.0 -9999.0 -9999.0 -9999.0 -9999.0 -9999.0 -9999.0 -9999.0 -9999.0 -9999.0 -9999.0 -9999.0 -620.641021 -620.969727 -622.557062 -625.062097 -627.317605 -627.256368 -625.224772 -628.496827 -629.483660 -628.494485 -629.778455 -627.800654 -625.741098 -623.382335 -622.239607 -624.478609 -623.765566 -623.680165 -623.406914 -621.569463 -615.720198 -610.175189 -608.271837 -604.227942 -597.887692 -600.919995 -602.407654 -602.278000 -604.197612 -602.044766 -593.038039 -593.823970 -596.919430 -587.517525 -582.276604 -583.303840 -583.442190 -576.876604 -567.242226 -555.111763
-9999.0 -9999.0 -9999.0 -9999.0 -9999.0 -9999.0 -9999.0 -9999.0 -9999.0 -9999.0 -9999.0 -9999.0 -9999.0 -622.754308 -622.996930 -622.292572 -626.226712 -629.504711 -631.443386 -634.120596 -630.099444 -632.619080 -633.250840 -632.383367 -628.754141 -628.382540 -627.692139 -625.247952 -625.590593 -626.284645 -626.961478 -628.699555 -625.429294 -622.068593 -619.461888 -614.643267 -610.535423 -606.976971 -601.560172 -599.716376 -596.000751 -596.799534 -600.214122 -600.881375 -597.811316 -589.172415 -582.122418 -579.033238 -567.689061 -555.652246 -549.204263 -541.641983 -537.333770 -531.286953 -518.129793 -484.726045
-9999.0 -9999.0 -9999.0 -9999.0 -9999.0 -9999.0 -9999.0 -9999.0 -9999.0 -9999.0 -630.213266 -627.941993 -631.374780 -637.687548 -640.364183 -638.602630 -636.732168 -638.959139 -638.559629 -631.380202 -627.328916 -633.244314 -628.628416 -628.230061 -630.555947 -629.530374 -627.363190 -626.558745 -621.986118 -621.294533 -620.682022 -613.571064 -611.112491 -608.521076 -605.196755 -601.491515 -597.877799 -587.074768 -577.722140 -576.453065 -564.709560 -557.438036 -562.525037 -564.318359 -562.130565 -553.095101 -538.373298 -517.794437 -497.196254 -468.615088 -442.838440 -425.418320 -412.442717 -397.526469 -380.011367 -354.063877
-9999.0 -9999.0 -9999.0 -9999.0 -9999.0 -9999.0 -9999.0 -9999.0 -640.013917 -636.186392 -633.777954 -636.734583 -640.799539 -648.174123 -645.075692 -642.011688 -639.814364 -636.710901 -635.038438 -633.496576 -634.569065 -631.854096 -627.117078 -627.774809 -626.911833 -623.699000 -623.034458 -619.910313 -615.351461 -616.200990 -613.242565 -608.686407 -604.624663 -600.918991 -596.662194 -593.422967 -582.246536 -567.699950 -552.347064 -538.769389 -520.018634 -498.072341 -497.237752 -493.240591 -487.913288 -458.284028 -420.338614 -383.513512 -356.134324 -333.520794 -309.982661 -296.409976 -286.993626 -275.156568 -260.543935 -247.294735
-9999.0 -9999.0 -9999.0 -9999.0 -9999.0 -9999.0 -646.273853 -637.434928 -633.210133 -642.608408 -650.191797 -652.824735 -657.463894 -647.183032 -638.434543 -636.486360 -634.894505 -633.045169 -633.390237 -638.168979 -625.132428 -627.654799 -629.394021 -625.024779 -624.661104 -623.673299 -620.578759 -614.344255 -610.738091 -599.268873 -590.419283 -582.566571 -572.926164 -566.494380 -559.827406 -551.902936 -532.748395 -504.039764 -467.176017 -430.494040 -397.124878 -366.949684 -356.064477 -350.370605 -343.668207 -330.360873 -306.276033 -279.949704 -249.214361 -219.689007 -197.476181 -187.045131 -177.560866 -166.708458 -153.382126 -138.870828
-9999.0 -9999.0 -9999.0 -9999.0 -642.252028 -640.056760 -641.230924 -633.478679 -628.185436 -639.261433 -635.204174 -637.181358 -640.951867 -645.424291 -650.774070 -646.282366 -643.466453 -641.389836 -641.495671 -628.423733 -617.127787 -622.427433 -616.431352 -605.820196 -606.860511 -604.983334 -603.455425 -597.826919 -588.463060 -576.581858 -553.112194 -530.669195 -513.310311 -493.971499 -473.809492 -446.524134 -408.561938 -369.031832 -339.438411 -311.508694 -284.998923 -263.146192 -248.582430 -240.206612 -229.919079 -217.441804 -200.291866 -175.684756 -147.078584 -112.763864 -86.876888 -71.524780 -63.475194 -53.521172 -41.305895 -23.557021
-9999.0 -9999.0 -9999.0 -648.221559 -639.376148 -635.764605 -639.106874 -636.985848 -630.195018 -635.953084 -636.857784 -637.755986 -638.246582 -637.926788 -638.136110 -635.354352 -634.411293 -635.565863 -633.111764 -624.553874 -619.544346 -612.232240 -605.978437 -597.547016 -590.567463 -587.207945 -582.902627 -573.385500 -551.960131 -525.880876 -480.351024 -420.897471 -378.737021 -354.958456 -339.863073 -320.070564 -299.992984 -270.443010 -241.141535 -213.216813 -184.909522 -160.961303 -139.076019 -125.892501 -118.124833 -110.514768 -91.821598 -70.723114 -46.257375 1.993491 31.700040 51.095395 61.474366 68.255487 81.498778 94.670719
-9999.0 -9999.0 -647.362484 -642.146560 -644.933986 -638.259031 -630.892223 -634.441057 -625.934839 -622.846020 -629.868016 -625.094615 -622.368975 -626.486204 -622.912631 -618.913535 -616.699909 -621.834900 -625.024648 -615.072309 -595.484810 -579.103300 -568.674412 -533.741661 -512.179405 -497.637939 -489.269365 -465.901431 -429.316589 -379.410293 -338.260870 -297.344102 -262.046132 -233.995379 -221.599611 -206.761973 -184.446029 -160.801065 -131.974812 -104.922153 -78.110032 -53.295020 -26.722357 8.657550 12.697626 8.609376 44.583472 64.329240 83.652926 102.415102 118.585410 120.031030 120.213313 120.372133 120.934830 121.280629
-9999.0 -9999.0 -653.318296 -644.792079 -649.784978 -636.553113 -624.074643 -633.195684 -628.501488 -616.151679 -618.057601 -615.693263 -615.967823 -614.329953 -608.319122 -598.047566 -602.072523 -603.652959 -613.568902 -586.386435 -561.297966 -519.050264 -445.420470 -385.431885 -352.051652 -345.498211 -341.191605 -327.608111 -306.466756 -267.269983 -219.357750 -168.552668 -127.150406 -99.732571 -86.056917 -71.714097 -49.083959 -6.544750 9.950133 39.127276 56.589326 74.749521 95.147015 113.513893 119.382055 118.692013 119.617894 119.855007 120.616271 120.447562 120.395444 116.930372 115.314794 116.570857 117.845545 113.063291
-9999.0 -656.189390 -651.628265 -650.816885 -641.987778 -643.328862 -632.067524 -616.885651 -615.007264 -608.469735 -606.622158 -611.726968 -585.449492 -562.734850 -553.311001 -534.809963 -540.977407 -546.102628 -556.382496 -529.073863 -477.529092 -380.943191 -285.101598 -237.146847 -212.264379 -209.369792 -212.509613 -200.482301 -177.763880 -140.353286 -73.358047 -1.945999 37.434418 64.863875 73.515350 75.618213 88.522002 105.281103 119.958590 123.256020 124.234796 124.533458 120.528023 120.841296 121.034192 121.060526 117.602514 111.755574 103.881289 95.158268 91.859043 86.339709 73.873776 91.828892 94.134077 87.075592
-9999.0 -669.462796 -652.416743 -642.592973 -645.267834 -650.540992 -626.646410 -593.146112 -599.299733 -599.647401 -598.077943 -576.640008 -518.543559 -462.059748 -424.070587 -387.852577 -389.459384 -400.882197 -399.001290 -366.699751 -320.292694 -249.368204 -143.993424 -75.643049 -82.542906 -80.586560 -75.956915 -55.861552 -26.405279 9.516521 75.959595 105.042365 110.654968 112.113724 112.647044 112.829884 113.163058 113.442373 110.396054 106.996575 102.522407 102.593579 106.035327 105.727728 102.859685 98.262882 91.830469 83.680744 73.810884 46.512988 37.796928 32.199881 27.899559 30.384891 26.894579 20.503337
-9999.0 -656.471578 -638.034449 -642.090208 -656.238304 -633.486727 -621.548826 -595.326890 -574.615612 -574.112095 -546.264472 -465.087943 -380.271526 -323.442907 -289.457346 -270.342932 -258.280293 -259.497400 -239.195754 -191.306320 -115.797531 -10.787044 34.436391 80.023007 43.602236 22.465621 13.124746 12.631537 17.487140 28.711692 51.910786 89.719994 100.030538 103.467008 102.267105 97.710633 92.669054 84.988404 79.915006 76.251736 67.406630 67.276767 75.319867 75.543274 68.244777 42.647957 32.238786 23.607606 14.056067 1.032719 -6.231270 -11.937409 -15.278632 -19.532336 -24.477150 -30.810806
-9999.0 -680.353428 -652.216160 -674.719467 -643.174829 -616.640900 -615.321032 -575.316458 -528.379172 -503.901606 -407.191093 -333.991878 -266.943218 -219.619495 -184.059968 -146.073697 -120.087658 -93.337379 -58.425744 -21.687877 71.946694 98.564712 101.823570 101.272615 83.184023 29.539769 7.573430 -13.823236 -21.510114 -20.993736 -6.818375 19.249093 56.495140 69.415844 64.871983 39.941471 33.391186 28.155917 24.166521 16.039374 7.586323 2.482945 2.447433 7.152612 -0.724038 -10.485827 -19.590874 -29.291147 -39.627645 -49.830529 -58.927587 -66.638132 -70.267161 -76.167992 -77.821883 -84.794348
-9999.0 -698.862089 -677.431663 -662.864737 -636.019065 -616.746482 -596.995352 -554.466891 -462.809233 -379.199448 -313.973977 -278.960745 -225.726072 -167.664528 -110.077233 -78.974764 -62.269623 -55.332347 -45.567578 -33.987049 -31.417967 11.573143 27.998372 45.148985 9.033419 -11.007468 -29.642781 -43.926699 -49.453423 -46.076314 -39.738031 -30.231034 -19.936187 -16.758135 -20.380185 -24.914725 -23.944649 -30.307412 -37.694635 -44.777840 -51.287504 -58.681784 -63.720939 -66.733705 -70.389407 -73.128972 -81.867652 -92.924423 -103.883377 -112.653856 -121.111458 -127.680579 -130.056105 -134.516227 -140.213943 -149.926555
-9999.0 -744.950063 -670.826427 -663.194820 -646.959652 -640.863304 -633.745022 -598.780679 -544.379219 -392.683088 -259.416053 -241.746935 -223.187951 -189.451692 -134.681744 -84.882668 -78.849804 -106.277711 -126.545022 -133.343064 -122.321400 -100.473687 -82.744314 -65.046913 -61.939329 -63.408908 -69.234704 -79.452093 -91.391239 -95.670524 -95.356025 -97.791035 -98.966620 -97.131576 -98.922669 -95.791569 -93.710439 -102.963749 -114.606147 -128.154421 -140.051720 -148.900743 -152.123120 -152.053514 -153.337449 -157.004301 -164.541891 -174.310069 -185.966340 -196.400708 -204.415877 -209.958881 -215.430249 -222.792363 -230.982149 -239.881533
-9999.0 -9999.0 -702.469675 -663.208211 -658.536210 -652.509564 -646.434818 -619.509356 -588.317784 -496.331718 -396.713571 -340.326113 -306.032127 -273.833310 -228.146539 -188.569630 -182.528355 -176.348867 -199.730755 -198.496775 -191.275871 -182.012885 -169.760427 -157.570904 -148.426672 -143.752997 -141.397518 -143.816550 -151.838857 -163.863622 -177.158618 -186.907593 -192.840024 -197.310840 -191.036579 -182.142412 -183.804565 -189.987069 -200.216840 -213.581727 -224.817220 -236.015801 -239.017852 -238.241051 -238.491433 -241.377001 -246.281952 -257.285629 -268.478091 -279.825071 -285.312635 -290.640434 -295.857983 -304.843228 -313.963960 -324.059653
-9999.0 -9999.0 -753.668228 -683.157572 -657.914032 -641.346429 -643.120936 -639.805308 -604.166040 -583.451231 -552.245870 -506.832538 -454.742297 -403.303215 -371.025077 -337.604578 -322.648511 -315.605678 -314.280850 -305.163831 -288.697952 -272.449042 -260.856294 -249.785532 -239.433486 -231.160343 -224.220596 -232.830877 -241.667405 -254.732384 -270.833569 -288.434682 -297.851256 -303.085662 -299.612413 -293.470383 -297.506790 -305.752079 -316.961049 -329.674496 -339.142620 -348.011315 -350.551203 -351.536305 -351.779974 -353.695347 -356.391376 -364.417819 -375.813208 -385.595565 -394.263209 -402.129215 -407.204990 -417.193745 -429.990862 -440.656743
