tests/Borden05m/data_simulated/sim_1/output-maps/psiliqL0006N0017.asc
ncols         160
nrows         34
xllcorner     620200.000000
yllcorner     5168000.000000
cellsize      0.500000
NODATA_value  -9999.0
[rows 0 to 24 of 34, columns 56 to 111 of 160]
-9999.0 -9999.0 -9999.0 -9999.0 -9999.0 -9999.0 -9999.0 -9999.0 -9999.0 -9999.0 -9999.0 -9999.0 -9999.0 -9999.0 -9999.0 -9999.0 -9999.0 -9999.0 -9999.0 -9999.0 -9999.0 -9999.0 -9999.0 -9999.0 -9999.0 -9999.0 -9999.0 -9999.0 -9999.0 -9999.0 -9999.0 -9999.0 -9999.0 -9999.0 -9999.0 -9999.0 -9999.0 -9999.0 -9999.0 -9999.0 -9999.0 -9999.0 -9999.0 -9999.0 -9999.0 -9999.0 -9999.0 -9999.0 -9999.0 -9999.0 -9999.0 -9999.0 -9999.0 -9999.0 -9999.0 -9999.0
-9999.0 -9999.0 -9999.0 -567.702783 -573.499014 -579.215342 -584.589658 -594.164102 -603.778399 -612.914130 -617.116134 -618.180326 -619.239499 -619.791446 -614.469459 -606.538014 -598.902721 -591.573614 -589.283388 -586.885294 -584.510744 -583.993992 -585.411984 -588.813224 -592.226239 -595.769372 -597.235284 -605.973041 -617.809024 -627.117321 -629.981349 -625.307839 -620.639823 -618.038533 -611.617787 -600.325362 -589.005681 -580.131957 -568.077832 -562.573279 -557.164758 -553.551883 -557.509545 -560.930728 -564.381440 -568.728810 -579.896758 -9999.0 -9999.0 -9999.0 -9999.0 -9999.0 -9999.0 -9999.0 -9999.0 -9999.0
-605.757797 -586.243236 -583.023840 -594.120100 -599.066326 -602.620622 -605.111134 -610.691284 -619.943968 -625.706257 -631.521675 -633.330941 -633.557109 -633.683783 -629.504372 -619.668925 -611.612190 -606.817370 -604.508210 -602.153715 -601.925298 -602.471677 -602.965384 -606.009239 -609.563846 -613.103516 -614.962296 -615.117593 -622.966738 -628.358890 -631.647723 -632.678627 -630.213732 -627.881898 -624.980461 -614.953107 -606.310475 -597.664409 -583.211245 -570.573798 -565.134332 -567.386991 -572.375769 -575.833637 -581.882988 -591.436664 -601.924574 -612.716504 -620.004444 -625.241776 -630.148762 -623.713552 -617.223649 -606.409311 -595.637941 -583.195880
-623.023818 -603.178581 -600.484802 -611.915087 -620.856474 -625.229931 -625.486174 -623.700365 -627.845134 -632.915583 -636.949295 -629.517340 -628.473157 -627.437554 -624.338517 -620.790395 -618.942110 -616.170982 -610.874740 -601.821473 -599.291258 -598.881991 -598.848924 -600.790875 -604.039982 -605.899499 -608.794126 -614.193383 -615.036134 -614.504189 -614.305575 -608.764391 -607.242451 -606.041480 -613.473601 -610.140165 -603.609213 -596.437153 -588.916169 -581.446134 -576.180367 -579.130325 -580.356872 -588.521955 -602.283563 -613.835717 -622.559811 -625.211385 -628.124757 -635.606520 -647.533633 -640.424322 -624.373428 -619.430486 -615.329703 -602.848797
-631.767294 -619.857643 -617.111153 -622.640599 -622.134115 -621.002138 -619.755860 -621.728958 -625.080003 -626.432712 -613.091500 -603.438696 -601.948440 -599.143794 -595.944013 -597.710298 -610.858795 -613.825852 -604.988361 -594.203635 -588.126134 -588.126546 -588.259043 -589.647302 -590.784589 -591.443515 -594.099594 -592.767927 -589.938435 -588.773409 -583.165038 -577.258626 -574.486626 -583.957104 -593.683576 -593.414089 -585.547864 -577.393844 -569.629093 -557.890280 -545.297876 -546.645958 -552.571664 -561.564696 -575.523388 -599.492515 -619.905526 -630.259277 -636.414226 -643.067000 -644.025048 -645.616672 -634.923400 -632.818684 -630.930144 -621.744654
-628.016928 -606.645609 -598.205267 -604.935344 -611.494121 -615.781771 -615.566214 -615.443939 -611.689071 -597.594504 -583.102128 -566.957521 -564.330520 -561.767527 -562.119021 -572.883101 -583.912231 -588.856438 -572.916276 -556.574827 -547.866759 -546.706552 -545.402638 -536.029588 -538.610845 -542.061613 -548.364708 -545.534059 -541.625531 -528.427210 -520.319891 -513.262201 -515.380020 -528.008342 -539.604122 -542.066008 -540.610972 -539.153923 -533.061648 -521.555611 -510.061468 -515.054233 -523.437078 -535.106283 -566.085792 -595.844741 -613.578515 -612.373367 -611.550237 -615.902309 -618.888972 -622.679630 -630.645860 -630.812885 -631.048248 -631.342529
-578.360494 -558.919099 -541.722779 -548.401185 -558.065081 -570.519899 -570.478401 -566.589654 -557.663492 -543.165096 -522.306719 -495.200268 -489.856295 -484.537535 -479.069512 -490.991605 -504.695075 -518.231256 -502.084757 -491.178320 -480.155744 -474.632223 -459.671361 -446.740180 -452.713539 -463.393294 -473.807066 -466.027561 -448.088042 -429.363765 -421.313586 -417.096979 -415.747028 -427.348918 -434.358139 -439.243048 -440.681335 -446.595164 -444.265278 -430.085473 -410.631657 -410.528503 -426.608123 -455.610225 -497.166014 -536.983975 -562.512798 -559.057210 -565.728628 -571.830765 -576.688804 -591.677354 -603.936854 -604.317693 -614.113437 -620.566807
-527.091086 -506.721192 -486.087875 -489.150711 -502.185990 -515.417559 -514.927762 -505.111951 -494.483300 -472.051463 -440.380799 -405.477232 -384.923845 -371.457387 -358.852866 -367.763219 -380.566510 -393.587725 -388.144966 -370.358714 -351.983426 -333.696679 -314.425815 -296.856421 -303.319977 -315.220178 -317.983776 -311.541492 -289.017839 -269.672295 -261.962782 -257.956092 -252.140479 -258.572099 -268.711275 -280.936500 -293.463221 -305.040416 -312.352741 -293.491690 -275.445889 -279.199855 -312.727857 -349.147944 -396.851775 -445.841720 -489.374288 -499.484066 -501.561678 -504.970156 -523.228075 -541.078535 -562.900159 -575.718079 -585.446162 -601.733586
-411.457384 -379.708517 -351.134103 -341.560536 -358.703356 -363.458976 -355.991570 -340.218634 -330.704619 -310.237031 -269.821935 -225.598292 -194.640744 -170.292157 -165.287764 -173.980705 -183.671142 -198.537270 -205.216177 -191.140056 -177.754292 -165.379309 -153.910196 -142.818183 -136.012749 -137.035650 -137.065621 -134.429464 -130.329341 -124.178285 -117.788909 -111.682379 -105.161574 -103.930774 -112.459399 -121.012391 -130.975674 -140.126899 -143.275977 -144.677024 -138.614614 -139.902305 -159.463748 -186.760843 -221.188836 -265.731352 -311.090796 -346.112666 -351.170241 -373.827979 -400.189808 -432.539890 -479.359905 -504.607032 -525.162965 -558.915040
-259.007572 -222.163349 -201.441850 -183.801234 -183.143398 -179.699345 -175.750235 -169.058379 -163.328635 -155.349632 -124.780473 -90.751126 -59.726796 -34.695372 -24.911793 -33.357432 -42.790289 -53.516823 -62.911124 -62.477019 -50.077049 -34.879636 -20.141912 -10.403466 -7.169409 -8.681097 -8.598480 -7.231850 -4.158721 -2.066923 2.410003 8.732292 18.893525 31.012722 27.675273 11.853876 -1.567631 -17.526904 -25.514981 -29.005746 -33.960655 -34.711242 -36.791310 -60.718340 -86.264988 -116.855224 -148.744094 -172.253765 -193.733971 -217.082330 -243.724826 -298.182562 -356.326993 -405.388740 -445.832189 -484.176098
-127.579738 -98.530451 -72.910156 -57.628513 -51.960229 -49.073243 -44.832382 -37.097837 -30.517269 -21.990487 -3.304178 30.415537 66.785766 98.868278 107.027163 100.648188 89.936624 79.804600 71.604139 67.832641 73.705593 82.372224 95.185911 105.684638 114.588789 115.372144 114.855405 115.704914 117.928747 118.395209 120.192242 124.389689 134.943414 144.231294 144.861041 136.341997 120.075681 101.244719 87.295757 77.084384 69.910890 68.474563 68.532402 66.311163 45.619981 13.353876 -28.495019 -58.076436 -81.028372 -95.286915 -110.942150 -128.315863 -168.135594 -192.424843 -227.976236 -272.902294
-19.991205 7.534598 35.840563 55.572758 66.056046 68.959712 75.233419 86.966434 96.082914 107.008737 123.834547 143.294190 171.806674 207.963124 229.924507 228.035381 211.811416 203.728386 201.739356 194.806299 202.390669 208.310505 212.951507 224.234131 229.712524 239.604484 234.485515 239.043492 241.601855 235.585243 241.385125 235.271407 244.073222 249.980593 245.149410 248.872595 236.517819 217.015236 188.613430 174.399768 167.899682 163.835955 162.922979 160.507570 150.409476 124.867641 88.018113 52.221178 26.303825 7.587737 -6.333991 -16.511555 -27.073919 -42.053628 -68.174202 -106.418415
85.903728 109.420126 132.280483 157.391523 174.329510 180.545612 193.474802 210.693401 223.182011 231.990871 253.838631 265.106582 278.957184 300.458379 311.388247 317.051479 317.389235 318.518885 320.761983 319.550037 315.645147 317.023173 317.692626 318.670160 320.687539 321.921567 321.067504 321.779978 322.815777 321.906361 323.100199 321.958787 321.372000 322.024173 320.941905 321.561597 318.407903 312.180680 294.962331 283.004111 275.771089 268.466469 260.233802 250.999951 241.649979 225.727606 189.945333 154.043120 121.912400 104.020377 94.649898 87.974026 82.257755 67.873802 47.012978 20.212765
206.433052 221.126097 232.289232 260.812723 275.778625 280.317035 295.347672 303.448980 314.655500 324.461667 326.506356 327.212170 328.354374 330.161125 330.808797 330.998017 330.870276 328.557271 328.090142 326.371182 320.752435 311.712343 312.871182 313.828519 315.780108 318.874137 316.827484 316.692147 320.347014 319.462867 314.822896 311.591242 310.146329 310.258646 316.842250 319.450885 318.878120 319.809185 319.250078 318.953519 318.665662 318.322398 318.185053 317.813671 314.503877 305.355337 283.501681 254.786642 222.485111 193.652974 181.891364 180.967449 176.314110 168.125483 145.311156 117.332695
306.259147 317.673585 324.721283 327.668888 328.478669 328.588487 331.578740 334.239556 334.652705 330.981646 327.119240 322.497524 321.011956 319.952198 317.699854 318.337722 316.279961 312.240768 308.351353 300.799939 288.521745 276.439555 274.189755 278.608864 282.851457 286.060628 286.583562 283.348272 290.950475 288.593351 281.964058 275.533803 273.537660 279.536633 284.740852 287.940730 282.021899 286.356577 286.384069 287.419834 286.054992 287.385299 294.778737 309.136731 317.364000 317.930240 317.562777 315.998468 312.613571 292.284094 272.554793 274.241277 269.359548 255.822766 223.585512 196.507962
324.548386 324.070985 321.601478 316.125222 310.709685 310.173903 314.083994 320.756126 322.255410 315.368400 306.899884 297.896494 289.928987 287.915862 286.179110 285.200383 284.782284 278.917202 269.818978 245.510571 227.882585 214.406211 207.419358 206.010685 211.192468 219.153734 225.673963 228.167863 224.623681 219.134100 210.216487 202.800283 203.080643 205.923082 214.075227 225.082049 226.033931 228.077227 225.107942 222.857179 218.765101 219.498323 231.176973 257.216093 273.771983 286.604135 294.851703 303.601833 310.145405 316.525323 316.532482 316.626644 316.422937 312.037264 296.469141 276.877394
308.804087 300.301963 294.408869 287.442154 281.470566 279.908814 282.697272 286.151904 283.364536 276.202067 263.620017 241.394797 227.242963 220.471730 220.347248 221.714754 221.495308 214.760810 199.324572 178.505163 162.229790 147.033711 142.290276 137.625262 134.995230 144.975532 159.357284 164.161342 152.890745 144.558373 131.999736 124.896503 122.607275 124.403780 133.430888 150.620248 166.164463 167.203755 159.214958 151.647372 148.214408 147.951530 158.398563 181.658380 202.921763 218.489829 231.230013 246.887813 259.218034 269.548383 280.715918 293.453300 305.307297 316.199433 317.222230 316.734616
276.190249 257.343410 245.668850 237.237048 230.578210 226.117610 223.689417 221.580824 215.608800 208.189139 195.745375 179.683966 166.027447 152.308795 148.707440 146.384037 147.829043 136.445039 124.218458 103.563181 87.279385 71.475321 62.614559 56.763646 51.335721 58.149495 73.734441 82.553872 67.834961 58.087309 45.172962 38.865893 35.871480 37.143634 46.366230 68.467858 86.307179 92.233002 84.553443 78.264120 75.743704 76.103417 82.921640 100.739601 122.313731 143.225152 159.638665 172.629029 183.261801 195.079614 210.824027 228.281424 252.084029 271.311554 290.269504 305.331435
221.261482 207.266650 195.579381 184.344127 173.611479 167.560476 167.863170 161.040116 154.528333 143.339832 102.291648 85.493551 68.083631 53.669806 48.674716 41.908277 37.942922 28.528314 20.864813 9.651619 -5.963682 -22.282401 -36.591448 -41.359445 -45.506542 -50.165666 -41.493805 -37.514097 -39.251352 -46.184896 -53.094619 -56.574416 -58.907695 -55.401780 -43.040479 -31.011388 -19.937417 -14.666129 -18.975487 -13.753823 -8.103339 -6.811944 8.267994 22.748213 40.962947 62.512373 85.160593 98.284781 108.787578 120.770125 137.527586 156.581157 177.994820 203.032756 230.507165 256.082950
169.275662 154.958565 140.571055 127.984539 115.812872 104.360439 104.709111 100.822628 94.087581 61.401058 20.850918 -8.743054 -25.720889 -45.209957 -54.482302 -62.732986 -82.986195 -95.578370 -103.534736 -102.590788 -113.819735 -130.170478 -144.091173 -151.154666 -156.415043 -166.599829 -170.857335 -167.092141 -158.232918 -164.096478 -167.218473 -164.711746 -166.729957 -168.717084 -160.981288 -147.444647 -139.289866 -130.854722 -122.594160 -117.932671 -111.267303 -88.862822 -75.125887 -61.004938 -41.748643 -20.699305 1.241054 19.782651 32.391571 46.566437 65.571619 83.162564 105.483511 130.760721 160.911276 183.583339
103.064376 85.172324 69.925084 54.680306 38.335443 18.698262 16.539244 9.693210 -3.148797 -42.511898 -80.397789 -110.096734 -130.703324 -153.581038 -169.402279 -192.393972 -224.892904 -247.169525 -246.799283 -240.887261 -246.151875 -265.335464 -284.356249 -299.725342 -316.798148 -337.389537 -349.967236 -339.981271 -328.312194 -324.188412 -322.173720 -317.827649 -316.823264 -317.993127 -318.575201 -303.769725 -290.334272 -275.995914 -263.163535 -249.945525 -218.357479 -189.755194 -170.435408 -149.454634 -129.159720 -106.451248 -82.953751 -63.134962 -48.426381 -30.794472 -12.022792 8.294691 29.681079 55.524974 85.615104 110.157203
35.558170 11.092032 -8.819343 -30.163906 -62.021214 -75.525412 -83.904341 -92.458982 -121.713359 -160.983306 -199.359941 -231.616107 -263.712230 -298.162265 -334.961066 -376.323483 -414.474377 -439.362607 -432.967774 -425.495345 -416.980895 -433.972949 -450.325738 -459.785016 -476.614032 -492.837607 -507.680157 -498.438308 -488.307562 -472.758618 -469.393277 -466.110007 -459.954021 -461.629606 -463.330926 -468.136460 -457.080087 -445.169652 -429.662400 -397.984258 -363.122381 -327.899640 -297.009018 -266.452730 -234.949917 -203.184799 -173.463293 -146.802115 -127.154577 -107.978157 -86.925176 -67.294932 -48.307575 -26.138612 0.369295 23.715816
-56.476792 -76.922323 -98.301096 -128.786215 -169.055840 -199.882028 -213.428393 -248.597259 -290.290225 -348.301633 -385.344766 -415.561665 -447.070645 -474.599865 -499.902165 -530.259054 -556.132313 -580.311139 -576.077624 -563.711615 -549.834044 -559.019100 -564.708567 -568.508618 -580.912287 -595.027160 -608.940090 -605.051242 -590.208256 -573.312531 -567.088527 -560.985265 -553.464489 -553.522058 -559.775263 -568.278207 -562.418707 -548.951586 -532.649190 -509.063723 -483.894180 -458.376540 -433.682689 -404.446675 -371.005645 -334.713224 -295.011760 -255.619856 -226.923174 -195.638418 -165.887307 -143.626225 -129.436513 -112.701381 -87.135565 -68.036589
-149.695121 -173.265450 -201.338103 -248.340964 -306.188226 -366.840237 -412.562862 -453.183317 -491.251994 -517.636365 -540.259734 -561.306876 -581.621963 -602.985187 -623.527002 -643.882051 -665.889053 -686.728869 -681.340748 -667.438841 -653.950818 -652.566283 -655.660977 -658.752401 -667.004138 -680.629233 -693.420486 -685.453900 -669.769014 -654.182416 -644.651855 -638.109666 -631.672613 -634.577516 -642.910514 -650.721532 -643.115097 -627.918308 -612.780250 -594.511536 -572.655997 -550.468399 -528.161043 -504.192032 -479.097244 -449.970884 -417.530346 -381.832970 -344.908592 -307.666555 -271.236972 -249.831106 -230.289124 -213.268562 -189.001867 -166.129633
-287.670271 -324.531922 -365.071812 -413.232221 -464.783758 -503.426149 -538.346921 -570.869746 -602.373208 -627.317666 -645.918472 -656.480243 -671.420135 -691.032341 -704.798431 -721.696727 -742.114586 -744.405567 -740.046641 -726.684072 -723.588440 -722.814656 -725.832158 -726.914867 -732.101519 -744.888706 -740.020723 -731.958978 -716.595095 -705.457164 -696.224535 -689.881723 -685.641707 -686.613083 -694.518907 -692.459329 -685.149785 -670.400336 -658.602396 -643.092655 -622.033440 -604.511056 -584.793471 -562.550952 -539.322007 -514.306074 -487.133418 -456.682781 -426.977741 -399.729778 -382.472550 -363.855492 -349.450460 -348.326547 -322.525943 -295.232628
