tests/Borden05m/data_simulated/sim_1/output-maps/psiliqL0021N0008.asc
ncols         160
nrows         34
xllcorner     620200.000000
yllcorner     5168000.000000
cellsize      0.500000
NODATA_value  -9999.0
[rows 0 to 24 of 34, columns 0 to 54 of 160]
-9999.0 -9999.0 -9999.0 -9999.0 -9999.0 -9999.0 -9999.0 -9999.0 -9999.0 -9999.0 -9999.0 -9999.0 -9999.0 -9999.0 -9999.0 -9999.0 -9999.0 -9999.0 -9999.0 -9999.0 -9999.0 -9999.0 -9999.0 -9999.0 -9999.0 -9999.0 -9999.0 -9999.0 -9999.0 -9999.0 -9999.0 -9999.0 -9999.0 -9999.0 -9999.0 -9999.0 -9999.0 -9999.0 -9999.0 -9999.0 -9999.0 -9999.0 -9999.0 -9999.0 -9999.0 -9999.0 -9999.0 -9999.0 -9999.0 -9999.0 -9999.0 -9999.0 -9999.0 -9999.0 -9999.0
-9999.0 -9999.0 -9999.0 -9999.0 -9999.0 -9999.0 -9999.0 -9999.0 -9999.0 -9999.0 -9999.0 -9999.0 -9999.0 -9999.0 -9999.0 -9999.0 -9999.0 -9999.0 -9999.0 -9999.0 -9999.0 -9999.0 -9999.0 -9999.0 -9999.0 -9999.0 -9999.0 -9999.0 -9999.0 -9999.0 -9999.0 -9999.0 -9999.0 -9999.0 -9999.0 -9999.0 -9999.0 -9999.0 -9999.0 -9999.0 -9999.0 -9999.0 -9999.0 -9999.0 -9999.0 -9999.0 -9999.0 -9999.0 -9999.0 -9999.0 -9999.0 -9999.0 -9999.0 -9999.0 -9999.0
-9999.0 -9999.0 -9999.0 -9999.0 -9999.0 -9999.0 -9999.0 -9999.0 -9999.0 -9999.0 -9999.0 -9999.0 -9999.0 -9999.0 -9999.0 -9999.0 -9999.0 -9999.0 -9999.0 -9999.0 -9999.0 -9999.0 -9999.0 -9999.0 -9999.0 -9999.0 -9999.0 -9999.0 -9999.0 -9999.0 -9999.0 -9999.0 -9999.0 -9999.0 -9999.0 -9999.0 -9999.0 -9999.0 -9999.0 -9999.0 -9999.0 -9999.0 -9999.0 -9999.0 -9999.0 -9999.0 -9999.0 2310.792377 2293.908903 2280.202900 2277.051791 2299.352958 2323.293919 2347.856877 2369.123100
-9999.0 -9999.0 -9999.0 -9999.0 -9999.0 -9999.0 -9999.0 -9999.0 -9999.0 -9999.0 -9999.0 -9999.0 -9999.0 -9999.0 -9999.0 -9999.0 -9999.0 -9999.0 -9999.0 -9999.0 -9999.0 -9999.0 -9999.0 -9999.0 -9999.0 -9999.0 -9999.0 -9999.0 -9999.0 -9999.0 -9999.0 -9999.0 -9999.0 -9999.0 -9999.0 -9999.0 -9999.0 -9999.0 -9999.0 -9999.0 2358.070944 2364.332445 2365.168661 2355.731363 2345.115816 2332.575577 2312.641555 2295.348976 2282.059006 2280.546750 2283.795726 2288.120317 2310.267222 2336.197618 2356.788788
-9999.0 -9999.0 -9999.0 -9999.0 -9999.0 -9999.0 -9999.0 -9999.0 -9999.0 -9999.0 -9999.0 -9999.0 -9999.0 -9999.0 -9999.0 -9999.0 -9999.0 -9999.0 -9999.0 -9999.0 -9999.0 -9999.0 -9999.0 -9999.0 -9999.0 -9999.0 -9999.0 -9999.0 -9999.0 -9999.0 -9999.0 -9999.0 -9999.0 -9999.0 2263.256868 2280.785259 2299.399799 2318.633601 2336.244126 2343.802755 2349.905544 2355.905502 2352.113931 2348.343294 2337.524106 2317.910808 2299.192202 2286.620914 2285.918568 2284.266679 2288.927380 2301.801525 2319.346356 2335.636325 2357.118994
-9999.0 -9999.0 -9999.0 -9999.0 -9999.0 -9999.0 -9999.0 -9999.0 -9999.0 -9999.0 -9999.0 -9999.0 -9999.0 -9999.0 -9999.0 -9999.0 -9999.0 -9999.0 -9999.0 -9999.0 -9999.0 -9999.0 -9999.0 -9999.0 -9999.0 -9999.0 -9999.0 -9999.0 2265.190945 2259.711920 2255.503311 2254.765592 2254.198877 2253.934140 2261.130070 2273.223603 2291.384259 2314.158343 2328.180394 2336.236835 2343.762068 2345.033957 2340.301346 2339.368091 2340.691834 2329.211833 2318.008854 2307.569825 2297.473667 2295.860556 2305.960951 2321.124337 2338.283807 2353.892119 2370.064849
-9999.0 -9999.0 -9999.0 -9999.0 -9999.0 -9999.0 -9999.0 -9999.0 -9999.0 -9999.0 -9999.0 -9999.0 -9999.0 -9999.0 -9999.0 -9999.0 -9999.0 -9999.0 -9999.0 -9999.0 -9999.0 -9999.0 -9999.0 2233.082331 2238.700310 2245.814596 2254.093498 2255.714308 2252.629579 2247.840394 2245.849441 2245.308256 2244.180308 2249.606852 2257.844298 2271.898446 2288.297053 2311.412267 2320.782551 2326.724397 2339.381450 2343.736242 2351.812177 2356.828517 2356.039923 2353.421694 2340.432389 2330.744454 2335.033680 2340.802076 2348.691458 2357.912055 2372.304510 2387.613685 2404.564080
-9999.0 -9999.0 -9999.0 -9999.0 -9999.0 -9999.0 -9999.0 -9999.0 -9999.0 -9999.0 -9999.0 -9999.0 -9999.0 -9999.0 -9999.0 -9999.0 -9999.0 -9999.0 -9999.0 2207.270302 2208.607048 2210.474780 2215.764306 2216.670997 2219.144437 2226.704447 2235.560113 2239.081192 2237.875057 2237.624340 2240.006627 2243.679414 2249.216285 2261.058065 2275.653521 2290.725940 2304.998802 2326.816407 2342.417891 2356.310787 2372.970342 2374.175646 2371.634879 2371.121201 2372.419163 2372.585783 2374.349409 2375.999684 2383.368501 2386.805224 2392.582250 2402.876852 2415.605902 2433.858773 2453.436510
-9999.0 -9999.0 -9999.0 -9999.0 -9999.0 -9999.0 -9999.0 -9999.0 -9999.0 -9999.0 -9999.0 -9999.0 -9999.0 -9999.0 -9999.0 -9999.0 2177.835903 2179.969817 2182.719592 2188.524958 2192.410832 2196.969822 2204.547555 2206.574836 2210.892483 2218.848693 2224.388751 2234.444659 2243.674883 2251.861340 2258.812174 2262.433252 2270.428851 2280.926003 2293.650984 2309.189116 2330.919412 2355.392339 2372.406346 2390.345990 2408.781451 2410.698333 2410.611665 2412.586385 2413.184004 2417.693615 2434.539223 2440.037582 2438.663460 2452.359712 2466.317223 2471.481487 2480.973322 2502.018420 2526.113437
-9999.0 -9999.0 -9999.0 -9999.0 -9999.0 -9999.0 -9999.0 -9999.0 -9999.0 -9999.0 -9999.0 -9999.0 -9999.0 2128.652235 2133.093679 2143.583564 2154.629073 2158.010990 2163.299631 2170.359769 2183.187123 2187.547699 2194.398519 2202.604041 2215.949925 2225.613413 2235.606831 2248.443089 2257.693117 2265.866096 2273.674302 2278.906802 2292.358733 2308.166703 2324.437455 2345.319303 2368.512947 2389.085513 2409.449324 2427.021438 2441.030064 2441.858994 2442.590850 2446.469481 2454.142808 2471.389078 2490.683338 2496.255262 2510.753349 2533.699010 2546.764465 2557.473419 2566.479046 2581.765449 2604.425915
-9999.0 -9999.0 -9999.0 -9999.0 -9999.0 -9999.0 -9999.0 -9999.0 -9999.0 -9999.0 2097.656581 2099.956521 2097.007985 2095.943910 2102.108500 2115.069490 2129.996113 2136.708751 2149.315316 2171.294561 2190.450134 2194.598753 2209.469118 2220.941398 2228.909292 2240.200299 2254.331071 2267.856761 2284.996380 2298.189563 2309.435140 2328.430462 2345.822480 2363.602357 2382.606885 2404.483499 2423.659240 2451.103939 2479.548022 2492.130700 2513.200589 2521.257923 2519.672434 2520.763407 2532.002601 2547.489966 2566.990533 2587.516535 2608.174221 2633.018378 2647.955343 2662.841718 2674.314647 2687.308261 2704.659703
-9999.0 -9999.0 -9999.0 -9999.0 -9999.0 -9999.0 -9999.0 -9999.0 2071.904506 2080.198343 2086.570687 2084.145074 2080.466836 2076.272149 2091.425001 2107.924646 2124.755165 2143.703006 2160.370218 2179.546600 2195.054559 2211.567507 2232.994201 2245.586358 2258.053161 2274.613413 2289.334783 2306.569325 2328.761924 2340.184095 2355.311888 2377.178346 2395.761721 2414.976382 2435.400036 2454.795081 2480.860337 2514.800171 2547.511069 2568.890457 2597.621721 2618.697481 2617.448500 2620.031942 2625.155335 2651.602296 2681.153521 2712.570081 2738.875884 2766.360469 2796.577708 2814.213478 2825.592348 2839.288261 2855.836058
-9999.0 -9999.0 -9999.0 -9999.0 -9999.0 -9999.0 2042.601944 2067.452642 2083.339083 2075.839594 2064.427304 2060.910828 2056.720295 2085.448294 2108.785051 2127.236051 2145.170031 2163.875007 2181.369002 2193.038379 2225.997247 2246.241885 2260.859579 2277.957018 2294.240030 2310.564828 2329.158187 2353.152659 2374.267927 2401.353475 2423.767499 2445.784693 2473.776678 2494.742071 2515.177921 2533.655324 2565.585098 2603.321167 2641.295643 2670.185279 2698.116554 2734.395407 2740.795559 2747.307055 2754.166482 2779.012648 2813.598957 2843.294781 2878.291627 2911.740290 2940.975748 2814.876427 2821.345834 2831.248486 2843.557258
-9999.0 -9999.0 -9999.0 -9999.0 2008.485719 2029.774018 2049.731149 2080.845148 2104.031932 2100.154780 2106.768378 2107.034965 2105.146236 2111.087060 2120.204120 2139.262151 2159.592077 2180.262454 2197.660042 2230.135075 2277.571832 2292.530436 2314.830755 2347.377718 2361.758561 2378.578419 2396.682398 2420.501076 2444.927688 2478.180906 2519.233269 2554.624593 2580.777160 2603.989214 2627.013742 2649.346193 2686.870400 2729.620617 2769.173337 2804.479411 2833.175871 2862.064044 2874.560701 2883.781308 2897.348158 2916.514365 2940.447423 2825.716491 2854.832694 2886.145618 2909.521952 2917.059348 2922.876515 2932.349292 2940.667858
-9999.0 -9999.0 -9999.0 1955.965084 1995.256039 2034.684978 2061.759059 2093.310545 2126.794228 2130.286305 2140.711184 2144.583941 2148.028813 2156.722543 2164.211566 2182.785272 2201.822291 2221.728077 2245.649299 2282.780005 2316.677114 2342.085666 2373.937687 2397.185790 2416.289653 2433.180415 2454.234373 2478.838992 2520.522637 2556.926643 2606.955727 2661.301428 2698.350005 2726.069120 2752.389549 2783.327374 2811.528241 2850.632783 2888.072741 2923.145396 2820.071698 2840.110173 2855.663277 2861.067044 2870.055423 2876.642711 2890.330762 2907.806375 2929.196801 2958.336790 2986.227554 2990.777229 3004.101782 3013.930367 3029.781457
-9999.0 -9999.0 1907.752756 1946.800915 1979.864688 2028.911591 2082.953116 2119.065349 2160.741250 2183.795729 2190.764655 2206.598851 2222.245508 2228.611771 2242.917809 2260.013451 2282.401149 2292.755556 2313.957573 2338.785995 2383.964398 2425.513512 2435.672472 2483.562813 2518.444931 2551.777578 2573.985411 2603.786041 2643.816146 2684.351242 2736.079459 2789.058141 2826.557581 2859.645422 2879.699813 2903.161027 2927.492040 2816.546420 2848.407783 2874.589684 2903.314584 2928.100669 2947.960696 2951.043166 2954.351397 2969.780108 2995.329987 3001.174927 3026.552222 3052.164694 3045.215363 3062.027127 3069.732803 3074.046094 3080.811632
-9999.0 -9999.0 1879.058679 1925.216831 1962.937699 2025.664733 2110.419728 2147.661054 2191.093410 2239.419705 2258.325934 2284.154474 2289.493091 2291.047584 2314.375260 2335.345516 2354.958867 2365.067182 2364.650960 2420.963644 2479.691229 2518.945133 2546.665053 2621.853677 2674.420429 2698.904784 2720.274873 2744.956709 2770.516843 2813.803952 2858.506924 2914.420440 2829.173610 2855.478539 2869.672771 2887.853716 2906.705710 2919.669217 2938.070335 2980.048583 2990.073389 3016.868835 3045.333572 3065.259602 3072.796243 3076.542128 3057.678206 3071.574414 3081.348907 3085.584443 3087.187186 3083.566231 3082.932016 3083.673788 3084.616670
-9999.0 1787.360425 1839.958093 1892.102989 1959.229851 2024.338862 2104.492309 2183.768136 2248.581680 2301.791501 2332.464334 2338.202124 2358.755899 2395.488145 2421.501112 2446.187027 2454.068134 2465.346505 2454.165930 2509.325884 2555.449682 2618.611260 2727.591827 2787.252192 2845.632380 2849.165546 2845.785953 2858.500233 2881.370307 2927.724134 2869.782854 2917.962869 2973.720001 2998.503590 3012.726349 3018.610607 3035.469123 3054.537851 3020.247189 3052.876287 3067.212190 3079.570619 3085.361432 3087.091707 3088.069208 3087.919088 3084.420796 3077.701588 3069.751260 3064.079542 3059.967648 3055.477371 3057.908490 3061.213993 3061.698724
-9999.0 1750.285056 1808.846684 1879.139018 1949.022908 2006.630443 2100.345241 2258.640482 2320.466628 2362.054893 2379.828928 2381.509289 2452.653601 2520.247200 2553.786464 2602.790883 2596.266056 2587.556100 2565.599700 2598.179872 2644.950855 2721.138389 2881.435900 2858.851619 2896.623915 2905.383569 2908.588624 2935.303427 2974.753381 2998.034202 3033.458029 3015.267460 3052.744725 3070.550931 3074.388557 3074.964338 3079.085172 3078.026786 3076.129002 3071.940965 3066.972745 3067.130274 3071.439056 3071.267739 3068.429341 3065.246427 3059.677031 3052.263316 3046.974457 3042.376198 3039.695770 3036.805115 3035.036192 3034.684825 3030.174371
-9999.0 1714.623418 1788.152833 1849.316285 1904.665540 2007.454158 2137.700586 2280.816099 2379.385683 2419.574153 2422.835118 2479.370224 2586.122616 2694.593392 2752.355606 2780.640423 2775.969514 2745.105223 2740.337104 2788.303131 2858.955143 2856.257033 2969.080620 3038.685879 3051.231079 3053.849791 3017.988272 3037.403757 3055.393111 3057.156422 3058.008426 3063.593737 3068.523448 3071.265211 3069.807605 3066.966444 3062.263486 3054.255318 3049.435002 3045.941591 3042.307170 3041.428682 3043.648774 3045.165291 3042.489059 3038.665693 3034.220123 3028.655225 3023.038502 3016.408811 3012.304308 3008.221232 3006.156715 3001.033281 2997.319944
-9999.0 1601.583300 1694.809876 1742.211953 1835.034917 2018.766260 2148.950439 2296.471305 2457.397274 2491.336733 2555.656108 2693.898917 2812.183939 2826.566441 2857.878924 2893.146999 2918.229098 2936.264100 2970.703281 2885.565160 2953.396309 3013.735797 3046.800888 3061.115940 3066.596326 3066.936145 3057.768288 3037.658704 3027.102373 3020.396023 3022.031428 3029.253159 3034.207707 3039.223528 3037.010274 3037.833141 3038.453231 3035.137862 3031.783963 3023.350344 3015.651370 3009.382852 3006.748002 3011.653353 3006.955387 3004.325891 2998.346039 2990.799081 3004.978774 2997.887354 2990.138352 2983.568155 2981.100200 2975.825701 2974.425680
-9999.0 1520.782565 1595.480083 1668.490549 1791.947423 1957.359267 2069.842170 2234.593264 2465.258756 2597.434890 2751.090948 2839.905742 2855.379891 2901.903124 2955.234931 2992.026315 3015.279824 3024.518344 3001.264132 3016.967859 2993.037554 2983.098248 2983.331891 3009.819266 3024.587717 3028.300516 3020.130262 3010.373106 3003.196828 3002.103449 3000.296319 2997.290380 2994.154564 2991.150041 2988.023114 2990.535571 2995.490862 2989.366149 3000.978365 2992.428859 2984.452804 2975.688137 2969.984606 2965.911653 2965.711933 2965.852149 2958.446596 2948.252532 2938.270658 2930.231489 2922.964581 2918.074936 2915.457420 2910.506368 2904.109198
-9999.0 1409.970834 1538.171594 1622.624212 1729.634659 1863.258498 1978.887385 2138.455773 2280.368832 2518.697739 2674.950971 2835.061161 2826.424668 2888.641850 2939.350114 2996.105060 2993.531658 2974.601440 2935.821296 2919.853946 2928.166720 2936.847853 2946.399490 2962.576078 2979.868446 2989.713259 2993.560173 2987.096854 2973.356628 2962.356589 2953.198590 2941.256935 2932.922524 2931.043584 2933.725754 2942.512895 2943.774340 2934.700203 2921.779327 2907.155510 2892.325319 2881.092612 2878.738523 2880.926180 2881.611431 2877.849177 2871.769642 2861.313655 2849.017074 2837.101353 2830.845484 2826.142351 2819.033805 2810.986524 2939.131095
-9999.0 -9999.0 1457.059176 1567.015062 1667.425807 1784.557290 1886.610553 2017.803664 2165.549827 2345.520687 2468.362891 2632.027153 2725.347476 2777.200612 2823.155933 2803.206388 2823.522579 2849.098248 2838.340013 2846.380886 2854.270383 2859.303539 2865.904868 2873.722718 2885.112712 2894.871188 2903.999211 2901.573397 2892.770384 2873.843493 2850.594400 2832.620953 2822.911056 2814.705401 2825.577918 2837.553116 2833.157625 2826.457956 2816.810797 2937.912227 2924.887365 2910.497101 2906.320988 2905.641506 2905.126316 2901.567464 2897.034983 2882.974247 2869.443258 2857.835506 2852.245022 2845.369936 2839.861771 2828.692095 2818.890325
-9999.0 -9999.0 1370.454985 1476.883771 1584.906323 1705.746327 1798.081466 1840.395924 1986.091511 2098.479535 2208.764105 2319.091340 2414.353513 2486.586927 2529.106753 2594.191759 2647.971603 2669.695076 2708.304733 2756.597586 2791.358050 2829.524471 2854.333159 2869.353343 2885.846378 2902.399005 2912.294694 2899.915386 2889.441719 2872.606408 2849.539926 2824.014256 2810.789086 2808.639724 2808.759291 2811.607407 2804.750658 2795.660122 2781.851460 2770.080323 2757.785547 2747.488944 2743.035767 2737.565901 2734.719550 2730.848269 2727.075829 2716.888880 2706.291678 2699.499746 2690.317305 2684.594039 2681.669331 2675.845766 2667.455537
