tests/Borden05m/data_simulated/sim_1/output-maps/psiliqL0015N0002.asc
ncols         160
nrows         34
xllcorner     620200.000000
yllcorner     5168000.000000
cellsize      0.500000
NODATA_value  -9999.0
[rows 0 to 24 of 34, columns 56 to 111 of 160]
-9999.0 -9999.0 -9999.0 -9999.0 -9999.0 -9999.0 -9999.0 -9999.0 -9999.0 -9999.0 -9999.0 -9999.0 -9999.0 -9999.0 -9999.0 -9999.0 -9999.0 -9999.0 -9999.0 -9999.0 -9999.0 -9999.0 -9999.0 -9999.0 -9999.0 -9999.0 -9999.0 -9999.0 -9999.0 -9999.0 -9999.0 -9999.0 -9999.0 -9999.0 -9999.0 -9999.0 -9999.0 -9999.0 -9999.0 -9999.0 -9999.0 -9999.0 -9999.0 -9999.0 -9999.0 -9999.0 -9999.0 -9999.0 -9999.0 -9999.0 -9999.0 -9999.0 -9999.0 -9999.0 -9999.0 -9999.0
-9999.0 -9999.0 -9999.0 1213.948577 1208.533478 1203.450567 1198.702927 1189.941552 1180.808934 1172.599889 1168.702423 1167.858832 1167.170853 1166.851663 1172.142304 1180.251052 1187.977029 1195.169451 1197.642986 1200.115894 1202.332539 1202.813911 1201.633162 1198.441936 1195.185398 1191.835856 1190.340511 1182.425999 1171.147217 1162.479141 1159.792103 1164.223725 1168.714438 1171.235207 1176.991019 1187.654818 1198.387028 1206.866857 1218.769478 1224.662951 1229.699936 1232.493536 1228.299817 1224.688748 1220.752544 1215.402198 1204.305797 -9999.0 -9999.0 -9999.0 -9999.0 -9999.0 -9999.0 -9999.0 -9999.0 -9999.0
1177.430633 1197.597231 1200.874856 1189.601712 1184.722749 1181.544477 1179.644647 1174.958564 1166.415195 1161.269670 1155.955201 1154.076945 1154.234015 1154.382553 1158.532694 1168.878908 1176.910917 1181.716683 1184.304202 1186.985769 1186.530999 1185.995951 1185.721123 1182.873307 1179.482857 1176.144261 1174.390616 1175.024938 1167.489123 1161.984375 1158.550354 1156.744719 1159.342493 1161.813601 1165.403079 1174.830996 1182.912206 1190.983131 1205.332481 1217.758498 1222.947158 1220.308155 1215.249387 1211.319631 1204.389418 1194.115685 1183.757874 1174.261182 1167.304446 1161.671571 1155.714567 1161.622833 1168.259805 1177.894442 1187.296480 1199.147050
1161.951302 1182.144859 1185.006189 1174.433889 1166.345195 1161.153255 1161.505560 1164.310108 1160.937008 1156.378364 1151.066580 1159.889464 1161.228281 1162.402988 1165.771129 1168.766669 1172.269414 1175.032307 1180.434070 1189.450672 1192.199071 1192.732103 1192.874500 1191.044895 1187.944391 1186.163622 1183.462562 1178.319460 1177.176280 1177.422819 1177.071775 1181.960930 1183.520773 1185.479285 1179.017547 1182.690902 1188.847547 1195.623179 1201.892516 1208.360480 1211.978056 1208.565347 1207.760084 1199.209554 1185.251977 1174.161222 1165.683516 1163.955068 1160.601049 1152.521644 1139.444908 1146.505208 1161.902210 1166.299800 1169.303296 1180.681077
1156.638626 1168.260171 1171.259068 1166.368525 1167.946067 1169.679926 1171.236581 1169.724466 1166.748689 1164.495755 1176.746242 1186.050018 1187.871258 1190.812906 1194.598161 1194.316180 1182.689223 1180.411173 1188.565743 1198.796748 1204.480989 1204.696473 1204.583701 1202.303634 1201.309559 1201.007747 1198.947527 1199.578879 1201.941827 1201.628372 1206.085832 1211.805944 1214.866587 1207.570003 1198.610070 1199.630182 1207.393026 1215.550022 1222.749057 1233.134974 1244.172971 1243.148821 1237.515303 1228.401670 1214.812065 1191.329013 1171.887583 1160.752007 1153.191398 1145.683825 1145.835971 1142.249755 1153.602198 1154.992678 1156.640464 1164.423770
1160.850536 1181.900041 1189.580584 1183.807842 1179.111955 1176.741230 1177.612289 1177.737072 1180.467930 1192.417833 1205.906761 1219.921041 1222.641621 1225.189906 1224.770438 1216.105023 1206.015782 1202.508224 1217.035998 1233.261014 1241.444892 1241.920897 1240.693803 1247.030852 1245.936960 1244.627928 1240.099649 1242.081788 1243.140058 1252.536867 1260.350625 1267.750364 1266.197183 1254.289601 1242.765605 1241.343053 1244.296501 1247.851297 1253.978641 1263.909439 1273.267244 1268.006206 1260.965629 1251.171748 1222.862075 1196.230491 1179.524495 1179.384145 1179.251186 1174.052753 1170.688724 1167.435473 1160.550563 1159.813451 1158.618324 1157.709284
1207.549423 1227.605292 1243.080211 1237.484417 1229.743295 1220.061273 1220.766290 1223.561747 1231.441131 1244.163330 1261.016446 1284.731587 1287.242674 1290.194894 1292.525639 1281.332278 1269.121232 1258.292089 1276.676553 1286.994219 1295.437271 1296.605048 1305.807820 1315.560817 1311.312023 1303.774531 1293.534613 1299.971856 1311.277614 1326.650793 1333.952990 1338.381926 1337.037232 1325.792038 1319.884632 1318.536324 1320.852710 1318.439593 1323.031162 1332.605818 1347.198738 1346.236207 1337.765901 1315.403124 1278.271450 1244.380769 1224.698205 1230.551561 1223.359276 1216.156919 1212.494304 1198.585519 1187.855359 1187.814296 1178.041511 1171.622804
1251.619718 1269.751706 1287.944300 1282.909088 1272.706718 1259.313375 1258.698226 1265.936138 1276.230768 1295.230753 1317.632847 1341.179452 1348.451985 1350.573296 1360.373317 1354.138603 1344.823549 1336.844033 1349.349650 1361.134329 1372.691269 1381.984142 1394.798827 1406.328307 1396.118200 1383.832899 1378.353731 1384.176839 1405.025400 1423.445527 1429.184822 1430.884863 1433.788313 1424.291370 1417.825110 1411.091792 1405.919428 1399.753260 1395.256297 1413.654295 1430.164876 1428.226390 1404.885580 1380.682179 1343.648389 1305.484855 1273.883501 1274.478750 1271.000701 1269.951060 1255.208169 1239.906945 1224.415173 1215.479526 1206.309557 1192.308797
1337.080298 1357.494160 1379.040339 1379.029926 1362.030957 1353.459475 1358.137895 1371.048300 1378.614299 1394.815588 1418.518016 1449.941804 1470.536068 1488.931418 1493.554129 1485.667058 1477.005387 1464.241814 1463.322897 1481.275690 1493.326017 1503.897828 1514.615513 1527.383071 1532.611911 1529.951231 1529.810390 1533.729561 1542.324440 1552.870265 1560.649676 1566.829214 1572.821141 1568.292781 1557.592643 1551.014028 1541.608150 1534.447790 1531.123219 1534.042448 1545.624409 1542.786954 1514.801495 1487.213446 1454.054514 1416.019538 1384.020607 1367.165086 1373.854318 1363.178907 1344.567069 1325.853854 1291.946685 1276.743006 1261.350590 1232.524714
1437.633443 1465.490021 1480.346193 1493.491573 1487.937583 1489.440305 1493.722154 1501.441407 1506.732030 1515.269590 1548.729872 1584.464721 1613.995518 1638.586294 1647.430290 1637.246624 1627.749464 1615.825792 1606.710010 1611.958049 1626.887541 1643.953766 1659.872954 1671.543115 1675.473775 1674.794108 1675.673689 1678.558924 1682.490901 1686.868524 1694.706074 1703.410789 1714.298617 1725.254628 1718.497988 1700.809741 1687.548591 1673.129859 1667.568780 1665.594870 1663.923974 1663.232490 1653.412499 1619.581651 1589.383941 1555.805301 1526.597546 1505.012113 1491.551290 1470.840867 1446.959463 1399.618893 1359.389730 1324.689384 1298.343059 1270.535818
1555.402928 1587.104616 1611.324407 1627.187281 1629.979571 1632.777993 1635.539390 1641.527755 1647.073435 1654.734277 1679.324439 1718.595399 1756.940780 1787.435697 1791.216981 1781.552779 1771.306076 1761.376852 1750.453831 1747.296802 1756.075912 1768.124085 1785.110140 1796.701142 1806.145943 1805.539603 1806.513950 1807.914555 1810.980041 1814.103665 1817.773391 1826.571986 1839.863694 1851.921514 1852.373218 1837.390078 1819.114196 1800.859735 1793.494916 1787.367041 1781.124167 1780.881535 1780.762874 1770.791085 1743.153691 1704.743386 1660.446905 1633.313096 1610.948960 1596.073313 1578.027482 1548.629364 1494.154862 1461.410432 1425.231081 1391.388392
1676.899745 1708.106257 1740.162236 1759.533329 1767.235797 1767.708499 1769.504227 1777.169083 1783.520705 1793.929509 1811.745612 1837.936202 1868.543153 1896.017183 1913.130119 1909.010513 1895.940276 1878.319110 1872.697962 1871.467390 1873.990329 1881.239900 1890.173160 1906.308320 1922.770554 1928.556959 1929.769197 1927.924536 1930.980687 1933.331173 1934.699396 1937.246611 1943.415422 1951.190506 1953.614680 1947.689312 1930.114366 1908.873031 1894.614382 1886.039078 1881.390704 1879.391437 1880.478504 1879.413028 1865.569070 1833.915402 1793.154675 1758.462891 1735.518520 1717.729235 1701.642224 1688.141737 1664.839120 1644.732075 1611.652820 1566.026620
1788.099989 1815.718749 1844.140555 1869.091776 1885.839847 1889.559470 1894.864808 1899.792793 1909.429149 1925.379074 1945.806355 1961.345021 1979.571351 2001.763732 2014.921976 2020.606528 2020.778349 2019.316474 2021.228313 2021.643915 1989.947669 1993.594519 1997.109135 2005.838981 2015.006377 2018.212583 2018.787102 2017.929466 2019.854419 2021.208551 2022.361451 2022.995364 2024.054315 2026.937421 2027.798302 2026.114680 2018.034802 2023.088637 2005.617439 1993.534325 1985.949075 1978.025245 1969.123287 1958.831889 1948.004651 1929.810604 1901.089114 1866.582090 1839.028751 1826.300636 1817.623365 1808.522567 1800.974664 1783.630541 1760.214078 1726.938308
1899.768051 1917.205482 1938.789692 1967.808580 1987.706700 1998.241773 2006.627238 2011.135121 2023.370307 2037.120635 2030.657981 2035.422852 2040.174245 2044.702948 2046.230911 2046.643159 2046.443659 2044.263398 2043.919942 2042.217204 2037.839577 2028.221564 2029.539633 2030.841453 2033.082766 2036.439659 2035.146848 2036.311608 2039.725359 2038.946566 2034.288609 2031.462604 2030.475928 2031.278661 2038.364069 2041.320599 2041.913813 2040.474125 2039.884789 2039.603712 2038.089107 2035.994562 2032.739204 2028.278386 2032.603966 2021.438466 1996.869400 1962.341951 1925.978828 1912.207404 1907.643699 1906.367167 1902.108953 1894.545360 1874.845099 1846.252455
2020.877477 2034.978194 2029.935285 2042.233233 2048.490431 2051.229101 2053.633104 2055.516822 2056.395710 2052.801090 2049.154095 2044.225477 2042.631834 2040.981387 2038.222955 2038.500864 2036.302944 2032.217031 2028.501951 2021.715746 2010.727607 1999.149473 1995.992470 1999.943960 2004.448932 2008.394825 2011.479160 2014.836861 2016.079002 2011.899457 2004.835099 1998.508252 1997.172140 2003.879429 2009.464033 2014.845744 2015.629078 2014.566631 2013.040880 2013.874700 2012.066700 2013.155281 2020.022861 2033.411380 2038.522687 2041.282763 2040.471692 2031.444916 2015.303396 2010.421641 1990.370450 1993.322236 1987.783543 1975.523273 1953.882623 1929.311119
2053.734023 2053.687215 2052.600393 2046.941716 2041.089051 2039.902752 2042.950144 2048.702248 2048.799159 2040.764943 2031.482802 2023.596103 2015.884598 2012.860158 2010.890383 2009.577612 2009.126273 2003.403655 1994.990065 1979.059430 1966.959455 1955.074658 1948.230759 1945.134384 1948.961450 1958.145195 1967.507184 1971.973747 1965.144120 1958.145548 1948.126203 1940.823480 1941.586301 1943.920741 1953.037315 1967.378435 1972.660023 1973.914191 1969.505535 1965.812462 1961.061532 1960.084805 1967.774181 1983.317359 1999.154504 2013.369694 2021.988931 2029.627836 2036.317575 2039.167962 2040.483507 2040.948344 2039.387426 2038.357081 2022.523150 2001.074215
2044.108396 2037.837250 2032.892454 2026.155027 2019.983854 2017.286686 2018.240580 2019.288343 2013.994653 2005.433579 1993.410097 1980.754596 1969.443061 1961.526738 1960.933913 1961.883876 1961.913409 1954.615085 1939.415263 1921.234348 1906.762120 1891.687460 1886.392792 1880.179921 1874.383042 1883.886776 1900.576545 1906.612175 1892.957693 1883.408382 1869.747531 1863.151359 1860.413813 1862.166283 1871.700302 1892.093783 1912.512555 1914.671275 1905.986549 1897.723772 1894.603277 1893.670440 1901.414821 1920.548045 1941.747071 1957.875329 1968.822804 1975.699088 1984.867804 1995.241447 2008.444482 2022.211336 2033.603034 2041.525570 2046.406998 2044.308504
2020.455432 2012.552019 2004.522101 1996.766855 1989.428570 1983.635824 1979.567225 1974.328086 1965.654024 1955.701327 1937.245368 1922.290057 1907.717733 1891.799168 1886.521903 1881.800173 1882.122345 1869.930005 1859.021010 1839.629368 1822.586867 1805.176918 1792.485322 1785.214776 1778.072675 1780.209668 1794.505674 1803.009554 1790.530315 1780.612059 1768.637412 1763.238805 1760.367862 1762.796824 1773.523841 1795.584815 1814.803800 1822.915860 1816.353826 1813.482964 1813.449125 1814.365880 1822.397768 1838.230386 1859.648794 1882.811510 1901.542040 1913.277320 1923.014764 1934.864808 1950.937256 1966.236594 1981.286513 1999.284118 2020.410199 2035.812302
1985.716975 1974.992417 1964.303910 1952.431584 1940.108890 1931.798663 1930.707197 1921.208470 1911.438147 1890.799644 1839.164386 1816.860874 1795.512241 1777.430811 1769.419807 1760.225866 1749.305577 1739.081516 1731.565461 1724.900267 1707.775186 1688.284023 1669.970050 1663.318672 1658.148014 1646.670129 1648.865837 1651.119155 1657.600517 1650.607485 1645.940289 1644.877767 1642.730150 1645.952110 1659.912835 1671.532275 1681.446024 1688.616248 1689.572970 1698.416755 1706.615447 1713.955184 1732.351385 1747.769925 1767.499657 1791.501239 1818.551661 1835.492439 1848.183151 1861.947510 1880.187582 1899.241017 1918.965519 1943.249952 1969.724976 1987.210359
1937.960215 1922.395570 1906.347963 1891.451627 1876.406229 1860.168132 1858.144904 1851.326722 1838.269284 1789.676185 1743.263091 1706.385983 1684.833966 1659.708338 1645.808500 1632.007680 1601.966358 1586.000614 1580.064705 1585.774653 1575.882431 1557.634550 1542.621659 1533.068784 1524.979147 1510.496866 1499.085987 1503.828519 1517.238818 1514.007636 1513.541900 1518.582338 1517.345661 1513.551924 1517.619973 1531.914665 1539.965390 1550.648871 1564.125336 1569.476691 1581.403904 1610.772448 1626.300490 1643.806485 1666.198049 1690.825181 1716.933552 1741.437519 1758.631530 1777.057991 1799.484020 1820.042696 1844.290994 1870.841499 1902.534302 1925.289885
1862.922160 1840.717023 1821.167382 1800.451082 1775.488625 1752.246693 1746.700096 1736.259380 1710.729919 1658.916747 1615.588885 1583.658853 1558.630308 1532.653659 1511.292503 1480.917948 1448.194804 1427.117544 1434.152037 1441.341971 1443.597360 1429.276691 1416.198036 1405.571710 1390.416633 1374.517054 1361.694463 1370.630124 1379.012978 1389.712504 1393.956196 1397.696880 1401.092983 1400.051871 1394.379596 1397.390573 1406.220674 1416.637472 1427.712811 1443.432894 1474.648757 1499.989559 1518.653451 1540.862000 1562.782754 1587.772853 1614.434376 1639.583776 1659.473153 1681.712833 1704.939772 1730.298485 1755.320906 1784.210270 1817.475082 1846.243957
1774.129380 1744.722886 1718.884802 1688.050064 1644.853610 1627.496187 1616.129460 1598.460789 1556.725475 1511.571355 1477.394878 1453.889045 1427.864903 1403.635214 1375.629603 1343.563431 1318.230045 1297.936165 1305.155155 1312.397665 1325.171300 1313.586867 1303.122118 1297.418159 1282.347511 1268.528229 1253.584408 1260.712069 1271.000563 1289.499387 1293.980197 1297.524750 1305.020975 1304.066294 1301.170699 1290.323074 1298.508432 1308.942373 1322.734617 1350.937027 1375.133831 1398.980329 1420.837278 1441.761879 1465.155636 1490.219483 1516.047946 1544.000090 1566.081571 1588.150390 1613.196116 1637.346173 1659.344843 1684.087510 1714.749631 1742.135160
1655.022072 1630.648398 1603.916658 1563.866476 1518.515890 1481.462224 1461.517753 1418.905267 1383.497295 1350.718027 1335.887198 1317.783857 1294.714782 1273.187406 1252.068928 1227.025620 1205.343050 1181.091004 1185.072569 1198.031954 1212.389147 1208.132784 1205.466182 1202.577433 1191.765059 1178.142684 1164.557433 1168.131243 1183.635972 1200.614210 1208.583911 1215.399717 1222.939033 1222.941779 1215.457465 1206.661390 1212.036813 1226.277098 1242.251626 1262.257585 1284.134702 1305.830047 1326.516344 1349.506195 1373.404405 1397.865439 1424.433935 1452.540337 1474.663442 1500.324636 1527.289743 1549.155220 1564.205086 1580.853417 1608.129834 1630.584595
1540.865096 1515.085192 1486.891862 1445.051818 1402.892851 1360.308629 1318.958951 1285.343168 1254.182391 1238.552593 1219.835146 1202.506251 1184.839359 1163.787343 1145.021629 1127.172748 1105.376799 1089.544367 1095.250269 1108.251264 1118.521250 1122.143289 1119.270399 1116.330074 1109.253599 1095.506430 1086.917622 1095.698420 1110.916060 1125.390155 1135.826704 1142.522084 1148.306155 1145.491309 1137.027159 1131.870599 1139.867397 1155.225455 1169.615255 1186.156365 1207.239519 1228.157058 1249.791459 1272.500008 1295.207607 1320.386996 1346.475179 1373.267103 1400.307205 1424.811181 1447.633890 1460.474045 1474.058929 1482.720641 1500.835599 1522.036762
1413.731780 1387.450830 1358.859739 1326.408370 1289.033474 1259.816200 1227.726110 1196.788274 1166.472004 1140.684504 1124.479023 1115.288128 1100.825611 1082.113855 1069.189116 1052.667185 1037.059135 1038.448334 1040.919395 1051.265551 1051.680401 1052.310885 1049.421587 1048.410059 1044.575378 1035.044929 1043.163951 1050.373876 1064.632722 1075.158872 1084.582894 1090.641924 1094.562651 1094.688581 1088.757463 1092.743103 1099.515129 1113.733760 1125.287878 1139.846702 1160.281158 1177.486480 1196.754226 1218.834870 1241.723681 1265.790116 1291.533333 1319.469449 1344.708502 1364.789122 1374.891949 1386.831224 1393.544023 1388.913010 1404.571018 1421.460383
