tests/Borden05m/data_simulated/sim_1/output-maps/psiliqL0000N0012.asc
ncols         160
nrows         34
xllcorner     620200.000000
yllcorner     5168000.000000
cellsize      0.500000
NODATA_value  -9999.0
[rows 0 to 24 of 34, columns 0 to 55 of 160]
-9999.0 -9999.0 -9999.0 -9999.0 -9999.0 -9999.0 -9999.0 -9999.0 -9999.0 -9999.0 -9999.0 -9999.0 -9999.0 -9999.0 -9999.0 -9999.0 -9999.0 -9999.0 -9999.0 -9999.0 -9999.0 -9999.0 -9999.0 -9999.0 -9999.0 -9999.0 -9999.0 -9999.0 -9999.0 -9999.0 -9999.0 -9999.0 -9999.0 -9999.0 -9999.0 -9999.0 -9999.0 -9999.0 -9999.0 -9999.0 -9999.0 -9999.0 -9999.0 -9999.0 -9999.0 -9999.0 -9999.0 -9999.0 -9999.0 -9999.0 -9999.0 -9999.0 -9999.0 -9999.0 -9999.0 -9999.0
-9999.0 -9999.0 -9999.0 -9999.0 -9999.0 -9999.0 -9999.0 -9999.0 -9999.0 -9999.0 -9999.0 -9999.0 -9999.0 -9999.0 -9999.0 -9999.0 -9999.0 -9999.0 -9999.0 -9999.0 -9999.0 -9999.0 -9999.0 -9999.0 -9999.0 -9999.0 -9999.0 -9999.0 -9999.0 -9999.0 -9999.0 -9999.0 -9999.0 -9999.0 -9999.0 -9999.0 -9999.0 -9999.0 -9999.0 -9999.0 -9999.0 -9999.0 -9999.0 -9999.0 -9999.0 -9999.0 -9999.0 -9999.0 -9999.0 -9999.0 -9999.0 -9999.0 -9999.0 -9999.0 -9999.0 -9999.0
-9999.0 -9999.0 -9999.0 -9999.0 -9999.0 -9999.0 -9999.0 -9999.0 -9999.0 -9999.0 -9999.0 -9999.0 -9999.0 -9999.0 -9999.0 -9999.0 -9999.0 -9999.0 -9999.0 -9999.0 -9999.0 -9999.0 -9999.0 -9999.0 -9999.0 -9999.0 -9999.0 -9999.0 -9999.0 -9999.0 -9999.0 -9999.0 -9999.0 -9999.0 -9999.0 -9999.0 -9999.0 -9999.0 -9999.0 -9999.0 -9999.0 -9999.0 -9999.0 -9999.0 -9999.0 -9999.0 -9999.0 -576.015098 -579.171502 -583.010269 -584.078470 -579.841981 -578.061336 -576.447249 -575.438000 -574.514156
-9999.0 -9999.0 -9999.0 -9999.0 -9999.0 -9999.0 -9999.0 -9999.0 -9999.0 -9999.0 -9999.0 -9999.0 -9999.0 -9999.0 -9999.0 -9999.0 -9999.0 -9999.0 -9999.0 -9999.0 -9999.0 -9999.0 -9999.0 -9999.0 -9999.0 -9999.0 -9999.0 -9999.0 -9999.0 -9999.0 -9999.0 -9999.0 -9999.0 -9999.0 -9999.0 -9999.0 -9999.0 -9999.0 -9999.0 -9999.0 -576.842610 -575.371532 -574.119309 -576.210411 -577.021082 -576.727392 -578.865033 -581.393545 -584.028284 -583.180382 -583.151575 -585.123966 -582.285215 -580.066831 -579.418278 -578.900829
-9999.0 -9999.0 -9999.0 -9999.0 -9999.0 -9999.0 -9999.0 -9999.0 -9999.0 -9999.0 -9999.0 -9999.0 -9999.0 -9999.0 -9999.0 -9999.0 -9999.0 -9999.0 -9999.0 -9999.0 -9999.0 -9999.0 -9999.0 -9999.0 -9999.0 -9999.0 -9999.0 -9999.0 -9999.0 -9999.0 -9999.0 -9999.0 -9999.0 -9999.0 -582.946542 -580.248060 -579.140465 -578.111113 -576.468823 -577.169134 -577.773325 -576.496696 -577.650387 -577.657094 -579.031183 -581.631890 -584.245133 -585.683996 -583.990766 -584.513217 -584.543794 -583.221437 -582.480503 -582.308265 -580.518920 -577.549303
-9999.0 -9999.0 -9999.0 -9999.0 -9999.0 -9999.0 -9999.0 -9999.0 -9999.0 -9999.0 -9999.0 -9999.0 -9999.0 -9999.0 -9999.0 -9999.0 -9999.0 -9999.0 -9999.0 -9999.0 -9999.0 -9999.0 -9999.0 -9999.0 -9999.0 -9999.0 -9999.0 -9999.0 -578.687111 -579.762036 -580.578825 -580.509091 -580.897764 -582.435767 -582.902128 -582.723361 -581.361543 -579.109168 -578.839459 -579.235755 -579.127088 -579.728927 -581.340775 -581.476815 -579.625050 -581.201876 -581.893610 -582.906068 -585.627539 -586.302594 -584.768982 -583.353113 -582.185298 -582.034542 -582.040230 -582.217325
-9999.0 -9999.0 -9999.0 -9999.0 -9999.0 -9999.0 -9999.0 -9999.0 -9999.0 -9999.0 -9999.0 -9999.0 -9999.0 -9999.0 -9999.0 -9999.0 -9999.0 -9999.0 -9999.0 -9999.0 -9999.0 -9999.0 -9999.0 -580.399340 -579.404301 -579.064322 -578.212680 -578.691280 -580.854632 -582.209892 -582.789680 -583.274671 -584.429099 -584.604436 -584.700555 -584.074324 -583.669037 -581.299703 -582.692606 -583.601977 -581.507238 -582.077748 -580.667532 -579.023108 -579.385736 -578.992436 -581.963570 -584.180394 -581.791469 -580.868659 -581.066835 -581.720887 -581.107287 -580.257992 -579.191108 -577.224901
-9999.0 -9999.0 -9999.0 -9999.0 -9999.0 -9999.0 -9999.0 -9999.0 -9999.0 -9999.0 -9999.0 -9999.0 -9999.0 -9999.0 -9999.0 -9999.0 -9999.0 -9999.0 -9999.0 -580.142784 -580.473201 -581.120241 -580.906168 -582.996561 -583.894569 -583.351046 -582.291079 -582.973396 -584.164208 -585.189922 -585.075548 -584.956164 -585.248902 -583.762801 -582.605610 -582.319085 -582.809266 -580.998572 -580.574102 -579.587103 -576.729785 -578.739286 -580.658854 -581.661882 -581.745754 -582.325180 -580.544088 -580.027250 -579.945868 -580.223368 -580.297939 -580.003721 -579.942253 -577.792664 -575.892717 -574.418746
-9999.0 -9999.0 -9999.0 -9999.0 -9999.0 -9999.0 -9999.0 -9999.0 -9999.0 -9999.0 -9999.0 -9999.0 -9999.0 -9999.0 -9999.0 -9999.0 -580.227687 -580.418064 -581.221260 -582.530118 -583.657854 -583.709466 -582.900934 -584.463204 -585.004120 -584.707461 -585.424535 -584.718915 -583.950742 -583.012470 -582.614850 -583.753060 -583.618314 -583.868749 -584.118889 -583.767543 -581.708772 -579.866653 -579.646769 -578.356398 -575.828659 -577.463952 -578.129684 -578.055981 -579.084506 -578.351482 -574.465903 -575.286360 -577.217555 -573.178393 -571.163520 -572.187923 -572.842784 -570.476535 -566.827804 -562.071024
-9999.0 -9999.0 -9999.0 -9999.0 -9999.0 -9999.0 -9999.0 -9999.0 -9999.0 -9999.0 -9999.0 -9999.0 -9999.0 -580.344483 -580.525510 -580.355950 -582.402905 -583.972186 -584.941494 -586.287973 -584.687567 -585.914584 -586.334145 -586.097624 -584.685491 -584.716687 -584.617066 -583.766588 -584.158576 -584.683072 -585.195942 -586.184060 -585.061979 -583.971162 -583.289788 -581.720313 -580.621675 -579.848718 -578.144237 -578.067214 -576.944778 -577.571412 -579.230085 -579.625487 -578.462750 -574.939783 -572.400029 -571.710245 -566.817983 -561.722894 -559.472696 -556.395379 -555.133388 -553.413936 -548.573148 -532.623134
-9999.0 -9999.0 -9999.0 -9999.0 -9999.0 -9999.0 -9999.0 -9999.0 -9999.0 -9999.0 -583.358693 -582.332234 -583.844076 -586.652570 -587.907743 -587.319494 -586.711719 -587.805082 -587.834796 -584.990010 -583.472324 -586.282256 -584.463187 -584.507926 -585.748570 -585.530535 -584.859903 -584.848093 -583.173674 -583.241899 -583.362320 -580.584127 -580.019553 -579.416507 -578.530501 -577.610143 -576.906471 -572.858088 -569.464407 -569.993193 -564.958964 -561.749875 -564.673474 -565.716173 -565.068351 -561.446276 -555.498882 -546.685701 -537.197008 -522.664126 -508.394227 -497.263109 -487.302279 -472.579178 -449.136217 -418.170273
-9999.0 -9999.0 -9999.0 -9999.0 -9999.0 -9999.0 -9999.0 -9999.0 -587.395487 -585.803778 -584.796036 -586.068848 -587.777356 -590.873279 -589.747099 -588.653612 -587.943405 -586.862585 -586.393646 -586.042222 -586.856956 -585.964256 -584.234694 -584.845270 -584.744810 -583.650868 -583.757396 -582.830757 -581.364164 -582.367680 -581.691045 -580.432899 -579.354252 -578.430561 -577.279638 -576.778768 -572.671619 -567.128980 -561.030561 -555.795616 -548.168903 -537.977673 -538.196072 -536.027712 -533.663106 -518.884155 -495.195909 -453.996247 -419.061129 -402.546153 -386.500635 -376.911340 -369.394847 -358.677030 -344.161103 -331.019347
-9999.0 -9999.0 -9999.0 -9999.0 -9999.0 -9999.0 -589.731428 -586.214170 -584.524002 -588.555016 -591.605994 -592.620610 -594.444889 -590.536103 -587.061965 -586.468943 -586.032692 -585.505847 -585.970041 -588.398380 -583.177931 -584.831045 -586.054648 -584.558923 -584.849638 -584.873734 -584.030855 -581.934276 -581.210172 -576.915894 -573.934676 -571.438243 -567.905808 -565.823694 -563.556015 -560.908149 -553.265324 -541.034929 -523.176581 -502.557081 -472.665805 -434.481965 -419.705945 -413.343501 -408.648904 -400.603142 -383.353572 -360.805695 -333.409527 -307.954091 -289.000778 -280.048706 -270.871305 -259.486044 -244.538423 -227.116139
-9999.0 -9999.0 -9999.0 -9999.0 -587.659664 -586.929230 -587.658031 -584.624735 -582.525236 -587.445559 -585.698121 -586.555578 -588.152894 -590.146464 -592.532657 -590.920319 -590.041247 -589.495655 -589.914020 -584.834630 -580.664752 -583.809632 -581.807331 -577.739492 -578.953890 -578.699964 -578.730030 -577.087692 -573.903278 -569.880465 -559.900727 -550.647745 -544.267457 -535.550239 -526.031002 -512.504072 -485.175552 -435.068535 -408.056864 -387.809569 -366.071724 -345.702135 -331.457200 -324.646419 -316.387233 -306.224689 -291.378062 -268.383360 -241.126642 -207.976946 -184.481778 -172.297145 -164.042231 -150.076215 -132.915076 -85.267022
-9999.0 -9999.0 -9999.0 -589.675106 -586.251294 -585.083247 -586.883979 -586.376308 -583.820990 -586.485462 -587.031000 -587.487877 -587.757495 -587.748005 -587.989039 -587.104602 -587.040335 -587.928861 -587.382332 -584.531638 -583.468580 -581.260156 -579.727349 -577.104710 -574.819713 -574.115375 -572.988622 -569.670187 -560.880530 -550.592829 -529.138649 -494.316266 -448.282163 -418.885192 -407.177812 -393.739194 -378.177328 -352.451518 -327.384109 -302.846568 -275.998263 -251.123324 -226.604108 -218.518707 -213.601353 -205.603464 -190.086392 -167.967825 -142.858834 -81.106293 -56.810023 -69.963388 -58.854539 -22.120611 -10.626058 3.049090
-9999.0 -9999.0 -588.933487 -587.022668 -588.481820 -586.093583 -583.487678 -585.663283 -582.506016 -581.543238 -585.005764 -583.162433 -582.269471 -584.437453 -583.201104 -581.821214 -581.236862 -583.894974 -585.941415 -582.579286 -575.185337 -569.320877 -566.464407 -550.890731 -541.261736 -534.832140 -531.841406 -521.165957 -501.329485 -446.579683 -407.400399 -377.104883 -346.342368 -320.078034 -308.806042 -295.063701 -273.716236 -253.108067 -228.204852 -201.161409 -173.232832 -143.853348 -86.382804 -77.230169 -101.657314 -61.740688 -70.789557 -25.855273 -7.837467 8.816835 25.150650 25.713076 25.329288 25.614147 25.218674 25.560791
-9999.0 -9999.0 -591.164929 -587.946658 -590.324723 -585.252986 -580.741280 -585.707547 -584.529477 -579.836407 -581.385389 -581.040934 -581.831630 -581.673839 -579.762758 -575.580861 -578.060745 -578.998810 -584.046133 -573.018658 -563.306248 -545.531729 -506.207257 -451.424351 -414.806586 -409.120809 -406.869709 -398.451917 -383.202208 -348.204707 -304.776891 -258.756571 -219.421069 -192.969236 -179.926197 -166.325471 -144.419605 -90.619948 -106.647304 -49.302723 -32.711829 -16.262761 4.048785 19.820764 25.485959 25.600957 25.220464 25.520105 25.360840 25.378165 25.116645 21.699597 21.047213 21.181152 22.280445 17.653747
-9999.0 -591.767591 -590.188118 -590.160348 -586.913821 -588.186184 -584.473113 -579.102034 -579.913994 -578.307546 -578.623834 -582.215115 -571.151479 -561.527134 -558.680461 -550.081379 -554.232237 -557.076507 -563.167388 -551.353488 -527.135300 -442.539593 -364.691217 -313.618386 -287.212613 -283.023687 -286.070273 -273.404886 -249.844991 -214.519129 -158.533759 -83.068181 -48.297253 -22.308086 -14.821385 -13.383722 -1.978404 12.600270 28.040660 30.157141 29.794833 30.054202 25.330740 25.561159 25.420780 25.315229 22.623648 16.711263 9.420931 4.175759 1.019281 -4.361445 -2.331461 1.631544 3.097900 -4.002596
-9999.0 -596.749881 -590.298200 -586.551200 -588.186294 -591.006450 -582.148368 -569.143714 -574.978255 -577.105916 -578.106256 -569.658868 -542.341249 -512.966341 -487.801674 -448.608724 -451.873648 -468.921710 -466.935058 -424.415077 -386.791149 -327.729202 -221.718259 -106.070548 -98.444128 -90.645868 -83.610298 -64.426823 -40.402326 -20.111224 -3.489265 17.468961 19.424255 19.493133 19.387315 19.447167 19.383000 19.291630 16.050674 12.616905 8.101603 8.240726 11.326119 11.067122 8.365606 5.714821 0.977968 -7.270570 -13.433676 -18.279531 -25.408720 -55.336317 -56.739483 -27.321369 -28.921169 -67.601570
-9999.0 -591.398076 -584.094842 -586.062781 -592.212806 -583.575933 -580.664968 -572.138845 -565.785188 -568.935709 -557.583135 -513.867595 -431.165134 -388.880339 -357.952581 -332.722037 -313.119456 -312.086202 -293.407109 -245.535974 -143.552954 -85.583401 -46.265008 1.020674 6.563989 6.564818 6.559245 6.553686 6.549519 6.543408 6.534673 4.674102 8.974747 10.911348 9.670130 6.893152 2.434703 -7.194859 -10.394899 -13.714391 -17.097671 -17.018503 -14.117288 -13.684147 -16.026144 -19.682221 -28.947670 -65.614041 -77.385792 -86.347835 -92.786385 -101.212856 -103.776923 -104.351703 -109.421457 -120.501304
-9999.0 -599.769246 -589.365026 -598.191104 -585.741230 -575.820525 -578.287047 -563.376047 -544.812971 -538.330937 -465.019103 -399.525600 -339.639614 -293.802654 -256.275537 -218.628205 -192.181689 -163.701623 -121.664330 -26.852864 3.065636 14.971203 14.990540 14.967268 6.574017 6.563634 0.021922 -19.728886 -29.932735 -36.625331 -35.035683 -28.534188 -22.144667 -16.367275 -18.484977 -18.826202 -21.938406 -62.171527 -71.459970 -80.596884 -88.201140 -93.084109 -93.659564 -88.193402 -93.497897 -98.141749 -106.446843 -119.774333 -131.012605 -140.427553 -149.127151 -157.156363 -160.486891 -165.536504 -167.192088 -175.046587
-9999.0 -606.043071 -598.608624 -592.906648 -582.125395 -574.939907 -567.615534 -550.788900 -506.932164 -438.132955 -383.869325 -353.840673 -303.831286 -245.368221 -188.442239 -157.691615 -140.162080 -131.355344 -116.475273 -95.318603 -60.590176 -66.049834 -53.967793 -34.516537 -28.145569 -26.003639 -70.731826 -95.860457 -105.491311 -107.106645 -107.751147 -107.214403 -106.985238 -108.165847 -111.723206 -111.816474 -110.719541 -122.423393 -132.223979 -140.004669 -146.300684 -153.348423 -158.080376 -160.325343 -162.730664 -163.770712 -171.875171 -183.413029 -194.498013 -202.964666 -211.143962 -217.584921 -219.655978 -223.656145 -228.937474 -238.235597
-9999.0 -620.095460 -595.892758 -592.940709 -586.476667 -584.865213 -583.519974 -571.473255 -550.862778 -447.371378 -331.751772 -319.137690 -301.361632 -266.676903 -212.169380 -163.399042 -155.957654 -181.147729 -198.207992 -204.048526 -194.910959 -184.103142 -169.234800 -148.870624 -134.941294 -129.593882 -137.185343 -150.227524 -164.893084 -172.252889 -175.628947 -182.317403 -187.564604 -187.994756 -190.524006 -186.907508 -184.924683 -195.429563 -207.706131 -221.056181 -232.279660 -240.325357 -242.974573 -242.378574 -242.958300 -245.738903 -252.697541 -262.113053 -273.404871 -283.309488 -290.932044 -296.094310 -300.976602 -307.437208 -314.458026 -321.652057
-9999.0 -9999.0 -606.797227 -592.826020 -591.106845 -589.177259 -587.492959 -577.855047 -567.789066 -524.956726 -445.606700 -401.440123 -376.280975 -344.501645 -295.461233 -255.808626 -248.559167 -242.708719 -263.883010 -267.865880 -267.022702 -263.490996 -253.829994 -241.627309 -230.259146 -223.873757 -221.680404 -225.090004 -234.557161 -248.062946 -262.852217 -273.983614 -281.085261 -286.063194 -280.422950 -271.822156 -273.303334 -279.225193 -288.593766 -300.339050 -309.694306 -318.900743 -320.920863 -319.732996 -319.606604 -321.882343 -326.196948 -336.369882 -347.137060 -357.891157 -363.218531 -368.171591 -372.692002 -380.153304 -387.226460 -394.335482
-9999.0 -9999.0 -622.492686 -599.969541 -590.484925 -583.993447 -585.143706 -583.896266 -569.714922 -563.151596 -551.538187 -529.570040 -503.176289 -456.608353 -418.919284 -392.901829 -381.485684 -376.489219 -378.199757 -374.689727 -362.954446 -348.921701 -338.074603 -328.192450 -319.236141 -312.138486 -305.754017 -313.742837 -321.802499 -333.862859 -349.585224 -366.750565 -375.667863 -380.193673 -377.420022 -372.257028 -375.477103 -381.675072 -389.672327 -398.221123 -403.996233 -409.511537 -410.796585 -411.163989 -411.180624 -412.589671 -415.251988 -424.289006 -440.206081 -454.593129 -465.949262 -475.248410 -480.542521 -490.116583 -500.377645 -507.167379
