tests/Borden05m/data_simulated/sim_1/output-maps/thetaliqL0002N0002.asc
ncols         160
nrows         34
xllcorner     620200.000000
yllcorner     5168000.000000
cellsize      0.500000
NODATA_value  -9999.0
[rows 0 to 27 of 34, columns 0 to 62 of 160]
-9999.0 -9999.0 -9999.0 -9999.0 -9999.0 -9999.0 -9999.0 -9999.0 -9999.0 -9999.0 -9999.0 -9999.0 -9999.0 -9999.0 -9999.0 -9999.0 -9999.0 -9999.0 -9999.0 -9999.0 -9999.0 -9999.0 -9999.0 -9999.0 -9999.0 -9999.0 -9999.0 -9999.0 -9999.0 -9999.0 -9999.0 -9999.0 -9999.0 -9999.0 -9999.0 -9999.0 -9999.0 -9999.0 -9999.0 -9999.0 -9999.0 -9999.0 -9999.0 -9999.0 -9999.0 -9999.0 -9999.0 -9999.0 -9999.0 -9999.0 -9999.0 -9999.0 -9999.0 -9999.0 -9999.0 -9999.0 -9999.0 -9999.0 -9999.0 -9999.0 -9999.0 -9999.0 -9999.0
-9999.0 -9999.0 -9999.0 -9999.0 -9999.0 -9999.0 -9999.0 -9999.0 -9999.0 -9999.0 -9999.0 -9999.0 -9999.0 -9999.0 -9999.0 -9999.0 -9999.0 -9999.0 -9999.0 -9999.0 -9999.0 -9999.0 -9999.0 -9999.0 -9999.0 -9999.0 -9999.0 -9999.0 -9999.0 -9999.0 -9999.0 -9999.0 -9999.0 -9999.0 -9999.0 -9999.0 -9999.0 -9999.0 -9999.0 -9999.0 -9999.0 -9999.0 -9999.0 -9999.0 -9999.0 -9999.0 -9999.0 -9999.0 -9999.0 -9999.0 -9999.0 -9999.0 -9999.0 -9999.0 -9999.0 -9999.0 -9999.0 -9999.0 -9999.0 0.192129 0.190770 0.189856 0.189379
-9999.0 -9999.0 -9999.0 -9999.0 -9999.0 -9999.0 -9999.0 -9999.0 -9999.0 -9999.0 -9999.0 -9999.0 -9999.0 -9999.0 -9999.0 -9999.0 -9999.0 -9999.0 -9999.0 -9999.0 -9999.0 -9999.0 -9999.0 -9999.0 -9999.0 -9999.0 -9999.0 -9999.0 -9999.0 -9999.0 -9999.0 -9999.0 -9999.0 -9999.0 -9999.0 -9999.0 -9999.0 -9999.0 -9999.0 -9999.0 -9999.0 -9999.0 -9999.0 -9999.0 -9999.0 -9999.0 -9999.0 0.181894 0.177766 0.172866 0.171502 0.176976 0.179401 0.181647 0.183107 0.184434 0.186510 0.190430 0.190133 0.184340 0.183871 0.183794 0.184092
-9999.0 -9999.0 -9999.0 -9999.0 -9999.0 -9999.0 -9999.0 -9999.0 -9999.0 -9999.0 -9999.0 -9999.0 -9999.0 -9999.0 -9999.0 -9999.0 -9999.0 -9999.0 -9999.0 -9999.0 -9999.0 -9999.0 -9999.0 -9999.0 -9999.0 -9999.0 -9999.0 -9999.0 -9999.0 -9999.0 -9999.0 -9999.0 -9999.0 -9999.0 -9999.0 -9999.0 -9999.0 -9999.0 -9999.0 -9999.0 0.181308 0.183207 0.184796 0.182052 0.180934 0.181204 0.178326 0.174990 0.171614 0.172670 0.172735 0.170309 0.174006 0.177012 0.178008 0.178798 0.181341 0.185857 0.185534 0.181258 0.178724 0.177936 0.178496
-9999.0 -9999.0 -9999.0 -9999.0 -9999.0 -9999.0 -9999.0 -9999.0 -9999.0 -9999.0 -9999.0 -9999.0 -9999.0 -9999.0 -9999.0 -9999.0 -9999.0 -9999.0 -9999.0 -9999.0 -9999.0 -9999.0 -9999.0 -9999.0 -9999.0 -9999.0 -9999.0 -9999.0 -9999.0 -9999.0 -9999.0 -9999.0 -9999.0 -9999.0 0.172842 0.176364 0.177900 0.179350 0.181588 0.180769 0.180063 0.181732 0.180222 0.180189 0.178351 0.174904 0.171505 0.169632 0.171717 0.171050 0.171044 0.172788 0.173860 0.174219 0.176654 0.180631 0.178515 0.179393 0.178799 0.177066 0.178838 0.180251 0.181145
-9999.0 -9999.0 -9999.0 -9999.0 -9999.0 -9999.0 -9999.0 -9999.0 -9999.0 -9999.0 -9999.0 -9999.0 -9999.0 -9999.0 -9999.0 -9999.0 -9999.0 -9999.0 -9999.0 -9999.0 -9999.0 -9999.0 -9999.0 -9999.0 -9999.0 -9999.0 -9999.0 -9999.0 0.178204 0.176802 0.175739 0.175819 0.175327 0.173401 0.172887 0.173201 0.175047 0.178072 0.178531 0.178113 0.178322 0.177576 0.175508 0.175313 0.177635 0.175543 0.174589 0.173241 0.169778 0.168926 0.170889 0.172772 0.174383 0.174727 0.174889 0.174721 0.174937 0.179885 0.181056 0.178327 0.176895 0.176280 0.176719
-9999.0 -9999.0 -9999.0 -9999.0 -9999.0 -9999.0 -9999.0 -9999.0 -9999.0 -9999.0 -9999.0 -9999.0 -9999.0 -9999.0 -9999.0 -9999.0 -9999.0 -9999.0 -9999.0 -9999.0 -9999.0 -9999.0 -9999.0 0.175800 0.177099 0.177572 0.178716 0.178122 0.175367 0.173636 0.172898 0.172285 0.170838 0.170671 0.170616 0.171510 0.172149 0.175305 0.173650 0.172575 0.175274 0.174610 0.176453 0.178544 0.178055 0.178528 0.174671 0.171828 0.174824 0.176019 0.175839 0.175113 0.176025 0.177232 0.178728 0.181376 0.184746 0.187465 0.192146 0.188898 0.186735 0.182769 0.183229
-9999.0 -9999.0 -9999.0 -9999.0 -9999.0 -9999.0 -9999.0 -9999.0 -9999.0 -9999.0 -9999.0 -9999.0 -9999.0 -9999.0 -9999.0 -9999.0 -9999.0 -9999.0 -9999.0 0.175936 0.175531 0.174727 0.175042 0.172417 0.171314 0.172042 0.173432 0.172605 0.171116 0.169852 0.170007 0.170181 0.169864 0.171792 0.173351 0.173837 0.173342 0.175794 0.176467 0.177818 0.181551 0.179036 0.176617 0.175359 0.175262 0.174520 0.176715 0.177376 0.177540 0.177182 0.177128 0.177617 0.177832 0.180673 0.183192 0.185122 0.186792 0.189252 0.194331 0.191917 0.187875 0.183493 0.183509
-9999.0 -9999.0 -9999.0 -9999.0 -9999.0 -9999.0 -9999.0 -9999.0 -9999.0 -9999.0 -9999.0 -9999.0 -9999.0 -9999.0 -9999.0 -9999.0 0.175612 0.175391 0.174396 0.172789 0.171408 0.171381 0.172452 0.170521 0.169881 0.170305 0.169451 0.170402 0.171426 0.172654 0.173203 0.171809 0.172038 0.171807 0.171604 0.172171 0.174925 0.177451 0.177874 0.179653 0.182986 0.180954 0.180146 0.180265 0.178963 0.179869 0.184864 0.183834 0.181304 0.186365 0.188904 0.187564 0.186769 0.189811 0.194314 0.199653 0.208470 0.213291 0.219335 0.221267 0.213894 0.212644 0.214700
-9999.0 -9999.0 -9999.0 -9999.0 -9999.0 -9999.0 -9999.0 -9999.0 -9999.0 -9999.0 -9999.0 -9999.0 -9999.0 0.175127 0.174921 0.175213 0.172700 0.170762 0.169601 0.167989 0.170064 0.168577 0.168106 0.168454 0.170303 0.170330 0.170524 0.171676 0.171252 0.170669 0.170101 0.168919 0.170404 0.171885 0.172873 0.175019 0.176604 0.177737 0.180049 0.180307 0.181783 0.180979 0.178964 0.178511 0.179968 0.184363 0.187474 0.188059 0.193750 0.199334 0.201227 0.204352 0.205330 0.206665 0.210712 0.223128 0.236135 0.247380 0.253487 0.261872 0.261698 0.263203 0.263998
-9999.0 -9999.0 -9999.0 -9999.0 -9999.0 -9999.0 -9999.0 -9999.0 -9999.0 -9999.0 0.171194 0.172498 0.170561 0.167020 0.165523 0.166327 0.167183 0.165877 0.165932 0.169590 0.171622 0.168157 0.170511 0.170537 0.169058 0.169408 0.170344 0.170456 0.172670 0.172703 0.172646 0.176283 0.177135 0.178051 0.179341 0.180700 0.181709 0.186963 0.191326 0.190543 0.196747 0.200485 0.196726 0.195273 0.195784 0.199523 0.205531 0.213753 0.219360 0.228364 0.236068 0.240824 0.244249 0.248726 0.253652 0.267040 0.286652 0.305490 0.324852 0.335080 0.338634 0.339437 0.340653
-9999.0 -9999.0 -9999.0 -9999.0 -9999.0 -9999.0 -9999.0 -9999.0 0.166033 0.168053 0.169329 0.167712 0.165578 0.161788 0.163241 0.164657 0.165622 0.167076 0.167761 0.168328 0.167419 0.168644 0.170949 0.170277 0.170504 0.171999 0.171982 0.173273 0.175300 0.174129 0.175096 0.176838 0.178328 0.179633 0.181214 0.181919 0.187037 0.193710 0.200510 0.205699 0.213195 0.222413 0.220034 0.220353 0.219746 0.230018 0.241963 0.254979 0.268666 0.284356 0.302719 0.313141 0.319548 0.326524 0.334387 0.341271 0.353934 0.368668 0.369926 0.369984 0.369991 0.369991 0.369992
-9999.0 -9999.0 -9999.0 -9999.0 -9999.0 -9999.0 0.163017 0.167458 0.169649 0.164605 0.160817 0.159571 0.157393 0.162240 0.166605 0.167440 0.168089 0.168864 0.168411 0.165483 0.172164 0.170277 0.168882 0.170849 0.170646 0.170772 0.171990 0.174802 0.175856 0.181423 0.185172 0.188232 0.192624 0.194980 0.197349 0.199833 0.207735 0.218245 0.229665 0.239842 0.250381 0.263792 0.268001 0.270179 0.273985 0.282224 0.299334 0.319446 0.340714 0.359159 0.369225 0.369892 0.369955 0.369974 0.369985 0.369993 0.369998 0.370000 0.370000 0.370000 0.370000 0.370000 0.370000
-9999.0 -9999.0 -9999.0 -9999.0 0.165383 0.166389 0.165570 0.169501 0.172261 0.166090 0.168279 0.167188 0.165191 0.162811 0.160037 0.162071 0.163268 0.164084 0.163695 0.170110 0.175722 0.171891 0.174575 0.179958 0.178514 0.178997 0.179115 0.181308 0.185307 0.190104 0.201726 0.211416 0.216391 0.222146 0.227343 0.234430 0.245867 0.261153 0.278163 0.297106 0.317120 0.331886 0.340398 0.344373 0.349999 0.357779 0.367945 0.369887 0.369989 0.370000 0.370000 0.370000 0.370000 0.370000 0.370000 0.370000 0.370000 0.370000 0.370000 0.370000 0.370000 0.370000 0.370000
-9999.0 -9999.0 -9999.0 0.162605 0.167022 0.168681 0.166550 0.167355 0.170743 0.167405 0.166803 0.166225 0.165880 0.165952 0.165692 0.166894 0.167136 0.166262 0.167155 0.170937 0.172478 0.175382 0.177404 0.180534 0.183238 0.184041 0.185398 0.189120 0.199071 0.208155 0.223817 0.244370 0.259961 0.270616 0.278646 0.291324 0.304646 0.324116 0.343622 0.362187 0.369731 0.369965 0.369990 0.369994 0.369997 0.369999 0.370000 0.370000 0.370000 0.370000 0.370000 0.370000 0.370000 0.370000 0.370000 0.370000 0.370000 0.370000 0.370000 0.370000 0.370000 0.370000 0.370000
-9999.0 -9999.0 0.163300 0.165843 0.164130 0.167284 0.170857 0.168345 0.172585 0.173931 0.169626 0.172030 0.173247 0.170555 0.172172 0.173979 0.174955 0.171800 0.169547 0.173766 0.183139 0.190082 0.191708 0.208649 0.216342 0.221483 0.222536 0.229818 0.239716 0.258623 0.283211 0.312305 0.334516 0.349874 0.356476 0.364755 0.369659 0.369932 0.369990 0.370000 0.370000 0.370000 0.370000 0.370000 0.370000 0.370000 0.370000 0.370000 0.370000 0.370000 0.370000 0.370000 0.370000 0.370000 0.370000 0.370000 0.370000 0.370000 0.370000 0.370000 0.370000 0.370000 0.370000
-9999.0 -9999.0 0.160420 0.164565 0.161715 0.168192 0.174474 0.168387 0.170204 0.176524 0.174730 0.175387 0.174239 0.174217 0.176642 0.181868 0.179004 0.178067 0.171855 0.185586 0.196416 0.212184 0.239638 0.262308 0.279462 0.279713 0.280129 0.290367 0.305787 0.331754 0.360473 0.369710 0.369976 0.369996 0.369999 0.370000 0.370000 0.370000 0.370000 0.370000 0.370000 0.370000 0.370000 0.370000 0.370000 0.370000 0.370000 0.370000 0.370000 0.370000 0.370000 0.370000 0.370000 0.370000 0.370000 0.370000 0.370000 0.370000 0.370000 0.370000 0.370000 0.370000 0.370000
-9999.0 0.159310 0.161400 0.161572 0.165802 0.164461 0.169475 0.176835 0.176431 0.179023 0.178897 0.174082 0.187136 0.198053 0.200312 0.209455 0.204551 0.201902 0.194081 0.205299 0.221324 0.262551 0.330361 0.354927 0.364995 0.366176 0.366113 0.369456 0.369871 0.369979 0.370000 0.370000 0.370000 0.370000 0.370000 0.370000 0.370000 0.370000 0.370000 0.370000 0.370000 0.370000 0.370000 0.370000 0.370000 0.370000 0.370000 0.370000 0.370000 0.370000 0.370000 0.370000 0.370000 0.370000 0.370000 0.370000 0.370000 0.370000 0.370000 0.370000 0.370000 0.370000 0.370000
-9999.0 0.153278 0.161068 0.165887 0.164067 0.160742 0.172110 0.190417 0.183195 0.180957 0.179203 0.187120 0.213796 0.235447 0.248026 0.266925 0.263666 0.255334 0.256223 0.276524 0.306261 0.348350 0.369879 0.370000 0.370000 0.370000 0.370000 0.370000 0.370000 0.370000 0.370000 0.370000 0.370000 0.370000 0.370000 0.370000 0.370000 0.370000 0.370000 0.370000 0.370000 0.370000 0.370000 0.370000 0.370000 0.370000 0.370000 0.370000 0.370000 0.370000 0.370000 0.370000 0.370000 0.370000 0.370000 0.370000 0.370000 0.370000 0.370000 0.370000 0.370000 0.370000 0.370000
-9999.0 0.159303 0.168679 0.166249 0.158646 0.169638 0.174194 0.186240 0.194966 0.190316 0.199135 0.231163 0.273506 0.321340 0.345422 0.356340 0.362117 0.362056 0.368703 0.369859 0.369990 0.370000 0.370000 0.370000 0.370000 0.370000 0.370000 0.370000 0.370000 0.370000 0.370000 0.370000 0.370000 0.370000 0.370000 0.370000 0.370000 0.370000 0.370000 0.370000 0.370000 0.370000 0.370000 0.370000 0.370000 0.370000 0.370000 0.370000 0.370000 0.370000 0.370000 0.370000 0.370000 0.370000 0.370000 0.370000 0.370000 0.370000 0.370000 0.370000 0.370000 0.370000 0.370000
-9999.0 0.148888 0.161466 0.150911 0.165597 0.179409 0.176900 0.197014 0.219582 0.219460 0.258141 0.308483 0.357408 0.369794 0.369993 0.370000 0.370000 0.370000 0.370000 0.370000 0.370000 0.370000 0.370000 0.370000 0.370000 0.370000 0.370000 0.370000 0.370000 0.370000 0.370000 0.370000 0.370000 0.370000 0.370000 0.370000 0.370000 0.370000 0.370000 0.370000 0.370000 0.370000 0.370000 0.370000 0.370000 0.370000 0.370000 0.370000 0.370000 0.370000 0.370000 0.370000 0.370000 0.370000 0.370000 0.370000 0.370000 0.370000 0.370000 0.369999 0.369995 0.369980 0.369973
-9999.0 0.141863 0.150016 0.156379 0.169666 0.179706 0.189444 0.211418 0.257133 0.282887 0.320586 0.345791 0.369606 0.370000 0.370000 0.370000 0.370000 0.370000 0.370000 0.370000 0.370000 0.370000 0.370000 0.370000 0.370000 0.370000 0.370000 0.370000 0.370000 0.370000 0.370000 0.370000 0.370000 0.370000 0.370000 0.370000 0.370000 0.370000 0.370000 0.370000 0.370000 0.370000 0.370000 0.370000 0.370000 0.370000 0.370000 0.370000 0.370000 0.370000 0.370000 0.370000 0.370000 0.370000 0.370000 0.369999 0.369992 0.369915 0.368128 0.355188 0.336186 0.327995 0.324336
-9999.0 0.128004 0.152867 0.156191 0.164008 0.166444 0.168617 0.184719 0.207263 0.279134 0.355508 0.363496 0.369627 0.369995 0.370000 0.370000 0.370000 0.370000 0.370000 0.370000 0.370000 0.370000 0.370000 0.370000 0.370000 0.370000 0.370000 0.370000 0.370000 0.370000 0.370000 0.370000 0.370000 0.370000 0.370000 0.370000 0.370000 0.370000 0.370000 0.370000 0.370000 0.369999 0.369998 0.369998 0.369998 0.369998 0.369996 0.369992 0.369985 0.369975 0.369959 0.369913 0.369492 0.366435 0.360956 0.354195 0.339169 0.323531 0.306962 0.288439 0.265718 0.253108 0.253881
-9999.0 -9999.0 0.140588 0.156294 0.158300 0.160867 0.163194 0.175965 0.188614 0.234739 0.271537 0.309421 0.334502 0.359429 0.369805 0.369988 0.369995 0.369998 0.369991 0.369991 0.369992 0.369993 0.369995 0.369998 0.369999 0.370000 0.370000 0.370000 0.370000 0.369998 0.369991 0.369982 0.369974 0.369967 0.369977 0.369986 0.369985 0.369979 0.369951 0.369702 0.365133 0.357203 0.354491 0.354723 0.354637 0.352992 0.349849 0.342913 0.335334 0.327235 0.322750 0.318188 0.313422 0.306199 0.299409 0.291996 0.278640 0.266712 0.256559 0.240733 0.226005 0.212345 0.204076
-9999.0 -9999.0 0.125763 0.147759 0.158812 0.167067 0.165619 0.166800 0.185922 0.193743 0.204698 0.221827 0.240781 0.261918 0.288478 0.318410 0.328846 0.332012 0.328950 0.329277 0.335229 0.341239 0.346131 0.352309 0.358863 0.364102 0.366930 0.363561 0.357675 0.348657 0.337598 0.325735 0.319144 0.315314 0.318874 0.324341 0.322179 0.316092 0.306556 0.293867 0.283920 0.275609 0.273505 0.273155 0.273459 0.272250 0.270613 0.265143 0.258589 0.254477 0.251246 0.248271 0.247381 0.244057 0.240019 0.238637 0.231680 0.224092 0.217267 0.208810 0.198970 0.194138 0.189536
-9999.0 -9999.0 -9999.0 0.127947 0.141577 0.153049 0.157859 0.151295 0.155960 0.165359 0.172177 0.182423 0.188221 0.194153 0.202703 0.216151 0.223224 0.223836 0.220888 0.237646 0.243566 0.257319 0.269093 0.273357 0.280725 0.288965 0.291652 0.285369 0.279471 0.270892 0.259657 0.248575 0.242419 0.243483 0.243725 0.246021 0.243433 0.241619 0.236448 0.231350 0.226391 0.222777 0.221982 0.220656 0.220138 0.219131 0.218444 0.216379 0.213958 0.211402 0.208949 0.208672 0.208223 0.207217 0.205861 0.205177 0.204048 0.197910 0.193601 0.189495 0.185303 0.181534 0.177969
-9999.0 -9999.0 -9999.0 -9999.0 -9999.0 0.120141 0.146225 0.152500 0.152820 0.150639 0.153729 0.165790 0.164176 0.165986 0.170988 0.173373 0.174252 0.177727 0.185249 0.191675 0.200236 0.206029 0.214225 0.221591 0.224371 0.229003 0.230699 0.226599 0.223987 0.219779 0.212291 0.204498 0.204505 0.205425 0.205832 0.205453 0.204078 0.203302 0.202229 0.198779 0.195694 0.195392 0.195084 0.194494 0.193752 0.193250 0.192857 0.192848 0.190713 0.188689 0.189986 0.189639 0.189453 0.189711 0.188804 0.188441 0.189018 0.183750 0.180826 0.182093 0.177312 0.174175 0.175076
-9999.0 -9999.0 -9999.0 -9999.0 -9999.0 -9999.0 0.117422 0.132691 0.146822 0.151189 0.157873 0.163178 0.156287 0.158963 0.161767 0.164790 0.169578 0.169727 0.171660 0.174543 0.178557 0.180615 0.185084 0.191264 0.191044 0.192388 0.195832 0.192172 0.190508 0.189867 0.183070 0.184334 0.183396 0.184194 0.184468 0.185238 0.184387 0.183619 0.183298 0.180297 0.180290 0.179565 0.179313 0.179031 0.178733 0.178613 0.178693 0.178865 0.177012 0.178201 0.178691 0.178196 0.177985 0.178382 0.177966 0.177121 0.177442 0.175208 0.174937 0.174980 0.171100 0.171184 0.170961
