tests/Borden05m/data_simulated/sim_1/output-maps/thetaliqL0005N0009.asc
ncols         160
nrows         34
xllcorner     620200.000000
yllcorner     5168000.000000
cellsize      0.500000
NODATA_value  -9999.0
[rows 0 to 27 of 34, columns 0 to 62 of 160]
-9999.0 -9999.0 -9999.0 -9999.0 -9999.0 -9999.0 -9999.0 -9999.0 -9999.0 -9999.0 -9999.0 -9999.0 -9999.0 -9999.0 -9999.0 -9999.0 -9999.0 -9999.0 -9999.0 -9999.0 -9999.0 -9999.0 -9999.0 -9999.0 -9999.0 -9999.0 -9999.0 -9999.0 -9999.0 -9999.0 -9999.0 -9999.0 -9999.0 -9999.0 -9999.0 -9999.0 -9999.0 -9999.0 -9999.0 -9999.0 -9999.0 -9999.0 -9999.0 -9999.0 -9999.0 -9999.0 -9999.0 -9999.0 -9999.0 -9999.0 -9999.0 -9999.0 -9999.0 -9999.0 -9999.0 -9999.0 -9999.0 -9999.0 -9999.0 -9999.0 -9999.0 -9999.0 -9999.0
-9999.0 -9999.0 -9999.0 -9999.0 -9999.0 -9999.0 -9999.0 -9999.0 -9999.0 -9999.0 -9999.0 -9999.0 -9999.0 -9999.0 -9999.0 -9999.0 -9999.0 -9999.0 -9999.0 -9999.0 -9999.0 -9999.0 -9999.0 -9999.0 -9999.0 -9999.0 -9999.0 -9999.0 -9999.0 -9999.0 -9999.0 -9999.0 -9999.0 -9999.0 -9999.0 -9999.0 -9999.0 -9999.0 -9999.0 -9999.0 -9999.0 -9999.0 -9999.0 -9999.0 -9999.0 -9999.0 -9999.0 -9999.0 -9999.0 -9999.0 -9999.0 -9999.0 -9999.0 -9999.0 -9999.0 -9999.0 -9999.0 -9999.0 -9999.0 0.135547 0.133133 0.130898 0.128926
-9999.0 -9999.0 -9999.0 -9999.0 -9999.0 -9999.0 -9999.0 -9999.0 -9999.0 -9999.0 -9999.0 -9999.0 -9999.0 -9999.0 -9999.0 -9999.0 -9999.0 -9999.0 -9999.0 -9999.0 -9999.0 -9999.0 -9999.0 -9999.0 -9999.0 -9999.0 -9999.0 -9999.0 -9999.0 -9999.0 -9999.0 -9999.0 -9999.0 -9999.0 -9999.0 -9999.0 -9999.0 -9999.0 -9999.0 -9999.0 -9999.0 -9999.0 -9999.0 -9999.0 -9999.0 -9999.0 -9999.0 0.100482 0.097033 0.093923 0.093588 0.097523 0.101698 0.106520 0.111201 0.116019 0.121671 0.128522 0.129555 0.124958 0.123309 0.122182 0.121447
-9999.0 -9999.0 -9999.0 -9999.0 -9999.0 -9999.0 -9999.0 -9999.0 -9999.0 -9999.0 -9999.0 -9999.0 -9999.0 -9999.0 -9999.0 -9999.0 -9999.0 -9999.0 -9999.0 -9999.0 -9999.0 -9999.0 -9999.0 -9999.0 -9999.0 -9999.0 -9999.0 -9999.0 -9999.0 -9999.0 -9999.0 -9999.0 -9999.0 -9999.0 -9999.0 -9999.0 -9999.0 -9999.0 -9999.0 -9999.0 0.109782 0.111414 0.112089 0.109016 0.106340 0.104027 0.100000 0.096674 0.093964 0.093621 0.093935 0.094516 0.098409 0.102919 0.106859 0.110864 0.115956 0.122253 0.123015 0.118993 0.116162 0.114907 0.114883
-9999.0 -9999.0 -9999.0 -9999.0 -9999.0 -9999.0 -9999.0 -9999.0 -9999.0 -9999.0 -9999.0 -9999.0 -9999.0 -9999.0 -9999.0 -9999.0 -9999.0 -9999.0 -9999.0 -9999.0 -9999.0 -9999.0 -9999.0 -9999.0 -9999.0 -9999.0 -9999.0 -9999.0 -9999.0 -9999.0 -9999.0 -9999.0 -9999.0 -9999.0 0.092827 0.095631 0.098544 0.101792 0.105187 0.106329 0.107447 0.108938 0.107790 0.106657 0.104044 0.100205 0.096551 0.094196 0.093936 0.093458 0.094019 0.096057 0.098714 0.101569 0.105846 0.111352 0.113204 0.116438 0.117110 0.115387 0.115680 0.116128 0.116560
-9999.0 -9999.0 -9999.0 -9999.0 -9999.0 -9999.0 -9999.0 -9999.0 -9999.0 -9999.0 -9999.0 -9999.0 -9999.0 -9999.0 -9999.0 -9999.0 -9999.0 -9999.0 -9999.0 -9999.0 -9999.0 -9999.0 -9999.0 -9999.0 -9999.0 -9999.0 -9999.0 -9999.0 0.094239 0.093242 0.092400 0.092180 0.091911 0.091477 0.092242 0.093875 0.096693 0.100469 0.102732 0.103954 0.105189 0.105193 0.103934 0.103376 0.103582 0.101099 0.098919 0.096965 0.095006 0.094737 0.096265 0.098531 0.101345 0.104051 0.107092 0.110200 0.113676 0.120060 0.122716 0.120321 0.118212 0.116897 0.116967
-9999.0 -9999.0 -9999.0 -9999.0 -9999.0 -9999.0 -9999.0 -9999.0 -9999.0 -9999.0 -9999.0 -9999.0 -9999.0 -9999.0 -9999.0 -9999.0 -9999.0 -9999.0 -9999.0 -9999.0 -9999.0 -9999.0 -9999.0 0.090475 0.091345 0.092140 0.093158 0.093131 0.092158 0.091210 0.090691 0.090386 0.090016 0.090441 0.091412 0.093202 0.095431 0.099045 0.100249 0.101315 0.103908 0.104110 0.105042 0.106001 0.105435 0.104881 0.102091 0.100182 0.101523 0.102754 0.103799 0.105010 0.107660 0.111279 0.115872 0.122006 0.129369 0.136643 0.144163 0.140718 0.136497 0.131273 0.131261
-9999.0 -9999.0 -9999.0 -9999.0 -9999.0 -9999.0 -9999.0 -9999.0 -9999.0 -9999.0 -9999.0 -9999.0 -9999.0 -9999.0 -9999.0 -9999.0 -9999.0 -9999.0 -9999.0 0.088009 0.088004 0.087951 0.088400 0.088152 0.088230 0.089000 0.089997 0.090067 0.089695 0.089318 0.089450 0.089704 0.090074 0.091581 0.093451 0.095387 0.097416 0.101097 0.103833 0.106782 0.110801 0.109873 0.108336 0.107507 0.107427 0.107391 0.109115 0.110048 0.111196 0.112590 0.114277 0.116406 0.119081 0.124839 0.131894 0.139746 0.148132 0.157119 0.167495 0.164937 0.157654 0.150721 0.150649
-9999.0 -9999.0 -9999.0 -9999.0 -9999.0 -9999.0 -9999.0 -9999.0 -9999.0 -9999.0 -9999.0 -9999.0 -9999.0 -9999.0 -9999.0 -9999.0 0.085560 0.085657 0.085656 0.085859 0.085856 0.086160 0.086858 0.086690 0.086949 0.087630 0.088005 0.088913 0.089799 0.090706 0.091398 0.091502 0.092437 0.093609 0.095177 0.097565 0.101533 0.106086 0.109564 0.113626 0.118335 0.117836 0.117134 0.117208 0.117101 0.119529 0.125756 0.127453 0.128343 0.136089 0.141945 0.143617 0.146063 0.154154 0.166613 0.183346 0.207370 0.226009 0.244592 0.251329 0.237318 0.233707 0.238514
-9999.0 -9999.0 -9999.0 -9999.0 -9999.0 -9999.0 -9999.0 -9999.0 -9999.0 -9999.0 -9999.0 -9999.0 -9999.0 0.082500 0.082713 0.083310 0.083442 0.083319 0.083422 0.083626 0.084745 0.084833 0.085267 0.085925 0.087083 0.087853 0.088766 0.090104 0.090976 0.091717 0.092494 0.093255 0.095274 0.097707 0.100415 0.104341 0.108921 0.114039 0.119985 0.124212 0.128886 0.129936 0.128534 0.128599 0.131482 0.138988 0.147298 0.153462 0.165949 0.180597 0.190113 0.199794 0.206178 0.215009 0.232037 0.270315 0.314175 0.346627 0.360558 0.366689 0.367225 0.367804 0.368268
-9999.0 -9999.0 -9999.0 -9999.0 -9999.0 -9999.0 -9999.0 -9999.0 -9999.0 -9999.0 0.079959 0.080267 0.079825 0.079470 0.079527 0.080211 0.081008 0.081288 0.081967 0.083714 0.085204 0.085080 0.086582 0.087453 0.087886 0.088981 0.090472 0.091995 0.094465 0.096223 0.098183 0.102172 0.105327 0.108746 0.112848 0.117890 0.124153 0.135353 0.146979 0.153069 0.166569 0.175692 0.172134 0.171158 0.174867 0.186629 0.205216 0.230347 0.255350 0.288134 0.315825 0.332916 0.344171 0.355222 0.364851 0.369171 0.369690 0.369859 0.369942 0.369972 0.369980 0.369983 0.369986
-9999.0 -9999.0 -9999.0 -9999.0 -9999.0 -9999.0 -9999.0 -9999.0 0.078260 0.078763 0.079199 0.078860 0.078404 0.077927 0.078613 0.079505 0.080433 0.081538 0.082614 0.083905 0.085037 0.086580 0.088612 0.089752 0.091081 0.093036 0.094809 0.097593 0.101300 0.103985 0.108149 0.113374 0.118626 0.123830 0.129656 0.135999 0.148716 0.166711 0.187149 0.205883 0.229656 0.255645 0.256652 0.260728 0.266615 0.298038 0.335652 0.363421 0.369112 0.369605 0.369796 0.369862 0.369898 0.369937 0.369972 0.369990 0.369997 0.369999 0.370000 0.370000 0.370000 0.370000 0.370000
-9999.0 -9999.0 -9999.0 -9999.0 -9999.0 -9999.0 0.076957 0.078371 0.079274 0.078365 0.077719 0.077485 0.077200 0.078283 0.079687 0.080648 0.081670 0.082840 0.083919 0.084860 0.088799 0.090218 0.091828 0.094665 0.096554 0.098638 0.101653 0.106494 0.111857 0.121581 0.132276 0.143346 0.155707 0.165703 0.175933 0.188147 0.212507 0.247731 0.289414 0.326881 0.355394 0.367592 0.368991 0.369370 0.369510 0.369656 0.369831 0.369942 0.369990 0.369998 0.370000 0.370000 0.370000 0.370000 0.370000 0.370000 0.370000 0.370000 0.370000 0.370000 0.370000 0.370000 0.370000
-9999.0 -9999.0 -9999.0 -9999.0 0.076040 0.076839 0.077524 0.079292 0.080768 0.079738 0.080359 0.080274 0.080014 0.079894 0.079958 0.081141 0.082339 0.083628 0.085123 0.089433 0.094964 0.096949 0.101820 0.108842 0.111704 0.115201 0.119069 0.126132 0.137386 0.153303 0.181801 0.212229 0.235744 0.259373 0.282054 0.310084 0.345737 0.367659 0.369485 0.369789 0.369917 0.369974 0.369989 0.369994 0.369997 0.369998 0.370000 0.370000 0.370000 0.370000 0.370000 0.370000 0.370000 0.370000 0.370000 0.370000 0.370000 0.370000 0.370000 0.370000 0.370000 0.370000 0.370000
-9999.0 -9999.0 -9999.0 0.074493 0.076003 0.077397 0.078250 0.079792 0.081933 0.082012 0.082464 0.082902 0.083405 0.084086 0.084914 0.086369 0.087576 0.088573 0.090871 0.096038 0.102240 0.109916 0.118271 0.128384 0.137132 0.143166 0.149943 0.162117 0.187134 0.220018 0.274416 0.336235 0.364962 0.369054 0.369512 0.369725 0.369856 0.369963 0.369992 0.369999 0.370000 0.370000 0.370000 0.370000 0.370000 0.370000 0.370000 0.370000 0.370000 0.370000 0.370000 0.370000 0.370000 0.370000 0.370000 0.370000 0.370000 0.370000 0.370000 0.370000 0.370000 0.370000 0.370000
-9999.0 -9999.0 0.073568 0.074613 0.075340 0.077396 0.080111 0.081659 0.084997 0.087368 0.087561 0.089806 0.091932 0.092747 0.095272 0.098068 0.099938 0.099799 0.101353 0.109429 0.125552 0.145265 0.163132 0.204051 0.233413 0.252363 0.263033 0.289207 0.326484 0.365398 0.369418 0.369840 0.369963 0.369993 0.369997 0.369999 0.370000 0.370000 0.370000 0.370000 0.370000 0.370000 0.370000 0.370000 0.370000 0.370000 0.370000 0.370000 0.370000 0.370000 0.370000 0.370000 0.370000 0.370000 0.370000 0.370000 0.370000 0.370000 0.370000 0.370000 0.370000 0.370000 0.370000
-9999.0 -9999.0 0.072849 0.074095 0.074872 0.077941 0.082421 0.084309 0.088357 0.094164 0.096630 0.100402 0.104319 0.108819 0.114748 0.122175 0.122025 0.122083 0.120851 0.141133 0.171327 0.224470 0.312836 0.363355 0.369081 0.369400 0.369488 0.369637 0.369798 0.369959 0.369997 0.370000 0.370000 0.370000 0.370000 0.370000 0.370000 0.370000 0.370000 0.370000 0.370000 0.370000 0.370000 0.370000 0.370000 0.370000 0.370000 0.370000 0.370000 0.370000 0.370000 0.370000 0.370000 0.370000 0.370000 0.370000 0.370000 0.370000 0.370000 0.370000 0.370000 0.370000 0.370000
-9999.0 0.071571 0.072424 0.073347 0.075440 0.077729 0.083045 0.091334 0.097534 0.104833 0.110759 0.115753 0.136976 0.162137 0.177489 0.200350 0.195195 0.190027 0.182075 0.214386 0.276205 0.366189 0.369851 0.369987 0.369999 0.369999 0.369999 0.370000 0.370000 0.370000 0.370000 0.370000 0.370000 0.370000 0.370000 0.370000 0.370000 0.370000 0.370000 0.370000 0.370000 0.370000 0.370000 0.370000 0.370000 0.370000 0.370000 0.370000 0.370000 0.370000 0.370000 0.370000 0.370000 0.370000 0.370000 0.370000 0.370000 0.370000 0.370000 0.370000 0.370000 0.370000 0.370000
-9999.0 0.070739 0.072071 0.073720 0.075142 0.077768 0.086314 0.105371 0.113255 0.121649 0.131590 0.155672 0.223184 0.297882 0.339824 0.364312 0.363106 0.355721 0.356221 0.368242 0.369631 0.369971 0.370000 0.370000 0.370000 0.370000 0.370000 0.370000 0.370000 0.370000 0.370000 0.370000 0.370000 0.370000 0.370000 0.370000 0.370000 0.370000 0.370000 0.370000 0.370000 0.370000 0.370000 0.370000 0.370000 0.370000 0.370000 0.370000 0.370000 0.370000 0.370000 0.370000 0.370000 0.370000 0.370000 0.370000 0.370000 0.370000 0.370000 0.370000 0.370000 0.370000 0.370000
-9999.0 0.071048 0.072874 0.073425 0.074299 0.080292 0.090253 0.113214 0.142574 0.157409 0.192595 0.293574 0.368220 0.369729 0.369924 0.369977 0.369991 0.369987 0.369995 0.370000 0.370000 0.370000 0.370000 0.370000 0.370000 0.370000 0.370000 0.370000 0.370000 0.370000 0.370000 0.370000 0.370000 0.370000 0.370000 0.370000 0.370000 0.370000 0.370000 0.370000 0.370000 0.370000 0.370000 0.370000 0.370000 0.370000 0.370000 0.370000 0.370000 0.370000 0.370000 0.370000 0.370000 0.370000 0.370000 0.370000 0.370000 0.370000 0.370000 0.370000 0.370000 0.370000 0.370000
-9999.0 0.069674 0.071287 0.071117 0.074931 0.083402 0.094385 0.133442 0.206045 0.246564 0.358003 0.369566 0.369984 0.370000 0.370000 0.370000 0.370000 0.370000 0.370000 0.370000 0.370000 0.370000 0.370000 0.370000 0.370000 0.370000 0.370000 0.370000 0.370000 0.370000 0.370000 0.370000 0.370000 0.370000 0.370000 0.370000 0.370000 0.370000 0.370000 0.370000 0.370000 0.370000 0.370000 0.370000 0.370000 0.370000 0.370000 0.370000 0.370000 0.370000 0.370000 0.370000 0.370000 0.370000 0.370000 0.370000 0.370000 0.370000 0.370000 0.370000 0.370000 0.370000 0.370000
-9999.0 0.068922 0.069739 0.071083 0.074933 0.082342 0.098626 0.150963 0.295585 0.366555 0.369798 0.369970 0.369999 0.370000 0.370000 0.370000 0.370000 0.370000 0.370000 0.370000 0.370000 0.370000 0.370000 0.370000 0.370000 0.370000 0.370000 0.370000 0.370000 0.370000 0.370000 0.370000 0.370000 0.370000 0.370000 0.370000 0.370000 0.370000 0.370000 0.370000 0.370000 0.370000 0.370000 0.370000 0.370000 0.370000 0.370000 0.370000 0.370000 0.370000 0.370000 0.370000 0.370000 0.370000 0.370000 0.370000 0.370000 0.370000 0.370000 0.369998 0.369986 0.369963 0.369937
-9999.0 0.068283 0.069668 0.070592 0.072944 0.076521 0.084287 0.110212 0.180656 0.363860 0.369972 0.369995 0.369999 0.370000 0.370000 0.370000 0.370000 0.370000 0.370000 0.370000 0.370000 0.370000 0.370000 0.370000 0.370000 0.370000 0.370000 0.370000 0.370000 0.370000 0.370000 0.370000 0.370000 0.370000 0.370000 0.370000 0.370000 0.370000 0.370000 0.370000 0.370000 0.370000 0.370000 0.370000 0.370000 0.370000 0.370000 0.370000 0.370000 0.370000 0.370000 0.370000 0.369999 0.369999 0.369998 0.369997 0.369991 0.369975 0.369919 0.369752 0.369213 0.365153 0.359306
-9999.0 -9999.0 0.068726 0.070190 0.071304 0.073475 0.077776 0.090765 0.122621 0.243204 0.364427 0.369491 0.369850 0.369968 0.369999 0.370000 0.370000 0.370000 0.370000 0.370000 0.370000 0.370000 0.370000 0.370000 0.370000 0.370000 0.370000 0.370000 0.370000 0.370000 0.370000 0.370000 0.370000 0.370000 0.370000 0.370000 0.370000 0.370000 0.370000 0.369999 0.369999 0.369998 0.369998 0.369998 0.369998 0.369997 0.369996 0.369990 0.369977 0.369955 0.369938 0.369920 0.369903 0.369866 0.369819 0.369756 0.369572 0.369000 0.362864 0.326861 0.275227 0.230716 0.203071
-9999.0 -9999.0 0.068141 0.069182 0.070704 0.072880 0.074684 0.079077 0.094953 0.120386 0.162596 0.229616 0.302651 0.359788 0.368820 0.369620 0.369772 0.369815 0.369816 0.369856 0.369916 0.369965 0.369986 0.369994 0.369997 0.369998 0.369999 0.369998 0.369996 0.369991 0.369971 0.369919 0.369875 0.369851 0.369866 0.369891 0.369875 0.369841 0.369782 0.369695 0.369616 0.369523 0.369496 0.369482 0.369473 0.369422 0.369291 0.368697 0.366719 0.363213 0.358666 0.353470 0.349643 0.341064 0.328827 0.318041 0.293130 0.263528 0.235603 0.205761 0.176847 0.158332 0.143271
-9999.0 -9999.0 -9999.0 0.068288 0.069027 0.070201 0.071476 0.072289 0.075399 0.081631 0.091036 0.106657 0.123431 0.143684 0.172854 0.213587 0.242786 0.255949 0.263226 0.311031 0.336775 0.362922 0.368731 0.369313 0.369500 0.369620 0.369648 0.369574 0.369478 0.369146 0.366498 0.353477 0.339914 0.339405 0.339697 0.342698 0.337075 0.330413 0.315617 0.298179 0.280717 0.267527 0.262166 0.257437 0.254665 0.250758 0.246674 0.238741 0.229358 0.220725 0.213885 0.211126 0.208421 0.204240 0.198811 0.193723 0.185921 0.169263 0.155310 0.142333 0.129689 0.119247 0.110865
-9999.0 -9999.0 -9999.0 -9999.0 -9999.0 0.068440 0.069493 0.070510 0.071432 0.072611 0.074987 0.079864 0.082894 0.087141 0.093489 0.100129 0.106633 0.115095 0.128571 0.145321 0.167913 0.190452 0.218689 0.244930 0.260168 0.276164 0.282157 0.270763 0.259190 0.242433 0.218455 0.198348 0.194177 0.194535 0.194894 0.193831 0.189930 0.186169 0.181109 0.172253 0.164807 0.161773 0.159674 0.157583 0.155468 0.153702 0.152063 0.150470 0.146284 0.142867 0.143208 0.142157 0.141148 0.140223 0.137639 0.135015 0.132098 0.123106 0.116374 0.112531 0.104962 0.099341 0.096227
-9999.0 -9999.0 -9999.0 -9999.0 -9999.0 -9999.0 0.068235 0.068770 0.069652 0.070491 0.071897 0.073571 0.073721 0.075241 0.077274 0.079970 0.083771 0.087095 0.091611 0.097598 0.105511 0.113495 0.123959 0.136599 0.141998 0.147097 0.152663 0.147834 0.143590 0.139654 0.130468 0.128817 0.126723 0.126860 0.126820 0.126867 0.125112 0.123263 0.121575 0.117967 0.116445 0.114822 0.113744 0.112729 0.111723 0.110913 0.110337 0.109790 0.108168 0.108467 0.108629 0.108165 0.107664 0.107227 0.105936 0.104188 0.102675 0.099438 0.097096 0.094988 0.091239 0.089058 0.087075
