tests/Borden05m/data_simulated/sim_1/output-maps/thetaliqL0005N0013.asc
ncols         160
nrows         34
xllcorner     620200.000000
yllcorner     5168000.000000
cellsize      0.500000
NODATA_value  -9999.0
[rows 0 to 27 of 34, columns 63 to 125 of 160]
-9999.0 -9999.0 -9999.0 -9999.0 -9999.0 -9999.0 -9999.0 -9999.0 -9999.0 -9999.0 -9999.0 -9999.0 -9999.0 -9999.0 -9999.0 -9999.0 -9999.0 -9999.0 -9999.0 -9999.0 -9999.0 -9999.0 -9999.0 -9999.0 -9999.0 -9999.0 -9999.0 -9999.0 -9999.0 -9999.0 -9999.0 -9999.0 -9999.0 -9999.0 -9999.0 -9999.0 -9999.0 -9999.0 -9999.0 -9999.0 -9999.0 -9999.0 -9999.0 -9999.0 -9999.0 -9999.0 -9999.0 -9999.0 -9999.0 -9999.0 -9999.0 -9999.0 -9999.0 -9999.0 -9999.0 -9999.0 -9999.0 -9999.0 -9999.0 -9999.0 -9999.0 -9999.0 -9999.0
0.138208 0.134498 0.130917 0.129669 0.129529 0.129050 0.128452 0.130366 0.133207 0.135965 0.139030 0.139491 0.140309 0.141398 0.141650 0.141036 0.139552 0.138252 0.136888 0.136956 0.133210 0.128485 0.125021 0.124115 0.126234 0.127986 0.128505 0.130728 0.135091 0.139519 0.142620 0.148011 0.149662 0.152181 0.154509 0.152306 0.150939 0.149895 0.148755 0.143031 -9999.0 -9999.0 -9999.0 -9999.0 -9999.0 -9999.0 -9999.0 -9999.0 -9999.0 -9999.0 -9999.0 -9999.0 -9999.0 -9999.0 -9999.0 -9999.0 -9999.0 -9999.0 -9999.0 -9999.0 -9999.0 -9999.0 -9999.0
0.130871 0.127239 0.125519 0.123256 0.122465 0.122305 0.121933 0.123156 0.126948 0.130062 0.131632 0.132010 0.132529 0.132258 0.131869 0.131794 0.130591 0.129301 0.128021 0.127639 0.128507 0.125451 0.123626 0.122350 0.121593 0.122358 0.123070 0.123830 0.127628 0.130432 0.133214 0.139452 0.145453 0.147832 0.146279 0.143779 0.142893 0.140930 0.137265 0.133527 0.130640 0.128458 0.127055 0.125209 0.127840 0.129439 0.133537 0.137649 0.142710 0.148832 -9999.0 -9999.0 -9999.0 -9999.0 -9999.0 -9999.0 -9999.0 -9999.0 -9999.0 -9999.0 -9999.0 -9999.0 -9999.0
0.125694 0.124288 0.122262 0.120163 0.123168 0.123211 0.123316 0.124290 0.125607 0.126229 0.127137 0.128826 0.132570 0.133152 0.133132 0.133196 0.132407 0.131080 0.130604 0.129596 0.127124 0.127065 0.127449 0.127269 0.129763 0.130227 0.131176 0.127339 0.128504 0.130704 0.133037 0.135490 0.138086 0.140188 0.138472 0.138670 0.135538 0.130200 0.126773 0.124694 0.125216 0.125171 0.122718 0.117691 0.120486 0.127147 0.128128 0.128697 0.133548 0.138774 0.144371 0.144637 0.144357 0.144563 0.144280 0.138018 0.132700 0.128119 0.121286 -9999.0 -9999.0 -9999.0 -9999.0
0.125991 0.124250 0.122885 0.128362 0.131854 0.131693 0.132707 0.134278 0.133782 0.127364 0.125912 0.129236 0.133344 0.135584 0.135043 0.134729 0.133837 0.133485 0.133559 0.132489 0.133276 0.134447 0.134307 0.136677 0.139322 0.141020 0.136252 0.131874 0.132052 0.135645 0.139151 0.142196 0.147716 0.154833 0.153956 0.151276 0.147905 0.143052 0.133093 0.125417 0.122102 0.120358 0.118313 0.118599 0.117856 0.122336 0.122662 0.122770 0.126064 0.129679 0.133672 0.136241 0.136018 0.136255 0.136042 0.132915 0.127811 0.123705 0.119837 0.114088 0.107595 0.100620 0.100754
0.125133 0.126108 0.131716 0.136967 0.143967 0.143992 0.144815 0.144545 0.139064 0.134299 0.131985 0.139484 0.147287 0.151135 0.150771 0.150586 0.156276 0.154533 0.152896 0.149215 0.150641 0.151803 0.159189 0.163354 0.167624 0.166137 0.158498 0.152132 0.151185 0.152006 0.152415 0.155375 0.161535 0.168440 0.164989 0.161087 0.156764 0.141746 0.129971 0.124401 0.126542 0.127946 0.126680 0.126178 0.125389 0.122082 0.122413 0.122542 0.121843 0.126545 0.131644 0.132872 0.129698 0.128309 0.128472 0.126103 0.123683 0.119692 0.115627 0.111855 0.104327 0.104336 0.101741
0.142795 0.146472 0.152595 0.162671 0.178735 0.179500 0.181779 0.185769 0.177446 0.169044 0.160152 0.170638 0.176180 0.182263 0.184254 0.194382 0.203677 0.198494 0.190499 0.182543 0.187781 0.200463 0.213926 0.218979 0.221611 0.223198 0.214188 0.209770 0.206740 0.206469 0.201826 0.203285 0.213756 0.229647 0.230738 0.220244 0.201133 0.175017 0.153598 0.142280 0.146759 0.143761 0.141509 0.140638 0.134271 0.129860 0.131436 0.127480 0.124863 0.130262 0.132239 0.132490 0.128957 0.132901 0.130340 0.123894 0.118729 0.114909 0.111791 0.108519 0.108108 0.106249 0.103836
0.165416 0.170409 0.183309 0.203435 0.228554 0.244208 0.255593 0.266222 0.257819 0.247048 0.235558 0.238697 0.253121 0.267882 0.283191 0.299312 0.314134 0.309904 0.301021 0.299311 0.303892 0.320653 0.333555 0.338253 0.340870 0.344537 0.341487 0.335367 0.326928 0.317285 0.307812 0.301000 0.315425 0.328475 0.326165 0.300458 0.271408 0.234596 0.199780 0.171814 0.168277 0.169461 0.169927 0.160146 0.152470 0.142878 0.138489 0.135891 0.129141 0.131613 0.133751 0.138911 0.145093 0.145544 0.137795 0.131481 0.125104 0.119383 0.115399 0.115391 0.114836 0.112136 0.110094
0.278956 0.285348 0.301050 0.332988 0.355642 0.363069 0.366057 0.366477 0.365729 0.364575 0.362210 0.360714 0.363167 0.365084 0.366342 0.367117 0.367695 0.368004 0.367961 0.367960 0.368062 0.368211 0.368433 0.368643 0.368825 0.369003 0.369038 0.368810 0.368546 0.368197 0.367826 0.367705 0.367631 0.367915 0.367865 0.366795 0.364221 0.357365 0.337647 0.303813 0.273838 0.271004 0.253488 0.235358 0.213959 0.182247 0.169590 0.160594 0.142744 0.140532 0.146669 0.155187 0.160276 0.150227 0.142726 0.135191 0.127768 0.120913 0.120067 0.120785 0.120479 0.118933 0.118388
0.366090 0.366544 0.367014 0.368434 0.369355 0.369761 0.369908 0.369938 0.369910 0.369867 0.369797 0.369717 0.369724 0.369824 0.369902 0.369947 0.369966 0.369971 0.369968 0.369969 0.369970 0.369974 0.369976 0.369981 0.369986 0.369992 0.369997 0.369996 0.369989 0.369978 0.369954 0.369937 0.369927 0.369908 0.369905 0.369900 0.369759 0.369448 0.368729 0.367412 0.365848 0.362978 0.357857 0.348642 0.314903 0.267473 0.228182 0.198415 0.172983 0.167406 0.188852 0.211279 0.200770 0.192293 0.180158 0.164293 0.151006 0.138397 0.136402 0.135964 0.133882 0.131580 0.129309
0.369902 0.369923 0.369946 0.369976 0.369997 0.370000 0.370000 0.370000 0.370000 0.370000 0.370000 0.370000 0.370000 0.370000 0.370000 0.370000 0.370000 0.370000 0.370000 0.370000 0.370000 0.370000 0.370000 0.370000 0.370000 0.370000 0.370000 0.370000 0.370000 0.370000 0.370000 0.370000 0.370000 0.370000 0.370000 0.370000 0.370000 0.369999 0.369991 0.369927 0.369781 0.369536 0.369285 0.368905 0.368359 0.366351 0.364120 0.356952 0.335809 0.301240 0.323994 0.310007 0.294406 0.272200 0.242868 0.217601 0.195235 0.175232 0.169160 0.166592 0.162230 0.159226 0.154677
0.370000 0.370000 0.370000 0.370000 0.370000 0.370000 0.370000 0.370000 0.370000 0.370000 0.370000 0.370000 0.370000 0.370000 0.370000 0.370000 0.370000 0.370000 0.370000 0.370000 0.370000 0.370000 0.370000 0.370000 0.370000 0.370000 0.370000 0.370000 0.370000 0.370000 0.370000 0.370000 0.370000 0.370000 0.370000 0.370000 0.370000 0.370000 0.370000 0.370000 0.369999 0.369996 0.369986 0.369971 0.369955 0.369934 0.369880 0.369691 0.369037 0.367801 0.367115 0.366352 0.364605 0.358756 0.344689 0.322767 0.282413 0.241305 0.216751 0.209021 0.202273 0.194913 0.185993
0.370000 0.370000 0.370000 0.370000 0.370000 0.370000 0.370000 0.370000 0.370000 0.370000 0.370000 0.370000 0.370000 0.370000 0.370000 0.370000 0.370000 0.370000 0.370000 0.370000 0.370000 0.370000 0.370000 0.370000 0.370000 0.370000 0.370000 0.370000 0.370000 0.370000 0.370000 0.370000 0.370000 0.370000 0.370000 0.370000 0.370000 0.370000 0.370000 0.370000 0.370000 0.370000 0.370000 0.370000 0.370000 0.370000 0.370000 0.369999 0.369994 0.369963 0.369838 0.369757 0.369585 0.369128 0.368497 0.367833 0.365520 0.358695 0.343491 0.328204 0.301370 0.273631 0.252577
0.370000 0.370000 0.370000 0.370000 0.370000 0.370000 0.370000 0.370000 0.370000 0.370000 0.370000 0.370000 0.370000 0.370000 0.370000 0.370000 0.370000 0.370000 0.370000 0.370000 0.370000 0.370000 0.370000 0.370000 0.370000 0.370000 0.370000 0.370000 0.370000 0.370000 0.370000 0.370000 0.370000 0.370000 0.370000 0.370000 0.370000 0.370000 0.370000 0.370000 0.370000 0.370000 0.370000 0.370000 0.370000 0.370000 0.370000 0.370000 0.370000 0.370000 0.369999 0.369996 0.369991 0.369983 0.369971 0.369945 0.369798 0.369356 0.368547 0.367614 0.365545 0.360979 0.351672
0.370000 0.370000 0.370000 0.370000 0.370000 0.370000 0.370000 0.370000 0.370000 0.370000 0.370000 0.370000 0.370000 0.370000 0.370000 0.370000 0.370000 0.370000 0.370000 0.370000 0.370000 0.370000 0.370000 0.370000 0.370000 0.370000 0.370000 0.370000 0.370000 0.370000 0.370000 0.370000 0.370000 0.370000 0.370000 0.370000 0.370000 0.370000 0.370000 0.370000 0.370000 0.370000 0.370000 0.370000 0.370000 0.370000 0.370000 0.370000 0.370000 0.370000 0.370000 0.370000 0.370000 0.370000 0.370000 0.370000 0.369998 0.369986 0.369933 0.369824 0.369603 0.369177 0.368462
0.370000 0.370000 0.370000 0.370000 0.370000 0.370000 0.370000 0.370000 0.370000 0.370000 0.370000 0.370000 0.370000 0.370000 0.370000 0.370000 0.370000 0.370000 0.370000 0.370000 0.370000 0.370000 0.370000 0.370000 0.370000 0.370000 0.370000 0.370000 0.370000 0.370000 0.370000 0.370000 0.370000 0.370000 0.370000 0.370000 0.370000 0.370000 0.370000 0.370000 0.370000 0.370000 0.370000 0.370000 0.370000 0.370000 0.370000 0.370000 0.370000 0.370000 0.370000 0.370000 0.370000 0.370000 0.370000 0.370000 0.370000 0.370000 0.370000 0.369997 0.369983 0.369947 0.369869
0.370000 0.370000 0.370000 0.370000 0.370000 0.370000 0.370000 0.370000 0.370000 0.370000 0.370000 0.370000 0.370000 0.370000 0.370000 0.370000 0.370000 0.370000 0.370000 0.370000 0.370000 0.370000 0.370000 0.370000 0.370000 0.370000 0.370000 0.370000 0.370000 0.370000 0.370000 0.370000 0.370000 0.370000 0.370000 0.370000 0.370000 0.370000 0.370000 0.370000 0.370000 0.370000 0.370000 0.370000 0.370000 0.370000 0.370000 0.370000 0.370000 0.370000 0.370000 0.370000 0.370000 0.370000 0.370000 0.370000 0.370000 0.370000 0.370000 0.370000 0.370000 0.370000 0.369998
0.370000 0.370000 0.370000 0.370000 0.370000 0.370000 0.370000 0.370000 0.370000 0.370000 0.370000 0.370000 0.370000 0.370000 0.370000 0.370000 0.370000 0.370000 0.370000 0.370000 0.370000 0.370000 0.370000 0.369999 0.369999 0.369998 0.369998 0.369999 0.370000 0.370000 0.370000 0.370000 0.370000 0.370000 0.370000 0.370000 0.370000 0.370000 0.370000 0.370000 0.370000 0.370000 0.370000 0.370000 0.370000 0.370000 0.370000 0.370000 0.370000 0.370000 0.370000 0.370000 0.370000 0.370000 0.370000 0.370000 0.370000 0.370000 0.370000 0.370000 0.370000 0.370000 0.370000
0.370000 0.370000 0.370000 0.370000 0.370000 0.370000 0.370000 0.369999 0.369999 0.369998 0.369996 0.369994 0.369988 0.369973 0.369944 0.369902 0.369886 0.369871 0.369852 0.369898 0.369914 0.369906 0.369875 0.369836 0.369812 0.369795 0.369817 0.369882 0.369925 0.369952 0.369962 0.369952 0.369962 0.369971 0.369972 0.369988 0.369995 0.369999 0.370000 0.370000 0.370000 0.370000 0.370000 0.370000 0.370000 0.370000 0.370000 0.370000 0.370000 0.370000 0.370000 0.370000 0.370000 0.370000 0.370000 0.370000 0.370000 0.370000 0.370000 0.370000 0.370000 0.370000 0.370000
0.370000 0.370000 0.370000 0.369994 0.369971 0.369938 0.369868 0.369817 0.369751 0.369509 0.369273 0.369097 0.369129 0.368843 0.368299 0.367711 0.367389 0.367146 0.366561 0.366308 0.366559 0.367093 0.366699 0.366453 0.366599 0.366449 0.366330 0.366857 0.367590 0.367948 0.368279 0.368565 0.368723 0.368943 0.369440 0.369637 0.369769 0.369881 0.369949 0.369982 0.369994 0.369997 0.369999 0.370000 0.370000 0.370000 0.370000 0.370000 0.370000 0.370000 0.370000 0.370000 0.370000 0.370000 0.370000 0.370000 0.370000 0.370000 0.370000 0.370000 0.370000 0.370000 0.370000
0.369988 0.369978 0.369882 0.369577 0.368994 0.368313 0.367238 0.366226 0.363753 0.357014 0.348707 0.348493 0.350909 0.348067 0.337066 0.323686 0.312380 0.299660 0.282812 0.272547 0.281521 0.291390 0.292993 0.293514 0.296831 0.297053 0.296068 0.296444 0.310059 0.320392 0.330381 0.338029 0.344637 0.357007 0.363252 0.365828 0.367389 0.368353 0.369078 0.369535 0.369751 0.369847 0.369921 0.369965 0.369987 0.369997 0.370000 0.370000 0.370000 0.370000 0.370000 0.370000 0.370000 0.370000 0.370000 0.370000 0.370000 0.370000 0.370000 0.370000 0.370000 0.370000 0.370000
0.369362 0.368634 0.366823 0.362936 0.354454 0.338333 0.313832 0.285627 0.253135 0.223692 0.205852 0.212598 0.218669 0.226147 0.212737 0.201216 0.196099 0.185350 0.175684 0.166330 0.172769 0.178407 0.188853 0.190141 0.191782 0.196219 0.194492 0.193113 0.188435 0.195759 0.202769 0.212060 0.234636 0.260081 0.286656 0.309531 0.331456 0.349590 0.360213 0.365316 0.367492 0.368418 0.369039 0.369477 0.369712 0.369846 0.369934 0.369981 0.369995 0.369999 0.370000 0.370000 0.370000 0.370000 0.370000 0.370000 0.370000 0.370000 0.370000 0.370000 0.370000 0.370000 0.370000
0.349663 0.325564 0.278035 0.246708 0.224638 0.203435 0.187169 0.173978 0.158283 0.146930 0.136056 0.138753 0.144697 0.152623 0.147035 0.144926 0.144331 0.139112 0.133639 0.127765 0.129110 0.134951 0.142330 0.144200 0.146689 0.150669 0.150644 0.147285 0.142224 0.144522 0.150374 0.157600 0.169805 0.183462 0.198121 0.212609 0.231291 0.253935 0.279973 0.310021 0.337461 0.352007 0.361356 0.365960 0.367644 0.368316 0.368890 0.369458 0.369703 0.369853 0.369935 0.369970 0.369994 0.370000 0.370000 0.370000 0.370000 0.370000 0.370000 0.370000 0.370000 0.370000 0.370000
0.197847 0.174727 0.162456 0.153109 0.144691 0.137344 0.130167 0.123939 0.118541 0.112826 0.106692 0.108600 0.112592 0.117142 0.117511 0.116703 0.116297 0.114284 0.110540 0.106310 0.108458 0.112515 0.116795 0.119171 0.120843 0.123170 0.121856 0.118754 0.115449 0.117696 0.122365 0.126790 0.132670 0.140742 0.149897 0.159976 0.171970 0.185411 0.202613 0.222880 0.246375 0.271773 0.299050 0.326019 0.339977 0.350570 0.357439 0.363170 0.366177 0.367675 0.368670 0.369309 0.369727 0.369935 0.369991 0.370000 0.370000 0.370000 0.370000 0.370000 0.370000 0.370000 0.370000
0.142303 0.131019 0.123641 0.118661 0.117206 0.114025 0.109357 0.107416 0.104414 0.099692 0.100248 0.101414 0.105053 0.105030 0.105015 0.104150 0.104360 0.103411 0.099665 0.101346 0.102800 0.106162 0.107943 0.109606 0.110822 0.111770 0.111303 0.108318 0.108981 0.110591 0.114433 0.116639 0.120320 0.126720 0.131655 0.138273 0.146885 0.156900 0.169050 0.183844 0.202623 0.221970 0.239963 0.249271 0.261320 0.271053 0.268993 0.289451 0.310727 0.331568 0.351116 0.361305 0.366272 0.368568 0.369585 0.369908 0.369985 0.369999 0.370000 0.370000 0.370000 0.370000 0.370000
0.113021 0.106740 0.101894 0.101493 0.100470 0.099201 0.097621 0.095973 0.093921 0.095025 0.095026 0.094934 0.095011 0.095252 0.095609 0.095296 0.095078 0.095172 0.096532 0.097022 0.097182 0.098535 0.099902 0.101266 0.101317 0.101877 0.102195 0.102864 0.103096 0.103365 0.105448 0.107239 0.109430 0.112875 0.116508 0.120990 0.127345 0.134306 0.142972 0.154812 0.168984 0.180827 0.186378 0.193629 0.197069 0.193666 0.190522 0.198316 0.208993 0.220343 0.242922 0.270225 0.303599 0.350399 0.365221 0.368443 0.369463 0.369842 0.369956 0.369990 0.369998 0.370000 0.370000
0.100828 0.096861 0.095030 0.094930 0.094290 0.093587 0.091942 0.090572 0.091179 0.091358 0.091199 0.090814 0.091337 0.091678 0.092360 0.091906 0.091714 0.091978 0.092335 0.092614 0.093502 0.094470 0.095520 0.097713 0.097483 0.097824 0.098667 0.098732 0.098890 0.099016 0.100874 0.102391 0.103930 0.106760 0.109686 0.113249 0.118047 0.124685 0.134479 0.144492 0.156463 0.167919 0.172414 0.174998 0.173693 0.170621 0.162799 0.162810 0.170884 0.172529 0.182234 0.198355 0.208712 0.250233 0.310108 0.347319 0.362882 0.367365 0.369202 0.369672 0.369895 0.369975 0.369996
0.093047 0.091939 0.090231 0.089773 0.089219 0.088381 0.087539 0.087991 0.087832 0.087702 0.087692 0.087465 0.087868 0.088277 0.088697 0.088630 0.088710 0.088399 0.088649 0.089500 0.089975 0.090872 0.092294 0.094040 0.093874 0.094139 0.094539 0.094621 0.094950 0.094968 0.096374 0.097832 0.099058 0.101621 0.104101 0.106209 0.111028 0.118013 0.126261 0.134289 0.144187 0.156258 0.156571 0.157068 0.157257 0.150172 0.142327 0.140659 0.142581 0.142461 0.147670 0.153783 0.159229 0.178513 0.201266 0.230971 0.276166 0.334513 0.361407 0.366769 0.368629 0.369465 0.369794
