tests/Borden05m/data_simulated/sim_1/output-maps/thetaliqL0004N0002.asc
ncols         160
nrows         34
xllcorner     620200.000000
yllcorner     5168000.000000
cellsize      0.500000
NODATA_value  -9999.0
[rows 0 to 27 of 34, columns 0 to 62 of 160]
-9999.0 -9999.0 -9999.0 -9999.0 -9999.0 -9999.0 -9999.0 -9999.0 -9999.0 -9999.0 -9999.0 -9999.0 -9999.0 -9999.0 -9999.0 -9999.0 -9999.0 -9999.0 -9999.0 -9999.0 -9999.0 -9999.0 -9999.0 -9999.0 -9999.0 -9999.0 -9999.0 -9999.0 -9999.0 -9999.0 -9999.0 -9999.0 -9999.0 -9999.0 -9999.0 -9999.0 -9999.0 -9999.0 -9999.0 -9999.0 -9999.0 -9999.0 -9999.0 -9999.0 -9999.0 -9999.0 -9999.0 -9999.0 -9999.0 -9999.0 -9999.0 -9999.0 -9999.0 -9999.0 -9999.0 -9999.0 -9999.0 -9999.0 -9999.0 -9999.0 -9999.0 -9999.0 -9999.0
-9999.0 -9999.0 -9999.0 -9999.0 -9999.0 -9999.0 -9999.0 -9999.0 -9999.0 -9999.0 -9999.0 -9999.0 -9999.0 -9999.0 -9999.0 -9999.0 -9999.0 -9999.0 -9999.0 -9999.0 -9999.0 -9999.0 -9999.0 -9999.0 -9999.0 -9999.0 -9999.0 -9999.0 -9999.0 -9999.0 -9999.0 -9999.0 -9999.0 -9999.0 -9999.0 -9999.0 -9999.0 -9999.0 -9999.0 -9999.0 -9999.0 -9999.0 -9999.0 -9999.0 -9999.0 -9999.0 -9999.0 -9999.0 -9999.0 -9999.0 -9999.0 -9999.0 -9999.0 -9999.0 -9999.0 -9999.0 -9999.0 -9999.0 -9999.0 0.105018 0.103783 0.102596 0.101514
-9999.0 -9999.0 -9999.0 -9999.0 -9999.0 -9999.0 -9999.0 -9999.0 -9999.0 -9999.0 -9999.0 -9999.0 -9999.0 -9999.0 -9999.0 -9999.0 -9999.0 -9999.0 -9999.0 -9999.0 -9999.0 -9999.0 -9999.0 -9999.0 -9999.0 -9999.0 -9999.0 -9999.0 -9999.0 -9999.0 -9999.0 -9999.0 -9999.0 -9999.0 -9999.0 -9999.0 -9999.0 -9999.0 -9999.0 -9999.0 -9999.0 -9999.0 -9999.0 -9999.0 -9999.0 -9999.0 -9999.0 0.085872 0.084205 0.082714 0.082606 0.084559 0.086805 0.089410 0.091976 0.094620 0.097658 0.101164 0.101792 0.099721 0.098825 0.098189 0.097742
-9999.0 -9999.0 -9999.0 -9999.0 -9999.0 -9999.0 -9999.0 -9999.0 -9999.0 -9999.0 -9999.0 -9999.0 -9999.0 -9999.0 -9999.0 -9999.0 -9999.0 -9999.0 -9999.0 -9999.0 -9999.0 -9999.0 -9999.0 -9999.0 -9999.0 -9999.0 -9999.0 -9999.0 -9999.0 -9999.0 -9999.0 -9999.0 -9999.0 -9999.0 -9999.0 -9999.0 -9999.0 -9999.0 -9999.0 -9999.0 0.091299 0.092073 0.092323 0.090799 0.089353 0.088002 0.085899 0.084196 0.082813 0.082548 0.082729 0.083214 0.085276 0.087687 0.089880 0.092119 0.094836 0.098047 0.098512 0.096567 0.095130 0.094477 0.094424
-9999.0 -9999.0 -9999.0 -9999.0 -9999.0 -9999.0 -9999.0 -9999.0 -9999.0 -9999.0 -9999.0 -9999.0 -9999.0 -9999.0 -9999.0 -9999.0 -9999.0 -9999.0 -9999.0 -9999.0 -9999.0 -9999.0 -9999.0 -9999.0 -9999.0 -9999.0 -9999.0 -9999.0 -9999.0 -9999.0 -9999.0 -9999.0 -9999.0 -9999.0 0.082073 0.083485 0.085077 0.086853 0.088633 0.089359 0.090058 0.090783 0.090246 0.089597 0.088232 0.086258 0.084338 0.083060 0.082793 0.082549 0.082880 0.083976 0.085455 0.087086 0.089394 0.092262 0.093464 0.095247 0.095668 0.094799 0.094850 0.095006 0.095187
-9999.0 -9999.0 -9999.0 -9999.0 -9999.0 -9999.0 -9999.0 -9999.0 -9999.0 -9999.0 -9999.0 -9999.0 -9999.0 -9999.0 -9999.0 -9999.0 -9999.0 -9999.0 -9999.0 -9999.0 -9999.0 -9999.0 -9999.0 -9999.0 -9999.0 -9999.0 -9999.0 -9999.0 0.082508 0.082031 0.081612 0.081475 0.081353 0.081232 0.081721 0.082667 0.084203 0.086185 0.087460 0.088196 0.088890 0.088947 0.088362 0.088051 0.088017 0.086728 0.085530 0.084480 0.083531 0.083420 0.084213 0.085424 0.086955 0.088490 0.090219 0.092028 0.093967 0.097296 0.098734 0.097550 0.096429 0.095709 0.095722
-9999.0 -9999.0 -9999.0 -9999.0 -9999.0 -9999.0 -9999.0 -9999.0 -9999.0 -9999.0 -9999.0 -9999.0 -9999.0 -9999.0 -9999.0 -9999.0 -9999.0 -9999.0 -9999.0 -9999.0 -9999.0 -9999.0 -9999.0 0.080456 0.080876 0.081312 0.081821 0.081858 0.081498 0.081057 0.080797 0.080655 0.080526 0.080789 0.081371 0.082377 0.083648 0.085556 0.086355 0.087036 0.088375 0.088525 0.088937 0.089346 0.089054 0.088708 0.087367 0.086435 0.087053 0.087695 0.088306 0.089042 0.090502 0.092500 0.095028 0.098347 0.102294 0.106208 0.110095 0.108431 0.106196 0.103504 0.103464
-9999.0 -9999.0 -9999.0 -9999.0 -9999.0 -9999.0 -9999.0 -9999.0 -9999.0 -9999.0 -9999.0 -9999.0 -9999.0 -9999.0 -9999.0 -9999.0 -9999.0 -9999.0 -9999.0 0.078945 0.078977 0.079010 0.079258 0.079305 0.079427 0.079844 0.080348 0.080445 0.080319 0.080168 0.080239 0.080380 0.080618 0.081402 0.082411 0.083519 0.084738 0.086720 0.088255 0.089864 0.091896 0.091546 0.090824 0.090424 0.090387 0.090416 0.091301 0.091812 0.092455 0.093291 0.094269 0.095450 0.096949 0.100050 0.103902 0.108255 0.112954 0.117932 0.123499 0.122225 0.118309 0.114639 0.114602
-9999.0 -9999.0 -9999.0 -9999.0 -9999.0 -9999.0 -9999.0 -9999.0 -9999.0 -9999.0 -9999.0 -9999.0 -9999.0 -9999.0 -9999.0 -9999.0 0.077460 0.077541 0.077627 0.077881 0.077977 0.078165 0.078517 0.078544 0.078743 0.079129 0.079406 0.079894 0.080360 0.080824 0.081202 0.081354 0.081898 0.082604 0.083536 0.084900 0.087043 0.089499 0.091464 0.093661 0.096094 0.095964 0.095626 0.095666 0.095701 0.097051 0.100246 0.101310 0.102039 0.106139 0.109291 0.110373 0.111829 0.116207 0.122998 0.132275 0.145467 0.155680 0.165606 0.168637 0.160417 0.158098 0.160469
-9999.0 -9999.0 -9999.0 -9999.0 -9999.0 -9999.0 -9999.0 -9999.0 -9999.0 -9999.0 -9999.0 -9999.0 -9999.0 0.075571 0.075728 0.076082 0.076385 0.076456 0.076600 0.076827 0.077386 0.077534 0.077827 0.078208 0.078798 0.079262 0.079800 0.080530 0.081077 0.081552 0.082045 0.082562 0.083674 0.085016 0.086536 0.088680 0.091208 0.094066 0.097313 0.099691 0.102260 0.102942 0.102263 0.102321 0.103891 0.107905 0.112428 0.115973 0.122751 0.130624 0.135762 0.140871 0.144210 0.148754 0.157516 0.176983 0.199703 0.219567 0.231128 0.243062 0.242602 0.244242 0.245748
-9999.0 -9999.0 -9999.0 -9999.0 -9999.0 -9999.0 -9999.0 -9999.0 -9999.0 -9999.0 0.074272 0.074359 0.074239 0.074277 0.074407 0.074794 0.075244 0.075500 0.075920 0.076782 0.077561 0.077710 0.078485 0.079011 0.079360 0.080000 0.080837 0.081736 0.083068 0.084101 0.085258 0.087364 0.089133 0.091039 0.093302 0.096083 0.099599 0.105619 0.111917 0.115539 0.122831 0.127842 0.126113 0.125639 0.127667 0.134059 0.144011 0.157008 0.168818 0.184426 0.198040 0.207021 0.213556 0.221578 0.231388 0.253196 0.282129 0.305991 0.327507 0.339463 0.343574 0.344558 0.346100
-9999.0 -9999.0 -9999.0 -9999.0 -9999.0 -9999.0 -9999.0 -9999.0 0.073554 0.073740 0.073929 0.073829 0.073677 0.073588 0.073951 0.074442 0.074977 0.075584 0.076216 0.076981 0.077730 0.078603 0.079691 0.080417 0.081199 0.082270 0.083317 0.084877 0.086910 0.088550 0.090912 0.093806 0.096725 0.099611 0.102825 0.106396 0.113355 0.123187 0.134397 0.144699 0.157442 0.170998 0.170559 0.171790 0.173644 0.189324 0.209627 0.231757 0.253874 0.276916 0.300216 0.312075 0.319252 0.327859 0.338003 0.346866 0.360131 0.369766 0.369997 0.370000 0.370000 0.370000 0.370000
-9999.0 -9999.0 -9999.0 -9999.0 -9999.0 -9999.0 0.072891 0.073531 0.073956 0.073715 0.073507 0.073415 0.073325 0.073793 0.074442 0.075001 0.075606 0.076289 0.076988 0.077733 0.079746 0.080708 0.081744 0.083325 0.084440 0.085644 0.087328 0.089967 0.092992 0.098234 0.104134 0.110293 0.117045 0.122599 0.128250 0.134989 0.148051 0.166282 0.187093 0.206469 0.225433 0.246332 0.253286 0.256917 0.262883 0.275473 0.297733 0.320911 0.346105 0.364498 0.369889 0.369994 0.369999 0.370000 0.370000 0.370000 0.370000 0.370000 0.370000 0.370000 0.370000 0.370000 0.370000
-9999.0 -9999.0 -9999.0 -9999.0 0.072124 0.072591 0.073107 0.073982 0.074715 0.074510 0.074769 0.074791 0.074751 0.074799 0.074960 0.075612 0.076298 0.077050 0.077982 0.080275 0.083193 0.084612 0.087315 0.091021 0.092776 0.094749 0.096947 0.100837 0.107029 0.115805 0.131244 0.147764 0.160011 0.171720 0.182632 0.196379 0.216722 0.242696 0.269745 0.295973 0.318973 0.336175 0.346166 0.350731 0.356757 0.363659 0.369562 0.369994 0.370000 0.370000 0.370000 0.370000 0.370000 0.370000 0.370000 0.370000 0.370000 0.370000 0.370000 0.370000 0.370000 0.370000 0.370000
-9999.0 -9999.0 -9999.0 0.071261 0.071979 0.072791 0.073521 0.074468 0.075593 0.075880 0.076199 0.076512 0.076853 0.077275 0.077806 0.078631 0.079342 0.079969 0.081294 0.084153 0.087688 0.091995 0.096667 0.102298 0.107150 0.110532 0.114269 0.120901 0.134213 0.150984 0.177529 0.211420 0.238108 0.256091 0.269265 0.286938 0.303053 0.326721 0.349854 0.366695 0.369977 0.369999 0.370000 0.370000 0.370000 0.370000 0.370000 0.370000 0.370000 0.370000 0.370000 0.370000 0.370000 0.370000 0.370000 0.370000 0.370000 0.370000 0.370000 0.370000 0.370000 0.370000 0.370000
-9999.0 -9999.0 0.070558 0.071103 0.071744 0.072912 0.074423 0.075600 0.077393 0.078765 0.079181 0.080405 0.081616 0.082279 0.083700 0.085249 0.086260 0.086342 0.087325 0.091823 0.100535 0.111336 0.121352 0.142283 0.156735 0.166536 0.171787 0.184832 0.203692 0.235222 0.272702 0.310058 0.338737 0.356786 0.362868 0.368235 0.369966 0.369997 0.370000 0.370000 0.370000 0.370000 0.370000 0.370000 0.370000 0.370000 0.370000 0.370000 0.370000 0.370000 0.370000 0.370000 0.370000 0.370000 0.370000 0.370000 0.370000 0.370000 0.370000 0.370000 0.370000 0.370000 0.370000
-9999.0 -9999.0 0.070247 0.070841 0.071588 0.073224 0.075612 0.077266 0.079632 0.082682 0.084282 0.086453 0.088863 0.091553 0.094848 0.098817 0.098842 0.098910 0.098523 0.109320 0.125574 0.152338 0.195717 0.235134 0.262639 0.265700 0.267742 0.280482 0.300088 0.334261 0.365359 0.369973 0.370000 0.370000 0.370000 0.370000 0.370000 0.370000 0.370000 0.370000 0.370000 0.370000 0.370000 0.370000 0.370000 0.370000 0.370000 0.370000 0.370000 0.370000 0.370000 0.370000 0.370000 0.370000 0.370000 0.370000 0.370000 0.370000 0.370000 0.370000 0.370000 0.370000 0.370000
-9999.0 0.069375 0.069868 0.070533 0.071707 0.073348 0.076449 0.081023 0.084719 0.088764 0.092200 0.095423 0.106986 0.120477 0.128736 0.140030 0.137503 0.134996 0.131009 0.146310 0.173951 0.236098 0.329844 0.360759 0.368366 0.368895 0.368800 0.369930 0.369992 0.370000 0.370000 0.370000 0.370000 0.370000 0.370000 0.370000 0.370000 0.370000 0.370000 0.370000 0.370000 0.370000 0.370000 0.370000 0.370000 0.370000 0.370000 0.370000 0.370000 0.370000 0.370000 0.370000 0.370000 0.370000 0.370000 0.370000 0.370000 0.370000 0.370000 0.370000 0.370000 0.370000 0.370000
-9999.0 0.069112 0.069629 0.070467 0.071633 0.073599 0.078387 0.088019 0.093348 0.098321 0.104207 0.117757 0.151439 0.187980 0.212081 0.240457 0.236439 0.224584 0.223341 0.249284 0.293197 0.351664 0.369993 0.370000 0.370000 0.370000 0.370000 0.370000 0.370000 0.370000 0.370000 0.370000 0.370000 0.370000 0.370000 0.370000 0.370000 0.370000 0.370000 0.370000 0.370000 0.370000 0.370000 0.370000 0.370000 0.370000 0.370000 0.370000 0.370000 0.370000 0.370000 0.370000 0.370000 0.370000 0.370000 0.370000 0.370000 0.370000 0.370000 0.370000 0.370000 0.370000 0.370000
-9999.0 0.068970 0.069509 0.070218 0.071400 0.074751 0.080663 0.093200 0.109263 0.118426 0.137560 0.185150 0.253050 0.318486 0.349931 0.361984 0.366506 0.366112 0.369726 0.369989 0.370000 0.370000 0.370000 0.370000 0.370000 0.370000 0.370000 0.370000 0.370000 0.370000 0.370000 0.370000 0.370000 0.370000 0.370000 0.370000 0.370000 0.370000 0.370000 0.370000 0.370000 0.370000 0.370000 0.370000 0.370000 0.370000 0.370000 0.370000 0.370000 0.370000 0.370000 0.370000 0.370000 0.370000 0.370000 0.370000 0.370000 0.370000 0.370000 0.370000 0.370000 0.370000 0.370000
-9999.0 0.068511 0.068988 0.069515 0.071452 0.075888 0.083009 0.103997 0.143655 0.167526 0.231343 0.307487 0.362661 0.369982 0.370000 0.370000 0.370000 0.370000 0.370000 0.370000 0.370000 0.370000 0.370000 0.370000 0.370000 0.370000 0.370000 0.370000 0.370000 0.370000 0.370000 0.370000 0.370000 0.370000 0.370000 0.370000 0.370000 0.370000 0.370000 0.370000 0.370000 0.370000 0.370000 0.370000 0.370000 0.370000 0.370000 0.370000 0.370000 0.370000 0.370000 0.370000 0.370000 0.370000 0.370000 0.370000 0.370000 0.370000 0.370000 0.370000 0.370000 0.370000 0.370000
-9999.0 0.068167 0.068510 0.069234 0.071100 0.075204 0.084568 0.112412 0.193330 0.264063 0.326295 0.354156 0.369958 0.370000 0.370000 0.370000 0.370000 0.370000 0.370000 0.370000 0.370000 0.370000 0.370000 0.370000 0.370000 0.370000 0.370000 0.370000 0.370000 0.370000 0.370000 0.370000 0.370000 0.370000 0.370000 0.370000 0.370000 0.370000 0.370000 0.370000 0.370000 0.370000 0.370000 0.370000 0.370000 0.370000 0.370000 0.370000 0.370000 0.370000 0.370000 0.370000 0.370000 0.370000 0.370000 0.370000 0.370000 0.369996 0.369621 0.361275 0.340421 0.330052 0.325479
-9999.0 0.067916 0.068291 0.068852 0.070126 0.072528 0.077531 0.092183 0.130089 0.249851 0.361289 0.367685 0.369959 0.370000 0.370000 0.370000 0.370000 0.370000 0.370000 0.370000 0.370000 0.370000 0.370000 0.370000 0.370000 0.370000 0.370000 0.370000 0.370000 0.370000 0.370000 0.370000 0.370000 0.370000 0.370000 0.370000 0.370000 0.370000 0.370000 0.370000 0.370000 0.370000 0.370000 0.370000 0.370000 0.370000 0.370000 0.370000 0.370000 0.370000 0.369999 0.369996 0.369944 0.369055 0.366222 0.360981 0.345084 0.327331 0.309382 0.285047 0.251777 0.230460 0.226042
-9999.0 -9999.0 0.068051 0.068508 0.069281 0.070747 0.073608 0.081163 0.099259 0.161689 0.238809 0.303828 0.336672 0.363477 0.369980 0.370000 0.370000 0.370000 0.370000 0.370000 0.370000 0.370000 0.370000 0.370000 0.370000 0.370000 0.370000 0.370000 0.370000 0.370000 0.370000 0.370000 0.370000 0.369999 0.370000 0.370000 0.370000 0.370000 0.369998 0.369971 0.368341 0.363110 0.360879 0.361107 0.361025 0.359464 0.356270 0.348477 0.339389 0.329789 0.325078 0.320706 0.316297 0.308316 0.299901 0.289871 0.271105 0.252379 0.233935 0.206176 0.179228 0.156525 0.141955
-9999.0 -9999.0 0.067827 0.068165 0.068755 0.069768 0.071294 0.074344 0.082980 0.097674 0.119748 0.151081 0.186390 0.222483 0.259944 0.305588 0.323081 0.328256 0.324774 0.327049 0.336294 0.345142 0.351702 0.358598 0.364510 0.367951 0.369235 0.367633 0.363525 0.354726 0.341405 0.325779 0.316922 0.312070 0.316381 0.323268 0.320250 0.312254 0.300409 0.286030 0.274595 0.263763 0.260475 0.259553 0.259615 0.257752 0.255042 0.246960 0.237100 0.230358 0.225046 0.220440 0.218279 0.212757 0.205924 0.201401 0.188992 0.174424 0.160233 0.144338 0.128629 0.118364 0.110115
-9999.0 -9999.0 -9999.0 0.067919 0.068262 0.068737 0.069454 0.070391 0.072436 0.076211 0.081809 0.090484 0.099747 0.110072 0.123279 0.141745 0.155245 0.161248 0.164360 0.189063 0.204142 0.227905 0.248561 0.257832 0.269235 0.280788 0.284083 0.275875 0.267307 0.254134 0.236179 0.218540 0.208900 0.209431 0.209738 0.212205 0.208234 0.204435 0.196120 0.187352 0.179001 0.172965 0.170676 0.168380 0.167028 0.165182 0.163378 0.159781 0.155426 0.151229 0.147826 0.146544 0.145243 0.143178 0.140412 0.137715 0.133408 0.124437 0.116770 0.109595 0.102671 0.096969 0.092380
-9999.0 -9999.0 -9999.0 -9999.0 -9999.0 0.068080 0.068482 0.069007 0.069703 0.070651 0.072198 0.074918 0.076982 0.079570 0.083212 0.087044 0.090731 0.095363 0.102491 0.111411 0.123147 0.134628 0.148611 0.161834 0.169225 0.177074 0.180099 0.174428 0.169014 0.161082 0.149519 0.139527 0.137459 0.137632 0.137803 0.137187 0.135182 0.133224 0.130561 0.125942 0.121989 0.120297 0.119137 0.117998 0.116862 0.115899 0.114995 0.114069 0.111861 0.110037 0.110090 0.109518 0.108955 0.108393 0.106990 0.105521 0.103785 0.099057 0.095378 0.093049 0.089024 0.085932 0.084036
-9999.0 -9999.0 -9999.0 -9999.0 -9999.0 -9999.0 0.067937 0.068236 0.068584 0.069059 0.069780 0.070683 0.071199 0.072143 0.073389 0.074994 0.077122 0.079155 0.081800 0.085225 0.089630 0.094124 0.099853 0.106548 0.109645 0.112449 0.115272 0.112841 0.110563 0.108345 0.103511 0.102407 0.101275 0.101296 0.101256 0.101224 0.100290 0.099287 0.098332 0.096430 0.095533 0.094646 0.094041 0.093476 0.092919 0.092465 0.092128 0.091799 0.090961 0.091037 0.091094 0.090851 0.090572 0.090294 0.089581 0.088626 0.087723 0.085959 0.084590 0.083333 0.081328 0.080006 0.078816
