tests/Borden05m/data_simulated/sim_1/output-maps/thetaliqL0005N0017.asc
ncols         160
nrows         34
xllcorner     620200.000000
yllcorner     5168000.000000
cellsize      0.500000
NODATA_value  -9999.0
[rows 0 to 27 of 34, columns 63 to 125 of 160]
-9999.0 -9999.0 -9999.0 -9999.0 -9999.0 -9999.0 -9999.0 -9999.0 -9999.0 -9999.0 -9999.0 -9999.0 -9999.0 -9999.0 -9999.0 -9999.0 -9999.0 -9999.0 -9999.0 -9999.0 -9999.0 -9999.0 -9999.0 -9999.0 -9999.0 -9999.0 -9999.0 -9999.0 -9999.0 -9999.0 -9999.0 -9999.0 -9999.0 -9999.0 -9999.0 -9999.0 -9999.0 -9999.0 -9999.0 -9999.0 -9999.0 -9999.0 -9999.0 -9999.0 -9999.0 -9999.0 -9999.0 -9999.0 -9999.0 -9999.0 -9999.0 -9999.0 -9999.0 -9999.0 -9999.0 -9999.0 -9999.0 -9999.0 -9999.0 -9999.0 -9999.0 -9999.0 -9999.0
0.150312 0.146392 0.142508 0.141261 0.141198 0.140652 0.139866 0.141943 0.144973 0.147868 0.151173 0.151510 0.152322 0.153506 0.153787 0.153138 0.151549 0.150205 0.148778 0.149067 0.144951 0.139715 0.135852 0.134881 0.137401 0.139358 0.139777 0.142145 0.146864 0.151539 0.154604 0.160278 0.161720 0.164318 0.166895 0.164510 0.163161 0.162244 0.161304 0.155064 -9999.0 -9999.0 -9999.0 -9999.0 -9999.0 -9999.0 -9999.0 -9999.0 -9999.0 -9999.0 -9999.0 -9999.0 -9999.0 -9999.0 -9999.0 -9999.0 -9999.0 -9999.0 -9999.0 -9999.0 -9999.0 -9999.0 -9999.0
0.142152 0.138112 0.136346 0.133748 0.132802 0.132596 0.132055 0.133346 0.137690 0.141166 0.142792 0.143021 0.143446 0.143011 0.142523 0.142493 0.141172 0.139785 0.138398 0.138102 0.139418 0.135966 0.133959 0.132469 0.131448 0.132279 0.133042 0.133796 0.138087 0.140994 0.143792 0.150630 0.157161 0.159621 0.157794 0.155053 0.154329 0.152459 0.148655 0.144797 0.142121 0.139918 0.138534 0.136442 0.139450 0.140945 0.145374 0.149710 0.155023 0.161599 -9999.0 -9999.0 -9999.0 -9999.0 -9999.0 -9999.0 -9999.0 -9999.0 -9999.0 -9999.0 -9999.0 -9999.0 -9999.0
0.136365 0.134834 0.132470 0.129796 0.133398 0.133328 0.133351 0.134403 0.135890 0.136582 0.137550 0.139316 0.143527 0.144017 0.143934 0.144029 0.143167 0.141698 0.141274 0.140208 0.137307 0.137340 0.137840 0.137539 0.140450 0.140922 0.142143 0.137527 0.138785 0.141090 0.143446 0.145859 0.148439 0.150608 0.148558 0.149055 0.145771 0.139990 0.136591 0.134721 0.135881 0.136181 0.133483 0.127363 0.130725 0.138544 0.139335 0.139602 0.144899 0.150538 0.156815 0.156926 0.156571 0.156880 0.156817 0.150088 0.144556 0.139872 0.132191 -9999.0 -9999.0 -9999.0 -9999.0
0.136618 0.134477 0.132586 0.138958 0.142745 0.142309 0.143399 0.145238 0.144789 0.137217 0.135452 0.139163 0.143649 0.146012 0.145222 0.144787 0.143683 0.143354 0.143589 0.142424 0.143394 0.144693 0.144291 0.146896 0.149832 0.151853 0.146425 0.141436 0.141662 0.145759 0.149578 0.152703 0.158628 0.166448 0.165436 0.162669 0.159389 0.154705 0.143982 0.135524 0.131920 0.130065 0.127779 0.128355 0.127387 0.132836 0.133040 0.132940 0.136613 0.140462 0.144798 0.147617 0.147332 0.147706 0.147713 0.144544 0.139136 0.134973 0.131154 0.125217 0.118019 0.109483 0.109741
0.134515 0.135441 0.141773 0.147301 0.154879 0.154525 0.155326 0.155032 0.148856 0.143583 0.140890 0.149495 0.158094 0.162118 0.161435 0.160977 0.167408 0.165457 0.163777 0.159660 0.161233 0.162238 0.170338 0.174718 0.179336 0.177725 0.169385 0.162406 0.161452 0.162339 0.162620 0.165686 0.172228 0.179651 0.175763 0.171760 0.167697 0.151529 0.138861 0.133088 0.136213 0.138188 0.136886 0.136535 0.135861 0.131949 0.132460 0.132664 0.131619 0.136982 0.142723 0.143971 0.140162 0.138589 0.139128 0.136837 0.134642 0.130538 0.126327 0.122508 0.113554 0.114186 0.110745
0.153365 0.157221 0.163553 0.174105 0.191202 0.191686 0.194065 0.198485 0.189577 0.180563 0.170591 0.182204 0.187957 0.194388 0.196436 0.207436 0.217481 0.212001 0.203453 0.194836 0.200564 0.214282 0.228513 0.233773 0.236537 0.238250 0.228932 0.224270 0.220958 0.220480 0.215334 0.216614 0.227616 0.243971 0.244922 0.233892 0.214138 0.186818 0.164042 0.152000 0.157823 0.154545 0.152204 0.151663 0.144682 0.139968 0.142330 0.137849 0.134799 0.141163 0.143150 0.143189 0.138821 0.143790 0.141180 0.134084 0.128568 0.124652 0.121477 0.117925 0.118011 0.115987 0.112874
0.176353 0.181624 0.195645 0.217571 0.244127 0.260079 0.271236 0.281492 0.273695 0.263206 0.251713 0.254971 0.269426 0.283827 0.298028 0.311980 0.323605 0.320053 0.312700 0.311163 0.315125 0.328416 0.337974 0.341327 0.343074 0.345540 0.343225 0.338877 0.332867 0.325798 0.318521 0.313217 0.324880 0.334616 0.332810 0.312795 0.286761 0.250366 0.213893 0.183179 0.179273 0.180809 0.181548 0.171013 0.163078 0.152889 0.148545 0.146215 0.138619 0.141650 0.143810 0.149526 0.156634 0.157404 0.148996 0.142442 0.135751 0.129637 0.125319 0.125799 0.125476 0.122366 0.119861
0.294160 0.300254 0.314113 0.337804 0.354110 0.360969 0.364366 0.364891 0.363928 0.362654 0.360206 0.358782 0.361296 0.363286 0.364742 0.365812 0.366663 0.367130 0.367073 0.367073 0.367229 0.367448 0.367766 0.368074 0.368342 0.368597 0.368656 0.368339 0.367953 0.367426 0.366847 0.366634 0.366506 0.366911 0.366840 0.365324 0.362131 0.355406 0.340423 0.315456 0.289431 0.286389 0.269275 0.250762 0.228326 0.194584 0.181304 0.172129 0.152315 0.149928 0.156688 0.166011 0.171725 0.160638 0.152814 0.145049 0.137320 0.129934 0.129578 0.130849 0.130772 0.129142 0.128630
0.364386 0.364966 0.365665 0.367748 0.369049 0.369629 0.369848 0.369897 0.369856 0.369794 0.369699 0.369587 0.369589 0.369727 0.369843 0.369913 0.369943 0.369951 0.369947 0.369947 0.369950 0.369957 0.369961 0.369968 0.369977 0.369987 0.369994 0.369993 0.369981 0.369962 0.369921 0.369888 0.369871 0.369842 0.369837 0.369829 0.369614 0.369170 0.368158 0.366233 0.364014 0.360891 0.356062 0.348505 0.323729 0.283021 0.244049 0.212918 0.185082 0.178238 0.201968 0.225097 0.213768 0.204825 0.192271 0.175718 0.161867 0.148284 0.146687 0.146589 0.144457 0.142064 0.139656
0.369832 0.369869 0.369908 0.369959 0.369994 0.370000 0.370000 0.370000 0.370000 0.370000 0.370000 0.370000 0.370000 0.370000 0.370000 0.370000 0.370000 0.370000 0.370000 0.370000 0.370000 0.370000 0.370000 0.370000 0.370000 0.370000 0.370000 0.370000 0.370000 0.370000 0.370000 0.370000 0.370000 0.370000 0.370000 0.370000 0.370000 0.369998 0.369983 0.369877 0.369639 0.369265 0.368906 0.368369 0.367599 0.364621 0.361715 0.354515 0.338409 0.313409 0.331140 0.321098 0.307859 0.287292 0.258108 0.231824 0.208173 0.186950 0.180849 0.178423 0.173923 0.170979 0.166297
0.370000 0.370000 0.370000 0.370000 0.370000 0.370000 0.370000 0.370000 0.370000 0.370000 0.370000 0.370000 0.370000 0.370000 0.370000 0.370000 0.370000 0.370000 0.370000 0.370000 0.370000 0.370000 0.370000 0.370000 0.370000 0.370000 0.370000 0.370000 0.370000 0.370000 0.370000 0.370000 0.370000 0.370000 0.370000 0.370000 0.370000 0.370000 0.370000 0.370000 0.369999 0.369991 0.369974 0.369950 0.369922 0.369884 0.369798 0.369519 0.368594 0.366780 0.365675 0.364645 0.362715 0.357005 0.345957 0.330157 0.297064 0.257294 0.231513 0.222972 0.215397 0.207435 0.198068
0.370000 0.370000 0.370000 0.370000 0.370000 0.370000 0.370000 0.370000 0.370000 0.370000 0.370000 0.370000 0.370000 0.370000 0.370000 0.370000 0.370000 0.370000 0.370000 0.370000 0.370000 0.370000 0.370000 0.370000 0.370000 0.370000 0.370000 0.370000 0.370000 0.370000 0.370000 0.370000 0.370000 0.370000 0.370000 0.370000 0.370000 0.370000 0.370000 0.370000 0.370000 0.370000 0.370000 0.370000 0.370000 0.370000 0.370000 0.369998 0.369988 0.369931 0.369716 0.369577 0.369308 0.368634 0.367741 0.366790 0.363570 0.356473 0.344899 0.334535 0.314061 0.288968 0.267804
0.370000 0.370000 0.370000 0.370000 0.370000 0.370000 0.370000 0.370000 0.370000 0.370000 0.370000 0.370000 0.370000 0.370000 0.370000 0.370000 0.370000 0.370000 0.370000 0.370000 0.370000 0.370000 0.370000 0.370000 0.370000 0.370000 0.370000 0.370000 0.370000 0.370000 0.370000 0.370000 0.370000 0.370000 0.370000 0.370000 0.370000 0.370000 0.370000 0.370000 0.370000 0.370000 0.370000 0.370000 0.370000 0.370000 0.370000 0.370000 0.370000 0.370000 0.369998 0.369991 0.369981 0.369967 0.369946 0.369900 0.369653 0.368974 0.367793 0.366425 0.363651 0.359075 0.351481
0.370000 0.370000 0.370000 0.370000 0.370000 0.370000 0.370000 0.370000 0.370000 0.370000 0.370000 0.370000 0.370000 0.370000 0.370000 0.370000 0.370000 0.370000 0.370000 0.370000 0.370000 0.370000 0.370000 0.370000 0.370000 0.370000 0.370000 0.370000 0.370000 0.370000 0.370000 0.370000 0.370000 0.370000 0.370000 0.370000 0.370000 0.370000 0.370000 0.370000 0.370000 0.370000 0.370000 0.370000 0.370000 0.370000 0.370000 0.370000 0.370000 0.370000 0.370000 0.370000 0.370000 0.370000 0.370000 0.370000 0.369996 0.369971 0.369877 0.369686 0.369311 0.368653 0.367596
0.370000 0.370000 0.370000 0.370000 0.370000 0.370000 0.370000 0.370000 0.370000 0.370000 0.370000 0.370000 0.370000 0.370000 0.370000 0.370000 0.370000 0.370000 0.370000 0.370000 0.370000 0.370000 0.370000 0.370000 0.370000 0.370000 0.370000 0.370000 0.370000 0.370000 0.370000 0.370000 0.370000 0.370000 0.370000 0.370000 0.370000 0.370000 0.370000 0.370000 0.370000 0.370000 0.370000 0.370000 0.370000 0.370000 0.370000 0.370000 0.370000 0.370000 0.370000 0.370000 0.370000 0.370000 0.370000 0.370000 0.370000 0.370000 0.369999 0.369992 0.369964 0.369898 0.369758
0.370000 0.370000 0.370000 0.370000 0.370000 0.370000 0.370000 0.370000 0.370000 0.370000 0.370000 0.370000 0.370000 0.370000 0.370000 0.370000 0.370000 0.370000 0.370000 0.370000 0.370000 0.370000 0.370000 0.370000 0.370000 0.370000 0.370000 0.370000 0.370000 0.370000 0.370000 0.370000 0.370000 0.370000 0.370000 0.370000 0.370000 0.370000 0.370000 0.370000 0.370000 0.370000 0.370000 0.370000 0.370000 0.370000 0.370000 0.370000 0.370000 0.370000 0.370000 0.370000 0.370000 0.370000 0.370000 0.370000 0.370000 0.370000 0.370000 0.370000 0.370000 0.369999 0.369994
0.370000 0.370000 0.370000 0.370000 0.370000 0.370000 0.370000 0.370000 0.370000 0.370000 0.370000 0.370000 0.370000 0.370000 0.370000 0.369999 0.369999 0.369999 0.369999 0.370000 0.370000 0.370000 0.369999 0.369998 0.369996 0.369995 0.369996 0.369998 0.370000 0.370000 0.370000 0.370000 0.370000 0.370000 0.370000 0.370000 0.370000 0.370000 0.370000 0.370000 0.370000 0.370000 0.370000 0.370000 0.370000 0.370000 0.370000 0.370000 0.370000 0.370000 0.370000 0.370000 0.370000 0.370000 0.370000 0.370000 0.370000 0.370000 0.370000 0.370000 0.370000 0.370000 0.370000
0.370000 0.370000 0.370000 0.370000 0.370000 0.370000 0.369999 0.369998 0.369997 0.369996 0.369993 0.369988 0.369977 0.369951 0.369900 0.369826 0.369794 0.369762 0.369725 0.369802 0.369830 0.369814 0.369761 0.369694 0.369654 0.369626 0.369667 0.369782 0.369861 0.369911 0.369929 0.369912 0.369929 0.369945 0.369947 0.369974 0.369989 0.369997 0.369999 0.370000 0.370000 0.370000 0.370000 0.370000 0.370000 0.370000 0.370000 0.370000 0.370000 0.370000 0.370000 0.370000 0.370000 0.370000 0.370000 0.370000 0.370000 0.370000 0.370000 0.370000 0.370000 0.370000 0.370000
0.370000 0.370000 0.369999 0.369988 0.369944 0.369885 0.369764 0.369679 0.369585 0.369243 0.368927 0.368671 0.368697 0.368265 0.367456 0.366561 0.366048 0.365646 0.364729 0.364344 0.364726 0.365540 0.364956 0.364612 0.364848 0.364632 0.364433 0.365227 0.366361 0.366926 0.367432 0.367854 0.368071 0.368346 0.369073 0.369372 0.369590 0.369785 0.369904 0.369964 0.369986 0.369994 0.369998 0.370000 0.370000 0.370000 0.370000 0.370000 0.370000 0.370000 0.370000 0.370000 0.370000 0.370000 0.370000 0.370000 0.370000 0.370000 0.370000 0.370000 0.370000 0.370000 0.370000
0.369977 0.369958 0.369790 0.369291 0.368419 0.367435 0.365841 0.364399 0.361464 0.354798 0.348083 0.348057 0.349976 0.347978 0.340300 0.330915 0.322287 0.311837 0.297301 0.287881 0.295942 0.304516 0.306286 0.306985 0.309844 0.310170 0.309342 0.309458 0.320141 0.328067 0.335428 0.341018 0.345880 0.355492 0.361355 0.364052 0.366080 0.367462 0.368523 0.369212 0.369560 0.369726 0.369855 0.369932 0.369974 0.369992 0.369999 0.370000 0.370000 0.370000 0.370000 0.370000 0.370000 0.370000 0.370000 0.370000 0.370000 0.370000 0.370000 0.370000 0.370000 0.370000 0.370000
0.369017 0.367972 0.365311 0.360373 0.352752 0.341202 0.323575 0.299869 0.269284 0.239698 0.221034 0.228012 0.234144 0.241579 0.227632 0.215390 0.209938 0.198514 0.188158 0.177901 0.185085 0.191042 0.202060 0.203208 0.204855 0.209522 0.207691 0.206347 0.201554 0.209537 0.216979 0.226695 0.250068 0.275814 0.301255 0.321272 0.337782 0.350234 0.358651 0.363599 0.366261 0.367557 0.368453 0.369110 0.369495 0.369727 0.369880 0.369963 0.369989 0.369997 0.369999 0.370000 0.370000 0.370000 0.370000 0.370000 0.370000 0.370000 0.370000 0.370000 0.370000 0.370000 0.370000
0.348323 0.330637 0.292405 0.262962 0.240556 0.218339 0.200949 0.186890 0.170081 0.158022 0.145895 0.149159 0.155765 0.164635 0.158251 0.156095 0.155789 0.150203 0.144322 0.137600 0.139056 0.145520 0.153615 0.155334 0.157908 0.162303 0.162295 0.158604 0.152781 0.155203 0.161406 0.168884 0.181689 0.195859 0.211091 0.226212 0.245794 0.269256 0.295126 0.321818 0.342152 0.352321 0.359918 0.364414 0.366484 0.367423 0.368267 0.369116 0.369494 0.369744 0.369884 0.369944 0.369988 0.369999 0.370000 0.370000 0.370000 0.370000 0.370000 0.370000 0.370000 0.370000 0.370000
0.212709 0.187929 0.174481 0.164510 0.155602 0.147923 0.140391 0.133869 0.128270 0.122032 0.114618 0.117121 0.121874 0.127299 0.127707 0.126832 0.126563 0.124418 0.120097 0.114773 0.117375 0.122031 0.126826 0.129303 0.131022 0.133699 0.132105 0.128447 0.124328 0.126872 0.132053 0.136642 0.142725 0.151169 0.160687 0.171092 0.183472 0.197308 0.215158 0.236336 0.260903 0.286821 0.312666 0.334371 0.344170 0.351297 0.356287 0.361370 0.364517 0.366540 0.367968 0.368894 0.369537 0.369884 0.369982 0.369999 0.370000 0.370000 0.370000 0.370000 0.370000 0.370000 0.370000
0.153499 0.141608 0.133907 0.128689 0.127683 0.124461 0.119292 0.117554 0.114339 0.108574 0.109638 0.111131 0.115690 0.115429 0.115350 0.114267 0.114663 0.113604 0.108756 0.111044 0.112699 0.116650 0.118449 0.120175 0.121438 0.122471 0.121869 0.118085 0.118923 0.120686 0.125029 0.127101 0.130839 0.137705 0.142585 0.149323 0.158171 0.168386 0.180755 0.195805 0.214954 0.234599 0.252940 0.262987 0.275576 0.285618 0.284540 0.303960 0.322233 0.337656 0.351077 0.359389 0.364637 0.367813 0.369313 0.369840 0.369970 0.369997 0.370000 0.370000 0.370000 0.370000 0.370000
0.122833 0.116050 0.110638 0.110814 0.109967 0.108769 0.107148 0.105360 0.102883 0.104675 0.104777 0.104624 0.104608 0.104828 0.105259 0.104833 0.104554 0.104697 0.106543 0.107081 0.107045 0.108513 0.109950 0.111416 0.111230 0.111808 0.112131 0.112973 0.113163 0.113250 0.115546 0.117320 0.119470 0.123041 0.126689 0.131210 0.137791 0.144819 0.153601 0.165832 0.180478 0.192517 0.197938 0.205444 0.209074 0.205566 0.202264 0.210817 0.222382 0.234731 0.258624 0.286357 0.316641 0.350182 0.363427 0.367665 0.369133 0.369728 0.369919 0.369979 0.369996 0.370000 0.370000
0.110586 0.106143 0.104325 0.104646 0.104107 0.103457 0.101476 0.099796 0.100820 0.101160 0.100985 0.100446 0.101123 0.101520 0.102405 0.101747 0.101453 0.101769 0.102164 0.102392 0.103399 0.104430 0.105517 0.108170 0.107629 0.107921 0.108921 0.108891 0.108971 0.108922 0.111057 0.112615 0.114088 0.117085 0.120031 0.123595 0.128435 0.135250 0.145573 0.155847 0.168212 0.180006 0.184398 0.186978 0.185538 0.182411 0.173951 0.173956 0.182718 0.184121 0.194292 0.211256 0.222351 0.266507 0.321410 0.347978 0.360889 0.366145 0.368726 0.369441 0.369811 0.369952 0.369991
0.102396 0.101456 0.099521 0.099201 0.098658 0.097661 0.096618 0.097380 0.097217 0.097069 0.097084 0.096771 0.097317 0.097838 0.098371 0.098229 0.098289 0.097757 0.097987 0.099035 0.099501 0.100494 0.102162 0.104261 0.103804 0.103992 0.104375 0.104344 0.104664 0.104505 0.106140 0.107752 0.108956 0.111773 0.114275 0.116037 0.121041 0.128450 0.137076 0.145223 0.155479 0.168300 0.168150 0.168564 0.168925 0.161301 0.152744 0.151118 0.153313 0.152912 0.158583 0.164871 0.170059 0.190481 0.214755 0.246531 0.292293 0.339472 0.359716 0.365336 0.367880 0.369114 0.369641
