tests/Borden05m/data_simulated/sim_1/output-maps/thetaliqL0007N0017.asc
ncols         160
nrows         34
xllcorner     620200.000000
yllcorner     5168000.000000
cellsize      0.500000
NODATA_value  -9999.0
[rows 0 to 27 of 34, columns 0 to 62 of 160]
-9999.0 -9999.0 -9999.0 -9999.0 -9999.0 -9999.0 -9999.0 -9999.0 -9999.0 -9999.0 -9999.0 -9999.0 -9999.0 -9999.0 -9999.0 -9999.0 -9999.0 -9999.0 -9999.0 -9999.0 -9999.0 -9999.0 -9999.0 -9999.0 -9999.0 -9999.0 -9999.0 -9999.0 -9999.0 -9999.0 -9999.0 -9999.0 -9999.0 -9999.0 -9999.0 -9999.0 -9999.0 -9999.0 -9999.0 -9999.0 -9999.0 -9999.0 -9999.0 -9999.0 -9999.0 -9999.0 -9999.0 -9999.0 -9999.0 -9999.0 -9999.0 -9999.0 -9999.0 -9999.0 -9999.0 -9999.0 -9999.0 -9999.0 -9999.0 -9999.0 -9999.0 -9999.0 -9999.0
-9999.0 -9999.0 -9999.0 -9999.0 -9999.0 -9999.0 -9999.0 -9999.0 -9999.0 -9999.0 -9999.0 -9999.0 -9999.0 -9999.0 -9999.0 -9999.0 -9999.0 -9999.0 -9999.0 -9999.0 -9999.0 -9999.0 -9999.0 -9999.0 -9999.0 -9999.0 -9999.0 -9999.0 -9999.0 -9999.0 -9999.0 -9999.0 -9999.0 -9999.0 -9999.0 -9999.0 -9999.0 -9999.0 -9999.0 -9999.0 -9999.0 -9999.0 -9999.0 -9999.0 -9999.0 -9999.0 -9999.0 -9999.0 -9999.0 -9999.0 -9999.0 -9999.0 -9999.0 -9999.0 -9999.0 -9999.0 -9999.0 -9999.0 -9999.0 0.333032 0.330159 0.327192 0.324274
-9999.0 -9999.0 -9999.0 -9999.0 -9999.0 -9999.0 -9999.0 -9999.0 -9999.0 -9999.0 -9999.0 -9999.0 -9999.0 -9999.0 -9999.0 -9999.0 -9999.0 -9999.0 -9999.0 -9999.0 -9999.0 -9999.0 -9999.0 -9999.0 -9999.0 -9999.0 -9999.0 -9999.0 -9999.0 -9999.0 -9999.0 -9999.0 -9999.0 -9999.0 -9999.0 -9999.0 -9999.0 -9999.0 -9999.0 -9999.0 -9999.0 -9999.0 -9999.0 -9999.0 -9999.0 -9999.0 -9999.0 0.242521 0.228293 0.214802 0.213576 0.231537 0.250284 0.269194 0.285007 0.298642 0.311489 0.323353 0.325195 0.318898 0.315891 0.313689 0.312135
-9999.0 -9999.0 -9999.0 -9999.0 -9999.0 -9999.0 -9999.0 -9999.0 -9999.0 -9999.0 -9999.0 -9999.0 -9999.0 -9999.0 -9999.0 -9999.0 -9999.0 -9999.0 -9999.0 -9999.0 -9999.0 -9999.0 -9999.0 -9999.0 -9999.0 -9999.0 -9999.0 -9999.0 -9999.0 -9999.0 -9999.0 -9999.0 -9999.0 -9999.0 -9999.0 -9999.0 -9999.0 -9999.0 -9999.0 -9999.0 0.280740 0.285178 0.286429 0.277833 0.268715 0.259186 0.242935 0.228382 0.215814 0.213376 0.215198 0.219691 0.238080 0.257471 0.272829 0.286237 0.300107 0.313410 0.315157 0.307931 0.301948 0.298840 0.298708
-9999.0 -9999.0 -9999.0 -9999.0 -9999.0 -9999.0 -9999.0 -9999.0 -9999.0 -9999.0 -9999.0 -9999.0 -9999.0 -9999.0 -9999.0 -9999.0 -9999.0 -9999.0 -9999.0 -9999.0 -9999.0 -9999.0 -9999.0 -9999.0 -9999.0 -9999.0 -9999.0 -9999.0 -9999.0 -9999.0 -9999.0 -9999.0 -9999.0 -9999.0 0.208026 0.221523 0.235793 0.250410 0.263622 0.268704 0.273295 0.277792 0.274512 0.270460 0.261179 0.246062 0.229889 0.218304 0.215925 0.213673 0.216913 0.227150 0.240299 0.253497 0.270147 0.287774 0.294337 0.302863 0.304843 0.301125 0.301536 0.302357 0.303252
-9999.0 -9999.0 -9999.0 -9999.0 -9999.0 -9999.0 -9999.0 -9999.0 -9999.0 -9999.0 -9999.0 -9999.0 -9999.0 -9999.0 -9999.0 -9999.0 -9999.0 -9999.0 -9999.0 -9999.0 -9999.0 -9999.0 -9999.0 -9999.0 -9999.0 -9999.0 -9999.0 -9999.0 0.212068 0.207448 0.203367 0.202034 0.200854 0.199730 0.204715 0.213987 0.228253 0.245296 0.255385 0.260909 0.265911 0.266364 0.262325 0.260253 0.260110 0.250427 0.240752 0.231731 0.223172 0.222113 0.229488 0.240300 0.252953 0.264566 0.276398 0.286724 0.297652 0.312230 0.317558 0.313542 0.309472 0.306775 0.307006
-9999.0 -9999.0 -9999.0 -9999.0 -9999.0 -9999.0 -9999.0 -9999.0 -9999.0 -9999.0 -9999.0 -9999.0 -9999.0 -9999.0 -9999.0 -9999.0 -9999.0 -9999.0 -9999.0 -9999.0 -9999.0 -9999.0 -9999.0 0.191192 0.195457 0.199959 0.205142 0.205577 0.202128 0.197744 0.195175 0.193785 0.192464 0.195297 0.201247 0.211321 0.223475 0.240457 0.247155 0.252449 0.262363 0.263723 0.266988 0.269862 0.268062 0.265715 0.255961 0.248694 0.253380 0.258271 0.263058 0.268615 0.278498 0.290297 0.303066 0.316698 0.329237 0.338786 0.345712 0.343351 0.339513 0.334040 0.334153
-9999.0 -9999.0 -9999.0 -9999.0 -9999.0 -9999.0 -9999.0 -9999.0 -9999.0 -9999.0 -9999.0 -9999.0 -9999.0 -9999.0 -9999.0 -9999.0 -9999.0 -9999.0 -9999.0 0.175043 0.175432 0.175867 0.178596 0.179122 0.180444 0.184916 0.190268 0.191418 0.190123 0.188661 0.189461 0.191027 0.193639 0.201729 0.211868 0.222577 0.233660 0.250273 0.261959 0.272955 0.285307 0.283738 0.279818 0.277669 0.277648 0.277946 0.282936 0.285852 0.289890 0.294387 0.299474 0.305412 0.312289 0.323615 0.334587 0.343918 0.351236 0.356792 0.360948 0.360445 0.358017 0.354973 0.355122
-9999.0 -9999.0 -9999.0 -9999.0 -9999.0 -9999.0 -9999.0 -9999.0 -9999.0 -9999.0 -9999.0 -9999.0 -9999.0 -9999.0 -9999.0 -9999.0 0.158688 0.159601 0.160595 0.163449 0.164630 0.166739 0.170628 0.171023 0.173205 0.177447 0.180465 0.185809 0.190861 0.195761 0.199735 0.201392 0.206908 0.213989 0.223006 0.235357 0.252998 0.270930 0.283420 0.295599 0.307081 0.306942 0.305799 0.306250 0.306681 0.312241 0.323600 0.327279 0.329659 0.339398 0.345533 0.347733 0.350334 0.355717 0.361173 0.365388 0.368174 0.369181 0.369640 0.369726 0.369536 0.369461 0.369566
-9999.0 -9999.0 -9999.0 -9999.0 -9999.0 -9999.0 -9999.0 -9999.0 -9999.0 -9999.0 -9999.0 -9999.0 -9999.0 0.137590 0.139312 0.143258 0.146808 0.147680 0.149366 0.151982 0.158194 0.159886 0.163162 0.167381 0.173976 0.179092 0.184928 0.192740 0.198510 0.203482 0.208532 0.213514 0.224097 0.236251 0.249046 0.265315 0.282103 0.297839 0.312324 0.321476 0.329519 0.331585 0.330444 0.331165 0.335445 0.343923 0.351216 0.355561 0.360975 0.364879 0.366594 0.367713 0.368316 0.368905 0.369506 0.369910 0.369992 0.369999 0.370000 0.370000 0.370000 0.370000 0.370000
-9999.0 -9999.0 -9999.0 -9999.0 -9999.0 -9999.0 -9999.0 -9999.0 -9999.0 -9999.0 0.123956 0.124836 0.123569 0.123860 0.125312 0.129484 0.134447 0.137207 0.141891 0.151487 0.160256 0.161956 0.170457 0.176314 0.180214 0.187106 0.196007 0.205288 0.218360 0.228129 0.238299 0.255212 0.268307 0.280982 0.294113 0.307810 0.321401 0.337726 0.349011 0.353897 0.360077 0.362916 0.362539 0.362660 0.363939 0.366274 0.368250 0.369368 0.369784 0.369951 0.369988 0.369997 0.369999 0.370000 0.370000 0.370000 0.370000 0.370000 0.370000 0.370000 0.370000 0.370000 0.370000
-9999.0 -9999.0 -9999.0 -9999.0 -9999.0 -9999.0 -9999.0 -9999.0 0.116432 0.118394 0.120329 0.119287 0.117721 0.116722 0.120571 0.125778 0.131541 0.138263 0.145246 0.153813 0.162100 0.171690 0.183665 0.191465 0.199666 0.210637 0.220942 0.235159 0.252277 0.264460 0.279990 0.296586 0.310358 0.321736 0.332004 0.340989 0.352234 0.361117 0.366027 0.368178 0.369336 0.369779 0.369807 0.369847 0.369891 0.369978 0.369998 0.370000 0.370000 0.370000 0.370000 0.370000 0.370000 0.370000 0.370000 0.370000 0.370000 0.370000 0.370000 0.370000 0.370000 0.370000 0.370000
-9999.0 -9999.0 -9999.0 -9999.0 -9999.0 -9999.0 0.109607 0.116088 0.120513 0.118004 0.115666 0.114671 0.113667 0.118867 0.125760 0.131825 0.138464 0.146063 0.153898 0.161906 0.183590 0.194254 0.204954 0.220174 0.230862 0.241797 0.255701 0.274694 0.292842 0.316177 0.334096 0.346663 0.355582 0.360501 0.363891 0.366437 0.368704 0.369716 0.369961 0.369996 0.370000 0.370000 0.370000 0.370000 0.370000 0.370000 0.370000 0.370000 0.370000 0.370000 0.370000 0.370000 0.370000 0.370000 0.370000 0.370000 0.370000 0.370000 0.370000 0.370000 0.370000 0.370000 0.370000
-9999.0 -9999.0 -9999.0 -9999.0 0.102137 0.106641 0.111725 0.120694 0.128424 0.126297 0.128936 0.129084 0.128553 0.129200 0.131081 0.138182 0.145862 0.154382 0.164599 0.188892 0.218981 0.232203 0.254372 0.280201 0.290952 0.301684 0.312166 0.326551 0.342015 0.355090 0.364829 0.368434 0.369444 0.369813 0.369942 0.369988 0.369999 0.370000 0.370000 0.370000 0.370000 0.370000 0.370000 0.370000 0.370000 0.370000 0.370000 0.370000 0.370000 0.370000 0.370000 0.370000 0.370000 0.370000 0.370000 0.370000 0.370000 0.370000 0.370000 0.370000 0.370000 0.370000 0.370000
-9999.0 -9999.0 -9999.0 0.094069 0.100608 0.108503 0.115817 0.125689 0.137834 0.140701 0.144250 0.147394 0.150783 0.155290 0.160792 0.169916 0.178050 0.185533 0.199792 0.227831 0.257565 0.285944 0.310152 0.330038 0.342009 0.348616 0.354241 0.360530 0.366447 0.369047 0.369902 0.369997 0.370000 0.370000 0.370000 0.370000 0.370000 0.370000 0.370000 0.370000 0.370000 0.370000 0.370000 0.370000 0.370000 0.370000 0.370000 0.370000 0.370000 0.370000 0.370000 0.370000 0.370000 0.370000 0.370000 0.370000 0.370000 0.370000 0.370000 0.370000 0.370000 0.370000 0.370000
-9999.0 -9999.0 0.088041 0.092677 0.098348 0.109374 0.124842 0.137553 0.157060 0.171652 0.176062 0.188607 0.200789 0.207235 0.220549 0.234452 0.244189 0.246065 0.255437 0.285350 0.323821 0.348610 0.359664 0.367488 0.369162 0.369652 0.369814 0.369950 0.369995 0.370000 0.370000 0.370000 0.370000 0.370000 0.370000 0.370000 0.370000 0.370000 0.370000 0.370000 0.370000 0.370000 0.370000 0.370000 0.370000 0.370000 0.370000 0.370000 0.370000 0.370000 0.370000 0.370000 0.370000 0.370000 0.370000 0.370000 0.370000 0.370000 0.370000 0.370000 0.370000 0.370000 0.370000
-9999.0 -9999.0 0.085485 0.090350 0.096745 0.111960 0.137218 0.155083 0.180444 0.211580 0.226531 0.245540 0.262679 0.279144 0.297726 0.314771 0.316931 0.318390 0.318371 0.346425 0.362860 0.368983 0.369962 0.370000 0.370000 0.370000 0.370000 0.370000 0.370000 0.370000 0.370000 0.370000 0.370000 0.370000 0.370000 0.370000 0.370000 0.370000 0.370000 0.370000 0.370000 0.370000 0.370000 0.370000 0.370000 0.370000 0.370000 0.370000 0.370000 0.370000 0.370000 0.370000 0.370000 0.370000 0.370000 0.370000 0.370000 0.370000 0.370000 0.370000 0.370000 0.370000 0.370000
-9999.0 0.078982 0.082513 0.087643 0.097582 0.112990 0.144773 0.192399 0.228943 0.262326 0.285037 0.301736 0.337144 0.356225 0.362320 0.366257 0.366071 0.365842 0.365206 0.368606 0.369865 0.370000 0.370000 0.370000 0.370000 0.370000 0.370000 0.370000 0.370000 0.370000 0.370000 0.370000 0.370000 0.370000 0.370000 0.370000 0.370000 0.370000 0.370000 0.370000 0.370000 0.370000 0.370000 0.370000 0.370000 0.370000 0.370000 0.370000 0.370000 0.370000 0.370000 0.370000 0.370000 0.370000 0.370000 0.370000 0.370000 0.370000 0.370000 0.370000 0.370000 0.370000 0.370000
-9999.0 0.077198 0.080703 0.086988 0.096784 0.114561 0.162364 0.252887 0.288676 0.312940 0.332411 0.354323 0.368119 0.369854 0.369981 0.369999 0.369999 0.369997 0.369997 0.370000 0.370000 0.370000 0.370000 0.370000 0.370000 0.370000 0.370000 0.370000 0.370000 0.370000 0.370000 0.370000 0.370000 0.370000 0.370000 0.370000 0.370000 0.370000 0.370000 0.370000 0.370000 0.370000 0.370000 0.370000 0.370000 0.370000 0.370000 0.370000 0.370000 0.370000 0.370000 0.370000 0.370000 0.370000 0.370000 0.370000 0.370000 0.370000 0.370000 0.370000 0.370000 0.370000 0.370000
-9999.0 0.076185 0.079760 0.084903 0.094141 0.124554 0.185534 0.284216 0.339429 0.354293 0.365441 0.369785 0.369999 0.370000 0.370000 0.370000 0.370000 0.370000 0.370000 0.370000 0.370000 0.370000 0.370000 0.370000 0.370000 0.370000 0.370000 0.370000 0.370000 0.370000 0.370000 0.370000 0.370000 0.370000 0.370000 0.370000 0.370000 0.370000 0.370000 0.370000 0.370000 0.370000 0.370000 0.370000 0.370000 0.370000 0.370000 0.370000 0.370000 0.370000 0.370000 0.370000 0.370000 0.370000 0.370000 0.370000 0.370000 0.370000 0.370000 0.370000 0.370000 0.370000 0.370000
-9999.0 0.073331 0.076172 0.079487 0.093228 0.134979 0.206335 0.323407 0.365747 0.369215 0.369993 0.370000 0.370000 0.370000 0.370000 0.370000 0.370000 0.370000 0.370000 0.370000 0.370000 0.370000 0.370000 0.370000 0.370000 0.370000 0.370000 0.370000 0.370000 0.370000 0.370000 0.370000 0.370000 0.370000 0.370000 0.370000 0.370000 0.370000 0.370000 0.370000 0.370000 0.370000 0.370000 0.370000 0.370000 0.370000 0.370000 0.370000 0.370000 0.370000 0.370000 0.370000 0.370000 0.370000 0.370000 0.370000 0.370000 0.370000 0.370000 0.370000 0.370000 0.370000 0.370000
-9999.0 0.071510 0.073302 0.077374 0.090049 0.126165 0.210967 0.337110 0.369683 0.370000 0.370000 0.370000 0.370000 0.370000 0.370000 0.370000 0.370000 0.370000 0.370000 0.370000 0.370000 0.370000 0.370000 0.370000 0.370000 0.370000 0.370000 0.370000 0.370000 0.370000 0.370000 0.370000 0.370000 0.370000 0.370000 0.370000 0.370000 0.370000 0.370000 0.370000 0.370000 0.370000 0.370000 0.370000 0.370000 0.370000 0.370000 0.370000 0.370000 0.370000 0.370000 0.370000 0.370000 0.370000 0.370000 0.370000 0.370000 0.370000 0.370000 0.370000 0.370000 0.370000 0.370000
-9999.0 0.070251 0.072101 0.075103 0.083004 0.101622 0.147076 0.267399 0.359186 0.369996 0.370000 0.370000 0.370000 0.370000 0.370000 0.370000 0.370000 0.370000 0.370000 0.370000 0.370000 0.370000 0.370000 0.370000 0.370000 0.370000 0.370000 0.370000 0.370000 0.370000 0.370000 0.370000 0.370000 0.370000 0.370000 0.370000 0.370000 0.370000 0.370000 0.370000 0.370000 0.370000 0.370000 0.370000 0.370000 0.370000 0.370000 0.370000 0.370000 0.370000 0.370000 0.370000 0.370000 0.370000 0.370000 0.370000 0.370000 0.370000 0.370000 0.370000 0.370000 0.370000 0.370000
-9999.0 -9999.0 0.070878 0.073185 0.077608 0.087573 0.110499 0.180297 0.303119 0.368229 0.369990 0.370000 0.370000 0.370000 0.370000 0.370000 0.370000 0.370000 0.370000 0.370000 0.370000 0.370000 0.370000 0.370000 0.370000 0.370000 0.370000 0.370000 0.370000 0.370000 0.370000 0.370000 0.370000 0.370000 0.370000 0.370000 0.370000 0.370000 0.370000 0.370000 0.370000 0.370000 0.370000 0.370000 0.370000 0.370000 0.370000 0.370000 0.370000 0.370000 0.370000 0.370000 0.370000 0.370000 0.370000 0.370000 0.370000 0.370000 0.370000 0.369995 0.369914 0.369392 0.367971
-9999.0 -9999.0 0.069841 0.071394 0.074439 0.080610 0.091387 0.114542 0.191839 0.291279 0.350374 0.367202 0.369762 0.369985 0.369999 0.370000 0.370000 0.370000 0.370000 0.370000 0.370000 0.370000 0.370000 0.370000 0.370000 0.370000 0.370000 0.370000 0.370000 0.370000 0.370000 0.370000 0.370000 0.370000 0.370000 0.370000 0.370000 0.370000 0.370000 0.370000 0.370000 0.370000 0.370000 0.370000 0.370000 0.370000 0.370000 0.370000 0.370000 0.370000 0.370000 0.369999 0.369999 0.369998 0.369994 0.369989 0.369959 0.369831 0.369410 0.367986 0.363875 0.357302 0.347195
-9999.0 -9999.0 -9999.0 0.070274 0.071886 0.074243 0.078433 0.084226 0.097760 0.128253 0.180417 0.254763 0.306542 0.338609 0.356762 0.365537 0.368206 0.368996 0.369414 0.369923 0.369985 0.369999 0.370000 0.370000 0.370000 0.370000 0.370000 0.370000 0.370000 0.370000 0.370000 0.369999 0.369997 0.369997 0.369997 0.369997 0.369995 0.369992 0.369982 0.369959 0.369910 0.369847 0.369806 0.369758 0.369719 0.369666 0.369601 0.369466 0.369240 0.368933 0.368616 0.368431 0.368213 0.367873 0.367330 0.366618 0.365283 0.361178 0.354914 0.345380 0.330142 0.310457 0.288231
-9999.0 -9999.0 -9999.0 -9999.0 -9999.0 0.070883 0.072858 0.075779 0.079837 0.085783 0.096948 0.120180 0.139163 0.164986 0.201204 0.236032 0.266603 0.296385 0.326854 0.347156 0.360129 0.365588 0.368367 0.369412 0.369681 0.369828 0.369869 0.369801 0.369690 0.369432 0.368673 0.367419 0.366941 0.366892 0.366880 0.366700 0.366195 0.365578 0.364644 0.362615 0.360352 0.359038 0.357991 0.356928 0.355779 0.354715 0.353618 0.352420 0.349476 0.346823 0.346734 0.345581 0.344378 0.343115 0.340140 0.336552 0.331875 0.317462 0.302552 0.290712 0.265643 0.242358 0.225817
-9999.0 -9999.0 -9999.0 -9999.0 -9999.0 -9999.0 0.070247 0.071653 0.073409 0.076035 0.080463 0.086503 0.090183 0.097201 0.107482 0.122654 0.145009 0.167744 0.195378 0.227968 0.263607 0.292330 0.317853 0.337542 0.344342 0.348904 0.352596 0.349875 0.346465 0.342506 0.332644 0.329814 0.326244 0.326018 0.325683 0.325397 0.322251 0.318668 0.315068 0.307953 0.304087 0.299778 0.296623 0.293567 0.290382 0.287611 0.285480 0.283378 0.278659 0.279286 0.279452 0.277940 0.276031 0.273944 0.268827 0.261827 0.254857 0.241267 0.229574 0.218038 0.198920 0.185348 0.172449
