tests/Borden05m/data_simulated/sim_1/output-maps/thetaliqL0008N0018.asc
ncols         160
nrows         34
xllcorner     620200.000000
yllcorner     5168000.000000
cellsize      0.500000
NODATA_value  -9999.0
[rows 0 to 27 of 34, columns 0 to 62 of 160]
-9999.0 -9999.0 -9999.0 -9999.0 -9999.0 -9999.0 -9999.0 -9999.0 -9999.0 -9999.0 -9999.0 -9999.0 -9999.0 -9999.0 -9999.0 -9999.0 -9999.0 -9999.0 -9999.0 -9999.0 -9999.0 -9999.0 -9999.0 -9999.0 -9999.0 -9999.0 -9999.0 -9999.0 -9999.0 -9999.0 -9999.0 -9999.0 -9999.0 -9999.0 -9999.0 -9999.0 -9999.0 -9999.0 -9999.0 -9999.0 -9999.0 -9999.0 -9999.0 -9999.0 -9999.0 -9999.0 -9999.0 -9999.0 -9999.0 -9999.0 -9999.0 -9999.0 -9999.0 -9999.0 -9999.0 -9999.0 -9999.0 -9999.0 -9999.0 -9999.0 -9999.0 -9999.0 -9999.0
-9999.0 -9999.0 -9999.0 -9999.0 -9999.0 -9999.0 -9999.0 -9999.0 -9999.0 -9999.0 -9999.0 -9999.0 -9999.0 -9999.0 -9999.0 -9999.0 -9999.0 -9999.0 -9999.0 -9999.0 -9999.0 -9999.0 -9999.0 -9999.0 -9999.0 -9999.0 -9999.0 -9999.0 -9999.0 -9999.0 -9999.0 -9999.0 -9999.0 -9999.0 -9999.0 -9999.0 -9999.0 -9999.0 -9999.0 -9999.0 -9999.0 -9999.0 -9999.0 -9999.0 -9999.0 -9999.0 -9999.0 -9999.0 -9999.0 -9999.0 -9999.0 -9999.0 -9999.0 -9999.0 -9999.0 -9999.0 -9999.0 -9999.0 -9999.0 0.369475 0.369373 0.369259 0.369135
-9999.0 -9999.0 -9999.0 -9999.0 -9999.0 -9999.0 -9999.0 -9999.0 -9999.0 -9999.0 -9999.0 -9999.0 -9999.0 -9999.0 -9999.0 -9999.0 -9999.0 -9999.0 -9999.0 -9999.0 -9999.0 -9999.0 -9999.0 -9999.0 -9999.0 -9999.0 -9999.0 -9999.0 -9999.0 -9999.0 -9999.0 -9999.0 -9999.0 -9999.0 -9999.0 -9999.0 -9999.0 -9999.0 -9999.0 -9999.0 -9999.0 -9999.0 -9999.0 -9999.0 -9999.0 -9999.0 -9999.0 0.358485 0.354330 0.349335 0.348787 0.355429 0.360416 0.363978 0.366117 0.367483 0.368443 0.369096 0.369180 0.368878 0.368715 0.368589 0.368498
-9999.0 -9999.0 -9999.0 -9999.0 -9999.0 -9999.0 -9999.0 -9999.0 -9999.0 -9999.0 -9999.0 -9999.0 -9999.0 -9999.0 -9999.0 -9999.0 -9999.0 -9999.0 -9999.0 -9999.0 -9999.0 -9999.0 -9999.0 -9999.0 -9999.0 -9999.0 -9999.0 -9999.0 -9999.0 -9999.0 -9999.0 -9999.0 -9999.0 -9999.0 -9999.0 -9999.0 -9999.0 -9999.0 -9999.0 -9999.0 0.365546 0.366084 0.366222 0.365182 0.363865 0.362208 0.358630 0.354403 0.349792 0.348801 0.349613 0.351411 0.357441 0.361986 0.364586 0.366294 0.367635 0.368583 0.368688 0.368242 0.367811 0.367557 0.367553
-9999.0 -9999.0 -9999.0 -9999.0 -9999.0 -9999.0 -9999.0 -9999.0 -9999.0 -9999.0 -9999.0 -9999.0 -9999.0 -9999.0 -9999.0 -9999.0 -9999.0 -9999.0 -9999.0 -9999.0 -9999.0 -9999.0 -9999.0 -9999.0 -9999.0 -9999.0 -9999.0 -9999.0 -9999.0 -9999.0 -9999.0 -9999.0 -9999.0 -9999.0 0.346019 0.351815 0.356590 0.360355 0.362991 0.363853 0.364554 0.365182 0.364737 0.364154 0.362617 0.359444 0.354968 0.350880 0.349978 0.349075 0.350456 0.354244 0.358193 0.361291 0.364259 0.366524 0.367188 0.367907 0.368061 0.367790 0.367832 0.367901 0.367974
-9999.0 -9999.0 -9999.0 -9999.0 -9999.0 -9999.0 -9999.0 -9999.0 -9999.0 -9999.0 -9999.0 -9999.0 -9999.0 -9999.0 -9999.0 -9999.0 -9999.0 -9999.0 -9999.0 -9999.0 -9999.0 -9999.0 -9999.0 -9999.0 -9999.0 -9999.0 -9999.0 -9999.0 0.347776 0.345619 0.343580 0.342903 0.342298 0.341725 0.344439 0.348830 0.354279 0.359199 0.361477 0.362561 0.363450 0.363536 0.362856 0.362504 0.362498 0.360565 0.358268 0.355736 0.352926 0.352564 0.355124 0.358301 0.361287 0.363472 0.365251 0.366459 0.367540 0.368584 0.368882 0.368674 0.368444 0.368284 0.368308
-9999.0 -9999.0 -9999.0 -9999.0 -9999.0 -9999.0 -9999.0 -9999.0 -9999.0 -9999.0 -9999.0 -9999.0 -9999.0 -9999.0 -9999.0 -9999.0 -9999.0 -9999.0 -9999.0 -9999.0 -9999.0 -9999.0 -9999.0 0.336105 0.338833 0.341530 0.344371 0.344633 0.342877 0.340451 0.338968 0.338162 0.337364 0.339215 0.342685 0.347747 0.352720 0.358053 0.359756 0.360945 0.362881 0.363154 0.363740 0.364207 0.363953 0.363593 0.361861 0.360359 0.361366 0.362344 0.363242 0.364181 0.365579 0.366903 0.368001 0.368858 0.369408 0.369696 0.369839 0.369798 0.369721 0.369588 0.369594
-9999.0 -9999.0 -9999.0 -9999.0 -9999.0 -9999.0 -9999.0 -9999.0 -9999.0 -9999.0 -9999.0 -9999.0 -9999.0 -9999.0 -9999.0 -9999.0 -9999.0 -9999.0 -9999.0 0.323385 0.323776 0.324230 0.326657 0.327128 0.328257 0.331799 0.335660 0.336511 0.335689 0.334774 0.335390 0.336517 0.338296 0.343067 0.348116 0.352516 0.356225 0.360541 0.362882 0.364651 0.366233 0.366087 0.365650 0.365409 0.365431 0.365487 0.366076 0.366410 0.366860 0.367288 0.367729 0.368190 0.368643 0.369209 0.369594 0.369813 0.369921 0.369971 0.369991 0.369989 0.369979 0.369959 0.369960
-9999.0 -9999.0 -9999.0 -9999.0 -9999.0 -9999.0 -9999.0 -9999.0 -9999.0 -9999.0 -9999.0 -9999.0 -9999.0 -9999.0 -9999.0 -9999.0 0.305844 0.307000 0.308264 0.311645 0.313072 0.315420 0.319462 0.319941 0.322085 0.325967 0.328558 0.332786 0.336407 0.339588 0.341983 0.342982 0.345883 0.349197 0.352815 0.356846 0.361210 0.364417 0.366079 0.367337 0.368248 0.368256 0.368195 0.368240 0.368281 0.368627 0.369196 0.369349 0.369435 0.369712 0.369837 0.369874 0.369911 0.369964 0.369992 0.369999 0.370000 0.370000 0.370000 0.370000 0.370000 0.370000 0.370000
-9999.0 -9999.0 -9999.0 -9999.0 -9999.0 -9999.0 -9999.0 -9999.0 -9999.0 -9999.0 -9999.0 -9999.0 -9999.0 0.273240 0.276418 0.283354 0.289289 0.290745 0.293409 0.297320 0.305644 0.307826 0.311753 0.316429 0.323029 0.327609 0.332289 0.337776 0.341362 0.344175 0.346771 0.349052 0.353241 0.357150 0.360417 0.363581 0.365966 0.367557 0.368597 0.369091 0.369420 0.369492 0.369464 0.369496 0.369625 0.369815 0.369922 0.369962 0.369990 0.369999 0.370000 0.370000 0.370000 0.370000 0.370000 0.370000 0.370000 0.370000 0.370000 0.370000 0.370000 0.370000 0.370000
-9999.0 -9999.0 -9999.0 -9999.0 -9999.0 -9999.0 -9999.0 -9999.0 -9999.0 -9999.0 0.244798 0.246851 0.243914 0.244514 0.248053 0.257470 0.267825 0.273150 0.281661 0.296773 0.308407 0.310540 0.319694 0.325274 0.328706 0.334044 0.339968 0.345159 0.351049 0.354649 0.357733 0.361708 0.364066 0.365843 0.367251 0.368341 0.369096 0.369668 0.369890 0.369947 0.369987 0.369996 0.369995 0.369995 0.369998 0.370000 0.370000 0.370000 0.370000 0.370000 0.370000 0.370000 0.370000 0.370000 0.370000 0.370000 0.370000 0.370000 0.370000 0.370000 0.370000 0.370000 0.370000
-9999.0 -9999.0 -9999.0 -9999.0 -9999.0 -9999.0 -9999.0 -9999.0 0.225678 0.230962 0.235930 0.233337 0.229360 0.226690 0.236850 0.249457 0.262149 0.275428 0.287509 0.300324 0.310824 0.321032 0.331456 0.337086 0.342157 0.347807 0.352158 0.356884 0.361171 0.363468 0.365708 0.367459 0.368489 0.369110 0.369512 0.369754 0.369931 0.369991 0.370000 0.370000 0.370000 0.370000 0.370000 0.370000 0.370000 0.370000 0.370000 0.370000 0.370000 0.370000 0.370000 0.370000 0.370000 0.370000 0.370000 0.370000 0.370000 0.370000 0.370000 0.370000 0.370000 0.370000 0.370000
-9999.0 -9999.0 -9999.0 -9999.0 -9999.0 -9999.0 0.206136 0.224568 0.236181 0.229793 0.223374 0.220665 0.217869 0.232521 0.249517 0.262896 0.275926 0.288988 0.300634 0.310685 0.331216 0.338862 0.344989 0.351722 0.355552 0.358745 0.361921 0.365070 0.367141 0.368816 0.369554 0.369847 0.369958 0.369988 0.369997 0.370000 0.370000 0.370000 0.370000 0.370000 0.370000 0.370000 0.370000 0.370000 0.370000 0.370000 0.370000 0.370000 0.370000 0.370000 0.370000 0.370000 0.370000 0.370000 0.370000 0.370000 0.370000 0.370000 0.370000 0.370000 0.370000 0.370000 0.370000
-9999.0 -9999.0 -9999.0 -9999.0 0.182759 0.197109 0.212284 0.236470 0.254667 0.250073 0.255935 0.256301 0.255189 0.256928 0.261270 0.275352 0.288714 0.301434 0.313960 0.335158 0.351248 0.355928 0.361503 0.365684 0.366906 0.367873 0.368606 0.369311 0.369765 0.369955 0.369998 0.370000 0.370000 0.370000 0.370000 0.370000 0.370000 0.370000 0.370000 0.370000 0.370000 0.370000 0.370000 0.370000 0.370000 0.370000 0.370000 0.370000 0.370000 0.370000 0.370000 0.370000 0.370000 0.370000 0.370000 0.370000 0.370000 0.370000 0.370000 0.370000 0.370000 0.370000 0.370000
-9999.0 -9999.0 -9999.0 0.155138 0.177475 0.202646 0.223591 0.248372 0.273650 0.278711 0.284953 0.289921 0.294945 0.301337 0.308293 0.318536 0.326425 0.332812 0.342226 0.354535 0.362172 0.366336 0.368428 0.369395 0.369742 0.369869 0.369942 0.369986 0.370000 0.370000 0.370000 0.370000 0.370000 0.370000 0.370000 0.370000 0.370000 0.370000 0.370000 0.370000 0.370000 0.370000 0.370000 0.370000 0.370000 0.370000 0.370000 0.370000 0.370000 0.370000 0.370000 0.370000 0.370000 0.370000 0.370000 0.370000 0.370000 0.370000 0.370000 0.370000 0.370000 0.370000 0.370000
-9999.0 -9999.0 0.133707 0.150259 0.169773 0.204779 0.245945 0.272765 0.303250 0.319629 0.323897 0.333917 0.341702 0.345206 0.351126 0.355982 0.358898 0.359558 0.361824 0.366285 0.369143 0.369866 0.369978 0.370000 0.370000 0.370000 0.370000 0.370000 0.370000 0.370000 0.370000 0.370000 0.370000 0.370000 0.370000 0.370000 0.370000 0.370000 0.370000 0.370000 0.370000 0.370000 0.370000 0.370000 0.370000 0.370000 0.370000 0.370000 0.370000 0.370000 0.370000 0.370000 0.370000 0.370000 0.370000 0.370000 0.370000 0.370000 0.370000 0.370000 0.370000 0.370000 0.370000
-9999.0 -9999.0 0.124464 0.141874 0.164002 0.211629 0.271674 0.300236 0.327337 0.347097 0.353273 0.359072 0.362629 0.365116 0.367234 0.368535 0.368723 0.368842 0.368870 0.369832 0.369994 0.370000 0.370000 0.370000 0.370000 0.370000 0.370000 0.370000 0.370000 0.370000 0.370000 0.370000 0.370000 0.370000 0.370000 0.370000 0.370000 0.370000 0.370000 0.370000 0.370000 0.370000 0.370000 0.370000 0.370000 0.370000 0.370000 0.370000 0.370000 0.370000 0.370000 0.370000 0.370000 0.370000 0.370000 0.370000 0.370000 0.370000 0.370000 0.370000 0.370000 0.370000 0.370000
-9999.0 0.101561 0.113815 0.131931 0.166487 0.214317 0.283755 0.335364 0.353775 0.362566 0.366033 0.367658 0.369546 0.369942 0.369988 0.369999 0.369999 0.369999 0.369998 0.370000 0.370000 0.370000 0.370000 0.370000 0.370000 0.370000 0.370000 0.370000 0.370000 0.370000 0.370000 0.370000 0.370000 0.370000 0.370000 0.370000 0.370000 0.370000 0.370000 0.370000 0.370000 0.370000 0.370000 0.370000 0.370000 0.370000 0.370000 0.370000 0.370000 0.370000 0.370000 0.370000 0.370000 0.370000 0.370000 0.370000 0.370000 0.370000 0.370000 0.370000 0.370000 0.370000 0.370000
-9999.0 0.095515 0.107377 0.129407 0.163551 0.217468 0.306589 0.360159 0.366290 0.368476 0.369424 0.369918 0.370000 0.370000 0.370000 0.370000 0.370000 0.370000 0.370000 0.370000 0.370000 0.370000 0.370000 0.370000 0.370000 0.370000 0.370000 0.370000 0.370000 0.370000 0.370000 0.370000 0.370000 0.370000 0.370000 0.370000 0.370000 0.370000 0.370000 0.370000 0.370000 0.370000 0.370000 0.370000 0.370000 0.370000 0.370000 0.370000 0.370000 0.370000 0.370000 0.370000 0.370000 0.370000 0.370000 0.370000 0.370000 0.370000 0.370000 0.370000 0.370000 0.370000 0.370000
-9999.0 0.092054 0.104026 0.121803 0.153443 0.241134 0.329236 0.365529 0.369625 0.369929 0.369997 0.370000 0.370000 0.370000 0.370000 0.370000 0.370000 0.370000 0.370000 0.370000 0.370000 0.370000 0.370000 0.370000 0.370000 0.370000 0.370000 0.370000 0.370000 0.370000 0.370000 0.370000 0.370000 0.370000 0.370000 0.370000 0.370000 0.370000 0.370000 0.370000 0.370000 0.370000 0.370000 0.370000 0.370000 0.370000 0.370000 0.370000 0.370000 0.370000 0.370000 0.370000 0.370000 0.370000 0.370000 0.370000 0.370000 0.370000 0.370000 0.370000 0.370000 0.370000 0.370000
-9999.0 0.082932 0.091811 0.102463 0.148047 0.262635 0.342336 0.368870 0.369998 0.370000 0.370000 0.370000 0.370000 0.370000 0.370000 0.370000 0.370000 0.370000 0.370000 0.370000 0.370000 0.370000 0.370000 0.370000 0.370000 0.370000 0.370000 0.370000 0.370000 0.370000 0.370000 0.370000 0.370000 0.370000 0.370000 0.370000 0.370000 0.370000 0.370000 0.370000 0.370000 0.370000 0.370000 0.370000 0.370000 0.370000 0.370000 0.370000 0.370000 0.370000 0.370000 0.370000 0.370000 0.370000 0.370000 0.370000 0.370000 0.370000 0.370000 0.370000 0.370000 0.370000 0.370000
-9999.0 0.077675 0.082812 0.095094 0.136695 0.241741 0.342415 0.369370 0.370000 0.370000 0.370000 0.370000 0.370000 0.370000 0.370000 0.370000 0.370000 0.370000 0.370000 0.370000 0.370000 0.370000 0.370000 0.370000 0.370000 0.370000 0.370000 0.370000 0.370000 0.370000 0.370000 0.370000 0.370000 0.370000 0.370000 0.370000 0.370000 0.370000 0.370000 0.370000 0.370000 0.370000 0.370000 0.370000 0.370000 0.370000 0.370000 0.370000 0.370000 0.370000 0.370000 0.370000 0.370000 0.370000 0.370000 0.370000 0.370000 0.370000 0.370000 0.370000 0.370000 0.370000 0.370000
-9999.0 0.074209 0.079284 0.088040 0.113126 0.174618 0.281002 0.361854 0.369948 0.370000 0.370000 0.370000 0.370000 0.370000 0.370000 0.370000 0.370000 0.370000 0.370000 0.370000 0.370000 0.370000 0.370000 0.370000 0.370000 0.370000 0.370000 0.370000 0.370000 0.370000 0.370000 0.370000 0.370000 0.370000 0.370000 0.370000 0.370000 0.370000 0.370000 0.370000 0.370000 0.370000 0.370000 0.370000 0.370000 0.370000 0.370000 0.370000 0.370000 0.370000 0.370000 0.370000 0.370000 0.370000 0.370000 0.370000 0.370000 0.370000 0.370000 0.370000 0.370000 0.370000 0.370000
-9999.0 -9999.0 0.075860 0.082318 0.095749 0.128666 0.200739 0.321173 0.366983 0.370000 0.370000 0.370000 0.370000 0.370000 0.370000 0.370000 0.370000 0.370000 0.370000 0.370000 0.370000 0.370000 0.370000 0.370000 0.370000 0.370000 0.370000 0.370000 0.370000 0.370000 0.370000 0.370000 0.370000 0.370000 0.370000 0.370000 0.370000 0.370000 0.370000 0.370000 0.370000 0.370000 0.370000 0.370000 0.370000 0.370000 0.370000 0.370000 0.370000 0.370000 0.370000 0.370000 0.370000 0.370000 0.370000 0.370000 0.370000 0.370000 0.370000 0.370000 0.370000 0.370000 0.370000
-9999.0 -9999.0 0.073153 0.077214 0.085866 0.105288 0.140974 0.208872 0.328998 0.365261 0.369764 0.369999 0.370000 0.370000 0.370000 0.370000 0.370000 0.370000 0.370000 0.370000 0.370000 0.370000 0.370000 0.370000 0.370000 0.370000 0.370000 0.370000 0.370000 0.370000 0.370000 0.370000 0.370000 0.370000 0.370000 0.370000 0.370000 0.370000 0.370000 0.370000 0.370000 0.370000 0.370000 0.370000 0.370000 0.370000 0.370000 0.370000 0.370000 0.370000 0.370000 0.370000 0.370000 0.370000 0.370000 0.370000 0.370000 0.370000 0.370000 0.370000 0.369997 0.369971 0.369857
-9999.0 -9999.0 -9999.0 0.074283 0.078573 0.085120 0.097951 0.116138 0.158022 0.239884 0.318634 0.358465 0.367176 0.369372 0.369908 0.369994 0.370000 0.370000 0.370000 0.370000 0.370000 0.370000 0.370000 0.370000 0.370000 0.370000 0.370000 0.370000 0.370000 0.370000 0.370000 0.370000 0.370000 0.370000 0.370000 0.370000 0.370000 0.370000 0.370000 0.370000 0.370000 0.370000 0.370000 0.370000 0.370000 0.370000 0.370000 0.370000 0.370000 0.370000 0.370000 0.370000 0.370000 0.370000 0.370000 0.370000 0.369999 0.369989 0.369950 0.369822 0.369415 0.368448 0.366606
-9999.0 -9999.0 -9999.0 -9999.0 -9999.0 0.075687 0.081083 0.089740 0.102153 0.120938 0.157415 0.225423 0.266556 0.305604 0.337466 0.353763 0.362069 0.366665 0.369079 0.369787 0.369976 0.369998 0.370000 0.370000 0.370000 0.370000 0.370000 0.370000 0.370000 0.370000 0.370000 0.370000 0.370000 0.370000 0.370000 0.370000 0.369999 0.369999 0.369998 0.369993 0.369986 0.369979 0.369973 0.369966 0.369956 0.369947 0.369936 0.369923 0.369885 0.369845 0.369844 0.369823 0.369800 0.369773 0.369705 0.369606 0.369455 0.368825 0.367857 0.366797 0.363473 0.358642 0.353679
-9999.0 -9999.0 -9999.0 -9999.0 -9999.0 -9999.0 0.074074 0.077785 0.082672 0.090441 0.104406 0.124218 0.136527 0.159608 0.192154 0.234526 0.281407 0.313346 0.336934 0.352898 0.362407 0.366607 0.368684 0.369572 0.369759 0.369849 0.369908 0.369870 0.369812 0.369730 0.369463 0.369379 0.369241 0.369230 0.369213 0.369199 0.369056 0.368878 0.368683 0.368260 0.367997 0.367658 0.367385 0.367101 0.366780 0.366478 0.366232 0.365980 0.365421 0.365513 0.365518 0.365319 0.365050 0.364735 0.363934 0.362712 0.361319 0.358167 0.354709 0.350463 0.341312 0.332448 0.321476
