tests/Borden05m/data_simulated/sim_1/output-maps/thetaliqL0006N0003.asc
ncols         160
nrows         34
xllcorner     620200.000000
yllcorner     5168000.000000
cellsize      0.500000
NODATA_value  -9999.0
[rows 0 to 27 of 34, columns 63 to 125 of 160]
-9999.0 -9999.0 -9999.0 -9999.0 -9999.0 -9999.0 -9999.0 -9999.0 -9999.0 -9999.0 -9999.0 -9999.0 -9999.0 -9999.0 -9999.0 -9999.0 -9999.0 -9999.0 -9999.0 -9999.0 -9999.0 -9999.0 -9999.0 -9999.0 -9999.0 -9999.0 -9999.0 -9999.0 -9999.0 -9999.0 -9999.0 -9999.0 -9999.0 -9999.0 -9999.0 -9999.0 -9999.0 -9999.0 -9999.0 -9999.0 -9999.0 -9999.0 -9999.0 -9999.0 -9999.0 -9999.0 -9999.0 -9999.0 -9999.0 -9999.0 -9999.0 -9999.0 -9999.0 -9999.0 -9999.0 -9999.0 -9999.0 -9999.0 -9999.0 -9999.0 -9999.0 -9999.0 -9999.0
0.183991 0.177812 0.172177 0.169637 0.168978 0.168336 0.168003 0.171115 0.175909 0.180683 0.185396 0.186898 0.188473 0.190037 0.190360 0.189385 0.187101 0.184837 0.182522 0.181546 0.176054 0.168943 0.163615 0.162017 0.164609 0.167268 0.168791 0.172605 0.179574 0.186906 0.192905 0.201318 0.205320 0.209292 0.211975 0.209136 0.206691 0.204231 0.201133 0.193392 -9999.0 -9999.0 -9999.0 -9999.0 -9999.0 -9999.0 -9999.0 -9999.0 -9999.0 -9999.0 -9999.0 -9999.0 -9999.0 -9999.0 -9999.0 -9999.0 -9999.0 -9999.0 -9999.0 -9999.0 -9999.0 -9999.0 -9999.0
0.173510 0.167984 0.164641 0.161377 0.160365 0.160218 0.160133 0.162409 0.167962 0.172704 0.175609 0.177027 0.178481 0.178609 0.178247 0.177913 0.176004 0.173813 0.171667 0.170543 0.170417 0.165856 0.162814 0.161000 0.160442 0.161789 0.163082 0.164718 0.170517 0.175751 0.181194 0.190692 0.199415 0.203317 0.201783 0.198330 0.195968 0.191859 0.185518 0.178793 0.172122 0.167832 0.164850 0.162145 0.165791 0.169622 0.176205 0.183085 0.191398 0.200121 -9999.0 -9999.0 -9999.0 -9999.0 -9999.0 -9999.0 -9999.0 -9999.0 -9999.0 -9999.0 -9999.0 -9999.0 -9999.0
0.165672 0.163299 0.160476 0.158281 0.162263 0.162811 0.163358 0.165072 0.167075 0.168127 0.169727 0.172852 0.178363 0.179925 0.180153 0.180139 0.178887 0.176842 0.175673 0.173891 0.170653 0.170131 0.170421 0.170523 0.173807 0.174727 0.175464 0.171032 0.173037 0.177038 0.181567 0.186468 0.191479 0.195109 0.193164 0.192405 0.187027 0.178266 0.171276 0.166221 0.164724 0.163109 0.159055 0.152900 0.156592 0.165386 0.168301 0.170787 0.178470 0.186695 0.193772 0.195111 0.194969 0.194825 0.193152 0.183792 0.174429 0.165655 0.155400 -9999.0 -9999.0 -9999.0 -9999.0
0.166489 0.164547 0.163741 0.171336 0.177093 0.177946 0.179627 0.181591 0.180447 0.172384 0.170612 0.175868 0.182547 0.186405 0.186340 0.186186 0.185208 0.184431 0.183978 0.182258 0.183060 0.184820 0.185495 0.189102 0.192997 0.194871 0.188580 0.182344 0.182561 0.187689 0.193167 0.198524 0.206838 0.216053 0.215199 0.211042 0.204754 0.195177 0.179581 0.167403 0.161660 0.158396 0.154969 0.154519 0.153764 0.159401 0.160602 0.161696 0.166921 0.173299 0.179788 0.183677 0.183512 0.183337 0.181896 0.175947 0.167086 0.158836 0.150351 0.138732 0.127533 0.118332 0.118136
0.169551 0.171654 0.180098 0.189218 0.199873 0.201443 0.203014 0.202610 0.195178 0.187877 0.184706 0.195132 0.206331 0.212360 0.212959 0.213586 0.220180 0.218199 0.215685 0.211102 0.212980 0.215489 0.224852 0.230647 0.235794 0.234135 0.224861 0.216515 0.214942 0.216190 0.217451 0.222040 0.230594 0.239219 0.235694 0.229977 0.221969 0.200220 0.180913 0.170410 0.171279 0.171908 0.169476 0.167854 0.165791 0.161456 0.161440 0.161384 0.161301 0.168397 0.175981 0.178326 0.174684 0.172631 0.171396 0.166240 0.160194 0.152252 0.144137 0.136019 0.125270 0.122761 0.120306
0.199128 0.205020 0.214847 0.229337 0.248459 0.251198 0.254137 0.257546 0.248817 0.238963 0.229185 0.241169 0.248630 0.255866 0.258750 0.268355 0.276356 0.272022 0.264607 0.256899 0.262046 0.273581 0.285013 0.289419 0.291568 0.292083 0.285029 0.281203 0.278901 0.278932 0.275721 0.277808 0.286846 0.298609 0.299313 0.291432 0.274310 0.246182 0.218253 0.201187 0.204266 0.200046 0.196230 0.193308 0.183759 0.176329 0.176275 0.170552 0.166942 0.173976 0.177913 0.179296 0.175568 0.179237 0.174374 0.163869 0.154423 0.146614 0.140034 0.133899 0.130978 0.127517 0.124875
0.236383 0.243196 0.257860 0.276881 0.295386 0.304080 0.309179 0.314785 0.310331 0.304180 0.297658 0.301003 0.309649 0.317369 0.324249 0.331036 0.336945 0.334133 0.329316 0.327999 0.330116 0.338092 0.344167 0.346214 0.347233 0.349043 0.347222 0.344275 0.340609 0.336748 0.333021 0.330438 0.337682 0.343890 0.343336 0.332987 0.320302 0.299119 0.272392 0.245067 0.240569 0.240686 0.239837 0.227620 0.215789 0.201293 0.193193 0.187225 0.177270 0.180194 0.184285 0.191931 0.199312 0.198785 0.187369 0.176061 0.164449 0.154115 0.146958 0.144855 0.142608 0.138474 0.135886
0.321411 0.324258 0.330811 0.343374 0.355090 0.361247 0.365035 0.365615 0.364264 0.362548 0.359646 0.358015 0.360688 0.362925 0.364906 0.366615 0.367836 0.368432 0.368467 0.368499 0.368633 0.368798 0.369037 0.369272 0.369470 0.369635 0.369677 0.369513 0.369250 0.368811 0.368215 0.367864 0.367596 0.367905 0.367808 0.366170 0.362505 0.356177 0.344771 0.330724 0.318699 0.319541 0.311277 0.300101 0.284242 0.255122 0.239179 0.225810 0.202755 0.199365 0.208103 0.219628 0.225476 0.213023 0.200854 0.187597 0.174105 0.162002 0.158419 0.157779 0.156195 0.153243 0.151932
0.364292 0.365122 0.366348 0.368802 0.369791 0.369991 0.370000 0.370000 0.370000 0.369999 0.369991 0.369965 0.369965 0.369994 0.370000 0.370000 0.370000 0.370000 0.370000 0.370000 0.370000 0.370000 0.370000 0.370000 0.370000 0.370000 0.370000 0.370000 0.370000 0.370000 0.370000 0.370000 0.370000 0.370000 0.370000 0.370000 0.369995 0.369890 0.369299 0.367378 0.364256 0.360723 0.356603 0.351124 0.335015 0.312996 0.289596 0.267450 0.244429 0.240141 0.262037 0.282549 0.275078 0.266008 0.251718 0.231563 0.212095 0.193234 0.188033 0.185890 0.182100 0.177941 0.174019
0.370000 0.370000 0.370000 0.370000 0.370000 0.370000 0.370000 0.370000 0.370000 0.370000 0.370000 0.370000 0.370000 0.370000 0.370000 0.370000 0.370000 0.370000 0.370000 0.370000 0.370000 0.370000 0.370000 0.370000 0.370000 0.370000 0.370000 0.370000 0.370000 0.370000 0.370000 0.370000 0.370000 0.370000 0.370000 0.370000 0.370000 0.370000 0.370000 0.370000 0.369997 0.369905 0.369742 0.369461 0.368938 0.366003 0.362300 0.354758 0.341850 0.327800 0.341550 0.337701 0.332402 0.323268 0.307499 0.289211 0.268802 0.246977 0.238090 0.233520 0.227310 0.222212 0.215327
0.370000 0.370000 0.370000 0.370000 0.370000 0.370000 0.370000 0.370000 0.370000 0.370000 0.370000 0.370000 0.370000 0.370000 0.370000 0.370000 0.370000 0.370000 0.370000 0.370000 0.370000 0.370000 0.370000 0.370000 0.370000 0.370000 0.370000 0.370000 0.370000 0.370000 0.370000 0.370000 0.370000 0.370000 0.370000 0.370000 0.370000 0.370000 0.370000 0.370000 0.370000 0.370000 0.370000 0.370000 0.370000 0.370000 0.370000 0.369994 0.369698 0.368227 0.366415 0.364844 0.362832 0.357771 0.349681 0.340656 0.324073 0.303713 0.288549 0.282693 0.276912 0.269564 0.259878
0.370000 0.370000 0.370000 0.370000 0.370000 0.370000 0.370000 0.370000 0.370000 0.370000 0.370000 0.370000 0.370000 0.370000 0.370000 0.370000 0.370000 0.370000 0.370000 0.370000 0.370000 0.370000 0.370000 0.370000 0.370000 0.370000 0.370000 0.370000 0.370000 0.370000 0.370000 0.370000 0.370000 0.370000 0.370000 0.370000 0.370000 0.370000 0.370000 0.370000 0.370000 0.370000 0.370000 0.370000 0.370000 0.370000 0.370000 0.370000 0.370000 0.370000 0.370000 0.369989 0.369918 0.369611 0.369016 0.368099 0.364232 0.356826 0.348232 0.343410 0.334435 0.323939 0.314064
0.370000 0.370000 0.370000 0.370000 0.370000 0.370000 0.370000 0.370000 0.370000 0.370000 0.370000 0.370000 0.370000 0.370000 0.370000 0.370000 0.370000 0.370000 0.370000 0.370000 0.370000 0.370000 0.370000 0.370000 0.370000 0.370000 0.370000 0.370000 0.370000 0.370000 0.370000 0.370000 0.370000 0.370000 0.370000 0.370000 0.370000 0.370000 0.370000 0.370000 0.370000 0.370000 0.370000 0.370000 0.370000 0.370000 0.370000 0.370000 0.370000 0.370000 0.370000 0.370000 0.370000 0.370000 0.370000 0.370000 0.369999 0.369827 0.368919 0.367135 0.363621 0.359296 0.354019
0.370000 0.370000 0.370000 0.370000 0.370000 0.370000 0.370000 0.370000 0.370000 0.370000 0.370000 0.370000 0.370000 0.370000 0.370000 0.370000 0.370000 0.370000 0.370000 0.370000 0.370000 0.370000 0.370000 0.370000 0.370000 0.370000 0.370000 0.370000 0.370000 0.370000 0.370000 0.370000 0.370000 0.370000 0.370000 0.370000 0.370000 0.370000 0.370000 0.370000 0.370000 0.370000 0.370000 0.370000 0.370000 0.370000 0.370000 0.370000 0.370000 0.370000 0.370000 0.370000 0.370000 0.370000 0.370000 0.370000 0.370000 0.370000 0.370000 0.369999 0.369917 0.369472 0.368270
0.370000 0.370000 0.370000 0.370000 0.370000 0.370000 0.370000 0.370000 0.370000 0.370000 0.370000 0.370000 0.370000 0.370000 0.370000 0.370000 0.370000 0.370000 0.370000 0.370000 0.370000 0.370000 0.370000 0.370000 0.370000 0.370000 0.370000 0.370000 0.370000 0.370000 0.370000 0.370000 0.370000 0.370000 0.370000 0.370000 0.370000 0.370000 0.370000 0.370000 0.370000 0.370000 0.370000 0.370000 0.370000 0.370000 0.370000 0.370000 0.370000 0.370000 0.370000 0.370000 0.370000 0.370000 0.370000 0.370000 0.370000 0.370000 0.370000 0.370000 0.370000 0.370000 0.370000
0.370000 0.370000 0.370000 0.370000 0.370000 0.370000 0.370000 0.370000 0.370000 0.370000 0.370000 0.370000 0.370000 0.370000 0.370000 0.370000 0.370000 0.370000 0.370000 0.370000 0.370000 0.370000 0.370000 0.370000 0.370000 0.370000 0.370000 0.370000 0.370000 0.370000 0.370000 0.370000 0.370000 0.370000 0.370000 0.370000 0.370000 0.370000 0.370000 0.370000 0.370000 0.370000 0.370000 0.370000 0.370000 0.370000 0.370000 0.370000 0.370000 0.370000 0.370000 0.370000 0.370000 0.370000 0.370000 0.370000 0.370000 0.370000 0.370000 0.370000 0.370000 0.370000 0.370000
0.370000 0.370000 0.370000 0.370000 0.370000 0.370000 0.370000 0.370000 0.370000 0.370000 0.370000 0.370000 0.370000 0.370000 0.370000 0.370000 0.370000 0.370000 0.370000 0.370000 0.370000 0.370000 0.370000 0.370000 0.370000 0.370000 0.370000 0.370000 0.370000 0.370000 0.370000 0.370000 0.370000 0.370000 0.370000 0.370000 0.370000 0.370000 0.370000 0.370000 0.370000 0.370000 0.370000 0.370000 0.370000 0.370000 0.370000 0.370000 0.370000 0.370000 0.370000 0.370000 0.370000 0.370000 0.370000 0.370000 0.370000 0.370000 0.370000 0.370000 0.370000 0.370000 0.370000
0.370000 0.370000 0.370000 0.370000 0.370000 0.370000 0.370000 0.370000 0.370000 0.370000 0.370000 0.370000 0.370000 0.370000 0.370000 0.370000 0.370000 0.370000 0.370000 0.370000 0.370000 0.370000 0.370000 0.369999 0.369997 0.369995 0.369999 0.370000 0.370000 0.370000 0.370000 0.370000 0.370000 0.370000 0.370000 0.370000 0.370000 0.370000 0.370000 0.370000 0.370000 0.370000 0.370000 0.370000 0.370000 0.370000 0.370000 0.370000 0.370000 0.370000 0.370000 0.370000 0.370000 0.370000 0.370000 0.370000 0.370000 0.370000 0.370000 0.370000 0.370000 0.370000 0.370000
0.370000 0.370000 0.370000 0.370000 0.370000 0.370000 0.370000 0.369999 0.369993 0.369939 0.369842 0.369737 0.369726 0.369472 0.368837 0.367844 0.367069 0.366466 0.365341 0.365014 0.365604 0.366482 0.365594 0.364933 0.365085 0.364762 0.364631 0.366026 0.367701 0.368440 0.368897 0.369179 0.369284 0.369422 0.369795 0.369922 0.369986 0.370000 0.370000 0.370000 0.370000 0.370000 0.370000 0.370000 0.370000 0.370000 0.370000 0.370000 0.370000 0.370000 0.370000 0.370000 0.370000 0.370000 0.370000 0.370000 0.370000 0.370000 0.370000 0.370000 0.370000 0.370000 0.370000
0.370000 0.370000 0.370000 0.369968 0.369533 0.368636 0.366717 0.364841 0.361544 0.354967 0.349301 0.349936 0.352010 0.350846 0.345602 0.340194 0.335740 0.330153 0.322331 0.316999 0.321677 0.326560 0.328309 0.329182 0.330887 0.331199 0.330465 0.329457 0.334314 0.338306 0.342433 0.345758 0.348709 0.356152 0.361160 0.363706 0.366165 0.368002 0.369274 0.369813 0.369969 0.369998 0.370000 0.370000 0.370000 0.370000 0.370000 0.370000 0.370000 0.370000 0.370000 0.370000 0.370000 0.370000 0.370000 0.370000 0.370000 0.370000 0.370000 0.370000 0.370000 0.370000 0.370000
0.369885 0.369374 0.366863 0.360540 0.353552 0.345589 0.335839 0.323632 0.306527 0.287779 0.274103 0.279483 0.284787 0.291165 0.281915 0.272517 0.267241 0.256225 0.245297 0.234785 0.241504 0.248652 0.260032 0.262413 0.264607 0.268894 0.267476 0.265786 0.261155 0.267869 0.274772 0.283541 0.300969 0.316411 0.329214 0.338286 0.345888 0.352873 0.358825 0.363216 0.366262 0.367886 0.369028 0.369701 0.369946 0.369999 0.370000 0.370000 0.370000 0.370000 0.370000 0.370000 0.370000 0.370000 0.370000 0.370000 0.370000 0.370000 0.370000 0.370000 0.370000 0.370000 0.370000
0.349941 0.337657 0.316504 0.302082 0.288863 0.272208 0.256115 0.240241 0.220052 0.203202 0.187826 0.190835 0.199268 0.209144 0.203142 0.199627 0.197326 0.189302 0.180478 0.172173 0.174458 0.183565 0.194550 0.198749 0.202926 0.208146 0.208018 0.203465 0.197407 0.201110 0.210174 0.221410 0.237946 0.255171 0.271537 0.285796 0.300748 0.315117 0.327937 0.339584 0.349155 0.354619 0.359910 0.363987 0.366461 0.367801 0.369013 0.369766 0.369961 0.370000 0.370000 0.370000 0.370000 0.370000 0.370000 0.370000 0.370000 0.370000 0.370000 0.370000 0.370000 0.370000 0.370000
0.265753 0.242360 0.226966 0.213167 0.200135 0.187756 0.175167 0.163816 0.153437 0.143209 0.134522 0.136735 0.142699 0.148944 0.149669 0.148233 0.146807 0.143061 0.137215 0.132123 0.135266 0.141886 0.149061 0.153757 0.157109 0.160500 0.158919 0.154556 0.150629 0.154359 0.162282 0.170719 0.181603 0.195567 0.210551 0.226115 0.242937 0.259954 0.278376 0.296332 0.312749 0.326524 0.337654 0.346647 0.350537 0.354074 0.356968 0.361049 0.364296 0.366944 0.368792 0.369664 0.369984 0.370000 0.370000 0.370000 0.370000 0.370000 0.370000 0.370000 0.370000 0.370000 0.370000
0.194537 0.175459 0.161783 0.152484 0.147588 0.140959 0.132963 0.127841 0.122077 0.115854 0.115197 0.116453 0.120502 0.121513 0.121774 0.120815 0.120469 0.118855 0.115107 0.116498 0.118917 0.123863 0.127767 0.131203 0.133673 0.135370 0.134972 0.131860 0.132643 0.135541 0.141775 0.147147 0.154731 0.166004 0.176204 0.188526 0.203380 0.219684 0.237691 0.257068 0.277576 0.295171 0.308578 0.314834 0.321237 0.325276 0.323106 0.331062 0.338317 0.344911 0.352713 0.358900 0.364567 0.368711 0.369928 0.370000 0.370000 0.370000 0.370000 0.370000 0.370000 0.370000 0.370000
0.141361 0.129624 0.121101 0.118070 0.115071 0.111945 0.108562 0.105421 0.102577 0.102286 0.101856 0.101889 0.102444 0.103090 0.103597 0.103372 0.103140 0.103175 0.104182 0.105095 0.106343 0.108909 0.111710 0.114390 0.115537 0.116728 0.117453 0.118235 0.118951 0.120330 0.124093 0.128174 0.133214 0.140245 0.148068 0.157450 0.169672 0.183278 0.199204 0.218332 0.238649 0.254415 0.262219 0.270026 0.273440 0.270443 0.267491 0.274432 0.283907 0.292808 0.307323 0.321152 0.333165 0.351606 0.363350 0.368519 0.369828 0.370000 0.370000 0.370000 0.370000 0.370000 0.370000
0.114770 0.107872 0.103710 0.101700 0.099794 0.097946 0.095691 0.093943 0.093531 0.093214 0.092926 0.092737 0.093240 0.093775 0.094403 0.094317 0.094342 0.094718 0.095370 0.096256 0.097761 0.099704 0.101957 0.104864 0.105803 0.106813 0.108032 0.108616 0.109330 0.110390 0.113388 0.116655 0.120427 0.126055 0.132502 0.140345 0.150563 0.163822 0.181271 0.199032 0.218049 0.234538 0.241567 0.245210 0.244058 0.239856 0.230726 0.230729 0.239991 0.243501 0.255167 0.272006 0.283025 0.310783 0.337017 0.350573 0.360583 0.366578 0.369465 0.369946 0.370000 0.370000 0.370000
0.099003 0.095775 0.092869 0.091210 0.089898 0.088690 0.087664 0.087343 0.087010 0.086797 0.086664 0.086523 0.086802 0.087243 0.087692 0.087884 0.088161 0.088455 0.089128 0.090209 0.091339 0.092975 0.095142 0.097525 0.098523 0.099482 0.100481 0.101179 0.101974 0.102777 0.104994 0.107659 0.110526 0.115225 0.120742 0.126996 0.136921 0.150331 0.166064 0.181679 0.198826 0.216465 0.219116 0.220279 0.219836 0.210149 0.199022 0.195665 0.198104 0.199022 0.206298 0.216117 0.226136 0.250498 0.275080 0.298698 0.322869 0.345629 0.359674 0.365223 0.368458 0.369745 0.369991
