tests/Borden05m/data_simulated/sim_1/output-maps/thetaliqL0003N0018.asc
ncols         160
nrows         34
xllcorner     620200.000000
yllcorner     5168000.000000
cellsize      0.500000
NODATA_value  -9999.0
[rows 0 to 27 of 34, columns 63 to 125 of 160]
-9999.0 -9999.0 -9999.0 -9999.0 -9999.0 -9999.0 -9999.0 -9999.0 -9999.0 -9999.0 -9999.0 -9999.0 -9999.0 -9999.0 -9999.0 -9999.0 -9999.0 -9999.0 -9999.0 -9999.0 -9999.0 -9999.0 -9999.0 -9999.0 -9999.0 -9999.0 -9999.0 -9999.0 -9999.0 -9999.0 -9999.0 -9999.0 -9999.0 -9999.0 -9999.0 -9999.0 -9999.0 -9999.0 -9999.0 -9999.0 -9999.0 -9999.0 -9999.0 -9999.0 -9999.0 -9999.0 -9999.0 -9999.0 -9999.0 -9999.0 -9999.0 -9999.0 -9999.0 -9999.0 -9999.0 -9999.0 -9999.0 -9999.0 -9999.0 -9999.0 -9999.0 -9999.0 -9999.0
0.192584 0.191492 0.190249 0.190018 0.190132 0.189917 0.189464 0.190126 0.191005 0.191774 0.192807 0.192665 0.192813 0.193204 0.193307 0.193123 0.192643 0.192313 0.191933 0.192356 0.190952 0.189129 0.187744 0.187453 0.188593 0.189296 0.189211 0.189901 0.191381 0.192685 0.193214 0.194791 0.194698 0.195349 0.196311 0.195518 0.195282 0.195317 0.195489 0.193393 -9999.0 -9999.0 -9999.0 -9999.0 -9999.0 -9999.0 -9999.0 -9999.0 -9999.0 -9999.0 -9999.0 -9999.0 -9999.0 -9999.0 -9999.0 -9999.0 -9999.0 -9999.0 -9999.0 -9999.0 -9999.0 -9999.0 -9999.0
0.189682 0.188240 0.187839 0.186794 0.186356 0.186243 0.185855 0.186212 0.187946 0.189198 0.189593 0.189387 0.189303 0.188956 0.188699 0.188770 0.188326 0.187907 0.187466 0.187551 0.188552 0.187241 0.186567 0.185936 0.185297 0.185564 0.185791 0.185911 0.187554 0.188266 0.188811 0.191100 0.193243 0.193852 0.193032 0.192094 0.192243 0.192056 0.191104 0.190176 0.190003 0.189537 0.189309 0.188524 0.189710 0.189802 0.191200 0.192412 0.193851 0.195911 -9999.0 -9999.0 -9999.0 -9999.0 -9999.0 -9999.0 -9999.0 -9999.0 -9999.0 -9999.0 -9999.0 -9999.0 -9999.0
0.187587 0.187090 0.186083 0.184609 0.186298 0.186093 0.185958 0.186285 0.186856 0.187089 0.187376 0.187827 0.189402 0.189332 0.189212 0.189285 0.189004 0.188491 0.188501 0.188206 0.186928 0.187104 0.187403 0.187145 0.188405 0.188494 0.189186 0.186993 0.187384 0.187985 0.188457 0.188838 0.189281 0.189810 0.188847 0.189472 0.188601 0.186761 0.186192 0.186205 0.187482 0.188109 0.187203 0.184208 0.185802 0.189195 0.189026 0.188582 0.190328 0.192073 0.194430 0.194176 0.193984 0.194216 0.194574 0.192486 0.191081 0.190022 0.187182 -9999.0 -9999.0 -9999.0 -9999.0
0.187560 0.186492 0.185244 0.187983 0.189180 0.188631 0.188965 0.189755 0.189749 0.186361 0.185491 0.186850 0.188319 0.188968 0.188388 0.188104 0.187537 0.187522 0.187847 0.187464 0.187974 0.188444 0.187919 0.188822 0.189854 0.190791 0.188623 0.186650 0.186765 0.188393 0.189631 0.190336 0.192141 0.194877 0.194438 0.193751 0.193288 0.192710 0.189407 0.186496 0.185325 0.184794 0.183952 0.184551 0.183984 0.186643 0.186475 0.186102 0.187441 0.188545 0.189915 0.190869 0.190716 0.191019 0.191382 0.190713 0.189185 0.188300 0.187661 0.186208 0.183661 0.179265 0.179551
0.185049 0.185147 0.187610 0.189091 0.191502 0.190765 0.190871 0.190774 0.188405 0.186567 0.185380 0.188926 0.191879 0.192920 0.192226 0.191643 0.194195 0.193434 0.193049 0.191502 0.192059 0.191928 0.194718 0.195883 0.197390 0.196818 0.194012 0.191658 0.191493 0.191755 0.191550 0.192286 0.194147 0.196452 0.194867 0.194017 0.193853 0.188842 0.184961 0.183551 0.185895 0.187250 0.186945 0.187128 0.187192 0.185403 0.185805 0.185984 0.185189 0.187311 0.189454 0.189726 0.187955 0.187343 0.188086 0.187781 0.187747 0.186779 0.185727 0.184918 0.180740 0.181927 0.179785
0.190613 0.191637 0.193147 0.195921 0.201104 0.200321 0.200730 0.202361 0.199525 0.196844 0.193078 0.197321 0.198518 0.200098 0.200056 0.203477 0.206594 0.204703 0.202061 0.199036 0.200887 0.205040 0.209132 0.210281 0.210875 0.211567 0.208633 0.207668 0.206956 0.207139 0.205345 0.205524 0.208623 0.213859 0.214379 0.211555 0.206321 0.198811 0.192306 0.188868 0.192314 0.191203 0.190632 0.191101 0.188740 0.187332 0.189105 0.187369 0.186059 0.188875 0.189250 0.188907 0.186658 0.189358 0.188779 0.186374 0.184737 0.183823 0.183113 0.181942 0.182797 0.182111 0.180292
0.194160 0.195269 0.199193 0.205021 0.212351 0.216959 0.220862 0.225095 0.221862 0.218164 0.214105 0.214930 0.219859 0.225132 0.231346 0.238650 0.246740 0.244333 0.239806 0.239219 0.241264 0.250675 0.259955 0.263973 0.266495 0.270860 0.267560 0.261599 0.254796 0.248284 0.242800 0.238872 0.246686 0.255390 0.253691 0.238312 0.226138 0.214042 0.203981 0.194919 0.194831 0.196135 0.197288 0.194128 0.192415 0.189545 0.188809 0.188869 0.185978 0.187495 0.187925 0.189953 0.192902 0.193565 0.190854 0.189239 0.187466 0.185653 0.184256 0.185171 0.185490 0.184216 0.182960
0.230451 0.232715 0.239462 0.259385 0.288628 0.309244 0.322091 0.324247 0.320228 0.315218 0.306339 0.301146 0.309271 0.316788 0.322782 0.327508 0.331743 0.334588 0.334367 0.334397 0.335262 0.336364 0.338300 0.340526 0.342697 0.344985 0.345737 0.343019 0.339969 0.336355 0.332820 0.331701 0.330683 0.332700 0.332412 0.325205 0.312886 0.292449 0.263786 0.241472 0.227818 0.227262 0.220974 0.215729 0.210155 0.200319 0.197416 0.195665 0.188580 0.187853 0.190212 0.193343 0.195594 0.191604 0.189656 0.187857 0.185917 0.183601 0.184407 0.185590 0.185958 0.185512 0.185471
0.321435 0.323815 0.326639 0.338255 0.349512 0.357378 0.361887 0.363292 0.362148 0.360666 0.358721 0.356728 0.356670 0.359118 0.361672 0.363706 0.364809 0.365165 0.365004 0.365022 0.365129 0.365428 0.365617 0.365980 0.366504 0.367229 0.367944 0.367807 0.366812 0.365697 0.363958 0.362850 0.362310 0.361462 0.361351 0.361260 0.357105 0.351023 0.341546 0.329552 0.319918 0.307847 0.292760 0.276022 0.246792 0.225481 0.211744 0.202530 0.194447 0.192961 0.201334 0.209435 0.205381 0.203485 0.200632 0.196288 0.192779 0.188566 0.188973 0.189533 0.189045 0.188451 0.187761
0.361448 0.362452 0.363624 0.365548 0.367899 0.369188 0.369700 0.369799 0.369757 0.369652 0.369509 0.369362 0.369316 0.369403 0.369524 0.369673 0.369782 0.369853 0.369849 0.369856 0.369848 0.369867 0.369880 0.369880 0.369905 0.369936 0.369956 0.369961 0.369934 0.369879 0.369752 0.369568 0.369388 0.369237 0.369200 0.369202 0.369178 0.368579 0.366913 0.362596 0.357342 0.351779 0.347687 0.342768 0.337628 0.323251 0.313519 0.292880 0.263081 0.239768 0.253471 0.243611 0.235755 0.226797 0.217116 0.210061 0.204210 0.198538 0.197648 0.197556 0.196485 0.196067 0.194945
0.369599 0.369710 0.369811 0.369895 0.369955 0.369988 0.369999 0.370000 0.370000 0.370000 0.370000 0.370000 0.370000 0.370000 0.370000 0.370000 0.370000 0.370000 0.370000 0.370000 0.370000 0.370000 0.370000 0.370000 0.370000 0.370000 0.370000 0.370000 0.370000 0.370000 0.370000 0.369997 0.369992 0.369988 0.369984 0.369983 0.369980 0.369967 0.369897 0.369587 0.368776 0.367585 0.366252 0.364979 0.363900 0.362829 0.360694 0.355736 0.345397 0.332753 0.326239 0.321709 0.313800 0.294660 0.269970 0.251395 0.230759 0.215699 0.208278 0.206788 0.205431 0.203794 0.201532
0.370000 0.370000 0.370000 0.370000 0.370000 0.370000 0.370000 0.370000 0.370000 0.370000 0.370000 0.370000 0.370000 0.370000 0.370000 0.370000 0.370000 0.370000 0.370000 0.370000 0.370000 0.370000 0.370000 0.370000 0.370000 0.370000 0.370000 0.370000 0.370000 0.370000 0.370000 0.370000 0.370000 0.370000 0.370000 0.370000 0.370000 0.370000 0.370000 0.369998 0.369974 0.369880 0.369746 0.369644 0.369560 0.369476 0.369197 0.368573 0.367275 0.364323 0.358653 0.356096 0.352211 0.345028 0.338050 0.332450 0.318265 0.295252 0.268980 0.255335 0.238927 0.226714 0.219697
0.370000 0.370000 0.370000 0.370000 0.370000 0.370000 0.370000 0.370000 0.370000 0.370000 0.370000 0.370000 0.370000 0.370000 0.370000 0.370000 0.370000 0.370000 0.370000 0.370000 0.370000 0.370000 0.370000 0.370000 0.370000 0.370000 0.370000 0.370000 0.370000 0.370000 0.370000 0.370000 0.370000 0.370000 0.370000 0.370000 0.370000 0.370000 0.370000 0.370000 0.370000 0.370000 0.369998 0.369995 0.369994 0.369992 0.369987 0.369953 0.369842 0.369480 0.368511 0.367497 0.366599 0.365802 0.364804 0.363175 0.357590 0.348537 0.338326 0.329933 0.317556 0.300837 0.279738
0.370000 0.370000 0.370000 0.370000 0.370000 0.370000 0.370000 0.370000 0.370000 0.370000 0.370000 0.370000 0.370000 0.370000 0.370000 0.370000 0.370000 0.370000 0.370000 0.370000 0.370000 0.370000 0.370000 0.370000 0.370000 0.370000 0.370000 0.370000 0.370000 0.370000 0.370000 0.370000 0.370000 0.370000 0.370000 0.370000 0.370000 0.370000 0.370000 0.370000 0.370000 0.370000 0.370000 0.370000 0.370000 0.370000 0.370000 0.370000 0.369998 0.369986 0.369927 0.369766 0.369658 0.369566 0.369420 0.369222 0.368170 0.366031 0.362357 0.357920 0.352171 0.345017 0.336634
0.370000 0.370000 0.370000 0.370000 0.370000 0.370000 0.370000 0.370000 0.370000 0.370000 0.370000 0.370000 0.370000 0.370000 0.370000 0.369999 0.369999 0.369999 0.370000 0.370000 0.370000 0.370000 0.370000 0.369999 0.369999 0.369999 0.369999 0.370000 0.370000 0.370000 0.370000 0.370000 0.370000 0.370000 0.370000 0.370000 0.370000 0.370000 0.370000 0.370000 0.370000 0.370000 0.370000 0.370000 0.370000 0.370000 0.370000 0.370000 0.370000 0.370000 0.370000 0.369997 0.369993 0.369990 0.369979 0.369969 0.369892 0.369605 0.368883 0.367567 0.365559 0.362933 0.359324
0.370000 0.370000 0.370000 0.370000 0.370000 0.370000 0.370000 0.370000 0.370000 0.370000 0.370000 0.369998 0.369991 0.369977 0.369951 0.369940 0.369926 0.369919 0.369948 0.369975 0.369981 0.369965 0.369948 0.369909 0.369878 0.369867 0.369877 0.369916 0.369962 0.369983 0.369984 0.369974 0.369962 0.369955 0.369955 0.369974 0.369994 0.369999 0.370000 0.370000 0.370000 0.370000 0.370000 0.370000 0.370000 0.370000 0.370000 0.370000 0.370000 0.370000 0.370000 0.370000 0.370000 0.370000 0.370000 0.370000 0.369998 0.369981 0.369915 0.369723 0.369385 0.368894 0.367885
0.370000 0.370000 0.369999 0.369998 0.369992 0.369982 0.369964 0.369958 0.369953 0.369956 0.369926 0.369874 0.369720 0.369518 0.369221 0.369010 0.368839 0.368661 0.368911 0.369313 0.369478 0.369172 0.368904 0.368441 0.368160 0.368017 0.368075 0.368477 0.369180 0.369526 0.369607 0.369492 0.369371 0.369313 0.369320 0.369446 0.369697 0.369864 0.369943 0.369974 0.369987 0.369994 0.369998 0.369999 0.370000 0.370000 0.370000 0.370000 0.370000 0.370000 0.370000 0.370000 0.370000 0.370000 0.370000 0.370000 0.370000 0.370000 0.369999 0.369986 0.369955 0.369888 0.369766
0.369975 0.369965 0.369944 0.369718 0.369510 0.369172 0.368767 0.368603 0.368345 0.368219 0.367753 0.367291 0.366420 0.364995 0.363097 0.361047 0.360293 0.359589 0.358926 0.360684 0.361372 0.360866 0.359657 0.358269 0.357476 0.356974 0.357728 0.360049 0.362020 0.363581 0.364187 0.363542 0.364113 0.364709 0.364739 0.366154 0.367233 0.368226 0.369000 0.369484 0.369659 0.369767 0.369853 0.369927 0.369971 0.369992 0.369999 0.370000 0.370000 0.370000 0.370000 0.370000 0.370000 0.370000 0.370000 0.370000 0.370000 0.370000 0.370000 0.370000 0.370000 0.369998 0.369990
0.369690 0.369616 0.369008 0.367202 0.364708 0.362649 0.359634 0.358007 0.356476 0.351836 0.348349 0.345735 0.345861 0.342007 0.336170 0.330938 0.328519 0.326904 0.323250 0.322092 0.323502 0.326800 0.323988 0.322369 0.323217 0.322250 0.321523 0.325020 0.330323 0.333303 0.336232 0.338879 0.340399 0.342396 0.349286 0.352953 0.356180 0.359937 0.363136 0.365576 0.367030 0.367782 0.368440 0.369070 0.369450 0.369741 0.369903 0.369977 0.369994 0.369998 0.370000 0.370000 0.370000 0.370000 0.370000 0.370000 0.370000 0.370000 0.370000 0.370000 0.370000 0.370000 0.370000
0.366383 0.365392 0.360367 0.352253 0.343249 0.336067 0.327422 0.321648 0.311366 0.291645 0.276458 0.276134 0.279932 0.275420 0.262986 0.252561 0.245757 0.239391 0.231828 0.227670 0.231473 0.235696 0.235875 0.235821 0.237326 0.237254 0.236799 0.237072 0.244525 0.250523 0.257422 0.263692 0.269878 0.290302 0.308464 0.318816 0.327830 0.335678 0.343766 0.350875 0.355663 0.358606 0.361601 0.364116 0.366136 0.367638 0.368787 0.369501 0.369784 0.369885 0.369940 0.369975 0.369994 0.369999 0.370000 0.370000 0.370000 0.370000 0.370000 0.370000 0.370000 0.370000 0.370000
0.349250 0.340427 0.325937 0.308101 0.285871 0.264470 0.246998 0.233654 0.221623 0.212320 0.207004 0.209815 0.211554 0.214218 0.209769 0.206263 0.205255 0.202129 0.199385 0.196006 0.198630 0.200011 0.203333 0.203169 0.203351 0.204831 0.204133 0.203839 0.201887 0.204281 0.205905 0.207976 0.214803 0.222557 0.232224 0.242755 0.256911 0.276223 0.298391 0.316488 0.328544 0.336146 0.342986 0.349527 0.354566 0.358643 0.362389 0.365525 0.367346 0.368321 0.369024 0.369421 0.369758 0.369929 0.369984 0.369999 0.370000 0.370000 0.370000 0.370000 0.370000 0.370000 0.370000
0.278880 0.255445 0.231095 0.219723 0.213306 0.207443 0.203339 0.200231 0.195716 0.192594 0.188295 0.189883 0.192195 0.195489 0.192861 0.192392 0.192833 0.191159 0.189392 0.186700 0.187160 0.189396 0.192098 0.192118 0.192724 0.194262 0.194289 0.193048 0.190656 0.191308 0.193014 0.194774 0.198169 0.201582 0.205158 0.208565 0.213516 0.220100 0.228813 0.242433 0.261818 0.279630 0.301509 0.319387 0.329598 0.335224 0.341516 0.349810 0.354763 0.359117 0.362563 0.364676 0.367173 0.368786 0.369638 0.369923 0.369988 0.369997 0.369999 0.370000 0.370000 0.370000 0.370000
0.204952 0.198738 0.196213 0.194039 0.191804 0.189941 0.187987 0.186260 0.184838 0.182737 0.178906 0.180489 0.182754 0.185312 0.185422 0.185132 0.185302 0.184651 0.182841 0.179821 0.181139 0.183089 0.184890 0.185520 0.185919 0.187018 0.186249 0.184631 0.182399 0.183407 0.185263 0.186402 0.187881 0.190054 0.192417 0.194864 0.197784 0.200925 0.205243 0.210477 0.217025 0.225136 0.236120 0.252056 0.263911 0.277307 0.290881 0.308076 0.320750 0.330337 0.339338 0.347396 0.355445 0.362587 0.366742 0.368747 0.369597 0.369849 0.369940 0.369978 0.369996 0.370000 0.370000
0.192003 0.188814 0.186853 0.185424 0.185952 0.185240 0.183365 0.183334 0.182311 0.179272 0.180327 0.181194 0.183668 0.183250 0.183130 0.182543 0.182923 0.182510 0.179608 0.181092 0.181772 0.183555 0.183954 0.184400 0.184732 0.185078 0.184735 0.182646 0.183094 0.183703 0.185385 0.185572 0.186395 0.188475 0.189301 0.190763 0.192811 0.195080 0.197850 0.201304 0.206112 0.211247 0.216378 0.218576 0.222507 0.226057 0.224479 0.232921 0.243417 0.257220 0.278993 0.301973 0.321528 0.338411 0.352335 0.361365 0.365975 0.368374 0.369147 0.369609 0.369850 0.369953 0.369988
0.183905 0.181695 0.179564 0.180565 0.180672 0.180518 0.180080 0.179439 0.178115 0.179641 0.179820 0.179698 0.179561 0.179576 0.179790 0.179502 0.179333 0.179427 0.180614 0.180803 0.180476 0.180996 0.181421 0.181890 0.181468 0.181620 0.181684 0.182131 0.182099 0.181826 0.182657 0.182995 0.183367 0.184291 0.185026 0.185956 0.187573 0.188982 0.190784 0.193736 0.197397 0.200140 0.200816 0.202811 0.203737 0.202304 0.201052 0.203628 0.206618 0.209528 0.216344 0.225172 0.239224 0.278100 0.316372 0.337327 0.350136 0.358862 0.363688 0.366499 0.368121 0.369228 0.369689
0.181235 0.179439 0.179026 0.179791 0.179830 0.179763 0.178739 0.177793 0.178712 0.179051 0.178981 0.178603 0.179019 0.179202 0.179738 0.179244 0.179004 0.179159 0.179309 0.179272 0.179698 0.180036 0.180337 0.181659 0.181036 0.181019 0.181487 0.181326 0.181218 0.180925 0.181839 0.182236 0.182443 0.183334 0.183962 0.184675 0.185684 0.187265 0.190082 0.192448 0.195500 0.198455 0.199158 0.199674 0.199061 0.198323 0.195446 0.195409 0.198373 0.198033 0.200640 0.205215 0.206668 0.219205 0.243877 0.273818 0.307475 0.328252 0.345740 0.353887 0.360532 0.364953 0.367524
0.178662 0.178700 0.177848 0.178004 0.177885 0.177363 0.176738 0.177439 0.177380 0.177307 0.177352 0.177132 0.177514 0.177826 0.178144 0.177981 0.177960 0.177451 0.177468 0.178051 0.178152 0.178549 0.179343 0.180394 0.179810 0.179727 0.179784 0.179587 0.179646 0.179321 0.180072 0.180679 0.180920 0.181943 0.182507 0.182295 0.183609 0.185750 0.188003 0.189723 0.192249 0.196018 0.195156 0.195088 0.195465 0.193055 0.190208 0.190015 0.190895 0.190308 0.192220 0.193663 0.194045 0.199615 0.205196 0.212888 0.227303 0.259491 0.302449 0.323970 0.338543 0.349710 0.357109
