tests/Borden05m/data_simulated/sim_1/output-maps/thetaliqL0002N0019.asc
ncols         160
nrows         34
xllcorner     620200.000000
yllcorner     5168000.000000
cellsize      0.500000
NODATA_value  -9999.0
[rows 0 to 27 of 34, columns 63 to 125 of 160]
-9999.0 -9999.0 -9999.0 -9999.0 -9999.0 -9999.0 -9999.0 -9999.0 -9999.0 -9999.0 -9999.0 -9999.0 -9999.0 -9999.0 -9999.0 -9999.0 -9999.0 -9999.0 -9999.0 -9999.0 -9999.0 -9999.0 -9999.0 -9999.0 -9999.0 -9999.0 -9999.0 -9999.0 -9999.0 -9999.0 -9999.0 -9999.0 -9999.0 -9999.0 -9999.0 -9999.0 -9999.0 -9999.0 -9999.0 -9999.0 -9999.0 -9999.0 -9999.0 -9999.0 -9999.0 -9999.0 -9999.0 -9999.0 -9999.0 -9999.0 -9999.0 -9999.0 -9999.0 -9999.0 -9999.0 -9999.0 -9999.0 -9999.0 -9999.0 -9999.0 -9999.0 -9999.0 -9999.0
0.181661 0.180843 0.179897 0.179736 0.179834 0.179668 0.179311 0.179812 0.180469 0.181040 0.181827 0.181699 0.181805 0.182107 0.182187 0.182047 0.181682 0.181439 0.181154 0.181502 0.180424 0.179036 0.177984 0.177767 0.178649 0.179184 0.179103 0.179621 0.180740 0.181721 0.182092 0.183282 0.183164 0.183652 0.184408 0.183794 0.183625 0.183678 0.183851 0.182233 -9999.0 -9999.0 -9999.0 -9999.0 -9999.0 -9999.0 -9999.0 -9999.0 -9999.0 -9999.0 -9999.0 -9999.0 -9999.0 -9999.0 -9999.0 -9999.0 -9999.0 -9999.0 -9999.0 -9999.0 -9999.0 -9999.0 -9999.0
0.179438 0.178341 0.178052 0.177256 0.176921 0.176834 0.176530 0.176792 0.178108 0.179059 0.179348 0.179171 0.179090 0.178819 0.178620 0.178679 0.178343 0.178031 0.177701 0.177777 0.178568 0.177569 0.177068 0.176589 0.176096 0.176294 0.176459 0.176534 0.177782 0.178301 0.178686 0.180419 0.182054 0.182506 0.181863 0.181141 0.181284 0.181176 0.180474 0.179793 0.179706 0.179366 0.179212 0.178619 0.179528 0.179561 0.180622 0.181537 0.182617 0.184199 -9999.0 -9999.0 -9999.0 -9999.0 -9999.0 -9999.0 -9999.0 -9999.0 -9999.0 -9999.0 -9999.0 -9999.0 -9999.0
0.177847 0.177473 0.176706 0.175576 0.176863 0.176697 0.176587 0.176828 0.177266 0.177432 0.177646 0.177974 0.179174 0.179104 0.179007 0.179066 0.178855 0.178466 0.178485 0.178268 0.177284 0.177432 0.177669 0.177467 0.178440 0.178500 0.179041 0.177338 0.177626 0.178066 0.178400 0.178663 0.178972 0.179367 0.178620 0.179121 0.178477 0.177098 0.176709 0.176759 0.177770 0.178279 0.177601 0.175303 0.176519 0.179121 0.178961 0.178591 0.179915 0.181233 0.183063 0.182840 0.182687 0.182874 0.183179 0.181584 0.180543 0.179778 0.177616 -9999.0 -9999.0 -9999.0 -9999.0
0.177818 0.176994 0.176026 0.178130 0.179030 0.178588 0.178839 0.179447 0.179447 0.176830 0.176160 0.177187 0.178290 0.178772 0.178314 0.178092 0.177657 0.177654 0.177914 0.177624 0.178027 0.178388 0.177974 0.178666 0.179449 0.180178 0.178499 0.176994 0.177077 0.178316 0.179245 0.179756 0.181123 0.183239 0.182889 0.182371 0.182057 0.181683 0.179183 0.176979 0.176107 0.175723 0.175095 0.175559 0.175127 0.177157 0.177014 0.176708 0.177725 0.178541 0.179568 0.180293 0.180173 0.180418 0.180720 0.180238 0.179099 0.178469 0.178041 0.176998 0.175107 0.171767 0.171998
0.175830 0.175898 0.177782 0.178877 0.180713 0.180111 0.180184 0.180113 0.178290 0.176906 0.175995 0.178706 0.180951 0.181728 0.181171 0.180711 0.182716 0.182113 0.181820 0.180617 0.181051 0.180935 0.183105 0.183984 0.185147 0.184698 0.182531 0.180730 0.180609 0.180794 0.180600 0.181138 0.182545 0.184317 0.183072 0.182441 0.182386 0.178579 0.175678 0.174660 0.176492 0.177555 0.177334 0.177489 0.177551 0.176165 0.176480 0.176625 0.175999 0.177607 0.179235 0.179431 0.178062 0.177595 0.178194 0.177994 0.178022 0.177327 0.176569 0.176010 0.172845 0.173790 0.172156
0.180015 0.180785 0.181908 0.184014 0.188037 0.187370 0.187680 0.188998 0.186782 0.184718 0.181772 0.185053 0.185930 0.187138 0.187081 0.189787 0.192258 0.190745 0.188662 0.186290 0.187740 0.191020 0.194239 0.195107 0.195550 0.196135 0.193814 0.193092 0.192531 0.192675 0.191217 0.191319 0.193757 0.197952 0.198389 0.196141 0.192031 0.186217 0.181240 0.178632 0.181331 0.180474 0.180055 0.180445 0.178640 0.177578 0.178976 0.177644 0.176638 0.178799 0.179057 0.178775 0.177030 0.179141 0.178719 0.176917 0.175710 0.175059 0.174562 0.173708 0.174398 0.173892 0.172508
0.182588 0.183399 0.186409 0.190935 0.196686 0.200367 0.203575 0.207081 0.204403 0.201407 0.198119 0.198707 0.202690 0.206987 0.212207 0.218427 0.225521 0.223433 0.219539 0.219089 0.220820 0.229068 0.237505 0.241267 0.243683 0.247947 0.244813 0.239136 0.232810 0.226888 0.222022 0.218558 0.225352 0.233170 0.231621 0.217986 0.207752 0.198043 0.190186 0.183130 0.183062 0.184124 0.185060 0.182615 0.181350 0.179161 0.178622 0.178717 0.176504 0.177661 0.177966 0.179515 0.181813 0.182335 0.180265 0.179082 0.177778 0.176435 0.175396 0.176137 0.176409 0.175448 0.174493
0.211595 0.213453 0.219143 0.237023 0.265849 0.287803 0.302442 0.304984 0.300233 0.294530 0.284707 0.279044 0.287808 0.296182 0.303114 0.308824 0.314091 0.317752 0.317507 0.317554 0.318657 0.320026 0.322491 0.325416 0.328326 0.331427 0.332519 0.328876 0.324790 0.320038 0.315449 0.313995 0.312635 0.315090 0.314746 0.305964 0.291695 0.269799 0.241252 0.221030 0.209328 0.208873 0.203690 0.199524 0.195130 0.187361 0.185141 0.183846 0.178373 0.177816 0.179626 0.182029 0.183764 0.180662 0.179226 0.177915 0.176500 0.174777 0.175440 0.176372 0.176673 0.176349 0.176329
0.301507 0.304317 0.307742 0.322409 0.337504 0.348736 0.355548 0.357860 0.356112 0.353860 0.350941 0.347982 0.347844 0.351475 0.355386 0.358614 0.360416 0.361020 0.360760 0.360779 0.360967 0.361439 0.361742 0.362352 0.363251 0.364536 0.365819 0.365575 0.363808 0.361878 0.358984 0.357171 0.356291 0.354940 0.354766 0.354652 0.348391 0.339665 0.326781 0.311334 0.299671 0.286034 0.269970 0.252972 0.225594 0.207424 0.196261 0.189016 0.182782 0.181618 0.188170 0.194559 0.191240 0.189809 0.187638 0.184318 0.181678 0.178475 0.178832 0.179287 0.178926 0.178489 0.177970
0.354936 0.356553 0.358440 0.361564 0.365601 0.368033 0.369134 0.369412 0.369322 0.369127 0.368793 0.368530 0.368429 0.368599 0.368860 0.369197 0.369425 0.369597 0.369598 0.369595 0.369598 0.369615 0.369630 0.369633 0.369698 0.369789 0.369849 0.369862 0.369800 0.369636 0.369323 0.368908 0.368522 0.368210 0.368133 0.368137 0.368093 0.366931 0.363928 0.356789 0.348665 0.340548 0.334844 0.328217 0.321587 0.303782 0.292635 0.270545 0.240874 0.219574 0.231646 0.222616 0.215834 0.208322 0.200482 0.194934 0.190383 0.185987 0.185337 0.185304 0.184494 0.184202 0.183356
0.368973 0.369238 0.369480 0.369675 0.369814 0.369938 0.369988 0.370000 0.370000 0.370000 0.369999 0.369998 0.369998 0.369999 0.369999 0.369999 0.370000 0.370000 0.370000 0.370000 0.370000 0.370000 0.370000 0.370000 0.370000 0.370000 0.370000 0.370000 0.370000 0.370000 0.370000 0.369981 0.369956 0.369939 0.369926 0.369922 0.369912 0.369869 0.369671 0.368945 0.367298 0.365088 0.362756 0.360616 0.358851 0.357152 0.353817 0.346437 0.331986 0.315403 0.306990 0.301573 0.292563 0.271871 0.246898 0.229592 0.211665 0.199316 0.193417 0.192297 0.191255 0.189993 0.188249
0.369999 0.370000 0.370000 0.370000 0.370000 0.370000 0.370000 0.370000 0.370000 0.370000 0.370000 0.370000 0.370000 0.370000 0.370000 0.370000 0.370000 0.370000 0.370000 0.370000 0.370000 0.370000 0.370000 0.370000 0.370000 0.370000 0.370000 0.370000 0.370000 0.370000 0.370000 0.370000 0.370000 0.370000 0.370000 0.370000 0.370000 0.370000 0.370000 0.369982 0.369891 0.369628 0.369299 0.369067 0.368884 0.368703 0.368128 0.366914 0.364551 0.359544 0.350569 0.346677 0.341033 0.331117 0.321962 0.314867 0.297761 0.272626 0.246041 0.233177 0.218546 0.208188 0.202514
0.370000 0.370000 0.370000 0.370000 0.370000 0.370000 0.370000 0.370000 0.370000 0.370000 0.370000 0.370000 0.370000 0.370000 0.370000 0.370000 0.370000 0.370000 0.370000 0.370000 0.370000 0.370000 0.370000 0.370000 0.370000 0.370000 0.370000 0.370000 0.370000 0.370000 0.370000 0.370000 0.370000 0.370000 0.370000 0.370000 0.370000 0.370000 0.370000 0.370000 0.370000 0.370000 0.369985 0.369967 0.369966 0.369957 0.369937 0.369825 0.369530 0.368711 0.366784 0.364906 0.363319 0.361958 0.360289 0.357628 0.348972 0.335955 0.322256 0.311540 0.296744 0.278396 0.256525
0.370000 0.370000 0.370000 0.370000 0.370000 0.370000 0.370000 0.370000 0.370000 0.370000 0.370000 0.370000 0.370000 0.370000 0.370000 0.370000 0.370000 0.370000 0.370000 0.370000 0.370000 0.370000 0.370000 0.370000 0.370000 0.370000 0.370000 0.370000 0.370000 0.370000 0.370000 0.370000 0.370000 0.370000 0.370000 0.370000 0.370000 0.370000 0.370000 0.370000 0.370000 0.370000 0.370000 0.370000 0.370000 0.370000 0.370000 0.369998 0.369985 0.369932 0.369752 0.369344 0.369095 0.368891 0.368579 0.368168 0.366138 0.362348 0.356290 0.349372 0.340886 0.330933 0.319879
0.370000 0.370000 0.370000 0.370000 0.370000 0.370000 0.370000 0.370000 0.370000 0.370000 0.370000 0.370000 0.370000 0.369998 0.369994 0.369991 0.369991 0.369994 0.369996 0.369998 0.369998 0.369998 0.369996 0.369993 0.369989 0.369989 0.369991 0.369995 0.369998 0.369998 0.369998 0.369998 0.369997 0.369996 0.369996 0.369999 0.370000 0.370000 0.370000 0.370000 0.370000 0.370000 0.370000 0.370000 0.370000 0.370000 0.370000 0.370000 0.370000 0.370000 0.369997 0.369979 0.369962 0.369947 0.369908 0.369876 0.369656 0.368976 0.367489 0.365021 0.361510 0.357170 0.351475
0.370000 0.370000 0.370000 0.370000 0.369999 0.369998 0.369996 0.369996 0.369997 0.369997 0.369995 0.369985 0.369952 0.369901 0.369820 0.369786 0.369750 0.369731 0.369816 0.369896 0.369916 0.369865 0.369813 0.369704 0.369621 0.369592 0.369618 0.369722 0.369853 0.369922 0.369924 0.369893 0.369854 0.369832 0.369831 0.369890 0.369964 0.369989 0.369996 0.369998 0.369999 0.370000 0.370000 0.370000 0.370000 0.370000 0.370000 0.370000 0.370000 0.370000 0.370000 0.370000 0.370000 0.370000 0.369999 0.369996 0.369983 0.369913 0.369718 0.369241 0.368497 0.367502 0.365589
0.369997 0.369995 0.369991 0.369982 0.369957 0.369919 0.369858 0.369838 0.369825 0.369836 0.369749 0.369609 0.369236 0.368785 0.368164 0.367740 0.367404 0.367064 0.367554 0.368362 0.368708 0.368073 0.367540 0.366644 0.366113 0.365849 0.365957 0.366714 0.368089 0.368810 0.368984 0.368735 0.368476 0.368353 0.368364 0.368628 0.369178 0.369578 0.369791 0.369883 0.369929 0.369964 0.369982 0.369993 0.369998 0.370000 0.370000 0.370000 0.370000 0.370000 0.370000 0.370000 0.370000 0.370000 0.370000 0.370000 0.370000 0.369999 0.369989 0.369933 0.369828 0.369642 0.369339
0.369893 0.369860 0.369794 0.369228 0.368769 0.368068 0.367271 0.366956 0.366472 0.366247 0.365393 0.364557 0.363014 0.360591 0.357485 0.354236 0.353050 0.351951 0.350956 0.353687 0.354770 0.353940 0.352057 0.349917 0.348706 0.347959 0.349108 0.352676 0.355795 0.358318 0.359309 0.358249 0.359159 0.360123 0.360152 0.362526 0.364408 0.366209 0.367688 0.368679 0.369066 0.369328 0.369546 0.369746 0.369878 0.369954 0.369989 0.369998 0.370000 0.370000 0.370000 0.370000 0.370000 0.370000 0.370000 0.370000 0.370000 0.370000 0.370000 0.369999 0.369995 0.369982 0.369949
0.369160 0.368992 0.367732 0.364373 0.360116 0.356761 0.352041 0.349578 0.347345 0.340747 0.335933 0.332316 0.332401 0.327164 0.319521 0.312861 0.309856 0.307885 0.303491 0.302188 0.303862 0.307809 0.304361 0.302389 0.303381 0.302214 0.301360 0.305624 0.312168 0.315942 0.319675 0.323057 0.325022 0.327551 0.336848 0.342021 0.346741 0.352443 0.357489 0.361505 0.364010 0.365374 0.366608 0.367840 0.368627 0.369274 0.369680 0.369898 0.369965 0.369986 0.369995 0.369999 0.370000 0.370000 0.370000 0.370000 0.370000 0.370000 0.370000 0.370000 0.370000 0.370000 0.370000
0.362946 0.361277 0.353217 0.341146 0.328707 0.319338 0.308502 0.301632 0.290037 0.269006 0.253605 0.253206 0.256978 0.252393 0.240343 0.230710 0.224655 0.219156 0.212717 0.209264 0.212456 0.216034 0.216072 0.215985 0.217272 0.217174 0.216784 0.217044 0.223618 0.228935 0.235199 0.241016 0.246829 0.267332 0.286655 0.298172 0.308861 0.318683 0.329276 0.339039 0.345950 0.350375 0.355027 0.359084 0.362482 0.365135 0.367288 0.368740 0.369378 0.369634 0.369787 0.369893 0.369967 0.369992 0.369999 0.370000 0.370000 0.370000 0.370000 0.370000 0.370000 0.370000 0.370000
0.337058 0.325243 0.306950 0.286341 0.262932 0.241815 0.225821 0.214333 0.204401 0.196915 0.192736 0.195005 0.196360 0.198479 0.194889 0.192098 0.191331 0.188900 0.186785 0.184163 0.186230 0.187259 0.189820 0.189640 0.189754 0.190908 0.190344 0.190138 0.188622 0.190512 0.191741 0.193301 0.198679 0.204878 0.212824 0.221797 0.234457 0.252979 0.275789 0.295539 0.309727 0.319242 0.328170 0.337086 0.344322 0.350453 0.356320 0.361467 0.364625 0.366409 0.367767 0.368581 0.369326 0.369756 0.369925 0.369989 0.369998 0.370000 0.370000 0.370000 0.370000 0.370000 0.370000
0.256161 0.233781 0.212363 0.202885 0.197765 0.193152 0.189976 0.187611 0.184135 0.181772 0.178491 0.179721 0.181474 0.184020 0.181923 0.181560 0.181929 0.180652 0.179324 0.177267 0.177609 0.179290 0.181340 0.181302 0.181743 0.182928 0.182952 0.182010 0.180160 0.180650 0.181922 0.183224 0.185814 0.188408 0.191140 0.193745 0.197612 0.202831 0.209876 0.221436 0.238981 0.256326 0.279072 0.298821 0.311003 0.318080 0.326315 0.337626 0.344717 0.351238 0.356629 0.360068 0.364333 0.367304 0.369049 0.369738 0.369937 0.369978 0.369993 0.369998 0.370000 0.370000 0.370000
0.191162 0.186377 0.184468 0.182836 0.181145 0.179755 0.178313 0.177034 0.175988 0.174432 0.171499 0.172696 0.174401 0.176363 0.176423 0.176203 0.176345 0.175858 0.174497 0.172168 0.173156 0.174613 0.175965 0.176411 0.176694 0.177535 0.176944 0.175717 0.173992 0.174746 0.176130 0.176958 0.178040 0.179642 0.181395 0.183207 0.185391 0.187750 0.191051 0.195103 0.200252 0.206747 0.215865 0.229891 0.240886 0.253977 0.267900 0.286233 0.300464 0.312049 0.323521 0.334294 0.345746 0.356677 0.363573 0.367224 0.368954 0.369539 0.369785 0.369904 0.369975 0.369995 0.369999
0.181333 0.178957 0.177526 0.176457 0.176897 0.176384 0.174973 0.174984 0.174231 0.171894 0.172691 0.173355 0.175259 0.174935 0.174837 0.174385 0.174682 0.174366 0.172125 0.173242 0.173750 0.175099 0.175378 0.175695 0.175935 0.176194 0.175924 0.174308 0.174643 0.175096 0.176364 0.176467 0.177058 0.178610 0.179180 0.180239 0.181744 0.183413 0.185473 0.188070 0.191760 0.195764 0.199841 0.201554 0.204736 0.207668 0.206298 0.213357 0.222388 0.234801 0.255826 0.279640 0.301458 0.322355 0.341252 0.354741 0.362248 0.366507 0.368009 0.368984 0.369548 0.369825 0.369941
0.175345 0.173719 0.172126 0.172910 0.173018 0.172921 0.172606 0.172138 0.171119 0.172274 0.172413 0.172326 0.172227 0.172233 0.172388 0.172164 0.172034 0.172096 0.172985 0.173120 0.172854 0.173237 0.173540 0.173872 0.173536 0.173643 0.173679 0.174012 0.173979 0.173757 0.174374 0.174603 0.174853 0.175519 0.176030 0.176682 0.177854 0.178849 0.180135 0.182317 0.185063 0.187113 0.187573 0.189115 0.189845 0.188716 0.187739 0.189783 0.192111 0.194388 0.199798 0.206877 0.218714 0.254970 0.295473 0.320971 0.338143 0.350873 0.358423 0.363127 0.366030 0.368175 0.369165
0.173456 0.172111 0.171819 0.172429 0.172476 0.172443 0.171671 0.170945 0.171643 0.171904 0.171852 0.171565 0.171881 0.172014 0.172419 0.172035 0.171846 0.171959 0.172066 0.172023 0.172334 0.172575 0.172781 0.173770 0.173276 0.173253 0.173602 0.173469 0.173378 0.173143 0.173826 0.174105 0.174234 0.174880 0.175314 0.175807 0.176511 0.177641 0.179721 0.181449 0.183722 0.185942 0.186440 0.186826 0.186341 0.185798 0.183574 0.183556 0.185877 0.185572 0.187582 0.191145 0.192185 0.202176 0.222903 0.250757 0.285616 0.309540 0.331997 0.343399 0.353373 0.360482 0.364933
0.171583 0.171634 0.171005 0.171147 0.171070 0.170675 0.170192 0.170724 0.170678 0.170620 0.170656 0.170491 0.170784 0.171016 0.171255 0.171124 0.171103 0.170702 0.170703 0.171138 0.171204 0.171491 0.172076 0.172858 0.172391 0.172317 0.172348 0.172186 0.172223 0.171967 0.172527 0.172972 0.173138 0.173890 0.174279 0.174055 0.174994 0.176556 0.178194 0.179420 0.181279 0.184139 0.183415 0.183352 0.183664 0.181827 0.179657 0.179549 0.180236 0.179760 0.181256 0.182331 0.182547 0.186841 0.191126 0.197108 0.208659 0.236900 0.280143 0.304256 0.322402 0.337436 0.348161
