tests/Borden05m/data_simulated/sim_1/output-maps/thetaliqL0005N0003.asc
ncols         160
nrows         34
xllcorner     620200.000000
yllcorner     5168000.000000
cellsize      0.500000
NODATA_value  -9999.0
[rows 0 to 27 of 34, columns 0 to 62 of 160]
-9999.0 -9999.0 -9999.0 -9999.0 -9999.0 -9999.0 -9999.0 -9999.0 -9999.0 -9999.0 -9999.0 -9999.0 -9999.0 -9999.0 -9999.0 -9999.0 -9999.0 -9999.0 -9999.0 -9999.0 -9999.0 -9999.0 -9999.0 -9999.0 -9999.0 -9999.0 -9999.0 -9999.0 -9999.0 -9999.0 -9999.0 -9999.0 -9999.0 -9999.0 -9999.0 -9999.0 -9999.0 -9999.0 -9999.0 -9999.0 -9999.0 -9999.0 -9999.0 -9999.0 -9999.0 -9999.0 -9999.0 -9999.0 -9999.0 -9999.0 -9999.0 -9999.0 -9999.0 -9999.0 -9999.0 -9999.0 -9999.0 -9999.0 -9999.0 -9999.0 -9999.0 -9999.0 -9999.0
-9999.0 -9999.0 -9999.0 -9999.0 -9999.0 -9999.0 -9999.0 -9999.0 -9999.0 -9999.0 -9999.0 -9999.0 -9999.0 -9999.0 -9999.0 -9999.0 -9999.0 -9999.0 -9999.0 -9999.0 -9999.0 -9999.0 -9999.0 -9999.0 -9999.0 -9999.0 -9999.0 -9999.0 -9999.0 -9999.0 -9999.0 -9999.0 -9999.0 -9999.0 -9999.0 -9999.0 -9999.0 -9999.0 -9999.0 -9999.0 -9999.0 -9999.0 -9999.0 -9999.0 -9999.0 -9999.0 -9999.0 -9999.0 -9999.0 -9999.0 -9999.0 -9999.0 -9999.0 -9999.0 -9999.0 -9999.0 -9999.0 -9999.0 -9999.0 0.131929 0.129745 0.127646 0.125727
-9999.0 -9999.0 -9999.0 -9999.0 -9999.0 -9999.0 -9999.0 -9999.0 -9999.0 -9999.0 -9999.0 -9999.0 -9999.0 -9999.0 -9999.0 -9999.0 -9999.0 -9999.0 -9999.0 -9999.0 -9999.0 -9999.0 -9999.0 -9999.0 -9999.0 -9999.0 -9999.0 -9999.0 -9999.0 -9999.0 -9999.0 -9999.0 -9999.0 -9999.0 -9999.0 -9999.0 -9999.0 -9999.0 -9999.0 -9999.0 -9999.0 -9999.0 -9999.0 -9999.0 -9999.0 -9999.0 -9999.0 0.097887 0.094964 0.092376 0.092178 0.095581 0.099534 0.104148 0.108715 0.113429 0.118847 0.125105 0.126223 0.122541 0.120943 0.119810 0.119017
-9999.0 -9999.0 -9999.0 -9999.0 -9999.0 -9999.0 -9999.0 -9999.0 -9999.0 -9999.0 -9999.0 -9999.0 -9999.0 -9999.0 -9999.0 -9999.0 -9999.0 -9999.0 -9999.0 -9999.0 -9999.0 -9999.0 -9999.0 -9999.0 -9999.0 -9999.0 -9999.0 -9999.0 -9999.0 -9999.0 -9999.0 -9999.0 -9999.0 -9999.0 -9999.0 -9999.0 -9999.0 -9999.0 -9999.0 -9999.0 0.107533 0.108911 0.109342 0.106637 0.104066 0.101657 0.097941 0.094954 0.092549 0.092090 0.092405 0.093242 0.096846 0.101105 0.105001 0.108980 0.113828 0.119557 0.120389 0.116931 0.114374 0.113194 0.113103
-9999.0 -9999.0 -9999.0 -9999.0 -9999.0 -9999.0 -9999.0 -9999.0 -9999.0 -9999.0 -9999.0 -9999.0 -9999.0 -9999.0 -9999.0 -9999.0 -9999.0 -9999.0 -9999.0 -9999.0 -9999.0 -9999.0 -9999.0 -9999.0 -9999.0 -9999.0 -9999.0 -9999.0 -9999.0 -9999.0 -9999.0 -9999.0 -9999.0 -9999.0 0.091254 0.093711 0.096501 0.099633 0.102786 0.104081 0.105325 0.106611 0.105655 0.104503 0.102080 0.098579 0.095206 0.092978 0.092515 0.092092 0.092667 0.094576 0.097175 0.100049 0.104136 0.109248 0.111400 0.114576 0.115328 0.113779 0.113878 0.114159 0.114480
-9999.0 -9999.0 -9999.0 -9999.0 -9999.0 -9999.0 -9999.0 -9999.0 -9999.0 -9999.0 -9999.0 -9999.0 -9999.0 -9999.0 -9999.0 -9999.0 -9999.0 -9999.0 -9999.0 -9999.0 -9999.0 -9999.0 -9999.0 -9999.0 -9999.0 -9999.0 -9999.0 -9999.0 0.092007 0.091179 0.090454 0.090216 0.090005 0.089799 0.090648 0.092290 0.094968 0.098456 0.100714 0.102020 0.103256 0.103355 0.102314 0.101766 0.101704 0.099420 0.097305 0.095457 0.093794 0.093595 0.094978 0.097106 0.099808 0.102527 0.105600 0.108772 0.112266 0.118196 0.120742 0.118640 0.116660 0.115393 0.115419
-9999.0 -9999.0 -9999.0 -9999.0 -9999.0 -9999.0 -9999.0 -9999.0 -9999.0 -9999.0 -9999.0 -9999.0 -9999.0 -9999.0 -9999.0 -9999.0 -9999.0 -9999.0 -9999.0 -9999.0 -9999.0 -9999.0 -9999.0 0.088448 0.089167 0.089923 0.090805 0.090871 0.090253 0.089494 0.089047 0.088803 0.088580 0.089035 0.090038 0.091783 0.093999 0.097350 0.098761 0.099954 0.102317 0.102593 0.103339 0.104063 0.103545 0.102923 0.100536 0.098878 0.099948 0.101071 0.102157 0.103469 0.106065 0.109608 0.114098 0.119994 0.126995 0.133936 0.140727 0.137822 0.133907 0.129184 0.129114
-9999.0 -9999.0 -9999.0 -9999.0 -9999.0 -9999.0 -9999.0 -9999.0 -9999.0 -9999.0 -9999.0 -9999.0 -9999.0 -9999.0 -9999.0 -9999.0 -9999.0 -9999.0 -9999.0 0.085854 0.085910 0.085969 0.086393 0.086477 0.086686 0.087400 0.088266 0.088437 0.088220 0.087963 0.088084 0.088328 0.088739 0.090091 0.091841 0.093774 0.095905 0.099394 0.102108 0.104954 0.108558 0.107951 0.106676 0.105970 0.105901 0.105941 0.107465 0.108345 0.109493 0.110948 0.112666 0.114771 0.117453 0.122952 0.129759 0.137404 0.145559 0.154124 0.163543 0.161346 0.154731 0.148391 0.148294
-9999.0 -9999.0 -9999.0 -9999.0 -9999.0 -9999.0 -9999.0 -9999.0 -9999.0 -9999.0 -9999.0 -9999.0 -9999.0 -9999.0 -9999.0 -9999.0 0.083326 0.083465 0.083611 0.084045 0.084213 0.084533 0.085131 0.085181 0.085519 0.086178 0.086652 0.087491 0.088295 0.089094 0.089745 0.090008 0.090947 0.092173 0.093798 0.096180 0.099943 0.104294 0.107784 0.111697 0.116035 0.115809 0.115204 0.115268 0.115318 0.117672 0.123319 0.125187 0.126411 0.133552 0.139052 0.140922 0.143463 0.151056 0.162591 0.177769 0.198382 0.213514 0.227578 0.231474 0.220055 0.216578 0.219916
-9999.0 -9999.0 -9999.0 -9999.0 -9999.0 -9999.0 -9999.0 -9999.0 -9999.0 -9999.0 -9999.0 -9999.0 -9999.0 0.080149 0.080412 0.081003 0.081519 0.081642 0.081887 0.082272 0.083214 0.083465 0.083962 0.084608 0.085614 0.086407 0.087328 0.088584 0.089527 0.090348 0.091200 0.092086 0.094015 0.096358 0.099022 0.102800 0.107285 0.112353 0.118112 0.122356 0.126898 0.128053 0.126865 0.126976 0.129721 0.136736 0.144607 0.150596 0.161952 0.174943 0.183187 0.191167 0.196313 0.203291 0.216253 0.242698 0.270057 0.291077 0.302422 0.313038 0.312786 0.314230 0.315694
-9999.0 -9999.0 -9999.0 -9999.0 -9999.0 -9999.0 -9999.0 -9999.0 -9999.0 -9999.0 0.078022 0.078163 0.077968 0.078028 0.078245 0.078881 0.079627 0.080051 0.080752 0.082194 0.083510 0.083763 0.085074 0.085973 0.086572 0.087665 0.089104 0.090656 0.092963 0.094761 0.096771 0.100453 0.103572 0.106947 0.110964 0.115915 0.122133 0.132726 0.143728 0.149946 0.162256 0.170432 0.167587 0.166790 0.170185 0.180509 0.196020 0.215169 0.231621 0.251768 0.267860 0.277981 0.285068 0.293368 0.303116 0.322322 0.343715 0.357617 0.365708 0.368424 0.369063 0.369231 0.369443
-9999.0 -9999.0 -9999.0 -9999.0 -9999.0 -9999.0 -9999.0 -9999.0 0.076856 0.077157 0.077463 0.077301 0.077055 0.076909 0.077501 0.078305 0.079184 0.080193 0.081245 0.082529 0.083791 0.085269 0.087129 0.088374 0.089717 0.091571 0.093390 0.096105 0.099673 0.102535 0.106671 0.111788 0.116946 0.122058 0.127750 0.134035 0.146090 0.162810 0.181190 0.197237 0.216140 0.234741 0.234145 0.235754 0.238246 0.257917 0.280832 0.302897 0.322380 0.340465 0.354625 0.360398 0.363321 0.366083 0.368462 0.369764 0.369999 0.370000 0.370000 0.370000 0.370000 0.370000 0.370000
-9999.0 -9999.0 -9999.0 -9999.0 -9999.0 -9999.0 0.075782 0.076813 0.077503 0.077114 0.076771 0.076621 0.076471 0.077243 0.078302 0.079223 0.080225 0.081364 0.082538 0.083783 0.087192 0.088857 0.090637 0.093359 0.095306 0.097417 0.100373 0.105022 0.110354 0.119577 0.129887 0.140563 0.152171 0.161556 0.170939 0.181810 0.202052 0.228244 0.255103 0.277298 0.296743 0.315550 0.321541 0.324875 0.330122 0.340129 0.354053 0.364404 0.369746 0.370000 0.370000 0.370000 0.370000 0.370000 0.370000 0.370000 0.370000 0.370000 0.370000 0.370000 0.370000 0.370000 0.370000
-9999.0 -9999.0 -9999.0 -9999.0 0.074555 0.075298 0.076126 0.077544 0.078741 0.078410 0.078829 0.078862 0.078793 0.078876 0.079147 0.080224 0.081368 0.082631 0.084196 0.088074 0.093132 0.095593 0.100294 0.106817 0.109912 0.113408 0.117313 0.124191 0.135004 0.150158 0.175799 0.201525 0.219405 0.235469 0.249589 0.266075 0.288225 0.312605 0.334265 0.351872 0.362846 0.367873 0.369448 0.369887 0.369998 0.370000 0.370000 0.370000 0.370000 0.370000 0.370000 0.370000 0.370000 0.370000 0.370000 0.370000 0.370000 0.370000 0.370000 0.370000 0.370000 0.370000 0.370000
-9999.0 -9999.0 -9999.0 0.073189 0.074317 0.075614 0.076791 0.078334 0.080190 0.080660 0.081192 0.081703 0.082259 0.082959 0.083836 0.085231 0.086448 0.087539 0.089816 0.094763 0.100930 0.108444 0.116684 0.126515 0.134934 0.140800 0.147283 0.158538 0.180415 0.206225 0.243034 0.282618 0.308598 0.324285 0.335090 0.347359 0.356647 0.366034 0.369896 0.370000 0.370000 0.370000 0.370000 0.370000 0.370000 0.370000 0.370000 0.370000 0.370000 0.370000 0.370000 0.370000 0.370000 0.370000 0.370000 0.370000 0.370000 0.370000 0.370000 0.370000 0.370000 0.370000 0.370000
-9999.0 -9999.0 0.072097 0.072941 0.073944 0.075797 0.078245 0.080192 0.083183 0.085490 0.086193 0.088262 0.090322 0.091443 0.093872 0.096544 0.098346 0.098521 0.100287 0.108111 0.123379 0.142114 0.158767 0.192209 0.213761 0.227752 0.235097 0.251983 0.274386 0.306252 0.337400 0.358972 0.368274 0.369980 0.370000 0.370000 0.370000 0.370000 0.370000 0.370000 0.370000 0.370000 0.370000 0.370000 0.370000 0.370000 0.370000 0.370000 0.370000 0.370000 0.370000 0.370000 0.370000 0.370000 0.370000 0.370000 0.370000 0.370000 0.370000 0.370000 0.370000 0.370000 0.370000
-9999.0 -9999.0 0.071619 0.072531 0.073692 0.076279 0.080191 0.082952 0.086955 0.092205 0.094972 0.098763 0.102881 0.107452 0.113209 0.120113 0.120292 0.120456 0.119752 0.138643 0.166226 0.207632 0.263843 0.305849 0.329529 0.332877 0.335097 0.343961 0.355201 0.367835 0.369997 0.370000 0.370000 0.370000 0.370000 0.370000 0.370000 0.370000 0.370000 0.370000 0.370000 0.370000 0.370000 0.370000 0.370000 0.370000 0.370000 0.370000 0.370000 0.370000 0.370000 0.370000 0.370000 0.370000 0.370000 0.370000 0.370000 0.370000 0.370000 0.370000 0.370000 0.370000 0.370000
-9999.0 0.070302 0.071040 0.072051 0.073867 0.076473 0.081533 0.089241 0.095694 0.102841 0.108909 0.114461 0.134301 0.157068 0.170654 0.188431 0.184685 0.180953 0.174486 0.198772 0.238040 0.307457 0.365673 0.369990 0.370000 0.370000 0.370000 0.370000 0.370000 0.370000 0.370000 0.370000 0.370000 0.370000 0.370000 0.370000 0.370000 0.370000 0.370000 0.370000 0.370000 0.370000 0.370000 0.370000 0.370000 0.370000 0.370000 0.370000 0.370000 0.370000 0.370000 0.370000 0.370000 0.370000 0.370000 0.370000 0.370000 0.370000 0.370000 0.370000 0.370000 0.370000 0.370000
-9999.0 0.069914 0.070678 0.071942 0.073747 0.076845 0.084662 0.101336 0.110851 0.119707 0.129917 0.152550 0.205512 0.254487 0.282157 0.310062 0.307393 0.297043 0.295904 0.319880 0.350817 0.369737 0.370000 0.370000 0.370000 0.370000 0.370000 0.370000 0.370000 0.370000 0.370000 0.370000 0.370000 0.370000 0.370000 0.370000 0.370000 0.370000 0.370000 0.370000 0.370000 0.370000 0.370000 0.370000 0.370000 0.370000 0.370000 0.370000 0.370000 0.370000 0.370000 0.370000 0.370000 0.370000 0.370000 0.370000 0.370000 0.370000 0.370000 0.370000 0.370000 0.370000 0.370000
-9999.0 0.069698 0.070488 0.071555 0.073361 0.078647 0.088499 0.110328 0.138577 0.154353 0.184662 0.250146 0.319556 0.361112 0.369673 0.369997 0.370000 0.370000 0.370000 0.370000 0.370000 0.370000 0.370000 0.370000 0.370000 0.370000 0.370000 0.370000 0.370000 0.370000 0.370000 0.370000 0.370000 0.370000 0.370000 0.370000 0.370000 0.370000 0.370000 0.370000 0.370000 0.370000 0.370000 0.370000 0.370000 0.370000 0.370000 0.370000 0.370000 0.370000 0.370000 0.370000 0.370000 0.370000 0.370000 0.370000 0.370000 0.370000 0.370000 0.370000 0.370000 0.370000 0.370000
-9999.0 0.069030 0.069716 0.070491 0.073380 0.080451 0.092419 0.128787 0.194576 0.228600 0.298911 0.354564 0.369990 0.370000 0.370000 0.370000 0.370000 0.370000 0.370000 0.370000 0.370000 0.370000 0.370000 0.370000 0.370000 0.370000 0.370000 0.370000 0.370000 0.370000 0.370000 0.370000 0.370000 0.370000 0.370000 0.370000 0.370000 0.370000 0.370000 0.370000 0.370000 0.370000 0.370000 0.370000 0.370000 0.370000 0.370000 0.370000 0.370000 0.370000 0.370000 0.370000 0.370000 0.370000 0.370000 0.370000 0.370000 0.370000 0.370000 0.370000 0.370000 0.370000 0.370000
-9999.0 0.068545 0.069027 0.070060 0.072820 0.079260 0.094635 0.141956 0.258577 0.324118 0.361492 0.369807 0.370000 0.370000 0.370000 0.370000 0.370000 0.370000 0.370000 0.370000 0.370000 0.370000 0.370000 0.370000 0.370000 0.370000 0.370000 0.370000 0.370000 0.370000 0.370000 0.370000 0.370000 0.370000 0.370000 0.370000 0.370000 0.370000 0.370000 0.370000 0.370000 0.370000 0.370000 0.370000 0.370000 0.370000 0.370000 0.370000 0.370000 0.370000 0.370000 0.370000 0.370000 0.370000 0.370000 0.370000 0.370000 0.370000 0.370000 0.370000 0.369411 0.367161 0.365595
-9999.0 0.068194 0.068715 0.069508 0.071360 0.075022 0.082984 0.107611 0.170781 0.313119 0.369743 0.369997 0.370000 0.370000 0.370000 0.370000 0.370000 0.370000 0.370000 0.370000 0.370000 0.370000 0.370000 0.370000 0.370000 0.370000 0.370000 0.370000 0.370000 0.370000 0.370000 0.370000 0.370000 0.370000 0.370000 0.370000 0.370000 0.370000 0.370000 0.370000 0.370000 0.370000 0.370000 0.370000 0.370000 0.370000 0.370000 0.370000 0.370000 0.370000 0.370000 0.370000 0.370000 0.370000 0.370000 0.370000 0.369704 0.366404 0.359562 0.345838 0.321289 0.302207 0.297173
-9999.0 -9999.0 0.068380 0.069016 0.070125 0.072299 0.076694 0.088896 0.119552 0.217381 0.303652 0.351357 0.367599 0.369996 0.370000 0.370000 0.370000 0.370000 0.370000 0.370000 0.370000 0.370000 0.370000 0.370000 0.370000 0.370000 0.370000 0.370000 0.370000 0.370000 0.370000 0.370000 0.370000 0.370000 0.370000 0.370000 0.370000 0.370000 0.370000 0.370000 0.370000 0.370000 0.370000 0.370000 0.370000 0.370000 0.369998 0.369828 0.368850 0.366909 0.365529 0.364066 0.362332 0.358846 0.354303 0.347883 0.334913 0.320445 0.304448 0.276981 0.245375 0.214567 0.192481
-9999.0 -9999.0 0.068071 0.068534 0.069361 0.070829 0.073112 0.077751 0.091682 0.116300 0.153262 0.202264 0.250287 0.291625 0.325414 0.354395 0.362564 0.364738 0.364305 0.365520 0.368021 0.369486 0.369954 0.370000 0.370000 0.370000 0.370000 0.370000 0.370000 0.369993 0.369164 0.365740 0.362746 0.360974 0.362432 0.364512 0.363556 0.360712 0.355584 0.347904 0.340322 0.332178 0.329195 0.328188 0.327966 0.326220 0.323637 0.316693 0.307974 0.301631 0.296436 0.291867 0.289571 0.283890 0.276612 0.271554 0.257332 0.239047 0.219692 0.196344 0.171513 0.154448 0.140253
-9999.0 -9999.0 -9999.0 0.068199 0.068672 0.069332 0.070364 0.071729 0.074747 0.080578 0.089634 0.104255 0.119965 0.137420 0.159364 0.188374 0.208768 0.217995 0.223310 0.255827 0.273968 0.298646 0.317437 0.325813 0.334928 0.343078 0.345261 0.340030 0.333536 0.322794 0.307071 0.290113 0.280143 0.280686 0.280974 0.283423 0.279206 0.275034 0.265683 0.255244 0.244796 0.237038 0.233966 0.230828 0.228919 0.226360 0.223842 0.218868 0.212665 0.206526 0.201538 0.199640 0.197659 0.194548 0.190293 0.186045 0.179253 0.164526 0.151612 0.139350 0.127261 0.117205 0.109130
-9999.0 -9999.0 -9999.0 -9999.0 -9999.0 0.068412 0.068970 0.069719 0.070721 0.072105 0.074431 0.078670 0.081947 0.086160 0.092212 0.098682 0.105093 0.113221 0.125792 0.141119 0.161091 0.179767 0.201472 0.220993 0.231186 0.241492 0.245475 0.238217 0.231022 0.220174 0.203411 0.188445 0.185294 0.185556 0.185812 0.184794 0.181619 0.178480 0.174246 0.166697 0.160208 0.157407 0.155445 0.153513 0.151567 0.149924 0.148385 0.146832 0.143048 0.139965 0.140115 0.139126 0.138151 0.137187 0.134741 0.132157 0.129113 0.120822 0.114380 0.110296 0.103200 0.097813 0.094523
-9999.0 -9999.0 -9999.0 -9999.0 -9999.0 -9999.0 0.068216 0.068629 0.069116 0.069792 0.070840 0.072173 0.072949 0.074375 0.076300 0.078860 0.082349 0.085764 0.090216 0.096045 0.103656 0.111509 0.121488 0.133202 0.138615 0.143405 0.148270 0.144202 0.140307 0.136531 0.128313 0.126507 0.124524 0.124555 0.124474 0.124411 0.122762 0.121001 0.119340 0.116069 0.114529 0.112972 0.111908 0.110912 0.109926 0.109118 0.108523 0.107947 0.106509 0.106674 0.106779 0.106364 0.105878 0.105385 0.104121 0.102439 0.100854 0.097804 0.095437 0.093265 0.089835 0.087581 0.085555
