tests/Borden05m/data_simulated/sim_1/output-maps/thetaliqL0003N0018.asc
ncols         160
nrows         34
xllcorner     620200.000000
yllcorner     5168000.000000
cellsize      0.500000
NODATA_value  -9999.0
[rows 0 to 27 of 34, columns 0 to 62 of 160]
-9999.0 -9999.0 -9999.0 -9999.0 -9999.0 -9999.0 -9999.0 -9999.0 -9999.0 -9999.0 -9999.0 -9999.0 -9999.0 -9999.0 -9999.0 -9999.0 -9999.0 -9999.0 -9999.0 -9999.0 -9999.0 -9999.0 -9999.0 -9999.0 -9999.0 -9999.0 -9999.0 -9999.0 -9999.0 -9999.0 -9999.0 -9999.0 -9999.0 -9999.0 -9999.0 -9999.0 -9999.0 -9999.0 -9999.0 -9999.0 -9999.0 -9999.0 -9999.0 -9999.0 -9999.0 -9999.0 -9999.0 -9999.0 -9999.0 -9999.0 -9999.0 -9999.0 -9999.0 -9999.0 -9999.0 -9999.0 -9999.0 -9999.0 -9999.0 -9999.0 -9999.0 -9999.0 -9999.0
-9999.0 -9999.0 -9999.0 -9999.0 -9999.0 -9999.0 -9999.0 -9999.0 -9999.0 -9999.0 -9999.0 -9999.0 -9999.0 -9999.0 -9999.0 -9999.0 -9999.0 -9999.0 -9999.0 -9999.0 -9999.0 -9999.0 -9999.0 -9999.0 -9999.0 -9999.0 -9999.0 -9999.0 -9999.0 -9999.0 -9999.0 -9999.0 -9999.0 -9999.0 -9999.0 -9999.0 -9999.0 -9999.0 -9999.0 -9999.0 -9999.0 -9999.0 -9999.0 -9999.0 -9999.0 -9999.0 -9999.0 -9999.0 -9999.0 -9999.0 -9999.0 -9999.0 -9999.0 -9999.0 -9999.0 -9999.0 -9999.0 -9999.0 -9999.0 0.196079 0.195096 0.194391 0.193962
-9999.0 -9999.0 -9999.0 -9999.0 -9999.0 -9999.0 -9999.0 -9999.0 -9999.0 -9999.0 -9999.0 -9999.0 -9999.0 -9999.0 -9999.0 -9999.0 -9999.0 -9999.0 -9999.0 -9999.0 -9999.0 -9999.0 -9999.0 -9999.0 -9999.0 -9999.0 -9999.0 -9999.0 -9999.0 -9999.0 -9999.0 -9999.0 -9999.0 -9999.0 -9999.0 -9999.0 -9999.0 -9999.0 -9999.0 -9999.0 -9999.0 -9999.0 -9999.0 -9999.0 -9999.0 -9999.0 -9999.0 0.187635 0.184957 0.181808 0.180960 0.184495 0.186214 0.187859 0.189029 0.190137 0.191762 0.194558 0.194449 0.190687 0.190264 0.190136 0.190266
-9999.0 -9999.0 -9999.0 -9999.0 -9999.0 -9999.0 -9999.0 -9999.0 -9999.0 -9999.0 -9999.0 -9999.0 -9999.0 -9999.0 -9999.0 -9999.0 -9999.0 -9999.0 -9999.0 -9999.0 -9999.0 -9999.0 -9999.0 -9999.0 -9999.0 -9999.0 -9999.0 -9999.0 -9999.0 -9999.0 -9999.0 -9999.0 -9999.0 -9999.0 -9999.0 -9999.0 -9999.0 -9999.0 -9999.0 -9999.0 0.187872 0.189116 0.190100 0.188274 0.187431 0.187432 0.185461 0.183261 0.181046 0.181656 0.181708 0.180268 0.182746 0.184830 0.185674 0.186406 0.188260 0.191372 0.191226 0.188368 0.186638 0.186089 0.186435
-9999.0 -9999.0 -9999.0 -9999.0 -9999.0 -9999.0 -9999.0 -9999.0 -9999.0 -9999.0 -9999.0 -9999.0 -9999.0 -9999.0 -9999.0 -9999.0 -9999.0 -9999.0 -9999.0 -9999.0 -9999.0 -9999.0 -9999.0 -9999.0 -9999.0 -9999.0 -9999.0 -9999.0 -9999.0 -9999.0 -9999.0 -9999.0 -9999.0 -9999.0 0.181742 0.184027 0.185130 0.186202 0.187740 0.187323 0.186969 0.188054 0.187085 0.186983 0.185718 0.183406 0.181112 0.179822 0.181077 0.180641 0.180668 0.181843 0.182648 0.183031 0.184756 0.187477 0.186324 0.187063 0.186738 0.185549 0.186633 0.187520 0.188093
-9999.0 -9999.0 -9999.0 -9999.0 -9999.0 -9999.0 -9999.0 -9999.0 -9999.0 -9999.0 -9999.0 -9999.0 -9999.0 -9999.0 -9999.0 -9999.0 -9999.0 -9999.0 -9999.0 -9999.0 -9999.0 -9999.0 -9999.0 -9999.0 -9999.0 -9999.0 -9999.0 -9999.0 0.185067 0.184167 0.183478 0.183509 0.183192 0.182002 0.181727 0.182012 0.183292 0.185334 0.185747 0.185562 0.185758 0.185304 0.183976 0.183828 0.185238 0.183826 0.183105 0.182161 0.179935 0.179394 0.180683 0.181960 0.183096 0.183454 0.183722 0.183820 0.184135 0.187555 0.188451 0.186614 0.185587 0.185115 0.185388
-9999.0 -9999.0 -9999.0 -9999.0 -9999.0 -9999.0 -9999.0 -9999.0 -9999.0 -9999.0 -9999.0 -9999.0 -9999.0 -9999.0 -9999.0 -9999.0 -9999.0 -9999.0 -9999.0 -9999.0 -9999.0 -9999.0 -9999.0 0.183412 0.184234 0.184568 0.185306 0.184948 0.183242 0.182139 0.181658 0.181267 0.180363 0.180276 0.180293 0.180931 0.181444 0.183561 0.182627 0.182028 0.183829 0.183428 0.184588 0.185907 0.185586 0.185823 0.183329 0.181478 0.183370 0.184161 0.184113 0.183739 0.184440 0.185386 0.186573 0.188560 0.191074 0.193243 0.196580 0.194389 0.192748 0.189979 0.190250
-9999.0 -9999.0 -9999.0 -9999.0 -9999.0 -9999.0 -9999.0 -9999.0 -9999.0 -9999.0 -9999.0 -9999.0 -9999.0 -9999.0 -9999.0 -9999.0 -9999.0 -9999.0 -9999.0 0.183352 0.183107 0.182622 0.182832 0.181242 0.180577 0.181060 0.181952 0.181455 0.180524 0.179724 0.179822 0.179937 0.179757 0.181012 0.182057 0.182455 0.182271 0.183966 0.184530 0.185522 0.188013 0.186437 0.184869 0.184047 0.183975 0.183527 0.184974 0.185417 0.185585 0.185474 0.185547 0.185953 0.186238 0.188334 0.190346 0.192104 0.193822 0.196099 0.200091 0.198494 0.195414 0.192201 0.192239
-9999.0 -9999.0 -9999.0 -9999.0 -9999.0 -9999.0 -9999.0 -9999.0 -9999.0 -9999.0 -9999.0 -9999.0 -9999.0 -9999.0 -9999.0 -9999.0 0.183024 0.182892 0.182296 0.181344 0.180511 0.180505 0.181183 0.180003 0.179624 0.179915 0.179414 0.180037 0.180703 0.181493 0.181858 0.181014 0.181198 0.181120 0.181078 0.181553 0.183448 0.185243 0.185713 0.187034 0.189338 0.188071 0.187507 0.187564 0.186772 0.187495 0.190914 0.190433 0.189021 0.192645 0.194629 0.194003 0.193728 0.196201 0.199998 0.205017 0.213389 0.219705 0.227164 0.230507 0.224142 0.223055 0.225387
-9999.0 -9999.0 -9999.0 -9999.0 -9999.0 -9999.0 -9999.0 -9999.0 -9999.0 -9999.0 -9999.0 -9999.0 -9999.0 0.182566 0.182454 0.182655 0.181167 0.179990 0.179287 0.178313 0.179627 0.178722 0.178453 0.178696 0.179878 0.179934 0.180097 0.180865 0.180654 0.180332 0.180018 0.179329 0.180346 0.181381 0.182130 0.183653 0.184887 0.185901 0.187675 0.188104 0.189334 0.188924 0.187566 0.187276 0.188371 0.191616 0.194218 0.195214 0.199878 0.204987 0.207634 0.210988 0.212761 0.215285 0.221417 0.239415 0.264694 0.288718 0.302575 0.313385 0.314674 0.316750 0.318576
-9999.0 -9999.0 -9999.0 -9999.0 -9999.0 -9999.0 -9999.0 -9999.0 -9999.0 -9999.0 0.180080 0.180873 0.179695 0.177544 0.176625 0.177145 0.177698 0.176910 0.176968 0.179284 0.180586 0.178475 0.179980 0.180038 0.179156 0.179422 0.180067 0.180217 0.181693 0.181800 0.181869 0.184285 0.184989 0.185742 0.186761 0.187890 0.188930 0.192869 0.196368 0.196482 0.201352 0.204500 0.202037 0.201171 0.201986 0.205799 0.212303 0.222164 0.232903 0.249253 0.265521 0.277292 0.286338 0.296695 0.308147 0.322855 0.336857 0.346750 0.354062 0.357536 0.358775 0.359326 0.360123
-9999.0 -9999.0 -9999.0 -9999.0 -9999.0 -9999.0 -9999.0 -9999.0 0.176873 0.178124 0.178919 0.177930 0.176606 0.174238 0.175163 0.176078 0.176713 0.177649 0.178116 0.178522 0.178026 0.178840 0.180344 0.179996 0.180191 0.181195 0.181280 0.182215 0.183649 0.183104 0.183938 0.185330 0.186573 0.187705 0.189061 0.189967 0.194082 0.199768 0.206176 0.212074 0.220857 0.232402 0.232652 0.234884 0.237666 0.255180 0.280619 0.305859 0.321910 0.333184 0.343167 0.348003 0.350982 0.354299 0.357767 0.360348 0.363496 0.366303 0.368090 0.368861 0.369164 0.369241 0.369386
-9999.0 -9999.0 -9999.0 -9999.0 -9999.0 -9999.0 0.174965 0.177749 0.179116 0.176008 0.173634 0.172843 0.171446 0.174529 0.177278 0.177835 0.178275 0.178798 0.178570 0.176827 0.181090 0.180020 0.179248 0.180601 0.180564 0.180741 0.181639 0.183632 0.184621 0.188616 0.191689 0.194451 0.198135 0.200559 0.203168 0.206336 0.214870 0.229092 0.249842 0.273498 0.296762 0.315750 0.321904 0.324910 0.328309 0.334516 0.344419 0.352921 0.360000 0.364417 0.366572 0.367318 0.367876 0.368391 0.368878 0.369263 0.369572 0.369812 0.369928 0.369976 0.369991 0.369994 0.369998
-9999.0 -9999.0 -9999.0 -9999.0 0.176389 0.177032 0.176567 0.179027 0.180760 0.176983 0.178333 0.177670 0.176433 0.174957 0.173212 0.174534 0.175326 0.175879 0.175702 0.179865 0.183555 0.181367 0.183257 0.186916 0.186247 0.186735 0.187047 0.188870 0.192154 0.196487 0.206365 0.216470 0.224578 0.234744 0.246016 0.262725 0.288860 0.314564 0.330211 0.342425 0.351478 0.357112 0.360100 0.361571 0.363131 0.364684 0.366340 0.367959 0.369045 0.369668 0.369878 0.369938 0.369958 0.369974 0.369987 0.369996 0.370000 0.370000 0.370000 0.370000 0.370000 0.370000 0.370000
-9999.0 -9999.0 -9999.0 0.174652 0.177388 0.178451 0.177212 0.177768 0.179918 0.177908 0.177556 0.177228 0.177038 0.177095 0.176962 0.177775 0.177970 0.177446 0.178081 0.180698 0.182041 0.184289 0.186143 0.188920 0.191327 0.192360 0.193789 0.197346 0.206339 0.218068 0.242237 0.280539 0.308922 0.322569 0.330129 0.339028 0.346684 0.355409 0.361400 0.365122 0.367435 0.368612 0.369258 0.369513 0.369624 0.369722 0.369856 0.369940 0.369982 0.369999 0.370000 0.370000 0.370000 0.370000 0.370000 0.370000 0.370000 0.370000 0.370000 0.370000 0.370000 0.370000 0.370000
-9999.0 -9999.0 0.175055 0.176630 0.175630 0.177634 0.179899 0.178477 0.181182 0.182114 0.179534 0.181090 0.181933 0.180357 0.181478 0.182751 0.183408 0.181435 0.180086 0.183229 0.190070 0.196064 0.199733 0.215489 0.226046 0.233518 0.237734 0.251032 0.274579 0.308659 0.331032 0.347726 0.357478 0.362572 0.364217 0.365785 0.367488 0.368635 0.369409 0.369762 0.369909 0.369974 0.369995 0.370000 0.370000 0.370000 0.370000 0.370000 0.370000 0.370000 0.370000 0.370000 0.370000 0.370000 0.370000 0.370000 0.370000 0.370000 0.370000 0.370000 0.370000 0.370000 0.370000
-9999.0 -9999.0 0.173276 0.175841 0.174153 0.178226 0.182168 0.178680 0.179959 0.184041 0.183093 0.183692 0.183333 0.183697 0.185624 0.189363 0.187577 0.186896 0.182978 0.192948 0.202851 0.222171 0.265332 0.305578 0.324472 0.327549 0.329480 0.335651 0.344162 0.355946 0.364341 0.368297 0.369489 0.369803 0.369886 0.369939 0.369980 0.369999 0.370000 0.370000 0.370000 0.370000 0.370000 0.370000 0.370000 0.370000 0.370000 0.370000 0.370000 0.370000 0.370000 0.370000 0.370000 0.370000 0.370000 0.370000 0.370000 0.370000 0.370000 0.370000 0.370000 0.370000 0.370000
-9999.0 0.172592 0.173893 0.174033 0.176683 0.176000 0.179308 0.184131 0.184229 0.186159 0.186430 0.184036 0.193843 0.203112 0.206773 0.215476 0.212068 0.209489 0.204285 0.216788 0.244240 0.308540 0.351860 0.361877 0.364654 0.364781 0.364349 0.365593 0.367438 0.369124 0.369930 0.370000 0.370000 0.370000 0.370000 0.370000 0.370000 0.370000 0.370000 0.370000 0.370000 0.370000 0.370000 0.370000 0.370000 0.370000 0.370000 0.370000 0.370000 0.370000 0.370000 0.370000 0.370000 0.370000 0.370000 0.370000 0.370000 0.370000 0.370000 0.370000 0.370000 0.370000 0.370000
-9999.0 0.168788 0.173709 0.176697 0.175671 0.173757 0.181109 0.192798 0.189327 0.188472 0.188431 0.196503 0.223426 0.255215 0.280309 0.304482 0.303479 0.295831 0.297321 0.317284 0.339892 0.360365 0.369134 0.369920 0.369881 0.369884 0.369902 0.369961 0.369993 0.370000 0.370000 0.370000 0.370000 0.370000 0.370000 0.370000 0.370000 0.370000 0.370000 0.370000 0.370000 0.370000 0.370000 0.370000 0.370000 0.370000 0.370000 0.370000 0.370000 0.370000 0.370000 0.370000 0.370000 0.370000 0.370000 0.370000 0.370000 0.369999 0.369997 0.369994 0.369988 0.369983 0.369983
-9999.0 0.172645 0.178348 0.176949 0.172407 0.179321 0.182641 0.191218 0.198481 0.197456 0.209216 0.253693 0.309387 0.338040 0.350307 0.355513 0.358318 0.358183 0.361989 0.367136 0.369670 0.369999 0.370000 0.370000 0.370000 0.370000 0.370000 0.370000 0.370000 0.370000 0.370000 0.370000 0.370000 0.370000 0.370000 0.370000 0.370000 0.370000 0.370000 0.370000 0.370000 0.370000 0.370000 0.370000 0.370000 0.370000 0.370000 0.370000 0.370000 0.369999 0.369999 0.369998 0.369998 0.369997 0.369995 0.369993 0.369984 0.369966 0.369932 0.369885 0.369816 0.369725 0.369729
-9999.0 0.166094 0.174022 0.167473 0.176785 0.185327 0.184739 0.199157 0.219242 0.230114 0.292389 0.333205 0.356196 0.364323 0.367451 0.369064 0.369579 0.369838 0.369965 0.369997 0.370000 0.370000 0.370000 0.370000 0.370000 0.370000 0.370000 0.369997 0.369995 0.369995 0.369998 0.370000 0.370000 0.370000 0.370000 0.370000 0.370000 0.370000 0.370000 0.370000 0.370000 0.369999 0.369999 0.370000 0.369999 0.369998 0.369997 0.369993 0.369987 0.369978 0.369965 0.369949 0.369939 0.369921 0.369914 0.369885 0.369708 0.369475 0.369173 0.368746 0.368129 0.367012 0.366883
-9999.0 0.161442 0.166910 0.171044 0.179320 0.185592 0.192469 0.209339 0.256872 0.309817 0.341469 0.352890 0.363479 0.368292 0.369699 0.369908 0.369956 0.369969 0.369982 0.369991 0.369992 0.370000 0.370000 0.370000 0.370000 0.369998 0.369991 0.369979 0.369971 0.369976 0.369983 0.369990 0.369994 0.369996 0.369996 0.369994 0.369995 0.369993 0.369988 0.369982 0.369973 0.369961 0.369952 0.369945 0.369935 0.369928 0.369896 0.369839 0.369758 0.369672 0.369565 0.369463 0.369421 0.369335 0.369211 0.368954 0.367967 0.366412 0.364579 0.361975 0.356414 0.353371 0.351255
-9999.0 0.151404 0.168774 0.170990 0.175867 0.177510 0.179248 0.190630 0.212241 0.302457 0.358477 0.361264 0.363889 0.367059 0.369323 0.369881 0.369908 0.369732 0.369471 0.369342 0.369530 0.369780 0.369888 0.369947 0.369952 0.369946 0.369928 0.369886 0.369816 0.369785 0.369791 0.369774 0.369767 0.369793 0.369785 0.369813 0.369830 0.369763 0.369644 0.369446 0.369203 0.368971 0.368876 0.368879 0.368838 0.368717 0.368432 0.367986 0.367321 0.366583 0.365905 0.365376 0.364804 0.363944 0.362853 0.361494 0.357375 0.352760 0.346932 0.336951 0.321140 0.307023 0.299911
-9999.0 -9999.0 0.160684 0.170997 0.172360 0.174024 0.175614 0.183964 0.194389 0.237529 0.300571 0.330779 0.344801 0.354644 0.363394 0.367222 0.367585 0.367905 0.366311 0.366382 0.366911 0.367498 0.368128 0.368611 0.368890 0.369003 0.369053 0.368979 0.368723 0.368265 0.367634 0.367090 0.366729 0.366440 0.366943 0.367543 0.367461 0.367070 0.366300 0.365043 0.363728 0.362154 0.361679 0.361802 0.361757 0.361283 0.360430 0.358303 0.355790 0.352839 0.351266 0.349646 0.347953 0.344821 0.341363 0.337188 0.328933 0.319383 0.304655 0.273840 0.242752 0.222235 0.212525
-9999.0 -9999.0 0.149730 0.165539 0.172619 0.177702 0.177016 0.177953 0.190001 0.197193 0.209677 0.231902 0.261621 0.296015 0.315566 0.332553 0.338860 0.341624 0.341888 0.345023 0.350407 0.354813 0.357459 0.359658 0.361400 0.362601 0.363525 0.362351 0.360989 0.358630 0.355096 0.350322 0.347355 0.345533 0.346807 0.348911 0.347606 0.344709 0.340397 0.334958 0.330591 0.326217 0.324952 0.324499 0.324408 0.323430 0.322018 0.317621 0.310965 0.304831 0.299155 0.293782 0.290244 0.283175 0.274132 0.266935 0.251916 0.236693 0.224661 0.213840 0.204176 0.199304 0.195280
-9999.0 -9999.0 -9999.0 0.151415 0.161357 0.168991 0.172147 0.168073 0.171165 0.177277 0.182142 0.189848 0.195210 0.201567 0.211725 0.226551 0.236222 0.239892 0.241090 0.263985 0.279998 0.302611 0.316648 0.321476 0.326316 0.331010 0.332327 0.329041 0.325789 0.320074 0.309497 0.293770 0.282525 0.281959 0.282024 0.284200 0.279877 0.275099 0.265390 0.255268 0.246102 0.239610 0.237158 0.234961 0.233783 0.232042 0.230277 0.226760 0.222857 0.219452 0.216682 0.215793 0.214912 0.213419 0.211551 0.210192 0.208212 0.202661 0.198702 0.195128 0.191596 0.188591 0.185918
-9999.0 -9999.0 -9999.0 -9999.0 -9999.0 0.145108 0.164620 0.168713 0.169008 0.167607 0.169674 0.177457 0.176612 0.178012 0.181648 0.183892 0.185115 0.187853 0.193320 0.198756 0.206083 0.212770 0.222394 0.232112 0.238102 0.245345 0.248083 0.242469 0.237270 0.230036 0.220225 0.212001 0.210907 0.211373 0.211655 0.211396 0.210020 0.208949 0.207473 0.204284 0.201529 0.200854 0.200385 0.199808 0.199170 0.198688 0.198271 0.198044 0.196366 0.194857 0.195598 0.195291 0.195085 0.195138 0.194379 0.193944 0.194022 0.190230 0.188016 0.188487 0.185146 0.182928 0.183281
-9999.0 -9999.0 -9999.0 -9999.0 -9999.0 -9999.0 0.142916 0.155169 0.165017 0.167850 0.172182 0.175530 0.171224 0.172875 0.174686 0.176670 0.179725 0.179986 0.181377 0.183450 0.186366 0.188170 0.191641 0.196343 0.196820 0.198188 0.200694 0.198029 0.196513 0.195581 0.190702 0.191182 0.190444 0.190936 0.191114 0.191585 0.190940 0.190333 0.189983 0.187912 0.187754 0.187194 0.186968 0.186735 0.186492 0.186365 0.186373 0.186432 0.185208 0.185923 0.186232 0.185910 0.185756 0.185973 0.185638 0.185031 0.185140 0.183590 0.183270 0.183185 0.180640 0.180557 0.180323
