tests/Borden05m/data_simulated/sim_1/output-maps/thetaliqL0001N0007.asc
ncols         160
nrows         34
xllcorner     620200.000000
yllcorner     5168000.000000
cellsize      0.500000
NODATA_value  -9999.0
[rows 0 to 27 of 34, columns 63 to 125 of 160]
-9999.0 -9999.0 -9999.0 -9999.0 -9999.0 -9999.0 -9999.0 -9999.0 -9999.0 -9999.0 -9999.0 -9999.0 -9999.0 -9999.0 -9999.0 -9999.0 -9999.0 -9999.0 -9999.0 -9999.0 -9999.0 -9999.0 -9999.0 -9999.0 -9999.0 -9999.0 -9999.0 -9999.0 -9999.0 -9999.0 -9999.0 -9999.0 -9999.0 -9999.0 -9999.0 -9999.0 -9999.0 -9999.0 -9999.0 -9999.0 -9999.0 -9999.0 -9999.0 -9999.0 -9999.0 -9999.0 -9999.0 -9999.0 -9999.0 -9999.0 -9999.0 -9999.0 -9999.0 -9999.0 -9999.0 -9999.0 -9999.0 -9999.0 -9999.0 -9999.0 -9999.0 -9999.0 -9999.0
0.282174 0.281238 0.279969 0.279935 0.280213 0.279945 0.279239 0.279904 0.280698 0.281305 0.282342 0.281891 0.281907 0.282323 0.282444 0.282282 0.281816 0.281595 0.281298 0.282134 0.280591 0.278552 0.276984 0.276718 0.278253 0.279055 0.278706 0.279318 0.280794 0.281906 0.281908 0.283267 0.282509 0.282969 0.284128 0.283265 0.283259 0.283700 0.284448 0.282134 -9999.0 -9999.0 -9999.0 -9999.0 -9999.0 -9999.0 -9999.0 -9999.0 -9999.0 -9999.0 -9999.0 -9999.0 -9999.0 -9999.0 -9999.0 -9999.0 -9999.0 -9999.0 -9999.0 -9999.0 -9999.0 -9999.0 -9999.0
0.278837 0.277211 0.277000 0.275710 0.275115 0.274945 0.274309 0.274591 0.276719 0.278142 0.278392 0.277849 0.277505 0.276893 0.276514 0.276679 0.276210 0.275819 0.275388 0.275690 0.277377 0.275830 0.275118 0.274309 0.273313 0.273576 0.273778 0.273760 0.275690 0.276137 0.276265 0.278710 0.280976 0.281391 0.280261 0.279226 0.279831 0.280133 0.279474 0.278896 0.279558 0.279389 0.279419 0.278483 0.279948 0.279589 0.280984 0.282011 0.283199 0.285312 -9999.0 -9999.0 -9999.0 -9999.0 -9999.0 -9999.0 -9999.0 -9999.0 -9999.0 -9999.0 -9999.0 -9999.0 -9999.0
0.276427 0.275928 0.274636 0.272462 0.274740 0.274319 0.274015 0.274324 0.274991 0.275249 0.275499 0.275817 0.277660 0.277323 0.277086 0.277206 0.276913 0.276349 0.276530 0.276290 0.274617 0.274973 0.275422 0.274971 0.276609 0.276631 0.277682 0.274656 0.275029 0.275466 0.275604 0.275515 0.275507 0.275826 0.274499 0.275677 0.275027 0.273227 0.273283 0.274023 0.276384 0.277653 0.276702 0.272555 0.274714 0.279150 0.278472 0.277385 0.279207 0.280936 0.283802 0.283194 0.282898 0.283305 0.284143 0.282045 0.281035 0.280491 0.277176 -9999.0 -9999.0 -9999.0 -9999.0
0.276256 0.274738 0.272751 0.276251 0.277426 0.276384 0.276696 0.277738 0.277901 0.273390 0.272180 0.273707 0.275204 0.275716 0.274748 0.274283 0.273457 0.273546 0.274160 0.273775 0.274503 0.275022 0.274017 0.274985 0.276133 0.277427 0.274754 0.272359 0.272531 0.274520 0.275787 0.276155 0.277882 0.280968 0.280391 0.279930 0.280166 0.280685 0.277456 0.274329 0.273181 0.272743 0.271808 0.272886 0.272041 0.275717 0.275274 0.274507 0.276008 0.276963 0.278338 0.279368 0.279135 0.279665 0.280479 0.280210 0.278907 0.278566 0.278645 0.277798 0.275093 0.269082 0.269572
0.271565 0.271408 0.274301 0.275423 0.277819 0.276321 0.276239 0.276124 0.273302 0.271314 0.269797 0.274209 0.277439 0.278200 0.276905 0.275756 0.278901 0.277979 0.277783 0.275952 0.276566 0.275874 0.278933 0.279866 0.281471 0.280824 0.277780 0.275228 0.275216 0.275448 0.274901 0.275357 0.276959 0.279197 0.277195 0.276875 0.278113 0.273281 0.269703 0.268877 0.272716 0.274911 0.274755 0.275299 0.275710 0.273349 0.274030 0.274329 0.273021 0.275587 0.278100 0.278216 0.275773 0.275046 0.276460 0.276678 0.277451 0.276924 0.276276 0.276032 0.270565 0.272872 0.269658
0.276436 0.277210 0.278110 0.280229 0.285239 0.283258 0.283219 0.285119 0.282261 0.279756 0.275267 0.280233 0.280696 0.281713 0.280806 0.284057 0.287023 0.285084 0.282602 0.279305 0.281287 0.285279 0.288789 0.289295 0.289565 0.290389 0.287865 0.287551 0.287128 0.287437 0.285216 0.284924 0.287296 0.291935 0.292623 0.291151 0.287731 0.281720 0.276017 0.273076 0.278474 0.277280 0.276914 0.278183 0.275665 0.274420 0.277417 0.275342 0.273670 0.277390 0.277468 0.276694 0.273466 0.277448 0.277188 0.274632 0.273211 0.272763 0.272480 0.271361 0.273186 0.272518 0.269860
0.275456 0.275922 0.279325 0.284220 0.289494 0.291677 0.293522 0.296834 0.294670 0.292632 0.289793 0.290451 0.293803 0.296577 0.299732 0.303542 0.308914 0.308828 0.307172 0.307864 0.309557 0.315139 0.319808 0.321712 0.323006 0.325505 0.324309 0.321659 0.317976 0.313272 0.307750 0.302988 0.306733 0.311495 0.310928 0.302256 0.296865 0.290367 0.283488 0.274761 0.275807 0.278076 0.280326 0.277351 0.276596 0.274219 0.274315 0.275359 0.271993 0.274141 0.274264 0.276525 0.280341 0.281565 0.278746 0.277682 0.276356 0.274763 0.273422 0.275231 0.276064 0.274506 0.272771
0.300870 0.301066 0.304367 0.317314 0.330913 0.340910 0.350409 0.352034 0.347821 0.343932 0.338411 0.335168 0.339309 0.343715 0.349052 0.355710 0.363229 0.367665 0.368729 0.369228 0.369520 0.369633 0.369710 0.369774 0.369822 0.369858 0.369861 0.369807 0.369715 0.369442 0.368163 0.365199 0.362836 0.364321 0.363309 0.354294 0.342654 0.332652 0.320734 0.307755 0.298164 0.300096 0.296559 0.293934 0.291029 0.282118 0.280800 0.280483 0.272415 0.271710 0.274228 0.277558 0.280404 0.275842 0.274539 0.273568 0.272306 0.270163 0.272031 0.274107 0.274949 0.274614 0.274736
0.347135 0.349779 0.357048 0.368739 0.369785 0.369945 0.369982 0.369988 0.369980 0.369968 0.369951 0.369929 0.369932 0.369963 0.369986 0.369996 0.369999 0.370000 0.370000 0.370000 0.370000 0.370000 0.370000 0.370000 0.370000 0.370000 0.370000 0.370000 0.370000 0.370000 0.370000 0.369999 0.369999 0.369998 0.369998 0.369994 0.369962 0.369870 0.369407 0.364496 0.349058 0.338850 0.332299 0.326550 0.312551 0.296973 0.287328 0.281020 0.273968 0.272573 0.281587 0.290172 0.285771 0.285049 0.283610 0.280319 0.277853 0.273807 0.275323 0.276604 0.276363 0.275980 0.275405
0.369980 0.369987 0.369996 0.370000 0.370000 0.370000 0.370000 0.370000 0.370000 0.370000 0.370000 0.370000 0.370000 0.370000 0.370000 0.370000 0.370000 0.370000 0.370000 0.370000 0.370000 0.370000 0.370000 0.370000 0.370000 0.370000 0.370000 0.370000 0.370000 0.370000 0.370000 0.370000 0.370000 0.370000 0.370000 0.370000 0.370000 0.370000 0.370000 0.369999 0.369980 0.369934 0.369885 0.369756 0.369179 0.358120 0.346114 0.335325 0.322953 0.308082 0.313271 0.306103 0.302839 0.299026 0.293382 0.289045 0.285386 0.281032 0.281435 0.282162 0.281521 0.281747 0.281063
0.370000 0.370000 0.370000 0.370000 0.370000 0.370000 0.370000 0.370000 0.370000 0.370000 0.370000 0.370000 0.370000 0.370000 0.370000 0.370000 0.370000 0.370000 0.370000 0.370000 0.370000 0.370000 0.370000 0.370000 0.370000 0.370000 0.370000 0.370000 0.370000 0.370000 0.370000 0.370000 0.370000 0.370000 0.370000 0.370000 0.370000 0.370000 0.370000 0.370000 0.370000 0.370000 0.370000 0.370000 0.370000 0.369999 0.369992 0.369964 0.369807 0.368660 0.357631 0.348178 0.341695 0.331630 0.321012 0.312034 0.299554 0.290744 0.285799 0.285424 0.285217 0.284671 0.283290
0.370000 0.370000 0.370000 0.370000 0.370000 0.370000 0.370000 0.370000 0.370000 0.370000 0.370000 0.370000 0.370000 0.370000 0.370000 0.370000 0.370000 0.370000 0.370000 0.370000 0.370000 0.370000 0.370000 0.370000 0.370000 0.370000 0.370000 0.370000 0.370000 0.370000 0.370000 0.370000 0.370000 0.370000 0.370000 0.370000 0.370000 0.370000 0.370000 0.370000 0.370000 0.370000 0.370000 0.370000 0.370000 0.370000 0.370000 0.370000 0.370000 0.370000 0.369995 0.369982 0.369950 0.369831 0.369463 0.367325 0.349621 0.333138 0.320853 0.312483 0.303549 0.297504 0.293926
0.370000 0.370000 0.370000 0.370000 0.370000 0.370000 0.370000 0.370000 0.370000 0.370000 0.370000 0.370000 0.370000 0.370000 0.370000 0.370000 0.370000 0.370000 0.370000 0.370000 0.370000 0.370000 0.370000 0.370000 0.370000 0.370000 0.370000 0.370000 0.370000 0.370000 0.370000 0.370000 0.370000 0.370000 0.370000 0.370000 0.370000 0.370000 0.370000 0.370000 0.370000 0.370000 0.370000 0.370000 0.370000 0.370000 0.370000 0.370000 0.370000 0.370000 0.370000 0.370000 0.370000 0.370000 0.370000 0.370000 0.369990 0.369894 0.369317 0.363015 0.345074 0.333091 0.322385
0.370000 0.370000 0.370000 0.370000 0.370000 0.370000 0.370000 0.370000 0.370000 0.370000 0.370000 0.370000 0.370000 0.370000 0.370000 0.370000 0.370000 0.370000 0.370000 0.370000 0.370000 0.370000 0.370000 0.370000 0.370000 0.370000 0.370000 0.370000 0.370000 0.370000 0.370000 0.370000 0.370000 0.370000 0.370000 0.370000 0.370000 0.370000 0.370000 0.370000 0.370000 0.370000 0.370000 0.370000 0.370000 0.370000 0.370000 0.370000 0.370000 0.370000 0.370000 0.370000 0.370000 0.370000 0.370000 0.370000 0.370000 0.370000 0.370000 0.369998 0.369968 0.369812 0.368746
0.370000 0.370000 0.370000 0.370000 0.370000 0.370000 0.370000 0.370000 0.370000 0.370000 0.370000 0.370000 0.370000 0.370000 0.370000 0.370000 0.370000 0.370000 0.370000 0.370000 0.370000 0.370000 0.370000 0.370000 0.370000 0.370000 0.370000 0.370000 0.370000 0.370000 0.370000 0.370000 0.370000 0.370000 0.370000 0.370000 0.370000 0.370000 0.370000 0.370000 0.370000 0.370000 0.370000 0.370000 0.370000 0.370000 0.370000 0.370000 0.370000 0.370000 0.370000 0.370000 0.370000 0.370000 0.370000 0.370000 0.370000 0.370000 0.370000 0.370000 0.370000 0.370000 0.370000
0.370000 0.370000 0.370000 0.370000 0.370000 0.370000 0.370000 0.370000 0.370000 0.370000 0.370000 0.370000 0.370000 0.370000 0.370000 0.370000 0.370000 0.370000 0.370000 0.370000 0.370000 0.370000 0.370000 0.370000 0.370000 0.370000 0.370000 0.370000 0.370000 0.370000 0.370000 0.370000 0.370000 0.370000 0.370000 0.370000 0.370000 0.370000 0.370000 0.370000 0.370000 0.370000 0.370000 0.370000 0.370000 0.370000 0.370000 0.370000 0.370000 0.370000 0.370000 0.370000 0.370000 0.370000 0.370000 0.370000 0.370000 0.370000 0.370000 0.370000 0.370000 0.370000 0.370000
0.370000 0.370000 0.370000 0.370000 0.370000 0.370000 0.370000 0.370000 0.370000 0.370000 0.370000 0.370000 0.370000 0.370000 0.370000 0.370000 0.370000 0.370000 0.370000 0.370000 0.370000 0.370000 0.370000 0.370000 0.370000 0.370000 0.370000 0.370000 0.370000 0.370000 0.370000 0.370000 0.370000 0.370000 0.370000 0.370000 0.370000 0.370000 0.370000 0.370000 0.370000 0.370000 0.370000 0.370000 0.370000 0.370000 0.370000 0.370000 0.370000 0.370000 0.370000 0.370000 0.370000 0.370000 0.370000 0.370000 0.370000 0.370000 0.370000 0.370000 0.370000 0.370000 0.370000
0.370000 0.370000 0.370000 0.370000 0.370000 0.370000 0.370000 0.370000 0.370000 0.370000 0.370000 0.370000 0.370000 0.370000 0.370000 0.370000 0.369998 0.369994 0.369987 0.369989 0.369991 0.369992 0.369989 0.369984 0.369982 0.369981 0.369986 0.369996 0.369999 0.370000 0.370000 0.370000 0.370000 0.370000 0.370000 0.370000 0.370000 0.370000 0.370000 0.370000 0.370000 0.370000 0.370000 0.370000 0.370000 0.370000 0.370000 0.370000 0.370000 0.370000 0.370000 0.370000 0.370000 0.370000 0.370000 0.370000 0.370000 0.370000 0.370000 0.370000 0.370000 0.370000 0.370000
0.370000 0.370000 0.370000 0.370000 0.370000 0.370000 0.369997 0.369988 0.369975 0.369935 0.369904 0.369876 0.369886 0.369796 0.369398 0.366678 0.360347 0.356387 0.351354 0.349862 0.351658 0.355468 0.351708 0.349152 0.349614 0.348437 0.348249 0.354433 0.364069 0.368748 0.369577 0.369768 0.369820 0.369850 0.369940 0.369971 0.369992 0.370000 0.370000 0.370000 0.370000 0.370000 0.370000 0.370000 0.370000 0.370000 0.370000 0.370000 0.370000 0.370000 0.370000 0.370000 0.370000 0.370000 0.370000 0.370000 0.370000 0.370000 0.370000 0.370000 0.370000 0.370000 0.370000
0.370000 0.370000 0.369999 0.369961 0.369781 0.369053 0.360520 0.350695 0.342854 0.333405 0.327874 0.328213 0.329891 0.327102 0.320099 0.312549 0.307964 0.304906 0.300710 0.298250 0.301035 0.303584 0.302836 0.302463 0.303328 0.303032 0.302554 0.302347 0.308182 0.313269 0.318125 0.321228 0.322573 0.330341 0.338078 0.343963 0.355071 0.368074 0.369713 0.369940 0.369989 0.369999 0.370000 0.370000 0.370000 0.370000 0.370000 0.370000 0.370000 0.370000 0.370000 0.370000 0.370000 0.370000 0.370000 0.370000 0.370000 0.370000 0.370000 0.370000 0.370000 0.370000 0.370000
0.369925 0.369583 0.363973 0.342446 0.330086 0.320648 0.310138 0.303423 0.297196 0.291481 0.287670 0.290943 0.292090 0.294641 0.290456 0.287230 0.286974 0.284454 0.282336 0.278758 0.281829 0.282656 0.285833 0.285049 0.284827 0.286293 0.285457 0.285266 0.282838 0.285233 0.286190 0.287106 0.292305 0.296660 0.301128 0.304823 0.309942 0.319551 0.330615 0.341102 0.354096 0.367343 0.369639 0.369925 0.369987 0.369999 0.370000 0.370000 0.370000 0.370000 0.370000 0.370000 0.370000 0.370000 0.370000 0.370000 0.370000 0.370000 0.370000 0.370000 0.370000 0.370000 0.370000
0.330354 0.320630 0.303801 0.296263 0.293081 0.289077 0.286268 0.284638 0.280995 0.278685 0.273876 0.276081 0.278669 0.282601 0.279218 0.279021 0.280142 0.278592 0.276960 0.273671 0.274095 0.276530 0.279420 0.278830 0.279209 0.280954 0.281025 0.279640 0.276552 0.277047 0.278476 0.279549 0.282191 0.284313 0.286295 0.287779 0.290478 0.294101 0.298262 0.303726 0.311073 0.318803 0.330218 0.341707 0.354155 0.366522 0.369527 0.369908 0.369975 0.369997 0.370000 0.370000 0.370000 0.370000 0.370000 0.370000 0.370000 0.370000 0.370000 0.370000 0.370000 0.370000 0.370000
0.286326 0.281694 0.280519 0.279375 0.277807 0.276627 0.275228 0.273997 0.273135 0.271091 0.265901 0.268259 0.271214 0.274622 0.274737 0.274468 0.274954 0.274403 0.272213 0.267880 0.269656 0.271997 0.274017 0.274430 0.274636 0.275992 0.274925 0.272823 0.269633 0.270800 0.272801 0.273506 0.274383 0.275913 0.277483 0.278915 0.280621 0.282211 0.284744 0.287631 0.291075 0.295317 0.300524 0.307278 0.310997 0.318156 0.326843 0.336381 0.346220 0.361056 0.369226 0.369868 0.369986 0.370000 0.370000 0.370000 0.370000 0.370000 0.370000 0.370000 0.370000 0.370000 0.370000
0.279178 0.276690 0.275348 0.274279 0.275879 0.275628 0.273624 0.274310 0.273444 0.269277 0.271160 0.272429 0.275964 0.275115 0.274878 0.274045 0.274730 0.274281 0.269998 0.272287 0.273084 0.275353 0.275473 0.275743 0.275959 0.276298 0.275787 0.272743 0.273391 0.274006 0.275949 0.275519 0.275840 0.277739 0.277660 0.278293 0.279439 0.280558 0.281940 0.283725 0.286710 0.289828 0.292990 0.293204 0.295527 0.297874 0.295573 0.300514 0.304850 0.311113 0.323226 0.334202 0.351562 0.368983 0.369951 0.370000 0.370000 0.370000 0.370000 0.370000 0.370000 0.370000 0.370000
0.273320 0.271286 0.268945 0.271066 0.271685 0.271893 0.271682 0.271099 0.269338 0.271937 0.272309 0.272101 0.271776 0.271703 0.271980 0.271543 0.271303 0.271467 0.273298 0.273483 0.272758 0.273239 0.273542 0.273933 0.273075 0.273159 0.273169 0.273810 0.273659 0.273011 0.273859 0.273854 0.273771 0.274337 0.274486 0.274737 0.275725 0.276120 0.276733 0.278582 0.281071 0.282450 0.281750 0.283172 0.283758 0.281994 0.280580 0.282999 0.285111 0.286683 0.291575 0.296314 0.302262 0.322834 0.347038 0.368719 0.369895 0.369996 0.370000 0.370000 0.370000 0.370000 0.370000
0.272692 0.270719 0.270675 0.272255 0.272616 0.272801 0.271468 0.270184 0.271785 0.272404 0.272336 0.271742 0.272346 0.272561 0.273345 0.272548 0.272150 0.272353 0.272503 0.272304 0.272775 0.273035 0.273195 0.274947 0.273786 0.273613 0.274211 0.273863 0.273581 0.272945 0.274024 0.274217 0.274029 0.274723 0.274877 0.274991 0.275270 0.276078 0.278316 0.279627 0.281690 0.283751 0.283584 0.283702 0.282877 0.282431 0.279256 0.279148 0.282359 0.281016 0.282870 0.286448 0.285423 0.294260 0.307463 0.321595 0.338250 0.360070 0.369591 0.369974 0.370000 0.370000 0.370000
0.270793 0.271379 0.270443 0.270978 0.271006 0.270347 0.269492 0.270718 0.270683 0.270601 0.270698 0.270360 0.270941 0.271379 0.271827 0.271529 0.271453 0.270563 0.270479 0.271265 0.271248 0.271638 0.272607 0.273973 0.272858 0.272578 0.272521 0.272093 0.272069 0.271412 0.272322 0.272932 0.272914 0.273934 0.274095 0.272874 0.273698 0.275434 0.277027 0.277685 0.279361 0.282876 0.280976 0.280651 0.281352 0.278885 0.275846 0.276016 0.277088 0.275933 0.277945 0.278693 0.277522 0.282019 0.285124 0.289501 0.296835 0.311673 0.333243 0.351452 0.368812 0.369888 0.369992
