tests/Borden05m/data_simulated/sim_1/output-maps/thetaliqL0006N0012.asc
ncols         160
nrows         34
xllcorner     620200.000000
yllcorner     5168000.000000
cellsize      0.500000
NODATA_value  -9999.0
[rows 0 to 27 of 34, columns 63 to 125 of 160]
-9999.0 -9999.0 -9999.0 -9999.0 -9999.0 -9999.0 -9999.0 -9999.0 -9999.0 -9999.0 -9999.0 -9999.0 -9999.0 -9999.0 -9999.0 -9999.0 -9999.0 -9999.0 -9999.0 -9999.0 -9999.0 -9999.0 -9999.0 -9999.0 -9999.0 -9999.0 -9999.0 -9999.0 -9999.0 -9999.0 -9999.0 -9999.0 -9999.0 -9999.0 -9999.0 -9999.0 -9999.0 -9999.0 -9999.0 -9999.0 -9999.0 -9999.0 -9999.0 -9999.0 -9999.0 -9999.0 -9999.0 -9999.0 -9999.0 -9999.0 -9999.0 -9999.0 -9999.0 -9999.0 -9999.0 -9999.0 -9999.0 -9999.0 -9999.0 -9999.0 -9999.0 -9999.0 -9999.0
0.184812 0.178549 0.172840 0.170276 0.169619 0.168980 0.168654 0.171828 0.176715 0.181587 0.186401 0.187945 0.189565 0.191174 0.191518 0.190535 0.188216 0.185914 0.183561 0.182572 0.176977 0.169734 0.164312 0.162689 0.165328 0.168037 0.169588 0.173474 0.180579 0.188058 0.194179 0.202768 0.206846 0.210885 0.213600 0.210664 0.208131 0.205586 0.202399 0.194490 -9999.0 -9999.0 -9999.0 -9999.0 -9999.0 -9999.0 -9999.0 -9999.0 -9999.0 -9999.0 -9999.0 -9999.0 -9999.0 -9999.0 -9999.0 -9999.0 -9999.0 -9999.0 -9999.0 -9999.0 -9999.0 -9999.0 -9999.0
0.174214 0.168617 0.165236 0.161936 0.160921 0.160785 0.160711 0.163034 0.168692 0.173530 0.176501 0.177959 0.179457 0.179602 0.179245 0.178916 0.176980 0.174752 0.172571 0.171430 0.171307 0.166661 0.163564 0.161719 0.161154 0.162528 0.163845 0.165512 0.171423 0.176762 0.182318 0.192019 0.200930 0.204902 0.203302 0.199736 0.197282 0.193048 0.186550 0.179678 0.172886 0.168509 0.165461 0.162695 0.166377 0.170245 0.176907 0.183872 0.192299 0.201155 -9999.0 -9999.0 -9999.0 -9999.0 -9999.0 -9999.0 -9999.0 -9999.0 -9999.0 -9999.0 -9999.0 -9999.0 -9999.0
0.166346 0.163949 0.161096 0.158883 0.162954 0.163530 0.164105 0.165867 0.167921 0.169004 0.170648 0.173856 0.179509 0.181129 0.181381 0.181385 0.180119 0.178038 0.176851 0.175035 0.171731 0.171206 0.171512 0.171627 0.175000 0.175947 0.176694 0.172146 0.174194 0.178290 0.182929 0.187948 0.193081 0.196788 0.194756 0.193925 0.188359 0.179347 0.172164 0.166980 0.165431 0.163765 0.159623 0.153357 0.157083 0.165988 0.168926 0.171429 0.179210 0.187551 0.194742 0.196081 0.195907 0.195729 0.194000 0.184475 0.174968 0.166078 0.155708 -9999.0 -9999.0 -9999.0 -9999.0
0.167339 0.165384 0.164594 0.172395 0.178341 0.179263 0.181027 0.183072 0.181908 0.173638 0.171831 0.177256 0.184166 0.188183 0.188159 0.188039 0.187075 0.186296 0.185841 0.184077 0.184928 0.186778 0.187526 0.191297 0.195363 0.197304 0.190762 0.184274 0.184476 0.189758 0.195408 0.200942 0.209540 0.219046 0.218082 0.213666 0.207036 0.197023 0.180898 0.168363 0.162453 0.159090 0.155570 0.155086 0.154292 0.159994 0.161190 0.162279 0.167563 0.174021 0.180597 0.184524 0.184327 0.184117 0.182624 0.176562 0.167565 0.159206 0.150626 0.138907 0.127631 0.118384 0.118185
0.170798 0.173018 0.181797 0.191354 0.202572 0.204367 0.206133 0.205798 0.198054 0.190418 0.187104 0.198024 0.209808 0.216249 0.217030 0.217882 0.224949 0.222944 0.220311 0.215516 0.217588 0.220422 0.230475 0.236739 0.242250 0.240549 0.230695 0.221778 0.219993 0.221206 0.222435 0.227211 0.236205 0.245234 0.241386 0.235041 0.226215 0.203152 0.182836 0.171827 0.172621 0.173182 0.170613 0.168888 0.166717 0.162243 0.162185 0.162089 0.161972 0.169166 0.176858 0.179211 0.175469 0.173348 0.172059 0.166796 0.160644 0.152590 0.144380 0.136186 0.125361 0.122837 0.120366
0.202366 0.208733 0.219392 0.235186 0.256012 0.259727 0.263500 0.267454 0.258198 0.247524 0.236966 0.249704 0.258021 0.266243 0.270062 0.280926 0.289992 0.285757 0.278028 0.270095 0.275829 0.288570 0.301073 0.306080 0.308631 0.309466 0.302157 0.297686 0.294630 0.293955 0.290088 0.291873 0.301293 0.313303 0.313506 0.304165 0.285071 0.254258 0.223705 0.205024 0.207843 0.203177 0.198978 0.195717 0.185653 0.177842 0.177671 0.171711 0.167944 0.175086 0.179064 0.180428 0.176574 0.180258 0.175242 0.164505 0.154881 0.146946 0.140276 0.134073 0.131121 0.127630 0.124966
0.246145 0.254132 0.270909 0.293110 0.315125 0.326622 0.333538 0.339164 0.334952 0.328504 0.321239 0.323960 0.332959 0.341118 0.348123 0.354220 0.358723 0.357309 0.354309 0.353569 0.355281 0.360498 0.363943 0.365089 0.365674 0.366418 0.365700 0.364249 0.362132 0.359593 0.356917 0.354998 0.359497 0.362918 0.362296 0.354860 0.342768 0.320037 0.289299 0.257609 0.250805 0.249779 0.247808 0.234059 0.220805 0.204952 0.196082 0.189579 0.179057 0.181949 0.186085 0.193885 0.201378 0.200694 0.188841 0.177154 0.165223 0.154654 0.147355 0.145198 0.142903 0.138707 0.136081
0.345708 0.348941 0.355145 0.364006 0.368582 0.369569 0.369842 0.369873 0.369818 0.369720 0.369488 0.369331 0.369602 0.369774 0.369869 0.369919 0.369950 0.369963 0.369961 0.369961 0.369965 0.369971 0.369979 0.369985 0.369989 0.369993 0.369993 0.369989 0.369982 0.369971 0.369956 0.369951 0.369948 0.369961 0.369959 0.369900 0.369690 0.368835 0.364894 0.355365 0.343716 0.341643 0.331690 0.318377 0.299414 0.266706 0.247973 0.232485 0.207273 0.203253 0.212255 0.224147 0.229883 0.216562 0.203571 0.189570 0.175472 0.162933 0.159188 0.158470 0.156803 0.153757 0.152388
0.369852 0.369884 0.369915 0.369979 0.369998 0.370000 0.370000 0.370000 0.370000 0.370000 0.370000 0.370000 0.370000 0.370000 0.370000 0.370000 0.370000 0.370000 0.370000 0.370000 0.370000 0.370000 0.370000 0.370000 0.370000 0.370000 0.370000 0.370000 0.370000 0.370000 0.370000 0.370000 0.370000 0.370000 0.370000 0.370000 0.370000 0.369999 0.369987 0.369936 0.369833 0.369581 0.368956 0.367340 0.358873 0.340371 0.315573 0.288906 0.260414 0.253043 0.275493 0.295310 0.286330 0.275517 0.259349 0.237265 0.216114 0.195932 0.190218 0.187780 0.183694 0.179274 0.175134
0.370000 0.370000 0.370000 0.370000 0.370000 0.370000 0.370000 0.370000 0.370000 0.370000 0.370000 0.370000 0.370000 0.370000 0.370000 0.370000 0.370000 0.370000 0.370000 0.370000 0.370000 0.370000 0.370000 0.370000 0.370000 0.370000 0.370000 0.370000 0.370000 0.370000 0.370000 0.370000 0.370000 0.370000 0.370000 0.370000 0.370000 0.370000 0.370000 0.370000 0.370000 0.369999 0.369997 0.369991 0.369976 0.369864 0.369652 0.368673 0.364134 0.354589 0.361478 0.358029 0.352619 0.342634 0.325035 0.304169 0.280540 0.255637 0.244928 0.239253 0.232076 0.226200 0.218590
0.370000 0.370000 0.370000 0.370000 0.370000 0.370000 0.370000 0.370000 0.370000 0.370000 0.370000 0.370000 0.370000 0.370000 0.370000 0.370000 0.370000 0.370000 0.370000 0.370000 0.370000 0.370000 0.370000 0.370000 0.370000 0.370000 0.370000 0.370000 0.370000 0.370000 0.370000 0.370000 0.370000 0.370000 0.370000 0.370000 0.370000 0.370000 0.370000 0.370000 0.370000 0.370000 0.370000 0.370000 0.370000 0.370000 0.370000 0.370000 0.369993 0.369954 0.369923 0.369875 0.369741 0.369100 0.366687 0.361397 0.347740 0.325586 0.306519 0.297675 0.289217 0.279610 0.268038
0.370000 0.370000 0.370000 0.370000 0.370000 0.370000 0.370000 0.370000 0.370000 0.370000 0.370000 0.370000 0.370000 0.370000 0.370000 0.370000 0.370000 0.370000 0.370000 0.370000 0.370000 0.370000 0.370000 0.370000 0.370000 0.370000 0.370000 0.370000 0.370000 0.370000 0.370000 0.370000 0.370000 0.370000 0.370000 0.370000 0.370000 0.370000 0.370000 0.370000 0.370000 0.370000 0.370000 0.370000 0.370000 0.370000 0.370000 0.370000 0.370000 0.370000 0.370000 0.370000 0.369999 0.369995 0.369982 0.369957 0.369805 0.369041 0.366393 0.362940 0.355368 0.344050 0.331777
0.370000 0.370000 0.370000 0.370000 0.370000 0.370000 0.370000 0.370000 0.370000 0.370000 0.370000 0.370000 0.370000 0.370000 0.370000 0.370000 0.370000 0.370000 0.370000 0.370000 0.370000 0.370000 0.370000 0.370000 0.370000 0.370000 0.370000 0.370000 0.370000 0.370000 0.370000 0.370000 0.370000 0.370000 0.370000 0.370000 0.370000 0.370000 0.370000 0.370000 0.370000 0.370000 0.370000 0.370000 0.370000 0.370000 0.370000 0.370000 0.370000 0.370000 0.370000 0.370000 0.370000 0.370000 0.370000 0.370000 0.370000 0.369998 0.369983 0.369949 0.369818 0.369385 0.368064
0.370000 0.370000 0.370000 0.370000 0.370000 0.370000 0.370000 0.370000 0.370000 0.370000 0.370000 0.370000 0.370000 0.370000 0.370000 0.370000 0.370000 0.370000 0.370000 0.370000 0.370000 0.370000 0.370000 0.370000 0.370000 0.370000 0.370000 0.370000 0.370000 0.370000 0.370000 0.370000 0.370000 0.370000 0.370000 0.370000 0.370000 0.370000 0.370000 0.370000 0.370000 0.370000 0.370000 0.370000 0.370000 0.370000 0.370000 0.370000 0.370000 0.370000 0.370000 0.370000 0.370000 0.370000 0.370000 0.370000 0.370000 0.370000 0.370000 0.370000 0.370000 0.369996 0.369982
0.370000 0.370000 0.370000 0.370000 0.370000 0.370000 0.370000 0.370000 0.370000 0.370000 0.370000 0.370000 0.370000 0.370000 0.370000 0.370000 0.370000 0.370000 0.370000 0.370000 0.370000 0.370000 0.370000 0.370000 0.370000 0.370000 0.370000 0.370000 0.370000 0.370000 0.370000 0.370000 0.370000 0.370000 0.370000 0.370000 0.370000 0.370000 0.370000 0.370000 0.370000 0.370000 0.370000 0.370000 0.370000 0.370000 0.370000 0.370000 0.370000 0.370000 0.370000 0.370000 0.370000 0.370000 0.370000 0.370000 0.370000 0.370000 0.370000 0.370000 0.370000 0.370000 0.370000
0.370000 0.370000 0.370000 0.370000 0.370000 0.370000 0.370000 0.370000 0.370000 0.370000 0.370000 0.370000 0.370000 0.370000 0.370000 0.370000 0.370000 0.370000 0.370000 0.370000 0.370000 0.370000 0.370000 0.370000 0.370000 0.370000 0.370000 0.370000 0.370000 0.370000 0.370000 0.370000 0.370000 0.370000 0.370000 0.370000 0.370000 0.370000 0.370000 0.370000 0.370000 0.370000 0.370000 0.370000 0.370000 0.370000 0.370000 0.370000 0.370000 0.370000 0.370000 0.370000 0.370000 0.370000 0.370000 0.370000 0.370000 0.370000 0.370000 0.370000 0.370000 0.370000 0.370000
0.370000 0.370000 0.370000 0.370000 0.370000 0.370000 0.370000 0.370000 0.370000 0.370000 0.370000 0.370000 0.370000 0.370000 0.370000 0.370000 0.370000 0.370000 0.370000 0.370000 0.370000 0.370000 0.370000 0.370000 0.370000 0.370000 0.370000 0.370000 0.370000 0.370000 0.370000 0.370000 0.370000 0.370000 0.370000 0.370000 0.370000 0.370000 0.370000 0.370000 0.370000 0.370000 0.370000 0.370000 0.370000 0.370000 0.370000 0.370000 0.370000 0.370000 0.370000 0.370000 0.370000 0.370000 0.370000 0.370000 0.370000 0.370000 0.370000 0.370000 0.370000 0.370000 0.370000
0.370000 0.370000 0.370000 0.370000 0.370000 0.370000 0.370000 0.370000 0.370000 0.370000 0.370000 0.370000 0.370000 0.370000 0.370000 0.370000 0.370000 0.370000 0.370000 0.370000 0.370000 0.370000 0.370000 0.370000 0.370000 0.370000 0.370000 0.370000 0.370000 0.370000 0.370000 0.370000 0.370000 0.370000 0.370000 0.370000 0.370000 0.370000 0.370000 0.370000 0.370000 0.370000 0.370000 0.370000 0.370000 0.370000 0.370000 0.370000 0.370000 0.370000 0.370000 0.370000 0.370000 0.370000 0.370000 0.370000 0.370000 0.370000 0.370000 0.370000 0.370000 0.370000 0.370000
0.370000 0.370000 0.370000 0.370000 0.370000 0.370000 0.370000 0.370000 0.370000 0.369999 0.369997 0.369994 0.369995 0.369990 0.369975 0.369952 0.369936 0.369922 0.369884 0.369864 0.369882 0.369917 0.369894 0.369879 0.369890 0.369880 0.369871 0.369905 0.369946 0.369962 0.369974 0.369984 0.369988 0.369993 0.369999 0.370000 0.370000 0.370000 0.370000 0.370000 0.370000 0.370000 0.370000 0.370000 0.370000 0.370000 0.370000 0.370000 0.370000 0.370000 0.370000 0.370000 0.370000 0.370000 0.370000 0.370000 0.370000 0.370000 0.370000 0.370000 0.370000 0.370000 0.370000
0.370000 0.370000 0.370000 0.369999 0.369993 0.369976 0.369928 0.369860 0.369635 0.368764 0.367269 0.367221 0.367683 0.367157 0.364798 0.361510 0.358265 0.353966 0.347489 0.342803 0.346653 0.350623 0.351768 0.352248 0.353483 0.353721 0.353412 0.353371 0.357420 0.360441 0.363132 0.365084 0.366673 0.368869 0.369626 0.369843 0.369940 0.369979 0.369995 0.369999 0.370000 0.370000 0.370000 0.370000 0.370000 0.370000 0.370000 0.370000 0.370000 0.370000 0.370000 0.370000 0.370000 0.370000 0.370000 0.370000 0.370000 0.370000 0.370000 0.370000 0.370000 0.370000 0.370000
0.369998 0.369984 0.369898 0.369542 0.368375 0.365117 0.358603 0.348091 0.330816 0.309577 0.293401 0.298059 0.303171 0.308727 0.298020 0.287100 0.280635 0.268292 0.256006 0.244464 0.251698 0.259546 0.271563 0.274099 0.276515 0.281073 0.279802 0.278438 0.274459 0.282350 0.290530 0.300655 0.319424 0.336419 0.349811 0.358327 0.364146 0.367755 0.369318 0.369809 0.369945 0.369981 0.369995 0.369999 0.370000 0.370000 0.370000 0.370000 0.370000 0.370000 0.370000 0.370000 0.370000 0.370000 0.370000 0.370000 0.370000 0.370000 0.370000 0.370000 0.370000 0.370000 0.370000
0.367314 0.361033 0.343752 0.326526 0.309123 0.288602 0.269118 0.250337 0.227368 0.208444 0.191648 0.194678 0.203512 0.213817 0.207258 0.203321 0.200720 0.192157 0.182819 0.174103 0.176493 0.186016 0.197541 0.201977 0.206393 0.211915 0.211838 0.207147 0.200903 0.204987 0.214799 0.227045 0.245122 0.264196 0.282617 0.299007 0.316245 0.332845 0.347280 0.358649 0.365515 0.368214 0.369464 0.369859 0.369953 0.369978 0.369992 0.369999 0.370000 0.370000 0.370000 0.370000 0.370000 0.370000 0.370000 0.370000 0.370000 0.370000 0.370000 0.370000 0.370000 0.370000 0.370000
0.284109 0.255904 0.236448 0.219854 0.204886 0.191116 0.177491 0.165417 0.154517 0.143910 0.134986 0.137226 0.143307 0.149682 0.150399 0.148907 0.147429 0.143588 0.137621 0.132442 0.135634 0.142375 0.149700 0.154508 0.157949 0.161434 0.159830 0.155377 0.151379 0.155230 0.163417 0.172194 0.183592 0.198328 0.214312 0.231122 0.249508 0.268387 0.289006 0.309375 0.328111 0.343486 0.355243 0.363063 0.366087 0.367972 0.368980 0.369624 0.369867 0.369953 0.369987 0.369998 0.370000 0.370000 0.370000 0.370000 0.370000 0.370000 0.370000 0.370000 0.370000 0.370000 0.370000
0.198475 0.177849 0.163291 0.153504 0.148358 0.141503 0.133315 0.128090 0.122242 0.115955 0.115289 0.116551 0.120631 0.121647 0.121907 0.120938 0.120587 0.118959 0.115184 0.116583 0.119017 0.124004 0.127943 0.131416 0.133916 0.135636 0.135237 0.132092 0.132890 0.135832 0.142168 0.147650 0.155410 0.166987 0.177543 0.190380 0.205974 0.223262 0.242547 0.263476 0.285723 0.305032 0.320146 0.328256 0.336279 0.341910 0.342142 0.351297 0.358703 0.364095 0.367965 0.369419 0.369872 0.369984 0.369999 0.370000 0.370000 0.370000 0.370000 0.370000 0.370000 0.370000 0.370000
0.141945 0.129930 0.121268 0.118194 0.115163 0.112011 0.108608 0.105453 0.102600 0.102309 0.101877 0.101910 0.102466 0.103112 0.103620 0.103395 0.103161 0.103196 0.104206 0.105121 0.106372 0.108945 0.111756 0.114447 0.115598 0.116796 0.117526 0.118313 0.119034 0.120423 0.124216 0.128334 0.133430 0.140557 0.148513 0.158093 0.170629 0.184677 0.201242 0.221284 0.242738 0.259617 0.268379 0.277189 0.281556 0.279395 0.277321 0.285985 0.297650 0.309162 0.326700 0.343163 0.356687 0.367795 0.369792 0.369981 0.369999 0.370000 0.370000 0.370000 0.370000 0.370000 0.370000
0.114856 0.107916 0.103737 0.101722 0.099812 0.097961 0.095702 0.093952 0.093540 0.093223 0.092934 0.092745 0.093248 0.093784 0.094413 0.094327 0.094351 0.094728 0.095380 0.096266 0.097773 0.099719 0.101974 0.104887 0.105827 0.106839 0.108061 0.108647 0.109362 0.110426 0.113435 0.116716 0.120508 0.126174 0.132678 0.140610 0.150976 0.164479 0.182330 0.200623 0.220335 0.237557 0.245102 0.249195 0.248357 0.244345 0.235240 0.235739 0.246060 0.250645 0.264190 0.283686 0.298289 0.331169 0.358151 0.367215 0.369574 0.369938 0.369996 0.370000 0.370000 0.370000 0.370000
0.099018 0.095786 0.092877 0.091217 0.089904 0.088695 0.087669 0.087348 0.087014 0.086802 0.086669 0.086527 0.086807 0.087248 0.087697 0.087890 0.088167 0.088460 0.089134 0.090215 0.091346 0.092983 0.095151 0.097537 0.098535 0.099494 0.100494 0.101193 0.101989 0.102793 0.105013 0.107684 0.110558 0.115273 0.120814 0.127105 0.137111 0.150670 0.166641 0.182567 0.200138 0.218300 0.221174 0.222533 0.222242 0.212435 0.201124 0.197830 0.200579 0.201820 0.209803 0.220727 0.232307 0.259915 0.289136 0.318010 0.345976 0.364769 0.369435 0.369907 0.369986 0.369999 0.370000
