tests/Borden05m/data_simulated/sim_1/output-maps/thetaliqL0004N0012.asc
ncols         160
nrows         34
xllcorner     620200.000000
yllcorner     5168000.000000
cellsize      0.500000
NODATA_value  -9999.0
[rows 0 to 27 of 34, columns 0 to 62 of 160]
-9999.0 -9999.0 -9999.0 -9999.0 -9999.0 -9999.0 -9999.0 -9999.0 -9999.0 -9999.0 -9999.0 -9999.0 -9999.0 -9999.0 -9999.0 -9999.0 -9999.0 -9999.0 -9999.0 -9999.0 -9999.0 -9999.0 -9999.0 -9999.0 -9999.0 -9999.0 -9999.0 -9999.0 -9999.0 -9999.0 -9999.0 -9999.0 -9999.0 -9999.0 -9999.0 -9999.0 -9999.0 -9999.0 -9999.0 -9999.0 -9999.0 -9999.0 -9999.0 -9999.0 -9999.0 -9999.0 -9999.0 -9999.0 -9999.0 -9999.0 -9999.0 -9999.0 -9999.0 -9999.0 -9999.0 -9999.0 -9999.0 -9999.0 -9999.0 -9999.0 -9999.0 -9999.0 -9999.0
-9999.0 -9999.0 -9999.0 -9999.0 -9999.0 -9999.0 -9999.0 -9999.0 -9999.0 -9999.0 -9999.0 -9999.0 -9999.0 -9999.0 -9999.0 -9999.0 -9999.0 -9999.0 -9999.0 -9999.0 -9999.0 -9999.0 -9999.0 -9999.0 -9999.0 -9999.0 -9999.0 -9999.0 -9999.0 -9999.0 -9999.0 -9999.0 -9999.0 -9999.0 -9999.0 -9999.0 -9999.0 -9999.0 -9999.0 -9999.0 -9999.0 -9999.0 -9999.0 -9999.0 -9999.0 -9999.0 -9999.0 -9999.0 -9999.0 -9999.0 -9999.0 -9999.0 -9999.0 -9999.0 -9999.0 -9999.0 -9999.0 -9999.0 -9999.0 0.197809 0.195646 0.194071 0.193088
-9999.0 -9999.0 -9999.0 -9999.0 -9999.0 -9999.0 -9999.0 -9999.0 -9999.0 -9999.0 -9999.0 -9999.0 -9999.0 -9999.0 -9999.0 -9999.0 -9999.0 -9999.0 -9999.0 -9999.0 -9999.0 -9999.0 -9999.0 -9999.0 -9999.0 -9999.0 -9999.0 -9999.0 -9999.0 -9999.0 -9999.0 -9999.0 -9999.0 -9999.0 -9999.0 -9999.0 -9999.0 -9999.0 -9999.0 -9999.0 -9999.0 -9999.0 -9999.0 -9999.0 -9999.0 -9999.0 -9999.0 0.178323 0.172370 0.165458 0.163599 0.171375 0.175289 0.179063 0.181790 0.184373 0.188096 0.194352 0.194147 0.185940 0.184949 0.184632 0.184885
-9999.0 -9999.0 -9999.0 -9999.0 -9999.0 -9999.0 -9999.0 -9999.0 -9999.0 -9999.0 -9999.0 -9999.0 -9999.0 -9999.0 -9999.0 -9999.0 -9999.0 -9999.0 -9999.0 -9999.0 -9999.0 -9999.0 -9999.0 -9999.0 -9999.0 -9999.0 -9999.0 -9999.0 -9999.0 -9999.0 -9999.0 -9999.0 -9999.0 -9999.0 -9999.0 -9999.0 -9999.0 -9999.0 -9999.0 -9999.0 0.179266 0.182025 0.184154 0.180101 0.178161 0.178040 0.173590 0.168699 0.163831 0.165111 0.165230 0.162178 0.167656 0.172365 0.174370 0.176123 0.180339 0.187295 0.187006 0.180705 0.176876 0.175620 0.176372
-9999.0 -9999.0 -9999.0 -9999.0 -9999.0 -9999.0 -9999.0 -9999.0 -9999.0 -9999.0 -9999.0 -9999.0 -9999.0 -9999.0 -9999.0 -9999.0 -9999.0 -9999.0 -9999.0 -9999.0 -9999.0 -9999.0 -9999.0 -9999.0 -9999.0 -9999.0 -9999.0 -9999.0 -9999.0 -9999.0 -9999.0 -9999.0 -9999.0 -9999.0 0.165247 0.170300 0.172823 0.175299 0.178779 0.177930 0.177219 0.179616 0.177479 0.177201 0.174356 0.169174 0.164073 0.161209 0.163870 0.162926 0.163010 0.165610 0.167472 0.168428 0.172338 0.178444 0.176059 0.177791 0.177122 0.174495 0.176832 0.178762 0.180012
-9999.0 -9999.0 -9999.0 -9999.0 -9999.0 -9999.0 -9999.0 -9999.0 -9999.0 -9999.0 -9999.0 -9999.0 -9999.0 -9999.0 -9999.0 -9999.0 -9999.0 -9999.0 -9999.0 -9999.0 -9999.0 -9999.0 -9999.0 -9999.0 -9999.0 -9999.0 -9999.0 -9999.0 0.172500 0.170507 0.168979 0.169032 0.168330 0.165750 0.165191 0.165882 0.168766 0.173358 0.174358 0.174013 0.174493 0.173514 0.170593 0.170259 0.173296 0.170135 0.168461 0.166325 0.161471 0.160288 0.163105 0.165954 0.168534 0.169432 0.170156 0.170443 0.171352 0.178954 0.180970 0.176939 0.174665 0.173616 0.174207
-9999.0 -9999.0 -9999.0 -9999.0 -9999.0 -9999.0 -9999.0 -9999.0 -9999.0 -9999.0 -9999.0 -9999.0 -9999.0 -9999.0 -9999.0 -9999.0 -9999.0 -9999.0 -9999.0 -9999.0 -9999.0 -9999.0 -9999.0 0.168726 0.170536 0.171301 0.172951 0.172173 0.168457 0.166029 0.164971 0.164117 0.162159 0.161995 0.162070 0.163519 0.164728 0.169458 0.167507 0.166260 0.170233 0.169400 0.171957 0.174838 0.174131 0.174594 0.169071 0.164989 0.169073 0.170818 0.170761 0.170023 0.171656 0.173846 0.176588 0.181105 0.186785 0.191712 0.199010 0.194276 0.190636 0.184554 0.185122
-9999.0 -9999.0 -9999.0 -9999.0 -9999.0 -9999.0 -9999.0 -9999.0 -9999.0 -9999.0 -9999.0 -9999.0 -9999.0 -9999.0 -9999.0 -9999.0 -9999.0 -9999.0 -9999.0 0.168463 0.167936 0.166898 0.167369 0.163941 0.162517 0.163591 0.165555 0.164499 0.162478 0.160757 0.160970 0.161223 0.160865 0.163611 0.165941 0.166889 0.166587 0.170408 0.171743 0.174008 0.179543 0.176124 0.172684 0.170888 0.170717 0.169737 0.172850 0.173804 0.174208 0.173983 0.174185 0.175156 0.175909 0.180640 0.185219 0.189247 0.193153 0.198236 0.206792 0.203352 0.196721 0.189690 0.189718
-9999.0 -9999.0 -9999.0 -9999.0 -9999.0 -9999.0 -9999.0 -9999.0 -9999.0 -9999.0 -9999.0 -9999.0 -9999.0 -9999.0 -9999.0 -9999.0 0.167606 0.167327 0.166046 0.164019 0.162247 0.162250 0.163737 0.161207 0.160408 0.161064 0.160017 0.161400 0.162873 0.164605 0.165418 0.163610 0.164036 0.163922 0.163903 0.165024 0.169264 0.173342 0.174506 0.177531 0.182682 0.179947 0.178698 0.178811 0.177089 0.178693 0.186242 0.185240 0.182181 0.190124 0.194519 0.193227 0.192739 0.198246 0.206503 0.216893 0.233134 0.244237 0.256447 0.261307 0.250941 0.248982 0.252700
-9999.0 -9999.0 -9999.0 -9999.0 -9999.0 -9999.0 -9999.0 -9999.0 -9999.0 -9999.0 -9999.0 -9999.0 -9999.0 0.166378 0.166153 0.166627 0.163481 0.160964 0.159474 0.157435 0.160286 0.158367 0.157826 0.158372 0.160953 0.161117 0.161509 0.163216 0.162808 0.162149 0.161503 0.160044 0.162286 0.164601 0.166322 0.169765 0.172623 0.175012 0.179056 0.180166 0.182970 0.182082 0.179139 0.178528 0.180955 0.188110 0.193881 0.196054 0.205948 0.216480 0.221686 0.228100 0.231328 0.235861 0.246274 0.273225 0.304384 0.330121 0.342762 0.350881 0.351916 0.353255 0.354418
-9999.0 -9999.0 -9999.0 -9999.0 -9999.0 -9999.0 -9999.0 -9999.0 -9999.0 -9999.0 0.160947 0.162642 0.160095 0.155495 0.153574 0.154719 0.155942 0.154290 0.154469 0.159481 0.162353 0.157858 0.161128 0.161298 0.159443 0.160057 0.161500 0.161890 0.165150 0.165446 0.165652 0.170997 0.172641 0.174407 0.176775 0.179419 0.181876 0.190692 0.198486 0.198883 0.209316 0.215772 0.210659 0.208787 0.210481 0.218143 0.230545 0.247810 0.264428 0.286874 0.306153 0.318870 0.328016 0.337717 0.347628 0.356883 0.361828 0.364789 0.366806 0.367728 0.368054 0.368217 0.368384
-9999.0 -9999.0 -9999.0 -9999.0 -9999.0 -9999.0 -9999.0 -9999.0 0.154026 0.156697 0.158399 0.156285 0.153457 0.148478 0.150458 0.152427 0.153822 0.155876 0.156927 0.157862 0.156877 0.158667 0.161980 0.161286 0.161758 0.163997 0.164256 0.166369 0.169604 0.168493 0.170399 0.173587 0.176453 0.179092 0.182232 0.184417 0.193551 0.205899 0.219126 0.230441 0.246025 0.264080 0.264018 0.267091 0.270888 0.293273 0.321725 0.345836 0.356486 0.360582 0.363551 0.364915 0.365779 0.366759 0.367753 0.368426 0.369039 0.369538 0.369817 0.369918 0.369954 0.369966 0.369976
-9999.0 -9999.0 -9999.0 -9999.0 -9999.0 -9999.0 0.149909 0.155855 0.158808 0.152189 0.147174 0.145508 0.142629 0.149092 0.154940 0.156186 0.157186 0.158370 0.157940 0.154277 0.163517 0.161305 0.159712 0.162686 0.162695 0.163175 0.165231 0.169704 0.172021 0.180934 0.187808 0.193971 0.202058 0.207267 0.212702 0.219044 0.235150 0.258645 0.287060 0.314265 0.337821 0.352583 0.356462 0.357973 0.359131 0.361073 0.364096 0.366574 0.368315 0.369194 0.369564 0.369680 0.369771 0.369852 0.369921 0.369965 0.369982 0.369995 0.369999 0.370000 0.370000 0.370000 0.370000
-9999.0 -9999.0 -9999.0 -9999.0 0.152804 0.154220 0.153284 0.158606 0.162380 0.154320 0.157174 0.155746 0.153098 0.150009 0.146423 0.149220 0.150952 0.152195 0.151881 0.160848 0.169067 0.164402 0.168617 0.176786 0.175433 0.176622 0.177459 0.181634 0.188996 0.198594 0.219289 0.238397 0.251984 0.267205 0.282303 0.301976 0.330098 0.352158 0.359530 0.363455 0.366118 0.367676 0.368401 0.368677 0.368959 0.369239 0.369530 0.369792 0.369933 0.369988 0.369998 0.369999 0.370000 0.370000 0.370000 0.370000 0.370000 0.370000 0.370000 0.370000 0.370000 0.370000 0.370000
-9999.0 -9999.0 -9999.0 0.148985 0.154836 0.157214 0.154660 0.155940 0.160649 0.156334 0.155602 0.154879 0.154447 0.154579 0.154303 0.156091 0.156597 0.155600 0.157074 0.162858 0.165951 0.170992 0.175267 0.181460 0.186791 0.189139 0.192385 0.200079 0.218657 0.240380 0.277431 0.322010 0.347821 0.356577 0.359581 0.362412 0.364783 0.367227 0.368586 0.369321 0.369725 0.369895 0.369966 0.369977 0.369983 0.369989 0.369996 0.369999 0.370000 0.370000 0.370000 0.370000 0.370000 0.370000 0.370000 0.370000 0.370000 0.370000 0.370000 0.370000 0.370000 0.370000 0.370000
-9999.0 -9999.0 0.149701 0.153098 0.151058 0.155404 0.160413 0.157493 0.163464 0.165548 0.159996 0.163371 0.165220 0.161810 0.164263 0.167085 0.168657 0.164479 0.161744 0.168670 0.183891 0.197114 0.204564 0.235658 0.254007 0.265534 0.271303 0.288354 0.315039 0.348011 0.359519 0.364847 0.367591 0.368818 0.369156 0.369452 0.369734 0.369881 0.369962 0.369992 0.369999 0.370000 0.370000 0.370000 0.370000 0.370000 0.370000 0.370000 0.370000 0.370000 0.370000 0.370000 0.370000 0.370000 0.370000 0.370000 0.370000 0.370000 0.370000 0.370000 0.370000 0.370000 0.370000
-9999.0 -9999.0 0.145921 0.151362 0.147878 0.156555 0.165348 0.157965 0.160905 0.169986 0.168013 0.169423 0.168580 0.169312 0.173635 0.181840 0.178177 0.176801 0.168443 0.190412 0.211579 0.247330 0.305909 0.345651 0.357313 0.358805 0.359464 0.361400 0.364021 0.367441 0.369235 0.369846 0.369975 0.369995 0.369998 0.369999 0.370000 0.370000 0.370000 0.370000 0.370000 0.370000 0.370000 0.370000 0.370000 0.370000 0.370000 0.370000 0.370000 0.370000 0.370000 0.370000 0.370000 0.370000 0.370000 0.370000 0.370000 0.370000 0.370000 0.370000 0.370000 0.370000 0.370000
-9999.0 0.144311 0.147071 0.147444 0.153079 0.151753 0.159023 0.169812 0.170416 0.174981 0.175764 0.170582 0.191858 0.211507 0.218867 0.235638 0.229223 0.224296 0.213748 0.237693 0.279836 0.348319 0.365981 0.368953 0.369554 0.369612 0.369569 0.369721 0.369887 0.369979 0.370000 0.370000 0.370000 0.370000 0.370000 0.370000 0.370000 0.370000 0.370000 0.370000 0.370000 0.370000 0.370000 0.370000 0.370000 0.370000 0.370000 0.370000 0.370000 0.370000 0.370000 0.370000 0.370000 0.370000 0.370000 0.370000 0.370000 0.370000 0.370000 0.370000 0.370000 0.370000 0.370000
-9999.0 0.136583 0.146609 0.152909 0.150840 0.146869 0.162680 0.189177 0.182002 0.180512 0.180550 0.197496 0.249922 0.296093 0.324507 0.346518 0.345637 0.338591 0.339377 0.354360 0.362934 0.368373 0.369968 0.370000 0.370000 0.370000 0.370000 0.370000 0.370000 0.370000 0.370000 0.370000 0.370000 0.370000 0.370000 0.370000 0.370000 0.370000 0.370000 0.370000 0.370000 0.370000 0.370000 0.370000 0.370000 0.370000 0.370000 0.370000 0.370000 0.370000 0.370000 0.370000 0.370000 0.370000 0.370000 0.370000 0.370000 0.370000 0.370000 0.370000 0.370000 0.370000 0.370000
-9999.0 0.144221 0.156244 0.153297 0.143770 0.158429 0.166063 0.185757 0.202292 0.200399 0.223536 0.294183 0.351328 0.362810 0.366584 0.368156 0.368863 0.368863 0.369350 0.369889 0.370000 0.370000 0.370000 0.370000 0.370000 0.370000 0.370000 0.370000 0.370000 0.370000 0.370000 0.370000 0.370000 0.370000 0.370000 0.370000 0.370000 0.370000 0.370000 0.370000 0.370000 0.370000 0.370000 0.370000 0.370000 0.370000 0.370000 0.370000 0.370000 0.370000 0.370000 0.370000 0.370000 0.370000 0.370000 0.370000 0.370000 0.370000 0.370000 0.369999 0.369997 0.369992 0.369992
-9999.0 0.130934 0.146899 0.133569 0.152318 0.171211 0.170458 0.202863 0.243998 0.260845 0.337991 0.361032 0.367931 0.369466 0.369859 0.369976 0.369995 0.370000 0.370000 0.370000 0.370000 0.370000 0.370000 0.370000 0.370000 0.370000 0.370000 0.370000 0.370000 0.370000 0.370000 0.370000 0.370000 0.370000 0.370000 0.370000 0.370000 0.370000 0.370000 0.370000 0.370000 0.370000 0.370000 0.370000 0.370000 0.370000 0.370000 0.370000 0.370000 0.370000 0.370000 0.370000 0.370000 0.370000 0.370000 0.369999 0.369993 0.369981 0.369959 0.369919 0.369849 0.369692 0.369665
-9999.0 0.122296 0.132424 0.140311 0.157366 0.171242 0.186237 0.222606 0.298553 0.349721 0.363896 0.367149 0.369304 0.369917 0.369997 0.370000 0.370000 0.370000 0.370000 0.370000 0.370000 0.370000 0.370000 0.370000 0.370000 0.370000 0.370000 0.370000 0.370000 0.370000 0.370000 0.370000 0.370000 0.370000 0.370000 0.370000 0.370000 0.370000 0.370000 0.370000 0.370000 0.370000 0.370000 0.370000 0.370000 0.370000 0.369999 0.369998 0.369995 0.369992 0.369986 0.369980 0.369978 0.369972 0.369964 0.369943 0.369841 0.369638 0.369350 0.368885 0.367744 0.366955 0.366303
-9999.0 0.105650 0.136060 0.140169 0.150021 0.153601 0.157453 0.182821 0.228072 0.345198 0.368113 0.368835 0.369335 0.369802 0.369984 0.370000 0.370000 0.369998 0.369993 0.369990 0.369995 0.369998 0.369999 0.370000 0.370000 0.370000 0.370000 0.370000 0.370000 0.369999 0.369999 0.369998 0.369997 0.369997 0.369996 0.369997 0.369998 0.369995 0.369989 0.369976 0.369957 0.369936 0.369928 0.369930 0.369929 0.369919 0.369891 0.369840 0.369754 0.369649 0.369546 0.369462 0.369369 0.369224 0.369036 0.368802 0.368011 0.367014 0.365435 0.362307 0.356671 0.347749 0.341354
-9999.0 -9999.0 0.120760 0.140298 0.142833 0.146231 0.149514 0.167624 0.190750 0.271351 0.344904 0.360154 0.364709 0.367592 0.369384 0.369850 0.369889 0.369917 0.369803 0.369783 0.369799 0.369829 0.369884 0.369932 0.369960 0.369971 0.369975 0.369970 0.369951 0.369910 0.369833 0.369744 0.369670 0.369606 0.369677 0.369764 0.369749 0.369689 0.369569 0.369365 0.369150 0.368878 0.368808 0.368846 0.368850 0.368772 0.368614 0.368166 0.367568 0.366814 0.366372 0.365905 0.365430 0.364527 0.363506 0.362297 0.359693 0.355825 0.345220 0.314819 0.277742 0.247644 0.230402
-9999.0 -9999.0 0.103178 0.129648 0.143404 0.153908 0.152313 0.153945 0.180378 0.196094 0.222008 0.263010 0.303309 0.341007 0.354840 0.361445 0.363545 0.364313 0.364280 0.364961 0.366285 0.367426 0.368071 0.368526 0.368860 0.369080 0.369242 0.369031 0.368772 0.368277 0.367391 0.366005 0.365042 0.364494 0.364827 0.365407 0.365021 0.364210 0.362968 0.361381 0.360099 0.358756 0.358393 0.358254 0.358227 0.357861 0.357211 0.354910 0.350414 0.345567 0.340778 0.335976 0.332600 0.325511 0.315837 0.307875 0.290103 0.269998 0.252151 0.233558 0.214774 0.204563 0.195687
-9999.0 -9999.0 -9999.0 0.105687 0.121929 0.136129 0.142230 0.133823 0.139526 0.152114 0.162777 0.179972 0.191798 0.205230 0.226290 0.254054 0.269940 0.275579 0.277361 0.305944 0.323293 0.344788 0.354740 0.357167 0.358875 0.360385 0.360779 0.359727 0.358644 0.356320 0.349668 0.336091 0.324770 0.324253 0.324413 0.326718 0.322308 0.317312 0.306627 0.294828 0.283281 0.274378 0.270865 0.267694 0.266000 0.263399 0.260725 0.255210 0.248884 0.243110 0.238273 0.236762 0.235217 0.232559 0.229154 0.226607 0.222888 0.211581 0.203148 0.195342 0.187441 0.180613 0.174547
-9999.0 -9999.0 -9999.0 -9999.0 -9999.0 0.096833 0.127759 0.135517 0.135791 0.132858 0.136849 0.152901 0.151252 0.154383 0.162321 0.167331 0.170368 0.176845 0.189387 0.201243 0.216847 0.230100 0.247735 0.263736 0.272677 0.282753 0.286377 0.278814 0.271426 0.260464 0.244158 0.229315 0.227440 0.228380 0.228928 0.228378 0.225735 0.223646 0.220803 0.214378 0.208741 0.207392 0.206414 0.205188 0.203806 0.202772 0.201886 0.201429 0.197830 0.194608 0.196246 0.195583 0.195124 0.195224 0.193539 0.192524 0.192601 0.184196 0.179231 0.180153 0.172647 0.167678 0.168341
-9999.0 -9999.0 -9999.0 -9999.0 -9999.0 -9999.0 0.094134 0.111291 0.128491 0.133797 0.142241 0.148995 0.140199 0.143561 0.147354 0.151726 0.158588 0.159496 0.162743 0.167491 0.174145 0.178400 0.186235 0.196705 0.197866 0.200815 0.206205 0.200638 0.197415 0.195468 0.185002 0.186135 0.184506 0.185553 0.185921 0.186919 0.185472 0.184106 0.183319 0.178814 0.178472 0.177221 0.176695 0.176150 0.175577 0.175265 0.175261 0.175373 0.172723 0.174326 0.175011 0.174316 0.173969 0.174412 0.173628 0.172238 0.172405 0.168989 0.168249 0.167997 0.162417 0.162180 0.161588
