tests/Borden05m/data_simulated/sim_1/output-maps/thetaliqL0003N0016.asc
ncols         160
nrows         34
xllcorner     620200.000000
yllcorner     5168000.000000
cellsize      0.500000
NODATA_value  -9999.0
[rows 0 to 27 of 34, columns 0 to 62 of 160]
-9999.0 -9999.0 -9999.0 -9999.0 -9999.0 -9999.0 -9999.0 -9999.0 -9999.0 -9999.0 -9999.0 -9999.0 -9999.0 -9999.0 -9999.0 -9999.0 -9999.0 -9999.0 -9999.0 -9999.0 -9999.0 -9999.0 -9999.0 -9999.0 -9999.0 -9999.0 -9999.0 -9999.0 -9999.0 -9999.0 -9999.0 -9999.0 -9999.0 -9999.0 -9999.0 -9999.0 -9999.0 -9999.0 -9999.0 -9999.0 -9999.0 -9999.0 -9999.0 -9999.0 -9999.0 -9999.0 -9999.0 -9999.0 -9999.0 -9999.0 -9999.0 -9999.0 -9999.0 -9999.0 -9999.0 -9999.0 -9999.0 -9999.0 -9999.0 -9999.0 -9999.0 -9999.0 -9999.0
-9999.0 -9999.0 -9999.0 -9999.0 -9999.0 -9999.0 -9999.0 -9999.0 -9999.0 -9999.0 -9999.0 -9999.0 -9999.0 -9999.0 -9999.0 -9999.0 -9999.0 -9999.0 -9999.0 -9999.0 -9999.0 -9999.0 -9999.0 -9999.0 -9999.0 -9999.0 -9999.0 -9999.0 -9999.0 -9999.0 -9999.0 -9999.0 -9999.0 -9999.0 -9999.0 -9999.0 -9999.0 -9999.0 -9999.0 -9999.0 -9999.0 -9999.0 -9999.0 -9999.0 -9999.0 -9999.0 -9999.0 -9999.0 -9999.0 -9999.0 -9999.0 -9999.0 -9999.0 -9999.0 -9999.0 -9999.0 -9999.0 -9999.0 -9999.0 0.202145 0.201123 0.200398 0.199968
-9999.0 -9999.0 -9999.0 -9999.0 -9999.0 -9999.0 -9999.0 -9999.0 -9999.0 -9999.0 -9999.0 -9999.0 -9999.0 -9999.0 -9999.0 -9999.0 -9999.0 -9999.0 -9999.0 -9999.0 -9999.0 -9999.0 -9999.0 -9999.0 -9999.0 -9999.0 -9999.0 -9999.0 -9999.0 -9999.0 -9999.0 -9999.0 -9999.0 -9999.0 -9999.0 -9999.0 -9999.0 -9999.0 -9999.0 -9999.0 -9999.0 -9999.0 -9999.0 -9999.0 -9999.0 -9999.0 -9999.0 0.193613 0.190775 0.187426 0.186513 0.190264 0.192051 0.193746 0.194931 0.196047 0.197709 0.200621 0.200484 0.196490 0.196059 0.195940 0.196093
-9999.0 -9999.0 -9999.0 -9999.0 -9999.0 -9999.0 -9999.0 -9999.0 -9999.0 -9999.0 -9999.0 -9999.0 -9999.0 -9999.0 -9999.0 -9999.0 -9999.0 -9999.0 -9999.0 -9999.0 -9999.0 -9999.0 -9999.0 -9999.0 -9999.0 -9999.0 -9999.0 -9999.0 -9999.0 -9999.0 -9999.0 -9999.0 -9999.0 -9999.0 -9999.0 -9999.0 -9999.0 -9999.0 -9999.0 -9999.0 0.193704 0.195024 0.196077 0.194153 0.193288 0.193328 0.191266 0.188946 0.186601 0.187266 0.187315 0.185748 0.188356 0.190530 0.191374 0.192097 0.194015 0.197277 0.197105 0.194080 0.192257 0.191683 0.192059
-9999.0 -9999.0 -9999.0 -9999.0 -9999.0 -9999.0 -9999.0 -9999.0 -9999.0 -9999.0 -9999.0 -9999.0 -9999.0 -9999.0 -9999.0 -9999.0 -9999.0 -9999.0 -9999.0 -9999.0 -9999.0 -9999.0 -9999.0 -9999.0 -9999.0 -9999.0 -9999.0 -9999.0 -9999.0 -9999.0 -9999.0 -9999.0 -9999.0 -9999.0 0.187374 0.189794 0.190935 0.192037 0.193643 0.193171 0.192768 0.193916 0.192888 0.192796 0.191473 0.189038 0.186622 0.185271 0.186632 0.186171 0.186189 0.187422 0.188244 0.188607 0.190398 0.193247 0.191968 0.192712 0.192349 0.191092 0.192259 0.193211 0.193824
-9999.0 -9999.0 -9999.0 -9999.0 -9999.0 -9999.0 -9999.0 -9999.0 -9999.0 -9999.0 -9999.0 -9999.0 -9999.0 -9999.0 -9999.0 -9999.0 -9999.0 -9999.0 -9999.0 -9999.0 -9999.0 -9999.0 -9999.0 -9999.0 -9999.0 -9999.0 -9999.0 -9999.0 0.190948 0.189992 0.189262 0.189299 0.188961 0.187681 0.187369 0.187646 0.188979 0.191121 0.191528 0.191306 0.191495 0.191005 0.189590 0.189439 0.190962 0.189477 0.188734 0.187748 0.185376 0.184795 0.186161 0.187500 0.188680 0.189019 0.189256 0.189303 0.189590 0.193178 0.194101 0.192155 0.191082 0.190595 0.190890
-9999.0 -9999.0 -9999.0 -9999.0 -9999.0 -9999.0 -9999.0 -9999.0 -9999.0 -9999.0 -9999.0 -9999.0 -9999.0 -9999.0 -9999.0 -9999.0 -9999.0 -9999.0 -9999.0 -9999.0 -9999.0 -9999.0 -9999.0 0.189227 0.190100 0.190446 0.191227 0.190839 0.189011 0.187835 0.187324 0.186907 0.185936 0.185834 0.185832 0.186489 0.187002 0.189227 0.188194 0.187527 0.189428 0.188992 0.190231 0.191642 0.191305 0.191569 0.188918 0.186949 0.188970 0.189803 0.189731 0.189306 0.190018 0.190978 0.192182 0.194226 0.196820 0.199044 0.202524 0.200212 0.198509 0.195604 0.195897
-9999.0 -9999.0 -9999.0 -9999.0 -9999.0 -9999.0 -9999.0 -9999.0 -9999.0 -9999.0 -9999.0 -9999.0 -9999.0 -9999.0 -9999.0 -9999.0 -9999.0 -9999.0 -9999.0 0.189210 0.188944 0.188422 0.188639 0.186924 0.186202 0.186710 0.187655 0.187116 0.186116 0.185258 0.185361 0.185480 0.185279 0.186606 0.187701 0.188096 0.187859 0.189627 0.190187 0.191210 0.193835 0.192146 0.190475 0.189601 0.189524 0.189039 0.190569 0.191029 0.191191 0.191043 0.191091 0.191494 0.191758 0.193926 0.195980 0.197743 0.199449 0.201745 0.205860 0.204172 0.200983 0.197633 0.197671
-9999.0 -9999.0 -9999.0 -9999.0 -9999.0 -9999.0 -9999.0 -9999.0 -9999.0 -9999.0 -9999.0 -9999.0 -9999.0 -9999.0 -9999.0 -9999.0 0.188903 0.188758 0.188113 0.187078 0.186178 0.186165 0.186884 0.185611 0.185195 0.185497 0.184947 0.185604 0.186308 0.187144 0.187525 0.186610 0.186790 0.186683 0.186608 0.187078 0.189055 0.190917 0.191364 0.192723 0.195135 0.193773 0.193174 0.193234 0.192377 0.193115 0.196706 0.196153 0.194604 0.198387 0.200430 0.199719 0.199377 0.201907 0.205776 0.210831 0.219227 0.225338 0.232552 0.235767 0.229468 0.228417 0.230703
-9999.0 -9999.0 -9999.0 -9999.0 -9999.0 -9999.0 -9999.0 -9999.0 -9999.0 -9999.0 -9999.0 -9999.0 -9999.0 0.188466 0.188341 0.188546 0.186935 0.185665 0.184901 0.183845 0.185243 0.184262 0.183963 0.184212 0.185467 0.185512 0.185670 0.186475 0.186230 0.185867 0.185511 0.184750 0.185811 0.186884 0.187645 0.189222 0.190476 0.191483 0.193299 0.193690 0.194939 0.194473 0.193029 0.192716 0.193849 0.197225 0.199888 0.200840 0.205632 0.210827 0.213425 0.216751 0.218432 0.220816 0.226700 0.244053 0.268310 0.292575 0.307041 0.318172 0.319620 0.321715 0.323530
-9999.0 -9999.0 -9999.0 -9999.0 -9999.0 -9999.0 -9999.0 -9999.0 -9999.0 -9999.0 0.185833 0.186683 0.185417 0.183098 0.182104 0.182652 0.183232 0.182373 0.182423 0.184892 0.186270 0.183990 0.185587 0.185632 0.184669 0.184935 0.185603 0.185736 0.187285 0.187367 0.187402 0.189944 0.190647 0.191401 0.192432 0.193567 0.194582 0.198650 0.202232 0.202239 0.207249 0.210454 0.207853 0.206927 0.207727 0.211550 0.217993 0.227657 0.238049 0.253756 0.269480 0.281136 0.290299 0.301013 0.313130 0.327557 0.340007 0.348857 0.355498 0.358697 0.359868 0.360430 0.361199
-9999.0 -9999.0 -9999.0 -9999.0 -9999.0 -9999.0 -9999.0 -9999.0 0.182401 0.183742 0.184591 0.183529 0.182107 0.179557 0.180543 0.181512 0.182178 0.183168 0.183651 0.184062 0.183503 0.184351 0.185937 0.185538 0.185723 0.186772 0.186829 0.187788 0.189271 0.188629 0.189452 0.190864 0.192117 0.193251 0.194618 0.195487 0.199708 0.205510 0.211976 0.217792 0.226374 0.237573 0.237695 0.239844 0.242443 0.259122 0.284291 0.310717 0.326713 0.336700 0.345479 0.349805 0.352536 0.355625 0.358873 0.361256 0.364086 0.366633 0.368270 0.368988 0.369274 0.369363 0.369512
-9999.0 -9999.0 -9999.0 -9999.0 -9999.0 -9999.0 0.180364 0.183343 0.184802 0.181461 0.178906 0.178055 0.176551 0.179862 0.182804 0.183386 0.183840 0.184382 0.184112 0.182206 0.186738 0.185552 0.184683 0.186090 0.186014 0.186168 0.187085 0.189153 0.190126 0.194276 0.197409 0.200194 0.203948 0.206366 0.208959 0.212065 0.220495 0.234286 0.254099 0.277106 0.301046 0.320603 0.326772 0.329591 0.332527 0.337898 0.346734 0.354487 0.360915 0.364911 0.366853 0.367528 0.368044 0.368524 0.368975 0.369333 0.369615 0.369831 0.369931 0.369981 0.369994 0.369996 0.370000
-9999.0 -9999.0 -9999.0 -9999.0 0.181925 0.182602 0.182083 0.184705 0.186546 0.182484 0.183929 0.183212 0.181878 0.180285 0.178397 0.179800 0.180632 0.181204 0.180980 0.185394 0.189283 0.186874 0.188827 0.192662 0.191884 0.192351 0.192622 0.194471 0.197823 0.202216 0.212304 0.222321 0.230079 0.239836 0.250509 0.266389 0.292748 0.319522 0.334024 0.344923 0.353172 0.358372 0.361105 0.362385 0.363752 0.365151 0.366651 0.368142 0.369147 0.369719 0.369894 0.369946 0.369963 0.369978 0.369989 0.369997 0.370000 0.370000 0.370000 0.370000 0.370000 0.370000 0.370000
-9999.0 -9999.0 -9999.0 0.180078 0.183002 0.184121 0.182762 0.183330 0.185610 0.183431 0.183039 0.182671 0.182451 0.182497 0.182334 0.183184 0.183371 0.182789 0.183433 0.186163 0.187497 0.189786 0.191642 0.194457 0.196896 0.197898 0.199319 0.202910 0.212026 0.223554 0.246934 0.284383 0.313719 0.327238 0.334020 0.341862 0.348789 0.356752 0.362162 0.365547 0.367670 0.368743 0.369333 0.369563 0.369659 0.369758 0.369874 0.369949 0.369986 0.370000 0.370000 0.370000 0.370000 0.370000 0.370000 0.370000 0.370000 0.370000 0.370000 0.370000 0.370000 0.370000 0.370000
-9999.0 -9999.0 0.180535 0.182213 0.181114 0.183233 0.185625 0.184052 0.186911 0.187869 0.185070 0.186705 0.187572 0.185846 0.187007 0.188330 0.189011 0.186883 0.185401 0.188647 0.195762 0.201883 0.205411 0.221352 0.231742 0.238945 0.242821 0.255328 0.278199 0.313680 0.334701 0.349695 0.358626 0.363284 0.364762 0.366177 0.367725 0.368766 0.369466 0.369787 0.369928 0.369979 0.369996 0.370000 0.369999 0.370000 0.370000 0.370000 0.370000 0.370000 0.370000 0.370000 0.370000 0.370000 0.370000 0.370000 0.370000 0.370000 0.370000 0.370000 0.370000 0.370000 0.370000
-9999.0 -9999.0 0.178627 0.181370 0.179523 0.183853 0.188027 0.184208 0.185511 0.189820 0.188743 0.189319 0.188843 0.189142 0.191117 0.195024 0.193105 0.192373 0.188164 0.198587 0.208676 0.227788 0.269728 0.310771 0.329347 0.332284 0.333972 0.339443 0.347175 0.357935 0.365208 0.368551 0.369567 0.369834 0.369903 0.369948 0.369984 0.370000 0.370000 0.370000 0.370000 0.370000 0.370000 0.370000 0.370000 0.370000 0.370000 0.370000 0.370000 0.370000 0.370000 0.370000 0.370000 0.370000 0.370000 0.370000 0.370000 0.370000 0.370000 0.370000 0.370000 0.370000 0.370000
-9999.0 0.177915 0.179300 0.179428 0.182238 0.181441 0.184902 0.189960 0.189952 0.191913 0.192097 0.189405 0.199614 0.209123 0.212689 0.221489 0.217920 0.215268 0.209790 0.222315 0.248939 0.313882 0.353710 0.363431 0.366612 0.367017 0.366846 0.367722 0.368798 0.369602 0.369963 0.370000 0.370000 0.370000 0.370000 0.370000 0.370000 0.370000 0.370000 0.370000 0.370000 0.370000 0.370000 0.370000 0.370000 0.370000 0.370000 0.370000 0.370000 0.370000 0.370000 0.370000 0.370000 0.370000 0.370000 0.370000 0.370000 0.370000 0.370000 0.370000 0.370000 0.370000 0.370000
-9999.0 0.173827 0.179108 0.182292 0.181144 0.179001 0.186764 0.199098 0.195182 0.194111 0.193879 0.202084 0.229426 0.260534 0.285651 0.310578 0.309518 0.301293 0.302725 0.323031 0.343244 0.361519 0.369369 0.369972 0.369997 0.369999 0.369999 0.370000 0.370000 0.370000 0.370000 0.370000 0.370000 0.370000 0.370000 0.370000 0.370000 0.370000 0.370000 0.370000 0.370000 0.370000 0.370000 0.370000 0.370000 0.370000 0.370000 0.370000 0.370000 0.370000 0.370000 0.370000 0.370000 0.370000 0.370000 0.370000 0.370000 0.369999 0.369998 0.369995 0.369990 0.369986 0.369986
-9999.0 0.177980 0.184097 0.182564 0.177617 0.184951 0.188334 0.197216 0.204571 0.203160 0.214905 0.259180 0.316031 0.341765 0.352778 0.357508 0.359994 0.359874 0.363116 0.367553 0.369735 0.370000 0.370000 0.370000 0.370000 0.370000 0.370000 0.370000 0.370000 0.370000 0.370000 0.370000 0.370000 0.370000 0.370000 0.370000 0.370000 0.370000 0.370000 0.370000 0.370000 0.370000 0.370000 0.370000 0.370000 0.370000 0.370000 0.370000 0.370000 0.370000 0.369999 0.369999 0.369998 0.369997 0.369996 0.369994 0.369988 0.369973 0.369945 0.369903 0.369842 0.369759 0.369761
-9999.0 0.170930 0.179454 0.172362 0.182307 0.191369 0.190501 0.205434 0.225707 0.235676 0.298817 0.337329 0.357974 0.365068 0.367804 0.369213 0.369655 0.369872 0.369974 0.369998 0.370000 0.370000 0.370000 0.370000 0.370000 0.370000 0.370000 0.370000 0.370000 0.370000 0.370000 0.370000 0.370000 0.370000 0.370000 0.370000 0.370000 0.370000 0.370000 0.370000 0.370000 0.370000 0.370000 0.370000 0.370000 0.369999 0.369998 0.369995 0.369990 0.369982 0.369970 0.369957 0.369948 0.369932 0.369927 0.369902 0.369749 0.369547 0.369281 0.368899 0.368344 0.367327 0.367199
-9999.0 0.165934 0.171804 0.176205 0.185032 0.191651 0.198735 0.216028 0.262886 0.315586 0.344808 0.355000 0.364323 0.368535 0.369751 0.369927 0.369966 0.369976 0.369987 0.369994 0.369995 0.370000 0.370000 0.370000 0.370000 0.370000 0.370000 0.369999 0.369999 0.369998 0.369998 0.369998 0.369999 0.369999 0.369998 0.369997 0.369997 0.369995 0.369991 0.369987 0.369981 0.369972 0.369963 0.369958 0.369950 0.369943 0.369916 0.369866 0.369794 0.369717 0.369621 0.369528 0.369491 0.369416 0.369307 0.369083 0.368211 0.366835 0.365203 0.362881 0.357928 0.355159 0.353165
-9999.0 0.155106 0.173825 0.176161 0.181350 0.183027 0.184716 0.196536 0.218408 0.308794 0.359926 0.362378 0.364673 0.367456 0.369431 0.369905 0.369927 0.369779 0.369558 0.369452 0.369620 0.369833 0.369925 0.369974 0.369987 0.369990 0.369985 0.369972 0.369943 0.369922 0.369909 0.369880 0.369857 0.369857 0.369841 0.369858 0.369866 0.369805 0.369700 0.369526 0.369314 0.369111 0.369025 0.369030 0.368997 0.368893 0.368637 0.368235 0.367634 0.366966 0.366353 0.365875 0.365362 0.364596 0.363633 0.362448 0.358829 0.354778 0.349536 0.340492 0.326338 0.312505 0.304869
-9999.0 -9999.0 0.165112 0.176195 0.177610 0.179335 0.180930 0.189680 0.200336 0.243830 0.307548 0.335224 0.347692 0.356605 0.364301 0.367615 0.367917 0.368196 0.366794 0.366866 0.367348 0.367896 0.368497 0.368976 0.369283 0.369418 0.369461 0.369406 0.369212 0.368838 0.368270 0.367714 0.367303 0.366971 0.367372 0.367880 0.367783 0.367411 0.366705 0.365568 0.364395 0.363002 0.362599 0.362729 0.362707 0.362300 0.361549 0.359650 0.357384 0.354708 0.353266 0.351785 0.350254 0.347425 0.344317 0.340624 0.333346 0.324709 0.309676 0.277615 0.247338 0.227645 0.218179
-9999.0 -9999.0 0.153301 0.170338 0.177920 0.183343 0.182529 0.183403 0.196124 0.203394 0.215992 0.238384 0.267280 0.302840 0.322217 0.337255 0.342713 0.345069 0.345216 0.347917 0.352684 0.356667 0.359089 0.361109 0.362740 0.363863 0.364689 0.363650 0.362413 0.360258 0.356977 0.352495 0.349672 0.347964 0.349074 0.350954 0.349747 0.347131 0.343279 0.338499 0.334732 0.330979 0.329936 0.329572 0.329515 0.328662 0.327368 0.323199 0.316499 0.310056 0.304077 0.298439 0.294725 0.287376 0.278112 0.270952 0.256292 0.241717 0.230191 0.219689 0.210033 0.205165 0.201092
-9999.0 -9999.0 -9999.0 0.155120 0.165824 0.174019 0.177368 0.172907 0.176132 0.182581 0.187647 0.195691 0.201148 0.207577 0.218010 0.233101 0.242647 0.246101 0.246985 0.269104 0.284970 0.308456 0.322562 0.327041 0.331257 0.335330 0.336472 0.333588 0.330758 0.325611 0.315183 0.298577 0.286740 0.286166 0.286277 0.288572 0.284162 0.279339 0.269651 0.259800 0.250999 0.244734 0.242376 0.240256 0.239137 0.237446 0.235727 0.232261 0.228423 0.225090 0.222360 0.221522 0.220682 0.219230 0.217407 0.216100 0.214190 0.208564 0.204564 0.200943 0.197348 0.194278 0.191532
-9999.0 -9999.0 -9999.0 -9999.0 -9999.0 0.148279 0.169326 0.173700 0.173961 0.172391 0.174547 0.182842 0.181859 0.183285 0.187093 0.189390 0.190597 0.193422 0.199119 0.204656 0.212107 0.218754 0.228317 0.237850 0.243633 0.250642 0.253267 0.247803 0.242768 0.235684 0.225971 0.217760 0.216755 0.217262 0.217561 0.217302 0.215928 0.214877 0.213429 0.210199 0.207391 0.206735 0.206273 0.205690 0.205041 0.204555 0.204136 0.203926 0.202191 0.200626 0.201428 0.201116 0.200913 0.200989 0.200214 0.199790 0.199928 0.195979 0.193702 0.194285 0.190803 0.188508 0.188950
-9999.0 -9999.0 -9999.0 -9999.0 -9999.0 -9999.0 0.145917 0.159140 0.169746 0.172766 0.177385 0.180944 0.176279 0.178023 0.179930 0.182020 0.185255 0.185477 0.186897 0.189029 0.192042 0.193853 0.197424 0.202291 0.202705 0.204083 0.206689 0.203908 0.202353 0.201428 0.196326 0.196888 0.196129 0.196659 0.196851 0.197359 0.196692 0.196068 0.195721 0.193547 0.193407 0.192830 0.192604 0.192369 0.192123 0.192000 0.192019 0.192093 0.190800 0.191572 0.191904 0.191565 0.191408 0.191650 0.191310 0.190685 0.190830 0.189214 0.188916 0.188866 0.186185 0.186142 0.185929
