tests/Borden05m/data_simulated/sim_1/output-maps/thetaliqL0007N0016.asc
ncols         160
nrows         34
xllcorner     620200.000000
yllcorner     5168000.000000
cellsize      0.500000
NODATA_value  -9999.0
[rows 0 to 27 of 34, columns 0 to 62 of 160]
-9999.0 -9999.0 -9999.0 -9999.0 -9999.0 -9999.0 -9999.0 -9999.0 -9999.0 -9999.0 -9999.0 -9999.0 -9999.0 -9999.0 -9999.0 -9999.0 -9999.0 -9999.0 -9999.0 -9999.0 -9999.0 -9999.0 -9999.0 -9999.0 -9999.0 -9999.0 -9999.0 -9999.0 -9999.0 -9999.0 -9999.0 -9999.0 -9999.0 -9999.0 -9999.0 -9999.0 -9999.0 -9999.0 -9999.0 -9999.0 -9999.0 -9999.0 -9999.0 -9999.0 -9999.0 -9999.0 -9999.0 -9999.0 -9999.0 -9999.0 -9999.0 -9999.0 -9999.0 -9999.0 -9999.0 -9999.0 -9999.0 -9999.0 -9999.0 -9999.0 -9999.0 -9999.0 -9999.0
-9999.0 -9999.0 -9999.0 -9999.0 -9999.0 -9999.0 -9999.0 -9999.0 -9999.0 -9999.0 -9999.0 -9999.0 -9999.0 -9999.0 -9999.0 -9999.0 -9999.0 -9999.0 -9999.0 -9999.0 -9999.0 -9999.0 -9999.0 -9999.0 -9999.0 -9999.0 -9999.0 -9999.0 -9999.0 -9999.0 -9999.0 -9999.0 -9999.0 -9999.0 -9999.0 -9999.0 -9999.0 -9999.0 -9999.0 -9999.0 -9999.0 -9999.0 -9999.0 -9999.0 -9999.0 -9999.0 -9999.0 -9999.0 -9999.0 -9999.0 -9999.0 -9999.0 -9999.0 -9999.0 -9999.0 -9999.0 -9999.0 -9999.0 -9999.0 0.332877 0.330000 0.327028 0.324104
-9999.0 -9999.0 -9999.0 -9999.0 -9999.0 -9999.0 -9999.0 -9999.0 -9999.0 -9999.0 -9999.0 -9999.0 -9999.0 -9999.0 -9999.0 -9999.0 -9999.0 -9999.0 -9999.0 -9999.0 -9999.0 -9999.0 -9999.0 -9999.0 -9999.0 -9999.0 -9999.0 -9999.0 -9999.0 -9999.0 -9999.0 -9999.0 -9999.0 -9999.0 -9999.0 -9999.0 -9999.0 -9999.0 -9999.0 -9999.0 -9999.0 -9999.0 -9999.0 -9999.0 -9999.0 -9999.0 -9999.0 0.242357 0.228133 0.214645 0.213416 0.231362 0.250099 0.269003 0.284815 0.298452 0.311305 0.323177 0.325021 0.318720 0.315708 0.313501 0.311942
-9999.0 -9999.0 -9999.0 -9999.0 -9999.0 -9999.0 -9999.0 -9999.0 -9999.0 -9999.0 -9999.0 -9999.0 -9999.0 -9999.0 -9999.0 -9999.0 -9999.0 -9999.0 -9999.0 -9999.0 -9999.0 -9999.0 -9999.0 -9999.0 -9999.0 -9999.0 -9999.0 -9999.0 -9999.0 -9999.0 -9999.0 -9999.0 -9999.0 -9999.0 -9999.0 -9999.0 -9999.0 -9999.0 -9999.0 -9999.0 0.280589 0.285026 0.286274 0.277672 0.268549 0.259016 0.242764 0.228215 0.215651 0.213210 0.215025 0.219509 0.237885 0.257267 0.272620 0.286027 0.299900 0.313210 0.314957 0.307720 0.301728 0.298613 0.298477
-9999.0 -9999.0 -9999.0 -9999.0 -9999.0 -9999.0 -9999.0 -9999.0 -9999.0 -9999.0 -9999.0 -9999.0 -9999.0 -9999.0 -9999.0 -9999.0 -9999.0 -9999.0 -9999.0 -9999.0 -9999.0 -9999.0 -9999.0 -9999.0 -9999.0 -9999.0 -9999.0 -9999.0 -9999.0 -9999.0 -9999.0 -9999.0 -9999.0 -9999.0 0.207903 0.221390 0.235649 0.250259 0.263466 0.268545 0.273135 0.277630 0.274346 0.270289 0.261002 0.245880 0.229707 0.218122 0.215741 0.213485 0.216715 0.226938 0.240074 0.253262 0.269905 0.287532 0.294091 0.302616 0.304591 0.300862 0.301270 0.302086 0.302977
-9999.0 -9999.0 -9999.0 -9999.0 -9999.0 -9999.0 -9999.0 -9999.0 -9999.0 -9999.0 -9999.0 -9999.0 -9999.0 -9999.0 -9999.0 -9999.0 -9999.0 -9999.0 -9999.0 -9999.0 -9999.0 -9999.0 -9999.0 -9999.0 -9999.0 -9999.0 -9999.0 -9999.0 0.211962 0.207342 0.203261 0.201924 0.200740 0.199612 0.204590 0.213850 0.228104 0.245135 0.255218 0.260737 0.265735 0.266183 0.262137 0.260059 0.259909 0.250219 0.240537 0.231511 0.222947 0.221878 0.229240 0.240037 0.252677 0.264278 0.276100 0.286415 0.297337 0.311925 0.317252 0.313216 0.309130 0.306422 0.306645
-9999.0 -9999.0 -9999.0 -9999.0 -9999.0 -9999.0 -9999.0 -9999.0 -9999.0 -9999.0 -9999.0 -9999.0 -9999.0 -9999.0 -9999.0 -9999.0 -9999.0 -9999.0 -9999.0 -9999.0 -9999.0 -9999.0 -9999.0 0.191113 0.195372 0.199868 0.205043 0.205474 0.202024 0.197640 0.195068 0.193674 0.192348 0.195173 0.201111 0.211169 0.223308 0.240276 0.246964 0.252249 0.262155 0.263508 0.266765 0.269631 0.267821 0.265463 0.255694 0.248413 0.253084 0.257960 0.262732 0.268273 0.278143 0.289932 0.302697 0.316334 0.328890 0.338462 0.345410 0.343024 0.339157 0.333643 0.333747
-9999.0 -9999.0 -9999.0 -9999.0 -9999.0 -9999.0 -9999.0 -9999.0 -9999.0 -9999.0 -9999.0 -9999.0 -9999.0 -9999.0 -9999.0 -9999.0 -9999.0 -9999.0 -9999.0 0.174984 0.175371 0.175803 0.178527 0.179050 0.180367 0.184831 0.190174 0.191318 0.190019 0.188553 0.189346 0.190903 0.193505 0.201577 0.211699 0.222390 0.233455 0.250053 0.261726 0.272712 0.285057 0.283475 0.279540 0.277377 0.277340 0.277620 0.282592 0.285486 0.289504 0.293977 0.299045 0.304970 0.311840 0.323181 0.334174 0.343528 0.350872 0.356469 0.360678 0.360157 0.357685 0.354584 0.354724
-9999.0 -9999.0 -9999.0 -9999.0 -9999.0 -9999.0 -9999.0 -9999.0 -9999.0 -9999.0 -9999.0 -9999.0 -9999.0 -9999.0 -9999.0 -9999.0 0.158646 0.159557 0.160548 0.163397 0.164575 0.166679 0.170560 0.170952 0.173127 0.177359 0.180367 0.185700 0.190739 0.195626 0.199586 0.201231 0.206729 0.213790 0.222786 0.235115 0.252734 0.270650 0.283125 0.295294 0.306774 0.306615 0.305452 0.305886 0.306293 0.311839 0.323205 0.326864 0.329212 0.338976 0.345132 0.347327 0.349933 0.355364 0.360888 0.365188 0.368068 0.369125 0.369612 0.369705 0.369504 0.369424 0.369536
-9999.0 -9999.0 -9999.0 -9999.0 -9999.0 -9999.0 -9999.0 -9999.0 -9999.0 -9999.0 -9999.0 -9999.0 -9999.0 0.137568 0.139288 0.143228 0.146774 0.147644 0.149326 0.151936 0.158139 0.159825 0.163092 0.167301 0.173882 0.178985 0.184805 0.192598 0.198350 0.203303 0.208333 0.213292 0.223848 0.235975 0.248744 0.264987 0.281753 0.297473 0.311951 0.321095 0.329135 0.331176 0.330005 0.330706 0.334987 0.343498 0.350830 0.355195 0.360679 0.364667 0.366433 0.367592 0.368219 0.368836 0.369470 0.369904 0.369991 0.369999 0.370000 0.370000 0.370000 0.370000 0.370000
-9999.0 -9999.0 -9999.0 -9999.0 -9999.0 -9999.0 -9999.0 -9999.0 -9999.0 -9999.0 0.123945 0.124823 0.123556 0.123845 0.125296 0.129463 0.134420 0.137176 0.141852 0.151435 0.160188 0.161879 0.170363 0.176203 0.180087 0.186959 0.195834 0.205088 0.218131 0.227870 0.238009 0.254890 0.267953 0.280602 0.293711 0.307394 0.320979 0.337338 0.348664 0.353561 0.359799 0.362674 0.362279 0.362394 0.363696 0.366095 0.368148 0.369325 0.369768 0.369948 0.369988 0.369997 0.369999 0.370000 0.370000 0.370000 0.370000 0.370000 0.370000 0.370000 0.370000 0.370000 0.370000
-9999.0 -9999.0 -9999.0 -9999.0 -9999.0 -9999.0 -9999.0 -9999.0 0.116425 0.118385 0.120319 0.119276 0.117710 0.116711 0.120556 0.125757 0.131513 0.138225 0.145195 0.153745 0.162012 0.171577 0.183523 0.191296 0.199469 0.210408 0.220682 0.234864 0.251945 0.264085 0.279571 0.296132 0.309882 0.321250 0.331524 0.340525 0.351838 0.360829 0.365847 0.368074 0.369289 0.369762 0.369792 0.369835 0.369884 0.369977 0.369998 0.370000 0.370000 0.370000 0.370000 0.370000 0.370000 0.370000 0.370000 0.370000 0.370000 0.370000 0.370000 0.370000 0.370000 0.370000 0.370000
-9999.0 -9999.0 -9999.0 -9999.0 -9999.0 -9999.0 0.109604 0.116082 0.120504 0.117995 0.115657 0.114661 0.113657 0.118851 0.125737 0.131792 0.138420 0.146004 0.153820 0.161803 0.183438 0.194065 0.204724 0.219898 0.230546 0.241442 0.255307 0.274261 0.292371 0.315701 0.333634 0.346235 0.355220 0.360196 0.363650 0.366266 0.368624 0.369695 0.369959 0.369996 0.370000 0.370000 0.370000 0.370000 0.370000 0.370000 0.370000 0.370000 0.370000 0.370000 0.370000 0.370000 0.370000 0.370000 0.370000 0.370000 0.370000 0.370000 0.370000 0.370000 0.370000 0.370000 0.370000
-9999.0 -9999.0 -9999.0 -9999.0 0.102136 0.106639 0.111721 0.120685 0.128410 0.126282 0.128917 0.129062 0.128528 0.129170 0.131044 0.138130 0.145790 0.154286 0.164469 0.188698 0.218720 0.231886 0.253993 0.279775 0.290478 0.301178 0.311638 0.326032 0.341551 0.354721 0.364623 0.368347 0.369407 0.369800 0.369938 0.369988 0.369999 0.370000 0.370000 0.370000 0.370000 0.370000 0.370000 0.370000 0.370000 0.370000 0.370000 0.370000 0.370000 0.370000 0.370000 0.370000 0.370000 0.370000 0.370000 0.370000 0.370000 0.370000 0.370000 0.370000 0.370000 0.370000 0.370000
-9999.0 -9999.0 -9999.0 0.094069 0.100607 0.108500 0.115811 0.125677 0.137811 0.140672 0.144210 0.147343 0.150717 0.155205 0.160684 0.169776 0.177878 0.185324 0.199530 0.227495 0.257145 0.285441 0.309601 0.329499 0.341510 0.348151 0.353833 0.360229 0.366303 0.369002 0.369898 0.369998 0.370000 0.370000 0.370000 0.370000 0.370000 0.370000 0.370000 0.370000 0.370000 0.370000 0.370000 0.370000 0.370000 0.370000 0.370000 0.370000 0.370000 0.370000 0.370000 0.370000 0.370000 0.370000 0.370000 0.370000 0.370000 0.370000 0.370000 0.370000 0.370000 0.370000 0.370000
-9999.0 -9999.0 0.088041 0.092676 0.098347 0.109371 0.124831 0.137532 0.157016 0.171583 0.175970 0.188478 0.200616 0.207018 0.220281 0.234136 0.243838 0.245672 0.254987 0.284824 0.323303 0.348191 0.359378 0.367399 0.369136 0.369647 0.369815 0.369952 0.369995 0.370000 0.370000 0.370000 0.370000 0.370000 0.370000 0.370000 0.370000 0.370000 0.370000 0.370000 0.370000 0.370000 0.370000 0.370000 0.370000 0.370000 0.370000 0.370000 0.370000 0.370000 0.370000 0.370000 0.370000 0.370000 0.370000 0.370000 0.370000 0.370000 0.370000 0.370000 0.370000 0.370000 0.370000
-9999.0 -9999.0 0.085485 0.090350 0.096745 0.111955 0.137199 0.155041 0.180364 0.211451 0.226354 0.245302 0.262358 0.278738 0.297278 0.314322 0.316459 0.317884 0.317789 0.345992 0.362626 0.368943 0.369964 0.370000 0.370000 0.370000 0.370000 0.370000 0.370000 0.370000 0.370000 0.370000 0.370000 0.370000 0.370000 0.370000 0.370000 0.370000 0.370000 0.370000 0.370000 0.370000 0.370000 0.370000 0.370000 0.370000 0.370000 0.370000 0.370000 0.370000 0.370000 0.370000 0.370000 0.370000 0.370000 0.370000 0.370000 0.370000 0.370000 0.370000 0.370000 0.370000 0.370000
-9999.0 0.078982 0.082513 0.087643 0.097581 0.112984 0.144743 0.192313 0.228801 0.262124 0.284760 0.301358 0.336794 0.355980 0.362157 0.366160 0.365971 0.365730 0.365070 0.368555 0.369864 0.370000 0.370000 0.370000 0.370000 0.370000 0.370000 0.370000 0.370000 0.370000 0.370000 0.370000 0.370000 0.370000 0.370000 0.370000 0.370000 0.370000 0.370000 0.370000 0.370000 0.370000 0.370000 0.370000 0.370000 0.370000 0.370000 0.370000 0.370000 0.370000 0.370000 0.370000 0.370000 0.370000 0.370000 0.370000 0.370000 0.370000 0.370000 0.370000 0.370000 0.370000 0.370000
-9999.0 0.077198 0.080703 0.086988 0.096783 0.114554 0.162311 0.252743 0.288462 0.312654 0.332067 0.354061 0.368081 0.369855 0.369982 0.369999 0.369999 0.369998 0.369998 0.370000 0.370000 0.370000 0.370000 0.370000 0.370000 0.370000 0.370000 0.370000 0.370000 0.370000 0.370000 0.370000 0.370000 0.370000 0.370000 0.370000 0.370000 0.370000 0.370000 0.370000 0.370000 0.370000 0.370000 0.370000 0.370000 0.370000 0.370000 0.370000 0.370000 0.370000 0.370000 0.370000 0.370000 0.370000 0.370000 0.370000 0.370000 0.370000 0.370000 0.370000 0.370000 0.370000 0.370000
-9999.0 0.076185 0.079760 0.084903 0.094140 0.124540 0.185444 0.284006 0.339164 0.354049 0.365340 0.369788 0.370000 0.370000 0.370000 0.370000 0.370000 0.370000 0.370000 0.370000 0.370000 0.370000 0.370000 0.370000 0.370000 0.370000 0.370000 0.370000 0.370000 0.370000 0.370000 0.370000 0.370000 0.370000 0.370000 0.370000 0.370000 0.370000 0.370000 0.370000 0.370000 0.370000 0.370000 0.370000 0.370000 0.370000 0.370000 0.370000 0.370000 0.370000 0.370000 0.370000 0.370000 0.370000 0.370000 0.370000 0.370000 0.370000 0.370000 0.370000 0.370000 0.370000 0.370000
-9999.0 0.073331 0.076172 0.079487 0.093227 0.134957 0.206198 0.323104 0.365605 0.369194 0.369993 0.370000 0.370000 0.370000 0.370000 0.370000 0.370000 0.370000 0.370000 0.370000 0.370000 0.370000 0.370000 0.370000 0.370000 0.370000 0.370000 0.370000 0.370000 0.370000 0.370000 0.370000 0.370000 0.370000 0.370000 0.370000 0.370000 0.370000 0.370000 0.370000 0.370000 0.370000 0.370000 0.370000 0.370000 0.370000 0.370000 0.370000 0.370000 0.370000 0.370000 0.370000 0.370000 0.370000 0.370000 0.370000 0.370000 0.370000 0.370000 0.370000 0.370000 0.370000 0.370000
-9999.0 0.071510 0.073302 0.077374 0.090049 0.126149 0.210791 0.336718 0.369675 0.370000 0.370000 0.370000 0.370000 0.370000 0.370000 0.370000 0.370000 0.370000 0.370000 0.370000 0.370000 0.370000 0.370000 0.370000 0.370000 0.370000 0.370000 0.370000 0.370000 0.370000 0.370000 0.370000 0.370000 0.370000 0.370000 0.370000 0.370000 0.370000 0.370000 0.370000 0.370000 0.370000 0.370000 0.370000 0.370000 0.370000 0.370000 0.370000 0.370000 0.370000 0.370000 0.370000 0.370000 0.370000 0.370000 0.370000 0.370000 0.370000 0.370000 0.370000 0.370000 0.370000 0.370000
-9999.0 0.070251 0.072101 0.075103 0.083004 0.101619 0.147011 0.266994 0.358961 0.369996 0.370000 0.370000 0.370000 0.370000 0.370000 0.370000 0.370000 0.370000 0.370000 0.370000 0.370000 0.370000 0.370000 0.370000 0.370000 0.370000 0.370000 0.370000 0.370000 0.370000 0.370000 0.370000 0.370000 0.370000 0.370000 0.370000 0.370000 0.370000 0.370000 0.370000 0.370000 0.370000 0.370000 0.370000 0.370000 0.370000 0.370000 0.370000 0.370000 0.370000 0.370000 0.370000 0.370000 0.370000 0.370000 0.370000 0.370000 0.370000 0.370000 0.370000 0.370000 0.370000 0.370000
-9999.0 -9999.0 0.070878 0.073185 0.077608 0.087573 0.110490 0.180116 0.302548 0.368185 0.369991 0.370000 0.370000 0.370000 0.370000 0.370000 0.370000 0.370000 0.370000 0.370000 0.370000 0.370000 0.370000 0.370000 0.370000 0.370000 0.370000 0.370000 0.370000 0.370000 0.370000 0.370000 0.370000 0.370000 0.370000 0.370000 0.370000 0.370000 0.370000 0.370000 0.370000 0.370000 0.370000 0.370000 0.370000 0.370000 0.370000 0.370000 0.370000 0.370000 0.370000 0.370000 0.370000 0.370000 0.370000 0.370000 0.370000 0.370000 0.370000 0.369995 0.369910 0.369357 0.367877
-9999.0 -9999.0 0.069841 0.071394 0.074439 0.080610 0.091386 0.114526 0.191596 0.290674 0.350085 0.367145 0.369766 0.369987 0.370000 0.370000 0.370000 0.370000 0.370000 0.370000 0.370000 0.370000 0.370000 0.370000 0.370000 0.370000 0.370000 0.370000 0.370000 0.370000 0.370000 0.370000 0.370000 0.370000 0.370000 0.370000 0.370000 0.370000 0.370000 0.370000 0.370000 0.370000 0.370000 0.370000 0.370000 0.370000 0.370000 0.370000 0.370000 0.370000 0.370000 0.369999 0.369999 0.369998 0.369994 0.369989 0.369957 0.369821 0.369374 0.367884 0.363654 0.356980 0.346792
-9999.0 -9999.0 -9999.0 0.070274 0.071886 0.074243 0.078433 0.084226 0.097755 0.128173 0.180056 0.254134 0.305871 0.338228 0.356591 0.365471 0.368164 0.368970 0.369401 0.369925 0.369986 0.369999 0.370000 0.370000 0.370000 0.370000 0.370000 0.370000 0.370000 0.370000 0.370000 0.369999 0.369997 0.369997 0.369997 0.369997 0.369995 0.369993 0.369983 0.369957 0.369905 0.369838 0.369795 0.369745 0.369704 0.369648 0.369579 0.369436 0.369198 0.368877 0.368547 0.368353 0.368127 0.367774 0.367211 0.366475 0.365102 0.360914 0.354574 0.344982 0.329693 0.309981 0.287756
-9999.0 -9999.0 -9999.0 -9999.0 -9999.0 0.070883 0.072858 0.075779 0.079837 0.085783 0.096942 0.120122 0.138998 0.164646 0.200674 0.235388 0.265904 0.295693 0.326275 0.346735 0.359889 0.365452 0.368305 0.369391 0.369670 0.369824 0.369867 0.369795 0.369679 0.369409 0.368616 0.367315 0.366818 0.366765 0.366751 0.366566 0.366045 0.365408 0.364444 0.362363 0.360052 0.358720 0.357661 0.356587 0.355425 0.354352 0.353245 0.352041 0.349072 0.346403 0.346328 0.345174 0.343970 0.342707 0.339722 0.336128 0.331450 0.317008 0.302099 0.290288 0.265243 0.241999 0.225501
-9999.0 -9999.0 -9999.0 -9999.0 -9999.0 -9999.0 0.070247 0.071653 0.073409 0.076035 0.080463 0.086503 0.090182 0.097195 0.107459 0.122582 0.144842 0.167459 0.194955 0.227417 0.262976 0.291673 0.317235 0.337027 0.343869 0.348468 0.352205 0.349449 0.346004 0.342015 0.332084 0.329266 0.325683 0.325463 0.325130 0.324848 0.321691 0.318100 0.314501 0.307378 0.303523 0.299219 0.296069 0.293017 0.289835 0.287069 0.284946 0.282856 0.278148 0.278794 0.278975 0.277476 0.275579 0.273506 0.268403 0.261421 0.254475 0.240916 0.229258 0.217756 0.198682 0.185150 0.172291
