tests/Borden05m/data_simulated/sim_1/output-maps/thetaliqL0006N0013.asc
ncols         160
nrows         34
xllcorner     620200.000000
yllcorner     5168000.000000
cellsize      0.500000
NODATA_value  -9999.0
[rows 0 to 27 of 34, columns 63 to 125 of 160]
-9999.0 -9999.0 -9999.0 -9999.0 -9999.0 -9999.0 -9999.0 -9999.0 -9999.0 -9999.0 -9999.0 -9999.0 -9999.0 -9999.0 -9999.0 -9999.0 -9999.0 -9999.0 -9999.0 -9999.0 -9999.0 -9999.0 -9999.0 -9999.0 -9999.0 -9999.0 -9999.0 -9999.0 -9999.0 -9999.0 -9999.0 -9999.0 -9999.0 -9999.0 -9999.0 -9999.0 -9999.0 -9999.0 -9999.0 -9999.0 -9999.0 -9999.0 -9999.0 -9999.0 -9999.0 -9999.0 -9999.0 -9999.0 -9999.0 -9999.0 -9999.0 -9999.0 -9999.0 -9999.0 -9999.0 -9999.0 -9999.0 -9999.0 -9999.0 -9999.0 -9999.0 -9999.0 -9999.0
0.185001 0.178721 0.172997 0.170428 0.169773 0.169134 0.168807 0.171994 0.176899 0.181789 0.186622 0.188172 0.189800 0.191417 0.191764 0.190780 0.188454 0.186146 0.183785 0.182797 0.177181 0.169912 0.164472 0.162843 0.165493 0.168212 0.169768 0.173666 0.180796 0.188302 0.194441 0.203062 0.207148 0.211199 0.213922 0.210968 0.208422 0.205866 0.202667 0.194724 -9999.0 -9999.0 -9999.0 -9999.0 -9999.0 -9999.0 -9999.0 -9999.0 -9999.0 -9999.0 -9999.0 -9999.0 -9999.0 -9999.0 -9999.0 -9999.0 -9999.0 -9999.0 -9999.0 -9999.0 -9999.0 -9999.0 -9999.0
0.174376 0.168763 0.165375 0.162067 0.161052 0.160918 0.160845 0.163177 0.168856 0.173713 0.176695 0.178160 0.179664 0.179811 0.179455 0.179127 0.177186 0.174952 0.172764 0.171621 0.171501 0.166838 0.163731 0.161880 0.161313 0.162691 0.164013 0.165685 0.171617 0.176974 0.182548 0.192284 0.201228 0.205211 0.203598 0.200012 0.197545 0.193293 0.186767 0.179871 0.173060 0.168667 0.165607 0.162829 0.166519 0.170393 0.177071 0.184053 0.192502 0.201387 -9999.0 -9999.0 -9999.0 -9999.0 -9999.0 -9999.0 -9999.0 -9999.0 -9999.0 -9999.0 -9999.0 -9999.0 -9999.0
0.166499 0.164098 0.161238 0.159020 0.163110 0.163691 0.164271 0.166042 0.168105 0.169193 0.170845 0.174068 0.179747 0.181376 0.181632 0.181640 0.180372 0.178284 0.177094 0.175273 0.171956 0.171432 0.171741 0.171858 0.175247 0.176198 0.176949 0.172377 0.174432 0.178543 0.183199 0.188236 0.193387 0.197106 0.195058 0.194217 0.188621 0.179566 0.172351 0.167145 0.165591 0.163917 0.159758 0.153467 0.157201 0.166131 0.169072 0.171575 0.179376 0.187740 0.194958 0.196295 0.196116 0.195933 0.194198 0.184638 0.175104 0.166191 0.155793 -9999.0 -9999.0 -9999.0 -9999.0
0.167526 0.165568 0.164779 0.172620 0.178600 0.179533 0.181312 0.183372 0.182204 0.173895 0.172081 0.177536 0.184485 0.188528 0.188510 0.188396 0.187434 0.186655 0.186201 0.184430 0.185290 0.187155 0.187914 0.191712 0.195804 0.197756 0.191173 0.184645 0.184842 0.190149 0.195824 0.201383 0.210021 0.219571 0.218590 0.214136 0.207456 0.197379 0.181166 0.168566 0.162627 0.159245 0.155707 0.155217 0.154415 0.160132 0.161326 0.162412 0.167708 0.174181 0.180773 0.184709 0.184505 0.184291 0.182791 0.176709 0.167685 0.159305 0.150707 0.138965 0.127668 0.118404 0.118205
0.171055 0.173295 0.182134 0.191763 0.203073 0.204902 0.206701 0.206379 0.198588 0.190900 0.187563 0.198558 0.210429 0.216928 0.217737 0.218624 0.225757 0.223746 0.221095 0.216273 0.218372 0.221253 0.231396 0.237716 0.243268 0.241564 0.231642 0.222656 0.220839 0.222042 0.223260 0.228054 0.237099 0.246180 0.242292 0.235860 0.226923 0.203678 0.183205 0.172111 0.172894 0.173444 0.170851 0.169107 0.166917 0.162414 0.162349 0.162246 0.162121 0.169333 0.177046 0.179401 0.175638 0.173505 0.172208 0.166927 0.160757 0.152680 0.144451 0.136239 0.125392 0.122866 0.120389
0.202961 0.209400 0.220179 0.236150 0.257207 0.261055 0.264936 0.268967 0.259662 0.248901 0.238250 0.251060 0.259480 0.267823 0.271761 0.282753 0.291910 0.287664 0.279893 0.271953 0.277740 0.290606 0.303208 0.308268 0.310847 0.311698 0.304387 0.299852 0.296709 0.295945 0.292012 0.293761 0.303238 0.315273 0.315434 0.305945 0.286628 0.255497 0.224617 0.205707 0.208481 0.203743 0.199482 0.196167 0.186017 0.178142 0.177953 0.171950 0.168153 0.175316 0.179300 0.180660 0.176780 0.180472 0.175429 0.164649 0.154991 0.147032 0.140344 0.134125 0.131167 0.127668 0.124997
0.247742 0.255865 0.272871 0.295403 0.317569 0.328950 0.335666 0.341130 0.337122 0.330892 0.323835 0.326557 0.335351 0.343239 0.349898 0.355602 0.359763 0.358423 0.355585 0.354878 0.356514 0.361401 0.364551 0.365572 0.366078 0.366710 0.366079 0.364804 0.362895 0.360547 0.358050 0.356272 0.360475 0.363618 0.363047 0.356164 0.344697 0.322457 0.291617 0.259509 0.252394 0.251217 0.249069 0.235105 0.221645 0.205595 0.196607 0.190020 0.179402 0.182287 0.186428 0.194252 0.201766 0.201059 0.189133 0.177384 0.165396 0.154782 0.147455 0.145289 0.142985 0.138774 0.136138
0.347636 0.350744 0.356583 0.364600 0.368576 0.369517 0.369809 0.369844 0.369781 0.369676 0.369436 0.369281 0.369557 0.369737 0.369841 0.369900 0.369937 0.369953 0.369951 0.369951 0.369956 0.369964 0.369974 0.369981 0.369986 0.369991 0.369991 0.369985 0.369977 0.369963 0.369944 0.369937 0.369934 0.369950 0.369947 0.369877 0.369642 0.368796 0.365337 0.356673 0.345686 0.343680 0.333967 0.320666 0.301434 0.268348 0.249296 0.233552 0.208057 0.203938 0.212971 0.224904 0.230614 0.217168 0.204059 0.189945 0.175748 0.163132 0.159359 0.158629 0.156947 0.153882 0.152501
0.369820 0.369857 0.369895 0.369974 0.369997 0.370000 0.370000 0.370000 0.370000 0.370000 0.370000 0.370000 0.370000 0.370000 0.370000 0.370000 0.370000 0.370000 0.370000 0.370000 0.370000 0.370000 0.370000 0.370000 0.370000 0.370000 0.370000 0.370000 0.370000 0.370000 0.370000 0.370000 0.370000 0.370000 0.370000 0.370000 0.370000 0.369998 0.369983 0.369920 0.369797 0.369531 0.368926 0.367483 0.359861 0.342298 0.318041 0.291495 0.262712 0.254977 0.277450 0.297145 0.287979 0.276936 0.260510 0.238180 0.216807 0.196432 0.190636 0.188150 0.184014 0.179549 0.175370
0.370000 0.370000 0.370000 0.370000 0.370000 0.370000 0.370000 0.370000 0.370000 0.370000 0.370000 0.370000 0.370000 0.370000 0.370000 0.370000 0.370000 0.370000 0.370000 0.370000 0.370000 0.370000 0.370000 0.370000 0.370000 0.370000 0.370000 0.370000 0.370000 0.370000 0.370000 0.370000 0.370000 0.370000 0.370000 0.370000 0.370000 0.370000 0.370000 0.370000 0.370000 0.369999 0.369996 0.369989 0.369969 0.369831 0.369590 0.368610 0.364621 0.355951 0.362319 0.359189 0.354158 0.344627 0.327243 0.306187 0.282210 0.256942 0.245994 0.240175 0.232867 0.226883 0.219169
0.370000 0.370000 0.370000 0.370000 0.370000 0.370000 0.370000 0.370000 0.370000 0.370000 0.370000 0.370000 0.370000 0.370000 0.370000 0.370000 0.370000 0.370000 0.370000 0.370000 0.370000 0.370000 0.370000 0.370000 0.370000 0.370000 0.370000 0.370000 0.370000 0.370000 0.370000 0.370000 0.370000 0.370000 0.370000 0.370000 0.370000 0.370000 0.370000 0.370000 0.370000 0.370000 0.370000 0.370000 0.370000 0.370000 0.370000 0.370000 0.369991 0.369942 0.369903 0.369846 0.369703 0.369070 0.366944 0.362219 0.349455 0.327982 0.308860 0.299733 0.290986 0.281097 0.269276
0.370000 0.370000 0.370000 0.370000 0.370000 0.370000 0.370000 0.370000 0.370000 0.370000 0.370000 0.370000 0.370000 0.370000 0.370000 0.370000 0.370000 0.370000 0.370000 0.370000 0.370000 0.370000 0.370000 0.370000 0.370000 0.370000 0.370000 0.370000 0.370000 0.370000 0.370000 0.370000 0.370000 0.370000 0.370000 0.370000 0.370000 0.370000 0.370000 0.370000 0.370000 0.370000 0.370000 0.370000 0.370000 0.370000 0.370000 0.370000 0.370000 0.370000 0.370000 0.370000 0.369999 0.369993 0.369976 0.369945 0.369766 0.368987 0.366671 0.363649 0.356736 0.346029 0.333952
0.370000 0.370000 0.370000 0.370000 0.370000 0.370000 0.370000 0.370000 0.370000 0.370000 0.370000 0.370000 0.370000 0.370000 0.370000 0.370000 0.370000 0.370000 0.370000 0.370000 0.370000 0.370000 0.370000 0.370000 0.370000 0.370000 0.370000 0.370000 0.370000 0.370000 0.370000 0.370000 0.370000 0.370000 0.370000 0.370000 0.370000 0.370000 0.370000 0.370000 0.370000 0.370000 0.370000 0.370000 0.370000 0.370000 0.370000 0.370000 0.370000 0.370000 0.370000 0.370000 0.370000 0.370000 0.370000 0.370000 0.370000 0.369997 0.369978 0.369935 0.369782 0.369343 0.368160
0.370000 0.370000 0.370000 0.370000 0.370000 0.370000 0.370000 0.370000 0.370000 0.370000 0.370000 0.370000 0.370000 0.370000 0.370000 0.370000 0.370000 0.370000 0.370000 0.370000 0.370000 0.370000 0.370000 0.370000 0.370000 0.370000 0.370000 0.370000 0.370000 0.370000 0.370000 0.370000 0.370000 0.370000 0.370000 0.370000 0.370000 0.370000 0.370000 0.370000 0.370000 0.370000 0.370000 0.370000 0.370000 0.370000 0.370000 0.370000 0.370000 0.370000 0.370000 0.370000 0.370000 0.370000 0.370000 0.370000 0.370000 0.370000 0.370000 0.370000 0.369999 0.369994 0.369975
0.370000 0.370000 0.370000 0.370000 0.370000 0.370000 0.370000 0.370000 0.370000 0.370000 0.370000 0.370000 0.370000 0.370000 0.370000 0.370000 0.370000 0.370000 0.370000 0.370000 0.370000 0.370000 0.370000 0.370000 0.370000 0.370000 0.370000 0.370000 0.370000 0.370000 0.370000 0.370000 0.370000 0.370000 0.370000 0.370000 0.370000 0.370000 0.370000 0.370000 0.370000 0.370000 0.370000 0.370000 0.370000 0.370000 0.370000 0.370000 0.370000 0.370000 0.370000 0.370000 0.370000 0.370000 0.370000 0.370000 0.370000 0.370000 0.370000 0.370000 0.370000 0.370000 0.370000
0.370000 0.370000 0.370000 0.370000 0.370000 0.370000 0.370000 0.370000 0.370000 0.370000 0.370000 0.370000 0.370000 0.370000 0.370000 0.370000 0.370000 0.370000 0.370000 0.370000 0.370000 0.370000 0.370000 0.370000 0.370000 0.370000 0.370000 0.370000 0.370000 0.370000 0.370000 0.370000 0.370000 0.370000 0.370000 0.370000 0.370000 0.370000 0.370000 0.370000 0.370000 0.370000 0.370000 0.370000 0.370000 0.370000 0.370000 0.370000 0.370000 0.370000 0.370000 0.370000 0.370000 0.370000 0.370000 0.370000 0.370000 0.370000 0.370000 0.370000 0.370000 0.370000 0.370000
0.370000 0.370000 0.370000 0.370000 0.370000 0.370000 0.370000 0.370000 0.370000 0.370000 0.370000 0.370000 0.370000 0.370000 0.370000 0.370000 0.370000 0.370000 0.370000 0.370000 0.370000 0.370000 0.370000 0.370000 0.370000 0.370000 0.370000 0.370000 0.370000 0.370000 0.370000 0.370000 0.370000 0.370000 0.370000 0.370000 0.370000 0.370000 0.370000 0.370000 0.370000 0.370000 0.370000 0.370000 0.370000 0.370000 0.370000 0.370000 0.370000 0.370000 0.370000 0.370000 0.370000 0.370000 0.370000 0.370000 0.370000 0.370000 0.370000 0.370000 0.370000 0.370000 0.370000
0.370000 0.370000 0.370000 0.370000 0.370000 0.370000 0.370000 0.370000 0.370000 0.370000 0.370000 0.370000 0.370000 0.370000 0.370000 0.370000 0.370000 0.370000 0.370000 0.370000 0.370000 0.370000 0.370000 0.370000 0.370000 0.370000 0.370000 0.370000 0.370000 0.370000 0.370000 0.370000 0.370000 0.370000 0.370000 0.370000 0.370000 0.370000 0.370000 0.370000 0.370000 0.370000 0.370000 0.370000 0.370000 0.370000 0.370000 0.370000 0.370000 0.370000 0.370000 0.370000 0.370000 0.370000 0.370000 0.370000 0.370000 0.370000 0.370000 0.370000 0.370000 0.370000 0.370000
0.370000 0.370000 0.370000 0.370000 0.370000 0.370000 0.370000 0.370000 0.370000 0.369998 0.369996 0.369993 0.369993 0.369987 0.369968 0.369939 0.369918 0.369899 0.369851 0.369826 0.369849 0.369893 0.369865 0.369846 0.369860 0.369848 0.369837 0.369878 0.369929 0.369950 0.369966 0.369978 0.369984 0.369990 0.369998 0.369999 0.370000 0.370000 0.370000 0.370000 0.370000 0.370000 0.370000 0.370000 0.370000 0.370000 0.370000 0.370000 0.370000 0.370000 0.370000 0.370000 0.370000 0.370000 0.370000 0.370000 0.370000 0.370000 0.370000 0.370000 0.370000 0.370000 0.370000
0.370000 0.370000 0.370000 0.369999 0.369990 0.369968 0.369909 0.369826 0.369578 0.368715 0.367396 0.367372 0.367777 0.367334 0.365294 0.362333 0.359323 0.355288 0.349170 0.344696 0.348352 0.352114 0.353239 0.353732 0.354898 0.355134 0.354837 0.354755 0.358502 0.361311 0.363787 0.365541 0.366933 0.368856 0.369583 0.369811 0.369923 0.369972 0.369993 0.369999 0.370000 0.370000 0.370000 0.370000 0.370000 0.370000 0.370000 0.370000 0.370000 0.370000 0.370000 0.370000 0.370000 0.370000 0.370000 0.370000 0.370000 0.370000 0.370000 0.370000 0.370000 0.370000 0.370000
0.369997 0.369979 0.369873 0.369474 0.368371 0.365560 0.359680 0.349793 0.333102 0.312124 0.295890 0.300452 0.305518 0.310989 0.300183 0.289117 0.282531 0.270065 0.257645 0.246003 0.253292 0.261209 0.273274 0.275823 0.278262 0.282837 0.281571 0.280229 0.276337 0.284334 0.292635 0.302890 0.321733 0.338624 0.351568 0.359535 0.364777 0.367913 0.369290 0.369777 0.369931 0.369974 0.369992 0.369998 0.370000 0.370000 0.370000 0.370000 0.370000 0.370000 0.370000 0.370000 0.370000 0.370000 0.370000 0.370000 0.370000 0.370000 0.370000 0.370000 0.370000 0.370000 0.370000
0.367382 0.361821 0.345510 0.328841 0.311591 0.290868 0.271053 0.251943 0.228620 0.209394 0.192378 0.195407 0.204295 0.214657 0.208005 0.204001 0.201354 0.192707 0.183286 0.174500 0.176908 0.186500 0.198109 0.202576 0.207025 0.212591 0.212521 0.207813 0.201545 0.205687 0.215602 0.227979 0.246251 0.265567 0.284259 0.300911 0.318376 0.335058 0.349204 0.359863 0.366000 0.368328 0.369439 0.369834 0.369940 0.369971 0.369989 0.369998 0.370000 0.370000 0.370000 0.370000 0.370000 0.370000 0.370000 0.370000 0.370000 0.370000 0.370000 0.370000 0.370000 0.370000 0.370000
0.286497 0.257893 0.237964 0.221016 0.205761 0.191766 0.177965 0.165762 0.154762 0.144080 0.135103 0.137349 0.143455 0.149857 0.150571 0.149068 0.147581 0.143720 0.137726 0.132526 0.135730 0.142496 0.149853 0.154682 0.158139 0.161643 0.160034 0.155563 0.151550 0.155425 0.163662 0.172498 0.183984 0.198842 0.214975 0.231957 0.250546 0.269669 0.290583 0.311261 0.330196 0.345496 0.356768 0.363860 0.366521 0.368127 0.368981 0.369585 0.369839 0.369940 0.369982 0.369996 0.370000 0.370000 0.370000 0.370000 0.370000 0.370000 0.370000 0.370000 0.370000 0.370000 0.370000
0.199210 0.178334 0.163618 0.153737 0.148543 0.141641 0.133411 0.128163 0.122294 0.115988 0.115321 0.116586 0.120676 0.121692 0.121952 0.120979 0.120627 0.118995 0.115211 0.116613 0.119052 0.124050 0.127998 0.131480 0.133986 0.135712 0.135312 0.132158 0.132960 0.135912 0.142272 0.147775 0.155569 0.167204 0.177823 0.190746 0.206456 0.223885 0.243338 0.264462 0.286942 0.306506 0.321863 0.330167 0.338268 0.343904 0.344263 0.353020 0.359881 0.364721 0.368075 0.369376 0.369844 0.369979 0.369999 0.370000 0.370000 0.370000 0.370000 0.370000 0.370000 0.370000 0.370000
0.142089 0.130014 0.121319 0.118234 0.115195 0.112037 0.108628 0.105468 0.102611 0.102321 0.101889 0.101922 0.102477 0.103124 0.103632 0.103406 0.103173 0.103208 0.104220 0.105136 0.106386 0.108962 0.111776 0.114471 0.115622 0.116822 0.117553 0.118342 0.119065 0.120456 0.124256 0.128384 0.133493 0.140641 0.148625 0.158243 0.170838 0.184962 0.201628 0.221803 0.243409 0.260430 0.269320 0.278272 0.282777 0.280739 0.278784 0.287678 0.299599 0.311384 0.329081 0.345316 0.358065 0.367898 0.369758 0.369974 0.369998 0.370000 0.370000 0.370000 0.370000 0.370000 0.370000
0.114887 0.107934 0.103750 0.101734 0.099823 0.097970 0.095709 0.093958 0.093547 0.093230 0.092941 0.092752 0.093256 0.093791 0.094421 0.094334 0.094358 0.094735 0.095388 0.096274 0.097782 0.099728 0.101985 0.104901 0.105841 0.106853 0.108077 0.108663 0.109379 0.110443 0.113456 0.116741 0.120539 0.126215 0.132733 0.140685 0.151081 0.164631 0.182557 0.200937 0.220757 0.238084 0.245696 0.249850 0.249054 0.245074 0.235980 0.236554 0.247016 0.251743 0.265529 0.285351 0.300410 0.333599 0.359351 0.367401 0.369529 0.369923 0.369995 0.370000 0.370000 0.370000 0.370000
0.099027 0.095794 0.092883 0.091223 0.089910 0.088701 0.087673 0.087353 0.087019 0.086807 0.086674 0.086532 0.086812 0.087253 0.087703 0.087895 0.088172 0.088465 0.089139 0.090221 0.091352 0.092989 0.095159 0.097546 0.098544 0.099503 0.100504 0.101203 0.101999 0.102803 0.105025 0.107698 0.110574 0.115295 0.120843 0.127142 0.137168 0.150760 0.166778 0.182760 0.200404 0.218655 0.221556 0.222944 0.222678 0.212854 0.201516 0.198237 0.201039 0.202332 0.210425 0.221510 0.233306 0.261343 0.291163 0.320490 0.348041 0.365279 0.369400 0.369886 0.369981 0.369998 0.370000
