tests/Borden05m/data_simulated/sim_1/output-maps/thetaliqL0003N0011.asc
ncols         160
nrows         34
xllcorner     620200.000000
yllcorner     5168000.000000
cellsize      0.500000
NODATA_value  -9999.0
[rows 0 to 27 of 34, columns 0 to 62 of 160]
-9999.0 -9999.0 -9999.0 -9999.0 -9999.0 -9999.0 -9999.0 -9999.0 -9999.0 -9999.0 -9999.0 -9999.0 -9999.0 -9999.0 -9999.0 -9999.0 -9999.0 -9999.0 -9999.0 -9999.0 -9999.0 -9999.0 -9999.0 -9999.0 -9999.0 -9999.0 -9999.0 -9999.0 -9999.0 -9999.0 -9999.0 -9999.0 -9999.0 -9999.0 -9999.0 -9999.0 -9999.0 -9999.0 -9999.0 -9999.0 -9999.0 -9999.0 -9999.0 -9999.0 -9999.0 -9999.0 -9999.0 -9999.0 -9999.0 -9999.0 -9999.0 -9999.0 -9999.0 -9999.0 -9999.0 -9999.0 -9999.0 -9999.0 -9999.0 -9999.0 -9999.0 -9999.0 -9999.0
-9999.0 -9999.0 -9999.0 -9999.0 -9999.0 -9999.0 -9999.0 -9999.0 -9999.0 -9999.0 -9999.0 -9999.0 -9999.0 -9999.0 -9999.0 -9999.0 -9999.0 -9999.0 -9999.0 -9999.0 -9999.0 -9999.0 -9999.0 -9999.0 -9999.0 -9999.0 -9999.0 -9999.0 -9999.0 -9999.0 -9999.0 -9999.0 -9999.0 -9999.0 -9999.0 -9999.0 -9999.0 -9999.0 -9999.0 -9999.0 -9999.0 -9999.0 -9999.0 -9999.0 -9999.0 -9999.0 -9999.0 -9999.0 -9999.0 -9999.0 -9999.0 -9999.0 -9999.0 -9999.0 -9999.0 -9999.0 -9999.0 -9999.0 -9999.0 0.227208 0.226027 0.225227 0.224799
-9999.0 -9999.0 -9999.0 -9999.0 -9999.0 -9999.0 -9999.0 -9999.0 -9999.0 -9999.0 -9999.0 -9999.0 -9999.0 -9999.0 -9999.0 -9999.0 -9999.0 -9999.0 -9999.0 -9999.0 -9999.0 -9999.0 -9999.0 -9999.0 -9999.0 -9999.0 -9999.0 -9999.0 -9999.0 -9999.0 -9999.0 -9999.0 -9999.0 -9999.0 -9999.0 -9999.0 -9999.0 -9999.0 -9999.0 -9999.0 -9999.0 -9999.0 -9999.0 -9999.0 -9999.0 -9999.0 -9999.0 0.218456 0.214928 0.210696 0.209494 0.214198 0.216262 0.218160 0.219389 0.220519 0.222321 0.225700 0.225439 0.220473 0.220014 0.219937 0.220193
-9999.0 -9999.0 -9999.0 -9999.0 -9999.0 -9999.0 -9999.0 -9999.0 -9999.0 -9999.0 -9999.0 -9999.0 -9999.0 -9999.0 -9999.0 -9999.0 -9999.0 -9999.0 -9999.0 -9999.0 -9999.0 -9999.0 -9999.0 -9999.0 -9999.0 -9999.0 -9999.0 -9999.0 -9999.0 -9999.0 -9999.0 -9999.0 -9999.0 -9999.0 -9999.0 -9999.0 -9999.0 -9999.0 -9999.0 -9999.0 0.217870 0.219508 0.220856 0.218525 0.217569 0.217795 0.215347 0.212509 0.209591 0.210503 0.210541 0.208401 0.211580 0.214142 0.214975 0.215644 0.217828 0.221708 0.221422 0.217698 0.215485 0.214807 0.215309
-9999.0 -9999.0 -9999.0 -9999.0 -9999.0 -9999.0 -9999.0 -9999.0 -9999.0 -9999.0 -9999.0 -9999.0 -9999.0 -9999.0 -9999.0 -9999.0 -9999.0 -9999.0 -9999.0 -9999.0 -9999.0 -9999.0 -9999.0 -9999.0 -9999.0 -9999.0 -9999.0 -9999.0 -9999.0 -9999.0 -9999.0 -9999.0 -9999.0 -9999.0 0.210711 0.213727 0.215023 0.216247 0.218132 0.217415 0.216796 0.218212 0.216929 0.216889 0.215322 0.212358 0.209411 0.207788 0.209624 0.209048 0.209028 0.210512 0.211407 0.211677 0.213746 0.217132 0.215305 0.216064 0.215536 0.213992 0.215515 0.216746 0.217527
-9999.0 -9999.0 -9999.0 -9999.0 -9999.0 -9999.0 -9999.0 -9999.0 -9999.0 -9999.0 -9999.0 -9999.0 -9999.0 -9999.0 -9999.0 -9999.0 -9999.0 -9999.0 -9999.0 -9999.0 -9999.0 -9999.0 -9999.0 -9999.0 -9999.0 -9999.0 -9999.0 -9999.0 0.215398 0.214197 0.213286 0.213354 0.212920 0.211238 0.210753 0.210992 0.212551 0.215122 0.215492 0.215103 0.215264 0.214609 0.212818 0.212663 0.214671 0.212878 0.212046 0.210874 0.207858 0.207098 0.208803 0.210419 0.211782 0.212034 0.212131 0.211954 0.212112 0.216412 0.217440 0.215038 0.213769 0.213221 0.213607
-9999.0 -9999.0 -9999.0 -9999.0 -9999.0 -9999.0 -9999.0 -9999.0 -9999.0 -9999.0 -9999.0 -9999.0 -9999.0 -9999.0 -9999.0 -9999.0 -9999.0 -9999.0 -9999.0 -9999.0 -9999.0 -9999.0 -9999.0 0.213402 0.214500 0.214898 0.215862 0.215341 0.212971 0.211468 0.210825 0.210290 0.209017 0.208843 0.208759 0.209492 0.210003 0.212698 0.211229 0.210258 0.212593 0.212003 0.213587 0.215392 0.214988 0.215376 0.212046 0.209558 0.212140 0.213156 0.212982 0.212327 0.213083 0.214097 0.215366 0.217639 0.220554 0.222984 0.227041 0.224234 0.222285 0.218822 0.219206
-9999.0 -9999.0 -9999.0 -9999.0 -9999.0 -9999.0 -9999.0 -9999.0 -9999.0 -9999.0 -9999.0 -9999.0 -9999.0 -9999.0 -9999.0 -9999.0 -9999.0 -9999.0 -9999.0 0.213599 0.213241 0.212542 0.212793 0.210505 0.209527 0.210142 0.211327 0.210599 0.209284 0.208165 0.208291 0.208428 0.208128 0.209780 0.211094 0.211466 0.210990 0.213069 0.213610 0.214752 0.217946 0.215772 0.213664 0.212564 0.212463 0.211816 0.213706 0.214241 0.214368 0.214060 0.213996 0.214383 0.214552 0.217016 0.219233 0.221003 0.222644 0.225012 0.229634 0.227590 0.223950 0.220047 0.220088
-9999.0 -9999.0 -9999.0 -9999.0 -9999.0 -9999.0 -9999.0 -9999.0 -9999.0 -9999.0 -9999.0 -9999.0 -9999.0 -9999.0 -9999.0 -9999.0 0.213410 0.213205 0.212332 0.210918 0.209706 0.209660 0.210564 0.208865 0.208281 0.208626 0.207857 0.208663 0.209532 0.210577 0.211028 0.209791 0.209951 0.209712 0.209486 0.209925 0.212260 0.214403 0.214742 0.216256 0.219118 0.217349 0.216604 0.216674 0.215543 0.216336 0.220642 0.219779 0.217651 0.222086 0.224366 0.223299 0.222674 0.225429 0.229596 0.234876 0.243663 0.249337 0.256073 0.258938 0.252504 0.251515 0.253774
-9999.0 -9999.0 -9999.0 -9999.0 -9999.0 -9999.0 -9999.0 -9999.0 -9999.0 -9999.0 -9999.0 -9999.0 -9999.0 0.213110 0.212918 0.213136 0.210951 0.209245 0.208204 0.206763 0.208542 0.207212 0.206772 0.207046 0.208632 0.208627 0.208760 0.209726 0.209324 0.208773 0.208229 0.207143 0.208397 0.209640 0.210447 0.212255 0.213587 0.214553 0.216534 0.216759 0.218074 0.217372 0.215569 0.215154 0.216445 0.220363 0.223270 0.224047 0.229397 0.235042 0.237560 0.240905 0.242322 0.244297 0.249576 0.265802 0.286079 0.306981 0.322335 0.335481 0.337395 0.339752 0.341820
-9999.0 -9999.0 -9999.0 -9999.0 -9999.0 -9999.0 -9999.0 -9999.0 -9999.0 -9999.0 0.209815 0.210930 0.209258 0.206148 0.204797 0.205471 0.206178 0.204986 0.204992 0.208160 0.209882 0.206822 0.208834 0.208817 0.207485 0.207746 0.208516 0.208567 0.210438 0.210403 0.210291 0.213372 0.214069 0.214819 0.215891 0.217036 0.217929 0.222511 0.226409 0.225961 0.231543 0.235006 0.231852 0.230704 0.231476 0.235464 0.241942 0.251283 0.261034 0.275346 0.288352 0.297694 0.305375 0.315752 0.330544 0.346413 0.353150 0.357662 0.361411 0.363404 0.364160 0.364548 0.364940
-9999.0 -9999.0 -9999.0 -9999.0 -9999.0 -9999.0 -9999.0 -9999.0 0.205336 0.207100 0.208203 0.206799 0.204916 0.201505 0.202774 0.203995 0.204806 0.206038 0.206585 0.207018 0.206163 0.207162 0.209118 0.208481 0.208616 0.209861 0.209793 0.210851 0.212541 0.211469 0.212244 0.213735 0.215016 0.216152 0.217554 0.218262 0.222909 0.229200 0.236027 0.241778 0.250025 0.260523 0.260209 0.262291 0.264648 0.278929 0.299263 0.327787 0.346053 0.351638 0.355814 0.357895 0.359354 0.361251 0.363443 0.365063 0.366556 0.367988 0.368982 0.369435 0.369630 0.369716 0.369765
-9999.0 -9999.0 -9999.0 -9999.0 -9999.0 -9999.0 0.202703 0.206598 0.208477 0.204041 0.200634 0.199496 0.197481 0.201876 0.205719 0.206412 0.206927 0.207546 0.207076 0.204415 0.210164 0.208446 0.207141 0.208788 0.208538 0.208584 0.209581 0.211974 0.212869 0.217667 0.221026 0.223887 0.227928 0.230345 0.232945 0.235936 0.244317 0.257255 0.274935 0.293379 0.315811 0.338604 0.345609 0.348268 0.349856 0.352257 0.356607 0.361090 0.364864 0.367026 0.368082 0.368455 0.368780 0.369112 0.369436 0.369682 0.369792 0.369905 0.369965 0.369993 0.369999 0.370000 0.370000
-9999.0 -9999.0 -9999.0 -9999.0 0.204927 0.205757 0.204971 0.208341 0.210677 0.205284 0.207167 0.206199 0.204412 0.202264 0.199709 0.201493 0.202508 0.203165 0.202726 0.208281 0.213047 0.209647 0.211871 0.216454 0.215201 0.215569 0.215657 0.217604 0.221223 0.225851 0.236896 0.246976 0.253806 0.262713 0.272115 0.284705 0.306869 0.338557 0.349919 0.355535 0.360068 0.363323 0.365036 0.365722 0.366430 0.367149 0.367986 0.368886 0.369501 0.369841 0.369935 0.369969 0.369978 0.369990 0.369997 0.370000 0.370000 0.370000 0.370000 0.370000 0.370000 0.370000 0.370000
-9999.0 -9999.0 -9999.0 0.202578 0.206382 0.207748 0.205806 0.206413 0.209286 0.206317 0.205737 0.205183 0.204825 0.204818 0.204515 0.205529 0.205684 0.204832 0.205513 0.208749 0.210040 0.212504 0.214363 0.217333 0.219915 0.220804 0.222205 0.226000 0.235802 0.246985 0.269039 0.299919 0.331057 0.345961 0.350212 0.354027 0.357676 0.362389 0.365432 0.367337 0.368626 0.369319 0.369689 0.369762 0.369811 0.369849 0.369926 0.369970 0.369993 0.370000 0.370000 0.370000 0.370000 0.370000 0.370000 0.370000 0.370000 0.370000 0.370000 0.370000 0.370000 0.370000 0.370000
-9999.0 -9999.0 0.203309 0.205468 0.203878 0.206521 0.209477 0.207184 0.210730 0.211792 0.207991 0.209981 0.210950 0.208546 0.209884 0.211424 0.212208 0.209392 0.207319 0.211018 0.219288 0.225923 0.229018 0.245927 0.256158 0.262900 0.266031 0.276479 0.294102 0.332128 0.349865 0.357751 0.363066 0.366019 0.366920 0.367800 0.368800 0.369283 0.369667 0.369868 0.369963 0.369993 0.370000 0.370000 0.370000 0.370000 0.370000 0.370000 0.370000 0.370000 0.370000 0.370000 0.370000 0.370000 0.370000 0.370000 0.370000 0.370000 0.370000 0.370000 0.370000 0.370000 0.370000
-9999.0 -9999.0 0.200787 0.204375 0.201746 0.207269 0.212478 0.207108 0.208505 0.213810 0.212154 0.212616 0.211625 0.211640 0.213824 0.218436 0.215949 0.215000 0.209539 0.221887 0.232855 0.251873 0.289346 0.328848 0.347167 0.349419 0.350208 0.352650 0.356417 0.362902 0.367334 0.369140 0.369751 0.369912 0.369954 0.369981 0.369999 0.370000 0.370000 0.370000 0.370000 0.370000 0.370000 0.370000 0.370000 0.370000 0.370000 0.370000 0.370000 0.370000 0.370000 0.370000 0.370000 0.370000 0.370000 0.370000 0.370000 0.370000 0.370000 0.370000 0.370000 0.370000 0.370000
-9999.0 0.199971 0.201745 0.201794 0.205349 0.203979 0.208119 0.214194 0.213679 0.215749 0.215548 0.211570 0.223473 0.234042 0.237308 0.246524 0.242269 0.239362 0.232764 0.245753 0.270530 0.334299 0.359757 0.366349 0.368098 0.368300 0.368160 0.368674 0.369329 0.369808 0.369991 0.370000 0.370000 0.370000 0.370000 0.370000 0.370000 0.370000 0.370000 0.370000 0.370000 0.370000 0.370000 0.370000 0.370000 0.370000 0.370000 0.370000 0.370000 0.370000 0.370000 0.370000 0.370000 0.370000 0.370000 0.370000 0.370000 0.370000 0.370000 0.370000 0.370000 0.370000 0.370000
-9999.0 0.194487 0.201523 0.205631 0.203861 0.200599 0.210242 0.225341 0.219427 0.217415 0.216383 0.225274 0.254674 0.283636 0.304492 0.330617 0.328386 0.317516 0.318465 0.342699 0.354973 0.365000 0.369725 0.370000 0.370000 0.370000 0.370000 0.370000 0.370000 0.370000 0.370000 0.370000 0.370000 0.370000 0.370000 0.370000 0.370000 0.370000 0.370000 0.370000 0.370000 0.370000 0.370000 0.370000 0.370000 0.370000 0.370000 0.370000 0.370000 0.370000 0.370000 0.370000 0.370000 0.370000 0.370000 0.370000 0.370000 0.370000 0.370000 0.369999 0.369997 0.369995 0.369995
-9999.0 0.200110 0.208215 0.206014 0.199078 0.208359 0.211965 0.222076 0.229714 0.226710 0.238661 0.282436 0.340817 0.355094 0.361317 0.364905 0.366964 0.366904 0.368041 0.369454 0.369988 0.370000 0.370000 0.370000 0.370000 0.370000 0.370000 0.370000 0.370000 0.370000 0.370000 0.370000 0.370000 0.370000 0.370000 0.370000 0.370000 0.370000 0.370000 0.370000 0.370000 0.370000 0.370000 0.370000 0.370000 0.370000 0.370000 0.370000 0.370000 0.370000 0.370000 0.370000 0.370000 0.370000 0.370000 0.369999 0.369997 0.369992 0.369982 0.369962 0.369930 0.369886 0.369886
-9999.0 0.190597 0.202058 0.192275 0.205281 0.216677 0.214425 0.231412 0.252532 0.259399 0.320907 0.352280 0.364226 0.368014 0.369467 0.369963 0.370000 0.370000 0.370000 0.370000 0.370000 0.370000 0.370000 0.370000 0.370000 0.370000 0.370000 0.370000 0.370000 0.370000 0.370000 0.370000 0.370000 0.370000 0.370000 0.370000 0.370000 0.370000 0.370000 0.370000 0.370000 0.370000 0.370000 0.370000 0.370000 0.370000 0.370000 0.369999 0.369998 0.369996 0.369992 0.369988 0.369986 0.369980 0.369978 0.369967 0.369898 0.369799 0.369663 0.369460 0.369161 0.368576 0.368488
-9999.0 0.183854 0.191763 0.197486 0.208931 0.217057 0.224901 0.243794 0.288421 0.336657 0.356543 0.362426 0.367437 0.369566 0.369986 0.370000 0.370000 0.370000 0.370000 0.370000 0.370000 0.370000 0.370000 0.370000 0.370000 0.370000 0.370000 0.370000 0.370000 0.370000 0.370000 0.370000 0.370000 0.370000 0.370000 0.370000 0.370000 0.369999 0.369997 0.369995 0.369993 0.369989 0.369986 0.369984 0.369981 0.369981 0.369970 0.369948 0.369915 0.369880 0.369836 0.369793 0.369778 0.369744 0.369692 0.369582 0.369135 0.368411 0.367536 0.366322 0.363751 0.362011 0.360644
-9999.0 0.168909 0.194580 0.197504 0.204179 0.205962 0.207364 0.221033 0.244058 0.331271 0.364794 0.366257 0.367536 0.369094 0.369920 0.370000 0.370000 0.370000 0.370000 0.369973 0.369945 0.369953 0.369975 0.369992 0.369997 0.369998 0.369997 0.369992 0.369980 0.369969 0.369963 0.369948 0.369934 0.369932 0.369924 0.369936 0.369941 0.369907 0.369849 0.369753 0.369639 0.369534 0.369496 0.369507 0.369500 0.369455 0.369326 0.369110 0.368777 0.368408 0.368069 0.367810 0.367541 0.367145 0.366665 0.366114 0.364334 0.362289 0.359189 0.354073 0.346375 0.331147 0.321585
-9999.0 -9999.0 0.182705 0.197682 0.199330 0.201321 0.202898 0.213425 0.224996 0.270632 0.332280 0.351618 0.358040 0.363437 0.367945 0.369487 0.369729 0.369792 0.369431 0.369129 0.369022 0.369073 0.369293 0.369513 0.369666 0.369736 0.369761 0.369727 0.369618 0.369404 0.369065 0.368715 0.368443 0.368227 0.368469 0.368785 0.368740 0.368537 0.368157 0.367565 0.366994 0.366322 0.366167 0.366271 0.366284 0.366093 0.365702 0.364632 0.363252 0.361631 0.360709 0.359799 0.358942 0.357408 0.355827 0.354101 0.350535 0.345027 0.326728 0.293677 0.268949 0.250978 0.241957
-9999.0 -9999.0 0.166413 0.189841 0.199911 0.206946 0.205475 0.206001 0.221678 0.229154 0.242300 0.265892 0.291079 0.325535 0.345460 0.353857 0.356726 0.357799 0.357476 0.358266 0.360492 0.362839 0.364362 0.365450 0.366256 0.366806 0.367248 0.366694 0.366052 0.364877 0.362851 0.359967 0.358193 0.357253 0.357830 0.358868 0.358227 0.356944 0.355117 0.352944 0.351337 0.349682 0.349284 0.349147 0.349122 0.348616 0.347568 0.343673 0.335569 0.327313 0.320226 0.314047 0.310381 0.303346 0.295225 0.289487 0.277234 0.264373 0.254045 0.244238 0.234274 0.229349 0.225083
-9999.0 -9999.0 -9999.0 0.168937 0.183623 0.194663 0.198943 0.192573 0.196450 0.204498 0.210468 0.219986 0.225888 0.232670 0.244250 0.260659 0.269994 0.272768 0.272696 0.291115 0.303194 0.327946 0.344045 0.347694 0.349855 0.351757 0.352281 0.350910 0.349540 0.346330 0.335029 0.314535 0.302693 0.302503 0.302732 0.305175 0.301188 0.297201 0.289224 0.281253 0.273772 0.268019 0.265801 0.263796 0.262781 0.261135 0.259445 0.255960 0.252248 0.249058 0.246380 0.245711 0.244981 0.243635 0.241906 0.240734 0.238989 0.232944 0.228749 0.224939 0.221106 0.217788 0.214751
-9999.0 -9999.0 -9999.0 -9999.0 -9999.0 0.159313 0.188354 0.194129 0.194215 0.191806 0.194409 0.205136 0.203503 0.205052 0.209653 0.212201 0.213355 0.216554 0.223205 0.229210 0.237241 0.243735 0.253339 0.262766 0.268197 0.274643 0.276910 0.271878 0.267158 0.260161 0.250315 0.241942 0.241255 0.241923 0.242284 0.242007 0.240611 0.239623 0.238237 0.234766 0.231693 0.231080 0.230626 0.230014 0.229310 0.228799 0.228369 0.228220 0.226247 0.224444 0.225496 0.225167 0.224973 0.225145 0.224309 0.223934 0.224327 0.219744 0.217219 0.218292 0.214222 0.211597 0.212447
-9999.0 -9999.0 -9999.0 -9999.0 -9999.0 -9999.0 0.156064 0.174371 0.188887 0.192840 0.198871 0.203430 0.197019 0.199207 0.201565 0.204139 0.208195 0.208223 0.209759 0.212140 0.215557 0.217385 0.221368 0.226917 0.227086 0.228521 0.231551 0.228269 0.226536 0.225615 0.219573 0.220476 0.219627 0.220314 0.220568 0.221234 0.220478 0.219785 0.219453 0.216847 0.216783 0.216135 0.215912 0.215671 0.215415 0.215309 0.215377 0.215517 0.213928 0.214947 0.215380 0.214968 0.214796 0.215148 0.214792 0.214088 0.214395 0.212504 0.212305 0.212414 0.209141 0.209282 0.209173
