tests/Borden05m/data_simulated/sim_1/output-maps/thetaliqL0004N0019.asc
ncols         160
nrows         34
xllcorner     620200.000000
yllcorner     5168000.000000
cellsize      0.500000
NODATA_value  -9999.0
[rows 0 to 27 of 34, columns 63 to 125 of 160]
-9999.0 -9999.0 -9999.0 -9999.0 -9999.0 -9999.0 -9999.0 -9999.0 -9999.0 -9999.0 -9999.0 -9999.0 -9999.0 -9999.0 -9999.0 -9999.0 -9999.0 -9999.0 -9999.0 -9999.0 -9999.0 -9999.0 -9999.0 -9999.0 -9999.0 -9999.0 -9999.0 -9999.0 -9999.0 -9999.0 -9999.0 -9999.0 -9999.0 -9999.0 -9999.0 -9999.0 -9999.0 -9999.0 -9999.0 -9999.0 -9999.0 -9999.0 -9999.0 -9999.0 -9999.0 -9999.0 -9999.0 -9999.0 -9999.0 -9999.0 -9999.0 -9999.0 -9999.0 -9999.0 -9999.0 -9999.0 -9999.0 -9999.0 -9999.0 -9999.0 -9999.0 -9999.0 -9999.0
0.187592 0.185619 0.183474 0.182968 0.183085 0.182735 0.182065 0.183219 0.184801 0.186224 0.188003 0.187910 0.188228 0.188883 0.189049 0.188723 0.187887 0.187263 0.186569 0.187093 0.184739 0.181653 0.179304 0.178776 0.180585 0.181773 0.181758 0.182999 0.185580 0.187928 0.189097 0.191906 0.192084 0.193283 0.194804 0.193497 0.192988 0.192856 0.192856 0.189383 -9999.0 -9999.0 -9999.0 -9999.0 -9999.0 -9999.0 -9999.0 -9999.0 -9999.0 -9999.0 -9999.0 -9999.0 -9999.0 -9999.0 -9999.0 -9999.0 -9999.0 -9999.0 -9999.0 -9999.0 -9999.0 -9999.0 -9999.0
0.182753 0.180320 0.179507 0.177781 0.177080 0.176904 0.176338 0.177012 0.179891 0.182009 0.182775 0.182582 0.182568 0.182075 0.181683 0.181760 0.180993 0.180238 0.179459 0.179507 0.180922 0.178735 0.177549 0.176508 0.175547 0.176027 0.176446 0.176738 0.179499 0.180885 0.182047 0.185967 0.189604 0.190743 0.189487 0.187924 0.187955 0.187389 0.185596 0.183812 0.183114 0.182166 0.181634 0.180318 0.182261 0.182671 0.185099 0.187279 0.189886 0.193378 -9999.0 -9999.0 -9999.0 -9999.0 -9999.0 -9999.0 -9999.0 -9999.0 -9999.0 -9999.0 -9999.0 -9999.0 -9999.0
0.179213 0.178336 0.176686 0.174400 0.177117 0.176861 0.176702 0.177294 0.178253 0.178667 0.179186 0.180055 0.182682 0.182697 0.182539 0.182641 0.182149 0.181277 0.181207 0.180660 0.178615 0.178822 0.179262 0.178898 0.180921 0.181121 0.182150 0.178721 0.179423 0.180566 0.181561 0.182452 0.183447 0.184454 0.182949 0.183775 0.182151 0.178904 0.177590 0.177257 0.178998 0.179786 0.178202 0.173453 0.176019 0.181495 0.181461 0.180996 0.184010 0.187059 0.190856 0.190608 0.190329 0.190645 0.191022 0.187444 0.184809 0.182700 0.177936 -9999.0 -9999.0 -9999.0 -9999.0
0.179225 0.177552 0.175698 0.180139 0.182253 0.181533 0.182123 0.183386 0.183294 0.177906 0.176526 0.178850 0.181429 0.182624 0.181797 0.181376 0.180495 0.180414 0.180843 0.180177 0.180951 0.181739 0.181040 0.182574 0.184326 0.185779 0.182271 0.179000 0.179187 0.181882 0.184040 0.185436 0.188595 0.193099 0.192431 0.191162 0.190042 0.188515 0.182747 0.177745 0.175666 0.174668 0.173208 0.174048 0.173177 0.177417 0.177263 0.176805 0.179083 0.181113 0.183528 0.185150 0.184918 0.185332 0.185748 0.184385 0.181607 0.179778 0.178272 0.175379 0.170869 0.163741 0.164135
0.175810 0.176092 0.180198 0.182969 0.187141 0.186225 0.186489 0.186319 0.182426 0.179252 0.177324 0.183150 0.188156 0.190077 0.189153 0.188385 0.192432 0.191230 0.190494 0.187983 0.188901 0.188921 0.193530 0.195633 0.198139 0.197222 0.192569 0.188605 0.188249 0.188730 0.188564 0.189973 0.193282 0.197208 0.194739 0.193064 0.192146 0.183442 0.176475 0.173688 0.177133 0.179121 0.178517 0.178675 0.178623 0.175774 0.176354 0.176598 0.175453 0.179006 0.182597 0.183145 0.180362 0.179351 0.180324 0.179534 0.179063 0.177128 0.175053 0.173305 0.166436 0.167986 0.164647
0.185820 0.187692 0.190565 0.195579 0.204315 0.203572 0.204434 0.206953 0.202277 0.197690 0.191660 0.198549 0.200931 0.203813 0.204120 0.209774 0.214908 0.211906 0.207514 0.202637 0.205698 0.212644 0.219621 0.221885 0.223086 0.224115 0.219226 0.217265 0.215907 0.216025 0.213212 0.213675 0.219000 0.227549 0.228249 0.223205 0.214051 0.201018 0.189633 0.183489 0.188575 0.186727 0.185643 0.186089 0.182080 0.179558 0.182083 0.179222 0.177093 0.181617 0.182438 0.182044 0.178580 0.182673 0.181515 0.177332 0.174315 0.172448 0.170952 0.168808 0.169849 0.168601 0.165726
0.193870 0.196078 0.202968 0.213264 0.226288 0.234495 0.240852 0.247345 0.242429 0.236393 0.229816 0.231393 0.239558 0.248151 0.257679 0.268357 0.279068 0.275740 0.269354 0.268280 0.271394 0.283982 0.295030 0.299411 0.301918 0.305897 0.302551 0.296458 0.288916 0.281092 0.273991 0.268957 0.279656 0.290375 0.288308 0.268456 0.249845 0.229341 0.211387 0.195857 0.195186 0.196946 0.198378 0.192976 0.189600 0.184469 0.182857 0.182504 0.177679 0.180073 0.180986 0.184412 0.189080 0.189982 0.185363 0.182267 0.178927 0.175605 0.173096 0.174272 0.174581 0.172439 0.170417
0.255648 0.259498 0.269856 0.294704 0.321146 0.336291 0.345271 0.346765 0.343989 0.340579 0.334429 0.330880 0.336779 0.341925 0.346012 0.349279 0.352117 0.353892 0.353737 0.353751 0.354309 0.355042 0.356234 0.357524 0.358732 0.359953 0.360314 0.358850 0.357144 0.354996 0.352786 0.352020 0.351423 0.352767 0.352555 0.347678 0.338922 0.323858 0.298734 0.271763 0.251994 0.250595 0.240333 0.230869 0.220599 0.204033 0.198502 0.194916 0.183213 0.181934 0.185933 0.191231 0.194820 0.188321 0.184630 0.181094 0.177350 0.173163 0.174077 0.175751 0.176178 0.175325 0.175175
0.344986 0.346656 0.348717 0.356144 0.362175 0.365755 0.367559 0.368102 0.367697 0.367148 0.366380 0.365554 0.365539 0.366559 0.367557 0.368297 0.368676 0.368794 0.368743 0.368747 0.368786 0.368878 0.368937 0.369052 0.369213 0.369424 0.369614 0.369577 0.369300 0.368957 0.368380 0.367988 0.367790 0.367481 0.367438 0.367385 0.365674 0.362900 0.357967 0.350635 0.343899 0.335584 0.324633 0.310682 0.279105 0.248010 0.225723 0.209706 0.195475 0.192676 0.206358 0.219263 0.213029 0.209345 0.203991 0.196248 0.189796 0.182461 0.182668 0.183318 0.182365 0.181226 0.179971
0.367427 0.367815 0.368240 0.368893 0.369581 0.369881 0.369970 0.369985 0.369980 0.369969 0.369947 0.369925 0.369916 0.369931 0.369952 0.369974 0.369986 0.369993 0.369993 0.369993 0.369993 0.369993 0.369994 0.369994 0.369996 0.369998 0.369999 0.369999 0.369998 0.369994 0.369981 0.369956 0.369927 0.369901 0.369894 0.369894 0.369888 0.369760 0.369319 0.367882 0.365794 0.363297 0.361303 0.358714 0.355663 0.345969 0.338656 0.323194 0.296930 0.269632 0.287252 0.275876 0.264645 0.250467 0.233956 0.221274 0.210699 0.200745 0.198689 0.198158 0.196174 0.195179 0.193087
0.369959 0.369976 0.369988 0.369995 0.369999 0.370000 0.370000 0.370000 0.370000 0.370000 0.370000 0.370000 0.370000 0.370000 0.370000 0.370000 0.370000 0.370000 0.370000 0.370000 0.370000 0.370000 0.370000 0.370000 0.370000 0.370000 0.370000 0.370000 0.370000 0.370000 0.370000 0.370000 0.370000 0.370000 0.370000 0.370000 0.370000 0.369999 0.369995 0.369958 0.369805 0.369515 0.369137 0.368735 0.368367 0.367962 0.367142 0.365062 0.360019 0.352617 0.348466 0.345335 0.339984 0.326313 0.305792 0.285415 0.256853 0.232592 0.219472 0.216198 0.213380 0.210193 0.206069
0.370000 0.370000 0.370000 0.370000 0.370000 0.370000 0.370000 0.370000 0.370000 0.370000 0.370000 0.370000 0.370000 0.370000 0.370000 0.370000 0.370000 0.370000 0.370000 0.370000 0.370000 0.370000 0.370000 0.370000 0.370000 0.370000 0.370000 0.370000 0.370000 0.370000 0.370000 0.370000 0.370000 0.370000 0.370000 0.370000 0.370000 0.370000 0.370000 0.370000 0.370000 0.369994 0.369980 0.369967 0.369955 0.369942 0.369893 0.369761 0.369427 0.368497 0.366348 0.365254 0.363479 0.359869 0.355965 0.352473 0.342668 0.325913 0.304532 0.290337 0.269476 0.250971 0.238767
0.370000 0.370000 0.370000 0.370000 0.370000 0.370000 0.370000 0.370000 0.370000 0.370000 0.370000 0.370000 0.370000 0.370000 0.370000 0.370000 0.370000 0.370000 0.370000 0.370000 0.370000 0.370000 0.370000 0.370000 0.370000 0.370000 0.370000 0.370000 0.370000 0.370000 0.370000 0.370000 0.370000 0.370000 0.370000 0.370000 0.370000 0.370000 0.370000 0.370000 0.370000 0.370000 0.370000 0.370000 0.370000 0.370000 0.370000 0.369999 0.369991 0.369943 0.369748 0.369495 0.369240 0.368993 0.368665 0.368092 0.365872 0.361652 0.356129 0.350949 0.342469 0.330911 0.314966
0.370000 0.370000 0.370000 0.370000 0.370000 0.370000 0.370000 0.370000 0.370000 0.370000 0.370000 0.370000 0.370000 0.370000 0.370000 0.370000 0.370000 0.370000 0.370000 0.370000 0.370000 0.370000 0.370000 0.370000 0.370000 0.370000 0.370000 0.370000 0.370000 0.370000 0.370000 0.370000 0.370000 0.370000 0.370000 0.370000 0.370000 0.370000 0.370000 0.370000 0.370000 0.370000 0.370000 0.370000 0.370000 0.370000 0.370000 0.370000 0.370000 0.370000 0.369998 0.369983 0.369969 0.369956 0.369933 0.369898 0.369665 0.369062 0.367808 0.366044 0.363441 0.359841 0.355144
0.370000 0.370000 0.370000 0.370000 0.370000 0.370000 0.370000 0.370000 0.370000 0.370000 0.370000 0.370000 0.370000 0.370000 0.370000 0.370000 0.370000 0.370000 0.370000 0.370000 0.370000 0.370000 0.370000 0.370000 0.370000 0.370000 0.370000 0.370000 0.370000 0.370000 0.370000 0.370000 0.370000 0.370000 0.370000 0.370000 0.370000 0.370000 0.370000 0.370000 0.370000 0.370000 0.370000 0.370000 0.370000 0.370000 0.370000 0.370000 0.370000 0.370000 0.370000 0.370000 0.370000 0.370000 0.370000 0.370000 0.369995 0.369962 0.369831 0.369512 0.368920 0.368021 0.366625
0.370000 0.370000 0.370000 0.370000 0.370000 0.370000 0.370000 0.370000 0.370000 0.370000 0.370000 0.370000 0.370000 0.370000 0.369999 0.369998 0.369998 0.369997 0.369999 0.370000 0.370000 0.369999 0.369999 0.369996 0.369994 0.369993 0.369994 0.369997 0.369999 0.370000 0.370000 0.370000 0.369999 0.369999 0.369999 0.370000 0.370000 0.370000 0.370000 0.370000 0.370000 0.370000 0.370000 0.370000 0.370000 0.370000 0.370000 0.370000 0.370000 0.370000 0.370000 0.370000 0.370000 0.370000 0.370000 0.370000 0.370000 0.370000 0.369997 0.369978 0.369927 0.369833 0.369595
0.370000 0.370000 0.370000 0.370000 0.370000 0.370000 0.369999 0.369999 0.369999 0.369999 0.369997 0.369994 0.369977 0.369949 0.369898 0.369857 0.369821 0.369782 0.369836 0.369914 0.369942 0.369888 0.369834 0.369731 0.369664 0.369628 0.369643 0.369741 0.369890 0.369950 0.369962 0.369945 0.369925 0.369915 0.369916 0.369938 0.369974 0.369993 0.369998 0.370000 0.370000 0.370000 0.370000 0.370000 0.370000 0.370000 0.370000 0.370000 0.370000 0.370000 0.370000 0.370000 0.370000 0.370000 0.370000 0.370000 0.370000 0.370000 0.370000 0.370000 0.369999 0.369995 0.369983
0.370000 0.369999 0.369998 0.369977 0.369947 0.369888 0.369804 0.369767 0.369706 0.369673 0.369554 0.369427 0.369178 0.368727 0.368071 0.367300 0.366999 0.366711 0.366419 0.367112 0.367378 0.367200 0.366716 0.366148 0.365821 0.365608 0.365933 0.366900 0.367669 0.368238 0.368453 0.368239 0.368440 0.368641 0.368657 0.369107 0.369419 0.369678 0.369852 0.369941 0.369968 0.369982 0.369992 0.369997 0.370000 0.370000 0.370000 0.370000 0.370000 0.370000 0.370000 0.370000 0.370000 0.370000 0.370000 0.370000 0.370000 0.370000 0.370000 0.370000 0.370000 0.370000 0.370000
0.369973 0.369963 0.369854 0.369406 0.368632 0.367906 0.366735 0.366053 0.365390 0.363265 0.361565 0.360232 0.360302 0.358225 0.354831 0.351524 0.349847 0.348644 0.345958 0.345000 0.346059 0.348452 0.346555 0.345463 0.346119 0.345450 0.344890 0.347346 0.351007 0.352981 0.354840 0.356463 0.357341 0.358459 0.362063 0.363821 0.365293 0.366874 0.368088 0.368914 0.369355 0.369565 0.369730 0.369868 0.369938 0.369980 0.369996 0.370000 0.370000 0.370000 0.370000 0.370000 0.370000 0.370000 0.370000 0.370000 0.370000 0.370000 0.370000 0.370000 0.370000 0.370000 0.370000
0.369170 0.368851 0.367009 0.363440 0.358862 0.354730 0.349139 0.344977 0.337525 0.322886 0.310491 0.310313 0.313631 0.309946 0.298175 0.286522 0.277761 0.268764 0.257719 0.251350 0.256970 0.263210 0.264056 0.264314 0.266546 0.266638 0.265966 0.266161 0.275896 0.283676 0.291964 0.299028 0.305668 0.323070 0.336389 0.343476 0.349631 0.354608 0.359204 0.362826 0.365062 0.366339 0.367531 0.368442 0.369100 0.369530 0.369809 0.369946 0.369985 0.369994 0.369998 0.370000 0.370000 0.370000 0.370000 0.370000 0.370000 0.370000 0.370000 0.370000 0.370000 0.370000 0.370000
0.361990 0.357209 0.347924 0.334935 0.318610 0.299630 0.279233 0.260019 0.240911 0.225143 0.215840 0.220064 0.223089 0.227267 0.220009 0.214083 0.212017 0.206606 0.201763 0.196176 0.200358 0.202966 0.208573 0.208640 0.209149 0.211585 0.210518 0.209930 0.206911 0.210911 0.214024 0.218084 0.229878 0.243506 0.259501 0.275425 0.293371 0.312358 0.329610 0.342099 0.350183 0.354928 0.358806 0.362186 0.364588 0.366360 0.367825 0.368906 0.369449 0.369703 0.369860 0.369933 0.369982 0.369998 0.370000 0.370000 0.370000 0.370000 0.370000 0.370000 0.370000 0.370000 0.370000
0.311770 0.287934 0.255324 0.237559 0.226208 0.215750 0.208228 0.202353 0.194393 0.188696 0.181474 0.183948 0.187855 0.193193 0.189132 0.188224 0.188673 0.185747 0.182608 0.178173 0.178997 0.182849 0.187467 0.187828 0.188997 0.191535 0.191560 0.189470 0.185655 0.186846 0.189938 0.193287 0.199354 0.205629 0.212238 0.218672 0.227643 0.239493 0.254665 0.275488 0.299037 0.315758 0.332259 0.344268 0.350912 0.354398 0.358016 0.362329 0.364662 0.366546 0.367890 0.368635 0.369404 0.369810 0.369967 0.369997 0.370000 0.370000 0.370000 0.370000 0.370000 0.370000 0.370000
0.212051 0.200827 0.195710 0.191515 0.187389 0.183849 0.180164 0.176905 0.174141 0.170363 0.164169 0.166668 0.170425 0.174567 0.174800 0.174288 0.174442 0.173246 0.170188 0.165430 0.167600 0.170930 0.174049 0.175297 0.176111 0.177922 0.176705 0.174049 0.170546 0.172275 0.175524 0.177753 0.180634 0.184738 0.189191 0.193847 0.199335 0.205280 0.213193 0.222727 0.234563 0.248899 0.266872 0.288438 0.301611 0.313806 0.324212 0.336295 0.344847 0.351289 0.356777 0.361129 0.364975 0.367894 0.369278 0.369800 0.369960 0.369991 0.369998 0.370000 0.370000 0.370000 0.370000
0.187252 0.181366 0.177596 0.174925 0.175368 0.173892 0.170620 0.170223 0.168316 0.163427 0.164969 0.166346 0.170266 0.169713 0.169555 0.168629 0.169166 0.168452 0.163924 0.166242 0.167425 0.170398 0.171259 0.172153 0.172806 0.173426 0.172901 0.169646 0.170362 0.171452 0.174329 0.174968 0.176670 0.180425 0.182311 0.185251 0.189217 0.193630 0.198939 0.205435 0.214075 0.223145 0.232023 0.236443 0.243252 0.249220 0.247701 0.261030 0.276321 0.293443 0.314297 0.331685 0.345319 0.356193 0.363532 0.367434 0.369045 0.369715 0.369884 0.369963 0.369992 0.369999 0.370000
0.171965 0.167904 0.164172 0.165450 0.165396 0.164947 0.164052 0.162862 0.160705 0.162991 0.163236 0.163047 0.162870 0.162941 0.163306 0.162862 0.162595 0.162756 0.164625 0.164984 0.164595 0.165552 0.166393 0.167293 0.166750 0.167060 0.167219 0.167943 0.167950 0.167641 0.169129 0.169913 0.170804 0.172637 0.174245 0.176235 0.179405 0.182380 0.186098 0.191697 0.198440 0.203635 0.205368 0.208877 0.210515 0.208327 0.206350 0.210653 0.215974 0.221376 0.233424 0.248920 0.270889 0.313031 0.341827 0.355594 0.362479 0.366431 0.368292 0.369207 0.369654 0.369899 0.369974
0.166207 0.163052 0.162136 0.163126 0.163039 0.162795 0.161086 0.159551 0.160916 0.161407 0.161281 0.160693 0.161359 0.161681 0.162539 0.161797 0.161444 0.161709 0.161992 0.162017 0.162775 0.163435 0.164068 0.166266 0.165414 0.165465 0.166254 0.166061 0.165953 0.165594 0.167165 0.167990 0.168562 0.170270 0.171640 0.173217 0.175385 0.178582 0.183817 0.188432 0.194123 0.199529 0.201094 0.202116 0.201194 0.199796 0.195075 0.195022 0.199856 0.199734 0.204397 0.212358 0.215986 0.237977 0.276265 0.309325 0.335430 0.349964 0.360257 0.364272 0.367115 0.368719 0.369498
0.161230 0.161042 0.159532 0.159625 0.159336 0.158455 0.157446 0.158489 0.158382 0.158261 0.158318 0.157970 0.158566 0.159082 0.159602 0.159376 0.159368 0.158636 0.158727 0.159700 0.159945 0.160680 0.162054 0.163828 0.163039 0.162988 0.163156 0.162921 0.163068 0.162643 0.163929 0.165036 0.165596 0.167452 0.168678 0.168818 0.171439 0.175479 0.179812 0.183358 0.188160 0.194732 0.193759 0.193753 0.194230 0.190126 0.185293 0.184747 0.186163 0.185415 0.188600 0.191372 0.192731 0.202540 0.212947 0.227255 0.252577 0.295902 0.332306 0.347200 0.356323 0.362275 0.365697
