tests/Borden05m/data_simulated/sim_1/output-maps/thetaliqL0001N0014.asc
ncols         160
nrows         34
xllcorner     620200.000000
yllcorner     5168000.000000
cellsize      0.500000
NODATA_value  -9999.0
[rows 0 to 27 of 34, columns 0 to 62 of 160]
-9999.0 -9999.0 -9999.0 -9999.0 -9999.0 -9999.0 -9999.0 -9999.0 -9999.0 -9999.0 -9999.0 -9999.0 -9999.0 -9999.0 -9999.0 -9999.0 -9999.0 -9999.0 -9999.0 -9999.0 -9999.0 -9999.0 -9999.0 -9999.0 -9999.0 -9999.0 -9999.0 -9999.0 -9999.0 -9999.0 -9999.0 -9999.0 -9999.0 -9999.0 -9999.0 -9999.0 -9999.0 -9999.0 -9999.0 -9999.0 -9999.0 -9999.0 -9999.0 -9999.0 -9999.0 -9999.0 -9999.0 -9999.0 -9999.0 -9999.0 -9999.0 -9999.0 -9999.0 -9999.0 -9999.0 -9999.0 -9999.0 -9999.0 -9999.0 -9999.0 -9999.0 -9999.0 -9999.0
-9999.0 -9999.0 -9999.0 -9999.0 -9999.0 -9999.0 -9999.0 -9999.0 -9999.0 -9999.0 -9999.0 -9999.0 -9999.0 -9999.0 -9999.0 -9999.0 -9999.0 -9999.0 -9999.0 -9999.0 -9999.0 -9999.0 -9999.0 -9999.0 -9999.0 -9999.0 -9999.0 -9999.0 -9999.0 -9999.0 -9999.0 -9999.0 -9999.0 -9999.0 -9999.0 -9999.0 -9999.0 -9999.0 -9999.0 -9999.0 -9999.0 -9999.0 -9999.0 -9999.0 -9999.0 -9999.0 -9999.0 -9999.0 -9999.0 -9999.0 -9999.0 -9999.0 -9999.0 -9999.0 -9999.0 -9999.0 -9999.0 -9999.0 -9999.0 0.194970 0.194217 0.193705 0.193430
-9999.0 -9999.0 -9999.0 -9999.0 -9999.0 -9999.0 -9999.0 -9999.0 -9999.0 -9999.0 -9999.0 -9999.0 -9999.0 -9999.0 -9999.0 -9999.0 -9999.0 -9999.0 -9999.0 -9999.0 -9999.0 -9999.0 -9999.0 -9999.0 -9999.0 -9999.0 -9999.0 -9999.0 -9999.0 -9999.0 -9999.0 -9999.0 -9999.0 -9999.0 -9999.0 -9999.0 -9999.0 -9999.0 -9999.0 -9999.0 -9999.0 -9999.0 -9999.0 -9999.0 -9999.0 -9999.0 -9999.0 0.189497 0.187366 0.184825 0.184133 0.186940 0.188177 0.189322 0.190071 0.190767 0.191883 0.193990 0.193831 0.190731 0.190454 0.190405 0.190559
-9999.0 -9999.0 -9999.0 -9999.0 -9999.0 -9999.0 -9999.0 -9999.0 -9999.0 -9999.0 -9999.0 -9999.0 -9999.0 -9999.0 -9999.0 -9999.0 -9999.0 -9999.0 -9999.0 -9999.0 -9999.0 -9999.0 -9999.0 -9999.0 -9999.0 -9999.0 -9999.0 -9999.0 -9999.0 -9999.0 -9999.0 -9999.0 -9999.0 -9999.0 -9999.0 -9999.0 -9999.0 -9999.0 -9999.0 -9999.0 0.189118 0.190117 0.190960 0.189521 0.188940 0.189094 0.187621 0.185916 0.184171 0.184712 0.184737 0.183481 0.185372 0.186890 0.187381 0.187787 0.189110 0.191495 0.191320 0.189023 0.187670 0.187274 0.187573
-9999.0 -9999.0 -9999.0 -9999.0 -9999.0 -9999.0 -9999.0 -9999.0 -9999.0 -9999.0 -9999.0 -9999.0 -9999.0 -9999.0 -9999.0 -9999.0 -9999.0 -9999.0 -9999.0 -9999.0 -9999.0 -9999.0 -9999.0 -9999.0 -9999.0 -9999.0 -9999.0 -9999.0 -9999.0 -9999.0 -9999.0 -9999.0 -9999.0 -9999.0 0.184845 0.186641 0.187414 0.188144 0.189284 0.188843 0.188466 0.189332 0.188552 0.188529 0.187583 0.185825 0.184079 0.183119 0.184199 0.183855 0.183845 0.184730 0.185254 0.185414 0.186648 0.188687 0.187567 0.188028 0.187708 0.186774 0.187691 0.188437 0.188914
-9999.0 -9999.0 -9999.0 -9999.0 -9999.0 -9999.0 -9999.0 -9999.0 -9999.0 -9999.0 -9999.0 -9999.0 -9999.0 -9999.0 -9999.0 -9999.0 -9999.0 -9999.0 -9999.0 -9999.0 -9999.0 -9999.0 -9999.0 -9999.0 -9999.0 -9999.0 -9999.0 -9999.0 0.187628 0.186910 0.186364 0.186406 0.186150 0.185149 0.184864 0.185008 0.185938 0.187469 0.187686 0.187449 0.187542 0.187150 0.186079 0.185981 0.187190 0.186121 0.185637 0.184950 0.183171 0.182737 0.183742 0.184690 0.185492 0.185636 0.185685 0.185625 0.185670 0.188273 0.188913 0.187445 0.186663 0.186318 0.186549
-9999.0 -9999.0 -9999.0 -9999.0 -9999.0 -9999.0 -9999.0 -9999.0 -9999.0 -9999.0 -9999.0 -9999.0 -9999.0 -9999.0 -9999.0 -9999.0 -9999.0 -9999.0 -9999.0 -9999.0 -9999.0 -9999.0 -9999.0 0.186443 0.187106 0.187342 0.187917 0.187605 0.186181 0.185289 0.184906 0.184589 0.183843 0.183740 0.183696 0.184130 0.184429 0.186021 0.185142 0.184575 0.185973 0.185606 0.186538 0.187627 0.187379 0.187628 0.185647 0.184187 0.185750 0.186370 0.186260 0.185857 0.186301 0.186915 0.187690 0.189086 0.190891 0.192396 0.194988 0.193201 0.191968 0.189794 0.190034
-9999.0 -9999.0 -9999.0 -9999.0 -9999.0 -9999.0 -9999.0 -9999.0 -9999.0 -9999.0 -9999.0 -9999.0 -9999.0 -9999.0 -9999.0 -9999.0 -9999.0 -9999.0 -9999.0 0.186560 0.186346 0.185927 0.186075 0.184724 0.184150 0.184513 0.185213 0.184776 0.184006 0.183344 0.183420 0.183502 0.183322 0.184301 0.185079 0.185299 0.185019 0.186254 0.186578 0.187271 0.189215 0.187879 0.186601 0.185936 0.185881 0.185506 0.186691 0.187044 0.187119 0.186962 0.186943 0.187172 0.187258 0.188764 0.190140 0.191256 0.192317 0.193831 0.196833 0.195538 0.193190 0.190748 0.190795
-9999.0 -9999.0 -9999.0 -9999.0 -9999.0 -9999.0 -9999.0 -9999.0 -9999.0 -9999.0 -9999.0 -9999.0 -9999.0 -9999.0 -9999.0 -9999.0 0.186453 0.186333 0.185815 0.184977 0.184254 0.184228 0.184761 0.183758 0.183418 0.183621 0.183170 0.183638 0.184146 0.184766 0.185035 0.184306 0.184410 0.184271 0.184139 0.184406 0.185803 0.187079 0.187282 0.188196 0.189943 0.188855 0.188407 0.188457 0.187781 0.188303 0.190977 0.190463 0.189202 0.192016 0.193469 0.192812 0.192417 0.194153 0.196857 0.200450 0.206617 0.210872 0.216065 0.218503 0.213623 0.212951 0.214697
-9999.0 -9999.0 -9999.0 -9999.0 -9999.0 -9999.0 -9999.0 -9999.0 -9999.0 -9999.0 -9999.0 -9999.0 -9999.0 0.186311 0.186199 0.186323 0.185008 0.184002 0.183387 0.182535 0.183576 0.182798 0.182540 0.182703 0.183626 0.183620 0.183701 0.184271 0.184036 0.183715 0.183402 0.182787 0.183538 0.184280 0.184765 0.185846 0.186639 0.187230 0.188448 0.188572 0.189392 0.188999 0.187887 0.187630 0.188440 0.190895 0.192737 0.193311 0.196849 0.200627 0.202394 0.204780 0.205846 0.207323 0.211321 0.224370 0.243254 0.266303 0.283379 0.297721 0.299928 0.302691 0.305041
-9999.0 -9999.0 -9999.0 -9999.0 -9999.0 -9999.0 -9999.0 -9999.0 -9999.0 -9999.0 0.184318 0.184983 0.184008 0.182217 0.181428 0.181813 0.182215 0.181531 0.181526 0.183364 0.184364 0.182570 0.183758 0.183747 0.182964 0.183124 0.183579 0.183615 0.184733 0.184722 0.184679 0.186545 0.186968 0.187421 0.188072 0.188763 0.189335 0.192217 0.194704 0.194458 0.198135 0.200527 0.198441 0.197704 0.198209 0.200943 0.205547 0.212576 0.220301 0.232433 0.245100 0.255339 0.264329 0.276319 0.291871 0.309992 0.324030 0.335055 0.344348 0.349216 0.351110 0.352030 0.353241
-9999.0 -9999.0 -9999.0 -9999.0 -9999.0 -9999.0 -9999.0 -9999.0 0.181722 0.182740 0.183389 0.182574 0.181488 0.179542 0.180258 0.180962 0.181427 0.182132 0.182451 0.182701 0.182205 0.182802 0.183944 0.183576 0.183665 0.184402 0.184366 0.185011 0.186025 0.185424 0.185934 0.186842 0.187637 0.188331 0.189188 0.189627 0.192582 0.196656 0.201247 0.205337 0.211441 0.219783 0.219712 0.221421 0.223332 0.236081 0.257811 0.288690 0.309222 0.320371 0.330638 0.336114 0.339875 0.344451 0.349588 0.353470 0.357914 0.362383 0.365615 0.367187 0.367884 0.368140 0.368560
-9999.0 -9999.0 -9999.0 -9999.0 -9999.0 -9999.0 0.180230 0.182470 0.183563 0.180997 0.179082 0.178451 0.177323 0.179762 0.181969 0.182364 0.182661 0.183020 0.182749 0.181231 0.184624 0.183595 0.182845 0.183851 0.183699 0.183721 0.184314 0.185749 0.186310 0.189286 0.191448 0.193315 0.195927 0.197531 0.199276 0.201357 0.207329 0.217279 0.232278 0.251045 0.276222 0.300957 0.309187 0.312722 0.315917 0.321664 0.332309 0.342986 0.352694 0.359260 0.362742 0.364043 0.365108 0.366172 0.367235 0.368106 0.368744 0.369334 0.369684 0.369861 0.369943 0.369969 0.369998
-9999.0 -9999.0 -9999.0 -9999.0 0.181504 0.181983 0.181541 0.183499 0.184874 0.181724 0.182844 0.182300 0.181289 0.180040 0.178560 0.179584 0.180155 0.180522 0.180289 0.183577 0.186364 0.184373 0.185748 0.188522 0.187776 0.188003 0.188050 0.189250 0.191556 0.194538 0.201917 0.209142 0.214482 0.221684 0.229699 0.241875 0.266561 0.299987 0.317026 0.329919 0.341021 0.348864 0.353295 0.355200 0.357346 0.359659 0.362362 0.365323 0.367538 0.368992 0.369514 0.369686 0.369777 0.369839 0.369914 0.369969 0.369998 0.369999 0.370000 0.370000 0.370000 0.370000 0.370000
-9999.0 -9999.0 -9999.0 0.180205 0.182390 0.183164 0.182045 0.182400 0.184071 0.182380 0.182047 0.181769 0.181609 0.181630 0.181493 0.182080 0.182144 0.181602 0.181989 0.183896 0.184688 0.186246 0.187387 0.189284 0.190946 0.191517 0.192384 0.194835 0.201374 0.209508 0.227016 0.258325 0.292402 0.309663 0.317309 0.326236 0.335026 0.346281 0.354583 0.360380 0.364478 0.366835 0.368258 0.368635 0.368873 0.369090 0.369438 0.369726 0.369896 0.369996 0.370000 0.369999 0.370000 0.370000 0.370000 0.370000 0.370000 0.370000 0.370000 0.370000 0.370000 0.370000 0.370000
-9999.0 -9999.0 0.180643 0.181869 0.180972 0.182523 0.184242 0.182894 0.184979 0.185647 0.183432 0.184655 0.185272 0.183897 0.184736 0.185676 0.186088 0.184371 0.183092 0.185385 0.190498 0.194772 0.197057 0.208881 0.216575 0.221858 0.224459 0.233739 0.252202 0.292917 0.317773 0.336054 0.348979 0.356531 0.359041 0.361548 0.364517 0.366686 0.368306 0.369161 0.369659 0.369883 0.369991 0.369997 0.369998 0.369999 0.370000 0.370000 0.370000 0.370000 0.370000 0.370000 0.370000 0.370000 0.370000 0.370000 0.370000 0.370000 0.370000 0.370000 0.370000 0.370000 0.370000
-9999.0 -9999.0 0.179238 0.181275 0.179812 0.183069 0.186058 0.182923 0.183752 0.186885 0.185927 0.186222 0.185782 0.185962 0.187307 0.190188 0.188548 0.187935 0.184640 0.192210 0.199354 0.213276 0.246652 0.289949 0.312489 0.315834 0.317462 0.323395 0.332787 0.348066 0.359863 0.366257 0.368614 0.369357 0.369577 0.369736 0.369889 0.369993 0.369998 0.369997 0.370000 0.370000 0.370000 0.370000 0.370000 0.370000 0.370000 0.370000 0.370000 0.370000 0.370000 0.370000 0.370000 0.370000 0.370000 0.370000 0.370000 0.370000 0.370000 0.370000 0.370000 0.370000 0.370000
-9999.0 0.178829 0.179831 0.179874 0.181961 0.181221 0.183681 0.187304 0.186898 0.188080 0.187978 0.185725 0.193386 0.200418 0.202733 0.209369 0.206319 0.204181 0.199781 0.208857 0.228821 0.294552 0.342066 0.357201 0.362729 0.363454 0.363099 0.364756 0.366950 0.368776 0.369802 0.369996 0.370000 0.370000 0.370000 0.370000 0.370000 0.370000 0.370000 0.370000 0.370000 0.370000 0.370000 0.370000 0.370000 0.370000 0.370000 0.370000 0.370000 0.370000 0.370000 0.370000 0.370000 0.370000 0.370000 0.370000 0.370000 0.370000 0.369999 0.369998 0.369997 0.369996 0.369995
-9999.0 0.175764 0.179749 0.182141 0.181160 0.179463 0.185235 0.194155 0.190424 0.189164 0.188670 0.194715 0.215418 0.239883 0.262397 0.291083 0.289579 0.278700 0.280424 0.306497 0.330244 0.354352 0.368190 0.369855 0.369987 0.369992 0.369995 0.369999 0.370000 0.370000 0.370000 0.370000 0.370000 0.370000 0.370000 0.370000 0.370000 0.370000 0.370000 0.370000 0.370000 0.370000 0.370000 0.370000 0.370000 0.370000 0.370000 0.370000 0.370000 0.370000 0.370000 0.369999 0.369998 0.369999 0.369998 0.369997 0.369995 0.369989 0.369975 0.369953 0.369921 0.369896 0.369896
-9999.0 0.179036 0.183660 0.182441 0.178637 0.184192 0.186280 0.192309 0.197126 0.195255 0.203850 0.239088 0.299509 0.327891 0.342325 0.349471 0.353403 0.353520 0.358437 0.365245 0.369174 0.369995 0.370000 0.370000 0.370000 0.370000 0.370000 0.370000 0.370000 0.370000 0.370000 0.370000 0.370000 0.370000 0.370000 0.370000 0.370000 0.370000 0.370000 0.370000 0.370000 0.370000 0.370000 0.370000 0.370000 0.370000 0.369999 0.369998 0.369996 0.369993 0.369987 0.369980 0.369975 0.369969 0.369960 0.369947 0.369910 0.369845 0.369731 0.369581 0.369378 0.369130 0.369133
-9999.0 0.173913 0.180299 0.174913 0.182684 0.189284 0.187916 0.198611 0.213062 0.219206 0.278509 0.322057 0.349334 0.360238 0.365097 0.367953 0.368973 0.369544 0.369867 0.369979 0.370000 0.370000 0.370000 0.370000 0.370000 0.370000 0.370000 0.370000 0.370000 0.370000 0.370000 0.370000 0.370000 0.370000 0.370000 0.370000 0.370000 0.369999 0.369998 0.369996 0.369994 0.369992 0.369991 0.369994 0.369991 0.369987 0.369974 0.369954 0.369926 0.369887 0.369835 0.369775 0.369741 0.369681 0.369665 0.369583 0.369126 0.368596 0.367945 0.367072 0.365886 0.363817 0.363543
-9999.0 0.170198 0.174611 0.178115 0.184984 0.189840 0.195099 0.207748 0.243893 0.297112 0.331055 0.344623 0.358841 0.366463 0.369186 0.369690 0.369829 0.369868 0.369914 0.369947 0.369953 0.369999 0.370000 0.370000 0.370000 0.370000 0.369997 0.369989 0.369982 0.369980 0.369980 0.369980 0.369981 0.369980 0.369975 0.369973 0.369968 0.369951 0.369929 0.369902 0.369874 0.369833 0.369798 0.369778 0.369753 0.369736 0.369637 0.369473 0.369260 0.369046 0.368788 0.368548 0.368456 0.368275 0.368027 0.367521 0.365680 0.363019 0.360074 0.356184 0.348582 0.344428 0.341420
-9999.0 0.162275 0.176233 0.178080 0.182168 0.183293 0.184331 0.192715 0.208363 0.290519 0.352483 0.355790 0.359472 0.364354 0.368398 0.369619 0.369690 0.369251 0.368693 0.368431 0.368806 0.369367 0.369659 0.369848 0.369916 0.369934 0.369904 0.369842 0.369733 0.369660 0.369621 0.369530 0.369448 0.369441 0.369391 0.369446 0.369464 0.369268 0.368962 0.368500 0.367979 0.367511 0.367327 0.367348 0.367290 0.367075 0.366525 0.365690 0.364494 0.363223 0.362080 0.361215 0.360317 0.359011 0.357416 0.355534 0.349999 0.344182 0.336844 0.325199 0.309076 0.291838 0.281983
-9999.0 -9999.0 0.169750 0.178123 0.179235 0.180505 0.181673 0.188124 0.195440 0.228756 0.290604 0.320294 0.334980 0.347548 0.359322 0.364873 0.365391 0.365907 0.363349 0.363455 0.364229 0.365133 0.366273 0.367280 0.367979 0.368296 0.368389 0.368253 0.367793 0.366954 0.365752 0.364620 0.363778 0.363112 0.363876 0.364889 0.364693 0.363955 0.362610 0.360559 0.358568 0.356308 0.355713 0.355970 0.355969 0.355351 0.354179 0.351227 0.347756 0.343783 0.341667 0.339553 0.337435 0.333654 0.329686 0.325260 0.316938 0.307137 0.287472 0.251566 0.227072 0.212393 0.205798
-9999.0 -9999.0 0.160972 0.173761 0.179580 0.183728 0.183072 0.183971 0.193583 0.198554 0.207481 0.224742 0.247460 0.284289 0.307590 0.324130 0.330309 0.333002 0.332712 0.335467 0.341490 0.347021 0.350568 0.353579 0.356066 0.357824 0.359198 0.357460 0.355470 0.352091 0.347046 0.340412 0.336384 0.334059 0.335527 0.338091 0.336471 0.333087 0.328348 0.322800 0.318729 0.314752 0.313741 0.313437 0.313421 0.312498 0.310954 0.305796 0.296944 0.288331 0.280728 0.273893 0.269635 0.261639 0.252531 0.246276 0.234242 0.223055 0.214624 0.207157 0.200169 0.196832 0.194073
-9999.0 -9999.0 -9999.0 0.162253 0.170326 0.176741 0.179267 0.175963 0.178727 0.183578 0.187056 0.192651 0.196384 0.200872 0.208720 0.220740 0.228059 0.230249 0.230032 0.247387 0.261134 0.288039 0.305696 0.310835 0.315282 0.319629 0.320889 0.317693 0.314653 0.308895 0.295736 0.274448 0.261111 0.260600 0.260825 0.263447 0.258970 0.254389 0.245743 0.237717 0.230828 0.225890 0.224077 0.222454 0.221643 0.220340 0.219012 0.216274 0.213383 0.210940 0.208903 0.208356 0.207798 0.206775 0.205499 0.204650 0.203367 0.199283 0.196500 0.193980 0.191535 0.189474 0.187592
-9999.0 -9999.0 -9999.0 -9999.0 -9999.0 0.157480 0.173237 0.176464 0.176753 0.175657 0.177259 0.183433 0.182540 0.183420 0.186093 0.187580 0.188098 0.189854 0.193756 0.197613 0.202842 0.207448 0.214460 0.221583 0.225983 0.231482 0.233473 0.229091 0.225153 0.219559 0.212067 0.205822 0.205221 0.205674 0.205927 0.205759 0.204767 0.204061 0.203050 0.200678 0.198583 0.198147 0.197844 0.197441 0.196988 0.196653 0.196367 0.196244 0.194961 0.193767 0.194397 0.194180 0.194052 0.194150 0.193615 0.193382 0.193625 0.190737 0.189137 0.189756 0.187279 0.185661 0.186140
-9999.0 -9999.0 -9999.0 -9999.0 -9999.0 -9999.0 0.155709 0.165520 0.173523 0.175797 0.179285 0.182032 0.178412 0.179770 0.181157 0.182537 0.184718 0.184562 0.185426 0.186827 0.188846 0.189907 0.192364 0.195809 0.195886 0.196833 0.198777 0.196595 0.195464 0.194834 0.190904 0.191370 0.190835 0.191266 0.191431 0.191850 0.191386 0.190955 0.190735 0.189068 0.188993 0.188590 0.188453 0.188307 0.188157 0.188101 0.188143 0.188225 0.187224 0.187805 0.188061 0.187795 0.187686 0.187903 0.187698 0.187279 0.187466 0.186284 0.186136 0.186181 0.184186 0.184240 0.184172
