tests/Borden05m/data_simulated/sim_1/output-maps/thetaliqL0005N0019.asc
ncols         160
nrows         34
xllcorner     620200.000000
yllcorner     5168000.000000
cellsize      0.500000
NODATA_value  -9999.0
[rows 0 to 27 of 34, columns 0 to 62 of 160]
-9999.0 -9999.0 -9999.0 -9999.0 -9999.0 -9999.0 -9999.0 -9999.0 -9999.0 -9999.0 -9999.0 -9999.0 -9999.0 -9999.0 -9999.0 -9999.0 -9999.0 -9999.0 -9999.0 -9999.0 -9999.0 -9999.0 -9999.0 -9999.0 -9999.0 -9999.0 -9999.0 -9999.0 -9999.0 -9999.0 -9999.0 -9999.0 -9999.0 -9999.0 -9999.0 -9999.0 -9999.0 -9999.0 -9999.0 -9999.0 -9999.0 -9999.0 -9999.0 -9999.0 -9999.0 -9999.0 -9999.0 -9999.0 -9999.0 -9999.0 -9999.0 -9999.0 -9999.0 -9999.0 -9999.0 -9999.0 -9999.0 -9999.0 -9999.0 -9999.0 -9999.0 -9999.0 -9999.0
-9999.0 -9999.0 -9999.0 -9999.0 -9999.0 -9999.0 -9999.0 -9999.0 -9999.0 -9999.0 -9999.0 -9999.0 -9999.0 -9999.0 -9999.0 -9999.0 -9999.0 -9999.0 -9999.0 -9999.0 -9999.0 -9999.0 -9999.0 -9999.0 -9999.0 -9999.0 -9999.0 -9999.0 -9999.0 -9999.0 -9999.0 -9999.0 -9999.0 -9999.0 -9999.0 -9999.0 -9999.0 -9999.0 -9999.0 -9999.0 -9999.0 -9999.0 -9999.0 -9999.0 -9999.0 -9999.0 -9999.0 -9999.0 -9999.0 -9999.0 -9999.0 -9999.0 -9999.0 -9999.0 -9999.0 -9999.0 -9999.0 -9999.0 -9999.0 0.167456 0.164292 0.161657 0.159608
-9999.0 -9999.0 -9999.0 -9999.0 -9999.0 -9999.0 -9999.0 -9999.0 -9999.0 -9999.0 -9999.0 -9999.0 -9999.0 -9999.0 -9999.0 -9999.0 -9999.0 -9999.0 -9999.0 -9999.0 -9999.0 -9999.0 -9999.0 -9999.0 -9999.0 -9999.0 -9999.0 -9999.0 -9999.0 -9999.0 -9999.0 -9999.0 -9999.0 -9999.0 -9999.0 -9999.0 -9999.0 -9999.0 -9999.0 -9999.0 -9999.0 -9999.0 -9999.0 -9999.0 -9999.0 -9999.0 -9999.0 0.129943 0.123659 0.117205 0.115853 0.123344 0.128731 0.134534 0.139590 0.144677 0.151138 0.160196 0.160771 0.152078 0.150240 0.149225 0.148862
-9999.0 -9999.0 -9999.0 -9999.0 -9999.0 -9999.0 -9999.0 -9999.0 -9999.0 -9999.0 -9999.0 -9999.0 -9999.0 -9999.0 -9999.0 -9999.0 -9999.0 -9999.0 -9999.0 -9999.0 -9999.0 -9999.0 -9999.0 -9999.0 -9999.0 -9999.0 -9999.0 -9999.0 -9999.0 -9999.0 -9999.0 -9999.0 -9999.0 -9999.0 -9999.0 -9999.0 -9999.0 -9999.0 -9999.0 -9999.0 0.136947 0.139907 0.141798 0.136961 0.133824 0.132142 0.126463 0.121083 0.116257 0.116784 0.117070 0.115674 0.121646 0.127713 0.131757 0.135714 0.142017 0.151014 0.151365 0.144439 0.140025 0.138344 0.138784
-9999.0 -9999.0 -9999.0 -9999.0 -9999.0 -9999.0 -9999.0 -9999.0 -9999.0 -9999.0 -9999.0 -9999.0 -9999.0 -9999.0 -9999.0 -9999.0 -9999.0 -9999.0 -9999.0 -9999.0 -9999.0 -9999.0 -9999.0 -9999.0 -9999.0 -9999.0 -9999.0 -9999.0 -9999.0 -9999.0 -9999.0 -9999.0 -9999.0 -9999.0 0.116324 0.121381 0.124981 0.128813 0.133436 0.133664 0.133984 0.136581 0.134389 0.133413 0.129763 0.123836 0.118210 0.114890 0.116254 0.115365 0.115806 0.118767 0.121753 0.124353 0.129774 0.137513 0.137368 0.140786 0.140873 0.138034 0.139643 0.141154 0.142248
-9999.0 -9999.0 -9999.0 -9999.0 -9999.0 -9999.0 -9999.0 -9999.0 -9999.0 -9999.0 -9999.0 -9999.0 -9999.0 -9999.0 -9999.0 -9999.0 -9999.0 -9999.0 -9999.0 -9999.0 -9999.0 -9999.0 -9999.0 -9999.0 -9999.0 -9999.0 -9999.0 -9999.0 0.121896 0.119926 0.118381 0.118269 0.117639 0.115724 0.115893 0.117428 0.121139 0.126641 0.128850 0.129482 0.130654 0.130041 0.127351 0.126754 0.128769 0.125057 0.122494 0.119827 0.115610 0.114747 0.117436 0.120712 0.124251 0.126730 0.129369 0.131811 0.134938 0.144143 0.147328 0.143139 0.140241 0.138656 0.139052
-9999.0 -9999.0 -9999.0 -9999.0 -9999.0 -9999.0 -9999.0 -9999.0 -9999.0 -9999.0 -9999.0 -9999.0 -9999.0 -9999.0 -9999.0 -9999.0 -9999.0 -9999.0 -9999.0 -9999.0 -9999.0 -9999.0 -9999.0 0.116954 0.118700 0.119724 0.121487 0.120948 0.117884 0.115718 0.114715 0.113985 0.112550 0.112740 0.113447 0.115537 0.117806 0.123196 0.122866 0.122894 0.127106 0.126758 0.128972 0.131440 0.130600 0.130492 0.125108 0.121334 0.124686 0.126614 0.127327 0.127761 0.130658 0.134604 0.139617 0.146871 0.155801 0.164270 0.174448 0.168900 0.163492 0.155884 0.156220
-9999.0 -9999.0 -9999.0 -9999.0 -9999.0 -9999.0 -9999.0 -9999.0 -9999.0 -9999.0 -9999.0 -9999.0 -9999.0 -9999.0 -9999.0 -9999.0 -9999.0 -9999.0 -9999.0 0.115202 0.114853 0.114145 0.114736 0.112398 0.111572 0.112739 0.114615 0.114008 0.112524 0.111245 0.111460 0.111780 0.111821 0.114479 0.117168 0.119076 0.120306 0.125216 0.127971 0.131465 0.137820 0.134994 0.131780 0.130109 0.129947 0.129346 0.132426 0.133666 0.134751 0.135633 0.136994 0.139144 0.141591 0.148694 0.156732 0.165101 0.173966 0.184150 0.197607 0.193908 0.184152 0.174712 0.174830
-9999.0 -9999.0 -9999.0 -9999.0 -9999.0 -9999.0 -9999.0 -9999.0 -9999.0 -9999.0 -9999.0 -9999.0 -9999.0 -9999.0 -9999.0 -9999.0 0.113107 0.112981 0.112140 0.110967 0.109861 0.110057 0.111429 0.109763 0.109452 0.110294 0.109922 0.111353 0.112833 0.114496 0.115460 0.114425 0.115316 0.116056 0.117137 0.119479 0.124816 0.130552 0.133765 0.138566 0.145210 0.143127 0.141837 0.141956 0.140832 0.143582 0.152822 0.153440 0.152246 0.162865 0.170008 0.170554 0.172215 0.181863 0.196785 0.217359 0.247699 0.270364 0.291012 0.298097 0.284910 0.281555 0.287132
-9999.0 -9999.0 -9999.0 -9999.0 -9999.0 -9999.0 -9999.0 -9999.0 -9999.0 -9999.0 -9999.0 -9999.0 -9999.0 0.110432 0.110407 0.111079 0.109115 0.107454 0.106605 0.105519 0.107942 0.106848 0.106815 0.107567 0.109865 0.110474 0.111317 0.113241 0.113586 0.113701 0.113859 0.113552 0.116255 0.119320 0.122259 0.127113 0.132142 0.137319 0.144126 0.147944 0.153128 0.153396 0.150630 0.150342 0.153940 0.163885 0.173838 0.180313 0.196637 0.215852 0.228161 0.240715 0.248786 0.259740 0.280352 0.317106 0.342233 0.353956 0.358650 0.361746 0.361907 0.362425 0.362944
-9999.0 -9999.0 -9999.0 -9999.0 -9999.0 -9999.0 -9999.0 -9999.0 -9999.0 -9999.0 0.105416 0.106679 0.104793 0.101763 0.100673 0.101761 0.102974 0.102185 0.102722 0.106792 0.109504 0.106711 0.109639 0.110314 0.109502 0.110599 0.112460 0.113735 0.117373 0.118771 0.120269 0.126295 0.129547 0.133082 0.137500 0.142804 0.148918 0.162653 0.176197 0.181145 0.198049 0.209530 0.204056 0.202545 0.206991 0.222638 0.247173 0.277855 0.303601 0.327841 0.341560 0.348327 0.352425 0.356321 0.359967 0.364289 0.367297 0.368663 0.369350 0.369596 0.369666 0.369696 0.369738
-9999.0 -9999.0 -9999.0 -9999.0 -9999.0 -9999.0 -9999.0 -9999.0 0.100174 0.102070 0.103367 0.101875 0.099922 0.096819 0.098336 0.099999 0.101377 0.103266 0.104564 0.105944 0.106109 0.108166 0.111488 0.111841 0.113021 0.115691 0.117075 0.120276 0.124841 0.126096 0.130233 0.135954 0.141542 0.147000 0.153263 0.159443 0.174780 0.196845 0.222523 0.246316 0.275321 0.302374 0.304307 0.308558 0.314335 0.334970 0.350306 0.359361 0.363938 0.366574 0.368201 0.368792 0.369089 0.369368 0.369609 0.369759 0.369896 0.369971 0.369994 0.369999 0.370000 0.370000 0.370000
-9999.0 -9999.0 -9999.0 -9999.0 -9999.0 -9999.0 0.097024 0.101324 0.103662 0.099165 0.095978 0.094944 0.093282 0.097371 0.101561 0.102891 0.104121 0.105565 0.105996 0.104507 0.112527 0.112159 0.112347 0.116033 0.117380 0.119155 0.122510 0.128622 0.133921 0.146402 0.158548 0.170819 0.185559 0.197185 0.209597 0.225012 0.256399 0.296564 0.329480 0.346947 0.356595 0.362407 0.363925 0.364685 0.365535 0.366874 0.368378 0.369254 0.369736 0.369920 0.369974 0.369986 0.369992 0.369996 0.369999 0.370000 0.370000 0.370000 0.370000 0.370000 0.370000 0.370000 0.370000
-9999.0 -9999.0 -9999.0 -9999.0 0.098164 0.099457 0.099298 0.103543 0.106792 0.101233 0.103294 0.102385 0.100677 0.098878 0.097013 0.099262 0.100988 0.102525 0.103366 0.111328 0.120101 0.118647 0.124578 0.134591 0.135814 0.139088 0.142458 0.150236 0.163191 0.181564 0.217804 0.255762 0.283076 0.306749 0.324930 0.340596 0.353744 0.362062 0.366057 0.368124 0.369130 0.369570 0.369742 0.369814 0.369879 0.369931 0.369971 0.369993 0.369999 0.370000 0.370000 0.370000 0.370000 0.370000 0.370000 0.370000 0.370000 0.370000 0.370000 0.370000 0.370000 0.370000 0.370000
-9999.0 -9999.0 -9999.0 0.095083 0.099346 0.101587 0.100535 0.102219 0.106394 0.103819 0.103678 0.103535 0.103606 0.104120 0.104507 0.106490 0.107602 0.107745 0.110166 0.117084 0.123331 0.131836 0.140554 0.152037 0.162309 0.168915 0.176622 0.192194 0.225589 0.267300 0.319232 0.349731 0.360243 0.364077 0.365952 0.367610 0.368634 0.369450 0.369810 0.369944 0.369988 0.369998 0.370000 0.370000 0.370000 0.370000 0.370000 0.370000 0.370000 0.370000 0.370000 0.370000 0.370000 0.370000 0.370000 0.370000 0.370000 0.370000 0.370000 0.370000 0.370000 0.370000 0.370000
-9999.0 -9999.0 0.094988 0.097541 0.096739 0.100468 0.105135 0.104287 0.110042 0.112855 0.109571 0.113072 0.115615 0.114134 0.117313 0.120945 0.123221 0.120682 0.120318 0.130138 0.151097 0.174565 0.196595 0.249075 0.280885 0.299931 0.310349 0.329310 0.346582 0.359747 0.366003 0.368686 0.369566 0.369847 0.369911 0.369956 0.369987 0.369997 0.370000 0.370000 0.370000 0.370000 0.370000 0.370000 0.370000 0.370000 0.370000 0.370000 0.370000 0.370000 0.370000 0.370000 0.370000 0.370000 0.370000 0.370000 0.370000 0.370000 0.370000 0.370000 0.370000 0.370000 0.370000
-9999.0 -9999.0 0.092471 0.096228 0.094662 0.101452 0.109664 0.106243 0.110642 0.120133 0.120562 0.124050 0.126317 0.129996 0.136909 0.147405 0.145152 0.144370 0.138893 0.167257 0.206157 0.273720 0.337594 0.357833 0.363792 0.364642 0.365201 0.366604 0.368052 0.369391 0.369903 0.369994 0.370000 0.370000 0.370000 0.370000 0.370000 0.370000 0.370000 0.370000 0.370000 0.370000 0.370000 0.370000 0.370000 0.370000 0.370000 0.370000 0.370000 0.370000 0.370000 0.370000 0.370000 0.370000 0.370000 0.370000 0.370000 0.370000 0.370000 0.370000 0.370000 0.370000 0.370000
-9999.0 0.090920 0.092881 0.093575 0.097948 0.098492 0.106021 0.118090 0.122663 0.130631 0.135324 0.135988 0.164830 0.198049 0.216566 0.244345 0.237817 0.231445 0.220542 0.261489 0.319581 0.359021 0.368971 0.369765 0.369897 0.369897 0.369875 0.369928 0.369980 0.369999 0.370000 0.370000 0.370000 0.370000 0.370000 0.370000 0.370000 0.370000 0.370000 0.370000 0.370000 0.370000 0.370000 0.370000 0.370000 0.370000 0.370000 0.370000 0.370000 0.370000 0.370000 0.370000 0.370000 0.370000 0.370000 0.370000 0.370000 0.370000 0.370000 0.370000 0.370000 0.370000 0.370000
-9999.0 0.086500 0.092436 0.096922 0.096472 0.095792 0.110242 0.140656 0.141061 0.146168 0.153813 0.185375 0.268774 0.325982 0.345150 0.356576 0.356146 0.353336 0.353811 0.361297 0.367193 0.369656 0.369999 0.370000 0.370000 0.370000 0.370000 0.370000 0.370000 0.370000 0.370000 0.370000 0.370000 0.370000 0.370000 0.370000 0.370000 0.370000 0.370000 0.370000 0.370000 0.370000 0.370000 0.370000 0.370000 0.370000 0.370000 0.370000 0.370000 0.370000 0.370000 0.370000 0.370000 0.370000 0.370000 0.370000 0.370000 0.370000 0.370000 0.370000 0.370000 0.370000 0.370000
-9999.0 0.090588 0.098511 0.096987 0.092075 0.103866 0.114920 0.143425 0.175258 0.185897 0.233064 0.322674 0.358195 0.367049 0.368862 0.369366 0.369567 0.369538 0.369773 0.369973 0.370000 0.370000 0.370000 0.370000 0.370000 0.370000 0.370000 0.370000 0.370000 0.370000 0.370000 0.370000 0.370000 0.370000 0.370000 0.370000 0.370000 0.370000 0.370000 0.370000 0.370000 0.370000 0.370000 0.370000 0.370000 0.370000 0.370000 0.370000 0.370000 0.370000 0.370000 0.370000 0.370000 0.370000 0.370000 0.370000 0.370000 0.370000 0.370000 0.370000 0.370000 0.370000 0.370000
-9999.0 0.083260 0.092151 0.085229 0.097071 0.113997 0.120439 0.169123 0.247625 0.290796 0.350572 0.366194 0.369457 0.369915 0.369986 0.369999 0.370000 0.370000 0.370000 0.370000 0.370000 0.370000 0.370000 0.370000 0.370000 0.370000 0.370000 0.370000 0.370000 0.370000 0.370000 0.370000 0.370000 0.370000 0.370000 0.370000 0.370000 0.370000 0.370000 0.370000 0.370000 0.370000 0.370000 0.370000 0.370000 0.370000 0.370000 0.370000 0.370000 0.370000 0.370000 0.370000 0.370000 0.370000 0.370000 0.370000 0.370000 0.370000 0.370000 0.369998 0.369995 0.369982 0.369980
-9999.0 0.079220 0.083974 0.088464 0.100086 0.113321 0.133772 0.195345 0.321494 0.358939 0.367781 0.369237 0.369894 0.369996 0.370000 0.370000 0.370000 0.370000 0.370000 0.370000 0.370000 0.370000 0.370000 0.370000 0.370000 0.370000 0.370000 0.370000 0.370000 0.370000 0.370000 0.370000 0.370000 0.370000 0.370000 0.370000 0.370000 0.370000 0.370000 0.370000 0.370000 0.370000 0.370000 0.370000 0.370000 0.370000 0.370000 0.370000 0.370000 0.370000 0.370000 0.370000 0.370000 0.370000 0.370000 0.369999 0.369993 0.369973 0.369930 0.369836 0.369516 0.369280 0.369094
-9999.0 0.073279 0.085649 0.088160 0.094669 0.098689 0.105652 0.138984 0.223834 0.354736 0.369517 0.369781 0.369902 0.369982 0.370000 0.370000 0.370000 0.370000 0.370000 0.370000 0.370000 0.370000 0.370000 0.370000 0.370000 0.370000 0.370000 0.370000 0.370000 0.370000 0.370000 0.370000 0.370000 0.370000 0.370000 0.370000 0.370000 0.370000 0.370000 0.370000 0.370000 0.369999 0.369999 0.369999 0.369999 0.369998 0.369997 0.369993 0.369986 0.369975 0.369963 0.369951 0.369937 0.369911 0.369873 0.369815 0.369587 0.369231 0.368636 0.367205 0.363663 0.359164 0.356638
-9999.0 -9999.0 0.078515 0.088018 0.089894 0.092849 0.097087 0.115942 0.153480 0.289485 0.352619 0.365373 0.368191 0.369303 0.369865 0.369980 0.369987 0.369991 0.369968 0.369970 0.369979 0.369987 0.369994 0.369997 0.369999 0.369999 0.369999 0.369999 0.369998 0.369995 0.369988 0.369980 0.369974 0.369968 0.369978 0.369988 0.369987 0.369982 0.369968 0.369939 0.369898 0.369836 0.369815 0.369820 0.369817 0.369795 0.369754 0.369633 0.369463 0.369230 0.369091 0.368934 0.368757 0.368390 0.367924 0.367263 0.365644 0.363165 0.358802 0.346510 0.320484 0.279372 0.246875
-9999.0 -9999.0 0.072532 0.082404 0.089870 0.096919 0.096906 0.100244 0.126943 0.155079 0.206645 0.275766 0.327539 0.350506 0.359584 0.365401 0.366982 0.367541 0.367696 0.368250 0.368920 0.369348 0.369552 0.369689 0.369782 0.369839 0.369877 0.369825 0.369756 0.369617 0.369360 0.368929 0.368620 0.368425 0.368582 0.368818 0.368677 0.368332 0.367728 0.366806 0.365891 0.364829 0.364454 0.364283 0.364224 0.363932 0.363525 0.362260 0.360272 0.358392 0.356497 0.354602 0.353305 0.350469 0.346289 0.342208 0.330551 0.310005 0.282714 0.247785 0.211344 0.189220 0.171889
-9999.0 -9999.0 -9999.0 0.073293 0.079109 0.085873 0.089603 0.085902 0.090355 0.100708 0.113001 0.134703 0.156355 0.182780 0.217469 0.260493 0.286547 0.297475 0.304570 0.334055 0.345816 0.356228 0.361454 0.363143 0.364589 0.365777 0.366061 0.365311 0.364456 0.362794 0.359432 0.354036 0.349696 0.349580 0.349524 0.350325 0.348282 0.345897 0.340218 0.332293 0.322363 0.313353 0.309020 0.304901 0.302262 0.298655 0.294729 0.287042 0.277207 0.267439 0.259271 0.255729 0.252247 0.246833 0.239752 0.233332 0.223576 0.202606 0.185900 0.170867 0.156402 0.144462 0.134648
-9999.0 -9999.0 -9999.0 -9999.0 -9999.0 0.071208 0.081687 0.085737 0.086342 0.085631 0.088887 0.100156 0.101186 0.105749 0.114598 0.122444 0.129540 0.140054 0.158136 0.180252 0.208903 0.235757 0.266990 0.293006 0.306005 0.317568 0.321478 0.314061 0.305234 0.290614 0.265956 0.241967 0.236482 0.236976 0.237461 0.236334 0.231466 0.226833 0.220358 0.208688 0.198642 0.194844 0.192367 0.189819 0.187234 0.185104 0.183157 0.181428 0.175793 0.171077 0.172241 0.170986 0.169896 0.169212 0.166172 0.163544 0.161435 0.149498 0.141508 0.139328 0.129226 0.122241 0.120475
-9999.0 -9999.0 -9999.0 -9999.0 -9999.0 -9999.0 0.070530 0.075204 0.082086 0.084905 0.089823 0.094365 0.089777 0.092337 0.095542 0.099615 0.105990 0.108745 0.113703 0.120666 0.130318 0.138752 0.151538 0.168022 0.173292 0.179568 0.187380 0.179869 0.174208 0.169513 0.155804 0.155010 0.152408 0.153147 0.153343 0.153993 0.151768 0.149538 0.147795 0.142389 0.141064 0.139113 0.138003 0.136932 0.135847 0.135064 0.134642 0.134313 0.131547 0.132743 0.133282 0.132529 0.131958 0.131916 0.130504 0.128404 0.127436 0.123076 0.120995 0.119396 0.113472 0.111859 0.110188
