tests/Borden05m/data_simulated/sim_1/output-maps/thetaliqL0002N0004.asc
ncols         160
nrows         34
xllcorner     620200.000000
yllcorner     5168000.000000
cellsize      0.500000
NODATA_value  -9999.0
[rows 0 to 27 of 34, columns 0 to 62 of 160]
-9999.0 -9999.0 -9999.0 -9999.0 -9999.0 -9999.0 -9999.0 -9999.0 -9999.0 -9999.0 -9999.0 -9999.0 -9999.0 -9999.0 -9999.0 -9999.0 -9999.0 -9999.0 -9999.0 -9999.0 -9999.0 -9999.0 -9999.0 -9999.0 -9999.0 -9999.0 -9999.0 -9999.0 -9999.0 -9999.0 -9999.0 -9999.0 -9999.0 -9999.0 -9999.0 -9999.0 -9999.0 -9999.0 -9999.0 -9999.0 -9999.0 -9999.0 -9999.0 -9999.0 -9999.0 -9999.0 -9999.0 -9999.0 -9999.0 -9999.0 -9999.0 -9999.0 -9999.0 -9999.0 -9999.0 -9999.0 -9999.0 -9999.0 -9999.0 -9999.0 -9999.0 -9999.0 -9999.0
-9999.0 -9999.0 -9999.0 -9999.0 -9999.0 -9999.0 -9999.0 -9999.0 -9999.0 -9999.0 -9999.0 -9999.0 -9999.0 -9999.0 -9999.0 -9999.0 -9999.0 -9999.0 -9999.0 -9999.0 -9999.0 -9999.0 -9999.0 -9999.0 -9999.0 -9999.0 -9999.0 -9999.0 -9999.0 -9999.0 -9999.0 -9999.0 -9999.0 -9999.0 -9999.0 -9999.0 -9999.0 -9999.0 -9999.0 -9999.0 -9999.0 -9999.0 -9999.0 -9999.0 -9999.0 -9999.0 -9999.0 -9999.0 -9999.0 -9999.0 -9999.0 -9999.0 -9999.0 -9999.0 -9999.0 -9999.0 -9999.0 -9999.0 -9999.0 0.238670 0.237362 0.236560 0.236242
-9999.0 -9999.0 -9999.0 -9999.0 -9999.0 -9999.0 -9999.0 -9999.0 -9999.0 -9999.0 -9999.0 -9999.0 -9999.0 -9999.0 -9999.0 -9999.0 -9999.0 -9999.0 -9999.0 -9999.0 -9999.0 -9999.0 -9999.0 -9999.0 -9999.0 -9999.0 -9999.0 -9999.0 -9999.0 -9999.0 -9999.0 -9999.0 -9999.0 -9999.0 -9999.0 -9999.0 -9999.0 -9999.0 -9999.0 -9999.0 -9999.0 -9999.0 -9999.0 -9999.0 -9999.0 -9999.0 -9999.0 0.231387 0.227100 0.221871 0.220322 0.226085 0.228264 0.230169 0.231208 0.232100 0.233794 0.237537 0.237050 0.230817 0.230458 0.230513 0.230962
-9999.0 -9999.0 -9999.0 -9999.0 -9999.0 -9999.0 -9999.0 -9999.0 -9999.0 -9999.0 -9999.0 -9999.0 -9999.0 -9999.0 -9999.0 -9999.0 -9999.0 -9999.0 -9999.0 -9999.0 -9999.0 -9999.0 -9999.0 -9999.0 -9999.0 -9999.0 -9999.0 -9999.0 -9999.0 -9999.0 -9999.0 -9999.0 -9999.0 -9999.0 -9999.0 -9999.0 -9999.0 -9999.0 -9999.0 -9999.0 0.229311 0.231314 0.233079 0.230297 0.229370 0.230025 0.227272 0.223900 0.220390 0.221692 0.221712 0.218750 0.222444 0.225261 0.225837 0.226184 0.228465 0.232932 0.232448 0.227937 0.225334 0.224580 0.225249
-9999.0 -9999.0 -9999.0 -9999.0 -9999.0 -9999.0 -9999.0 -9999.0 -9999.0 -9999.0 -9999.0 -9999.0 -9999.0 -9999.0 -9999.0 -9999.0 -9999.0 -9999.0 -9999.0 -9999.0 -9999.0 -9999.0 -9999.0 -9999.0 -9999.0 -9999.0 -9999.0 -9999.0 -9999.0 -9999.0 -9999.0 -9999.0 -9999.0 -9999.0 0.222030 0.225682 0.227004 0.228195 0.230304 0.229175 0.228183 0.229922 0.228320 0.228441 0.226673 0.223217 0.219811 0.218006 0.220511 0.219809 0.219700 0.221398 0.222215 0.222175 0.224378 0.228240 0.225493 0.226076 0.225281 0.223466 0.225505 0.227109 0.228104
-9999.0 -9999.0 -9999.0 -9999.0 -9999.0 -9999.0 -9999.0 -9999.0 -9999.0 -9999.0 -9999.0 -9999.0 -9999.0 -9999.0 -9999.0 -9999.0 -9999.0 -9999.0 -9999.0 -9999.0 -9999.0 -9999.0 -9999.0 -9999.0 -9999.0 -9999.0 -9999.0 -9999.0 0.228075 0.226605 0.225506 0.225642 0.225113 0.222931 0.222188 0.222268 0.223955 0.226896 0.227085 0.226406 0.226463 0.225584 0.223342 0.223201 0.225894 0.223820 0.223041 0.221774 0.218024 0.217060 0.219108 0.220945 0.222383 0.222359 0.222082 0.221413 0.221168 0.226107 0.227128 0.224223 0.222819 0.222275 0.222782
-9999.0 -9999.0 -9999.0 -9999.0 -9999.0 -9999.0 -9999.0 -9999.0 -9999.0 -9999.0 -9999.0 -9999.0 -9999.0 -9999.0 -9999.0 -9999.0 -9999.0 -9999.0 -9999.0 -9999.0 -9999.0 -9999.0 -9999.0 0.225917 0.227282 0.227698 0.228860 0.228170 0.225113 0.223251 0.222479 0.221818 0.220184 0.219907 0.219663 0.220391 0.220754 0.223866 0.221726 0.220288 0.223061 0.222247 0.224270 0.226582 0.226094 0.226722 0.222610 0.219554 0.222852 0.224053 0.223672 0.222627 0.223292 0.224171 0.225268 0.227532 0.230520 0.232820 0.237412 0.233988 0.231929 0.227907 0.228444
-9999.0 -9999.0 -9999.0 -9999.0 -9999.0 -9999.0 -9999.0 -9999.0 -9999.0 -9999.0 -9999.0 -9999.0 -9999.0 -9999.0 -9999.0 -9999.0 -9999.0 -9999.0 -9999.0 0.226525 0.226055 0.225127 0.225414 0.222381 0.221071 0.221784 0.223233 0.222250 0.220566 0.219149 0.219309 0.219467 0.219023 0.221015 0.222513 0.222744 0.221815 0.224097 0.224458 0.225597 0.229392 0.226569 0.223943 0.222581 0.222470 0.221592 0.223899 0.224512 0.224522 0.223885 0.223565 0.223824 0.223697 0.226256 0.228295 0.229575 0.230528 0.232389 0.237227 0.234663 0.230692 0.226312 0.226349
-9999.0 -9999.0 -9999.0 -9999.0 -9999.0 -9999.0 -9999.0 -9999.0 -9999.0 -9999.0 -9999.0 -9999.0 -9999.0 -9999.0 -9999.0 -9999.0 0.226614 0.226341 0.225183 0.223260 0.221643 0.221554 0.222678 0.220444 0.219641 0.220008 0.218929 0.219875 0.220914 0.222191 0.222708 0.221047 0.221141 0.220655 0.220137 0.220391 0.222979 0.225240 0.225217 0.226721 0.229983 0.227651 0.226777 0.226890 0.225360 0.226076 0.231101 0.229643 0.226526 0.231477 0.233738 0.231945 0.230699 0.233332 0.237246 0.241774 0.249769 0.253786 0.259370 0.261365 0.254341 0.253376 0.255526
-9999.0 -9999.0 -9999.0 -9999.0 -9999.0 -9999.0 -9999.0 -9999.0 -9999.0 -9999.0 -9999.0 -9999.0 -9999.0 0.226686 0.226403 0.226619 0.223649 0.221407 0.220026 0.218085 0.220297 0.218531 0.217888 0.218166 0.220116 0.219997 0.220046 0.221147 0.220483 0.219655 0.218839 0.217297 0.218685 0.220007 0.220715 0.222609 0.223772 0.224354 0.226234 0.225958 0.227077 0.225970 0.223749 0.223188 0.224514 0.228737 0.231406 0.231372 0.236695 0.241815 0.243184 0.245948 0.246547 0.247452 0.251039 0.262860 0.275083 0.285796 0.292781 0.303191 0.305203 0.307716 0.309345
-9999.0 -9999.0 -9999.0 -9999.0 -9999.0 -9999.0 -9999.0 -9999.0 -9999.0 -9999.0 0.222652 0.224117 0.221964 0.217885 0.216106 0.216893 0.217719 0.216115 0.216028 0.219964 0.222043 0.217987 0.220455 0.220313 0.218484 0.218681 0.219499 0.219344 0.221503 0.221225 0.220810 0.224421 0.224919 0.225468 0.226371 0.227245 0.227569 0.232293 0.236007 0.234359 0.240128 0.243536 0.239494 0.237893 0.238129 0.241372 0.246727 0.254380 0.259773 0.268538 0.275954 0.280515 0.284013 0.289410 0.297268 0.312210 0.330772 0.347172 0.363751 0.369427 0.369820 0.369878 0.369897
-9999.0 -9999.0 -9999.0 -9999.0 -9999.0 -9999.0 -9999.0 -9999.0 0.217012 0.219275 0.220673 0.218866 0.216480 0.212110 0.213658 0.215110 0.216025 0.217486 0.218053 0.218438 0.217120 0.218245 0.220559 0.219544 0.219557 0.220956 0.220615 0.221645 0.223406 0.221578 0.222046 0.223309 0.224304 0.225119 0.226197 0.226203 0.230667 0.236506 0.242411 0.246731 0.253497 0.262322 0.260059 0.260563 0.259963 0.269820 0.281208 0.294910 0.312619 0.328605 0.343276 0.351295 0.357313 0.365373 0.369548 0.369869 0.369960 0.369993 0.370000 0.370000 0.370000 0.370000 0.370000
-9999.0 -9999.0 -9999.0 -9999.0 -9999.0 -9999.0 0.213793 0.218665 0.221022 0.215311 0.210997 0.209595 0.207078 0.212582 0.217392 0.218137 0.218658 0.219308 0.218536 0.214860 0.221936 0.219435 0.217476 0.219273 0.218694 0.218480 0.219408 0.221945 0.222366 0.227521 0.230513 0.232738 0.236469 0.238164 0.239878 0.241572 0.248582 0.258140 0.268910 0.278620 0.289197 0.304260 0.311435 0.315541 0.320316 0.328199 0.342903 0.362079 0.369640 0.369956 0.369989 0.369995 0.369999 0.370000 0.370000 0.370000 0.370000 0.370000 0.370000 0.370000 0.370000 0.370000 0.370000
-9999.0 -9999.0 -9999.0 -9999.0 0.216819 0.217789 0.216649 0.220832 0.223727 0.216719 0.219171 0.217917 0.215630 0.212840 0.209517 0.211650 0.212791 0.213470 0.212675 0.219372 0.224950 0.220075 0.222401 0.227635 0.225503 0.225548 0.225127 0.226738 0.229990 0.233785 0.244453 0.253013 0.257228 0.262635 0.267403 0.273899 0.284575 0.300597 0.320622 0.339227 0.357130 0.368932 0.369812 0.369910 0.369948 0.369973 0.369991 0.370000 0.370000 0.370000 0.370000 0.370000 0.370000 0.370000 0.370000 0.370000 0.370000 0.370000 0.370000 0.370000 0.370000 0.370000 0.370000
-9999.0 -9999.0 -9999.0 0.213990 0.218764 0.220335 0.217606 0.218175 0.221672 0.217727 0.216922 0.216140 0.215616 0.215545 0.215047 0.216160 0.216200 0.214968 0.215569 0.219078 0.219836 0.222033 0.223228 0.225632 0.227742 0.227956 0.228734 0.231757 0.240945 0.249146 0.264108 0.283865 0.301647 0.314781 0.323358 0.334262 0.345583 0.365084 0.369717 0.369970 0.369998 0.370000 0.370000 0.370000 0.370000 0.370000 0.370000 0.370000 0.370000 0.370000 0.370000 0.370000 0.370000 0.370000 0.370000 0.370000 0.370000 0.370000 0.370000 0.370000 0.370000 0.370000 0.370000
-9999.0 -9999.0 0.215111 0.217785 0.215536 0.218684 0.222208 0.218895 0.223158 0.224256 0.219144 0.221519 0.222528 0.219181 0.220616 0.222260 0.223102 0.219407 0.216483 0.220169 0.228934 0.234773 0.235170 0.251835 0.258871 0.263364 0.263798 0.270197 0.279401 0.300083 0.325481 0.350747 0.368731 0.369830 0.369928 0.369965 0.369991 0.369999 0.370000 0.370000 0.370000 0.370000 0.370000 0.370000 0.370000 0.370000 0.370000 0.370000 0.370000 0.370000 0.370000 0.370000 0.370000 0.370000 0.370000 0.370000 0.370000 0.370000 0.370000 0.370000 0.370000 0.370000 0.370000
-9999.0 -9999.0 0.211938 0.216440 0.212813 0.219609 0.225908 0.218347 0.219655 0.226004 0.223439 0.223543 0.221522 0.220771 0.222796 0.227972 0.224663 0.223539 0.216368 0.229941 0.239586 0.254606 0.283252 0.308072 0.323397 0.323965 0.324240 0.330910 0.344207 0.367590 0.369855 0.369993 0.370000 0.370000 0.370000 0.370000 0.370000 0.370000 0.370000 0.370000 0.370000 0.370000 0.370000 0.370000 0.370000 0.370000 0.370000 0.370000 0.370000 0.370000 0.370000 0.370000 0.370000 0.370000 0.370000 0.370000 0.370000 0.370000 0.370000 0.370000 0.370000 0.370000 0.370000
-9999.0 0.211136 0.213267 0.213130 0.217488 0.215256 0.219878 0.226857 0.225285 0.227131 0.226036 0.219618 0.232265 0.242504 0.244274 0.253370 0.248330 0.245661 0.237211 0.247495 0.263295 0.308647 0.365278 0.369729 0.369936 0.369943 0.369923 0.369951 0.369988 0.370000 0.370000 0.370000 0.370000 0.370000 0.370000 0.370000 0.370000 0.370000 0.370000 0.370000 0.370000 0.370000 0.370000 0.370000 0.370000 0.370000 0.370000 0.370000 0.370000 0.370000 0.370000 0.370000 0.370000 0.370000 0.370000 0.370000 0.370000 0.370000 0.370000 0.370000 0.370000 0.370000 0.370000
-9999.0 0.204244 0.213007 0.218124 0.215523 0.210803 0.222234 0.240359 0.230798 0.226908 0.223511 0.230300 0.256712 0.278470 0.294954 0.313377 0.311156 0.304020 0.302832 0.316707 0.343394 0.369039 0.369999 0.370000 0.370000 0.370000 0.370000 0.370000 0.370000 0.370000 0.370000 0.370000 0.370000 0.370000 0.370000 0.370000 0.370000 0.370000 0.370000 0.370000 0.370000 0.370000 0.370000 0.370000 0.370000 0.370000 0.370000 0.370000 0.370000 0.370000 0.370000 0.370000 0.370000 0.370000 0.370000 0.370000 0.370000 0.370000 0.370000 0.370000 0.370000 0.370000 0.370000
-9999.0 0.211407 0.221767 0.218676 0.209322 0.220651 0.223857 0.234335 0.240814 0.233558 0.240882 0.273431 0.318437 0.358865 0.369475 0.369860 0.369909 0.369863 0.369903 0.369978 0.369999 0.370000 0.370000 0.370000 0.370000 0.370000 0.370000 0.370000 0.370000 0.370000 0.370000 0.370000 0.370000 0.370000 0.370000 0.370000 0.370000 0.370000 0.370000 0.370000 0.370000 0.370000 0.370000 0.370000 0.370000 0.370000 0.370000 0.370000 0.370000 0.370000 0.370000 0.370000 0.370000 0.370000 0.370000 0.370000 0.370000 0.370000 0.370000 0.370000 0.370000 0.370000 0.370000
-9999.0 0.199616 0.213949 0.201233 0.217388 0.231351 0.226277 0.244315 0.263202 0.259854 0.297514 0.348763 0.369765 0.369999 0.370000 0.370000 0.370000 0.370000 0.370000 0.370000 0.370000 0.370000 0.370000 0.370000 0.370000 0.370000 0.370000 0.370000 0.370000 0.370000 0.370000 0.370000 0.370000 0.370000 0.370000 0.370000 0.370000 0.370000 0.370000 0.370000 0.370000 0.370000 0.370000 0.370000 0.370000 0.370000 0.370000 0.370000 0.370000 0.370000 0.370000 0.370000 0.370000 0.370000 0.370000 0.370000 0.370000 0.370000 0.370000 0.370000 0.370000 0.370000 0.370000
-9999.0 0.191621 0.201009 0.207931 0.222205 0.231928 0.240131 0.259088 0.297766 0.317485 0.355009 0.369502 0.370000 0.370000 0.370000 0.370000 0.370000 0.370000 0.370000 0.370000 0.370000 0.370000 0.370000 0.370000 0.370000 0.370000 0.370000 0.370000 0.370000 0.370000 0.370000 0.370000 0.370000 0.370000 0.370000 0.370000 0.370000 0.370000 0.370000 0.370000 0.370000 0.370000 0.370000 0.370000 0.370000 0.370000 0.370000 0.370000 0.370000 0.370000 0.370000 0.370000 0.370000 0.370000 0.370000 0.370000 0.370000 0.370000 0.369996 0.369974 0.369807 0.368781 0.363731
-9999.0 0.174554 0.204702 0.208001 0.216226 0.217858 0.218375 0.232741 0.251962 0.318143 0.369023 0.369939 0.370000 0.370000 0.370000 0.370000 0.370000 0.370000 0.370000 0.370000 0.370000 0.370000 0.370000 0.370000 0.370000 0.370000 0.370000 0.370000 0.370000 0.370000 0.370000 0.370000 0.370000 0.370000 0.370000 0.370000 0.370000 0.370000 0.370000 0.370000 0.370000 0.370000 0.370000 0.370000 0.370000 0.370000 0.370000 0.370000 0.370000 0.370000 0.370000 0.369999 0.369996 0.369991 0.369982 0.369959 0.369761 0.366661 0.350453 0.332798 0.310486 0.295197 0.294065
-9999.0 -9999.0 0.190236 0.208461 0.210156 0.212276 0.213598 0.225573 0.235625 0.278576 0.313448 0.348400 0.368934 0.369906 0.369993 0.370000 0.370000 0.370000 0.370000 0.370000 0.370000 0.370000 0.370000 0.370000 0.370000 0.370000 0.370000 0.370000 0.370000 0.370000 0.370000 0.370000 0.369999 0.369998 0.369999 0.370000 0.369999 0.369999 0.369997 0.369992 0.369986 0.369976 0.369973 0.369975 0.369975 0.369973 0.369966 0.369933 0.369793 0.368301 0.363340 0.358837 0.354713 0.348503 0.342150 0.334695 0.320877 0.305699 0.294352 0.279500 0.265773 0.252995 0.245639
-9999.0 -9999.0 0.171817 0.198866 0.211216 0.220002 0.217548 0.217513 0.236405 0.241811 0.250757 0.267046 0.288412 0.310116 0.328293 0.350128 0.359647 0.363440 0.363184 0.366402 0.369654 0.369899 0.369941 0.369960 0.369974 0.369982 0.369988 0.369980 0.369967 0.369923 0.369656 0.365437 0.356585 0.352335 0.355112 0.359457 0.357513 0.352174 0.344822 0.336509 0.330137 0.323814 0.321920 0.321477 0.321541 0.320231 0.318123 0.311936 0.303432 0.296023 0.291379 0.287973 0.286737 0.283255 0.279191 0.277693 0.270896 0.263694 0.257727 0.250393 0.241645 0.237922 0.234247
-9999.0 -9999.0 -9999.0 0.174551 0.191264 0.204692 0.209755 0.201360 0.205741 0.215063 0.221009 0.230563 0.235580 0.241016 0.248630 0.261387 0.268215 0.268817 0.265465 0.281934 0.290111 0.305014 0.316384 0.320769 0.327070 0.333499 0.335298 0.330605 0.325591 0.317290 0.304641 0.290086 0.282665 0.283267 0.283677 0.286230 0.283714 0.281781 0.276870 0.272201 0.267622 0.264196 0.263504 0.262283 0.261846 0.260867 0.260143 0.257959 0.255390 0.252716 0.250280 0.250089 0.249738 0.248862 0.247703 0.247330 0.246700 0.241152 0.237609 0.234318 0.230952 0.227913 0.224933
-9999.0 -9999.0 -9999.0 -9999.0 -9999.0 0.164159 0.197030 0.203924 0.203721 0.200429 0.203177 0.216092 0.213386 0.214618 0.219303 0.221006 0.221117 0.224058 0.231178 0.236893 0.244849 0.249954 0.257483 0.264187 0.266531 0.270846 0.272390 0.268427 0.265971 0.261910 0.254498 0.246630 0.246787 0.247795 0.248263 0.247979 0.246716 0.246122 0.245310 0.242110 0.239242 0.239181 0.239035 0.238566 0.237923 0.237516 0.237217 0.237351 0.235275 0.233283 0.234766 0.234487 0.234392 0.234811 0.234061 0.233964 0.235011 0.229986 0.227490 0.229547 0.225071 0.222304 0.223908
-9999.0 -9999.0 -9999.0 -9999.0 -9999.0 -9999.0 0.160801 0.180548 0.197643 0.202315 0.209556 0.215114 0.206747 0.209395 0.212073 0.214892 0.219617 0.219061 0.220428 0.222738 0.226189 0.227463 0.231329 0.237062 0.236214 0.237238 0.240674 0.236906 0.235399 0.235055 0.228174 0.229836 0.229004 0.229932 0.230269 0.231174 0.230399 0.229742 0.229594 0.226576 0.226787 0.226169 0.226031 0.225847 0.225641 0.225617 0.225796 0.226080 0.224153 0.225516 0.226078 0.225576 0.225410 0.225946 0.225654 0.224938 0.225566 0.223478 0.223569 0.224004 0.220134 0.220662 0.220801
