tests/Borden05m/data_simulated/sim_1/output-maps/thetaliqL0005N0012.asc
ncols         160
nrows         34
xllcorner     620200.000000
yllcorner     5168000.000000
cellsize      0.500000
NODATA_value  -9999.0
[rows 0 to 27 of 34, columns 63 to 125 of 160]
-9999.0 -9999.0 -9999.0 -9999.0 -9999.0 -9999.0 -9999.0 -9999.0 -9999.0 -9999.0 -9999.0 -9999.0 -9999.0 -9999.0 -9999.0 -9999.0 -9999.0 -9999.0 -9999.0 -9999.0 -9999.0 -9999.0 -9999.0 -9999.0 -9999.0 -9999.0 -9999.0 -9999.0 -9999.0 -9999.0 -9999.0 -9999.0 -9999.0 -9999.0 -9999.0 -9999.0 -9999.0 -9999.0 -9999.0 -9999.0 -9999.0 -9999.0 -9999.0 -9999.0 -9999.0 -9999.0 -9999.0 -9999.0 -9999.0 -9999.0 -9999.0 -9999.0 -9999.0 -9999.0 -9999.0 -9999.0 -9999.0 -9999.0 -9999.0 -9999.0 -9999.0 -9999.0 -9999.0
0.134750 0.131134 0.127681 0.126434 0.126265 0.125814 0.125289 0.127137 0.129898 0.132595 0.135554 0.136064 0.136882 0.137929 0.138168 0.137570 0.136133 0.134856 0.133521 0.133500 0.129911 0.125393 0.122084 0.121203 0.123169 0.124841 0.125396 0.127561 0.131775 0.136091 0.139197 0.144449 0.146181 0.148654 0.150865 0.148751 0.147382 0.146290 0.145071 0.139586 -9999.0 -9999.0 -9999.0 -9999.0 -9999.0 -9999.0 -9999.0 -9999.0 -9999.0 -9999.0 -9999.0 -9999.0 -9999.0 -9999.0 -9999.0 -9999.0 -9999.0 -9999.0 -9999.0 -9999.0 -9999.0 -9999.0 -9999.0
0.127755 0.124283 0.122582 0.120445 0.119712 0.119568 0.119258 0.120455 0.124041 0.127015 0.128562 0.128995 0.129548 0.129340 0.128989 0.128897 0.127739 0.126487 0.125248 0.124835 0.125536 0.122630 0.120874 0.119675 0.119014 0.119754 0.120448 0.121209 0.124825 0.127588 0.130358 0.136356 0.142129 0.144467 0.143029 0.140633 0.139685 0.137692 0.134092 0.130409 0.127447 0.125278 0.123870 0.122121 0.124602 0.126241 0.130198 0.134209 0.139150 0.145054 -9999.0 -9999.0 -9999.0 -9999.0 -9999.0 -9999.0 -9999.0 -9999.0 -9999.0 -9999.0 -9999.0 -9999.0 -9999.0
0.122816 0.121456 0.119555 0.117662 0.120453 0.120536 0.120671 0.121616 0.122870 0.123467 0.124351 0.126010 0.129574 0.130190 0.130194 0.130245 0.129485 0.128213 0.127719 0.126734 0.124423 0.124330 0.124671 0.124536 0.126872 0.127334 0.128178 0.124635 0.125764 0.127923 0.130244 0.132707 0.135304 0.137377 0.135787 0.135874 0.132805 0.127635 0.124201 0.122051 0.122340 0.122166 0.119807 0.115178 0.117769 0.123991 0.125045 0.125727 0.130399 0.135450 0.140749 0.141080 0.140831 0.140993 0.140620 0.134574 0.129355 0.124825 0.118324 -9999.0 -9999.0 -9999.0 -9999.0
0.123128 0.121535 0.120358 0.125506 0.128884 0.128827 0.129811 0.131278 0.130764 0.124779 0.123438 0.126623 0.130590 0.132782 0.132333 0.132063 0.131248 0.130888 0.130904 0.129870 0.130590 0.131713 0.131669 0.133949 0.136483 0.138056 0.133543 0.129387 0.129548 0.132957 0.136341 0.139349 0.144702 0.151515 0.150696 0.148060 0.144665 0.139759 0.130120 0.122743 0.119534 0.117831 0.115870 0.116055 0.115391 0.119523 0.119893 0.120076 0.123229 0.126753 0.130610 0.133076 0.132877 0.133061 0.132762 0.129659 0.124683 0.120605 0.116719 0.111042 0.104804 0.098371 0.098462
0.122717 0.123707 0.129054 0.134198 0.140966 0.141135 0.141966 0.141706 0.136489 0.131907 0.129726 0.136828 0.144319 0.148091 0.147851 0.147772 0.153163 0.151508 0.149890 0.146384 0.147753 0.148977 0.156069 0.160138 0.164251 0.162825 0.155488 0.149369 0.148424 0.149218 0.149672 0.152584 0.158585 0.165267 0.162004 0.158145 0.153722 0.139169 0.127718 0.122220 0.124023 0.125221 0.123970 0.123414 0.122583 0.119498 0.119765 0.119866 0.119291 0.123751 0.128603 0.129820 0.126890 0.125570 0.125594 0.123200 0.120698 0.116753 0.112743 0.108985 0.101960 0.101749 0.099446
0.139928 0.143530 0.149560 0.159423 0.174988 0.175919 0.178176 0.181970 0.173938 0.165804 0.157348 0.167360 0.172823 0.178772 0.180791 0.190544 0.199479 0.194483 0.186763 0.179127 0.184158 0.196369 0.209410 0.214361 0.216929 0.218409 0.209646 0.205346 0.202438 0.202212 0.197808 0.199317 0.209505 0.224974 0.226064 0.215830 0.197092 0.171603 0.150765 0.139727 0.143693 0.140812 0.138596 0.137601 0.131477 0.127182 0.128466 0.124711 0.122251 0.127291 0.129261 0.129591 0.126368 0.129929 0.127391 0.121192 0.116156 0.112371 0.109271 0.106095 0.105508 0.103705 0.101533
0.162493 0.167400 0.179890 0.199291 0.223563 0.238874 0.250099 0.260587 0.252215 0.241576 0.230337 0.233439 0.247597 0.262183 0.277460 0.293829 0.309354 0.304969 0.295749 0.294001 0.298699 0.316338 0.330399 0.335644 0.338641 0.342953 0.339506 0.332589 0.323237 0.312782 0.302746 0.295643 0.310641 0.324706 0.322244 0.295091 0.265786 0.229476 0.195654 0.168812 0.165322 0.166331 0.166631 0.157158 0.149580 0.140220 0.135821 0.133127 0.126688 0.128959 0.131085 0.136031 0.141838 0.142161 0.134695 0.128485 0.122233 0.116660 0.112798 0.112613 0.111973 0.109422 0.107544
0.273133 0.279529 0.295390 0.329489 0.355752 0.363731 0.366624 0.367011 0.366330 0.365202 0.362823 0.361248 0.363757 0.365680 0.366891 0.367574 0.368060 0.368319 0.368283 0.368282 0.368366 0.368487 0.368671 0.368846 0.368997 0.369149 0.369177 0.368984 0.368764 0.368477 0.368172 0.368076 0.368016 0.368255 0.368211 0.367294 0.364902 0.357764 0.335002 0.298413 0.268051 0.265286 0.248000 0.230237 0.209423 0.178699 0.166254 0.157324 0.140248 0.138097 0.144002 0.152198 0.157014 0.147404 0.140035 0.132595 0.125290 0.118622 0.117608 0.118131 0.117742 0.116227 0.115670
0.366654 0.367080 0.367479 0.368670 0.369456 0.369804 0.369926 0.369951 0.369928 0.369891 0.369830 0.369761 0.369770 0.369856 0.369922 0.369958 0.369973 0.369977 0.369975 0.369976 0.369977 0.369980 0.369982 0.369985 0.369989 0.369994 0.369997 0.369997 0.369991 0.369983 0.369964 0.369952 0.369944 0.369929 0.369926 0.369922 0.369806 0.369540 0.368923 0.367818 0.366465 0.363621 0.358161 0.347655 0.310171 0.261722 0.223073 0.194112 0.169758 0.164619 0.185100 0.206904 0.196835 0.188515 0.176565 0.161038 0.148007 0.135786 0.133649 0.133087 0.131027 0.128761 0.126545
0.369923 0.369940 0.369957 0.369981 0.369998 0.370000 0.370000 0.370000 0.370000 0.370000 0.370000 0.370000 0.370000 0.370000 0.370000 0.370000 0.370000 0.370000 0.370000 0.370000 0.370000 0.370000 0.370000 0.370000 0.370000 0.370000 0.370000 0.370000 0.370000 0.370000 0.370000 0.370000 0.370000 0.370000 0.370000 0.370000 0.370000 0.369999 0.369993 0.369943 0.369826 0.369623 0.369408 0.369081 0.368621 0.366933 0.364895 0.357511 0.333190 0.295734 0.319834 0.304802 0.288894 0.266686 0.237837 0.213167 0.191356 0.171870 0.165789 0.163156 0.158862 0.155839 0.151360
0.370000 0.370000 0.370000 0.370000 0.370000 0.370000 0.370000 0.370000 0.370000 0.370000 0.370000 0.370000 0.370000 0.370000 0.370000 0.370000 0.370000 0.370000 0.370000 0.370000 0.370000 0.370000 0.370000 0.370000 0.370000 0.370000 0.370000 0.370000 0.370000 0.370000 0.370000 0.370000 0.370000 0.370000 0.370000 0.370000 0.370000 0.370000 0.370000 0.370000 0.370000 0.369997 0.369990 0.369978 0.369965 0.369949 0.369905 0.369744 0.369184 0.368148 0.367584 0.366907 0.365201 0.359103 0.342842 0.318495 0.276698 0.236077 0.212290 0.204841 0.198337 0.191148 0.182405
0.370000 0.370000 0.370000 0.370000 0.370000 0.370000 0.370000 0.370000 0.370000 0.370000 0.370000 0.370000 0.370000 0.370000 0.370000 0.370000 0.370000 0.370000 0.370000 0.370000 0.370000 0.370000 0.370000 0.370000 0.370000 0.370000 0.370000 0.370000 0.370000 0.370000 0.370000 0.370000 0.370000 0.370000 0.370000 0.370000 0.370000 0.370000 0.370000 0.370000 0.370000 0.370000 0.370000 0.370000 0.370000 0.370000 0.370000 0.370000 0.369996 0.369972 0.369874 0.369810 0.369668 0.369281 0.368740 0.368178 0.366166 0.359236 0.341479 0.324232 0.295881 0.268084 0.247436
0.370000 0.370000 0.370000 0.370000 0.370000 0.370000 0.370000 0.370000 0.370000 0.370000 0.370000 0.370000 0.370000 0.370000 0.370000 0.370000 0.370000 0.370000 0.370000 0.370000 0.370000 0.370000 0.370000 0.370000 0.370000 0.370000 0.370000 0.370000 0.370000 0.370000 0.370000 0.370000 0.370000 0.370000 0.370000 0.370000 0.370000 0.370000 0.370000 0.370000 0.370000 0.370000 0.370000 0.370000 0.370000 0.370000 0.370000 0.370000 0.370000 0.370000 0.370000 0.369997 0.369993 0.369988 0.369978 0.369959 0.369842 0.369475 0.368787 0.367999 0.366157 0.361471 0.350807
0.370000 0.370000 0.370000 0.370000 0.370000 0.370000 0.370000 0.370000 0.370000 0.370000 0.370000 0.370000 0.370000 0.370000 0.370000 0.370000 0.370000 0.370000 0.370000 0.370000 0.370000 0.370000 0.370000 0.370000 0.370000 0.370000 0.370000 0.370000 0.370000 0.370000 0.370000 0.370000 0.370000 0.370000 0.370000 0.370000 0.370000 0.370000 0.370000 0.370000 0.370000 0.370000 0.370000 0.370000 0.370000 0.370000 0.370000 0.370000 0.370000 0.370000 0.370000 0.370000 0.370000 0.370000 0.370000 0.370000 0.369999 0.369990 0.369949 0.369865 0.369690 0.369335 0.368728
0.370000 0.370000 0.370000 0.370000 0.370000 0.370000 0.370000 0.370000 0.370000 0.370000 0.370000 0.370000 0.370000 0.370000 0.370000 0.370000 0.370000 0.370000 0.370000 0.370000 0.370000 0.370000 0.370000 0.370000 0.370000 0.370000 0.370000 0.370000 0.370000 0.370000 0.370000 0.370000 0.370000 0.370000 0.370000 0.370000 0.370000 0.370000 0.370000 0.370000 0.370000 0.370000 0.370000 0.370000 0.370000 0.370000 0.370000 0.370000 0.370000 0.370000 0.370000 0.370000 0.370000 0.370000 0.370000 0.370000 0.370000 0.370000 0.370000 0.369998 0.369988 0.369961 0.369902
0.370000 0.370000 0.370000 0.370000 0.370000 0.370000 0.370000 0.370000 0.370000 0.370000 0.370000 0.370000 0.370000 0.370000 0.370000 0.370000 0.370000 0.370000 0.370000 0.370000 0.370000 0.370000 0.370000 0.370000 0.370000 0.370000 0.370000 0.370000 0.370000 0.370000 0.370000 0.370000 0.370000 0.370000 0.370000 0.370000 0.370000 0.370000 0.370000 0.370000 0.370000 0.370000 0.370000 0.370000 0.370000 0.370000 0.370000 0.370000 0.370000 0.370000 0.370000 0.370000 0.370000 0.370000 0.370000 0.370000 0.370000 0.370000 0.370000 0.370000 0.370000 0.370000 0.369999
0.370000 0.370000 0.370000 0.370000 0.370000 0.370000 0.370000 0.370000 0.370000 0.370000 0.370000 0.370000 0.370000 0.370000 0.370000 0.370000 0.370000 0.370000 0.370000 0.370000 0.370000 0.370000 0.370000 0.370000 0.369999 0.369999 0.369999 0.370000 0.370000 0.370000 0.370000 0.370000 0.370000 0.370000 0.370000 0.370000 0.370000 0.370000 0.370000 0.370000 0.370000 0.370000 0.370000 0.370000 0.370000 0.370000 0.370000 0.370000 0.370000 0.370000 0.370000 0.370000 0.370000 0.370000 0.370000 0.370000 0.370000 0.370000 0.370000 0.370000 0.370000 0.370000 0.370000
0.370000 0.370000 0.370000 0.370000 0.370000 0.370000 0.370000 0.370000 0.369999 0.369999 0.369997 0.369996 0.369991 0.369980 0.369958 0.369926 0.369914 0.369903 0.369889 0.369925 0.369937 0.369931 0.369908 0.369877 0.369858 0.369845 0.369863 0.369913 0.369946 0.369966 0.369973 0.369964 0.369972 0.369979 0.369980 0.369991 0.369997 0.369999 0.370000 0.370000 0.370000 0.370000 0.370000 0.370000 0.370000 0.370000 0.370000 0.370000 0.370000 0.370000 0.370000 0.370000 0.370000 0.370000 0.370000 0.370000 0.370000 0.370000 0.370000 0.370000 0.370000 0.370000 0.370000
0.370000 0.370000 0.370000 0.369996 0.369979 0.369954 0.369900 0.369859 0.369803 0.369594 0.369386 0.369237 0.369268 0.369030 0.368575 0.368091 0.367832 0.367637 0.367155 0.366939 0.367148 0.367593 0.367261 0.367045 0.367163 0.367035 0.366946 0.367398 0.368005 0.368296 0.368567 0.368803 0.368935 0.369132 0.369552 0.369717 0.369823 0.369910 0.369962 0.369987 0.369996 0.369998 0.369999 0.370000 0.370000 0.370000 0.370000 0.370000 0.370000 0.370000 0.370000 0.370000 0.370000 0.370000 0.370000 0.370000 0.370000 0.370000 0.370000 0.370000 0.370000 0.370000 0.370000
0.369992 0.369984 0.369909 0.369663 0.369171 0.368593 0.367697 0.366826 0.364472 0.357429 0.347806 0.347534 0.350364 0.346994 0.334252 0.319430 0.307398 0.294196 0.277031 0.266757 0.275761 0.285802 0.287380 0.287885 0.291278 0.291481 0.290465 0.290879 0.305067 0.316044 0.326905 0.335361 0.342744 0.357126 0.363822 0.366400 0.367811 0.368633 0.369249 0.369633 0.369808 0.369883 0.369941 0.369974 0.369991 0.369998 0.370000 0.370000 0.370000 0.370000 0.370000 0.370000 0.370000 0.370000 0.370000 0.370000 0.370000 0.370000 0.370000 0.370000 0.370000 0.370000 0.370000
0.369470 0.368854 0.367326 0.363735 0.354448 0.335572 0.308792 0.279803 0.247398 0.218499 0.201195 0.207699 0.213647 0.220998 0.208048 0.196926 0.191921 0.181490 0.172109 0.163137 0.169260 0.174772 0.184907 0.186264 0.187909 0.192209 0.190553 0.189178 0.184647 0.191679 0.198508 0.207610 0.229651 0.254610 0.281024 0.304208 0.327455 0.348215 0.360546 0.365863 0.367888 0.368688 0.369219 0.369587 0.369778 0.369882 0.369950 0.369986 0.369997 0.369999 0.370000 0.370000 0.370000 0.370000 0.370000 0.370000 0.370000 0.370000 0.370000 0.370000 0.370000 0.370000 0.370000
0.349229 0.321963 0.272195 0.241008 0.219403 0.198844 0.183078 0.170206 0.154959 0.143876 0.133474 0.135962 0.141647 0.149173 0.143920 0.141828 0.141122 0.136057 0.130746 0.125186 0.126490 0.132098 0.139190 0.141115 0.143566 0.147369 0.147338 0.144120 0.139364 0.141612 0.147319 0.154432 0.166361 0.179776 0.194180 0.208416 0.226680 0.248801 0.274453 0.304741 0.334122 0.350939 0.361689 0.366453 0.368016 0.368597 0.369085 0.369563 0.369767 0.369887 0.369951 0.369977 0.369996 0.370000 0.370000 0.370000 0.370000 0.370000 0.370000 0.370000 0.370000 0.370000 0.370000
0.193314 0.170992 0.159103 0.149952 0.141713 0.134489 0.127449 0.121332 0.116006 0.110471 0.104761 0.106476 0.110214 0.114456 0.114811 0.114026 0.113570 0.111605 0.108063 0.104204 0.106202 0.110055 0.114155 0.116494 0.118148 0.120347 0.119136 0.116232 0.113208 0.115354 0.119845 0.124208 0.130008 0.137933 0.146930 0.156858 0.168665 0.181918 0.198820 0.218699 0.241676 0.266587 0.293683 0.321575 0.336871 0.349220 0.357419 0.363711 0.366724 0.368047 0.368894 0.369439 0.369786 0.369951 0.369994 0.370000 0.370000 0.370000 0.370000 0.370000 0.370000 0.370000 0.370000
0.139205 0.128166 0.120910 0.116019 0.114401 0.111234 0.106746 0.104728 0.101797 0.097434 0.097814 0.098866 0.102177 0.102243 0.102251 0.101464 0.101607 0.100696 0.097335 0.098806 0.100191 0.103346 0.105122 0.106766 0.107965 0.108882 0.108464 0.105767 0.106368 0.107924 0.111585 0.113842 0.117500 0.123721 0.128670 0.135229 0.143728 0.153629 0.165638 0.180251 0.198748 0.217830 0.235572 0.244681 0.256433 0.265880 0.263620 0.283878 0.305458 0.327637 0.350167 0.361842 0.366820 0.368809 0.369670 0.369930 0.369989 0.369999 0.370000 0.370000 0.370000 0.370000 0.370000
0.110455 0.104345 0.099687 0.099086 0.097999 0.096701 0.095129 0.093525 0.091615 0.092478 0.092442 0.092371 0.092483 0.092734 0.093065 0.092791 0.092595 0.092672 0.093860 0.094335 0.094568 0.095885 0.097231 0.098563 0.098700 0.099255 0.099573 0.100180 0.100428 0.100763 0.102774 0.104573 0.106783 0.110185 0.113813 0.118280 0.124546 0.131472 0.140076 0.151732 0.165654 0.177355 0.182953 0.190065 0.193431 0.190155 0.187132 0.194639 0.204992 0.215985 0.237851 0.264587 0.297891 0.349535 0.365815 0.368693 0.369567 0.369877 0.369967 0.369993 0.369999 0.370000 0.370000
0.098263 0.094454 0.092610 0.092358 0.091677 0.090951 0.089419 0.088153 0.088611 0.088731 0.088577 0.088247 0.088716 0.089040 0.089650 0.089270 0.089113 0.089361 0.089706 0.090006 0.090856 0.091807 0.092848 0.094881 0.094766 0.095127 0.095916 0.096016 0.096203 0.096393 0.098157 0.099663 0.101231 0.104006 0.106928 0.110494 0.115276 0.121845 0.131425 0.141311 0.153077 0.164328 0.168843 0.171416 0.170186 0.167158 0.159644 0.159664 0.167423 0.169186 0.178688 0.194421 0.204673 0.244866 0.304719 0.345860 0.363513 0.367766 0.369352 0.369743 0.369920 0.369982 0.369998
0.090598 0.089422 0.087785 0.087272 0.086710 0.085924 0.085149 0.085489 0.085331 0.085206 0.085187 0.084990 0.085344 0.085715 0.086096 0.086056 0.086145 0.085913 0.086174 0.086959 0.087441 0.088309 0.089651 0.091276 0.091219 0.091514 0.091922 0.092046 0.092380 0.092463 0.093792 0.095201 0.096439 0.098918 0.101396 0.103633 0.108391 0.115225 0.123327 0.131297 0.141031 0.152749 0.153254 0.153784 0.153901 0.147062 0.139513 0.137832 0.139651 0.139638 0.144660 0.150693 0.156237 0.175046 0.197274 0.226102 0.270328 0.330941 0.361899 0.367243 0.368866 0.369572 0.369841
