tests/Borden05m/data_simulated/sim_1/output-maps/thetaliqL0008N0012.asc
ncols         160
nrows         34
xllcorner     620200.000000
yllcorner     5168000.000000
cellsize      0.500000
NODATA_value  -9999.0
[rows 0 to 27 of 34, columns 0 to 62 of 160]
-9999.0 -9999.0 -9999.0 -9999.0 -9999.0 -9999.0 -9999.0 -9999.0 -9999.0 -9999.0 -9999.0 -9999.0 -9999.0 -9999.0 -9999.0 -9999.0 -9999.0 -9999.0 -9999.0 -9999.0 -9999.0 -9999.0 -9999.0 -9999.0 -9999.0 -9999.0 -9999.0 -9999.0 -9999.0 -9999.0 -9999.0 -9999.0 -9999.0 -9999.0 -9999.0 -9999.0 -9999.0 -9999.0 -9999.0 -9999.0 -9999.0 -9999.0 -9999.0 -9999.0 -9999.0 -9999.0 -9999.0 -9999.0 -9999.0 -9999.0 -9999.0 -9999.0 -9999.0 -9999.0 -9999.0 -9999.0 -9999.0 -9999.0 -9999.0 -9999.0 -9999.0 -9999.0 -9999.0
-9999.0 -9999.0 -9999.0 -9999.0 -9999.0 -9999.0 -9999.0 -9999.0 -9999.0 -9999.0 -9999.0 -9999.0 -9999.0 -9999.0 -9999.0 -9999.0 -9999.0 -9999.0 -9999.0 -9999.0 -9999.0 -9999.0 -9999.0 -9999.0 -9999.0 -9999.0 -9999.0 -9999.0 -9999.0 -9999.0 -9999.0 -9999.0 -9999.0 -9999.0 -9999.0 -9999.0 -9999.0 -9999.0 -9999.0 -9999.0 -9999.0 -9999.0 -9999.0 -9999.0 -9999.0 -9999.0 -9999.0 -9999.0 -9999.0 -9999.0 -9999.0 -9999.0 -9999.0 -9999.0 -9999.0 -9999.0 -9999.0 -9999.0 -9999.0 0.369446 0.369341 0.369221 0.369092
-9999.0 -9999.0 -9999.0 -9999.0 -9999.0 -9999.0 -9999.0 -9999.0 -9999.0 -9999.0 -9999.0 -9999.0 -9999.0 -9999.0 -9999.0 -9999.0 -9999.0 -9999.0 -9999.0 -9999.0 -9999.0 -9999.0 -9999.0 -9999.0 -9999.0 -9999.0 -9999.0 -9999.0 -9999.0 -9999.0 -9999.0 -9999.0 -9999.0 -9999.0 -9999.0 -9999.0 -9999.0 -9999.0 -9999.0 -9999.0 -9999.0 -9999.0 -9999.0 -9999.0 -9999.0 -9999.0 -9999.0 0.358251 0.354018 0.348924 0.348356 0.355115 0.360192 0.363817 0.365996 0.367392 0.368377 0.369051 0.369137 0.368824 0.368655 0.368525 0.368430
-9999.0 -9999.0 -9999.0 -9999.0 -9999.0 -9999.0 -9999.0 -9999.0 -9999.0 -9999.0 -9999.0 -9999.0 -9999.0 -9999.0 -9999.0 -9999.0 -9999.0 -9999.0 -9999.0 -9999.0 -9999.0 -9999.0 -9999.0 -9999.0 -9999.0 -9999.0 -9999.0 -9999.0 -9999.0 -9999.0 -9999.0 -9999.0 -9999.0 -9999.0 -9999.0 -9999.0 -9999.0 -9999.0 -9999.0 -9999.0 0.365444 0.365990 0.366128 0.365068 0.363726 0.362036 0.358391 0.354084 0.349378 0.348354 0.349170 0.350999 0.357144 0.361774 0.364421 0.366163 0.367538 0.368515 0.368622 0.368158 0.367711 0.367446 0.367440
-9999.0 -9999.0 -9999.0 -9999.0 -9999.0 -9999.0 -9999.0 -9999.0 -9999.0 -9999.0 -9999.0 -9999.0 -9999.0 -9999.0 -9999.0 -9999.0 -9999.0 -9999.0 -9999.0 -9999.0 -9999.0 -9999.0 -9999.0 -9999.0 -9999.0 -9999.0 -9999.0 -9999.0 -9999.0 -9999.0 -9999.0 -9999.0 -9999.0 -9999.0 0.345629 0.351508 0.356352 0.360172 0.362845 0.363718 0.364430 0.365067 0.364611 0.364015 0.362446 0.359211 0.354641 0.350458 0.349519 0.348582 0.349980 0.353842 0.357872 0.361031 0.364060 0.366380 0.367057 0.367798 0.367954 0.367669 0.367711 0.367782 0.367856
-9999.0 -9999.0 -9999.0 -9999.0 -9999.0 -9999.0 -9999.0 -9999.0 -9999.0 -9999.0 -9999.0 -9999.0 -9999.0 -9999.0 -9999.0 -9999.0 -9999.0 -9999.0 -9999.0 -9999.0 -9999.0 -9999.0 -9999.0 -9999.0 -9999.0 -9999.0 -9999.0 -9999.0 0.347467 0.345275 0.343196 0.342495 0.341864 0.341265 0.344008 0.348458 0.353988 0.358985 0.361295 0.362393 0.363294 0.363377 0.362679 0.362315 0.362302 0.360322 0.357964 0.355360 0.352467 0.352076 0.354684 0.357929 0.360980 0.363212 0.365032 0.366270 0.367387 0.368479 0.368790 0.368565 0.368319 0.368147 0.368169
-9999.0 -9999.0 -9999.0 -9999.0 -9999.0 -9999.0 -9999.0 -9999.0 -9999.0 -9999.0 -9999.0 -9999.0 -9999.0 -9999.0 -9999.0 -9999.0 -9999.0 -9999.0 -9999.0 -9999.0 -9999.0 -9999.0 -9999.0 0.335728 0.338470 0.341180 0.344037 0.344287 0.342496 0.340024 0.338501 0.337661 0.336827 0.338679 0.342182 0.347315 0.352367 0.357789 0.359516 0.360718 0.362684 0.362955 0.363548 0.364019 0.363750 0.363371 0.361580 0.360021 0.361037 0.362026 0.362936 0.363892 0.365330 0.366699 0.367845 0.368748 0.369337 0.369651 0.369810 0.369763 0.369676 0.369524 0.369530
-9999.0 -9999.0 -9999.0 -9999.0 -9999.0 -9999.0 -9999.0 -9999.0 -9999.0 -9999.0 -9999.0 -9999.0 -9999.0 -9999.0 -9999.0 -9999.0 -9999.0 -9999.0 -9999.0 0.322971 0.323350 0.323785 0.326207 0.326661 0.327775 0.331325 0.335202 0.336037 0.335178 0.334222 0.334815 0.335926 0.337699 0.342521 0.347641 0.352112 0.355884 0.360278 0.362659 0.364458 0.366077 0.365918 0.365458 0.365200 0.365212 0.365256 0.365853 0.366186 0.366642 0.367079 0.367534 0.368017 0.368496 0.369106 0.369528 0.369773 0.369899 0.369959 0.369986 0.369983 0.369969 0.369943 0.369944
-9999.0 -9999.0 -9999.0 -9999.0 -9999.0 -9999.0 -9999.0 -9999.0 -9999.0 -9999.0 -9999.0 -9999.0 -9999.0 -9999.0 -9999.0 -9999.0 0.305388 0.306532 0.307778 0.311150 0.312557 0.314888 0.318925 0.319372 0.321496 0.325376 0.327954 0.332194 0.335827 0.339020 0.341418 0.342399 0.345323 0.348679 0.352354 0.356460 0.360911 0.364187 0.365887 0.367182 0.368128 0.368129 0.368056 0.368097 0.368132 0.368493 0.369101 0.369262 0.369349 0.369657 0.369800 0.369842 0.369885 0.369950 0.369987 0.369998 0.370000 0.370000 0.370000 0.370000 0.370000 0.370000 0.370000
-9999.0 -9999.0 -9999.0 -9999.0 -9999.0 -9999.0 -9999.0 -9999.0 -9999.0 -9999.0 -9999.0 -9999.0 -9999.0 0.272756 0.275918 0.282841 0.288763 0.290191 0.292827 0.296711 0.305033 0.307178 0.311079 0.315739 0.322351 0.326931 0.331621 0.337146 0.340750 0.343576 0.346185 0.348479 0.352737 0.356718 0.360048 0.363284 0.365735 0.367381 0.368470 0.368992 0.369343 0.369417 0.369382 0.369414 0.369556 0.369773 0.369899 0.369947 0.369985 0.369997 0.369999 0.370000 0.370000 0.370000 0.370000 0.370000 0.370000 0.370000 0.370000 0.370000 0.370000 0.370000 0.370000
-9999.0 -9999.0 -9999.0 -9999.0 -9999.0 -9999.0 -9999.0 -9999.0 -9999.0 -9999.0 0.244364 0.246395 0.243426 0.243989 0.247492 0.256873 0.267199 0.272484 0.280961 0.296073 0.307712 0.309788 0.318956 0.324531 0.327943 0.333304 0.339283 0.344537 0.350525 0.354176 0.357302 0.361358 0.363765 0.365589 0.367046 0.368187 0.368989 0.369614 0.369864 0.369930 0.369981 0.369993 0.369991 0.369992 0.369996 0.369999 0.370000 0.370000 0.370000 0.370000 0.370000 0.370000 0.370000 0.370000 0.370000 0.370000 0.370000 0.370000 0.370000 0.370000 0.370000 0.370000 0.370000
-9999.0 -9999.0 -9999.0 -9999.0 -9999.0 -9999.0 -9999.0 -9999.0 0.225296 0.230553 0.235488 0.232859 0.228840 0.226121 0.236220 0.248771 0.261414 0.274653 0.286698 0.299493 0.309975 0.320198 0.330688 0.336347 0.341461 0.347194 0.351616 0.356432 0.360808 0.363140 0.365434 0.367249 0.368330 0.368992 0.369430 0.369701 0.369909 0.369986 0.369999 0.370000 0.370000 0.370000 0.370000 0.370000 0.370000 0.370000 0.370000 0.370000 0.370000 0.370000 0.370000 0.370000 0.370000 0.370000 0.370000 0.370000 0.370000 0.370000 0.370000 0.370000 0.370000 0.370000 0.370000
-9999.0 -9999.0 -9999.0 -9999.0 -9999.0 -9999.0 0.205837 0.224220 0.235789 0.229359 0.222895 0.220133 0.217277 0.231847 0.248772 0.262089 0.275066 0.288088 0.299695 0.309704 0.330416 0.338116 0.344307 0.351155 0.355044 0.358292 0.361537 0.364777 0.366921 0.368688 0.369483 0.369811 0.369943 0.369982 0.369995 0.369999 0.370000 0.370000 0.370000 0.370000 0.370000 0.370000 0.370000 0.370000 0.370000 0.370000 0.370000 0.370000 0.370000 0.370000 0.370000 0.370000 0.370000 0.370000 0.370000 0.370000 0.370000 0.370000 0.370000 0.370000 0.370000 0.370000 0.370000
-9999.0 -9999.0 -9999.0 -9999.0 0.182566 0.196865 0.211976 0.236098 0.254244 0.249582 0.255376 0.255658 0.254449 0.256084 0.260321 0.274330 0.287640 0.300329 0.312852 0.334311 0.350713 0.355450 0.361136 0.365439 0.366692 0.367696 0.368465 0.369220 0.369721 0.369941 0.369997 0.370000 0.370000 0.370000 0.370000 0.370000 0.370000 0.370000 0.370000 0.370000 0.370000 0.370000 0.370000 0.370000 0.370000 0.370000 0.370000 0.370000 0.370000 0.370000 0.370000 0.370000 0.370000 0.370000 0.370000 0.370000 0.370000 0.370000 0.370000 0.370000 0.370000 0.370000 0.370000
-9999.0 -9999.0 -9999.0 0.155025 0.177296 0.202385 0.223250 0.247957 0.273182 0.278160 0.284314 0.289181 0.294101 0.300404 0.307296 0.317556 0.325473 0.331882 0.341432 0.354013 0.361815 0.366094 0.368281 0.369317 0.369698 0.369842 0.369927 0.369981 0.369999 0.370000 0.370000 0.370000 0.370000 0.370000 0.370000 0.370000 0.370000 0.370000 0.370000 0.370000 0.370000 0.370000 0.370000 0.370000 0.370000 0.370000 0.370000 0.370000 0.370000 0.370000 0.370000 0.370000 0.370000 0.370000 0.370000 0.370000 0.370000 0.370000 0.370000 0.370000 0.370000 0.370000 0.370000
-9999.0 -9999.0 0.133651 0.150161 0.169607 0.204494 0.245556 0.272301 0.302768 0.319141 0.323339 0.333383 0.341204 0.344697 0.350687 0.355616 0.358570 0.359205 0.361481 0.366053 0.369052 0.369841 0.369972 0.370000 0.370000 0.370000 0.370000 0.370000 0.370000 0.370000 0.370000 0.370000 0.370000 0.370000 0.370000 0.370000 0.370000 0.370000 0.370000 0.370000 0.370000 0.370000 0.370000 0.370000 0.370000 0.370000 0.370000 0.370000 0.370000 0.370000 0.370000 0.370000 0.370000 0.370000 0.370000 0.370000 0.370000 0.370000 0.370000 0.370000 0.370000 0.370000 0.370000
-9999.0 -9999.0 0.124425 0.141794 0.163841 0.211303 0.271243 0.299742 0.326898 0.346804 0.353010 0.358847 0.362418 0.364928 0.367103 0.368453 0.368646 0.368763 0.368775 0.369806 0.369992 0.370000 0.370000 0.370000 0.370000 0.370000 0.370000 0.370000 0.370000 0.370000 0.370000 0.370000 0.370000 0.370000 0.370000 0.370000 0.370000 0.370000 0.370000 0.370000 0.370000 0.370000 0.370000 0.370000 0.370000 0.370000 0.370000 0.370000 0.370000 0.370000 0.370000 0.370000 0.370000 0.370000 0.370000 0.370000 0.370000 0.370000 0.370000 0.370000 0.370000 0.370000 0.370000
-9999.0 0.101555 0.113794 0.131871 0.166309 0.213940 0.283248 0.335012 0.353553 0.362412 0.365907 0.367547 0.369511 0.369935 0.369987 0.369999 0.369999 0.369999 0.369998 0.370000 0.370000 0.370000 0.370000 0.370000 0.370000 0.370000 0.370000 0.370000 0.370000 0.370000 0.370000 0.370000 0.370000 0.370000 0.370000 0.370000 0.370000 0.370000 0.370000 0.370000 0.370000 0.370000 0.370000 0.370000 0.370000 0.370000 0.370000 0.370000 0.370000 0.370000 0.370000 0.370000 0.370000 0.370000 0.370000 0.370000 0.370000 0.370000 0.370000 0.370000 0.370000 0.370000 0.370000
-9999.0 0.095512 0.107365 0.129352 0.163369 0.217022 0.306056 0.360005 0.366181 0.368401 0.369381 0.369909 0.370000 0.370000 0.370000 0.370000 0.370000 0.370000 0.370000 0.370000 0.370000 0.370000 0.370000 0.370000 0.370000 0.370000 0.370000 0.370000 0.370000 0.370000 0.370000 0.370000 0.370000 0.370000 0.370000 0.370000 0.370000 0.370000 0.370000 0.370000 0.370000 0.370000 0.370000 0.370000 0.370000 0.370000 0.370000 0.370000 0.370000 0.370000 0.370000 0.370000 0.370000 0.370000 0.370000 0.370000 0.370000 0.370000 0.370000 0.370000 0.370000 0.370000 0.370000
-9999.0 0.092053 0.104017 0.121764 0.153277 0.240600 0.328753 0.365395 0.369592 0.369919 0.369997 0.370000 0.370000 0.370000 0.370000 0.370000 0.370000 0.370000 0.370000 0.370000 0.370000 0.370000 0.370000 0.370000 0.370000 0.370000 0.370000 0.370000 0.370000 0.370000 0.370000 0.370000 0.370000 0.370000 0.370000 0.370000 0.370000 0.370000 0.370000 0.370000 0.370000 0.370000 0.370000 0.370000 0.370000 0.370000 0.370000 0.370000 0.370000 0.370000 0.370000 0.370000 0.370000 0.370000 0.370000 0.370000 0.370000 0.370000 0.370000 0.370000 0.370000 0.370000 0.370000
-9999.0 0.082931 0.091809 0.102454 0.147894 0.262050 0.341885 0.368792 0.369998 0.370000 0.370000 0.370000 0.370000 0.370000 0.370000 0.370000 0.370000 0.370000 0.370000 0.370000 0.370000 0.370000 0.370000 0.370000 0.370000 0.370000 0.370000 0.370000 0.370000 0.370000 0.370000 0.370000 0.370000 0.370000 0.370000 0.370000 0.370000 0.370000 0.370000 0.370000 0.370000 0.370000 0.370000 0.370000 0.370000 0.370000 0.370000 0.370000 0.370000 0.370000 0.370000 0.370000 0.370000 0.370000 0.370000 0.370000 0.370000 0.370000 0.370000 0.370000 0.370000 0.370000 0.370000
-9999.0 0.077675 0.082812 0.095091 0.136589 0.241123 0.341874 0.369303 0.370000 0.370000 0.370000 0.370000 0.370000 0.370000 0.370000 0.370000 0.370000 0.370000 0.370000 0.370000 0.370000 0.370000 0.370000 0.370000 0.370000 0.370000 0.370000 0.370000 0.370000 0.370000 0.370000 0.370000 0.370000 0.370000 0.370000 0.370000 0.370000 0.370000 0.370000 0.370000 0.370000 0.370000 0.370000 0.370000 0.370000 0.370000 0.370000 0.370000 0.370000 0.370000 0.370000 0.370000 0.370000 0.370000 0.370000 0.370000 0.370000 0.370000 0.370000 0.370000 0.370000 0.370000 0.370000
-9999.0 0.074209 0.079284 0.088039 0.113096 0.174245 0.279961 0.361491 0.369939 0.370000 0.370000 0.370000 0.370000 0.370000 0.370000 0.370000 0.370000 0.370000 0.370000 0.370000 0.370000 0.370000 0.370000 0.370000 0.370000 0.370000 0.370000 0.370000 0.370000 0.370000 0.370000 0.370000 0.370000 0.370000 0.370000 0.370000 0.370000 0.370000 0.370000 0.370000 0.370000 0.370000 0.370000 0.370000 0.370000 0.370000 0.370000 0.370000 0.370000 0.370000 0.370000 0.370000 0.370000 0.370000 0.370000 0.370000 0.370000 0.370000 0.370000 0.370000 0.370000 0.370000 0.370000
-9999.0 -9999.0 0.075860 0.082318 0.095745 0.128566 0.199993 0.320053 0.366762 0.370000 0.370000 0.370000 0.370000 0.370000 0.370000 0.370000 0.370000 0.370000 0.370000 0.370000 0.370000 0.370000 0.370000 0.370000 0.370000 0.370000 0.370000 0.370000 0.370000 0.370000 0.370000 0.370000 0.370000 0.370000 0.370000 0.370000 0.370000 0.370000 0.370000 0.370000 0.370000 0.370000 0.370000 0.370000 0.370000 0.370000 0.370000 0.370000 0.370000 0.370000 0.370000 0.370000 0.370000 0.370000 0.370000 0.370000 0.370000 0.370000 0.370000 0.370000 0.370000 0.370000 0.370000
-9999.0 -9999.0 0.073153 0.077214 0.085866 0.105271 0.140780 0.207849 0.327877 0.364968 0.369747 0.369999 0.370000 0.370000 0.370000 0.370000 0.370000 0.370000 0.370000 0.370000 0.370000 0.370000 0.370000 0.370000 0.370000 0.370000 0.370000 0.370000 0.370000 0.370000 0.370000 0.370000 0.370000 0.370000 0.370000 0.370000 0.370000 0.370000 0.370000 0.370000 0.370000 0.370000 0.370000 0.370000 0.370000 0.370000 0.370000 0.370000 0.370000 0.370000 0.370000 0.370000 0.370000 0.370000 0.370000 0.370000 0.370000 0.370000 0.370000 0.370000 0.369995 0.369961 0.369826
-9999.0 -9999.0 -9999.0 0.074283 0.078573 0.085120 0.097943 0.116059 0.157384 0.237984 0.316871 0.357961 0.366998 0.369348 0.369911 0.369995 0.370000 0.370000 0.370000 0.370000 0.370000 0.370000 0.370000 0.370000 0.370000 0.370000 0.370000 0.370000 0.370000 0.370000 0.370000 0.370000 0.370000 0.370000 0.370000 0.370000 0.370000 0.370000 0.370000 0.370000 0.370000 0.370000 0.370000 0.370000 0.370000 0.370000 0.370000 0.370000 0.370000 0.370000 0.370000 0.370000 0.370000 0.370000 0.370000 0.369999 0.369998 0.369985 0.369935 0.369786 0.369334 0.368294 0.366355
-9999.0 -9999.0 -9999.0 -9999.0 -9999.0 0.075687 0.081083 0.089738 0.102132 0.120772 0.156601 0.223519 0.264199 0.303408 0.336256 0.353241 0.361757 0.366472 0.369001 0.369762 0.369972 0.369998 0.370000 0.370000 0.370000 0.370000 0.370000 0.370000 0.370000 0.370000 0.370000 0.370000 0.370000 0.370000 0.369999 0.369999 0.369999 0.369998 0.369996 0.369990 0.369979 0.369971 0.369963 0.369954 0.369943 0.369931 0.369918 0.369903 0.369858 0.369812 0.369813 0.369789 0.369762 0.369732 0.369655 0.369546 0.369381 0.368699 0.367674 0.366576 0.363137 0.358193 0.353131
-9999.0 -9999.0 -9999.0 -9999.0 -9999.0 -9999.0 0.074074 0.077785 0.082672 0.090437 0.104372 0.124020 0.136091 0.158669 0.190472 0.232286 0.279212 0.311522 0.335682 0.352154 0.361975 0.366346 0.368547 0.369512 0.369719 0.369820 0.369888 0.369844 0.369777 0.369684 0.369383 0.369292 0.369137 0.369123 0.369103 0.369087 0.368928 0.368732 0.368520 0.368062 0.367784 0.367426 0.367139 0.366841 0.366505 0.366190 0.365937 0.365678 0.365098 0.365205 0.365219 0.365017 0.364743 0.364422 0.363598 0.362346 0.360928 0.357710 0.354193 0.349871 0.340529 0.331511 0.320393
