tests/Borden05m/data_simulated/sim_1/output-maps/thetaliqL0004N0004.asc
ncols         160
nrows         34
xllcorner     620200.000000
yllcorner     5168000.000000
cellsize      0.500000
NODATA_value  -9999.0
[rows 0 to 27 of 34, columns 0 to 62 of 160]
-9999.0 -9999.0 -9999.0 -9999.0 -9999.0 -9999.0 -9999.0 -9999.0 -9999.0 -9999.0 -9999.0 -9999.0 -9999.0 -9999.0 -9999.0 -9999.0 -9999.0 -9999.0 -9999.0 -9999.0 -9999.0 -9999.0 -9999.0 -9999.0 -9999.0 -9999.0 -9999.0 -9999.0 -9999.0 -9999.0 -9999.0 -9999.0 -9999.0 -9999.0 -9999.0 -9999.0 -9999.0 -9999.0 -9999.0 -9999.0 -9999.0 -9999.0 -9999.0 -9999.0 -9999.0 -9999.0 -9999.0 -9999.0 -9999.0 -9999.0 -9999.0 -9999.0 -9999.0 -9999.0 -9999.0 -9999.0 -9999.0 -9999.0 -9999.0 -9999.0 -9999.0 -9999.0 -9999.0
-9999.0 -9999.0 -9999.0 -9999.0 -9999.0 -9999.0 -9999.0 -9999.0 -9999.0 -9999.0 -9999.0 -9999.0 -9999.0 -9999.0 -9999.0 -9999.0 -9999.0 -9999.0 -9999.0 -9999.0 -9999.0 -9999.0 -9999.0 -9999.0 -9999.0 -9999.0 -9999.0 -9999.0 -9999.0 -9999.0 -9999.0 -9999.0 -9999.0 -9999.0 -9999.0 -9999.0 -9999.0 -9999.0 -9999.0 -9999.0 -9999.0 -9999.0 -9999.0 -9999.0 -9999.0 -9999.0 -9999.0 -9999.0 -9999.0 -9999.0 -9999.0 -9999.0 -9999.0 -9999.0 -9999.0 -9999.0 -9999.0 -9999.0 -9999.0 0.109143 0.107720 0.106430 0.105321
-9999.0 -9999.0 -9999.0 -9999.0 -9999.0 -9999.0 -9999.0 -9999.0 -9999.0 -9999.0 -9999.0 -9999.0 -9999.0 -9999.0 -9999.0 -9999.0 -9999.0 -9999.0 -9999.0 -9999.0 -9999.0 -9999.0 -9999.0 -9999.0 -9999.0 -9999.0 -9999.0 -9999.0 -9999.0 -9999.0 -9999.0 -9999.0 -9999.0 -9999.0 -9999.0 -9999.0 -9999.0 -9999.0 -9999.0 -9999.0 -9999.0 -9999.0 -9999.0 -9999.0 -9999.0 -9999.0 -9999.0 0.089400 0.087194 0.085124 0.084851 0.087403 0.089852 0.092631 0.095266 0.097966 0.101176 0.105186 0.105721 0.102782 0.101858 0.101241 0.100863
-9999.0 -9999.0 -9999.0 -9999.0 -9999.0 -9999.0 -9999.0 -9999.0 -9999.0 -9999.0 -9999.0 -9999.0 -9999.0 -9999.0 -9999.0 -9999.0 -9999.0 -9999.0 -9999.0 -9999.0 -9999.0 -9999.0 -9999.0 -9999.0 -9999.0 -9999.0 -9999.0 -9999.0 -9999.0 -9999.0 -9999.0 -9999.0 -9999.0 -9999.0 -9999.0 -9999.0 -9999.0 -9999.0 -9999.0 -9999.0 0.094347 0.095375 0.095876 0.093995 0.092466 0.091250 0.088847 0.086785 0.085059 0.084945 0.085122 0.085279 0.087664 0.090327 0.092529 0.094756 0.097692 0.101434 0.101822 0.099327 0.097614 0.096888 0.096909
-9999.0 -9999.0 -9999.0 -9999.0 -9999.0 -9999.0 -9999.0 -9999.0 -9999.0 -9999.0 -9999.0 -9999.0 -9999.0 -9999.0 -9999.0 -9999.0 -9999.0 -9999.0 -9999.0 -9999.0 -9999.0 -9999.0 -9999.0 -9999.0 -9999.0 -9999.0 -9999.0 -9999.0 -9999.0 -9999.0 -9999.0 -9999.0 -9999.0 -9999.0 0.084525 0.086321 0.088020 0.089889 0.091899 0.092446 0.092993 0.093929 0.093193 0.092579 0.091028 0.088702 0.086475 0.085059 0.085053 0.084744 0.085053 0.086292 0.087815 0.089396 0.091888 0.095152 0.095997 0.097813 0.098137 0.097088 0.097361 0.097700 0.097998
-9999.0 -9999.0 -9999.0 -9999.0 -9999.0 -9999.0 -9999.0 -9999.0 -9999.0 -9999.0 -9999.0 -9999.0 -9999.0 -9999.0 -9999.0 -9999.0 -9999.0 -9999.0 -9999.0 -9999.0 -9999.0 -9999.0 -9999.0 -9999.0 -9999.0 -9999.0 -9999.0 -9999.0 0.085707 0.085051 0.084507 0.084394 0.084209 0.083824 0.084206 0.085124 0.086798 0.089075 0.090332 0.090961 0.091643 0.091591 0.090764 0.090445 0.090725 0.089228 0.087978 0.086821 0.085518 0.085320 0.086286 0.087649 0.089291 0.090786 0.092448 0.094155 0.096040 0.099833 0.101364 0.099879 0.098631 0.097867 0.097931
-9999.0 -9999.0 -9999.0 -9999.0 -9999.0 -9999.0 -9999.0 -9999.0 -9999.0 -9999.0 -9999.0 -9999.0 -9999.0 -9999.0 -9999.0 -9999.0 -9999.0 -9999.0 -9999.0 -9999.0 -9999.0 -9999.0 -9999.0 0.083463 0.084047 0.084518 0.085167 0.085103 0.084347 0.083695 0.083355 0.083143 0.082836 0.083059 0.083592 0.084638 0.085905 0.088097 0.088635 0.089150 0.090746 0.090806 0.091431 0.092102 0.091758 0.091500 0.089717 0.088493 0.089437 0.090196 0.090749 0.091354 0.092854 0.094906 0.097509 0.101033 0.105287 0.109447 0.113946 0.111801 0.109320 0.106167 0.106191
-9999.0 -9999.0 -9999.0 -9999.0 -9999.0 -9999.0 -9999.0 -9999.0 -9999.0 -9999.0 -9999.0 -9999.0 -9999.0 -9999.0 -9999.0 -9999.0 -9999.0 -9999.0 -9999.0 0.082125 0.082089 0.081993 0.082265 0.081924 0.081885 0.082364 0.083017 0.082992 0.082680 0.082383 0.082467 0.082620 0.082802 0.083768 0.084906 0.086000 0.087074 0.089253 0.090787 0.092487 0.094943 0.094245 0.093238 0.092701 0.092653 0.092591 0.093700 0.094268 0.094901 0.095651 0.096578 0.097768 0.099234 0.102566 0.106602 0.111057 0.115824 0.120990 0.127167 0.125543 0.121156 0.117025 0.116990
-9999.0 -9999.0 -9999.0 -9999.0 -9999.0 -9999.0 -9999.0 -9999.0 -9999.0 -9999.0 -9999.0 -9999.0 -9999.0 -9999.0 -9999.0 -9999.0 0.080754 0.080790 0.080706 0.080689 0.080579 0.080747 0.081214 0.080976 0.081074 0.081482 0.081630 0.082198 0.082758 0.083348 0.083769 0.083725 0.084258 0.084886 0.085733 0.087083 0.089441 0.092091 0.094007 0.096333 0.099125 0.098704 0.098270 0.098323 0.098183 0.099590 0.103348 0.104208 0.104557 0.109197 0.112611 0.113442 0.114728 0.119402 0.126674 0.136562 0.151077 0.162011 0.173099 0.176542 0.166711 0.164185 0.166969
-9999.0 -9999.0 -9999.0 -9999.0 -9999.0 -9999.0 -9999.0 -9999.0 -9999.0 -9999.0 -9999.0 -9999.0 -9999.0 0.079029 0.079129 0.079485 0.079346 0.079125 0.079095 0.079092 0.079865 0.079807 0.080017 0.080408 0.081180 0.081608 0.082127 0.082947 0.083398 0.083766 0.084158 0.084508 0.085720 0.087156 0.088708 0.090997 0.093595 0.096462 0.099863 0.102177 0.104837 0.105388 0.104488 0.104492 0.106179 0.110612 0.115412 0.118916 0.126336 0.134916 0.140228 0.145772 0.149185 0.153843 0.163170 0.185048 0.210918 0.234145 0.248251 0.264029 0.264263 0.266850 0.269081
-9999.0 -9999.0 -9999.0 -9999.0 -9999.0 -9999.0 -9999.0 -9999.0 -9999.0 -9999.0 0.077279 0.077560 0.077156 0.076691 0.076617 0.077060 0.077569 0.077637 0.078023 0.079259 0.080237 0.079916 0.080920 0.081404 0.081540 0.082173 0.083062 0.083911 0.085426 0.086394 0.087473 0.089917 0.091696 0.093621 0.095942 0.098774 0.102270 0.108795 0.115530 0.118875 0.126948 0.132472 0.130089 0.129376 0.131421 0.138254 0.149030 0.163402 0.176218 0.193911 0.209696 0.220172 0.227872 0.237670 0.250046 0.278047 0.316575 0.347745 0.367213 0.369909 0.369982 0.369990 0.369992
-9999.0 -9999.0 -9999.0 -9999.0 -9999.0 -9999.0 -9999.0 -9999.0 0.075932 0.076365 0.076708 0.076395 0.075984 0.075461 0.075945 0.076546 0.077138 0.077860 0.078513 0.079275 0.079845 0.080792 0.082080 0.082664 0.083416 0.084597 0.085571 0.087192 0.089361 0.090763 0.093123 0.096095 0.099073 0.102007 0.105300 0.108835 0.116239 0.126751 0.138769 0.149727 0.163679 0.179127 0.178039 0.179324 0.180975 0.199059 0.222697 0.249478 0.279208 0.311371 0.341193 0.354573 0.361808 0.368206 0.369934 0.369989 0.369999 0.370000 0.370000 0.370000 0.370000 0.370000 0.370000
-9999.0 -9999.0 -9999.0 -9999.0 -9999.0 -9999.0 0.074983 0.076101 0.076777 0.075895 0.075285 0.075077 0.074791 0.075695 0.076787 0.077388 0.078009 0.078721 0.079292 0.079628 0.082287 0.082931 0.083733 0.085439 0.086465 0.087619 0.089353 0.092188 0.095199 0.100918 0.107091 0.113457 0.120650 0.126394 0.132255 0.139204 0.153383 0.173434 0.196696 0.218758 0.241190 0.267531 0.277422 0.283238 0.292325 0.309944 0.339547 0.365821 0.369954 0.369998 0.370000 0.370000 0.370000 0.370000 0.370000 0.370000 0.370000 0.370000 0.370000 0.370000 0.370000 0.370000 0.370000
-9999.0 -9999.0 -9999.0 -9999.0 0.074621 0.075151 0.075484 0.076777 0.077826 0.076778 0.077291 0.077167 0.076884 0.076658 0.076526 0.077322 0.078073 0.078850 0.079673 0.082506 0.085949 0.086770 0.089643 0.093864 0.095323 0.097265 0.099382 0.103396 0.109891 0.119053 0.135979 0.153985 0.166975 0.179796 0.191817 0.207317 0.230911 0.262498 0.298383 0.334159 0.361105 0.369788 0.369981 0.369994 0.369998 0.369999 0.370000 0.370000 0.370000 0.370000 0.370000 0.370000 0.370000 0.370000 0.370000 0.370000 0.370000 0.370000 0.370000 0.370000 0.370000 0.370000 0.370000
-9999.0 -9999.0 -9999.0 0.073538 0.074724 0.075643 0.075968 0.076900 0.078357 0.078161 0.078375 0.078589 0.078859 0.079253 0.079711 0.080606 0.081293 0.081786 0.083121 0.086225 0.089745 0.094182 0.098898 0.104698 0.109723 0.113099 0.116897 0.123834 0.138318 0.156325 0.185924 0.225563 0.258753 0.283003 0.301009 0.324472 0.345349 0.368138 0.369969 0.369999 0.370000 0.370000 0.370000 0.370000 0.370000 0.370000 0.370000 0.370000 0.370000 0.370000 0.370000 0.370000 0.370000 0.370000 0.370000 0.370000 0.370000 0.370000 0.370000 0.370000 0.370000 0.370000 0.370000
-9999.0 -9999.0 0.073051 0.073839 0.074134 0.075542 0.077353 0.078030 0.080217 0.081644 0.081435 0.082866 0.084141 0.084415 0.085937 0.087612 0.088689 0.088387 0.089087 0.093832 0.103344 0.114743 0.124656 0.148140 0.164011 0.174833 0.180138 0.194868 0.216397 0.255541 0.305922 0.352332 0.369720 0.369984 0.369996 0.369999 0.370000 0.370000 0.370000 0.370000 0.370000 0.370000 0.370000 0.370000 0.370000 0.370000 0.370000 0.370000 0.370000 0.370000 0.370000 0.370000 0.370000 0.370000 0.370000 0.370000 0.370000 0.370000 0.370000 0.370000 0.370000 0.370000 0.370000
-9999.0 -9999.0 0.072436 0.073448 0.073703 0.075931 0.078949 0.079530 0.081920 0.085591 0.086814 0.088931 0.091058 0.093615 0.097050 0.101516 0.101176 0.101132 0.100120 0.112129 0.129511 0.158616 0.210170 0.260568 0.296033 0.299725 0.302118 0.318040 0.342668 0.369339 0.369988 0.370000 0.370000 0.370000 0.370000 0.370000 0.370000 0.370000 0.370000 0.370000 0.370000 0.370000 0.370000 0.370000 0.370000 0.370000 0.370000 0.370000 0.370000 0.370000 0.370000 0.370000 0.370000 0.370000 0.370000 0.370000 0.370000 0.370000 0.370000 0.370000 0.370000 0.370000 0.370000
-9999.0 0.071614 0.072255 0.072807 0.074322 0.075545 0.078927 0.084114 0.087453 0.091605 0.094825 0.097329 0.110098 0.124914 0.133299 0.146204 0.142675 0.139714 0.134467 0.151341 0.182215 0.261840 0.367844 0.369965 0.369996 0.369997 0.369996 0.369998 0.370000 0.370000 0.370000 0.370000 0.370000 0.370000 0.370000 0.370000 0.370000 0.370000 0.370000 0.370000 0.370000 0.370000 0.370000 0.370000 0.370000 0.370000 0.370000 0.370000 0.370000 0.370000 0.370000 0.370000 0.370000 0.370000 0.370000 0.370000 0.370000 0.370000 0.370000 0.370000 0.370000 0.370000 0.370000
-9999.0 0.070755 0.072025 0.073332 0.074028 0.075346 0.081015 0.093005 0.096540 0.100933 0.106382 0.120497 0.158195 0.200601 0.230992 0.268332 0.264150 0.249455 0.248447 0.281585 0.337597 0.369793 0.370000 0.370000 0.370000 0.370000 0.370000 0.370000 0.370000 0.370000 0.370000 0.370000 0.370000 0.370000 0.370000 0.370000 0.370000 0.370000 0.370000 0.370000 0.370000 0.370000 0.370000 0.370000 0.370000 0.370000 0.370000 0.370000 0.370000 0.370000 0.370000 0.370000 0.370000 0.370000 0.370000 0.370000 0.370000 0.370000 0.370000 0.370000 0.370000 0.370000 0.370000
-9999.0 0.071305 0.073049 0.073191 0.073192 0.077432 0.083374 0.096897 0.113654 0.121605 0.141561 0.195868 0.282634 0.361165 0.369902 0.369986 0.369993 0.369987 0.369993 0.370000 0.370000 0.370000 0.370000 0.370000 0.370000 0.370000 0.370000 0.370000 0.370000 0.370000 0.370000 0.370000 0.370000 0.370000 0.370000 0.370000 0.370000 0.370000 0.370000 0.370000 0.370000 0.370000 0.370000 0.370000 0.370000 0.370000 0.370000 0.370000 0.370000 0.370000 0.370000 0.370000 0.370000 0.370000 0.370000 0.370000 0.370000 0.370000 0.370000 0.370000 0.370000 0.370000 0.370000
-9999.0 0.069886 0.071594 0.070865 0.074056 0.080030 0.085910 0.109111 0.152503 0.174998 0.249899 0.346476 0.369969 0.370000 0.370000 0.370000 0.370000 0.370000 0.370000 0.370000 0.370000 0.370000 0.370000 0.370000 0.370000 0.370000 0.370000 0.370000 0.370000 0.370000 0.370000 0.370000 0.370000 0.370000 0.370000 0.370000 0.370000 0.370000 0.370000 0.370000 0.370000 0.370000 0.370000 0.370000 0.370000 0.370000 0.370000 0.370000 0.370000 0.370000 0.370000 0.370000 0.370000 0.370000 0.370000 0.370000 0.370000 0.370000 0.370000 0.370000 0.370000 0.370000 0.370000
-9999.0 0.069107 0.069983 0.071156 0.074371 0.079497 0.089611 0.120774 0.215136 0.289972 0.358711 0.369925 0.370000 0.370000 0.370000 0.370000 0.370000 0.370000 0.370000 0.370000 0.370000 0.370000 0.370000 0.370000 0.370000 0.370000 0.370000 0.370000 0.370000 0.370000 0.370000 0.370000 0.370000 0.370000 0.370000 0.370000 0.370000 0.370000 0.370000 0.370000 0.370000 0.370000 0.370000 0.370000 0.370000 0.370000 0.370000 0.370000 0.370000 0.370000 0.370000 0.370000 0.370000 0.370000 0.370000 0.370000 0.370000 0.370000 0.370000 0.369999 0.369981 0.369743 0.367214
-9999.0 0.068265 0.070095 0.070846 0.072773 0.075060 0.079748 0.095612 0.136122 0.279063 0.369723 0.369997 0.370000 0.370000 0.370000 0.370000 0.370000 0.370000 0.370000 0.370000 0.370000 0.370000 0.370000 0.370000 0.370000 0.370000 0.370000 0.370000 0.370000 0.370000 0.370000 0.370000 0.370000 0.370000 0.370000 0.370000 0.370000 0.370000 0.370000 0.370000 0.370000 0.370000 0.370000 0.370000 0.370000 0.370000 0.370000 0.370000 0.370000 0.370000 0.370000 0.370000 0.370000 0.370000 0.370000 0.369999 0.369976 0.368951 0.352487 0.320631 0.275648 0.248294 0.243903
-9999.0 -9999.0 0.068936 0.070610 0.071406 0.072873 0.075590 0.084035 0.102913 0.174962 0.265802 0.342588 0.369711 0.369991 0.370000 0.370000 0.370000 0.370000 0.370000 0.370000 0.370000 0.370000 0.370000 0.370000 0.370000 0.370000 0.370000 0.370000 0.370000 0.370000 0.370000 0.370000 0.370000 0.370000 0.370000 0.370000 0.370000 0.370000 0.370000 0.370000 0.370000 0.369999 0.369999 0.369999 0.369999 0.369999 0.369999 0.369996 0.369978 0.369584 0.367001 0.363459 0.359084 0.350418 0.339535 0.325372 0.299119 0.273807 0.251351 0.218714 0.188043 0.162597 0.146759
-9999.0 -9999.0 0.068123 0.069534 0.071079 0.072955 0.073925 0.076652 0.087392 0.102388 0.125631 0.160492 0.202659 0.249840 0.297904 0.348104 0.362773 0.366488 0.366193 0.368502 0.369947 0.369991 0.369996 0.369998 0.369999 0.370000 0.370000 0.370000 0.369999 0.369995 0.369954 0.368189 0.360785 0.356019 0.359563 0.364142 0.362190 0.355647 0.343698 0.326833 0.311902 0.296981 0.292149 0.290816 0.290730 0.287836 0.283491 0.271779 0.257972 0.248587 0.241771 0.235976 0.233366 0.226596 0.218415 0.213467 0.199154 0.182869 0.167397 0.150068 0.132915 0.122176 0.113489
-9999.0 -9999.0 -9999.0 0.068267 0.069164 0.070437 0.071493 0.071635 0.073818 0.078139 0.084085 0.093620 0.103307 0.114235 0.128673 0.150086 0.165533 0.171717 0.173732 0.203089 0.220565 0.250024 0.276022 0.288159 0.303557 0.318686 0.322972 0.312544 0.300742 0.282396 0.258029 0.234879 0.222819 0.223564 0.224083 0.227578 0.222705 0.218180 0.208170 0.197912 0.188248 0.181308 0.178860 0.176277 0.174834 0.172770 0.170828 0.166790 0.161964 0.157297 0.153455 0.152161 0.150809 0.148599 0.145643 0.142906 0.138538 0.128687 0.120548 0.112985 0.105707 0.099718 0.094869
-9999.0 -9999.0 -9999.0 -9999.0 -9999.0 0.068236 0.069659 0.070597 0.071183 0.071810 0.073427 0.077040 0.078735 0.081325 0.085279 0.089174 0.092794 0.097642 0.105485 0.115047 0.127898 0.140152 0.155576 0.170322 0.178262 0.187311 0.190799 0.183967 0.177918 0.169024 0.155892 0.144501 0.142515 0.142883 0.143138 0.142466 0.140244 0.138201 0.135425 0.130300 0.125930 0.124250 0.123081 0.121882 0.120660 0.119648 0.118713 0.117825 0.115346 0.113273 0.113535 0.112930 0.112361 0.111867 0.110377 0.108915 0.107360 0.102024 0.098103 0.096084 0.091603 0.088284 0.086631
-9999.0 -9999.0 -9999.0 -9999.0 -9999.0 -9999.0 0.068060 0.068708 0.069786 0.070518 0.071751 0.073103 0.072767 0.073847 0.075234 0.077002 0.079503 0.081379 0.084063 0.087624 0.092301 0.096843 0.102943 0.110341 0.113259 0.116174 0.119504 0.116516 0.114052 0.111823 0.106176 0.105297 0.104079 0.104214 0.104216 0.104300 0.103281 0.102211 0.101255 0.099024 0.098170 0.097227 0.096617 0.096042 0.095473 0.095025 0.094715 0.094427 0.093389 0.093620 0.093741 0.093444 0.093152 0.092943 0.092213 0.091198 0.090393 0.088438 0.087124 0.085962 0.083597 0.082388 0.081270
