tests/Borden05m/data_simulated/sim_1/output-maps/thetaliqL0007N0006.asc
ncols         160
nrows         34
xllcorner     620200.000000
yllcorner     5168000.000000
cellsize      0.500000
NODATA_value  -9999.0
[rows 0 to 27 of 34, columns 63 to 125 of 160]
-9999.0 -9999.0 -9999.0 -9999.0 -9999.0 -9999.0 -9999.0 -9999.0 -9999.0 -9999.0 -9999.0 -9999.0 -9999.0 -9999.0 -9999.0 -9999.0 -9999.0 -9999.0 -9999.0 -9999.0 -9999.0 -9999.0 -9999.0 -9999.0 -9999.0 -9999.0 -9999.0 -9999.0 -9999.0 -9999.0 -9999.0 -9999.0 -9999.0 -9999.0 -9999.0 -9999.0 -9999.0 -9999.0 -9999.0 -9999.0 -9999.0 -9999.0 -9999.0 -9999.0 -9999.0 -9999.0 -9999.0 -9999.0 -9999.0 -9999.0 -9999.0 -9999.0 -9999.0 -9999.0 -9999.0 -9999.0 -9999.0 -9999.0 -9999.0 -9999.0 -9999.0 -9999.0 -9999.0
0.316587 0.310560 0.304554 0.301657 0.300894 0.300156 0.299774 0.303425 0.308723 0.313610 0.318069 0.319441 0.320836 0.322174 0.322449 0.321639 0.319663 0.317627 0.315469 0.314525 0.309012 0.301078 0.294532 0.292456 0.295792 0.299085 0.300913 0.305267 0.312608 0.319503 0.324583 0.330950 0.333716 0.336250 0.337841 0.336088 0.334510 0.332843 0.330633 0.324779 -9999.0 -9999.0 -9999.0 -9999.0 -9999.0 -9999.0 -9999.0 -9999.0 -9999.0 -9999.0 -9999.0 -9999.0 -9999.0 -9999.0 -9999.0 -9999.0 -9999.0 -9999.0 -9999.0 -9999.0 -9999.0 -9999.0 -9999.0
0.306054 0.299740 0.295652 0.291441 0.290074 0.289903 0.289808 0.292851 0.299872 0.305369 0.308543 0.310062 0.311590 0.311685 0.311323 0.310999 0.309024 0.306673 0.304292 0.303010 0.302911 0.297456 0.293565 0.291150 0.290342 0.292159 0.293869 0.296022 0.303004 0.308781 0.314301 0.322893 0.329703 0.332446 0.331357 0.328853 0.327025 0.323687 0.318138 0.311668 0.304610 0.299627 0.295915 0.292348 0.296988 0.301634 0.308882 0.315677 0.323015 0.329746 -9999.0 -9999.0 -9999.0 -9999.0 -9999.0 -9999.0 -9999.0 -9999.0 -9999.0 -9999.0 -9999.0 -9999.0 -9999.0
0.297031 0.294069 0.290367 0.287256 0.292777 0.293523 0.294250 0.296463 0.298908 0.300295 0.302193 0.305779 0.311664 0.313266 0.313511 0.313512 0.312273 0.310185 0.308957 0.307045 0.303426 0.302801 0.303118 0.303204 0.306863 0.307871 0.308701 0.303856 0.306142 0.310430 0.314967 0.319469 0.323737 0.326569 0.324992 0.324374 0.319742 0.311339 0.303775 0.297754 0.295928 0.293815 0.288331 0.279308 0.284777 0.296552 0.300091 0.302938 0.311188 0.319010 0.324980 0.326056 0.325921 0.325777 0.324403 0.316251 0.306789 0.296547 0.282679 -9999.0 -9999.0 -9999.0 -9999.0
0.298321 0.295928 0.294855 0.304017 0.310314 0.311250 0.312985 0.314966 0.313932 0.305537 0.303566 0.309363 0.316087 0.319665 0.319649 0.319536 0.318625 0.317926 0.317525 0.315933 0.316663 0.318295 0.318861 0.322013 0.325272 0.326774 0.321684 0.316016 0.316255 0.320940 0.325548 0.329658 0.335346 0.340804 0.340314 0.337850 0.333778 0.326789 0.312936 0.299503 0.292119 0.287546 0.282545 0.281960 0.280683 0.288852 0.290443 0.291898 0.298462 0.305840 0.312636 0.316371 0.316175 0.315963 0.314547 0.308495 0.298392 0.287628 0.274987 0.254847 0.231985 0.210603 0.210046
0.302298 0.304700 0.313607 0.322090 0.330512 0.331739 0.332905 0.332665 0.327293 0.321257 0.318463 0.327289 0.335341 0.339130 0.339527 0.339875 0.343431 0.342466 0.341167 0.338585 0.339700 0.341105 0.345909 0.348628 0.350832 0.350190 0.346050 0.341692 0.340794 0.341514 0.342259 0.344651 0.348625 0.352072 0.350650 0.348163 0.344256 0.330986 0.314676 0.303388 0.304225 0.304825 0.301921 0.299931 0.297406 0.291876 0.291801 0.291647 0.291492 0.300409 0.308919 0.311312 0.307431 0.305117 0.303668 0.297534 0.289630 0.278087 0.264778 0.249728 0.227034 0.221319 0.215376
0.330403 0.334576 0.340723 0.348129 0.355557 0.356573 0.357551 0.358511 0.355958 0.352523 0.348563 0.353453 0.356071 0.358278 0.359109 0.361432 0.363102 0.362326 0.360773 0.358882 0.360228 0.362743 0.364800 0.365531 0.365896 0.365977 0.364969 0.364291 0.363833 0.363775 0.363162 0.363534 0.364974 0.366506 0.366537 0.365469 0.362467 0.354871 0.342683 0.332007 0.334021 0.330928 0.327915 0.325552 0.317206 0.309810 0.309699 0.303332 0.299006 0.307086 0.311217 0.312545 0.308592 0.312288 0.307169 0.294599 0.281504 0.269155 0.257529 0.245550 0.239558 0.232099 0.226132
0.351789 0.354500 0.359161 0.363578 0.366537 0.367588 0.368106 0.368547 0.368233 0.367706 0.367061 0.367435 0.368189 0.368749 0.369151 0.369467 0.369673 0.369612 0.369469 0.369427 0.369520 0.369755 0.369880 0.369920 0.369940 0.369958 0.369943 0.369908 0.369841 0.369738 0.369613 0.369517 0.369713 0.369839 0.369821 0.369528 0.368890 0.367039 0.362765 0.355301 0.353504 0.353181 0.352638 0.347406 0.341175 0.332007 0.325855 0.320653 0.311087 0.314036 0.317815 0.324307 0.329833 0.329461 0.320158 0.309106 0.295526 0.281218 0.269855 0.266160 0.262130 0.254472 0.249418
0.368981 0.369176 0.369514 0.369873 0.369988 0.369999 0.370000 0.370000 0.370000 0.370000 0.369999 0.369998 0.370000 0.370000 0.370000 0.370000 0.370000 0.370000 0.370000 0.370000 0.370000 0.370000 0.370000 0.370000 0.370000 0.370000 0.370000 0.370000 0.370000 0.370000 0.370000 0.370000 0.370000 0.370000 0.370000 0.370000 0.370000 0.369993 0.369909 0.369530 0.368884 0.368817 0.368160 0.366966 0.364684 0.358261 0.352874 0.346988 0.333638 0.331073 0.336650 0.343056 0.345936 0.339271 0.331222 0.320549 0.307137 0.292520 0.287490 0.286468 0.284110 0.279626 0.277547
0.370000 0.370000 0.370000 0.370000 0.370000 0.370000 0.370000 0.370000 0.370000 0.370000 0.370000 0.370000 0.370000 0.370000 0.370000 0.370000 0.370000 0.370000 0.370000 0.370000 0.370000 0.370000 0.370000 0.370000 0.370000 0.370000 0.370000 0.370000 0.370000 0.370000 0.370000 0.370000 0.370000 0.370000 0.370000 0.370000 0.370000 0.370000 0.370000 0.370000 0.370000 0.370000 0.369995 0.369972 0.369721 0.368656 0.366281 0.362350 0.355755 0.353842 0.359956 0.364061 0.362644 0.360482 0.356418 0.348801 0.338607 0.325313 0.320790 0.318730 0.315064 0.310776 0.306546
0.370000 0.370000 0.370000 0.370000 0.370000 0.370000 0.370000 0.370000 0.370000 0.370000 0.370000 0.370000 0.370000 0.370000 0.370000 0.370000 0.370000 0.370000 0.370000 0.370000 0.370000 0.370000 0.370000 0.370000 0.370000 0.370000 0.370000 0.370000 0.370000 0.370000 0.370000 0.370000 0.370000 0.370000 0.370000 0.370000 0.370000 0.370000 0.370000 0.370000 0.370000 0.370000 0.370000 0.370000 0.370000 0.370000 0.370000 0.369990 0.369883 0.369503 0.369788 0.369670 0.369451 0.368957 0.367694 0.365370 0.361450 0.355241 0.351810 0.349699 0.346714 0.344019 0.340152
0.370000 0.370000 0.370000 0.370000 0.370000 0.370000 0.370000 0.370000 0.370000 0.370000 0.370000 0.370000 0.370000 0.370000 0.370000 0.370000 0.370000 0.370000 0.370000 0.370000 0.370000 0.370000 0.370000 0.370000 0.370000 0.370000 0.370000 0.370000 0.370000 0.370000 0.370000 0.370000 0.370000 0.370000 0.370000 0.370000 0.370000 0.370000 0.370000 0.370000 0.370000 0.370000 0.370000 0.370000 0.370000 0.370000 0.370000 0.370000 0.370000 0.370000 0.370000 0.370000 0.370000 0.369996 0.369955 0.369799 0.369164 0.367586 0.365587 0.364387 0.363106 0.361371 0.358784
0.370000 0.370000 0.370000 0.370000 0.370000 0.370000 0.370000 0.370000 0.370000 0.370000 0.370000 0.370000 0.370000 0.370000 0.370000 0.370000 0.370000 0.370000 0.370000 0.370000 0.370000 0.370000 0.370000 0.370000 0.370000 0.370000 0.370000 0.370000 0.370000 0.370000 0.370000 0.370000 0.370000 0.370000 0.370000 0.370000 0.370000 0.370000 0.370000 0.370000 0.370000 0.370000 0.370000 0.370000 0.370000 0.370000 0.370000 0.370000 0.370000 0.370000 0.370000 0.370000 0.370000 0.370000 0.370000 0.370000 0.370000 0.369996 0.369946 0.369844 0.369560 0.369011 0.368212
0.370000 0.370000 0.370000 0.370000 0.370000 0.370000 0.370000 0.370000 0.370000 0.370000 0.370000 0.370000 0.370000 0.370000 0.370000 0.370000 0.370000 0.370000 0.370000 0.370000 0.370000 0.370000 0.370000 0.370000 0.370000 0.370000 0.370000 0.370000 0.370000 0.370000 0.370000 0.370000 0.370000 0.370000 0.370000 0.370000 0.370000 0.370000 0.370000 0.370000 0.370000 0.370000 0.370000 0.370000 0.370000 0.370000 0.370000 0.370000 0.370000 0.370000 0.370000 0.370000 0.370000 0.370000 0.370000 0.370000 0.370000 0.370000 0.370000 0.370000 0.370000 0.369998 0.369977
0.370000 0.370000 0.370000 0.370000 0.370000 0.370000 0.370000 0.370000 0.370000 0.370000 0.370000 0.370000 0.370000 0.370000 0.370000 0.370000 0.370000 0.370000 0.370000 0.370000 0.370000 0.370000 0.370000 0.370000 0.370000 0.370000 0.370000 0.370000 0.370000 0.370000 0.370000 0.370000 0.370000 0.370000 0.370000 0.370000 0.370000 0.370000 0.370000 0.370000 0.370000 0.370000 0.370000 0.370000 0.370000 0.370000 0.370000 0.370000 0.370000 0.370000 0.370000 0.370000 0.370000 0.370000 0.370000 0.370000 0.370000 0.370000 0.370000 0.370000 0.370000 0.370000 0.370000
0.370000 0.370000 0.370000 0.370000 0.370000 0.370000 0.370000 0.370000 0.370000 0.370000 0.370000 0.370000 0.370000 0.370000 0.370000 0.370000 0.370000 0.370000 0.370000 0.370000 0.370000 0.370000 0.370000 0.370000 0.370000 0.370000 0.370000 0.370000 0.370000 0.370000 0.370000 0.370000 0.370000 0.370000 0.370000 0.370000 0.370000 0.370000 0.370000 0.370000 0.370000 0.370000 0.370000 0.370000 0.370000 0.370000 0.370000 0.370000 0.370000 0.370000 0.370000 0.370000 0.370000 0.370000 0.370000 0.370000 0.370000 0.370000 0.370000 0.370000 0.370000 0.370000 0.370000
0.370000 0.370000 0.370000 0.370000 0.370000 0.370000 0.370000 0.370000 0.370000 0.370000 0.370000 0.370000 0.370000 0.370000 0.370000 0.370000 0.370000 0.370000 0.370000 0.370000 0.370000 0.370000 0.370000 0.370000 0.370000 0.370000 0.370000 0.370000 0.370000 0.370000 0.370000 0.370000 0.370000 0.370000 0.370000 0.370000 0.370000 0.370000 0.370000 0.370000 0.370000 0.370000 0.370000 0.370000 0.370000 0.370000 0.370000 0.370000 0.370000 0.370000 0.370000 0.370000 0.370000 0.370000 0.370000 0.370000 0.370000 0.370000 0.370000 0.370000 0.370000 0.370000 0.370000
0.370000 0.370000 0.370000 0.370000 0.370000 0.370000 0.370000 0.370000 0.370000 0.370000 0.370000 0.370000 0.370000 0.370000 0.370000 0.370000 0.370000 0.370000 0.370000 0.370000 0.370000 0.370000 0.370000 0.370000 0.370000 0.370000 0.370000 0.370000 0.370000 0.370000 0.370000 0.370000 0.370000 0.370000 0.370000 0.370000 0.370000 0.370000 0.370000 0.370000 0.370000 0.370000 0.370000 0.370000 0.370000 0.370000 0.370000 0.370000 0.370000 0.370000 0.370000 0.370000 0.370000 0.370000 0.370000 0.370000 0.370000 0.370000 0.370000 0.370000 0.370000 0.370000 0.370000
0.370000 0.370000 0.370000 0.370000 0.370000 0.370000 0.370000 0.370000 0.370000 0.370000 0.370000 0.370000 0.370000 0.370000 0.370000 0.370000 0.370000 0.370000 0.370000 0.370000 0.370000 0.370000 0.370000 0.370000 0.370000 0.370000 0.370000 0.370000 0.370000 0.370000 0.370000 0.370000 0.370000 0.370000 0.370000 0.370000 0.370000 0.370000 0.370000 0.370000 0.370000 0.370000 0.370000 0.370000 0.370000 0.370000 0.370000 0.370000 0.370000 0.370000 0.370000 0.370000 0.370000 0.370000 0.370000 0.370000 0.370000 0.370000 0.370000 0.370000 0.370000 0.370000 0.370000
0.370000 0.370000 0.370000 0.370000 0.370000 0.370000 0.370000 0.370000 0.370000 0.370000 0.370000 0.370000 0.370000 0.370000 0.370000 0.370000 0.370000 0.370000 0.370000 0.370000 0.370000 0.370000 0.370000 0.370000 0.370000 0.370000 0.370000 0.370000 0.370000 0.370000 0.370000 0.370000 0.370000 0.370000 0.370000 0.370000 0.370000 0.370000 0.370000 0.370000 0.370000 0.370000 0.370000 0.370000 0.370000 0.370000 0.370000 0.370000 0.370000 0.370000 0.370000 0.370000 0.370000 0.370000 0.370000 0.370000 0.370000 0.370000 0.370000 0.370000 0.370000 0.370000 0.370000
0.370000 0.370000 0.370000 0.370000 0.370000 0.370000 0.370000 0.370000 0.370000 0.369993 0.369972 0.369972 0.369979 0.369967 0.369905 0.369789 0.369654 0.369445 0.369081 0.368765 0.369024 0.369262 0.369347 0.369383 0.369448 0.369466 0.369450 0.369436 0.369617 0.369748 0.369851 0.369916 0.369958 0.369994 0.370000 0.370000 0.370000 0.370000 0.370000 0.370000 0.370000 0.370000 0.370000 0.370000 0.370000 0.370000 0.370000 0.370000 0.370000 0.370000 0.370000 0.370000 0.370000 0.370000 0.370000 0.370000 0.370000 0.370000 0.370000 0.370000 0.370000 0.370000 0.370000
0.370000 0.370000 0.370000 0.370000 0.369986 0.369906 0.369665 0.369129 0.367890 0.365706 0.363314 0.364125 0.364894 0.365731 0.364219 0.362380 0.361148 0.358277 0.354832 0.350844 0.353372 0.355879 0.359252 0.359903 0.360466 0.361484 0.361220 0.360873 0.359776 0.361447 0.363013 0.364700 0.367108 0.368541 0.369323 0.369687 0.369879 0.369971 0.369997 0.370000 0.370000 0.370000 0.370000 0.370000 0.370000 0.370000 0.370000 0.370000 0.370000 0.370000 0.370000 0.370000 0.370000 0.370000 0.370000 0.370000 0.370000 0.370000 0.370000 0.370000 0.370000 0.370000 0.370000
0.369969 0.369790 0.368856 0.367482 0.365604 0.362407 0.358170 0.352643 0.343320 0.332791 0.320293 0.322813 0.329555 0.336334 0.332468 0.329974 0.328190 0.321632 0.313334 0.304418 0.306983 0.316405 0.326051 0.329421 0.332494 0.336006 0.335949 0.332892 0.328535 0.331351 0.337566 0.344073 0.351605 0.357581 0.361842 0.364659 0.366830 0.368307 0.369205 0.369701 0.369917 0.369979 0.369998 0.370000 0.370000 0.370000 0.370000 0.370000 0.370000 0.370000 0.370000 0.370000 0.370000 0.370000 0.370000 0.370000 0.370000 0.370000 0.370000 0.370000 0.370000 0.370000 0.370000
0.361408 0.354134 0.347310 0.339492 0.330530 0.320211 0.307441 0.293757 0.279080 0.262070 0.245950 0.250381 0.261511 0.271971 0.273322 0.270992 0.268617 0.262207 0.251321 0.241434 0.247907 0.260469 0.272724 0.280182 0.285154 0.289861 0.287694 0.281377 0.275541 0.281353 0.292596 0.303098 0.314710 0.327049 0.337580 0.346206 0.353384 0.358866 0.363195 0.366161 0.368012 0.369051 0.369593 0.369853 0.369932 0.369975 0.369993 0.370000 0.370000 0.370000 0.370000 0.370000 0.370000 0.370000 0.370000 0.370000 0.370000 0.370000 0.370000 0.370000 0.370000 0.370000 0.370000
0.326189 0.307941 0.290994 0.277538 0.269656 0.258018 0.242507 0.231666 0.218538 0.203626 0.202239 0.205338 0.215159 0.217407 0.218040 0.215777 0.214964 0.211145 0.201969 0.205759 0.211740 0.223478 0.232251 0.239662 0.244743 0.248123 0.247415 0.241225 0.242993 0.248804 0.260569 0.269907 0.281822 0.297203 0.309013 0.320973 0.332640 0.342661 0.351076 0.357748 0.362743 0.365745 0.367406 0.368069 0.368629 0.368951 0.368927 0.369397 0.369698 0.369878 0.369977 0.369999 0.370000 0.370000 0.370000 0.370000 0.370000 0.370000 0.370000 0.370000 0.370000 0.370000 0.370000
0.258707 0.235327 0.216077 0.208840 0.201239 0.193127 0.184084 0.175382 0.167493 0.166883 0.165642 0.165672 0.167151 0.169006 0.170496 0.169882 0.169228 0.169414 0.172472 0.175075 0.178586 0.185628 0.193193 0.200291 0.203223 0.206252 0.208148 0.210205 0.211989 0.215316 0.224162 0.233337 0.243961 0.257592 0.271276 0.285683 0.301593 0.316105 0.329570 0.341795 0.351287 0.356807 0.359096 0.361095 0.361943 0.361441 0.360960 0.362603 0.364519 0.366023 0.367804 0.368977 0.369616 0.369975 0.370000 0.370000 0.370000 0.370000 0.370000 0.370000 0.370000 0.370000 0.370000
0.200446 0.182249 0.170700 0.164908 0.159344 0.153898 0.147216 0.142073 0.140922 0.139963 0.139094 0.138508 0.140027 0.141652 0.143564 0.143330 0.143431 0.144584 0.146555 0.149247 0.153761 0.159513 0.166113 0.174506 0.177185 0.180024 0.183433 0.185054 0.187021 0.189885 0.197829 0.206225 0.215511 0.228617 0.242518 0.257813 0.275315 0.294338 0.314054 0.329249 0.341414 0.349406 0.352267 0.353661 0.353365 0.351921 0.348320 0.348457 0.352364 0.353861 0.357806 0.362207 0.364588 0.368126 0.369666 0.369961 0.370000 0.370000 0.370000 0.370000 0.370000 0.370000 0.370000
0.157011 0.147523 0.138785 0.133733 0.129742 0.126105 0.123058 0.122130 0.121129 0.120498 0.120095 0.119656 0.120488 0.121838 0.123207 0.123812 0.124670 0.125600 0.127681 0.130992 0.134428 0.139409 0.145977 0.153151 0.156164 0.159010 0.161972 0.164043 0.166364 0.168674 0.174988 0.182450 0.190220 0.202547 0.216252 0.230743 0.251337 0.274897 0.297103 0.314351 0.328956 0.340413 0.341946 0.342632 0.342482 0.337022 0.329668 0.327172 0.329120 0.329988 0.335046 0.341231 0.346750 0.356447 0.362965 0.366907 0.369094 0.369898 0.369999 0.370000 0.370000 0.370000 0.370000
