tests/Borden05m/data_simulated/sim_1/output-maps/thetaliqL0008N0008.asc
ncols         160
nrows         34
xllcorner     620200.000000
yllcorner     5168000.000000
cellsize      0.500000
NODATA_value  -9999.0
[rows 0 to 27 of 34, columns 0 to 62 of 160]
-9999.0 -9999.0 -9999.0 -9999.0 -9999.0 -9999.0 -9999.0 -9999.0 -9999.0 -9999.0 -9999.0 -9999.0 -9999.0 -9999.0 -9999.0 -9999.0 -9999.0 -9999.0 -9999.0 -9999.0 -9999.0 -9999.0 -9999.0 -9999.0 -9999.0 -9999.0 -9999.0 -9999.0 -9999.0 -9999.0 -9999.0 -9999.0 -9999.0 -9999.0 -9999.0 -9999.0 -9999.0 -9999.0 -9999.0 -9999.0 -9999.0 -9999.0 -9999.0 -9999.0 -9999.0 -9999.0 -9999.0 -9999.0 -9999.0 -9999.0 -9999.0 -9999.0 -9999.0 -9999.0 -9999.0 -9999.0 -9999.0 -9999.0 -9999.0 -9999.0 -9999.0 -9999.0 -9999.0
-9999.0 -9999.0 -9999.0 -9999.0 -9999.0 -9999.0 -9999.0 -9999.0 -9999.0 -9999.0 -9999.0 -9999.0 -9999.0 -9999.0 -9999.0 -9999.0 -9999.0 -9999.0 -9999.0 -9999.0 -9999.0 -9999.0 -9999.0 -9999.0 -9999.0 -9999.0 -9999.0 -9999.0 -9999.0 -9999.0 -9999.0 -9999.0 -9999.0 -9999.0 -9999.0 -9999.0 -9999.0 -9999.0 -9999.0 -9999.0 -9999.0 -9999.0 -9999.0 -9999.0 -9999.0 -9999.0 -9999.0 -9999.0 -9999.0 -9999.0 -9999.0 -9999.0 -9999.0 -9999.0 -9999.0 -9999.0 -9999.0 -9999.0 -9999.0 0.369434 0.369326 0.369204 0.369073
-9999.0 -9999.0 -9999.0 -9999.0 -9999.0 -9999.0 -9999.0 -9999.0 -9999.0 -9999.0 -9999.0 -9999.0 -9999.0 -9999.0 -9999.0 -9999.0 -9999.0 -9999.0 -9999.0 -9999.0 -9999.0 -9999.0 -9999.0 -9999.0 -9999.0 -9999.0 -9999.0 -9999.0 -9999.0 -9999.0 -9999.0 -9999.0 -9999.0 -9999.0 -9999.0 -9999.0 -9999.0 -9999.0 -9999.0 -9999.0 -9999.0 -9999.0 -9999.0 -9999.0 -9999.0 -9999.0 -9999.0 0.358006 0.353678 0.348470 0.347876 0.354772 0.359969 0.363685 0.365916 0.367342 0.368346 0.369032 0.369120 0.368800 0.368627 0.368493 0.368396
-9999.0 -9999.0 -9999.0 -9999.0 -9999.0 -9999.0 -9999.0 -9999.0 -9999.0 -9999.0 -9999.0 -9999.0 -9999.0 -9999.0 -9999.0 -9999.0 -9999.0 -9999.0 -9999.0 -9999.0 -9999.0 -9999.0 -9999.0 -9999.0 -9999.0 -9999.0 -9999.0 -9999.0 -9999.0 -9999.0 -9999.0 -9999.0 -9999.0 -9999.0 -9999.0 -9999.0 -9999.0 -9999.0 -9999.0 -9999.0 0.365366 0.365922 0.366061 0.364978 0.363605 0.361872 0.358136 0.353730 0.348915 0.347861 0.348679 0.350530 0.356824 0.361578 0.364297 0.366083 0.367488 0.368484 0.368593 0.368118 0.367660 0.367388 0.367381
-9999.0 -9999.0 -9999.0 -9999.0 -9999.0 -9999.0 -9999.0 -9999.0 -9999.0 -9999.0 -9999.0 -9999.0 -9999.0 -9999.0 -9999.0 -9999.0 -9999.0 -9999.0 -9999.0 -9999.0 -9999.0 -9999.0 -9999.0 -9999.0 -9999.0 -9999.0 -9999.0 -9999.0 -9999.0 -9999.0 -9999.0 -9999.0 -9999.0 -9999.0 0.345210 0.351170 0.356091 0.359982 0.362709 0.363599 0.364327 0.364976 0.364510 0.363897 0.362287 0.358965 0.354270 0.349975 0.349005 0.348030 0.349445 0.353395 0.357536 0.360791 0.363913 0.366296 0.366991 0.367747 0.367906 0.367611 0.367653 0.367724 0.367798
-9999.0 -9999.0 -9999.0 -9999.0 -9999.0 -9999.0 -9999.0 -9999.0 -9999.0 -9999.0 -9999.0 -9999.0 -9999.0 -9999.0 -9999.0 -9999.0 -9999.0 -9999.0 -9999.0 -9999.0 -9999.0 -9999.0 -9999.0 -9999.0 -9999.0 -9999.0 -9999.0 -9999.0 0.347140 0.344914 0.342798 0.342073 0.341416 0.340789 0.343550 0.348049 0.353665 0.358757 0.361115 0.362235 0.363155 0.363238 0.362520 0.362142 0.362122 0.360080 0.357640 0.354944 0.351948 0.351528 0.354205 0.357551 0.360707 0.363016 0.364896 0.366171 0.367317 0.368436 0.368753 0.368520 0.368265 0.368086 0.368107
-9999.0 -9999.0 -9999.0 -9999.0 -9999.0 -9999.0 -9999.0 -9999.0 -9999.0 -9999.0 -9999.0 -9999.0 -9999.0 -9999.0 -9999.0 -9999.0 -9999.0 -9999.0 -9999.0 -9999.0 -9999.0 -9999.0 -9999.0 0.335342 0.338096 0.340815 0.343685 0.343922 0.342099 0.339584 0.338026 0.337154 0.336283 0.338127 0.341648 0.346837 0.351967 0.357504 0.359267 0.360496 0.362513 0.362788 0.363392 0.363872 0.363592 0.363194 0.361335 0.359709 0.360752 0.361772 0.362712 0.363701 0.365190 0.366603 0.367781 0.368709 0.369313 0.369637 0.369801 0.369751 0.369659 0.369500 0.369506
-9999.0 -9999.0 -9999.0 -9999.0 -9999.0 -9999.0 -9999.0 -9999.0 -9999.0 -9999.0 -9999.0 -9999.0 -9999.0 -9999.0 -9999.0 -9999.0 -9999.0 -9999.0 -9999.0 0.322561 0.322929 0.323349 0.325765 0.326202 0.327302 0.330853 0.334739 0.335556 0.334663 0.333668 0.334236 0.335326 0.337083 0.341941 0.347121 0.351661 0.355511 0.360023 0.362470 0.364320 0.365982 0.365817 0.365341 0.365071 0.365080 0.365122 0.365734 0.366074 0.366543 0.366992 0.367460 0.367955 0.368448 0.369074 0.369510 0.369763 0.369893 0.369956 0.369985 0.369982 0.369966 0.369938 0.369940
-9999.0 -9999.0 -9999.0 -9999.0 -9999.0 -9999.0 -9999.0 -9999.0 -9999.0 -9999.0 -9999.0 -9999.0 -9999.0 -9999.0 -9999.0 -9999.0 0.304957 0.306089 0.307318 0.310680 0.312069 0.314383 0.318412 0.318830 0.320933 0.324803 0.327362 0.331602 0.335236 0.338432 0.340826 0.341778 0.344714 0.348103 0.351841 0.356048 0.360639 0.364022 0.365775 0.367107 0.368077 0.368077 0.368002 0.368043 0.368079 0.368449 0.369075 0.369239 0.369329 0.369647 0.369794 0.369836 0.369880 0.369948 0.369987 0.369998 0.370000 0.370000 0.370000 0.370000 0.370000 0.370000 0.370000
-9999.0 -9999.0 -9999.0 -9999.0 -9999.0 -9999.0 -9999.0 -9999.0 -9999.0 -9999.0 -9999.0 -9999.0 -9999.0 0.272344 0.275488 0.282389 0.288289 0.289692 0.292301 0.296157 0.304466 0.306578 0.310450 0.315087 0.321696 0.326262 0.330947 0.336489 0.340096 0.342920 0.345534 0.347837 0.352180 0.356269 0.359707 0.363062 0.365600 0.367300 0.368422 0.368958 0.369319 0.369394 0.369359 0.369394 0.369542 0.369766 0.369896 0.369946 0.369985 0.369998 0.369999 0.370000 0.370000 0.370000 0.370000 0.370000 0.370000 0.370000 0.370000 0.370000 0.370000 0.370000 0.370000
-9999.0 -9999.0 -9999.0 -9999.0 -9999.0 -9999.0 -9999.0 -9999.0 -9999.0 -9999.0 0.244030 0.246044 0.243052 0.243584 0.247050 0.256386 0.266668 0.271909 0.280344 0.295434 0.307059 0.309080 0.318240 0.323796 0.327173 0.332532 0.338541 0.343839 0.349930 0.353651 0.356855 0.361049 0.363541 0.365433 0.366943 0.368124 0.368951 0.369598 0.369858 0.369927 0.369980 0.369992 0.369991 0.369992 0.369996 0.369999 0.370000 0.370000 0.370000 0.370000 0.370000 0.370000 0.370000 0.370000 0.370000 0.370000 0.370000 0.370000 0.370000 0.370000 0.370000 0.370000 0.370000
-9999.0 -9999.0 -9999.0 -9999.0 -9999.0 -9999.0 -9999.0 -9999.0 0.225027 0.230258 0.235161 0.232508 0.228465 0.225709 0.235742 0.248221 0.260795 0.273975 0.285966 0.298720 0.309159 0.319366 0.329884 0.335541 0.340676 0.346483 0.350984 0.355935 0.360462 0.362875 0.365253 0.367135 0.368257 0.368947 0.369405 0.369687 0.369905 0.369985 0.369999 0.370000 0.370000 0.370000 0.370000 0.370000 0.370000 0.370000 0.370000 0.370000 0.370000 0.370000 0.370000 0.370000 0.370000 0.370000 0.370000 0.370000 0.370000 0.370000 0.370000 0.370000 0.370000 0.370000 0.370000
-9999.0 -9999.0 -9999.0 -9999.0 -9999.0 -9999.0 0.205647 0.223977 0.235498 0.229043 0.222552 0.219756 0.216860 0.231338 0.248168 0.261399 0.274300 0.287257 0.298804 0.308738 0.329545 0.337262 0.343494 0.350475 0.354451 0.357799 0.361173 0.364555 0.366788 0.368627 0.369455 0.369798 0.369939 0.369981 0.369995 0.369999 0.370000 0.370000 0.370000 0.370000 0.370000 0.370000 0.370000 0.370000 0.370000 0.370000 0.370000 0.370000 0.370000 0.370000 0.370000 0.370000 0.370000 0.370000 0.370000 0.370000 0.370000 0.370000 0.370000 0.370000 0.370000 0.370000 0.370000
-9999.0 -9999.0 -9999.0 -9999.0 0.182459 0.196719 0.211774 0.235821 0.253899 0.249181 0.254908 0.255116 0.253825 0.255364 0.259493 0.273399 0.286625 0.299245 0.311707 0.333317 0.350041 0.354871 0.360754 0.365232 0.366534 0.367582 0.368387 0.369178 0.369703 0.369936 0.369997 0.370000 0.370000 0.370000 0.370000 0.370000 0.370000 0.370000 0.370000 0.370000 0.370000 0.370000 0.370000 0.370000 0.370000 0.370000 0.370000 0.370000 0.370000 0.370000 0.370000 0.370000 0.370000 0.370000 0.370000 0.370000 0.370000 0.370000 0.370000 0.370000 0.370000 0.370000 0.370000
-9999.0 -9999.0 -9999.0 0.154972 0.177201 0.202224 0.223010 0.247624 0.272764 0.277650 0.283706 0.288459 0.293255 0.299441 0.306224 0.316439 0.324332 0.330724 0.340379 0.353324 0.361434 0.365890 0.368175 0.369267 0.369676 0.369831 0.369922 0.369980 0.369999 0.370000 0.370000 0.370000 0.370000 0.370000 0.370000 0.370000 0.370000 0.370000 0.370000 0.370000 0.370000 0.370000 0.370000 0.370000 0.370000 0.370000 0.370000 0.370000 0.370000 0.370000 0.370000 0.370000 0.370000 0.370000 0.370000 0.370000 0.370000 0.370000 0.370000 0.370000 0.370000 0.370000 0.370000
-9999.0 -9999.0 0.133629 0.150116 0.169521 0.204315 0.245251 0.271888 0.302281 0.318592 0.322673 0.332678 0.340496 0.343941 0.350014 0.355055 0.358083 0.358696 0.361045 0.365837 0.368989 0.369826 0.369968 0.370000 0.370000 0.370000 0.370000 0.370000 0.370000 0.370000 0.370000 0.370000 0.370000 0.370000 0.370000 0.370000 0.370000 0.370000 0.370000 0.370000 0.370000 0.370000 0.370000 0.370000 0.370000 0.370000 0.370000 0.370000 0.370000 0.370000 0.370000 0.370000 0.370000 0.370000 0.370000 0.370000 0.370000 0.370000 0.370000 0.370000 0.370000 0.370000 0.370000
-9999.0 -9999.0 0.124411 0.141759 0.163760 0.211088 0.270869 0.299251 0.326367 0.346379 0.352617 0.358553 0.362201 0.364766 0.366993 0.368380 0.368570 0.368682 0.368686 0.369790 0.369991 0.370000 0.370000 0.370000 0.370000 0.370000 0.370000 0.370000 0.370000 0.370000 0.370000 0.370000 0.370000 0.370000 0.370000 0.370000 0.370000 0.370000 0.370000 0.370000 0.370000 0.370000 0.370000 0.370000 0.370000 0.370000 0.370000 0.370000 0.370000 0.370000 0.370000 0.370000 0.370000 0.370000 0.370000 0.370000 0.370000 0.370000 0.370000 0.370000 0.370000 0.370000 0.370000
-9999.0 0.101554 0.113788 0.131847 0.166220 0.213688 0.282785 0.334569 0.353248 0.362260 0.365827 0.367506 0.369512 0.369938 0.369987 0.369999 0.369999 0.369998 0.369997 0.370000 0.370000 0.370000 0.370000 0.370000 0.370000 0.370000 0.370000 0.370000 0.370000 0.370000 0.370000 0.370000 0.370000 0.370000 0.370000 0.370000 0.370000 0.370000 0.370000 0.370000 0.370000 0.370000 0.370000 0.370000 0.370000 0.370000 0.370000 0.370000 0.370000 0.370000 0.370000 0.370000 0.370000 0.370000 0.370000 0.370000 0.370000 0.370000 0.370000 0.370000 0.370000 0.370000 0.370000
-9999.0 0.095511 0.107361 0.129331 0.163279 0.216718 0.305516 0.359843 0.366110 0.368370 0.369377 0.369917 0.370000 0.370000 0.370000 0.370000 0.370000 0.370000 0.370000 0.370000 0.370000 0.370000 0.370000 0.370000 0.370000 0.370000 0.370000 0.370000 0.370000 0.370000 0.370000 0.370000 0.370000 0.370000 0.370000 0.370000 0.370000 0.370000 0.370000 0.370000 0.370000 0.370000 0.370000 0.370000 0.370000 0.370000 0.370000 0.370000 0.370000 0.370000 0.370000 0.370000 0.370000 0.370000 0.370000 0.370000 0.370000 0.370000 0.370000 0.370000 0.370000 0.370000 0.370000
-9999.0 0.092052 0.104015 0.121750 0.153200 0.240201 0.328222 0.365303 0.369578 0.369917 0.369998 0.370000 0.370000 0.370000 0.370000 0.370000 0.370000 0.370000 0.370000 0.370000 0.370000 0.370000 0.370000 0.370000 0.370000 0.370000 0.370000 0.370000 0.370000 0.370000 0.370000 0.370000 0.370000 0.370000 0.370000 0.370000 0.370000 0.370000 0.370000 0.370000 0.370000 0.370000 0.370000 0.370000 0.370000 0.370000 0.370000 0.370000 0.370000 0.370000 0.370000 0.370000 0.370000 0.370000 0.370000 0.370000 0.370000 0.370000 0.370000 0.370000 0.370000 0.370000 0.370000
-9999.0 0.082931 0.091809 0.102451 0.147827 0.261586 0.341396 0.368750 0.369997 0.370000 0.370000 0.370000 0.370000 0.370000 0.370000 0.370000 0.370000 0.370000 0.370000 0.370000 0.370000 0.370000 0.370000 0.370000 0.370000 0.370000 0.370000 0.370000 0.370000 0.370000 0.370000 0.370000 0.370000 0.370000 0.370000 0.370000 0.370000 0.370000 0.370000 0.370000 0.370000 0.370000 0.370000 0.370000 0.370000 0.370000 0.370000 0.370000 0.370000 0.370000 0.370000 0.370000 0.370000 0.370000 0.370000 0.370000 0.370000 0.370000 0.370000 0.370000 0.370000 0.370000 0.370000
-9999.0 0.077675 0.082812 0.095090 0.136547 0.240679 0.341325 0.369260 0.370000 0.370000 0.370000 0.370000 0.370000 0.370000 0.370000 0.370000 0.370000 0.370000 0.370000 0.370000 0.370000 0.370000 0.370000 0.370000 0.370000 0.370000 0.370000 0.370000 0.370000 0.370000 0.370000 0.370000 0.370000 0.370000 0.370000 0.370000 0.370000 0.370000 0.370000 0.370000 0.370000 0.370000 0.370000 0.370000 0.370000 0.370000 0.370000 0.370000 0.370000 0.370000 0.370000 0.370000 0.370000 0.370000 0.370000 0.370000 0.370000 0.370000 0.370000 0.370000 0.370000 0.370000 0.370000
-9999.0 0.074209 0.079284 0.088039 0.113087 0.174053 0.279073 0.361139 0.369932 0.370000 0.370000 0.370000 0.370000 0.370000 0.370000 0.370000 0.370000 0.370000 0.370000 0.370000 0.370000 0.370000 0.370000 0.370000 0.370000 0.370000 0.370000 0.370000 0.370000 0.370000 0.370000 0.370000 0.370000 0.370000 0.370000 0.370000 0.370000 0.370000 0.370000 0.370000 0.370000 0.370000 0.370000 0.370000 0.370000 0.370000 0.370000 0.370000 0.370000 0.370000 0.370000 0.370000 0.370000 0.370000 0.370000 0.370000 0.370000 0.370000 0.370000 0.370000 0.370000 0.370000 0.370000
-9999.0 -9999.0 0.075860 0.082318 0.095744 0.128529 0.199544 0.318887 0.366579 0.370000 0.370000 0.370000 0.370000 0.370000 0.370000 0.370000 0.370000 0.370000 0.370000 0.370000 0.370000 0.370000 0.370000 0.370000 0.370000 0.370000 0.370000 0.370000 0.370000 0.370000 0.370000 0.370000 0.370000 0.370000 0.370000 0.370000 0.370000 0.370000 0.370000 0.370000 0.370000 0.370000 0.370000 0.370000 0.370000 0.370000 0.370000 0.370000 0.370000 0.370000 0.370000 0.370000 0.370000 0.370000 0.370000 0.370000 0.370000 0.370000 0.370000 0.370000 0.370000 0.370000 0.370000
-9999.0 -9999.0 0.073153 0.077214 0.085866 0.105267 0.140701 0.207200 0.326595 0.364719 0.369756 0.370000 0.370000 0.370000 0.370000 0.370000 0.370000 0.370000 0.370000 0.370000 0.370000 0.370000 0.370000 0.370000 0.370000 0.370000 0.370000 0.370000 0.370000 0.370000 0.370000 0.370000 0.370000 0.370000 0.370000 0.370000 0.370000 0.370000 0.370000 0.370000 0.370000 0.370000 0.370000 0.370000 0.370000 0.370000 0.370000 0.370000 0.370000 0.370000 0.370000 0.370000 0.370000 0.370000 0.370000 0.370000 0.370000 0.370000 0.370000 0.370000 0.369996 0.369963 0.369827
-9999.0 -9999.0 -9999.0 0.074283 0.078573 0.085120 0.097941 0.116033 0.157067 0.236475 0.314729 0.357405 0.366966 0.369380 0.369936 0.369998 0.370000 0.370000 0.370000 0.370000 0.370000 0.370000 0.370000 0.370000 0.370000 0.370000 0.370000 0.370000 0.370000 0.370000 0.370000 0.370000 0.370000 0.370000 0.370000 0.370000 0.370000 0.370000 0.370000 0.370000 0.370000 0.370000 0.370000 0.370000 0.370000 0.370000 0.370000 0.370000 0.370000 0.370000 0.370000 0.370000 0.370000 0.370000 0.370000 0.370000 0.369998 0.369986 0.369937 0.369786 0.369327 0.368262 0.366263
-9999.0 -9999.0 -9999.0 -9999.0 -9999.0 0.075687 0.081083 0.089737 0.102126 0.120712 0.156182 0.222010 0.261894 0.300763 0.334183 0.352240 0.361513 0.366483 0.369031 0.369773 0.369975 0.369998 0.370000 0.370000 0.370000 0.370000 0.370000 0.370000 0.370000 0.370000 0.370000 0.370000 0.370000 0.370000 0.370000 0.370000 0.369999 0.369999 0.369997 0.369992 0.369983 0.369976 0.369968 0.369959 0.369947 0.369935 0.369921 0.369904 0.369859 0.369812 0.369812 0.369789 0.369762 0.369733 0.369656 0.369546 0.369378 0.368680 0.367627 0.366495 0.362931 0.357776 0.352517
-9999.0 -9999.0 -9999.0 -9999.0 -9999.0 -9999.0 0.074074 0.077785 0.082672 0.090437 0.104362 0.123946 0.135897 0.158168 0.189353 0.230345 0.276853 0.309284 0.333957 0.351168 0.361591 0.366207 0.368517 0.369517 0.369730 0.369832 0.369897 0.369855 0.369786 0.369689 0.369378 0.369281 0.369122 0.369108 0.369089 0.369073 0.368913 0.368715 0.368503 0.368038 0.367751 0.367376 0.367071 0.366754 0.366398 0.366065 0.365799 0.365531 0.364931 0.365051 0.365075 0.364874 0.364597 0.364269 0.363415 0.362111 0.360634 0.357281 0.353632 0.349180 0.339587 0.330437 0.319232
