tests/Borden05m/data_simulated/sim_1/output-maps/thetaliqL0003N0009.asc
ncols         160
nrows         34
xllcorner     620200.000000
yllcorner     5168000.000000
cellsize      0.500000
NODATA_value  -9999.0
[rows 0 to 27 of 34, columns 0 to 62 of 160]
-9999.0 -9999.0 -9999.0 -9999.0 -9999.0 -9999.0 -9999.0 -9999.0 -9999.0 -9999.0 -9999.0 -9999.0 -9999.0 -9999.0 -9999.0 -9999.0 -9999.0 -9999.0 -9999.0 -9999.0 -9999.0 -9999.0 -9999.0 -9999.0 -9999.0 -9999.0 -9999.0 -9999.0 -9999.0 -9999.0 -9999.0 -9999.0 -9999.0 -9999.0 -9999.0 -9999.0 -9999.0 -9999.0 -9999.0 -9999.0 -9999.0 -9999.0 -9999.0 -9999.0 -9999.0 -9999.0 -9999.0 -9999.0 -9999.0 -9999.0 -9999.0 -9999.0 -9999.0 -9999.0 -9999.0 -9999.0 -9999.0 -9999.0 -9999.0 -9999.0 -9999.0 -9999.0 -9999.0
-9999.0 -9999.0 -9999.0 -9999.0 -9999.0 -9999.0 -9999.0 -9999.0 -9999.0 -9999.0 -9999.0 -9999.0 -9999.0 -9999.0 -9999.0 -9999.0 -9999.0 -9999.0 -9999.0 -9999.0 -9999.0 -9999.0 -9999.0 -9999.0 -9999.0 -9999.0 -9999.0 -9999.0 -9999.0 -9999.0 -9999.0 -9999.0 -9999.0 -9999.0 -9999.0 -9999.0 -9999.0 -9999.0 -9999.0 -9999.0 -9999.0 -9999.0 -9999.0 -9999.0 -9999.0 -9999.0 -9999.0 -9999.0 -9999.0 -9999.0 -9999.0 -9999.0 -9999.0 -9999.0 -9999.0 -9999.0 -9999.0 -9999.0 -9999.0 0.247955 0.246554 0.245645 0.245209
-9999.0 -9999.0 -9999.0 -9999.0 -9999.0 -9999.0 -9999.0 -9999.0 -9999.0 -9999.0 -9999.0 -9999.0 -9999.0 -9999.0 -9999.0 -9999.0 -9999.0 -9999.0 -9999.0 -9999.0 -9999.0 -9999.0 -9999.0 -9999.0 -9999.0 -9999.0 -9999.0 -9999.0 -9999.0 -9999.0 -9999.0 -9999.0 -9999.0 -9999.0 -9999.0 -9999.0 -9999.0 -9999.0 -9999.0 -9999.0 -9999.0 -9999.0 -9999.0 -9999.0 -9999.0 -9999.0 -9999.0 0.238680 0.234195 0.228733 0.227137 0.233177 0.235656 0.237867 0.239193 0.240379 0.242402 0.246431 0.246014 0.239736 0.239230 0.239202 0.239591
-9999.0 -9999.0 -9999.0 -9999.0 -9999.0 -9999.0 -9999.0 -9999.0 -9999.0 -9999.0 -9999.0 -9999.0 -9999.0 -9999.0 -9999.0 -9999.0 -9999.0 -9999.0 -9999.0 -9999.0 -9999.0 -9999.0 -9999.0 -9999.0 -9999.0 -9999.0 -9999.0 -9999.0 -9999.0 -9999.0 -9999.0 -9999.0 -9999.0 -9999.0 -9999.0 -9999.0 -9999.0 -9999.0 -9999.0 -9999.0 0.237272 0.239347 0.241092 0.238196 0.237098 0.237550 0.234549 0.230977 0.227247 0.228491 0.228520 0.225607 0.229608 0.232739 0.233594 0.234223 0.236803 0.241551 0.241118 0.236429 0.233666 0.232839 0.233513
-9999.0 -9999.0 -9999.0 -9999.0 -9999.0 -9999.0 -9999.0 -9999.0 -9999.0 -9999.0 -9999.0 -9999.0 -9999.0 -9999.0 -9999.0 -9999.0 -9999.0 -9999.0 -9999.0 -9999.0 -9999.0 -9999.0 -9999.0 -9999.0 -9999.0 -9999.0 -9999.0 -9999.0 -9999.0 -9999.0 -9999.0 -9999.0 -9999.0 -9999.0 0.228827 0.232681 0.234218 0.235637 0.237926 0.236892 0.235993 0.237781 0.236147 0.236167 0.234248 0.230535 0.226826 0.224804 0.227285 0.226546 0.226481 0.228332 0.229356 0.229526 0.232013 0.236170 0.233615 0.234418 0.233669 0.231720 0.233731 0.235343 0.236355
-9999.0 -9999.0 -9999.0 -9999.0 -9999.0 -9999.0 -9999.0 -9999.0 -9999.0 -9999.0 -9999.0 -9999.0 -9999.0 -9999.0 -9999.0 -9999.0 -9999.0 -9999.0 -9999.0 -9999.0 -9999.0 -9999.0 -9999.0 -9999.0 -9999.0 -9999.0 -9999.0 -9999.0 0.235029 0.233487 0.232323 0.232429 0.231863 0.229632 0.228924 0.229132 0.231030 0.234220 0.234563 0.233960 0.234093 0.233218 0.230906 0.230736 0.233405 0.231171 0.230197 0.228754 0.224838 0.223831 0.226016 0.228035 0.229674 0.229834 0.229765 0.229310 0.229310 0.234632 0.235823 0.232779 0.231225 0.230583 0.231093
-9999.0 -9999.0 -9999.0 -9999.0 -9999.0 -9999.0 -9999.0 -9999.0 -9999.0 -9999.0 -9999.0 -9999.0 -9999.0 -9999.0 -9999.0 -9999.0 -9999.0 -9999.0 -9999.0 -9999.0 -9999.0 -9999.0 -9999.0 0.232619 0.234029 0.234508 0.235729 0.235030 0.231917 0.229962 0.229134 0.228435 0.226747 0.226482 0.226299 0.227159 0.227694 0.231067 0.229018 0.227643 0.230596 0.229796 0.231858 0.234205 0.233704 0.234255 0.229980 0.226767 0.230132 0.231407 0.231104 0.230149 0.230986 0.232102 0.233493 0.236119 0.239513 0.242261 0.247120 0.243643 0.241341 0.237090 0.237599
-9999.0 -9999.0 -9999.0 -9999.0 -9999.0 -9999.0 -9999.0 -9999.0 -9999.0 -9999.0 -9999.0 -9999.0 -9999.0 -9999.0 -9999.0 -9999.0 -9999.0 -9999.0 -9999.0 0.233070 0.232588 0.231650 0.231952 0.228887 0.227562 0.228336 0.229858 0.228873 0.227128 0.225650 0.225809 0.225972 0.225544 0.227659 0.229292 0.229657 0.228880 0.231420 0.231961 0.233292 0.237286 0.234451 0.231736 0.230320 0.230188 0.229320 0.231721 0.232368 0.232458 0.231945 0.231744 0.232123 0.232176 0.235083 0.237566 0.239393 0.241005 0.243536 0.248922 0.246401 0.242094 0.237379 0.237434
-9999.0 -9999.0 -9999.0 -9999.0 -9999.0 -9999.0 -9999.0 -9999.0 -9999.0 -9999.0 -9999.0 -9999.0 -9999.0 -9999.0 -9999.0 -9999.0 0.233009 0.232722 0.231542 0.229615 0.227981 0.227895 0.229061 0.226781 0.225974 0.226388 0.225325 0.226347 0.227454 0.228794 0.229350 0.227677 0.227824 0.227420 0.227008 0.227435 0.230297 0.232862 0.233085 0.234841 0.238341 0.236021 0.235072 0.235157 0.233652 0.234543 0.239857 0.238592 0.235689 0.241065 0.243700 0.242173 0.241183 0.244291 0.248946 0.254719 0.264434 0.270214 0.277127 0.279915 0.272938 0.271937 0.274353
-9999.0 -9999.0 -9999.0 -9999.0 -9999.0 -9999.0 -9999.0 -9999.0 -9999.0 -9999.0 -9999.0 -9999.0 -9999.0 0.232854 0.232576 0.232818 0.229851 0.227553 0.226135 0.224173 0.226490 0.224686 0.224060 0.224381 0.226435 0.226372 0.226485 0.227689 0.227085 0.226291 0.225503 0.223984 0.225528 0.227030 0.227929 0.230089 0.231568 0.232518 0.234767 0.234790 0.236229 0.235212 0.232903 0.232344 0.233875 0.238591 0.241892 0.242495 0.248726 0.255179 0.257804 0.261430 0.262751 0.264562 0.269826 0.286633 0.306074 0.322731 0.334213 0.346564 0.348240 0.350812 0.353201
-9999.0 -9999.0 -9999.0 -9999.0 -9999.0 -9999.0 -9999.0 -9999.0 -9999.0 -9999.0 0.228613 0.230098 0.227863 0.223665 0.221828 0.222687 0.223580 0.221942 0.221899 0.226050 0.228262 0.224141 0.226741 0.226653 0.224827 0.225099 0.226028 0.225989 0.228329 0.228158 0.227868 0.231724 0.232443 0.233216 0.234376 0.235572 0.236342 0.241688 0.246073 0.245065 0.251493 0.255379 0.251503 0.250076 0.250877 0.255311 0.262353 0.272216 0.282216 0.297037 0.308968 0.316481 0.322043 0.329314 0.341595 0.360712 0.363860 0.365327 0.366575 0.367352 0.367630 0.367762 0.367934
-9999.0 -9999.0 -9999.0 -9999.0 -9999.0 -9999.0 -9999.0 -9999.0 0.222670 0.225023 0.226482 0.224605 0.222082 0.217489 0.219156 0.220740 0.221764 0.223347 0.224001 0.224488 0.223248 0.224479 0.226968 0.226026 0.226112 0.227648 0.227433 0.228660 0.230672 0.229043 0.229793 0.231435 0.232795 0.233968 0.235456 0.235981 0.241302 0.248403 0.255980 0.262090 0.270740 0.281449 0.280776 0.283144 0.285937 0.300081 0.316937 0.339228 0.360509 0.363417 0.364826 0.365452 0.365877 0.366495 0.367370 0.368191 0.368737 0.369240 0.369614 0.369796 0.369876 0.369888 0.369900
-9999.0 -9999.0 -9999.0 -9999.0 -9999.0 -9999.0 0.219197 0.224373 0.226846 0.220895 0.216317 0.214787 0.212076 0.217960 0.223059 0.223920 0.224535 0.225280 0.224559 0.220889 0.228353 0.225934 0.224061 0.226072 0.225607 0.225528 0.226664 0.229547 0.230382 0.236138 0.239881 0.242926 0.247438 0.249953 0.252706 0.255792 0.264827 0.278111 0.296118 0.312361 0.329112 0.350170 0.358577 0.361892 0.362898 0.363712 0.365054 0.366596 0.368191 0.368953 0.369309 0.369426 0.369540 0.369670 0.369806 0.369881 0.369919 0.369969 0.369991 0.369999 0.370000 0.370000 0.370000
-9999.0 -9999.0 -9999.0 -9999.0 0.222311 0.223367 0.222230 0.226658 0.229696 0.222466 0.224963 0.223653 0.221246 0.218341 0.214878 0.217203 0.218488 0.219283 0.218578 0.225756 0.231777 0.227063 0.229712 0.235370 0.233501 0.233762 0.233626 0.235757 0.239818 0.244890 0.257483 0.268287 0.274897 0.283815 0.293541 0.305204 0.322352 0.351316 0.362480 0.364651 0.366134 0.367417 0.368154 0.368485 0.368758 0.368998 0.369273 0.369608 0.369844 0.369945 0.369982 0.369991 0.369995 0.369998 0.370000 0.370000 0.370000 0.370000 0.370000 0.370000 0.370000 0.370000 0.370000
-9999.0 -9999.0 -9999.0 0.219246 0.224293 0.226020 0.223294 0.223987 0.227705 0.223666 0.222839 0.222047 0.221513 0.221449 0.220974 0.222234 0.222362 0.221152 0.221913 0.225905 0.227208 0.229986 0.231922 0.235194 0.238051 0.238837 0.240274 0.244517 0.255677 0.267509 0.290605 0.317548 0.342458 0.359818 0.362792 0.364162 0.365282 0.367099 0.368340 0.369010 0.369472 0.369735 0.369880 0.369913 0.369932 0.369952 0.369977 0.369994 0.370000 0.370000 0.370000 0.370000 0.370000 0.370000 0.370000 0.370000 0.370000 0.370000 0.370000 0.370000 0.370000 0.370000 0.370000
-9999.0 -9999.0 0.220341 0.223186 0.220928 0.224334 0.228112 0.224863 0.229399 0.230641 0.225489 0.227998 0.229137 0.225832 0.227447 0.229315 0.230251 0.226493 0.223618 0.228020 0.237997 0.245493 0.248341 0.267270 0.277990 0.284952 0.288031 0.298193 0.312889 0.344405 0.362141 0.365172 0.367128 0.368461 0.368846 0.369149 0.369505 0.369697 0.369876 0.369957 0.369988 0.369998 0.370000 0.370000 0.370000 0.370000 0.370000 0.370000 0.370000 0.370000 0.370000 0.370000 0.370000 0.370000 0.370000 0.370000 0.370000 0.370000 0.370000 0.370000 0.370000 0.370000 0.370000
-9999.0 -9999.0 0.216959 0.221741 0.218050 0.225280 0.231974 0.224528 0.226116 0.232844 0.230438 0.230791 0.229159 0.228848 0.231371 0.237016 0.233735 0.232476 0.225247 0.240425 0.252938 0.273308 0.310062 0.341192 0.360431 0.362346 0.362807 0.363614 0.364743 0.367025 0.368881 0.369606 0.369891 0.369967 0.369984 0.369994 0.370000 0.370000 0.370000 0.370000 0.370000 0.370000 0.370000 0.370000 0.370000 0.370000 0.370000 0.370000 0.370000 0.370000 0.370000 0.370000 0.370000 0.370000 0.370000 0.370000 0.370000 0.370000 0.370000 0.370000 0.370000 0.370000 0.370000
-9999.0 0.215982 0.218310 0.218266 0.222898 0.220793 0.225965 0.233535 0.232408 0.234691 0.234026 0.228348 0.242779 0.255027 0.258170 0.268255 0.263150 0.259848 0.251778 0.266203 0.291812 0.348496 0.365443 0.368156 0.369118 0.369249 0.369201 0.369419 0.369704 0.369925 0.369999 0.370000 0.370000 0.370000 0.370000 0.370000 0.370000 0.370000 0.370000 0.370000 0.370000 0.370000 0.370000 0.370000 0.370000 0.370000 0.370000 0.370000 0.370000 0.370000 0.370000 0.370000 0.370000 0.370000 0.370000 0.370000 0.370000 0.370000 0.370000 0.370000 0.370000 0.370000 0.370000
-9999.0 0.208563 0.218044 0.223471 0.220870 0.216155 0.228524 0.247464 0.239002 0.235785 0.233755 0.243973 0.277156 0.306095 0.322646 0.343709 0.340558 0.330814 0.330990 0.355856 0.363702 0.367589 0.369868 0.370000 0.370000 0.370000 0.370000 0.370000 0.370000 0.370000 0.370000 0.370000 0.370000 0.370000 0.370000 0.370000 0.370000 0.370000 0.370000 0.370000 0.370000 0.370000 0.370000 0.370000 0.370000 0.370000 0.370000 0.370000 0.370000 0.370000 0.370000 0.370000 0.370000 0.370000 0.370000 0.370000 0.370000 0.370000 0.370000 0.370000 0.370000 0.370000 0.370000
-9999.0 0.216232 0.227153 0.224018 0.214368 0.226453 0.230522 0.242485 0.250656 0.245722 0.258830 0.304849 0.358365 0.364546 0.366500 0.367691 0.368359 0.368172 0.368781 0.369711 0.369994 0.370000 0.370000 0.370000 0.370000 0.370000 0.370000 0.370000 0.370000 0.370000 0.370000 0.370000 0.370000 0.370000 0.370000 0.370000 0.370000 0.370000 0.370000 0.370000 0.370000 0.370000 0.370000 0.370000 0.370000 0.370000 0.370000 0.370000 0.370000 0.370000 0.370000 0.370000 0.370000 0.370000 0.370000 0.370000 0.370000 0.369999 0.369998 0.369995 0.369989 0.369979 0.369979
-9999.0 0.203336 0.218867 0.205395 0.222712 0.237429 0.233458 0.253412 0.275898 0.280755 0.336691 0.363319 0.368022 0.369292 0.369798 0.369988 0.370000 0.370000 0.370000 0.370000 0.370000 0.370000 0.370000 0.370000 0.370000 0.370000 0.370000 0.370000 0.370000 0.370000 0.370000 0.370000 0.370000 0.370000 0.370000 0.370000 0.370000 0.370000 0.370000 0.370000 0.370000 0.370000 0.370000 0.370000 0.370000 0.370000 0.370000 0.370000 0.370000 0.370000 0.369999 0.369999 0.369998 0.369997 0.369997 0.369995 0.369981 0.369957 0.369920 0.369863 0.369774 0.369571 0.369536
-9999.0 0.194278 0.204905 0.212494 0.227670 0.237970 0.247024 0.268175 0.312153 0.350751 0.364746 0.367375 0.369122 0.369859 0.369997 0.370000 0.370000 0.370000 0.370000 0.370000 0.370000 0.370000 0.370000 0.370000 0.370000 0.370000 0.370000 0.370000 0.370000 0.370000 0.370000 0.370000 0.370000 0.370000 0.370000 0.370000 0.370000 0.370000 0.370000 0.370000 0.369999 0.369999 0.369998 0.369998 0.369998 0.369997 0.369996 0.369991 0.369984 0.369975 0.369963 0.369952 0.369949 0.369941 0.369929 0.369902 0.369775 0.369553 0.369268 0.368886 0.368014 0.367129 0.366545
-9999.0 0.174323 0.208817 0.212584 0.221393 0.223398 0.224582 0.241075 0.266376 0.346196 0.367838 0.368699 0.369146 0.369679 0.369978 0.370000 0.370000 0.370000 0.370000 0.369990 0.369978 0.369982 0.369992 0.369998 0.370000 0.370000 0.370000 0.369999 0.369996 0.369993 0.369991 0.369987 0.369983 0.369982 0.369980 0.369985 0.369988 0.369981 0.369968 0.369943 0.369912 0.369883 0.369874 0.369879 0.369876 0.369862 0.369821 0.369750 0.369636 0.369511 0.369399 0.369321 0.369244 0.369133 0.368998 0.368846 0.368288 0.367542 0.366186 0.364370 0.361007 0.342275 0.334558
-9999.0 -9999.0 0.192717 0.212950 0.214959 0.217379 0.219057 0.232248 0.245433 0.295239 0.348227 0.363266 0.365612 0.367448 0.369255 0.369825 0.369903 0.369925 0.369766 0.369646 0.369602 0.369628 0.369736 0.369833 0.369895 0.369922 0.369933 0.369925 0.369891 0.369818 0.369692 0.369563 0.369471 0.369399 0.369487 0.369603 0.369597 0.369546 0.369443 0.369275 0.369117 0.368925 0.368889 0.368925 0.368924 0.368847 0.368678 0.368209 0.367576 0.366907 0.366556 0.366248 0.365985 0.365507 0.365024 0.364479 0.363155 0.359296 0.338045 0.312356 0.290043 0.271745 0.262384
-9999.0 -9999.0 0.171052 0.202382 0.215906 0.225242 0.222904 0.223095 0.243000 0.251041 0.265491 0.291059 0.314409 0.340880 0.360946 0.364276 0.365153 0.365456 0.365333 0.365583 0.366299 0.367210 0.368005 0.368499 0.368798 0.368985 0.369142 0.368971 0.368766 0.368333 0.367413 0.366249 0.365653 0.365355 0.365549 0.365906 0.365712 0.365330 0.364788 0.364135 0.363657 0.363139 0.363015 0.362955 0.362893 0.362535 0.361462 0.356782 0.346743 0.338722 0.333094 0.328532 0.326037 0.320818 0.314507 0.309837 0.298568 0.285471 0.275301 0.265276 0.254362 0.249153 0.244531
-9999.0 -9999.0 -9999.0 0.174364 0.193915 0.208799 0.214401 0.205496 0.210391 0.220771 0.228145 0.239878 0.246628 0.254238 0.267563 0.285741 0.295116 0.297432 0.296742 0.313349 0.321913 0.340709 0.358419 0.362077 0.363089 0.363751 0.363929 0.363477 0.362923 0.360912 0.347102 0.328860 0.320316 0.320424 0.320633 0.322683 0.319636 0.316665 0.310180 0.303274 0.296249 0.290359 0.287918 0.285729 0.284629 0.282800 0.280911 0.277153 0.273383 0.270123 0.267297 0.266705 0.265997 0.264616 0.262808 0.261650 0.259909 0.253112 0.248533 0.244378 0.240141 0.236418 0.232923
-9999.0 -9999.0 -9999.0 -9999.0 -9999.0 0.161785 0.200300 0.207988 0.207887 0.204417 0.207700 0.221843 0.219391 0.221182 0.226973 0.229981 0.231138 0.234917 0.242952 0.249779 0.258787 0.265474 0.275603 0.285612 0.291363 0.297895 0.300045 0.295000 0.290039 0.282354 0.271808 0.262753 0.262255 0.263098 0.263534 0.263229 0.261720 0.260724 0.259309 0.255392 0.251852 0.251221 0.250738 0.250062 0.249270 0.248709 0.248245 0.248152 0.245829 0.243680 0.245059 0.244695 0.244506 0.244795 0.243858 0.243530 0.244239 0.238752 0.235841 0.237539 0.232614 0.229482 0.230847
-9999.0 -9999.0 -9999.0 -9999.0 -9999.0 -9999.0 0.157653 0.181494 0.200990 0.206222 0.214221 0.220217 0.211421 0.214261 0.217285 0.220570 0.225798 0.225602 0.227355 0.230145 0.234189 0.236107 0.240731 0.247278 0.247189 0.248773 0.252399 0.248399 0.246366 0.245386 0.237990 0.239322 0.238334 0.239236 0.239574 0.240453 0.239564 0.238765 0.238438 0.235213 0.235234 0.234475 0.234245 0.233989 0.233713 0.233624 0.233753 0.233978 0.231970 0.233322 0.233893 0.233375 0.233180 0.233678 0.233287 0.232461 0.232973 0.230671 0.230577 0.230876 0.226748 0.227104 0.227106
