tests/Borden05m/data_simulated/sim_1/output-maps/thetaliqL0004N0013.asc
ncols         160
nrows         34
xllcorner     620200.000000
yllcorner     5168000.000000
cellsize      0.500000
NODATA_value  -9999.0
[rows 0 to 27 of 34, columns 0 to 62 of 160]
-9999.0 -9999.0 -9999.0 -9999.0 -9999.0 -9999.0 -9999.0 -9999.0 -9999.0 -9999.0 -9999.0 -9999.0 -9999.0 -9999.0 -9999.0 -9999.0 -9999.0 -9999.0 -9999.0 -9999.0 -9999.0 -9999.0 -9999.0 -9999.0 -9999.0 -9999.0 -9999.0 -9999.0 -9999.0 -9999.0 -9999.0 -9999.0 -9999.0 -9999.0 -9999.0 -9999.0 -9999.0 -9999.0 -9999.0 -9999.0 -9999.0 -9999.0 -9999.0 -9999.0 -9999.0 -9999.0 -9999.0 -9999.0 -9999.0 -9999.0 -9999.0 -9999.0 -9999.0 -9999.0 -9999.0 -9999.0 -9999.0 -9999.0 -9999.0 -9999.0 -9999.0 -9999.0 -9999.0
-9999.0 -9999.0 -9999.0 -9999.0 -9999.0 -9999.0 -9999.0 -9999.0 -9999.0 -9999.0 -9999.0 -9999.0 -9999.0 -9999.0 -9999.0 -9999.0 -9999.0 -9999.0 -9999.0 -9999.0 -9999.0 -9999.0 -9999.0 -9999.0 -9999.0 -9999.0 -9999.0 -9999.0 -9999.0 -9999.0 -9999.0 -9999.0 -9999.0 -9999.0 -9999.0 -9999.0 -9999.0 -9999.0 -9999.0 -9999.0 -9999.0 -9999.0 -9999.0 -9999.0 -9999.0 -9999.0 -9999.0 -9999.0 -9999.0 -9999.0 -9999.0 -9999.0 -9999.0 -9999.0 -9999.0 -9999.0 -9999.0 -9999.0 -9999.0 0.198410 0.196364 0.194860 0.193905
-9999.0 -9999.0 -9999.0 -9999.0 -9999.0 -9999.0 -9999.0 -9999.0 -9999.0 -9999.0 -9999.0 -9999.0 -9999.0 -9999.0 -9999.0 -9999.0 -9999.0 -9999.0 -9999.0 -9999.0 -9999.0 -9999.0 -9999.0 -9999.0 -9999.0 -9999.0 -9999.0 -9999.0 -9999.0 -9999.0 -9999.0 -9999.0 -9999.0 -9999.0 -9999.0 -9999.0 -9999.0 -9999.0 -9999.0 -9999.0 -9999.0 -9999.0 -9999.0 -9999.0 -9999.0 -9999.0 -9999.0 0.179488 0.173869 0.167336 0.165586 0.172959 0.176721 0.180358 0.183014 0.185534 0.189120 0.195051 0.194892 0.187223 0.186263 0.185940 0.186154
-9999.0 -9999.0 -9999.0 -9999.0 -9999.0 -9999.0 -9999.0 -9999.0 -9999.0 -9999.0 -9999.0 -9999.0 -9999.0 -9999.0 -9999.0 -9999.0 -9999.0 -9999.0 -9999.0 -9999.0 -9999.0 -9999.0 -9999.0 -9999.0 -9999.0 -9999.0 -9999.0 -9999.0 -9999.0 -9999.0 -9999.0 -9999.0 -9999.0 -9999.0 -9999.0 -9999.0 -9999.0 -9999.0 -9999.0 -9999.0 0.180643 0.183239 0.185218 0.181392 0.179520 0.179337 0.175093 0.170444 0.165815 0.167000 0.167121 0.164281 0.169523 0.174042 0.176020 0.177759 0.181805 0.188396 0.188151 0.182221 0.178593 0.177392 0.178093
-9999.0 -9999.0 -9999.0 -9999.0 -9999.0 -9999.0 -9999.0 -9999.0 -9999.0 -9999.0 -9999.0 -9999.0 -9999.0 -9999.0 -9999.0 -9999.0 -9999.0 -9999.0 -9999.0 -9999.0 -9999.0 -9999.0 -9999.0 -9999.0 -9999.0 -9999.0 -9999.0 -9999.0 -9999.0 -9999.0 -9999.0 -9999.0 -9999.0 -9999.0 0.167105 0.171901 0.174338 0.176735 0.180056 0.179306 0.178681 0.180940 0.178931 0.178640 0.175926 0.170993 0.166117 0.163360 0.165847 0.164949 0.165045 0.167539 0.169359 0.170334 0.174099 0.179920 0.177758 0.179451 0.178845 0.176353 0.178537 0.180342 0.181513
-9999.0 -9999.0 -9999.0 -9999.0 -9999.0 -9999.0 -9999.0 -9999.0 -9999.0 -9999.0 -9999.0 -9999.0 -9999.0 -9999.0 -9999.0 -9999.0 -9999.0 -9999.0 -9999.0 -9999.0 -9999.0 -9999.0 -9999.0 -9999.0 -9999.0 -9999.0 -9999.0 -9999.0 0.173901 0.172017 0.170570 0.170611 0.169949 0.167530 0.167033 0.167731 0.170508 0.174893 0.175890 0.175605 0.176086 0.175176 0.172421 0.172095 0.174927 0.171915 0.170287 0.168234 0.163628 0.162508 0.165199 0.167934 0.170425 0.171338 0.172094 0.172442 0.173374 0.180621 0.182561 0.178751 0.176578 0.175566 0.176121
-9999.0 -9999.0 -9999.0 -9999.0 -9999.0 -9999.0 -9999.0 -9999.0 -9999.0 -9999.0 -9999.0 -9999.0 -9999.0 -9999.0 -9999.0 -9999.0 -9999.0 -9999.0 -9999.0 -9999.0 -9999.0 -9999.0 -9999.0 0.170270 0.171980 0.172717 0.174281 0.173559 0.170076 0.167782 0.166777 0.165969 0.164125 0.163984 0.164085 0.165498 0.166698 0.171223 0.169437 0.168299 0.172084 0.171312 0.173722 0.176428 0.175756 0.176167 0.170949 0.167076 0.170932 0.172593 0.172571 0.171916 0.173511 0.175646 0.178316 0.182666 0.188108 0.192840 0.199738 0.195303 0.191842 0.186089 0.186615
-9999.0 -9999.0 -9999.0 -9999.0 -9999.0 -9999.0 -9999.0 -9999.0 -9999.0 -9999.0 -9999.0 -9999.0 -9999.0 -9999.0 -9999.0 -9999.0 -9999.0 -9999.0 -9999.0 0.169940 0.169449 0.168481 0.168935 0.165731 0.164402 0.165433 0.167299 0.166317 0.164414 0.162788 0.162992 0.163237 0.162912 0.165533 0.167770 0.168715 0.168495 0.172167 0.173489 0.175679 0.180923 0.177730 0.174488 0.172791 0.172628 0.171713 0.174663 0.175576 0.175983 0.175811 0.176041 0.176998 0.177763 0.182306 0.186727 0.190647 0.194465 0.199380 0.207514 0.204298 0.198003 0.191326 0.191354
-9999.0 -9999.0 -9999.0 -9999.0 -9999.0 -9999.0 -9999.0 -9999.0 -9999.0 -9999.0 -9999.0 -9999.0 -9999.0 -9999.0 -9999.0 -9999.0 0.169054 0.168798 0.167606 0.165722 0.164068 0.164081 0.165494 0.163123 0.162382 0.163019 0.162051 0.163378 0.164785 0.166435 0.167216 0.165530 0.165957 0.165888 0.165918 0.167037 0.171113 0.175040 0.176218 0.179137 0.184035 0.181489 0.180309 0.180415 0.178812 0.180366 0.187515 0.186636 0.183827 0.191370 0.195568 0.194424 0.194035 0.199313 0.207220 0.217213 0.232807 0.243753 0.255756 0.260589 0.250636 0.248733 0.252345
-9999.0 -9999.0 -9999.0 -9999.0 -9999.0 -9999.0 -9999.0 -9999.0 -9999.0 -9999.0 -9999.0 -9999.0 -9999.0 0.167797 0.167595 0.168058 0.165133 0.162775 0.161383 0.159477 0.162191 0.160393 0.159900 0.160436 0.162896 0.163076 0.163474 0.165116 0.164763 0.164169 0.163587 0.162238 0.164403 0.166644 0.168332 0.171657 0.174447 0.176807 0.180717 0.181853 0.184573 0.183771 0.180994 0.180425 0.182754 0.189578 0.195122 0.197289 0.206721 0.216798 0.221885 0.228103 0.231343 0.235905 0.246232 0.272779 0.304066 0.329014 0.340911 0.348775 0.349747 0.351080 0.352243
-9999.0 -9999.0 -9999.0 -9999.0 -9999.0 -9999.0 -9999.0 -9999.0 -9999.0 -9999.0 0.162633 0.164229 0.161829 0.157497 0.155690 0.156795 0.157976 0.156431 0.156623 0.161398 0.164140 0.159925 0.163043 0.163232 0.161508 0.162119 0.163521 0.163935 0.167063 0.167392 0.167642 0.172743 0.174365 0.176102 0.178412 0.180998 0.183438 0.191870 0.199337 0.199867 0.209781 0.215935 0.211184 0.209457 0.211125 0.218515 0.230550 0.247417 0.263825 0.286075 0.305425 0.318057 0.326914 0.336088 0.345442 0.354743 0.360509 0.363984 0.366309 0.367352 0.367715 0.367890 0.368101
-9999.0 -9999.0 -9999.0 -9999.0 -9999.0 -9999.0 -9999.0 -9999.0 0.156067 0.158600 0.160215 0.158216 0.155534 0.150807 0.152709 0.154605 0.155957 0.157932 0.158960 0.159885 0.159002 0.160734 0.163910 0.163298 0.163781 0.165939 0.166236 0.168295 0.171423 0.170462 0.172351 0.175463 0.178265 0.180848 0.183907 0.186086 0.194851 0.206686 0.219394 0.230397 0.245640 0.263365 0.263513 0.266585 0.270437 0.292859 0.321090 0.343700 0.354257 0.359011 0.362564 0.364187 0.365189 0.366297 0.367407 0.368160 0.368879 0.369460 0.369782 0.369898 0.369939 0.369951 0.369969
-9999.0 -9999.0 -9999.0 -9999.0 -9999.0 -9999.0 0.152125 0.157793 0.160601 0.154338 0.149562 0.147966 0.145208 0.151400 0.156979 0.158190 0.159169 0.160324 0.159959 0.156545 0.165352 0.163331 0.161886 0.164762 0.164824 0.165332 0.167342 0.171658 0.173963 0.182501 0.189137 0.195108 0.202863 0.207920 0.213202 0.219405 0.235067 0.258162 0.286489 0.313805 0.336188 0.350432 0.354292 0.355869 0.357229 0.359588 0.363171 0.366013 0.368020 0.369057 0.369493 0.369633 0.369736 0.369828 0.369906 0.369957 0.369978 0.369994 0.369999 0.370000 0.370000 0.370000 0.370000
-9999.0 -9999.0 -9999.0 -9999.0 0.154828 0.156194 0.155339 0.160412 0.164002 0.156402 0.159106 0.157760 0.155254 0.152331 0.148929 0.151629 0.153313 0.154532 0.154285 0.162872 0.170729 0.166440 0.170517 0.178313 0.177138 0.178333 0.179208 0.183265 0.190362 0.199625 0.219362 0.237859 0.251388 0.266499 0.281638 0.301635 0.329038 0.349867 0.357826 0.362441 0.365525 0.367294 0.368124 0.368446 0.368781 0.369114 0.369453 0.369756 0.369920 0.369985 0.369996 0.369999 0.370000 0.370000 0.370000 0.370000 0.370000 0.370000 0.370000 0.370000 0.370000 0.370000 0.370000
-9999.0 -9999.0 -9999.0 0.151154 0.156740 0.159033 0.156667 0.157931 0.162430 0.158384 0.157711 0.157046 0.156655 0.156800 0.156567 0.158302 0.158818 0.157908 0.159365 0.164961 0.168040 0.172954 0.177155 0.183179 0.188346 0.190677 0.193852 0.201290 0.219104 0.240336 0.276766 0.321175 0.345675 0.354427 0.357831 0.361196 0.363950 0.366758 0.368348 0.369210 0.369678 0.369876 0.369958 0.369973 0.369979 0.369988 0.369995 0.369999 0.370000 0.370000 0.370000 0.370000 0.370000 0.370000 0.370000 0.370000 0.370000 0.370000 0.370000 0.370000 0.370000 0.370000 0.370000
-9999.0 -9999.0 0.151795 0.155047 0.153152 0.157333 0.162138 0.159463 0.165172 0.167201 0.162019 0.165252 0.167048 0.163885 0.166258 0.168982 0.170501 0.166586 0.164050 0.170765 0.185345 0.198062 0.205486 0.235272 0.253135 0.264540 0.270443 0.287659 0.314625 0.345710 0.357887 0.364108 0.367235 0.368624 0.369009 0.369346 0.369674 0.369858 0.369958 0.369990 0.369999 0.370000 0.370000 0.370000 0.370000 0.370000 0.370000 0.370000 0.370000 0.370000 0.370000 0.370000 0.370000 0.370000 0.370000 0.370000 0.370000 0.370000 0.370000 0.370000 0.370000 0.370000 0.370000
-9999.0 -9999.0 0.148178 0.153386 0.150122 0.158434 0.166831 0.160008 0.162902 0.171563 0.169805 0.171232 0.170562 0.171363 0.175555 0.183379 0.179970 0.178677 0.170797 0.191777 0.212083 0.246805 0.304866 0.343369 0.355286 0.356903 0.357696 0.360042 0.363150 0.367036 0.369101 0.369819 0.369969 0.369994 0.369998 0.369999 0.370000 0.370000 0.370000 0.370000 0.370000 0.370000 0.370000 0.370000 0.370000 0.370000 0.370000 0.370000 0.370000 0.370000 0.370000 0.370000 0.370000 0.370000 0.370000 0.370000 0.370000 0.370000 0.370000 0.370000 0.370000 0.370000 0.370000
-9999.0 0.146590 0.149253 0.149648 0.155061 0.153908 0.160952 0.171305 0.172074 0.176533 0.177424 0.172721 0.193022 0.211748 0.218997 0.235054 0.229117 0.224449 0.214660 0.237753 0.279249 0.345743 0.365440 0.368699 0.369465 0.369542 0.369496 0.369674 0.369867 0.369975 0.370000 0.370000 0.370000 0.370000 0.370000 0.370000 0.370000 0.370000 0.370000 0.370000 0.370000 0.370000 0.370000 0.370000 0.370000 0.370000 0.370000 0.370000 0.370000 0.370000 0.370000 0.370000 0.370000 0.370000 0.370000 0.370000 0.370000 0.370000 0.370000 0.370000 0.370000 0.370000 0.370000
-9999.0 0.139156 0.148801 0.154835 0.152940 0.149285 0.164487 0.189587 0.183284 0.182124 0.182408 0.198780 0.248873 0.294381 0.322678 0.343872 0.343088 0.336562 0.337407 0.352008 0.361884 0.368103 0.369948 0.370000 0.370000 0.370000 0.370000 0.370000 0.370000 0.370000 0.370000 0.370000 0.370000 0.370000 0.370000 0.370000 0.370000 0.370000 0.370000 0.370000 0.370000 0.370000 0.370000 0.370000 0.370000 0.370000 0.370000 0.370000 0.370000 0.370000 0.370000 0.370000 0.370000 0.370000 0.370000 0.370000 0.370000 0.370000 0.370000 0.370000 0.370000 0.370000 0.370000
-9999.0 0.146481 0.157943 0.155190 0.146203 0.160282 0.167793 0.186738 0.202711 0.201421 0.223877 0.292501 0.348139 0.361429 0.365763 0.367449 0.368201 0.368192 0.368975 0.369831 0.369999 0.370000 0.370000 0.370000 0.370000 0.370000 0.370000 0.370000 0.370000 0.370000 0.370000 0.370000 0.370000 0.370000 0.370000 0.370000 0.370000 0.370000 0.370000 0.370000 0.370000 0.370000 0.370000 0.370000 0.370000 0.370000 0.370000 0.370000 0.370000 0.370000 0.370000 0.370000 0.370000 0.370000 0.370000 0.370000 0.370000 0.370000 0.370000 0.369998 0.369995 0.369990 0.369990
-9999.0 0.133646 0.149034 0.136278 0.154321 0.172315 0.172045 0.202967 0.242433 0.259940 0.334961 0.359460 0.367420 0.369249 0.369760 0.369950 0.369988 0.369999 0.370000 0.370000 0.370000 0.370000 0.370000 0.370000 0.370000 0.370000 0.370000 0.370000 0.370000 0.370000 0.370000 0.370000 0.370000 0.370000 0.370000 0.370000 0.370000 0.370000 0.370000 0.370000 0.370000 0.370000 0.370000 0.370000 0.370000 0.370000 0.370000 0.370000 0.370000 0.370000 0.370000 0.370000 0.370000 0.369999 0.369999 0.369999 0.369991 0.369975 0.369948 0.369899 0.369814 0.369628 0.369598
-9999.0 0.125178 0.135095 0.142749 0.159077 0.172311 0.186716 0.221411 0.295960 0.347057 0.362767 0.366532 0.369087 0.369866 0.369992 0.369999 0.370000 0.370000 0.370000 0.370000 0.370000 0.370000 0.370000 0.370000 0.370000 0.370000 0.370000 0.370000 0.370000 0.370000 0.370000 0.370000 0.370000 0.370000 0.370000 0.370000 0.370000 0.370000 0.370000 0.370000 0.370000 0.370000 0.370000 0.370000 0.370000 0.369999 0.369999 0.369997 0.369993 0.369988 0.369981 0.369973 0.369970 0.369964 0.369953 0.369927 0.369802 0.369557 0.369212 0.368654 0.367288 0.366386 0.365659
-9999.0 0.108582 0.138590 0.142597 0.152074 0.155610 0.159538 0.183961 0.227530 0.342163 0.367729 0.368560 0.369138 0.369703 0.369969 0.369999 0.369999 0.369995 0.369984 0.369980 0.369990 0.369996 0.369999 0.370000 0.370000 0.370000 0.370000 0.370000 0.369999 0.369999 0.369998 0.369997 0.369996 0.369996 0.369995 0.369996 0.369997 0.369993 0.369986 0.369970 0.369946 0.369921 0.369911 0.369913 0.369910 0.369898 0.369863 0.369801 0.369698 0.369574 0.369451 0.369352 0.369241 0.369068 0.368842 0.368555 0.367595 0.366395 0.364570 0.360951 0.354365 0.345356 0.339276
-9999.0 -9999.0 0.123661 0.142689 0.145179 0.148515 0.151806 0.169261 0.191667 0.269087 0.341457 0.358354 0.363725 0.366991 0.369090 0.369729 0.369779 0.369827 0.369621 0.369637 0.369706 0.369768 0.369848 0.369910 0.369947 0.369961 0.369965 0.369959 0.369937 0.369888 0.369798 0.369696 0.369612 0.369540 0.369622 0.369722 0.369704 0.369633 0.369489 0.369244 0.368980 0.368649 0.368559 0.368601 0.368603 0.368507 0.368318 0.367792 0.367105 0.366241 0.365741 0.365213 0.364664 0.363614 0.362411 0.360955 0.357841 0.353453 0.343079 0.314372 0.277229 0.247404 0.230529
-9999.0 -9999.0 0.106073 0.132364 0.145679 0.155736 0.154321 0.156029 0.181169 0.196455 0.221495 0.260771 0.301207 0.337835 0.351870 0.359515 0.361955 0.362893 0.362954 0.363938 0.365592 0.366923 0.367665 0.368207 0.368613 0.368880 0.369072 0.368821 0.368513 0.367930 0.366919 0.365357 0.364279 0.363645 0.364037 0.364710 0.364261 0.363298 0.361811 0.359888 0.358309 0.356663 0.356204 0.356028 0.355996 0.355573 0.354870 0.352456 0.348017 0.343359 0.338793 0.334263 0.331083 0.324398 0.315094 0.307177 0.289405 0.269295 0.251516 0.233214 0.215114 0.205232 0.196688
-9999.0 -9999.0 -9999.0 0.108620 0.124822 0.138671 0.144593 0.136574 0.142179 0.154390 0.164755 0.181262 0.192703 0.205717 0.225730 0.252061 0.267561 0.273289 0.275375 0.304290 0.321758 0.342241 0.352140 0.354763 0.356795 0.358621 0.359100 0.357833 0.356533 0.353886 0.347158 0.334290 0.323692 0.323146 0.323255 0.325367 0.321138 0.316249 0.305678 0.293825 0.282261 0.273471 0.269996 0.266863 0.265165 0.262605 0.259966 0.254587 0.248391 0.242742 0.238042 0.236510 0.234966 0.232343 0.228993 0.226464 0.222781 0.211965 0.203856 0.196348 0.188736 0.182149 0.176298
-9999.0 -9999.0 -9999.0 -9999.0 -9999.0 0.099595 0.130529 0.138099 0.138419 0.135647 0.139599 0.155084 0.153635 0.156741 0.164423 0.169332 0.172368 0.178629 0.190588 0.201980 0.216902 0.229789 0.246859 0.262491 0.271331 0.281302 0.284936 0.277461 0.270166 0.259442 0.243624 0.229323 0.227367 0.228211 0.228717 0.228192 0.225638 0.223589 0.220815 0.214674 0.209298 0.207960 0.206999 0.205816 0.204492 0.203494 0.202634 0.202164 0.198746 0.195695 0.197205 0.196567 0.196118 0.196183 0.194567 0.193562 0.193551 0.185569 0.180796 0.181541 0.174366 0.169576 0.170098
-9999.0 -9999.0 -9999.0 -9999.0 -9999.0 -9999.0 0.096802 0.114267 0.131251 0.136439 0.144625 0.151129 0.142764 0.146028 0.149719 0.153970 0.160573 0.161551 0.164743 0.169364 0.175792 0.179970 0.187504 0.197482 0.198713 0.201567 0.206649 0.201418 0.198334 0.196419 0.186524 0.187518 0.185957 0.186930 0.187269 0.188192 0.186809 0.185498 0.184723 0.180456 0.180096 0.178890 0.178373 0.177841 0.177281 0.176969 0.176949 0.177037 0.174529 0.176028 0.176668 0.176011 0.175675 0.176075 0.175309 0.173967 0.174079 0.170803 0.170040 0.169740 0.164411 0.164116 0.163493
