tests/Borden05m/data_simulated/sim_1/output-maps/thetaliqL0006N0013.asc
ncols         160
nrows         34
xllcorner     620200.000000
yllcorner     5168000.000000
cellsize      0.500000
NODATA_value  -9999.0
[rows 0 to 27 of 34, columns 0 to 62 of 160]
-9999.0 -9999.0 -9999.0 -9999.0 -9999.0 -9999.0 -9999.0 -9999.0 -9999.0 -9999.0 -9999.0 -9999.0 -9999.0 -9999.0 -9999.0 -9999.0 -9999.0 -9999.0 -9999.0 -9999.0 -9999.0 -9999.0 -9999.0 -9999.0 -9999.0 -9999.0 -9999.0 -9999.0 -9999.0 -9999.0 -9999.0 -9999.0 -9999.0 -9999.0 -9999.0 -9999.0 -9999.0 -9999.0 -9999.0 -9999.0 -9999.0 -9999.0 -9999.0 -9999.0 -9999.0 -9999.0 -9999.0 -9999.0 -9999.0 -9999.0 -9999.0 -9999.0 -9999.0 -9999.0 -9999.0 -9999.0 -9999.0 -9999.0 -9999.0 -9999.0 -9999.0 -9999.0 -9999.0
-9999.0 -9999.0 -9999.0 -9999.0 -9999.0 -9999.0 -9999.0 -9999.0 -9999.0 -9999.0 -9999.0 -9999.0 -9999.0 -9999.0 -9999.0 -9999.0 -9999.0 -9999.0 -9999.0 -9999.0 -9999.0 -9999.0 -9999.0 -9999.0 -9999.0 -9999.0 -9999.0 -9999.0 -9999.0 -9999.0 -9999.0 -9999.0 -9999.0 -9999.0 -9999.0 -9999.0 -9999.0 -9999.0 -9999.0 -9999.0 -9999.0 -9999.0 -9999.0 -9999.0 -9999.0 -9999.0 -9999.0 -9999.0 -9999.0 -9999.0 -9999.0 -9999.0 -9999.0 -9999.0 -9999.0 -9999.0 -9999.0 -9999.0 -9999.0 0.203507 0.199321 0.195253 0.191490
-9999.0 -9999.0 -9999.0 -9999.0 -9999.0 -9999.0 -9999.0 -9999.0 -9999.0 -9999.0 -9999.0 -9999.0 -9999.0 -9999.0 -9999.0 -9999.0 -9999.0 -9999.0 -9999.0 -9999.0 -9999.0 -9999.0 -9999.0 -9999.0 -9999.0 -9999.0 -9999.0 -9999.0 -9999.0 -9999.0 -9999.0 -9999.0 -9999.0 -9999.0 -9999.0 -9999.0 -9999.0 -9999.0 -9999.0 -9999.0 -9999.0 -9999.0 -9999.0 -9999.0 -9999.0 -9999.0 -9999.0 0.131773 0.125211 0.119429 0.118952 0.126588 0.135462 0.145756 0.155818 0.166015 0.177460 0.190300 0.192535 0.185084 0.181817 0.179501 0.177889
-9999.0 -9999.0 -9999.0 -9999.0 -9999.0 -9999.0 -9999.0 -9999.0 -9999.0 -9999.0 -9999.0 -9999.0 -9999.0 -9999.0 -9999.0 -9999.0 -9999.0 -9999.0 -9999.0 -9999.0 -9999.0 -9999.0 -9999.0 -9999.0 -9999.0 -9999.0 -9999.0 -9999.0 -9999.0 -9999.0 -9999.0 -9999.0 -9999.0 -9999.0 -9999.0 -9999.0 -9999.0 -9999.0 -9999.0 -9999.0 0.153194 0.156208 0.157122 0.151243 0.145583 0.140210 0.131893 0.125192 0.119815 0.118797 0.119508 0.121356 0.129438 0.139016 0.147706 0.156444 0.166950 0.179066 0.180803 0.173614 0.168225 0.165661 0.165495
-9999.0 -9999.0 -9999.0 -9999.0 -9999.0 -9999.0 -9999.0 -9999.0 -9999.0 -9999.0 -9999.0 -9999.0 -9999.0 -9999.0 -9999.0 -9999.0 -9999.0 -9999.0 -9999.0 -9999.0 -9999.0 -9999.0 -9999.0 -9999.0 -9999.0 -9999.0 -9999.0 -9999.0 -9999.0 -9999.0 -9999.0 -9999.0 -9999.0 -9999.0 0.116880 0.122394 0.128660 0.135688 0.142730 0.145613 0.148362 0.151192 0.149085 0.146561 0.141185 0.133326 0.125759 0.120769 0.119755 0.118808 0.120097 0.124383 0.130247 0.136696 0.145841 0.157172 0.161890 0.168739 0.170369 0.167086 0.167352 0.167989 0.168700
-9999.0 -9999.0 -9999.0 -9999.0 -9999.0 -9999.0 -9999.0 -9999.0 -9999.0 -9999.0 -9999.0 -9999.0 -9999.0 -9999.0 -9999.0 -9999.0 -9999.0 -9999.0 -9999.0 -9999.0 -9999.0 -9999.0 -9999.0 -9999.0 -9999.0 -9999.0 -9999.0 -9999.0 0.118582 0.116724 0.115105 0.114573 0.114101 0.113642 0.115541 0.119213 0.125219 0.133065 0.138131 0.141055 0.143819 0.144041 0.141718 0.140516 0.140398 0.135279 0.130526 0.126365 0.122613 0.122146 0.125264 0.130081 0.136184 0.142306 0.149193 0.156081 0.163886 0.176623 0.181981 0.177643 0.173534 0.170909 0.171010
-9999.0 -9999.0 -9999.0 -9999.0 -9999.0 -9999.0 -9999.0 -9999.0 -9999.0 -9999.0 -9999.0 -9999.0 -9999.0 -9999.0 -9999.0 -9999.0 -9999.0 -9999.0 -9999.0 -9999.0 -9999.0 -9999.0 -9999.0 0.110601 0.112199 0.113890 0.115873 0.116022 0.114645 0.112948 0.111956 0.111414 0.110908 0.111929 0.114162 0.118071 0.123047 0.130597 0.133767 0.136414 0.141688 0.142344 0.144078 0.145707 0.144573 0.143180 0.137804 0.134052 0.136420 0.138929 0.141397 0.144384 0.150228 0.158090 0.167915 0.180546 0.195087 0.209025 0.221915 0.216733 0.209415 0.200285 0.200249
-9999.0 -9999.0 -9999.0 -9999.0 -9999.0 -9999.0 -9999.0 -9999.0 -9999.0 -9999.0 -9999.0 -9999.0 -9999.0 -9999.0 -9999.0 -9999.0 -9999.0 -9999.0 -9999.0 0.104835 0.104960 0.105094 0.106040 0.106217 0.106676 0.108263 0.110196 0.110585 0.110095 0.109528 0.109798 0.110345 0.111268 0.114288 0.118214 0.122562 0.127346 0.135194 0.141279 0.147604 0.155562 0.154299 0.151537 0.150017 0.149889 0.149977 0.153260 0.155166 0.157773 0.160953 0.164737 0.169423 0.175368 0.187136 0.201287 0.216628 0.232298 0.247929 0.263751 0.261047 0.250716 0.240075 0.240244
-9999.0 -9999.0 -9999.0 -9999.0 -9999.0 -9999.0 -9999.0 -9999.0 -9999.0 -9999.0 -9999.0 -9999.0 -9999.0 -9999.0 -9999.0 -9999.0 0.099259 0.099561 0.099883 0.100835 0.101211 0.101918 0.103240 0.103354 0.104096 0.105558 0.106605 0.108480 0.110280 0.112065 0.113524 0.114110 0.116203 0.118955 0.122606 0.127955 0.136402 0.146166 0.153922 0.162540 0.171961 0.171569 0.170340 0.170543 0.170703 0.175733 0.187680 0.191723 0.194389 0.208851 0.219844 0.223894 0.229244 0.243580 0.263602 0.287257 0.314125 0.331131 0.343614 0.347264 0.340699 0.338676 0.341724
-9999.0 -9999.0 -9999.0 -9999.0 -9999.0 -9999.0 -9999.0 -9999.0 -9999.0 -9999.0 -9999.0 -9999.0 -9999.0 0.092338 0.092899 0.094180 0.095309 0.095579 0.096116 0.096960 0.099018 0.099569 0.100658 0.102077 0.104312 0.106071 0.108116 0.110917 0.113023 0.114860 0.116764 0.118715 0.123032 0.128297 0.134283 0.142763 0.152792 0.163945 0.176383 0.185516 0.195030 0.197506 0.195377 0.195872 0.201678 0.215847 0.231346 0.243025 0.263091 0.284203 0.297248 0.308584 0.316050 0.325191 0.338825 0.356654 0.365912 0.368688 0.369362 0.369669 0.369687 0.369728 0.369767
-9999.0 -9999.0 -9999.0 -9999.0 -9999.0 -9999.0 -9999.0 -9999.0 -9999.0 -9999.0 0.087846 0.088139 0.087724 0.087831 0.088293 0.089641 0.091240 0.092139 0.093650 0.096786 0.099675 0.100223 0.103104 0.105095 0.106421 0.108845 0.112056 0.115521 0.120685 0.124724 0.129209 0.137437 0.144439 0.151993 0.160914 0.171804 0.185101 0.206751 0.228024 0.239820 0.260807 0.274001 0.271031 0.270921 0.277270 0.293540 0.314884 0.336013 0.350131 0.360696 0.365653 0.367561 0.368443 0.369072 0.369516 0.369853 0.369971 0.369995 0.369999 0.370000 0.370000 0.370000 0.370000
-9999.0 -9999.0 -9999.0 -9999.0 -9999.0 -9999.0 -9999.0 -9999.0 0.085393 0.086028 0.086665 0.086323 0.085808 0.085490 0.086734 0.088425 0.090289 0.092454 0.094720 0.097515 0.100263 0.103506 0.107639 0.110402 0.113394 0.117553 0.121638 0.127724 0.135764 0.142123 0.151278 0.162627 0.173917 0.185027 0.197208 0.210401 0.233941 0.263670 0.292273 0.314105 0.334748 0.349468 0.350767 0.352798 0.355457 0.363513 0.368003 0.369441 0.369828 0.369947 0.369987 0.369995 0.369998 0.369999 0.370000 0.370000 0.370000 0.370000 0.370000 0.370000 0.370000 0.370000 0.370000
-9999.0 -9999.0 -9999.0 -9999.0 -9999.0 -9999.0 0.083163 0.085296 0.086741 0.085919 0.085180 0.084861 0.084541 0.086186 0.088418 0.090374 0.092517 0.094975 0.097525 0.100204 0.107695 0.111429 0.115386 0.121432 0.125829 0.130610 0.137283 0.147727 0.159573 0.179520 0.200999 0.222397 0.244439 0.261561 0.277783 0.295307 0.321883 0.346732 0.361451 0.367224 0.369099 0.369724 0.369832 0.369874 0.369910 0.369958 0.369991 0.369999 0.370000 0.370000 0.370000 0.370000 0.370000 0.370000 0.370000 0.370000 0.370000 0.370000 0.370000 0.370000 0.370000 0.370000 0.370000
-9999.0 -9999.0 -9999.0 -9999.0 0.080672 0.082180 0.083869 0.086815 0.089339 0.088632 0.089506 0.089563 0.089400 0.089584 0.090167 0.092462 0.094932 0.097684 0.101077 0.109575 0.120959 0.126446 0.136921 0.151512 0.158431 0.166238 0.174937 0.189853 0.212256 0.241795 0.284221 0.318755 0.338455 0.351456 0.359580 0.365377 0.368656 0.369696 0.369930 0.369987 0.369998 0.370000 0.370000 0.370000 0.370000 0.370000 0.370000 0.370000 0.370000 0.370000 0.370000 0.370000 0.370000 0.370000 0.370000 0.370000 0.370000 0.370000 0.370000 0.370000 0.370000 0.370000 0.370000
-9999.0 -9999.0 -9999.0 0.077937 0.080180 0.082816 0.085232 0.088460 0.092414 0.093383 0.094529 0.095593 0.096748 0.098243 0.100107 0.103156 0.105866 0.108340 0.113421 0.124506 0.138348 0.155005 0.173329 0.194682 0.212612 0.225124 0.238506 0.260046 0.295626 0.329361 0.357272 0.367864 0.369519 0.369834 0.369926 0.369977 0.369994 0.370000 0.370000 0.370000 0.370000 0.370000 0.370000 0.370000 0.370000 0.370000 0.370000 0.370000 0.370000 0.370000 0.370000 0.370000 0.370000 0.370000 0.370000 0.370000 0.370000 0.370000 0.370000 0.370000 0.370000 0.370000 0.370000
-9999.0 -9999.0 0.075813 0.077452 0.079422 0.083153 0.088241 0.092376 0.098838 0.103850 0.105361 0.109869 0.114388 0.116815 0.122155 0.128087 0.132270 0.132787 0.136944 0.154312 0.187535 0.226296 0.259673 0.310580 0.335054 0.347034 0.352867 0.361312 0.367212 0.369493 0.369927 0.369994 0.370000 0.370000 0.370000 0.370000 0.370000 0.370000 0.370000 0.370000 0.370000 0.370000 0.370000 0.370000 0.370000 0.370000 0.370000 0.370000 0.370000 0.370000 0.370000 0.370000 0.370000 0.370000 0.370000 0.370000 0.370000 0.370000 0.370000 0.370000 0.370000 0.370000 0.370000
-9999.0 -9999.0 0.074894 0.076645 0.078900 0.084087 0.092340 0.098263 0.107013 0.118699 0.124832 0.133315 0.142209 0.152032 0.164796 0.179806 0.180869 0.181589 0.180480 0.220619 0.272749 0.331057 0.364334 0.369259 0.369831 0.369888 0.369915 0.369961 0.369990 0.370000 0.370000 0.370000 0.370000 0.370000 0.370000 0.370000 0.370000 0.370000 0.370000 0.370000 0.370000 0.370000 0.370000 0.370000 0.370000 0.370000 0.370000 0.370000 0.370000 0.370000 0.370000 0.370000 0.370000 0.370000 0.370000 0.370000 0.370000 0.370000 0.370000 0.370000 0.370000 0.370000 0.370000
-9999.0 0.072444 0.073800 0.075701 0.079225 0.084457 0.095044 0.111805 0.126294 0.142358 0.155805 0.167795 0.208712 0.252236 0.277105 0.303478 0.300684 0.296921 0.290588 0.324894 0.357521 0.369370 0.369997 0.370000 0.370000 0.370000 0.370000 0.370000 0.370000 0.370000 0.370000 0.370000 0.370000 0.370000 0.370000 0.370000 0.370000 0.370000 0.370000 0.370000 0.370000 0.370000 0.370000 0.370000 0.370000 0.370000 0.370000 0.370000 0.370000 0.370000 0.370000 0.370000 0.370000 0.370000 0.370000 0.370000 0.370000 0.370000 0.370000 0.370000 0.370000 0.370000 0.370000
-9999.0 0.071739 0.073123 0.075484 0.078970 0.085118 0.101458 0.138495 0.159523 0.178716 0.200323 0.245695 0.324230 0.359767 0.367016 0.369162 0.369139 0.368772 0.368833 0.369670 0.369968 0.370000 0.370000 0.370000 0.370000 0.370000 0.370000 0.370000 0.370000 0.370000 0.370000 0.370000 0.370000 0.370000 0.370000 0.370000 0.370000 0.370000 0.370000 0.370000 0.370000 0.370000 0.370000 0.370000 0.370000 0.370000 0.370000 0.370000 0.370000 0.370000 0.370000 0.370000 0.370000 0.370000 0.370000 0.370000 0.370000 0.370000 0.370000 0.370000 0.370000 0.370000 0.370000
-9999.0 0.071346 0.072775 0.074738 0.078140 0.088685 0.109768 0.157590 0.214615 0.245105 0.297682 0.358378 0.369330 0.369966 0.369998 0.370000 0.370000 0.370000 0.370000 0.370000 0.370000 0.370000 0.370000 0.370000 0.370000 0.370000 0.370000 0.370000 0.370000 0.370000 0.370000 0.370000 0.370000 0.370000 0.370000 0.370000 0.370000 0.370000 0.370000 0.370000 0.370000 0.370000 0.370000 0.370000 0.370000 0.370000 0.370000 0.370000 0.370000 0.370000 0.370000 0.370000 0.370000 0.370000 0.370000 0.370000 0.370000 0.370000 0.370000 0.370000 0.370000 0.370000 0.370000
-9999.0 0.070165 0.071364 0.072723 0.078030 0.092357 0.118096 0.194266 0.298879 0.340766 0.368166 0.369940 0.370000 0.370000 0.370000 0.370000 0.370000 0.370000 0.370000 0.370000 0.370000 0.370000 0.370000 0.370000 0.370000 0.370000 0.370000 0.370000 0.370000 0.370000 0.370000 0.370000 0.370000 0.370000 0.370000 0.370000 0.370000 0.370000 0.370000 0.370000 0.370000 0.370000 0.370000 0.370000 0.370000 0.370000 0.370000 0.370000 0.370000 0.370000 0.370000 0.370000 0.370000 0.370000 0.370000 0.370000 0.370000 0.370000 0.370000 0.370000 0.370000 0.370000 0.370000
-9999.0 0.069350 0.070157 0.071921 0.076927 0.089668 0.121713 0.217190 0.354881 0.369324 0.369984 0.369999 0.370000 0.370000 0.370000 0.370000 0.370000 0.370000 0.370000 0.370000 0.370000 0.370000 0.370000 0.370000 0.370000 0.370000 0.370000 0.370000 0.370000 0.370000 0.370000 0.370000 0.370000 0.370000 0.370000 0.370000 0.370000 0.370000 0.370000 0.370000 0.370000 0.370000 0.370000 0.370000 0.370000 0.370000 0.370000 0.370000 0.370000 0.370000 0.370000 0.370000 0.370000 0.370000 0.370000 0.370000 0.370000 0.370000 0.370000 0.370000 0.370000 0.369999 0.369999
-9999.0 0.068770 0.069628 0.070962 0.074223 0.081138 0.097125 0.149345 0.270685 0.368676 0.370000 0.370000 0.370000 0.370000 0.370000 0.370000 0.370000 0.370000 0.370000 0.370000 0.370000 0.370000 0.370000 0.370000 0.370000 0.370000 0.370000 0.370000 0.370000 0.370000 0.370000 0.370000 0.370000 0.370000 0.370000 0.370000 0.370000 0.370000 0.370000 0.370000 0.370000 0.370000 0.370000 0.370000 0.370000 0.370000 0.370000 0.370000 0.370000 0.370000 0.370000 0.370000 0.370000 0.370000 0.370000 0.370000 0.370000 0.369999 0.369996 0.369973 0.369834 0.369470 0.369130
-9999.0 -9999.0 0.069069 0.070126 0.072028 0.075962 0.084359 0.109328 0.174649 0.331308 0.368345 0.369894 0.369989 0.370000 0.370000 0.370000 0.370000 0.370000 0.370000 0.370000 0.370000 0.370000 0.370000 0.370000 0.370000 0.370000 0.370000 0.370000 0.370000 0.370000 0.370000 0.370000 0.370000 0.370000 0.370000 0.370000 0.370000 0.370000 0.370000 0.370000 0.370000 0.370000 0.370000 0.370000 0.370000 0.370000 0.370000 0.370000 0.370000 0.369999 0.369999 0.369998 0.369997 0.369993 0.369986 0.369974 0.369925 0.369801 0.369404 0.367203 0.358026 0.337425 0.313638
-9999.0 -9999.0 0.068572 0.069318 0.070697 0.073272 0.077450 0.086172 0.114590 0.166631 0.244356 0.320673 0.359494 0.368096 0.369484 0.369900 0.369961 0.369976 0.369981 0.369991 0.369998 0.370000 0.370000 0.370000 0.370000 0.370000 0.370000 0.370000 0.370000 0.370000 0.370000 0.369998 0.369995 0.369993 0.369995 0.369996 0.369995 0.369991 0.369980 0.369958 0.369928 0.369886 0.369869 0.369861 0.369858 0.369843 0.369820 0.369738 0.369573 0.369378 0.369146 0.368882 0.368665 0.368140 0.367169 0.365955 0.361874 0.353122 0.338314 0.313208 0.278707 0.249748 0.222959
-9999.0 -9999.0 -9999.0 0.068779 0.069544 0.070631 0.072416 0.074810 0.080234 0.091437 0.110025 0.142128 0.177847 0.217665 0.262727 0.307577 0.331580 0.341203 0.347405 0.363062 0.367127 0.369111 0.369681 0.369804 0.369880 0.369929 0.369938 0.369911 0.369874 0.369781 0.369499 0.368807 0.368020 0.367962 0.367940 0.368075 0.367635 0.367019 0.365314 0.362407 0.358326 0.354439 0.352424 0.350431 0.349040 0.347163 0.345009 0.340784 0.334884 0.328455 0.322802 0.319894 0.316879 0.312371 0.306147 0.299485 0.288918 0.266008 0.243362 0.220200 0.195716 0.174272 0.156591
-9999.0 -9999.0 -9999.0 -9999.0 -9999.0 0.069101 0.070018 0.071294 0.073022 0.075464 0.079756 0.088032 0.094584 0.103342 0.116391 0.130967 0.146127 0.165078 0.193550 0.226676 0.265003 0.295837 0.323639 0.341982 0.349619 0.355460 0.357365 0.353928 0.349458 0.341379 0.325586 0.307890 0.302483 0.302158 0.302222 0.300855 0.296368 0.291482 0.284663 0.272610 0.261652 0.256333 0.252567 0.248945 0.245299 0.242120 0.239043 0.235831 0.228460 0.222434 0.222449 0.220288 0.218140 0.215986 0.210904 0.205427 0.198971 0.181686 0.167884 0.158953 0.143183 0.131205 0.123868
-9999.0 -9999.0 -9999.0 -9999.0 -9999.0 -9999.0 0.068789 0.069458 0.070263 0.071413 0.073253 0.075658 0.077078 0.079735 0.083444 0.088600 0.095918 0.103310 0.112970 0.125804 0.142861 0.160619 0.182709 0.207800 0.219367 0.229096 0.238338 0.230851 0.223051 0.215166 0.198540 0.194590 0.190241 0.190179 0.189921 0.189710 0.186127 0.182295 0.178676 0.171742 0.168397 0.164943 0.162561 0.160330 0.158104 0.156261 0.154903 0.153595 0.150479 0.150903 0.151116 0.150206 0.149107 0.147968 0.145093 0.141297 0.137733 0.131000 0.125746 0.120916 0.113350 0.108390 0.103921
