tests/Borden05m/data_simulated/sim_1/output-maps/thetaliqL0005N0008.asc
ncols         160
nrows         34
xllcorner     620200.000000
yllcorner     5168000.000000
cellsize      0.500000
NODATA_value  -9999.0
[rows 0 to 27 of 34, columns 0 to 62 of 160]
-9999.0 -9999.0 -9999.0 -9999.0 -9999.0 -9999.0 -9999.0 -9999.0 -9999.0 -9999.0 -9999.0 -9999.0 -9999.0 -9999.0 -9999.0 -9999.0 -9999.0 -9999.0 -9999.0 -9999.0 -9999.0 -9999.0 -9999.0 -9999.0 -9999.0 -9999.0 -9999.0 -9999.0 -9999.0 -9999.0 -9999.0 -9999.0 -9999.0 -9999.0 -9999.0 -9999.0 -9999.0 -9999.0 -9999.0 -9999.0 -9999.0 -9999.0 -9999.0 -9999.0 -9999.0 -9999.0 -9999.0 -9999.0 -9999.0 -9999.0 -9999.0 -9999.0 -9999.0 -9999.0 -9999.0 -9999.0 -9999.0 -9999.0 -9999.0 -9999.0 -9999.0 -9999.0 -9999.0
-9999.0 -9999.0 -9999.0 -9999.0 -9999.0 -9999.0 -9999.0 -9999.0 -9999.0 -9999.0 -9999.0 -9999.0 -9999.0 -9999.0 -9999.0 -9999.0 -9999.0 -9999.0 -9999.0 -9999.0 -9999.0 -9999.0 -9999.0 -9999.0 -9999.0 -9999.0 -9999.0 -9999.0 -9999.0 -9999.0 -9999.0 -9999.0 -9999.0 -9999.0 -9999.0 -9999.0 -9999.0 -9999.0 -9999.0 -9999.0 -9999.0 -9999.0 -9999.0 -9999.0 -9999.0 -9999.0 -9999.0 -9999.0 -9999.0 -9999.0 -9999.0 -9999.0 -9999.0 -9999.0 -9999.0 -9999.0 -9999.0 -9999.0 -9999.0 0.133523 0.131225 0.129056 0.127107
-9999.0 -9999.0 -9999.0 -9999.0 -9999.0 -9999.0 -9999.0 -9999.0 -9999.0 -9999.0 -9999.0 -9999.0 -9999.0 -9999.0 -9999.0 -9999.0 -9999.0 -9999.0 -9999.0 -9999.0 -9999.0 -9999.0 -9999.0 -9999.0 -9999.0 -9999.0 -9999.0 -9999.0 -9999.0 -9999.0 -9999.0 -9999.0 -9999.0 -9999.0 -9999.0 -9999.0 -9999.0 -9999.0 -9999.0 -9999.0 -9999.0 -9999.0 -9999.0 -9999.0 -9999.0 -9999.0 -9999.0 0.098912 0.095760 0.092952 0.092700 0.096326 0.100381 0.105096 0.109724 0.114497 0.120035 0.126582 0.127665 0.123559 0.121935 0.120802 0.120032
-9999.0 -9999.0 -9999.0 -9999.0 -9999.0 -9999.0 -9999.0 -9999.0 -9999.0 -9999.0 -9999.0 -9999.0 -9999.0 -9999.0 -9999.0 -9999.0 -9999.0 -9999.0 -9999.0 -9999.0 -9999.0 -9999.0 -9999.0 -9999.0 -9999.0 -9999.0 -9999.0 -9999.0 -9999.0 -9999.0 -9999.0 -9999.0 -9999.0 -9999.0 -9999.0 -9999.0 -9999.0 -9999.0 -9999.0 -9999.0 0.108437 0.109928 0.110466 0.107594 0.104971 0.102597 0.098740 0.095606 0.093073 0.092659 0.092975 0.093712 0.097439 0.101810 0.105733 0.109733 0.114697 0.120691 0.121495 0.117780 0.115100 0.113885 0.113822
-9999.0 -9999.0 -9999.0 -9999.0 -9999.0 -9999.0 -9999.0 -9999.0 -9999.0 -9999.0 -9999.0 -9999.0 -9999.0 -9999.0 -9999.0 -9999.0 -9999.0 -9999.0 -9999.0 -9999.0 -9999.0 -9999.0 -9999.0 -9999.0 -9999.0 -9999.0 -9999.0 -9999.0 -9999.0 -9999.0 -9999.0 -9999.0 -9999.0 -9999.0 0.091838 0.094442 0.097289 0.100478 0.103742 0.104975 0.106169 0.107546 0.106506 0.105359 0.102850 0.099201 0.095708 0.093425 0.093042 0.092596 0.093167 0.095131 0.097759 0.100631 0.104805 0.110096 0.112125 0.115334 0.116053 0.114428 0.114609 0.114962 0.115331
-9999.0 -9999.0 -9999.0 -9999.0 -9999.0 -9999.0 -9999.0 -9999.0 -9999.0 -9999.0 -9999.0 -9999.0 -9999.0 -9999.0 -9999.0 -9999.0 -9999.0 -9999.0 -9999.0 -9999.0 -9999.0 -9999.0 -9999.0 -9999.0 -9999.0 -9999.0 -9999.0 -9999.0 0.092862 0.091961 0.091187 0.090956 0.090721 0.090422 0.091240 0.092881 0.095622 0.099237 0.101503 0.102777 0.104015 0.104075 0.102942 0.102388 0.102437 0.100065 0.097920 0.096025 0.094241 0.094014 0.095457 0.097644 0.100397 0.103117 0.106183 0.109335 0.112829 0.118965 0.121565 0.119332 0.117292 0.116002 0.116047
-9999.0 -9999.0 -9999.0 -9999.0 -9999.0 -9999.0 -9999.0 -9999.0 -9999.0 -9999.0 -9999.0 -9999.0 -9999.0 -9999.0 -9999.0 -9999.0 -9999.0 -9999.0 -9999.0 -9999.0 -9999.0 -9999.0 -9999.0 0.089209 0.089992 0.090766 0.091707 0.091734 0.090969 0.090132 0.089655 0.089386 0.089104 0.089549 0.090541 0.092308 0.094533 0.097997 0.099327 0.100472 0.102933 0.103180 0.104004 0.104828 0.104288 0.103693 0.101134 0.099371 0.100553 0.101723 0.102794 0.104068 0.106692 0.110275 0.114818 0.120832 0.128015 0.135130 0.142288 0.139122 0.135052 0.130088 0.130044
-9999.0 -9999.0 -9999.0 -9999.0 -9999.0 -9999.0 -9999.0 -9999.0 -9999.0 -9999.0 -9999.0 -9999.0 -9999.0 -9999.0 -9999.0 -9999.0 -9999.0 -9999.0 -9999.0 0.086660 0.086692 0.086705 0.087141 0.087091 0.087249 0.087987 0.088907 0.089038 0.088759 0.088454 0.088580 0.088829 0.089224 0.090640 0.092442 0.094380 0.096475 0.100050 0.102779 0.105675 0.109463 0.108718 0.107330 0.106572 0.106498 0.106507 0.108118 0.109022 0.110173 0.111606 0.113315 0.115435 0.118121 0.123747 0.130686 0.138460 0.146772 0.155602 0.165568 0.163186 0.156199 0.149539 0.149457
-9999.0 -9999.0 -9999.0 -9999.0 -9999.0 -9999.0 -9999.0 -9999.0 -9999.0 -9999.0 -9999.0 -9999.0 -9999.0 -9999.0 -9999.0 -9999.0 0.084159 0.084281 0.084367 0.084709 0.084809 0.085124 0.085763 0.085727 0.086034 0.086704 0.087140 0.088008 0.088846 0.089689 0.090359 0.090559 0.091498 0.092706 0.094311 0.096700 0.100554 0.104999 0.108491 0.112476 0.116986 0.116642 0.115993 0.116063 0.116046 0.118438 0.124355 0.126154 0.127237 0.134676 0.140367 0.142164 0.144686 0.152572 0.164663 0.180813 0.203564 0.220969 0.238010 0.243752 0.230579 0.226982 0.231276
-9999.0 -9999.0 -9999.0 -9999.0 -9999.0 -9999.0 -9999.0 -9999.0 -9999.0 -9999.0 -9999.0 -9999.0 -9999.0 0.081022 0.081265 0.081860 0.082221 0.082246 0.082436 0.082752 0.083764 0.083952 0.084426 0.085078 0.086145 0.086931 0.087851 0.089141 0.090059 0.090850 0.091674 0.092513 0.094481 0.096864 0.099551 0.103398 0.107931 0.113032 0.118885 0.123134 0.127747 0.128862 0.127579 0.127672 0.130489 0.137754 0.145876 0.152000 0.164006 0.177988 0.187034 0.196082 0.202043 0.210239 0.225803 0.260174 0.300693 0.333558 0.350923 0.362291 0.363209 0.364656 0.365864
-9999.0 -9999.0 -9999.0 -9999.0 -9999.0 -9999.0 -9999.0 -9999.0 -9999.0 -9999.0 0.078722 0.078930 0.078635 0.078533 0.078689 0.079344 0.080112 0.080481 0.081175 0.082738 0.084125 0.084231 0.085620 0.086510 0.087045 0.088141 0.089603 0.091146 0.093523 0.095309 0.097304 0.101118 0.104260 0.107661 0.111724 0.116727 0.122982 0.133882 0.145227 0.151437 0.164427 0.173176 0.169964 0.169083 0.172687 0.183899 0.201322 0.224190 0.246271 0.276088 0.302042 0.318946 0.330750 0.343338 0.357153 0.369566 0.369996 0.370000 0.370000 0.370000 0.370000 0.370000 0.370000
-9999.0 -9999.0 -9999.0 -9999.0 -9999.0 -9999.0 -9999.0 -9999.0 0.077344 0.077724 0.078081 0.077850 0.077522 0.077252 0.077880 0.078718 0.079617 0.080665 0.081728 0.083018 0.084232 0.085738 0.087669 0.088875 0.090216 0.092114 0.093918 0.096666 0.100299 0.103095 0.107251 0.112424 0.117635 0.122801 0.128571 0.134912 0.147340 0.164813 0.184459 0.202209 0.224222 0.247629 0.248084 0.251316 0.256350 0.284959 0.320857 0.354121 0.369413 0.369992 0.370000 0.370000 0.370000 0.370000 0.370000 0.370000 0.370000 0.370000 0.370000 0.370000 0.370000 0.370000 0.370000
-9999.0 -9999.0 -9999.0 -9999.0 -9999.0 -9999.0 0.076181 0.077360 0.078136 0.077544 0.077088 0.076907 0.076708 0.077594 0.078786 0.079724 0.080735 0.081889 0.083029 0.084160 0.087782 0.089353 0.091070 0.093842 0.095770 0.097875 0.100860 0.105597 0.110953 0.120413 0.130928 0.141839 0.153891 0.163674 0.173596 0.185324 0.208132 0.239997 0.277619 0.312831 0.343337 0.364209 0.368246 0.369593 0.369976 0.369998 0.370000 0.370000 0.370000 0.370000 0.370000 0.370000 0.370000 0.370000 0.370000 0.370000 0.370000 0.370000 0.370000 0.370000 0.370000 0.370000 0.370000
-9999.0 -9999.0 -9999.0 -9999.0 0.075070 0.075836 0.076610 0.078167 0.079479 0.078872 0.079370 0.079357 0.079215 0.079222 0.079418 0.080535 0.081701 0.082976 0.084517 0.088568 0.093827 0.096101 0.100880 0.107626 0.110631 0.114136 0.118036 0.125015 0.136073 0.151687 0.179026 0.207723 0.229212 0.250324 0.270757 0.296459 0.331233 0.364198 0.369969 0.370000 0.370000 0.370000 0.370000 0.370000 0.370000 0.370000 0.370000 0.370000 0.370000 0.370000 0.370000 0.370000 0.370000 0.370000 0.370000 0.370000 0.370000 0.370000 0.370000 0.370000 0.370000 0.370000 0.370000
-9999.0 -9999.0 -9999.0 0.073633 0.074911 0.076248 0.077300 0.078846 0.080817 0.081135 0.081638 0.082122 0.082659 0.083354 0.084214 0.085634 0.086850 0.087907 0.090196 0.095237 0.101430 0.109026 0.117333 0.127319 0.135930 0.141915 0.148586 0.160392 0.184156 0.214308 0.263683 0.322169 0.357944 0.369010 0.369972 0.369999 0.370000 0.370000 0.370000 0.370000 0.370000 0.370000 0.370000 0.370000 0.370000 0.370000 0.370000 0.370000 0.370000 0.370000 0.370000 0.370000 0.370000 0.370000 0.370000 0.370000 0.370000 0.370000 0.370000 0.370000 0.370000 0.370000 0.370000
-9999.0 -9999.0 0.072604 0.073527 0.074424 0.076359 0.078917 0.080711 0.083846 0.086184 0.086686 0.088829 0.090921 0.091922 0.094395 0.097122 0.098955 0.099004 0.100689 0.108629 0.124302 0.143582 0.161029 0.198967 0.225787 0.243175 0.252964 0.276954 0.311610 0.358741 0.369946 0.370000 0.370000 0.370000 0.370000 0.370000 0.370000 0.370000 0.370000 0.370000 0.370000 0.370000 0.370000 0.370000 0.370000 0.370000 0.370000 0.370000 0.370000 0.370000 0.370000 0.370000 0.370000 0.370000 0.370000 0.370000 0.370000 0.370000 0.370000 0.370000 0.370000 0.370000 0.370000
-9999.0 -9999.0 0.072033 0.073074 0.074090 0.076866 0.081015 0.083434 0.087463 0.092949 0.095600 0.099392 0.103436 0.107988 0.113829 0.120976 0.121015 0.121136 0.120212 0.139800 0.168928 0.217713 0.299365 0.355547 0.369236 0.369846 0.369966 0.369994 0.369999 0.370000 0.370000 0.370000 0.370000 0.370000 0.370000 0.370000 0.370000 0.370000 0.370000 0.370000 0.370000 0.370000 0.370000 0.370000 0.370000 0.370000 0.370000 0.370000 0.370000 0.370000 0.370000 0.370000 0.370000 0.370000 0.370000 0.370000 0.370000 0.370000 0.370000 0.370000 0.370000 0.370000 0.370000
-9999.0 0.070731 0.071513 0.072490 0.074415 0.076904 0.082072 0.090033 0.096398 0.103626 0.109649 0.114979 0.135480 0.159560 0.174278 0.195168 0.190669 0.186125 0.178835 0.208293 0.264154 0.362682 0.369998 0.370000 0.370000 0.370000 0.370000 0.370000 0.370000 0.370000 0.370000 0.370000 0.370000 0.370000 0.370000 0.370000 0.370000 0.370000 0.370000 0.370000 0.370000 0.370000 0.370000 0.370000 0.370000 0.370000 0.370000 0.370000 0.370000 0.370000 0.370000 0.370000 0.370000 0.370000 0.370000 0.370000 0.370000 0.370000 0.370000 0.370000 0.370000 0.370000 0.370000
-9999.0 0.070177 0.071154 0.072570 0.074226 0.077153 0.085264 0.103011 0.111832 0.120512 0.130631 0.154056 0.215867 0.285201 0.326583 0.358777 0.356255 0.345339 0.345213 0.367408 0.369968 0.370000 0.370000 0.370000 0.370000 0.370000 0.370000 0.370000 0.370000 0.370000 0.370000 0.370000 0.370000 0.370000 0.370000 0.370000 0.370000 0.370000 0.370000 0.370000 0.370000 0.370000 0.370000 0.370000 0.370000 0.370000 0.370000 0.370000 0.370000 0.370000 0.370000 0.370000 0.370000 0.370000 0.370000 0.370000 0.370000 0.370000 0.370000 0.370000 0.370000 0.370000 0.370000
-9999.0 0.070159 0.071371 0.072220 0.073668 0.079233 0.089151 0.111519 0.140378 0.155784 0.188840 0.279514 0.368927 0.369999 0.370000 0.370000 0.370000 0.370000 0.370000 0.370000 0.370000 0.370000 0.370000 0.370000 0.370000 0.370000 0.370000 0.370000 0.370000 0.370000 0.370000 0.370000 0.370000 0.370000 0.370000 0.370000 0.370000 0.370000 0.370000 0.370000 0.370000 0.370000 0.370000 0.370000 0.370000 0.370000 0.370000 0.370000 0.370000 0.370000 0.370000 0.370000 0.370000 0.370000 0.370000 0.370000 0.370000 0.370000 0.370000 0.370000 0.370000 0.370000 0.370000
-9999.0 0.069230 0.070265 0.070684 0.073920 0.081580 0.093166 0.130861 0.200654 0.238889 0.347457 0.369993 0.370000 0.370000 0.370000 0.370000 0.370000 0.370000 0.370000 0.370000 0.370000 0.370000 0.370000 0.370000 0.370000 0.370000 0.370000 0.370000 0.370000 0.370000 0.370000 0.370000 0.370000 0.370000 0.370000 0.370000 0.370000 0.370000 0.370000 0.370000 0.370000 0.370000 0.370000 0.370000 0.370000 0.370000 0.370000 0.370000 0.370000 0.370000 0.370000 0.370000 0.370000 0.370000 0.370000 0.370000 0.370000 0.370000 0.370000 0.370000 0.370000 0.370000 0.370000
-9999.0 0.068654 0.069250 0.070396 0.073586 0.080443 0.096268 0.146289 0.282688 0.363590 0.369998 0.370000 0.370000 0.370000 0.370000 0.370000 0.370000 0.370000 0.370000 0.370000 0.370000 0.370000 0.370000 0.370000 0.370000 0.370000 0.370000 0.370000 0.370000 0.370000 0.370000 0.370000 0.370000 0.370000 0.370000 0.370000 0.370000 0.370000 0.370000 0.370000 0.370000 0.370000 0.370000 0.370000 0.370000 0.370000 0.370000 0.370000 0.370000 0.370000 0.370000 0.370000 0.370000 0.370000 0.370000 0.370000 0.370000 0.370000 0.370000 0.370000 0.370000 0.370000 0.370000
-9999.0 0.068216 0.069027 0.069867 0.071911 0.075545 0.083446 0.108670 0.175798 0.357966 0.370000 0.370000 0.370000 0.370000 0.370000 0.370000 0.370000 0.370000 0.370000 0.370000 0.370000 0.370000 0.370000 0.370000 0.370000 0.370000 0.370000 0.370000 0.370000 0.370000 0.370000 0.370000 0.370000 0.370000 0.370000 0.370000 0.370000 0.370000 0.370000 0.370000 0.370000 0.370000 0.370000 0.370000 0.370000 0.370000 0.370000 0.370000 0.370000 0.370000 0.370000 0.370000 0.370000 0.370000 0.370000 0.370000 0.370000 0.370000 0.370000 0.369999 0.369664 0.357243 0.348545
-9999.0 -9999.0 0.068479 0.069412 0.070519 0.072693 0.077061 0.089598 0.120852 0.231990 0.358029 0.369990 0.370000 0.370000 0.370000 0.370000 0.370000 0.370000 0.370000 0.370000 0.370000 0.370000 0.370000 0.370000 0.370000 0.370000 0.370000 0.370000 0.370000 0.370000 0.370000 0.370000 0.370000 0.370000 0.370000 0.370000 0.370000 0.370000 0.370000 0.370000 0.370000 0.370000 0.370000 0.370000 0.370000 0.370000 0.370000 0.370000 0.370000 0.370000 0.370000 0.370000 0.370000 0.370000 0.370000 0.370000 0.369987 0.368619 0.353032 0.312080 0.264247 0.224221 0.198544
-9999.0 -9999.0 0.068088 0.068736 0.069821 0.071571 0.073660 0.078213 0.092989 0.118054 0.157780 0.219708 0.287259 0.348151 0.369819 0.369997 0.370000 0.370000 0.370000 0.370000 0.370000 0.370000 0.370000 0.370000 0.370000 0.370000 0.370000 0.370000 0.370000 0.370000 0.370000 0.370000 0.370000 0.370000 0.370000 0.370000 0.370000 0.370000 0.370000 0.370000 0.369999 0.369995 0.369982 0.369942 0.369890 0.369756 0.369368 0.367368 0.361519 0.354581 0.347803 0.341125 0.336639 0.327071 0.314460 0.304004 0.280784 0.254057 0.229147 0.201721 0.174353 0.156371 0.141643
-9999.0 -9999.0 -9999.0 0.068220 0.068774 0.069612 0.070734 0.071901 0.074956 0.080942 0.090149 0.105217 0.121471 0.140391 0.167089 0.204781 0.231855 0.244420 0.251540 0.296364 0.321964 0.353769 0.367986 0.369843 0.369990 0.369999 0.369999 0.369997 0.369981 0.369389 0.360934 0.340623 0.325810 0.325425 0.325820 0.329180 0.323121 0.316147 0.301371 0.284718 0.268574 0.256553 0.251720 0.247464 0.244986 0.241497 0.237912 0.230925 0.222643 0.214907 0.208747 0.206298 0.203843 0.200058 0.195069 0.190283 0.182850 0.166955 0.153400 0.140709 0.128310 0.118051 0.109823
-9999.0 -9999.0 -9999.0 -9999.0 -9999.0 0.068418 0.069128 0.069971 0.070944 0.072260 0.074605 0.079083 0.082273 0.086506 0.092681 0.099234 0.105703 0.113996 0.127008 0.143117 0.164604 0.185598 0.211453 0.235538 0.249558 0.264199 0.269736 0.259338 0.248828 0.233654 0.212155 0.194055 0.190275 0.190574 0.190886 0.189828 0.186206 0.182672 0.177928 0.169603 0.162558 0.159611 0.157561 0.155531 0.153483 0.151764 0.150160 0.148570 0.144566 0.141305 0.141538 0.140512 0.139512 0.138558 0.136034 0.133418 0.130418 0.121784 0.115196 0.111205 0.103890 0.098395 0.095169
-9999.0 -9999.0 -9999.0 -9999.0 -9999.0 -9999.0 0.068220 0.068666 0.069278 0.070011 0.071189 0.072653 0.073197 0.074659 0.076627 0.079241 0.082856 0.086243 0.090729 0.096633 0.104387 0.112315 0.122537 0.134723 0.140165 0.145137 0.150372 0.145915 0.141829 0.137951 0.129254 0.127505 0.125465 0.125542 0.125478 0.125464 0.123761 0.121955 0.120277 0.116850 0.115314 0.113724 0.112651 0.111645 0.110648 0.109837 0.109248 0.108683 0.107164 0.107386 0.107515 0.107078 0.106585 0.106114 0.104836 0.103122 0.101563 0.098429 0.096067 0.093916 0.090350 0.088120 0.086107
