tests/Borden05m/data_simulated/sim_1/output-maps/thetaliqL0007N0013.asc
ncols         160
nrows         34
xllcorner     620200.000000
yllcorner     5168000.000000
cellsize      0.500000
NODATA_value  -9999.0
[rows 0 to 27 of 34, columns 63 to 125 of 160]
-9999.0 -9999.0 -9999.0 -9999.0 -9999.0 -9999.0 -9999.0 -9999.0 -9999.0 -9999.0 -9999.0 -9999.0 -9999.0 -9999.0 -9999.0 -9999.0 -9999.0 -9999.0 -9999.0 -9999.0 -9999.0 -9999.0 -9999.0 -9999.0 -9999.0 -9999.0 -9999.0 -9999.0 -9999.0 -9999.0 -9999.0 -9999.0 -9999.0 -9999.0 -9999.0 -9999.0 -9999.0 -9999.0 -9999.0 -9999.0 -9999.0 -9999.0 -9999.0 -9999.0 -9999.0 -9999.0 -9999.0 -9999.0 -9999.0 -9999.0 -9999.0 -9999.0 -9999.0 -9999.0 -9999.0 -9999.0 -9999.0 -9999.0 -9999.0 -9999.0 -9999.0 -9999.0 -9999.0
0.318101 0.312162 0.306239 0.303396 0.302672 0.301975 0.301632 0.305287 0.310566 0.315426 0.319850 0.321228 0.322627 0.323965 0.324257 0.323480 0.321556 0.319567 0.317456 0.316533 0.311107 0.303272 0.296791 0.294737 0.298049 0.301315 0.303128 0.307435 0.314678 0.321461 0.326445 0.332665 0.335357 0.337806 0.339324 0.337586 0.336008 0.334337 0.332135 0.326369 -9999.0 -9999.0 -9999.0 -9999.0 -9999.0 -9999.0 -9999.0 -9999.0 -9999.0 -9999.0 -9999.0 -9999.0 -9999.0 -9999.0 -9999.0 -9999.0 -9999.0 -9999.0 -9999.0 -9999.0 -9999.0 -9999.0 -9999.0
0.307783 0.301555 0.297530 0.293388 0.292076 0.291950 0.291900 0.294965 0.301962 0.307433 0.310601 0.312136 0.313678 0.313805 0.313479 0.313184 0.311260 0.308959 0.306624 0.305370 0.305276 0.299895 0.296054 0.293671 0.292884 0.294691 0.296384 0.298508 0.305406 0.311104 0.316538 0.324955 0.331589 0.334239 0.333150 0.330663 0.328817 0.325483 0.319972 0.313546 0.306539 0.301551 0.297807 0.294201 0.298753 0.303318 0.310458 0.317148 0.324371 0.330986 -9999.0 -9999.0 -9999.0 -9999.0 -9999.0 -9999.0 -9999.0 -9999.0 -9999.0 -9999.0 -9999.0 -9999.0 -9999.0
0.299087 0.296195 0.292577 0.289562 0.295112 0.295919 0.296698 0.298937 0.301388 0.302780 0.304685 0.308268 0.314105 0.315728 0.316011 0.316050 0.314868 0.312845 0.311658 0.309796 0.306264 0.305674 0.306013 0.306130 0.309745 0.310741 0.311529 0.306752 0.308982 0.313186 0.317629 0.322028 0.326184 0.328918 0.327338 0.326651 0.322031 0.313675 0.306094 0.300033 0.298135 0.295958 0.290432 0.281379 0.286749 0.298386 0.301846 0.304627 0.312764 0.320472 0.326348 0.327384 0.327215 0.327029 0.325623 0.317513 0.308073 0.297834 0.283976 -9999.0 -9999.0 -9999.0 -9999.0
0.300835 0.298551 0.297604 0.306767 0.313086 0.314113 0.315895 0.317881 0.316882 0.308679 0.306767 0.312521 0.319172 0.322734 0.322797 0.322762 0.321958 0.321318 0.320948 0.319423 0.320173 0.321813 0.322449 0.325547 0.328710 0.330140 0.325223 0.319698 0.319881 0.324371 0.328782 0.332715 0.338132 0.343268 0.342743 0.340298 0.336258 0.329327 0.315643 0.302261 0.294822 0.290163 0.285076 0.284375 0.282998 0.291015 0.292513 0.293886 0.300339 0.307608 0.314294 0.317939 0.317695 0.317427 0.315964 0.309903 0.299801 0.289013 0.276331 0.256108 0.233074 0.211492 0.210889
0.305674 0.308186 0.317076 0.325531 0.333827 0.335189 0.336435 0.336291 0.331229 0.325446 0.322755 0.331237 0.338921 0.342572 0.343077 0.343544 0.346879 0.346050 0.344877 0.342551 0.343634 0.345034 0.349447 0.351925 0.353889 0.353334 0.349650 0.345698 0.344807 0.345386 0.346005 0.348135 0.351696 0.354748 0.353419 0.351012 0.347196 0.334507 0.318482 0.307114 0.307671 0.308044 0.305003 0.302859 0.300181 0.294550 0.294332 0.294050 0.293794 0.302550 0.310892 0.313190 0.309288 0.306921 0.305393 0.299211 0.291253 0.279652 0.266257 0.251083 0.228197 0.222360 0.216331
0.334412 0.338530 0.344476 0.351451 0.358187 0.359271 0.360238 0.361101 0.358998 0.356088 0.352699 0.356820 0.359107 0.361047 0.361867 0.363816 0.365177 0.364597 0.363395 0.361958 0.363042 0.365035 0.366613 0.367161 0.367421 0.367475 0.366739 0.366211 0.365833 0.365746 0.365250 0.365511 0.366626 0.367769 0.367760 0.366852 0.364311 0.357733 0.346680 0.336432 0.337863 0.334680 0.331549 0.328987 0.320654 0.313158 0.312776 0.306321 0.301875 0.309690 0.313656 0.314879 0.310906 0.314416 0.309237 0.296657 0.283493 0.271031 0.259269 0.247138 0.241004 0.233409 0.227334
0.355931 0.358331 0.362230 0.365791 0.368016 0.368769 0.369112 0.369367 0.369197 0.368883 0.368474 0.368693 0.369163 0.369494 0.369706 0.369845 0.369920 0.369894 0.369833 0.369814 0.369853 0.369941 0.369978 0.369986 0.369989 0.369993 0.369988 0.369979 0.369959 0.369930 0.369890 0.369858 0.369933 0.369972 0.369966 0.369859 0.369537 0.368357 0.365196 0.359192 0.357311 0.356710 0.355906 0.351030 0.345027 0.336122 0.329870 0.324489 0.314889 0.317496 0.321033 0.327201 0.332385 0.331849 0.322633 0.311594 0.297977 0.283569 0.272065 0.268212 0.264037 0.256238 0.251060
0.369629 0.369728 0.369869 0.369979 0.369999 0.370000 0.370000 0.370000 0.370000 0.370000 0.370000 0.370000 0.370000 0.370000 0.370000 0.370000 0.370000 0.370000 0.370000 0.370000 0.370000 0.370000 0.370000 0.370000 0.370000 0.370000 0.370000 0.370000 0.370000 0.370000 0.370000 0.370000 0.370000 0.370000 0.370000 0.370000 0.370000 0.370000 0.369983 0.369856 0.369556 0.369493 0.369066 0.368205 0.366382 0.361106 0.356294 0.350813 0.338411 0.335637 0.340607 0.346312 0.348723 0.342339 0.334447 0.323859 0.310436 0.295702 0.290433 0.289180 0.286628 0.281976 0.279731
0.370000 0.370000 0.370000 0.370000 0.370000 0.370000 0.370000 0.370000 0.370000 0.370000 0.370000 0.370000 0.370000 0.370000 0.370000 0.370000 0.370000 0.370000 0.370000 0.370000 0.370000 0.370000 0.370000 0.370000 0.370000 0.370000 0.370000 0.370000 0.370000 0.370000 0.370000 0.370000 0.370000 0.370000 0.370000 0.370000 0.370000 0.370000 0.370000 0.370000 0.370000 0.370000 0.370000 0.369996 0.369916 0.369405 0.367948 0.365149 0.360006 0.358130 0.362768 0.365782 0.364524 0.362552 0.358840 0.351839 0.342164 0.329220 0.324439 0.322095 0.318226 0.313755 0.309336
0.370000 0.370000 0.370000 0.370000 0.370000 0.370000 0.370000 0.370000 0.370000 0.370000 0.370000 0.370000 0.370000 0.370000 0.370000 0.370000 0.370000 0.370000 0.370000 0.370000 0.370000 0.370000 0.370000 0.370000 0.370000 0.370000 0.370000 0.370000 0.370000 0.370000 0.370000 0.370000 0.370000 0.370000 0.370000 0.370000 0.370000 0.370000 0.370000 0.370000 0.370000 0.370000 0.370000 0.370000 0.370000 0.370000 0.370000 0.369999 0.369972 0.369835 0.369955 0.369917 0.369821 0.369548 0.368703 0.366921 0.363637 0.358185 0.354850 0.352652 0.349652 0.346867 0.342961
0.370000 0.370000 0.370000 0.370000 0.370000 0.370000 0.370000 0.370000 0.370000 0.370000 0.370000 0.370000 0.370000 0.370000 0.370000 0.370000 0.370000 0.370000 0.370000 0.370000 0.370000 0.370000 0.370000 0.370000 0.370000 0.370000 0.370000 0.370000 0.370000 0.370000 0.370000 0.370000 0.370000 0.370000 0.370000 0.370000 0.370000 0.370000 0.370000 0.370000 0.370000 0.370000 0.370000 0.370000 0.370000 0.370000 0.370000 0.370000 0.370000 0.370000 0.370000 0.370000 0.370000 0.370000 0.369995 0.369955 0.369684 0.368734 0.367269 0.366233 0.365036 0.363398 0.360979
0.370000 0.370000 0.370000 0.370000 0.370000 0.370000 0.370000 0.370000 0.370000 0.370000 0.370000 0.370000 0.370000 0.370000 0.370000 0.370000 0.370000 0.370000 0.370000 0.370000 0.370000 0.370000 0.370000 0.370000 0.370000 0.370000 0.370000 0.370000 0.370000 0.370000 0.370000 0.370000 0.370000 0.370000 0.370000 0.370000 0.370000 0.370000 0.370000 0.370000 0.370000 0.370000 0.370000 0.370000 0.370000 0.370000 0.370000 0.370000 0.370000 0.370000 0.370000 0.370000 0.370000 0.370000 0.370000 0.370000 0.370000 0.370000 0.369993 0.369972 0.369875 0.369600 0.369089
0.370000 0.370000 0.370000 0.370000 0.370000 0.370000 0.370000 0.370000 0.370000 0.370000 0.370000 0.370000 0.370000 0.370000 0.370000 0.370000 0.370000 0.370000 0.370000 0.370000 0.370000 0.370000 0.370000 0.370000 0.370000 0.370000 0.370000 0.370000 0.370000 0.370000 0.370000 0.370000 0.370000 0.370000 0.370000 0.370000 0.370000 0.370000 0.370000 0.370000 0.370000 0.370000 0.370000 0.370000 0.370000 0.370000 0.370000 0.370000 0.370000 0.370000 0.370000 0.370000 0.370000 0.370000 0.370000 0.370000 0.370000 0.370000 0.370000 0.370000 0.370000 0.370000 0.369999
0.370000 0.370000 0.370000 0.370000 0.370000 0.370000 0.370000 0.370000 0.370000 0.370000 0.370000 0.370000 0.370000 0.370000 0.370000 0.370000 0.370000 0.370000 0.370000 0.370000 0.370000 0.370000 0.370000 0.370000 0.370000 0.370000 0.370000 0.370000 0.370000 0.370000 0.370000 0.370000 0.370000 0.370000 0.370000 0.370000 0.370000 0.370000 0.370000 0.370000 0.370000 0.370000 0.370000 0.370000 0.370000 0.370000 0.370000 0.370000 0.370000 0.370000 0.370000 0.370000 0.370000 0.370000 0.370000 0.370000 0.370000 0.370000 0.370000 0.370000 0.370000 0.370000 0.370000
0.370000 0.370000 0.370000 0.370000 0.370000 0.370000 0.370000 0.370000 0.370000 0.370000 0.370000 0.370000 0.370000 0.370000 0.370000 0.370000 0.370000 0.370000 0.370000 0.370000 0.370000 0.370000 0.370000 0.370000 0.370000 0.370000 0.370000 0.370000 0.370000 0.370000 0.370000 0.370000 0.370000 0.370000 0.370000 0.370000 0.370000 0.370000 0.370000 0.370000 0.370000 0.370000 0.370000 0.370000 0.370000 0.370000 0.370000 0.370000 0.370000 0.370000 0.370000 0.370000 0.370000 0.370000 0.370000 0.370000 0.370000 0.370000 0.370000 0.370000 0.370000 0.370000 0.370000
0.370000 0.370000 0.370000 0.370000 0.370000 0.370000 0.370000 0.370000 0.370000 0.370000 0.370000 0.370000 0.370000 0.370000 0.370000 0.370000 0.370000 0.370000 0.370000 0.370000 0.370000 0.370000 0.370000 0.370000 0.370000 0.370000 0.370000 0.370000 0.370000 0.370000 0.370000 0.370000 0.370000 0.370000 0.370000 0.370000 0.370000 0.370000 0.370000 0.370000 0.370000 0.370000 0.370000 0.370000 0.370000 0.370000 0.370000 0.370000 0.370000 0.370000 0.370000 0.370000 0.370000 0.370000 0.370000 0.370000 0.370000 0.370000 0.370000 0.370000 0.370000 0.370000 0.370000
0.370000 0.370000 0.370000 0.370000 0.370000 0.370000 0.370000 0.370000 0.370000 0.370000 0.370000 0.370000 0.370000 0.370000 0.370000 0.370000 0.370000 0.370000 0.370000 0.370000 0.370000 0.370000 0.370000 0.370000 0.370000 0.370000 0.370000 0.370000 0.370000 0.370000 0.370000 0.370000 0.370000 0.370000 0.370000 0.370000 0.370000 0.370000 0.370000 0.370000 0.370000 0.370000 0.370000 0.370000 0.370000 0.370000 0.370000 0.370000 0.370000 0.370000 0.370000 0.370000 0.370000 0.370000 0.370000 0.370000 0.370000 0.370000 0.370000 0.370000 0.370000 0.370000 0.370000
0.370000 0.370000 0.370000 0.370000 0.370000 0.370000 0.370000 0.370000 0.370000 0.370000 0.370000 0.370000 0.370000 0.370000 0.370000 0.370000 0.370000 0.370000 0.370000 0.370000 0.370000 0.370000 0.370000 0.370000 0.370000 0.370000 0.370000 0.370000 0.370000 0.370000 0.370000 0.370000 0.370000 0.370000 0.370000 0.370000 0.370000 0.370000 0.370000 0.370000 0.370000 0.370000 0.370000 0.370000 0.370000 0.370000 0.370000 0.370000 0.370000 0.370000 0.370000 0.370000 0.370000 0.370000 0.370000 0.370000 0.370000 0.370000 0.370000 0.370000 0.370000 0.370000 0.370000
0.370000 0.370000 0.370000 0.370000 0.370000 0.370000 0.370000 0.370000 0.370000 0.370000 0.370000 0.370000 0.370000 0.370000 0.370000 0.370000 0.370000 0.370000 0.370000 0.370000 0.370000 0.370000 0.370000 0.370000 0.370000 0.370000 0.370000 0.370000 0.370000 0.370000 0.370000 0.370000 0.370000 0.370000 0.370000 0.370000 0.370000 0.370000 0.370000 0.370000 0.370000 0.370000 0.370000 0.370000 0.370000 0.370000 0.370000 0.370000 0.370000 0.370000 0.370000 0.370000 0.370000 0.370000 0.370000 0.370000 0.370000 0.370000 0.370000 0.370000 0.370000 0.370000 0.370000
0.370000 0.370000 0.370000 0.370000 0.370000 0.370000 0.370000 0.370000 0.370000 0.369999 0.369995 0.369995 0.369997 0.369996 0.369983 0.369954 0.369911 0.369828 0.369662 0.369503 0.369631 0.369744 0.369784 0.369802 0.369830 0.369838 0.369831 0.369824 0.369893 0.369939 0.369969 0.369986 0.369995 0.370000 0.370000 0.370000 0.370000 0.370000 0.370000 0.370000 0.370000 0.370000 0.370000 0.370000 0.370000 0.370000 0.370000 0.370000 0.370000 0.370000 0.370000 0.370000 0.370000 0.370000 0.370000 0.370000 0.370000 0.370000 0.370000 0.370000 0.370000 0.370000 0.370000
0.370000 0.370000 0.370000 0.370000 0.369999 0.369985 0.369915 0.369677 0.368952 0.367439 0.365645 0.366167 0.366719 0.367292 0.366147 0.364680 0.363625 0.361261 0.358370 0.355035 0.357118 0.359204 0.361920 0.362451 0.362919 0.363732 0.363545 0.363320 0.362583 0.363975 0.365258 0.366588 0.368340 0.369314 0.369765 0.369928 0.369984 0.369999 0.370000 0.370000 0.370000 0.370000 0.370000 0.370000 0.370000 0.370000 0.370000 0.370000 0.370000 0.370000 0.370000 0.370000 0.370000 0.370000 0.370000 0.370000 0.370000 0.370000 0.370000 0.370000 0.370000 0.370000 0.370000
0.369994 0.369932 0.369486 0.368680 0.367359 0.364892 0.361358 0.356513 0.348126 0.338212 0.326257 0.328377 0.334543 0.340653 0.336930 0.334400 0.332529 0.326145 0.318027 0.309293 0.311794 0.320940 0.330196 0.333433 0.336367 0.339685 0.339684 0.336926 0.333003 0.335824 0.341774 0.347906 0.354802 0.360176 0.363925 0.366337 0.368086 0.369164 0.369711 0.369935 0.369992 0.369999 0.370000 0.370000 0.370000 0.370000 0.370000 0.370000 0.370000 0.370000 0.370000 0.370000 0.370000 0.370000 0.370000 0.370000 0.370000 0.370000 0.370000 0.370000 0.370000 0.370000 0.370000
0.364193 0.358261 0.352084 0.344679 0.335901 0.325599 0.312762 0.298858 0.283843 0.266464 0.249982 0.254287 0.265381 0.275760 0.276983 0.274539 0.272054 0.265526 0.254509 0.244508 0.251025 0.263682 0.275994 0.283474 0.288468 0.293188 0.291101 0.284900 0.279191 0.285111 0.296435 0.307016 0.318648 0.330853 0.341131 0.349399 0.356119 0.361136 0.364965 0.367474 0.368916 0.369611 0.369892 0.369980 0.369995 0.369999 0.370000 0.370000 0.370000 0.370000 0.370000 0.370000 0.370000 0.370000 0.370000 0.370000 0.370000 0.370000 0.370000 0.370000 0.370000 0.370000 0.370000
0.331409 0.313335 0.296102 0.282177 0.273792 0.261717 0.245764 0.234508 0.220966 0.205644 0.204101 0.207189 0.217114 0.219368 0.219968 0.217632 0.216758 0.212843 0.203512 0.207327 0.213400 0.225305 0.234207 0.241718 0.246872 0.250310 0.249636 0.243458 0.245290 0.251227 0.263154 0.272659 0.284739 0.300226 0.312136 0.324113 0.335661 0.345437 0.353477 0.359697 0.364229 0.366885 0.368309 0.368886 0.369314 0.369542 0.369560 0.369808 0.369933 0.369983 0.369999 0.370000 0.370000 0.370000 0.370000 0.370000 0.370000 0.370000 0.370000 0.370000 0.370000 0.370000 0.370000
0.262608 0.238590 0.218704 0.211056 0.203112 0.194688 0.185353 0.176407 0.168323 0.167645 0.166352 0.166360 0.167846 0.169712 0.171207 0.170570 0.169895 0.170071 0.173152 0.175785 0.179345 0.186487 0.194160 0.201362 0.204353 0.207439 0.209379 0.211482 0.213324 0.216746 0.225759 0.235117 0.245944 0.259795 0.273681 0.288267 0.304294 0.318851 0.332239 0.344197 0.353294 0.358531 0.360772 0.362692 0.363576 0.363319 0.363090 0.364610 0.366278 0.367549 0.368863 0.369598 0.369904 0.369998 0.370000 0.370000 0.370000 0.370000 0.370000 0.370000 0.370000 0.370000 0.370000
0.202211 0.183509 0.171635 0.165665 0.159960 0.154396 0.147603 0.142383 0.141201 0.140219 0.139333 0.138735 0.140259 0.141893 0.143814 0.143575 0.143673 0.144832 0.146817 0.149531 0.154082 0.159888 0.166554 0.175031 0.177748 0.180626 0.184080 0.185735 0.187743 0.190668 0.198733 0.207272 0.216726 0.230045 0.244169 0.259683 0.277380 0.296531 0.316246 0.331348 0.343299 0.351063 0.353898 0.355333 0.355203 0.354031 0.350945 0.351315 0.355059 0.356681 0.360369 0.364273 0.366442 0.369093 0.369921 0.369997 0.370000 0.370000 0.370000 0.370000 0.370000 0.370000 0.370000
0.157579 0.147922 0.139061 0.133942 0.129905 0.126233 0.123161 0.122221 0.121211 0.120573 0.120166 0.119722 0.120556 0.121910 0.123283 0.123890 0.124750 0.125685 0.127774 0.131101 0.134555 0.139565 0.146173 0.153395 0.156434 0.159306 0.162296 0.164392 0.166742 0.169086 0.175471 0.183026 0.190906 0.203402 0.217306 0.232021 0.252860 0.276609 0.298909 0.316174 0.330701 0.341984 0.343602 0.344391 0.344367 0.339287 0.332398 0.330213 0.332355 0.333526 0.338706 0.344919 0.350486 0.359426 0.365167 0.368288 0.369674 0.369987 0.370000 0.370000 0.370000 0.370000 0.370000
