tests/Borden05m/data_simulated/sim_1/output-maps/thetaliqL0005N0002.asc
ncols         160
nrows         34
xllcorner     620200.000000
yllcorner     5168000.000000
cellsize      0.500000
NODATA_value  -9999.0
[rows 0 to 27 of 34, columns 0 to 62 of 160]
-9999.0 -9999.0 -9999.0 -9999.0 -9999.0 -9999.0 -9999.0 -9999.0 -9999.0 -9999.0 -9999.0 -9999.0 -9999.0 -9999.0 -9999.0 -9999.0 -9999.0 -9999.0 -9999.0 -9999.0 -9999.0 -9999.0 -9999.0 -9999.0 -9999.0 -9999.0 -9999.0 -9999.0 -9999.0 -9999.0 -9999.0 -9999.0 -9999.0 -9999.0 -9999.0 -9999.0 -9999.0 -9999.0 -9999.0 -9999.0 -9999.0 -9999.0 -9999.0 -9999.0 -9999.0 -9999.0 -9999.0 -9999.0 -9999.0 -9999.0 -9999.0 -9999.0 -9999.0 -9999.0 -9999.0 -9999.0 -9999.0 -9999.0 -9999.0 -9999.0 -9999.0 -9999.0 -9999.0
-9999.0 -9999.0 -9999.0 -9999.0 -9999.0 -9999.0 -9999.0 -9999.0 -9999.0 -9999.0 -9999.0 -9999.0 -9999.0 -9999.0 -9999.0 -9999.0 -9999.0 -9999.0 -9999.0 -9999.0 -9999.0 -9999.0 -9999.0 -9999.0 -9999.0 -9999.0 -9999.0 -9999.0 -9999.0 -9999.0 -9999.0 -9999.0 -9999.0 -9999.0 -9999.0 -9999.0 -9999.0 -9999.0 -9999.0 -9999.0 -9999.0 -9999.0 -9999.0 -9999.0 -9999.0 -9999.0 -9999.0 -9999.0 -9999.0 -9999.0 -9999.0 -9999.0 -9999.0 -9999.0 -9999.0 -9999.0 -9999.0 -9999.0 -9999.0 0.131928 0.129744 0.127645 0.125727
-9999.0 -9999.0 -9999.0 -9999.0 -9999.0 -9999.0 -9999.0 -9999.0 -9999.0 -9999.0 -9999.0 -9999.0 -9999.0 -9999.0 -9999.0 -9999.0 -9999.0 -9999.0 -9999.0 -9999.0 -9999.0 -9999.0 -9999.0 -9999.0 -9999.0 -9999.0 -9999.0 -9999.0 -9999.0 -9999.0 -9999.0 -9999.0 -9999.0 -9999.0 -9999.0 -9999.0 -9999.0 -9999.0 -9999.0 -9999.0 -9999.0 -9999.0 -9999.0 -9999.0 -9999.0 -9999.0 -9999.0 0.097887 0.094964 0.092376 0.092178 0.095581 0.099534 0.104148 0.108715 0.113428 0.118847 0.125104 0.126222 0.122541 0.120943 0.119810 0.119017
-9999.0 -9999.0 -9999.0 -9999.0 -9999.0 -9999.0 -9999.0 -9999.0 -9999.0 -9999.0 -9999.0 -9999.0 -9999.0 -9999.0 -9999.0 -9999.0 -9999.0 -9999.0 -9999.0 -9999.0 -9999.0 -9999.0 -9999.0 -9999.0 -9999.0 -9999.0 -9999.0 -9999.0 -9999.0 -9999.0 -9999.0 -9999.0 -9999.0 -9999.0 -9999.0 -9999.0 -9999.0 -9999.0 -9999.0 -9999.0 0.107533 0.108910 0.109341 0.106637 0.104066 0.101657 0.097941 0.094954 0.092549 0.092089 0.092405 0.093242 0.096846 0.101105 0.105001 0.108980 0.113828 0.119557 0.120389 0.116930 0.114374 0.113193 0.113102
-9999.0 -9999.0 -9999.0 -9999.0 -9999.0 -9999.0 -9999.0 -9999.0 -9999.0 -9999.0 -9999.0 -9999.0 -9999.0 -9999.0 -9999.0 -9999.0 -9999.0 -9999.0 -9999.0 -9999.0 -9999.0 -9999.0 -9999.0 -9999.0 -9999.0 -9999.0 -9999.0 -9999.0 -9999.0 -9999.0 -9999.0 -9999.0 -9999.0 -9999.0 0.091254 0.093711 0.096501 0.099633 0.102786 0.104080 0.105325 0.106611 0.105655 0.104503 0.102080 0.098579 0.095206 0.092978 0.092515 0.092092 0.092667 0.094576 0.097175 0.100049 0.104136 0.109248 0.111399 0.114575 0.115327 0.113779 0.113878 0.114159 0.114480
-9999.0 -9999.0 -9999.0 -9999.0 -9999.0 -9999.0 -9999.0 -9999.0 -9999.0 -9999.0 -9999.0 -9999.0 -9999.0 -9999.0 -9999.0 -9999.0 -9999.0 -9999.0 -9999.0 -9999.0 -9999.0 -9999.0 -9999.0 -9999.0 -9999.0 -9999.0 -9999.0 -9999.0 0.092007 0.091179 0.090454 0.090216 0.090005 0.089799 0.090648 0.092290 0.094968 0.098456 0.100714 0.102020 0.103255 0.103355 0.102314 0.101766 0.101704 0.099420 0.097305 0.095457 0.093794 0.093595 0.094978 0.097106 0.099808 0.102527 0.105600 0.108771 0.112266 0.118196 0.120742 0.118640 0.116659 0.115393 0.115419
-9999.0 -9999.0 -9999.0 -9999.0 -9999.0 -9999.0 -9999.0 -9999.0 -9999.0 -9999.0 -9999.0 -9999.0 -9999.0 -9999.0 -9999.0 -9999.0 -9999.0 -9999.0 -9999.0 -9999.0 -9999.0 -9999.0 -9999.0 0.088448 0.089167 0.089922 0.090805 0.090871 0.090253 0.089494 0.089047 0.088803 0.088580 0.089035 0.090038 0.091783 0.093999 0.097349 0.098761 0.099954 0.102317 0.102593 0.103339 0.104063 0.103545 0.102923 0.100536 0.098878 0.099948 0.101071 0.102156 0.103468 0.106065 0.109608 0.114098 0.119993 0.126994 0.133934 0.140724 0.137819 0.133905 0.129183 0.129112
-9999.0 -9999.0 -9999.0 -9999.0 -9999.0 -9999.0 -9999.0 -9999.0 -9999.0 -9999.0 -9999.0 -9999.0 -9999.0 -9999.0 -9999.0 -9999.0 -9999.0 -9999.0 -9999.0 0.085854 0.085910 0.085969 0.086393 0.086477 0.086686 0.087400 0.088266 0.088437 0.088220 0.087963 0.088084 0.088328 0.088739 0.090091 0.091841 0.093774 0.095905 0.099393 0.102108 0.104954 0.108557 0.107951 0.106676 0.105970 0.105901 0.105941 0.107465 0.108345 0.109493 0.110948 0.112666 0.114770 0.117452 0.122951 0.129758 0.137401 0.145554 0.154115 0.163527 0.161331 0.154719 0.148383 0.148285
-9999.0 -9999.0 -9999.0 -9999.0 -9999.0 -9999.0 -9999.0 -9999.0 -9999.0 -9999.0 -9999.0 -9999.0 -9999.0 -9999.0 -9999.0 -9999.0 0.083326 0.083464 0.083611 0.084045 0.084213 0.084533 0.085131 0.085181 0.085519 0.086178 0.086652 0.087491 0.088295 0.089094 0.089745 0.090008 0.090947 0.092173 0.093798 0.096180 0.099943 0.104294 0.107784 0.111696 0.116035 0.115809 0.115203 0.115268 0.115317 0.117672 0.123318 0.125186 0.126410 0.133550 0.139049 0.140918 0.143458 0.151048 0.162574 0.177733 0.198298 0.213366 0.227342 0.231191 0.219820 0.216352 0.219662
-9999.0 -9999.0 -9999.0 -9999.0 -9999.0 -9999.0 -9999.0 -9999.0 -9999.0 -9999.0 -9999.0 -9999.0 -9999.0 0.080149 0.080412 0.081003 0.081519 0.081642 0.081887 0.082272 0.083214 0.083465 0.083962 0.084608 0.085614 0.086407 0.087328 0.088584 0.089527 0.090348 0.091200 0.092086 0.094015 0.096358 0.099022 0.102800 0.107284 0.112353 0.118111 0.122356 0.126897 0.128052 0.126864 0.126974 0.129719 0.136733 0.144602 0.150588 0.161936 0.174910 0.183135 0.191090 0.196213 0.203153 0.216033 0.242245 0.269166 0.289565 0.300255 0.310261 0.309793 0.311095 0.312391
-9999.0 -9999.0 -9999.0 -9999.0 -9999.0 -9999.0 -9999.0 -9999.0 -9999.0 -9999.0 0.078022 0.078163 0.077968 0.078028 0.078245 0.078881 0.079627 0.080051 0.080752 0.082194 0.083510 0.083763 0.085074 0.085973 0.086572 0.087665 0.089104 0.090656 0.092962 0.094761 0.096771 0.100453 0.103572 0.106947 0.110964 0.115915 0.122132 0.132724 0.143724 0.149940 0.162242 0.170411 0.167567 0.166769 0.170158 0.180463 0.195928 0.214982 0.231283 0.251139 0.266828 0.276580 0.283341 0.291225 0.300366 0.318417 0.337862 0.350753 0.359840 0.363788 0.364945 0.365237 0.365646
-9999.0 -9999.0 -9999.0 -9999.0 -9999.0 -9999.0 -9999.0 -9999.0 0.076856 0.077157 0.077463 0.077301 0.077055 0.076909 0.077501 0.078305 0.079184 0.080193 0.081245 0.082529 0.083791 0.085269 0.087129 0.088373 0.089717 0.091571 0.093390 0.096105 0.099672 0.102535 0.106670 0.111788 0.116945 0.122058 0.127749 0.134033 0.146084 0.162793 0.181149 0.197154 0.215974 0.234445 0.233813 0.235375 0.237794 0.257169 0.279512 0.300651 0.318595 0.334404 0.347596 0.353527 0.356812 0.360170 0.363494 0.366029 0.368879 0.369993 0.370000 0.370000 0.370000 0.370000 0.370000
-9999.0 -9999.0 -9999.0 -9999.0 -9999.0 -9999.0 0.075782 0.076813 0.077503 0.077114 0.076771 0.076621 0.076471 0.077243 0.078302 0.079223 0.080225 0.081364 0.082538 0.083783 0.087192 0.088857 0.090637 0.093359 0.095306 0.097417 0.100373 0.105022 0.110354 0.119577 0.129885 0.140559 0.152162 0.161540 0.170911 0.181760 0.201939 0.227974 0.254527 0.276226 0.294938 0.312843 0.318198 0.320974 0.325280 0.333858 0.346754 0.357573 0.365785 0.369478 0.369998 0.370000 0.370000 0.370000 0.370000 0.370000 0.370000 0.370000 0.370000 0.370000 0.370000 0.370000 0.370000
-9999.0 -9999.0 -9999.0 -9999.0 0.074555 0.075298 0.076126 0.077544 0.078741 0.078410 0.078829 0.078862 0.078793 0.078876 0.079147 0.080224 0.081368 0.082631 0.084196 0.088074 0.093132 0.095593 0.100294 0.106817 0.109912 0.113407 0.117312 0.124190 0.135001 0.150149 0.175765 0.201421 0.219194 0.235104 0.249021 0.265164 0.286691 0.309989 0.329893 0.345453 0.356454 0.362806 0.365656 0.366821 0.368148 0.369370 0.369983 0.370000 0.370000 0.370000 0.370000 0.370000 0.370000 0.370000 0.370000 0.370000 0.370000 0.370000 0.370000 0.370000 0.370000 0.370000 0.370000
-9999.0 -9999.0 -9999.0 0.073189 0.074317 0.075614 0.076791 0.078334 0.080190 0.080660 0.081192 0.081703 0.082259 0.082959 0.083836 0.085231 0.086448 0.087539 0.089816 0.094763 0.100930 0.108444 0.116683 0.126514 0.134930 0.140794 0.147274 0.158518 0.180356 0.206052 0.242487 0.281197 0.305989 0.320229 0.329644 0.340665 0.349565 0.359805 0.366737 0.369740 0.370000 0.370000 0.370000 0.370000 0.370000 0.370000 0.370000 0.370000 0.370000 0.370000 0.370000 0.370000 0.370000 0.370000 0.370000 0.370000 0.370000 0.370000 0.370000 0.370000 0.370000 0.370000 0.370000
-9999.0 -9999.0 0.072097 0.072941 0.073944 0.075797 0.078245 0.080192 0.083183 0.085490 0.086193 0.088261 0.090322 0.091443 0.093872 0.096544 0.098346 0.098521 0.100286 0.108111 0.123378 0.142109 0.158747 0.192106 0.213516 0.227379 0.234616 0.251214 0.273029 0.303448 0.331746 0.352504 0.363292 0.367957 0.369166 0.369882 0.370000 0.370000 0.370000 0.370000 0.370000 0.370000 0.370000 0.370000 0.370000 0.370000 0.370000 0.370000 0.370000 0.370000 0.370000 0.370000 0.370000 0.370000 0.370000 0.370000 0.370000 0.370000 0.370000 0.370000 0.370000 0.370000 0.370000
-9999.0 -9999.0 0.071619 0.072531 0.073692 0.076279 0.080191 0.082952 0.086955 0.092205 0.094972 0.098763 0.102881 0.107452 0.113209 0.120112 0.120291 0.120455 0.119751 0.138638 0.166197 0.207431 0.262559 0.302301 0.324136 0.326795 0.328595 0.337059 0.348198 0.362144 0.369513 0.370000 0.370000 0.370000 0.370000 0.370000 0.370000 0.370000 0.370000 0.370000 0.370000 0.370000 0.370000 0.370000 0.370000 0.370000 0.370000 0.370000 0.370000 0.370000 0.370000 0.370000 0.370000 0.370000 0.370000 0.370000 0.370000 0.370000 0.370000 0.370000 0.370000 0.370000 0.370000
-9999.0 0.070302 0.071040 0.072051 0.073867 0.076473 0.081533 0.089241 0.095694 0.102841 0.108908 0.114461 0.134299 0.157058 0.170624 0.188351 0.184601 0.180873 0.174406 0.198541 0.237200 0.303461 0.359441 0.368575 0.369862 0.369925 0.369925 0.369999 0.370000 0.370000 0.370000 0.370000 0.370000 0.370000 0.370000 0.370000 0.370000 0.370000 0.370000 0.370000 0.370000 0.370000 0.370000 0.370000 0.370000 0.370000 0.370000 0.370000 0.370000 0.370000 0.370000 0.370000 0.370000 0.370000 0.370000 0.370000 0.370000 0.370000 0.370000 0.370000 0.370000 0.370000 0.370000
-9999.0 0.069914 0.070678 0.071942 0.073747 0.076845 0.084662 0.101336 0.110851 0.119707 0.129916 0.152544 0.205400 0.253751 0.280210 0.306463 0.303178 0.292799 0.291222 0.313934 0.343452 0.366563 0.370000 0.370000 0.370000 0.370000 0.370000 0.370000 0.370000 0.370000 0.370000 0.370000 0.370000 0.370000 0.370000 0.370000 0.370000 0.370000 0.370000 0.370000 0.370000 0.370000 0.370000 0.370000 0.370000 0.370000 0.370000 0.370000 0.370000 0.370000 0.370000 0.370000 0.370000 0.370000 0.370000 0.370000 0.370000 0.370000 0.370000 0.370000 0.370000 0.370000 0.370000
-9999.0 0.069698 0.070488 0.071555 0.073361 0.078647 0.088499 0.110327 0.138576 0.154350 0.184634 0.249693 0.315790 0.354697 0.365906 0.368815 0.369599 0.369573 0.369985 0.370000 0.370000 0.370000 0.370000 0.370000 0.370000 0.370000 0.370000 0.370000 0.370000 0.370000 0.370000 0.370000 0.370000 0.370000 0.370000 0.370000 0.370000 0.370000 0.370000 0.370000 0.370000 0.370000 0.370000 0.370000 0.370000 0.370000 0.370000 0.370000 0.370000 0.370000 0.370000 0.370000 0.370000 0.370000 0.370000 0.370000 0.370000 0.370000 0.370000 0.370000 0.370000 0.370000 0.370000
-9999.0 0.069030 0.069716 0.070491 0.073380 0.080451 0.092419 0.128786 0.194558 0.228513 0.297869 0.348956 0.368954 0.370000 0.370000 0.370000 0.370000 0.370000 0.370000 0.370000 0.370000 0.370000 0.370000 0.370000 0.370000 0.370000 0.370000 0.370000 0.370000 0.370000 0.370000 0.370000 0.370000 0.370000 0.370000 0.370000 0.370000 0.370000 0.370000 0.370000 0.370000 0.370000 0.370000 0.370000 0.370000 0.370000 0.370000 0.370000 0.370000 0.370000 0.370000 0.370000 0.370000 0.370000 0.370000 0.370000 0.370000 0.370000 0.370000 0.370000 0.370000 0.370000 0.370000
-9999.0 0.068545 0.069027 0.070060 0.072820 0.079260 0.094635 0.141952 0.258404 0.322865 0.356906 0.367116 0.369999 0.370000 0.370000 0.370000 0.370000 0.370000 0.370000 0.370000 0.370000 0.370000 0.370000 0.370000 0.370000 0.370000 0.370000 0.370000 0.370000 0.370000 0.370000 0.370000 0.370000 0.370000 0.370000 0.370000 0.370000 0.370000 0.370000 0.370000 0.370000 0.370000 0.370000 0.370000 0.370000 0.370000 0.370000 0.370000 0.370000 0.370000 0.370000 0.370000 0.370000 0.370000 0.370000 0.370000 0.370000 0.370000 0.369988 0.369089 0.364567 0.361247 0.359398
-9999.0 0.068194 0.068715 0.069508 0.071360 0.075022 0.082984 0.107610 0.170762 0.311367 0.368050 0.369735 0.369999 0.370000 0.370000 0.370000 0.370000 0.370000 0.370000 0.370000 0.370000 0.370000 0.370000 0.370000 0.370000 0.370000 0.370000 0.370000 0.370000 0.370000 0.370000 0.370000 0.370000 0.370000 0.370000 0.370000 0.370000 0.370000 0.370000 0.370000 0.370000 0.370000 0.370000 0.370000 0.370000 0.370000 0.370000 0.370000 0.370000 0.370000 0.370000 0.370000 0.370000 0.369960 0.369701 0.368956 0.365661 0.360150 0.352455 0.339585 0.317442 0.299590 0.295016
-9999.0 -9999.0 0.068380 0.069016 0.070125 0.072299 0.076694 0.088896 0.119551 0.217301 0.301881 0.346170 0.361508 0.369111 0.370000 0.370000 0.370000 0.370000 0.370000 0.370000 0.370000 0.370000 0.370000 0.370000 0.370000 0.370000 0.370000 0.370000 0.370000 0.370000 0.370000 0.370000 0.370000 0.370000 0.370000 0.370000 0.370000 0.370000 0.370000 0.370000 0.369906 0.369297 0.368923 0.368938 0.368917 0.368650 0.368060 0.366398 0.364023 0.360994 0.359158 0.357275 0.355256 0.351591 0.347407 0.342010 0.330772 0.317582 0.302533 0.275942 0.244898 0.214363 0.192384
-9999.0 -9999.0 0.068071 0.068534 0.069361 0.070829 0.073112 0.077751 0.091682 0.116299 0.153249 0.202107 0.249410 0.288491 0.319986 0.348026 0.356392 0.358697 0.357975 0.359338 0.362643 0.365339 0.367012 0.368446 0.369429 0.369850 0.369959 0.369818 0.369291 0.367706 0.364478 0.359544 0.356113 0.354126 0.355832 0.358376 0.357190 0.353856 0.348186 0.340266 0.333139 0.325924 0.323535 0.322767 0.322722 0.321326 0.319281 0.313125 0.305086 0.299221 0.294330 0.290011 0.287911 0.282508 0.275510 0.270679 0.256755 0.238704 0.219506 0.196264 0.171486 0.154437 0.140249
-9999.0 -9999.0 -9999.0 0.068199 0.068672 0.069332 0.070364 0.071729 0.074747 0.080578 0.089634 0.104255 0.119963 0.137405 0.159286 0.188089 0.208242 0.217311 0.222556 0.254622 0.272232 0.296034 0.313832 0.321159 0.329132 0.336466 0.338424 0.333524 0.327921 0.318549 0.304126 0.288033 0.278455 0.279066 0.279314 0.281656 0.277570 0.273593 0.264543 0.254397 0.244175 0.236560 0.233545 0.230446 0.228562 0.226035 0.223550 0.218628 0.212476 0.206377 0.201417 0.199532 0.197563 0.194468 0.190229 0.185994 0.179218 0.164509 0.151604 0.139347 0.127259 0.117205 0.109129
-9999.0 -9999.0 -9999.0 -9999.0 -9999.0 0.068412 0.068970 0.069719 0.070721 0.072105 0.074431 0.078670 0.081947 0.086160 0.092212 0.098682 0.105093 0.113219 0.125789 0.141110 0.161067 0.179708 0.201336 0.220742 0.230826 0.240997 0.244917 0.237753 0.230657 0.219920 0.203266 0.188362 0.185225 0.185488 0.185744 0.184728 0.181562 0.178431 0.174208 0.166671 0.160189 0.157392 0.155432 0.153502 0.151557 0.149915 0.148377 0.146825 0.143043 0.139961 0.140111 0.139123 0.138148 0.137184 0.134739 0.132155 0.129112 0.120822 0.114379 0.110296 0.103200 0.097813 0.094522
-9999.0 -9999.0 -9999.0 -9999.0 -9999.0 -9999.0 0.068216 0.068629 0.069116 0.069792 0.070840 0.072173 0.072949 0.074375 0.076300 0.078860 0.082349 0.085764 0.090216 0.096045 0.103656 0.111508 0.121487 0.133200 0.138611 0.143398 0.148262 0.144195 0.140302 0.136527 0.128311 0.126505 0.124523 0.124554 0.124473 0.124410 0.122761 0.121000 0.119339 0.116069 0.114529 0.112972 0.111907 0.110911 0.109925 0.109118 0.108523 0.107946 0.106508 0.106674 0.106778 0.106364 0.105878 0.105385 0.104121 0.102439 0.100854 0.097804 0.095437 0.093264 0.089835 0.087581 0.085555
