tests/Borden05m/data_simulated/sim_1/output-maps/thetaliqL0004N0017.asc
ncols         160
nrows         34
xllcorner     620200.000000
yllcorner     5168000.000000
cellsize      0.500000
NODATA_value  -9999.0
[rows 0 to 27 of 34, columns 0 to 62 of 160]
-9999.0 -9999.0 -9999.0 -9999.0 -9999.0 -9999.0 -9999.0 -9999.0 -9999.0 -9999.0 -9999.0 -9999.0 -9999.0 -9999.0 -9999.0 -9999.0 -9999.0 -9999.0 -9999.0 -9999.0 -9999.0 -9999.0 -9999.0 -9999.0 -9999.0 -9999.0 -9999.0 -9999.0 -9999.0 -9999.0 -9999.0 -9999.0 -9999.0 -9999.0 -9999.0 -9999.0 -9999.0 -9999.0 -9999.0 -9999.0 -9999.0 -9999.0 -9999.0 -9999.0 -9999.0 -9999.0 -9999.0 -9999.0 -9999.0 -9999.0 -9999.0 -9999.0 -9999.0 -9999.0 -9999.0 -9999.0 -9999.0 -9999.0 -9999.0 -9999.0 -9999.0 -9999.0 -9999.0
-9999.0 -9999.0 -9999.0 -9999.0 -9999.0 -9999.0 -9999.0 -9999.0 -9999.0 -9999.0 -9999.0 -9999.0 -9999.0 -9999.0 -9999.0 -9999.0 -9999.0 -9999.0 -9999.0 -9999.0 -9999.0 -9999.0 -9999.0 -9999.0 -9999.0 -9999.0 -9999.0 -9999.0 -9999.0 -9999.0 -9999.0 -9999.0 -9999.0 -9999.0 -9999.0 -9999.0 -9999.0 -9999.0 -9999.0 -9999.0 -9999.0 -9999.0 -9999.0 -9999.0 -9999.0 -9999.0 -9999.0 -9999.0 -9999.0 -9999.0 -9999.0 -9999.0 -9999.0 -9999.0 -9999.0 -9999.0 -9999.0 -9999.0 -9999.0 0.195830 0.194086 0.192766 0.191884
-9999.0 -9999.0 -9999.0 -9999.0 -9999.0 -9999.0 -9999.0 -9999.0 -9999.0 -9999.0 -9999.0 -9999.0 -9999.0 -9999.0 -9999.0 -9999.0 -9999.0 -9999.0 -9999.0 -9999.0 -9999.0 -9999.0 -9999.0 -9999.0 -9999.0 -9999.0 -9999.0 -9999.0 -9999.0 -9999.0 -9999.0 -9999.0 -9999.0 -9999.0 -9999.0 -9999.0 -9999.0 -9999.0 -9999.0 -9999.0 -9999.0 -9999.0 -9999.0 -9999.0 -9999.0 -9999.0 -9999.0 0.178530 0.173865 0.168466 0.167054 0.173193 0.176483 0.179703 0.182134 0.184461 0.187660 0.192725 0.192686 0.186466 0.185595 0.185258 0.185364
-9999.0 -9999.0 -9999.0 -9999.0 -9999.0 -9999.0 -9999.0 -9999.0 -9999.0 -9999.0 -9999.0 -9999.0 -9999.0 -9999.0 -9999.0 -9999.0 -9999.0 -9999.0 -9999.0 -9999.0 -9999.0 -9999.0 -9999.0 -9999.0 -9999.0 -9999.0 -9999.0 -9999.0 -9999.0 -9999.0 -9999.0 -9999.0 -9999.0 -9999.0 -9999.0 -9999.0 -9999.0 -9999.0 -9999.0 -9999.0 0.180190 0.182326 0.183902 0.180707 0.179041 0.178705 0.175071 0.171152 0.167268 0.168172 0.168294 0.166099 0.170575 0.174496 0.176364 0.178044 0.181582 0.187146 0.187020 0.182140 0.179107 0.178077 0.178621
-9999.0 -9999.0 -9999.0 -9999.0 -9999.0 -9999.0 -9999.0 -9999.0 -9999.0 -9999.0 -9999.0 -9999.0 -9999.0 -9999.0 -9999.0 -9999.0 -9999.0 -9999.0 -9999.0 -9999.0 -9999.0 -9999.0 -9999.0 -9999.0 -9999.0 -9999.0 -9999.0 -9999.0 -9999.0 -9999.0 -9999.0 -9999.0 -9999.0 -9999.0 0.168190 0.172206 0.174362 0.176503 0.179359 0.178873 0.178480 0.180348 0.178701 0.178381 0.176058 0.171883 0.167729 0.165336 0.167285 0.166531 0.166658 0.168807 0.170470 0.171479 0.174780 0.179748 0.178225 0.179796 0.179379 0.177302 0.179022 0.180457 0.181398
-9999.0 -9999.0 -9999.0 -9999.0 -9999.0 -9999.0 -9999.0 -9999.0 -9999.0 -9999.0 -9999.0 -9999.0 -9999.0 -9999.0 -9999.0 -9999.0 -9999.0 -9999.0 -9999.0 -9999.0 -9999.0 -9999.0 -9999.0 -9999.0 -9999.0 -9999.0 -9999.0 -9999.0 0.173657 0.172095 0.170885 0.170898 0.170352 0.168406 0.168080 0.168775 0.171205 0.174954 0.175922 0.175801 0.176277 0.175568 0.173313 0.173013 0.175241 0.172680 0.171217 0.169431 0.165619 0.164704 0.166975 0.169333 0.171530 0.172472 0.173314 0.173842 0.174842 0.180986 0.182699 0.179557 0.177700 0.176806 0.177245
-9999.0 -9999.0 -9999.0 -9999.0 -9999.0 -9999.0 -9999.0 -9999.0 -9999.0 -9999.0 -9999.0 -9999.0 -9999.0 -9999.0 -9999.0 -9999.0 -9999.0 -9999.0 -9999.0 -9999.0 -9999.0 -9999.0 -9999.0 0.170484 0.171902 0.172550 0.173862 0.173294 0.170474 0.168583 0.167742 0.167075 0.165578 0.165503 0.165670 0.166948 0.168093 0.171963 0.170665 0.169858 0.173048 0.172460 0.174419 0.176606 0.176039 0.176310 0.172006 0.168799 0.171942 0.173345 0.173417 0.173007 0.174472 0.176430 0.178873 0.182721 0.187479 0.191675 0.197512 0.193870 0.190894 0.186077 0.186481
-9999.0 -9999.0 -9999.0 -9999.0 -9999.0 -9999.0 -9999.0 -9999.0 -9999.0 -9999.0 -9999.0 -9999.0 -9999.0 -9999.0 -9999.0 -9999.0 -9999.0 -9999.0 -9999.0 0.170011 0.169622 0.168852 0.169249 0.166691 0.165641 0.166529 0.168094 0.167324 0.165780 0.164451 0.164625 0.164842 0.164616 0.166832 0.168765 0.169679 0.169682 0.172878 0.174139 0.176089 0.180482 0.177936 0.175289 0.173896 0.173762 0.173045 0.175493 0.176277 0.176691 0.176677 0.176993 0.177901 0.178706 0.182676 0.186635 0.190263 0.193862 0.198350 0.205414 0.202798 0.197390 0.191722 0.191757
-9999.0 -9999.0 -9999.0 -9999.0 -9999.0 -9999.0 -9999.0 -9999.0 -9999.0 -9999.0 -9999.0 -9999.0 -9999.0 -9999.0 -9999.0 -9999.0 0.169102 0.168905 0.167959 0.166480 0.165164 0.165200 0.166384 0.164482 0.163914 0.164483 0.163745 0.164884 0.166082 0.167469 0.168147 0.166823 0.167243 0.167293 0.167455 0.168547 0.172088 0.175536 0.176741 0.179334 0.183492 0.181489 0.180516 0.180600 0.179353 0.180753 0.186749 0.186217 0.184137 0.190534 0.194203 0.193478 0.193381 0.198057 0.205109 0.214281 0.228797 0.239910 0.252062 0.257050 0.247563 0.245671 0.249233
-9999.0 -9999.0 -9999.0 -9999.0 -9999.0 -9999.0 -9999.0 -9999.0 -9999.0 -9999.0 -9999.0 -9999.0 -9999.0 0.167842 0.167698 0.168116 0.165799 0.163902 0.162796 0.161285 0.163562 0.162130 0.161774 0.162263 0.164334 0.164548 0.164947 0.166371 0.166170 0.165765 0.165371 0.164365 0.166265 0.168249 0.169811 0.172751 0.175310 0.177566 0.181070 0.182281 0.184752 0.184217 0.181953 0.181515 0.183543 0.189391 0.194312 0.196509 0.204777 0.213866 0.218853 0.224790 0.228210 0.233048 0.243687 0.270720 0.301945 0.323961 0.334550 0.342127 0.342883 0.344248 0.345486
-9999.0 -9999.0 -9999.0 -9999.0 -9999.0 -9999.0 -9999.0 -9999.0 -9999.0 -9999.0 0.163497 0.164802 0.162835 0.159305 0.157844 0.158803 0.159832 0.158608 0.158827 0.162831 0.165158 0.161777 0.164406 0.164636 0.163301 0.163888 0.165138 0.165605 0.168298 0.168711 0.169078 0.173414 0.174947 0.176582 0.178708 0.181115 0.183499 0.190842 0.197449 0.198362 0.206998 0.212499 0.208639 0.207291 0.208937 0.215835 0.227382 0.243959 0.260700 0.283337 0.302258 0.313841 0.321716 0.329911 0.338325 0.348425 0.356699 0.361659 0.364869 0.366262 0.366729 0.366942 0.367234
-9999.0 -9999.0 -9999.0 -9999.0 -9999.0 -9999.0 -9999.0 -9999.0 0.158034 0.160134 0.161477 0.159831 0.157608 0.153697 0.155321 0.156954 0.158142 0.159844 0.160772 0.161635 0.161034 0.162563 0.165280 0.164899 0.165400 0.167282 0.167675 0.169541 0.172314 0.171793 0.173618 0.176477 0.179077 0.181490 0.184309 0.186488 0.194224 0.204769 0.216413 0.227067 0.242153 0.259991 0.260667 0.263895 0.268175 0.291140 0.317004 0.336747 0.347719 0.354565 0.359849 0.362172 0.363518 0.364939 0.366334 0.367310 0.368389 0.369230 0.369682 0.369845 0.369900 0.369913 0.369935
-9999.0 -9999.0 -9999.0 -9999.0 -9999.0 -9999.0 0.154690 0.159444 0.161797 0.156634 0.152654 0.151310 0.148990 0.154213 0.158895 0.159968 0.160852 0.161889 0.161695 0.159041 0.166439 0.164969 0.163966 0.166502 0.166715 0.167297 0.169139 0.172935 0.175182 0.182577 0.188534 0.193998 0.200922 0.205665 0.210679 0.216757 0.231875 0.255149 0.284439 0.310581 0.330119 0.343753 0.347743 0.349644 0.351725 0.355376 0.360531 0.364398 0.367183 0.368671 0.369297 0.369492 0.369628 0.369745 0.369845 0.369915 0.369961 0.369989 0.369998 0.370000 0.370000 0.370000 0.370000
-9999.0 -9999.0 -9999.0 -9999.0 0.156825 0.158010 0.157375 0.161645 0.164662 0.158443 0.160680 0.159584 0.157526 0.155137 0.152355 0.154685 0.156176 0.157289 0.157232 0.164524 0.171227 0.168036 0.171652 0.178307 0.177640 0.178846 0.179834 0.183533 0.189880 0.198269 0.215822 0.233544 0.247606 0.263306 0.279321 0.299672 0.323938 0.342936 0.352953 0.359557 0.363778 0.366111 0.367225 0.367737 0.368256 0.368750 0.369235 0.369651 0.369880 0.369976 0.369995 0.369998 0.369999 0.370000 0.370000 0.370000 0.370000 0.370000 0.370000 0.370000 0.370000 0.370000 0.370000
-9999.0 -9999.0 -9999.0 0.153672 0.158381 0.160368 0.158528 0.159692 0.163507 0.160263 0.159763 0.159268 0.158998 0.159174 0.159059 0.160596 0.161122 0.160478 0.161852 0.166778 0.169761 0.174247 0.178205 0.183719 0.188433 0.190749 0.193761 0.200587 0.216712 0.237404 0.274191 0.316661 0.338886 0.348122 0.352832 0.357793 0.361605 0.365429 0.367684 0.368888 0.369526 0.369794 0.369914 0.369953 0.369968 0.369978 0.369993 0.369999 0.370000 0.370000 0.370000 0.370000 0.370000 0.370000 0.370000 0.370000 0.370000 0.370000 0.370000 0.370000 0.370000 0.370000 0.370000
-9999.0 -9999.0 0.154120 0.156882 0.155396 0.158991 0.163109 0.161106 0.165969 0.167787 0.163694 0.166461 0.168070 0.165647 0.167748 0.170142 0.171488 0.168388 0.166502 0.172486 0.185098 0.196459 0.204047 0.231079 0.248526 0.260343 0.267089 0.285411 0.311346 0.338590 0.353283 0.362027 0.366207 0.368064 0.368600 0.369075 0.369533 0.369795 0.369937 0.369984 0.369997 0.370000 0.370000 0.370000 0.370000 0.370000 0.370000 0.370000 0.370000 0.370000 0.370000 0.370000 0.370000 0.370000 0.370000 0.370000 0.370000 0.370000 0.370000 0.370000 0.370000 0.370000 0.370000
-9999.0 -9999.0 0.151061 0.155471 0.152863 0.159931 0.167061 0.161805 0.164479 0.171823 0.170661 0.172104 0.171936 0.172944 0.176711 0.183386 0.180735 0.179706 0.173415 0.191320 0.209565 0.242939 0.300451 0.335861 0.349096 0.351173 0.352451 0.356056 0.360497 0.365737 0.368683 0.369728 0.369950 0.369988 0.369995 0.369998 0.370000 0.370000 0.370000 0.370000 0.370000 0.370000 0.370000 0.370000 0.370000 0.370000 0.370000 0.370000 0.370000 0.370000 0.370000 0.370000 0.370000 0.370000 0.370000 0.370000 0.370000 0.370000 0.370000 0.370000 0.370000 0.370000 0.370000
-9999.0 0.149622 0.151918 0.152333 0.156967 0.156249 0.162442 0.171374 0.172526 0.176615 0.177793 0.174562 0.191973 0.208481 0.215668 0.230224 0.225316 0.221277 0.213306 0.234828 0.276413 0.337910 0.363765 0.367903 0.368918 0.369003 0.368910 0.369231 0.369626 0.369909 0.369998 0.370000 0.370000 0.370000 0.370000 0.370000 0.370000 0.370000 0.370000 0.370000 0.370000 0.370000 0.370000 0.370000 0.370000 0.370000 0.370000 0.370000 0.370000 0.370000 0.370000 0.370000 0.370000 0.370000 0.370000 0.370000 0.370000 0.370000 0.370000 0.370000 0.370000 0.370000 0.370000
-9999.0 0.143265 0.151517 0.156642 0.155220 0.152475 0.165554 0.186676 0.182556 0.182327 0.183366 0.198227 0.243351 0.288319 0.314690 0.334720 0.333949 0.328150 0.329143 0.343850 0.357745 0.367173 0.369894 0.369998 0.369996 0.369997 0.369998 0.370000 0.370000 0.370000 0.370000 0.370000 0.370000 0.370000 0.370000 0.370000 0.370000 0.370000 0.370000 0.370000 0.370000 0.370000 0.370000 0.370000 0.370000 0.370000 0.370000 0.370000 0.370000 0.370000 0.370000 0.370000 0.370000 0.370000 0.370000 0.370000 0.370000 0.370000 0.370000 0.370000 0.370000 0.370000 0.370000
-9999.0 0.149481 0.159115 0.156912 0.149597 0.161641 0.168559 0.185204 0.199692 0.200058 0.221150 0.286030 0.338210 0.357038 0.363186 0.365439 0.366518 0.366420 0.367793 0.369419 0.369971 0.370000 0.370000 0.370000 0.370000 0.370000 0.370000 0.370000 0.370000 0.370000 0.370000 0.370000 0.370000 0.370000 0.370000 0.370000 0.370000 0.370000 0.370000 0.370000 0.370000 0.370000 0.370000 0.370000 0.370000 0.370000 0.370000 0.370000 0.370000 0.370000 0.370000 0.370000 0.370000 0.370000 0.370000 0.370000 0.370000 0.370000 0.369998 0.369996 0.369990 0.369981 0.369982
-9999.0 0.138404 0.151619 0.140880 0.156331 0.171524 0.172333 0.199184 0.235388 0.255261 0.324708 0.354441 0.365768 0.368673 0.369539 0.369885 0.369964 0.369992 0.370000 0.370000 0.370000 0.370000 0.370000 0.370000 0.370000 0.370000 0.370000 0.370000 0.370000 0.370000 0.370000 0.370000 0.370000 0.370000 0.370000 0.370000 0.370000 0.370000 0.370000 0.370000 0.370000 0.370000 0.370000 0.370000 0.370000 0.370000 0.370000 0.370000 0.370000 0.370000 0.370000 0.369999 0.369999 0.369998 0.369997 0.369996 0.369980 0.369950 0.369904 0.369826 0.369696 0.369427 0.369392
-9999.0 0.130836 0.139678 0.146365 0.160227 0.171459 0.184087 0.214777 0.287755 0.338683 0.359071 0.364513 0.368438 0.369736 0.369979 0.369997 0.369999 0.370000 0.370000 0.370000 0.370000 0.370000 0.370000 0.370000 0.370000 0.370000 0.370000 0.370000 0.370000 0.370000 0.370000 0.370000 0.370000 0.370000 0.370000 0.370000 0.370000 0.370000 0.370000 0.370000 0.370000 0.370000 0.369999 0.369999 0.369999 0.369998 0.369996 0.369992 0.369985 0.369976 0.369963 0.369949 0.369943 0.369930 0.369910 0.369865 0.369662 0.369278 0.368756 0.367919 0.365874 0.364630 0.363710
-9999.0 0.115374 0.142639 0.146207 0.154330 0.157573 0.161496 0.182900 0.222631 0.332369 0.366426 0.367649 0.368540 0.369452 0.369929 0.369996 0.369997 0.369983 0.369951 0.369933 0.369960 0.369988 0.369996 0.369999 0.369999 0.369999 0.369999 0.369997 0.369993 0.369991 0.369991 0.369990 0.369989 0.369990 0.369989 0.369991 0.369992 0.369986 0.369973 0.369947 0.369910 0.369871 0.369853 0.369853 0.369846 0.369822 0.369764 0.369667 0.369510 0.369320 0.369136 0.368986 0.368818 0.368555 0.368208 0.367755 0.366270 0.364425 0.361831 0.356778 0.347347 0.337427 0.332013
-9999.0 -9999.0 0.129458 0.146200 0.148462 0.151470 0.154605 0.169782 0.189981 0.261400 0.330331 0.352700 0.360575 0.365081 0.368335 0.369467 0.369561 0.369643 0.369248 0.369275 0.369419 0.369569 0.369716 0.369818 0.369873 0.369895 0.369905 0.369895 0.369855 0.369770 0.369633 0.369494 0.369390 0.369301 0.369424 0.369567 0.369543 0.369442 0.369237 0.368877 0.368475 0.367962 0.367803 0.367845 0.367831 0.367670 0.367374 0.366597 0.365622 0.364413 0.363738 0.363021 0.362257 0.360785 0.359073 0.356896 0.352237 0.346185 0.335890 0.310750 0.275034 0.244337 0.227551
-9999.0 -9999.0 0.112926 0.137202 0.148768 0.157312 0.156360 0.158147 0.179374 0.193375 0.216491 0.252877 0.293752 0.326849 0.342136 0.353465 0.357219 0.358740 0.359009 0.360729 0.363290 0.365226 0.366307 0.367145 0.367780 0.368199 0.368499 0.368120 0.367654 0.366792 0.365390 0.363325 0.361948 0.361089 0.361667 0.362615 0.362002 0.360625 0.358459 0.355548 0.353036 0.350396 0.349586 0.349265 0.349185 0.348549 0.347630 0.344724 0.340148 0.335785 0.331578 0.327483 0.324701 0.318911 0.310908 0.303768 0.286790 0.266180 0.247625 0.229200 0.212189 0.202944 0.195204
-9999.0 -9999.0 -9999.0 0.115413 0.130530 0.142745 0.147939 0.141278 0.146354 0.157054 0.166285 0.180637 0.191051 0.203041 0.220673 0.244363 0.259520 0.265710 0.268791 0.298135 0.314727 0.333497 0.343865 0.347256 0.350405 0.353281 0.354044 0.352108 0.350090 0.346365 0.338995 0.327258 0.318193 0.317734 0.317728 0.319453 0.315683 0.311306 0.301706 0.290297 0.278690 0.269876 0.266317 0.263108 0.261293 0.258696 0.256014 0.250733 0.244600 0.239018 0.234467 0.232827 0.231215 0.228583 0.225245 0.222647 0.218880 0.209050 0.201653 0.194871 0.188034 0.182138 0.176939
-9999.0 -9999.0 -9999.0 -9999.0 -9999.0 0.106525 0.135598 0.142299 0.142719 0.140497 0.144149 0.157483 0.156598 0.159527 0.166277 0.170796 0.173799 0.179384 0.189667 0.199935 0.213352 0.225526 0.241812 0.257325 0.266375 0.276441 0.280169 0.272757 0.265389 0.254743 0.239430 0.226006 0.223804 0.224418 0.224823 0.224328 0.221925 0.219935 0.217223 0.211645 0.206825 0.205473 0.204538 0.203447 0.202260 0.201343 0.200540 0.200022 0.197062 0.194455 0.195612 0.195036 0.194608 0.194577 0.193135 0.192156 0.191905 0.185087 0.180876 0.181125 0.174939 0.170723 0.170856
-9999.0 -9999.0 -9999.0 -9999.0 -9999.0 -9999.0 0.103650 0.120822 0.136254 0.140871 0.148019 0.153617 0.146680 0.149536 0.152796 0.156553 0.162243 0.163354 0.166300 0.170469 0.176169 0.180084 0.186751 0.195420 0.196852 0.199497 0.203820 0.199415 0.196670 0.194822 0.186490 0.187075 0.185704 0.186463 0.186723 0.187434 0.186230 0.185072 0.184333 0.180759 0.180349 0.179283 0.178795 0.178301 0.177785 0.177475 0.177411 0.177431 0.175349 0.176534 0.177045 0.176499 0.176197 0.176472 0.175766 0.174577 0.174537 0.171700 0.170890 0.170472 0.165940 0.165500 0.164824
