tests/Borden05m/data_simulated/sim_1/output-maps/thetaliqL0005N0007.asc
ncols         160
nrows         34
xllcorner     620200.000000
yllcorner     5168000.000000
cellsize      0.500000
NODATA_value  -9999.0
[rows 0 to 27 of 34, columns 0 to 62 of 160]
-9999.0 -9999.0 -9999.0 -9999.0 -9999.0 -9999.0 -9999.0 -9999.0 -9999.0 -9999.0 -9999.0 -9999.0 -9999.0 -9999.0 -9999.0 -9999.0 -9999.0 -9999.0 -9999.0 -9999.0 -9999.0 -9999.0 -9999.0 -9999.0 -9999.0 -9999.0 -9999.0 -9999.0 -9999.0 -9999.0 -9999.0 -9999.0 -9999.0 -9999.0 -9999.0 -9999.0 -9999.0 -9999.0 -9999.0 -9999.0 -9999.0 -9999.0 -9999.0 -9999.0 -9999.0 -9999.0 -9999.0 -9999.0 -9999.0 -9999.0 -9999.0 -9999.0 -9999.0 -9999.0 -9999.0 -9999.0 -9999.0 -9999.0 -9999.0 -9999.0 -9999.0 -9999.0 -9999.0
-9999.0 -9999.0 -9999.0 -9999.0 -9999.0 -9999.0 -9999.0 -9999.0 -9999.0 -9999.0 -9999.0 -9999.0 -9999.0 -9999.0 -9999.0 -9999.0 -9999.0 -9999.0 -9999.0 -9999.0 -9999.0 -9999.0 -9999.0 -9999.0 -9999.0 -9999.0 -9999.0 -9999.0 -9999.0 -9999.0 -9999.0 -9999.0 -9999.0 -9999.0 -9999.0 -9999.0 -9999.0 -9999.0 -9999.0 -9999.0 -9999.0 -9999.0 -9999.0 -9999.0 -9999.0 -9999.0 -9999.0 -9999.0 -9999.0 -9999.0 -9999.0 -9999.0 -9999.0 -9999.0 -9999.0 -9999.0 -9999.0 -9999.0 -9999.0 0.132518 0.130287 0.128157 0.126224
-9999.0 -9999.0 -9999.0 -9999.0 -9999.0 -9999.0 -9999.0 -9999.0 -9999.0 -9999.0 -9999.0 -9999.0 -9999.0 -9999.0 -9999.0 -9999.0 -9999.0 -9999.0 -9999.0 -9999.0 -9999.0 -9999.0 -9999.0 -9999.0 -9999.0 -9999.0 -9999.0 -9999.0 -9999.0 -9999.0 -9999.0 -9999.0 -9999.0 -9999.0 -9999.0 -9999.0 -9999.0 -9999.0 -9999.0 -9999.0 -9999.0 -9999.0 -9999.0 -9999.0 -9999.0 -9999.0 -9999.0 0.098210 0.095208 0.092547 0.092332 0.095809 0.099801 0.104455 0.109050 0.113791 0.119261 0.125636 0.126743 0.122900 0.121290 0.120156 0.119370
-9999.0 -9999.0 -9999.0 -9999.0 -9999.0 -9999.0 -9999.0 -9999.0 -9999.0 -9999.0 -9999.0 -9999.0 -9999.0 -9999.0 -9999.0 -9999.0 -9999.0 -9999.0 -9999.0 -9999.0 -9999.0 -9999.0 -9999.0 -9999.0 -9999.0 -9999.0 -9999.0 -9999.0 -9999.0 -9999.0 -9999.0 -9999.0 -9999.0 -9999.0 -9999.0 -9999.0 -9999.0 -9999.0 -9999.0 -9999.0 0.107830 0.109248 0.109717 0.106951 0.104359 0.101958 0.098190 0.095152 0.092704 0.092258 0.092574 0.093381 0.097027 0.101327 0.105237 0.109228 0.114122 0.119953 0.120777 0.117222 0.114620 0.113426 0.113344
-9999.0 -9999.0 -9999.0 -9999.0 -9999.0 -9999.0 -9999.0 -9999.0 -9999.0 -9999.0 -9999.0 -9999.0 -9999.0 -9999.0 -9999.0 -9999.0 -9999.0 -9999.0 -9999.0 -9999.0 -9999.0 -9999.0 -9999.0 -9999.0 -9999.0 -9999.0 -9999.0 -9999.0 -9999.0 -9999.0 -9999.0 -9999.0 -9999.0 -9999.0 0.091426 0.093932 0.096744 0.099899 0.103094 0.104369 0.105599 0.106917 0.105931 0.104779 0.102325 0.098771 0.095357 0.093110 0.092671 0.092240 0.092814 0.094743 0.097354 0.100230 0.104350 0.109529 0.111641 0.114832 0.115574 0.113997 0.114125 0.114431 0.114770
-9999.0 -9999.0 -9999.0 -9999.0 -9999.0 -9999.0 -9999.0 -9999.0 -9999.0 -9999.0 -9999.0 -9999.0 -9999.0 -9999.0 -9999.0 -9999.0 -9999.0 -9999.0 -9999.0 -9999.0 -9999.0 -9999.0 -9999.0 -9999.0 -9999.0 -9999.0 -9999.0 -9999.0 0.092265 0.091413 0.090672 0.090435 0.090217 0.089982 0.090822 0.092465 0.095166 0.098700 0.100963 0.102261 0.103498 0.103585 0.102512 0.101961 0.101936 0.099621 0.097493 0.095629 0.093926 0.093718 0.095121 0.097270 0.099991 0.102714 0.105788 0.108956 0.112454 0.118462 0.121031 0.118880 0.116877 0.115601 0.115633
-9999.0 -9999.0 -9999.0 -9999.0 -9999.0 -9999.0 -9999.0 -9999.0 -9999.0 -9999.0 -9999.0 -9999.0 -9999.0 -9999.0 -9999.0 -9999.0 -9999.0 -9999.0 -9999.0 -9999.0 -9999.0 -9999.0 -9999.0 0.088672 0.089412 0.090174 0.091077 0.091131 0.090465 0.089681 0.089224 0.088972 0.088731 0.089183 0.090184 0.091937 0.094159 0.097549 0.098936 0.100114 0.102511 0.102778 0.103551 0.104309 0.103783 0.103169 0.100723 0.099029 0.100136 0.101276 0.102358 0.103659 0.106268 0.109828 0.114342 0.120288 0.127368 0.134390 0.141341 0.138329 0.134347 0.129524 0.129464
-9999.0 -9999.0 -9999.0 -9999.0 -9999.0 -9999.0 -9999.0 -9999.0 -9999.0 -9999.0 -9999.0 -9999.0 -9999.0 -9999.0 -9999.0 -9999.0 -9999.0 -9999.0 -9999.0 0.086088 0.086137 0.086182 0.086610 0.086653 0.086846 0.087569 0.088452 0.088611 0.088375 0.088103 0.088226 0.088472 0.088879 0.090251 0.092019 0.093956 0.096078 0.099598 0.102320 0.105186 0.108857 0.108202 0.106888 0.106164 0.106093 0.106123 0.107678 0.108567 0.109718 0.111167 0.112885 0.114997 0.117685 0.123239 0.130109 0.137825 0.146071 0.154783 0.164484 0.162205 0.155404 0.148909 0.148820
-9999.0 -9999.0 -9999.0 -9999.0 -9999.0 -9999.0 -9999.0 -9999.0 -9999.0 -9999.0 -9999.0 -9999.0 -9999.0 -9999.0 -9999.0 -9999.0 0.083565 0.083698 0.083827 0.084233 0.084380 0.084700 0.085310 0.085335 0.085664 0.086327 0.086790 0.087638 0.088454 0.089267 0.089925 0.090169 0.091108 0.092330 0.093950 0.096338 0.100134 0.104520 0.108015 0.111958 0.116362 0.116094 0.115473 0.115540 0.115566 0.117938 0.123691 0.125539 0.126717 0.133986 0.139578 0.141430 0.143977 0.151723 0.163562 0.179298 0.201142 0.217639 0.233513 0.238507 0.226038 0.222467 0.226382
-9999.0 -9999.0 -9999.0 -9999.0 -9999.0 -9999.0 -9999.0 -9999.0 -9999.0 -9999.0 -9999.0 -9999.0 -9999.0 0.080396 0.080653 0.081246 0.081715 0.081809 0.082038 0.082403 0.083366 0.083599 0.084090 0.084738 0.085764 0.086555 0.087477 0.088745 0.089682 0.090494 0.091339 0.092211 0.094154 0.096511 0.099185 0.102989 0.107495 0.112581 0.118380 0.122633 0.127210 0.128355 0.127131 0.127237 0.130015 0.137143 0.145142 0.151217 0.162915 0.176450 0.185163 0.193761 0.199407 0.207142 0.221688 0.252755 0.288879 0.319496 0.337204 0.351148 0.352158 0.354264 0.356115
-9999.0 -9999.0 -9999.0 -9999.0 -9999.0 -9999.0 -9999.0 -9999.0 -9999.0 -9999.0 0.078213 0.078374 0.078149 0.078162 0.078362 0.079004 0.079757 0.080165 0.080865 0.082344 0.083682 0.083892 0.085228 0.086125 0.086705 0.087800 0.089248 0.090798 0.093129 0.094926 0.096933 0.100662 0.103792 0.107180 0.111218 0.116194 0.122436 0.133165 0.144337 0.150583 0.163240 0.171726 0.168718 0.167893 0.171419 0.182253 0.198871 0.220187 0.239848 0.266110 0.289475 0.305016 0.316231 0.328679 0.342817 0.364455 0.369974 0.370000 0.370000 0.370000 0.370000 0.370000 0.370000
-9999.0 -9999.0 -9999.0 -9999.0 -9999.0 -9999.0 -9999.0 -9999.0 0.076983 0.077308 0.077629 0.077447 0.077177 0.076996 0.077599 0.078413 0.079299 0.080319 0.081376 0.082663 0.083912 0.085400 0.087283 0.088517 0.089862 0.091731 0.093547 0.096275 0.099868 0.102712 0.106859 0.112001 0.117184 0.122325 0.128058 0.134382 0.146624 0.163747 0.182844 0.199892 0.220642 0.242105 0.242145 0.244682 0.248570 0.274023 0.306640 0.339109 0.363320 0.369935 0.369999 0.370000 0.370000 0.370000 0.370000 0.370000 0.370000 0.370000 0.370000 0.370000 0.370000 0.370000 0.370000
-9999.0 -9999.0 -9999.0 -9999.0 -9999.0 -9999.0 0.075884 0.076957 0.077673 0.077226 0.076851 0.076692 0.076530 0.077333 0.078431 0.079357 0.080363 0.081508 0.082673 0.083886 0.087362 0.088999 0.090763 0.093503 0.095445 0.097556 0.100524 0.105207 0.110553 0.119872 0.130280 0.141082 0.152921 0.162537 0.172239 0.183621 0.205355 0.234846 0.268103 0.299827 0.328851 0.353428 0.360706 0.364378 0.368176 0.369959 0.369999 0.370000 0.370000 0.370000 0.370000 0.370000 0.370000 0.370000 0.370000 0.370000 0.370000 0.370000 0.370000 0.370000 0.370000 0.370000 0.370000
-9999.0 -9999.0 -9999.0 -9999.0 0.074688 0.075439 0.076252 0.077711 0.078944 0.078532 0.078974 0.078994 0.078904 0.078966 0.079216 0.080305 0.081456 0.082724 0.084283 0.088216 0.093342 0.095746 0.100477 0.107082 0.110151 0.113655 0.117565 0.124493 0.135427 0.150827 0.177385 0.204840 0.224896 0.243956 0.261842 0.284688 0.316361 0.351239 0.369349 0.369996 0.370000 0.370000 0.370000 0.370000 0.370000 0.370000 0.370000 0.370000 0.370000 0.370000 0.370000 0.370000 0.370000 0.370000 0.370000 0.370000 0.370000 0.370000 0.370000 0.370000 0.370000 0.370000 0.370000
-9999.0 -9999.0 -9999.0 0.073301 0.074472 0.075782 0.076924 0.078470 0.080362 0.080788 0.081312 0.081816 0.082367 0.083066 0.083939 0.085342 0.086561 0.087642 0.089925 0.094905 0.101086 0.108635 0.116909 0.126818 0.135335 0.141274 0.147868 0.159430 0.182363 0.210674 0.255101 0.308655 0.344886 0.362585 0.369134 0.369986 0.370000 0.370000 0.370000 0.370000 0.370000 0.370000 0.370000 0.370000 0.370000 0.370000 0.370000 0.370000 0.370000 0.370000 0.370000 0.370000 0.370000 0.370000 0.370000 0.370000 0.370000 0.370000 0.370000 0.370000 0.370000 0.370000 0.370000
-9999.0 -9999.0 0.072225 0.073092 0.074066 0.075945 0.078428 0.080332 0.083370 0.085690 0.086332 0.088426 0.090498 0.091583 0.094029 0.096720 0.098535 0.098669 0.100411 0.108281 0.123715 0.142720 0.159847 0.195790 0.220468 0.236533 0.245343 0.266931 0.298220 0.344278 0.369573 0.369997 0.370000 0.370000 0.370000 0.370000 0.370000 0.370000 0.370000 0.370000 0.370000 0.370000 0.370000 0.370000 0.370000 0.370000 0.370000 0.370000 0.370000 0.370000 0.370000 0.370000 0.370000 0.370000 0.370000 0.370000 0.370000 0.370000 0.370000 0.370000 0.370000 0.370000 0.370000
-9999.0 -9999.0 0.071720 0.072669 0.073791 0.076435 0.080423 0.083085 0.087099 0.092429 0.095163 0.098958 0.103057 0.107627 0.113419 0.120419 0.120551 0.120702 0.119921 0.139123 0.167544 0.213214 0.287493 0.342678 0.364951 0.367067 0.368519 0.369919 0.369995 0.370000 0.370000 0.370000 0.370000 0.370000 0.370000 0.370000 0.370000 0.370000 0.370000 0.370000 0.370000 0.370000 0.370000 0.370000 0.370000 0.370000 0.370000 0.370000 0.370000 0.370000 0.370000 0.370000 0.370000 0.370000 0.370000 0.370000 0.370000 0.370000 0.370000 0.370000 0.370000 0.370000 0.370000
-9999.0 0.070407 0.071157 0.072160 0.074009 0.076584 0.081681 0.089476 0.095910 0.103092 0.109153 0.114636 0.134752 0.158162 0.172406 0.191909 0.187839 0.183705 0.176848 0.204131 0.254480 0.351444 0.369993 0.370000 0.370000 0.370000 0.370000 0.370000 0.370000 0.370000 0.370000 0.370000 0.370000 0.370000 0.370000 0.370000 0.370000 0.370000 0.370000 0.370000 0.370000 0.370000 0.370000 0.370000 0.370000 0.370000 0.370000 0.370000 0.370000 0.370000 0.370000 0.370000 0.370000 0.370000 0.370000 0.370000 0.370000 0.370000 0.370000 0.370000 0.370000 0.370000 0.370000
-9999.0 0.069974 0.070795 0.072104 0.073869 0.076922 0.084833 0.101892 0.111180 0.119987 0.130183 0.153205 0.210826 0.274212 0.312910 0.347565 0.344578 0.332548 0.331802 0.360132 0.369915 0.370000 0.370000 0.370000 0.370000 0.370000 0.370000 0.370000 0.370000 0.370000 0.370000 0.370000 0.370000 0.370000 0.370000 0.370000 0.370000 0.370000 0.370000 0.370000 0.370000 0.370000 0.370000 0.370000 0.370000 0.370000 0.370000 0.370000 0.370000 0.370000 0.370000 0.370000 0.370000 0.370000 0.370000 0.370000 0.370000 0.370000 0.370000 0.370000 0.370000 0.370000 0.370000
-9999.0 0.069811 0.070724 0.071728 0.073435 0.078806 0.088689 0.110729 0.139262 0.154950 0.186662 0.267781 0.363034 0.369993 0.370000 0.370000 0.370000 0.370000 0.370000 0.370000 0.370000 0.370000 0.370000 0.370000 0.370000 0.370000 0.370000 0.370000 0.370000 0.370000 0.370000 0.370000 0.370000 0.370000 0.370000 0.370000 0.370000 0.370000 0.370000 0.370000 0.370000 0.370000 0.370000 0.370000 0.370000 0.370000 0.370000 0.370000 0.370000 0.370000 0.370000 0.370000 0.370000 0.370000 0.370000 0.370000 0.370000 0.370000 0.370000 0.370000 0.370000 0.370000 0.370000
-9999.0 0.069074 0.069854 0.070534 0.073519 0.080780 0.092644 0.129555 0.197363 0.233885 0.332304 0.369978 0.370000 0.370000 0.370000 0.370000 0.370000 0.370000 0.370000 0.370000 0.370000 0.370000 0.370000 0.370000 0.370000 0.370000 0.370000 0.370000 0.370000 0.370000 0.370000 0.370000 0.370000 0.370000 0.370000 0.370000 0.370000 0.370000 0.370000 0.370000 0.370000 0.370000 0.370000 0.370000 0.370000 0.370000 0.370000 0.370000 0.370000 0.370000 0.370000 0.370000 0.370000 0.370000 0.370000 0.370000 0.370000 0.370000 0.370000 0.370000 0.370000 0.370000 0.370000
-9999.0 0.068567 0.069077 0.070140 0.073025 0.079604 0.095163 0.143694 0.272195 0.354647 0.369990 0.370000 0.370000 0.370000 0.370000 0.370000 0.370000 0.370000 0.370000 0.370000 0.370000 0.370000 0.370000 0.370000 0.370000 0.370000 0.370000 0.370000 0.370000 0.370000 0.370000 0.370000 0.370000 0.370000 0.370000 0.370000 0.370000 0.370000 0.370000 0.370000 0.370000 0.370000 0.370000 0.370000 0.370000 0.370000 0.370000 0.370000 0.370000 0.370000 0.370000 0.370000 0.370000 0.370000 0.370000 0.370000 0.370000 0.370000 0.370000 0.370000 0.370000 0.370000 0.370000
-9999.0 0.068198 0.068787 0.069593 0.071500 0.075158 0.083111 0.107964 0.173026 0.346316 0.370000 0.370000 0.370000 0.370000 0.370000 0.370000 0.370000 0.370000 0.370000 0.370000 0.370000 0.370000 0.370000 0.370000 0.370000 0.370000 0.370000 0.370000 0.370000 0.370000 0.370000 0.370000 0.370000 0.370000 0.370000 0.370000 0.370000 0.370000 0.370000 0.370000 0.370000 0.370000 0.370000 0.370000 0.370000 0.370000 0.370000 0.370000 0.370000 0.370000 0.370000 0.370000 0.370000 0.370000 0.370000 0.370000 0.370000 0.370000 0.370000 0.369987 0.364687 0.342318 0.333734
-9999.0 -9999.0 0.068399 0.069111 0.070220 0.072396 0.076788 0.089104 0.120011 0.224646 0.342935 0.369973 0.370000 0.370000 0.370000 0.370000 0.370000 0.370000 0.370000 0.370000 0.370000 0.370000 0.370000 0.370000 0.370000 0.370000 0.370000 0.370000 0.370000 0.370000 0.370000 0.370000 0.370000 0.370000 0.370000 0.370000 0.370000 0.370000 0.370000 0.370000 0.370000 0.370000 0.370000 0.370000 0.370000 0.370000 0.370000 0.370000 0.370000 0.370000 0.370000 0.370000 0.370000 0.370000 0.370000 0.369995 0.369501 0.359883 0.338172 0.298823 0.256199 0.219982 0.195714
-9999.0 -9999.0 0.068074 0.068578 0.069473 0.071023 0.073253 0.077873 0.092094 0.116921 0.155166 0.212361 0.273856 0.330980 0.367676 0.369988 0.369999 0.370000 0.370000 0.370000 0.370000 0.370000 0.370000 0.370000 0.370000 0.370000 0.370000 0.370000 0.370000 0.370000 0.370000 0.370000 0.370000 0.370000 0.370000 0.370000 0.370000 0.370000 0.370000 0.369997 0.369953 0.368892 0.367506 0.366904 0.366711 0.365815 0.364128 0.358483 0.348968 0.340522 0.333087 0.326152 0.321662 0.312362 0.300639 0.291368 0.270783 0.247502 0.224919 0.199179 0.172896 0.155301 0.140819
-9999.0 -9999.0 -9999.0 0.068202 0.068692 0.069396 0.070453 0.071768 0.074797 0.080675 0.089785 0.104571 0.120529 0.138699 0.163050 0.198190 0.223170 0.234877 0.241663 0.282672 0.306892 0.338993 0.359380 0.365747 0.369271 0.369948 0.369975 0.369850 0.368793 0.363385 0.347679 0.325473 0.311119 0.310779 0.311229 0.314563 0.308710 0.302052 0.288310 0.273142 0.258643 0.248116 0.244088 0.240331 0.238089 0.234967 0.231806 0.225642 0.218217 0.211124 0.205443 0.203211 0.200940 0.197437 0.192759 0.188192 0.181020 0.165650 0.152384 0.139895 0.127649 0.117499 0.109359
-9999.0 -9999.0 -9999.0 -9999.0 -9999.0 0.068413 0.069004 0.069776 0.070772 0.072140 0.074472 0.078779 0.082034 0.086256 0.092351 0.098856 0.105299 0.113499 0.126257 0.141965 0.162725 0.182690 0.206739 0.228925 0.241399 0.254554 0.259591 0.250227 0.240959 0.227602 0.208133 0.191397 0.187870 0.188134 0.188416 0.187370 0.183944 0.180575 0.176053 0.168085 0.161302 0.158415 0.156399 0.154412 0.152411 0.150725 0.149149 0.147570 0.143679 0.140512 0.140692 0.139684 0.138694 0.137728 0.135243 0.132637 0.129599 0.121163 0.114658 0.110600 0.103421 0.097992 0.094718
-9999.0 -9999.0 -9999.0 -9999.0 -9999.0 -9999.0 0.068216 0.068636 0.069151 0.069841 0.070923 0.072294 0.073008 0.074444 0.076383 0.078960 0.082489 0.085899 0.090366 0.096225 0.103891 0.111781 0.121866 0.133793 0.139242 0.144127 0.149166 0.144921 0.140932 0.137098 0.128672 0.126880 0.124871 0.124918 0.124843 0.124797 0.123124 0.121342 0.119672 0.116340 0.114798 0.113227 0.112158 0.111157 0.110166 0.109356 0.108763 0.108189 0.106722 0.106907 0.107019 0.106597 0.106107 0.105622 0.104351 0.102656 0.101078 0.097997 0.095629 0.093461 0.089985 0.087736 0.085711
