tests/Borden05m/data_simulated/sim_1/output-maps/thetaliqL0005N0004.asc
ncols         160
nrows         34
xllcorner     620200.000000
yllcorner     5168000.000000
cellsize      0.500000
NODATA_value  -9999.0
[rows 0 to 27 of 34, columns 63 to 125 of 160]
-9999.0 -9999.0 -9999.0 -9999.0 -9999.0 -9999.0 -9999.0 -9999.0 -9999.0 -9999.0 -9999.0 -9999.0 -9999.0 -9999.0 -9999.0 -9999.0 -9999.0 -9999.0 -9999.0 -9999.0 -9999.0 -9999.0 -9999.0 -9999.0 -9999.0 -9999.0 -9999.0 -9999.0 -9999.0 -9999.0 -9999.0 -9999.0 -9999.0 -9999.0 -9999.0 -9999.0 -9999.0 -9999.0 -9999.0 -9999.0 -9999.0 -9999.0 -9999.0 -9999.0 -9999.0 -9999.0 -9999.0 -9999.0 -9999.0 -9999.0 -9999.0 -9999.0 -9999.0 -9999.0 -9999.0 -9999.0 -9999.0 -9999.0 -9999.0 -9999.0 -9999.0 -9999.0 -9999.0
0.122494 0.119427 0.116669 0.115446 0.115131 0.114821 0.114663 0.116160 0.118484 0.120832 0.123188 0.123943 0.124742 0.125544 0.125713 0.125212 0.124051 0.122910 0.121751 0.121269 0.118551 0.115106 0.112563 0.111808 0.113036 0.114302 0.115031 0.116878 0.120292 0.123960 0.127026 0.131428 0.133557 0.135725 0.137225 0.135656 0.134318 0.132993 0.131358 0.127297 -9999.0 -9999.0 -9999.0 -9999.0 -9999.0 -9999.0 -9999.0 -9999.0 -9999.0 -9999.0 -9999.0 -9999.0 -9999.0 -9999.0 -9999.0 -9999.0 -9999.0 -9999.0 -9999.0 -9999.0 -9999.0 -9999.0 -9999.0
0.117319 0.114653 0.113056 0.111512 0.111044 0.110973 0.110934 0.112008 0.114636 0.116918 0.118331 0.119021 0.119730 0.119811 0.119636 0.119469 0.118533 0.117466 0.116426 0.115885 0.115810 0.113628 0.112193 0.111345 0.111098 0.111729 0.112336 0.113096 0.115872 0.118414 0.121099 0.125875 0.130403 0.132478 0.131662 0.129829 0.128597 0.126487 0.123277 0.119924 0.116645 0.114573 0.113156 0.111890 0.113616 0.115433 0.118635 0.122054 0.126266 0.130820 -9999.0 -9999.0 -9999.0 -9999.0 -9999.0 -9999.0 -9999.0 -9999.0 -9999.0 -9999.0 -9999.0 -9999.0 -9999.0
0.113548 0.112417 0.111086 0.110088 0.111936 0.112194 0.112456 0.113267 0.114234 0.114708 0.115478 0.116983 0.119671 0.120438 0.120550 0.120543 0.119927 0.118924 0.118354 0.117487 0.115922 0.115680 0.115828 0.115890 0.117491 0.117938 0.118281 0.116115 0.117073 0.119023 0.121257 0.123730 0.126293 0.128201 0.127197 0.126787 0.124046 0.119678 0.116259 0.113827 0.113091 0.112328 0.110426 0.107578 0.109281 0.113414 0.114804 0.116011 0.119764 0.123868 0.127486 0.128164 0.128090 0.128016 0.127155 0.122395 0.117775 0.113560 0.108740 -9999.0 -9999.0 -9999.0 -9999.0
0.113924 0.113004 0.112648 0.116300 0.119111 0.119530 0.120361 0.121327 0.120734 0.116771 0.115909 0.118469 0.121771 0.123713 0.123678 0.123602 0.123134 0.122745 0.122514 0.121647 0.122066 0.122959 0.123336 0.125190 0.127193 0.128159 0.124877 0.121727 0.121815 0.124385 0.127175 0.129970 0.134439 0.139582 0.139079 0.136739 0.133300 0.128214 0.120306 0.114374 0.111659 0.110144 0.108552 0.108313 0.107987 0.110587 0.111153 0.111662 0.114152 0.117220 0.120392 0.122321 0.122243 0.122160 0.121444 0.118513 0.114236 0.110340 0.106410 0.101116 0.096074 0.091936 0.091856
0.115429 0.116470 0.120647 0.125253 0.130843 0.131681 0.132527 0.132320 0.128355 0.124596 0.122972 0.128330 0.134280 0.137607 0.137959 0.138379 0.142223 0.141040 0.139552 0.136941 0.138013 0.139504 0.145034 0.148520 0.151687 0.150636 0.145007 0.140173 0.139253 0.139910 0.140556 0.143187 0.148308 0.153727 0.151499 0.147938 0.143127 0.130983 0.121020 0.115864 0.116294 0.116600 0.115430 0.114646 0.113637 0.111555 0.111545 0.111524 0.111484 0.114851 0.118508 0.119658 0.117884 0.116894 0.116299 0.113821 0.110970 0.107278 0.103556 0.099881 0.095048 0.093913 0.092827
0.130432 0.133614 0.139085 0.147649 0.159925 0.161849 0.163940 0.166460 0.160394 0.153911 0.147773 0.155181 0.160088 0.165132 0.167300 0.174626 0.181060 0.177485 0.171663 0.166039 0.169795 0.178870 0.188544 0.192479 0.194418 0.195014 0.188617 0.185320 0.183285 0.183204 0.180436 0.182059 0.189995 0.201327 0.202126 0.194225 0.179196 0.158567 0.141202 0.131619 0.133188 0.130927 0.128929 0.127362 0.122466 0.118743 0.118691 0.115902 0.114159 0.117534 0.119449 0.120136 0.118326 0.120133 0.117741 0.112729 0.108295 0.104688 0.101690 0.098932 0.097609 0.096053 0.094874
0.152337 0.156685 0.166751 0.181503 0.198201 0.207359 0.213288 0.219879 0.214544 0.207719 0.200895 0.203932 0.213429 0.222757 0.232024 0.241994 0.251753 0.247131 0.239612 0.237798 0.240861 0.253793 0.265160 0.269401 0.271658 0.275955 0.272056 0.265653 0.258343 0.251230 0.244980 0.240912 0.252801 0.264625 0.263563 0.244808 0.226341 0.202109 0.178164 0.158130 0.154902 0.155056 0.154455 0.146772 0.139803 0.131659 0.127298 0.124220 0.119199 0.120594 0.122646 0.126564 0.130455 0.130113 0.124215 0.118592 0.113000 0.108145 0.104845 0.103896 0.102880 0.101008 0.099844
0.228545 0.232249 0.241565 0.263780 0.291994 0.313420 0.331040 0.334051 0.326981 0.319074 0.307281 0.300948 0.310146 0.319685 0.329374 0.338548 0.346524 0.351425 0.351652 0.351881 0.353066 0.354512 0.356979 0.359849 0.362593 0.365066 0.365845 0.363576 0.360061 0.354994 0.349360 0.346965 0.345286 0.348060 0.347617 0.336737 0.318102 0.295231 0.266980 0.242067 0.224912 0.225815 0.215426 0.203225 0.187920 0.164781 0.153837 0.145485 0.132376 0.130514 0.135332 0.141903 0.145229 0.137990 0.131343 0.124432 0.117714 0.111880 0.110200 0.109903 0.109162 0.107796 0.107189
0.326555 0.330402 0.336428 0.355287 0.367945 0.369993 0.370000 0.370000 0.370000 0.370000 0.369999 0.369963 0.369957 0.369999 0.370000 0.370000 0.370000 0.370000 0.370000 0.370000 0.370000 0.370000 0.370000 0.370000 0.370000 0.370000 0.370000 0.370000 0.370000 0.370000 0.370000 0.370000 0.370000 0.370000 0.370000 0.370000 0.369997 0.369268 0.361214 0.343263 0.325340 0.309412 0.295532 0.280800 0.248571 0.217668 0.193223 0.174411 0.157907 0.154912 0.170265 0.186476 0.179893 0.172760 0.162342 0.149179 0.137730 0.127497 0.124777 0.123668 0.121744 0.119678 0.117730
0.370000 0.370000 0.370000 0.370000 0.370000 0.370000 0.370000 0.370000 0.370000 0.370000 0.370000 0.370000 0.370000 0.370000 0.370000 0.370000 0.370000 0.370000 0.370000 0.370000 0.370000 0.370000 0.370000 0.370000 0.370000 0.370000 0.370000 0.370000 0.370000 0.370000 0.370000 0.370000 0.370000 0.370000 0.370000 0.370000 0.370000 0.370000 0.370000 0.370000 0.369997 0.369246 0.366462 0.362288 0.356490 0.334825 0.318094 0.292900 0.262197 0.237786 0.260467 0.252764 0.243973 0.230341 0.210747 0.192291 0.174968 0.159122 0.153172 0.150273 0.146473 0.143432 0.139432
0.370000 0.370000 0.370000 0.370000 0.370000 0.370000 0.370000 0.370000 0.370000 0.370000 0.370000 0.370000 0.370000 0.370000 0.370000 0.370000 0.370000 0.370000 0.370000 0.370000 0.370000 0.370000 0.370000 0.370000 0.370000 0.370000 0.370000 0.370000 0.370000 0.370000 0.370000 0.370000 0.370000 0.370000 0.370000 0.370000 0.370000 0.370000 0.370000 0.370000 0.370000 0.370000 0.370000 0.370000 0.370000 0.370000 0.370000 0.369995 0.367015 0.350273 0.336790 0.327799 0.317924 0.298898 0.276862 0.258341 0.231692 0.206872 0.191666 0.186415 0.181414 0.175392 0.168026
0.370000 0.370000 0.370000 0.370000 0.370000 0.370000 0.370000 0.370000 0.370000 0.370000 0.370000 0.370000 0.370000 0.370000 0.370000 0.370000 0.370000 0.370000 0.370000 0.370000 0.370000 0.370000 0.370000 0.370000 0.370000 0.370000 0.370000 0.370000 0.370000 0.370000 0.370000 0.370000 0.370000 0.370000 0.370000 0.370000 0.370000 0.370000 0.370000 0.370000 0.370000 0.370000 0.370000 0.370000 0.370000 0.370000 0.370000 0.370000 0.370000 0.370000 0.370000 0.369995 0.369340 0.364452 0.356855 0.348725 0.325617 0.296762 0.274054 0.263907 0.247417 0.231397 0.218562
0.370000 0.370000 0.370000 0.370000 0.370000 0.370000 0.370000 0.370000 0.370000 0.370000 0.370000 0.370000 0.370000 0.370000 0.370000 0.370000 0.370000 0.370000 0.370000 0.370000 0.370000 0.370000 0.370000 0.370000 0.370000 0.370000 0.370000 0.370000 0.370000 0.370000 0.370000 0.370000 0.370000 0.370000 0.370000 0.370000 0.370000 0.370000 0.370000 0.370000 0.370000 0.370000 0.370000 0.370000 0.370000 0.370000 0.370000 0.370000 0.370000 0.370000 0.370000 0.370000 0.370000 0.370000 0.370000 0.370000 0.369998 0.368307 0.356366 0.341814 0.321602 0.304420 0.288417
0.370000 0.370000 0.370000 0.370000 0.370000 0.370000 0.370000 0.370000 0.370000 0.370000 0.370000 0.370000 0.370000 0.370000 0.370000 0.370000 0.370000 0.370000 0.370000 0.370000 0.370000 0.370000 0.370000 0.370000 0.370000 0.370000 0.370000 0.370000 0.370000 0.370000 0.370000 0.370000 0.370000 0.370000 0.370000 0.370000 0.370000 0.370000 0.370000 0.370000 0.370000 0.370000 0.370000 0.370000 0.370000 0.370000 0.370000 0.370000 0.370000 0.370000 0.370000 0.370000 0.370000 0.370000 0.370000 0.370000 0.370000 0.370000 0.370000 0.369999 0.369380 0.362710 0.350469
0.370000 0.370000 0.370000 0.370000 0.370000 0.370000 0.370000 0.370000 0.370000 0.370000 0.370000 0.370000 0.370000 0.370000 0.370000 0.370000 0.370000 0.370000 0.370000 0.370000 0.370000 0.370000 0.370000 0.370000 0.370000 0.370000 0.370000 0.370000 0.370000 0.370000 0.370000 0.370000 0.370000 0.370000 0.370000 0.370000 0.370000 0.370000 0.370000 0.370000 0.370000 0.370000 0.370000 0.370000 0.370000 0.370000 0.370000 0.370000 0.370000 0.370000 0.370000 0.370000 0.370000 0.370000 0.370000 0.370000 0.370000 0.370000 0.370000 0.370000 0.370000 0.370000 0.370000
0.370000 0.370000 0.370000 0.370000 0.370000 0.370000 0.370000 0.370000 0.370000 0.370000 0.370000 0.370000 0.370000 0.370000 0.370000 0.370000 0.370000 0.370000 0.370000 0.370000 0.370000 0.370000 0.370000 0.370000 0.370000 0.370000 0.370000 0.370000 0.370000 0.370000 0.370000 0.370000 0.370000 0.370000 0.370000 0.370000 0.370000 0.370000 0.370000 0.370000 0.370000 0.370000 0.370000 0.370000 0.370000 0.370000 0.370000 0.370000 0.370000 0.370000 0.370000 0.370000 0.370000 0.370000 0.370000 0.370000 0.370000 0.370000 0.370000 0.370000 0.370000 0.370000 0.370000
0.370000 0.370000 0.370000 0.370000 0.370000 0.370000 0.370000 0.370000 0.370000 0.370000 0.370000 0.370000 0.370000 0.370000 0.370000 0.370000 0.370000 0.370000 0.370000 0.370000 0.370000 0.370000 0.370000 0.370000 0.370000 0.370000 0.370000 0.370000 0.370000 0.370000 0.370000 0.370000 0.370000 0.370000 0.370000 0.370000 0.370000 0.370000 0.370000 0.370000 0.370000 0.370000 0.370000 0.370000 0.370000 0.370000 0.370000 0.370000 0.370000 0.370000 0.370000 0.370000 0.370000 0.370000 0.370000 0.370000 0.370000 0.370000 0.370000 0.370000 0.370000 0.370000 0.370000
0.370000 0.370000 0.370000 0.370000 0.370000 0.370000 0.370000 0.370000 0.370000 0.370000 0.370000 0.370000 0.370000 0.370000 0.370000 0.370000 0.370000 0.370000 0.370000 0.370000 0.370000 0.370000 0.370000 0.370000 0.370000 0.370000 0.370000 0.370000 0.370000 0.370000 0.370000 0.370000 0.370000 0.370000 0.370000 0.370000 0.370000 0.370000 0.370000 0.370000 0.370000 0.370000 0.370000 0.370000 0.370000 0.370000 0.370000 0.370000 0.370000 0.370000 0.370000 0.370000 0.370000 0.370000 0.370000 0.370000 0.370000 0.370000 0.370000 0.370000 0.370000 0.370000 0.370000
0.370000 0.370000 0.370000 0.370000 0.370000 0.370000 0.370000 0.370000 0.369998 0.369764 0.368454 0.366746 0.366385 0.362618 0.355091 0.346709 0.341983 0.338603 0.332140 0.330410 0.333438 0.338739 0.333416 0.329592 0.330171 0.328276 0.327677 0.335363 0.345745 0.351328 0.355538 0.358454 0.359604 0.361266 0.367017 0.369315 0.369992 0.370000 0.370000 0.370000 0.370000 0.370000 0.370000 0.370000 0.370000 0.370000 0.370000 0.370000 0.370000 0.370000 0.370000 0.370000 0.370000 0.370000 0.370000 0.370000 0.370000 0.370000 0.370000 0.370000 0.370000 0.370000 0.370000
0.370000 0.370000 0.370000 0.369907 0.363704 0.353343 0.339267 0.328952 0.314162 0.291719 0.277000 0.278226 0.283491 0.280260 0.268265 0.257579 0.249738 0.240914 0.229650 0.222850 0.228896 0.235776 0.237938 0.239131 0.241765 0.242095 0.240898 0.239490 0.247545 0.254324 0.261974 0.268597 0.274629 0.293840 0.310851 0.321585 0.334951 0.348110 0.359981 0.367595 0.369912 0.370000 0.370000 0.370000 0.370000 0.370000 0.370000 0.370000 0.370000 0.370000 0.370000 0.370000 0.370000 0.370000 0.370000 0.370000 0.370000 0.370000 0.370000 0.370000 0.370000 0.370000 0.370000
0.368978 0.362220 0.340252 0.309476 0.287084 0.268410 0.250071 0.231596 0.210679 0.191787 0.180093 0.184532 0.189099 0.194725 0.186286 0.178337 0.174120 0.165978 0.158431 0.151682 0.156026 0.160731 0.168593 0.170290 0.171907 0.175120 0.173992 0.172741 0.169490 0.174597 0.180033 0.187369 0.203828 0.221427 0.239024 0.253846 0.268626 0.285066 0.302639 0.319517 0.335497 0.347221 0.357500 0.365768 0.369673 0.369999 0.370000 0.370000 0.370000 0.370000 0.370000 0.370000 0.370000 0.370000 0.370000 0.370000 0.370000 0.370000 0.370000 0.370000 0.370000 0.370000 0.370000
0.279467 0.254467 0.222801 0.205924 0.192873 0.178548 0.166347 0.155518 0.143009 0.133448 0.125348 0.126888 0.131286 0.136628 0.133192 0.131219 0.129970 0.125752 0.121277 0.117176 0.118294 0.122796 0.128418 0.130579 0.132790 0.135630 0.135562 0.133124 0.129906 0.131887 0.136799 0.143193 0.153353 0.164947 0.177232 0.189231 0.203595 0.219787 0.237048 0.256237 0.276013 0.289792 0.306382 0.322956 0.336526 0.346369 0.357060 0.366940 0.369866 0.370000 0.370000 0.370000 0.370000 0.370000 0.370000 0.370000 0.370000 0.370000 0.370000 0.370000 0.370000 0.370000 0.370000
0.173557 0.156996 0.147088 0.138968 0.131709 0.125158 0.118818 0.113258 0.108292 0.103535 0.099485 0.100476 0.103201 0.106117 0.106408 0.105733 0.105066 0.103323 0.100654 0.098288 0.099698 0.102712 0.106020 0.108180 0.109743 0.111349 0.110607 0.108572 0.106711 0.108439 0.112158 0.116212 0.121595 0.128743 0.136845 0.145809 0.156324 0.168084 0.182489 0.198836 0.216634 0.234660 0.252504 0.270284 0.279164 0.288184 0.296588 0.310601 0.324784 0.340409 0.354727 0.365410 0.369976 0.370000 0.370000 0.370000 0.370000 0.370000 0.370000 0.370000 0.370000 0.370000 0.370000
0.128650 0.118927 0.112302 0.107851 0.105532 0.102454 0.098781 0.096437 0.093819 0.090959 0.090623 0.091199 0.093043 0.093521 0.093636 0.093199 0.093038 0.092296 0.090579 0.091171 0.092264 0.094495 0.096255 0.097801 0.098920 0.099692 0.099500 0.098074 0.098406 0.099724 0.102561 0.105026 0.108551 0.113878 0.118824 0.125000 0.132787 0.141887 0.152802 0.165849 0.181665 0.197568 0.211779 0.219231 0.227477 0.233169 0.230144 0.241835 0.253915 0.266590 0.284558 0.302597 0.326045 0.354021 0.369445 0.370000 0.370000 0.370000 0.370000 0.370000 0.370000 0.370000 0.370000
0.102661 0.097293 0.093405 0.092007 0.090652 0.089230 0.087686 0.086256 0.084935 0.084776 0.084578 0.084600 0.084867 0.085162 0.085388 0.085282 0.085175 0.085181 0.085618 0.086031 0.086596 0.087763 0.089025 0.090222 0.090739 0.091274 0.091590 0.091927 0.092247 0.092871 0.094566 0.096399 0.098677 0.101872 0.105450 0.109806 0.115609 0.122281 0.130465 0.141004 0.153274 0.163796 0.169464 0.175440 0.178227 0.175908 0.173655 0.179269 0.187280 0.195524 0.210531 0.227233 0.244889 0.281596 0.320161 0.352510 0.368231 0.369999 0.370000 0.370000 0.370000 0.370000 0.370000
0.090515 0.087367 0.085457 0.084540 0.083667 0.082815 0.081768 0.080943 0.080740 0.080593 0.080457 0.080371 0.080606 0.080854 0.081145 0.081102 0.081111 0.081283 0.081584 0.081990 0.082682 0.083573 0.084598 0.085913 0.086335 0.086791 0.087338 0.087600 0.087920 0.088399 0.089750 0.091216 0.092911 0.095438 0.098337 0.101889 0.106567 0.112761 0.121216 0.130309 0.140759 0.150559 0.155021 0.157432 0.156684 0.153992 0.148330 0.148390 0.154250 0.156597 0.164638 0.177320 0.186593 0.214701 0.251845 0.279464 0.309044 0.337987 0.362710 0.369705 0.370000 0.370000 0.370000
0.083303 0.081801 0.080447 0.079671 0.079052 0.078476 0.077979 0.077820 0.077659 0.077556 0.077491 0.077425 0.077560 0.077770 0.077984 0.078074 0.078204 0.078340 0.078656 0.079165 0.079697 0.080461 0.081466 0.082561 0.083015 0.083453 0.083906 0.084222 0.084582 0.084949 0.085957 0.087162 0.088461 0.090576 0.093049 0.095849 0.100322 0.106441 0.113800 0.121390 0.130171 0.139789 0.141304 0.141985 0.141728 0.136295 0.130281 0.128565 0.129877 0.130369 0.134404 0.139923 0.145803 0.161597 0.180139 0.201617 0.229826 0.267941 0.305566 0.329289 0.351943 0.366867 0.369994
