tests/Borden05m/data_simulated/sim_1/output-maps/thetaliqL0005N0013.asc
ncols         160
nrows         34
xllcorner     620200.000000
yllcorner     5168000.000000
cellsize      0.500000
NODATA_value  -9999.0
[rows 0 to 27 of 34, columns 0 to 62 of 160]
-9999.0 -9999.0 -9999.0 -9999.0 -9999.0 -9999.0 -9999.0 -9999.0 -9999.0 -9999.0 -9999.0 -9999.0 -9999.0 -9999.0 -9999.0 -9999.0 -9999.0 -9999.0 -9999.0 -9999.0 -9999.0 -9999.0 -9999.0 -9999.0 -9999.0 -9999.0 -9999.0 -9999.0 -9999.0 -9999.0 -9999.0 -9999.0 -9999.0 -9999.0 -9999.0 -9999.0 -9999.0 -9999.0 -9999.0 -9999.0 -9999.0 -9999.0 -9999.0 -9999.0 -9999.0 -9999.0 -9999.0 -9999.0 -9999.0 -9999.0 -9999.0 -9999.0 -9999.0 -9999.0 -9999.0 -9999.0 -9999.0 -9999.0 -9999.0 -9999.0 -9999.0 -9999.0 -9999.0
-9999.0 -9999.0 -9999.0 -9999.0 -9999.0 -9999.0 -9999.0 -9999.0 -9999.0 -9999.0 -9999.0 -9999.0 -9999.0 -9999.0 -9999.0 -9999.0 -9999.0 -9999.0 -9999.0 -9999.0 -9999.0 -9999.0 -9999.0 -9999.0 -9999.0 -9999.0 -9999.0 -9999.0 -9999.0 -9999.0 -9999.0 -9999.0 -9999.0 -9999.0 -9999.0 -9999.0 -9999.0 -9999.0 -9999.0 -9999.0 -9999.0 -9999.0 -9999.0 -9999.0 -9999.0 -9999.0 -9999.0 -9999.0 -9999.0 -9999.0 -9999.0 -9999.0 -9999.0 -9999.0 -9999.0 -9999.0 -9999.0 -9999.0 -9999.0 0.149923 0.146983 0.144458 0.142408
-9999.0 -9999.0 -9999.0 -9999.0 -9999.0 -9999.0 -9999.0 -9999.0 -9999.0 -9999.0 -9999.0 -9999.0 -9999.0 -9999.0 -9999.0 -9999.0 -9999.0 -9999.0 -9999.0 -9999.0 -9999.0 -9999.0 -9999.0 -9999.0 -9999.0 -9999.0 -9999.0 -9999.0 -9999.0 -9999.0 -9999.0 -9999.0 -9999.0 -9999.0 -9999.0 -9999.0 -9999.0 -9999.0 -9999.0 -9999.0 -9999.0 -9999.0 -9999.0 -9999.0 -9999.0 -9999.0 -9999.0 0.113032 0.107943 0.102994 0.102118 0.107976 0.112822 0.118210 0.123124 0.128129 0.134314 0.142620 0.143381 0.136236 0.134468 0.133396 0.132871
-9999.0 -9999.0 -9999.0 -9999.0 -9999.0 -9999.0 -9999.0 -9999.0 -9999.0 -9999.0 -9999.0 -9999.0 -9999.0 -9999.0 -9999.0 -9999.0 -9999.0 -9999.0 -9999.0 -9999.0 -9999.0 -9999.0 -9999.0 -9999.0 -9999.0 -9999.0 -9999.0 -9999.0 -9999.0 -9999.0 -9999.0 -9999.0 -9999.0 -9999.0 -9999.0 -9999.0 -9999.0 -9999.0 -9999.0 -9999.0 0.120985 0.123397 0.124804 0.120668 0.117718 0.115776 0.110804 0.106341 0.102505 0.102632 0.102930 0.102459 0.107432 0.112780 0.116776 0.120762 0.126557 0.134480 0.135005 0.129270 0.125546 0.124053 0.124278
-9999.0 -9999.0 -9999.0 -9999.0 -9999.0 -9999.0 -9999.0 -9999.0 -9999.0 -9999.0 -9999.0 -9999.0 -9999.0 -9999.0 -9999.0 -9999.0 -9999.0 -9999.0 -9999.0 -9999.0 -9999.0 -9999.0 -9999.0 -9999.0 -9999.0 -9999.0 -9999.0 -9999.0 -9999.0 -9999.0 -9999.0 -9999.0 -9999.0 -9999.0 0.102024 0.106053 0.109336 0.112905 0.117012 0.117622 0.118284 0.120417 0.118664 0.117621 0.114417 0.109434 0.104745 0.101903 0.102495 0.101803 0.102296 0.104811 0.107630 0.110341 0.115233 0.121995 0.122737 0.126086 0.126442 0.124113 0.125117 0.126154 0.126958
-9999.0 -9999.0 -9999.0 -9999.0 -9999.0 -9999.0 -9999.0 -9999.0 -9999.0 -9999.0 -9999.0 -9999.0 -9999.0 -9999.0 -9999.0 -9999.0 -9999.0 -9999.0 -9999.0 -9999.0 -9999.0 -9999.0 -9999.0 -9999.0 -9999.0 -9999.0 -9999.0 -9999.0 0.105761 0.104212 0.102979 0.102823 0.102354 0.101098 0.101529 0.103093 0.106381 0.111105 0.113331 0.114221 0.115421 0.115082 0.113042 0.112461 0.113660 0.110503 0.108124 0.105798 0.102664 0.102095 0.104210 0.106994 0.110185 0.112768 0.115597 0.118363 0.121667 0.129585 0.132549 0.129161 0.126622 0.125158 0.125398
-9999.0 -9999.0 -9999.0 -9999.0 -9999.0 -9999.0 -9999.0 -9999.0 -9999.0 -9999.0 -9999.0 -9999.0 -9999.0 -9999.0 -9999.0 -9999.0 -9999.0 -9999.0 -9999.0 -9999.0 -9999.0 -9999.0 -9999.0 0.101361 0.102727 0.103644 0.105087 0.104760 0.102595 0.100978 0.100198 0.099664 0.098723 0.099019 0.099839 0.101773 0.104008 0.108562 0.108934 0.109453 0.112900 0.112808 0.114429 0.116222 0.115500 0.115199 0.110988 0.108102 0.110504 0.112111 0.112973 0.113766 0.116550 0.120352 0.125190 0.131977 0.140292 0.148339 0.157609 0.152794 0.147812 0.141162 0.141345
-9999.0 -9999.0 -9999.0 -9999.0 -9999.0 -9999.0 -9999.0 -9999.0 -9999.0 -9999.0 -9999.0 -9999.0 -9999.0 -9999.0 -9999.0 -9999.0 -9999.0 -9999.0 -9999.0 0.099349 0.099145 0.098715 0.099238 0.097816 0.097396 0.098372 0.099841 0.099536 0.098564 0.097710 0.097885 0.098172 0.098364 0.100469 0.102765 0.104671 0.106257 0.110591 0.113334 0.116585 0.121931 0.119923 0.117463 0.116181 0.116059 0.115724 0.118174 0.119278 0.120393 0.121513 0.123031 0.125182 0.127745 0.134261 0.141909 0.150111 0.158791 0.168477 0.180779 0.177336 0.168530 0.160108 0.160097
-9999.0 -9999.0 -9999.0 -9999.0 -9999.0 -9999.0 -9999.0 -9999.0 -9999.0 -9999.0 -9999.0 -9999.0 -9999.0 -9999.0 -9999.0 -9999.0 0.097160 0.097125 0.096636 0.096049 0.095427 0.095667 0.096727 0.095736 0.095682 0.096440 0.096409 0.097584 0.098778 0.100087 0.100921 0.100404 0.101308 0.102238 0.103537 0.105889 0.110576 0.115769 0.119105 0.123588 0.129418 0.128014 0.126983 0.127085 0.126416 0.129032 0.137009 0.138089 0.137804 0.147248 0.153917 0.154887 0.156853 0.165896 0.179889 0.198887 0.227494 0.249717 0.271469 0.279537 0.264202 0.260520 0.266343
-9999.0 -9999.0 -9999.0 -9999.0 -9999.0 -9999.0 -9999.0 -9999.0 -9999.0 -9999.0 -9999.0 -9999.0 -9999.0 0.094420 0.094485 0.095108 0.094012 0.093023 0.092597 0.092095 0.093897 0.093343 0.093520 0.094217 0.095966 0.096637 0.097500 0.099137 0.099715 0.100115 0.100561 0.100766 0.103125 0.105875 0.108697 0.113110 0.117932 0.123095 0.129539 0.133564 0.138547 0.139171 0.137024 0.136900 0.140175 0.149065 0.158332 0.164569 0.179300 0.196762 0.208056 0.219909 0.227538 0.238032 0.258409 0.301363 0.339179 0.356010 0.361355 0.364322 0.364597 0.365059 0.365481
-9999.0 -9999.0 -9999.0 -9999.0 -9999.0 -9999.0 -9999.0 -9999.0 -9999.0 -9999.0 0.090520 0.091372 0.090113 0.088276 0.087710 0.088588 0.089586 0.089286 0.089872 0.092826 0.094958 0.093380 0.095624 0.096374 0.096134 0.097216 0.098886 0.100262 0.103335 0.104891 0.106599 0.111676 0.114880 0.118366 0.122654 0.127862 0.134076 0.146832 0.159758 0.165140 0.180914 0.191579 0.186451 0.184960 0.188998 0.203043 0.225945 0.256672 0.285351 0.318008 0.339260 0.349286 0.354690 0.359161 0.362944 0.366431 0.368350 0.369204 0.369629 0.369780 0.369825 0.369846 0.369870
-9999.0 -9999.0 -9999.0 -9999.0 -9999.0 -9999.0 -9999.0 -9999.0 0.086904 0.088156 0.089058 0.088087 0.086830 0.084983 0.086077 0.087344 0.088482 0.089973 0.091141 0.092449 0.093042 0.094833 0.097525 0.098227 0.099465 0.101783 0.103335 0.106328 0.110484 0.112402 0.116557 0.122054 0.127504 0.132869 0.138962 0.145231 0.159454 0.179825 0.203448 0.225719 0.254392 0.284395 0.286005 0.290926 0.297681 0.327622 0.351555 0.362250 0.366187 0.367862 0.368866 0.369241 0.369439 0.369628 0.369787 0.369879 0.369949 0.369986 0.369998 0.370000 0.370000 0.370000 0.370000
-9999.0 -9999.0 -9999.0 -9999.0 -9999.0 -9999.0 0.084664 0.087584 0.089255 0.086405 0.084459 0.083830 0.082876 0.085430 0.088262 0.089390 0.090494 0.091782 0.092485 0.092131 0.098178 0.098611 0.099463 0.102722 0.104321 0.106240 0.109423 0.114924 0.120259 0.131524 0.143114 0.154920 0.168734 0.179602 0.190998 0.205072 0.234776 0.276582 0.319552 0.346795 0.359264 0.364913 0.366224 0.366763 0.367256 0.368066 0.369022 0.369579 0.369863 0.369961 0.369988 0.369994 0.369997 0.369999 0.370000 0.370000 0.370000 0.370000 0.370000 0.370000 0.370000 0.370000 0.370000
-9999.0 -9999.0 -9999.0 -9999.0 0.084903 0.085935 0.086124 0.089195 0.091631 0.088101 0.089492 0.088960 0.087933 0.086938 0.086032 0.087716 0.089153 0.090543 0.091686 0.097819 0.105058 0.105164 0.110588 0.119255 0.121208 0.124596 0.128206 0.135691 0.147960 0.165304 0.198706 0.235008 0.262680 0.289267 0.312746 0.336714 0.355926 0.364642 0.367528 0.368854 0.369498 0.369773 0.369874 0.369908 0.369939 0.369966 0.369986 0.369997 0.370000 0.370000 0.370000 0.370000 0.370000 0.370000 0.370000 0.370000 0.370000 0.370000 0.370000 0.370000 0.370000 0.370000 0.370000
-9999.0 -9999.0 -9999.0 0.082606 0.085552 0.087351 0.087097 0.088659 0.091860 0.090477 0.090601 0.090723 0.090993 0.091578 0.092167 0.093870 0.095011 0.095562 0.097902 0.103926 0.110126 0.118243 0.126807 0.137632 0.147149 0.153385 0.160580 0.174519 0.204956 0.245195 0.305746 0.351198 0.363008 0.366260 0.367488 0.368524 0.369190 0.369696 0.369900 0.369972 0.369995 0.369999 0.370000 0.370000 0.370000 0.370000 0.370000 0.370000 0.370000 0.370000 0.370000 0.370000 0.370000 0.370000 0.370000 0.370000 0.370000 0.370000 0.370000 0.370000 0.370000 0.370000 0.370000
-9999.0 -9999.0 0.082198 0.084014 0.083843 0.086720 0.090426 0.090577 0.095176 0.097752 0.096025 0.098923 0.101255 0.100833 0.103689 0.106915 0.108998 0.107594 0.108179 0.117131 0.135923 0.157830 0.177739 0.228291 0.261650 0.282555 0.294081 0.319964 0.347116 0.362879 0.367506 0.369211 0.369759 0.369923 0.369956 0.369980 0.369995 0.369999 0.370000 0.370000 0.370000 0.370000 0.370000 0.370000 0.370000 0.370000 0.370000 0.370000 0.370000 0.370000 0.370000 0.370000 0.370000 0.370000 0.370000 0.370000 0.370000 0.370000 0.370000 0.370000 0.370000 0.370000 0.370000
-9999.0 -9999.0 0.080552 0.083087 0.082533 0.087493 0.093949 0.092782 0.096954 0.104732 0.106046 0.109651 0.112679 0.116762 0.123214 0.132322 0.130998 0.130619 0.127225 0.151775 0.186838 0.252393 0.336665 0.361556 0.366425 0.367054 0.367382 0.368170 0.369000 0.369728 0.369962 0.369998 0.370000 0.370000 0.370000 0.370000 0.370000 0.370000 0.370000 0.370000 0.370000 0.370000 0.370000 0.370000 0.370000 0.370000 0.370000 0.370000 0.370000 0.370000 0.370000 0.370000 0.370000 0.370000 0.370000 0.370000 0.370000 0.370000 0.370000 0.370000 0.370000 0.370000 0.370000
-9999.0 0.079236 0.080616 0.081340 0.084559 0.085776 0.092123 0.102395 0.107605 0.115261 0.120513 0.123217 0.148678 0.179029 0.196804 0.224838 0.217755 0.211022 0.200355 0.239677 0.308698 0.362417 0.369425 0.369921 0.369984 0.369988 0.369986 0.369994 0.369999 0.370000 0.370000 0.370000 0.370000 0.370000 0.370000 0.370000 0.370000 0.370000 0.370000 0.370000 0.370000 0.370000 0.370000 0.370000 0.370000 0.370000 0.370000 0.370000 0.370000 0.370000 0.370000 0.370000 0.370000 0.370000 0.370000 0.370000 0.370000 0.370000 0.370000 0.370000 0.370000 0.370000 0.370000
-9999.0 0.076602 0.080242 0.083345 0.083622 0.084387 0.095865 0.121654 0.124847 0.131424 0.140120 0.168087 0.250983 0.323675 0.350067 0.361444 0.361208 0.358538 0.358920 0.365020 0.368528 0.369845 0.370000 0.370000 0.370000 0.370000 0.370000 0.370000 0.370000 0.370000 0.370000 0.370000 0.370000 0.370000 0.370000 0.370000 0.370000 0.370000 0.370000 0.370000 0.370000 0.370000 0.370000 0.370000 0.370000 0.370000 0.370000 0.370000 0.370000 0.370000 0.370000 0.370000 0.370000 0.370000 0.370000 0.370000 0.370000 0.370000 0.370000 0.370000 0.370000 0.370000 0.370000
-9999.0 0.078875 0.084002 0.083283 0.080935 0.089808 0.100141 0.126268 0.157614 0.169573 0.213163 0.320889 0.362912 0.368438 0.369484 0.369762 0.369859 0.369853 0.369941 0.369998 0.370000 0.370000 0.370000 0.370000 0.370000 0.370000 0.370000 0.370000 0.370000 0.370000 0.370000 0.370000 0.370000 0.370000 0.370000 0.370000 0.370000 0.370000 0.370000 0.370000 0.370000 0.370000 0.370000 0.370000 0.370000 0.370000 0.370000 0.370000 0.370000 0.370000 0.370000 0.370000 0.370000 0.370000 0.370000 0.370000 0.370000 0.370000 0.370000 0.370000 0.370000 0.370000 0.370000
-9999.0 0.074574 0.079831 0.076128 0.083903 0.096965 0.104985 0.150347 0.230558 0.275676 0.356351 0.367898 0.369773 0.369973 0.369997 0.370000 0.370000 0.370000 0.370000 0.370000 0.370000 0.370000 0.370000 0.370000 0.370000 0.370000 0.370000 0.370000 0.370000 0.370000 0.370000 0.370000 0.370000 0.370000 0.370000 0.370000 0.370000 0.370000 0.370000 0.370000 0.370000 0.370000 0.370000 0.370000 0.370000 0.370000 0.370000 0.370000 0.370000 0.370000 0.370000 0.370000 0.370000 0.370000 0.370000 0.370000 0.370000 0.370000 0.370000 0.370000 0.369999 0.369994 0.369992
-9999.0 0.072365 0.074949 0.077764 0.085638 0.096195 0.114855 0.175186 0.319300 0.362695 0.368861 0.369659 0.369964 0.369999 0.370000 0.370000 0.370000 0.370000 0.370000 0.370000 0.370000 0.370000 0.370000 0.370000 0.370000 0.370000 0.370000 0.370000 0.370000 0.370000 0.370000 0.370000 0.370000 0.370000 0.370000 0.370000 0.370000 0.370000 0.370000 0.370000 0.370000 0.370000 0.370000 0.370000 0.370000 0.370000 0.370000 0.370000 0.370000 0.370000 0.370000 0.370000 0.370000 0.370000 0.370000 0.370000 0.369998 0.369991 0.369973 0.369930 0.369771 0.369637 0.369515
-9999.0 0.069616 0.075782 0.077414 0.081824 0.085413 0.092492 0.122437 0.204526 0.359691 0.369782 0.369914 0.369966 0.369996 0.370000 0.370000 0.370000 0.370000 0.370000 0.370000 0.370000 0.370000 0.370000 0.370000 0.370000 0.370000 0.370000 0.370000 0.370000 0.370000 0.370000 0.370000 0.370000 0.370000 0.370000 0.370000 0.370000 0.370000 0.370000 0.370000 0.370000 0.370000 0.370000 0.370000 0.370000 0.370000 0.369999 0.369998 0.369996 0.369992 0.369986 0.369981 0.369975 0.369964 0.369946 0.369921 0.369813 0.369638 0.369308 0.368447 0.366249 0.362749 0.360133
-9999.0 -9999.0 0.071964 0.077209 0.078597 0.081011 0.085071 0.100985 0.136074 0.277316 0.358782 0.367389 0.369061 0.369702 0.369957 0.369996 0.369997 0.369999 0.369993 0.369993 0.369996 0.369998 0.369999 0.370000 0.370000 0.370000 0.370000 0.370000 0.370000 0.370000 0.369998 0.369996 0.369993 0.369990 0.369993 0.369996 0.369996 0.369994 0.369988 0.369974 0.369956 0.369928 0.369919 0.369923 0.369923 0.369913 0.369894 0.369834 0.369744 0.369615 0.369532 0.369438 0.369333 0.369115 0.368834 0.368447 0.367487 0.365892 0.361983 0.347036 0.307063 0.257834 0.225498
-9999.0 -9999.0 0.069270 0.073975 0.078391 0.083101 0.083712 0.087343 0.109282 0.136452 0.186480 0.261473 0.328014 0.357268 0.364364 0.367623 0.368463 0.368750 0.368816 0.369118 0.369480 0.369710 0.369816 0.369881 0.369923 0.369947 0.369962 0.369942 0.369914 0.369850 0.369715 0.369460 0.369253 0.369122 0.369202 0.369335 0.369242 0.369029 0.368658 0.368107 0.367582 0.366991 0.366801 0.366717 0.366693 0.366528 0.366267 0.365381 0.363747 0.361976 0.360098 0.358109 0.356577 0.353078 0.347230 0.340841 0.322489 0.293887 0.262596 0.227055 0.192564 0.172006 0.155515
-9999.0 -9999.0 -9999.0 0.069623 0.072364 0.076111 0.078529 0.076997 0.080624 0.088742 0.099504 0.118457 0.138066 0.163009 0.197494 0.244295 0.274685 0.287216 0.294304 0.334353 0.349889 0.360844 0.365071 0.366173 0.366985 0.367648 0.367807 0.367381 0.366898 0.365875 0.363262 0.357886 0.352578 0.352193 0.352177 0.353201 0.350664 0.347310 0.338799 0.326392 0.311502 0.298857 0.293315 0.288262 0.285235 0.280963 0.276409 0.267461 0.256602 0.246374 0.238058 0.234618 0.231281 0.226012 0.219215 0.213186 0.204100 0.184465 0.168821 0.154557 0.140755 0.129393 0.120184
-9999.0 -9999.0 -9999.0 -9999.0 -9999.0 0.069033 0.073768 0.076159 0.076836 0.077030 0.079713 0.087624 0.089551 0.093890 0.101457 0.108685 0.115406 0.124904 0.140971 0.160996 0.188045 0.214560 0.246963 0.275891 0.291616 0.307086 0.312482 0.301938 0.290357 0.272482 0.245083 0.220570 0.215323 0.215910 0.216441 0.215384 0.210621 0.206153 0.199986 0.189061 0.179899 0.176496 0.174212 0.171860 0.169454 0.167481 0.165679 0.164067 0.158994 0.154791 0.155687 0.154520 0.153470 0.152709 0.149840 0.147205 0.144764 0.133945 0.126458 0.123549 0.114543 0.108187 0.105821
-9999.0 -9999.0 -9999.0 -9999.0 -9999.0 -9999.0 0.068701 0.070606 0.074023 0.075738 0.078806 0.081894 0.079540 0.081521 0.084071 0.087385 0.092454 0.095395 0.100092 0.106562 0.115404 0.123641 0.135416 0.150368 0.155575 0.161342 0.168434 0.161823 0.156751 0.152459 0.140623 0.139533 0.137149 0.137636 0.137732 0.138134 0.136101 0.134025 0.132301 0.127657 0.126241 0.124432 0.123333 0.122284 0.121234 0.120438 0.119946 0.119520 0.117268 0.118056 0.118426 0.117800 0.117260 0.117040 0.115684 0.113742 0.112531 0.108683 0.106496 0.104680 0.099777 0.097929 0.096145
