tests/Borden05m/data_simulated/sim_1/output-maps/thetaliqL0007N0008.asc
ncols         160
nrows         34
xllcorner     620200.000000
yllcorner     5168000.000000
cellsize      0.500000
NODATA_value  -9999.0
[rows 0 to 27 of 34, columns 63 to 125 of 160]
-9999.0 -9999.0 -9999.0 -9999.0 -9999.0 -9999.0 -9999.0 -9999.0 -9999.0 -9999.0 -9999.0 -9999.0 -9999.0 -9999.0 -9999.0 -9999.0 -9999.0 -9999.0 -9999.0 -9999.0 -9999.0 -9999.0 -9999.0 -9999.0 -9999.0 -9999.0 -9999.0 -9999.0 -9999.0 -9999.0 -9999.0 -9999.0 -9999.0 -9999.0 -9999.0 -9999.0 -9999.0 -9999.0 -9999.0 -9999.0 -9999.0 -9999.0 -9999.0 -9999.0 -9999.0 -9999.0 -9999.0 -9999.0 -9999.0 -9999.0 -9999.0 -9999.0 -9999.0 -9999.0 -9999.0 -9999.0 -9999.0 -9999.0 -9999.0 -9999.0 -9999.0 -9999.0 -9999.0
0.317065 0.311055 0.305067 0.302182 0.301429 0.300703 0.300333 0.303991 0.309293 0.314181 0.318637 0.320015 0.321415 0.322756 0.323039 0.322239 0.320278 0.318254 0.316108 0.315170 0.309673 0.301754 0.295216 0.293142 0.296479 0.299771 0.301600 0.305950 0.313276 0.320152 0.325212 0.331546 0.334294 0.336804 0.338372 0.336618 0.335035 0.333362 0.331148 0.325311 -9999.0 -9999.0 -9999.0 -9999.0 -9999.0 -9999.0 -9999.0 -9999.0 -9999.0 -9999.0 -9999.0 -9999.0 -9999.0 -9999.0 -9999.0 -9999.0 -9999.0 -9999.0 -9999.0 -9999.0 -9999.0 -9999.0 -9999.0
0.306585 0.300288 0.296212 0.292015 0.290663 0.290506 0.290425 0.293479 0.300505 0.306005 0.309183 0.310712 0.312248 0.312355 0.312004 0.311690 0.309728 0.307390 0.305020 0.303745 0.303648 0.298205 0.294321 0.291912 0.291110 0.292929 0.294639 0.296788 0.303761 0.309527 0.315032 0.323589 0.330357 0.333075 0.331982 0.329475 0.327635 0.324289 0.318739 0.312270 0.305214 0.300220 0.296491 0.292906 0.297526 0.302156 0.309381 0.316154 0.323466 0.330170 -9999.0 -9999.0 -9999.0 -9999.0 -9999.0 -9999.0 -9999.0 -9999.0 -9999.0 -9999.0 -9999.0 -9999.0 -9999.0
0.297651 0.294705 0.291022 0.287935 0.293473 0.294239 0.294984 0.297209 0.299662 0.301054 0.302960 0.306554 0.312437 0.314051 0.314311 0.314326 0.313105 0.311035 0.309820 0.307921 0.304323 0.303709 0.304035 0.304134 0.307792 0.308800 0.309620 0.304783 0.307057 0.311330 0.315848 0.320329 0.324572 0.327378 0.325793 0.325147 0.320505 0.312094 0.304506 0.298459 0.296606 0.294468 0.288960 0.279913 0.285361 0.297113 0.300634 0.303466 0.311694 0.319492 0.325441 0.326505 0.326358 0.326197 0.324809 0.316656 0.307187 0.296930 0.283049 -9999.0 -9999.0 -9999.0 -9999.0
0.299088 0.296723 0.295686 0.304868 0.311187 0.312154 0.313908 0.315896 0.314872 0.306516 0.304560 0.310361 0.317084 0.320671 0.320683 0.320599 0.319726 0.319052 0.318667 0.317097 0.317843 0.319489 0.320087 0.323241 0.326490 0.327976 0.322918 0.317268 0.317487 0.322125 0.326684 0.330749 0.336367 0.341734 0.341223 0.338749 0.334666 0.327666 0.313823 0.300369 0.292948 0.288338 0.283299 0.282677 0.281369 0.289506 0.291072 0.292505 0.299045 0.306402 0.313174 0.316886 0.316673 0.316440 0.315004 0.308938 0.298819 0.288031 0.275360 0.255173 0.232244 0.210800 0.210231
0.303344 0.305787 0.314719 0.323228 0.331648 0.332926 0.334125 0.333915 0.328617 0.322633 0.319862 0.328626 0.336605 0.340377 0.340826 0.341239 0.344766 0.343870 0.342625 0.340128 0.341257 0.342692 0.347408 0.350072 0.352206 0.351594 0.347594 0.343345 0.342431 0.343093 0.343783 0.346085 0.349922 0.353225 0.351812 0.349322 0.345406 0.332247 0.315943 0.304582 0.305332 0.305860 0.302903 0.300858 0.298278 0.292704 0.292583 0.292388 0.292201 0.301085 0.309558 0.311923 0.308026 0.305689 0.304210 0.298048 0.290112 0.278532 0.265178 0.250074 0.227309 0.221557 0.215590
0.331775 0.335965 0.342106 0.349434 0.356654 0.357713 0.358709 0.359636 0.357236 0.353967 0.350190 0.354832 0.357354 0.359494 0.360377 0.362621 0.364225 0.363608 0.362273 0.360626 0.361876 0.364135 0.365924 0.366542 0.366835 0.366889 0.366042 0.365462 0.365064 0.364996 0.364440 0.364736 0.365972 0.367260 0.367239 0.366214 0.363378 0.356150 0.344274 0.333629 0.335435 0.332284 0.329210 0.326763 0.318381 0.310920 0.310716 0.304299 0.299922 0.307936 0.312022 0.313316 0.309345 0.312986 0.307833 0.295232 0.282088 0.269681 0.257995 0.245957 0.239918 0.232414 0.226414
0.353477 0.356147 0.360606 0.364704 0.367328 0.368281 0.368770 0.369107 0.368854 0.368403 0.367835 0.368116 0.368751 0.369229 0.369560 0.369785 0.369897 0.369879 0.369824 0.369809 0.369848 0.369936 0.369975 0.369984 0.369988 0.369992 0.369987 0.369976 0.369956 0.369926 0.369886 0.369852 0.369926 0.369965 0.369954 0.369805 0.369343 0.367825 0.364093 0.357213 0.355259 0.354751 0.354079 0.348939 0.342726 0.333546 0.327294 0.321990 0.312363 0.315207 0.318913 0.325317 0.330744 0.330310 0.321001 0.309917 0.296286 0.281911 0.270481 0.266730 0.262649 0.254938 0.249843
0.369416 0.369579 0.369801 0.369966 0.369999 0.370000 0.370000 0.370000 0.370000 0.370000 0.370000 0.370000 0.370000 0.370000 0.370000 0.370000 0.370000 0.370000 0.370000 0.370000 0.370000 0.370000 0.370000 0.370000 0.370000 0.370000 0.370000 0.370000 0.370000 0.370000 0.370000 0.370000 0.370000 0.370000 0.370000 0.370000 0.370000 0.370000 0.369978 0.369812 0.369391 0.369254 0.368699 0.367688 0.365668 0.359749 0.354461 0.348609 0.335454 0.332771 0.338157 0.344343 0.347057 0.340448 0.332398 0.321690 0.308213 0.293506 0.288384 0.287284 0.284858 0.280310 0.278176
0.370000 0.370000 0.370000 0.370000 0.370000 0.370000 0.370000 0.370000 0.370000 0.370000 0.370000 0.370000 0.370000 0.370000 0.370000 0.370000 0.370000 0.370000 0.370000 0.370000 0.370000 0.370000 0.370000 0.370000 0.370000 0.370000 0.370000 0.370000 0.370000 0.370000 0.370000 0.370000 0.370000 0.370000 0.370000 0.370000 0.370000 0.370000 0.370000 0.370000 0.370000 0.370000 0.370000 0.369996 0.369903 0.369308 0.367458 0.363968 0.357958 0.356003 0.361390 0.364939 0.363568 0.361474 0.357542 0.350102 0.339990 0.326704 0.322055 0.319879 0.316121 0.311750 0.307441
0.370000 0.370000 0.370000 0.370000 0.370000 0.370000 0.370000 0.370000 0.370000 0.370000 0.370000 0.370000 0.370000 0.370000 0.370000 0.370000 0.370000 0.370000 0.370000 0.370000 0.370000 0.370000 0.370000 0.370000 0.370000 0.370000 0.370000 0.370000 0.370000 0.370000 0.370000 0.370000 0.370000 0.370000 0.370000 0.370000 0.370000 0.370000 0.370000 0.370000 0.370000 0.370000 0.370000 0.370000 0.370000 0.370000 0.370000 0.370000 0.369969 0.369810 0.369934 0.369862 0.369703 0.369320 0.368295 0.366267 0.362607 0.356640 0.353178 0.350975 0.347928 0.345157 0.341231
0.370000 0.370000 0.370000 0.370000 0.370000 0.370000 0.370000 0.370000 0.370000 0.370000 0.370000 0.370000 0.370000 0.370000 0.370000 0.370000 0.370000 0.370000 0.370000 0.370000 0.370000 0.370000 0.370000 0.370000 0.370000 0.370000 0.370000 0.370000 0.370000 0.370000 0.370000 0.370000 0.370000 0.370000 0.370000 0.370000 0.370000 0.370000 0.370000 0.370000 0.370000 0.370000 0.370000 0.370000 0.370000 0.370000 0.370000 0.370000 0.370000 0.370000 0.370000 0.370000 0.370000 0.370000 0.369994 0.369940 0.369575 0.368345 0.366608 0.365442 0.364129 0.362387 0.359833
0.370000 0.370000 0.370000 0.370000 0.370000 0.370000 0.370000 0.370000 0.370000 0.370000 0.370000 0.370000 0.370000 0.370000 0.370000 0.370000 0.370000 0.370000 0.370000 0.370000 0.370000 0.370000 0.370000 0.370000 0.370000 0.370000 0.370000 0.370000 0.370000 0.370000 0.370000 0.370000 0.370000 0.370000 0.370000 0.370000 0.370000 0.370000 0.370000 0.370000 0.370000 0.370000 0.370000 0.370000 0.370000 0.370000 0.370000 0.370000 0.370000 0.370000 0.370000 0.370000 0.370000 0.370000 0.370000 0.370000 0.370000 0.370000 0.369992 0.369959 0.369802 0.369399 0.368744
0.370000 0.370000 0.370000 0.370000 0.370000 0.370000 0.370000 0.370000 0.370000 0.370000 0.370000 0.370000 0.370000 0.370000 0.370000 0.370000 0.370000 0.370000 0.370000 0.370000 0.370000 0.370000 0.370000 0.370000 0.370000 0.370000 0.370000 0.370000 0.370000 0.370000 0.370000 0.370000 0.370000 0.370000 0.370000 0.370000 0.370000 0.370000 0.370000 0.370000 0.370000 0.370000 0.370000 0.370000 0.370000 0.370000 0.370000 0.370000 0.370000 0.370000 0.370000 0.370000 0.370000 0.370000 0.370000 0.370000 0.370000 0.370000 0.370000 0.370000 0.370000 0.370000 0.369998
0.370000 0.370000 0.370000 0.370000 0.370000 0.370000 0.370000 0.370000 0.370000 0.370000 0.370000 0.370000 0.370000 0.370000 0.370000 0.370000 0.370000 0.370000 0.370000 0.370000 0.370000 0.370000 0.370000 0.370000 0.370000 0.370000 0.370000 0.370000 0.370000 0.370000 0.370000 0.370000 0.370000 0.370000 0.370000 0.370000 0.370000 0.370000 0.370000 0.370000 0.370000 0.370000 0.370000 0.370000 0.370000 0.370000 0.370000 0.370000 0.370000 0.370000 0.370000 0.370000 0.370000 0.370000 0.370000 0.370000 0.370000 0.370000 0.370000 0.370000 0.370000 0.370000 0.370000
0.370000 0.370000 0.370000 0.370000 0.370000 0.370000 0.370000 0.370000 0.370000 0.370000 0.370000 0.370000 0.370000 0.370000 0.370000 0.370000 0.370000 0.370000 0.370000 0.370000 0.370000 0.370000 0.370000 0.370000 0.370000 0.370000 0.370000 0.370000 0.370000 0.370000 0.370000 0.370000 0.370000 0.370000 0.370000 0.370000 0.370000 0.370000 0.370000 0.370000 0.370000 0.370000 0.370000 0.370000 0.370000 0.370000 0.370000 0.370000 0.370000 0.370000 0.370000 0.370000 0.370000 0.370000 0.370000 0.370000 0.370000 0.370000 0.370000 0.370000 0.370000 0.370000 0.370000
0.370000 0.370000 0.370000 0.370000 0.370000 0.370000 0.370000 0.370000 0.370000 0.370000 0.370000 0.370000 0.370000 0.370000 0.370000 0.370000 0.370000 0.370000 0.370000 0.370000 0.370000 0.370000 0.370000 0.370000 0.370000 0.370000 0.370000 0.370000 0.370000 0.370000 0.370000 0.370000 0.370000 0.370000 0.370000 0.370000 0.370000 0.370000 0.370000 0.370000 0.370000 0.370000 0.370000 0.370000 0.370000 0.370000 0.370000 0.370000 0.370000 0.370000 0.370000 0.370000 0.370000 0.370000 0.370000 0.370000 0.370000 0.370000 0.370000 0.370000 0.370000 0.370000 0.370000
0.370000 0.370000 0.370000 0.370000 0.370000 0.370000 0.370000 0.370000 0.370000 0.370000 0.370000 0.370000 0.370000 0.370000 0.370000 0.370000 0.370000 0.370000 0.370000 0.370000 0.370000 0.370000 0.370000 0.370000 0.370000 0.370000 0.370000 0.370000 0.370000 0.370000 0.370000 0.370000 0.370000 0.370000 0.370000 0.370000 0.370000 0.370000 0.370000 0.370000 0.370000 0.370000 0.370000 0.370000 0.370000 0.370000 0.370000 0.370000 0.370000 0.370000 0.370000 0.370000 0.370000 0.370000 0.370000 0.370000 0.370000 0.370000 0.370000 0.370000 0.370000 0.370000 0.370000
0.370000 0.370000 0.370000 0.370000 0.370000 0.370000 0.370000 0.370000 0.370000 0.370000 0.370000 0.370000 0.370000 0.370000 0.370000 0.370000 0.370000 0.370000 0.370000 0.370000 0.370000 0.370000 0.370000 0.370000 0.370000 0.370000 0.370000 0.370000 0.370000 0.370000 0.370000 0.370000 0.370000 0.370000 0.370000 0.370000 0.370000 0.370000 0.370000 0.370000 0.370000 0.370000 0.370000 0.370000 0.370000 0.370000 0.370000 0.370000 0.370000 0.370000 0.370000 0.370000 0.370000 0.370000 0.370000 0.370000 0.370000 0.370000 0.370000 0.370000 0.370000 0.370000 0.370000
0.370000 0.370000 0.370000 0.370000 0.370000 0.370000 0.370000 0.370000 0.370000 0.370000 0.370000 0.370000 0.370000 0.370000 0.370000 0.370000 0.370000 0.370000 0.370000 0.370000 0.370000 0.370000 0.370000 0.370000 0.370000 0.370000 0.370000 0.370000 0.370000 0.370000 0.370000 0.370000 0.370000 0.370000 0.370000 0.370000 0.370000 0.370000 0.370000 0.370000 0.370000 0.370000 0.370000 0.370000 0.370000 0.370000 0.370000 0.370000 0.370000 0.370000 0.370000 0.370000 0.370000 0.370000 0.370000 0.370000 0.370000 0.370000 0.370000 0.370000 0.370000 0.370000 0.370000
0.370000 0.370000 0.370000 0.370000 0.370000 0.370000 0.370000 0.370000 0.370000 0.370000 0.369995 0.369995 0.369997 0.369995 0.369981 0.369948 0.369895 0.369788 0.369559 0.369340 0.369501 0.369650 0.369691 0.369703 0.369739 0.369751 0.369755 0.369777 0.369878 0.369934 0.369968 0.369985 0.369995 0.370000 0.370000 0.370000 0.370000 0.370000 0.370000 0.370000 0.370000 0.370000 0.370000 0.370000 0.370000 0.370000 0.370000 0.370000 0.370000 0.370000 0.370000 0.370000 0.370000 0.370000 0.370000 0.370000 0.370000 0.370000 0.370000 0.370000 0.370000 0.370000 0.370000
0.370000 0.370000 0.370000 0.370000 0.369999 0.369981 0.369886 0.369555 0.368588 0.366708 0.364619 0.365283 0.365947 0.366650 0.365355 0.363687 0.362482 0.359756 0.356450 0.352644 0.355010 0.357378 0.360494 0.361094 0.361624 0.362572 0.362377 0.362152 0.361303 0.362917 0.364384 0.365889 0.367890 0.369030 0.369619 0.369870 0.369972 0.369998 0.370000 0.370000 0.370000 0.370000 0.370000 0.370000 0.370000 0.370000 0.370000 0.370000 0.370000 0.370000 0.370000 0.370000 0.370000 0.370000 0.370000 0.370000 0.370000 0.370000 0.370000 0.370000 0.370000 0.370000 0.370000
0.369995 0.369924 0.369415 0.368330 0.366662 0.363785 0.359775 0.354389 0.345268 0.334835 0.322417 0.324824 0.331419 0.338008 0.334146 0.331592 0.329736 0.323168 0.314860 0.305944 0.308499 0.317884 0.327462 0.330814 0.333866 0.337345 0.337321 0.334366 0.330150 0.333022 0.339231 0.345693 0.353066 0.358835 0.362888 0.365540 0.367537 0.368821 0.369532 0.369875 0.369984 0.369999 0.370000 0.370000 0.370000 0.370000 0.370000 0.370000 0.370000 0.370000 0.370000 0.370000 0.370000 0.370000 0.370000 0.370000 0.370000 0.370000 0.370000 0.370000 0.370000 0.370000 0.370000
0.362955 0.356237 0.349510 0.341605 0.332538 0.322094 0.309183 0.295339 0.280491 0.263312 0.247040 0.251449 0.262604 0.273070 0.274384 0.272008 0.269589 0.263124 0.252172 0.242231 0.248731 0.261349 0.273650 0.281136 0.286130 0.290856 0.288710 0.282413 0.276603 0.282471 0.293786 0.304363 0.316043 0.328412 0.338933 0.347508 0.354588 0.359939 0.364080 0.366852 0.368522 0.369390 0.369791 0.369951 0.369988 0.369998 0.370000 0.370000 0.370000 0.370000 0.370000 0.370000 0.370000 0.370000 0.370000 0.370000 0.370000 0.370000 0.370000 0.370000 0.370000 0.370000 0.370000
0.328103 0.309751 0.292595 0.278920 0.270851 0.259044 0.243364 0.232385 0.219125 0.204089 0.202663 0.205764 0.215623 0.217876 0.218501 0.216216 0.215386 0.211539 0.202316 0.206115 0.212125 0.223919 0.232737 0.240186 0.245295 0.248696 0.247996 0.241799 0.243588 0.249444 0.261281 0.270691 0.282686 0.298144 0.310026 0.322042 0.333734 0.343741 0.352087 0.358633 0.363459 0.366313 0.367863 0.368497 0.369012 0.369302 0.369321 0.369675 0.369882 0.369974 0.369998 0.370000 0.370000 0.370000 0.370000 0.370000 0.370000 0.370000 0.370000 0.370000 0.370000 0.370000 0.370000
0.259805 0.236175 0.216712 0.209359 0.201664 0.193470 0.184353 0.175593 0.167659 0.167035 0.165783 0.165809 0.167289 0.169147 0.170639 0.170020 0.169362 0.169545 0.172609 0.175220 0.178742 0.185809 0.193402 0.200528 0.203476 0.206520 0.208427 0.210497 0.212296 0.215649 0.224545 0.233779 0.244473 0.258188 0.271958 0.286450 0.302438 0.317013 0.330511 0.342713 0.352123 0.357569 0.359856 0.361836 0.362716 0.362341 0.361998 0.363613 0.365459 0.366904 0.368458 0.369400 0.369854 0.369998 0.370000 0.370000 0.370000 0.370000 0.370000 0.370000 0.370000 0.370000 0.370000
0.200846 0.182516 0.170890 0.165058 0.159463 0.153992 0.147287 0.142129 0.140972 0.140008 0.139136 0.138547 0.140068 0.141695 0.143609 0.143374 0.143474 0.144628 0.146602 0.149299 0.153821 0.159585 0.166199 0.174612 0.177300 0.180147 0.183567 0.185196 0.187172 0.190051 0.198025 0.206459 0.215791 0.228961 0.242937 0.258313 0.275902 0.295002 0.314766 0.329979 0.342122 0.350071 0.352943 0.354366 0.354144 0.352808 0.349396 0.349640 0.353535 0.355132 0.359036 0.363273 0.365619 0.368725 0.369861 0.369995 0.370000 0.370000 0.370000 0.370000 0.370000 0.370000 0.370000
0.157120 0.147597 0.138833 0.133769 0.129769 0.126126 0.123075 0.122144 0.121141 0.120509 0.120106 0.119666 0.120499 0.121849 0.123219 0.123824 0.124682 0.125614 0.127696 0.131010 0.134449 0.139436 0.146012 0.153196 0.156214 0.159066 0.162034 0.164110 0.166437 0.168755 0.175085 0.182568 0.190363 0.202733 0.216492 0.231051 0.251732 0.275378 0.297649 0.314939 0.329557 0.340992 0.342566 0.343297 0.343197 0.337854 0.330634 0.328238 0.330272 0.331262 0.336413 0.342684 0.348314 0.357848 0.364118 0.367731 0.369505 0.369979 0.370000 0.370000 0.370000 0.370000 0.370000
