tests/Borden05m/data_simulated/sim_1/output-maps/thetaliqL0005N0008.asc
ncols         160
nrows         34
xllcorner     620200.000000
yllcorner     5168000.000000
cellsize      0.500000
NODATA_value  -9999.0
[rows 0 to 27 of 34, columns 63 to 125 of 160]
-9999.0 -9999.0 -9999.0 -9999.0 -9999.0 -9999.0 -9999.0 -9999.0 -9999.0 -9999.0 -9999.0 -9999.0 -9999.0 -9999.0 -9999.0 -9999.0 -9999.0 -9999.0 -9999.0 -9999.0 -9999.0 -9999.0 -9999.0 -9999.0 -9999.0 -9999.0 -9999.0 -9999.0 -9999.0 -9999.0 -9999.0 -9999.0 -9999.0 -9999.0 -9999.0 -9999.0 -9999.0 -9999.0 -9999.0 -9999.0 -9999.0 -9999.0 -9999.0 -9999.0 -9999.0 -9999.0 -9999.0 -9999.0 -9999.0 -9999.0 -9999.0 -9999.0 -9999.0 -9999.0 -9999.0 -9999.0 -9999.0 -9999.0 -9999.0 -9999.0 -9999.0 -9999.0 -9999.0
0.123731 0.120571 0.117707 0.116474 0.116175 0.115846 0.115641 0.117191 0.119585 0.121992 0.124445 0.125172 0.125979 0.126821 0.127000 0.126483 0.125277 0.124110 0.122920 0.122496 0.119645 0.116045 0.113397 0.112624 0.113946 0.115269 0.115980 0.117877 0.121413 0.125192 0.128283 0.132838 0.134924 0.137152 0.138770 0.137107 0.135754 0.134453 0.132867 0.128571 -9999.0 -9999.0 -9999.0 -9999.0 -9999.0 -9999.0 -9999.0 -9999.0 -9999.0 -9999.0 -9999.0 -9999.0 -9999.0 -9999.0 -9999.0 -9999.0 -9999.0 -9999.0 -9999.0 -9999.0 -9999.0 -9999.0 -9999.0
0.118289 0.115510 0.113893 0.112273 0.111773 0.111694 0.111624 0.112717 0.115467 0.117844 0.119281 0.119943 0.120637 0.120684 0.120487 0.120328 0.119361 0.118267 0.117199 0.116670 0.116686 0.114408 0.112930 0.112039 0.111746 0.112392 0.113010 0.113774 0.116658 0.119238 0.121947 0.126902 0.131625 0.133750 0.132842 0.130922 0.129720 0.127612 0.124330 0.120916 0.117656 0.115560 0.114136 0.112804 0.114633 0.116437 0.119755 0.123275 0.127615 0.132400 -9999.0 -9999.0 -9999.0 -9999.0 -9999.0 -9999.0 -9999.0 -9999.0 -9999.0 -9999.0 -9999.0 -9999.0 -9999.0
0.114358 0.113195 0.111794 0.110695 0.112653 0.112894 0.113142 0.113972 0.114976 0.115466 0.116253 0.117784 0.120591 0.121343 0.121443 0.121444 0.120807 0.119766 0.119202 0.118317 0.116657 0.116432 0.116602 0.116642 0.118337 0.118788 0.119194 0.116855 0.117837 0.119821 0.122077 0.124561 0.127142 0.129081 0.128001 0.127647 0.124852 0.120370 0.116933 0.114521 0.113897 0.113198 0.111234 0.108176 0.109982 0.114380 0.115736 0.116885 0.120772 0.125024 0.128900 0.129531 0.129432 0.129391 0.128594 0.123620 0.118892 0.114611 0.109560 -9999.0 -9999.0 -9999.0 -9999.0
0.114730 0.113729 0.113281 0.117119 0.120013 0.120377 0.121232 0.122264 0.121678 0.117457 0.116539 0.119180 0.122575 0.124557 0.124474 0.124375 0.123865 0.123477 0.123273 0.122383 0.122839 0.123764 0.124094 0.126009 0.128087 0.129135 0.125683 0.122401 0.122498 0.125177 0.128054 0.130892 0.135503 0.140913 0.140361 0.137960 0.134499 0.129402 0.121220 0.115088 0.112306 0.110763 0.109127 0.108931 0.108568 0.111345 0.111891 0.112366 0.114943 0.118080 0.121351 0.123360 0.123265 0.123216 0.122550 0.119579 0.115189 0.111249 0.107305 0.101940 0.096742 0.092362 0.092297
0.116031 0.117072 0.121400 0.126093 0.131866 0.132627 0.133479 0.133265 0.129124 0.125251 0.123559 0.129143 0.135325 0.138738 0.139018 0.139382 0.143465 0.142208 0.140689 0.137941 0.139061 0.140535 0.146329 0.149938 0.153283 0.152165 0.146231 0.141181 0.140247 0.140926 0.141554 0.144245 0.149534 0.155189 0.152786 0.149137 0.144320 0.131773 0.121588 0.116374 0.116948 0.117354 0.116169 0.115406 0.114413 0.112208 0.112228 0.112220 0.112122 0.115625 0.119444 0.120608 0.118685 0.117652 0.117126 0.114644 0.111820 0.108080 0.104308 0.100607 0.095529 0.094481 0.093273
0.131382 0.134642 0.140237 0.149079 0.162042 0.163864 0.166036 0.168820 0.162331 0.155494 0.148953 0.156827 0.161907 0.167196 0.169400 0.177293 0.184330 0.180417 0.174138 0.168076 0.172119 0.181950 0.192533 0.196812 0.198964 0.199775 0.192700 0.189095 0.186817 0.186692 0.183540 0.185182 0.193742 0.206249 0.207123 0.198463 0.182263 0.160366 0.142269 0.132416 0.134287 0.131925 0.129883 0.128376 0.123298 0.119487 0.119592 0.116673 0.114841 0.118425 0.120357 0.121004 0.119020 0.121041 0.118618 0.113444 0.108924 0.105283 0.102263 0.099452 0.098197 0.096611 0.095331
0.153686 0.158196 0.168833 0.184760 0.203571 0.214856 0.223224 0.231423 0.224603 0.216166 0.207694 0.210755 0.221911 0.233324 0.245296 0.258789 0.272625 0.268405 0.259803 0.258015 0.262171 0.278766 0.293945 0.300470 0.304584 0.311116 0.306354 0.297291 0.286454 0.275627 0.266117 0.260002 0.273785 0.288310 0.286271 0.260995 0.236930 0.208136 0.181287 0.159671 0.156322 0.156572 0.156066 0.148013 0.140876 0.132505 0.128106 0.125052 0.119842 0.121341 0.123412 0.127473 0.131637 0.131382 0.125234 0.119505 0.113805 0.108845 0.105470 0.104598 0.103619 0.101665 0.100422
0.241299 0.246271 0.259200 0.291937 0.332872 0.358581 0.368460 0.369118 0.367486 0.363478 0.353901 0.347354 0.356744 0.364427 0.368795 0.369933 0.369994 0.369999 0.369999 0.369999 0.369999 0.370000 0.370000 0.370000 0.370000 0.370000 0.370000 0.370000 0.370000 0.370000 0.369999 0.369999 0.369998 0.369999 0.369995 0.369835 0.363316 0.338601 0.298632 0.261713 0.236916 0.236160 0.223213 0.209086 0.192047 0.166906 0.155498 0.146918 0.133159 0.131245 0.136223 0.143051 0.146605 0.138978 0.132192 0.125176 0.118358 0.112411 0.110792 0.110580 0.109874 0.108486 0.107881
0.367653 0.369108 0.369928 0.369998 0.370000 0.370000 0.370000 0.370000 0.370000 0.370000 0.370000 0.370000 0.370000 0.370000 0.370000 0.370000 0.370000 0.370000 0.370000 0.370000 0.370000 0.370000 0.370000 0.370000 0.370000 0.370000 0.370000 0.370000 0.370000 0.370000 0.370000 0.370000 0.370000 0.370000 0.370000 0.370000 0.370000 0.370000 0.370000 0.369979 0.368554 0.356281 0.338146 0.316997 0.272832 0.230813 0.200238 0.178080 0.159698 0.156285 0.172655 0.190256 0.182807 0.175266 0.164362 0.150630 0.138836 0.128278 0.125607 0.124556 0.122603 0.120501 0.118511
0.370000 0.370000 0.370000 0.370000 0.370000 0.370000 0.370000 0.370000 0.370000 0.370000 0.370000 0.370000 0.370000 0.370000 0.370000 0.370000 0.370000 0.370000 0.370000 0.370000 0.370000 0.370000 0.370000 0.370000 0.370000 0.370000 0.370000 0.370000 0.370000 0.370000 0.370000 0.370000 0.370000 0.370000 0.370000 0.370000 0.370000 0.370000 0.370000 0.370000 0.370000 0.370000 0.370000 0.370000 0.369999 0.369911 0.364950 0.339035 0.296302 0.259015 0.282457 0.269495 0.257105 0.239807 0.216899 0.196389 0.177698 0.160896 0.154801 0.151880 0.147950 0.144873 0.140763
0.370000 0.370000 0.370000 0.370000 0.370000 0.370000 0.370000 0.370000 0.370000 0.370000 0.370000 0.370000 0.370000 0.370000 0.370000 0.370000 0.370000 0.370000 0.370000 0.370000 0.370000 0.370000 0.370000 0.370000 0.370000 0.370000 0.370000 0.370000 0.370000 0.370000 0.370000 0.370000 0.370000 0.370000 0.370000 0.370000 0.370000 0.370000 0.370000 0.370000 0.370000 0.370000 0.370000 0.370000 0.370000 0.370000 0.370000 0.370000 0.370000 0.369997 0.369961 0.368756 0.362487 0.340631 0.309007 0.281729 0.244632 0.213453 0.195739 0.189835 0.184373 0.177948 0.170157
0.370000 0.370000 0.370000 0.370000 0.370000 0.370000 0.370000 0.370000 0.370000 0.370000 0.370000 0.370000 0.370000 0.370000 0.370000 0.370000 0.370000 0.370000 0.370000 0.370000 0.370000 0.370000 0.370000 0.370000 0.370000 0.370000 0.370000 0.370000 0.370000 0.370000 0.370000 0.370000 0.370000 0.370000 0.370000 0.370000 0.370000 0.370000 0.370000 0.370000 0.370000 0.370000 0.370000 0.370000 0.370000 0.370000 0.370000 0.370000 0.370000 0.370000 0.370000 0.370000 0.370000 0.370000 0.370000 0.369991 0.368561 0.341754 0.306236 0.287165 0.261912 0.240825 0.225304
0.370000 0.370000 0.370000 0.370000 0.370000 0.370000 0.370000 0.370000 0.370000 0.370000 0.370000 0.370000 0.370000 0.370000 0.370000 0.370000 0.370000 0.370000 0.370000 0.370000 0.370000 0.370000 0.370000 0.370000 0.370000 0.370000 0.370000 0.370000 0.370000 0.370000 0.370000 0.370000 0.370000 0.370000 0.370000 0.370000 0.370000 0.370000 0.370000 0.370000 0.370000 0.370000 0.370000 0.370000 0.370000 0.370000 0.370000 0.370000 0.370000 0.370000 0.370000 0.370000 0.370000 0.370000 0.370000 0.370000 0.370000 0.370000 0.370000 0.369984 0.366834 0.346729 0.320573
0.370000 0.370000 0.370000 0.370000 0.370000 0.370000 0.370000 0.370000 0.370000 0.370000 0.370000 0.370000 0.370000 0.370000 0.370000 0.370000 0.370000 0.370000 0.370000 0.370000 0.370000 0.370000 0.370000 0.370000 0.370000 0.370000 0.370000 0.370000 0.370000 0.370000 0.370000 0.370000 0.370000 0.370000 0.370000 0.370000 0.370000 0.370000 0.370000 0.370000 0.370000 0.370000 0.370000 0.370000 0.370000 0.370000 0.370000 0.370000 0.370000 0.370000 0.370000 0.370000 0.370000 0.370000 0.370000 0.370000 0.370000 0.370000 0.370000 0.370000 0.370000 0.370000 0.369999
0.370000 0.370000 0.370000 0.370000 0.370000 0.370000 0.370000 0.370000 0.370000 0.370000 0.370000 0.370000 0.370000 0.370000 0.370000 0.370000 0.370000 0.370000 0.370000 0.370000 0.370000 0.370000 0.370000 0.370000 0.370000 0.370000 0.370000 0.370000 0.370000 0.370000 0.370000 0.370000 0.370000 0.370000 0.370000 0.370000 0.370000 0.370000 0.370000 0.370000 0.370000 0.370000 0.370000 0.370000 0.370000 0.370000 0.370000 0.370000 0.370000 0.370000 0.370000 0.370000 0.370000 0.370000 0.370000 0.370000 0.370000 0.370000 0.370000 0.370000 0.370000 0.370000 0.370000
0.370000 0.370000 0.370000 0.370000 0.370000 0.370000 0.370000 0.370000 0.370000 0.370000 0.370000 0.370000 0.370000 0.370000 0.370000 0.370000 0.370000 0.370000 0.370000 0.370000 0.370000 0.370000 0.370000 0.370000 0.370000 0.370000 0.370000 0.370000 0.370000 0.370000 0.370000 0.370000 0.370000 0.370000 0.370000 0.370000 0.370000 0.370000 0.370000 0.370000 0.370000 0.370000 0.370000 0.370000 0.370000 0.370000 0.370000 0.370000 0.370000 0.370000 0.370000 0.370000 0.370000 0.370000 0.370000 0.370000 0.370000 0.370000 0.370000 0.370000 0.370000 0.370000 0.370000
0.370000 0.370000 0.370000 0.370000 0.370000 0.370000 0.370000 0.370000 0.370000 0.370000 0.370000 0.370000 0.370000 0.370000 0.370000 0.370000 0.370000 0.370000 0.370000 0.370000 0.370000 0.370000 0.370000 0.370000 0.370000 0.370000 0.370000 0.370000 0.370000 0.370000 0.370000 0.370000 0.370000 0.370000 0.370000 0.370000 0.370000 0.370000 0.370000 0.370000 0.370000 0.370000 0.370000 0.370000 0.370000 0.370000 0.370000 0.370000 0.370000 0.370000 0.370000 0.370000 0.370000 0.370000 0.370000 0.370000 0.370000 0.370000 0.370000 0.370000 0.370000 0.370000 0.370000
0.370000 0.370000 0.370000 0.370000 0.370000 0.370000 0.370000 0.370000 0.370000 0.370000 0.370000 0.370000 0.370000 0.370000 0.370000 0.370000 0.370000 0.370000 0.370000 0.370000 0.370000 0.370000 0.370000 0.370000 0.370000 0.370000 0.370000 0.370000 0.370000 0.370000 0.370000 0.370000 0.370000 0.370000 0.370000 0.370000 0.370000 0.370000 0.370000 0.370000 0.370000 0.370000 0.370000 0.370000 0.370000 0.370000 0.370000 0.370000 0.370000 0.370000 0.370000 0.370000 0.370000 0.370000 0.370000 0.370000 0.370000 0.370000 0.370000 0.370000 0.370000 0.370000 0.370000
0.370000 0.370000 0.370000 0.370000 0.370000 0.370000 0.370000 0.370000 0.370000 0.370000 0.370000 0.370000 0.370000 0.370000 0.370000 0.369999 0.369996 0.369973 0.369588 0.369097 0.369484 0.369833 0.369529 0.368961 0.369013 0.368718 0.368900 0.369919 0.369995 0.369999 0.370000 0.370000 0.370000 0.370000 0.370000 0.370000 0.370000 0.370000 0.370000 0.370000 0.370000 0.370000 0.370000 0.370000 0.370000 0.370000 0.370000 0.370000 0.370000 0.370000 0.370000 0.370000 0.370000 0.370000 0.370000 0.370000 0.370000 0.370000 0.370000 0.370000 0.370000 0.370000 0.370000
0.370000 0.370000 0.370000 0.370000 0.370000 0.369999 0.369981 0.369255 0.361524 0.337378 0.317253 0.317310 0.322675 0.316252 0.297821 0.281402 0.269951 0.258193 0.243611 0.235276 0.242771 0.251522 0.253168 0.253922 0.257031 0.257215 0.255968 0.255759 0.268048 0.278321 0.289615 0.299441 0.308345 0.334402 0.355963 0.366422 0.369944 0.369999 0.370000 0.370000 0.370000 0.370000 0.370000 0.370000 0.370000 0.370000 0.370000 0.370000 0.370000 0.370000 0.370000 0.370000 0.370000 0.370000 0.370000 0.370000 0.370000 0.370000 0.370000 0.370000 0.370000 0.370000 0.370000
0.370000 0.370000 0.369961 0.359909 0.327781 0.298242 0.270654 0.245769 0.219762 0.197344 0.184024 0.188949 0.193900 0.200039 0.190361 0.181572 0.177095 0.168368 0.160377 0.153187 0.157858 0.162771 0.171166 0.172848 0.174510 0.177990 0.176750 0.175454 0.171917 0.177478 0.183320 0.191227 0.209448 0.229557 0.250671 0.269501 0.290419 0.315760 0.342905 0.363893 0.369927 0.369999 0.370000 0.370000 0.370000 0.370000 0.370000 0.370000 0.370000 0.370000 0.370000 0.370000 0.370000 0.370000 0.370000 0.370000 0.370000 0.370000 0.370000 0.370000 0.370000 0.370000 0.370000
0.320312 0.283881 0.238498 0.214142 0.198225 0.182126 0.168950 0.157553 0.144434 0.134555 0.126108 0.127767 0.132356 0.138040 0.134322 0.132317 0.131128 0.126769 0.122162 0.117870 0.119014 0.123669 0.129513 0.131659 0.133919 0.136913 0.136851 0.134287 0.130848 0.132878 0.137936 0.144496 0.155050 0.167140 0.180077 0.192844 0.208492 0.226671 0.246949 0.271071 0.298473 0.320326 0.345825 0.365419 0.369944 0.369999 0.370000 0.370000 0.370000 0.370000 0.370000 0.370000 0.370000 0.370000 0.370000 0.370000 0.370000 0.370000 0.370000 0.370000 0.370000 0.370000 0.370000
0.176984 0.158989 0.148585 0.140207 0.132740 0.126053 0.119590 0.113938 0.108910 0.104055 0.099835 0.100894 0.103725 0.106791 0.107090 0.106400 0.105753 0.103977 0.101207 0.098691 0.100159 0.103266 0.106670 0.108860 0.110439 0.112120 0.111321 0.109184 0.107198 0.108974 0.112789 0.116895 0.122354 0.129637 0.137914 0.147097 0.157940 0.170145 0.185315 0.202828 0.222381 0.242873 0.264314 0.287553 0.301918 0.317885 0.334024 0.355071 0.368072 0.369984 0.370000 0.370000 0.370000 0.370000 0.370000 0.370000 0.370000 0.370000 0.370000 0.370000 0.370000 0.370000 0.370000
0.129722 0.119769 0.113036 0.108516 0.106262 0.103160 0.099383 0.097063 0.094403 0.091387 0.091116 0.091740 0.093744 0.094179 0.094283 0.093808 0.093679 0.092916 0.091030 0.091709 0.092835 0.095170 0.096940 0.098503 0.099636 0.100428 0.100210 0.098644 0.099005 0.100353 0.103292 0.105745 0.109302 0.114761 0.119735 0.125996 0.133929 0.143215 0.154408 0.167894 0.184498 0.201459 0.216953 0.225120 0.234626 0.241624 0.238640 0.253599 0.270241 0.290164 0.318893 0.348124 0.369297 0.369999 0.370000 0.370000 0.370000 0.370000 0.370000 0.370000 0.370000 0.370000 0.370000
0.103262 0.097798 0.093824 0.092495 0.091160 0.089745 0.088193 0.086741 0.085360 0.085297 0.085114 0.085127 0.085380 0.085671 0.085908 0.085786 0.085669 0.085682 0.086195 0.086616 0.087149 0.088335 0.089610 0.090826 0.091306 0.091845 0.092163 0.092528 0.092842 0.093439 0.095173 0.097011 0.099292 0.102522 0.106121 0.110510 0.116394 0.123130 0.131414 0.142175 0.154797 0.165636 0.171399 0.177691 0.180666 0.178184 0.175809 0.181908 0.190600 0.199677 0.216748 0.236802 0.261252 0.317049 0.366849 0.369996 0.370000 0.370000 0.370000 0.370000 0.370000 0.370000 0.370000
0.091062 0.087838 0.085928 0.085072 0.084215 0.083373 0.082275 0.081405 0.081266 0.081144 0.081007 0.080896 0.081154 0.081411 0.081735 0.081658 0.081649 0.081830 0.082136 0.082533 0.083242 0.084142 0.085172 0.086565 0.086933 0.087381 0.087955 0.088201 0.088509 0.088961 0.090359 0.091834 0.093524 0.096086 0.099001 0.102571 0.107281 0.113547 0.122183 0.131434 0.142144 0.152250 0.156770 0.159241 0.158416 0.155652 0.149668 0.149734 0.155955 0.158275 0.166712 0.180248 0.190048 0.221777 0.268459 0.311797 0.356740 0.369963 0.370000 0.370000 0.370000 0.370000 0.370000
0.083780 0.082305 0.080920 0.080168 0.079553 0.078955 0.078430 0.078319 0.078158 0.078052 0.077992 0.077913 0.078070 0.078296 0.078527 0.078604 0.078731 0.078830 0.079142 0.079679 0.080207 0.080983 0.082023 0.083176 0.083578 0.084003 0.084454 0.084751 0.085111 0.085451 0.086494 0.087723 0.089021 0.091181 0.093665 0.096419 0.100939 0.107162 0.114642 0.122318 0.131272 0.141254 0.142635 0.143302 0.143100 0.137432 0.131183 0.129463 0.130848 0.131282 0.135477 0.141119 0.147037 0.163540 0.183185 0.206849 0.240395 0.292474 0.348613 0.369490 0.369999 0.370000 0.370000
