tests/Borden05m/data_simulated/sim_1/output-maps/thetaliqL0006N0003.asc
ncols         160
nrows         34
xllcorner     620200.000000
yllcorner     5168000.000000
cellsize      0.500000
NODATA_value  -9999.0
[rows 0 to 27 of 34, columns 0 to 62 of 160]
-9999.0 -9999.0 -9999.0 -9999.0 -9999.0 -9999.0 -9999.0 -9999.0 -9999.0 -9999.0 -9999.0 -9999.0 -9999.0 -9999.0 -9999.0 -9999.0 -9999.0 -9999.0 -9999.0 -9999.0 -9999.0 -9999.0 -9999.0 -9999.0 -9999.0 -9999.0 -9999.0 -9999.0 -9999.0 -9999.0 -9999.0 -9999.0 -9999.0 -9999.0 -9999.0 -9999.0 -9999.0 -9999.0 -9999.0 -9999.0 -9999.0 -9999.0 -9999.0 -9999.0 -9999.0 -9999.0 -9999.0 -9999.0 -9999.0 -9999.0 -9999.0 -9999.0 -9999.0 -9999.0 -9999.0 -9999.0 -9999.0 -9999.0 -9999.0 -9999.0 -9999.0 -9999.0 -9999.0
-9999.0 -9999.0 -9999.0 -9999.0 -9999.0 -9999.0 -9999.0 -9999.0 -9999.0 -9999.0 -9999.0 -9999.0 -9999.0 -9999.0 -9999.0 -9999.0 -9999.0 -9999.0 -9999.0 -9999.0 -9999.0 -9999.0 -9999.0 -9999.0 -9999.0 -9999.0 -9999.0 -9999.0 -9999.0 -9999.0 -9999.0 -9999.0 -9999.0 -9999.0 -9999.0 -9999.0 -9999.0 -9999.0 -9999.0 -9999.0 -9999.0 -9999.0 -9999.0 -9999.0 -9999.0 -9999.0 -9999.0 -9999.0 -9999.0 -9999.0 -9999.0 -9999.0 -9999.0 -9999.0 -9999.0 -9999.0 -9999.0 -9999.0 -9999.0 0.202182 0.198077 0.194078 0.190371
-9999.0 -9999.0 -9999.0 -9999.0 -9999.0 -9999.0 -9999.0 -9999.0 -9999.0 -9999.0 -9999.0 -9999.0 -9999.0 -9999.0 -9999.0 -9999.0 -9999.0 -9999.0 -9999.0 -9999.0 -9999.0 -9999.0 -9999.0 -9999.0 -9999.0 -9999.0 -9999.0 -9999.0 -9999.0 -9999.0 -9999.0 -9999.0 -9999.0 -9999.0 -9999.0 -9999.0 -9999.0 -9999.0 -9999.0 -9999.0 -9999.0 -9999.0 -9999.0 -9999.0 -9999.0 -9999.0 -9999.0 0.131590 0.125082 0.119339 0.118865 0.126442 0.135234 0.145409 0.155330 0.165359 0.176591 0.189164 0.191348 0.184067 0.180856 0.178572 0.176974
-9999.0 -9999.0 -9999.0 -9999.0 -9999.0 -9999.0 -9999.0 -9999.0 -9999.0 -9999.0 -9999.0 -9999.0 -9999.0 -9999.0 -9999.0 -9999.0 -9999.0 -9999.0 -9999.0 -9999.0 -9999.0 -9999.0 -9999.0 -9999.0 -9999.0 -9999.0 -9999.0 -9999.0 -9999.0 -9999.0 -9999.0 -9999.0 -9999.0 -9999.0 -9999.0 -9999.0 -9999.0 -9999.0 -9999.0 -9999.0 0.152843 0.155816 0.156706 0.150889 0.145283 0.139954 0.131711 0.125064 0.119722 0.118706 0.119411 0.121248 0.129261 0.138732 0.147304 0.155901 0.166214 0.178079 0.179764 0.172710 0.167412 0.164884 0.164706
-9999.0 -9999.0 -9999.0 -9999.0 -9999.0 -9999.0 -9999.0 -9999.0 -9999.0 -9999.0 -9999.0 -9999.0 -9999.0 -9999.0 -9999.0 -9999.0 -9999.0 -9999.0 -9999.0 -9999.0 -9999.0 -9999.0 -9999.0 -9999.0 -9999.0 -9999.0 -9999.0 -9999.0 -9999.0 -9999.0 -9999.0 -9999.0 -9999.0 -9999.0 0.116814 0.122298 0.128525 0.135498 0.142471 0.145324 0.148047 0.150837 0.148748 0.146241 0.140916 0.133129 0.125622 0.120665 0.119652 0.118709 0.119985 0.124234 0.130036 0.136402 0.145406 0.156528 0.161133 0.167813 0.169380 0.166146 0.166386 0.166989 0.167661
-9999.0 -9999.0 -9999.0 -9999.0 -9999.0 -9999.0 -9999.0 -9999.0 -9999.0 -9999.0 -9999.0 -9999.0 -9999.0 -9999.0 -9999.0 -9999.0 -9999.0 -9999.0 -9999.0 -9999.0 -9999.0 -9999.0 -9999.0 -9999.0 -9999.0 -9999.0 -9999.0 -9999.0 0.118505 0.116656 0.115043 0.114511 0.114040 0.113585 0.115478 0.119133 0.125103 0.132887 0.137905 0.140796 0.143524 0.143736 0.141430 0.140231 0.140101 0.135031 0.130320 0.126194 0.122471 0.122003 0.125084 0.129837 0.135846 0.141853 0.148589 0.155300 0.162868 0.175211 0.180343 0.176086 0.172067 0.169493 0.169556
-9999.0 -9999.0 -9999.0 -9999.0 -9999.0 -9999.0 -9999.0 -9999.0 -9999.0 -9999.0 -9999.0 -9999.0 -9999.0 -9999.0 -9999.0 -9999.0 -9999.0 -9999.0 -9999.0 -9999.0 -9999.0 -9999.0 -9999.0 0.110555 0.112146 0.113830 0.115804 0.115953 0.114586 0.112896 0.111907 0.111366 0.110862 0.111879 0.114102 0.117992 0.122936 0.130422 0.133559 0.136171 0.141373 0.142008 0.143703 0.145290 0.144156 0.142765 0.137453 0.133740 0.136056 0.138505 0.140906 0.143806 0.149486 0.157100 0.166569 0.178673 0.192512 0.205665 0.217772 0.212657 0.205601 0.196831 0.196704
-9999.0 -9999.0 -9999.0 -9999.0 -9999.0 -9999.0 -9999.0 -9999.0 -9999.0 -9999.0 -9999.0 -9999.0 -9999.0 -9999.0 -9999.0 -9999.0 -9999.0 -9999.0 -9999.0 0.104799 0.104925 0.105060 0.106003 0.106184 0.106644 0.108227 0.110152 0.110541 0.110053 0.109488 0.109756 0.110299 0.111218 0.114222 0.118123 0.122439 0.127180 0.134937 0.140932 0.147144 0.154939 0.153669 0.150929 0.149407 0.149249 0.149298 0.152463 0.154272 0.156748 0.159752 0.163320 0.167742 0.173330 0.184412 0.197585 0.211632 0.225673 0.239516 0.253582 0.250306 0.240413 0.230218 0.229997
-9999.0 -9999.0 -9999.0 -9999.0 -9999.0 -9999.0 -9999.0 -9999.0 -9999.0 -9999.0 -9999.0 -9999.0 -9999.0 -9999.0 -9999.0 -9999.0 0.099230 0.099532 0.099856 0.100809 0.101187 0.101893 0.103211 0.103327 0.104069 0.105527 0.106573 0.108440 0.110233 0.112008 0.113457 0.114040 0.116118 0.118849 0.122467 0.127756 0.136083 0.145670 0.153239 0.161614 0.170727 0.170265 0.168996 0.169114 0.169171 0.173899 0.185210 0.188829 0.191015 0.204305 0.214185 0.217422 0.221826 0.234471 0.252047 0.272279 0.295496 0.309818 0.321380 0.324097 0.315287 0.312223 0.315028
-9999.0 -9999.0 -9999.0 -9999.0 -9999.0 -9999.0 -9999.0 -9999.0 -9999.0 -9999.0 -9999.0 -9999.0 -9999.0 0.092314 0.092875 0.094155 0.095288 0.095561 0.096099 0.096944 0.098998 0.099549 0.100637 0.102053 0.104282 0.106036 0.108074 0.110863 0.112958 0.114783 0.116672 0.118604 0.122875 0.128069 0.133955 0.142260 0.152027 0.162802 0.174718 0.183334 0.192208 0.194293 0.192037 0.192273 0.197456 0.210305 0.224006 0.233592 0.250679 0.268464 0.278666 0.287751 0.293315 0.300543 0.312555 0.332166 0.347273 0.355939 0.359743 0.362643 0.362624 0.363007 0.363427
-9999.0 -9999.0 -9999.0 -9999.0 -9999.0 -9999.0 -9999.0 -9999.0 -9999.0 -9999.0 0.087830 0.088121 0.087709 0.087821 0.088284 0.089631 0.091228 0.092128 0.093639 0.096768 0.099650 0.100202 0.103074 0.105061 0.106384 0.108798 0.111991 0.115433 0.120551 0.124542 0.128959 0.137039 0.143870 0.151193 0.159785 0.170187 0.182734 0.202998 0.222526 0.232723 0.251398 0.262524 0.258689 0.257588 0.262340 0.275502 0.292967 0.311111 0.324289 0.337551 0.346142 0.350868 0.353856 0.356969 0.360218 0.365111 0.368511 0.369624 0.369940 0.369990 0.369996 0.369998 0.369999
-9999.0 -9999.0 -9999.0 -9999.0 -9999.0 -9999.0 -9999.0 -9999.0 0.085385 0.086018 0.086652 0.086313 0.085799 0.085485 0.086728 0.088416 0.090279 0.092441 0.094706 0.097497 0.100242 0.103476 0.107593 0.110343 0.113316 0.117440 0.121481 0.127483 0.135378 0.141569 0.150429 0.161310 0.171980 0.182314 0.193467 0.205257 0.226205 0.252141 0.276474 0.294350 0.312192 0.326485 0.326155 0.327355 0.329226 0.341221 0.352126 0.359988 0.365025 0.368102 0.369416 0.369747 0.369868 0.369951 0.369992 0.370000 0.370000 0.370000 0.370000 0.370000 0.370000 0.370000 0.370000
-9999.0 -9999.0 -9999.0 -9999.0 -9999.0 -9999.0 0.083157 0.085286 0.086728 0.085912 0.085175 0.084857 0.084538 0.086180 0.088408 0.090362 0.092503 0.094959 0.097506 0.100183 0.107645 0.111361 0.115288 0.121270 0.125599 0.130286 0.136800 0.146938 0.158304 0.177237 0.197108 0.216268 0.235545 0.249817 0.262975 0.276768 0.298963 0.321720 0.339339 0.350383 0.357841 0.363218 0.364677 0.365515 0.366647 0.368190 0.369444 0.369920 0.370000 0.370000 0.370000 0.370000 0.370000 0.370000 0.370000 0.370000 0.370000 0.370000 0.370000 0.370000 0.370000 0.370000 0.370000
-9999.0 -9999.0 -9999.0 -9999.0 0.080664 0.082171 0.083861 0.086802 0.089322 0.088622 0.089494 0.089552 0.089391 0.089577 0.090160 0.092453 0.094920 0.097668 0.101053 0.109513 0.120797 0.126202 0.136461 0.150628 0.157204 0.164568 0.172668 0.186446 0.206702 0.232580 0.269309 0.298281 0.314595 0.326929 0.336233 0.345305 0.354970 0.362601 0.367135 0.369222 0.369852 0.369984 0.369999 0.370000 0.370000 0.370000 0.370000 0.370000 0.370000 0.370000 0.370000 0.370000 0.370000 0.370000 0.370000 0.370000 0.370000 0.370000 0.370000 0.370000 0.370000 0.370000 0.370000
-9999.0 -9999.0 -9999.0 0.077931 0.080171 0.082804 0.085223 0.088449 0.092399 0.093371 0.094516 0.095580 0.096734 0.098226 0.100085 0.103125 0.105823 0.108282 0.113323 0.124266 0.137793 0.153810 0.170995 0.190288 0.205866 0.216279 0.227381 0.245101 0.274936 0.302929 0.332150 0.352642 0.361442 0.365346 0.367392 0.368871 0.369576 0.369956 0.370000 0.370000 0.370000 0.370000 0.370000 0.370000 0.370000 0.370000 0.370000 0.370000 0.370000 0.370000 0.370000 0.370000 0.370000 0.370000 0.370000 0.370000 0.370000 0.370000 0.370000 0.370000 0.370000 0.370000 0.370000
-9999.0 -9999.0 0.075807 0.077444 0.079416 0.083143 0.088226 0.092363 0.098816 0.103818 0.105331 0.109819 0.114309 0.116711 0.121985 0.127812 0.131893 0.132356 0.136355 0.153011 0.184101 0.218388 0.244347 0.287271 0.308801 0.320752 0.326532 0.337618 0.349377 0.360947 0.367591 0.369656 0.369988 0.370000 0.370000 0.370000 0.370000 0.370000 0.370000 0.370000 0.370000 0.370000 0.370000 0.370000 0.370000 0.370000 0.370000 0.370000 0.370000 0.370000 0.370000 0.370000 0.370000 0.370000 0.370000 0.370000 0.370000 0.370000 0.370000 0.370000 0.370000 0.370000 0.370000
-9999.0 -9999.0 0.074889 0.076638 0.078895 0.084076 0.092318 0.098247 0.106983 0.118615 0.124695 0.133049 0.141698 0.151058 0.163060 0.176937 0.177663 0.178115 0.176630 0.212387 0.256096 0.303609 0.343147 0.360551 0.366248 0.366984 0.367414 0.368491 0.369454 0.369981 0.370000 0.370000 0.370000 0.370000 0.370000 0.370000 0.370000 0.370000 0.370000 0.370000 0.370000 0.370000 0.370000 0.370000 0.370000 0.370000 0.370000 0.370000 0.370000 0.370000 0.370000 0.370000 0.370000 0.370000 0.370000 0.370000 0.370000 0.370000 0.370000 0.370000 0.370000 0.370000 0.370000
-9999.0 0.072440 0.073796 0.075696 0.079217 0.084450 0.095029 0.111755 0.126175 0.142039 0.155113 0.166319 0.203791 0.241177 0.260559 0.282441 0.278497 0.274482 0.266280 0.295300 0.328966 0.361270 0.369914 0.370000 0.370000 0.370000 0.370000 0.370000 0.370000 0.370000 0.370000 0.370000 0.370000 0.370000 0.370000 0.370000 0.370000 0.370000 0.370000 0.370000 0.370000 0.370000 0.370000 0.370000 0.370000 0.370000 0.370000 0.370000 0.370000 0.370000 0.370000 0.370000 0.370000 0.370000 0.370000 0.370000 0.370000 0.370000 0.370000 0.370000 0.370000 0.370000 0.370000
-9999.0 0.071737 0.073118 0.075476 0.078963 0.085113 0.101435 0.138257 0.158986 0.177398 0.196827 0.234204 0.300034 0.337543 0.351626 0.361540 0.361086 0.358275 0.357938 0.364423 0.369012 0.369999 0.370000 0.370000 0.370000 0.370000 0.370000 0.370000 0.370000 0.370000 0.370000 0.370000 0.370000 0.370000 0.370000 0.370000 0.370000 0.370000 0.370000 0.370000 0.370000 0.370000 0.370000 0.370000 0.370000 0.370000 0.370000 0.370000 0.370000 0.370000 0.370000 0.370000 0.370000 0.370000 0.370000 0.370000 0.370000 0.370000 0.370000 0.370000 0.370000 0.370000 0.370000
-9999.0 0.071342 0.072763 0.074730 0.078136 0.088672 0.109728 0.157139 0.212259 0.238403 0.277796 0.334088 0.363623 0.369708 0.369999 0.370000 0.370000 0.370000 0.370000 0.370000 0.370000 0.370000 0.370000 0.370000 0.370000 0.370000 0.370000 0.370000 0.370000 0.370000 0.370000 0.370000 0.370000 0.370000 0.370000 0.370000 0.370000 0.370000 0.370000 0.370000 0.370000 0.370000 0.370000 0.370000 0.370000 0.370000 0.370000 0.370000 0.370000 0.370000 0.370000 0.370000 0.370000 0.370000 0.370000 0.370000 0.370000 0.370000 0.370000 0.370000 0.370000 0.370000 0.370000
-9999.0 0.070164 0.071359 0.072722 0.078022 0.092324 0.118022 0.192831 0.289624 0.319837 0.356825 0.369232 0.370000 0.370000 0.370000 0.370000 0.370000 0.370000 0.370000 0.370000 0.370000 0.370000 0.370000 0.370000 0.370000 0.370000 0.370000 0.370000 0.370000 0.370000 0.370000 0.370000 0.370000 0.370000 0.370000 0.370000 0.370000 0.370000 0.370000 0.370000 0.370000 0.370000 0.370000 0.370000 0.370000 0.370000 0.370000 0.370000 0.370000 0.370000 0.370000 0.370000 0.370000 0.370000 0.370000 0.370000 0.370000 0.370000 0.370000 0.370000 0.370000 0.370000 0.370000
-9999.0 0.069350 0.070156 0.071918 0.076915 0.089635 0.121567 0.213531 0.337807 0.363615 0.369677 0.370000 0.370000 0.370000 0.370000 0.370000 0.370000 0.370000 0.370000 0.370000 0.370000 0.370000 0.370000 0.370000 0.370000 0.370000 0.370000 0.370000 0.370000 0.370000 0.370000 0.370000 0.370000 0.370000 0.370000 0.370000 0.370000 0.370000 0.370000 0.370000 0.370000 0.370000 0.370000 0.370000 0.370000 0.370000 0.370000 0.370000 0.370000 0.370000 0.370000 0.370000 0.370000 0.370000 0.370000 0.370000 0.370000 0.370000 0.370000 0.370000 0.369999 0.369978 0.369942
-9999.0 0.068770 0.069626 0.070960 0.074217 0.081130 0.097110 0.148723 0.256713 0.360518 0.369998 0.370000 0.370000 0.370000 0.370000 0.370000 0.370000 0.370000 0.370000 0.370000 0.370000 0.370000 0.370000 0.370000 0.370000 0.370000 0.370000 0.370000 0.370000 0.370000 0.370000 0.370000 0.370000 0.370000 0.370000 0.370000 0.370000 0.370000 0.370000 0.370000 0.370000 0.370000 0.370000 0.370000 0.370000 0.370000 0.370000 0.370000 0.370000 0.370000 0.370000 0.370000 0.370000 0.370000 0.370000 0.370000 0.370000 0.369968 0.369749 0.368768 0.364991 0.360016 0.358060
-9999.0 -9999.0 0.069069 0.070123 0.072025 0.075958 0.084353 0.109273 0.172220 0.307401 0.357553 0.368791 0.369966 0.370000 0.370000 0.370000 0.370000 0.370000 0.370000 0.370000 0.370000 0.370000 0.370000 0.370000 0.370000 0.370000 0.370000 0.370000 0.370000 0.370000 0.370000 0.370000 0.370000 0.370000 0.370000 0.370000 0.370000 0.370000 0.370000 0.370000 0.370000 0.370000 0.370000 0.370000 0.370000 0.370000 0.370000 0.370000 0.369996 0.369972 0.369943 0.369904 0.369848 0.369704 0.369447 0.368918 0.367243 0.364446 0.360250 0.350330 0.333738 0.310816 0.288751
-9999.0 -9999.0 0.068572 0.069317 0.070693 0.073263 0.077442 0.086164 0.114480 0.164410 0.229833 0.293074 0.333175 0.354800 0.364849 0.369100 0.369737 0.369858 0.369862 0.369921 0.369983 0.369999 0.370000 0.370000 0.370000 0.370000 0.370000 0.370000 0.370000 0.370000 0.369998 0.369945 0.369850 0.369779 0.369832 0.369899 0.369867 0.369755 0.369490 0.368958 0.368249 0.367240 0.366739 0.366508 0.366398 0.366001 0.365375 0.363766 0.361504 0.359621 0.357915 0.356325 0.355418 0.353216 0.350129 0.347709 0.340520 0.329312 0.314747 0.292989 0.263662 0.239211 0.215752
-9999.0 -9999.0 -9999.0 0.068779 0.069544 0.070630 0.072413 0.074809 0.080231 0.091424 0.109845 0.140490 0.171925 0.204193 0.239999 0.278189 0.300453 0.309868 0.315649 0.338768 0.348569 0.358328 0.363751 0.365776 0.367386 0.368420 0.368638 0.368083 0.367170 0.365144 0.361209 0.355766 0.351942 0.352140 0.352212 0.353078 0.351372 0.349575 0.345236 0.339703 0.333406 0.328292 0.326053 0.323694 0.322167 0.320148 0.318104 0.314088 0.308738 0.303066 0.298302 0.296404 0.294330 0.291097 0.286465 0.281576 0.273531 0.253877 0.234453 0.214148 0.191969 0.172040 0.155294
-9999.0 -9999.0 -9999.0 -9999.0 -9999.0 0.069101 0.070017 0.071293 0.073020 0.075463 0.079755 0.088022 0.094556 0.103228 0.115935 0.129596 0.143391 0.160594 0.186134 0.214056 0.246501 0.271925 0.296581 0.314969 0.323059 0.330309 0.333014 0.328265 0.323086 0.314593 0.299355 0.283870 0.280356 0.280635 0.280909 0.279636 0.275833 0.271933 0.266623 0.256441 0.247263 0.243146 0.240130 0.237118 0.234003 0.231360 0.228867 0.226382 0.220042 0.214877 0.215277 0.213551 0.211831 0.210146 0.205732 0.200944 0.195240 0.179156 0.166184 0.157745 0.142518 0.130839 0.123639
-9999.0 -9999.0 -9999.0 -9999.0 -9999.0 -9999.0 0.068789 0.069458 0.070263 0.071412 0.073250 0.075652 0.077075 0.079731 0.083439 0.088590 0.095892 0.103250 0.112805 0.125351 0.141713 0.158320 0.178495 0.201019 0.210900 0.219129 0.227373 0.220775 0.214131 0.207584 0.192874 0.189761 0.185926 0.185973 0.185787 0.185654 0.182390 0.178901 0.175628 0.169197 0.166144 0.162931 0.160714 0.158625 0.156532 0.154801 0.153534 0.152317 0.149351 0.149803 0.150041 0.149193 0.148162 0.147095 0.144339 0.140677 0.137228 0.130654 0.125501 0.120742 0.113255 0.108329 0.103880
