tests/Borden05m/data_simulated/sim_1/output-maps/thetaliqL0005N0003.asc
ncols         160
nrows         34
xllcorner     620200.000000
yllcorner     5168000.000000
cellsize      0.500000
NODATA_value  -9999.0
[rows 0 to 27 of 34, columns 63 to 125 of 160]
-9999.0 -9999.0 -9999.0 -9999.0 -9999.0 -9999.0 -9999.0 -9999.0 -9999.0 -9999.0 -9999.0 -9999.0 -9999.0 -9999.0 -9999.0 -9999.0 -9999.0 -9999.0 -9999.0 -9999.0 -9999.0 -9999.0 -9999.0 -9999.0 -9999.0 -9999.0 -9999.0 -9999.0 -9999.0 -9999.0 -9999.0 -9999.0 -9999.0 -9999.0 -9999.0 -9999.0 -9999.0 -9999.0 -9999.0 -9999.0 -9999.0 -9999.0 -9999.0 -9999.0 -9999.0 -9999.0 -9999.0 -9999.0 -9999.0 -9999.0 -9999.0 -9999.0 -9999.0 -9999.0 -9999.0 -9999.0 -9999.0 -9999.0 -9999.0 -9999.0 -9999.0 -9999.0 -9999.0
0.122489 0.119423 0.116666 0.115443 0.115127 0.114818 0.114660 0.116157 0.118480 0.120827 0.123183 0.123938 0.124737 0.125539 0.125707 0.125206 0.124046 0.122905 0.121747 0.121264 0.118547 0.115103 0.112560 0.111805 0.113033 0.114299 0.115028 0.116875 0.120287 0.123955 0.127020 0.131421 0.133550 0.135717 0.137216 0.135648 0.134310 0.132986 0.131351 0.127291 -9999.0 -9999.0 -9999.0 -9999.0 -9999.0 -9999.0 -9999.0 -9999.0 -9999.0 -9999.0 -9999.0 -9999.0 -9999.0 -9999.0 -9999.0 -9999.0 -9999.0 -9999.0 -9999.0 -9999.0 -9999.0 -9999.0 -9999.0
0.117316 0.114650 0.113053 0.111510 0.111042 0.110971 0.110932 0.112006 0.114633 0.116915 0.118328 0.119017 0.119726 0.119808 0.119632 0.119466 0.118530 0.117463 0.116424 0.115882 0.115807 0.113626 0.112191 0.111343 0.111096 0.111727 0.112334 0.113094 0.115869 0.118411 0.121095 0.125870 0.130397 0.132471 0.131655 0.129824 0.128592 0.126482 0.123273 0.119921 0.116641 0.114570 0.113153 0.111887 0.113613 0.115430 0.118631 0.122049 0.126260 0.130813 -9999.0 -9999.0 -9999.0 -9999.0 -9999.0 -9999.0 -9999.0 -9999.0 -9999.0 -9999.0 -9999.0 -9999.0 -9999.0
0.113546 0.112414 0.111083 0.110086 0.111934 0.112192 0.112454 0.113264 0.114232 0.114705 0.115475 0.116980 0.119668 0.120434 0.120546 0.120540 0.119923 0.118920 0.118351 0.117484 0.115919 0.115677 0.115825 0.115887 0.117488 0.117935 0.118277 0.116113 0.117070 0.119020 0.121254 0.123726 0.126289 0.128196 0.127193 0.126782 0.124042 0.119675 0.116257 0.113825 0.113089 0.112325 0.110424 0.107576 0.109279 0.113411 0.114801 0.116008 0.119760 0.123864 0.127480 0.128158 0.128084 0.128010 0.127149 0.122390 0.117772 0.113557 0.108738 -9999.0 -9999.0 -9999.0 -9999.0
0.113921 0.113001 0.112646 0.116297 0.119107 0.119526 0.120358 0.121323 0.120730 0.116768 0.115906 0.118466 0.121767 0.123709 0.123674 0.123598 0.123130 0.122741 0.122510 0.121643 0.122062 0.122955 0.123332 0.125186 0.127187 0.128153 0.124872 0.121723 0.121811 0.124380 0.127170 0.129963 0.134431 0.139571 0.139069 0.136730 0.133292 0.128208 0.120302 0.114371 0.111657 0.110142 0.108551 0.108312 0.107985 0.110585 0.111150 0.111660 0.114150 0.117217 0.120388 0.122317 0.122239 0.122156 0.121440 0.118510 0.114234 0.110337 0.106408 0.101115 0.096073 0.091935 0.091855
0.115426 0.116468 0.120644 0.125248 0.130836 0.131674 0.132520 0.132312 0.128349 0.124591 0.122968 0.128324 0.134271 0.137596 0.137948 0.138368 0.142209 0.141027 0.139540 0.136931 0.138002 0.139492 0.145017 0.148499 0.151663 0.150613 0.144990 0.140160 0.139241 0.139897 0.140544 0.143173 0.148290 0.153704 0.151479 0.147922 0.143114 0.130977 0.121017 0.115862 0.116291 0.116597 0.115427 0.114643 0.113635 0.111553 0.111543 0.111522 0.111482 0.114848 0.118505 0.119655 0.117881 0.116891 0.116296 0.113818 0.110967 0.107276 0.103554 0.099880 0.095047 0.093912 0.092826
0.130425 0.133605 0.139073 0.147630 0.159888 0.161808 0.163894 0.166407 0.160353 0.153881 0.147751 0.155149 0.160048 0.165080 0.167242 0.174546 0.180955 0.177391 0.171587 0.165977 0.169722 0.178765 0.188394 0.192306 0.194230 0.194819 0.188456 0.185179 0.183157 0.183082 0.180330 0.181951 0.189857 0.201137 0.201937 0.194081 0.179113 0.158532 0.141188 0.131612 0.133179 0.130920 0.128923 0.127356 0.122462 0.118740 0.118687 0.115899 0.114157 0.117531 0.119445 0.120133 0.118323 0.120129 0.117738 0.112726 0.108293 0.104687 0.101689 0.098931 0.097608 0.096052 0.094873
0.152307 0.156646 0.166686 0.181381 0.197967 0.207010 0.212810 0.219304 0.214051 0.207322 0.200584 0.203610 0.213014 0.222215 0.231307 0.241039 0.250526 0.245893 0.238474 0.236674 0.239652 0.252306 0.263365 0.267409 0.269493 0.273553 0.269698 0.263574 0.256582 0.249770 0.243767 0.239837 0.251582 0.263209 0.262220 0.243898 0.225788 0.201837 0.178052 0.158086 0.154868 0.155024 0.154426 0.146753 0.139790 0.131651 0.127292 0.124215 0.119196 0.120590 0.122643 0.126559 0.130449 0.130106 0.124210 0.118588 0.112998 0.108143 0.104843 0.103894 0.102878 0.101007 0.099843
0.227876 0.231475 0.240547 0.262028 0.288787 0.308022 0.323812 0.326350 0.319617 0.312549 0.301959 0.296453 0.305310 0.313649 0.321892 0.330175 0.337888 0.342835 0.343007 0.343226 0.344479 0.346057 0.348744 0.351929 0.355099 0.358217 0.359304 0.356338 0.352196 0.346553 0.340487 0.337961 0.336285 0.339168 0.339001 0.328892 0.312143 0.291566 0.264969 0.241009 0.224302 0.225299 0.215059 0.202981 0.187780 0.164727 0.153807 0.145466 0.132368 0.130507 0.135323 0.141890 0.145213 0.137980 0.131337 0.124428 0.117711 0.111878 0.110198 0.109901 0.109160 0.107795 0.107187
0.319080 0.322312 0.327725 0.346396 0.361246 0.368459 0.369942 0.369992 0.369946 0.369586 0.368510 0.366875 0.366731 0.368642 0.369867 0.369999 0.370000 0.370000 0.370000 0.370000 0.370000 0.370000 0.370000 0.370000 0.370000 0.370000 0.370000 0.370000 0.370000 0.370000 0.370000 0.370000 0.370000 0.369995 0.369985 0.369951 0.368821 0.364023 0.352936 0.334817 0.318764 0.305072 0.292321 0.278402 0.247167 0.217014 0.192911 0.174273 0.157851 0.154873 0.170193 0.186360 0.179807 0.172699 0.162304 0.149160 0.137720 0.127492 0.124772 0.123664 0.121740 0.119674 0.117727
0.369788 0.369974 0.369999 0.370000 0.370000 0.370000 0.370000 0.370000 0.370000 0.370000 0.370000 0.370000 0.370000 0.370000 0.370000 0.370000 0.370000 0.370000 0.370000 0.370000 0.370000 0.370000 0.370000 0.370000 0.370000 0.370000 0.370000 0.370000 0.370000 0.370000 0.370000 0.370000 0.370000 0.370000 0.370000 0.370000 0.370000 0.370000 0.370000 0.369998 0.368876 0.363822 0.359497 0.354323 0.347863 0.326159 0.310828 0.288024 0.259882 0.236635 0.259216 0.251808 0.243249 0.229850 0.210466 0.192140 0.174894 0.159087 0.153147 0.150252 0.146456 0.143418 0.139421
0.370000 0.370000 0.370000 0.370000 0.370000 0.370000 0.370000 0.370000 0.370000 0.370000 0.370000 0.370000 0.370000 0.370000 0.370000 0.370000 0.370000 0.370000 0.370000 0.370000 0.370000 0.370000 0.370000 0.370000 0.370000 0.370000 0.370000 0.370000 0.370000 0.370000 0.370000 0.370000 0.370000 0.370000 0.370000 0.370000 0.370000 0.370000 0.370000 0.370000 0.370000 0.370000 0.370000 0.370000 0.370000 0.370000 0.369990 0.368664 0.359217 0.341153 0.328792 0.321658 0.313381 0.295759 0.274776 0.256970 0.231015 0.206565 0.191500 0.186294 0.181324 0.175327 0.167981
0.370000 0.370000 0.370000 0.370000 0.370000 0.370000 0.370000 0.370000 0.370000 0.370000 0.370000 0.370000 0.370000 0.370000 0.370000 0.370000 0.370000 0.370000 0.370000 0.370000 0.370000 0.370000 0.370000 0.370000 0.370000 0.370000 0.370000 0.370000 0.370000 0.370000 0.370000 0.370000 0.370000 0.370000 0.370000 0.370000 0.370000 0.370000 0.370000 0.370000 0.370000 0.370000 0.370000 0.370000 0.370000 0.370000 0.370000 0.370000 0.370000 0.370000 0.369787 0.367922 0.364324 0.356748 0.348353 0.340304 0.318741 0.293168 0.272098 0.262619 0.246636 0.230918 0.218254
0.370000 0.370000 0.370000 0.370000 0.370000 0.370000 0.370000 0.370000 0.370000 0.370000 0.370000 0.370000 0.370000 0.370000 0.370000 0.370000 0.370000 0.370000 0.370000 0.370000 0.370000 0.370000 0.370000 0.370000 0.370000 0.370000 0.370000 0.370000 0.370000 0.370000 0.370000 0.370000 0.370000 0.370000 0.370000 0.370000 0.370000 0.370000 0.370000 0.370000 0.370000 0.370000 0.370000 0.370000 0.370000 0.370000 0.370000 0.370000 0.370000 0.370000 0.370000 0.370000 0.370000 0.370000 0.370000 0.370000 0.369459 0.361431 0.347412 0.334146 0.316783 0.301372 0.286463
0.370000 0.370000 0.370000 0.370000 0.370000 0.370000 0.370000 0.370000 0.370000 0.370000 0.370000 0.370000 0.370000 0.370000 0.370000 0.370000 0.370000 0.370000 0.370000 0.370000 0.370000 0.370000 0.370000 0.370000 0.370000 0.370000 0.370000 0.370000 0.370000 0.370000 0.370000 0.370000 0.370000 0.370000 0.370000 0.370000 0.370000 0.370000 0.370000 0.370000 0.370000 0.370000 0.370000 0.370000 0.370000 0.370000 0.370000 0.370000 0.370000 0.370000 0.370000 0.370000 0.370000 0.370000 0.370000 0.370000 0.370000 0.370000 0.370000 0.369394 0.363973 0.354396 0.342290
0.370000 0.370000 0.370000 0.370000 0.370000 0.370000 0.370000 0.370000 0.370000 0.370000 0.370000 0.370000 0.370000 0.370000 0.370000 0.370000 0.370000 0.370000 0.370000 0.370000 0.370000 0.370000 0.370000 0.370000 0.370000 0.370000 0.370000 0.370000 0.370000 0.370000 0.370000 0.370000 0.370000 0.370000 0.370000 0.370000 0.370000 0.370000 0.370000 0.370000 0.370000 0.370000 0.370000 0.370000 0.370000 0.370000 0.370000 0.370000 0.370000 0.370000 0.370000 0.370000 0.370000 0.370000 0.370000 0.370000 0.370000 0.370000 0.370000 0.370000 0.370000 0.370000 0.369757
0.370000 0.370000 0.370000 0.370000 0.370000 0.370000 0.370000 0.370000 0.370000 0.370000 0.370000 0.370000 0.370000 0.370000 0.370000 0.370000 0.370000 0.370000 0.370000 0.370000 0.370000 0.370000 0.370000 0.370000 0.370000 0.370000 0.370000 0.370000 0.370000 0.370000 0.370000 0.370000 0.370000 0.370000 0.370000 0.370000 0.370000 0.370000 0.370000 0.370000 0.370000 0.370000 0.370000 0.370000 0.370000 0.370000 0.370000 0.370000 0.370000 0.370000 0.370000 0.370000 0.370000 0.370000 0.370000 0.370000 0.370000 0.370000 0.370000 0.370000 0.370000 0.370000 0.370000
0.370000 0.370000 0.370000 0.370000 0.370000 0.370000 0.370000 0.370000 0.370000 0.370000 0.370000 0.370000 0.370000 0.370000 0.370000 0.370000 0.370000 0.370000 0.370000 0.370000 0.370000 0.370000 0.370000 0.370000 0.370000 0.370000 0.370000 0.370000 0.370000 0.370000 0.370000 0.370000 0.370000 0.370000 0.370000 0.370000 0.370000 0.370000 0.370000 0.370000 0.370000 0.370000 0.370000 0.370000 0.370000 0.370000 0.370000 0.370000 0.370000 0.370000 0.370000 0.370000 0.370000 0.370000 0.370000 0.370000 0.370000 0.370000 0.370000 0.370000 0.370000 0.370000 0.370000
0.370000 0.370000 0.370000 0.370000 0.370000 0.370000 0.370000 0.370000 0.370000 0.370000 0.370000 0.370000 0.370000 0.370000 0.370000 0.370000 0.369989 0.369914 0.369847 0.369985 0.369997 0.369990 0.369882 0.369443 0.368966 0.368700 0.369265 0.369965 0.370000 0.370000 0.370000 0.370000 0.370000 0.370000 0.370000 0.370000 0.370000 0.370000 0.370000 0.370000 0.370000 0.370000 0.370000 0.370000 0.370000 0.370000 0.370000 0.370000 0.370000 0.370000 0.370000 0.370000 0.370000 0.370000 0.370000 0.370000 0.370000 0.370000 0.370000 0.370000 0.370000 0.370000 0.370000
0.370000 0.370000 0.370000 0.370000 0.370000 0.370000 0.369948 0.369435 0.368639 0.365694 0.362723 0.360136 0.359812 0.354827 0.346244 0.337511 0.332971 0.329900 0.323793 0.322116 0.325037 0.330253 0.325363 0.322165 0.323122 0.321374 0.320311 0.326957 0.336861 0.342521 0.346944 0.350038 0.351227 0.352916 0.360305 0.364199 0.367499 0.369793 0.370000 0.370000 0.370000 0.370000 0.370000 0.370000 0.370000 0.370000 0.370000 0.370000 0.370000 0.370000 0.370000 0.370000 0.370000 0.370000 0.370000 0.370000 0.370000 0.370000 0.370000 0.370000 0.370000 0.370000 0.370000
0.370000 0.370000 0.369996 0.366439 0.355096 0.344338 0.330725 0.321730 0.308464 0.287827 0.274060 0.275517 0.280757 0.277887 0.266464 0.256200 0.248605 0.239982 0.228918 0.222206 0.228164 0.234939 0.237116 0.238331 0.240941 0.241270 0.240066 0.238595 0.246393 0.252921 0.260298 0.266670 0.272459 0.291006 0.307064 0.316831 0.328578 0.339804 0.351515 0.360985 0.366442 0.369020 0.369986 0.370000 0.370000 0.370000 0.370000 0.370000 0.370000 0.370000 0.370000 0.370000 0.370000 0.370000 0.370000 0.370000 0.370000 0.370000 0.370000 0.370000 0.370000 0.370000 0.370000
0.363907 0.354183 0.331982 0.304385 0.284268 0.266627 0.248950 0.230886 0.210271 0.191567 0.179954 0.184379 0.188927 0.194534 0.186148 0.178237 0.174038 0.165919 0.158390 0.151653 0.155989 0.160686 0.168531 0.170225 0.171838 0.175041 0.173915 0.172666 0.169421 0.174510 0.179922 0.187223 0.203584 0.221026 0.238401 0.252959 0.267357 0.283183 0.299813 0.315420 0.329754 0.339610 0.348865 0.358211 0.365066 0.369136 0.369999 0.370000 0.370000 0.370000 0.370000 0.370000 0.370000 0.370000 0.370000 0.370000 0.370000 0.370000 0.370000 0.370000 0.370000 0.370000 0.370000
0.276497 0.252773 0.222078 0.205570 0.192671 0.178437 0.166284 0.155481 0.142991 0.133438 0.125343 0.126882 0.131277 0.136616 0.133183 0.131211 0.129962 0.125746 0.121272 0.117173 0.118291 0.122791 0.128411 0.130571 0.132781 0.135619 0.135552 0.133115 0.129899 0.131879 0.136788 0.143177 0.153327 0.164902 0.177157 0.189111 0.203399 0.219464 0.236525 0.255393 0.274687 0.287917 0.303637 0.319006 0.331030 0.338773 0.348424 0.359958 0.366027 0.369499 0.369999 0.370000 0.370000 0.370000 0.370000 0.370000 0.370000 0.370000 0.370000 0.370000 0.370000 0.370000 0.370000
0.173450 0.156949 0.147063 0.138954 0.131700 0.125152 0.118814 0.113256 0.108290 0.103534 0.099484 0.100475 0.103200 0.106115 0.106406 0.105732 0.105065 0.103321 0.100652 0.098288 0.099697 0.102711 0.106018 0.108179 0.109741 0.111347 0.110605 0.108571 0.106710 0.108438 0.112156 0.116209 0.121591 0.128737 0.136835 0.145794 0.156298 0.168039 0.182407 0.198688 0.216374 0.234231 0.251829 0.269248 0.277792 0.286349 0.294085 0.306914 0.319429 0.332648 0.345821 0.357139 0.367264 0.369999 0.370000 0.370000 0.370000 0.370000 0.370000 0.370000 0.370000 0.370000 0.370000
0.128642 0.118923 0.112299 0.107849 0.105530 0.102452 0.098779 0.096436 0.093818 0.090959 0.090622 0.091198 0.093042 0.093520 0.093635 0.093198 0.093038 0.092295 0.090578 0.091171 0.092263 0.094494 0.096254 0.097800 0.098918 0.099691 0.099499 0.098073 0.098405 0.099722 0.102560 0.105024 0.108549 0.113875 0.118821 0.124995 0.132779 0.141875 0.152782 0.165813 0.181597 0.197447 0.211587 0.218980 0.227144 0.232750 0.229701 0.241193 0.252984 0.265213 0.282357 0.299098 0.319757 0.344791 0.364259 0.369991 0.370000 0.370000 0.370000 0.370000 0.370000 0.370000 0.370000
0.102659 0.097292 0.093405 0.092007 0.090652 0.089229 0.087686 0.086255 0.084934 0.084775 0.084577 0.084600 0.084867 0.085161 0.085387 0.085282 0.085174 0.085180 0.085617 0.086030 0.086596 0.087762 0.089024 0.090222 0.090739 0.091273 0.091590 0.091926 0.092246 0.092870 0.094565 0.096398 0.098676 0.101871 0.105448 0.109804 0.115606 0.122277 0.130459 0.140994 0.153256 0.163767 0.169426 0.175390 0.178167 0.175848 0.173596 0.179189 0.187163 0.195354 0.210236 0.226720 0.243968 0.279353 0.314978 0.343794 0.361370 0.369512 0.370000 0.370000 0.370000 0.370000 0.370000
0.090515 0.087366 0.085457 0.084539 0.083666 0.082815 0.081768 0.080943 0.080740 0.080592 0.080457 0.080371 0.080606 0.080854 0.081145 0.081102 0.081110 0.081283 0.081584 0.081990 0.082681 0.083572 0.084598 0.085912 0.086335 0.086790 0.087337 0.087599 0.087919 0.088398 0.089749 0.091215 0.092911 0.095437 0.098336 0.101888 0.106565 0.112759 0.121212 0.130303 0.140749 0.150543 0.155002 0.157410 0.156662 0.153972 0.148314 0.148373 0.154225 0.156569 0.164594 0.177239 0.186466 0.214360 0.250917 0.277473 0.304939 0.330184 0.354357 0.365084 0.369906 0.370000 0.370000
0.083303 0.081801 0.080446 0.079671 0.079052 0.078476 0.077978 0.077820 0.077659 0.077555 0.077491 0.077424 0.077560 0.077770 0.077984 0.078074 0.078204 0.078340 0.078656 0.079165 0.079697 0.080461 0.081465 0.082561 0.083014 0.083452 0.083906 0.084221 0.084582 0.084948 0.085956 0.087162 0.088461 0.090575 0.093048 0.095848 0.100321 0.106439 0.113797 0.121386 0.130165 0.139779 0.141294 0.141975 0.141718 0.136287 0.130275 0.128560 0.129871 0.130362 0.134396 0.139911 0.145786 0.161556 0.180042 0.201388 0.229261 0.266497 0.302352 0.323711 0.343373 0.359334 0.368066
