tests/Borden05m/data_simulated/sim_1/output-maps/thetaliqL0006N0016.asc
ncols         160
nrows         34
xllcorner     620200.000000
yllcorner     5168000.000000
cellsize      0.500000
NODATA_value  -9999.0
[rows 0 to 27 of 34, columns 0 to 62 of 160]
-9999.0 -9999.0 -9999.0 -9999.0 -9999.0 -9999.0 -9999.0 -9999.0 -9999.0 -9999.0 -9999.0 -9999.0 -9999.0 -9999.0 -9999.0 -9999.0 -9999.0 -9999.0 -9999.0 -9999.0 -9999.0 -9999.0 -9999.0 -9999.0 -9999.0 -9999.0 -9999.0 -9999.0 -9999.0 -9999.0 -9999.0 -9999.0 -9999.0 -9999.0 -9999.0 -9999.0 -9999.0 -9999.0 -9999.0 -9999.0 -9999.0 -9999.0 -9999.0 -9999.0 -9999.0 -9999.0 -9999.0 -9999.0 -9999.0 -9999.0 -9999.0 -9999.0 -9999.0 -9999.0 -9999.0 -9999.0 -9999.0 -9999.0 -9999.0 -9999.0 -9999.0 -9999.0 -9999.0
-9999.0 -9999.0 -9999.0 -9999.0 -9999.0 -9999.0 -9999.0 -9999.0 -9999.0 -9999.0 -9999.0 -9999.0 -9999.0 -9999.0 -9999.0 -9999.0 -9999.0 -9999.0 -9999.0 -9999.0 -9999.0 -9999.0 -9999.0 -9999.0 -9999.0 -9999.0 -9999.0 -9999.0 -9999.0 -9999.0 -9999.0 -9999.0 -9999.0 -9999.0 -9999.0 -9999.0 -9999.0 -9999.0 -9999.0 -9999.0 -9999.0 -9999.0 -9999.0 -9999.0 -9999.0 -9999.0 -9999.0 -9999.0 -9999.0 -9999.0 -9999.0 -9999.0 -9999.0 -9999.0 -9999.0 -9999.0 -9999.0 -9999.0 -9999.0 0.204409 0.200168 0.196059 0.192266
-9999.0 -9999.0 -9999.0 -9999.0 -9999.0 -9999.0 -9999.0 -9999.0 -9999.0 -9999.0 -9999.0 -9999.0 -9999.0 -9999.0 -9999.0 -9999.0 -9999.0 -9999.0 -9999.0 -9999.0 -9999.0 -9999.0 -9999.0 -9999.0 -9999.0 -9999.0 -9999.0 -9999.0 -9999.0 -9999.0 -9999.0 -9999.0 -9999.0 -9999.0 -9999.0 -9999.0 -9999.0 -9999.0 -9999.0 -9999.0 -9999.0 -9999.0 -9999.0 -9999.0 -9999.0 -9999.0 -9999.0 0.132018 0.125391 0.119555 0.119070 0.126773 0.135714 0.146093 0.156240 0.166529 0.178092 0.191100 0.193351 0.185753 0.182458 0.180129 0.178515
-9999.0 -9999.0 -9999.0 -9999.0 -9999.0 -9999.0 -9999.0 -9999.0 -9999.0 -9999.0 -9999.0 -9999.0 -9999.0 -9999.0 -9999.0 -9999.0 -9999.0 -9999.0 -9999.0 -9999.0 -9999.0 -9999.0 -9999.0 -9999.0 -9999.0 -9999.0 -9999.0 -9999.0 -9999.0 -9999.0 -9999.0 -9999.0 -9999.0 -9999.0 -9999.0 -9999.0 -9999.0 -9999.0 -9999.0 -9999.0 0.153525 0.156579 0.157521 0.151582 0.145886 0.140492 0.132109 0.125354 0.119937 0.118923 0.119639 0.121485 0.129628 0.139284 0.148044 0.156857 0.167472 0.179744 0.181500 0.174211 0.168762 0.166178 0.166024
-9999.0 -9999.0 -9999.0 -9999.0 -9999.0 -9999.0 -9999.0 -9999.0 -9999.0 -9999.0 -9999.0 -9999.0 -9999.0 -9999.0 -9999.0 -9999.0 -9999.0 -9999.0 -9999.0 -9999.0 -9999.0 -9999.0 -9999.0 -9999.0 -9999.0 -9999.0 -9999.0 -9999.0 -9999.0 -9999.0 -9999.0 -9999.0 -9999.0 -9999.0 0.116987 0.122542 0.128844 0.135915 0.143014 0.145907 0.148665 0.151529 0.149401 0.146868 0.141453 0.133531 0.125912 0.120892 0.119885 0.118934 0.120230 0.124551 0.130459 0.136957 0.146191 0.157653 0.162407 0.169339 0.170995 0.167680 0.167971 0.168635 0.169373
-9999.0 -9999.0 -9999.0 -9999.0 -9999.0 -9999.0 -9999.0 -9999.0 -9999.0 -9999.0 -9999.0 -9999.0 -9999.0 -9999.0 -9999.0 -9999.0 -9999.0 -9999.0 -9999.0 -9999.0 -9999.0 -9999.0 -9999.0 -9999.0 -9999.0 -9999.0 -9999.0 -9999.0 0.118727 0.116853 0.115223 0.114692 0.114216 0.113744 0.115646 0.119332 0.125373 0.133276 0.138375 0.141315 0.144100 0.144323 0.141978 0.140774 0.140678 0.135519 0.130738 0.126549 0.122764 0.122296 0.125445 0.130309 0.136475 0.142661 0.149627 0.156601 0.164518 0.177461 0.182927 0.178541 0.174389 0.171739 0.171863
-9999.0 -9999.0 -9999.0 -9999.0 -9999.0 -9999.0 -9999.0 -9999.0 -9999.0 -9999.0 -9999.0 -9999.0 -9999.0 -9999.0 -9999.0 -9999.0 -9999.0 -9999.0 -9999.0 -9999.0 -9999.0 -9999.0 -9999.0 0.110707 0.112318 0.114017 0.116016 0.116160 0.114759 0.113048 0.112050 0.111504 0.110991 0.112015 0.114255 0.118183 0.123184 0.130790 0.133973 0.136635 0.141964 0.142628 0.144394 0.146059 0.144924 0.143534 0.138102 0.134317 0.136730 0.139280 0.141785 0.144815 0.150748 0.158737 0.168739 0.181621 0.196479 0.210745 0.223977 0.218751 0.211331 0.202050 0.202063
-9999.0 -9999.0 -9999.0 -9999.0 -9999.0 -9999.0 -9999.0 -9999.0 -9999.0 -9999.0 -9999.0 -9999.0 -9999.0 -9999.0 -9999.0 -9999.0 -9999.0 -9999.0 -9999.0 0.104934 0.105057 0.105185 0.106135 0.106295 0.106749 0.108344 0.110288 0.110674 0.110176 0.109603 0.109876 0.110426 0.111352 0.114392 0.118343 0.122715 0.127526 0.135441 0.141581 0.147975 0.156044 0.154766 0.151981 0.150456 0.150345 0.150452 0.153809 0.155772 0.158448 0.161716 0.165607 0.170421 0.176528 0.188606 0.203166 0.219026 0.235348 0.251662 0.268126 0.265624 0.255145 0.244414 0.244758
-9999.0 -9999.0 -9999.0 -9999.0 -9999.0 -9999.0 -9999.0 -9999.0 -9999.0 -9999.0 -9999.0 -9999.0 -9999.0 -9999.0 -9999.0 -9999.0 0.099351 0.099651 0.099967 0.100909 0.101278 0.101986 0.103315 0.103419 0.104160 0.105627 0.106672 0.108556 0.110367 0.112165 0.113633 0.114216 0.116321 0.119088 0.122762 0.128152 0.136684 0.146560 0.154414 0.163163 0.172753 0.172380 0.171168 0.171415 0.171618 0.176798 0.189059 0.193285 0.196158 0.211126 0.222564 0.226929 0.232626 0.247533 0.268363 0.293060 0.320410 0.336901 0.348261 0.351377 0.345605 0.343802 0.346584
-9999.0 -9999.0 -9999.0 -9999.0 -9999.0 -9999.0 -9999.0 -9999.0 -9999.0 -9999.0 -9999.0 -9999.0 -9999.0 0.092425 0.092985 0.094267 0.095379 0.095639 0.096170 0.097007 0.099077 0.099621 0.100710 0.102133 0.104380 0.106143 0.108195 0.111011 0.113124 0.114967 0.116881 0.118842 0.123197 0.128513 0.134565 0.143153 0.153329 0.164675 0.177372 0.186737 0.196538 0.199195 0.197121 0.197730 0.203799 0.218504 0.234702 0.247172 0.268170 0.290113 0.303628 0.315102 0.322559 0.331452 0.344174 0.359277 0.366409 0.368610 0.369242 0.369570 0.369582 0.369629 0.369676
-9999.0 -9999.0 -9999.0 -9999.0 -9999.0 -9999.0 -9999.0 -9999.0 -9999.0 -9999.0 0.087907 0.088208 0.087781 0.087872 0.088328 0.089680 0.091281 0.092176 0.093689 0.096841 0.099743 0.100276 0.103172 0.105168 0.106492 0.108925 0.112153 0.115635 0.120842 0.124913 0.129442 0.137778 0.144881 0.152564 0.161660 0.172792 0.186438 0.208699 0.230673 0.243074 0.264943 0.278860 0.276106 0.276263 0.283039 0.300007 0.321486 0.341431 0.353793 0.362417 0.366143 0.367604 0.368340 0.368926 0.369383 0.369789 0.369954 0.369990 0.369999 0.370000 0.370000 0.370000 0.370000
-9999.0 -9999.0 -9999.0 -9999.0 -9999.0 -9999.0 -9999.0 -9999.0 0.085430 0.086074 0.086716 0.086367 0.085843 0.085514 0.086762 0.088457 0.090325 0.092496 0.094767 0.097566 0.100314 0.103568 0.107723 0.110494 0.113501 0.117692 0.121809 0.127955 0.136094 0.142543 0.151866 0.163469 0.175074 0.186553 0.199193 0.212978 0.237538 0.268583 0.298293 0.320488 0.340251 0.353260 0.354365 0.356086 0.358318 0.364614 0.367997 0.369314 0.369757 0.369921 0.369980 0.369992 0.369996 0.369999 0.370000 0.370000 0.370000 0.370000 0.370000 0.370000 0.370000 0.370000 0.370000
-9999.0 -9999.0 -9999.0 -9999.0 -9999.0 -9999.0 0.083190 0.085339 0.086794 0.085951 0.085202 0.084880 0.084556 0.086211 0.088458 0.090417 0.092563 0.095027 0.097577 0.100250 0.107788 0.111529 0.115503 0.121603 0.126044 0.130886 0.137659 0.148284 0.160388 0.180855 0.203082 0.225461 0.248560 0.266611 0.283680 0.301966 0.328388 0.351037 0.363038 0.367375 0.368975 0.369633 0.369758 0.369813 0.369867 0.369936 0.369985 0.369998 0.370000 0.370000 0.370000 0.370000 0.370000 0.370000 0.370000 0.370000 0.370000 0.370000 0.370000 0.370000 0.370000 0.370000 0.370000
-9999.0 -9999.0 -9999.0 -9999.0 0.080708 0.082219 0.083905 0.086867 0.089406 0.088669 0.089552 0.089604 0.089434 0.089612 0.090188 0.092489 0.094965 0.097723 0.101122 0.109670 0.121151 0.126676 0.137295 0.152153 0.159250 0.167288 0.176280 0.191730 0.215059 0.245985 0.290172 0.325106 0.343626 0.354976 0.361619 0.365995 0.368567 0.369602 0.369898 0.369979 0.369997 0.370000 0.370000 0.370000 0.370000 0.370000 0.370000 0.370000 0.370000 0.370000 0.370000 0.370000 0.370000 0.370000 0.370000 0.370000 0.370000 0.370000 0.370000 0.370000 0.370000 0.370000 0.370000
-9999.0 -9999.0 -9999.0 0.077964 0.080223 0.082865 0.085271 0.088502 0.092473 0.093426 0.094570 0.095634 0.096789 0.098287 0.100153 0.103214 0.105935 0.108420 0.113535 0.124730 0.138772 0.155802 0.174735 0.197100 0.216035 0.229365 0.243529 0.266184 0.302663 0.335428 0.359619 0.367860 0.369408 0.369768 0.369891 0.369964 0.369990 0.369999 0.370000 0.370000 0.370000 0.370000 0.370000 0.370000 0.370000 0.370000 0.370000 0.370000 0.370000 0.370000 0.370000 0.370000 0.370000 0.370000 0.370000 0.370000 0.370000 0.370000 0.370000 0.370000 0.370000 0.370000 0.370000
-9999.0 -9999.0 0.075844 0.077492 0.079454 0.083195 0.088299 0.092422 0.098909 0.103934 0.105426 0.109960 0.114507 0.116942 0.122338 0.128348 0.132599 0.133137 0.137380 0.155159 0.189457 0.230137 0.265692 0.316865 0.340163 0.351060 0.356164 0.362923 0.367333 0.369373 0.369896 0.369991 0.370000 0.370000 0.370000 0.370000 0.370000 0.370000 0.370000 0.370000 0.370000 0.370000 0.370000 0.370000 0.370000 0.370000 0.370000 0.370000 0.370000 0.370000 0.370000 0.370000 0.370000 0.370000 0.370000 0.370000 0.370000 0.370000 0.370000 0.370000 0.370000 0.370000 0.370000
-9999.0 -9999.0 0.074917 0.076680 0.078924 0.084132 0.092421 0.098312 0.107081 0.118838 0.125001 0.133572 0.142615 0.152717 0.165904 0.181495 0.182689 0.183531 0.182605 0.224472 0.279054 0.336676 0.364748 0.369084 0.369758 0.369835 0.369875 0.369942 0.369984 0.369999 0.370000 0.370000 0.370000 0.370000 0.370000 0.370000 0.370000 0.370000 0.370000 0.370000 0.370000 0.370000 0.370000 0.370000 0.370000 0.370000 0.370000 0.370000 0.370000 0.370000 0.370000 0.370000 0.370000 0.370000 0.370000 0.370000 0.370000 0.370000 0.370000 0.370000 0.370000 0.370000 0.370000
-9999.0 0.072466 0.073827 0.075726 0.079262 0.084489 0.095095 0.111919 0.126458 0.142665 0.156326 0.168727 0.211236 0.256707 0.282360 0.308697 0.306092 0.302745 0.297026 0.330536 0.359253 0.369209 0.369994 0.370000 0.370000 0.370000 0.370000 0.370000 0.370000 0.370000 0.370000 0.370000 0.370000 0.370000 0.370000 0.370000 0.370000 0.370000 0.370000 0.370000 0.370000 0.370000 0.370000 0.370000 0.370000 0.370000 0.370000 0.370000 0.370000 0.370000 0.370000 0.370000 0.370000 0.370000 0.370000 0.370000 0.370000 0.370000 0.370000 0.370000 0.370000 0.370000 0.370000
-9999.0 0.071750 0.073149 0.075525 0.079001 0.085139 0.101526 0.138865 0.159993 0.179589 0.202243 0.250221 0.328752 0.360600 0.366580 0.368835 0.368781 0.368346 0.368407 0.369468 0.369938 0.370000 0.370000 0.370000 0.370000 0.370000 0.370000 0.370000 0.370000 0.370000 0.370000 0.370000 0.370000 0.370000 0.370000 0.370000 0.370000 0.370000 0.370000 0.370000 0.370000 0.370000 0.370000 0.370000 0.370000 0.370000 0.370000 0.370000 0.370000 0.370000 0.370000 0.370000 0.370000 0.370000 0.370000 0.370000 0.370000 0.370000 0.370000 0.370000 0.370000 0.370000 0.370000
-9999.0 0.071370 0.072837 0.074782 0.078157 0.088734 0.109859 0.158050 0.216230 0.248441 0.302913 0.359118 0.369053 0.369938 0.369993 0.369999 0.370000 0.369999 0.370000 0.370000 0.370000 0.370000 0.370000 0.370000 0.370000 0.370000 0.370000 0.370000 0.370000 0.370000 0.370000 0.370000 0.370000 0.370000 0.370000 0.370000 0.370000 0.370000 0.370000 0.370000 0.370000 0.370000 0.370000 0.370000 0.370000 0.370000 0.370000 0.370000 0.370000 0.370000 0.370000 0.370000 0.370000 0.370000 0.370000 0.370000 0.370000 0.370000 0.370000 0.370000 0.370000 0.370000 0.370000
-9999.0 0.070172 0.071394 0.072730 0.078065 0.092476 0.118233 0.195535 0.304115 0.344380 0.367714 0.369898 0.369999 0.370000 0.370000 0.370000 0.370000 0.370000 0.370000 0.370000 0.370000 0.370000 0.370000 0.370000 0.370000 0.370000 0.370000 0.370000 0.370000 0.370000 0.370000 0.370000 0.370000 0.370000 0.370000 0.370000 0.370000 0.370000 0.370000 0.370000 0.370000 0.370000 0.370000 0.370000 0.370000 0.370000 0.370000 0.370000 0.370000 0.370000 0.370000 0.370000 0.370000 0.370000 0.370000 0.370000 0.370000 0.370000 0.370000 0.370000 0.370000 0.370000 0.370000
-9999.0 0.069353 0.070165 0.071936 0.076982 0.089789 0.122019 0.220306 0.356893 0.369129 0.369969 0.369998 0.370000 0.370000 0.370000 0.370000 0.370000 0.370000 0.370000 0.370000 0.370000 0.370000 0.370000 0.370000 0.370000 0.370000 0.370000 0.370000 0.370000 0.370000 0.370000 0.370000 0.370000 0.370000 0.370000 0.370000 0.370000 0.370000 0.370000 0.370000 0.370000 0.370000 0.370000 0.370000 0.370000 0.370000 0.370000 0.370000 0.370000 0.370000 0.370000 0.370000 0.370000 0.370000 0.370000 0.370000 0.370000 0.370000 0.370000 0.370000 0.369999 0.369998 0.369997
-9999.0 0.068770 0.069641 0.070979 0.074257 0.081175 0.097173 0.149994 0.276091 0.368329 0.369999 0.370000 0.370000 0.370000 0.370000 0.370000 0.370000 0.370000 0.370000 0.370000 0.370000 0.370000 0.370000 0.370000 0.370000 0.370000 0.370000 0.370000 0.370000 0.370000 0.370000 0.370000 0.370000 0.370000 0.370000 0.370000 0.370000 0.370000 0.370000 0.370000 0.370000 0.370000 0.370000 0.370000 0.370000 0.370000 0.370000 0.370000 0.370000 0.370000 0.370000 0.370000 0.370000 0.370000 0.370000 0.370000 0.370000 0.369998 0.369991 0.369953 0.369748 0.369295 0.368938
-9999.0 -9999.0 0.069072 0.070144 0.072047 0.075984 0.084384 0.109442 0.176594 0.336540 0.367834 0.369830 0.369979 0.369998 0.370000 0.370000 0.370000 0.370000 0.370000 0.370000 0.370000 0.370000 0.370000 0.370000 0.370000 0.370000 0.370000 0.370000 0.370000 0.370000 0.370000 0.370000 0.370000 0.370000 0.370000 0.370000 0.370000 0.370000 0.370000 0.370000 0.370000 0.370000 0.370000 0.370000 0.370000 0.370000 0.370000 0.370000 0.369999 0.369998 0.369997 0.369995 0.369993 0.369986 0.369975 0.369954 0.369880 0.369706 0.369255 0.367269 0.360157 0.342544 0.319897
-9999.0 -9999.0 0.068572 0.069325 0.070720 0.073321 0.077485 0.086207 0.114819 0.168501 0.249394 0.325911 0.360006 0.367474 0.369182 0.369823 0.369927 0.369953 0.369962 0.369981 0.369994 0.369999 0.370000 0.370000 0.370000 0.370000 0.370000 0.370000 0.370000 0.370000 0.369999 0.369995 0.369991 0.369987 0.369990 0.369993 0.369991 0.369984 0.369967 0.369933 0.369888 0.369824 0.369797 0.369783 0.369778 0.369755 0.369722 0.369612 0.369409 0.369189 0.368940 0.368670 0.368470 0.368000 0.367210 0.366304 0.363231 0.356144 0.343240 0.319446 0.284411 0.254148 0.226259
-9999.0 -9999.0 -9999.0 0.068779 0.069547 0.070643 0.072434 0.074818 0.080245 0.091473 0.110244 0.143355 0.180979 0.222342 0.267871 0.312338 0.335613 0.344567 0.350263 0.363356 0.366801 0.368818 0.369519 0.369694 0.369811 0.369886 0.369902 0.369860 0.369804 0.369671 0.369318 0.368579 0.367858 0.367833 0.367807 0.367926 0.367536 0.367046 0.365742 0.363574 0.360390 0.357175 0.355443 0.353705 0.352471 0.350818 0.348927 0.345214 0.339934 0.333995 0.328644 0.325849 0.322904 0.318490 0.312300 0.305515 0.294609 0.270946 0.247318 0.223103 0.197681 0.175567 0.157429
-9999.0 -9999.0 -9999.0 -9999.0 -9999.0 0.069101 0.070023 0.071304 0.073031 0.075470 0.079765 0.088067 0.094635 0.103480 0.116805 0.131933 0.147769 0.167471 0.197060 0.231769 0.271137 0.302043 0.329037 0.346099 0.352913 0.357902 0.359473 0.356642 0.352810 0.345686 0.331229 0.314318 0.309019 0.308648 0.308666 0.307245 0.302760 0.297821 0.290857 0.278489 0.267123 0.261502 0.257550 0.253769 0.249983 0.246657 0.243415 0.239981 0.232272 0.225930 0.225781 0.223455 0.221146 0.218814 0.213473 0.207729 0.200972 0.183138 0.168932 0.159765 0.143685 0.131520 0.124102
-9999.0 -9999.0 -9999.0 -9999.0 -9999.0 -9999.0 0.068789 0.069459 0.070268 0.071421 0.073270 0.075686 0.077090 0.079751 0.083466 0.088632 0.095979 0.103404 0.113161 0.126222 0.143737 0.162130 0.185143 0.211278 0.223400 0.233595 0.243122 0.235351 0.227199 0.218864 0.201479 0.197140 0.192560 0.192450 0.192162 0.191920 0.188195 0.184205 0.180421 0.173232 0.169742 0.166169 0.163707 0.161406 0.159114 0.157215 0.155809 0.154454 0.151246 0.151655 0.151854 0.150907 0.149769 0.148594 0.145652 0.141778 0.138151 0.131310 0.125991 0.121113 0.113473 0.108488 0.104000
