tests/Borden05m/data_simulated/sim_1/output-maps/thetaliqL0005N0006.asc
ncols         160
nrows         34
xllcorner     620200.000000
yllcorner     5168000.000000
cellsize      0.500000
NODATA_value  -9999.0
[rows 0 to 27 of 34, columns 0 to 62 of 160]
-9999.0 -9999.0 -9999.0 -9999.0 -9999.0 -9999.0 -9999.0 -9999.0 -9999.0 -9999.0 -9999.0 -9999.0 -9999.0 -9999.0 -9999.0 -9999.0 -9999.0 -9999.0 -9999.0 -9999.0 -9999.0 -9999.0 -9999.0 -9999.0 -9999.0 -9999.0 -9999.0 -9999.0 -9999.0 -9999.0 -9999.0 -9999.0 -9999.0 -9999.0 -9999.0 -9999.0 -9999.0 -9999.0 -9999.0 -9999.0 -9999.0 -9999.0 -9999.0 -9999.0 -9999.0 -9999.0 -9999.0 -9999.0 -9999.0 -9999.0 -9999.0 -9999.0 -9999.0 -9999.0 -9999.0 -9999.0 -9999.0 -9999.0 -9999.0 -9999.0 -9999.0 -9999.0 -9999.0
-9999.0 -9999.0 -9999.0 -9999.0 -9999.0 -9999.0 -9999.0 -9999.0 -9999.0 -9999.0 -9999.0 -9999.0 -9999.0 -9999.0 -9999.0 -9999.0 -9999.0 -9999.0 -9999.0 -9999.0 -9999.0 -9999.0 -9999.0 -9999.0 -9999.0 -9999.0 -9999.0 -9999.0 -9999.0 -9999.0 -9999.0 -9999.0 -9999.0 -9999.0 -9999.0 -9999.0 -9999.0 -9999.0 -9999.0 -9999.0 -9999.0 -9999.0 -9999.0 -9999.0 -9999.0 -9999.0 -9999.0 -9999.0 -9999.0 -9999.0 -9999.0 -9999.0 -9999.0 -9999.0 -9999.0 -9999.0 -9999.0 -9999.0 -9999.0 0.132107 0.129907 0.127797 0.125873
-9999.0 -9999.0 -9999.0 -9999.0 -9999.0 -9999.0 -9999.0 -9999.0 -9999.0 -9999.0 -9999.0 -9999.0 -9999.0 -9999.0 -9999.0 -9999.0 -9999.0 -9999.0 -9999.0 -9999.0 -9999.0 -9999.0 -9999.0 -9999.0 -9999.0 -9999.0 -9999.0 -9999.0 -9999.0 -9999.0 -9999.0 -9999.0 -9999.0 -9999.0 -9999.0 -9999.0 -9999.0 -9999.0 -9999.0 -9999.0 -9999.0 -9999.0 -9999.0 -9999.0 -9999.0 -9999.0 -9999.0 0.097965 0.095021 0.092414 0.092213 0.095635 0.099599 0.104226 0.108803 0.113527 0.118964 0.125260 0.126376 0.122645 0.121043 0.119908 0.119117
-9999.0 -9999.0 -9999.0 -9999.0 -9999.0 -9999.0 -9999.0 -9999.0 -9999.0 -9999.0 -9999.0 -9999.0 -9999.0 -9999.0 -9999.0 -9999.0 -9999.0 -9999.0 -9999.0 -9999.0 -9999.0 -9999.0 -9999.0 -9999.0 -9999.0 -9999.0 -9999.0 -9999.0 -9999.0 -9999.0 -9999.0 -9999.0 -9999.0 -9999.0 -9999.0 -9999.0 -9999.0 -9999.0 -9999.0 -9999.0 0.107611 0.108999 0.109441 0.106718 0.104140 0.101732 0.098001 0.095001 0.092585 0.092128 0.092443 0.093274 0.096889 0.101160 0.105061 0.109045 0.113908 0.119670 0.120500 0.117012 0.114442 0.113257 0.113169
-9999.0 -9999.0 -9999.0 -9999.0 -9999.0 -9999.0 -9999.0 -9999.0 -9999.0 -9999.0 -9999.0 -9999.0 -9999.0 -9999.0 -9999.0 -9999.0 -9999.0 -9999.0 -9999.0 -9999.0 -9999.0 -9999.0 -9999.0 -9999.0 -9999.0 -9999.0 -9999.0 -9999.0 -9999.0 -9999.0 -9999.0 -9999.0 -9999.0 -9999.0 0.091292 0.093762 0.096559 0.099698 0.102863 0.104154 0.105395 0.106690 0.105726 0.104573 0.102141 0.098626 0.095241 0.093008 0.092551 0.092126 0.092700 0.094615 0.097218 0.100093 0.104191 0.109322 0.111465 0.114647 0.115396 0.113839 0.113946 0.114234 0.114560
-9999.0 -9999.0 -9999.0 -9999.0 -9999.0 -9999.0 -9999.0 -9999.0 -9999.0 -9999.0 -9999.0 -9999.0 -9999.0 -9999.0 -9999.0 -9999.0 -9999.0 -9999.0 -9999.0 -9999.0 -9999.0 -9999.0 -9999.0 -9999.0 -9999.0 -9999.0 -9999.0 -9999.0 0.092066 0.091231 0.090503 0.090265 0.090052 0.089840 0.090687 0.092329 0.095014 0.098515 0.100775 0.102080 0.103317 0.103413 0.102364 0.101814 0.101762 0.099469 0.097350 0.095498 0.093825 0.093623 0.095011 0.097146 0.099853 0.102574 0.105649 0.108821 0.112318 0.118273 0.120827 0.118710 0.116723 0.115452 0.115480
-9999.0 -9999.0 -9999.0 -9999.0 -9999.0 -9999.0 -9999.0 -9999.0 -9999.0 -9999.0 -9999.0 -9999.0 -9999.0 -9999.0 -9999.0 -9999.0 -9999.0 -9999.0 -9999.0 -9999.0 -9999.0 -9999.0 -9999.0 0.088497 0.089222 0.089979 0.090866 0.090929 0.090300 0.089535 0.089086 0.088840 0.088613 0.089067 0.090070 0.091818 0.094036 0.097397 0.098803 0.099993 0.102366 0.102640 0.103393 0.104125 0.103606 0.102985 0.100582 0.098915 0.099994 0.101122 0.102207 0.103517 0.106118 0.109667 0.114166 0.120081 0.127111 0.134084 0.140935 0.137993 0.134053 0.129294 0.129227
-9999.0 -9999.0 -9999.0 -9999.0 -9999.0 -9999.0 -9999.0 -9999.0 -9999.0 -9999.0 -9999.0 -9999.0 -9999.0 -9999.0 -9999.0 -9999.0 -9999.0 -9999.0 -9999.0 0.085904 0.085958 0.086014 0.086440 0.086514 0.086720 0.087436 0.088307 0.088475 0.088254 0.087993 0.088115 0.088359 0.088770 0.090127 0.091881 0.093816 0.095946 0.099443 0.102161 0.105013 0.108636 0.108017 0.106731 0.106020 0.105951 0.105988 0.107521 0.108404 0.109554 0.111008 0.112727 0.114835 0.117521 0.123040 0.129873 0.137551 0.145752 0.154390 0.163941 0.161712 0.155014 0.148606 0.148514
-9999.0 -9999.0 -9999.0 -9999.0 -9999.0 -9999.0 -9999.0 -9999.0 -9999.0 -9999.0 -9999.0 -9999.0 -9999.0 -9999.0 -9999.0 -9999.0 0.083376 0.083513 0.083656 0.084084 0.084247 0.084568 0.085168 0.085213 0.085549 0.086210 0.086682 0.087523 0.088329 0.089132 0.089785 0.090044 0.090983 0.092209 0.093833 0.096218 0.099990 0.104352 0.107844 0.111767 0.116127 0.115889 0.115279 0.115344 0.115388 0.117749 0.123431 0.125296 0.126508 0.133697 0.139236 0.141105 0.143656 0.151322 0.163005 0.178475 0.199735 0.215614 0.230676 0.235175 0.223200 0.219667 0.223331
-9999.0 -9999.0 -9999.0 -9999.0 -9999.0 -9999.0 -9999.0 -9999.0 -9999.0 -9999.0 -9999.0 -9999.0 -9999.0 0.080199 0.080460 0.081052 0.081558 0.081675 0.081917 0.082298 0.083245 0.083492 0.083988 0.084635 0.085645 0.086438 0.087360 0.088619 0.089561 0.090381 0.091231 0.092115 0.094047 0.096394 0.099062 0.102848 0.107340 0.112415 0.118189 0.122440 0.126996 0.128150 0.126951 0.127061 0.129820 0.136880 0.144809 0.150846 0.162365 0.175630 0.184126 0.192431 0.197855 0.205263 0.219127 0.248103 0.280227 0.307840 0.324545 0.338766 0.339710 0.341957 0.344005
-9999.0 -9999.0 -9999.0 -9999.0 -9999.0 -9999.0 -9999.0 -9999.0 -9999.0 -9999.0 0.078059 0.078204 0.078002 0.078053 0.078267 0.078904 0.079652 0.080073 0.080774 0.082224 0.083545 0.083789 0.085106 0.086005 0.086600 0.087694 0.089136 0.090687 0.093001 0.094799 0.096810 0.100504 0.103628 0.107008 0.111033 0.115994 0.122224 0.132870 0.143944 0.150189 0.162656 0.170983 0.168078 0.167276 0.170746 0.181341 0.197441 0.217759 0.235958 0.259322 0.279932 0.293805 0.303998 0.315694 0.329199 0.352645 0.369025 0.369995 0.370000 0.370000 0.370000 0.370000 0.370000
-9999.0 -9999.0 -9999.0 -9999.0 -9999.0 -9999.0 -9999.0 -9999.0 0.076879 0.077185 0.077494 0.077328 0.077077 0.076924 0.077519 0.078325 0.079206 0.080217 0.081271 0.082556 0.083815 0.085296 0.087162 0.088405 0.089749 0.091607 0.093426 0.096145 0.099720 0.102580 0.106720 0.111847 0.117015 0.122140 0.127850 0.134156 0.146295 0.163210 0.181961 0.198547 0.218452 0.238618 0.238411 0.240552 0.243803 0.266565 0.295637 0.325678 0.351256 0.367444 0.369985 0.369999 0.370000 0.370000 0.370000 0.370000 0.370000 0.370000 0.370000 0.370000 0.370000 0.370000 0.370000
-9999.0 -9999.0 -9999.0 -9999.0 -9999.0 -9999.0 0.075800 0.076839 0.077535 0.077135 0.076785 0.076633 0.076481 0.077259 0.078326 0.079249 0.080251 0.081393 0.082565 0.083804 0.087228 0.088888 0.090665 0.093392 0.095338 0.097450 0.100411 0.105070 0.110408 0.119664 0.130014 0.140749 0.152464 0.161970 0.171524 0.182676 0.203717 0.231703 0.261980 0.289868 0.316423 0.341054 0.349422 0.354033 0.359894 0.367725 0.369986 0.370000 0.370000 0.370000 0.370000 0.370000 0.370000 0.370000 0.370000 0.370000 0.370000 0.370000 0.370000 0.370000 0.370000 0.370000 0.370000
-9999.0 -9999.0 -9999.0 -9999.0 0.074578 0.075324 0.076149 0.077575 0.078781 0.078433 0.078856 0.078887 0.078814 0.078893 0.079160 0.080239 0.081385 0.082650 0.084213 0.088105 0.093180 0.095629 0.100339 0.106886 0.109977 0.113477 0.117387 0.124286 0.135151 0.150422 0.176513 0.203156 0.222253 0.240001 0.256180 0.276176 0.304583 0.337464 0.363185 0.369960 0.370000 0.370000 0.370000 0.370000 0.370000 0.370000 0.370000 0.370000 0.370000 0.370000 0.370000 0.370000 0.370000 0.370000 0.370000 0.370000 0.370000 0.370000 0.370000 0.370000 0.370000 0.370000 0.370000
-9999.0 -9999.0 -9999.0 0.073208 0.074345 0.075645 0.076815 0.078360 0.080224 0.080685 0.081215 0.081725 0.082280 0.082980 0.083857 0.085254 0.086472 0.087561 0.089840 0.094796 0.100969 0.108495 0.116750 0.126614 0.135078 0.140984 0.147526 0.158938 0.181360 0.208525 0.249424 0.298059 0.332342 0.351789 0.362873 0.369449 0.369992 0.370000 0.370000 0.370000 0.370000 0.370000 0.370000 0.370000 0.370000 0.370000 0.370000 0.370000 0.370000 0.370000 0.370000 0.370000 0.370000 0.370000 0.370000 0.370000 0.370000 0.370000 0.370000 0.370000 0.370000 0.370000 0.370000
-9999.0 -9999.0 0.072118 0.072967 0.073965 0.075824 0.078280 0.080219 0.083221 0.085533 0.086223 0.088297 0.090361 0.091475 0.093909 0.096586 0.098392 0.098557 0.100318 0.108157 0.123483 0.142336 0.159243 0.193967 0.217230 0.232423 0.240621 0.260096 0.288136 0.330477 0.365355 0.369982 0.370000 0.370000 0.370000 0.370000 0.370000 0.370000 0.370000 0.370000 0.370000 0.370000 0.370000 0.370000 0.370000 0.370000 0.370000 0.370000 0.370000 0.370000 0.370000 0.370000 0.370000 0.370000 0.370000 0.370000 0.370000 0.370000 0.370000 0.370000 0.370000 0.370000 0.370000
-9999.0 -9999.0 0.071635 0.072554 0.073709 0.076307 0.080237 0.082979 0.086986 0.092256 0.095017 0.098810 0.102925 0.107499 0.113268 0.120204 0.120371 0.120532 0.119807 0.138822 0.166820 0.210496 0.278350 0.330328 0.356312 0.359507 0.361810 0.367933 0.369957 0.370000 0.370000 0.370000 0.370000 0.370000 0.370000 0.370000 0.370000 0.370000 0.370000 0.370000 0.370000 0.370000 0.370000 0.370000 0.370000 0.370000 0.370000 0.370000 0.370000 0.370000 0.370000 0.370000 0.370000 0.370000 0.370000 0.370000 0.370000 0.370000 0.370000 0.370000 0.370000 0.370000 0.370000
-9999.0 0.070319 0.071059 0.072069 0.073892 0.076493 0.081562 0.089293 0.095745 0.102904 0.108973 0.114511 0.134450 0.157492 0.171425 0.190073 0.186223 0.182314 0.175693 0.201602 0.247375 0.337962 0.369982 0.370000 0.370000 0.370000 0.370000 0.370000 0.370000 0.370000 0.370000 0.370000 0.370000 0.370000 0.370000 0.370000 0.370000 0.370000 0.370000 0.370000 0.370000 0.370000 0.370000 0.370000 0.370000 0.370000 0.370000 0.370000 0.370000 0.370000 0.370000 0.370000 0.370000 0.370000 0.370000 0.370000 0.370000 0.370000 0.370000 0.370000 0.370000 0.370000 0.370000
-9999.0 0.069923 0.070697 0.071970 0.073768 0.076859 0.084698 0.101477 0.110939 0.119787 0.130002 0.152806 0.207983 0.265996 0.301573 0.335542 0.332670 0.320852 0.319855 0.348585 0.369669 0.370000 0.370000 0.370000 0.370000 0.370000 0.370000 0.370000 0.370000 0.370000 0.370000 0.370000 0.370000 0.370000 0.370000 0.370000 0.370000 0.370000 0.370000 0.370000 0.370000 0.370000 0.370000 0.370000 0.370000 0.370000 0.370000 0.370000 0.370000 0.370000 0.370000 0.370000 0.370000 0.370000 0.370000 0.370000 0.370000 0.370000 0.370000 0.370000 0.370000 0.370000 0.370000
-9999.0 0.069716 0.070529 0.071585 0.073373 0.078678 0.088540 0.110435 0.138793 0.154571 0.185524 0.259559 0.350644 0.369980 0.370000 0.370000 0.370000 0.370000 0.370000 0.370000 0.370000 0.370000 0.370000 0.370000 0.370000 0.370000 0.370000 0.370000 0.370000 0.370000 0.370000 0.370000 0.370000 0.370000 0.370000 0.370000 0.370000 0.370000 0.370000 0.370000 0.370000 0.370000 0.370000 0.370000 0.370000 0.370000 0.370000 0.370000 0.370000 0.370000 0.370000 0.370000 0.370000 0.370000 0.370000 0.370000 0.370000 0.370000 0.370000 0.370000 0.370000 0.370000 0.370000
-9999.0 0.069036 0.069739 0.070497 0.073405 0.080519 0.092471 0.129016 0.195666 0.231015 0.318437 0.369947 0.370000 0.370000 0.370000 0.370000 0.370000 0.370000 0.370000 0.370000 0.370000 0.370000 0.370000 0.370000 0.370000 0.370000 0.370000 0.370000 0.370000 0.370000 0.370000 0.370000 0.370000 0.370000 0.370000 0.370000 0.370000 0.370000 0.370000 0.370000 0.370000 0.370000 0.370000 0.370000 0.370000 0.370000 0.370000 0.370000 0.370000 0.370000 0.370000 0.370000 0.370000 0.370000 0.370000 0.370000 0.370000 0.370000 0.370000 0.370000 0.370000 0.370000 0.370000
-9999.0 0.068548 0.069034 0.070072 0.072857 0.079331 0.094763 0.142518 0.265074 0.343734 0.369969 0.370000 0.370000 0.370000 0.370000 0.370000 0.370000 0.370000 0.370000 0.370000 0.370000 0.370000 0.370000 0.370000 0.370000 0.370000 0.370000 0.370000 0.370000 0.370000 0.370000 0.370000 0.370000 0.370000 0.370000 0.370000 0.370000 0.370000 0.370000 0.370000 0.370000 0.370000 0.370000 0.370000 0.370000 0.370000 0.370000 0.370000 0.370000 0.370000 0.370000 0.370000 0.370000 0.370000 0.370000 0.370000 0.370000 0.370000 0.370000 0.370000 0.370000 0.370000 0.370000
-9999.0 0.068195 0.068725 0.069520 0.071383 0.075047 0.083010 0.107704 0.171670 0.334099 0.370000 0.370000 0.370000 0.370000 0.370000 0.370000 0.370000 0.370000 0.370000 0.370000 0.370000 0.370000 0.370000 0.370000 0.370000 0.370000 0.370000 0.370000 0.370000 0.370000 0.370000 0.370000 0.370000 0.370000 0.370000 0.370000 0.370000 0.370000 0.370000 0.370000 0.370000 0.370000 0.370000 0.370000 0.370000 0.370000 0.370000 0.370000 0.370000 0.370000 0.370000 0.370000 0.370000 0.370000 0.370000 0.370000 0.370000 0.370000 0.369999 0.369616 0.352433 0.328274 0.320233
-9999.0 -9999.0 0.068382 0.069030 0.070139 0.072315 0.076711 0.088943 0.119684 0.220553 0.327414 0.369938 0.370000 0.370000 0.370000 0.370000 0.370000 0.370000 0.370000 0.370000 0.370000 0.370000 0.370000 0.370000 0.370000 0.370000 0.370000 0.370000 0.370000 0.370000 0.370000 0.370000 0.370000 0.370000 0.370000 0.370000 0.370000 0.370000 0.370000 0.370000 0.370000 0.370000 0.370000 0.370000 0.370000 0.370000 0.370000 0.370000 0.370000 0.370000 0.370000 0.370000 0.370000 0.370000 0.369995 0.369666 0.363398 0.347090 0.324945 0.288883 0.251160 0.217383 0.194073
-9999.0 -9999.0 0.068071 0.068540 0.069378 0.070862 0.073136 0.077773 0.091779 0.116476 0.153969 0.207372 0.263996 0.316123 0.357708 0.369963 0.369999 0.370000 0.370000 0.370000 0.370000 0.370000 0.370000 0.370000 0.370000 0.370000 0.370000 0.370000 0.370000 0.370000 0.370000 0.370000 0.370000 0.370000 0.370000 0.370000 0.370000 0.370000 0.369994 0.369694 0.367113 0.361786 0.359169 0.358242 0.358011 0.356434 0.353836 0.346319 0.335671 0.326976 0.319611 0.312956 0.308792 0.300310 0.289902 0.282124 0.264437 0.243484 0.222356 0.197719 0.172130 0.154788 0.140455
-9999.0 -9999.0 -9999.0 0.068199 0.068674 0.069342 0.070378 0.071735 0.074756 0.080597 0.089668 0.104338 0.120148 0.137926 0.160936 0.193657 0.217061 0.227989 0.234352 0.271995 0.294529 0.325131 0.347139 0.355779 0.363443 0.367840 0.368527 0.366462 0.362183 0.352370 0.334176 0.312323 0.298867 0.298562 0.299043 0.302229 0.296835 0.290771 0.278347 0.264814 0.252163 0.243001 0.239426 0.235935 0.233819 0.230931 0.228036 0.222399 0.215515 0.208844 0.203480 0.201397 0.199257 0.195941 0.191465 0.187043 0.180044 0.164996 0.151908 0.139540 0.127383 0.117290 0.109191
-9999.0 -9999.0 -9999.0 -9999.0 -9999.0 0.068412 0.068975 0.069727 0.070728 0.072110 0.074437 0.078691 0.081964 0.086181 0.092244 0.098727 0.105153 0.113308 0.125948 0.141439 0.161777 0.181107 0.204039 0.225027 0.236466 0.248324 0.252918 0.244502 0.236195 0.223987 0.205769 0.189876 0.186517 0.186771 0.187037 0.186003 0.182701 0.179442 0.175061 0.167306 0.160674 0.157826 0.155834 0.153874 0.151901 0.150237 0.148679 0.147110 0.143280 0.140162 0.140320 0.139322 0.138340 0.137372 0.134909 0.132314 0.129266 0.120924 0.114458 0.110378 0.103256 0.097856 0.094568
-9999.0 -9999.0 -9999.0 -9999.0 -9999.0 -9999.0 0.068216 0.068630 0.069121 0.069799 0.070853 0.072193 0.072958 0.074387 0.076315 0.078878 0.082377 0.085793 0.090249 0.096088 0.103717 0.111584 0.121603 0.133399 0.138837 0.143672 0.148608 0.144470 0.140534 0.136728 0.128432 0.126626 0.124633 0.124669 0.124589 0.124531 0.122873 0.121104 0.119439 0.116148 0.114606 0.113044 0.111977 0.110979 0.109991 0.109182 0.108587 0.108011 0.106565 0.106735 0.106842 0.106425 0.105938 0.105446 0.104180 0.102494 0.100910 0.097851 0.095482 0.093310 0.089868 0.087615 0.085588
