tests/Borden05m/data_simulated/sim_1/output-maps/thetaliqL0004N0007.asc
ncols         160
nrows         34
xllcorner     620200.000000
yllcorner     5168000.000000
cellsize      0.500000
NODATA_value  -9999.0
[rows 0 to 27 of 34, columns 63 to 125 of 160]
-9999.0 -9999.0 -9999.0 -9999.0 -9999.0 -9999.0 -9999.0 -9999.0 -9999.0 -9999.0 -9999.0 -9999.0 -9999.0 -9999.0 -9999.0 -9999.0 -9999.0 -9999.0 -9999.0 -9999.0 -9999.0 -9999.0 -9999.0 -9999.0 -9999.0 -9999.0 -9999.0 -9999.0 -9999.0 -9999.0 -9999.0 -9999.0 -9999.0 -9999.0 -9999.0 -9999.0 -9999.0 -9999.0 -9999.0 -9999.0 -9999.0 -9999.0 -9999.0 -9999.0 -9999.0 -9999.0 -9999.0 -9999.0 -9999.0 -9999.0 -9999.0 -9999.0 -9999.0 -9999.0 -9999.0 -9999.0 -9999.0 -9999.0 -9999.0 -9999.0 -9999.0 -9999.0 -9999.0
0.139111 0.136578 0.133850 0.133221 0.133370 0.132933 0.132102 0.133546 0.135538 0.137348 0.139659 0.139532 0.139950 0.140813 0.141033 0.140605 0.139517 0.138710 0.137808 0.138497 0.135462 0.131607 0.128748 0.128111 0.130293 0.131754 0.131739 0.133290 0.136551 0.139581 0.141099 0.144813 0.145025 0.146628 0.148695 0.146927 0.146239 0.146060 0.146096 0.141451 -9999.0 -9999.0 -9999.0 -9999.0 -9999.0 -9999.0 -9999.0 -9999.0 -9999.0 -9999.0 -9999.0 -9999.0 -9999.0 -9999.0 -9999.0 -9999.0 -9999.0 -9999.0 -9999.0 -9999.0 -9999.0 -9999.0 -9999.0
0.132978 0.129984 0.128999 0.126947 0.126126 0.125930 0.125295 0.126093 0.129497 0.132077 0.133032 0.132813 0.132815 0.132235 0.131769 0.131857 0.130924 0.130008 0.129063 0.129088 0.130762 0.128127 0.126724 0.125519 0.124435 0.124995 0.125490 0.125855 0.129105 0.130805 0.132268 0.137142 0.141816 0.143307 0.141681 0.139664 0.139677 0.138932 0.136618 0.134338 0.133422 0.132212 0.131551 0.129940 0.132343 0.132827 0.135906 0.138716 0.142113 0.146793 -9999.0 -9999.0 -9999.0 -9999.0 -9999.0 -9999.0 -9999.0 -9999.0 -9999.0 -9999.0 -9999.0 -9999.0 -9999.0
0.128680 0.127633 0.125713 0.123140 0.126236 0.125959 0.125798 0.126494 0.127616 0.128115 0.128746 0.129803 0.132998 0.133034 0.132857 0.132983 0.132383 0.131317 0.131216 0.130544 0.128114 0.128346 0.128863 0.128446 0.130860 0.131097 0.132355 0.128267 0.129111 0.130508 0.131760 0.132909 0.134185 0.135455 0.133668 0.134598 0.132570 0.128649 0.126988 0.126474 0.128419 0.129328 0.127419 0.121959 0.124859 0.131410 0.131363 0.130824 0.134565 0.138431 0.143430 0.143066 0.142696 0.143112 0.143639 0.138906 0.135524 0.132873 0.127005 -9999.0 -9999.0 -9999.0 -9999.0
0.128741 0.126793 0.124713 0.129916 0.132487 0.131647 0.132381 0.133922 0.133814 0.127405 0.125861 0.128556 0.131632 0.133109 0.132162 0.131689 0.130666 0.130554 0.131020 0.130221 0.131125 0.132073 0.131287 0.133141 0.135256 0.137036 0.132762 0.128950 0.129162 0.132327 0.134968 0.136743 0.140729 0.146556 0.145682 0.143992 0.142481 0.140488 0.133154 0.127097 0.124630 0.123448 0.121784 0.122681 0.121708 0.126521 0.126352 0.125853 0.128557 0.131015 0.133980 0.136016 0.135735 0.136248 0.136754 0.135014 0.131513 0.129243 0.127416 0.123953 0.118765 0.111116 0.111511
0.125048 0.125429 0.130213 0.133587 0.138773 0.137708 0.138063 0.137846 0.133160 0.129472 0.127327 0.134028 0.140186 0.142653 0.141548 0.140636 0.145722 0.144160 0.143198 0.140053 0.141191 0.141260 0.147122 0.149852 0.153150 0.151899 0.145879 0.140930 0.140480 0.141084 0.140950 0.142779 0.146998 0.152057 0.148887 0.146700 0.145412 0.134507 0.126249 0.122931 0.126543 0.128762 0.128011 0.128144 0.128055 0.124724 0.125364 0.125644 0.124368 0.128497 0.132844 0.133535 0.130183 0.128963 0.130059 0.129047 0.128432 0.126075 0.123592 0.121561 0.113949 0.115584 0.112064
0.137245 0.139631 0.143300 0.149802 0.161556 0.160318 0.161330 0.164741 0.158446 0.152463 0.144875 0.153656 0.156709 0.160450 0.160655 0.167967 0.174568 0.170235 0.164288 0.157810 0.161698 0.170690 0.179724 0.182284 0.183507 0.184711 0.178267 0.176188 0.174807 0.175475 0.171936 0.172776 0.179927 0.191689 0.193027 0.186939 0.174701 0.157043 0.142267 0.134636 0.140694 0.138307 0.136912 0.137409 0.132421 0.129353 0.132299 0.128823 0.126343 0.131686 0.132700 0.132253 0.128190 0.132999 0.131538 0.126501 0.122944 0.120743 0.119001 0.116590 0.117669 0.116278 0.113253
0.147431 0.150141 0.158616 0.171004 0.185653 0.193245 0.198777 0.206572 0.200879 0.194553 0.187361 0.189774 0.199179 0.208009 0.217360 0.227779 0.239589 0.234626 0.226374 0.225099 0.228097 0.242873 0.256246 0.261760 0.265659 0.273102 0.269168 0.260498 0.249991 0.239487 0.230556 0.224077 0.237241 0.251147 0.250191 0.228073 0.210570 0.188827 0.168188 0.149450 0.149026 0.151393 0.153371 0.146373 0.142071 0.135677 0.133556 0.133011 0.127335 0.130053 0.131185 0.135337 0.141215 0.142363 0.136392 0.132498 0.128384 0.124408 0.121470 0.122752 0.123076 0.120607 0.118366
0.216862 0.218992 0.227190 0.255053 0.294969 0.325588 0.349307 0.352948 0.344247 0.334411 0.318937 0.309585 0.321640 0.334218 0.347024 0.358769 0.366893 0.369382 0.369728 0.369863 0.369931 0.369954 0.369969 0.369979 0.369985 0.369990 0.369990 0.369983 0.369969 0.369919 0.369552 0.368096 0.366587 0.367847 0.367204 0.356477 0.331134 0.300342 0.262254 0.230301 0.210340 0.214079 0.203701 0.193708 0.182118 0.160305 0.153388 0.148811 0.134290 0.132798 0.137616 0.144211 0.148841 0.140504 0.135855 0.131427 0.126869 0.122009 0.122840 0.124622 0.125058 0.124051 0.123871
0.343221 0.348363 0.359353 0.369759 0.369983 0.369998 0.370000 0.370000 0.370000 0.370000 0.369999 0.369997 0.369998 0.369999 0.370000 0.370000 0.370000 0.370000 0.370000 0.370000 0.370000 0.370000 0.370000 0.370000 0.370000 0.370000 0.370000 0.370000 0.370000 0.370000 0.370000 0.370000 0.370000 0.370000 0.370000 0.370000 0.369999 0.369992 0.369917 0.367611 0.343287 0.318173 0.297442 0.277863 0.237794 0.203115 0.179812 0.163103 0.147751 0.145416 0.162861 0.181492 0.172894 0.168283 0.161168 0.150776 0.142364 0.133215 0.133269 0.133947 0.132725 0.131304 0.129766
0.370000 0.370000 0.370000 0.370000 0.370000 0.370000 0.370000 0.370000 0.370000 0.370000 0.370000 0.370000 0.370000 0.370000 0.370000 0.370000 0.370000 0.370000 0.370000 0.370000 0.370000 0.370000 0.370000 0.370000 0.370000 0.370000 0.370000 0.370000 0.370000 0.370000 0.370000 0.370000 0.370000 0.370000 0.370000 0.370000 0.370000 0.370000 0.370000 0.370000 0.370000 0.369998 0.369994 0.369978 0.369858 0.359530 0.335779 0.304117 0.263168 0.225384 0.251097 0.238176 0.228918 0.215993 0.197868 0.182839 0.169620 0.156599 0.153963 0.153291 0.150654 0.149336 0.146556
0.370000 0.370000 0.370000 0.370000 0.370000 0.370000 0.370000 0.370000 0.370000 0.370000 0.370000 0.370000 0.370000 0.370000 0.370000 0.370000 0.370000 0.370000 0.370000 0.370000 0.370000 0.370000 0.370000 0.370000 0.370000 0.370000 0.370000 0.370000 0.370000 0.370000 0.370000 0.370000 0.370000 0.370000 0.370000 0.370000 0.370000 0.370000 0.370000 0.370000 0.370000 0.370000 0.370000 0.370000 0.370000 0.370000 0.370000 0.369999 0.369983 0.369721 0.359959 0.344190 0.328117 0.298302 0.267152 0.245459 0.216094 0.191819 0.178230 0.175676 0.173083 0.169329 0.163932
0.370000 0.370000 0.370000 0.370000 0.370000 0.370000 0.370000 0.370000 0.370000 0.370000 0.370000 0.370000 0.370000 0.370000 0.370000 0.370000 0.370000 0.370000 0.370000 0.370000 0.370000 0.370000 0.370000 0.370000 0.370000 0.370000 0.370000 0.370000 0.370000 0.370000 0.370000 0.370000 0.370000 0.370000 0.370000 0.370000 0.370000 0.370000 0.370000 0.370000 0.370000 0.370000 0.370000 0.370000 0.370000 0.370000 0.370000 0.370000 0.370000 0.370000 0.370000 0.370000 0.369999 0.369989 0.369930 0.369232 0.343447 0.300357 0.265608 0.250968 0.231397 0.214878 0.203656
0.370000 0.370000 0.370000 0.370000 0.370000 0.370000 0.370000 0.370000 0.370000 0.370000 0.370000 0.370000 0.370000 0.370000 0.370000 0.370000 0.370000 0.370000 0.370000 0.370000 0.370000 0.370000 0.370000 0.370000 0.370000 0.370000 0.370000 0.370000 0.370000 0.370000 0.370000 0.370000 0.370000 0.370000 0.370000 0.370000 0.370000 0.370000 0.370000 0.370000 0.370000 0.370000 0.370000 0.370000 0.370000 0.370000 0.370000 0.370000 0.370000 0.370000 0.370000 0.370000 0.370000 0.370000 0.370000 0.370000 0.370000 0.369995 0.369903 0.366355 0.334139 0.303844 0.278052
0.370000 0.370000 0.370000 0.370000 0.370000 0.370000 0.370000 0.370000 0.370000 0.370000 0.370000 0.370000 0.370000 0.370000 0.370000 0.370000 0.370000 0.370000 0.370000 0.370000 0.370000 0.370000 0.370000 0.370000 0.370000 0.370000 0.370000 0.370000 0.370000 0.370000 0.370000 0.370000 0.370000 0.370000 0.370000 0.370000 0.370000 0.370000 0.370000 0.370000 0.370000 0.370000 0.370000 0.370000 0.370000 0.370000 0.370000 0.370000 0.370000 0.370000 0.370000 0.370000 0.370000 0.370000 0.370000 0.370000 0.370000 0.370000 0.370000 0.370000 0.370000 0.369987 0.369776
0.370000 0.370000 0.370000 0.370000 0.370000 0.370000 0.370000 0.370000 0.370000 0.370000 0.370000 0.370000 0.370000 0.370000 0.370000 0.370000 0.370000 0.370000 0.370000 0.370000 0.370000 0.370000 0.370000 0.370000 0.370000 0.370000 0.370000 0.370000 0.370000 0.370000 0.370000 0.370000 0.370000 0.370000 0.370000 0.370000 0.370000 0.370000 0.370000 0.370000 0.370000 0.370000 0.370000 0.370000 0.370000 0.370000 0.370000 0.370000 0.370000 0.370000 0.370000 0.370000 0.370000 0.370000 0.370000 0.370000 0.370000 0.370000 0.370000 0.370000 0.370000 0.370000 0.370000
0.370000 0.370000 0.370000 0.370000 0.370000 0.370000 0.370000 0.370000 0.370000 0.370000 0.370000 0.370000 0.370000 0.370000 0.370000 0.370000 0.370000 0.370000 0.370000 0.370000 0.370000 0.370000 0.370000 0.370000 0.370000 0.370000 0.370000 0.370000 0.370000 0.370000 0.370000 0.370000 0.370000 0.370000 0.370000 0.370000 0.370000 0.370000 0.370000 0.370000 0.370000 0.370000 0.370000 0.370000 0.370000 0.370000 0.370000 0.370000 0.370000 0.370000 0.370000 0.370000 0.370000 0.370000 0.370000 0.370000 0.370000 0.370000 0.370000 0.370000 0.370000 0.370000 0.370000
0.370000 0.370000 0.370000 0.370000 0.370000 0.370000 0.370000 0.370000 0.370000 0.370000 0.370000 0.370000 0.370000 0.370000 0.370000 0.370000 0.370000 0.370000 0.370000 0.370000 0.370000 0.370000 0.370000 0.370000 0.370000 0.370000 0.370000 0.370000 0.370000 0.370000 0.370000 0.370000 0.370000 0.370000 0.370000 0.370000 0.370000 0.370000 0.370000 0.370000 0.370000 0.370000 0.370000 0.370000 0.370000 0.370000 0.370000 0.370000 0.370000 0.370000 0.370000 0.370000 0.370000 0.370000 0.370000 0.370000 0.370000 0.370000 0.370000 0.370000 0.370000 0.370000 0.370000
0.370000 0.370000 0.370000 0.370000 0.370000 0.370000 0.370000 0.370000 0.370000 0.370000 0.370000 0.370000 0.370000 0.370000 0.370000 0.370000 0.370000 0.370000 0.370000 0.370000 0.370000 0.370000 0.370000 0.370000 0.370000 0.370000 0.370000 0.370000 0.370000 0.370000 0.370000 0.370000 0.370000 0.370000 0.370000 0.370000 0.370000 0.370000 0.370000 0.370000 0.370000 0.370000 0.370000 0.370000 0.370000 0.370000 0.370000 0.370000 0.370000 0.370000 0.370000 0.370000 0.370000 0.370000 0.370000 0.370000 0.370000 0.370000 0.370000 0.370000 0.370000 0.370000 0.370000
0.370000 0.370000 0.370000 0.370000 0.370000 0.370000 0.370000 0.370000 0.370000 0.369998 0.369995 0.369992 0.369993 0.369983 0.369915 0.368944 0.364103 0.359674 0.351398 0.348734 0.352440 0.358876 0.352581 0.347554 0.348472 0.345919 0.345191 0.356138 0.367320 0.369752 0.369947 0.369978 0.369986 0.369990 0.369998 0.370000 0.370000 0.370000 0.370000 0.370000 0.370000 0.370000 0.370000 0.370000 0.370000 0.370000 0.370000 0.370000 0.370000 0.370000 0.370000 0.370000 0.370000 0.370000 0.370000 0.370000 0.370000 0.370000 0.370000 0.370000 0.370000 0.370000 0.370000
0.370000 0.370000 0.370000 0.369999 0.369982 0.369840 0.363616 0.348326 0.328959 0.299572 0.280071 0.280163 0.285541 0.278150 0.260012 0.245737 0.237212 0.228652 0.216847 0.209921 0.216989 0.224274 0.224710 0.225071 0.227837 0.227655 0.226196 0.224482 0.235345 0.243322 0.252626 0.260292 0.265746 0.290845 0.316246 0.333506 0.356020 0.369582 0.369976 0.369998 0.370000 0.370000 0.370000 0.370000 0.370000 0.370000 0.370000 0.370000 0.370000 0.370000 0.370000 0.370000 0.370000 0.370000 0.370000 0.370000 0.370000 0.370000 0.370000 0.370000 0.370000 0.370000 0.370000
0.369997 0.369946 0.366834 0.322603 0.287778 0.261569 0.239436 0.221169 0.201381 0.183811 0.173004 0.179214 0.183178 0.189663 0.180418 0.172948 0.170674 0.163598 0.157381 0.150170 0.155595 0.158912 0.166618 0.166699 0.167342 0.170718 0.169162 0.168194 0.163607 0.168605 0.172254 0.177055 0.192130 0.207529 0.223657 0.237454 0.252565 0.272611 0.298826 0.327070 0.354942 0.369325 0.369967 0.369998 0.370000 0.370000 0.370000 0.370000 0.370000 0.370000 0.370000 0.370000 0.370000 0.370000 0.370000 0.370000 0.370000 0.370000 0.370000 0.370000 0.370000 0.370000 0.370000
0.285814 0.254031 0.213225 0.196785 0.186519 0.174587 0.165537 0.158259 0.147901 0.140663 0.131875 0.134758 0.139568 0.146484 0.141206 0.140075 0.140643 0.136912 0.133032 0.127792 0.128749 0.133363 0.139137 0.139623 0.141140 0.144420 0.144469 0.141774 0.137005 0.138482 0.142398 0.146763 0.154816 0.163243 0.172074 0.180378 0.191519 0.204806 0.219669 0.238117 0.259560 0.275711 0.300634 0.329698 0.355437 0.368970 0.369948 0.369996 0.370000 0.370000 0.370000 0.370000 0.370000 0.370000 0.370000 0.370000 0.370000 0.370000 0.370000 0.370000 0.370000 0.370000 0.370000
0.167991 0.154578 0.148964 0.144063 0.138915 0.134508 0.130009 0.126063 0.122793 0.118563 0.112113 0.114570 0.118506 0.123134 0.123408 0.122820 0.122967 0.121584 0.118201 0.113192 0.115437 0.119031 0.122558 0.124027 0.124998 0.127127 0.125713 0.122713 0.118916 0.120819 0.124501 0.127187 0.130723 0.135824 0.141528 0.147629 0.154920 0.162874 0.173456 0.185855 0.200116 0.215693 0.232651 0.252199 0.261780 0.274146 0.289181 0.314118 0.338871 0.364487 0.369889 0.369993 0.370000 0.370000 0.370000 0.370000 0.370000 0.370000 0.370000 0.370000 0.370000 0.370000 0.370000
0.138736 0.131386 0.126844 0.123640 0.124083 0.122328 0.118568 0.118098 0.115987 0.110763 0.112336 0.113783 0.118123 0.117468 0.117291 0.116261 0.116861 0.116074 0.111224 0.113662 0.114940 0.118239 0.119201 0.120224 0.120986 0.121705 0.121109 0.117454 0.118260 0.119495 0.122801 0.123573 0.125625 0.130188 0.132567 0.136321 0.141458 0.147306 0.154470 0.163348 0.175303 0.187830 0.199787 0.204407 0.211992 0.217856 0.212347 0.224992 0.237373 0.251399 0.275789 0.304147 0.346156 0.369826 0.369999 0.370000 0.370000 0.370000 0.370000 0.370000 0.370000 0.370000 0.370000
0.120165 0.115632 0.111632 0.112858 0.112752 0.112250 0.111308 0.110071 0.107846 0.110185 0.110436 0.110235 0.110035 0.110107 0.110483 0.110028 0.109754 0.109918 0.111901 0.112279 0.111847 0.112865 0.113768 0.114737 0.114155 0.114499 0.114670 0.115474 0.115487 0.115160 0.116799 0.117689 0.118722 0.120836 0.122747 0.125153 0.129017 0.132760 0.137520 0.144796 0.153783 0.160857 0.163218 0.168012 0.170179 0.167009 0.164244 0.169744 0.176320 0.182358 0.195726 0.210356 0.226497 0.273060 0.334993 0.369751 0.369995 0.370000 0.370000 0.370000 0.370000 0.370000 0.370000
0.113632 0.110274 0.109317 0.110334 0.110242 0.110003 0.108238 0.106669 0.108070 0.108579 0.108447 0.107838 0.108522 0.108847 0.109747 0.108963 0.108595 0.108876 0.109164 0.109174 0.109963 0.110642 0.111291 0.113661 0.112719 0.112774 0.113632 0.113419 0.113303 0.112919 0.114620 0.115521 0.116158 0.118072 0.119643 0.121500 0.124078 0.127944 0.134431 0.140365 0.147878 0.155200 0.157370 0.158790 0.157505 0.155633 0.149347 0.149258 0.155675 0.155455 0.161621 0.172294 0.175961 0.201090 0.238353 0.270778 0.315544 0.363326 0.369959 0.370000 0.370000 0.370000 0.370000
0.108351 0.108183 0.106659 0.106766 0.106487 0.105606 0.104606 0.105659 0.105549 0.105422 0.105481 0.105137 0.105732 0.106240 0.106764 0.106534 0.106533 0.105780 0.105860 0.106837 0.107077 0.107811 0.109215 0.111074 0.110215 0.110164 0.110333 0.110082 0.110239 0.109800 0.111140 0.112306 0.112916 0.114931 0.116297 0.116484 0.119464 0.124167 0.129396 0.133839 0.139974 0.148642 0.147368 0.147391 0.148021 0.142667 0.136578 0.135882 0.137596 0.136702 0.140768 0.144355 0.146220 0.159050 0.172148 0.188229 0.212361 0.252745 0.305732 0.347516 0.369794 0.369995 0.370000
