tests/Borden05m/data_simulated/sim_1/output-maps/thetaliqL0005N0007.asc
ncols         160
nrows         34
xllcorner     620200.000000
yllcorner     5168000.000000
cellsize      0.500000
NODATA_value  -9999.0
[rows 0 to 27 of 34, columns 63 to 125 of 160]
-9999.0 -9999.0 -9999.0 -9999.0 -9999.0 -9999.0 -9999.0 -9999.0 -9999.0 -9999.0 -9999.0 -9999.0 -9999.0 -9999.0 -9999.0 -9999.0 -9999.0 -9999.0 -9999.0 -9999.0 -9999.0 -9999.0 -9999.0 -9999.0 -9999.0 -9999.0 -9999.0 -9999.0 -9999.0 -9999.0 -9999.0 -9999.0 -9999.0 -9999.0 -9999.0 -9999.0 -9999.0 -9999.0 -9999.0 -9999.0 -9999.0 -9999.0 -9999.0 -9999.0 -9999.0 -9999.0 -9999.0 -9999.0 -9999.0 -9999.0 -9999.0 -9999.0 -9999.0 -9999.0 -9999.0 -9999.0 -9999.0 -9999.0 -9999.0 -9999.0 -9999.0 -9999.0 -9999.0
0.122929 0.119823 0.117024 0.115796 0.115486 0.115169 0.114994 0.116512 0.118864 0.121237 0.123632 0.124378 0.125181 0.125999 0.126172 0.125664 0.124485 0.123333 0.122161 0.121699 0.118929 0.115424 0.112841 0.112079 0.113341 0.114629 0.115353 0.117220 0.120682 0.124396 0.127477 0.131944 0.134061 0.136255 0.137803 0.136194 0.134848 0.133530 0.131910 0.127754 -9999.0 -9999.0 -9999.0 -9999.0 -9999.0 -9999.0 -9999.0 -9999.0 -9999.0 -9999.0 -9999.0 -9999.0 -9999.0 -9999.0 -9999.0 -9999.0 -9999.0 -9999.0 -9999.0 -9999.0 -9999.0 -9999.0 -9999.0
0.117651 0.114942 0.113336 0.111765 0.111285 0.111211 0.111161 0.112243 0.114916 0.117234 0.118658 0.119339 0.120044 0.120113 0.119929 0.119765 0.118818 0.117740 0.116689 0.116151 0.116108 0.113890 0.112438 0.111574 0.111312 0.111949 0.112560 0.113322 0.116138 0.118697 0.121394 0.126241 0.130848 0.132945 0.132093 0.130225 0.129002 0.126889 0.123647 0.120268 0.116990 0.114907 0.113485 0.112195 0.113959 0.115774 0.119022 0.122482 0.126748 0.131397 -9999.0 -9999.0 -9999.0 -9999.0 -9999.0 -9999.0 -9999.0 -9999.0 -9999.0 -9999.0 -9999.0 -9999.0 -9999.0
0.113820 0.112676 0.111320 0.110287 0.112174 0.112427 0.112684 0.113502 0.114484 0.114964 0.115740 0.117256 0.119990 0.120752 0.120861 0.120857 0.120232 0.119214 0.118646 0.117771 0.116172 0.115935 0.116091 0.116146 0.117781 0.118230 0.118595 0.116367 0.117334 0.119298 0.121544 0.124024 0.126597 0.128519 0.127486 0.127095 0.124331 0.119917 0.116487 0.114060 0.113361 0.112619 0.110693 0.107771 0.109510 0.113739 0.115119 0.116308 0.120113 0.124276 0.127994 0.128656 0.128573 0.128511 0.127672 0.122825 0.118160 0.113915 0.109009 -9999.0 -9999.0 -9999.0 -9999.0
0.114195 0.113246 0.112858 0.116579 0.119423 0.119824 0.120664 0.121655 0.121064 0.117005 0.116123 0.118714 0.122053 0.124013 0.123961 0.123877 0.123394 0.123005 0.122782 0.121906 0.122339 0.123245 0.123606 0.125485 0.127518 0.128515 0.125167 0.121965 0.122057 0.124669 0.127495 0.130310 0.134840 0.140094 0.139571 0.137201 0.133745 0.128644 0.120624 0.114614 0.111873 0.110347 0.108739 0.108514 0.108175 0.110837 0.111397 0.111895 0.114418 0.117513 0.120724 0.122685 0.122600 0.122529 0.121830 0.118881 0.114558 0.110641 0.106701 0.101377 0.096278 0.092059 0.091984
0.115633 0.116676 0.120911 0.125555 0.131223 0.132036 0.132887 0.132677 0.128641 0.124834 0.123184 0.128632 0.134679 0.138048 0.138375 0.138776 0.142722 0.141508 0.140004 0.137334 0.138427 0.139917 0.145565 0.149112 0.152362 0.151281 0.145512 0.140580 0.139652 0.140319 0.140960 0.143620 0.148822 0.154353 0.152047 0.148437 0.143606 0.131280 0.121221 0.116038 0.116517 0.116857 0.115681 0.114902 0.113898 0.111771 0.111771 0.111754 0.111695 0.115112 0.118830 0.119987 0.118158 0.117152 0.116580 0.114097 0.111251 0.107539 0.103795 0.100108 0.095192 0.094082 0.092957
0.130788 0.134008 0.139541 0.148243 0.160852 0.162751 0.164893 0.167541 0.161266 0.154606 0.148283 0.155907 0.160912 0.166090 0.168294 0.175917 0.182668 0.178920 0.172859 0.167015 0.170919 0.180391 0.190556 0.194691 0.196753 0.197458 0.190694 0.187220 0.185050 0.184940 0.181977 0.183618 0.191898 0.203868 0.204700 0.196357 0.180665 0.159362 0.141635 0.131924 0.133605 0.131301 0.129281 0.127730 0.122760 0.119000 0.119003 0.116164 0.114388 0.117840 0.119763 0.120437 0.118563 0.120448 0.118041 0.112967 0.108499 0.104877 0.101869 0.099092 0.097789 0.096222 0.095010
0.152944 0.157384 0.167755 0.183149 0.201024 0.211374 0.218654 0.226174 0.220005 0.212277 0.204547 0.207621 0.218053 0.228571 0.239362 0.251286 0.263373 0.259015 0.250807 0.248991 0.252772 0.267976 0.281884 0.287869 0.291648 0.297709 0.293292 0.284907 0.275007 0.265209 0.256650 0.251313 0.264320 0.277928 0.276403 0.253788 0.232161 0.205309 0.179728 0.158856 0.155547 0.155732 0.155157 0.147292 0.140232 0.131981 0.127595 0.124519 0.119423 0.120855 0.122917 0.126892 0.130888 0.130576 0.124576 0.118907 0.113270 0.108373 0.105044 0.104120 0.103114 0.101214 0.100023
0.235598 0.240022 0.251328 0.280581 0.318619 0.345682 0.362201 0.364241 0.359492 0.352559 0.340357 0.333162 0.343545 0.353482 0.361819 0.367241 0.369503 0.369934 0.369977 0.369991 0.369996 0.369998 0.369999 0.370000 0.370000 0.370000 0.370000 0.370000 0.369999 0.369996 0.369958 0.369754 0.369495 0.369703 0.369560 0.366352 0.351266 0.323930 0.286305 0.252947 0.231383 0.231445 0.219596 0.206278 0.189979 0.165771 0.154563 0.146078 0.132680 0.130794 0.135680 0.142364 0.145784 0.138375 0.131661 0.124698 0.117935 0.112056 0.110394 0.110125 0.109395 0.108020 0.107413
0.359481 0.362705 0.367540 0.369978 0.370000 0.370000 0.370000 0.370000 0.370000 0.370000 0.370000 0.370000 0.370000 0.370000 0.370000 0.370000 0.370000 0.370000 0.370000 0.370000 0.370000 0.370000 0.370000 0.370000 0.370000 0.370000 0.370000 0.370000 0.370000 0.370000 0.370000 0.370000 0.370000 0.370000 0.370000 0.370000 0.370000 0.370000 0.369996 0.369610 0.360019 0.341931 0.323308 0.303188 0.262812 0.224663 0.196902 0.176283 0.158777 0.155560 0.171415 0.188335 0.181303 0.173931 0.163239 0.149783 0.138162 0.127785 0.125075 0.123983 0.122046 0.119963 0.117998
0.370000 0.370000 0.370000 0.370000 0.370000 0.370000 0.370000 0.370000 0.370000 0.370000 0.370000 0.370000 0.370000 0.370000 0.370000 0.370000 0.370000 0.370000 0.370000 0.370000 0.370000 0.370000 0.370000 0.370000 0.370000 0.370000 0.370000 0.370000 0.370000 0.370000 0.370000 0.370000 0.370000 0.370000 0.370000 0.370000 0.370000 0.370000 0.370000 0.370000 0.370000 0.370000 0.370000 0.370000 0.369989 0.367343 0.353018 0.323701 0.283531 0.249994 0.272740 0.262144 0.251297 0.235535 0.214017 0.194372 0.176271 0.159912 0.153866 0.150941 0.147071 0.144001 0.139944
0.370000 0.370000 0.370000 0.370000 0.370000 0.370000 0.370000 0.370000 0.370000 0.370000 0.370000 0.370000 0.370000 0.370000 0.370000 0.370000 0.370000 0.370000 0.370000 0.370000 0.370000 0.370000 0.370000 0.370000 0.370000 0.370000 0.370000 0.370000 0.370000 0.370000 0.370000 0.370000 0.370000 0.370000 0.370000 0.370000 0.370000 0.370000 0.370000 0.370000 0.370000 0.370000 0.370000 0.370000 0.370000 0.370000 0.370000 0.370000 0.370000 0.369972 0.367877 0.361040 0.350250 0.325877 0.296098 0.271600 0.238708 0.210385 0.193771 0.188134 0.182858 0.176597 0.168993
0.370000 0.370000 0.370000 0.370000 0.370000 0.370000 0.370000 0.370000 0.370000 0.370000 0.370000 0.370000 0.370000 0.370000 0.370000 0.370000 0.370000 0.370000 0.370000 0.370000 0.370000 0.370000 0.370000 0.370000 0.370000 0.370000 0.370000 0.370000 0.370000 0.370000 0.370000 0.370000 0.370000 0.370000 0.370000 0.370000 0.370000 0.370000 0.370000 0.370000 0.370000 0.370000 0.370000 0.370000 0.370000 0.370000 0.370000 0.370000 0.370000 0.370000 0.370000 0.370000 0.370000 0.370000 0.369997 0.369904 0.360058 0.326036 0.293299 0.276851 0.255408 0.236548 0.222169
0.370000 0.370000 0.370000 0.370000 0.370000 0.370000 0.370000 0.370000 0.370000 0.370000 0.370000 0.370000 0.370000 0.370000 0.370000 0.370000 0.370000 0.370000 0.370000 0.370000 0.370000 0.370000 0.370000 0.370000 0.370000 0.370000 0.370000 0.370000 0.370000 0.370000 0.370000 0.370000 0.370000 0.370000 0.370000 0.370000 0.370000 0.370000 0.370000 0.370000 0.370000 0.370000 0.370000 0.370000 0.370000 0.370000 0.370000 0.370000 0.370000 0.370000 0.370000 0.370000 0.370000 0.370000 0.370000 0.370000 0.370000 0.370000 0.369995 0.369419 0.355443 0.331627 0.307297
0.370000 0.370000 0.370000 0.370000 0.370000 0.370000 0.370000 0.370000 0.370000 0.370000 0.370000 0.370000 0.370000 0.370000 0.370000 0.370000 0.370000 0.370000 0.370000 0.370000 0.370000 0.370000 0.370000 0.370000 0.370000 0.370000 0.370000 0.370000 0.370000 0.370000 0.370000 0.370000 0.370000 0.370000 0.370000 0.370000 0.370000 0.370000 0.370000 0.370000 0.370000 0.370000 0.370000 0.370000 0.370000 0.370000 0.370000 0.370000 0.370000 0.370000 0.370000 0.370000 0.370000 0.370000 0.370000 0.370000 0.370000 0.370000 0.370000 0.370000 0.370000 0.370000 0.369983
0.370000 0.370000 0.370000 0.370000 0.370000 0.370000 0.370000 0.370000 0.370000 0.370000 0.370000 0.370000 0.370000 0.370000 0.370000 0.370000 0.370000 0.370000 0.370000 0.370000 0.370000 0.370000 0.370000 0.370000 0.370000 0.370000 0.370000 0.370000 0.370000 0.370000 0.370000 0.370000 0.370000 0.370000 0.370000 0.370000 0.370000 0.370000 0.370000 0.370000 0.370000 0.370000 0.370000 0.370000 0.370000 0.370000 0.370000 0.370000 0.370000 0.370000 0.370000 0.370000 0.370000 0.370000 0.370000 0.370000 0.370000 0.370000 0.370000 0.370000 0.370000 0.370000 0.370000
0.370000 0.370000 0.370000 0.370000 0.370000 0.370000 0.370000 0.370000 0.370000 0.370000 0.370000 0.370000 0.370000 0.370000 0.370000 0.370000 0.370000 0.370000 0.370000 0.370000 0.370000 0.370000 0.370000 0.370000 0.370000 0.370000 0.370000 0.370000 0.370000 0.370000 0.370000 0.370000 0.370000 0.370000 0.370000 0.370000 0.370000 0.370000 0.370000 0.370000 0.370000 0.370000 0.370000 0.370000 0.370000 0.370000 0.370000 0.370000 0.370000 0.370000 0.370000 0.370000 0.370000 0.370000 0.370000 0.370000 0.370000 0.370000 0.370000 0.370000 0.370000 0.370000 0.370000
0.370000 0.370000 0.370000 0.370000 0.370000 0.370000 0.370000 0.370000 0.370000 0.370000 0.370000 0.370000 0.370000 0.370000 0.370000 0.370000 0.370000 0.370000 0.370000 0.370000 0.370000 0.370000 0.370000 0.370000 0.370000 0.370000 0.370000 0.370000 0.370000 0.370000 0.370000 0.370000 0.370000 0.370000 0.370000 0.370000 0.370000 0.370000 0.370000 0.370000 0.370000 0.370000 0.370000 0.370000 0.370000 0.370000 0.370000 0.370000 0.370000 0.370000 0.370000 0.370000 0.370000 0.370000 0.370000 0.370000 0.370000 0.370000 0.370000 0.370000 0.370000 0.370000 0.370000
0.370000 0.370000 0.370000 0.370000 0.370000 0.370000 0.370000 0.370000 0.370000 0.370000 0.370000 0.370000 0.370000 0.370000 0.370000 0.370000 0.370000 0.370000 0.370000 0.370000 0.370000 0.370000 0.370000 0.370000 0.370000 0.370000 0.370000 0.370000 0.370000 0.370000 0.370000 0.370000 0.370000 0.370000 0.370000 0.370000 0.370000 0.370000 0.370000 0.370000 0.370000 0.370000 0.370000 0.370000 0.370000 0.370000 0.370000 0.370000 0.370000 0.370000 0.370000 0.370000 0.370000 0.370000 0.370000 0.370000 0.370000 0.370000 0.370000 0.370000 0.370000 0.370000 0.370000
0.370000 0.370000 0.370000 0.370000 0.370000 0.370000 0.370000 0.370000 0.370000 0.370000 0.370000 0.370000 0.370000 0.370000 0.369996 0.369879 0.368955 0.367596 0.364212 0.362697 0.364518 0.367105 0.364727 0.362398 0.362825 0.361617 0.361403 0.366441 0.369604 0.369980 0.369998 0.370000 0.370000 0.370000 0.370000 0.370000 0.370000 0.370000 0.370000 0.370000 0.370000 0.370000 0.370000 0.370000 0.370000 0.370000 0.370000 0.370000 0.370000 0.370000 0.370000 0.370000 0.370000 0.370000 0.370000 0.370000 0.370000 0.370000 0.370000 0.370000 0.370000 0.370000 0.370000
0.370000 0.370000 0.370000 0.370000 0.370000 0.369988 0.368805 0.362591 0.348641 0.322288 0.303043 0.303155 0.308312 0.302366 0.285498 0.270823 0.260844 0.250416 0.237307 0.229658 0.236538 0.244515 0.246405 0.247384 0.250304 0.250563 0.249310 0.248435 0.258870 0.267822 0.277902 0.286758 0.294842 0.319307 0.341711 0.355262 0.366868 0.369964 0.370000 0.370000 0.370000 0.370000 0.370000 0.370000 0.370000 0.370000 0.370000 0.370000 0.370000 0.370000 0.370000 0.370000 0.370000 0.370000 0.370000 0.370000 0.370000 0.370000 0.370000 0.370000 0.370000 0.370000 0.370000
0.370000 0.369998 0.369398 0.344447 0.312604 0.285859 0.261374 0.239293 0.215515 0.194655 0.182061 0.186734 0.191507 0.197406 0.188311 0.179914 0.175542 0.167088 0.159307 0.152344 0.156841 0.161658 0.169791 0.171494 0.173143 0.176494 0.175312 0.174036 0.170648 0.175992 0.181657 0.189324 0.206772 0.225813 0.245457 0.262617 0.280823 0.302828 0.328049 0.351188 0.366534 0.369938 0.369999 0.370000 0.370000 0.370000 0.370000 0.370000 0.370000 0.370000 0.370000 0.370000 0.370000 0.370000 0.370000 0.370000 0.370000 0.370000 0.370000 0.370000 0.370000 0.370000 0.370000
0.305732 0.272236 0.231199 0.210204 0.195595 0.180290 0.167552 0.156409 0.143594 0.133876 0.125629 0.127214 0.131691 0.137175 0.133623 0.131632 0.130401 0.126121 0.121590 0.117416 0.118544 0.123107 0.128821 0.130982 0.133216 0.136121 0.136055 0.133565 0.130259 0.132263 0.137244 0.143721 0.154078 0.165937 0.178586 0.191034 0.206144 0.223493 0.242514 0.264566 0.288676 0.307388 0.331093 0.353626 0.366760 0.369895 0.369998 0.370000 0.370000 0.370000 0.370000 0.370000 0.370000 0.370000 0.370000 0.370000 0.370000 0.370000 0.370000 0.370000 0.370000 0.370000 0.370000
0.175229 0.157903 0.147723 0.139465 0.132103 0.125485 0.119088 0.113487 0.108494 0.103700 0.099592 0.100605 0.103366 0.106335 0.106629 0.105948 0.105287 0.103531 0.100826 0.098410 0.099840 0.102886 0.106229 0.108402 0.109972 0.111605 0.110843 0.108772 0.106867 0.108613 0.112368 0.116445 0.121862 0.129073 0.137259 0.146334 0.157021 0.169027 0.183860 0.200882 0.219711 0.239195 0.259156 0.280128 0.292021 0.305252 0.319599 0.340679 0.358568 0.369078 0.369994 0.370000 0.370000 0.370000 0.370000 0.370000 0.370000 0.370000 0.370000 0.370000 0.370000 0.370000 0.370000
0.129048 0.119222 0.112548 0.108068 0.105768 0.102678 0.098967 0.096628 0.093994 0.091083 0.090766 0.091358 0.093254 0.093719 0.093830 0.093381 0.093230 0.092480 0.090709 0.091329 0.092433 0.094699 0.096465 0.098017 0.099142 0.099922 0.099721 0.098249 0.098590 0.099919 0.102793 0.105257 0.108797 0.114176 0.119139 0.125356 0.133211 0.142406 0.153469 0.166755 0.183001 0.199505 0.214460 0.222364 0.231354 0.237805 0.234812 0.248385 0.263050 0.279781 0.305137 0.332252 0.362405 0.369987 0.370000 0.370000 0.370000 0.370000 0.370000 0.370000 0.370000 0.370000 0.370000
0.102851 0.097447 0.093529 0.092150 0.090800 0.089378 0.087831 0.086392 0.085052 0.084921 0.084728 0.084748 0.085010 0.085304 0.085534 0.085423 0.085313 0.085321 0.085781 0.086197 0.086753 0.087927 0.089195 0.090399 0.090905 0.091442 0.091759 0.092105 0.092423 0.093039 0.094748 0.096585 0.098867 0.102076 0.105665 0.110037 0.115875 0.122579 0.130812 0.141457 0.153902 0.164596 0.170335 0.176482 0.179375 0.176986 0.174681 0.180555 0.188952 0.197681 0.213864 0.232498 0.253893 0.302790 0.355804 0.369978 0.370000 0.370000 0.370000 0.370000 0.370000 0.370000 0.370000
0.090675 0.087500 0.085589 0.084689 0.083819 0.082970 0.081906 0.081068 0.080883 0.080743 0.080607 0.080513 0.080755 0.081006 0.081307 0.081254 0.081258 0.081433 0.081735 0.082139 0.082837 0.083731 0.084759 0.086099 0.086506 0.086959 0.087515 0.087773 0.088089 0.088561 0.089928 0.091398 0.093094 0.095634 0.098542 0.102104 0.106797 0.113024 0.121553 0.130718 0.141287 0.151231 0.155733 0.158181 0.157405 0.154680 0.148878 0.148945 0.154973 0.157326 0.165579 0.178725 0.188348 0.218516 0.261082 0.298677 0.341218 0.368728 0.369999 0.370000 0.370000 0.370000 0.370000
0.083434 0.081939 0.080574 0.079804 0.079186 0.078603 0.078097 0.077952 0.077790 0.077686 0.077623 0.077553 0.077695 0.077910 0.078129 0.078215 0.078344 0.078470 0.078785 0.079303 0.079834 0.080603 0.081619 0.082732 0.083171 0.083606 0.084059 0.084369 0.084730 0.085089 0.086108 0.087322 0.088622 0.090753 0.093232 0.096021 0.100514 0.106674 0.114083 0.121713 0.130570 0.140342 0.141810 0.142489 0.142253 0.136722 0.130611 0.128893 0.130234 0.130708 0.134813 0.140397 0.146315 0.162473 0.181640 0.204375 0.235633 0.281735 0.333359 0.363414 0.369985 0.370000 0.370000
