tests/Borden05m/data_simulated/sim_1/output-maps/thetaliqL0006N0004.asc
ncols         160
nrows         34
xllcorner     620200.000000
yllcorner     5168000.000000
cellsize      0.500000
NODATA_value  -9999.0
[rows 0 to 27 of 34, columns 63 to 125 of 160]
-9999.0 -9999.0 -9999.0 -9999.0 -9999.0 -9999.0 -9999.0 -9999.0 -9999.0 -9999.0 -9999.0 -9999.0 -9999.0 -9999.0 -9999.0 -9999.0 -9999.0 -9999.0 -9999.0 -9999.0 -9999.0 -9999.0 -9999.0 -9999.0 -9999.0 -9999.0 -9999.0 -9999.0 -9999.0 -9999.0 -9999.0 -9999.0 -9999.0 -9999.0 -9999.0 -9999.0 -9999.0 -9999.0 -9999.0 -9999.0 -9999.0 -9999.0 -9999.0 -9999.0 -9999.0 -9999.0 -9999.0 -9999.0 -9999.0 -9999.0 -9999.0 -9999.0 -9999.0 -9999.0 -9999.0 -9999.0 -9999.0 -9999.0 -9999.0 -9999.0 -9999.0 -9999.0 -9999.0
0.184015 0.177832 0.172194 0.169654 0.168994 0.168353 0.168020 0.171134 0.175931 0.180709 0.185426 0.186930 0.188507 0.190073 0.190397 0.189421 0.187136 0.184869 0.182553 0.181576 0.176080 0.168964 0.163633 0.162034 0.164627 0.167288 0.168812 0.172629 0.179604 0.186941 0.192946 0.201368 0.205373 0.209349 0.212033 0.209189 0.206741 0.204276 0.201175 0.193426 -9999.0 -9999.0 -9999.0 -9999.0 -9999.0 -9999.0 -9999.0 -9999.0 -9999.0 -9999.0 -9999.0 -9999.0 -9999.0 -9999.0 -9999.0 -9999.0 -9999.0 -9999.0 -9999.0 -9999.0 -9999.0 -9999.0 -9999.0
0.173529 0.168001 0.164656 0.161391 0.160378 0.160232 0.160148 0.162425 0.167982 0.172728 0.175635 0.177054 0.178510 0.178639 0.178277 0.177943 0.176033 0.173840 0.171693 0.170568 0.170442 0.165877 0.162833 0.161018 0.160460 0.161808 0.163102 0.164740 0.170543 0.175781 0.181229 0.190736 0.199467 0.203373 0.201835 0.198378 0.196012 0.191897 0.185549 0.178818 0.172143 0.167849 0.164865 0.162158 0.165806 0.169638 0.176224 0.183107 0.191425 0.200153 -9999.0 -9999.0 -9999.0 -9999.0 -9999.0 -9999.0 -9999.0 -9999.0 -9999.0 -9999.0 -9999.0 -9999.0 -9999.0
0.165690 0.163316 0.160491 0.158296 0.162281 0.162830 0.163378 0.165093 0.167098 0.168151 0.169753 0.172881 0.178398 0.179962 0.180191 0.180178 0.178925 0.176879 0.175708 0.173925 0.170684 0.170162 0.170452 0.170555 0.173843 0.174764 0.175501 0.171064 0.173071 0.177076 0.181610 0.186516 0.191533 0.195167 0.193218 0.192456 0.187070 0.178299 0.171301 0.166242 0.164742 0.163125 0.159069 0.152911 0.156603 0.165401 0.168317 0.170804 0.178490 0.186720 0.193802 0.195140 0.194997 0.194852 0.193176 0.183810 0.174442 0.165665 0.155406 -9999.0 -9999.0 -9999.0 -9999.0
0.166512 0.164570 0.163764 0.171367 0.177131 0.177987 0.179670 0.181637 0.180493 0.172422 0.170649 0.175911 0.182599 0.186464 0.186401 0.186247 0.185269 0.184492 0.184039 0.182316 0.183121 0.184884 0.185562 0.189175 0.193078 0.194956 0.188654 0.182406 0.182623 0.187758 0.193245 0.198610 0.206938 0.216168 0.215309 0.211140 0.204836 0.195240 0.179622 0.167430 0.161681 0.158413 0.154984 0.154533 0.153776 0.159415 0.160616 0.161711 0.166938 0.173319 0.179811 0.183702 0.183536 0.183359 0.181916 0.175962 0.167098 0.158844 0.150356 0.138735 0.127534 0.118333 0.118136
0.169588 0.171695 0.180153 0.189290 0.199969 0.201548 0.203126 0.202725 0.195278 0.187962 0.184785 0.195232 0.206459 0.212507 0.213113 0.213749 0.220367 0.218383 0.215862 0.211267 0.213154 0.215677 0.225078 0.230899 0.236069 0.234406 0.225095 0.216716 0.215134 0.216382 0.217644 0.222244 0.230826 0.239478 0.235934 0.230186 0.222137 0.200323 0.180974 0.170451 0.171319 0.171945 0.169508 0.167883 0.165816 0.161476 0.161459 0.161402 0.161318 0.168418 0.176006 0.178352 0.174706 0.172651 0.171414 0.166254 0.160204 0.152259 0.144141 0.136021 0.125271 0.122762 0.120307
0.199243 0.205156 0.215021 0.229578 0.248798 0.251581 0.254560 0.257998 0.249228 0.239320 0.229495 0.241534 0.249047 0.256342 0.259274 0.268965 0.277042 0.272704 0.265250 0.257506 0.262698 0.274331 0.285856 0.290312 0.292491 0.293019 0.285928 0.282057 0.279713 0.279711 0.276456 0.278536 0.287614 0.299410 0.300084 0.292113 0.274851 0.246536 0.218460 0.201321 0.204394 0.200156 0.196325 0.193390 0.183819 0.176375 0.176317 0.170586 0.166970 0.174009 0.177948 0.179330 0.175598 0.179267 0.174398 0.163886 0.154434 0.146620 0.140038 0.133901 0.130980 0.127518 0.124877
0.236782 0.243663 0.258463 0.277691 0.296433 0.305350 0.310665 0.316354 0.311861 0.305604 0.298965 0.302281 0.310992 0.318839 0.325881 0.332798 0.338753 0.336069 0.331348 0.330063 0.332188 0.340063 0.346030 0.348071 0.349117 0.350910 0.349176 0.346256 0.342609 0.338757 0.335031 0.332451 0.339555 0.345618 0.344999 0.334618 0.321722 0.300259 0.273203 0.245590 0.240992 0.241066 0.240174 0.227878 0.215979 0.201423 0.193292 0.187303 0.177326 0.180250 0.184344 0.191997 0.199384 0.198851 0.187416 0.176093 0.164469 0.154127 0.146966 0.144861 0.142613 0.138478 0.135889
0.323036 0.326009 0.332698 0.345342 0.357061 0.363357 0.366763 0.367256 0.366267 0.364819 0.362089 0.360344 0.362758 0.365003 0.366771 0.367983 0.368774 0.369155 0.369170 0.369187 0.369275 0.369384 0.369543 0.369696 0.369817 0.369902 0.369922 0.369843 0.369690 0.369411 0.369037 0.368858 0.368746 0.368984 0.368921 0.367747 0.364604 0.358269 0.346805 0.332589 0.320284 0.320846 0.312430 0.301100 0.285040 0.255657 0.239553 0.226075 0.202915 0.199501 0.208255 0.219803 0.225652 0.213155 0.200949 0.187660 0.174145 0.162026 0.158438 0.157795 0.156209 0.153255 0.151942
0.366417 0.367027 0.367843 0.369489 0.369983 0.370000 0.370000 0.370000 0.370000 0.370000 0.370000 0.370000 0.370000 0.370000 0.370000 0.370000 0.370000 0.370000 0.370000 0.370000 0.370000 0.370000 0.370000 0.370000 0.370000 0.370000 0.370000 0.370000 0.370000 0.370000 0.370000 0.370000 0.370000 0.370000 0.370000 0.370000 0.370000 0.369997 0.369776 0.368502 0.366051 0.362505 0.358379 0.352962 0.337106 0.314909 0.291103 0.268492 0.245093 0.240668 0.262647 0.283193 0.275639 0.266467 0.252063 0.231794 0.212240 0.193322 0.188102 0.185948 0.182147 0.177979 0.174049
0.370000 0.370000 0.370000 0.370000 0.370000 0.370000 0.370000 0.370000 0.370000 0.370000 0.370000 0.370000 0.370000 0.370000 0.370000 0.370000 0.370000 0.370000 0.370000 0.370000 0.370000 0.370000 0.370000 0.370000 0.370000 0.370000 0.370000 0.370000 0.370000 0.370000 0.370000 0.370000 0.370000 0.370000 0.370000 0.370000 0.370000 0.370000 0.370000 0.370000 0.370000 0.369998 0.369958 0.369827 0.369519 0.367506 0.364612 0.357635 0.344380 0.329973 0.343137 0.339121 0.333667 0.324400 0.308487 0.290002 0.269367 0.247349 0.238370 0.233748 0.227492 0.222359 0.215442
0.370000 0.370000 0.370000 0.370000 0.370000 0.370000 0.370000 0.370000 0.370000 0.370000 0.370000 0.370000 0.370000 0.370000 0.370000 0.370000 0.370000 0.370000 0.370000 0.370000 0.370000 0.370000 0.370000 0.370000 0.370000 0.370000 0.370000 0.370000 0.370000 0.370000 0.370000 0.370000 0.370000 0.370000 0.370000 0.370000 0.370000 0.370000 0.370000 0.370000 0.370000 0.370000 0.370000 0.370000 0.370000 0.370000 0.370000 0.370000 0.369966 0.369156 0.367909 0.366491 0.364362 0.359402 0.351468 0.342427 0.325652 0.304930 0.289467 0.283424 0.277498 0.270029 0.260238
0.370000 0.370000 0.370000 0.370000 0.370000 0.370000 0.370000 0.370000 0.370000 0.370000 0.370000 0.370000 0.370000 0.370000 0.370000 0.370000 0.370000 0.370000 0.370000 0.370000 0.370000 0.370000 0.370000 0.370000 0.370000 0.370000 0.370000 0.370000 0.370000 0.370000 0.370000 0.370000 0.370000 0.370000 0.370000 0.370000 0.370000 0.370000 0.370000 0.370000 0.370000 0.370000 0.370000 0.370000 0.370000 0.370000 0.370000 0.370000 0.370000 0.370000 0.370000 0.370000 0.369999 0.369911 0.369574 0.368969 0.366073 0.358886 0.350126 0.344986 0.335766 0.325063 0.314991
0.370000 0.370000 0.370000 0.370000 0.370000 0.370000 0.370000 0.370000 0.370000 0.370000 0.370000 0.370000 0.370000 0.370000 0.370000 0.370000 0.370000 0.370000 0.370000 0.370000 0.370000 0.370000 0.370000 0.370000 0.370000 0.370000 0.370000 0.370000 0.370000 0.370000 0.370000 0.370000 0.370000 0.370000 0.370000 0.370000 0.370000 0.370000 0.370000 0.370000 0.370000 0.370000 0.370000 0.370000 0.370000 0.370000 0.370000 0.370000 0.370000 0.370000 0.370000 0.370000 0.370000 0.370000 0.370000 0.370000 0.370000 0.369989 0.369586 0.368398 0.365181 0.360829 0.355468
0.370000 0.370000 0.370000 0.370000 0.370000 0.370000 0.370000 0.370000 0.370000 0.370000 0.370000 0.370000 0.370000 0.370000 0.370000 0.370000 0.370000 0.370000 0.370000 0.370000 0.370000 0.370000 0.370000 0.370000 0.370000 0.370000 0.370000 0.370000 0.370000 0.370000 0.370000 0.370000 0.370000 0.370000 0.370000 0.370000 0.370000 0.370000 0.370000 0.370000 0.370000 0.370000 0.370000 0.370000 0.370000 0.370000 0.370000 0.370000 0.370000 0.370000 0.370000 0.370000 0.370000 0.370000 0.370000 0.370000 0.370000 0.370000 0.370000 0.370000 0.369999 0.369871 0.369201
0.370000 0.370000 0.370000 0.370000 0.370000 0.370000 0.370000 0.370000 0.370000 0.370000 0.370000 0.370000 0.370000 0.370000 0.370000 0.370000 0.370000 0.370000 0.370000 0.370000 0.370000 0.370000 0.370000 0.370000 0.370000 0.370000 0.370000 0.370000 0.370000 0.370000 0.370000 0.370000 0.370000 0.370000 0.370000 0.370000 0.370000 0.370000 0.370000 0.370000 0.370000 0.370000 0.370000 0.370000 0.370000 0.370000 0.370000 0.370000 0.370000 0.370000 0.370000 0.370000 0.370000 0.370000 0.370000 0.370000 0.370000 0.370000 0.370000 0.370000 0.370000 0.370000 0.370000
0.370000 0.370000 0.370000 0.370000 0.370000 0.370000 0.370000 0.370000 0.370000 0.370000 0.370000 0.370000 0.370000 0.370000 0.370000 0.370000 0.370000 0.370000 0.370000 0.370000 0.370000 0.370000 0.370000 0.370000 0.370000 0.370000 0.370000 0.370000 0.370000 0.370000 0.370000 0.370000 0.370000 0.370000 0.370000 0.370000 0.370000 0.370000 0.370000 0.370000 0.370000 0.370000 0.370000 0.370000 0.370000 0.370000 0.370000 0.370000 0.370000 0.370000 0.370000 0.370000 0.370000 0.370000 0.370000 0.370000 0.370000 0.370000 0.370000 0.370000 0.370000 0.370000 0.370000
0.370000 0.370000 0.370000 0.370000 0.370000 0.370000 0.370000 0.370000 0.370000 0.370000 0.370000 0.370000 0.370000 0.370000 0.370000 0.370000 0.370000 0.370000 0.370000 0.370000 0.370000 0.370000 0.370000 0.370000 0.370000 0.370000 0.370000 0.370000 0.370000 0.370000 0.370000 0.370000 0.370000 0.370000 0.370000 0.370000 0.370000 0.370000 0.370000 0.370000 0.370000 0.370000 0.370000 0.370000 0.370000 0.370000 0.370000 0.370000 0.370000 0.370000 0.370000 0.370000 0.370000 0.370000 0.370000 0.370000 0.370000 0.370000 0.370000 0.370000 0.370000 0.370000 0.370000
0.370000 0.370000 0.370000 0.370000 0.370000 0.370000 0.370000 0.370000 0.370000 0.370000 0.370000 0.370000 0.370000 0.370000 0.370000 0.370000 0.370000 0.370000 0.370000 0.370000 0.370000 0.370000 0.370000 0.370000 0.370000 0.370000 0.370000 0.370000 0.370000 0.370000 0.370000 0.370000 0.370000 0.370000 0.370000 0.370000 0.370000 0.370000 0.370000 0.370000 0.370000 0.370000 0.370000 0.370000 0.370000 0.370000 0.370000 0.370000 0.370000 0.370000 0.370000 0.370000 0.370000 0.370000 0.370000 0.370000 0.370000 0.370000 0.370000 0.370000 0.370000 0.370000 0.370000
0.370000 0.370000 0.370000 0.370000 0.370000 0.370000 0.370000 0.370000 0.370000 0.370000 0.369989 0.369957 0.369946 0.369832 0.369475 0.368904 0.368484 0.368124 0.367340 0.367028 0.367411 0.368050 0.367473 0.366987 0.367060 0.366806 0.366755 0.367746 0.368769 0.369196 0.369476 0.369651 0.369718 0.369808 0.369973 0.369999 0.370000 0.370000 0.370000 0.370000 0.370000 0.370000 0.370000 0.370000 0.370000 0.370000 0.370000 0.370000 0.370000 0.370000 0.370000 0.370000 0.370000 0.370000 0.370000 0.370000 0.370000 0.370000 0.370000 0.370000 0.370000 0.370000 0.370000
0.370000 0.370000 0.370000 0.370000 0.369897 0.369397 0.368199 0.366752 0.363742 0.357286 0.351565 0.351965 0.353866 0.352642 0.347469 0.342080 0.337601 0.331985 0.324129 0.318789 0.323465 0.328333 0.330014 0.330815 0.332473 0.332783 0.332117 0.331263 0.336215 0.340256 0.344386 0.347707 0.350652 0.357826 0.362659 0.365190 0.367574 0.369047 0.369768 0.369983 0.370000 0.370000 0.370000 0.370000 0.370000 0.370000 0.370000 0.370000 0.370000 0.370000 0.370000 0.370000 0.370000 0.370000 0.370000 0.370000 0.370000 0.370000 0.370000 0.370000 0.370000 0.370000 0.370000
0.369995 0.369803 0.368092 0.362598 0.355492 0.347460 0.337602 0.325231 0.307907 0.288899 0.275035 0.280395 0.285705 0.292065 0.282720 0.273219 0.267869 0.256760 0.245747 0.235170 0.241923 0.249115 0.260554 0.262949 0.265158 0.269473 0.268062 0.266382 0.261762 0.268553 0.275544 0.284421 0.301988 0.317549 0.330440 0.339592 0.347299 0.354371 0.360298 0.364601 0.367530 0.368966 0.369669 0.369956 0.370000 0.370000 0.370000 0.370000 0.370000 0.370000 0.370000 0.370000 0.370000 0.370000 0.370000 0.370000 0.370000 0.370000 0.370000 0.370000 0.370000 0.370000 0.370000
0.352152 0.339754 0.318323 0.303433 0.289884 0.272971 0.256675 0.240644 0.220318 0.203378 0.187944 0.190956 0.199409 0.209308 0.203283 0.199751 0.197439 0.189393 0.180549 0.172228 0.174517 0.183640 0.194648 0.198858 0.203046 0.208280 0.208154 0.203592 0.197523 0.201242 0.210338 0.221622 0.238241 0.255572 0.272061 0.286450 0.301546 0.316064 0.329023 0.340776 0.350414 0.355983 0.361268 0.365230 0.367624 0.368879 0.369635 0.369972 0.370000 0.370000 0.370000 0.370000 0.370000 0.370000 0.370000 0.370000 0.370000 0.370000 0.370000 0.370000 0.370000 0.370000 0.370000
0.266573 0.242892 0.227315 0.213399 0.200291 0.187860 0.175233 0.163858 0.153462 0.143223 0.134531 0.136744 0.142712 0.148961 0.149685 0.148248 0.146821 0.143072 0.137223 0.132129 0.135273 0.141896 0.149075 0.153775 0.157130 0.160523 0.158942 0.154576 0.150646 0.154380 0.162312 0.170760 0.181662 0.195657 0.210683 0.226305 0.243208 0.260331 0.278888 0.296994 0.313554 0.327447 0.338672 0.347725 0.351749 0.355436 0.358484 0.362601 0.365881 0.368294 0.369508 0.369948 0.370000 0.370000 0.370000 0.370000 0.370000 0.370000 0.370000 0.370000 0.370000 0.370000 0.370000
0.194662 0.175526 0.161821 0.152507 0.147605 0.140970 0.132969 0.127845 0.122079 0.115855 0.115198 0.116454 0.120504 0.121515 0.121776 0.120817 0.120470 0.118856 0.115108 0.116499 0.118918 0.123865 0.127769 0.131207 0.133677 0.135375 0.134977 0.131864 0.132647 0.135546 0.141783 0.147158 0.154746 0.166029 0.176242 0.188583 0.203467 0.219814 0.237885 0.257351 0.277972 0.295681 0.309187 0.315540 0.322037 0.326181 0.324169 0.332274 0.339707 0.346525 0.354441 0.360686 0.366283 0.369473 0.369999 0.370000 0.370000 0.370000 0.370000 0.370000 0.370000 0.370000 0.370000
0.141373 0.129629 0.121103 0.118071 0.115072 0.111946 0.108562 0.105421 0.102577 0.102286 0.101856 0.101890 0.102444 0.103090 0.103597 0.103372 0.103140 0.103175 0.104182 0.105095 0.106343 0.108909 0.111711 0.114391 0.115537 0.116729 0.117454 0.118236 0.118952 0.120331 0.124095 0.128176 0.133217 0.140250 0.148077 0.157465 0.169698 0.183319 0.199270 0.218439 0.238814 0.254643 0.262501 0.270365 0.273830 0.270866 0.267950 0.274986 0.284593 0.293658 0.308395 0.322476 0.334842 0.353469 0.365011 0.369334 0.369989 0.370000 0.370000 0.370000 0.370000 0.370000 0.370000
0.114771 0.107872 0.103710 0.101700 0.099794 0.097946 0.095691 0.093943 0.093531 0.093214 0.092926 0.092737 0.093240 0.093775 0.094403 0.094317 0.094342 0.094718 0.095370 0.096256 0.097761 0.099704 0.101957 0.104864 0.105803 0.106813 0.108032 0.108616 0.109330 0.110390 0.113389 0.116655 0.120428 0.126056 0.132505 0.140350 0.150572 0.163838 0.181301 0.199083 0.218131 0.234656 0.241710 0.245375 0.244237 0.240039 0.230902 0.230925 0.240242 0.243802 0.255574 0.272578 0.283807 0.311919 0.338451 0.352311 0.362387 0.368019 0.369869 0.370000 0.370000 0.370000 0.370000
0.099003 0.095775 0.092869 0.091210 0.089898 0.088690 0.087664 0.087343 0.087010 0.086797 0.086664 0.086523 0.086802 0.087243 0.087692 0.087884 0.088161 0.088455 0.089128 0.090209 0.091339 0.092976 0.095142 0.097525 0.098523 0.099482 0.100481 0.101179 0.101974 0.102777 0.104994 0.107659 0.110526 0.115226 0.120743 0.126997 0.136924 0.150337 0.166078 0.181704 0.198867 0.216529 0.219190 0.220361 0.219924 0.210229 0.199092 0.195735 0.198186 0.199115 0.206420 0.216286 0.226373 0.250908 0.275755 0.299717 0.324270 0.347281 0.361225 0.366660 0.369331 0.369974 0.370000
