tests/Borden05m/data_simulated/sim_1/output-maps/thetaliqL0008N0009.asc
ncols         160
nrows         34
xllcorner     620200.000000
yllcorner     5168000.000000
cellsize      0.500000
NODATA_value  -9999.0
[rows 0 to 27 of 34, columns 0 to 62 of 160]
-9999.0 -9999.0 -9999.0 -9999.0 -9999.0 -9999.0 -9999.0 -9999.0 -9999.0 -9999.0 -9999.0 -9999.0 -9999.0 -9999.0 -9999.0 -9999.0 -9999.0 -9999.0 -9999.0 -9999.0 -9999.0 -9999.0 -9999.0 -9999.0 -9999.0 -9999.0 -9999.0 -9999.0 -9999.0 -9999.0 -9999.0 -9999.0 -9999.0 -9999.0 -9999.0 -9999.0 -9999.0 -9999.0 -9999.0 -9999.0 -9999.0 -9999.0 -9999.0 -9999.0 -9999.0 -9999.0 -9999.0 -9999.0 -9999.0 -9999.0 -9999.0 -9999.0 -9999.0 -9999.0 -9999.0 -9999.0 -9999.0 -9999.0 -9999.0 -9999.0 -9999.0 -9999.0 -9999.0
-9999.0 -9999.0 -9999.0 -9999.0 -9999.0 -9999.0 -9999.0 -9999.0 -9999.0 -9999.0 -9999.0 -9999.0 -9999.0 -9999.0 -9999.0 -9999.0 -9999.0 -9999.0 -9999.0 -9999.0 -9999.0 -9999.0 -9999.0 -9999.0 -9999.0 -9999.0 -9999.0 -9999.0 -9999.0 -9999.0 -9999.0 -9999.0 -9999.0 -9999.0 -9999.0 -9999.0 -9999.0 -9999.0 -9999.0 -9999.0 -9999.0 -9999.0 -9999.0 -9999.0 -9999.0 -9999.0 -9999.0 -9999.0 -9999.0 -9999.0 -9999.0 -9999.0 -9999.0 -9999.0 -9999.0 -9999.0 -9999.0 -9999.0 -9999.0 0.369444 0.369338 0.369218 0.369089
-9999.0 -9999.0 -9999.0 -9999.0 -9999.0 -9999.0 -9999.0 -9999.0 -9999.0 -9999.0 -9999.0 -9999.0 -9999.0 -9999.0 -9999.0 -9999.0 -9999.0 -9999.0 -9999.0 -9999.0 -9999.0 -9999.0 -9999.0 -9999.0 -9999.0 -9999.0 -9999.0 -9999.0 -9999.0 -9999.0 -9999.0 -9999.0 -9999.0 -9999.0 -9999.0 -9999.0 -9999.0 -9999.0 -9999.0 -9999.0 -9999.0 -9999.0 -9999.0 -9999.0 -9999.0 -9999.0 -9999.0 0.358112 0.353813 0.348638 0.348053 0.354912 0.360074 0.363759 0.365968 0.367379 0.368371 0.369048 0.369134 0.368820 0.368650 0.368519 0.368423
-9999.0 -9999.0 -9999.0 -9999.0 -9999.0 -9999.0 -9999.0 -9999.0 -9999.0 -9999.0 -9999.0 -9999.0 -9999.0 -9999.0 -9999.0 -9999.0 -9999.0 -9999.0 -9999.0 -9999.0 -9999.0 -9999.0 -9999.0 -9999.0 -9999.0 -9999.0 -9999.0 -9999.0 -9999.0 -9999.0 -9999.0 -9999.0 -9999.0 -9999.0 -9999.0 -9999.0 -9999.0 -9999.0 -9999.0 -9999.0 0.365415 0.365966 0.366105 0.365033 0.363673 0.361955 0.358249 0.353873 0.349089 0.348042 0.348862 0.350712 0.356964 0.361679 0.364373 0.366139 0.367527 0.368509 0.368617 0.368151 0.367700 0.367433 0.367427
-9999.0 -9999.0 -9999.0 -9999.0 -9999.0 -9999.0 -9999.0 -9999.0 -9999.0 -9999.0 -9999.0 -9999.0 -9999.0 -9999.0 -9999.0 -9999.0 -9999.0 -9999.0 -9999.0 -9999.0 -9999.0 -9999.0 -9999.0 -9999.0 -9999.0 -9999.0 -9999.0 -9999.0 -9999.0 -9999.0 -9999.0 -9999.0 -9999.0 -9999.0 0.345356 0.351297 0.356198 0.360070 0.362779 0.363665 0.364387 0.365031 0.364571 0.363965 0.362372 0.359081 0.354425 0.350162 0.349200 0.348237 0.349650 0.353579 0.357689 0.360915 0.364003 0.366356 0.367042 0.367788 0.367945 0.367657 0.367699 0.367770 0.367844
-9999.0 -9999.0 -9999.0 -9999.0 -9999.0 -9999.0 -9999.0 -9999.0 -9999.0 -9999.0 -9999.0 -9999.0 -9999.0 -9999.0 -9999.0 -9999.0 -9999.0 -9999.0 -9999.0 -9999.0 -9999.0 -9999.0 -9999.0 -9999.0 -9999.0 -9999.0 -9999.0 -9999.0 0.347254 0.345038 0.342933 0.342215 0.341567 0.340949 0.343708 0.348198 0.353793 0.358859 0.361203 0.362318 0.363232 0.363317 0.362609 0.362237 0.362220 0.360202 0.357790 0.355123 0.352161 0.351753 0.354413 0.357730 0.360852 0.363133 0.364988 0.366244 0.367371 0.368468 0.368780 0.368553 0.368306 0.368133 0.368155
-9999.0 -9999.0 -9999.0 -9999.0 -9999.0 -9999.0 -9999.0 -9999.0 -9999.0 -9999.0 -9999.0 -9999.0 -9999.0 -9999.0 -9999.0 -9999.0 -9999.0 -9999.0 -9999.0 -9999.0 -9999.0 -9999.0 -9999.0 0.335464 0.338217 0.340935 0.343804 0.344046 0.342232 0.339729 0.338182 0.337320 0.336461 0.338311 0.341831 0.347010 0.352124 0.357631 0.359386 0.360610 0.362610 0.362886 0.363486 0.363963 0.363689 0.363301 0.361472 0.359874 0.360908 0.361918 0.362848 0.363824 0.365288 0.366675 0.367829 0.368736 0.369326 0.369643 0.369804 0.369756 0.369667 0.369513 0.369518
-9999.0 -9999.0 -9999.0 -9999.0 -9999.0 -9999.0 -9999.0 -9999.0 -9999.0 -9999.0 -9999.0 -9999.0 -9999.0 -9999.0 -9999.0 -9999.0 -9999.0 -9999.0 -9999.0 0.322682 0.323054 0.323479 0.325899 0.326341 0.327447 0.331001 0.334887 0.335711 0.334829 0.333846 0.334424 0.335522 0.337288 0.342142 0.347311 0.351838 0.355672 0.360150 0.362577 0.364409 0.366050 0.365891 0.365427 0.365165 0.365177 0.365222 0.365825 0.366160 0.366621 0.367060 0.367516 0.368000 0.368480 0.369092 0.369517 0.369765 0.369894 0.369956 0.369985 0.369982 0.369967 0.369940 0.369941
-9999.0 -9999.0 -9999.0 -9999.0 -9999.0 -9999.0 -9999.0 -9999.0 -9999.0 -9999.0 -9999.0 -9999.0 -9999.0 -9999.0 -9999.0 -9999.0 0.305077 0.306214 0.307448 0.310814 0.312209 0.314530 0.318563 0.318991 0.321102 0.324978 0.327546 0.331790 0.335429 0.338628 0.341028 0.341993 0.344932 0.348320 0.352048 0.356232 0.360782 0.364126 0.365855 0.367165 0.368118 0.368120 0.368048 0.368090 0.368125 0.368484 0.369092 0.369252 0.369338 0.369649 0.369794 0.369835 0.369879 0.369947 0.369986 0.369998 0.370000 0.370000 0.370000 0.370000 0.370000 0.370000 0.370000
-9999.0 -9999.0 -9999.0 -9999.0 -9999.0 -9999.0 -9999.0 -9999.0 -9999.0 -9999.0 -9999.0 -9999.0 -9999.0 0.272450 0.275600 0.282508 0.288416 0.289826 0.292444 0.296310 0.304626 0.306749 0.310632 0.315280 0.321895 0.326470 0.331162 0.336707 0.340320 0.343151 0.345771 0.348081 0.352409 0.356473 0.359882 0.363196 0.365694 0.367361 0.368457 0.368980 0.369333 0.369407 0.369372 0.369405 0.369547 0.369767 0.369895 0.369945 0.369984 0.369997 0.369999 0.370000 0.370000 0.370000 0.370000 0.370000 0.370000 0.370000 0.370000 0.370000 0.370000 0.370000 0.370000
-9999.0 -9999.0 -9999.0 -9999.0 -9999.0 -9999.0 -9999.0 -9999.0 -9999.0 -9999.0 0.244111 0.246129 0.243143 0.243683 0.247158 0.256508 0.266804 0.272059 0.280508 0.295611 0.307246 0.309286 0.318456 0.324023 0.327415 0.332783 0.338793 0.344089 0.350161 0.353870 0.357060 0.361211 0.363675 0.365537 0.367016 0.368168 0.368973 0.369604 0.369859 0.369927 0.369980 0.369992 0.369991 0.369992 0.369996 0.369999 0.370000 0.370000 0.370000 0.370000 0.370000 0.370000 0.370000 0.370000 0.370000 0.370000 0.370000 0.370000 0.370000 0.370000 0.370000 0.370000 0.370000
-9999.0 -9999.0 -9999.0 -9999.0 -9999.0 -9999.0 -9999.0 -9999.0 0.225089 0.230327 0.235239 0.232591 0.228553 0.225806 0.235857 0.248357 0.260954 0.274154 0.286166 0.298938 0.309398 0.319619 0.330141 0.335809 0.340948 0.346746 0.351235 0.356156 0.360639 0.363027 0.365367 0.367210 0.368303 0.368971 0.369414 0.369689 0.369904 0.369985 0.369999 0.370000 0.370000 0.370000 0.370000 0.370000 0.370000 0.370000 0.370000 0.370000 0.370000 0.370000 0.370000 0.370000 0.370000 0.370000 0.370000 0.370000 0.370000 0.370000 0.370000 0.370000 0.370000 0.370000 0.370000
-9999.0 -9999.0 -9999.0 -9999.0 -9999.0 -9999.0 0.205689 0.224033 0.235567 0.229117 0.222632 0.219844 0.216957 0.231460 0.248318 0.261577 0.274504 0.287486 0.299058 0.309023 0.329824 0.337550 0.343786 0.350744 0.354707 0.358034 0.361369 0.364691 0.366874 0.368661 0.369465 0.369801 0.369939 0.369980 0.369995 0.369999 0.370000 0.370000 0.370000 0.370000 0.370000 0.370000 0.370000 0.370000 0.370000 0.370000 0.370000 0.370000 0.370000 0.370000 0.370000 0.370000 0.370000 0.370000 0.370000 0.370000 0.370000 0.370000 0.370000 0.370000 0.370000 0.370000 0.370000
-9999.0 -9999.0 -9999.0 -9999.0 0.182481 0.196750 0.211819 0.235887 0.253985 0.249281 0.255027 0.255255 0.253984 0.255550 0.259709 0.273650 0.286908 0.299558 0.312051 0.333646 0.350300 0.355118 0.360946 0.365354 0.366634 0.367654 0.368432 0.369195 0.369707 0.369936 0.369997 0.370000 0.370000 0.370000 0.370000 0.370000 0.370000 0.370000 0.370000 0.370000 0.370000 0.370000 0.370000 0.370000 0.370000 0.370000 0.370000 0.370000 0.370000 0.370000 0.370000 0.370000 0.370000 0.370000 0.370000 0.370000 0.370000 0.370000 0.370000 0.370000 0.370000 0.370000 0.370000
-9999.0 -9999.0 -9999.0 0.154982 0.177220 0.202259 0.223065 0.247706 0.272875 0.277789 0.283876 0.288664 0.293499 0.299725 0.306546 0.316786 0.324698 0.331107 0.340751 0.353612 0.361628 0.366006 0.368231 0.369289 0.369683 0.369831 0.369921 0.369979 0.369999 0.370000 0.370000 0.370000 0.370000 0.370000 0.370000 0.370000 0.370000 0.370000 0.370000 0.370000 0.370000 0.370000 0.370000 0.370000 0.370000 0.370000 0.370000 0.370000 0.370000 0.370000 0.370000 0.370000 0.370000 0.370000 0.370000 0.370000 0.370000 0.370000 0.370000 0.370000 0.370000 0.370000 0.370000
-9999.0 -9999.0 0.133633 0.150125 0.169539 0.204354 0.245326 0.271998 0.302424 0.318765 0.322890 0.332924 0.340760 0.344234 0.350293 0.355304 0.358310 0.358936 0.361266 0.365959 0.369016 0.369829 0.369969 0.370000 0.370000 0.370000 0.370000 0.370000 0.370000 0.370000 0.370000 0.370000 0.370000 0.370000 0.370000 0.370000 0.370000 0.370000 0.370000 0.370000 0.370000 0.370000 0.370000 0.370000 0.370000 0.370000 0.370000 0.370000 0.370000 0.370000 0.370000 0.370000 0.370000 0.370000 0.370000 0.370000 0.370000 0.370000 0.370000 0.370000 0.370000 0.370000 0.370000
-9999.0 -9999.0 0.124413 0.141766 0.163777 0.211136 0.270968 0.299394 0.326543 0.346549 0.352799 0.358717 0.362341 0.364873 0.367058 0.368417 0.368606 0.368719 0.368726 0.369794 0.369991 0.370000 0.370000 0.370000 0.370000 0.370000 0.370000 0.370000 0.370000 0.370000 0.370000 0.370000 0.370000 0.370000 0.370000 0.370000 0.370000 0.370000 0.370000 0.370000 0.370000 0.370000 0.370000 0.370000 0.370000 0.370000 0.370000 0.370000 0.370000 0.370000 0.370000 0.370000 0.370000 0.370000 0.370000 0.370000 0.370000 0.370000 0.370000 0.370000 0.370000 0.370000 0.370000
-9999.0 0.101554 0.113789 0.131851 0.166238 0.213745 0.282912 0.334723 0.353387 0.362358 0.365893 0.367541 0.369505 0.369934 0.369986 0.369999 0.369999 0.369998 0.369997 0.370000 0.370000 0.370000 0.370000 0.370000 0.370000 0.370000 0.370000 0.370000 0.370000 0.370000 0.370000 0.370000 0.370000 0.370000 0.370000 0.370000 0.370000 0.370000 0.370000 0.370000 0.370000 0.370000 0.370000 0.370000 0.370000 0.370000 0.370000 0.370000 0.370000 0.370000 0.370000 0.370000 0.370000 0.370000 0.370000 0.370000 0.370000 0.370000 0.370000 0.370000 0.370000 0.370000 0.370000
-9999.0 0.095512 0.107361 0.129335 0.163297 0.216787 0.305677 0.359928 0.366159 0.368389 0.369373 0.369909 0.370000 0.370000 0.370000 0.370000 0.370000 0.370000 0.370000 0.370000 0.370000 0.370000 0.370000 0.370000 0.370000 0.370000 0.370000 0.370000 0.370000 0.370000 0.370000 0.370000 0.370000 0.370000 0.370000 0.370000 0.370000 0.370000 0.370000 0.370000 0.370000 0.370000 0.370000 0.370000 0.370000 0.370000 0.370000 0.370000 0.370000 0.370000 0.370000 0.370000 0.370000 0.370000 0.370000 0.370000 0.370000 0.370000 0.370000 0.370000 0.370000 0.370000 0.370000
-9999.0 0.092052 0.104015 0.121752 0.153215 0.240297 0.328398 0.365358 0.369582 0.369916 0.369997 0.370000 0.370000 0.370000 0.370000 0.370000 0.370000 0.370000 0.370000 0.370000 0.370000 0.370000 0.370000 0.370000 0.370000 0.370000 0.370000 0.370000 0.370000 0.370000 0.370000 0.370000 0.370000 0.370000 0.370000 0.370000 0.370000 0.370000 0.370000 0.370000 0.370000 0.370000 0.370000 0.370000 0.370000 0.370000 0.370000 0.370000 0.370000 0.370000 0.370000 0.370000 0.370000 0.370000 0.370000 0.370000 0.370000 0.370000 0.370000 0.370000 0.370000 0.370000 0.370000
-9999.0 0.082931 0.091809 0.102451 0.147840 0.261704 0.341573 0.368767 0.369997 0.370000 0.370000 0.370000 0.370000 0.370000 0.370000 0.370000 0.370000 0.370000 0.370000 0.370000 0.370000 0.370000 0.370000 0.370000 0.370000 0.370000 0.370000 0.370000 0.370000 0.370000 0.370000 0.370000 0.370000 0.370000 0.370000 0.370000 0.370000 0.370000 0.370000 0.370000 0.370000 0.370000 0.370000 0.370000 0.370000 0.370000 0.370000 0.370000 0.370000 0.370000 0.370000 0.370000 0.370000 0.370000 0.370000 0.370000 0.370000 0.370000 0.370000 0.370000 0.370000 0.370000 0.370000
-9999.0 0.077675 0.082812 0.095090 0.136555 0.240785 0.341517 0.369274 0.370000 0.370000 0.370000 0.370000 0.370000 0.370000 0.370000 0.370000 0.370000 0.370000 0.370000 0.370000 0.370000 0.370000 0.370000 0.370000 0.370000 0.370000 0.370000 0.370000 0.370000 0.370000 0.370000 0.370000 0.370000 0.370000 0.370000 0.370000 0.370000 0.370000 0.370000 0.370000 0.370000 0.370000 0.370000 0.370000 0.370000 0.370000 0.370000 0.370000 0.370000 0.370000 0.370000 0.370000 0.370000 0.370000 0.370000 0.370000 0.370000 0.370000 0.370000 0.370000 0.370000 0.370000 0.370000
-9999.0 0.074209 0.079284 0.088039 0.113088 0.174092 0.279312 0.361306 0.369935 0.370000 0.370000 0.370000 0.370000 0.370000 0.370000 0.370000 0.370000 0.370000 0.370000 0.370000 0.370000 0.370000 0.370000 0.370000 0.370000 0.370000 0.370000 0.370000 0.370000 0.370000 0.370000 0.370000 0.370000 0.370000 0.370000 0.370000 0.370000 0.370000 0.370000 0.370000 0.370000 0.370000 0.370000 0.370000 0.370000 0.370000 0.370000 0.370000 0.370000 0.370000 0.370000 0.370000 0.370000 0.370000 0.370000 0.370000 0.370000 0.370000 0.370000 0.370000 0.370000 0.370000 0.370000
-9999.0 -9999.0 0.075860 0.082318 0.095744 0.128536 0.199642 0.319256 0.366678 0.370000 0.370000 0.370000 0.370000 0.370000 0.370000 0.370000 0.370000 0.370000 0.370000 0.370000 0.370000 0.370000 0.370000 0.370000 0.370000 0.370000 0.370000 0.370000 0.370000 0.370000 0.370000 0.370000 0.370000 0.370000 0.370000 0.370000 0.370000 0.370000 0.370000 0.370000 0.370000 0.370000 0.370000 0.370000 0.370000 0.370000 0.370000 0.370000 0.370000 0.370000 0.370000 0.370000 0.370000 0.370000 0.370000 0.370000 0.370000 0.370000 0.370000 0.370000 0.370000 0.370000 0.370000
-9999.0 -9999.0 0.073153 0.077214 0.085866 0.105268 0.140716 0.207344 0.327029 0.364871 0.369746 0.369999 0.370000 0.370000 0.370000 0.370000 0.370000 0.370000 0.370000 0.370000 0.370000 0.370000 0.370000 0.370000 0.370000 0.370000 0.370000 0.370000 0.370000 0.370000 0.370000 0.370000 0.370000 0.370000 0.370000 0.370000 0.370000 0.370000 0.370000 0.370000 0.370000 0.370000 0.370000 0.370000 0.370000 0.370000 0.370000 0.370000 0.370000 0.370000 0.370000 0.370000 0.370000 0.370000 0.370000 0.370000 0.370000 0.370000 0.370000 0.370000 0.369995 0.369961 0.369825
-9999.0 -9999.0 -9999.0 0.074283 0.078573 0.085120 0.097942 0.116037 0.157130 0.236855 0.315456 0.357763 0.367003 0.369349 0.369922 0.369997 0.370000 0.370000 0.370000 0.370000 0.370000 0.370000 0.370000 0.370000 0.370000 0.370000 0.370000 0.370000 0.370000 0.370000 0.370000 0.370000 0.370000 0.370000 0.370000 0.370000 0.370000 0.370000 0.370000 0.370000 0.370000 0.370000 0.370000 0.370000 0.370000 0.370000 0.370000 0.370000 0.370000 0.370000 0.370000 0.370000 0.370000 0.370000 0.370000 0.369999 0.369998 0.369985 0.369935 0.369785 0.369334 0.368300 0.366358
-9999.0 -9999.0 -9999.0 -9999.0 -9999.0 0.075687 0.081083 0.089737 0.102127 0.120722 0.156267 0.222385 0.262553 0.301629 0.335016 0.352803 0.361761 0.366523 0.368999 0.369755 0.369971 0.369998 0.370000 0.370000 0.370000 0.370000 0.370000 0.370000 0.370000 0.370000 0.370000 0.370000 0.370000 0.369999 0.369999 0.369999 0.369999 0.369998 0.369996 0.369990 0.369980 0.369973 0.369965 0.369956 0.369945 0.369933 0.369920 0.369904 0.369858 0.369811 0.369811 0.369786 0.369759 0.369730 0.369653 0.369545 0.369382 0.368704 0.367683 0.366579 0.363093 0.358022 0.352815
-9999.0 -9999.0 -9999.0 -9999.0 -9999.0 -9999.0 0.074074 0.077785 0.082672 0.090437 0.104363 0.123959 0.135934 0.158271 0.189607 0.230842 0.277555 0.310041 0.334627 0.351638 0.361841 0.366329 0.368548 0.369509 0.369716 0.369819 0.369887 0.369843 0.369775 0.369682 0.369380 0.369285 0.369128 0.369114 0.369094 0.369079 0.368922 0.368730 0.368525 0.368077 0.367805 0.367451 0.367165 0.366865 0.366524 0.366202 0.365941 0.365674 0.365082 0.365189 0.365203 0.365001 0.364725 0.364401 0.363565 0.362287 0.360833 0.357529 0.353915 0.349491 0.339953 0.330817 0.319614
