tests/Borden05m/data_simulated/sim_1/output-maps/thetaliqL0005N0017.asc
ncols         160
nrows         34
xllcorner     620200.000000
yllcorner     5168000.000000
cellsize      0.500000
NODATA_value  -9999.0
[rows 0 to 27 of 34, columns 0 to 62 of 160]
-9999.0 -9999.0 -9999.0 -9999.0 -9999.0 -9999.0 -9999.0 -9999.0 -9999.0 -9999.0 -9999.0 -9999.0 -9999.0 -9999.0 -9999.0 -9999.0 -9999.0 -9999.0 -9999.0 -9999.0 -9999.0 -9999.0 -9999.0 -9999.0 -9999.0 -9999.0 -9999.0 -9999.0 -9999.0 -9999.0 -9999.0 -9999.0 -9999.0 -9999.0 -9999.0 -9999.0 -9999.0 -9999.0 -9999.0 -9999.0 -9999.0 -9999.0 -9999.0 -9999.0 -9999.0 -9999.0 -9999.0 -9999.0 -9999.0 -9999.0 -9999.0 -9999.0 -9999.0 -9999.0 -9999.0 -9999.0 -9999.0 -9999.0 -9999.0 -9999.0 -9999.0 -9999.0 -9999.0
-9999.0 -9999.0 -9999.0 -9999.0 -9999.0 -9999.0 -9999.0 -9999.0 -9999.0 -9999.0 -9999.0 -9999.0 -9999.0 -9999.0 -9999.0 -9999.0 -9999.0 -9999.0 -9999.0 -9999.0 -9999.0 -9999.0 -9999.0 -9999.0 -9999.0 -9999.0 -9999.0 -9999.0 -9999.0 -9999.0 -9999.0 -9999.0 -9999.0 -9999.0 -9999.0 -9999.0 -9999.0 -9999.0 -9999.0 -9999.0 -9999.0 -9999.0 -9999.0 -9999.0 -9999.0 -9999.0 -9999.0 -9999.0 -9999.0 -9999.0 -9999.0 -9999.0 -9999.0 -9999.0 -9999.0 -9999.0 -9999.0 -9999.0 -9999.0 0.162654 0.159508 0.156876 0.154814
-9999.0 -9999.0 -9999.0 -9999.0 -9999.0 -9999.0 -9999.0 -9999.0 -9999.0 -9999.0 -9999.0 -9999.0 -9999.0 -9999.0 -9999.0 -9999.0 -9999.0 -9999.0 -9999.0 -9999.0 -9999.0 -9999.0 -9999.0 -9999.0 -9999.0 -9999.0 -9999.0 -9999.0 -9999.0 -9999.0 -9999.0 -9999.0 -9999.0 -9999.0 -9999.0 -9999.0 -9999.0 -9999.0 -9999.0 -9999.0 -9999.0 -9999.0 -9999.0 -9999.0 -9999.0 -9999.0 -9999.0 0.125098 0.119064 0.112945 0.111704 0.118824 0.124096 0.129818 0.134856 0.139942 0.146372 0.155333 0.155948 0.147517 0.145688 0.144658 0.144259
-9999.0 -9999.0 -9999.0 -9999.0 -9999.0 -9999.0 -9999.0 -9999.0 -9999.0 -9999.0 -9999.0 -9999.0 -9999.0 -9999.0 -9999.0 -9999.0 -9999.0 -9999.0 -9999.0 -9999.0 -9999.0 -9999.0 -9999.0 -9999.0 -9999.0 -9999.0 -9999.0 -9999.0 -9999.0 -9999.0 -9999.0 -9999.0 -9999.0 -9999.0 -9999.0 -9999.0 -9999.0 -9999.0 -9999.0 -9999.0 0.132313 0.135164 0.136963 0.132256 0.129153 0.127414 0.121881 0.116701 0.112103 0.112539 0.112828 0.111645 0.117383 0.123290 0.127327 0.131296 0.137503 0.146308 0.146696 0.139996 0.135723 0.134080 0.134472
-9999.0 -9999.0 -9999.0 -9999.0 -9999.0 -9999.0 -9999.0 -9999.0 -9999.0 -9999.0 -9999.0 -9999.0 -9999.0 -9999.0 -9999.0 -9999.0 -9999.0 -9999.0 -9999.0 -9999.0 -9999.0 -9999.0 -9999.0 -9999.0 -9999.0 -9999.0 -9999.0 -9999.0 -9999.0 -9999.0 -9999.0 -9999.0 -9999.0 -9999.0 0.112045 0.116870 0.120400 0.124177 0.128697 0.129007 0.129400 0.131904 0.129801 0.128809 0.125250 0.119530 0.114121 0.110916 0.112099 0.111257 0.111709 0.114565 0.117511 0.120136 0.125441 0.132977 0.133026 0.136435 0.136583 0.133854 0.135329 0.136739 0.137771
-9999.0 -9999.0 -9999.0 -9999.0 -9999.0 -9999.0 -9999.0 -9999.0 -9999.0 -9999.0 -9999.0 -9999.0 -9999.0 -9999.0 -9999.0 -9999.0 -9999.0 -9999.0 -9999.0 -9999.0 -9999.0 -9999.0 -9999.0 -9999.0 -9999.0 -9999.0 -9999.0 -9999.0 0.117211 0.115332 0.113856 0.113735 0.113141 0.111373 0.111601 0.113140 0.116753 0.122085 0.124299 0.124988 0.126167 0.125614 0.123067 0.122473 0.124307 0.120717 0.118196 0.115608 0.111645 0.110853 0.113404 0.116563 0.120022 0.122526 0.125210 0.127730 0.130902 0.139831 0.142976 0.138954 0.136132 0.134572 0.134932
-9999.0 -9999.0 -9999.0 -9999.0 -9999.0 -9999.0 -9999.0 -9999.0 -9999.0 -9999.0 -9999.0 -9999.0 -9999.0 -9999.0 -9999.0 -9999.0 -9999.0 -9999.0 -9999.0 -9999.0 -9999.0 -9999.0 -9999.0 0.112390 0.114053 0.115053 0.116747 0.116253 0.113384 0.111342 0.110391 0.109706 0.108386 0.108599 0.109330 0.111381 0.113640 0.118838 0.118667 0.118809 0.122846 0.122556 0.124637 0.126958 0.126142 0.125993 0.120867 0.117298 0.120431 0.122287 0.123035 0.123550 0.126423 0.130341 0.135324 0.142491 0.151319 0.159734 0.169792 0.164347 0.158999 0.151562 0.151866
-9999.0 -9999.0 -9999.0 -9999.0 -9999.0 -9999.0 -9999.0 -9999.0 -9999.0 -9999.0 -9999.0 -9999.0 -9999.0 -9999.0 -9999.0 -9999.0 -9999.0 -9999.0 -9999.0 0.110587 0.110269 0.109622 0.110197 0.108064 0.107331 0.108452 0.110234 0.109695 0.108329 0.107150 0.107355 0.107668 0.107743 0.110270 0.112866 0.114772 0.116081 0.120861 0.123614 0.127058 0.133205 0.130550 0.127499 0.125914 0.125761 0.125221 0.128160 0.129372 0.130464 0.131400 0.132798 0.134953 0.137430 0.144415 0.152388 0.160742 0.169573 0.179651 0.192907 0.189190 0.179592 0.170335 0.170408
-9999.0 -9999.0 -9999.0 -9999.0 -9999.0 -9999.0 -9999.0 -9999.0 -9999.0 -9999.0 -9999.0 -9999.0 -9999.0 -9999.0 -9999.0 -9999.0 0.108479 0.108373 0.107609 0.106565 0.105567 0.105773 0.107073 0.105561 0.105308 0.106129 0.105836 0.107204 0.108616 0.110196 0.111130 0.110213 0.111106 0.111887 0.113017 0.115360 0.120548 0.126165 0.129409 0.134148 0.140633 0.138689 0.137453 0.137570 0.136542 0.139268 0.148263 0.148976 0.147970 0.158370 0.165440 0.166052 0.167761 0.177298 0.192044 0.212272 0.242464 0.265261 0.286531 0.294040 0.280017 0.276529 0.282277
-9999.0 -9999.0 -9999.0 -9999.0 -9999.0 -9999.0 -9999.0 -9999.0 -9999.0 -9999.0 -9999.0 -9999.0 -9999.0 0.105804 0.105798 0.106456 0.104681 0.103172 0.102419 0.101468 0.103742 0.102774 0.102788 0.103525 0.105691 0.106313 0.107158 0.109013 0.109409 0.109589 0.109813 0.109627 0.112246 0.115235 0.118146 0.122900 0.127886 0.133066 0.139806 0.143677 0.148828 0.149174 0.146539 0.146285 0.149815 0.159548 0.169363 0.175744 0.191740 0.210639 0.222774 0.235276 0.243269 0.254154 0.274957 0.314235 0.342259 0.354658 0.359418 0.362453 0.362644 0.363145 0.363635
-9999.0 -9999.0 -9999.0 -9999.0 -9999.0 -9999.0 -9999.0 -9999.0 -9999.0 -9999.0 0.101045 0.102216 0.100472 0.097719 0.096753 0.097786 0.098945 0.098270 0.098815 0.102615 0.105189 0.102677 0.105440 0.106130 0.105450 0.106541 0.108353 0.109649 0.113153 0.114586 0.116132 0.121943 0.125186 0.128714 0.133110 0.138403 0.144552 0.158126 0.171604 0.176622 0.193368 0.204706 0.199173 0.197601 0.201918 0.217243 0.241609 0.272752 0.299803 0.326516 0.341749 0.348986 0.353225 0.357153 0.360784 0.364859 0.367581 0.368809 0.369426 0.369647 0.369711 0.369739 0.369776
-9999.0 -9999.0 -9999.0 -9999.0 -9999.0 -9999.0 -9999.0 -9999.0 0.096189 0.097931 0.099135 0.097765 0.095979 0.093182 0.094592 0.096153 0.097468 0.099256 0.100519 0.101876 0.102137 0.104127 0.107296 0.107727 0.108918 0.111503 0.112923 0.116075 0.120546 0.121953 0.126097 0.131772 0.137336 0.142782 0.149019 0.155220 0.170330 0.192038 0.217320 0.240917 0.270201 0.298554 0.300435 0.304950 0.311144 0.334248 0.350952 0.360165 0.364536 0.366920 0.368380 0.368912 0.369182 0.369437 0.369656 0.369790 0.369910 0.369975 0.369995 0.369999 0.370000 0.370000 0.370000
-9999.0 -9999.0 -9999.0 -9999.0 -9999.0 -9999.0 0.093266 0.097228 0.099407 0.095300 0.092421 0.091490 0.090010 0.093707 0.097561 0.098838 0.100033 0.101435 0.101925 0.100702 0.108247 0.108059 0.108401 0.111983 0.113387 0.115195 0.118508 0.124480 0.129791 0.142022 0.154078 0.166268 0.180831 0.192267 0.204432 0.219560 0.250815 0.292130 0.328172 0.347420 0.357389 0.363090 0.364540 0.365234 0.365985 0.367191 0.368553 0.369345 0.369774 0.369934 0.369978 0.369988 0.369994 0.369997 0.369999 0.370000 0.370000 0.370000 0.370000 0.370000 0.370000 0.370000 0.370000
-9999.0 -9999.0 -9999.0 -9999.0 0.094197 0.095423 0.095340 0.099301 0.102359 0.097271 0.099173 0.098352 0.096808 0.095204 0.093577 0.095678 0.097327 0.098822 0.099731 0.107242 0.115656 0.114553 0.120368 0.130090 0.131473 0.134777 0.138206 0.145930 0.158761 0.176916 0.212656 0.250582 0.278314 0.303196 0.323055 0.340543 0.354501 0.362763 0.366454 0.368324 0.369231 0.369626 0.369778 0.369839 0.369895 0.369940 0.369975 0.369994 0.369999 0.370000 0.370000 0.370000 0.370000 0.370000 0.370000 0.370000 0.370000 0.370000 0.370000 0.370000 0.370000 0.370000 0.370000
-9999.0 -9999.0 -9999.0 0.091317 0.095256 0.097384 0.096510 0.098156 0.102095 0.099795 0.099715 0.099633 0.099750 0.100280 0.100713 0.102623 0.103738 0.103978 0.106374 0.113069 0.119300 0.127721 0.136409 0.147740 0.157824 0.164311 0.171870 0.187060 0.219988 0.261816 0.317109 0.350471 0.361042 0.364680 0.366376 0.367865 0.368789 0.369520 0.369836 0.369952 0.369990 0.369998 0.370000 0.370000 0.370000 0.370000 0.370000 0.370000 0.370000 0.370000 0.370000 0.370000 0.370000 0.370000 0.370000 0.370000 0.370000 0.370000 0.370000 0.370000 0.370000 0.370000 0.370000
-9999.0 -9999.0 0.091157 0.093526 0.092866 0.096377 0.100807 0.100178 0.105656 0.108409 0.105479 0.108837 0.111328 0.110090 0.113192 0.116728 0.118960 0.116682 0.116546 0.126158 0.146660 0.169813 0.191338 0.244039 0.276693 0.296509 0.307429 0.328459 0.347514 0.360772 0.366473 0.368851 0.369628 0.369871 0.369925 0.369964 0.369990 0.369998 0.370000 0.370000 0.370000 0.370000 0.370000 0.370000 0.370000 0.370000 0.370000 0.370000 0.370000 0.370000 0.370000 0.370000 0.370000 0.370000 0.370000 0.370000 0.370000 0.370000 0.370000 0.370000 0.370000 0.370000 0.370000
-9999.0 -9999.0 0.088858 0.092309 0.090977 0.097310 0.105103 0.102179 0.106513 0.115610 0.116233 0.119747 0.122187 0.125964 0.132777 0.142977 0.140916 0.140225 0.135229 0.162728 0.200782 0.268864 0.338318 0.359087 0.364728 0.365550 0.366055 0.367244 0.368450 0.369534 0.369928 0.369996 0.370000 0.370000 0.370000 0.370000 0.370000 0.370000 0.370000 0.370000 0.370000 0.370000 0.370000 0.370000 0.370000 0.370000 0.370000 0.370000 0.370000 0.370000 0.370000 0.370000 0.370000 0.370000 0.370000 0.370000 0.370000 0.370000 0.370000 0.370000 0.370000 0.370000 0.370000
-9999.0 0.087381 0.089189 0.089879 0.093959 0.094643 0.101863 0.113509 0.118213 0.126117 0.130940 0.132067 0.160209 0.193023 0.211524 0.239836 0.232944 0.226290 0.215122 0.256194 0.318286 0.360030 0.369136 0.369834 0.369943 0.369949 0.369940 0.369967 0.369991 0.370000 0.370000 0.370000 0.370000 0.370000 0.370000 0.370000 0.370000 0.370000 0.370000 0.370000 0.370000 0.370000 0.370000 0.370000 0.370000 0.370000 0.370000 0.370000 0.370000 0.370000 0.370000 0.370000 0.370000 0.370000 0.370000 0.370000 0.370000 0.370000 0.370000 0.370000 0.370000 0.370000 0.370000
-9999.0 0.083421 0.088766 0.092906 0.092612 0.092263 0.105968 0.135454 0.136384 0.141820 0.149695 0.180460 0.265124 0.326589 0.346847 0.358008 0.357629 0.354888 0.355322 0.362336 0.367568 0.369722 0.369999 0.370000 0.370000 0.370000 0.370000 0.370000 0.370000 0.370000 0.370000 0.370000 0.370000 0.370000 0.370000 0.370000 0.370000 0.370000 0.370000 0.370000 0.370000 0.370000 0.370000 0.370000 0.370000 0.370000 0.370000 0.370000 0.370000 0.370000 0.370000 0.370000 0.370000 0.370000 0.370000 0.370000 0.370000 0.370000 0.370000 0.370000 0.370000 0.370000 0.370000
-9999.0 0.087051 0.094299 0.092947 0.088638 0.099692 0.110542 0.138570 0.170500 0.181283 0.228125 0.323478 0.359543 0.367459 0.369045 0.369480 0.369650 0.369625 0.369818 0.369980 0.370000 0.370000 0.370000 0.370000 0.370000 0.370000 0.370000 0.370000 0.370000 0.370000 0.370000 0.370000 0.370000 0.370000 0.370000 0.370000 0.370000 0.370000 0.370000 0.370000 0.370000 0.370000 0.370000 0.370000 0.370000 0.370000 0.370000 0.370000 0.370000 0.370000 0.370000 0.370000 0.370000 0.370000 0.370000 0.370000 0.370000 0.370000 0.370000 0.370000 0.370000 0.370000 0.370000
-9999.0 0.080516 0.088467 0.082351 0.093144 0.109166 0.115899 0.164131 0.243927 0.288111 0.352251 0.366702 0.369552 0.369933 0.369990 0.370000 0.370000 0.370000 0.370000 0.370000 0.370000 0.370000 0.370000 0.370000 0.370000 0.370000 0.370000 0.370000 0.370000 0.370000 0.370000 0.370000 0.370000 0.370000 0.370000 0.370000 0.370000 0.370000 0.370000 0.370000 0.370000 0.370000 0.370000 0.370000 0.370000 0.370000 0.370000 0.370000 0.370000 0.370000 0.370000 0.370000 0.370000 0.370000 0.370000 0.370000 0.370000 0.370000 0.370000 0.369999 0.369996 0.369986 0.369984
-9999.0 0.076988 0.081139 0.085179 0.095868 0.108478 0.128572 0.190596 0.321936 0.360021 0.368104 0.369365 0.369916 0.369997 0.370000 0.370000 0.370000 0.370000 0.370000 0.370000 0.370000 0.370000 0.370000 0.370000 0.370000 0.370000 0.370000 0.370000 0.370000 0.370000 0.370000 0.370000 0.370000 0.370000 0.370000 0.370000 0.370000 0.370000 0.370000 0.370000 0.370000 0.370000 0.370000 0.370000 0.370000 0.370000 0.370000 0.370000 0.370000 0.370000 0.370000 0.370000 0.370000 0.370000 0.370000 0.369999 0.369995 0.369978 0.369943 0.369863 0.369590 0.369382 0.369214
-9999.0 0.071992 0.082600 0.084869 0.090839 0.094721 0.101668 0.134252 0.219385 0.356136 0.369599 0.369822 0.369922 0.369987 0.370000 0.370000 0.370000 0.370000 0.370000 0.370000 0.370000 0.370000 0.370000 0.370000 0.370000 0.370000 0.370000 0.370000 0.370000 0.370000 0.370000 0.370000 0.370000 0.370000 0.370000 0.370000 0.370000 0.370000 0.370000 0.370000 0.370000 0.369999 0.369999 0.369999 0.369999 0.369999 0.369998 0.369995 0.369989 0.369980 0.369970 0.369960 0.369948 0.369926 0.369894 0.369846 0.369653 0.369350 0.368831 0.367561 0.364389 0.360187 0.357661
-9999.0 -9999.0 0.076372 0.084722 0.086456 0.089250 0.093410 0.111537 0.148610 0.287736 0.354370 0.365948 0.368450 0.369422 0.369893 0.369985 0.369990 0.369994 0.369975 0.369977 0.369985 0.369991 0.369996 0.369999 0.369999 0.370000 0.370000 0.370000 0.369999 0.369998 0.369994 0.369988 0.369983 0.369978 0.369985 0.369991 0.369990 0.369986 0.369975 0.369951 0.369917 0.369866 0.369848 0.369852 0.369850 0.369832 0.369797 0.369693 0.369547 0.369343 0.369219 0.369080 0.368923 0.368599 0.368185 0.367601 0.366164 0.363925 0.359723 0.347176 0.318391 0.274261 0.241410
-9999.0 -9999.0 0.071372 0.079740 0.086402 0.092869 0.092974 0.096354 0.121998 0.150034 0.201848 0.273342 0.328782 0.352524 0.360962 0.366026 0.367389 0.367871 0.368006 0.368507 0.369094 0.369466 0.369643 0.369761 0.369839 0.369886 0.369915 0.369877 0.369824 0.369712 0.369496 0.369121 0.368839 0.368657 0.368784 0.368982 0.368852 0.368542 0.368000 0.367179 0.366368 0.365433 0.365108 0.364961 0.364912 0.364655 0.364290 0.363135 0.361263 0.359429 0.357561 0.355678 0.354357 0.351466 0.347095 0.342648 0.329722 0.306960 0.278086 0.242507 0.206191 0.184418 0.167240
-9999.0 -9999.0 -9999.0 0.072004 0.076907 0.082846 0.086224 0.083066 0.087277 0.097034 0.108930 0.130039 0.151320 0.177659 0.212814 0.257465 0.284770 0.296097 0.303277 0.335094 0.347348 0.357627 0.362530 0.364058 0.365331 0.366374 0.366627 0.365975 0.365227 0.363750 0.360623 0.355317 0.350874 0.350680 0.350613 0.351413 0.349326 0.346809 0.340715 0.331942 0.320825 0.310798 0.306085 0.301664 0.298889 0.295054 0.290898 0.282729 0.272430 0.262375 0.254041 0.250491 0.247018 0.241575 0.234481 0.228119 0.218460 0.197643 0.181141 0.166246 0.151880 0.140034 0.130336
-9999.0 -9999.0 -9999.0 -9999.0 -9999.0 0.070391 0.079158 0.082752 0.083361 0.082873 0.085954 0.096346 0.097580 0.102071 0.110596 0.118310 0.125299 0.135567 0.153222 0.174984 0.203527 0.230591 0.262543 0.289653 0.303508 0.316158 0.320444 0.312217 0.302574 0.286886 0.261065 0.236521 0.231049 0.231603 0.232122 0.231020 0.226117 0.221481 0.215010 0.203380 0.193451 0.189748 0.187321 0.184815 0.182263 0.180166 0.178255 0.176568 0.171037 0.166417 0.167553 0.166319 0.165241 0.164550 0.161540 0.158907 0.156731 0.144980 0.137078 0.134740 0.124862 0.118015 0.116116
-9999.0 -9999.0 -9999.0 -9999.0 -9999.0 -9999.0 0.069832 0.073626 0.079516 0.082028 0.086451 0.090619 0.086580 0.088983 0.092009 0.095877 0.101923 0.104705 0.109591 0.116435 0.125904 0.134305 0.146882 0.163081 0.168309 0.174486 0.182212 0.174817 0.169269 0.164676 0.151331 0.150502 0.147946 0.148636 0.148812 0.149415 0.147225 0.145021 0.143280 0.138026 0.136680 0.134757 0.133649 0.132581 0.131503 0.130717 0.130279 0.129929 0.127274 0.128380 0.128883 0.128156 0.127591 0.127510 0.126110 0.124043 0.123021 0.118774 0.116670 0.115024 0.109336 0.107674 0.105983
