tests/Borden05m/data_simulated/sim_1/output-maps/thetaliqL0003N0002.asc
ncols         160
nrows         34
xllcorner     620200.000000
yllcorner     5168000.000000
cellsize      0.500000
NODATA_value  -9999.0
[rows 0 to 27 of 34, columns 63 to 125 of 160]
-9999.0 -9999.0 -9999.0 -9999.0 -9999.0 -9999.0 -9999.0 -9999.0 -9999.0 -9999.0 -9999.0 -9999.0 -9999.0 -9999.0 -9999.0 -9999.0 -9999.0 -9999.0 -9999.0 -9999.0 -9999.0 -9999.0 -9999.0 -9999.0 -9999.0 -9999.0 -9999.0 -9999.0 -9999.0 -9999.0 -9999.0 -9999.0 -9999.0 -9999.0 -9999.0 -9999.0 -9999.0 -9999.0 -9999.0 -9999.0 -9999.0 -9999.0 -9999.0 -9999.0 -9999.0 -9999.0 -9999.0 -9999.0 -9999.0 -9999.0 -9999.0 -9999.0 -9999.0 -9999.0 -9999.0 -9999.0 -9999.0 -9999.0 -9999.0 -9999.0 -9999.0 -9999.0 -9999.0
0.106900 0.105374 0.103805 0.103359 0.103376 0.103146 0.102774 0.103611 0.104796 0.105907 0.107241 0.107301 0.107601 0.108091 0.108212 0.107955 0.107320 0.106809 0.106250 0.106473 0.104775 0.102637 0.101054 0.100673 0.101776 0.102581 0.102684 0.103620 0.105509 0.107344 0.108447 0.110684 0.111081 0.112090 0.113206 0.112214 0.111716 0.111434 0.111214 0.108625 -9999.0 -9999.0 -9999.0 -9999.0 -9999.0 -9999.0 -9999.0 -9999.0 -9999.0 -9999.0 -9999.0 -9999.0 -9999.0 -9999.0 -9999.0 -9999.0 -9999.0 -9999.0 -9999.0 -9999.0 -9999.0 -9999.0 -9999.0
0.103547 0.101884 0.101235 0.100143 0.099730 0.099641 0.099373 0.099871 0.101688 0.103115 0.103730 0.103743 0.103851 0.103630 0.103411 0.103423 0.102892 0.102347 0.101792 0.101714 0.102405 0.100970 0.100172 0.099544 0.099058 0.099386 0.099685 0.099951 0.101734 0.102833 0.103857 0.106625 0.109283 0.110225 0.109415 0.108283 0.108101 0.107469 0.106004 0.104532 0.103636 0.102800 0.102308 0.101445 0.102718 0.103179 0.104967 0.106676 0.108738 0.111406 -9999.0 -9999.0 -9999.0 -9999.0 -9999.0 -9999.0 -9999.0 -9999.0 -9999.0 -9999.0 -9999.0 -9999.0 -9999.0
0.101188 0.100579 0.099580 0.098366 0.099937 0.099864 0.099841 0.100254 0.100872 0.101147 0.101532 0.102202 0.103952 0.104083 0.104032 0.104088 0.103746 0.103146 0.103017 0.102605 0.101346 0.101413 0.101660 0.101499 0.102759 0.102920 0.103504 0.101457 0.101955 0.102835 0.103703 0.104568 0.105495 0.106327 0.105430 0.105749 0.104473 0.102159 0.100932 0.100331 0.101009 0.101268 0.100179 0.097465 0.098928 0.102302 0.102486 0.102447 0.104590 0.106827 0.109495 0.109427 0.109259 0.109420 0.109518 0.106792 0.104673 0.102926 0.099722 -9999.0 -9999.0 -9999.0 -9999.0
0.101293 0.100346 0.099437 0.102186 0.103695 0.103414 0.103854 0.104647 0.104511 0.101220 0.100451 0.101965 0.103751 0.104673 0.104281 0.104082 0.103591 0.103487 0.103643 0.103175 0.103627 0.104169 0.103909 0.104980 0.106166 0.107062 0.104758 0.102693 0.102787 0.104495 0.106024 0.107195 0.109555 0.112809 0.112353 0.111263 0.110084 0.108470 0.104164 0.100704 0.099245 0.098514 0.097575 0.097900 0.097443 0.099836 0.099848 0.099718 0.101235 0.102723 0.104435 0.105582 0.105456 0.105658 0.105757 0.104582 0.102456 0.100910 0.099551 0.097283 0.094326 0.090471 0.090626
0.100049 0.100385 0.103047 0.105168 0.108221 0.107915 0.108206 0.108087 0.105515 0.103418 0.102277 0.105889 0.109377 0.110932 0.110541 0.110245 0.113015 0.112158 0.111513 0.109780 0.110437 0.110715 0.114085 0.115779 0.117667 0.116959 0.113544 0.110725 0.110386 0.110720 0.110744 0.111919 0.114490 0.117477 0.115774 0.114271 0.112956 0.106476 0.101482 0.099285 0.100822 0.101778 0.101274 0.101195 0.100992 0.099259 0.099515 0.099632 0.099092 0.101321 0.103692 0.104158 0.102490 0.101824 0.102185 0.101375 0.100683 0.099126 0.097509 0.096094 0.092149 0.092651 0.091014
0.107577 0.109090 0.111492 0.115595 0.122564 0.122334 0.123111 0.125023 0.121368 0.117821 0.113640 0.118500 0.120549 0.122969 0.123433 0.127817 0.131740 0.129233 0.125696 0.122027 0.124304 0.129720 0.135270 0.137016 0.137819 0.138449 0.134530 0.133131 0.132207 0.132504 0.130497 0.131121 0.135617 0.142836 0.143599 0.139433 0.131459 0.120499 0.111481 0.106736 0.109470 0.108076 0.107166 0.107114 0.104239 0.102359 0.103565 0.101661 0.100352 0.103094 0.103799 0.103719 0.101745 0.104031 0.103044 0.100174 0.098001 0.096516 0.095318 0.093878 0.094115 0.093287 0.091846
0.115480 0.117308 0.122525 0.130231 0.139271 0.144007 0.147203 0.151820 0.148425 0.144561 0.140356 0.141942 0.147858 0.153466 0.159367 0.165859 0.173085 0.169141 0.163529 0.162560 0.164316 0.173771 0.182263 0.185062 0.186481 0.190482 0.187366 0.182307 0.176647 0.171256 0.166714 0.163201 0.172244 0.181698 0.181091 0.166640 0.155294 0.141398 0.128533 0.117314 0.116538 0.117568 0.118290 0.114058 0.111133 0.107123 0.105498 0.104778 0.101618 0.102943 0.103723 0.106058 0.109133 0.109539 0.106108 0.103616 0.101029 0.098609 0.096858 0.097242 0.097217 0.095893 0.094779
0.158702 0.160209 0.165399 0.181297 0.204950 0.224958 0.244780 0.247350 0.238079 0.229870 0.217514 0.210785 0.220500 0.229717 0.239309 0.249435 0.260018 0.268206 0.268398 0.268619 0.270331 0.271936 0.275872 0.281622 0.288385 0.296615 0.300925 0.293751 0.284016 0.273100 0.263430 0.260613 0.257656 0.262725 0.263350 0.248730 0.228061 0.207279 0.184215 0.166708 0.155027 0.157374 0.150682 0.144054 0.136240 0.122862 0.118095 0.114828 0.106675 0.105759 0.108532 0.112310 0.114743 0.110065 0.107089 0.104156 0.101203 0.098257 0.098321 0.098998 0.099054 0.098420 0.098249
0.235945 0.239200 0.244288 0.272212 0.304561 0.331480 0.348634 0.353836 0.348070 0.340987 0.332534 0.324099 0.322669 0.331674 0.342977 0.353539 0.360081 0.362673 0.362534 0.362795 0.363426 0.364765 0.365991 0.368273 0.369812 0.369964 0.369986 0.369980 0.369888 0.367773 0.358702 0.353386 0.351155 0.348017 0.348126 0.348146 0.333327 0.313781 0.286054 0.255466 0.235672 0.219525 0.206737 0.194949 0.169441 0.149483 0.135328 0.125293 0.116427 0.115087 0.125055 0.135837 0.130800 0.127652 0.122875 0.116315 0.110946 0.105477 0.105037 0.105116 0.104284 0.103360 0.102402
0.342731 0.346782 0.353302 0.366106 0.369914 0.369995 0.370000 0.370000 0.369999 0.369999 0.369997 0.369995 0.369994 0.369995 0.369998 0.369999 0.370000 0.370000 0.370000 0.370000 0.370000 0.370000 0.370000 0.370000 0.370000 0.370000 0.370000 0.370000 0.370000 0.370000 0.370000 0.370000 0.369999 0.369999 0.369999 0.369999 0.369999 0.369991 0.369826 0.354678 0.329380 0.308389 0.296603 0.285978 0.276954 0.244638 0.228723 0.206145 0.181466 0.162137 0.181798 0.173822 0.167909 0.159251 0.147250 0.137310 0.128614 0.120419 0.118298 0.117518 0.115771 0.114719 0.112896
0.369999 0.369999 0.370000 0.370000 0.370000 0.370000 0.370000 0.370000 0.370000 0.370000 0.370000 0.370000 0.370000 0.370000 0.370000 0.370000 0.370000 0.370000 0.370000 0.370000 0.370000 0.370000 0.370000 0.370000 0.370000 0.370000 0.370000 0.370000 0.370000 0.370000 0.370000 0.370000 0.370000 0.370000 0.370000 0.370000 0.370000 0.370000 0.370000 0.370000 0.369996 0.369974 0.369753 0.365927 0.361088 0.356645 0.348539 0.331764 0.300243 0.264297 0.246184 0.237969 0.228715 0.209352 0.190071 0.177033 0.158827 0.143642 0.135125 0.133173 0.131188 0.128513 0.124941
0.370000 0.370000 0.370000 0.370000 0.370000 0.370000 0.370000 0.370000 0.370000 0.370000 0.370000 0.370000 0.370000 0.370000 0.370000 0.370000 0.370000 0.370000 0.370000 0.370000 0.370000 0.370000 0.370000 0.370000 0.370000 0.370000 0.370000 0.370000 0.370000 0.370000 0.370000 0.370000 0.370000 0.370000 0.370000 0.370000 0.370000 0.370000 0.370000 0.370000 0.370000 0.370000 0.370000 0.370000 0.370000 0.370000 0.369999 0.369995 0.369936 0.365311 0.336615 0.323577 0.309417 0.289324 0.274193 0.264004 0.235679 0.207837 0.188696 0.182113 0.169868 0.159051 0.151526
0.370000 0.370000 0.370000 0.370000 0.370000 0.370000 0.370000 0.370000 0.370000 0.370000 0.370000 0.370000 0.370000 0.370000 0.370000 0.370000 0.370000 0.370000 0.370000 0.370000 0.370000 0.370000 0.370000 0.370000 0.370000 0.370000 0.370000 0.370000 0.370000 0.370000 0.370000 0.370000 0.370000 0.370000 0.370000 0.370000 0.370000 0.370000 0.370000 0.370000 0.370000 0.370000 0.370000 0.370000 0.370000 0.370000 0.370000 0.370000 0.370000 0.370000 0.369998 0.369991 0.369958 0.369472 0.365674 0.357849 0.334334 0.302059 0.274014 0.255405 0.232471 0.215526 0.201226
0.370000 0.370000 0.370000 0.370000 0.370000 0.370000 0.370000 0.370000 0.370000 0.370000 0.370000 0.370000 0.370000 0.370000 0.370000 0.370000 0.370000 0.370000 0.370000 0.370000 0.370000 0.370000 0.370000 0.370000 0.370000 0.370000 0.370000 0.370000 0.370000 0.370000 0.370000 0.370000 0.370000 0.370000 0.370000 0.370000 0.370000 0.370000 0.370000 0.370000 0.370000 0.370000 0.370000 0.370000 0.370000 0.370000 0.370000 0.370000 0.370000 0.370000 0.370000 0.370000 0.370000 0.370000 0.370000 0.370000 0.369993 0.369805 0.355034 0.331643 0.307661 0.286396 0.267061
0.370000 0.370000 0.370000 0.370000 0.370000 0.370000 0.370000 0.370000 0.370000 0.370000 0.370000 0.370000 0.370000 0.370000 0.370000 0.370000 0.370000 0.370000 0.370000 0.370000 0.370000 0.370000 0.370000 0.370000 0.370000 0.370000 0.370000 0.370000 0.370000 0.370000 0.370000 0.370000 0.370000 0.370000 0.370000 0.370000 0.370000 0.370000 0.370000 0.370000 0.370000 0.370000 0.370000 0.370000 0.370000 0.370000 0.370000 0.370000 0.370000 0.370000 0.370000 0.370000 0.370000 0.370000 0.370000 0.370000 0.370000 0.370000 0.370000 0.369986 0.369401 0.355378 0.336321
0.370000 0.370000 0.370000 0.370000 0.370000 0.370000 0.370000 0.370000 0.370000 0.370000 0.370000 0.370000 0.370000 0.370000 0.370000 0.370000 0.370000 0.370000 0.370000 0.370000 0.370000 0.370000 0.370000 0.370000 0.370000 0.370000 0.370000 0.370000 0.370000 0.370000 0.370000 0.370000 0.370000 0.370000 0.370000 0.370000 0.370000 0.370000 0.370000 0.370000 0.370000 0.370000 0.370000 0.370000 0.370000 0.370000 0.370000 0.370000 0.370000 0.370000 0.370000 0.370000 0.370000 0.370000 0.370000 0.370000 0.370000 0.370000 0.370000 0.370000 0.370000 0.370000 0.369993
0.370000 0.370000 0.370000 0.370000 0.370000 0.370000 0.370000 0.370000 0.370000 0.370000 0.370000 0.370000 0.370000 0.370000 0.370000 0.370000 0.369999 0.369999 0.369999 0.370000 0.370000 0.370000 0.369999 0.369998 0.369997 0.369996 0.369996 0.369998 0.370000 0.370000 0.370000 0.370000 0.370000 0.370000 0.370000 0.370000 0.370000 0.370000 0.370000 0.370000 0.370000 0.370000 0.370000 0.370000 0.370000 0.370000 0.370000 0.370000 0.370000 0.370000 0.370000 0.370000 0.370000 0.370000 0.370000 0.370000 0.370000 0.370000 0.370000 0.370000 0.370000 0.370000 0.370000
0.370000 0.370000 0.370000 0.370000 0.370000 0.370000 0.369999 0.369998 0.369996 0.369995 0.369991 0.369986 0.369950 0.369003 0.360095 0.350010 0.346176 0.343334 0.341558 0.349059 0.352122 0.349707 0.343697 0.336705 0.332361 0.329930 0.333395 0.344239 0.354418 0.361952 0.364484 0.361957 0.363105 0.364540 0.365255 0.369782 0.369980 0.369997 0.370000 0.370000 0.370000 0.370000 0.370000 0.370000 0.370000 0.370000 0.370000 0.370000 0.370000 0.370000 0.370000 0.370000 0.370000 0.370000 0.370000 0.370000 0.370000 0.370000 0.370000 0.370000 0.370000 0.370000 0.370000
0.370000 0.370000 0.370000 0.369968 0.368234 0.356336 0.342666 0.336578 0.332148 0.318900 0.309601 0.301558 0.300024 0.287409 0.271537 0.258571 0.253175 0.249911 0.241702 0.239735 0.243418 0.251228 0.243580 0.239065 0.240636 0.237977 0.236056 0.245006 0.258844 0.266591 0.273322 0.278252 0.279449 0.280779 0.297344 0.307762 0.320208 0.337074 0.353452 0.367384 0.369939 0.369991 0.369998 0.370000 0.370000 0.370000 0.370000 0.370000 0.370000 0.370000 0.370000 0.370000 0.370000 0.370000 0.370000 0.370000 0.370000 0.370000 0.370000 0.370000 0.370000 0.370000 0.370000
0.369975 0.369734 0.350748 0.316305 0.286337 0.268782 0.249687 0.239635 0.225019 0.203625 0.191239 0.192800 0.198023 0.195051 0.185095 0.177179 0.171863 0.166181 0.158573 0.154125 0.158458 0.163117 0.163840 0.164415 0.166353 0.166318 0.165309 0.163873 0.170267 0.174824 0.180266 0.184754 0.187944 0.204948 0.221467 0.231810 0.246727 0.262370 0.280697 0.299941 0.316632 0.329107 0.343310 0.357784 0.369406 0.369981 0.369999 0.370000 0.370000 0.370000 0.370000 0.370000 0.370000 0.370000 0.370000 0.370000 0.370000 0.370000 0.370000 0.370000 0.370000 0.370000 0.370000
0.312631 0.289497 0.253742 0.220145 0.200640 0.186199 0.173167 0.161212 0.148440 0.137447 0.130894 0.134412 0.136924 0.140811 0.135318 0.130708 0.129009 0.124619 0.120748 0.116616 0.119631 0.121759 0.126306 0.126603 0.127139 0.129111 0.128234 0.127636 0.125180 0.128190 0.130645 0.133941 0.143463 0.153684 0.164604 0.174215 0.184646 0.197685 0.213483 0.230481 0.248833 0.262708 0.276816 0.293516 0.310567 0.329078 0.349087 0.367560 0.369949 0.369995 0.370000 0.370000 0.370000 0.370000 0.370000 0.370000 0.370000 0.370000 0.370000 0.370000 0.370000 0.370000 0.370000
0.195521 0.177189 0.154932 0.145618 0.139139 0.131589 0.125681 0.120802 0.114363 0.109793 0.104841 0.106279 0.108956 0.112703 0.109869 0.109062 0.109096 0.106850 0.104531 0.101705 0.102273 0.104888 0.108177 0.108693 0.109667 0.111489 0.111507 0.110020 0.107532 0.108470 0.110877 0.113723 0.118779 0.124267 0.130124 0.135797 0.143284 0.152310 0.162559 0.175362 0.190438 0.201188 0.216810 0.234703 0.250796 0.261138 0.275306 0.298064 0.315672 0.334027 0.350483 0.364120 0.369930 0.369999 0.370000 0.370000 0.370000 0.370000 0.370000 0.370000 0.370000 0.370000 0.370000
0.127589 0.119312 0.115409 0.112078 0.108740 0.105841 0.102951 0.100395 0.098220 0.095696 0.092335 0.093497 0.095551 0.097951 0.098093 0.097733 0.097679 0.096815 0.094985 0.092504 0.093654 0.095621 0.097614 0.098559 0.099206 0.100350 0.099646 0.098093 0.096219 0.097284 0.099397 0.101162 0.103495 0.106751 0.110429 0.114422 0.119199 0.124519 0.131512 0.139814 0.149491 0.160224 0.172099 0.185906 0.192381 0.199939 0.207341 0.220802 0.235098 0.252272 0.271036 0.290104 0.317586 0.352262 0.369853 0.369998 0.370000 0.370000 0.370000 0.370000 0.370000 0.370000 0.370000
0.108149 0.103534 0.100589 0.098504 0.098299 0.097056 0.094871 0.094284 0.092965 0.090280 0.090862 0.091560 0.093693 0.093495 0.093438 0.092929 0.093152 0.092693 0.090365 0.091468 0.092179 0.093924 0.094606 0.095279 0.095777 0.096202 0.095919 0.094155 0.094543 0.095271 0.097107 0.097820 0.099242 0.101996 0.103768 0.106313 0.109692 0.113592 0.118369 0.124273 0.132081 0.140381 0.148425 0.151972 0.157130 0.161090 0.157766 0.165921 0.174081 0.182976 0.197288 0.212595 0.235283 0.268749 0.308050 0.346650 0.369523 0.369993 0.370000 0.370000 0.370000 0.370000 0.370000
0.096190 0.093422 0.091097 0.091355 0.091076 0.090621 0.089962 0.089199 0.088028 0.088965 0.089033 0.088956 0.088921 0.089002 0.089194 0.088984 0.088848 0.088910 0.089804 0.090028 0.089938 0.090559 0.091143 0.091739 0.091580 0.091809 0.091927 0.092314 0.092370 0.092336 0.093296 0.093964 0.094765 0.096160 0.097528 0.099223 0.101750 0.104355 0.107620 0.112325 0.118058 0.122757 0.124721 0.127808 0.129259 0.127548 0.126038 0.129391 0.133595 0.137699 0.146316 0.155907 0.166355 0.194338 0.230233 0.269094 0.301388 0.333822 0.357907 0.369833 0.369994 0.370000 0.370000
0.091423 0.089476 0.088743 0.089010 0.088820 0.088574 0.087649 0.086838 0.087385 0.087572 0.087492 0.087223 0.087552 0.087731 0.088159 0.087818 0.087661 0.087806 0.087976 0.088044 0.088492 0.088926 0.089366 0.090578 0.090246 0.090343 0.090790 0.090741 0.090744 0.090662 0.091596 0.092212 0.092754 0.093962 0.095082 0.096427 0.098240 0.100821 0.104845 0.108737 0.113517 0.118138 0.119783 0.120799 0.120145 0.118971 0.115450 0.115449 0.119136 0.119446 0.123422 0.130169 0.133349 0.149560 0.174159 0.193767 0.219353 0.248449 0.286414 0.310384 0.338961 0.364861 0.369947
0.087964 0.087629 0.086752 0.086662 0.086437 0.085963 0.085449 0.085861 0.085785 0.085713 0.085726 0.085570 0.085846 0.086096 0.086354 0.086270 0.086291 0.085994 0.086080 0.086577 0.086769 0.087207 0.087967 0.088930 0.088640 0.088690 0.088833 0.088778 0.088903 0.088780 0.089509 0.090196 0.090669 0.091859 0.092832 0.093357 0.095314 0.098239 0.101561 0.104586 0.108503 0.113632 0.113332 0.113465 0.113705 0.110636 0.107170 0.106645 0.107574 0.107283 0.109690 0.112093 0.113846 0.121919 0.130664 0.141415 0.157296 0.183683 0.216814 0.240405 0.267803 0.296218 0.324003
