tests/Borden05m/data_simulated/sim_1/output-maps/thetaliqL0001N0017.asc
ncols         160
nrows         34
xllcorner     620200.000000
yllcorner     5168000.000000
cellsize      0.500000
NODATA_value  -9999.0
[rows 0 to 27 of 34, columns 63 to 125 of 160]
-9999.0 -9999.0 -9999.0 -9999.0 -9999.0 -9999.0 -9999.0 -9999.0 -9999.0 -9999.0 -9999.0 -9999.0 -9999.0 -9999.0 -9999.0 -9999.0 -9999.0 -9999.0 -9999.0 -9999.0 -9999.0 -9999.0 -9999.0 -9999.0 -9999.0 -9999.0 -9999.0 -9999.0 -9999.0 -9999.0 -9999.0 -9999.0 -9999.0 -9999.0 -9999.0 -9999.0 -9999.0 -9999.0 -9999.0 -9999.0 -9999.0 -9999.0 -9999.0 -9999.0 -9999.0 -9999.0 -9999.0 -9999.0 -9999.0 -9999.0 -9999.0 -9999.0 -9999.0 -9999.0 -9999.0 -9999.0 -9999.0 -9999.0 -9999.0 -9999.0 -9999.0 -9999.0 -9999.0
0.180155 0.179398 0.178510 0.178371 0.178471 0.178313 0.177967 0.178435 0.179043 0.179568 0.180305 0.180168 0.180260 0.180545 0.180622 0.180492 0.180151 0.179929 0.179667 0.180016 0.178998 0.177690 0.176698 0.176498 0.177341 0.177846 0.177756 0.178237 0.179283 0.180191 0.180509 0.181611 0.181460 0.181907 0.182630 0.182050 0.181904 0.181977 0.182176 0.180647 -9999.0 -9999.0 -9999.0 -9999.0 -9999.0 -9999.0 -9999.0 -9999.0 -9999.0 -9999.0 -9999.0 -9999.0 -9999.0 -9999.0 -9999.0 -9999.0 -9999.0 -9999.0 -9999.0 -9999.0 -9999.0 -9999.0 -9999.0
0.178052 0.177018 0.176759 0.176004 0.175686 0.175601 0.175306 0.175546 0.176790 0.177685 0.177947 0.177763 0.177672 0.177408 0.177217 0.177276 0.176963 0.176674 0.176367 0.176449 0.177220 0.176278 0.175811 0.175358 0.174884 0.175067 0.175218 0.175278 0.176454 0.176924 0.177260 0.178883 0.180417 0.180829 0.180211 0.179530 0.179689 0.179618 0.178981 0.178363 0.178323 0.178021 0.177892 0.177334 0.178197 0.178199 0.179192 0.180041 0.181039 0.182527 -9999.0 -9999.0 -9999.0 -9999.0 -9999.0 -9999.0 -9999.0 -9999.0 -9999.0 -9999.0 -9999.0 -9999.0 -9999.0
0.176552 0.176202 0.175473 0.174394 0.175615 0.175449 0.175339 0.175562 0.175977 0.176126 0.176324 0.176622 0.177755 0.177674 0.177577 0.177635 0.177438 0.177073 0.177101 0.176901 0.175964 0.176114 0.176344 0.176149 0.177077 0.177129 0.177650 0.176016 0.176281 0.176681 0.176974 0.177197 0.177462 0.177824 0.177109 0.177602 0.177016 0.175736 0.175405 0.175489 0.176482 0.176991 0.176358 0.174165 0.175321 0.177800 0.177621 0.177244 0.178485 0.179716 0.181458 0.181226 0.181077 0.181262 0.181576 0.180080 0.179129 0.178444 0.176402 -9999.0 -9999.0 -9999.0 -9999.0
0.176515 0.175725 0.174792 0.176793 0.177632 0.177193 0.177427 0.178006 0.178011 0.175512 0.174870 0.175835 0.176863 0.177306 0.176858 0.176643 0.176229 0.176232 0.176489 0.176218 0.176607 0.176948 0.176544 0.177196 0.177932 0.178630 0.177030 0.175608 0.175684 0.176853 0.177718 0.178176 0.179449 0.181451 0.181112 0.180638 0.180382 0.180091 0.177759 0.175691 0.174884 0.174536 0.173950 0.174399 0.173988 0.175921 0.175774 0.175467 0.176425 0.177176 0.178132 0.178812 0.178697 0.178938 0.179246 0.178819 0.177768 0.177211 0.176855 0.175921 0.174158 0.170974 0.171201
0.174561 0.174617 0.176398 0.177401 0.179121 0.178518 0.178578 0.178512 0.176785 0.175491 0.174625 0.177193 0.179298 0.180009 0.179460 0.179011 0.180927 0.180350 0.180080 0.178936 0.179348 0.179219 0.181274 0.182082 0.183175 0.182747 0.180706 0.179018 0.178911 0.179075 0.178866 0.179350 0.180651 0.182308 0.181119 0.180554 0.180573 0.177025 0.174338 0.173420 0.175198 0.176230 0.176033 0.176195 0.176266 0.174940 0.175247 0.175390 0.174780 0.176298 0.177833 0.178007 0.176696 0.176257 0.176850 0.176691 0.176763 0.176142 0.175459 0.174975 0.171971 0.172903 0.171339
0.178442 0.179153 0.180174 0.182120 0.185893 0.185202 0.185474 0.186740 0.184658 0.182733 0.179934 0.183030 0.183805 0.184910 0.184819 0.187368 0.189688 0.188255 0.186303 0.184065 0.185427 0.188501 0.191477 0.192233 0.192611 0.193173 0.191027 0.190407 0.189905 0.190056 0.188667 0.188732 0.190985 0.194898 0.195330 0.193288 0.189513 0.184132 0.179507 0.177085 0.179692 0.178885 0.178506 0.178906 0.177208 0.176220 0.177582 0.176321 0.175364 0.177420 0.177643 0.177358 0.175685 0.177720 0.177342 0.175663 0.174552 0.173971 0.173533 0.172750 0.173439 0.172971 0.171648
0.180660 0.181380 0.184165 0.188331 0.193548 0.196844 0.199801 0.203051 0.200560 0.197824 0.194796 0.195293 0.198919 0.202787 0.207548 0.213205 0.219718 0.217912 0.214458 0.214115 0.215623 0.223012 0.230670 0.234141 0.236452 0.240677 0.237711 0.232332 0.226455 0.221005 0.216554 0.213319 0.219381 0.226458 0.225059 0.212652 0.203458 0.194771 0.187669 0.181106 0.181075 0.182125 0.183057 0.180770 0.179635 0.177597 0.177121 0.177259 0.175165 0.176265 0.176534 0.177994 0.180195 0.180704 0.178762 0.177688 0.176498 0.175258 0.174296 0.175036 0.175318 0.174413 0.173503
0.207133 0.208737 0.213762 0.229998 0.258718 0.282480 0.297925 0.300532 0.295696 0.289545 0.278805 0.272516 0.281985 0.291171 0.298507 0.304146 0.309231 0.312807 0.312564 0.312612 0.313665 0.314960 0.317379 0.320287 0.323211 0.326392 0.327522 0.323776 0.319672 0.315015 0.310599 0.309287 0.307943 0.310340 0.310016 0.301400 0.286822 0.263130 0.234223 0.215731 0.205029 0.204682 0.200023 0.196343 0.192412 0.185156 0.183134 0.181986 0.176811 0.176287 0.177994 0.180255 0.181897 0.178957 0.177653 0.176473 0.175192 0.173596 0.174267 0.175180 0.175485 0.175192 0.175181
0.296952 0.299821 0.303063 0.317393 0.333031 0.345288 0.352979 0.355459 0.353372 0.350737 0.347399 0.344086 0.343976 0.348041 0.352450 0.356121 0.358194 0.358882 0.358568 0.358590 0.358775 0.359333 0.359687 0.360397 0.361448 0.362970 0.364546 0.364252 0.362146 0.359899 0.356582 0.354576 0.353605 0.352070 0.351867 0.351769 0.344851 0.335368 0.321894 0.306604 0.295206 0.280493 0.262948 0.245541 0.219816 0.203396 0.193115 0.186481 0.180754 0.179682 0.185863 0.191884 0.188705 0.187435 0.185473 0.182410 0.179991 0.177000 0.177382 0.177841 0.177514 0.177118 0.176636
0.352213 0.353933 0.356029 0.359639 0.364479 0.367536 0.368963 0.369200 0.369056 0.368732 0.368309 0.367941 0.367762 0.368013 0.368389 0.368840 0.369143 0.369339 0.369360 0.369347 0.369360 0.369407 0.369412 0.369446 0.369504 0.369644 0.369742 0.369743 0.369672 0.369437 0.369020 0.368472 0.367971 0.367570 0.367473 0.367479 0.367431 0.365983 0.362364 0.354128 0.345187 0.336447 0.330359 0.323431 0.316795 0.299547 0.288383 0.264508 0.234272 0.214416 0.225302 0.216745 0.210691 0.204074 0.197084 0.192102 0.187961 0.183895 0.183342 0.183352 0.182614 0.182373 0.181599
0.368585 0.368910 0.369200 0.369516 0.369739 0.369917 0.369997 0.370000 0.370000 0.369991 0.369997 0.369996 0.369978 0.369996 0.369997 0.369998 0.369999 0.369997 0.370000 0.369998 0.370000 0.370000 0.369998 0.370000 0.369998 0.370000 0.370000 0.369999 0.370000 0.370000 0.369999 0.369962 0.369920 0.369894 0.369873 0.369866 0.369851 0.369786 0.369504 0.368530 0.366437 0.363733 0.360951 0.358452 0.356433 0.354579 0.350861 0.342683 0.327302 0.310697 0.302519 0.297099 0.287379 0.264868 0.239224 0.223243 0.207057 0.195861 0.190533 0.189591 0.188684 0.187555 0.185962
0.369998 0.369999 0.369998 0.370000 0.370000 0.370000 0.370000 0.370000 0.370000 0.370000 0.370000 0.370000 0.370000 0.370000 0.370000 0.370000 0.370000 0.370000 0.370000 0.370000 0.370000 0.370000 0.370000 0.370000 0.370000 0.370000 0.370000 0.370000 0.370000 0.370000 0.370000 0.370000 0.370000 0.370000 0.370000 0.370000 0.370000 0.370000 0.369999 0.369964 0.369820 0.369441 0.368989 0.368680 0.368441 0.368208 0.367473 0.365954 0.363101 0.357302 0.347363 0.343226 0.337189 0.326712 0.317257 0.310208 0.293324 0.266310 0.238503 0.226394 0.213068 0.203819 0.198850
0.370000 0.370000 0.370000 0.370000 0.370000 0.370000 0.370000 0.370000 0.370000 0.370000 0.370000 0.370000 0.370000 0.370000 0.370000 0.370000 0.370000 0.370000 0.370000 0.370000 0.370000 0.370000 0.370000 0.370000 0.370000 0.370000 0.370000 0.370000 0.370000 0.370000 0.370000 0.370000 0.370000 0.370000 0.370000 0.370000 0.370000 0.370000 0.370000 0.370000 0.370000 0.369999 0.369969 0.369939 0.369937 0.369923 0.369890 0.369721 0.369305 0.368220 0.365807 0.363542 0.361677 0.360109 0.358211 0.355223 0.345705 0.331796 0.317604 0.306934 0.292089 0.271860 0.248423
0.370000 0.370000 0.370000 0.370000 0.370000 0.370000 0.370000 0.370000 0.370000 0.370000 0.370000 0.370000 0.370000 0.370000 0.370000 0.370000 0.370000 0.370000 0.370000 0.370000 0.370000 0.370000 0.370000 0.370000 0.370000 0.370000 0.370000 0.370000 0.370000 0.370000 0.370000 0.370000 0.370000 0.370000 0.370000 0.370000 0.370000 0.370000 0.370000 0.370000 0.370000 0.370000 0.370000 0.370000 0.370000 0.370000 0.370000 0.369994 0.369969 0.369882 0.369616 0.369051 0.368721 0.368456 0.368056 0.367542 0.365050 0.360573 0.353693 0.346159 0.337194 0.326747 0.315366
0.370000 0.370000 0.370000 0.370000 0.370000 0.370000 0.370000 0.370000 0.370000 0.370000 0.370000 0.370000 0.369999 0.369995 0.369988 0.369982 0.369980 0.369986 0.369991 0.369994 0.369994 0.369994 0.369991 0.369985 0.369977 0.369977 0.369981 0.369988 0.369994 0.369993 0.369995 0.369994 0.369993 0.369991 0.369991 0.369996 0.370000 0.370000 0.370000 0.370000 0.370000 0.370000 0.370000 0.370000 0.370000 0.370000 0.370000 0.370000 0.370000 0.370000 0.369993 0.369959 0.369931 0.369906 0.369846 0.369797 0.369483 0.368571 0.366689 0.363706 0.359617 0.354721 0.348489
0.370000 0.370000 0.370000 0.370000 0.369998 0.369995 0.369991 0.369991 0.369992 0.369992 0.369988 0.369972 0.369920 0.369841 0.369720 0.369670 0.369616 0.369587 0.369707 0.369824 0.369852 0.369777 0.369702 0.369548 0.369432 0.369393 0.369427 0.369571 0.369759 0.369862 0.369867 0.369820 0.369763 0.369731 0.369730 0.369820 0.369936 0.369977 0.369991 0.369996 0.370000 0.370000 0.370000 0.370000 0.370000 0.370000 0.370000 0.370000 0.370000 0.370000 0.370000 0.370000 0.370000 0.370000 0.369997 0.369991 0.369966 0.369853 0.369568 0.368918 0.367955 0.366716 0.364406
0.369992 0.369988 0.369982 0.369967 0.369925 0.369865 0.369775 0.369745 0.369727 0.369742 0.369620 0.369432 0.368944 0.368360 0.367565 0.367028 0.366606 0.366184 0.366793 0.367802 0.368243 0.367437 0.366775 0.365674 0.365028 0.364706 0.364826 0.365734 0.367437 0.368355 0.368580 0.368254 0.367920 0.367763 0.367780 0.368122 0.368845 0.369388 0.369688 0.369827 0.369902 0.369940 0.369966 0.369985 0.369996 0.370000 0.370000 0.370000 0.370000 0.370000 0.370000 0.370000 0.370000 0.370000 0.370000 0.370000 0.370000 0.369997 0.369977 0.369884 0.369727 0.369463 0.369055
0.369827 0.369779 0.369684 0.368916 0.368319 0.367427 0.366436 0.366050 0.365457 0.365189 0.364165 0.363191 0.361394 0.358585 0.355046 0.351435 0.350169 0.349005 0.347976 0.351004 0.352204 0.351269 0.349216 0.346885 0.345558 0.344735 0.345945 0.349766 0.353148 0.355947 0.357047 0.355810 0.356854 0.357978 0.358006 0.360770 0.362993 0.365161 0.366990 0.368250 0.368753 0.369068 0.369345 0.369616 0.369806 0.369923 0.369977 0.369996 0.370000 0.370000 0.370000 0.370000 0.370000 0.370000 0.370000 0.370000 0.370000 0.370000 0.370000 0.369998 0.369988 0.369965 0.369909
0.368822 0.368607 0.367017 0.362960 0.358026 0.354254 0.349052 0.346377 0.343892 0.336663 0.331456 0.327688 0.327856 0.322509 0.314822 0.308307 0.305479 0.303677 0.299520 0.298322 0.299920 0.303707 0.300296 0.298310 0.299224 0.298069 0.297294 0.301452 0.307742 0.311354 0.314983 0.318325 0.320333 0.323046 0.332820 0.338347 0.343351 0.349489 0.355081 0.359670 0.362590 0.364176 0.365640 0.367147 0.368138 0.368978 0.369525 0.369836 0.369940 0.369973 0.369988 0.369996 0.370000 0.370000 0.370000 0.370000 0.370000 0.370000 0.370000 0.370000 0.370000 0.370000 0.369998
0.361259 0.359348 0.350340 0.337397 0.324329 0.314757 0.304104 0.297408 0.285285 0.262481 0.246381 0.245980 0.249809 0.245084 0.233316 0.224385 0.218936 0.214037 0.208187 0.205053 0.207994 0.211257 0.211130 0.210951 0.212092 0.211948 0.211607 0.211945 0.218080 0.222906 0.228611 0.233915 0.239191 0.259932 0.280813 0.293430 0.304280 0.314073 0.324923 0.335201 0.342527 0.347242 0.352319 0.356854 0.360739 0.363852 0.366456 0.368282 0.369115 0.369455 0.369668 0.369823 0.369938 0.369983 0.369997 0.370000 0.370000 0.370000 0.370000 0.370000 0.370000 0.370000 0.370000
0.332848 0.320634 0.302595 0.281692 0.255886 0.234664 0.220013 0.209748 0.200769 0.193960 0.190158 0.192327 0.193561 0.195548 0.192199 0.189601 0.188928 0.186677 0.184722 0.182257 0.184225 0.185152 0.187532 0.187318 0.187396 0.188475 0.187934 0.187758 0.186327 0.188097 0.189191 0.190559 0.195472 0.200999 0.207970 0.215799 0.227077 0.244645 0.268597 0.290338 0.305023 0.314611 0.323806 0.333175 0.340773 0.347292 0.353714 0.359549 0.363242 0.365368 0.367031 0.368056 0.369030 0.369622 0.369873 0.369978 0.369996 0.370000 0.370000 0.370000 0.370000 0.370000 0.370000
0.249415 0.227854 0.208198 0.199427 0.194834 0.190652 0.187767 0.185629 0.182403 0.180225 0.177140 0.178316 0.179961 0.182375 0.180348 0.180012 0.180390 0.179197 0.177964 0.176016 0.176332 0.177903 0.179824 0.179746 0.180142 0.181261 0.181288 0.180406 0.178643 0.179094 0.180262 0.181440 0.183835 0.186201 0.188677 0.191005 0.194490 0.199135 0.205259 0.215340 0.231088 0.247699 0.271812 0.293603 0.306256 0.313391 0.321754 0.333564 0.341112 0.348100 0.354021 0.357890 0.362859 0.366449 0.368668 0.369602 0.369894 0.369961 0.369986 0.369996 0.370000 0.370000 0.370000
0.188732 0.184364 0.182658 0.181180 0.179622 0.178354 0.177039 0.175866 0.174913 0.173471 0.170666 0.171808 0.173420 0.175295 0.175340 0.175134 0.175281 0.174829 0.173547 0.171305 0.172238 0.173608 0.174876 0.175275 0.175526 0.176325 0.175759 0.174596 0.172939 0.173644 0.174934 0.175683 0.176664 0.178123 0.179720 0.181360 0.183340 0.185468 0.188465 0.192126 0.196737 0.202466 0.210347 0.222706 0.232703 0.245383 0.259979 0.280192 0.295743 0.307342 0.318845 0.330029 0.342162 0.354083 0.361984 0.366368 0.368555 0.369331 0.369668 0.369842 0.369954 0.369989 0.369999
0.179847 0.177665 0.176369 0.175380 0.175838 0.175380 0.174055 0.174098 0.173405 0.171160 0.171924 0.172565 0.174396 0.174080 0.173982 0.173547 0.173838 0.173536 0.171375 0.172438 0.172916 0.174196 0.174441 0.174724 0.174942 0.175184 0.174921 0.173363 0.173677 0.174100 0.175294 0.175358 0.175884 0.177323 0.177807 0.178753 0.180110 0.181612 0.183468 0.185816 0.189189 0.192848 0.196573 0.198035 0.200892 0.203518 0.202088 0.208343 0.216341 0.227507 0.247743 0.273293 0.296781 0.317709 0.337393 0.351927 0.360445 0.365502 0.367349 0.368594 0.369345 0.369732 0.369906
0.174368 0.172867 0.171372 0.172147 0.172274 0.172200 0.171916 0.171486 0.170507 0.171617 0.171755 0.171674 0.171580 0.171580 0.171725 0.171508 0.171383 0.171438 0.172283 0.172407 0.172139 0.172494 0.172767 0.173066 0.172731 0.172826 0.172852 0.173165 0.173128 0.172904 0.173479 0.173672 0.173882 0.174483 0.174925 0.175495 0.176551 0.177422 0.178556 0.180535 0.183042 0.184889 0.185248 0.186668 0.187343 0.186269 0.185347 0.187265 0.189397 0.191450 0.196339 0.202553 0.212962 0.247193 0.290515 0.316204 0.334071 0.347705 0.356073 0.361499 0.364952 0.367589 0.368847
0.172704 0.171439 0.171180 0.171789 0.171851 0.171833 0.171100 0.170402 0.171075 0.171332 0.171283 0.171007 0.171310 0.171434 0.171820 0.171446 0.171261 0.171366 0.171464 0.171413 0.171701 0.171918 0.172100 0.173035 0.172545 0.172514 0.172842 0.172709 0.172614 0.172378 0.173021 0.173267 0.173367 0.173955 0.174331 0.174757 0.175370 0.176378 0.178282 0.179838 0.181911 0.183941 0.184360 0.184704 0.184239 0.183751 0.181656 0.181643 0.183842 0.183509 0.185365 0.188665 0.189490 0.198560 0.216975 0.242916 0.280027 0.304727 0.327691 0.339730 0.350497 0.358482 0.363657
0.170990 0.171059 0.170473 0.170626 0.170564 0.170188 0.169722 0.170236 0.170192 0.170136 0.170171 0.170014 0.170297 0.170518 0.170745 0.170614 0.170591 0.170195 0.170188 0.170599 0.170655 0.170918 0.171467 0.172205 0.171740 0.171660 0.171680 0.171516 0.171545 0.171291 0.171818 0.172230 0.172372 0.173069 0.173407 0.173142 0.173985 0.175412 0.176898 0.177981 0.179670 0.182329 0.181593 0.181522 0.181832 0.180116 0.178079 0.178007 0.178663 0.178190 0.179612 0.180587 0.180711 0.184702 0.188588 0.193942 0.204105 0.229371 0.273621 0.299416 0.317786 0.333443 0.344842
