tests/Borden05m/data_simulated/sim_1/output-maps/thetaliqL0006N0008.asc
ncols         160
nrows         34
xllcorner     620200.000000
yllcorner     5168000.000000
cellsize      0.500000
NODATA_value  -9999.0
[rows 0 to 27 of 34, columns 63 to 125 of 160]
-9999.0 -9999.0 -9999.0 -9999.0 -9999.0 -9999.0 -9999.0 -9999.0 -9999.0 -9999.0 -9999.0 -9999.0 -9999.0 -9999.0 -9999.0 -9999.0 -9999.0 -9999.0 -9999.0 -9999.0 -9999.0 -9999.0 -9999.0 -9999.0 -9999.0 -9999.0 -9999.0 -9999.0 -9999.0 -9999.0 -9999.0 -9999.0 -9999.0 -9999.0 -9999.0 -9999.0 -9999.0 -9999.0 -9999.0 -9999.0 -9999.0 -9999.0 -9999.0 -9999.0 -9999.0 -9999.0 -9999.0 -9999.0 -9999.0 -9999.0 -9999.0 -9999.0 -9999.0 -9999.0 -9999.0 -9999.0 -9999.0 -9999.0 -9999.0 -9999.0 -9999.0 -9999.0 -9999.0
0.184264 0.178053 0.172391 0.169842 0.169183 0.168542 0.168212 0.171347 0.176175 0.180987 0.185738 0.187257 0.188850 0.190431 0.190761 0.189783 0.187485 0.185205 0.182874 0.181891 0.176361 0.169201 0.163838 0.162231 0.164839 0.167516 0.169050 0.172892 0.179912 0.187301 0.193350 0.201835 0.205871 0.209871 0.212566 0.209688 0.207208 0.204712 0.201576 0.193771 -9999.0 -9999.0 -9999.0 -9999.0 -9999.0 -9999.0 -9999.0 -9999.0 -9999.0 -9999.0 -9999.0 -9999.0 -9999.0 -9999.0 -9999.0 -9999.0 -9999.0 -9999.0 -9999.0 -9999.0 -9999.0 -9999.0 -9999.0
0.173741 0.168189 0.164831 0.161554 0.160541 0.160399 0.160318 0.162611 0.168202 0.172980 0.175910 0.177344 0.178816 0.178950 0.178590 0.178257 0.176337 0.174131 0.171971 0.170839 0.170712 0.166119 0.163056 0.161231 0.160671 0.162028 0.163330 0.164979 0.170820 0.176095 0.181583 0.191162 0.199960 0.203892 0.202333 0.198835 0.196435 0.192276 0.185872 0.179090 0.172371 0.168048 0.165042 0.162315 0.165974 0.169820 0.176432 0.183344 0.191700 0.200471 -9999.0 -9999.0 -9999.0 -9999.0 -9999.0 -9999.0 -9999.0 -9999.0 -9999.0 -9999.0 -9999.0 -9999.0 -9999.0
0.165892 0.163510 0.160675 0.158474 0.162488 0.163046 0.163603 0.165335 0.167357 0.168421 0.170038 0.173195 0.178760 0.180344 0.180581 0.180573 0.179314 0.177254 0.176077 0.174281 0.171017 0.170493 0.170788 0.170895 0.174212 0.175143 0.175883 0.171409 0.173431 0.177470 0.182044 0.186993 0.192055 0.195718 0.193739 0.192952 0.187499 0.178640 0.171575 0.166471 0.164953 0.163317 0.159232 0.153040 0.156743 0.165575 0.168501 0.170995 0.178714 0.186983 0.194100 0.195440 0.195286 0.195128 0.193431 0.184011 0.174595 0.165779 0.155487 -9999.0 -9999.0 -9999.0 -9999.0
0.166772 0.164825 0.164025 0.171696 0.177524 0.178404 0.180116 0.182111 0.180959 0.172817 0.171032 0.176353 0.183122 0.187042 0.186992 0.186848 0.185872 0.185093 0.184637 0.182899 0.183719 0.185513 0.186215 0.189886 0.193851 0.195753 0.189361 0.183025 0.183237 0.188429 0.193979 0.199411 0.207846 0.217189 0.216292 0.212029 0.205599 0.195843 0.180038 0.167724 0.161919 0.158618 0.155159 0.154696 0.153928 0.159588 0.160788 0.161882 0.167129 0.173538 0.180059 0.183963 0.183786 0.183596 0.182134 0.176142 0.167232 0.158943 0.150425 0.138775 0.127555 0.118343 0.118146
0.169979 0.172125 0.180698 0.189989 0.200870 0.202526 0.204172 0.203793 0.196230 0.188791 0.185565 0.196193 0.207637 0.213836 0.214500 0.215207 0.221998 0.219998 0.217429 0.212749 0.214706 0.217345 0.227011 0.233022 0.238346 0.236663 0.227113 0.218506 0.216845 0.218085 0.219340 0.224019 0.232779 0.241598 0.237931 0.231955 0.223607 0.201301 0.181591 0.170895 0.171737 0.172342 0.169859 0.168200 0.166097 0.161713 0.161682 0.161612 0.161519 0.168651 0.176276 0.178625 0.174947 0.172869 0.171612 0.166416 0.160330 0.152349 0.144202 0.136060 0.125291 0.122778 0.120319
0.200322 0.206405 0.216578 0.231629 0.251518 0.254642 0.257913 0.261552 0.252565 0.242335 0.232209 0.244587 0.252429 0.260085 0.263331 0.273500 0.282010 0.277733 0.270146 0.262275 0.267742 0.279927 0.291985 0.296782 0.299207 0.299894 0.292661 0.288467 0.285754 0.285414 0.281839 0.283791 0.293010 0.304907 0.305374 0.296843 0.278821 0.249433 0.220324 0.202592 0.205591 0.201197 0.197232 0.194180 0.184430 0.176855 0.176758 0.170947 0.167280 0.174355 0.178311 0.179688 0.175913 0.179586 0.174664 0.164073 0.154563 0.146710 0.140100 0.133944 0.131013 0.127543 0.124896
0.240153 0.247489 0.263161 0.283759 0.304076 0.314457 0.321141 0.327090 0.322354 0.315668 0.308522 0.311606 0.320628 0.328988 0.336685 0.344300 0.350718 0.349255 0.345587 0.344735 0.346940 0.353869 0.358841 0.360638 0.361607 0.362884 0.361736 0.359522 0.356436 0.352787 0.348969 0.346253 0.352015 0.356876 0.355881 0.345497 0.331428 0.308586 0.279588 0.250033 0.244574 0.244255 0.242992 0.230119 0.217696 0.202646 0.194247 0.188073 0.177899 0.180816 0.184927 0.192638 0.200067 0.199477 0.187888 0.176431 0.164698 0.154279 0.147074 0.144951 0.142688 0.138536 0.135937
0.333630 0.337240 0.344994 0.357896 0.366648 0.369430 0.369965 0.369986 0.369935 0.369743 0.369072 0.368523 0.369349 0.369827 0.369984 0.370000 0.370000 0.370000 0.370000 0.370000 0.370000 0.370000 0.370000 0.370000 0.370000 0.370000 0.370000 0.370000 0.370000 0.370000 0.370000 0.370000 0.370000 0.370000 0.370000 0.369999 0.369780 0.367535 0.359760 0.345980 0.331711 0.330166 0.320682 0.308306 0.290882 0.259901 0.242690 0.228411 0.204428 0.200795 0.209655 0.221361 0.227190 0.214364 0.201854 0.188297 0.174571 0.162305 0.158663 0.157995 0.156382 0.153398 0.152067
0.369952 0.369990 0.370000 0.370000 0.370000 0.370000 0.370000 0.370000 0.370000 0.370000 0.370000 0.370000 0.370000 0.370000 0.370000 0.370000 0.370000 0.370000 0.370000 0.370000 0.370000 0.370000 0.370000 0.370000 0.370000 0.370000 0.370000 0.370000 0.370000 0.370000 0.370000 0.370000 0.370000 0.370000 0.370000 0.370000 0.370000 0.370000 0.370000 0.370000 0.369978 0.369405 0.367649 0.364220 0.351409 0.328325 0.302031 0.276833 0.250977 0.245284 0.267482 0.287885 0.279772 0.269953 0.254827 0.233792 0.213597 0.194198 0.188802 0.186547 0.182646 0.178390 0.174387
0.370000 0.370000 0.370000 0.370000 0.370000 0.370000 0.370000 0.370000 0.370000 0.370000 0.370000 0.370000 0.370000 0.370000 0.370000 0.370000 0.370000 0.370000 0.370000 0.370000 0.370000 0.370000 0.370000 0.370000 0.370000 0.370000 0.370000 0.370000 0.370000 0.370000 0.370000 0.370000 0.370000 0.370000 0.370000 0.370000 0.370000 0.370000 0.370000 0.370000 0.370000 0.370000 0.370000 0.370000 0.370000 0.370000 0.369832 0.367379 0.358756 0.345337 0.354104 0.349017 0.342632 0.332338 0.315385 0.295692 0.273688 0.250448 0.240783 0.235749 0.229134 0.223716 0.216533
0.370000 0.370000 0.370000 0.370000 0.370000 0.370000 0.370000 0.370000 0.370000 0.370000 0.370000 0.370000 0.370000 0.370000 0.370000 0.370000 0.370000 0.370000 0.370000 0.370000 0.370000 0.370000 0.370000 0.370000 0.370000 0.370000 0.370000 0.370000 0.370000 0.370000 0.370000 0.370000 0.370000 0.370000 0.370000 0.370000 0.370000 0.370000 0.370000 0.370000 0.370000 0.370000 0.370000 0.370000 0.370000 0.370000 0.370000 0.370000 0.370000 0.370000 0.370000 0.369986 0.369763 0.368040 0.362931 0.354628 0.336752 0.313861 0.296441 0.289022 0.282004 0.273683 0.263171
0.370000 0.370000 0.370000 0.370000 0.370000 0.370000 0.370000 0.370000 0.370000 0.370000 0.370000 0.370000 0.370000 0.370000 0.370000 0.370000 0.370000 0.370000 0.370000 0.370000 0.370000 0.370000 0.370000 0.370000 0.370000 0.370000 0.370000 0.370000 0.370000 0.370000 0.370000 0.370000 0.370000 0.370000 0.370000 0.370000 0.370000 0.370000 0.370000 0.370000 0.370000 0.370000 0.370000 0.370000 0.370000 0.370000 0.370000 0.370000 0.370000 0.370000 0.370000 0.370000 0.370000 0.370000 0.370000 0.370000 0.369977 0.368170 0.362294 0.356452 0.345667 0.333387 0.321850
0.370000 0.370000 0.370000 0.370000 0.370000 0.370000 0.370000 0.370000 0.370000 0.370000 0.370000 0.370000 0.370000 0.370000 0.370000 0.370000 0.370000 0.370000 0.370000 0.370000 0.370000 0.370000 0.370000 0.370000 0.370000 0.370000 0.370000 0.370000 0.370000 0.370000 0.370000 0.370000 0.370000 0.370000 0.370000 0.370000 0.370000 0.370000 0.370000 0.370000 0.370000 0.370000 0.370000 0.370000 0.370000 0.370000 0.370000 0.370000 0.370000 0.370000 0.370000 0.370000 0.370000 0.370000 0.370000 0.370000 0.370000 0.370000 0.370000 0.370000 0.369944 0.368762 0.365254
0.370000 0.370000 0.370000 0.370000 0.370000 0.370000 0.370000 0.370000 0.370000 0.370000 0.370000 0.370000 0.370000 0.370000 0.370000 0.370000 0.370000 0.370000 0.370000 0.370000 0.370000 0.370000 0.370000 0.370000 0.370000 0.370000 0.370000 0.370000 0.370000 0.370000 0.370000 0.370000 0.370000 0.370000 0.370000 0.370000 0.370000 0.370000 0.370000 0.370000 0.370000 0.370000 0.370000 0.370000 0.370000 0.370000 0.370000 0.370000 0.370000 0.370000 0.370000 0.370000 0.370000 0.370000 0.370000 0.370000 0.370000 0.370000 0.370000 0.370000 0.370000 0.370000 0.370000
0.370000 0.370000 0.370000 0.370000 0.370000 0.370000 0.370000 0.370000 0.370000 0.370000 0.370000 0.370000 0.370000 0.370000 0.370000 0.370000 0.370000 0.370000 0.370000 0.370000 0.370000 0.370000 0.370000 0.370000 0.370000 0.370000 0.370000 0.370000 0.370000 0.370000 0.370000 0.370000 0.370000 0.370000 0.370000 0.370000 0.370000 0.370000 0.370000 0.370000 0.370000 0.370000 0.370000 0.370000 0.370000 0.370000 0.370000 0.370000 0.370000 0.370000 0.370000 0.370000 0.370000 0.370000 0.370000 0.370000 0.370000 0.370000 0.370000 0.370000 0.370000 0.370000 0.370000
0.370000 0.370000 0.370000 0.370000 0.370000 0.370000 0.370000 0.370000 0.370000 0.370000 0.370000 0.370000 0.370000 0.370000 0.370000 0.370000 0.370000 0.370000 0.370000 0.370000 0.370000 0.370000 0.370000 0.370000 0.370000 0.370000 0.370000 0.370000 0.370000 0.370000 0.370000 0.370000 0.370000 0.370000 0.370000 0.370000 0.370000 0.370000 0.370000 0.370000 0.370000 0.370000 0.370000 0.370000 0.370000 0.370000 0.370000 0.370000 0.370000 0.370000 0.370000 0.370000 0.370000 0.370000 0.370000 0.370000 0.370000 0.370000 0.370000 0.370000 0.370000 0.370000 0.370000
0.370000 0.370000 0.370000 0.370000 0.370000 0.370000 0.370000 0.370000 0.370000 0.370000 0.370000 0.370000 0.370000 0.370000 0.370000 0.370000 0.370000 0.370000 0.370000 0.370000 0.370000 0.370000 0.370000 0.370000 0.370000 0.370000 0.370000 0.370000 0.370000 0.370000 0.370000 0.370000 0.370000 0.370000 0.370000 0.370000 0.370000 0.370000 0.370000 0.370000 0.370000 0.370000 0.370000 0.370000 0.370000 0.370000 0.370000 0.370000 0.370000 0.370000 0.370000 0.370000 0.370000 0.370000 0.370000 0.370000 0.370000 0.370000 0.370000 0.370000 0.370000 0.370000 0.370000
0.370000 0.370000 0.370000 0.370000 0.370000 0.370000 0.370000 0.370000 0.370000 0.370000 0.370000 0.370000 0.370000 0.370000 0.370000 0.370000 0.370000 0.370000 0.370000 0.370000 0.370000 0.370000 0.370000 0.370000 0.370000 0.370000 0.370000 0.370000 0.370000 0.370000 0.370000 0.370000 0.370000 0.370000 0.370000 0.370000 0.370000 0.370000 0.370000 0.370000 0.370000 0.370000 0.370000 0.370000 0.370000 0.370000 0.370000 0.370000 0.370000 0.370000 0.370000 0.370000 0.370000 0.370000 0.370000 0.370000 0.370000 0.370000 0.370000 0.370000 0.370000 0.370000 0.370000
0.370000 0.370000 0.370000 0.370000 0.370000 0.370000 0.370000 0.370000 0.370000 0.370000 0.370000 0.370000 0.370000 0.370000 0.370000 0.370000 0.370000 0.370000 0.369998 0.369991 0.369996 0.369999 0.369997 0.369989 0.369990 0.369985 0.369990 0.370000 0.370000 0.370000 0.370000 0.370000 0.370000 0.370000 0.370000 0.370000 0.370000 0.370000 0.370000 0.370000 0.370000 0.370000 0.370000 0.370000 0.370000 0.370000 0.370000 0.370000 0.370000 0.370000 0.370000 0.370000 0.370000 0.370000 0.370000 0.370000 0.370000 0.370000 0.370000 0.370000 0.370000 0.370000 0.370000
0.370000 0.370000 0.370000 0.370000 0.370000 0.370000 0.370000 0.369992 0.369669 0.367361 0.364081 0.364076 0.365014 0.363982 0.359893 0.354707 0.349875 0.343949 0.335761 0.330310 0.334861 0.339767 0.341014 0.341499 0.343039 0.343307 0.342931 0.343205 0.349015 0.353499 0.357555 0.360569 0.363056 0.367411 0.369429 0.369940 0.370000 0.370000 0.370000 0.370000 0.370000 0.370000 0.370000 0.370000 0.370000 0.370000 0.370000 0.370000 0.370000 0.370000 0.370000 0.370000 0.370000 0.370000 0.370000 0.370000 0.370000 0.370000 0.370000 0.370000 0.370000 0.370000 0.370000
0.370000 0.370000 0.370000 0.369610 0.366278 0.359894 0.349932 0.336586 0.318087 0.297619 0.282628 0.287695 0.292894 0.298879 0.288802 0.278573 0.272699 0.261023 0.249467 0.238476 0.245438 0.252917 0.264660 0.267136 0.269441 0.273884 0.272528 0.270962 0.266551 0.273862 0.281461 0.291027 0.309326 0.325705 0.339354 0.349200 0.357694 0.364504 0.368442 0.369864 0.370000 0.370000 0.370000 0.370000 0.370000 0.370000 0.370000 0.370000 0.370000 0.370000 0.370000 0.370000 0.370000 0.370000 0.370000 0.370000 0.370000 0.370000 0.370000 0.370000 0.370000 0.370000 0.370000
0.364325 0.354419 0.332429 0.313700 0.297716 0.279019 0.261278 0.244121 0.222771 0.205097 0.189159 0.192185 0.200788 0.210856 0.204632 0.200955 0.198539 0.190304 0.181282 0.172822 0.175146 0.184415 0.195618 0.199917 0.204193 0.209540 0.209429 0.204806 0.198658 0.202507 0.211876 0.223541 0.240762 0.258818 0.276099 0.291311 0.307344 0.322927 0.336999 0.349729 0.359956 0.365427 0.368777 0.369919 0.370000 0.370000 0.370000 0.370000 0.370000 0.370000 0.370000 0.370000 0.370000 0.370000 0.370000 0.370000 0.370000 0.370000 0.370000 0.370000 0.370000 0.370000 0.370000
0.273582 0.247739 0.230536 0.215605 0.201827 0.188921 0.175946 0.164335 0.153773 0.143417 0.134654 0.136876 0.142879 0.149168 0.149891 0.148438 0.146994 0.143216 0.137331 0.132212 0.135370 0.142030 0.149256 0.153992 0.157376 0.160800 0.159210 0.154814 0.150861 0.154633 0.162650 0.171211 0.182288 0.196551 0.211936 0.228019 0.245517 0.263362 0.282777 0.301811 0.319325 0.334100 0.346163 0.355891 0.360947 0.364908 0.367453 0.369401 0.369976 0.370000 0.370000 0.370000 0.370000 0.370000 0.370000 0.370000 0.370000 0.370000 0.370000 0.370000 0.370000 0.370000 0.370000
0.195933 0.176262 0.162267 0.152799 0.147820 0.141116 0.133060 0.127906 0.122118 0.115878 0.115218 0.116475 0.120532 0.121544 0.121806 0.120844 0.120496 0.118879 0.115125 0.116517 0.118940 0.123897 0.127811 0.131258 0.133738 0.135442 0.135043 0.131922 0.132709 0.135620 0.141887 0.147296 0.154940 0.166321 0.176652 0.189170 0.204314 0.221023 0.239582 0.259660 0.280972 0.299344 0.313476 0.320503 0.327707 0.332669 0.331857 0.341059 0.349730 0.357865 0.365112 0.368939 0.369994 0.370000 0.370000 0.370000 0.370000 0.370000 0.370000 0.370000 0.370000 0.370000 0.370000
0.141532 0.129706 0.121143 0.118099 0.115092 0.111959 0.108571 0.105427 0.102581 0.102290 0.101859 0.101893 0.102447 0.103093 0.103600 0.103376 0.103143 0.103178 0.104185 0.105099 0.106347 0.108915 0.111719 0.114402 0.115549 0.116743 0.117469 0.118252 0.118969 0.120351 0.124122 0.128213 0.133270 0.140331 0.148198 0.157648 0.169983 0.183755 0.199930 0.219433 0.240246 0.256514 0.264734 0.272979 0.276794 0.274123 0.271531 0.279219 0.289690 0.299869 0.316072 0.331880 0.346837 0.364880 0.369936 0.370000 0.370000 0.370000 0.370000 0.370000 0.370000 0.370000 0.370000
0.114789 0.107880 0.103714 0.101703 0.099797 0.097948 0.095692 0.093944 0.093531 0.093215 0.092926 0.092738 0.093240 0.093775 0.094404 0.094318 0.094343 0.094719 0.095370 0.096257 0.097762 0.099706 0.101959 0.104867 0.105807 0.106817 0.108036 0.108621 0.109335 0.110396 0.113397 0.116667 0.120445 0.126082 0.132546 0.140417 0.150684 0.164028 0.181624 0.199592 0.218892 0.235694 0.242947 0.246783 0.245758 0.241620 0.232470 0.232667 0.242387 0.246345 0.258850 0.276921 0.289569 0.320012 0.348755 0.363502 0.369495 0.370000 0.370000 0.370000 0.370000 0.370000 0.370000
0.099005 0.095776 0.092869 0.091211 0.089898 0.088690 0.087664 0.087343 0.087010 0.086797 0.086664 0.086523 0.086802 0.087243 0.087692 0.087884 0.088161 0.088455 0.089129 0.090210 0.091339 0.092976 0.095142 0.097526 0.098524 0.099483 0.100482 0.101181 0.101976 0.102779 0.104996 0.107663 0.110531 0.115234 0.120757 0.127021 0.136970 0.150427 0.166243 0.181973 0.199283 0.217130 0.219875 0.221117 0.220732 0.210988 0.199778 0.196438 0.198994 0.200033 0.207585 0.217850 0.228503 0.254281 0.280914 0.307199 0.334388 0.358765 0.368944 0.369997 0.370000 0.370000 0.370000
