tests/Borden05m/data_simulated/sim_1/output-maps/thetaliqL0003N0019.asc
ncols         160
nrows         34
xllcorner     620200.000000
yllcorner     5168000.000000
cellsize      0.500000
NODATA_value  -9999.0
[rows 0 to 27 of 34, columns 0 to 62 of 160]
-9999.0 -9999.0 -9999.0 -9999.0 -9999.0 -9999.0 -9999.0 -9999.0 -9999.0 -9999.0 -9999.0 -9999.0 -9999.0 -9999.0 -9999.0 -9999.0 -9999.0 -9999.0 -9999.0 -9999.0 -9999.0 -9999.0 -9999.0 -9999.0 -9999.0 -9999.0 -9999.0 -9999.0 -9999.0 -9999.0 -9999.0 -9999.0 -9999.0 -9999.0 -9999.0 -9999.0 -9999.0 -9999.0 -9999.0 -9999.0 -9999.0 -9999.0 -9999.0 -9999.0 -9999.0 -9999.0 -9999.0 -9999.0 -9999.0 -9999.0 -9999.0 -9999.0 -9999.0 -9999.0 -9999.0 -9999.0 -9999.0 -9999.0 -9999.0 -9999.0 -9999.0 -9999.0 -9999.0
-9999.0 -9999.0 -9999.0 -9999.0 -9999.0 -9999.0 -9999.0 -9999.0 -9999.0 -9999.0 -9999.0 -9999.0 -9999.0 -9999.0 -9999.0 -9999.0 -9999.0 -9999.0 -9999.0 -9999.0 -9999.0 -9999.0 -9999.0 -9999.0 -9999.0 -9999.0 -9999.0 -9999.0 -9999.0 -9999.0 -9999.0 -9999.0 -9999.0 -9999.0 -9999.0 -9999.0 -9999.0 -9999.0 -9999.0 -9999.0 -9999.0 -9999.0 -9999.0 -9999.0 -9999.0 -9999.0 -9999.0 -9999.0 -9999.0 -9999.0 -9999.0 -9999.0 -9999.0 -9999.0 -9999.0 -9999.0 -9999.0 -9999.0 -9999.0 0.193467 0.192502 0.191805 0.191377
-9999.0 -9999.0 -9999.0 -9999.0 -9999.0 -9999.0 -9999.0 -9999.0 -9999.0 -9999.0 -9999.0 -9999.0 -9999.0 -9999.0 -9999.0 -9999.0 -9999.0 -9999.0 -9999.0 -9999.0 -9999.0 -9999.0 -9999.0 -9999.0 -9999.0 -9999.0 -9999.0 -9999.0 -9999.0 -9999.0 -9999.0 -9999.0 -9999.0 -9999.0 -9999.0 -9999.0 -9999.0 -9999.0 -9999.0 -9999.0 -9999.0 -9999.0 -9999.0 -9999.0 -9999.0 -9999.0 -9999.0 0.185067 0.182456 0.179393 0.178573 0.182015 0.183705 0.185328 0.186491 0.187594 0.189202 0.191948 0.191852 0.188188 0.187768 0.187637 0.187757
-9999.0 -9999.0 -9999.0 -9999.0 -9999.0 -9999.0 -9999.0 -9999.0 -9999.0 -9999.0 -9999.0 -9999.0 -9999.0 -9999.0 -9999.0 -9999.0 -9999.0 -9999.0 -9999.0 -9999.0 -9999.0 -9999.0 -9999.0 -9999.0 -9999.0 -9999.0 -9999.0 -9999.0 -9999.0 -9999.0 -9999.0 -9999.0 -9999.0 -9999.0 -9999.0 -9999.0 -9999.0 -9999.0 -9999.0 -9999.0 0.185362 0.186575 0.187530 0.185745 0.184912 0.184897 0.182966 0.180817 0.178658 0.179244 0.179297 0.177911 0.180333 0.182378 0.183221 0.183957 0.185782 0.188829 0.188695 0.185908 0.184218 0.183679 0.184013
-9999.0 -9999.0 -9999.0 -9999.0 -9999.0 -9999.0 -9999.0 -9999.0 -9999.0 -9999.0 -9999.0 -9999.0 -9999.0 -9999.0 -9999.0 -9999.0 -9999.0 -9999.0 -9999.0 -9999.0 -9999.0 -9999.0 -9999.0 -9999.0 -9999.0 -9999.0 -9999.0 -9999.0 -9999.0 -9999.0 -9999.0 -9999.0 -9999.0 -9999.0 0.179321 0.181548 0.182634 0.183693 0.185202 0.184808 0.184475 0.185533 0.184589 0.184482 0.183242 0.180983 0.178741 0.177477 0.178688 0.178263 0.178294 0.179444 0.180240 0.180631 0.182328 0.184994 0.183894 0.184630 0.184321 0.183162 0.184210 0.185070 0.185626
-9999.0 -9999.0 -9999.0 -9999.0 -9999.0 -9999.0 -9999.0 -9999.0 -9999.0 -9999.0 -9999.0 -9999.0 -9999.0 -9999.0 -9999.0 -9999.0 -9999.0 -9999.0 -9999.0 -9999.0 -9999.0 -9999.0 -9999.0 -9999.0 -9999.0 -9999.0 -9999.0 -9999.0 0.182541 0.181665 0.180993 0.181022 0.180714 0.179562 0.179302 0.179590 0.180847 0.182846 0.183261 0.183091 0.183289 0.182852 0.181560 0.181412 0.182776 0.181395 0.180683 0.179758 0.177594 0.177069 0.178327 0.179576 0.180693 0.181059 0.181340 0.181458 0.181786 0.185132 0.186017 0.184227 0.183220 0.182753 0.183018
-9999.0 -9999.0 -9999.0 -9999.0 -9999.0 -9999.0 -9999.0 -9999.0 -9999.0 -9999.0 -9999.0 -9999.0 -9999.0 -9999.0 -9999.0 -9999.0 -9999.0 -9999.0 -9999.0 -9999.0 -9999.0 -9999.0 -9999.0 0.180915 0.181716 0.182044 0.182764 0.182418 0.180764 0.179691 0.179223 0.178843 0.177968 0.177887 0.177911 0.178541 0.179053 0.181124 0.180231 0.179661 0.181419 0.181033 0.182159 0.183440 0.183125 0.183351 0.180923 0.179123 0.180961 0.181734 0.181695 0.181343 0.182039 0.182978 0.184157 0.186119 0.188597 0.190744 0.194020 0.191879 0.190265 0.187554 0.187816
-9999.0 -9999.0 -9999.0 -9999.0 -9999.0 -9999.0 -9999.0 -9999.0 -9999.0 -9999.0 -9999.0 -9999.0 -9999.0 -9999.0 -9999.0 -9999.0 -9999.0 -9999.0 -9999.0 0.180838 0.180601 0.180133 0.180339 0.178802 0.178160 0.178633 0.179502 0.179022 0.178121 0.177345 0.177441 0.177554 0.177383 0.178607 0.179630 0.180030 0.179868 0.181531 0.182095 0.183075 0.185509 0.183980 0.182455 0.181656 0.181586 0.181154 0.182565 0.183000 0.183172 0.183076 0.183159 0.183566 0.183860 0.185925 0.187917 0.189672 0.191396 0.193665 0.197607 0.196048 0.193015 0.189860 0.189899
-9999.0 -9999.0 -9999.0 -9999.0 -9999.0 -9999.0 -9999.0 -9999.0 -9999.0 -9999.0 -9999.0 -9999.0 -9999.0 -9999.0 -9999.0 -9999.0 0.180502 0.180376 0.179801 0.178882 0.178078 0.178074 0.178735 0.177594 0.177230 0.177517 0.177035 0.177644 0.178295 0.179065 0.179422 0.178608 0.178793 0.178728 0.178699 0.179176 0.181035 0.182802 0.183280 0.184584 0.186842 0.185616 0.185067 0.185122 0.184357 0.185074 0.188419 0.187969 0.186615 0.190171 0.192130 0.191540 0.191293 0.193743 0.197511 0.202520 0.210900 0.217324 0.224912 0.228316 0.221906 0.220799 0.223160
-9999.0 -9999.0 -9999.0 -9999.0 -9999.0 -9999.0 -9999.0 -9999.0 -9999.0 -9999.0 -9999.0 -9999.0 -9999.0 0.180037 0.179931 0.180130 0.178693 0.177555 0.176876 0.175937 0.177215 0.176342 0.176086 0.176326 0.177477 0.177537 0.177701 0.178454 0.178257 0.177952 0.177655 0.176997 0.177995 0.179013 0.179756 0.181256 0.182480 0.183497 0.185253 0.185696 0.186919 0.186532 0.185210 0.184932 0.186010 0.189198 0.191774 0.192790 0.197402 0.202481 0.205156 0.208528 0.210346 0.212939 0.219200 0.237524 0.263163 0.286991 0.300592 0.311299 0.312518 0.314590 0.316430
-9999.0 -9999.0 -9999.0 -9999.0 -9999.0 -9999.0 -9999.0 -9999.0 -9999.0 -9999.0 0.177614 0.178383 0.177241 0.175161 0.174274 0.174782 0.175322 0.174563 0.174625 0.176877 0.178146 0.176106 0.177572 0.177635 0.176786 0.177052 0.177687 0.177844 0.179289 0.179406 0.179488 0.181851 0.182554 0.183305 0.184319 0.185445 0.186495 0.190378 0.193842 0.194000 0.198812 0.201940 0.199535 0.198695 0.199518 0.203335 0.209880 0.219852 0.230771 0.247408 0.263840 0.275597 0.284559 0.294756 0.305962 0.320861 0.335531 0.345863 0.353459 0.357053 0.358323 0.358874 0.359692
-9999.0 -9999.0 -9999.0 -9999.0 -9999.0 -9999.0 -9999.0 -9999.0 0.174502 0.175715 0.176486 0.175528 0.174246 0.171953 0.172853 0.173745 0.174366 0.175280 0.175740 0.176142 0.175672 0.176472 0.177940 0.177613 0.177813 0.178798 0.178893 0.179817 0.181230 0.180726 0.181563 0.182946 0.184185 0.185315 0.186666 0.187587 0.191657 0.197296 0.203689 0.209637 0.218530 0.230255 0.230564 0.232841 0.235716 0.253565 0.278977 0.303727 0.319873 0.331709 0.342200 0.347251 0.350337 0.353749 0.357313 0.359979 0.363257 0.366175 0.368026 0.368827 0.369137 0.369215 0.369361
-9999.0 -9999.0 -9999.0 -9999.0 -9999.0 -9999.0 0.172647 0.175349 0.176678 0.173668 0.171369 0.170604 0.169251 0.172238 0.174907 0.175452 0.175886 0.176401 0.176189 0.174515 0.178664 0.177642 0.176910 0.178240 0.178218 0.178405 0.179295 0.181255 0.182250 0.186178 0.189224 0.191977 0.195631 0.198061 0.200680 0.203882 0.212483 0.226933 0.248106 0.271917 0.294844 0.313651 0.319826 0.322927 0.326539 0.333104 0.343446 0.352252 0.359581 0.364147 0.366429 0.367225 0.367806 0.368334 0.368836 0.369234 0.369555 0.369805 0.369925 0.369975 0.369990 0.369995 0.369998
-9999.0 -9999.0 -9999.0 -9999.0 0.174016 0.174644 0.174201 0.176593 0.178279 0.174621 0.175932 0.175291 0.174095 0.172669 0.170983 0.172270 0.173045 0.173590 0.173432 0.177488 0.181093 0.178998 0.180860 0.184444 0.183820 0.184317 0.184645 0.186456 0.189710 0.194019 0.203817 0.213982 0.222267 0.232639 0.244189 0.261186 0.287106 0.312434 0.328605 0.341373 0.350766 0.356590 0.359694 0.361241 0.362884 0.364506 0.366210 0.367862 0.368959 0.369603 0.369866 0.369934 0.369955 0.369973 0.369986 0.369996 0.370000 0.370000 0.370000 0.370000 0.370000 0.370000 0.370000
-9999.0 -9999.0 -9999.0 0.172325 0.174982 0.176021 0.174831 0.175381 0.177476 0.175537 0.175201 0.174889 0.174711 0.174773 0.174653 0.175450 0.175647 0.175148 0.175779 0.178347 0.179692 0.181921 0.183773 0.186534 0.188928 0.189975 0.191409 0.194955 0.203906 0.215748 0.240309 0.278819 0.306813 0.320568 0.328475 0.337823 0.345783 0.354834 0.361076 0.364947 0.367344 0.368557 0.369227 0.369496 0.369624 0.369722 0.369850 0.369934 0.369976 0.369997 0.370000 0.370000 0.370000 0.370000 0.370000 0.370000 0.370000 0.370000 0.370000 0.370000 0.370000 0.370000 0.370000
-9999.0 -9999.0 0.172707 0.174238 0.173279 0.175233 0.177444 0.176084 0.178724 0.179644 0.177155 0.178677 0.179509 0.177996 0.179100 0.180351 0.180997 0.179090 0.177798 0.180895 0.187617 0.193559 0.197294 0.212987 0.223640 0.231253 0.235630 0.249259 0.272926 0.306386 0.329380 0.346815 0.356944 0.362243 0.363965 0.365606 0.367380 0.368575 0.369382 0.369746 0.369913 0.369974 0.369995 0.370000 0.370000 0.370000 0.370000 0.370000 0.370000 0.370000 0.370000 0.370000 0.370000 0.370000 0.370000 0.370000 0.370000 0.370000 0.370000 0.370000 0.370000 0.370000 0.370000
-9999.0 -9999.0 0.170982 0.173471 0.171849 0.175814 0.179656 0.176305 0.177573 0.181558 0.180663 0.181272 0.180961 0.181352 0.183257 0.186924 0.185196 0.184536 0.180743 0.190518 0.200351 0.219798 0.263409 0.303189 0.322131 0.325192 0.327186 0.333629 0.342501 0.354895 0.363940 0.368195 0.369458 0.369791 0.369878 0.369934 0.369979 0.369999 0.370000 0.370000 0.370000 0.370000 0.370000 0.370000 0.370000 0.370000 0.370000 0.370000 0.370000 0.370000 0.370000 0.370000 0.370000 0.370000 0.370000 0.370000 0.370000 0.370000 0.370000 0.370000 0.370000 0.370000 0.370000
-9999.0 0.170310 0.171576 0.171720 0.174302 0.173665 0.176906 0.181628 0.181769 0.183684 0.183990 0.181723 0.191358 0.200529 0.204235 0.212903 0.209561 0.207013 0.201923 0.214440 0.242277 0.306194 0.350913 0.361129 0.363930 0.363950 0.363393 0.364869 0.367082 0.369028 0.369922 0.370000 0.370000 0.370000 0.370000 0.370000 0.370000 0.370000 0.370000 0.370000 0.370000 0.370000 0.370000 0.370000 0.370000 0.370000 0.370000 0.370000 0.370000 0.370000 0.370000 0.370000 0.370000 0.370000 0.370000 0.370000 0.370000 0.370000 0.370000 0.370000 0.370000 0.370000 0.370000
-9999.0 0.166624 0.171395 0.174301 0.173325 0.171505 0.178680 0.190095 0.186807 0.186043 0.186082 0.194103 0.220871 0.252917 0.277867 0.301737 0.300742 0.293308 0.294829 0.314759 0.338424 0.359792 0.369054 0.369907 0.369860 0.369862 0.369883 0.369952 0.369991 0.370000 0.370000 0.370000 0.370000 0.370000 0.370000 0.370000 0.370000 0.370000 0.370000 0.370000 0.370000 0.370000 0.370000 0.370000 0.370000 0.370000 0.370000 0.370000 0.370000 0.370000 0.370000 0.370000 0.370000 0.370000 0.370000 0.370000 0.370000 0.369999 0.369997 0.369993 0.369987 0.369982 0.369982
-9999.0 0.170359 0.175888 0.174544 0.170170 0.176906 0.180195 0.188639 0.195859 0.194999 0.206780 0.251305 0.306472 0.336397 0.349226 0.354654 0.357604 0.357472 0.361509 0.366939 0.369633 0.369999 0.370000 0.370000 0.370000 0.370000 0.370000 0.370000 0.370000 0.370000 0.370000 0.370000 0.370000 0.370000 0.370000 0.370000 0.370000 0.370000 0.370000 0.370000 0.370000 0.370000 0.370000 0.370000 0.370000 0.370000 0.370000 0.370000 0.370000 0.369999 0.369999 0.369998 0.369998 0.369997 0.369995 0.369992 0.369983 0.369964 0.369929 0.369879 0.369806 0.369711 0.369715
-9999.0 0.164016 0.171696 0.165372 0.174418 0.182739 0.182262 0.196458 0.216475 0.227751 0.289519 0.331377 0.355413 0.363993 0.367294 0.368998 0.369545 0.369823 0.369960 0.369996 0.370000 0.370000 0.370000 0.370000 0.370000 0.370000 0.369999 0.369996 0.369993 0.369994 0.369998 0.370000 0.370000 0.370000 0.370000 0.370000 0.370000 0.370000 0.370000 0.370000 0.369999 0.369999 0.369999 0.369999 0.369999 0.369998 0.369996 0.369992 0.369985 0.369974 0.369961 0.369945 0.369935 0.369916 0.369909 0.369878 0.369693 0.369449 0.369133 0.368688 0.368044 0.366883 0.366751
-9999.0 0.159507 0.164808 0.168830 0.176874 0.182997 0.189781 0.206470 0.254287 0.307273 0.339983 0.351958 0.363108 0.368184 0.369675 0.369899 0.369952 0.369965 0.369979 0.369989 0.369991 0.370000 0.370000 0.370000 0.370000 0.369997 0.369989 0.369975 0.369966 0.369972 0.369980 0.369987 0.369992 0.369995 0.369992 0.369992 0.369994 0.369991 0.369986 0.369979 0.369969 0.369955 0.369945 0.369937 0.369925 0.369918 0.369884 0.369824 0.369738 0.369648 0.369538 0.369433 0.369391 0.369302 0.369172 0.368902 0.367869 0.366241 0.364320 0.361592 0.355767 0.352602 0.350435
-9999.0 0.149794 0.166608 0.168773 0.173518 0.175144 0.176898 0.188090 0.209596 0.299661 0.357828 0.360770 0.363544 0.366882 0.369275 0.369871 0.369900 0.369711 0.369432 0.369292 0.369488 0.369754 0.369873 0.369939 0.369944 0.369937 0.369916 0.369869 0.369790 0.369755 0.369761 0.369741 0.369731 0.369757 0.369745 0.369784 0.369809 0.369739 0.369613 0.369401 0.369138 0.368889 0.368790 0.368793 0.368749 0.368627 0.368332 0.367870 0.367179 0.366414 0.365713 0.365164 0.364568 0.363670 0.362526 0.361090 0.356753 0.351888 0.345797 0.335410 0.318891 0.304591 0.297685
-9999.0 -9999.0 0.158777 0.168768 0.170109 0.171745 0.173331 0.181509 0.191831 0.234847 0.297488 0.328834 0.343523 0.353783 0.362996 0.367049 0.367439 0.367776 0.366094 0.366158 0.366703 0.367311 0.367970 0.368481 0.368776 0.368895 0.368945 0.368860 0.368574 0.368066 0.367375 0.366794 0.366424 0.366143 0.366703 0.367363 0.367296 0.366898 0.366099 0.364783 0.363402 0.361750 0.361250 0.361375 0.361325 0.360829 0.359937 0.357713 0.355094 0.352024 0.350396 0.348716 0.346953 0.343689 0.340080 0.335699 0.327027 0.317077 0.302419 0.272151 0.240869 0.219958 0.210114
-9999.0 -9999.0 0.148174 0.163476 0.170347 0.175288 0.174653 0.175614 0.187375 0.194528 0.206967 0.229143 0.259141 0.292942 0.312627 0.330506 0.337211 0.340158 0.340463 0.343749 0.349374 0.353943 0.356668 0.358932 0.360722 0.361963 0.362937 0.361673 0.360230 0.357761 0.354109 0.349222 0.346223 0.344381 0.345749 0.347970 0.346638 0.343632 0.339137 0.333427 0.328806 0.324167 0.322803 0.322309 0.322201 0.321165 0.319697 0.315184 0.308514 0.302487 0.296928 0.291662 0.288206 0.281269 0.272360 0.265198 0.250103 0.234613 0.222334 0.211348 0.201661 0.196780 0.192776
-9999.0 -9999.0 -9999.0 0.149804 0.159432 0.166833 0.169908 0.165993 0.169030 0.174998 0.179776 0.187335 0.192658 0.198985 0.209031 0.223756 0.233489 0.237257 0.238597 0.261743 0.277723 0.299969 0.314024 0.319001 0.324097 0.329042 0.330424 0.326969 0.323543 0.317594 0.306936 0.291555 0.280591 0.280045 0.280093 0.282220 0.277945 0.273214 0.263552 0.253374 0.244081 0.237490 0.234993 0.232757 0.231551 0.229785 0.227995 0.224448 0.220506 0.217063 0.214269 0.213355 0.212455 0.210941 0.209050 0.207665 0.205650 0.200123 0.196177 0.192622 0.189118 0.186142 0.183501
-9999.0 -9999.0 -9999.0 -9999.0 -9999.0 0.143715 0.162597 0.166572 0.166880 0.165549 0.167577 0.175145 0.174356 0.175745 0.179306 0.181526 0.182756 0.185457 0.190825 0.196222 0.203500 0.210210 0.219876 0.229698 0.235788 0.243133 0.245916 0.240244 0.234973 0.227660 0.217786 0.209543 0.208409 0.208857 0.209133 0.208872 0.207493 0.206412 0.204921 0.201747 0.199009 0.198325 0.197853 0.197277 0.196644 0.196164 0.195747 0.195512 0.193857 0.192372 0.193087 0.192781 0.192574 0.192617 0.191865 0.191426 0.191479 0.187753 0.185567 0.185991 0.182711 0.180528 0.180843
-9999.0 -9999.0 -9999.0 -9999.0 -9999.0 -9999.0 0.141592 0.153449 0.162983 0.165738 0.169950 0.173209 0.169052 0.170664 0.172434 0.174373 0.177349 0.177626 0.179003 0.181050 0.183923 0.185723 0.189151 0.193784 0.194287 0.195653 0.198117 0.195500 0.194000 0.193064 0.188279 0.188723 0.187995 0.188471 0.188643 0.189097 0.188462 0.187862 0.187511 0.185485 0.185320 0.184767 0.184542 0.184309 0.184067 0.183939 0.183943 0.183995 0.182801 0.183491 0.183790 0.183476 0.183323 0.183529 0.183197 0.182599 0.182693 0.181170 0.180842 0.180744 0.178255 0.178157 0.177915
