tests/Borden05m/data_simulated/sim_1/output-maps/thetaliqL0007N0004.asc
ncols         160
nrows         34
xllcorner     620200.000000
yllcorner     5168000.000000
cellsize      0.500000
NODATA_value  -9999.0
[rows 0 to 27 of 34, columns 0 to 62 of 160]
-9999.0 -9999.0 -9999.0 -9999.0 -9999.0 -9999.0 -9999.0 -9999.0 -9999.0 -9999.0 -9999.0 -9999.0 -9999.0 -9999.0 -9999.0 -9999.0 -9999.0 -9999.0 -9999.0 -9999.0 -9999.0 -9999.0 -9999.0 -9999.0 -9999.0 -9999.0 -9999.0 -9999.0 -9999.0 -9999.0 -9999.0 -9999.0 -9999.0 -9999.0 -9999.0 -9999.0 -9999.0 -9999.0 -9999.0 -9999.0 -9999.0 -9999.0 -9999.0 -9999.0 -9999.0 -9999.0 -9999.0 -9999.0 -9999.0 -9999.0 -9999.0 -9999.0 -9999.0 -9999.0 -9999.0 -9999.0 -9999.0 -9999.0 -9999.0 -9999.0 -9999.0 -9999.0 -9999.0
-9999.0 -9999.0 -9999.0 -9999.0 -9999.0 -9999.0 -9999.0 -9999.0 -9999.0 -9999.0 -9999.0 -9999.0 -9999.0 -9999.0 -9999.0 -9999.0 -9999.0 -9999.0 -9999.0 -9999.0 -9999.0 -9999.0 -9999.0 -9999.0 -9999.0 -9999.0 -9999.0 -9999.0 -9999.0 -9999.0 -9999.0 -9999.0 -9999.0 -9999.0 -9999.0 -9999.0 -9999.0 -9999.0 -9999.0 -9999.0 -9999.0 -9999.0 -9999.0 -9999.0 -9999.0 -9999.0 -9999.0 -9999.0 -9999.0 -9999.0 -9999.0 -9999.0 -9999.0 -9999.0 -9999.0 -9999.0 -9999.0 -9999.0 -9999.0 0.330815 0.327860 0.324804 0.321796
-9999.0 -9999.0 -9999.0 -9999.0 -9999.0 -9999.0 -9999.0 -9999.0 -9999.0 -9999.0 -9999.0 -9999.0 -9999.0 -9999.0 -9999.0 -9999.0 -9999.0 -9999.0 -9999.0 -9999.0 -9999.0 -9999.0 -9999.0 -9999.0 -9999.0 -9999.0 -9999.0 -9999.0 -9999.0 -9999.0 -9999.0 -9999.0 -9999.0 -9999.0 -9999.0 -9999.0 -9999.0 -9999.0 -9999.0 -9999.0 -9999.0 -9999.0 -9999.0 -9999.0 -9999.0 -9999.0 -9999.0 0.240540 0.226420 0.213042 0.211770 0.229439 0.247908 0.266610 0.282306 0.295898 0.308787 0.320793 0.322640 0.316217 0.313146 0.310881 0.309267
-9999.0 -9999.0 -9999.0 -9999.0 -9999.0 -9999.0 -9999.0 -9999.0 -9999.0 -9999.0 -9999.0 -9999.0 -9999.0 -9999.0 -9999.0 -9999.0 -9999.0 -9999.0 -9999.0 -9999.0 -9999.0 -9999.0 -9999.0 -9999.0 -9999.0 -9999.0 -9999.0 -9999.0 -9999.0 -9999.0 -9999.0 -9999.0 -9999.0 -9999.0 -9999.0 -9999.0 -9999.0 -9999.0 -9999.0 -9999.0 0.278666 0.283083 0.284298 0.275642 0.266490 0.256967 0.240801 0.226400 0.213959 0.211518 0.213246 0.217563 0.235619 0.254729 0.269897 0.283187 0.297036 0.310432 0.312142 0.304743 0.298628 0.295430 0.295238
-9999.0 -9999.0 -9999.0 -9999.0 -9999.0 -9999.0 -9999.0 -9999.0 -9999.0 -9999.0 -9999.0 -9999.0 -9999.0 -9999.0 -9999.0 -9999.0 -9999.0 -9999.0 -9999.0 -9999.0 -9999.0 -9999.0 -9999.0 -9999.0 -9999.0 -9999.0 -9999.0 -9999.0 -9999.0 -9999.0 -9999.0 -9999.0 -9999.0 -9999.0 0.206714 0.220025 0.234088 0.248514 0.261584 0.266578 0.271124 0.275573 0.272233 0.268128 0.258812 0.243726 0.227664 0.216196 0.213821 0.211533 0.214623 0.224589 0.237425 0.250334 0.266742 0.284245 0.290668 0.299132 0.301007 0.297135 0.297493 0.298261 0.299087
-9999.0 -9999.0 -9999.0 -9999.0 -9999.0 -9999.0 -9999.0 -9999.0 -9999.0 -9999.0 -9999.0 -9999.0 -9999.0 -9999.0 -9999.0 -9999.0 -9999.0 -9999.0 -9999.0 -9999.0 -9999.0 -9999.0 -9999.0 -9999.0 -9999.0 -9999.0 -9999.0 -9999.0 0.210941 0.206339 0.202261 0.200897 0.199679 0.198513 0.203389 0.212479 0.226501 0.243299 0.253220 0.258620 0.263519 0.263883 0.259761 0.257610 0.257393 0.247677 0.238008 0.229009 0.220456 0.219287 0.226407 0.236903 0.249228 0.260537 0.272093 0.282167 0.292903 0.307527 0.312783 0.308468 0.304174 0.301318 0.301424
-9999.0 -9999.0 -9999.0 -9999.0 -9999.0 -9999.0 -9999.0 -9999.0 -9999.0 -9999.0 -9999.0 -9999.0 -9999.0 -9999.0 -9999.0 -9999.0 -9999.0 -9999.0 -9999.0 -9999.0 -9999.0 -9999.0 -9999.0 0.190410 0.194612 0.199033 0.204122 0.204508 0.201057 0.196680 0.194093 0.192666 0.191299 0.194025 0.199811 0.209648 0.221524 0.238197 0.244684 0.249789 0.259522 0.260744 0.263883 0.266632 0.264698 0.262215 0.252326 0.244925 0.249390 0.254026 0.258531 0.263783 0.273365 0.284880 0.297429 0.311000 0.323683 0.333508 0.340817 0.337950 0.333577 0.327440 0.327383
-9999.0 -9999.0 -9999.0 -9999.0 -9999.0 -9999.0 -9999.0 -9999.0 -9999.0 -9999.0 -9999.0 -9999.0 -9999.0 -9999.0 -9999.0 -9999.0 -9999.0 -9999.0 -9999.0 0.174494 0.174862 0.175267 0.177941 0.178433 0.179708 0.184090 0.189336 0.190419 0.189085 0.187582 0.188307 0.189778 0.192262 0.200128 0.209993 0.220395 0.231146 0.247400 0.258797 0.269547 0.281724 0.279937 0.275797 0.273433 0.273187 0.273208 0.277904 0.280494 0.284187 0.288269 0.292972 0.298608 0.305228 0.316560 0.327699 0.337313 0.345011 0.351154 0.356117 0.355111 0.351704 0.347471 0.347393
-9999.0 -9999.0 -9999.0 -9999.0 -9999.0 -9999.0 -9999.0 -9999.0 -9999.0 -9999.0 -9999.0 -9999.0 -9999.0 -9999.0 -9999.0 -9999.0 0.158322 0.159214 0.160180 0.162988 0.164132 0.166191 0.170007 0.170358 0.172471 0.176609 0.179525 0.184728 0.189629 0.194367 0.198175 0.199677 0.204955 0.211742 0.220405 0.232332 0.249508 0.267039 0.279188 0.291116 0.302459 0.301983 0.300519 0.300672 0.300715 0.305945 0.317285 0.320533 0.322281 0.332274 0.338611 0.340544 0.343050 0.349169 0.355768 0.361238 0.365490 0.367317 0.368414 0.368640 0.368006 0.367752 0.368032
-9999.0 -9999.0 -9999.0 -9999.0 -9999.0 -9999.0 -9999.0 -9999.0 -9999.0 -9999.0 -9999.0 -9999.0 -9999.0 0.137414 0.139117 0.143022 0.146527 0.147374 0.149023 0.151587 0.157707 0.159341 0.162533 0.166647 0.173092 0.178057 0.183711 0.191287 0.196822 0.201545 0.206318 0.210979 0.221125 0.232796 0.245082 0.260824 0.277122 0.292419 0.306617 0.315498 0.323369 0.324985 0.323266 0.323564 0.327677 0.336523 0.344288 0.348731 0.355179 0.360321 0.362667 0.364390 0.365353 0.366450 0.367840 0.369231 0.369794 0.369949 0.369985 0.369997 0.369997 0.369998 0.369999
-9999.0 -9999.0 -9999.0 -9999.0 -9999.0 -9999.0 -9999.0 -9999.0 -9999.0 -9999.0 0.123872 0.124743 0.123476 0.123757 0.125192 0.129326 0.134238 0.136956 0.141571 0.151035 0.159653 0.161264 0.169573 0.175248 0.178973 0.185614 0.194194 0.203099 0.215695 0.224999 0.234650 0.250965 0.263496 0.275636 0.288276 0.301556 0.314801 0.331396 0.343222 0.348131 0.355212 0.358499 0.357569 0.357369 0.358854 0.362070 0.365261 0.367554 0.368723 0.369463 0.369761 0.369876 0.369931 0.369970 0.369992 0.370000 0.370000 0.370000 0.370000 0.370000 0.370000 0.370000 0.370000
-9999.0 -9999.0 -9999.0 -9999.0 -9999.0 -9999.0 -9999.0 -9999.0 0.116384 0.118335 0.120259 0.119214 0.117648 0.116645 0.120464 0.125623 0.131320 0.137951 0.144816 0.153216 0.161294 0.170618 0.182241 0.189710 0.197542 0.208055 0.217862 0.231467 0.247909 0.259369 0.274122 0.290013 0.303201 0.314159 0.324211 0.333092 0.345173 0.355618 0.362101 0.365349 0.367602 0.368800 0.368843 0.368962 0.369112 0.369634 0.369902 0.369986 0.369999 0.370000 0.370000 0.370000 0.370000 0.370000 0.370000 0.370000 0.370000 0.370000 0.370000 0.370000 0.370000 0.370000 0.370000
-9999.0 -9999.0 -9999.0 -9999.0 -9999.0 -9999.0 0.109583 0.116046 0.120451 0.117943 0.115606 0.114608 0.113600 0.118761 0.125590 0.131575 0.138107 0.145560 0.153203 0.160951 0.182048 0.192236 0.202376 0.216898 0.226956 0.237238 0.250428 0.268650 0.285986 0.308852 0.326615 0.339404 0.349109 0.354674 0.358798 0.362201 0.366052 0.368471 0.369515 0.369858 0.369970 0.369997 0.369999 0.370000 0.370000 0.370000 0.370000 0.370000 0.370000 0.370000 0.370000 0.370000 0.370000 0.370000 0.370000 0.370000 0.370000 0.370000 0.370000 0.370000 0.370000 0.370000 0.370000
-9999.0 -9999.0 -9999.0 -9999.0 0.102128 0.106626 0.111697 0.120634 0.128322 0.126186 0.128792 0.128914 0.128359 0.128967 0.130788 0.137751 0.145246 0.153518 0.163369 0.186848 0.215866 0.228201 0.249305 0.274197 0.284099 0.294157 0.304037 0.318113 0.333858 0.348100 0.360366 0.365839 0.367826 0.368855 0.369393 0.369736 0.369938 0.369995 0.370000 0.370000 0.370000 0.370000 0.370000 0.370000 0.370000 0.370000 0.370000 0.370000 0.370000 0.370000 0.370000 0.370000 0.370000 0.370000 0.370000 0.370000 0.370000 0.370000 0.370000 0.370000 0.370000 0.370000 0.370000
-9999.0 -9999.0 -9999.0 0.094067 0.100601 0.108484 0.115776 0.125601 0.137657 0.140461 0.143923 0.146959 0.150210 0.154534 0.159795 0.168555 0.176291 0.183325 0.196823 0.223552 0.251760 0.278600 0.301539 0.320821 0.332814 0.339527 0.345660 0.353283 0.361912 0.366667 0.369196 0.369901 0.369992 0.369999 0.370000 0.370000 0.370000 0.370000 0.370000 0.370000 0.370000 0.370000 0.370000 0.370000 0.370000 0.370000 0.370000 0.370000 0.370000 0.370000 0.370000 0.370000 0.370000 0.370000 0.370000 0.370000 0.370000 0.370000 0.370000 0.370000 0.370000 0.370000 0.370000
-9999.0 -9999.0 0.088041 0.092675 0.098343 0.109352 0.124765 0.137383 0.156681 0.170999 0.175150 0.187234 0.198831 0.204668 0.217176 0.230237 0.239309 0.240554 0.248977 0.277292 0.315014 0.340467 0.352438 0.364019 0.367184 0.368375 0.368844 0.369453 0.369844 0.369989 0.370000 0.370000 0.370000 0.370000 0.370000 0.370000 0.370000 0.370000 0.370000 0.370000 0.370000 0.370000 0.370000 0.370000 0.370000 0.370000 0.370000 0.370000 0.370000 0.370000 0.370000 0.370000 0.370000 0.370000 0.370000 0.370000 0.370000 0.370000 0.370000 0.370000 0.370000 0.370000 0.370000
-9999.0 -9999.0 0.085485 0.090349 0.096741 0.111930 0.137069 0.154727 0.179654 0.210078 0.224262 0.242222 0.257923 0.272765 0.290115 0.306566 0.308050 0.308860 0.307398 0.337230 0.356992 0.366727 0.369656 0.369983 0.369999 0.370000 0.370000 0.370000 0.370000 0.370000 0.370000 0.370000 0.370000 0.370000 0.370000 0.370000 0.370000 0.370000 0.370000 0.370000 0.370000 0.370000 0.370000 0.370000 0.370000 0.370000 0.370000 0.370000 0.370000 0.370000 0.370000 0.370000 0.370000 0.370000 0.370000 0.370000 0.370000 0.370000 0.370000 0.370000 0.370000 0.370000 0.370000
-9999.0 0.078982 0.082513 0.087642 0.097577 0.112953 0.144537 0.191529 0.227192 0.259460 0.280761 0.295281 0.329884 0.350260 0.357350 0.362836 0.362308 0.361710 0.359998 0.365862 0.369127 0.369991 0.370000 0.370000 0.370000 0.370000 0.370000 0.370000 0.370000 0.370000 0.370000 0.370000 0.370000 0.370000 0.370000 0.370000 0.370000 0.370000 0.370000 0.370000 0.370000 0.370000 0.370000 0.370000 0.370000 0.370000 0.370000 0.370000 0.370000 0.370000 0.370000 0.370000 0.370000 0.370000 0.370000 0.370000 0.370000 0.370000 0.370000 0.370000 0.370000 0.370000 0.370000
-9999.0 0.077198 0.080703 0.086988 0.096779 0.114514 0.161905 0.251143 0.285679 0.308315 0.325609 0.347218 0.365731 0.369382 0.369879 0.369988 0.369986 0.369970 0.369966 0.369997 0.370000 0.370000 0.370000 0.370000 0.370000 0.370000 0.370000 0.370000 0.370000 0.370000 0.370000 0.370000 0.370000 0.370000 0.370000 0.370000 0.370000 0.370000 0.370000 0.370000 0.370000 0.370000 0.370000 0.370000 0.370000 0.370000 0.370000 0.370000 0.370000 0.370000 0.370000 0.370000 0.370000 0.370000 0.370000 0.370000 0.370000 0.370000 0.370000 0.370000 0.370000 0.370000 0.370000
-9999.0 0.076185 0.079759 0.084903 0.094137 0.124460 0.184686 0.281554 0.335629 0.349267 0.361352 0.369118 0.369995 0.370000 0.370000 0.370000 0.370000 0.370000 0.370000 0.370000 0.370000 0.370000 0.370000 0.370000 0.370000 0.370000 0.370000 0.370000 0.370000 0.370000 0.370000 0.370000 0.370000 0.370000 0.370000 0.370000 0.370000 0.370000 0.370000 0.370000 0.370000 0.370000 0.370000 0.370000 0.370000 0.370000 0.370000 0.370000 0.370000 0.370000 0.370000 0.370000 0.370000 0.370000 0.370000 0.370000 0.370000 0.370000 0.370000 0.370000 0.370000 0.370000 0.370000
-9999.0 0.073331 0.076172 0.079487 0.093225 0.134819 0.204983 0.319757 0.363372 0.367771 0.369924 0.370000 0.370000 0.370000 0.370000 0.370000 0.370000 0.370000 0.370000 0.370000 0.370000 0.370000 0.370000 0.370000 0.370000 0.370000 0.370000 0.370000 0.370000 0.370000 0.370000 0.370000 0.370000 0.370000 0.370000 0.370000 0.370000 0.370000 0.370000 0.370000 0.370000 0.370000 0.370000 0.370000 0.370000 0.370000 0.370000 0.370000 0.370000 0.370000 0.370000 0.370000 0.370000 0.370000 0.370000 0.370000 0.370000 0.370000 0.370000 0.370000 0.370000 0.370000 0.370000
-9999.0 0.071510 0.073302 0.077374 0.090048 0.126055 0.209365 0.332316 0.368948 0.369985 0.370000 0.370000 0.370000 0.370000 0.370000 0.370000 0.370000 0.370000 0.370000 0.370000 0.370000 0.370000 0.370000 0.370000 0.370000 0.370000 0.370000 0.370000 0.370000 0.370000 0.370000 0.370000 0.370000 0.370000 0.370000 0.370000 0.370000 0.370000 0.370000 0.370000 0.370000 0.370000 0.370000 0.370000 0.370000 0.370000 0.370000 0.370000 0.370000 0.370000 0.370000 0.370000 0.370000 0.370000 0.370000 0.370000 0.370000 0.370000 0.370000 0.370000 0.370000 0.370000 0.370000
-9999.0 0.070251 0.072101 0.075103 0.083003 0.101608 0.146594 0.262675 0.353415 0.369950 0.370000 0.370000 0.370000 0.370000 0.370000 0.370000 0.370000 0.370000 0.370000 0.370000 0.370000 0.370000 0.370000 0.370000 0.370000 0.370000 0.370000 0.370000 0.370000 0.370000 0.370000 0.370000 0.370000 0.370000 0.370000 0.370000 0.370000 0.370000 0.370000 0.370000 0.370000 0.370000 0.370000 0.370000 0.370000 0.370000 0.370000 0.370000 0.370000 0.370000 0.370000 0.370000 0.370000 0.370000 0.370000 0.370000 0.370000 0.370000 0.370000 0.370000 0.370000 0.369991 0.369975
-9999.0 -9999.0 0.070878 0.073185 0.077608 0.087572 0.110443 0.178718 0.294942 0.365716 0.369917 0.370000 0.370000 0.370000 0.370000 0.370000 0.370000 0.370000 0.370000 0.370000 0.370000 0.370000 0.370000 0.370000 0.370000 0.370000 0.370000 0.370000 0.370000 0.370000 0.370000 0.370000 0.370000 0.370000 0.370000 0.370000 0.370000 0.370000 0.370000 0.370000 0.370000 0.370000 0.370000 0.370000 0.370000 0.370000 0.370000 0.370000 0.370000 0.370000 0.370000 0.370000 0.370000 0.370000 0.370000 0.370000 0.370000 0.369999 0.369985 0.369862 0.369305 0.367639 0.364649
-9999.0 -9999.0 0.069841 0.071394 0.074439 0.080610 0.091384 0.114445 0.189619 0.282515 0.341162 0.363809 0.369100 0.369912 0.369996 0.370000 0.370000 0.370000 0.370000 0.370000 0.370000 0.370000 0.370000 0.370000 0.370000 0.370000 0.370000 0.370000 0.370000 0.370000 0.370000 0.370000 0.370000 0.370000 0.370000 0.370000 0.370000 0.370000 0.370000 0.370000 0.370000 0.370000 0.370000 0.370000 0.370000 0.370000 0.370000 0.369999 0.369996 0.369988 0.369976 0.369959 0.369946 0.369913 0.369855 0.369791 0.369560 0.368985 0.367814 0.365098 0.359001 0.350881 0.339346
-9999.0 -9999.0 -9999.0 0.070274 0.071886 0.074243 0.078433 0.084225 0.097735 0.127691 0.176784 0.245404 0.293483 0.325751 0.347903 0.361035 0.365690 0.367219 0.368068 0.369561 0.369870 0.369982 0.369998 0.370000 0.370000 0.370000 0.370000 0.370000 0.370000 0.369999 0.369993 0.369959 0.369906 0.369901 0.369900 0.369912 0.369883 0.369845 0.369741 0.369565 0.369308 0.369056 0.368923 0.368772 0.368659 0.368504 0.368325 0.367964 0.367402 0.366705 0.366060 0.365748 0.365392 0.364854 0.364026 0.363033 0.361279 0.355873 0.348515 0.338174 0.322348 0.302626 0.280865
-9999.0 -9999.0 -9999.0 -9999.0 -9999.0 0.070883 0.072858 0.075779 0.079837 0.085782 0.096915 0.119780 0.137816 0.161637 0.194531 0.225964 0.254064 0.282703 0.314016 0.336193 0.352755 0.360735 0.365618 0.367895 0.368583 0.369050 0.369203 0.368945 0.368596 0.367890 0.366139 0.363711 0.362984 0.362975 0.363001 0.362721 0.361922 0.361017 0.359724 0.356868 0.353893 0.352377 0.351159 0.349893 0.348503 0.347269 0.346053 0.344820 0.341470 0.338592 0.338862 0.337784 0.336677 0.335581 0.332608 0.329104 0.324637 0.310002 0.295411 0.284259 0.259860 0.237469 0.221780
-9999.0 -9999.0 -9999.0 -9999.0 -9999.0 -9999.0 0.070247 0.071653 0.073409 0.076035 0.080463 0.086501 0.090176 0.097167 0.107333 0.122134 0.143576 0.164922 0.190535 0.220699 0.254151 0.281539 0.306830 0.327619 0.334817 0.339857 0.344385 0.341041 0.337156 0.332965 0.322240 0.319863 0.316348 0.316339 0.316112 0.315952 0.312750 0.309182 0.305723 0.298636 0.295029 0.290881 0.287877 0.284950 0.281887 0.279259 0.277309 0.275425 0.270930 0.271849 0.272240 0.270943 0.269267 0.267452 0.262657 0.256042 0.249537 0.236568 0.225508 0.214581 0.196228 0.183266 0.170885
