tests/Borden05m/data_simulated/sim_1/output-maps/thetaliqL0001N0008.asc
ncols         160
nrows         34
xllcorner     620200.000000
yllcorner     5168000.000000
cellsize      0.500000
NODATA_value  -9999.0
[rows 0 to 27 of 34, columns 63 to 125 of 160]
-9999.0 -9999.0 -9999.0 -9999.0 -9999.0 -9999.0 -9999.0 -9999.0 -9999.0 -9999.0 -9999.0 -9999.0 -9999.0 -9999.0 -9999.0 -9999.0 -9999.0 -9999.0 -9999.0 -9999.0 -9999.0 -9999.0 -9999.0 -9999.0 -9999.0 -9999.0 -9999.0 -9999.0 -9999.0 -9999.0 -9999.0 -9999.0 -9999.0 -9999.0 -9999.0 -9999.0 -9999.0 -9999.0 -9999.0 -9999.0 -9999.0 -9999.0 -9999.0 -9999.0 -9999.0 -9999.0 -9999.0 -9999.0 -9999.0 -9999.0 -9999.0 -9999.0 -9999.0 -9999.0 -9999.0 -9999.0 -9999.0 -9999.0 -9999.0 -9999.0 -9999.0 -9999.0 -9999.0
0.286757 0.285838 0.284592 0.284561 0.284838 0.284573 0.283874 0.284527 0.285305 0.285899 0.286917 0.286468 0.286480 0.286889 0.287008 0.286849 0.286392 0.286176 0.285887 0.286716 0.285198 0.283191 0.281646 0.281386 0.282901 0.283690 0.283342 0.283941 0.285391 0.286480 0.286471 0.287802 0.287046 0.287495 0.288637 0.287788 0.287787 0.288230 0.288975 0.286700 -9999.0 -9999.0 -9999.0 -9999.0 -9999.0 -9999.0 -9999.0 -9999.0 -9999.0 -9999.0 -9999.0 -9999.0 -9999.0 -9999.0 -9999.0 -9999.0 -9999.0 -9999.0 -9999.0 -9999.0 -9999.0 -9999.0 -9999.0
0.283466 0.281867 0.281662 0.280391 0.279804 0.279635 0.279005 0.279280 0.281377 0.282777 0.283020 0.282480 0.282137 0.281531 0.281156 0.281320 0.280858 0.280475 0.280053 0.280355 0.282022 0.280499 0.279798 0.279000 0.278018 0.278276 0.278472 0.278451 0.280351 0.280785 0.280903 0.283306 0.285533 0.285937 0.284823 0.283804 0.284407 0.284714 0.284075 0.283514 0.284181 0.284024 0.284059 0.283137 0.284581 0.284221 0.285590 0.286596 0.287760 0.289838 -9999.0 -9999.0 -9999.0 -9999.0 -9999.0 -9999.0 -9999.0 -9999.0 -9999.0 -9999.0 -9999.0 -9999.0 -9999.0
0.281090 0.280600 0.279324 0.277178 0.279424 0.279007 0.278704 0.279008 0.279665 0.279917 0.280161 0.280470 0.282284 0.281948 0.281712 0.281831 0.281543 0.280988 0.281170 0.280936 0.279287 0.279640 0.280084 0.279638 0.281253 0.281274 0.282311 0.279324 0.279688 0.280114 0.280242 0.280147 0.280132 0.280443 0.279134 0.280299 0.279666 0.277902 0.277968 0.278709 0.281049 0.282309 0.281375 0.277284 0.279415 0.283789 0.283114 0.282035 0.283826 0.285527 0.288348 0.287746 0.287453 0.287858 0.288691 0.286631 0.285647 0.285124 0.281863 -9999.0 -9999.0 -9999.0 -9999.0
0.280915 0.279416 0.277452 0.280902 0.282056 0.281024 0.281331 0.282358 0.282519 0.278068 0.276873 0.278375 0.279846 0.280347 0.279391 0.278934 0.278124 0.278215 0.278825 0.278448 0.279168 0.279680 0.278687 0.279640 0.280770 0.282045 0.279410 0.277050 0.277218 0.279175 0.280417 0.280771 0.282465 0.285501 0.284931 0.284478 0.284720 0.285246 0.282078 0.279005 0.277880 0.277454 0.276535 0.277603 0.276770 0.280398 0.279958 0.279197 0.280674 0.281611 0.282962 0.283974 0.283744 0.284270 0.285079 0.284823 0.283551 0.283230 0.283325 0.282513 0.279856 0.273920 0.274406
0.276269 0.276112 0.278965 0.280068 0.282427 0.280951 0.280877 0.280768 0.277983 0.276018 0.274516 0.278861 0.282041 0.282792 0.281528 0.280425 0.283561 0.282678 0.282499 0.280705 0.281311 0.280629 0.283635 0.284545 0.286116 0.285475 0.282476 0.279968 0.279962 0.280195 0.279653 0.280086 0.281650 0.283846 0.281855 0.281504 0.282701 0.277941 0.274422 0.273616 0.277407 0.279576 0.279426 0.279968 0.280377 0.278049 0.278723 0.279017 0.277724 0.280252 0.282726 0.282837 0.280427 0.279713 0.281115 0.281341 0.282117 0.281613 0.280989 0.280765 0.275375 0.277663 0.274486
0.281074 0.281846 0.282757 0.284869 0.289822 0.287922 0.287982 0.289889 0.287019 0.284493 0.280029 0.284899 0.285377 0.286439 0.285696 0.289194 0.292421 0.290656 0.288279 0.285064 0.286965 0.290822 0.294194 0.294612 0.294807 0.295572 0.293063 0.292773 0.292442 0.292878 0.290855 0.290601 0.292901 0.297379 0.297877 0.296065 0.292392 0.286370 0.280734 0.277827 0.283102 0.281905 0.281541 0.282795 0.280316 0.279090 0.282048 0.280005 0.278355 0.282023 0.282094 0.281327 0.278142 0.282075 0.281826 0.279317 0.277929 0.277500 0.277234 0.276142 0.277955 0.277301 0.274673
0.280363 0.280950 0.284573 0.289507 0.294828 0.297427 0.300231 0.303817 0.301076 0.298484 0.295284 0.295802 0.299319 0.302579 0.306952 0.313295 0.320160 0.320034 0.318222 0.318416 0.319315 0.323907 0.327724 0.329015 0.329856 0.331995 0.330707 0.328345 0.325490 0.322310 0.319197 0.316111 0.319831 0.323597 0.321954 0.311298 0.303122 0.295791 0.288831 0.280250 0.280864 0.282875 0.285018 0.282070 0.281307 0.278934 0.278995 0.280015 0.276694 0.278810 0.278921 0.281144 0.284904 0.286114 0.283345 0.282310 0.281019 0.279461 0.278149 0.279947 0.280778 0.279245 0.277531
0.307268 0.308500 0.313808 0.325235 0.337983 0.348756 0.359770 0.361799 0.357109 0.351911 0.345420 0.341944 0.346642 0.352488 0.360517 0.367839 0.369396 0.369700 0.369753 0.369773 0.369790 0.369797 0.369822 0.369855 0.369882 0.369903 0.369904 0.369871 0.369843 0.369797 0.369736 0.369715 0.369660 0.369649 0.369390 0.366548 0.352311 0.339878 0.328319 0.317311 0.305650 0.305816 0.301867 0.299140 0.296171 0.287289 0.285636 0.285180 0.277202 0.276496 0.278942 0.282179 0.284959 0.280460 0.279182 0.278234 0.277000 0.274895 0.276750 0.278808 0.279645 0.279320 0.279442
0.356960 0.361572 0.367728 0.369570 0.369904 0.369977 0.369995 0.369998 0.369994 0.369987 0.369975 0.369961 0.369966 0.369987 0.369998 0.370000 0.370000 0.370000 0.370000 0.370000 0.370000 0.370000 0.370000 0.370000 0.370000 0.370000 0.370000 0.370000 0.370000 0.370000 0.370000 0.370000 0.370000 0.370000 0.370000 0.370000 0.369989 0.369940 0.369775 0.368851 0.360435 0.347169 0.339396 0.333616 0.320576 0.306531 0.294127 0.286697 0.279479 0.278132 0.286896 0.294956 0.290447 0.289657 0.288213 0.284955 0.282485 0.278480 0.279976 0.281241 0.281003 0.280629 0.280065
0.369995 0.369998 0.370000 0.370000 0.370000 0.370000 0.370000 0.370000 0.370000 0.370000 0.370000 0.370000 0.370000 0.370000 0.370000 0.370000 0.370000 0.370000 0.370000 0.370000 0.370000 0.370000 0.370000 0.370000 0.370000 0.370000 0.370000 0.370000 0.370000 0.370000 0.370000 0.370000 0.370000 0.370000 0.370000 0.370000 0.370000 0.370000 0.370000 0.370000 0.369996 0.369971 0.369941 0.369883 0.369728 0.367811 0.355810 0.342323 0.329835 0.316841 0.322827 0.313345 0.308726 0.304387 0.298665 0.294301 0.290288 0.285753 0.286080 0.286766 0.286084 0.286287 0.285608
0.370000 0.370000 0.370000 0.370000 0.370000 0.370000 0.370000 0.370000 0.370000 0.370000 0.370000 0.370000 0.370000 0.370000 0.370000 0.370000 0.370000 0.370000 0.370000 0.370000 0.370000 0.370000 0.370000 0.370000 0.370000 0.370000 0.370000 0.370000 0.370000 0.370000 0.370000 0.370000 0.370000 0.370000 0.370000 0.370000 0.370000 0.370000 0.370000 0.370000 0.370000 0.370000 0.370000 0.370000 0.370000 0.370000 0.369998 0.369984 0.369908 0.369580 0.368291 0.360157 0.350538 0.339261 0.329065 0.321142 0.307079 0.296544 0.291261 0.290781 0.290079 0.289323 0.287891
0.370000 0.370000 0.370000 0.370000 0.370000 0.370000 0.370000 0.370000 0.370000 0.370000 0.370000 0.370000 0.370000 0.370000 0.370000 0.370000 0.370000 0.370000 0.370000 0.370000 0.370000 0.370000 0.370000 0.370000 0.370000 0.370000 0.370000 0.370000 0.370000 0.370000 0.370000 0.370000 0.370000 0.370000 0.370000 0.370000 0.370000 0.370000 0.370000 0.370000 0.370000 0.370000 0.370000 0.370000 0.370000 0.370000 0.370000 0.370000 0.370000 0.370000 0.370000 0.369997 0.369981 0.369915 0.369758 0.369201 0.360675 0.341586 0.329282 0.322552 0.310649 0.303224 0.299314
0.370000 0.370000 0.370000 0.370000 0.370000 0.370000 0.370000 0.370000 0.370000 0.370000 0.370000 0.370000 0.370000 0.370000 0.370000 0.370000 0.370000 0.370000 0.370000 0.370000 0.370000 0.370000 0.370000 0.370000 0.370000 0.370000 0.370000 0.370000 0.370000 0.370000 0.370000 0.370000 0.370000 0.370000 0.370000 0.370000 0.370000 0.370000 0.370000 0.370000 0.370000 0.370000 0.370000 0.370000 0.370000 0.370000 0.370000 0.370000 0.370000 0.370000 0.370000 0.370000 0.370000 0.370000 0.370000 0.370000 0.369998 0.369960 0.369785 0.368927 0.356713 0.341959 0.331502
0.370000 0.370000 0.370000 0.370000 0.370000 0.370000 0.370000 0.370000 0.370000 0.370000 0.370000 0.370000 0.370000 0.370000 0.370000 0.370000 0.370000 0.370000 0.370000 0.370000 0.370000 0.370000 0.370000 0.370000 0.370000 0.370000 0.370000 0.370000 0.370000 0.370000 0.370000 0.370000 0.370000 0.370000 0.370000 0.370000 0.370000 0.370000 0.370000 0.370000 0.370000 0.370000 0.370000 0.370000 0.370000 0.370000 0.370000 0.370000 0.370000 0.370000 0.370000 0.370000 0.370000 0.370000 0.370000 0.370000 0.370000 0.370000 0.370000 0.370000 0.369993 0.369936 0.369650
0.370000 0.370000 0.370000 0.370000 0.370000 0.370000 0.370000 0.370000 0.370000 0.370000 0.370000 0.370000 0.370000 0.370000 0.370000 0.370000 0.370000 0.370000 0.370000 0.370000 0.370000 0.370000 0.370000 0.370000 0.370000 0.370000 0.370000 0.370000 0.370000 0.370000 0.370000 0.370000 0.370000 0.370000 0.370000 0.370000 0.370000 0.370000 0.370000 0.370000 0.370000 0.370000 0.370000 0.370000 0.370000 0.370000 0.370000 0.370000 0.370000 0.370000 0.370000 0.370000 0.370000 0.370000 0.370000 0.370000 0.370000 0.370000 0.370000 0.370000 0.370000 0.370000 0.370000
0.370000 0.370000 0.370000 0.370000 0.370000 0.370000 0.370000 0.370000 0.370000 0.370000 0.370000 0.370000 0.370000 0.370000 0.370000 0.370000 0.370000 0.370000 0.370000 0.370000 0.370000 0.370000 0.370000 0.370000 0.370000 0.370000 0.370000 0.370000 0.370000 0.370000 0.370000 0.370000 0.370000 0.370000 0.370000 0.370000 0.370000 0.370000 0.370000 0.370000 0.370000 0.370000 0.370000 0.370000 0.370000 0.370000 0.370000 0.370000 0.370000 0.370000 0.370000 0.370000 0.370000 0.370000 0.370000 0.370000 0.370000 0.370000 0.370000 0.370000 0.370000 0.370000 0.370000
0.370000 0.370000 0.370000 0.370000 0.370000 0.370000 0.370000 0.370000 0.370000 0.370000 0.370000 0.370000 0.370000 0.370000 0.370000 0.370000 0.370000 0.370000 0.370000 0.370000 0.370000 0.370000 0.370000 0.370000 0.370000 0.370000 0.370000 0.370000 0.370000 0.370000 0.370000 0.370000 0.370000 0.370000 0.370000 0.370000 0.370000 0.370000 0.370000 0.370000 0.370000 0.370000 0.370000 0.370000 0.370000 0.370000 0.370000 0.370000 0.370000 0.370000 0.370000 0.370000 0.370000 0.370000 0.370000 0.370000 0.370000 0.370000 0.370000 0.370000 0.370000 0.370000 0.370000
0.370000 0.370000 0.370000 0.370000 0.370000 0.370000 0.370000 0.370000 0.370000 0.370000 0.370000 0.370000 0.370000 0.370000 0.370000 0.370000 0.370000 0.370000 0.369999 0.369999 0.369999 0.370000 0.369999 0.369998 0.369997 0.369997 0.369998 0.370000 0.370000 0.370000 0.370000 0.370000 0.370000 0.370000 0.370000 0.370000 0.370000 0.370000 0.370000 0.370000 0.370000 0.370000 0.370000 0.370000 0.370000 0.370000 0.370000 0.370000 0.370000 0.370000 0.370000 0.370000 0.370000 0.370000 0.370000 0.370000 0.370000 0.370000 0.370000 0.370000 0.370000 0.370000 0.370000
0.370000 0.370000 0.370000 0.370000 0.370000 0.370000 0.370000 0.369998 0.369991 0.369963 0.369937 0.369917 0.369930 0.369900 0.369818 0.369675 0.369456 0.368631 0.364206 0.361447 0.363388 0.366259 0.363517 0.360437 0.360525 0.359398 0.360453 0.367526 0.369449 0.369727 0.369824 0.369874 0.369893 0.369911 0.369973 0.369993 0.370000 0.370000 0.370000 0.370000 0.370000 0.370000 0.370000 0.370000 0.370000 0.370000 0.370000 0.370000 0.370000 0.370000 0.370000 0.370000 0.370000 0.370000 0.370000 0.370000 0.370000 0.370000 0.370000 0.370000 0.370000 0.370000 0.370000
0.370000 0.370000 0.370000 0.369987 0.369911 0.369733 0.368892 0.362826 0.351376 0.340036 0.333995 0.334384 0.336349 0.334306 0.328860 0.323893 0.319877 0.315233 0.308828 0.305604 0.308677 0.311847 0.310488 0.309504 0.310261 0.309873 0.309864 0.312065 0.319457 0.323456 0.326812 0.329041 0.330061 0.337712 0.346237 0.355107 0.367769 0.369622 0.369911 0.369985 0.369999 0.370000 0.370000 0.370000 0.370000 0.370000 0.370000 0.370000 0.370000 0.370000 0.370000 0.370000 0.370000 0.370000 0.370000 0.370000 0.370000 0.370000 0.370000 0.370000 0.370000 0.370000 0.370000
0.369962 0.369841 0.368685 0.352338 0.337970 0.329233 0.320482 0.311157 0.303146 0.296804 0.292869 0.296094 0.297308 0.299888 0.295882 0.292814 0.292413 0.289667 0.287325 0.283720 0.286775 0.287657 0.290707 0.289870 0.289639 0.291070 0.290307 0.290383 0.288360 0.290811 0.291709 0.292554 0.297631 0.302027 0.306785 0.311507 0.319700 0.329547 0.339547 0.352078 0.367394 0.369610 0.369906 0.369984 0.369999 0.370000 0.370000 0.370000 0.370000 0.370000 0.370000 0.370000 0.370000 0.370000 0.370000 0.370000 0.370000 0.370000 0.370000 0.370000 0.370000 0.370000 0.370000
0.336807 0.327866 0.313255 0.302854 0.298612 0.294486 0.291609 0.289609 0.285802 0.283445 0.278690 0.280866 0.283421 0.287296 0.283962 0.283758 0.284837 0.283284 0.281656 0.278406 0.278826 0.281226 0.284061 0.283465 0.283831 0.285548 0.285624 0.284287 0.281288 0.281799 0.283208 0.284256 0.286849 0.288945 0.290936 0.292534 0.295583 0.299519 0.303858 0.310231 0.320673 0.329492 0.339797 0.353324 0.367686 0.369570 0.369866 0.369970 0.369995 0.370000 0.370000 0.370000 0.370000 0.370000 0.370000 0.370000 0.370000 0.370000 0.370000 0.370000 0.370000 0.370000 0.370000
0.291645 0.287043 0.285869 0.284324 0.282621 0.281420 0.280016 0.278768 0.277904 0.275887 0.270760 0.273092 0.276010 0.279373 0.279481 0.279214 0.279694 0.279151 0.276988 0.272705 0.274457 0.276765 0.278751 0.279149 0.279346 0.280683 0.279629 0.277557 0.274409 0.275562 0.277530 0.278214 0.279065 0.280560 0.282096 0.283504 0.285211 0.286821 0.289358 0.292339 0.296148 0.300776 0.306209 0.313915 0.320836 0.328969 0.335775 0.345306 0.358404 0.368884 0.369793 0.369957 0.369998 0.370000 0.370000 0.370000 0.370000 0.370000 0.370000 0.370000 0.370000 0.370000 0.370000
0.283922 0.281473 0.280146 0.279054 0.280624 0.280382 0.278410 0.279095 0.278247 0.274132 0.275998 0.277255 0.280748 0.279907 0.279670 0.278847 0.279525 0.279083 0.274847 0.277109 0.277892 0.280128 0.280239 0.280497 0.280704 0.281036 0.280528 0.277520 0.278157 0.278760 0.280670 0.280233 0.280535 0.282392 0.282295 0.282900 0.284013 0.285099 0.286446 0.288201 0.291170 0.294300 0.297480 0.297855 0.300542 0.303237 0.301069 0.306288 0.312117 0.321598 0.332076 0.343330 0.362738 0.369583 0.369985 0.370000 0.370000 0.370000 0.370000 0.370000 0.370000 0.370000 0.370000
0.278098 0.276106 0.273802 0.275907 0.276528 0.276744 0.276543 0.275974 0.274237 0.276814 0.277185 0.276980 0.276659 0.276583 0.276856 0.276422 0.276185 0.276346 0.278156 0.278336 0.277613 0.278082 0.278374 0.278753 0.277899 0.277977 0.277984 0.278614 0.278461 0.277815 0.278646 0.278630 0.278535 0.279078 0.279207 0.279435 0.280389 0.280755 0.281335 0.283134 0.285569 0.286918 0.286228 0.287641 0.288263 0.286587 0.285228 0.287681 0.289979 0.292019 0.297027 0.302210 0.310200 0.331443 0.356932 0.369391 0.369967 0.370000 0.370000 0.370000 0.370000 0.370000 0.370000
0.277525 0.275589 0.275559 0.277135 0.277502 0.277692 0.276378 0.275112 0.276702 0.277317 0.277253 0.276664 0.277261 0.277474 0.278249 0.277457 0.277062 0.277260 0.277406 0.277205 0.277665 0.277915 0.278066 0.279792 0.278636 0.278459 0.279048 0.278700 0.278416 0.277781 0.278842 0.279023 0.278825 0.279496 0.279632 0.279723 0.279977 0.280749 0.282930 0.284196 0.286205 0.288219 0.288041 0.288153 0.287344 0.286913 0.283794 0.283700 0.286886 0.285617 0.287491 0.291105 0.290430 0.299756 0.314278 0.329729 0.348761 0.368385 0.369908 0.369996 0.370000 0.370000 0.370000
0.275698 0.276290 0.275374 0.275914 0.275948 0.275301 0.274457 0.275673 0.275642 0.275562 0.275659 0.275325 0.275901 0.276334 0.276777 0.276479 0.276400 0.275515 0.275427 0.276201 0.276179 0.276559 0.277512 0.278856 0.277745 0.277461 0.277400 0.276972 0.276944 0.276289 0.277183 0.277780 0.277752 0.278747 0.278889 0.277660 0.278452 0.280140 0.281685 0.282309 0.283938 0.287385 0.285499 0.285174 0.285867 0.283442 0.280453 0.280627 0.281688 0.280554 0.282540 0.283283 0.282164 0.286696 0.290033 0.294899 0.303362 0.321718 0.342996 0.363422 0.369574 0.369970 0.369999
