tests/Borden05m/data_simulated/sim_1/output-maps/thetaliqL0008N0007.asc
ncols         160
nrows         34
xllcorner     620200.000000
yllcorner     5168000.000000
cellsize      0.500000
NODATA_value  -9999.0
[rows 0 to 27 of 34, columns 0 to 62 of 160]
-9999.0 -9999.0 -9999.0 -9999.0 -9999.0 -9999.0 -9999.0 -9999.0 -9999.0 -9999.0 -9999.0 -9999.0 -9999.0 -9999.0 -9999.0 -9999.0 -9999.0 -9999.0 -9999.0 -9999.0 -9999.0 -9999.0 -9999.0 -9999.0 -9999.0 -9999.0 -9999.0 -9999.0 -9999.0 -9999.0 -9999.0 -9999.0 -9999.0 -9999.0 -9999.0 -9999.0 -9999.0 -9999.0 -9999.0 -9999.0 -9999.0 -9999.0 -9999.0 -9999.0 -9999.0 -9999.0 -9999.0 -9999.0 -9999.0 -9999.0 -9999.0 -9999.0 -9999.0 -9999.0 -9999.0 -9999.0 -9999.0 -9999.0 -9999.0 -9999.0 -9999.0 -9999.0 -9999.0
-9999.0 -9999.0 -9999.0 -9999.0 -9999.0 -9999.0 -9999.0 -9999.0 -9999.0 -9999.0 -9999.0 -9999.0 -9999.0 -9999.0 -9999.0 -9999.0 -9999.0 -9999.0 -9999.0 -9999.0 -9999.0 -9999.0 -9999.0 -9999.0 -9999.0 -9999.0 -9999.0 -9999.0 -9999.0 -9999.0 -9999.0 -9999.0 -9999.0 -9999.0 -9999.0 -9999.0 -9999.0 -9999.0 -9999.0 -9999.0 -9999.0 -9999.0 -9999.0 -9999.0 -9999.0 -9999.0 -9999.0 -9999.0 -9999.0 -9999.0 -9999.0 -9999.0 -9999.0 -9999.0 -9999.0 -9999.0 -9999.0 -9999.0 -9999.0 0.369422 0.369312 0.369187 0.369054
-9999.0 -9999.0 -9999.0 -9999.0 -9999.0 -9999.0 -9999.0 -9999.0 -9999.0 -9999.0 -9999.0 -9999.0 -9999.0 -9999.0 -9999.0 -9999.0 -9999.0 -9999.0 -9999.0 -9999.0 -9999.0 -9999.0 -9999.0 -9999.0 -9999.0 -9999.0 -9999.0 -9999.0 -9999.0 -9999.0 -9999.0 -9999.0 -9999.0 -9999.0 -9999.0 -9999.0 -9999.0 -9999.0 -9999.0 -9999.0 -9999.0 -9999.0 -9999.0 -9999.0 -9999.0 -9999.0 -9999.0 0.357895 0.353539 0.348301 0.347698 0.354627 0.359857 0.363604 0.365856 0.367298 0.368315 0.369011 0.369100 0.368775 0.368600 0.368464 0.368364
-9999.0 -9999.0 -9999.0 -9999.0 -9999.0 -9999.0 -9999.0 -9999.0 -9999.0 -9999.0 -9999.0 -9999.0 -9999.0 -9999.0 -9999.0 -9999.0 -9999.0 -9999.0 -9999.0 -9999.0 -9999.0 -9999.0 -9999.0 -9999.0 -9999.0 -9999.0 -9999.0 -9999.0 -9999.0 -9999.0 -9999.0 -9999.0 -9999.0 -9999.0 -9999.0 -9999.0 -9999.0 -9999.0 -9999.0 -9999.0 0.365314 0.365874 0.366014 0.364920 0.363532 0.361783 0.358017 0.353583 0.348739 0.347677 0.348492 0.350344 0.356674 0.361467 0.364213 0.366018 0.367441 0.368452 0.368562 0.368079 0.367613 0.367336 0.367327
-9999.0 -9999.0 -9999.0 -9999.0 -9999.0 -9999.0 -9999.0 -9999.0 -9999.0 -9999.0 -9999.0 -9999.0 -9999.0 -9999.0 -9999.0 -9999.0 -9999.0 -9999.0 -9999.0 -9999.0 -9999.0 -9999.0 -9999.0 -9999.0 -9999.0 -9999.0 -9999.0 -9999.0 -9999.0 -9999.0 -9999.0 -9999.0 -9999.0 -9999.0 0.345066 0.351044 0.355982 0.359892 0.362635 0.363530 0.364263 0.364916 0.364444 0.363823 0.362197 0.358843 0.354109 0.349784 0.348806 0.347819 0.349232 0.353201 0.357370 0.360653 0.363809 0.366224 0.366927 0.367695 0.367854 0.367553 0.367594 0.367666 0.367740
-9999.0 -9999.0 -9999.0 -9999.0 -9999.0 -9999.0 -9999.0 -9999.0 -9999.0 -9999.0 -9999.0 -9999.0 -9999.0 -9999.0 -9999.0 -9999.0 -9999.0 -9999.0 -9999.0 -9999.0 -9999.0 -9999.0 -9999.0 -9999.0 -9999.0 -9999.0 -9999.0 -9999.0 0.347028 0.344793 0.342667 0.341935 0.341269 0.340633 0.343396 0.347902 0.353535 0.358651 0.361021 0.362147 0.363072 0.363153 0.362424 0.362039 0.362016 0.359949 0.357481 0.354755 0.351724 0.351290 0.353982 0.357354 0.360541 0.362877 0.364783 0.366075 0.367240 0.368383 0.368707 0.368466 0.368201 0.368016 0.368036
-9999.0 -9999.0 -9999.0 -9999.0 -9999.0 -9999.0 -9999.0 -9999.0 -9999.0 -9999.0 -9999.0 -9999.0 -9999.0 -9999.0 -9999.0 -9999.0 -9999.0 -9999.0 -9999.0 -9999.0 -9999.0 -9999.0 -9999.0 0.335226 0.337981 0.340699 0.343570 0.343802 0.341970 0.339443 0.337875 0.336993 0.336110 0.337949 0.341468 0.346664 0.351808 0.357372 0.359141 0.360374 0.362407 0.362680 0.363287 0.363769 0.363480 0.363072 0.361180 0.359522 0.360572 0.361600 0.362547 0.363547 0.365059 0.366497 0.367700 0.368652 0.369276 0.369612 0.369784 0.369731 0.369632 0.369462 0.369466
-9999.0 -9999.0 -9999.0 -9999.0 -9999.0 -9999.0 -9999.0 -9999.0 -9999.0 -9999.0 -9999.0 -9999.0 -9999.0 -9999.0 -9999.0 -9999.0 -9999.0 -9999.0 -9999.0 0.322445 0.322811 0.323225 0.325638 0.326070 0.327164 0.330713 0.334597 0.335407 0.334503 0.333497 0.334056 0.335136 0.336883 0.341743 0.346929 0.351480 0.355343 0.359885 0.362350 0.364218 0.365899 0.365726 0.365236 0.364956 0.364959 0.364994 0.365611 0.365951 0.366425 0.366879 0.367355 0.367863 0.368368 0.369017 0.369471 0.369739 0.369879 0.369949 0.369981 0.369977 0.369958 0.369925 0.369926
-9999.0 -9999.0 -9999.0 -9999.0 -9999.0 -9999.0 -9999.0 -9999.0 -9999.0 -9999.0 -9999.0 -9999.0 -9999.0 -9999.0 -9999.0 -9999.0 0.304843 0.305973 0.307197 0.310554 0.311937 0.314245 0.318269 0.318678 0.320773 0.324637 0.327186 0.331421 0.335050 0.338240 0.340627 0.341565 0.344495 0.347883 0.351626 0.355852 0.360479 0.363899 0.365672 0.367024 0.368012 0.368007 0.367924 0.367962 0.367993 0.368371 0.369018 0.369186 0.369276 0.369613 0.369771 0.369815 0.369863 0.369938 0.369983 0.369997 0.370000 0.370000 0.370000 0.370000 0.370000 0.370000 0.370000
-9999.0 -9999.0 -9999.0 -9999.0 -9999.0 -9999.0 -9999.0 -9999.0 -9999.0 -9999.0 -9999.0 -9999.0 -9999.0 0.272247 0.275386 0.282279 0.288172 0.289566 0.292167 0.296015 0.304315 0.306417 0.310278 0.314905 0.321507 0.326064 0.330740 0.336278 0.339876 0.342690 0.345295 0.347587 0.351941 0.356049 0.359510 0.362900 0.365474 0.367204 0.368351 0.368901 0.369274 0.369348 0.369306 0.369338 0.369494 0.369736 0.369878 0.369934 0.369980 0.369996 0.369999 0.370000 0.370000 0.370000 0.370000 0.370000 0.370000 0.370000 0.370000 0.370000 0.370000 0.370000 0.370000
-9999.0 -9999.0 -9999.0 -9999.0 -9999.0 -9999.0 -9999.0 -9999.0 -9999.0 -9999.0 0.243959 0.245968 0.242972 0.243497 0.246953 0.256275 0.266543 0.271771 0.280191 0.295268 0.306882 0.308886 0.318036 0.323580 0.326940 0.332288 0.338293 0.343589 0.349693 0.353420 0.356634 0.360863 0.363379 0.365293 0.366828 0.368035 0.368887 0.369563 0.369841 0.369915 0.369975 0.369990 0.369988 0.369988 0.369994 0.369999 0.370000 0.370000 0.370000 0.370000 0.370000 0.370000 0.370000 0.370000 0.370000 0.370000 0.370000 0.370000 0.370000 0.370000 0.370000 0.370000 0.370000
-9999.0 -9999.0 -9999.0 -9999.0 -9999.0 -9999.0 -9999.0 -9999.0 0.224973 0.230198 0.235093 0.232435 0.228387 0.225625 0.235639 0.248097 0.260650 0.273809 0.285780 0.298514 0.308933 0.319124 0.329636 0.335279 0.340406 0.346218 0.350724 0.355698 0.360261 0.362691 0.365098 0.367014 0.368162 0.368872 0.369350 0.369649 0.369888 0.369981 0.369998 0.370000 0.370000 0.370000 0.370000 0.370000 0.370000 0.370000 0.370000 0.370000 0.370000 0.370000 0.370000 0.370000 0.370000 0.370000 0.370000 0.370000 0.370000 0.370000 0.370000 0.370000 0.370000 0.370000 0.370000
-9999.0 -9999.0 -9999.0 -9999.0 -9999.0 -9999.0 0.205612 0.223929 0.235438 0.228978 0.222482 0.219680 0.216776 0.231230 0.248032 0.261236 0.274111 0.287042 0.298565 0.308468 0.329274 0.336977 0.343200 0.350198 0.354182 0.357543 0.360946 0.364376 0.366650 0.368543 0.369406 0.369772 0.369926 0.369974 0.369993 0.369999 0.370000 0.370000 0.370000 0.370000 0.370000 0.370000 0.370000 0.370000 0.370000 0.370000 0.370000 0.370000 0.370000 0.370000 0.370000 0.370000 0.370000 0.370000 0.370000 0.370000 0.370000 0.370000 0.370000 0.370000 0.370000 0.370000 0.370000
-9999.0 -9999.0 -9999.0 -9999.0 0.182440 0.196692 0.211736 0.235763 0.253823 0.249092 0.254801 0.254992 0.253681 0.255196 0.259296 0.273167 0.286359 0.298949 0.311378 0.332991 0.349772 0.354607 0.360538 0.365076 0.366388 0.367453 0.368279 0.369106 0.369665 0.369923 0.369995 0.370000 0.370000 0.370000 0.370000 0.370000 0.370000 0.370000 0.370000 0.370000 0.370000 0.370000 0.370000 0.370000 0.370000 0.370000 0.370000 0.370000 0.370000 0.370000 0.370000 0.370000 0.370000 0.370000 0.370000 0.370000 0.370000 0.370000 0.370000 0.370000 0.370000 0.370000 0.370000
-9999.0 -9999.0 -9999.0 0.154963 0.177184 0.202195 0.222962 0.247551 0.272663 0.277523 0.283550 0.288268 0.293026 0.299174 0.305917 0.316103 0.323974 0.330344 0.339998 0.353015 0.361207 0.365730 0.368064 0.369196 0.369628 0.369796 0.369901 0.369972 0.369999 0.370000 0.370000 0.370000 0.370000 0.370000 0.370000 0.370000 0.370000 0.370000 0.370000 0.370000 0.370000 0.370000 0.370000 0.370000 0.370000 0.370000 0.370000 0.370000 0.370000 0.370000 0.370000 0.370000 0.370000 0.370000 0.370000 0.370000 0.370000 0.370000 0.370000 0.370000 0.370000 0.370000 0.370000
-9999.0 -9999.0 0.133625 0.150109 0.169507 0.204281 0.245186 0.271789 0.302148 0.318426 0.322461 0.332432 0.340222 0.343632 0.349710 0.354775 0.357824 0.358420 0.360781 0.365660 0.368913 0.369800 0.369959 0.369999 0.370000 0.370000 0.370000 0.370000 0.370000 0.370000 0.370000 0.370000 0.370000 0.370000 0.370000 0.370000 0.370000 0.370000 0.370000 0.370000 0.370000 0.370000 0.370000 0.370000 0.370000 0.370000 0.370000 0.370000 0.370000 0.370000 0.370000 0.370000 0.370000 0.370000 0.370000 0.370000 0.370000 0.370000 0.370000 0.370000 0.370000 0.370000 0.370000
-9999.0 -9999.0 0.124409 0.141754 0.163747 0.211047 0.270781 0.299119 0.326197 0.346201 0.352416 0.358353 0.362006 0.364589 0.366858 0.368284 0.368475 0.368587 0.368577 0.369758 0.369987 0.370000 0.370000 0.370000 0.370000 0.370000 0.370000 0.370000 0.370000 0.370000 0.370000 0.370000 0.370000 0.370000 0.370000 0.370000 0.370000 0.370000 0.370000 0.370000 0.370000 0.370000 0.370000 0.370000 0.370000 0.370000 0.370000 0.370000 0.370000 0.370000 0.370000 0.370000 0.370000 0.370000 0.370000 0.370000 0.370000 0.370000 0.370000 0.370000 0.370000 0.370000 0.370000
-9999.0 0.101553 0.113787 0.131844 0.166205 0.213639 0.282670 0.334417 0.353095 0.362131 0.365710 0.367388 0.369464 0.369926 0.369983 0.369998 0.369998 0.369997 0.369996 0.370000 0.370000 0.370000 0.370000 0.370000 0.370000 0.370000 0.370000 0.370000 0.370000 0.370000 0.370000 0.370000 0.370000 0.370000 0.370000 0.370000 0.370000 0.370000 0.370000 0.370000 0.370000 0.370000 0.370000 0.370000 0.370000 0.370000 0.370000 0.370000 0.370000 0.370000 0.370000 0.370000 0.370000 0.370000 0.370000 0.370000 0.370000 0.370000 0.370000 0.370000 0.370000 0.370000 0.370000
-9999.0 0.095511 0.107360 0.129329 0.163264 0.216659 0.305366 0.359746 0.366031 0.368303 0.369324 0.369898 0.370000 0.370000 0.370000 0.370000 0.370000 0.370000 0.370000 0.370000 0.370000 0.370000 0.370000 0.370000 0.370000 0.370000 0.370000 0.370000 0.370000 0.370000 0.370000 0.370000 0.370000 0.370000 0.370000 0.370000 0.370000 0.370000 0.370000 0.370000 0.370000 0.370000 0.370000 0.370000 0.370000 0.370000 0.370000 0.370000 0.370000 0.370000 0.370000 0.370000 0.370000 0.370000 0.370000 0.370000 0.370000 0.370000 0.370000 0.370000 0.370000 0.370000 0.370000
-9999.0 0.092052 0.104015 0.121748 0.153188 0.240118 0.328052 0.365225 0.369555 0.369904 0.369996 0.370000 0.370000 0.370000 0.370000 0.370000 0.370000 0.370000 0.370000 0.370000 0.370000 0.370000 0.370000 0.370000 0.370000 0.370000 0.370000 0.370000 0.370000 0.370000 0.370000 0.370000 0.370000 0.370000 0.370000 0.370000 0.370000 0.370000 0.370000 0.370000 0.370000 0.370000 0.370000 0.370000 0.370000 0.370000 0.370000 0.370000 0.370000 0.370000 0.370000 0.370000 0.370000 0.370000 0.370000 0.370000 0.370000 0.370000 0.370000 0.370000 0.370000 0.370000 0.370000
-9999.0 0.082931 0.091809 0.102451 0.147817 0.261484 0.341221 0.368709 0.369996 0.370000 0.370000 0.370000 0.370000 0.370000 0.370000 0.370000 0.370000 0.370000 0.370000 0.370000 0.370000 0.370000 0.370000 0.370000 0.370000 0.370000 0.370000 0.370000 0.370000 0.370000 0.370000 0.370000 0.370000 0.370000 0.370000 0.370000 0.370000 0.370000 0.370000 0.370000 0.370000 0.370000 0.370000 0.370000 0.370000 0.370000 0.370000 0.370000 0.370000 0.370000 0.370000 0.370000 0.370000 0.370000 0.370000 0.370000 0.370000 0.370000 0.370000 0.370000 0.370000 0.370000 0.370000
-9999.0 0.077675 0.082812 0.095090 0.136541 0.240589 0.341137 0.369225 0.370000 0.370000 0.370000 0.370000 0.370000 0.370000 0.370000 0.370000 0.370000 0.370000 0.370000 0.370000 0.370000 0.370000 0.370000 0.370000 0.370000 0.370000 0.370000 0.370000 0.370000 0.370000 0.370000 0.370000 0.370000 0.370000 0.370000 0.370000 0.370000 0.370000 0.370000 0.370000 0.370000 0.370000 0.370000 0.370000 0.370000 0.370000 0.370000 0.370000 0.370000 0.370000 0.370000 0.370000 0.370000 0.370000 0.370000 0.370000 0.370000 0.370000 0.370000 0.370000 0.370000 0.370000 0.370000
-9999.0 0.074209 0.079284 0.088039 0.113086 0.174022 0.278861 0.360941 0.369918 0.370000 0.370000 0.370000 0.370000 0.370000 0.370000 0.370000 0.370000 0.370000 0.370000 0.370000 0.370000 0.370000 0.370000 0.370000 0.370000 0.370000 0.370000 0.370000 0.370000 0.370000 0.370000 0.370000 0.370000 0.370000 0.370000 0.370000 0.370000 0.370000 0.370000 0.370000 0.370000 0.370000 0.370000 0.370000 0.370000 0.370000 0.370000 0.370000 0.370000 0.370000 0.370000 0.370000 0.370000 0.370000 0.370000 0.370000 0.370000 0.370000 0.370000 0.370000 0.370000 0.370000 0.370000
-9999.0 -9999.0 0.075860 0.082318 0.095744 0.128524 0.199464 0.318542 0.366409 0.369999 0.370000 0.370000 0.370000 0.370000 0.370000 0.370000 0.370000 0.370000 0.370000 0.370000 0.370000 0.370000 0.370000 0.370000 0.370000 0.370000 0.370000 0.370000 0.370000 0.370000 0.370000 0.370000 0.370000 0.370000 0.370000 0.370000 0.370000 0.370000 0.370000 0.370000 0.370000 0.370000 0.370000 0.370000 0.370000 0.370000 0.370000 0.370000 0.370000 0.370000 0.370000 0.370000 0.370000 0.370000 0.370000 0.370000 0.370000 0.370000 0.370000 0.370000 0.370000 0.370000 0.370000
-9999.0 -9999.0 0.073153 0.077214 0.085865 0.105266 0.140690 0.207081 0.326178 0.364465 0.369709 0.369999 0.370000 0.370000 0.370000 0.370000 0.370000 0.370000 0.370000 0.370000 0.370000 0.370000 0.370000 0.370000 0.370000 0.370000 0.370000 0.370000 0.370000 0.370000 0.370000 0.370000 0.370000 0.370000 0.370000 0.370000 0.370000 0.370000 0.370000 0.370000 0.370000 0.370000 0.370000 0.370000 0.370000 0.370000 0.370000 0.370000 0.370000 0.370000 0.370000 0.370000 0.370000 0.370000 0.370000 0.370000 0.370000 0.370000 0.370000 0.370000 0.369994 0.369953 0.369802
-9999.0 -9999.0 -9999.0 0.074283 0.078573 0.085120 0.097941 0.116030 0.157017 0.236148 0.314010 0.356869 0.366718 0.369272 0.369911 0.369997 0.370000 0.370000 0.370000 0.370000 0.370000 0.370000 0.370000 0.370000 0.370000 0.370000 0.370000 0.370000 0.370000 0.370000 0.370000 0.370000 0.370000 0.370000 0.370000 0.370000 0.370000 0.370000 0.370000 0.370000 0.370000 0.370000 0.370000 0.370000 0.370000 0.370000 0.370000 0.370000 0.370000 0.370000 0.370000 0.370000 0.370000 0.370000 0.370000 0.369999 0.369997 0.369981 0.369924 0.369758 0.369269 0.368159 0.366101
-9999.0 -9999.0 -9999.0 -9999.0 -9999.0 0.075687 0.081083 0.089737 0.102125 0.120704 0.156115 0.221686 0.261289 0.299919 0.333267 0.351475 0.361027 0.366235 0.368931 0.369734 0.369966 0.369997 0.370000 0.370000 0.370000 0.370000 0.370000 0.370000 0.370000 0.370000 0.370000 0.370000 0.369999 0.369999 0.369999 0.369999 0.369999 0.369998 0.369996 0.369989 0.369976 0.369966 0.369955 0.369944 0.369930 0.369916 0.369901 0.369884 0.369834 0.369783 0.369786 0.369762 0.369734 0.369703 0.369620 0.369502 0.369325 0.368594 0.367507 0.366354 0.362717 0.357489 0.352187
-9999.0 -9999.0 -9999.0 -9999.0 -9999.0 -9999.0 0.074074 0.077785 0.082672 0.090437 0.104361 0.123936 0.135869 0.158084 0.189140 0.229904 0.276186 0.308521 0.333226 0.350593 0.361225 0.365965 0.368366 0.369439 0.369674 0.369792 0.369870 0.369819 0.369740 0.369634 0.369299 0.369206 0.369044 0.369033 0.369015 0.368999 0.368829 0.368619 0.368393 0.367899 0.367595 0.367202 0.366887 0.366562 0.366200 0.365864 0.365599 0.365333 0.364724 0.364858 0.364889 0.364687 0.364405 0.364072 0.363202 0.361876 0.360382 0.356989 0.353316 0.348845 0.339211 0.330057 0.318859
