tests/Borden05m/data_simulated/sim_1/output-maps/thetaliqL0002N0002.asc
ncols         160
nrows         34
xllcorner     620200.000000
yllcorner     5168000.000000
cellsize      0.500000
NODATA_value  -9999.0
[rows 0 to 27 of 34, columns 63 to 125 of 160]
-9999.0 -9999.0 -9999.0 -9999.0 -9999.0 -9999.0 -9999.0 -9999.0 -9999.0 -9999.0 -9999.0 -9999.0 -9999.0 -9999.0 -9999.0 -9999.0 -9999.0 -9999.0 -9999.0 -9999.0 -9999.0 -9999.0 -9999.0 -9999.0 -9999.0 -9999.0 -9999.0 -9999.0 -9999.0 -9999.0 -9999.0 -9999.0 -9999.0 -9999.0 -9999.0 -9999.0 -9999.0 -9999.0 -9999.0 -9999.0 -9999.0 -9999.0 -9999.0 -9999.0 -9999.0 -9999.0 -9999.0 -9999.0 -9999.0 -9999.0 -9999.0 -9999.0 -9999.0 -9999.0 -9999.0 -9999.0 -9999.0 -9999.0 -9999.0 -9999.0 -9999.0 -9999.0 -9999.0
0.187476 0.186038 0.184300 0.184063 0.184290 0.183975 0.183249 0.184176 0.185357 0.186351 0.187792 0.187472 0.187632 0.188191 0.188343 0.188099 0.187442 0.187030 0.186528 0.187287 0.185273 0.182669 0.180683 0.180290 0.182028 0.183043 0.182820 0.183752 0.185802 0.187537 0.188050 0.190146 0.189723 0.190538 0.191954 0.190830 0.190590 0.190788 0.191271 0.188264 -9999.0 -9999.0 -9999.0 -9999.0 -9999.0 -9999.0 -9999.0 -9999.0 -9999.0 -9999.0 -9999.0 -9999.0 -9999.0 -9999.0 -9999.0 -9999.0 -9999.0 -9999.0 -9999.0 -9999.0 -9999.0 -9999.0 -9999.0
0.183318 0.181243 0.180778 0.179239 0.178567 0.178401 0.177781 0.178244 0.180797 0.182599 0.183090 0.182680 0.182469 0.181889 0.181492 0.181633 0.181013 0.180446 0.179832 0.180018 0.181687 0.179779 0.178839 0.177902 0.176871 0.177241 0.177551 0.177681 0.180065 0.180947 0.181543 0.184769 0.187782 0.188536 0.187281 0.185947 0.186328 0.186254 0.185027 0.183862 0.183933 0.183369 0.183148 0.181995 0.183761 0.183684 0.185639 0.187250 0.189120 0.191979 -9999.0 -9999.0 -9999.0 -9999.0 -9999.0 -9999.0 -9999.0 -9999.0 -9999.0 -9999.0 -9999.0 -9999.0 -9999.0
0.180340 0.179663 0.178176 0.175868 0.178445 0.178090 0.177849 0.178292 0.179108 0.179462 0.179855 0.180428 0.182719 0.182522 0.182326 0.182457 0.182069 0.181339 0.181416 0.181027 0.179098 0.179417 0.179896 0.179460 0.181349 0.181431 0.182560 0.179215 0.179759 0.180528 0.181061 0.181404 0.181827 0.182457 0.181001 0.182077 0.180940 0.178395 0.177828 0.178083 0.180226 0.181319 0.180032 0.175422 0.177837 0.182967 0.182517 0.181648 0.184101 0.186484 0.189978 0.189458 0.189150 0.189532 0.190228 0.187309 0.185516 0.184246 0.180062 -9999.0 -9999.0 -9999.0 -9999.0
0.180331 0.178697 0.176698 0.180796 0.182434 0.181499 0.181967 0.183162 0.183251 0.178159 0.176863 0.178779 0.180789 0.181636 0.180717 0.180277 0.179389 0.179412 0.179966 0.179444 0.180231 0.180899 0.179973 0.181231 0.182663 0.184099 0.180951 0.178138 0.178327 0.180695 0.182414 0.183248 0.185669 0.189536 0.188878 0.188011 0.187633 0.187308 0.182743 0.178600 0.176933 0.176189 0.174970 0.175981 0.175059 0.179121 0.178774 0.178119 0.180044 0.181493 0.183367 0.184720 0.184484 0.184985 0.185647 0.184869 0.182800 0.181753 0.181118 0.179253 0.175583 0.168833 0.169293
0.176171 0.176225 0.179784 0.181642 0.184917 0.183617 0.183698 0.183553 0.180189 0.177707 0.176008 0.181128 0.185240 0.186537 0.185365 0.184307 0.187983 0.186869 0.186451 0.184254 0.185022 0.184552 0.188402 0.189823 0.191863 0.191029 0.187194 0.183994 0.183879 0.184253 0.183893 0.184806 0.187169 0.190164 0.187843 0.186946 0.187357 0.180652 0.175524 0.173786 0.177457 0.179593 0.179193 0.179554 0.179772 0.177049 0.177693 0.177987 0.176692 0.179779 0.182886 0.183205 0.180502 0.179588 0.180848 0.180601 0.180841 0.179616 0.178250 0.177298 0.170922 0.172983 0.169595
0.183662 0.184967 0.186714 0.190061 0.196832 0.195050 0.195242 0.197490 0.193793 0.190433 0.185169 0.191188 0.192347 0.194102 0.193483 0.197681 0.201362 0.198677 0.195255 0.191092 0.193466 0.198582 0.203267 0.204085 0.204387 0.205141 0.201652 0.201062 0.200650 0.201404 0.199261 0.199515 0.203152 0.209458 0.210313 0.207819 0.202233 0.193222 0.185011 0.180658 0.186139 0.184502 0.183759 0.184729 0.181386 0.179505 0.182410 0.179837 0.177891 0.182126 0.182509 0.181867 0.178369 0.182578 0.181881 0.178453 0.176232 0.175096 0.174219 0.172540 0.174062 0.173084 0.170258
0.186002 0.187082 0.191675 0.197794 0.204491 0.207100 0.208824 0.212895 0.210295 0.207678 0.204250 0.205543 0.210208 0.214030 0.218002 0.222276 0.227464 0.224120 0.219787 0.219245 0.220202 0.227084 0.232720 0.234117 0.234808 0.237940 0.236032 0.232758 0.228836 0.224977 0.221679 0.218453 0.225406 0.232152 0.231947 0.221827 0.215036 0.205767 0.196272 0.185706 0.186682 0.189008 0.191156 0.187032 0.185232 0.181639 0.180951 0.181429 0.177316 0.179642 0.180085 0.182920 0.187309 0.188446 0.184624 0.182600 0.180282 0.177803 0.175819 0.177380 0.177979 0.176067 0.174140
0.218944 0.219112 0.221727 0.232046 0.247403 0.259888 0.272768 0.274280 0.268133 0.263076 0.255014 0.250205 0.256563 0.262153 0.268076 0.274558 0.281610 0.287359 0.287570 0.287774 0.288892 0.289784 0.292375 0.296720 0.302575 0.309702 0.313381 0.308330 0.300621 0.291350 0.283847 0.281729 0.279291 0.282492 0.283129 0.273911 0.261096 0.248738 0.234358 0.223149 0.214920 0.218698 0.214069 0.210097 0.205556 0.193952 0.191271 0.189797 0.179970 0.179128 0.182369 0.186607 0.189925 0.184256 0.181894 0.179753 0.177327 0.174172 0.175601 0.177497 0.178143 0.177545 0.177548
0.266190 0.268073 0.270999 0.290510 0.315030 0.335155 0.348749 0.353150 0.348277 0.342550 0.336064 0.329744 0.328576 0.335285 0.344153 0.352994 0.358890 0.361386 0.361270 0.361538 0.362190 0.363587 0.364960 0.367621 0.369653 0.369919 0.369964 0.369950 0.369779 0.367041 0.357847 0.352863 0.350875 0.348189 0.348281 0.348387 0.336694 0.322254 0.302153 0.279031 0.265807 0.255323 0.247379 0.240766 0.223609 0.209948 0.199394 0.191603 0.183330 0.182618 0.194427 0.205746 0.200403 0.198745 0.195787 0.190502 0.186261 0.180597 0.181541 0.182527 0.181910 0.181148 0.180230
0.343893 0.347223 0.353015 0.365175 0.369822 0.369986 0.369998 0.369999 0.369997 0.369995 0.369990 0.369984 0.369981 0.369985 0.369992 0.369997 0.369999 0.370000 0.370000 0.370000 0.370000 0.370000 0.370000 0.370000 0.370000 0.370000 0.370000 0.370000 0.370000 0.370000 0.370000 0.369999 0.369997 0.369996 0.369996 0.369996 0.369995 0.369974 0.369671 0.354905 0.333863 0.317756 0.307813 0.299132 0.293349 0.272231 0.263061 0.249241 0.233129 0.218175 0.234726 0.228044 0.224443 0.219306 0.211296 0.204846 0.199137 0.192635 0.192196 0.192483 0.191232 0.190954 0.189616
0.369994 0.369996 0.369999 0.370000 0.370000 0.370000 0.370000 0.370000 0.370000 0.370000 0.370000 0.370000 0.370000 0.370000 0.370000 0.370000 0.370000 0.370000 0.370000 0.370000 0.370000 0.370000 0.370000 0.370000 0.370000 0.370000 0.370000 0.370000 0.370000 0.370000 0.370000 0.370000 0.370000 0.370000 0.370000 0.370000 0.370000 0.370000 0.370000 0.369999 0.369988 0.369937 0.369554 0.365028 0.359996 0.355898 0.349011 0.335893 0.312753 0.285467 0.271631 0.266120 0.260503 0.248366 0.236416 0.229153 0.217315 0.206748 0.200749 0.200581 0.200113 0.198837 0.196433
0.370000 0.370000 0.370000 0.370000 0.370000 0.370000 0.370000 0.370000 0.370000 0.370000 0.370000 0.370000 0.370000 0.370000 0.370000 0.370000 0.370000 0.370000 0.370000 0.370000 0.370000 0.370000 0.370000 0.370000 0.370000 0.370000 0.370000 0.370000 0.370000 0.370000 0.370000 0.370000 0.370000 0.370000 0.370000 0.370000 0.370000 0.370000 0.370000 0.370000 0.370000 0.370000 0.370000 0.370000 0.370000 0.369999 0.369997 0.369984 0.369862 0.364474 0.339775 0.329115 0.317740 0.301862 0.290712 0.284037 0.265598 0.247989 0.235935 0.232923 0.225125 0.218113 0.213687
0.370000 0.370000 0.370000 0.370000 0.370000 0.370000 0.370000 0.370000 0.370000 0.370000 0.370000 0.370000 0.370000 0.370000 0.370000 0.370000 0.370000 0.370000 0.370000 0.370000 0.370000 0.370000 0.370000 0.370000 0.370000 0.370000 0.370000 0.370000 0.370000 0.370000 0.370000 0.370000 0.370000 0.370000 0.370000 0.370000 0.370000 0.370000 0.370000 0.370000 0.370000 0.370000 0.370000 0.370000 0.370000 0.370000 0.370000 0.370000 0.370000 0.370000 0.369994 0.369974 0.369905 0.369152 0.364726 0.357002 0.337422 0.312286 0.290162 0.277229 0.262236 0.251957 0.243641
0.370000 0.370000 0.370000 0.370000 0.370000 0.370000 0.370000 0.370000 0.370000 0.370000 0.370000 0.370000 0.370000 0.370000 0.370000 0.370000 0.370000 0.370000 0.370000 0.370000 0.370000 0.370000 0.370000 0.370000 0.370000 0.370000 0.370000 0.370000 0.370000 0.370000 0.370000 0.370000 0.370000 0.370000 0.370000 0.370000 0.370000 0.370000 0.370000 0.370000 0.370000 0.370000 0.370000 0.370000 0.370000 0.370000 0.370000 0.370000 0.370000 0.370000 0.370000 0.370000 0.370000 0.370000 0.370000 0.369999 0.369979 0.369632 0.355121 0.335042 0.314940 0.297795 0.284081
0.370000 0.370000 0.370000 0.370000 0.370000 0.370000 0.370000 0.370000 0.370000 0.370000 0.370000 0.370000 0.370000 0.370000 0.370000 0.370000 0.370000 0.370000 0.370000 0.370000 0.370000 0.370000 0.370000 0.370000 0.370000 0.370000 0.370000 0.370000 0.370000 0.370000 0.370000 0.370000 0.370000 0.370000 0.370000 0.370000 0.370000 0.370000 0.370000 0.370000 0.370000 0.370000 0.370000 0.370000 0.370000 0.370000 0.370000 0.370000 0.370000 0.370000 0.370000 0.370000 0.370000 0.370000 0.370000 0.370000 0.370000 0.370000 0.369999 0.369963 0.369031 0.355133 0.338589
0.370000 0.370000 0.370000 0.370000 0.370000 0.370000 0.370000 0.370000 0.370000 0.370000 0.370000 0.370000 0.370000 0.370000 0.370000 0.370000 0.370000 0.370000 0.370000 0.370000 0.370000 0.370000 0.370000 0.370000 0.370000 0.370000 0.370000 0.370000 0.370000 0.370000 0.370000 0.370000 0.370000 0.370000 0.370000 0.370000 0.370000 0.370000 0.370000 0.370000 0.370000 0.370000 0.370000 0.370000 0.370000 0.370000 0.370000 0.370000 0.370000 0.370000 0.370000 0.370000 0.370000 0.370000 0.370000 0.370000 0.370000 0.370000 0.370000 0.370000 0.370000 0.369999 0.369979
0.370000 0.370000 0.370000 0.370000 0.370000 0.370000 0.370000 0.370000 0.370000 0.370000 0.370000 0.370000 0.370000 0.370000 0.370000 0.369999 0.369997 0.369995 0.369996 0.369999 0.369999 0.369998 0.369996 0.369992 0.369988 0.369986 0.369988 0.369993 0.369999 0.370000 0.370000 0.370000 0.370000 0.370000 0.370000 0.370000 0.370000 0.370000 0.370000 0.370000 0.370000 0.370000 0.370000 0.370000 0.370000 0.370000 0.370000 0.370000 0.370000 0.370000 0.370000 0.370000 0.370000 0.370000 0.370000 0.370000 0.370000 0.370000 0.370000 0.370000 0.370000 0.370000 0.370000
0.370000 0.370000 0.370000 0.370000 0.370000 0.369999 0.369994 0.369991 0.369986 0.369984 0.369976 0.369963 0.369890 0.368522 0.359301 0.350150 0.346851 0.344533 0.343129 0.349234 0.351797 0.349728 0.344820 0.339323 0.335979 0.334156 0.336844 0.345370 0.353870 0.360753 0.363270 0.360803 0.361924 0.363410 0.364381 0.369598 0.369949 0.369988 0.369998 0.370000 0.370000 0.370000 0.370000 0.370000 0.370000 0.370000 0.370000 0.370000 0.370000 0.370000 0.370000 0.370000 0.370000 0.370000 0.370000 0.370000 0.370000 0.370000 0.370000 0.370000 0.370000 0.370000 0.370000
0.370000 0.370000 0.369999 0.369924 0.367560 0.355827 0.344038 0.339176 0.335928 0.326310 0.319840 0.313924 0.311945 0.301043 0.288895 0.279918 0.276579 0.274832 0.269694 0.268728 0.271117 0.276207 0.270681 0.267461 0.268493 0.266604 0.265215 0.271329 0.280703 0.285971 0.290491 0.293489 0.294032 0.294483 0.306307 0.315183 0.325912 0.339386 0.353199 0.366603 0.369866 0.369975 0.369993 0.369999 0.370000 0.370000 0.370000 0.370000 0.370000 0.370000 0.370000 0.370000 0.370000 0.370000 0.370000 0.370000 0.370000 0.370000 0.370000 0.370000 0.370000 0.370000 0.370000
0.369939 0.369527 0.351602 0.323832 0.300042 0.286967 0.274276 0.268559 0.260032 0.246570 0.238621 0.239959 0.243521 0.241342 0.234768 0.229866 0.226771 0.223366 0.218072 0.214744 0.218342 0.221623 0.221627 0.221823 0.223232 0.223050 0.222207 0.220642 0.225530 0.228303 0.231629 0.233977 0.234793 0.245740 0.255690 0.261500 0.270887 0.280995 0.293604 0.308256 0.322555 0.332906 0.344444 0.357218 0.369038 0.369950 0.369996 0.370000 0.370000 0.370000 0.370000 0.370000 0.370000 0.370000 0.370000 0.370000 0.370000 0.370000 0.370000 0.370000 0.370000 0.370000 0.370000
0.321474 0.304069 0.278454 0.256566 0.244624 0.236171 0.228473 0.221184 0.212652 0.204688 0.199471 0.203617 0.205555 0.209411 0.204541 0.200772 0.200204 0.196576 0.193439 0.188915 0.192585 0.194038 0.198454 0.197989 0.198037 0.199997 0.198972 0.198522 0.195376 0.198175 0.199552 0.201263 0.208773 0.215546 0.222339 0.227813 0.233663 0.241192 0.250463 0.260546 0.271990 0.280816 0.290269 0.302433 0.316625 0.332660 0.349543 0.366785 0.369886 0.369984 0.369998 0.370000 0.370000 0.370000 0.370000 0.370000 0.370000 0.370000 0.370000 0.370000 0.370000 0.370000 0.370000
0.242448 0.231375 0.215816 0.210597 0.207190 0.202010 0.198168 0.195187 0.189713 0.185996 0.179996 0.182392 0.185627 0.190428 0.186570 0.186131 0.187047 0.184809 0.182476 0.178579 0.179172 0.182306 0.186095 0.185877 0.186625 0.188811 0.188886 0.187150 0.183612 0.184415 0.186604 0.188688 0.192910 0.196809 0.200656 0.203950 0.208700 0.214300 0.220315 0.227936 0.236976 0.242581 0.251849 0.262781 0.273006 0.279768 0.289768 0.307288 0.322391 0.337000 0.350604 0.363263 0.369850 0.369996 0.370000 0.370000 0.370000 0.370000 0.370000 0.370000 0.370000 0.370000 0.370000
0.197108 0.190813 0.189239 0.187405 0.184858 0.182698 0.180285 0.178074 0.176313 0.173436 0.167662 0.170082 0.173409 0.177267 0.177445 0.177052 0.177385 0.176512 0.173875 0.169228 0.171223 0.174062 0.176657 0.177476 0.177968 0.179596 0.178424 0.176041 0.172645 0.174112 0.176742 0.178185 0.180018 0.182771 0.185711 0.188635 0.192039 0.195472 0.200193 0.205538 0.211593 0.218261 0.225568 0.234409 0.237629 0.242120 0.246508 0.254889 0.263857 0.274926 0.287452 0.301428 0.324206 0.352893 0.369713 0.369994 0.370000 0.370000 0.370000 0.370000 0.370000 0.370000 0.370000
0.185649 0.181604 0.179189 0.177315 0.178436 0.177571 0.174834 0.175017 0.173602 0.168891 0.170663 0.172004 0.175891 0.175112 0.174904 0.173982 0.174624 0.174027 0.169443 0.171843 0.172853 0.175568 0.176040 0.176628 0.177075 0.177567 0.177039 0.173764 0.174501 0.175373 0.177859 0.177921 0.178928 0.181818 0.182653 0.184402 0.186902 0.189568 0.192755 0.196638 0.202109 0.207713 0.213107 0.214388 0.217827 0.220619 0.216786 0.222586 0.227516 0.232553 0.241225 0.250115 0.264218 0.286505 0.316786 0.347979 0.369202 0.369980 0.369999 0.370000 0.370000 0.370000 0.370000
0.175335 0.172255 0.169136 0.170857 0.171116 0.170974 0.170404 0.169482 0.167429 0.169949 0.170253 0.170041 0.169766 0.169765 0.170096 0.169646 0.169381 0.169542 0.171476 0.171753 0.171160 0.171903 0.172492 0.173152 0.172423 0.172629 0.172712 0.173440 0.173366 0.172863 0.174063 0.174456 0.174862 0.176075 0.176951 0.178061 0.180140 0.181760 0.183815 0.187434 0.191907 0.194984 0.195260 0.197656 0.198693 0.196592 0.194831 0.197929 0.201027 0.203434 0.209628 0.215608 0.221137 0.239199 0.261342 0.286695 0.310979 0.336882 0.357541 0.369678 0.369982 0.370000 0.370000
0.172074 0.169402 0.168892 0.170193 0.170309 0.170269 0.168678 0.167196 0.168726 0.169288 0.169180 0.168565 0.169226 0.169503 0.170362 0.169559 0.169170 0.169419 0.169642 0.169547 0.170196 0.170677 0.171082 0.173151 0.172095 0.172036 0.172764 0.172479 0.172280 0.171765 0.173142 0.173665 0.173858 0.175095 0.175868 0.176726 0.177935 0.179912 0.183662 0.186537 0.190325 0.193969 0.194576 0.195126 0.194215 0.193420 0.189445 0.189343 0.193429 0.192459 0.195473 0.200872 0.200879 0.212602 0.228948 0.239602 0.254653 0.272463 0.298352 0.317688 0.341139 0.363954 0.369881
0.168413 0.168608 0.167316 0.167618 0.167467 0.166654 0.165678 0.166849 0.166764 0.166649 0.166726 0.166374 0.166983 0.167473 0.167977 0.167711 0.167681 0.166841 0.166847 0.167767 0.167895 0.168483 0.169705 0.171344 0.170352 0.170192 0.170250 0.169906 0.169978 0.169424 0.170560 0.171449 0.171740 0.173236 0.173959 0.173366 0.175114 0.178036 0.180985 0.182998 0.186152 0.191245 0.189645 0.189478 0.190158 0.186881 0.182952 0.182857 0.184105 0.183068 0.185774 0.187444 0.187303 0.194130 0.199677 0.206221 0.216009 0.232765 0.253077 0.266888 0.284729 0.305598 0.328641
