tests/Borden05m/data_simulated/sim_1/output-maps/thetaliqL0006N0014.asc
ncols         160
nrows         34
xllcorner     620200.000000
yllcorner     5168000.000000
cellsize      0.500000
NODATA_value  -9999.0
[rows 0 to 27 of 34, columns 0 to 62 of 160]
-9999.0 -9999.0 -9999.0 -9999.0 -9999.0 -9999.0 -9999.0 -9999.0 -9999.0 -9999.0 -9999.0 -9999.0 -9999.0 -9999.0 -9999.0 -9999.0 -9999.0 -9999.0 -9999.0 -9999.0 -9999.0 -9999.0 -9999.0 -9999.0 -9999.0 -9999.0 -9999.0 -9999.0 -9999.0 -9999.0 -9999.0 -9999.0 -9999.0 -9999.0 -9999.0 -9999.0 -9999.0 -9999.0 -9999.0 -9999.0 -9999.0 -9999.0 -9999.0 -9999.0 -9999.0 -9999.0 -9999.0 -9999.0 -9999.0 -9999.0 -9999.0 -9999.0 -9999.0 -9999.0 -9999.0 -9999.0 -9999.0 -9999.0 -9999.0 -9999.0 -9999.0 -9999.0 -9999.0
-9999.0 -9999.0 -9999.0 -9999.0 -9999.0 -9999.0 -9999.0 -9999.0 -9999.0 -9999.0 -9999.0 -9999.0 -9999.0 -9999.0 -9999.0 -9999.0 -9999.0 -9999.0 -9999.0 -9999.0 -9999.0 -9999.0 -9999.0 -9999.0 -9999.0 -9999.0 -9999.0 -9999.0 -9999.0 -9999.0 -9999.0 -9999.0 -9999.0 -9999.0 -9999.0 -9999.0 -9999.0 -9999.0 -9999.0 -9999.0 -9999.0 -9999.0 -9999.0 -9999.0 -9999.0 -9999.0 -9999.0 -9999.0 -9999.0 -9999.0 -9999.0 -9999.0 -9999.0 -9999.0 -9999.0 -9999.0 -9999.0 -9999.0 -9999.0 0.203779 0.199576 0.195496 0.191723
-9999.0 -9999.0 -9999.0 -9999.0 -9999.0 -9999.0 -9999.0 -9999.0 -9999.0 -9999.0 -9999.0 -9999.0 -9999.0 -9999.0 -9999.0 -9999.0 -9999.0 -9999.0 -9999.0 -9999.0 -9999.0 -9999.0 -9999.0 -9999.0 -9999.0 -9999.0 -9999.0 -9999.0 -9999.0 -9999.0 -9999.0 -9999.0 -9999.0 -9999.0 -9999.0 -9999.0 -9999.0 -9999.0 -9999.0 -9999.0 -9999.0 -9999.0 -9999.0 -9999.0 -9999.0 -9999.0 -9999.0 0.131838 0.125259 0.119462 0.118983 0.126638 0.135532 0.145852 0.155940 0.166166 0.177648 0.190539 0.192781 0.185287 0.182011 0.179691 0.178078
-9999.0 -9999.0 -9999.0 -9999.0 -9999.0 -9999.0 -9999.0 -9999.0 -9999.0 -9999.0 -9999.0 -9999.0 -9999.0 -9999.0 -9999.0 -9999.0 -9999.0 -9999.0 -9999.0 -9999.0 -9999.0 -9999.0 -9999.0 -9999.0 -9999.0 -9999.0 -9999.0 -9999.0 -9999.0 -9999.0 -9999.0 -9999.0 -9999.0 -9999.0 -9999.0 -9999.0 -9999.0 -9999.0 -9999.0 -9999.0 0.153288 0.156314 0.157235 0.151339 0.145668 0.140288 0.131952 0.125236 0.119847 0.118830 0.119543 0.121391 0.129491 0.139092 0.147804 0.156567 0.167106 0.179270 0.181014 0.173795 0.168388 0.165818 0.165656
-9999.0 -9999.0 -9999.0 -9999.0 -9999.0 -9999.0 -9999.0 -9999.0 -9999.0 -9999.0 -9999.0 -9999.0 -9999.0 -9999.0 -9999.0 -9999.0 -9999.0 -9999.0 -9999.0 -9999.0 -9999.0 -9999.0 -9999.0 -9999.0 -9999.0 -9999.0 -9999.0 -9999.0 -9999.0 -9999.0 -9999.0 -9999.0 -9999.0 -9999.0 0.116907 0.122432 0.128709 0.135749 0.142808 0.145695 0.148448 0.151288 0.149175 0.146648 0.141261 0.133383 0.125801 0.120802 0.119790 0.118842 0.120133 0.124429 0.130307 0.136772 0.145944 0.157315 0.162047 0.168922 0.170562 0.167269 0.167542 0.168187 0.168906
-9999.0 -9999.0 -9999.0 -9999.0 -9999.0 -9999.0 -9999.0 -9999.0 -9999.0 -9999.0 -9999.0 -9999.0 -9999.0 -9999.0 -9999.0 -9999.0 -9999.0 -9999.0 -9999.0 -9999.0 -9999.0 -9999.0 -9999.0 -9999.0 -9999.0 -9999.0 -9999.0 -9999.0 0.118618 0.116756 0.115134 0.114602 0.114129 0.113667 0.115568 0.119244 0.125260 0.133122 0.138199 0.141128 0.143899 0.144122 0.141793 0.140590 0.140478 0.135347 0.130586 0.126417 0.122655 0.122188 0.125315 0.130146 0.136269 0.142411 0.149324 0.156240 0.164081 0.176884 0.182276 0.177924 0.173802 0.171169 0.171277
-9999.0 -9999.0 -9999.0 -9999.0 -9999.0 -9999.0 -9999.0 -9999.0 -9999.0 -9999.0 -9999.0 -9999.0 -9999.0 -9999.0 -9999.0 -9999.0 -9999.0 -9999.0 -9999.0 -9999.0 -9999.0 -9999.0 -9999.0 0.110627 0.112228 0.113921 0.115908 0.116056 0.114673 0.112973 0.111979 0.111436 0.110928 0.111950 0.114186 0.118100 0.123084 0.130650 0.133825 0.136478 0.141768 0.142427 0.144170 0.145809 0.144675 0.143283 0.137891 0.134129 0.136510 0.139032 0.141512 0.144513 0.150385 0.158288 0.168171 0.180883 0.195527 0.209572 0.222571 0.217378 0.210028 0.200849 0.200829
-9999.0 -9999.0 -9999.0 -9999.0 -9999.0 -9999.0 -9999.0 -9999.0 -9999.0 -9999.0 -9999.0 -9999.0 -9999.0 -9999.0 -9999.0 -9999.0 -9999.0 -9999.0 -9999.0 0.104858 0.104983 0.105115 0.106062 0.106235 0.106693 0.108283 0.110218 0.110607 0.110115 0.109546 0.109817 0.110365 0.111289 0.114315 0.118248 0.122603 0.127396 0.135264 0.141366 0.147713 0.155705 0.154438 0.151670 0.150150 0.150027 0.150121 0.153427 0.155351 0.157980 0.161188 0.165007 0.169736 0.175733 0.187603 0.201888 0.217400 0.233282 0.249140 0.265178 0.262549 0.252172 0.241503 0.241731
-9999.0 -9999.0 -9999.0 -9999.0 -9999.0 -9999.0 -9999.0 -9999.0 -9999.0 -9999.0 -9999.0 -9999.0 -9999.0 -9999.0 -9999.0 -9999.0 0.099280 0.099581 0.099902 0.100852 0.101226 0.101934 0.103257 0.103369 0.104111 0.105575 0.106621 0.108498 0.110302 0.112090 0.113551 0.114137 0.116234 0.118990 0.122649 0.128011 0.136483 0.146282 0.154070 0.162730 0.172204 0.171820 0.170596 0.170814 0.170988 0.176067 0.188114 0.192218 0.194954 0.209580 0.220719 0.224875 0.230342 0.244870 0.265162 0.289193 0.316315 0.333243 0.345392 0.348865 0.342571 0.340624 0.343590
-9999.0 -9999.0 -9999.0 -9999.0 -9999.0 -9999.0 -9999.0 -9999.0 -9999.0 -9999.0 -9999.0 -9999.0 -9999.0 0.092357 0.092918 0.094199 0.095324 0.095592 0.096128 0.096970 0.099032 0.099581 0.100670 0.102090 0.104328 0.106088 0.108136 0.110941 0.113049 0.114888 0.116795 0.118750 0.123078 0.128358 0.134365 0.142879 0.152955 0.164170 0.176691 0.185901 0.195509 0.198044 0.195934 0.196467 0.202360 0.216704 0.232434 0.244382 0.264767 0.286187 0.299444 0.310881 0.318387 0.327489 0.340878 0.357761 0.366172 0.368669 0.369319 0.369632 0.369648 0.369691 0.369733
-9999.0 -9999.0 -9999.0 -9999.0 -9999.0 -9999.0 -9999.0 -9999.0 -9999.0 -9999.0 0.087859 0.088154 0.087736 0.087840 0.088300 0.089650 0.091249 0.092147 0.093659 0.096798 0.099690 0.100235 0.103120 0.105113 0.106439 0.108865 0.112081 0.115551 0.120728 0.124776 0.129275 0.137537 0.144570 0.152165 0.161143 0.172111 0.185523 0.207371 0.228873 0.240870 0.262148 0.275593 0.272704 0.272691 0.279193 0.295745 0.317236 0.338047 0.351583 0.361456 0.365915 0.367613 0.368419 0.369021 0.369467 0.369829 0.369965 0.369993 0.369999 0.370000 0.370000 0.370000 0.370000
-9999.0 -9999.0 -9999.0 -9999.0 -9999.0 -9999.0 -9999.0 -9999.0 0.085401 0.086038 0.086676 0.086332 0.085815 0.085495 0.086740 0.088431 0.090297 0.092463 0.094731 0.097527 0.100275 0.103521 0.107660 0.110425 0.113422 0.117590 0.121685 0.127790 0.135860 0.142248 0.151457 0.162887 0.174279 0.185509 0.197840 0.211229 0.235107 0.265282 0.294303 0.316355 0.336795 0.350960 0.352197 0.354120 0.356640 0.364030 0.368024 0.369394 0.369801 0.369937 0.369985 0.369994 0.369997 0.369999 0.370000 0.370000 0.370000 0.370000 0.370000 0.370000 0.370000 0.370000 0.370000
-9999.0 -9999.0 -9999.0 -9999.0 -9999.0 -9999.0 0.083169 0.085305 0.086752 0.085926 0.085185 0.084865 0.084544 0.086191 0.088427 0.090383 0.092527 0.094987 0.097537 0.100215 0.107718 0.111455 0.115418 0.121480 0.125891 0.130691 0.137395 0.147896 0.159825 0.179939 0.201660 0.223380 0.245777 0.263222 0.279753 0.297596 0.324239 0.348426 0.362160 0.367324 0.369057 0.369691 0.369805 0.369852 0.369894 0.369950 0.369989 0.369999 0.370000 0.370000 0.370000 0.370000 0.370000 0.370000 0.370000 0.370000 0.370000 0.370000 0.370000 0.370000 0.370000 0.370000 0.370000
-9999.0 -9999.0 -9999.0 -9999.0 0.080680 0.082188 0.083876 0.086826 0.089354 0.088640 0.089516 0.089572 0.089408 0.089590 0.090171 0.092468 0.094939 0.097693 0.101088 0.109600 0.121011 0.126512 0.137031 0.151705 0.158682 0.166564 0.175358 0.190448 0.213157 0.243159 0.286209 0.321016 0.340400 0.352861 0.360458 0.365692 0.368633 0.369661 0.369919 0.369984 0.369998 0.370000 0.370000 0.370000 0.370000 0.370000 0.370000 0.370000 0.370000 0.370000 0.370000 0.370000 0.370000 0.370000 0.370000 0.370000 0.370000 0.370000 0.370000 0.370000 0.370000 0.370000 0.370000
-9999.0 -9999.0 -9999.0 0.077942 0.080189 0.082826 0.085240 0.088469 0.092427 0.093393 0.094538 0.095602 0.096758 0.098253 0.100117 0.103170 0.105883 0.108361 0.113453 0.124570 0.138475 0.155250 0.173770 0.195455 0.213723 0.226514 0.240166 0.262110 0.298086 0.331622 0.358269 0.367883 0.369478 0.369809 0.369913 0.369972 0.369993 0.369999 0.370000 0.370000 0.370000 0.370000 0.370000 0.370000 0.370000 0.370000 0.370000 0.370000 0.370000 0.370000 0.370000 0.370000 0.370000 0.370000 0.370000 0.370000 0.370000 0.370000 0.370000 0.370000 0.370000 0.370000 0.370000
-9999.0 -9999.0 0.075819 0.077460 0.079429 0.083161 0.088253 0.092386 0.098854 0.103870 0.105377 0.109891 0.114419 0.116849 0.122206 0.128162 0.132366 0.132891 0.137076 0.154574 0.188146 0.227548 0.261738 0.312838 0.336960 0.348603 0.354207 0.362040 0.367300 0.369449 0.369915 0.369993 0.370000 0.370000 0.370000 0.370000 0.370000 0.370000 0.370000 0.370000 0.370000 0.370000 0.370000 0.370000 0.370000 0.370000 0.370000 0.370000 0.370000 0.370000 0.370000 0.370000 0.370000 0.370000 0.370000 0.370000 0.370000 0.370000 0.370000 0.370000 0.370000 0.370000 0.370000
-9999.0 -9999.0 0.074898 0.076652 0.078905 0.084096 0.092358 0.098274 0.107030 0.118735 0.124878 0.133389 0.142330 0.152243 0.165143 0.180345 0.181453 0.182214 0.181166 0.221891 0.274906 0.333203 0.364574 0.369194 0.369805 0.369868 0.369901 0.369955 0.369988 0.370000 0.370000 0.370000 0.370000 0.370000 0.370000 0.370000 0.370000 0.370000 0.370000 0.370000 0.370000 0.370000 0.370000 0.370000 0.370000 0.370000 0.370000 0.370000 0.370000 0.370000 0.370000 0.370000 0.370000 0.370000 0.370000 0.370000 0.370000 0.370000 0.370000 0.370000 0.370000 0.370000 0.370000
-9999.0 0.072448 0.073806 0.075706 0.079232 0.084464 0.095055 0.111832 0.126338 0.142445 0.155962 0.168087 0.209535 0.253755 0.278975 0.305380 0.302674 0.299068 0.292967 0.327073 0.358286 0.369306 0.369996 0.370000 0.370000 0.370000 0.370000 0.370000 0.370000 0.370000 0.370000 0.370000 0.370000 0.370000 0.370000 0.370000 0.370000 0.370000 0.370000 0.370000 0.370000 0.370000 0.370000 0.370000 0.370000 0.370000 0.370000 0.370000 0.370000 0.370000 0.370000 0.370000 0.370000 0.370000 0.370000 0.370000 0.370000 0.370000 0.370000 0.370000 0.370000 0.370000 0.370000
-9999.0 0.071741 0.073128 0.075492 0.078976 0.085122 0.101474 0.138593 0.159660 0.178987 0.200945 0.247250 0.325906 0.360225 0.366882 0.369044 0.369008 0.368615 0.368672 0.369588 0.369955 0.370000 0.370000 0.370000 0.370000 0.370000 0.370000 0.370000 0.370000 0.370000 0.370000 0.370000 0.370000 0.370000 0.370000 0.370000 0.370000 0.370000 0.370000 0.370000 0.370000 0.370000 0.370000 0.370000 0.370000 0.370000 0.370000 0.370000 0.370000 0.370000 0.370000 0.370000 0.370000 0.370000 0.370000 0.370000 0.370000 0.370000 0.370000 0.370000 0.370000 0.370000 0.370000
-9999.0 0.071351 0.072788 0.074747 0.078143 0.088695 0.109790 0.157721 0.215109 0.246203 0.299596 0.358796 0.369230 0.369956 0.369996 0.369999 0.370000 0.370000 0.370000 0.370000 0.370000 0.370000 0.370000 0.370000 0.370000 0.370000 0.370000 0.370000 0.370000 0.370000 0.370000 0.370000 0.370000 0.370000 0.370000 0.370000 0.370000 0.370000 0.370000 0.370000 0.370000 0.370000 0.370000 0.370000 0.370000 0.370000 0.370000 0.370000 0.370000 0.370000 0.370000 0.370000 0.370000 0.370000 0.370000 0.370000 0.370000 0.370000 0.370000 0.370000 0.370000 0.370000 0.370000
-9999.0 0.070166 0.071370 0.072724 0.078037 0.092383 0.118130 0.194639 0.300623 0.342177 0.368002 0.369925 0.370000 0.370000 0.370000 0.370000 0.370000 0.370000 0.370000 0.370000 0.370000 0.370000 0.370000 0.370000 0.370000 0.370000 0.370000 0.370000 0.370000 0.370000 0.370000 0.370000 0.370000 0.370000 0.370000 0.370000 0.370000 0.370000 0.370000 0.370000 0.370000 0.370000 0.370000 0.370000 0.370000 0.370000 0.370000 0.370000 0.370000 0.370000 0.370000 0.370000 0.370000 0.370000 0.370000 0.370000 0.370000 0.370000 0.370000 0.370000 0.370000 0.370000 0.370000
-9999.0 0.069350 0.070158 0.071924 0.076938 0.089695 0.121790 0.218161 0.355867 0.369254 0.369979 0.369999 0.370000 0.370000 0.370000 0.370000 0.370000 0.370000 0.370000 0.370000 0.370000 0.370000 0.370000 0.370000 0.370000 0.370000 0.370000 0.370000 0.370000 0.370000 0.370000 0.370000 0.370000 0.370000 0.370000 0.370000 0.370000 0.370000 0.370000 0.370000 0.370000 0.370000 0.370000 0.370000 0.370000 0.370000 0.370000 0.370000 0.370000 0.370000 0.370000 0.370000 0.370000 0.370000 0.370000 0.370000 0.370000 0.370000 0.370000 0.370000 0.370000 0.369999 0.369998
-9999.0 0.068770 0.069631 0.070965 0.074230 0.081146 0.097136 0.149532 0.272567 0.368548 0.369999 0.370000 0.370000 0.370000 0.370000 0.370000 0.370000 0.370000 0.370000 0.370000 0.370000 0.370000 0.370000 0.370000 0.370000 0.370000 0.370000 0.370000 0.370000 0.370000 0.370000 0.370000 0.370000 0.370000 0.370000 0.370000 0.370000 0.370000 0.370000 0.370000 0.370000 0.370000 0.370000 0.370000 0.370000 0.370000 0.370000 0.370000 0.370000 0.370000 0.370000 0.370000 0.370000 0.370000 0.370000 0.370000 0.370000 0.369999 0.369995 0.369966 0.369803 0.369407 0.369062
-9999.0 -9999.0 0.069070 0.070129 0.072032 0.075967 0.084364 0.109356 0.175248 0.333359 0.368157 0.369872 0.369986 0.369999 0.370000 0.370000 0.370000 0.370000 0.370000 0.370000 0.370000 0.370000 0.370000 0.370000 0.370000 0.370000 0.370000 0.370000 0.370000 0.370000 0.370000 0.370000 0.370000 0.370000 0.370000 0.370000 0.370000 0.370000 0.370000 0.370000 0.370000 0.370000 0.370000 0.370000 0.370000 0.370000 0.370000 0.370000 0.370000 0.369999 0.369998 0.369997 0.369995 0.369991 0.369983 0.369967 0.369909 0.369767 0.369351 0.367269 0.358942 0.339389 0.315906
-9999.0 -9999.0 0.068572 0.069319 0.070702 0.073282 0.077457 0.086180 0.114647 0.167202 0.246111 0.322564 0.359856 0.367876 0.369376 0.369872 0.369949 0.369968 0.369974 0.369988 0.369997 0.369999 0.370000 0.370000 0.370000 0.370000 0.370000 0.370000 0.370000 0.370000 0.370000 0.369997 0.369994 0.369991 0.369993 0.369995 0.369994 0.369988 0.369976 0.369949 0.369913 0.369863 0.369843 0.369833 0.369829 0.369811 0.369785 0.369692 0.369514 0.369310 0.369073 0.368810 0.368604 0.368111 0.367234 0.366162 0.362499 0.354350 0.340178 0.315416 0.280621 0.251195 0.224035
-9999.0 -9999.0 -9999.0 0.068779 0.069544 0.070633 0.072419 0.074812 0.080236 0.091445 0.110085 0.142504 0.178890 0.219313 0.264586 0.309281 0.333062 0.342492 0.348562 0.363285 0.367040 0.369007 0.369622 0.369765 0.369855 0.369914 0.369925 0.369893 0.369849 0.369741 0.369434 0.368731 0.367985 0.367942 0.367918 0.368042 0.367631 0.367077 0.365562 0.362965 0.359202 0.355542 0.353625 0.351721 0.350385 0.348586 0.346523 0.342478 0.336788 0.330513 0.324947 0.322065 0.319058 0.314558 0.308310 0.301567 0.290836 0.267641 0.244654 0.221137 0.196344 0.174680 0.156850
-9999.0 -9999.0 -9999.0 -9999.0 -9999.0 0.069101 0.070019 0.071296 0.073024 0.075465 0.079758 0.088040 0.094597 0.103380 0.116513 0.131267 0.146651 0.165857 0.194712 0.228422 0.267163 0.298071 0.325628 0.343556 0.350911 0.356477 0.358269 0.355027 0.350772 0.343019 0.327665 0.310203 0.304804 0.304453 0.304498 0.303109 0.298609 0.293684 0.286783 0.274594 0.263482 0.258055 0.254224 0.250548 0.246854 0.243624 0.240489 0.237198 0.229710 0.223577 0.223535 0.221317 0.219114 0.216899 0.211730 0.206164 0.199607 0.182144 0.168210 0.159202 0.143334 0.131297 0.123934
-9999.0 -9999.0 -9999.0 -9999.0 -9999.0 -9999.0 0.068789 0.069458 0.070264 0.071415 0.073256 0.075663 0.077080 0.079738 0.083449 0.088607 0.095932 0.103334 0.113023 0.125926 0.143127 0.161091 0.183487 0.208931 0.220692 0.230586 0.239926 0.232340 0.224416 0.216373 0.199491 0.195409 0.190982 0.190903 0.190635 0.190413 0.186783 0.182899 0.179226 0.172211 0.168819 0.165326 0.162918 0.160665 0.158417 0.156556 0.155182 0.153859 0.150715 0.151133 0.151341 0.150420 0.149308 0.148158 0.145261 0.141440 0.137856 0.131090 0.125815 0.120970 0.113383 0.108415 0.103940
