tests/Borden05m/data_simulated/sim_1/output-maps/thetaliqL0003N0013.asc
ncols         160
nrows         34
xllcorner     620200.000000
yllcorner     5168000.000000
cellsize      0.500000
NODATA_value  -9999.0
[rows 0 to 27 of 34, columns 0 to 62 of 160]
-9999.0 -9999.0 -9999.0 -9999.0 -9999.0 -9999.0 -9999.0 -9999.0 -9999.0 -9999.0 -9999.0 -9999.0 -9999.0 -9999.0 -9999.0 -9999.0 -9999.0 -9999.0 -9999.0 -9999.0 -9999.0 -9999.0 -9999.0 -9999.0 -9999.0 -9999.0 -9999.0 -9999.0 -9999.0 -9999.0 -9999.0 -9999.0 -9999.0 -9999.0 -9999.0 -9999.0 -9999.0 -9999.0 -9999.0 -9999.0 -9999.0 -9999.0 -9999.0 -9999.0 -9999.0 -9999.0 -9999.0 -9999.0 -9999.0 -9999.0 -9999.0 -9999.0 -9999.0 -9999.0 -9999.0 -9999.0 -9999.0 -9999.0 -9999.0 -9999.0 -9999.0 -9999.0 -9999.0
-9999.0 -9999.0 -9999.0 -9999.0 -9999.0 -9999.0 -9999.0 -9999.0 -9999.0 -9999.0 -9999.0 -9999.0 -9999.0 -9999.0 -9999.0 -9999.0 -9999.0 -9999.0 -9999.0 -9999.0 -9999.0 -9999.0 -9999.0 -9999.0 -9999.0 -9999.0 -9999.0 -9999.0 -9999.0 -9999.0 -9999.0 -9999.0 -9999.0 -9999.0 -9999.0 -9999.0 -9999.0 -9999.0 -9999.0 -9999.0 -9999.0 -9999.0 -9999.0 -9999.0 -9999.0 -9999.0 -9999.0 -9999.0 -9999.0 -9999.0 -9999.0 -9999.0 -9999.0 -9999.0 -9999.0 -9999.0 -9999.0 -9999.0 -9999.0 0.214558 0.213456 0.212692 0.212262
-9999.0 -9999.0 -9999.0 -9999.0 -9999.0 -9999.0 -9999.0 -9999.0 -9999.0 -9999.0 -9999.0 -9999.0 -9999.0 -9999.0 -9999.0 -9999.0 -9999.0 -9999.0 -9999.0 -9999.0 -9999.0 -9999.0 -9999.0 -9999.0 -9999.0 -9999.0 -9999.0 -9999.0 -9999.0 -9999.0 -9999.0 -9999.0 -9999.0 -9999.0 -9999.0 -9999.0 -9999.0 -9999.0 -9999.0 -9999.0 -9999.0 -9999.0 -9999.0 -9999.0 -9999.0 -9999.0 -9999.0 0.205899 0.202730 0.198961 0.197912 0.202115 0.204034 0.205828 0.207035 0.208160 0.209892 0.213036 0.212839 0.208368 0.207923 0.207824 0.208027
-9999.0 -9999.0 -9999.0 -9999.0 -9999.0 -9999.0 -9999.0 -9999.0 -9999.0 -9999.0 -9999.0 -9999.0 -9999.0 -9999.0 -9999.0 -9999.0 -9999.0 -9999.0 -9999.0 -9999.0 -9999.0 -9999.0 -9999.0 -9999.0 -9999.0 -9999.0 -9999.0 -9999.0 -9999.0 -9999.0 -9999.0 -9999.0 -9999.0 -9999.0 -9999.0 -9999.0 -9999.0 -9999.0 -9999.0 -9999.0 0.205667 0.207141 0.208337 0.206215 0.205306 0.205435 0.203187 0.200620 0.198004 0.198785 0.198830 0.196991 0.199868 0.202226 0.203065 0.203762 0.205809 0.209373 0.209145 0.205780 0.203769 0.203144 0.203581
-9999.0 -9999.0 -9999.0 -9999.0 -9999.0 -9999.0 -9999.0 -9999.0 -9999.0 -9999.0 -9999.0 -9999.0 -9999.0 -9999.0 -9999.0 -9999.0 -9999.0 -9999.0 -9999.0 -9999.0 -9999.0 -9999.0 -9999.0 -9999.0 -9999.0 -9999.0 -9999.0 -9999.0 -9999.0 -9999.0 -9999.0 -9999.0 -9999.0 -9999.0 0.198941 0.201644 0.202859 0.204020 0.205760 0.205170 0.204664 0.205942 0.204790 0.204723 0.203283 0.200595 0.197928 0.196450 0.198036 0.197520 0.197521 0.198871 0.199727 0.200045 0.201968 0.205074 0.203532 0.204283 0.203841 0.202447 0.203784 0.204871 0.205565
-9999.0 -9999.0 -9999.0 -9999.0 -9999.0 -9999.0 -9999.0 -9999.0 -9999.0 -9999.0 -9999.0 -9999.0 -9999.0 -9999.0 -9999.0 -9999.0 -9999.0 -9999.0 -9999.0 -9999.0 -9999.0 -9999.0 -9999.0 -9999.0 -9999.0 -9999.0 -9999.0 -9999.0 0.203044 0.201971 0.201155 0.201207 0.200823 0.199353 0.198958 0.199217 0.200657 0.203004 0.203393 0.203091 0.203267 0.202697 0.201102 0.200950 0.202704 0.201073 0.200288 0.199214 0.196538 0.195873 0.197398 0.198867 0.200133 0.200430 0.200599 0.200539 0.200764 0.204693 0.205667 0.203501 0.202334 0.201818 0.202156
-9999.0 -9999.0 -9999.0 -9999.0 -9999.0 -9999.0 -9999.0 -9999.0 -9999.0 -9999.0 -9999.0 -9999.0 -9999.0 -9999.0 -9999.0 -9999.0 -9999.0 -9999.0 -9999.0 -9999.0 -9999.0 -9999.0 -9999.0 0.201191 0.202171 0.202542 0.203410 0.202959 0.200874 0.199542 0.198970 0.198497 0.197384 0.197247 0.197206 0.197898 0.198409 0.200856 0.199616 0.198803 0.200910 0.200401 0.201805 0.203404 0.203035 0.203359 0.200383 0.198168 0.200455 0.201375 0.201255 0.200720 0.201452 0.202437 0.203672 0.205828 0.208579 0.210907 0.214674 0.212117 0.210291 0.207113 0.207450
-9999.0 -9999.0 -9999.0 -9999.0 -9999.0 -9999.0 -9999.0 -9999.0 -9999.0 -9999.0 -9999.0 -9999.0 -9999.0 -9999.0 -9999.0 -9999.0 -9999.0 -9999.0 -9999.0 0.201274 0.200966 0.200360 0.200593 0.198607 0.197765 0.198323 0.199381 0.198753 0.197604 0.196624 0.196738 0.196865 0.196617 0.198097 0.199295 0.199678 0.199327 0.201242 0.201793 0.202872 0.205772 0.203849 0.201969 0.200987 0.200898 0.200335 0.202037 0.202533 0.202678 0.202453 0.202447 0.202842 0.203060 0.205371 0.207506 0.209274 0.210950 0.213283 0.217649 0.215782 0.212370 0.208750 0.208788
-9999.0 -9999.0 -9999.0 -9999.0 -9999.0 -9999.0 -9999.0 -9999.0 -9999.0 -9999.0 -9999.0 -9999.0 -9999.0 -9999.0 -9999.0 -9999.0 0.201022 0.200849 0.200097 0.198883 0.197837 0.197809 0.198615 0.197141 0.196646 0.196968 0.196315 0.197041 0.197823 0.198758 0.199171 0.198104 0.198274 0.198104 0.197957 0.198411 0.200557 0.202553 0.202947 0.204381 0.207011 0.205453 0.204783 0.204848 0.203859 0.204623 0.208562 0.207858 0.206029 0.210130 0.212290 0.211405 0.210925 0.213567 0.217586 0.222747 0.231307 0.237142 0.244043 0.247060 0.240749 0.239740 0.241993
-9999.0 -9999.0 -9999.0 -9999.0 -9999.0 -9999.0 -9999.0 -9999.0 -9999.0 -9999.0 -9999.0 -9999.0 -9999.0 0.200646 0.200491 0.200702 0.198822 0.197348 0.196455 0.195219 0.196795 0.195650 0.195285 0.195546 0.196955 0.196977 0.197123 0.198003 0.197683 0.197231 0.196786 0.195871 0.197022 0.198174 0.198955 0.200641 0.201932 0.202919 0.204814 0.205125 0.206407 0.205826 0.204210 0.203848 0.205056 0.208695 0.211478 0.212343 0.217407 0.222814 0.225356 0.228674 0.230205 0.232361 0.237889 0.254445 0.276411 0.299824 0.315300 0.327387 0.329122 0.331311 0.333188
-9999.0 -9999.0 -9999.0 -9999.0 -9999.0 -9999.0 -9999.0 -9999.0 -9999.0 -9999.0 0.197702 0.198676 0.197221 0.194534 0.193375 0.193981 0.194620 0.193606 0.193635 0.196430 0.197969 0.195323 0.197114 0.197129 0.195993 0.196256 0.196971 0.197065 0.198765 0.198790 0.198755 0.201552 0.202252 0.203004 0.204055 0.205195 0.206151 0.210473 0.214215 0.214000 0.219297 0.222630 0.219750 0.218710 0.219491 0.223379 0.229800 0.239240 0.249206 0.263947 0.278209 0.288940 0.297774 0.308863 0.322528 0.337142 0.346564 0.353235 0.358459 0.361070 0.362050 0.362530 0.363109
-9999.0 -9999.0 -9999.0 -9999.0 -9999.0 -9999.0 -9999.0 -9999.0 0.193784 0.195320 0.196287 0.195067 0.193432 0.190485 0.191600 0.192686 0.193418 0.194521 0.195033 0.195454 0.194756 0.195673 0.197432 0.196920 0.197081 0.198221 0.198219 0.199224 0.200804 0.199956 0.200755 0.202204 0.203470 0.204605 0.205989 0.206780 0.211210 0.217253 0.223885 0.229634 0.237984 0.248734 0.248628 0.250697 0.253085 0.268256 0.291453 0.319906 0.336556 0.344152 0.350503 0.353708 0.355858 0.358424 0.361215 0.363245 0.365348 0.367315 0.368624 0.369205 0.369444 0.369526 0.369655
-9999.0 -9999.0 -9999.0 -9999.0 -9999.0 -9999.0 0.191472 0.194874 0.196528 0.192680 0.189733 0.188750 0.187012 0.190820 0.194178 0.194811 0.195293 0.195871 0.195507 0.193248 0.198348 0.196911 0.195836 0.197354 0.197195 0.197296 0.198250 0.200471 0.201405 0.205866 0.209110 0.211935 0.215832 0.218248 0.220836 0.223867 0.232219 0.245468 0.263861 0.284631 0.308903 0.330072 0.336505 0.339131 0.341287 0.345041 0.351608 0.357769 0.362859 0.365945 0.367454 0.367993 0.368425 0.368844 0.369249 0.369563 0.369718 0.369873 0.369952 0.369985 0.369996 0.369999 0.370000
-9999.0 -9999.0 -9999.0 -9999.0 0.193337 0.194086 0.193444 0.196413 0.198485 0.193804 0.195452 0.194619 0.193075 0.191225 0.189029 0.190606 0.191522 0.192132 0.191806 0.196750 0.201052 0.198172 0.200252 0.204444 0.203437 0.203857 0.204039 0.205936 0.209419 0.213929 0.224485 0.234483 0.241710 0.250926 0.260730 0.274729 0.299937 0.329409 0.341989 0.350153 0.356619 0.360902 0.363155 0.364076 0.365075 0.366125 0.367301 0.368511 0.369325 0.369779 0.369909 0.369957 0.369970 0.369985 0.369995 0.370000 0.370000 0.370000 0.370000 0.370000 0.370000 0.370000 0.370000
-9999.0 -9999.0 -9999.0 0.191259 0.194588 0.195823 0.194195 0.194781 0.197338 0.194790 0.194310 0.193855 0.193570 0.193591 0.193362 0.194287 0.194459 0.193749 0.194408 0.197373 0.198683 0.201052 0.202907 0.205793 0.208299 0.209243 0.210651 0.214333 0.223764 0.235057 0.257459 0.291892 0.322944 0.336780 0.342157 0.347883 0.353215 0.359562 0.363757 0.366434 0.368176 0.369086 0.369574 0.369682 0.369734 0.369808 0.369894 0.369961 0.369990 0.370000 0.370000 0.370000 0.370000 0.370000 0.370000 0.370000 0.370000 0.370000 0.370000 0.370000 0.370000 0.370000 0.370000
-9999.0 -9999.0 0.191840 0.193739 0.192416 0.194778 0.197433 0.195526 0.198706 0.199714 0.196443 0.198244 0.199158 0.197111 0.198354 0.199779 0.200508 0.198054 0.196292 0.199747 0.207416 0.213789 0.217079 0.233481 0.243724 0.250608 0.254008 0.265208 0.285578 0.323383 0.342246 0.353623 0.360824 0.364643 0.365823 0.366945 0.368183 0.369010 0.369571 0.369828 0.369948 0.369989 0.370000 0.370000 0.370000 0.370000 0.370000 0.370000 0.370000 0.370000 0.370000 0.370000 0.370000 0.370000 0.370000 0.370000 0.370000 0.370000 0.370000 0.370000 0.370000 0.370000 0.370000
-9999.0 -9999.0 0.189651 0.192781 0.190577 0.195457 0.200116 0.195572 0.196917 0.201696 0.200344 0.200864 0.200140 0.200301 0.202374 0.206619 0.204426 0.203591 0.198787 0.210129 0.220636 0.239605 0.278980 0.320466 0.338503 0.340999 0.342135 0.345949 0.351679 0.360362 0.366160 0.368839 0.369662 0.369875 0.369928 0.369962 0.369989 0.370000 0.370000 0.370000 0.370000 0.370000 0.370000 0.370000 0.370000 0.370000 0.370000 0.370000 0.370000 0.370000 0.370000 0.370000 0.370000 0.370000 0.370000 0.370000 0.370000 0.370000 0.370000 0.370000 0.370000 0.370000 0.370000
-9999.0 0.188889 0.190451 0.190545 0.193699 0.192639 0.196414 0.201951 0.201703 0.203716 0.203714 0.200404 0.211425 0.221452 0.224855 0.233872 0.229955 0.227165 0.221123 0.233834 0.259241 0.324476 0.356858 0.365050 0.367454 0.367730 0.367562 0.368242 0.369087 0.369709 0.369974 0.370000 0.370000 0.370000 0.370000 0.370000 0.370000 0.370000 0.370000 0.370000 0.370000 0.370000 0.370000 0.370000 0.370000 0.370000 0.370000 0.370000 0.370000 0.370000 0.370000 0.370000 0.370000 0.370000 0.370000 0.370000 0.370000 0.370000 0.370000 0.370000 0.370000 0.370000 0.370000
-9999.0 0.184170 0.190245 0.193853 0.192423 0.189765 0.198397 0.212062 0.207183 0.205658 0.205035 0.213546 0.241882 0.271679 0.295346 0.321613 0.320205 0.310520 0.311762 0.333784 0.349994 0.363475 0.369535 0.369984 0.369999 0.370000 0.370000 0.370000 0.370000 0.370000 0.370000 0.370000 0.370000 0.370000 0.370000 0.370000 0.370000 0.370000 0.370000 0.370000 0.370000 0.370000 0.370000 0.370000 0.370000 0.370000 0.370000 0.370000 0.370000 0.370000 0.370000 0.370000 0.370000 0.370000 0.370000 0.370000 0.370000 0.370000 0.369999 0.369998 0.369994 0.369991 0.369991
-9999.0 0.188985 0.196011 0.194175 0.188320 0.196549 0.200038 0.209515 0.217026 0.214826 0.226632 0.270486 0.328954 0.348925 0.357630 0.361709 0.363757 0.363799 0.366009 0.368983 0.369973 0.370000 0.370000 0.370000 0.370000 0.370000 0.370000 0.370000 0.370000 0.370000 0.370000 0.370000 0.370000 0.370000 0.370000 0.370000 0.370000 0.370000 0.370000 0.370000 0.370000 0.370000 0.370000 0.370000 0.370000 0.370000 0.370000 0.370000 0.370000 0.370000 0.370000 0.369999 0.369999 0.369999 0.369999 0.369998 0.369994 0.369985 0.369968 0.369938 0.369891 0.369827 0.369826
-9999.0 0.180824 0.190672 0.182365 0.193699 0.203858 0.202342 0.218293 0.239011 0.247319 0.310702 0.345197 0.361427 0.366626 0.368552 0.369525 0.369816 0.369947 0.369996 0.370000 0.370000 0.370000 0.370000 0.370000 0.370000 0.370000 0.370000 0.370000 0.370000 0.370000 0.370000 0.370000 0.370000 0.370000 0.370000 0.370000 0.370000 0.370000 0.370000 0.370000 0.370000 0.370000 0.370000 0.370000 0.370000 0.370000 0.369999 0.369998 0.369995 0.369990 0.369983 0.369975 0.369970 0.369962 0.369960 0.369942 0.369836 0.369690 0.369492 0.369200 0.368768 0.367956 0.367837
-9999.0 0.175049 0.181828 0.186822 0.196848 0.204182 0.211650 0.229772 0.275386 0.326670 0.351071 0.359018 0.366021 0.369033 0.369854 0.369963 0.369985 0.369992 0.369997 0.370000 0.370000 0.370000 0.370000 0.370000 0.370000 0.370000 0.370000 0.370000 0.369999 0.369999 0.369999 0.369999 0.369999 0.369999 0.369999 0.369999 0.369999 0.369998 0.369995 0.369992 0.369988 0.369982 0.369976 0.369973 0.369968 0.369966 0.369947 0.369912 0.369862 0.369809 0.369740 0.369675 0.369652 0.369602 0.369526 0.369361 0.368712 0.367672 0.366424 0.364658 0.360922 0.358686 0.356977
-9999.0 0.162393 0.184204 0.186805 0.192671 0.194401 0.195954 0.208652 0.231088 0.320793 0.362593 0.364499 0.366238 0.368280 0.369649 0.369950 0.369964 0.369883 0.369770 0.369736 0.369833 0.369905 0.369954 0.369985 0.369994 0.369995 0.369992 0.369983 0.369965 0.369950 0.369942 0.369922 0.369903 0.369901 0.369891 0.369906 0.369912 0.369865 0.369782 0.369647 0.369484 0.369330 0.369270 0.369281 0.369264 0.369195 0.369008 0.368706 0.368250 0.367742 0.367272 0.366907 0.366521 0.365945 0.365224 0.364361 0.361695 0.358702 0.354569 0.347456 0.336652 0.322675 0.313912
-9999.0 -9999.0 0.174080 0.186903 0.188425 0.190273 0.191858 0.201432 0.212528 0.257003 0.320744 0.343829 0.353205 0.360450 0.366226 0.368465 0.368667 0.368870 0.367979 0.368027 0.368296 0.368562 0.368938 0.369270 0.369492 0.369588 0.369616 0.369573 0.369427 0.369141 0.368697 0.368251 0.367905 0.367627 0.367947 0.368361 0.368288 0.367993 0.367438 0.366565 0.365696 0.364676 0.364413 0.364543 0.364551 0.364269 0.363719 0.362262 0.360460 0.358323 0.357142 0.355940 0.354731 0.352529 0.350158 0.347473 0.342154 0.335232 0.318949 0.285159 0.257616 0.239070 0.229894
-9999.0 -9999.0 0.160281 0.180155 0.188856 0.195017 0.193906 0.194619 0.208740 0.216123 0.228980 0.251917 0.278831 0.315229 0.334766 0.346381 0.350482 0.352146 0.352008 0.353617 0.357010 0.360075 0.361953 0.363428 0.364593 0.365394 0.366009 0.365218 0.364293 0.362650 0.360016 0.356309 0.353948 0.352602 0.353436 0.354898 0.353957 0.351998 0.349168 0.345756 0.343173 0.340575 0.339908 0.339686 0.339664 0.339015 0.337888 0.333993 0.326830 0.319534 0.312880 0.306754 0.302844 0.295259 0.286167 0.279568 0.266138 0.252674 0.241881 0.231809 0.222039 0.217150 0.212977
-9999.0 -9999.0 -9999.0 0.162413 0.174883 0.184347 0.188116 0.182790 0.186301 0.193476 0.198955 0.207695 0.213356 0.219943 0.230955 0.246694 0.256086 0.259162 0.259511 0.279660 0.294127 0.319091 0.333891 0.337831 0.340897 0.343777 0.344576 0.342497 0.340466 0.336377 0.325840 0.307130 0.294603 0.294154 0.294349 0.296829 0.292443 0.287853 0.278806 0.269898 0.261865 0.255953 0.253711 0.251686 0.250642 0.249001 0.247324 0.243881 0.240124 0.236874 0.234183 0.233435 0.232657 0.231269 0.229508 0.228280 0.226470 0.220645 0.216549 0.212832 0.209117 0.205925 0.203038
-9999.0 -9999.0 -9999.0 -9999.0 -9999.0 0.154323 0.178929 0.183931 0.184112 0.182159 0.184511 0.193915 0.192626 0.194104 0.198276 0.200683 0.201858 0.204859 0.211021 0.216779 0.224514 0.231089 0.240644 0.250030 0.255549 0.262182 0.264596 0.259411 0.254612 0.247669 0.237953 0.229680 0.228844 0.229435 0.229765 0.229499 0.228118 0.227102 0.225691 0.222348 0.219415 0.218786 0.218330 0.217735 0.217058 0.216561 0.216138 0.215959 0.214107 0.212424 0.213350 0.213030 0.212831 0.212954 0.212149 0.211748 0.212011 0.207750 0.205352 0.206171 0.202406 0.199954 0.200592
-9999.0 -9999.0 -9999.0 -9999.0 -9999.0 -9999.0 0.151563 0.167056 0.179400 0.182837 0.188093 0.192108 0.186647 0.188592 0.190703 0.193014 0.196630 0.196761 0.198233 0.200480 0.203685 0.205503 0.209274 0.214475 0.214766 0.216169 0.218986 0.215957 0.214319 0.213400 0.207840 0.208570 0.207768 0.208374 0.208596 0.209181 0.208470 0.207812 0.207473 0.205090 0.204987 0.204376 0.204151 0.203914 0.203663 0.203548 0.203591 0.203697 0.202262 0.203153 0.203534 0.203159 0.202995 0.203290 0.202942 0.202279 0.202502 0.200756 0.200506 0.200532 0.197572 0.197616 0.197453
