tests/Borden05m/data_simulated/sim_1/output-maps/thetaliqL0004N0017.asc
ncols         160
nrows         34
xllcorner     620200.000000
yllcorner     5168000.000000
cellsize      0.500000
NODATA_value  -9999.0
[rows 0 to 27 of 34, columns 63 to 125 of 160]
-9999.0 -9999.0 -9999.0 -9999.0 -9999.0 -9999.0 -9999.0 -9999.0 -9999.0 -9999.0 -9999.0 -9999.0 -9999.0 -9999.0 -9999.0 -9999.0 -9999.0 -9999.0 -9999.0 -9999.0 -9999.0 -9999.0 -9999.0 -9999.0 -9999.0 -9999.0 -9999.0 -9999.0 -9999.0 -9999.0 -9999.0 -9999.0 -9999.0 -9999.0 -9999.0 -9999.0 -9999.0 -9999.0 -9999.0 -9999.0 -9999.0 -9999.0 -9999.0 -9999.0 -9999.0 -9999.0 -9999.0 -9999.0 -9999.0 -9999.0 -9999.0 -9999.0 -9999.0 -9999.0 -9999.0 -9999.0 -9999.0 -9999.0 -9999.0 -9999.0 -9999.0 -9999.0 -9999.0
0.189384 0.187320 0.185058 0.184543 0.184679 0.184306 0.183579 0.184795 0.186454 0.187939 0.189813 0.189689 0.190012 0.190704 0.190881 0.190539 0.189661 0.189013 0.188288 0.188875 0.186384 0.183115 0.180623 0.180069 0.182009 0.183270 0.183232 0.184533 0.187252 0.189707 0.190893 0.193831 0.193963 0.195209 0.196824 0.195445 0.194929 0.194823 0.194871 0.191198 -9999.0 -9999.0 -9999.0 -9999.0 -9999.0 -9999.0 -9999.0 -9999.0 -9999.0 -9999.0 -9999.0 -9999.0 -9999.0 -9999.0 -9999.0 -9999.0 -9999.0 -9999.0 -9999.0 -9999.0 -9999.0 -9999.0 -9999.0
0.184251 0.181670 0.180830 0.178990 0.178237 0.178047 0.177429 0.178132 0.181202 0.183449 0.184244 0.184011 0.183974 0.183431 0.183007 0.183096 0.182285 0.181493 0.180672 0.180741 0.182293 0.179967 0.178714 0.177601 0.176555 0.177061 0.177501 0.177797 0.180733 0.182171 0.183359 0.187506 0.191348 0.192530 0.191182 0.189527 0.189598 0.189045 0.187180 0.185330 0.184665 0.183691 0.183152 0.181753 0.183824 0.184218 0.186776 0.189055 0.191779 0.195456 -9999.0 -9999.0 -9999.0 -9999.0 -9999.0 -9999.0 -9999.0 -9999.0 -9999.0 -9999.0 -9999.0 -9999.0 -9999.0
0.180493 0.179569 0.177805 0.175332 0.178249 0.177961 0.177778 0.178401 0.179420 0.179860 0.180403 0.181308 0.184100 0.184093 0.183917 0.184028 0.183509 0.182584 0.182526 0.181954 0.179763 0.179997 0.180474 0.180074 0.182239 0.182443 0.183561 0.179873 0.180612 0.181803 0.182823 0.183721 0.184729 0.185772 0.184153 0.185073 0.183379 0.179958 0.178628 0.178341 0.180272 0.181158 0.179484 0.174377 0.177132 0.182994 0.182914 0.182369 0.185551 0.188762 0.192802 0.192512 0.192210 0.192556 0.192993 0.189226 0.186484 0.184306 0.179243 -9999.0 -9999.0 -9999.0 -9999.0
0.180495 0.178692 0.176671 0.181421 0.183647 0.182844 0.183465 0.184818 0.184737 0.178957 0.177474 0.179938 0.182659 0.183907 0.183000 0.182541 0.181588 0.181512 0.181991 0.181288 0.182124 0.182958 0.182177 0.183800 0.185657 0.187219 0.183478 0.179993 0.180196 0.183070 0.185349 0.186791 0.190113 0.194885 0.194170 0.192854 0.191736 0.190223 0.184152 0.178860 0.176668 0.175624 0.174076 0.175005 0.174061 0.178621 0.178434 0.177917 0.180332 0.182459 0.185005 0.186720 0.186470 0.186926 0.187402 0.186000 0.183091 0.181209 0.179682 0.176684 0.171919 0.164280 0.164711
0.176702 0.176975 0.181343 0.184231 0.188625 0.187592 0.187853 0.187672 0.183529 0.180169 0.178107 0.184328 0.189629 0.191627 0.190600 0.189740 0.194050 0.192772 0.192016 0.189346 0.190317 0.190283 0.195153 0.197340 0.199977 0.199005 0.194096 0.189909 0.189551 0.190059 0.189859 0.191320 0.194777 0.198893 0.196262 0.194552 0.193715 0.184562 0.177244 0.174358 0.178123 0.180294 0.179669 0.179868 0.179845 0.176790 0.177427 0.177694 0.176441 0.180226 0.184044 0.184608 0.181616 0.180539 0.181624 0.180836 0.180409 0.178407 0.176254 0.174460 0.167115 0.168844 0.165238
0.187191 0.189142 0.192110 0.197317 0.206442 0.205540 0.206384 0.209025 0.204145 0.199365 0.192974 0.200276 0.202691 0.205635 0.205850 0.211695 0.216967 0.213847 0.209307 0.204188 0.207374 0.214524 0.221619 0.223835 0.225004 0.226056 0.221088 0.219174 0.217850 0.218046 0.215151 0.215620 0.221029 0.229725 0.230482 0.225522 0.216293 0.202878 0.191009 0.184588 0.190124 0.188168 0.187044 0.187586 0.183347 0.180704 0.183474 0.180428 0.178152 0.183001 0.183840 0.183387 0.179647 0.184076 0.182883 0.178459 0.175298 0.173371 0.171832 0.169576 0.170758 0.169445 0.166347
0.195160 0.197403 0.204519 0.214984 0.228002 0.236082 0.242412 0.248897 0.243943 0.237931 0.231312 0.232860 0.240971 0.249408 0.258789 0.269368 0.280182 0.276939 0.270638 0.269623 0.272652 0.285221 0.296448 0.300966 0.303616 0.307825 0.304399 0.298085 0.290306 0.282311 0.275128 0.269993 0.280633 0.291506 0.289432 0.269429 0.251152 0.230993 0.213034 0.197029 0.196518 0.198473 0.200105 0.194464 0.191012 0.185661 0.184038 0.183755 0.178627 0.181209 0.182144 0.185776 0.190770 0.191768 0.186894 0.183679 0.180197 0.176715 0.174074 0.175391 0.175760 0.173477 0.171306
0.256902 0.260556 0.270650 0.295944 0.323540 0.338985 0.347627 0.349014 0.346439 0.343107 0.336962 0.333329 0.339227 0.344359 0.348271 0.351224 0.353744 0.355307 0.355154 0.355164 0.355655 0.356315 0.357394 0.358551 0.359631 0.360735 0.361051 0.359714 0.358184 0.356282 0.354348 0.353709 0.353204 0.354425 0.354237 0.349840 0.341654 0.326478 0.300433 0.272892 0.253255 0.252054 0.242043 0.232860 0.222815 0.205859 0.200267 0.196653 0.184255 0.182916 0.187146 0.192742 0.196574 0.189686 0.185853 0.182200 0.178312 0.173914 0.174972 0.176814 0.177305 0.176416 0.176272
0.347392 0.348925 0.350732 0.357364 0.362867 0.366171 0.367834 0.368299 0.367909 0.367385 0.366660 0.365888 0.365884 0.366836 0.367761 0.368439 0.368785 0.368890 0.368841 0.368844 0.368876 0.368963 0.369018 0.369125 0.369271 0.369465 0.369642 0.369607 0.369354 0.369044 0.368522 0.368174 0.368000 0.367718 0.367679 0.367631 0.366070 0.363520 0.359015 0.352457 0.346422 0.338300 0.327122 0.312801 0.280390 0.249500 0.227262 0.211054 0.196415 0.193641 0.208026 0.221533 0.215100 0.211432 0.206008 0.197999 0.191312 0.183597 0.183915 0.184664 0.183681 0.182498 0.181186
0.367690 0.368024 0.368402 0.369002 0.369635 0.369906 0.369981 0.369988 0.369984 0.369971 0.369951 0.369930 0.369918 0.369935 0.369956 0.369976 0.369987 0.369992 0.369993 0.369992 0.369993 0.369994 0.369994 0.369995 0.369996 0.369998 0.369999 0.369999 0.369998 0.369995 0.369983 0.369961 0.369935 0.369911 0.369905 0.369905 0.369900 0.369784 0.369383 0.368075 0.366195 0.363936 0.362111 0.359743 0.356975 0.348362 0.341632 0.326139 0.298894 0.270750 0.288443 0.276666 0.265610 0.251886 0.235819 0.223343 0.212752 0.202547 0.200532 0.200058 0.198016 0.197030 0.194871
0.369965 0.369979 0.369988 0.369996 0.369999 0.370000 0.370000 0.370000 0.370000 0.370000 0.370000 0.370000 0.370000 0.370000 0.370000 0.370000 0.370000 0.370000 0.370000 0.370000 0.370000 0.370000 0.370000 0.370000 0.370000 0.370000 0.370000 0.370000 0.370000 0.370000 0.370000 0.370000 0.370000 0.370000 0.370000 0.370000 0.370000 0.370000 0.369996 0.369963 0.369825 0.369562 0.369216 0.368849 0.368515 0.368154 0.367411 0.365498 0.360879 0.354247 0.350661 0.347807 0.342584 0.328780 0.307532 0.286560 0.258051 0.234118 0.221146 0.218061 0.215378 0.212248 0.208068
0.370000 0.370000 0.370000 0.370000 0.370000 0.370000 0.370000 0.370000 0.370000 0.370000 0.370000 0.370000 0.370000 0.370000 0.370000 0.370000 0.370000 0.370000 0.370000 0.370000 0.370000 0.370000 0.370000 0.370000 0.370000 0.370000 0.370000 0.370000 0.370000 0.370000 0.370000 0.370000 0.370000 0.370000 0.370000 0.370000 0.370000 0.370000 0.370000 0.370000 0.370000 0.369995 0.369983 0.369971 0.369960 0.369948 0.369904 0.369785 0.369481 0.368642 0.366719 0.365758 0.364164 0.360889 0.357332 0.354186 0.345315 0.328729 0.306323 0.291416 0.270281 0.252194 0.240466
0.370000 0.370000 0.370000 0.370000 0.370000 0.370000 0.370000 0.370000 0.370000 0.370000 0.370000 0.370000 0.370000 0.370000 0.370000 0.370000 0.370000 0.370000 0.370000 0.370000 0.370000 0.370000 0.370000 0.370000 0.370000 0.370000 0.370000 0.370000 0.370000 0.370000 0.370000 0.370000 0.370000 0.370000 0.370000 0.370000 0.370000 0.370000 0.370000 0.370000 0.370000 0.370000 0.370000 0.370000 0.370000 0.370000 0.370000 0.369999 0.369992 0.369949 0.369774 0.369547 0.369319 0.369097 0.368804 0.368292 0.366305 0.362500 0.357508 0.352876 0.345111 0.333464 0.316822
0.370000 0.370000 0.370000 0.370000 0.370000 0.370000 0.370000 0.370000 0.370000 0.370000 0.370000 0.370000 0.370000 0.370000 0.370000 0.370000 0.370000 0.370000 0.370000 0.370000 0.370000 0.370000 0.370000 0.370000 0.370000 0.370000 0.370000 0.370000 0.370000 0.370000 0.370000 0.370000 0.370000 0.370000 0.370000 0.370000 0.370000 0.370000 0.370000 0.370000 0.370000 0.370000 0.370000 0.370000 0.370000 0.370000 0.370000 0.370000 0.370000 0.370000 0.369998 0.369985 0.369973 0.369962 0.369941 0.369910 0.369702 0.369161 0.368037 0.366473 0.364176 0.360949 0.356714
0.370000 0.370000 0.370000 0.370000 0.370000 0.370000 0.370000 0.370000 0.370000 0.370000 0.370000 0.370000 0.370000 0.370000 0.370000 0.370000 0.370000 0.370000 0.370000 0.370000 0.370000 0.370000 0.370000 0.370000 0.370000 0.370000 0.370000 0.370000 0.370000 0.370000 0.370000 0.370000 0.370000 0.370000 0.370000 0.370000 0.370000 0.370000 0.370000 0.370000 0.370000 0.370000 0.370000 0.370000 0.370000 0.370000 0.370000 0.370000 0.370000 0.370000 0.370000 0.370000 0.370000 0.370000 0.370000 0.370000 0.369996 0.369967 0.369850 0.369566 0.369037 0.368238 0.367004
0.370000 0.370000 0.370000 0.370000 0.370000 0.370000 0.370000 0.370000 0.370000 0.370000 0.370000 0.370000 0.370000 0.370000 0.369999 0.369999 0.369998 0.369998 0.369999 0.370000 0.370000 0.369999 0.369999 0.369997 0.369995 0.369994 0.369995 0.369997 0.369999 0.370000 0.370000 0.370000 0.369999 0.369999 0.369999 0.370000 0.370000 0.370000 0.370000 0.370000 0.370000 0.370000 0.370000 0.370000 0.370000 0.370000 0.370000 0.370000 0.370000 0.370000 0.370000 0.370000 0.370000 0.370000 0.370000 0.370000 0.370000 0.370000 0.369997 0.369981 0.369936 0.369853 0.369642
0.370000 0.370000 0.370000 0.370000 0.370000 0.370000 0.369999 0.369999 0.369999 0.369999 0.369998 0.369995 0.369981 0.369957 0.369912 0.369875 0.369843 0.369808 0.369856 0.369925 0.369950 0.369902 0.369855 0.369762 0.369702 0.369670 0.369682 0.369769 0.369903 0.369956 0.369967 0.369951 0.369934 0.369925 0.369926 0.369946 0.369978 0.369994 0.369999 0.370000 0.370000 0.370000 0.370000 0.370000 0.370000 0.370000 0.370000 0.370000 0.370000 0.370000 0.370000 0.370000 0.370000 0.370000 0.370000 0.370000 0.370000 0.370000 0.370000 0.370000 0.369999 0.369996 0.369985
0.370000 0.370000 0.369999 0.369980 0.369954 0.369902 0.369827 0.369794 0.369739 0.369710 0.369602 0.369491 0.369270 0.368866 0.368275 0.367585 0.367322 0.367072 0.366818 0.367439 0.367677 0.367518 0.367090 0.366586 0.366293 0.366101 0.366383 0.367233 0.367909 0.368414 0.368605 0.368408 0.368593 0.368779 0.368795 0.369203 0.369484 0.369717 0.369873 0.369952 0.369975 0.369986 0.369993 0.369998 0.370000 0.370000 0.370000 0.370000 0.370000 0.370000 0.370000 0.370000 0.370000 0.370000 0.370000 0.370000 0.370000 0.370000 0.370000 0.370000 0.370000 0.370000 0.370000
0.369977 0.369969 0.369873 0.369473 0.368778 0.368130 0.367083 0.366473 0.365860 0.363897 0.362321 0.361119 0.361215 0.359362 0.356323 0.353391 0.351929 0.350894 0.348541 0.347697 0.348630 0.350747 0.349056 0.348071 0.348644 0.348043 0.347555 0.349719 0.352933 0.354655 0.356301 0.357756 0.358562 0.359628 0.362911 0.364504 0.365813 0.367215 0.368300 0.369042 0.369436 0.369619 0.369764 0.369885 0.369946 0.369983 0.369997 0.370000 0.370000 0.370000 0.370000 0.370000 0.370000 0.370000 0.370000 0.370000 0.370000 0.370000 0.370000 0.370000 0.370000 0.370000 0.370000
0.369258 0.368973 0.367324 0.364142 0.360015 0.356279 0.351289 0.347545 0.340443 0.325701 0.312860 0.312649 0.316058 0.312162 0.299814 0.287733 0.278897 0.269992 0.259054 0.252769 0.258386 0.264578 0.265246 0.265381 0.267565 0.267598 0.266937 0.267229 0.277125 0.284989 0.293436 0.300652 0.307446 0.325415 0.338957 0.346017 0.351713 0.356199 0.360347 0.363622 0.365616 0.366743 0.367801 0.368613 0.369199 0.369583 0.369832 0.369953 0.369987 0.369995 0.369999 0.370000 0.370000 0.370000 0.370000 0.370000 0.370000 0.370000 0.370000 0.370000 0.370000 0.370000 0.370000
0.362767 0.358423 0.350132 0.338091 0.321241 0.301299 0.280359 0.261394 0.242638 0.226980 0.217645 0.222077 0.225140 0.229451 0.222106 0.216103 0.214090 0.208550 0.203581 0.197722 0.202137 0.204799 0.210636 0.210647 0.211134 0.213666 0.212543 0.211937 0.208707 0.212815 0.215915 0.219931 0.231753 0.245053 0.260495 0.275944 0.294048 0.313906 0.331875 0.344559 0.352179 0.356487 0.360004 0.363061 0.365191 0.366753 0.368054 0.369022 0.369509 0.369736 0.369876 0.369941 0.369984 0.369998 0.370000 0.370000 0.370000 0.370000 0.370000 0.370000 0.370000 0.370000 0.370000
0.314472 0.289859 0.257031 0.239369 0.228194 0.217777 0.210240 0.204324 0.196102 0.190207 0.182558 0.185221 0.189362 0.195037 0.190706 0.189781 0.190315 0.187246 0.183951 0.179223 0.180088 0.184166 0.189049 0.189376 0.190588 0.193277 0.193308 0.191097 0.187018 0.188256 0.191485 0.194944 0.201239 0.207668 0.214362 0.220773 0.229643 0.241158 0.255696 0.275881 0.299775 0.317236 0.334399 0.346575 0.352827 0.355988 0.359237 0.363128 0.365227 0.366903 0.368103 0.368770 0.369465 0.369831 0.369971 0.369998 0.370000 0.370000 0.370000 0.370000 0.370000 0.370000 0.370000
0.213819 0.202413 0.197342 0.193086 0.188824 0.185168 0.181337 0.177946 0.175085 0.171111 0.164470 0.167169 0.171185 0.175623 0.175872 0.175335 0.175525 0.174274 0.171020 0.165897 0.168221 0.171762 0.175068 0.176365 0.177205 0.179137 0.177829 0.174986 0.171211 0.173047 0.176485 0.178796 0.181780 0.186050 0.190671 0.195481 0.201131 0.207201 0.215237 0.224771 0.236363 0.250164 0.267360 0.288709 0.302305 0.315201 0.326239 0.338765 0.347257 0.353142 0.358088 0.362034 0.365492 0.368107 0.369353 0.369823 0.369966 0.369993 0.369999 0.370000 0.370000 0.370000 0.370000
0.188793 0.182659 0.178745 0.175961 0.176523 0.175007 0.171548 0.171192 0.169198 0.163958 0.165654 0.167135 0.171349 0.170729 0.170553 0.169558 0.170149 0.169395 0.164516 0.167024 0.168279 0.171450 0.172333 0.173261 0.173939 0.174592 0.174026 0.170515 0.171289 0.172438 0.175492 0.176112 0.177863 0.181805 0.183715 0.186742 0.190842 0.195387 0.200844 0.207500 0.216335 0.225507 0.234349 0.238491 0.245048 0.250762 0.248931 0.261854 0.276828 0.294225 0.316099 0.334241 0.347677 0.357565 0.364200 0.367694 0.369145 0.369748 0.369898 0.369968 0.369993 0.369999 0.370000
0.172890 0.168629 0.164684 0.166126 0.166111 0.165668 0.164745 0.163498 0.161196 0.163686 0.163959 0.163752 0.163550 0.163618 0.164007 0.163528 0.163243 0.163419 0.165437 0.165815 0.165375 0.166379 0.167256 0.168197 0.167591 0.167912 0.168075 0.168855 0.168853 0.168497 0.170065 0.170862 0.171762 0.173662 0.175307 0.177346 0.180634 0.183682 0.187497 0.193300 0.200290 0.205618 0.207304 0.210910 0.212569 0.210233 0.208134 0.212548 0.217900 0.223200 0.235053 0.249999 0.271344 0.315012 0.344341 0.356993 0.363245 0.366799 0.368471 0.369295 0.369696 0.369914 0.369978
0.167002 0.163668 0.162734 0.163838 0.163770 0.163531 0.161710 0.160070 0.161557 0.162093 0.161960 0.161326 0.162040 0.162381 0.163303 0.162501 0.162118 0.162402 0.162700 0.162714 0.163517 0.164206 0.164863 0.167210 0.166273 0.166316 0.167157 0.166940 0.166813 0.166409 0.168076 0.168929 0.169499 0.171282 0.172687 0.174299 0.176521 0.179824 0.185293 0.190066 0.195972 0.201576 0.203144 0.204181 0.203192 0.201750 0.196763 0.196697 0.201789 0.201564 0.206355 0.214509 0.217890 0.239535 0.276976 0.311093 0.338087 0.351898 0.361266 0.364888 0.367427 0.368864 0.369559
0.161816 0.161660 0.160065 0.160188 0.159894 0.158957 0.157880 0.159014 0.158903 0.158774 0.158838 0.158463 0.159104 0.159655 0.160212 0.159966 0.159954 0.159159 0.159248 0.160287 0.160537 0.161311 0.162771 0.164661 0.163793 0.163726 0.163895 0.163631 0.163780 0.163307 0.164673 0.165838 0.166408 0.168363 0.169623 0.169686 0.172405 0.176628 0.181139 0.184786 0.189773 0.196669 0.195558 0.195529 0.196059 0.191734 0.186624 0.186080 0.187587 0.186747 0.190111 0.192965 0.194250 0.204412 0.214876 0.228950 0.253459 0.296837 0.334694 0.349380 0.357719 0.363103 0.366162
