tests/Borden05m/data_simulated/sim_1/output-maps/thetaliqL0003N0013.asc
ncols         160
nrows         34
xllcorner     620200.000000
yllcorner     5168000.000000
cellsize      0.500000
NODATA_value  -9999.0
[rows 0 to 27 of 34, columns 63 to 125 of 160]
-9999.0 -9999.0 -9999.0 -9999.0 -9999.0 -9999.0 -9999.0 -9999.0 -9999.0 -9999.0 -9999.0 -9999.0 -9999.0 -9999.0 -9999.0 -9999.0 -9999.0 -9999.0 -9999.0 -9999.0 -9999.0 -9999.0 -9999.0 -9999.0 -9999.0 -9999.0 -9999.0 -9999.0 -9999.0 -9999.0 -9999.0 -9999.0 -9999.0 -9999.0 -9999.0 -9999.0 -9999.0 -9999.0 -9999.0 -9999.0 -9999.0 -9999.0 -9999.0 -9999.0 -9999.0 -9999.0 -9999.0 -9999.0 -9999.0 -9999.0 -9999.0 -9999.0 -9999.0 -9999.0 -9999.0 -9999.0 -9999.0 -9999.0 -9999.0 -9999.0 -9999.0 -9999.0 -9999.0
0.210723 0.209528 0.208132 0.207909 0.208067 0.207816 0.207262 0.208004 0.208974 0.209807 0.210964 0.210748 0.210890 0.211332 0.211450 0.211248 0.210713 0.210363 0.209953 0.210502 0.208906 0.206823 0.205237 0.204915 0.206265 0.207071 0.206928 0.207686 0.209343 0.210768 0.211264 0.212990 0.212766 0.213460 0.214568 0.213670 0.213448 0.213561 0.213856 0.211471 -9999.0 -9999.0 -9999.0 -9999.0 -9999.0 -9999.0 -9999.0 -9999.0 -9999.0 -9999.0 -9999.0 -9999.0 -9999.0 -9999.0 -9999.0 -9999.0 -9999.0 -9999.0 -9999.0 -9999.0 -9999.0 -9999.0 -9999.0
0.207393 0.205745 0.205328 0.204113 0.203593 0.203456 0.202976 0.203364 0.205379 0.206813 0.207230 0.206939 0.206800 0.206361 0.206052 0.206148 0.205646 0.205181 0.204689 0.204823 0.206067 0.204557 0.203793 0.203052 0.202271 0.202571 0.202821 0.202933 0.204825 0.205576 0.206113 0.208704 0.211124 0.211770 0.210798 0.209733 0.209979 0.209857 0.208842 0.207866 0.207826 0.207359 0.207150 0.206240 0.207621 0.207644 0.209209 0.210531 0.212097 0.214411 -9999.0 -9999.0 -9999.0 -9999.0 -9999.0 -9999.0 -9999.0 -9999.0 -9999.0 -9999.0 -9999.0 -9999.0 -9999.0
0.204988 0.204431 0.203251 0.201471 0.203471 0.203203 0.203022 0.203385 0.204041 0.204310 0.204624 0.205107 0.206919 0.206794 0.206638 0.206729 0.206411 0.205828 0.205869 0.205548 0.204048 0.204275 0.204634 0.204310 0.205787 0.205876 0.206716 0.204114 0.204550 0.205195 0.205665 0.206008 0.206425 0.206977 0.205837 0.206633 0.205696 0.203643 0.203114 0.203255 0.204882 0.205701 0.204675 0.201109 0.202999 0.206992 0.206711 0.206096 0.208065 0.210017 0.212749 0.212401 0.212167 0.212459 0.212948 0.210608 0.209106 0.208013 0.204740 -9999.0 -9999.0 -9999.0 -9999.0
0.204934 0.203655 0.202125 0.205325 0.206661 0.205959 0.206329 0.207259 0.207285 0.203295 0.202262 0.203812 0.205462 0.206163 0.205447 0.205098 0.204416 0.204418 0.204831 0.204404 0.205010 0.205542 0.204868 0.205887 0.207061 0.208170 0.205663 0.203384 0.203525 0.205410 0.206802 0.207532 0.209534 0.212649 0.212136 0.211410 0.211017 0.210569 0.206884 0.203586 0.202276 0.201695 0.200733 0.201492 0.200805 0.203970 0.203733 0.203246 0.204775 0.205986 0.207524 0.208605 0.208419 0.208799 0.209288 0.208610 0.206938 0.206045 0.205458 0.203938 0.201046 0.195816 0.196171
0.201733 0.201797 0.204623 0.206216 0.208904 0.207947 0.208033 0.207920 0.205199 0.203119 0.201739 0.205848 0.209196 0.210308 0.209429 0.208677 0.211620 0.210748 0.210357 0.208586 0.209213 0.208962 0.212105 0.213358 0.215049 0.214397 0.211235 0.208581 0.208429 0.208724 0.208447 0.209222 0.211246 0.213789 0.211956 0.211105 0.211169 0.205616 0.201332 0.199852 0.202730 0.204393 0.204077 0.204348 0.204483 0.202380 0.202881 0.203101 0.202120 0.204579 0.207048 0.207324 0.205218 0.204513 0.205463 0.205216 0.205322 0.204315 0.203208 0.202402 0.197475 0.199012 0.196408
0.207828 0.208926 0.210502 0.213465 0.219178 0.218076 0.218438 0.220278 0.217138 0.214199 0.209899 0.214739 0.215929 0.217565 0.217352 0.221080 0.224452 0.222375 0.219516 0.216131 0.218168 0.222634 0.226918 0.227980 0.228514 0.229247 0.226175 0.225306 0.224651 0.224951 0.222982 0.223129 0.226347 0.231861 0.232461 0.229737 0.224395 0.216400 0.209328 0.205596 0.209786 0.208529 0.207926 0.208595 0.205929 0.204387 0.206591 0.204588 0.203058 0.206374 0.206743 0.206281 0.203590 0.206837 0.206247 0.203520 0.201723 0.200780 0.200059 0.198750 0.199887 0.199119 0.196923
0.210914 0.212035 0.216256 0.222335 0.229585 0.233818 0.237628 0.241893 0.238612 0.234972 0.230901 0.231747 0.236551 0.241489 0.247350 0.254176 0.261687 0.259768 0.255865 0.255456 0.257169 0.265301 0.273181 0.276585 0.278848 0.283103 0.280168 0.274882 0.268938 0.263186 0.258236 0.254439 0.261202 0.268725 0.267296 0.253562 0.242489 0.231147 0.221205 0.211474 0.211620 0.213229 0.214717 0.211256 0.209528 0.206429 0.205758 0.205997 0.202686 0.204498 0.204925 0.207232 0.210680 0.211529 0.208477 0.206765 0.204858 0.202863 0.201306 0.202492 0.202943 0.201459 0.199961
0.246784 0.248683 0.254601 0.271899 0.300197 0.323596 0.336458 0.338341 0.334950 0.329565 0.319356 0.313081 0.322378 0.331105 0.337199 0.340706 0.343406 0.345199 0.345054 0.345074 0.345570 0.346174 0.347340 0.348707 0.350062 0.351571 0.352047 0.350239 0.348358 0.346208 0.344138 0.343584 0.342947 0.344256 0.344068 0.339136 0.328207 0.304874 0.276326 0.256997 0.244203 0.244038 0.238302 0.233544 0.228328 0.217842 0.214941 0.213264 0.205210 0.204413 0.207063 0.210580 0.213200 0.208660 0.206596 0.204728 0.202674 0.200111 0.201196 0.202679 0.203177 0.202695 0.202679
0.335961 0.338174 0.340027 0.347321 0.355002 0.360794 0.364158 0.365144 0.364234 0.363049 0.361462 0.359915 0.360017 0.361970 0.363905 0.365380 0.366170 0.366420 0.366304 0.366316 0.366383 0.366576 0.366686 0.366945 0.367319 0.367870 0.368428 0.368332 0.367584 0.366805 0.365630 0.364987 0.364608 0.363975 0.363881 0.363825 0.360787 0.356236 0.349593 0.341974 0.335234 0.321958 0.304396 0.287646 0.261732 0.242315 0.228495 0.219183 0.210733 0.209245 0.218587 0.227601 0.223138 0.221305 0.218440 0.213819 0.210096 0.205426 0.206076 0.206830 0.206329 0.205700 0.204950
0.363945 0.364587 0.365364 0.366719 0.368473 0.369446 0.369822 0.369867 0.369824 0.369749 0.369618 0.369525 0.369464 0.369537 0.369653 0.369766 0.369846 0.369895 0.369905 0.369905 0.369903 0.369902 0.369911 0.369916 0.369925 0.369952 0.369966 0.369973 0.369954 0.369914 0.369833 0.369749 0.369599 0.369470 0.369433 0.369431 0.369414 0.368967 0.367742 0.364667 0.361097 0.357151 0.354122 0.350636 0.347322 0.338127 0.329881 0.306429 0.276411 0.255406 0.267467 0.258038 0.251224 0.243558 0.234686 0.227885 0.222007 0.216021 0.215287 0.215341 0.214228 0.213879 0.212709
0.369745 0.369809 0.369878 0.369932 0.369974 0.369996 0.370000 0.370000 0.370000 0.370000 0.370000 0.370000 0.369999 0.369999 0.370000 0.370000 0.370000 0.370000 0.370000 0.370000 0.370000 0.370000 0.370000 0.370000 0.370000 0.370000 0.370000 0.370000 0.370000 0.370000 0.370000 0.370000 0.369997 0.369993 0.369990 0.369989 0.369987 0.369979 0.369930 0.369708 0.369116 0.368241 0.367264 0.366347 0.365606 0.364930 0.363403 0.359656 0.352250 0.344149 0.340195 0.336687 0.328222 0.306295 0.281089 0.265285 0.246866 0.232580 0.225465 0.224254 0.223070 0.221524 0.219219
0.370000 0.370000 0.370000 0.370000 0.370000 0.370000 0.370000 0.370000 0.370000 0.370000 0.370000 0.370000 0.370000 0.370000 0.370000 0.370000 0.370000 0.370000 0.370000 0.370000 0.370000 0.370000 0.370000 0.370000 0.370000 0.370000 0.370000 0.370000 0.370000 0.370000 0.370000 0.370000 0.370000 0.370000 0.370000 0.370000 0.370000 0.370000 0.370000 0.369999 0.369983 0.369917 0.369819 0.369747 0.369690 0.369636 0.369445 0.369015 0.368087 0.366037 0.362219 0.360566 0.357803 0.352580 0.347650 0.344021 0.333948 0.308362 0.280284 0.268362 0.253827 0.243055 0.236945
0.370000 0.370000 0.370000 0.370000 0.370000 0.370000 0.370000 0.370000 0.370000 0.370000 0.370000 0.370000 0.370000 0.370000 0.370000 0.370000 0.370000 0.370000 0.370000 0.370000 0.370000 0.370000 0.370000 0.370000 0.370000 0.370000 0.370000 0.370000 0.370000 0.370000 0.370000 0.370000 0.370000 0.370000 0.370000 0.370000 0.370000 0.370000 0.370000 0.370000 0.370000 0.370000 0.369999 0.369997 0.369997 0.369996 0.369993 0.369977 0.369905 0.369660 0.369002 0.368283 0.367632 0.367062 0.366374 0.365273 0.361472 0.355075 0.347968 0.342472 0.332908 0.313058 0.289507
0.370000 0.370000 0.370000 0.370000 0.370000 0.370000 0.370000 0.370000 0.370000 0.370000 0.370000 0.370000 0.370000 0.370000 0.370000 0.370000 0.370000 0.370000 0.370000 0.370000 0.370000 0.370000 0.370000 0.370000 0.370000 0.370000 0.370000 0.370000 0.370000 0.370000 0.370000 0.370000 0.370000 0.370000 0.370000 0.370000 0.370000 0.370000 0.370000 0.370000 0.370000 0.370000 0.370000 0.370000 0.370000 0.370000 0.370000 0.370000 0.369999 0.369993 0.369963 0.369855 0.369776 0.369714 0.369623 0.369486 0.368747 0.367242 0.364729 0.361850 0.358101 0.353036 0.347163
0.370000 0.370000 0.370000 0.370000 0.370000 0.370000 0.370000 0.370000 0.370000 0.370000 0.370000 0.370000 0.370000 0.370000 0.370000 0.370000 0.370000 0.370000 0.370000 0.370000 0.370000 0.370000 0.370000 0.370000 0.370000 0.369999 0.370000 0.370000 0.370000 0.370000 0.370000 0.370000 0.370000 0.370000 0.370000 0.370000 0.370000 0.370000 0.370000 0.370000 0.370000 0.370000 0.370000 0.370000 0.370000 0.370000 0.370000 0.370000 0.370000 0.370000 0.370000 0.369999 0.369997 0.369995 0.369991 0.369984 0.369935 0.369739 0.369240 0.368342 0.366983 0.365221 0.362862
0.370000 0.370000 0.370000 0.370000 0.370000 0.370000 0.370000 0.370000 0.370000 0.370000 0.370000 0.369999 0.369997 0.369989 0.369972 0.369964 0.369955 0.369952 0.369972 0.369989 0.369994 0.369989 0.369977 0.369950 0.369926 0.369916 0.369920 0.369944 0.369975 0.369989 0.369990 0.369984 0.369976 0.369971 0.369971 0.369984 0.369997 0.369999 0.370000 0.370000 0.370000 0.370000 0.370000 0.370000 0.370000 0.370000 0.370000 0.370000 0.370000 0.370000 0.370000 0.370000 0.370000 0.370000 0.370000 0.370000 0.369999 0.369989 0.369947 0.369821 0.369593 0.369262 0.368579
0.370000 0.370000 0.370000 0.369999 0.369997 0.369992 0.369980 0.369975 0.369971 0.369974 0.369954 0.369921 0.369822 0.369682 0.369472 0.369327 0.369216 0.369106 0.369300 0.369587 0.369708 0.369522 0.369330 0.368993 0.368778 0.368662 0.368685 0.368951 0.369441 0.369680 0.369734 0.369651 0.369564 0.369523 0.369529 0.369619 0.369796 0.369913 0.369966 0.369986 0.369994 0.369997 0.369999 0.370000 0.370000 0.370000 0.370000 0.370000 0.370000 0.370000 0.370000 0.370000 0.370000 0.370000 0.370000 0.370000 0.370000 0.370000 0.369999 0.369993 0.369974 0.369930 0.369850
0.369986 0.369980 0.369967 0.369821 0.369692 0.369458 0.369167 0.369040 0.368837 0.368730 0.368377 0.368050 0.367440 0.366445 0.365161 0.363831 0.363426 0.363049 0.362690 0.363922 0.364407 0.364065 0.363247 0.362293 0.361738 0.361386 0.361869 0.363361 0.364598 0.365594 0.365966 0.365476 0.365879 0.366322 0.366347 0.367351 0.368094 0.368779 0.369319 0.369658 0.369778 0.369847 0.369903 0.369953 0.369982 0.369996 0.369999 0.370000 0.370000 0.370000 0.370000 0.370000 0.370000 0.370000 0.370000 0.370000 0.370000 0.370000 0.370000 0.370000 0.370000 0.369999 0.369995
0.369797 0.369748 0.369333 0.368077 0.366353 0.364969 0.362961 0.361854 0.360609 0.356972 0.354249 0.352468 0.352729 0.350231 0.346493 0.343306 0.341954 0.341088 0.338810 0.338002 0.338922 0.341061 0.339138 0.337896 0.338379 0.337688 0.337371 0.339805 0.343119 0.344862 0.346625 0.348280 0.349280 0.350876 0.355896 0.358577 0.360735 0.363171 0.365296 0.366966 0.367963 0.368467 0.368918 0.369358 0.369623 0.369826 0.369937 0.369986 0.369997 0.369999 0.370000 0.370000 0.370000 0.370000 0.370000 0.370000 0.370000 0.370000 0.370000 0.370000 0.370000 0.370000 0.370000
0.367458 0.366790 0.363387 0.357896 0.351475 0.346591 0.341085 0.337039 0.326862 0.304236 0.288229 0.288107 0.291976 0.287402 0.275726 0.266597 0.260770 0.255227 0.248208 0.244251 0.247980 0.251950 0.251738 0.251424 0.252740 0.252554 0.252168 0.252692 0.259850 0.265158 0.271075 0.276269 0.281090 0.301204 0.321757 0.333667 0.341096 0.346400 0.352008 0.357113 0.360381 0.362281 0.364256 0.365951 0.367322 0.368352 0.369155 0.369660 0.369856 0.369924 0.369962 0.369984 0.369997 0.370000 0.370000 0.370000 0.370000 0.370000 0.370000 0.370000 0.370000 0.370000 0.370000
0.355284 0.349268 0.339837 0.324440 0.297664 0.276790 0.261845 0.250157 0.238872 0.229850 0.224542 0.227723 0.229493 0.232422 0.227790 0.224133 0.223218 0.219901 0.216986 0.213206 0.216187 0.217613 0.221259 0.220961 0.221082 0.222710 0.221922 0.221631 0.219372 0.221956 0.223540 0.225504 0.232430 0.239632 0.248035 0.256753 0.268557 0.285628 0.309216 0.330623 0.341357 0.346703 0.351557 0.356292 0.359662 0.362268 0.364719 0.366866 0.368142 0.368821 0.369316 0.369595 0.369834 0.369953 0.369990 0.369999 0.370000 0.370000 0.370000 0.370000 0.370000 0.370000 0.370000
0.291614 0.270362 0.248291 0.237130 0.231157 0.225404 0.221288 0.218160 0.213318 0.209993 0.205103 0.206985 0.209624 0.213423 0.210373 0.209909 0.210527 0.208678 0.206724 0.203604 0.204112 0.206654 0.209713 0.209631 0.210271 0.212026 0.212066 0.210652 0.207858 0.208557 0.210413 0.212252 0.215885 0.219418 0.223036 0.226360 0.231207 0.237350 0.244872 0.256179 0.272433 0.288244 0.311972 0.333065 0.342062 0.346006 0.350257 0.356099 0.359622 0.362512 0.364799 0.366227 0.367992 0.369140 0.369751 0.369951 0.369993 0.369999 0.370000 0.370000 0.370000 0.370000 0.370000
0.222471 0.216089 0.213683 0.211470 0.209106 0.207155 0.205069 0.203223 0.201731 0.199385 0.194858 0.196772 0.199437 0.202456 0.202588 0.202269 0.202518 0.201809 0.199708 0.196092 0.197656 0.199915 0.201975 0.202646 0.203060 0.204337 0.203422 0.201520 0.198854 0.200013 0.202122 0.203322 0.204870 0.207189 0.209689 0.212239 0.215270 0.218462 0.222861 0.228061 0.234335 0.241700 0.250868 0.263995 0.273928 0.286194 0.300478 0.320973 0.335430 0.342635 0.348667 0.354380 0.360029 0.364818 0.367703 0.369120 0.369725 0.369900 0.369962 0.369987 0.369998 0.370000 0.370000
0.209546 0.206108 0.204024 0.202491 0.203282 0.202570 0.200445 0.200545 0.199428 0.195819 0.197167 0.198214 0.201186 0.200630 0.200474 0.199770 0.200255 0.199788 0.196280 0.198104 0.198889 0.200981 0.201376 0.201844 0.202194 0.202581 0.202167 0.199650 0.200193 0.200877 0.202813 0.202909 0.203739 0.206039 0.206801 0.208289 0.210420 0.212749 0.215584 0.219114 0.224077 0.229291 0.234393 0.236219 0.239897 0.243117 0.240968 0.248396 0.257337 0.269065 0.288825 0.314675 0.336197 0.348082 0.357903 0.363963 0.367158 0.368864 0.369408 0.369737 0.369906 0.369974 0.369995
0.200889 0.198440 0.196014 0.197348 0.197563 0.197461 0.197014 0.196307 0.194747 0.196672 0.196912 0.196756 0.196561 0.196561 0.196815 0.196464 0.196262 0.196385 0.197847 0.198060 0.197618 0.198191 0.198647 0.199160 0.198605 0.198762 0.198827 0.199369 0.199312 0.198933 0.199868 0.200185 0.200517 0.201488 0.202207 0.203129 0.204831 0.206233 0.208043 0.211146 0.215017 0.217818 0.218313 0.220404 0.221351 0.219696 0.218273 0.221037 0.224099 0.226918 0.233528 0.241382 0.253342 0.288564 0.331451 0.347132 0.356273 0.362295 0.365588 0.367555 0.368700 0.369488 0.369806
0.198280 0.196236 0.195847 0.196861 0.196966 0.196939 0.195732 0.194613 0.195780 0.196215 0.196137 0.195670 0.196173 0.196385 0.197035 0.196424 0.196126 0.196310 0.196480 0.196409 0.196896 0.197261 0.197574 0.199142 0.198341 0.198293 0.198845 0.198629 0.198475 0.198081 0.199137 0.199545 0.199702 0.200666 0.201284 0.201974 0.202974 0.204610 0.207666 0.210127 0.213361 0.216497 0.217121 0.217619 0.216899 0.216127 0.212870 0.212811 0.216144 0.215581 0.218313 0.223142 0.224172 0.236414 0.258137 0.284277 0.321823 0.340846 0.353324 0.359072 0.363500 0.366520 0.368310
0.195529 0.195681 0.194710 0.194957 0.194852 0.194241 0.193502 0.194392 0.194333 0.194251 0.194311 0.194041 0.194506 0.194882 0.195264 0.195056 0.195023 0.194381 0.194383 0.195077 0.195168 0.195612 0.196538 0.197780 0.197025 0.196894 0.196937 0.196674 0.196724 0.196296 0.197168 0.197850 0.198069 0.199217 0.199775 0.199351 0.200738 0.203069 0.205480 0.207219 0.209896 0.214065 0.212916 0.212793 0.213271 0.210568 0.207353 0.207196 0.208208 0.207453 0.209596 0.211078 0.211227 0.217190 0.222784 0.230175 0.243089 0.270704 0.314876 0.337774 0.348274 0.356196 0.361241
