tests/Borden05m/data_simulated/sim_1/output-maps/thetaliqL0004N0019.asc
ncols         160
nrows         34
xllcorner     620200.000000
yllcorner     5168000.000000
cellsize      0.500000
NODATA_value  -9999.0
[rows 0 to 27 of 34, columns 0 to 62 of 160]
-9999.0 -9999.0 -9999.0 -9999.0 -9999.0 -9999.0 -9999.0 -9999.0 -9999.0 -9999.0 -9999.0 -9999.0 -9999.0 -9999.0 -9999.0 -9999.0 -9999.0 -9999.0 -9999.0 -9999.0 -9999.0 -9999.0 -9999.0 -9999.0 -9999.0 -9999.0 -9999.0 -9999.0 -9999.0 -9999.0 -9999.0 -9999.0 -9999.0 -9999.0 -9999.0 -9999.0 -9999.0 -9999.0 -9999.0 -9999.0 -9999.0 -9999.0 -9999.0 -9999.0 -9999.0 -9999.0 -9999.0 -9999.0 -9999.0 -9999.0 -9999.0 -9999.0 -9999.0 -9999.0 -9999.0 -9999.0 -9999.0 -9999.0 -9999.0 -9999.0 -9999.0 -9999.0 -9999.0
-9999.0 -9999.0 -9999.0 -9999.0 -9999.0 -9999.0 -9999.0 -9999.0 -9999.0 -9999.0 -9999.0 -9999.0 -9999.0 -9999.0 -9999.0 -9999.0 -9999.0 -9999.0 -9999.0 -9999.0 -9999.0 -9999.0 -9999.0 -9999.0 -9999.0 -9999.0 -9999.0 -9999.0 -9999.0 -9999.0 -9999.0 -9999.0 -9999.0 -9999.0 -9999.0 -9999.0 -9999.0 -9999.0 -9999.0 -9999.0 -9999.0 -9999.0 -9999.0 -9999.0 -9999.0 -9999.0 -9999.0 -9999.0 -9999.0 -9999.0 -9999.0 -9999.0 -9999.0 -9999.0 -9999.0 -9999.0 -9999.0 -9999.0 -9999.0 0.193751 0.192093 0.190828 0.189969
-9999.0 -9999.0 -9999.0 -9999.0 -9999.0 -9999.0 -9999.0 -9999.0 -9999.0 -9999.0 -9999.0 -9999.0 -9999.0 -9999.0 -9999.0 -9999.0 -9999.0 -9999.0 -9999.0 -9999.0 -9999.0 -9999.0 -9999.0 -9999.0 -9999.0 -9999.0 -9999.0 -9999.0 -9999.0 -9999.0 -9999.0 -9999.0 -9999.0 -9999.0 -9999.0 -9999.0 -9999.0 -9999.0 -9999.0 -9999.0 -9999.0 -9999.0 -9999.0 -9999.0 -9999.0 -9999.0 -9999.0 0.176990 0.172625 0.167596 0.166295 0.172025 0.175152 0.178230 0.180581 0.182840 0.185916 0.190724 0.190718 0.184924 0.184082 0.183742 0.183818
-9999.0 -9999.0 -9999.0 -9999.0 -9999.0 -9999.0 -9999.0 -9999.0 -9999.0 -9999.0 -9999.0 -9999.0 -9999.0 -9999.0 -9999.0 -9999.0 -9999.0 -9999.0 -9999.0 -9999.0 -9999.0 -9999.0 -9999.0 -9999.0 -9999.0 -9999.0 -9999.0 -9999.0 -9999.0 -9999.0 -9999.0 -9999.0 -9999.0 -9999.0 -9999.0 -9999.0 -9999.0 -9999.0 -9999.0 -9999.0 0.178767 0.180762 0.182219 0.179217 0.177621 0.177248 0.173813 0.170134 0.166501 0.167317 0.167438 0.165450 0.169660 0.173373 0.175195 0.176845 0.180216 0.185462 0.185370 0.180814 0.177971 0.176997 0.177491
-9999.0 -9999.0 -9999.0 -9999.0 -9999.0 -9999.0 -9999.0 -9999.0 -9999.0 -9999.0 -9999.0 -9999.0 -9999.0 -9999.0 -9999.0 -9999.0 -9999.0 -9999.0 -9999.0 -9999.0 -9999.0 -9999.0 -9999.0 -9999.0 -9999.0 -9999.0 -9999.0 -9999.0 -9999.0 -9999.0 -9999.0 -9999.0 -9999.0 -9999.0 0.167311 0.171068 0.173124 0.175174 0.177877 0.177467 0.177141 0.178887 0.177352 0.177027 0.174832 0.170908 0.167003 0.164742 0.166515 0.165811 0.165945 0.167973 0.169573 0.170581 0.173720 0.178410 0.177080 0.178606 0.178247 0.176306 0.177879 0.179197 0.180066
-9999.0 -9999.0 -9999.0 -9999.0 -9999.0 -9999.0 -9999.0 -9999.0 -9999.0 -9999.0 -9999.0 -9999.0 -9999.0 -9999.0 -9999.0 -9999.0 -9999.0 -9999.0 -9999.0 -9999.0 -9999.0 -9999.0 -9999.0 -9999.0 -9999.0 -9999.0 -9999.0 -9999.0 0.172357 0.170899 0.169766 0.169772 0.169264 0.167469 0.167192 0.167878 0.170184 0.173720 0.174669 0.174595 0.175066 0.174419 0.172326 0.172035 0.174072 0.171663 0.170261 0.168570 0.165027 0.164182 0.166306 0.168530 0.170622 0.171564 0.172425 0.173005 0.174020 0.179799 0.181437 0.178510 0.176758 0.175904 0.176305
-9999.0 -9999.0 -9999.0 -9999.0 -9999.0 -9999.0 -9999.0 -9999.0 -9999.0 -9999.0 -9999.0 -9999.0 -9999.0 -9999.0 -9999.0 -9999.0 -9999.0 -9999.0 -9999.0 -9999.0 -9999.0 -9999.0 -9999.0 0.169345 0.170669 0.171285 0.172516 0.171994 0.169383 0.167623 0.166837 0.166217 0.164834 0.164778 0.164961 0.166186 0.167301 0.170945 0.169798 0.169095 0.172085 0.171554 0.173367 0.175389 0.174856 0.175086 0.171079 0.168096 0.171003 0.172319 0.172418 0.172083 0.173498 0.175392 0.177754 0.181436 0.185978 0.190010 0.195540 0.192127 0.189296 0.184766 0.185133
-9999.0 -9999.0 -9999.0 -9999.0 -9999.0 -9999.0 -9999.0 -9999.0 -9999.0 -9999.0 -9999.0 -9999.0 -9999.0 -9999.0 -9999.0 -9999.0 -9999.0 -9999.0 -9999.0 0.168844 0.168487 0.167778 0.168155 0.165800 0.164839 0.165676 0.167140 0.166436 0.165010 0.163780 0.163943 0.164150 0.163954 0.166030 0.167855 0.168749 0.168815 0.171843 0.173076 0.174942 0.179063 0.176716 0.174261 0.172968 0.172843 0.172191 0.174473 0.175215 0.175629 0.175662 0.176002 0.176893 0.177706 0.181488 0.185299 0.188838 0.192380 0.196759 0.203544 0.201105 0.195942 0.190578 0.190619
-9999.0 -9999.0 -9999.0 -9999.0 -9999.0 -9999.0 -9999.0 -9999.0 -9999.0 -9999.0 -9999.0 -9999.0 -9999.0 -9999.0 -9999.0 -9999.0 0.167945 0.167766 0.166896 0.165542 0.164333 0.164374 0.165481 0.163730 0.163217 0.163759 0.163093 0.164165 0.165289 0.166588 0.167229 0.166019 0.166432 0.166515 0.166711 0.167783 0.171137 0.174419 0.175621 0.178103 0.182027 0.180191 0.179284 0.179362 0.178227 0.179574 0.185210 0.184782 0.182928 0.188972 0.192486 0.191890 0.191886 0.196396 0.203236 0.212282 0.226732 0.238119 0.250550 0.255637 0.246147 0.244217 0.247840
-9999.0 -9999.0 -9999.0 -9999.0 -9999.0 -9999.0 -9999.0 -9999.0 -9999.0 -9999.0 -9999.0 -9999.0 -9999.0 0.166708 0.166580 0.166980 0.164850 0.163101 0.162086 0.160703 0.162828 0.161514 0.161200 0.161669 0.163605 0.163825 0.164218 0.165563 0.165406 0.165058 0.164722 0.163827 0.165628 0.167517 0.169028 0.171829 0.174301 0.176513 0.179879 0.181110 0.183499 0.183051 0.180953 0.180557 0.182488 0.188029 0.192770 0.194997 0.202971 0.211873 0.216919 0.222870 0.226414 0.231442 0.242418 0.269906 0.300534 0.321694 0.332010 0.339598 0.340268 0.341655 0.342942
-9999.0 -9999.0 -9999.0 -9999.0 -9999.0 -9999.0 -9999.0 -9999.0 -9999.0 -9999.0 0.162640 0.163852 0.162025 0.158761 0.157414 0.158318 0.159289 0.158170 0.158391 0.162127 0.164308 0.161198 0.163657 0.163894 0.162682 0.163254 0.164445 0.164921 0.167461 0.167892 0.168289 0.172365 0.173860 0.175454 0.177513 0.179854 0.182213 0.189220 0.195579 0.196616 0.204922 0.210291 0.206677 0.205444 0.207109 0.213972 0.225577 0.242363 0.259453 0.282139 0.300532 0.311685 0.319320 0.327336 0.335574 0.346159 0.355349 0.360835 0.364356 0.365871 0.366371 0.366587 0.366901
-9999.0 -9999.0 -9999.0 -9999.0 -9999.0 -9999.0 -9999.0 -9999.0 0.157554 0.159506 0.160757 0.159229 0.157164 0.153538 0.155058 0.156592 0.157715 0.159315 0.160201 0.161033 0.160515 0.161965 0.164520 0.164206 0.164705 0.166488 0.166903 0.168693 0.171338 0.170950 0.172743 0.175510 0.178037 0.180390 0.183130 0.185311 0.192743 0.202963 0.214440 0.225193 0.240523 0.258665 0.259527 0.262845 0.267311 0.290113 0.314895 0.334054 0.345386 0.353017 0.358919 0.361483 0.362945 0.364472 0.365969 0.367029 0.368223 0.369151 0.369648 0.369826 0.369886 0.369900 0.369925
-9999.0 -9999.0 -9999.0 -9999.0 -9999.0 -9999.0 0.154428 0.158859 0.161054 0.156265 0.152568 0.151318 0.149161 0.154024 0.158387 0.159404 0.160248 0.161236 0.161089 0.158680 0.165587 0.164285 0.163420 0.165829 0.166084 0.166683 0.168458 0.172068 0.174284 0.181301 0.187044 0.192364 0.199072 0.203770 0.208776 0.214927 0.230154 0.253919 0.283456 0.308719 0.327601 0.341249 0.345353 0.347419 0.349797 0.353912 0.359603 0.363820 0.366869 0.368506 0.369218 0.369440 0.369591 0.369718 0.369828 0.369904 0.369956 0.369988 0.369998 0.370000 0.370000 0.370000 0.370000
-9999.0 -9999.0 -9999.0 -9999.0 0.156380 0.157496 0.156927 0.160915 0.163735 0.157974 0.160051 0.159039 0.157133 0.154929 0.152365 0.154552 0.155964 0.157029 0.157027 0.163852 0.170154 0.167305 0.170753 0.177029 0.176513 0.177716 0.178735 0.182314 0.188429 0.196582 0.213656 0.231463 0.245958 0.262077 0.278371 0.298345 0.321609 0.340384 0.351229 0.358534 0.363150 0.365689 0.366915 0.367494 0.368082 0.368630 0.369157 0.369605 0.369853 0.369963 0.369993 0.369998 0.369999 0.370000 0.370000 0.370000 0.370000 0.370000 0.370000 0.370000 0.370000 0.370000 0.370000
-9999.0 -9999.0 -9999.0 0.153424 0.157818 0.159690 0.158013 0.159129 0.162703 0.159719 0.159273 0.158831 0.158599 0.158781 0.158700 0.160159 0.160680 0.160121 0.161452 0.166127 0.169053 0.173378 0.177244 0.182591 0.187175 0.189504 0.192486 0.199183 0.214975 0.235845 0.273091 0.314416 0.336248 0.345824 0.351044 0.356580 0.360761 0.364949 0.367444 0.368775 0.369474 0.369769 0.369903 0.369947 0.369966 0.369978 0.369992 0.369998 0.370000 0.370000 0.370000 0.370000 0.370000 0.370000 0.370000 0.370000 0.370000 0.370000 0.370000 0.370000 0.370000 0.370000 0.370000
-9999.0 -9999.0 0.153816 0.156399 0.155043 0.158420 0.162288 0.160487 0.165051 0.166787 0.163040 0.165643 0.167181 0.164994 0.166993 0.169268 0.170551 0.167718 0.166047 0.171761 0.183721 0.194695 0.202441 0.228913 0.246507 0.258651 0.265779 0.284256 0.309201 0.335630 0.351454 0.361167 0.365771 0.367827 0.368432 0.368964 0.369474 0.369767 0.369928 0.369981 0.369997 0.370000 0.370000 0.370000 0.370000 0.370000 0.370000 0.370000 0.370000 0.370000 0.370000 0.370000 0.370000 0.370000 0.370000 0.370000 0.370000 0.370000 0.370000 0.370000 0.370000 0.370000 0.370000
-9999.0 -9999.0 0.150962 0.155080 0.152689 0.159302 0.165987 0.161214 0.163788 0.170681 0.169693 0.171127 0.171107 0.172174 0.175790 0.182095 0.179681 0.178740 0.172993 0.189894 0.207670 0.241137 0.298090 0.332614 0.346202 0.348293 0.349677 0.353742 0.358771 0.364827 0.368397 0.369672 0.369939 0.369985 0.369994 0.369998 0.370000 0.370000 0.370000 0.370000 0.370000 0.370000 0.370000 0.370000 0.370000 0.370000 0.370000 0.370000 0.370000 0.370000 0.370000 0.370000 0.370000 0.370000 0.370000 0.370000 0.370000 0.370000 0.370000 0.370000 0.370000 0.370000 0.370000
-9999.0 0.149594 0.151749 0.152158 0.156501 0.155905 0.161763 0.170190 0.171427 0.175374 0.176625 0.173864 0.190360 0.206308 0.213558 0.227811 0.223155 0.219276 0.211781 0.233143 0.274921 0.334892 0.362894 0.367318 0.368371 0.368373 0.368172 0.368683 0.369371 0.369858 0.369997 0.370000 0.370000 0.370000 0.370000 0.370000 0.370000 0.370000 0.370000 0.370000 0.370000 0.370000 0.370000 0.370000 0.370000 0.370000 0.370000 0.370000 0.370000 0.370000 0.370000 0.370000 0.370000 0.370000 0.370000 0.370000 0.370000 0.370000 0.370000 0.370000 0.370000 0.370000 0.370000
-9999.0 0.143654 0.151369 0.156162 0.154884 0.152426 0.164717 0.184565 0.181046 0.181087 0.182367 0.196836 0.240868 0.285469 0.310972 0.330932 0.330125 0.324456 0.325523 0.340668 0.356198 0.366713 0.369859 0.369996 0.369992 0.369993 0.369994 0.369999 0.370000 0.370000 0.370000 0.370000 0.370000 0.370000 0.370000 0.370000 0.370000 0.370000 0.370000 0.370000 0.370000 0.370000 0.370000 0.370000 0.370000 0.370000 0.370000 0.370000 0.370000 0.370000 0.370000 0.370000 0.370000 0.370000 0.370000 0.370000 0.370000 0.370000 0.370000 0.370000 0.370000 0.370000 0.370000
-9999.0 0.149450 0.158428 0.156406 0.149665 0.160949 0.167601 0.183458 0.197496 0.198376 0.219299 0.282932 0.334343 0.355309 0.362190 0.364706 0.365934 0.365829 0.367425 0.369302 0.369961 0.370000 0.370000 0.370000 0.370000 0.370000 0.370000 0.370000 0.370000 0.370000 0.370000 0.370000 0.370000 0.370000 0.370000 0.370000 0.370000 0.370000 0.370000 0.370000 0.370000 0.370000 0.370000 0.370000 0.370000 0.370000 0.370000 0.370000 0.370000 0.370000 0.370000 0.370000 0.370000 0.370000 0.370000 0.370000 0.370000 0.369999 0.369998 0.369995 0.369988 0.369978 0.369978
-9999.0 0.139076 0.151438 0.141458 0.155912 0.170138 0.171202 0.196785 0.232303 0.253098 0.320539 0.352440 0.365119 0.368456 0.369454 0.369858 0.369954 0.369989 0.369999 0.370000 0.370000 0.370000 0.370000 0.370000 0.370000 0.370000 0.370000 0.370000 0.370000 0.370000 0.370000 0.370000 0.370000 0.370000 0.370000 0.370000 0.370000 0.370000 0.370000 0.370000 0.370000 0.370000 0.370000 0.370000 0.370000 0.370000 0.370000 0.370000 0.370000 0.370000 0.369999 0.369999 0.369998 0.369997 0.369997 0.369995 0.369976 0.369942 0.369889 0.369800 0.369654 0.369355 0.369317
-9999.0 0.131922 0.140276 0.146566 0.159523 0.170066 0.182094 0.211650 0.284399 0.335392 0.357579 0.363709 0.368187 0.369685 0.369973 0.369996 0.369999 0.369999 0.370000 0.370000 0.370000 0.370000 0.370000 0.370000 0.370000 0.370000 0.370000 0.370000 0.369999 0.370000 0.370000 0.370000 0.370000 0.370000 0.370000 0.370000 0.370000 0.370000 0.370000 0.370000 0.370000 0.369999 0.369999 0.369998 0.369998 0.369997 0.369995 0.369990 0.369981 0.369970 0.369955 0.369939 0.369933 0.369918 0.369895 0.369844 0.369613 0.369176 0.368586 0.367643 0.365344 0.363969 0.362984
-9999.0 0.117138 0.143027 0.146411 0.154019 0.157123 0.160971 0.181311 0.220065 0.328525 0.365890 0.367284 0.368307 0.369355 0.369912 0.369994 0.369996 0.369978 0.369939 0.369915 0.369947 0.369982 0.369994 0.369998 0.369999 0.369998 0.369997 0.369994 0.369987 0.369983 0.369984 0.369981 0.369980 0.369983 0.369982 0.369986 0.369988 0.369981 0.369965 0.369934 0.369888 0.369840 0.369820 0.369821 0.369812 0.369786 0.369721 0.369612 0.369435 0.369224 0.369020 0.368854 0.368666 0.368371 0.367978 0.367460 0.365771 0.363670 0.360771 0.355180 0.344702 0.334267 0.329024
-9999.0 -9999.0 0.130616 0.146374 0.148536 0.151397 0.154427 0.168755 0.188197 0.258305 0.325935 0.350514 0.359325 0.364339 0.368054 0.369369 0.369482 0.369577 0.369119 0.369144 0.369302 0.369467 0.369633 0.369752 0.369816 0.369841 0.369851 0.369834 0.369774 0.369657 0.369481 0.369320 0.369214 0.369131 0.369295 0.369477 0.369458 0.369350 0.369122 0.368717 0.368261 0.367680 0.367496 0.367541 0.367522 0.367339 0.367005 0.366132 0.365046 0.363706 0.362967 0.362180 0.361334 0.359702 0.357804 0.355364 0.350133 0.343445 0.332995 0.308619 0.274028 0.242860 0.225749
-9999.0 -9999.0 0.114763 0.137920 0.148780 0.156770 0.155957 0.157728 0.177635 0.191201 0.213845 0.249691 0.290301 0.322285 0.338268 0.351150 0.355482 0.357242 0.357570 0.359485 0.362346 0.364485 0.365667 0.366581 0.367273 0.367736 0.368082 0.367624 0.367081 0.366101 0.364550 0.362315 0.360870 0.359974 0.360662 0.361745 0.361095 0.359584 0.357194 0.353938 0.351090 0.348072 0.347120 0.346738 0.346634 0.345908 0.344892 0.341754 0.337025 0.332690 0.328549 0.324533 0.321848 0.316252 0.308594 0.301816 0.285468 0.264918 0.245920 0.227135 0.210172 0.201002 0.193460
-9999.0 -9999.0 -9999.0 0.117176 0.131638 0.143137 0.148038 0.141884 0.146712 0.156800 0.165582 0.179193 0.189304 0.201014 0.218037 0.241151 0.256305 0.262681 0.266120 0.295151 0.311326 0.329842 0.340563 0.344254 0.347814 0.351067 0.351921 0.349733 0.347449 0.343320 0.335625 0.324103 0.315419 0.315036 0.315011 0.316671 0.312994 0.308793 0.299590 0.288594 0.277196 0.268429 0.264830 0.261571 0.259695 0.257056 0.254331 0.249022 0.242832 0.237182 0.232600 0.230899 0.229236 0.226561 0.223175 0.220509 0.216642 0.206980 0.199725 0.193124 0.186515 0.180838 0.175858
-9999.0 -9999.0 -9999.0 -9999.0 -9999.0 0.108532 0.136412 0.142737 0.143182 0.141159 0.144654 0.157151 0.156432 0.159266 0.165659 0.170021 0.172999 0.178357 0.188120 0.198101 0.211178 0.223247 0.239502 0.255198 0.264389 0.274458 0.278179 0.270859 0.263472 0.252771 0.237415 0.224073 0.221774 0.222320 0.222697 0.222195 0.219819 0.217818 0.215083 0.209602 0.204893 0.203516 0.202577 0.201502 0.200347 0.199446 0.198653 0.198113 0.195274 0.192789 0.193839 0.193278 0.192855 0.192793 0.191400 0.190427 0.190106 0.183639 0.179607 0.179713 0.173852 0.169837 0.169860
-9999.0 -9999.0 -9999.0 -9999.0 -9999.0 -9999.0 0.105693 0.122392 0.137037 0.141401 0.148130 0.153383 0.146958 0.149645 0.152726 0.156280 0.161629 0.162755 0.165592 0.169584 0.175026 0.178839 0.185234 0.193527 0.195028 0.197630 0.201752 0.197564 0.194905 0.193063 0.185188 0.185642 0.184328 0.185021 0.185257 0.185904 0.184753 0.183644 0.182918 0.179561 0.179137 0.178118 0.177641 0.177161 0.176661 0.176353 0.176276 0.176276 0.174333 0.175418 0.175887 0.175376 0.175086 0.175324 0.174641 0.173505 0.173422 0.170735 0.169920 0.169474 0.165216 0.164743 0.164062
