tests/Borden05m/data_simulated/sim_1/output-maps/thetaliqL0004N0007.asc
ncols         160
nrows         34
xllcorner     620200.000000
yllcorner     5168000.000000
cellsize      0.500000
NODATA_value  -9999.0
[rows 0 to 27 of 34, columns 0 to 62 of 160]
-9999.0 -9999.0 -9999.0 -9999.0 -9999.0 -9999.0 -9999.0 -9999.0 -9999.0 -9999.0 -9999.0 -9999.0 -9999.0 -9999.0 -9999.0 -9999.0 -9999.0 -9999.0 -9999.0 -9999.0 -9999.0 -9999.0 -9999.0 -9999.0 -9999.0 -9999.0 -9999.0 -9999.0 -9999.0 -9999.0 -9999.0 -9999.0 -9999.0 -9999.0 -9999.0 -9999.0 -9999.0 -9999.0 -9999.0 -9999.0 -9999.0 -9999.0 -9999.0 -9999.0 -9999.0 -9999.0 -9999.0 -9999.0 -9999.0 -9999.0 -9999.0 -9999.0 -9999.0 -9999.0 -9999.0 -9999.0 -9999.0 -9999.0 -9999.0 -9999.0 -9999.0 -9999.0 -9999.0
-9999.0 -9999.0 -9999.0 -9999.0 -9999.0 -9999.0 -9999.0 -9999.0 -9999.0 -9999.0 -9999.0 -9999.0 -9999.0 -9999.0 -9999.0 -9999.0 -9999.0 -9999.0 -9999.0 -9999.0 -9999.0 -9999.0 -9999.0 -9999.0 -9999.0 -9999.0 -9999.0 -9999.0 -9999.0 -9999.0 -9999.0 -9999.0 -9999.0 -9999.0 -9999.0 -9999.0 -9999.0 -9999.0 -9999.0 -9999.0 -9999.0 -9999.0 -9999.0 -9999.0 -9999.0 -9999.0 -9999.0 -9999.0 -9999.0 -9999.0 -9999.0 -9999.0 -9999.0 -9999.0 -9999.0 -9999.0 -9999.0 -9999.0 -9999.0 0.147299 0.145056 0.143367 0.142236
-9999.0 -9999.0 -9999.0 -9999.0 -9999.0 -9999.0 -9999.0 -9999.0 -9999.0 -9999.0 -9999.0 -9999.0 -9999.0 -9999.0 -9999.0 -9999.0 -9999.0 -9999.0 -9999.0 -9999.0 -9999.0 -9999.0 -9999.0 -9999.0 -9999.0 -9999.0 -9999.0 -9999.0 -9999.0 -9999.0 -9999.0 -9999.0 -9999.0 -9999.0 -9999.0 -9999.0 -9999.0 -9999.0 -9999.0 -9999.0 -9999.0 -9999.0 -9999.0 -9999.0 -9999.0 -9999.0 -9999.0 0.125960 0.120745 0.115086 0.113703 0.120065 0.123683 0.127362 0.130233 0.133044 0.136946 0.143266 0.143243 0.135714 0.134682 0.134245 0.134322
-9999.0 -9999.0 -9999.0 -9999.0 -9999.0 -9999.0 -9999.0 -9999.0 -9999.0 -9999.0 -9999.0 -9999.0 -9999.0 -9999.0 -9999.0 -9999.0 -9999.0 -9999.0 -9999.0 -9999.0 -9999.0 -9999.0 -9999.0 -9999.0 -9999.0 -9999.0 -9999.0 -9999.0 -9999.0 -9999.0 -9999.0 -9999.0 -9999.0 -9999.0 -9999.0 -9999.0 -9999.0 -9999.0 -9999.0 -9999.0 0.127981 0.130429 0.132290 0.128528 0.126594 0.126196 0.122117 0.117894 0.113921 0.114804 0.114947 0.112864 0.117419 0.121629 0.123771 0.125759 0.129840 0.136400 0.136289 0.130669 0.127294 0.126144 0.126682
-9999.0 -9999.0 -9999.0 -9999.0 -9999.0 -9999.0 -9999.0 -9999.0 -9999.0 -9999.0 -9999.0 -9999.0 -9999.0 -9999.0 -9999.0 -9999.0 -9999.0 -9999.0 -9999.0 -9999.0 -9999.0 -9999.0 -9999.0 -9999.0 -9999.0 -9999.0 -9999.0 -9999.0 -9999.0 -9999.0 -9999.0 -9999.0 -9999.0 -9999.0 0.114760 0.118952 0.121296 0.123680 0.126935 0.126416 0.126023 0.128151 0.126283 0.125905 0.123299 0.118810 0.114545 0.112151 0.113980 0.113228 0.113380 0.115575 0.117352 0.118526 0.122117 0.127666 0.126156 0.128022 0.127657 0.125442 0.127206 0.128725 0.129748
-9999.0 -9999.0 -9999.0 -9999.0 -9999.0 -9999.0 -9999.0 -9999.0 -9999.0 -9999.0 -9999.0 -9999.0 -9999.0 -9999.0 -9999.0 -9999.0 -9999.0 -9999.0 -9999.0 -9999.0 -9999.0 -9999.0 -9999.0 -9999.0 -9999.0 -9999.0 -9999.0 -9999.0 0.120461 0.118770 0.117481 0.117500 0.116935 0.114933 0.114639 0.115388 0.117948 0.121996 0.123102 0.123030 0.123593 0.122855 0.120480 0.120134 0.122437 0.119673 0.118106 0.116250 0.112494 0.111647 0.113855 0.116251 0.118585 0.119710 0.120782 0.121589 0.122902 0.129592 0.131586 0.128181 0.126147 0.125145 0.125572
-9999.0 -9999.0 -9999.0 -9999.0 -9999.0 -9999.0 -9999.0 -9999.0 -9999.0 -9999.0 -9999.0 -9999.0 -9999.0 -9999.0 -9999.0 -9999.0 -9999.0 -9999.0 -9999.0 -9999.0 -9999.0 -9999.0 -9999.0 0.117039 0.118569 0.119262 0.120702 0.120079 0.117048 0.115093 0.114240 0.113572 0.112104 0.112059 0.112270 0.113591 0.114817 0.118846 0.117619 0.116933 0.120232 0.119664 0.121691 0.124016 0.123375 0.123661 0.119090 0.115866 0.119028 0.120522 0.120653 0.120325 0.121984 0.124238 0.127098 0.131602 0.137303 0.142461 0.149805 0.145261 0.141611 0.135940 0.136371
-9999.0 -9999.0 -9999.0 -9999.0 -9999.0 -9999.0 -9999.0 -9999.0 -9999.0 -9999.0 -9999.0 -9999.0 -9999.0 -9999.0 -9999.0 -9999.0 -9999.0 -9999.0 -9999.0 0.116549 0.116139 0.115325 0.115749 0.113115 0.112082 0.112977 0.114574 0.113797 0.112278 0.110999 0.111175 0.111401 0.111207 0.113406 0.115392 0.116387 0.116490 0.119890 0.121335 0.123521 0.128436 0.125636 0.122814 0.121365 0.121237 0.120531 0.123103 0.123992 0.124491 0.124580 0.125051 0.126171 0.127232 0.131796 0.136564 0.141108 0.145677 0.151314 0.160155 0.156804 0.150168 0.143519 0.143511
-9999.0 -9999.0 -9999.0 -9999.0 -9999.0 -9999.0 -9999.0 -9999.0 -9999.0 -9999.0 -9999.0 -9999.0 -9999.0 -9999.0 -9999.0 -9999.0 0.115621 0.115418 0.114420 0.112888 0.111562 0.111611 0.112812 0.110930 0.110396 0.110968 0.110276 0.111398 0.112591 0.113995 0.114701 0.113397 0.113857 0.113961 0.114208 0.115414 0.119148 0.122922 0.124379 0.127353 0.132124 0.129924 0.128880 0.128996 0.127695 0.129336 0.136247 0.135745 0.133581 0.141102 0.145633 0.144863 0.144926 0.150768 0.159746 0.171352 0.189627 0.201968 0.215765 0.220400 0.206925 0.204131 0.208129
-9999.0 -9999.0 -9999.0 -9999.0 -9999.0 -9999.0 -9999.0 -9999.0 -9999.0 -9999.0 -9999.0 -9999.0 -9999.0 0.114401 0.114241 0.114673 0.112213 0.110312 0.109240 0.107803 0.110002 0.108643 0.108325 0.108810 0.110819 0.111046 0.111464 0.112897 0.112732 0.112384 0.112068 0.111203 0.113111 0.115162 0.116862 0.120027 0.122914 0.125586 0.129677 0.131291 0.134257 0.133830 0.131445 0.131032 0.133348 0.140083 0.146034 0.148836 0.158989 0.170110 0.175691 0.182618 0.186054 0.190758 0.201336 0.228936 0.262492 0.294066 0.313522 0.331535 0.332848 0.335916 0.338315
-9999.0 -9999.0 -9999.0 -9999.0 -9999.0 -9999.0 -9999.0 -9999.0 -9999.0 -9999.0 0.109950 0.111289 0.109312 0.105908 0.104568 0.105452 0.106418 0.105304 0.105523 0.109299 0.111593 0.108321 0.110878 0.111125 0.109869 0.110476 0.111734 0.112253 0.114990 0.115500 0.115992 0.120574 0.122319 0.124220 0.126711 0.129594 0.132581 0.141460 0.149818 0.151143 0.162301 0.169530 0.164265 0.162378 0.164227 0.172409 0.185689 0.203925 0.219252 0.242875 0.266046 0.281481 0.292557 0.305201 0.319777 0.351453 0.369730 0.369980 0.369998 0.369999 0.370000 0.370000 0.370000
-9999.0 -9999.0 -9999.0 -9999.0 -9999.0 -9999.0 -9999.0 -9999.0 0.104735 0.106705 0.107998 0.106418 0.104371 0.100941 0.102349 0.103797 0.104874 0.106450 0.107334 0.108171 0.107633 0.109131 0.111795 0.111468 0.112026 0.113945 0.114418 0.116404 0.119383 0.119057 0.121205 0.124463 0.127540 0.130465 0.133893 0.136732 0.146085 0.159188 0.173685 0.186191 0.203319 0.223227 0.220780 0.222381 0.223764 0.248146 0.280862 0.315857 0.349623 0.369467 0.369965 0.369992 0.369996 0.369998 0.370000 0.370000 0.370000 0.370000 0.370000 0.370000 0.370000 0.370000 0.370000
-9999.0 -9999.0 -9999.0 -9999.0 -9999.0 -9999.0 0.101761 0.106057 0.108309 0.103478 0.100059 0.098972 0.097145 0.101413 0.105585 0.106571 0.107405 0.108402 0.108242 0.105848 0.112963 0.111568 0.110731 0.113299 0.113648 0.114368 0.116360 0.120406 0.123058 0.131433 0.138634 0.145461 0.154218 0.160188 0.166290 0.173336 0.190724 0.215157 0.243893 0.274102 0.304334 0.334406 0.345149 0.351625 0.361271 0.369596 0.369969 0.369998 0.370000 0.370000 0.370000 0.370000 0.370000 0.370000 0.370000 0.370000 0.370000 0.370000 0.370000 0.370000 0.370000 0.370000 0.370000
-9999.0 -9999.0 -9999.0 -9999.0 0.103654 0.104735 0.104140 0.108160 0.111148 0.105117 0.107251 0.106227 0.104360 0.102260 0.099956 0.101938 0.103258 0.104290 0.104346 0.111161 0.118002 0.114893 0.118784 0.126069 0.125514 0.127042 0.128373 0.132773 0.140449 0.150814 0.173145 0.194970 0.209214 0.224228 0.238554 0.259151 0.290406 0.330115 0.366332 0.369912 0.369993 0.369999 0.370000 0.370000 0.370000 0.370000 0.370000 0.370000 0.370000 0.370000 0.370000 0.370000 0.370000 0.370000 0.370000 0.370000 0.370000 0.370000 0.370000 0.370000 0.370000 0.370000 0.370000
-9999.0 -9999.0 -9999.0 0.100866 0.105126 0.106968 0.105180 0.106262 0.109936 0.106826 0.106387 0.105963 0.105762 0.105979 0.105945 0.107389 0.107932 0.107440 0.108850 0.113703 0.116956 0.121973 0.126582 0.132978 0.138568 0.141439 0.145107 0.153098 0.172281 0.194075 0.232472 0.285249 0.324244 0.348722 0.365303 0.369816 0.369975 0.369999 0.370000 0.370000 0.370000 0.370000 0.370000 0.370000 0.370000 0.370000 0.370000 0.370000 0.370000 0.370000 0.370000 0.370000 0.370000 0.370000 0.370000 0.370000 0.370000 0.370000 0.370000 0.370000 0.370000 0.370000 0.370000
-9999.0 -9999.0 0.101295 0.103773 0.102369 0.105641 0.109597 0.107594 0.112407 0.114287 0.110224 0.113021 0.114710 0.112391 0.114570 0.117064 0.118530 0.115546 0.114008 0.120299 0.134392 0.148176 0.156707 0.189579 0.208845 0.221289 0.226124 0.244832 0.273657 0.322901 0.367692 0.369936 0.369997 0.370000 0.370000 0.370000 0.370000 0.370000 0.370000 0.370000 0.370000 0.370000 0.370000 0.370000 0.370000 0.370000 0.370000 0.370000 0.370000 0.370000 0.370000 0.370000 0.370000 0.370000 0.370000 0.370000 0.370000 0.370000 0.370000 0.370000 0.370000 0.370000 0.370000
-9999.0 -9999.0 0.098666 0.102508 0.100150 0.106556 0.113637 0.108265 0.110969 0.118571 0.117451 0.119111 0.119174 0.120560 0.124743 0.132167 0.129400 0.128495 0.122628 0.142144 0.164080 0.201278 0.272927 0.325806 0.355327 0.359153 0.363003 0.369353 0.369911 0.369996 0.370000 0.370000 0.370000 0.370000 0.370000 0.370000 0.370000 0.370000 0.370000 0.370000 0.370000 0.370000 0.370000 0.370000 0.370000 0.370000 0.370000 0.370000 0.370000 0.370000 0.370000 0.370000 0.370000 0.370000 0.370000 0.370000 0.370000 0.370000 0.370000 0.370000 0.370000 0.370000 0.370000
-9999.0 0.097525 0.099422 0.099723 0.103840 0.103111 0.108891 0.118095 0.119371 0.123984 0.125560 0.122735 0.142406 0.162887 0.171213 0.189503 0.182249 0.177408 0.166290 0.189173 0.232892 0.335598 0.369899 0.369998 0.370000 0.370000 0.370000 0.370000 0.370000 0.370000 0.370000 0.370000 0.370000 0.370000 0.370000 0.370000 0.370000 0.370000 0.370000 0.370000 0.370000 0.370000 0.370000 0.370000 0.370000 0.370000 0.370000 0.370000 0.370000 0.370000 0.370000 0.370000 0.370000 0.370000 0.370000 0.370000 0.370000 0.370000 0.370000 0.370000 0.370000 0.370000 0.370000
-9999.0 0.092567 0.099075 0.103598 0.102216 0.099873 0.112065 0.136292 0.130742 0.131013 0.132819 0.149468 0.203150 0.262566 0.297731 0.333031 0.328535 0.314207 0.312412 0.346554 0.369439 0.369990 0.370000 0.370000 0.370000 0.370000 0.370000 0.370000 0.370000 0.370000 0.370000 0.370000 0.370000 0.370000 0.370000 0.370000 0.370000 0.370000 0.370000 0.370000 0.370000 0.370000 0.370000 0.370000 0.370000 0.370000 0.370000 0.370000 0.370000 0.370000 0.370000 0.370000 0.370000 0.370000 0.370000 0.370000 0.370000 0.370000 0.370000 0.370000 0.370000 0.370000 0.370000
-9999.0 0.097447 0.106084 0.103872 0.097383 0.108229 0.115073 0.133892 0.152413 0.152769 0.175499 0.253865 0.353855 0.369907 0.369996 0.369999 0.369999 0.369998 0.369999 0.370000 0.370000 0.370000 0.370000 0.370000 0.370000 0.370000 0.370000 0.370000 0.370000 0.370000 0.370000 0.370000 0.370000 0.370000 0.370000 0.370000 0.370000 0.370000 0.370000 0.370000 0.370000 0.370000 0.370000 0.370000 0.370000 0.370000 0.370000 0.370000 0.370000 0.370000 0.370000 0.370000 0.370000 0.370000 0.370000 0.370000 0.370000 0.370000 0.370000 0.370000 0.370000 0.370000 0.370000
-9999.0 0.089206 0.099307 0.090806 0.103321 0.118612 0.118873 0.151901 0.202809 0.218384 0.316572 0.369815 0.370000 0.370000 0.370000 0.370000 0.370000 0.370000 0.370000 0.370000 0.370000 0.370000 0.370000 0.370000 0.370000 0.370000 0.370000 0.370000 0.370000 0.370000 0.370000 0.370000 0.370000 0.370000 0.370000 0.370000 0.370000 0.370000 0.370000 0.370000 0.370000 0.370000 0.370000 0.370000 0.370000 0.370000 0.370000 0.370000 0.370000 0.370000 0.370000 0.370000 0.370000 0.370000 0.370000 0.370000 0.370000 0.370000 0.370000 0.370000 0.370000 0.370000 0.370000
-9999.0 0.084522 0.090049 0.094936 0.107050 0.118591 0.133044 0.174449 0.278028 0.343463 0.369877 0.370000 0.370000 0.370000 0.370000 0.370000 0.370000 0.370000 0.370000 0.370000 0.370000 0.370000 0.370000 0.370000 0.370000 0.370000 0.370000 0.370000 0.370000 0.370000 0.370000 0.370000 0.370000 0.370000 0.370000 0.370000 0.370000 0.370000 0.370000 0.370000 0.370000 0.370000 0.370000 0.370000 0.370000 0.370000 0.370000 0.370000 0.370000 0.370000 0.370000 0.370000 0.370000 0.370000 0.370000 0.370000 0.370000 0.370000 0.370000 0.370000 0.370000 0.370000 0.369999
-9999.0 0.076986 0.092244 0.094786 0.101550 0.104331 0.108026 0.131129 0.180088 0.337199 0.369997 0.370000 0.370000 0.370000 0.370000 0.370000 0.370000 0.370000 0.370000 0.370000 0.370000 0.370000 0.370000 0.370000 0.370000 0.370000 0.370000 0.370000 0.370000 0.370000 0.370000 0.370000 0.370000 0.370000 0.370000 0.370000 0.370000 0.370000 0.370000 0.370000 0.370000 0.370000 0.370000 0.370000 0.370000 0.370000 0.370000 0.370000 0.370000 0.370000 0.370000 0.370000 0.370000 0.370000 0.370000 0.370000 0.370000 0.370000 0.369993 0.369826 0.351737 0.319035 0.313064
-9999.0 -9999.0 0.083724 0.094896 0.096533 0.098935 0.101665 0.116500 0.139205 0.234695 0.334988 0.369819 0.369996 0.370000 0.370000 0.370000 0.370000 0.370000 0.370000 0.370000 0.370000 0.370000 0.370000 0.370000 0.370000 0.370000 0.370000 0.370000 0.370000 0.370000 0.370000 0.370000 0.370000 0.370000 0.370000 0.370000 0.370000 0.370000 0.370000 0.370000 0.370000 0.370000 0.370000 0.370000 0.370000 0.370000 0.370000 0.370000 0.370000 0.369999 0.369999 0.369999 0.369998 0.369995 0.369984 0.369910 0.366822 0.342593 0.314492 0.273057 0.233816 0.202571 0.183648
-9999.0 -9999.0 0.076007 0.088477 0.096950 0.104397 0.103270 0.104970 0.127713 0.143922 0.170954 0.219794 0.274015 0.321788 0.363172 0.369889 0.369982 0.369992 0.369994 0.369996 0.369999 0.370000 0.370000 0.370000 0.370000 0.370000 0.370000 0.370000 0.370000 0.370000 0.370000 0.369998 0.369995 0.369993 0.369995 0.369997 0.369995 0.369991 0.369980 0.369932 0.369555 0.364016 0.359500 0.358054 0.357743 0.355639 0.352196 0.342370 0.329141 0.319060 0.310829 0.303179 0.298586 0.288419 0.275879 0.267176 0.247271 0.227425 0.209715 0.189422 0.168329 0.156683 0.146755
-9999.0 -9999.0 -9999.0 0.076993 0.084348 0.092354 0.096228 0.091182 0.095109 0.104150 0.112867 0.127824 0.139652 0.153011 0.172582 0.206918 0.229211 0.236566 0.236878 0.273996 0.292311 0.322347 0.345703 0.355917 0.366070 0.369540 0.369736 0.368894 0.364183 0.351000 0.328663 0.303825 0.288679 0.288723 0.289484 0.293934 0.287861 0.281226 0.266838 0.251531 0.237504 0.227761 0.224915 0.221798 0.220288 0.217758 0.215511 0.210281 0.204150 0.198123 0.192911 0.191555 0.190012 0.187307 0.183774 0.181132 0.177065 0.164509 0.155061 0.146372 0.137890 0.130778 0.124709
-9999.0 -9999.0 -9999.0 -9999.0 -9999.0 0.073873 0.087499 0.092004 0.092244 0.090729 0.093402 0.104276 0.103640 0.106399 0.112714 0.117112 0.120247 0.126403 0.138310 0.150668 0.167727 0.181977 0.201030 0.218701 0.227594 0.239480 0.243895 0.234301 0.226594 0.215512 0.198411 0.182563 0.180942 0.182014 0.182631 0.181893 0.178979 0.176695 0.173605 0.166649 0.160719 0.159308 0.158254 0.156915 0.155411 0.154274 0.153293 0.152711 0.149034 0.145792 0.147206 0.146488 0.145949 0.145892 0.144089 0.142849 0.142492 0.134214 0.129197 0.129287 0.122293 0.117666 0.117654
-9999.0 -9999.0 -9999.0 -9999.0 -9999.0 -9999.0 0.072953 0.079388 0.087911 0.090994 0.096264 0.100899 0.095169 0.097534 0.100256 0.103492 0.108761 0.109824 0.112844 0.117261 0.123503 0.128032 0.135863 0.146418 0.148027 0.151184 0.156726 0.151196 0.147982 0.145930 0.136035 0.136650 0.135024 0.135858 0.136131 0.136926 0.135494 0.134117 0.133236 0.129141 0.128638 0.127426 0.126848 0.126261 0.125658 0.125289 0.125189 0.125186 0.122918 0.124155 0.124691 0.124080 0.123730 0.123987 0.123191 0.121858 0.121735 0.118651 0.117733 0.117211 0.112530 0.112031 0.111314
