tests/Borden05m/data_simulated/sim_1/output-maps/thetaliqL0005N0019.asc
ncols         160
nrows         34
xllcorner     620200.000000
yllcorner     5168000.000000
cellsize      0.500000
NODATA_value  -9999.0
[rows 0 to 27 of 34, columns 63 to 125 of 160]
-9999.0 -9999.0 -9999.0 -9999.0 -9999.0 -9999.0 -9999.0 -9999.0 -9999.0 -9999.0 -9999.0 -9999.0 -9999.0 -9999.0 -9999.0 -9999.0 -9999.0 -9999.0 -9999.0 -9999.0 -9999.0 -9999.0 -9999.0 -9999.0 -9999.0 -9999.0 -9999.0 -9999.0 -9999.0 -9999.0 -9999.0 -9999.0 -9999.0 -9999.0 -9999.0 -9999.0 -9999.0 -9999.0 -9999.0 -9999.0 -9999.0 -9999.0 -9999.0 -9999.0 -9999.0 -9999.0 -9999.0 -9999.0 -9999.0 -9999.0 -9999.0 -9999.0 -9999.0 -9999.0 -9999.0 -9999.0 -9999.0 -9999.0 -9999.0 -9999.0 -9999.0 -9999.0 -9999.0
0.155065 0.151115 0.147174 0.145933 0.145890 0.145329 0.144497 0.146607 0.149673 0.152587 0.155932 0.156236 0.157042 0.158241 0.158527 0.157874 0.156270 0.154924 0.153490 0.153832 0.149647 0.144299 0.140341 0.139355 0.141976 0.143981 0.144372 0.146768 0.151557 0.156266 0.159302 0.165001 0.166384 0.168979 0.171587 0.169182 0.167849 0.166969 0.166081 0.159769 -9999.0 -9999.0 -9999.0 -9999.0 -9999.0 -9999.0 -9999.0 -9999.0 -9999.0 -9999.0 -9999.0 -9999.0 -9999.0 -9999.0 -9999.0 -9999.0 -9999.0 -9999.0 -9999.0 -9999.0 -9999.0 -9999.0 -9999.0
0.146738 0.142604 0.140830 0.138147 0.137159 0.136941 0.136351 0.137660 0.142147 0.145710 0.147344 0.147532 0.147930 0.147452 0.146939 0.146921 0.145573 0.144164 0.142753 0.142482 0.143916 0.140367 0.138313 0.136765 0.135670 0.136518 0.137295 0.138044 0.142465 0.145391 0.148182 0.155149 0.161774 0.164235 0.162354 0.159570 0.158890 0.157054 0.153236 0.149367 0.146761 0.144562 0.143188 0.141036 0.144133 0.145596 0.150089 0.154455 0.159793 0.166419 -9999.0 -9999.0 -9999.0 -9999.0 -9999.0 -9999.0 -9999.0 -9999.0 -9999.0 -9999.0 -9999.0 -9999.0 -9999.0
0.140806 0.139245 0.136790 0.133953 0.137722 0.137621 0.137619 0.138692 0.140224 0.140934 0.141916 0.143698 0.148022 0.148486 0.148385 0.148489 0.147610 0.146108 0.145700 0.144621 0.141610 0.141669 0.142199 0.141866 0.144884 0.145357 0.146647 0.141829 0.143111 0.145437 0.147791 0.150184 0.152748 0.154926 0.152791 0.153369 0.150056 0.144169 0.140788 0.138984 0.140323 0.140716 0.137958 0.131537 0.135059 0.143175 0.143913 0.144096 0.149489 0.155204 0.161600 0.161676 0.161305 0.161637 0.161624 0.154831 0.149279 0.144589 0.136709 -9999.0 -9999.0 -9999.0 -9999.0
0.141047 0.138799 0.136760 0.143370 0.147227 0.146717 0.147824 0.149728 0.149293 0.141425 0.139571 0.143387 0.147968 0.150356 0.149499 0.149032 0.147873 0.147551 0.147832 0.146644 0.147662 0.148993 0.148520 0.151183 0.154188 0.156286 0.150700 0.145550 0.145789 0.150018 0.153909 0.157042 0.163044 0.170987 0.169949 0.167178 0.163940 0.159322 0.148456 0.139807 0.136128 0.134245 0.131890 0.132551 0.131519 0.137239 0.137408 0.137248 0.141017 0.144919 0.149330 0.152201 0.151899 0.152307 0.152371 0.149207 0.143746 0.139583 0.135787 0.129811 0.122418 0.113407 0.113704
0.138590 0.139500 0.146027 0.151618 0.159322 0.158872 0.159665 0.159368 0.153022 0.147611 0.144809 0.153718 0.162500 0.166553 0.165794 0.165271 0.171862 0.169871 0.168187 0.163976 0.165582 0.166551 0.174801 0.179217 0.183888 0.182265 0.173797 0.166684 0.165725 0.166625 0.166867 0.169948 0.176564 0.184080 0.180111 0.176085 0.172087 0.155679 0.142778 0.136952 0.140370 0.142505 0.141196 0.140889 0.140248 0.136173 0.136735 0.136960 0.135816 0.141356 0.147251 0.148499 0.144531 0.142912 0.143555 0.141294 0.139167 0.135043 0.130800 0.126971 0.117598 0.118415 0.114715
0.157729 0.161620 0.167984 0.178614 0.195844 0.196341 0.198776 0.203272 0.194301 0.185172 0.174960 0.186795 0.192615 0.199143 0.201278 0.212453 0.222601 0.217134 0.208524 0.199823 0.205654 0.219541 0.233819 0.239114 0.241898 0.243577 0.234318 0.229617 0.226253 0.225686 0.220469 0.221689 0.232730 0.248929 0.249780 0.238666 0.218854 0.191397 0.168354 0.156140 0.162296 0.158960 0.156604 0.156148 0.149029 0.144243 0.146814 0.142204 0.139036 0.145651 0.147634 0.147614 0.143026 0.148263 0.145650 0.138394 0.132789 0.128850 0.125660 0.122026 0.122259 0.120186 0.116858
0.180963 0.186340 0.200675 0.222999 0.249618 0.265374 0.276176 0.286030 0.278685 0.268566 0.257383 0.260693 0.274848 0.288762 0.302148 0.314974 0.325391 0.322081 0.315331 0.313873 0.317539 0.329581 0.338243 0.341284 0.342845 0.345113 0.342909 0.338916 0.333510 0.327222 0.320727 0.316009 0.326584 0.335350 0.333699 0.315643 0.291331 0.255850 0.219318 0.188013 0.183885 0.185438 0.186153 0.175445 0.167437 0.157106 0.152787 0.150535 0.142715 0.145900 0.148059 0.153907 0.161215 0.162056 0.153531 0.146940 0.140187 0.133977 0.129569 0.130189 0.129933 0.126709 0.124069
0.298450 0.304302 0.317073 0.338099 0.353342 0.360166 0.363746 0.364318 0.363278 0.361953 0.359450 0.358030 0.360604 0.362643 0.364184 0.365361 0.366308 0.366837 0.366780 0.366782 0.366956 0.367191 0.367536 0.367877 0.368175 0.368458 0.368527 0.368180 0.367752 0.367164 0.366511 0.366263 0.366104 0.366545 0.366467 0.364795 0.361360 0.354554 0.340260 0.317857 0.293971 0.290945 0.274378 0.255982 0.233462 0.199426 0.185927 0.176691 0.156421 0.153983 0.160897 0.170395 0.176215 0.164928 0.157042 0.149237 0.141439 0.133907 0.133700 0.135133 0.135123 0.133470 0.132968
0.363760 0.364398 0.365182 0.367494 0.368928 0.369570 0.369818 0.369878 0.369834 0.369768 0.369664 0.369543 0.369544 0.369695 0.369822 0.369901 0.369935 0.369944 0.369940 0.369941 0.369944 0.369951 0.369956 0.369964 0.369974 0.369985 0.369993 0.369992 0.369978 0.369957 0.369909 0.369871 0.369851 0.369818 0.369813 0.369803 0.369561 0.369068 0.367952 0.365812 0.363353 0.360088 0.355256 0.347908 0.325116 0.287539 0.249581 0.218450 0.190158 0.182962 0.207109 0.230018 0.218610 0.209498 0.196843 0.180205 0.166269 0.152472 0.150991 0.150986 0.148847 0.146436 0.143996
0.369804 0.369849 0.369893 0.369951 0.369992 0.369999 0.370000 0.370000 0.370000 0.370000 0.370000 0.370000 0.370000 0.370000 0.370000 0.370000 0.370000 0.370000 0.370000 0.370000 0.370000 0.370000 0.370000 0.370000 0.370000 0.370000 0.370000 0.370000 0.370000 0.370000 0.370000 0.370000 0.370000 0.370000 0.370000 0.370000 0.370000 0.369997 0.369979 0.369858 0.369586 0.369163 0.368765 0.368172 0.367328 0.364003 0.360825 0.353476 0.338118 0.315932 0.332118 0.323340 0.311264 0.291849 0.263320 0.236973 0.213045 0.191539 0.185387 0.182976 0.178460 0.175535 0.170844
0.370000 0.370000 0.370000 0.370000 0.370000 0.370000 0.370000 0.370000 0.370000 0.370000 0.370000 0.370000 0.370000 0.370000 0.370000 0.370000 0.370000 0.370000 0.370000 0.370000 0.370000 0.370000 0.370000 0.370000 0.370000 0.370000 0.370000 0.370000 0.370000 0.370000 0.370000 0.370000 0.370000 0.370000 0.370000 0.370000 0.370000 0.370000 0.370000 0.370000 0.369998 0.369990 0.369970 0.369942 0.369910 0.369866 0.369768 0.369457 0.368435 0.366415 0.365134 0.364001 0.361987 0.356217 0.345555 0.331126 0.300994 0.262791 0.237010 0.228206 0.220339 0.212126 0.202622
0.370000 0.370000 0.370000 0.370000 0.370000 0.370000 0.370000 0.370000 0.370000 0.370000 0.370000 0.370000 0.370000 0.370000 0.370000 0.370000 0.370000 0.370000 0.370000 0.370000 0.370000 0.370000 0.370000 0.370000 0.370000 0.370000 0.370000 0.370000 0.370000 0.370000 0.370000 0.370000 0.370000 0.370000 0.370000 0.370000 0.370000 0.370000 0.370000 0.370000 0.370000 0.370000 0.370000 0.370000 0.370000 0.370000 0.370000 0.369997 0.369985 0.369920 0.369671 0.369508 0.369201 0.368444 0.367451 0.366400 0.362849 0.355530 0.344447 0.335187 0.316951 0.293599 0.272884
0.370000 0.370000 0.370000 0.370000 0.370000 0.370000 0.370000 0.370000 0.370000 0.370000 0.370000 0.370000 0.370000 0.370000 0.370000 0.370000 0.370000 0.370000 0.370000 0.370000 0.370000 0.370000 0.370000 0.370000 0.370000 0.370000 0.370000 0.370000 0.370000 0.370000 0.370000 0.370000 0.370000 0.370000 0.370000 0.370000 0.370000 0.370000 0.370000 0.370000 0.370000 0.370000 0.370000 0.370000 0.370000 0.370000 0.370000 0.370000 0.370000 0.370000 0.369997 0.369989 0.369976 0.369961 0.369935 0.369882 0.369597 0.368826 0.367500 0.365967 0.362927 0.358275 0.350919
0.370000 0.370000 0.370000 0.370000 0.370000 0.370000 0.370000 0.370000 0.370000 0.370000 0.370000 0.370000 0.370000 0.370000 0.370000 0.370000 0.370000 0.370000 0.370000 0.370000 0.370000 0.370000 0.370000 0.370000 0.370000 0.370000 0.370000 0.370000 0.370000 0.370000 0.370000 0.370000 0.370000 0.370000 0.370000 0.370000 0.370000 0.370000 0.370000 0.370000 0.370000 0.370000 0.370000 0.370000 0.370000 0.370000 0.370000 0.370000 0.370000 0.370000 0.370000 0.370000 0.370000 0.370000 0.370000 0.370000 0.369995 0.369965 0.369855 0.369631 0.369196 0.368444 0.367252
0.370000 0.370000 0.370000 0.370000 0.370000 0.370000 0.370000 0.370000 0.370000 0.370000 0.370000 0.370000 0.370000 0.370000 0.370000 0.370000 0.370000 0.370000 0.370000 0.370000 0.370000 0.370000 0.370000 0.370000 0.370000 0.370000 0.370000 0.370000 0.370000 0.370000 0.370000 0.370000 0.370000 0.370000 0.370000 0.370000 0.370000 0.370000 0.370000 0.370000 0.370000 0.370000 0.370000 0.370000 0.370000 0.370000 0.370000 0.370000 0.370000 0.370000 0.370000 0.370000 0.370000 0.370000 0.370000 0.370000 0.370000 0.370000 0.369999 0.369990 0.369956 0.369879 0.369714
0.370000 0.370000 0.370000 0.370000 0.370000 0.370000 0.370000 0.370000 0.370000 0.370000 0.370000 0.370000 0.370000 0.370000 0.370000 0.370000 0.370000 0.370000 0.370000 0.370000 0.370000 0.370000 0.370000 0.370000 0.370000 0.370000 0.370000 0.370000 0.370000 0.370000 0.370000 0.370000 0.370000 0.370000 0.370000 0.370000 0.370000 0.370000 0.370000 0.370000 0.370000 0.370000 0.370000 0.370000 0.370000 0.370000 0.370000 0.370000 0.370000 0.370000 0.370000 0.370000 0.370000 0.370000 0.370000 0.370000 0.370000 0.370000 0.370000 0.370000 0.370000 0.369999 0.369993
0.370000 0.370000 0.370000 0.370000 0.370000 0.370000 0.370000 0.370000 0.370000 0.370000 0.370000 0.370000 0.370000 0.370000 0.370000 0.369999 0.369999 0.369998 0.369999 0.370000 0.370000 0.370000 0.369999 0.369997 0.369995 0.369994 0.369994 0.369997 0.370000 0.370000 0.370000 0.370000 0.370000 0.370000 0.370000 0.370000 0.370000 0.370000 0.370000 0.370000 0.370000 0.370000 0.370000 0.370000 0.370000 0.370000 0.370000 0.370000 0.370000 0.370000 0.370000 0.370000 0.370000 0.370000 0.370000 0.370000 0.370000 0.370000 0.370000 0.370000 0.370000 0.370000 0.370000
0.370000 0.370000 0.370000 0.370000 0.370000 0.370000 0.369998 0.369998 0.369996 0.369995 0.369991 0.369985 0.369972 0.369941 0.369881 0.369795 0.369758 0.369720 0.369676 0.369765 0.369798 0.369779 0.369717 0.369639 0.369593 0.369561 0.369609 0.369744 0.369837 0.369896 0.369917 0.369898 0.369917 0.369934 0.369937 0.369969 0.369986 0.369996 0.369999 0.370000 0.370000 0.370000 0.370000 0.370000 0.370000 0.370000 0.370000 0.370000 0.370000 0.370000 0.370000 0.370000 0.370000 0.370000 0.370000 0.370000 0.370000 0.370000 0.370000 0.370000 0.370000 0.370000 0.370000
0.370000 0.370000 0.369999 0.369985 0.369933 0.369864 0.369723 0.369625 0.369520 0.369139 0.368792 0.368504 0.368526 0.368037 0.367128 0.366122 0.365543 0.365085 0.364047 0.363612 0.364043 0.364963 0.364304 0.363918 0.364186 0.363944 0.363720 0.364623 0.365909 0.366550 0.367118 0.367587 0.367823 0.368116 0.368929 0.369267 0.369519 0.369746 0.369885 0.369956 0.369983 0.369992 0.369997 0.369999 0.370000 0.370000 0.370000 0.370000 0.370000 0.370000 0.370000 0.370000 0.370000 0.370000 0.370000 0.370000 0.370000 0.370000 0.370000 0.370000 0.370000 0.370000 0.370000
0.369972 0.369949 0.369754 0.369179 0.368192 0.367092 0.365309 0.363713 0.360583 0.353791 0.347219 0.347242 0.349136 0.347278 0.340172 0.331778 0.324058 0.314527 0.301109 0.292234 0.299743 0.307684 0.309502 0.310274 0.312930 0.313293 0.312530 0.312524 0.322028 0.329121 0.335747 0.340876 0.345421 0.354725 0.360600 0.363367 0.365572 0.367111 0.368302 0.369081 0.369482 0.369676 0.369827 0.369919 0.369969 0.369991 0.369999 0.370000 0.370000 0.370000 0.370000 0.370000 0.370000 0.370000 0.370000 0.370000 0.370000 0.370000 0.370000 0.370000 0.370000 0.370000 0.370000
0.368882 0.367721 0.364752 0.359380 0.351807 0.340979 0.325184 0.303493 0.274322 0.245257 0.226598 0.233451 0.239487 0.246750 0.232932 0.220647 0.215094 0.203567 0.193063 0.182623 0.189951 0.195982 0.207036 0.208171 0.209828 0.214498 0.212681 0.211367 0.206664 0.214763 0.222299 0.232108 0.255463 0.280883 0.305273 0.323741 0.338469 0.349837 0.357955 0.362931 0.365781 0.367217 0.368219 0.368963 0.369408 0.369679 0.369858 0.369955 0.369987 0.369996 0.369999 0.370000 0.370000 0.370000 0.370000 0.370000 0.370000 0.370000 0.370000 0.370000 0.370000 0.370000 0.370000
0.347329 0.330849 0.296083 0.268102 0.245991 0.223756 0.206163 0.191866 0.174793 0.162546 0.150098 0.153511 0.160273 0.169327 0.162778 0.160615 0.160378 0.154722 0.148750 0.141804 0.143291 0.149913 0.158166 0.159840 0.162424 0.166898 0.166894 0.163142 0.157148 0.159596 0.165870 0.173387 0.186287 0.200544 0.215910 0.231217 0.250976 0.274433 0.299644 0.324341 0.342533 0.351929 0.359282 0.363809 0.366033 0.367073 0.368023 0.368982 0.369412 0.369701 0.369864 0.369934 0.369985 0.369999 0.370000 0.370000 0.370000 0.370000 0.370000 0.370000 0.370000 0.370000 0.370000
0.218175 0.193143 0.179332 0.169139 0.160088 0.152322 0.144707 0.138114 0.132461 0.126068 0.118248 0.120946 0.125938 0.131617 0.132036 0.131142 0.130914 0.128731 0.124240 0.118578 0.121324 0.126165 0.131107 0.133611 0.135341 0.138111 0.136441 0.132626 0.128264 0.130897 0.136226 0.140854 0.146981 0.155501 0.165078 0.175524 0.187953 0.201857 0.219852 0.241274 0.266028 0.291708 0.316231 0.335755 0.344462 0.350963 0.355657 0.360656 0.363892 0.366108 0.367698 0.368735 0.369464 0.369864 0.369978 0.369998 0.370000 0.370000 0.370000 0.370000 0.370000 0.370000 0.370000
0.158042 0.146022 0.138244 0.132967 0.132089 0.128860 0.123549 0.121869 0.118589 0.112503 0.113724 0.115317 0.120146 0.119819 0.119722 0.118574 0.119023 0.117932 0.112750 0.115225 0.116942 0.121066 0.122872 0.124616 0.125891 0.126948 0.126308 0.122294 0.123183 0.124991 0.129474 0.131506 0.135252 0.142229 0.147078 0.153820 0.162685 0.172891 0.185232 0.200237 0.219336 0.238953 0.257346 0.267701 0.280330 0.290246 0.289568 0.307956 0.324621 0.338279 0.350562 0.358616 0.364033 0.367525 0.369208 0.369813 0.369964 0.369996 0.370000 0.370000 0.370000 0.370000 0.370000
0.127053 0.120119 0.114527 0.114881 0.114085 0.112906 0.111268 0.109431 0.106818 0.108822 0.108953 0.108783 0.108740 0.108954 0.109409 0.108947 0.108649 0.108807 0.110802 0.111355 0.111264 0.112770 0.114232 0.115731 0.115476 0.116059 0.116385 0.117278 0.117456 0.117490 0.119851 0.121622 0.123759 0.127366 0.131014 0.135537 0.142165 0.149188 0.157965 0.170231 0.184890 0.196888 0.202281 0.209813 0.213511 0.210103 0.206856 0.215632 0.227466 0.240115 0.264144 0.291438 0.319495 0.349630 0.362754 0.367367 0.369006 0.369683 0.369904 0.369975 0.369995 0.370000 0.370000
0.114781 0.110186 0.108365 0.108811 0.108298 0.107660 0.105571 0.103792 0.104943 0.105331 0.105150 0.104564 0.105290 0.105705 0.106653 0.105933 0.105609 0.105941 0.106349 0.106565 0.107611 0.108665 0.109769 0.112562 0.111931 0.112210 0.113257 0.113201 0.113259 0.113159 0.115379 0.116952 0.118409 0.121457 0.124409 0.127970 0.132816 0.139664 0.150093 0.160380 0.172756 0.184523 0.188856 0.191418 0.189980 0.186877 0.178351 0.178368 0.187239 0.188622 0.198900 0.216048 0.227612 0.272051 0.323615 0.347543 0.360121 0.365681 0.368541 0.369350 0.369777 0.369941 0.369989
0.106443 0.105547 0.103534 0.103252 0.102707 0.101657 0.100548 0.101405 0.101239 0.101085 0.101108 0.100768 0.101359 0.101916 0.102485 0.102321 0.102375 0.101777 0.102004 0.103115 0.103583 0.104610 0.106359 0.108570 0.108029 0.108195 0.108576 0.108512 0.108831 0.108619 0.110328 0.111990 0.113191 0.116088 0.118600 0.120263 0.125322 0.132844 0.141553 0.149701 0.159996 0.172902 0.172652 0.173045 0.173445 0.165749 0.157055 0.155448 0.157711 0.157244 0.163012 0.169325 0.174452 0.195137 0.219919 0.252174 0.297068 0.339860 0.359030 0.364793 0.367588 0.368975 0.369580
