tests/Borden05m/data_simulated/sim_1/output-maps/thetaliqL0006N0008.asc
ncols         160
nrows         34
xllcorner     620200.000000
yllcorner     5168000.000000
cellsize      0.500000
NODATA_value  -9999.0
[rows 0 to 27 of 34, columns 0 to 62 of 160]
-9999.0 -9999.0 -9999.0 -9999.0 -9999.0 -9999.0 -9999.0 -9999.0 -9999.0 -9999.0 -9999.0 -9999.0 -9999.0 -9999.0 -9999.0 -9999.0 -9999.0 -9999.0 -9999.0 -9999.0 -9999.0 -9999.0 -9999.0 -9999.0 -9999.0 -9999.0 -9999.0 -9999.0 -9999.0 -9999.0 -9999.0 -9999.0 -9999.0 -9999.0 -9999.0 -9999.0 -9999.0 -9999.0 -9999.0 -9999.0 -9999.0 -9999.0 -9999.0 -9999.0 -9999.0 -9999.0 -9999.0 -9999.0 -9999.0 -9999.0 -9999.0 -9999.0 -9999.0 -9999.0 -9999.0 -9999.0 -9999.0 -9999.0 -9999.0 -9999.0 -9999.0 -9999.0 -9999.0
-9999.0 -9999.0 -9999.0 -9999.0 -9999.0 -9999.0 -9999.0 -9999.0 -9999.0 -9999.0 -9999.0 -9999.0 -9999.0 -9999.0 -9999.0 -9999.0 -9999.0 -9999.0 -9999.0 -9999.0 -9999.0 -9999.0 -9999.0 -9999.0 -9999.0 -9999.0 -9999.0 -9999.0 -9999.0 -9999.0 -9999.0 -9999.0 -9999.0 -9999.0 -9999.0 -9999.0 -9999.0 -9999.0 -9999.0 -9999.0 -9999.0 -9999.0 -9999.0 -9999.0 -9999.0 -9999.0 -9999.0 -9999.0 -9999.0 -9999.0 -9999.0 -9999.0 -9999.0 -9999.0 -9999.0 -9999.0 -9999.0 -9999.0 -9999.0 0.202554 0.198424 0.194403 0.190677
-9999.0 -9999.0 -9999.0 -9999.0 -9999.0 -9999.0 -9999.0 -9999.0 -9999.0 -9999.0 -9999.0 -9999.0 -9999.0 -9999.0 -9999.0 -9999.0 -9999.0 -9999.0 -9999.0 -9999.0 -9999.0 -9999.0 -9999.0 -9999.0 -9999.0 -9999.0 -9999.0 -9999.0 -9999.0 -9999.0 -9999.0 -9999.0 -9999.0 -9999.0 -9999.0 -9999.0 -9999.0 -9999.0 -9999.0 -9999.0 -9999.0 -9999.0 -9999.0 -9999.0 -9999.0 -9999.0 -9999.0 0.131619 0.125102 0.119353 0.118878 0.126466 0.135276 0.145481 0.155441 0.165520 0.176818 0.189472 0.191675 0.184350 0.181120 0.178825 0.177221
-9999.0 -9999.0 -9999.0 -9999.0 -9999.0 -9999.0 -9999.0 -9999.0 -9999.0 -9999.0 -9999.0 -9999.0 -9999.0 -9999.0 -9999.0 -9999.0 -9999.0 -9999.0 -9999.0 -9999.0 -9999.0 -9999.0 -9999.0 -9999.0 -9999.0 -9999.0 -9999.0 -9999.0 -9999.0 -9999.0 -9999.0 -9999.0 -9999.0 -9999.0 -9999.0 -9999.0 -9999.0 -9999.0 -9999.0 -9999.0 0.152917 0.155900 0.156795 0.150963 0.145343 0.140002 0.131743 0.125085 0.119736 0.118720 0.119426 0.121266 0.129294 0.138790 0.147395 0.156034 0.166405 0.178345 0.180049 0.172956 0.167631 0.165091 0.164916
-9999.0 -9999.0 -9999.0 -9999.0 -9999.0 -9999.0 -9999.0 -9999.0 -9999.0 -9999.0 -9999.0 -9999.0 -9999.0 -9999.0 -9999.0 -9999.0 -9999.0 -9999.0 -9999.0 -9999.0 -9999.0 -9999.0 -9999.0 -9999.0 -9999.0 -9999.0 -9999.0 -9999.0 -9999.0 -9999.0 -9999.0 -9999.0 -9999.0 -9999.0 0.116823 0.122311 0.128546 0.135531 0.142520 0.145382 0.148112 0.150912 0.148819 0.146307 0.140970 0.133166 0.125647 0.120682 0.119668 0.118725 0.120004 0.124260 0.130077 0.136465 0.145506 0.156687 0.161330 0.168064 0.169652 0.166403 0.166649 0.167261 0.167945
-9999.0 -9999.0 -9999.0 -9999.0 -9999.0 -9999.0 -9999.0 -9999.0 -9999.0 -9999.0 -9999.0 -9999.0 -9999.0 -9999.0 -9999.0 -9999.0 -9999.0 -9999.0 -9999.0 -9999.0 -9999.0 -9999.0 -9999.0 -9999.0 -9999.0 -9999.0 -9999.0 -9999.0 0.118514 0.116663 0.115049 0.114518 0.114046 0.113591 0.115486 0.119144 0.125121 0.132918 0.137948 0.140848 0.143585 0.143800 0.141491 0.140291 0.140163 0.135081 0.130360 0.126225 0.122497 0.122030 0.125118 0.129886 0.135919 0.141958 0.148738 0.155502 0.163145 0.175614 0.180820 0.176536 0.172486 0.169895 0.169969
-9999.0 -9999.0 -9999.0 -9999.0 -9999.0 -9999.0 -9999.0 -9999.0 -9999.0 -9999.0 -9999.0 -9999.0 -9999.0 -9999.0 -9999.0 -9999.0 -9999.0 -9999.0 -9999.0 -9999.0 -9999.0 -9999.0 -9999.0 0.110558 0.112150 0.113835 0.115810 0.115959 0.114592 0.112902 0.111912 0.111371 0.110867 0.111885 0.114110 0.118004 0.122954 0.130454 0.133600 0.136222 0.141441 0.142082 0.143786 0.145383 0.144249 0.142856 0.137530 0.133807 0.136135 0.138599 0.141018 0.143943 0.149670 0.157359 0.166940 0.179215 0.193291 0.206723 0.219116 0.213968 0.206808 0.197901 0.197802
-9999.0 -9999.0 -9999.0 -9999.0 -9999.0 -9999.0 -9999.0 -9999.0 -9999.0 -9999.0 -9999.0 -9999.0 -9999.0 -9999.0 -9999.0 -9999.0 -9999.0 -9999.0 -9999.0 0.104800 0.104926 0.105062 0.106006 0.106187 0.106647 0.108230 0.110156 0.110545 0.110057 0.109492 0.109761 0.110304 0.111224 0.114231 0.118137 0.122459 0.127210 0.134989 0.141007 0.147250 0.155089 0.153823 0.151078 0.149557 0.149407 0.149466 0.152664 0.154500 0.157014 0.160070 0.163703 0.168208 0.173910 0.185219 0.198728 0.213233 0.227863 0.242378 0.257128 0.254006 0.243899 0.233462 0.233355
-9999.0 -9999.0 -9999.0 -9999.0 -9999.0 -9999.0 -9999.0 -9999.0 -9999.0 -9999.0 -9999.0 -9999.0 -9999.0 -9999.0 -9999.0 -9999.0 0.099230 0.099533 0.099857 0.100810 0.101188 0.101895 0.103213 0.103329 0.104071 0.105530 0.106576 0.108444 0.110238 0.112015 0.113466 0.114050 0.116131 0.118866 0.122492 0.127795 0.136151 0.145785 0.153409 0.161856 0.171063 0.170624 0.169366 0.169509 0.169597 0.174418 0.185933 0.189688 0.192024 0.205713 0.215990 0.219512 0.224257 0.237567 0.256133 0.277730 0.302568 0.318318 0.330799 0.334395 0.326452 0.323864 0.326965
-9999.0 -9999.0 -9999.0 -9999.0 -9999.0 -9999.0 -9999.0 -9999.0 -9999.0 -9999.0 -9999.0 -9999.0 -9999.0 0.092314 0.092876 0.094155 0.095288 0.095562 0.096100 0.096945 0.098999 0.099550 0.100638 0.102055 0.104284 0.106039 0.108079 0.110870 0.112967 0.114794 0.116687 0.118623 0.122904 0.128115 0.134026 0.142377 0.152218 0.163106 0.175185 0.183968 0.193053 0.195261 0.193038 0.193353 0.198742 0.212052 0.226396 0.236704 0.254931 0.274154 0.285702 0.295940 0.302496 0.310820 0.324188 0.345249 0.360400 0.366858 0.368858 0.369685 0.369746 0.369822 0.369883
-9999.0 -9999.0 -9999.0 -9999.0 -9999.0 -9999.0 -9999.0 -9999.0 -9999.0 -9999.0 0.087830 0.088122 0.087710 0.087821 0.088284 0.089632 0.091228 0.092128 0.093639 0.096768 0.099652 0.100204 0.103077 0.105064 0.106388 0.108804 0.112001 0.115447 0.120575 0.124576 0.129009 0.137126 0.144003 0.151392 0.160080 0.170632 0.183418 0.204145 0.224298 0.235071 0.254625 0.266498 0.262949 0.262203 0.267622 0.282121 0.301433 0.321620 0.337217 0.352107 0.360497 0.364330 0.366392 0.368104 0.369442 0.369996 0.370000 0.370000 0.370000 0.370000 0.370000 0.370000 0.370000
-9999.0 -9999.0 -9999.0 -9999.0 -9999.0 -9999.0 -9999.0 -9999.0 0.085385 0.086018 0.086652 0.086313 0.085799 0.085485 0.086728 0.088416 0.090279 0.092442 0.094706 0.097498 0.100243 0.103479 0.107598 0.110351 0.113328 0.117459 0.121510 0.127532 0.135462 0.141699 0.150642 0.161660 0.172517 0.183093 0.194577 0.206832 0.228690 0.256046 0.282121 0.301816 0.321322 0.336844 0.337881 0.340241 0.343782 0.356033 0.365074 0.369233 0.369994 0.370000 0.370000 0.370000 0.370000 0.370000 0.370000 0.370000 0.370000 0.370000 0.370000 0.370000 0.370000 0.370000 0.370000
-9999.0 -9999.0 -9999.0 -9999.0 -9999.0 -9999.0 0.083157 0.085286 0.086728 0.085912 0.085175 0.084857 0.084538 0.086180 0.088408 0.090362 0.092503 0.094960 0.097507 0.100185 0.107651 0.111371 0.115305 0.121301 0.125645 0.130356 0.136911 0.147134 0.158640 0.177884 0.198274 0.218182 0.238425 0.253726 0.268083 0.283455 0.307806 0.332963 0.352616 0.363236 0.368133 0.369808 0.369971 0.369998 0.370000 0.370000 0.370000 0.370000 0.370000 0.370000 0.370000 0.370000 0.370000 0.370000 0.370000 0.370000 0.370000 0.370000 0.370000 0.370000 0.370000 0.370000 0.370000
-9999.0 -9999.0 -9999.0 -9999.0 0.080665 0.082171 0.083861 0.086802 0.089322 0.088623 0.089494 0.089552 0.089391 0.089577 0.090160 0.092453 0.094921 0.097669 0.101056 0.109522 0.120825 0.126251 0.136565 0.150847 0.157523 0.165018 0.173302 0.187441 0.208410 0.235582 0.274546 0.305960 0.324480 0.338735 0.349692 0.359265 0.366763 0.369830 0.370000 0.370000 0.370000 0.370000 0.370000 0.370000 0.370000 0.370000 0.370000 0.370000 0.370000 0.370000 0.370000 0.370000 0.370000 0.370000 0.370000 0.370000 0.370000 0.370000 0.370000 0.370000 0.370000 0.370000 0.370000
-9999.0 -9999.0 -9999.0 0.077931 0.080171 0.082804 0.085223 0.088450 0.092399 0.093371 0.094517 0.095581 0.096735 0.098227 0.100087 0.103128 0.105828 0.108291 0.113340 0.124315 0.137922 0.154118 0.171638 0.191552 0.207860 0.218954 0.230865 0.250048 0.282405 0.313852 0.346385 0.364752 0.369404 0.369986 0.370000 0.370000 0.370000 0.370000 0.370000 0.370000 0.370000 0.370000 0.370000 0.370000 0.370000 0.370000 0.370000 0.370000 0.370000 0.370000 0.370000 0.370000 0.370000 0.370000 0.370000 0.370000 0.370000 0.370000 0.370000 0.370000 0.370000 0.370000 0.370000
-9999.0 -9999.0 0.075807 0.077444 0.079416 0.083143 0.088226 0.092363 0.098816 0.103820 0.105333 0.109825 0.114320 0.116727 0.122015 0.127866 0.131972 0.132451 0.136493 0.153348 0.185097 0.220867 0.249477 0.296148 0.320373 0.333373 0.340248 0.352062 0.362955 0.369475 0.370000 0.370000 0.370000 0.370000 0.370000 0.370000 0.370000 0.370000 0.370000 0.370000 0.370000 0.370000 0.370000 0.370000 0.370000 0.370000 0.370000 0.370000 0.370000 0.370000 0.370000 0.370000 0.370000 0.370000 0.370000 0.370000 0.370000 0.370000 0.370000 0.370000 0.370000 0.370000 0.370000
-9999.0 -9999.0 0.074889 0.076638 0.078895 0.084076 0.092319 0.098247 0.106985 0.118625 0.124717 0.133099 0.141807 0.151285 0.163497 0.177706 0.178548 0.179096 0.177718 0.214969 0.261952 0.315385 0.357496 0.368976 0.369985 0.369999 0.370000 0.370000 0.370000 0.370000 0.370000 0.370000 0.370000 0.370000 0.370000 0.370000 0.370000 0.370000 0.370000 0.370000 0.370000 0.370000 0.370000 0.370000 0.370000 0.370000 0.370000 0.370000 0.370000 0.370000 0.370000 0.370000 0.370000 0.370000 0.370000 0.370000 0.370000 0.370000 0.370000 0.370000 0.370000 0.370000 0.370000
-9999.0 0.072440 0.073796 0.075696 0.079217 0.084450 0.095029 0.111758 0.126192 0.142099 0.155268 0.166680 0.205159 0.244795 0.266450 0.290616 0.287094 0.283064 0.275550 0.308301 0.346556 0.369566 0.370000 0.370000 0.370000 0.370000 0.370000 0.370000 0.370000 0.370000 0.370000 0.370000 0.370000 0.370000 0.370000 0.370000 0.370000 0.370000 0.370000 0.370000 0.370000 0.370000 0.370000 0.370000 0.370000 0.370000 0.370000 0.370000 0.370000 0.370000 0.370000 0.370000 0.370000 0.370000 0.370000 0.370000 0.370000 0.370000 0.370000 0.370000 0.370000 0.370000 0.370000
-9999.0 0.071737 0.073118 0.075476 0.078963 0.085113 0.101436 0.138285 0.159096 0.177716 0.197734 0.237675 0.311065 0.352277 0.364293 0.369127 0.368926 0.367719 0.367820 0.369897 0.370000 0.370000 0.370000 0.370000 0.370000 0.370000 0.370000 0.370000 0.370000 0.370000 0.370000 0.370000 0.370000 0.370000 0.370000 0.370000 0.370000 0.370000 0.370000 0.370000 0.370000 0.370000 0.370000 0.370000 0.370000 0.370000 0.370000 0.370000 0.370000 0.370000 0.370000 0.370000 0.370000 0.370000 0.370000 0.370000 0.370000 0.370000 0.370000 0.370000 0.370000 0.370000 0.370000
-9999.0 0.071342 0.072763 0.074730 0.078136 0.088672 0.109731 0.157221 0.212835 0.240227 0.284829 0.350618 0.369957 0.370000 0.370000 0.370000 0.370000 0.370000 0.370000 0.370000 0.370000 0.370000 0.370000 0.370000 0.370000 0.370000 0.370000 0.370000 0.370000 0.370000 0.370000 0.370000 0.370000 0.370000 0.370000 0.370000 0.370000 0.370000 0.370000 0.370000 0.370000 0.370000 0.370000 0.370000 0.370000 0.370000 0.370000 0.370000 0.370000 0.370000 0.370000 0.370000 0.370000 0.370000 0.370000 0.370000 0.370000 0.370000 0.370000 0.370000 0.370000 0.370000 0.370000
-9999.0 0.070164 0.071359 0.072722 0.078022 0.092324 0.118029 0.193119 0.291948 0.328063 0.367816 0.370000 0.370000 0.370000 0.370000 0.370000 0.370000 0.370000 0.370000 0.370000 0.370000 0.370000 0.370000 0.370000 0.370000 0.370000 0.370000 0.370000 0.370000 0.370000 0.370000 0.370000 0.370000 0.370000 0.370000 0.370000 0.370000 0.370000 0.370000 0.370000 0.370000 0.370000 0.370000 0.370000 0.370000 0.370000 0.370000 0.370000 0.370000 0.370000 0.370000 0.370000 0.370000 0.370000 0.370000 0.370000 0.370000 0.370000 0.370000 0.370000 0.370000 0.370000 0.370000
-9999.0 0.069350 0.070156 0.071918 0.076915 0.089635 0.121576 0.214135 0.343277 0.369456 0.370000 0.370000 0.370000 0.370000 0.370000 0.370000 0.370000 0.370000 0.370000 0.370000 0.370000 0.370000 0.370000 0.370000 0.370000 0.370000 0.370000 0.370000 0.370000 0.370000 0.370000 0.370000 0.370000 0.370000 0.370000 0.370000 0.370000 0.370000 0.370000 0.370000 0.370000 0.370000 0.370000 0.370000 0.370000 0.370000 0.370000 0.370000 0.370000 0.370000 0.370000 0.370000 0.370000 0.370000 0.370000 0.370000 0.370000 0.370000 0.370000 0.370000 0.370000 0.370000 0.370000
-9999.0 0.068770 0.069626 0.070960 0.074217 0.081130 0.097110 0.148818 0.260544 0.368559 0.370000 0.370000 0.370000 0.370000 0.370000 0.370000 0.370000 0.370000 0.370000 0.370000 0.370000 0.370000 0.370000 0.370000 0.370000 0.370000 0.370000 0.370000 0.370000 0.370000 0.370000 0.370000 0.370000 0.370000 0.370000 0.370000 0.370000 0.370000 0.370000 0.370000 0.370000 0.370000 0.370000 0.370000 0.370000 0.370000 0.370000 0.370000 0.370000 0.370000 0.370000 0.370000 0.370000 0.370000 0.370000 0.370000 0.370000 0.370000 0.370000 0.370000 0.369998 0.369478 0.368574
-9999.0 -9999.0 0.069069 0.070123 0.072025 0.075958 0.084353 0.109277 0.172648 0.315721 0.368671 0.370000 0.370000 0.370000 0.370000 0.370000 0.370000 0.370000 0.370000 0.370000 0.370000 0.370000 0.370000 0.370000 0.370000 0.370000 0.370000 0.370000 0.370000 0.370000 0.370000 0.370000 0.370000 0.370000 0.370000 0.370000 0.370000 0.370000 0.370000 0.370000 0.370000 0.370000 0.370000 0.370000 0.370000 0.370000 0.370000 0.370000 0.370000 0.370000 0.370000 0.370000 0.370000 0.370000 0.370000 0.370000 0.370000 0.369982 0.369158 0.363286 0.347184 0.322643 0.298923
-9999.0 -9999.0 0.068572 0.069317 0.070694 0.073263 0.077442 0.086164 0.114487 0.164783 0.234135 0.307549 0.350974 0.367788 0.369996 0.370000 0.370000 0.370000 0.370000 0.370000 0.370000 0.370000 0.370000 0.370000 0.370000 0.370000 0.370000 0.370000 0.370000 0.370000 0.370000 0.370000 0.370000 0.370000 0.370000 0.370000 0.370000 0.370000 0.370000 0.370000 0.370000 0.370000 0.370000 0.370000 0.370000 0.369999 0.369994 0.369940 0.369664 0.369171 0.368544 0.367820 0.367247 0.365911 0.363685 0.361168 0.353861 0.341134 0.324638 0.300669 0.269016 0.242791 0.218050
-9999.0 -9999.0 -9999.0 0.068779 0.069544 0.070630 0.072413 0.074809 0.080231 0.091424 0.109867 0.140808 0.173403 0.208265 0.249275 0.294040 0.319480 0.330211 0.336960 0.356815 0.364016 0.368925 0.369950 0.369999 0.370000 0.370000 0.370000 0.370000 0.370000 0.369993 0.369619 0.367711 0.365568 0.365445 0.365450 0.365863 0.364856 0.363552 0.360298 0.355431 0.349146 0.343341 0.340392 0.337748 0.336038 0.333754 0.331246 0.326478 0.320290 0.313933 0.308582 0.306123 0.303517 0.299576 0.294087 0.288263 0.279043 0.257995 0.237355 0.216044 0.193077 0.172658 0.155626
-9999.0 -9999.0 -9999.0 -9999.0 -9999.0 0.069101 0.070017 0.071293 0.073020 0.075463 0.079755 0.088022 0.094559 0.103244 0.116009 0.129876 0.144038 0.161775 0.188304 0.218097 0.253024 0.281104 0.308231 0.328070 0.337525 0.345374 0.348057 0.343269 0.337251 0.327338 0.310482 0.293480 0.289107 0.289132 0.289322 0.287985 0.283813 0.279392 0.273338 0.262222 0.252222 0.247603 0.244279 0.241026 0.237701 0.234858 0.232158 0.229433 0.222729 0.217268 0.217558 0.215682 0.213809 0.211962 0.207313 0.202286 0.196333 0.179861 0.166635 0.158051 0.142672 0.130916 0.123682
-9999.0 -9999.0 -9999.0 -9999.0 -9999.0 -9999.0 0.068789 0.069458 0.070263 0.071412 0.073250 0.075652 0.077075 0.079731 0.083439 0.088590 0.095894 0.103257 0.112831 0.125435 0.141961 0.158871 0.179592 0.202923 0.213363 0.222114 0.230753 0.223831 0.216787 0.209817 0.194502 0.191162 0.187173 0.187188 0.186980 0.186822 0.183453 0.179853 0.176472 0.169887 0.166748 0.163463 0.161197 0.159067 0.156934 0.155171 0.153878 0.152635 0.149628 0.150073 0.150305 0.149440 0.148390 0.147303 0.144514 0.140816 0.137337 0.130724 0.125547 0.120773 0.113270 0.108337 0.103884
