tests/Borden05m/data_simulated/sim_1/output-maps/thetaliqL0004N0003.asc
ncols         160
nrows         34
xllcorner     620200.000000
yllcorner     5168000.000000
cellsize      0.500000
NODATA_value  -9999.0
[rows 0 to 27 of 34, columns 63 to 125 of 160]
-9999.0 -9999.0 -9999.0 -9999.0 -9999.0 -9999.0 -9999.0 -9999.0 -9999.0 -9999.0 -9999.0 -9999.0 -9999.0 -9999.0 -9999.0 -9999.0 -9999.0 -9999.0 -9999.0 -9999.0 -9999.0 -9999.0 -9999.0 -9999.0 -9999.0 -9999.0 -9999.0 -9999.0 -9999.0 -9999.0 -9999.0 -9999.0 -9999.0 -9999.0 -9999.0 -9999.0 -9999.0 -9999.0 -9999.0 -9999.0 -9999.0 -9999.0 -9999.0 -9999.0 -9999.0 -9999.0 -9999.0 -9999.0 -9999.0 -9999.0 -9999.0 -9999.0 -9999.0 -9999.0 -9999.0 -9999.0 -9999.0 -9999.0 -9999.0 -9999.0 -9999.0 -9999.0 -9999.0
0.100247 0.098493 0.096904 0.096216 0.096048 0.095866 0.095758 0.096619 0.097945 0.099281 0.100640 0.101051 0.101501 0.101969 0.102069 0.101781 0.101112 0.100463 0.099802 0.099557 0.097978 0.095987 0.094518 0.094087 0.094816 0.095549 0.095949 0.097006 0.098968 0.101067 0.102796 0.105325 0.106498 0.107745 0.108644 0.107722 0.106960 0.106226 0.105335 0.102961 -9999.0 -9999.0 -9999.0 -9999.0 -9999.0 -9999.0 -9999.0 -9999.0 -9999.0 -9999.0 -9999.0 -9999.0 -9999.0 -9999.0 -9999.0 -9999.0 -9999.0 -9999.0 -9999.0 -9999.0 -9999.0 -9999.0 -9999.0
0.097240 0.095700 0.094797 0.093901 0.093627 0.093584 0.093548 0.094159 0.095677 0.096994 0.097795 0.098167 0.098555 0.098593 0.098487 0.098396 0.097860 0.097251 0.096658 0.096361 0.096353 0.095091 0.094273 0.093782 0.093630 0.093988 0.094332 0.094752 0.096354 0.097794 0.099307 0.102052 0.104669 0.105855 0.105360 0.104293 0.103616 0.102440 0.100618 0.098715 0.096881 0.095708 0.094914 0.094184 0.095192 0.096196 0.098039 0.100000 0.102411 0.105059 -9999.0 -9999.0 -9999.0 -9999.0 -9999.0 -9999.0 -9999.0 -9999.0 -9999.0 -9999.0 -9999.0 -9999.0 -9999.0
0.095063 0.094414 0.093638 0.093047 0.094122 0.094259 0.094400 0.094862 0.095425 0.095685 0.096124 0.096976 0.098529 0.098950 0.099008 0.099007 0.098655 0.098078 0.097763 0.097271 0.096355 0.096231 0.096327 0.096358 0.097299 0.097550 0.097762 0.096470 0.097011 0.098116 0.099375 0.100771 0.102219 0.103314 0.102721 0.102508 0.100950 0.098455 0.096530 0.095175 0.094803 0.094404 0.093315 0.091633 0.092629 0.095054 0.095817 0.096472 0.098631 0.100989 0.103120 0.103474 0.103422 0.103394 0.102939 0.100186 0.097559 0.095178 0.092382 -9999.0 -9999.0 -9999.0 -9999.0
0.095267 0.094718 0.094489 0.096624 0.098235 0.098446 0.098923 0.099489 0.099150 0.096814 0.096305 0.097777 0.099667 0.100774 0.100733 0.100682 0.100411 0.100194 0.100075 0.099577 0.099835 0.100355 0.100560 0.101636 0.102793 0.103368 0.101436 0.099610 0.099655 0.101139 0.102735 0.104321 0.106902 0.109928 0.109615 0.108261 0.106311 0.103445 0.098897 0.095485 0.093939 0.093085 0.092175 0.092049 0.091858 0.093383 0.093691 0.093959 0.095395 0.097140 0.098953 0.100064 0.100015 0.099984 0.099605 0.097950 0.095513 0.093316 0.091112 0.088108 0.085186 0.082703 0.082668
0.096036 0.096630 0.099055 0.101682 0.104920 0.105360 0.105841 0.105725 0.103404 0.101243 0.100293 0.103410 0.106853 0.108770 0.108945 0.109185 0.111502 0.110781 0.109902 0.108350 0.108987 0.109853 0.113152 0.115194 0.117078 0.116438 0.113091 0.110256 0.109718 0.110079 0.110408 0.111920 0.114919 0.118146 0.116790 0.114700 0.111940 0.104880 0.099168 0.096247 0.096557 0.096773 0.096113 0.095680 0.095113 0.093881 0.093887 0.093883 0.093834 0.095777 0.097886 0.098535 0.097483 0.096913 0.096611 0.095221 0.093641 0.091555 0.089444 0.087365 0.084510 0.083900 0.083226
0.104654 0.106491 0.109648 0.114672 0.122052 0.123142 0.124408 0.126035 0.122320 0.118423 0.114707 0.119122 0.122017 0.125068 0.126384 0.131003 0.135107 0.132777 0.129085 0.125596 0.127925 0.133689 0.139898 0.142399 0.143620 0.144091 0.139906 0.137836 0.136514 0.136444 0.134596 0.135556 0.140702 0.148327 0.148933 0.143607 0.133900 0.121196 0.110881 0.105291 0.106273 0.104955 0.103817 0.102943 0.100105 0.097965 0.097993 0.096372 0.095352 0.097326 0.098399 0.098769 0.097688 0.098794 0.097439 0.094577 0.092054 0.090011 0.088313 0.086737 0.086016 0.085118 0.084401
0.117420 0.119971 0.126052 0.135259 0.146115 0.152351 0.156520 0.161247 0.157441 0.152747 0.148078 0.149958 0.156572 0.163228 0.170123 0.177729 0.185621 0.181758 0.175774 0.174479 0.176747 0.187108 0.196702 0.200291 0.202180 0.206214 0.202681 0.196987 0.190709 0.184771 0.179756 0.176467 0.186109 0.196347 0.195498 0.179667 0.165695 0.148807 0.133290 0.120876 0.118883 0.119062 0.118748 0.114147 0.110092 0.105327 0.102816 0.101092 0.098173 0.098981 0.100143 0.102414 0.104730 0.104546 0.101134 0.097944 0.094769 0.092000 0.090113 0.089620 0.089067 0.087978 0.087286
0.167922 0.170489 0.177349 0.195606 0.221900 0.244148 0.265739 0.269125 0.259074 0.249681 0.236369 0.229574 0.239924 0.250300 0.261257 0.273110 0.285246 0.294114 0.294344 0.294647 0.296753 0.299170 0.304058 0.310717 0.318113 0.326314 0.329879 0.322254 0.312350 0.300458 0.289175 0.285323 0.282333 0.287509 0.287792 0.271744 0.248542 0.224763 0.198554 0.178177 0.165044 0.165869 0.158214 0.149816 0.139641 0.124935 0.118317 0.113410 0.105673 0.104583 0.107413 0.111279 0.113230 0.108929 0.105118 0.101181 0.097367 0.094035 0.093124 0.092996 0.092596 0.091822 0.091482
0.257337 0.261400 0.268294 0.299593 0.334260 0.359893 0.369192 0.369810 0.369209 0.366246 0.360234 0.353001 0.352084 0.360379 0.368289 0.369957 0.369994 0.369997 0.369997 0.369997 0.369998 0.369998 0.369998 0.369999 0.369999 0.370000 0.370000 0.370000 0.369999 0.369998 0.369995 0.369991 0.369973 0.369820 0.369635 0.369235 0.361561 0.343046 0.314012 0.279893 0.256881 0.239345 0.225006 0.210959 0.182735 0.159544 0.142941 0.130911 0.120791 0.118928 0.128439 0.138744 0.134276 0.129868 0.123507 0.115631 0.108941 0.102991 0.101464 0.100856 0.099756 0.098580 0.097460
0.367594 0.369493 0.369963 0.369995 0.370000 0.370000 0.370000 0.370000 0.370000 0.370000 0.370000 0.370000 0.370000 0.370000 0.370000 0.370000 0.370000 0.370000 0.370000 0.370000 0.370000 0.370000 0.370000 0.370000 0.370000 0.370000 0.370000 0.370000 0.370000 0.370000 0.370000 0.370000 0.370000 0.370000 0.370000 0.370000 0.370000 0.370000 0.369999 0.369925 0.361149 0.340448 0.327987 0.315529 0.303511 0.267557 0.248122 0.222167 0.194709 0.174598 0.193692 0.186482 0.179435 0.168884 0.154672 0.142300 0.131258 0.121512 0.117960 0.116278 0.114044 0.112286 0.109952
0.370000 0.370000 0.370000 0.370000 0.370000 0.370000 0.370000 0.370000 0.370000 0.370000 0.370000 0.370000 0.370000 0.370000 0.370000 0.370000 0.370000 0.370000 0.370000 0.370000 0.370000 0.370000 0.370000 0.370000 0.370000 0.370000 0.370000 0.370000 0.370000 0.370000 0.370000 0.370000 0.370000 0.370000 0.370000 0.370000 0.370000 0.370000 0.370000 0.370000 0.370000 0.370000 0.370000 0.369999 0.369997 0.369988 0.369780 0.360706 0.329156 0.290451 0.269856 0.260375 0.249772 0.228521 0.206851 0.190960 0.169808 0.151979 0.141723 0.138383 0.135203 0.131410 0.126852
0.370000 0.370000 0.370000 0.370000 0.370000 0.370000 0.370000 0.370000 0.370000 0.370000 0.370000 0.370000 0.370000 0.370000 0.370000 0.370000 0.370000 0.370000 0.370000 0.370000 0.370000 0.370000 0.370000 0.370000 0.370000 0.370000 0.370000 0.370000 0.370000 0.370000 0.370000 0.370000 0.370000 0.370000 0.370000 0.370000 0.370000 0.370000 0.370000 0.370000 0.370000 0.370000 0.370000 0.370000 0.370000 0.370000 0.370000 0.370000 0.370000 0.369986 0.367470 0.355995 0.342105 0.320575 0.302762 0.289457 0.257108 0.226201 0.204717 0.196153 0.182191 0.169602 0.160201
0.370000 0.370000 0.370000 0.370000 0.370000 0.370000 0.370000 0.370000 0.370000 0.370000 0.370000 0.370000 0.370000 0.370000 0.370000 0.370000 0.370000 0.370000 0.370000 0.370000 0.370000 0.370000 0.370000 0.370000 0.370000 0.370000 0.370000 0.370000 0.370000 0.370000 0.370000 0.370000 0.370000 0.370000 0.370000 0.370000 0.370000 0.370000 0.370000 0.370000 0.370000 0.370000 0.370000 0.370000 0.370000 0.370000 0.370000 0.370000 0.370000 0.370000 0.370000 0.370000 0.370000 0.370000 0.369998 0.369974 0.364980 0.333323 0.301194 0.279249 0.254246 0.235302 0.218955
0.370000 0.370000 0.370000 0.370000 0.370000 0.370000 0.370000 0.370000 0.370000 0.370000 0.370000 0.370000 0.370000 0.370000 0.370000 0.370000 0.370000 0.370000 0.370000 0.370000 0.370000 0.370000 0.370000 0.370000 0.370000 0.370000 0.370000 0.370000 0.370000 0.370000 0.370000 0.370000 0.370000 0.370000 0.370000 0.370000 0.370000 0.370000 0.370000 0.370000 0.370000 0.370000 0.370000 0.370000 0.370000 0.370000 0.370000 0.370000 0.370000 0.370000 0.370000 0.370000 0.370000 0.370000 0.370000 0.370000 0.370000 0.370000 0.369964 0.364093 0.340289 0.315246 0.292594
0.370000 0.370000 0.370000 0.370000 0.370000 0.370000 0.370000 0.370000 0.370000 0.370000 0.370000 0.370000 0.370000 0.370000 0.370000 0.370000 0.370000 0.370000 0.370000 0.370000 0.370000 0.370000 0.370000 0.370000 0.370000 0.370000 0.370000 0.370000 0.370000 0.370000 0.370000 0.370000 0.370000 0.370000 0.370000 0.370000 0.370000 0.370000 0.370000 0.370000 0.370000 0.370000 0.370000 0.370000 0.370000 0.370000 0.370000 0.370000 0.370000 0.370000 0.370000 0.370000 0.370000 0.370000 0.370000 0.370000 0.370000 0.370000 0.370000 0.370000 0.370000 0.369979 0.367003
0.370000 0.370000 0.370000 0.370000 0.370000 0.370000 0.370000 0.370000 0.370000 0.370000 0.370000 0.370000 0.370000 0.370000 0.370000 0.370000 0.370000 0.370000 0.370000 0.370000 0.370000 0.370000 0.370000 0.370000 0.370000 0.370000 0.370000 0.370000 0.370000 0.370000 0.370000 0.370000 0.370000 0.370000 0.370000 0.370000 0.370000 0.370000 0.370000 0.370000 0.370000 0.370000 0.370000 0.370000 0.370000 0.370000 0.370000 0.370000 0.370000 0.370000 0.370000 0.370000 0.370000 0.370000 0.370000 0.370000 0.370000 0.370000 0.370000 0.370000 0.370000 0.370000 0.370000
0.370000 0.370000 0.370000 0.370000 0.370000 0.370000 0.370000 0.370000 0.370000 0.370000 0.370000 0.370000 0.370000 0.370000 0.370000 0.370000 0.370000 0.370000 0.370000 0.370000 0.370000 0.370000 0.370000 0.370000 0.370000 0.370000 0.370000 0.370000 0.370000 0.370000 0.370000 0.370000 0.370000 0.370000 0.370000 0.370000 0.370000 0.370000 0.370000 0.370000 0.370000 0.370000 0.370000 0.370000 0.370000 0.370000 0.370000 0.370000 0.370000 0.370000 0.370000 0.370000 0.370000 0.370000 0.370000 0.370000 0.370000 0.370000 0.370000 0.370000 0.370000 0.370000 0.370000
0.370000 0.370000 0.370000 0.370000 0.370000 0.370000 0.370000 0.370000 0.370000 0.370000 0.370000 0.370000 0.370000 0.369999 0.369997 0.369977 0.369694 0.368629 0.367927 0.369666 0.369889 0.369748 0.368408 0.364850 0.361851 0.360223 0.363358 0.369337 0.369980 0.369997 0.369998 0.369998 0.369999 0.369999 0.369999 0.370000 0.370000 0.370000 0.370000 0.370000 0.370000 0.370000 0.370000 0.370000 0.370000 0.370000 0.370000 0.370000 0.370000 0.370000 0.370000 0.370000 0.370000 0.370000 0.370000 0.370000 0.370000 0.370000 0.370000 0.370000 0.370000 0.370000 0.370000
0.370000 0.370000 0.370000 0.370000 0.369999 0.369982 0.369112 0.364776 0.360625 0.348487 0.338973 0.331211 0.330219 0.317109 0.298887 0.283672 0.276998 0.272785 0.263750 0.261668 0.265857 0.273937 0.266068 0.261287 0.262785 0.260104 0.258352 0.268027 0.283483 0.292820 0.300687 0.306328 0.308301 0.310992 0.329212 0.341000 0.353523 0.367306 0.369974 0.369999 0.370000 0.370000 0.370000 0.370000 0.370000 0.370000 0.370000 0.370000 0.370000 0.370000 0.370000 0.370000 0.370000 0.370000 0.370000 0.370000 0.370000 0.370000 0.370000 0.370000 0.370000 0.370000 0.370000
0.370000 0.369999 0.369892 0.349496 0.316589 0.295352 0.273223 0.261090 0.244294 0.220704 0.206932 0.208318 0.213720 0.210626 0.199630 0.190466 0.184066 0.177177 0.168547 0.163585 0.168079 0.173333 0.174740 0.175606 0.177713 0.177868 0.176865 0.175717 0.182349 0.187778 0.194156 0.199751 0.204635 0.223399 0.241868 0.253922 0.270326 0.287758 0.308931 0.331520 0.349425 0.361360 0.369641 0.369994 0.370000 0.370000 0.370000 0.370000 0.370000 0.370000 0.370000 0.370000 0.370000 0.370000 0.370000 0.370000 0.370000 0.370000 0.370000 0.370000 0.370000 0.370000 0.370000
0.342812 0.317563 0.276675 0.239115 0.217002 0.200071 0.184640 0.170315 0.155237 0.142398 0.134863 0.137782 0.140718 0.144404 0.138751 0.133592 0.130960 0.125920 0.121330 0.117261 0.119929 0.122722 0.127495 0.128469 0.129433 0.131426 0.130687 0.129934 0.127953 0.131164 0.134527 0.139126 0.149992 0.162336 0.175537 0.187365 0.200022 0.215307 0.233310 0.252410 0.272568 0.287955 0.303973 0.323749 0.343699 0.362027 0.369937 0.369999 0.370000 0.370000 0.370000 0.370000 0.370000 0.370000 0.370000 0.370000 0.370000 0.370000 0.370000 0.370000 0.370000 0.370000 0.370000
0.210236 0.188723 0.163902 0.151959 0.143246 0.133992 0.126402 0.119856 0.112369 0.106763 0.102032 0.102950 0.105505 0.108666 0.106537 0.105374 0.104682 0.102227 0.099648 0.097255 0.097896 0.100485 0.103741 0.104933 0.106193 0.107862 0.107827 0.106414 0.104510 0.105654 0.108483 0.112182 0.118205 0.125175 0.132740 0.140323 0.149799 0.161065 0.173855 0.189303 0.206908 0.220012 0.237622 0.257258 0.274672 0.286344 0.302794 0.329046 0.347969 0.364836 0.369955 0.369998 0.370000 0.370000 0.370000 0.370000 0.370000 0.370000 0.370000 0.370000 0.370000 0.370000 0.370000
0.130766 0.120627 0.114700 0.109949 0.105709 0.101921 0.098286 0.095091 0.092239 0.089498 0.087083 0.087673 0.089268 0.091001 0.091150 0.090758 0.090387 0.089379 0.087821 0.086383 0.087206 0.088957 0.090872 0.092094 0.092979 0.093919 0.093478 0.092293 0.091172 0.092166 0.094297 0.096601 0.099670 0.103753 0.108413 0.113606 0.119792 0.126855 0.135791 0.146374 0.158554 0.171751 0.185965 0.201631 0.209713 0.218362 0.226700 0.241571 0.257420 0.276324 0.297838 0.320820 0.352138 0.369942 0.370000 0.370000 0.370000 0.370000 0.370000 0.370000 0.370000 0.370000 0.370000
0.103960 0.098365 0.094583 0.092013 0.090715 0.088950 0.086805 0.085470 0.083945 0.082201 0.082021 0.082381 0.083526 0.083789 0.083849 0.083578 0.083499 0.083056 0.081973 0.082343 0.082989 0.084319 0.085330 0.086215 0.086858 0.087307 0.087182 0.086301 0.086494 0.087258 0.088911 0.090297 0.092300 0.095352 0.098141 0.101648 0.106094 0.111330 0.117704 0.125493 0.135282 0.145588 0.155321 0.160541 0.166611 0.171008 0.168551 0.177645 0.187384 0.198114 0.214532 0.232220 0.257506 0.295632 0.341097 0.369783 0.369999 0.370000 0.370000 0.370000 0.370000 0.370000 0.370000
0.089029 0.085923 0.083640 0.082855 0.082081 0.081256 0.080348 0.079499 0.078683 0.078624 0.078514 0.078526 0.078682 0.078854 0.078990 0.078918 0.078850 0.078853 0.079137 0.079381 0.079697 0.080389 0.081127 0.081824 0.082107 0.082416 0.082595 0.082796 0.082976 0.083324 0.084314 0.085361 0.086660 0.088487 0.090513 0.092977 0.096267 0.100030 0.104665 0.110719 0.117887 0.124134 0.127531 0.131233 0.133006 0.131550 0.130150 0.133745 0.138847 0.144231 0.154427 0.166284 0.179671 0.211429 0.251572 0.294914 0.332866 0.365181 0.369977 0.370000 0.370000 0.370000 0.370000
0.082021 0.080142 0.079015 0.078504 0.077996 0.077495 0.076844 0.076323 0.076227 0.076151 0.076068 0.076005 0.076158 0.076310 0.076500 0.076456 0.076452 0.076558 0.076740 0.076976 0.077395 0.077927 0.078533 0.079338 0.079558 0.079820 0.080150 0.080294 0.080474 0.080740 0.081545 0.082394 0.083366 0.084827 0.086481 0.088499 0.091146 0.094650 0.099457 0.104623 0.110631 0.116336 0.118935 0.120368 0.119906 0.118335 0.114964 0.115023 0.118565 0.119930 0.124810 0.132686 0.138469 0.157551 0.186041 0.209976 0.239364 0.272321 0.315267 0.343747 0.368600 0.369994 0.370000
0.077746 0.076860 0.076032 0.075576 0.075203 0.074840 0.074519 0.074443 0.074344 0.074279 0.074241 0.074194 0.074289 0.074425 0.074564 0.074612 0.074689 0.074752 0.074941 0.075263 0.075583 0.076048 0.076666 0.077344 0.077586 0.077839 0.078104 0.078280 0.078491 0.078695 0.079303 0.080018 0.080775 0.082020 0.083445 0.085020 0.087579 0.091071 0.095244 0.099524 0.104521 0.110083 0.110889 0.111275 0.111152 0.107994 0.104506 0.103560 0.104342 0.104596 0.106993 0.110189 0.113563 0.123057 0.134521 0.148467 0.168304 0.199177 0.236434 0.263308 0.293797 0.327028 0.356388
