tests/Borden05m/data_simulated/sim_1/output-maps/thetaliqL0007N0018.asc
ncols         160
nrows         34
xllcorner     620200.000000
yllcorner     5168000.000000
cellsize      0.500000
NODATA_value  -9999.0
[rows 0 to 27 of 34, columns 0 to 62 of 160]
-9999.0 -9999.0 -9999.0 -9999.0 -9999.0 -9999.0 -9999.0 -9999.0 -9999.0 -9999.0 -9999.0 -9999.0 -9999.0 -9999.0 -9999.0 -9999.0 -9999.0 -9999.0 -9999.0 -9999.0 -9999.0 -9999.0 -9999.0 -9999.0 -9999.0 -9999.0 -9999.0 -9999.0 -9999.0 -9999.0 -9999.0 -9999.0 -9999.0 -9999.0 -9999.0 -9999.0 -9999.0 -9999.0 -9999.0 -9999.0 -9999.0 -9999.0 -9999.0 -9999.0 -9999.0 -9999.0 -9999.0 -9999.0 -9999.0 -9999.0 -9999.0 -9999.0 -9999.0 -9999.0 -9999.0 -9999.0 -9999.0 -9999.0 -9999.0 -9999.0 -9999.0 -9999.0 -9999.0
-9999.0 -9999.0 -9999.0 -9999.0 -9999.0 -9999.0 -9999.0 -9999.0 -9999.0 -9999.0 -9999.0 -9999.0 -9999.0 -9999.0 -9999.0 -9999.0 -9999.0 -9999.0 -9999.0 -9999.0 -9999.0 -9999.0 -9999.0 -9999.0 -9999.0 -9999.0 -9999.0 -9999.0 -9999.0 -9999.0 -9999.0 -9999.0 -9999.0 -9999.0 -9999.0 -9999.0 -9999.0 -9999.0 -9999.0 -9999.0 -9999.0 -9999.0 -9999.0 -9999.0 -9999.0 -9999.0 -9999.0 -9999.0 -9999.0 -9999.0 -9999.0 -9999.0 -9999.0 -9999.0 -9999.0 -9999.0 -9999.0 -9999.0 -9999.0 0.333196 0.330326 0.327363 0.324450
-9999.0 -9999.0 -9999.0 -9999.0 -9999.0 -9999.0 -9999.0 -9999.0 -9999.0 -9999.0 -9999.0 -9999.0 -9999.0 -9999.0 -9999.0 -9999.0 -9999.0 -9999.0 -9999.0 -9999.0 -9999.0 -9999.0 -9999.0 -9999.0 -9999.0 -9999.0 -9999.0 -9999.0 -9999.0 -9999.0 -9999.0 -9999.0 -9999.0 -9999.0 -9999.0 -9999.0 -9999.0 -9999.0 -9999.0 -9999.0 -9999.0 -9999.0 -9999.0 -9999.0 -9999.0 -9999.0 -9999.0 0.242685 0.228454 0.214959 0.213738 0.231713 0.250470 0.269386 0.285201 0.298835 0.311677 0.323535 0.325376 0.319082 0.316078 0.313880 0.312331
-9999.0 -9999.0 -9999.0 -9999.0 -9999.0 -9999.0 -9999.0 -9999.0 -9999.0 -9999.0 -9999.0 -9999.0 -9999.0 -9999.0 -9999.0 -9999.0 -9999.0 -9999.0 -9999.0 -9999.0 -9999.0 -9999.0 -9999.0 -9999.0 -9999.0 -9999.0 -9999.0 -9999.0 -9999.0 -9999.0 -9999.0 -9999.0 -9999.0 -9999.0 -9999.0 -9999.0 -9999.0 -9999.0 -9999.0 -9999.0 0.280893 0.285333 0.286588 0.277995 0.268882 0.259358 0.243107 0.228549 0.215978 0.213542 0.215371 0.219873 0.238276 0.257676 0.273039 0.286449 0.300317 0.313613 0.315362 0.308145 0.302171 0.299070 0.298941
-9999.0 -9999.0 -9999.0 -9999.0 -9999.0 -9999.0 -9999.0 -9999.0 -9999.0 -9999.0 -9999.0 -9999.0 -9999.0 -9999.0 -9999.0 -9999.0 -9999.0 -9999.0 -9999.0 -9999.0 -9999.0 -9999.0 -9999.0 -9999.0 -9999.0 -9999.0 -9999.0 -9999.0 -9999.0 -9999.0 -9999.0 -9999.0 -9999.0 -9999.0 0.208150 0.221657 0.235937 0.250562 0.263780 0.268865 0.273456 0.277956 0.274680 0.270632 0.261356 0.246243 0.230071 0.218484 0.216109 0.213861 0.217111 0.227361 0.240523 0.253731 0.270389 0.288017 0.294585 0.303112 0.305097 0.301389 0.301805 0.302629 0.303529
-9999.0 -9999.0 -9999.0 -9999.0 -9999.0 -9999.0 -9999.0 -9999.0 -9999.0 -9999.0 -9999.0 -9999.0 -9999.0 -9999.0 -9999.0 -9999.0 -9999.0 -9999.0 -9999.0 -9999.0 -9999.0 -9999.0 -9999.0 -9999.0 -9999.0 -9999.0 -9999.0 -9999.0 0.212176 0.207555 0.203476 0.202146 0.200969 0.199849 0.204842 0.214125 0.228403 0.245456 0.255552 0.261082 0.266089 0.266547 0.262513 0.260448 0.260311 0.250636 0.240966 0.231951 0.223397 0.222346 0.229735 0.240562 0.253228 0.264853 0.276696 0.287032 0.297967 0.312536 0.317867 0.313869 0.309815 0.307129 0.307368
-9999.0 -9999.0 -9999.0 -9999.0 -9999.0 -9999.0 -9999.0 -9999.0 -9999.0 -9999.0 -9999.0 -9999.0 -9999.0 -9999.0 -9999.0 -9999.0 -9999.0 -9999.0 -9999.0 -9999.0 -9999.0 -9999.0 -9999.0 0.191272 0.195542 0.200051 0.205241 0.205681 0.202232 0.197850 0.195283 0.193897 0.192581 0.195423 0.201384 0.211473 0.223642 0.240638 0.247345 0.252648 0.262571 0.263939 0.267211 0.270093 0.268303 0.265967 0.256228 0.248975 0.253675 0.258582 0.263385 0.268956 0.278852 0.290662 0.303436 0.317064 0.329588 0.339116 0.346020 0.343683 0.339873 0.334438 0.334561
-9999.0 -9999.0 -9999.0 -9999.0 -9999.0 -9999.0 -9999.0 -9999.0 -9999.0 -9999.0 -9999.0 -9999.0 -9999.0 -9999.0 -9999.0 -9999.0 -9999.0 -9999.0 -9999.0 0.175103 0.175494 0.175932 0.178667 0.179196 0.180523 0.185002 0.190363 0.191519 0.190228 0.188771 0.189578 0.191153 0.193775 0.201881 0.212038 0.222764 0.233863 0.250493 0.262192 0.273199 0.285559 0.284002 0.280096 0.277962 0.277955 0.278272 0.283281 0.286218 0.290276 0.294797 0.299904 0.305854 0.312738 0.324052 0.335004 0.344312 0.351600 0.357112 0.361213 0.360726 0.358344 0.355355 0.355512
-9999.0 -9999.0 -9999.0 -9999.0 -9999.0 -9999.0 -9999.0 -9999.0 -9999.0 -9999.0 -9999.0 -9999.0 -9999.0 -9999.0 -9999.0 -9999.0 0.158731 0.159646 0.160643 0.163502 0.164687 0.166800 0.170696 0.171097 0.173285 0.177536 0.180563 0.185920 0.190985 0.195898 0.199885 0.201555 0.207087 0.214187 0.223225 0.235599 0.253261 0.271211 0.283715 0.295904 0.307390 0.307271 0.306147 0.306615 0.307068 0.312645 0.323997 0.327697 0.330108 0.339822 0.345936 0.348139 0.350734 0.356067 0.361451 0.365579 0.368272 0.369232 0.369664 0.369744 0.369565 0.369493 0.369593
-9999.0 -9999.0 -9999.0 -9999.0 -9999.0 -9999.0 -9999.0 -9999.0 -9999.0 -9999.0 -9999.0 -9999.0 -9999.0 0.137614 0.139338 0.143288 0.146842 0.147718 0.149408 0.152029 0.158250 0.159948 0.163233 0.167463 0.174071 0.179201 0.185052 0.192883 0.198671 0.203661 0.208731 0.213735 0.224344 0.236526 0.249348 0.265641 0.282451 0.298206 0.312698 0.321859 0.329906 0.331996 0.330884 0.331624 0.335905 0.344349 0.351602 0.355923 0.361260 0.365078 0.366743 0.367823 0.368403 0.368967 0.369536 0.369915 0.369992 0.369999 0.370000 0.370000 0.370000 0.370000 0.370000
-9999.0 -9999.0 -9999.0 -9999.0 -9999.0 -9999.0 -9999.0 -9999.0 -9999.0 -9999.0 0.123969 0.124849 0.123583 0.123875 0.125330 0.129506 0.134475 0.137240 0.141931 0.151542 0.160324 0.162033 0.170553 0.176426 0.180342 0.187255 0.196179 0.205486 0.218588 0.228385 0.238586 0.255533 0.268657 0.281360 0.294513 0.308224 0.321821 0.338115 0.349359 0.354231 0.360351 0.363151 0.362790 0.362915 0.364170 0.366439 0.368342 0.369406 0.369797 0.369953 0.369989 0.369997 0.369999 0.370000 0.370000 0.370000 0.370000 0.370000 0.370000 0.370000 0.370000 0.370000 0.370000
-9999.0 -9999.0 -9999.0 -9999.0 -9999.0 -9999.0 -9999.0 -9999.0 0.116440 0.118403 0.120340 0.119298 0.117732 0.116734 0.120587 0.125800 0.131571 0.138303 0.145299 0.153882 0.162190 0.171803 0.183808 0.191634 0.199863 0.210863 0.221199 0.235450 0.252604 0.264829 0.280403 0.297032 0.310828 0.322215 0.332478 0.341447 0.352621 0.361394 0.366193 0.368271 0.369376 0.369793 0.369819 0.369856 0.369897 0.369979 0.369998 0.370000 0.370000 0.370000 0.370000 0.370000 0.370000 0.370000 0.370000 0.370000 0.370000 0.370000 0.370000 0.370000 0.370000 0.370000 0.370000
-9999.0 -9999.0 -9999.0 -9999.0 -9999.0 -9999.0 0.109612 0.116095 0.120523 0.118013 0.115675 0.114681 0.113677 0.118883 0.125784 0.131858 0.138510 0.146124 0.153978 0.162012 0.183743 0.194443 0.205182 0.220446 0.231172 0.242144 0.256086 0.275114 0.293297 0.316635 0.334542 0.347073 0.355925 0.360784 0.364111 0.366591 0.368774 0.369732 0.369962 0.369996 0.370000 0.370000 0.370000 0.370000 0.370000 0.370000 0.370000 0.370000 0.370000 0.370000 0.370000 0.370000 0.370000 0.370000 0.370000 0.370000 0.370000 0.370000 0.370000 0.370000 0.370000 0.370000 0.370000
-9999.0 -9999.0 -9999.0 -9999.0 0.102139 0.106644 0.111730 0.120703 0.128438 0.126313 0.128957 0.129108 0.128580 0.129232 0.131120 0.138236 0.145936 0.154480 0.164731 0.189085 0.219238 0.232515 0.254742 0.280614 0.291406 0.302164 0.312661 0.327030 0.342439 0.355420 0.365005 0.368507 0.369474 0.369822 0.369944 0.369988 0.369999 0.370000 0.370000 0.370000 0.370000 0.370000 0.370000 0.370000 0.370000 0.370000 0.370000 0.370000 0.370000 0.370000 0.370000 0.370000 0.370000 0.370000 0.370000 0.370000 0.370000 0.370000 0.370000 0.370000 0.370000 0.370000 0.370000
-9999.0 -9999.0 -9999.0 0.094070 0.100609 0.108506 0.115824 0.125702 0.137857 0.140732 0.144290 0.147446 0.150850 0.155375 0.160901 0.170056 0.178223 0.185740 0.200050 0.228162 0.257975 0.286430 0.310672 0.330530 0.342449 0.349008 0.354571 0.360759 0.366552 0.369082 0.369904 0.369997 0.370000 0.370000 0.370000 0.370000 0.370000 0.370000 0.370000 0.370000 0.370000 0.370000 0.370000 0.370000 0.370000 0.370000 0.370000 0.370000 0.370000 0.370000 0.370000 0.370000 0.370000 0.370000 0.370000 0.370000 0.370000 0.370000 0.370000 0.370000 0.370000 0.370000 0.370000
-9999.0 -9999.0 0.088041 0.092677 0.098349 0.109378 0.124853 0.137576 0.157105 0.171722 0.176155 0.188736 0.200959 0.207449 0.220811 0.234761 0.244534 0.246449 0.255876 0.285862 0.324315 0.348991 0.359896 0.367552 0.369180 0.369656 0.369814 0.369948 0.369994 0.370000 0.370000 0.370000 0.370000 0.370000 0.370000 0.370000 0.370000 0.370000 0.370000 0.370000 0.370000 0.370000 0.370000 0.370000 0.370000 0.370000 0.370000 0.370000 0.370000 0.370000 0.370000 0.370000 0.370000 0.370000 0.370000 0.370000 0.370000 0.370000 0.370000 0.370000 0.370000 0.370000 0.370000
-9999.0 -9999.0 0.085485 0.090350 0.096746 0.111965 0.137239 0.155125 0.180524 0.211709 0.226706 0.245775 0.262995 0.279542 0.298164 0.315210 0.317390 0.318879 0.318928 0.346833 0.363059 0.369014 0.369960 0.370000 0.370000 0.370000 0.370000 0.370000 0.370000 0.370000 0.370000 0.370000 0.370000 0.370000 0.370000 0.370000 0.370000 0.370000 0.370000 0.370000 0.370000 0.370000 0.370000 0.370000 0.370000 0.370000 0.370000 0.370000 0.370000 0.370000 0.370000 0.370000 0.370000 0.370000 0.370000 0.370000 0.370000 0.370000 0.370000 0.370000 0.370000 0.370000 0.370000
-9999.0 0.078982 0.082513 0.087643 0.097583 0.112996 0.144804 0.192485 0.229084 0.262529 0.285311 0.302108 0.337488 0.356460 0.362473 0.366346 0.366162 0.365942 0.365323 0.368646 0.369865 0.370000 0.370000 0.370000 0.370000 0.370000 0.370000 0.370000 0.370000 0.370000 0.370000 0.370000 0.370000 0.370000 0.370000 0.370000 0.370000 0.370000 0.370000 0.370000 0.370000 0.370000 0.370000 0.370000 0.370000 0.370000 0.370000 0.370000 0.370000 0.370000 0.370000 0.370000 0.370000 0.370000 0.370000 0.370000 0.370000 0.370000 0.370000 0.370000 0.370000 0.370000 0.370000
-9999.0 0.077198 0.080703 0.086988 0.096785 0.114569 0.162418 0.253034 0.288892 0.313226 0.332748 0.354571 0.368152 0.369852 0.369979 0.369999 0.369999 0.369997 0.369997 0.370000 0.370000 0.370000 0.370000 0.370000 0.370000 0.370000 0.370000 0.370000 0.370000 0.370000 0.370000 0.370000 0.370000 0.370000 0.370000 0.370000 0.370000 0.370000 0.370000 0.370000 0.370000 0.370000 0.370000 0.370000 0.370000 0.370000 0.370000 0.370000 0.370000 0.370000 0.370000 0.370000 0.370000 0.370000 0.370000 0.370000 0.370000 0.370000 0.370000 0.370000 0.370000 0.370000 0.370000
-9999.0 0.076185 0.079760 0.084903 0.094141 0.124569 0.185625 0.284430 0.339700 0.354532 0.365533 0.369782 0.369999 0.370000 0.370000 0.370000 0.370000 0.370000 0.370000 0.370000 0.370000 0.370000 0.370000 0.370000 0.370000 0.370000 0.370000 0.370000 0.370000 0.370000 0.370000 0.370000 0.370000 0.370000 0.370000 0.370000 0.370000 0.370000 0.370000 0.370000 0.370000 0.370000 0.370000 0.370000 0.370000 0.370000 0.370000 0.370000 0.370000 0.370000 0.370000 0.370000 0.370000 0.370000 0.370000 0.370000 0.370000 0.370000 0.370000 0.370000 0.370000 0.370000 0.370000
-9999.0 0.073331 0.076172 0.079487 0.093228 0.135002 0.206475 0.323722 0.365879 0.369233 0.369992 0.370000 0.370000 0.370000 0.370000 0.370000 0.370000 0.370000 0.370000 0.370000 0.370000 0.370000 0.370000 0.370000 0.370000 0.370000 0.370000 0.370000 0.370000 0.370000 0.370000 0.370000 0.370000 0.370000 0.370000 0.370000 0.370000 0.370000 0.370000 0.370000 0.370000 0.370000 0.370000 0.370000 0.370000 0.370000 0.370000 0.370000 0.370000 0.370000 0.370000 0.370000 0.370000 0.370000 0.370000 0.370000 0.370000 0.370000 0.370000 0.370000 0.370000 0.370000 0.370000
-9999.0 0.071510 0.073302 0.077374 0.090050 0.126183 0.211149 0.337498 0.369688 0.370000 0.370000 0.370000 0.370000 0.370000 0.370000 0.370000 0.370000 0.370000 0.370000 0.370000 0.370000 0.370000 0.370000 0.370000 0.370000 0.370000 0.370000 0.370000 0.370000 0.370000 0.370000 0.370000 0.370000 0.370000 0.370000 0.370000 0.370000 0.370000 0.370000 0.370000 0.370000 0.370000 0.370000 0.370000 0.370000 0.370000 0.370000 0.370000 0.370000 0.370000 0.370000 0.370000 0.370000 0.370000 0.370000 0.370000 0.370000 0.370000 0.370000 0.370000 0.370000 0.370000 0.370000
-9999.0 0.070251 0.072101 0.075103 0.083004 0.101625 0.147143 0.267805 0.359397 0.369996 0.370000 0.370000 0.370000 0.370000 0.370000 0.370000 0.370000 0.370000 0.370000 0.370000 0.370000 0.370000 0.370000 0.370000 0.370000 0.370000 0.370000 0.370000 0.370000 0.370000 0.370000 0.370000 0.370000 0.370000 0.370000 0.370000 0.370000 0.370000 0.370000 0.370000 0.370000 0.370000 0.370000 0.370000 0.370000 0.370000 0.370000 0.370000 0.370000 0.370000 0.370000 0.370000 0.370000 0.370000 0.370000 0.370000 0.370000 0.370000 0.370000 0.370000 0.370000 0.370000 0.370000
-9999.0 -9999.0 0.070878 0.073185 0.077608 0.087573 0.110510 0.180483 0.303679 0.368266 0.369989 0.370000 0.370000 0.370000 0.370000 0.370000 0.370000 0.370000 0.370000 0.370000 0.370000 0.370000 0.370000 0.370000 0.370000 0.370000 0.370000 0.370000 0.370000 0.370000 0.370000 0.370000 0.370000 0.370000 0.370000 0.370000 0.370000 0.370000 0.370000 0.370000 0.370000 0.370000 0.370000 0.370000 0.370000 0.370000 0.370000 0.370000 0.370000 0.370000 0.370000 0.370000 0.370000 0.370000 0.370000 0.370000 0.370000 0.370000 0.370000 0.369995 0.369918 0.369423 0.368058
-9999.0 -9999.0 0.069841 0.071394 0.074439 0.080610 0.091387 0.114559 0.192085 0.291871 0.350656 0.367253 0.369756 0.369983 0.369999 0.370000 0.370000 0.370000 0.370000 0.370000 0.370000 0.370000 0.370000 0.370000 0.370000 0.370000 0.370000 0.370000 0.370000 0.370000 0.370000 0.370000 0.370000 0.370000 0.370000 0.370000 0.370000 0.370000 0.370000 0.370000 0.370000 0.370000 0.370000 0.370000 0.370000 0.370000 0.370000 0.370000 0.370000 0.370000 0.370000 0.369999 0.369999 0.369997 0.369994 0.369989 0.369960 0.369839 0.369441 0.368079 0.364086 0.357619 0.347599
-9999.0 -9999.0 -9999.0 0.070274 0.071886 0.074243 0.078433 0.084226 0.097765 0.128337 0.180777 0.255376 0.307176 0.338968 0.356934 0.365601 0.368242 0.369016 0.369421 0.369921 0.369984 0.369999 0.370000 0.370000 0.370000 0.370000 0.370000 0.370000 0.370000 0.370000 0.370000 0.369999 0.369996 0.369996 0.369996 0.369997 0.369995 0.369992 0.369982 0.369959 0.369912 0.369853 0.369814 0.369769 0.369731 0.369680 0.369619 0.369492 0.369277 0.368983 0.368679 0.368501 0.368292 0.367964 0.367440 0.366751 0.365454 0.361434 0.355250 0.345779 0.330593 0.310934 0.288704
-9999.0 -9999.0 -9999.0 -9999.0 -9999.0 0.070883 0.072858 0.075779 0.079837 0.085784 0.096955 0.120240 0.139332 0.165325 0.201718 0.236652 0.267282 0.297057 0.327410 0.347549 0.360345 0.365703 0.368416 0.369427 0.369687 0.369830 0.369870 0.369803 0.369696 0.369446 0.368716 0.367501 0.367043 0.367000 0.366992 0.366818 0.366329 0.365731 0.364825 0.362849 0.360635 0.359343 0.358310 0.357260 0.356125 0.355072 0.353985 0.352796 0.349878 0.347241 0.347139 0.345988 0.344787 0.343523 0.340558 0.336978 0.332303 0.317918 0.303005 0.291135 0.266042 0.242715 0.226131
-9999.0 -9999.0 -9999.0 -9999.0 -9999.0 -9999.0 0.070247 0.071653 0.073409 0.076035 0.080463 0.086504 0.090185 0.097208 0.107508 0.122730 0.145179 0.168030 0.195795 0.228508 0.264223 0.292967 0.318447 0.338029 0.344780 0.349300 0.352947 0.350259 0.346886 0.342960 0.333172 0.330337 0.326783 0.326556 0.326222 0.325933 0.322799 0.319226 0.315629 0.308522 0.304647 0.300334 0.297174 0.294114 0.290926 0.288149 0.286009 0.283897 0.279168 0.279775 0.279926 0.278402 0.276481 0.274381 0.269249 0.262232 0.255238 0.241617 0.229889 0.218318 0.199158 0.185546 0.172610
