tests/Borden05m/data_simulated/sim_1/output-maps/thetaliqL0007N0002.asc
ncols         160
nrows         34
xllcorner     620200.000000
yllcorner     5168000.000000
cellsize      0.500000
NODATA_value  -9999.0
[rows 0 to 27 of 34, columns 63 to 125 of 160]
-9999.0 -9999.0 -9999.0 -9999.0 -9999.0 -9999.0 -9999.0 -9999.0 -9999.0 -9999.0 -9999.0 -9999.0 -9999.0 -9999.0 -9999.0 -9999.0 -9999.0 -9999.0 -9999.0 -9999.0 -9999.0 -9999.0 -9999.0 -9999.0 -9999.0 -9999.0 -9999.0 -9999.0 -9999.0 -9999.0 -9999.0 -9999.0 -9999.0 -9999.0 -9999.0 -9999.0 -9999.0 -9999.0 -9999.0 -9999.0 -9999.0 -9999.0 -9999.0 -9999.0 -9999.0 -9999.0 -9999.0 -9999.0 -9999.0 -9999.0 -9999.0 -9999.0 -9999.0 -9999.0 -9999.0 -9999.0 -9999.0 -9999.0 -9999.0 -9999.0 -9999.0 -9999.0 -9999.0
0.315879 0.309842 0.303829 0.300924 0.300149 0.299396 0.298996 0.302623 0.307898 0.312765 0.317212 0.318568 0.319952 0.321281 0.321547 0.320726 0.318740 0.316696 0.314532 0.313588 0.308071 0.300146 0.293614 0.291543 0.294870 0.298152 0.299972 0.304317 0.311651 0.318550 0.323637 0.330031 0.332813 0.335372 0.336992 0.335245 0.333681 0.332030 0.329835 0.323974 -9999.0 -9999.0 -9999.0 -9999.0 -9999.0 -9999.0 -9999.0 -9999.0 -9999.0 -9999.0 -9999.0 -9999.0 -9999.0 -9999.0 -9999.0 -9999.0 -9999.0 -9999.0 -9999.0 -9999.0 -9999.0 -9999.0 -9999.0
0.305296 0.298977 0.294884 0.290665 0.289282 0.289092 0.288978 0.291992 0.298981 0.304454 0.307607 0.309108 0.310618 0.310697 0.310321 0.309987 0.308004 0.305648 0.303263 0.301979 0.301884 0.296434 0.292551 0.290139 0.289326 0.291134 0.292837 0.294984 0.301954 0.307723 0.313241 0.321853 0.328698 0.331466 0.330389 0.327896 0.326093 0.322779 0.317251 0.310804 0.303768 0.298818 0.295145 0.291613 0.296268 0.300922 0.308180 0.314989 0.322343 0.329095 -9999.0 -9999.0 -9999.0 -9999.0 -9999.0 -9999.0 -9999.0 -9999.0 -9999.0 -9999.0 -9999.0 -9999.0 -9999.0
0.296170 0.293196 0.289481 0.286346 0.291825 0.292539 0.293237 0.295421 0.297844 0.299215 0.301094 0.304654 0.310517 0.312097 0.312324 0.312311 0.311059 0.308959 0.307724 0.305806 0.302178 0.301546 0.301855 0.301928 0.305578 0.306579 0.307418 0.302578 0.304867 0.309154 0.313695 0.318208 0.322493 0.325349 0.323788 0.323210 0.318610 0.310249 0.302747 0.296788 0.295010 0.292943 0.287512 0.278546 0.284026 0.295799 0.299350 0.302209 0.310469 0.318302 0.324287 0.325379 0.325266 0.325149 0.323804 0.315677 0.306252 0.296054 0.282233 -9999.0 -9999.0 -9999.0 -9999.0
0.297245 0.294821 0.293700 0.302801 0.309039 0.309923 0.311620 0.313578 0.312531 0.304115 0.302130 0.307895 0.314590 0.318143 0.318093 0.317951 0.317004 0.316288 0.315878 0.314273 0.314989 0.316602 0.317131 0.320269 0.323526 0.325041 0.319932 0.314262 0.314521 0.319241 0.323888 0.328033 0.333784 0.339338 0.338875 0.336435 0.332399 0.325459 0.311655 0.298309 0.291007 0.286505 0.281575 0.281044 0.279810 0.287993 0.289611 0.291091 0.297666 0.305052 0.311862 0.315622 0.315456 0.315276 0.313897 0.307886 0.297832 0.287126 0.274552 0.254501 0.231735 0.210429 0.209884
0.300804 0.303137 0.311969 0.320369 0.328736 0.329874 0.330978 0.330684 0.325241 0.319170 0.316361 0.325210 0.333309 0.337101 0.337439 0.337715 0.341313 0.340293 0.338958 0.336304 0.337405 0.338767 0.343655 0.346422 0.348694 0.348005 0.343705 0.339244 0.338375 0.339159 0.339963 0.342445 0.346565 0.350183 0.348738 0.346258 0.342394 0.329074 0.312863 0.301730 0.302685 0.303383 0.300567 0.298660 0.296219 0.290767 0.290753 0.290654 0.290540 0.299474 0.308009 0.310436 0.306593 0.304321 0.302924 0.296851 0.289016 0.277552 0.264327 0.249366 0.226773 0.221097 0.215182
0.328260 0.332377 0.338479 0.345909 0.353549 0.354451 0.355380 0.356375 0.353557 0.349878 0.345676 0.350876 0.353626 0.355961 0.356776 0.359330 0.361210 0.360245 0.358414 0.356208 0.357700 0.360570 0.362982 0.363811 0.364205 0.364270 0.362993 0.362221 0.361759 0.361792 0.361123 0.361610 0.363368 0.365283 0.365365 0.364152 0.360782 0.352631 0.340176 0.329593 0.331876 0.328891 0.325988 0.323762 0.315510 0.308235 0.308246 0.301974 0.297737 0.305876 0.310057 0.311434 0.307525 0.311292 0.306243 0.293761 0.280774 0.268536 0.257013 0.245126 0.239196 0.231791 0.225864
0.348795 0.351555 0.356508 0.361377 0.364836 0.366066 0.366681 0.367323 0.366837 0.366066 0.365148 0.365710 0.366808 0.367635 0.368246 0.368758 0.369122 0.368946 0.368615 0.368506 0.368670 0.369181 0.369486 0.369575 0.369619 0.369684 0.369619 0.369505 0.369337 0.369131 0.368904 0.368733 0.369181 0.369481 0.369456 0.368903 0.367919 0.365376 0.360232 0.352096 0.350569 0.350518 0.350200 0.344927 0.338756 0.329688 0.323710 0.318682 0.309257 0.312340 0.316209 0.322802 0.328451 0.328177 0.318932 0.307978 0.294523 0.280355 0.269118 0.265506 0.261549 0.253969 0.248973
0.367972 0.368241 0.368762 0.369460 0.369848 0.369954 0.369987 0.369991 0.369982 0.369969 0.369934 0.369912 0.369952 0.369975 0.369988 0.369995 0.369998 0.369999 0.369999 0.369999 0.370000 0.370000 0.370000 0.370000 0.370000 0.370000 0.370000 0.370000 0.370000 0.370000 0.369999 0.369999 0.369998 0.369999 0.369999 0.369994 0.369970 0.369874 0.369517 0.368721 0.367721 0.367798 0.366938 0.365462 0.362816 0.355636 0.350138 0.344303 0.330884 0.328537 0.334336 0.340997 0.344112 0.337440 0.329467 0.318917 0.305666 0.291235 0.286354 0.285441 0.283184 0.278798 0.276799
0.369985 0.369989 0.369995 0.370000 0.370000 0.370000 0.370000 0.370000 0.370000 0.370000 0.370000 0.370000 0.370000 0.370000 0.370000 0.370000 0.370000 0.370000 0.370000 0.370000 0.370000 0.370000 0.370000 0.370000 0.370000 0.370000 0.370000 0.370000 0.370000 0.370000 0.370000 0.370000 0.370000 0.370000 0.370000 0.370000 0.370000 0.370000 0.370000 0.369998 0.369985 0.369954 0.369886 0.369745 0.369011 0.367151 0.363793 0.359000 0.351767 0.350218 0.357435 0.362430 0.360922 0.358684 0.354485 0.346708 0.336515 0.323329 0.319016 0.317133 0.313616 0.309466 0.305365
0.370000 0.370000 0.370000 0.370000 0.370000 0.370000 0.370000 0.370000 0.370000 0.370000 0.370000 0.370000 0.370000 0.370000 0.370000 0.370000 0.370000 0.370000 0.370000 0.370000 0.370000 0.370000 0.370000 0.370000 0.370000 0.370000 0.370000 0.370000 0.370000 0.370000 0.370000 0.370000 0.370000 0.370000 0.370000 0.370000 0.370000 0.370000 0.370000 0.370000 0.370000 0.370000 0.370000 0.370000 0.370000 0.369991 0.369960 0.369826 0.369361 0.368508 0.369364 0.369183 0.368849 0.368155 0.366512 0.363748 0.359410 0.352890 0.349601 0.347680 0.344831 0.342291 0.338553
0.370000 0.370000 0.370000 0.370000 0.370000 0.370000 0.370000 0.370000 0.370000 0.370000 0.370000 0.370000 0.370000 0.370000 0.370000 0.370000 0.370000 0.370000 0.370000 0.370000 0.370000 0.370000 0.370000 0.370000 0.370000 0.370000 0.370000 0.370000 0.370000 0.370000 0.370000 0.370000 0.370000 0.370000 0.370000 0.370000 0.370000 0.370000 0.370000 0.370000 0.370000 0.370000 0.370000 0.370000 0.370000 0.370000 0.370000 0.370000 0.370000 0.369999 0.369996 0.369990 0.369976 0.369909 0.369706 0.369326 0.368223 0.366014 0.363664 0.362529 0.361323 0.359628 0.357044
0.370000 0.370000 0.370000 0.370000 0.370000 0.370000 0.370000 0.370000 0.370000 0.370000 0.370000 0.370000 0.370000 0.370000 0.370000 0.370000 0.370000 0.370000 0.370000 0.370000 0.370000 0.370000 0.370000 0.370000 0.370000 0.370000 0.370000 0.370000 0.370000 0.370000 0.370000 0.370000 0.370000 0.370000 0.370000 0.370000 0.370000 0.370000 0.370000 0.370000 0.370000 0.370000 0.370000 0.370000 0.370000 0.370000 0.370000 0.370000 0.370000 0.370000 0.370000 0.370000 0.370000 0.370000 0.370000 0.369999 0.369983 0.369887 0.369650 0.369452 0.368971 0.368195 0.367230
0.370000 0.370000 0.370000 0.370000 0.370000 0.370000 0.370000 0.370000 0.370000 0.370000 0.370000 0.370000 0.370000 0.370000 0.370000 0.370000 0.370000 0.370000 0.370000 0.370000 0.370000 0.370000 0.370000 0.370000 0.370000 0.370000 0.370000 0.370000 0.370000 0.370000 0.370000 0.370000 0.370000 0.370000 0.370000 0.370000 0.370000 0.370000 0.370000 0.370000 0.370000 0.370000 0.370000 0.370000 0.370000 0.370000 0.370000 0.370000 0.370000 0.370000 0.370000 0.370000 0.370000 0.370000 0.370000 0.370000 0.370000 0.370000 0.370000 0.369998 0.369981 0.369931 0.369824
0.370000 0.370000 0.370000 0.370000 0.370000 0.370000 0.370000 0.370000 0.370000 0.370000 0.370000 0.370000 0.370000 0.370000 0.370000 0.370000 0.370000 0.370000 0.370000 0.370000 0.370000 0.370000 0.370000 0.370000 0.370000 0.370000 0.370000 0.370000 0.370000 0.370000 0.370000 0.370000 0.370000 0.370000 0.370000 0.370000 0.370000 0.370000 0.370000 0.370000 0.370000 0.370000 0.370000 0.370000 0.370000 0.370000 0.370000 0.370000 0.370000 0.370000 0.370000 0.370000 0.370000 0.370000 0.370000 0.370000 0.370000 0.370000 0.370000 0.370000 0.370000 0.370000 0.370000
0.370000 0.370000 0.370000 0.370000 0.370000 0.370000 0.370000 0.370000 0.370000 0.370000 0.370000 0.370000 0.370000 0.370000 0.370000 0.370000 0.370000 0.370000 0.370000 0.370000 0.370000 0.370000 0.370000 0.370000 0.370000 0.370000 0.370000 0.370000 0.370000 0.370000 0.370000 0.370000 0.370000 0.370000 0.370000 0.370000 0.370000 0.370000 0.370000 0.370000 0.370000 0.370000 0.370000 0.370000 0.370000 0.370000 0.370000 0.370000 0.370000 0.370000 0.370000 0.370000 0.370000 0.370000 0.370000 0.370000 0.370000 0.370000 0.370000 0.370000 0.370000 0.370000 0.370000
0.370000 0.370000 0.370000 0.370000 0.370000 0.370000 0.370000 0.370000 0.370000 0.370000 0.370000 0.370000 0.370000 0.370000 0.370000 0.370000 0.370000 0.370000 0.370000 0.370000 0.370000 0.370000 0.370000 0.370000 0.370000 0.370000 0.370000 0.370000 0.370000 0.370000 0.370000 0.370000 0.370000 0.370000 0.370000 0.370000 0.370000 0.370000 0.370000 0.370000 0.370000 0.370000 0.370000 0.370000 0.370000 0.370000 0.370000 0.370000 0.370000 0.370000 0.370000 0.370000 0.370000 0.370000 0.370000 0.370000 0.370000 0.370000 0.370000 0.370000 0.370000 0.370000 0.370000
0.370000 0.370000 0.370000 0.370000 0.370000 0.370000 0.370000 0.370000 0.370000 0.370000 0.370000 0.370000 0.370000 0.370000 0.370000 0.370000 0.370000 0.370000 0.370000 0.370000 0.370000 0.370000 0.370000 0.370000 0.370000 0.370000 0.370000 0.370000 0.370000 0.370000 0.370000 0.370000 0.370000 0.370000 0.370000 0.370000 0.370000 0.370000 0.370000 0.370000 0.370000 0.370000 0.370000 0.370000 0.370000 0.370000 0.370000 0.370000 0.370000 0.370000 0.370000 0.370000 0.370000 0.370000 0.370000 0.370000 0.370000 0.370000 0.370000 0.370000 0.370000 0.370000 0.370000
0.370000 0.370000 0.370000 0.370000 0.370000 0.370000 0.370000 0.370000 0.370000 0.370000 0.370000 0.370000 0.370000 0.370000 0.370000 0.370000 0.370000 0.370000 0.370000 0.370000 0.370000 0.370000 0.370000 0.370000 0.370000 0.370000 0.370000 0.370000 0.370000 0.370000 0.370000 0.370000 0.370000 0.370000 0.370000 0.370000 0.370000 0.370000 0.370000 0.370000 0.370000 0.370000 0.370000 0.370000 0.370000 0.370000 0.370000 0.370000 0.370000 0.370000 0.370000 0.370000 0.370000 0.370000 0.370000 0.370000 0.370000 0.370000 0.370000 0.370000 0.370000 0.370000 0.370000
0.370000 0.370000 0.370000 0.370000 0.370000 0.370000 0.370000 0.370000 0.370000 0.370000 0.370000 0.370000 0.370000 0.370000 0.370000 0.369999 0.369997 0.369996 0.369991 0.369988 0.369991 0.369995 0.369992 0.369990 0.369991 0.369989 0.369988 0.369994 0.369998 0.369999 0.370000 0.370000 0.370000 0.370000 0.370000 0.370000 0.370000 0.370000 0.370000 0.370000 0.370000 0.370000 0.370000 0.370000 0.370000 0.370000 0.370000 0.370000 0.370000 0.370000 0.370000 0.370000 0.370000 0.370000 0.370000 0.370000 0.370000 0.370000 0.370000 0.370000 0.370000 0.370000 0.370000
0.370000 0.370000 0.370000 0.370000 0.370000 0.370000 0.369997 0.369989 0.369961 0.369852 0.369697 0.369718 0.369773 0.369739 0.369553 0.369308 0.369064 0.368692 0.368071 0.367552 0.367998 0.368404 0.368567 0.368639 0.368758 0.368788 0.368741 0.368661 0.368961 0.369194 0.369402 0.369549 0.369668 0.369875 0.369957 0.369982 0.369995 0.369999 0.370000 0.370000 0.370000 0.370000 0.370000 0.370000 0.370000 0.370000 0.370000 0.370000 0.370000 0.370000 0.370000 0.370000 0.370000 0.370000 0.370000 0.370000 0.370000 0.370000 0.370000 0.370000 0.370000 0.370000 0.370000
0.370000 0.370000 0.369996 0.369948 0.369816 0.369550 0.369063 0.368166 0.366312 0.363388 0.360471 0.361671 0.362755 0.363973 0.362240 0.360192 0.358896 0.355740 0.352035 0.347771 0.350508 0.353205 0.356947 0.357657 0.358273 0.359423 0.359080 0.358625 0.357250 0.359064 0.360769 0.362668 0.365635 0.367501 0.368617 0.369204 0.369565 0.369798 0.369925 0.369978 0.369996 0.369999 0.370000 0.370000 0.370000 0.370000 0.370000 0.370000 0.370000 0.370000 0.370000 0.370000 0.370000 0.370000 0.370000 0.370000 0.370000 0.370000 0.370000 0.370000 0.370000 0.370000 0.370000
0.369697 0.369128 0.367438 0.365686 0.363518 0.359954 0.355451 0.349740 0.340227 0.329728 0.317304 0.319981 0.326879 0.333863 0.330030 0.327624 0.325925 0.319407 0.311159 0.302288 0.304844 0.314251 0.323916 0.327285 0.330366 0.333903 0.333817 0.330674 0.326201 0.328951 0.335145 0.341658 0.349312 0.355494 0.360009 0.363081 0.365567 0.367354 0.368520 0.369269 0.369683 0.369843 0.369942 0.369984 0.369996 0.369999 0.370000 0.370000 0.370000 0.370000 0.370000 0.370000 0.370000 0.370000 0.370000 0.370000 0.370000 0.370000 0.370000 0.370000 0.370000 0.370000 0.370000
0.358289 0.350553 0.343904 0.336327 0.327626 0.317586 0.305092 0.291694 0.277319 0.260613 0.244748 0.249185 0.260237 0.270639 0.272021 0.269747 0.267429 0.261107 0.250340 0.240549 0.246968 0.259412 0.271555 0.278945 0.283867 0.288534 0.286356 0.280052 0.274219 0.279946 0.291059 0.301425 0.312898 0.325126 0.335588 0.344202 0.351447 0.357072 0.361659 0.364943 0.367115 0.368424 0.369170 0.369591 0.369730 0.369830 0.369893 0.369957 0.369986 0.369998 0.370000 0.370000 0.370000 0.370000 0.370000 0.370000 0.370000 0.370000 0.370000 0.370000 0.370000 0.370000 0.370000
0.323440 0.305518 0.288952 0.275835 0.268218 0.256831 0.241570 0.230913 0.217956 0.203190 0.201843 0.204937 0.214706 0.216943 0.217582 0.215344 0.214548 0.210763 0.201642 0.205419 0.211366 0.223030 0.231738 0.239092 0.244132 0.247480 0.246768 0.240602 0.242348 0.248094 0.259747 0.268970 0.280749 0.295982 0.307654 0.319490 0.331064 0.341036 0.349472 0.356266 0.361503 0.364755 0.366607 0.367318 0.367953 0.368302 0.368131 0.368756 0.369211 0.369530 0.369796 0.369928 0.369988 0.370000 0.370000 0.370000 0.370000 0.370000 0.370000 0.370000 0.370000 0.370000 0.370000
0.257440 0.234434 0.215455 0.208345 0.200843 0.192817 0.183848 0.175204 0.167356 0.166758 0.165527 0.165561 0.167038 0.168889 0.170378 0.169768 0.169118 0.169305 0.172357 0.174953 0.178452 0.185469 0.193004 0.200072 0.202988 0.206000 0.207883 0.209929 0.211697 0.214996 0.223782 0.232885 0.243416 0.256924 0.270472 0.284731 0.300490 0.314867 0.328228 0.340414 0.349950 0.355533 0.357803 0.359817 0.360607 0.359894 0.359167 0.360806 0.362817 0.364410 0.366509 0.368010 0.368932 0.369769 0.369980 0.370000 0.370000 0.370000 0.370000 0.370000 0.370000 0.370000 0.370000
0.200078 0.182019 0.170544 0.164786 0.159250 0.153826 0.147164 0.142034 0.140887 0.139931 0.139064 0.138480 0.139998 0.141622 0.143532 0.143298 0.143400 0.144552 0.146520 0.149209 0.153715 0.159457 0.166043 0.174418 0.177089 0.179919 0.183317 0.184932 0.186890 0.189741 0.197654 0.206012 0.215248 0.228278 0.242084 0.257260 0.274620 0.293494 0.313087 0.328203 0.340342 0.348348 0.351170 0.352501 0.352088 0.350486 0.346625 0.346585 0.350448 0.351758 0.355684 0.360263 0.362656 0.366900 0.369133 0.369731 0.369951 0.369996 0.370000 0.370000 0.370000 0.370000 0.370000
0.156926 0.147469 0.138751 0.133710 0.129725 0.126092 0.123049 0.122121 0.121121 0.120491 0.120089 0.119650 0.120482 0.121832 0.123200 0.123805 0.124662 0.125592 0.127672 0.130980 0.134414 0.139391 0.145952 0.153117 0.156126 0.158967 0.161924 0.163990 0.166306 0.168610 0.174910 0.182352 0.190097 0.202382 0.216029 0.230443 0.250918 0.274333 0.296405 0.313551 0.328093 0.339536 0.340998 0.341611 0.341385 0.335778 0.328269 0.325642 0.327452 0.328138 0.333019 0.339007 0.344280 0.354058 0.360869 0.365294 0.368137 0.369562 0.369938 0.369992 0.370000 0.370000 0.370000
