tests/Borden05m/data_simulated/sim_1/output-maps/thetaliqL0005N0006.asc
ncols         160
nrows         34
xllcorner     620200.000000
yllcorner     5168000.000000
cellsize      0.500000
NODATA_value  -9999.0
[rows 0 to 27 of 34, columns 63 to 125 of 160]
-9999.0 -9999.0 -9999.0 -9999.0 -9999.0 -9999.0 -9999.0 -9999.0 -9999.0 -9999.0 -9999.0 -9999.0 -9999.0 -9999.0 -9999.0 -9999.0 -9999.0 -9999.0 -9999.0 -9999.0 -9999.0 -9999.0 -9999.0 -9999.0 -9999.0 -9999.0 -9999.0 -9999.0 -9999.0 -9999.0 -9999.0 -9999.0 -9999.0 -9999.0 -9999.0 -9999.0 -9999.0 -9999.0 -9999.0 -9999.0 -9999.0 -9999.0 -9999.0 -9999.0 -9999.0 -9999.0 -9999.0 -9999.0 -9999.0 -9999.0 -9999.0 -9999.0 -9999.0 -9999.0 -9999.0 -9999.0 -9999.0 -9999.0 -9999.0 -9999.0 -9999.0 -9999.0 -9999.0
0.122615 0.119536 0.116765 0.115540 0.115226 0.114914 0.114751 0.116255 0.118588 0.120944 0.123313 0.124066 0.124867 0.125674 0.125844 0.125341 0.124174 0.123029 0.121866 0.121389 0.118655 0.115192 0.112637 0.111879 0.113117 0.114390 0.115118 0.116971 0.120400 0.124084 0.127156 0.131581 0.133708 0.135886 0.137401 0.135819 0.134477 0.133153 0.131520 0.127428 -9999.0 -9999.0 -9999.0 -9999.0 -9999.0 -9999.0 -9999.0 -9999.0 -9999.0 -9999.0 -9999.0 -9999.0 -9999.0 -9999.0 -9999.0 -9999.0 -9999.0 -9999.0 -9999.0 -9999.0 -9999.0 -9999.0 -9999.0
0.117410 0.114730 0.113130 0.111579 0.111107 0.111036 0.110993 0.112070 0.114711 0.117004 0.118421 0.119109 0.119817 0.119895 0.119718 0.119552 0.118612 0.117541 0.116498 0.115957 0.115891 0.113698 0.112258 0.111405 0.111155 0.111787 0.112396 0.113157 0.115944 0.118493 0.121182 0.125981 0.130535 0.132618 0.131791 0.129947 0.128716 0.126603 0.123382 0.120020 0.116738 0.114663 0.113243 0.111970 0.113707 0.115525 0.118741 0.122173 0.126404 0.130988 -9999.0 -9999.0 -9999.0 -9999.0 -9999.0 -9999.0 -9999.0 -9999.0 -9999.0 -9999.0 -9999.0 -9999.0 -9999.0
0.113621 0.112485 0.111147 0.110140 0.111999 0.112256 0.112517 0.113330 0.114302 0.114777 0.115549 0.117058 0.119760 0.120526 0.120638 0.120632 0.120013 0.119005 0.118435 0.117566 0.115991 0.115750 0.115900 0.115960 0.117571 0.118019 0.118368 0.116184 0.117145 0.119100 0.121339 0.123815 0.126383 0.128296 0.127284 0.126878 0.124129 0.119745 0.116322 0.113890 0.113163 0.112404 0.110496 0.107628 0.109340 0.113500 0.114889 0.116091 0.119860 0.123984 0.127632 0.128306 0.128229 0.128158 0.127303 0.122515 0.117880 0.113654 0.108809 -9999.0 -9999.0 -9999.0 -9999.0
0.113996 0.113069 0.112704 0.116377 0.119198 0.119613 0.120447 0.121420 0.120827 0.116836 0.115968 0.118538 0.121853 0.123801 0.123762 0.123683 0.123211 0.122821 0.122593 0.121722 0.122146 0.123043 0.123416 0.125279 0.127292 0.128267 0.124964 0.121797 0.121886 0.124470 0.127272 0.130075 0.134566 0.139747 0.139238 0.136886 0.133437 0.128342 0.120395 0.114439 0.111716 0.110197 0.108601 0.108365 0.108035 0.110653 0.111217 0.111723 0.114223 0.117300 0.120484 0.122423 0.122343 0.122263 0.121552 0.118614 0.114322 0.110418 0.106484 0.101180 0.096121 0.091963 0.091884
0.115485 0.116528 0.120723 0.125343 0.130961 0.131793 0.132642 0.132434 0.128444 0.124669 0.123036 0.128424 0.134408 0.137752 0.138097 0.138513 0.142393 0.141200 0.139705 0.137073 0.138153 0.139646 0.145221 0.148733 0.151933 0.150870 0.145187 0.140315 0.139390 0.140051 0.140697 0.143340 0.148494 0.153959 0.151701 0.148117 0.143290 0.131078 0.121080 0.115913 0.116356 0.116671 0.115499 0.114715 0.113707 0.111613 0.111605 0.111585 0.111540 0.114921 0.118597 0.119750 0.117960 0.116964 0.116375 0.113894 0.111043 0.107344 0.103615 0.099936 0.095081 0.093952 0.092856
0.130544 0.133741 0.139239 0.147861 0.160274 0.162199 0.164317 0.166890 0.160736 0.154177 0.147966 0.155459 0.160414 0.165522 0.167714 0.175176 0.181756 0.178106 0.172175 0.166455 0.170279 0.179537 0.189445 0.193481 0.195482 0.196125 0.189553 0.186168 0.184067 0.183970 0.181114 0.182748 0.190849 0.202480 0.203288 0.195161 0.179809 0.158872 0.141353 0.131718 0.133321 0.131044 0.129037 0.127473 0.122552 0.118816 0.118778 0.115974 0.114221 0.117618 0.119537 0.120221 0.118392 0.120221 0.117823 0.112792 0.108347 0.104735 0.101734 0.098970 0.097651 0.096092 0.094905
0.152578 0.156972 0.167180 0.182241 0.199512 0.209267 0.215859 0.222919 0.217179 0.209899 0.202629 0.205691 0.215653 0.225592 0.235641 0.246606 0.257521 0.252979 0.245048 0.243187 0.246586 0.260634 0.273279 0.278481 0.281736 0.287212 0.283122 0.275469 0.266573 0.257993 0.250649 0.246021 0.258529 0.271291 0.269993 0.249263 0.229184 0.203611 0.178858 0.158435 0.155161 0.155320 0.154721 0.146961 0.139950 0.131763 0.127390 0.124309 0.119264 0.120669 0.122726 0.126662 0.130586 0.130252 0.124319 0.118679 0.113072 0.108204 0.104895 0.103952 0.102938 0.101058 0.099887
0.232004 0.236095 0.246391 0.272197 0.306878 0.332858 0.351738 0.354691 0.348118 0.340127 0.327403 0.320295 0.330571 0.340973 0.350766 0.359001 0.364846 0.367501 0.367754 0.367921 0.368390 0.368895 0.369548 0.369931 0.369994 0.369999 0.369999 0.369995 0.369934 0.369148 0.366893 0.365412 0.364318 0.365870 0.365510 0.357389 0.338464 0.311591 0.277003 0.247290 0.228032 0.228509 0.217388 0.204623 0.188822 0.165187 0.154114 0.145696 0.132477 0.130605 0.135448 0.142060 0.145418 0.138117 0.131443 0.124511 0.117776 0.111927 0.110251 0.109961 0.109222 0.107854 0.107246
0.347987 0.351798 0.358321 0.369559 0.369997 0.370000 0.370000 0.370000 0.370000 0.370000 0.370000 0.370000 0.370000 0.370000 0.370000 0.370000 0.370000 0.370000 0.370000 0.370000 0.370000 0.370000 0.370000 0.370000 0.370000 0.370000 0.370000 0.370000 0.370000 0.370000 0.370000 0.370000 0.370000 0.370000 0.370000 0.370000 0.370000 0.370000 0.369969 0.364494 0.347170 0.328405 0.310721 0.292313 0.255509 0.221000 0.194958 0.175263 0.158284 0.155186 0.170754 0.187272 0.180490 0.173236 0.162686 0.149394 0.137872 0.127586 0.124866 0.123760 0.121831 0.119758 0.117804
0.370000 0.370000 0.370000 0.370000 0.370000 0.370000 0.370000 0.370000 0.370000 0.370000 0.370000 0.370000 0.370000 0.370000 0.370000 0.370000 0.370000 0.370000 0.370000 0.370000 0.370000 0.370000 0.370000 0.370000 0.370000 0.370000 0.370000 0.370000 0.370000 0.370000 0.370000 0.370000 0.370000 0.370000 0.370000 0.370000 0.370000 0.370000 0.370000 0.370000 0.370000 0.370000 0.370000 0.369994 0.369673 0.357269 0.339565 0.310733 0.273810 0.243652 0.266539 0.257423 0.247564 0.232842 0.212279 0.193222 0.175513 0.159428 0.153426 0.150509 0.146678 0.143621 0.139597
0.370000 0.370000 0.370000 0.370000 0.370000 0.370000 0.370000 0.370000 0.370000 0.370000 0.370000 0.370000 0.370000 0.370000 0.370000 0.370000 0.370000 0.370000 0.370000 0.370000 0.370000 0.370000 0.370000 0.370000 0.370000 0.370000 0.370000 0.370000 0.370000 0.370000 0.370000 0.370000 0.370000 0.370000 0.370000 0.370000 0.370000 0.370000 0.370000 0.370000 0.370000 0.370000 0.370000 0.370000 0.370000 0.370000 0.370000 0.370000 0.369995 0.368687 0.358761 0.349192 0.337284 0.313474 0.286436 0.264812 0.235103 0.208534 0.192630 0.187178 0.182032 0.175887 0.168406
0.370000 0.370000 0.370000 0.370000 0.370000 0.370000 0.370000 0.370000 0.370000 0.370000 0.370000 0.370000 0.370000 0.370000 0.370000 0.370000 0.370000 0.370000 0.370000 0.370000 0.370000 0.370000 0.370000 0.370000 0.370000 0.370000 0.370000 0.370000 0.370000 0.370000 0.370000 0.370000 0.370000 0.370000 0.370000 0.370000 0.370000 0.370000 0.370000 0.370000 0.370000 0.370000 0.370000 0.370000 0.370000 0.370000 0.370000 0.370000 0.370000 0.370000 0.370000 0.370000 0.370000 0.369997 0.369779 0.366738 0.347068 0.313135 0.283669 0.270221 0.251323 0.233874 0.220258
0.370000 0.370000 0.370000 0.370000 0.370000 0.370000 0.370000 0.370000 0.370000 0.370000 0.370000 0.370000 0.370000 0.370000 0.370000 0.370000 0.370000 0.370000 0.370000 0.370000 0.370000 0.370000 0.370000 0.370000 0.370000 0.370000 0.370000 0.370000 0.370000 0.370000 0.370000 0.370000 0.370000 0.370000 0.370000 0.370000 0.370000 0.370000 0.370000 0.370000 0.370000 0.370000 0.370000 0.370000 0.370000 0.370000 0.370000 0.370000 0.370000 0.370000 0.370000 0.370000 0.370000 0.370000 0.370000 0.370000 0.370000 0.369999 0.369837 0.363022 0.341865 0.318996 0.297742
0.370000 0.370000 0.370000 0.370000 0.370000 0.370000 0.370000 0.370000 0.370000 0.370000 0.370000 0.370000 0.370000 0.370000 0.370000 0.370000 0.370000 0.370000 0.370000 0.370000 0.370000 0.370000 0.370000 0.370000 0.370000 0.370000 0.370000 0.370000 0.370000 0.370000 0.370000 0.370000 0.370000 0.370000 0.370000 0.370000 0.370000 0.370000 0.370000 0.370000 0.370000 0.370000 0.370000 0.370000 0.370000 0.370000 0.370000 0.370000 0.370000 0.370000 0.370000 0.370000 0.370000 0.370000 0.370000 0.370000 0.370000 0.370000 0.370000 0.370000 0.370000 0.369994 0.368346
0.370000 0.370000 0.370000 0.370000 0.370000 0.370000 0.370000 0.370000 0.370000 0.370000 0.370000 0.370000 0.370000 0.370000 0.370000 0.370000 0.370000 0.370000 0.370000 0.370000 0.370000 0.370000 0.370000 0.370000 0.370000 0.370000 0.370000 0.370000 0.370000 0.370000 0.370000 0.370000 0.370000 0.370000 0.370000 0.370000 0.370000 0.370000 0.370000 0.370000 0.370000 0.370000 0.370000 0.370000 0.370000 0.370000 0.370000 0.370000 0.370000 0.370000 0.370000 0.370000 0.370000 0.370000 0.370000 0.370000 0.370000 0.370000 0.370000 0.370000 0.370000 0.370000 0.370000
0.370000 0.370000 0.370000 0.370000 0.370000 0.370000 0.370000 0.370000 0.370000 0.370000 0.370000 0.370000 0.370000 0.370000 0.370000 0.370000 0.370000 0.370000 0.370000 0.370000 0.370000 0.370000 0.370000 0.370000 0.370000 0.370000 0.370000 0.370000 0.370000 0.370000 0.370000 0.370000 0.370000 0.370000 0.370000 0.370000 0.370000 0.370000 0.370000 0.370000 0.370000 0.370000 0.370000 0.370000 0.370000 0.370000 0.370000 0.370000 0.370000 0.370000 0.370000 0.370000 0.370000 0.370000 0.370000 0.370000 0.370000 0.370000 0.370000 0.370000 0.370000 0.370000 0.370000
0.370000 0.370000 0.370000 0.370000 0.370000 0.370000 0.370000 0.370000 0.370000 0.370000 0.370000 0.370000 0.370000 0.370000 0.370000 0.370000 0.370000 0.370000 0.370000 0.370000 0.370000 0.370000 0.370000 0.370000 0.370000 0.370000 0.370000 0.370000 0.370000 0.370000 0.370000 0.370000 0.370000 0.370000 0.370000 0.370000 0.370000 0.370000 0.370000 0.370000 0.370000 0.370000 0.370000 0.370000 0.370000 0.370000 0.370000 0.370000 0.370000 0.370000 0.370000 0.370000 0.370000 0.370000 0.370000 0.370000 0.370000 0.370000 0.370000 0.370000 0.370000 0.370000 0.370000
0.370000 0.370000 0.370000 0.370000 0.370000 0.370000 0.370000 0.370000 0.370000 0.370000 0.370000 0.370000 0.370000 0.370000 0.370000 0.370000 0.370000 0.370000 0.370000 0.370000 0.370000 0.370000 0.370000 0.370000 0.370000 0.370000 0.370000 0.370000 0.370000 0.370000 0.370000 0.370000 0.370000 0.370000 0.370000 0.370000 0.370000 0.370000 0.370000 0.370000 0.370000 0.370000 0.370000 0.370000 0.370000 0.370000 0.370000 0.370000 0.370000 0.370000 0.370000 0.370000 0.370000 0.370000 0.370000 0.370000 0.370000 0.370000 0.370000 0.370000 0.370000 0.370000 0.370000
0.370000 0.370000 0.370000 0.370000 0.370000 0.370000 0.370000 0.370000 0.370000 0.370000 0.370000 0.370000 0.370000 0.369993 0.369460 0.365786 0.362272 0.359516 0.353794 0.351896 0.354611 0.359247 0.354845 0.351447 0.352103 0.350370 0.349825 0.356943 0.364756 0.367758 0.369235 0.369814 0.369968 0.369998 0.370000 0.370000 0.370000 0.370000 0.370000 0.370000 0.370000 0.370000 0.370000 0.370000 0.370000 0.370000 0.370000 0.370000 0.370000 0.370000 0.370000 0.370000 0.370000 0.370000 0.370000 0.370000 0.370000 0.370000 0.370000 0.370000 0.370000 0.370000 0.370000
0.370000 0.370000 0.370000 0.370000 0.369994 0.369266 0.360959 0.351025 0.335237 0.309357 0.291457 0.291688 0.296697 0.291588 0.276682 0.264072 0.255234 0.245602 0.233412 0.226187 0.232650 0.240073 0.242128 0.243227 0.246002 0.246307 0.245090 0.243922 0.253118 0.260917 0.269727 0.277469 0.284573 0.306874 0.328198 0.342048 0.356814 0.367215 0.369981 0.370000 0.370000 0.370000 0.370000 0.370000 0.370000 0.370000 0.370000 0.370000 0.370000 0.370000 0.370000 0.370000 0.370000 0.370000 0.370000 0.370000 0.370000 0.370000 0.370000 0.370000 0.370000 0.370000 0.370000
0.370000 0.369984 0.363033 0.329704 0.300651 0.276962 0.255586 0.235317 0.212954 0.193090 0.180961 0.185497 0.190161 0.195911 0.187172 0.179014 0.174716 0.166429 0.158776 0.151937 0.156342 0.161099 0.169079 0.170785 0.172420 0.175694 0.174545 0.173283 0.169978 0.175194 0.180744 0.188249 0.205192 0.223511 0.242141 0.258177 0.274705 0.293873 0.315882 0.337974 0.356535 0.366455 0.369905 0.370000 0.370000 0.370000 0.370000 0.370000 0.370000 0.370000 0.370000 0.370000 0.370000 0.370000 0.370000 0.370000 0.370000 0.370000 0.370000 0.370000 0.370000 0.370000 0.370000
0.293999 0.263612 0.226677 0.207910 0.194092 0.179295 0.166835 0.155855 0.143214 0.133588 0.125436 0.126989 0.131415 0.136805 0.133330 0.131349 0.130103 0.125863 0.121368 0.117244 0.118366 0.122888 0.128541 0.130704 0.132925 0.135787 0.135720 0.133263 0.130017 0.132007 0.136946 0.143375 0.153619 0.165334 0.177794 0.190018 0.204759 0.221542 0.239699 0.260354 0.282357 0.298564 0.319053 0.340695 0.357047 0.365904 0.369874 0.369999 0.370000 0.370000 0.370000 0.370000 0.370000 0.370000 0.370000 0.370000 0.370000 0.370000 0.370000 0.370000 0.370000 0.370000 0.370000
0.174276 0.157359 0.147322 0.139139 0.131836 0.125258 0.118896 0.113321 0.108345 0.103577 0.099511 0.100507 0.103242 0.106173 0.106464 0.105788 0.105122 0.103374 0.100695 0.098317 0.099732 0.102755 0.106073 0.108238 0.109803 0.111417 0.110669 0.108624 0.106751 0.108485 0.112215 0.116277 0.121673 0.128845 0.136980 0.145992 0.156583 0.168459 0.183070 0.199754 0.218080 0.236860 0.255794 0.275212 0.285622 0.296708 0.308283 0.327595 0.345771 0.361786 0.369594 0.369998 0.370000 0.370000 0.370000 0.370000 0.370000 0.370000 0.370000 0.370000 0.370000 0.370000 0.370000
0.128773 0.119012 0.112369 0.107908 0.105592 0.102509 0.098825 0.096481 0.093859 0.090987 0.090654 0.091234 0.093091 0.093566 0.093680 0.093240 0.093082 0.092337 0.090607 0.091206 0.092302 0.094541 0.096304 0.097852 0.098973 0.099748 0.099553 0.098116 0.098450 0.099771 0.102619 0.105084 0.108615 0.113958 0.118912 0.125104 0.132918 0.142058 0.153037 0.166193 0.182210 0.198404 0.212985 0.220684 0.229312 0.235392 0.232402 0.245040 0.258447 0.273125 0.294839 0.318858 0.348931 0.369577 0.370000 0.370000 0.370000 0.370000 0.370000 0.370000 0.370000 0.370000 0.370000
0.102708 0.097329 0.093433 0.092039 0.090685 0.089262 0.087717 0.086284 0.084959 0.084805 0.084608 0.084630 0.084897 0.085191 0.085418 0.085311 0.085203 0.085210 0.085652 0.086066 0.086629 0.087798 0.089062 0.090261 0.090776 0.091311 0.091628 0.091967 0.092286 0.092909 0.094608 0.096443 0.098722 0.101922 0.105504 0.109867 0.115682 0.122366 0.130571 0.141152 0.153494 0.164094 0.169802 0.175858 0.178696 0.176353 0.174083 0.179819 0.188020 0.196514 0.212109 0.229794 0.249315 0.292224 0.341269 0.369163 0.369999 0.370000 0.370000 0.370000 0.370000 0.370000 0.370000
0.090550 0.087395 0.085484 0.084570 0.083697 0.082846 0.081795 0.080967 0.080768 0.080622 0.080486 0.080399 0.080635 0.080884 0.081177 0.081132 0.081139 0.081313 0.081614 0.082020 0.082713 0.083605 0.084631 0.085952 0.086371 0.086826 0.087375 0.087637 0.087956 0.088434 0.089789 0.091256 0.092952 0.095483 0.098385 0.101942 0.106625 0.112831 0.121311 0.130431 0.140927 0.150784 0.155267 0.157696 0.156940 0.154235 0.148521 0.148585 0.154511 0.156871 0.165009 0.177908 0.187379 0.216515 0.256387 0.289019 0.327298 0.360880 0.369989 0.370000 0.370000 0.370000 0.370000
0.083330 0.081828 0.080471 0.079697 0.079077 0.078499 0.078000 0.077845 0.077683 0.077580 0.077515 0.077448 0.077585 0.077796 0.078011 0.078100 0.078230 0.078364 0.078680 0.079191 0.079723 0.080489 0.081496 0.082596 0.083046 0.083483 0.083937 0.084251 0.084612 0.084978 0.085988 0.087196 0.088496 0.090615 0.093090 0.095889 0.100368 0.106500 0.113875 0.121481 0.130289 0.139961 0.141464 0.142146 0.141897 0.136429 0.130382 0.128665 0.129987 0.130474 0.134535 0.140082 0.145986 0.161941 0.180789 0.202902 0.232657 0.274765 0.320623 0.350911 0.369011 0.369999 0.370000
