tests/Borden05m/data_simulated/sim_1/output-maps/thetaliqL0004N0002.asc
ncols         160
nrows         34
xllcorner     620200.000000
yllcorner     5168000.000000
cellsize      0.500000
NODATA_value  -9999.0
[rows 0 to 27 of 34, columns 63 to 125 of 160]
-9999.0 -9999.0 -9999.0 -9999.0 -9999.0 -9999.0 -9999.0 -9999.0 -9999.0 -9999.0 -9999.0 -9999.0 -9999.0 -9999.0 -9999.0 -9999.0 -9999.0 -9999.0 -9999.0 -9999.0 -9999.0 -9999.0 -9999.0 -9999.0 -9999.0 -9999.0 -9999.0 -9999.0 -9999.0 -9999.0 -9999.0 -9999.0 -9999.0 -9999.0 -9999.0 -9999.0 -9999.0 -9999.0 -9999.0 -9999.0 -9999.0 -9999.0 -9999.0 -9999.0 -9999.0 -9999.0 -9999.0 -9999.0 -9999.0 -9999.0 -9999.0 -9999.0 -9999.0 -9999.0 -9999.0 -9999.0 -9999.0 -9999.0 -9999.0 -9999.0 -9999.0 -9999.0 -9999.0
0.099690 0.097970 0.096420 0.095735 0.095559 0.095385 0.095296 0.096136 0.097437 0.098753 0.100076 0.100499 0.100947 0.101400 0.101496 0.101214 0.100561 0.099921 0.099271 0.099003 0.097473 0.095541 0.094112 0.093689 0.094380 0.095090 0.095498 0.096537 0.098453 0.100513 0.102235 0.104712 0.105904 0.107130 0.107987 0.107097 0.106341 0.105596 0.104684 0.102395 -9999.0 -9999.0 -9999.0 -9999.0 -9999.0 -9999.0 -9999.0 -9999.0 -9999.0 -9999.0 -9999.0 -9999.0 -9999.0 -9999.0 -9999.0 -9999.0 -9999.0 -9999.0 -9999.0 -9999.0 -9999.0 -9999.0 -9999.0
0.096784 0.095287 0.094391 0.093525 0.093265 0.093225 0.093202 0.093806 0.095275 0.096555 0.097347 0.097731 0.098126 0.098178 0.098080 0.097986 0.097462 0.096864 0.096281 0.095979 0.095932 0.094709 0.093908 0.093434 0.093302 0.093654 0.093993 0.094413 0.095971 0.097397 0.098903 0.101580 0.104125 0.105294 0.104834 0.103799 0.103109 0.101930 0.100134 0.098252 0.096406 0.095242 0.094450 0.093745 0.094713 0.095725 0.097524 0.099448 0.101815 0.104382 -9999.0 -9999.0 -9999.0 -9999.0 -9999.0 -9999.0 -9999.0 -9999.0 -9999.0 -9999.0 -9999.0 -9999.0 -9999.0
0.094668 0.094031 0.093284 0.092736 0.093764 0.093909 0.094056 0.094510 0.095059 0.095312 0.095745 0.096587 0.098094 0.098521 0.098584 0.098580 0.098235 0.097674 0.097356 0.096870 0.095993 0.095861 0.095948 0.095988 0.096891 0.097141 0.097327 0.096105 0.096638 0.097730 0.098982 0.100375 0.101819 0.102904 0.102340 0.102103 0.100565 0.098115 0.096194 0.094829 0.094409 0.093983 0.092919 0.091324 0.092277 0.094595 0.095373 0.096053 0.098162 0.100465 0.102500 0.102873 0.102831 0.102790 0.102309 0.099634 0.097045 0.094685 0.091980 -9999.0 -9999.0 -9999.0 -9999.0
0.094873 0.094358 0.094167 0.096226 0.097806 0.098040 0.098508 0.099047 0.098704 0.096473 0.095986 0.097426 0.099281 0.100373 0.100352 0.100310 0.100057 0.099839 0.099708 0.099219 0.099462 0.099969 0.100194 0.101248 0.102376 0.102919 0.101052 0.099278 0.099319 0.100759 0.102323 0.103895 0.106425 0.109355 0.109060 0.107725 0.105779 0.102909 0.098463 0.095129 0.093611 0.092768 0.091877 0.091732 0.091557 0.093008 0.093325 0.093607 0.095009 0.096728 0.098503 0.099584 0.099541 0.099497 0.099098 0.097457 0.095061 0.092878 0.090677 0.087698 0.084838 0.082463 0.082420
0.095730 0.096325 0.098688 0.101284 0.104456 0.104929 0.105410 0.105297 0.103042 0.100924 0.100001 0.103029 0.106387 0.108277 0.108482 0.108749 0.110979 0.110286 0.109415 0.107913 0.108533 0.109413 0.112623 0.114631 0.116459 0.115843 0.112594 0.109830 0.109294 0.109647 0.109985 0.111479 0.114427 0.117581 0.116286 0.114214 0.111435 0.104513 0.098881 0.095981 0.096228 0.096402 0.095748 0.095305 0.094731 0.093550 0.093543 0.093534 0.093511 0.095398 0.097444 0.098088 0.097095 0.096542 0.096211 0.094821 0.093227 0.091159 0.089066 0.086995 0.084247 0.083595 0.082977
0.104219 0.106031 0.109154 0.114100 0.121278 0.122437 0.123700 0.125251 0.121656 0.117852 0.114264 0.118530 0.121397 0.124401 0.125740 0.130228 0.134198 0.131970 0.128391 0.125023 0.127286 0.132888 0.138923 0.141395 0.142606 0.143042 0.139001 0.136949 0.135640 0.135539 0.133772 0.134724 0.139735 0.147074 0.147635 0.142423 0.132949 0.120547 0.110433 0.104925 0.105782 0.104501 0.103378 0.102476 0.099708 0.097600 0.097563 0.095994 0.095011 0.096900 0.097969 0.098355 0.097345 0.098364 0.097020 0.094221 0.091732 0.089701 0.088012 0.086458 0.085705 0.084820 0.084148
0.116963 0.119493 0.125463 0.134491 0.145103 0.151232 0.155319 0.159835 0.156169 0.151599 0.147082 0.148910 0.155309 0.161767 0.168430 0.175753 0.183243 0.179631 0.173948 0.172685 0.174891 0.184750 0.193861 0.197315 0.199122 0.202805 0.199439 0.194082 0.188176 0.182572 0.177819 0.174754 0.183925 0.193607 0.192771 0.177739 0.164182 0.147745 0.132572 0.120432 0.118412 0.118533 0.118157 0.113658 0.109636 0.104940 0.102437 0.100697 0.097852 0.098617 0.099774 0.101989 0.104200 0.103982 0.100662 0.097509 0.094374 0.091646 0.089790 0.089262 0.088694 0.087638 0.086981
0.166155 0.168720 0.175416 0.192838 0.217403 0.237636 0.256514 0.259303 0.250632 0.242388 0.230531 0.224557 0.234072 0.243481 0.253106 0.263047 0.273160 0.280514 0.280543 0.280688 0.282432 0.284458 0.288556 0.293976 0.299952 0.306786 0.309799 0.303038 0.294738 0.285183 0.276454 0.273815 0.271716 0.276713 0.276951 0.262490 0.241847 0.220033 0.195533 0.176131 0.163536 0.164111 0.156732 0.148535 0.138557 0.124273 0.117720 0.112841 0.105321 0.104245 0.107016 0.110792 0.112657 0.108493 0.104725 0.100822 0.097044 0.093757 0.092818 0.092653 0.092237 0.091473 0.091131
0.249494 0.252951 0.258587 0.284760 0.314045 0.339069 0.355281 0.359836 0.354794 0.348118 0.339822 0.331694 0.330672 0.339510 0.350307 0.359701 0.364782 0.366525 0.366445 0.366609 0.366999 0.367776 0.368428 0.369457 0.369965 0.369996 0.369999 0.369998 0.369981 0.369228 0.363779 0.359694 0.357838 0.355193 0.355248 0.354997 0.340786 0.321803 0.296457 0.268592 0.249472 0.233844 0.220595 0.207313 0.180639 0.158291 0.142125 0.130331 0.120397 0.118547 0.127772 0.137647 0.133405 0.129049 0.122778 0.115050 0.108456 0.102620 0.101068 0.100436 0.099346 0.098182 0.097078
0.350004 0.353786 0.359433 0.368406 0.369987 0.370000 0.370000 0.370000 0.370000 0.370000 0.370000 0.370000 0.370000 0.370000 0.370000 0.370000 0.370000 0.370000 0.370000 0.370000 0.370000 0.370000 0.370000 0.370000 0.370000 0.370000 0.370000 0.370000 0.370000 0.370000 0.370000 0.370000 0.370000 0.370000 0.370000 0.370000 0.370000 0.370000 0.369966 0.360122 0.337601 0.318833 0.308678 0.298633 0.288620 0.257336 0.240260 0.217038 0.191728 0.172886 0.190663 0.184081 0.177306 0.167098 0.153342 0.141261 0.130428 0.120882 0.117333 0.115636 0.113434 0.111679 0.109376
0.370000 0.370000 0.370000 0.370000 0.370000 0.370000 0.370000 0.370000 0.370000 0.370000 0.370000 0.370000 0.370000 0.370000 0.370000 0.370000 0.370000 0.370000 0.370000 0.370000 0.370000 0.370000 0.370000 0.370000 0.370000 0.370000 0.370000 0.370000 0.370000 0.370000 0.370000 0.370000 0.370000 0.370000 0.370000 0.370000 0.370000 0.370000 0.370000 0.370000 0.370000 0.369998 0.369952 0.368391 0.365515 0.362096 0.354969 0.338711 0.308784 0.276782 0.261205 0.253202 0.243606 0.224059 0.203713 0.188463 0.168162 0.150880 0.140860 0.137517 0.134347 0.130592 0.126110
0.370000 0.370000 0.370000 0.370000 0.370000 0.370000 0.370000 0.370000 0.370000 0.370000 0.370000 0.370000 0.370000 0.370000 0.370000 0.370000 0.370000 0.370000 0.370000 0.370000 0.370000 0.370000 0.370000 0.370000 0.370000 0.370000 0.370000 0.370000 0.370000 0.370000 0.370000 0.370000 0.370000 0.370000 0.370000 0.370000 0.370000 0.370000 0.370000 0.370000 0.370000 0.370000 0.370000 0.370000 0.370000 0.370000 0.370000 0.370000 0.369991 0.367919 0.344612 0.333293 0.320890 0.302446 0.287824 0.277140 0.249635 0.221703 0.201633 0.193345 0.180024 0.167907 0.158752
0.370000 0.370000 0.370000 0.370000 0.370000 0.370000 0.370000 0.370000 0.370000 0.370000 0.370000 0.370000 0.370000 0.370000 0.370000 0.370000 0.370000 0.370000 0.370000 0.370000 0.370000 0.370000 0.370000 0.370000 0.370000 0.370000 0.370000 0.370000 0.370000 0.370000 0.370000 0.370000 0.370000 0.370000 0.370000 0.370000 0.370000 0.370000 0.370000 0.370000 0.370000 0.370000 0.370000 0.370000 0.370000 0.370000 0.370000 0.370000 0.370000 0.370000 0.370000 0.370000 0.369995 0.369879 0.368255 0.363143 0.342510 0.313278 0.287828 0.270111 0.247927 0.230487 0.215128
0.370000 0.370000 0.370000 0.370000 0.370000 0.370000 0.370000 0.370000 0.370000 0.370000 0.370000 0.370000 0.370000 0.370000 0.370000 0.370000 0.370000 0.370000 0.370000 0.370000 0.370000 0.370000 0.370000 0.370000 0.370000 0.370000 0.370000 0.370000 0.370000 0.370000 0.370000 0.370000 0.370000 0.370000 0.370000 0.370000 0.370000 0.370000 0.370000 0.370000 0.370000 0.370000 0.370000 0.370000 0.370000 0.370000 0.370000 0.370000 0.370000 0.370000 0.370000 0.370000 0.370000 0.370000 0.370000 0.370000 0.370000 0.369963 0.360803 0.340990 0.320091 0.300638 0.282342
0.370000 0.370000 0.370000 0.370000 0.370000 0.370000 0.370000 0.370000 0.370000 0.370000 0.370000 0.370000 0.370000 0.370000 0.370000 0.370000 0.370000 0.370000 0.370000 0.370000 0.370000 0.370000 0.370000 0.370000 0.370000 0.370000 0.370000 0.370000 0.370000 0.370000 0.370000 0.370000 0.370000 0.370000 0.370000 0.370000 0.370000 0.370000 0.370000 0.370000 0.370000 0.370000 0.370000 0.370000 0.370000 0.370000 0.370000 0.370000 0.370000 0.370000 0.370000 0.370000 0.370000 0.370000 0.370000 0.370000 0.370000 0.370000 0.370000 0.369999 0.369857 0.361387 0.345448
0.370000 0.370000 0.370000 0.370000 0.370000 0.370000 0.370000 0.370000 0.370000 0.370000 0.370000 0.370000 0.370000 0.370000 0.370000 0.370000 0.370000 0.370000 0.370000 0.370000 0.370000 0.370000 0.370000 0.370000 0.370000 0.370000 0.370000 0.370000 0.370000 0.370000 0.370000 0.370000 0.370000 0.370000 0.370000 0.370000 0.370000 0.370000 0.370000 0.370000 0.370000 0.370000 0.370000 0.370000 0.370000 0.370000 0.370000 0.370000 0.370000 0.370000 0.370000 0.370000 0.370000 0.370000 0.370000 0.370000 0.370000 0.370000 0.370000 0.370000 0.370000 0.370000 0.370000
0.370000 0.370000 0.370000 0.370000 0.370000 0.370000 0.370000 0.370000 0.370000 0.370000 0.370000 0.370000 0.370000 0.370000 0.370000 0.370000 0.370000 0.370000 0.370000 0.370000 0.370000 0.370000 0.370000 0.370000 0.370000 0.370000 0.370000 0.370000 0.370000 0.370000 0.370000 0.370000 0.370000 0.370000 0.370000 0.370000 0.370000 0.370000 0.370000 0.370000 0.370000 0.370000 0.370000 0.370000 0.370000 0.370000 0.370000 0.370000 0.370000 0.370000 0.370000 0.370000 0.370000 0.370000 0.370000 0.370000 0.370000 0.370000 0.370000 0.370000 0.370000 0.370000 0.370000
0.370000 0.370000 0.370000 0.370000 0.370000 0.370000 0.370000 0.370000 0.370000 0.370000 0.370000 0.369999 0.369994 0.369724 0.364776 0.356829 0.353413 0.350765 0.348959 0.355691 0.358382 0.356394 0.350985 0.344568 0.340665 0.338459 0.341629 0.351609 0.360469 0.366055 0.367619 0.366121 0.366857 0.367705 0.368086 0.369961 0.369998 0.370000 0.370000 0.370000 0.370000 0.370000 0.370000 0.370000 0.370000 0.370000 0.370000 0.370000 0.370000 0.370000 0.370000 0.370000 0.370000 0.370000 0.370000 0.370000 0.370000 0.370000 0.370000 0.370000 0.370000 0.370000 0.370000
0.370000 0.370000 0.370000 0.369997 0.369436 0.362015 0.350254 0.344377 0.339770 0.326546 0.317510 0.310620 0.310256 0.299563 0.284973 0.272708 0.267181 0.263474 0.255345 0.253012 0.256585 0.263979 0.257476 0.253540 0.255018 0.252698 0.251055 0.259221 0.272073 0.279525 0.286091 0.291149 0.292792 0.294994 0.310671 0.320307 0.331086 0.345890 0.359950 0.369094 0.369993 0.370000 0.370000 0.370000 0.370000 0.370000 0.370000 0.370000 0.370000 0.370000 0.370000 0.370000 0.370000 0.370000 0.370000 0.370000 0.370000 0.370000 0.370000 0.370000 0.370000 0.370000 0.370000
0.369998 0.369944 0.356896 0.325571 0.299001 0.282338 0.263912 0.253089 0.237720 0.216162 0.203371 0.204660 0.209675 0.206890 0.196618 0.187907 0.181754 0.175114 0.166842 0.162078 0.166350 0.171385 0.172805 0.173663 0.175670 0.175841 0.174900 0.173861 0.180128 0.185330 0.191421 0.196813 0.201647 0.219278 0.236488 0.247716 0.262600 0.277928 0.295393 0.313326 0.328277 0.339134 0.351589 0.363294 0.369862 0.369999 0.370000 0.370000 0.370000 0.370000 0.370000 0.370000 0.370000 0.370000 0.370000 0.370000 0.370000 0.370000 0.370000 0.370000 0.370000 0.370000 0.370000
0.321570 0.299630 0.265719 0.233273 0.212913 0.196915 0.182179 0.168392 0.153829 0.141367 0.134033 0.136786 0.139640 0.143138 0.137714 0.132705 0.130087 0.125171 0.120676 0.116731 0.119298 0.122053 0.126681 0.127675 0.128641 0.130562 0.129862 0.129124 0.127253 0.130372 0.133692 0.138236 0.148784 0.160779 0.173558 0.184995 0.197177 0.211749 0.228707 0.246449 0.264822 0.278613 0.292314 0.308028 0.323484 0.339224 0.356333 0.369160 0.369994 0.370000 0.370000 0.370000 0.370000 0.370000 0.370000 0.370000 0.370000 0.370000 0.370000 0.370000 0.370000 0.370000 0.370000
0.206213 0.185923 0.162317 0.150658 0.142097 0.133055 0.125596 0.119139 0.111803 0.106280 0.101672 0.102542 0.105027 0.108063 0.106038 0.104881 0.104162 0.101757 0.099225 0.096909 0.097539 0.100070 0.103243 0.104445 0.105690 0.107303 0.107266 0.105898 0.104078 0.105206 0.107988 0.111643 0.117557 0.124414 0.131854 0.139319 0.148594 0.159583 0.172024 0.186940 0.203771 0.216348 0.232920 0.251103 0.266900 0.277121 0.290398 0.311107 0.326505 0.342827 0.357408 0.367347 0.369991 0.370000 0.370000 0.370000 0.370000 0.370000 0.370000 0.370000 0.370000 0.370000 0.370000
0.130013 0.120052 0.114154 0.109440 0.105251 0.101502 0.097908 0.094747 0.091918 0.089217 0.086880 0.087439 0.088987 0.090655 0.090801 0.090415 0.090035 0.089039 0.087525 0.086155 0.086952 0.088662 0.090537 0.091748 0.092627 0.093536 0.093119 0.091976 0.090910 0.091883 0.093975 0.096259 0.099301 0.103337 0.107941 0.113072 0.119176 0.126147 0.134933 0.145315 0.157223 0.170057 0.183789 0.198730 0.206533 0.214732 0.222576 0.236331 0.250779 0.267543 0.285615 0.303667 0.328129 0.358426 0.369974 0.370000 0.370000 0.370000 0.370000 0.370000 0.370000 0.370000 0.370000
0.103475 0.097957 0.094214 0.091671 0.090342 0.088587 0.086485 0.085137 0.083630 0.081957 0.081747 0.082085 0.083159 0.083442 0.083506 0.083252 0.083159 0.082725 0.081719 0.082049 0.082681 0.083966 0.084974 0.085853 0.086491 0.086931 0.086817 0.085997 0.086177 0.086929 0.088539 0.089932 0.091924 0.094924 0.097706 0.101184 0.105582 0.110761 0.117058 0.124738 0.134340 0.144416 0.153884 0.159050 0.164920 0.169137 0.166943 0.175660 0.185041 0.195363 0.210938 0.227575 0.250668 0.283080 0.319255 0.353802 0.369888 0.370000 0.370000 0.370000 0.370000 0.370000 0.370000
0.088711 0.085645 0.083401 0.082584 0.081800 0.080971 0.080066 0.079226 0.078438 0.078334 0.078217 0.078233 0.078396 0.078569 0.078701 0.078637 0.078573 0.078572 0.078821 0.079063 0.079394 0.080078 0.080811 0.081501 0.081800 0.082108 0.082287 0.082475 0.082658 0.083018 0.083992 0.085039 0.086337 0.088151 0.090170 0.092623 0.095882 0.099624 0.104227 0.110208 0.117268 0.123434 0.126832 0.130459 0.132198 0.130816 0.129472 0.132968 0.137964 0.143262 0.153190 0.164740 0.177804 0.208040 0.245271 0.283054 0.313372 0.342524 0.363145 0.369971 0.370000 0.370000 0.370000
0.081721 0.079876 0.078748 0.078208 0.077692 0.077186 0.076558 0.076057 0.075932 0.075843 0.075761 0.075710 0.075852 0.076001 0.076175 0.076147 0.076151 0.076254 0.076433 0.076674 0.077086 0.077614 0.078219 0.078989 0.079234 0.079500 0.079818 0.079970 0.080155 0.080434 0.081219 0.082065 0.083041 0.084487 0.086136 0.088150 0.090786 0.094263 0.099003 0.104115 0.110036 0.115643 0.118230 0.119650 0.119218 0.117668 0.114410 0.114472 0.117899 0.119301 0.124096 0.131790 0.137591 0.156157 0.183555 0.206531 0.234064 0.263842 0.300136 0.322435 0.347595 0.367773 0.369994
0.077475 0.076575 0.075761 0.075294 0.074918 0.074565 0.074257 0.074158 0.074059 0.073994 0.073955 0.073914 0.073999 0.074127 0.074258 0.074312 0.074391 0.074472 0.074663 0.074972 0.075294 0.075755 0.076357 0.077010 0.077276 0.077535 0.077802 0.077986 0.078198 0.078414 0.079007 0.079712 0.080471 0.081696 0.083118 0.084716 0.087256 0.090708 0.094835 0.099087 0.104023 0.109456 0.110316 0.110708 0.110564 0.107489 0.104087 0.103141 0.103896 0.104175 0.106514 0.109677 0.113065 0.122384 0.133681 0.147383 0.166743 0.196413 0.231445 0.256296 0.283052 0.309628 0.334172
