tests/Borden05m/data_simulated/sim_1/output-maps/thetaliqL0006N0016.asc
ncols         160
nrows         34
xllcorner     620200.000000
yllcorner     5168000.000000
cellsize      0.500000
NODATA_value  -9999.0
[rows 0 to 27 of 34, columns 63 to 125 of 160]
-9999.0 -9999.0 -9999.0 -9999.0 -9999.0 -9999.0 -9999.0 -9999.0 -9999.0 -9999.0 -9999.0 -9999.0 -9999.0 -9999.0 -9999.0 -9999.0 -9999.0 -9999.0 -9999.0 -9999.0 -9999.0 -9999.0 -9999.0 -9999.0 -9999.0 -9999.0 -9999.0 -9999.0 -9999.0 -9999.0 -9999.0 -9999.0 -9999.0 -9999.0 -9999.0 -9999.0 -9999.0 -9999.0 -9999.0 -9999.0 -9999.0 -9999.0 -9999.0 -9999.0 -9999.0 -9999.0 -9999.0 -9999.0 -9999.0 -9999.0 -9999.0 -9999.0 -9999.0 -9999.0 -9999.0 -9999.0 -9999.0 -9999.0 -9999.0 -9999.0 -9999.0 -9999.0 -9999.0
0.185706 0.179366 0.173585 0.171002 0.170352 0.169712 0.169382 0.172611 0.177577 0.182528 0.187429 0.188994 0.190644 0.192291 0.192649 0.191659 0.189307 0.186977 0.184593 0.183609 0.177920 0.170558 0.165052 0.163407 0.166097 0.168851 0.170417 0.174360 0.181577 0.189170 0.195369 0.204094 0.208202 0.212292 0.215051 0.212036 0.209449 0.206860 0.203632 0.195565 -9999.0 -9999.0 -9999.0 -9999.0 -9999.0 -9999.0 -9999.0 -9999.0 -9999.0 -9999.0 -9999.0 -9999.0 -9999.0 -9999.0 -9999.0 -9999.0 -9999.0 -9999.0 -9999.0 -9999.0 -9999.0 -9999.0 -9999.0
0.174974 0.169305 0.165895 0.162556 0.161536 0.161407 0.161336 0.163697 0.169452 0.174375 0.177395 0.178875 0.180399 0.180548 0.180192 0.179869 0.177909 0.175653 0.173443 0.172295 0.172191 0.167471 0.164329 0.162456 0.161878 0.163272 0.164608 0.166294 0.172298 0.177711 0.183341 0.193198 0.202257 0.206278 0.204617 0.200964 0.198461 0.194152 0.187540 0.180562 0.173694 0.169251 0.166154 0.163331 0.167056 0.170946 0.177683 0.184726 0.193255 0.202250 -9999.0 -9999.0 -9999.0 -9999.0 -9999.0 -9999.0 -9999.0 -9999.0 -9999.0 -9999.0 -9999.0 -9999.0 -9999.0
0.167060 0.164643 0.161758 0.159517 0.163674 0.164270 0.164864 0.166665 0.168760 0.169866 0.171543 0.174812 0.180581 0.182236 0.182503 0.182521 0.181244 0.179134 0.177937 0.176097 0.172734 0.172213 0.172536 0.172657 0.176104 0.177068 0.177831 0.173174 0.175250 0.179410 0.184117 0.189208 0.194413 0.198168 0.196068 0.195200 0.189509 0.180315 0.173002 0.167731 0.166167 0.164476 0.160257 0.153870 0.157637 0.166669 0.169614 0.172114 0.179987 0.188434 0.195756 0.197084 0.196884 0.196692 0.194942 0.185258 0.175627 0.166637 0.156133 -9999.0 -9999.0 -9999.0 -9999.0
0.168193 0.166218 0.165430 0.173410 0.179503 0.180465 0.182292 0.184403 0.183227 0.174777 0.172936 0.178488 0.185562 0.189686 0.189683 0.189586 0.188628 0.187849 0.187397 0.185602 0.186493 0.188407 0.189199 0.193079 0.197255 0.199245 0.192527 0.185867 0.186054 0.191437 0.197190 0.202822 0.211588 0.221287 0.220249 0.215678 0.208852 0.198586 0.182084 0.169275 0.163237 0.159795 0.156198 0.155692 0.154861 0.160637 0.161821 0.162897 0.168235 0.174759 0.181409 0.185377 0.185154 0.184929 0.183411 0.177264 0.168147 0.159696 0.151038 0.139216 0.127836 0.118501 0.118301
0.171931 0.174237 0.183269 0.193124 0.204722 0.206652 0.208548 0.208268 0.200329 0.192481 0.189067 0.200303 0.212440 0.219116 0.220000 0.220988 0.228334 0.226292 0.223581 0.218665 0.220850 0.223878 0.234317 0.240814 0.246502 0.244785 0.234634 0.225429 0.223513 0.224678 0.225852 0.230696 0.239914 0.249184 0.245167 0.238458 0.229183 0.205368 0.184418 0.173061 0.173817 0.174338 0.171668 0.169868 0.167618 0.163018 0.162930 0.162804 0.162649 0.169929 0.177719 0.180079 0.176240 0.174064 0.172750 0.167411 0.161187 0.153038 0.144740 0.136472 0.125531 0.123002 0.120497
0.204899 0.211557 0.222695 0.239216 0.260991 0.265192 0.269361 0.273621 0.264170 0.253158 0.242234 0.255281 0.264004 0.272690 0.276939 0.288277 0.297649 0.293366 0.285473 0.277493 0.283441 0.296626 0.309390 0.314501 0.317087 0.317915 0.310692 0.306094 0.302805 0.301850 0.297751 0.299414 0.309000 0.320990 0.321067 0.311331 0.291470 0.259376 0.227485 0.207882 0.210534 0.205579 0.201130 0.197653 0.187231 0.179150 0.178916 0.172770 0.168875 0.176115 0.180117 0.181459 0.177489 0.181220 0.176095 0.165168 0.155398 0.147359 0.140610 0.134336 0.131364 0.127836 0.125134
0.252629 0.261131 0.278757 0.301940 0.323874 0.334586 0.340659 0.345630 0.342146 0.336576 0.330192 0.332880 0.340959 0.347964 0.353654 0.358385 0.361727 0.360612 0.358244 0.357639 0.359028 0.362981 0.365398 0.366155 0.366511 0.366973 0.366469 0.365519 0.364102 0.362303 0.360298 0.358848 0.362279 0.364736 0.364286 0.358767 0.348993 0.328566 0.298150 0.265157 0.257223 0.255650 0.253021 0.238398 0.224301 0.207637 0.198294 0.191458 0.180542 0.183410 0.187566 0.195470 0.203064 0.202295 0.190131 0.178183 0.166015 0.155255 0.147833 0.145643 0.143312 0.139048 0.136373
0.351775 0.354466 0.359268 0.365393 0.368478 0.369389 0.369731 0.369776 0.369693 0.369572 0.369308 0.369150 0.369450 0.369649 0.369774 0.369854 0.369907 0.369931 0.369927 0.369927 0.369935 0.369947 0.369960 0.369971 0.369979 0.369985 0.369986 0.369978 0.369966 0.369945 0.369917 0.369906 0.369900 0.369923 0.369919 0.369820 0.369527 0.368658 0.365837 0.359151 0.349974 0.348268 0.339519 0.326764 0.307361 0.273310 0.253320 0.236850 0.210518 0.206102 0.215243 0.227317 0.232953 0.219108 0.205638 0.191179 0.176677 0.163817 0.159960 0.159196 0.157469 0.154344 0.152926
0.369744 0.369792 0.369846 0.369959 0.369994 0.370000 0.370000 0.370000 0.370000 0.370000 0.370000 0.369999 0.369999 0.370000 0.370000 0.370000 0.370000 0.370000 0.370000 0.370000 0.370000 0.370000 0.370000 0.370000 0.370000 0.370000 0.370000 0.370000 0.370000 0.370000 0.370000 0.370000 0.370000 0.370000 0.370000 0.370000 0.370000 0.369996 0.369973 0.369882 0.369712 0.369407 0.368801 0.367548 0.361593 0.346603 0.324062 0.298213 0.269166 0.260679 0.283230 0.302684 0.293064 0.281414 0.264210 0.241081 0.219019 0.198049 0.192010 0.189382 0.185092 0.180488 0.176185
0.370000 0.370000 0.370000 0.370000 0.370000 0.370000 0.370000 0.370000 0.370000 0.370000 0.370000 0.370000 0.370000 0.370000 0.370000 0.370000 0.370000 0.370000 0.370000 0.370000 0.370000 0.370000 0.370000 0.370000 0.370000 0.370000 0.370000 0.370000 0.370000 0.370000 0.370000 0.370000 0.370000 0.370000 0.370000 0.370000 0.370000 0.370000 0.370000 0.370000 0.370000 0.369997 0.369992 0.369980 0.369952 0.369753 0.369439 0.368404 0.365144 0.358516 0.363702 0.361323 0.357256 0.349167 0.333095 0.312072 0.287315 0.260990 0.249333 0.243091 0.235390 0.229084 0.221052
0.370000 0.370000 0.370000 0.370000 0.370000 0.370000 0.370000 0.370000 0.370000 0.370000 0.370000 0.370000 0.370000 0.370000 0.370000 0.370000 0.370000 0.370000 0.370000 0.370000 0.370000 0.370000 0.370000 0.370000 0.370000 0.370000 0.370000 0.370000 0.370000 0.370000 0.370000 0.370000 0.370000 0.370000 0.370000 0.370000 0.370000 0.370000 0.370000 0.370000 0.370000 0.370000 0.370000 0.370000 0.370000 0.370000 0.370000 0.369999 0.369985 0.369912 0.369851 0.369774 0.369607 0.368956 0.367164 0.363556 0.353068 0.333829 0.315231 0.305688 0.296342 0.285741 0.273205
0.370000 0.370000 0.370000 0.370000 0.370000 0.370000 0.370000 0.370000 0.370000 0.370000 0.370000 0.370000 0.370000 0.370000 0.370000 0.370000 0.370000 0.370000 0.370000 0.370000 0.370000 0.370000 0.370000 0.370000 0.370000 0.370000 0.370000 0.370000 0.370000 0.370000 0.370000 0.370000 0.370000 0.370000 0.370000 0.370000 0.370000 0.370000 0.370000 0.370000 0.370000 0.370000 0.370000 0.370000 0.370000 0.370000 0.370000 0.370000 0.370000 0.370000 0.370000 0.369999 0.369998 0.369987 0.369960 0.369915 0.369671 0.368823 0.366900 0.364706 0.359319 0.350383 0.339424
0.370000 0.370000 0.370000 0.370000 0.370000 0.370000 0.370000 0.370000 0.370000 0.370000 0.370000 0.370000 0.370000 0.370000 0.370000 0.370000 0.370000 0.370000 0.370000 0.370000 0.370000 0.370000 0.370000 0.370000 0.370000 0.370000 0.370000 0.370000 0.370000 0.370000 0.370000 0.370000 0.370000 0.370000 0.370000 0.370000 0.370000 0.370000 0.370000 0.370000 0.370000 0.370000 0.370000 0.370000 0.370000 0.370000 0.370000 0.370000 0.370000 0.370000 0.370000 0.370000 0.370000 0.370000 0.370000 0.370000 0.370000 0.369993 0.369962 0.369898 0.369693 0.369221 0.368180
0.370000 0.370000 0.370000 0.370000 0.370000 0.370000 0.370000 0.370000 0.370000 0.370000 0.370000 0.370000 0.370000 0.370000 0.370000 0.370000 0.370000 0.370000 0.370000 0.370000 0.370000 0.370000 0.370000 0.370000 0.370000 0.370000 0.370000 0.370000 0.370000 0.370000 0.370000 0.370000 0.370000 0.370000 0.370000 0.370000 0.370000 0.370000 0.370000 0.370000 0.370000 0.370000 0.370000 0.370000 0.370000 0.370000 0.370000 0.370000 0.370000 0.370000 0.370000 0.370000 0.370000 0.370000 0.370000 0.370000 0.370000 0.370000 0.370000 0.370000 0.369998 0.369988 0.369956
0.370000 0.370000 0.370000 0.370000 0.370000 0.370000 0.370000 0.370000 0.370000 0.370000 0.370000 0.370000 0.370000 0.370000 0.370000 0.370000 0.370000 0.370000 0.370000 0.370000 0.370000 0.370000 0.370000 0.370000 0.370000 0.370000 0.370000 0.370000 0.370000 0.370000 0.370000 0.370000 0.370000 0.370000 0.370000 0.370000 0.370000 0.370000 0.370000 0.370000 0.370000 0.370000 0.370000 0.370000 0.370000 0.370000 0.370000 0.370000 0.370000 0.370000 0.370000 0.370000 0.370000 0.370000 0.370000 0.370000 0.370000 0.370000 0.370000 0.370000 0.370000 0.370000 0.370000
0.370000 0.370000 0.370000 0.370000 0.370000 0.370000 0.370000 0.370000 0.370000 0.370000 0.370000 0.370000 0.370000 0.370000 0.370000 0.370000 0.370000 0.370000 0.370000 0.370000 0.370000 0.370000 0.370000 0.370000 0.370000 0.370000 0.370000 0.370000 0.370000 0.370000 0.370000 0.370000 0.370000 0.370000 0.370000 0.370000 0.370000 0.370000 0.370000 0.370000 0.370000 0.370000 0.370000 0.370000 0.370000 0.370000 0.370000 0.370000 0.370000 0.370000 0.370000 0.370000 0.370000 0.370000 0.370000 0.370000 0.370000 0.370000 0.370000 0.370000 0.370000 0.370000 0.370000
0.370000 0.370000 0.370000 0.370000 0.370000 0.370000 0.370000 0.370000 0.370000 0.370000 0.370000 0.370000 0.370000 0.370000 0.370000 0.370000 0.370000 0.370000 0.370000 0.370000 0.370000 0.370000 0.370000 0.370000 0.370000 0.370000 0.370000 0.370000 0.370000 0.370000 0.370000 0.370000 0.370000 0.370000 0.370000 0.370000 0.370000 0.370000 0.370000 0.370000 0.370000 0.370000 0.370000 0.370000 0.370000 0.370000 0.370000 0.370000 0.370000 0.370000 0.370000 0.370000 0.370000 0.370000 0.370000 0.370000 0.370000 0.370000 0.370000 0.370000 0.370000 0.370000 0.370000
0.370000 0.370000 0.370000 0.370000 0.370000 0.370000 0.370000 0.370000 0.370000 0.370000 0.370000 0.370000 0.370000 0.370000 0.370000 0.370000 0.370000 0.370000 0.370000 0.370000 0.370000 0.370000 0.370000 0.370000 0.370000 0.370000 0.370000 0.370000 0.370000 0.370000 0.370000 0.370000 0.370000 0.370000 0.370000 0.370000 0.370000 0.370000 0.370000 0.370000 0.370000 0.370000 0.370000 0.370000 0.370000 0.370000 0.370000 0.370000 0.370000 0.370000 0.370000 0.370000 0.370000 0.370000 0.370000 0.370000 0.370000 0.370000 0.370000 0.370000 0.370000 0.370000 0.370000
0.370000 0.370000 0.370000 0.370000 0.370000 0.370000 0.370000 0.370000 0.369999 0.369997 0.369992 0.369987 0.369988 0.369977 0.369948 0.369904 0.369872 0.369842 0.369769 0.369731 0.369765 0.369831 0.369789 0.369764 0.369784 0.369768 0.369750 0.369812 0.369889 0.369921 0.369946 0.369964 0.369972 0.369980 0.369995 0.369998 0.370000 0.370000 0.370000 0.370000 0.370000 0.370000 0.370000 0.370000 0.370000 0.370000 0.370000 0.370000 0.370000 0.370000 0.370000 0.370000 0.370000 0.370000 0.370000 0.370000 0.370000 0.370000 0.370000 0.370000 0.370000 0.370000 0.370000
0.370000 0.370000 0.370000 0.369997 0.369982 0.369947 0.369859 0.369743 0.369438 0.368530 0.367368 0.367384 0.367741 0.367409 0.365869 0.363663 0.361287 0.357934 0.352713 0.348796 0.351963 0.355197 0.356214 0.356687 0.357682 0.357899 0.357641 0.357522 0.360574 0.362820 0.364730 0.366067 0.367139 0.368755 0.369477 0.369732 0.369880 0.369951 0.369985 0.369997 0.369999 0.370000 0.370000 0.370000 0.370000 0.370000 0.370000 0.370000 0.370000 0.370000 0.370000 0.370000 0.370000 0.370000 0.370000 0.370000 0.370000 0.370000 0.370000 0.370000 0.370000 0.370000 0.370000
0.369994 0.369965 0.369811 0.369304 0.368232 0.366033 0.361573 0.353383 0.338525 0.318675 0.302652 0.307009 0.311906 0.317204 0.306381 0.295061 0.288183 0.275376 0.262575 0.250638 0.258092 0.266201 0.278428 0.281017 0.283515 0.288144 0.286886 0.285592 0.281892 0.290161 0.298717 0.309197 0.327906 0.343872 0.355187 0.361672 0.365686 0.368022 0.369196 0.369699 0.369893 0.369956 0.369984 0.369996 0.369999 0.370000 0.370000 0.370000 0.370000 0.370000 0.370000 0.370000 0.370000 0.370000 0.370000 0.370000 0.370000 0.370000 0.370000 0.370000 0.370000 0.370000 0.370000
0.367285 0.362937 0.349400 0.334424 0.318042 0.297304 0.276825 0.256854 0.232528 0.212432 0.194752 0.197784 0.206839 0.217387 0.210428 0.206208 0.203424 0.194516 0.184839 0.175830 0.178295 0.188099 0.199969 0.204524 0.209070 0.214770 0.214720 0.209955 0.203607 0.207926 0.218151 0.230921 0.249812 0.269883 0.289352 0.306632 0.324409 0.340649 0.353314 0.361982 0.366643 0.368395 0.369360 0.369771 0.369906 0.369950 0.369979 0.369996 0.369999 0.370000 0.370000 0.370000 0.370000 0.370000 0.370000 0.370000 0.370000 0.370000 0.370000 0.370000 0.370000 0.370000 0.370000
0.292963 0.263663 0.242551 0.224638 0.208569 0.193899 0.179557 0.166943 0.155625 0.144691 0.135532 0.137800 0.143992 0.150493 0.151197 0.149654 0.148136 0.144210 0.138124 0.132845 0.136089 0.142946 0.150407 0.155304 0.158814 0.162382 0.160754 0.156220 0.152152 0.156105 0.164501 0.173525 0.185280 0.200516 0.217107 0.234618 0.253852 0.273748 0.295531 0.316906 0.335881 0.350200 0.359681 0.365136 0.367074 0.368241 0.368913 0.369487 0.369770 0.369906 0.369969 0.369992 0.369999 0.370000 0.370000 0.370000 0.370000 0.370000 0.370000 0.370000 0.370000 0.370000 0.370000
0.201586 0.179950 0.164743 0.154561 0.149214 0.142160 0.133781 0.128458 0.122516 0.116134 0.115465 0.116740 0.120876 0.121892 0.122150 0.121162 0.120810 0.119163 0.115334 0.116754 0.119212 0.124256 0.128235 0.131747 0.134277 0.136022 0.135618 0.132423 0.133240 0.136228 0.142670 0.148242 0.156148 0.167974 0.178788 0.191978 0.208043 0.225902 0.245882 0.267653 0.290914 0.311232 0.327091 0.335605 0.343507 0.348726 0.349117 0.356496 0.361959 0.365615 0.368117 0.369259 0.369777 0.369963 0.369998 0.370000 0.370000 0.370000 0.370000 0.370000 0.370000 0.370000 0.370000
0.142622 0.130340 0.121524 0.118408 0.115341 0.112158 0.108726 0.105549 0.102673 0.102393 0.101960 0.101992 0.102546 0.103194 0.103705 0.103476 0.103240 0.103276 0.104299 0.105218 0.106469 0.109056 0.111882 0.114590 0.115743 0.116949 0.117685 0.118483 0.119210 0.120608 0.124438 0.128598 0.133751 0.140971 0.149046 0.158788 0.171570 0.185931 0.202909 0.223494 0.245586 0.263085 0.272396 0.281810 0.286738 0.285037 0.283391 0.292902 0.305418 0.317687 0.335157 0.350007 0.360435 0.367934 0.369676 0.369958 0.369996 0.370000 0.370000 0.370000 0.370000 0.370000 0.370000
0.115031 0.108026 0.103823 0.101806 0.099890 0.098033 0.095762 0.094003 0.093597 0.093283 0.092993 0.092801 0.093308 0.093845 0.094479 0.094388 0.094411 0.094789 0.095443 0.096330 0.097842 0.099793 0.102054 0.104987 0.105922 0.106936 0.108167 0.108753 0.109471 0.110535 0.113567 0.116868 0.120684 0.126400 0.132965 0.140984 0.151482 0.165186 0.183354 0.202013 0.222171 0.239839 0.247658 0.252001 0.251324 0.247430 0.238336 0.239135 0.250049 0.255197 0.269735 0.290526 0.306682 0.339550 0.361439 0.367538 0.369419 0.369883 0.369989 0.369999 0.370000 0.370000 0.370000
0.099084 0.095847 0.092927 0.091268 0.089953 0.088740 0.087709 0.087393 0.087059 0.086846 0.086713 0.086570 0.086852 0.087296 0.087747 0.087939 0.088216 0.088505 0.089179 0.090265 0.091396 0.093037 0.095213 0.097610 0.098604 0.099564 0.100565 0.101264 0.102061 0.102864 0.105095 0.107779 0.110664 0.115407 0.120981 0.127308 0.137403 0.151111 0.167289 0.183451 0.201330 0.219878 0.222847 0.224317 0.224133 0.214239 0.202808 0.199578 0.202543 0.203989 0.212425 0.223994 0.236436 0.265821 0.297212 0.327030 0.352316 0.365986 0.369309 0.369834 0.369967 0.369996 0.370000
