tests/Borden05m/data_simulated/sim_1/output-maps/thetaliqL0002N0019.asc
ncols         160
nrows         34
xllcorner     620200.000000
yllcorner     5168000.000000
cellsize      0.500000
NODATA_value  -9999.0
[rows 0 to 27 of 34, columns 0 to 62 of 160]
-9999.0 -9999.0 -9999.0 -9999.0 -9999.0 -9999.0 -9999.0 -9999.0 -9999.0 -9999.0 -9999.0 -9999.0 -9999.0 -9999.0 -9999.0 -9999.0 -9999.0 -9999.0 -9999.0 -9999.0 -9999.0 -9999.0 -9999.0 -9999.0 -9999.0 -9999.0 -9999.0 -9999.0 -9999.0 -9999.0 -9999.0 -9999.0 -9999.0 -9999.0 -9999.0 -9999.0 -9999.0 -9999.0 -9999.0 -9999.0 -9999.0 -9999.0 -9999.0 -9999.0 -9999.0 -9999.0 -9999.0 -9999.0 -9999.0 -9999.0 -9999.0 -9999.0 -9999.0 -9999.0 -9999.0 -9999.0 -9999.0 -9999.0 -9999.0 -9999.0 -9999.0 -9999.0 -9999.0
-9999.0 -9999.0 -9999.0 -9999.0 -9999.0 -9999.0 -9999.0 -9999.0 -9999.0 -9999.0 -9999.0 -9999.0 -9999.0 -9999.0 -9999.0 -9999.0 -9999.0 -9999.0 -9999.0 -9999.0 -9999.0 -9999.0 -9999.0 -9999.0 -9999.0 -9999.0 -9999.0 -9999.0 -9999.0 -9999.0 -9999.0 -9999.0 -9999.0 -9999.0 -9999.0 -9999.0 -9999.0 -9999.0 -9999.0 -9999.0 -9999.0 -9999.0 -9999.0 -9999.0 -9999.0 -9999.0 -9999.0 -9999.0 -9999.0 -9999.0 -9999.0 -9999.0 -9999.0 -9999.0 -9999.0 -9999.0 -9999.0 -9999.0 -9999.0 0.184321 0.183563 0.183028 0.182714
-9999.0 -9999.0 -9999.0 -9999.0 -9999.0 -9999.0 -9999.0 -9999.0 -9999.0 -9999.0 -9999.0 -9999.0 -9999.0 -9999.0 -9999.0 -9999.0 -9999.0 -9999.0 -9999.0 -9999.0 -9999.0 -9999.0 -9999.0 -9999.0 -9999.0 -9999.0 -9999.0 -9999.0 -9999.0 -9999.0 -9999.0 -9999.0 -9999.0 -9999.0 -9999.0 -9999.0 -9999.0 -9999.0 -9999.0 -9999.0 -9999.0 -9999.0 -9999.0 -9999.0 -9999.0 -9999.0 -9999.0 0.178177 0.176131 0.173717 0.173074 0.175765 0.177033 0.178240 0.179081 0.179876 0.181074 0.183201 0.183097 0.180149 0.179845 0.179762 0.179877
-9999.0 -9999.0 -9999.0 -9999.0 -9999.0 -9999.0 -9999.0 -9999.0 -9999.0 -9999.0 -9999.0 -9999.0 -9999.0 -9999.0 -9999.0 -9999.0 -9999.0 -9999.0 -9999.0 -9999.0 -9999.0 -9999.0 -9999.0 -9999.0 -9999.0 -9999.0 -9999.0 -9999.0 -9999.0 -9999.0 -9999.0 -9999.0 -9999.0 -9999.0 -9999.0 -9999.0 -9999.0 -9999.0 -9999.0 -9999.0 0.178173 0.179131 0.179912 0.178508 0.177891 0.177946 0.176471 0.174805 0.173122 0.173606 0.173642 0.172513 0.174375 0.175915 0.176499 0.177005 0.178378 0.180747 0.180618 0.178407 0.177084 0.176680 0.176951
-9999.0 -9999.0 -9999.0 -9999.0 -9999.0 -9999.0 -9999.0 -9999.0 -9999.0 -9999.0 -9999.0 -9999.0 -9999.0 -9999.0 -9999.0 -9999.0 -9999.0 -9999.0 -9999.0 -9999.0 -9999.0 -9999.0 -9999.0 -9999.0 -9999.0 -9999.0 -9999.0 -9999.0 -9999.0 -9999.0 -9999.0 -9999.0 -9999.0 -9999.0 0.173693 0.175425 0.176231 0.177008 0.178159 0.177804 0.177502 0.178338 0.177591 0.177532 0.176583 0.174850 0.173131 0.172173 0.173153 0.172821 0.172832 0.173712 0.174283 0.174529 0.175800 0.177844 0.176892 0.177418 0.177150 0.176243 0.177091 0.177784 0.178230
-9999.0 -9999.0 -9999.0 -9999.0 -9999.0 -9999.0 -9999.0 -9999.0 -9999.0 -9999.0 -9999.0 -9999.0 -9999.0 -9999.0 -9999.0 -9999.0 -9999.0 -9999.0 -9999.0 -9999.0 -9999.0 -9999.0 -9999.0 -9999.0 -9999.0 -9999.0 -9999.0 -9999.0 0.176262 0.175576 0.175052 0.175082 0.174842 0.173920 0.173691 0.173881 0.174827 0.176352 0.176631 0.176461 0.176590 0.176234 0.175216 0.175106 0.176214 0.175154 0.174638 0.173945 0.172252 0.171844 0.172817 0.173763 0.174593 0.174820 0.174970 0.175016 0.175176 0.177763 0.178433 0.177018 0.176237 0.175880 0.176094
-9999.0 -9999.0 -9999.0 -9999.0 -9999.0 -9999.0 -9999.0 -9999.0 -9999.0 -9999.0 -9999.0 -9999.0 -9999.0 -9999.0 -9999.0 -9999.0 -9999.0 -9999.0 -9999.0 -9999.0 -9999.0 -9999.0 -9999.0 0.175046 0.175678 0.175921 0.176479 0.176198 0.174875 0.174033 0.173668 0.173370 0.172677 0.172600 0.172596 0.173058 0.173411 0.174990 0.174234 0.173753 0.175117 0.174791 0.175675 0.176697 0.176451 0.176658 0.174759 0.173360 0.174829 0.175433 0.175372 0.175050 0.175547 0.176229 0.177088 0.178561 0.180443 0.182052 0.184640 0.182916 0.181662 0.179521 0.179739
-9999.0 -9999.0 -9999.0 -9999.0 -9999.0 -9999.0 -9999.0 -9999.0 -9999.0 -9999.0 -9999.0 -9999.0 -9999.0 -9999.0 -9999.0 -9999.0 -9999.0 -9999.0 -9999.0 0.175052 0.174860 0.174481 0.174634 0.173401 0.172883 0.173243 0.173917 0.173524 0.172812 0.172196 0.172271 0.172356 0.172206 0.173154 0.173931 0.174203 0.174021 0.175275 0.175666 0.176396 0.178296 0.177056 0.175845 0.175212 0.175160 0.174815 0.175949 0.176298 0.176408 0.176311 0.176349 0.176630 0.176800 0.178364 0.179850 0.181130 0.182382 0.184074 0.187165 0.185911 0.183524 0.181060 0.181102
-9999.0 -9999.0 -9999.0 -9999.0 -9999.0 -9999.0 -9999.0 -9999.0 -9999.0 -9999.0 -9999.0 -9999.0 -9999.0 -9999.0 -9999.0 -9999.0 0.174853 0.174750 0.174284 0.173536 0.172883 0.172872 0.173385 0.172470 0.172172 0.172384 0.171987 0.172448 0.172946 0.173544 0.173815 0.173157 0.173286 0.173203 0.173140 0.173468 0.174879 0.176199 0.176504 0.177472 0.179217 0.178216 0.177786 0.177834 0.177215 0.177765 0.180396 0.179990 0.178874 0.181677 0.183187 0.182657 0.182389 0.184245 0.187136 0.191025 0.197657 0.202668 0.208728 0.211571 0.206262 0.205433 0.207368
-9999.0 -9999.0 -9999.0 -9999.0 -9999.0 -9999.0 -9999.0 -9999.0 -9999.0 -9999.0 -9999.0 -9999.0 -9999.0 0.174588 0.174497 0.174637 0.173460 0.172546 0.171997 0.171232 0.172225 0.171523 0.171305 0.171480 0.172367 0.172393 0.172502 0.173071 0.172890 0.172626 0.172371 0.171834 0.172592 0.173355 0.173891 0.175013 0.175894 0.176605 0.177912 0.178171 0.179075 0.178751 0.177693 0.177462 0.178292 0.180774 0.182732 0.183470 0.187108 0.191084 0.193121 0.195768 0.197130 0.199058 0.203910 0.219045 0.241918 0.265791 0.280393 0.292286 0.293771 0.296137 0.298208
-9999.0 -9999.0 -9999.0 -9999.0 -9999.0 -9999.0 -9999.0 -9999.0 -9999.0 -9999.0 0.172686 0.173301 0.172400 0.170759 0.170046 0.170428 0.170830 0.170220 0.170245 0.171990 0.172961 0.171325 0.172465 0.172491 0.171796 0.171983 0.172455 0.172543 0.173650 0.173705 0.173733 0.175566 0.176062 0.176593 0.177324 0.178126 0.178855 0.181836 0.184478 0.184476 0.188264 0.190758 0.188770 0.188076 0.188676 0.191645 0.196767 0.204723 0.213605 0.227810 0.242871 0.254340 0.263483 0.274262 0.286500 0.303127 0.320465 0.333607 0.343896 0.348979 0.350835 0.351639 0.352846
-9999.0 -9999.0 -9999.0 -9999.0 -9999.0 -9999.0 -9999.0 -9999.0 0.170259 0.171208 0.171815 0.171060 0.170057 0.168261 0.168947 0.169626 0.170089 0.170780 0.171116 0.171398 0.170990 0.171595 0.172715 0.172423 0.172554 0.173297 0.173329 0.174014 0.175070 0.174613 0.175217 0.176224 0.177124 0.177931 0.178907 0.179522 0.182636 0.186968 0.191920 0.196538 0.203542 0.213132 0.213312 0.215228 0.217567 0.233099 0.257611 0.283955 0.302070 0.315910 0.328928 0.335490 0.339626 0.344320 0.349370 0.353241 0.358188 0.362856 0.366018 0.367480 0.368076 0.368229 0.368518
-9999.0 -9999.0 -9999.0 -9999.0 -9999.0 -9999.0 0.168842 0.170940 0.171973 0.169605 0.167825 0.167240 0.166193 0.168480 0.170552 0.170952 0.171266 0.171643 0.171443 0.170092 0.173327 0.172455 0.171831 0.172846 0.172779 0.172875 0.173520 0.174995 0.175687 0.178711 0.181025 0.183093 0.185888 0.187708 0.189684 0.192104 0.198818 0.210363 0.228269 0.250498 0.274235 0.294912 0.302004 0.305580 0.309775 0.317540 0.330479 0.342224 0.352659 0.359611 0.363292 0.364632 0.365636 0.366577 0.367498 0.368265 0.368914 0.369462 0.369757 0.369901 0.369950 0.369969 0.369986
-9999.0 -9999.0 -9999.0 -9999.0 0.169955 0.170427 0.170059 0.171912 0.173223 0.170324 0.171367 0.170868 0.169936 0.168799 0.167454 0.168438 0.169011 0.169401 0.169242 0.172395 0.175140 0.173405 0.174820 0.177580 0.177005 0.177331 0.177507 0.178836 0.181302 0.184553 0.192253 0.200251 0.206736 0.215188 0.224911 0.240152 0.266003 0.293559 0.312095 0.327804 0.340186 0.348299 0.352825 0.355135 0.357637 0.360168 0.362922 0.365733 0.367729 0.369013 0.369607 0.369780 0.369840 0.369893 0.369938 0.369974 0.369999 0.370000 0.370000 0.370000 0.370000 0.370000 0.370000
-9999.0 -9999.0 -9999.0 0.168693 0.170749 0.171521 0.170547 0.170938 0.172547 0.171013 0.170734 0.170494 0.170364 0.170407 0.170309 0.170903 0.171013 0.170564 0.171004 0.172934 0.173875 0.175546 0.176870 0.178937 0.180743 0.181474 0.182499 0.185178 0.192152 0.201414 0.221628 0.257600 0.287395 0.302893 0.312038 0.323367 0.333542 0.345810 0.354865 0.360862 0.364830 0.366979 0.368251 0.368794 0.369061 0.369274 0.369570 0.369783 0.369903 0.369978 0.370000 0.370000 0.370000 0.370000 0.370000 0.370000 0.370000 0.370000 0.370000 0.370000 0.370000 0.370000 0.370000
-9999.0 -9999.0 0.169039 0.170208 0.169430 0.170929 0.172610 0.171465 0.173491 0.174187 0.172188 0.173379 0.174017 0.172797 0.173647 0.174600 0.175049 0.173489 0.172383 0.174741 0.179918 0.184459 0.187245 0.199768 0.208332 0.214482 0.217932 0.229541 0.251689 0.287100 0.313235 0.335017 0.348904 0.356708 0.359358 0.361963 0.364918 0.367028 0.368562 0.369329 0.369725 0.369895 0.369970 0.369998 0.369999 0.370000 0.370000 0.370000 0.370000 0.370000 0.370000 0.370000 0.370000 0.370000 0.370000 0.370000 0.370000 0.370000 0.370000 0.370000 0.370000 0.370000 0.370000
-9999.0 -9999.0 0.167721 0.169637 0.168345 0.171434 0.174347 0.171598 0.172509 0.175571 0.174794 0.175203 0.174928 0.175226 0.176653 0.179522 0.178042 0.177487 0.174429 0.182003 0.189577 0.205020 0.243296 0.284010 0.305143 0.308628 0.310892 0.318542 0.329584 0.346094 0.359368 0.366364 0.368727 0.369435 0.369640 0.369784 0.369913 0.369995 0.369999 0.370000 0.370000 0.370000 0.370000 0.370000 0.370000 0.370000 0.370000 0.370000 0.370000 0.370000 0.370000 0.370000 0.370000 0.370000 0.370000 0.370000 0.370000 0.370000 0.370000 0.370000 0.370000 0.370000 0.370000
-9999.0 0.167271 0.168231 0.168316 0.170315 0.169753 0.172206 0.175805 0.175699 0.177044 0.177161 0.175266 0.182895 0.190133 0.192912 0.199922 0.197042 0.194901 0.190675 0.200546 0.223621 0.287310 0.340803 0.355199 0.359391 0.359434 0.358585 0.360884 0.364476 0.367897 0.369754 0.369997 0.370000 0.370000 0.370000 0.370000 0.370000 0.370000 0.370000 0.370000 0.370000 0.370000 0.370000 0.370000 0.370000 0.370000 0.370000 0.370000 0.370000 0.370000 0.370000 0.370000 0.370000 0.370000 0.370000 0.370000 0.370000 0.370000 0.370000 0.369999 0.369998 0.369998 0.369997
-9999.0 0.164430 0.168125 0.170382 0.169575 0.168133 0.173701 0.182448 0.179451 0.178609 0.178481 0.184792 0.206382 0.233828 0.257798 0.282710 0.281675 0.273637 0.275391 0.297140 0.324847 0.353357 0.367961 0.369718 0.369597 0.369601 0.369652 0.369832 0.369954 0.369995 0.370000 0.370000 0.370000 0.370000 0.370000 0.370000 0.370000 0.370000 0.370000 0.370000 0.370000 0.370000 0.370000 0.370000 0.370000 0.370000 0.370000 0.370000 0.370000 0.370000 0.370000 0.370000 0.369999 0.369999 0.369999 0.369998 0.369996 0.369990 0.369980 0.369963 0.369939 0.369920 0.369921
-9999.0 0.167400 0.171694 0.170628 0.167214 0.172488 0.174820 0.181103 0.186450 0.185351 0.194682 0.232619 0.288019 0.322049 0.338414 0.345811 0.350040 0.349943 0.355872 0.364314 0.369117 0.369994 0.370000 0.370000 0.370000 0.369998 0.369995 0.369995 0.369996 0.369999 0.370000 0.370000 0.370000 0.370000 0.370000 0.370000 0.370000 0.370000 0.370000 0.370000 0.370000 0.370000 0.370000 0.370000 0.370000 0.370000 0.369999 0.369998 0.369996 0.369992 0.369989 0.369985 0.369982 0.369977 0.369970 0.369959 0.369925 0.369863 0.369764 0.369635 0.369459 0.369243 0.369251
-9999.0 0.162620 0.168530 0.163633 0.170824 0.177194 0.176460 0.187390 0.202962 0.211614 0.269994 0.315817 0.346731 0.359367 0.364762 0.367815 0.368897 0.369507 0.369856 0.369977 0.370000 0.370000 0.370000 0.370000 0.370000 0.369999 0.369993 0.369975 0.369963 0.369965 0.369983 0.369996 0.369999 0.370000 0.370000 0.369999 0.369999 0.369999 0.369999 0.369997 0.369993 0.369990 0.369992 0.369994 0.369988 0.369982 0.369973 0.369958 0.369931 0.369896 0.369854 0.369807 0.369781 0.369729 0.369711 0.369632 0.369201 0.368684 0.368053 0.367206 0.366042 0.364030 0.363809
-9999.0 0.159178 0.163256 0.166492 0.172878 0.177603 0.182960 0.196048 0.235921 0.288607 0.326205 0.341755 0.357916 0.366298 0.369169 0.369688 0.369828 0.369867 0.369913 0.369946 0.369954 0.369999 0.370000 0.370000 0.369995 0.369980 0.369946 0.369897 0.369870 0.369887 0.369913 0.369940 0.369957 0.369969 0.369959 0.369959 0.369965 0.369955 0.369937 0.369912 0.369880 0.369839 0.369809 0.369788 0.369754 0.369735 0.369649 0.369500 0.369302 0.369104 0.368869 0.368651 0.368565 0.368386 0.368129 0.367611 0.365728 0.362947 0.359835 0.355625 0.347132 0.342712 0.339752
-9999.0 0.151863 0.164699 0.166440 0.170240 0.171450 0.172722 0.181257 0.198007 0.280967 0.350566 0.354485 0.358659 0.364024 0.368340 0.369615 0.369688 0.369242 0.368654 0.368370 0.368766 0.369342 0.369622 0.369793 0.369807 0.369788 0.369731 0.369609 0.369420 0.369341 0.369355 0.369311 0.369288 0.369349 0.369320 0.369408 0.369467 0.369306 0.369031 0.368590 0.368067 0.367591 0.367403 0.367409 0.367326 0.367098 0.366559 0.365733 0.364533 0.363242 0.362080 0.361186 0.360231 0.358815 0.357045 0.354867 0.348504 0.341686 0.333528 0.320381 0.300930 0.285118 0.277672
-9999.0 -9999.0 0.158720 0.166437 0.167521 0.168794 0.170039 0.176381 0.184172 0.219189 0.279133 0.313113 0.330930 0.344569 0.357951 0.364402 0.365047 0.365608 0.362742 0.362829 0.363730 0.364762 0.365915 0.366836 0.367382 0.367604 0.367697 0.367535 0.367003 0.366087 0.364885 0.363903 0.363287 0.362825 0.363750 0.364870 0.364756 0.364079 0.362746 0.360614 0.358438 0.355903 0.355148 0.355340 0.355265 0.354518 0.353185 0.349932 0.346196 0.341918 0.339690 0.337425 0.335075 0.330802 0.326187 0.320720 0.310281 0.298856 0.282538 0.250822 0.222012 0.204724 0.197048
-9999.0 -9999.0 0.150655 0.162377 0.167757 0.171638 0.171154 0.172087 0.181339 0.186773 0.196401 0.214473 0.240515 0.274225 0.295311 0.315491 0.323385 0.326973 0.327180 0.331176 0.338495 0.344665 0.348476 0.351751 0.354394 0.356255 0.357744 0.355827 0.353672 0.350068 0.344900 0.338225 0.334234 0.331795 0.333590 0.336538 0.334778 0.330851 0.325129 0.318076 0.312553 0.307132 0.305583 0.305050 0.304946 0.303773 0.302099 0.296981 0.289509 0.282830 0.276786 0.271128 0.267450 0.260196 0.251142 0.244149 0.230149 0.216823 0.206816 0.198126 0.190514 0.186792 0.183769
-9999.0 -9999.0 -9999.0 0.151852 0.159250 0.165098 0.167501 0.164537 0.167115 0.171774 0.175330 0.181015 0.185023 0.189869 0.197876 0.210078 0.218098 0.221004 0.221659 0.242130 0.257451 0.280635 0.295907 0.301400 0.307187 0.312940 0.314594 0.310509 0.306539 0.299771 0.287907 0.271191 0.259631 0.259031 0.259118 0.261376 0.257019 0.252260 0.242823 0.233375 0.225149 0.219451 0.217355 0.215495 0.214523 0.213059 0.211583 0.208621 0.205396 0.202628 0.200367 0.199665 0.198975 0.197784 0.196309 0.195268 0.193735 0.189407 0.186383 0.183658 0.181014 0.178792 0.176805
-9999.0 -9999.0 -9999.0 -9999.0 -9999.0 0.147408 0.161849 0.164889 0.165207 0.164249 0.165819 0.171665 0.170974 0.171952 0.174628 0.176235 0.176973 0.178884 0.182903 0.187018 0.192613 0.197812 0.205513 0.213452 0.218497 0.224791 0.227174 0.222216 0.217736 0.211592 0.203480 0.196767 0.195922 0.196318 0.196555 0.196366 0.195277 0.194450 0.193291 0.190785 0.188611 0.188097 0.187748 0.187309 0.186826 0.186462 0.186145 0.185977 0.184673 0.183482 0.184060 0.183825 0.183674 0.183728 0.183156 0.182853 0.182968 0.180062 0.178390 0.178816 0.176309 0.174648 0.174971
-9999.0 -9999.0 -9999.0 -9999.0 -9999.0 -9999.0 0.145781 0.154796 0.162133 0.164269 0.167545 0.170125 0.166852 0.168136 0.169487 0.170885 0.173057 0.173088 0.174053 0.175548 0.177672 0.178924 0.181508 0.185056 0.185324 0.186360 0.188309 0.186177 0.185008 0.184302 0.180452 0.180819 0.180261 0.180655 0.180802 0.181182 0.180699 0.180245 0.179989 0.178366 0.178249 0.177829 0.177669 0.177502 0.177331 0.177250 0.177268 0.177323 0.176364 0.176904 0.177141 0.176887 0.176771 0.176952 0.176718 0.176276 0.176391 0.175208 0.174989 0.174953 0.173011 0.172978 0.172837
