tests/Borden05m/data_simulated/sim_1/output-maps/thetaliqL0007N0019.asc
ncols         160
nrows         34
xllcorner     620200.000000
yllcorner     5168000.000000
cellsize      0.500000
NODATA_value  -9999.0
[rows 0 to 27 of 34, columns 63 to 125 of 160]
-9999.0 -9999.0 -9999.0 -9999.0 -9999.0 -9999.0 -9999.0 -9999.0 -9999.0 -9999.0 -9999.0 -9999.0 -9999.0 -9999.0 -9999.0 -9999.0 -9999.0 -9999.0 -9999.0 -9999.0 -9999.0 -9999.0 -9999.0 -9999.0 -9999.0 -9999.0 -9999.0 -9999.0 -9999.0 -9999.0 -9999.0 -9999.0 -9999.0 -9999.0 -9999.0 -9999.0 -9999.0 -9999.0 -9999.0 -9999.0 -9999.0 -9999.0 -9999.0 -9999.0 -9999.0 -9999.0 -9999.0 -9999.0 -9999.0 -9999.0 -9999.0 -9999.0 -9999.0 -9999.0 -9999.0 -9999.0 -9999.0 -9999.0 -9999.0 -9999.0 -9999.0 -9999.0 -9999.0
0.319168 0.313286 0.307420 0.304617 0.303921 0.303251 0.302931 0.306583 0.311842 0.316677 0.321075 0.322451 0.323847 0.325182 0.325481 0.324721 0.322824 0.320862 0.318776 0.317869 0.312497 0.304731 0.298301 0.296263 0.299555 0.302797 0.304593 0.308860 0.316033 0.322741 0.327660 0.333795 0.336439 0.338843 0.340329 0.338595 0.337016 0.335346 0.333153 0.327426 -9999.0 -9999.0 -9999.0 -9999.0 -9999.0 -9999.0 -9999.0 -9999.0 -9999.0 -9999.0 -9999.0 -9999.0 -9999.0 -9999.0 -9999.0 -9999.0 -9999.0 -9999.0 -9999.0 -9999.0 -9999.0 -9999.0 -9999.0
0.308981 0.302815 0.298840 0.294749 0.293477 0.293382 0.293359 0.296430 0.303398 0.308843 0.311998 0.313534 0.315078 0.315221 0.314911 0.314631 0.312737 0.310466 0.308160 0.306922 0.306835 0.301510 0.297708 0.295351 0.294576 0.296368 0.298042 0.300139 0.306967 0.312601 0.317968 0.326271 0.332804 0.335403 0.334308 0.331829 0.329977 0.326650 0.321165 0.314771 0.307808 0.302825 0.299066 0.295439 0.299931 0.304434 0.311505 0.318130 0.325288 0.331851 -9999.0 -9999.0 -9999.0 -9999.0 -9999.0 -9999.0 -9999.0 -9999.0 -9999.0 -9999.0 -9999.0 -9999.0 -9999.0
0.300505 0.297665 0.294112 0.291168 0.296730 0.297574 0.298384 0.300633 0.303080 0.304468 0.306370 0.309939 0.315733 0.317359 0.317659 0.317716 0.316565 0.314580 0.313414 0.311583 0.308110 0.307545 0.307900 0.308035 0.311614 0.312594 0.313355 0.308621 0.310806 0.314942 0.319310 0.323633 0.327713 0.330386 0.328806 0.328085 0.323480 0.315166 0.307592 0.301517 0.299583 0.297372 0.291828 0.282766 0.288062 0.299600 0.303000 0.305731 0.313795 0.321437 0.327272 0.328281 0.328091 0.327885 0.326468 0.318373 0.308949 0.298722 0.284877 -9999.0 -9999.0 -9999.0 -9999.0
0.302549 0.300343 0.299483 0.308628 0.314945 0.316023 0.317828 0.319812 0.318840 0.310779 0.308909 0.314610 0.321184 0.324715 0.324818 0.324823 0.324074 0.323458 0.323094 0.321608 0.322365 0.324008 0.324683 0.327738 0.330832 0.332215 0.327408 0.321989 0.322132 0.326480 0.330752 0.334568 0.339829 0.344804 0.344262 0.341824 0.337806 0.330926 0.317367 0.304045 0.296587 0.291885 0.286753 0.285978 0.284534 0.292436 0.293867 0.295182 0.301557 0.308749 0.315365 0.318958 0.318687 0.318390 0.316905 0.310844 0.300751 0.289967 0.277287 0.257066 0.233987 0.212319 0.211681
0.307933 0.310505 0.319345 0.327737 0.335923 0.337341 0.338618 0.338535 0.333676 0.328089 0.325482 0.333703 0.341132 0.344684 0.345231 0.345754 0.348962 0.348173 0.347036 0.344823 0.345894 0.347309 0.351545 0.353909 0.355757 0.355240 0.351772 0.348027 0.347134 0.347629 0.348165 0.350163 0.353546 0.356435 0.355165 0.352791 0.349000 0.336619 0.320836 0.309482 0.309862 0.310097 0.306980 0.304743 0.301970 0.296278 0.295965 0.295600 0.295277 0.303919 0.312153 0.314393 0.310479 0.308083 0.306515 0.300314 0.292341 0.280729 0.267316 0.252115 0.229169 0.223277 0.217194
0.336884 0.340935 0.346730 0.353452 0.359800 0.360861 0.361781 0.362589 0.360718 0.358086 0.355007 0.358767 0.360878 0.362653 0.363424 0.365137 0.366298 0.365810 0.364779 0.363548 0.364499 0.366207 0.367509 0.367951 0.368153 0.368188 0.367603 0.367178 0.366868 0.366787 0.366366 0.366579 0.367503 0.368416 0.368405 0.367656 0.365452 0.359441 0.348956 0.338979 0.340119 0.336916 0.333742 0.331077 0.322770 0.315230 0.314688 0.308195 0.303683 0.311326 0.315187 0.316347 0.312367 0.315770 0.310563 0.297997 0.284817 0.272318 0.260509 0.248326 0.242134 0.234474 0.228338
0.358159 0.360369 0.363830 0.366836 0.368586 0.369142 0.369388 0.369574 0.369458 0.369237 0.368948 0.369122 0.369459 0.369683 0.369819 0.369906 0.369951 0.369934 0.369895 0.369882 0.369907 0.369962 0.369985 0.369990 0.369992 0.369994 0.369991 0.369984 0.369973 0.369955 0.369931 0.369910 0.369958 0.369982 0.369978 0.369912 0.369701 0.368845 0.366320 0.361135 0.359322 0.358681 0.357816 0.353144 0.347255 0.338461 0.332177 0.326746 0.317193 0.319602 0.322994 0.328968 0.333961 0.333340 0.324180 0.313173 0.299565 0.285130 0.273571 0.269640 0.265392 0.257526 0.252278
0.369766 0.369831 0.369918 0.369985 0.369999 0.370000 0.370000 0.370000 0.370000 0.370000 0.370000 0.370000 0.370000 0.370000 0.370000 0.370000 0.370000 0.370000 0.370000 0.370000 0.370000 0.370000 0.370000 0.370000 0.370000 0.370000 0.370000 0.370000 0.370000 0.370000 0.370000 0.370000 0.370000 0.370000 0.370000 0.370000 0.370000 0.369999 0.369986 0.369905 0.369712 0.369677 0.369384 0.368744 0.367278 0.362643 0.358086 0.352826 0.340990 0.338187 0.342879 0.348268 0.350443 0.344193 0.336388 0.325873 0.312496 0.297745 0.292346 0.290958 0.288297 0.283554 0.281209
0.370000 0.370000 0.370000 0.370000 0.370000 0.370000 0.370000 0.370000 0.370000 0.370000 0.370000 0.370000 0.370000 0.370000 0.370000 0.370000 0.370000 0.370000 0.370000 0.370000 0.370000 0.370000 0.370000 0.370000 0.370000 0.370000 0.370000 0.370000 0.370000 0.370000 0.370000 0.370000 0.370000 0.370000 0.370000 0.370000 0.370000 0.370000 0.370000 0.370000 0.370000 0.370000 0.370000 0.369997 0.369941 0.369587 0.368466 0.366175 0.361828 0.360182 0.364208 0.366755 0.365658 0.363866 0.360385 0.353675 0.344236 0.331506 0.326616 0.324132 0.320171 0.315615 0.311101
0.370000 0.370000 0.370000 0.370000 0.370000 0.370000 0.370000 0.370000 0.370000 0.370000 0.370000 0.370000 0.370000 0.370000 0.370000 0.370000 0.370000 0.370000 0.370000 0.370000 0.370000 0.370000 0.370000 0.370000 0.370000 0.370000 0.370000 0.370000 0.370000 0.370000 0.370000 0.370000 0.370000 0.370000 0.370000 0.370000 0.370000 0.370000 0.370000 0.370000 0.370000 0.370000 0.370000 0.370000 0.370000 0.370000 0.370000 0.369998 0.369976 0.369886 0.369970 0.369949 0.369891 0.369719 0.369127 0.367721 0.364880 0.359860 0.356597 0.354387 0.351400 0.348581 0.344655
0.370000 0.370000 0.370000 0.370000 0.370000 0.370000 0.370000 0.370000 0.370000 0.370000 0.370000 0.370000 0.370000 0.370000 0.370000 0.370000 0.370000 0.370000 0.370000 0.370000 0.370000 0.370000 0.370000 0.370000 0.370000 0.370000 0.370000 0.370000 0.370000 0.370000 0.370000 0.370000 0.370000 0.370000 0.370000 0.370000 0.370000 0.370000 0.370000 0.370000 0.370000 0.370000 0.370000 0.370000 0.370000 0.370000 0.370000 0.370000 0.370000 0.370000 0.370000 0.370000 0.370000 0.370000 0.369995 0.369969 0.369791 0.369119 0.367993 0.367142 0.366107 0.364622 0.362358
0.370000 0.370000 0.370000 0.370000 0.370000 0.370000 0.370000 0.370000 0.370000 0.370000 0.370000 0.370000 0.370000 0.370000 0.370000 0.370000 0.370000 0.370000 0.370000 0.370000 0.370000 0.370000 0.370000 0.370000 0.370000 0.370000 0.370000 0.370000 0.370000 0.370000 0.370000 0.370000 0.370000 0.370000 0.370000 0.370000 0.370000 0.370000 0.370000 0.370000 0.370000 0.370000 0.370000 0.370000 0.370000 0.370000 0.370000 0.370000 0.370000 0.370000 0.370000 0.370000 0.370000 0.370000 0.370000 0.370000 0.370000 0.370000 0.369993 0.369980 0.369921 0.369749 0.369404
0.370000 0.370000 0.370000 0.370000 0.370000 0.370000 0.370000 0.370000 0.370000 0.370000 0.370000 0.370000 0.370000 0.370000 0.370000 0.370000 0.370000 0.370000 0.370000 0.370000 0.370000 0.370000 0.370000 0.370000 0.370000 0.370000 0.370000 0.370000 0.370000 0.370000 0.370000 0.370000 0.370000 0.370000 0.370000 0.370000 0.370000 0.370000 0.370000 0.370000 0.370000 0.370000 0.370000 0.370000 0.370000 0.370000 0.370000 0.370000 0.370000 0.370000 0.370000 0.370000 0.370000 0.370000 0.370000 0.370000 0.370000 0.370000 0.370000 0.370000 0.370000 0.370000 0.369999
0.370000 0.370000 0.370000 0.370000 0.370000 0.370000 0.370000 0.370000 0.370000 0.370000 0.370000 0.370000 0.370000 0.370000 0.370000 0.370000 0.370000 0.370000 0.370000 0.370000 0.370000 0.370000 0.370000 0.370000 0.370000 0.370000 0.370000 0.370000 0.370000 0.370000 0.370000 0.370000 0.370000 0.370000 0.370000 0.370000 0.370000 0.370000 0.370000 0.370000 0.370000 0.370000 0.370000 0.370000 0.370000 0.370000 0.370000 0.370000 0.370000 0.370000 0.370000 0.370000 0.370000 0.370000 0.370000 0.370000 0.370000 0.370000 0.370000 0.370000 0.370000 0.370000 0.370000
0.370000 0.370000 0.370000 0.370000 0.370000 0.370000 0.370000 0.370000 0.370000 0.370000 0.370000 0.370000 0.370000 0.370000 0.370000 0.370000 0.370000 0.370000 0.370000 0.370000 0.370000 0.370000 0.370000 0.370000 0.370000 0.370000 0.370000 0.370000 0.370000 0.370000 0.370000 0.370000 0.370000 0.370000 0.370000 0.370000 0.370000 0.370000 0.370000 0.370000 0.370000 0.370000 0.370000 0.370000 0.370000 0.370000 0.370000 0.370000 0.370000 0.370000 0.370000 0.370000 0.370000 0.370000 0.370000 0.370000 0.370000 0.370000 0.370000 0.370000 0.370000 0.370000 0.370000
0.370000 0.370000 0.370000 0.370000 0.370000 0.370000 0.370000 0.370000 0.370000 0.370000 0.370000 0.370000 0.370000 0.370000 0.370000 0.370000 0.370000 0.370000 0.370000 0.370000 0.370000 0.370000 0.370000 0.370000 0.370000 0.370000 0.370000 0.370000 0.370000 0.370000 0.370000 0.370000 0.370000 0.370000 0.370000 0.370000 0.370000 0.370000 0.370000 0.370000 0.370000 0.370000 0.370000 0.370000 0.370000 0.370000 0.370000 0.370000 0.370000 0.370000 0.370000 0.370000 0.370000 0.370000 0.370000 0.370000 0.370000 0.370000 0.370000 0.370000 0.370000 0.370000 0.370000
0.370000 0.370000 0.370000 0.370000 0.370000 0.370000 0.370000 0.370000 0.370000 0.370000 0.370000 0.370000 0.370000 0.370000 0.370000 0.370000 0.370000 0.370000 0.370000 0.370000 0.370000 0.370000 0.370000 0.370000 0.370000 0.370000 0.370000 0.370000 0.370000 0.370000 0.370000 0.370000 0.370000 0.370000 0.370000 0.370000 0.370000 0.370000 0.370000 0.370000 0.370000 0.370000 0.370000 0.370000 0.370000 0.370000 0.370000 0.370000 0.370000 0.370000 0.370000 0.370000 0.370000 0.370000 0.370000 0.370000 0.370000 0.370000 0.370000 0.370000 0.370000 0.370000 0.370000
0.370000 0.370000 0.370000 0.370000 0.370000 0.370000 0.370000 0.370000 0.370000 0.370000 0.370000 0.370000 0.370000 0.370000 0.370000 0.370000 0.370000 0.370000 0.370000 0.370000 0.370000 0.370000 0.370000 0.370000 0.370000 0.370000 0.370000 0.370000 0.370000 0.370000 0.370000 0.370000 0.370000 0.370000 0.370000 0.370000 0.370000 0.370000 0.370000 0.370000 0.370000 0.370000 0.370000 0.370000 0.370000 0.370000 0.370000 0.370000 0.370000 0.370000 0.370000 0.370000 0.370000 0.370000 0.370000 0.370000 0.370000 0.370000 0.370000 0.370000 0.370000 0.370000 0.370000
0.370000 0.370000 0.370000 0.370000 0.370000 0.370000 0.370000 0.370000 0.370000 0.370000 0.370000 0.370000 0.370000 0.370000 0.370000 0.370000 0.370000 0.370000 0.370000 0.370000 0.370000 0.370000 0.370000 0.370000 0.370000 0.370000 0.370000 0.370000 0.370000 0.370000 0.370000 0.370000 0.370000 0.370000 0.370000 0.370000 0.370000 0.370000 0.370000 0.370000 0.370000 0.370000 0.370000 0.370000 0.370000 0.370000 0.370000 0.370000 0.370000 0.370000 0.370000 0.370000 0.370000 0.370000 0.370000 0.370000 0.370000 0.370000 0.370000 0.370000 0.370000 0.370000 0.370000
0.370000 0.370000 0.370000 0.370000 0.370000 0.370000 0.370000 0.370000 0.370000 0.369999 0.369994 0.369995 0.369997 0.369995 0.369987 0.369968 0.369940 0.369885 0.369770 0.369656 0.369746 0.369826 0.369856 0.369869 0.369889 0.369895 0.369890 0.369884 0.369928 0.369957 0.369977 0.369988 0.369995 0.370000 0.370000 0.370000 0.370000 0.370000 0.370000 0.370000 0.370000 0.370000 0.370000 0.370000 0.370000 0.370000 0.370000 0.370000 0.370000 0.370000 0.370000 0.370000 0.370000 0.370000 0.370000 0.370000 0.370000 0.370000 0.370000 0.370000 0.370000 0.370000 0.370000
0.370000 0.370000 0.370000 0.370000 0.369998 0.369987 0.369941 0.369783 0.369266 0.368101 0.366650 0.367076 0.367525 0.367995 0.367072 0.365837 0.364906 0.362803 0.360171 0.357121 0.359012 0.360913 0.363344 0.363827 0.364250 0.364964 0.364807 0.364617 0.364003 0.365227 0.366335 0.367458 0.368854 0.369562 0.369858 0.369956 0.369990 0.369999 0.370000 0.370000 0.370000 0.370000 0.370000 0.370000 0.370000 0.370000 0.370000 0.370000 0.370000 0.370000 0.370000 0.370000 0.370000 0.370000 0.370000 0.370000 0.370000 0.370000 0.370000 0.370000 0.370000 0.370000 0.370000
0.369993 0.369944 0.369631 0.369047 0.368031 0.366017 0.362958 0.358544 0.350689 0.341210 0.329706 0.331630 0.337446 0.343195 0.339543 0.336992 0.335081 0.328820 0.320863 0.312305 0.314752 0.323667 0.332651 0.335790 0.338631 0.341835 0.341849 0.339238 0.335538 0.338339 0.344120 0.350056 0.356676 0.361744 0.365161 0.367259 0.368678 0.369471 0.369830 0.369962 0.369995 0.369999 0.370000 0.370000 0.370000 0.370000 0.370000 0.370000 0.370000 0.370000 0.370000 0.370000 0.370000 0.370000 0.370000 0.370000 0.370000 0.370000 0.370000 0.370000 0.370000 0.370000 0.370000
0.365338 0.360145 0.354415 0.347360 0.338874 0.328764 0.316057 0.302163 0.287063 0.269569 0.252946 0.257134 0.268130 0.278398 0.279518 0.277003 0.274454 0.267878 0.256832 0.246802 0.253308 0.265956 0.278242 0.285695 0.290673 0.295377 0.293340 0.287232 0.281621 0.287575 0.298888 0.309460 0.321047 0.333129 0.343247 0.351329 0.357825 0.362581 0.366061 0.368195 0.369308 0.369778 0.369942 0.369989 0.369997 0.369999 0.370000 0.370000 0.370000 0.370000 0.370000 0.370000 0.370000 0.370000 0.370000 0.370000 0.370000 0.370000 0.370000 0.370000 0.370000 0.370000 0.370000
0.334295 0.316553 0.299345 0.285268 0.276646 0.264370 0.248218 0.236752 0.223005 0.207468 0.205811 0.208863 0.218804 0.221042 0.221609 0.219225 0.218311 0.214345 0.204938 0.208755 0.214862 0.226823 0.235764 0.243303 0.248479 0.251939 0.251287 0.245135 0.247001 0.252990 0.264974 0.274547 0.286692 0.302197 0.314125 0.326063 0.337509 0.347151 0.355029 0.361047 0.365300 0.367672 0.368851 0.369292 0.369589 0.369734 0.369740 0.369888 0.369960 0.369989 0.369999 0.370000 0.370000 0.370000 0.370000 0.370000 0.370000 0.370000 0.370000 0.370000 0.370000 0.370000 0.370000
0.265340 0.241062 0.220877 0.212984 0.204827 0.196199 0.186659 0.177526 0.169279 0.168532 0.167186 0.167169 0.168655 0.170525 0.172019 0.171360 0.170664 0.170828 0.173924 0.176579 0.180176 0.187385 0.195127 0.202388 0.205412 0.208530 0.210497 0.212630 0.214510 0.217986 0.227079 0.236520 0.247437 0.261380 0.275352 0.290007 0.306058 0.320592 0.333898 0.345713 0.354654 0.359786 0.362015 0.363867 0.364735 0.364570 0.364422 0.365792 0.367229 0.368270 0.369259 0.369756 0.369940 0.369998 0.370000 0.370000 0.370000 0.370000 0.370000 0.370000 0.370000 0.370000 0.370000
0.203828 0.184808 0.172680 0.166553 0.160713 0.155031 0.148121 0.142814 0.141594 0.140585 0.139676 0.139062 0.140591 0.142232 0.144164 0.143916 0.144011 0.145175 0.147174 0.149910 0.154500 0.160357 0.167083 0.175631 0.178379 0.181288 0.184778 0.186461 0.188503 0.191474 0.199623 0.208251 0.217800 0.231224 0.245446 0.261049 0.278819 0.298001 0.317672 0.332691 0.344530 0.352205 0.355044 0.356514 0.356470 0.355424 0.352571 0.353055 0.356720 0.358391 0.361929 0.365498 0.367398 0.369419 0.369950 0.369997 0.370000 0.370000 0.370000 0.370000 0.370000 0.370000 0.370000
0.158281 0.148452 0.139453 0.134255 0.130159 0.126441 0.123333 0.122376 0.121352 0.120705 0.120290 0.119840 0.120675 0.122035 0.123413 0.124021 0.124885 0.125824 0.127926 0.131272 0.134748 0.139791 0.146445 0.153718 0.156783 0.159681 0.162700 0.164820 0.167197 0.169575 0.176025 0.183658 0.191624 0.204233 0.218253 0.233075 0.254008 0.277818 0.300131 0.317374 0.331839 0.343039 0.344697 0.345541 0.345587 0.340700 0.334066 0.332060 0.334299 0.335622 0.340851 0.347064 0.352634 0.361169 0.366321 0.368834 0.369799 0.369991 0.370000 0.370000 0.370000 0.370000 0.370000
