tests/Borden05m/data_simulated/sim_1/output-maps/thetaliqL0007N0019.asc
ncols         160
nrows         34
xllcorner     620200.000000
yllcorner     5168000.000000
cellsize      0.500000
NODATA_value  -9999.0
[rows 0 to 27 of 34, columns 0 to 62 of 160]
-9999.0 -9999.0 -9999.0 -9999.0 -9999.0 -9999.0 -9999.0 -9999.0 -9999.0 -9999.0 -9999.0 -9999.0 -9999.0 -9999.0 -9999.0 -9999.0 -9999.0 -9999.0 -9999.0 -9999.0 -9999.0 -9999.0 -9999.0 -9999.0 -9999.0 -9999.0 -9999.0 -9999.0 -9999.0 -9999.0 -9999.0 -9999.0 -9999.0 -9999.0 -9999.0 -9999.0 -9999.0 -9999.0 -9999.0 -9999.0 -9999.0 -9999.0 -9999.0 -9999.0 -9999.0 -9999.0 -9999.0 -9999.0 -9999.0 -9999.0 -9999.0 -9999.0 -9999.0 -9999.0 -9999.0 -9999.0 -9999.0 -9999.0 -9999.0 -9999.0 -9999.0 -9999.0 -9999.0
-9999.0 -9999.0 -9999.0 -9999.0 -9999.0 -9999.0 -9999.0 -9999.0 -9999.0 -9999.0 -9999.0 -9999.0 -9999.0 -9999.0 -9999.0 -9999.0 -9999.0 -9999.0 -9999.0 -9999.0 -9999.0 -9999.0 -9999.0 -9999.0 -9999.0 -9999.0 -9999.0 -9999.0 -9999.0 -9999.0 -9999.0 -9999.0 -9999.0 -9999.0 -9999.0 -9999.0 -9999.0 -9999.0 -9999.0 -9999.0 -9999.0 -9999.0 -9999.0 -9999.0 -9999.0 -9999.0 -9999.0 -9999.0 -9999.0 -9999.0 -9999.0 -9999.0 -9999.0 -9999.0 -9999.0 -9999.0 -9999.0 -9999.0 -9999.0 0.333368 0.330501 0.327542 0.324634
-9999.0 -9999.0 -9999.0 -9999.0 -9999.0 -9999.0 -9999.0 -9999.0 -9999.0 -9999.0 -9999.0 -9999.0 -9999.0 -9999.0 -9999.0 -9999.0 -9999.0 -9999.0 -9999.0 -9999.0 -9999.0 -9999.0 -9999.0 -9999.0 -9999.0 -9999.0 -9999.0 -9999.0 -9999.0 -9999.0 -9999.0 -9999.0 -9999.0 -9999.0 -9999.0 -9999.0 -9999.0 -9999.0 -9999.0 -9999.0 -9999.0 -9999.0 -9999.0 -9999.0 -9999.0 -9999.0 -9999.0 0.242852 0.228616 0.215117 0.213899 0.231890 0.250658 0.269581 0.285399 0.299033 0.311872 0.323725 0.325564 0.319272 0.316271 0.314078 0.312532
-9999.0 -9999.0 -9999.0 -9999.0 -9999.0 -9999.0 -9999.0 -9999.0 -9999.0 -9999.0 -9999.0 -9999.0 -9999.0 -9999.0 -9999.0 -9999.0 -9999.0 -9999.0 -9999.0 -9999.0 -9999.0 -9999.0 -9999.0 -9999.0 -9999.0 -9999.0 -9999.0 -9999.0 -9999.0 -9999.0 -9999.0 -9999.0 -9999.0 -9999.0 -9999.0 -9999.0 -9999.0 -9999.0 -9999.0 -9999.0 0.281050 0.285492 0.286751 0.278161 0.269051 0.259532 0.243280 0.228717 0.216142 0.213709 0.215544 0.220055 0.238472 0.257883 0.273251 0.286664 0.300530 0.313823 0.315573 0.308364 0.302397 0.299302 0.299178
-9999.0 -9999.0 -9999.0 -9999.0 -9999.0 -9999.0 -9999.0 -9999.0 -9999.0 -9999.0 -9999.0 -9999.0 -9999.0 -9999.0 -9999.0 -9999.0 -9999.0 -9999.0 -9999.0 -9999.0 -9999.0 -9999.0 -9999.0 -9999.0 -9999.0 -9999.0 -9999.0 -9999.0 -9999.0 -9999.0 -9999.0 -9999.0 -9999.0 -9999.0 0.208274 0.221793 0.236082 0.250716 0.263941 0.269028 0.273620 0.278123 0.274850 0.270807 0.261536 0.246425 0.230253 0.218665 0.216294 0.214050 0.217309 0.227572 0.240747 0.253966 0.270632 0.288264 0.294836 0.303364 0.305355 0.301657 0.302077 0.302904 0.303809
-9999.0 -9999.0 -9999.0 -9999.0 -9999.0 -9999.0 -9999.0 -9999.0 -9999.0 -9999.0 -9999.0 -9999.0 -9999.0 -9999.0 -9999.0 -9999.0 -9999.0 -9999.0 -9999.0 -9999.0 -9999.0 -9999.0 -9999.0 -9999.0 -9999.0 -9999.0 -9999.0 -9999.0 0.212284 0.207663 0.203585 0.202259 0.201086 0.199969 0.204969 0.214263 0.228553 0.245618 0.255722 0.261257 0.266268 0.266731 0.262702 0.260643 0.260514 0.250845 0.241181 0.232170 0.223621 0.222580 0.229983 0.240824 0.253504 0.265141 0.276995 0.287343 0.298284 0.312847 0.318181 0.314200 0.310160 0.307484 0.307731
-9999.0 -9999.0 -9999.0 -9999.0 -9999.0 -9999.0 -9999.0 -9999.0 -9999.0 -9999.0 -9999.0 -9999.0 -9999.0 -9999.0 -9999.0 -9999.0 -9999.0 -9999.0 -9999.0 -9999.0 -9999.0 -9999.0 -9999.0 0.191354 0.195629 0.200145 0.205342 0.205786 0.202338 0.197957 0.195393 0.194010 0.192699 0.195550 0.201522 0.211625 0.223809 0.240819 0.247536 0.252848 0.262780 0.264155 0.267435 0.270326 0.268545 0.266221 0.256495 0.249255 0.253971 0.258894 0.263712 0.269298 0.279207 0.291028 0.303809 0.317434 0.329944 0.339453 0.346335 0.344022 0.340238 0.334839 0.334971
-9999.0 -9999.0 -9999.0 -9999.0 -9999.0 -9999.0 -9999.0 -9999.0 -9999.0 -9999.0 -9999.0 -9999.0 -9999.0 -9999.0 -9999.0 -9999.0 -9999.0 -9999.0 -9999.0 0.175164 0.175557 0.175999 0.178739 0.179271 0.180602 0.185089 0.190459 0.191621 0.190334 0.188882 0.189696 0.191279 0.193912 0.202033 0.212208 0.222951 0.234067 0.250713 0.262425 0.273444 0.285813 0.284268 0.280376 0.278256 0.278263 0.278599 0.283627 0.286585 0.290664 0.295208 0.300335 0.306298 0.313189 0.324491 0.335424 0.344708 0.351965 0.357429 0.361473 0.361000 0.358663 0.355730 0.355893
-9999.0 -9999.0 -9999.0 -9999.0 -9999.0 -9999.0 -9999.0 -9999.0 -9999.0 -9999.0 -9999.0 -9999.0 -9999.0 -9999.0 -9999.0 -9999.0 0.158774 0.159692 0.160692 0.163556 0.164744 0.166863 0.170766 0.171171 0.173366 0.177627 0.180663 0.186031 0.191109 0.196035 0.200035 0.201717 0.207267 0.214386 0.223444 0.235839 0.253523 0.271491 0.284011 0.296211 0.307703 0.307602 0.306497 0.306983 0.307458 0.313051 0.324398 0.328118 0.330559 0.340249 0.346338 0.348544 0.351132 0.356413 0.361721 0.365758 0.368361 0.369276 0.369684 0.369759 0.369589 0.369521 0.369616
-9999.0 -9999.0 -9999.0 -9999.0 -9999.0 -9999.0 -9999.0 -9999.0 -9999.0 -9999.0 -9999.0 -9999.0 -9999.0 0.137638 0.139364 0.143319 0.146878 0.147757 0.149451 0.152078 0.158308 0.160012 0.163305 0.167545 0.174167 0.179310 0.185177 0.193026 0.198832 0.203839 0.208930 0.213955 0.224590 0.236798 0.249647 0.265967 0.282799 0.298572 0.313074 0.322244 0.330297 0.332410 0.331327 0.332084 0.336365 0.344774 0.351984 0.356277 0.361533 0.365265 0.366880 0.367924 0.368483 0.369023 0.369563 0.369919 0.369992 0.369999 0.370000 0.370000 0.370000 0.370000 0.370000
-9999.0 -9999.0 -9999.0 -9999.0 -9999.0 -9999.0 -9999.0 -9999.0 -9999.0 -9999.0 0.123982 0.124863 0.123598 0.123891 0.125348 0.129529 0.134504 0.137274 0.141973 0.151597 0.160395 0.162113 0.170650 0.176539 0.180470 0.187403 0.196351 0.205683 0.218814 0.228639 0.238871 0.255850 0.269005 0.281736 0.294911 0.308637 0.322242 0.338506 0.349707 0.354563 0.360618 0.363376 0.363030 0.363158 0.364388 0.366593 0.368425 0.369439 0.369806 0.369954 0.369989 0.369996 0.369999 0.370000 0.370000 0.370000 0.370000 0.370000 0.370000 0.370000 0.370000 0.370000 0.370000
-9999.0 -9999.0 -9999.0 -9999.0 -9999.0 -9999.0 -9999.0 -9999.0 0.116448 0.118412 0.120351 0.119310 0.117744 0.116747 0.120604 0.125823 0.131602 0.138345 0.145353 0.153953 0.162281 0.171918 0.183952 0.191803 0.200058 0.211087 0.221452 0.235736 0.252925 0.265191 0.280808 0.297473 0.311292 0.322690 0.332946 0.341899 0.353002 0.361659 0.366348 0.368356 0.369411 0.369804 0.369829 0.369864 0.369902 0.369979 0.369998 0.370000 0.370000 0.370000 0.370000 0.370000 0.370000 0.370000 0.370000 0.370000 0.370000 0.370000 0.370000 0.370000 0.370000 0.370000 0.370000
-9999.0 -9999.0 -9999.0 -9999.0 -9999.0 -9999.0 0.109616 0.116102 0.120533 0.118023 0.115685 0.114691 0.113689 0.118899 0.125809 0.131893 0.138556 0.146187 0.154060 0.162118 0.183896 0.194631 0.205407 0.220712 0.231475 0.242483 0.256460 0.275521 0.293738 0.317083 0.334980 0.347476 0.356258 0.361054 0.364319 0.366733 0.368836 0.369746 0.369964 0.369996 0.370000 0.370000 0.370000 0.370000 0.370000 0.370000 0.370000 0.370000 0.370000 0.370000 0.370000 0.370000 0.370000 0.370000 0.370000 0.370000 0.370000 0.370000 0.370000 0.370000 0.370000 0.370000 0.370000
-9999.0 -9999.0 -9999.0 -9999.0 0.102141 0.106647 0.111735 0.120712 0.128454 0.126330 0.128978 0.129133 0.128608 0.129265 0.131161 0.138292 0.146011 0.154579 0.164863 0.189277 0.219491 0.232820 0.255103 0.281015 0.291844 0.302625 0.313136 0.327491 0.342849 0.355741 0.365177 0.368576 0.369500 0.369830 0.369946 0.369988 0.369999 0.370000 0.370000 0.370000 0.370000 0.370000 0.370000 0.370000 0.370000 0.370000 0.370000 0.370000 0.370000 0.370000 0.370000 0.370000 0.370000 0.370000 0.370000 0.370000 0.370000 0.370000 0.370000 0.370000 0.370000 0.370000 0.370000
-9999.0 -9999.0 -9999.0 0.094070 0.100611 0.108510 0.115831 0.125715 0.137881 0.140764 0.144332 0.147500 0.150918 0.155462 0.161010 0.170196 0.178394 0.185945 0.200304 0.228485 0.258376 0.286901 0.311172 0.331002 0.342866 0.349378 0.354883 0.360982 0.366663 0.369117 0.369906 0.369997 0.370000 0.370000 0.370000 0.370000 0.370000 0.370000 0.370000 0.370000 0.370000 0.370000 0.370000 0.370000 0.370000 0.370000 0.370000 0.370000 0.370000 0.370000 0.370000 0.370000 0.370000 0.370000 0.370000 0.370000 0.370000 0.370000 0.370000 0.370000 0.370000 0.370000 0.370000
-9999.0 -9999.0 0.088042 0.092678 0.098351 0.109382 0.124865 0.137600 0.157150 0.171793 0.176248 0.188864 0.201128 0.207659 0.221070 0.235065 0.244872 0.246825 0.256305 0.286359 0.324795 0.349357 0.360118 0.367623 0.369200 0.369662 0.369816 0.369948 0.369993 0.370000 0.370000 0.370000 0.370000 0.370000 0.370000 0.370000 0.370000 0.370000 0.370000 0.370000 0.370000 0.370000 0.370000 0.370000 0.370000 0.370000 0.370000 0.370000 0.370000 0.370000 0.370000 0.370000 0.370000 0.370000 0.370000 0.370000 0.370000 0.370000 0.370000 0.370000 0.370000 0.370000 0.370000
-9999.0 -9999.0 0.085485 0.090351 0.096747 0.111970 0.137259 0.155168 0.180604 0.211836 0.226880 0.246008 0.263306 0.279935 0.298593 0.315641 0.317839 0.319354 0.319466 0.347228 0.363250 0.369039 0.369959 0.369999 0.370000 0.370000 0.370000 0.370000 0.370000 0.370000 0.370000 0.370000 0.370000 0.370000 0.370000 0.370000 0.370000 0.370000 0.370000 0.370000 0.370000 0.370000 0.370000 0.370000 0.370000 0.370000 0.370000 0.370000 0.370000 0.370000 0.370000 0.370000 0.370000 0.370000 0.370000 0.370000 0.370000 0.370000 0.370000 0.370000 0.370000 0.370000 0.370000
-9999.0 0.078982 0.082513 0.087643 0.097584 0.113003 0.144835 0.192571 0.229225 0.262731 0.285583 0.302473 0.337826 0.356685 0.362618 0.366429 0.366249 0.366037 0.365435 0.368684 0.369866 0.370000 0.370000 0.370000 0.370000 0.370000 0.370000 0.370000 0.370000 0.370000 0.370000 0.370000 0.370000 0.370000 0.370000 0.370000 0.370000 0.370000 0.370000 0.370000 0.370000 0.370000 0.370000 0.370000 0.370000 0.370000 0.370000 0.370000 0.370000 0.370000 0.370000 0.370000 0.370000 0.370000 0.370000 0.370000 0.370000 0.370000 0.370000 0.370000 0.370000 0.370000 0.370000
-9999.0 0.077198 0.080703 0.086988 0.096786 0.114577 0.162474 0.253185 0.289111 0.313513 0.333080 0.354805 0.368182 0.369850 0.369978 0.369999 0.369998 0.369996 0.369997 0.370000 0.370000 0.370000 0.370000 0.370000 0.370000 0.370000 0.370000 0.370000 0.370000 0.370000 0.370000 0.370000 0.370000 0.370000 0.370000 0.370000 0.370000 0.370000 0.370000 0.370000 0.370000 0.370000 0.370000 0.370000 0.370000 0.370000 0.370000 0.370000 0.370000 0.370000 0.370000 0.370000 0.370000 0.370000 0.370000 0.370000 0.370000 0.370000 0.370000 0.370000 0.370000 0.370000 0.370000
-9999.0 0.076185 0.079760 0.084903 0.094142 0.124584 0.185717 0.284651 0.339977 0.354767 0.365614 0.369778 0.369999 0.370000 0.370000 0.370000 0.370000 0.370000 0.370000 0.370000 0.370000 0.370000 0.370000 0.370000 0.370000 0.370000 0.370000 0.370000 0.370000 0.370000 0.370000 0.370000 0.370000 0.370000 0.370000 0.370000 0.370000 0.370000 0.370000 0.370000 0.370000 0.370000 0.370000 0.370000 0.370000 0.370000 0.370000 0.370000 0.370000 0.370000 0.370000 0.370000 0.370000 0.370000 0.370000 0.370000 0.370000 0.370000 0.370000 0.370000 0.370000 0.370000 0.370000
-9999.0 0.073331 0.076172 0.079487 0.093229 0.135027 0.206618 0.324045 0.365985 0.369246 0.369992 0.370000 0.370000 0.370000 0.370000 0.370000 0.370000 0.370000 0.370000 0.370000 0.370000 0.370000 0.370000 0.370000 0.370000 0.370000 0.370000 0.370000 0.370000 0.370000 0.370000 0.370000 0.370000 0.370000 0.370000 0.370000 0.370000 0.370000 0.370000 0.370000 0.370000 0.370000 0.370000 0.370000 0.370000 0.370000 0.370000 0.370000 0.370000 0.370000 0.370000 0.370000 0.370000 0.370000 0.370000 0.370000 0.370000 0.370000 0.370000 0.370000 0.370000 0.370000 0.370000
-9999.0 0.071510 0.073302 0.077374 0.090050 0.126202 0.211335 0.337863 0.369692 0.370000 0.370000 0.370000 0.370000 0.370000 0.370000 0.370000 0.370000 0.370000 0.370000 0.370000 0.370000 0.370000 0.370000 0.370000 0.370000 0.370000 0.370000 0.370000 0.370000 0.370000 0.370000 0.370000 0.370000 0.370000 0.370000 0.370000 0.370000 0.370000 0.370000 0.370000 0.370000 0.370000 0.370000 0.370000 0.370000 0.370000 0.370000 0.370000 0.370000 0.370000 0.370000 0.370000 0.370000 0.370000 0.370000 0.370000 0.370000 0.370000 0.370000 0.370000 0.370000 0.370000 0.370000
-9999.0 0.070251 0.072101 0.075103 0.083004 0.101628 0.147213 0.268212 0.359571 0.369995 0.370000 0.370000 0.370000 0.370000 0.370000 0.370000 0.370000 0.370000 0.370000 0.370000 0.370000 0.370000 0.370000 0.370000 0.370000 0.370000 0.370000 0.370000 0.370000 0.370000 0.370000 0.370000 0.370000 0.370000 0.370000 0.370000 0.370000 0.370000 0.370000 0.370000 0.370000 0.370000 0.370000 0.370000 0.370000 0.370000 0.370000 0.370000 0.370000 0.370000 0.370000 0.370000 0.370000 0.370000 0.370000 0.370000 0.370000 0.370000 0.370000 0.370000 0.370000 0.370000 0.370000
-9999.0 -9999.0 0.070878 0.073185 0.077608 0.087573 0.110521 0.180672 0.304226 0.368295 0.369988 0.370000 0.370000 0.370000 0.370000 0.370000 0.370000 0.370000 0.370000 0.370000 0.370000 0.370000 0.370000 0.370000 0.370000 0.370000 0.370000 0.370000 0.370000 0.370000 0.370000 0.370000 0.370000 0.370000 0.370000 0.370000 0.370000 0.370000 0.370000 0.370000 0.370000 0.370000 0.370000 0.370000 0.370000 0.370000 0.370000 0.370000 0.370000 0.370000 0.370000 0.370000 0.370000 0.370000 0.370000 0.370000 0.370000 0.370000 0.370000 0.369995 0.369920 0.369449 0.368136
-9999.0 -9999.0 0.069841 0.071394 0.074439 0.080610 0.091388 0.114578 0.192336 0.292452 0.350931 0.367299 0.369750 0.369982 0.369999 0.370000 0.370000 0.370000 0.370000 0.370000 0.370000 0.370000 0.370000 0.370000 0.370000 0.370000 0.370000 0.370000 0.370000 0.370000 0.370000 0.370000 0.370000 0.370000 0.370000 0.370000 0.370000 0.370000 0.370000 0.370000 0.370000 0.370000 0.370000 0.370000 0.370000 0.370000 0.370000 0.370000 0.370000 0.370000 0.370000 0.369999 0.369999 0.369997 0.369994 0.369989 0.369961 0.369845 0.369468 0.368163 0.364286 0.357930 0.348001
-9999.0 -9999.0 -9999.0 0.070274 0.071886 0.074243 0.078433 0.084226 0.097771 0.128425 0.181136 0.255975 0.307776 0.339309 0.357104 0.365665 0.368274 0.369032 0.369426 0.369918 0.369983 0.369999 0.370000 0.370000 0.370000 0.370000 0.370000 0.370000 0.370000 0.370000 0.370000 0.369999 0.369996 0.369996 0.369996 0.369996 0.369994 0.369992 0.369982 0.369959 0.369914 0.369858 0.369821 0.369777 0.369741 0.369692 0.369634 0.369512 0.369309 0.369028 0.368736 0.368565 0.368364 0.368048 0.367542 0.366874 0.365615 0.361681 0.355582 0.346179 0.331046 0.311412 0.289176
-9999.0 -9999.0 -9999.0 -9999.0 -9999.0 0.070883 0.072858 0.075779 0.079837 0.085784 0.096962 0.120304 0.139504 0.165661 0.202218 0.237252 0.267943 0.297710 0.327948 0.347920 0.360550 0.365813 0.368457 0.369442 0.369694 0.369832 0.369871 0.369806 0.369703 0.369461 0.368758 0.367581 0.367139 0.367101 0.367095 0.366927 0.366452 0.365873 0.364993 0.363066 0.360900 0.359633 0.358616 0.357580 0.356459 0.355418 0.354342 0.353164 0.350275 0.347655 0.347542 0.346394 0.345195 0.343932 0.340977 0.337406 0.332735 0.318377 0.303460 0.291560 0.266441 0.243071 0.226444
-9999.0 -9999.0 -9999.0 -9999.0 -9999.0 -9999.0 0.070247 0.071653 0.073409 0.076035 0.080463 0.086504 0.090187 0.097215 0.107536 0.122808 0.145352 0.168316 0.196207 0.229037 0.264824 0.293587 0.319023 0.338500 0.345202 0.349678 0.353280 0.350626 0.347290 0.343397 0.333680 0.330842 0.327306 0.327079 0.326747 0.326458 0.323338 0.319776 0.316182 0.309086 0.305202 0.300886 0.297721 0.294658 0.291467 0.288685 0.286538 0.284415 0.279674 0.280262 0.280399 0.278863 0.276931 0.274817 0.269671 0.262637 0.255620 0.241965 0.230203 0.218598 0.199395 0.185745 0.172772
