tests/Borden05m/data_simulated/sim_1/output-maps/thetaliqL0003N0009.asc
ncols         160
nrows         34
xllcorner     620200.000000
yllcorner     5168000.000000
cellsize      0.500000
NODATA_value  -9999.0
[rows 0 to 27 of 34, columns 63 to 125 of 160]
-9999.0 -9999.0 -9999.0 -9999.0 -9999.0 -9999.0 -9999.0 -9999.0 -9999.0 -9999.0 -9999.0 -9999.0 -9999.0 -9999.0 -9999.0 -9999.0 -9999.0 -9999.0 -9999.0 -9999.0 -9999.0 -9999.0 -9999.0 -9999.0 -9999.0 -9999.0 -9999.0 -9999.0 -9999.0 -9999.0 -9999.0 -9999.0 -9999.0 -9999.0 -9999.0 -9999.0 -9999.0 -9999.0 -9999.0 -9999.0 -9999.0 -9999.0 -9999.0 -9999.0 -9999.0 -9999.0 -9999.0 -9999.0 -9999.0 -9999.0 -9999.0 -9999.0 -9999.0 -9999.0 -9999.0 -9999.0 -9999.0 -9999.0 -9999.0 -9999.0 -9999.0 -9999.0 -9999.0
0.243261 0.241798 0.240000 0.239793 0.240062 0.239719 0.238903 0.239857 0.241068 0.242069 0.243545 0.243145 0.243271 0.243843 0.244000 0.243752 0.243077 0.242675 0.242186 0.243054 0.240959 0.238196 0.236077 0.235670 0.237572 0.238651 0.238360 0.239302 0.241425 0.243165 0.243581 0.245684 0.245135 0.245934 0.247411 0.246249 0.246062 0.246370 0.246976 0.243863 -9999.0 -9999.0 -9999.0 -9999.0 -9999.0 -9999.0 -9999.0 -9999.0 -9999.0 -9999.0 -9999.0 -9999.0 -9999.0 -9999.0 -9999.0 -9999.0 -9999.0 -9999.0 -9999.0 -9999.0 -9999.0 -9999.0 -9999.0
0.238820 0.236624 0.236161 0.234491 0.233752 0.233551 0.232830 0.233303 0.236073 0.237991 0.238469 0.237960 0.237679 0.237005 0.236557 0.236719 0.236062 0.235472 0.234840 0.235101 0.236981 0.234936 0.233928 0.232894 0.231735 0.232123 0.232440 0.232537 0.235100 0.235965 0.236491 0.239881 0.243017 0.243759 0.242400 0.241005 0.241501 0.241538 0.240358 0.239247 0.239538 0.239062 0.238897 0.237659 0.239552 0.239403 0.241406 0.243016 0.244907 0.247861 -9999.0 -9999.0 -9999.0 -9999.0 -9999.0 -9999.0 -9999.0 -9999.0 -9999.0 -9999.0 -9999.0 -9999.0 -9999.0
0.235592 0.234871 0.233225 0.230627 0.233466 0.233033 0.232730 0.233196 0.234082 0.234446 0.234837 0.235410 0.237851 0.237585 0.237337 0.237472 0.237058 0.236286 0.236407 0.236014 0.233920 0.234282 0.234804 0.234306 0.236360 0.236450 0.237677 0.233992 0.234551 0.235320 0.235795 0.236049 0.236405 0.237026 0.235419 0.236660 0.235543 0.232910 0.232468 0.232937 0.235481 0.236797 0.235450 0.230351 0.233040 0.238628 0.238061 0.237008 0.239569 0.242063 0.245744 0.245162 0.244823 0.245265 0.246081 0.243103 0.241343 0.240150 0.235732 -9999.0 -9999.0 -9999.0 -9999.0
0.235465 0.233630 0.231346 0.235788 0.237501 0.236401 0.236868 0.238166 0.238269 0.232681 0.231208 0.233283 0.235424 0.236271 0.235198 0.234677 0.233693 0.233735 0.234383 0.233832 0.234696 0.235398 0.234336 0.235668 0.237222 0.238785 0.235376 0.232271 0.232480 0.235056 0.236859 0.237663 0.240187 0.244274 0.243574 0.242746 0.242528 0.242398 0.237714 0.233373 0.231680 0.230954 0.229660 0.230845 0.229836 0.234366 0.233949 0.233163 0.235205 0.236712 0.238696 0.240113 0.239842 0.240419 0.241227 0.240520 0.238464 0.237532 0.237061 0.235335 0.231488 0.223943 0.224488
0.230448 0.230426 0.234247 0.236157 0.239587 0.238064 0.238100 0.237947 0.234284 0.231538 0.229626 0.235266 0.239663 0.240970 0.239615 0.238433 0.242402 0.241246 0.240833 0.238475 0.239291 0.238740 0.242818 0.244305 0.246470 0.245621 0.241534 0.238083 0.237956 0.238331 0.237858 0.238738 0.241200 0.244375 0.241896 0.241024 0.241656 0.234647 0.229235 0.227532 0.231854 0.234338 0.233987 0.234483 0.234799 0.231854 0.232616 0.232945 0.231470 0.234838 0.238172 0.238464 0.235484 0.234527 0.236020 0.235910 0.236368 0.235240 0.233964 0.233137 0.226147 0.228621 0.224748
0.238021 0.239325 0.241090 0.244573 0.251652 0.249804 0.250096 0.252487 0.248553 0.244921 0.239202 0.245601 0.246812 0.248643 0.248066 0.252695 0.256865 0.254322 0.250863 0.246534 0.249105 0.254528 0.259511 0.260512 0.261002 0.261912 0.258321 0.257536 0.256902 0.257393 0.254881 0.254905 0.258550 0.264986 0.265726 0.262893 0.257018 0.247681 0.239085 0.234527 0.240657 0.239017 0.238322 0.239503 0.236027 0.234108 0.237439 0.234724 0.232601 0.237250 0.237609 0.236841 0.232981 0.237673 0.237043 0.233451 0.231198 0.230150 0.229372 0.227668 0.229548 0.228546 0.225311
0.240157 0.241358 0.246516 0.253665 0.261632 0.265651 0.269571 0.274368 0.270664 0.266876 0.262463 0.263477 0.268580 0.273444 0.279462 0.286901 0.294779 0.293490 0.290128 0.289972 0.291477 0.298649 0.304942 0.307405 0.309066 0.312480 0.310427 0.306464 0.301694 0.296642 0.291926 0.287857 0.293880 0.300261 0.298873 0.285571 0.274464 0.263168 0.252355 0.240396 0.240973 0.243321 0.245615 0.241334 0.239521 0.235775 0.235247 0.235941 0.231489 0.234089 0.234518 0.237570 0.242314 0.243629 0.239694 0.237716 0.235433 0.232934 0.230926 0.232827 0.233620 0.231566 0.229408
0.279316 0.281066 0.287212 0.302891 0.323280 0.343112 0.358529 0.360259 0.356564 0.349144 0.337526 0.331532 0.340130 0.350800 0.359869 0.362583 0.363425 0.363868 0.363859 0.363871 0.363964 0.364053 0.364261 0.364518 0.364775 0.365088 0.365207 0.364838 0.364485 0.364083 0.363694 0.363618 0.363476 0.363744 0.363630 0.361865 0.349527 0.326639 0.306883 0.290466 0.276570 0.277087 0.271474 0.266872 0.261678 0.249154 0.246098 0.244534 0.233898 0.232889 0.236336 0.240877 0.244434 0.238460 0.236073 0.233997 0.231603 0.228336 0.230163 0.232447 0.233282 0.232698 0.232742
0.357180 0.360773 0.362362 0.364069 0.365692 0.367239 0.368320 0.368608 0.368258 0.367764 0.367137 0.366663 0.366827 0.367587 0.368332 0.368809 0.369028 0.369096 0.369069 0.369073 0.369086 0.369128 0.369142 0.369192 0.369278 0.369422 0.369585 0.369568 0.369376 0.369194 0.368924 0.368812 0.368772 0.368629 0.368596 0.368542 0.367533 0.366148 0.364662 0.362899 0.359012 0.340433 0.325712 0.315132 0.295057 0.275557 0.259716 0.249347 0.239231 0.237460 0.249454 0.260680 0.255049 0.253238 0.250252 0.244890 0.240587 0.234684 0.235960 0.237217 0.236673 0.235948 0.235029
0.368252 0.368528 0.368769 0.369093 0.369573 0.369864 0.369956 0.369962 0.369948 0.369924 0.369873 0.369838 0.369819 0.369854 0.369892 0.369938 0.369961 0.369979 0.369981 0.369981 0.369981 0.369981 0.369982 0.369980 0.369985 0.369991 0.369995 0.369996 0.369993 0.369982 0.369959 0.369945 0.369924 0.369890 0.369876 0.369870 0.369862 0.369736 0.369424 0.368692 0.367797 0.366522 0.365688 0.364951 0.364320 0.361834 0.353106 0.329021 0.307974 0.289148 0.299597 0.289430 0.283148 0.276420 0.267552 0.260431 0.254018 0.247055 0.246652 0.247047 0.245809 0.245625 0.244327
0.369930 0.369951 0.369970 0.369987 0.369996 0.370000 0.370000 0.370000 0.370000 0.370000 0.370000 0.370000 0.370000 0.370000 0.370000 0.370000 0.370000 0.370000 0.370000 0.370000 0.370000 0.370000 0.370000 0.370000 0.370000 0.370000 0.370000 0.370000 0.370000 0.370000 0.370000 0.370000 0.370000 0.369999 0.369999 0.369998 0.369998 0.369996 0.369986 0.369938 0.369783 0.369543 0.369304 0.369100 0.368950 0.368793 0.368241 0.367010 0.365306 0.363649 0.362604 0.359725 0.347562 0.326418 0.309173 0.297286 0.279128 0.264458 0.256875 0.255872 0.254770 0.253258 0.250747
0.370000 0.370000 0.370000 0.370000 0.370000 0.370000 0.370000 0.370000 0.370000 0.370000 0.370000 0.370000 0.370000 0.370000 0.370000 0.370000 0.370000 0.370000 0.370000 0.370000 0.370000 0.370000 0.370000 0.370000 0.370000 0.370000 0.370000 0.370000 0.370000 0.370000 0.370000 0.370000 0.370000 0.370000 0.370000 0.370000 0.370000 0.370000 0.370000 0.370000 0.369997 0.369983 0.369966 0.369950 0.369936 0.369923 0.369870 0.369753 0.369534 0.369087 0.368245 0.367828 0.366930 0.365477 0.364373 0.363474 0.358702 0.329052 0.308812 0.299559 0.285389 0.275295 0.269486
0.370000 0.370000 0.370000 0.370000 0.370000 0.370000 0.370000 0.370000 0.370000 0.370000 0.370000 0.370000 0.370000 0.370000 0.370000 0.370000 0.370000 0.370000 0.370000 0.370000 0.370000 0.370000 0.370000 0.370000 0.370000 0.370000 0.370000 0.370000 0.370000 0.370000 0.370000 0.370000 0.370000 0.370000 0.370000 0.370000 0.370000 0.370000 0.370000 0.370000 0.370000 0.370000 0.370000 0.370000 0.370000 0.370000 0.369999 0.369997 0.369984 0.369931 0.369775 0.369605 0.369447 0.369321 0.369185 0.368960 0.368027 0.366128 0.364482 0.363002 0.355622 0.331079 0.314092
0.370000 0.370000 0.370000 0.370000 0.370000 0.370000 0.370000 0.370000 0.370000 0.370000 0.370000 0.370000 0.370000 0.370000 0.370000 0.370000 0.370000 0.370000 0.370000 0.370000 0.370000 0.370000 0.370000 0.370000 0.370000 0.370000 0.370000 0.370000 0.370000 0.370000 0.370000 0.370000 0.370000 0.370000 0.370000 0.370000 0.370000 0.370000 0.370000 0.370000 0.370000 0.370000 0.370000 0.370000 0.370000 0.370000 0.370000 0.370000 0.370000 0.369999 0.369994 0.369972 0.369956 0.369944 0.369929 0.369907 0.369744 0.369398 0.368862 0.368265 0.367292 0.365751 0.364327
0.370000 0.370000 0.370000 0.370000 0.370000 0.370000 0.370000 0.370000 0.370000 0.370000 0.370000 0.370000 0.370000 0.370000 0.370000 0.370000 0.370000 0.370000 0.370000 0.370000 0.370000 0.370000 0.370000 0.370000 0.370000 0.370000 0.370000 0.370000 0.370000 0.370000 0.370000 0.370000 0.370000 0.370000 0.370000 0.370000 0.370000 0.370000 0.370000 0.370000 0.370000 0.370000 0.370000 0.370000 0.370000 0.370000 0.370000 0.370000 0.370000 0.370000 0.370000 0.370000 0.370000 0.370000 0.369999 0.369999 0.369993 0.369960 0.369862 0.369676 0.369388 0.369014 0.368541
0.370000 0.370000 0.370000 0.370000 0.370000 0.370000 0.370000 0.370000 0.370000 0.370000 0.370000 0.370000 0.370000 0.369999 0.369997 0.369996 0.369996 0.369997 0.369999 0.370000 0.370000 0.369999 0.369999 0.369996 0.369992 0.369991 0.369993 0.369997 0.369999 0.370000 0.370000 0.370000 0.369999 0.369999 0.369998 0.369999 0.370000 0.370000 0.370000 0.370000 0.370000 0.370000 0.370000 0.370000 0.370000 0.370000 0.370000 0.370000 0.370000 0.370000 0.370000 0.370000 0.370000 0.370000 0.370000 0.370000 0.370000 0.369999 0.369995 0.369975 0.369936 0.369876 0.369747
0.370000 0.370000 0.370000 0.370000 0.370000 0.370000 0.369999 0.369999 0.369999 0.369999 0.369996 0.369990 0.369971 0.369945 0.369904 0.369878 0.369861 0.369844 0.369886 0.369941 0.369960 0.369922 0.369886 0.369815 0.369767 0.369743 0.369754 0.369819 0.369920 0.369962 0.369970 0.369955 0.369937 0.369927 0.369924 0.369938 0.369970 0.369990 0.369998 0.369999 0.370000 0.370000 0.370000 0.370000 0.370000 0.370000 0.370000 0.370000 0.370000 0.370000 0.370000 0.370000 0.370000 0.370000 0.370000 0.370000 0.370000 0.370000 0.370000 0.370000 0.369998 0.369993 0.369983
0.370000 0.369999 0.369998 0.369971 0.369945 0.369899 0.369841 0.369814 0.369755 0.369719 0.369621 0.369540 0.369397 0.369189 0.368940 0.368690 0.368637 0.368565 0.368463 0.368707 0.368809 0.368730 0.368545 0.368309 0.368182 0.368104 0.368254 0.368632 0.368896 0.369104 0.369175 0.369046 0.369130 0.369223 0.369214 0.369454 0.369623 0.369770 0.369883 0.369947 0.369967 0.369978 0.369987 0.369995 0.369999 0.370000 0.370000 0.370000 0.370000 0.370000 0.370000 0.370000 0.370000 0.370000 0.370000 0.370000 0.370000 0.370000 0.370000 0.370000 0.370000 0.370000 0.370000
0.369975 0.369967 0.369883 0.369578 0.369161 0.368877 0.368441 0.368122 0.367530 0.366352 0.365696 0.365328 0.365452 0.364959 0.364234 0.363624 0.363366 0.363139 0.362302 0.361422 0.362022 0.362832 0.362018 0.360753 0.360700 0.360126 0.360791 0.362669 0.363589 0.363959 0.364313 0.364642 0.364814 0.365139 0.366436 0.367352 0.368037 0.368572 0.369011 0.369378 0.369602 0.369706 0.369797 0.369889 0.369940 0.369975 0.369993 0.369999 0.370000 0.370000 0.370000 0.370000 0.370000 0.370000 0.370000 0.370000 0.370000 0.370000 0.370000 0.370000 0.370000 0.370000 0.370000
0.369443 0.369311 0.368517 0.366966 0.365213 0.364183 0.362899 0.360754 0.347425 0.326362 0.315794 0.316084 0.318979 0.315551 0.306736 0.299213 0.293945 0.288557 0.281043 0.276736 0.280858 0.285063 0.284187 0.283408 0.284633 0.284277 0.283993 0.285305 0.293268 0.298325 0.303291 0.307069 0.309609 0.322818 0.339227 0.354870 0.362595 0.364157 0.365459 0.366939 0.367967 0.368403 0.368815 0.369181 0.369475 0.369683 0.369846 0.369946 0.369981 0.369991 0.369996 0.369999 0.370000 0.370000 0.370000 0.370000 0.370000 0.370000 0.370000 0.370000 0.370000 0.370000 0.370000
0.366086 0.364758 0.362170 0.346433 0.321506 0.307378 0.294985 0.283499 0.272037 0.262659 0.256800 0.260895 0.262836 0.266415 0.260980 0.256690 0.255847 0.251916 0.248466 0.243612 0.247538 0.249126 0.253596 0.252966 0.252953 0.254961 0.253956 0.253707 0.250783 0.253987 0.255638 0.257548 0.265306 0.272524 0.280240 0.287616 0.298121 0.311121 0.327380 0.350204 0.362487 0.364219 0.365398 0.366829 0.367837 0.368399 0.368885 0.369337 0.369625 0.369773 0.369876 0.369931 0.369976 0.369995 0.370000 0.370000 0.370000 0.370000 0.370000 0.370000 0.370000 0.370000 0.370000
0.319079 0.304046 0.283038 0.270518 0.264626 0.258404 0.253858 0.250466 0.244681 0.240773 0.234297 0.236962 0.240461 0.245550 0.241405 0.240937 0.241993 0.239681 0.237221 0.232956 0.233601 0.236967 0.240962 0.240622 0.241350 0.243663 0.243733 0.241880 0.238046 0.238880 0.241142 0.243202 0.247465 0.251354 0.255199 0.258547 0.263651 0.269914 0.276950 0.286697 0.300704 0.312102 0.328688 0.352702 0.362716 0.364060 0.365006 0.366472 0.367638 0.368400 0.368888 0.369179 0.369585 0.369837 0.369963 0.369995 0.370000 0.370000 0.370000 0.370000 0.370000 0.370000 0.370000
0.254554 0.247308 0.244877 0.242401 0.239629 0.237402 0.234930 0.232730 0.231013 0.227963 0.221481 0.224319 0.228101 0.232379 0.232567 0.232162 0.232615 0.231733 0.228828 0.223563 0.225813 0.228942 0.231722 0.232516 0.232981 0.234738 0.233431 0.230760 0.226908 0.228492 0.231304 0.232691 0.234453 0.237182 0.240061 0.242897 0.246240 0.249617 0.254353 0.259815 0.266280 0.273622 0.282017 0.293109 0.301486 0.311109 0.321036 0.338059 0.358061 0.363085 0.364638 0.366034 0.367781 0.368884 0.369528 0.369836 0.369958 0.369987 0.369996 0.369999 0.370000 0.370000 0.370000
0.240660 0.236529 0.234077 0.232228 0.233691 0.232954 0.230127 0.230554 0.229152 0.223948 0.226085 0.227631 0.231970 0.231054 0.230800 0.229777 0.230541 0.229918 0.224738 0.227491 0.228575 0.231522 0.231925 0.232467 0.232877 0.233378 0.232771 0.229095 0.229895 0.230793 0.233426 0.233301 0.234175 0.237077 0.237695 0.239272 0.241632 0.244125 0.247138 0.250875 0.256280 0.261847 0.267227 0.268664 0.272525 0.275925 0.273003 0.280197 0.288183 0.299116 0.313906 0.332925 0.360261 0.364442 0.367190 0.368673 0.369394 0.369785 0.369896 0.369960 0.369988 0.369998 0.370000
0.230359 0.227212 0.223927 0.226149 0.226640 0.226655 0.226161 0.225248 0.223011 0.226031 0.226433 0.226185 0.225839 0.225801 0.226167 0.225642 0.225346 0.225547 0.227766 0.228049 0.227298 0.228037 0.228588 0.229238 0.228325 0.228505 0.228574 0.229373 0.229250 0.228597 0.229832 0.230109 0.230360 0.231485 0.232192 0.233122 0.235080 0.236489 0.238343 0.241858 0.246275 0.249232 0.249296 0.251659 0.252696 0.250525 0.248692 0.252055 0.255528 0.258549 0.265769 0.273459 0.284423 0.313336 0.355252 0.363987 0.366545 0.368303 0.369061 0.369509 0.369751 0.369914 0.369973
0.227769 0.225001 0.224645 0.226330 0.226605 0.226677 0.224947 0.223326 0.225179 0.225879 0.225778 0.225063 0.225811 0.226108 0.227078 0.226140 0.225679 0.225946 0.226173 0.226013 0.226680 0.227130 0.227487 0.229745 0.228462 0.228334 0.229118 0.228756 0.228481 0.227817 0.229278 0.229731 0.229774 0.230960 0.231578 0.232238 0.233251 0.235070 0.238780 0.241505 0.245210 0.248797 0.249225 0.249684 0.248699 0.247845 0.243629 0.243520 0.247803 0.246702 0.249809 0.255397 0.255741 0.269171 0.289816 0.310702 0.341567 0.362176 0.365795 0.367616 0.368635 0.369289 0.369681
0.224421 0.224862 0.223537 0.224025 0.223949 0.223082 0.222008 0.223429 0.223365 0.223254 0.223358 0.222945 0.223650 0.224206 0.224771 0.224438 0.224371 0.223356 0.223317 0.224329 0.224398 0.224987 0.226293 0.228076 0.226853 0.226596 0.226607 0.226163 0.226194 0.225487 0.226707 0.227613 0.227791 0.229303 0.229872 0.228909 0.230535 0.233420 0.236286 0.238105 0.241192 0.246380 0.244511 0.244251 0.244983 0.241532 0.237354 0.237285 0.238652 0.237462 0.240217 0.241820 0.241399 0.248463 0.254455 0.262241 0.274862 0.299724 0.333051 0.360842 0.364495 0.366663 0.368137
