tests/Borden05m/data_simulated/sim_1/output-maps/thetaliqL0004N0004.asc
ncols         160
nrows         34
xllcorner     620200.000000
yllcorner     5168000.000000
cellsize      0.500000
NODATA_value  -9999.0
[rows 0 to 27 of 34, columns 63 to 125 of 160]
-9999.0 -9999.0 -9999.0 -9999.0 -9999.0 -9999.0 -9999.0 -9999.0 -9999.0 -9999.0 -9999.0 -9999.0 -9999.0 -9999.0 -9999.0 -9999.0 -9999.0 -9999.0 -9999.0 -9999.0 -9999.0 -9999.0 -9999.0 -9999.0 -9999.0 -9999.0 -9999.0 -9999.0 -9999.0 -9999.0 -9999.0 -9999.0 -9999.0 -9999.0 -9999.0 -9999.0 -9999.0 -9999.0 -9999.0 -9999.0 -9999.0 -9999.0 -9999.0 -9999.0 -9999.0 -9999.0 -9999.0 -9999.0 -9999.0 -9999.0 -9999.0 -9999.0 -9999.0 -9999.0 -9999.0 -9999.0 -9999.0 -9999.0 -9999.0 -9999.0 -9999.0 -9999.0 -9999.0
0.103262 0.101392 0.099643 0.098958 0.098829 0.098614 0.098415 0.099355 0.100776 0.102185 0.103681 0.104026 0.104478 0.105003 0.105120 0.104810 0.104080 0.103404 0.102704 0.102579 0.100797 0.098558 0.096912 0.096454 0.097362 0.098189 0.098541 0.099668 0.101810 0.104050 0.105770 0.108486 0.109544 0.110854 0.111923 0.110874 0.110112 0.109441 0.108665 0.105958 -9999.0 -9999.0 -9999.0 -9999.0 -9999.0 -9999.0 -9999.0 -9999.0 -9999.0 -9999.0 -9999.0 -9999.0 -9999.0 -9999.0 -9999.0 -9999.0 -9999.0 -9999.0 -9999.0 -9999.0 -9999.0 -9999.0 -9999.0
0.099835 0.098107 0.097190 0.096152 0.095815 0.095754 0.095652 0.096287 0.098032 0.099509 0.100335 0.100640 0.100986 0.100952 0.100803 0.100733 0.100146 0.099498 0.098859 0.098595 0.098784 0.097352 0.096463 0.095888 0.095632 0.096015 0.096377 0.096795 0.098594 0.100075 0.101596 0.104620 0.107522 0.108761 0.108117 0.106919 0.106320 0.105184 0.103280 0.101311 0.099572 0.098383 0.097600 0.096757 0.097945 0.098889 0.100904 0.102994 0.105559 0.108514 -9999.0 -9999.0 -9999.0 -9999.0 -9999.0 -9999.0 -9999.0 -9999.0 -9999.0 -9999.0 -9999.0 -9999.0 -9999.0
0.097391 0.096691 0.095781 0.094969 0.096273 0.096365 0.096475 0.096965 0.097595 0.097885 0.098350 0.099231 0.100990 0.101370 0.101401 0.101416 0.101032 0.100393 0.100100 0.099583 0.098486 0.098402 0.098547 0.098527 0.099645 0.099896 0.100236 0.098608 0.099189 0.100336 0.101606 0.102987 0.104430 0.105556 0.104823 0.104736 0.103108 0.100432 0.098519 0.097243 0.097129 0.096881 0.095687 0.093568 0.094779 0.097709 0.098376 0.098893 0.101262 0.103829 0.106361 0.106621 0.106526 0.106556 0.106228 0.103180 0.100431 0.097997 0.094803 -9999.0 -9999.0 -9999.0 -9999.0
0.097584 0.096872 0.096438 0.098934 0.100671 0.100762 0.101273 0.101960 0.101647 0.098826 0.098203 0.099817 0.101855 0.103015 0.102873 0.102776 0.102420 0.102213 0.102157 0.101621 0.101953 0.102526 0.102623 0.103796 0.105072 0.105793 0.103573 0.101517 0.101580 0.103260 0.104990 0.106614 0.109388 0.112797 0.112409 0.110993 0.109071 0.106282 0.101344 0.097596 0.095935 0.095038 0.094042 0.094024 0.093747 0.095645 0.095899 0.096082 0.097674 0.099513 0.101477 0.102711 0.102634 0.102669 0.102395 0.100715 0.098123 0.095901 0.093733 0.090661 0.087464 0.084408 0.084419
0.097874 0.098452 0.101151 0.103885 0.107384 0.107654 0.108127 0.107998 0.105392 0.103054 0.101976 0.105495 0.109284 0.111289 0.111317 0.111427 0.114099 0.113267 0.112369 0.110613 0.111315 0.112099 0.115741 0.117894 0.119981 0.119253 0.115536 0.112427 0.111893 0.112285 0.112567 0.114133 0.117308 0.120795 0.119201 0.117072 0.114449 0.106871 0.100843 0.097857 0.098503 0.098939 0.098261 0.097887 0.097370 0.095891 0.095966 0.095994 0.095810 0.098008 0.100397 0.101057 0.099727 0.099076 0.098930 0.097572 0.096095 0.093963 0.091797 0.089719 0.086322 0.085961 0.084976
0.106976 0.108899 0.112154 0.117422 0.125488 0.126272 0.127520 0.129416 0.125297 0.121085 0.116870 0.121860 0.124813 0.127997 0.129188 0.134234 0.138755 0.136097 0.132044 0.128129 0.130683 0.136961 0.143678 0.146226 0.147456 0.148033 0.143435 0.141342 0.140003 0.140052 0.137939 0.138903 0.144431 0.152856 0.153597 0.148029 0.137735 0.124134 0.113142 0.107264 0.108833 0.107365 0.106182 0.105460 0.102339 0.100074 0.100437 0.098583 0.097392 0.099766 0.100840 0.101117 0.099690 0.101226 0.099845 0.096709 0.094054 0.091982 0.090272 0.088599 0.088074 0.087120 0.086154
0.119596 0.122196 0.128638 0.138370 0.149884 0.156348 0.160711 0.166009 0.161842 0.156834 0.151743 0.153761 0.160929 0.168046 0.175473 0.183713 0.192488 0.188098 0.181457 0.180106 0.182497 0.193927 0.204440 0.208253 0.210304 0.215030 0.211242 0.204913 0.197898 0.191243 0.185625 0.181760 0.192405 0.203709 0.202850 0.185428 0.170617 0.152684 0.136248 0.122932 0.121094 0.121531 0.121494 0.116538 0.112404 0.107402 0.104904 0.103293 0.100048 0.101068 0.102235 0.104739 0.107510 0.107492 0.103719 0.100413 0.097101 0.094173 0.092155 0.091860 0.091407 0.090152 0.089285
0.173544 0.176061 0.183229 0.203168 0.232525 0.258497 0.284071 0.288314 0.276867 0.265703 0.249837 0.241293 0.252733 0.265026 0.278575 0.292874 0.306881 0.316813 0.317284 0.317722 0.319990 0.322473 0.327550 0.334395 0.341698 0.349177 0.352037 0.345242 0.335879 0.323819 0.311579 0.306923 0.303038 0.308193 0.308157 0.290130 0.263215 0.235857 0.206662 0.184344 0.169964 0.171489 0.163219 0.154402 0.143814 0.127849 0.121099 0.116170 0.107568 0.106429 0.109499 0.113717 0.116018 0.111177 0.107230 0.103199 0.099270 0.095752 0.095012 0.095088 0.094777 0.093972 0.093648
0.274391 0.279561 0.287871 0.323040 0.358178 0.369854 0.369989 0.369996 0.369994 0.369987 0.369948 0.369394 0.369303 0.369952 0.369992 0.369998 0.369999 0.369999 0.369999 0.369999 0.369999 0.369999 0.370000 0.370000 0.370000 0.370000 0.370000 0.370000 0.370000 0.370000 0.369999 0.369998 0.369998 0.369998 0.369997 0.369995 0.369920 0.364650 0.337842 0.300491 0.272598 0.251344 0.235276 0.220083 0.188989 0.163876 0.146111 0.133381 0.122626 0.120734 0.131295 0.142979 0.137802 0.133296 0.126726 0.118401 0.111412 0.105030 0.103659 0.103188 0.102060 0.100844 0.099665
0.369994 0.369996 0.369997 0.369999 0.370000 0.370000 0.370000 0.370000 0.370000 0.370000 0.370000 0.370000 0.370000 0.370000 0.370000 0.370000 0.370000 0.370000 0.370000 0.370000 0.370000 0.370000 0.370000 0.370000 0.370000 0.370000 0.370000 0.370000 0.370000 0.370000 0.370000 0.370000 0.370000 0.370000 0.370000 0.370000 0.370000 0.370000 0.370000 0.369996 0.369906 0.363989 0.352002 0.339710 0.327241 0.287893 0.265681 0.235203 0.203003 0.179967 0.201804 0.193256 0.185694 0.174499 0.159291 0.146249 0.134692 0.124358 0.120873 0.119294 0.116973 0.115245 0.112821
0.370000 0.370000 0.370000 0.370000 0.370000 0.370000 0.370000 0.370000 0.370000 0.370000 0.370000 0.370000 0.370000 0.370000 0.370000 0.370000 0.370000 0.370000 0.370000 0.370000 0.370000 0.370000 0.370000 0.370000 0.370000 0.370000 0.370000 0.370000 0.370000 0.370000 0.370000 0.370000 0.370000 0.370000 0.370000 0.370000 0.370000 0.370000 0.370000 0.370000 0.370000 0.370000 0.370000 0.370000 0.370000 0.369999 0.369994 0.369895 0.354804 0.313166 0.287785 0.275063 0.262395 0.238674 0.214920 0.197945 0.175023 0.155902 0.145049 0.141789 0.138648 0.134798 0.130047
0.370000 0.370000 0.370000 0.370000 0.370000 0.370000 0.370000 0.370000 0.370000 0.370000 0.370000 0.370000 0.370000 0.370000 0.370000 0.370000 0.370000 0.370000 0.370000 0.370000 0.370000 0.370000 0.370000 0.370000 0.370000 0.370000 0.370000 0.370000 0.370000 0.370000 0.370000 0.370000 0.370000 0.370000 0.370000 0.370000 0.370000 0.370000 0.370000 0.370000 0.370000 0.370000 0.370000 0.370000 0.370000 0.370000 0.370000 0.370000 0.370000 0.370000 0.369987 0.369875 0.364463 0.344968 0.326070 0.310868 0.273288 0.236754 0.212675 0.203625 0.188457 0.174919 0.165032
0.370000 0.370000 0.370000 0.370000 0.370000 0.370000 0.370000 0.370000 0.370000 0.370000 0.370000 0.370000 0.370000 0.370000 0.370000 0.370000 0.370000 0.370000 0.370000 0.370000 0.370000 0.370000 0.370000 0.370000 0.370000 0.370000 0.370000 0.370000 0.370000 0.370000 0.370000 0.370000 0.370000 0.370000 0.370000 0.370000 0.370000 0.370000 0.370000 0.370000 0.370000 0.370000 0.370000 0.370000 0.370000 0.370000 0.370000 0.370000 0.370000 0.370000 0.370000 0.370000 0.370000 0.370000 0.370000 0.369999 0.369932 0.359242 0.323893 0.296909 0.266960 0.245672 0.227857
0.370000 0.370000 0.370000 0.370000 0.370000 0.370000 0.370000 0.370000 0.370000 0.370000 0.370000 0.370000 0.370000 0.370000 0.370000 0.370000 0.370000 0.370000 0.370000 0.370000 0.370000 0.370000 0.370000 0.370000 0.370000 0.370000 0.370000 0.370000 0.370000 0.370000 0.370000 0.370000 0.370000 0.370000 0.370000 0.370000 0.370000 0.370000 0.370000 0.370000 0.370000 0.370000 0.370000 0.370000 0.370000 0.370000 0.370000 0.370000 0.370000 0.370000 0.370000 0.370000 0.370000 0.370000 0.370000 0.370000 0.370000 0.370000 0.369999 0.369956 0.364631 0.338670 0.311471
0.370000 0.370000 0.370000 0.370000 0.370000 0.370000 0.370000 0.370000 0.370000 0.370000 0.370000 0.370000 0.370000 0.370000 0.370000 0.370000 0.370000 0.370000 0.370000 0.370000 0.370000 0.370000 0.370000 0.370000 0.370000 0.370000 0.370000 0.370000 0.370000 0.370000 0.370000 0.370000 0.370000 0.370000 0.370000 0.370000 0.370000 0.370000 0.370000 0.370000 0.370000 0.370000 0.370000 0.370000 0.370000 0.370000 0.370000 0.370000 0.370000 0.370000 0.370000 0.370000 0.370000 0.370000 0.370000 0.370000 0.370000 0.370000 0.370000 0.370000 0.370000 0.370000 0.369981
0.370000 0.370000 0.370000 0.370000 0.370000 0.370000 0.370000 0.370000 0.370000 0.370000 0.370000 0.370000 0.370000 0.370000 0.370000 0.370000 0.370000 0.370000 0.370000 0.370000 0.370000 0.370000 0.370000 0.370000 0.370000 0.370000 0.370000 0.370000 0.370000 0.370000 0.370000 0.370000 0.370000 0.370000 0.370000 0.370000 0.370000 0.370000 0.370000 0.370000 0.370000 0.370000 0.370000 0.370000 0.370000 0.370000 0.370000 0.370000 0.370000 0.370000 0.370000 0.370000 0.370000 0.370000 0.370000 0.370000 0.370000 0.370000 0.370000 0.370000 0.370000 0.370000 0.370000
0.370000 0.370000 0.370000 0.370000 0.370000 0.370000 0.370000 0.370000 0.370000 0.370000 0.370000 0.370000 0.370000 0.370000 0.370000 0.370000 0.370000 0.370000 0.370000 0.370000 0.370000 0.370000 0.370000 0.370000 0.370000 0.370000 0.370000 0.370000 0.370000 0.370000 0.370000 0.370000 0.370000 0.370000 0.370000 0.370000 0.370000 0.370000 0.370000 0.370000 0.370000 0.370000 0.370000 0.370000 0.370000 0.370000 0.370000 0.370000 0.370000 0.370000 0.370000 0.370000 0.370000 0.370000 0.370000 0.370000 0.370000 0.370000 0.370000 0.370000 0.370000 0.370000 0.370000
0.370000 0.370000 0.370000 0.370000 0.370000 0.370000 0.370000 0.370000 0.370000 0.370000 0.370000 0.370000 0.370000 0.370000 0.370000 0.369998 0.369998 0.369997 0.369995 0.369997 0.369998 0.369998 0.369997 0.369995 0.369995 0.369994 0.369995 0.369998 0.369999 0.370000 0.370000 0.370000 0.370000 0.370000 0.370000 0.370000 0.370000 0.370000 0.370000 0.370000 0.370000 0.370000 0.370000 0.370000 0.370000 0.370000 0.370000 0.370000 0.370000 0.370000 0.370000 0.370000 0.370000 0.370000 0.370000 0.370000 0.370000 0.370000 0.370000 0.370000 0.370000 0.370000 0.370000
0.370000 0.370000 0.370000 0.370000 0.370000 0.369999 0.369996 0.369988 0.369941 0.367674 0.360623 0.354052 0.353047 0.341110 0.322161 0.304964 0.297032 0.292069 0.282016 0.280214 0.285020 0.293741 0.284132 0.277824 0.278857 0.275675 0.274352 0.286605 0.304806 0.315462 0.324043 0.330139 0.332278 0.335300 0.353385 0.363994 0.369806 0.369991 0.369999 0.370000 0.370000 0.370000 0.370000 0.370000 0.370000 0.370000 0.370000 0.370000 0.370000 0.370000 0.370000 0.370000 0.370000 0.370000 0.370000 0.370000 0.370000 0.370000 0.370000 0.370000 0.370000 0.370000 0.370000
0.370000 0.370000 0.369989 0.368961 0.342276 0.317990 0.292331 0.277919 0.258794 0.231731 0.216165 0.217655 0.223685 0.219973 0.207645 0.197612 0.190748 0.183383 0.173984 0.168573 0.173622 0.179350 0.180662 0.181501 0.183808 0.183914 0.182781 0.181398 0.188880 0.194775 0.201695 0.207612 0.212460 0.233007 0.253222 0.266398 0.285195 0.306456 0.331486 0.355309 0.368769 0.369972 0.369998 0.370000 0.370000 0.370000 0.370000 0.370000 0.370000 0.370000 0.370000 0.370000 0.370000 0.370000 0.370000 0.370000 0.370000 0.370000 0.370000 0.370000 0.370000 0.370000 0.370000
0.363355 0.341454 0.297142 0.252366 0.226890 0.208373 0.191682 0.176315 0.160098 0.146311 0.138214 0.141682 0.144841 0.149083 0.142773 0.137188 0.134563 0.129153 0.124280 0.119764 0.122810 0.125709 0.130957 0.131825 0.132763 0.134985 0.134116 0.133320 0.130952 0.134455 0.137909 0.142612 0.154328 0.167454 0.181495 0.193990 0.207401 0.223782 0.243300 0.264229 0.286783 0.305065 0.324876 0.347664 0.366533 0.369959 0.369999 0.370000 0.370000 0.370000 0.370000 0.370000 0.370000 0.370000 0.370000 0.370000 0.370000 0.370000 0.370000 0.370000 0.370000 0.370000 0.370000
0.220444 0.196657 0.169146 0.156564 0.147550 0.137761 0.129844 0.123096 0.115129 0.109259 0.104021 0.105165 0.108006 0.111675 0.109122 0.107950 0.107405 0.104765 0.102008 0.099275 0.099954 0.102794 0.106383 0.107501 0.108807 0.110696 0.110673 0.109085 0.106820 0.108016 0.111006 0.114834 0.121201 0.128476 0.136353 0.144188 0.154120 0.165978 0.179436 0.195839 0.214693 0.228476 0.247499 0.268983 0.288579 0.303503 0.324378 0.352909 0.368390 0.369972 0.369999 0.370000 0.370000 0.370000 0.370000 0.370000 0.370000 0.370000 0.370000 0.370000 0.370000 0.370000 0.370000
0.133917 0.123258 0.117321 0.112505 0.108109 0.104211 0.100443 0.097136 0.094218 0.091304 0.088479 0.089249 0.091086 0.093142 0.093306 0.092889 0.092574 0.091518 0.089755 0.087941 0.088910 0.090859 0.092959 0.094216 0.095116 0.096198 0.095643 0.094252 0.092847 0.093940 0.096249 0.098614 0.101762 0.106001 0.110837 0.116208 0.122622 0.129913 0.139232 0.150287 0.163064 0.177000 0.192116 0.209048 0.217493 0.226834 0.235986 0.252616 0.270753 0.293669 0.319600 0.346602 0.369603 0.369997 0.370000 0.370000 0.370000 0.370000 0.370000 0.370000 0.370000 0.370000 0.370000
0.106526 0.100669 0.096771 0.094108 0.093000 0.091228 0.088888 0.087649 0.086057 0.083929 0.083940 0.084419 0.085938 0.086088 0.086119 0.085759 0.085760 0.085277 0.083771 0.084369 0.085085 0.086644 0.087647 0.088549 0.089207 0.089689 0.089508 0.088306 0.088570 0.089389 0.091239 0.092560 0.094581 0.097835 0.100600 0.104174 0.108757 0.114139 0.120710 0.128773 0.139051 0.149917 0.160259 0.165503 0.172000 0.176783 0.173637 0.183545 0.193943 0.205370 0.223219 0.242580 0.271852 0.317956 0.365447 0.369985 0.370000 0.370000 0.370000 0.370000 0.370000 0.370000 0.370000
0.091051 0.087779 0.085311 0.084739 0.084038 0.083251 0.082345 0.081458 0.080489 0.080703 0.080636 0.080623 0.080735 0.080893 0.081055 0.080940 0.080849 0.080869 0.081351 0.081608 0.081831 0.082555 0.083307 0.084032 0.084212 0.084525 0.084702 0.084973 0.085134 0.085403 0.086466 0.087496 0.088766 0.090632 0.092656 0.095129 0.098511 0.102309 0.107008 0.113282 0.120777 0.127232 0.130551 0.134466 0.136327 0.134615 0.133017 0.136919 0.142306 0.147876 0.158741 0.171252 0.185216 0.219823 0.264658 0.316043 0.358675 0.369945 0.370000 0.370000 0.370000 0.370000 0.370000
0.084085 0.082047 0.080948 0.080618 0.080165 0.079703 0.078929 0.078293 0.078377 0.078373 0.078286 0.078157 0.078372 0.078542 0.078815 0.078681 0.078632 0.078757 0.078948 0.079152 0.079608 0.080149 0.080750 0.081738 0.081812 0.082046 0.082437 0.082537 0.082680 0.082868 0.083773 0.084625 0.085554 0.087067 0.088713 0.090719 0.093372 0.096941 0.101990 0.107306 0.113581 0.119584 0.122169 0.123628 0.123049 0.121419 0.117630 0.117672 0.121633 0.122813 0.127938 0.136340 0.141915 0.162284 0.193026 0.218501 0.250842 0.289524 0.338980 0.367030 0.369982 0.370000 0.370000
0.079725 0.078936 0.078041 0.077662 0.077310 0.076894 0.076500 0.076563 0.076464 0.076393 0.076369 0.076287 0.076440 0.076617 0.076799 0.076811 0.076877 0.076838 0.077008 0.077400 0.077702 0.078189 0.078890 0.079700 0.079802 0.080014 0.080263 0.080386 0.080589 0.080715 0.081402 0.082163 0.082898 0.084226 0.085640 0.087055 0.089667 0.093313 0.097637 0.101975 0.107161 0.113190 0.113740 0.114088 0.114061 0.110591 0.106758 0.105834 0.106730 0.106855 0.109479 0.112763 0.116004 0.126051 0.137918 0.152410 0.173267 0.206442 0.247101 0.276945 0.313632 0.352044 0.369852
