tests/Borden05m/data_simulated/sim_1/output-maps/thetaliqL0006N0009.asc
ncols         160
nrows         34
xllcorner     620200.000000
yllcorner     5168000.000000
cellsize      0.500000
NODATA_value  -9999.0
[rows 0 to 27 of 34, columns 63 to 125 of 160]
-9999.0 -9999.0 -9999.0 -9999.0 -9999.0 -9999.0 -9999.0 -9999.0 -9999.0 -9999.0 -9999.0 -9999.0 -9999.0 -9999.0 -9999.0 -9999.0 -9999.0 -9999.0 -9999.0 -9999.0 -9999.0 -9999.0 -9999.0 -9999.0 -9999.0 -9999.0 -9999.0 -9999.0 -9999.0 -9999.0 -9999.0 -9999.0 -9999.0 -9999.0 -9999.0 -9999.0 -9999.0 -9999.0 -9999.0 -9999.0 -9999.0 -9999.0 -9999.0 -9999.0 -9999.0 -9999.0 -9999.0 -9999.0 -9999.0 -9999.0 -9999.0 -9999.0 -9999.0 -9999.0 -9999.0 -9999.0 -9999.0 -9999.0 -9999.0 -9999.0 -9999.0 -9999.0 -9999.0
0.184371 0.178149 0.172477 0.169925 0.169266 0.168625 0.168297 0.171440 0.176281 0.181105 0.185869 0.187395 0.188994 0.190581 0.190914 0.189934 0.187632 0.185347 0.183011 0.182026 0.176483 0.169305 0.163930 0.162319 0.164933 0.167617 0.169156 0.173006 0.180045 0.187454 0.193520 0.202027 0.206074 0.210084 0.212782 0.209891 0.207399 0.204891 0.201742 0.193915 -9999.0 -9999.0 -9999.0 -9999.0 -9999.0 -9999.0 -9999.0 -9999.0 -9999.0 -9999.0 -9999.0 -9999.0 -9999.0 -9999.0 -9999.0 -9999.0 -9999.0 -9999.0 -9999.0 -9999.0 -9999.0 -9999.0 -9999.0
0.173833 0.168272 0.164909 0.161628 0.160614 0.160473 0.160394 0.162693 0.168298 0.173089 0.176028 0.177467 0.178945 0.179082 0.178723 0.178390 0.176467 0.174256 0.172091 0.170957 0.170830 0.166226 0.163156 0.161327 0.160766 0.162126 0.163432 0.165085 0.170941 0.176230 0.181734 0.191340 0.200163 0.204104 0.202536 0.199024 0.196611 0.192434 0.186009 0.179207 0.172472 0.168137 0.165122 0.162387 0.166050 0.169901 0.176523 0.183446 0.191817 0.200605 -9999.0 -9999.0 -9999.0 -9999.0 -9999.0 -9999.0 -9999.0 -9999.0 -9999.0 -9999.0 -9999.0 -9999.0 -9999.0
0.165980 0.163595 0.160757 0.158554 0.162579 0.163141 0.163702 0.165441 0.167469 0.168537 0.170160 0.173328 0.178912 0.180505 0.180745 0.180739 0.179479 0.177414 0.176234 0.174435 0.171162 0.170637 0.170935 0.171043 0.174373 0.175307 0.176049 0.171559 0.173587 0.177639 0.182228 0.187194 0.192272 0.195946 0.193955 0.193157 0.187679 0.178785 0.171694 0.166572 0.165046 0.163404 0.159307 0.153101 0.156808 0.165654 0.168583 0.171079 0.178811 0.187095 0.194226 0.195567 0.195409 0.195245 0.193540 0.184099 0.174664 0.165833 0.155526 -9999.0 -9999.0 -9999.0 -9999.0
0.166884 0.164936 0.164139 0.171837 0.177691 0.178580 0.180304 0.182309 0.181154 0.172985 0.171195 0.176540 0.183340 0.187282 0.187238 0.187100 0.186126 0.185346 0.184891 0.183147 0.183974 0.185780 0.186493 0.190188 0.194176 0.196088 0.189661 0.183290 0.183499 0.188713 0.194287 0.199744 0.208218 0.217600 0.216688 0.212388 0.205910 0.196092 0.180215 0.167852 0.162025 0.158711 0.155239 0.154771 0.153999 0.159667 0.160866 0.161959 0.167214 0.173633 0.180166 0.184075 0.183893 0.183699 0.182229 0.176222 0.167294 0.158990 0.150460 0.138796 0.127566 0.118349 0.118151
0.170147 0.172309 0.180927 0.190278 0.201236 0.202924 0.204597 0.204227 0.196621 0.189137 0.185891 0.196587 0.208113 0.214371 0.215063 0.215804 0.222664 0.220665 0.218081 0.213372 0.215357 0.218046 0.227815 0.233897 0.239275 0.237586 0.227949 0.219256 0.217564 0.218799 0.220049 0.224756 0.233581 0.242458 0.238741 0.232670 0.224200 0.201706 0.181854 0.171087 0.171919 0.172514 0.170012 0.168339 0.166221 0.161818 0.161782 0.161706 0.161608 0.168754 0.176393 0.178743 0.175051 0.172964 0.171700 0.166489 0.160388 0.152392 0.144233 0.136080 0.125302 0.122786 0.120326
0.200763 0.206914 0.217205 0.232444 0.252576 0.255841 0.259237 0.262958 0.253882 0.243526 0.233283 0.245775 0.253738 0.261543 0.264941 0.275340 0.284057 0.279807 0.272176 0.264269 0.269833 0.282211 0.294427 0.299293 0.301755 0.302482 0.295212 0.290938 0.288133 0.287706 0.284037 0.285946 0.295232 0.307187 0.307564 0.298769 0.280398 0.250589 0.221094 0.203128 0.206086 0.201629 0.197610 0.194510 0.184689 0.177061 0.176947 0.171103 0.167415 0.174504 0.178465 0.179840 0.176049 0.179722 0.174780 0.164158 0.154623 0.146753 0.140131 0.133966 0.131030 0.127557 0.124907
0.241508 0.249021 0.265022 0.286098 0.306955 0.317966 0.325165 0.331153 0.326381 0.319476 0.312013 0.314932 0.324148 0.332808 0.340735 0.348168 0.353999 0.352528 0.349100 0.348289 0.350292 0.356547 0.360897 0.362412 0.363221 0.364323 0.363331 0.361406 0.358722 0.355557 0.352239 0.349860 0.355174 0.359484 0.358633 0.349162 0.335121 0.311734 0.282079 0.251862 0.246039 0.245546 0.244130 0.231035 0.218405 0.203157 0.194646 0.188396 0.178143 0.181055 0.185173 0.192905 0.200348 0.199736 0.188086 0.176578 0.164802 0.154351 0.147126 0.144996 0.142726 0.138565 0.135961
0.337661 0.341403 0.348862 0.360389 0.367772 0.369712 0.369964 0.369978 0.369954 0.369871 0.369520 0.369166 0.369680 0.369912 0.369977 0.369991 0.369996 0.369997 0.369997 0.369997 0.369997 0.369998 0.369999 0.369999 0.369999 0.370000 0.370000 0.369999 0.369999 0.369998 0.369997 0.369996 0.369996 0.369997 0.369997 0.369987 0.369870 0.368413 0.361940 0.349608 0.335899 0.333646 0.323718 0.311011 0.293144 0.261598 0.243955 0.229359 0.205063 0.201340 0.210237 0.221994 0.227806 0.214857 0.202230 0.188568 0.174757 0.162431 0.158767 0.158087 0.156462 0.153466 0.152126
0.369967 0.369983 0.369990 0.369998 0.370000 0.370000 0.370000 0.370000 0.370000 0.370000 0.370000 0.370000 0.370000 0.370000 0.370000 0.370000 0.370000 0.370000 0.370000 0.370000 0.370000 0.370000 0.370000 0.370000 0.370000 0.370000 0.370000 0.370000 0.370000 0.370000 0.370000 0.370000 0.370000 0.370000 0.370000 0.370000 0.370000 0.370000 0.369999 0.369993 0.369967 0.369695 0.368455 0.365616 0.354394 0.332812 0.306322 0.280066 0.253332 0.247182 0.269462 0.289774 0.281402 0.271330 0.255929 0.234605 0.214161 0.194572 0.189103 0.186806 0.182863 0.178571 0.174538
0.370000 0.370000 0.370000 0.370000 0.370000 0.370000 0.370000 0.370000 0.370000 0.370000 0.370000 0.370000 0.370000 0.370000 0.370000 0.370000 0.370000 0.370000 0.370000 0.370000 0.370000 0.370000 0.370000 0.370000 0.370000 0.370000 0.370000 0.370000 0.370000 0.370000 0.370000 0.370000 0.370000 0.370000 0.370000 0.370000 0.370000 0.370000 0.370000 0.370000 0.370000 0.370000 0.370000 0.370000 0.369999 0.369982 0.369883 0.368315 0.361041 0.348960 0.357217 0.352481 0.345945 0.335279 0.317997 0.297934 0.275421 0.251706 0.241771 0.236569 0.229808 0.224275 0.216988
0.370000 0.370000 0.370000 0.370000 0.370000 0.370000 0.370000 0.370000 0.370000 0.370000 0.370000 0.370000 0.370000 0.370000 0.370000 0.370000 0.370000 0.370000 0.370000 0.370000 0.370000 0.370000 0.370000 0.370000 0.370000 0.370000 0.370000 0.370000 0.370000 0.370000 0.370000 0.370000 0.370000 0.370000 0.370000 0.370000 0.370000 0.370000 0.370000 0.370000 0.370000 0.370000 0.370000 0.370000 0.370000 0.370000 0.370000 0.370000 0.370000 0.369996 0.369992 0.369979 0.369878 0.368757 0.364563 0.357406 0.340717 0.317250 0.299152 0.291280 0.283828 0.275165 0.264370
0.370000 0.370000 0.370000 0.370000 0.370000 0.370000 0.370000 0.370000 0.370000 0.370000 0.370000 0.370000 0.370000 0.370000 0.370000 0.370000 0.370000 0.370000 0.370000 0.370000 0.370000 0.370000 0.370000 0.370000 0.370000 0.370000 0.370000 0.370000 0.370000 0.370000 0.370000 0.370000 0.370000 0.370000 0.370000 0.370000 0.370000 0.370000 0.370000 0.370000 0.370000 0.370000 0.370000 0.370000 0.370000 0.370000 0.370000 0.370000 0.370000 0.370000 0.370000 0.370000 0.370000 0.370000 0.369999 0.369996 0.369958 0.368849 0.364119 0.359177 0.349204 0.336561 0.324577
0.370000 0.370000 0.370000 0.370000 0.370000 0.370000 0.370000 0.370000 0.370000 0.370000 0.370000 0.370000 0.370000 0.370000 0.370000 0.370000 0.370000 0.370000 0.370000 0.370000 0.370000 0.370000 0.370000 0.370000 0.370000 0.370000 0.370000 0.370000 0.370000 0.370000 0.370000 0.370000 0.370000 0.370000 0.370000 0.370000 0.370000 0.370000 0.370000 0.370000 0.370000 0.370000 0.370000 0.370000 0.370000 0.370000 0.370000 0.370000 0.370000 0.370000 0.370000 0.370000 0.370000 0.370000 0.370000 0.370000 0.370000 0.370000 0.369999 0.369995 0.369953 0.369291 0.366636
0.370000 0.370000 0.370000 0.370000 0.370000 0.370000 0.370000 0.370000 0.370000 0.370000 0.370000 0.370000 0.370000 0.370000 0.370000 0.370000 0.370000 0.370000 0.370000 0.370000 0.370000 0.370000 0.370000 0.370000 0.370000 0.370000 0.370000 0.370000 0.370000 0.370000 0.370000 0.370000 0.370000 0.370000 0.370000 0.370000 0.370000 0.370000 0.370000 0.370000 0.370000 0.370000 0.370000 0.370000 0.370000 0.370000 0.370000 0.370000 0.370000 0.370000 0.370000 0.370000 0.370000 0.370000 0.370000 0.370000 0.370000 0.370000 0.370000 0.370000 0.370000 0.370000 0.369999
0.370000 0.370000 0.370000 0.370000 0.370000 0.370000 0.370000 0.370000 0.370000 0.370000 0.370000 0.370000 0.370000 0.370000 0.370000 0.370000 0.370000 0.370000 0.370000 0.370000 0.370000 0.370000 0.370000 0.370000 0.370000 0.370000 0.370000 0.370000 0.370000 0.370000 0.370000 0.370000 0.370000 0.370000 0.370000 0.370000 0.370000 0.370000 0.370000 0.370000 0.370000 0.370000 0.370000 0.370000 0.370000 0.370000 0.370000 0.370000 0.370000 0.370000 0.370000 0.370000 0.370000 0.370000 0.370000 0.370000 0.370000 0.370000 0.370000 0.370000 0.370000 0.370000 0.370000
0.370000 0.370000 0.370000 0.370000 0.370000 0.370000 0.370000 0.370000 0.370000 0.370000 0.370000 0.370000 0.370000 0.370000 0.370000 0.370000 0.370000 0.370000 0.370000 0.370000 0.370000 0.370000 0.370000 0.370000 0.370000 0.370000 0.370000 0.370000 0.370000 0.370000 0.370000 0.370000 0.370000 0.370000 0.370000 0.370000 0.370000 0.370000 0.370000 0.370000 0.370000 0.370000 0.370000 0.370000 0.370000 0.370000 0.370000 0.370000 0.370000 0.370000 0.370000 0.370000 0.370000 0.370000 0.370000 0.370000 0.370000 0.370000 0.370000 0.370000 0.370000 0.370000 0.370000
0.370000 0.370000 0.370000 0.370000 0.370000 0.370000 0.370000 0.370000 0.370000 0.370000 0.370000 0.370000 0.370000 0.370000 0.370000 0.370000 0.370000 0.370000 0.370000 0.370000 0.370000 0.370000 0.370000 0.370000 0.370000 0.370000 0.370000 0.370000 0.370000 0.370000 0.370000 0.370000 0.370000 0.370000 0.370000 0.370000 0.370000 0.370000 0.370000 0.370000 0.370000 0.370000 0.370000 0.370000 0.370000 0.370000 0.370000 0.370000 0.370000 0.370000 0.370000 0.370000 0.370000 0.370000 0.370000 0.370000 0.370000 0.370000 0.370000 0.370000 0.370000 0.370000 0.370000
0.370000 0.370000 0.370000 0.370000 0.370000 0.370000 0.370000 0.370000 0.370000 0.370000 0.370000 0.370000 0.370000 0.370000 0.370000 0.370000 0.370000 0.370000 0.370000 0.370000 0.370000 0.370000 0.370000 0.370000 0.370000 0.370000 0.370000 0.370000 0.370000 0.370000 0.370000 0.370000 0.370000 0.370000 0.370000 0.370000 0.370000 0.370000 0.370000 0.370000 0.370000 0.370000 0.370000 0.370000 0.370000 0.370000 0.370000 0.370000 0.370000 0.370000 0.370000 0.370000 0.370000 0.370000 0.370000 0.370000 0.370000 0.370000 0.370000 0.370000 0.370000 0.370000 0.370000
0.370000 0.370000 0.370000 0.370000 0.370000 0.370000 0.370000 0.370000 0.370000 0.370000 0.370000 0.370000 0.370000 0.370000 0.369999 0.369997 0.369995 0.369994 0.369989 0.369985 0.369988 0.369993 0.369989 0.369985 0.369986 0.369984 0.369984 0.369991 0.369996 0.369998 0.369999 0.369999 0.370000 0.370000 0.370000 0.370000 0.370000 0.370000 0.370000 0.370000 0.370000 0.370000 0.370000 0.370000 0.370000 0.370000 0.370000 0.370000 0.370000 0.370000 0.370000 0.370000 0.370000 0.370000 0.370000 0.370000 0.370000 0.370000 0.370000 0.370000 0.370000 0.370000 0.370000
0.370000 0.370000 0.370000 0.370000 0.370000 0.369999 0.369993 0.369979 0.369826 0.368274 0.365494 0.365435 0.366231 0.365364 0.361944 0.357587 0.353418 0.348042 0.340259 0.334889 0.339279 0.343960 0.345139 0.345545 0.346983 0.347242 0.346968 0.347298 0.352524 0.356421 0.359893 0.362439 0.364558 0.368236 0.369708 0.369959 0.369994 0.369999 0.370000 0.370000 0.370000 0.370000 0.370000 0.370000 0.370000 0.370000 0.370000 0.370000 0.370000 0.370000 0.370000 0.370000 0.370000 0.370000 0.370000 0.370000 0.370000 0.370000 0.370000 0.370000 0.370000 0.370000 0.370000
0.370000 0.369999 0.369987 0.369771 0.367445 0.362124 0.353430 0.340758 0.321991 0.300845 0.285443 0.290429 0.295633 0.301533 0.291253 0.280792 0.274722 0.262810 0.251020 0.239856 0.246901 0.254489 0.266334 0.268824 0.271161 0.275656 0.274330 0.272841 0.268549 0.276068 0.283872 0.293633 0.312099 0.328717 0.342625 0.352591 0.360502 0.366030 0.369069 0.369925 0.369994 0.369999 0.370000 0.370000 0.370000 0.370000 0.370000 0.370000 0.370000 0.370000 0.370000 0.370000 0.370000 0.370000 0.370000 0.370000 0.370000 0.370000 0.370000 0.370000 0.370000 0.370000 0.370000
0.365791 0.357104 0.336624 0.317670 0.300791 0.281481 0.263206 0.245586 0.223808 0.205831 0.189692 0.192721 0.201382 0.211511 0.205208 0.201468 0.199008 0.190695 0.181600 0.173083 0.175422 0.184748 0.196026 0.200358 0.204669 0.210059 0.209956 0.205316 0.199144 0.203050 0.212531 0.224349 0.241803 0.260137 0.277726 0.293271 0.309698 0.325642 0.340031 0.352960 0.362444 0.366766 0.369299 0.369953 0.369995 0.369999 0.370000 0.370000 0.370000 0.370000 0.370000 0.370000 0.370000 0.370000 0.370000 0.370000 0.370000 0.370000 0.370000 0.370000 0.370000 0.370000 0.370000
0.276302 0.249745 0.231927 0.216559 0.202493 0.189386 0.176263 0.164551 0.153918 0.143510 0.134716 0.136941 0.142960 0.149266 0.149988 0.148527 0.147076 0.143285 0.137384 0.132253 0.135418 0.142094 0.149341 0.154092 0.157488 0.160925 0.159332 0.154923 0.150962 0.154750 0.162804 0.171412 0.182561 0.196934 0.212463 0.228730 0.246465 0.264597 0.284343 0.303755 0.321670 0.336715 0.348973 0.358700 0.363263 0.366326 0.368306 0.369692 0.369973 0.369996 0.369999 0.370000 0.370000 0.370000 0.370000 0.370000 0.370000 0.370000 0.370000 0.370000 0.370000 0.370000 0.370000
0.196482 0.176591 0.162472 0.152936 0.147922 0.141188 0.133105 0.127938 0.122138 0.115890 0.115229 0.116487 0.120548 0.121561 0.121822 0.120859 0.120510 0.118891 0.115134 0.116527 0.118952 0.123914 0.127833 0.131285 0.133768 0.135475 0.135077 0.131952 0.132741 0.135658 0.141938 0.147362 0.155030 0.166452 0.176834 0.189423 0.204673 0.221523 0.240271 0.260586 0.282175 0.300823 0.315228 0.322539 0.330029 0.335239 0.334763 0.344297 0.353163 0.360531 0.366482 0.369391 0.369978 0.369999 0.370000 0.370000 0.370000 0.370000 0.370000 0.370000 0.370000 0.370000 0.370000
0.141609 0.129745 0.121164 0.118115 0.115103 0.111967 0.108576 0.105430 0.102583 0.102292 0.101861 0.101895 0.102449 0.103096 0.103602 0.103378 0.103145 0.103180 0.104188 0.105101 0.106350 0.108919 0.111724 0.114408 0.115556 0.116750 0.117477 0.118261 0.118979 0.120362 0.124137 0.128233 0.133298 0.140372 0.148257 0.157734 0.170112 0.183945 0.200211 0.219844 0.240822 0.257256 0.265625 0.274023 0.277985 0.275432 0.272958 0.280901 0.291718 0.302325 0.318997 0.335323 0.350694 0.366435 0.369939 0.369999 0.370000 0.370000 0.370000 0.370000 0.370000 0.370000 0.370000
0.114799 0.107885 0.103717 0.101706 0.099798 0.097949 0.095693 0.093945 0.093532 0.093215 0.092927 0.092738 0.093241 0.093776 0.094404 0.094319 0.094343 0.094720 0.095371 0.096258 0.097763 0.099707 0.101960 0.104869 0.105809 0.106819 0.108039 0.108624 0.109338 0.110400 0.113402 0.116674 0.120454 0.126097 0.132568 0.140450 0.150738 0.164115 0.181766 0.199808 0.219206 0.236111 0.243439 0.247341 0.246363 0.242252 0.233108 0.233378 0.243254 0.247377 0.260164 0.278632 0.291819 0.323108 0.352249 0.365308 0.369716 0.369993 0.370000 0.370000 0.370000 0.370000 0.370000
0.099006 0.095777 0.092870 0.091211 0.089898 0.088691 0.087664 0.087344 0.087010 0.086798 0.086664 0.086523 0.086802 0.087243 0.087692 0.087885 0.088162 0.088455 0.089129 0.090210 0.091340 0.092976 0.095143 0.097526 0.098525 0.099484 0.100483 0.101182 0.101977 0.102780 0.104998 0.107665 0.110534 0.115239 0.120765 0.127035 0.136994 0.150471 0.166318 0.182091 0.199460 0.217378 0.220156 0.221426 0.221062 0.211302 0.200067 0.196736 0.199335 0.200421 0.208073 0.218499 0.229384 0.255644 0.282970 0.310103 0.338108 0.361451 0.369409 0.369985 0.369999 0.370000 0.370000
