tests/Borden05m/data_simulated/sim_1/output-maps/thetaliqL0008N0003.asc
ncols         160
nrows         34
xllcorner     620200.000000
yllcorner     5168000.000000
cellsize      0.500000
NODATA_value  -9999.0
[rows 0 to 27 of 34, columns 0 to 62 of 160]
-9999.0 -9999.0 -9999.0 -9999.0 -9999.0 -9999.0 -9999.0 -9999.0 -9999.0 -9999.0 -9999.0 -9999.0 -9999.0 -9999.0 -9999.0 -9999.0 -9999.0 -9999.0 -9999.0 -9999.0 -9999.0 -9999.0 -9999.0 -9999.0 -9999.0 -9999.0 -9999.0 -9999.0 -9999.0 -9999.0 -9999.0 -9999.0 -9999.0 -9999.0 -9999.0 -9999.0 -9999.0 -9999.0 -9999.0 -9999.0 -9999.0 -9999.0 -9999.0 -9999.0 -9999.0 -9999.0 -9999.0 -9999.0 -9999.0 -9999.0 -9999.0 -9999.0 -9999.0 -9999.0 -9999.0 -9999.0 -9999.0 -9999.0 -9999.0 -9999.0 -9999.0 -9999.0 -9999.0
-9999.0 -9999.0 -9999.0 -9999.0 -9999.0 -9999.0 -9999.0 -9999.0 -9999.0 -9999.0 -9999.0 -9999.0 -9999.0 -9999.0 -9999.0 -9999.0 -9999.0 -9999.0 -9999.0 -9999.0 -9999.0 -9999.0 -9999.0 -9999.0 -9999.0 -9999.0 -9999.0 -9999.0 -9999.0 -9999.0 -9999.0 -9999.0 -9999.0 -9999.0 -9999.0 -9999.0 -9999.0 -9999.0 -9999.0 -9999.0 -9999.0 -9999.0 -9999.0 -9999.0 -9999.0 -9999.0 -9999.0 -9999.0 -9999.0 -9999.0 -9999.0 -9999.0 -9999.0 -9999.0 -9999.0 -9999.0 -9999.0 -9999.0 -9999.0 0.369364 0.369245 0.369111 0.368966
-9999.0 -9999.0 -9999.0 -9999.0 -9999.0 -9999.0 -9999.0 -9999.0 -9999.0 -9999.0 -9999.0 -9999.0 -9999.0 -9999.0 -9999.0 -9999.0 -9999.0 -9999.0 -9999.0 -9999.0 -9999.0 -9999.0 -9999.0 -9999.0 -9999.0 -9999.0 -9999.0 -9999.0 -9999.0 -9999.0 -9999.0 -9999.0 -9999.0 -9999.0 -9999.0 -9999.0 -9999.0 -9999.0 -9999.0 -9999.0 -9999.0 -9999.0 -9999.0 -9999.0 -9999.0 -9999.0 -9999.0 0.357459 0.353011 0.347679 0.347043 0.354061 0.359392 0.363248 0.365589 0.367100 0.368175 0.368917 0.369012 0.368663 0.368475 0.368327 0.368219
-9999.0 -9999.0 -9999.0 -9999.0 -9999.0 -9999.0 -9999.0 -9999.0 -9999.0 -9999.0 -9999.0 -9999.0 -9999.0 -9999.0 -9999.0 -9999.0 -9999.0 -9999.0 -9999.0 -9999.0 -9999.0 -9999.0 -9999.0 -9999.0 -9999.0 -9999.0 -9999.0 -9999.0 -9999.0 -9999.0 -9999.0 -9999.0 -9999.0 -9999.0 -9999.0 -9999.0 -9999.0 -9999.0 -9999.0 -9999.0 0.365091 0.365670 0.365812 0.364669 0.363226 0.361417 0.357545 0.353021 0.348092 0.347004 0.347805 0.349640 0.356072 0.360991 0.363835 0.365723 0.367227 0.368305 0.368421 0.367898 0.367394 0.367093 0.367080
-9999.0 -9999.0 -9999.0 -9999.0 -9999.0 -9999.0 -9999.0 -9999.0 -9999.0 -9999.0 -9999.0 -9999.0 -9999.0 -9999.0 -9999.0 -9999.0 -9999.0 -9999.0 -9999.0 -9999.0 -9999.0 -9999.0 -9999.0 -9999.0 -9999.0 -9999.0 -9999.0 -9999.0 -9999.0 -9999.0 -9999.0 -9999.0 -9999.0 -9999.0 0.344558 0.350580 0.355565 0.359530 0.362329 0.363239 0.363991 0.364663 0.364164 0.363512 0.361818 0.358349 0.353488 0.349073 0.348072 0.347042 0.348441 0.352450 0.356690 0.360057 0.363344 0.365893 0.366633 0.367453 0.367619 0.367285 0.367325 0.367399 0.367475
-9999.0 -9999.0 -9999.0 -9999.0 -9999.0 -9999.0 -9999.0 -9999.0 -9999.0 -9999.0 -9999.0 -9999.0 -9999.0 -9999.0 -9999.0 -9999.0 -9999.0 -9999.0 -9999.0 -9999.0 -9999.0 -9999.0 -9999.0 -9999.0 -9999.0 -9999.0 -9999.0 -9999.0 0.346626 0.344364 0.342208 0.341451 0.340759 0.340093 0.342853 0.347370 0.353045 0.358233 0.360640 0.361781 0.362724 0.362794 0.362021 0.361606 0.361571 0.359409 0.356842 0.354016 0.350870 0.350382 0.353103 0.356546 0.359833 0.362262 0.364267 0.365638 0.366892 0.368145 0.368498 0.368219 0.367916 0.367702 0.367717
-9999.0 -9999.0 -9999.0 -9999.0 -9999.0 -9999.0 -9999.0 -9999.0 -9999.0 -9999.0 -9999.0 -9999.0 -9999.0 -9999.0 -9999.0 -9999.0 -9999.0 -9999.0 -9999.0 -9999.0 -9999.0 -9999.0 -9999.0 0.334825 0.337579 0.340292 0.343160 0.343376 0.341515 0.338956 0.337357 0.336443 0.335523 0.337337 0.340842 0.346045 0.351213 0.356853 0.358631 0.359871 0.361960 0.362223 0.362841 0.363330 0.363006 0.362555 0.360530 0.358750 0.359821 0.360868 0.361834 0.362865 0.364469 0.366018 0.367332 0.368392 0.369102 0.369497 0.369707 0.369635 0.369507 0.369292 0.369293
-9999.0 -9999.0 -9999.0 -9999.0 -9999.0 -9999.0 -9999.0 -9999.0 -9999.0 -9999.0 -9999.0 -9999.0 -9999.0 -9999.0 -9999.0 -9999.0 -9999.0 -9999.0 -9999.0 0.322063 0.322417 0.322814 0.325213 0.325627 0.326703 0.330237 0.334109 0.334895 0.333958 0.332915 0.333442 0.334489 0.336201 0.341050 0.346242 0.350806 0.354692 0.359325 0.361853 0.363786 0.365549 0.365342 0.364794 0.364468 0.364443 0.364451 0.365091 0.365430 0.365917 0.366386 0.366889 0.367440 0.368002 0.368751 0.369290 0.369621 0.369805 0.369905 0.369959 0.369950 0.369915 0.369855 0.369854
-9999.0 -9999.0 -9999.0 -9999.0 -9999.0 -9999.0 -9999.0 -9999.0 -9999.0 -9999.0 -9999.0 -9999.0 -9999.0 -9999.0 -9999.0 -9999.0 0.304490 0.305606 0.306811 0.310149 0.311510 0.313795 0.317797 0.318178 0.320244 0.324081 0.326598 0.330806 0.334411 0.337576 0.339932 0.340819 0.343718 0.347084 0.350823 0.355088 0.359832 0.363388 0.365244 0.366679 0.367744 0.367719 0.367608 0.367630 0.367642 0.368048 0.368781 0.368960 0.369045 0.369453 0.369652 0.369705 0.369766 0.369880 0.369957 0.369989 0.369999 0.370000 0.370000 0.370000 0.370000 0.370000 0.370000
-9999.0 -9999.0 -9999.0 -9999.0 -9999.0 -9999.0 -9999.0 -9999.0 -9999.0 -9999.0 -9999.0 -9999.0 -9999.0 0.271980 0.275099 0.281961 0.287821 0.289189 0.291758 0.295570 0.303836 0.305899 0.309720 0.314308 0.320878 0.325397 0.330035 0.335546 0.339104 0.341875 0.344434 0.346674 0.351039 0.355192 0.358724 0.362244 0.364959 0.366810 0.368061 0.368666 0.369086 0.369160 0.369093 0.369118 0.369298 0.369603 0.369795 0.369872 0.369950 0.369986 0.369994 0.369998 0.369999 0.370000 0.370000 0.370000 0.370000 0.370000 0.370000 0.370000 0.370000 0.370000 0.370000
-9999.0 -9999.0 -9999.0 -9999.0 -9999.0 -9999.0 -9999.0 -9999.0 -9999.0 -9999.0 0.243783 0.245779 0.242773 0.243275 0.246701 0.255977 0.266192 0.271373 0.279736 0.294751 0.306312 0.308255 0.317359 0.322852 0.326154 0.331455 0.337426 0.342691 0.348812 0.352538 0.355766 0.360119 0.362726 0.364733 0.366369 0.367680 0.368625 0.369416 0.369762 0.369857 0.369949 0.369974 0.369969 0.369968 0.369979 0.369993 0.369999 0.370000 0.370000 0.370000 0.370000 0.370000 0.370000 0.370000 0.370000 0.370000 0.370000 0.370000 0.370000 0.370000 0.370000 0.370000 0.370000
-9999.0 -9999.0 -9999.0 -9999.0 -9999.0 -9999.0 -9999.0 -9999.0 0.224850 0.230057 0.234930 0.232260 0.228202 0.225421 0.235383 0.247772 0.260248 0.273323 0.285211 0.297862 0.308197 0.318318 0.328783 0.334365 0.339445 0.345248 0.349747 0.354776 0.359461 0.361954 0.364480 0.366536 0.367789 0.368581 0.369130 0.369489 0.369807 0.369954 0.369992 0.369999 0.370000 0.370000 0.370000 0.370000 0.370000 0.370000 0.370000 0.370000 0.370000 0.370000 0.370000 0.370000 0.370000 0.370000 0.370000 0.370000 0.370000 0.370000 0.370000 0.370000 0.370000 0.370000 0.370000
-9999.0 -9999.0 -9999.0 -9999.0 -9999.0 -9999.0 0.205537 0.223821 0.235297 0.228827 0.222322 0.219503 0.216579 0.230964 0.247675 0.260784 0.273558 0.286386 0.297804 0.307585 0.328335 0.335962 0.342120 0.349139 0.353136 0.356540 0.360051 0.363674 0.366113 0.368216 0.369210 0.369658 0.369869 0.369943 0.369977 0.369993 0.369999 0.370000 0.370000 0.370000 0.370000 0.370000 0.370000 0.370000 0.370000 0.370000 0.370000 0.370000 0.370000 0.370000 0.370000 0.370000 0.370000 0.370000 0.370000 0.370000 0.370000 0.370000 0.370000 0.370000 0.370000 0.370000 0.370000
-9999.0 -9999.0 -9999.0 -9999.0 0.182404 0.196639 0.211653 0.235630 0.253634 0.248872 0.254530 0.254669 0.253303 0.254745 0.258750 0.272489 0.285548 0.298007 0.310295 0.331842 0.348728 0.353540 0.359646 0.364462 0.365842 0.366987 0.367890 0.368831 0.369510 0.369858 0.369985 0.369999 0.370000 0.370000 0.370000 0.370000 0.370000 0.370000 0.370000 0.370000 0.370000 0.370000 0.370000 0.370000 0.370000 0.370000 0.370000 0.370000 0.370000 0.370000 0.370000 0.370000 0.370000 0.370000 0.370000 0.370000 0.370000 0.370000 0.370000 0.370000 0.370000 0.370000 0.370000
-9999.0 -9999.0 -9999.0 0.154949 0.177153 0.202134 0.222857 0.247376 0.272399 0.277180 0.283114 0.287722 0.292352 0.298362 0.304955 0.315002 0.322752 0.329010 0.338595 0.351763 0.360239 0.365059 0.367630 0.368933 0.369456 0.369670 0.369815 0.369931 0.369992 0.370000 0.370000 0.370000 0.370000 0.370000 0.370000 0.370000 0.370000 0.370000 0.370000 0.370000 0.370000 0.370000 0.370000 0.370000 0.370000 0.370000 0.370000 0.370000 0.370000 0.370000 0.370000 0.370000 0.370000 0.370000 0.370000 0.370000 0.370000 0.370000 0.370000 0.370000 0.370000 0.370000 0.370000
-9999.0 -9999.0 0.133621 0.150097 0.169481 0.204213 0.245032 0.271533 0.301770 0.317927 0.321809 0.331632 0.339283 0.342522 0.348540 0.353634 0.356724 0.357234 0.359634 0.364901 0.368592 0.369684 0.369911 0.369996 0.370000 0.370000 0.370000 0.370000 0.370000 0.370000 0.370000 0.370000 0.370000 0.370000 0.370000 0.370000 0.370000 0.370000 0.370000 0.370000 0.370000 0.370000 0.370000 0.370000 0.370000 0.370000 0.370000 0.370000 0.370000 0.370000 0.370000 0.370000 0.370000 0.370000 0.370000 0.370000 0.370000 0.370000 0.370000 0.370000 0.370000 0.370000 0.370000
-9999.0 -9999.0 0.124406 0.141746 0.163724 0.210961 0.270558 0.298752 0.325681 0.345602 0.351688 0.357572 0.361195 0.363816 0.366258 0.367870 0.368071 0.368179 0.368110 0.369609 0.369964 0.370000 0.370000 0.370000 0.370000 0.370000 0.370000 0.370000 0.370000 0.370000 0.370000 0.370000 0.370000 0.370000 0.370000 0.370000 0.370000 0.370000 0.370000 0.370000 0.370000 0.370000 0.370000 0.370000 0.370000 0.370000 0.370000 0.370000 0.370000 0.370000 0.370000 0.370000 0.370000 0.370000 0.370000 0.370000 0.370000 0.370000 0.370000 0.370000 0.370000 0.370000 0.370000
-9999.0 0.101553 0.113786 0.131838 0.166179 0.213537 0.282371 0.333951 0.352562 0.361629 0.365226 0.366891 0.369251 0.369862 0.369958 0.369992 0.369991 0.369990 0.369982 0.369999 0.370000 0.370000 0.370000 0.370000 0.370000 0.370000 0.370000 0.370000 0.370000 0.370000 0.370000 0.370000 0.370000 0.370000 0.370000 0.370000 0.370000 0.370000 0.370000 0.370000 0.370000 0.370000 0.370000 0.370000 0.370000 0.370000 0.370000 0.370000 0.370000 0.370000 0.370000 0.370000 0.370000 0.370000 0.370000 0.370000 0.370000 0.370000 0.370000 0.370000 0.370000 0.370000 0.370000
-9999.0 0.095511 0.107360 0.129324 0.163238 0.216533 0.304957 0.359392 0.365724 0.368034 0.369094 0.369800 0.369998 0.370000 0.370000 0.370000 0.370000 0.370000 0.370000 0.370000 0.370000 0.370000 0.370000 0.370000 0.370000 0.370000 0.370000 0.370000 0.370000 0.370000 0.370000 0.370000 0.370000 0.370000 0.370000 0.370000 0.370000 0.370000 0.370000 0.370000 0.370000 0.370000 0.370000 0.370000 0.370000 0.370000 0.370000 0.370000 0.370000 0.370000 0.370000 0.370000 0.370000 0.370000 0.370000 0.370000 0.370000 0.370000 0.370000 0.370000 0.370000 0.370000 0.370000
-9999.0 0.092052 0.104014 0.121745 0.153167 0.239932 0.327559 0.364931 0.369464 0.369846 0.369983 0.370000 0.370000 0.370000 0.370000 0.370000 0.370000 0.370000 0.370000 0.370000 0.370000 0.370000 0.370000 0.370000 0.370000 0.370000 0.370000 0.370000 0.370000 0.370000 0.370000 0.370000 0.370000 0.370000 0.370000 0.370000 0.370000 0.370000 0.370000 0.370000 0.370000 0.370000 0.370000 0.370000 0.370000 0.370000 0.370000 0.370000 0.370000 0.370000 0.370000 0.370000 0.370000 0.370000 0.370000 0.370000 0.370000 0.370000 0.370000 0.370000 0.370000 0.370000 0.370000
-9999.0 0.082931 0.091809 0.102450 0.147801 0.261244 0.340692 0.368562 0.369993 0.370000 0.370000 0.370000 0.370000 0.370000 0.370000 0.370000 0.370000 0.370000 0.370000 0.370000 0.370000 0.370000 0.370000 0.370000 0.370000 0.370000 0.370000 0.370000 0.370000 0.370000 0.370000 0.370000 0.370000 0.370000 0.370000 0.370000 0.370000 0.370000 0.370000 0.370000 0.370000 0.370000 0.370000 0.370000 0.370000 0.370000 0.370000 0.370000 0.370000 0.370000 0.370000 0.370000 0.370000 0.370000 0.370000 0.370000 0.370000 0.370000 0.370000 0.370000 0.370000 0.370000 0.370000
-9999.0 0.077675 0.082812 0.095090 0.136532 0.240392 0.340584 0.369105 0.370000 0.370000 0.370000 0.370000 0.370000 0.370000 0.370000 0.370000 0.370000 0.370000 0.370000 0.370000 0.370000 0.370000 0.370000 0.370000 0.370000 0.370000 0.370000 0.370000 0.370000 0.370000 0.370000 0.370000 0.370000 0.370000 0.370000 0.370000 0.370000 0.370000 0.370000 0.370000 0.370000 0.370000 0.370000 0.370000 0.370000 0.370000 0.370000 0.370000 0.370000 0.370000 0.370000 0.370000 0.370000 0.370000 0.370000 0.370000 0.370000 0.370000 0.370000 0.370000 0.370000 0.370000 0.370000
-9999.0 0.074209 0.079284 0.088039 0.113084 0.173966 0.278350 0.360284 0.369860 0.370000 0.370000 0.370000 0.370000 0.370000 0.370000 0.370000 0.370000 0.370000 0.370000 0.370000 0.370000 0.370000 0.370000 0.370000 0.370000 0.370000 0.370000 0.370000 0.370000 0.370000 0.370000 0.370000 0.370000 0.370000 0.370000 0.370000 0.370000 0.370000 0.370000 0.370000 0.370000 0.370000 0.370000 0.370000 0.370000 0.370000 0.370000 0.370000 0.370000 0.370000 0.370000 0.370000 0.370000 0.370000 0.370000 0.370000 0.370000 0.370000 0.370000 0.370000 0.370000 0.370000 0.370000
-9999.0 -9999.0 0.075860 0.082318 0.095743 0.128517 0.199308 0.317618 0.365803 0.369997 0.370000 0.370000 0.370000 0.370000 0.370000 0.370000 0.370000 0.370000 0.370000 0.370000 0.370000 0.370000 0.370000 0.370000 0.370000 0.370000 0.370000 0.370000 0.370000 0.370000 0.370000 0.370000 0.370000 0.370000 0.370000 0.370000 0.370000 0.370000 0.370000 0.370000 0.370000 0.370000 0.370000 0.370000 0.370000 0.370000 0.370000 0.370000 0.370000 0.370000 0.370000 0.370000 0.370000 0.370000 0.370000 0.370000 0.370000 0.370000 0.370000 0.370000 0.370000 0.370000 0.369998
-9999.0 -9999.0 0.073153 0.077214 0.085865 0.105266 0.140672 0.206845 0.325025 0.363525 0.369479 0.369989 0.370000 0.370000 0.370000 0.370000 0.370000 0.370000 0.370000 0.370000 0.370000 0.370000 0.370000 0.370000 0.370000 0.370000 0.370000 0.370000 0.370000 0.370000 0.370000 0.370000 0.370000 0.370000 0.370000 0.370000 0.370000 0.370000 0.370000 0.370000 0.370000 0.370000 0.370000 0.370000 0.370000 0.370000 0.370000 0.370000 0.370000 0.370000 0.370000 0.370000 0.370000 0.370000 0.370000 0.370000 0.370000 0.370000 0.370000 0.369999 0.369978 0.369900 0.369670
-9999.0 -9999.0 -9999.0 0.074283 0.078573 0.085120 0.097941 0.116026 0.156929 0.235428 0.312024 0.354834 0.365586 0.368790 0.369761 0.369974 0.369997 0.370000 0.370000 0.370000 0.370000 0.370000 0.370000 0.370000 0.370000 0.370000 0.370000 0.370000 0.370000 0.370000 0.370000 0.370000 0.370000 0.370000 0.370000 0.370000 0.370000 0.370000 0.370000 0.370000 0.370000 0.370000 0.370000 0.370000 0.370000 0.370000 0.370000 0.370000 0.370000 0.370000 0.369999 0.369999 0.369999 0.369998 0.369997 0.369995 0.369989 0.369953 0.369858 0.369627 0.369011 0.367706 0.365385
-9999.0 -9999.0 -9999.0 -9999.0 -9999.0 0.075687 0.081083 0.089737 0.102124 0.120693 0.155993 0.220969 0.259732 0.297477 0.330353 0.348614 0.358731 0.364818 0.368324 0.369491 0.369905 0.369983 0.369999 0.370000 0.370000 0.370000 0.370000 0.370000 0.370000 0.370000 0.369999 0.369996 0.369994 0.369994 0.369994 0.369994 0.369991 0.369988 0.369982 0.369963 0.369937 0.369920 0.369904 0.369886 0.369863 0.369841 0.369817 0.369791 0.369714 0.369641 0.369649 0.369617 0.369582 0.369545 0.369441 0.369299 0.369093 0.368230 0.367006 0.365760 0.361816 0.356313 0.350898
-9999.0 -9999.0 -9999.0 -9999.0 -9999.0 -9999.0 0.074074 0.077785 0.082672 0.090437 0.104359 0.123920 0.135820 0.157923 0.188684 0.228848 0.274329 0.306111 0.330629 0.348272 0.359598 0.364941 0.367802 0.369165 0.369475 0.369638 0.369758 0.369680 0.369566 0.369423 0.368973 0.368865 0.368661 0.368655 0.368636 0.368623 0.368415 0.368164 0.367904 0.367326 0.366993 0.366555 0.366207 0.365845 0.365437 0.365061 0.364768 0.364478 0.363799 0.363973 0.364027 0.363821 0.363533 0.363198 0.362283 0.360893 0.359357 0.355837 0.352098 0.347595 0.337881 0.328769 0.317643
