tests/Borden05m/data_simulated/sim_1/output-maps/thetaliqL0001N0006.asc
ncols         160
nrows         34
xllcorner     620200.000000
yllcorner     5168000.000000
cellsize      0.500000
NODATA_value  -9999.0
[rows 0 to 27 of 34, columns 0 to 62 of 160]
-9999.0 -9999.0 -9999.0 -9999.0 -9999.0 -9999.0 -9999.0 -9999.0 -9999.0 -9999.0 -9999.0 -9999.0 -9999.0 -9999.0 -9999.0 -9999.0 -9999.0 -9999.0 -9999.0 -9999.0 -9999.0 -9999.0 -9999.0 -9999.0 -9999.0 -9999.0 -9999.0 -9999.0 -9999.0 -9999.0 -9999.0 -9999.0 -9999.0 -9999.0 -9999.0 -9999.0 -9999.0 -9999.0 -9999.0 -9999.0 -9999.0 -9999.0 -9999.0 -9999.0 -9999.0 -9999.0 -9999.0 -9999.0 -9999.0 -9999.0 -9999.0 -9999.0 -9999.0 -9999.0 -9999.0 -9999.0 -9999.0 -9999.0 -9999.0 -9999.0 -9999.0 -9999.0 -9999.0
-9999.0 -9999.0 -9999.0 -9999.0 -9999.0 -9999.0 -9999.0 -9999.0 -9999.0 -9999.0 -9999.0 -9999.0 -9999.0 -9999.0 -9999.0 -9999.0 -9999.0 -9999.0 -9999.0 -9999.0 -9999.0 -9999.0 -9999.0 -9999.0 -9999.0 -9999.0 -9999.0 -9999.0 -9999.0 -9999.0 -9999.0 -9999.0 -9999.0 -9999.0 -9999.0 -9999.0 -9999.0 -9999.0 -9999.0 -9999.0 -9999.0 -9999.0 -9999.0 -9999.0 -9999.0 -9999.0 -9999.0 -9999.0 -9999.0 -9999.0 -9999.0 -9999.0 -9999.0 -9999.0 -9999.0 -9999.0 -9999.0 -9999.0 -9999.0 0.279583 0.278556 0.277972 0.277802
-9999.0 -9999.0 -9999.0 -9999.0 -9999.0 -9999.0 -9999.0 -9999.0 -9999.0 -9999.0 -9999.0 -9999.0 -9999.0 -9999.0 -9999.0 -9999.0 -9999.0 -9999.0 -9999.0 -9999.0 -9999.0 -9999.0 -9999.0 -9999.0 -9999.0 -9999.0 -9999.0 -9999.0 -9999.0 -9999.0 -9999.0 -9999.0 -9999.0 -9999.0 -9999.0 -9999.0 -9999.0 -9999.0 -9999.0 -9999.0 -9999.0 -9999.0 -9999.0 -9999.0 -9999.0 -9999.0 -9999.0 0.275262 0.271669 0.267192 0.265823 0.270700 0.272389 0.273781 0.274407 0.274899 0.276073 0.278990 0.278476 0.273188 0.272929 0.273044 0.273496
-9999.0 -9999.0 -9999.0 -9999.0 -9999.0 -9999.0 -9999.0 -9999.0 -9999.0 -9999.0 -9999.0 -9999.0 -9999.0 -9999.0 -9999.0 -9999.0 -9999.0 -9999.0 -9999.0 -9999.0 -9999.0 -9999.0 -9999.0 -9999.0 -9999.0 -9999.0 -9999.0 -9999.0 -9999.0 -9999.0 -9999.0 -9999.0 -9999.0 -9999.0 -9999.0 -9999.0 -9999.0 -9999.0 -9999.0 -9999.0 0.272821 0.274511 0.276030 0.273760 0.273096 0.273803 0.271607 0.268834 0.265863 0.267018 0.267001 0.264329 0.267380 0.269596 0.269852 0.269906 0.271617 0.275213 0.274716 0.270881 0.268698 0.268107 0.268728
-9999.0 -9999.0 -9999.0 -9999.0 -9999.0 -9999.0 -9999.0 -9999.0 -9999.0 -9999.0 -9999.0 -9999.0 -9999.0 -9999.0 -9999.0 -9999.0 -9999.0 -9999.0 -9999.0 -9999.0 -9999.0 -9999.0 -9999.0 -9999.0 -9999.0 -9999.0 -9999.0 -9999.0 -9999.0 -9999.0 -9999.0 -9999.0 -9999.0 -9999.0 0.267427 0.270492 0.271490 0.272349 0.273993 0.272910 0.271952 0.273394 0.272051 0.272214 0.270809 0.267969 0.265138 0.263659 0.265903 0.265310 0.265175 0.266550 0.267104 0.266873 0.268553 0.271622 0.269037 0.269355 0.268577 0.267010 0.268819 0.270244 0.271121
-9999.0 -9999.0 -9999.0 -9999.0 -9999.0 -9999.0 -9999.0 -9999.0 -9999.0 -9999.0 -9999.0 -9999.0 -9999.0 -9999.0 -9999.0 -9999.0 -9999.0 -9999.0 -9999.0 -9999.0 -9999.0 -9999.0 -9999.0 -9999.0 -9999.0 -9999.0 -9999.0 -9999.0 0.272759 0.271513 0.270587 0.270710 0.270244 0.268320 0.267589 0.267556 0.268876 0.271245 0.271260 0.270557 0.270517 0.269724 0.267798 0.267718 0.270105 0.268416 0.267834 0.266808 0.263577 0.262721 0.264458 0.265950 0.267040 0.266818 0.266341 0.265516 0.265030 0.269085 0.269843 0.267334 0.266174 0.265755 0.266215
-9999.0 -9999.0 -9999.0 -9999.0 -9999.0 -9999.0 -9999.0 -9999.0 -9999.0 -9999.0 -9999.0 -9999.0 -9999.0 -9999.0 -9999.0 -9999.0 -9999.0 -9999.0 -9999.0 -9999.0 -9999.0 -9999.0 -9999.0 0.271103 0.272247 0.272569 0.273525 0.272906 0.270260 0.268650 0.267985 0.267407 0.265966 0.265673 0.265378 0.265896 0.266066 0.268597 0.266591 0.265213 0.267531 0.266775 0.268512 0.270516 0.270133 0.270710 0.267215 0.264584 0.267446 0.268439 0.268019 0.266983 0.267384 0.267922 0.268593 0.270220 0.272434 0.274080 0.277754 0.274876 0.273230 0.269890 0.270367
-9999.0 -9999.0 -9999.0 -9999.0 -9999.0 -9999.0 -9999.0 -9999.0 -9999.0 -9999.0 -9999.0 -9999.0 -9999.0 -9999.0 -9999.0 -9999.0 -9999.0 -9999.0 -9999.0 0.271822 0.271397 0.270574 0.270782 0.268109 0.266932 0.267510 0.268724 0.267839 0.266348 0.265094 0.265216 0.265326 0.264895 0.266562 0.267761 0.267825 0.266856 0.268646 0.268773 0.269598 0.272725 0.270248 0.267969 0.266787 0.266677 0.265893 0.267867 0.268344 0.268263 0.267605 0.267194 0.267255 0.266938 0.268873 0.270262 0.270922 0.271295 0.272521 0.276383 0.274249 0.271032 0.267415 0.267460
-9999.0 -9999.0 -9999.0 -9999.0 -9999.0 -9999.0 -9999.0 -9999.0 -9999.0 -9999.0 -9999.0 -9999.0 -9999.0 -9999.0 -9999.0 -9999.0 0.272088 0.271826 0.270788 0.269066 0.267624 0.267509 0.268442 0.266456 0.265711 0.265982 0.264993 0.265766 0.266621 0.267685 0.268086 0.266588 0.266594 0.266073 0.265489 0.265545 0.267585 0.269299 0.269043 0.270118 0.272734 0.270653 0.269872 0.269943 0.268566 0.269076 0.273214 0.271800 0.268943 0.272962 0.274690 0.273015 0.271753 0.273667 0.276493 0.279716 0.285896 0.289311 0.293912 0.295655 0.290328 0.289696 0.291336
-9999.0 -9999.0 -9999.0 -9999.0 -9999.0 -9999.0 -9999.0 -9999.0 -9999.0 -9999.0 -9999.0 -9999.0 -9999.0 0.272379 0.272108 0.272239 0.269603 0.267607 0.266350 0.264599 0.266473 0.264879 0.264269 0.264459 0.266100 0.265936 0.265911 0.266791 0.266136 0.265328 0.264521 0.263072 0.264168 0.265176 0.265613 0.267032 0.267755 0.267940 0.269228 0.268676 0.269396 0.268305 0.266318 0.265768 0.266791 0.270208 0.272219 0.271928 0.276118 0.280164 0.281521 0.284035 0.284627 0.285239 0.287727 0.296904 0.308351 0.321521 0.328554 0.335129 0.335658 0.336904 0.337598
-9999.0 -9999.0 -9999.0 -9999.0 -9999.0 -9999.0 -9999.0 -9999.0 -9999.0 -9999.0 0.268988 0.270249 0.268365 0.264773 0.263167 0.263810 0.264468 0.263004 0.262866 0.266239 0.267967 0.264365 0.266445 0.266245 0.264573 0.264662 0.265276 0.265029 0.266778 0.266386 0.265866 0.268816 0.269046 0.269295 0.269814 0.270245 0.270137 0.273702 0.276346 0.274552 0.279044 0.281651 0.278234 0.276831 0.276869 0.279408 0.283991 0.290319 0.294625 0.302772 0.313341 0.319735 0.323595 0.327381 0.331340 0.342073 0.360943 0.369258 0.369857 0.369932 0.369944 0.369945 0.369948
-9999.0 -9999.0 -9999.0 -9999.0 -9999.0 -9999.0 -9999.0 -9999.0 0.264076 0.266042 0.267252 0.265670 0.263554 0.259664 0.260995 0.262231 0.262979 0.264191 0.264606 0.264844 0.263594 0.264464 0.266369 0.265377 0.265274 0.266370 0.265933 0.266657 0.267964 0.266134 0.266257 0.267041 0.267582 0.267952 0.268521 0.268113 0.271456 0.275813 0.280200 0.283687 0.289287 0.296267 0.294486 0.294868 0.294589 0.303661 0.317384 0.329782 0.341665 0.356997 0.368938 0.369730 0.369858 0.369912 0.369948 0.369975 0.369997 0.370000 0.370000 0.370000 0.370000 0.370000 0.370000
-9999.0 -9999.0 -9999.0 -9999.0 -9999.0 -9999.0 0.261285 0.265546 0.267564 0.262534 0.258701 0.257432 0.255158 0.260024 0.264226 0.264826 0.265213 0.265695 0.264909 0.261566 0.267601 0.265243 0.263355 0.264761 0.264075 0.263704 0.264304 0.266247 0.266274 0.270300 0.272381 0.273803 0.276479 0.277448 0.278472 0.279637 0.285380 0.293040 0.302195 0.314148 0.325417 0.336006 0.339834 0.342213 0.346427 0.356978 0.368873 0.369810 0.369968 0.369997 0.370000 0.370000 0.370000 0.370000 0.370000 0.370000 0.370000 0.370000 0.370000 0.370000 0.370000 0.370000 0.370000
-9999.0 -9999.0 -9999.0 -9999.0 0.264104 0.264897 0.263816 0.267405 0.269849 0.263694 0.265798 0.264680 0.262640 0.260122 0.257098 0.258931 0.259859 0.260351 0.259515 0.265240 0.269814 0.265321 0.267061 0.271269 0.269164 0.268927 0.268257 0.269261 0.271576 0.274211 0.282507 0.289321 0.292474 0.296439 0.300409 0.307675 0.320282 0.334186 0.350922 0.368176 0.369737 0.369921 0.369957 0.369970 0.369986 0.369997 0.370000 0.370000 0.370000 0.370000 0.370000 0.370000 0.370000 0.370000 0.370000 0.370000 0.370000 0.370000 0.370000 0.370000 0.370000 0.370000 0.370000
-9999.0 -9999.0 -9999.0 0.261725 0.265851 0.267125 0.264632 0.265009 0.267945 0.264425 0.263637 0.262899 0.262381 0.262239 0.261723 0.262609 0.262532 0.261298 0.261631 0.264433 0.264718 0.266204 0.266805 0.268412 0.269794 0.269580 0.269856 0.272097 0.279685 0.286392 0.299376 0.319088 0.332251 0.340937 0.349038 0.362773 0.369100 0.369850 0.369983 0.370000 0.370000 0.370000 0.370000 0.370000 0.370000 0.370000 0.370000 0.370000 0.370000 0.370000 0.370000 0.370000 0.370000 0.370000 0.370000 0.370000 0.370000 0.370000 0.370000 0.370000 0.370000 0.370000 0.370000
-9999.0 -9999.0 0.262830 0.265108 0.263045 0.265692 0.268588 0.265514 0.269035 0.269830 0.265258 0.267189 0.267920 0.264869 0.265976 0.267270 0.267842 0.264460 0.261613 0.264471 0.271499 0.275935 0.276202 0.289152 0.294331 0.297444 0.297690 0.303791 0.314859 0.331968 0.353936 0.368804 0.369821 0.369958 0.369983 0.369998 0.370000 0.370000 0.370000 0.370000 0.370000 0.370000 0.370000 0.370000 0.370000 0.370000 0.370000 0.370000 0.370000 0.370000 0.370000 0.370000 0.370000 0.370000 0.370000 0.370000 0.370000 0.370000 0.370000 0.370000 0.370000 0.370000 0.370000
-9999.0 -9999.0 0.260059 0.263965 0.260663 0.266489 0.271674 0.264853 0.265695 0.270889 0.268411 0.268203 0.266202 0.265336 0.266823 0.271042 0.267981 0.266821 0.260230 0.271550 0.279384 0.292293 0.317750 0.334070 0.345350 0.346175 0.347551 0.356986 0.368049 0.369734 0.369982 0.370000 0.370000 0.370000 0.370000 0.370000 0.370000 0.370000 0.370000 0.370000 0.370000 0.370000 0.370000 0.370000 0.370000 0.370000 0.370000 0.370000 0.370000 0.370000 0.370000 0.370000 0.370000 0.370000 0.370000 0.370000 0.370000 0.370000 0.370000 0.370000 0.370000 0.370000 0.370000
-9999.0 0.259486 0.261318 0.261116 0.264802 0.262626 0.266375 0.271962 0.270078 0.271143 0.269725 0.263746 0.274322 0.282898 0.283942 0.290823 0.286442 0.284001 0.276804 0.285540 0.301786 0.338750 0.369073 0.369898 0.369973 0.369976 0.369972 0.369991 0.370000 0.370000 0.370000 0.370000 0.370000 0.370000 0.370000 0.370000 0.370000 0.370000 0.370000 0.370000 0.370000 0.370000 0.370000 0.370000 0.370000 0.370000 0.370000 0.370000 0.370000 0.370000 0.370000 0.370000 0.370000 0.370000 0.370000 0.370000 0.370000 0.370000 0.370000 0.370000 0.370000 0.370000 0.370000
-9999.0 0.253328 0.261170 0.265576 0.263096 0.258677 0.268314 0.282831 0.273995 0.269871 0.266424 0.272434 0.294907 0.315863 0.326061 0.337635 0.335067 0.329173 0.328075 0.341120 0.365220 0.369705 0.370000 0.370000 0.370000 0.370000 0.370000 0.370000 0.370000 0.370000 0.370000 0.370000 0.370000 0.370000 0.370000 0.370000 0.370000 0.370000 0.370000 0.370000 0.370000 0.370000 0.370000 0.370000 0.370000 0.370000 0.370000 0.370000 0.370000 0.370000 0.370000 0.370000 0.370000 0.370000 0.370000 0.370000 0.370000 0.370000 0.370000 0.370000 0.370000 0.370000 0.370000
-9999.0 0.259880 0.268959 0.266136 0.257703 0.267384 0.269494 0.277290 0.281264 0.274238 0.281425 0.312750 0.347950 0.369109 0.369881 0.369937 0.369947 0.369910 0.369940 0.369991 0.370000 0.370000 0.370000 0.370000 0.370000 0.370000 0.370000 0.370000 0.370000 0.370000 0.370000 0.370000 0.370000 0.370000 0.370000 0.370000 0.370000 0.370000 0.370000 0.370000 0.370000 0.370000 0.370000 0.370000 0.370000 0.370000 0.370000 0.370000 0.370000 0.370000 0.370000 0.370000 0.370000 0.370000 0.370000 0.370000 0.370000 0.370000 0.370000 0.370000 0.370000 0.370000 0.370000
-9999.0 0.249338 0.262204 0.250698 0.265082 0.276641 0.271521 0.285080 0.297985 0.295672 0.333134 0.368616 0.369989 0.370000 0.370000 0.370000 0.370000 0.370000 0.370000 0.370000 0.370000 0.370000 0.370000 0.370000 0.370000 0.370000 0.370000 0.370000 0.370000 0.370000 0.370000 0.370000 0.370000 0.370000 0.370000 0.370000 0.370000 0.370000 0.370000 0.370000 0.370000 0.370000 0.370000 0.370000 0.370000 0.370000 0.370000 0.370000 0.370000 0.370000 0.370000 0.370000 0.370000 0.370000 0.370000 0.370000 0.370000 0.370000 0.370000 0.370000 0.370000 0.370000 0.370000
-9999.0 0.241978 0.250659 0.256930 0.269456 0.277378 0.283492 0.297126 0.324121 0.342317 0.368781 0.369989 0.370000 0.370000 0.370000 0.370000 0.370000 0.370000 0.370000 0.370000 0.370000 0.370000 0.370000 0.370000 0.370000 0.370000 0.370000 0.370000 0.370000 0.370000 0.370000 0.370000 0.370000 0.370000 0.370000 0.370000 0.370000 0.370000 0.370000 0.370000 0.370000 0.370000 0.370000 0.370000 0.370000 0.370000 0.370000 0.370000 0.370000 0.370000 0.370000 0.370000 0.370000 0.370000 0.370000 0.370000 0.370000 0.370000 0.370000 0.369999 0.369975 0.369944 0.369916
-9999.0 0.225761 0.254105 0.257069 0.264312 0.265442 0.265347 0.276543 0.290968 0.341996 0.369896 0.370000 0.370000 0.370000 0.370000 0.370000 0.370000 0.370000 0.370000 0.370000 0.370000 0.370000 0.370000 0.370000 0.370000 0.370000 0.370000 0.370000 0.370000 0.370000 0.370000 0.370000 0.370000 0.370000 0.370000 0.370000 0.370000 0.370000 0.370000 0.370000 0.370000 0.370000 0.370000 0.370000 0.370000 0.370000 0.370000 0.370000 0.370000 0.370000 0.370000 0.370000 0.370000 0.370000 0.370000 0.369999 0.369982 0.369915 0.369547 0.364053 0.342417 0.331588 0.331116
-9999.0 -9999.0 0.240826 0.257533 0.258985 0.260678 0.261511 0.271289 0.278714 0.312044 0.343293 0.368811 0.369894 0.369981 0.369999 0.370000 0.370000 0.370000 0.370000 0.370000 0.370000 0.370000 0.370000 0.370000 0.370000 0.370000 0.370000 0.370000 0.370000 0.370000 0.370000 0.370000 0.370000 0.370000 0.370000 0.370000 0.370000 0.370000 0.370000 0.370000 0.369998 0.369994 0.369991 0.369990 0.369991 0.369989 0.369987 0.369977 0.369964 0.369946 0.369938 0.369925 0.369897 0.369790 0.369319 0.364291 0.350016 0.338594 0.328691 0.312732 0.299602 0.289810 0.284497
-9999.0 -9999.0 0.223148 0.248895 0.260049 0.267691 0.265341 0.265093 0.280618 0.284405 0.292156 0.309186 0.324611 0.337710 0.353588 0.369024 0.369766 0.369863 0.369887 0.369904 0.369942 0.369964 0.369975 0.369984 0.369992 0.369997 0.369998 0.369996 0.369990 0.369978 0.369952 0.369903 0.369869 0.369839 0.369860 0.369886 0.369858 0.369762 0.369295 0.364763 0.355423 0.348249 0.346122 0.345630 0.345682 0.344786 0.343495 0.339752 0.335322 0.332377 0.330005 0.327585 0.326007 0.322059 0.316324 0.310879 0.303401 0.297486 0.292752 0.286838 0.280154 0.277750 0.275311
-9999.0 -9999.0 -9999.0 0.225775 0.241790 0.254245 0.258689 0.250969 0.254850 0.262847 0.267705 0.275828 0.279802 0.283756 0.290661 0.305469 0.312749 0.313933 0.312256 0.323153 0.326748 0.335104 0.342273 0.345371 0.350892 0.357195 0.358955 0.354409 0.349517 0.343194 0.335543 0.328022 0.323518 0.323753 0.323918 0.325398 0.323344 0.320996 0.315087 0.307407 0.301656 0.298282 0.297647 0.296754 0.296505 0.295817 0.295354 0.293773 0.291969 0.290065 0.288159 0.287921 0.287478 0.286506 0.285230 0.284641 0.284190 0.280032 0.277554 0.275278 0.272969 0.270891 0.268768
-9999.0 -9999.0 -9999.0 -9999.0 -9999.0 0.215629 0.247304 0.253461 0.253193 0.250074 0.252417 0.263766 0.261154 0.261950 0.265877 0.267603 0.267745 0.270069 0.275744 0.280021 0.285789 0.289155 0.294459 0.299127 0.300896 0.304602 0.305908 0.302410 0.300247 0.297115 0.291620 0.285635 0.285786 0.286554 0.286949 0.286772 0.285742 0.285125 0.284179 0.281244 0.278802 0.278804 0.278775 0.278477 0.278030 0.277771 0.277604 0.277801 0.276166 0.274561 0.275836 0.275623 0.275565 0.275946 0.275381 0.275421 0.276508 0.272552 0.270731 0.272801 0.269302 0.267206 0.268851
-9999.0 -9999.0 -9999.0 -9999.0 -9999.0 -9999.0 0.212296 0.231736 0.247815 0.251998 0.258450 0.263307 0.255707 0.257959 0.260211 0.262542 0.266449 0.265686 0.266579 0.268233 0.270782 0.271399 0.274207 0.278543 0.277503 0.278184 0.280924 0.277772 0.276594 0.276443 0.270771 0.272294 0.271655 0.272478 0.272801 0.273620 0.273020 0.272507 0.272412 0.269864 0.270105 0.269651 0.269603 0.269511 0.269398 0.269434 0.269638 0.269926 0.268295 0.269485 0.269984 0.269565 0.269450 0.269963 0.269787 0.269274 0.269945 0.268287 0.268521 0.269067 0.265873 0.266490 0.266772
