tests/Borden05m/data_simulated/sim_1/output-maps/thetaliqL0002N0012.asc
ncols         160
nrows         34
xllcorner     620200.000000
yllcorner     5168000.000000
cellsize      0.500000
NODATA_value  -9999.0
[rows 0 to 27 of 34, columns 0 to 62 of 160]
-9999.0 -9999.0 -9999.0 -9999.0 -9999.0 -9999.0 -9999.0 -9999.0 -9999.0 -9999.0 -9999.0 -9999.0 -9999.0 -9999.0 -9999.0 -9999.0 -9999.0 -9999.0 -9999.0 -9999.0 -9999.0 -9999.0 -9999.0 -9999.0 -9999.0 -9999.0 -9999.0 -9999.0 -9999.0 -9999.0 -9999.0 -9999.0 -9999.0 -9999.0 -9999.0 -9999.0 -9999.0 -9999.0 -9999.0 -9999.0 -9999.0 -9999.0 -9999.0 -9999.0 -9999.0 -9999.0 -9999.0 -9999.0 -9999.0 -9999.0 -9999.0 -9999.0 -9999.0 -9999.0 -9999.0 -9999.0 -9999.0 -9999.0 -9999.0 -9999.0 -9999.0 -9999.0 -9999.0
-9999.0 -9999.0 -9999.0 -9999.0 -9999.0 -9999.0 -9999.0 -9999.0 -9999.0 -9999.0 -9999.0 -9999.0 -9999.0 -9999.0 -9999.0 -9999.0 -9999.0 -9999.0 -9999.0 -9999.0 -9999.0 -9999.0 -9999.0 -9999.0 -9999.0 -9999.0 -9999.0 -9999.0 -9999.0 -9999.0 -9999.0 -9999.0 -9999.0 -9999.0 -9999.0 -9999.0 -9999.0 -9999.0 -9999.0 -9999.0 -9999.0 -9999.0 -9999.0 -9999.0 -9999.0 -9999.0 -9999.0 -9999.0 -9999.0 -9999.0 -9999.0 -9999.0 -9999.0 -9999.0 -9999.0 -9999.0 -9999.0 -9999.0 -9999.0 0.215516 0.214656 0.214082 0.213786
-9999.0 -9999.0 -9999.0 -9999.0 -9999.0 -9999.0 -9999.0 -9999.0 -9999.0 -9999.0 -9999.0 -9999.0 -9999.0 -9999.0 -9999.0 -9999.0 -9999.0 -9999.0 -9999.0 -9999.0 -9999.0 -9999.0 -9999.0 -9999.0 -9999.0 -9999.0 -9999.0 -9999.0 -9999.0 -9999.0 -9999.0 -9999.0 -9999.0 -9999.0 -9999.0 -9999.0 -9999.0 -9999.0 -9999.0 -9999.0 -9999.0 -9999.0 -9999.0 -9999.0 -9999.0 -9999.0 -9999.0 0.209493 0.206972 0.203949 0.203102 0.206441 0.207875 0.209187 0.210020 0.210785 0.212041 0.214464 0.214256 0.210616 0.210304 0.210263 0.210460
-9999.0 -9999.0 -9999.0 -9999.0 -9999.0 -9999.0 -9999.0 -9999.0 -9999.0 -9999.0 -9999.0 -9999.0 -9999.0 -9999.0 -9999.0 -9999.0 -9999.0 -9999.0 -9999.0 -9999.0 -9999.0 -9999.0 -9999.0 -9999.0 -9999.0 -9999.0 -9999.0 -9999.0 -9999.0 -9999.0 -9999.0 -9999.0 -9999.0 -9999.0 -9999.0 -9999.0 -9999.0 -9999.0 -9999.0 -9999.0 0.208910 0.210089 0.211083 0.209404 0.208744 0.208953 0.207232 0.205222 0.203153 0.203816 0.203840 0.202297 0.204529 0.206307 0.206847 0.207276 0.208798 0.211571 0.211349 0.208653 0.207068 0.206600 0.206964
-9999.0 -9999.0 -9999.0 -9999.0 -9999.0 -9999.0 -9999.0 -9999.0 -9999.0 -9999.0 -9999.0 -9999.0 -9999.0 -9999.0 -9999.0 -9999.0 -9999.0 -9999.0 -9999.0 -9999.0 -9999.0 -9999.0 -9999.0 -9999.0 -9999.0 -9999.0 -9999.0 -9999.0 -9999.0 -9999.0 -9999.0 -9999.0 -9999.0 -9999.0 0.203985 0.206118 0.207011 0.207848 0.209174 0.208629 0.208158 0.209177 0.208253 0.208242 0.207138 0.205057 0.202991 0.201862 0.203183 0.202774 0.202752 0.203791 0.204390 0.204540 0.205972 0.208356 0.206984 0.207492 0.207095 0.205993 0.207098 0.207992 0.208560
-9999.0 -9999.0 -9999.0 -9999.0 -9999.0 -9999.0 -9999.0 -9999.0 -9999.0 -9999.0 -9999.0 -9999.0 -9999.0 -9999.0 -9999.0 -9999.0 -9999.0 -9999.0 -9999.0 -9999.0 -9999.0 -9999.0 -9999.0 -9999.0 -9999.0 -9999.0 -9999.0 -9999.0 0.207345 0.206490 0.205843 0.205896 0.205589 0.204381 0.204021 0.204168 0.205250 0.207051 0.207282 0.206979 0.207075 0.206599 0.205320 0.205212 0.206670 0.205410 0.204850 0.204041 0.201906 0.201373 0.202572 0.203694 0.204628 0.204765 0.204783 0.204634 0.204666 0.207712 0.208436 0.206705 0.205801 0.205412 0.205691
-9999.0 -9999.0 -9999.0 -9999.0 -9999.0 -9999.0 -9999.0 -9999.0 -9999.0 -9999.0 -9999.0 -9999.0 -9999.0 -9999.0 -9999.0 -9999.0 -9999.0 -9999.0 -9999.0 -9999.0 -9999.0 -9999.0 -9999.0 0.205965 0.206750 0.207024 0.207706 0.207328 0.205622 0.204553 0.204098 0.203718 0.202812 0.202680 0.202607 0.203105 0.203435 0.205317 0.204234 0.203523 0.205174 0.204735 0.205860 0.207160 0.206871 0.207172 0.204806 0.203051 0.204912 0.205636 0.205490 0.204990 0.205492 0.206178 0.207039 0.208623 0.210676 0.212376 0.215338 0.213266 0.211861 0.209348 0.209634
-9999.0 -9999.0 -9999.0 -9999.0 -9999.0 -9999.0 -9999.0 -9999.0 -9999.0 -9999.0 -9999.0 -9999.0 -9999.0 -9999.0 -9999.0 -9999.0 -9999.0 -9999.0 -9999.0 0.206148 0.205889 0.205383 0.205556 0.203914 0.203212 0.203641 0.204477 0.203947 0.203013 0.202215 0.202304 0.202398 0.202175 0.203339 0.204254 0.204491 0.204117 0.205560 0.205910 0.206700 0.208980 0.207393 0.205875 0.205085 0.205017 0.204555 0.205933 0.206327 0.206400 0.206172 0.206112 0.206359 0.206432 0.208157 0.209698 0.210908 0.212031 0.213691 0.217077 0.215567 0.212903 0.210085 0.210131
-9999.0 -9999.0 -9999.0 -9999.0 -9999.0 -9999.0 -9999.0 -9999.0 -9999.0 -9999.0 -9999.0 -9999.0 -9999.0 -9999.0 -9999.0 -9999.0 0.206058 0.205909 0.205279 0.204256 0.203381 0.203343 0.203980 0.202762 0.202342 0.202577 0.202021 0.202579 0.203185 0.203923 0.204237 0.203347 0.203453 0.203263 0.203076 0.203359 0.204987 0.206467 0.206661 0.207704 0.209738 0.208440 0.207906 0.207962 0.207141 0.207709 0.210814 0.210161 0.208603 0.211824 0.213461 0.212644 0.212137 0.214089 0.217095 0.221008 0.227713 0.232132 0.237523 0.239950 0.234742 0.234017 0.235857
-9999.0 -9999.0 -9999.0 -9999.0 -9999.0 -9999.0 -9999.0 -9999.0 -9999.0 -9999.0 -9999.0 -9999.0 -9999.0 0.205920 0.205778 0.205921 0.204330 0.203107 0.202357 0.201319 0.202570 0.201618 0.201296 0.201482 0.202592 0.202573 0.202655 0.203326 0.203024 0.202618 0.202220 0.201444 0.202318 0.203177 0.203719 0.204967 0.205860 0.206492 0.207862 0.207956 0.208864 0.208352 0.207040 0.206732 0.207652 0.210467 0.212533 0.213077 0.217033 0.221233 0.223109 0.225664 0.226733 0.228215 0.232331 0.245785 0.263895 0.284855 0.301551 0.316403 0.318696 0.321480 0.323887
-9999.0 -9999.0 -9999.0 -9999.0 -9999.0 -9999.0 -9999.0 -9999.0 -9999.0 -9999.0 0.203568 0.204368 0.203182 0.200983 0.200018 0.200481 0.200963 0.200115 0.200101 0.202322 0.203523 0.201335 0.202753 0.202725 0.201764 0.201936 0.202464 0.202479 0.203791 0.203743 0.203646 0.205829 0.206289 0.206784 0.207507 0.208268 0.208847 0.212111 0.214891 0.214485 0.218596 0.221210 0.218815 0.217958 0.218509 0.221491 0.226431 0.233811 0.241821 0.254090 0.266031 0.275197 0.283174 0.294411 0.310711 0.329029 0.339170 0.346692 0.353148 0.356615 0.357984 0.358683 0.359410
-9999.0 -9999.0 -9999.0 -9999.0 -9999.0 -9999.0 -9999.0 -9999.0 0.200415 0.201656 0.202439 0.201446 0.200120 0.197727 0.198602 0.199448 0.200003 0.200852 0.201222 0.201506 0.200878 0.201572 0.202934 0.202461 0.202542 0.203405 0.203330 0.204059 0.205227 0.204432 0.204958 0.205969 0.206837 0.207594 0.208540 0.208971 0.212284 0.216825 0.221873 0.226232 0.232659 0.241253 0.241059 0.242858 0.244844 0.257333 0.276960 0.307530 0.328524 0.336742 0.343604 0.347192 0.349737 0.352987 0.356733 0.359550 0.362434 0.365330 0.367427 0.368435 0.368887 0.369073 0.369252
-9999.0 -9999.0 -9999.0 -9999.0 -9999.0 -9999.0 0.198593 0.201320 0.202642 0.199509 0.197141 0.196357 0.194959 0.197986 0.200675 0.201144 0.201490 0.201908 0.201556 0.199663 0.203719 0.202452 0.201502 0.202658 0.202445 0.202442 0.203113 0.204773 0.205355 0.208760 0.211143 0.213167 0.216068 0.217798 0.219688 0.221893 0.228285 0.238623 0.253726 0.270972 0.294407 0.319911 0.328210 0.331508 0.333838 0.337657 0.344853 0.352388 0.359078 0.363326 0.365530 0.366341 0.367042 0.367756 0.368471 0.369055 0.369341 0.369655 0.369843 0.369949 0.369983 0.369995 0.370000
-9999.0 -9999.0 -9999.0 -9999.0 0.200183 0.200754 0.200190 0.202553 0.204201 0.200368 0.201713 0.201036 0.199787 0.198262 0.196450 0.197686 0.198373 0.198808 0.198482 0.202396 0.205715 0.203247 0.204808 0.208045 0.207095 0.207314 0.207317 0.208651 0.211209 0.214495 0.222691 0.230424 0.235840 0.243217 0.251272 0.262673 0.284919 0.319533 0.334185 0.343128 0.350808 0.356386 0.359464 0.360728 0.362098 0.363559 0.365294 0.367214 0.368606 0.369472 0.369762 0.369850 0.369892 0.369942 0.369975 0.369999 0.370000 0.370000 0.370000 0.370000 0.370000 0.370000 0.370000
-9999.0 -9999.0 -9999.0 0.198588 0.201245 0.202175 0.200780 0.201183 0.203189 0.201094 0.200675 0.200300 0.200065 0.200063 0.199857 0.200551 0.200625 0.199973 0.200413 0.202649 0.203496 0.205215 0.206457 0.208539 0.210368 0.210956 0.211903 0.214617 0.221866 0.230475 0.248606 0.277613 0.311261 0.328610 0.334564 0.340669 0.346759 0.354700 0.360246 0.363998 0.366668 0.368185 0.369069 0.369267 0.369369 0.369510 0.369709 0.369874 0.369958 0.369999 0.370000 0.370000 0.370000 0.370000 0.370000 0.370000 0.370000 0.370000 0.370000 0.370000 0.370000 0.370000 0.370000
-9999.0 -9999.0 0.199138 0.200632 0.199500 0.201345 0.203397 0.201724 0.204205 0.204952 0.202235 0.203655 0.204343 0.202630 0.203580 0.204660 0.205164 0.203109 0.201561 0.204161 0.210031 0.214784 0.217057 0.229957 0.238088 0.243588 0.246181 0.255247 0.271881 0.312290 0.334423 0.347100 0.356195 0.361487 0.363193 0.364890 0.366828 0.368084 0.369024 0.369575 0.369844 0.369956 0.369999 0.369999 0.369996 0.370000 0.370000 0.370000 0.370000 0.370000 0.370000 0.370000 0.370000 0.370000 0.370000 0.370000 0.370000 0.370000 0.370000 0.370000 0.370000 0.370000 0.370000
-9999.0 -9999.0 0.197399 0.199892 0.198042 0.201935 0.205540 0.201666 0.202600 0.206320 0.205100 0.205387 0.204701 0.204748 0.206265 0.209581 0.207681 0.206962 0.202995 0.211802 0.219779 0.234557 0.267443 0.308950 0.330621 0.333522 0.334651 0.338569 0.344850 0.355726 0.363716 0.367783 0.369242 0.369676 0.369797 0.369881 0.369955 0.369998 0.369995 0.370000 0.370000 0.370000 0.370000 0.370000 0.370000 0.370000 0.370000 0.370000 0.370000 0.370000 0.370000 0.370000 0.370000 0.370000 0.370000 0.370000 0.370000 0.370000 0.370000 0.370000 0.370000 0.370000 0.370000
-9999.0 0.196895 0.198115 0.198133 0.200627 0.199636 0.202512 0.206759 0.206226 0.207581 0.207359 0.204477 0.213163 0.220995 0.223388 0.230541 0.227136 0.224824 0.219786 0.229691 0.250133 0.314617 0.351074 0.362447 0.365670 0.366054 0.365774 0.366829 0.368221 0.369342 0.369914 0.369999 0.370000 0.370000 0.370000 0.370000 0.370000 0.370000 0.370000 0.370000 0.370000 0.370000 0.370000 0.370000 0.370000 0.370000 0.370000 0.370000 0.370000 0.370000 0.370000 0.370000 0.370000 0.370000 0.370000 0.370000 0.370000 0.370000 0.370000 0.370000 0.370000 0.369999 0.369999
-9999.0 0.193099 0.197995 0.200879 0.199613 0.197359 0.204162 0.214769 0.210215 0.208596 0.207782 0.214383 0.237033 0.261827 0.282377 0.310776 0.308629 0.296794 0.298128 0.325297 0.343226 0.360034 0.369181 0.369994 0.369996 0.369998 0.369999 0.370000 0.370000 0.370000 0.370000 0.370000 0.370000 0.370000 0.370000 0.370000 0.370000 0.370000 0.370000 0.370000 0.370000 0.370000 0.370000 0.370000 0.370000 0.370000 0.370000 0.370000 0.370000 0.370000 0.370000 0.370000 0.370000 0.370000 0.370000 0.370000 0.369999 0.369998 0.369995 0.369987 0.369973 0.369961 0.369960
-9999.0 0.197087 0.202759 0.201208 0.196390 0.202962 0.205350 0.212328 0.217651 0.215193 0.224346 0.260938 0.321421 0.342514 0.353090 0.359123 0.362493 0.362617 0.364970 0.368389 0.369947 0.369999 0.370000 0.370000 0.370000 0.370000 0.370000 0.370000 0.370000 0.370000 0.370000 0.370000 0.370000 0.370000 0.370000 0.370000 0.370000 0.370000 0.370000 0.370000 0.370000 0.370000 0.370000 0.370000 0.370000 0.370000 0.370000 0.370000 0.370000 0.369999 0.369998 0.369997 0.369996 0.369996 0.369994 0.369988 0.369973 0.369945 0.369896 0.369821 0.369712 0.369571 0.369569
-9999.0 0.190626 0.198548 0.191786 0.201056 0.209005 0.207162 0.219308 0.235090 0.240647 0.299438 0.338037 0.357738 0.365031 0.367920 0.369261 0.369686 0.369893 0.369987 0.370000 0.370000 0.370000 0.370000 0.370000 0.370000 0.370000 0.370000 0.370000 0.370000 0.370000 0.370000 0.370000 0.370000 0.370000 0.370000 0.370000 0.370000 0.370000 0.370000 0.369999 0.369999 0.369998 0.369998 0.369999 0.369998 0.369997 0.369995 0.369988 0.369978 0.369964 0.369945 0.369921 0.369908 0.369887 0.369879 0.369834 0.369598 0.369306 0.368936 0.368419 0.367698 0.366389 0.366200
-9999.0 0.186003 0.191462 0.195591 0.203770 0.209502 0.215277 0.229267 0.266531 0.317375 0.344636 0.354369 0.363891 0.368438 0.369726 0.369918 0.369964 0.369977 0.369990 0.369998 0.370000 0.370000 0.370000 0.370000 0.370000 0.370000 0.370000 0.369998 0.369995 0.369995 0.369995 0.369995 0.369995 0.369994 0.369993 0.369993 0.369993 0.369986 0.369976 0.369964 0.369951 0.369933 0.369917 0.369909 0.369899 0.369894 0.369853 0.369773 0.369663 0.369552 0.369419 0.369291 0.369245 0.369150 0.369009 0.368714 0.367621 0.365989 0.364136 0.361667 0.356742 0.353773 0.351520
-9999.0 0.175929 0.193455 0.195591 0.200398 0.201635 0.202614 0.212237 0.229296 0.311279 0.359221 0.361642 0.364173 0.367330 0.369397 0.369896 0.369924 0.369790 0.369616 0.369535 0.369658 0.369767 0.369868 0.369945 0.369972 0.369979 0.369969 0.369942 0.369890 0.369851 0.369830 0.369781 0.369735 0.369731 0.369706 0.369742 0.369759 0.369652 0.369478 0.369212 0.368909 0.368638 0.368537 0.368561 0.368539 0.368426 0.368114 0.367612 0.366869 0.366070 0.365350 0.364803 0.364237 0.363412 0.362410 0.361261 0.357762 0.353973 0.348755 0.340421 0.328740 0.311226 0.300698
-9999.0 -9999.0 0.185331 0.195694 0.196924 0.198349 0.199525 0.206990 0.215166 0.251069 0.312211 0.337007 0.347301 0.356582 0.364802 0.367928 0.368282 0.368533 0.367488 0.367244 0.367306 0.367530 0.368058 0.368588 0.368969 0.369142 0.369197 0.369112 0.368838 0.368326 0.367564 0.366820 0.366254 0.365810 0.366311 0.366977 0.366868 0.366408 0.365569 0.364298 0.363087 0.361701 0.361369 0.361564 0.361585 0.361206 0.360454 0.358470 0.356035 0.353225 0.351683 0.350152 0.348675 0.346057 0.343362 0.340442 0.334738 0.327038 0.306325 0.271349 0.248546 0.233558 0.226596
-9999.0 -9999.0 0.174261 0.190283 0.197361 0.202346 0.201369 0.202007 0.213236 0.218622 0.228388 0.247062 0.269366 0.305006 0.328071 0.340608 0.345234 0.347079 0.346547 0.347878 0.351694 0.355574 0.358103 0.360081 0.361642 0.362737 0.363618 0.362497 0.361215 0.358978 0.355413 0.350569 0.347617 0.346009 0.346999 0.348769 0.347664 0.345429 0.342307 0.338672 0.336032 0.333381 0.332741 0.332545 0.332531 0.331821 0.330466 0.325651 0.316357 0.307095 0.299211 0.292419 0.288412 0.280963 0.272701 0.267105 0.255770 0.244608 0.236034 0.228283 0.220710 0.217111 0.214074
-9999.0 -9999.0 -9999.0 0.175927 0.185996 0.193776 0.196802 0.192502 0.195486 0.201182 0.205278 0.211890 0.216075 0.221030 0.229778 0.242822 0.250488 0.252676 0.252337 0.268991 0.281042 0.307676 0.325951 0.330545 0.333750 0.336728 0.337575 0.335388 0.333274 0.328765 0.315553 0.293037 0.280381 0.280099 0.280343 0.282889 0.278764 0.274690 0.266856 0.259418 0.252757 0.247788 0.245915 0.244229 0.243386 0.242010 0.240599 0.237693 0.234676 0.232128 0.229992 0.229462 0.228896 0.227841 0.226504 0.225625 0.224301 0.219781 0.216726 0.213974 0.211263 0.208952 0.206830
-9999.0 -9999.0 -9999.0 -9999.0 -9999.0 0.169614 0.189427 0.193410 0.193589 0.192035 0.193879 0.201358 0.200174 0.201191 0.204372 0.206096 0.206730 0.208829 0.213430 0.217741 0.223583 0.228474 0.235974 0.243560 0.248105 0.253669 0.255639 0.251228 0.247193 0.241318 0.233337 0.226690 0.226150 0.226675 0.226960 0.226766 0.225698 0.224959 0.223905 0.221291 0.218976 0.218522 0.218194 0.217749 0.217241 0.216871 0.216558 0.216448 0.214997 0.213656 0.214423 0.214184 0.214050 0.214185 0.213589 0.213347 0.213680 0.210375 0.208582 0.209406 0.206538 0.204693 0.205341
-9999.0 -9999.0 -9999.0 -9999.0 -9999.0 -9999.0 0.167396 0.179813 0.189784 0.192546 0.196775 0.200032 0.195536 0.197107 0.198749 0.200454 0.203162 0.203018 0.204018 0.205629 0.207968 0.209157 0.211951 0.215907 0.215947 0.216985 0.219213 0.216736 0.215463 0.214788 0.210311 0.210948 0.210343 0.210854 0.211047 0.211544 0.211011 0.210523 0.210293 0.208384 0.208338 0.207881 0.207732 0.207570 0.207401 0.207341 0.207400 0.207508 0.206349 0.207067 0.207377 0.207073 0.206952 0.207218 0.206983 0.206501 0.206748 0.205397 0.205273 0.205374 0.203044 0.203164 0.203118
