tests/Borden05m/data_simulated/sim_1/output-maps/thetaliqL0007N0016.asc
ncols         160
nrows         34
xllcorner     620200.000000
yllcorner     5168000.000000
cellsize      0.500000
NODATA_value  -9999.0
[rows 0 to 27 of 34, columns 63 to 125 of 160]
-9999.0 -9999.0 -9999.0 -9999.0 -9999.0 -9999.0 -9999.0 -9999.0 -9999.0 -9999.0 -9999.0 -9999.0 -9999.0 -9999.0 -9999.0 -9999.0 -9999.0 -9999.0 -9999.0 -9999.0 -9999.0 -9999.0 -9999.0 -9999.0 -9999.0 -9999.0 -9999.0 -9999.0 -9999.0 -9999.0 -9999.0 -9999.0 -9999.0 -9999.0 -9999.0 -9999.0 -9999.0 -9999.0 -9999.0 -9999.0 -9999.0 -9999.0 -9999.0 -9999.0 -9999.0 -9999.0 -9999.0 -9999.0 -9999.0 -9999.0 -9999.0 -9999.0 -9999.0 -9999.0 -9999.0 -9999.0 -9999.0 -9999.0 -9999.0 -9999.0 -9999.0 -9999.0 -9999.0
0.318616 0.312709 0.306818 0.303996 0.303286 0.302603 0.302273 0.305924 0.311191 0.316036 0.320443 0.321820 0.323217 0.324551 0.324846 0.324078 0.322169 0.320195 0.318098 0.317182 0.311787 0.303992 0.297540 0.295494 0.298794 0.302046 0.303851 0.308135 0.315338 0.322079 0.327027 0.333199 0.335866 0.338290 0.339790 0.338056 0.336478 0.334809 0.332612 0.326872 -9999.0 -9999.0 -9999.0 -9999.0 -9999.0 -9999.0 -9999.0 -9999.0 -9999.0 -9999.0 -9999.0 -9999.0 -9999.0 -9999.0 -9999.0 -9999.0 -9999.0 -9999.0 -9999.0 -9999.0 -9999.0 -9999.0 -9999.0
0.308372 0.302178 0.298180 0.294066 0.292775 0.292665 0.292629 0.295695 0.302675 0.308129 0.311289 0.312825 0.314367 0.314502 0.314185 0.313897 0.311989 0.309704 0.307385 0.306138 0.306047 0.300697 0.296877 0.294508 0.293728 0.295527 0.297210 0.299320 0.306179 0.311842 0.317239 0.325593 0.332170 0.334792 0.333701 0.331222 0.329373 0.326044 0.320550 0.314144 0.307162 0.302178 0.298428 0.294814 0.299332 0.303865 0.310966 0.317619 0.324803 0.331386 -9999.0 -9999.0 -9999.0 -9999.0 -9999.0 -9999.0 -9999.0 -9999.0 -9999.0 -9999.0 -9999.0 -9999.0 -9999.0
0.299793 0.296928 0.293344 0.290367 0.295921 0.296746 0.297541 0.299784 0.302232 0.303621 0.305524 0.309099 0.314910 0.316534 0.316825 0.316873 0.315707 0.313704 0.312528 0.310682 0.307182 0.306604 0.306951 0.307077 0.310671 0.311659 0.312432 0.307681 0.309887 0.314055 0.318458 0.322817 0.326931 0.329632 0.328054 0.327350 0.322741 0.314412 0.306838 0.300771 0.298854 0.296660 0.291127 0.282075 0.287405 0.298985 0.302414 0.305169 0.313264 0.320934 0.326783 0.327805 0.327626 0.327429 0.326018 0.317921 0.308494 0.298266 0.284421 -9999.0 -9999.0 -9999.0 -9999.0
0.301691 0.299448 0.298547 0.307696 0.314011 0.315065 0.316858 0.318840 0.317856 0.309731 0.307841 0.313565 0.320173 0.323716 0.323799 0.323784 0.323007 0.322379 0.322012 0.320509 0.321261 0.322901 0.323555 0.326628 0.329753 0.331157 0.326302 0.320837 0.320999 0.325413 0.329750 0.333620 0.338951 0.343999 0.343466 0.341028 0.337003 0.330105 0.316495 0.303151 0.295705 0.291026 0.285918 0.285179 0.283769 0.291724 0.293189 0.294532 0.300942 0.308169 0.314815 0.318431 0.318174 0.317891 0.316416 0.310358 0.300266 0.289483 0.276805 0.256589 0.233535 0.211909 0.211288
0.306810 0.309352 0.318212 0.326630 0.334861 0.336253 0.337514 0.337400 0.332449 0.326772 0.324126 0.332465 0.340009 0.343605 0.344131 0.344624 0.347891 0.347082 0.345927 0.343661 0.344737 0.346146 0.350471 0.352894 0.354803 0.354268 0.350691 0.346842 0.345947 0.346479 0.347054 0.349115 0.352588 0.355562 0.354260 0.351865 0.348061 0.335542 0.319658 0.308303 0.308768 0.309069 0.305991 0.303799 0.301075 0.295416 0.295149 0.294826 0.294536 0.303230 0.311512 0.313779 0.309875 0.307494 0.305945 0.299755 0.291791 0.280188 0.266789 0.251604 0.228691 0.222824 0.216767
0.335647 0.339726 0.345591 0.352440 0.358989 0.360067 0.361016 0.361854 0.359866 0.357092 0.353859 0.357797 0.360001 0.361866 0.362670 0.364511 0.365776 0.365241 0.364122 0.362788 0.363811 0.365669 0.367110 0.367604 0.367834 0.367878 0.367223 0.366748 0.366400 0.366310 0.365847 0.366082 0.367102 0.368128 0.368116 0.367283 0.364898 0.358580 0.347802 0.337699 0.338974 0.335782 0.332629 0.330017 0.321705 0.314193 0.313728 0.307258 0.302781 0.310503 0.314413 0.315603 0.311630 0.315081 0.309891 0.297324 0.284156 0.271680 0.259897 0.247742 0.241578 0.233950 0.227844
0.357078 0.359391 0.363085 0.366370 0.368341 0.368986 0.369274 0.369491 0.369351 0.369089 0.368748 0.368943 0.369339 0.369609 0.369777 0.369885 0.369941 0.369921 0.369874 0.369859 0.369889 0.369956 0.369983 0.369989 0.369991 0.369994 0.369990 0.369983 0.369969 0.369947 0.369917 0.369893 0.369951 0.369979 0.369975 0.369894 0.369638 0.368638 0.365815 0.360213 0.358337 0.357705 0.356858 0.352071 0.346117 0.337275 0.331017 0.325616 0.316048 0.318549 0.322008 0.328070 0.333149 0.332570 0.323391 0.312374 0.298768 0.284352 0.272824 0.268932 0.264720 0.256889 0.251677
0.369716 0.369795 0.369903 0.369983 0.369999 0.370000 0.370000 0.370000 0.370000 0.370000 0.370000 0.370000 0.370000 0.370000 0.370000 0.370000 0.370000 0.370000 0.370000 0.370000 0.370000 0.370000 0.370000 0.370000 0.370000 0.370000 0.370000 0.370000 0.370000 0.370000 0.370000 0.370000 0.370000 0.370000 0.370000 0.370000 0.370000 0.369999 0.369985 0.369889 0.369654 0.369606 0.369254 0.368512 0.366868 0.361891 0.357181 0.351808 0.339706 0.336912 0.341728 0.347261 0.349549 0.343234 0.335394 0.324854 0.311465 0.296729 0.291395 0.290073 0.287465 0.282768 0.280472
0.370000 0.370000 0.370000 0.370000 0.370000 0.370000 0.370000 0.370000 0.370000 0.370000 0.370000 0.370000 0.370000 0.370000 0.370000 0.370000 0.370000 0.370000 0.370000 0.370000 0.370000 0.370000 0.370000 0.370000 0.370000 0.370000 0.370000 0.370000 0.370000 0.370000 0.370000 0.370000 0.370000 0.370000 0.370000 0.370000 0.370000 0.370000 0.370000 0.370000 0.370000 0.370000 0.370000 0.369997 0.369933 0.369515 0.368240 0.365712 0.360991 0.359211 0.363539 0.366304 0.365119 0.363222 0.359603 0.352728 0.343170 0.330351 0.325518 0.323103 0.319189 0.314677 0.310213
0.370000 0.370000 0.370000 0.370000 0.370000 0.370000 0.370000 0.370000 0.370000 0.370000 0.370000 0.370000 0.370000 0.370000 0.370000 0.370000 0.370000 0.370000 0.370000 0.370000 0.370000 0.370000 0.370000 0.370000 0.370000 0.370000 0.370000 0.370000 0.370000 0.370000 0.370000 0.370000 0.370000 0.370000 0.370000 0.370000 0.370000 0.370000 0.370000 0.370000 0.370000 0.370000 0.370000 0.370000 0.370000 0.370000 0.370000 0.369999 0.369975 0.369870 0.369966 0.369939 0.369867 0.369654 0.368950 0.367361 0.364286 0.359020 0.355705 0.353492 0.350491 0.347685 0.343770
0.370000 0.370000 0.370000 0.370000 0.370000 0.370000 0.370000 0.370000 0.370000 0.370000 0.370000 0.370000 0.370000 0.370000 0.370000 0.370000 0.370000 0.370000 0.370000 0.370000 0.370000 0.370000 0.370000 0.370000 0.370000 0.370000 0.370000 0.370000 0.370000 0.370000 0.370000 0.370000 0.370000 0.370000 0.370000 0.370000 0.370000 0.370000 0.370000 0.370000 0.370000 0.370000 0.370000 0.370000 0.370000 0.370000 0.370000 0.370000 0.370000 0.370000 0.370000 0.370000 0.370000 0.370000 0.369995 0.369965 0.369753 0.368960 0.367678 0.366732 0.365606 0.364027 0.361666
0.370000 0.370000 0.370000 0.370000 0.370000 0.370000 0.370000 0.370000 0.370000 0.370000 0.370000 0.370000 0.370000 0.370000 0.370000 0.370000 0.370000 0.370000 0.370000 0.370000 0.370000 0.370000 0.370000 0.370000 0.370000 0.370000 0.370000 0.370000 0.370000 0.370000 0.370000 0.370000 0.370000 0.370000 0.370000 0.370000 0.370000 0.370000 0.370000 0.370000 0.370000 0.370000 0.370000 0.370000 0.370000 0.370000 0.370000 0.370000 0.370000 0.370000 0.370000 0.370000 0.370000 0.370000 0.370000 0.370000 0.370000 0.370000 0.369994 0.369978 0.369906 0.369694 0.369276
0.370000 0.370000 0.370000 0.370000 0.370000 0.370000 0.370000 0.370000 0.370000 0.370000 0.370000 0.370000 0.370000 0.370000 0.370000 0.370000 0.370000 0.370000 0.370000 0.370000 0.370000 0.370000 0.370000 0.370000 0.370000 0.370000 0.370000 0.370000 0.370000 0.370000 0.370000 0.370000 0.370000 0.370000 0.370000 0.370000 0.370000 0.370000 0.370000 0.370000 0.370000 0.370000 0.370000 0.370000 0.370000 0.370000 0.370000 0.370000 0.370000 0.370000 0.370000 0.370000 0.370000 0.370000 0.370000 0.370000 0.370000 0.370000 0.370000 0.370000 0.370000 0.370000 0.369999
0.370000 0.370000 0.370000 0.370000 0.370000 0.370000 0.370000 0.370000 0.370000 0.370000 0.370000 0.370000 0.370000 0.370000 0.370000 0.370000 0.370000 0.370000 0.370000 0.370000 0.370000 0.370000 0.370000 0.370000 0.370000 0.370000 0.370000 0.370000 0.370000 0.370000 0.370000 0.370000 0.370000 0.370000 0.370000 0.370000 0.370000 0.370000 0.370000 0.370000 0.370000 0.370000 0.370000 0.370000 0.370000 0.370000 0.370000 0.370000 0.370000 0.370000 0.370000 0.370000 0.370000 0.370000 0.370000 0.370000 0.370000 0.370000 0.370000 0.370000 0.370000 0.370000 0.370000
0.370000 0.370000 0.370000 0.370000 0.370000 0.370000 0.370000 0.370000 0.370000 0.370000 0.370000 0.370000 0.370000 0.370000 0.370000 0.370000 0.370000 0.370000 0.370000 0.370000 0.370000 0.370000 0.370000 0.370000 0.370000 0.370000 0.370000 0.370000 0.370000 0.370000 0.370000 0.370000 0.370000 0.370000 0.370000 0.370000 0.370000 0.370000 0.370000 0.370000 0.370000 0.370000 0.370000 0.370000 0.370000 0.370000 0.370000 0.370000 0.370000 0.370000 0.370000 0.370000 0.370000 0.370000 0.370000 0.370000 0.370000 0.370000 0.370000 0.370000 0.370000 0.370000 0.370000
0.370000 0.370000 0.370000 0.370000 0.370000 0.370000 0.370000 0.370000 0.370000 0.370000 0.370000 0.370000 0.370000 0.370000 0.370000 0.370000 0.370000 0.370000 0.370000 0.370000 0.370000 0.370000 0.370000 0.370000 0.370000 0.370000 0.370000 0.370000 0.370000 0.370000 0.370000 0.370000 0.370000 0.370000 0.370000 0.370000 0.370000 0.370000 0.370000 0.370000 0.370000 0.370000 0.370000 0.370000 0.370000 0.370000 0.370000 0.370000 0.370000 0.370000 0.370000 0.370000 0.370000 0.370000 0.370000 0.370000 0.370000 0.370000 0.370000 0.370000 0.370000 0.370000 0.370000
0.370000 0.370000 0.370000 0.370000 0.370000 0.370000 0.370000 0.370000 0.370000 0.370000 0.370000 0.370000 0.370000 0.370000 0.370000 0.370000 0.370000 0.370000 0.370000 0.370000 0.370000 0.370000 0.370000 0.370000 0.370000 0.370000 0.370000 0.370000 0.370000 0.370000 0.370000 0.370000 0.370000 0.370000 0.370000 0.370000 0.370000 0.370000 0.370000 0.370000 0.370000 0.370000 0.370000 0.370000 0.370000 0.370000 0.370000 0.370000 0.370000 0.370000 0.370000 0.370000 0.370000 0.370000 0.370000 0.370000 0.370000 0.370000 0.370000 0.370000 0.370000 0.370000 0.370000
0.370000 0.370000 0.370000 0.370000 0.370000 0.370000 0.370000 0.370000 0.370000 0.370000 0.370000 0.370000 0.370000 0.370000 0.370000 0.370000 0.370000 0.370000 0.370000 0.370000 0.370000 0.370000 0.370000 0.370000 0.370000 0.370000 0.370000 0.370000 0.370000 0.370000 0.370000 0.370000 0.370000 0.370000 0.370000 0.370000 0.370000 0.370000 0.370000 0.370000 0.370000 0.370000 0.370000 0.370000 0.370000 0.370000 0.370000 0.370000 0.370000 0.370000 0.370000 0.370000 0.370000 0.370000 0.370000 0.370000 0.370000 0.370000 0.370000 0.370000 0.370000 0.370000 0.370000
0.370000 0.370000 0.370000 0.370000 0.370000 0.370000 0.370000 0.370000 0.370000 0.370000 0.370000 0.370000 0.370000 0.370000 0.370000 0.370000 0.370000 0.370000 0.370000 0.370000 0.370000 0.370000 0.370000 0.370000 0.370000 0.370000 0.370000 0.370000 0.370000 0.370000 0.370000 0.370000 0.370000 0.370000 0.370000 0.370000 0.370000 0.370000 0.370000 0.370000 0.370000 0.370000 0.370000 0.370000 0.370000 0.370000 0.370000 0.370000 0.370000 0.370000 0.370000 0.370000 0.370000 0.370000 0.370000 0.370000 0.370000 0.370000 0.370000 0.370000 0.370000 0.370000 0.370000
0.370000 0.370000 0.370000 0.370000 0.370000 0.370000 0.370000 0.370000 0.370000 0.369999 0.369995 0.369995 0.369997 0.369996 0.369986 0.369965 0.369931 0.369866 0.369730 0.369597 0.369703 0.369796 0.369831 0.369846 0.369869 0.369876 0.369870 0.369863 0.369917 0.369952 0.369976 0.369988 0.369995 0.370000 0.370000 0.370000 0.370000 0.370000 0.370000 0.370000 0.370000 0.370000 0.370000 0.370000 0.370000 0.370000 0.370000 0.370000 0.370000 0.370000 0.370000 0.370000 0.370000 0.370000 0.370000 0.370000 0.370000 0.370000 0.370000 0.370000 0.370000 0.370000 0.370000
0.370000 0.370000 0.370000 0.370000 0.369999 0.369987 0.369934 0.369746 0.369138 0.367815 0.366209 0.366678 0.367173 0.367690 0.366662 0.365309 0.364306 0.362061 0.359285 0.356085 0.358075 0.360075 0.362652 0.363163 0.363610 0.364375 0.364203 0.363996 0.363329 0.364646 0.365847 0.367073 0.368637 0.369465 0.369825 0.369948 0.369988 0.369999 0.370000 0.370000 0.370000 0.370000 0.370000 0.370000 0.370000 0.370000 0.370000 0.370000 0.370000 0.370000 0.370000 0.370000 0.370000 0.370000 0.370000 0.370000 0.370000 0.370000 0.370000 0.370000 0.370000 0.370000 0.370000
0.369994 0.369942 0.369579 0.368894 0.367739 0.365512 0.362208 0.357553 0.349417 0.339728 0.328014 0.330026 0.336003 0.341916 0.338228 0.335685 0.333792 0.327478 0.319451 0.310817 0.313288 0.322307 0.331412 0.334596 0.337478 0.340733 0.340739 0.338059 0.334257 0.337066 0.342925 0.348956 0.355721 0.360964 0.364570 0.366837 0.368422 0.369349 0.369788 0.369954 0.369994 0.369999 0.370000 0.370000 0.370000 0.370000 0.370000 0.370000 0.370000 0.370000 0.370000 0.370000 0.370000 0.370000 0.370000 0.370000 0.370000 0.370000 0.370000 0.370000 0.370000 0.370000 0.370000
0.364822 0.359264 0.353273 0.346029 0.337402 0.327198 0.314426 0.300530 0.285475 0.268041 0.251490 0.255733 0.266773 0.277091 0.278262 0.275783 0.273266 0.266716 0.255689 0.245678 0.252188 0.264837 0.277131 0.284595 0.289579 0.294289 0.292227 0.286077 0.280420 0.286355 0.297669 0.308241 0.319840 0.331970 0.342158 0.350331 0.356951 0.361861 0.365538 0.367871 0.369146 0.369717 0.369926 0.369986 0.369996 0.369999 0.370000 0.370000 0.370000 0.370000 0.370000 0.370000 0.370000 0.370000 0.370000 0.370000 0.370000 0.370000 0.370000 0.370000 0.370000 0.370000 0.370000
0.332869 0.314971 0.297750 0.283747 0.275238 0.263061 0.247009 0.235646 0.222000 0.206566 0.204964 0.208035 0.217968 0.220215 0.220798 0.218438 0.217544 0.213603 0.204232 0.208049 0.214142 0.226076 0.234998 0.242523 0.247687 0.251135 0.250473 0.244311 0.246160 0.252122 0.264074 0.273611 0.285719 0.301209 0.313122 0.325071 0.336555 0.346253 0.354213 0.360349 0.364765 0.367298 0.368608 0.369120 0.369480 0.369662 0.369673 0.369861 0.369952 0.369987 0.369999 0.370000 0.370000 0.370000 0.370000 0.370000 0.370000 0.370000 0.370000 0.370000 0.370000 0.370000 0.370000
0.263998 0.239850 0.219810 0.212034 0.203978 0.195446 0.186003 0.176959 0.168790 0.168077 0.166757 0.166753 0.168240 0.170109 0.171604 0.170956 0.170271 0.170441 0.173530 0.176174 0.179754 0.186933 0.194643 0.201877 0.204886 0.207989 0.209944 0.212062 0.213924 0.217375 0.226429 0.235829 0.246701 0.260595 0.274520 0.289137 0.305170 0.319707 0.333041 0.344912 0.353927 0.359121 0.361369 0.363269 0.364157 0.363955 0.363774 0.365233 0.366795 0.367955 0.369097 0.369698 0.369929 0.369998 0.370000 0.370000 0.370000 0.370000 0.370000 0.370000 0.370000 0.370000 0.370000
0.203028 0.184156 0.172148 0.166098 0.160324 0.154701 0.147849 0.142586 0.141386 0.140391 0.139494 0.138888 0.140415 0.142052 0.143979 0.143735 0.143832 0.144994 0.146986 0.149711 0.154282 0.160114 0.166810 0.175324 0.178057 0.180951 0.184424 0.186093 0.188119 0.191068 0.199178 0.207764 0.217268 0.230642 0.244814 0.260370 0.278100 0.297260 0.316943 0.331991 0.343873 0.351585 0.354423 0.355877 0.355792 0.354685 0.351718 0.352148 0.355859 0.357516 0.361149 0.364911 0.366967 0.369291 0.369941 0.369997 0.370000 0.370000 0.370000 0.370000 0.370000 0.370000 0.370000
0.157918 0.148175 0.139245 0.134088 0.130023 0.126328 0.123239 0.122291 0.121275 0.120633 0.120222 0.119775 0.120610 0.121967 0.123342 0.123950 0.124811 0.125748 0.127844 0.131180 0.134644 0.139670 0.146301 0.153549 0.156601 0.159486 0.162490 0.164598 0.166962 0.169323 0.175742 0.183337 0.191262 0.203817 0.217783 0.232554 0.253438 0.277212 0.299510 0.316757 0.331242 0.342472 0.344109 0.344924 0.344936 0.339960 0.333209 0.331117 0.333305 0.334552 0.339749 0.345958 0.351533 0.360307 0.365791 0.368605 0.369755 0.369990 0.370000 0.370000 0.370000 0.370000 0.370000
