tests/Borden05m/data_simulated/sim_1/output-maps/thetaliqL0004N0012.asc
ncols         160
nrows         34
xllcorner     620200.000000
yllcorner     5168000.000000
cellsize      0.500000
NODATA_value  -9999.0
[rows 0 to 27 of 34, columns 63 to 125 of 160]
-9999.0 -9999.0 -9999.0 -9999.0 -9999.0 -9999.0 -9999.0 -9999.0 -9999.0 -9999.0 -9999.0 -9999.0 -9999.0 -9999.0 -9999.0 -9999.0 -9999.0 -9999.0 -9999.0 -9999.0 -9999.0 -9999.0 -9999.0 -9999.0 -9999.0 -9999.0 -9999.0 -9999.0 -9999.0 -9999.0 -9999.0 -9999.0 -9999.0 -9999.0 -9999.0 -9999.0 -9999.0 -9999.0 -9999.0 -9999.0 -9999.0 -9999.0 -9999.0 -9999.0 -9999.0 -9999.0 -9999.0 -9999.0 -9999.0 -9999.0 -9999.0 -9999.0 -9999.0 -9999.0 -9999.0 -9999.0 -9999.0 -9999.0 -9999.0 -9999.0 -9999.0 -9999.0 -9999.0
0.190018 0.187548 0.184770 0.184220 0.184452 0.183976 0.182990 0.184475 0.186469 0.188222 0.190527 0.190252 0.190599 0.191462 0.191687 0.191275 0.190201 0.189448 0.188589 0.189475 0.186362 0.182288 0.179192 0.178531 0.181040 0.182612 0.182460 0.184016 0.187340 0.190280 0.191531 0.195069 0.194968 0.196433 0.198511 0.196777 0.196226 0.196252 0.196539 0.191917 -9999.0 -9999.0 -9999.0 -9999.0 -9999.0 -9999.0 -9999.0 -9999.0 -9999.0 -9999.0 -9999.0 -9999.0 -9999.0 -9999.0 -9999.0 -9999.0 -9999.0 -9999.0 -9999.0 -9999.0 -9999.0 -9999.0 -9999.0
0.183565 0.180351 0.179412 0.177091 0.176120 0.175872 0.175034 0.175851 0.179713 0.182510 0.183421 0.183008 0.182863 0.182101 0.181540 0.181685 0.180690 0.179739 0.178747 0.178910 0.181063 0.178151 0.176623 0.175216 0.173821 0.174427 0.174947 0.175254 0.178908 0.180549 0.181836 0.186960 0.191728 0.193108 0.191330 0.189257 0.189519 0.189026 0.186849 0.184717 0.184230 0.183154 0.182600 0.180838 0.183472 0.183766 0.186894 0.189619 0.192869 0.197428 -9999.0 -9999.0 -9999.0 -9999.0 -9999.0 -9999.0 -9999.0 -9999.0 -9999.0 -9999.0 -9999.0 -9999.0 -9999.0
0.178883 0.177766 0.175532 0.172295 0.176025 0.175596 0.175314 0.176056 0.177319 0.177865 0.178511 0.179555 0.183054 0.182942 0.182685 0.182840 0.182205 0.181060 0.181054 0.180380 0.177573 0.177926 0.178562 0.178002 0.180771 0.180990 0.182496 0.177704 0.178593 0.179973 0.181087 0.182003 0.183062 0.184255 0.182152 0.183474 0.181490 0.177355 0.175978 0.175898 0.178641 0.179963 0.177918 0.171329 0.174847 0.182354 0.182051 0.181135 0.185045 0.188969 0.194147 0.193646 0.193232 0.193727 0.194457 0.189808 0.186601 0.184144 0.177797 -9999.0 -9999.0 -9999.0 -9999.0
0.178843 0.176494 0.173781 0.179806 0.182497 0.181333 0.182083 0.183829 0.183802 0.176368 0.174465 0.177490 0.180789 0.182256 0.181014 0.180394 0.179143 0.179089 0.179774 0.178923 0.180016 0.181047 0.179917 0.181910 0.184207 0.186251 0.181506 0.177145 0.177413 0.181023 0.183809 0.185444 0.189479 0.195481 0.194549 0.193009 0.191893 0.190462 0.183054 0.176548 0.173909 0.172685 0.170797 0.172091 0.170850 0.176714 0.176378 0.175605 0.178585 0.181103 0.184201 0.186329 0.185994 0.186640 0.187395 0.185835 0.182367 0.180291 0.178727 0.175345 0.169584 0.159964 0.160545
0.173470 0.173705 0.179129 0.182491 0.187846 0.186301 0.186552 0.186324 0.181123 0.177026 0.174443 0.182245 0.188809 0.191154 0.189679 0.188415 0.193917 0.192284 0.191430 0.188059 0.189262 0.189003 0.195067 0.197658 0.200937 0.199701 0.193582 0.188394 0.188023 0.188643 0.188292 0.189988 0.194126 0.199148 0.195757 0.193854 0.193345 0.182225 0.173515 0.170268 0.175290 0.178213 0.177509 0.177881 0.177990 0.174084 0.174953 0.175323 0.173621 0.178347 0.183127 0.183755 0.179859 0.178505 0.180072 0.179316 0.179112 0.176859 0.174420 0.172495 0.163273 0.165756 0.161103
0.185932 0.188228 0.191629 0.197764 0.208927 0.207306 0.208135 0.211466 0.205467 0.199679 0.191600 0.200821 0.203481 0.206854 0.206733 0.213767 0.220035 0.216178 0.210700 0.204303 0.208188 0.216712 0.224914 0.227168 0.228311 0.229539 0.223800 0.221911 0.220579 0.221066 0.217560 0.218059 0.224287 0.234416 0.235443 0.230263 0.219895 0.204057 0.189808 0.182185 0.189652 0.187208 0.185904 0.186873 0.181637 0.178494 0.182322 0.178488 0.175606 0.181820 0.182722 0.182006 0.177100 0.182957 0.181624 0.176202 0.172482 0.170354 0.168684 0.166022 0.167800 0.166251 0.162286
0.193843 0.196317 0.204705 0.216657 0.230702 0.238837 0.245527 0.252617 0.247123 0.240722 0.233410 0.235115 0.243827 0.252410 0.261920 0.272588 0.283697 0.280811 0.274797 0.273989 0.276763 0.288875 0.299856 0.304406 0.307310 0.312317 0.308725 0.302064 0.294113 0.286014 0.278701 0.273129 0.283418 0.294201 0.292267 0.272271 0.254328 0.233720 0.214290 0.195394 0.195386 0.198173 0.200644 0.193806 0.189959 0.183631 0.181954 0.181976 0.175608 0.178956 0.179969 0.184467 0.190917 0.192362 0.186328 0.182616 0.178558 0.174439 0.171286 0.173206 0.173846 0.170999 0.168229
0.260540 0.263734 0.273211 0.298288 0.330195 0.348212 0.356257 0.357362 0.355397 0.352073 0.345407 0.341069 0.347582 0.353175 0.356849 0.358810 0.360226 0.361086 0.360996 0.361001 0.361249 0.361576 0.362155 0.362781 0.363373 0.364017 0.364186 0.363396 0.362566 0.361572 0.360587 0.360314 0.360051 0.360749 0.360636 0.357974 0.351345 0.334308 0.303881 0.276440 0.256457 0.256153 0.246264 0.237256 0.227063 0.207110 0.200963 0.197107 0.181620 0.180032 0.185220 0.192119 0.197063 0.188385 0.183946 0.179807 0.175356 0.170150 0.171790 0.174323 0.175089 0.174062 0.173954
0.356106 0.357409 0.358467 0.362132 0.365456 0.367603 0.368681 0.368964 0.368698 0.368326 0.367797 0.367264 0.367329 0.368004 0.368619 0.369043 0.369253 0.369316 0.369285 0.369290 0.369306 0.369356 0.369384 0.369444 0.369533 0.369655 0.369772 0.369752 0.369592 0.369413 0.369116 0.368948 0.368848 0.368673 0.368645 0.368618 0.367629 0.365943 0.363143 0.359480 0.355728 0.347384 0.334234 0.317597 0.283965 0.252966 0.228735 0.210722 0.194009 0.191102 0.208938 0.225821 0.217950 0.214036 0.207975 0.198520 0.190695 0.181338 0.182121 0.183292 0.182181 0.180821 0.179273
0.368632 0.368819 0.369031 0.369382 0.369779 0.369948 0.369991 0.369994 0.369991 0.369984 0.369971 0.369956 0.369952 0.369959 0.369973 0.369985 0.369993 0.369996 0.369996 0.369997 0.369996 0.369997 0.369997 0.369998 0.369998 0.369999 0.370000 0.370000 0.369999 0.369998 0.369992 0.369985 0.369970 0.369954 0.369949 0.369949 0.369946 0.369875 0.369630 0.368849 0.367768 0.366375 0.365179 0.363697 0.362106 0.357270 0.352126 0.335058 0.303361 0.274170 0.291685 0.279042 0.268734 0.256020 0.240084 0.227020 0.215375 0.203475 0.201532 0.201279 0.198927 0.197959 0.195466
0.369985 0.369990 0.369995 0.369998 0.370000 0.370000 0.370000 0.370000 0.370000 0.370000 0.370000 0.370000 0.370000 0.370000 0.370000 0.370000 0.370000 0.370000 0.370000 0.370000 0.370000 0.370000 0.370000 0.370000 0.370000 0.370000 0.370000 0.370000 0.370000 0.370000 0.370000 0.370000 0.370000 0.370000 0.370000 0.370000 0.370000 0.370000 0.369998 0.369981 0.369902 0.369744 0.369535 0.369314 0.369120 0.368927 0.368466 0.367193 0.364268 0.360545 0.358692 0.356717 0.351541 0.335949 0.310517 0.289365 0.261229 0.236637 0.223148 0.220468 0.217997 0.214766 0.210050
0.370000 0.370000 0.370000 0.370000 0.370000 0.370000 0.370000 0.370000 0.370000 0.370000 0.370000 0.370000 0.370000 0.370000 0.370000 0.370000 0.370000 0.370000 0.370000 0.370000 0.370000 0.370000 0.370000 0.370000 0.370000 0.370000 0.370000 0.370000 0.370000 0.370000 0.370000 0.370000 0.370000 0.370000 0.370000 0.370000 0.370000 0.370000 0.370000 0.370000 0.370000 0.369998 0.369991 0.369985 0.369980 0.369974 0.369950 0.369885 0.369708 0.369227 0.368147 0.367626 0.366649 0.364572 0.362358 0.360555 0.354956 0.337283 0.309291 0.293642 0.272737 0.255561 0.244572
0.370000 0.370000 0.370000 0.370000 0.370000 0.370000 0.370000 0.370000 0.370000 0.370000 0.370000 0.370000 0.370000 0.370000 0.370000 0.370000 0.370000 0.370000 0.370000 0.370000 0.370000 0.370000 0.370000 0.370000 0.370000 0.370000 0.370000 0.370000 0.370000 0.370000 0.370000 0.370000 0.370000 0.370000 0.370000 0.370000 0.370000 0.370000 0.370000 0.370000 0.370000 0.370000 0.370000 0.370000 0.370000 0.370000 0.370000 0.370000 0.369997 0.369977 0.369885 0.369755 0.369619 0.369487 0.369319 0.369035 0.367899 0.365570 0.362531 0.359871 0.354491 0.341266 0.320212
0.370000 0.370000 0.370000 0.370000 0.370000 0.370000 0.370000 0.370000 0.370000 0.370000 0.370000 0.370000 0.370000 0.370000 0.370000 0.370000 0.370000 0.370000 0.370000 0.370000 0.370000 0.370000 0.370000 0.370000 0.370000 0.370000 0.370000 0.370000 0.370000 0.370000 0.370000 0.370000 0.370000 0.370000 0.370000 0.370000 0.370000 0.370000 0.370000 0.370000 0.370000 0.370000 0.370000 0.370000 0.370000 0.370000 0.370000 0.370000 0.370000 0.370000 0.370000 0.369994 0.369988 0.369982 0.369973 0.369957 0.369843 0.369535 0.368901 0.368060 0.366798 0.364827 0.362245
0.370000 0.370000 0.370000 0.370000 0.370000 0.370000 0.370000 0.370000 0.370000 0.370000 0.370000 0.370000 0.370000 0.370000 0.370000 0.370000 0.370000 0.370000 0.370000 0.370000 0.370000 0.370000 0.370000 0.370000 0.370000 0.370000 0.370000 0.370000 0.370000 0.370000 0.370000 0.370000 0.370000 0.370000 0.370000 0.370000 0.370000 0.370000 0.370000 0.370000 0.370000 0.370000 0.370000 0.370000 0.370000 0.370000 0.370000 0.370000 0.370000 0.370000 0.370000 0.370000 0.370000 0.370000 0.370000 0.370000 0.369999 0.369986 0.369926 0.369774 0.369486 0.369046 0.368381
0.370000 0.370000 0.370000 0.370000 0.370000 0.370000 0.370000 0.370000 0.370000 0.370000 0.370000 0.370000 0.370000 0.370000 0.370000 0.370000 0.369999 0.369999 0.370000 0.370000 0.370000 0.370000 0.370000 0.369999 0.369998 0.369998 0.369998 0.369999 0.370000 0.370000 0.370000 0.370000 0.370000 0.370000 0.370000 0.370000 0.370000 0.370000 0.370000 0.370000 0.370000 0.370000 0.370000 0.370000 0.370000 0.370000 0.370000 0.370000 0.370000 0.370000 0.370000 0.370000 0.370000 0.370000 0.370000 0.370000 0.370000 0.370000 0.369999 0.369993 0.369972 0.369930 0.369820
0.370000 0.370000 0.370000 0.370000 0.370000 0.370000 0.370000 0.370000 0.370000 0.370000 0.369999 0.369998 0.369992 0.369979 0.369955 0.369936 0.369921 0.369906 0.369935 0.369971 0.369983 0.369964 0.369941 0.369892 0.369856 0.369835 0.369840 0.369886 0.369956 0.369981 0.369986 0.369978 0.369968 0.369964 0.369965 0.369975 0.369991 0.369998 0.370000 0.370000 0.370000 0.370000 0.370000 0.370000 0.370000 0.370000 0.370000 0.370000 0.370000 0.370000 0.370000 0.370000 0.370000 0.370000 0.370000 0.370000 0.370000 0.370000 0.370000 0.370000 0.370000 0.369999 0.369995
0.370000 0.370000 0.370000 0.369992 0.369981 0.369954 0.369914 0.369893 0.369858 0.369836 0.369767 0.369700 0.369571 0.369338 0.369011 0.368644 0.368533 0.368428 0.368315 0.368673 0.368808 0.368720 0.368484 0.368198 0.368027 0.367917 0.368072 0.368530 0.368881 0.369145 0.369236 0.369107 0.369211 0.369323 0.369334 0.369571 0.369727 0.369854 0.369938 0.369979 0.369989 0.369994 0.369997 0.369999 0.370000 0.370000 0.370000 0.370000 0.370000 0.370000 0.370000 0.370000 0.370000 0.370000 0.370000 0.370000 0.370000 0.370000 0.370000 0.370000 0.370000 0.370000 0.370000
0.369990 0.369986 0.369937 0.369716 0.369324 0.368969 0.368395 0.368044 0.367603 0.366242 0.365136 0.364414 0.364554 0.363511 0.361816 0.360269 0.359564 0.359082 0.357819 0.357301 0.357828 0.359011 0.358015 0.357347 0.357625 0.357251 0.357079 0.358393 0.360125 0.360994 0.361855 0.362650 0.363116 0.363878 0.365957 0.366968 0.367711 0.368467 0.369064 0.369481 0.369699 0.369796 0.369874 0.369941 0.369973 0.369992 0.369999 0.370000 0.370000 0.370000 0.370000 0.370000 0.370000 0.370000 0.370000 0.370000 0.370000 0.370000 0.370000 0.370000 0.370000 0.370000 0.370000
0.369582 0.369425 0.368499 0.366666 0.364099 0.361877 0.359113 0.356800 0.350386 0.333724 0.318060 0.317914 0.322002 0.317180 0.303176 0.290776 0.282254 0.273746 0.262721 0.256276 0.262300 0.268657 0.268722 0.268476 0.270595 0.270424 0.269742 0.270317 0.280835 0.288625 0.296944 0.303976 0.310457 0.331608 0.347390 0.354982 0.359216 0.361883 0.364397 0.366434 0.367595 0.368203 0.368783 0.369235 0.369560 0.369772 0.369911 0.369977 0.369994 0.369998 0.370000 0.370000 0.370000 0.370000 0.370000 0.370000 0.370000 0.370000 0.370000 0.370000 0.370000 0.370000 0.370000
0.365590 0.362989 0.358248 0.348796 0.327863 0.304384 0.283623 0.265552 0.246683 0.230082 0.219882 0.225532 0.228972 0.234255 0.225879 0.219011 0.217022 0.210548 0.204751 0.197503 0.203080 0.206098 0.213228 0.213001 0.213427 0.216526 0.215095 0.214382 0.210118 0.214987 0.218297 0.222505 0.235664 0.249064 0.263687 0.277548 0.294589 0.316071 0.338463 0.353150 0.359367 0.362049 0.364236 0.366153 0.367364 0.368196 0.368900 0.369449 0.369729 0.369856 0.369934 0.369970 0.369993 0.369999 0.370000 0.370000 0.370000 0.370000 0.370000 0.370000 0.370000 0.370000 0.370000
0.321210 0.295016 0.261992 0.243331 0.232070 0.220957 0.212719 0.206215 0.196499 0.189613 0.180117 0.183573 0.188730 0.195966 0.190361 0.189353 0.190275 0.186559 0.182595 0.176650 0.177676 0.182693 0.188733 0.188901 0.190304 0.193691 0.193750 0.190980 0.185726 0.187175 0.191019 0.195006 0.202467 0.209862 0.217386 0.224299 0.233773 0.245335 0.258903 0.277132 0.300069 0.319258 0.340738 0.354700 0.359749 0.361715 0.363637 0.366018 0.367314 0.368255 0.368918 0.369292 0.369697 0.369908 0.369986 0.369999 0.370000 0.370000 0.370000 0.370000 0.370000 0.370000 0.370000
0.215604 0.202713 0.197486 0.192807 0.187880 0.183700 0.179270 0.175357 0.172137 0.167436 0.159152 0.162573 0.167547 0.173161 0.173466 0.172833 0.173182 0.171725 0.167713 0.161195 0.164089 0.168415 0.172439 0.173913 0.174850 0.177280 0.175587 0.172001 0.167159 0.169399 0.173559 0.176181 0.179567 0.184524 0.189890 0.195430 0.201939 0.208810 0.217916 0.228381 0.240450 0.253899 0.269447 0.288958 0.302268 0.316941 0.331222 0.346910 0.356014 0.359975 0.362893 0.365346 0.367449 0.368920 0.369636 0.369905 0.369984 0.369997 0.370000 0.370000 0.370000 0.370000 0.370000
0.188304 0.181098 0.176612 0.173396 0.174489 0.172848 0.168664 0.168526 0.166228 0.159645 0.161952 0.163838 0.169237 0.168319 0.168065 0.166788 0.167610 0.166707 0.160438 0.163699 0.165218 0.169164 0.170101 0.171139 0.171906 0.172685 0.171944 0.167390 0.168395 0.169764 0.173520 0.174022 0.175935 0.180643 0.182618 0.186003 0.190696 0.195865 0.202087 0.209679 0.219847 0.230187 0.239852 0.243593 0.250091 0.255512 0.252300 0.264603 0.278363 0.295092 0.319384 0.342398 0.356418 0.362604 0.366691 0.368676 0.369513 0.369863 0.369947 0.369985 0.369997 0.370000 0.370000
0.169934 0.164952 0.160246 0.162357 0.162530 0.162150 0.161163 0.159733 0.156897 0.160205 0.160594 0.160317 0.160001 0.160047 0.160525 0.159913 0.159554 0.159787 0.162402 0.162842 0.162169 0.163331 0.164313 0.165393 0.164509 0.164862 0.165034 0.166038 0.165989 0.165422 0.167281 0.168094 0.168987 0.171114 0.172860 0.175054 0.178793 0.182118 0.186337 0.193058 0.201248 0.207323 0.208887 0.213105 0.214988 0.211944 0.209266 0.214496 0.220486 0.226016 0.238404 0.252740 0.272257 0.318939 0.353562 0.362143 0.366069 0.368175 0.369131 0.369607 0.369835 0.369957 0.369991
0.163753 0.159786 0.158847 0.160439 0.160477 0.160294 0.158060 0.156037 0.158016 0.158739 0.158584 0.157768 0.158666 0.159074 0.160241 0.159194 0.158692 0.159042 0.159389 0.159345 0.160300 0.161075 0.161788 0.164714 0.163404 0.163395 0.164438 0.164110 0.163895 0.163287 0.165314 0.166242 0.166762 0.168801 0.170290 0.171987 0.174373 0.178063 0.184499 0.189946 0.196851 0.203444 0.205061 0.206196 0.204890 0.203221 0.196954 0.196837 0.203203 0.202528 0.208098 0.217633 0.220450 0.243265 0.279047 0.314093 0.347255 0.359019 0.364925 0.367138 0.368557 0.369369 0.369764
0.157953 0.157985 0.156106 0.156385 0.156097 0.154967 0.153648 0.155144 0.155022 0.154869 0.154960 0.154487 0.155296 0.155975 0.156666 0.156335 0.156307 0.155252 0.155319 0.156594 0.156842 0.157736 0.159497 0.161825 0.160611 0.160461 0.160616 0.160221 0.160365 0.159688 0.161341 0.162705 0.163275 0.165577 0.166912 0.166592 0.169634 0.174536 0.179734 0.183766 0.189550 0.197961 0.196193 0.196066 0.196844 0.191495 0.185166 0.184639 0.186543 0.185301 0.189464 0.192701 0.193701 0.205742 0.217289 0.231931 0.255639 0.297502 0.342521 0.357404 0.362752 0.366079 0.367859
