tests/Borden05m/data_simulated/sim_1/output-maps/thetaliqL0003N0002.asc
ncols         160
nrows         34
xllcorner     620200.000000
yllcorner     5168000.000000
cellsize      0.500000
NODATA_value  -9999.0
[rows 0 to 27 of 34, columns 0 to 62 of 160]
-9999.0 -9999.0 -9999.0 -9999.0 -9999.0 -9999.0 -9999.0 -9999.0 -9999.0 -9999.0 -9999.0 -9999.0 -9999.0 -9999.0 -9999.0 -9999.0 -9999.0 -9999.0 -9999.0 -9999.0 -9999.0 -9999.0 -9999.0 -9999.0 -9999.0 -9999.0 -9999.0 -9999.0 -9999.0 -9999.0 -9999.0 -9999.0 -9999.0 -9999.0 -9999.0 -9999.0 -9999.0 -9999.0 -9999.0 -9999.0 -9999.0 -9999.0 -9999.0 -9999.0 -9999.0 -9999.0 -9999.0 -9999.0 -9999.0 -9999.0 -9999.0 -9999.0 -9999.0 -9999.0 -9999.0 -9999.0 -9999.0 -9999.0 -9999.0 -9999.0 -9999.0 -9999.0 -9999.0
-9999.0 -9999.0 -9999.0 -9999.0 -9999.0 -9999.0 -9999.0 -9999.0 -9999.0 -9999.0 -9999.0 -9999.0 -9999.0 -9999.0 -9999.0 -9999.0 -9999.0 -9999.0 -9999.0 -9999.0 -9999.0 -9999.0 -9999.0 -9999.0 -9999.0 -9999.0 -9999.0 -9999.0 -9999.0 -9999.0 -9999.0 -9999.0 -9999.0 -9999.0 -9999.0 -9999.0 -9999.0 -9999.0 -9999.0 -9999.0 -9999.0 -9999.0 -9999.0 -9999.0 -9999.0 -9999.0 -9999.0 -9999.0 -9999.0 -9999.0 -9999.0 -9999.0 -9999.0 -9999.0 -9999.0 -9999.0 -9999.0 -9999.0 -9999.0 0.111800 0.110517 0.109482 0.108713
-9999.0 -9999.0 -9999.0 -9999.0 -9999.0 -9999.0 -9999.0 -9999.0 -9999.0 -9999.0 -9999.0 -9999.0 -9999.0 -9999.0 -9999.0 -9999.0 -9999.0 -9999.0 -9999.0 -9999.0 -9999.0 -9999.0 -9999.0 -9999.0 -9999.0 -9999.0 -9999.0 -9999.0 -9999.0 -9999.0 -9999.0 -9999.0 -9999.0 -9999.0 -9999.0 -9999.0 -9999.0 -9999.0 -9999.0 -9999.0 -9999.0 -9999.0 -9999.0 -9999.0 -9999.0 -9999.0 -9999.0 0.097624 0.094968 0.092179 0.091578 0.094789 0.096922 0.099178 0.101082 0.102982 0.105441 0.109052 0.109217 0.105481 0.104823 0.104468 0.104375
-9999.0 -9999.0 -9999.0 -9999.0 -9999.0 -9999.0 -9999.0 -9999.0 -9999.0 -9999.0 -9999.0 -9999.0 -9999.0 -9999.0 -9999.0 -9999.0 -9999.0 -9999.0 -9999.0 -9999.0 -9999.0 -9999.0 -9999.0 -9999.0 -9999.0 -9999.0 -9999.0 -9999.0 -9999.0 -9999.0 -9999.0 -9999.0 -9999.0 -9999.0 -9999.0 -9999.0 -9999.0 -9999.0 -9999.0 -9999.0 0.099933 0.101169 0.102033 0.100026 0.098824 0.098303 0.096014 0.093768 0.091722 0.092021 0.092134 0.091405 0.093883 0.096307 0.097805 0.099252 0.101703 0.105331 0.105416 0.102542 0.100744 0.100089 0.100290
-9999.0 -9999.0 -9999.0 -9999.0 -9999.0 -9999.0 -9999.0 -9999.0 -9999.0 -9999.0 -9999.0 -9999.0 -9999.0 -9999.0 -9999.0 -9999.0 -9999.0 -9999.0 -9999.0 -9999.0 -9999.0 -9999.0 -9999.0 -9999.0 -9999.0 -9999.0 -9999.0 -9999.0 -9999.0 -9999.0 -9999.0 -9999.0 -9999.0 -9999.0 0.091867 0.094018 0.095437 0.096920 0.098777 0.098752 0.098777 0.099874 0.098939 0.098610 0.097143 0.094728 0.092422 0.091069 0.091754 0.091371 0.091529 0.092757 0.093911 0.094858 0.097000 0.100118 0.099813 0.101084 0.101054 0.099906 0.100655 0.101327 0.101801
-9999.0 -9999.0 -9999.0 -9999.0 -9999.0 -9999.0 -9999.0 -9999.0 -9999.0 -9999.0 -9999.0 -9999.0 -9999.0 -9999.0 -9999.0 -9999.0 -9999.0 -9999.0 -9999.0 -9999.0 -9999.0 -9999.0 -9999.0 -9999.0 -9999.0 -9999.0 -9999.0 -9999.0 0.094381 0.093536 0.092877 0.092848 0.092578 0.091703 0.091719 0.092296 0.093795 0.096038 0.096849 0.097023 0.097451 0.097160 0.096010 0.095775 0.096731 0.095222 0.094245 0.093186 0.091359 0.090983 0.092125 0.093462 0.094865 0.095767 0.096701 0.097566 0.098647 0.102354 0.103585 0.101853 0.100698 0.100079 0.100258
-9999.0 -9999.0 -9999.0 -9999.0 -9999.0 -9999.0 -9999.0 -9999.0 -9999.0 -9999.0 -9999.0 -9999.0 -9999.0 -9999.0 -9999.0 -9999.0 -9999.0 -9999.0 -9999.0 -9999.0 -9999.0 -9999.0 -9999.0 0.092379 0.093144 0.093553 0.094302 0.094047 0.092664 0.091722 0.091292 0.090972 0.090324 0.090380 0.090635 0.091473 0.092341 0.094554 0.094266 0.094179 0.095925 0.095730 0.096687 0.097773 0.097420 0.097458 0.095185 0.093596 0.095100 0.095912 0.096140 0.096211 0.097314 0.098819 0.100726 0.103542 0.107033 0.110259 0.114445 0.112068 0.109939 0.106818 0.106993
-9999.0 -9999.0 -9999.0 -9999.0 -9999.0 -9999.0 -9999.0 -9999.0 -9999.0 -9999.0 -9999.0 -9999.0 -9999.0 -9999.0 -9999.0 -9999.0 -9999.0 -9999.0 -9999.0 0.091765 0.091599 0.091260 0.091506 0.090407 0.090007 0.090498 0.091309 0.091008 0.090339 0.089763 0.089857 0.089993 0.089980 0.091121 0.092238 0.092967 0.093353 0.095327 0.096361 0.097724 0.100348 0.099075 0.097703 0.096991 0.096936 0.096658 0.097998 0.098536 0.098932 0.099217 0.099703 0.100513 0.101378 0.104154 0.107226 0.110346 0.113573 0.117310 0.122578 0.120818 0.116957 0.113184 0.113178
-9999.0 -9999.0 -9999.0 -9999.0 -9999.0 -9999.0 -9999.0 -9999.0 -9999.0 -9999.0 -9999.0 -9999.0 -9999.0 -9999.0 -9999.0 -9999.0 0.090974 0.090908 0.090504 0.089924 0.089387 0.089459 0.090062 0.089277 0.089110 0.089458 0.089248 0.089853 0.090483 0.091203 0.091607 0.091106 0.091458 0.091703 0.092074 0.092968 0.095133 0.097396 0.098552 0.100407 0.103080 0.102128 0.101617 0.101692 0.101169 0.102247 0.106048 0.106147 0.105469 0.109794 0.112585 0.112563 0.112996 0.116660 0.122339 0.129888 0.141519 0.149680 0.158483 0.161322 0.152690 0.150786 0.153210
-9999.0 -9999.0 -9999.0 -9999.0 -9999.0 -9999.0 -9999.0 -9999.0 -9999.0 -9999.0 -9999.0 -9999.0 -9999.0 0.089949 0.089922 0.090200 0.089229 0.088443 0.088029 0.087488 0.088567 0.088038 0.087987 0.088299 0.089304 0.089529 0.089858 0.090665 0.090752 0.090746 0.090761 0.090561 0.091678 0.092919 0.094065 0.095995 0.097912 0.099831 0.102458 0.103799 0.105757 0.105800 0.104640 0.104498 0.105916 0.109859 0.113599 0.115782 0.121990 0.128869 0.132580 0.136931 0.139258 0.142426 0.149344 0.167031 0.187665 0.206170 0.216724 0.229274 0.228923 0.230926 0.232315
-9999.0 -9999.0 -9999.0 -9999.0 -9999.0 -9999.0 -9999.0 -9999.0 -9999.0 -9999.0 0.087687 0.088279 0.087401 0.085978 0.085453 0.085931 0.086462 0.086070 0.086280 0.088102 0.089284 0.087953 0.089245 0.089498 0.089073 0.089511 0.090278 0.090752 0.092280 0.092795 0.093343 0.095870 0.097102 0.098438 0.100123 0.102112 0.104353 0.109770 0.115047 0.116605 0.123389 0.127921 0.125173 0.124251 0.125587 0.130837 0.139251 0.150736 0.160380 0.174343 0.186741 0.194774 0.200640 0.208120 0.216979 0.238564 0.268482 0.293880 0.318241 0.331459 0.336005 0.337047 0.338632
-9999.0 -9999.0 -9999.0 -9999.0 -9999.0 -9999.0 -9999.0 -9999.0 0.085281 0.086158 0.086756 0.086056 0.085149 0.083697 0.084387 0.085133 0.085737 0.086568 0.087118 0.087688 0.087678 0.088559 0.089983 0.090055 0.090518 0.091628 0.092127 0.093408 0.095236 0.095585 0.097177 0.099363 0.101482 0.103524 0.105867 0.108061 0.113937 0.122180 0.131454 0.139671 0.150581 0.163265 0.161677 0.162574 0.163290 0.178086 0.197037 0.218179 0.240185 0.263967 0.288938 0.301866 0.309991 0.319469 0.330169 0.339185 0.354054 0.369137 0.369969 0.369995 0.369998 0.369998 0.369998
-9999.0 -9999.0 -9999.0 -9999.0 -9999.0 -9999.0 0.083848 0.085832 0.086901 0.084799 0.083318 0.082838 0.082058 0.083947 0.085875 0.086450 0.086975 0.087588 0.087724 0.086949 0.090509 0.090199 0.090157 0.091693 0.092165 0.092816 0.094134 0.096578 0.098551 0.103556 0.108250 0.112851 0.118431 0.122500 0.126667 0.131533 0.142620 0.158332 0.176612 0.193897 0.211497 0.232511 0.239394 0.242949 0.248954 0.261592 0.285227 0.310901 0.338349 0.359871 0.369532 0.369951 0.369982 0.369991 0.369995 0.369998 0.370000 0.370000 0.370000 0.370000 0.370000 0.370000 0.370000
-9999.0 -9999.0 -9999.0 -9999.0 0.084428 0.085016 0.084911 0.086854 0.088324 0.085717 0.086686 0.086260 0.085470 0.084609 0.083705 0.084719 0.085466 0.086114 0.086419 0.089932 0.093628 0.092741 0.095164 0.099274 0.099540 0.100751 0.101936 0.104874 0.109838 0.116614 0.130408 0.144395 0.153823 0.163580 0.172726 0.184790 0.203566 0.228636 0.255799 0.283235 0.308458 0.327502 0.338401 0.343317 0.350000 0.358549 0.368563 0.369949 0.369997 0.370000 0.370000 0.370000 0.370000 0.370000 0.370000 0.370000 0.370000 0.370000 0.370000 0.370000 0.370000 0.370000 0.370000
-9999.0 -9999.0 -9999.0 0.083014 0.085014 0.086021 0.085473 0.086198 0.088061 0.086839 0.086746 0.086668 0.086696 0.086920 0.087074 0.087917 0.088346 0.088321 0.089301 0.092150 0.094525 0.097884 0.101125 0.105372 0.109086 0.111248 0.113838 0.119025 0.130777 0.144497 0.167791 0.199535 0.225245 0.242853 0.255781 0.274156 0.291272 0.317162 0.342147 0.363117 0.369864 0.369987 0.369997 0.369998 0.369999 0.370000 0.370000 0.370000 0.370000 0.370000 0.370000 0.370000 0.370000 0.370000 0.370000 0.370000 0.370000 0.370000 0.370000 0.370000 0.370000 0.370000 0.370000
-9999.0 -9999.0 0.082988 0.084190 0.083789 0.085508 0.087610 0.087091 0.089629 0.090817 0.089232 0.090779 0.091858 0.091095 0.092436 0.093927 0.094821 0.093597 0.093247 0.097174 0.105540 0.114298 0.120461 0.140126 0.152190 0.160476 0.163948 0.175485 0.192162 0.222703 0.260748 0.300904 0.331048 0.350146 0.357459 0.365724 0.369820 0.369972 0.369997 0.370000 0.370000 0.370000 0.370000 0.370000 0.370000 0.370000 0.370000 0.370000 0.370000 0.370000 0.370000 0.370000 0.370000 0.370000 0.370000 0.370000 0.370000 0.370000 0.370000 0.370000 0.370000 0.370000 0.370000
-9999.0 -9999.0 0.081799 0.083585 0.082823 0.086003 0.089679 0.087862 0.089678 0.093745 0.093744 0.095084 0.095841 0.097241 0.099920 0.104148 0.102954 0.102616 0.100110 0.111249 0.124828 0.147418 0.188034 0.225429 0.252766 0.254333 0.255539 0.269142 0.290824 0.326787 0.361379 0.369850 0.369992 0.369999 0.370000 0.370000 0.370000 0.370000 0.370000 0.370000 0.370000 0.370000 0.370000 0.370000 0.370000 0.370000 0.370000 0.370000 0.370000 0.370000 0.370000 0.370000 0.370000 0.370000 0.370000 0.370000 0.370000 0.370000 0.370000 0.370000 0.370000 0.370000 0.370000
-9999.0 0.081046 0.082002 0.082336 0.084418 0.084597 0.087934 0.093130 0.094679 0.097757 0.099421 0.099200 0.110730 0.123022 0.128539 0.139393 0.135401 0.132674 0.126835 0.140437 0.164391 0.225992 0.324495 0.355526 0.366076 0.367092 0.366922 0.369691 0.369940 0.369993 0.370000 0.370000 0.370000 0.370000 0.370000 0.370000 0.370000 0.370000 0.370000 0.370000 0.370000 0.370000 0.370000 0.370000 0.370000 0.370000 0.370000 0.370000 0.370000 0.370000 0.370000 0.370000 0.370000 0.370000 0.370000 0.370000 0.370000 0.370000 0.370000 0.370000 0.370000 0.370000 0.370000
-9999.0 0.078911 0.081787 0.083954 0.083720 0.083355 0.089907 0.102953 0.101880 0.103426 0.105882 0.116595 0.147971 0.180912 0.202617 0.231767 0.226983 0.214264 0.213532 0.242570 0.289204 0.346872 0.369944 0.370000 0.370000 0.370000 0.370000 0.370000 0.370000 0.370000 0.370000 0.370000 0.370000 0.370000 0.370000 0.370000 0.370000 0.370000 0.370000 0.370000 0.370000 0.370000 0.370000 0.370000 0.370000 0.370000 0.370000 0.370000 0.370000 0.370000 0.370000 0.370000 0.370000 0.370000 0.370000 0.370000 0.370000 0.370000 0.370000 0.370000 0.370000 0.370000 0.370000
-9999.0 0.080877 0.084704 0.083995 0.081657 0.087265 0.091850 0.103276 0.115550 0.118181 0.132887 0.176971 0.243417 0.312319 0.344070 0.357078 0.363182 0.362795 0.369137 0.369930 0.369997 0.370000 0.370000 0.370000 0.370000 0.370000 0.370000 0.370000 0.370000 0.370000 0.370000 0.370000 0.370000 0.370000 0.370000 0.370000 0.370000 0.370000 0.370000 0.370000 0.370000 0.370000 0.370000 0.370000 0.370000 0.370000 0.370000 0.370000 0.370000 0.370000 0.370000 0.370000 0.370000 0.370000 0.370000 0.370000 0.370000 0.370000 0.370000 0.370000 0.370000 0.370000 0.370000
-9999.0 0.077300 0.081655 0.078340 0.084235 0.092100 0.094140 0.114098 0.147145 0.159905 0.220875 0.298110 0.358017 0.369895 0.369998 0.370000 0.370000 0.370000 0.370000 0.370000 0.370000 0.370000 0.370000 0.370000 0.370000 0.370000 0.370000 0.370000 0.370000 0.370000 0.370000 0.370000 0.370000 0.370000 0.370000 0.370000 0.370000 0.370000 0.370000 0.370000 0.370000 0.370000 0.370000 0.370000 0.370000 0.370000 0.370000 0.370000 0.370000 0.370000 0.370000 0.370000 0.370000 0.370000 0.370000 0.370000 0.370000 0.370000 0.370000 0.370000 0.369999 0.369993 0.369990
-9999.0 0.075213 0.077629 0.079959 0.085735 0.091962 0.100988 0.126878 0.200491 0.257201 0.316271 0.346163 0.369789 0.370000 0.370000 0.370000 0.370000 0.370000 0.370000 0.370000 0.370000 0.370000 0.370000 0.370000 0.370000 0.370000 0.370000 0.370000 0.370000 0.370000 0.370000 0.370000 0.370000 0.370000 0.370000 0.370000 0.370000 0.370000 0.370000 0.370000 0.370000 0.370000 0.370000 0.370000 0.370000 0.370000 0.370000 0.370000 0.370000 0.370000 0.370000 0.370000 0.370000 0.370000 0.370000 0.370000 0.369998 0.369964 0.368696 0.355443 0.332252 0.321270 0.316390
-9999.0 0.072056 0.078396 0.079734 0.083070 0.085034 0.088158 0.102242 0.133293 0.247088 0.356614 0.364863 0.369799 0.369999 0.370000 0.370000 0.370000 0.370000 0.370000 0.370000 0.370000 0.370000 0.370000 0.370000 0.370000 0.370000 0.370000 0.370000 0.370000 0.370000 0.370000 0.370000 0.370000 0.370000 0.370000 0.370000 0.370000 0.370000 0.370000 0.370000 0.370000 0.370000 0.370000 0.370000 0.370000 0.370000 0.369999 0.369998 0.369995 0.369991 0.369984 0.369962 0.369709 0.367259 0.362083 0.354865 0.336694 0.316821 0.296721 0.271334 0.236789 0.216060 0.214267
-9999.0 -9999.0 0.074838 0.079613 0.080635 0.082164 0.084275 0.092942 0.107698 0.167388 0.235417 0.297266 0.330131 0.359728 0.369897 0.369996 0.369999 0.370000 0.369997 0.369997 0.369998 0.369998 0.369999 0.370000 0.370000 0.370000 0.370000 0.370000 0.370000 0.370000 0.369998 0.369994 0.369991 0.369987 0.369992 0.369996 0.369995 0.369993 0.369980 0.369842 0.365946 0.357883 0.355012 0.355318 0.355229 0.353337 0.349623 0.341031 0.331207 0.320529 0.314952 0.309794 0.304758 0.296066 0.287160 0.276700 0.256936 0.238035 0.220631 0.194314 0.170008 0.149696 0.137470
-9999.0 -9999.0 0.071607 0.076793 0.080576 0.084107 0.084170 0.085976 0.098505 0.109583 0.126681 0.153117 0.184194 0.218337 0.257953 0.304939 0.320686 0.325147 0.320855 0.321704 0.330166 0.338480 0.344953 0.352485 0.359853 0.365181 0.367771 0.364638 0.358539 0.348110 0.334086 0.317900 0.308480 0.303045 0.308046 0.315749 0.312695 0.304063 0.290825 0.274464 0.262022 0.250402 0.247159 0.246424 0.246707 0.244830 0.242192 0.233788 0.223644 0.217035 0.211898 0.207335 0.205570 0.200248 0.193747 0.190299 0.178904 0.166213 0.154460 0.141150 0.127649 0.119843 0.113360
-9999.0 -9999.0 -9999.0 0.072042 0.075173 0.078620 0.080517 0.078814 0.081225 0.086312 0.091714 0.100437 0.107827 0.116008 0.127186 0.144518 0.155923 0.159368 0.159061 0.182925 0.195038 0.217746 0.237637 0.245733 0.257273 0.269383 0.272944 0.264086 0.255307 0.241914 0.223894 0.206319 0.196767 0.197752 0.198082 0.201031 0.197075 0.193759 0.185786 0.177773 0.170161 0.164666 0.162937 0.160908 0.159876 0.158285 0.156904 0.153747 0.150014 0.146331 0.143151 0.142300 0.141352 0.139690 0.137479 0.135664 0.132756 0.124895 0.118758 0.113058 0.107563 0.102981 0.099126
-9999.0 -9999.0 -9999.0 -9999.0 -9999.0 0.070810 0.076461 0.078550 0.078963 0.078734 0.080407 0.085856 0.086242 0.088181 0.091897 0.094779 0.097016 0.100801 0.107679 0.115284 0.125628 0.134725 0.146689 0.158036 0.163711 0.170857 0.173539 0.167883 0.163343 0.156510 0.145989 0.136392 0.135256 0.135820 0.136121 0.135596 0.133807 0.132360 0.130381 0.126193 0.122578 0.121525 0.120761 0.119876 0.118926 0.118180 0.117516 0.117019 0.114859 0.112962 0.113570 0.113107 0.112725 0.112548 0.111399 0.110471 0.109849 0.105026 0.101864 0.101241 0.097163 0.094326 0.093773
-9999.0 -9999.0 -9999.0 -9999.0 -9999.0 -9999.0 0.070342 0.073096 0.076672 0.078171 0.080661 0.082963 0.080765 0.082094 0.083650 0.085502 0.088348 0.089360 0.091403 0.094257 0.098134 0.101285 0.106185 0.112488 0.113972 0.116076 0.119211 0.116156 0.114179 0.112712 0.107130 0.107072 0.106070 0.106426 0.106525 0.106851 0.105993 0.105137 0.104502 0.102219 0.101749 0.100985 0.100568 0.100161 0.099754 0.099474 0.099336 0.099242 0.098036 0.098565 0.098798 0.098463 0.098233 0.098261 0.097730 0.096898 0.096587 0.094775 0.093992 0.093402 0.090844 0.090249 0.089603
