tests/Borden05m/data_simulated/sim_1/output-maps/thetaliqL0007N0003.asc
ncols         160
nrows         34
xllcorner     620200.000000
yllcorner     5168000.000000
cellsize      0.500000
NODATA_value  -9999.0
[rows 0 to 27 of 34, columns 63 to 125 of 160]
-9999.0 -9999.0 -9999.0 -9999.0 -9999.0 -9999.0 -9999.0 -9999.0 -9999.0 -9999.0 -9999.0 -9999.0 -9999.0 -9999.0 -9999.0 -9999.0 -9999.0 -9999.0 -9999.0 -9999.0 -9999.0 -9999.0 -9999.0 -9999.0 -9999.0 -9999.0 -9999.0 -9999.0 -9999.0 -9999.0 -9999.0 -9999.0 -9999.0 -9999.0 -9999.0 -9999.0 -9999.0 -9999.0 -9999.0 -9999.0 -9999.0 -9999.0 -9999.0 -9999.0 -9999.0 -9999.0 -9999.0 -9999.0 -9999.0 -9999.0 -9999.0 -9999.0 -9999.0 -9999.0 -9999.0 -9999.0 -9999.0 -9999.0 -9999.0 -9999.0 -9999.0 -9999.0 -9999.0
0.316007 0.309967 0.303953 0.301047 0.300273 0.299522 0.299125 0.302759 0.308042 0.312916 0.317368 0.318729 0.320116 0.321447 0.321716 0.320896 0.318911 0.316867 0.314702 0.313757 0.308236 0.300304 0.293765 0.291691 0.295022 0.298309 0.300132 0.304482 0.311823 0.318727 0.323818 0.330211 0.332992 0.335548 0.337163 0.335413 0.333844 0.332188 0.329988 0.324124 -9999.0 -9999.0 -9999.0 -9999.0 -9999.0 -9999.0 -9999.0 -9999.0 -9999.0 -9999.0 -9999.0 -9999.0 -9999.0 -9999.0 -9999.0 -9999.0 -9999.0 -9999.0 -9999.0 -9999.0 -9999.0 -9999.0 -9999.0
0.305427 0.299105 0.295010 0.290790 0.289409 0.289222 0.289111 0.292132 0.299131 0.304613 0.307772 0.309278 0.310792 0.310874 0.310501 0.310168 0.308185 0.305828 0.303443 0.302158 0.302061 0.296606 0.292719 0.290304 0.289491 0.291303 0.293009 0.295159 0.302137 0.307912 0.313435 0.322050 0.328894 0.331659 0.330578 0.328081 0.326272 0.322950 0.317413 0.310956 0.303911 0.298951 0.295268 0.291729 0.296383 0.301039 0.308299 0.315110 0.322465 0.329218 -9999.0 -9999.0 -9999.0 -9999.0 -9999.0 -9999.0 -9999.0 -9999.0 -9999.0 -9999.0 -9999.0 -9999.0 -9999.0
0.296314 0.293340 0.289625 0.286492 0.291982 0.292702 0.293406 0.295597 0.298025 0.299400 0.301284 0.304852 0.310724 0.312310 0.312541 0.312530 0.311279 0.309180 0.307945 0.306027 0.302397 0.301766 0.302077 0.302153 0.305808 0.306812 0.307651 0.302805 0.305095 0.309387 0.313931 0.318446 0.322731 0.325583 0.324017 0.323431 0.318821 0.310445 0.302925 0.296950 0.295161 0.293084 0.287639 0.278659 0.284141 0.295920 0.299472 0.302330 0.310593 0.318429 0.324416 0.325505 0.325387 0.325265 0.323913 0.315776 0.306340 0.296129 0.282296 -9999.0 -9999.0 -9999.0 -9999.0
0.297428 0.295009 0.293896 0.303015 0.309268 0.310163 0.311868 0.313831 0.312786 0.304366 0.302382 0.308159 0.314866 0.318427 0.318384 0.318247 0.317306 0.316594 0.316186 0.314583 0.315303 0.316923 0.317460 0.320605 0.323867 0.325381 0.320270 0.314593 0.314848 0.319567 0.324210 0.328351 0.334095 0.339636 0.339166 0.336718 0.332670 0.325714 0.311887 0.298513 0.291189 0.286671 0.281725 0.281184 0.279943 0.288128 0.289743 0.291219 0.297797 0.305187 0.311999 0.315756 0.315584 0.315398 0.314010 0.307988 0.297921 0.287200 0.274611 0.254544 0.231763 0.210447 0.209900
0.301067 0.303415 0.312269 0.320693 0.329078 0.330232 0.331348 0.331064 0.325627 0.319555 0.316746 0.325601 0.333704 0.337502 0.337854 0.338148 0.341749 0.340741 0.339412 0.336769 0.337878 0.339255 0.344142 0.346908 0.349174 0.348492 0.344210 0.339757 0.338879 0.339649 0.340438 0.342904 0.347002 0.350592 0.349146 0.346656 0.342774 0.329442 0.313195 0.302022 0.302956 0.303637 0.300802 0.298878 0.296419 0.290948 0.290924 0.290815 0.290694 0.299632 0.308169 0.310591 0.306738 0.304457 0.303049 0.296961 0.289110 0.277628 0.264387 0.249410 0.226802 0.221121 0.215203
0.328671 0.332805 0.338928 0.346370 0.353987 0.354914 0.355856 0.356847 0.354072 0.350425 0.346255 0.351414 0.354151 0.356475 0.357307 0.359837 0.361690 0.360775 0.359004 0.356861 0.358336 0.361147 0.363485 0.364287 0.364666 0.364727 0.363511 0.362761 0.362304 0.362315 0.361650 0.362101 0.363780 0.365598 0.365663 0.364480 0.361184 0.353120 0.340680 0.330059 0.332297 0.329286 0.326358 0.324104 0.315824 0.308519 0.308507 0.302211 0.297954 0.306090 0.310266 0.311635 0.307714 0.311470 0.306404 0.293897 0.280883 0.268622 0.257080 0.245178 0.239239 0.231826 0.225894
0.349421 0.352191 0.357115 0.361906 0.365250 0.366441 0.367043 0.367641 0.367191 0.366464 0.365598 0.366113 0.367136 0.367915 0.368497 0.368982 0.369313 0.369182 0.368918 0.368834 0.368975 0.369391 0.369629 0.369696 0.369725 0.369771 0.369718 0.369626 0.369494 0.369332 0.369143 0.368990 0.369354 0.369596 0.369566 0.369076 0.368168 0.365786 0.360831 0.352801 0.351207 0.351099 0.350733 0.345450 0.339248 0.330139 0.324119 0.319051 0.309590 0.312653 0.316508 0.323089 0.328719 0.328426 0.319160 0.308177 0.294687 0.280485 0.269222 0.265596 0.261626 0.254034 0.249028
0.368237 0.368502 0.368987 0.369589 0.369899 0.369976 0.369996 0.369997 0.369994 0.369986 0.369963 0.369947 0.369973 0.369989 0.369997 0.369999 0.370000 0.370000 0.370000 0.370000 0.370000 0.370000 0.370000 0.370000 0.370000 0.370000 0.370000 0.370000 0.370000 0.370000 0.370000 0.370000 0.370000 0.370000 0.370000 0.369999 0.369986 0.369919 0.369634 0.368950 0.368034 0.368067 0.367260 0.365859 0.363299 0.356249 0.350732 0.344858 0.331419 0.329028 0.334795 0.341421 0.344494 0.337809 0.329808 0.319220 0.305924 0.291445 0.286534 0.285601 0.283326 0.278921 0.276908
0.369995 0.369997 0.369999 0.370000 0.370000 0.370000 0.370000 0.370000 0.370000 0.370000 0.370000 0.370000 0.370000 0.370000 0.370000 0.370000 0.370000 0.370000 0.370000 0.370000 0.370000 0.370000 0.370000 0.370000 0.370000 0.370000 0.370000 0.370000 0.370000 0.370000 0.370000 0.370000 0.370000 0.370000 0.370000 0.370000 0.370000 0.370000 0.370000 0.370000 0.369995 0.369975 0.369930 0.369827 0.369243 0.367611 0.364470 0.359800 0.352633 0.351006 0.358028 0.362839 0.361348 0.359117 0.354929 0.347153 0.336930 0.323700 0.319340 0.317421 0.313873 0.309693 0.305565
0.370000 0.370000 0.370000 0.370000 0.370000 0.370000 0.370000 0.370000 0.370000 0.370000 0.370000 0.370000 0.370000 0.370000 0.370000 0.370000 0.370000 0.370000 0.370000 0.370000 0.370000 0.370000 0.370000 0.370000 0.370000 0.370000 0.370000 0.370000 0.370000 0.370000 0.370000 0.370000 0.370000 0.370000 0.370000 0.370000 0.370000 0.370000 0.370000 0.370000 0.370000 0.370000 0.370000 0.370000 0.370000 0.369999 0.369987 0.369900 0.369530 0.368801 0.369489 0.369318 0.369012 0.368372 0.366835 0.364175 0.359905 0.353408 0.350069 0.348100 0.345213 0.342635 0.338863
0.370000 0.370000 0.370000 0.370000 0.370000 0.370000 0.370000 0.370000 0.370000 0.370000 0.370000 0.370000 0.370000 0.370000 0.370000 0.370000 0.370000 0.370000 0.370000 0.370000 0.370000 0.370000 0.370000 0.370000 0.370000 0.370000 0.370000 0.370000 0.370000 0.370000 0.370000 0.370000 0.370000 0.370000 0.370000 0.370000 0.370000 0.370000 0.370000 0.370000 0.370000 0.370000 0.370000 0.370000 0.370000 0.370000 0.370000 0.370000 0.370000 0.370000 0.369999 0.369996 0.369988 0.369945 0.369794 0.369480 0.368496 0.366429 0.364146 0.362982 0.361747 0.360032 0.357433
0.370000 0.370000 0.370000 0.370000 0.370000 0.370000 0.370000 0.370000 0.370000 0.370000 0.370000 0.370000 0.370000 0.370000 0.370000 0.370000 0.370000 0.370000 0.370000 0.370000 0.370000 0.370000 0.370000 0.370000 0.370000 0.370000 0.370000 0.370000 0.370000 0.370000 0.370000 0.370000 0.370000 0.370000 0.370000 0.370000 0.370000 0.370000 0.370000 0.370000 0.370000 0.370000 0.370000 0.370000 0.370000 0.370000 0.370000 0.370000 0.370000 0.370000 0.370000 0.370000 0.370000 0.370000 0.370000 0.370000 0.369995 0.369933 0.369749 0.369567 0.369129 0.368404 0.367476
0.370000 0.370000 0.370000 0.370000 0.370000 0.370000 0.370000 0.370000 0.370000 0.370000 0.370000 0.370000 0.370000 0.370000 0.370000 0.370000 0.370000 0.370000 0.370000 0.370000 0.370000 0.370000 0.370000 0.370000 0.370000 0.370000 0.370000 0.370000 0.370000 0.370000 0.370000 0.370000 0.370000 0.370000 0.370000 0.370000 0.370000 0.370000 0.370000 0.370000 0.370000 0.370000 0.370000 0.370000 0.370000 0.370000 0.370000 0.370000 0.370000 0.370000 0.370000 0.370000 0.370000 0.370000 0.370000 0.370000 0.370000 0.370000 0.370000 0.370000 0.369992 0.369959 0.369874
0.370000 0.370000 0.370000 0.370000 0.370000 0.370000 0.370000 0.370000 0.370000 0.370000 0.370000 0.370000 0.370000 0.370000 0.370000 0.370000 0.370000 0.370000 0.370000 0.370000 0.370000 0.370000 0.370000 0.370000 0.370000 0.370000 0.370000 0.370000 0.370000 0.370000 0.370000 0.370000 0.370000 0.370000 0.370000 0.370000 0.370000 0.370000 0.370000 0.370000 0.370000 0.370000 0.370000 0.370000 0.370000 0.370000 0.370000 0.370000 0.370000 0.370000 0.370000 0.370000 0.370000 0.370000 0.370000 0.370000 0.370000 0.370000 0.370000 0.370000 0.370000 0.370000 0.370000
0.370000 0.370000 0.370000 0.370000 0.370000 0.370000 0.370000 0.370000 0.370000 0.370000 0.370000 0.370000 0.370000 0.370000 0.370000 0.370000 0.370000 0.370000 0.370000 0.370000 0.370000 0.370000 0.370000 0.370000 0.370000 0.370000 0.370000 0.370000 0.370000 0.370000 0.370000 0.370000 0.370000 0.370000 0.370000 0.370000 0.370000 0.370000 0.370000 0.370000 0.370000 0.370000 0.370000 0.370000 0.370000 0.370000 0.370000 0.370000 0.370000 0.370000 0.370000 0.370000 0.370000 0.370000 0.370000 0.370000 0.370000 0.370000 0.370000 0.370000 0.370000 0.370000 0.370000
0.370000 0.370000 0.370000 0.370000 0.370000 0.370000 0.370000 0.370000 0.370000 0.370000 0.370000 0.370000 0.370000 0.370000 0.370000 0.370000 0.370000 0.370000 0.370000 0.370000 0.370000 0.370000 0.370000 0.370000 0.370000 0.370000 0.370000 0.370000 0.370000 0.370000 0.370000 0.370000 0.370000 0.370000 0.370000 0.370000 0.370000 0.370000 0.370000 0.370000 0.370000 0.370000 0.370000 0.370000 0.370000 0.370000 0.370000 0.370000 0.370000 0.370000 0.370000 0.370000 0.370000 0.370000 0.370000 0.370000 0.370000 0.370000 0.370000 0.370000 0.370000 0.370000 0.370000
0.370000 0.370000 0.370000 0.370000 0.370000 0.370000 0.370000 0.370000 0.370000 0.370000 0.370000 0.370000 0.370000 0.370000 0.370000 0.370000 0.370000 0.370000 0.370000 0.370000 0.370000 0.370000 0.370000 0.370000 0.370000 0.370000 0.370000 0.370000 0.370000 0.370000 0.370000 0.370000 0.370000 0.370000 0.370000 0.370000 0.370000 0.370000 0.370000 0.370000 0.370000 0.370000 0.370000 0.370000 0.370000 0.370000 0.370000 0.370000 0.370000 0.370000 0.370000 0.370000 0.370000 0.370000 0.370000 0.370000 0.370000 0.370000 0.370000 0.370000 0.370000 0.370000 0.370000
0.370000 0.370000 0.370000 0.370000 0.370000 0.370000 0.370000 0.370000 0.370000 0.370000 0.370000 0.370000 0.370000 0.370000 0.370000 0.370000 0.370000 0.370000 0.370000 0.370000 0.370000 0.370000 0.370000 0.370000 0.370000 0.370000 0.370000 0.370000 0.370000 0.370000 0.370000 0.370000 0.370000 0.370000 0.370000 0.370000 0.370000 0.370000 0.370000 0.370000 0.370000 0.370000 0.370000 0.370000 0.370000 0.370000 0.370000 0.370000 0.370000 0.370000 0.370000 0.370000 0.370000 0.370000 0.370000 0.370000 0.370000 0.370000 0.370000 0.370000 0.370000 0.370000 0.370000
0.370000 0.370000 0.370000 0.370000 0.370000 0.370000 0.370000 0.370000 0.370000 0.370000 0.370000 0.370000 0.370000 0.370000 0.370000 0.370000 0.370000 0.369999 0.369998 0.369997 0.369998 0.369999 0.369998 0.369996 0.369997 0.369996 0.369996 0.369999 0.370000 0.370000 0.370000 0.370000 0.370000 0.370000 0.370000 0.370000 0.370000 0.370000 0.370000 0.370000 0.370000 0.370000 0.370000 0.370000 0.370000 0.370000 0.370000 0.370000 0.370000 0.370000 0.370000 0.370000 0.370000 0.370000 0.370000 0.370000 0.370000 0.370000 0.370000 0.370000 0.370000 0.370000 0.370000
0.370000 0.370000 0.370000 0.370000 0.370000 0.370000 0.369999 0.369996 0.369980 0.369902 0.369780 0.369795 0.369839 0.369815 0.369669 0.369462 0.369240 0.368903 0.368345 0.367883 0.368283 0.368639 0.368774 0.368830 0.368932 0.368963 0.368934 0.368890 0.369175 0.369388 0.369566 0.369686 0.369779 0.369926 0.369978 0.369993 0.369999 0.370000 0.370000 0.370000 0.370000 0.370000 0.370000 0.370000 0.370000 0.370000 0.370000 0.370000 0.370000 0.370000 0.370000 0.370000 0.370000 0.370000 0.370000 0.370000 0.370000 0.370000 0.370000 0.370000 0.370000 0.370000 0.370000
0.370000 0.370000 0.369999 0.369975 0.369879 0.369664 0.369235 0.368414 0.366698 0.363936 0.361126 0.362250 0.363275 0.364414 0.362734 0.360721 0.359423 0.356306 0.352633 0.348404 0.351111 0.353780 0.357459 0.358159 0.358767 0.359897 0.359577 0.359152 0.357845 0.359650 0.361341 0.363204 0.366041 0.367789 0.368812 0.369339 0.369657 0.369855 0.369954 0.369990 0.369999 0.370000 0.370000 0.370000 0.370000 0.370000 0.370000 0.370000 0.370000 0.370000 0.370000 0.370000 0.370000 0.370000 0.370000 0.370000 0.370000 0.370000 0.370000 0.370000 0.370000 0.370000 0.370000
0.369784 0.369314 0.367826 0.366155 0.364042 0.360541 0.356064 0.350356 0.340844 0.330312 0.317854 0.320510 0.327393 0.334351 0.330503 0.328072 0.326351 0.319815 0.311545 0.302655 0.305215 0.314636 0.324309 0.327683 0.330768 0.334307 0.334228 0.331097 0.326640 0.329410 0.335623 0.342153 0.349809 0.355972 0.360449 0.363472 0.365888 0.367598 0.368697 0.369383 0.369749 0.369886 0.369964 0.369993 0.369999 0.370000 0.370000 0.370000 0.370000 0.370000 0.370000 0.370000 0.370000 0.370000 0.370000 0.370000 0.370000 0.370000 0.370000 0.370000 0.370000 0.370000 0.370000
0.358997 0.351316 0.344606 0.336955 0.328182 0.318071 0.305508 0.292042 0.277599 0.260829 0.244914 0.249353 0.260425 0.270845 0.272222 0.269937 0.267608 0.261267 0.250476 0.240666 0.247095 0.259563 0.271732 0.279139 0.284073 0.288750 0.286572 0.280260 0.274421 0.280167 0.291312 0.301713 0.313223 0.325486 0.335976 0.344610 0.351862 0.357477 0.362026 0.365245 0.367341 0.368582 0.369279 0.369662 0.369788 0.369877 0.369931 0.369977 0.369995 0.370000 0.370000 0.370000 0.370000 0.370000 0.370000 0.370000 0.370000 0.370000 0.370000 0.370000 0.370000 0.370000 0.370000
0.323953 0.305947 0.289292 0.276104 0.268437 0.257003 0.241696 0.231010 0.218027 0.203241 0.201889 0.204983 0.214760 0.216999 0.217637 0.215396 0.214597 0.210807 0.201679 0.205458 0.211409 0.223084 0.231802 0.239165 0.244212 0.247565 0.246853 0.240682 0.242431 0.248188 0.259861 0.269107 0.280915 0.296184 0.307891 0.319759 0.331362 0.341358 0.349807 0.356596 0.361799 0.365002 0.366809 0.367508 0.368124 0.368467 0.368335 0.368923 0.369345 0.369635 0.369861 0.369961 0.369996 0.370000 0.370000 0.370000 0.370000 0.370000 0.370000 0.370000 0.370000 0.370000 0.370000
0.257623 0.234550 0.215530 0.208403 0.200888 0.192851 0.183873 0.175222 0.167370 0.166770 0.165538 0.165572 0.167049 0.168901 0.170389 0.169779 0.169129 0.169316 0.172368 0.174965 0.178465 0.185486 0.193025 0.200096 0.203014 0.206028 0.207913 0.209960 0.211730 0.215033 0.223827 0.232940 0.243485 0.257014 0.270588 0.284878 0.300674 0.315086 0.328478 0.340685 0.350230 0.355815 0.358097 0.360115 0.360923 0.360256 0.359583 0.361232 0.363233 0.364817 0.366847 0.368270 0.369128 0.369843 0.369992 0.370000 0.370000 0.370000 0.370000 0.370000 0.370000 0.370000 0.370000
0.200119 0.182043 0.170559 0.164798 0.159258 0.153832 0.147168 0.142037 0.140890 0.139933 0.139067 0.138482 0.140000 0.141624 0.143534 0.143301 0.143402 0.144554 0.146523 0.149212 0.153719 0.159462 0.166049 0.174426 0.177099 0.179929 0.183329 0.184944 0.186903 0.189756 0.197673 0.206035 0.215277 0.228317 0.242137 0.257333 0.274721 0.293629 0.313256 0.328397 0.340552 0.348567 0.351402 0.352750 0.352361 0.350789 0.346972 0.346970 0.350855 0.352211 0.356163 0.360730 0.363138 0.367222 0.369282 0.369808 0.369974 0.369999 0.370000 0.370000 0.370000 0.370000 0.370000
0.156934 0.147474 0.138754 0.133711 0.129726 0.126093 0.123049 0.122121 0.121122 0.120491 0.120089 0.119650 0.120482 0.121832 0.123200 0.123805 0.124662 0.125593 0.127672 0.130981 0.134415 0.139392 0.145954 0.153120 0.156129 0.158971 0.161928 0.163995 0.166311 0.168616 0.174917 0.182362 0.190109 0.202399 0.216053 0.230477 0.250970 0.274413 0.296516 0.313690 0.328253 0.339708 0.341185 0.341814 0.341603 0.336019 0.328532 0.325927 0.327766 0.328487 0.333410 0.339449 0.344785 0.354590 0.361375 0.365706 0.368392 0.369665 0.369964 0.369997 0.370000 0.370000 0.370000
