tests/Borden05m/data_simulated/sim_1/output-maps/thetaliqL0006N0011.asc
ncols         160
nrows         34
xllcorner     620200.000000
yllcorner     5168000.000000
cellsize      0.500000
NODATA_value  -9999.0
[rows 0 to 27 of 34, columns 63 to 125 of 160]
-9999.0 -9999.0 -9999.0 -9999.0 -9999.0 -9999.0 -9999.0 -9999.0 -9999.0 -9999.0 -9999.0 -9999.0 -9999.0 -9999.0 -9999.0 -9999.0 -9999.0 -9999.0 -9999.0 -9999.0 -9999.0 -9999.0 -9999.0 -9999.0 -9999.0 -9999.0 -9999.0 -9999.0 -9999.0 -9999.0 -9999.0 -9999.0 -9999.0 -9999.0 -9999.0 -9999.0 -9999.0 -9999.0 -9999.0 -9999.0 -9999.0 -9999.0 -9999.0 -9999.0 -9999.0 -9999.0 -9999.0 -9999.0 -9999.0 -9999.0 -9999.0 -9999.0 -9999.0 -9999.0 -9999.0 -9999.0 -9999.0 -9999.0 -9999.0 -9999.0 -9999.0 -9999.0 -9999.0
0.184645 0.178396 0.172702 0.170142 0.169484 0.168845 0.168518 0.171681 0.176551 0.181406 0.186202 0.187740 0.189353 0.190954 0.191294 0.190313 0.188000 0.185704 0.183357 0.182369 0.176793 0.169574 0.164169 0.162550 0.165179 0.167879 0.169426 0.173300 0.180381 0.187835 0.193938 0.202498 0.206566 0.210596 0.213303 0.210383 0.207864 0.205331 0.202156 0.194277 -9999.0 -9999.0 -9999.0 -9999.0 -9999.0 -9999.0 -9999.0 -9999.0 -9999.0 -9999.0 -9999.0 -9999.0 -9999.0 -9999.0 -9999.0 -9999.0 -9999.0 -9999.0 -9999.0 -9999.0 -9999.0 -9999.0 -9999.0
0.174070 0.168486 0.165112 0.161819 0.160805 0.160667 0.160591 0.162905 0.168544 0.173365 0.176325 0.177777 0.179268 0.179410 0.179053 0.178723 0.176791 0.174569 0.172394 0.171256 0.171130 0.166499 0.163412 0.161573 0.161009 0.162378 0.163692 0.165354 0.171245 0.176567 0.182106 0.191773 0.200653 0.204615 0.203026 0.199479 0.197038 0.192824 0.186351 0.179503 0.172731 0.168368 0.165332 0.162577 0.166252 0.170115 0.176761 0.183711 0.192117 0.200948 -9999.0 -9999.0 -9999.0 -9999.0 -9999.0 -9999.0 -9999.0 -9999.0 -9999.0 -9999.0 -9999.0 -9999.0 -9999.0
0.166208 0.163816 0.160968 0.158759 0.162813 0.163385 0.163955 0.165708 0.167753 0.168831 0.170467 0.173662 0.179290 0.180900 0.181149 0.181149 0.179886 0.177811 0.176626 0.174816 0.171523 0.170998 0.171301 0.171414 0.174771 0.175714 0.176459 0.171932 0.173973 0.178054 0.182676 0.187677 0.192792 0.196488 0.194471 0.193650 0.188114 0.179143 0.171992 0.166829 0.165287 0.163629 0.159503 0.153260 0.156978 0.165861 0.168796 0.171297 0.179060 0.187380 0.194549 0.195889 0.195721 0.195547 0.193825 0.184331 0.174851 0.165982 0.155636 -9999.0 -9999.0 -9999.0 -9999.0
0.167170 0.165218 0.164426 0.172189 0.178102 0.179013 0.180763 0.182794 0.181633 0.173400 0.171599 0.176996 0.183868 0.187859 0.187828 0.187703 0.186735 0.185956 0.185501 0.183744 0.184587 0.186422 0.187158 0.190903 0.194943 0.196874 0.190372 0.183923 0.184128 0.189387 0.195012 0.200521 0.209078 0.218542 0.217596 0.213218 0.206637 0.196690 0.180650 0.168175 0.162295 0.158948 0.155446 0.154967 0.154182 0.159871 0.161068 0.162159 0.167432 0.173877 0.180437 0.184357 0.184165 0.183960 0.182475 0.176432 0.167460 0.159121 0.150559 0.138861 0.127603 0.118369 0.118170
0.170560 0.172760 0.181482 0.190968 0.202097 0.203856 0.205590 0.205243 0.197545 0.189960 0.186670 0.197514 0.209213 0.215593 0.216346 0.217163 0.224163 0.222161 0.219545 0.214778 0.216822 0.219609 0.229572 0.235780 0.241251 0.239553 0.229766 0.220918 0.219164 0.220386 0.221624 0.226380 0.235322 0.244303 0.240496 0.234238 0.225524 0.202646 0.182486 0.171560 0.172367 0.172939 0.170394 0.168686 0.166534 0.162086 0.162035 0.161947 0.161837 0.169013 0.176686 0.179038 0.175314 0.173206 0.171924 0.166679 0.160545 0.152512 0.144321 0.136142 0.125336 0.122815 0.120349
0.201798 0.208093 0.218632 0.234246 0.254846 0.258418 0.262076 0.265954 0.256749 0.246168 0.235707 0.248372 0.256581 0.264677 0.268370 0.279101 0.288069 0.283837 0.276143 0.268209 0.273893 0.286518 0.298921 0.303869 0.306384 0.307191 0.299893 0.295499 0.292536 0.291951 0.288150 0.289974 0.299342 0.311328 0.311580 0.302407 0.283537 0.253035 0.222812 0.204363 0.207229 0.202633 0.198495 0.195289 0.185308 0.177561 0.177408 0.171490 0.167751 0.174873 0.178846 0.180214 0.176383 0.180062 0.175071 0.164375 0.154783 0.146871 0.140219 0.134030 0.131084 0.127600 0.124942
0.244569 0.252411 0.268950 0.290782 0.312500 0.324003 0.331088 0.336870 0.332441 0.325795 0.318366 0.321103 0.330257 0.338654 0.345990 0.352506 0.357428 0.355952 0.352781 0.352014 0.353805 0.359369 0.363106 0.364373 0.365035 0.365909 0.365087 0.363461 0.361157 0.358423 0.355539 0.353437 0.358262 0.361996 0.361322 0.353240 0.340508 0.317398 0.286926 0.255696 0.249218 0.248358 0.246569 0.233034 0.219984 0.204329 0.195578 0.189160 0.178730 0.181630 0.185760 0.193537 0.201011 0.200351 0.188569 0.176943 0.165066 0.154539 0.147267 0.145119 0.142833 0.138650 0.136033
0.343400 0.346766 0.353329 0.363130 0.368526 0.369626 0.369879 0.369905 0.369859 0.369770 0.369543 0.369376 0.369651 0.369817 0.369902 0.369942 0.369965 0.369974 0.369973 0.369973 0.369976 0.369980 0.369985 0.369990 0.369993 0.369995 0.369995 0.369992 0.369987 0.369979 0.369969 0.369966 0.369964 0.369973 0.369971 0.369927 0.369744 0.368843 0.364195 0.353729 0.341406 0.339283 0.329184 0.315992 0.297387 0.265053 0.246647 0.231429 0.206508 0.202589 0.211558 0.223409 0.229172 0.215973 0.203102 0.189214 0.175213 0.162749 0.159031 0.158327 0.156675 0.153646 0.152288
0.369887 0.369914 0.369938 0.369985 0.369999 0.370000 0.370000 0.370000 0.370000 0.370000 0.370000 0.370000 0.370000 0.370000 0.370000 0.370000 0.370000 0.370000 0.370000 0.370000 0.370000 0.370000 0.370000 0.370000 0.370000 0.370000 0.370000 0.370000 0.370000 0.370000 0.370000 0.370000 0.370000 0.370000 0.370000 0.370000 0.370000 0.369999 0.369991 0.369954 0.369873 0.369635 0.368949 0.367020 0.357609 0.338129 0.312821 0.286116 0.258070 0.251090 0.273521 0.293494 0.284706 0.274127 0.258210 0.236367 0.215440 0.195453 0.189821 0.187432 0.183394 0.179019 0.174916
0.370000 0.370000 0.370000 0.370000 0.370000 0.370000 0.370000 0.370000 0.370000 0.370000 0.370000 0.370000 0.370000 0.370000 0.370000 0.370000 0.370000 0.370000 0.370000 0.370000 0.370000 0.370000 0.370000 0.370000 0.370000 0.370000 0.370000 0.370000 0.370000 0.370000 0.370000 0.370000 0.370000 0.370000 0.370000 0.370000 0.370000 0.370000 0.370000 0.370000 0.370000 0.370000 0.369998 0.369994 0.369984 0.369900 0.369720 0.368709 0.363379 0.352896 0.360378 0.356534 0.350732 0.340375 0.322739 0.302145 0.278879 0.254340 0.243874 0.238348 0.231303 0.225537 0.218032
0.370000 0.370000 0.370000 0.370000 0.370000 0.370000 0.370000 0.370000 0.370000 0.370000 0.370000 0.370000 0.370000 0.370000 0.370000 0.370000 0.370000 0.370000 0.370000 0.370000 0.370000 0.370000 0.370000 0.370000 0.370000 0.370000 0.370000 0.370000 0.370000 0.370000 0.370000 0.370000 0.370000 0.370000 0.370000 0.370000 0.370000 0.370000 0.370000 0.370000 0.370000 0.370000 0.370000 0.370000 0.370000 0.370000 0.370000 0.370000 0.369995 0.369968 0.369945 0.369907 0.369784 0.369108 0.366228 0.360315 0.345684 0.322951 0.304093 0.295597 0.287460 0.278148 0.266824
0.370000 0.370000 0.370000 0.370000 0.370000 0.370000 0.370000 0.370000 0.370000 0.370000 0.370000 0.370000 0.370000 0.370000 0.370000 0.370000 0.370000 0.370000 0.370000 0.370000 0.370000 0.370000 0.370000 0.370000 0.370000 0.370000 0.370000 0.370000 0.370000 0.370000 0.370000 0.370000 0.370000 0.370000 0.370000 0.370000 0.370000 0.370000 0.370000 0.370000 0.370000 0.370000 0.370000 0.370000 0.370000 0.370000 0.370000 0.370000 0.370000 0.370000 0.370000 0.370000 0.370000 0.369997 0.369988 0.369969 0.369850 0.369080 0.365898 0.361962 0.353630 0.341755 0.329454
0.370000 0.370000 0.370000 0.370000 0.370000 0.370000 0.370000 0.370000 0.370000 0.370000 0.370000 0.370000 0.370000 0.370000 0.370000 0.370000 0.370000 0.370000 0.370000 0.370000 0.370000 0.370000 0.370000 0.370000 0.370000 0.370000 0.370000 0.370000 0.370000 0.370000 0.370000 0.370000 0.370000 0.370000 0.370000 0.370000 0.370000 0.370000 0.370000 0.370000 0.370000 0.370000 0.370000 0.370000 0.370000 0.370000 0.370000 0.370000 0.370000 0.370000 0.370000 0.370000 0.370000 0.370000 0.370000 0.370000 0.370000 0.369999 0.369989 0.369964 0.369858 0.369420 0.367833
0.370000 0.370000 0.370000 0.370000 0.370000 0.370000 0.370000 0.370000 0.370000 0.370000 0.370000 0.370000 0.370000 0.370000 0.370000 0.370000 0.370000 0.370000 0.370000 0.370000 0.370000 0.370000 0.370000 0.370000 0.370000 0.370000 0.370000 0.370000 0.370000 0.370000 0.370000 0.370000 0.370000 0.370000 0.370000 0.370000 0.370000 0.370000 0.370000 0.370000 0.370000 0.370000 0.370000 0.370000 0.370000 0.370000 0.370000 0.370000 0.370000 0.370000 0.370000 0.370000 0.370000 0.370000 0.370000 0.370000 0.370000 0.370000 0.370000 0.370000 0.370000 0.369998 0.369988
0.370000 0.370000 0.370000 0.370000 0.370000 0.370000 0.370000 0.370000 0.370000 0.370000 0.370000 0.370000 0.370000 0.370000 0.370000 0.370000 0.370000 0.370000 0.370000 0.370000 0.370000 0.370000 0.370000 0.370000 0.370000 0.370000 0.370000 0.370000 0.370000 0.370000 0.370000 0.370000 0.370000 0.370000 0.370000 0.370000 0.370000 0.370000 0.370000 0.370000 0.370000 0.370000 0.370000 0.370000 0.370000 0.370000 0.370000 0.370000 0.370000 0.370000 0.370000 0.370000 0.370000 0.370000 0.370000 0.370000 0.370000 0.370000 0.370000 0.370000 0.370000 0.370000 0.370000
0.370000 0.370000 0.370000 0.370000 0.370000 0.370000 0.370000 0.370000 0.370000 0.370000 0.370000 0.370000 0.370000 0.370000 0.370000 0.370000 0.370000 0.370000 0.370000 0.370000 0.370000 0.370000 0.370000 0.370000 0.370000 0.370000 0.370000 0.370000 0.370000 0.370000 0.370000 0.370000 0.370000 0.370000 0.370000 0.370000 0.370000 0.370000 0.370000 0.370000 0.370000 0.370000 0.370000 0.370000 0.370000 0.370000 0.370000 0.370000 0.370000 0.370000 0.370000 0.370000 0.370000 0.370000 0.370000 0.370000 0.370000 0.370000 0.370000 0.370000 0.370000 0.370000 0.370000
0.370000 0.370000 0.370000 0.370000 0.370000 0.370000 0.370000 0.370000 0.370000 0.370000 0.370000 0.370000 0.370000 0.370000 0.370000 0.370000 0.370000 0.370000 0.370000 0.370000 0.370000 0.370000 0.370000 0.370000 0.370000 0.370000 0.370000 0.370000 0.370000 0.370000 0.370000 0.370000 0.370000 0.370000 0.370000 0.370000 0.370000 0.370000 0.370000 0.370000 0.370000 0.370000 0.370000 0.370000 0.370000 0.370000 0.370000 0.370000 0.370000 0.370000 0.370000 0.370000 0.370000 0.370000 0.370000 0.370000 0.370000 0.370000 0.370000 0.370000 0.370000 0.370000 0.370000
0.370000 0.370000 0.370000 0.370000 0.370000 0.370000 0.370000 0.370000 0.370000 0.370000 0.370000 0.370000 0.370000 0.370000 0.370000 0.370000 0.370000 0.370000 0.370000 0.370000 0.370000 0.370000 0.370000 0.370000 0.370000 0.370000 0.370000 0.370000 0.370000 0.370000 0.370000 0.370000 0.370000 0.370000 0.370000 0.370000 0.370000 0.370000 0.370000 0.370000 0.370000 0.370000 0.370000 0.370000 0.370000 0.370000 0.370000 0.370000 0.370000 0.370000 0.370000 0.370000 0.370000 0.370000 0.370000 0.370000 0.370000 0.370000 0.370000 0.370000 0.370000 0.370000 0.370000
0.370000 0.370000 0.370000 0.370000 0.370000 0.370000 0.370000 0.370000 0.370000 0.369999 0.369998 0.369996 0.369997 0.369993 0.369983 0.369967 0.369956 0.369946 0.369919 0.369904 0.369917 0.369943 0.369926 0.369914 0.369921 0.369914 0.369908 0.369934 0.369963 0.369974 0.369983 0.369989 0.369992 0.369996 0.369999 0.370000 0.370000 0.370000 0.370000 0.370000 0.370000 0.370000 0.370000 0.370000 0.370000 0.370000 0.370000 0.370000 0.370000 0.370000 0.370000 0.370000 0.370000 0.370000 0.370000 0.370000 0.370000 0.370000 0.370000 0.370000 0.370000 0.370000 0.370000
0.370000 0.370000 0.370000 0.370000 0.369996 0.369984 0.369950 0.369898 0.369698 0.368774 0.366951 0.366872 0.367433 0.366789 0.364054 0.360437 0.356931 0.352327 0.345443 0.340541 0.344588 0.348796 0.349934 0.350385 0.351692 0.351928 0.351612 0.351637 0.356064 0.359329 0.362247 0.364391 0.366198 0.368831 0.369670 0.369878 0.369957 0.369986 0.369997 0.370000 0.370000 0.370000 0.370000 0.370000 0.370000 0.370000 0.370000 0.370000 0.370000 0.370000 0.370000 0.370000 0.370000 0.370000 0.370000 0.370000 0.370000 0.370000 0.370000 0.370000 0.370000 0.370000 0.370000
0.369999 0.369989 0.369926 0.369617 0.368295 0.364412 0.357212 0.346039 0.328219 0.306824 0.290813 0.295591 0.300743 0.306406 0.295834 0.285067 0.278727 0.266507 0.254362 0.242925 0.250103 0.257877 0.269849 0.272372 0.274766 0.279309 0.278027 0.276633 0.272554 0.280335 0.288392 0.298374 0.317028 0.333974 0.347694 0.356739 0.363216 0.367434 0.369329 0.369843 0.369961 0.369988 0.369997 0.370000 0.370000 0.370000 0.370000 0.370000 0.370000 0.370000 0.370000 0.370000 0.370000 0.370000 0.370000 0.370000 0.370000 0.370000 0.370000 0.370000 0.370000 0.370000 0.370000
0.367089 0.359976 0.341705 0.323913 0.306490 0.286294 0.267178 0.248744 0.226143 0.207528 0.190953 0.193985 0.202762 0.213011 0.206540 0.202670 0.200115 0.191635 0.182379 0.173732 0.176104 0.185560 0.197002 0.201405 0.205787 0.211266 0.211180 0.206506 0.200285 0.204311 0.214017 0.226128 0.244010 0.262848 0.281004 0.297126 0.314096 0.330498 0.345037 0.357062 0.364778 0.367968 0.369479 0.369886 0.369966 0.369985 0.369995 0.369999 0.370000 0.370000 0.370000 0.370000 0.370000 0.370000 0.370000 0.370000 0.370000 0.370000 0.370000 0.370000 0.370000 0.370000 0.370000
0.281604 0.253887 0.234936 0.218719 0.204045 0.190499 0.177046 0.165099 0.154293 0.143758 0.134882 0.137116 0.143175 0.149525 0.150244 0.148763 0.147295 0.143472 0.137529 0.132369 0.135550 0.142267 0.149564 0.154351 0.157777 0.161244 0.159644 0.155207 0.151223 0.155051 0.163192 0.171910 0.183223 0.197836 0.213670 0.230306 0.248488 0.267132 0.287467 0.307518 0.325984 0.341283 0.353373 0.361934 0.365417 0.367662 0.368927 0.369664 0.369898 0.369967 0.369992 0.369999 0.370000 0.370000 0.370000 0.370000 0.370000 0.370000 0.370000 0.370000 0.370000 0.370000 0.370000
0.197771 0.177395 0.162990 0.153291 0.148193 0.141382 0.133233 0.128029 0.122200 0.115928 0.115264 0.116524 0.120596 0.121611 0.121872 0.120905 0.120554 0.118930 0.115162 0.116559 0.118990 0.123966 0.127898 0.131363 0.133856 0.135571 0.135173 0.132036 0.132830 0.135763 0.142078 0.147540 0.155267 0.166788 0.177284 0.190036 0.205514 0.222660 0.241776 0.262513 0.284546 0.303622 0.318487 0.326355 0.334233 0.339769 0.339766 0.349225 0.357160 0.363180 0.367718 0.369461 0.369903 0.369990 0.370000 0.370000 0.370000 0.370000 0.370000 0.370000 0.370000 0.370000 0.370000
0.141816 0.129857 0.121226 0.118161 0.115138 0.111992 0.108594 0.105443 0.102592 0.102301 0.101869 0.101903 0.102458 0.103104 0.103612 0.103387 0.103153 0.103189 0.104197 0.105112 0.106362 0.108933 0.111741 0.114430 0.115580 0.116776 0.117505 0.118291 0.119011 0.120397 0.124183 0.128293 0.133377 0.140484 0.148415 0.157957 0.170438 0.184412 0.200876 0.220784 0.242086 0.258825 0.267462 0.276139 0.280372 0.278085 0.275885 0.284316 0.295711 0.306908 0.324165 0.340755 0.354984 0.367563 0.369830 0.369987 0.369999 0.370000 0.370000 0.370000 0.370000 0.370000 0.370000
0.114831 0.107902 0.103728 0.101714 0.099805 0.097954 0.095697 0.093948 0.093535 0.093219 0.092930 0.092741 0.093244 0.093779 0.094408 0.094322 0.094347 0.094723 0.095375 0.096262 0.097768 0.099713 0.101967 0.104878 0.105818 0.106829 0.108051 0.108636 0.109351 0.110414 0.113420 0.116697 0.120485 0.126142 0.132633 0.140546 0.150884 0.164342 0.182123 0.200330 0.219936 0.237054 0.244530 0.248562 0.247680 0.243634 0.234515 0.234939 0.245118 0.249560 0.262867 0.282040 0.296169 0.328542 0.356549 0.366856 0.369626 0.369955 0.369998 0.370000 0.370000 0.370000 0.370000
0.099012 0.095782 0.092873 0.091214 0.089901 0.088693 0.087666 0.087346 0.087012 0.086799 0.086666 0.086525 0.086804 0.087245 0.087694 0.087887 0.088164 0.088457 0.089131 0.090212 0.091342 0.092979 0.095147 0.097531 0.098529 0.099489 0.100488 0.101187 0.101983 0.102786 0.105006 0.107675 0.110547 0.115258 0.120793 0.127076 0.137064 0.150592 0.166518 0.182391 0.199892 0.217970 0.220814 0.222143 0.221827 0.212036 0.200750 0.197442 0.200140 0.201329 0.209200 0.219962 0.231320 0.258503 0.287116 0.315408 0.343630 0.363998 0.369471 0.369930 0.369991 0.369999 0.370000
