tests/Borden05m/data_simulated/sim_1/output-maps/thetaliqL0003N0011.asc
ncols         160
nrows         34
xllcorner     620200.000000
yllcorner     5168000.000000
cellsize      0.500000
NODATA_value  -9999.0
[rows 0 to 27 of 34, columns 63 to 125 of 160]
-9999.0 -9999.0 -9999.0 -9999.0 -9999.0 -9999.0 -9999.0 -9999.0 -9999.0 -9999.0 -9999.0 -9999.0 -9999.0 -9999.0 -9999.0 -9999.0 -9999.0 -9999.0 -9999.0 -9999.0 -9999.0 -9999.0 -9999.0 -9999.0 -9999.0 -9999.0 -9999.0 -9999.0 -9999.0 -9999.0 -9999.0 -9999.0 -9999.0 -9999.0 -9999.0 -9999.0 -9999.0 -9999.0 -9999.0 -9999.0 -9999.0 -9999.0 -9999.0 -9999.0 -9999.0 -9999.0 -9999.0 -9999.0 -9999.0 -9999.0 -9999.0 -9999.0 -9999.0 -9999.0 -9999.0 -9999.0 -9999.0 -9999.0 -9999.0 -9999.0 -9999.0 -9999.0 -9999.0
0.223153 0.221889 0.220387 0.220171 0.220361 0.220085 0.219458 0.220256 0.221288 0.222163 0.223404 0.223136 0.223271 0.223748 0.223876 0.223663 0.223091 0.222729 0.222299 0.222938 0.221209 0.218945 0.217216 0.216873 0.218373 0.219252 0.219066 0.219871 0.221650 0.223155 0.223623 0.225445 0.225128 0.225846 0.227054 0.226086 0.225876 0.226046 0.226431 0.223850 -9999.0 -9999.0 -9999.0 -9999.0 -9999.0 -9999.0 -9999.0 -9999.0 -9999.0 -9999.0 -9999.0 -9999.0 -9999.0 -9999.0 -9999.0 -9999.0 -9999.0 -9999.0 -9999.0 -9999.0 -9999.0 -9999.0 -9999.0
0.219524 0.217731 0.217305 0.215967 0.215388 0.215233 0.214687 0.215096 0.217314 0.218877 0.219308 0.218956 0.218776 0.218272 0.217925 0.218039 0.217496 0.216999 0.216471 0.216641 0.218060 0.216407 0.215579 0.214759 0.213874 0.214197 0.214464 0.214571 0.216642 0.217419 0.217948 0.220750 0.223359 0.224028 0.222951 0.221798 0.222115 0.222041 0.220986 0.219979 0.220038 0.219573 0.219379 0.218381 0.219901 0.219872 0.221551 0.222946 0.224594 0.227079 -9999.0 -9999.0 -9999.0 -9999.0 -9999.0 -9999.0 -9999.0 -9999.0 -9999.0 -9999.0 -9999.0 -9999.0 -9999.0
0.216900 0.216301 0.214995 0.212991 0.215219 0.214905 0.214689 0.215080 0.215797 0.216092 0.216425 0.216930 0.218910 0.218744 0.218563 0.218666 0.218323 0.217689 0.217754 0.217414 0.215754 0.216018 0.216422 0.216050 0.217682 0.217771 0.218716 0.215822 0.216289 0.216965 0.217432 0.217746 0.218142 0.218709 0.217443 0.218361 0.217380 0.215177 0.214677 0.214913 0.216794 0.217752 0.216641 0.212658 0.214764 0.219191 0.218827 0.218088 0.220213 0.222307 0.225296 0.224882 0.224618 0.224953 0.225534 0.223026 0.221461 0.220350 0.216769 -9999.0 -9999.0 -9999.0 -9999.0
0.216825 0.215395 0.213658 0.217192 0.218627 0.217814 0.218209 0.219239 0.219287 0.214866 0.213714 0.215403 0.217181 0.217919 0.217106 0.216709 0.215946 0.215959 0.216437 0.215977 0.216653 0.217230 0.216448 0.217548 0.218823 0.220055 0.217307 0.214809 0.214969 0.217038 0.218538 0.219283 0.221420 0.224793 0.224230 0.223480 0.223141 0.222791 0.218845 0.215271 0.213862 0.213243 0.212193 0.213070 0.212295 0.215831 0.215544 0.214973 0.216637 0.217924 0.219579 0.220749 0.220540 0.220974 0.221553 0.220873 0.219104 0.218208 0.217663 0.216099 0.212956 0.207093 0.207501
0.213122 0.213161 0.216250 0.217922 0.220802 0.219688 0.219759 0.219635 0.216665 0.214410 0.212889 0.217405 0.221029 0.222188 0.221179 0.220308 0.223522 0.222575 0.222181 0.220255 0.220932 0.220595 0.223981 0.225291 0.227106 0.226402 0.222998 0.220136 0.219993 0.220309 0.219980 0.220779 0.222913 0.225616 0.223611 0.222762 0.222991 0.217063 0.212490 0.210958 0.214229 0.216117 0.215793 0.216128 0.216315 0.213986 0.214558 0.214808 0.213691 0.216393 0.219094 0.219372 0.217029 0.216256 0.217357 0.217152 0.217361 0.216330 0.215185 0.214382 0.208895 0.210696 0.207742
0.219593 0.220741 0.222358 0.225446 0.231511 0.230193 0.230529 0.232514 0.229168 0.226053 0.221382 0.226632 0.227816 0.229492 0.229171 0.233122 0.236688 0.234489 0.231480 0.227852 0.230022 0.234716 0.239155 0.240178 0.240685 0.241457 0.238267 0.237445 0.236812 0.237176 0.235073 0.235188 0.238499 0.244233 0.244876 0.242165 0.236721 0.228403 0.220951 0.217014 0.221731 0.220374 0.219749 0.220562 0.217683 0.216045 0.218559 0.216366 0.214677 0.218354 0.218716 0.218168 0.215160 0.218800 0.218203 0.215248 0.213335 0.212371 0.211640 0.210229 0.211574 0.210747 0.208264
0.222365 0.223498 0.227942 0.234247 0.241556 0.245599 0.249394 0.253752 0.250380 0.246747 0.242637 0.243527 0.248323 0.253133 0.258930 0.265742 0.273145 0.271473 0.267834 0.267517 0.269108 0.276699 0.283788 0.286757 0.288757 0.292672 0.290125 0.285440 0.280060 0.274686 0.269922 0.266107 0.272446 0.279374 0.278050 0.264917 0.254133 0.243066 0.233066 0.222817 0.223097 0.224907 0.226619 0.222952 0.221216 0.217959 0.217336 0.217705 0.214093 0.216118 0.216542 0.219045 0.222843 0.223822 0.220537 0.218762 0.216763 0.214639 0.212965 0.214351 0.214899 0.213261 0.211583
0.258528 0.260310 0.266057 0.282178 0.307497 0.331775 0.345453 0.347240 0.343992 0.337942 0.326456 0.319516 0.329617 0.339604 0.346405 0.349401 0.351283 0.352495 0.352412 0.352429 0.352736 0.353077 0.353794 0.354654 0.355515 0.356511 0.356842 0.355654 0.354470 0.353118 0.351816 0.351508 0.351081 0.351944 0.351791 0.348163 0.337320 0.312127 0.286361 0.268699 0.255923 0.256007 0.250479 0.245898 0.240797 0.229826 0.226917 0.225291 0.216560 0.215710 0.218568 0.222351 0.225222 0.220304 0.218164 0.216251 0.214116 0.211371 0.212662 0.214367 0.214959 0.214452 0.214454
0.344879 0.347339 0.348874 0.353681 0.358869 0.363144 0.365690 0.366418 0.365701 0.364730 0.363416 0.362215 0.362421 0.364016 0.365539 0.366638 0.367204 0.367381 0.367294 0.367305 0.367351 0.367485 0.367548 0.367716 0.367977 0.368380 0.368807 0.368744 0.368200 0.367652 0.366830 0.366409 0.366175 0.365732 0.365663 0.365613 0.363318 0.359851 0.355252 0.350218 0.344885 0.329699 0.311231 0.296339 0.273225 0.254316 0.240151 0.230708 0.221939 0.220403 0.230420 0.240024 0.235258 0.233456 0.230584 0.225786 0.221927 0.216939 0.217765 0.218659 0.218150 0.217499 0.216707
0.365564 0.366051 0.366597 0.367537 0.368834 0.369586 0.369873 0.369906 0.369874 0.369820 0.369722 0.369644 0.369609 0.369664 0.369732 0.369831 0.369882 0.369928 0.369927 0.369933 0.369933 0.369936 0.369935 0.369940 0.369950 0.369964 0.369978 0.369979 0.369970 0.369937 0.369882 0.369824 0.369716 0.369621 0.369593 0.369590 0.369576 0.369239 0.368337 0.366151 0.363664 0.360713 0.358425 0.356014 0.353908 0.347608 0.339677 0.314198 0.286865 0.267187 0.278456 0.269076 0.262644 0.255538 0.246893 0.240118 0.234164 0.227953 0.227327 0.227482 0.226343 0.226046 0.224849
0.369818 0.369857 0.369904 0.369953 0.369979 0.369997 0.370000 0.370000 0.370000 0.370000 0.370000 0.370000 0.370000 0.370000 0.370000 0.370000 0.370000 0.370000 0.370000 0.370000 0.370000 0.370000 0.370000 0.370000 0.370000 0.370000 0.370000 0.370000 0.370000 0.370000 0.370000 0.370000 0.369998 0.369996 0.369994 0.369993 0.369992 0.369986 0.369952 0.369793 0.369360 0.368721 0.368033 0.367364 0.366843 0.366382 0.365208 0.362288 0.357071 0.351780 0.349149 0.346082 0.336587 0.312909 0.289999 0.276221 0.258495 0.244401 0.237340 0.236245 0.235122 0.233613 0.231273
0.370000 0.370000 0.370000 0.370000 0.370000 0.370000 0.370000 0.370000 0.370000 0.370000 0.370000 0.370000 0.370000 0.370000 0.370000 0.370000 0.370000 0.370000 0.370000 0.370000 0.370000 0.370000 0.370000 0.370000 0.370000 0.370000 0.370000 0.370000 0.370000 0.370000 0.370000 0.370000 0.370000 0.370000 0.370000 0.370000 0.370000 0.370000 0.370000 0.369999 0.369989 0.369945 0.369894 0.369834 0.369786 0.369744 0.369600 0.369276 0.368598 0.367161 0.364537 0.363418 0.361362 0.357484 0.354063 0.351657 0.343891 0.315616 0.289348 0.278888 0.265021 0.254792 0.249006
0.370000 0.370000 0.370000 0.370000 0.370000 0.370000 0.370000 0.370000 0.370000 0.370000 0.370000 0.370000 0.370000 0.370000 0.370000 0.370000 0.370000 0.370000 0.370000 0.370000 0.370000 0.370000 0.370000 0.370000 0.370000 0.370000 0.370000 0.370000 0.370000 0.370000 0.370000 0.370000 0.370000 0.370000 0.370000 0.370000 0.370000 0.370000 0.370000 0.370000 0.370000 0.370000 0.370000 0.369999 0.369998 0.369997 0.369996 0.369986 0.369936 0.369760 0.369282 0.368760 0.368286 0.367877 0.367404 0.366666 0.364013 0.359289 0.354331 0.350578 0.342345 0.319543 0.296883
0.370000 0.370000 0.370000 0.370000 0.370000 0.370000 0.370000 0.370000 0.370000 0.370000 0.370000 0.370000 0.370000 0.370000 0.370000 0.370000 0.370000 0.370000 0.370000 0.370000 0.370000 0.370000 0.370000 0.370000 0.370000 0.370000 0.370000 0.370000 0.370000 0.370000 0.370000 0.370000 0.370000 0.370000 0.370000 0.370000 0.370000 0.370000 0.370000 0.370000 0.370000 0.370000 0.370000 0.370000 0.370000 0.370000 0.370000 0.370000 0.370000 0.369996 0.369976 0.369899 0.369841 0.369797 0.369734 0.369642 0.369116 0.368046 0.366304 0.364377 0.361786 0.358013 0.353854
0.370000 0.370000 0.370000 0.370000 0.370000 0.370000 0.370000 0.370000 0.370000 0.370000 0.370000 0.370000 0.370000 0.370000 0.370000 0.370000 0.370000 0.370000 0.370000 0.370000 0.370000 0.370000 0.370000 0.370000 0.370000 0.370000 0.370000 0.370000 0.370000 0.370000 0.370000 0.370000 0.370000 0.370000 0.370000 0.370000 0.370000 0.370000 0.370000 0.370000 0.370000 0.370000 0.370000 0.370000 0.370000 0.370000 0.370000 0.370000 0.370000 0.370000 0.370000 0.369999 0.369998 0.369997 0.369995 0.369991 0.369959 0.369830 0.369484 0.368853 0.367902 0.366684 0.365098
0.370000 0.370000 0.370000 0.370000 0.370000 0.370000 0.370000 0.370000 0.370000 0.370000 0.370000 0.370000 0.369998 0.369994 0.369983 0.369978 0.369973 0.369972 0.369987 0.369996 0.369998 0.369995 0.369991 0.369974 0.369957 0.369950 0.369956 0.369975 0.369993 0.369998 0.369997 0.369993 0.369988 0.369985 0.369985 0.369993 0.369999 0.370000 0.370000 0.370000 0.370000 0.370000 0.370000 0.370000 0.370000 0.370000 0.370000 0.370000 0.370000 0.370000 0.370000 0.370000 0.370000 0.370000 0.370000 0.370000 0.370000 0.369995 0.369970 0.369888 0.369731 0.369503 0.369034
0.370000 0.370000 0.370000 0.370000 0.369999 0.369997 0.369992 0.369988 0.369984 0.369984 0.369971 0.369948 0.369881 0.369788 0.369642 0.369545 0.369475 0.369412 0.369560 0.369754 0.369828 0.369703 0.369580 0.369341 0.369184 0.369103 0.369133 0.369337 0.369676 0.369826 0.369852 0.369790 0.369722 0.369688 0.369691 0.369754 0.369870 0.369947 0.369982 0.369994 0.369997 0.369998 0.369999 0.370000 0.370000 0.370000 0.370000 0.370000 0.370000 0.370000 0.370000 0.370000 0.370000 0.370000 0.370000 0.370000 0.370000 0.370000 0.370000 0.369997 0.369985 0.369958 0.369910
0.369992 0.369988 0.369980 0.369882 0.369801 0.369658 0.369471 0.369371 0.369204 0.369104 0.368829 0.368588 0.368155 0.367473 0.366612 0.365739 0.365513 0.365294 0.365064 0.365901 0.366213 0.365963 0.365406 0.364745 0.364363 0.364130 0.364488 0.365530 0.366373 0.367045 0.367277 0.366899 0.367157 0.367453 0.367454 0.368166 0.368682 0.369161 0.369544 0.369780 0.369856 0.369899 0.369937 0.369971 0.369990 0.369998 0.370000 0.370000 0.370000 0.370000 0.370000 0.370000 0.370000 0.370000 0.370000 0.370000 0.370000 0.370000 0.370000 0.370000 0.370000 0.370000 0.369998
0.369867 0.369836 0.369550 0.368662 0.367448 0.366531 0.365192 0.364408 0.363346 0.360455 0.358413 0.357190 0.357444 0.355807 0.353393 0.351377 0.350557 0.350018 0.348422 0.347701 0.348391 0.349904 0.348491 0.347387 0.347649 0.347084 0.347089 0.349077 0.351329 0.352436 0.353558 0.354618 0.355236 0.356358 0.360038 0.362099 0.363647 0.365280 0.366724 0.367893 0.368589 0.368936 0.369249 0.369561 0.369744 0.369883 0.369959 0.369992 0.369998 0.370000 0.370000 0.370000 0.370000 0.370000 0.370000 0.370000 0.370000 0.370000 0.370000 0.370000 0.370000 0.370000 0.370000
0.368216 0.367770 0.365415 0.361485 0.356743 0.353457 0.349817 0.346649 0.335727 0.311509 0.296943 0.297043 0.300594 0.296407 0.285954 0.277673 0.272250 0.266968 0.260005 0.256039 0.259821 0.263770 0.263333 0.262865 0.264117 0.263867 0.263515 0.264241 0.271455 0.276504 0.281897 0.286397 0.290130 0.307861 0.328981 0.342665 0.349611 0.353316 0.357226 0.361024 0.363400 0.364684 0.366025 0.367196 0.368142 0.368848 0.369409 0.369767 0.369904 0.369950 0.369976 0.369990 0.369998 0.370000 0.370000 0.370000 0.370000 0.370000 0.370000 0.370000 0.370000 0.370000 0.370000
0.359317 0.355243 0.348712 0.333838 0.305078 0.286770 0.273296 0.262096 0.250986 0.242030 0.236663 0.240092 0.241891 0.245004 0.240196 0.236401 0.235529 0.232068 0.229028 0.224970 0.228198 0.229658 0.233516 0.233123 0.233203 0.234929 0.234083 0.233804 0.231358 0.234089 0.235667 0.237580 0.244659 0.251698 0.259617 0.267594 0.278417 0.293322 0.315161 0.339047 0.349648 0.353517 0.356969 0.360528 0.362938 0.364671 0.366305 0.367790 0.368696 0.369176 0.369525 0.369721 0.369887 0.369970 0.369994 0.370000 0.370000 0.370000 0.370000 0.370000 0.370000 0.370000 0.370000
0.300405 0.281843 0.260670 0.249321 0.243547 0.237774 0.233595 0.230432 0.225360 0.221897 0.216590 0.218683 0.221549 0.225695 0.222352 0.221893 0.222634 0.220667 0.218582 0.215157 0.215700 0.218460 0.221766 0.221609 0.222270 0.224173 0.224222 0.222691 0.219617 0.220349 0.222307 0.224194 0.227980 0.231585 0.235235 0.238526 0.243378 0.249421 0.256530 0.266904 0.281681 0.295239 0.317588 0.341404 0.350163 0.353029 0.355925 0.360132 0.362799 0.364816 0.366366 0.367341 0.368586 0.369395 0.369829 0.369968 0.369996 0.369999 0.370000 0.370000 0.370000 0.370000 0.370000
0.234565 0.228027 0.225660 0.223402 0.220944 0.218932 0.216753 0.214821 0.213279 0.210749 0.205691 0.207859 0.210827 0.214187 0.214335 0.213994 0.214301 0.213549 0.211232 0.207166 0.208917 0.211410 0.213661 0.214362 0.214787 0.216193 0.215171 0.213061 0.210073 0.211346 0.213640 0.214884 0.216480 0.218899 0.221488 0.224099 0.227196 0.230413 0.234867 0.240082 0.246309 0.253482 0.262039 0.273960 0.282846 0.293662 0.306526 0.327991 0.344687 0.350693 0.354823 0.358905 0.363093 0.366378 0.368384 0.369381 0.369811 0.369933 0.369975 0.369992 0.369999 0.370000 0.370000
0.221554 0.217946 0.215775 0.214165 0.215148 0.214438 0.212128 0.212326 0.211138 0.207094 0.208665 0.209849 0.213196 0.212537 0.212353 0.211562 0.212126 0.211618 0.207650 0.209732 0.210597 0.212920 0.213312 0.213796 0.214160 0.214577 0.214109 0.211275 0.211889 0.212629 0.214750 0.214779 0.215613 0.218067 0.218779 0.220280 0.222460 0.224817 0.227682 0.231244 0.236295 0.241567 0.246697 0.248359 0.252013 0.255188 0.252737 0.259821 0.268155 0.279047 0.296359 0.321532 0.345707 0.354428 0.361580 0.365762 0.367985 0.369200 0.369584 0.369818 0.369936 0.369984 0.369997
0.212502 0.209873 0.207219 0.208805 0.209102 0.209037 0.208584 0.207824 0.206081 0.208315 0.208601 0.208419 0.208180 0.208168 0.208452 0.208054 0.207826 0.207972 0.209644 0.209876 0.209345 0.209960 0.210437 0.210985 0.210328 0.210490 0.210555 0.211168 0.211092 0.210635 0.211648 0.211948 0.212251 0.213256 0.213963 0.214878 0.216639 0.218030 0.219837 0.223035 0.227034 0.229857 0.230221 0.232373 0.233336 0.231541 0.230007 0.232915 0.236056 0.238879 0.245525 0.253048 0.264244 0.296140 0.341140 0.353628 0.360291 0.364621 0.366896 0.368277 0.369080 0.369643 0.369868
0.209935 0.207700 0.207328 0.208534 0.208690 0.208695 0.207347 0.206091 0.207452 0.207963 0.207879 0.207343 0.207913 0.208148 0.208886 0.208184 0.207841 0.208047 0.208232 0.208135 0.208669 0.209054 0.209375 0.211130 0.210194 0.210121 0.210736 0.210478 0.210289 0.209818 0.210982 0.211397 0.211517 0.212535 0.213144 0.213817 0.214809 0.216483 0.219702 0.222219 0.225564 0.228809 0.229370 0.229853 0.229060 0.228270 0.224759 0.224685 0.228267 0.227549 0.230365 0.235369 0.236161 0.248511 0.269208 0.292452 0.330116 0.349132 0.358208 0.362463 0.365482 0.367561 0.368818
0.207046 0.207286 0.206223 0.206541 0.206447 0.205768 0.204937 0.205978 0.205919 0.205829 0.205903 0.205593 0.206124 0.206549 0.206982 0.206738 0.206695 0.205948 0.205937 0.206718 0.206800 0.207281 0.208309 0.209697 0.208809 0.208641 0.208674 0.208359 0.208402 0.207894 0.208859 0.209600 0.209802 0.211044 0.211597 0.211014 0.212456 0.214925 0.217446 0.219193 0.221966 0.226401 0.225049 0.224887 0.225435 0.222536 0.219068 0.218937 0.220043 0.219168 0.221470 0.222974 0.222955 0.229183 0.234822 0.242177 0.254578 0.280166 0.321746 0.346804 0.354573 0.360344 0.363958
