tests/Borden05m/data_simulated/sim_1/output-maps/thetaliqL0007N0006.asc
ncols         160
nrows         34
xllcorner     620200.000000
yllcorner     5168000.000000
cellsize      0.500000
NODATA_value  -9999.0
[rows 0 to 27 of 34, columns 0 to 62 of 160]
-9999.0 -9999.0 -9999.0 -9999.0 -9999.0 -9999.0 -9999.0 -9999.0 -9999.0 -9999.0 -9999.0 -9999.0 -9999.0 -9999.0 -9999.0 -9999.0 -9999.0 -9999.0 -9999.0 -9999.0 -9999.0 -9999.0 -9999.0 -9999.0 -9999.0 -9999.0 -9999.0 -9999.0 -9999.0 -9999.0 -9999.0 -9999.0 -9999.0 -9999.0 -9999.0 -9999.0 -9999.0 -9999.0 -9999.0 -9999.0 -9999.0 -9999.0 -9999.0 -9999.0 -9999.0 -9999.0 -9999.0 -9999.0 -9999.0 -9999.0 -9999.0 -9999.0 -9999.0 -9999.0 -9999.0 -9999.0 -9999.0 -9999.0 -9999.0 -9999.0 -9999.0 -9999.0 -9999.0
-9999.0 -9999.0 -9999.0 -9999.0 -9999.0 -9999.0 -9999.0 -9999.0 -9999.0 -9999.0 -9999.0 -9999.0 -9999.0 -9999.0 -9999.0 -9999.0 -9999.0 -9999.0 -9999.0 -9999.0 -9999.0 -9999.0 -9999.0 -9999.0 -9999.0 -9999.0 -9999.0 -9999.0 -9999.0 -9999.0 -9999.0 -9999.0 -9999.0 -9999.0 -9999.0 -9999.0 -9999.0 -9999.0 -9999.0 -9999.0 -9999.0 -9999.0 -9999.0 -9999.0 -9999.0 -9999.0 -9999.0 -9999.0 -9999.0 -9999.0 -9999.0 -9999.0 -9999.0 -9999.0 -9999.0 -9999.0 -9999.0 -9999.0 -9999.0 0.331191 0.328244 0.325198 0.322199
-9999.0 -9999.0 -9999.0 -9999.0 -9999.0 -9999.0 -9999.0 -9999.0 -9999.0 -9999.0 -9999.0 -9999.0 -9999.0 -9999.0 -9999.0 -9999.0 -9999.0 -9999.0 -9999.0 -9999.0 -9999.0 -9999.0 -9999.0 -9999.0 -9999.0 -9999.0 -9999.0 -9999.0 -9999.0 -9999.0 -9999.0 -9999.0 -9999.0 -9999.0 -9999.0 -9999.0 -9999.0 -9999.0 -9999.0 -9999.0 -9999.0 -9999.0 -9999.0 -9999.0 -9999.0 -9999.0 -9999.0 0.240732 0.226587 0.213186 0.211917 0.229632 0.248157 0.266917 0.282659 0.296287 0.309198 0.321206 0.323059 0.316646 0.313578 0.311319 0.309710
-9999.0 -9999.0 -9999.0 -9999.0 -9999.0 -9999.0 -9999.0 -9999.0 -9999.0 -9999.0 -9999.0 -9999.0 -9999.0 -9999.0 -9999.0 -9999.0 -9999.0 -9999.0 -9999.0 -9999.0 -9999.0 -9999.0 -9999.0 -9999.0 -9999.0 -9999.0 -9999.0 -9999.0 -9999.0 -9999.0 -9999.0 -9999.0 -9999.0 -9999.0 -9999.0 -9999.0 -9999.0 -9999.0 -9999.0 -9999.0 0.278924 0.283349 0.284570 0.275910 0.266749 0.257210 0.241012 0.226578 0.214112 0.211670 0.213408 0.217747 0.235860 0.255037 0.270262 0.283599 0.297483 0.310895 0.312616 0.305230 0.299123 0.295932 0.295748
-9999.0 -9999.0 -9999.0 -9999.0 -9999.0 -9999.0 -9999.0 -9999.0 -9999.0 -9999.0 -9999.0 -9999.0 -9999.0 -9999.0 -9999.0 -9999.0 -9999.0 -9999.0 -9999.0 -9999.0 -9999.0 -9999.0 -9999.0 -9999.0 -9999.0 -9999.0 -9999.0 -9999.0 -9999.0 -9999.0 -9999.0 -9999.0 -9999.0 -9999.0 0.206814 0.220150 0.234245 0.248707 0.261810 0.266824 0.271383 0.275845 0.272510 0.268404 0.259078 0.243966 0.227870 0.216376 0.213997 0.211710 0.214818 0.224823 0.237715 0.250686 0.267164 0.284727 0.291192 0.299689 0.301588 0.297731 0.298098 0.298876 0.299715
-9999.0 -9999.0 -9999.0 -9999.0 -9999.0 -9999.0 -9999.0 -9999.0 -9999.0 -9999.0 -9999.0 -9999.0 -9999.0 -9999.0 -9999.0 -9999.0 -9999.0 -9999.0 -9999.0 -9999.0 -9999.0 -9999.0 -9999.0 -9999.0 -9999.0 -9999.0 -9999.0 -9999.0 0.211030 0.206424 0.202343 0.200981 0.199766 0.198602 0.203489 0.212600 0.226657 0.243498 0.253452 0.258875 0.263796 0.264173 0.260057 0.257912 0.257701 0.247972 0.238284 0.229267 0.220700 0.219541 0.226699 0.237252 0.249645 0.261025 0.272654 0.282796 0.293595 0.308262 0.313550 0.309269 0.304996 0.302156 0.302282
-9999.0 -9999.0 -9999.0 -9999.0 -9999.0 -9999.0 -9999.0 -9999.0 -9999.0 -9999.0 -9999.0 -9999.0 -9999.0 -9999.0 -9999.0 -9999.0 -9999.0 -9999.0 -9999.0 -9999.0 -9999.0 -9999.0 -9999.0 0.190464 0.194672 0.199101 0.204199 0.204589 0.201136 0.196757 0.194171 0.192745 0.191381 0.194116 0.199918 0.209782 0.221694 0.238419 0.244941 0.250078 0.259851 0.261095 0.264256 0.267026 0.265106 0.262633 0.252739 0.245337 0.249837 0.254515 0.259070 0.264382 0.274039 0.285636 0.298266 0.311903 0.324627 0.334468 0.341759 0.338973 0.334669 0.328605 0.328576
-9999.0 -9999.0 -9999.0 -9999.0 -9999.0 -9999.0 -9999.0 -9999.0 -9999.0 -9999.0 -9999.0 -9999.0 -9999.0 -9999.0 -9999.0 -9999.0 -9999.0 -9999.0 -9999.0 0.174528 0.174897 0.175304 0.177983 0.178478 0.179756 0.184145 0.189401 0.190489 0.189157 0.187657 0.188387 0.189866 0.192361 0.200249 0.210145 0.220586 0.231386 0.247707 0.259163 0.269969 0.282198 0.280441 0.276324 0.273985 0.273769 0.273827 0.278574 0.281216 0.284969 0.289125 0.293907 0.299619 0.306320 0.317726 0.328923 0.338572 0.346278 0.352383 0.357233 0.356349 0.353141 0.349114 0.349076
-9999.0 -9999.0 -9999.0 -9999.0 -9999.0 -9999.0 -9999.0 -9999.0 -9999.0 -9999.0 -9999.0 -9999.0 -9999.0 -9999.0 -9999.0 -9999.0 0.158342 0.159235 0.160203 0.163014 0.164161 0.166223 0.170045 0.170399 0.172517 0.176664 0.179588 0.184802 0.189717 0.194470 0.198292 0.199808 0.205110 0.211930 0.220637 0.232628 0.249891 0.267514 0.279744 0.291742 0.303143 0.302719 0.301301 0.301502 0.301605 0.306906 0.318305 0.321645 0.323518 0.333561 0.339947 0.341985 0.344575 0.350647 0.357082 0.362310 0.366254 0.367920 0.368848 0.369036 0.368553 0.368354 0.368569
-9999.0 -9999.0 -9999.0 -9999.0 -9999.0 -9999.0 -9999.0 -9999.0 -9999.0 -9999.0 -9999.0 -9999.0 -9999.0 0.137421 0.139125 0.143032 0.146540 0.147389 0.149040 0.151608 0.157733 0.159372 0.162569 0.166691 0.173148 0.178126 0.183795 0.191393 0.196950 0.201698 0.206498 0.211194 0.221396 0.233138 0.245510 0.261357 0.277766 0.293175 0.307471 0.316440 0.324388 0.326095 0.324468 0.324845 0.329030 0.337906 0.345685 0.350192 0.356532 0.361499 0.363806 0.365457 0.366370 0.367334 0.368474 0.369542 0.369920 0.369991 0.369999 0.370000 0.370000 0.370000 0.370000
-9999.0 -9999.0 -9999.0 -9999.0 -9999.0 -9999.0 -9999.0 -9999.0 -9999.0 -9999.0 0.123875 0.124746 0.123479 0.123760 0.125196 0.129332 0.134246 0.136967 0.141586 0.151058 0.159687 0.161305 0.169629 0.175319 0.179057 0.185720 0.194331 0.203275 0.215930 0.225294 0.235018 0.251438 0.264072 0.276318 0.289066 0.302458 0.315821 0.332486 0.344327 0.349305 0.356286 0.359512 0.358725 0.358619 0.360102 0.363182 0.366161 0.368187 0.369163 0.369730 0.369922 0.369973 0.369989 0.369997 0.370000 0.370000 0.370000 0.370000 0.370000 0.370000 0.370000 0.370000 0.370000
-9999.0 -9999.0 -9999.0 -9999.0 -9999.0 -9999.0 -9999.0 -9999.0 0.116386 0.118337 0.120261 0.119216 0.117650 0.116647 0.120467 0.125628 0.131329 0.137964 0.144837 0.153248 0.161342 0.170687 0.182341 0.189839 0.197708 0.208272 0.218141 0.231835 0.248392 0.259971 0.274864 0.290904 0.304233 0.315317 0.325480 0.334474 0.346562 0.356848 0.363090 0.366168 0.368176 0.369158 0.369207 0.369312 0.369455 0.369831 0.369977 0.369999 0.370000 0.370000 0.370000 0.370000 0.370000 0.370000 0.370000 0.370000 0.370000 0.370000 0.370000 0.370000 0.370000 0.370000 0.370000
-9999.0 -9999.0 -9999.0 -9999.0 -9999.0 -9999.0 0.109584 0.116047 0.120452 0.117944 0.115608 0.114609 0.113602 0.118764 0.125596 0.131585 0.138123 0.145585 0.153241 0.161008 0.182156 0.192389 0.202588 0.217197 0.227339 0.237716 0.251026 0.269401 0.286905 0.309938 0.327847 0.340725 0.350405 0.355926 0.359979 0.363297 0.366864 0.368944 0.369746 0.369958 0.369996 0.370000 0.370000 0.370000 0.370000 0.370000 0.370000 0.370000 0.370000 0.370000 0.370000 0.370000 0.370000 0.370000 0.370000 0.370000 0.370000 0.370000 0.370000 0.370000 0.370000 0.370000 0.370000
-9999.0 -9999.0 -9999.0 -9999.0 0.102128 0.106626 0.111698 0.120636 0.128325 0.126190 0.128797 0.128920 0.128366 0.128976 0.130800 0.137770 0.145277 0.153566 0.163444 0.186998 0.216149 0.228601 0.249879 0.274959 0.285004 0.295191 0.305206 0.319424 0.335286 0.349519 0.361429 0.366565 0.368343 0.369211 0.369648 0.369892 0.369988 0.370000 0.370000 0.370000 0.370000 0.370000 0.370000 0.370000 0.370000 0.370000 0.370000 0.370000 0.370000 0.370000 0.370000 0.370000 0.370000 0.370000 0.370000 0.370000 0.370000 0.370000 0.370000 0.370000 0.370000 0.370000 0.370000
-9999.0 -9999.0 -9999.0 0.094067 0.100601 0.108484 0.115777 0.125603 0.137664 0.140471 0.143937 0.146979 0.150237 0.154574 0.159850 0.168638 0.176409 0.183484 0.197062 0.223972 0.252438 0.279568 0.302789 0.322300 0.334398 0.341175 0.347331 0.354874 0.363113 0.367453 0.369531 0.369971 0.369999 0.370000 0.370000 0.370000 0.370000 0.370000 0.370000 0.370000 0.370000 0.370000 0.370000 0.370000 0.370000 0.370000 0.370000 0.370000 0.370000 0.370000 0.370000 0.370000 0.370000 0.370000 0.370000 0.370000 0.370000 0.370000 0.370000 0.370000 0.370000 0.370000 0.370000
-9999.0 -9999.0 0.088041 0.092675 0.098343 0.109353 0.124767 0.137389 0.156699 0.171035 0.175204 0.187325 0.198976 0.204873 0.217478 0.230658 0.239835 0.241164 0.249737 0.278374 0.316430 0.342057 0.354120 0.364954 0.367789 0.368813 0.369224 0.369705 0.369949 0.369999 0.370000 0.370000 0.370000 0.370000 0.370000 0.370000 0.370000 0.370000 0.370000 0.370000 0.370000 0.370000 0.370000 0.370000 0.370000 0.370000 0.370000 0.370000 0.370000 0.370000 0.370000 0.370000 0.370000 0.370000 0.370000 0.370000 0.370000 0.370000 0.370000 0.370000 0.370000 0.370000 0.370000
-9999.0 -9999.0 0.085485 0.090349 0.096741 0.111931 0.137074 0.154743 0.179699 0.210190 0.224458 0.242556 0.258464 0.273577 0.291203 0.307861 0.309484 0.310415 0.309177 0.339063 0.358489 0.367490 0.369823 0.369996 0.370000 0.370000 0.370000 0.370000 0.370000 0.370000 0.370000 0.370000 0.370000 0.370000 0.370000 0.370000 0.370000 0.370000 0.370000 0.370000 0.370000 0.370000 0.370000 0.370000 0.370000 0.370000 0.370000 0.370000 0.370000 0.370000 0.370000 0.370000 0.370000 0.370000 0.370000 0.370000 0.370000 0.370000 0.370000 0.370000 0.370000 0.370000 0.370000
-9999.0 0.078982 0.082513 0.087642 0.097577 0.112954 0.144546 0.191582 0.227336 0.259763 0.281287 0.296170 0.331235 0.351749 0.358763 0.363868 0.363433 0.362921 0.361532 0.366817 0.369521 0.369999 0.370000 0.370000 0.370000 0.370000 0.370000 0.370000 0.370000 0.370000 0.370000 0.370000 0.370000 0.370000 0.370000 0.370000 0.370000 0.370000 0.370000 0.370000 0.370000 0.370000 0.370000 0.370000 0.370000 0.370000 0.370000 0.370000 0.370000 0.370000 0.370000 0.370000 0.370000 0.370000 0.370000 0.370000 0.370000 0.370000 0.370000 0.370000 0.370000 0.370000 0.370000
-9999.0 0.077198 0.080703 0.086988 0.096779 0.114515 0.161926 0.251301 0.286024 0.308938 0.326721 0.348935 0.366697 0.369670 0.369952 0.369998 0.369997 0.369991 0.369990 0.370000 0.370000 0.370000 0.370000 0.370000 0.370000 0.370000 0.370000 0.370000 0.370000 0.370000 0.370000 0.370000 0.370000 0.370000 0.370000 0.370000 0.370000 0.370000 0.370000 0.370000 0.370000 0.370000 0.370000 0.370000 0.370000 0.370000 0.370000 0.370000 0.370000 0.370000 0.370000 0.370000 0.370000 0.370000 0.370000 0.370000 0.370000 0.370000 0.370000 0.370000 0.370000 0.370000 0.370000
-9999.0 0.076185 0.079759 0.084903 0.094137 0.124463 0.184731 0.281830 0.336174 0.350233 0.362685 0.369558 0.370000 0.370000 0.370000 0.370000 0.370000 0.370000 0.370000 0.370000 0.370000 0.370000 0.370000 0.370000 0.370000 0.370000 0.370000 0.370000 0.370000 0.370000 0.370000 0.370000 0.370000 0.370000 0.370000 0.370000 0.370000 0.370000 0.370000 0.370000 0.370000 0.370000 0.370000 0.370000 0.370000 0.370000 0.370000 0.370000 0.370000 0.370000 0.370000 0.370000 0.370000 0.370000 0.370000 0.370000 0.370000 0.370000 0.370000 0.370000 0.370000 0.370000 0.370000
-9999.0 0.073331 0.076172 0.079487 0.093225 0.134824 0.205063 0.320170 0.363785 0.368279 0.369986 0.370000 0.370000 0.370000 0.370000 0.370000 0.370000 0.370000 0.370000 0.370000 0.370000 0.370000 0.370000 0.370000 0.370000 0.370000 0.370000 0.370000 0.370000 0.370000 0.370000 0.370000 0.370000 0.370000 0.370000 0.370000 0.370000 0.370000 0.370000 0.370000 0.370000 0.370000 0.370000 0.370000 0.370000 0.370000 0.370000 0.370000 0.370000 0.370000 0.370000 0.370000 0.370000 0.370000 0.370000 0.370000 0.370000 0.370000 0.370000 0.370000 0.370000 0.370000 0.370000
-9999.0 0.071510 0.073302 0.077374 0.090048 0.126058 0.209451 0.332805 0.369123 0.369998 0.370000 0.370000 0.370000 0.370000 0.370000 0.370000 0.370000 0.370000 0.370000 0.370000 0.370000 0.370000 0.370000 0.370000 0.370000 0.370000 0.370000 0.370000 0.370000 0.370000 0.370000 0.370000 0.370000 0.370000 0.370000 0.370000 0.370000 0.370000 0.370000 0.370000 0.370000 0.370000 0.370000 0.370000 0.370000 0.370000 0.370000 0.370000 0.370000 0.370000 0.370000 0.370000 0.370000 0.370000 0.370000 0.370000 0.370000 0.370000 0.370000 0.370000 0.370000 0.370000 0.370000
-9999.0 0.070251 0.072101 0.075103 0.083003 0.101608 0.146609 0.263038 0.354461 0.369985 0.370000 0.370000 0.370000 0.370000 0.370000 0.370000 0.370000 0.370000 0.370000 0.370000 0.370000 0.370000 0.370000 0.370000 0.370000 0.370000 0.370000 0.370000 0.370000 0.370000 0.370000 0.370000 0.370000 0.370000 0.370000 0.370000 0.370000 0.370000 0.370000 0.370000 0.370000 0.370000 0.370000 0.370000 0.370000 0.370000 0.370000 0.370000 0.370000 0.370000 0.370000 0.370000 0.370000 0.370000 0.370000 0.370000 0.370000 0.370000 0.370000 0.370000 0.370000 0.370000 0.369998
-9999.0 -9999.0 0.070878 0.073185 0.077608 0.087572 0.110444 0.178786 0.295758 0.366468 0.369983 0.370000 0.370000 0.370000 0.370000 0.370000 0.370000 0.370000 0.370000 0.370000 0.370000 0.370000 0.370000 0.370000 0.370000 0.370000 0.370000 0.370000 0.370000 0.370000 0.370000 0.370000 0.370000 0.370000 0.370000 0.370000 0.370000 0.370000 0.370000 0.370000 0.370000 0.370000 0.370000 0.370000 0.370000 0.370000 0.370000 0.370000 0.370000 0.370000 0.370000 0.370000 0.370000 0.370000 0.370000 0.370000 0.370000 0.370000 0.369999 0.369957 0.369605 0.368337 0.365854
-9999.0 -9999.0 0.069841 0.071394 0.074439 0.080610 0.091384 0.114447 0.189724 0.283376 0.343136 0.365501 0.369521 0.369976 0.370000 0.370000 0.370000 0.370000 0.370000 0.370000 0.370000 0.370000 0.370000 0.370000 0.370000 0.370000 0.370000 0.370000 0.370000 0.370000 0.370000 0.370000 0.370000 0.370000 0.370000 0.370000 0.370000 0.370000 0.370000 0.370000 0.370000 0.370000 0.370000 0.370000 0.370000 0.370000 0.370000 0.370000 0.370000 0.369999 0.369998 0.369996 0.369994 0.369986 0.369965 0.369926 0.369773 0.369347 0.368385 0.365966 0.360285 0.352417 0.341002
-9999.0 -9999.0 -9999.0 0.070274 0.071886 0.074243 0.078433 0.084225 0.097735 0.127706 0.176968 0.246350 0.295445 0.328335 0.350638 0.363423 0.367372 0.368484 0.369035 0.369828 0.369959 0.369997 0.370000 0.370000 0.370000 0.370000 0.370000 0.370000 0.370000 0.370000 0.370000 0.369995 0.369984 0.369984 0.369983 0.369985 0.369977 0.369964 0.369918 0.369810 0.369614 0.369400 0.369277 0.369152 0.369061 0.368940 0.368801 0.368521 0.368090 0.367553 0.367036 0.366758 0.366419 0.365888 0.365065 0.364056 0.362324 0.357138 0.349903 0.339585 0.323706 0.303845 0.281891
-9999.0 -9999.0 -9999.0 -9999.0 -9999.0 0.070883 0.072858 0.075779 0.079837 0.085782 0.096916 0.119790 0.137869 0.161817 0.195024 0.226991 0.255732 0.284971 0.316659 0.338884 0.354944 0.362323 0.366558 0.368445 0.369024 0.369401 0.369517 0.369321 0.369036 0.368461 0.367039 0.365010 0.364357 0.364328 0.364334 0.364070 0.363319 0.362427 0.361129 0.358358 0.355454 0.353931 0.352724 0.351488 0.350138 0.348935 0.347739 0.346510 0.343211 0.340345 0.340537 0.339412 0.338243 0.337068 0.334029 0.330446 0.325885 0.311173 0.296450 0.285149 0.260570 0.237996 0.222168
-9999.0 -9999.0 -9999.0 -9999.0 -9999.0 -9999.0 0.070247 0.071653 0.073409 0.076035 0.080463 0.086501 0.090176 0.097167 0.107337 0.122149 0.143639 0.165085 0.190893 0.221382 0.255280 0.283051 0.308584 0.329392 0.336609 0.341633 0.346065 0.342805 0.338962 0.334771 0.324096 0.321624 0.318062 0.318008 0.317753 0.317562 0.314327 0.310711 0.307189 0.300041 0.296370 0.292176 0.289135 0.286175 0.283079 0.280418 0.278433 0.276511 0.271964 0.272846 0.273206 0.271869 0.270147 0.268282 0.263419 0.256727 0.250139 0.237060 0.225902 0.214892 0.196439 0.183413 0.170984
