tests/Borden05m/data_simulated/sim_1/output-maps/thetaliqL0007N0004.asc
ncols         160
nrows         34
xllcorner     620200.000000
yllcorner     5168000.000000
cellsize      0.500000
NODATA_value  -9999.0
[rows 0 to 27 of 34, columns 63 to 125 of 160]
-9999.0 -9999.0 -9999.0 -9999.0 -9999.0 -9999.0 -9999.0 -9999.0 -9999.0 -9999.0 -9999.0 -9999.0 -9999.0 -9999.0 -9999.0 -9999.0 -9999.0 -9999.0 -9999.0 -9999.0 -9999.0 -9999.0 -9999.0 -9999.0 -9999.0 -9999.0 -9999.0 -9999.0 -9999.0 -9999.0 -9999.0 -9999.0 -9999.0 -9999.0 -9999.0 -9999.0 -9999.0 -9999.0 -9999.0 -9999.0 -9999.0 -9999.0 -9999.0 -9999.0 -9999.0 -9999.0 -9999.0 -9999.0 -9999.0 -9999.0 -9999.0 -9999.0 -9999.0 -9999.0 -9999.0 -9999.0 -9999.0 -9999.0 -9999.0 -9999.0 -9999.0 -9999.0 -9999.0
0.316172 0.310134 0.304120 0.301216 0.300444 0.299697 0.299304 0.302944 0.308233 0.313113 0.317569 0.318934 0.320325 0.321659 0.321931 0.321114 0.319132 0.317090 0.314927 0.313982 0.308461 0.300524 0.293980 0.291905 0.295239 0.298529 0.300354 0.304708 0.312052 0.318957 0.324047 0.330435 0.333213 0.335763 0.337371 0.335618 0.334046 0.332385 0.330181 0.324317 -9999.0 -9999.0 -9999.0 -9999.0 -9999.0 -9999.0 -9999.0 -9999.0 -9999.0 -9999.0 -9999.0 -9999.0 -9999.0 -9999.0 -9999.0 -9999.0 -9999.0 -9999.0 -9999.0 -9999.0 -9999.0 -9999.0 -9999.0
0.305603 0.299280 0.295186 0.290967 0.289589 0.289407 0.289300 0.292328 0.299336 0.304824 0.307989 0.309500 0.311020 0.311107 0.310738 0.310408 0.308427 0.306071 0.303687 0.302402 0.302305 0.296847 0.292957 0.290541 0.289729 0.291543 0.293252 0.295404 0.302386 0.308165 0.313690 0.322302 0.329139 0.331898 0.330814 0.328312 0.326496 0.323167 0.317624 0.311160 0.304108 0.299139 0.295447 0.291897 0.296550 0.301205 0.308464 0.315273 0.322626 0.329374 -9999.0 -9999.0 -9999.0 -9999.0 -9999.0 -9999.0 -9999.0 -9999.0 -9999.0 -9999.0 -9999.0 -9999.0 -9999.0
0.296512 0.293540 0.289827 0.286699 0.292199 0.292927 0.293638 0.295836 0.298270 0.299649 0.301538 0.305113 0.310992 0.312584 0.312821 0.312816 0.311569 0.309472 0.308240 0.306323 0.302695 0.302065 0.302378 0.302457 0.306115 0.307121 0.307957 0.303109 0.305400 0.309693 0.314237 0.318750 0.323032 0.325879 0.324308 0.323711 0.319091 0.310703 0.303166 0.297175 0.295374 0.293285 0.287827 0.278832 0.284312 0.296094 0.299644 0.302501 0.310763 0.318598 0.324582 0.325667 0.325544 0.325415 0.324056 0.315912 0.306465 0.296242 0.282396 -9999.0 -9999.0 -9999.0 -9999.0
0.297676 0.295263 0.294161 0.303296 0.309565 0.310471 0.312186 0.314155 0.313112 0.304694 0.302713 0.308499 0.315216 0.318786 0.318753 0.318625 0.317695 0.316988 0.316584 0.314984 0.315708 0.317332 0.317878 0.321026 0.324289 0.325800 0.320692 0.315014 0.315265 0.319977 0.324613 0.328748 0.334479 0.339999 0.339521 0.337064 0.333005 0.326032 0.312189 0.298791 0.291446 0.286910 0.281947 0.281393 0.280142 0.288326 0.289935 0.291406 0.297982 0.305372 0.312182 0.315934 0.315755 0.315560 0.314164 0.308131 0.298050 0.287314 0.274707 0.254617 0.231814 0.210481 0.209932
0.301412 0.303777 0.312651 0.321097 0.329499 0.330674 0.331806 0.331534 0.326110 0.320041 0.317233 0.326087 0.334185 0.337990 0.338361 0.338677 0.342275 0.341282 0.339961 0.337334 0.338447 0.339834 0.344702 0.347455 0.349702 0.349028 0.344782 0.340353 0.339471 0.340231 0.341009 0.343457 0.347524 0.351076 0.349631 0.347133 0.343232 0.329900 0.313621 0.302409 0.303315 0.303974 0.301118 0.299174 0.296696 0.291206 0.291167 0.291045 0.290915 0.299851 0.308384 0.310799 0.306935 0.304644 0.303223 0.297119 0.289250 0.277748 0.264484 0.249486 0.226855 0.221165 0.215241
0.329179 0.333331 0.339469 0.346912 0.354485 0.355445 0.356407 0.357394 0.354677 0.351077 0.346950 0.352038 0.354751 0.357057 0.357908 0.360391 0.362192 0.361323 0.359621 0.357555 0.358988 0.361698 0.363932 0.364697 0.365059 0.365117 0.363969 0.363251 0.362811 0.362818 0.362186 0.362621 0.364224 0.365941 0.365990 0.364840 0.361625 0.353678 0.341284 0.330632 0.332808 0.329770 0.326816 0.324529 0.316226 0.308891 0.308851 0.302530 0.298251 0.306375 0.310540 0.311898 0.307966 0.311705 0.306621 0.294091 0.281049 0.268758 0.257191 0.245267 0.239314 0.231889 0.225948
0.350171 0.352939 0.357795 0.362468 0.365693 0.366867 0.367463 0.368012 0.367616 0.366950 0.366132 0.366581 0.367520 0.368243 0.368766 0.369178 0.369451 0.369338 0.369112 0.369038 0.369157 0.369510 0.369711 0.369768 0.369795 0.369833 0.369793 0.369717 0.369605 0.369469 0.369314 0.369197 0.369503 0.369700 0.369676 0.369267 0.368454 0.366222 0.361458 0.353586 0.351923 0.351745 0.351325 0.346052 0.339835 0.330697 0.324632 0.319521 0.310022 0.313054 0.316889 0.323447 0.329050 0.328733 0.319451 0.308442 0.294919 0.280680 0.269385 0.265739 0.261753 0.254141 0.249122
0.368560 0.368791 0.369200 0.369703 0.369944 0.369992 0.369999 0.370000 0.369999 0.369997 0.369989 0.369981 0.369992 0.369998 0.370000 0.370000 0.370000 0.370000 0.370000 0.370000 0.370000 0.370000 0.370000 0.370000 0.370000 0.370000 0.370000 0.370000 0.370000 0.370000 0.370000 0.370000 0.370000 0.370000 0.370000 0.370000 0.369997 0.369959 0.369742 0.369158 0.368335 0.368316 0.367544 0.366214 0.363762 0.356917 0.351419 0.345517 0.332076 0.329632 0.335350 0.341919 0.344936 0.338249 0.330226 0.319606 0.306268 0.291741 0.286793 0.285835 0.283535 0.279107 0.277074
0.369999 0.370000 0.370000 0.370000 0.370000 0.370000 0.370000 0.370000 0.370000 0.370000 0.370000 0.370000 0.370000 0.370000 0.370000 0.370000 0.370000 0.370000 0.370000 0.370000 0.370000 0.370000 0.370000 0.370000 0.370000 0.370000 0.370000 0.370000 0.370000 0.370000 0.370000 0.370000 0.370000 0.370000 0.370000 0.370000 0.370000 0.370000 0.370000 0.370000 0.369999 0.369990 0.369959 0.369881 0.369405 0.367995 0.365151 0.360682 0.353616 0.351894 0.358657 0.363245 0.361771 0.359559 0.355406 0.347665 0.337433 0.324168 0.319757 0.317796 0.314211 0.309997 0.305838
0.370000 0.370000 0.370000 0.370000 0.370000 0.370000 0.370000 0.370000 0.370000 0.370000 0.370000 0.370000 0.370000 0.370000 0.370000 0.370000 0.370000 0.370000 0.370000 0.370000 0.370000 0.370000 0.370000 0.370000 0.370000 0.370000 0.370000 0.370000 0.370000 0.370000 0.370000 0.370000 0.370000 0.370000 0.370000 0.370000 0.370000 0.370000 0.370000 0.370000 0.370000 0.370000 0.370000 0.370000 0.370000 0.370000 0.369996 0.369953 0.369684 0.369062 0.369606 0.369451 0.369162 0.368560 0.367114 0.364577 0.360417 0.353988 0.350609 0.348590 0.345667 0.343049 0.339244
0.370000 0.370000 0.370000 0.370000 0.370000 0.370000 0.370000 0.370000 0.370000 0.370000 0.370000 0.370000 0.370000 0.370000 0.370000 0.370000 0.370000 0.370000 0.370000 0.370000 0.370000 0.370000 0.370000 0.370000 0.370000 0.370000 0.370000 0.370000 0.370000 0.370000 0.370000 0.370000 0.370000 0.370000 0.370000 0.370000 0.370000 0.370000 0.370000 0.370000 0.370000 0.370000 0.370000 0.370000 0.370000 0.370000 0.370000 0.370000 0.370000 0.370000 0.370000 0.369999 0.369996 0.369969 0.369855 0.369595 0.368738 0.366824 0.364624 0.363445 0.362188 0.360461 0.357860
0.370000 0.370000 0.370000 0.370000 0.370000 0.370000 0.370000 0.370000 0.370000 0.370000 0.370000 0.370000 0.370000 0.370000 0.370000 0.370000 0.370000 0.370000 0.370000 0.370000 0.370000 0.370000 0.370000 0.370000 0.370000 0.370000 0.370000 0.370000 0.370000 0.370000 0.370000 0.370000 0.370000 0.370000 0.370000 0.370000 0.370000 0.370000 0.370000 0.370000 0.370000 0.370000 0.370000 0.370000 0.370000 0.370000 0.370000 0.370000 0.370000 0.370000 0.370000 0.370000 0.370000 0.370000 0.370000 0.370000 0.369999 0.369966 0.369828 0.369672 0.369279 0.368603 0.367717
0.370000 0.370000 0.370000 0.370000 0.370000 0.370000 0.370000 0.370000 0.370000 0.370000 0.370000 0.370000 0.370000 0.370000 0.370000 0.370000 0.370000 0.370000 0.370000 0.370000 0.370000 0.370000 0.370000 0.370000 0.370000 0.370000 0.370000 0.370000 0.370000 0.370000 0.370000 0.370000 0.370000 0.370000 0.370000 0.370000 0.370000 0.370000 0.370000 0.370000 0.370000 0.370000 0.370000 0.370000 0.370000 0.370000 0.370000 0.370000 0.370000 0.370000 0.370000 0.370000 0.370000 0.370000 0.370000 0.370000 0.370000 0.370000 0.370000 0.370000 0.369998 0.369979 0.369917
0.370000 0.370000 0.370000 0.370000 0.370000 0.370000 0.370000 0.370000 0.370000 0.370000 0.370000 0.370000 0.370000 0.370000 0.370000 0.370000 0.370000 0.370000 0.370000 0.370000 0.370000 0.370000 0.370000 0.370000 0.370000 0.370000 0.370000 0.370000 0.370000 0.370000 0.370000 0.370000 0.370000 0.370000 0.370000 0.370000 0.370000 0.370000 0.370000 0.370000 0.370000 0.370000 0.370000 0.370000 0.370000 0.370000 0.370000 0.370000 0.370000 0.370000 0.370000 0.370000 0.370000 0.370000 0.370000 0.370000 0.370000 0.370000 0.370000 0.370000 0.370000 0.370000 0.370000
0.370000 0.370000 0.370000 0.370000 0.370000 0.370000 0.370000 0.370000 0.370000 0.370000 0.370000 0.370000 0.370000 0.370000 0.370000 0.370000 0.370000 0.370000 0.370000 0.370000 0.370000 0.370000 0.370000 0.370000 0.370000 0.370000 0.370000 0.370000 0.370000 0.370000 0.370000 0.370000 0.370000 0.370000 0.370000 0.370000 0.370000 0.370000 0.370000 0.370000 0.370000 0.370000 0.370000 0.370000 0.370000 0.370000 0.370000 0.370000 0.370000 0.370000 0.370000 0.370000 0.370000 0.370000 0.370000 0.370000 0.370000 0.370000 0.370000 0.370000 0.370000 0.370000 0.370000
0.370000 0.370000 0.370000 0.370000 0.370000 0.370000 0.370000 0.370000 0.370000 0.370000 0.370000 0.370000 0.370000 0.370000 0.370000 0.370000 0.370000 0.370000 0.370000 0.370000 0.370000 0.370000 0.370000 0.370000 0.370000 0.370000 0.370000 0.370000 0.370000 0.370000 0.370000 0.370000 0.370000 0.370000 0.370000 0.370000 0.370000 0.370000 0.370000 0.370000 0.370000 0.370000 0.370000 0.370000 0.370000 0.370000 0.370000 0.370000 0.370000 0.370000 0.370000 0.370000 0.370000 0.370000 0.370000 0.370000 0.370000 0.370000 0.370000 0.370000 0.370000 0.370000 0.370000
0.370000 0.370000 0.370000 0.370000 0.370000 0.370000 0.370000 0.370000 0.370000 0.370000 0.370000 0.370000 0.370000 0.370000 0.370000 0.370000 0.370000 0.370000 0.370000 0.370000 0.370000 0.370000 0.370000 0.370000 0.370000 0.370000 0.370000 0.370000 0.370000 0.370000 0.370000 0.370000 0.370000 0.370000 0.370000 0.370000 0.370000 0.370000 0.370000 0.370000 0.370000 0.370000 0.370000 0.370000 0.370000 0.370000 0.370000 0.370000 0.370000 0.370000 0.370000 0.370000 0.370000 0.370000 0.370000 0.370000 0.370000 0.370000 0.370000 0.370000 0.370000 0.370000 0.370000
0.370000 0.370000 0.370000 0.370000 0.370000 0.370000 0.370000 0.370000 0.370000 0.370000 0.370000 0.370000 0.370000 0.370000 0.370000 0.370000 0.370000 0.370000 0.370000 0.370000 0.370000 0.370000 0.370000 0.370000 0.370000 0.370000 0.370000 0.370000 0.370000 0.370000 0.370000 0.370000 0.370000 0.370000 0.370000 0.370000 0.370000 0.370000 0.370000 0.370000 0.370000 0.370000 0.370000 0.370000 0.370000 0.370000 0.370000 0.370000 0.370000 0.370000 0.370000 0.370000 0.370000 0.370000 0.370000 0.370000 0.370000 0.370000 0.370000 0.370000 0.370000 0.370000 0.370000
0.370000 0.370000 0.370000 0.370000 0.370000 0.370000 0.370000 0.370000 0.370000 0.370000 0.370000 0.370000 0.370000 0.370000 0.370000 0.370000 0.370000 0.370000 0.370000 0.370000 0.370000 0.370000 0.370000 0.370000 0.370000 0.370000 0.370000 0.370000 0.370000 0.370000 0.370000 0.370000 0.370000 0.370000 0.370000 0.370000 0.370000 0.370000 0.370000 0.370000 0.370000 0.370000 0.370000 0.370000 0.370000 0.370000 0.370000 0.370000 0.370000 0.370000 0.370000 0.370000 0.370000 0.370000 0.370000 0.370000 0.370000 0.370000 0.370000 0.370000 0.370000 0.370000 0.370000
0.370000 0.370000 0.370000 0.370000 0.370000 0.370000 0.370000 0.370000 0.369995 0.369953 0.369864 0.369864 0.369892 0.369871 0.369755 0.369593 0.369420 0.369149 0.368684 0.368285 0.368621 0.368925 0.369041 0.369088 0.369173 0.369196 0.369170 0.369128 0.369353 0.369522 0.369666 0.369765 0.369842 0.369954 0.369990 0.369998 0.370000 0.370000 0.370000 0.370000 0.370000 0.370000 0.370000 0.370000 0.370000 0.370000 0.370000 0.370000 0.370000 0.370000 0.370000 0.370000 0.370000 0.370000 0.370000 0.370000 0.370000 0.370000 0.370000 0.370000 0.370000 0.370000 0.370000
0.370000 0.370000 0.370000 0.369990 0.369927 0.369758 0.369406 0.368695 0.367122 0.364499 0.361784 0.362809 0.363767 0.364831 0.363233 0.361296 0.360028 0.356985 0.353370 0.349201 0.351860 0.354484 0.358073 0.358753 0.359344 0.360442 0.360143 0.359748 0.358507 0.360270 0.361915 0.363711 0.366389 0.368023 0.368972 0.369457 0.369741 0.369903 0.369975 0.369996 0.370000 0.370000 0.370000 0.370000 0.370000 0.370000 0.370000 0.370000 0.370000 0.370000 0.370000 0.370000 0.370000 0.370000 0.370000 0.370000 0.370000 0.370000 0.370000 0.370000 0.370000 0.370000 0.370000
0.369864 0.369476 0.368162 0.366592 0.364547 0.361148 0.356740 0.351065 0.341575 0.331019 0.318535 0.321159 0.328015 0.334937 0.331085 0.328636 0.326896 0.320345 0.312058 0.303151 0.305713 0.315143 0.324817 0.328192 0.331277 0.334814 0.334743 0.331632 0.327202 0.329991 0.336213 0.342744 0.350374 0.356486 0.360896 0.363855 0.366195 0.367830 0.368862 0.369491 0.369813 0.369926 0.369981 0.369998 0.370000 0.370000 0.370000 0.370000 0.370000 0.370000 0.370000 0.370000 0.370000 0.370000 0.370000 0.370000 0.370000 0.370000 0.370000 0.370000 0.370000 0.370000 0.370000
0.359722 0.352148 0.345408 0.337700 0.328862 0.318682 0.306049 0.292510 0.277993 0.261148 0.245172 0.249612 0.260706 0.271143 0.272515 0.270215 0.267873 0.261510 0.250688 0.240854 0.247297 0.259794 0.271992 0.279416 0.284363 0.289052 0.286876 0.280560 0.274720 0.280488 0.291668 0.302104 0.313650 0.325942 0.336451 0.345092 0.352333 0.357917 0.362402 0.365541 0.367560 0.368738 0.369384 0.369728 0.369842 0.369917 0.369959 0.369990 0.369999 0.370000 0.370000 0.370000 0.370000 0.370000 0.370000 0.370000 0.370000 0.370000 0.370000 0.370000 0.370000 0.370000 0.370000
0.324583 0.306498 0.289755 0.276487 0.268758 0.257263 0.241897 0.231168 0.218147 0.203328 0.201968 0.205064 0.214853 0.217094 0.217731 0.215484 0.214682 0.210885 0.201744 0.205526 0.211485 0.223176 0.231908 0.239285 0.244342 0.247702 0.246992 0.240814 0.242569 0.248341 0.260042 0.269316 0.281159 0.296467 0.308207 0.320107 0.331735 0.341746 0.350195 0.356959 0.362104 0.365245 0.367004 0.367690 0.368289 0.368628 0.368530 0.369083 0.369474 0.369730 0.369910 0.369981 0.369999 0.370000 0.370000 0.370000 0.370000 0.370000 0.370000 0.370000 0.370000 0.370000 0.370000
0.257900 0.234739 0.215658 0.208503 0.200967 0.192912 0.183919 0.175256 0.167396 0.166794 0.165560 0.165593 0.167070 0.168923 0.170412 0.169800 0.169150 0.169336 0.172390 0.174988 0.178491 0.185517 0.193061 0.200139 0.203061 0.206079 0.207966 0.210015 0.211789 0.215098 0.223905 0.233034 0.243601 0.257160 0.270767 0.285094 0.300928 0.315375 0.328794 0.341015 0.350554 0.356127 0.358416 0.360431 0.361252 0.360638 0.360024 0.361675 0.363656 0.365220 0.367167 0.368508 0.369304 0.369898 0.369998 0.370000 0.370000 0.370000 0.370000 0.370000 0.370000 0.370000 0.370000
0.200192 0.182088 0.170589 0.164821 0.159276 0.153845 0.147178 0.142044 0.140896 0.139939 0.139072 0.138487 0.140005 0.141630 0.143540 0.143306 0.143408 0.144560 0.146529 0.149219 0.153727 0.159472 0.166062 0.174443 0.177117 0.179949 0.183351 0.184968 0.186928 0.189784 0.197707 0.206077 0.215330 0.228387 0.242228 0.257452 0.274875 0.293822 0.313481 0.328644 0.340809 0.348823 0.351669 0.353032 0.352672 0.351138 0.347381 0.347421 0.351322 0.352726 0.356687 0.361212 0.363618 0.367523 0.369417 0.369870 0.369989 0.370000 0.370000 0.370000 0.370000 0.370000 0.370000
0.156950 0.147483 0.138760 0.133715 0.129729 0.126095 0.123051 0.122123 0.121123 0.120492 0.120090 0.119651 0.120483 0.121833 0.123201 0.123806 0.124663 0.125594 0.127674 0.130983 0.134417 0.139395 0.145958 0.153126 0.156136 0.158979 0.161937 0.164005 0.166322 0.168628 0.174932 0.182380 0.190133 0.202431 0.216097 0.230539 0.251059 0.274538 0.296676 0.313876 0.328456 0.339918 0.341412 0.342059 0.341866 0.336315 0.328862 0.326288 0.328160 0.328924 0.333891 0.339981 0.345381 0.355177 0.361894 0.366105 0.368634 0.369755 0.369982 0.370000 0.370000 0.370000 0.370000
