tests/Borden05m/data_simulated/sim_1/output-maps/thetaliqL0005N0004.asc
ncols         160
nrows         34
xllcorner     620200.000000
yllcorner     5168000.000000
cellsize      0.500000
NODATA_value  -9999.0
[rows 0 to 27 of 34, columns 0 to 62 of 160]
-9999.0 -9999.0 -9999.0 -9999.0 -9999.0 -9999.0 -9999.0 -9999.0 -9999.0 -9999.0 -9999.0 -9999.0 -9999.0 -9999.0 -9999.0 -9999.0 -9999.0 -9999.0 -9999.0 -9999.0 -9999.0 -9999.0 -9999.0 -9999.0 -9999.0 -9999.0 -9999.0 -9999.0 -9999.0 -9999.0 -9999.0 -9999.0 -9999.0 -9999.0 -9999.0 -9999.0 -9999.0 -9999.0 -9999.0 -9999.0 -9999.0 -9999.0 -9999.0 -9999.0 -9999.0 -9999.0 -9999.0 -9999.0 -9999.0 -9999.0 -9999.0 -9999.0 -9999.0 -9999.0 -9999.0 -9999.0 -9999.0 -9999.0 -9999.0 -9999.0 -9999.0 -9999.0 -9999.0
-9999.0 -9999.0 -9999.0 -9999.0 -9999.0 -9999.0 -9999.0 -9999.0 -9999.0 -9999.0 -9999.0 -9999.0 -9999.0 -9999.0 -9999.0 -9999.0 -9999.0 -9999.0 -9999.0 -9999.0 -9999.0 -9999.0 -9999.0 -9999.0 -9999.0 -9999.0 -9999.0 -9999.0 -9999.0 -9999.0 -9999.0 -9999.0 -9999.0 -9999.0 -9999.0 -9999.0 -9999.0 -9999.0 -9999.0 -9999.0 -9999.0 -9999.0 -9999.0 -9999.0 -9999.0 -9999.0 -9999.0 -9999.0 -9999.0 -9999.0 -9999.0 -9999.0 -9999.0 -9999.0 -9999.0 -9999.0 -9999.0 -9999.0 -9999.0 0.131936 0.129752 0.127652 0.125733
-9999.0 -9999.0 -9999.0 -9999.0 -9999.0 -9999.0 -9999.0 -9999.0 -9999.0 -9999.0 -9999.0 -9999.0 -9999.0 -9999.0 -9999.0 -9999.0 -9999.0 -9999.0 -9999.0 -9999.0 -9999.0 -9999.0 -9999.0 -9999.0 -9999.0 -9999.0 -9999.0 -9999.0 -9999.0 -9999.0 -9999.0 -9999.0 -9999.0 -9999.0 -9999.0 -9999.0 -9999.0 -9999.0 -9999.0 -9999.0 -9999.0 -9999.0 -9999.0 -9999.0 -9999.0 -9999.0 -9999.0 0.097889 0.094965 0.092376 0.092179 0.095582 0.099536 0.104150 0.108718 0.113432 0.118851 0.125111 0.126229 0.122545 0.120947 0.119814 0.119021
-9999.0 -9999.0 -9999.0 -9999.0 -9999.0 -9999.0 -9999.0 -9999.0 -9999.0 -9999.0 -9999.0 -9999.0 -9999.0 -9999.0 -9999.0 -9999.0 -9999.0 -9999.0 -9999.0 -9999.0 -9999.0 -9999.0 -9999.0 -9999.0 -9999.0 -9999.0 -9999.0 -9999.0 -9999.0 -9999.0 -9999.0 -9999.0 -9999.0 -9999.0 -9999.0 -9999.0 -9999.0 -9999.0 -9999.0 -9999.0 0.107536 0.108913 0.109345 0.106640 0.104068 0.101659 0.097943 0.094955 0.092550 0.092090 0.092406 0.093243 0.096847 0.101106 0.105002 0.108982 0.113831 0.119562 0.120393 0.116934 0.114377 0.113196 0.113105
-9999.0 -9999.0 -9999.0 -9999.0 -9999.0 -9999.0 -9999.0 -9999.0 -9999.0 -9999.0 -9999.0 -9999.0 -9999.0 -9999.0 -9999.0 -9999.0 -9999.0 -9999.0 -9999.0 -9999.0 -9999.0 -9999.0 -9999.0 -9999.0 -9999.0 -9999.0 -9999.0 -9999.0 -9999.0 -9999.0 -9999.0 -9999.0 -9999.0 -9999.0 0.091254 0.093712 0.096502 0.099635 0.102788 0.104082 0.105327 0.106613 0.105657 0.104505 0.102082 0.098580 0.095207 0.092978 0.092516 0.092093 0.092667 0.094577 0.097176 0.100050 0.104138 0.109250 0.111402 0.114578 0.115330 0.113781 0.113881 0.114162 0.114483
-9999.0 -9999.0 -9999.0 -9999.0 -9999.0 -9999.0 -9999.0 -9999.0 -9999.0 -9999.0 -9999.0 -9999.0 -9999.0 -9999.0 -9999.0 -9999.0 -9999.0 -9999.0 -9999.0 -9999.0 -9999.0 -9999.0 -9999.0 -9999.0 -9999.0 -9999.0 -9999.0 -9999.0 0.092008 0.091180 0.090455 0.090217 0.090006 0.089800 0.090649 0.092290 0.094969 0.098458 0.100715 0.102022 0.103257 0.103356 0.102315 0.101767 0.101706 0.099421 0.097306 0.095458 0.093795 0.093595 0.094979 0.097107 0.099809 0.102529 0.105602 0.108773 0.112268 0.118200 0.120746 0.118643 0.116663 0.115395 0.115422
-9999.0 -9999.0 -9999.0 -9999.0 -9999.0 -9999.0 -9999.0 -9999.0 -9999.0 -9999.0 -9999.0 -9999.0 -9999.0 -9999.0 -9999.0 -9999.0 -9999.0 -9999.0 -9999.0 -9999.0 -9999.0 -9999.0 -9999.0 0.088449 0.089168 0.089924 0.090806 0.090872 0.090254 0.089495 0.089048 0.088804 0.088580 0.089036 0.090039 0.091784 0.094000 0.097351 0.098762 0.099955 0.102318 0.102594 0.103341 0.104065 0.103547 0.102924 0.100537 0.098879 0.099949 0.101073 0.102158 0.103470 0.106067 0.109610 0.114100 0.119998 0.127001 0.133944 0.140740 0.137833 0.133916 0.129191 0.129120
-9999.0 -9999.0 -9999.0 -9999.0 -9999.0 -9999.0 -9999.0 -9999.0 -9999.0 -9999.0 -9999.0 -9999.0 -9999.0 -9999.0 -9999.0 -9999.0 -9999.0 -9999.0 -9999.0 0.085855 0.085911 0.085969 0.086394 0.086478 0.086687 0.087401 0.088267 0.088438 0.088221 0.087964 0.088085 0.088329 0.088740 0.090092 0.091842 0.093775 0.095906 0.099395 0.102109 0.104955 0.108560 0.107953 0.106678 0.105972 0.105902 0.105942 0.107467 0.108347 0.109495 0.110950 0.112669 0.114773 0.117456 0.122956 0.129766 0.137414 0.145576 0.154151 0.163586 0.161386 0.154761 0.148414 0.148318
-9999.0 -9999.0 -9999.0 -9999.0 -9999.0 -9999.0 -9999.0 -9999.0 -9999.0 -9999.0 -9999.0 -9999.0 -9999.0 -9999.0 -9999.0 -9999.0 0.083327 0.083465 0.083612 0.084046 0.084213 0.084534 0.085131 0.085182 0.085519 0.086179 0.086653 0.087492 0.088296 0.089094 0.089746 0.090009 0.090947 0.092174 0.093798 0.096181 0.099944 0.104296 0.107786 0.111699 0.116039 0.115812 0.115207 0.115271 0.115320 0.117676 0.123324 0.125193 0.126416 0.133561 0.139065 0.140936 0.143480 0.151082 0.162637 0.177860 0.198576 0.213837 0.228068 0.232059 0.220549 0.217059 0.220455
-9999.0 -9999.0 -9999.0 -9999.0 -9999.0 -9999.0 -9999.0 -9999.0 -9999.0 -9999.0 -9999.0 -9999.0 -9999.0 0.080150 0.080412 0.081004 0.081519 0.081643 0.081887 0.082273 0.083214 0.083465 0.083962 0.084608 0.085614 0.086407 0.087329 0.088584 0.089528 0.090349 0.091201 0.092087 0.094016 0.096359 0.099023 0.102801 0.107286 0.112355 0.118115 0.122360 0.126903 0.128059 0.126870 0.126981 0.129728 0.136747 0.144625 0.150621 0.161999 0.175030 0.183316 0.191349 0.196542 0.203595 0.216718 0.243613 0.271802 0.293932 0.306529 0.318448 0.318778 0.320643 0.322544
-9999.0 -9999.0 -9999.0 -9999.0 -9999.0 -9999.0 -9999.0 -9999.0 -9999.0 -9999.0 0.078023 0.078163 0.077968 0.078028 0.078245 0.078881 0.079628 0.080051 0.080752 0.082195 0.083510 0.083763 0.085075 0.085974 0.086572 0.087665 0.089105 0.090656 0.092963 0.094762 0.096772 0.100454 0.103574 0.106949 0.110966 0.115918 0.122137 0.132734 0.143744 0.149967 0.162295 0.170492 0.167643 0.166847 0.170255 0.180622 0.196231 0.215575 0.232338 0.253056 0.269886 0.280650 0.288321 0.297476 0.308645 0.329943 0.352431 0.365133 0.369701 0.369997 0.370000 0.370000 0.370000
-9999.0 -9999.0 -9999.0 -9999.0 -9999.0 -9999.0 -9999.0 -9999.0 0.076856 0.077158 0.077463 0.077301 0.077055 0.076909 0.077502 0.078305 0.079184 0.080193 0.081245 0.082530 0.083791 0.085269 0.087129 0.088374 0.089718 0.091572 0.093391 0.096106 0.099674 0.102536 0.106672 0.111790 0.116949 0.122062 0.127756 0.134044 0.146109 0.162854 0.181291 0.197428 0.216499 0.235357 0.234838 0.236550 0.239197 0.259433 0.283390 0.307256 0.329601 0.348913 0.362281 0.366849 0.368740 0.369834 0.369998 0.370000 0.370000 0.370000 0.370000 0.370000 0.370000 0.370000 0.370000
-9999.0 -9999.0 -9999.0 -9999.0 -9999.0 -9999.0 0.075782 0.076813 0.077503 0.077115 0.076771 0.076621 0.076471 0.077243 0.078303 0.079223 0.080225 0.081365 0.082538 0.083784 0.087193 0.088857 0.090638 0.093360 0.095306 0.097418 0.100374 0.105023 0.110356 0.119581 0.129895 0.140577 0.152198 0.161601 0.171011 0.181930 0.202307 0.228806 0.256261 0.279396 0.300213 0.320910 0.328345 0.332723 0.338775 0.349191 0.362466 0.369486 0.369999 0.370000 0.370000 0.370000 0.370000 0.370000 0.370000 0.370000 0.370000 0.370000 0.370000 0.370000 0.370000 0.370000 0.370000
-9999.0 -9999.0 -9999.0 -9999.0 0.074555 0.075299 0.076126 0.077544 0.078742 0.078410 0.078829 0.078862 0.078794 0.078877 0.079147 0.080224 0.081368 0.082632 0.084196 0.088075 0.093133 0.095594 0.100295 0.106819 0.109914 0.113410 0.117316 0.124196 0.135015 0.150183 0.175888 0.201762 0.219854 0.236228 0.250742 0.267855 0.291092 0.317591 0.342070 0.360041 0.368635 0.369989 0.370000 0.370000 0.370000 0.370000 0.370000 0.370000 0.370000 0.370000 0.370000 0.370000 0.370000 0.370000 0.370000 0.370000 0.370000 0.370000 0.370000 0.370000 0.370000 0.370000 0.370000
-9999.0 -9999.0 -9999.0 0.073190 0.074318 0.075614 0.076791 0.078335 0.080191 0.080660 0.081192 0.081703 0.082259 0.082959 0.083837 0.085231 0.086449 0.087539 0.089817 0.094764 0.100931 0.108446 0.116687 0.126521 0.134945 0.140817 0.147310 0.158588 0.180551 0.206593 0.244119 0.285313 0.313774 0.331545 0.343313 0.355633 0.364361 0.369810 0.370000 0.370000 0.370000 0.370000 0.370000 0.370000 0.370000 0.370000 0.370000 0.370000 0.370000 0.370000 0.370000 0.370000 0.370000 0.370000 0.370000 0.370000 0.370000 0.370000 0.370000 0.370000 0.370000 0.370000 0.370000
-9999.0 -9999.0 0.072097 0.072941 0.073944 0.075797 0.078246 0.080192 0.083184 0.085491 0.086194 0.088262 0.090323 0.091444 0.093873 0.096545 0.098347 0.098522 0.100287 0.108113 0.123384 0.142132 0.158823 0.192460 0.214313 0.228546 0.236078 0.253451 0.276860 0.311456 0.345350 0.366157 0.369980 0.370000 0.370000 0.370000 0.370000 0.370000 0.370000 0.370000 0.370000 0.370000 0.370000 0.370000 0.370000 0.370000 0.370000 0.370000 0.370000 0.370000 0.370000 0.370000 0.370000 0.370000 0.370000 0.370000 0.370000 0.370000 0.370000 0.370000 0.370000 0.370000 0.370000
-9999.0 -9999.0 0.071619 0.072531 0.073692 0.076279 0.080191 0.082953 0.086955 0.092206 0.094973 0.098764 0.102882 0.107454 0.113212 0.120117 0.120296 0.120460 0.119755 0.138658 0.166301 0.208072 0.266637 0.311857 0.337045 0.340688 0.343077 0.351958 0.363081 0.369937 0.370000 0.370000 0.370000 0.370000 0.370000 0.370000 0.370000 0.370000 0.370000 0.370000 0.370000 0.370000 0.370000 0.370000 0.370000 0.370000 0.370000 0.370000 0.370000 0.370000 0.370000 0.370000 0.370000 0.370000 0.370000 0.370000 0.370000 0.370000 0.370000 0.370000 0.370000 0.370000 0.370000
-9999.0 0.070303 0.071040 0.072051 0.073867 0.076473 0.081533 0.089242 0.095696 0.102843 0.108911 0.114463 0.134310 0.157104 0.170740 0.188643 0.184901 0.181150 0.174673 0.199254 0.239669 0.314819 0.369657 0.369999 0.370000 0.370000 0.370000 0.370000 0.370000 0.370000 0.370000 0.370000 0.370000 0.370000 0.370000 0.370000 0.370000 0.370000 0.370000 0.370000 0.370000 0.370000 0.370000 0.370000 0.370000 0.370000 0.370000 0.370000 0.370000 0.370000 0.370000 0.370000 0.370000 0.370000 0.370000 0.370000 0.370000 0.370000 0.370000 0.370000 0.370000 0.370000 0.370000
-9999.0 0.069914 0.070678 0.071942 0.073747 0.076845 0.084663 0.101339 0.110854 0.119710 0.129922 0.152572 0.205820 0.256286 0.286477 0.316400 0.313904 0.303257 0.302183 0.327440 0.359760 0.369984 0.370000 0.370000 0.370000 0.370000 0.370000 0.370000 0.370000 0.370000 0.370000 0.370000 0.370000 0.370000 0.370000 0.370000 0.370000 0.370000 0.370000 0.370000 0.370000 0.370000 0.370000 0.370000 0.370000 0.370000 0.370000 0.370000 0.370000 0.370000 0.370000 0.370000 0.370000 0.370000 0.370000 0.370000 0.370000 0.370000 0.370000 0.370000 0.370000 0.370000 0.370000
-9999.0 0.069698 0.070488 0.071555 0.073361 0.078647 0.088499 0.110331 0.138587 0.154369 0.184751 0.251398 0.326509 0.368084 0.369995 0.370000 0.370000 0.370000 0.370000 0.370000 0.370000 0.370000 0.370000 0.370000 0.370000 0.370000 0.370000 0.370000 0.370000 0.370000 0.370000 0.370000 0.370000 0.370000 0.370000 0.370000 0.370000 0.370000 0.370000 0.370000 0.370000 0.370000 0.370000 0.370000 0.370000 0.370000 0.370000 0.370000 0.370000 0.370000 0.370000 0.370000 0.370000 0.370000 0.370000 0.370000 0.370000 0.370000 0.370000 0.370000 0.370000 0.370000 0.370000
-9999.0 0.069030 0.069717 0.070491 0.073381 0.080452 0.092420 0.128796 0.194658 0.228869 0.301769 0.362966 0.369999 0.370000 0.370000 0.370000 0.370000 0.370000 0.370000 0.370000 0.370000 0.370000 0.370000 0.370000 0.370000 0.370000 0.370000 0.370000 0.370000 0.370000 0.370000 0.370000 0.370000 0.370000 0.370000 0.370000 0.370000 0.370000 0.370000 0.370000 0.370000 0.370000 0.370000 0.370000 0.370000 0.370000 0.370000 0.370000 0.370000 0.370000 0.370000 0.370000 0.370000 0.370000 0.370000 0.370000 0.370000 0.370000 0.370000 0.370000 0.370000 0.370000 0.370000
-9999.0 0.068545 0.069027 0.070060 0.072821 0.079261 0.094638 0.141980 0.259237 0.327468 0.367341 0.369997 0.370000 0.370000 0.370000 0.370000 0.370000 0.370000 0.370000 0.370000 0.370000 0.370000 0.370000 0.370000 0.370000 0.370000 0.370000 0.370000 0.370000 0.370000 0.370000 0.370000 0.370000 0.370000 0.370000 0.370000 0.370000 0.370000 0.370000 0.370000 0.370000 0.370000 0.370000 0.370000 0.370000 0.370000 0.370000 0.370000 0.370000 0.370000 0.370000 0.370000 0.370000 0.370000 0.370000 0.370000 0.370000 0.370000 0.370000 0.370000 0.370000 0.369988 0.369719
-9999.0 0.068194 0.068715 0.069508 0.071360 0.075022 0.082984 0.107613 0.170855 0.317173 0.369967 0.370000 0.370000 0.370000 0.370000 0.370000 0.370000 0.370000 0.370000 0.370000 0.370000 0.370000 0.370000 0.370000 0.370000 0.370000 0.370000 0.370000 0.370000 0.370000 0.370000 0.370000 0.370000 0.370000 0.370000 0.370000 0.370000 0.370000 0.370000 0.370000 0.370000 0.370000 0.370000 0.370000 0.370000 0.370000 0.370000 0.370000 0.370000 0.370000 0.370000 0.370000 0.370000 0.370000 0.370000 0.370000 0.370000 0.369919 0.366761 0.354663 0.328819 0.307351 0.301301
-9999.0 -9999.0 0.068380 0.069016 0.070125 0.072299 0.076695 0.088897 0.119557 0.217682 0.307796 0.360236 0.369970 0.370000 0.370000 0.370000 0.370000 0.370000 0.370000 0.370000 0.370000 0.370000 0.370000 0.370000 0.370000 0.370000 0.370000 0.370000 0.370000 0.370000 0.370000 0.370000 0.370000 0.370000 0.370000 0.370000 0.370000 0.370000 0.370000 0.370000 0.370000 0.370000 0.370000 0.370000 0.370000 0.370000 0.370000 0.370000 0.370000 0.369977 0.369700 0.369111 0.368169 0.365874 0.362204 0.356281 0.342778 0.325948 0.308067 0.279021 0.246345 0.215009 0.192709
-9999.0 -9999.0 0.068071 0.068534 0.069361 0.070829 0.073112 0.077751 0.091684 0.116306 0.153316 0.202783 0.252782 0.296972 0.333149 0.362441 0.368411 0.369412 0.369439 0.369850 0.369998 0.370000 0.370000 0.370000 0.370000 0.370000 0.370000 0.370000 0.370000 0.370000 0.369999 0.369825 0.368533 0.367351 0.368158 0.369100 0.368690 0.367036 0.363159 0.356405 0.349268 0.341341 0.338329 0.337259 0.336960 0.335041 0.332071 0.324195 0.314065 0.306438 0.300513 0.295455 0.292803 0.286624 0.278838 0.273347 0.258520 0.239763 0.220102 0.196537 0.171587 0.154480 0.140268
-9999.0 -9999.0 -9999.0 0.068199 0.068672 0.069332 0.070364 0.071729 0.074747 0.080578 0.089635 0.104258 0.119976 0.137471 0.159553 0.189037 0.209989 0.219574 0.225036 0.258493 0.277938 0.304528 0.325033 0.334220 0.343675 0.351697 0.353735 0.348690 0.342124 0.330693 0.313170 0.294177 0.283293 0.283645 0.284018 0.286698 0.282254 0.277720 0.267850 0.256924 0.246096 0.238078 0.234900 0.231687 0.229728 0.227101 0.224505 0.219411 0.213091 0.206865 0.201820 0.199892 0.197886 0.194743 0.190453 0.186174 0.179348 0.164575 0.151638 0.139363 0.127267 0.117209 0.109132
-9999.0 -9999.0 -9999.0 -9999.0 -9999.0 0.068412 0.068970 0.069719 0.070721 0.072105 0.074431 0.078670 0.081947 0.086161 0.092213 0.098684 0.105096 0.113226 0.125802 0.141146 0.161161 0.179928 0.201819 0.221596 0.232021 0.242604 0.246703 0.239250 0.231851 0.220758 0.203751 0.188644 0.185461 0.185721 0.185978 0.184957 0.181763 0.178604 0.174348 0.166769 0.160259 0.157451 0.155484 0.153548 0.151598 0.149953 0.148411 0.146855 0.143067 0.139980 0.140130 0.139140 0.138164 0.137199 0.134751 0.132166 0.129121 0.120827 0.114382 0.110299 0.103202 0.097814 0.094524
-9999.0 -9999.0 -9999.0 -9999.0 -9999.0 -9999.0 0.068216 0.068629 0.069116 0.069792 0.070840 0.072173 0.072949 0.074375 0.076300 0.078860 0.082349 0.085765 0.090217 0.096046 0.103658 0.111512 0.121493 0.133214 0.138631 0.143426 0.148299 0.144224 0.140325 0.136545 0.128320 0.126513 0.124530 0.124561 0.124480 0.124418 0.122768 0.121005 0.119345 0.116073 0.114532 0.112975 0.111910 0.110914 0.109928 0.109120 0.108525 0.107949 0.106510 0.106676 0.106781 0.106366 0.105880 0.105387 0.104123 0.102441 0.100856 0.097805 0.095438 0.093266 0.089836 0.087582 0.085556
