tests/Borden05m/data_simulated/sim_1/output-maps/thetaliqL0007N0008.asc
ncols         160
nrows         34
xllcorner     620200.000000
yllcorner     5168000.000000
cellsize      0.500000
NODATA_value  -9999.0
[rows 0 to 27 of 34, columns 0 to 62 of 160]
-9999.0 -9999.0 -9999.0 -9999.0 -9999.0 -9999.0 -9999.0 -9999.0 -9999.0 -9999.0 -9999.0 -9999.0 -9999.0 -9999.0 -9999.0 -9999.0 -9999.0 -9999.0 -9999.0 -9999.0 -9999.0 -9999.0 -9999.0 -9999.0 -9999.0 -9999.0 -9999.0 -9999.0 -9999.0 -9999.0 -9999.0 -9999.0 -9999.0 -9999.0 -9999.0 -9999.0 -9999.0 -9999.0 -9999.0 -9999.0 -9999.0 -9999.0 -9999.0 -9999.0 -9999.0 -9999.0 -9999.0 -9999.0 -9999.0 -9999.0 -9999.0 -9999.0 -9999.0 -9999.0 -9999.0 -9999.0 -9999.0 -9999.0 -9999.0 -9999.0 -9999.0 -9999.0 -9999.0
-9999.0 -9999.0 -9999.0 -9999.0 -9999.0 -9999.0 -9999.0 -9999.0 -9999.0 -9999.0 -9999.0 -9999.0 -9999.0 -9999.0 -9999.0 -9999.0 -9999.0 -9999.0 -9999.0 -9999.0 -9999.0 -9999.0 -9999.0 -9999.0 -9999.0 -9999.0 -9999.0 -9999.0 -9999.0 -9999.0 -9999.0 -9999.0 -9999.0 -9999.0 -9999.0 -9999.0 -9999.0 -9999.0 -9999.0 -9999.0 -9999.0 -9999.0 -9999.0 -9999.0 -9999.0 -9999.0 -9999.0 -9999.0 -9999.0 -9999.0 -9999.0 -9999.0 -9999.0 -9999.0 -9999.0 -9999.0 -9999.0 -9999.0 -9999.0 0.331609 0.328675 0.325642 0.322656
-9999.0 -9999.0 -9999.0 -9999.0 -9999.0 -9999.0 -9999.0 -9999.0 -9999.0 -9999.0 -9999.0 -9999.0 -9999.0 -9999.0 -9999.0 -9999.0 -9999.0 -9999.0 -9999.0 -9999.0 -9999.0 -9999.0 -9999.0 -9999.0 -9999.0 -9999.0 -9999.0 -9999.0 -9999.0 -9999.0 -9999.0 -9999.0 -9999.0 -9999.0 -9999.0 -9999.0 -9999.0 -9999.0 -9999.0 -9999.0 -9999.0 -9999.0 -9999.0 -9999.0 -9999.0 -9999.0 -9999.0 0.241009 0.226837 0.213409 0.212146 0.229918 0.248508 0.267326 0.283111 0.296766 0.309686 0.321682 0.323536 0.317141 0.314080 0.311828 0.310228
-9999.0 -9999.0 -9999.0 -9999.0 -9999.0 -9999.0 -9999.0 -9999.0 -9999.0 -9999.0 -9999.0 -9999.0 -9999.0 -9999.0 -9999.0 -9999.0 -9999.0 -9999.0 -9999.0 -9999.0 -9999.0 -9999.0 -9999.0 -9999.0 -9999.0 -9999.0 -9999.0 -9999.0 -9999.0 -9999.0 -9999.0 -9999.0 -9999.0 -9999.0 -9999.0 -9999.0 -9999.0 -9999.0 -9999.0 -9999.0 0.279259 0.283691 0.284919 0.276262 0.267097 0.257544 0.241316 0.226845 0.214350 0.211904 0.213657 0.218027 0.236212 0.255460 0.270741 0.284120 0.298027 0.311439 0.313171 0.305806 0.299714 0.296534 0.296360
-9999.0 -9999.0 -9999.0 -9999.0 -9999.0 -9999.0 -9999.0 -9999.0 -9999.0 -9999.0 -9999.0 -9999.0 -9999.0 -9999.0 -9999.0 -9999.0 -9999.0 -9999.0 -9999.0 -9999.0 -9999.0 -9999.0 -9999.0 -9999.0 -9999.0 -9999.0 -9999.0 -9999.0 -9999.0 -9999.0 -9999.0 -9999.0 -9999.0 -9999.0 0.206973 0.220341 0.234477 0.248981 0.262119 0.267154 0.271728 0.276202 0.272874 0.268773 0.259442 0.244308 0.228175 0.216651 0.214268 0.211983 0.215116 0.225174 0.238133 0.251174 0.267721 0.285334 0.291838 0.300361 0.302281 0.298445 0.298820 0.299608 0.300460
-9999.0 -9999.0 -9999.0 -9999.0 -9999.0 -9999.0 -9999.0 -9999.0 -9999.0 -9999.0 -9999.0 -9999.0 -9999.0 -9999.0 -9999.0 -9999.0 -9999.0 -9999.0 -9999.0 -9999.0 -9999.0 -9999.0 -9999.0 -9999.0 -9999.0 -9999.0 -9999.0 -9999.0 0.211167 0.206556 0.202473 0.201114 0.199903 0.198744 0.203647 0.212788 0.226889 0.243782 0.253774 0.259225 0.264169 0.264563 0.260457 0.258323 0.258122 0.248385 0.238681 0.229646 0.221068 0.219924 0.227131 0.237751 0.250223 0.261678 0.273379 0.283587 0.294444 0.309133 0.314447 0.310209 0.305965 0.303146 0.303294
-9999.0 -9999.0 -9999.0 -9999.0 -9999.0 -9999.0 -9999.0 -9999.0 -9999.0 -9999.0 -9999.0 -9999.0 -9999.0 -9999.0 -9999.0 -9999.0 -9999.0 -9999.0 -9999.0 -9999.0 -9999.0 -9999.0 -9999.0 0.190551 0.194768 0.199208 0.204320 0.204716 0.201262 0.196880 0.194294 0.192872 0.191513 0.194262 0.200088 0.209989 0.221951 0.238739 0.245304 0.250481 0.260296 0.261566 0.264753 0.267548 0.265648 0.263193 0.253305 0.245912 0.250454 0.255185 0.259800 0.265179 0.274913 0.286590 0.299293 0.312982 0.325722 0.335546 0.342781 0.340088 0.335872 0.329911 0.329913
-9999.0 -9999.0 -9999.0 -9999.0 -9999.0 -9999.0 -9999.0 -9999.0 -9999.0 -9999.0 -9999.0 -9999.0 -9999.0 -9999.0 -9999.0 -9999.0 -9999.0 -9999.0 -9999.0 0.174585 0.174957 0.175367 0.178053 0.178551 0.179835 0.184236 0.189506 0.190602 0.189274 0.187777 0.188517 0.190007 0.192519 0.200440 0.210379 0.220873 0.231735 0.248135 0.259657 0.270523 0.282802 0.281083 0.276999 0.274696 0.274519 0.274627 0.279435 0.282140 0.285967 0.290215 0.295087 0.300879 0.307657 0.319113 0.330338 0.339990 0.347667 0.353670 0.358343 0.357574 0.354585 0.350808 0.350826
-9999.0 -9999.0 -9999.0 -9999.0 -9999.0 -9999.0 -9999.0 -9999.0 -9999.0 -9999.0 -9999.0 -9999.0 -9999.0 -9999.0 -9999.0 -9999.0 0.158376 0.159272 0.160243 0.163059 0.164210 0.166279 0.170109 0.170468 0.172594 0.176753 0.179689 0.184922 0.189857 0.194632 0.198477 0.200013 0.205350 0.212216 0.220984 0.233056 0.250421 0.268143 0.280457 0.292526 0.303978 0.303618 0.302258 0.302518 0.302698 0.308086 0.319537 0.322986 0.325015 0.335092 0.341496 0.343617 0.346251 0.352197 0.358412 0.363398 0.367002 0.368448 0.369210 0.369379 0.369044 0.368917 0.369100
-9999.0 -9999.0 -9999.0 -9999.0 -9999.0 -9999.0 -9999.0 -9999.0 -9999.0 -9999.0 -9999.0 -9999.0 -9999.0 0.137435 0.139141 0.143052 0.146565 0.147416 0.149071 0.151644 0.157781 0.159425 0.162632 0.166767 0.173242 0.178238 0.183931 0.191561 0.197150 0.201933 0.206774 0.211519 0.221796 0.233629 0.246104 0.262069 0.278600 0.294128 0.308523 0.317580 0.325598 0.327403 0.325891 0.326371 0.330640 0.339527 0.347287 0.351843 0.358052 0.362795 0.364936 0.366392 0.367194 0.368041 0.369013 0.369795 0.369982 0.369999 0.370000 0.370000 0.370000 0.370000 0.370000
-9999.0 -9999.0 -9999.0 -9999.0 -9999.0 -9999.0 -9999.0 -9999.0 -9999.0 -9999.0 0.123881 0.124753 0.123485 0.123767 0.125205 0.129344 0.134263 0.136988 0.141614 0.151101 0.159747 0.161374 0.169721 0.175433 0.179193 0.185889 0.194545 0.203545 0.216279 0.225722 0.235540 0.252082 0.264834 0.277200 0.290072 0.303587 0.317077 0.333785 0.345601 0.350622 0.357432 0.360579 0.359964 0.359995 0.361512 0.364424 0.367083 0.368801 0.369575 0.369905 0.369980 0.369995 0.369999 0.370000 0.370000 0.370000 0.370000 0.370000 0.370000 0.370000 0.370000 0.370000 0.370000
-9999.0 -9999.0 -9999.0 -9999.0 -9999.0 -9999.0 -9999.0 -9999.0 0.116388 0.118341 0.120265 0.119221 0.117654 0.116652 0.120474 0.125640 0.131347 0.137991 0.144876 0.153306 0.161424 0.170801 0.182500 0.190043 0.197964 0.208599 0.218551 0.232357 0.249049 0.260769 0.275826 0.292032 0.305517 0.316744 0.327032 0.336145 0.348184 0.358232 0.364182 0.366991 0.368707 0.369498 0.369576 0.369681 0.369790 0.369957 0.369998 0.370000 0.370000 0.370000 0.370000 0.370000 0.370000 0.370000 0.370000 0.370000 0.370000 0.370000 0.370000 0.370000 0.370000 0.370000 0.370000
-9999.0 -9999.0 -9999.0 -9999.0 -9999.0 -9999.0 0.109585 0.116049 0.120456 0.117948 0.115611 0.114613 0.113606 0.118771 0.125608 0.131605 0.138154 0.145631 0.153309 0.161105 0.182330 0.192629 0.202910 0.217633 0.227882 0.238377 0.251828 0.270375 0.288071 0.311280 0.329328 0.342260 0.351875 0.357365 0.361365 0.364541 0.367700 0.369393 0.369912 0.369993 0.370000 0.370000 0.370000 0.370000 0.370000 0.370000 0.370000 0.370000 0.370000 0.370000 0.370000 0.370000 0.370000 0.370000 0.370000 0.370000 0.370000 0.370000 0.370000 0.370000 0.370000 0.370000 0.370000
-9999.0 -9999.0 -9999.0 -9999.0 0.102129 0.106627 0.111699 0.120640 0.128332 0.126198 0.128807 0.128933 0.128381 0.128994 0.130823 0.137807 0.145334 0.153650 0.163572 0.187237 0.216565 0.229166 0.250645 0.275925 0.286139 0.296481 0.306660 0.321035 0.336992 0.351150 0.362610 0.367314 0.368887 0.369590 0.369871 0.369976 0.369999 0.370000 0.370000 0.370000 0.370000 0.370000 0.370000 0.370000 0.370000 0.370000 0.370000 0.370000 0.370000 0.370000 0.370000 0.370000 0.370000 0.370000 0.370000 0.370000 0.370000 0.370000 0.370000 0.370000 0.370000 0.370000 0.370000
-9999.0 -9999.0 -9999.0 0.094067 0.100601 0.108485 0.115780 0.125609 0.137678 0.140490 0.143965 0.147017 0.150290 0.154646 0.159950 0.168783 0.176605 0.183740 0.197432 0.224574 0.253337 0.280783 0.304305 0.324049 0.336291 0.343177 0.349374 0.356778 0.364447 0.368273 0.369796 0.369996 0.370000 0.370000 0.370000 0.370000 0.370000 0.370000 0.370000 0.370000 0.370000 0.370000 0.370000 0.370000 0.370000 0.370000 0.370000 0.370000 0.370000 0.370000 0.370000 0.370000 0.370000 0.370000 0.370000 0.370000 0.370000 0.370000 0.370000 0.370000 0.370000 0.370000 0.370000
-9999.0 -9999.0 0.088041 0.092675 0.098343 0.109354 0.124773 0.137402 0.156733 0.171101 0.175300 0.187482 0.199217 0.205202 0.217940 0.231270 0.240570 0.242002 0.250748 0.279734 0.318103 0.343800 0.355848 0.366010 0.368558 0.369365 0.369652 0.369901 0.369992 0.370000 0.370000 0.370000 0.370000 0.370000 0.370000 0.370000 0.370000 0.370000 0.370000 0.370000 0.370000 0.370000 0.370000 0.370000 0.370000 0.370000 0.370000 0.370000 0.370000 0.370000 0.370000 0.370000 0.370000 0.370000 0.370000 0.370000 0.370000 0.370000 0.370000 0.370000 0.370000 0.370000 0.370000
-9999.0 -9999.0 0.085485 0.090349 0.096741 0.111932 0.137085 0.154775 0.179783 0.210381 0.224773 0.243064 0.259242 0.274685 0.292593 0.309429 0.311185 0.312238 0.311278 0.341108 0.360008 0.368209 0.369930 0.370000 0.370000 0.370000 0.370000 0.370000 0.370000 0.370000 0.370000 0.370000 0.370000 0.370000 0.370000 0.370000 0.370000 0.370000 0.370000 0.370000 0.370000 0.370000 0.370000 0.370000 0.370000 0.370000 0.370000 0.370000 0.370000 0.370000 0.370000 0.370000 0.370000 0.370000 0.370000 0.370000 0.370000 0.370000 0.370000 0.370000 0.370000 0.370000 0.370000
-9999.0 0.078982 0.082513 0.087642 0.097577 0.112956 0.144565 0.191677 0.227575 0.260221 0.282041 0.297401 0.332919 0.353316 0.360141 0.364912 0.364565 0.364110 0.363060 0.367780 0.369779 0.370000 0.370000 0.370000 0.370000 0.370000 0.370000 0.370000 0.370000 0.370000 0.370000 0.370000 0.370000 0.370000 0.370000 0.370000 0.370000 0.370000 0.370000 0.370000 0.370000 0.370000 0.370000 0.370000 0.370000 0.370000 0.370000 0.370000 0.370000 0.370000 0.370000 0.370000 0.370000 0.370000 0.370000 0.370000 0.370000 0.370000 0.370000 0.370000 0.370000 0.370000 0.370000
-9999.0 0.077198 0.080703 0.086988 0.096779 0.114517 0.161967 0.251551 0.286529 0.309815 0.328234 0.350988 0.367633 0.369835 0.369988 0.370000 0.370000 0.369999 0.369999 0.370000 0.370000 0.370000 0.370000 0.370000 0.370000 0.370000 0.370000 0.370000 0.370000 0.370000 0.370000 0.370000 0.370000 0.370000 0.370000 0.370000 0.370000 0.370000 0.370000 0.370000 0.370000 0.370000 0.370000 0.370000 0.370000 0.370000 0.370000 0.370000 0.370000 0.370000 0.370000 0.370000 0.370000 0.370000 0.370000 0.370000 0.370000 0.370000 0.370000 0.370000 0.370000 0.370000 0.370000
-9999.0 0.076185 0.079759 0.084903 0.094137 0.124469 0.184817 0.282248 0.336915 0.351486 0.364084 0.369807 0.370000 0.370000 0.370000 0.370000 0.370000 0.370000 0.370000 0.370000 0.370000 0.370000 0.370000 0.370000 0.370000 0.370000 0.370000 0.370000 0.370000 0.370000 0.370000 0.370000 0.370000 0.370000 0.370000 0.370000 0.370000 0.370000 0.370000 0.370000 0.370000 0.370000 0.370000 0.370000 0.370000 0.370000 0.370000 0.370000 0.370000 0.370000 0.370000 0.370000 0.370000 0.370000 0.370000 0.370000 0.370000 0.370000 0.370000 0.370000 0.370000 0.370000 0.370000
-9999.0 0.073331 0.076172 0.079487 0.093225 0.134835 0.205211 0.320768 0.364302 0.368795 0.369999 0.370000 0.370000 0.370000 0.370000 0.370000 0.370000 0.370000 0.370000 0.370000 0.370000 0.370000 0.370000 0.370000 0.370000 0.370000 0.370000 0.370000 0.370000 0.370000 0.370000 0.370000 0.370000 0.370000 0.370000 0.370000 0.370000 0.370000 0.370000 0.370000 0.370000 0.370000 0.370000 0.370000 0.370000 0.370000 0.370000 0.370000 0.370000 0.370000 0.370000 0.370000 0.370000 0.370000 0.370000 0.370000 0.370000 0.370000 0.370000 0.370000 0.370000 0.370000 0.370000
-9999.0 0.071510 0.073302 0.077374 0.090048 0.126064 0.209614 0.333538 0.369348 0.370000 0.370000 0.370000 0.370000 0.370000 0.370000 0.370000 0.370000 0.370000 0.370000 0.370000 0.370000 0.370000 0.370000 0.370000 0.370000 0.370000 0.370000 0.370000 0.370000 0.370000 0.370000 0.370000 0.370000 0.370000 0.370000 0.370000 0.370000 0.370000 0.370000 0.370000 0.370000 0.370000 0.370000 0.370000 0.370000 0.370000 0.370000 0.370000 0.370000 0.370000 0.370000 0.370000 0.370000 0.370000 0.370000 0.370000 0.370000 0.370000 0.370000 0.370000 0.370000 0.370000 0.370000
-9999.0 0.070251 0.072101 0.075103 0.083003 0.101609 0.146644 0.263661 0.355932 0.369999 0.370000 0.370000 0.370000 0.370000 0.370000 0.370000 0.370000 0.370000 0.370000 0.370000 0.370000 0.370000 0.370000 0.370000 0.370000 0.370000 0.370000 0.370000 0.370000 0.370000 0.370000 0.370000 0.370000 0.370000 0.370000 0.370000 0.370000 0.370000 0.370000 0.370000 0.370000 0.370000 0.370000 0.370000 0.370000 0.370000 0.370000 0.370000 0.370000 0.370000 0.370000 0.370000 0.370000 0.370000 0.370000 0.370000 0.370000 0.370000 0.370000 0.370000 0.370000 0.370000 0.370000
-9999.0 -9999.0 0.070878 0.073185 0.077608 0.087572 0.110447 0.178927 0.297073 0.367348 0.369999 0.370000 0.370000 0.370000 0.370000 0.370000 0.370000 0.370000 0.370000 0.370000 0.370000 0.370000 0.370000 0.370000 0.370000 0.370000 0.370000 0.370000 0.370000 0.370000 0.370000 0.370000 0.370000 0.370000 0.370000 0.370000 0.370000 0.370000 0.370000 0.370000 0.370000 0.370000 0.370000 0.370000 0.370000 0.370000 0.370000 0.370000 0.370000 0.370000 0.370000 0.370000 0.370000 0.370000 0.370000 0.370000 0.370000 0.370000 0.370000 0.369994 0.369839 0.368932 0.366872
-9999.0 -9999.0 0.069841 0.071394 0.074439 0.080610 0.091384 0.114451 0.189935 0.284790 0.345820 0.366753 0.369769 0.369999 0.370000 0.370000 0.370000 0.370000 0.370000 0.370000 0.370000 0.370000 0.370000 0.370000 0.370000 0.370000 0.370000 0.370000 0.370000 0.370000 0.370000 0.370000 0.370000 0.370000 0.370000 0.370000 0.370000 0.370000 0.370000 0.370000 0.370000 0.370000 0.370000 0.370000 0.370000 0.370000 0.370000 0.370000 0.370000 0.370000 0.370000 0.370000 0.370000 0.369998 0.369994 0.369985 0.369930 0.369680 0.368937 0.366863 0.361647 0.354056 0.342862
-9999.0 -9999.0 -9999.0 0.070274 0.071886 0.074243 0.078433 0.084225 0.097736 0.127742 0.177344 0.247935 0.298129 0.331693 0.354134 0.365245 0.368185 0.368993 0.369403 0.369927 0.369991 0.370000 0.370000 0.370000 0.370000 0.370000 0.370000 0.370000 0.370000 0.370000 0.370000 0.370000 0.369998 0.369997 0.369997 0.369998 0.369996 0.369992 0.369979 0.369945 0.369875 0.369782 0.369711 0.369626 0.369555 0.369458 0.369334 0.369088 0.368704 0.368231 0.367780 0.367531 0.367245 0.366799 0.366093 0.365182 0.363527 0.358579 0.351494 0.341244 0.325348 0.305365 0.283222
-9999.0 -9999.0 -9999.0 -9999.0 -9999.0 0.070883 0.072858 0.075779 0.079837 0.085782 0.096917 0.119816 0.137980 0.162156 0.195893 0.228677 0.258178 0.287925 0.319697 0.341660 0.356970 0.363833 0.367624 0.369149 0.369565 0.369773 0.369829 0.369734 0.369559 0.369120 0.367918 0.366112 0.365474 0.365424 0.365420 0.365195 0.364549 0.363776 0.362625 0.360114 0.357364 0.355814 0.354571 0.353326 0.351990 0.350787 0.349580 0.348320 0.345075 0.342242 0.342368 0.341231 0.340043 0.338825 0.335754 0.332103 0.327433 0.312656 0.297788 0.286308 0.261533 0.238749 0.222748
-9999.0 -9999.0 -9999.0 -9999.0 -9999.0 -9999.0 0.070247 0.071653 0.073409 0.076035 0.080463 0.086501 0.090176 0.097169 0.107345 0.122185 0.143765 0.165385 0.191501 0.222442 0.256854 0.285004 0.310766 0.331594 0.338901 0.343947 0.348252 0.345078 0.341224 0.336950 0.326316 0.323726 0.320135 0.320041 0.319765 0.319545 0.316299 0.312653 0.309072 0.301859 0.298094 0.293826 0.290724 0.287717 0.284579 0.281880 0.279857 0.277894 0.273300 0.274142 0.274471 0.273095 0.271328 0.269405 0.264465 0.257680 0.250990 0.237773 0.226490 0.215365 0.196776 0.183655 0.171154
