tests/Borden05m/data_simulated/sim_1/output-maps/thetaliqL0007N0013.asc
ncols         160
nrows         34
xllcorner     620200.000000
yllcorner     5168000.000000
cellsize      0.500000
NODATA_value  -9999.0
[rows 0 to 27 of 34, columns 0 to 62 of 160]
-9999.0 -9999.0 -9999.0 -9999.0 -9999.0 -9999.0 -9999.0 -9999.0 -9999.0 -9999.0 -9999.0 -9999.0 -9999.0 -9999.0 -9999.0 -9999.0 -9999.0 -9999.0 -9999.0 -9999.0 -9999.0 -9999.0 -9999.0 -9999.0 -9999.0 -9999.0 -9999.0 -9999.0 -9999.0 -9999.0 -9999.0 -9999.0 -9999.0 -9999.0 -9999.0 -9999.0 -9999.0 -9999.0 -9999.0 -9999.0 -9999.0 -9999.0 -9999.0 -9999.0 -9999.0 -9999.0 -9999.0 -9999.0 -9999.0 -9999.0 -9999.0 -9999.0 -9999.0 -9999.0 -9999.0 -9999.0 -9999.0 -9999.0 -9999.0 -9999.0 -9999.0 -9999.0 -9999.0
-9999.0 -9999.0 -9999.0 -9999.0 -9999.0 -9999.0 -9999.0 -9999.0 -9999.0 -9999.0 -9999.0 -9999.0 -9999.0 -9999.0 -9999.0 -9999.0 -9999.0 -9999.0 -9999.0 -9999.0 -9999.0 -9999.0 -9999.0 -9999.0 -9999.0 -9999.0 -9999.0 -9999.0 -9999.0 -9999.0 -9999.0 -9999.0 -9999.0 -9999.0 -9999.0 -9999.0 -9999.0 -9999.0 -9999.0 -9999.0 -9999.0 -9999.0 -9999.0 -9999.0 -9999.0 -9999.0 -9999.0 -9999.0 -9999.0 -9999.0 -9999.0 -9999.0 -9999.0 -9999.0 -9999.0 -9999.0 -9999.0 -9999.0 -9999.0 0.332448 0.329555 0.326565 0.323621
-9999.0 -9999.0 -9999.0 -9999.0 -9999.0 -9999.0 -9999.0 -9999.0 -9999.0 -9999.0 -9999.0 -9999.0 -9999.0 -9999.0 -9999.0 -9999.0 -9999.0 -9999.0 -9999.0 -9999.0 -9999.0 -9999.0 -9999.0 -9999.0 -9999.0 -9999.0 -9999.0 -9999.0 -9999.0 -9999.0 -9999.0 -9999.0 -9999.0 -9999.0 -9999.0 -9999.0 -9999.0 -9999.0 -9999.0 -9999.0 -9999.0 -9999.0 -9999.0 -9999.0 -9999.0 -9999.0 -9999.0 0.241867 0.227650 0.214173 0.212931 0.230831 0.249536 0.268428 0.284242 0.297891 0.310768 0.322678 0.324526 0.318200 0.315172 0.312950 0.311378
-9999.0 -9999.0 -9999.0 -9999.0 -9999.0 -9999.0 -9999.0 -9999.0 -9999.0 -9999.0 -9999.0 -9999.0 -9999.0 -9999.0 -9999.0 -9999.0 -9999.0 -9999.0 -9999.0 -9999.0 -9999.0 -9999.0 -9999.0 -9999.0 -9999.0 -9999.0 -9999.0 -9999.0 -9999.0 -9999.0 -9999.0 -9999.0 -9999.0 -9999.0 -9999.0 -9999.0 -9999.0 -9999.0 -9999.0 -9999.0 0.280138 0.284574 0.285815 0.277193 0.268051 0.258502 0.242243 0.227709 0.215157 0.212711 0.214505 0.218955 0.237285 0.256642 0.271986 0.285392 0.299282 0.312626 0.314368 0.307092 0.301065 0.297929 0.297780
-9999.0 -9999.0 -9999.0 -9999.0 -9999.0 -9999.0 -9999.0 -9999.0 -9999.0 -9999.0 -9999.0 -9999.0 -9999.0 -9999.0 -9999.0 -9999.0 -9999.0 -9999.0 -9999.0 -9999.0 -9999.0 -9999.0 -9999.0 -9999.0 -9999.0 -9999.0 -9999.0 -9999.0 -9999.0 -9999.0 -9999.0 -9999.0 -9999.0 -9999.0 0.207539 0.220991 0.235217 0.249802 0.262996 0.268066 0.272656 0.277145 0.273847 0.269772 0.260464 0.245325 0.229149 0.217571 0.215184 0.212915 0.216115 0.226292 0.239385 0.252542 0.269169 0.286801 0.293347 0.301874 0.303832 0.300067 0.300464 0.301272 0.302150
-9999.0 -9999.0 -9999.0 -9999.0 -9999.0 -9999.0 -9999.0 -9999.0 -9999.0 -9999.0 -9999.0 -9999.0 -9999.0 -9999.0 -9999.0 -9999.0 -9999.0 -9999.0 -9999.0 -9999.0 -9999.0 -9999.0 -9999.0 -9999.0 -9999.0 -9999.0 -9999.0 -9999.0 0.211650 0.207031 0.202947 0.201601 0.200406 0.199265 0.204218 0.213441 0.227652 0.244650 0.254711 0.260214 0.265199 0.265631 0.261564 0.259466 0.259296 0.249580 0.239878 0.230836 0.222257 0.221160 0.228478 0.239230 0.251831 0.263397 0.275190 0.285476 0.296382 0.311010 0.316335 0.312232 0.308094 0.305348 0.305546
-9999.0 -9999.0 -9999.0 -9999.0 -9999.0 -9999.0 -9999.0 -9999.0 -9999.0 -9999.0 -9999.0 -9999.0 -9999.0 -9999.0 -9999.0 -9999.0 -9999.0 -9999.0 -9999.0 -9999.0 -9999.0 -9999.0 -9999.0 0.190883 0.195127 0.199603 0.204755 0.205173 0.201720 0.197335 0.194756 0.193350 0.192011 0.194807 0.200706 0.210715 0.222802 0.239724 0.246380 0.251636 0.261521 0.262849 0.266085 0.268929 0.267088 0.264693 0.254875 0.247547 0.252177 0.257009 0.261733 0.267227 0.277061 0.288822 0.301575 0.315238 0.327859 0.337511 0.344540 0.342069 0.338102 0.332450 0.332522
-9999.0 -9999.0 -9999.0 -9999.0 -9999.0 -9999.0 -9999.0 -9999.0 -9999.0 -9999.0 -9999.0 -9999.0 -9999.0 -9999.0 -9999.0 -9999.0 -9999.0 -9999.0 -9999.0 0.174815 0.175196 0.175619 0.178328 0.178842 0.180146 0.184586 0.189902 0.191027 0.189716 0.188237 0.189009 0.190541 0.193109 0.201129 0.211191 0.221823 0.232832 0.249381 0.261017 0.271972 0.284303 0.282678 0.278694 0.276484 0.276401 0.276624 0.281541 0.284373 0.288329 0.292730 0.297737 0.303624 0.310472 0.321865 0.332940 0.342377 0.349800 0.355508 0.359857 0.359277 0.356672 0.353394 0.353501
-9999.0 -9999.0 -9999.0 -9999.0 -9999.0 -9999.0 -9999.0 -9999.0 -9999.0 -9999.0 -9999.0 -9999.0 -9999.0 -9999.0 -9999.0 -9999.0 0.158528 0.159433 0.160415 0.163252 0.164418 0.166508 0.170369 0.170747 0.172903 0.177106 0.180087 0.185381 0.190382 0.195228 0.199146 0.200751 0.206194 0.213191 0.222118 0.234374 0.251929 0.269798 0.282230 0.294374 0.305851 0.305629 0.304404 0.304782 0.305118 0.310616 0.322018 0.325615 0.327867 0.337723 0.343943 0.346112 0.348730 0.354306 0.360015 0.364530 0.367688 0.368908 0.369497 0.369615 0.369371 0.369275 0.369408
-9999.0 -9999.0 -9999.0 -9999.0 -9999.0 -9999.0 -9999.0 -9999.0 -9999.0 -9999.0 -9999.0 -9999.0 -9999.0 0.137506 0.139220 0.143148 0.146680 0.147542 0.149213 0.151808 0.157983 0.159652 0.162895 0.167074 0.173614 0.178676 0.184448 0.192181 0.197875 0.202768 0.207733 0.212620 0.223091 0.235132 0.247818 0.263987 0.280690 0.296360 0.310824 0.319949 0.327988 0.329957 0.328686 0.329326 0.333608 0.342229 0.349678 0.354091 0.359760 0.363967 0.365875 0.367163 0.367870 0.368576 0.369325 0.369872 0.369989 0.370000 0.370000 0.370000 0.370000 0.370000 0.370000
-9999.0 -9999.0 -9999.0 -9999.0 -9999.0 -9999.0 -9999.0 -9999.0 -9999.0 -9999.0 0.123913 0.124789 0.123522 0.123807 0.125252 0.129407 0.134347 0.137090 0.141745 0.151288 0.159998 0.161663 0.170093 0.175883 0.179719 0.186525 0.195323 0.204491 0.217435 0.227082 0.237123 0.253906 0.266879 0.279446 0.292489 0.306131 0.319704 0.336188 0.347650 0.352572 0.358967 0.361929 0.361472 0.361558 0.362909 0.365485 0.367779 0.369152 0.369698 0.369931 0.369986 0.369996 0.369999 0.370000 0.370000 0.370000 0.370000 0.370000 0.370000 0.370000 0.370000 0.370000 0.370000
-9999.0 -9999.0 -9999.0 -9999.0 -9999.0 -9999.0 -9999.0 -9999.0 0.116407 0.118363 0.120293 0.119249 0.117682 0.116682 0.120516 0.125701 0.131435 0.138119 0.145053 0.153554 0.161761 0.171252 0.183106 0.190795 0.198879 0.209717 0.219889 0.233959 0.250929 0.262939 0.278293 0.294751 0.308433 0.319776 0.330070 0.339117 0.350645 0.359926 0.365242 0.367699 0.369108 0.369687 0.369727 0.369782 0.369845 0.369970 0.369998 0.370000 0.370000 0.370000 0.370000 0.370000 0.370000 0.370000 0.370000 0.370000 0.370000 0.370000 0.370000 0.370000 0.370000 0.370000 0.370000
-9999.0 -9999.0 -9999.0 -9999.0 -9999.0 -9999.0 0.109594 0.116065 0.120480 0.117972 0.115634 0.114637 0.113631 0.118812 0.125676 0.131705 0.138300 0.145839 0.153598 0.161506 0.182989 0.193497 0.204026 0.219056 0.229578 0.240351 0.254094 0.272932 0.290923 0.314245 0.332231 0.344938 0.354117 0.359238 0.362849 0.365663 0.368319 0.369602 0.369945 0.369996 0.370000 0.370000 0.370000 0.370000 0.370000 0.370000 0.370000 0.370000 0.370000 0.370000 0.370000 0.370000 0.370000 0.370000 0.370000 0.370000 0.370000 0.370000 0.370000 0.370000 0.370000 0.370000 0.370000
-9999.0 -9999.0 -9999.0 -9999.0 0.102132 0.106632 0.111710 0.120663 0.128373 0.126242 0.128865 0.129001 0.128459 0.129088 0.130942 0.137984 0.145589 0.154012 0.164091 0.188117 0.217919 0.230905 0.252821 0.278460 0.289014 0.299610 0.309997 0.324415 0.340102 0.353562 0.363916 0.368010 0.369250 0.369736 0.369917 0.369985 0.369999 0.370000 0.370000 0.370000 0.370000 0.370000 0.370000 0.370000 0.370000 0.370000 0.370000 0.370000 0.370000 0.370000 0.370000 0.370000 0.370000 0.370000 0.370000 0.370000 0.370000 0.370000 0.370000 0.370000 0.370000 0.370000 0.370000
-9999.0 -9999.0 -9999.0 0.094068 0.100604 0.108492 0.115795 0.125644 0.137750 0.140589 0.144101 0.147199 0.150531 0.154964 0.160373 0.169365 0.177363 0.184695 0.198726 0.226443 0.255832 0.283875 0.307867 0.327788 0.339908 0.346624 0.352446 0.359128 0.365707 0.368772 0.369869 0.369998 0.370000 0.370000 0.370000 0.370000 0.370000 0.370000 0.370000 0.370000 0.370000 0.370000 0.370000 0.370000 0.370000 0.370000 0.370000 0.370000 0.370000 0.370000 0.370000 0.370000 0.370000 0.370000 0.370000 0.370000 0.370000 0.370000 0.370000 0.370000 0.370000 0.370000 0.370000
-9999.0 -9999.0 0.088041 0.092676 0.098345 0.109362 0.124803 0.137472 0.156893 0.171382 0.175696 0.188086 0.200085 0.206342 0.219437 0.233133 0.242715 0.244416 0.253553 0.283154 0.321675 0.346857 0.358365 0.367011 0.368956 0.369552 0.369758 0.369938 0.369995 0.370000 0.370000 0.370000 0.370000 0.370000 0.370000 0.370000 0.370000 0.370000 0.370000 0.370000 0.370000 0.370000 0.370000 0.370000 0.370000 0.370000 0.370000 0.370000 0.370000 0.370000 0.370000 0.370000 0.370000 0.370000 0.370000 0.370000 0.370000 0.370000 0.370000 0.370000 0.370000 0.370000 0.370000
-9999.0 -9999.0 0.085485 0.090349 0.096743 0.111943 0.137146 0.154924 0.180127 0.211053 0.225795 0.244547 0.261339 0.277444 0.295834 0.312881 0.314926 0.316234 0.315878 0.344628 0.361848 0.368747 0.369961 0.370000 0.370000 0.370000 0.370000 0.370000 0.370000 0.370000 0.370000 0.370000 0.370000 0.370000 0.370000 0.370000 0.370000 0.370000 0.370000 0.370000 0.370000 0.370000 0.370000 0.370000 0.370000 0.370000 0.370000 0.370000 0.370000 0.370000 0.370000 0.370000 0.370000 0.370000 0.370000 0.370000 0.370000 0.370000 0.370000 0.370000 0.370000 0.370000 0.370000
-9999.0 0.078982 0.082513 0.087643 0.097579 0.112970 0.144662 0.192059 0.228362 0.261491 0.283893 0.300153 0.335705 0.355213 0.361654 0.365870 0.365678 0.365401 0.364661 0.368369 0.369849 0.370000 0.370000 0.370000 0.370000 0.370000 0.370000 0.370000 0.370000 0.370000 0.370000 0.370000 0.370000 0.370000 0.370000 0.370000 0.370000 0.370000 0.370000 0.370000 0.370000 0.370000 0.370000 0.370000 0.370000 0.370000 0.370000 0.370000 0.370000 0.370000 0.370000 0.370000 0.370000 0.370000 0.370000 0.370000 0.370000 0.370000 0.370000 0.370000 0.370000 0.370000 0.370000
-9999.0 0.077198 0.080703 0.086988 0.096781 0.114535 0.162161 0.252318 0.287819 0.311767 0.330983 0.353224 0.367903 0.369850 0.369987 0.370000 0.370000 0.369999 0.369999 0.370000 0.370000 0.370000 0.370000 0.370000 0.370000 0.370000 0.370000 0.370000 0.370000 0.370000 0.370000 0.370000 0.370000 0.370000 0.370000 0.370000 0.370000 0.370000 0.370000 0.370000 0.370000 0.370000 0.370000 0.370000 0.370000 0.370000 0.370000 0.370000 0.370000 0.370000 0.370000 0.370000 0.370000 0.370000 0.370000 0.370000 0.370000 0.370000 0.370000 0.370000 0.370000 0.370000 0.370000
-9999.0 0.076185 0.079760 0.084903 0.094138 0.124505 0.185185 0.283393 0.338411 0.353308 0.364990 0.369786 0.370000 0.370000 0.370000 0.370000 0.370000 0.370000 0.370000 0.370000 0.370000 0.370000 0.370000 0.370000 0.370000 0.370000 0.370000 0.370000 0.370000 0.370000 0.370000 0.370000 0.370000 0.370000 0.370000 0.370000 0.370000 0.370000 0.370000 0.370000 0.370000 0.370000 0.370000 0.370000 0.370000 0.370000 0.370000 0.370000 0.370000 0.370000 0.370000 0.370000 0.370000 0.370000 0.370000 0.370000 0.370000 0.370000 0.370000 0.370000 0.370000 0.370000 0.370000
-9999.0 0.073331 0.076172 0.079487 0.093226 0.134898 0.205800 0.322252 0.365136 0.369113 0.369996 0.370000 0.370000 0.370000 0.370000 0.370000 0.370000 0.370000 0.370000 0.370000 0.370000 0.370000 0.370000 0.370000 0.370000 0.370000 0.370000 0.370000 0.370000 0.370000 0.370000 0.370000 0.370000 0.370000 0.370000 0.370000 0.370000 0.370000 0.370000 0.370000 0.370000 0.370000 0.370000 0.370000 0.370000 0.370000 0.370000 0.370000 0.370000 0.370000 0.370000 0.370000 0.370000 0.370000 0.370000 0.370000 0.370000 0.370000 0.370000 0.370000 0.370000 0.370000 0.370000
-9999.0 0.071510 0.073302 0.077374 0.090049 0.126106 0.210297 0.335537 0.369622 0.370000 0.370000 0.370000 0.370000 0.370000 0.370000 0.370000 0.370000 0.370000 0.370000 0.370000 0.370000 0.370000 0.370000 0.370000 0.370000 0.370000 0.370000 0.370000 0.370000 0.370000 0.370000 0.370000 0.370000 0.370000 0.370000 0.370000 0.370000 0.370000 0.370000 0.370000 0.370000 0.370000 0.370000 0.370000 0.370000 0.370000 0.370000 0.370000 0.370000 0.370000 0.370000 0.370000 0.370000 0.370000 0.370000 0.370000 0.370000 0.370000 0.370000 0.370000 0.370000 0.370000 0.370000
-9999.0 0.070251 0.072101 0.075103 0.083003 0.101614 0.146838 0.265775 0.358205 0.369998 0.370000 0.370000 0.370000 0.370000 0.370000 0.370000 0.370000 0.370000 0.370000 0.370000 0.370000 0.370000 0.370000 0.370000 0.370000 0.370000 0.370000 0.370000 0.370000 0.370000 0.370000 0.370000 0.370000 0.370000 0.370000 0.370000 0.370000 0.370000 0.370000 0.370000 0.370000 0.370000 0.370000 0.370000 0.370000 0.370000 0.370000 0.370000 0.370000 0.370000 0.370000 0.370000 0.370000 0.370000 0.370000 0.370000 0.370000 0.370000 0.370000 0.370000 0.370000 0.370000 0.370000
-9999.0 -9999.0 0.070878 0.073185 0.077608 0.087572 0.110467 0.179601 0.300742 0.368019 0.369994 0.370000 0.370000 0.370000 0.370000 0.370000 0.370000 0.370000 0.370000 0.370000 0.370000 0.370000 0.370000 0.370000 0.370000 0.370000 0.370000 0.370000 0.370000 0.370000 0.370000 0.370000 0.370000 0.370000 0.370000 0.370000 0.370000 0.370000 0.370000 0.370000 0.370000 0.370000 0.370000 0.370000 0.370000 0.370000 0.370000 0.370000 0.370000 0.370000 0.370000 0.370000 0.370000 0.370000 0.370000 0.370000 0.370000 0.370000 0.370000 0.369995 0.369888 0.369214 0.367537
-9999.0 -9999.0 0.069841 0.071394 0.074439 0.080610 0.091385 0.114487 0.190897 0.288751 0.349155 0.366929 0.369768 0.369992 0.370000 0.370000 0.370000 0.370000 0.370000 0.370000 0.370000 0.370000 0.370000 0.370000 0.370000 0.370000 0.370000 0.370000 0.370000 0.370000 0.370000 0.370000 0.370000 0.370000 0.370000 0.370000 0.370000 0.370000 0.370000 0.370000 0.370000 0.370000 0.370000 0.370000 0.370000 0.370000 0.370000 0.370000 0.370000 0.370000 0.370000 0.370000 0.369999 0.369998 0.369995 0.369988 0.369947 0.369774 0.369229 0.367520 0.362934 0.356011 0.345584
-9999.0 -9999.0 -9999.0 0.070274 0.071886 0.074243 0.078433 0.084225 0.097745 0.127964 0.178971 0.252114 0.303591 0.336866 0.356163 0.365255 0.368055 0.368889 0.369349 0.369926 0.369990 0.370000 0.370000 0.370000 0.370000 0.370000 0.370000 0.370000 0.370000 0.370000 0.370000 0.369999 0.369998 0.369997 0.369997 0.369998 0.369996 0.369993 0.369980 0.369948 0.369881 0.369797 0.369743 0.369683 0.369634 0.369568 0.369487 0.369318 0.369039 0.368669 0.368295 0.368076 0.367821 0.367421 0.366790 0.365980 0.364502 0.360093 0.353566 0.343804 0.328341 0.308523 0.286291
-9999.0 -9999.0 -9999.0 -9999.0 -9999.0 0.070883 0.072858 0.075779 0.079837 0.085782 0.096928 0.119972 0.138541 0.163628 0.198974 0.233262 0.263614 0.293463 0.324430 0.345341 0.359100 0.364999 0.368069 0.369279 0.369603 0.369786 0.369837 0.369750 0.369609 0.369288 0.368377 0.366918 0.366355 0.366292 0.366278 0.366080 0.365505 0.364805 0.363754 0.361528 0.359109 0.357745 0.356660 0.355558 0.354362 0.353262 0.352131 0.350907 0.347858 0.345136 0.345107 0.343948 0.342741 0.341484 0.338471 0.334859 0.330183 0.315633 0.300717 0.288995 0.264011 0.240888 0.224526
-9999.0 -9999.0 -9999.0 -9999.0 -9999.0 -9999.0 0.070247 0.071653 0.073409 0.076035 0.080463 0.086502 0.090179 0.097181 0.107399 0.122391 0.144369 0.166614 0.193650 0.225675 0.260969 0.289585 0.315286 0.335419 0.342392 0.347102 0.350978 0.348117 0.344565 0.340491 0.330332 0.327550 0.323933 0.323736 0.323414 0.323151 0.319963 0.316353 0.312763 0.305618 0.301798 0.297506 0.294368 0.291326 0.288152 0.285400 0.283303 0.281246 0.276566 0.277274 0.277503 0.276041 0.274183 0.272156 0.267099 0.260172 0.253299 0.239835 0.228283 0.216890 0.197959 0.184561 0.171826
