tests/Borden05m/data_simulated/sim_1/output-maps/thetaliqL0001N0007.asc
ncols         160
nrows         34
xllcorner     620200.000000
yllcorner     5168000.000000
cellsize      0.500000
NODATA_value  -9999.0
[rows 0 to 27 of 34, columns 0 to 62 of 160]
-9999.0 -9999.0 -9999.0 -9999.0 -9999.0 -9999.0 -9999.0 -9999.0 -9999.0 -9999.0 -9999.0 -9999.0 -9999.0 -9999.0 -9999.0 -9999.0 -9999.0 -9999.0 -9999.0 -9999.0 -9999.0 -9999.0 -9999.0 -9999.0 -9999.0 -9999.0 -9999.0 -9999.0 -9999.0 -9999.0 -9999.0 -9999.0 -9999.0 -9999.0 -9999.0 -9999.0 -9999.0 -9999.0 -9999.0 -9999.0 -9999.0 -9999.0 -9999.0 -9999.0 -9999.0 -9999.0 -9999.0 -9999.0 -9999.0 -9999.0 -9999.0 -9999.0 -9999.0 -9999.0 -9999.0 -9999.0 -9999.0 -9999.0 -9999.0 -9999.0 -9999.0 -9999.0 -9999.0
-9999.0 -9999.0 -9999.0 -9999.0 -9999.0 -9999.0 -9999.0 -9999.0 -9999.0 -9999.0 -9999.0 -9999.0 -9999.0 -9999.0 -9999.0 -9999.0 -9999.0 -9999.0 -9999.0 -9999.0 -9999.0 -9999.0 -9999.0 -9999.0 -9999.0 -9999.0 -9999.0 -9999.0 -9999.0 -9999.0 -9999.0 -9999.0 -9999.0 -9999.0 -9999.0 -9999.0 -9999.0 -9999.0 -9999.0 -9999.0 -9999.0 -9999.0 -9999.0 -9999.0 -9999.0 -9999.0 -9999.0 -9999.0 -9999.0 -9999.0 -9999.0 -9999.0 -9999.0 -9999.0 -9999.0 -9999.0 -9999.0 -9999.0 -9999.0 0.285267 0.284264 0.283695 0.283532
-9999.0 -9999.0 -9999.0 -9999.0 -9999.0 -9999.0 -9999.0 -9999.0 -9999.0 -9999.0 -9999.0 -9999.0 -9999.0 -9999.0 -9999.0 -9999.0 -9999.0 -9999.0 -9999.0 -9999.0 -9999.0 -9999.0 -9999.0 -9999.0 -9999.0 -9999.0 -9999.0 -9999.0 -9999.0 -9999.0 -9999.0 -9999.0 -9999.0 -9999.0 -9999.0 -9999.0 -9999.0 -9999.0 -9999.0 -9999.0 -9999.0 -9999.0 -9999.0 -9999.0 -9999.0 -9999.0 -9999.0 0.281119 0.277588 0.273177 0.271826 0.276627 0.278281 0.279638 0.280241 0.280712 0.281853 0.284700 0.284192 0.279009 0.278756 0.278871 0.279316
-9999.0 -9999.0 -9999.0 -9999.0 -9999.0 -9999.0 -9999.0 -9999.0 -9999.0 -9999.0 -9999.0 -9999.0 -9999.0 -9999.0 -9999.0 -9999.0 -9999.0 -9999.0 -9999.0 -9999.0 -9999.0 -9999.0 -9999.0 -9999.0 -9999.0 -9999.0 -9999.0 -9999.0 -9999.0 -9999.0 -9999.0 -9999.0 -9999.0 -9999.0 -9999.0 -9999.0 -9999.0 -9999.0 -9999.0 -9999.0 0.278686 0.280345 0.281836 0.279613 0.278966 0.279667 0.277515 0.274792 0.271864 0.273002 0.272984 0.270345 0.273349 0.275523 0.275765 0.275810 0.277482 0.281001 0.280510 0.276746 0.274602 0.274022 0.274635
-9999.0 -9999.0 -9999.0 -9999.0 -9999.0 -9999.0 -9999.0 -9999.0 -9999.0 -9999.0 -9999.0 -9999.0 -9999.0 -9999.0 -9999.0 -9999.0 -9999.0 -9999.0 -9999.0 -9999.0 -9999.0 -9999.0 -9999.0 -9999.0 -9999.0 -9999.0 -9999.0 -9999.0 -9999.0 -9999.0 -9999.0 -9999.0 -9999.0 -9999.0 0.273414 0.276431 0.277406 0.278244 0.279851 0.278781 0.277835 0.279250 0.277932 0.278094 0.276717 0.273927 0.271140 0.269683 0.271898 0.271312 0.271177 0.272531 0.273071 0.272837 0.274482 0.277489 0.274942 0.275248 0.274480 0.272937 0.274715 0.276116 0.276979
-9999.0 -9999.0 -9999.0 -9999.0 -9999.0 -9999.0 -9999.0 -9999.0 -9999.0 -9999.0 -9999.0 -9999.0 -9999.0 -9999.0 -9999.0 -9999.0 -9999.0 -9999.0 -9999.0 -9999.0 -9999.0 -9999.0 -9999.0 -9999.0 -9999.0 -9999.0 -9999.0 -9999.0 0.278679 0.277453 0.276540 0.276661 0.276200 0.274300 0.273575 0.273537 0.274832 0.277156 0.277165 0.276468 0.276423 0.275642 0.273748 0.273670 0.276020 0.274361 0.273791 0.272781 0.269595 0.268750 0.270463 0.271930 0.272999 0.272772 0.272295 0.271477 0.270989 0.274971 0.275713 0.273245 0.272104 0.271692 0.272145
-9999.0 -9999.0 -9999.0 -9999.0 -9999.0 -9999.0 -9999.0 -9999.0 -9999.0 -9999.0 -9999.0 -9999.0 -9999.0 -9999.0 -9999.0 -9999.0 -9999.0 -9999.0 -9999.0 -9999.0 -9999.0 -9999.0 -9999.0 0.277061 0.278187 0.278502 0.279440 0.278828 0.276220 0.274631 0.273974 0.273403 0.271978 0.271686 0.271391 0.271897 0.272059 0.274547 0.272565 0.271203 0.273483 0.272736 0.274444 0.276415 0.276039 0.276608 0.273171 0.270579 0.273400 0.274375 0.273959 0.272935 0.273323 0.273845 0.274496 0.276086 0.278252 0.279859 0.283450 0.280635 0.279024 0.275751 0.276221
-9999.0 -9999.0 -9999.0 -9999.0 -9999.0 -9999.0 -9999.0 -9999.0 -9999.0 -9999.0 -9999.0 -9999.0 -9999.0 -9999.0 -9999.0 -9999.0 -9999.0 -9999.0 -9999.0 0.277787 0.277365 0.276551 0.276752 0.274112 0.272947 0.273515 0.274709 0.273834 0.272360 0.271120 0.271239 0.271345 0.270916 0.272559 0.273736 0.273793 0.272832 0.274587 0.274705 0.275510 0.278578 0.276141 0.273899 0.272735 0.272626 0.271855 0.273798 0.274267 0.274186 0.273541 0.273140 0.273197 0.272878 0.274771 0.276128 0.276784 0.277191 0.278415 0.282200 0.280125 0.276978 0.273439 0.273491
-9999.0 -9999.0 -9999.0 -9999.0 -9999.0 -9999.0 -9999.0 -9999.0 -9999.0 -9999.0 -9999.0 -9999.0 -9999.0 -9999.0 -9999.0 -9999.0 0.278069 0.277806 0.276777 0.275071 0.273644 0.273526 0.274443 0.272479 0.271739 0.272004 0.271024 0.271785 0.272626 0.273672 0.274064 0.272584 0.272586 0.272068 0.271486 0.271535 0.273538 0.275216 0.274956 0.276006 0.278568 0.276522 0.275751 0.275819 0.274467 0.274970 0.279033 0.277650 0.274859 0.278839 0.280566 0.278935 0.277693 0.279559 0.282346 0.285662 0.292147 0.295572 0.300051 0.301818 0.296664 0.296088 0.297731
-9999.0 -9999.0 -9999.0 -9999.0 -9999.0 -9999.0 -9999.0 -9999.0 -9999.0 -9999.0 -9999.0 -9999.0 -9999.0 0.278380 0.278109 0.278231 0.275621 0.273642 0.272394 0.270658 0.272506 0.270926 0.270320 0.270503 0.272121 0.271955 0.271926 0.272791 0.272140 0.271339 0.270538 0.269104 0.270181 0.271171 0.271595 0.272986 0.273689 0.273862 0.275122 0.274577 0.275280 0.274209 0.272254 0.271716 0.272735 0.276128 0.278138 0.277895 0.282130 0.286468 0.287997 0.290440 0.290979 0.291585 0.294260 0.304504 0.319097 0.330302 0.336284 0.342540 0.343038 0.344333 0.345204
-9999.0 -9999.0 -9999.0 -9999.0 -9999.0 -9999.0 -9999.0 -9999.0 -9999.0 -9999.0 0.275039 0.276284 0.274418 0.270861 0.269265 0.269897 0.270542 0.269088 0.268946 0.272277 0.273978 0.270414 0.272465 0.272262 0.270606 0.270689 0.271291 0.271043 0.272762 0.272370 0.271852 0.274752 0.274971 0.275208 0.275710 0.276128 0.276017 0.279510 0.282116 0.280402 0.284806 0.287370 0.284057 0.282731 0.282909 0.285763 0.290441 0.296813 0.302054 0.313204 0.322772 0.327936 0.331101 0.334599 0.339245 0.353280 0.368642 0.369764 0.369933 0.369963 0.369969 0.369970 0.369973
-9999.0 -9999.0 -9999.0 -9999.0 -9999.0 -9999.0 -9999.0 -9999.0 0.270175 0.272120 0.273316 0.271751 0.269650 0.265790 0.267105 0.268328 0.269065 0.270259 0.270664 0.270893 0.269652 0.270504 0.272379 0.271395 0.271287 0.272363 0.271926 0.272633 0.273914 0.272106 0.272225 0.272994 0.273522 0.273885 0.274458 0.274099 0.277407 0.281746 0.286304 0.290063 0.295583 0.302534 0.301021 0.301757 0.302679 0.314405 0.326761 0.338367 0.352490 0.367912 0.369680 0.369873 0.369918 0.369947 0.369974 0.369992 0.370000 0.370000 0.370000 0.370000 0.370000 0.370000 0.370000
-9999.0 -9999.0 -9999.0 -9999.0 -9999.0 -9999.0 0.267411 0.271633 0.273626 0.268642 0.264838 0.263574 0.261310 0.266139 0.270300 0.270891 0.271269 0.271739 0.270955 0.267643 0.273599 0.271263 0.269392 0.270775 0.270091 0.269719 0.270305 0.272216 0.272241 0.276200 0.278264 0.279687 0.282331 0.283351 0.284573 0.286142 0.291897 0.299885 0.310903 0.323544 0.333568 0.343855 0.348131 0.351525 0.358436 0.368201 0.369685 0.369930 0.369992 0.370000 0.370000 0.370000 0.370000 0.370000 0.370000 0.370000 0.370000 0.370000 0.370000 0.370000 0.370000 0.370000 0.370000
-9999.0 -9999.0 -9999.0 -9999.0 0.270226 0.271005 0.269924 0.273471 0.275879 0.269786 0.271862 0.270753 0.268729 0.266230 0.263226 0.265041 0.265957 0.266438 0.265605 0.271262 0.275762 0.271327 0.273038 0.277171 0.275100 0.274863 0.274208 0.275220 0.277526 0.280186 0.288556 0.295406 0.298727 0.303229 0.308923 0.318705 0.329696 0.343867 0.362963 0.369371 0.369881 0.369962 0.369981 0.369990 0.369998 0.370000 0.370000 0.370000 0.370000 0.370000 0.370000 0.370000 0.370000 0.370000 0.370000 0.370000 0.370000 0.370000 0.370000 0.370000 0.370000 0.370000 0.370000
-9999.0 -9999.0 -9999.0 0.267881 0.271962 0.273213 0.270733 0.271095 0.273988 0.270499 0.269713 0.268979 0.268463 0.268318 0.267804 0.268676 0.268593 0.267363 0.267685 0.270450 0.270733 0.272209 0.272830 0.274447 0.275867 0.275706 0.276085 0.278588 0.286220 0.293324 0.308182 0.327024 0.339972 0.350170 0.361643 0.368945 0.369726 0.369950 0.369997 0.370000 0.370000 0.370000 0.370000 0.370000 0.370000 0.370000 0.370000 0.370000 0.370000 0.370000 0.370000 0.370000 0.370000 0.370000 0.370000 0.370000 0.370000 0.370000 0.370000 0.370000 0.370000 0.370000 0.370000
-9999.0 -9999.0 0.268992 0.271241 0.269186 0.271797 0.274643 0.271586 0.275048 0.275820 0.271298 0.273198 0.273917 0.270908 0.271998 0.273269 0.273821 0.270478 0.267664 0.270501 0.277465 0.281919 0.282422 0.295357 0.301015 0.304468 0.305596 0.313800 0.324126 0.341415 0.364553 0.369490 0.369920 0.369985 0.369997 0.370000 0.370000 0.370000 0.370000 0.370000 0.370000 0.370000 0.370000 0.370000 0.370000 0.370000 0.370000 0.370000 0.370000 0.370000 0.370000 0.370000 0.370000 0.370000 0.370000 0.370000 0.370000 0.370000 0.370000 0.370000 0.370000 0.370000 0.370000
-9999.0 -9999.0 0.266245 0.270113 0.266828 0.272586 0.277682 0.270924 0.271735 0.276837 0.274387 0.274186 0.272238 0.271418 0.272893 0.277047 0.274022 0.272857 0.266387 0.277665 0.285736 0.298907 0.324181 0.340890 0.353458 0.355655 0.359184 0.367474 0.369356 0.369900 0.369997 0.370000 0.370000 0.370000 0.370000 0.370000 0.370000 0.370000 0.370000 0.370000 0.370000 0.370000 0.370000 0.370000 0.370000 0.370000 0.370000 0.370000 0.370000 0.370000 0.370000 0.370000 0.370000 0.370000 0.370000 0.370000 0.370000 0.370000 0.370000 0.370000 0.370000 0.370000 0.370000
-9999.0 0.265692 0.267507 0.267299 0.270935 0.268760 0.272447 0.277925 0.276036 0.277064 0.275689 0.269902 0.280449 0.288993 0.290098 0.296941 0.292610 0.290099 0.283231 0.292753 0.310650 0.346155 0.369392 0.369942 0.369989 0.369993 0.369994 0.369999 0.370000 0.370000 0.370000 0.370000 0.370000 0.370000 0.370000 0.370000 0.370000 0.370000 0.370000 0.370000 0.370000 0.370000 0.370000 0.370000 0.370000 0.370000 0.370000 0.370000 0.370000 0.370000 0.370000 0.370000 0.370000 0.370000 0.370000 0.370000 0.370000 0.370000 0.370000 0.370000 0.370000 0.370000 0.370000
-9999.0 0.259564 0.267375 0.271734 0.269253 0.264852 0.274362 0.288566 0.279871 0.275853 0.272694 0.279182 0.302064 0.322560 0.332385 0.343931 0.341342 0.335318 0.334672 0.349630 0.367810 0.369840 0.370000 0.370000 0.370000 0.370000 0.370000 0.370000 0.370000 0.370000 0.370000 0.370000 0.370000 0.370000 0.370000 0.370000 0.370000 0.370000 0.370000 0.370000 0.370000 0.370000 0.370000 0.370000 0.370000 0.370000 0.370000 0.370000 0.370000 0.370000 0.370000 0.370000 0.370000 0.370000 0.370000 0.370000 0.370000 0.370000 0.370000 0.370000 0.370000 0.370000 0.370000
-9999.0 0.266106 0.275112 0.272302 0.263921 0.273488 0.275524 0.283133 0.287027 0.280466 0.288695 0.321089 0.355871 0.369454 0.369923 0.369960 0.369966 0.369939 0.369962 0.369996 0.370000 0.370000 0.370000 0.370000 0.370000 0.370000 0.370000 0.370000 0.370000 0.370000 0.370000 0.370000 0.370000 0.370000 0.370000 0.370000 0.370000 0.370000 0.370000 0.370000 0.370000 0.370000 0.370000 0.370000 0.370000 0.370000 0.370000 0.370000 0.370000 0.370000 0.370000 0.370000 0.370000 0.370000 0.370000 0.370000 0.370000 0.370000 0.370000 0.370000 0.370000 0.370000 0.370000
-9999.0 0.255597 0.268423 0.256971 0.271275 0.282642 0.277548 0.290804 0.303604 0.302759 0.341194 0.369161 0.369996 0.370000 0.370000 0.370000 0.370000 0.370000 0.370000 0.370000 0.370000 0.370000 0.370000 0.370000 0.370000 0.370000 0.370000 0.370000 0.370000 0.370000 0.370000 0.370000 0.370000 0.370000 0.370000 0.370000 0.370000 0.370000 0.370000 0.370000 0.370000 0.370000 0.370000 0.370000 0.370000 0.370000 0.370000 0.370000 0.370000 0.370000 0.370000 0.370000 0.370000 0.370000 0.370000 0.370000 0.370000 0.370000 0.370000 0.370000 0.370000 0.370000 0.370000
-9999.0 0.248204 0.256927 0.263202 0.275634 0.283407 0.289358 0.302712 0.329594 0.349182 0.369298 0.369996 0.370000 0.370000 0.370000 0.370000 0.370000 0.370000 0.370000 0.370000 0.370000 0.370000 0.370000 0.370000 0.370000 0.370000 0.370000 0.370000 0.370000 0.370000 0.370000 0.370000 0.370000 0.370000 0.370000 0.370000 0.370000 0.370000 0.370000 0.370000 0.370000 0.370000 0.370000 0.370000 0.370000 0.370000 0.370000 0.370000 0.370000 0.370000 0.370000 0.370000 0.370000 0.370000 0.370000 0.370000 0.370000 0.370000 0.370000 0.370000 0.369992 0.369971 0.369952
-9999.0 0.231835 0.260362 0.263349 0.270551 0.271647 0.271527 0.282599 0.297428 0.348375 0.369955 0.370000 0.370000 0.370000 0.370000 0.370000 0.370000 0.370000 0.370000 0.370000 0.370000 0.370000 0.370000 0.370000 0.370000 0.370000 0.370000 0.370000 0.370000 0.370000 0.370000 0.370000 0.370000 0.370000 0.370000 0.370000 0.370000 0.370000 0.370000 0.370000 0.370000 0.370000 0.370000 0.370000 0.370000 0.370000 0.370000 0.370000 0.370000 0.370000 0.370000 0.370000 0.370000 0.370000 0.370000 0.370000 0.369998 0.369974 0.369869 0.368995 0.353771 0.339680 0.338323
-9999.0 -9999.0 0.247067 0.263802 0.265265 0.266936 0.267743 0.277401 0.284936 0.318576 0.350548 0.369277 0.369937 0.369991 0.370000 0.370000 0.370000 0.370000 0.370000 0.370000 0.370000 0.370000 0.370000 0.370000 0.370000 0.370000 0.370000 0.370000 0.370000 0.370000 0.370000 0.370000 0.370000 0.370000 0.370000 0.370000 0.370000 0.370000 0.370000 0.370000 0.370000 0.369999 0.369998 0.369998 0.369998 0.369997 0.369995 0.369990 0.369981 0.369967 0.369961 0.369954 0.369942 0.369905 0.369808 0.369367 0.363613 0.348680 0.337817 0.323466 0.307308 0.296379 0.290964
-9999.0 -9999.0 0.229189 0.255164 0.266318 0.273901 0.271564 0.271313 0.286609 0.290585 0.299162 0.316806 0.331381 0.344886 0.361942 0.369460 0.369841 0.369900 0.369916 0.369931 0.369961 0.369980 0.369989 0.369996 0.369999 0.370000 0.370000 0.370000 0.369999 0.369992 0.369975 0.369938 0.369910 0.369889 0.369902 0.369922 0.369908 0.369871 0.369786 0.369507 0.368165 0.360679 0.356456 0.355301 0.355085 0.353854 0.352042 0.347612 0.342653 0.339502 0.337150 0.334946 0.333791 0.330705 0.326430 0.322461 0.312441 0.304425 0.299191 0.293207 0.286166 0.283626 0.281218
-9999.0 -9999.0 -9999.0 0.231853 0.248045 0.260529 0.264966 0.257284 0.261173 0.269153 0.274106 0.282351 0.286323 0.290575 0.298698 0.313174 0.319661 0.320536 0.318933 0.329453 0.333156 0.341898 0.350082 0.354901 0.362764 0.368143 0.368733 0.366670 0.360685 0.352062 0.342958 0.335042 0.330684 0.331040 0.331141 0.332490 0.330678 0.329004 0.324698 0.319328 0.312526 0.306495 0.304929 0.303824 0.303505 0.302704 0.302063 0.300247 0.298287 0.296356 0.294485 0.294264 0.293883 0.292997 0.291808 0.291144 0.290236 0.285915 0.283414 0.281151 0.278842 0.276795 0.274718
-9999.0 -9999.0 -9999.0 -9999.0 -9999.0 0.221569 0.253576 0.259743 0.259491 0.256393 0.258758 0.270057 0.267481 0.268317 0.272372 0.274251 0.274393 0.276637 0.282171 0.286377 0.292026 0.295490 0.301026 0.306111 0.309161 0.314697 0.316419 0.311856 0.308039 0.303876 0.297995 0.291985 0.292101 0.292876 0.293251 0.293071 0.292081 0.291543 0.290708 0.287869 0.285179 0.284866 0.284729 0.284410 0.283968 0.283703 0.283521 0.283686 0.282069 0.280492 0.281737 0.281531 0.281478 0.281853 0.281295 0.281311 0.282326 0.278431 0.276641 0.278676 0.275244 0.273189 0.274818
-9999.0 -9999.0 -9999.0 -9999.0 -9999.0 -9999.0 0.218156 0.237910 0.254088 0.258284 0.264731 0.269561 0.262005 0.264240 0.266490 0.268816 0.272667 0.271894 0.272757 0.274373 0.276865 0.277476 0.280256 0.284545 0.283661 0.284531 0.287255 0.284037 0.282706 0.282435 0.276820 0.278288 0.277661 0.278473 0.278790 0.279592 0.279006 0.278506 0.278411 0.275894 0.276088 0.275612 0.275555 0.275464 0.275354 0.275391 0.275591 0.275872 0.274268 0.275435 0.275926 0.275515 0.275403 0.275908 0.275736 0.275232 0.275891 0.274262 0.274496 0.275040 0.271898 0.272512 0.272799
