tests/Borden05m/data_simulated/sim_1/output-maps/thetaliqL0006N0011.asc
ncols         160
nrows         34
xllcorner     620200.000000
yllcorner     5168000.000000
cellsize      0.500000
NODATA_value  -9999.0
[rows 0 to 27 of 34, columns 0 to 62 of 160]
-9999.0 -9999.0 -9999.0 -9999.0 -9999.0 -9999.0 -9999.0 -9999.0 -9999.0 -9999.0 -9999.0 -9999.0 -9999.0 -9999.0 -9999.0 -9999.0 -9999.0 -9999.0 -9999.0 -9999.0 -9999.0 -9999.0 -9999.0 -9999.0 -9999.0 -9999.0 -9999.0 -9999.0 -9999.0 -9999.0 -9999.0 -9999.0 -9999.0 -9999.0 -9999.0 -9999.0 -9999.0 -9999.0 -9999.0 -9999.0 -9999.0 -9999.0 -9999.0 -9999.0 -9999.0 -9999.0 -9999.0 -9999.0 -9999.0 -9999.0 -9999.0 -9999.0 -9999.0 -9999.0 -9999.0 -9999.0 -9999.0 -9999.0 -9999.0 -9999.0 -9999.0 -9999.0 -9999.0
-9999.0 -9999.0 -9999.0 -9999.0 -9999.0 -9999.0 -9999.0 -9999.0 -9999.0 -9999.0 -9999.0 -9999.0 -9999.0 -9999.0 -9999.0 -9999.0 -9999.0 -9999.0 -9999.0 -9999.0 -9999.0 -9999.0 -9999.0 -9999.0 -9999.0 -9999.0 -9999.0 -9999.0 -9999.0 -9999.0 -9999.0 -9999.0 -9999.0 -9999.0 -9999.0 -9999.0 -9999.0 -9999.0 -9999.0 -9999.0 -9999.0 -9999.0 -9999.0 -9999.0 -9999.0 -9999.0 -9999.0 -9999.0 -9999.0 -9999.0 -9999.0 -9999.0 -9999.0 -9999.0 -9999.0 -9999.0 -9999.0 -9999.0 -9999.0 0.203049 0.198890 0.194844 0.191097
-9999.0 -9999.0 -9999.0 -9999.0 -9999.0 -9999.0 -9999.0 -9999.0 -9999.0 -9999.0 -9999.0 -9999.0 -9999.0 -9999.0 -9999.0 -9999.0 -9999.0 -9999.0 -9999.0 -9999.0 -9999.0 -9999.0 -9999.0 -9999.0 -9999.0 -9999.0 -9999.0 -9999.0 -9999.0 -9999.0 -9999.0 -9999.0 -9999.0 -9999.0 -9999.0 -9999.0 -9999.0 -9999.0 -9999.0 -9999.0 -9999.0 -9999.0 -9999.0 -9999.0 -9999.0 -9999.0 -9999.0 0.131683 0.125147 0.119384 0.118909 0.126518 0.135360 0.145610 0.155625 0.165768 0.177146 0.189898 0.192121 0.184735 0.181485 0.179177 0.177568
-9999.0 -9999.0 -9999.0 -9999.0 -9999.0 -9999.0 -9999.0 -9999.0 -9999.0 -9999.0 -9999.0 -9999.0 -9999.0 -9999.0 -9999.0 -9999.0 -9999.0 -9999.0 -9999.0 -9999.0 -9999.0 -9999.0 -9999.0 -9999.0 -9999.0 -9999.0 -9999.0 -9999.0 -9999.0 -9999.0 -9999.0 -9999.0 -9999.0 -9999.0 -9999.0 -9999.0 -9999.0 -9999.0 -9999.0 -9999.0 0.153049 0.156046 0.156949 0.151095 0.145454 0.140096 0.131809 0.125131 0.119770 0.118752 0.119461 0.121306 0.129360 0.138897 0.147548 0.156241 0.166685 0.178720 0.180443 0.173301 0.167942 0.165389 0.165219
-9999.0 -9999.0 -9999.0 -9999.0 -9999.0 -9999.0 -9999.0 -9999.0 -9999.0 -9999.0 -9999.0 -9999.0 -9999.0 -9999.0 -9999.0 -9999.0 -9999.0 -9999.0 -9999.0 -9999.0 -9999.0 -9999.0 -9999.0 -9999.0 -9999.0 -9999.0 -9999.0 -9999.0 -9999.0 -9999.0 -9999.0 -9999.0 -9999.0 -9999.0 0.116845 0.122344 0.128594 0.135599 0.142614 0.145488 0.148230 0.151044 0.148945 0.146427 0.141070 0.133240 0.125698 0.120721 0.119706 0.118761 0.120045 0.124316 0.130156 0.136577 0.145673 0.156933 0.161621 0.168420 0.170033 0.166765 0.167021 0.167645 0.168343
-9999.0 -9999.0 -9999.0 -9999.0 -9999.0 -9999.0 -9999.0 -9999.0 -9999.0 -9999.0 -9999.0 -9999.0 -9999.0 -9999.0 -9999.0 -9999.0 -9999.0 -9999.0 -9999.0 -9999.0 -9999.0 -9999.0 -9999.0 -9999.0 -9999.0 -9999.0 -9999.0 -9999.0 0.118538 0.116685 0.115069 0.114537 0.114066 0.113610 0.115507 0.119172 0.125163 0.132982 0.138031 0.140944 0.143696 0.143916 0.141600 0.140399 0.140275 0.135174 0.130437 0.126289 0.122550 0.122083 0.125186 0.129979 0.136048 0.142132 0.148971 0.155805 0.163539 0.176158 0.181449 0.177136 0.173053 0.170442 0.170531
-9999.0 -9999.0 -9999.0 -9999.0 -9999.0 -9999.0 -9999.0 -9999.0 -9999.0 -9999.0 -9999.0 -9999.0 -9999.0 -9999.0 -9999.0 -9999.0 -9999.0 -9999.0 -9999.0 -9999.0 -9999.0 -9999.0 -9999.0 0.110572 0.112166 0.113853 0.115832 0.115981 0.114611 0.112918 0.111928 0.111386 0.110882 0.111902 0.114131 0.118032 0.122995 0.130518 0.133678 0.136314 0.141561 0.142211 0.143930 0.145542 0.144408 0.143015 0.137664 0.133927 0.136274 0.138762 0.141208 0.144167 0.149959 0.157743 0.167462 0.179939 0.194282 0.208011 0.220693 0.215526 0.208270 0.199231 0.199167
-9999.0 -9999.0 -9999.0 -9999.0 -9999.0 -9999.0 -9999.0 -9999.0 -9999.0 -9999.0 -9999.0 -9999.0 -9999.0 -9999.0 -9999.0 -9999.0 -9999.0 -9999.0 -9999.0 0.104810 0.104936 0.105071 0.106016 0.106196 0.106656 0.108241 0.110169 0.110559 0.110071 0.109505 0.109774 0.110320 0.111241 0.114254 0.118169 0.122504 0.127272 0.135085 0.141139 0.147426 0.155327 0.154065 0.151313 0.149793 0.149655 0.149730 0.152973 0.154847 0.157413 0.160538 0.164255 0.168863 0.174704 0.186277 0.200162 0.215167 0.230421 0.245606 0.261001 0.258124 0.247872 0.237286 0.237337
-9999.0 -9999.0 -9999.0 -9999.0 -9999.0 -9999.0 -9999.0 -9999.0 -9999.0 -9999.0 -9999.0 -9999.0 -9999.0 -9999.0 -9999.0 -9999.0 0.099237 0.099540 0.099863 0.100817 0.101195 0.101901 0.103221 0.103337 0.104079 0.105539 0.106586 0.108457 0.110254 0.112034 0.113488 0.114074 0.116161 0.118905 0.122544 0.127870 0.136272 0.145975 0.153672 0.162213 0.171538 0.171128 0.169886 0.170063 0.170192 0.175131 0.186889 0.190811 0.193340 0.207483 0.218190 0.222028 0.227138 0.241084 0.260564 0.283441 0.309593 0.326354 0.339249 0.343193 0.336033 0.333849 0.337024
-9999.0 -9999.0 -9999.0 -9999.0 -9999.0 -9999.0 -9999.0 -9999.0 -9999.0 -9999.0 -9999.0 -9999.0 -9999.0 0.092320 0.092881 0.094161 0.095293 0.095566 0.096104 0.096949 0.099004 0.099556 0.100644 0.102062 0.104293 0.106050 0.108093 0.110888 0.112989 0.114822 0.116720 0.118664 0.122963 0.128201 0.134151 0.142571 0.152514 0.163550 0.175830 0.184815 0.194147 0.196509 0.194339 0.194759 0.200393 0.214216 0.229256 0.240392 0.259792 0.280250 0.292752 0.303710 0.310901 0.319901 0.333815 0.353426 0.364788 0.368615 0.369450 0.369755 0.369779 0.369815 0.369846
-9999.0 -9999.0 -9999.0 -9999.0 -9999.0 -9999.0 -9999.0 -9999.0 -9999.0 -9999.0 0.087833 0.088125 0.087712 0.087823 0.088286 0.089634 0.091231 0.092131 0.093642 0.096773 0.099658 0.100210 0.103086 0.105075 0.106400 0.108820 0.112023 0.115478 0.120624 0.124644 0.129104 0.137278 0.144222 0.151700 0.160518 0.171259 0.184336 0.205599 0.226423 0.237818 0.258240 0.270922 0.267752 0.267421 0.273449 0.289062 0.309765 0.331143 0.346334 0.358429 0.364493 0.367084 0.368324 0.369140 0.369625 0.369908 0.369984 0.369998 0.370000 0.370000 0.370000 0.370000 0.370000
-9999.0 -9999.0 -9999.0 -9999.0 -9999.0 -9999.0 -9999.0 -9999.0 0.085386 0.086020 0.086655 0.086315 0.085801 0.085486 0.086729 0.088418 0.090281 0.092445 0.094710 0.097503 0.100250 0.103488 0.107613 0.110372 0.113355 0.117500 0.121569 0.127623 0.135610 0.141913 0.150971 0.162171 0.173270 0.184149 0.196036 0.208843 0.231711 0.260539 0.288228 0.309331 0.329952 0.345622 0.346978 0.349230 0.352142 0.361730 0.367704 0.369545 0.369892 0.369969 0.369993 0.369998 0.369999 0.370000 0.370000 0.370000 0.370000 0.370000 0.370000 0.370000 0.370000 0.370000 0.370000
-9999.0 -9999.0 -9999.0 -9999.0 -9999.0 -9999.0 0.083158 0.085288 0.086730 0.085913 0.085176 0.084858 0.084539 0.086181 0.088411 0.090365 0.092506 0.094964 0.097512 0.100191 0.107667 0.111395 0.115340 0.121361 0.125733 0.130480 0.137097 0.147439 0.159132 0.178767 0.199780 0.220555 0.241881 0.258324 0.273880 0.290618 0.316607 0.342371 0.359203 0.366602 0.369158 0.369802 0.369895 0.369926 0.369948 0.369977 0.369996 0.370000 0.370000 0.370000 0.370000 0.370000 0.370000 0.370000 0.370000 0.370000 0.370000 0.370000 0.370000 0.370000 0.370000 0.370000 0.370000
-9999.0 -9999.0 -9999.0 -9999.0 0.080666 0.082173 0.083863 0.086805 0.089325 0.088624 0.089497 0.089554 0.089393 0.089579 0.090162 0.092455 0.094924 0.097674 0.101064 0.109543 0.120884 0.126344 0.136741 0.151186 0.157997 0.165664 0.174181 0.188762 0.210567 0.239170 0.280305 0.313867 0.333790 0.347752 0.356964 0.364086 0.368596 0.369780 0.369958 0.369993 0.369999 0.370000 0.370000 0.370000 0.370000 0.370000 0.370000 0.370000 0.370000 0.370000 0.370000 0.370000 0.370000 0.370000 0.370000 0.370000 0.370000 0.370000 0.370000 0.370000 0.370000 0.370000 0.370000
-9999.0 -9999.0 -9999.0 0.077932 0.080173 0.082806 0.085225 0.088452 0.092402 0.093374 0.094520 0.095584 0.096739 0.098232 0.100094 0.103138 0.105843 0.108312 0.113376 0.124406 0.138137 0.154580 0.172541 0.193259 0.210512 0.222454 0.235271 0.255928 0.290429 0.324011 0.354300 0.367572 0.369616 0.369894 0.369957 0.369988 0.369998 0.370000 0.370000 0.370000 0.370000 0.370000 0.370000 0.370000 0.370000 0.370000 0.370000 0.370000 0.370000 0.370000 0.370000 0.370000 0.370000 0.370000 0.370000 0.370000 0.370000 0.370000 0.370000 0.370000 0.370000 0.370000 0.370000
-9999.0 -9999.0 0.075808 0.077446 0.079417 0.083145 0.088229 0.092366 0.098822 0.103829 0.105343 0.109841 0.114347 0.116765 0.122079 0.127971 0.132116 0.132617 0.136721 0.153852 0.186422 0.223921 0.255455 0.305479 0.330496 0.343071 0.349278 0.358969 0.366623 0.369600 0.369955 0.369997 0.370000 0.370000 0.370000 0.370000 0.370000 0.370000 0.370000 0.370000 0.370000 0.370000 0.370000 0.370000 0.370000 0.370000 0.370000 0.370000 0.370000 0.370000 0.370000 0.370000 0.370000 0.370000 0.370000 0.370000 0.370000 0.370000 0.370000 0.370000 0.370000 0.370000 0.370000
-9999.0 -9999.0 0.074890 0.076639 0.078896 0.084078 0.092323 0.098251 0.106995 0.118653 0.124767 0.133201 0.142008 0.151669 0.164180 0.178828 0.179796 0.180441 0.179214 0.218163 0.268350 0.325793 0.363065 0.369399 0.369894 0.369933 0.369950 0.369978 0.369995 0.370000 0.370000 0.370000 0.370000 0.370000 0.370000 0.370000 0.370000 0.370000 0.370000 0.370000 0.370000 0.370000 0.370000 0.370000 0.370000 0.370000 0.370000 0.370000 0.370000 0.370000 0.370000 0.370000 0.370000 0.370000 0.370000 0.370000 0.370000 0.370000 0.370000 0.370000 0.370000 0.370000 0.370000
-9999.0 0.072441 0.073796 0.075697 0.079218 0.084452 0.095033 0.111773 0.126235 0.142221 0.155541 0.167271 0.207148 0.249173 0.272970 0.298967 0.295860 0.291772 0.284936 0.319350 0.354904 0.369513 0.369998 0.370000 0.370000 0.370000 0.370000 0.370000 0.370000 0.370000 0.370000 0.370000 0.370000 0.370000 0.370000 0.370000 0.370000 0.370000 0.370000 0.370000 0.370000 0.370000 0.370000 0.370000 0.370000 0.370000 0.370000 0.370000 0.370000 0.370000 0.370000 0.370000 0.370000 0.370000 0.370000 0.370000 0.370000 0.370000 0.370000 0.370000 0.370000 0.370000 0.370000
-9999.0 0.071737 0.073119 0.075477 0.078964 0.085114 0.101442 0.138366 0.159304 0.178242 0.199158 0.242475 0.320234 0.357880 0.367025 0.369411 0.369412 0.369048 0.369087 0.369794 0.369983 0.370000 0.370000 0.370000 0.370000 0.370000 0.370000 0.370000 0.370000 0.370000 0.370000 0.370000 0.370000 0.370000 0.370000 0.370000 0.370000 0.370000 0.370000 0.370000 0.370000 0.370000 0.370000 0.370000 0.370000 0.370000 0.370000 0.370000 0.370000 0.370000 0.370000 0.370000 0.370000 0.370000 0.370000 0.370000 0.370000 0.370000 0.370000 0.370000 0.370000 0.370000 0.370000
-9999.0 0.071343 0.072765 0.074731 0.078137 0.088675 0.109743 0.157392 0.213763 0.242986 0.293220 0.356750 0.369566 0.369985 0.370000 0.370000 0.370000 0.370000 0.370000 0.370000 0.370000 0.370000 0.370000 0.370000 0.370000 0.370000 0.370000 0.370000 0.370000 0.370000 0.370000 0.370000 0.370000 0.370000 0.370000 0.370000 0.370000 0.370000 0.370000 0.370000 0.370000 0.370000 0.370000 0.370000 0.370000 0.370000 0.370000 0.370000 0.370000 0.370000 0.370000 0.370000 0.370000 0.370000 0.370000 0.370000 0.370000 0.370000 0.370000 0.370000 0.370000 0.370000 0.370000
-9999.0 0.070164 0.071359 0.072722 0.078023 0.092331 0.118053 0.193672 0.295642 0.337058 0.368515 0.369968 0.370000 0.370000 0.370000 0.370000 0.370000 0.370000 0.370000 0.370000 0.370000 0.370000 0.370000 0.370000 0.370000 0.370000 0.370000 0.370000 0.370000 0.370000 0.370000 0.370000 0.370000 0.370000 0.370000 0.370000 0.370000 0.370000 0.370000 0.370000 0.370000 0.370000 0.370000 0.370000 0.370000 0.370000 0.370000 0.370000 0.370000 0.370000 0.370000 0.370000 0.370000 0.370000 0.370000 0.370000 0.370000 0.370000 0.370000 0.370000 0.370000 0.370000 0.370000
-9999.0 0.069350 0.070156 0.071919 0.076917 0.089642 0.121621 0.215568 0.351383 0.369491 0.369993 0.370000 0.370000 0.370000 0.370000 0.370000 0.370000 0.370000 0.370000 0.370000 0.370000 0.370000 0.370000 0.370000 0.370000 0.370000 0.370000 0.370000 0.370000 0.370000 0.370000 0.370000 0.370000 0.370000 0.370000 0.370000 0.370000 0.370000 0.370000 0.370000 0.370000 0.370000 0.370000 0.370000 0.370000 0.370000 0.370000 0.370000 0.370000 0.370000 0.370000 0.370000 0.370000 0.370000 0.370000 0.370000 0.370000 0.370000 0.370000 0.370000 0.370000 0.370000 0.370000
-9999.0 0.068770 0.069627 0.070960 0.074218 0.081131 0.097114 0.149058 0.266718 0.368977 0.370000 0.370000 0.370000 0.370000 0.370000 0.370000 0.370000 0.370000 0.370000 0.370000 0.370000 0.370000 0.370000 0.370000 0.370000 0.370000 0.370000 0.370000 0.370000 0.370000 0.370000 0.370000 0.370000 0.370000 0.370000 0.370000 0.370000 0.370000 0.370000 0.370000 0.370000 0.370000 0.370000 0.370000 0.370000 0.370000 0.370000 0.370000 0.370000 0.370000 0.370000 0.370000 0.370000 0.370000 0.370000 0.370000 0.370000 0.370000 0.369999 0.369987 0.369902 0.369612 0.369263
-9999.0 -9999.0 0.069069 0.070123 0.072025 0.075959 0.084354 0.109294 0.173632 0.326251 0.368784 0.369942 0.369996 0.370000 0.370000 0.370000 0.370000 0.370000 0.370000 0.370000 0.370000 0.370000 0.370000 0.370000 0.370000 0.370000 0.370000 0.370000 0.370000 0.370000 0.370000 0.370000 0.370000 0.370000 0.370000 0.370000 0.370000 0.370000 0.370000 0.370000 0.370000 0.370000 0.370000 0.370000 0.370000 0.370000 0.370000 0.370000 0.370000 0.370000 0.370000 0.369999 0.369999 0.369997 0.369994 0.369987 0.369959 0.369879 0.369519 0.366681 0.355209 0.332543 0.308446
-9999.0 -9999.0 0.068572 0.069317 0.070694 0.073264 0.077443 0.086165 0.114521 0.165677 0.240563 0.316431 0.357607 0.368550 0.369718 0.369959 0.369988 0.369993 0.369994 0.369997 0.369999 0.370000 0.370000 0.370000 0.370000 0.370000 0.370000 0.370000 0.370000 0.370000 0.370000 0.369999 0.369998 0.369997 0.369997 0.369998 0.369998 0.369995 0.369990 0.369977 0.369961 0.369937 0.369929 0.369924 0.369923 0.369914 0.369898 0.369840 0.369704 0.369521 0.369280 0.368972 0.368688 0.367970 0.366594 0.364948 0.359909 0.349797 0.333810 0.308479 0.274880 0.246910 0.220879
-9999.0 -9999.0 -9999.0 0.068779 0.069544 0.070630 0.072413 0.074809 0.080232 0.091428 0.109935 0.141484 0.175848 0.214066 0.258354 0.303534 0.328022 0.337995 0.344356 0.361683 0.366963 0.369321 0.369807 0.369891 0.369935 0.369962 0.369968 0.369952 0.369931 0.369871 0.369644 0.368913 0.367843 0.367729 0.367713 0.367919 0.367319 0.366458 0.364167 0.360606 0.355914 0.351509 0.349258 0.347060 0.345553 0.343498 0.341141 0.336526 0.330225 0.323554 0.317806 0.314932 0.311992 0.307599 0.301581 0.295204 0.285085 0.262790 0.240860 0.218418 0.194547 0.173533 0.156135
-9999.0 -9999.0 -9999.0 -9999.0 -9999.0 0.069101 0.070018 0.071293 0.073021 0.075463 0.079755 0.088025 0.094568 0.103287 0.116192 0.130442 0.145167 0.163610 0.191298 0.223127 0.260345 0.290728 0.318915 0.338088 0.346342 0.352775 0.354906 0.351078 0.346144 0.337349 0.320689 0.302687 0.297448 0.297234 0.297348 0.296018 0.291615 0.286883 0.280329 0.268601 0.257964 0.252876 0.249249 0.245745 0.242203 0.239136 0.236190 0.233154 0.226032 0.220231 0.220364 0.218319 0.216283 0.214255 0.209348 0.204051 0.197798 0.180855 0.167302 0.158522 0.142931 0.131057 0.123768
-9999.0 -9999.0 -9999.0 -9999.0 -9999.0 -9999.0 0.068789 0.069458 0.070263 0.071412 0.073250 0.075653 0.077076 0.079732 0.083440 0.088593 0.095902 0.103278 0.112893 0.125611 0.142413 0.159783 0.181279 0.205654 0.216801 0.226176 0.235209 0.227927 0.220396 0.212851 0.196751 0.193065 0.188871 0.188843 0.188606 0.188417 0.184925 0.181190 0.177674 0.170892 0.167635 0.164255 0.161923 0.159736 0.157550 0.155743 0.154414 0.153136 0.150071 0.150504 0.150726 0.149837 0.148760 0.147645 0.144809 0.141058 0.137533 0.130857 0.125640 0.120837 0.113304 0.108358 0.103897
