tests/Borden05m/data_simulated/sim_1/output-maps/thetaliqL0006N0004.asc
ncols         160
nrows         34
xllcorner     620200.000000
yllcorner     5168000.000000
cellsize      0.500000
NODATA_value  -9999.0
[rows 0 to 27 of 34, columns 0 to 62 of 160]
-9999.0 -9999.0 -9999.0 -9999.0 -9999.0 -9999.0 -9999.0 -9999.0 -9999.0 -9999.0 -9999.0 -9999.0 -9999.0 -9999.0 -9999.0 -9999.0 -9999.0 -9999.0 -9999.0 -9999.0 -9999.0 -9999.0 -9999.0 -9999.0 -9999.0 -9999.0 -9999.0 -9999.0 -9999.0 -9999.0 -9999.0 -9999.0 -9999.0 -9999.0 -9999.0 -9999.0 -9999.0 -9999.0 -9999.0 -9999.0 -9999.0 -9999.0 -9999.0 -9999.0 -9999.0 -9999.0 -9999.0 -9999.0 -9999.0 -9999.0 -9999.0 -9999.0 -9999.0 -9999.0 -9999.0 -9999.0 -9999.0 -9999.0 -9999.0 -9999.0 -9999.0 -9999.0 -9999.0
-9999.0 -9999.0 -9999.0 -9999.0 -9999.0 -9999.0 -9999.0 -9999.0 -9999.0 -9999.0 -9999.0 -9999.0 -9999.0 -9999.0 -9999.0 -9999.0 -9999.0 -9999.0 -9999.0 -9999.0 -9999.0 -9999.0 -9999.0 -9999.0 -9999.0 -9999.0 -9999.0 -9999.0 -9999.0 -9999.0 -9999.0 -9999.0 -9999.0 -9999.0 -9999.0 -9999.0 -9999.0 -9999.0 -9999.0 -9999.0 -9999.0 -9999.0 -9999.0 -9999.0 -9999.0 -9999.0 -9999.0 -9999.0 -9999.0 -9999.0 -9999.0 -9999.0 -9999.0 -9999.0 -9999.0 -9999.0 -9999.0 -9999.0 -9999.0 0.202217 0.198109 0.194107 0.190398
-9999.0 -9999.0 -9999.0 -9999.0 -9999.0 -9999.0 -9999.0 -9999.0 -9999.0 -9999.0 -9999.0 -9999.0 -9999.0 -9999.0 -9999.0 -9999.0 -9999.0 -9999.0 -9999.0 -9999.0 -9999.0 -9999.0 -9999.0 -9999.0 -9999.0 -9999.0 -9999.0 -9999.0 -9999.0 -9999.0 -9999.0 -9999.0 -9999.0 -9999.0 -9999.0 -9999.0 -9999.0 -9999.0 -9999.0 -9999.0 -9999.0 -9999.0 -9999.0 -9999.0 -9999.0 -9999.0 -9999.0 0.131592 0.125083 0.119340 0.118865 0.126443 0.135237 0.145414 0.155338 0.165372 0.176610 0.189191 0.191377 0.184092 0.180879 0.178593 0.176995
-9999.0 -9999.0 -9999.0 -9999.0 -9999.0 -9999.0 -9999.0 -9999.0 -9999.0 -9999.0 -9999.0 -9999.0 -9999.0 -9999.0 -9999.0 -9999.0 -9999.0 -9999.0 -9999.0 -9999.0 -9999.0 -9999.0 -9999.0 -9999.0 -9999.0 -9999.0 -9999.0 -9999.0 -9999.0 -9999.0 -9999.0 -9999.0 -9999.0 -9999.0 -9999.0 -9999.0 -9999.0 -9999.0 -9999.0 -9999.0 0.152848 0.155822 0.156713 0.150895 0.145287 0.139957 0.131713 0.125065 0.119723 0.118707 0.119412 0.121249 0.129263 0.138736 0.147310 0.155911 0.166229 0.178102 0.179789 0.172731 0.167430 0.164900 0.164723
-9999.0 -9999.0 -9999.0 -9999.0 -9999.0 -9999.0 -9999.0 -9999.0 -9999.0 -9999.0 -9999.0 -9999.0 -9999.0 -9999.0 -9999.0 -9999.0 -9999.0 -9999.0 -9999.0 -9999.0 -9999.0 -9999.0 -9999.0 -9999.0 -9999.0 -9999.0 -9999.0 -9999.0 -9999.0 -9999.0 -9999.0 -9999.0 -9999.0 -9999.0 0.116815 0.122299 0.128526 0.135500 0.142474 0.145328 0.148051 0.150842 0.148752 0.146246 0.140919 0.133131 0.125624 0.120666 0.119653 0.118710 0.119986 0.124235 0.130038 0.136406 0.145413 0.156540 0.161149 0.167834 0.169403 0.166167 0.166408 0.167011 0.167685
-9999.0 -9999.0 -9999.0 -9999.0 -9999.0 -9999.0 -9999.0 -9999.0 -9999.0 -9999.0 -9999.0 -9999.0 -9999.0 -9999.0 -9999.0 -9999.0 -9999.0 -9999.0 -9999.0 -9999.0 -9999.0 -9999.0 -9999.0 -9999.0 -9999.0 -9999.0 -9999.0 -9999.0 0.118506 0.116656 0.115043 0.114511 0.114040 0.113585 0.115478 0.119133 0.125104 0.132888 0.137908 0.140799 0.143528 0.143740 0.141434 0.140235 0.140105 0.135034 0.130323 0.126196 0.122473 0.122005 0.125086 0.129840 0.135850 0.141861 0.148600 0.155316 0.162891 0.175246 0.180385 0.176126 0.172103 0.169528 0.169591
-9999.0 -9999.0 -9999.0 -9999.0 -9999.0 -9999.0 -9999.0 -9999.0 -9999.0 -9999.0 -9999.0 -9999.0 -9999.0 -9999.0 -9999.0 -9999.0 -9999.0 -9999.0 -9999.0 -9999.0 -9999.0 -9999.0 -9999.0 0.110555 0.112146 0.113830 0.115804 0.115953 0.114586 0.112897 0.111907 0.111366 0.110862 0.111879 0.114103 0.117992 0.122937 0.130424 0.133561 0.136175 0.141377 0.142013 0.143708 0.145297 0.144162 0.142771 0.137458 0.133744 0.136061 0.138511 0.140914 0.143815 0.149500 0.157121 0.166600 0.178721 0.192584 0.205767 0.217907 0.212787 0.205719 0.196932 0.196809
-9999.0 -9999.0 -9999.0 -9999.0 -9999.0 -9999.0 -9999.0 -9999.0 -9999.0 -9999.0 -9999.0 -9999.0 -9999.0 -9999.0 -9999.0 -9999.0 -9999.0 -9999.0 -9999.0 0.104799 0.104925 0.105060 0.106004 0.106185 0.106644 0.108227 0.110152 0.110541 0.110053 0.109488 0.109756 0.110299 0.111218 0.114222 0.118124 0.122440 0.127182 0.134940 0.140937 0.147152 0.154951 0.153681 0.150940 0.149418 0.149261 0.149310 0.152478 0.154290 0.156769 0.159778 0.163352 0.167781 0.173380 0.184485 0.197693 0.211789 0.225897 0.239820 0.253975 0.250710 0.240782 0.230551 0.230343
-9999.0 -9999.0 -9999.0 -9999.0 -9999.0 -9999.0 -9999.0 -9999.0 -9999.0 -9999.0 -9999.0 -9999.0 -9999.0 -9999.0 -9999.0 -9999.0 0.099230 0.099532 0.099856 0.100809 0.101187 0.101893 0.103211 0.103327 0.104069 0.105528 0.106573 0.108440 0.110233 0.112008 0.113458 0.114040 0.116119 0.118850 0.122469 0.127758 0.136088 0.145678 0.153252 0.161634 0.170756 0.170296 0.169028 0.169148 0.169208 0.173944 0.185276 0.188908 0.191108 0.204440 0.214362 0.217628 0.222069 0.234793 0.252497 0.272914 0.296347 0.310842 0.322532 0.325371 0.316673 0.313676 0.316558
-9999.0 -9999.0 -9999.0 -9999.0 -9999.0 -9999.0 -9999.0 -9999.0 -9999.0 -9999.0 -9999.0 -9999.0 -9999.0 0.092314 0.092875 0.094155 0.095288 0.095561 0.096099 0.096944 0.098998 0.099549 0.100637 0.102053 0.104282 0.106036 0.108075 0.110863 0.112958 0.114783 0.116672 0.118605 0.122876 0.128072 0.133960 0.142269 0.152041 0.162827 0.174758 0.183391 0.192287 0.194383 0.192130 0.192373 0.197577 0.210477 0.224250 0.233917 0.251142 0.269107 0.279465 0.288690 0.294380 0.301766 0.313996 0.333812 0.348984 0.357623 0.361582 0.364547 0.364775 0.365238 0.365682
-9999.0 -9999.0 -9999.0 -9999.0 -9999.0 -9999.0 -9999.0 -9999.0 -9999.0 -9999.0 0.087830 0.088121 0.087709 0.087821 0.088284 0.089631 0.091228 0.092128 0.093639 0.096768 0.099650 0.100202 0.103075 0.105061 0.106384 0.108798 0.111992 0.115434 0.120553 0.124544 0.128962 0.137045 0.143879 0.151208 0.159809 0.170225 0.182796 0.203107 0.222705 0.232966 0.251750 0.262972 0.259166 0.258105 0.262941 0.276276 0.293979 0.312390 0.325874 0.339330 0.348013 0.352808 0.355898 0.359169 0.362616 0.366952 0.369318 0.369926 0.370000 0.370000 0.370000 0.370000 0.370000
-9999.0 -9999.0 -9999.0 -9999.0 -9999.0 -9999.0 -9999.0 -9999.0 0.085385 0.086018 0.086652 0.086313 0.085799 0.085485 0.086728 0.088416 0.090279 0.092441 0.094706 0.097497 0.100242 0.103476 0.107593 0.110344 0.113316 0.117441 0.121483 0.127486 0.135383 0.141578 0.150446 0.161339 0.172027 0.182384 0.193571 0.205410 0.226459 0.252568 0.277123 0.295224 0.313287 0.327761 0.327645 0.329027 0.331101 0.343154 0.354035 0.361893 0.366699 0.368971 0.369804 0.369958 0.369993 0.370000 0.370000 0.370000 0.370000 0.370000 0.370000 0.370000 0.370000 0.370000 0.370000
-9999.0 -9999.0 -9999.0 -9999.0 -9999.0 -9999.0 0.083157 0.085286 0.086728 0.085912 0.085175 0.084857 0.084538 0.086180 0.088408 0.090362 0.092503 0.094959 0.097506 0.100183 0.107645 0.111362 0.115289 0.121272 0.125602 0.130290 0.136808 0.146953 0.158332 0.177295 0.197220 0.216460 0.235850 0.250249 0.263556 0.277541 0.300008 0.323051 0.340918 0.352104 0.359651 0.365000 0.366535 0.367302 0.368084 0.369085 0.369845 0.369999 0.370000 0.370000 0.370000 0.370000 0.370000 0.370000 0.370000 0.370000 0.370000 0.370000 0.370000 0.370000 0.370000 0.370000 0.370000
-9999.0 -9999.0 -9999.0 -9999.0 0.080664 0.082171 0.083861 0.086802 0.089322 0.088622 0.089494 0.089552 0.089391 0.089577 0.090160 0.092453 0.094920 0.097668 0.101053 0.109513 0.120798 0.126205 0.136468 0.150645 0.157231 0.164606 0.172725 0.186540 0.206872 0.232900 0.269920 0.299212 0.315831 0.328441 0.337929 0.347100 0.356736 0.364300 0.368336 0.369731 0.369992 0.370000 0.370000 0.370000 0.370000 0.370000 0.370000 0.370000 0.370000 0.370000 0.370000 0.370000 0.370000 0.370000 0.370000 0.370000 0.370000 0.370000 0.370000 0.370000 0.370000 0.370000 0.370000
-9999.0 -9999.0 -9999.0 0.077931 0.080171 0.082804 0.085223 0.088449 0.092399 0.093371 0.094516 0.095580 0.096734 0.098226 0.100085 0.103125 0.105823 0.108283 0.113324 0.124269 0.137802 0.153835 0.171051 0.190406 0.206064 0.216555 0.227752 0.245648 0.275812 0.304247 0.333879 0.354474 0.363359 0.366887 0.368437 0.369470 0.369901 0.370000 0.370000 0.370000 0.370000 0.370000 0.370000 0.370000 0.370000 0.370000 0.370000 0.370000 0.370000 0.370000 0.370000 0.370000 0.370000 0.370000 0.370000 0.370000 0.370000 0.370000 0.370000 0.370000 0.370000 0.370000 0.370000
-9999.0 -9999.0 0.075807 0.077444 0.079416 0.083143 0.088226 0.092363 0.098816 0.103818 0.105331 0.109819 0.114310 0.116712 0.121986 0.127816 0.131898 0.132363 0.136365 0.153038 0.184192 0.218638 0.244895 0.288384 0.310302 0.322410 0.328303 0.339451 0.351302 0.362851 0.368578 0.369939 0.370000 0.370000 0.370000 0.370000 0.370000 0.370000 0.370000 0.370000 0.370000 0.370000 0.370000 0.370000 0.370000 0.370000 0.370000 0.370000 0.370000 0.370000 0.370000 0.370000 0.370000 0.370000 0.370000 0.370000 0.370000 0.370000 0.370000 0.370000 0.370000 0.370000 0.370000
-9999.0 -9999.0 0.074889 0.076638 0.078895 0.084076 0.092318 0.098247 0.106983 0.118616 0.124696 0.133052 0.141705 0.151073 0.163092 0.176999 0.177738 0.178201 0.176727 0.212649 0.256769 0.305108 0.345614 0.362553 0.367367 0.367952 0.368302 0.369157 0.369841 0.370000 0.370000 0.370000 0.370000 0.370000 0.370000 0.370000 0.370000 0.370000 0.370000 0.370000 0.370000 0.370000 0.370000 0.370000 0.370000 0.370000 0.370000 0.370000 0.370000 0.370000 0.370000 0.370000 0.370000 0.370000 0.370000 0.370000 0.370000 0.370000 0.370000 0.370000 0.370000 0.370000 0.370000
-9999.0 0.072440 0.073796 0.075696 0.079217 0.084450 0.095029 0.111755 0.126176 0.142042 0.155123 0.166344 0.203898 0.241499 0.261168 0.283405 0.279569 0.275593 0.267467 0.297021 0.331446 0.363690 0.369998 0.370000 0.370000 0.370000 0.370000 0.370000 0.370000 0.370000 0.370000 0.370000 0.370000 0.370000 0.370000 0.370000 0.370000 0.370000 0.370000 0.370000 0.370000 0.370000 0.370000 0.370000 0.370000 0.370000 0.370000 0.370000 0.370000 0.370000 0.370000 0.370000 0.370000 0.370000 0.370000 0.370000 0.370000 0.370000 0.370000 0.370000 0.370000 0.370000 0.370000
-9999.0 0.071737 0.073118 0.075476 0.078963 0.085113 0.101435 0.138258 0.158993 0.177420 0.196891 0.234471 0.301117 0.339596 0.354359 0.363502 0.363073 0.360601 0.360249 0.365889 0.369613 0.370000 0.370000 0.370000 0.370000 0.370000 0.370000 0.370000 0.370000 0.370000 0.370000 0.370000 0.370000 0.370000 0.370000 0.370000 0.370000 0.370000 0.370000 0.370000 0.370000 0.370000 0.370000 0.370000 0.370000 0.370000 0.370000 0.370000 0.370000 0.370000 0.370000 0.370000 0.370000 0.370000 0.370000 0.370000 0.370000 0.370000 0.370000 0.370000 0.370000 0.370000 0.370000
-9999.0 0.071342 0.072763 0.074730 0.078136 0.088672 0.109728 0.157144 0.212301 0.238537 0.278336 0.335900 0.365444 0.369969 0.370000 0.370000 0.370000 0.370000 0.370000 0.370000 0.370000 0.370000 0.370000 0.370000 0.370000 0.370000 0.370000 0.370000 0.370000 0.370000 0.370000 0.370000 0.370000 0.370000 0.370000 0.370000 0.370000 0.370000 0.370000 0.370000 0.370000 0.370000 0.370000 0.370000 0.370000 0.370000 0.370000 0.370000 0.370000 0.370000 0.370000 0.370000 0.370000 0.370000 0.370000 0.370000 0.370000 0.370000 0.370000 0.370000 0.370000 0.370000 0.370000
-9999.0 0.070164 0.071359 0.072722 0.078022 0.092324 0.118022 0.192849 0.289807 0.320467 0.358431 0.369768 0.370000 0.370000 0.370000 0.370000 0.370000 0.370000 0.370000 0.370000 0.370000 0.370000 0.370000 0.370000 0.370000 0.370000 0.370000 0.370000 0.370000 0.370000 0.370000 0.370000 0.370000 0.370000 0.370000 0.370000 0.370000 0.370000 0.370000 0.370000 0.370000 0.370000 0.370000 0.370000 0.370000 0.370000 0.370000 0.370000 0.370000 0.370000 0.370000 0.370000 0.370000 0.370000 0.370000 0.370000 0.370000 0.370000 0.370000 0.370000 0.370000 0.370000 0.370000
-9999.0 0.069350 0.070156 0.071918 0.076915 0.089635 0.121567 0.213566 0.338164 0.364469 0.369942 0.370000 0.370000 0.370000 0.370000 0.370000 0.370000 0.370000 0.370000 0.370000 0.370000 0.370000 0.370000 0.370000 0.370000 0.370000 0.370000 0.370000 0.370000 0.370000 0.370000 0.370000 0.370000 0.370000 0.370000 0.370000 0.370000 0.370000 0.370000 0.370000 0.370000 0.370000 0.370000 0.370000 0.370000 0.370000 0.370000 0.370000 0.370000 0.370000 0.370000 0.370000 0.370000 0.370000 0.370000 0.370000 0.370000 0.370000 0.370000 0.370000 0.370000 0.370000 0.370000
-9999.0 0.068770 0.069626 0.070960 0.074217 0.081130 0.097110 0.148727 0.256960 0.361760 0.370000 0.370000 0.370000 0.370000 0.370000 0.370000 0.370000 0.370000 0.370000 0.370000 0.370000 0.370000 0.370000 0.370000 0.370000 0.370000 0.370000 0.370000 0.370000 0.370000 0.370000 0.370000 0.370000 0.370000 0.370000 0.370000 0.370000 0.370000 0.370000 0.370000 0.370000 0.370000 0.370000 0.370000 0.370000 0.370000 0.370000 0.370000 0.370000 0.370000 0.370000 0.370000 0.370000 0.370000 0.370000 0.370000 0.370000 0.370000 0.369968 0.369480 0.366862 0.362300 0.360086
-9999.0 -9999.0 0.069069 0.070123 0.072025 0.075958 0.084353 0.109274 0.172241 0.308012 0.359353 0.369579 0.370000 0.370000 0.370000 0.370000 0.370000 0.370000 0.370000 0.370000 0.370000 0.370000 0.370000 0.370000 0.370000 0.370000 0.370000 0.370000 0.370000 0.370000 0.370000 0.370000 0.370000 0.370000 0.370000 0.370000 0.370000 0.370000 0.370000 0.370000 0.370000 0.370000 0.370000 0.370000 0.370000 0.370000 0.370000 0.370000 0.370000 0.370000 0.370000 0.369997 0.369986 0.369941 0.369822 0.369532 0.368462 0.365996 0.361817 0.352057 0.335401 0.312240 0.289890
-9999.0 -9999.0 0.068572 0.069317 0.070693 0.073263 0.077442 0.086164 0.114480 0.164428 0.230089 0.294259 0.335814 0.357353 0.366296 0.369677 0.369973 0.369995 0.369997 0.370000 0.370000 0.370000 0.370000 0.370000 0.370000 0.370000 0.370000 0.370000 0.370000 0.370000 0.370000 0.370000 0.369991 0.369971 0.369983 0.369995 0.369990 0.369959 0.369836 0.369506 0.369019 0.368338 0.368027 0.367895 0.367847 0.367615 0.367217 0.366002 0.363923 0.361845 0.359983 0.358312 0.357300 0.355056 0.351941 0.349399 0.342094 0.330688 0.315906 0.293888 0.264257 0.239582 0.215972
-9999.0 -9999.0 -9999.0 0.068779 0.069544 0.070630 0.072413 0.074809 0.080231 0.091424 0.109846 0.140504 0.172017 0.204519 0.240765 0.279644 0.302483 0.312263 0.318292 0.341518 0.351665 0.361194 0.365913 0.367382 0.368455 0.369144 0.369285 0.368907 0.368295 0.366873 0.363540 0.358085 0.354094 0.354104 0.354186 0.355065 0.353393 0.351535 0.347205 0.341690 0.335422 0.330299 0.328029 0.325651 0.324090 0.322012 0.319868 0.315699 0.310173 0.304353 0.299484 0.297507 0.295363 0.292046 0.287317 0.282323 0.274144 0.254316 0.234747 0.214330 0.192068 0.172092 0.155319
-9999.0 -9999.0 -9999.0 -9999.0 -9999.0 0.069101 0.070017 0.071293 0.073020 0.075463 0.079755 0.088022 0.094557 0.103229 0.115939 0.129611 0.143429 0.160671 0.186294 0.214387 0.247110 0.272888 0.297937 0.316588 0.324835 0.332147 0.334853 0.330105 0.324846 0.316184 0.300685 0.284951 0.281322 0.281569 0.281835 0.280552 0.276706 0.272749 0.267363 0.257075 0.247803 0.243631 0.240578 0.237535 0.234390 0.231720 0.229199 0.226685 0.220302 0.215103 0.215493 0.213751 0.212015 0.210316 0.205878 0.201066 0.195339 0.179216 0.166220 0.157768 0.142528 0.130844 0.123641
-9999.0 -9999.0 -9999.0 -9999.0 -9999.0 -9999.0 0.068789 0.069458 0.070263 0.071412 0.073250 0.075652 0.077075 0.079731 0.083439 0.088590 0.095892 0.103250 0.112807 0.125355 0.141728 0.158358 0.178582 0.201186 0.211125 0.219409 0.227699 0.221068 0.214381 0.207791 0.193018 0.189884 0.186035 0.186079 0.185892 0.185756 0.182482 0.178983 0.175700 0.169255 0.166194 0.162974 0.160752 0.158660 0.156562 0.154829 0.153560 0.152340 0.149371 0.149822 0.150060 0.149211 0.148178 0.147110 0.144351 0.140686 0.137235 0.130658 0.125504 0.120744 0.113256 0.108329 0.103880
