tests/Borden05m/data_simulated/sim_1/output-maps/thetaliqL0001N0014.asc
ncols         160
nrows         34
xllcorner     620200.000000
yllcorner     5168000.000000
cellsize      0.500000
NODATA_value  -9999.0
[rows 0 to 27 of 34, columns 63 to 125 of 160]
-9999.0 -9999.0 -9999.0 -9999.0 -9999.0 -9999.0 -9999.0 -9999.0 -9999.0 -9999.0 -9999.0 -9999.0 -9999.0 -9999.0 -9999.0 -9999.0 -9999.0 -9999.0 -9999.0 -9999.0 -9999.0 -9999.0 -9999.0 -9999.0 -9999.0 -9999.0 -9999.0 -9999.0 -9999.0 -9999.0 -9999.0 -9999.0 -9999.0 -9999.0 -9999.0 -9999.0 -9999.0 -9999.0 -9999.0 -9999.0 -9999.0 -9999.0 -9999.0 -9999.0 -9999.0 -9999.0 -9999.0 -9999.0 -9999.0 -9999.0 -9999.0 -9999.0 -9999.0 -9999.0 -9999.0 -9999.0 -9999.0 -9999.0 -9999.0 -9999.0 -9999.0 -9999.0 -9999.0
0.192391 0.191604 0.190667 0.190535 0.190653 0.190483 0.190097 0.190591 0.191226 0.191768 0.192545 0.192377 0.192463 0.192765 0.192847 0.192712 0.192353 0.192128 0.191858 0.192259 0.191175 0.189779 0.188719 0.188510 0.189429 0.189968 0.189853 0.190354 0.191458 0.192399 0.192693 0.193838 0.193627 0.194083 0.194860 0.194243 0.194108 0.194217 0.194471 0.192842 -9999.0 -9999.0 -9999.0 -9999.0 -9999.0 -9999.0 -9999.0 -9999.0 -9999.0 -9999.0 -9999.0 -9999.0 -9999.0 -9999.0 -9999.0 -9999.0 -9999.0 -9999.0 -9999.0 -9999.0 -9999.0 -9999.0 -9999.0
0.190139 0.189036 0.188777 0.187963 0.187615 0.187522 0.187191 0.187439 0.188780 0.189737 0.190002 0.189783 0.189668 0.189369 0.189158 0.189228 0.188895 0.188593 0.188270 0.188374 0.189238 0.188227 0.187731 0.187240 0.186713 0.186906 0.187064 0.187118 0.188378 0.188853 0.189176 0.190898 0.192523 0.192941 0.192266 0.191542 0.191745 0.191707 0.191058 0.190433 0.190456 0.190161 0.190045 0.189443 0.190375 0.190344 0.191391 0.192270 0.193303 0.194877 -9999.0 -9999.0 -9999.0 -9999.0 -9999.0 -9999.0 -9999.0 -9999.0 -9999.0 -9999.0 -9999.0 -9999.0 -9999.0
0.188534 0.188165 0.187375 0.186184 0.187516 0.187326 0.187196 0.187431 0.187874 0.188035 0.188240 0.188545 0.189758 0.189653 0.189542 0.189607 0.189398 0.189010 0.189051 0.188845 0.187829 0.187999 0.188252 0.188032 0.189037 0.189088 0.189663 0.187881 0.188159 0.188568 0.188852 0.189052 0.189297 0.189660 0.188882 0.189442 0.188841 0.187497 0.187194 0.187336 0.188465 0.189051 0.188379 0.185980 0.187241 0.189935 0.189708 0.189261 0.190574 0.191871 0.193747 0.193475 0.193310 0.193519 0.193888 0.192310 0.191337 0.190654 0.188463 -9999.0 -9999.0 -9999.0 -9999.0
0.188484 0.187617 0.186579 0.188742 0.189624 0.189125 0.189369 0.189999 0.190018 0.187302 0.186602 0.187630 0.188714 0.189170 0.188670 0.188431 0.187975 0.187986 0.188277 0.187993 0.188417 0.188779 0.188317 0.189005 0.189788 0.190550 0.188832 0.187304 0.187389 0.188647 0.189560 0.190016 0.191349 0.193479 0.193113 0.192632 0.192417 0.192195 0.189744 0.187550 0.186702 0.186341 0.185716 0.186225 0.185772 0.187887 0.187711 0.187359 0.188379 0.189160 0.190169 0.190891 0.190763 0.191035 0.191394 0.190974 0.189883 0.189338 0.189016 0.188077 0.186201 0.182717 0.182971
0.186263 0.186301 0.188205 0.189234 0.191040 0.190349 0.190397 0.190326 0.188479 0.187107 0.186174 0.188935 0.191170 0.191896 0.191274 0.190759 0.192813 0.192198 0.191931 0.190710 0.191145 0.190965 0.193138 0.193968 0.195122 0.194666 0.192506 0.190719 0.190620 0.190793 0.190553 0.191040 0.192384 0.194115 0.192836 0.192284 0.192411 0.188700 0.185898 0.184974 0.186954 0.188102 0.187906 0.188104 0.188206 0.186769 0.187113 0.187271 0.186591 0.188224 0.189870 0.190041 0.188609 0.188138 0.188814 0.188685 0.188821 0.188200 0.187510 0.187040 0.183772 0.184839 0.183106
0.190290 0.191017 0.192045 0.194035 0.197979 0.197154 0.197403 0.198749 0.196562 0.194555 0.191568 0.194869 0.195625 0.196736 0.196574 0.199232 0.201647 0.200150 0.198128 0.195767 0.197192 0.200368 0.203403 0.204116 0.204466 0.205046 0.202854 0.202280 0.201804 0.201999 0.200540 0.200582 0.202864 0.206879 0.207340 0.205340 0.201545 0.196027 0.191242 0.188742 0.191629 0.190774 0.190390 0.190873 0.189076 0.188050 0.189577 0.188224 0.187189 0.189424 0.189638 0.189304 0.187470 0.189707 0.189334 0.187552 0.186397 0.185818 0.185388 0.184564 0.185363 0.184871 0.183410
0.192257 0.192967 0.195841 0.200075 0.205231 0.208352 0.211266 0.214533 0.212015 0.209316 0.206295 0.206800 0.210362 0.214078 0.218714 0.224195 0.230437 0.228868 0.225712 0.225456 0.226813 0.233557 0.240388 0.243440 0.245527 0.249580 0.246892 0.242015 0.236697 0.231689 0.227519 0.224349 0.229895 0.236295 0.235039 0.223488 0.214739 0.206396 0.199392 0.192620 0.192678 0.193841 0.194905 0.192526 0.191411 0.189315 0.188879 0.189097 0.186861 0.188067 0.188328 0.189880 0.192260 0.192842 0.190789 0.189699 0.188478 0.187188 0.186178 0.187024 0.187361 0.186383 0.185386
0.218442 0.219907 0.224598 0.239333 0.266912 0.293261 0.309440 0.311966 0.307386 0.300639 0.288434 0.281145 0.291835 0.302360 0.310142 0.315081 0.319135 0.321974 0.321782 0.321823 0.322603 0.323523 0.325357 0.327607 0.329893 0.332459 0.333359 0.330330 0.327149 0.323610 0.320267 0.319368 0.318283 0.320205 0.319948 0.312780 0.298553 0.271915 0.243422 0.226741 0.216367 0.216174 0.211745 0.208270 0.204497 0.197020 0.195026 0.193932 0.188430 0.187883 0.189684 0.192068 0.193841 0.190713 0.189391 0.188212 0.186913 0.185246 0.186030 0.187058 0.187415 0.187114 0.187115
0.308564 0.311461 0.314091 0.325381 0.338282 0.348827 0.355477 0.357550 0.355667 0.353297 0.350263 0.347345 0.347408 0.351059 0.354895 0.358021 0.359771 0.360349 0.360068 0.360084 0.360246 0.360710 0.360981 0.361574 0.362469 0.363795 0.365182 0.364944 0.363119 0.361258 0.358567 0.357106 0.356256 0.354891 0.354689 0.354618 0.348680 0.340427 0.329134 0.317001 0.307366 0.291025 0.271186 0.253922 0.230505 0.214951 0.204618 0.197996 0.192182 0.191109 0.197609 0.203950 0.200603 0.199377 0.197441 0.194314 0.191853 0.188724 0.189210 0.189747 0.189422 0.189021 0.188523
0.354978 0.356335 0.358041 0.361053 0.365244 0.367908 0.369145 0.369323 0.369180 0.368916 0.368493 0.368143 0.367983 0.368196 0.368523 0.368922 0.369224 0.369432 0.369464 0.369446 0.369455 0.369462 0.369506 0.369491 0.369572 0.369669 0.369764 0.369770 0.369703 0.369489 0.369178 0.368860 0.368361 0.367955 0.367835 0.367828 0.367788 0.366532 0.363426 0.356474 0.349117 0.341734 0.336457 0.330596 0.325314 0.311542 0.300903 0.274036 0.243892 0.225477 0.235505 0.227186 0.221590 0.215552 0.208889 0.204022 0.199897 0.195748 0.195274 0.195352 0.194609 0.194406 0.193627
0.368859 0.369063 0.369354 0.369582 0.369787 0.369937 0.369999 0.370000 0.370000 0.369999 0.369984 0.369997 0.369982 0.369997 0.369998 0.369989 0.370000 0.369998 0.370000 0.369999 0.370000 0.369999 0.370000 0.369999 0.370000 0.369999 0.370000 0.369999 0.370000 0.369998 0.369999 0.369995 0.369946 0.369916 0.369894 0.369887 0.369873 0.369818 0.369577 0.368740 0.366943 0.364614 0.362221 0.360098 0.358435 0.356991 0.353856 0.346713 0.333654 0.320408 0.313997 0.309114 0.298476 0.273151 0.247468 0.233390 0.218273 0.207391 0.202204 0.201374 0.200533 0.199450 0.197860
0.369999 0.370000 0.370000 0.370000 0.370000 0.370000 0.370000 0.370000 0.370000 0.370000 0.370000 0.370000 0.370000 0.370000 0.370000 0.370000 0.370000 0.370000 0.370000 0.370000 0.370000 0.370000 0.370000 0.370000 0.370000 0.370000 0.370000 0.370000 0.370000 0.370000 0.370000 0.370000 0.370000 0.370000 0.370000 0.370000 0.370000 0.370000 0.370000 0.369971 0.369849 0.369521 0.369132 0.368869 0.368668 0.368479 0.367858 0.366575 0.364176 0.359365 0.351217 0.347887 0.342747 0.333710 0.325697 0.320041 0.305654 0.275605 0.246874 0.236073 0.223730 0.215107 0.210507
0.370000 0.370000 0.370000 0.370000 0.370000 0.370000 0.370000 0.370000 0.370000 0.370000 0.370000 0.370000 0.370000 0.370000 0.370000 0.370000 0.370000 0.370000 0.370000 0.370000 0.370000 0.370000 0.370000 0.370000 0.370000 0.370000 0.370000 0.370000 0.370000 0.370000 0.370000 0.370000 0.370000 0.370000 0.370000 0.370000 0.370000 0.370000 0.370000 0.370000 0.370000 0.369999 0.369975 0.369950 0.369948 0.369937 0.369910 0.369769 0.369419 0.368508 0.366497 0.364606 0.363023 0.361698 0.360122 0.357656 0.349786 0.338029 0.326108 0.317453 0.304132 0.280704 0.255603
0.370000 0.370000 0.370000 0.370000 0.370000 0.370000 0.370000 0.370000 0.370000 0.370000 0.370000 0.370000 0.370000 0.370000 0.370000 0.370000 0.370000 0.370000 0.370000 0.370000 0.370000 0.370000 0.370000 0.370000 0.370000 0.370000 0.370000 0.370000 0.370000 0.370000 0.370000 0.370000 0.370000 0.370000 0.370000 0.370000 0.370000 0.370000 0.370000 0.370000 0.370000 0.370000 0.370000 0.370000 0.370000 0.370000 0.370000 0.369996 0.369976 0.369903 0.369681 0.369205 0.368931 0.368729 0.368431 0.367995 0.365882 0.362094 0.356388 0.350334 0.343091 0.334207 0.324569
0.370000 0.370000 0.370000 0.370000 0.370000 0.370000 0.370000 0.370000 0.370000 0.370000 0.370000 0.370000 0.370000 0.369997 0.369991 0.369986 0.369985 0.369989 0.369992 0.369996 0.369998 0.370000 0.369996 0.369990 0.369983 0.369983 0.369985 0.369990 0.369994 0.369996 0.369995 0.369995 0.369994 0.369993 0.369993 0.369997 0.370000 0.370000 0.370000 0.370000 0.370000 0.370000 0.370000 0.370000 0.370000 0.370000 0.370000 0.370000 0.370000 0.370000 0.369995 0.369967 0.369945 0.369929 0.369900 0.369852 0.369589 0.368818 0.367228 0.364739 0.361370 0.357364 0.352331
0.370000 0.370000 0.370000 0.370000 0.370000 0.369997 0.369994 0.369994 0.369994 0.369994 0.369991 0.369980 0.369949 0.369882 0.369776 0.369731 0.369685 0.369662 0.369765 0.369870 0.369903 0.369869 0.369792 0.369653 0.369545 0.369503 0.369525 0.369641 0.369797 0.369887 0.369888 0.369848 0.369799 0.369772 0.369770 0.369849 0.369948 0.369982 0.369993 0.369997 0.370000 0.370000 0.370000 0.370000 0.370000 0.370000 0.370000 0.370000 0.370000 0.370000 0.370000 0.370000 0.370000 0.370000 0.370000 0.369995 0.369975 0.369883 0.369644 0.369096 0.368290 0.367263 0.365352
0.369994 0.369991 0.369987 0.369977 0.369955 0.369905 0.369825 0.369796 0.369778 0.369790 0.369687 0.369534 0.369135 0.368635 0.367954 0.367505 0.367164 0.366829 0.367376 0.368247 0.368641 0.368027 0.367457 0.366499 0.365917 0.365610 0.365677 0.366412 0.367843 0.368614 0.368800 0.368516 0.368226 0.368093 0.368109 0.368401 0.369021 0.369485 0.369743 0.369861 0.369924 0.369952 0.369973 0.369989 0.369997 0.370000 0.370000 0.370000 0.370000 0.370000 0.370000 0.370000 0.370000 0.370000 0.370000 0.370000 0.370000 0.369998 0.369982 0.369906 0.369776 0.369556 0.369219
0.369862 0.369822 0.369748 0.369123 0.368660 0.367907 0.367046 0.366691 0.366150 0.365894 0.364992 0.364166 0.362653 0.360302 0.357398 0.354505 0.353600 0.352770 0.352039 0.354609 0.355640 0.354883 0.353173 0.351212 0.350079 0.349375 0.350333 0.353380 0.356039 0.358264 0.359120 0.358034 0.358920 0.359901 0.359929 0.362266 0.364117 0.365928 0.367471 0.368540 0.368963 0.369222 0.369454 0.369682 0.369842 0.369938 0.369982 0.369997 0.370000 0.370000 0.370000 0.370000 0.370000 0.370000 0.370000 0.370000 0.370000 0.370000 0.370000 0.369998 0.369991 0.369973 0.369928
0.369027 0.368850 0.367528 0.364139 0.360034 0.356925 0.352662 0.350448 0.348167 0.341683 0.337021 0.333912 0.334224 0.329932 0.323795 0.318740 0.316660 0.315372 0.312084 0.311077 0.312377 0.315448 0.312578 0.310792 0.311472 0.310478 0.309983 0.313515 0.318502 0.321243 0.324032 0.326651 0.328276 0.330753 0.339201 0.343983 0.348084 0.353022 0.357574 0.361377 0.363803 0.365110 0.366329 0.367599 0.368433 0.369144 0.369605 0.369867 0.369952 0.369979 0.369990 0.369997 0.370000 0.370000 0.370000 0.370000 0.370000 0.370000 0.370000 0.370000 0.370000 0.370000 0.369999
0.362635 0.361065 0.353647 0.342980 0.331842 0.323898 0.315395 0.309724 0.297026 0.271307 0.254780 0.254544 0.258365 0.253703 0.242693 0.234628 0.229698 0.225181 0.219546 0.216470 0.219395 0.222560 0.222248 0.221939 0.222992 0.222795 0.222494 0.222976 0.228986 0.233451 0.238575 0.243187 0.247502 0.267668 0.290766 0.305161 0.315285 0.323389 0.332506 0.341317 0.347397 0.351183 0.355307 0.359034 0.362239 0.364823 0.367011 0.368558 0.369261 0.369545 0.369724 0.369853 0.369950 0.369987 0.369998 0.370000 0.370000 0.370000 0.370000 0.370000 0.370000 0.370000 0.370000
0.338618 0.328519 0.313963 0.293886 0.264162 0.243773 0.230699 0.221172 0.212470 0.205798 0.202020 0.204332 0.205569 0.207661 0.204237 0.201585 0.200955 0.198644 0.196639 0.194037 0.196132 0.197062 0.199546 0.199268 0.199317 0.200445 0.199873 0.199707 0.198171 0.200010 0.201077 0.202383 0.207316 0.212608 0.219024 0.226039 0.236043 0.251753 0.276405 0.301375 0.315694 0.323816 0.331653 0.339733 0.345973 0.351181 0.356371 0.361206 0.364304 0.366084 0.367484 0.368349 0.369180 0.369684 0.369895 0.369983 0.369997 0.370000 0.370000 0.370000 0.370000 0.370000 0.370000
0.258337 0.238453 0.219948 0.211209 0.206809 0.202687 0.199816 0.197693 0.194371 0.192147 0.188866 0.190149 0.191901 0.194493 0.192311 0.191983 0.192433 0.191187 0.189898 0.187803 0.188132 0.189803 0.191840 0.191714 0.192114 0.193308 0.193339 0.192399 0.190494 0.190956 0.192164 0.193348 0.195801 0.198176 0.200634 0.202900 0.206327 0.210793 0.216427 0.225450 0.239393 0.254231 0.279453 0.304448 0.316705 0.322736 0.329654 0.339656 0.346066 0.351758 0.356574 0.359753 0.363941 0.366981 0.368875 0.369670 0.369915 0.369970 0.369989 0.369997 0.370000 0.370000 0.370000
0.200604 0.196217 0.194575 0.193099 0.191513 0.190233 0.188891 0.187694 0.186732 0.185215 0.182162 0.183424 0.185177 0.187216 0.187267 0.187052 0.187232 0.186763 0.185381 0.182924 0.183943 0.185418 0.186771 0.187177 0.187427 0.188288 0.187670 0.186407 0.184592 0.185348 0.186719 0.187475 0.188461 0.189949 0.191567 0.193212 0.195197 0.197304 0.200288 0.203899 0.208385 0.213822 0.220917 0.231876 0.240645 0.252187 0.266866 0.289843 0.307463 0.317689 0.327142 0.336646 0.346868 0.356630 0.363224 0.366925 0.368785 0.369441 0.369725 0.369871 0.369965 0.369993 0.370000
0.191842 0.189599 0.188280 0.187267 0.187832 0.187385 0.185980 0.186080 0.185361 0.182911 0.183784 0.184492 0.186505 0.186136 0.186024 0.185546 0.185877 0.185557 0.183173 0.184360 0.184874 0.186263 0.186500 0.186785 0.187006 0.187261 0.186970 0.185255 0.185603 0.186050 0.187330 0.187350 0.187866 0.189368 0.189809 0.190742 0.192103 0.193593 0.195435 0.197766 0.201152 0.204805 0.208503 0.209808 0.212582 0.215099 0.213432 0.219243 0.226551 0.236568 0.254995 0.282546 0.308534 0.326251 0.342911 0.354822 0.361921 0.366202 0.367761 0.368821 0.369462 0.369792 0.369934
0.186242 0.184672 0.183080 0.183984 0.184158 0.184109 0.183828 0.183377 0.182314 0.183574 0.183736 0.183642 0.183526 0.183519 0.183678 0.183437 0.183300 0.183366 0.184312 0.184443 0.184129 0.184500 0.184779 0.185090 0.184703 0.184798 0.184823 0.185169 0.185121 0.184855 0.185463 0.185641 0.185827 0.186434 0.186856 0.187407 0.188473 0.189315 0.190420 0.192417 0.194959 0.196790 0.197054 0.198494 0.199170 0.198016 0.197035 0.199017 0.201164 0.203177 0.207984 0.213799 0.223303 0.254805 0.302296 0.324801 0.340022 0.351380 0.358293 0.362840 0.365750 0.367994 0.369058
0.184646 0.183299 0.183056 0.183763 0.183854 0.183856 0.183058 0.182296 0.183063 0.183357 0.183306 0.182997 0.183332 0.183466 0.183894 0.183476 0.183268 0.183383 0.183487 0.183421 0.183729 0.183953 0.184134 0.185157 0.184597 0.184553 0.184910 0.184755 0.184641 0.184365 0.185056 0.185301 0.185375 0.185981 0.186342 0.186746 0.187338 0.188343 0.190307 0.191866 0.193971 0.196037 0.196408 0.196737 0.196230 0.195739 0.193514 0.193494 0.195819 0.195390 0.197271 0.200640 0.201278 0.210232 0.227358 0.250662 0.290764 0.315183 0.334778 0.344964 0.353760 0.360369 0.364701
0.182893 0.183011 0.182386 0.182578 0.182523 0.182117 0.181608 0.182194 0.182151 0.182092 0.182133 0.181957 0.182272 0.182515 0.182766 0.182618 0.182588 0.182142 0.182127 0.182577 0.182626 0.182904 0.183499 0.184304 0.183772 0.183671 0.183684 0.183493 0.183517 0.183223 0.183792 0.184227 0.184357 0.185093 0.185418 0.185062 0.185916 0.187391 0.188909 0.189971 0.191685 0.194466 0.193611 0.193515 0.193866 0.192055 0.189899 0.189847 0.190550 0.190011 0.191507 0.192477 0.192489 0.196582 0.200428 0.205639 0.215169 0.237990 0.282754 0.310628 0.326402 0.339724 0.349176
