tests/Borden05m/data_simulated/sim_1/output-maps/thetaliqL0002N0012.asc
ncols         160
nrows         34
xllcorner     620200.000000
yllcorner     5168000.000000
cellsize      0.500000
NODATA_value  -9999.0
[rows 0 to 27 of 34, columns 63 to 125 of 160]
-9999.0 -9999.0 -9999.0 -9999.0 -9999.0 -9999.0 -9999.0 -9999.0 -9999.0 -9999.0 -9999.0 -9999.0 -9999.0 -9999.0 -9999.0 -9999.0 -9999.0 -9999.0 -9999.0 -9999.0 -9999.0 -9999.0 -9999.0 -9999.0 -9999.0 -9999.0 -9999.0 -9999.0 -9999.0 -9999.0 -9999.0 -9999.0 -9999.0 -9999.0 -9999.0 -9999.0 -9999.0 -9999.0 -9999.0 -9999.0 -9999.0 -9999.0 -9999.0 -9999.0 -9999.0 -9999.0 -9999.0 -9999.0 -9999.0 -9999.0 -9999.0 -9999.0 -9999.0 -9999.0 -9999.0 -9999.0 -9999.0 -9999.0 -9999.0 -9999.0 -9999.0 -9999.0 -9999.0
0.212600 0.211706 0.210630 0.210489 0.210634 0.210435 0.209976 0.210544 0.211271 0.211885 0.212775 0.212565 0.212655 0.213001 0.213095 0.212942 0.212532 0.212280 0.211976 0.212459 0.211210 0.209590 0.208358 0.208117 0.209200 0.209828 0.209680 0.210250 0.211517 0.212585 0.212890 0.214190 0.213915 0.214424 0.215318 0.214610 0.214470 0.214617 0.214936 0.213060 -9999.0 -9999.0 -9999.0 -9999.0 -9999.0 -9999.0 -9999.0 -9999.0 -9999.0 -9999.0 -9999.0 -9999.0 -9999.0 -9999.0 -9999.0 -9999.0 -9999.0 -9999.0 -9999.0 -9999.0 -9999.0 -9999.0 -9999.0
0.209987 0.208706 0.208418 0.207462 0.207049 0.206937 0.206540 0.206822 0.208400 0.209514 0.209811 0.209540 0.209394 0.209029 0.208777 0.208864 0.208479 0.208131 0.207759 0.207891 0.208931 0.207750 0.207171 0.206589 0.205953 0.206177 0.206361 0.206421 0.207894 0.208427 0.208775 0.210770 0.212643 0.213112 0.212320 0.211486 0.211742 0.211722 0.210990 0.210293 0.210375 0.210058 0.209937 0.209228 0.210320 0.210265 0.211465 0.212458 0.213627 0.215427 -9999.0 -9999.0 -9999.0 -9999.0 -9999.0 -9999.0 -9999.0 -9999.0 -9999.0 -9999.0 -9999.0 -9999.0 -9999.0
0.208116 0.207692 0.206760 0.205329 0.206914 0.206681 0.206521 0.206792 0.207306 0.207504 0.207738 0.208083 0.209498 0.209363 0.209229 0.209305 0.209063 0.208612 0.208669 0.208434 0.207238 0.207441 0.207738 0.207468 0.208647 0.208703 0.209390 0.207291 0.207615 0.208080 0.208389 0.208587 0.208842 0.209240 0.208322 0.209002 0.208322 0.206772 0.206458 0.206666 0.208043 0.208756 0.207974 0.205123 0.206623 0.209798 0.209509 0.208952 0.210467 0.211957 0.214135 0.213810 0.213614 0.213864 0.214313 0.212506 0.211411 0.210653 0.208097 -9999.0 -9999.0 -9999.0 -9999.0
0.208053 0.207023 0.205770 0.208307 0.209322 0.208718 0.208997 0.209739 0.209777 0.206584 0.205756 0.206952 0.208206 0.208722 0.208123 0.207835 0.207288 0.207306 0.207659 0.207333 0.207829 0.208245 0.207675 0.208465 0.209374 0.210271 0.208277 0.206490 0.206598 0.208074 0.209132 0.209639 0.211162 0.213614 0.213193 0.212661 0.212456 0.212267 0.209457 0.206917 0.205933 0.205514 0.204779 0.205409 0.204859 0.207380 0.207161 0.206734 0.207918 0.208814 0.209981 0.210817 0.210664 0.210988 0.211427 0.210967 0.209724 0.209124 0.208789 0.207732 0.205538 0.201387 0.201688
0.205342 0.205363 0.207575 0.208738 0.210800 0.209963 0.210006 0.209920 0.207776 0.206182 0.205088 0.208323 0.210912 0.211728 0.210975 0.210338 0.212706 0.212004 0.211721 0.210315 0.210811 0.210555 0.213031 0.213965 0.215287 0.214766 0.212288 0.210228 0.210129 0.210339 0.210063 0.210610 0.212130 0.214092 0.212611 0.212017 0.212251 0.208015 0.204806 0.203771 0.206149 0.207525 0.207306 0.207559 0.207704 0.206020 0.206436 0.206623 0.205808 0.207726 0.209650 0.209838 0.208145 0.207594 0.208411 0.208296 0.208495 0.207799 0.207022 0.206503 0.202622 0.203934 0.201840
0.209911 0.210725 0.211860 0.214075 0.218529 0.217510 0.217756 0.219272 0.216793 0.214522 0.211083 0.214906 0.215727 0.216945 0.216695 0.219669 0.222371 0.220704 0.218453 0.215765 0.217375 0.220901 0.224244 0.224990 0.225357 0.225983 0.223562 0.222968 0.222481 0.222742 0.221114 0.221156 0.223647 0.228053 0.228561 0.226455 0.222340 0.216210 0.210827 0.208016 0.211465 0.210482 0.210050 0.210663 0.208597 0.207436 0.209275 0.207700 0.206486 0.209125 0.209358 0.208947 0.206770 0.209421 0.209012 0.206934 0.205609 0.204965 0.204486 0.203520 0.204510 0.203938 0.202180
0.211792 0.212576 0.215813 0.220491 0.226038 0.229224 0.232274 0.235780 0.233066 0.230204 0.226974 0.227580 0.231349 0.235198 0.240021 0.245741 0.252122 0.250655 0.247536 0.247307 0.248643 0.255258 0.261680 0.264447 0.266341 0.270126 0.267689 0.263228 0.258253 0.253427 0.249284 0.246008 0.251466 0.257615 0.256406 0.244923 0.235932 0.227228 0.219687 0.212106 0.212284 0.213646 0.214932 0.212255 0.211047 0.208707 0.208280 0.208592 0.206000 0.207445 0.207726 0.209520 0.212292 0.213009 0.210649 0.209424 0.208040 0.206561 0.205394 0.206421 0.206838 0.205683 0.204492
0.239772 0.241257 0.246067 0.260322 0.285512 0.312138 0.328216 0.330500 0.326391 0.319379 0.306427 0.298734 0.309924 0.321213 0.329158 0.333202 0.336070 0.338021 0.337898 0.337927 0.338428 0.338980 0.340155 0.341606 0.343083 0.344786 0.345379 0.343371 0.341336 0.339056 0.336885 0.336349 0.335615 0.336947 0.336747 0.331423 0.318163 0.290430 0.264239 0.248385 0.237620 0.237572 0.233052 0.229469 0.225540 0.217262 0.215134 0.213993 0.207654 0.207040 0.209097 0.211826 0.213907 0.210313 0.208830 0.207523 0.206061 0.204146 0.205114 0.206357 0.206799 0.206453 0.206464
0.327458 0.330356 0.332417 0.340069 0.348817 0.356205 0.360811 0.362199 0.360894 0.359182 0.356940 0.354851 0.355066 0.357750 0.360458 0.362551 0.363678 0.364044 0.363867 0.363888 0.363975 0.364259 0.364410 0.364763 0.365322 0.366167 0.367072 0.366927 0.365764 0.364607 0.362910 0.362021 0.361512 0.360632 0.360503 0.360449 0.356339 0.350444 0.342668 0.334489 0.327014 0.309736 0.289422 0.273825 0.252169 0.236319 0.225149 0.217981 0.211522 0.210362 0.217743 0.224921 0.221203 0.219899 0.217817 0.214343 0.211602 0.208036 0.208673 0.209340 0.208986 0.208537 0.207976
0.360547 0.361450 0.362517 0.364425 0.367132 0.368814 0.369553 0.369645 0.369553 0.369390 0.369147 0.368933 0.368877 0.368982 0.369194 0.369421 0.369601 0.369708 0.369714 0.369739 0.369715 0.369731 0.369761 0.369761 0.369802 0.369856 0.369899 0.369906 0.369858 0.369771 0.369591 0.369417 0.369123 0.368881 0.368810 0.368804 0.368773 0.367992 0.366023 0.361570 0.356809 0.351677 0.347867 0.343799 0.340319 0.330647 0.320903 0.292811 0.264866 0.247092 0.256953 0.248519 0.242939 0.236991 0.230094 0.224914 0.220452 0.215867 0.215438 0.215584 0.214767 0.214579 0.213725
0.369405 0.369522 0.369677 0.369795 0.369894 0.369975 0.370000 0.370000 0.370000 0.370000 0.369999 0.369999 0.369999 0.369995 0.370000 0.369997 0.370000 0.369999 0.370000 0.370000 0.370000 0.370000 0.370000 0.370000 0.370000 0.370000 0.370000 0.370000 0.370000 0.370000 0.370000 0.369999 0.369982 0.369968 0.369959 0.369955 0.369949 0.369922 0.369798 0.369330 0.368254 0.366807 0.365308 0.363944 0.362885 0.361979 0.359826 0.354734 0.345735 0.336919 0.332598 0.328510 0.317493 0.291234 0.267602 0.254807 0.239619 0.228244 0.222763 0.221945 0.221088 0.219962 0.218239
0.370000 0.370000 0.370000 0.370000 0.370000 0.370000 0.370000 0.370000 0.370000 0.370000 0.370000 0.370000 0.370000 0.370000 0.370000 0.370000 0.370000 0.370000 0.370000 0.370000 0.370000 0.370000 0.370000 0.370000 0.370000 0.370000 0.370000 0.370000 0.370000 0.370000 0.370000 0.370000 0.370000 0.370000 0.370000 0.370000 0.370000 0.370000 0.370000 0.369991 0.369936 0.369765 0.369552 0.369405 0.369292 0.369188 0.368830 0.368071 0.366558 0.363520 0.358314 0.356186 0.352603 0.346134 0.340517 0.336676 0.325630 0.294152 0.267071 0.257256 0.245031 0.236379 0.231719
0.370000 0.370000 0.370000 0.370000 0.370000 0.370000 0.370000 0.370000 0.370000 0.370000 0.370000 0.370000 0.370000 0.370000 0.370000 0.370000 0.370000 0.370000 0.370000 0.370000 0.370000 0.370000 0.370000 0.370000 0.370000 0.370000 0.370000 0.370000 0.370000 0.370000 0.370000 0.370000 0.370000 0.370000 0.370000 0.370000 0.370000 0.370000 0.370000 0.370000 0.370000 0.370000 0.369992 0.369982 0.369982 0.369977 0.369968 0.369920 0.369742 0.369236 0.368058 0.366869 0.365844 0.364986 0.363993 0.362465 0.357367 0.349188 0.340892 0.334903 0.323867 0.298567 0.274525
0.370000 0.370000 0.370000 0.370000 0.370000 0.370000 0.370000 0.370000 0.370000 0.370000 0.370000 0.370000 0.370000 0.370000 0.370000 0.370000 0.370000 0.370000 0.370000 0.370000 0.370000 0.370000 0.370000 0.370000 0.370000 0.370000 0.370000 0.370000 0.370000 0.370000 0.370000 0.370000 0.370000 0.370000 0.370000 0.370000 0.370000 0.370000 0.370000 0.370000 0.370000 0.370000 0.370000 0.370000 0.370000 0.370000 0.370000 0.370000 0.369995 0.369967 0.369883 0.369628 0.369460 0.369336 0.369163 0.368916 0.367653 0.365311 0.361716 0.357900 0.353140 0.346809 0.339986
0.370000 0.370000 0.370000 0.370000 0.370000 0.370000 0.370000 0.370000 0.370000 0.370000 0.370000 0.370000 0.370000 0.370000 0.369998 0.369996 0.369996 0.369997 0.369999 0.370000 0.370000 0.370000 0.370000 0.369998 0.369996 0.369996 0.369996 0.369998 0.369999 0.370000 0.369999 0.369999 0.369999 0.369999 0.369999 0.370000 0.370000 0.370000 0.370000 0.370000 0.370000 0.370000 0.370000 0.370000 0.370000 0.370000 0.370000 0.370000 0.370000 0.370000 0.370000 0.369992 0.369982 0.369974 0.369962 0.369941 0.369814 0.369409 0.368507 0.367027 0.364948 0.362423 0.359245
0.370000 0.370000 0.370000 0.370000 0.370000 0.370000 0.369999 0.369999 0.369999 0.369999 0.369998 0.369994 0.369982 0.369953 0.369902 0.369881 0.369859 0.369854 0.369910 0.369960 0.369977 0.369960 0.369928 0.369859 0.369800 0.369776 0.369786 0.369846 0.369923 0.369963 0.369962 0.369943 0.369920 0.369909 0.369912 0.369951 0.369984 0.369996 0.369999 0.370000 0.370000 0.370000 0.370000 0.370000 0.370000 0.370000 0.370000 0.370000 0.370000 0.370000 0.370000 0.370000 0.370000 0.370000 0.370000 0.369999 0.369993 0.369959 0.369851 0.369580 0.369137 0.368547 0.367423
0.369999 0.369998 0.369997 0.369994 0.369986 0.369965 0.369929 0.369913 0.369903 0.369909 0.369857 0.369777 0.369558 0.369276 0.368885 0.368633 0.368449 0.368276 0.368628 0.369145 0.369373 0.369033 0.368707 0.368132 0.367766 0.367575 0.367622 0.368071 0.368902 0.369329 0.369419 0.369253 0.369082 0.369008 0.369025 0.369198 0.369528 0.369770 0.369898 0.369953 0.369974 0.369984 0.369992 0.369997 0.369999 0.370000 0.370000 0.370000 0.370000 0.370000 0.370000 0.370000 0.370000 0.370000 0.370000 0.370000 0.370000 0.370000 0.369996 0.369973 0.369916 0.369811 0.369645
0.369944 0.369927 0.369892 0.369562 0.369309 0.368883 0.368379 0.368158 0.367802 0.367613 0.367023 0.366501 0.365556 0.364096 0.362306 0.360534 0.360044 0.359584 0.359153 0.360821 0.361468 0.360970 0.359880 0.358602 0.357861 0.357411 0.358066 0.360054 0.361732 0.363102 0.363585 0.362832 0.363368 0.363993 0.364011 0.365505 0.366640 0.367735 0.368654 0.369266 0.369485 0.369617 0.369738 0.369856 0.369934 0.369978 0.369995 0.369999 0.370000 0.370000 0.370000 0.370000 0.370000 0.370000 0.370000 0.370000 0.370000 0.370000 0.370000 0.370000 0.369998 0.369993 0.369980
0.369510 0.369416 0.368655 0.366590 0.364016 0.362105 0.359432 0.357969 0.356216 0.351406 0.348003 0.345897 0.346235 0.343403 0.339341 0.336021 0.334693 0.333861 0.331503 0.330625 0.331594 0.333825 0.331706 0.330220 0.330651 0.329868 0.329704 0.332483 0.335970 0.337773 0.339604 0.341333 0.342384 0.344188 0.350266 0.353721 0.356484 0.359635 0.362525 0.364932 0.366425 0.367202 0.367928 0.368683 0.369166 0.369567 0.369815 0.369946 0.369983 0.369994 0.369998 0.369999 0.370000 0.370000 0.370000 0.370000 0.370000 0.370000 0.370000 0.370000 0.370000 0.370000 0.370000
0.365613 0.364659 0.359951 0.352821 0.344897 0.339454 0.333653 0.329240 0.316479 0.289812 0.274553 0.274542 0.278111 0.273844 0.263739 0.256160 0.251378 0.246856 0.241014 0.237762 0.240865 0.244152 0.243723 0.243307 0.244356 0.244125 0.243844 0.244481 0.250700 0.255117 0.259980 0.264154 0.267718 0.285849 0.309026 0.324471 0.333371 0.339127 0.345534 0.351853 0.356019 0.358447 0.361072 0.363431 0.365423 0.367000 0.368323 0.369237 0.369633 0.369784 0.369876 0.369939 0.369982 0.369996 0.370000 0.370000 0.370000 0.370000 0.370000 0.370000 0.370000 0.370000 0.370000
0.349376 0.342520 0.332324 0.313976 0.282965 0.264607 0.252349 0.242772 0.233694 0.226658 0.222579 0.225201 0.226550 0.228914 0.225174 0.222272 0.221627 0.219056 0.216821 0.213844 0.216241 0.217275 0.220094 0.219750 0.219783 0.221063 0.220419 0.220242 0.218456 0.220514 0.221663 0.223046 0.228419 0.233932 0.240369 0.247201 0.256811 0.270962 0.293848 0.320322 0.333505 0.339426 0.345022 0.350877 0.355111 0.358421 0.361679 0.364731 0.366673 0.367760 0.368602 0.369108 0.369582 0.369855 0.369958 0.369995 0.369999 0.370000 0.370000 0.370000 0.370000 0.370000 0.370000
0.278114 0.260121 0.241687 0.232414 0.227855 0.223444 0.220329 0.218021 0.214316 0.211837 0.208032 0.209548 0.211592 0.214603 0.212105 0.211767 0.212328 0.210914 0.209439 0.206985 0.207365 0.209314 0.211672 0.211507 0.211958 0.213338 0.213376 0.212282 0.210052 0.210570 0.211947 0.213264 0.215994 0.218594 0.221254 0.223670 0.227339 0.232031 0.237731 0.246525 0.259780 0.272892 0.296567 0.323151 0.334254 0.338644 0.343424 0.350473 0.355011 0.358744 0.361793 0.363785 0.366426 0.368291 0.369412 0.369848 0.369968 0.369990 0.369997 0.369999 0.370000 0.370000 0.370000
0.221042 0.216234 0.214511 0.212890 0.211130 0.209714 0.208200 0.206856 0.205790 0.204030 0.200425 0.201953 0.204040 0.206444 0.206524 0.206280 0.206510 0.205981 0.204349 0.201435 0.202659 0.204404 0.205986 0.206452 0.206735 0.207741 0.207007 0.205510 0.203361 0.204251 0.205855 0.206703 0.207799 0.209474 0.211280 0.213102 0.215289 0.217579 0.220822 0.224699 0.229457 0.235108 0.242155 0.252650 0.260829 0.271249 0.284547 0.307943 0.326810 0.335056 0.341642 0.348374 0.355532 0.361827 0.365991 0.368264 0.369363 0.369728 0.369876 0.369947 0.369988 0.369998 0.370000
0.211598 0.209065 0.207574 0.206441 0.207173 0.206692 0.205063 0.205232 0.204409 0.201519 0.202617 0.203461 0.205855 0.205387 0.205251 0.204684 0.205089 0.204725 0.201883 0.203340 0.203944 0.205587 0.205844 0.206168 0.206416 0.206708 0.206367 0.204328 0.204755 0.205273 0.206770 0.206756 0.207317 0.209039 0.209493 0.210514 0.212021 0.213656 0.215667 0.218203 0.221897 0.225840 0.229785 0.231063 0.233981 0.236592 0.234643 0.240505 0.247715 0.257406 0.274020 0.300692 0.327959 0.341030 0.352850 0.360641 0.365161 0.367835 0.368768 0.369386 0.369741 0.369911 0.369977
0.205298 0.203483 0.201627 0.202766 0.203000 0.202970 0.202662 0.202141 0.200895 0.202460 0.202664 0.202542 0.202382 0.202368 0.202562 0.202276 0.202113 0.202204 0.203370 0.203525 0.203135 0.203562 0.203882 0.204248 0.203768 0.203876 0.203909 0.204334 0.204272 0.203937 0.204643 0.204830 0.205017 0.205699 0.206156 0.206755 0.207953 0.208870 0.210077 0.212302 0.215132 0.217128 0.217333 0.218914 0.219639 0.218305 0.217175 0.219372 0.221722 0.223869 0.229008 0.234982 0.244426 0.273897 0.322245 0.339851 0.350731 0.358437 0.362886 0.365763 0.367558 0.368914 0.369528
0.203597 0.202030 0.201782 0.202658 0.202784 0.202801 0.201853 0.200957 0.201913 0.202276 0.202218 0.201840 0.202243 0.202403 0.202922 0.202418 0.202169 0.202309 0.202433 0.202351 0.202717 0.202975 0.203183 0.204410 0.203728 0.203667 0.204096 0.203905 0.203763 0.203418 0.204233 0.204507 0.204569 0.205263 0.205656 0.206090 0.206737 0.207860 0.210096 0.211827 0.214178 0.216484 0.216851 0.217193 0.216602 0.216053 0.213492 0.213451 0.216096 0.215535 0.217597 0.221311 0.221847 0.231423 0.248679 0.270197 0.309962 0.332911 0.347149 0.354331 0.360034 0.364233 0.366943
0.201619 0.201803 0.201068 0.201312 0.201257 0.200778 0.200183 0.200913 0.200868 0.200803 0.200855 0.200639 0.201017 0.201312 0.201614 0.201436 0.201400 0.200860 0.200841 0.201384 0.201433 0.201760 0.202470 0.203436 0.202787 0.202659 0.202671 0.202437 0.202461 0.202094 0.202768 0.203277 0.203407 0.204264 0.204621 0.204152 0.205120 0.206813 0.208537 0.209705 0.211628 0.214801 0.213763 0.213635 0.214053 0.211971 0.209484 0.209430 0.210240 0.209586 0.211274 0.212331 0.212244 0.216787 0.220930 0.226484 0.236283 0.258481 0.300917 0.329481 0.341191 0.350690 0.357097
