tests/Borden05m/data_simulated/sim_1/output-maps/thetaliqL0006N0012.asc
ncols         160
nrows         34
xllcorner     620200.000000
yllcorner     5168000.000000
cellsize      0.500000
NODATA_value  -9999.0
[rows 0 to 27 of 34, columns 0 to 62 of 160]
-9999.0 -9999.0 -9999.0 -9999.0 -9999.0 -9999.0 -9999.0 -9999.0 -9999.0 -9999.0 -9999.0 -9999.0 -9999.0 -9999.0 -9999.0 -9999.0 -9999.0 -9999.0 -9999.0 -9999.0 -9999.0 -9999.0 -9999.0 -9999.0 -9999.0 -9999.0 -9999.0 -9999.0 -9999.0 -9999.0 -9999.0 -9999.0 -9999.0 -9999.0 -9999.0 -9999.0 -9999.0 -9999.0 -9999.0 -9999.0 -9999.0 -9999.0 -9999.0 -9999.0 -9999.0 -9999.0 -9999.0 -9999.0 -9999.0 -9999.0 -9999.0 -9999.0 -9999.0 -9999.0 -9999.0 -9999.0 -9999.0 -9999.0 -9999.0 -9999.0 -9999.0 -9999.0 -9999.0
-9999.0 -9999.0 -9999.0 -9999.0 -9999.0 -9999.0 -9999.0 -9999.0 -9999.0 -9999.0 -9999.0 -9999.0 -9999.0 -9999.0 -9999.0 -9999.0 -9999.0 -9999.0 -9999.0 -9999.0 -9999.0 -9999.0 -9999.0 -9999.0 -9999.0 -9999.0 -9999.0 -9999.0 -9999.0 -9999.0 -9999.0 -9999.0 -9999.0 -9999.0 -9999.0 -9999.0 -9999.0 -9999.0 -9999.0 -9999.0 -9999.0 -9999.0 -9999.0 -9999.0 -9999.0 -9999.0 -9999.0 -9999.0 -9999.0 -9999.0 -9999.0 -9999.0 -9999.0 -9999.0 -9999.0 -9999.0 -9999.0 -9999.0 -9999.0 0.203264 0.199093 0.195037 0.191282
-9999.0 -9999.0 -9999.0 -9999.0 -9999.0 -9999.0 -9999.0 -9999.0 -9999.0 -9999.0 -9999.0 -9999.0 -9999.0 -9999.0 -9999.0 -9999.0 -9999.0 -9999.0 -9999.0 -9999.0 -9999.0 -9999.0 -9999.0 -9999.0 -9999.0 -9999.0 -9999.0 -9999.0 -9999.0 -9999.0 -9999.0 -9999.0 -9999.0 -9999.0 -9999.0 -9999.0 -9999.0 -9999.0 -9999.0 -9999.0 -9999.0 -9999.0 -9999.0 -9999.0 -9999.0 -9999.0 -9999.0 0.131722 0.125175 0.119404 0.118928 0.126549 0.135405 0.145676 0.155714 0.165882 0.177293 0.190087 0.192316 0.184900 0.181642 0.179330 0.177720
-9999.0 -9999.0 -9999.0 -9999.0 -9999.0 -9999.0 -9999.0 -9999.0 -9999.0 -9999.0 -9999.0 -9999.0 -9999.0 -9999.0 -9999.0 -9999.0 -9999.0 -9999.0 -9999.0 -9999.0 -9999.0 -9999.0 -9999.0 -9999.0 -9999.0 -9999.0 -9999.0 -9999.0 -9999.0 -9999.0 -9999.0 -9999.0 -9999.0 -9999.0 -9999.0 -9999.0 -9999.0 -9999.0 -9999.0 -9999.0 0.153115 0.156120 0.157027 0.151162 0.145512 0.140147 0.131846 0.125158 0.119789 0.118771 0.119482 0.121328 0.129395 0.138951 0.147621 0.156336 0.166810 0.178883 0.180613 0.173450 0.168076 0.165518 0.165350
-9999.0 -9999.0 -9999.0 -9999.0 -9999.0 -9999.0 -9999.0 -9999.0 -9999.0 -9999.0 -9999.0 -9999.0 -9999.0 -9999.0 -9999.0 -9999.0 -9999.0 -9999.0 -9999.0 -9999.0 -9999.0 -9999.0 -9999.0 -9999.0 -9999.0 -9999.0 -9999.0 -9999.0 -9999.0 -9999.0 -9999.0 -9999.0 -9999.0 -9999.0 0.116860 0.122366 0.128623 0.135638 0.142665 0.145544 0.148290 0.151111 0.149009 0.146487 0.141122 0.133278 0.125725 0.120742 0.119727 0.118782 0.120068 0.124346 0.130197 0.136631 0.145751 0.157045 0.161748 0.168571 0.170193 0.166918 0.167178 0.167808 0.168513
-9999.0 -9999.0 -9999.0 -9999.0 -9999.0 -9999.0 -9999.0 -9999.0 -9999.0 -9999.0 -9999.0 -9999.0 -9999.0 -9999.0 -9999.0 -9999.0 -9999.0 -9999.0 -9999.0 -9999.0 -9999.0 -9999.0 -9999.0 -9999.0 -9999.0 -9999.0 -9999.0 -9999.0 0.118556 0.116701 0.115084 0.114552 0.114080 0.113623 0.115521 0.119189 0.125187 0.133019 0.138076 0.140994 0.143752 0.143973 0.141654 0.140452 0.140331 0.135222 0.130477 0.126323 0.122578 0.122112 0.125222 0.130025 0.136111 0.142213 0.149076 0.155936 0.163705 0.176381 0.181705 0.177380 0.173285 0.170667 0.170762
-9999.0 -9999.0 -9999.0 -9999.0 -9999.0 -9999.0 -9999.0 -9999.0 -9999.0 -9999.0 -9999.0 -9999.0 -9999.0 -9999.0 -9999.0 -9999.0 -9999.0 -9999.0 -9999.0 -9999.0 -9999.0 -9999.0 -9999.0 0.110584 0.112179 0.113868 0.115849 0.115997 0.114624 0.112931 0.111939 0.111398 0.110893 0.111913 0.114144 0.118049 0.123018 0.130553 0.133718 0.136360 0.141619 0.142272 0.143998 0.145618 0.144484 0.143091 0.137728 0.133984 0.136341 0.138839 0.141296 0.144269 0.150086 0.157908 0.167679 0.180232 0.194672 0.208505 0.221289 0.216116 0.208829 0.199745 0.199694
-9999.0 -9999.0 -9999.0 -9999.0 -9999.0 -9999.0 -9999.0 -9999.0 -9999.0 -9999.0 -9999.0 -9999.0 -9999.0 -9999.0 -9999.0 -9999.0 -9999.0 -9999.0 -9999.0 0.104819 0.104945 0.105080 0.106025 0.106204 0.106664 0.108250 0.110180 0.110570 0.110081 0.109514 0.109784 0.110330 0.111253 0.114268 0.118189 0.122529 0.127305 0.135134 0.141203 0.147509 0.155436 0.154175 0.151418 0.149898 0.149765 0.149847 0.153108 0.154998 0.157584 0.160736 0.164486 0.169132 0.175024 0.186694 0.200711 0.215884 0.231345 0.246752 0.262359 0.259572 0.249283 0.238669 0.238778
-9999.0 -9999.0 -9999.0 -9999.0 -9999.0 -9999.0 -9999.0 -9999.0 -9999.0 -9999.0 -9999.0 -9999.0 -9999.0 -9999.0 -9999.0 -9999.0 0.099245 0.099547 0.099871 0.100824 0.101201 0.101908 0.103228 0.103343 0.104086 0.105547 0.106594 0.108466 0.110265 0.112047 0.113503 0.114089 0.116179 0.118927 0.122572 0.127908 0.136332 0.146064 0.153789 0.162368 0.171739 0.171339 0.170104 0.170293 0.170437 0.175421 0.187271 0.191253 0.193851 0.208153 0.219002 0.222945 0.228176 0.242319 0.262071 0.285338 0.311874 0.328832 0.341575 0.345389 0.338539 0.336437 0.339556
-9999.0 -9999.0 -9999.0 -9999.0 -9999.0 -9999.0 -9999.0 -9999.0 -9999.0 -9999.0 -9999.0 -9999.0 -9999.0 0.092326 0.092887 0.094168 0.095299 0.095571 0.096108 0.096953 0.099010 0.099561 0.100649 0.102068 0.104301 0.106059 0.108102 0.110900 0.113004 0.114838 0.116739 0.118687 0.122994 0.128244 0.134212 0.142660 0.152645 0.163738 0.176096 0.185154 0.194576 0.196994 0.194845 0.195302 0.201022 0.215017 0.230287 0.241696 0.261434 0.282224 0.295011 0.306185 0.313550 0.322665 0.336458 0.355234 0.365478 0.368684 0.369408 0.369710 0.369731 0.369770 0.369805
-9999.0 -9999.0 -9999.0 -9999.0 -9999.0 -9999.0 -9999.0 -9999.0 -9999.0 -9999.0 0.087838 0.088130 0.087716 0.087826 0.088288 0.089636 0.091234 0.092134 0.093645 0.096778 0.099664 0.100215 0.103093 0.105083 0.106409 0.108830 0.112037 0.115497 0.120651 0.124680 0.129152 0.137352 0.144323 0.151838 0.160706 0.171520 0.184706 0.206160 0.227208 0.238804 0.259506 0.272445 0.269382 0.269166 0.275358 0.291310 0.312388 0.333724 0.348401 0.359696 0.365203 0.367414 0.368430 0.369117 0.369568 0.369879 0.369977 0.369996 0.370000 0.370000 0.370000 0.370000 0.370000
-9999.0 -9999.0 -9999.0 -9999.0 -9999.0 -9999.0 -9999.0 -9999.0 0.085389 0.086023 0.086658 0.086318 0.085803 0.085488 0.086731 0.088420 0.090284 0.092448 0.094714 0.097507 0.100255 0.103495 0.107624 0.110384 0.113372 0.117523 0.121600 0.127669 0.135681 0.142011 0.151116 0.162389 0.173581 0.184574 0.196606 0.209605 0.232809 0.262090 0.290245 0.311755 0.332472 0.347705 0.349051 0.351190 0.353972 0.362770 0.367920 0.369491 0.369858 0.369957 0.369990 0.369996 0.369999 0.370000 0.370000 0.370000 0.370000 0.370000 0.370000 0.370000 0.370000 0.370000 0.370000
-9999.0 -9999.0 -9999.0 -9999.0 -9999.0 -9999.0 0.083160 0.085291 0.086734 0.085915 0.085178 0.084859 0.084540 0.086183 0.088413 0.090368 0.092510 0.094968 0.097517 0.100196 0.107679 0.111410 0.115360 0.121393 0.125777 0.130540 0.137184 0.147575 0.159342 0.179130 0.200372 0.221455 0.243140 0.259928 0.275825 0.292975 0.319338 0.344732 0.360488 0.367014 0.369137 0.369761 0.369862 0.369898 0.369928 0.369967 0.369994 0.369999 0.370000 0.370000 0.370000 0.370000 0.370000 0.370000 0.370000 0.370000 0.370000 0.370000 0.370000 0.370000 0.370000 0.370000 0.370000
-9999.0 -9999.0 -9999.0 -9999.0 0.080668 0.082175 0.083865 0.086808 0.089330 0.088627 0.089500 0.089557 0.089396 0.089581 0.090164 0.092458 0.094927 0.097678 0.101069 0.109557 0.120917 0.126391 0.136825 0.151339 0.158203 0.165938 0.174544 0.189290 0.211392 0.240465 0.282250 0.316365 0.336262 0.349773 0.358437 0.364871 0.368659 0.369735 0.369944 0.369990 0.369999 0.370000 0.370000 0.370000 0.370000 0.370000 0.370000 0.370000 0.370000 0.370000 0.370000 0.370000 0.370000 0.370000 0.370000 0.370000 0.370000 0.370000 0.370000 0.370000 0.370000 0.370000 0.370000
-9999.0 -9999.0 -9999.0 0.077934 0.080175 0.082810 0.085227 0.088455 0.092407 0.093378 0.094523 0.095588 0.096742 0.098237 0.100099 0.103146 0.105853 0.108324 0.113396 0.124451 0.138235 0.154782 0.172919 0.193948 0.211539 0.223768 0.236872 0.257982 0.293067 0.326835 0.355975 0.367785 0.369566 0.369862 0.369940 0.369982 0.369996 0.370000 0.370000 0.370000 0.370000 0.370000 0.370000 0.370000 0.370000 0.370000 0.370000 0.370000 0.370000 0.370000 0.370000 0.370000 0.370000 0.370000 0.370000 0.370000 0.370000 0.370000 0.370000 0.370000 0.370000 0.370000 0.370000
-9999.0 -9999.0 0.075810 0.077448 0.079419 0.083148 0.088233 0.092369 0.098828 0.103837 0.105350 0.109852 0.114365 0.116787 0.122113 0.128024 0.132187 0.132696 0.136826 0.154071 0.186959 0.225084 0.257569 0.308132 0.332910 0.345203 0.351240 0.360311 0.367016 0.369542 0.369940 0.369996 0.370000 0.370000 0.370000 0.370000 0.370000 0.370000 0.370000 0.370000 0.370000 0.370000 0.370000 0.370000 0.370000 0.370000 0.370000 0.370000 0.370000 0.370000 0.370000 0.370000 0.370000 0.370000 0.370000 0.370000 0.370000 0.370000 0.370000 0.370000 0.370000 0.370000 0.370000
-9999.0 -9999.0 0.074891 0.076641 0.078897 0.084081 0.092329 0.098255 0.107002 0.118673 0.124796 0.133253 0.142101 0.151841 0.164474 0.179299 0.180313 0.180995 0.179826 0.219371 0.270556 0.328592 0.363875 0.369332 0.369862 0.369910 0.369932 0.369969 0.369993 0.370000 0.370000 0.370000 0.370000 0.370000 0.370000 0.370000 0.370000 0.370000 0.370000 0.370000 0.370000 0.370000 0.370000 0.370000 0.370000 0.370000 0.370000 0.370000 0.370000 0.370000 0.370000 0.370000 0.370000 0.370000 0.370000 0.370000 0.370000 0.370000 0.370000 0.370000 0.370000 0.370000 0.370000
-9999.0 0.072442 0.073798 0.075698 0.079220 0.084454 0.095037 0.111785 0.126260 0.142283 0.155665 0.167522 0.207914 0.250701 0.275099 0.301355 0.298430 0.294500 0.287918 0.322340 0.356441 0.369440 0.369998 0.370000 0.370000 0.370000 0.370000 0.370000 0.370000 0.370000 0.370000 0.370000 0.370000 0.370000 0.370000 0.370000 0.370000 0.370000 0.370000 0.370000 0.370000 0.370000 0.370000 0.370000 0.370000 0.370000 0.370000 0.370000 0.370000 0.370000 0.370000 0.370000 0.370000 0.370000 0.370000 0.370000 0.370000 0.370000 0.370000 0.370000 0.370000 0.370000 0.370000
-9999.0 0.071738 0.073120 0.075479 0.078966 0.085115 0.101448 0.138420 0.159404 0.178468 0.199726 0.244098 0.322354 0.359030 0.367122 0.369297 0.369291 0.368945 0.368990 0.369735 0.369976 0.370000 0.370000 0.370000 0.370000 0.370000 0.370000 0.370000 0.370000 0.370000 0.370000 0.370000 0.370000 0.370000 0.370000 0.370000 0.370000 0.370000 0.370000 0.370000 0.370000 0.370000 0.370000 0.370000 0.370000 0.370000 0.370000 0.370000 0.370000 0.370000 0.370000 0.370000 0.370000 0.370000 0.370000 0.370000 0.370000 0.370000 0.370000 0.370000 0.370000 0.370000 0.370000
-9999.0 0.071344 0.072768 0.074733 0.078138 0.088678 0.109753 0.157481 0.214166 0.244029 0.295564 0.357717 0.369446 0.369976 0.369999 0.370000 0.370000 0.370000 0.370000 0.370000 0.370000 0.370000 0.370000 0.370000 0.370000 0.370000 0.370000 0.370000 0.370000 0.370000 0.370000 0.370000 0.370000 0.370000 0.370000 0.370000 0.370000 0.370000 0.370000 0.370000 0.370000 0.370000 0.370000 0.370000 0.370000 0.370000 0.370000 0.370000 0.370000 0.370000 0.370000 0.370000 0.370000 0.370000 0.370000 0.370000 0.370000 0.370000 0.370000 0.370000 0.370000 0.370000 0.370000
-9999.0 0.070164 0.071361 0.072722 0.078025 0.092340 0.118071 0.193944 0.297201 0.339089 0.368344 0.369954 0.370000 0.370000 0.370000 0.370000 0.370000 0.370000 0.370000 0.370000 0.370000 0.370000 0.370000 0.370000 0.370000 0.370000 0.370000 0.370000 0.370000 0.370000 0.370000 0.370000 0.370000 0.370000 0.370000 0.370000 0.370000 0.370000 0.370000 0.370000 0.370000 0.370000 0.370000 0.370000 0.370000 0.370000 0.370000 0.370000 0.370000 0.370000 0.370000 0.370000 0.370000 0.370000 0.370000 0.370000 0.370000 0.370000 0.370000 0.370000 0.370000 0.370000 0.370000
-9999.0 0.069350 0.070156 0.071919 0.076920 0.089651 0.121658 0.216318 0.353414 0.369403 0.369989 0.370000 0.370000 0.370000 0.370000 0.370000 0.370000 0.370000 0.370000 0.370000 0.370000 0.370000 0.370000 0.370000 0.370000 0.370000 0.370000 0.370000 0.370000 0.370000 0.370000 0.370000 0.370000 0.370000 0.370000 0.370000 0.370000 0.370000 0.370000 0.370000 0.370000 0.370000 0.370000 0.370000 0.370000 0.370000 0.370000 0.370000 0.370000 0.370000 0.370000 0.370000 0.370000 0.370000 0.370000 0.370000 0.370000 0.370000 0.370000 0.370000 0.370000 0.370000 0.369999
-9999.0 0.068770 0.069627 0.070961 0.074220 0.081134 0.097118 0.149187 0.268733 0.368821 0.370000 0.370000 0.370000 0.370000 0.370000 0.370000 0.370000 0.370000 0.370000 0.370000 0.370000 0.370000 0.370000 0.370000 0.370000 0.370000 0.370000 0.370000 0.370000 0.370000 0.370000 0.370000 0.370000 0.370000 0.370000 0.370000 0.370000 0.370000 0.370000 0.370000 0.370000 0.370000 0.370000 0.370000 0.370000 0.370000 0.370000 0.370000 0.370000 0.370000 0.370000 0.370000 0.370000 0.370000 0.370000 0.370000 0.370000 0.370000 0.369998 0.369980 0.369866 0.369538 0.369199
-9999.0 -9999.0 0.069069 0.070124 0.072026 0.075960 0.084356 0.109308 0.174108 0.328959 0.368557 0.369918 0.369993 0.370000 0.370000 0.370000 0.370000 0.370000 0.370000 0.370000 0.370000 0.370000 0.370000 0.370000 0.370000 0.370000 0.370000 0.370000 0.370000 0.370000 0.370000 0.370000 0.370000 0.370000 0.370000 0.370000 0.370000 0.370000 0.370000 0.370000 0.370000 0.370000 0.370000 0.370000 0.370000 0.370000 0.370000 0.370000 0.370000 0.370000 0.369999 0.369999 0.369998 0.369995 0.369990 0.369980 0.369942 0.369838 0.369460 0.367034 0.356813 0.335157 0.311162
-9999.0 -9999.0 0.068572 0.069318 0.070695 0.073267 0.077446 0.086168 0.114549 0.166121 0.242511 0.318626 0.358796 0.368338 0.369606 0.369932 0.369976 0.369985 0.369988 0.369995 0.369999 0.370000 0.370000 0.370000 0.370000 0.370000 0.370000 0.370000 0.370000 0.370000 0.370000 0.369999 0.369997 0.369995 0.369996 0.369997 0.369996 0.369993 0.369985 0.369967 0.369943 0.369910 0.369898 0.369891 0.369889 0.369877 0.369858 0.369787 0.369636 0.369449 0.369218 0.368944 0.368706 0.368115 0.366986 0.365574 0.361020 0.351625 0.336203 0.310889 0.276794 0.248321 0.221906
-9999.0 -9999.0 -9999.0 0.068779 0.069544 0.070630 0.072414 0.074810 0.080232 0.091431 0.109975 0.141788 0.176825 0.215917 0.260665 0.305686 0.329949 0.339753 0.346045 0.362598 0.367148 0.369221 0.369743 0.369847 0.369907 0.369945 0.369953 0.369931 0.369902 0.369824 0.369569 0.368876 0.367999 0.367918 0.367898 0.368056 0.367559 0.366843 0.364871 0.361619 0.357234 0.353110 0.350987 0.348899 0.347451 0.345490 0.343236 0.338821 0.332714 0.326148 0.320430 0.317520 0.314523 0.310046 0.303895 0.297358 0.287001 0.264393 0.242099 0.219294 0.195117 0.173889 0.156352
-9999.0 -9999.0 -9999.0 -9999.0 -9999.0 0.069101 0.070018 0.071293 0.073021 0.075463 0.079755 0.088027 0.094575 0.103311 0.116284 0.130691 0.145630 0.164327 0.192408 0.224901 0.262725 0.293400 0.321419 0.340175 0.348105 0.354230 0.356244 0.352616 0.347926 0.339505 0.323275 0.305389 0.300026 0.299745 0.299832 0.298486 0.294031 0.289210 0.282509 0.270615 0.259816 0.254610 0.250911 0.247346 0.243750 0.240625 0.237610 0.234483 0.227233 0.221318 0.221391 0.219288 0.217195 0.215104 0.210110 0.204723 0.198368 0.181256 0.167581 0.158727 0.143049 0.131125 0.123813
-9999.0 -9999.0 -9999.0 -9999.0 -9999.0 -9999.0 0.068789 0.069458 0.070263 0.071412 0.073251 0.075655 0.077077 0.079733 0.083442 0.088595 0.095908 0.103291 0.112927 0.125700 0.142623 0.160182 0.181971 0.206705 0.218068 0.227624 0.236764 0.229379 0.221709 0.213990 0.197625 0.193807 0.189537 0.189492 0.189245 0.189044 0.185507 0.181725 0.178158 0.171302 0.168002 0.164585 0.162229 0.160020 0.157814 0.155990 0.154646 0.153354 0.150264 0.150693 0.150911 0.150012 0.148924 0.147797 0.144942 0.141169 0.137626 0.130923 0.125688 0.120872 0.113324 0.108372 0.103907
