tests/Borden05m/data_simulated/sim_1/output-maps/thetaliqL0005N0012.asc
ncols         160
nrows         34
xllcorner     620200.000000
yllcorner     5168000.000000
cellsize      0.500000
NODATA_value  -9999.0
[rows 0 to 27 of 34, columns 0 to 62 of 160]
-9999.0 -9999.0 -9999.0 -9999.0 -9999.0 -9999.0 -9999.0 -9999.0 -9999.0 -9999.0 -9999.0 -9999.0 -9999.0 -9999.0 -9999.0 -9999.0 -9999.0 -9999.0 -9999.0 -9999.0 -9999.0 -9999.0 -9999.0 -9999.0 -9999.0 -9999.0 -9999.0 -9999.0 -9999.0 -9999.0 -9999.0 -9999.0 -9999.0 -9999.0 -9999.0 -9999.0 -9999.0 -9999.0 -9999.0 -9999.0 -9999.0 -9999.0 -9999.0 -9999.0 -9999.0 -9999.0 -9999.0 -9999.0 -9999.0 -9999.0 -9999.0 -9999.0 -9999.0 -9999.0 -9999.0 -9999.0 -9999.0 -9999.0 -9999.0 -9999.0 -9999.0 -9999.0 -9999.0
-9999.0 -9999.0 -9999.0 -9999.0 -9999.0 -9999.0 -9999.0 -9999.0 -9999.0 -9999.0 -9999.0 -9999.0 -9999.0 -9999.0 -9999.0 -9999.0 -9999.0 -9999.0 -9999.0 -9999.0 -9999.0 -9999.0 -9999.0 -9999.0 -9999.0 -9999.0 -9999.0 -9999.0 -9999.0 -9999.0 -9999.0 -9999.0 -9999.0 -9999.0 -9999.0 -9999.0 -9999.0 -9999.0 -9999.0 -9999.0 -9999.0 -9999.0 -9999.0 -9999.0 -9999.0 -9999.0 -9999.0 -9999.0 -9999.0 -9999.0 -9999.0 -9999.0 -9999.0 -9999.0 -9999.0 -9999.0 -9999.0 -9999.0 -9999.0 0.146153 0.143317 0.140848 0.138811
-9999.0 -9999.0 -9999.0 -9999.0 -9999.0 -9999.0 -9999.0 -9999.0 -9999.0 -9999.0 -9999.0 -9999.0 -9999.0 -9999.0 -9999.0 -9999.0 -9999.0 -9999.0 -9999.0 -9999.0 -9999.0 -9999.0 -9999.0 -9999.0 -9999.0 -9999.0 -9999.0 -9999.0 -9999.0 -9999.0 -9999.0 -9999.0 -9999.0 -9999.0 -9999.0 -9999.0 -9999.0 -9999.0 -9999.0 -9999.0 -9999.0 -9999.0 -9999.0 -9999.0 -9999.0 -9999.0 -9999.0 0.109621 0.104894 0.100368 0.099622 0.105029 0.109721 0.114981 0.119845 0.124812 0.130885 0.138895 0.139714 0.133109 0.131367 0.130282 0.129709
-9999.0 -9999.0 -9999.0 -9999.0 -9999.0 -9999.0 -9999.0 -9999.0 -9999.0 -9999.0 -9999.0 -9999.0 -9999.0 -9999.0 -9999.0 -9999.0 -9999.0 -9999.0 -9999.0 -9999.0 -9999.0 -9999.0 -9999.0 -9999.0 -9999.0 -9999.0 -9999.0 -9999.0 -9999.0 -9999.0 -9999.0 -9999.0 -9999.0 -9999.0 -9999.0 -9999.0 -9999.0 -9999.0 -9999.0 -9999.0 0.117864 0.120104 0.121354 0.117447 0.114558 0.112536 0.107775 0.103574 0.100005 0.100022 0.100323 0.100103 0.104814 0.109965 0.113947 0.117939 0.123575 0.131143 0.131720 0.126366 0.122847 0.121410 0.121575
-9999.0 -9999.0 -9999.0 -9999.0 -9999.0 -9999.0 -9999.0 -9999.0 -9999.0 -9999.0 -9999.0 -9999.0 -9999.0 -9999.0 -9999.0 -9999.0 -9999.0 -9999.0 -9999.0 -9999.0 -9999.0 -9999.0 -9999.0 -9999.0 -9999.0 -9999.0 -9999.0 -9999.0 -9999.0 -9999.0 -9999.0 -9999.0 -9999.0 -9999.0 0.099370 0.103114 0.106311 0.109806 0.113754 0.114481 0.115244 0.117235 0.115617 0.114553 0.111483 0.106767 0.102328 0.099606 0.099992 0.099351 0.099860 0.102260 0.105038 0.107783 0.112529 0.119002 0.120001 0.123325 0.123756 0.121571 0.122406 0.123305 0.124024
-9999.0 -9999.0 -9999.0 -9999.0 -9999.0 -9999.0 -9999.0 -9999.0 -9999.0 -9999.0 -9999.0 -9999.0 -9999.0 -9999.0 -9999.0 -9999.0 -9999.0 -9999.0 -9999.0 -9999.0 -9999.0 -9999.0 -9999.0 -9999.0 -9999.0 -9999.0 -9999.0 -9999.0 0.102581 0.101155 0.100010 0.099840 0.099417 0.098348 0.098856 0.100433 0.103608 0.108113 0.110347 0.111312 0.112519 0.112260 0.110403 0.109827 0.110794 0.107794 0.105464 0.103227 0.100379 0.099885 0.101853 0.104511 0.107611 0.110223 0.113104 0.115955 0.119304 0.126857 0.129751 0.126596 0.124159 0.122730 0.122929
-9999.0 -9999.0 -9999.0 -9999.0 -9999.0 -9999.0 -9999.0 -9999.0 -9999.0 -9999.0 -9999.0 -9999.0 -9999.0 -9999.0 -9999.0 -9999.0 -9999.0 -9999.0 -9999.0 -9999.0 -9999.0 -9999.0 -9999.0 0.098329 0.099584 0.100472 0.101821 0.101559 0.099658 0.098194 0.097476 0.096996 0.096189 0.096515 0.097370 0.099267 0.101499 0.105828 0.106396 0.107048 0.110289 0.110267 0.111725 0.113324 0.112637 0.112279 0.108400 0.105751 0.107897 0.109415 0.110320 0.111212 0.113965 0.117725 0.122507 0.129146 0.137253 0.145136 0.154048 0.149515 0.144694 0.138360 0.138498
-9999.0 -9999.0 -9999.0 -9999.0 -9999.0 -9999.0 -9999.0 -9999.0 -9999.0 -9999.0 -9999.0 -9999.0 -9999.0 -9999.0 -9999.0 -9999.0 -9999.0 -9999.0 -9999.0 0.096225 0.096065 0.095717 0.096222 0.095063 0.094758 0.095685 0.097044 0.096824 0.095992 0.095252 0.095417 0.095696 0.095929 0.097890 0.100084 0.101995 0.103683 0.107862 0.110603 0.113783 0.118829 0.117065 0.114821 0.113647 0.113535 0.113272 0.115549 0.116613 0.117736 0.118922 0.120482 0.122629 0.125221 0.131561 0.139079 0.147208 0.155828 0.165362 0.177260 0.173984 0.165508 0.157421 0.157392
-9999.0 -9999.0 -9999.0 -9999.0 -9999.0 -9999.0 -9999.0 -9999.0 -9999.0 -9999.0 -9999.0 -9999.0 -9999.0 -9999.0 -9999.0 -9999.0 0.093991 0.093984 0.093600 0.093186 0.092703 0.092957 0.093933 0.093130 0.093149 0.093887 0.093951 0.095061 0.096181 0.097394 0.098194 0.097822 0.098732 0.099718 0.101080 0.103439 0.107953 0.112996 0.116366 0.120752 0.126330 0.125131 0.124176 0.124272 0.123735 0.126308 0.133891 0.135111 0.135098 0.144163 0.150660 0.151782 0.153855 0.162695 0.176371 0.194899 0.222664 0.244377 0.265874 0.273907 0.258549 0.254857 0.260579
-9999.0 -9999.0 -9999.0 -9999.0 -9999.0 -9999.0 -9999.0 -9999.0 -9999.0 -9999.0 -9999.0 -9999.0 -9999.0 0.091204 0.091299 0.091912 0.091077 0.090280 0.089973 0.089633 0.091273 0.090868 0.091104 0.091790 0.093397 0.094090 0.094962 0.096526 0.097172 0.097652 0.098177 0.098518 0.100792 0.103464 0.106258 0.110553 0.115319 0.120473 0.126804 0.130880 0.135794 0.136520 0.134550 0.134472 0.137655 0.146226 0.155281 0.161494 0.175736 0.192609 0.203541 0.215021 0.222467 0.232764 0.252773 0.295730 0.336444 0.356041 0.361907 0.364920 0.365225 0.365677 0.366079
-9999.0 -9999.0 -9999.0 -9999.0 -9999.0 -9999.0 -9999.0 -9999.0 -9999.0 -9999.0 0.087610 0.088344 0.087264 0.085758 0.085335 0.086164 0.087111 0.086945 0.087550 0.090216 0.092195 0.090954 0.093020 0.093796 0.093713 0.094797 0.096421 0.097830 0.100757 0.102360 0.104128 0.108946 0.112138 0.115609 0.119855 0.125028 0.131258 0.143676 0.156339 0.161875 0.177197 0.187561 0.182711 0.181309 0.185272 0.198830 0.220956 0.251015 0.279571 0.313413 0.336853 0.348383 0.354630 0.359625 0.363608 0.366954 0.368602 0.369332 0.369694 0.369823 0.369862 0.369880 0.369898
-9999.0 -9999.0 -9999.0 -9999.0 -9999.0 -9999.0 -9999.0 -9999.0 0.084432 0.085511 0.086308 0.085479 0.084407 0.082885 0.083877 0.085050 0.086133 0.087529 0.088670 0.089969 0.090686 0.092414 0.094946 0.095749 0.097006 0.099236 0.100839 0.103780 0.107829 0.109930 0.114089 0.119522 0.124928 0.130259 0.136294 0.142585 0.156469 0.176325 0.199282 0.220893 0.248920 0.278769 0.280307 0.285234 0.292006 0.323471 0.350919 0.362889 0.366749 0.368188 0.369033 0.369351 0.369522 0.369687 0.369826 0.369904 0.369960 0.369990 0.369999 0.370000 0.370000 0.370000 0.370000
-9999.0 -9999.0 -9999.0 -9999.0 -9999.0 -9999.0 0.082418 0.084983 0.086477 0.084070 0.082438 0.081908 0.081124 0.083308 0.085796 0.086880 0.087960 0.089215 0.090001 0.089953 0.095491 0.096152 0.097186 0.100340 0.102009 0.103968 0.107110 0.112450 0.117794 0.128700 0.140096 0.151746 0.165254 0.175927 0.187061 0.200739 0.229559 0.270740 0.314853 0.345346 0.359704 0.365497 0.366777 0.367275 0.367690 0.368363 0.369176 0.369654 0.369891 0.369970 0.369991 0.369995 0.369998 0.369999 0.370000 0.370000 0.370000 0.370000 0.370000 0.370000 0.370000 0.370000 0.370000
-9999.0 -9999.0 -9999.0 -9999.0 0.082402 0.083374 0.083667 0.086435 0.088651 0.085683 0.086895 0.086465 0.085618 0.084833 0.084167 0.085722 0.087095 0.088457 0.089685 0.095364 0.102197 0.102742 0.108032 0.116316 0.118479 0.121895 0.125570 0.132960 0.145005 0.162038 0.194445 0.229740 0.256996 0.283574 0.307654 0.333603 0.355972 0.365266 0.367894 0.369028 0.369581 0.369816 0.369900 0.369927 0.369952 0.369973 0.369989 0.369998 0.370000 0.370000 0.370000 0.370000 0.370000 0.370000 0.370000 0.370000 0.370000 0.370000 0.370000 0.370000 0.370000 0.370000 0.370000
-9999.0 -9999.0 -9999.0 0.080291 0.082902 0.084597 0.084579 0.086125 0.089075 0.088023 0.088223 0.088418 0.088743 0.089350 0.089996 0.091635 0.092789 0.093450 0.095777 0.101585 0.107784 0.115796 0.124313 0.134967 0.144299 0.150477 0.157568 0.171089 0.200423 0.239614 0.300315 0.350666 0.363629 0.366799 0.367873 0.368750 0.369324 0.369754 0.369920 0.369979 0.369996 0.370000 0.370000 0.370000 0.370000 0.370000 0.370000 0.370000 0.370000 0.370000 0.370000 0.370000 0.370000 0.370000 0.370000 0.370000 0.370000 0.370000 0.370000 0.370000 0.370000 0.370000 0.370000
-9999.0 -9999.0 0.079783 0.081414 0.081431 0.084104 0.087569 0.088020 0.092321 0.094842 0.093554 0.096295 0.098576 0.098446 0.101221 0.104343 0.106374 0.105275 0.106104 0.114838 0.133005 0.154431 0.173818 0.222848 0.255889 0.276807 0.288373 0.315239 0.345719 0.363545 0.367859 0.369327 0.369800 0.369939 0.369966 0.369985 0.369996 0.369999 0.370000 0.370000 0.370000 0.370000 0.370000 0.370000 0.370000 0.370000 0.370000 0.370000 0.370000 0.370000 0.370000 0.370000 0.370000 0.370000 0.370000 0.370000 0.370000 0.370000 0.370000 0.370000 0.370000 0.370000 0.370000
-9999.0 -9999.0 0.078354 0.080584 0.080317 0.084822 0.090817 0.090317 0.094449 0.101764 0.103338 0.106981 0.110221 0.114409 0.120735 0.129447 0.128398 0.128126 0.125275 0.148797 0.182772 0.246402 0.334416 0.362285 0.366948 0.367511 0.367783 0.368438 0.369145 0.369776 0.369970 0.369999 0.370000 0.370000 0.370000 0.370000 0.370000 0.370000 0.370000 0.370000 0.370000 0.370000 0.370000 0.370000 0.370000 0.370000 0.370000 0.370000 0.370000 0.370000 0.370000 0.370000 0.370000 0.370000 0.370000 0.370000 0.370000 0.370000 0.370000 0.370000 0.370000 0.370000 0.370000
-9999.0 0.077073 0.078317 0.079069 0.082011 0.083445 0.089524 0.099326 0.104746 0.112317 0.117726 0.120985 0.145458 0.174725 0.192064 0.219444 0.212568 0.206012 0.195836 0.234057 0.303450 0.363203 0.369513 0.369944 0.369988 0.369991 0.369989 0.369995 0.369999 0.370000 0.370000 0.370000 0.370000 0.370000 0.370000 0.370000 0.370000 0.370000 0.370000 0.370000 0.370000 0.370000 0.370000 0.370000 0.370000 0.370000 0.370000 0.370000 0.370000 0.370000 0.370000 0.370000 0.370000 0.370000 0.370000 0.370000 0.370000 0.370000 0.370000 0.370000 0.370000 0.370000 0.370000
-9999.0 0.074870 0.077956 0.080713 0.081218 0.082396 0.093149 0.117496 0.121642 0.128638 0.137633 0.164640 0.245336 0.320747 0.350365 0.362472 0.362287 0.359504 0.359840 0.365767 0.368753 0.369877 0.370000 0.370000 0.370000 0.370000 0.370000 0.370000 0.370000 0.370000 0.370000 0.370000 0.370000 0.370000 0.370000 0.370000 0.370000 0.370000 0.370000 0.370000 0.370000 0.370000 0.370000 0.370000 0.370000 0.370000 0.370000 0.370000 0.370000 0.370000 0.370000 0.370000 0.370000 0.370000 0.370000 0.370000 0.370000 0.370000 0.370000 0.370000 0.370000 0.370000 0.370000
-9999.0 0.076689 0.081079 0.080608 0.078966 0.087130 0.097336 0.122751 0.153729 0.166262 0.208238 0.317927 0.363991 0.368741 0.369616 0.369849 0.369925 0.369923 0.369970 0.369999 0.370000 0.370000 0.370000 0.370000 0.370000 0.370000 0.370000 0.370000 0.370000 0.370000 0.370000 0.370000 0.370000 0.370000 0.370000 0.370000 0.370000 0.370000 0.370000 0.370000 0.370000 0.370000 0.370000 0.370000 0.370000 0.370000 0.370000 0.370000 0.370000 0.370000 0.370000 0.370000 0.370000 0.370000 0.370000 0.370000 0.370000 0.370000 0.370000 0.370000 0.370000 0.370000 0.370000
-9999.0 0.073099 0.077485 0.074595 0.081398 0.093418 0.102009 0.146092 0.225419 0.270169 0.357547 0.368257 0.369835 0.369985 0.369999 0.370000 0.370000 0.370000 0.370000 0.370000 0.370000 0.370000 0.370000 0.370000 0.370000 0.370000 0.370000 0.370000 0.370000 0.370000 0.370000 0.370000 0.370000 0.370000 0.370000 0.370000 0.370000 0.370000 0.370000 0.370000 0.370000 0.370000 0.370000 0.370000 0.370000 0.370000 0.370000 0.370000 0.370000 0.370000 0.370000 0.370000 0.370000 0.370000 0.370000 0.370000 0.370000 0.370000 0.370000 0.370000 0.369999 0.369996 0.369995
-9999.0 0.071276 0.073397 0.075836 0.082767 0.092602 0.110725 0.169753 0.316858 0.363535 0.369078 0.369741 0.369977 0.370000 0.370000 0.370000 0.370000 0.370000 0.370000 0.370000 0.370000 0.370000 0.370000 0.370000 0.370000 0.370000 0.370000 0.370000 0.370000 0.370000 0.370000 0.370000 0.370000 0.370000 0.370000 0.370000 0.370000 0.370000 0.370000 0.370000 0.370000 0.370000 0.370000 0.370000 0.370000 0.370000 0.370000 0.370000 0.370000 0.370000 0.370000 0.370000 0.370000 0.370000 0.370000 0.370000 0.369999 0.369994 0.369981 0.369948 0.369823 0.369712 0.369607
-9999.0 0.069135 0.074022 0.075465 0.079371 0.082906 0.090096 0.119105 0.199224 0.360797 0.369832 0.369938 0.369978 0.369998 0.370000 0.370000 0.370000 0.370000 0.370000 0.370000 0.370000 0.370000 0.370000 0.370000 0.370000 0.370000 0.370000 0.370000 0.370000 0.370000 0.370000 0.370000 0.370000 0.370000 0.370000 0.370000 0.370000 0.370000 0.370000 0.370000 0.370000 0.370000 0.370000 0.370000 0.370000 0.370000 0.370000 0.369999 0.369997 0.369994 0.369990 0.369987 0.369982 0.369973 0.369960 0.369941 0.369858 0.369720 0.369446 0.368715 0.366841 0.363523 0.360810
-9999.0 -9999.0 0.070934 0.075228 0.076525 0.078844 0.082920 0.098113 0.132460 0.271901 0.360151 0.367838 0.369242 0.369784 0.369977 0.369999 0.369999 0.370000 0.369998 0.369997 0.369998 0.369999 0.370000 0.370000 0.370000 0.370000 0.370000 0.370000 0.370000 0.370000 0.369999 0.369997 0.369995 0.369992 0.369995 0.369997 0.369997 0.369995 0.369991 0.369981 0.369967 0.369946 0.369939 0.369942 0.369943 0.369936 0.369921 0.369874 0.369800 0.369692 0.369622 0.369541 0.369452 0.369267 0.369029 0.368707 0.367905 0.366520 0.362641 0.345732 0.301586 0.252062 0.220297
-9999.0 -9999.0 0.068855 0.072542 0.076249 0.080369 0.081198 0.084961 0.105546 0.132336 0.181127 0.255908 0.325849 0.358614 0.365418 0.368150 0.368837 0.369060 0.369094 0.369307 0.369589 0.369776 0.369861 0.369911 0.369943 0.369961 0.369973 0.369957 0.369935 0.369885 0.369774 0.369555 0.369373 0.369261 0.369328 0.369440 0.369361 0.369181 0.368869 0.368412 0.367984 0.367502 0.367351 0.367285 0.367267 0.367127 0.366895 0.366083 0.364499 0.362712 0.360766 0.358625 0.356909 0.352895 0.346037 0.338666 0.318206 0.288269 0.256912 0.221987 0.188509 0.168393 0.152193
-9999.0 -9999.0 -9999.0 0.069141 0.071301 0.074386 0.076511 0.075529 0.079002 0.086624 0.097037 0.115209 0.134174 0.158341 0.192057 0.238555 0.269509 0.282389 0.289431 0.332332 0.349827 0.361759 0.365854 0.366834 0.367507 0.368051 0.368181 0.367828 0.367428 0.366545 0.364060 0.358449 0.352370 0.351897 0.351918 0.353151 0.350242 0.346362 0.336559 0.322702 0.306656 0.293394 0.287703 0.282561 0.279507 0.275189 0.270609 0.261640 0.250850 0.240766 0.232612 0.229248 0.225993 0.220869 0.214280 0.208419 0.199596 0.180535 0.165240 0.151242 0.137683 0.126520 0.117499
-9999.0 -9999.0 -9999.0 -9999.0 -9999.0 0.068796 0.072456 0.074488 0.075206 0.075635 0.078221 0.085354 0.087537 0.091844 0.099102 0.106176 0.112830 0.122074 0.137552 0.156860 0.183093 0.209076 0.241078 0.270051 0.286115 0.302290 0.308019 0.296830 0.284825 0.266637 0.239350 0.215347 0.210234 0.210791 0.211299 0.210249 0.205612 0.201257 0.195281 0.184743 0.175931 0.172622 0.170384 0.168089 0.165744 0.163817 0.162052 0.160451 0.155566 0.151531 0.152313 0.151171 0.150130 0.149335 0.146525 0.143891 0.141347 0.130918 0.123597 0.120474 0.111795 0.105612 0.103073
-9999.0 -9999.0 -9999.0 -9999.0 -9999.0 -9999.0 0.068511 0.069966 0.072683 0.074164 0.076812 0.079553 0.077779 0.079635 0.082046 0.085195 0.089949 0.092968 0.097613 0.103964 0.112587 0.120765 0.132242 0.146695 0.151926 0.157541 0.164329 0.158081 0.153192 0.148993 0.137745 0.136535 0.134216 0.134623 0.134688 0.135012 0.133041 0.131014 0.129299 0.124889 0.123447 0.121681 0.120586 0.119545 0.118504 0.117705 0.117193 0.116739 0.114634 0.115307 0.115629 0.115040 0.114508 0.114239 0.112897 0.111001 0.109720 0.106015 0.103793 0.101911 0.097282 0.095359 0.093534
