tests/Borden05m/data_simulated/sim_1/output-maps/thetaliqL0006N0009.asc
ncols         160
nrows         34
xllcorner     620200.000000
yllcorner     5168000.000000
cellsize      0.500000
NODATA_value  -9999.0
[rows 0 to 27 of 34, columns 0 to 62 of 160]
-9999.0 -9999.0 -9999.0 -9999.0 -9999.0 -9999.0 -9999.0 -9999.0 -9999.0 -9999.0 -9999.0 -9999.0 -9999.0 -9999.0 -9999.0 -9999.0 -9999.0 -9999.0 -9999.0 -9999.0 -9999.0 -9999.0 -9999.0 -9999.0 -9999.0 -9999.0 -9999.0 -9999.0 -9999.0 -9999.0 -9999.0 -9999.0 -9999.0 -9999.0 -9999.0 -9999.0 -9999.0 -9999.0 -9999.0 -9999.0 -9999.0 -9999.0 -9999.0 -9999.0 -9999.0 -9999.0 -9999.0 -9999.0 -9999.0 -9999.0 -9999.0 -9999.0 -9999.0 -9999.0 -9999.0 -9999.0 -9999.0 -9999.0 -9999.0 -9999.0 -9999.0 -9999.0 -9999.0
-9999.0 -9999.0 -9999.0 -9999.0 -9999.0 -9999.0 -9999.0 -9999.0 -9999.0 -9999.0 -9999.0 -9999.0 -9999.0 -9999.0 -9999.0 -9999.0 -9999.0 -9999.0 -9999.0 -9999.0 -9999.0 -9999.0 -9999.0 -9999.0 -9999.0 -9999.0 -9999.0 -9999.0 -9999.0 -9999.0 -9999.0 -9999.0 -9999.0 -9999.0 -9999.0 -9999.0 -9999.0 -9999.0 -9999.0 -9999.0 -9999.0 -9999.0 -9999.0 -9999.0 -9999.0 -9999.0 -9999.0 -9999.0 -9999.0 -9999.0 -9999.0 -9999.0 -9999.0 -9999.0 -9999.0 -9999.0 -9999.0 -9999.0 -9999.0 0.202693 0.198555 0.194527 0.190795
-9999.0 -9999.0 -9999.0 -9999.0 -9999.0 -9999.0 -9999.0 -9999.0 -9999.0 -9999.0 -9999.0 -9999.0 -9999.0 -9999.0 -9999.0 -9999.0 -9999.0 -9999.0 -9999.0 -9999.0 -9999.0 -9999.0 -9999.0 -9999.0 -9999.0 -9999.0 -9999.0 -9999.0 -9999.0 -9999.0 -9999.0 -9999.0 -9999.0 -9999.0 -9999.0 -9999.0 -9999.0 -9999.0 -9999.0 -9999.0 -9999.0 -9999.0 -9999.0 -9999.0 -9999.0 -9999.0 -9999.0 0.131634 0.125112 0.119360 0.118885 0.126478 0.135297 0.145514 0.155489 0.165587 0.176909 0.189591 0.191800 0.184459 0.181223 0.178924 0.177318
-9999.0 -9999.0 -9999.0 -9999.0 -9999.0 -9999.0 -9999.0 -9999.0 -9999.0 -9999.0 -9999.0 -9999.0 -9999.0 -9999.0 -9999.0 -9999.0 -9999.0 -9999.0 -9999.0 -9999.0 -9999.0 -9999.0 -9999.0 -9999.0 -9999.0 -9999.0 -9999.0 -9999.0 -9999.0 -9999.0 -9999.0 -9999.0 -9999.0 -9999.0 -9999.0 -9999.0 -9999.0 -9999.0 -9999.0 -9999.0 0.152951 0.155937 0.156834 0.150997 0.145371 0.140025 0.131759 0.125096 0.119744 0.118727 0.119434 0.121276 0.129310 0.138818 0.147435 0.156090 0.166482 0.178450 0.180160 0.173054 0.167718 0.165175 0.165001
-9999.0 -9999.0 -9999.0 -9999.0 -9999.0 -9999.0 -9999.0 -9999.0 -9999.0 -9999.0 -9999.0 -9999.0 -9999.0 -9999.0 -9999.0 -9999.0 -9999.0 -9999.0 -9999.0 -9999.0 -9999.0 -9999.0 -9999.0 -9999.0 -9999.0 -9999.0 -9999.0 -9999.0 -9999.0 -9999.0 -9999.0 -9999.0 -9999.0 -9999.0 0.116828 0.122318 0.128557 0.135547 0.142543 0.145409 0.148143 0.150946 0.148852 0.146338 0.140995 0.133185 0.125659 0.120692 0.119677 0.118734 0.120014 0.124274 0.130097 0.136494 0.145551 0.156754 0.161412 0.168165 0.169761 0.166506 0.166755 0.167370 0.168057
-9999.0 -9999.0 -9999.0 -9999.0 -9999.0 -9999.0 -9999.0 -9999.0 -9999.0 -9999.0 -9999.0 -9999.0 -9999.0 -9999.0 -9999.0 -9999.0 -9999.0 -9999.0 -9999.0 -9999.0 -9999.0 -9999.0 -9999.0 -9999.0 -9999.0 -9999.0 -9999.0 -9999.0 0.118519 0.116667 0.115053 0.114521 0.114050 0.113595 0.115490 0.119150 0.125131 0.132933 0.137968 0.140872 0.143613 0.143830 0.141520 0.140319 0.140192 0.135105 0.130379 0.126241 0.122510 0.122043 0.125136 0.129910 0.135953 0.142005 0.148802 0.155587 0.163257 0.175771 0.181003 0.176710 0.172650 0.170053 0.170131
-9999.0 -9999.0 -9999.0 -9999.0 -9999.0 -9999.0 -9999.0 -9999.0 -9999.0 -9999.0 -9999.0 -9999.0 -9999.0 -9999.0 -9999.0 -9999.0 -9999.0 -9999.0 -9999.0 -9999.0 -9999.0 -9999.0 -9999.0 0.110561 0.112153 0.113839 0.115815 0.115963 0.114595 0.112905 0.111915 0.111374 0.110870 0.111888 0.114115 0.118010 0.122964 0.130470 0.133620 0.136246 0.141473 0.142116 0.143824 0.145425 0.144291 0.142898 0.137565 0.133838 0.136172 0.138642 0.141069 0.144004 0.149750 0.157467 0.167089 0.179425 0.193584 0.207111 0.219595 0.214440 0.207247 0.198298 0.198209
-9999.0 -9999.0 -9999.0 -9999.0 -9999.0 -9999.0 -9999.0 -9999.0 -9999.0 -9999.0 -9999.0 -9999.0 -9999.0 -9999.0 -9999.0 -9999.0 -9999.0 -9999.0 -9999.0 0.104802 0.104928 0.105063 0.106007 0.106188 0.106649 0.108232 0.110158 0.110548 0.110060 0.109495 0.109763 0.110308 0.111228 0.114236 0.118144 0.122470 0.127226 0.135014 0.141042 0.147297 0.155154 0.153889 0.151142 0.149621 0.149475 0.149539 0.152749 0.154596 0.157125 0.160202 0.163860 0.168396 0.174141 0.185531 0.199158 0.213824 0.228658 0.243394 0.258359 0.255297 0.245129 0.234628 0.234567
-9999.0 -9999.0 -9999.0 -9999.0 -9999.0 -9999.0 -9999.0 -9999.0 -9999.0 -9999.0 -9999.0 -9999.0 -9999.0 -9999.0 -9999.0 -9999.0 0.099231 0.099533 0.099857 0.100811 0.101189 0.101896 0.103214 0.103330 0.104073 0.105532 0.106578 0.108447 0.110241 0.112019 0.113471 0.114055 0.116138 0.118876 0.122505 0.127814 0.136183 0.145836 0.153481 0.161956 0.171197 0.170768 0.169515 0.169667 0.169768 0.174624 0.186213 0.190019 0.192414 0.206247 0.216665 0.220290 0.225154 0.238676 0.257556 0.279608 0.304955 0.321085 0.333818 0.337723 0.330092 0.327706 0.330927
-9999.0 -9999.0 -9999.0 -9999.0 -9999.0 -9999.0 -9999.0 -9999.0 -9999.0 -9999.0 -9999.0 -9999.0 -9999.0 0.092315 0.092876 0.094156 0.095289 0.095562 0.096100 0.096945 0.099000 0.099551 0.100639 0.102056 0.104286 0.106041 0.108082 0.110874 0.112972 0.114801 0.116695 0.118633 0.122919 0.128137 0.134059 0.142429 0.152300 0.163231 0.175370 0.184215 0.193376 0.195630 0.193423 0.193770 0.199236 0.212711 0.227283 0.237854 0.256490 0.276190 0.288108 0.298620 0.305409 0.314038 0.327855 0.348923 0.362499 0.367847 0.369344 0.369837 0.369876 0.369912 0.369939
-9999.0 -9999.0 -9999.0 -9999.0 -9999.0 -9999.0 -9999.0 -9999.0 -9999.0 -9999.0 0.087831 0.088122 0.087710 0.087822 0.088284 0.089632 0.091229 0.092129 0.093639 0.096769 0.099653 0.100205 0.103078 0.105066 0.106391 0.108807 0.112006 0.115454 0.120587 0.124593 0.129034 0.137167 0.144062 0.151476 0.160203 0.170811 0.183685 0.204579 0.224949 0.235929 0.255778 0.267922 0.264486 0.263879 0.269532 0.284463 0.304323 0.325180 0.341231 0.355090 0.362395 0.365661 0.367413 0.368798 0.369701 0.369978 0.369998 0.370000 0.370000 0.370000 0.370000 0.370000 0.370000
-9999.0 -9999.0 -9999.0 -9999.0 -9999.0 -9999.0 -9999.0 -9999.0 0.085385 0.086018 0.086652 0.086313 0.085800 0.085485 0.086728 0.088417 0.090279 0.092442 0.094707 0.097499 0.100244 0.103480 0.107601 0.110356 0.113334 0.117469 0.121525 0.127555 0.135501 0.141757 0.150733 0.161804 0.172733 0.183400 0.195008 0.207437 0.229622 0.257475 0.284146 0.304378 0.324376 0.340329 0.341772 0.344345 0.347763 0.358789 0.366471 0.369586 0.369974 0.369996 0.369999 0.370000 0.370000 0.370000 0.370000 0.370000 0.370000 0.370000 0.370000 0.370000 0.370000 0.370000 0.370000
-9999.0 -9999.0 -9999.0 -9999.0 -9999.0 -9999.0 0.083157 0.085286 0.086728 0.085912 0.085175 0.084857 0.084538 0.086180 0.088409 0.090362 0.092504 0.094960 0.097508 0.100186 0.107654 0.111377 0.115313 0.121316 0.125668 0.130388 0.136961 0.147217 0.158778 0.178138 0.198719 0.218899 0.239492 0.255178 0.269964 0.285849 0.310872 0.336738 0.355668 0.364902 0.368854 0.369896 0.369972 0.369987 0.369993 0.369997 0.370000 0.370000 0.370000 0.370000 0.370000 0.370000 0.370000 0.370000 0.370000 0.370000 0.370000 0.370000 0.370000 0.370000 0.370000 0.370000 0.370000
-9999.0 -9999.0 -9999.0 -9999.0 0.080665 0.082171 0.083861 0.086803 0.089322 0.088623 0.089495 0.089552 0.089392 0.089577 0.090161 0.092453 0.094921 0.097670 0.101058 0.109527 0.120840 0.126275 0.136612 0.150940 0.157655 0.165201 0.173554 0.187827 0.209057 0.236692 0.276426 0.308637 0.327927 0.342597 0.353066 0.361568 0.367851 0.369892 0.369993 0.369999 0.370000 0.370000 0.370000 0.370000 0.370000 0.370000 0.370000 0.370000 0.370000 0.370000 0.370000 0.370000 0.370000 0.370000 0.370000 0.370000 0.370000 0.370000 0.370000 0.370000 0.370000 0.370000 0.370000
-9999.0 -9999.0 -9999.0 0.077931 0.080171 0.082805 0.085223 0.088450 0.092399 0.093372 0.094517 0.095581 0.096735 0.098228 0.100089 0.103130 0.105832 0.108296 0.113349 0.124338 0.137980 0.154247 0.171895 0.192046 0.208643 0.220002 0.232209 0.251900 0.285062 0.317627 0.349861 0.366288 0.369692 0.369972 0.369993 0.369999 0.370000 0.370000 0.370000 0.370000 0.370000 0.370000 0.370000 0.370000 0.370000 0.370000 0.370000 0.370000 0.370000 0.370000 0.370000 0.370000 0.370000 0.370000 0.370000 0.370000 0.370000 0.370000 0.370000 0.370000 0.370000 0.370000 0.370000
-9999.0 -9999.0 0.075807 0.077445 0.079416 0.083143 0.088226 0.092363 0.098817 0.103821 0.105335 0.109828 0.114326 0.116736 0.122031 0.127893 0.132010 0.132495 0.136555 0.153489 0.185482 0.221787 0.251326 0.299390 0.324482 0.337592 0.344301 0.355244 0.364854 0.369706 0.369990 0.370000 0.370000 0.370000 0.370000 0.370000 0.370000 0.370000 0.370000 0.370000 0.370000 0.370000 0.370000 0.370000 0.370000 0.370000 0.370000 0.370000 0.370000 0.370000 0.370000 0.370000 0.370000 0.370000 0.370000 0.370000 0.370000 0.370000 0.370000 0.370000 0.370000 0.370000 0.370000
-9999.0 -9999.0 0.074889 0.076638 0.078895 0.084076 0.092319 0.098248 0.106987 0.118631 0.124729 0.133125 0.141861 0.151390 0.163688 0.178024 0.178905 0.179483 0.178150 0.215931 0.263978 0.319213 0.360195 0.369455 0.369970 0.369987 0.369992 0.369997 0.370000 0.370000 0.370000 0.370000 0.370000 0.370000 0.370000 0.370000 0.370000 0.370000 0.370000 0.370000 0.370000 0.370000 0.370000 0.370000 0.370000 0.370000 0.370000 0.370000 0.370000 0.370000 0.370000 0.370000 0.370000 0.370000 0.370000 0.370000 0.370000 0.370000 0.370000 0.370000 0.370000 0.370000 0.370000
-9999.0 0.072440 0.073796 0.075696 0.079217 0.084450 0.095030 0.111761 0.126202 0.142130 0.155342 0.166845 0.205748 0.246199 0.268590 0.293548 0.290062 0.285897 0.278624 0.312493 0.350353 0.369702 0.370000 0.370000 0.370000 0.370000 0.370000 0.370000 0.370000 0.370000 0.370000 0.370000 0.370000 0.370000 0.370000 0.370000 0.370000 0.370000 0.370000 0.370000 0.370000 0.370000 0.370000 0.370000 0.370000 0.370000 0.370000 0.370000 0.370000 0.370000 0.370000 0.370000 0.370000 0.370000 0.370000 0.370000 0.370000 0.370000 0.370000 0.370000 0.370000 0.370000 0.370000
-9999.0 0.071737 0.073118 0.075476 0.078963 0.085113 0.101437 0.138302 0.159150 0.177863 0.198146 0.239197 0.314966 0.354963 0.365781 0.369494 0.369406 0.368613 0.368726 0.369907 0.369996 0.370000 0.370000 0.370000 0.370000 0.370000 0.370000 0.370000 0.370000 0.370000 0.370000 0.370000 0.370000 0.370000 0.370000 0.370000 0.370000 0.370000 0.370000 0.370000 0.370000 0.370000 0.370000 0.370000 0.370000 0.370000 0.370000 0.370000 0.370000 0.370000 0.370000 0.370000 0.370000 0.370000 0.370000 0.370000 0.370000 0.370000 0.370000 0.370000 0.370000 0.370000 0.370000
-9999.0 0.071342 0.072763 0.074730 0.078136 0.088672 0.109733 0.157264 0.213095 0.241052 0.287777 0.353977 0.369859 0.369998 0.370000 0.370000 0.370000 0.370000 0.370000 0.370000 0.370000 0.370000 0.370000 0.370000 0.370000 0.370000 0.370000 0.370000 0.370000 0.370000 0.370000 0.370000 0.370000 0.370000 0.370000 0.370000 0.370000 0.370000 0.370000 0.370000 0.370000 0.370000 0.370000 0.370000 0.370000 0.370000 0.370000 0.370000 0.370000 0.370000 0.370000 0.370000 0.370000 0.370000 0.370000 0.370000 0.370000 0.370000 0.370000 0.370000 0.370000 0.370000 0.370000
-9999.0 0.070164 0.071359 0.072722 0.078022 0.092325 0.118034 0.193262 0.293006 0.331594 0.368517 0.369994 0.370000 0.370000 0.370000 0.370000 0.370000 0.370000 0.370000 0.370000 0.370000 0.370000 0.370000 0.370000 0.370000 0.370000 0.370000 0.370000 0.370000 0.370000 0.370000 0.370000 0.370000 0.370000 0.370000 0.370000 0.370000 0.370000 0.370000 0.370000 0.370000 0.370000 0.370000 0.370000 0.370000 0.370000 0.370000 0.370000 0.370000 0.370000 0.370000 0.370000 0.370000 0.370000 0.370000 0.370000 0.370000 0.370000 0.370000 0.370000 0.370000 0.370000 0.370000
-9999.0 0.069350 0.070156 0.071918 0.076915 0.089635 0.121584 0.214481 0.346071 0.369688 0.369999 0.370000 0.370000 0.370000 0.370000 0.370000 0.370000 0.370000 0.370000 0.370000 0.370000 0.370000 0.370000 0.370000 0.370000 0.370000 0.370000 0.370000 0.370000 0.370000 0.370000 0.370000 0.370000 0.370000 0.370000 0.370000 0.370000 0.370000 0.370000 0.370000 0.370000 0.370000 0.370000 0.370000 0.370000 0.370000 0.370000 0.370000 0.370000 0.370000 0.370000 0.370000 0.370000 0.370000 0.370000 0.370000 0.370000 0.370000 0.370000 0.370000 0.370000 0.370000 0.370000
-9999.0 0.068770 0.069626 0.070960 0.074217 0.081130 0.097111 0.148875 0.262522 0.369223 0.370000 0.370000 0.370000 0.370000 0.370000 0.370000 0.370000 0.370000 0.370000 0.370000 0.370000 0.370000 0.370000 0.370000 0.370000 0.370000 0.370000 0.370000 0.370000 0.370000 0.370000 0.370000 0.370000 0.370000 0.370000 0.370000 0.370000 0.370000 0.370000 0.370000 0.370000 0.370000 0.370000 0.370000 0.370000 0.370000 0.370000 0.370000 0.370000 0.370000 0.370000 0.370000 0.370000 0.370000 0.370000 0.370000 0.370000 0.370000 0.370000 0.369999 0.369980 0.369724 0.369148
-9999.0 -9999.0 0.069069 0.070123 0.072025 0.075958 0.084353 0.109281 0.172896 0.319583 0.369224 0.369989 0.370000 0.370000 0.370000 0.370000 0.370000 0.370000 0.370000 0.370000 0.370000 0.370000 0.370000 0.370000 0.370000 0.370000 0.370000 0.370000 0.370000 0.370000 0.370000 0.370000 0.370000 0.370000 0.370000 0.370000 0.370000 0.370000 0.370000 0.370000 0.370000 0.370000 0.370000 0.370000 0.370000 0.370000 0.370000 0.370000 0.370000 0.370000 0.370000 0.370000 0.370000 0.370000 0.370000 0.369999 0.369995 0.369970 0.369555 0.365110 0.350929 0.326479 0.302324
-9999.0 -9999.0 0.068572 0.069317 0.070694 0.073263 0.077442 0.086164 0.114493 0.165004 0.236302 0.311405 0.354184 0.368628 0.369923 0.369994 0.369999 0.369999 0.369999 0.370000 0.370000 0.370000 0.370000 0.370000 0.370000 0.370000 0.370000 0.370000 0.370000 0.370000 0.370000 0.370000 0.370000 0.370000 0.370000 0.370000 0.370000 0.370000 0.369999 0.369998 0.369996 0.369993 0.369991 0.369991 0.369990 0.369988 0.369983 0.369955 0.369834 0.369558 0.369117 0.368551 0.368078 0.366982 0.365115 0.363056 0.356839 0.344988 0.328093 0.303379 0.270946 0.244104 0.218921
-9999.0 -9999.0 -9999.0 0.068779 0.069544 0.070630 0.072413 0.074809 0.080231 0.091425 0.109882 0.140991 0.174118 0.210148 0.252823 0.298217 0.323484 0.333942 0.340456 0.359168 0.365608 0.369406 0.369944 0.369981 0.369991 0.369996 0.369997 0.369994 0.369990 0.369973 0.369794 0.368536 0.366757 0.366612 0.366610 0.366949 0.366114 0.365003 0.362200 0.358002 0.352520 0.347388 0.344745 0.342249 0.340556 0.338259 0.335640 0.330651 0.324114 0.317454 0.311876 0.309240 0.306511 0.302404 0.296719 0.290677 0.281100 0.259551 0.238453 0.216769 0.193512 0.172909 0.155769
-9999.0 -9999.0 -9999.0 -9999.0 -9999.0 0.069101 0.070017 0.071293 0.073020 0.075463 0.079755 0.088022 0.094561 0.103253 0.116055 0.130030 0.144361 0.162317 0.189221 0.219694 0.255433 0.284498 0.312573 0.332601 0.341723 0.349012 0.351460 0.347075 0.341451 0.331730 0.314388 0.296704 0.291990 0.291939 0.292106 0.290771 0.286509 0.281974 0.275735 0.264369 0.254111 0.249312 0.245871 0.242523 0.239117 0.236195 0.233410 0.230583 0.223743 0.218175 0.218420 0.216492 0.214568 0.212663 0.207929 0.202815 0.196766 0.180148 0.166824 0.158182 0.142742 0.130953 0.123703
-9999.0 -9999.0 -9999.0 -9999.0 -9999.0 -9999.0 0.068789 0.069458 0.070263 0.071412 0.073250 0.075652 0.077076 0.079731 0.083439 0.088591 0.095896 0.103262 0.112846 0.125480 0.142081 0.159121 0.180070 0.203729 0.214408 0.223377 0.232160 0.225108 0.217891 0.210726 0.195164 0.191724 0.187674 0.187677 0.187460 0.187292 0.183884 0.180242 0.176820 0.170175 0.167000 0.163687 0.161401 0.159254 0.157105 0.155329 0.154026 0.152773 0.149750 0.150192 0.150421 0.149549 0.148492 0.147396 0.144594 0.140881 0.137389 0.130759 0.125571 0.120788 0.113278 0.108342 0.103887
