tests/Borden05m/data_simulated/sim_1/output-maps/thetaliqL0003N0003.asc
ncols         160
nrows         34
xllcorner     620200.000000
yllcorner     5168000.000000
cellsize      0.500000
NODATA_value  -9999.0
[rows 0 to 27 of 34, columns 0 to 62 of 160]
-9999.0 -9999.0 -9999.0 -9999.0 -9999.0 -9999.0 -9999.0 -9999.0 -9999.0 -9999.0 -9999.0 -9999.0 -9999.0 -9999.0 -9999.0 -9999.0 -9999.0 -9999.0 -9999.0 -9999.0 -9999.0 -9999.0 -9999.0 -9999.0 -9999.0 -9999.0 -9999.0 -9999.0 -9999.0 -9999.0 -9999.0 -9999.0 -9999.0 -9999.0 -9999.0 -9999.0 -9999.0 -9999.0 -9999.0 -9999.0 -9999.0 -9999.0 -9999.0 -9999.0 -9999.0 -9999.0 -9999.0 -9999.0 -9999.0 -9999.0 -9999.0 -9999.0 -9999.0 -9999.0 -9999.0 -9999.0 -9999.0 -9999.0 -9999.0 -9999.0 -9999.0 -9999.0 -9999.0
-9999.0 -9999.0 -9999.0 -9999.0 -9999.0 -9999.0 -9999.0 -9999.0 -9999.0 -9999.0 -9999.0 -9999.0 -9999.0 -9999.0 -9999.0 -9999.0 -9999.0 -9999.0 -9999.0 -9999.0 -9999.0 -9999.0 -9999.0 -9999.0 -9999.0 -9999.0 -9999.0 -9999.0 -9999.0 -9999.0 -9999.0 -9999.0 -9999.0 -9999.0 -9999.0 -9999.0 -9999.0 -9999.0 -9999.0 -9999.0 -9999.0 -9999.0 -9999.0 -9999.0 -9999.0 -9999.0 -9999.0 -9999.0 -9999.0 -9999.0 -9999.0 -9999.0 -9999.0 -9999.0 -9999.0 -9999.0 -9999.0 -9999.0 -9999.0 0.145305 0.143588 0.142353 0.141597
-9999.0 -9999.0 -9999.0 -9999.0 -9999.0 -9999.0 -9999.0 -9999.0 -9999.0 -9999.0 -9999.0 -9999.0 -9999.0 -9999.0 -9999.0 -9999.0 -9999.0 -9999.0 -9999.0 -9999.0 -9999.0 -9999.0 -9999.0 -9999.0 -9999.0 -9999.0 -9999.0 -9999.0 -9999.0 -9999.0 -9999.0 -9999.0 -9999.0 -9999.0 -9999.0 -9999.0 -9999.0 -9999.0 -9999.0 -9999.0 -9999.0 -9999.0 -9999.0 -9999.0 -9999.0 -9999.0 -9999.0 0.130449 0.126027 0.121057 0.119771 0.125338 0.128169 0.130952 0.132982 0.134922 0.137735 0.142601 0.142444 0.136076 0.135388 0.135153 0.135336
-9999.0 -9999.0 -9999.0 -9999.0 -9999.0 -9999.0 -9999.0 -9999.0 -9999.0 -9999.0 -9999.0 -9999.0 -9999.0 -9999.0 -9999.0 -9999.0 -9999.0 -9999.0 -9999.0 -9999.0 -9999.0 -9999.0 -9999.0 -9999.0 -9999.0 -9999.0 -9999.0 -9999.0 -9999.0 -9999.0 -9999.0 -9999.0 -9999.0 -9999.0 -9999.0 -9999.0 -9999.0 -9999.0 -9999.0 -9999.0 0.131046 0.133107 0.134763 0.131666 0.130236 0.130208 0.126928 0.123363 0.119919 0.120843 0.120943 0.118817 0.122675 0.126056 0.127514 0.128803 0.131920 0.137171 0.136962 0.132274 0.129488 0.128577 0.129091
-9999.0 -9999.0 -9999.0 -9999.0 -9999.0 -9999.0 -9999.0 -9999.0 -9999.0 -9999.0 -9999.0 -9999.0 -9999.0 -9999.0 -9999.0 -9999.0 -9999.0 -9999.0 -9999.0 -9999.0 -9999.0 -9999.0 -9999.0 -9999.0 -9999.0 -9999.0 -9999.0 -9999.0 -9999.0 -9999.0 -9999.0 -9999.0 -9999.0 -9999.0 0.120897 0.124524 0.126338 0.128129 0.130725 0.130076 0.129541 0.131348 0.129740 0.129561 0.127465 0.123736 0.120157 0.118174 0.120016 0.119351 0.119415 0.121259 0.122583 0.123289 0.126113 0.130612 0.128868 0.130150 0.129696 0.127848 0.129525 0.130913 0.131820
-9999.0 -9999.0 -9999.0 -9999.0 -9999.0 -9999.0 -9999.0 -9999.0 -9999.0 -9999.0 -9999.0 -9999.0 -9999.0 -9999.0 -9999.0 -9999.0 -9999.0 -9999.0 -9999.0 -9999.0 -9999.0 -9999.0 -9999.0 -9999.0 -9999.0 -9999.0 -9999.0 -9999.0 0.126111 0.124651 0.123544 0.123596 0.123101 0.121251 0.120870 0.121358 0.123418 0.126743 0.127468 0.127230 0.127590 0.126887 0.124792 0.124536 0.126730 0.124447 0.123281 0.121792 0.118412 0.117624 0.119568 0.121565 0.123410 0.124091 0.124661 0.124959 0.125664 0.131139 0.132627 0.129739 0.128114 0.127356 0.127763
-9999.0 -9999.0 -9999.0 -9999.0 -9999.0 -9999.0 -9999.0 -9999.0 -9999.0 -9999.0 -9999.0 -9999.0 -9999.0 -9999.0 -9999.0 -9999.0 -9999.0 -9999.0 -9999.0 -9999.0 -9999.0 -9999.0 -9999.0 0.123376 0.124715 0.125259 0.126481 0.125904 0.123164 0.121434 0.120690 0.120091 0.118726 0.118627 0.118698 0.119730 0.120593 0.123959 0.122591 0.121762 0.124575 0.123992 0.125818 0.127909 0.127370 0.127746 0.123773 0.120935 0.123838 0.125107 0.125078 0.124574 0.125779 0.127402 0.129448 0.132824 0.137119 0.140832 0.146581 0.142848 0.140103 0.135527 0.135957
-9999.0 -9999.0 -9999.0 -9999.0 -9999.0 -9999.0 -9999.0 -9999.0 -9999.0 -9999.0 -9999.0 -9999.0 -9999.0 -9999.0 -9999.0 -9999.0 -9999.0 -9999.0 -9999.0 0.123225 0.122842 0.122075 0.122426 0.119943 0.118940 0.119698 0.121101 0.120344 0.118937 0.117750 0.117907 0.118096 0.117856 0.119786 0.121447 0.122136 0.121937 0.124679 0.125667 0.127326 0.131420 0.128892 0.126420 0.125147 0.125048 0.124366 0.126619 0.127362 0.127674 0.127543 0.127740 0.128504 0.129100 0.132592 0.136031 0.139086 0.142029 0.145853 0.152476 0.149713 0.144642 0.139429 0.139432
-9999.0 -9999.0 -9999.0 -9999.0 -9999.0 -9999.0 -9999.0 -9999.0 -9999.0 -9999.0 -9999.0 -9999.0 -9999.0 -9999.0 -9999.0 -9999.0 0.122647 0.122449 0.121509 0.120027 0.118752 0.118764 0.119832 0.118043 0.117493 0.117958 0.117232 0.118198 0.119235 0.120471 0.121061 0.119793 0.120116 0.120051 0.120066 0.120890 0.123931 0.126887 0.127757 0.129992 0.133828 0.131815 0.130953 0.131076 0.129843 0.131044 0.136700 0.135959 0.133721 0.139704 0.143066 0.142039 0.141677 0.145889 0.152306 0.160404 0.173436 0.181561 0.190980 0.193976 0.183639 0.181632 0.184519
-9999.0 -9999.0 -9999.0 -9999.0 -9999.0 -9999.0 -9999.0 -9999.0 -9999.0 -9999.0 -9999.0 -9999.0 -9999.0 0.121861 0.121689 0.122031 0.119679 0.117879 0.116835 0.115409 0.117405 0.116075 0.115705 0.116093 0.117894 0.118009 0.118292 0.119501 0.119219 0.118782 0.118370 0.117417 0.119000 0.120649 0.121905 0.124395 0.126488 0.128264 0.131282 0.132155 0.134245 0.133671 0.131608 0.131208 0.132992 0.138256 0.142531 0.144119 0.151674 0.159615 0.163075 0.167813 0.169819 0.172563 0.179417 0.198456 0.219363 0.237493 0.247437 0.259732 0.259562 0.261633 0.262956
-9999.0 -9999.0 -9999.0 -9999.0 -9999.0 -9999.0 -9999.0 -9999.0 -9999.0 -9999.0 0.117919 0.119162 0.117328 0.114090 0.112776 0.113557 0.114403 0.113281 0.113406 0.116863 0.118886 0.115729 0.118024 0.118149 0.116867 0.117312 0.118336 0.118624 0.120943 0.121196 0.121399 0.125272 0.126485 0.127807 0.129587 0.131584 0.133455 0.140160 0.146209 0.146422 0.154729 0.160002 0.155635 0.154033 0.155142 0.160809 0.169947 0.182470 0.192024 0.206559 0.219164 0.227021 0.232618 0.239761 0.247955 0.268520 0.298022 0.323268 0.344008 0.354754 0.358465 0.359501 0.361092
-9999.0 -9999.0 -9999.0 -9999.0 -9999.0 -9999.0 -9999.0 -9999.0 0.113092 0.114946 0.116143 0.114651 0.112717 0.109395 0.110708 0.112026 0.112967 0.114371 0.115099 0.115750 0.115067 0.116339 0.118658 0.118184 0.118553 0.120151 0.120359 0.121892 0.124242 0.123530 0.124997 0.127342 0.129489 0.131482 0.133847 0.135515 0.142371 0.151756 0.161904 0.170311 0.181982 0.195905 0.193207 0.193933 0.193900 0.209750 0.228845 0.249278 0.270585 0.295594 0.319611 0.330936 0.337559 0.345274 0.354632 0.364460 0.369792 0.369980 0.369998 0.370000 0.370000 0.370000 0.370000
-9999.0 -9999.0 -9999.0 -9999.0 -9999.0 -9999.0 0.110335 0.114368 0.116438 0.111853 0.108548 0.107489 0.105676 0.109824 0.113762 0.114602 0.115290 0.116114 0.115828 0.113348 0.119786 0.118238 0.117193 0.119311 0.119380 0.119775 0.121277 0.124493 0.126222 0.132812 0.137988 0.142661 0.148910 0.152859 0.156892 0.161408 0.173445 0.190009 0.208556 0.225474 0.242449 0.262532 0.269051 0.272710 0.279449 0.293298 0.316487 0.339383 0.364559 0.369866 0.369983 0.369993 0.369996 0.369998 0.370000 0.370000 0.370000 0.370000 0.370000 0.370000 0.370000 0.370000 0.370000
-9999.0 -9999.0 -9999.0 -9999.0 0.112292 0.113260 0.112607 0.116301 0.118993 0.113295 0.115315 0.114332 0.112545 0.110481 0.108156 0.109994 0.111148 0.112000 0.111847 0.117989 0.123830 0.120544 0.123637 0.129620 0.128650 0.129603 0.130281 0.133387 0.138906 0.146056 0.162264 0.177275 0.186190 0.195891 0.204833 0.216728 0.235100 0.258774 0.284455 0.312385 0.335661 0.351768 0.361103 0.366302 0.369701 0.369945 0.369985 0.369998 0.370000 0.370000 0.370000 0.370000 0.370000 0.370000 0.370000 0.370000 0.370000 0.370000 0.370000 0.370000 0.370000 0.370000 0.370000
-9999.0 -9999.0 -9999.0 0.109728 0.113736 0.115364 0.113540 0.114416 0.117708 0.114699 0.114221 0.113759 0.113513 0.113656 0.113526 0.114750 0.115112 0.114479 0.115553 0.119568 0.121790 0.125512 0.128600 0.133054 0.136974 0.138716 0.141104 0.146637 0.160426 0.174821 0.199565 0.231944 0.256447 0.273632 0.287180 0.305687 0.321554 0.344225 0.366761 0.369890 0.369991 0.369999 0.370000 0.370000 0.370000 0.370000 0.370000 0.370000 0.370000 0.370000 0.370000 0.370000 0.370000 0.370000 0.370000 0.370000 0.370000 0.370000 0.370000 0.370000 0.370000 0.370000 0.370000
-9999.0 -9999.0 0.110235 0.112555 0.111122 0.114098 0.117614 0.115496 0.119733 0.121250 0.117316 0.119766 0.121140 0.118786 0.120569 0.122582 0.123731 0.120845 0.119079 0.123989 0.135043 0.144781 0.149294 0.172886 0.185493 0.193993 0.196677 0.208435 0.224694 0.254525 0.292505 0.328241 0.354392 0.368907 0.369857 0.369956 0.369986 0.369997 0.370000 0.370000 0.370000 0.370000 0.370000 0.370000 0.370000 0.370000 0.370000 0.370000 0.370000 0.370000 0.370000 0.370000 0.370000 0.370000 0.370000 0.370000 0.370000 0.370000 0.370000 0.370000 0.370000 0.370000 0.370000
-9999.0 -9999.0 0.107715 0.111382 0.108996 0.114958 0.121226 0.115819 0.117926 0.124478 0.123094 0.124190 0.123666 0.124305 0.127389 0.133356 0.130667 0.129827 0.124200 0.139831 0.155199 0.179561 0.222803 0.260625 0.287676 0.289580 0.290738 0.302648 0.320388 0.352733 0.369637 0.369984 0.370000 0.370000 0.370000 0.370000 0.370000 0.370000 0.370000 0.370000 0.370000 0.370000 0.370000 0.370000 0.370000 0.370000 0.370000 0.370000 0.370000 0.370000 0.370000 0.370000 0.370000 0.370000 0.370000 0.370000 0.370000 0.370000 0.370000 0.370000 0.370000 0.370000 0.370000
-9999.0 0.106673 0.108498 0.108725 0.112585 0.111634 0.116639 0.124421 0.124792 0.128187 0.128867 0.125232 0.140661 0.155441 0.160145 0.173136 0.167259 0.163812 0.154826 0.170661 0.196043 0.260160 0.348446 0.369472 0.369931 0.369951 0.369936 0.369956 0.369985 0.369999 0.370000 0.370000 0.370000 0.370000 0.370000 0.370000 0.370000 0.370000 0.370000 0.370000 0.370000 0.370000 0.370000 0.370000 0.370000 0.370000 0.370000 0.370000 0.370000 0.370000 0.370000 0.370000 0.370000 0.370000 0.370000 0.370000 0.370000 0.370000 0.370000 0.370000 0.370000 0.370000 0.370000
-9999.0 0.101738 0.108177 0.112487 0.111034 0.108446 0.119384 0.139662 0.133320 0.132372 0.132356 0.143790 0.181115 0.215766 0.237303 0.267269 0.264272 0.252666 0.253017 0.279302 0.318434 0.365799 0.369995 0.370000 0.370000 0.370000 0.370000 0.370000 0.370000 0.370000 0.370000 0.370000 0.370000 0.370000 0.370000 0.370000 0.370000 0.370000 0.370000 0.370000 0.370000 0.370000 0.370000 0.370000 0.370000 0.370000 0.370000 0.370000 0.370000 0.370000 0.370000 0.370000 0.370000 0.370000 0.370000 0.370000 0.370000 0.370000 0.370000 0.370000 0.370000 0.370000 0.370000
-9999.0 0.106609 0.114879 0.112773 0.106341 0.116452 0.121771 0.136318 0.149244 0.147016 0.161557 0.210119 0.277283 0.337914 0.365084 0.369715 0.369903 0.369880 0.369921 0.369983 0.370000 0.370000 0.370000 0.370000 0.370000 0.370000 0.370000 0.370000 0.370000 0.370000 0.370000 0.370000 0.370000 0.370000 0.370000 0.370000 0.370000 0.370000 0.370000 0.370000 0.370000 0.370000 0.370000 0.370000 0.370000 0.370000 0.370000 0.370000 0.370000 0.370000 0.370000 0.370000 0.370000 0.370000 0.370000 0.370000 0.370000 0.370000 0.370000 0.370000 0.370000 0.370000 0.370000
-9999.0 0.098298 0.108433 0.099913 0.112268 0.125993 0.124796 0.150120 0.185373 0.191775 0.252451 0.323948 0.369481 0.369996 0.370000 0.370000 0.370000 0.370000 0.370000 0.370000 0.370000 0.370000 0.370000 0.370000 0.370000 0.370000 0.370000 0.370000 0.370000 0.370000 0.370000 0.370000 0.370000 0.370000 0.370000 0.370000 0.370000 0.370000 0.370000 0.370000 0.370000 0.370000 0.370000 0.370000 0.370000 0.370000 0.370000 0.370000 0.370000 0.370000 0.370000 0.370000 0.370000 0.370000 0.370000 0.370000 0.370000 0.370000 0.370000 0.370000 0.370000 0.369999 0.369999
-9999.0 0.093246 0.099151 0.104180 0.115882 0.126129 0.137764 0.168327 0.242257 0.286157 0.336291 0.365933 0.369996 0.370000 0.370000 0.370000 0.370000 0.370000 0.370000 0.370000 0.370000 0.370000 0.370000 0.370000 0.370000 0.370000 0.370000 0.370000 0.370000 0.370000 0.370000 0.370000 0.370000 0.370000 0.370000 0.370000 0.370000 0.370000 0.370000 0.370000 0.370000 0.370000 0.370000 0.370000 0.370000 0.370000 0.370000 0.370000 0.370000 0.370000 0.370000 0.370000 0.370000 0.370000 0.370000 0.370000 0.370000 0.369999 0.369988 0.369849 0.360523 0.348301 0.343520
-9999.0 0.084518 0.101345 0.103999 0.110685 0.113146 0.115902 0.134399 0.167925 0.280315 0.367046 0.369681 0.369994 0.370000 0.370000 0.370000 0.370000 0.370000 0.370000 0.370000 0.370000 0.370000 0.370000 0.370000 0.370000 0.370000 0.370000 0.370000 0.370000 0.370000 0.370000 0.370000 0.370000 0.370000 0.370000 0.370000 0.370000 0.370000 0.370000 0.370000 0.370000 0.370000 0.370000 0.370000 0.370000 0.370000 0.370000 0.370000 0.370000 0.369999 0.369997 0.369996 0.369994 0.369988 0.369971 0.369851 0.363433 0.344703 0.326311 0.301059 0.266677 0.247063 0.246638
-9999.0 -9999.0 0.092360 0.104068 0.105754 0.108062 0.110437 0.123409 0.140013 0.207882 0.269988 0.323444 0.355226 0.369690 0.369989 0.370000 0.370000 0.370000 0.370000 0.370000 0.370000 0.370000 0.370000 0.370000 0.370000 0.370000 0.370000 0.370000 0.370000 0.370000 0.370000 0.369999 0.369998 0.369996 0.369998 0.369999 0.369999 0.369998 0.369997 0.369994 0.369989 0.369980 0.369977 0.369977 0.369973 0.369943 0.369657 0.365244 0.356549 0.347493 0.342924 0.338660 0.334095 0.325862 0.316515 0.304900 0.284701 0.267102 0.251348 0.226278 0.202247 0.180837 0.167868
-9999.0 -9999.0 0.083268 0.097446 0.106137 0.113377 0.112251 0.113665 0.133647 0.144946 0.162344 0.190137 0.222072 0.258097 0.294433 0.330929 0.343421 0.347502 0.345072 0.346635 0.354323 0.362068 0.367992 0.369859 0.369965 0.369983 0.369989 0.369979 0.369939 0.369366 0.359077 0.344318 0.336380 0.332050 0.335890 0.341789 0.339300 0.332586 0.322355 0.308952 0.297073 0.284607 0.280427 0.279408 0.279404 0.277027 0.273693 0.264929 0.254921 0.248506 0.243547 0.239030 0.237392 0.232085 0.225565 0.222591 0.211281 0.198728 0.187176 0.173473 0.158642 0.150802 0.143899
-9999.0 -9999.0 -9999.0 0.084496 0.093046 0.101494 0.105417 0.100271 0.104163 0.112662 0.119902 0.131661 0.139767 0.148662 0.161299 0.181175 0.192953 0.195380 0.193004 0.218709 0.229644 0.251481 0.269959 0.278229 0.290545 0.302717 0.306306 0.297926 0.288332 0.273820 0.255959 0.238803 0.229308 0.230598 0.230970 0.234221 0.230253 0.227168 0.219117 0.210982 0.203007 0.197146 0.195534 0.193402 0.192436 0.190779 0.189475 0.186154 0.182255 0.178285 0.174681 0.174007 0.173146 0.171469 0.169225 0.167719 0.165299 0.156357 0.149810 0.143714 0.137716 0.132574 0.128020
-9999.0 -9999.0 -9999.0 -9999.0 -9999.0 0.080366 0.096358 0.101109 0.101396 0.099798 0.102390 0.112876 0.111837 0.113950 0.119211 0.122290 0.124042 0.128478 0.137576 0.146389 0.158465 0.167824 0.180664 0.192574 0.197849 0.205343 0.208131 0.201888 0.197331 0.190305 0.178770 0.167582 0.166983 0.168003 0.168484 0.167910 0.165884 0.164509 0.162627 0.157719 0.153424 0.152627 0.151983 0.151063 0.149992 0.149214 0.148564 0.148302 0.145542 0.143027 0.144336 0.143834 0.143496 0.143605 0.142322 0.141570 0.141708 0.135253 0.131487 0.132162 0.126590 0.122931 0.123366
-9999.0 -9999.0 -9999.0 -9999.0 -9999.0 -9999.0 0.079052 0.087320 0.096804 0.100091 0.105458 0.110025 0.104304 0.106619 0.109162 0.112047 0.116725 0.117264 0.119576 0.122997 0.127815 0.130888 0.136699 0.144654 0.145255 0.147385 0.151695 0.147277 0.144970 0.143724 0.135753 0.136678 0.135469 0.136249 0.136506 0.137253 0.136175 0.135165 0.134609 0.131230 0.130998 0.130081 0.129689 0.129279 0.128857 0.128630 0.128623 0.128708 0.126750 0.127900 0.128382 0.127853 0.127587 0.127899 0.127332 0.126304 0.126404 0.123892 0.123341 0.123118 0.119087 0.118902 0.118466
