tests/Borden05m/data_simulated/sim_1/output-maps/thetaliqL0006N0006.asc
ncols         160
nrows         34
xllcorner     620200.000000
yllcorner     5168000.000000
cellsize      0.500000
NODATA_value  -9999.0
[rows 0 to 27 of 34, columns 63 to 125 of 160]
-9999.0 -9999.0 -9999.0 -9999.0 -9999.0 -9999.0 -9999.0 -9999.0 -9999.0 -9999.0 -9999.0 -9999.0 -9999.0 -9999.0 -9999.0 -9999.0 -9999.0 -9999.0 -9999.0 -9999.0 -9999.0 -9999.0 -9999.0 -9999.0 -9999.0 -9999.0 -9999.0 -9999.0 -9999.0 -9999.0 -9999.0 -9999.0 -9999.0 -9999.0 -9999.0 -9999.0 -9999.0 -9999.0 -9999.0 -9999.0 -9999.0 -9999.0 -9999.0 -9999.0 -9999.0 -9999.0 -9999.0 -9999.0 -9999.0 -9999.0 -9999.0 -9999.0 -9999.0 -9999.0 -9999.0 -9999.0 -9999.0 -9999.0 -9999.0 -9999.0 -9999.0 -9999.0 -9999.0
0.184107 0.177913 0.172265 0.169721 0.169062 0.168420 0.168089 0.171211 0.176020 0.180812 0.185542 0.187052 0.188635 0.190207 0.190533 0.189556 0.187266 0.184994 0.182672 0.181692 0.176183 0.169050 0.163706 0.162104 0.164703 0.167370 0.168898 0.172725 0.179717 0.187075 0.193098 0.201545 0.205563 0.209549 0.212238 0.209380 0.206919 0.204442 0.201326 0.193555 -9999.0 -9999.0 -9999.0 -9999.0 -9999.0 -9999.0 -9999.0 -9999.0 -9999.0 -9999.0 -9999.0 -9999.0 -9999.0 -9999.0 -9999.0 -9999.0 -9999.0 -9999.0 -9999.0 -9999.0 -9999.0 -9999.0 -9999.0
0.173606 0.168069 0.164719 0.161449 0.160436 0.160291 0.160208 0.162491 0.168061 0.172820 0.175736 0.177161 0.178623 0.178754 0.178393 0.178059 0.176145 0.173946 0.171794 0.170666 0.170540 0.165964 0.162913 0.161094 0.160535 0.161886 0.163184 0.164826 0.170643 0.175896 0.181360 0.190895 0.199654 0.203571 0.202024 0.198551 0.196171 0.192039 0.185669 0.178918 0.172225 0.167920 0.164928 0.162213 0.165865 0.169703 0.176299 0.183194 0.191526 0.200272 -9999.0 -9999.0 -9999.0 -9999.0 -9999.0 -9999.0 -9999.0 -9999.0 -9999.0 -9999.0 -9999.0 -9999.0 -9999.0
0.165762 0.163385 0.160557 0.158359 0.162355 0.162907 0.163458 0.165180 0.167192 0.168249 0.169856 0.172996 0.178532 0.180104 0.180336 0.180324 0.179069 0.177017 0.175844 0.174056 0.170805 0.170282 0.170574 0.170678 0.173977 0.174902 0.175641 0.171190 0.173202 0.177221 0.181771 0.186694 0.191729 0.195375 0.193414 0.192643 0.187230 0.178424 0.171400 0.166324 0.164817 0.163193 0.159126 0.152955 0.156652 0.165462 0.168383 0.170873 0.178571 0.186817 0.193913 0.195252 0.195105 0.194954 0.193270 0.183883 0.174497 0.165704 0.155433 -9999.0 -9999.0 -9999.0 -9999.0
0.166606 0.164662 0.163858 0.171487 0.177276 0.178140 0.179835 0.181813 0.180665 0.172566 0.170788 0.176074 0.182794 0.186680 0.186622 0.186472 0.185494 0.184716 0.184261 0.182532 0.183343 0.185117 0.185804 0.189439 0.193366 0.195253 0.188916 0.182634 0.182849 0.188007 0.193520 0.198913 0.207284 0.216561 0.215687 0.211480 0.205126 0.195467 0.179775 0.167536 0.161765 0.158486 0.155045 0.154590 0.153829 0.159476 0.160677 0.161771 0.167006 0.173398 0.179902 0.183798 0.183627 0.183446 0.181996 0.176027 0.167145 0.158878 0.150379 0.138748 0.127540 0.118336 0.118139
0.169730 0.171853 0.180354 0.189551 0.200309 0.201918 0.203523 0.203130 0.195636 0.188271 0.185074 0.195594 0.206908 0.213018 0.213646 0.214309 0.220997 0.219004 0.216462 0.211831 0.213744 0.216311 0.225817 0.231714 0.236945 0.235273 0.225864 0.217393 0.215782 0.217031 0.218294 0.222929 0.231589 0.240314 0.236720 0.230877 0.222705 0.200691 0.181201 0.170612 0.171470 0.172089 0.169634 0.167997 0.165917 0.161560 0.161538 0.161477 0.161389 0.168502 0.176105 0.178452 0.174793 0.172730 0.171485 0.166311 0.160248 0.152289 0.144161 0.136033 0.125277 0.122767 0.120310
0.199651 0.205631 0.215620 0.230378 0.249879 0.252807 0.255907 0.259432 0.250565 0.240514 0.230556 0.242747 0.250405 0.257857 0.260916 0.270800 0.279032 0.274693 0.267165 0.259348 0.264642 0.276480 0.288196 0.292776 0.295054 0.295649 0.288507 0.284508 0.282031 0.281920 0.278568 0.280623 0.289771 0.301604 0.302208 0.294040 0.276467 0.247681 0.219171 0.201797 0.204843 0.200545 0.196663 0.193684 0.184044 0.176550 0.176478 0.170717 0.167082 0.174135 0.178081 0.179461 0.175713 0.179384 0.174495 0.163952 0.154478 0.146650 0.140058 0.133915 0.130990 0.127526 0.124882
0.238112 0.245183 0.260344 0.280124 0.299552 0.309095 0.314898 0.320696 0.316189 0.309831 0.303028 0.306277 0.315101 0.323095 0.330250 0.337220 0.343183 0.340900 0.336485 0.335308 0.337479 0.345107 0.350937 0.353226 0.354659 0.356586 0.355125 0.352170 0.348228 0.344015 0.340051 0.337421 0.344066 0.349768 0.349084 0.338825 0.325664 0.303649 0.275712 0.247297 0.242379 0.242305 0.241267 0.228738 0.216631 0.201882 0.193648 0.187589 0.177536 0.180458 0.184560 0.192236 0.199641 0.199086 0.187591 0.176216 0.164550 0.154179 0.147002 0.144891 0.142638 0.138496 0.135905
0.327419 0.330556 0.337529 0.350730 0.362148 0.366910 0.368950 0.369198 0.368667 0.367858 0.366277 0.365300 0.366869 0.368101 0.369000 0.369574 0.369865 0.369955 0.369963 0.369968 0.369980 0.369990 0.369998 0.370000 0.370000 0.370000 0.370000 0.370000 0.370000 0.369994 0.369947 0.369897 0.369861 0.369913 0.369895 0.369480 0.367780 0.363367 0.352791 0.337776 0.324780 0.324598 0.315722 0.303930 0.287342 0.257331 0.240781 0.226975 0.203483 0.199985 0.208784 0.220400 0.226244 0.213614 0.201287 0.187895 0.174299 0.162125 0.158517 0.157865 0.156268 0.153304 0.151984
0.368754 0.369102 0.369597 0.369998 0.370000 0.370000 0.370000 0.370000 0.370000 0.370000 0.370000 0.370000 0.370000 0.370000 0.370000 0.370000 0.370000 0.370000 0.370000 0.370000 0.370000 0.370000 0.370000 0.370000 0.370000 0.370000 0.370000 0.370000 0.370000 0.370000 0.370000 0.370000 0.370000 0.370000 0.370000 0.370000 0.370000 0.370000 0.370000 0.369879 0.368819 0.366741 0.363537 0.358380 0.342899 0.320022 0.295460 0.271825 0.247346 0.242427 0.264547 0.285081 0.277303 0.267857 0.253149 0.232563 0.212750 0.193644 0.188358 0.186166 0.182327 0.178126 0.174170
0.370000 0.370000 0.370000 0.370000 0.370000 0.370000 0.370000 0.370000 0.370000 0.370000 0.370000 0.370000 0.370000 0.370000 0.370000 0.370000 0.370000 0.370000 0.370000 0.370000 0.370000 0.370000 0.370000 0.370000 0.370000 0.370000 0.370000 0.370000 0.370000 0.370000 0.370000 0.370000 0.370000 0.370000 0.370000 0.370000 0.370000 0.370000 0.370000 0.370000 0.370000 0.370000 0.370000 0.370000 0.369999 0.369507 0.367775 0.362902 0.351470 0.336140 0.347357 0.343043 0.337256 0.327546 0.311199 0.292250 0.271081 0.248556 0.239298 0.234512 0.228114 0.222870 0.215850
0.370000 0.370000 0.370000 0.370000 0.370000 0.370000 0.370000 0.370000 0.370000 0.370000 0.370000 0.370000 0.370000 0.370000 0.370000 0.370000 0.370000 0.370000 0.370000 0.370000 0.370000 0.370000 0.370000 0.370000 0.370000 0.370000 0.370000 0.370000 0.370000 0.370000 0.370000 0.370000 0.370000 0.370000 0.370000 0.370000 0.370000 0.370000 0.370000 0.370000 0.370000 0.370000 0.370000 0.370000 0.370000 0.370000 0.370000 0.370000 0.370000 0.369986 0.369651 0.369008 0.367836 0.364069 0.356420 0.347109 0.329946 0.308473 0.292195 0.285617 0.279275 0.271466 0.261381
0.370000 0.370000 0.370000 0.370000 0.370000 0.370000 0.370000 0.370000 0.370000 0.370000 0.370000 0.370000 0.370000 0.370000 0.370000 0.370000 0.370000 0.370000 0.370000 0.370000 0.370000 0.370000 0.370000 0.370000 0.370000 0.370000 0.370000 0.370000 0.370000 0.370000 0.370000 0.370000 0.370000 0.370000 0.370000 0.370000 0.370000 0.370000 0.370000 0.370000 0.370000 0.370000 0.370000 0.370000 0.370000 0.370000 0.370000 0.370000 0.370000 0.370000 0.370000 0.370000 0.370000 0.370000 0.370000 0.369944 0.368766 0.363936 0.355466 0.349371 0.339584 0.328282 0.317633
0.370000 0.370000 0.370000 0.370000 0.370000 0.370000 0.370000 0.370000 0.370000 0.370000 0.370000 0.370000 0.370000 0.370000 0.370000 0.370000 0.370000 0.370000 0.370000 0.370000 0.370000 0.370000 0.370000 0.370000 0.370000 0.370000 0.370000 0.370000 0.370000 0.370000 0.370000 0.370000 0.370000 0.370000 0.370000 0.370000 0.370000 0.370000 0.370000 0.370000 0.370000 0.370000 0.370000 0.370000 0.370000 0.370000 0.370000 0.370000 0.370000 0.370000 0.370000 0.370000 0.370000 0.370000 0.370000 0.370000 0.370000 0.370000 0.370000 0.369847 0.368428 0.365118 0.359577
0.370000 0.370000 0.370000 0.370000 0.370000 0.370000 0.370000 0.370000 0.370000 0.370000 0.370000 0.370000 0.370000 0.370000 0.370000 0.370000 0.370000 0.370000 0.370000 0.370000 0.370000 0.370000 0.370000 0.370000 0.370000 0.370000 0.370000 0.370000 0.370000 0.370000 0.370000 0.370000 0.370000 0.370000 0.370000 0.370000 0.370000 0.370000 0.370000 0.370000 0.370000 0.370000 0.370000 0.370000 0.370000 0.370000 0.370000 0.370000 0.370000 0.370000 0.370000 0.370000 0.370000 0.370000 0.370000 0.370000 0.370000 0.370000 0.370000 0.370000 0.370000 0.370000 0.369987
0.370000 0.370000 0.370000 0.370000 0.370000 0.370000 0.370000 0.370000 0.370000 0.370000 0.370000 0.370000 0.370000 0.370000 0.370000 0.370000 0.370000 0.370000 0.370000 0.370000 0.370000 0.370000 0.370000 0.370000 0.370000 0.370000 0.370000 0.370000 0.370000 0.370000 0.370000 0.370000 0.370000 0.370000 0.370000 0.370000 0.370000 0.370000 0.370000 0.370000 0.370000 0.370000 0.370000 0.370000 0.370000 0.370000 0.370000 0.370000 0.370000 0.370000 0.370000 0.370000 0.370000 0.370000 0.370000 0.370000 0.370000 0.370000 0.370000 0.370000 0.370000 0.370000 0.370000
0.370000 0.370000 0.370000 0.370000 0.370000 0.370000 0.370000 0.370000 0.370000 0.370000 0.370000 0.370000 0.370000 0.370000 0.370000 0.370000 0.370000 0.370000 0.370000 0.370000 0.370000 0.370000 0.370000 0.370000 0.370000 0.370000 0.370000 0.370000 0.370000 0.370000 0.370000 0.370000 0.370000 0.370000 0.370000 0.370000 0.370000 0.370000 0.370000 0.370000 0.370000 0.370000 0.370000 0.370000 0.370000 0.370000 0.370000 0.370000 0.370000 0.370000 0.370000 0.370000 0.370000 0.370000 0.370000 0.370000 0.370000 0.370000 0.370000 0.370000 0.370000 0.370000 0.370000
0.370000 0.370000 0.370000 0.370000 0.370000 0.370000 0.370000 0.370000 0.370000 0.370000 0.370000 0.370000 0.370000 0.370000 0.370000 0.370000 0.370000 0.370000 0.370000 0.370000 0.370000 0.370000 0.370000 0.370000 0.370000 0.370000 0.370000 0.370000 0.370000 0.370000 0.370000 0.370000 0.370000 0.370000 0.370000 0.370000 0.370000 0.370000 0.370000 0.370000 0.370000 0.370000 0.370000 0.370000 0.370000 0.370000 0.370000 0.370000 0.370000 0.370000 0.370000 0.370000 0.370000 0.370000 0.370000 0.370000 0.370000 0.370000 0.370000 0.370000 0.370000 0.370000 0.370000
0.370000 0.370000 0.370000 0.370000 0.370000 0.370000 0.370000 0.370000 0.370000 0.370000 0.370000 0.370000 0.370000 0.370000 0.370000 0.370000 0.370000 0.370000 0.370000 0.370000 0.370000 0.370000 0.370000 0.370000 0.370000 0.370000 0.370000 0.370000 0.370000 0.370000 0.370000 0.370000 0.370000 0.370000 0.370000 0.370000 0.370000 0.370000 0.370000 0.370000 0.370000 0.370000 0.370000 0.370000 0.370000 0.370000 0.370000 0.370000 0.370000 0.370000 0.370000 0.370000 0.370000 0.370000 0.370000 0.370000 0.370000 0.370000 0.370000 0.370000 0.370000 0.370000 0.370000
0.370000 0.370000 0.370000 0.370000 0.370000 0.370000 0.370000 0.370000 0.370000 0.370000 0.370000 0.370000 0.370000 0.370000 0.369998 0.369924 0.369781 0.369626 0.369254 0.369075 0.369271 0.369572 0.369322 0.369104 0.369160 0.369048 0.369016 0.369490 0.369872 0.369968 0.369995 0.370000 0.370000 0.370000 0.370000 0.370000 0.370000 0.370000 0.370000 0.370000 0.370000 0.370000 0.370000 0.370000 0.370000 0.370000 0.370000 0.370000 0.370000 0.370000 0.370000 0.370000 0.370000 0.370000 0.370000 0.370000 0.370000 0.370000 0.370000 0.370000 0.370000 0.370000 0.370000
0.370000 0.370000 0.370000 0.370000 0.370000 0.369996 0.369745 0.369080 0.367432 0.363176 0.358545 0.358493 0.359665 0.357973 0.352441 0.346757 0.342165 0.336572 0.328752 0.323444 0.328040 0.332884 0.334451 0.335188 0.336809 0.337106 0.336500 0.335893 0.340971 0.345152 0.349401 0.352879 0.356010 0.362694 0.366790 0.368492 0.369586 0.369971 0.370000 0.370000 0.370000 0.370000 0.370000 0.370000 0.370000 0.370000 0.370000 0.370000 0.370000 0.370000 0.370000 0.370000 0.370000 0.370000 0.370000 0.370000 0.370000 0.370000 0.370000 0.370000 0.370000 0.370000 0.370000
0.370000 0.370000 0.369815 0.366858 0.360935 0.352568 0.342293 0.329719 0.312064 0.292440 0.278029 0.283238 0.288482 0.294685 0.285068 0.275315 0.269784 0.258454 0.247219 0.236467 0.243312 0.250629 0.262214 0.264651 0.266902 0.271275 0.269879 0.268222 0.263643 0.270613 0.277817 0.286947 0.304800 0.320688 0.333928 0.343371 0.351306 0.358511 0.364478 0.368027 0.369564 0.369957 0.370000 0.370000 0.370000 0.370000 0.370000 0.370000 0.370000 0.370000 0.370000 0.370000 0.370000 0.370000 0.370000 0.370000 0.370000 0.370000 0.370000 0.370000 0.370000 0.370000 0.370000
0.358739 0.346468 0.323674 0.307440 0.292936 0.275307 0.258457 0.241982 0.221243 0.204011 0.188382 0.191400 0.199913 0.209882 0.203783 0.200198 0.197848 0.189730 0.180817 0.172443 0.174745 0.183925 0.195010 0.199256 0.203479 0.208758 0.208636 0.204048 0.197945 0.201712 0.210913 0.222346 0.239205 0.256833 0.273650 0.288379 0.303837 0.318728 0.332095 0.344234 0.354064 0.359811 0.365032 0.368328 0.369595 0.369945 0.370000 0.370000 0.370000 0.370000 0.370000 0.370000 0.370000 0.370000 0.370000 0.370000 0.370000 0.370000 0.370000 0.370000 0.370000 0.370000 0.370000
0.269290 0.244698 0.228511 0.214217 0.200855 0.188246 0.175488 0.164026 0.153570 0.143288 0.134571 0.136788 0.142768 0.149032 0.149756 0.148313 0.146880 0.143121 0.137259 0.132156 0.135305 0.141941 0.149138 0.153851 0.157217 0.160622 0.159036 0.154659 0.150721 0.154468 0.162431 0.170922 0.181889 0.195986 0.211150 0.226954 0.244098 0.261518 0.280429 0.298910 0.315825 0.330008 0.341514 0.350834 0.355254 0.359237 0.362745 0.366636 0.368787 0.369806 0.369999 0.370000 0.370000 0.370000 0.370000 0.370000 0.370000 0.370000 0.370000 0.370000 0.370000 0.370000 0.370000
0.195124 0.175788 0.161977 0.152608 0.147678 0.141019 0.132999 0.127864 0.122091 0.115862 0.115204 0.116461 0.120513 0.121524 0.121785 0.120825 0.120478 0.118863 0.115113 0.116504 0.118925 0.123875 0.127782 0.131223 0.133697 0.135397 0.134998 0.131883 0.132667 0.135570 0.141817 0.147205 0.154813 0.166132 0.176389 0.188797 0.203780 0.220268 0.238534 0.258252 0.279163 0.297141 0.310887 0.317498 0.324250 0.328684 0.327155 0.335736 0.343639 0.350911 0.359155 0.365338 0.369113 0.369999 0.370000 0.370000 0.370000 0.370000 0.370000 0.370000 0.370000 0.370000 0.370000
0.141426 0.129653 0.121115 0.118080 0.115078 0.111949 0.108565 0.105423 0.102578 0.102287 0.101857 0.101890 0.102445 0.103091 0.103598 0.103373 0.103141 0.103176 0.104183 0.105096 0.106344 0.108911 0.111713 0.114394 0.115541 0.116733 0.117459 0.118241 0.118957 0.120337 0.124103 0.128188 0.133234 0.140277 0.148118 0.157528 0.169799 0.183477 0.199513 0.218812 0.239363 0.255373 0.263381 0.271402 0.275008 0.272158 0.269368 0.276670 0.286630 0.296125 0.311418 0.326206 0.339553 0.358596 0.368392 0.369995 0.370000 0.370000 0.370000 0.370000 0.370000 0.370000 0.370000
0.114776 0.107875 0.103711 0.101701 0.099795 0.097946 0.095691 0.093943 0.093531 0.093214 0.092926 0.092738 0.093240 0.093775 0.094403 0.094318 0.094342 0.094718 0.095370 0.096256 0.097762 0.099705 0.101957 0.104865 0.105804 0.106814 0.108033 0.108618 0.109331 0.110392 0.113391 0.116659 0.120433 0.126064 0.132518 0.140371 0.150610 0.163904 0.181417 0.199271 0.218418 0.235053 0.242187 0.245919 0.244825 0.240647 0.231501 0.231591 0.241069 0.244790 0.256862 0.274310 0.286113 0.315113 0.342472 0.357169 0.366611 0.369774 0.370000 0.370000 0.370000 0.370000 0.370000
0.099003 0.095776 0.092869 0.091211 0.089898 0.088690 0.087664 0.087343 0.087010 0.086797 0.086664 0.086523 0.086802 0.087243 0.087692 0.087884 0.088161 0.088455 0.089128 0.090209 0.091339 0.092976 0.095142 0.097525 0.098523 0.099482 0.100481 0.101180 0.101974 0.102777 0.104994 0.107660 0.110527 0.115228 0.120747 0.127005 0.136939 0.150368 0.166135 0.181801 0.199021 0.216755 0.219449 0.220647 0.220229 0.210513 0.199346 0.195994 0.198485 0.199455 0.206854 0.216875 0.227185 0.252225 0.277798 0.302667 0.328265 0.351852 0.365447 0.369248 0.369995 0.370000 0.370000
