tests/Borden05m/data_simulated/sim_1/output-maps/thetaliqL0007N0018.asc
ncols         160
nrows         34
xllcorner     620200.000000
yllcorner     5168000.000000
cellsize      0.500000
NODATA_value  -9999.0
[rows 0 to 27 of 34, columns 63 to 125 of 160]
-9999.0 -9999.0 -9999.0 -9999.0 -9999.0 -9999.0 -9999.0 -9999.0 -9999.0 -9999.0 -9999.0 -9999.0 -9999.0 -9999.0 -9999.0 -9999.0 -9999.0 -9999.0 -9999.0 -9999.0 -9999.0 -9999.0 -9999.0 -9999.0 -9999.0 -9999.0 -9999.0 -9999.0 -9999.0 -9999.0 -9999.0 -9999.0 -9999.0 -9999.0 -9999.0 -9999.0 -9999.0 -9999.0 -9999.0 -9999.0 -9999.0 -9999.0 -9999.0 -9999.0 -9999.0 -9999.0 -9999.0 -9999.0 -9999.0 -9999.0 -9999.0 -9999.0 -9999.0 -9999.0 -9999.0 -9999.0 -9999.0 -9999.0 -9999.0 -9999.0 -9999.0 -9999.0 -9999.0
0.318977 0.313088 0.307215 0.304406 0.303705 0.303031 0.302708 0.306359 0.311620 0.316457 0.320858 0.322234 0.323631 0.324965 0.325262 0.324500 0.322599 0.320633 0.318544 0.317634 0.312255 0.304480 0.298044 0.296003 0.299298 0.302542 0.304341 0.308614 0.315796 0.322513 0.327441 0.333588 0.336239 0.338650 0.340140 0.338406 0.336828 0.335158 0.332964 0.327234 -9999.0 -9999.0 -9999.0 -9999.0 -9999.0 -9999.0 -9999.0 -9999.0 -9999.0 -9999.0 -9999.0 -9999.0 -9999.0 -9999.0 -9999.0 -9999.0 -9999.0 -9999.0 -9999.0 -9999.0 -9999.0 -9999.0 -9999.0
0.308774 0.302599 0.298616 0.294519 0.293240 0.293140 0.293114 0.296182 0.303154 0.308601 0.311757 0.313293 0.314836 0.314977 0.314665 0.314382 0.312483 0.310208 0.307898 0.306657 0.306568 0.301236 0.297428 0.295067 0.294291 0.296085 0.297762 0.299863 0.306700 0.312344 0.317720 0.326039 0.332585 0.335191 0.334098 0.331619 0.329768 0.326441 0.320954 0.314556 0.307588 0.302605 0.298849 0.295227 0.299727 0.304240 0.311319 0.317953 0.325119 0.331688 -9999.0 -9999.0 -9999.0 -9999.0 -9999.0 -9999.0 -9999.0 -9999.0 -9999.0 -9999.0 -9999.0 -9999.0 -9999.0
0.300265 0.297417 0.293854 0.290900 0.296458 0.297296 0.298101 0.300348 0.302795 0.304183 0.306085 0.309656 0.315454 0.317080 0.317377 0.317431 0.316275 0.314283 0.313115 0.311279 0.307797 0.307228 0.307580 0.307713 0.311295 0.312278 0.313043 0.308304 0.310496 0.314642 0.319022 0.323356 0.327446 0.330128 0.328549 0.327834 0.323228 0.314910 0.307337 0.301266 0.299337 0.297131 0.291592 0.282534 0.287840 0.299391 0.302800 0.305539 0.313613 0.321263 0.327101 0.328115 0.327928 0.327725 0.326310 0.318215 0.308792 0.298566 0.284722 -9999.0 -9999.0 -9999.0 -9999.0
0.302260 0.300042 0.299170 0.308315 0.314630 0.315700 0.317501 0.319484 0.318508 0.310427 0.308551 0.314259 0.320843 0.324378 0.324474 0.324472 0.323714 0.323094 0.322729 0.321238 0.321993 0.323634 0.324302 0.327363 0.330467 0.331857 0.327035 0.321601 0.321750 0.326119 0.330412 0.334246 0.339529 0.344528 0.343988 0.341551 0.337531 0.330646 0.317072 0.303744 0.296291 0.291597 0.286473 0.285710 0.284277 0.292196 0.293638 0.294962 0.301349 0.308552 0.315177 0.318776 0.318510 0.318217 0.316736 0.310676 0.300585 0.289802 0.277124 0.256905 0.233836 0.212183 0.211550
0.307557 0.310119 0.318965 0.327365 0.335564 0.336974 0.338246 0.338153 0.333264 0.327648 0.325029 0.333287 0.340753 0.344319 0.344860 0.345373 0.348601 0.347805 0.346662 0.344431 0.345504 0.346918 0.351185 0.353570 0.355438 0.354915 0.351411 0.347630 0.346736 0.347242 0.347791 0.349809 0.353223 0.356141 0.354860 0.352477 0.348680 0.336254 0.320440 0.309087 0.309495 0.309751 0.306648 0.304425 0.301669 0.295988 0.295691 0.295340 0.295028 0.303686 0.311935 0.314183 0.310273 0.307883 0.306321 0.300124 0.292154 0.280546 0.267139 0.251944 0.229010 0.223126 0.217052
0.336470 0.340530 0.346349 0.353114 0.359532 0.360600 0.361532 0.362350 0.360440 0.357760 0.354629 0.358448 0.360591 0.362398 0.363182 0.364938 0.366134 0.365630 0.364570 0.363306 0.364281 0.366039 0.367386 0.367845 0.368056 0.368093 0.367486 0.367045 0.366723 0.366638 0.366203 0.366423 0.367378 0.368328 0.368316 0.367539 0.365274 0.359157 0.348570 0.338550 0.339733 0.336533 0.333366 0.330718 0.322411 0.314881 0.314364 0.307880 0.303380 0.311048 0.314925 0.316095 0.312117 0.315535 0.310335 0.297770 0.284595 0.272104 0.260304 0.248131 0.241948 0.234300 0.228174
0.357809 0.360056 0.363596 0.366693 0.368513 0.369096 0.369355 0.369550 0.369427 0.369193 0.368888 0.369068 0.369424 0.369662 0.369808 0.369900 0.369948 0.369931 0.369889 0.369876 0.369902 0.369961 0.369985 0.369990 0.369992 0.369994 0.369991 0.369984 0.369972 0.369953 0.369927 0.369906 0.369956 0.369981 0.369977 0.369907 0.369684 0.368783 0.366164 0.360842 0.359003 0.358363 0.357500 0.352786 0.346872 0.338061 0.331787 0.326366 0.316810 0.319249 0.322662 0.328663 0.333683 0.333076 0.323911 0.312902 0.299296 0.284869 0.273321 0.269402 0.265166 0.257313 0.252077
0.369752 0.369822 0.369914 0.369984 0.369999 0.370000 0.370000 0.370000 0.370000 0.370000 0.370000 0.370000 0.370000 0.370000 0.370000 0.370000 0.370000 0.370000 0.370000 0.370000 0.370000 0.370000 0.370000 0.370000 0.370000 0.370000 0.370000 0.370000 0.370000 0.370000 0.370000 0.370000 0.370000 0.370000 0.370000 0.370000 0.370000 0.369999 0.369986 0.369901 0.369696 0.369657 0.369346 0.368674 0.367150 0.362400 0.357787 0.352486 0.340563 0.337761 0.342493 0.347928 0.350139 0.343866 0.336050 0.325528 0.312149 0.297405 0.292028 0.290661 0.288017 0.283290 0.280962
0.370000 0.370000 0.370000 0.370000 0.370000 0.370000 0.370000 0.370000 0.370000 0.370000 0.370000 0.370000 0.370000 0.370000 0.370000 0.370000 0.370000 0.370000 0.370000 0.370000 0.370000 0.370000 0.370000 0.370000 0.370000 0.370000 0.370000 0.370000 0.370000 0.370000 0.370000 0.370000 0.370000 0.370000 0.370000 0.370000 0.370000 0.370000 0.370000 0.370000 0.370000 0.370000 0.370000 0.369997 0.369939 0.369567 0.368398 0.366031 0.361566 0.359874 0.363998 0.366613 0.365486 0.363657 0.360126 0.353356 0.343875 0.331116 0.326245 0.323784 0.319839 0.315298 0.310801
0.370000 0.370000 0.370000 0.370000 0.370000 0.370000 0.370000 0.370000 0.370000 0.370000 0.370000 0.370000 0.370000 0.370000 0.370000 0.370000 0.370000 0.370000 0.370000 0.370000 0.370000 0.370000 0.370000 0.370000 0.370000 0.370000 0.370000 0.370000 0.370000 0.370000 0.370000 0.370000 0.370000 0.370000 0.370000 0.370000 0.370000 0.370000 0.370000 0.370000 0.370000 0.370000 0.370000 0.370000 0.370000 0.370000 0.370000 0.369998 0.369976 0.369882 0.369969 0.369946 0.369885 0.369701 0.369075 0.367610 0.364691 0.359584 0.356300 0.354086 0.351092 0.348275 0.344352
0.370000 0.370000 0.370000 0.370000 0.370000 0.370000 0.370000 0.370000 0.370000 0.370000 0.370000 0.370000 0.370000 0.370000 0.370000 0.370000 0.370000 0.370000 0.370000 0.370000 0.370000 0.370000 0.370000 0.370000 0.370000 0.370000 0.370000 0.370000 0.370000 0.370000 0.370000 0.370000 0.370000 0.370000 0.370000 0.370000 0.370000 0.370000 0.370000 0.370000 0.370000 0.370000 0.370000 0.370000 0.370000 0.370000 0.370000 0.370000 0.370000 0.370000 0.370000 0.370000 0.370000 0.370000 0.369995 0.369968 0.369781 0.369072 0.367897 0.367015 0.365949 0.364430 0.362131
0.370000 0.370000 0.370000 0.370000 0.370000 0.370000 0.370000 0.370000 0.370000 0.370000 0.370000 0.370000 0.370000 0.370000 0.370000 0.370000 0.370000 0.370000 0.370000 0.370000 0.370000 0.370000 0.370000 0.370000 0.370000 0.370000 0.370000 0.370000 0.370000 0.370000 0.370000 0.370000 0.370000 0.370000 0.370000 0.370000 0.370000 0.370000 0.370000 0.370000 0.370000 0.370000 0.370000 0.370000 0.370000 0.370000 0.370000 0.370000 0.370000 0.370000 0.370000 0.370000 0.370000 0.370000 0.370000 0.370000 0.370000 0.370000 0.369993 0.369979 0.369917 0.369734 0.369367
0.370000 0.370000 0.370000 0.370000 0.370000 0.370000 0.370000 0.370000 0.370000 0.370000 0.370000 0.370000 0.370000 0.370000 0.370000 0.370000 0.370000 0.370000 0.370000 0.370000 0.370000 0.370000 0.370000 0.370000 0.370000 0.370000 0.370000 0.370000 0.370000 0.370000 0.370000 0.370000 0.370000 0.370000 0.370000 0.370000 0.370000 0.370000 0.370000 0.370000 0.370000 0.370000 0.370000 0.370000 0.370000 0.370000 0.370000 0.370000 0.370000 0.370000 0.370000 0.370000 0.370000 0.370000 0.370000 0.370000 0.370000 0.370000 0.370000 0.370000 0.370000 0.370000 0.369999
0.370000 0.370000 0.370000 0.370000 0.370000 0.370000 0.370000 0.370000 0.370000 0.370000 0.370000 0.370000 0.370000 0.370000 0.370000 0.370000 0.370000 0.370000 0.370000 0.370000 0.370000 0.370000 0.370000 0.370000 0.370000 0.370000 0.370000 0.370000 0.370000 0.370000 0.370000 0.370000 0.370000 0.370000 0.370000 0.370000 0.370000 0.370000 0.370000 0.370000 0.370000 0.370000 0.370000 0.370000 0.370000 0.370000 0.370000 0.370000 0.370000 0.370000 0.370000 0.370000 0.370000 0.370000 0.370000 0.370000 0.370000 0.370000 0.370000 0.370000 0.370000 0.370000 0.370000
0.370000 0.370000 0.370000 0.370000 0.370000 0.370000 0.370000 0.370000 0.370000 0.370000 0.370000 0.370000 0.370000 0.370000 0.370000 0.370000 0.370000 0.370000 0.370000 0.370000 0.370000 0.370000 0.370000 0.370000 0.370000 0.370000 0.370000 0.370000 0.370000 0.370000 0.370000 0.370000 0.370000 0.370000 0.370000 0.370000 0.370000 0.370000 0.370000 0.370000 0.370000 0.370000 0.370000 0.370000 0.370000 0.370000 0.370000 0.370000 0.370000 0.370000 0.370000 0.370000 0.370000 0.370000 0.370000 0.370000 0.370000 0.370000 0.370000 0.370000 0.370000 0.370000 0.370000
0.370000 0.370000 0.370000 0.370000 0.370000 0.370000 0.370000 0.370000 0.370000 0.370000 0.370000 0.370000 0.370000 0.370000 0.370000 0.370000 0.370000 0.370000 0.370000 0.370000 0.370000 0.370000 0.370000 0.370000 0.370000 0.370000 0.370000 0.370000 0.370000 0.370000 0.370000 0.370000 0.370000 0.370000 0.370000 0.370000 0.370000 0.370000 0.370000 0.370000 0.370000 0.370000 0.370000 0.370000 0.370000 0.370000 0.370000 0.370000 0.370000 0.370000 0.370000 0.370000 0.370000 0.370000 0.370000 0.370000 0.370000 0.370000 0.370000 0.370000 0.370000 0.370000 0.370000
0.370000 0.370000 0.370000 0.370000 0.370000 0.370000 0.370000 0.370000 0.370000 0.370000 0.370000 0.370000 0.370000 0.370000 0.370000 0.370000 0.370000 0.370000 0.370000 0.370000 0.370000 0.370000 0.370000 0.370000 0.370000 0.370000 0.370000 0.370000 0.370000 0.370000 0.370000 0.370000 0.370000 0.370000 0.370000 0.370000 0.370000 0.370000 0.370000 0.370000 0.370000 0.370000 0.370000 0.370000 0.370000 0.370000 0.370000 0.370000 0.370000 0.370000 0.370000 0.370000 0.370000 0.370000 0.370000 0.370000 0.370000 0.370000 0.370000 0.370000 0.370000 0.370000 0.370000
0.370000 0.370000 0.370000 0.370000 0.370000 0.370000 0.370000 0.370000 0.370000 0.370000 0.370000 0.370000 0.370000 0.370000 0.370000 0.370000 0.370000 0.370000 0.370000 0.370000 0.370000 0.370000 0.370000 0.370000 0.370000 0.370000 0.370000 0.370000 0.370000 0.370000 0.370000 0.370000 0.370000 0.370000 0.370000 0.370000 0.370000 0.370000 0.370000 0.370000 0.370000 0.370000 0.370000 0.370000 0.370000 0.370000 0.370000 0.370000 0.370000 0.370000 0.370000 0.370000 0.370000 0.370000 0.370000 0.370000 0.370000 0.370000 0.370000 0.370000 0.370000 0.370000 0.370000
0.370000 0.370000 0.370000 0.370000 0.370000 0.370000 0.370000 0.370000 0.370000 0.370000 0.370000 0.370000 0.370000 0.370000 0.370000 0.370000 0.370000 0.370000 0.370000 0.370000 0.370000 0.370000 0.370000 0.370000 0.370000 0.370000 0.370000 0.370000 0.370000 0.370000 0.370000 0.370000 0.370000 0.370000 0.370000 0.370000 0.370000 0.370000 0.370000 0.370000 0.370000 0.370000 0.370000 0.370000 0.370000 0.370000 0.370000 0.370000 0.370000 0.370000 0.370000 0.370000 0.370000 0.370000 0.370000 0.370000 0.370000 0.370000 0.370000 0.370000 0.370000 0.370000 0.370000
0.370000 0.370000 0.370000 0.370000 0.370000 0.370000 0.370000 0.370000 0.370000 0.369999 0.369995 0.369995 0.369997 0.369996 0.369987 0.369967 0.369938 0.369880 0.369759 0.369640 0.369735 0.369818 0.369849 0.369863 0.369884 0.369890 0.369885 0.369878 0.369926 0.369956 0.369977 0.369988 0.369995 0.370000 0.370000 0.370000 0.370000 0.370000 0.370000 0.370000 0.370000 0.370000 0.370000 0.370000 0.370000 0.370000 0.370000 0.370000 0.370000 0.370000 0.370000 0.370000 0.370000 0.370000 0.370000 0.370000 0.370000 0.370000 0.370000 0.370000 0.370000 0.370000 0.370000
0.370000 0.370000 0.370000 0.370000 0.369998 0.369987 0.369939 0.369773 0.369229 0.368014 0.366514 0.366954 0.367417 0.367902 0.366945 0.365672 0.364717 0.362566 0.359885 0.356783 0.358708 0.360643 0.363122 0.363615 0.364045 0.364776 0.364614 0.364420 0.363790 0.365045 0.366184 0.367340 0.368790 0.369535 0.369849 0.369954 0.369989 0.369999 0.370000 0.370000 0.370000 0.370000 0.370000 0.370000 0.370000 0.370000 0.370000 0.370000 0.370000 0.370000 0.370000 0.370000 0.370000 0.370000 0.370000 0.370000 0.370000 0.370000 0.370000 0.370000 0.370000 0.370000 0.370000
0.369993 0.369944 0.369617 0.369002 0.367942 0.365860 0.362720 0.358224 0.350270 0.340720 0.329148 0.331099 0.336966 0.342768 0.339104 0.336554 0.334648 0.328370 0.320390 0.311809 0.314263 0.323211 0.332233 0.335387 0.338241 0.341462 0.341473 0.338839 0.335108 0.337912 0.343719 0.349687 0.356359 0.361490 0.364973 0.367128 0.368601 0.369436 0.369819 0.369960 0.369995 0.369999 0.370000 0.370000 0.370000 0.370000 0.370000 0.370000 0.370000 0.370000 0.370000 0.370000 0.370000 0.370000 0.370000 0.370000 0.370000 0.370000 0.370000 0.370000 0.370000 0.370000 0.370000
0.365177 0.359866 0.354044 0.346920 0.338386 0.328244 0.315514 0.301620 0.286535 0.269062 0.252464 0.256669 0.267679 0.277962 0.279099 0.276596 0.274058 0.267491 0.256452 0.246429 0.252936 0.265583 0.277871 0.285327 0.290307 0.295012 0.292967 0.286846 0.281220 0.287168 0.298480 0.309051 0.320641 0.332737 0.342878 0.350993 0.357533 0.362346 0.365895 0.368096 0.369261 0.369761 0.369938 0.369988 0.369997 0.369999 0.370000 0.370000 0.370000 0.370000 0.370000 0.370000 0.370000 0.370000 0.370000 0.370000 0.370000 0.370000 0.370000 0.370000 0.370000 0.370000 0.370000
0.333821 0.316029 0.298815 0.284763 0.276178 0.263935 0.247816 0.236385 0.222671 0.207169 0.205529 0.208588 0.218526 0.220767 0.221339 0.218963 0.218056 0.214098 0.204703 0.208520 0.214623 0.226574 0.235509 0.243043 0.248215 0.251671 0.251015 0.244861 0.246722 0.252701 0.264673 0.274234 0.286365 0.301864 0.313786 0.325726 0.337184 0.346844 0.354752 0.360814 0.365125 0.367554 0.368777 0.369241 0.369558 0.369714 0.369722 0.369881 0.369958 0.369988 0.369999 0.370000 0.370000 0.370000 0.370000 0.370000 0.370000 0.370000 0.370000 0.370000 0.370000 0.370000 0.370000
0.264895 0.240660 0.220524 0.212669 0.204545 0.195948 0.186440 0.177336 0.169114 0.168378 0.167041 0.167028 0.168515 0.170384 0.171879 0.171223 0.170532 0.170698 0.173791 0.176443 0.180034 0.187234 0.194966 0.202217 0.205237 0.208350 0.210313 0.212441 0.214315 0.217783 0.226863 0.236290 0.247192 0.261117 0.275073 0.289714 0.305758 0.320292 0.333605 0.345437 0.354404 0.359560 0.361798 0.363669 0.364546 0.364371 0.364213 0.365615 0.367094 0.368174 0.369211 0.369740 0.369937 0.369998 0.370000 0.370000 0.370000 0.370000 0.370000 0.370000 0.370000 0.370000 0.370000
0.203562 0.184590 0.172502 0.166399 0.160581 0.154918 0.148028 0.142735 0.141523 0.140518 0.139613 0.139001 0.140530 0.142170 0.144100 0.143854 0.143949 0.145113 0.147110 0.149842 0.154426 0.160274 0.166990 0.175527 0.178270 0.181174 0.184659 0.186337 0.188374 0.191338 0.199474 0.208088 0.217622 0.231030 0.245234 0.260822 0.278577 0.297750 0.317423 0.332450 0.344301 0.351989 0.354828 0.356294 0.356237 0.355171 0.352281 0.352748 0.356430 0.358099 0.361673 0.365310 0.367265 0.369382 0.369948 0.369997 0.370000 0.370000 0.370000 0.370000 0.370000 0.370000 0.370000
0.158158 0.148357 0.139382 0.134197 0.130112 0.126401 0.123300 0.122346 0.121325 0.120679 0.120266 0.119817 0.120652 0.122011 0.123388 0.123996 0.124859 0.125798 0.127898 0.131240 0.134712 0.139750 0.146395 0.153660 0.156721 0.159615 0.162628 0.164744 0.167117 0.169489 0.175929 0.183550 0.191502 0.204094 0.218095 0.232901 0.253817 0.277613 0.299920 0.317162 0.331632 0.342840 0.344491 0.345326 0.345361 0.340444 0.333773 0.331739 0.333961 0.335259 0.340477 0.346690 0.352265 0.360889 0.366155 0.368766 0.369787 0.369991 0.370000 0.370000 0.370000 0.370000 0.370000
