tests/Borden05m/data_simulated/sim_1/output-maps/thetaliqL0005N0009.asc
ncols         160
nrows         34
xllcorner     620200.000000
yllcorner     5168000.000000
cellsize      0.500000
NODATA_value  -9999.0
[rows 0 to 27 of 34, columns 63 to 125 of 160]
-9999.0 -9999.0 -9999.0 -9999.0 -9999.0 -9999.0 -9999.0 -9999.0 -9999.0 -9999.0 -9999.0 -9999.0 -9999.0 -9999.0 -9999.0 -9999.0 -9999.0 -9999.0 -9999.0 -9999.0 -9999.0 -9999.0 -9999.0 -9999.0 -9999.0 -9999.0 -9999.0 -9999.0 -9999.0 -9999.0 -9999.0 -9999.0 -9999.0 -9999.0 -9999.0 -9999.0 -9999.0 -9999.0 -9999.0 -9999.0 -9999.0 -9999.0 -9999.0 -9999.0 -9999.0 -9999.0 -9999.0 -9999.0 -9999.0 -9999.0 -9999.0 -9999.0 -9999.0 -9999.0 -9999.0 -9999.0 -9999.0 -9999.0 -9999.0 -9999.0 -9999.0 -9999.0 -9999.0
0.125407 0.122153 0.119172 0.117934 0.117659 0.117306 0.117041 0.118650 0.121117 0.123585 0.126141 0.126828 0.127639 0.128523 0.128714 0.128180 0.126926 0.125735 0.124514 0.124168 0.121169 0.117391 0.114620 0.113826 0.115265 0.116655 0.117339 0.119289 0.122959 0.126850 0.129951 0.134654 0.136675 0.138958 0.140700 0.138941 0.137581 0.136318 0.134802 0.130259 -9999.0 -9999.0 -9999.0 -9999.0 -9999.0 -9999.0 -9999.0 -9999.0 -9999.0 -9999.0 -9999.0 -9999.0 -9999.0 -9999.0 -9999.0 -9999.0 -9999.0 -9999.0 -9999.0 -9999.0 -9999.0 -9999.0 -9999.0
0.119661 0.116751 0.115117 0.113403 0.112862 0.112772 0.112661 0.113773 0.116673 0.119162 0.120622 0.121244 0.121914 0.121915 0.121690 0.121543 0.120541 0.119417 0.118317 0.117807 0.117944 0.115551 0.114022 0.113077 0.112721 0.113384 0.114017 0.114781 0.117795 0.120413 0.123138 0.128291 0.133223 0.135394 0.134382 0.132368 0.131211 0.129119 0.125770 0.122299 0.119087 0.116973 0.115549 0.114139 0.116091 0.117867 0.121312 0.124934 0.129402 0.134425 -9999.0 -9999.0 -9999.0 -9999.0 -9999.0 -9999.0 -9999.0 -9999.0 -9999.0 -9999.0 -9999.0 -9999.0 -9999.0
0.115542 0.114343 0.112853 0.111619 0.113720 0.113934 0.114164 0.115015 0.116064 0.116573 0.117378 0.118934 0.121881 0.122611 0.122694 0.122703 0.122043 0.120959 0.120407 0.119502 0.117726 0.117523 0.117723 0.117733 0.119544 0.119997 0.120482 0.117927 0.118936 0.120954 0.123226 0.125711 0.128300 0.130266 0.129095 0.128818 0.125969 0.121360 0.117918 0.115545 0.115078 0.114471 0.112433 0.109101 0.111042 0.115771 0.117074 0.118142 0.122179 0.126590 0.130753 0.131326 0.131197 0.131196 0.130481 0.125283 0.120451 0.116114 0.110789 -9999.0 -9999.0 -9999.0 -9999.0
0.115905 0.114799 0.114228 0.118298 0.121283 0.121572 0.122452 0.123564 0.122990 0.118452 0.117463 0.120199 0.123698 0.125721 0.125574 0.125446 0.124882 0.124499 0.124332 0.123415 0.123918 0.124879 0.125145 0.127126 0.129289 0.130433 0.126785 0.123350 0.123457 0.126265 0.129237 0.132111 0.136866 0.142555 0.141949 0.139497 0.136040 0.130968 0.122498 0.116136 0.113276 0.111704 0.110012 0.109878 0.109464 0.112475 0.112991 0.113417 0.116098 0.119309 0.122692 0.124789 0.124675 0.124669 0.124070 0.121068 0.116560 0.112587 0.108647 0.103216 0.097829 0.093104 0.093064
0.116919 0.117953 0.122459 0.127239 0.133203 0.133858 0.134708 0.134485 0.130148 0.126150 0.124376 0.130223 0.136650 0.140137 0.140322 0.140606 0.144938 0.143603 0.142063 0.139170 0.140337 0.141769 0.147815 0.151521 0.155025 0.153842 0.147627 0.142372 0.141434 0.142135 0.142734 0.145470 0.150901 0.156762 0.154190 0.150494 0.145740 0.132807 0.122396 0.117128 0.117901 0.118443 0.117243 0.116515 0.115548 0.113188 0.113249 0.113261 0.113082 0.116754 0.120763 0.121940 0.119834 0.118748 0.118317 0.115846 0.113074 0.109290 0.105469 0.101753 0.096342 0.095429 0.094042
0.132618 0.135947 0.141633 0.150688 0.164216 0.165858 0.168059 0.171061 0.164237 0.157126 0.150218 0.158508 0.163687 0.169134 0.171320 0.179625 0.187097 0.182940 0.176334 0.169931 0.174192 0.184564 0.195751 0.200219 0.202488 0.203458 0.195943 0.192160 0.189730 0.189584 0.186145 0.187772 0.196730 0.209992 0.210917 0.201823 0.184937 0.162189 0.143519 0.133438 0.135686 0.133223 0.131146 0.129728 0.124451 0.120550 0.120862 0.117789 0.115846 0.119691 0.121632 0.122224 0.120021 0.122316 0.119867 0.114503 0.109889 0.106218 0.103180 0.100305 0.099158 0.097533 0.096107
0.155048 0.159656 0.170696 0.187408 0.207581 0.220243 0.229873 0.238892 0.231392 0.222070 0.212563 0.215560 0.227742 0.240389 0.253856 0.268927 0.284216 0.279833 0.270668 0.268866 0.273398 0.291393 0.307529 0.314270 0.318445 0.325025 0.320177 0.310882 0.299497 0.287877 0.277523 0.270683 0.285539 0.300934 0.298450 0.270820 0.244063 0.212551 0.183877 0.161127 0.157734 0.158109 0.157741 0.149393 0.142158 0.133596 0.129188 0.126191 0.120762 0.122394 0.124478 0.128702 0.133178 0.133033 0.126622 0.120793 0.114984 0.109909 0.106445 0.105688 0.104766 0.102706 0.101354
0.249564 0.255221 0.269650 0.305231 0.346389 0.365229 0.368892 0.369154 0.368667 0.367291 0.362640 0.358332 0.364357 0.367803 0.369120 0.369465 0.369597 0.369659 0.369654 0.369654 0.369671 0.369693 0.369728 0.369763 0.369792 0.369824 0.369830 0.369790 0.369748 0.369693 0.369635 0.369621 0.369608 0.369658 0.369641 0.369358 0.367325 0.351645 0.312564 0.272663 0.245020 0.243188 0.228672 0.213447 0.195394 0.168897 0.157215 0.148533 0.134144 0.132187 0.137333 0.144421 0.148223 0.140207 0.133304 0.126202 0.119290 0.113216 0.111692 0.111601 0.110948 0.109536 0.108938
0.368845 0.369243 0.369433 0.369711 0.369886 0.369968 0.369992 0.369995 0.369991 0.369983 0.369965 0.369947 0.369955 0.369979 0.369992 0.369997 0.369999 0.369999 0.369999 0.369999 0.369999 0.369999 0.369999 0.369999 0.370000 0.370000 0.370000 0.370000 0.370000 0.369999 0.369998 0.369997 0.369997 0.369996 0.369995 0.369994 0.369975 0.369913 0.369776 0.369523 0.368947 0.364520 0.351214 0.331258 0.284801 0.239045 0.205506 0.181080 0.161317 0.157586 0.174787 0.193385 0.185316 0.177559 0.166390 0.152258 0.140202 0.129327 0.126743 0.125775 0.123799 0.121664 0.119630
0.369991 0.369995 0.369997 0.369999 0.370000 0.370000 0.370000 0.370000 0.370000 0.370000 0.370000 0.370000 0.370000 0.370000 0.370000 0.370000 0.370000 0.370000 0.370000 0.370000 0.370000 0.370000 0.370000 0.370000 0.370000 0.370000 0.370000 0.370000 0.370000 0.370000 0.370000 0.370000 0.370000 0.370000 0.370000 0.370000 0.370000 0.370000 0.370000 0.369996 0.369982 0.369940 0.369887 0.369817 0.369724 0.369293 0.367813 0.352346 0.310577 0.269987 0.294891 0.279796 0.265459 0.246064 0.221292 0.199622 0.180115 0.162674 0.156552 0.153682 0.149671 0.146597 0.142404
0.370000 0.370000 0.370000 0.370000 0.370000 0.370000 0.370000 0.370000 0.370000 0.370000 0.370000 0.370000 0.370000 0.370000 0.370000 0.370000 0.370000 0.370000 0.370000 0.370000 0.370000 0.370000 0.370000 0.370000 0.370000 0.370000 0.370000 0.370000 0.370000 0.370000 0.370000 0.370000 0.370000 0.370000 0.370000 0.370000 0.370000 0.370000 0.370000 0.370000 0.370000 0.370000 0.370000 0.369999 0.369998 0.369997 0.369990 0.369955 0.369837 0.369624 0.369488 0.369138 0.367143 0.353385 0.323075 0.293887 0.253196 0.218244 0.198896 0.192618 0.186892 0.180248 0.172214
0.370000 0.370000 0.370000 0.370000 0.370000 0.370000 0.370000 0.370000 0.370000 0.370000 0.370000 0.370000 0.370000 0.370000 0.370000 0.370000 0.370000 0.370000 0.370000 0.370000 0.370000 0.370000 0.370000 0.370000 0.370000 0.370000 0.370000 0.370000 0.370000 0.370000 0.370000 0.370000 0.370000 0.370000 0.370000 0.370000 0.370000 0.370000 0.370000 0.370000 0.370000 0.370000 0.370000 0.370000 0.370000 0.370000 0.370000 0.370000 0.370000 0.369999 0.369991 0.369983 0.369957 0.369871 0.369751 0.369619 0.368830 0.355026 0.320654 0.299751 0.271307 0.247186 0.230047
0.370000 0.370000 0.370000 0.370000 0.370000 0.370000 0.370000 0.370000 0.370000 0.370000 0.370000 0.370000 0.370000 0.370000 0.370000 0.370000 0.370000 0.370000 0.370000 0.370000 0.370000 0.370000 0.370000 0.370000 0.370000 0.370000 0.370000 0.370000 0.370000 0.370000 0.370000 0.370000 0.370000 0.370000 0.370000 0.370000 0.370000 0.370000 0.370000 0.370000 0.370000 0.370000 0.370000 0.370000 0.370000 0.370000 0.370000 0.370000 0.370000 0.370000 0.370000 0.370000 0.370000 0.370000 0.369999 0.369998 0.369986 0.369914 0.369766 0.369570 0.368564 0.358695 0.334835
0.370000 0.370000 0.370000 0.370000 0.370000 0.370000 0.370000 0.370000 0.370000 0.370000 0.370000 0.370000 0.370000 0.370000 0.370000 0.370000 0.370000 0.370000 0.370000 0.370000 0.370000 0.370000 0.370000 0.370000 0.370000 0.370000 0.370000 0.370000 0.370000 0.370000 0.370000 0.370000 0.370000 0.370000 0.370000 0.370000 0.370000 0.370000 0.370000 0.370000 0.370000 0.370000 0.370000 0.370000 0.370000 0.370000 0.370000 0.370000 0.370000 0.370000 0.370000 0.370000 0.370000 0.370000 0.370000 0.370000 0.370000 0.370000 0.369998 0.369991 0.369968 0.369894 0.369758
0.370000 0.370000 0.370000 0.370000 0.370000 0.370000 0.370000 0.370000 0.370000 0.370000 0.370000 0.370000 0.370000 0.370000 0.370000 0.370000 0.370000 0.370000 0.370000 0.370000 0.370000 0.370000 0.370000 0.370000 0.370000 0.370000 0.370000 0.370000 0.370000 0.370000 0.370000 0.370000 0.370000 0.370000 0.370000 0.370000 0.370000 0.370000 0.370000 0.370000 0.370000 0.370000 0.370000 0.370000 0.370000 0.370000 0.370000 0.370000 0.370000 0.370000 0.370000 0.370000 0.370000 0.370000 0.370000 0.370000 0.370000 0.370000 0.370000 0.370000 0.370000 0.369999 0.369995
0.370000 0.370000 0.370000 0.370000 0.370000 0.370000 0.370000 0.370000 0.370000 0.370000 0.370000 0.370000 0.370000 0.370000 0.370000 0.370000 0.370000 0.370000 0.370000 0.370000 0.370000 0.370000 0.370000 0.370000 0.370000 0.370000 0.370000 0.370000 0.370000 0.370000 0.370000 0.370000 0.370000 0.370000 0.370000 0.370000 0.370000 0.370000 0.370000 0.370000 0.370000 0.370000 0.370000 0.370000 0.370000 0.370000 0.370000 0.370000 0.370000 0.370000 0.370000 0.370000 0.370000 0.370000 0.370000 0.370000 0.370000 0.370000 0.370000 0.370000 0.370000 0.370000 0.370000
0.370000 0.370000 0.370000 0.370000 0.370000 0.370000 0.370000 0.370000 0.370000 0.370000 0.370000 0.370000 0.370000 0.370000 0.370000 0.370000 0.370000 0.370000 0.370000 0.370000 0.370000 0.370000 0.370000 0.370000 0.370000 0.370000 0.370000 0.370000 0.370000 0.370000 0.370000 0.370000 0.370000 0.370000 0.370000 0.370000 0.370000 0.370000 0.370000 0.370000 0.370000 0.370000 0.370000 0.370000 0.370000 0.370000 0.370000 0.370000 0.370000 0.370000 0.370000 0.370000 0.370000 0.370000 0.370000 0.370000 0.370000 0.370000 0.370000 0.370000 0.370000 0.370000 0.370000
0.370000 0.370000 0.370000 0.370000 0.370000 0.370000 0.370000 0.370000 0.370000 0.370000 0.370000 0.370000 0.370000 0.369999 0.369998 0.369996 0.369996 0.369995 0.369993 0.369996 0.369997 0.369996 0.369994 0.369992 0.369990 0.369988 0.369991 0.369995 0.369998 0.369999 0.369999 0.369999 0.369999 0.369999 0.369999 0.370000 0.370000 0.370000 0.370000 0.370000 0.370000 0.370000 0.370000 0.370000 0.370000 0.370000 0.370000 0.370000 0.370000 0.370000 0.370000 0.370000 0.370000 0.370000 0.370000 0.370000 0.370000 0.370000 0.370000 0.370000 0.370000 0.370000 0.370000
0.370000 0.370000 0.370000 0.370000 0.369999 0.369998 0.369993 0.369988 0.369976 0.369925 0.369877 0.369847 0.369858 0.369812 0.369724 0.369632 0.369584 0.369542 0.369414 0.369312 0.369385 0.369507 0.369404 0.369282 0.369295 0.369237 0.369274 0.369474 0.369617 0.369675 0.369729 0.369775 0.369799 0.369842 0.369935 0.369971 0.369987 0.369995 0.369999 0.370000 0.370000 0.370000 0.370000 0.370000 0.370000 0.370000 0.370000 0.370000 0.370000 0.370000 0.370000 0.370000 0.370000 0.370000 0.370000 0.370000 0.370000 0.370000 0.370000 0.370000 0.370000 0.370000 0.370000
0.370000 0.370000 0.369994 0.369956 0.369845 0.369722 0.369521 0.369189 0.366727 0.350725 0.331603 0.331545 0.336723 0.330549 0.311781 0.294213 0.281664 0.268760 0.252736 0.243538 0.251705 0.261166 0.262719 0.263278 0.266563 0.266715 0.265574 0.265850 0.279563 0.290893 0.303110 0.313490 0.322780 0.348196 0.364314 0.368588 0.369520 0.369736 0.369873 0.369957 0.369986 0.369993 0.369997 0.369999 0.370000 0.370000 0.370000 0.370000 0.370000 0.370000 0.370000 0.370000 0.370000 0.370000 0.370000 0.370000 0.370000 0.370000 0.370000 0.370000 0.370000 0.370000 0.370000
0.369904 0.369774 0.369371 0.366187 0.342838 0.312483 0.282535 0.255063 0.226286 0.201628 0.187249 0.192561 0.197771 0.204242 0.193722 0.184361 0.179738 0.170608 0.162303 0.154747 0.159705 0.164757 0.173544 0.175176 0.176846 0.180518 0.179189 0.177872 0.174110 0.180006 0.186098 0.194329 0.213602 0.235152 0.258252 0.279301 0.302903 0.330042 0.355604 0.367837 0.369518 0.369748 0.369870 0.369953 0.369983 0.369993 0.369998 0.370000 0.370000 0.370000 0.370000 0.370000 0.370000 0.370000 0.370000 0.370000 0.370000 0.370000 0.370000 0.370000 0.370000 0.370000 0.370000
0.334906 0.297349 0.247762 0.220373 0.202460 0.185202 0.171392 0.159636 0.146061 0.135936 0.127127 0.128932 0.133727 0.139776 0.135754 0.133729 0.132630 0.128129 0.123386 0.118867 0.120040 0.124869 0.130952 0.133062 0.135362 0.138516 0.138460 0.135766 0.132078 0.134151 0.139337 0.146015 0.156866 0.169270 0.182587 0.195772 0.212144 0.231444 0.253433 0.280380 0.311099 0.334404 0.357872 0.368346 0.369557 0.369727 0.369833 0.369937 0.369978 0.369993 0.369998 0.369999 0.370000 0.370000 0.370000 0.370000 0.370000 0.370000 0.370000 0.370000 0.370000 0.370000 0.370000
0.179953 0.160953 0.150219 0.141673 0.134052 0.127256 0.120682 0.114940 0.109854 0.104880 0.100425 0.101583 0.104560 0.107826 0.108135 0.107428 0.106812 0.105001 0.102099 0.099366 0.100919 0.104149 0.107674 0.109892 0.111487 0.113260 0.112389 0.110120 0.107963 0.109801 0.113732 0.117888 0.123415 0.130825 0.139249 0.148592 0.159649 0.172110 0.187731 0.205897 0.226413 0.248236 0.271648 0.297841 0.314569 0.331768 0.347726 0.363927 0.368945 0.369587 0.369790 0.369912 0.369981 0.369998 0.370000 0.370000 0.370000 0.370000 0.370000 0.370000 0.370000 0.370000 0.370000
0.131122 0.120954 0.114119 0.109527 0.107378 0.104260 0.100356 0.098084 0.095374 0.092135 0.091967 0.092662 0.094893 0.095263 0.095351 0.094822 0.094739 0.093950 0.091817 0.092626 0.093796 0.096275 0.098048 0.099626 0.100773 0.101588 0.101335 0.099574 0.099976 0.101361 0.104429 0.106852 0.110433 0.116037 0.121016 0.127345 0.135400 0.144827 0.156211 0.169970 0.187048 0.204592 0.220756 0.229241 0.239432 0.247175 0.244281 0.261166 0.280399 0.302980 0.333559 0.360012 0.369125 0.369770 0.369964 0.369996 0.370000 0.370000 0.370000 0.370000 0.370000 0.370000 0.370000
0.104213 0.098635 0.094547 0.093331 0.092035 0.090637 0.089080 0.087602 0.086134 0.086223 0.086065 0.086064 0.086293 0.086577 0.086830 0.086682 0.086553 0.086576 0.087203 0.087633 0.088116 0.089325 0.090613 0.091849 0.092272 0.092814 0.093132 0.093539 0.093842 0.094396 0.096178 0.098012 0.100284 0.103548 0.107158 0.111568 0.117529 0.124312 0.132670 0.143620 0.156526 0.167571 0.173316 0.179801 0.182873 0.180229 0.177737 0.184165 0.193273 0.202837 0.221157 0.243235 0.271575 0.332721 0.368387 0.369724 0.369939 0.369991 0.369999 0.370000 0.370000 0.370000 0.370000
0.091997 0.088673 0.086772 0.086016 0.085189 0.084367 0.083195 0.082259 0.082220 0.082141 0.082001 0.081852 0.082147 0.082414 0.082788 0.082658 0.082624 0.082816 0.083129 0.083508 0.084242 0.085150 0.086182 0.087687 0.087970 0.088403 0.089015 0.089236 0.089523 0.089931 0.091392 0.092874 0.094545 0.097147 0.100067 0.103642 0.108372 0.114702 0.123524 0.132913 0.143853 0.154218 0.158752 0.161252 0.160340 0.157515 0.151211 0.151269 0.157810 0.160024 0.168713 0.182799 0.192797 0.226714 0.278851 0.326552 0.364838 0.369457 0.369896 0.369977 0.369996 0.370000 0.370000
0.084645 0.083221 0.081793 0.081082 0.080478 0.079848 0.079281 0.079248 0.079088 0.078979 0.078926 0.078826 0.079017 0.079268 0.079525 0.079581 0.079701 0.079743 0.080045 0.080624 0.081143 0.081934 0.083026 0.084260 0.084582 0.084985 0.085428 0.085696 0.086051 0.086348 0.087439 0.088700 0.089989 0.092204 0.094690 0.097361 0.101927 0.108265 0.115867 0.123611 0.132728 0.143072 0.144283 0.144925 0.144785 0.138879 0.132379 0.130664 0.132129 0.132483 0.136838 0.142565 0.148428 0.165440 0.185744 0.210709 0.247556 0.305905 0.360187 0.369257 0.369784 0.369946 0.369989
