tests/Borden05m/data_simulated/sim_1/output-maps/thetaliqL0007N0002.asc
ncols         160
nrows         34
xllcorner     620200.000000
yllcorner     5168000.000000
cellsize      0.500000
NODATA_value  -9999.0
[rows 0 to 27 of 34, columns 0 to 62 of 160]
-9999.0 -9999.0 -9999.0 -9999.0 -9999.0 -9999.0 -9999.0 -9999.0 -9999.0 -9999.0 -9999.0 -9999.0 -9999.0 -9999.0 -9999.0 -9999.0 -9999.0 -9999.0 -9999.0 -9999.0 -9999.0 -9999.0 -9999.0 -9999.0 -9999.0 -9999.0 -9999.0 -9999.0 -9999.0 -9999.0 -9999.0 -9999.0 -9999.0 -9999.0 -9999.0 -9999.0 -9999.0 -9999.0 -9999.0 -9999.0 -9999.0 -9999.0 -9999.0 -9999.0 -9999.0 -9999.0 -9999.0 -9999.0 -9999.0 -9999.0 -9999.0 -9999.0 -9999.0 -9999.0 -9999.0 -9999.0 -9999.0 -9999.0 -9999.0 -9999.0 -9999.0 -9999.0 -9999.0
-9999.0 -9999.0 -9999.0 -9999.0 -9999.0 -9999.0 -9999.0 -9999.0 -9999.0 -9999.0 -9999.0 -9999.0 -9999.0 -9999.0 -9999.0 -9999.0 -9999.0 -9999.0 -9999.0 -9999.0 -9999.0 -9999.0 -9999.0 -9999.0 -9999.0 -9999.0 -9999.0 -9999.0 -9999.0 -9999.0 -9999.0 -9999.0 -9999.0 -9999.0 -9999.0 -9999.0 -9999.0 -9999.0 -9999.0 -9999.0 -9999.0 -9999.0 -9999.0 -9999.0 -9999.0 -9999.0 -9999.0 -9999.0 -9999.0 -9999.0 -9999.0 -9999.0 -9999.0 -9999.0 -9999.0 -9999.0 -9999.0 -9999.0 -9999.0 0.330533 0.327575 0.324516 0.321505
-9999.0 -9999.0 -9999.0 -9999.0 -9999.0 -9999.0 -9999.0 -9999.0 -9999.0 -9999.0 -9999.0 -9999.0 -9999.0 -9999.0 -9999.0 -9999.0 -9999.0 -9999.0 -9999.0 -9999.0 -9999.0 -9999.0 -9999.0 -9999.0 -9999.0 -9999.0 -9999.0 -9999.0 -9999.0 -9999.0 -9999.0 -9999.0 -9999.0 -9999.0 -9999.0 -9999.0 -9999.0 -9999.0 -9999.0 -9999.0 -9999.0 -9999.0 -9999.0 -9999.0 -9999.0 -9999.0 -9999.0 0.240444 0.226342 0.212977 0.211704 0.229346 0.247780 0.266440 0.282094 0.295649 0.308506 0.320494 0.322336 0.315913 0.312844 0.310578 0.308961
-9999.0 -9999.0 -9999.0 -9999.0 -9999.0 -9999.0 -9999.0 -9999.0 -9999.0 -9999.0 -9999.0 -9999.0 -9999.0 -9999.0 -9999.0 -9999.0 -9999.0 -9999.0 -9999.0 -9999.0 -9999.0 -9999.0 -9999.0 -9999.0 -9999.0 -9999.0 -9999.0 -9999.0 -9999.0 -9999.0 -9999.0 -9999.0 -9999.0 -9999.0 -9999.0 -9999.0 -9999.0 -9999.0 -9999.0 -9999.0 0.278517 0.282926 0.284137 0.275488 0.266348 0.256839 0.240696 0.226315 0.213888 0.211450 0.213173 0.217478 0.235499 0.254565 0.269689 0.282935 0.296743 0.310111 0.311810 0.304411 0.298299 0.295101 0.294903
-9999.0 -9999.0 -9999.0 -9999.0 -9999.0 -9999.0 -9999.0 -9999.0 -9999.0 -9999.0 -9999.0 -9999.0 -9999.0 -9999.0 -9999.0 -9999.0 -9999.0 -9999.0 -9999.0 -9999.0 -9999.0 -9999.0 -9999.0 -9999.0 -9999.0 -9999.0 -9999.0 -9999.0 -9999.0 -9999.0 -9999.0 -9999.0 -9999.0 -9999.0 0.206669 0.219967 0.234011 0.248415 0.261462 0.266443 0.270978 0.275417 0.272077 0.267974 0.258669 0.243605 0.227566 0.216113 0.213740 0.211451 0.214533 0.224476 0.237279 0.250147 0.266501 0.283946 0.290330 0.298758 0.300614 0.296738 0.297090 0.297850 0.298665
-9999.0 -9999.0 -9999.0 -9999.0 -9999.0 -9999.0 -9999.0 -9999.0 -9999.0 -9999.0 -9999.0 -9999.0 -9999.0 -9999.0 -9999.0 -9999.0 -9999.0 -9999.0 -9999.0 -9999.0 -9999.0 -9999.0 -9999.0 -9999.0 -9999.0 -9999.0 -9999.0 -9999.0 0.210901 0.206301 0.202224 0.200860 0.199642 0.198474 0.203345 0.212424 0.226427 0.243199 0.253099 0.258483 0.263367 0.263723 0.259601 0.257447 0.257226 0.247523 0.237869 0.228883 0.220339 0.219166 0.226264 0.236726 0.249005 0.260261 0.271758 0.281773 0.292447 0.307018 0.312241 0.307910 0.303609 0.300746 0.300837
-9999.0 -9999.0 -9999.0 -9999.0 -9999.0 -9999.0 -9999.0 -9999.0 -9999.0 -9999.0 -9999.0 -9999.0 -9999.0 -9999.0 -9999.0 -9999.0 -9999.0 -9999.0 -9999.0 -9999.0 -9999.0 -9999.0 -9999.0 0.190388 0.194586 0.199004 0.204088 0.204472 0.201021 0.196647 0.194060 0.192632 0.191264 0.193985 0.199763 0.209587 0.221443 0.238086 0.244552 0.249637 0.259341 0.260550 0.263673 0.266408 0.264466 0.261980 0.252102 0.244707 0.249148 0.253754 0.258225 0.263435 0.272956 0.284397 0.296868 0.310366 0.322993 0.332783 0.340083 0.337166 0.332756 0.326581 0.326499
-9999.0 -9999.0 -9999.0 -9999.0 -9999.0 -9999.0 -9999.0 -9999.0 -9999.0 -9999.0 -9999.0 -9999.0 -9999.0 -9999.0 -9999.0 -9999.0 -9999.0 -9999.0 -9999.0 0.174481 0.174848 0.175252 0.177925 0.178416 0.179688 0.184067 0.189309 0.190389 0.189054 0.187550 0.188272 0.189740 0.192219 0.200074 0.209922 0.220304 0.231028 0.247238 0.258594 0.269301 0.281432 0.279628 0.275478 0.273101 0.272836 0.272832 0.277487 0.280040 0.283685 0.287711 0.292353 0.297926 0.304476 0.315731 0.326798 0.336349 0.344002 0.350142 0.355162 0.354063 0.350519 0.346150 0.346021
-9999.0 -9999.0 -9999.0 -9999.0 -9999.0 -9999.0 -9999.0 -9999.0 -9999.0 -9999.0 -9999.0 -9999.0 -9999.0 -9999.0 -9999.0 -9999.0 0.158316 0.159207 0.160172 0.162978 0.164122 0.166179 0.169992 0.170342 0.172453 0.176587 0.179499 0.184696 0.189591 0.194322 0.198122 0.199617 0.204884 0.211654 0.220293 0.232182 0.249300 0.266760 0.278844 0.290707 0.301994 0.301480 0.299986 0.300105 0.300104 0.305271 0.316543 0.319718 0.321372 0.331296 0.337577 0.339431 0.341866 0.347976 0.354631 0.360238 0.364756 0.366744 0.367975 0.368199 0.367372 0.367021 0.367333
-9999.0 -9999.0 -9999.0 -9999.0 -9999.0 -9999.0 -9999.0 -9999.0 -9999.0 -9999.0 -9999.0 -9999.0 -9999.0 0.137412 0.139114 0.143018 0.146523 0.147369 0.149017 0.151580 0.157697 0.159329 0.162518 0.166629 0.173069 0.178029 0.183674 0.191240 0.196763 0.201475 0.206233 0.210877 0.220991 0.232620 0.244851 0.260515 0.276720 0.291919 0.306025 0.314827 0.322625 0.324169 0.322386 0.322619 0.326660 0.335441 0.343149 0.347505 0.353972 0.359222 0.361626 0.363434 0.364432 0.365598 0.367152 0.368852 0.369620 0.369871 0.369939 0.369972 0.369971 0.369975 0.369978
-9999.0 -9999.0 -9999.0 -9999.0 -9999.0 -9999.0 -9999.0 -9999.0 -9999.0 -9999.0 0.123872 0.124743 0.123475 0.123756 0.125191 0.129324 0.134235 0.136953 0.141566 0.151026 0.159640 0.161249 0.169551 0.175219 0.178937 0.185568 0.194132 0.203016 0.215580 0.224850 0.234456 0.250700 0.263154 0.275209 0.287754 0.300933 0.314069 0.330573 0.342345 0.347174 0.354284 0.357581 0.356513 0.356205 0.357651 0.360955 0.364348 0.366886 0.368221 0.369154 0.369567 0.369740 0.369825 0.369894 0.369945 0.369990 0.370000 0.370000 0.370000 0.370000 0.370000 0.370000 0.370000
-9999.0 -9999.0 -9999.0 -9999.0 -9999.0 -9999.0 -9999.0 -9999.0 0.116384 0.118335 0.120258 0.119214 0.117647 0.116645 0.120463 0.125621 0.131318 0.137946 0.144809 0.153204 0.161276 0.170590 0.182198 0.189651 0.197465 0.207950 0.217723 0.231273 0.247637 0.259013 0.273655 0.289418 0.302482 0.313324 0.323264 0.332032 0.344048 0.354543 0.361179 0.364575 0.367034 0.368394 0.368382 0.368486 0.368640 0.369360 0.369776 0.369941 0.369989 0.369999 0.370000 0.370000 0.370000 0.370000 0.370000 0.370000 0.370000 0.370000 0.370000 0.370000 0.370000 0.370000 0.370000
-9999.0 -9999.0 -9999.0 -9999.0 -9999.0 -9999.0 0.109583 0.116045 0.120450 0.117942 0.115606 0.114607 0.113599 0.118760 0.125588 0.131572 0.138102 0.145551 0.153189 0.160929 0.182002 0.192166 0.202277 0.216749 0.226758 0.236979 0.250083 0.268180 0.285369 0.308071 0.325683 0.338353 0.348007 0.353540 0.357674 0.361141 0.365263 0.367986 0.369249 0.369717 0.369905 0.369977 0.369987 0.369991 0.369996 0.369999 0.370000 0.370000 0.370000 0.370000 0.370000 0.370000 0.370000 0.370000 0.370000 0.370000 0.370000 0.370000 0.370000 0.370000 0.370000 0.370000 0.370000
-9999.0 -9999.0 -9999.0 -9999.0 0.102128 0.106625 0.111697 0.120634 0.128321 0.126186 0.128790 0.128913 0.128357 0.128965 0.130785 0.137745 0.145236 0.153500 0.163339 0.186781 0.215727 0.227994 0.248979 0.273713 0.283494 0.293433 0.303188 0.317123 0.332727 0.346891 0.359358 0.365119 0.367255 0.368419 0.369073 0.369533 0.369849 0.369972 0.369998 0.370000 0.370000 0.370000 0.370000 0.370000 0.370000 0.370000 0.370000 0.370000 0.370000 0.370000 0.370000 0.370000 0.370000 0.370000 0.370000 0.370000 0.370000 0.370000 0.370000 0.370000 0.370000 0.370000 0.370000
-9999.0 -9999.0 -9999.0 0.094067 0.100601 0.108484 0.115776 0.125600 0.137655 0.140458 0.143918 0.146952 0.150200 0.154521 0.159774 0.168522 0.176243 0.183257 0.196714 0.223338 0.251370 0.277979 0.300668 0.319696 0.331515 0.338105 0.344166 0.351806 0.360733 0.365852 0.368819 0.369784 0.369957 0.369990 0.369998 0.370000 0.370000 0.370000 0.370000 0.370000 0.370000 0.370000 0.370000 0.370000 0.370000 0.370000 0.370000 0.370000 0.370000 0.370000 0.370000 0.370000 0.370000 0.370000 0.370000 0.370000 0.370000 0.370000 0.370000 0.370000 0.370000 0.370000 0.370000
-9999.0 -9999.0 0.088041 0.092675 0.098343 0.109352 0.124765 0.137381 0.156675 0.170986 0.175131 0.187199 0.198771 0.204581 0.217038 0.230031 0.239034 0.240227 0.248546 0.276595 0.313980 0.339173 0.350916 0.362910 0.366397 0.367802 0.368368 0.369155 0.369692 0.369951 0.369998 0.370000 0.370000 0.370000 0.370000 0.370000 0.370000 0.370000 0.370000 0.370000 0.370000 0.370000 0.370000 0.370000 0.370000 0.370000 0.370000 0.370000 0.370000 0.370000 0.370000 0.370000 0.370000 0.370000 0.370000 0.370000 0.370000 0.370000 0.370000 0.370000 0.370000 0.370000 0.370000
-9999.0 -9999.0 0.085485 0.090349 0.096741 0.111930 0.137067 0.154722 0.179638 0.210033 0.224178 0.242067 0.257651 0.272325 0.289462 0.305703 0.307050 0.307739 0.306104 0.335712 0.355547 0.365824 0.369351 0.369929 0.369992 0.369996 0.369998 0.370000 0.370000 0.370000 0.370000 0.370000 0.370000 0.370000 0.370000 0.370000 0.370000 0.370000 0.370000 0.370000 0.370000 0.370000 0.370000 0.370000 0.370000 0.370000 0.370000 0.370000 0.370000 0.370000 0.370000 0.370000 0.370000 0.370000 0.370000 0.370000 0.370000 0.370000 0.370000 0.370000 0.370000 0.370000 0.370000
-9999.0 0.078982 0.082513 0.087642 0.097577 0.112953 0.144535 0.191510 0.227133 0.259317 0.280488 0.294791 0.329025 0.349156 0.356076 0.361685 0.360970 0.360233 0.358191 0.364704 0.368609 0.369946 0.370000 0.370000 0.370000 0.370000 0.370000 0.370000 0.370000 0.370000 0.370000 0.370000 0.370000 0.370000 0.370000 0.370000 0.370000 0.370000 0.370000 0.370000 0.370000 0.370000 0.370000 0.370000 0.370000 0.370000 0.370000 0.370000 0.370000 0.370000 0.370000 0.370000 0.370000 0.370000 0.370000 0.370000 0.370000 0.370000 0.370000 0.370000 0.370000 0.370000 0.370000
-9999.0 0.077198 0.080703 0.086988 0.096779 0.114513 0.161899 0.251075 0.285507 0.307978 0.324979 0.346105 0.364840 0.368993 0.369690 0.369940 0.369933 0.369887 0.369886 0.369982 0.370000 0.370000 0.370000 0.370000 0.370000 0.370000 0.370000 0.370000 0.370000 0.370000 0.370000 0.370000 0.370000 0.370000 0.370000 0.370000 0.370000 0.370000 0.370000 0.370000 0.370000 0.370000 0.370000 0.370000 0.370000 0.370000 0.370000 0.370000 0.370000 0.370000 0.370000 0.370000 0.370000 0.370000 0.370000 0.370000 0.370000 0.370000 0.370000 0.370000 0.370000 0.370000 0.370000
-9999.0 0.076185 0.079759 0.084903 0.094137 0.124460 0.184670 0.281422 0.335319 0.348694 0.360451 0.368657 0.369964 0.370000 0.370000 0.370000 0.370000 0.370000 0.370000 0.370000 0.370000 0.370000 0.370000 0.370000 0.370000 0.370000 0.370000 0.370000 0.370000 0.370000 0.370000 0.370000 0.370000 0.370000 0.370000 0.370000 0.370000 0.370000 0.370000 0.370000 0.370000 0.370000 0.370000 0.370000 0.370000 0.370000 0.370000 0.370000 0.370000 0.370000 0.370000 0.370000 0.370000 0.370000 0.370000 0.370000 0.370000 0.370000 0.370000 0.370000 0.370000 0.370000 0.370000
-9999.0 0.073331 0.076172 0.079487 0.093225 0.134818 0.204955 0.319541 0.363100 0.367416 0.369829 0.370000 0.370000 0.370000 0.370000 0.370000 0.370000 0.370000 0.370000 0.370000 0.370000 0.370000 0.370000 0.370000 0.370000 0.370000 0.370000 0.370000 0.370000 0.370000 0.370000 0.370000 0.370000 0.370000 0.370000 0.370000 0.370000 0.370000 0.370000 0.370000 0.370000 0.370000 0.370000 0.370000 0.370000 0.370000 0.370000 0.370000 0.370000 0.370000 0.370000 0.370000 0.370000 0.370000 0.370000 0.370000 0.370000 0.370000 0.370000 0.370000 0.370000 0.370000 0.370000
-9999.0 0.071510 0.073302 0.077374 0.090048 0.126054 0.209334 0.332062 0.368836 0.369966 0.370000 0.370000 0.370000 0.370000 0.370000 0.370000 0.370000 0.370000 0.370000 0.370000 0.370000 0.370000 0.370000 0.370000 0.370000 0.370000 0.370000 0.370000 0.370000 0.370000 0.370000 0.370000 0.370000 0.370000 0.370000 0.370000 0.370000 0.370000 0.370000 0.370000 0.370000 0.370000 0.370000 0.370000 0.370000 0.370000 0.370000 0.370000 0.370000 0.370000 0.370000 0.370000 0.370000 0.370000 0.370000 0.370000 0.370000 0.370000 0.370000 0.370000 0.370000 0.370000 0.370000
-9999.0 0.070251 0.072101 0.075103 0.083003 0.101608 0.146590 0.262528 0.352806 0.369898 0.370000 0.370000 0.370000 0.370000 0.370000 0.370000 0.370000 0.370000 0.370000 0.370000 0.370000 0.370000 0.370000 0.370000 0.370000 0.370000 0.370000 0.370000 0.370000 0.370000 0.370000 0.370000 0.370000 0.370000 0.370000 0.370000 0.370000 0.370000 0.370000 0.370000 0.370000 0.370000 0.370000 0.370000 0.370000 0.370000 0.370000 0.370000 0.370000 0.370000 0.370000 0.370000 0.370000 0.370000 0.370000 0.370000 0.370000 0.370000 0.370000 0.370000 0.369990 0.369945 0.369911
-9999.0 -9999.0 0.070878 0.073185 0.077608 0.087572 0.110443 0.178697 0.294577 0.365175 0.369806 0.369999 0.370000 0.370000 0.370000 0.370000 0.370000 0.370000 0.370000 0.370000 0.370000 0.370000 0.370000 0.370000 0.370000 0.370000 0.370000 0.370000 0.370000 0.370000 0.370000 0.370000 0.370000 0.370000 0.370000 0.370000 0.370000 0.370000 0.370000 0.370000 0.370000 0.370000 0.370000 0.370000 0.370000 0.370000 0.370000 0.370000 0.370000 0.370000 0.370000 0.370000 0.370000 0.370000 0.370000 0.370000 0.369998 0.369987 0.369945 0.369720 0.368944 0.366911 0.363537
-9999.0 -9999.0 0.069841 0.071394 0.074439 0.080610 0.091384 0.114445 0.189586 0.282143 0.340094 0.362591 0.368466 0.369754 0.369978 0.370000 0.370000 0.370000 0.370000 0.370000 0.370000 0.370000 0.370000 0.370000 0.370000 0.370000 0.370000 0.370000 0.370000 0.370000 0.370000 0.370000 0.370000 0.370000 0.370000 0.370000 0.370000 0.370000 0.370000 0.370000 0.369999 0.369997 0.369995 0.369994 0.369993 0.369992 0.369989 0.369980 0.369960 0.369937 0.369909 0.369878 0.369855 0.369798 0.369704 0.369617 0.369305 0.368599 0.367254 0.364260 0.357835 0.349615 0.338096
-9999.0 -9999.0 -9999.0 0.070274 0.071886 0.074243 0.078433 0.084225 0.097735 0.127687 0.176725 0.245019 0.292438 0.324030 0.345917 0.359384 0.364412 0.366107 0.367081 0.369137 0.369626 0.369900 0.369976 0.369990 0.369997 0.369999 0.370000 0.369999 0.369996 0.369988 0.369954 0.369867 0.369779 0.369786 0.369786 0.369804 0.369757 0.369702 0.369544 0.369284 0.368909 0.368553 0.368371 0.368167 0.368021 0.367829 0.367623 0.367209 0.366585 0.365829 0.365142 0.364837 0.364481 0.363930 0.363078 0.362079 0.360310 0.354775 0.347387 0.337091 0.321374 0.301806 0.280223
-9999.0 -9999.0 -9999.0 -9999.0 -9999.0 0.070883 0.072858 0.075779 0.079837 0.085782 0.096915 0.119778 0.137801 0.161571 0.194321 0.225487 0.253235 0.281477 0.312450 0.334432 0.351056 0.359215 0.364490 0.367142 0.367978 0.368582 0.368790 0.368445 0.368008 0.367163 0.365152 0.362508 0.361809 0.361854 0.361902 0.361601 0.360744 0.359793 0.358445 0.355460 0.352402 0.350885 0.349672 0.348408 0.347021 0.345806 0.344622 0.343439 0.340117 0.337279 0.337617 0.336582 0.335520 0.334479 0.331559 0.328120 0.323736 0.309196 0.294728 0.283698 0.259453 0.237194 0.221590
-9999.0 -9999.0 -9999.0 -9999.0 -9999.0 -9999.0 0.070247 0.071653 0.073409 0.076035 0.080463 0.086501 0.090176 0.097167 0.107333 0.122129 0.143556 0.164861 0.190386 0.220386 0.253570 0.280661 0.305676 0.326307 0.333413 0.338409 0.342966 0.339584 0.335714 0.331580 0.320908 0.318626 0.315159 0.315178 0.314966 0.314824 0.311645 0.308109 0.304691 0.297661 0.294109 0.290008 0.287044 0.284154 0.281129 0.278538 0.276620 0.274771 0.270320 0.271260 0.271669 0.270398 0.268751 0.266969 0.262221 0.255662 0.249211 0.236316 0.225314 0.214435 0.196134 0.183204 0.170845
