tests/Borden05m/data_simulated/sim_1/output-maps/thetaliqL0001N0008.asc
ncols         160
nrows         34
xllcorner     620200.000000
yllcorner     5168000.000000
cellsize      0.500000
NODATA_value  -9999.0
[rows 0 to 27 of 34, columns 0 to 62 of 160]
-9999.0 -9999.0 -9999.0 -9999.0 -9999.0 -9999.0 -9999.0 -9999.0 -9999.0 -9999.0 -9999.0 -9999.0 -9999.0 -9999.0 -9999.0 -9999.0 -9999.0 -9999.0 -9999.0 -9999.0 -9999.0 -9999.0 -9999.0 -9999.0 -9999.0 -9999.0 -9999.0 -9999.0 -9999.0 -9999.0 -9999.0 -9999.0 -9999.0 -9999.0 -9999.0 -9999.0 -9999.0 -9999.0 -9999.0 -9999.0 -9999.0 -9999.0 -9999.0 -9999.0 -9999.0 -9999.0 -9999.0 -9999.0 -9999.0 -9999.0 -9999.0 -9999.0 -9999.0 -9999.0 -9999.0 -9999.0 -9999.0 -9999.0 -9999.0 -9999.0 -9999.0 -9999.0 -9999.0
-9999.0 -9999.0 -9999.0 -9999.0 -9999.0 -9999.0 -9999.0 -9999.0 -9999.0 -9999.0 -9999.0 -9999.0 -9999.0 -9999.0 -9999.0 -9999.0 -9999.0 -9999.0 -9999.0 -9999.0 -9999.0 -9999.0 -9999.0 -9999.0 -9999.0 -9999.0 -9999.0 -9999.0 -9999.0 -9999.0 -9999.0 -9999.0 -9999.0 -9999.0 -9999.0 -9999.0 -9999.0 -9999.0 -9999.0 -9999.0 -9999.0 -9999.0 -9999.0 -9999.0 -9999.0 -9999.0 -9999.0 -9999.0 -9999.0 -9999.0 -9999.0 -9999.0 -9999.0 -9999.0 -9999.0 -9999.0 -9999.0 -9999.0 -9999.0 0.289790 0.288803 0.288246 0.288090
-9999.0 -9999.0 -9999.0 -9999.0 -9999.0 -9999.0 -9999.0 -9999.0 -9999.0 -9999.0 -9999.0 -9999.0 -9999.0 -9999.0 -9999.0 -9999.0 -9999.0 -9999.0 -9999.0 -9999.0 -9999.0 -9999.0 -9999.0 -9999.0 -9999.0 -9999.0 -9999.0 -9999.0 -9999.0 -9999.0 -9999.0 -9999.0 -9999.0 -9999.0 -9999.0 -9999.0 -9999.0 -9999.0 -9999.0 -9999.0 -9999.0 -9999.0 -9999.0 -9999.0 -9999.0 -9999.0 -9999.0 0.285830 0.282343 0.277983 0.276644 0.281382 0.283002 0.284323 0.284899 0.285345 0.286455 0.289251 0.288742 0.283625 0.283375 0.283492 0.283936
-9999.0 -9999.0 -9999.0 -9999.0 -9999.0 -9999.0 -9999.0 -9999.0 -9999.0 -9999.0 -9999.0 -9999.0 -9999.0 -9999.0 -9999.0 -9999.0 -9999.0 -9999.0 -9999.0 -9999.0 -9999.0 -9999.0 -9999.0 -9999.0 -9999.0 -9999.0 -9999.0 -9999.0 -9999.0 -9999.0 -9999.0 -9999.0 -9999.0 -9999.0 -9999.0 -9999.0 -9999.0 -9999.0 -9999.0 -9999.0 0.283366 0.285004 0.286479 0.284290 0.283660 0.284365 0.282252 0.279571 0.276681 0.277807 0.277786 0.275169 0.278126 0.280257 0.280479 0.280506 0.282141 0.285603 0.285111 0.281395 0.279280 0.278712 0.279319
-9999.0 -9999.0 -9999.0 -9999.0 -9999.0 -9999.0 -9999.0 -9999.0 -9999.0 -9999.0 -9999.0 -9999.0 -9999.0 -9999.0 -9999.0 -9999.0 -9999.0 -9999.0 -9999.0 -9999.0 -9999.0 -9999.0 -9999.0 -9999.0 -9999.0 -9999.0 -9999.0 -9999.0 -9999.0 -9999.0 -9999.0 -9999.0 -9999.0 -9999.0 0.278227 0.281202 0.282155 0.282969 0.284543 0.283475 0.282531 0.283925 0.282626 0.282789 0.281437 0.278692 0.275946 0.274512 0.276707 0.276129 0.275992 0.277322 0.277843 0.277597 0.279206 0.282158 0.279629 0.279920 0.279156 0.277633 0.279390 0.280775 0.281627
-9999.0 -9999.0 -9999.0 -9999.0 -9999.0 -9999.0 -9999.0 -9999.0 -9999.0 -9999.0 -9999.0 -9999.0 -9999.0 -9999.0 -9999.0 -9999.0 -9999.0 -9999.0 -9999.0 -9999.0 -9999.0 -9999.0 -9999.0 -9999.0 -9999.0 -9999.0 -9999.0 -9999.0 0.283451 0.282240 0.281338 0.281458 0.281000 0.279115 0.278388 0.278341 0.279610 0.281892 0.281888 0.281190 0.281138 0.280363 0.278492 0.278418 0.280745 0.279113 0.278556 0.277564 0.274416 0.273580 0.275269 0.276712 0.277755 0.277517 0.277030 0.276209 0.275713 0.279632 0.280358 0.277922 0.276798 0.276393 0.276841
-9999.0 -9999.0 -9999.0 -9999.0 -9999.0 -9999.0 -9999.0 -9999.0 -9999.0 -9999.0 -9999.0 -9999.0 -9999.0 -9999.0 -9999.0 -9999.0 -9999.0 -9999.0 -9999.0 -9999.0 -9999.0 -9999.0 -9999.0 0.281874 0.282984 0.283292 0.284215 0.283606 0.281023 0.279450 0.278799 0.278232 0.276820 0.276525 0.276225 0.276715 0.276863 0.279309 0.277338 0.275982 0.278228 0.277486 0.279172 0.281120 0.280752 0.281317 0.277925 0.275366 0.278153 0.279115 0.278698 0.277677 0.278049 0.278550 0.279178 0.280734 0.282860 0.284435 0.287970 0.285198 0.283614 0.280392 0.280858
-9999.0 -9999.0 -9999.0 -9999.0 -9999.0 -9999.0 -9999.0 -9999.0 -9999.0 -9999.0 -9999.0 -9999.0 -9999.0 -9999.0 -9999.0 -9999.0 -9999.0 -9999.0 -9999.0 0.282617 0.282196 0.281387 0.281580 0.278960 0.277802 0.278360 0.279537 0.278667 0.277204 0.275974 0.276090 0.276192 0.275763 0.277381 0.278536 0.278579 0.277616 0.279335 0.279438 0.280222 0.283242 0.280832 0.278616 0.277465 0.277359 0.276596 0.278515 0.278977 0.278897 0.278262 0.277862 0.277911 0.277586 0.279442 0.280777 0.281444 0.281885 0.283109 0.286855 0.284846 0.281759 0.278295 0.278373
-9999.0 -9999.0 -9999.0 -9999.0 -9999.0 -9999.0 -9999.0 -9999.0 -9999.0 -9999.0 -9999.0 -9999.0 -9999.0 -9999.0 -9999.0 -9999.0 0.282923 0.282658 0.281632 0.279935 0.278516 0.278394 0.279296 0.277345 0.276607 0.276863 0.275889 0.276636 0.277462 0.278493 0.278876 0.277406 0.277401 0.276879 0.276293 0.276328 0.278292 0.279933 0.279660 0.280683 0.283202 0.281178 0.280416 0.280484 0.279150 0.279648 0.283653 0.282296 0.279572 0.283535 0.285243 0.283636 0.282411 0.284259 0.287085 0.290644 0.297298 0.300788 0.305338 0.307349 0.302401 0.301964 0.303763
-9999.0 -9999.0 -9999.0 -9999.0 -9999.0 -9999.0 -9999.0 -9999.0 -9999.0 -9999.0 -9999.0 -9999.0 -9999.0 0.283264 0.282991 0.283103 0.280507 0.278539 0.277294 0.275567 0.277389 0.275818 0.275212 0.275387 0.276981 0.276810 0.276774 0.277622 0.276971 0.276170 0.275370 0.273942 0.274999 0.275966 0.276373 0.277732 0.278410 0.278565 0.279796 0.279249 0.279938 0.278886 0.276964 0.276450 0.277488 0.280864 0.282869 0.282722 0.287165 0.291742 0.293251 0.295629 0.296184 0.296940 0.300228 0.312492 0.326870 0.337335 0.343387 0.350180 0.350999 0.352600 0.353994
-9999.0 -9999.0 -9999.0 -9999.0 -9999.0 -9999.0 -9999.0 -9999.0 -9999.0 -9999.0 0.279967 0.281198 0.279346 0.275817 0.274228 0.274848 0.275477 0.274028 0.273878 0.277169 0.278844 0.275306 0.277327 0.277118 0.275471 0.275544 0.276131 0.275875 0.277564 0.277164 0.276641 0.279494 0.279698 0.279919 0.280404 0.280803 0.280683 0.284130 0.286731 0.285063 0.289425 0.292019 0.288849 0.287717 0.288219 0.291208 0.295877 0.302721 0.310014 0.321765 0.329933 0.334434 0.337449 0.341326 0.347863 0.364316 0.369416 0.369879 0.369965 0.369983 0.369987 0.369988 0.369991
-9999.0 -9999.0 -9999.0 -9999.0 -9999.0 -9999.0 -9999.0 -9999.0 0.275145 0.277070 0.278256 0.276703 0.274617 0.270782 0.272081 0.273287 0.274010 0.275184 0.275575 0.275790 0.274550 0.275381 0.277226 0.276241 0.276123 0.277176 0.276732 0.277418 0.278669 0.276870 0.276977 0.277726 0.278243 0.278612 0.279209 0.278877 0.282179 0.286633 0.291563 0.295345 0.300958 0.308345 0.307707 0.309925 0.313383 0.323925 0.334657 0.347144 0.363764 0.369273 0.369844 0.369926 0.369950 0.369971 0.369989 0.369999 0.370000 0.370000 0.370000 0.370000 0.370000 0.370000 0.370000
-9999.0 -9999.0 -9999.0 -9999.0 -9999.0 -9999.0 0.272411 0.276594 0.278563 0.273619 0.269843 0.268585 0.266333 0.271120 0.275240 0.275819 0.276185 0.276639 0.275850 0.272556 0.278437 0.276108 0.274243 0.275598 0.274910 0.274531 0.275099 0.276976 0.276989 0.280898 0.282966 0.284394 0.287070 0.288292 0.289875 0.291537 0.297467 0.306632 0.320427 0.331335 0.340985 0.352362 0.358526 0.364260 0.368751 0.369591 0.369880 0.369974 0.369999 0.370000 0.370000 0.370000 0.370000 0.370000 0.370000 0.370000 0.370000 0.370000 0.370000 0.370000 0.370000 0.370000 0.370000
-9999.0 -9999.0 -9999.0 -9999.0 0.275227 0.275991 0.274906 0.278411 0.280787 0.274742 0.276792 0.275689 0.273679 0.271194 0.268207 0.270001 0.270899 0.271365 0.270527 0.276113 0.280542 0.276139 0.277815 0.281888 0.279847 0.279618 0.278984 0.279996 0.282293 0.285064 0.293685 0.300594 0.304474 0.310698 0.318810 0.327097 0.337741 0.354402 0.368630 0.369783 0.369951 0.369987 0.369996 0.369999 0.370000 0.370000 0.370000 0.370000 0.370000 0.370000 0.370000 0.370000 0.370000 0.370000 0.370000 0.370000 0.370000 0.370000 0.370000 0.370000 0.370000 0.370000 0.370000
-9999.0 -9999.0 -9999.0 0.272920 0.276955 0.278180 0.275706 0.276047 0.278897 0.275430 0.274640 0.273906 0.273389 0.273238 0.272720 0.273576 0.273482 0.272250 0.272554 0.275273 0.275540 0.276998 0.277638 0.279317 0.280899 0.280936 0.281530 0.284117 0.291746 0.299785 0.316811 0.334391 0.348331 0.361728 0.368660 0.369652 0.369886 0.369985 0.370000 0.370000 0.370000 0.370000 0.370000 0.370000 0.370000 0.370000 0.370000 0.370000 0.370000 0.370000 0.370000 0.370000 0.370000 0.370000 0.370000 0.370000 0.370000 0.370000 0.370000 0.370000 0.370000 0.370000 0.370000
-9999.0 -9999.0 0.274041 0.276259 0.274209 0.276779 0.279572 0.276518 0.279921 0.280665 0.276175 0.278043 0.278745 0.275763 0.276832 0.278081 0.278613 0.275294 0.272504 0.275316 0.282226 0.286753 0.287557 0.300955 0.308189 0.313173 0.315753 0.322922 0.332129 0.350786 0.368288 0.369785 0.369969 0.369998 0.370000 0.370000 0.370000 0.370000 0.370000 0.370000 0.370000 0.370000 0.370000 0.370000 0.370000 0.370000 0.370000 0.370000 0.370000 0.370000 0.370000 0.370000 0.370000 0.370000 0.370000 0.370000 0.370000 0.370000 0.370000 0.370000 0.370000 0.370000 0.370000
-9999.0 -9999.0 0.271322 0.275147 0.271874 0.277559 0.282566 0.275843 0.276610 0.281625 0.279184 0.278980 0.277073 0.276281 0.277749 0.281872 0.278867 0.277690 0.271339 0.282626 0.290900 0.304798 0.330195 0.348389 0.363188 0.366845 0.368585 0.369356 0.369733 0.369963 0.369999 0.370000 0.370000 0.370000 0.370000 0.370000 0.370000 0.370000 0.370000 0.370000 0.370000 0.370000 0.370000 0.370000 0.370000 0.370000 0.370000 0.370000 0.370000 0.370000 0.370000 0.370000 0.370000 0.370000 0.370000 0.370000 0.370000 0.370000 0.370000 0.370000 0.370000 0.370000 0.370000
-9999.0 0.270793 0.272586 0.272369 0.275950 0.273764 0.277377 0.282743 0.280821 0.281803 0.280455 0.274840 0.285469 0.293978 0.295216 0.302245 0.297925 0.295273 0.288754 0.299309 0.317656 0.353317 0.369649 0.369975 0.369998 0.370000 0.370000 0.370000 0.370000 0.370000 0.370000 0.370000 0.370000 0.370000 0.370000 0.370000 0.370000 0.370000 0.370000 0.370000 0.370000 0.370000 0.370000 0.370000 0.370000 0.370000 0.370000 0.370000 0.370000 0.370000 0.370000 0.370000 0.370000 0.370000 0.370000 0.370000 0.370000 0.370000 0.370000 0.370000 0.370000 0.370000 0.370000
-9999.0 0.264711 0.272471 0.276778 0.274290 0.269891 0.279263 0.293210 0.284576 0.280625 0.277735 0.284822 0.309084 0.328599 0.338278 0.350174 0.347621 0.341381 0.341386 0.357871 0.368652 0.369911 0.370000 0.370000 0.370000 0.370000 0.370000 0.370000 0.370000 0.370000 0.370000 0.370000 0.370000 0.370000 0.370000 0.370000 0.370000 0.370000 0.370000 0.370000 0.370000 0.370000 0.370000 0.370000 0.370000 0.370000 0.370000 0.370000 0.370000 0.370000 0.370000 0.370000 0.370000 0.370000 0.370000 0.370000 0.370000 0.370000 0.370000 0.370000 0.370000 0.370000 0.370000
-9999.0 0.271227 0.280152 0.277356 0.269023 0.278460 0.280399 0.287835 0.291676 0.285533 0.294811 0.328666 0.363818 0.369733 0.369957 0.369978 0.369981 0.369962 0.369979 0.369999 0.370000 0.370000 0.370000 0.370000 0.370000 0.370000 0.370000 0.370000 0.370000 0.370000 0.370000 0.370000 0.370000 0.370000 0.370000 0.370000 0.370000 0.370000 0.370000 0.370000 0.370000 0.370000 0.370000 0.370000 0.370000 0.370000 0.370000 0.370000 0.370000 0.370000 0.370000 0.370000 0.370000 0.370000 0.370000 0.370000 0.370000 0.370000 0.370000 0.370000 0.370000 0.370000 0.370000
-9999.0 0.260787 0.273535 0.262157 0.276350 0.287535 0.282431 0.295470 0.308385 0.309121 0.347997 0.369512 0.369999 0.370000 0.370000 0.370000 0.370000 0.370000 0.370000 0.370000 0.370000 0.370000 0.370000 0.370000 0.370000 0.370000 0.370000 0.370000 0.370000 0.370000 0.370000 0.370000 0.370000 0.370000 0.370000 0.370000 0.370000 0.370000 0.370000 0.370000 0.370000 0.370000 0.370000 0.370000 0.370000 0.370000 0.370000 0.370000 0.370000 0.370000 0.370000 0.370000 0.370000 0.370000 0.370000 0.370000 0.370000 0.370000 0.370000 0.370000 0.370000 0.370000 0.370000
-9999.0 0.253404 0.262121 0.268373 0.280695 0.288336 0.294155 0.307408 0.334591 0.355715 0.369639 0.369999 0.370000 0.370000 0.370000 0.370000 0.370000 0.370000 0.370000 0.370000 0.370000 0.370000 0.370000 0.370000 0.370000 0.370000 0.370000 0.370000 0.370000 0.370000 0.370000 0.370000 0.370000 0.370000 0.370000 0.370000 0.370000 0.370000 0.370000 0.370000 0.370000 0.370000 0.370000 0.370000 0.370000 0.370000 0.370000 0.370000 0.370000 0.370000 0.370000 0.370000 0.370000 0.370000 0.370000 0.370000 0.370000 0.370000 0.370000 0.370000 0.369999 0.369989 0.369976
-9999.0 0.236983 0.265540 0.268528 0.275673 0.276725 0.276562 0.287555 0.303114 0.354368 0.369985 0.370000 0.370000 0.370000 0.370000 0.370000 0.370000 0.370000 0.370000 0.370000 0.370000 0.370000 0.370000 0.370000 0.370000 0.370000 0.370000 0.370000 0.370000 0.370000 0.370000 0.370000 0.370000 0.370000 0.370000 0.370000 0.370000 0.370000 0.370000 0.370000 0.370000 0.370000 0.370000 0.370000 0.370000 0.370000 0.370000 0.370000 0.370000 0.370000 0.370000 0.370000 0.370000 0.370000 0.370000 0.370000 0.370000 0.369995 0.369953 0.369621 0.364974 0.348524 0.345150
-9999.0 -9999.0 0.252286 0.268975 0.270436 0.272076 0.272839 0.282376 0.290110 0.324570 0.356777 0.369563 0.369964 0.369997 0.370000 0.370000 0.370000 0.370000 0.370000 0.370000 0.370000 0.370000 0.370000 0.370000 0.370000 0.370000 0.370000 0.370000 0.370000 0.370000 0.370000 0.370000 0.370000 0.370000 0.370000 0.370000 0.370000 0.370000 0.370000 0.370000 0.370000 0.370000 0.370000 0.370000 0.370000 0.370000 0.370000 0.369998 0.369993 0.369984 0.369979 0.369973 0.369965 0.369946 0.369907 0.369796 0.369058 0.360664 0.346408 0.331367 0.315430 0.302400 0.296462
-9999.0 -9999.0 0.234322 0.260375 0.271483 0.278995 0.276664 0.276399 0.291512 0.295733 0.305115 0.322726 0.337266 0.352456 0.367996 0.369749 0.369896 0.369927 0.369938 0.369952 0.369977 0.369992 0.369998 0.370000 0.370000 0.370000 0.370000 0.370000 0.370000 0.369999 0.369991 0.369966 0.369941 0.369924 0.369933 0.369948 0.369937 0.369913 0.369871 0.369797 0.369696 0.369455 0.368974 0.368022 0.367174 0.365667 0.363034 0.357161 0.350623 0.346593 0.343818 0.341435 0.340255 0.337364 0.333614 0.330690 0.322595 0.311922 0.304965 0.298482 0.291211 0.288396 0.285947
-9999.0 -9999.0 -9999.0 0.237006 0.253269 0.265728 0.270138 0.262501 0.266377 0.274315 0.279332 0.287607 0.291722 0.296758 0.307075 0.319595 0.325177 0.325804 0.324299 0.334836 0.339074 0.349109 0.360040 0.367011 0.369314 0.369709 0.369763 0.369610 0.369019 0.363888 0.351498 0.341711 0.336843 0.337098 0.337172 0.338471 0.336692 0.335174 0.331430 0.327365 0.322782 0.318284 0.315667 0.313404 0.312405 0.310905 0.309407 0.306607 0.304005 0.301803 0.299822 0.299528 0.299136 0.298257 0.297103 0.296492 0.295544 0.290855 0.288161 0.285852 0.283533 0.281498 0.279460
-9999.0 -9999.0 -9999.0 -9999.0 -9999.0 0.226641 0.258797 0.264939 0.264695 0.261617 0.263981 0.275195 0.272655 0.273575 0.277841 0.279648 0.279723 0.281879 0.287297 0.291519 0.297210 0.301111 0.307776 0.314967 0.319968 0.324832 0.326253 0.322611 0.318537 0.311679 0.303937 0.297349 0.297266 0.298012 0.298375 0.298206 0.297218 0.296706 0.295933 0.293260 0.290732 0.290349 0.290002 0.289547 0.289042 0.288709 0.288442 0.288499 0.286835 0.285247 0.286455 0.286246 0.286193 0.286563 0.286015 0.286029 0.287012 0.283133 0.281355 0.283367 0.279993 0.277979 0.279608
-9999.0 -9999.0 -9999.0 -9999.0 -9999.0 -9999.0 0.223176 0.243115 0.259304 0.263490 0.269905 0.274696 0.267189 0.269403 0.271647 0.273938 0.277717 0.276918 0.277741 0.279317 0.281766 0.282402 0.285260 0.289714 0.289161 0.290131 0.292811 0.289634 0.288127 0.287489 0.281733 0.283088 0.282449 0.283249 0.283564 0.284356 0.283779 0.283292 0.283204 0.280729 0.280917 0.280425 0.280346 0.280245 0.280133 0.280166 0.280358 0.280628 0.279038 0.280186 0.280670 0.280264 0.280156 0.280657 0.280491 0.279999 0.280656 0.279050 0.279289 0.279840 0.276746 0.277369 0.277668
