tests/Borden05m/data_simulated/sim_1/output-maps/thetaliqL0001N0017.asc
ncols         160
nrows         34
xllcorner     620200.000000
yllcorner     5168000.000000
cellsize      0.500000
NODATA_value  -9999.0
[rows 0 to 27 of 34, columns 0 to 62 of 160]
-9999.0 -9999.0 -9999.0 -9999.0 -9999.0 -9999.0 -9999.0 -9999.0 -9999.0 -9999.0 -9999.0 -9999.0 -9999.0 -9999.0 -9999.0 -9999.0 -9999.0 -9999.0 -9999.0 -9999.0 -9999.0 -9999.0 -9999.0 -9999.0 -9999.0 -9999.0 -9999.0 -9999.0 -9999.0 -9999.0 -9999.0 -9999.0 -9999.0 -9999.0 -9999.0 -9999.0 -9999.0 -9999.0 -9999.0 -9999.0 -9999.0 -9999.0 -9999.0 -9999.0 -9999.0 -9999.0 -9999.0 -9999.0 -9999.0 -9999.0 -9999.0 -9999.0 -9999.0 -9999.0 -9999.0 -9999.0 -9999.0 -9999.0 -9999.0 -9999.0 -9999.0 -9999.0 -9999.0
-9999.0 -9999.0 -9999.0 -9999.0 -9999.0 -9999.0 -9999.0 -9999.0 -9999.0 -9999.0 -9999.0 -9999.0 -9999.0 -9999.0 -9999.0 -9999.0 -9999.0 -9999.0 -9999.0 -9999.0 -9999.0 -9999.0 -9999.0 -9999.0 -9999.0 -9999.0 -9999.0 -9999.0 -9999.0 -9999.0 -9999.0 -9999.0 -9999.0 -9999.0 -9999.0 -9999.0 -9999.0 -9999.0 -9999.0 -9999.0 -9999.0 -9999.0 -9999.0 -9999.0 -9999.0 -9999.0 -9999.0 -9999.0 -9999.0 -9999.0 -9999.0 -9999.0 -9999.0 -9999.0 -9999.0 -9999.0 -9999.0 -9999.0 -9999.0 0.182633 0.181919 0.181423 0.181142
-9999.0 -9999.0 -9999.0 -9999.0 -9999.0 -9999.0 -9999.0 -9999.0 -9999.0 -9999.0 -9999.0 -9999.0 -9999.0 -9999.0 -9999.0 -9999.0 -9999.0 -9999.0 -9999.0 -9999.0 -9999.0 -9999.0 -9999.0 -9999.0 -9999.0 -9999.0 -9999.0 -9999.0 -9999.0 -9999.0 -9999.0 -9999.0 -9999.0 -9999.0 -9999.0 -9999.0 -9999.0 -9999.0 -9999.0 -9999.0 -9999.0 -9999.0 -9999.0 -9999.0 -9999.0 -9999.0 -9999.0 0.177123 0.175171 0.172856 0.172239 0.174806 0.175981 0.177086 0.177837 0.178544 0.179638 0.181629 0.181510 0.178673 0.178399 0.178335 0.178458
-9999.0 -9999.0 -9999.0 -9999.0 -9999.0 -9999.0 -9999.0 -9999.0 -9999.0 -9999.0 -9999.0 -9999.0 -9999.0 -9999.0 -9999.0 -9999.0 -9999.0 -9999.0 -9999.0 -9999.0 -9999.0 -9999.0 -9999.0 -9999.0 -9999.0 -9999.0 -9999.0 -9999.0 -9999.0 -9999.0 -9999.0 -9999.0 -9999.0 -9999.0 -9999.0 -9999.0 -9999.0 -9999.0 -9999.0 -9999.0 0.176961 0.177877 0.178639 0.177304 0.176741 0.176835 0.175455 0.173879 0.172277 0.172751 0.172781 0.171677 0.173432 0.174862 0.175369 0.175804 0.177071 0.179303 0.179163 0.177050 0.175794 0.175422 0.175686
-9999.0 -9999.0 -9999.0 -9999.0 -9999.0 -9999.0 -9999.0 -9999.0 -9999.0 -9999.0 -9999.0 -9999.0 -9999.0 -9999.0 -9999.0 -9999.0 -9999.0 -9999.0 -9999.0 -9999.0 -9999.0 -9999.0 -9999.0 -9999.0 -9999.0 -9999.0 -9999.0 -9999.0 -9999.0 -9999.0 -9999.0 -9999.0 -9999.0 -9999.0 0.172855 0.174501 0.175241 0.175949 0.177023 0.176654 0.176340 0.177137 0.176423 0.176383 0.175495 0.173865 0.172247 0.171350 0.172305 0.171990 0.171992 0.172818 0.173332 0.173528 0.174702 0.176614 0.175651 0.176119 0.175846 0.174984 0.175807 0.176477 0.176909
-9999.0 -9999.0 -9999.0 -9999.0 -9999.0 -9999.0 -9999.0 -9999.0 -9999.0 -9999.0 -9999.0 -9999.0 -9999.0 -9999.0 -9999.0 -9999.0 -9999.0 -9999.0 -9999.0 -9999.0 -9999.0 -9999.0 -9999.0 -9999.0 -9999.0 -9999.0 -9999.0 -9999.0 0.175343 0.174688 0.174188 0.174221 0.173990 0.173096 0.172860 0.173019 0.173899 0.175327 0.175562 0.175375 0.175480 0.175132 0.174158 0.174059 0.175138 0.174143 0.173676 0.173032 0.171415 0.171027 0.171949 0.172832 0.173596 0.173774 0.173872 0.173882 0.173976 0.176409 0.177029 0.175678 0.174942 0.174609 0.174816
-9999.0 -9999.0 -9999.0 -9999.0 -9999.0 -9999.0 -9999.0 -9999.0 -9999.0 -9999.0 -9999.0 -9999.0 -9999.0 -9999.0 -9999.0 -9999.0 -9999.0 -9999.0 -9999.0 -9999.0 -9999.0 -9999.0 -9999.0 0.174219 0.174824 0.175049 0.175577 0.175301 0.174021 0.173213 0.172864 0.172578 0.171910 0.171827 0.171809 0.172229 0.172537 0.174018 0.173260 0.172777 0.174068 0.173745 0.174587 0.175573 0.175341 0.175554 0.173747 0.172417 0.173836 0.174410 0.174332 0.173996 0.174438 0.175051 0.175824 0.177178 0.178918 0.180387 0.182834 0.181181 0.180006 0.177973 0.178187
-9999.0 -9999.0 -9999.0 -9999.0 -9999.0 -9999.0 -9999.0 -9999.0 -9999.0 -9999.0 -9999.0 -9999.0 -9999.0 -9999.0 -9999.0 -9999.0 -9999.0 -9999.0 -9999.0 0.174269 0.174081 0.173709 0.173850 0.172650 0.172144 0.172482 0.173123 0.172736 0.172048 0.171453 0.171524 0.171603 0.171450 0.172349 0.173076 0.173310 0.173100 0.174265 0.174604 0.175275 0.177076 0.175871 0.174707 0.174100 0.174052 0.173719 0.174813 0.175148 0.175236 0.175128 0.175145 0.175386 0.175508 0.176954 0.178309 0.179450 0.180557 0.182081 0.184967 0.183769 0.181529 0.179220 0.179266
-9999.0 -9999.0 -9999.0 -9999.0 -9999.0 -9999.0 -9999.0 -9999.0 -9999.0 -9999.0 -9999.0 -9999.0 -9999.0 -9999.0 -9999.0 -9999.0 0.174122 0.174019 0.173562 0.172827 0.172186 0.172170 0.172657 0.171766 0.171472 0.171666 0.171274 0.171706 0.172174 0.172742 0.172996 0.172352 0.172465 0.172365 0.172279 0.172563 0.173879 0.175096 0.175341 0.176226 0.177865 0.176888 0.176478 0.176526 0.175925 0.176438 0.178934 0.178512 0.177414 0.180069 0.181473 0.180923 0.180618 0.182316 0.184972 0.188543 0.194654 0.199115 0.204536 0.207120 0.202230 0.201521 0.203292
-9999.0 -9999.0 -9999.0 -9999.0 -9999.0 -9999.0 -9999.0 -9999.0 -9999.0 -9999.0 -9999.0 -9999.0 -9999.0 0.173931 0.173838 0.173961 0.172801 0.171909 0.171369 0.170619 0.171565 0.170879 0.170659 0.170818 0.171659 0.171670 0.171761 0.172293 0.172103 0.171834 0.171574 0.171046 0.171755 0.172461 0.172944 0.173978 0.174766 0.175387 0.176581 0.176766 0.177584 0.177260 0.176243 0.176014 0.176790 0.179120 0.180920 0.181564 0.184974 0.188656 0.190477 0.192889 0.194063 0.195705 0.199966 0.213608 0.234476 0.258394 0.274098 0.286986 0.288791 0.291352 0.293550
-9999.0 -9999.0 -9999.0 -9999.0 -9999.0 -9999.0 -9999.0 -9999.0 -9999.0 -9999.0 0.172107 0.172703 0.171833 0.170247 0.169551 0.169907 0.170280 0.169684 0.169693 0.171356 0.172273 0.170682 0.171767 0.171776 0.171092 0.171257 0.171692 0.171754 0.172796 0.172823 0.172826 0.174562 0.174997 0.175464 0.176118 0.176824 0.177450 0.180224 0.182655 0.182560 0.186106 0.188442 0.186517 0.185843 0.186366 0.189085 0.193741 0.200954 0.208971 0.221845 0.235815 0.246955 0.256241 0.267649 0.281132 0.298469 0.315538 0.328975 0.339936 0.345524 0.347642 0.348616 0.350000
-9999.0 -9999.0 -9999.0 -9999.0 -9999.0 -9999.0 -9999.0 -9999.0 0.169778 0.170688 0.171273 0.170545 0.169578 0.167850 0.168498 0.169140 0.169572 0.170220 0.170527 0.170776 0.170361 0.170926 0.171979 0.171677 0.171784 0.172477 0.172480 0.173109 0.174082 0.173604 0.174143 0.175049 0.175855 0.176567 0.177435 0.177942 0.180820 0.184809 0.189349 0.193520 0.199815 0.208493 0.208566 0.210315 0.212364 0.226348 0.250003 0.278282 0.297470 0.310993 0.323959 0.330718 0.335126 0.340260 0.345885 0.350201 0.355714 0.361087 0.364865 0.366673 0.367435 0.367639 0.368007
-9999.0 -9999.0 -9999.0 -9999.0 -9999.0 -9999.0 0.168434 0.170443 0.171430 0.169145 0.167443 0.166885 0.165883 0.168055 0.170037 0.170407 0.170693 0.171036 0.170822 0.169502 0.172592 0.171710 0.171080 0.172033 0.171935 0.171994 0.172577 0.173944 0.174546 0.177377 0.179510 0.181390 0.183957 0.185590 0.187364 0.189518 0.195589 0.205948 0.222028 0.242871 0.267536 0.289837 0.297479 0.301123 0.305127 0.312594 0.325699 0.338175 0.349597 0.357466 0.361633 0.363171 0.364371 0.365531 0.366684 0.367656 0.368492 0.369209 0.369598 0.369838 0.369919 0.369938 0.369971
-9999.0 -9999.0 -9999.0 -9999.0 0.169532 0.169975 0.169605 0.171375 0.172625 0.169820 0.170829 0.170350 0.169454 0.168348 0.167039 0.167971 0.168502 0.168853 0.168680 0.171688 0.174264 0.172543 0.173863 0.176460 0.175854 0.176120 0.176231 0.177429 0.179697 0.182661 0.189830 0.197121 0.202841 0.210417 0.219077 0.232874 0.258686 0.288505 0.307128 0.322917 0.335975 0.344838 0.349845 0.352349 0.355085 0.357941 0.361157 0.364580 0.367126 0.368810 0.369446 0.369666 0.369749 0.369826 0.369893 0.369952 0.369997 0.369999 0.369998 0.370000 0.370000 0.370000 0.370000
-9999.0 -9999.0 -9999.0 0.168354 0.170318 0.171034 0.170071 0.170423 0.171947 0.170462 0.170181 0.169951 0.169828 0.169865 0.169767 0.170318 0.170396 0.169929 0.170317 0.172112 0.172938 0.174477 0.175648 0.177537 0.179188 0.179812 0.180707 0.183142 0.189563 0.197914 0.216164 0.250208 0.281866 0.298234 0.307218 0.318408 0.328933 0.342057 0.351969 0.358753 0.363437 0.366054 0.367644 0.368327 0.368631 0.368898 0.369361 0.369678 0.369871 0.369994 0.369999 0.370000 0.370000 0.370000 0.370000 0.370000 0.370000 0.370000 0.370000 0.370000 0.370000 0.370000 0.370000
-9999.0 -9999.0 0.168715 0.169823 0.169057 0.170479 0.172062 0.170910 0.172827 0.173475 0.171525 0.172663 0.173260 0.172065 0.172867 0.173759 0.174152 0.172620 0.171504 0.173707 0.178559 0.182748 0.185215 0.196853 0.204668 0.210174 0.213101 0.223398 0.244160 0.281898 0.308418 0.330613 0.345579 0.354247 0.357202 0.360159 0.363617 0.366150 0.368048 0.369055 0.369585 0.369828 0.369945 0.369997 0.369997 0.369992 0.370000 0.370000 0.370000 0.370000 0.370000 0.370000 0.370000 0.370000 0.370000 0.370000 0.370000 0.370000 0.370000 0.370000 0.370000 0.370000 0.370000
-9999.0 -9999.0 0.167463 0.169290 0.168031 0.170991 0.173727 0.171008 0.171828 0.174719 0.173925 0.174264 0.173972 0.174241 0.175552 0.178265 0.176785 0.176233 0.173272 0.180386 0.187364 0.201475 0.236944 0.279020 0.301344 0.305055 0.307288 0.314987 0.326511 0.344093 0.357969 0.365549 0.368328 0.369215 0.369482 0.369676 0.369860 0.369991 0.369997 0.370000 0.370000 0.370000 0.370000 0.370000 0.370000 0.370000 0.370000 0.370000 0.370000 0.370000 0.370000 0.370000 0.370000 0.370000 0.370000 0.370000 0.370000 0.370000 0.370000 0.370000 0.370000 0.370000 0.370000
-9999.0 0.167072 0.167980 0.168046 0.169952 0.169369 0.171673 0.175055 0.174812 0.175991 0.176015 0.174124 0.181380 0.188170 0.190623 0.197171 0.194341 0.192279 0.188200 0.197234 0.218161 0.282613 0.337489 0.354243 0.359803 0.360438 0.359944 0.361963 0.364856 0.367741 0.369673 0.369994 0.370000 0.370000 0.370000 0.370000 0.370000 0.370000 0.370000 0.370000 0.370000 0.370000 0.370000 0.370000 0.370000 0.370000 0.370000 0.370000 0.370000 0.370000 0.370000 0.370000 0.370000 0.370000 0.370000 0.370000 0.370000 0.370000 0.369999 0.369997 0.369995 0.369994 0.369993
-9999.0 0.164352 0.167901 0.170062 0.169249 0.167845 0.173161 0.181385 0.178247 0.177278 0.177036 0.182958 0.203173 0.228589 0.252210 0.278639 0.277521 0.268517 0.270360 0.293645 0.321097 0.351182 0.367570 0.369652 0.369538 0.369564 0.369628 0.369817 0.369946 0.369992 0.370000 0.370000 0.370000 0.370000 0.370000 0.370000 0.370000 0.370000 0.370000 0.370000 0.370000 0.370000 0.370000 0.370000 0.370000 0.370000 0.370000 0.370000 0.370000 0.370000 0.369999 0.369998 0.369998 0.369998 0.369997 0.369996 0.369991 0.369979 0.369961 0.369933 0.369894 0.369866 0.369867
-9999.0 0.167251 0.171371 0.170329 0.167036 0.172109 0.174181 0.179951 0.184768 0.183412 0.192045 0.227667 0.284871 0.318345 0.335230 0.343162 0.347723 0.347647 0.353957 0.363296 0.368895 0.369993 0.370000 0.370000 0.369999 0.369996 0.369994 0.369993 0.369995 0.369998 0.370000 0.370000 0.370000 0.370000 0.370000 0.370000 0.370000 0.370000 0.370000 0.370000 0.370000 0.370000 0.370000 0.370000 0.370000 0.369999 0.369998 0.369997 0.369994 0.369985 0.369978 0.369970 0.369965 0.369957 0.369945 0.369927 0.369874 0.369782 0.369639 0.369458 0.369219 0.368930 0.368942
-9999.0 0.162731 0.168389 0.163677 0.170681 0.176699 0.175748 0.185968 0.200260 0.207573 0.265784 0.311870 0.343900 0.357518 0.363640 0.367248 0.368570 0.369336 0.369794 0.369964 0.370000 0.370000 0.370000 0.370000 0.370000 0.369998 0.369990 0.369967 0.369952 0.369953 0.369977 0.369996 0.370000 0.370000 0.370000 0.369999 0.369998 0.369998 0.369997 0.369994 0.369990 0.369987 0.369987 0.369990 0.369984 0.369973 0.369957 0.369932 0.369894 0.369840 0.369774 0.369703 0.369663 0.369589 0.369566 0.369458 0.368880 0.368215 0.367422 0.366380 0.364974 0.362564 0.362289
-9999.0 0.159439 0.163355 0.166528 0.172732 0.177212 0.182298 0.194549 0.231462 0.284463 0.322388 0.338458 0.355854 0.365409 0.368891 0.369559 0.369749 0.369803 0.369869 0.369918 0.369931 0.369998 0.369999 0.370000 0.369992 0.369972 0.369931 0.369872 0.369841 0.369861 0.369893 0.369929 0.369957 0.369963 0.369956 0.369945 0.369947 0.369929 0.369903 0.369870 0.369833 0.369779 0.369735 0.369706 0.369666 0.369632 0.369510 0.369308 0.369045 0.368779 0.368466 0.368179 0.368067 0.367839 0.367522 0.366887 0.364620 0.361372 0.357822 0.353122 0.343890 0.339099 0.335823
-9999.0 0.152491 0.164776 0.166475 0.170187 0.171302 0.172444 0.180421 0.195901 0.277249 0.348158 0.352164 0.356700 0.362752 0.367862 0.369462 0.369559 0.368982 0.368255 0.367926 0.368429 0.369153 0.369509 0.369731 0.369754 0.369739 0.369678 0.369545 0.369339 0.369251 0.369262 0.369210 0.369184 0.369228 0.369181 0.369250 0.369296 0.369075 0.368720 0.368173 0.367546 0.366975 0.366737 0.366739 0.366638 0.366348 0.365679 0.364675 0.363238 0.361708 0.360340 0.359300 0.358207 0.356608 0.354641 0.352275 0.345414 0.338225 0.329625 0.316020 0.296706 0.280244 0.271934
-9999.0 -9999.0 0.159062 0.166480 0.167535 0.168747 0.169935 0.175968 0.183133 0.215922 0.276171 0.309402 0.327234 0.341665 0.356098 0.363273 0.363980 0.364623 0.361306 0.361437 0.362524 0.363793 0.365214 0.366361 0.367059 0.367367 0.367504 0.367357 0.366809 0.365830 0.364473 0.363257 0.362400 0.361706 0.362631 0.363822 0.363619 0.362777 0.361197 0.358738 0.356286 0.353472 0.352657 0.352892 0.352828 0.352017 0.350553 0.346998 0.342930 0.338306 0.335895 0.333469 0.330985 0.326518 0.321759 0.316254 0.305921 0.294604 0.276969 0.243357 0.216394 0.200874 0.194036
-9999.0 -9999.0 0.151348 0.162605 0.167805 0.171546 0.171067 0.172059 0.180929 0.185907 0.194751 0.211665 0.235781 0.270854 0.292902 0.312489 0.320085 0.323552 0.323567 0.327488 0.335060 0.341681 0.345920 0.349656 0.352751 0.354939 0.356623 0.354549 0.352138 0.348087 0.342260 0.334786 0.330302 0.327595 0.329390 0.332440 0.330533 0.326415 0.320544 0.313505 0.308159 0.302979 0.301565 0.301107 0.301044 0.299923 0.298251 0.292999 0.284979 0.277583 0.270943 0.264797 0.260831 0.253163 0.243896 0.237075 0.223927 0.211881 0.202940 0.195153 0.188180 0.184808 0.182061
-9999.0 -9999.0 -9999.0 0.152467 0.159588 0.165298 0.167596 0.164770 0.167372 0.171843 0.175126 0.180383 0.184047 0.188486 0.196022 0.207631 0.215032 0.217494 0.217680 0.236546 0.251456 0.276137 0.292328 0.297818 0.303384 0.308956 0.310586 0.306568 0.302719 0.296026 0.283513 0.265094 0.252664 0.252035 0.252181 0.254610 0.250141 0.245348 0.236095 0.227233 0.219716 0.214499 0.212602 0.210919 0.210063 0.208730 0.207383 0.204636 0.201681 0.199169 0.197097 0.196486 0.195884 0.194814 0.193490 0.192582 0.191226 0.187230 0.184467 0.181964 0.179548 0.177522 0.175691
-9999.0 -9999.0 -9999.0 -9999.0 -9999.0 0.148338 0.162191 0.165078 0.165412 0.164524 0.166025 0.171607 0.170894 0.171762 0.174253 0.175699 0.176262 0.177953 0.181642 0.185418 0.190541 0.195245 0.202294 0.209510 0.214084 0.219852 0.222003 0.217416 0.213316 0.207644 0.200150 0.193915 0.193200 0.193601 0.193835 0.193669 0.192673 0.191936 0.190890 0.188568 0.186534 0.186077 0.185767 0.185367 0.184924 0.184592 0.184305 0.184162 0.182937 0.181802 0.182361 0.182146 0.182012 0.182079 0.181554 0.181299 0.181459 0.178725 0.177172 0.177643 0.175302 0.173753 0.174112
-9999.0 -9999.0 -9999.0 -9999.0 -9999.0 -9999.0 0.146773 0.155390 0.162450 0.164498 0.167639 0.170136 0.166961 0.168212 0.169493 0.170765 0.172755 0.172670 0.173523 0.174883 0.176823 0.177910 0.180287 0.183575 0.183739 0.184683 0.186518 0.184472 0.183383 0.182743 0.179055 0.179422 0.178905 0.179293 0.179440 0.179814 0.179369 0.178951 0.178722 0.177164 0.177064 0.176675 0.176534 0.176385 0.176235 0.176171 0.176198 0.176260 0.175335 0.175851 0.176079 0.175832 0.175726 0.175911 0.175705 0.175302 0.175439 0.174320 0.174138 0.174133 0.172283 0.172281 0.172178
