tests/Borden05m/data_simulated/sim_1/output-maps/thetaliqL0003N0019.asc
ncols         160
nrows         34
xllcorner     620200.000000
yllcorner     5168000.000000
cellsize      0.500000
NODATA_value  -9999.0
[rows 0 to 27 of 34, columns 63 to 125 of 160]
-9999.0 -9999.0 -9999.0 -9999.0 -9999.0 -9999.0 -9999.0 -9999.0 -9999.0 -9999.0 -9999.0 -9999.0 -9999.0 -9999.0 -9999.0 -9999.0 -9999.0 -9999.0 -9999.0 -9999.0 -9999.0 -9999.0 -9999.0 -9999.0 -9999.0 -9999.0 -9999.0 -9999.0 -9999.0 -9999.0 -9999.0 -9999.0 -9999.0 -9999.0 -9999.0 -9999.0 -9999.0 -9999.0 -9999.0 -9999.0 -9999.0 -9999.0 -9999.0 -9999.0 -9999.0 -9999.0 -9999.0 -9999.0 -9999.0 -9999.0 -9999.0 -9999.0 -9999.0 -9999.0 -9999.0 -9999.0 -9999.0 -9999.0 -9999.0 -9999.0 -9999.0 -9999.0 -9999.0
0.190021 0.188945 0.187724 0.187492 0.187601 0.187391 0.186951 0.187602 0.188467 0.189227 0.190242 0.190110 0.190259 0.190643 0.190744 0.190562 0.190089 0.189763 0.189387 0.189793 0.188417 0.186631 0.185274 0.184987 0.186098 0.186787 0.186710 0.187389 0.188844 0.190130 0.190662 0.192218 0.192142 0.192787 0.193728 0.192950 0.192712 0.192737 0.192892 0.190837 -9999.0 -9999.0 -9999.0 -9999.0 -9999.0 -9999.0 -9999.0 -9999.0 -9999.0 -9999.0 -9999.0 -9999.0 -9999.0 -9999.0 -9999.0 -9999.0 -9999.0 -9999.0 -9999.0 -9999.0 -9999.0 -9999.0 -9999.0
0.187180 0.185768 0.185369 0.184349 0.183922 0.183812 0.183437 0.183789 0.185484 0.186710 0.187102 0.186907 0.186831 0.186496 0.186246 0.186314 0.185878 0.185465 0.185032 0.185110 0.186077 0.184795 0.184134 0.183518 0.182899 0.183162 0.183385 0.183506 0.185114 0.185820 0.186365 0.188610 0.190714 0.191317 0.190519 0.189598 0.189734 0.189539 0.188596 0.187676 0.187487 0.187021 0.186791 0.186024 0.187183 0.187283 0.188657 0.189853 0.191273 0.193297 -9999.0 -9999.0 -9999.0 -9999.0 -9999.0 -9999.0 -9999.0 -9999.0 -9999.0 -9999.0 -9999.0 -9999.0 -9999.0
0.185130 0.184641 0.183659 0.182227 0.183873 0.183677 0.183548 0.183869 0.184429 0.184656 0.184938 0.185385 0.186926 0.186864 0.186748 0.186819 0.186543 0.186041 0.186047 0.185756 0.184509 0.184678 0.184968 0.184719 0.185949 0.186038 0.186709 0.184574 0.184958 0.185552 0.186024 0.186410 0.186856 0.187381 0.186442 0.187044 0.186183 0.184374 0.183800 0.183796 0.185025 0.185626 0.184737 0.181822 0.183374 0.186683 0.186529 0.186108 0.187822 0.189537 0.191842 0.191600 0.191414 0.191638 0.191978 0.189926 0.188536 0.187484 0.184705 -9999.0 -9999.0 -9999.0 -9999.0
0.185106 0.184067 0.182859 0.185533 0.186710 0.186182 0.186510 0.187281 0.187270 0.183968 0.183120 0.184452 0.185895 0.186536 0.185975 0.185701 0.185149 0.185133 0.185444 0.185069 0.185565 0.186026 0.185522 0.186408 0.187420 0.188332 0.186213 0.184283 0.184394 0.185986 0.187201 0.187902 0.189679 0.192361 0.191933 0.191251 0.190779 0.190185 0.186937 0.184081 0.182931 0.182407 0.181582 0.182159 0.181609 0.184196 0.184038 0.183680 0.184993 0.186081 0.187427 0.188362 0.188213 0.188506 0.188852 0.188185 0.186679 0.185797 0.185152 0.183710 0.181212 0.176932 0.177209
0.182690 0.182794 0.185204 0.186668 0.189039 0.188332 0.188442 0.188347 0.186029 0.184225 0.183066 0.186532 0.189427 0.190458 0.189790 0.189230 0.191728 0.190982 0.190598 0.189083 0.189630 0.189516 0.192255 0.193408 0.194889 0.194328 0.191573 0.189261 0.189095 0.189352 0.189157 0.189887 0.191724 0.193995 0.192445 0.191595 0.191399 0.186467 0.182645 0.181246 0.183515 0.184827 0.184524 0.184696 0.184750 0.183004 0.183393 0.183566 0.182797 0.184872 0.186969 0.187239 0.185515 0.184917 0.185631 0.185319 0.185266 0.184305 0.183262 0.182455 0.178381 0.179520 0.177442
0.188177 0.189190 0.190690 0.193435 0.198546 0.197808 0.198225 0.199828 0.197033 0.194388 0.190697 0.194855 0.196054 0.197628 0.197613 0.200996 0.204085 0.202217 0.199602 0.196626 0.198453 0.202569 0.206646 0.207813 0.208419 0.209108 0.206184 0.205200 0.204476 0.204640 0.202865 0.203048 0.206138 0.211351 0.211858 0.209004 0.203769 0.196320 0.189895 0.186500 0.189841 0.188751 0.188185 0.188626 0.186309 0.184921 0.186634 0.184936 0.183657 0.186403 0.186778 0.186451 0.184264 0.186888 0.186311 0.183952 0.182339 0.181430 0.180723 0.179571 0.180388 0.179714 0.177947
0.191791 0.192901 0.196787 0.202596 0.209965 0.214643 0.218578 0.222830 0.219589 0.215865 0.211793 0.212624 0.217596 0.222947 0.229253 0.236672 0.244863 0.242381 0.237750 0.237133 0.239240 0.248842 0.258271 0.262334 0.264854 0.269179 0.265865 0.259878 0.253009 0.246411 0.240847 0.236893 0.244875 0.253722 0.251987 0.236363 0.223952 0.211683 0.201569 0.192585 0.192457 0.193717 0.194820 0.191702 0.189992 0.187155 0.186411 0.186446 0.183615 0.185091 0.185520 0.187509 0.190387 0.191025 0.188363 0.186763 0.185010 0.183224 0.181850 0.182728 0.183029 0.181784 0.180562
0.228299 0.230641 0.237565 0.257802 0.286824 0.307087 0.320048 0.322264 0.318128 0.313115 0.304333 0.299252 0.307283 0.314723 0.320786 0.325725 0.330200 0.333211 0.332989 0.333022 0.333942 0.335105 0.337136 0.339476 0.341759 0.344152 0.344949 0.342118 0.338910 0.335086 0.331323 0.330101 0.329013 0.331121 0.330816 0.323273 0.310648 0.290491 0.262113 0.239501 0.225643 0.225025 0.218619 0.213269 0.207611 0.197843 0.194935 0.193174 0.186226 0.185510 0.187826 0.190901 0.193100 0.189188 0.187258 0.185470 0.183548 0.181268 0.182035 0.183176 0.183527 0.183086 0.183042
0.319354 0.321810 0.324811 0.337043 0.348745 0.356848 0.361486 0.363002 0.361859 0.360363 0.358378 0.356329 0.356253 0.358774 0.361408 0.363512 0.364657 0.365033 0.364870 0.364882 0.365001 0.365295 0.365483 0.365860 0.366405 0.367167 0.367905 0.367763 0.366730 0.365562 0.363752 0.362590 0.362020 0.361139 0.361024 0.360926 0.356617 0.350326 0.340477 0.327861 0.317755 0.305685 0.290899 0.274326 0.244897 0.223226 0.209419 0.200198 0.192160 0.190666 0.198906 0.206883 0.202876 0.200965 0.198111 0.193805 0.190327 0.186181 0.186554 0.187087 0.186602 0.186012 0.185331
0.361093 0.362160 0.363382 0.365364 0.367779 0.369114 0.369658 0.369782 0.369742 0.369653 0.369495 0.369364 0.369313 0.369399 0.369528 0.369687 0.369789 0.369861 0.369862 0.369861 0.369862 0.369869 0.369875 0.369877 0.369902 0.369937 0.369958 0.369963 0.369941 0.369878 0.369744 0.369553 0.369366 0.369209 0.369171 0.369172 0.369147 0.368526 0.366801 0.362324 0.356844 0.351050 0.346807 0.341703 0.336328 0.321166 0.311123 0.290736 0.261279 0.237785 0.251712 0.241812 0.233771 0.224570 0.214701 0.207568 0.201698 0.196063 0.195149 0.195037 0.193972 0.193544 0.192430
0.369582 0.369704 0.369811 0.369893 0.369946 0.369986 0.369998 0.370000 0.370000 0.370000 0.370000 0.370000 0.370000 0.370000 0.370000 0.370000 0.370000 0.370000 0.370000 0.370000 0.370000 0.370000 0.370000 0.370000 0.370000 0.370000 0.370000 0.370000 0.370000 0.370000 0.370000 0.369997 0.369991 0.369987 0.369983 0.369982 0.369979 0.369965 0.369892 0.369570 0.368729 0.367497 0.366119 0.364801 0.363682 0.362558 0.360338 0.355214 0.344489 0.331207 0.324271 0.319567 0.311652 0.292795 0.268415 0.249649 0.228638 0.213384 0.205884 0.204339 0.202946 0.201288 0.199027
0.370000 0.370000 0.370000 0.370000 0.370000 0.370000 0.370000 0.370000 0.370000 0.370000 0.370000 0.370000 0.370000 0.370000 0.370000 0.370000 0.370000 0.370000 0.370000 0.370000 0.370000 0.370000 0.370000 0.370000 0.370000 0.370000 0.370000 0.370000 0.370000 0.370000 0.370000 0.370000 0.370000 0.370000 0.370000 0.370000 0.370000 0.370000 0.370000 0.369997 0.369972 0.369875 0.369735 0.369630 0.369543 0.369455 0.369167 0.368521 0.367176 0.364107 0.358180 0.355482 0.351424 0.343954 0.336704 0.330838 0.316035 0.293161 0.267394 0.253709 0.237045 0.224553 0.217347
0.370000 0.370000 0.370000 0.370000 0.370000 0.370000 0.370000 0.370000 0.370000 0.370000 0.370000 0.370000 0.370000 0.370000 0.370000 0.370000 0.370000 0.370000 0.370000 0.370000 0.370000 0.370000 0.370000 0.370000 0.370000 0.370000 0.370000 0.370000 0.370000 0.370000 0.370000 0.370000 0.370000 0.370000 0.370000 0.370000 0.370000 0.370000 0.370000 0.370000 0.370000 0.370000 0.369998 0.369994 0.369994 0.369992 0.369986 0.369950 0.369835 0.369460 0.368454 0.367399 0.366464 0.365633 0.364592 0.362888 0.357051 0.347610 0.336965 0.328157 0.315332 0.298872 0.278254
0.370000 0.370000 0.370000 0.370000 0.370000 0.370000 0.370000 0.370000 0.370000 0.370000 0.370000 0.370000 0.370000 0.370000 0.370000 0.370000 0.370000 0.370000 0.370000 0.370000 0.370000 0.370000 0.370000 0.370000 0.370000 0.370000 0.370000 0.370000 0.370000 0.370000 0.370000 0.370000 0.370000 0.370000 0.370000 0.370000 0.370000 0.370000 0.370000 0.370000 0.370000 0.370000 0.370000 0.370000 0.370000 0.370000 0.370000 0.370000 0.369998 0.369985 0.369924 0.369756 0.369644 0.369548 0.369397 0.369190 0.368095 0.365869 0.362036 0.357377 0.351327 0.343850 0.335111
0.370000 0.370000 0.370000 0.370000 0.370000 0.370000 0.370000 0.370000 0.370000 0.370000 0.370000 0.370000 0.370000 0.370000 0.370000 0.369999 0.369999 0.369999 0.370000 0.370000 0.370000 0.370000 0.370000 0.369999 0.369999 0.369999 0.369999 0.370000 0.370000 0.370000 0.370000 0.370000 0.370000 0.370000 0.370000 0.370000 0.370000 0.370000 0.370000 0.370000 0.370000 0.370000 0.370000 0.370000 0.370000 0.370000 0.370000 0.370000 0.370000 0.370000 0.370000 0.369997 0.369993 0.369989 0.369978 0.369968 0.369887 0.369588 0.368837 0.367467 0.365369 0.362621 0.358830
0.370000 0.370000 0.370000 0.370000 0.370000 0.370000 0.370000 0.370000 0.370000 0.370000 0.370000 0.369998 0.369990 0.369976 0.369949 0.369937 0.369923 0.369916 0.369947 0.369974 0.369980 0.369964 0.369946 0.369906 0.369873 0.369861 0.369872 0.369913 0.369960 0.369982 0.369983 0.369973 0.369961 0.369953 0.369953 0.369972 0.369994 0.369999 0.370000 0.370000 0.370000 0.370000 0.370000 0.370000 0.370000 0.370000 0.370000 0.370000 0.370000 0.370000 0.370000 0.370000 0.370000 0.370000 0.370000 0.370000 0.369998 0.369979 0.369911 0.369710 0.369357 0.368846 0.367792
0.370000 0.370000 0.369999 0.369998 0.369992 0.369981 0.369962 0.369955 0.369950 0.369954 0.369923 0.369868 0.369707 0.369497 0.369189 0.368969 0.368791 0.368608 0.368868 0.369285 0.369457 0.369139 0.368861 0.368378 0.368084 0.367936 0.367997 0.368418 0.369149 0.369508 0.369591 0.369472 0.369346 0.369285 0.369291 0.369422 0.369681 0.369856 0.369938 0.369970 0.369984 0.369993 0.369997 0.369999 0.370000 0.370000 0.370000 0.370000 0.370000 0.370000 0.370000 0.370000 0.370000 0.370000 0.370000 0.370000 0.370000 0.370000 0.369999 0.369985 0.369952 0.369882 0.369754
0.369974 0.369963 0.369940 0.369703 0.369488 0.369137 0.368717 0.368546 0.368279 0.368148 0.367663 0.367179 0.366270 0.364783 0.362805 0.360664 0.359867 0.359121 0.358419 0.360254 0.360974 0.360444 0.359174 0.357717 0.356887 0.356366 0.357165 0.359612 0.361689 0.363326 0.363962 0.363296 0.363885 0.364497 0.364526 0.365991 0.367110 0.368140 0.368942 0.369446 0.369630 0.369749 0.369843 0.369922 0.369968 0.369991 0.369999 0.370000 0.370000 0.370000 0.370000 0.370000 0.370000 0.370000 0.370000 0.370000 0.370000 0.370000 0.370000 0.370000 0.370000 0.369998 0.369990
0.369674 0.369596 0.368961 0.367081 0.364485 0.362334 0.359181 0.357480 0.355903 0.351121 0.347530 0.344798 0.344893 0.340847 0.334725 0.329206 0.326627 0.324892 0.321017 0.319792 0.321280 0.324757 0.321811 0.320125 0.321026 0.320016 0.319241 0.322927 0.328544 0.331715 0.334811 0.337590 0.339168 0.341198 0.348346 0.352158 0.355542 0.359483 0.362824 0.365361 0.366876 0.367670 0.368363 0.369023 0.369421 0.369725 0.369897 0.369975 0.369994 0.369998 0.370000 0.370000 0.370000 0.370000 0.370000 0.370000 0.370000 0.370000 0.370000 0.370000 0.370000 0.370000 0.370000
0.366234 0.365200 0.359952 0.351451 0.342062 0.334573 0.325487 0.319443 0.309036 0.289610 0.274689 0.274361 0.278119 0.273678 0.261305 0.250794 0.243860 0.237350 0.229665 0.225449 0.229284 0.233567 0.233809 0.233799 0.235342 0.235289 0.234821 0.235059 0.242574 0.248668 0.255672 0.262035 0.268313 0.288547 0.306405 0.316653 0.325942 0.334145 0.342578 0.349975 0.354988 0.358084 0.361225 0.363855 0.365965 0.367533 0.368730 0.369475 0.369771 0.369878 0.369937 0.369973 0.369994 0.369999 0.370000 0.370000 0.370000 0.370000 0.370000 0.370000 0.370000 0.370000 0.370000
0.348396 0.339207 0.323976 0.305639 0.283972 0.262821 0.245130 0.231486 0.219273 0.209889 0.204555 0.207318 0.209056 0.211690 0.207251 0.203755 0.202728 0.199623 0.196898 0.193574 0.196149 0.197526 0.200804 0.200659 0.200850 0.202311 0.201624 0.201331 0.199423 0.201797 0.203432 0.205527 0.212371 0.220257 0.230182 0.241040 0.255511 0.274869 0.296635 0.314412 0.326721 0.334634 0.341748 0.348553 0.353845 0.358137 0.362065 0.365336 0.367232 0.368250 0.368984 0.369397 0.369748 0.369925 0.369983 0.369999 0.370000 0.370000 0.370000 0.370000 0.370000 0.370000 0.370000
0.276926 0.253481 0.228808 0.217338 0.210831 0.204930 0.200813 0.197699 0.193227 0.190133 0.185918 0.187464 0.189730 0.192952 0.190383 0.189913 0.190330 0.188681 0.186942 0.184311 0.184763 0.186956 0.189607 0.189640 0.190241 0.191748 0.191774 0.190557 0.188222 0.188867 0.190552 0.192299 0.195660 0.199058 0.202634 0.206065 0.211058 0.217756 0.226723 0.240767 0.260532 0.278358 0.299815 0.317396 0.327829 0.333691 0.340272 0.348918 0.354088 0.358654 0.362261 0.364467 0.367062 0.368738 0.369622 0.369919 0.369986 0.369997 0.369999 0.370000 0.370000 0.370000 0.370000
0.202499 0.196296 0.193746 0.191574 0.189357 0.187507 0.185572 0.183864 0.182452 0.180387 0.176653 0.178190 0.180399 0.182893 0.182999 0.182713 0.182873 0.182230 0.180462 0.177524 0.178808 0.180714 0.182479 0.183102 0.183498 0.184572 0.183824 0.182246 0.180075 0.181061 0.182881 0.184011 0.185478 0.187629 0.189972 0.192402 0.195306 0.198441 0.202754 0.208012 0.214644 0.222942 0.234298 0.250674 0.262704 0.276047 0.289326 0.306084 0.318662 0.328616 0.338028 0.346415 0.354819 0.362286 0.366610 0.368693 0.369577 0.369840 0.369936 0.369977 0.369996 0.370000 0.370000
0.189522 0.186370 0.184428 0.183015 0.183507 0.182796 0.180957 0.180909 0.179900 0.176939 0.177955 0.178798 0.181204 0.180803 0.180688 0.180117 0.180483 0.180078 0.177259 0.178697 0.179361 0.181102 0.181501 0.181943 0.182271 0.182612 0.182279 0.180249 0.180684 0.181281 0.182928 0.183126 0.183947 0.185995 0.186828 0.188284 0.190319 0.192577 0.195336 0.198780 0.203569 0.208704 0.213861 0.216139 0.220145 0.223779 0.222293 0.230943 0.241718 0.255782 0.277524 0.299978 0.319472 0.337054 0.351567 0.361009 0.365809 0.368303 0.369109 0.369592 0.369843 0.369951 0.369988
0.181509 0.179333 0.177244 0.178200 0.178293 0.178133 0.177697 0.177066 0.175773 0.177246 0.177418 0.177300 0.177170 0.177188 0.177396 0.177116 0.176952 0.177042 0.178192 0.178378 0.178066 0.178577 0.178998 0.179460 0.179056 0.179206 0.179270 0.179705 0.179676 0.179416 0.180232 0.180573 0.180949 0.181865 0.182602 0.183531 0.185135 0.186543 0.188342 0.191269 0.194899 0.197633 0.198335 0.200317 0.201243 0.199841 0.198614 0.201169 0.204160 0.207102 0.213992 0.223033 0.237481 0.276511 0.314243 0.335953 0.349279 0.358389 0.363424 0.366349 0.368040 0.369195 0.369676
0.178835 0.177074 0.176659 0.177392 0.177422 0.177351 0.176352 0.175430 0.176316 0.176642 0.176574 0.176207 0.176612 0.176790 0.177311 0.176833 0.176601 0.176751 0.176899 0.176866 0.177283 0.177616 0.177916 0.179203 0.178604 0.178591 0.179048 0.178893 0.178791 0.178512 0.179406 0.179801 0.180013 0.180894 0.181521 0.182236 0.183244 0.184815 0.187596 0.189947 0.192971 0.195899 0.196612 0.197130 0.196533 0.195799 0.192976 0.192943 0.195855 0.195547 0.198138 0.202684 0.204210 0.216873 0.242117 0.272303 0.305338 0.326486 0.344665 0.353159 0.360113 0.364728 0.367414
0.176290 0.176314 0.175479 0.175624 0.175504 0.174994 0.174384 0.175061 0.175002 0.174930 0.174973 0.174760 0.175131 0.175435 0.175744 0.175586 0.175567 0.175075 0.175094 0.175662 0.175764 0.176154 0.176929 0.177954 0.177392 0.177315 0.177374 0.177186 0.177245 0.176934 0.177668 0.178265 0.178507 0.179512 0.180076 0.179891 0.181194 0.183306 0.185535 0.187250 0.189752 0.193464 0.192640 0.192580 0.192943 0.190575 0.187781 0.187584 0.188444 0.187882 0.189761 0.191197 0.191611 0.197127 0.202722 0.210502 0.225243 0.258081 0.300539 0.322032 0.337160 0.348786 0.356530
