tests/Borden05m/data_simulated/sim_1/output-maps/thetaliqL0008N0013.asc
ncols         160
nrows         34
xllcorner     620200.000000
yllcorner     5168000.000000
cellsize      0.500000
NODATA_value  -9999.0
[rows 0 to 27 of 34, columns 0 to 62 of 160]
-9999.0 -9999.0 -9999.0 -9999.0 -9999.0 -9999.0 -9999.0 -9999.0 -9999.0 -9999.0 -9999.0 -9999.0 -9999.0 -9999.0 -9999.0 -9999.0 -9999.0 -9999.0 -9999.0 -9999.0 -9999.0 -9999.0 -9999.0 -9999.0 -9999.0 -9999.0 -9999.0 -9999.0 -9999.0 -9999.0 -9999.0 -9999.0 -9999.0 -9999.0 -9999.0 -9999.0 -9999.0 -9999.0 -9999.0 -9999.0 -9999.0 -9999.0 -9999.0 -9999.0 -9999.0 -9999.0 -9999.0 -9999.0 -9999.0 -9999.0 -9999.0 -9999.0 -9999.0 -9999.0 -9999.0 -9999.0 -9999.0 -9999.0 -9999.0 -9999.0 -9999.0 -9999.0 -9999.0
-9999.0 -9999.0 -9999.0 -9999.0 -9999.0 -9999.0 -9999.0 -9999.0 -9999.0 -9999.0 -9999.0 -9999.0 -9999.0 -9999.0 -9999.0 -9999.0 -9999.0 -9999.0 -9999.0 -9999.0 -9999.0 -9999.0 -9999.0 -9999.0 -9999.0 -9999.0 -9999.0 -9999.0 -9999.0 -9999.0 -9999.0 -9999.0 -9999.0 -9999.0 -9999.0 -9999.0 -9999.0 -9999.0 -9999.0 -9999.0 -9999.0 -9999.0 -9999.0 -9999.0 -9999.0 -9999.0 -9999.0 -9999.0 -9999.0 -9999.0 -9999.0 -9999.0 -9999.0 -9999.0 -9999.0 -9999.0 -9999.0 -9999.0 -9999.0 0.369450 0.369345 0.369226 0.369099
-9999.0 -9999.0 -9999.0 -9999.0 -9999.0 -9999.0 -9999.0 -9999.0 -9999.0 -9999.0 -9999.0 -9999.0 -9999.0 -9999.0 -9999.0 -9999.0 -9999.0 -9999.0 -9999.0 -9999.0 -9999.0 -9999.0 -9999.0 -9999.0 -9999.0 -9999.0 -9999.0 -9999.0 -9999.0 -9999.0 -9999.0 -9999.0 -9999.0 -9999.0 -9999.0 -9999.0 -9999.0 -9999.0 -9999.0 -9999.0 -9999.0 -9999.0 -9999.0 -9999.0 -9999.0 -9999.0 -9999.0 0.358287 0.354070 0.348996 0.348431 0.355166 0.360225 0.363839 0.366013 0.367405 0.368387 0.369057 0.369143 0.368832 0.368664 0.368534 0.368439
-9999.0 -9999.0 -9999.0 -9999.0 -9999.0 -9999.0 -9999.0 -9999.0 -9999.0 -9999.0 -9999.0 -9999.0 -9999.0 -9999.0 -9999.0 -9999.0 -9999.0 -9999.0 -9999.0 -9999.0 -9999.0 -9999.0 -9999.0 -9999.0 -9999.0 -9999.0 -9999.0 -9999.0 -9999.0 -9999.0 -9999.0 -9999.0 -9999.0 -9999.0 -9999.0 -9999.0 -9999.0 -9999.0 -9999.0 -9999.0 0.365457 0.366002 0.366141 0.365083 0.363744 0.362060 0.358427 0.354137 0.349450 0.348432 0.349247 0.351069 0.357190 0.361803 0.364443 0.366181 0.367552 0.368524 0.368632 0.368170 0.367726 0.367462 0.367456
-9999.0 -9999.0 -9999.0 -9999.0 -9999.0 -9999.0 -9999.0 -9999.0 -9999.0 -9999.0 -9999.0 -9999.0 -9999.0 -9999.0 -9999.0 -9999.0 -9999.0 -9999.0 -9999.0 -9999.0 -9999.0 -9999.0 -9999.0 -9999.0 -9999.0 -9999.0 -9999.0 -9999.0 -9999.0 -9999.0 -9999.0 -9999.0 -9999.0 -9999.0 0.345699 0.351560 0.356390 0.360199 0.362865 0.363736 0.364446 0.365082 0.364628 0.364033 0.362469 0.359245 0.354694 0.350530 0.349599 0.348668 0.350062 0.353908 0.357920 0.361067 0.364087 0.366400 0.367076 0.367814 0.367970 0.367687 0.367729 0.367800 0.367873
-9999.0 -9999.0 -9999.0 -9999.0 -9999.0 -9999.0 -9999.0 -9999.0 -9999.0 -9999.0 -9999.0 -9999.0 -9999.0 -9999.0 -9999.0 -9999.0 -9999.0 -9999.0 -9999.0 -9999.0 -9999.0 -9999.0 -9999.0 -9999.0 -9999.0 -9999.0 -9999.0 -9999.0 0.347522 0.345337 0.343265 0.342568 0.341942 0.341348 0.344085 0.348523 0.354037 0.359017 0.361321 0.362416 0.363314 0.363398 0.362702 0.362340 0.362328 0.360356 0.358009 0.355419 0.352542 0.352156 0.354754 0.357984 0.361022 0.363247 0.365063 0.366297 0.367410 0.368495 0.368804 0.368582 0.368338 0.368168 0.368191
-9999.0 -9999.0 -9999.0 -9999.0 -9999.0 -9999.0 -9999.0 -9999.0 -9999.0 -9999.0 -9999.0 -9999.0 -9999.0 -9999.0 -9999.0 -9999.0 -9999.0 -9999.0 -9999.0 -9999.0 -9999.0 -9999.0 -9999.0 0.335797 0.338537 0.341244 0.344098 0.344349 0.342565 0.340101 0.338586 0.337752 0.336925 0.338776 0.342273 0.347391 0.352427 0.357830 0.359551 0.360749 0.362711 0.362981 0.363573 0.364043 0.363777 0.363401 0.361618 0.360068 0.361083 0.362070 0.362979 0.363933 0.365367 0.366730 0.367869 0.368766 0.369348 0.369658 0.369814 0.369769 0.369683 0.369534 0.369540
-9999.0 -9999.0 -9999.0 -9999.0 -9999.0 -9999.0 -9999.0 -9999.0 -9999.0 -9999.0 -9999.0 -9999.0 -9999.0 -9999.0 -9999.0 -9999.0 -9999.0 -9999.0 -9999.0 0.323048 0.323430 0.323868 0.326291 0.326747 0.327864 0.331412 0.335286 0.336124 0.335272 0.334323 0.334920 0.336034 0.337807 0.342620 0.347725 0.352180 0.355938 0.360316 0.362690 0.364485 0.366099 0.365942 0.365485 0.365229 0.365242 0.365289 0.365886 0.366219 0.366675 0.367111 0.367564 0.368045 0.368520 0.369122 0.369539 0.369780 0.369902 0.369961 0.369987 0.369984 0.369971 0.369946 0.369947
-9999.0 -9999.0 -9999.0 -9999.0 -9999.0 -9999.0 -9999.0 -9999.0 -9999.0 -9999.0 -9999.0 -9999.0 -9999.0 -9999.0 -9999.0 -9999.0 0.305474 0.306620 0.307869 0.311242 0.312653 0.314986 0.319024 0.319477 0.321605 0.325485 0.328065 0.332303 0.335934 0.339124 0.341521 0.342505 0.345423 0.348770 0.352431 0.356519 0.360954 0.364220 0.365915 0.367205 0.368146 0.368149 0.368078 0.368119 0.368156 0.368514 0.369117 0.369276 0.369363 0.369666 0.369806 0.369847 0.369889 0.369953 0.369988 0.369998 0.370000 0.370000 0.370000 0.370000 0.370000 0.370000 0.370000
-9999.0 -9999.0 -9999.0 -9999.0 -9999.0 -9999.0 -9999.0 -9999.0 -9999.0 -9999.0 -9999.0 -9999.0 -9999.0 0.272847 0.276012 0.282937 0.288862 0.290295 0.292936 0.296825 0.305146 0.307298 0.311204 0.315866 0.322476 0.327056 0.331745 0.337263 0.340863 0.343685 0.346290 0.348580 0.352821 0.356785 0.360102 0.363327 0.365770 0.367409 0.368490 0.369008 0.369356 0.369429 0.369396 0.369428 0.369568 0.369780 0.369903 0.369950 0.369986 0.369998 0.369999 0.370000 0.370000 0.370000 0.370000 0.370000 0.370000 0.370000 0.370000 0.370000 0.370000 0.370000 0.370000
-9999.0 -9999.0 -9999.0 -9999.0 -9999.0 -9999.0 -9999.0 -9999.0 -9999.0 -9999.0 0.244443 0.246479 0.243515 0.244086 0.247596 0.256984 0.267316 0.272608 0.281091 0.296204 0.307842 0.309928 0.319094 0.324671 0.328086 0.333443 0.339412 0.344652 0.350618 0.354255 0.357371 0.361411 0.363811 0.365629 0.367079 0.368212 0.369007 0.369623 0.369869 0.369933 0.369982 0.369993 0.369992 0.369993 0.369996 0.369999 0.370000 0.370000 0.370000 0.370000 0.370000 0.370000 0.370000 0.370000 0.370000 0.370000 0.370000 0.370000 0.370000 0.370000 0.370000 0.370000 0.370000
-9999.0 -9999.0 -9999.0 -9999.0 -9999.0 -9999.0 -9999.0 -9999.0 0.225364 0.230627 0.235568 0.232946 0.228934 0.226223 0.236335 0.248899 0.261552 0.274799 0.286850 0.299649 0.310136 0.320356 0.330835 0.336488 0.341593 0.347308 0.351713 0.356507 0.360865 0.363192 0.365478 0.367284 0.368356 0.369012 0.369444 0.369711 0.369913 0.369987 0.369999 0.370000 0.370000 0.370000 0.370000 0.370000 0.370000 0.370000 0.370000 0.370000 0.370000 0.370000 0.370000 0.370000 0.370000 0.370000 0.370000 0.370000 0.370000 0.370000 0.370000 0.370000 0.370000 0.370000 0.370000
-9999.0 -9999.0 -9999.0 -9999.0 -9999.0 -9999.0 0.205888 0.224282 0.235860 0.229437 0.222981 0.220229 0.217383 0.231970 0.248911 0.262241 0.275229 0.288259 0.299874 0.309893 0.330572 0.338261 0.344437 0.351258 0.355132 0.358368 0.361600 0.364826 0.366959 0.368711 0.369496 0.369818 0.369946 0.369983 0.369996 0.369999 0.370000 0.370000 0.370000 0.370000 0.370000 0.370000 0.370000 0.370000 0.370000 0.370000 0.370000 0.370000 0.370000 0.370000 0.370000 0.370000 0.370000 0.370000 0.370000 0.370000 0.370000 0.370000 0.370000 0.370000 0.370000 0.370000 0.370000
-9999.0 -9999.0 -9999.0 -9999.0 0.182597 0.196905 0.212029 0.236166 0.254323 0.249674 0.255481 0.255779 0.254588 0.256244 0.260501 0.274526 0.287848 0.300544 0.313070 0.334480 0.350813 0.355534 0.361198 0.365481 0.366731 0.367729 0.368492 0.369238 0.369730 0.369943 0.369997 0.370000 0.370000 0.370000 0.370000 0.370000 0.370000 0.370000 0.370000 0.370000 0.370000 0.370000 0.370000 0.370000 0.370000 0.370000 0.370000 0.370000 0.370000 0.370000 0.370000 0.370000 0.370000 0.370000 0.370000 0.370000 0.370000 0.370000 0.370000 0.370000 0.370000 0.370000 0.370000
-9999.0 -9999.0 -9999.0 0.155042 0.177325 0.202429 0.223311 0.248034 0.273271 0.278265 0.284437 0.289325 0.294267 0.300590 0.307496 0.317756 0.325668 0.332073 0.341592 0.354107 0.361873 0.366134 0.368307 0.369332 0.369707 0.369848 0.369930 0.369982 0.369999 0.370000 0.370000 0.370000 0.370000 0.370000 0.370000 0.370000 0.370000 0.370000 0.370000 0.370000 0.370000 0.370000 0.370000 0.370000 0.370000 0.370000 0.370000 0.370000 0.370000 0.370000 0.370000 0.370000 0.370000 0.370000 0.370000 0.370000 0.370000 0.370000 0.370000 0.370000 0.370000 0.370000 0.370000
-9999.0 -9999.0 0.133659 0.150175 0.169633 0.204543 0.245627 0.272389 0.302862 0.319238 0.323452 0.333492 0.341303 0.344796 0.350767 0.355676 0.358620 0.359259 0.361532 0.366086 0.369066 0.369845 0.369973 0.370000 0.370000 0.370000 0.370000 0.370000 0.370000 0.370000 0.370000 0.370000 0.370000 0.370000 0.370000 0.370000 0.370000 0.370000 0.370000 0.370000 0.370000 0.370000 0.370000 0.370000 0.370000 0.370000 0.370000 0.370000 0.370000 0.370000 0.370000 0.370000 0.370000 0.370000 0.370000 0.370000 0.370000 0.370000 0.370000 0.370000 0.370000 0.370000 0.370000
-9999.0 -9999.0 0.124430 0.141805 0.163866 0.211359 0.271323 0.299838 0.326986 0.346859 0.353054 0.358877 0.362442 0.364947 0.367111 0.368455 0.368647 0.368766 0.368783 0.369810 0.369992 0.370000 0.370000 0.370000 0.370000 0.370000 0.370000 0.370000 0.370000 0.370000 0.370000 0.370000 0.370000 0.370000 0.370000 0.370000 0.370000 0.370000 0.370000 0.370000 0.370000 0.370000 0.370000 0.370000 0.370000 0.370000 0.370000 0.370000 0.370000 0.370000 0.370000 0.370000 0.370000 0.370000 0.370000 0.370000 0.370000 0.370000 0.370000 0.370000 0.370000 0.370000 0.370000
-9999.0 0.101556 0.113797 0.131879 0.166337 0.214006 0.283344 0.335082 0.353589 0.362432 0.365920 0.367557 0.369513 0.369936 0.369987 0.369999 0.369999 0.369998 0.369998 0.370000 0.370000 0.370000 0.370000 0.370000 0.370000 0.370000 0.370000 0.370000 0.370000 0.370000 0.370000 0.370000 0.370000 0.370000 0.370000 0.370000 0.370000 0.370000 0.370000 0.370000 0.370000 0.370000 0.370000 0.370000 0.370000 0.370000 0.370000 0.370000 0.370000 0.370000 0.370000 0.370000 0.370000 0.370000 0.370000 0.370000 0.370000 0.370000 0.370000 0.370000 0.370000 0.370000 0.370000
-9999.0 0.095512 0.107366 0.129360 0.163397 0.217100 0.306158 0.360026 0.366194 0.368409 0.369385 0.369909 0.370000 0.370000 0.370000 0.370000 0.370000 0.370000 0.370000 0.370000 0.370000 0.370000 0.370000 0.370000 0.370000 0.370000 0.370000 0.370000 0.370000 0.370000 0.370000 0.370000 0.370000 0.370000 0.370000 0.370000 0.370000 0.370000 0.370000 0.370000 0.370000 0.370000 0.370000 0.370000 0.370000 0.370000 0.370000 0.370000 0.370000 0.370000 0.370000 0.370000 0.370000 0.370000 0.370000 0.370000 0.370000 0.370000 0.370000 0.370000 0.370000 0.370000 0.370000
-9999.0 0.092053 0.104018 0.121769 0.153302 0.240696 0.328845 0.365413 0.369596 0.369920 0.369997 0.370000 0.370000 0.370000 0.370000 0.370000 0.370000 0.370000 0.370000 0.370000 0.370000 0.370000 0.370000 0.370000 0.370000 0.370000 0.370000 0.370000 0.370000 0.370000 0.370000 0.370000 0.370000 0.370000 0.370000 0.370000 0.370000 0.370000 0.370000 0.370000 0.370000 0.370000 0.370000 0.370000 0.370000 0.370000 0.370000 0.370000 0.370000 0.370000 0.370000 0.370000 0.370000 0.370000 0.370000 0.370000 0.370000 0.370000 0.370000 0.370000 0.370000 0.370000 0.370000
-9999.0 0.082931 0.091809 0.102455 0.147917 0.262156 0.341966 0.368802 0.369998 0.370000 0.370000 0.370000 0.370000 0.370000 0.370000 0.370000 0.370000 0.370000 0.370000 0.370000 0.370000 0.370000 0.370000 0.370000 0.370000 0.370000 0.370000 0.370000 0.370000 0.370000 0.370000 0.370000 0.370000 0.370000 0.370000 0.370000 0.370000 0.370000 0.370000 0.370000 0.370000 0.370000 0.370000 0.370000 0.370000 0.370000 0.370000 0.370000 0.370000 0.370000 0.370000 0.370000 0.370000 0.370000 0.370000 0.370000 0.370000 0.370000 0.370000 0.370000 0.370000 0.370000 0.370000
-9999.0 0.077675 0.082812 0.095091 0.136604 0.241232 0.341970 0.369314 0.370000 0.370000 0.370000 0.370000 0.370000 0.370000 0.370000 0.370000 0.370000 0.370000 0.370000 0.370000 0.370000 0.370000 0.370000 0.370000 0.370000 0.370000 0.370000 0.370000 0.370000 0.370000 0.370000 0.370000 0.370000 0.370000 0.370000 0.370000 0.370000 0.370000 0.370000 0.370000 0.370000 0.370000 0.370000 0.370000 0.370000 0.370000 0.370000 0.370000 0.370000 0.370000 0.370000 0.370000 0.370000 0.370000 0.370000 0.370000 0.370000 0.370000 0.370000 0.370000 0.370000 0.370000 0.370000
-9999.0 0.074209 0.079284 0.088039 0.113100 0.174303 0.280151 0.361547 0.369941 0.370000 0.370000 0.370000 0.370000 0.370000 0.370000 0.370000 0.370000 0.370000 0.370000 0.370000 0.370000 0.370000 0.370000 0.370000 0.370000 0.370000 0.370000 0.370000 0.370000 0.370000 0.370000 0.370000 0.370000 0.370000 0.370000 0.370000 0.370000 0.370000 0.370000 0.370000 0.370000 0.370000 0.370000 0.370000 0.370000 0.370000 0.370000 0.370000 0.370000 0.370000 0.370000 0.370000 0.370000 0.370000 0.370000 0.370000 0.370000 0.370000 0.370000 0.370000 0.370000 0.370000 0.370000
-9999.0 -9999.0 0.075860 0.082318 0.095745 0.128580 0.200118 0.320266 0.366797 0.370000 0.370000 0.370000 0.370000 0.370000 0.370000 0.370000 0.370000 0.370000 0.370000 0.370000 0.370000 0.370000 0.370000 0.370000 0.370000 0.370000 0.370000 0.370000 0.370000 0.370000 0.370000 0.370000 0.370000 0.370000 0.370000 0.370000 0.370000 0.370000 0.370000 0.370000 0.370000 0.370000 0.370000 0.370000 0.370000 0.370000 0.370000 0.370000 0.370000 0.370000 0.370000 0.370000 0.370000 0.370000 0.370000 0.370000 0.370000 0.370000 0.370000 0.370000 0.370000 0.370000 0.370000
-9999.0 -9999.0 0.073153 0.077214 0.085866 0.105273 0.140807 0.208024 0.328092 0.365011 0.369748 0.369999 0.370000 0.370000 0.370000 0.370000 0.370000 0.370000 0.370000 0.370000 0.370000 0.370000 0.370000 0.370000 0.370000 0.370000 0.370000 0.370000 0.370000 0.370000 0.370000 0.370000 0.370000 0.370000 0.370000 0.370000 0.370000 0.370000 0.370000 0.370000 0.370000 0.370000 0.370000 0.370000 0.370000 0.370000 0.370000 0.370000 0.370000 0.370000 0.370000 0.370000 0.370000 0.370000 0.370000 0.370000 0.370000 0.370000 0.370000 0.370000 0.369995 0.369962 0.369831
-9999.0 -9999.0 -9999.0 0.074283 0.078573 0.085120 0.097944 0.116069 0.157482 0.238332 0.317225 0.358027 0.367015 0.369345 0.369907 0.369994 0.370000 0.370000 0.370000 0.370000 0.370000 0.370000 0.370000 0.370000 0.370000 0.370000 0.370000 0.370000 0.370000 0.370000 0.370000 0.370000 0.370000 0.370000 0.370000 0.370000 0.370000 0.370000 0.370000 0.370000 0.370000 0.370000 0.370000 0.370000 0.370000 0.370000 0.370000 0.370000 0.370000 0.370000 0.370000 0.370000 0.370000 0.370000 0.370000 0.369999 0.369998 0.369986 0.369937 0.369792 0.369347 0.368317 0.366392
-9999.0 -9999.0 -9999.0 -9999.0 -9999.0 0.075687 0.081083 0.089738 0.102134 0.120794 0.156729 0.223871 0.264657 0.303858 0.336505 0.353302 0.361764 0.366473 0.369003 0.369764 0.369972 0.369998 0.370000 0.370000 0.370000 0.370000 0.370000 0.370000 0.370000 0.370000 0.370000 0.370000 0.370000 0.370000 0.370000 0.369999 0.369999 0.369998 0.369997 0.369991 0.369980 0.369973 0.369965 0.369956 0.369945 0.369934 0.369921 0.369906 0.369863 0.369818 0.369818 0.369794 0.369768 0.369739 0.369663 0.369556 0.369393 0.368719 0.367702 0.366608 0.363182 0.358253 0.353212
-9999.0 -9999.0 -9999.0 -9999.0 -9999.0 -9999.0 0.074074 0.077785 0.082672 0.090438 0.104376 0.124047 0.136155 0.158818 0.190767 0.232717 0.279651 0.311889 0.335925 0.352275 0.362034 0.366382 0.368567 0.369521 0.369725 0.369825 0.369892 0.369849 0.369783 0.369692 0.369398 0.369308 0.369156 0.369143 0.369123 0.369107 0.368951 0.368757 0.368548 0.368095 0.367818 0.367462 0.367176 0.366879 0.366545 0.366232 0.365979 0.365722 0.365144 0.365249 0.365262 0.365061 0.364788 0.364467 0.363645 0.362395 0.360980 0.357772 0.354268 0.349964 0.340667 0.331683 0.320593
