tests/Borden05m/data_simulated/sim_1/output-maps/thetaliqL0006N0014.asc
ncols         160
nrows         34
xllcorner     620200.000000
yllcorner     5168000.000000
cellsize      0.500000
NODATA_value  -9999.0
[rows 0 to 27 of 34, columns 63 to 125 of 160]
-9999.0 -9999.0 -9999.0 -9999.0 -9999.0 -9999.0 -9999.0 -9999.0 -9999.0 -9999.0 -9999.0 -9999.0 -9999.0 -9999.0 -9999.0 -9999.0 -9999.0 -9999.0 -9999.0 -9999.0 -9999.0 -9999.0 -9999.0 -9999.0 -9999.0 -9999.0 -9999.0 -9999.0 -9999.0 -9999.0 -9999.0 -9999.0 -9999.0 -9999.0 -9999.0 -9999.0 -9999.0 -9999.0 -9999.0 -9999.0 -9999.0 -9999.0 -9999.0 -9999.0 -9999.0 -9999.0 -9999.0 -9999.0 -9999.0 -9999.0 -9999.0 -9999.0 -9999.0 -9999.0 -9999.0 -9999.0 -9999.0 -9999.0 -9999.0 -9999.0 -9999.0 -9999.0 -9999.0
0.185212 0.178914 0.173173 0.170600 0.169946 0.169307 0.168980 0.172180 0.177104 0.182013 0.186867 0.188422 0.190058 0.191684 0.192035 0.191049 0.188715 0.186400 0.184032 0.183044 0.177406 0.170109 0.164648 0.163014 0.165676 0.168406 0.169965 0.173878 0.181035 0.188568 0.194727 0.203380 0.207474 0.211537 0.214270 0.211297 0.208738 0.206171 0.202961 0.194981 -9999.0 -9999.0 -9999.0 -9999.0 -9999.0 -9999.0 -9999.0 -9999.0 -9999.0 -9999.0 -9999.0 -9999.0 -9999.0 -9999.0 -9999.0 -9999.0 -9999.0 -9999.0 -9999.0 -9999.0 -9999.0 -9999.0 -9999.0
0.174556 0.168926 0.165532 0.162214 0.161198 0.161065 0.160993 0.163335 0.169037 0.173915 0.176909 0.178379 0.179890 0.180038 0.179682 0.179356 0.177409 0.175168 0.172974 0.171829 0.171713 0.167032 0.163914 0.162057 0.161486 0.162870 0.164196 0.165872 0.171827 0.177202 0.182794 0.192569 0.201548 0.205543 0.203915 0.200308 0.197829 0.193558 0.187005 0.180082 0.173252 0.168843 0.165771 0.162979 0.166679 0.170559 0.177254 0.184255 0.192729 0.201647 -9999.0 -9999.0 -9999.0 -9999.0 -9999.0 -9999.0 -9999.0 -9999.0 -9999.0 -9999.0 -9999.0 -9999.0 -9999.0
0.166669 0.164263 0.161396 0.159172 0.163282 0.163868 0.164453 0.166233 0.168306 0.169400 0.171060 0.174298 0.180005 0.181643 0.181903 0.181914 0.180643 0.178549 0.177357 0.175529 0.172198 0.171674 0.171988 0.172107 0.175514 0.176469 0.177223 0.172626 0.174687 0.178814 0.183487 0.188542 0.193711 0.197441 0.195378 0.194527 0.188900 0.179800 0.172553 0.167325 0.165766 0.164086 0.159908 0.153588 0.157332 0.166292 0.169235 0.171738 0.179561 0.187950 0.195199 0.196533 0.196348 0.196162 0.194420 0.184822 0.175258 0.166321 0.155892 -9999.0 -9999.0 -9999.0 -9999.0
0.167730 0.165767 0.164980 0.172864 0.178880 0.179823 0.181618 0.183694 0.182523 0.174171 0.172349 0.177835 0.184824 0.188893 0.188881 0.188773 0.187813 0.187034 0.186580 0.184802 0.185671 0.187552 0.188323 0.192147 0.196267 0.198230 0.191604 0.185034 0.185228 0.190559 0.196260 0.201843 0.210523 0.220118 0.219119 0.214627 0.207898 0.197758 0.181452 0.168786 0.162815 0.159414 0.155857 0.155361 0.154551 0.160285 0.161476 0.162559 0.167868 0.174357 0.180967 0.184912 0.184702 0.184484 0.182977 0.176874 0.167822 0.159419 0.150801 0.139034 0.127713 0.118429 0.118230
0.171329 0.173591 0.182491 0.192194 0.203598 0.205462 0.207293 0.206984 0.199146 0.191405 0.188043 0.199117 0.211075 0.217633 0.218467 0.219388 0.226589 0.224570 0.221901 0.217049 0.219176 0.222104 0.232341 0.238718 0.244313 0.242606 0.232612 0.223555 0.221707 0.222898 0.224103 0.228913 0.238012 0.247150 0.243221 0.236700 0.227652 0.204222 0.183592 0.172412 0.173184 0.173724 0.171106 0.169343 0.167133 0.162601 0.162527 0.162417 0.162283 0.169516 0.177252 0.179609 0.175823 0.173676 0.172372 0.167072 0.160884 0.152785 0.144534 0.136304 0.125430 0.122902 0.120418
0.203582 0.210093 0.220991 0.237143 0.258435 0.262408 0.266391 0.270499 0.261145 0.250299 0.239556 0.252441 0.260963 0.269424 0.273474 0.284590 0.293832 0.289571 0.281755 0.273803 0.279645 0.292633 0.305319 0.310415 0.313011 0.313864 0.306566 0.301987 0.298774 0.297932 0.293933 0.295651 0.305179 0.317225 0.317352 0.307742 0.288217 0.256761 0.225550 0.206411 0.209142 0.204333 0.200009 0.196640 0.186402 0.178460 0.178254 0.172206 0.168378 0.175564 0.179553 0.180908 0.177001 0.180703 0.175634 0.164807 0.155114 0.147129 0.140421 0.134185 0.131222 0.127714 0.125035
0.249356 0.257610 0.274838 0.297650 0.319836 0.331033 0.337536 0.342836 0.339016 0.333008 0.326172 0.328890 0.337458 0.345057 0.351377 0.356730 0.360587 0.359327 0.356651 0.355979 0.357535 0.362096 0.364961 0.365872 0.366313 0.366864 0.366294 0.365164 0.363453 0.361301 0.358975 0.357319 0.361243 0.364130 0.363604 0.357223 0.346351 0.324676 0.293873 0.261402 0.253994 0.252674 0.250358 0.236175 0.222506 0.206256 0.197150 0.190480 0.179765 0.182643 0.186789 0.194639 0.202176 0.201447 0.189445 0.177631 0.165585 0.154925 0.147568 0.145393 0.143080 0.138853 0.136205
0.349260 0.352231 0.357709 0.364989 0.368548 0.369469 0.369780 0.369819 0.369748 0.369637 0.369387 0.369232 0.369516 0.369703 0.369815 0.369882 0.369925 0.369944 0.369942 0.369941 0.369948 0.369957 0.369969 0.369977 0.369984 0.369989 0.369989 0.369983 0.369973 0.369956 0.369934 0.369926 0.369922 0.369941 0.369937 0.369855 0.369599 0.368749 0.365601 0.357710 0.347356 0.345442 0.336023 0.322835 0.303442 0.269995 0.250625 0.234634 0.208859 0.204641 0.213708 0.225683 0.231367 0.217793 0.204566 0.190338 0.176041 0.163346 0.159544 0.158802 0.157105 0.154021 0.152628
0.369792 0.369832 0.369877 0.369968 0.369996 0.370000 0.370000 0.370000 0.370000 0.370000 0.370000 0.370000 0.370000 0.370000 0.370000 0.370000 0.370000 0.370000 0.370000 0.370000 0.370000 0.370000 0.370000 0.370000 0.370000 0.370000 0.370000 0.370000 0.370000 0.370000 0.370000 0.370000 0.370000 0.370000 0.370000 0.370000 0.370000 0.369997 0.369979 0.369906 0.369765 0.369485 0.368885 0.367540 0.360614 0.343954 0.320254 0.293897 0.264940 0.256896 0.279398 0.298997 0.289657 0.278395 0.261706 0.239118 0.217522 0.196952 0.191074 0.188540 0.184354 0.179843 0.175624
0.370000 0.370000 0.370000 0.370000 0.370000 0.370000 0.370000 0.370000 0.370000 0.370000 0.370000 0.370000 0.370000 0.370000 0.370000 0.370000 0.370000 0.370000 0.370000 0.370000 0.370000 0.370000 0.370000 0.370000 0.370000 0.370000 0.370000 0.370000 0.370000 0.370000 0.370000 0.370000 0.370000 0.370000 0.370000 0.370000 0.370000 0.370000 0.370000 0.370000 0.370000 0.369998 0.369995 0.369986 0.369963 0.369802 0.369534 0.368539 0.364906 0.357031 0.362942 0.360091 0.355414 0.346369 0.329337 0.308189 0.283898 0.258267 0.247081 0.241119 0.233681 0.227590 0.219772
0.370000 0.370000 0.370000 0.370000 0.370000 0.370000 0.370000 0.370000 0.370000 0.370000 0.370000 0.370000 0.370000 0.370000 0.370000 0.370000 0.370000 0.370000 0.370000 0.370000 0.370000 0.370000 0.370000 0.370000 0.370000 0.370000 0.370000 0.370000 0.370000 0.370000 0.370000 0.370000 0.370000 0.370000 0.370000 0.370000 0.370000 0.370000 0.370000 0.370000 0.370000 0.370000 0.370000 0.370000 0.370000 0.370000 0.370000 0.369999 0.369989 0.369931 0.369884 0.369820 0.369668 0.369032 0.367076 0.362824 0.350887 0.330141 0.311100 0.301766 0.292770 0.282616 0.270549
0.370000 0.370000 0.370000 0.370000 0.370000 0.370000 0.370000 0.370000 0.370000 0.370000 0.370000 0.370000 0.370000 0.370000 0.370000 0.370000 0.370000 0.370000 0.370000 0.370000 0.370000 0.370000 0.370000 0.370000 0.370000 0.370000 0.370000 0.370000 0.370000 0.370000 0.370000 0.370000 0.370000 0.370000 0.370000 0.370000 0.370000 0.370000 0.370000 0.370000 0.370000 0.370000 0.370000 0.370000 0.370000 0.370000 0.370000 0.370000 0.370000 0.370000 0.370000 0.370000 0.369999 0.369991 0.369970 0.369934 0.369731 0.368930 0.366814 0.364146 0.357811 0.347721 0.335956
0.370000 0.370000 0.370000 0.370000 0.370000 0.370000 0.370000 0.370000 0.370000 0.370000 0.370000 0.370000 0.370000 0.370000 0.370000 0.370000 0.370000 0.370000 0.370000 0.370000 0.370000 0.370000 0.370000 0.370000 0.370000 0.370000 0.370000 0.370000 0.370000 0.370000 0.370000 0.370000 0.370000 0.370000 0.370000 0.370000 0.370000 0.370000 0.370000 0.370000 0.370000 0.370000 0.370000 0.370000 0.370000 0.370000 0.370000 0.370000 0.370000 0.370000 0.370000 0.370000 0.370000 0.370000 0.370000 0.370000 0.370000 0.369996 0.369973 0.369922 0.369750 0.369300 0.368192
0.370000 0.370000 0.370000 0.370000 0.370000 0.370000 0.370000 0.370000 0.370000 0.370000 0.370000 0.370000 0.370000 0.370000 0.370000 0.370000 0.370000 0.370000 0.370000 0.370000 0.370000 0.370000 0.370000 0.370000 0.370000 0.370000 0.370000 0.370000 0.370000 0.370000 0.370000 0.370000 0.370000 0.370000 0.370000 0.370000 0.370000 0.370000 0.370000 0.370000 0.370000 0.370000 0.370000 0.370000 0.370000 0.370000 0.370000 0.370000 0.370000 0.370000 0.370000 0.370000 0.370000 0.370000 0.370000 0.370000 0.370000 0.370000 0.370000 0.370000 0.369999 0.369992 0.369969
0.370000 0.370000 0.370000 0.370000 0.370000 0.370000 0.370000 0.370000 0.370000 0.370000 0.370000 0.370000 0.370000 0.370000 0.370000 0.370000 0.370000 0.370000 0.370000 0.370000 0.370000 0.370000 0.370000 0.370000 0.370000 0.370000 0.370000 0.370000 0.370000 0.370000 0.370000 0.370000 0.370000 0.370000 0.370000 0.370000 0.370000 0.370000 0.370000 0.370000 0.370000 0.370000 0.370000 0.370000 0.370000 0.370000 0.370000 0.370000 0.370000 0.370000 0.370000 0.370000 0.370000 0.370000 0.370000 0.370000 0.370000 0.370000 0.370000 0.370000 0.370000 0.370000 0.370000
0.370000 0.370000 0.370000 0.370000 0.370000 0.370000 0.370000 0.370000 0.370000 0.370000 0.370000 0.370000 0.370000 0.370000 0.370000 0.370000 0.370000 0.370000 0.370000 0.370000 0.370000 0.370000 0.370000 0.370000 0.370000 0.370000 0.370000 0.370000 0.370000 0.370000 0.370000 0.370000 0.370000 0.370000 0.370000 0.370000 0.370000 0.370000 0.370000 0.370000 0.370000 0.370000 0.370000 0.370000 0.370000 0.370000 0.370000 0.370000 0.370000 0.370000 0.370000 0.370000 0.370000 0.370000 0.370000 0.370000 0.370000 0.370000 0.370000 0.370000 0.370000 0.370000 0.370000
0.370000 0.370000 0.370000 0.370000 0.370000 0.370000 0.370000 0.370000 0.370000 0.370000 0.370000 0.370000 0.370000 0.370000 0.370000 0.370000 0.370000 0.370000 0.370000 0.370000 0.370000 0.370000 0.370000 0.370000 0.370000 0.370000 0.370000 0.370000 0.370000 0.370000 0.370000 0.370000 0.370000 0.370000 0.370000 0.370000 0.370000 0.370000 0.370000 0.370000 0.370000 0.370000 0.370000 0.370000 0.370000 0.370000 0.370000 0.370000 0.370000 0.370000 0.370000 0.370000 0.370000 0.370000 0.370000 0.370000 0.370000 0.370000 0.370000 0.370000 0.370000 0.370000 0.370000
0.370000 0.370000 0.370000 0.370000 0.370000 0.370000 0.370000 0.370000 0.370000 0.370000 0.370000 0.370000 0.370000 0.370000 0.370000 0.370000 0.370000 0.370000 0.370000 0.370000 0.370000 0.370000 0.370000 0.370000 0.370000 0.370000 0.370000 0.370000 0.370000 0.370000 0.370000 0.370000 0.370000 0.370000 0.370000 0.370000 0.370000 0.370000 0.370000 0.370000 0.370000 0.370000 0.370000 0.370000 0.370000 0.370000 0.370000 0.370000 0.370000 0.370000 0.370000 0.370000 0.370000 0.370000 0.370000 0.370000 0.370000 0.370000 0.370000 0.370000 0.370000 0.370000 0.370000
0.370000 0.370000 0.370000 0.370000 0.370000 0.370000 0.370000 0.370000 0.370000 0.369998 0.369994 0.369991 0.369991 0.369983 0.369961 0.369926 0.369901 0.369878 0.369821 0.369791 0.369819 0.369871 0.369838 0.369817 0.369832 0.369819 0.369805 0.369854 0.369915 0.369940 0.369959 0.369973 0.369979 0.369986 0.369997 0.369999 0.370000 0.370000 0.370000 0.370000 0.370000 0.370000 0.370000 0.370000 0.370000 0.370000 0.370000 0.370000 0.370000 0.370000 0.370000 0.370000 0.370000 0.370000 0.370000 0.370000 0.370000 0.370000 0.370000 0.370000 0.370000 0.370000 0.370000
0.370000 0.370000 0.370000 0.369998 0.369988 0.369961 0.369891 0.369796 0.369527 0.368654 0.367425 0.367419 0.367795 0.367405 0.365598 0.362942 0.360155 0.356365 0.350568 0.346292 0.349773 0.353347 0.354438 0.354930 0.356034 0.356263 0.355978 0.355876 0.359366 0.361978 0.364240 0.365819 0.367064 0.368826 0.369545 0.369782 0.369908 0.369965 0.369990 0.369998 0.370000 0.370000 0.370000 0.370000 0.370000 0.370000 0.370000 0.370000 0.370000 0.370000 0.370000 0.370000 0.370000 0.370000 0.370000 0.370000 0.370000 0.370000 0.370000 0.370000 0.370000 0.370000 0.370000
0.369996 0.369974 0.369850 0.369412 0.368335 0.365819 0.360502 0.351218 0.335130 0.314482 0.298267 0.302751 0.307764 0.313169 0.302311 0.291125 0.284424 0.271836 0.259285 0.247544 0.254888 0.262872 0.274989 0.277552 0.280012 0.284605 0.283343 0.282019 0.278201 0.286300 0.294707 0.305069 0.323926 0.340593 0.353017 0.360446 0.365206 0.367986 0.369258 0.369749 0.369917 0.369968 0.369989 0.369998 0.370000 0.370000 0.370000 0.370000 0.370000 0.370000 0.370000 0.370000 0.370000 0.370000 0.370000 0.370000 0.370000 0.370000 0.370000 0.370000 0.370000 0.370000 0.370000
0.367377 0.362363 0.347024 0.330911 0.313898 0.293084 0.272987 0.253565 0.229898 0.210377 0.193140 0.196169 0.205112 0.215533 0.208782 0.204708 0.202016 0.193283 0.183779 0.174921 0.177347 0.187008 0.198703 0.203201 0.207682 0.213291 0.213228 0.208502 0.202209 0.206410 0.216427 0.228934 0.247406 0.266971 0.285933 0.302827 0.320464 0.337105 0.350827 0.360772 0.366314 0.368377 0.369413 0.369811 0.369928 0.369964 0.369985 0.369997 0.370000 0.370000 0.370000 0.370000 0.370000 0.370000 0.370000 0.370000 0.370000 0.370000 0.370000 0.370000 0.370000 0.370000 0.370000
0.288769 0.259854 0.239486 0.222201 0.206668 0.192447 0.178468 0.166131 0.155029 0.144266 0.135233 0.137485 0.143618 0.150051 0.150762 0.149246 0.147749 0.143867 0.137845 0.132621 0.135837 0.142632 0.150021 0.154872 0.158346 0.161871 0.160256 0.155766 0.151736 0.155636 0.163924 0.172822 0.184395 0.199377 0.215661 0.232815 0.251614 0.270988 0.292202 0.313160 0.332205 0.347286 0.357975 0.364430 0.366795 0.368200 0.368964 0.369550 0.369814 0.369928 0.369978 0.369995 0.370000 0.370000 0.370000 0.370000 0.370000 0.370000 0.370000 0.370000 0.370000 0.370000 0.370000
0.199975 0.178846 0.163970 0.153991 0.148747 0.141797 0.133520 0.128248 0.122357 0.116029 0.115360 0.116628 0.120730 0.121747 0.122006 0.121029 0.120677 0.119041 0.115244 0.116651 0.119096 0.124107 0.128064 0.131556 0.134069 0.135801 0.135400 0.132235 0.133041 0.136005 0.142390 0.147915 0.155745 0.167441 0.178124 0.191134 0.206961 0.224532 0.244155 0.265484 0.288215 0.308041 0.323614 0.332052 0.340158 0.345714 0.346122 0.354426 0.360771 0.365146 0.368116 0.369334 0.369820 0.369973 0.369999 0.370000 0.370000 0.370000 0.370000 0.370000 0.370000 0.370000 0.370000
0.142250 0.130110 0.121378 0.118283 0.115235 0.112069 0.108653 0.105488 0.102626 0.102339 0.101906 0.101939 0.102494 0.103141 0.103650 0.103423 0.103189 0.103224 0.104239 0.105156 0.106407 0.108986 0.111803 0.114501 0.115654 0.116856 0.117588 0.118380 0.119104 0.120497 0.124307 0.128444 0.133567 0.140738 0.148751 0.158409 0.171064 0.185265 0.202035 0.222344 0.244104 0.261276 0.270300 0.279402 0.284047 0.282129 0.280285 0.289401 0.301553 0.313560 0.331289 0.347151 0.359087 0.367936 0.369728 0.369969 0.369997 0.370000 0.370000 0.370000 0.370000 0.370000 0.370000
0.114926 0.107957 0.103768 0.101751 0.099839 0.097985 0.095721 0.093968 0.093558 0.093242 0.092953 0.092763 0.093267 0.093803 0.094434 0.094346 0.094370 0.094747 0.095400 0.096287 0.097796 0.099743 0.102001 0.104922 0.105860 0.106873 0.108099 0.108685 0.109401 0.110466 0.113484 0.116774 0.120578 0.126266 0.132798 0.140771 0.151200 0.164800 0.182802 0.201274 0.221202 0.238638 0.246318 0.250534 0.249778 0.245829 0.236740 0.237389 0.247997 0.252863 0.266896 0.287051 0.302528 0.335809 0.360251 0.367490 0.369489 0.369909 0.369993 0.369999 0.370000 0.370000 0.370000
0.099040 0.095806 0.092893 0.091233 0.089919 0.088709 0.087681 0.087362 0.087028 0.086815 0.086682 0.086540 0.086820 0.087262 0.087712 0.087905 0.088181 0.088473 0.089148 0.090231 0.091361 0.093000 0.095171 0.097560 0.098557 0.099517 0.100518 0.101217 0.102013 0.102817 0.105042 0.107718 0.110596 0.115323 0.120879 0.127188 0.137235 0.150863 0.166931 0.182972 0.200691 0.219036 0.221961 0.223377 0.223138 0.213293 0.201928 0.198665 0.201519 0.202864 0.211069 0.222314 0.234324 0.262802 0.293194 0.322829 0.349760 0.365619 0.369367 0.369868 0.369976 0.369997 0.370000
