tests/Borden05m/data_simulated/sim_1/output-maps/thetaliqL0002N0004.asc
ncols         160
nrows         34
xllcorner     620200.000000
yllcorner     5168000.000000
cellsize      0.500000
NODATA_value  -9999.0
[rows 0 to 27 of 34, columns 63 to 125 of 160]
-9999.0 -9999.0 -9999.0 -9999.0 -9999.0 -9999.0 -9999.0 -9999.0 -9999.0 -9999.0 -9999.0 -9999.0 -9999.0 -9999.0 -9999.0 -9999.0 -9999.0 -9999.0 -9999.0 -9999.0 -9999.0 -9999.0 -9999.0 -9999.0 -9999.0 -9999.0 -9999.0 -9999.0 -9999.0 -9999.0 -9999.0 -9999.0 -9999.0 -9999.0 -9999.0 -9999.0 -9999.0 -9999.0 -9999.0 -9999.0 -9999.0 -9999.0 -9999.0 -9999.0 -9999.0 -9999.0 -9999.0 -9999.0 -9999.0 -9999.0 -9999.0 -9999.0 -9999.0 -9999.0 -9999.0 -9999.0 -9999.0 -9999.0 -9999.0 -9999.0 -9999.0 -9999.0 -9999.0
0.234447 0.233169 0.231518 0.231402 0.231705 0.231380 0.230561 0.231434 0.232500 0.233352 0.234718 0.234254 0.234337 0.234880 0.235035 0.234814 0.234198 0.233864 0.233433 0.234367 0.232391 0.229825 0.227865 0.227512 0.229356 0.230362 0.230008 0.230840 0.232770 0.234310 0.234525 0.236409 0.235673 0.236358 0.237811 0.236699 0.236585 0.236980 0.237729 0.234755 -9999.0 -9999.0 -9999.0 -9999.0 -9999.0 -9999.0 -9999.0 -9999.0 -9999.0 -9999.0 -9999.0 -9999.0 -9999.0 -9999.0 -9999.0 -9999.0 -9999.0 -9999.0 -9999.0 -9999.0 -9999.0 -9999.0 -9999.0
0.230289 0.228241 0.227911 0.226337 0.225622 0.225435 0.224719 0.225110 0.227716 0.229501 0.229885 0.229320 0.228984 0.228297 0.227858 0.228041 0.227443 0.226924 0.226352 0.226643 0.228580 0.226660 0.225760 0.224787 0.223627 0.223970 0.224246 0.224294 0.226685 0.227372 0.227714 0.230846 0.233772 0.234395 0.233043 0.231723 0.232318 0.232496 0.231485 0.230568 0.231083 0.230714 0.230649 0.229486 0.231293 0.230975 0.232812 0.234235 0.235882 0.238635 -9999.0 -9999.0 -9999.0 -9999.0 -9999.0 -9999.0 -9999.0 -9999.0 -9999.0 -9999.0 -9999.0 -9999.0 -9999.0
0.227326 0.226691 0.225144 0.222599 0.225330 0.224879 0.224560 0.224966 0.225783 0.226131 0.226480 0.226945 0.229244 0.228916 0.228668 0.228816 0.228444 0.227728 0.227891 0.227554 0.225528 0.225923 0.226451 0.225935 0.227909 0.227952 0.229208 0.225622 0.226126 0.226762 0.227088 0.227167 0.227336 0.227828 0.226263 0.227564 0.226602 0.224223 0.224022 0.224655 0.227254 0.228628 0.227401 0.222460 0.225026 0.230394 0.229694 0.228530 0.230878 0.233127 0.236708 0.236035 0.235688 0.236142 0.237048 0.234271 0.232784 0.231866 0.227692 -9999.0 -9999.0 -9999.0 -9999.0
0.227236 0.225459 0.223180 0.227424 0.228948 0.227802 0.228228 0.229489 0.229666 0.224283 0.222887 0.224774 0.226680 0.227407 0.226333 0.225823 0.224848 0.224921 0.225595 0.225101 0.225953 0.226604 0.225475 0.226692 0.228107 0.229650 0.226413 0.223540 0.223754 0.226179 0.227823 0.228444 0.230708 0.234576 0.233879 0.233167 0.233162 0.233411 0.229144 0.225143 0.223595 0.222952 0.221765 0.222978 0.221960 0.226315 0.225838 0.225009 0.226898 0.228178 0.229948 0.231267 0.231002 0.231594 0.232455 0.231929 0.230104 0.229421 0.229228 0.227850 0.224396 0.217261 0.217811
0.222138 0.222046 0.225608 0.227169 0.230257 0.228630 0.228608 0.228464 0.225042 0.222611 0.220836 0.226115 0.230161 0.231260 0.229841 0.228556 0.232354 0.231206 0.230893 0.228653 0.229406 0.228679 0.232477 0.233725 0.235732 0.234891 0.231078 0.227920 0.227901 0.228269 0.227778 0.228521 0.230674 0.233544 0.231117 0.230505 0.231559 0.225257 0.220572 0.219259 0.223504 0.225959 0.225665 0.226203 0.226603 0.223750 0.224508 0.224853 0.223360 0.226491 0.229610 0.229829 0.226927 0.226004 0.227548 0.227598 0.228263 0.227366 0.226327 0.225776 0.219159 0.221744 0.217991
0.228775 0.229881 0.231240 0.234108 0.240555 0.238294 0.238314 0.240642 0.237000 0.233776 0.228336 0.234462 0.235277 0.236760 0.235831 0.239923 0.243537 0.240831 0.237494 0.233272 0.235610 0.240544 0.244944 0.245487 0.245658 0.246477 0.243119 0.242757 0.242493 0.243350 0.241130 0.241212 0.244552 0.250630 0.251531 0.249502 0.244652 0.236458 0.228941 0.225081 0.231291 0.229712 0.229122 0.230461 0.227237 0.225562 0.228957 0.226367 0.224353 0.228818 0.229020 0.228187 0.224374 0.229019 0.228530 0.225233 0.223279 0.222488 0.221922 0.220403 0.222380 0.221499 0.218407
0.228797 0.229573 0.233795 0.239344 0.245486 0.247941 0.249837 0.254036 0.251472 0.248850 0.245212 0.246153 0.250526 0.254252 0.258289 0.262558 0.267691 0.264597 0.260544 0.260120 0.260948 0.267398 0.272566 0.273788 0.274459 0.277544 0.275857 0.272731 0.269052 0.265332 0.261995 0.258544 0.264973 0.271165 0.270958 0.261365 0.255083 0.246526 0.237907 0.227788 0.229266 0.231948 0.234528 0.230674 0.229428 0.226281 0.226075 0.227039 0.222926 0.225461 0.225720 0.228523 0.233129 0.234503 0.230828 0.229210 0.227282 0.225097 0.223285 0.225239 0.226087 0.224157 0.222102
0.259731 0.259760 0.262068 0.271888 0.287027 0.302458 0.316872 0.319267 0.313944 0.308198 0.298509 0.291272 0.296834 0.304915 0.313206 0.320503 0.326942 0.331677 0.332044 0.332302 0.333229 0.333955 0.336037 0.339324 0.343146 0.347465 0.349360 0.345218 0.340300 0.334655 0.329214 0.327186 0.324844 0.326881 0.326820 0.318206 0.304104 0.288724 0.274272 0.263496 0.255154 0.258855 0.254564 0.251262 0.247647 0.236742 0.234862 0.234077 0.224208 0.223453 0.226638 0.230806 0.234285 0.228596 0.226666 0.225063 0.223138 0.220283 0.222202 0.224464 0.225329 0.224835 0.224929
0.312216 0.314756 0.318186 0.334527 0.355226 0.369215 0.369873 0.369934 0.369912 0.369856 0.369627 0.367826 0.367575 0.369634 0.369890 0.369952 0.369969 0.369972 0.369969 0.369969 0.369971 0.369975 0.369977 0.369982 0.369988 0.369993 0.369997 0.369996 0.369989 0.369979 0.369963 0.369955 0.369955 0.369946 0.369942 0.369918 0.369486 0.360871 0.341972 0.323517 0.308495 0.294376 0.286043 0.280010 0.264138 0.251330 0.241301 0.233659 0.225295 0.224605 0.236540 0.247847 0.242428 0.241269 0.239014 0.234409 0.230854 0.225569 0.227049 0.228370 0.227926 0.227326 0.226532
0.369915 0.369927 0.369943 0.369976 0.369998 0.370000 0.370000 0.370000 0.370000 0.370000 0.370000 0.370000 0.370000 0.370000 0.370000 0.370000 0.370000 0.370000 0.370000 0.370000 0.370000 0.370000 0.370000 0.370000 0.370000 0.370000 0.370000 0.370000 0.370000 0.370000 0.370000 0.370000 0.370000 0.370000 0.370000 0.370000 0.370000 0.370000 0.369994 0.369922 0.369399 0.359943 0.349594 0.342406 0.337117 0.319862 0.310643 0.294869 0.274823 0.258890 0.274121 0.266915 0.263387 0.258885 0.251777 0.246287 0.241498 0.235685 0.235879 0.236585 0.235608 0.235665 0.234610
0.370000 0.370000 0.370000 0.370000 0.370000 0.370000 0.370000 0.370000 0.370000 0.370000 0.370000 0.370000 0.370000 0.370000 0.370000 0.370000 0.370000 0.370000 0.370000 0.370000 0.370000 0.370000 0.370000 0.370000 0.370000 0.370000 0.370000 0.370000 0.370000 0.370000 0.370000 0.370000 0.370000 0.370000 0.370000 0.370000 0.370000 0.370000 0.370000 0.370000 0.370000 0.369999 0.369995 0.369987 0.369977 0.369964 0.369915 0.369413 0.353873 0.330495 0.316144 0.306918 0.298380 0.286319 0.275233 0.268669 0.257340 0.247111 0.241575 0.241876 0.241853 0.241056 0.239114
0.370000 0.370000 0.370000 0.370000 0.370000 0.370000 0.370000 0.370000 0.370000 0.370000 0.370000 0.370000 0.370000 0.370000 0.370000 0.370000 0.370000 0.370000 0.370000 0.370000 0.370000 0.370000 0.370000 0.370000 0.370000 0.370000 0.370000 0.370000 0.370000 0.370000 0.370000 0.370000 0.370000 0.370000 0.370000 0.370000 0.370000 0.370000 0.370000 0.370000 0.370000 0.370000 0.370000 0.370000 0.370000 0.370000 0.370000 0.370000 0.369999 0.369983 0.369847 0.369249 0.360254 0.345111 0.335109 0.328198 0.309406 0.287762 0.274786 0.271424 0.263731 0.257227 0.253444
0.370000 0.370000 0.370000 0.370000 0.370000 0.370000 0.370000 0.370000 0.370000 0.370000 0.370000 0.370000 0.370000 0.370000 0.370000 0.370000 0.370000 0.370000 0.370000 0.370000 0.370000 0.370000 0.370000 0.370000 0.370000 0.370000 0.370000 0.370000 0.370000 0.370000 0.370000 0.370000 0.370000 0.370000 0.370000 0.370000 0.370000 0.370000 0.370000 0.370000 0.370000 0.370000 0.370000 0.370000 0.370000 0.370000 0.370000 0.370000 0.370000 0.370000 0.370000 0.370000 0.369999 0.369996 0.369987 0.369960 0.369534 0.356325 0.334378 0.318994 0.300105 0.288721 0.280440
0.370000 0.370000 0.370000 0.370000 0.370000 0.370000 0.370000 0.370000 0.370000 0.370000 0.370000 0.370000 0.370000 0.370000 0.370000 0.370000 0.370000 0.370000 0.370000 0.370000 0.370000 0.370000 0.370000 0.370000 0.370000 0.370000 0.370000 0.370000 0.370000 0.370000 0.370000 0.370000 0.370000 0.370000 0.370000 0.370000 0.370000 0.370000 0.370000 0.370000 0.370000 0.370000 0.370000 0.370000 0.370000 0.370000 0.370000 0.370000 0.370000 0.370000 0.370000 0.370000 0.370000 0.370000 0.370000 0.370000 0.370000 0.369998 0.369965 0.369636 0.360663 0.341341 0.325316
0.370000 0.370000 0.370000 0.370000 0.370000 0.370000 0.370000 0.370000 0.370000 0.370000 0.370000 0.370000 0.370000 0.370000 0.370000 0.370000 0.370000 0.370000 0.370000 0.370000 0.370000 0.370000 0.370000 0.370000 0.370000 0.370000 0.370000 0.370000 0.370000 0.370000 0.370000 0.370000 0.370000 0.370000 0.370000 0.370000 0.370000 0.370000 0.370000 0.370000 0.370000 0.370000 0.370000 0.370000 0.370000 0.370000 0.370000 0.370000 0.370000 0.370000 0.370000 0.370000 0.370000 0.370000 0.370000 0.370000 0.370000 0.370000 0.370000 0.370000 0.369999 0.369978 0.369784
0.370000 0.370000 0.370000 0.370000 0.370000 0.370000 0.370000 0.370000 0.370000 0.370000 0.370000 0.370000 0.370000 0.370000 0.370000 0.370000 0.370000 0.370000 0.370000 0.370000 0.370000 0.370000 0.370000 0.370000 0.370000 0.370000 0.370000 0.370000 0.370000 0.370000 0.370000 0.370000 0.370000 0.370000 0.370000 0.370000 0.370000 0.370000 0.370000 0.370000 0.370000 0.370000 0.370000 0.370000 0.370000 0.370000 0.370000 0.370000 0.370000 0.370000 0.370000 0.370000 0.370000 0.370000 0.370000 0.370000 0.370000 0.370000 0.370000 0.370000 0.370000 0.370000 0.370000
0.370000 0.370000 0.370000 0.370000 0.370000 0.370000 0.370000 0.370000 0.370000 0.370000 0.370000 0.370000 0.370000 0.370000 0.370000 0.370000 0.370000 0.370000 0.370000 0.370000 0.370000 0.370000 0.370000 0.370000 0.370000 0.370000 0.370000 0.370000 0.370000 0.370000 0.370000 0.370000 0.370000 0.370000 0.370000 0.370000 0.370000 0.370000 0.370000 0.370000 0.370000 0.370000 0.370000 0.370000 0.370000 0.370000 0.370000 0.370000 0.370000 0.370000 0.370000 0.370000 0.370000 0.370000 0.370000 0.370000 0.370000 0.370000 0.370000 0.370000 0.370000 0.370000 0.370000
0.370000 0.370000 0.370000 0.370000 0.370000 0.370000 0.370000 0.370000 0.370000 0.370000 0.369999 0.369998 0.369996 0.369991 0.369978 0.369958 0.369951 0.369942 0.369925 0.369943 0.369950 0.369949 0.369938 0.369925 0.369917 0.369911 0.369924 0.369953 0.369968 0.369978 0.369982 0.369978 0.369985 0.369991 0.369994 0.369999 0.370000 0.370000 0.370000 0.370000 0.370000 0.370000 0.370000 0.370000 0.370000 0.370000 0.370000 0.370000 0.370000 0.370000 0.370000 0.370000 0.370000 0.370000 0.370000 0.370000 0.370000 0.370000 0.370000 0.370000 0.370000 0.370000 0.370000
0.370000 0.370000 0.370000 0.370000 0.369994 0.369975 0.369930 0.369864 0.369582 0.364574 0.356332 0.350894 0.350152 0.343121 0.333829 0.325992 0.322572 0.320653 0.316255 0.315769 0.317824 0.321704 0.316456 0.312556 0.312327 0.310475 0.310588 0.317613 0.326305 0.330891 0.334652 0.337489 0.338337 0.339486 0.350194 0.359559 0.368939 0.369875 0.369975 0.369996 0.370000 0.370000 0.370000 0.370000 0.370000 0.370000 0.370000 0.370000 0.370000 0.370000 0.370000 0.370000 0.370000 0.370000 0.370000 0.370000 0.370000 0.370000 0.370000 0.370000 0.370000 0.370000 0.370000
0.369999 0.369992 0.369862 0.366779 0.345021 0.332026 0.319832 0.312934 0.303107 0.287560 0.278947 0.279810 0.283073 0.280774 0.274394 0.269685 0.266835 0.263785 0.258889 0.255872 0.259429 0.262399 0.261973 0.261783 0.262898 0.262624 0.261989 0.260779 0.265828 0.268508 0.271555 0.273527 0.273848 0.283707 0.292836 0.298771 0.309990 0.323222 0.336901 0.351696 0.366184 0.369726 0.369952 0.369990 0.369999 0.370000 0.370000 0.370000 0.370000 0.370000 0.370000 0.370000 0.370000 0.370000 0.370000 0.370000 0.370000 0.370000 0.370000 0.370000 0.370000 0.370000 0.370000
0.359051 0.344326 0.322733 0.298201 0.284130 0.275796 0.268575 0.261876 0.253950 0.246424 0.241491 0.245791 0.247586 0.251421 0.246635 0.243091 0.242877 0.239555 0.236739 0.232258 0.236029 0.237212 0.241448 0.240697 0.240558 0.242479 0.241437 0.241067 0.237798 0.240498 0.241516 0.242698 0.249588 0.255479 0.261339 0.265952 0.271113 0.278160 0.286895 0.296646 0.308834 0.320867 0.332658 0.346253 0.362618 0.369644 0.369956 0.369995 0.370000 0.370000 0.370000 0.370000 0.370000 0.370000 0.370000 0.370000 0.370000 0.370000 0.370000 0.370000 0.370000 0.370000 0.370000
0.283305 0.272517 0.257259 0.252024 0.249044 0.244473 0.241298 0.239023 0.234110 0.230923 0.224965 0.227572 0.230810 0.235741 0.231712 0.231450 0.232678 0.230622 0.228487 0.224501 0.225049 0.228109 0.231797 0.231285 0.231883 0.234076 0.234166 0.232431 0.228706 0.229385 0.231323 0.232968 0.236664 0.239857 0.242927 0.245396 0.249303 0.253997 0.259019 0.265587 0.273603 0.278592 0.287275 0.297761 0.308857 0.320090 0.332901 0.350169 0.365524 0.369732 0.369960 0.369993 0.370000 0.370000 0.370000 0.370000 0.370000 0.370000 0.370000 0.370000 0.370000 0.370000 0.370000
0.239549 0.233971 0.233170 0.231922 0.229849 0.228179 0.226218 0.224432 0.223110 0.220480 0.214397 0.217081 0.220552 0.224602 0.224775 0.224426 0.224923 0.224180 0.221528 0.216502 0.218609 0.221451 0.223973 0.224612 0.224964 0.226627 0.225370 0.222880 0.219194 0.220647 0.223175 0.224283 0.225681 0.227947 0.230338 0.232637 0.235343 0.237966 0.241802 0.246155 0.251158 0.256801 0.263135 0.271098 0.273880 0.278405 0.283116 0.291810 0.302248 0.317159 0.331468 0.347235 0.368291 0.369939 0.369999 0.370000 0.370000 0.370000 0.370000 0.370000 0.370000 0.370000 0.370000
0.231167 0.227740 0.225850 0.224339 0.226001 0.225481 0.222902 0.223510 0.222321 0.217370 0.219507 0.220962 0.225133 0.224153 0.223895 0.222907 0.223684 0.223129 0.218125 0.220817 0.221796 0.224558 0.224817 0.225249 0.225590 0.226040 0.225461 0.221896 0.222699 0.223500 0.225938 0.225637 0.226281 0.228872 0.229165 0.230373 0.232280 0.234251 0.236644 0.239639 0.244196 0.248900 0.253508 0.254125 0.257142 0.259710 0.255707 0.261190 0.265733 0.270626 0.279041 0.288094 0.304994 0.331201 0.361551 0.369815 0.369996 0.370000 0.370000 0.370000 0.370000 0.370000 0.370000
0.222850 0.220137 0.217180 0.219449 0.220002 0.220106 0.219740 0.218954 0.216840 0.219807 0.220201 0.219949 0.219574 0.219513 0.219854 0.219355 0.219074 0.219266 0.221425 0.221669 0.220878 0.221517 0.221968 0.222520 0.221587 0.221734 0.221780 0.222567 0.222428 0.221738 0.222840 0.222991 0.223091 0.223996 0.224469 0.225119 0.226717 0.227702 0.229038 0.231940 0.235682 0.238039 0.237687 0.239756 0.240612 0.238395 0.236548 0.239504 0.242232 0.244134 0.249723 0.254942 0.259850 0.277514 0.300329 0.329441 0.355622 0.369583 0.369976 0.369999 0.370000 0.370000 0.370000
0.221140 0.218637 0.218427 0.220121 0.220433 0.220564 0.218948 0.217415 0.219233 0.219912 0.219817 0.219124 0.219835 0.220100 0.221029 0.220115 0.219669 0.219922 0.220119 0.219927 0.220535 0.220909 0.221175 0.223310 0.222017 0.221866 0.222608 0.222234 0.221947 0.221264 0.222613 0.222959 0.222889 0.223897 0.224324 0.224761 0.225465 0.226877 0.230088 0.232267 0.235392 0.238473 0.238642 0.238979 0.237992 0.237332 0.233336 0.233191 0.237229 0.235810 0.238364 0.243170 0.242148 0.252761 0.267769 0.277802 0.293219 0.315245 0.341905 0.363391 0.369796 0.369993 0.370000
0.218312 0.218860 0.217662 0.218185 0.218150 0.217343 0.216332 0.217724 0.217660 0.217549 0.217653 0.217262 0.217932 0.218445 0.218976 0.218653 0.218593 0.217593 0.217529 0.218479 0.218509 0.219022 0.220218 0.221882 0.220652 0.220383 0.220363 0.219906 0.219920 0.219209 0.220329 0.221130 0.221227 0.222580 0.222989 0.221836 0.223149 0.225618 0.228005 0.229333 0.231888 0.236628 0.234586 0.234294 0.235097 0.231921 0.228076 0.228155 0.229433 0.228154 0.230742 0.231978 0.231061 0.237104 0.241466 0.246750 0.255220 0.270818 0.289956 0.304721 0.326875 0.350430 0.369149
