tests/Borden05m/data_simulated/sim_1/output-maps/thetaliqL0003N0003.asc
ncols         160
nrows         34
xllcorner     620200.000000
yllcorner     5168000.000000
cellsize      0.500000
NODATA_value  -9999.0
[rows 0 to 27 of 34, columns 63 to 125 of 160]
-9999.0 -9999.0 -9999.0 -9999.0 -9999.0 -9999.0 -9999.0 -9999.0 -9999.0 -9999.0 -9999.0 -9999.0 -9999.0 -9999.0 -9999.0 -9999.0 -9999.0 -9999.0 -9999.0 -9999.0 -9999.0 -9999.0 -9999.0 -9999.0 -9999.0 -9999.0 -9999.0 -9999.0 -9999.0 -9999.0 -9999.0 -9999.0 -9999.0 -9999.0 -9999.0 -9999.0 -9999.0 -9999.0 -9999.0 -9999.0 -9999.0 -9999.0 -9999.0 -9999.0 -9999.0 -9999.0 -9999.0 -9999.0 -9999.0 -9999.0 -9999.0 -9999.0 -9999.0 -9999.0 -9999.0 -9999.0 -9999.0 -9999.0 -9999.0 -9999.0 -9999.0 -9999.0 -9999.0
0.139208 0.137336 0.135220 0.134820 0.135004 0.134648 0.133906 0.135029 0.136523 0.137841 0.139624 0.139403 0.139675 0.140355 0.140534 0.140215 0.139387 0.138814 0.138147 0.138851 0.136447 0.133393 0.131108 0.130625 0.132484 0.133654 0.133532 0.134704 0.137216 0.139471 0.140418 0.143176 0.143046 0.144192 0.145866 0.144482 0.144043 0.144058 0.144329 0.140674 -9999.0 -9999.0 -9999.0 -9999.0 -9999.0 -9999.0 -9999.0 -9999.0 -9999.0 -9999.0 -9999.0 -9999.0 -9999.0 -9999.0 -9999.0 -9999.0 -9999.0 -9999.0 -9999.0 -9999.0 -9999.0 -9999.0 -9999.0
0.134335 0.131938 0.131268 0.129574 0.128868 0.128701 0.128109 0.128698 0.131504 0.133574 0.134251 0.133947 0.133842 0.133292 0.132885 0.132997 0.132265 0.131568 0.130833 0.130932 0.132530 0.130384 0.129287 0.128281 0.127280 0.127715 0.128091 0.128322 0.130976 0.132185 0.133146 0.136976 0.140628 0.141687 0.140310 0.138715 0.138914 0.138536 0.136859 0.135235 0.134852 0.134011 0.133603 0.132297 0.134275 0.134439 0.136826 0.138919 0.141405 0.144992 -9999.0 -9999.0 -9999.0 -9999.0 -9999.0 -9999.0 -9999.0 -9999.0 -9999.0 -9999.0 -9999.0 -9999.0 -9999.0
0.130913 0.130105 0.128504 0.126203 0.128877 0.128577 0.128388 0.128920 0.129831 0.130234 0.130718 0.131480 0.134076 0.133993 0.133820 0.133945 0.133481 0.132632 0.132625 0.132127 0.130060 0.130328 0.130806 0.130399 0.132438 0.132580 0.133725 0.130200 0.130855 0.131869 0.132705 0.133400 0.134191 0.135085 0.133551 0.134506 0.133010 0.129960 0.128922 0.128806 0.130740 0.131694 0.130188 0.125434 0.127932 0.133460 0.133203 0.132521 0.135449 0.138396 0.142456 0.142013 0.141687 0.142068 0.142667 0.139024 0.136585 0.134751 0.129988 -9999.0 -9999.0 -9999.0 -9999.0
0.130955 0.129265 0.127339 0.131737 0.133719 0.132873 0.133444 0.134743 0.134745 0.129300 0.127969 0.130133 0.132520 0.133616 0.132736 0.132310 0.131406 0.131368 0.131852 0.131231 0.132035 0.132802 0.131986 0.133457 0.135125 0.136657 0.133141 0.130029 0.130216 0.132822 0.134879 0.136105 0.139133 0.143748 0.143011 0.141790 0.140899 0.139834 0.134191 0.129369 0.127416 0.126508 0.125156 0.126057 0.125156 0.129334 0.129081 0.128531 0.130714 0.132541 0.134813 0.136419 0.136175 0.136659 0.137219 0.136038 0.133403 0.131851 0.130715 0.128219 0.124066 0.117327 0.117730
0.127261 0.127468 0.131404 0.133856 0.137859 0.136731 0.136940 0.136769 0.132969 0.130087 0.128288 0.133844 0.138696 0.140475 0.139395 0.138455 0.142633 0.141351 0.140702 0.138167 0.139076 0.138874 0.143499 0.145463 0.148005 0.147001 0.142319 0.138467 0.138204 0.138659 0.138417 0.139714 0.142825 0.146645 0.144018 0.142553 0.142154 0.133818 0.127539 0.125172 0.128578 0.130628 0.130081 0.130311 0.130379 0.127508 0.128111 0.128387 0.127168 0.130557 0.134077 0.134551 0.131683 0.130669 0.131787 0.131202 0.131045 0.129363 0.127558 0.126176 0.119606 0.121361 0.118124
0.136576 0.138327 0.140883 0.145548 0.154397 0.152897 0.153453 0.156182 0.151406 0.146978 0.140872 0.147915 0.149891 0.152508 0.152294 0.157810 0.162735 0.159340 0.154849 0.149771 0.152759 0.159521 0.166095 0.167677 0.168356 0.169273 0.164485 0.163269 0.162455 0.163184 0.160460 0.160990 0.166187 0.174940 0.176017 0.171864 0.163271 0.150516 0.139601 0.133931 0.139404 0.137463 0.136443 0.137151 0.133193 0.130855 0.133635 0.130760 0.128670 0.133197 0.133839 0.133316 0.129730 0.134006 0.132989 0.128997 0.126286 0.124729 0.123509 0.121593 0.122827 0.121720 0.118986
0.142466 0.144253 0.150454 0.159216 0.169216 0.173783 0.176861 0.182488 0.178631 0.174504 0.169596 0.171454 0.178213 0.184178 0.190420 0.197250 0.205170 0.200562 0.194255 0.193318 0.195027 0.205384 0.214222 0.216820 0.218160 0.222646 0.219581 0.214426 0.208429 0.202507 0.197369 0.192917 0.203003 0.213117 0.212651 0.197284 0.185964 0.171325 0.157136 0.143279 0.143545 0.145791 0.147776 0.142463 0.139584 0.134854 0.133514 0.133496 0.128882 0.131256 0.131983 0.135275 0.140161 0.141252 0.136590 0.133807 0.130779 0.127743 0.125423 0.126770 0.127210 0.125146 0.123189
0.190757 0.191715 0.196594 0.213107 0.237010 0.256312 0.275563 0.278414 0.269291 0.261249 0.249135 0.242123 0.251507 0.260176 0.269578 0.280473 0.291825 0.300164 0.300754 0.301221 0.302979 0.304660 0.308441 0.313942 0.320053 0.326690 0.329731 0.323887 0.316096 0.306042 0.295347 0.290850 0.286878 0.290565 0.291065 0.278132 0.258720 0.239225 0.216482 0.198399 0.185692 0.189863 0.182710 0.176073 0.168376 0.152330 0.147772 0.144938 0.133413 0.132331 0.136128 0.141239 0.145020 0.138338 0.135039 0.131949 0.128670 0.124911 0.125969 0.127693 0.128201 0.127448 0.127368
0.266504 0.269986 0.276232 0.304326 0.332533 0.355238 0.367851 0.369335 0.367868 0.362781 0.355360 0.348076 0.347074 0.355423 0.366088 0.369803 0.369955 0.369972 0.369973 0.369974 0.369976 0.369979 0.369980 0.369984 0.369989 0.369993 0.369997 0.369996 0.369990 0.369981 0.369962 0.369939 0.369858 0.369326 0.368805 0.367885 0.356961 0.339800 0.316768 0.287098 0.265936 0.250160 0.237917 0.226888 0.200370 0.179047 0.163286 0.151980 0.141152 0.139892 0.153837 0.168302 0.161504 0.158543 0.153736 0.146248 0.140244 0.133224 0.133693 0.134471 0.133593 0.132560 0.131400
0.364800 0.368503 0.369826 0.369960 0.369995 0.370000 0.370000 0.370000 0.370000 0.370000 0.370000 0.369999 0.369999 0.370000 0.370000 0.370000 0.370000 0.370000 0.370000 0.370000 0.370000 0.370000 0.370000 0.370000 0.370000 0.370000 0.370000 0.370000 0.370000 0.370000 0.370000 0.370000 0.370000 0.370000 0.370000 0.370000 0.370000 0.369999 0.369986 0.369695 0.356877 0.337271 0.327094 0.317106 0.308116 0.277969 0.261912 0.239482 0.214207 0.192289 0.215173 0.205833 0.199919 0.191357 0.178733 0.168400 0.159341 0.150022 0.148574 0.148393 0.146531 0.145777 0.143816
0.370000 0.370000 0.370000 0.370000 0.370000 0.370000 0.370000 0.370000 0.370000 0.370000 0.370000 0.370000 0.370000 0.370000 0.370000 0.370000 0.370000 0.370000 0.370000 0.370000 0.370000 0.370000 0.370000 0.370000 0.370000 0.370000 0.370000 0.370000 0.370000 0.370000 0.370000 0.370000 0.370000 0.370000 0.370000 0.370000 0.370000 0.370000 0.370000 0.370000 0.370000 0.369998 0.369993 0.369985 0.369973 0.369929 0.369274 0.356656 0.329547 0.297318 0.275686 0.266874 0.258254 0.239878 0.221023 0.208520 0.189610 0.173279 0.164095 0.162897 0.161475 0.159076 0.155339
0.370000 0.370000 0.370000 0.370000 0.370000 0.370000 0.370000 0.370000 0.370000 0.370000 0.370000 0.370000 0.370000 0.370000 0.370000 0.370000 0.370000 0.370000 0.370000 0.370000 0.370000 0.370000 0.370000 0.370000 0.370000 0.370000 0.370000 0.370000 0.370000 0.370000 0.370000 0.370000 0.370000 0.370000 0.370000 0.370000 0.370000 0.370000 0.370000 0.370000 0.370000 0.370000 0.370000 0.370000 0.370000 0.370000 0.370000 0.370000 0.369996 0.369913 0.364751 0.350969 0.338355 0.320796 0.306314 0.294888 0.266012 0.238877 0.219733 0.213862 0.201431 0.190272 0.182831
0.370000 0.370000 0.370000 0.370000 0.370000 0.370000 0.370000 0.370000 0.370000 0.370000 0.370000 0.370000 0.370000 0.370000 0.370000 0.370000 0.370000 0.370000 0.370000 0.370000 0.370000 0.370000 0.370000 0.370000 0.370000 0.370000 0.370000 0.370000 0.370000 0.370000 0.370000 0.370000 0.370000 0.370000 0.370000 0.370000 0.370000 0.370000 0.370000 0.370000 0.370000 0.370000 0.370000 0.370000 0.370000 0.370000 0.370000 0.370000 0.370000 0.370000 0.370000 0.369999 0.369997 0.369993 0.369981 0.369865 0.361467 0.331393 0.303183 0.282917 0.261094 0.245125 0.231692
0.370000 0.370000 0.370000 0.370000 0.370000 0.370000 0.370000 0.370000 0.370000 0.370000 0.370000 0.370000 0.370000 0.370000 0.370000 0.370000 0.370000 0.370000 0.370000 0.370000 0.370000 0.370000 0.370000 0.370000 0.370000 0.370000 0.370000 0.370000 0.370000 0.370000 0.370000 0.370000 0.370000 0.370000 0.370000 0.370000 0.370000 0.370000 0.370000 0.370000 0.370000 0.370000 0.370000 0.370000 0.370000 0.370000 0.370000 0.370000 0.370000 0.370000 0.370000 0.370000 0.370000 0.370000 0.370000 0.370000 0.370000 0.369993 0.369822 0.360114 0.336251 0.313630 0.292791
0.370000 0.370000 0.370000 0.370000 0.370000 0.370000 0.370000 0.370000 0.370000 0.370000 0.370000 0.370000 0.370000 0.370000 0.370000 0.370000 0.370000 0.370000 0.370000 0.370000 0.370000 0.370000 0.370000 0.370000 0.370000 0.370000 0.370000 0.370000 0.370000 0.370000 0.370000 0.370000 0.370000 0.370000 0.370000 0.370000 0.370000 0.370000 0.370000 0.370000 0.370000 0.370000 0.370000 0.370000 0.370000 0.370000 0.370000 0.370000 0.370000 0.370000 0.370000 0.370000 0.370000 0.370000 0.370000 0.370000 0.370000 0.370000 0.370000 0.370000 0.369993 0.369879 0.363919
0.370000 0.370000 0.370000 0.370000 0.370000 0.370000 0.370000 0.370000 0.370000 0.370000 0.370000 0.370000 0.370000 0.370000 0.370000 0.370000 0.370000 0.370000 0.370000 0.370000 0.370000 0.370000 0.370000 0.370000 0.370000 0.370000 0.370000 0.370000 0.370000 0.370000 0.370000 0.370000 0.370000 0.370000 0.370000 0.370000 0.370000 0.370000 0.370000 0.370000 0.370000 0.370000 0.370000 0.370000 0.370000 0.370000 0.370000 0.370000 0.370000 0.370000 0.370000 0.370000 0.370000 0.370000 0.370000 0.370000 0.370000 0.370000 0.370000 0.370000 0.370000 0.370000 0.370000
0.370000 0.370000 0.370000 0.370000 0.370000 0.370000 0.370000 0.370000 0.370000 0.370000 0.370000 0.370000 0.370000 0.370000 0.370000 0.370000 0.370000 0.370000 0.370000 0.370000 0.370000 0.370000 0.370000 0.370000 0.370000 0.370000 0.370000 0.370000 0.370000 0.370000 0.370000 0.370000 0.370000 0.370000 0.370000 0.370000 0.370000 0.370000 0.370000 0.370000 0.370000 0.370000 0.370000 0.370000 0.370000 0.370000 0.370000 0.370000 0.370000 0.370000 0.370000 0.370000 0.370000 0.370000 0.370000 0.370000 0.370000 0.370000 0.370000 0.370000 0.370000 0.370000 0.370000
0.370000 0.370000 0.370000 0.370000 0.370000 0.370000 0.370000 0.370000 0.370000 0.369999 0.369998 0.369997 0.369995 0.369989 0.369970 0.369877 0.368974 0.366586 0.365354 0.368923 0.369563 0.369137 0.366208 0.360698 0.356924 0.355106 0.358895 0.368128 0.369887 0.369970 0.369982 0.369979 0.369986 0.369990 0.369991 0.369997 0.369999 0.370000 0.370000 0.370000 0.370000 0.370000 0.370000 0.370000 0.370000 0.370000 0.370000 0.370000 0.370000 0.370000 0.370000 0.370000 0.370000 0.370000 0.370000 0.370000 0.370000 0.370000 0.370000 0.370000 0.370000 0.370000 0.370000
0.370000 0.370000 0.370000 0.369999 0.369985 0.369895 0.367629 0.360669 0.355769 0.344389 0.336740 0.330540 0.329644 0.318715 0.302750 0.288381 0.282322 0.279141 0.271744 0.270775 0.274564 0.281276 0.273362 0.268584 0.269835 0.267238 0.265573 0.274866 0.289560 0.298475 0.305241 0.309541 0.310842 0.312368 0.327201 0.337004 0.348239 0.364360 0.369857 0.369986 0.369998 0.370000 0.370000 0.370000 0.370000 0.370000 0.370000 0.370000 0.370000 0.370000 0.370000 0.370000 0.370000 0.370000 0.370000 0.370000 0.370000 0.370000 0.370000 0.370000 0.370000 0.370000 0.370000
0.369997 0.369985 0.369596 0.346089 0.317794 0.299122 0.279096 0.269655 0.256490 0.235901 0.223554 0.225368 0.230719 0.227458 0.217107 0.209057 0.203834 0.198180 0.190029 0.185089 0.190215 0.195231 0.195611 0.196048 0.198154 0.198000 0.196819 0.194878 0.202102 0.206755 0.212222 0.216350 0.218654 0.235563 0.251065 0.260316 0.274004 0.288713 0.307943 0.328248 0.344096 0.356294 0.368807 0.369948 0.369995 0.370000 0.370000 0.370000 0.370000 0.370000 0.370000 0.370000 0.370000 0.370000 0.370000 0.370000 0.370000 0.370000 0.370000 0.370000 0.370000 0.370000 0.370000
0.340028 0.320156 0.285476 0.251694 0.232714 0.218671 0.205836 0.193843 0.180381 0.168314 0.160786 0.165856 0.168712 0.173808 0.167060 0.161679 0.160337 0.155208 0.150755 0.145162 0.149511 0.151755 0.157564 0.157370 0.157697 0.160261 0.159006 0.158333 0.154617 0.158356 0.160734 0.163825 0.174723 0.185444 0.196511 0.205791 0.215692 0.228074 0.242962 0.258727 0.275488 0.288045 0.301848 0.320300 0.338651 0.357355 0.369718 0.369982 0.369998 0.370000 0.370000 0.370000 0.370000 0.370000 0.370000 0.370000 0.370000 0.370000 0.370000 0.370000 0.370000 0.370000 0.370000
0.228716 0.210580 0.186441 0.177279 0.171132 0.163067 0.156951 0.152081 0.144530 0.139355 0.132365 0.134862 0.138659 0.144250 0.139861 0.139123 0.139841 0.137003 0.134075 0.129762 0.130485 0.134135 0.138665 0.138769 0.139839 0.142441 0.142507 0.140411 0.136468 0.137549 0.140438 0.143494 0.149347 0.155232 0.161307 0.166880 0.174562 0.183723 0.193834 0.206458 0.221155 0.230813 0.245427 0.262029 0.276899 0.286807 0.302219 0.326388 0.343117 0.360902 0.369786 0.369978 0.369999 0.370000 0.370000 0.370000 0.370000 0.370000 0.370000 0.370000 0.370000 0.370000 0.370000
0.157216 0.148014 0.144736 0.141602 0.137968 0.134872 0.131617 0.128710 0.126349 0.123026 0.117318 0.119577 0.122953 0.126942 0.127151 0.126687 0.126913 0.125854 0.123037 0.118516 0.120490 0.123489 0.126359 0.127427 0.128110 0.129885 0.128663 0.126142 0.122769 0.124347 0.127304 0.129244 0.131770 0.135472 0.139566 0.143849 0.148942 0.154381 0.161727 0.170289 0.180150 0.191027 0.202928 0.216870 0.222636 0.229875 0.236966 0.250059 0.263594 0.279841 0.299007 0.319804 0.347995 0.369744 0.369996 0.370000 0.370000 0.370000 0.370000 0.370000 0.370000 0.370000 0.370000
0.138268 0.132893 0.129628 0.127224 0.127973 0.126739 0.123672 0.123548 0.121896 0.117231 0.118797 0.120096 0.123973 0.123283 0.123100 0.122179 0.122766 0.122116 0.117684 0.119953 0.121019 0.123845 0.124508 0.125260 0.125828 0.126398 0.125869 0.122599 0.123331 0.124318 0.127046 0.127427 0.128862 0.132385 0.133889 0.136487 0.140102 0.144141 0.149068 0.155162 0.163536 0.172311 0.180789 0.183655 0.189061 0.193310 0.188554 0.197377 0.205488 0.214003 0.228019 0.242575 0.264340 0.298108 0.337920 0.369254 0.369985 0.370000 0.370000 0.370000 0.370000 0.370000 0.370000
0.124656 0.121092 0.117762 0.119136 0.119203 0.118901 0.118198 0.117192 0.115191 0.117458 0.117715 0.117521 0.117294 0.117327 0.117657 0.117234 0.116981 0.117130 0.118965 0.119268 0.118781 0.119602 0.120296 0.121054 0.120435 0.120692 0.120809 0.121531 0.121501 0.121107 0.122435 0.123033 0.123703 0.125259 0.126563 0.128211 0.131007 0.133526 0.136733 0.141890 0.148286 0.153123 0.154382 0.157849 0.159406 0.156881 0.154731 0.158857 0.163476 0.167519 0.176907 0.186677 0.196533 0.225082 0.259642 0.297085 0.330319 0.361562 0.369871 0.369995 0.370000 0.370000 0.370000
0.120070 0.117249 0.116567 0.117650 0.117659 0.117531 0.115964 0.114539 0.115905 0.116402 0.116289 0.115718 0.116346 0.116625 0.117448 0.116704 0.116350 0.116597 0.116833 0.116790 0.117461 0.118000 0.118486 0.120568 0.119623 0.119620 0.120364 0.120127 0.119978 0.119554 0.120996 0.121659 0.122042 0.123516 0.124611 0.125881 0.127651 0.130388 0.135218 0.139371 0.144723 0.149936 0.151260 0.152211 0.151160 0.149920 0.145035 0.144948 0.149981 0.149397 0.153788 0.161513 0.163215 0.180934 0.206661 0.225033 0.249353 0.276721 0.314359 0.339397 0.366594 0.369949 0.369999
0.115887 0.115905 0.114594 0.114784 0.114584 0.113797 0.112878 0.113911 0.113818 0.113704 0.113767 0.113444 0.114004 0.114466 0.114943 0.114712 0.114700 0.113957 0.113995 0.114876 0.115046 0.115659 0.116880 0.118513 0.117642 0.117544 0.117646 0.117366 0.117473 0.117008 0.118162 0.119119 0.119539 0.121182 0.122156 0.121949 0.124156 0.127730 0.131568 0.134594 0.138969 0.145511 0.144121 0.144059 0.144700 0.140610 0.135873 0.135522 0.136922 0.135999 0.139243 0.141737 0.142550 0.151942 0.160836 0.171634 0.187723 0.214561 0.246637 0.268172 0.294204 0.324264 0.351286
