tests/Borden05m/data_simulated/sim_1/output-maps/thetaliqL0004N0003.asc
ncols         160
nrows         34
xllcorner     620200.000000
yllcorner     5168000.000000
cellsize      0.500000
NODATA_value  -9999.0
[rows 0 to 27 of 34, columns 0 to 62 of 160]
-9999.0 -9999.0 -9999.0 -9999.0 -9999.0 -9999.0 -9999.0 -9999.0 -9999.0 -9999.0 -9999.0 -9999.0 -9999.0 -9999.0 -9999.0 -9999.0 -9999.0 -9999.0 -9999.0 -9999.0 -9999.0 -9999.0 -9999.0 -9999.0 -9999.0 -9999.0 -9999.0 -9999.0 -9999.0 -9999.0 -9999.0 -9999.0 -9999.0 -9999.0 -9999.0 -9999.0 -9999.0 -9999.0 -9999.0 -9999.0 -9999.0 -9999.0 -9999.0 -9999.0 -9999.0 -9999.0 -9999.0 -9999.0 -9999.0 -9999.0 -9999.0 -9999.0 -9999.0 -9999.0 -9999.0 -9999.0 -9999.0 -9999.0 -9999.0 -9999.0 -9999.0 -9999.0 -9999.0
-9999.0 -9999.0 -9999.0 -9999.0 -9999.0 -9999.0 -9999.0 -9999.0 -9999.0 -9999.0 -9999.0 -9999.0 -9999.0 -9999.0 -9999.0 -9999.0 -9999.0 -9999.0 -9999.0 -9999.0 -9999.0 -9999.0 -9999.0 -9999.0 -9999.0 -9999.0 -9999.0 -9999.0 -9999.0 -9999.0 -9999.0 -9999.0 -9999.0 -9999.0 -9999.0 -9999.0 -9999.0 -9999.0 -9999.0 -9999.0 -9999.0 -9999.0 -9999.0 -9999.0 -9999.0 -9999.0 -9999.0 -9999.0 -9999.0 -9999.0 -9999.0 -9999.0 -9999.0 -9999.0 -9999.0 -9999.0 -9999.0 -9999.0 -9999.0 0.105697 0.104422 0.103211 0.102120
-9999.0 -9999.0 -9999.0 -9999.0 -9999.0 -9999.0 -9999.0 -9999.0 -9999.0 -9999.0 -9999.0 -9999.0 -9999.0 -9999.0 -9999.0 -9999.0 -9999.0 -9999.0 -9999.0 -9999.0 -9999.0 -9999.0 -9999.0 -9999.0 -9999.0 -9999.0 -9999.0 -9999.0 -9999.0 -9999.0 -9999.0 -9999.0 -9999.0 -9999.0 -9999.0 -9999.0 -9999.0 -9999.0 -9999.0 -9999.0 -9999.0 -9999.0 -9999.0 -9999.0 -9999.0 -9999.0 -9999.0 0.086367 0.084607 0.083022 0.082889 0.084939 0.087225 0.089867 0.092455 0.095118 0.098197 0.101807 0.102421 0.100189 0.099286 0.098651 0.098214
-9999.0 -9999.0 -9999.0 -9999.0 -9999.0 -9999.0 -9999.0 -9999.0 -9999.0 -9999.0 -9999.0 -9999.0 -9999.0 -9999.0 -9999.0 -9999.0 -9999.0 -9999.0 -9999.0 -9999.0 -9999.0 -9999.0 -9999.0 -9999.0 -9999.0 -9999.0 -9999.0 -9999.0 -9999.0 -9999.0 -9999.0 -9999.0 -9999.0 -9999.0 -9999.0 -9999.0 -9999.0 -9999.0 -9999.0 -9999.0 0.091735 0.092554 0.092848 0.091258 0.089793 0.088459 0.086301 0.084536 0.083098 0.082854 0.083035 0.083473 0.085589 0.088045 0.090247 0.092492 0.095254 0.098565 0.099019 0.096974 0.095488 0.094821 0.094780
-9999.0 -9999.0 -9999.0 -9999.0 -9999.0 -9999.0 -9999.0 -9999.0 -9999.0 -9999.0 -9999.0 -9999.0 -9999.0 -9999.0 -9999.0 -9999.0 -9999.0 -9999.0 -9999.0 -9999.0 -9999.0 -9999.0 -9999.0 -9999.0 -9999.0 -9999.0 -9999.0 -9999.0 -9999.0 -9999.0 -9999.0 -9999.0 -9999.0 -9999.0 0.082385 0.083861 0.085475 0.087272 0.089095 0.089794 0.090471 0.091233 0.090662 0.090017 0.088617 0.086582 0.084611 0.083310 0.083079 0.082825 0.083154 0.084274 0.085764 0.087393 0.089735 0.092676 0.093825 0.095619 0.096026 0.095125 0.095211 0.095398 0.095598
-9999.0 -9999.0 -9999.0 -9999.0 -9999.0 -9999.0 -9999.0 -9999.0 -9999.0 -9999.0 -9999.0 -9999.0 -9999.0 -9999.0 -9999.0 -9999.0 -9999.0 -9999.0 -9999.0 -9999.0 -9999.0 -9999.0 -9999.0 -9999.0 -9999.0 -9999.0 -9999.0 -9999.0 0.082938 0.082431 0.081991 0.081857 0.081725 0.081563 0.082038 0.082982 0.084544 0.086578 0.087855 0.088576 0.089271 0.089310 0.088686 0.088373 0.088387 0.087062 0.085853 0.084784 0.083779 0.083656 0.084476 0.085713 0.087265 0.088799 0.090522 0.092321 0.094257 0.097670 0.099127 0.097891 0.096747 0.096017 0.096039
-9999.0 -9999.0 -9999.0 -9999.0 -9999.0 -9999.0 -9999.0 -9999.0 -9999.0 -9999.0 -9999.0 -9999.0 -9999.0 -9999.0 -9999.0 -9999.0 -9999.0 -9999.0 -9999.0 -9999.0 -9999.0 -9999.0 -9999.0 0.080849 0.081296 0.081739 0.082272 0.082293 0.081869 0.081395 0.081122 0.080969 0.080813 0.081071 0.081648 0.082663 0.083936 0.085893 0.086655 0.087313 0.088694 0.088831 0.089277 0.089729 0.089428 0.089095 0.087680 0.086702 0.087370 0.088033 0.088637 0.089355 0.090826 0.092838 0.095386 0.098749 0.102762 0.106733 0.110748 0.108988 0.106701 0.103920 0.103891
-9999.0 -9999.0 -9999.0 -9999.0 -9999.0 -9999.0 -9999.0 -9999.0 -9999.0 -9999.0 -9999.0 -9999.0 -9999.0 -9999.0 -9999.0 -9999.0 -9999.0 -9999.0 -9999.0 0.079361 0.079382 0.079395 0.079647 0.079635 0.079733 0.080160 0.080688 0.080767 0.080614 0.080440 0.080513 0.080657 0.080887 0.081700 0.082731 0.083841 0.085041 0.087059 0.088599 0.090227 0.092334 0.091926 0.091158 0.090736 0.090697 0.090712 0.091634 0.092156 0.092800 0.093625 0.094598 0.095784 0.097282 0.100430 0.104326 0.108711 0.113440 0.118470 0.124176 0.122829 0.118810 0.115044 0.115007
-9999.0 -9999.0 -9999.0 -9999.0 -9999.0 -9999.0 -9999.0 -9999.0 -9999.0 -9999.0 -9999.0 -9999.0 -9999.0 -9999.0 -9999.0 -9999.0 0.077889 0.077964 0.078022 0.078236 0.078301 0.078486 0.078856 0.078844 0.079028 0.079419 0.079678 0.080178 0.080660 0.081144 0.081529 0.081652 0.082196 0.082893 0.083815 0.085181 0.087363 0.089856 0.091820 0.094045 0.096545 0.096367 0.096012 0.096054 0.096061 0.097425 0.100726 0.101759 0.102427 0.106633 0.109845 0.110885 0.112316 0.116765 0.123675 0.133119 0.146672 0.157117 0.167403 0.170563 0.161873 0.159490 0.161975
-9999.0 -9999.0 -9999.0 -9999.0 -9999.0 -9999.0 -9999.0 -9999.0 -9999.0 -9999.0 -9999.0 -9999.0 -9999.0 0.076022 0.076171 0.076526 0.076759 0.076786 0.076904 0.077098 0.077690 0.077808 0.078090 0.078473 0.079091 0.079551 0.080088 0.080833 0.081368 0.081829 0.082308 0.082803 0.083932 0.085292 0.086821 0.088993 0.091539 0.094407 0.097690 0.100064 0.102657 0.103320 0.102602 0.102652 0.104246 0.108344 0.112932 0.116483 0.123410 0.131461 0.136659 0.141889 0.145262 0.149856 0.158798 0.179010 0.202825 0.223961 0.236442 0.249794 0.249441 0.251374 0.253069
-9999.0 -9999.0 -9999.0 -9999.0 -9999.0 -9999.0 -9999.0 -9999.0 -9999.0 -9999.0 0.074648 0.074766 0.074602 0.074564 0.074665 0.075060 0.075520 0.075750 0.076166 0.077084 0.077895 0.077974 0.078785 0.079307 0.079626 0.080266 0.081113 0.082007 0.083370 0.084396 0.085545 0.087709 0.089485 0.091400 0.093681 0.096479 0.100003 0.106132 0.112535 0.116120 0.123595 0.128735 0.126864 0.126341 0.128381 0.134892 0.145073 0.158469 0.170604 0.186882 0.201238 0.210756 0.217716 0.226356 0.236956 0.261071 0.294695 0.323920 0.348452 0.359778 0.363064 0.363918 0.365130
-9999.0 -9999.0 -9999.0 -9999.0 -9999.0 -9999.0 -9999.0 -9999.0 0.073835 0.074057 0.074269 0.074137 0.073947 0.073797 0.074177 0.074685 0.075228 0.075854 0.076490 0.077257 0.077982 0.078868 0.079988 0.080695 0.081475 0.082565 0.083604 0.085179 0.087238 0.088847 0.091216 0.094130 0.097068 0.099971 0.103208 0.106784 0.113845 0.123843 0.135269 0.145766 0.158867 0.173002 0.172385 0.173634 0.175440 0.191896 0.213397 0.237256 0.262035 0.289637 0.317799 0.332027 0.340395 0.349651 0.359477 0.367295 0.369956 0.369998 0.370000 0.370000 0.370000 0.370000 0.370000
-9999.0 -9999.0 -9999.0 -9999.0 -9999.0 -9999.0 0.073129 0.073839 0.074303 0.073967 0.073703 0.073596 0.073480 0.074006 0.074719 0.075285 0.075894 0.076583 0.077265 0.077954 0.080065 0.080984 0.081989 0.083592 0.084697 0.085897 0.087593 0.090269 0.093301 0.098636 0.104604 0.110823 0.117684 0.123299 0.129017 0.135830 0.149207 0.167996 0.189633 0.209984 0.230257 0.253250 0.261134 0.265394 0.272631 0.287824 0.314859 0.342643 0.367278 0.369974 0.369999 0.370000 0.370000 0.370000 0.370000 0.370000 0.370000 0.370000 0.370000 0.370000 0.370000 0.370000 0.370000
-9999.0 -9999.0 -9999.0 -9999.0 0.072420 0.072897 0.073386 0.074326 0.075109 0.074776 0.075072 0.075073 0.074999 0.075008 0.075131 0.075803 0.076500 0.077256 0.078176 0.080550 0.083556 0.084889 0.087626 0.091425 0.093138 0.095113 0.097305 0.101228 0.107493 0.116372 0.132177 0.149123 0.161630 0.173703 0.184996 0.199367 0.220946 0.249099 0.279606 0.311246 0.338843 0.356935 0.365131 0.368437 0.369930 0.369992 0.369999 0.370000 0.370000 0.370000 0.370000 0.370000 0.370000 0.370000 0.370000 0.370000 0.370000 0.370000 0.370000 0.370000 0.370000 0.370000 0.370000
-9999.0 -9999.0 -9999.0 0.071524 0.072313 0.073142 0.073811 0.074758 0.075935 0.076151 0.076456 0.076756 0.077088 0.077507 0.078029 0.078866 0.079576 0.080186 0.081515 0.084417 0.087959 0.092299 0.096991 0.102667 0.107564 0.110956 0.114717 0.121427 0.135028 0.152155 0.179632 0.215548 0.244610 0.265057 0.280515 0.301696 0.321289 0.348622 0.368657 0.369981 0.370000 0.370000 0.370000 0.370000 0.370000 0.370000 0.370000 0.370000 0.370000 0.370000 0.370000 0.370000 0.370000 0.370000 0.370000 0.370000 0.370000 0.370000 0.370000 0.370000 0.370000 0.370000 0.370000
-9999.0 -9999.0 0.070854 0.071435 0.072024 0.073229 0.074788 0.075893 0.077749 0.079133 0.079457 0.080715 0.081940 0.082547 0.083987 0.085559 0.086583 0.086608 0.087552 0.092099 0.100968 0.111915 0.121949 0.143513 0.158387 0.168516 0.173822 0.187443 0.207278 0.241564 0.285159 0.329128 0.359111 0.369643 0.369972 0.369994 0.369999 0.370000 0.370000 0.370000 0.370000 0.370000 0.370000 0.370000 0.370000 0.370000 0.370000 0.370000 0.370000 0.370000 0.370000 0.370000 0.370000 0.370000 0.370000 0.370000 0.370000 0.370000 0.370000 0.370000 0.370000 0.370000 0.370000
-9999.0 -9999.0 0.070498 0.071154 0.071828 0.073553 0.076044 0.077539 0.079915 0.083068 0.084615 0.086784 0.089159 0.091837 0.095163 0.099226 0.099190 0.099240 0.098753 0.109783 0.126314 0.153726 0.199615 0.243340 0.274945 0.278396 0.280693 0.295694 0.318780 0.357035 0.369905 0.369999 0.370000 0.370000 0.370000 0.370000 0.370000 0.370000 0.370000 0.370000 0.370000 0.370000 0.370000 0.370000 0.370000 0.370000 0.370000 0.370000 0.370000 0.370000 0.370000 0.370000 0.370000 0.370000 0.370000 0.370000 0.370000 0.370000 0.370000 0.370000 0.370000 0.370000 0.370000
-9999.0 0.069636 0.070149 0.070796 0.072020 0.073602 0.076751 0.081433 0.085085 0.089160 0.092573 0.095693 0.107496 0.121295 0.129616 0.141317 0.138548 0.135929 0.131667 0.147374 0.175967 0.244155 0.351147 0.369835 0.369989 0.369993 0.369990 0.369994 0.369999 0.370000 0.370000 0.370000 0.370000 0.370000 0.370000 0.370000 0.370000 0.370000 0.370000 0.370000 0.370000 0.370000 0.370000 0.370000 0.370000 0.370000 0.370000 0.370000 0.370000 0.370000 0.370000 0.370000 0.370000 0.370000 0.370000 0.370000 0.370000 0.370000 0.370000 0.370000 0.370000 0.370000 0.370000
-9999.0 0.069288 0.069913 0.070822 0.071913 0.073792 0.078717 0.088782 0.093819 0.098713 0.104545 0.118237 0.152934 0.191297 0.217402 0.249599 0.245627 0.232597 0.231739 0.261397 0.312631 0.367949 0.370000 0.370000 0.370000 0.370000 0.370000 0.370000 0.370000 0.370000 0.370000 0.370000 0.370000 0.370000 0.370000 0.370000 0.370000 0.370000 0.370000 0.370000 0.370000 0.370000 0.370000 0.370000 0.370000 0.370000 0.370000 0.370000 0.370000 0.370000 0.370000 0.370000 0.370000 0.370000 0.370000 0.370000 0.370000 0.370000 0.370000 0.370000 0.370000 0.370000 0.370000
-9999.0 0.069248 0.069984 0.070590 0.071595 0.075080 0.081014 0.093757 0.110017 0.118991 0.138369 0.187924 0.263167 0.338573 0.367377 0.369924 0.369981 0.369974 0.369985 0.369998 0.370000 0.370000 0.370000 0.370000 0.370000 0.370000 0.370000 0.370000 0.370000 0.370000 0.370000 0.370000 0.370000 0.370000 0.370000 0.370000 0.370000 0.370000 0.370000 0.370000 0.370000 0.370000 0.370000 0.370000 0.370000 0.370000 0.370000 0.370000 0.370000 0.370000 0.370000 0.370000 0.370000 0.370000 0.370000 0.370000 0.370000 0.370000 0.370000 0.370000 0.370000 0.370000 0.370000
-9999.0 0.068652 0.069309 0.069652 0.071766 0.076458 0.083397 0.104866 0.145617 0.169328 0.237265 0.323408 0.369836 0.370000 0.370000 0.370000 0.370000 0.370000 0.370000 0.370000 0.370000 0.370000 0.370000 0.370000 0.370000 0.370000 0.370000 0.370000 0.370000 0.370000 0.370000 0.370000 0.370000 0.370000 0.370000 0.370000 0.370000 0.370000 0.370000 0.370000 0.370000 0.370000 0.370000 0.370000 0.370000 0.370000 0.370000 0.370000 0.370000 0.370000 0.370000 0.370000 0.370000 0.370000 0.370000 0.370000 0.370000 0.370000 0.370000 0.370000 0.370000 0.370000 0.370000
-9999.0 0.068254 0.068664 0.069449 0.071521 0.075800 0.085332 0.114026 0.199930 0.274000 0.340785 0.368176 0.370000 0.370000 0.370000 0.370000 0.370000 0.370000 0.370000 0.370000 0.370000 0.370000 0.370000 0.370000 0.370000 0.370000 0.370000 0.370000 0.370000 0.370000 0.370000 0.370000 0.370000 0.370000 0.370000 0.370000 0.370000 0.370000 0.370000 0.370000 0.370000 0.370000 0.370000 0.370000 0.370000 0.370000 0.370000 0.370000 0.370000 0.370000 0.370000 0.370000 0.370000 0.370000 0.370000 0.370000 0.370000 0.370000 0.369999 0.369971 0.364304 0.352934 0.347512
-9999.0 0.067942 0.068493 0.069078 0.070447 0.072832 0.077801 0.092694 0.131300 0.260473 0.368505 0.369917 0.370000 0.370000 0.370000 0.370000 0.370000 0.370000 0.370000 0.370000 0.370000 0.370000 0.370000 0.370000 0.370000 0.370000 0.370000 0.370000 0.370000 0.370000 0.370000 0.370000 0.370000 0.370000 0.370000 0.370000 0.370000 0.370000 0.370000 0.370000 0.370000 0.370000 0.370000 0.370000 0.370000 0.370000 0.370000 0.370000 0.370000 0.370000 0.370000 0.370000 0.370000 0.369999 0.369997 0.369971 0.366620 0.349392 0.327949 0.298196 0.259261 0.235819 0.231518
-9999.0 -9999.0 0.068132 0.068753 0.069525 0.070989 0.073835 0.081543 0.099839 0.165022 0.248010 0.320020 0.358063 0.369909 0.369999 0.370000 0.370000 0.370000 0.370000 0.370000 0.370000 0.370000 0.370000 0.370000 0.370000 0.370000 0.370000 0.370000 0.370000 0.370000 0.370000 0.370000 0.370000 0.370000 0.370000 0.370000 0.370000 0.370000 0.370000 0.370000 0.369999 0.369998 0.369998 0.369998 0.369997 0.369991 0.369917 0.367803 0.361218 0.352155 0.346955 0.341897 0.336453 0.326636 0.315871 0.303199 0.280691 0.259562 0.239526 0.209778 0.181480 0.157903 0.142958
-9999.0 -9999.0 0.067847 0.068306 0.069032 0.070179 0.071611 0.074619 0.083627 0.098445 0.120870 0.153231 0.190584 0.231190 0.274807 0.326359 0.344400 0.349739 0.347060 0.349571 0.358383 0.365498 0.369242 0.369971 0.369996 0.369998 0.369999 0.369998 0.369991 0.369817 0.363148 0.348200 0.338564 0.333189 0.337898 0.345047 0.341937 0.333306 0.319788 0.302640 0.288538 0.275150 0.270996 0.269888 0.269902 0.267563 0.264156 0.254617 0.243421 0.235911 0.230103 0.225070 0.222765 0.216794 0.209477 0.204801 0.191715 0.176542 0.161909 0.145564 0.129456 0.119050 0.110683
-9999.0 -9999.0 -9999.0 0.067944 0.068344 0.068921 0.069684 0.070514 0.072581 0.076437 0.082101 0.090941 0.100312 0.110786 0.124305 0.143571 0.157664 0.163746 0.166569 0.192755 0.208578 0.234371 0.257194 0.267824 0.281412 0.295272 0.299375 0.289586 0.279082 0.263307 0.242807 0.223332 0.212870 0.213499 0.213866 0.216681 0.212374 0.208320 0.199400 0.190113 0.181325 0.175003 0.172658 0.170271 0.168888 0.166975 0.165129 0.161403 0.156908 0.152574 0.149047 0.147756 0.146435 0.144326 0.141502 0.138782 0.134437 0.125237 0.117442 0.110164 0.103150 0.097379 0.092733
-9999.0 -9999.0 -9999.0 -9999.0 -9999.0 0.068090 0.068596 0.069174 0.069855 0.070764 0.072323 0.075167 0.077185 0.079780 0.083476 0.087328 0.091015 0.095694 0.102964 0.112035 0.124043 0.135748 0.150143 0.163833 0.171419 0.179657 0.182837 0.176796 0.171175 0.162942 0.150922 0.140554 0.138494 0.138711 0.138900 0.138269 0.136205 0.134218 0.131517 0.126770 0.122715 0.121018 0.119851 0.118696 0.117538 0.116562 0.115648 0.114725 0.112458 0.110580 0.110672 0.110091 0.109525 0.108972 0.107548 0.106074 0.104364 0.099511 0.095779 0.093492 0.089379 0.086242 0.084377
-9999.0 -9999.0 -9999.0 -9999.0 -9999.0 -9999.0 0.067944 0.068272 0.068701 0.069209 0.070000 0.070968 0.071365 0.072328 0.073596 0.075227 0.077414 0.079430 0.082088 0.085544 0.090005 0.094522 0.100334 0.107181 0.110257 0.113094 0.116027 0.113478 0.111156 0.108927 0.103930 0.102861 0.101710 0.101751 0.101718 0.101705 0.100754 0.099735 0.098777 0.096813 0.095920 0.095021 0.094413 0.093844 0.093284 0.092830 0.092496 0.092173 0.091300 0.091401 0.091468 0.091215 0.090933 0.090665 0.089947 0.088980 0.088089 0.086289 0.084924 0.083678 0.081613 0.080303 0.079121
