tests/Borden05m/data_simulated/sim_1/output-maps/thetaliqL0003N0016.asc
ncols         160
nrows         34
xllcorner     620200.000000
yllcorner     5168000.000000
cellsize      0.500000
NODATA_value  -9999.0
[rows 0 to 27 of 34, columns 63 to 125 of 160]
-9999.0 -9999.0 -9999.0 -9999.0 -9999.0 -9999.0 -9999.0 -9999.0 -9999.0 -9999.0 -9999.0 -9999.0 -9999.0 -9999.0 -9999.0 -9999.0 -9999.0 -9999.0 -9999.0 -9999.0 -9999.0 -9999.0 -9999.0 -9999.0 -9999.0 -9999.0 -9999.0 -9999.0 -9999.0 -9999.0 -9999.0 -9999.0 -9999.0 -9999.0 -9999.0 -9999.0 -9999.0 -9999.0 -9999.0 -9999.0 -9999.0 -9999.0 -9999.0 -9999.0 -9999.0 -9999.0 -9999.0 -9999.0 -9999.0 -9999.0 -9999.0 -9999.0 -9999.0 -9999.0 -9999.0 -9999.0 -9999.0 -9999.0 -9999.0 -9999.0 -9999.0 -9999.0 -9999.0
0.198535 0.197408 0.196114 0.195885 0.196014 0.195787 0.195301 0.195989 0.196899 0.197691 0.198765 0.198599 0.198746 0.199154 0.199262 0.199071 0.198573 0.198236 0.197845 0.198309 0.196842 0.194933 0.193481 0.193179 0.194388 0.195126 0.195022 0.195735 0.197274 0.198619 0.199138 0.200766 0.200632 0.201297 0.202307 0.201480 0.201247 0.201308 0.201519 0.199327 -9999.0 -9999.0 -9999.0 -9999.0 -9999.0 -9999.0 -9999.0 -9999.0 -9999.0 -9999.0 -9999.0 -9999.0 -9999.0 -9999.0 -9999.0 -9999.0 -9999.0 -9999.0 -9999.0 -9999.0 -9999.0 -9999.0 -9999.0
0.195492 0.193982 0.193574 0.192474 0.192009 0.191888 0.191470 0.191837 0.193664 0.194977 0.195380 0.195146 0.195044 0.194667 0.194393 0.194472 0.194009 0.193574 0.193116 0.193217 0.194297 0.192921 0.192217 0.191549 0.190864 0.191142 0.191376 0.191494 0.193220 0.193946 0.194489 0.196879 0.199114 0.199736 0.198866 0.197885 0.198066 0.197899 0.196925 0.195980 0.195849 0.195382 0.195159 0.194333 0.195584 0.195654 0.197108 0.198357 0.199839 0.201984 -9999.0 -9999.0 -9999.0 -9999.0 -9999.0 -9999.0 -9999.0 -9999.0 -9999.0 -9999.0 -9999.0 -9999.0 -9999.0
0.193295 0.192777 0.191713 0.190139 0.191931 0.191705 0.191555 0.191894 0.192494 0.192738 0.193034 0.193496 0.195149 0.195062 0.194930 0.195009 0.194715 0.194179 0.194199 0.193896 0.192545 0.192737 0.193056 0.192776 0.194108 0.194197 0.194937 0.192610 0.193016 0.193632 0.194104 0.194474 0.194909 0.195447 0.194424 0.195106 0.194212 0.192301 0.191744 0.191798 0.193189 0.193878 0.192932 0.189750 0.191441 0.195031 0.194826 0.194327 0.196148 0.197962 0.200443 0.200158 0.199953 0.200204 0.200604 0.198432 0.196993 0.195922 0.192938 -9999.0 -9999.0 -9999.0 -9999.0
0.193259 0.192121 0.190781 0.193672 0.194916 0.194317 0.194662 0.195499 0.195503 0.191917 0.190993 0.192416 0.193945 0.194611 0.193987 0.193682 0.193077 0.193067 0.193421 0.193023 0.193565 0.194055 0.193482 0.194424 0.195503 0.196496 0.194216 0.192142 0.192265 0.193978 0.195268 0.195982 0.197854 0.200716 0.200253 0.199552 0.199110 0.198573 0.195142 0.192102 0.190885 0.190337 0.189455 0.190106 0.189501 0.192325 0.192135 0.191725 0.193127 0.194267 0.195693 0.196689 0.196525 0.196853 0.197257 0.196584 0.195007 0.194118 0.193494 0.192016 0.189355 0.184689 0.184997
0.190522 0.190610 0.193193 0.194712 0.197216 0.196407 0.196507 0.196404 0.193919 0.191999 0.190749 0.194482 0.197566 0.198632 0.197877 0.197238 0.199920 0.199122 0.198734 0.197113 0.197693 0.197523 0.200430 0.201625 0.203193 0.202595 0.199671 0.197216 0.197056 0.197329 0.197100 0.197850 0.199766 0.202151 0.200484 0.199633 0.199543 0.194349 0.190333 0.188899 0.191418 0.192874 0.192565 0.192777 0.192863 0.190971 0.191406 0.191598 0.190742 0.192976 0.195226 0.195500 0.193619 0.192976 0.193787 0.193499 0.193510 0.192527 0.191456 0.190646 0.186224 0.187523 0.185232
0.196266 0.197315 0.198848 0.201686 0.207044 0.206155 0.206548 0.208246 0.205311 0.202545 0.198603 0.203044 0.204239 0.205836 0.205735 0.209251 0.212445 0.210495 0.207784 0.204641 0.206552 0.210800 0.214943 0.216057 0.216627 0.217330 0.214360 0.213432 0.212744 0.212970 0.211124 0.211294 0.214424 0.219735 0.220282 0.217510 0.212256 0.204592 0.197897 0.194360 0.198051 0.196892 0.196310 0.196844 0.194381 0.192928 0.194842 0.193018 0.191635 0.194616 0.194990 0.194608 0.192214 0.195094 0.194510 0.191998 0.190307 0.189383 0.188668 0.187451 0.188397 0.187684 0.185743
0.199659 0.200771 0.204789 0.210682 0.217955 0.222420 0.226269 0.230488 0.227259 0.223598 0.219550 0.220372 0.225233 0.230359 0.236404 0.243480 0.251336 0.249102 0.244811 0.244287 0.246201 0.255152 0.264008 0.267869 0.270352 0.274759 0.271529 0.265705 0.259130 0.252860 0.247573 0.243706 0.251129 0.259448 0.257842 0.243060 0.231362 0.219594 0.209612 0.200345 0.200342 0.201749 0.203014 0.199755 0.198036 0.195089 0.194373 0.194491 0.191461 0.193075 0.193504 0.195625 0.198739 0.199463 0.196638 0.194989 0.193170 0.191296 0.189846 0.190848 0.191210 0.189867 0.188532
0.235632 0.237741 0.244126 0.263191 0.292654 0.314175 0.326862 0.328904 0.325138 0.320087 0.310890 0.305386 0.313812 0.321604 0.327511 0.331777 0.335472 0.337944 0.337739 0.337765 0.338503 0.339444 0.341135 0.343081 0.344985 0.347023 0.347675 0.345238 0.342567 0.339454 0.336442 0.335543 0.334665 0.336454 0.336202 0.329771 0.318064 0.296821 0.267711 0.246280 0.233036 0.232616 0.226558 0.221517 0.216099 0.206072 0.203173 0.201447 0.194039 0.193289 0.195746 0.199006 0.201380 0.197207 0.195218 0.193394 0.191415 0.189017 0.189913 0.191194 0.191605 0.191146 0.191113
0.326287 0.328540 0.330984 0.341141 0.351277 0.358492 0.362644 0.363894 0.362811 0.361416 0.359587 0.357729 0.357715 0.360009 0.362370 0.364230 0.365233 0.365557 0.365407 0.365419 0.365512 0.365773 0.365946 0.366275 0.366754 0.367432 0.368101 0.367973 0.367046 0.366034 0.364479 0.363529 0.363047 0.362264 0.362154 0.362074 0.358281 0.352692 0.344109 0.333578 0.324992 0.312757 0.296885 0.279867 0.251397 0.230861 0.217196 0.207969 0.199771 0.198295 0.206987 0.215387 0.211210 0.209341 0.206486 0.202050 0.198467 0.194101 0.194587 0.195210 0.194718 0.194111 0.193401
0.362306 0.363152 0.364176 0.365922 0.368094 0.369294 0.369765 0.369826 0.369772 0.369693 0.369541 0.369414 0.369382 0.369460 0.369578 0.369721 0.369811 0.369876 0.369880 0.369881 0.369878 0.369886 0.369894 0.369895 0.369915 0.369945 0.369964 0.369967 0.369948 0.369895 0.369777 0.369609 0.369444 0.369306 0.369272 0.369274 0.369254 0.368704 0.367178 0.363248 0.358539 0.353517 0.349776 0.345308 0.340742 0.328161 0.319056 0.297661 0.267290 0.244613 0.257753 0.248035 0.240587 0.232136 0.222811 0.215889 0.210052 0.204283 0.203445 0.203401 0.202316 0.201920 0.200781
0.369659 0.369748 0.369841 0.369914 0.369964 0.369993 0.370000 0.370000 0.370000 0.370000 0.369999 0.369999 0.370000 0.370000 0.370000 0.370000 0.370000 0.370000 0.370000 0.370000 0.370000 0.370000 0.370000 0.370000 0.370000 0.370000 0.370000 0.370000 0.370000 0.370000 0.370000 0.369998 0.369993 0.369989 0.369986 0.369985 0.369983 0.369971 0.369908 0.369627 0.368884 0.367793 0.366570 0.365405 0.364429 0.363488 0.361557 0.356995 0.347584 0.336439 0.330849 0.326697 0.318726 0.298794 0.273530 0.255640 0.235862 0.221162 0.213882 0.212502 0.211218 0.209620 0.207347
0.370000 0.370000 0.370000 0.370000 0.370000 0.370000 0.370000 0.370000 0.370000 0.370000 0.370000 0.370000 0.370000 0.370000 0.370000 0.370000 0.370000 0.370000 0.370000 0.370000 0.370000 0.370000 0.370000 0.370000 0.370000 0.370000 0.370000 0.370000 0.370000 0.370000 0.370000 0.370000 0.370000 0.370000 0.370000 0.370000 0.370000 0.370000 0.370000 0.369998 0.369977 0.369892 0.369769 0.369676 0.369600 0.369524 0.369270 0.368698 0.367515 0.364853 0.359798 0.357562 0.354068 0.347538 0.341205 0.336239 0.323471 0.299905 0.272600 0.259285 0.243537 0.231907 0.225264
0.370000 0.370000 0.370000 0.370000 0.370000 0.370000 0.370000 0.370000 0.370000 0.370000 0.370000 0.370000 0.370000 0.370000 0.370000 0.370000 0.370000 0.370000 0.370000 0.370000 0.370000 0.370000 0.370000 0.370000 0.370000 0.370000 0.370000 0.370000 0.370000 0.370000 0.370000 0.370000 0.370000 0.370000 0.370000 0.370000 0.370000 0.370000 0.370000 0.370000 0.370000 0.370000 0.369998 0.369995 0.369995 0.369993 0.369989 0.369958 0.369858 0.369530 0.368651 0.367738 0.366933 0.366223 0.365337 0.363879 0.358873 0.350708 0.341503 0.334076 0.322706 0.305201 0.283033
0.370000 0.370000 0.370000 0.370000 0.370000 0.370000 0.370000 0.370000 0.370000 0.370000 0.370000 0.370000 0.370000 0.370000 0.370000 0.370000 0.370000 0.370000 0.370000 0.370000 0.370000 0.370000 0.370000 0.370000 0.370000 0.370000 0.370000 0.370000 0.370000 0.370000 0.370000 0.370000 0.370000 0.370000 0.370000 0.370000 0.370000 0.370000 0.370000 0.370000 0.370000 0.370000 0.370000 0.370000 0.370000 0.370000 0.370000 0.370000 0.369998 0.369988 0.369936 0.369790 0.369695 0.369616 0.369492 0.369316 0.368368 0.366433 0.363128 0.359206 0.354146 0.347713 0.340155
0.370000 0.370000 0.370000 0.370000 0.370000 0.370000 0.370000 0.370000 0.370000 0.370000 0.370000 0.370000 0.370000 0.370000 0.370000 0.369999 0.369999 0.370000 0.370000 0.370000 0.370000 0.370000 0.370000 0.370000 0.369999 0.369999 0.369999 0.370000 0.370000 0.370000 0.370000 0.370000 0.370000 0.370000 0.370000 0.370000 0.370000 0.370000 0.370000 0.370000 0.370000 0.370000 0.370000 0.370000 0.370000 0.370000 0.370000 0.370000 0.370000 0.370000 0.370000 0.369998 0.369994 0.369991 0.369983 0.369975 0.369907 0.369650 0.368999 0.367813 0.366013 0.363674 0.360487
0.370000 0.370000 0.370000 0.370000 0.370000 0.370000 0.370000 0.370000 0.370000 0.370000 0.370000 0.369999 0.369995 0.369983 0.369960 0.369949 0.369937 0.369930 0.369956 0.369978 0.369984 0.369970 0.369955 0.369921 0.369893 0.369883 0.369891 0.369926 0.369967 0.369986 0.369986 0.369978 0.369967 0.369961 0.369960 0.369977 0.369995 0.369999 0.370000 0.370000 0.370000 0.370000 0.370000 0.370000 0.370000 0.370000 0.370000 0.370000 0.370000 0.370000 0.370000 0.370000 0.370000 0.370000 0.370000 0.370000 0.369998 0.369983 0.369926 0.369753 0.369449 0.369009 0.368106
0.370000 0.370000 0.369999 0.369998 0.369994 0.369985 0.369968 0.369961 0.369959 0.369962 0.369937 0.369894 0.369766 0.369585 0.369315 0.369120 0.368963 0.368803 0.369031 0.369393 0.369543 0.369268 0.369027 0.368607 0.368351 0.368219 0.368265 0.368625 0.369262 0.369576 0.369648 0.369543 0.369432 0.369379 0.369386 0.369501 0.369730 0.369881 0.369952 0.369979 0.369991 0.369996 0.369998 0.370000 0.370000 0.370000 0.370000 0.370000 0.370000 0.370000 0.370000 0.370000 0.370000 0.370000 0.370000 0.370000 0.370000 0.370000 0.369999 0.369988 0.369961 0.369901 0.369793
0.369978 0.369970 0.369950 0.369749 0.369564 0.369260 0.368893 0.368743 0.368506 0.368391 0.367968 0.367557 0.366780 0.365488 0.363776 0.361949 0.361307 0.360711 0.360149 0.361733 0.362352 0.361905 0.360834 0.359595 0.358881 0.358423 0.359072 0.361103 0.362823 0.364201 0.364734 0.364138 0.364663 0.365216 0.365244 0.366531 0.367507 0.368405 0.369107 0.369546 0.369705 0.369796 0.369871 0.369936 0.369975 0.369993 0.369999 0.370000 0.370000 0.370000 0.370000 0.370000 0.370000 0.370000 0.370000 0.370000 0.370000 0.370000 0.370000 0.370000 0.370000 0.369998 0.369992
0.369725 0.369659 0.369114 0.367490 0.365252 0.363413 0.360720 0.359262 0.357830 0.353514 0.350264 0.347922 0.348108 0.344703 0.339544 0.334996 0.332949 0.331608 0.328451 0.327438 0.328672 0.331566 0.329059 0.327581 0.328304 0.327434 0.326827 0.329921 0.334519 0.337062 0.339598 0.341925 0.343293 0.345196 0.351481 0.354813 0.357672 0.360988 0.363836 0.366030 0.367339 0.368009 0.368597 0.369165 0.369508 0.369770 0.369915 0.369980 0.369996 0.369999 0.370000 0.370000 0.370000 0.370000 0.370000 0.370000 0.370000 0.370000 0.370000 0.370000 0.370000 0.370000 0.370000
0.366737 0.365850 0.361357 0.354136 0.346006 0.339550 0.331943 0.326780 0.316689 0.296131 0.280406 0.280112 0.283991 0.279363 0.266945 0.256850 0.250385 0.244341 0.237027 0.232971 0.236722 0.240827 0.240866 0.240719 0.242146 0.242032 0.241604 0.241957 0.249273 0.255025 0.261622 0.267598 0.273461 0.294169 0.313114 0.323813 0.332225 0.339236 0.346514 0.352951 0.357220 0.359810 0.362467 0.364713 0.366522 0.367871 0.368908 0.369554 0.369808 0.369898 0.369948 0.369978 0.369995 0.369999 0.370000 0.370000 0.370000 0.370000 0.370000 0.370000 0.370000 0.370000 0.370000
0.351246 0.343304 0.330533 0.313716 0.290037 0.268319 0.251557 0.238874 0.227186 0.218023 0.212728 0.215658 0.217403 0.220147 0.215656 0.212113 0.211142 0.207959 0.205163 0.201653 0.204393 0.205789 0.209216 0.209009 0.209170 0.210698 0.209970 0.209676 0.207619 0.210070 0.211674 0.213700 0.220528 0.228036 0.237186 0.247010 0.260357 0.279279 0.302269 0.321269 0.332785 0.339653 0.345850 0.351784 0.356249 0.359828 0.363145 0.365961 0.367605 0.368483 0.369119 0.369478 0.369783 0.369937 0.369986 0.369999 0.370000 0.370000 0.370000 0.370000 0.370000 0.370000 0.370000
0.283229 0.260108 0.236566 0.225354 0.219113 0.213314 0.209222 0.206116 0.201496 0.198306 0.193811 0.195496 0.197917 0.201378 0.198611 0.198144 0.198642 0.196909 0.195080 0.192246 0.192722 0.195060 0.197881 0.197869 0.198487 0.200096 0.200128 0.198829 0.196304 0.196972 0.198729 0.200516 0.203991 0.207443 0.211028 0.214396 0.219284 0.225661 0.233875 0.246589 0.264954 0.282469 0.305259 0.323985 0.333717 0.338792 0.344412 0.351892 0.356354 0.360213 0.363281 0.365172 0.367436 0.368901 0.369675 0.369933 0.369990 0.369998 0.370000 0.370000 0.370000 0.370000 0.370000
0.210676 0.204419 0.201945 0.199761 0.197484 0.195591 0.193592 0.191824 0.190378 0.188196 0.184138 0.185828 0.188224 0.190933 0.191050 0.190750 0.190946 0.190275 0.188370 0.185156 0.186554 0.188605 0.190492 0.191136 0.191540 0.192698 0.191881 0.190170 0.187796 0.188853 0.190793 0.191953 0.193456 0.195680 0.198091 0.200574 0.203533 0.206691 0.211030 0.216234 0.222642 0.230413 0.240643 0.255550 0.266851 0.280164 0.294292 0.312581 0.325623 0.334373 0.342406 0.349699 0.356932 0.363305 0.367053 0.368869 0.369641 0.369867 0.369948 0.369982 0.369997 0.370000 0.370000
0.197762 0.194488 0.192484 0.191020 0.191633 0.190920 0.188962 0.188973 0.187918 0.184694 0.185843 0.186768 0.189403 0.188941 0.188809 0.188185 0.188598 0.188168 0.185071 0.186664 0.187378 0.189261 0.189660 0.190114 0.190452 0.190812 0.190446 0.188218 0.188697 0.189331 0.191097 0.191255 0.192082 0.194236 0.195043 0.196516 0.198594 0.200885 0.203680 0.207162 0.212019 0.217171 0.222268 0.224315 0.228116 0.231509 0.229728 0.237752 0.247639 0.260742 0.282278 0.306451 0.326353 0.341594 0.354152 0.362203 0.366359 0.368537 0.369236 0.369656 0.369873 0.369963 0.369992
0.189473 0.187183 0.184956 0.186063 0.186205 0.186066 0.185625 0.184962 0.183561 0.185214 0.185413 0.185280 0.185125 0.185135 0.185362 0.185054 0.184874 0.184978 0.186252 0.186450 0.186087 0.186624 0.187060 0.187544 0.187079 0.187233 0.187298 0.187776 0.187736 0.187429 0.188294 0.188627 0.188986 0.189927 0.190659 0.191588 0.193235 0.194644 0.196452 0.199456 0.203191 0.205955 0.206572 0.208598 0.209530 0.208022 0.206711 0.209344 0.212347 0.215205 0.221903 0.230320 0.243534 0.281648 0.321350 0.340546 0.352149 0.359975 0.364307 0.366850 0.368324 0.369328 0.369737
0.186816 0.184939 0.184533 0.185377 0.185436 0.185381 0.184298 0.183297 0.184294 0.184663 0.184590 0.184184 0.184628 0.184820 0.185392 0.184862 0.184603 0.184767 0.184924 0.184877 0.185323 0.185670 0.185976 0.187377 0.186698 0.186672 0.187167 0.186988 0.186866 0.186541 0.187501 0.187903 0.188095 0.189011 0.189637 0.190344 0.191352 0.192954 0.195852 0.198253 0.201368 0.204386 0.205065 0.205575 0.204927 0.204177 0.201173 0.201129 0.204216 0.203802 0.206449 0.211102 0.212400 0.224744 0.248219 0.277245 0.312375 0.332388 0.348247 0.355589 0.361507 0.365477 0.367793
0.184182 0.184255 0.183364 0.183548 0.183433 0.182882 0.182220 0.182981 0.182922 0.182846 0.182896 0.182660 0.183068 0.183400 0.183739 0.183562 0.183537 0.182986 0.182999 0.183618 0.183716 0.184129 0.184965 0.186078 0.185440 0.185343 0.185396 0.185178 0.185234 0.184877 0.185667 0.186299 0.186534 0.187598 0.188161 0.187883 0.189223 0.191428 0.193735 0.195465 0.198043 0.201948 0.200992 0.200906 0.201316 0.198808 0.195838 0.195656 0.196580 0.195938 0.197927 0.199384 0.199691 0.205391 0.210960 0.218502 0.232283 0.262879 0.306774 0.328508 0.341765 0.351860 0.358465
