tests/Borden05m/data_simulated/sim_1/output-maps/thetaliqL0007N0017.asc
ncols         160
nrows         34
xllcorner     620200.000000
yllcorner     5168000.000000
cellsize      0.500000
NODATA_value  -9999.0
[rows 0 to 27 of 34, columns 63 to 125 of 160]
-9999.0 -9999.0 -9999.0 -9999.0 -9999.0 -9999.0 -9999.0 -9999.0 -9999.0 -9999.0 -9999.0 -9999.0 -9999.0 -9999.0 -9999.0 -9999.0 -9999.0 -9999.0 -9999.0 -9999.0 -9999.0 -9999.0 -9999.0 -9999.0 -9999.0 -9999.0 -9999.0 -9999.0 -9999.0 -9999.0 -9999.0 -9999.0 -9999.0 -9999.0 -9999.0 -9999.0 -9999.0 -9999.0 -9999.0 -9999.0 -9999.0 -9999.0 -9999.0 -9999.0 -9999.0 -9999.0 -9999.0 -9999.0 -9999.0 -9999.0 -9999.0 -9999.0 -9999.0 -9999.0 -9999.0 -9999.0 -9999.0 -9999.0 -9999.0 -9999.0 -9999.0 -9999.0 -9999.0
0.318794 0.312896 0.307015 0.304199 0.303494 0.302815 0.302489 0.306140 0.311403 0.316244 0.320648 0.322024 0.323421 0.324755 0.325051 0.324286 0.322381 0.320411 0.318318 0.317405 0.312019 0.304234 0.297791 0.295747 0.299044 0.302292 0.304094 0.308372 0.315564 0.322293 0.327231 0.333390 0.336048 0.338466 0.339961 0.338227 0.336649 0.334979 0.332784 0.327049 -9999.0 -9999.0 -9999.0 -9999.0 -9999.0 -9999.0 -9999.0 -9999.0 -9999.0 -9999.0 -9999.0 -9999.0 -9999.0 -9999.0 -9999.0 -9999.0 -9999.0 -9999.0 -9999.0 -9999.0 -9999.0 -9999.0 -9999.0
0.308571 0.302387 0.298397 0.294291 0.293007 0.292901 0.292870 0.295938 0.302913 0.308363 0.311521 0.313057 0.314600 0.314738 0.314423 0.314138 0.312234 0.309954 0.307640 0.306396 0.306306 0.300965 0.297151 0.294787 0.294008 0.295805 0.297485 0.299590 0.306438 0.312091 0.317477 0.325813 0.332374 0.334987 0.333896 0.331417 0.329567 0.326239 0.320749 0.314347 0.307373 0.302390 0.298637 0.295019 0.299528 0.304050 0.311140 0.317783 0.324957 0.331533 -9999.0 -9999.0 -9999.0 -9999.0 -9999.0 -9999.0 -9999.0 -9999.0 -9999.0 -9999.0 -9999.0 -9999.0 -9999.0
0.300028 0.297171 0.293598 0.290633 0.296189 0.297020 0.297820 0.300065 0.302512 0.303901 0.305803 0.309376 0.315180 0.316805 0.317099 0.317150 0.315989 0.313992 0.312820 0.310979 0.307488 0.306915 0.307264 0.307393 0.310982 0.311967 0.312736 0.307991 0.310190 0.314347 0.318738 0.323084 0.327186 0.329877 0.328299 0.327589 0.322982 0.314659 0.307086 0.301017 0.299094 0.296894 0.291358 0.282303 0.287621 0.299186 0.302605 0.305352 0.313436 0.321095 0.326938 0.327956 0.327773 0.327573 0.326160 0.318065 0.308641 0.298414 0.284570 -9999.0 -9999.0 -9999.0 -9999.0
0.301975 0.299745 0.298858 0.308005 0.314319 0.315381 0.317178 0.319161 0.318181 0.310078 0.308196 0.313911 0.320506 0.324045 0.324135 0.324126 0.323358 0.322735 0.322369 0.320872 0.321625 0.323265 0.323927 0.326993 0.330107 0.331504 0.326666 0.321217 0.321373 0.325764 0.330078 0.333930 0.339236 0.344259 0.343723 0.341285 0.337263 0.330372 0.316782 0.303447 0.295997 0.291311 0.286195 0.285444 0.284023 0.291959 0.293412 0.294746 0.301144 0.308359 0.314994 0.318601 0.318339 0.318051 0.316573 0.310514 0.300424 0.289641 0.276963 0.256746 0.233686 0.212046 0.211419
0.307184 0.309736 0.318588 0.326996 0.335210 0.336611 0.337878 0.337774 0.332855 0.327209 0.324578 0.332874 0.340379 0.343959 0.344493 0.344996 0.348244 0.347441 0.346292 0.344044 0.345118 0.346530 0.350826 0.353231 0.355120 0.354591 0.351050 0.347235 0.346340 0.346859 0.347420 0.349459 0.352903 0.355850 0.354558 0.352168 0.348367 0.335895 0.320048 0.308695 0.309131 0.309409 0.306318 0.304111 0.301371 0.295701 0.295419 0.295082 0.294782 0.303456 0.311721 0.313979 0.310072 0.307687 0.306131 0.299938 0.291972 0.280366 0.266963 0.251774 0.228851 0.222975 0.216910
0.336057 0.340127 0.345969 0.352776 0.359261 0.360335 0.361276 0.362105 0.360155 0.357428 0.354246 0.358125 0.360299 0.362136 0.362931 0.364730 0.365960 0.365441 0.364352 0.363053 0.364052 0.365860 0.367254 0.367730 0.367950 0.367990 0.367360 0.366903 0.366568 0.366480 0.366030 0.366257 0.367245 0.368232 0.368220 0.367414 0.365089 0.358869 0.348185 0.338123 0.339351 0.336155 0.332995 0.330365 0.322056 0.314536 0.314045 0.307568 0.303080 0.310774 0.314667 0.315847 0.311872 0.315306 0.310111 0.297546 0.284375 0.271892 0.260100 0.247937 0.241763 0.234125 0.228010
0.357449 0.359729 0.363347 0.366538 0.368431 0.369044 0.369317 0.369523 0.369392 0.369144 0.368822 0.369009 0.369384 0.369638 0.369794 0.369894 0.369945 0.369926 0.369883 0.369868 0.369896 0.369959 0.369984 0.369990 0.369992 0.369994 0.369991 0.369984 0.369971 0.369951 0.369923 0.369900 0.369954 0.369980 0.369976 0.369902 0.369663 0.368714 0.365996 0.360535 0.358674 0.358036 0.357180 0.352428 0.346493 0.337666 0.331400 0.325990 0.316428 0.318898 0.322333 0.328364 0.333412 0.332820 0.323649 0.312637 0.299031 0.284610 0.273073 0.269167 0.264943 0.257101 0.251877
0.369736 0.369810 0.369909 0.369984 0.369999 0.370000 0.370000 0.370000 0.370000 0.370000 0.370000 0.370000 0.370000 0.370000 0.370000 0.370000 0.370000 0.370000 0.370000 0.370000 0.370000 0.370000 0.370000 0.370000 0.370000 0.370000 0.370000 0.370000 0.370000 0.370000 0.370000 0.370000 0.370000 0.370000 0.370000 0.370000 0.370000 0.369999 0.369986 0.369896 0.369677 0.369633 0.369303 0.368597 0.367014 0.362149 0.357485 0.352146 0.340134 0.337336 0.342109 0.347592 0.349841 0.343546 0.335719 0.325189 0.311806 0.297067 0.291711 0.290367 0.287740 0.283028 0.280716
0.370000 0.370000 0.370000 0.370000 0.370000 0.370000 0.370000 0.370000 0.370000 0.370000 0.370000 0.370000 0.370000 0.370000 0.370000 0.370000 0.370000 0.370000 0.370000 0.370000 0.370000 0.370000 0.370000 0.370000 0.370000 0.370000 0.370000 0.370000 0.370000 0.370000 0.370000 0.370000 0.370000 0.370000 0.370000 0.370000 0.370000 0.370000 0.370000 0.370000 0.370000 0.370000 0.370000 0.369997 0.369937 0.369543 0.368323 0.365877 0.361287 0.359550 0.363775 0.366463 0.365307 0.363442 0.359865 0.353040 0.343519 0.330731 0.325880 0.323441 0.319512 0.314986 0.310505
0.370000 0.370000 0.370000 0.370000 0.370000 0.370000 0.370000 0.370000 0.370000 0.370000 0.370000 0.370000 0.370000 0.370000 0.370000 0.370000 0.370000 0.370000 0.370000 0.370000 0.370000 0.370000 0.370000 0.370000 0.370000 0.370000 0.370000 0.370000 0.370000 0.370000 0.370000 0.370000 0.370000 0.370000 0.370000 0.370000 0.370000 0.370000 0.370000 0.370000 0.370000 0.370000 0.370000 0.370000 0.370000 0.370000 0.370000 0.369998 0.369975 0.369877 0.369968 0.369943 0.369877 0.369679 0.369016 0.367490 0.364492 0.359303 0.356002 0.353787 0.350788 0.347976 0.344057
0.370000 0.370000 0.370000 0.370000 0.370000 0.370000 0.370000 0.370000 0.370000 0.370000 0.370000 0.370000 0.370000 0.370000 0.370000 0.370000 0.370000 0.370000 0.370000 0.370000 0.370000 0.370000 0.370000 0.370000 0.370000 0.370000 0.370000 0.370000 0.370000 0.370000 0.370000 0.370000 0.370000 0.370000 0.370000 0.370000 0.370000 0.370000 0.370000 0.370000 0.370000 0.370000 0.370000 0.370000 0.370000 0.370000 0.370000 0.370000 0.370000 0.370000 0.370000 0.370000 0.370000 0.370000 0.369995 0.369966 0.369769 0.369020 0.367792 0.366878 0.365782 0.364232 0.361900
0.370000 0.370000 0.370000 0.370000 0.370000 0.370000 0.370000 0.370000 0.370000 0.370000 0.370000 0.370000 0.370000 0.370000 0.370000 0.370000 0.370000 0.370000 0.370000 0.370000 0.370000 0.370000 0.370000 0.370000 0.370000 0.370000 0.370000 0.370000 0.370000 0.370000 0.370000 0.370000 0.370000 0.370000 0.370000 0.370000 0.370000 0.370000 0.370000 0.370000 0.370000 0.370000 0.370000 0.370000 0.370000 0.370000 0.370000 0.370000 0.370000 0.370000 0.370000 0.370000 0.370000 0.370000 0.370000 0.370000 0.370000 0.370000 0.369994 0.369979 0.369912 0.369716 0.369325
0.370000 0.370000 0.370000 0.370000 0.370000 0.370000 0.370000 0.370000 0.370000 0.370000 0.370000 0.370000 0.370000 0.370000 0.370000 0.370000 0.370000 0.370000 0.370000 0.370000 0.370000 0.370000 0.370000 0.370000 0.370000 0.370000 0.370000 0.370000 0.370000 0.370000 0.370000 0.370000 0.370000 0.370000 0.370000 0.370000 0.370000 0.370000 0.370000 0.370000 0.370000 0.370000 0.370000 0.370000 0.370000 0.370000 0.370000 0.370000 0.370000 0.370000 0.370000 0.370000 0.370000 0.370000 0.370000 0.370000 0.370000 0.370000 0.370000 0.370000 0.370000 0.370000 0.369999
0.370000 0.370000 0.370000 0.370000 0.370000 0.370000 0.370000 0.370000 0.370000 0.370000 0.370000 0.370000 0.370000 0.370000 0.370000 0.370000 0.370000 0.370000 0.370000 0.370000 0.370000 0.370000 0.370000 0.370000 0.370000 0.370000 0.370000 0.370000 0.370000 0.370000 0.370000 0.370000 0.370000 0.370000 0.370000 0.370000 0.370000 0.370000 0.370000 0.370000 0.370000 0.370000 0.370000 0.370000 0.370000 0.370000 0.370000 0.370000 0.370000 0.370000 0.370000 0.370000 0.370000 0.370000 0.370000 0.370000 0.370000 0.370000 0.370000 0.370000 0.370000 0.370000 0.370000
0.370000 0.370000 0.370000 0.370000 0.370000 0.370000 0.370000 0.370000 0.370000 0.370000 0.370000 0.370000 0.370000 0.370000 0.370000 0.370000 0.370000 0.370000 0.370000 0.370000 0.370000 0.370000 0.370000 0.370000 0.370000 0.370000 0.370000 0.370000 0.370000 0.370000 0.370000 0.370000 0.370000 0.370000 0.370000 0.370000 0.370000 0.370000 0.370000 0.370000 0.370000 0.370000 0.370000 0.370000 0.370000 0.370000 0.370000 0.370000 0.370000 0.370000 0.370000 0.370000 0.370000 0.370000 0.370000 0.370000 0.370000 0.370000 0.370000 0.370000 0.370000 0.370000 0.370000
0.370000 0.370000 0.370000 0.370000 0.370000 0.370000 0.370000 0.370000 0.370000 0.370000 0.370000 0.370000 0.370000 0.370000 0.370000 0.370000 0.370000 0.370000 0.370000 0.370000 0.370000 0.370000 0.370000 0.370000 0.370000 0.370000 0.370000 0.370000 0.370000 0.370000 0.370000 0.370000 0.370000 0.370000 0.370000 0.370000 0.370000 0.370000 0.370000 0.370000 0.370000 0.370000 0.370000 0.370000 0.370000 0.370000 0.370000 0.370000 0.370000 0.370000 0.370000 0.370000 0.370000 0.370000 0.370000 0.370000 0.370000 0.370000 0.370000 0.370000 0.370000 0.370000 0.370000
0.370000 0.370000 0.370000 0.370000 0.370000 0.370000 0.370000 0.370000 0.370000 0.370000 0.370000 0.370000 0.370000 0.370000 0.370000 0.370000 0.370000 0.370000 0.370000 0.370000 0.370000 0.370000 0.370000 0.370000 0.370000 0.370000 0.370000 0.370000 0.370000 0.370000 0.370000 0.370000 0.370000 0.370000 0.370000 0.370000 0.370000 0.370000 0.370000 0.370000 0.370000 0.370000 0.370000 0.370000 0.370000 0.370000 0.370000 0.370000 0.370000 0.370000 0.370000 0.370000 0.370000 0.370000 0.370000 0.370000 0.370000 0.370000 0.370000 0.370000 0.370000 0.370000 0.370000
0.370000 0.370000 0.370000 0.370000 0.370000 0.370000 0.370000 0.370000 0.370000 0.370000 0.370000 0.370000 0.370000 0.370000 0.370000 0.370000 0.370000 0.370000 0.370000 0.370000 0.370000 0.370000 0.370000 0.370000 0.370000 0.370000 0.370000 0.370000 0.370000 0.370000 0.370000 0.370000 0.370000 0.370000 0.370000 0.370000 0.370000 0.370000 0.370000 0.370000 0.370000 0.370000 0.370000 0.370000 0.370000 0.370000 0.370000 0.370000 0.370000 0.370000 0.370000 0.370000 0.370000 0.370000 0.370000 0.370000 0.370000 0.370000 0.370000 0.370000 0.370000 0.370000 0.370000
0.370000 0.370000 0.370000 0.370000 0.370000 0.370000 0.370000 0.370000 0.370000 0.370000 0.370000 0.370000 0.370000 0.370000 0.370000 0.370000 0.370000 0.370000 0.370000 0.370000 0.370000 0.370000 0.370000 0.370000 0.370000 0.370000 0.370000 0.370000 0.370000 0.370000 0.370000 0.370000 0.370000 0.370000 0.370000 0.370000 0.370000 0.370000 0.370000 0.370000 0.370000 0.370000 0.370000 0.370000 0.370000 0.370000 0.370000 0.370000 0.370000 0.370000 0.370000 0.370000 0.370000 0.370000 0.370000 0.370000 0.370000 0.370000 0.370000 0.370000 0.370000 0.370000 0.370000
0.370000 0.370000 0.370000 0.370000 0.370000 0.370000 0.370000 0.370000 0.370000 0.369999 0.369995 0.369995 0.369997 0.369996 0.369986 0.369966 0.369935 0.369874 0.369747 0.369621 0.369721 0.369808 0.369841 0.369855 0.369877 0.369884 0.369878 0.369872 0.369922 0.369955 0.369977 0.369988 0.369995 0.370000 0.370000 0.370000 0.370000 0.370000 0.370000 0.370000 0.370000 0.370000 0.370000 0.370000 0.370000 0.370000 0.370000 0.370000 0.370000 0.370000 0.370000 0.370000 0.370000 0.370000 0.370000 0.370000 0.370000 0.370000 0.370000 0.370000 0.370000 0.370000 0.370000
0.370000 0.370000 0.370000 0.370000 0.369998 0.369987 0.369937 0.369761 0.369187 0.367919 0.366368 0.366822 0.367300 0.367801 0.366809 0.365497 0.364517 0.362319 0.359589 0.356437 0.358395 0.360363 0.362891 0.363393 0.363832 0.364580 0.364413 0.364213 0.363565 0.364852 0.366022 0.367212 0.368718 0.369503 0.369839 0.369951 0.369989 0.369999 0.370000 0.370000 0.370000 0.370000 0.370000 0.370000 0.370000 0.370000 0.370000 0.370000 0.370000 0.370000 0.370000 0.370000 0.370000 0.370000 0.370000 0.370000 0.370000 0.370000 0.370000 0.370000 0.370000 0.370000 0.370000
0.369993 0.369943 0.369600 0.368951 0.367845 0.365692 0.362471 0.357894 0.349845 0.340226 0.328584 0.330565 0.336485 0.342342 0.338665 0.336118 0.334218 0.327922 0.319920 0.311313 0.313775 0.322758 0.331820 0.334989 0.337857 0.341094 0.341103 0.338446 0.334680 0.337487 0.343320 0.349320 0.356040 0.361229 0.364776 0.366987 0.368516 0.369396 0.369805 0.369957 0.369994 0.369999 0.370000 0.370000 0.370000 0.370000 0.370000 0.370000 0.370000 0.370000 0.370000 0.370000 0.370000 0.370000 0.370000 0.370000 0.370000 0.370000 0.370000 0.370000 0.370000 0.370000 0.370000
0.365005 0.359573 0.353663 0.346477 0.337895 0.327722 0.314971 0.301076 0.286006 0.268553 0.251979 0.256203 0.267227 0.277527 0.278681 0.276190 0.273662 0.267104 0.256072 0.246055 0.252563 0.265211 0.277502 0.284961 0.289943 0.294650 0.292597 0.286461 0.280821 0.286762 0.298074 0.308645 0.320239 0.332350 0.342515 0.350659 0.357241 0.362105 0.365720 0.367987 0.369207 0.369741 0.369933 0.369987 0.369996 0.369999 0.370000 0.370000 0.370000 0.370000 0.370000 0.370000 0.370000 0.370000 0.370000 0.370000 0.370000 0.370000 0.370000 0.370000 0.370000 0.370000 0.370000
0.333346 0.315502 0.298284 0.284256 0.275709 0.263499 0.247413 0.236016 0.222336 0.206868 0.205247 0.208312 0.218248 0.220492 0.221069 0.218701 0.217800 0.213851 0.204468 0.208285 0.214383 0.226326 0.235254 0.242784 0.247951 0.251403 0.250744 0.244587 0.246442 0.252412 0.264374 0.273922 0.286042 0.301535 0.313452 0.325396 0.336866 0.346544 0.354479 0.360580 0.364946 0.367429 0.368696 0.369184 0.369522 0.369690 0.369700 0.369872 0.369955 0.369988 0.369999 0.370000 0.370000 0.370000 0.370000 0.370000 0.370000 0.370000 0.370000 0.370000 0.370000 0.370000 0.370000
0.264448 0.240257 0.220169 0.212353 0.204262 0.195697 0.186221 0.177147 0.168951 0.168227 0.166898 0.166890 0.168377 0.170246 0.171740 0.171089 0.170400 0.170568 0.173660 0.176308 0.179894 0.187083 0.194804 0.202047 0.205062 0.208170 0.210129 0.212252 0.214120 0.217579 0.226647 0.236060 0.246947 0.260856 0.274796 0.289425 0.305462 0.319997 0.333319 0.345170 0.354161 0.359337 0.361582 0.363469 0.364353 0.364165 0.363997 0.365428 0.366949 0.368069 0.369158 0.369721 0.369933 0.369998 0.370000 0.370000 0.370000 0.370000 0.370000 0.370000 0.370000 0.370000 0.370000
0.203296 0.184373 0.172324 0.166247 0.160451 0.154808 0.147937 0.142659 0.141453 0.140453 0.139552 0.138943 0.140471 0.142110 0.144038 0.143794 0.143890 0.145052 0.147047 0.149775 0.154353 0.160193 0.166899 0.175425 0.178163 0.181062 0.184541 0.186215 0.188246 0.191203 0.199326 0.207926 0.217445 0.230836 0.245024 0.260596 0.278337 0.297504 0.317180 0.332217 0.344082 0.351782 0.354621 0.356081 0.356010 0.354925 0.351996 0.352445 0.356143 0.357807 0.361413 0.365115 0.367122 0.369340 0.369945 0.369997 0.370000 0.370000 0.370000 0.370000 0.370000 0.370000 0.370000
0.158037 0.148265 0.139312 0.134141 0.130066 0.126364 0.123269 0.122318 0.121299 0.120655 0.120243 0.119796 0.120630 0.121988 0.123365 0.123972 0.124835 0.125773 0.127870 0.131209 0.134678 0.139709 0.146347 0.153604 0.156660 0.159550 0.162559 0.164671 0.167039 0.169405 0.175835 0.183443 0.191381 0.203955 0.217939 0.232727 0.253627 0.277412 0.299713 0.316957 0.331433 0.342651 0.344295 0.345120 0.345144 0.340198 0.333488 0.331425 0.333630 0.334902 0.340110 0.346321 0.351898 0.360601 0.365979 0.368690 0.369772 0.369990 0.370000 0.370000 0.370000 0.370000 0.370000
