tests/Borden05m/data_simulated/sim_1/output-maps/thetaliqL0004N0013.asc
ncols         160
nrows         34
xllcorner     620200.000000
yllcorner     5168000.000000
cellsize      0.500000
NODATA_value  -9999.0
[rows 0 to 27 of 34, columns 63 to 125 of 160]
-9999.0 -9999.0 -9999.0 -9999.0 -9999.0 -9999.0 -9999.0 -9999.0 -9999.0 -9999.0 -9999.0 -9999.0 -9999.0 -9999.0 -9999.0 -9999.0 -9999.0 -9999.0 -9999.0 -9999.0 -9999.0 -9999.0 -9999.0 -9999.0 -9999.0 -9999.0 -9999.0 -9999.0 -9999.0 -9999.0 -9999.0 -9999.0 -9999.0 -9999.0 -9999.0 -9999.0 -9999.0 -9999.0 -9999.0 -9999.0 -9999.0 -9999.0 -9999.0 -9999.0 -9999.0 -9999.0 -9999.0 -9999.0 -9999.0 -9999.0 -9999.0 -9999.0 -9999.0 -9999.0 -9999.0 -9999.0 -9999.0 -9999.0 -9999.0 -9999.0 -9999.0 -9999.0 -9999.0
0.190990 0.188628 0.185987 0.185445 0.185651 0.185203 0.184285 0.185700 0.187606 0.189288 0.191477 0.191244 0.191584 0.192401 0.192612 0.192220 0.191199 0.190473 0.189651 0.190455 0.187509 0.183646 0.180705 0.180071 0.182434 0.183924 0.183803 0.185294 0.188458 0.191268 0.192502 0.195876 0.195840 0.197244 0.199192 0.197557 0.197017 0.197007 0.197227 0.192867 -9999.0 -9999.0 -9999.0 -9999.0 -9999.0 -9999.0 -9999.0 -9999.0 -9999.0 -9999.0 -9999.0 -9999.0 -9999.0 -9999.0 -9999.0 -9999.0 -9999.0 -9999.0 -9999.0 -9999.0 -9999.0 -9999.0 -9999.0
0.184888 0.181837 0.180922 0.178722 0.177807 0.177573 0.176789 0.177579 0.181242 0.183898 0.184780 0.184414 0.184297 0.183592 0.183065 0.183196 0.182248 0.181337 0.180388 0.180527 0.182526 0.179763 0.178304 0.176969 0.175661 0.176243 0.176743 0.177048 0.180523 0.182113 0.183376 0.188248 0.192768 0.194095 0.192432 0.190472 0.190683 0.190174 0.188080 0.186021 0.185486 0.184436 0.183885 0.182217 0.184703 0.185026 0.188004 0.190610 0.193717 0.198031 -9999.0 -9999.0 -9999.0 -9999.0 -9999.0 -9999.0 -9999.0 -9999.0 -9999.0 -9999.0 -9999.0 -9999.0 -9999.0
0.180442 0.179374 0.177257 0.174208 0.177738 0.177345 0.177087 0.177800 0.179003 0.179522 0.180142 0.181152 0.184470 0.184386 0.184150 0.184293 0.183688 0.182599 0.182580 0.181931 0.179280 0.179602 0.180198 0.179678 0.182294 0.182511 0.183916 0.179404 0.180256 0.181590 0.182680 0.183591 0.184637 0.185791 0.183810 0.185031 0.183122 0.179164 0.177799 0.177667 0.180206 0.181414 0.179463 0.173244 0.176574 0.183661 0.183418 0.182600 0.186321 0.190057 0.194924 0.194482 0.194099 0.194554 0.195201 0.190794 0.187710 0.185325 0.179311 -9999.0 -9999.0 -9999.0 -9999.0
0.180412 0.178201 0.175659 0.181366 0.183940 0.182869 0.183585 0.185230 0.185189 0.178173 0.176371 0.179260 0.182416 0.183827 0.182669 0.182088 0.180911 0.180852 0.181486 0.180672 0.181701 0.182682 0.181640 0.183540 0.185725 0.187646 0.183157 0.179012 0.179264 0.182692 0.185350 0.186935 0.190784 0.196457 0.195584 0.194105 0.192991 0.191538 0.184482 0.178284 0.175755 0.174574 0.172767 0.173972 0.172804 0.178346 0.178049 0.177341 0.180180 0.182600 0.185556 0.187576 0.187264 0.187859 0.188540 0.187020 0.183698 0.181669 0.180109 0.176818 0.171302 0.162157 0.162702
0.175430 0.175675 0.180840 0.184084 0.189191 0.187777 0.188030 0.187814 0.182879 0.178961 0.176501 0.183920 0.190162 0.192414 0.191055 0.189894 0.195083 0.193545 0.192718 0.189530 0.190672 0.190469 0.196218 0.198698 0.201800 0.200637 0.194845 0.189918 0.189551 0.190142 0.189829 0.191463 0.195422 0.200198 0.197010 0.195163 0.194574 0.183963 0.175591 0.172429 0.177153 0.179891 0.179207 0.179536 0.179610 0.175917 0.176728 0.177072 0.175482 0.179975 0.184510 0.185122 0.181457 0.180174 0.181618 0.180853 0.180589 0.178397 0.176026 0.174127 0.165361 0.167657 0.163255
0.187399 0.189604 0.192889 0.198771 0.209353 0.207928 0.208754 0.211883 0.206210 0.200706 0.193075 0.201786 0.204371 0.207613 0.207575 0.214254 0.220208 0.216579 0.211387 0.205352 0.209037 0.217138 0.224967 0.227184 0.228319 0.229486 0.224013 0.222138 0.220827 0.221241 0.217930 0.218420 0.224371 0.234003 0.234949 0.229903 0.219945 0.204847 0.191251 0.183936 0.190914 0.188599 0.187342 0.188201 0.183222 0.180205 0.183764 0.180131 0.177399 0.183270 0.184157 0.183508 0.178896 0.184393 0.183095 0.177924 0.174340 0.172258 0.170616 0.168049 0.169678 0.168184 0.164425
0.195289 0.197696 0.205726 0.217201 0.230841 0.238891 0.245423 0.252242 0.246965 0.240742 0.233687 0.235314 0.243752 0.252177 0.261512 0.272001 0.282931 0.279981 0.273963 0.273113 0.275910 0.288056 0.299158 0.303764 0.306657 0.311520 0.307917 0.301250 0.293271 0.285199 0.277978 0.272588 0.282861 0.293665 0.291689 0.271806 0.254034 0.233819 0.214955 0.196904 0.196785 0.199357 0.201611 0.195103 0.191367 0.185292 0.183632 0.183578 0.177517 0.180677 0.181671 0.185950 0.192018 0.193343 0.187619 0.184036 0.180123 0.176161 0.173133 0.174901 0.175470 0.172763 0.170140
0.260006 0.263269 0.272749 0.297896 0.328960 0.346015 0.354099 0.355264 0.353174 0.349898 0.343461 0.339392 0.345619 0.351013 0.354676 0.356856 0.358533 0.359559 0.359450 0.359455 0.359761 0.360171 0.360879 0.361640 0.362357 0.363122 0.363324 0.362385 0.361375 0.360162 0.358955 0.358606 0.358289 0.359123 0.358993 0.355906 0.348980 0.332706 0.303325 0.275713 0.256132 0.255553 0.245778 0.236858 0.226853 0.207863 0.201892 0.198113 0.183428 0.181902 0.186851 0.193414 0.198062 0.189860 0.185578 0.181562 0.177250 0.172235 0.173737 0.176101 0.176798 0.175804 0.175686
0.353945 0.355265 0.356477 0.360874 0.364780 0.367232 0.368463 0.368792 0.368488 0.368077 0.367493 0.366897 0.366942 0.367693 0.368388 0.368877 0.369123 0.369197 0.369163 0.369166 0.369188 0.369244 0.369278 0.369354 0.369457 0.369600 0.369734 0.369711 0.369523 0.369309 0.368958 0.368755 0.368632 0.368425 0.368392 0.368360 0.367224 0.365312 0.362055 0.357670 0.353395 0.345264 0.332862 0.316882 0.283216 0.252669 0.229286 0.211848 0.195691 0.192844 0.209741 0.225618 0.218208 0.214394 0.208542 0.199504 0.191991 0.183058 0.183726 0.184791 0.183713 0.182398 0.180909
0.368395 0.368613 0.368867 0.369285 0.369745 0.369939 0.369989 0.369993 0.369989 0.369981 0.369964 0.369950 0.369940 0.369952 0.369969 0.369983 0.369991 0.369995 0.369996 0.369996 0.369996 0.369996 0.369997 0.369997 0.369997 0.369999 0.369999 0.370000 0.369999 0.369997 0.369990 0.369981 0.369963 0.369944 0.369938 0.369938 0.369934 0.369851 0.369565 0.368643 0.367360 0.365752 0.364394 0.362674 0.360770 0.355028 0.349571 0.333174 0.302531 0.273505 0.290972 0.278578 0.268178 0.255386 0.239674 0.226958 0.215713 0.204331 0.202381 0.202073 0.199811 0.198841 0.196441
0.369981 0.369988 0.369994 0.369998 0.370000 0.370000 0.370000 0.370000 0.370000 0.370000 0.370000 0.370000 0.370000 0.370000 0.370000 0.370000 0.370000 0.370000 0.370000 0.370000 0.370000 0.370000 0.370000 0.370000 0.370000 0.370000 0.370000 0.370000 0.370000 0.370000 0.370000 0.370000 0.370000 0.370000 0.370000 0.370000 0.370000 0.370000 0.369998 0.369977 0.369882 0.369695 0.369447 0.369187 0.368959 0.368727 0.368200 0.366765 0.363383 0.358921 0.356675 0.354500 0.349387 0.334518 0.310231 0.288796 0.260836 0.236756 0.223542 0.220797 0.218310 0.215141 0.210601
0.370000 0.370000 0.370000 0.370000 0.370000 0.370000 0.370000 0.370000 0.370000 0.370000 0.370000 0.370000 0.370000 0.370000 0.370000 0.370000 0.370000 0.370000 0.370000 0.370000 0.370000 0.370000 0.370000 0.370000 0.370000 0.370000 0.370000 0.370000 0.370000 0.370000 0.370000 0.370000 0.370000 0.370000 0.370000 0.370000 0.370000 0.370000 0.370000 0.370000 0.370000 0.369997 0.369989 0.369982 0.369975 0.369968 0.369940 0.369862 0.369655 0.369083 0.367794 0.367166 0.366036 0.363651 0.361079 0.358929 0.352542 0.335472 0.309013 0.293222 0.272314 0.255137 0.244130
0.370000 0.370000 0.370000 0.370000 0.370000 0.370000 0.370000 0.370000 0.370000 0.370000 0.370000 0.370000 0.370000 0.370000 0.370000 0.370000 0.370000 0.370000 0.370000 0.370000 0.370000 0.370000 0.370000 0.370000 0.370000 0.370000 0.370000 0.370000 0.370000 0.370000 0.370000 0.370000 0.370000 0.370000 0.370000 0.370000 0.370000 0.370000 0.370000 0.370000 0.370000 0.370000 0.370000 0.370000 0.370000 0.370000 0.370000 0.370000 0.369996 0.369971 0.369861 0.369707 0.369547 0.369392 0.369192 0.368848 0.367498 0.364803 0.361261 0.358110 0.352178 0.339596 0.319959
0.370000 0.370000 0.370000 0.370000 0.370000 0.370000 0.370000 0.370000 0.370000 0.370000 0.370000 0.370000 0.370000 0.370000 0.370000 0.370000 0.370000 0.370000 0.370000 0.370000 0.370000 0.370000 0.370000 0.370000 0.370000 0.370000 0.370000 0.370000 0.370000 0.370000 0.370000 0.370000 0.370000 0.370000 0.370000 0.370000 0.370000 0.370000 0.370000 0.370000 0.370000 0.370000 0.370000 0.370000 0.370000 0.370000 0.370000 0.370000 0.370000 0.370000 0.369999 0.369993 0.369985 0.369978 0.369967 0.369947 0.369809 0.369440 0.368681 0.367664 0.366156 0.363879 0.360879
0.370000 0.370000 0.370000 0.370000 0.370000 0.370000 0.370000 0.370000 0.370000 0.370000 0.370000 0.370000 0.370000 0.370000 0.370000 0.370000 0.370000 0.370000 0.370000 0.370000 0.370000 0.370000 0.370000 0.370000 0.370000 0.370000 0.370000 0.370000 0.370000 0.370000 0.370000 0.370000 0.370000 0.370000 0.370000 0.370000 0.370000 0.370000 0.370000 0.370000 0.370000 0.370000 0.370000 0.370000 0.370000 0.370000 0.370000 0.370000 0.370000 0.370000 0.370000 0.370000 0.370000 0.370000 0.370000 0.370000 0.369998 0.369981 0.369906 0.369721 0.369373 0.368846 0.368041
0.370000 0.370000 0.370000 0.370000 0.370000 0.370000 0.370000 0.370000 0.370000 0.370000 0.370000 0.370000 0.370000 0.370000 0.370000 0.369999 0.369999 0.369999 0.370000 0.370000 0.370000 0.370000 0.370000 0.369999 0.369998 0.369997 0.369997 0.369999 0.370000 0.370000 0.370000 0.370000 0.370000 0.370000 0.370000 0.370000 0.370000 0.370000 0.370000 0.370000 0.370000 0.370000 0.370000 0.370000 0.370000 0.370000 0.370000 0.370000 0.370000 0.370000 0.370000 0.370000 0.370000 0.370000 0.370000 0.370000 0.370000 0.370000 0.369999 0.369990 0.369963 0.369910 0.369774
0.370000 0.370000 0.370000 0.370000 0.370000 0.370000 0.370000 0.370000 0.370000 0.370000 0.369999 0.369997 0.369990 0.369974 0.369945 0.369921 0.369902 0.369881 0.369916 0.369961 0.369977 0.369951 0.369921 0.369859 0.369816 0.369791 0.369796 0.369851 0.369939 0.369974 0.369980 0.369970 0.369958 0.369953 0.369953 0.369966 0.369987 0.369997 0.369999 0.370000 0.370000 0.370000 0.370000 0.370000 0.370000 0.370000 0.370000 0.370000 0.370000 0.370000 0.370000 0.370000 0.370000 0.370000 0.370000 0.370000 0.370000 0.370000 0.370000 0.370000 0.370000 0.369998 0.369992
0.370000 0.370000 0.369999 0.369989 0.369975 0.369942 0.369892 0.369868 0.369827 0.369803 0.369724 0.369646 0.369493 0.369215 0.368819 0.368370 0.368225 0.368088 0.367945 0.368374 0.368539 0.368435 0.368148 0.367805 0.367602 0.367468 0.367648 0.368195 0.368621 0.368943 0.369061 0.368916 0.369045 0.369180 0.369192 0.369474 0.369662 0.369817 0.369920 0.369971 0.369985 0.369992 0.369996 0.369999 0.370000 0.370000 0.370000 0.370000 0.370000 0.370000 0.370000 0.370000 0.370000 0.370000 0.370000 0.370000 0.370000 0.370000 0.370000 0.370000 0.370000 0.370000 0.370000
0.369987 0.369982 0.369921 0.369656 0.369187 0.368755 0.368059 0.367643 0.367160 0.365640 0.364400 0.363556 0.363693 0.362446 0.360409 0.358521 0.357641 0.357039 0.355530 0.354949 0.355569 0.356971 0.355807 0.355070 0.355419 0.354992 0.354733 0.356228 0.358303 0.359369 0.360421 0.361386 0.361949 0.362814 0.365205 0.366360 0.367238 0.368151 0.368868 0.369367 0.369631 0.369750 0.369846 0.369927 0.369967 0.369990 0.369998 0.370000 0.370000 0.370000 0.370000 0.370000 0.370000 0.370000 0.370000 0.370000 0.370000 0.370000 0.370000 0.370000 0.370000 0.370000 0.370000
0.369499 0.369309 0.368200 0.366040 0.363084 0.360464 0.357145 0.354498 0.348013 0.332139 0.317286 0.317071 0.320979 0.316371 0.302584 0.290132 0.281552 0.273031 0.262196 0.255902 0.261718 0.267931 0.268144 0.267988 0.270087 0.269969 0.269311 0.269823 0.280063 0.287839 0.296227 0.303402 0.310158 0.330537 0.345441 0.352783 0.357336 0.360464 0.363395 0.365740 0.367102 0.367836 0.368535 0.369076 0.369468 0.369724 0.369891 0.369971 0.369993 0.369998 0.369999 0.370000 0.370000 0.370000 0.370000 0.370000 0.370000 0.370000 0.370000 0.370000 0.370000 0.370000 0.370000
0.364875 0.361810 0.356206 0.346243 0.326769 0.303918 0.282909 0.264824 0.246280 0.230126 0.220249 0.225525 0.228833 0.233793 0.225793 0.219228 0.217255 0.211077 0.205530 0.198669 0.203925 0.206835 0.213585 0.213422 0.213859 0.216788 0.215448 0.214769 0.210797 0.215430 0.218652 0.222766 0.235407 0.248574 0.263164 0.277258 0.294602 0.316088 0.337148 0.351056 0.357561 0.360662 0.363191 0.365392 0.366823 0.367831 0.368684 0.369340 0.369673 0.369825 0.369919 0.369963 0.369991 0.369999 0.370000 0.370000 0.370000 0.370000 0.370000 0.370000 0.370000 0.370000 0.370000
0.320039 0.293876 0.261135 0.243013 0.231878 0.221069 0.213099 0.206798 0.197517 0.190902 0.181880 0.185137 0.190033 0.196849 0.191589 0.190604 0.191424 0.187879 0.184088 0.178448 0.179435 0.184216 0.189955 0.190165 0.191517 0.194716 0.194768 0.192148 0.187201 0.188595 0.192277 0.196119 0.203252 0.210355 0.217603 0.224311 0.233500 0.244852 0.258432 0.276917 0.300217 0.319343 0.339435 0.352700 0.358006 0.360279 0.362536 0.365297 0.366788 0.367909 0.368707 0.369156 0.369637 0.369888 0.369982 0.369999 0.370000 0.370000 0.370000 0.370000 0.370000 0.370000 0.370000
0.216132 0.203711 0.198565 0.194010 0.189264 0.185222 0.180943 0.177159 0.174024 0.169493 0.161584 0.164844 0.169597 0.174927 0.175219 0.174608 0.174917 0.173509 0.169680 0.163488 0.166252 0.170395 0.174247 0.175680 0.176594 0.178899 0.177303 0.173898 0.169310 0.171456 0.175445 0.177991 0.181278 0.186060 0.191231 0.196571 0.202836 0.209463 0.218223 0.228330 0.240085 0.253370 0.269058 0.288935 0.302523 0.317043 0.330479 0.345025 0.353822 0.358240 0.361678 0.364514 0.366951 0.368710 0.369563 0.369884 0.369979 0.369996 0.369999 0.370000 0.370000 0.370000 0.370000
0.189571 0.182643 0.178299 0.175188 0.176145 0.174532 0.170524 0.170326 0.168096 0.161833 0.163992 0.165781 0.170887 0.170047 0.169813 0.168606 0.169369 0.168502 0.162570 0.165649 0.167106 0.170864 0.171793 0.172807 0.173553 0.174301 0.173605 0.169310 0.170258 0.171575 0.175158 0.175694 0.177570 0.182086 0.184046 0.187339 0.191873 0.196870 0.202873 0.210185 0.219933 0.229865 0.239182 0.242947 0.249324 0.254707 0.251904 0.264169 0.278091 0.295035 0.319142 0.340581 0.354202 0.361332 0.366059 0.368422 0.369418 0.369834 0.369935 0.369981 0.369996 0.370000 0.370000
0.171817 0.167002 0.162469 0.164418 0.164541 0.164141 0.163163 0.161772 0.159059 0.162168 0.162527 0.162268 0.161982 0.162034 0.162491 0.161912 0.161570 0.161789 0.164258 0.164685 0.164073 0.165201 0.166162 0.167211 0.166399 0.166745 0.166916 0.167865 0.167830 0.167316 0.169108 0.169921 0.170821 0.172898 0.174623 0.176783 0.180411 0.183666 0.187781 0.194257 0.202114 0.207968 0.209553 0.213585 0.215394 0.212550 0.210033 0.215012 0.220777 0.226175 0.238244 0.252520 0.272255 0.318572 0.351233 0.360836 0.365356 0.367822 0.368961 0.369527 0.369801 0.369947 0.369988
0.165681 0.161858 0.160912 0.162380 0.162387 0.162185 0.160048 0.158114 0.159970 0.160646 0.160496 0.159724 0.160578 0.160971 0.162079 0.161093 0.160621 0.160955 0.161293 0.161266 0.162187 0.162945 0.163650 0.166436 0.165223 0.165229 0.166223 0.165925 0.165733 0.165178 0.167120 0.168034 0.168573 0.170554 0.172029 0.173711 0.176062 0.179660 0.185849 0.191119 0.197751 0.204064 0.205662 0.206765 0.205548 0.203944 0.198030 0.197925 0.203938 0.203382 0.208721 0.217825 0.220746 0.242915 0.278629 0.313895 0.345049 0.357209 0.364008 0.366571 0.368271 0.369242 0.369713
0.160002 0.159979 0.158161 0.158397 0.158102 0.157016 0.155752 0.157158 0.157038 0.156890 0.156975 0.156525 0.157293 0.157943 0.158602 0.158293 0.158270 0.157280 0.157355 0.158576 0.158828 0.159698 0.161391 0.163615 0.162492 0.162365 0.162525 0.162164 0.162312 0.161687 0.163274 0.164594 0.165169 0.167392 0.168716 0.168500 0.171471 0.176211 0.181241 0.185177 0.190752 0.198750 0.197160 0.197059 0.197769 0.192697 0.186685 0.186154 0.187956 0.186817 0.190771 0.193904 0.194971 0.206482 0.217651 0.231956 0.255518 0.297637 0.340733 0.355367 0.361493 0.365338 0.367432
