tests/Borden05m/data_simulated/sim_1/output-maps/thetaliqL0001N0006.asc
ncols         160
nrows         34
xllcorner     620200.000000
yllcorner     5168000.000000
cellsize      0.500000
NODATA_value  -9999.0
[rows 0 to 27 of 34, columns 63 to 125 of 160]
-9999.0 -9999.0 -9999.0 -9999.0 -9999.0 -9999.0 -9999.0 -9999.0 -9999.0 -9999.0 -9999.0 -9999.0 -9999.0 -9999.0 -9999.0 -9999.0 -9999.0 -9999.0 -9999.0 -9999.0 -9999.0 -9999.0 -9999.0 -9999.0 -9999.0 -9999.0 -9999.0 -9999.0 -9999.0 -9999.0 -9999.0 -9999.0 -9999.0 -9999.0 -9999.0 -9999.0 -9999.0 -9999.0 -9999.0 -9999.0 -9999.0 -9999.0 -9999.0 -9999.0 -9999.0 -9999.0 -9999.0 -9999.0 -9999.0 -9999.0 -9999.0 -9999.0 -9999.0 -9999.0 -9999.0 -9999.0 -9999.0 -9999.0 -9999.0 -9999.0 -9999.0 -9999.0 -9999.0
0.276411 0.275452 0.274155 0.274118 0.274401 0.274128 0.273409 0.274089 0.274902 0.275525 0.276586 0.276129 0.276147 0.276573 0.276698 0.276531 0.276055 0.275826 0.275521 0.276372 0.274794 0.272714 0.271114 0.270843 0.272406 0.273225 0.272871 0.273497 0.275007 0.276148 0.276155 0.277552 0.276783 0.277257 0.278443 0.277559 0.277548 0.277994 0.278751 0.276382 -9999.0 -9999.0 -9999.0 -9999.0 -9999.0 -9999.0 -9999.0 -9999.0 -9999.0 -9999.0 -9999.0 -9999.0 -9999.0 -9999.0 -9999.0 -9999.0 -9999.0 -9999.0 -9999.0 -9999.0 -9999.0 -9999.0 -9999.0
0.273005 0.271346 0.271130 0.269816 0.269211 0.269038 0.268392 0.268680 0.270848 0.272300 0.272557 0.272006 0.271659 0.271036 0.270650 0.270819 0.270340 0.269940 0.269500 0.269806 0.271522 0.269946 0.269220 0.268396 0.267384 0.267652 0.267858 0.267842 0.269808 0.270267 0.270403 0.272901 0.275220 0.275647 0.274493 0.273435 0.274048 0.274349 0.273670 0.273072 0.273739 0.273562 0.273589 0.272633 0.274127 0.273764 0.275190 0.276244 0.277462 0.279625 -9999.0 -9999.0 -9999.0 -9999.0 -9999.0 -9999.0 -9999.0 -9999.0 -9999.0 -9999.0 -9999.0 -9999.0 -9999.0
0.270551 0.270044 0.268728 0.266518 0.268836 0.268410 0.268101 0.268417 0.269097 0.269361 0.269617 0.269943 0.271824 0.271482 0.271242 0.271365 0.271066 0.270490 0.270673 0.270427 0.268723 0.269085 0.269541 0.269082 0.270749 0.270773 0.271844 0.268764 0.269146 0.269595 0.269740 0.269654 0.269649 0.269976 0.268625 0.269822 0.269154 0.267315 0.267364 0.268111 0.270508 0.271795 0.270823 0.266604 0.268799 0.273318 0.272629 0.271524 0.273385 0.275153 0.278083 0.277464 0.277162 0.277576 0.278428 0.276277 0.275238 0.274675 0.271290 -9999.0 -9999.0 -9999.0 -9999.0
0.270385 0.268841 0.266821 0.270384 0.271583 0.270524 0.270844 0.271907 0.272073 0.267481 0.266253 0.267807 0.269333 0.269858 0.268874 0.268401 0.267559 0.267647 0.268271 0.267878 0.268618 0.269144 0.268119 0.269103 0.270272 0.271590 0.268866 0.266430 0.266609 0.268640 0.269938 0.270320 0.272087 0.275240 0.274651 0.274176 0.274409 0.274927 0.271622 0.268430 0.267256 0.266806 0.265852 0.266947 0.266087 0.269824 0.269375 0.268596 0.270126 0.271101 0.272505 0.273557 0.273320 0.273859 0.274684 0.274403 0.273066 0.272710 0.272780 0.271906 0.269148 0.263050 0.263545
0.265626 0.265468 0.268410 0.269551 0.271994 0.270467 0.270382 0.270264 0.267392 0.265371 0.263832 0.268322 0.271618 0.272397 0.271076 0.269898 0.273093 0.272137 0.271927 0.270050 0.270664 0.269942 0.273044 0.273982 0.275618 0.274955 0.271844 0.269242 0.269242 0.269512 0.268996 0.269486 0.271133 0.273419 0.271377 0.271058 0.272319 0.267385 0.263739 0.262899 0.266795 0.269024 0.268861 0.269412 0.269828 0.267425 0.268117 0.268419 0.267090 0.269702 0.272265 0.272384 0.269896 0.269153 0.270588 0.270804 0.271582 0.271038 0.270369 0.270112 0.264557 0.266894 0.263636
0.270586 0.271374 0.272277 0.274397 0.279508 0.277461 0.277387 0.279321 0.276414 0.273870 0.269303 0.274382 0.274850 0.275876 0.274912 0.278164 0.281063 0.278902 0.276248 0.272774 0.274684 0.278632 0.282092 0.282546 0.282884 0.283817 0.281258 0.280898 0.280434 0.280907 0.278939 0.278848 0.281357 0.286101 0.286850 0.285478 0.282048 0.275907 0.270085 0.267125 0.272655 0.271443 0.271067 0.272359 0.269791 0.268525 0.271576 0.269461 0.267758 0.271547 0.271629 0.270842 0.267555 0.271607 0.271336 0.268726 0.267273 0.266810 0.266517 0.265374 0.267222 0.266541 0.263846
0.269447 0.269879 0.273175 0.277746 0.283105 0.285209 0.286747 0.290058 0.288069 0.286184 0.283429 0.284154 0.287498 0.290176 0.293080 0.296288 0.300471 0.298623 0.295764 0.295596 0.296374 0.301491 0.306150 0.308957 0.312069 0.315951 0.315008 0.311387 0.305825 0.300354 0.296551 0.293450 0.298114 0.302851 0.302675 0.295105 0.290415 0.283995 0.276993 0.268348 0.269716 0.272123 0.274441 0.271409 0.270666 0.268295 0.268414 0.269480 0.266056 0.268247 0.268378 0.270685 0.274578 0.275824 0.272939 0.271844 0.270484 0.268854 0.267483 0.269315 0.270157 0.268570 0.266807
0.294443 0.294288 0.296371 0.306910 0.322660 0.333327 0.342409 0.343794 0.340021 0.336693 0.331502 0.328245 0.332188 0.336125 0.340530 0.345455 0.350987 0.355564 0.356264 0.356725 0.357957 0.359520 0.362988 0.367354 0.369289 0.369655 0.369695 0.369386 0.367564 0.361022 0.354289 0.351784 0.349922 0.351938 0.351703 0.344376 0.334666 0.324907 0.311758 0.298663 0.291049 0.293736 0.290197 0.287494 0.284659 0.276008 0.274880 0.274615 0.266399 0.265707 0.268319 0.271739 0.274654 0.269996 0.268664 0.267669 0.266379 0.264194 0.266084 0.268189 0.269040 0.268696 0.268819
0.339150 0.340841 0.345309 0.363699 0.369419 0.369887 0.369959 0.369973 0.369960 0.369944 0.369921 0.369892 0.369891 0.369932 0.369965 0.369984 0.369991 0.369994 0.369994 0.369994 0.369996 0.369997 0.369999 0.370000 0.370000 0.370000 0.370000 0.370000 0.370000 0.369999 0.369993 0.369988 0.369986 0.369984 0.369983 0.369978 0.369921 0.369744 0.368479 0.352647 0.339417 0.330642 0.323721 0.316777 0.301087 0.288505 0.280335 0.274380 0.267244 0.265846 0.275479 0.284478 0.280024 0.279309 0.277854 0.274523 0.272027 0.267906 0.269448 0.270752 0.270504 0.270111 0.269523
0.369958 0.369967 0.369983 0.369998 0.370000 0.370000 0.370000 0.370000 0.370000 0.370000 0.370000 0.370000 0.370000 0.370000 0.370000 0.370000 0.370000 0.370000 0.370000 0.370000 0.370000 0.370000 0.370000 0.370000 0.370000 0.370000 0.370000 0.370000 0.370000 0.370000 0.370000 0.370000 0.370000 0.370000 0.370000 0.370000 0.370000 0.370000 0.370000 0.369992 0.369950 0.369870 0.369753 0.369257 0.364851 0.346502 0.337964 0.328065 0.314449 0.296778 0.305581 0.299443 0.296482 0.292704 0.286967 0.282895 0.279521 0.275174 0.275619 0.276414 0.275785 0.276023 0.275325
0.370000 0.370000 0.370000 0.370000 0.370000 0.370000 0.370000 0.370000 0.370000 0.370000 0.370000 0.370000 0.370000 0.370000 0.370000 0.370000 0.370000 0.370000 0.370000 0.370000 0.370000 0.370000 0.370000 0.370000 0.370000 0.370000 0.370000 0.370000 0.370000 0.370000 0.370000 0.370000 0.370000 0.370000 0.370000 0.370000 0.370000 0.370000 0.370000 0.370000 0.370000 0.370000 0.370000 0.370000 0.369999 0.369993 0.369978 0.369918 0.369361 0.360233 0.345392 0.338913 0.333138 0.322090 0.309208 0.301693 0.292273 0.284140 0.279214 0.279297 0.279388 0.278924 0.277565
0.370000 0.370000 0.370000 0.370000 0.370000 0.370000 0.370000 0.370000 0.370000 0.370000 0.370000 0.370000 0.370000 0.370000 0.370000 0.370000 0.370000 0.370000 0.370000 0.370000 0.370000 0.370000 0.370000 0.370000 0.370000 0.370000 0.370000 0.370000 0.370000 0.370000 0.370000 0.370000 0.370000 0.370000 0.370000 0.370000 0.370000 0.370000 0.370000 0.370000 0.370000 0.370000 0.370000 0.370000 0.370000 0.370000 0.370000 0.370000 0.370000 0.369999 0.369977 0.369951 0.369874 0.369404 0.365188 0.354639 0.338986 0.324023 0.309888 0.303607 0.296685 0.291055 0.287694
0.370000 0.370000 0.370000 0.370000 0.370000 0.370000 0.370000 0.370000 0.370000 0.370000 0.370000 0.370000 0.370000 0.370000 0.370000 0.370000 0.370000 0.370000 0.370000 0.370000 0.370000 0.370000 0.370000 0.370000 0.370000 0.370000 0.370000 0.370000 0.370000 0.370000 0.370000 0.370000 0.370000 0.370000 0.370000 0.370000 0.370000 0.370000 0.370000 0.370000 0.370000 0.370000 0.370000 0.370000 0.370000 0.370000 0.370000 0.370000 0.370000 0.370000 0.370000 0.370000 0.370000 0.370000 0.370000 0.369997 0.369958 0.369641 0.365970 0.349747 0.334756 0.323061 0.311125
0.370000 0.370000 0.370000 0.370000 0.370000 0.370000 0.370000 0.370000 0.370000 0.370000 0.370000 0.370000 0.370000 0.370000 0.370000 0.370000 0.370000 0.370000 0.370000 0.370000 0.370000 0.370000 0.370000 0.370000 0.370000 0.370000 0.370000 0.370000 0.370000 0.370000 0.370000 0.370000 0.370000 0.370000 0.370000 0.370000 0.370000 0.370000 0.370000 0.370000 0.370000 0.370000 0.370000 0.370000 0.370000 0.370000 0.370000 0.370000 0.370000 0.370000 0.370000 0.370000 0.370000 0.370000 0.370000 0.370000 0.370000 0.370000 0.369999 0.369983 0.369881 0.369153 0.357917
0.370000 0.370000 0.370000 0.370000 0.370000 0.370000 0.370000 0.370000 0.370000 0.370000 0.370000 0.370000 0.370000 0.370000 0.370000 0.370000 0.370000 0.370000 0.370000 0.370000 0.370000 0.370000 0.370000 0.370000 0.370000 0.370000 0.370000 0.370000 0.370000 0.370000 0.370000 0.370000 0.370000 0.370000 0.370000 0.370000 0.370000 0.370000 0.370000 0.370000 0.370000 0.370000 0.370000 0.370000 0.370000 0.370000 0.370000 0.370000 0.370000 0.370000 0.370000 0.370000 0.370000 0.370000 0.370000 0.370000 0.370000 0.370000 0.370000 0.370000 0.370000 0.370000 0.369994
0.370000 0.370000 0.370000 0.370000 0.370000 0.370000 0.370000 0.370000 0.370000 0.370000 0.370000 0.370000 0.370000 0.370000 0.370000 0.370000 0.370000 0.370000 0.370000 0.370000 0.370000 0.370000 0.370000 0.370000 0.370000 0.370000 0.370000 0.370000 0.370000 0.370000 0.370000 0.370000 0.370000 0.370000 0.370000 0.370000 0.370000 0.370000 0.370000 0.370000 0.370000 0.370000 0.370000 0.370000 0.370000 0.370000 0.370000 0.370000 0.370000 0.370000 0.370000 0.370000 0.370000 0.370000 0.370000 0.370000 0.370000 0.370000 0.370000 0.370000 0.370000 0.370000 0.370000
0.370000 0.370000 0.370000 0.370000 0.370000 0.370000 0.370000 0.370000 0.370000 0.370000 0.370000 0.370000 0.370000 0.370000 0.370000 0.370000 0.370000 0.370000 0.370000 0.370000 0.370000 0.370000 0.370000 0.370000 0.370000 0.370000 0.370000 0.370000 0.370000 0.370000 0.370000 0.370000 0.370000 0.370000 0.370000 0.370000 0.370000 0.370000 0.370000 0.370000 0.370000 0.370000 0.370000 0.370000 0.370000 0.370000 0.370000 0.370000 0.370000 0.370000 0.370000 0.370000 0.370000 0.370000 0.370000 0.370000 0.370000 0.370000 0.370000 0.370000 0.370000 0.370000 0.370000
0.370000 0.370000 0.370000 0.370000 0.370000 0.370000 0.370000 0.370000 0.370000 0.370000 0.370000 0.370000 0.370000 0.370000 0.369999 0.369992 0.369984 0.369977 0.369965 0.369973 0.369976 0.369977 0.369971 0.369963 0.369960 0.369957 0.369965 0.369982 0.369991 0.369996 0.369999 0.369999 0.370000 0.370000 0.370000 0.370000 0.370000 0.370000 0.370000 0.370000 0.370000 0.370000 0.370000 0.370000 0.370000 0.370000 0.370000 0.370000 0.370000 0.370000 0.370000 0.370000 0.370000 0.370000 0.370000 0.370000 0.370000 0.370000 0.370000 0.370000 0.370000 0.370000 0.370000
0.370000 0.370000 0.370000 0.370000 0.370000 0.369998 0.369984 0.369966 0.369952 0.369899 0.369857 0.369805 0.369755 0.369195 0.362767 0.352382 0.348129 0.346140 0.342313 0.341305 0.342803 0.346218 0.342735 0.340557 0.341087 0.339964 0.339478 0.344067 0.351075 0.355970 0.360961 0.365345 0.368104 0.369446 0.369844 0.369927 0.369967 0.369994 0.370000 0.370000 0.370000 0.370000 0.370000 0.370000 0.370000 0.370000 0.370000 0.370000 0.370000 0.370000 0.370000 0.370000 0.370000 0.370000 0.370000 0.370000 0.370000 0.370000 0.370000 0.370000 0.370000 0.370000 0.370000
0.370000 0.370000 0.369992 0.369887 0.369208 0.361897 0.347675 0.341493 0.335341 0.326302 0.320516 0.320395 0.321394 0.317086 0.307987 0.302456 0.299926 0.297655 0.293881 0.291514 0.294264 0.296617 0.296086 0.295875 0.296768 0.296509 0.295950 0.295082 0.299308 0.301799 0.304920 0.307641 0.309536 0.319498 0.328899 0.334710 0.342969 0.354861 0.368501 0.369787 0.369950 0.369988 0.369999 0.370000 0.370000 0.370000 0.370000 0.370000 0.370000 0.370000 0.370000 0.370000 0.370000 0.370000 0.370000 0.370000 0.370000 0.370000 0.370000 0.370000 0.370000 0.370000 0.370000
0.369855 0.369019 0.352865 0.332920 0.320616 0.309357 0.301772 0.296579 0.290782 0.285142 0.281241 0.284534 0.285621 0.288189 0.283945 0.281025 0.281016 0.278530 0.276418 0.272776 0.275905 0.276727 0.280013 0.279233 0.279010 0.280520 0.279654 0.279387 0.276704 0.278858 0.279530 0.280266 0.285549 0.290055 0.294679 0.298250 0.302324 0.308738 0.319891 0.331269 0.342073 0.352648 0.366394 0.369641 0.369932 0.369987 0.369999 0.370000 0.370000 0.370000 0.370000 0.370000 0.370000 0.370000 0.370000 0.370000 0.370000 0.370000 0.370000 0.370000 0.370000 0.370000 0.370000
0.322833 0.312131 0.294845 0.289332 0.286559 0.282594 0.280186 0.278727 0.275067 0.272728 0.267820 0.270059 0.272698 0.276727 0.273299 0.273146 0.274313 0.272737 0.271077 0.267727 0.268159 0.270640 0.273597 0.273002 0.273393 0.275178 0.275252 0.273829 0.270661 0.271140 0.272572 0.273649 0.276344 0.278519 0.280555 0.282055 0.284687 0.287987 0.291870 0.297185 0.303619 0.308256 0.318217 0.331147 0.342039 0.351747 0.366034 0.369639 0.369919 0.369982 0.369999 0.370000 0.370000 0.370000 0.370000 0.370000 0.370000 0.370000 0.370000 0.370000 0.370000 0.370000 0.370000
0.279829 0.275138 0.274219 0.273334 0.271813 0.270646 0.269267 0.268032 0.267158 0.265082 0.259821 0.262207 0.265203 0.268669 0.268792 0.268523 0.269019 0.268458 0.266234 0.261842 0.263643 0.266020 0.268076 0.268500 0.268712 0.270095 0.269010 0.266873 0.263635 0.264820 0.266855 0.267575 0.268474 0.270042 0.271657 0.273132 0.274879 0.276481 0.279035 0.281957 0.285354 0.289313 0.294137 0.300741 0.303531 0.308087 0.315288 0.326870 0.336303 0.347572 0.363398 0.369461 0.369942 0.369999 0.370000 0.370000 0.370000 0.370000 0.370000 0.370000 0.370000 0.370000 0.370000
0.273229 0.270697 0.269369 0.268308 0.269942 0.269687 0.267649 0.268343 0.267460 0.263234 0.265142 0.266427 0.270013 0.269150 0.268911 0.268066 0.268761 0.268306 0.263965 0.266288 0.267097 0.269403 0.269529 0.269807 0.270030 0.270378 0.269859 0.266770 0.267430 0.268058 0.270037 0.269606 0.269940 0.271885 0.271817 0.272477 0.273662 0.274821 0.276251 0.278096 0.281163 0.284341 0.287529 0.287685 0.289931 0.291994 0.289167 0.294127 0.298075 0.302456 0.311660 0.324107 0.339697 0.363594 0.369740 0.369995 0.370000 0.370000 0.370000 0.370000 0.370000 0.370000 0.370000
0.267337 0.265267 0.262894 0.265041 0.265663 0.265870 0.265652 0.265058 0.263274 0.265904 0.266279 0.266067 0.265736 0.265662 0.265944 0.265503 0.265261 0.265427 0.267284 0.267474 0.266742 0.267232 0.267544 0.267945 0.267078 0.267166 0.267178 0.267831 0.267680 0.267026 0.267890 0.267890 0.267813 0.268396 0.268557 0.268824 0.269843 0.270262 0.270905 0.272812 0.275377 0.276806 0.276100 0.277556 0.278143 0.276298 0.274788 0.277222 0.279305 0.280645 0.285117 0.289668 0.294335 0.311355 0.334926 0.361414 0.369566 0.369978 0.370000 0.370000 0.370000 0.370000 0.370000
0.266684 0.264677 0.264628 0.266221 0.266580 0.266762 0.265409 0.264109 0.265727 0.266350 0.266280 0.265679 0.266289 0.266508 0.267303 0.266497 0.266097 0.266304 0.266457 0.266259 0.266739 0.267006 0.267172 0.268953 0.267780 0.267608 0.268217 0.267867 0.267583 0.266941 0.268039 0.268241 0.268056 0.268768 0.268935 0.269062 0.269358 0.270195 0.272492 0.273849 0.275976 0.278103 0.277945 0.278073 0.277230 0.276767 0.273512 0.273394 0.276667 0.275269 0.277107 0.280711 0.279437 0.287781 0.300137 0.310677 0.328262 0.348454 0.368954 0.369899 0.369996 0.370000 0.370000
0.264734 0.265320 0.264368 0.264902 0.264926 0.264257 0.263392 0.264629 0.264593 0.264507 0.264605 0.264263 0.264850 0.265292 0.265747 0.265447 0.265374 0.264477 0.264394 0.265191 0.265178 0.265576 0.266561 0.267948 0.266824 0.266544 0.266490 0.266059 0.266038 0.265376 0.266300 0.266923 0.266910 0.267952 0.268125 0.266896 0.267745 0.269522 0.271159 0.271847 0.273573 0.277180 0.275247 0.274920 0.275636 0.273112 0.270007 0.270176 0.271266 0.270088 0.272137 0.272899 0.271687 0.276200 0.279184 0.283079 0.290062 0.303323 0.323798 0.339203 0.360213 0.369477 0.369952
