tests/Borden05m/data_simulated/sim_1/output-maps/thetaliqL0007N0003.asc
ncols         160
nrows         34
xllcorner     620200.000000
yllcorner     5168000.000000
cellsize      0.500000
NODATA_value  -9999.0
[rows 0 to 27 of 34, columns 0 to 62 of 160]
-9999.0 -9999.0 -9999.0 -9999.0 -9999.0 -9999.0 -9999.0 -9999.0 -9999.0 -9999.0 -9999.0 -9999.0 -9999.0 -9999.0 -9999.0 -9999.0 -9999.0 -9999.0 -9999.0 -9999.0 -9999.0 -9999.0 -9999.0 -9999.0 -9999.0 -9999.0 -9999.0 -9999.0 -9999.0 -9999.0 -9999.0 -9999.0 -9999.0 -9999.0 -9999.0 -9999.0 -9999.0 -9999.0 -9999.0 -9999.0 -9999.0 -9999.0 -9999.0 -9999.0 -9999.0 -9999.0 -9999.0 -9999.0 -9999.0 -9999.0 -9999.0 -9999.0 -9999.0 -9999.0 -9999.0 -9999.0 -9999.0 -9999.0 -9999.0 -9999.0 -9999.0 -9999.0 -9999.0
-9999.0 -9999.0 -9999.0 -9999.0 -9999.0 -9999.0 -9999.0 -9999.0 -9999.0 -9999.0 -9999.0 -9999.0 -9999.0 -9999.0 -9999.0 -9999.0 -9999.0 -9999.0 -9999.0 -9999.0 -9999.0 -9999.0 -9999.0 -9999.0 -9999.0 -9999.0 -9999.0 -9999.0 -9999.0 -9999.0 -9999.0 -9999.0 -9999.0 -9999.0 -9999.0 -9999.0 -9999.0 -9999.0 -9999.0 -9999.0 -9999.0 -9999.0 -9999.0 -9999.0 -9999.0 -9999.0 -9999.0 -9999.0 -9999.0 -9999.0 -9999.0 -9999.0 -9999.0 -9999.0 -9999.0 -9999.0 -9999.0 -9999.0 -9999.0 0.330659 0.327702 0.324644 0.321633
-9999.0 -9999.0 -9999.0 -9999.0 -9999.0 -9999.0 -9999.0 -9999.0 -9999.0 -9999.0 -9999.0 -9999.0 -9999.0 -9999.0 -9999.0 -9999.0 -9999.0 -9999.0 -9999.0 -9999.0 -9999.0 -9999.0 -9999.0 -9999.0 -9999.0 -9999.0 -9999.0 -9999.0 -9999.0 -9999.0 -9999.0 -9999.0 -9999.0 -9999.0 -9999.0 -9999.0 -9999.0 -9999.0 -9999.0 -9999.0 -9999.0 -9999.0 -9999.0 -9999.0 -9999.0 -9999.0 -9999.0 0.240480 0.226370 0.213000 0.211728 0.229380 0.247828 0.266506 0.282179 0.295752 0.308626 0.320626 0.322471 0.316046 0.312975 0.310709 0.309093
-9999.0 -9999.0 -9999.0 -9999.0 -9999.0 -9999.0 -9999.0 -9999.0 -9999.0 -9999.0 -9999.0 -9999.0 -9999.0 -9999.0 -9999.0 -9999.0 -9999.0 -9999.0 -9999.0 -9999.0 -9999.0 -9999.0 -9999.0 -9999.0 -9999.0 -9999.0 -9999.0 -9999.0 -9999.0 -9999.0 -9999.0 -9999.0 -9999.0 -9999.0 -9999.0 -9999.0 -9999.0 -9999.0 -9999.0 -9999.0 0.278576 0.282988 0.284201 0.275548 0.266403 0.256888 0.240735 0.226346 0.213913 0.211474 0.213199 0.217509 0.235543 0.254628 0.269771 0.283037 0.296866 0.310250 0.311954 0.304553 0.298439 0.295240 0.295044
-9999.0 -9999.0 -9999.0 -9999.0 -9999.0 -9999.0 -9999.0 -9999.0 -9999.0 -9999.0 -9999.0 -9999.0 -9999.0 -9999.0 -9999.0 -9999.0 -9999.0 -9999.0 -9999.0 -9999.0 -9999.0 -9999.0 -9999.0 -9999.0 -9999.0 -9999.0 -9999.0 -9999.0 -9999.0 -9999.0 -9999.0 -9999.0 -9999.0 -9999.0 0.206685 0.219988 0.234039 0.248452 0.261509 0.266495 0.271034 0.275478 0.272138 0.268034 0.258724 0.243650 0.227602 0.216143 0.213769 0.211481 0.214565 0.224517 0.237334 0.250218 0.266596 0.284069 0.290471 0.298917 0.300782 0.296907 0.297262 0.298025 0.298845
-9999.0 -9999.0 -9999.0 -9999.0 -9999.0 -9999.0 -9999.0 -9999.0 -9999.0 -9999.0 -9999.0 -9999.0 -9999.0 -9999.0 -9999.0 -9999.0 -9999.0 -9999.0 -9999.0 -9999.0 -9999.0 -9999.0 -9999.0 -9999.0 -9999.0 -9999.0 -9999.0 -9999.0 0.210916 0.206314 0.202237 0.200873 0.199655 0.198488 0.203360 0.212443 0.226454 0.243236 0.253145 0.258535 0.263425 0.263785 0.259663 0.257509 0.257290 0.247581 0.237921 0.228929 0.220381 0.219210 0.226317 0.236793 0.249091 0.260369 0.271893 0.281936 0.292641 0.307240 0.312480 0.308155 0.303855 0.300994 0.301091
-9999.0 -9999.0 -9999.0 -9999.0 -9999.0 -9999.0 -9999.0 -9999.0 -9999.0 -9999.0 -9999.0 -9999.0 -9999.0 -9999.0 -9999.0 -9999.0 -9999.0 -9999.0 -9999.0 -9999.0 -9999.0 -9999.0 -9999.0 0.190395 0.194595 0.199014 0.204100 0.204484 0.201034 0.196658 0.194072 0.192644 0.191276 0.193999 0.199780 0.209608 0.221473 0.238127 0.244601 0.249694 0.259411 0.260625 0.263755 0.266496 0.264557 0.262072 0.252188 0.244790 0.249241 0.253860 0.258345 0.263574 0.273122 0.284599 0.297109 0.310645 0.323303 0.333113 0.340420 0.337524 0.333128 0.326965 0.326894
-9999.0 -9999.0 -9999.0 -9999.0 -9999.0 -9999.0 -9999.0 -9999.0 -9999.0 -9999.0 -9999.0 -9999.0 -9999.0 -9999.0 -9999.0 -9999.0 -9999.0 -9999.0 -9999.0 0.174485 0.174853 0.175257 0.177930 0.178421 0.179695 0.184075 0.189318 0.190399 0.189065 0.187561 0.188284 0.189753 0.192234 0.200093 0.209948 0.220337 0.231072 0.247300 0.258673 0.269399 0.281551 0.279754 0.275606 0.273234 0.272977 0.272984 0.277657 0.280227 0.283894 0.287946 0.292616 0.298220 0.304805 0.316100 0.327204 0.336790 0.344471 0.350620 0.355618 0.354557 0.351068 0.346751 0.346643
-9999.0 -9999.0 -9999.0 -9999.0 -9999.0 -9999.0 -9999.0 -9999.0 -9999.0 -9999.0 -9999.0 -9999.0 -9999.0 -9999.0 -9999.0 -9999.0 0.158318 0.159209 0.160175 0.162981 0.164125 0.166183 0.169997 0.170348 0.172459 0.176595 0.179508 0.184707 0.189604 0.194338 0.198141 0.199639 0.204909 0.211686 0.220334 0.232239 0.249380 0.266871 0.278985 0.290878 0.302193 0.301696 0.300214 0.300348 0.300366 0.305562 0.316870 0.320080 0.321777 0.331739 0.338053 0.339947 0.342417 0.348537 0.355175 0.360728 0.365125 0.367030 0.368184 0.368399 0.367656 0.367344 0.367640
-9999.0 -9999.0 -9999.0 -9999.0 -9999.0 -9999.0 -9999.0 -9999.0 -9999.0 -9999.0 -9999.0 -9999.0 -9999.0 0.137413 0.139115 0.143019 0.146524 0.147371 0.149019 0.151582 0.157700 0.159333 0.162523 0.166635 0.173077 0.178038 0.183687 0.191257 0.196784 0.201501 0.206264 0.210914 0.221041 0.232686 0.244940 0.260638 0.276885 0.292131 0.306281 0.315122 0.322955 0.324531 0.322775 0.323036 0.327112 0.335930 0.343674 0.348078 0.354551 0.359770 0.362158 0.363927 0.364903 0.366024 0.367486 0.369038 0.369711 0.369913 0.369963 0.369986 0.369986 0.369988 0.369991
-9999.0 -9999.0 -9999.0 -9999.0 -9999.0 -9999.0 -9999.0 -9999.0 -9999.0 -9999.0 0.123872 0.124743 0.123476 0.123756 0.125191 0.129325 0.134236 0.136954 0.141568 0.151029 0.159644 0.161254 0.169558 0.175229 0.178950 0.185584 0.194154 0.203046 0.215623 0.224906 0.234530 0.250804 0.263291 0.275385 0.287974 0.301202 0.314391 0.330943 0.342747 0.347617 0.354723 0.358017 0.357009 0.356751 0.358223 0.361503 0.364813 0.367230 0.368484 0.369326 0.369675 0.369813 0.369881 0.369934 0.369972 0.369997 0.370000 0.370000 0.370000 0.370000 0.370000 0.370000 0.370000
-9999.0 -9999.0 -9999.0 -9999.0 -9999.0 -9999.0 -9999.0 -9999.0 0.116384 0.118335 0.120258 0.119214 0.117647 0.116645 0.120463 0.125622 0.131318 0.137948 0.144811 0.153208 0.161282 0.170600 0.182213 0.189672 0.197492 0.207989 0.217775 0.231347 0.247744 0.259156 0.273847 0.289671 0.302793 0.313691 0.323686 0.332511 0.344569 0.355056 0.361631 0.364961 0.367312 0.368585 0.368597 0.368716 0.368885 0.369514 0.369848 0.369968 0.369997 0.370000 0.370000 0.370000 0.370000 0.370000 0.370000 0.370000 0.370000 0.370000 0.370000 0.370000 0.370000 0.370000 0.370000
-9999.0 -9999.0 -9999.0 -9999.0 -9999.0 -9999.0 0.109583 0.116045 0.120450 0.117942 0.115606 0.114607 0.113599 0.118760 0.125588 0.131573 0.138104 0.145554 0.153194 0.160937 0.182018 0.192191 0.202313 0.216804 0.226833 0.237079 0.250219 0.268372 0.285631 0.308414 0.326102 0.338834 0.348520 0.354077 0.358220 0.361671 0.365667 0.368231 0.369385 0.369792 0.369940 0.369989 0.369995 0.369998 0.369999 0.370000 0.370000 0.370000 0.370000 0.370000 0.370000 0.370000 0.370000 0.370000 0.370000 0.370000 0.370000 0.370000 0.370000 0.370000 0.370000 0.370000 0.370000
-9999.0 -9999.0 -9999.0 -9999.0 0.102128 0.106626 0.111697 0.120634 0.128321 0.126186 0.128791 0.128913 0.128358 0.128966 0.130786 0.137747 0.145239 0.153506 0.163349 0.186805 0.215779 0.228072 0.249107 0.273912 0.283748 0.293743 0.303560 0.317566 0.333245 0.347460 0.359856 0.365479 0.367538 0.368647 0.369252 0.369649 0.369899 0.369986 0.370000 0.370000 0.370000 0.370000 0.370000 0.370000 0.370000 0.370000 0.370000 0.370000 0.370000 0.370000 0.370000 0.370000 0.370000 0.370000 0.370000 0.370000 0.370000 0.370000 0.370000 0.370000 0.370000 0.370000 0.370000
-9999.0 -9999.0 -9999.0 0.094067 0.100601 0.108484 0.115776 0.125600 0.137656 0.140459 0.143919 0.146954 0.150203 0.154525 0.159781 0.168533 0.176259 0.183281 0.196754 0.223419 0.251525 0.278237 0.301042 0.320192 0.332104 0.338766 0.344876 0.352528 0.361332 0.366271 0.369018 0.369846 0.369978 0.369997 0.370000 0.370000 0.370000 0.370000 0.370000 0.370000 0.370000 0.370000 0.370000 0.370000 0.370000 0.370000 0.370000 0.370000 0.370000 0.370000 0.370000 0.370000 0.370000 0.370000 0.370000 0.370000 0.370000 0.370000 0.370000 0.370000 0.370000 0.370000 0.370000
-9999.0 -9999.0 0.088041 0.092675 0.098343 0.109352 0.124765 0.137381 0.156677 0.170990 0.175137 0.187211 0.198791 0.204612 0.217088 0.230107 0.239138 0.240352 0.248715 0.276885 0.314434 0.339761 0.351625 0.363476 0.366837 0.368141 0.368652 0.369326 0.369776 0.369975 0.370000 0.370000 0.370000 0.370000 0.370000 0.370000 0.370000 0.370000 0.370000 0.370000 0.370000 0.370000 0.370000 0.370000 0.370000 0.370000 0.370000 0.370000 0.370000 0.370000 0.370000 0.370000 0.370000 0.370000 0.370000 0.370000 0.370000 0.370000 0.370000 0.370000 0.370000 0.370000 0.370000
-9999.0 -9999.0 0.085485 0.090349 0.096741 0.111930 0.137068 0.154724 0.179643 0.210048 0.224207 0.242123 0.257753 0.272495 0.289724 0.306062 0.307474 0.308221 0.306668 0.336409 0.356245 0.366273 0.369517 0.369968 0.369998 0.369999 0.370000 0.370000 0.370000 0.370000 0.370000 0.370000 0.370000 0.370000 0.370000 0.370000 0.370000 0.370000 0.370000 0.370000 0.370000 0.370000 0.370000 0.370000 0.370000 0.370000 0.370000 0.370000 0.370000 0.370000 0.370000 0.370000 0.370000 0.370000 0.370000 0.370000 0.370000 0.370000 0.370000 0.370000 0.370000 0.370000 0.370000
-9999.0 0.078982 0.082513 0.087642 0.097577 0.112953 0.144535 0.191516 0.227153 0.259369 0.280592 0.294983 0.329380 0.349634 0.356646 0.362241 0.361640 0.360989 0.359118 0.365326 0.368881 0.369976 0.370000 0.370000 0.370000 0.370000 0.370000 0.370000 0.370000 0.370000 0.370000 0.370000 0.370000 0.370000 0.370000 0.370000 0.370000 0.370000 0.370000 0.370000 0.370000 0.370000 0.370000 0.370000 0.370000 0.370000 0.370000 0.370000 0.370000 0.370000 0.370000 0.370000 0.370000 0.370000 0.370000 0.370000 0.370000 0.370000 0.370000 0.370000 0.370000 0.370000 0.370000
-9999.0 0.077198 0.080703 0.086988 0.096779 0.114513 0.161901 0.251099 0.285571 0.308110 0.325230 0.346569 0.365257 0.369186 0.369801 0.369974 0.369973 0.369948 0.369942 0.369993 0.370000 0.370000 0.370000 0.370000 0.370000 0.370000 0.370000 0.370000 0.370000 0.370000 0.370000 0.370000 0.370000 0.370000 0.370000 0.370000 0.370000 0.370000 0.370000 0.370000 0.370000 0.370000 0.370000 0.370000 0.370000 0.370000 0.370000 0.370000 0.370000 0.370000 0.370000 0.370000 0.370000 0.370000 0.370000 0.370000 0.370000 0.370000 0.370000 0.370000 0.370000 0.370000 0.370000
-9999.0 0.076185 0.079759 0.084903 0.094137 0.124460 0.184675 0.281471 0.335443 0.348927 0.360834 0.368886 0.369985 0.370000 0.370000 0.370000 0.370000 0.370000 0.370000 0.370000 0.370000 0.370000 0.370000 0.370000 0.370000 0.370000 0.370000 0.370000 0.370000 0.370000 0.370000 0.370000 0.370000 0.370000 0.370000 0.370000 0.370000 0.370000 0.370000 0.370000 0.370000 0.370000 0.370000 0.370000 0.370000 0.370000 0.370000 0.370000 0.370000 0.370000 0.370000 0.370000 0.370000 0.370000 0.370000 0.370000 0.370000 0.370000 0.370000 0.370000 0.370000 0.370000 0.370000
-9999.0 0.073331 0.076172 0.079487 0.093225 0.134819 0.204964 0.319624 0.363215 0.367569 0.369877 0.370000 0.370000 0.370000 0.370000 0.370000 0.370000 0.370000 0.370000 0.370000 0.370000 0.370000 0.370000 0.370000 0.370000 0.370000 0.370000 0.370000 0.370000 0.370000 0.370000 0.370000 0.370000 0.370000 0.370000 0.370000 0.370000 0.370000 0.370000 0.370000 0.370000 0.370000 0.370000 0.370000 0.370000 0.370000 0.370000 0.370000 0.370000 0.370000 0.370000 0.370000 0.370000 0.370000 0.370000 0.370000 0.370000 0.370000 0.370000 0.370000 0.370000 0.370000 0.370000
-9999.0 0.071510 0.073302 0.077374 0.090048 0.126055 0.209344 0.332160 0.368884 0.369975 0.370000 0.370000 0.370000 0.370000 0.370000 0.370000 0.370000 0.370000 0.370000 0.370000 0.370000 0.370000 0.370000 0.370000 0.370000 0.370000 0.370000 0.370000 0.370000 0.370000 0.370000 0.370000 0.370000 0.370000 0.370000 0.370000 0.370000 0.370000 0.370000 0.370000 0.370000 0.370000 0.370000 0.370000 0.370000 0.370000 0.370000 0.370000 0.370000 0.370000 0.370000 0.370000 0.370000 0.370000 0.370000 0.370000 0.370000 0.370000 0.370000 0.370000 0.370000 0.370000 0.370000
-9999.0 0.070251 0.072101 0.075103 0.083003 0.101608 0.146591 0.262578 0.353046 0.369926 0.370000 0.370000 0.370000 0.370000 0.370000 0.370000 0.370000 0.370000 0.370000 0.370000 0.370000 0.370000 0.370000 0.370000 0.370000 0.370000 0.370000 0.370000 0.370000 0.370000 0.370000 0.370000 0.370000 0.370000 0.370000 0.370000 0.370000 0.370000 0.370000 0.370000 0.370000 0.370000 0.370000 0.370000 0.370000 0.370000 0.370000 0.370000 0.370000 0.370000 0.370000 0.370000 0.370000 0.370000 0.370000 0.370000 0.370000 0.370000 0.370000 0.370000 0.369997 0.369971 0.369945
-9999.0 -9999.0 0.070878 0.073185 0.077608 0.087572 0.110443 0.178703 0.294707 0.365407 0.369866 0.370000 0.370000 0.370000 0.370000 0.370000 0.370000 0.370000 0.370000 0.370000 0.370000 0.370000 0.370000 0.370000 0.370000 0.370000 0.370000 0.370000 0.370000 0.370000 0.370000 0.370000 0.370000 0.370000 0.370000 0.370000 0.370000 0.370000 0.370000 0.370000 0.370000 0.370000 0.370000 0.370000 0.370000 0.370000 0.370000 0.370000 0.370000 0.370000 0.370000 0.370000 0.370000 0.370000 0.370000 0.370000 0.370000 0.369995 0.369968 0.369798 0.369127 0.367275 0.364098
-9999.0 -9999.0 0.069841 0.071394 0.074439 0.080610 0.091384 0.114445 0.189596 0.282274 0.340510 0.363117 0.368774 0.369853 0.369990 0.370000 0.370000 0.370000 0.370000 0.370000 0.370000 0.370000 0.370000 0.370000 0.370000 0.370000 0.370000 0.370000 0.370000 0.370000 0.370000 0.370000 0.370000 0.370000 0.370000 0.370000 0.370000 0.370000 0.370000 0.370000 0.370000 0.370000 0.370000 0.369999 0.369999 0.369999 0.369998 0.369993 0.369981 0.369965 0.369945 0.369923 0.369907 0.369866 0.369794 0.369717 0.369440 0.368796 0.367543 0.364687 0.358404 0.350213 0.338670
-9999.0 -9999.0 -9999.0 0.070274 0.071886 0.074243 0.078433 0.084225 0.097735 0.127688 0.176743 0.245153 0.292841 0.324766 0.346837 0.360179 0.365018 0.366622 0.367526 0.369320 0.369738 0.369946 0.369992 0.369998 0.370000 0.370000 0.370000 0.370000 0.370000 0.369997 0.369979 0.369916 0.369843 0.369845 0.369844 0.369859 0.369822 0.369779 0.369655 0.369452 0.369153 0.368857 0.368694 0.368508 0.368367 0.368179 0.367969 0.367567 0.366973 0.366259 0.365608 0.365309 0.364958 0.364412 0.363565 0.362559 0.360787 0.355300 0.347914 0.337585 0.321807 0.302161 0.280490
-9999.0 -9999.0 -9999.0 -9999.0 -9999.0 0.070883 0.072858 0.075779 0.079837 0.085782 0.096915 0.119778 0.137805 0.161593 0.194396 0.225669 0.253564 0.281986 0.313130 0.335205 0.351806 0.359892 0.365014 0.367525 0.368314 0.368858 0.369037 0.368738 0.368334 0.367535 0.365635 0.363102 0.362402 0.362430 0.362469 0.362179 0.361350 0.360422 0.359098 0.356162 0.353124 0.351590 0.350361 0.349086 0.347690 0.346461 0.345261 0.344058 0.340724 0.337872 0.338184 0.337131 0.336047 0.334979 0.332031 0.328559 0.324135 0.309545 0.295017 0.283931 0.259615 0.237299 0.221661
-9999.0 -9999.0 -9999.0 -9999.0 -9999.0 -9999.0 0.070247 0.071653 0.073409 0.076035 0.080463 0.086501 0.090176 0.097167 0.107333 0.122130 0.143562 0.164881 0.190439 0.220502 0.253795 0.281014 0.306157 0.326871 0.334029 0.339058 0.343614 0.340243 0.336358 0.332194 0.321494 0.319175 0.315689 0.315699 0.315481 0.315331 0.312138 0.308585 0.305143 0.298080 0.294499 0.290373 0.287388 0.284480 0.281437 0.278830 0.276899 0.275035 0.270566 0.271498 0.271900 0.270618 0.268958 0.267162 0.262394 0.255810 0.249337 0.236411 0.225386 0.214488 0.196167 0.183225 0.170858
