tests/Borden05m/data_simulated/sim_1/output-maps/thetaliqL0005N0002.asc
ncols         160
nrows         34
xllcorner     620200.000000
yllcorner     5168000.000000
cellsize      0.500000
NODATA_value  -9999.0
[rows 0 to 27 of 34, columns 63 to 125 of 160]
-9999.0 -9999.0 -9999.0 -9999.0 -9999.0 -9999.0 -9999.0 -9999.0 -9999.0 -9999.0 -9999.0 -9999.0 -9999.0 -9999.0 -9999.0 -9999.0 -9999.0 -9999.0 -9999.0 -9999.0 -9999.0 -9999.0 -9999.0 -9999.0 -9999.0 -9999.0 -9999.0 -9999.0 -9999.0 -9999.0 -9999.0 -9999.0 -9999.0 -9999.0 -9999.0 -9999.0 -9999.0 -9999.0 -9999.0 -9999.0 -9999.0 -9999.0 -9999.0 -9999.0 -9999.0 -9999.0 -9999.0 -9999.0 -9999.0 -9999.0 -9999.0 -9999.0 -9999.0 -9999.0 -9999.0 -9999.0 -9999.0 -9999.0 -9999.0 -9999.0 -9999.0 -9999.0 -9999.0
0.122488 0.119422 0.116665 0.115442 0.115127 0.114818 0.114659 0.116157 0.118480 0.120827 0.123182 0.123938 0.124736 0.125538 0.125706 0.125206 0.124045 0.122905 0.121746 0.121263 0.118546 0.115103 0.112560 0.111805 0.113033 0.114299 0.115028 0.116874 0.120287 0.123954 0.127019 0.131420 0.133549 0.135716 0.137214 0.135646 0.134309 0.132985 0.131350 0.127290 -9999.0 -9999.0 -9999.0 -9999.0 -9999.0 -9999.0 -9999.0 -9999.0 -9999.0 -9999.0 -9999.0 -9999.0 -9999.0 -9999.0 -9999.0 -9999.0 -9999.0 -9999.0 -9999.0 -9999.0 -9999.0 -9999.0 -9999.0
0.117316 0.114650 0.113053 0.111510 0.111041 0.110971 0.110931 0.112006 0.114632 0.116914 0.118327 0.119017 0.119726 0.119807 0.119632 0.119465 0.118530 0.117463 0.116423 0.115882 0.115807 0.113625 0.112191 0.111342 0.111096 0.111727 0.112334 0.113094 0.115869 0.118411 0.121095 0.125869 0.130396 0.132470 0.131654 0.129823 0.128591 0.126481 0.123272 0.119920 0.116641 0.114570 0.113152 0.111887 0.113612 0.115429 0.118630 0.122049 0.126260 0.130812 -9999.0 -9999.0 -9999.0 -9999.0 -9999.0 -9999.0 -9999.0 -9999.0 -9999.0 -9999.0 -9999.0 -9999.0 -9999.0
0.113546 0.112414 0.111083 0.110086 0.111933 0.112192 0.112453 0.113264 0.114232 0.114705 0.115475 0.116980 0.119667 0.120433 0.120546 0.120539 0.119923 0.118920 0.118350 0.117484 0.115919 0.115677 0.115824 0.115887 0.117487 0.117934 0.118277 0.116112 0.117070 0.119019 0.121253 0.123725 0.126288 0.128195 0.127192 0.126781 0.124041 0.119675 0.116256 0.113825 0.113088 0.112325 0.110424 0.107576 0.109279 0.113410 0.114801 0.116008 0.119760 0.123863 0.127479 0.128157 0.128083 0.128009 0.127148 0.122390 0.117771 0.113556 0.108737 -9999.0 -9999.0 -9999.0 -9999.0
0.113921 0.113001 0.112645 0.116297 0.119107 0.119526 0.120357 0.121322 0.120729 0.116767 0.115906 0.118465 0.121767 0.123708 0.123673 0.123597 0.123129 0.122740 0.122509 0.121642 0.122061 0.122954 0.123331 0.125185 0.127186 0.128152 0.124872 0.121722 0.121811 0.124380 0.127169 0.129962 0.134429 0.139569 0.139067 0.136728 0.133290 0.128207 0.120301 0.114371 0.111657 0.110142 0.108551 0.108311 0.107985 0.110585 0.111150 0.111659 0.114149 0.117217 0.120388 0.122317 0.122238 0.122155 0.121440 0.118509 0.114233 0.110337 0.106408 0.101115 0.096073 0.091935 0.091855
0.115426 0.116467 0.120643 0.125247 0.130835 0.131672 0.132518 0.132311 0.128348 0.124590 0.122967 0.128323 0.134269 0.137593 0.137945 0.138365 0.142205 0.141023 0.139536 0.136928 0.137999 0.139488 0.145012 0.148493 0.151655 0.150606 0.144985 0.140156 0.139237 0.139894 0.140540 0.143169 0.148284 0.153696 0.151472 0.147917 0.143110 0.130975 0.121017 0.115862 0.116291 0.116596 0.115427 0.114643 0.113635 0.111553 0.111542 0.111521 0.111482 0.114848 0.118505 0.119654 0.117881 0.116891 0.116296 0.113818 0.110967 0.107275 0.103554 0.099880 0.095047 0.093912 0.092826
0.130423 0.133603 0.139069 0.147624 0.159875 0.161794 0.163877 0.166388 0.160339 0.153871 0.147744 0.155137 0.160033 0.165061 0.167220 0.174515 0.180914 0.177355 0.171557 0.165953 0.169694 0.178723 0.188333 0.192233 0.194150 0.194736 0.188388 0.185120 0.183105 0.183033 0.180287 0.181907 0.189799 0.201056 0.201857 0.194023 0.179082 0.158521 0.141184 0.131610 0.133177 0.130918 0.128921 0.127354 0.122461 0.118739 0.118687 0.115899 0.114156 0.117530 0.119445 0.120132 0.118322 0.120129 0.117737 0.112726 0.108293 0.104686 0.101689 0.098931 0.097608 0.096052 0.094873
0.152296 0.156631 0.166661 0.181329 0.197862 0.206850 0.212592 0.219040 0.213825 0.207141 0.200442 0.203460 0.212816 0.221954 0.230965 0.240585 0.249941 0.245312 0.237949 0.236158 0.239090 0.251588 0.262470 0.266395 0.268368 0.272284 0.268453 0.262484 0.255684 0.249052 0.243192 0.239336 0.251000 0.262522 0.261566 0.243457 0.225524 0.201715 0.178006 0.158069 0.154856 0.155013 0.154416 0.146747 0.139787 0.131649 0.127291 0.124214 0.119195 0.120589 0.122642 0.126558 0.130447 0.130105 0.124210 0.118588 0.112997 0.108143 0.104843 0.103894 0.102878 0.101007 0.099843
0.227557 0.231103 0.240048 0.261134 0.287117 0.305366 0.320046 0.322162 0.315866 0.309353 0.299314 0.294106 0.302759 0.310636 0.318124 0.325309 0.332069 0.336488 0.336462 0.336549 0.337634 0.339007 0.341483 0.344503 0.347694 0.351110 0.352421 0.349241 0.344924 0.339476 0.334207 0.332456 0.331271 0.334453 0.334469 0.324833 0.309205 0.289660 0.263931 0.240497 0.224013 0.225056 0.214892 0.202876 0.187724 0.164707 0.153796 0.145460 0.132366 0.130505 0.135321 0.141886 0.145209 0.137978 0.131335 0.124427 0.117711 0.111878 0.110198 0.109900 0.109160 0.107794 0.107187
0.315438 0.318154 0.322501 0.339565 0.354530 0.363540 0.367655 0.368567 0.367577 0.366040 0.363846 0.361435 0.361210 0.363918 0.366705 0.368638 0.369455 0.369683 0.369679 0.369701 0.369750 0.369836 0.369903 0.369979 0.370000 0.370000 0.370000 0.370000 0.370000 0.369963 0.369372 0.368699 0.368350 0.367861 0.367850 0.367711 0.364159 0.357710 0.345984 0.329221 0.315355 0.302738 0.290612 0.277184 0.246509 0.216727 0.192783 0.174218 0.157830 0.154858 0.170166 0.186316 0.179775 0.172677 0.162291 0.149154 0.137717 0.127491 0.124771 0.123663 0.121740 0.119674 0.117726
0.366592 0.367467 0.368646 0.369895 0.370000 0.370000 0.370000 0.370000 0.370000 0.370000 0.370000 0.370000 0.370000 0.370000 0.370000 0.370000 0.370000 0.370000 0.370000 0.370000 0.370000 0.370000 0.370000 0.370000 0.370000 0.370000 0.370000 0.370000 0.370000 0.370000 0.370000 0.370000 0.370000 0.370000 0.370000 0.370000 0.370000 0.370000 0.370000 0.368857 0.363578 0.356959 0.352192 0.346990 0.341121 0.320829 0.307052 0.285783 0.258765 0.236085 0.258596 0.251329 0.242893 0.229618 0.210342 0.192079 0.174866 0.159075 0.153139 0.150246 0.146452 0.143415 0.139419
0.370000 0.370000 0.370000 0.370000 0.370000 0.370000 0.370000 0.370000 0.370000 0.370000 0.370000 0.370000 0.370000 0.370000 0.370000 0.370000 0.370000 0.370000 0.370000 0.370000 0.370000 0.370000 0.370000 0.370000 0.370000 0.370000 0.370000 0.370000 0.370000 0.370000 0.370000 0.370000 0.370000 0.370000 0.370000 0.370000 0.370000 0.370000 0.370000 0.370000 0.370000 0.370000 0.370000 0.369913 0.369603 0.369064 0.367675 0.363419 0.351962 0.334433 0.324475 0.318468 0.310914 0.294070 0.273709 0.256305 0.230700 0.206429 0.191430 0.186245 0.181290 0.175304 0.167966
0.370000 0.370000 0.370000 0.370000 0.370000 0.370000 0.370000 0.370000 0.370000 0.370000 0.370000 0.370000 0.370000 0.370000 0.370000 0.370000 0.370000 0.370000 0.370000 0.370000 0.370000 0.370000 0.370000 0.370000 0.370000 0.370000 0.370000 0.370000 0.370000 0.370000 0.370000 0.370000 0.370000 0.370000 0.370000 0.370000 0.370000 0.370000 0.370000 0.370000 0.370000 0.370000 0.370000 0.370000 0.370000 0.370000 0.370000 0.370000 0.370000 0.369859 0.365734 0.362291 0.357604 0.349210 0.341193 0.334464 0.315294 0.291367 0.271127 0.261984 0.246257 0.230694 0.218117
0.370000 0.370000 0.370000 0.370000 0.370000 0.370000 0.370000 0.370000 0.370000 0.370000 0.370000 0.370000 0.370000 0.370000 0.370000 0.370000 0.370000 0.370000 0.370000 0.370000 0.370000 0.370000 0.370000 0.370000 0.370000 0.370000 0.370000 0.370000 0.370000 0.370000 0.370000 0.370000 0.370000 0.370000 0.370000 0.370000 0.370000 0.370000 0.370000 0.370000 0.370000 0.370000 0.370000 0.370000 0.370000 0.370000 0.370000 0.370000 0.370000 0.370000 0.370000 0.370000 0.370000 0.369998 0.369898 0.369265 0.364794 0.354219 0.341133 0.330161 0.314292 0.299805 0.285473
0.370000 0.370000 0.370000 0.370000 0.370000 0.370000 0.370000 0.370000 0.370000 0.370000 0.370000 0.370000 0.370000 0.370000 0.370000 0.370000 0.370000 0.370000 0.370000 0.370000 0.370000 0.370000 0.370000 0.370000 0.370000 0.370000 0.370000 0.370000 0.370000 0.370000 0.370000 0.370000 0.370000 0.370000 0.370000 0.370000 0.370000 0.370000 0.370000 0.370000 0.370000 0.370000 0.370000 0.370000 0.370000 0.370000 0.370000 0.370000 0.370000 0.370000 0.370000 0.370000 0.370000 0.370000 0.370000 0.370000 0.370000 0.370000 0.369042 0.364616 0.357121 0.347983 0.337844
0.370000 0.370000 0.370000 0.370000 0.370000 0.370000 0.370000 0.370000 0.370000 0.370000 0.370000 0.370000 0.370000 0.370000 0.370000 0.370000 0.370000 0.370000 0.370000 0.370000 0.370000 0.370000 0.370000 0.370000 0.370000 0.370000 0.370000 0.370000 0.370000 0.370000 0.370000 0.370000 0.370000 0.370000 0.370000 0.370000 0.370000 0.370000 0.370000 0.370000 0.370000 0.370000 0.370000 0.370000 0.370000 0.370000 0.370000 0.370000 0.370000 0.370000 0.370000 0.370000 0.370000 0.370000 0.370000 0.370000 0.370000 0.370000 0.370000 0.370000 0.369997 0.369140 0.365811
0.370000 0.370000 0.370000 0.370000 0.370000 0.370000 0.370000 0.370000 0.370000 0.370000 0.370000 0.370000 0.370000 0.370000 0.370000 0.370000 0.370000 0.370000 0.370000 0.370000 0.370000 0.370000 0.370000 0.370000 0.370000 0.370000 0.370000 0.370000 0.370000 0.370000 0.370000 0.370000 0.370000 0.370000 0.370000 0.370000 0.370000 0.370000 0.370000 0.370000 0.370000 0.370000 0.370000 0.370000 0.370000 0.370000 0.370000 0.370000 0.370000 0.370000 0.370000 0.370000 0.370000 0.370000 0.370000 0.370000 0.370000 0.370000 0.370000 0.370000 0.370000 0.370000 0.370000
0.370000 0.370000 0.370000 0.370000 0.370000 0.370000 0.370000 0.370000 0.370000 0.370000 0.370000 0.370000 0.370000 0.370000 0.370000 0.370000 0.370000 0.370000 0.370000 0.370000 0.370000 0.370000 0.370000 0.370000 0.370000 0.370000 0.370000 0.370000 0.370000 0.370000 0.370000 0.370000 0.370000 0.370000 0.370000 0.370000 0.370000 0.370000 0.370000 0.370000 0.370000 0.370000 0.370000 0.370000 0.370000 0.370000 0.370000 0.370000 0.370000 0.370000 0.370000 0.370000 0.370000 0.370000 0.370000 0.370000 0.370000 0.370000 0.370000 0.370000 0.370000 0.370000 0.370000
0.370000 0.370000 0.370000 0.370000 0.370000 0.370000 0.370000 0.370000 0.370000 0.370000 0.370000 0.370000 0.370000 0.369992 0.369544 0.368268 0.367546 0.366957 0.366501 0.367861 0.368369 0.368033 0.366933 0.365471 0.364499 0.363920 0.364791 0.367163 0.368841 0.369643 0.369820 0.369678 0.369764 0.369853 0.369903 0.370000 0.370000 0.370000 0.370000 0.370000 0.370000 0.370000 0.370000 0.370000 0.370000 0.370000 0.370000 0.370000 0.370000 0.370000 0.370000 0.370000 0.370000 0.370000 0.370000 0.370000 0.370000 0.370000 0.370000 0.370000 0.370000 0.370000 0.370000
0.370000 0.370000 0.370000 0.370000 0.369978 0.369169 0.366908 0.365389 0.364020 0.359710 0.356176 0.353214 0.352827 0.347555 0.339567 0.332082 0.328350 0.325705 0.319864 0.317939 0.320602 0.325845 0.321422 0.318617 0.319716 0.318046 0.316818 0.322683 0.331369 0.336077 0.340004 0.342904 0.343893 0.345337 0.352927 0.357274 0.361553 0.365968 0.368892 0.369962 0.370000 0.370000 0.370000 0.370000 0.370000 0.370000 0.370000 0.370000 0.370000 0.370000 0.370000 0.370000 0.370000 0.370000 0.370000 0.370000 0.370000 0.370000 0.370000 0.370000 0.370000 0.370000 0.370000
0.370000 0.369999 0.368308 0.359516 0.347604 0.338085 0.326220 0.318154 0.305587 0.285786 0.272495 0.274060 0.279305 0.276657 0.265568 0.255532 0.248062 0.239541 0.228578 0.221911 0.227827 0.234548 0.236723 0.237941 0.240536 0.240863 0.239661 0.238171 0.245853 0.252254 0.259490 0.265734 0.271381 0.289535 0.305050 0.314274 0.325257 0.335324 0.345319 0.354102 0.360388 0.364156 0.367356 0.369414 0.369998 0.370000 0.370000 0.370000 0.370000 0.370000 0.370000 0.370000 0.370000 0.370000 0.370000 0.370000 0.370000 0.370000 0.370000 0.370000 0.370000 0.370000 0.370000
0.357441 0.347122 0.326758 0.301794 0.282807 0.265733 0.248401 0.230546 0.210084 0.191472 0.179896 0.184315 0.188856 0.194454 0.186092 0.178198 0.174006 0.165898 0.158376 0.151643 0.155977 0.160670 0.168508 0.170200 0.171812 0.175011 0.173886 0.172638 0.169395 0.174477 0.179879 0.187164 0.203479 0.220845 0.238104 0.252520 0.266714 0.282221 0.298348 0.313233 0.326698 0.335670 0.343644 0.351652 0.358514 0.364137 0.368290 0.369964 0.370000 0.370000 0.370000 0.370000 0.370000 0.370000 0.370000 0.370000 0.370000 0.370000 0.370000 0.370000 0.370000 0.370000 0.370000
0.275001 0.251951 0.221753 0.205414 0.192586 0.178394 0.166260 0.155469 0.142985 0.133435 0.125341 0.126880 0.131275 0.136613 0.133181 0.131209 0.129960 0.125744 0.121271 0.117172 0.118290 0.122790 0.128409 0.130569 0.132779 0.135617 0.135549 0.133113 0.129897 0.131877 0.136786 0.143173 0.153318 0.164887 0.177129 0.189064 0.203317 0.219320 0.236277 0.254975 0.274008 0.286945 0.302210 0.316909 0.328094 0.334793 0.342647 0.353110 0.359788 0.365106 0.368438 0.369833 0.370000 0.370000 0.370000 0.370000 0.370000 0.370000 0.370000 0.370000 0.370000 0.370000 0.370000
0.173408 0.156932 0.147055 0.138949 0.131697 0.125151 0.118814 0.113255 0.108290 0.103534 0.099484 0.100475 0.103200 0.106115 0.106406 0.105731 0.105064 0.103321 0.100652 0.098287 0.099697 0.102710 0.106018 0.108178 0.109741 0.111347 0.110604 0.108570 0.106710 0.108437 0.112156 0.116208 0.121590 0.128736 0.136833 0.145789 0.156290 0.168024 0.182376 0.198627 0.216259 0.234030 0.251497 0.268723 0.277084 0.285397 0.292787 0.304960 0.316622 0.328635 0.339988 0.349853 0.360588 0.368685 0.370000 0.370000 0.370000 0.370000 0.370000 0.370000 0.370000 0.370000 0.370000
0.128640 0.118923 0.112299 0.107849 0.105530 0.102452 0.098779 0.096435 0.093818 0.090959 0.090622 0.091198 0.093042 0.093520 0.093634 0.093198 0.093037 0.092295 0.090578 0.091171 0.092263 0.094493 0.096254 0.097799 0.098918 0.099691 0.099499 0.098073 0.098405 0.099722 0.102560 0.105024 0.108549 0.113875 0.118820 0.124995 0.132778 0.141872 0.152776 0.165802 0.181573 0.197401 0.211508 0.218870 0.226993 0.232557 0.229493 0.240881 0.252520 0.264518 0.281233 0.297267 0.316503 0.338581 0.357034 0.367794 0.369998 0.370000 0.370000 0.370000 0.370000 0.370000 0.370000
0.102659 0.097292 0.093405 0.092007 0.090652 0.089229 0.087686 0.086255 0.084934 0.084775 0.084577 0.084600 0.084867 0.085161 0.085387 0.085282 0.085174 0.085180 0.085617 0.086030 0.086596 0.087762 0.089024 0.090222 0.090739 0.091273 0.091590 0.091926 0.092246 0.092870 0.094565 0.096398 0.098676 0.101871 0.105448 0.109804 0.115606 0.122276 0.130458 0.140991 0.153251 0.163758 0.169414 0.175373 0.178146 0.175827 0.173574 0.179158 0.187116 0.195282 0.210104 0.226476 0.243512 0.278204 0.312266 0.338320 0.354289 0.364959 0.369374 0.370000 0.370000 0.370000 0.370000
0.090514 0.087366 0.085457 0.084539 0.083666 0.082815 0.081768 0.080943 0.080740 0.080592 0.080457 0.080371 0.080606 0.080854 0.081144 0.081102 0.081110 0.081283 0.081584 0.081990 0.082681 0.083572 0.084598 0.085912 0.086335 0.086790 0.087337 0.087599 0.087919 0.088398 0.089749 0.091215 0.092911 0.095437 0.098336 0.101888 0.106565 0.112758 0.121212 0.130302 0.140747 0.150539 0.154997 0.157405 0.156656 0.153967 0.148310 0.148369 0.154218 0.156560 0.164579 0.177209 0.186414 0.214205 0.250459 0.276464 0.302817 0.326102 0.347781 0.358270 0.366454 0.369863 0.370000
0.083303 0.081801 0.080446 0.079671 0.079052 0.078476 0.077978 0.077820 0.077659 0.077555 0.077491 0.077424 0.077560 0.077770 0.077984 0.078074 0.078204 0.078340 0.078656 0.079165 0.079697 0.080461 0.081465 0.082561 0.083014 0.083452 0.083906 0.084221 0.084582 0.084948 0.085956 0.087161 0.088460 0.090575 0.093048 0.095848 0.100321 0.106439 0.113797 0.121386 0.130164 0.139778 0.141292 0.141973 0.141716 0.136286 0.130274 0.128559 0.129870 0.130361 0.134394 0.139908 0.145781 0.161542 0.180004 0.201289 0.228992 0.265768 0.300670 0.320771 0.338418 0.352478 0.362404
