tests/Borden05m/data_simulated/sim_1/output-maps/thetaliqL0006N0006.asc
ncols         160
nrows         34
xllcorner     620200.000000
yllcorner     5168000.000000
cellsize      0.500000
NODATA_value  -9999.0
[rows 0 to 27 of 34, columns 0 to 62 of 160]
-9999.0 -9999.0 -9999.0 -9999.0 -9999.0 -9999.0 -9999.0 -9999.0 -9999.0 -9999.0 -9999.0 -9999.0 -9999.0 -9999.0 -9999.0 -9999.0 -9999.0 -9999.0 -9999.0 -9999.0 -9999.0 -9999.0 -9999.0 -9999.0 -9999.0 -9999.0 -9999.0 -9999.0 -9999.0 -9999.0 -9999.0 -9999.0 -9999.0 -9999.0 -9999.0 -9999.0 -9999.0 -9999.0 -9999.0 -9999.0 -9999.0 -9999.0 -9999.0 -9999.0 -9999.0 -9999.0 -9999.0 -9999.0 -9999.0 -9999.0 -9999.0 -9999.0 -9999.0 -9999.0 -9999.0 -9999.0 -9999.0 -9999.0 -9999.0 -9999.0 -9999.0 -9999.0 -9999.0
-9999.0 -9999.0 -9999.0 -9999.0 -9999.0 -9999.0 -9999.0 -9999.0 -9999.0 -9999.0 -9999.0 -9999.0 -9999.0 -9999.0 -9999.0 -9999.0 -9999.0 -9999.0 -9999.0 -9999.0 -9999.0 -9999.0 -9999.0 -9999.0 -9999.0 -9999.0 -9999.0 -9999.0 -9999.0 -9999.0 -9999.0 -9999.0 -9999.0 -9999.0 -9999.0 -9999.0 -9999.0 -9999.0 -9999.0 -9999.0 -9999.0 -9999.0 -9999.0 -9999.0 -9999.0 -9999.0 -9999.0 -9999.0 -9999.0 -9999.0 -9999.0 -9999.0 -9999.0 -9999.0 -9999.0 -9999.0 -9999.0 -9999.0 -9999.0 0.202344 0.198227 0.194218 0.190502
-9999.0 -9999.0 -9999.0 -9999.0 -9999.0 -9999.0 -9999.0 -9999.0 -9999.0 -9999.0 -9999.0 -9999.0 -9999.0 -9999.0 -9999.0 -9999.0 -9999.0 -9999.0 -9999.0 -9999.0 -9999.0 -9999.0 -9999.0 -9999.0 -9999.0 -9999.0 -9999.0 -9999.0 -9999.0 -9999.0 -9999.0 -9999.0 -9999.0 -9999.0 -9999.0 -9999.0 -9999.0 -9999.0 -9999.0 -9999.0 -9999.0 -9999.0 -9999.0 -9999.0 -9999.0 -9999.0 -9999.0 0.131600 0.125089 0.119344 0.118869 0.126450 0.135249 0.145436 0.155373 0.165424 0.176686 0.189295 0.191488 0.184187 0.180968 0.178678 0.177077
-9999.0 -9999.0 -9999.0 -9999.0 -9999.0 -9999.0 -9999.0 -9999.0 -9999.0 -9999.0 -9999.0 -9999.0 -9999.0 -9999.0 -9999.0 -9999.0 -9999.0 -9999.0 -9999.0 -9999.0 -9999.0 -9999.0 -9999.0 -9999.0 -9999.0 -9999.0 -9999.0 -9999.0 -9999.0 -9999.0 -9999.0 -9999.0 -9999.0 -9999.0 -9999.0 -9999.0 -9999.0 -9999.0 -9999.0 -9999.0 0.152871 0.155848 0.156741 0.150918 0.145305 0.139972 0.131722 0.125071 0.119727 0.118711 0.119416 0.121254 0.129272 0.138753 0.147339 0.155954 0.166292 0.178191 0.179884 0.172813 0.167502 0.164969 0.164792
-9999.0 -9999.0 -9999.0 -9999.0 -9999.0 -9999.0 -9999.0 -9999.0 -9999.0 -9999.0 -9999.0 -9999.0 -9999.0 -9999.0 -9999.0 -9999.0 -9999.0 -9999.0 -9999.0 -9999.0 -9999.0 -9999.0 -9999.0 -9999.0 -9999.0 -9999.0 -9999.0 -9999.0 -9999.0 -9999.0 -9999.0 -9999.0 -9999.0 -9999.0 0.116817 0.122302 0.128532 0.135509 0.142489 0.145346 0.148072 0.150866 0.148775 0.146266 0.140936 0.133142 0.125631 0.120671 0.119658 0.118715 0.119992 0.124243 0.130051 0.136425 0.145444 0.156591 0.161213 0.167917 0.169493 0.166252 0.166495 0.167102 0.167779
-9999.0 -9999.0 -9999.0 -9999.0 -9999.0 -9999.0 -9999.0 -9999.0 -9999.0 -9999.0 -9999.0 -9999.0 -9999.0 -9999.0 -9999.0 -9999.0 -9999.0 -9999.0 -9999.0 -9999.0 -9999.0 -9999.0 -9999.0 -9999.0 -9999.0 -9999.0 -9999.0 -9999.0 0.118508 0.116658 0.115045 0.114513 0.114042 0.113587 0.115480 0.119137 0.125109 0.132898 0.137920 0.140815 0.143547 0.143760 0.141453 0.140253 0.140124 0.135049 0.130335 0.126205 0.122480 0.122012 0.125096 0.129855 0.135873 0.141893 0.148647 0.155381 0.162981 0.175380 0.180545 0.176276 0.172243 0.169661 0.169729
-9999.0 -9999.0 -9999.0 -9999.0 -9999.0 -9999.0 -9999.0 -9999.0 -9999.0 -9999.0 -9999.0 -9999.0 -9999.0 -9999.0 -9999.0 -9999.0 -9999.0 -9999.0 -9999.0 -9999.0 -9999.0 -9999.0 -9999.0 0.110556 0.112147 0.113832 0.115806 0.115955 0.114588 0.112898 0.111908 0.111367 0.110864 0.111881 0.114105 0.117996 0.122942 0.130433 0.133574 0.136190 0.141399 0.142036 0.143734 0.145326 0.144192 0.142800 0.137482 0.133765 0.136085 0.138540 0.140949 0.143858 0.149558 0.157204 0.166722 0.178902 0.192847 0.206128 0.218370 0.213238 0.206132 0.197297 0.197183
-9999.0 -9999.0 -9999.0 -9999.0 -9999.0 -9999.0 -9999.0 -9999.0 -9999.0 -9999.0 -9999.0 -9999.0 -9999.0 -9999.0 -9999.0 -9999.0 -9999.0 -9999.0 -9999.0 0.104799 0.104925 0.105060 0.106004 0.106185 0.106645 0.108228 0.110153 0.110542 0.110054 0.109489 0.109757 0.110301 0.111220 0.114225 0.118128 0.122446 0.127191 0.134956 0.140960 0.147185 0.154999 0.153730 0.150988 0.149466 0.149311 0.149364 0.152543 0.154363 0.156855 0.159881 0.163476 0.167934 0.173571 0.184754 0.198079 0.212336 0.226653 0.240820 0.255230 0.252022 0.242014 0.231688 0.231521
-9999.0 -9999.0 -9999.0 -9999.0 -9999.0 -9999.0 -9999.0 -9999.0 -9999.0 -9999.0 -9999.0 -9999.0 -9999.0 -9999.0 -9999.0 -9999.0 0.099230 0.099532 0.099856 0.100810 0.101188 0.101894 0.103212 0.103328 0.104070 0.105528 0.106574 0.108442 0.110234 0.112010 0.113460 0.114043 0.116123 0.118855 0.122476 0.127770 0.136109 0.145714 0.153307 0.161713 0.170867 0.170415 0.169150 0.169278 0.169348 0.174117 0.185518 0.189196 0.191446 0.204914 0.214972 0.218337 0.222899 0.235866 0.253938 0.274847 0.298829 0.313864 0.325966 0.329146 0.320791 0.317959 0.320918
-9999.0 -9999.0 -9999.0 -9999.0 -9999.0 -9999.0 -9999.0 -9999.0 -9999.0 -9999.0 -9999.0 -9999.0 -9999.0 0.092314 0.092876 0.094155 0.095288 0.095561 0.096099 0.096944 0.098998 0.099550 0.100638 0.102054 0.104282 0.106037 0.108076 0.110865 0.112961 0.114786 0.116677 0.118610 0.122885 0.128086 0.133981 0.142305 0.152103 0.162926 0.174913 0.183602 0.192571 0.194709 0.192467 0.192737 0.198012 0.211071 0.225070 0.234990 0.252614 0.271063 0.281882 0.291551 0.297663 0.305516 0.318236 0.338370 0.353829 0.362541 0.365918 0.367805 0.367910 0.368146 0.368369
-9999.0 -9999.0 -9999.0 -9999.0 -9999.0 -9999.0 -9999.0 -9999.0 -9999.0 -9999.0 0.087830 0.088121 0.087709 0.087821 0.088284 0.089631 0.091228 0.092128 0.093639 0.096768 0.099651 0.100203 0.103075 0.105062 0.106385 0.108800 0.111995 0.115438 0.120560 0.124554 0.128977 0.137072 0.143922 0.151272 0.159905 0.170372 0.183024 0.203495 0.223310 0.233776 0.252879 0.264374 0.260672 0.259733 0.264796 0.278578 0.296920 0.316056 0.330228 0.344289 0.353768 0.358893 0.361895 0.364498 0.366792 0.369273 0.369993 0.370000 0.370000 0.370000 0.370000 0.370000 0.370000
-9999.0 -9999.0 -9999.0 -9999.0 -9999.0 -9999.0 -9999.0 -9999.0 0.085385 0.086018 0.086652 0.086313 0.085799 0.085485 0.086728 0.088416 0.090279 0.092442 0.094706 0.097497 0.100242 0.103477 0.107595 0.110346 0.113320 0.117447 0.121492 0.127501 0.135410 0.141620 0.150514 0.161453 0.172204 0.182644 0.193944 0.205941 0.227309 0.253923 0.279081 0.297817 0.316528 0.331434 0.331757 0.333439 0.335933 0.348221 0.359389 0.366152 0.369112 0.369962 0.370000 0.370000 0.370000 0.370000 0.370000 0.370000 0.370000 0.370000 0.370000 0.370000 0.370000 0.370000 0.370000
-9999.0 -9999.0 -9999.0 -9999.0 -9999.0 -9999.0 0.083157 0.085286 0.086728 0.085912 0.085175 0.084857 0.084538 0.086180 0.088408 0.090362 0.092503 0.094959 0.097506 0.100183 0.107647 0.111365 0.115294 0.121281 0.125616 0.130312 0.136843 0.147016 0.158441 0.177510 0.197613 0.217113 0.236847 0.251609 0.265323 0.279833 0.303046 0.326888 0.345390 0.357261 0.364398 0.368069 0.368891 0.369277 0.369668 0.369971 0.370000 0.370000 0.370000 0.370000 0.370000 0.370000 0.370000 0.370000 0.370000 0.370000 0.370000 0.370000 0.370000 0.370000 0.370000 0.370000 0.370000
-9999.0 -9999.0 -9999.0 -9999.0 0.080664 0.082171 0.083861 0.086802 0.089322 0.088622 0.089494 0.089552 0.089391 0.089577 0.090160 0.092453 0.094920 0.097668 0.101054 0.109516 0.120807 0.126220 0.136501 0.150716 0.157335 0.164755 0.172936 0.186874 0.207452 0.233937 0.271744 0.301901 0.319287 0.332410 0.342332 0.352070 0.361784 0.367806 0.369835 0.370000 0.370000 0.370000 0.370000 0.370000 0.370000 0.370000 0.370000 0.370000 0.370000 0.370000 0.370000 0.370000 0.370000 0.370000 0.370000 0.370000 0.370000 0.370000 0.370000 0.370000 0.370000 0.370000 0.370000
-9999.0 -9999.0 -9999.0 0.077931 0.080171 0.082804 0.085223 0.088449 0.092399 0.093371 0.094516 0.095580 0.096734 0.098227 0.100086 0.103126 0.105825 0.108285 0.113329 0.124284 0.137843 0.153934 0.171264 0.190833 0.206743 0.217470 0.228947 0.247342 0.278392 0.308006 0.338762 0.359560 0.366801 0.369032 0.369795 0.369997 0.370000 0.370000 0.370000 0.370000 0.370000 0.370000 0.370000 0.370000 0.370000 0.370000 0.370000 0.370000 0.370000 0.370000 0.370000 0.370000 0.370000 0.370000 0.370000 0.370000 0.370000 0.370000 0.370000 0.370000 0.370000 0.370000 0.370000
-9999.0 -9999.0 0.075807 0.077444 0.079416 0.083143 0.088226 0.092363 0.098816 0.103819 0.105332 0.109821 0.114313 0.116716 0.121995 0.127831 0.131922 0.132392 0.136408 0.153147 0.184526 0.219492 0.246703 0.291511 0.314190 0.326535 0.332721 0.344296 0.356652 0.366667 0.369881 0.370000 0.370000 0.370000 0.370000 0.370000 0.370000 0.370000 0.370000 0.370000 0.370000 0.370000 0.370000 0.370000 0.370000 0.370000 0.370000 0.370000 0.370000 0.370000 0.370000 0.370000 0.370000 0.370000 0.370000 0.370000 0.370000 0.370000 0.370000 0.370000 0.370000 0.370000 0.370000
-9999.0 -9999.0 0.074889 0.076638 0.078895 0.084076 0.092318 0.098247 0.106984 0.118618 0.124702 0.133067 0.141737 0.151143 0.163230 0.177250 0.178031 0.178528 0.177091 0.213539 0.258840 0.309365 0.351440 0.365881 0.369196 0.369514 0.369705 0.369967 0.370000 0.370000 0.370000 0.370000 0.370000 0.370000 0.370000 0.370000 0.370000 0.370000 0.370000 0.370000 0.370000 0.370000 0.370000 0.370000 0.370000 0.370000 0.370000 0.370000 0.370000 0.370000 0.370000 0.370000 0.370000 0.370000 0.370000 0.370000 0.370000 0.370000 0.370000 0.370000 0.370000 0.370000 0.370000
-9999.0 0.072440 0.073796 0.075696 0.079217 0.084450 0.095029 0.111755 0.126180 0.142060 0.155170 0.166455 0.204334 0.242710 0.263236 0.286285 0.282646 0.278718 0.270821 0.301585 0.338117 0.367348 0.370000 0.370000 0.370000 0.370000 0.370000 0.370000 0.370000 0.370000 0.370000 0.370000 0.370000 0.370000 0.370000 0.370000 0.370000 0.370000 0.370000 0.370000 0.370000 0.370000 0.370000 0.370000 0.370000 0.370000 0.370000 0.370000 0.370000 0.370000 0.370000 0.370000 0.370000 0.370000 0.370000 0.370000 0.370000 0.370000 0.370000 0.370000 0.370000 0.370000 0.370000
-9999.0 0.071737 0.073118 0.075476 0.078963 0.085113 0.101435 0.138266 0.159025 0.177517 0.197170 0.235563 0.304794 0.345713 0.359402 0.366539 0.366146 0.364184 0.364037 0.368533 0.369996 0.370000 0.370000 0.370000 0.370000 0.370000 0.370000 0.370000 0.370000 0.370000 0.370000 0.370000 0.370000 0.370000 0.370000 0.370000 0.370000 0.370000 0.370000 0.370000 0.370000 0.370000 0.370000 0.370000 0.370000 0.370000 0.370000 0.370000 0.370000 0.370000 0.370000 0.370000 0.370000 0.370000 0.370000 0.370000 0.370000 0.370000 0.370000 0.370000 0.370000 0.370000 0.370000
-9999.0 0.071342 0.072763 0.074730 0.078136 0.088672 0.109729 0.157168 0.212480 0.239101 0.280551 0.342175 0.368686 0.370000 0.370000 0.370000 0.370000 0.370000 0.370000 0.370000 0.370000 0.370000 0.370000 0.370000 0.370000 0.370000 0.370000 0.370000 0.370000 0.370000 0.370000 0.370000 0.370000 0.370000 0.370000 0.370000 0.370000 0.370000 0.370000 0.370000 0.370000 0.370000 0.370000 0.370000 0.370000 0.370000 0.370000 0.370000 0.370000 0.370000 0.370000 0.370000 0.370000 0.370000 0.370000 0.370000 0.370000 0.370000 0.370000 0.370000 0.370000 0.370000 0.370000
-9999.0 0.070164 0.071359 0.072722 0.078022 0.092324 0.118024 0.192936 0.290535 0.323026 0.363575 0.370000 0.370000 0.370000 0.370000 0.370000 0.370000 0.370000 0.370000 0.370000 0.370000 0.370000 0.370000 0.370000 0.370000 0.370000 0.370000 0.370000 0.370000 0.370000 0.370000 0.370000 0.370000 0.370000 0.370000 0.370000 0.370000 0.370000 0.370000 0.370000 0.370000 0.370000 0.370000 0.370000 0.370000 0.370000 0.370000 0.370000 0.370000 0.370000 0.370000 0.370000 0.370000 0.370000 0.370000 0.370000 0.370000 0.370000 0.370000 0.370000 0.370000 0.370000 0.370000
-9999.0 0.069350 0.070156 0.071918 0.076915 0.089635 0.121569 0.213737 0.339755 0.367223 0.370000 0.370000 0.370000 0.370000 0.370000 0.370000 0.370000 0.370000 0.370000 0.370000 0.370000 0.370000 0.370000 0.370000 0.370000 0.370000 0.370000 0.370000 0.370000 0.370000 0.370000 0.370000 0.370000 0.370000 0.370000 0.370000 0.370000 0.370000 0.370000 0.370000 0.370000 0.370000 0.370000 0.370000 0.370000 0.370000 0.370000 0.370000 0.370000 0.370000 0.370000 0.370000 0.370000 0.370000 0.370000 0.370000 0.370000 0.370000 0.370000 0.370000 0.370000 0.370000 0.370000
-9999.0 0.068770 0.069626 0.070960 0.074217 0.081130 0.097110 0.148752 0.258072 0.365050 0.370000 0.370000 0.370000 0.370000 0.370000 0.370000 0.370000 0.370000 0.370000 0.370000 0.370000 0.370000 0.370000 0.370000 0.370000 0.370000 0.370000 0.370000 0.370000 0.370000 0.370000 0.370000 0.370000 0.370000 0.370000 0.370000 0.370000 0.370000 0.370000 0.370000 0.370000 0.370000 0.370000 0.370000 0.370000 0.370000 0.370000 0.370000 0.370000 0.370000 0.370000 0.370000 0.370000 0.370000 0.370000 0.370000 0.370000 0.370000 0.370000 0.369999 0.369314 0.366776 0.365181
-9999.0 -9999.0 0.069069 0.070123 0.072025 0.075958 0.084353 0.109275 0.172358 0.310501 0.364340 0.370000 0.370000 0.370000 0.370000 0.370000 0.370000 0.370000 0.370000 0.370000 0.370000 0.370000 0.370000 0.370000 0.370000 0.370000 0.370000 0.370000 0.370000 0.370000 0.370000 0.370000 0.370000 0.370000 0.370000 0.370000 0.370000 0.370000 0.370000 0.370000 0.370000 0.370000 0.370000 0.370000 0.370000 0.370000 0.370000 0.370000 0.370000 0.370000 0.370000 0.370000 0.370000 0.370000 0.370000 0.369999 0.369849 0.368823 0.366012 0.356984 0.340067 0.316514 0.293526
-9999.0 -9999.0 0.068572 0.069317 0.070693 0.073263 0.077442 0.086164 0.114482 0.164528 0.231312 0.299437 0.342900 0.362459 0.369245 0.370000 0.370000 0.370000 0.370000 0.370000 0.370000 0.370000 0.370000 0.370000 0.370000 0.370000 0.370000 0.370000 0.370000 0.370000 0.370000 0.370000 0.370000 0.370000 0.370000 0.370000 0.370000 0.370000 0.370000 0.369999 0.369952 0.369744 0.369589 0.369521 0.369498 0.369393 0.369207 0.368600 0.367515 0.366415 0.365266 0.364035 0.363059 0.360862 0.357496 0.354241 0.346483 0.334676 0.319304 0.296533 0.266125 0.240819 0.216748
-9999.0 -9999.0 -9999.0 0.068779 0.069544 0.070630 0.072413 0.074809 0.080231 0.091424 0.109851 0.140587 0.172461 0.205780 0.243555 0.285351 0.310157 0.320968 0.327748 0.349826 0.358514 0.365534 0.368510 0.369313 0.369789 0.369960 0.369978 0.369918 0.369727 0.369074 0.367202 0.363724 0.360689 0.360562 0.360595 0.361214 0.359728 0.357786 0.353252 0.347158 0.340484 0.335100 0.332705 0.330323 0.328762 0.326666 0.324454 0.320148 0.314418 0.308359 0.303232 0.300991 0.298587 0.294957 0.289893 0.284575 0.276023 0.255728 0.235735 0.214969 0.192436 0.172293 0.155425
-9999.0 -9999.0 -9999.0 -9999.0 -9999.0 0.069101 0.070017 0.071293 0.073020 0.075463 0.079755 0.088022 0.094557 0.103233 0.115958 0.129687 0.143614 0.161026 0.186978 0.215725 0.249379 0.276142 0.301970 0.320913 0.329424 0.336919 0.339647 0.334842 0.329400 0.320496 0.304641 0.288390 0.284412 0.284534 0.284763 0.283453 0.279458 0.275288 0.269625 0.259021 0.249491 0.245169 0.242021 0.238897 0.235678 0.232937 0.230341 0.227740 0.221223 0.215915 0.216263 0.214465 0.212675 0.210919 0.206402 0.201510 0.195700 0.179446 0.166366 0.157867 0.142576 0.130867 0.123654
-9999.0 -9999.0 -9999.0 -9999.0 -9999.0 -9999.0 0.068789 0.069458 0.070263 0.071412 0.073250 0.075652 0.077075 0.079731 0.083439 0.088590 0.095893 0.103252 0.112814 0.125379 0.141802 0.158530 0.178936 0.201814 0.211937 0.220390 0.228814 0.222080 0.215265 0.208536 0.193556 0.190345 0.186442 0.186475 0.186280 0.186137 0.182828 0.179292 0.175974 0.169479 0.166390 0.163147 0.160909 0.158803 0.156692 0.154948 0.153669 0.152441 0.149458 0.149908 0.150143 0.149288 0.148250 0.147174 0.144406 0.140729 0.137268 0.130679 0.125517 0.120753 0.113260 0.108331 0.103881
