tests/Borden05m/data_simulated/sim_1/output-maps/watertableN0004.asc
ncols         160
nrows         34
xllcorner     620200.000000
yllcorner     5168000.000000
cellsize      0.500000
NODATA_value  -9999.0
[rows 0 to 25 of 34, columns 0 to 58 of 160]
-9999.0 -9999.0 -9999.0 -9999.0 -9999.0 -9999.0 -9999.0 -9999.0 -9999.0 -9999.0 -9999.0 -9999.0 -9999.0 -9999.0 -9999.0 -9999.0 -9999.0 -9999.0 -9999.0 -9999.0 -9999.0 -9999.0 -9999.0 -9999.0 -9999.0 -9999.0 -9999.0 -9999.0 -9999.0 -9999.0 -9999.0 -9999.0 -9999.0 -9999.0 -9999.0 -9999.0 -9999.0 -9999.0 -9999.0 -9999.0 -9999.0 -9999.0 -9999.0 -9999.0 -9999.0 -9999.0 -9999.0 -9999.0 -9999.0 -9999.0 -9999.0 -9999.0 -9999.0 -9999.0 -9999.0 -9999.0 -9999.0 -9999.0 -9999.0
-9999.0 -9999.0 -9999.0 -9999.0 -9999.0 -9999.0 -9999.0 -9999.0 -9999.0 -9999.0 -9999.0 -9999.0 -9999.0 -9999.0 -9999.0 -9999.0 -9999.0 -9999.0 -9999.0 -9999.0 -9999.0 -9999.0 -9999.0 -9999.0 -9999.0 -9999.0 -9999.0 -9999.0 -9999.0 -9999.0 -9999.0 -9999.0 -9999.0 -9999.0 -9999.0 -9999.0 -9999.0 -9999.0 -9999.0 -9999.0 -9999.0 -9999.0 -9999.0 -9999.0 -9999.0 -9999.0 -9999.0 -9999.0 -9999.0 -9999.0 -9999.0 -9999.0 -9999.0 -9999.0 -9999.0 -9999.0 -9999.0 -9999.0 -9999.0
-9999.0 -9999.0 -9999.0 -9999.0 -9999.0 -9999.0 -9999.0 -9999.0 -9999.0 -9999.0 -9999.0 -9999.0 -9999.0 -9999.0 -9999.0 -9999.0 -9999.0 -9999.0 -9999.0 -9999.0 -9999.0 -9999.0 -9999.0 -9999.0 -9999.0 -9999.0 -9999.0 -9999.0 -9999.0 -9999.0 -9999.0 -9999.0 -9999.0 -9999.0 -9999.0 -9999.0 -9999.0 -9999.0 -9999.0 -9999.0 -9999.0 -9999.0 -9999.0 -9999.0 -9999.0 -9999.0 -9999.0 1017.743772 1035.085818 1051.441599 1053.371279 1030.980808 1008.013212 984.739411 964.634445 900.000000 900.000000 900.000000 900.000000
-9999.0 -9999.0 -9999.0 -9999.0 -9999.0 -9999.0 -9999.0 -9999.0 -9999.0 -9999.0 -9999.0 -9999.0 -9999.0 -9999.0 -9999.0 -9999.0 -9999.0 -9999.0 -9999.0 -9999.0 -9999.0 -9999.0 -9999.0 -9999.0 -9999.0 -9999.0 -9999.0 -9999.0 -9999.0 -9999.0 -9999.0 -9999.0 -9999.0 -9999.0 -9999.0 -9999.0 -9999.0 -9999.0 -9999.0 -9999.0 970.335824 964.592063 963.169082 973.982634 985.308262 997.220697 1017.039944 1034.767866 1050.083528 1052.947359 1050.500306 1045.122355 1022.579875 998.688055 979.594937 962.655023 900.000000 900.000000 900.000000
-9999.0 -9999.0 -9999.0 -9999.0 -9999.0 -9999.0 -9999.0 -9999.0 -9999.0 -9999.0 -9999.0 -9999.0 -9999.0 -9999.0 -9999.0 -9999.0 -9999.0 -9999.0 -9999.0 -9999.0 -9999.0 -9999.0 -9999.0 -9999.0 -9999.0 -9999.0 -9999.0 -9999.0 -9999.0 -9999.0 -9999.0 -9999.0 -9999.0 -9999.0 1061.176909 1043.868020 1026.070445 1008.082378 991.794948 985.362167 979.608457 973.965577 978.090888 982.999795 994.376631 1013.021117 1032.626855 1046.764105 1049.399525 1052.092844 1047.929342 1035.189698 1018.900509 1002.915260 982.466346 959.844938 900.000000 900.000000 900.000000
-9999.0 -9999.0 -9999.0 -9999.0 -9999.0 -9999.0 -9999.0 -9999.0 -9999.0 -9999.0 -9999.0 -9999.0 -9999.0 -9999.0 -9999.0 -9999.0 -9999.0 -9999.0 -9999.0 -9999.0 -9999.0 -9999.0 -9999.0 -9999.0 -9999.0 -9999.0 -9999.0 -9999.0 1056.153640 1062.134430 1067.395152 1069.073677 1070.557949 1071.908237 1065.171860 1053.141449 1035.217105 1014.092861 1001.604473 994.707886 988.403245 987.786014 992.759251 995.094893 995.116394 1006.879049 1018.568571 1029.513755 1040.031845 1041.461254 1032.217671 1018.733631 1003.163730 988.855806 974.037198 961.859524 900.000000 900.000000 900.000000
-9999.0 -9999.0 -9999.0 -9999.0 -9999.0 -9999.0 -9999.0 -9999.0 -9999.0 -9999.0 -9999.0 -9999.0 -9999.0 -9999.0 -9999.0 -9999.0 -9999.0 -9999.0 -9999.0 -9999.0 -9999.0 -9999.0 -9999.0 1084.855624 1078.987172 1072.683514 1065.541132 1064.843415 1069.213815 1075.013256 1078.339261 1080.095781 1081.901201 1077.747535 1069.693647 1056.345899 1040.810203 1019.602230 1011.315880 1005.050336 992.985349 990.927788 986.328443 982.649588 984.702957 987.616029 999.699090 1008.674918 1003.350349 997.532525 991.412839 984.238174 971.667364 956.612996 900.000000 900.000000 898.657904 879.667862 863.718206
-9999.0 -9999.0 -9999.0 -9999.0 -9999.0 -9999.0 -9999.0 -9999.0 -9999.0 -9999.0 -9999.0 -9999.0 -9999.0 -9999.0 -9999.0 -9999.0 -9999.0 -9999.0 -9999.0 1100.000000 1100.000000 1100.000000 1100.000000 1100.000000 1100.000000 1093.580346 1085.699376 1083.776837 1085.582001 1087.394410 1086.105069 1083.695249 1079.758521 1068.663658 1055.202031 1041.433789 1027.719159 1007.342805 992.998763 979.514499 963.857163 965.400342 970.030738 972.433522 972.311327 972.040701 966.623339 963.329091 957.847105 900.000000 900.000000 900.000000 900.000000 900.000000 889.624024 870.035307 851.506665 833.261121 815.062971
-9999.0 -9999.0 -9999.0 -9999.0 -9999.0 -9999.0 -9999.0 -9999.0 -9999.0 -9999.0 -9999.0 -9999.0 -9999.0 -9999.0 -9999.0 -9999.0 1100.000000 1100.000000 1100.000000 1100.000000 1100.000000 1100.000000 1100.000000 1100.000000 1100.000000 1100.000000 1099.581237 1091.322141 1083.774434 1076.776289 1071.163563 1068.765578 1061.436946 1052.129761 1040.604775 1025.434402 1004.101400 981.900132 966.103951 900.000000 900.000000 900.000000 900.000000 900.000000 900.000000 900.000000 900.000000 900.000000 899.892800 881.817785 867.962028 862.776863 855.707909 838.106465 815.024530 789.457877 758.275180 700.000000 700.000000
-9999.0 -9999.0 -9999.0 -9999.0 -9999.0 -9999.0 -9999.0 -9999.0 -9999.0 -9999.0 -9999.0 -9999.0 -9999.0 1181.847005 1177.798289 1168.674156 1160.351769 1158.211194 1154.396131 1100.000000 1100.000000 1100.000000 1100.000000 1100.000000 1100.000000 1100.000000 1092.213822 1080.824419 1072.727248 1065.862259 1059.098989 1053.006317 1039.757908 1024.774127 1009.251380 989.452474 968.334926 900.000000 900.000000 900.000000 899.166185 896.031605 897.888811 896.359118 888.522206 870.870743 852.201304 840.052341 818.760698 795.264975 780.792858 767.601394 758.137849 700.000000 700.000000 688.021347 650.804954 619.256820 597.576865
-9999.0 -9999.0 -9999.0 -9999.0 -9999.0 -9999.0 -9999.0 -9999.0 -9999.0 -9999.0 1215.929289 1213.523831 1217.064047 1216.751842 1212.133258 1200.422549 1187.341422 1180.761329 1169.725455 1100.000000 1100.000000 1100.000000 1100.000000 1100.000000 1099.096055 1088.836105 1076.119189 1063.554205 1046.783184 1034.514171 1022.395261 1002.322638 986.253029 970.300919 900.000000 900.000000 900.000000 884.508912 857.852869 844.013299 820.341241 806.387839 809.312823 809.153070 801.326332 783.709462 759.479738 700.000000 700.000000 678.383343 655.896048 639.294526 625.777728 609.144597 588.351600 551.137731 500.000000 453.678271 383.594305
-9999.0 -9999.0 -9999.0 -9999.0 -9999.0 -9999.0 -9999.0 -9999.0 1239.818488 1232.948796 1226.854387 1229.990958 1234.761041 1238.357068 1225.355778 1209.830679 1194.166714 1177.331076 1161.733123 1100.000000 1100.000000 1100.000000 1094.051621 1082.669541 1071.269538 1056.532829 1043.263256 1025.917170 1005.055269 990.996190 972.673184 900.000000 900.000000 900.000000 896.926682 879.184186 851.336372 817.566673 785.173646 759.751877 700.000000 700.000000 700.000000 698.356615 692.627001 665.822616 632.973143 596.038420 557.892988 500.000000 476.474653 445.953481 418.137075 325.000000 300.420954 200.000000 200.000000 110.000000 20.000000
-9999.0 -9999.0 -9999.0 -9999.0 -9999.0 -9999.0 1265.695848 1241.727164 1227.089544 1235.027813 1243.885450 1247.451839 1251.262727 1230.843555 1209.661420 1193.034326 1176.647011 1159.629083 1100.000000 1100.000000 1095.510437 1079.257142 1064.823622 1045.847648 1032.134269 1018.408925 1001.455370 978.336231 955.778762 900.000000 894.885309 868.576086 842.299394 822.617522 804.123299 784.700785 752.458028 700.000000 675.457585 642.443444 609.844595 573.799942 558.074392 500.000000 500.000000 500.000000 468.021376 396.151401 288.770035 200.000000 110.000000 110.000000 50.000000 20.000000 0.000000 0.000000 0.000000 0.000000 0.000000
-9999.0 -9999.0 -9999.0 -9999.0 1298.742521 1277.968493 1257.781534 1227.218817 1204.860318 1210.281934 1203.362734 1203.088251 1204.679327 1201.933952 1195.998218 1178.364179 1160.759174 1100.000000 1100.000000 1088.388855 1046.853805 1030.709036 1004.716549 973.030356 959.388864 900.000000 900.000000 900.000000 878.265490 843.498037 796.731956 756.311804 700.000000 700.000000 682.461957 658.299673 623.759757 580.301374 500.000000 481.429120 418.719554 325.000000 200.000000 200.000000 200.000000 200.000000 110.000000 50.000000 0.000000 0.000000 0.000000 0.000000 0.000000 0.000000 0.000000 0.000000 0.000000 0.000000 0.000000
-9999.0 -9999.0 -9999.0 1300.000000 1300.000000 1270.982135 1243.822910 1213.080421 1181.572549 1175.861896 1167.541693 1161.632692 1155.594707 1100.000000 1100.000000 1100.000000 1100.000000 1093.580133 1072.793675 1036.589530 1000.919910 967.632594 900.000000 900.000000 882.543055 867.018587 850.359972 826.255694 786.253802 700.000000 691.775251 635.037801 589.989650 557.927687 500.000000 499.020209 460.528923 325.000000 276.675969 200.000000 110.000000 0.000000 0.000000 0.000000 0.000000 0.000000 0.000000 0.000000 0.000000 0.000000 0.000000 0.000000 0.000000 0.000000 0.000000 0.000000 0.000000 0.000000 0.000000
-9999.0 -9999.0 1393.204267 1355.917612 1300.000000 1270.035366 1217.439433 1183.844541 1100.000000 1100.000000 1100.000000 1093.125864 1076.290682 1068.008312 1051.265920 1033.915263 1019.969968 1016.139382 1002.949598 968.349760 900.000000 865.994725 833.301140 776.429903 700.000000 700.000000 700.000000 680.232010 645.380417 593.561370 500.000000 454.621492 325.000000 200.000000 200.000000 200.000000 110.000000 50.000000 0.000000 0.000000 0.000000 0.000000 0.000000 0.000000 0.000000 0.000000 0.000000 0.000000 0.000000 0.000000 0.000000 0.000000 0.000000 0.000000 0.000000 0.000000 0.000000 0.000000 0.000000
-9999.0 -9999.0 1419.033596 1374.573636 1300.000000 1263.656317 1186.491489 1100.000000 1100.000000 1061.250101 1042.178280 1018.191620 1000.074972 982.922903 958.591409 900.000000 900.000000 900.000000 900.000000 871.117902 811.897222 700.000000 670.995704 603.688868 558.701721 500.000000 500.000000 500.000000 473.389668 325.000000 200.000000 110.000000 0.000000 0.000000 0.000000 0.000000 0.000000 0.000000 0.000000 0.000000 0.000000 0.000000 0.000000 0.000000 0.000000 0.000000 0.000000 0.000000 0.000000 0.000000 0.000000 0.000000 0.000000 0.000000 0.000000 0.000000 0.000000 0.000000 0.000000
-9999.0 1500.000000 1454.773251 1400.772278 1300.000000 1261.238455 1175.058352 1093.448819 1041.531324 998.192995 969.324271 900.000000 897.075161 846.896138 818.531612 788.205902 789.473842 790.697395 798.940236 754.861475 695.147809 592.814365 411.180117 291.064310 200.000000 200.000000 200.000000 200.000000 110.000000 20.000000 0.000000 0.000000 0.000000 0.000000 0.000000 0.000000 0.000000 0.000000 0.000000 0.000000 0.000000 0.000000 0.000000 0.000000 0.000000 0.000000 0.000000 0.000000 0.000000 0.000000 0.000000 0.000000 0.000000 0.000000 0.000000 0.000000 0.000000 0.000000 0.000000
-9999.0 1500.000000 1481.799315 1409.178039 1300.000000 1261.954339 1100.000000 1015.407393 967.349775 900.000000 900.000000 856.725703 765.454966 690.228821 645.291654 599.566406 601.729565 614.400963 617.185802 577.885046 500.000000 325.000000 50.000000 0.000000 0.000000 0.000000 0.000000 0.000000 0.000000 0.000000 0.000000 0.000000 0.000000 0.000000 0.000000 0.000000 0.000000 0.000000 0.000000 0.000000 0.000000 0.000000 0.000000 0.000000 0.000000 0.000000 0.000000 0.000000 0.000000 0.000000 0.000000 0.000000 0.000000 0.000000 0.000000 0.000000 0.000000 0.000000 0.000000
-9999.0 1569.697480 1498.638269 1433.310439 1362.244924 1237.955503 1100.000000 979.013941 888.997166 850.760003 801.856397 700.000000 587.275424 452.026182 325.000000 200.000000 200.000000 200.000000 200.000000 200.000000 50.000000 0.000000 0.000000 0.000000 0.000000 0.000000 0.000000 0.000000 0.000000 0.000000 0.000000 0.000000 0.000000 0.000000 0.000000 0.000000 0.000000 0.000000 0.000000 0.000000 0.000000 0.000000 0.000000 0.000000 0.000000 0.000000 0.000000 0.000000 0.000000 0.000000 0.000000 0.000000 0.000000 0.000000 0.000000 0.000000 0.000000 0.000000 0.000000
-9999.0 1666.273374 1577.780911 1500.000000 1389.168501 1213.972747 1085.567284 900.000000 791.549841 700.000000 637.176409 492.119381 287.496960 50.000000 0.000000 0.000000 0.000000 0.000000 0.000000 0.000000 0.000000 0.000000 0.000000 0.000000 0.000000 0.000000 0.000000 0.000000 0.000000 0.000000 0.000000 0.000000 0.000000 0.000000 0.000000 0.000000 0.000000 0.000000 0.000000 0.000000 0.000000 0.000000 0.000000 0.000000 0.000000 0.000000 0.000000 0.000000 0.000000 0.000000 0.000000 0.000000 0.000000 0.000000 0.000000 0.000000 0.000000 0.000000 0.000000
-9999.0 1700.000000 1669.698357 1571.779470 1420.550926 1248.470473 1098.285330 900.000000 700.000000 606.009875 464.303660 307.823520 50.000000 0.000000 0.000000 0.000000 0.000000 0.000000 0.000000 0.000000 0.000000 0.000000 0.000000 0.000000 0.000000 0.000000 0.000000 0.000000 0.000000 0.000000 0.000000 0.000000 0.000000 0.000000 0.000000 0.000000 0.000000 0.000000 0.000000 0.000000 0.000000 0.000000 0.000000 0.000000 0.000000 0.000000 0.000000 0.000000 0.000000 0.000000 0.000000 0.000000 0.000000 0.000000 0.000000 0.000000 0.000000 0.000000 110.000000
-9999.0 1847.679719 1700.000000 1624.099688 1490.736693 1300.000000 1203.494953 1025.234415 857.161455 632.451176 325.000000 200.000000 20.000000 0.000000 0.000000 0.000000 0.000000 0.000000 0.000000 0.000000 0.000000 0.000000 0.000000 0.000000 0.000000 0.000000 0.000000 0.000000 0.000000 0.000000 0.000000 0.000000 0.000000 0.000000 0.000000 0.000000 0.000000 0.000000 0.000000 0.000000 0.000000 0.000000 0.000000 0.000000 0.000000 0.000000 0.000000 0.000000 0.000000 0.000000 50.000000 50.000000 110.000000 110.000000 110.000000 200.000000 200.000000 325.000000 437.220016
-9999.0 -9999.0 1800.327369 1685.099681 1569.691528 1438.271732 1300.000000 1100.000000 981.623216 781.277457 644.577753 500.000000 325.000000 200.000000 110.000000 50.000000 0.000000 0.000000 0.000000 0.000000 0.000000 0.000000 0.000000 0.000000 0.000000 0.000000 0.000000 0.000000 0.000000 0.000000 0.000000 0.000000 50.000000 110.000000 50.000000 50.000000 50.000000 50.000000 110.000000 110.000000 110.000000 200.000000 200.000000 200.000000 200.000000 200.000000 200.000000 200.000000 200.000000 325.000000 325.000000 406.080539 426.048156 450.023786 471.807516 494.185348 500.000000 563.405678 597.383977
-9999.0 -9999.0 1887.046492 1773.737507 1652.318699 1500.000000 1411.855594 1300.000000 1100.000000 1008.463365 896.271337 795.248305 700.000000 641.762520 584.132262 500.000000 452.361884 422.347187 412.167655 325.000000 304.036030 200.000000 200.000000 200.000000 200.000000 193.977374 110.000000 197.974255 200.000000 200.000000 292.403165 325.000000 421.970737 439.202922 431.542901 415.760792 425.421139 447.459471 473.436974 498.103816 500.000000 500.000000 500.000000 500.000000 500.000000 500.000000 500.000000 562.543286 579.145405 593.085707 605.341576 615.048319 621.119566 631.067191 642.922251 652.196051 672.515660 699.193865 700.000000
-9999.0 -9999.0 -9999.0 1841.850428 1700.000000 1668.406805 1566.511996 1493.600776 1404.964128 1282.557195 1166.085789 1052.852520 981.129638 900.000000 866.435577 811.525855 771.693084 700.000000 700.000000 675.988145 642.748366 602.687837 568.429247 500.000000 500.000000 500.000000 500.000000 500.000000 500.000000 556.929545 585.966952 615.625928 632.749642 633.998526 634.651009 632.599421 638.868095 645.406180 658.218223 672.223386 685.943459 695.436981 699.783228 700.000000 700.000000 700.000000 700.000000 700.000000 700.000000 700.000000 700.000000 754.899243 759.208276 764.654154 772.071634 780.197548 791.748638 818.471425 844.281119
