tests/Borden05m/data_simulated/sim_1/output-maps/watertableN0009.asc
ncols         160
nrows         34
xllcorner     620200.000000
yllcorner     5168000.000000
cellsize      0.500000
NODATA_value  -9999.0
[rows 0 to 25 of 34, columns 58 to 115 of 160]
-9999.0 -9999.0 -9999.0 -9999.0 -9999.0 -9999.0 -9999.0 -9999.0 -9999.0 -9999.0 -9999.0 -9999.0 -9999.0 -9999.0 -9999.0 -9999.0 -9999.0 -9999.0 -9999.0 -9999.0 -9999.0 -9999.0 -9999.0 -9999.0 -9999.0 -9999.0 -9999.0 -9999.0 -9999.0 -9999.0 -9999.0 -9999.0 -9999.0 -9999.0 -9999.0 -9999.0 -9999.0 -9999.0 -9999.0 -9999.0 -9999.0 -9999.0 -9999.0 -9999.0 -9999.0 -9999.0 -9999.0 -9999.0 -9999.0 -9999.0 -9999.0 -9999.0 -9999.0 -9999.0 -9999.0 -9999.0 -9999.0 -9999.0
-9999.0 886.320648 891.795106 897.116358 900.000000 900.000000 900.000000 900.000000 900.000000 900.000000 900.000000 900.000000 900.000000 900.000000 900.000000 900.000000 900.000000 900.000000 899.412227 898.808696 899.991066 900.000000 900.000000 900.000000 900.000000 900.000000 900.000000 900.000000 900.000000 900.000000 900.000000 900.000000 900.000000 900.000000 900.000000 894.430392 882.896997 877.466569 872.441759 869.349728 873.339990 876.864435 880.539350 885.245705 896.070920 -9999.0 -9999.0 -9999.0 -9999.0 -9999.0 -9999.0 -9999.0 -9999.0 -9999.0 -9999.0 -9999.0 -9999.0 -9999.0
900.000000 900.000000 900.000000 900.000000 900.000000 900.000000 900.000000 900.000000 900.000000 900.000000 900.000000 900.000000 900.000000 900.000000 900.000000 900.000000 900.000000 900.000000 900.000000 900.000000 900.000000 900.000000 900.000000 900.000000 900.000000 900.000000 900.000000 900.000000 900.000000 900.000000 900.000000 900.000000 900.000000 900.000000 900.000000 900.000000 896.242578 884.247098 879.175259 881.545791 886.518023 890.233860 896.597939 900.000000 900.000000 900.000000 900.000000 900.000000 900.000000 900.000000 900.000000 900.000000 900.000000 900.000000 888.903014 -9999.0 -9999.0 -9999.0
900.000000 900.000000 900.000000 900.000000 900.000000 900.000000 900.000000 900.000000 900.000000 900.000000 900.000000 900.000000 900.000000 900.000000 900.000000 900.000000 900.000000 900.000000 900.000000 900.000000 900.000000 900.000000 900.000000 900.000000 900.000000 900.000000 900.000000 900.000000 900.000000 900.000000 900.000000 900.000000 900.000000 900.000000 900.000000 900.000000 899.554123 892.751857 888.318206 891.433916 892.771979 900.000000 900.000000 900.000000 900.000000 900.000000 900.000000 900.000000 960.616537 954.003166 900.000000 900.000000 900.000000 900.000000 900.000000 897.127139 895.269160 895.772736
900.000000 900.000000 900.000000 900.000000 900.000000 900.000000 900.000000 900.000000 900.000000 900.000000 900.000000 900.000000 900.000000 900.000000 900.000000 900.000000 900.000000 900.000000 896.978715 896.579219 896.399149 897.744295 898.605388 899.013400 900.000000 900.000000 897.444913 896.664215 891.636084 886.086744 883.414906 891.711239 900.000000 900.000000 892.949224 885.274664 878.110686 867.467660 856.186753 857.589999 863.510367 872.630564 886.431817 900.000000 900.000000 900.000000 900.000000 954.145886 955.094211 957.652345 900.000000 900.000000 900.000000 900.000000 900.000000 900.000000 900.000000 900.000000
900.000000 900.000000 900.000000 900.000000 900.000000 900.000000 900.000000 900.000000 892.338129 877.112909 873.961918 871.077507 871.179139 880.558399 890.643673 894.799484 880.144064 864.523376 856.059667 854.650731 853.720810 845.549442 847.272688 849.721974 854.934612 852.415516 849.437031 838.109274 830.525864 823.842432 825.709011 837.283983 848.172780 850.260126 848.525432 846.537455 840.820569 830.599180 820.744070 825.813137 833.837471 845.082407 874.379002 900.000000 900.000000 900.000000 900.000000 900.000000 900.000000 900.000000 900.000000 900.000000 900.000000 900.000000 900.000000 900.000000 900.000000 900.000000
853.732414 859.185754 867.348193 877.874680 877.299021 873.534379 864.896307 851.118960 831.956559 806.969066 801.845126 796.892807 792.516791 803.143109 815.493763 827.315908 811.769054 801.565983 791.608461 787.109532 774.643053 763.694530 768.140661 776.556154 785.756902 779.008033 764.806197 700.000000 700.000000 700.000000 700.000000 700.000000 754.374678 757.597611 757.663235 761.690008 758.839651 700.000000 700.000000 700.000000 700.000000 770.801694 808.704590 845.364918 868.767204 866.066870 873.435568 880.388034 885.465662 900.000000 900.000000 900.000000 900.000000 900.000000 900.000000 900.000000 900.000000 900.000000
800.181007 802.886090 813.358645 825.141121 824.617828 815.851975 805.456126 785.187158 758.730002 700.000000 700.000000 700.000000 692.282703 699.380036 700.000000 700.000000 700.000000 700.000000 685.948873 671.345029 655.702665 641.362536 647.182798 657.057549 659.797194 654.552514 635.457292 617.955205 610.839555 607.138865 601.493595 608.631373 618.250370 628.753450 638.336225 646.834901 652.149784 636.171860 620.747898 624.421476 652.869246 682.770283 700.000000 764.583501 801.882484 809.267809 812.947432 816.536317 833.517495 850.463453 870.085290 882.117453 892.203599 900.000000 900.000000 899.271764 889.814531 881.202845
688.397133 680.915607 693.567443 697.380217 691.259868 678.270682 669.994310 653.043281 618.559654 567.870820 500.000000 470.138505 459.858025 475.210542 497.264654 500.000000 500.000000 500.000000 486.138240 458.786144 439.794512 425.876053 418.057401 418.929522 418.883244 416.306028 412.335027 406.169398 400.066023 394.362830 388.004822 325.000000 395.855185 403.601842 412.655919 420.789298 422.921374 423.807702 416.989911 419.658819 447.268455 497.443269 558.325364 613.889689 655.298657 682.428803 686.682664 700.000000 700.000000 700.000000 790.879719 812.582774 831.722092 862.910545 868.983414 860.194161 847.715652 841.166824
500.000000 500.000000 494.628152 486.773216 478.512468 465.438969 453.139840 441.551824 408.090582 325.000000 325.000000 305.319482 295.470418 306.556907 320.024066 325.000000 325.000000 325.000000 324.498544 304.266300 287.399421 277.553330 274.081897 275.309714 275.089623 274.220880 272.017015 270.973387 267.950484 262.847392 200.000000 200.000000 200.000000 200.000000 269.028784 281.966529 286.679701 288.384633 293.402487 294.838903 298.558546 325.000000 325.000000 398.033040 433.042510 467.125064 500.000000 500.000000 589.083093 642.531961 689.094920 700.000000 764.800949 798.449415 806.216040 783.414836 758.821019 769.694096
325.000000 325.000000 323.111355 319.190711 314.562519 305.806892 297.757109 289.290198 273.297607 200.000000 200.000000 178.957565 175.540068 183.047352 192.009388 200.000000 200.000000 200.000000 200.000000 200.000000 186.168929 175.790110 110.000000 110.000000 110.000000 110.000000 110.000000 110.000000 110.000000 110.000000 110.000000 110.000000 110.000000 110.000000 110.000000 176.633424 183.226243 190.872722 199.644668 200.000000 200.000000 200.000000 200.000000 200.000000 292.449974 321.798033 325.000000 325.000000 388.699315 408.189305 456.254005 500.000000 566.445280 623.164875 658.576957 630.389567 642.252692 659.932408
200.000000 200.000000 200.000000 200.000000 198.226771 189.510033 181.497436 170.924971 110.000000 110.000000 50.000000 20.000000 20.000000 20.000000 0.000000 50.000000 20.000000 50.000000 20.000000 50.000000 20.000000 20.000000 0.000000 0.000000 0.000000 0.000000 0.000000 0.000000 0.000000 0.000000 0.000000 0.000000 0.000000 0.000000 20.000000 50.000000 20.000000 50.000000 110.000000 110.000000 110.000000 110.000000 110.000000 110.000000 186.243081 200.000000 200.000000 259.732832 271.489712 279.720912 289.148002 308.669701 325.000000 325.000000 422.426911 435.898639 455.326120 491.263011
110.000000 110.000000 50.000000 20.000000 50.000000 20.000000 0.000000 0.000000 0.000000 0.000000 0.000000 0.000000 0.000000 0.000000 0.000000 0.000000 0.000000 0.000000 0.000000 0.000000 0.000000 0.000000 0.000000 0.000000 0.000000 0.000000 0.000000 0.000000 0.000000 0.000000 0.000000 0.000000 0.000000 0.000000 0.000000 0.000000 0.000000 0.000000 0.000000 0.000000 0.000000 0.000000 0.000000 0.000000 50.000000 110.000000 110.000000 171.787334 180.233039 185.919354 190.427375 200.000000 200.000000 200.000000 274.834577 307.840219 320.447778 325.000000
0.000000 0.000000 0.000000 0.000000 0.000000 0.000000 0.000000 0.000000 0.000000 0.000000 0.000000 0.000000 0.000000 0.000000 0.000000 0.000000 0.000000 0.000000 0.000000 0.000000 0.000000 0.000000 0.000000 0.000000 0.000000 0.000000 0.000000 0.000000 0.000000 0.000000 0.000000 0.000000 0.000000 0.000000 0.000000 0.000000 0.000000 0.000000 0.000000 0.000000 0.000000 0.000000 0.000000 0.000000 0.000000 0.000000 0.000000 20.000000 50.000000 50.000000 107.361831 110.000000 110.000000 110.000000 187.615144 200.000000 200.000000 200.000000
0.000000 0.000000 0.000000 0.000000 0.000000 0.000000 0.000000 0.000000 0.000000 0.000000 0.000000 0.000000 0.000000 0.000000 0.000000 0.000000 0.000000 0.000000 0.000000 0.000000 0.000000 0.000000 0.000000 0.000000 0.000000 0.000000 0.000000 0.000000 0.000000 0.000000 0.000000 0.000000 0.000000 0.000000 0.000000 0.000000 0.000000 0.000000 0.000000 0.000000 0.000000 0.000000 0.000000 0.000000 0.000000 0.000000 0.000000 0.000000 0.000000 0.000000 0.000000 0.000000 0.000000 50.000000 110.000000 110.000000 167.328736 176.937616
0.000000 0.000000 0.000000 0.000000 0.000000 0.000000 0.000000 0.000000 0.000000 0.000000 0.000000 0.000000 0.000000 0.000000 0.000000 0.000000 0.000000 0.000000 0.000000 20.000000 50.000000 20.000000 0.000000 0.000000 0.000000 0.000000 0.000000 0.000000 0.000000 20.000000 50.000000 20.000000 0.000000 0.000000 0.000000 0.000000 0.000000 0.000000 0.000000 0.000000 0.000000 0.000000 0.000000 0.000000 0.000000 0.000000 0.000000 0.000000 0.000000 0.000000 0.000000 0.000000 0.000000 0.000000 0.000000 0.000000 50.000000 105.099609
0.000000 0.000000 0.000000 0.000000 0.000000 0.000000 0.000000 0.000000 0.000000 0.000000 0.000000 0.000000 0.000000 0.000000 0.000000 0.000000 50.000000 50.000000 110.000000 110.000000 110.000000 110.000000 110.000000 110.000000 50.000000 50.000000 110.000000 110.000000 110.000000 110.000000 110.000000 110.000000 110.000000 110.000000 50.000000 50.000000 107.921003 110.000000 110.000000 110.000000 110.000000 50.000000 50.000000 0.000000 0.000000 0.000000 0.000000 0.000000 0.000000 0.000000 0.000000 0.000000 0.000000 0.000000 0.000000 0.000000 0.000000 0.000000
0.000000 0.000000 0.000000 0.000000 0.000000 0.000000 0.000000 20.000000 50.000000 50.000000 108.131801 110.000000 110.000000 110.000000 110.000000 110.000000 110.000000 168.295656 181.994120 195.446205 200.000000 200.000000 200.000000 200.000000 184.780079 175.853731 190.894195 200.000000 200.000000 200.000000 200.000000 200.000000 200.000000 191.408950 174.544338 169.574063 177.912912 185.052644 188.392062 189.023374 184.122993 168.675642 110.000000 110.000000 110.000000 106.731400 50.000000 50.000000 20.000000 0.000000 0.000000 0.000000 0.000000 0.000000 0.000000 0.000000 0.000000 0.000000
50.000000 50.000000 50.000000 50.000000 50.000000 107.719628 110.000000 110.000000 168.418344 182.575681 197.292312 200.000000 200.000000 200.000000 200.000000 200.000000 200.000000 200.000000 267.602733 280.485771 291.828462 294.440211 297.272845 301.627938 293.218051 289.356338 291.237228 298.204386 305.609470 309.300883 311.648124 307.470127 294.653670 283.786917 274.120582 270.047622 275.322322 270.595813 265.116165 264.126793 200.000000 200.000000 200.000000 200.000000 180.890517 170.730092 110.000000 110.000000 110.000000 110.000000 50.000000 50.000000 0.000000 0.000000 0.000000 0.000000 0.000000 0.000000
110.000000 110.000000 110.000000 110.000000 110.000000 110.000000 171.002369 200.000000 200.000000 268.561101 283.150019 301.190473 312.290823 325.000000 325.000000 325.000000 325.000000 325.000000 390.737384 407.062139 420.842165 427.653735 433.032856 445.149380 451.773920 447.076910 436.287191 443.800464 449.183324 446.914479 449.542205 450.196589 439.015603 423.580138 415.282914 406.570364 397.643782 392.275263 325.000000 325.000000 325.000000 314.024030 295.002111 275.687896 200.000000 200.000000 200.000000 200.000000 198.691851 183.630656 110.000000 110.000000 110.000000 50.000000 50.000000 20.000000 0.000000 0.000000
190.518360 200.000000 200.000000 200.000000 200.000000 200.000000 261.960626 300.077114 325.000000 325.000000 406.979762 433.635458 458.148353 500.000000 562.359177 594.391355 594.618749 587.974348 593.310570 612.793336 629.795348 642.491010 656.625033 672.754816 683.167514 675.316027 666.396043 661.666829 659.612296 656.135086 654.722287 655.297902 656.358301 645.894715 634.788109 621.947226 609.208475 594.102270 554.856811 500.000000 466.820295 429.413028 402.725464 325.000000 325.000000 316.425852 300.917348 284.098931 266.284975 200.000000 200.000000 200.000000 181.365584 110.000000 110.000000 110.000000 110.000000 50.000000
262.303888 283.053715 316.457100 325.000000 325.000000 325.000000 400.114955 448.128864 500.000000 571.046038 610.899688 643.263434 674.250633 700.000000 700.000000 762.813398 757.748381 700.000000 700.000000 756.455545 769.339069 776.977204 791.935537 806.247411 820.020422 812.216047 802.850046 787.689603 784.158791 781.008353 774.938354 775.972035 777.489553 783.239318 773.716123 763.014369 700.000000 700.000000 694.507775 666.125474 639.443779 611.298037 577.748141 500.000000 477.990032 428.321113 400.384150 325.000000 325.000000 319.930521 301.186429 281.569543 257.834704 200.000000 200.000000 200.000000 187.097713 110.000000
325.000000 401.941062 455.663844 500.000000 500.000000 595.307022 640.845759 687.878179 700.000000 700.000000 769.270066 793.769992 817.103634 845.114797 869.354677 893.067187 889.874020 878.359652 865.376274 872.619144 877.270234 880.884354 892.374432 900.000000 900.000000 900.000000 900.000000 884.900555 878.285504 872.136620 864.898990 864.722579 870.693523 878.365147 872.532794 859.033837 843.055464 821.174317 797.774804 774.384792 752.113503 700.000000 700.000000 671.402219 637.986032 601.174585 569.117094 500.000000 466.946535 424.304404 403.837716 325.000000 325.000000 325.000000 302.060675 281.873171 266.597387 200.000000
500.000000 591.416345 648.624976 698.504614 700.000000 775.662136 810.129972 832.501196 853.895792 874.113071 893.883074 900.000000 900.000000 955.937423 978.235742 997.355043 992.521153 979.625097 967.891380 965.907199 969.029414 972.220652 980.046820 993.515697 1004.430579 996.370218 981.186730 966.295246 956.545401 900.000000 900.000000 900.000000 954.203712 960.440623 900.000000 900.000000 900.000000 900.000000 882.966499 861.224993 839.162680 815.798922 791.918697 765.202038 700.000000 700.000000 678.780172 649.252786 617.528077 595.929384 573.915906 500.000000 500.000000 459.115084 422.744964 393.054584 325.000000 322.435846
699.317540 700.000000 782.901169 817.430301 851.017077 882.871891 900.000000 900.000000 958.405486 969.525133 985.055870 1004.867058 1018.987236 1036.223580 1054.928366 1056.250152 1053.064342 1041.412180 1039.499866 1038.895661 1041.911075 1043.098822 1047.779141 1059.021518 1053.031660 1045.421510 1030.714262 1019.856943 1010.566790 1004.296558 1000.109094 1000.469957 1007.183316 1004.203155 996.916417 982.310935 970.322133 954.910675 900.000000 900.000000 896.481723 874.252896 851.135142 826.535804 800.241706 771.801394 700.000000 700.000000 700.000000 694.444016 683.507909 682.311079 661.184748 637.510183 611.830054 574.626322 500.000000 455.827065
828.673891 856.884516 889.628336 900.000000 953.314682 983.939832 1013.940412 1038.908807 1048.979721 1060.437297 1072.523093 1086.212342 1100.000000 1100.000000 1100.000000 1100.000000 1100.000000 1100.000000 1100.000000 1100.000000 1100.000000 1100.000000 1100.000000 1100.000000 1100.000000 1095.669212 1085.321708 1074.301435 1064.061577 1060.001785 1055.771668 1052.768700 1049.396166 1046.728419 1042.217351 1030.760810 1018.845764 1005.390024 988.290169 970.657361 900.000000 900.000000 900.000000 882.036397 855.227363 827.980139 806.510108 794.883894 782.975098 776.601694 778.049227 778.954926 767.451895 700.000000 700.000000 700.000000 677.784286 643.484475
