tests/Borden05m/data_simulated/sim_1/output-maps/watertableN0009.asc
ncols         160
nrows         34
xllcorner     620200.000000
yllcorner     5168000.000000
cellsize      0.500000
NODATA_value  -9999.0
[rows 0 to 25 of 34, columns 0 to 57 of 160]
-9999.0 -9999.0 -9999.0 -9999.0 -9999.0 -9999.0 -9999.0 -9999.0 -9999.0 -9999.0 -9999.0 -9999.0 -9999.0 -9999.0 -9999.0 -9999.0 -9999.0 -9999.0 -9999.0 -9999.0 -9999.0 -9999.0 -9999.0 -9999.0 -9999.0 -9999.0 -9999.0 -9999.0 -9999.0 -9999.0 -9999.0 -9999.0 -9999.0 -9999.0 -9999.0 -9999.0 -9999.0 -9999.0 -9999.0 -9999.0 -9999.0 -9999.0 -9999.0 -9999.0 -9999.0 -9999.0 -9999.0 -9999.0 -9999.0 -9999.0 -9999.0 -9999.0 -9999.0 -9999.0 -9999.0 -9999.0 -9999.0 -9999.0
-9999.0 -9999.0 -9999.0 -9999.0 -9999.0 -9999.0 -9999.0 -9999.0 -9999.0 -9999.0 -9999.0 -9999.0 -9999.0 -9999.0 -9999.0 -9999.0 -9999.0 -9999.0 -9999.0 -9999.0 -9999.0 -9999.0 -9999.0 -9999.0 -9999.0 -9999.0 -9999.0 -9999.0 -9999.0 -9999.0 -9999.0 -9999.0 -9999.0 -9999.0 -9999.0 -9999.0 -9999.0 -9999.0 -9999.0 -9999.0 -9999.0 -9999.0 -9999.0 -9999.0 -9999.0 -9999.0 -9999.0 -9999.0 -9999.0 -9999.0 -9999.0 -9999.0 -9999.0 -9999.0 -9999.0 -9999.0 -9999.0 -9999.0
-9999.0 -9999.0 -9999.0 -9999.0 -9999.0 -9999.0 -9999.0 -9999.0 -9999.0 -9999.0 -9999.0 -9999.0 -9999.0 -9999.0 -9999.0 -9999.0 -9999.0 -9999.0 -9999.0 -9999.0 -9999.0 -9999.0 -9999.0 -9999.0 -9999.0 -9999.0 -9999.0 -9999.0 -9999.0 -9999.0 -9999.0 -9999.0 -9999.0 -9999.0 -9999.0 -9999.0 -9999.0 -9999.0 -9999.0 -9999.0 -9999.0 -9999.0 -9999.0 -9999.0 -9999.0 -9999.0 -9999.0 1013.392063 1030.626253 1046.841300 1048.637609 1026.194719 1003.155540 979.830302 959.682046 900.000000 900.000000 900.000000
-9999.0 -9999.0 -9999.0 -9999.0 -9999.0 -9999.0 -9999.0 -9999.0 -9999.0 -9999.0 -9999.0 -9999.0 -9999.0 -9999.0 -9999.0 -9999.0 -9999.0 -9999.0 -9999.0 -9999.0 -9999.0 -9999.0 -9999.0 -9999.0 -9999.0 -9999.0 -9999.0 -9999.0 -9999.0 -9999.0 -9999.0 -9999.0 -9999.0 -9999.0 -9999.0 -9999.0 -9999.0 -9999.0 -9999.0 -9999.0 966.314189 960.553701 959.067614 969.746297 980.940895 992.740123 1012.439153 1030.119864 1045.333314 1048.107506 1045.538366 1039.992991 1017.359769 993.403089 974.242934 957.245273 900.000000 900.000000
-9999.0 -9999.0 -9999.0 -9999.0 -9999.0 -9999.0 -9999.0 -9999.0 -9999.0 -9999.0 -9999.0 -9999.0 -9999.0 -9999.0 -9999.0 -9999.0 -9999.0 -9999.0 -9999.0 -9999.0 -9999.0 -9999.0 -9999.0 -9999.0 -9999.0 -9999.0 -9999.0 -9999.0 -9999.0 -9999.0 -9999.0 -9999.0 -9999.0 -9999.0 1057.384054 1040.035631 1022.147910 1004.064321 987.697516 981.170716 975.383242 969.689199 973.696483 978.482956 989.704678 1008.164943 1027.609204 1041.629579 1044.180417 1046.734790 1042.419217 1029.534760 1013.101299 996.972284 976.436781 953.770828 900.000000 900.000000
-9999.0 -9999.0 -9999.0 -9999.0 -9999.0 -9999.0 -9999.0 -9999.0 -9999.0 -9999.0 -9999.0 -9999.0 -9999.0 -9999.0 -9999.0 -9999.0 -9999.0 -9999.0 -9999.0 -9999.0 -9999.0 -9999.0 -9999.0 -9999.0 -9999.0 -9999.0 -9999.0 -9999.0 1053.005788 1058.894710 1064.028120 1065.568760 1066.900545 1068.092542 1061.249659 1049.098524 1031.051402 1009.820593 997.201588 990.172451 983.763087 983.012772 987.817897 990.006062 989.899893 1001.462820 1012.961429 1023.715563 1034.014261 1035.241052 1025.826724 1012.172144 996.431880 981.939546 966.938627 954.535535 900.000000 900.000000
-9999.0 -9999.0 -9999.0 -9999.0 -9999.0 -9999.0 -9999.0 -9999.0 -9999.0 -9999.0 -9999.0 -9999.0 -9999.0 -9999.0 -9999.0 -9999.0 -9999.0 -9999.0 -9999.0 -9999.0 -9999.0 -9999.0 -9999.0 1082.081978 1076.155016 1069.756308 1062.508193 1061.684985 1065.934282 1071.593613 1074.766214 1076.353206 1077.967856 1073.637215 1065.408785 1051.887507 1036.166298 1014.805510 1006.309810 999.844670 987.644816 985.404591 980.651151 976.809182 978.653504 981.339851 993.110976 1001.779372 996.229678 990.168400 983.793367 976.357890 963.552290 900.000000 900.000000 900.000000 889.325406 869.995571
-9999.0 -9999.0 -9999.0 -9999.0 -9999.0 -9999.0 -9999.0 -9999.0 -9999.0 -9999.0 -9999.0 -9999.0 -9999.0 -9999.0 -9999.0 -9999.0 -9999.0 -9999.0 -9999.0 1100.000000 1100.000000 1100.000000 1100.000000 1099.506188 1097.341645 1090.445382 1082.433712 1080.352846 1081.982304 1083.608214 1082.126909 1079.509745 1075.350227 1064.045401 1050.362878 1036.349014 1022.367599 1001.771699 987.190983 973.488032 957.653895 958.910597 963.236915 965.349164 964.935756 964.339316 958.590219 954.912150 900.000000 900.000000 900.000000 900.000000 900.000000 898.380131 878.293684 857.919620 838.431009 819.209803
-9999.0 -9999.0 -9999.0 -9999.0 -9999.0 -9999.0 -9999.0 -9999.0 -9999.0 -9999.0 -9999.0 -9999.0 -9999.0 -9999.0 -9999.0 -9999.0 1100.000000 1100.000000 1100.000000 1100.000000 1100.000000 1100.000000 1100.000000 1100.000000 1100.000000 1100.000000 1095.901982 1087.453056 1079.701474 1072.481250 1066.619838 1063.930150 1056.306683 1046.685888 1034.829854 1019.321404 997.678879 975.184424 959.055310 900.000000 900.000000 900.000000 900.000000 900.000000 900.000000 900.000000 898.648193 892.057678 888.211188 869.476253 854.966219 849.089929 841.289738 822.760029 798.253012 770.564451 700.000000 700.000000
-9999.0 -9999.0 -9999.0 -9999.0 -9999.0 -9999.0 -9999.0 -9999.0 -9999.0 -9999.0 -9999.0 -9999.0 -9999.0 1179.459937 1175.347247 1166.150204 1157.759732 1155.516262 1100.000000 1100.000000 1100.000000 1100.000000 1100.000000 1100.000000 1100.000000 1097.054175 1087.956656 1076.311960 1067.916716 1060.722222 1053.598813 1047.102999 1033.465125 1018.074698 1002.120374 981.893404 960.324513 900.000000 900.000000 900.000000 888.949773 885.144918 886.387213 884.289146 875.828148 857.390765 837.609725 823.908349 800.854077 775.615690 759.554341 700.000000 700.000000 700.000000 694.866666 653.346708 607.640529 564.983345
-9999.0 -9999.0 -9999.0 -9999.0 -9999.0 -9999.0 -9999.0 -9999.0 -9999.0 -9999.0 1213.721537 1211.239816 1214.650700 1214.207687 1209.466052 1197.643733 1184.454254 1177.730305 1166.555309 1100.000000 1100.000000 1100.000000 1100.000000 1100.000000 1094.593406 1084.022726 1070.979680 1058.047629 1040.892501 1028.172035 1015.551994 994.998525 978.394096 961.874896 900.000000 900.000000 900.000000 873.145898 845.444655 830.324549 805.317482 789.943431 791.717117 790.507113 781.428518 761.859683 700.000000 700.000000 673.418709 640.543704 613.113348 592.017084 573.894542 500.000000 500.000000 457.527056 410.916829 325.000000
-9999.0 -9999.0 -9999.0 -9999.0 -9999.0 -9999.0 -9999.0 -9999.0 1237.737126 1230.786001 1224.577648 1227.562658 1232.155206 1235.551157 1222.392243 1206.709078 1190.886477 1173.891548 1158.106230 1100.000000 1100.000000 1100.000000 1089.313298 1077.542002 1065.729230 1050.575079 1036.839534 1018.997307 997.606855 982.878712 963.827115 900.000000 900.000000 900.000000 884.500079 865.518760 836.031866 800.062784 765.062914 700.000000 700.000000 674.728056 670.186055 663.959045 656.025686 623.809900 580.147901 500.000000 462.441144 424.289529 394.297665 325.000000 325.000000 325.000000 325.000000 309.009601 287.839240 263.470067
-9999.0 -9999.0 -9999.0 -9999.0 -9999.0 -9999.0 1263.823913 1239.776739 1225.002382 1232.738365 1241.367832 1244.706513 1248.265174 1227.669305 1206.295997 1189.460581 1172.861783 1155.617075 1100.000000 1100.000000 1090.524883 1073.805467 1058.827455 1039.286648 1024.971245 1010.634086 993.057501 969.282596 900.000000 900.000000 882.829299 855.003303 826.927219 805.188707 784.431031 762.184580 700.000000 681.614374 636.541199 594.401433 500.000000 490.194785 462.296781 446.940136 435.281574 416.305604 325.000000 325.000000 310.018901 280.571446 260.966452 200.000000 200.000000 200.000000 200.000000 200.000000 192.501711 170.822580
-9999.0 -9999.0 -9999.0 -9999.0 1297.131155 1276.271430 1255.924203 1225.207304 1202.655958 1207.792357 1200.604719 1200.020535 1201.276256 1198.201838 1191.942748 1174.035243 1156.150969 1100.000000 1100.000000 1082.620243 1040.585239 1023.668911 996.874008 964.380378 900.000000 900.000000 900.000000 894.544897 864.334961 827.443780 777.706640 700.000000 700.000000 671.351718 644.872031 613.458030 564.429558 492.732986 434.219769 394.314206 325.000000 325.000000 309.960754 299.678425 289.227461 277.774655 262.390418 200.000000 200.000000 183.069807 110.000000 110.000000 110.000000 110.000000 50.000000 50.000000 50.000000 0.000000
-9999.0 -9999.0 -9999.0 1300.000000 1300.000000 1269.249642 1241.880971 1210.895575 1179.124433 1173.038773 1164.327134 1157.985752 1100.000000 1100.000000 1100.000000 1100.000000 1100.000000 1087.376847 1066.021019 1029.118422 992.537317 958.071824 900.000000 892.379914 868.008614 850.839095 832.540107 806.224339 762.796350 700.000000 655.948170 585.544382 500.000000 464.256373 434.177055 405.963694 325.000000 325.000000 303.550220 275.949599 200.000000 200.000000 200.000000 194.416773 188.422024 180.189969 110.000000 110.000000 50.000000 50.000000 0.000000 0.000000 0.000000 0.000000 0.000000 0.000000 0.000000 0.000000
-9999.0 -9999.0 1391.677861 1354.353347 1300.000000 1268.188189 1215.351553 1181.412482 1100.000000 1100.000000 1100.000000 1088.623418 1071.154986 1062.205263 1044.844896 1026.908157 1012.425724 1007.937673 993.915500 958.175273 900.000000 851.998487 815.702229 700.000000 700.000000 686.996371 670.563579 640.799721 596.023104 500.000000 440.637920 325.000000 325.000000 301.810895 286.488208 271.223266 200.000000 200.000000 200.000000 178.156236 110.000000 110.000000 50.000000 20.000000 50.000000 0.000000 0.000000 0.000000 0.000000 0.000000 0.000000 0.000000 0.000000 0.000000 0.000000 0.000000 0.000000 0.000000
-9999.0 -9999.0 1417.469511 1372.953679 1300.000000 1261.648803 1184.191965 1100.000000 1100.000000 1057.173275 1037.155324 1012.129289 992.859954 974.606923 900.000000 900.000000 900.000000 900.000000 900.000000 856.188799 793.275710 700.000000 635.570883 500.000000 469.085186 449.171722 439.355641 420.154801 393.098201 325.000000 286.977698 200.000000 200.000000 174.046574 110.000000 110.000000 50.000000 50.000000 20.000000 0.000000 0.000000 0.000000 0.000000 0.000000 0.000000 0.000000 0.000000 0.000000 0.000000 0.000000 0.000000 0.000000 0.000000 0.000000 0.000000 0.000000 0.000000 0.000000
-9999.0 1500.000000 1453.193526 1399.066482 1300.000000 1259.015942 1172.380236 1090.156660 1037.328388 992.755136 962.283448 900.000000 885.931848 833.660131 802.971094 769.736808 770.041776 770.865676 776.968819 700.000000 660.041145 500.000000 325.000000 316.537804 277.415863 270.339888 272.959371 200.000000 200.000000 195.086357 110.000000 50.000000 0.000000 0.000000 0.000000 0.000000 0.000000 0.000000 0.000000 0.000000 0.000000 0.000000 0.000000 0.000000 0.000000 0.000000 0.000000 0.000000 0.000000 0.000000 0.000000 0.000000 0.000000 0.000000 0.000000 0.000000 0.000000 0.000000
-9999.0 1500.000000 1480.175235 1407.417939 1300.000000 1259.447717 1100.000000 1011.500538 961.862397 900.000000 891.525439 841.303043 700.000000 663.142286 609.855525 500.000000 500.000000 565.633404 563.769413 499.883530 425.627479 325.000000 200.000000 50.000000 50.000000 50.000000 50.000000 0.000000 0.000000 0.000000 0.000000 0.000000 0.000000 0.000000 0.000000 0.000000 0.000000 0.000000 0.000000 0.000000 0.000000 0.000000 0.000000 0.000000 0.000000 0.000000 0.000000 0.000000 0.000000 0.000000 0.000000 0.000000 0.000000 0.000000 0.000000 0.000000 0.000000 20.000000
-9999.0 1568.064293 1496.995313 1431.470138 1360.011248 1235.216323 1100.000000 974.029130 881.307187 838.106955 780.822345 671.668341 500.000000 413.859790 325.000000 325.000000 311.183620 318.258045 299.092134 200.000000 110.000000 50.000000 0.000000 0.000000 0.000000 0.000000 0.000000 0.000000 0.000000 0.000000 0.000000 0.000000 0.000000 0.000000 0.000000 0.000000 0.000000 0.000000 0.000000 0.000000 0.000000 0.000000 0.000000 0.000000 0.000000 0.000000 0.000000 0.000000 0.000000 20.000000 20.000000 20.000000 20.000000 50.000000 50.000000 50.000000 50.000000 110.000000
-9999.0 1664.461608 1575.985658 1500.000000 1386.740824 1211.085340 1081.549436 900.000000 779.552469 700.000000 582.703287 432.799664 322.920647 264.417041 200.000000 110.000000 0.000000 0.000000 0.000000 0.000000 0.000000 0.000000 0.000000 0.000000 0.000000 0.000000 0.000000 0.000000 0.000000 0.000000 0.000000 0.000000 0.000000 0.000000 0.000000 0.000000 0.000000 0.000000 0.000000 0.000000 20.000000 20.000000 20.000000 0.000000 20.000000 20.000000 50.000000 50.000000 50.000000 106.386795 110.000000 110.000000 110.000000 110.000000 110.000000 110.000000 110.000000 176.294739
-9999.0 1700.000000 1667.730588 1569.592989 1418.040008 1245.391943 1093.805973 900.000000 698.915415 500.000000 399.128003 325.000000 270.284960 200.000000 110.000000 0.000000 0.000000 0.000000 0.000000 0.000000 0.000000 0.000000 0.000000 0.000000 0.000000 0.000000 0.000000 20.000000 50.000000 50.000000 50.000000 50.000000 50.000000 50.000000 50.000000 50.000000 50.000000 50.000000 50.000000 105.693955 110.000000 110.000000 110.000000 110.000000 110.000000 110.000000 110.000000 110.000000 110.000000 110.000000 172.879342 178.608745 180.111794 183.585061 188.070677 196.223605 200.000000 200.000000
-9999.0 1845.513615 1700.000000 1621.861839 1488.152589 1300.000000 1198.933033 1017.789249 841.154197 573.735845 325.000000 297.173065 271.878261 200.000000 110.000000 50.000000 0.000000 0.000000 50.000000 110.000000 110.000000 110.000000 110.000000 110.000000 109.962332 50.000000 105.126783 110.000000 110.000000 110.000000 110.000000 110.000000 110.000000 110.000000 110.000000 110.000000 110.000000 110.000000 170.306840 182.972921 193.589397 200.000000 200.000000 200.000000 200.000000 200.000000 200.000000 200.000000 200.000000 200.000000 200.000000 258.779785 263.651267 270.232795 277.461783 285.283045 307.198400 325.000000
-9999.0 -9999.0 1798.037730 1682.793031 1567.085543 1435.118772 1300.000000 1100.000000 970.680677 700.000000 582.592797 449.579658 325.000000 325.000000 273.016946 200.000000 200.000000 194.916881 200.000000 200.000000 200.000000 200.000000 200.000000 200.000000 198.404940 190.877283 187.068800 189.856004 199.031487 200.000000 200.000000 200.000000 200.000000 200.000000 200.000000 200.000000 200.000000 200.000000 200.000000 264.518909 273.671850 283.406826 285.325073 283.934958 283.987361 287.261377 293.673826 308.992868 325.000000 325.000000 325.000000 325.000000 325.000000 325.000000 389.120026 402.028892 427.687295 464.344553
-9999.0 -9999.0 1884.539428 1771.250894 1649.662882 1500.000000 1408.075035 1300.000000 1100.000000 996.702523 878.625936 771.737604 681.724187 590.657710 500.000000 438.710721 409.733078 398.914681 395.510393 325.000000 325.000000 325.000000 317.106149 301.532737 289.472617 280.456642 272.860202 281.702345 291.097357 307.511023 325.000000 325.000000 325.000000 325.000000 325.000000 325.000000 325.000000 325.000000 398.364274 413.419401 425.225070 436.730836 440.208755 442.067856 443.046753 447.186797 454.749888 474.945903 500.000000 500.000000 500.000000 557.218183 565.793766 579.607265 595.613231 608.203460 633.563567 665.359725
-9999.0 -9999.0 -9999.0 1839.140833 1700.000000 1665.219381 1562.892680 1489.050204 1398.978299 1274.881516 1100.000000 1041.161246 967.321468 900.000000 845.132610 786.635893 700.000000 700.000000 700.000000 646.922048 606.084266 500.000000 485.853891 459.362505 441.710329 426.721662 422.905211 432.371417 443.331047 466.302688 500.000000 559.752213 584.034477 585.718208 586.658155 584.496610 592.714877 601.049397 616.871997 633.737404 649.915624 661.123296 666.406893 671.679982 675.490794 680.132947 685.257643 693.818401 700.000000 700.000000 700.000000 700.000000 700.000000 700.000000 700.000000 759.158819 772.281509 800.858899
