tests/Borden05m/data_simulated/sim_1/output-maps/watertableN0004.asc
ncols         160
nrows         34
xllcorner     620200.000000
yllcorner     5168000.000000
cellsize      0.500000
NODATA_value  -9999.0
[rows 0 to 25 of 34, columns 59 to 117 of 160]
-9999.0 -9999.0 -9999.0 -9999.0 -9999.0 -9999.0 -9999.0 -9999.0 -9999.0 -9999.0 -9999.0 -9999.0 -9999.0 -9999.0 -9999.0 -9999.0 -9999.0 -9999.0 -9999.0 -9999.0 -9999.0 -9999.0 -9999.0 -9999.0 -9999.0 -9999.0 -9999.0 -9999.0 -9999.0 -9999.0 -9999.0 -9999.0 -9999.0 -9999.0 -9999.0 -9999.0 -9999.0 -9999.0 -9999.0 -9999.0 -9999.0 -9999.0 -9999.0 -9999.0 -9999.0 -9999.0 -9999.0 -9999.0 -9999.0 -9999.0 -9999.0 -9999.0 -9999.0 -9999.0 -9999.0 -9999.0 -9999.0 -9999.0 -9999.0
891.001961 896.518569 900.000000 900.000000 900.000000 900.000000 900.000000 900.000000 900.000000 900.000000 900.000000 900.000000 900.000000 900.000000 900.000000 900.000000 900.000000 900.000000 900.000000 900.000000 900.000000 900.000000 900.000000 900.000000 900.000000 900.000000 900.000000 900.000000 900.000000 900.000000 900.000000 900.000000 900.000000 900.000000 900.000000 889.279874 883.766273 878.639512 875.432365 879.333949 882.749208 886.314251 890.934313 900.000000 -9999.0 -9999.0 -9999.0 -9999.0 -9999.0 -9999.0 -9999.0 -9999.0 -9999.0 -9999.0 -9999.0 -9999.0 -9999.0 -9999.0 -9999.0
900.000000 900.000000 900.000000 900.000000 900.000000 900.000000 900.000000 900.000000 900.000000 900.000000 900.000000 900.000000 900.000000 900.000000 900.000000 900.000000 900.000000 900.000000 900.000000 900.000000 900.000000 900.000000 900.000000 900.000000 900.000000 900.000000 900.000000 900.000000 900.000000 900.000000 900.000000 900.000000 900.000000 900.000000 900.000000 900.000000 891.029959 885.843737 888.126165 892.994237 896.572289 900.000000 900.000000 900.000000 900.000000 900.000000 900.000000 900.000000 900.000000 900.000000 900.000000 900.000000 900.000000 893.653394 -9999.0 -9999.0 -9999.0 -9999.0 -9999.0
900.000000 900.000000 900.000000 900.000000 900.000000 900.000000 900.000000 955.980403 900.000000 900.000000 900.000000 900.000000 900.000000 900.000000 900.000000 900.000000 900.000000 900.000000 900.000000 900.000000 900.000000 900.000000 900.000000 900.000000 900.000000 900.000000 900.000000 900.000000 900.000000 900.000000 900.000000 900.000000 900.000000 900.000000 900.000000 900.000000 900.000000 896.078287 899.079238 900.000000 900.000000 900.000000 900.000000 900.000000 900.000000 900.000000 954.824213 966.884604 960.018718 900.000000 900.000000 900.000000 900.000000 900.000000 900.000000 900.000000 900.000000 900.000000 900.000000
900.000000 900.000000 900.000000 900.000000 900.000000 900.000000 900.000000 900.000000 900.000000 900.000000 900.000000 900.000000 900.000000 900.000000 900.000000 900.000000 900.000000 900.000000 900.000000 900.000000 900.000000 900.000000 900.000000 900.000000 900.000000 900.000000 900.000000 900.000000 896.343910 893.639517 900.000000 900.000000 900.000000 900.000000 895.133635 887.849687 877.061391 865.586130 866.789642 872.431430 881.224222 894.712900 900.000000 900.000000 900.000000 954.525465 961.423104 962.100023 964.418076 953.866467 900.000000 900.000000 900.000000 900.000000 900.000000 900.000000 900.000000 900.000000 900.000000
900.000000 900.000000 900.000000 900.000000 900.000000 900.000000 900.000000 900.000000 887.002230 884.263292 881.693823 881.982479 891.468493 900.000000 900.000000 891.180392 875.710593 867.560397 866.554312 866.033615 858.135314 860.053577 862.607328 867.958424 865.612140 862.907214 851.808418 844.398410 837.787537 839.657758 851.169676 861.951581 863.867884 861.954492 859.816607 853.994069 843.693457 833.685278 838.446868 845.895905 856.416349 885.131822 900.000000 900.000000 900.000000 900.000000 900.000000 900.000000 900.000000 900.000000 900.000000 900.000000 900.000000 900.000000 900.000000 900.000000 900.000000 900.000000 900.000000
869.513176 877.911689 888.687491 888.343498 884.910046 876.693255 863.488963 845.102848 821.015133 816.910047 812.749606 808.719798 819.251744 831.294141 842.917448 827.455039 817.839693 808.711848 805.166460 793.610673 783.367009 788.129315 796.636957 806.005618 799.614503 786.040115 771.185148 764.823394 761.419195 761.156132 770.856058 776.240151 779.041568 778.703961 782.422024 779.398496 768.490034 753.408034 753.405016 764.443284 787.644419 823.918375 859.269664 881.692524 878.080118 884.807552 891.152840 895.592788 900.000000 900.000000 900.000000 900.000000 900.000000 900.000000 900.000000 900.000000 900.000000 900.000000 900.000000
818.401667 829.155232 841.222691 841.120575 833.016428 823.533146 804.580379 780.040877 754.109349 700.000000 700.000000 700.000000 700.000000 700.000000 700.000000 700.000000 700.000000 700.000000 700.000000 690.675104 678.387163 684.298458 693.644393 696.461697 692.016754 675.208872 660.295272 654.553513 651.530683 646.618395 652.391488 660.248103 669.065506 677.180293 684.539154 689.299627 674.614415 660.627925 662.941264 686.847965 700.000000 700.000000 786.794995 821.758777 827.418925 829.731243 831.959361 847.701884 863.488781 882.096671 893.238708 900.000000 900.000000 900.000000 900.000000 898.630443 889.623199 890.330326 900.000000
700.000000 700.000000 700.000000 700.000000 700.000000 700.000000 688.962817 660.364253 621.800924 588.532993 559.662804 552.933111 563.188620 575.172464 592.351779 600.669998 586.932699 571.106077 554.907660 500.000000 500.000000 500.000000 500.000000 500.000000 500.000000 500.000000 495.759554 486.113726 475.331219 463.176224 459.926198 473.771653 488.046622 500.000000 500.000000 500.000000 500.000000 500.000000 500.000000 500.000000 576.955643 615.511436 657.164459 691.963185 700.000000 700.000000 700.000000 700.000000 772.177495 808.988193 828.644220 846.103301 876.275707 881.739925 872.596783 859.691011 852.518492 868.794610 885.898335
576.380081 573.553370 569.124672 564.850289 557.725357 500.000000 500.000000 496.339009 431.207331 324.408856 200.000000 200.000000 200.000000 200.000000 295.149650 325.000000 325.000000 291.065067 200.000000 200.000000 200.000000 200.000000 200.000000 200.000000 200.000000 200.000000 197.473828 110.000000 110.000000 110.000000 110.000000 110.000000 110.000000 194.857638 200.000000 200.000000 200.000000 200.000000 200.000000 200.000000 306.529909 406.510972 478.304497 500.000000 562.839442 590.630569 614.478884 637.539210 680.399725 700.000000 757.815182 788.599607 819.462504 826.034941 803.029439 777.608493 787.205135 800.274817 819.066524
306.750918 200.000000 200.000000 200.000000 200.000000 200.000000 200.000000 198.895683 50.000000 0.000000 0.000000 0.000000 0.000000 0.000000 0.000000 0.000000 0.000000 0.000000 0.000000 0.000000 0.000000 0.000000 0.000000 0.000000 0.000000 0.000000 0.000000 0.000000 0.000000 0.000000 0.000000 0.000000 0.000000 0.000000 0.000000 0.000000 0.000000 0.000000 0.000000 0.000000 0.000000 0.000000 110.000000 200.000000 307.834664 401.088399 443.153903 471.030187 496.501069 500.000000 579.585304 619.308651 663.185167 694.796113 668.554352 677.909478 691.943389 700.000000 700.000000
0.000000 0.000000 0.000000 0.000000 0.000000 0.000000 0.000000 0.000000 0.000000 0.000000 0.000000 0.000000 0.000000 0.000000 0.000000 0.000000 0.000000 0.000000 0.000000 0.000000 0.000000 0.000000 0.000000 0.000000 0.000000 0.000000 0.000000 0.000000 0.000000 0.000000 0.000000 0.000000 0.000000 0.000000 0.000000 0.000000 0.000000 0.000000 0.000000 0.000000 0.000000 0.000000 0.000000 0.000000 0.000000 50.000000 110.000000 110.000000 197.748519 200.000000 200.000000 318.097380 442.675256 500.000000 500.000000 555.880497 577.735134 609.386381 641.782932
0.000000 0.000000 0.000000 0.000000 0.000000 0.000000 0.000000 0.000000 0.000000 0.000000 0.000000 0.000000 0.000000 0.000000 0.000000 0.000000 0.000000 0.000000 0.000000 0.000000 0.000000 0.000000 0.000000 0.000000 0.000000 0.000000 0.000000 0.000000 0.000000 0.000000 0.000000 0.000000 0.000000 0.000000 0.000000 0.000000 0.000000 0.000000 0.000000 0.000000 0.000000 0.000000 0.000000 0.000000 0.000000 0.000000 0.000000 0.000000 0.000000 0.000000 0.000000 0.000000 50.000000 110.000000 200.000000 310.940155 395.932640 456.178424 491.539523
0.000000 0.000000 0.000000 0.000000 0.000000 0.000000 0.000000 0.000000 0.000000 0.000000 0.000000 0.000000 0.000000 0.000000 0.000000 0.000000 0.000000 0.000000 0.000000 0.000000 0.000000 0.000000 0.000000 0.000000 0.000000 0.000000 0.000000 0.000000 0.000000 0.000000 0.000000 0.000000 0.000000 0.000000 0.000000 0.000000 0.000000 0.000000 0.000000 0.000000 0.000000 0.000000 0.000000 0.000000 0.000000 0.000000 0.000000 0.000000 0.000000 0.000000 0.000000 0.000000 0.000000 0.000000 0.000000 0.000000 50.000000 110.000000 110.000000
0.000000 0.000000 0.000000 0.000000 0.000000 0.000000 0.000000 0.000000 0.000000 0.000000 0.000000 0.000000 0.000000 0.000000 0.000000 0.000000 0.000000 0.000000 0.000000 0.000000 0.000000 0.000000 0.000000 0.000000 0.000000 0.000000 0.000000 0.000000 0.000000 0.000000 0.000000 0.000000 0.000000 0.000000 0.000000 0.000000 0.000000 0.000000 0.000000 0.000000 0.000000 0.000000 0.000000 0.000000 0.000000 0.000000 0.000000 0.000000 0.000000 0.000000 0.000000 0.000000 0.000000 0.000000 0.000000 0.000000 0.000000 0.000000 0.000000
0.000000 0.000000 0.000000 0.000000 0.000000 0.000000 0.000000 0.000000 0.000000 0.000000 0.000000 0.000000 0.000000 0.000000 0.000000 0.000000 0.000000 0.000000 0.000000 0.000000 0.000000 0.000000 0.000000 0.000000 0.000000 0.000000 0.000000 0.000000 0.000000 0.000000 0.000000 0.000000 0.000000 0.000000 0.000000 0.000000 0.000000 0.000000 0.000000 0.000000 0.000000 0.000000 0.000000 0.000000 0.000000 0.000000 0.000000 0.000000 0.000000 0.000000 0.000000 0.000000 0.000000 0.000000 0.000000 0.000000 0.000000 0.000000 0.000000
0.000000 0.000000 0.000000 0.000000 0.000000 0.000000 0.000000 0.000000 0.000000 0.000000 0.000000 0.000000 0.000000 0.000000 0.000000 0.000000 0.000000 0.000000 0.000000 0.000000 0.000000 0.000000 0.000000 0.000000 0.000000 0.000000 0.000000 0.000000 0.000000 0.000000 0.000000 0.000000 0.000000 0.000000 0.000000 0.000000 0.000000 0.000000 0.000000 0.000000 0.000000 0.000000 0.000000 0.000000 0.000000 0.000000 0.000000 0.000000 0.000000 0.000000 0.000000 0.000000 0.000000 0.000000 0.000000 0.000000 0.000000 0.000000 0.000000
0.000000 0.000000 0.000000 0.000000 0.000000 0.000000 0.000000 0.000000 0.000000 0.000000 0.000000 0.000000 0.000000 0.000000 0.000000 0.000000 0.000000 0.000000 0.000000 0.000000 0.000000 0.000000 0.000000 0.000000 0.000000 0.000000 0.000000 0.000000 0.000000 0.000000 0.000000 0.000000 0.000000 0.000000 0.000000 0.000000 0.000000 0.000000 0.000000 0.000000 0.000000 0.000000 0.000000 0.000000 0.000000 0.000000 0.000000 0.000000 0.000000 0.000000 0.000000 0.000000 0.000000 0.000000 0.000000 0.000000 0.000000 0.000000 0.000000
0.000000 0.000000 0.000000 0.000000 0.000000 0.000000 0.000000 0.000000 0.000000 0.000000 0.000000 0.000000 0.000000 0.000000 50.000000 110.000000 110.000000 110.000000 196.303325 200.000000 200.000000 200.000000 200.000000 200.000000 200.000000 200.000000 200.000000 200.000000 200.000000 200.000000 200.000000 200.000000 200.000000 197.680536 110.000000 194.610991 110.000000 110.000000 110.000000 50.000000 0.000000 0.000000 0.000000 0.000000 0.000000 0.000000 0.000000 0.000000 0.000000 0.000000 0.000000 0.000000 0.000000 0.000000 0.000000 0.000000 0.000000 0.000000 0.000000
0.000000 0.000000 0.000000 0.000000 0.000000 0.000000 0.000000 0.000000 110.000000 200.000000 200.000000 200.000000 296.915899 325.000000 424.706420 446.510884 450.290414 471.531513 496.674051 500.000000 500.000000 500.000000 500.000000 551.453522 500.000000 500.000000 500.000000 500.000000 500.000000 500.000000 500.000000 500.000000 500.000000 500.000000 497.759008 487.029633 481.166408 471.086504 434.021547 393.395324 315.929273 200.000000 197.641911 110.000000 0.000000 0.000000 0.000000 0.000000 0.000000 0.000000 0.000000 0.000000 0.000000 0.000000 0.000000 0.000000 0.000000 0.000000 0.000000
0.000000 0.000000 0.000000 20.000000 50.000000 110.000000 200.000000 325.000000 458.716995 498.576663 500.000000 553.770748 582.299883 618.050274 641.143044 641.157905 636.174946 639.982879 655.404738 669.039927 679.316132 691.447709 700.000000 700.000000 700.000000 699.578998 694.958574 692.922445 689.728848 688.493988 689.446124 691.394719 682.889786 673.950586 663.773080 654.124137 643.536331 616.629473 590.468463 569.284461 500.000000 500.000000 473.766787 425.914758 325.000000 200.000000 200.000000 110.000000 50.000000 0.000000 0.000000 0.000000 0.000000 0.000000 0.000000 0.000000 0.000000 0.000000 0.000000
200.000000 200.000000 325.000000 325.000000 415.143141 477.001688 500.000000 591.048008 626.541995 654.870567 680.430463 700.000000 700.000000 765.699299 785.729525 780.119585 773.880472 765.085377 777.449409 789.390262 796.156027 810.327130 823.975701 837.412874 829.609291 820.409319 805.370785 801.961413 798.977364 793.097098 794.432852 796.446064 802.970032 794.350674 784.726526 772.209465 700.000000 700.000000 698.780994 677.783347 656.366504 632.187554 605.213841 575.869620 500.000000 500.000000 480.957673 440.513382 325.000000 279.769307 200.000000 110.000000 20.000000 0.000000 0.000000 0.000000 0.000000 0.000000 0.000000
494.471983 500.000000 589.048577 606.183305 642.258665 678.774296 700.000000 700.000000 766.658474 790.915277 813.079758 834.487391 860.884892 883.942349 900.000000 900.000000 891.614312 878.296721 885.237757 889.538021 892.819747 900.000000 900.000000 900.000000 900.000000 900.000000 896.278015 889.698663 883.619152 876.473720 876.494354 882.798375 890.915564 885.512249 872.511157 857.244341 836.387642 814.452964 792.986661 773.005546 700.000000 700.000000 700.000000 676.282767 648.402187 626.453006 600.034349 570.695682 500.000000 500.000000 484.280871 434.286332 325.000000 272.337745 200.000000 110.000000 0.000000 0.000000 0.000000
640.969798 684.919485 700.000000 764.635268 797.709730 829.524928 849.817248 869.560129 888.386506 900.000000 900.000000 900.000000 966.930574 988.749777 1007.526891 1002.363033 989.186227 977.211021 975.016697 977.966620 980.987396 988.688527 1002.117004 1013.017401 1004.893894 989.655036 974.740850 965.011987 958.501278 900.000000 955.177139 963.274352 969.818606 962.170436 900.000000 900.000000 900.000000 894.426407 873.532516 852.532766 830.479094 808.258067 783.680824 758.178427 700.000000 700.000000 682.536469 658.608044 644.116017 628.654251 614.156493 590.373467 562.422877 500.000000 491.601100 443.894126 325.000000 200.000000 50.000000
762.609276 802.296330 833.969928 865.684832 896.224367 900.000000 900.000000 969.263997 979.639755 994.568480 1013.886800 1027.529574 1044.374741 1062.762877 1063.769613 1060.371177 1048.524549 1046.498940 1045.774974 1048.688197 1049.765122 1054.361452 1065.580593 1059.506450 1051.877345 1037.152147 1026.321276 1017.072012 1010.868904 1006.771022 1007.263613 1014.179068 1011.376286 1004.301817 989.911488 978.222485 963.159976 900.000000 900.000000 900.000000 884.649032 862.378425 838.868272 813.921133 787.048102 762.567036 700.000000 700.000000 700.000000 700.000000 700.000000 694.742643 676.477306 657.061341 629.976025 599.791449 556.963965 493.743519 394.983754
870.619951 900.000000 900.000000 963.756170 993.704608 1023.125621 1047.553771 1057.073505 1068.077253 1079.771072 1093.130972 1100.000000 1100.000000 1100.000000 1100.000000 1100.000000 1100.000000 1100.000000 1100.000000 1100.000000 1100.000000 1100.000000 1100.000000 1100.000000 1100.000000 1090.434793 1079.427535 1069.214654 1065.227791 1061.076287 1058.167646 1054.904914 1052.389307 1048.068627 1036.812847 1025.145664 1011.981303 995.197432 977.923573 959.227992 900.000000 900.000000 891.226481 865.108146 838.692544 818.217121 807.768835 797.067745 791.914765 794.605708 796.869434 787.072568 772.852151 759.000535 700.000000 700.000000 683.645608 632.629458 571.163286
