tests/Borden05m/data_simulated/sim_1/output-maps/watertableN0019.asc
ncols         160
nrows         34
xllcorner     620200.000000
yllcorner     5168000.000000
cellsize      0.500000
NODATA_value  -9999.0
[rows 0 to 24 of 34, columns 58 to 115 of 160]
-9999.0 -9999.0 -9999.0 -9999.0 -9999.0 -9999.0 -9999.0 -9999.0 -9999.0 -9999.0 -9999.0 -9999.0 -9999.0 -9999.0 -9999.0 -9999.0 -9999.0 -9999.0 -9999.0 -9999.0 -9999.0 -9999.0 -9999.0 -9999.0 -9999.0 -9999.0 -9999.0 -9999.0 -9999.0 -9999.0 -9999.0 -9999.0 -9999.0 -9999.0 -9999.0 -9999.0 -9999.0 -9999.0 -9999.0 -9999.0 -9999.0 -9999.0 -9999.0 -9999.0 -9999.0 -9999.0 -9999.0 -9999.0 -9999.0 -9999.0 -9999.0 -9999.0 -9999.0 -9999.0 -9999.0 -9999.0 -9999.0 -9999.0
-9999.0 885.044905 890.557132 895.912329 900.000000 900.000000 900.000000 900.000000 900.000000 900.000000 900.000000 900.000000 900.000000 900.000000 900.000000 900.000000 900.000000 900.000000 898.116641 897.538584 898.768208 900.000000 900.000000 900.000000 900.000000 900.000000 900.000000 900.000000 900.000000 900.000000 900.000000 900.000000 900.000000 900.000000 900.000000 893.489718 881.830899 876.327204 871.244512 868.135343 872.200674 875.809418 879.573483 884.373767 895.326507 -9999.0 -9999.0 -9999.0 -9999.0 -9999.0 -9999.0 -9999.0 -9999.0 -9999.0 -9999.0 -9999.0 -9999.0 -9999.0
899.023795 900.000000 900.000000 900.000000 900.000000 900.000000 900.000000 900.000000 900.000000 900.000000 900.000000 900.000000 900.000000 900.000000 900.000000 900.000000 900.000000 900.000000 900.000000 900.000000 900.000000 900.000000 900.000000 900.000000 900.000000 900.000000 900.000000 900.000000 900.000000 900.000000 900.000000 900.000000 900.000000 900.000000 900.000000 900.000000 895.197382 883.067587 877.935447 880.345103 885.409861 889.225904 895.717683 900.000000 900.000000 900.000000 900.000000 900.000000 900.000000 900.000000 900.000000 900.000000 900.000000 900.000000 888.348794 -9999.0 -9999.0 -9999.0
900.000000 900.000000 900.000000 900.000000 900.000000 900.000000 900.000000 900.000000 900.000000 900.000000 900.000000 900.000000 900.000000 900.000000 900.000000 900.000000 900.000000 900.000000 900.000000 900.000000 900.000000 900.000000 900.000000 900.000000 900.000000 900.000000 900.000000 900.000000 900.000000 900.000000 900.000000 900.000000 900.000000 900.000000 900.000000 900.000000 898.258428 891.346253 886.839569 890.009654 891.440126 899.912988 900.000000 900.000000 900.000000 900.000000 900.000000 900.000000 960.380786 953.769991 900.000000 900.000000 900.000000 900.000000 900.000000 896.646624 894.780258 895.296423
900.000000 900.000000 900.000000 900.000000 900.000000 900.000000 900.000000 900.000000 900.000000 900.000000 900.000000 900.000000 900.000000 900.000000 900.000000 900.000000 900.000000 900.000000 894.598688 894.206002 894.048904 895.450857 896.404960 896.907336 899.209652 898.045550 895.289476 894.394809 889.220486 883.562867 880.888312 889.392148 898.617656 898.298064 890.945188 883.208846 875.932128 865.078844 853.589193 855.051373 861.196079 870.645530 884.852929 900.000000 900.000000 900.000000 900.000000 953.724251 954.731874 957.372062 900.000000 900.000000 900.000000 900.000000 900.000000 900.000000 900.000000 900.000000
900.000000 900.000000 900.000000 900.000000 900.000000 900.000000 900.000000 900.000000 889.424351 873.812049 870.508851 867.525372 867.571943 877.065081 887.266079 891.420966 876.462986 860.534963 851.897194 850.447525 849.478960 841.193912 843.093063 845.758315 851.142797 848.506644 845.250609 833.453023 825.544613 818.654261 820.595673 832.562488 843.848690 846.175444 844.586551 842.697789 836.882103 826.306150 816.056978 821.246836 829.713366 841.581377 871.769241 900.000000 900.000000 900.000000 900.000000 900.000000 900.000000 900.000000 900.000000 900.000000 900.000000 900.000000 900.000000 900.000000 900.000000 900.000000
849.784751 855.275385 863.636147 874.371476 873.749222 869.789956 860.807405 846.499960 826.622319 800.832588 795.579677 790.578825 785.981064 796.769492 809.236865 821.086345 804.951241 794.371249 784.158821 779.597619 766.770095 755.530233 760.516323 769.634065 779.292839 772.172257 756.974661 700.000000 700.000000 700.000000 700.000000 700.000000 700.000000 700.000000 700.000000 754.422199 700.000000 700.000000 700.000000 700.000000 700.000000 763.822825 803.433201 841.425475 865.682203 863.194696 870.817987 878.044548 883.458724 898.593912 900.000000 900.000000 900.000000 900.000000 900.000000 900.000000 900.000000 900.000000
792.901058 795.768103 806.857397 819.107925 818.523075 809.343599 798.464876 777.299549 700.000000 700.000000 700.000000 695.456831 684.548306 691.469521 700.000000 700.000000 700.000000 689.725884 674.784384 660.463653 644.872597 630.677573 637.557692 648.516612 651.653605 646.057119 626.044412 608.384322 601.638115 598.510806 593.664038 600.620097 609.629494 619.815354 629.526180 638.503091 644.198942 627.288204 611.217342 614.473325 643.012285 673.333035 700.000000 757.480219 796.155191 803.875526 807.505959 811.306629 829.120428 847.060370 867.687943 880.337040 890.788695 900.000000 900.000000 898.036956 888.404002 879.709899
674.804217 668.285837 683.322309 688.246411 681.892441 667.999971 659.473378 642.117343 609.183869 568.834353 500.000000 500.000000 500.000000 500.000000 500.000000 500.000000 500.000000 500.000000 500.000000 500.000000 493.521370 480.928926 473.296188 474.402885 474.427838 471.446609 466.777223 459.887175 452.878352 446.219276 439.194907 438.177575 447.542603 456.803904 467.822885 477.922024 481.591329 483.043778 476.134235 477.789373 500.000000 500.000000 565.301274 608.175664 647.039277 674.116420 676.145790 694.200067 700.000000 700.000000 786.070798 808.946638 828.576998 860.360177 866.499130 857.362765 844.494717 837.904488
500.000000 500.000000 500.000000 500.000000 500.000000 500.000000 500.000000 495.381892 461.444024 424.849303 392.249122 325.000000 325.000000 325.000000 325.000000 384.333253 394.160293 393.464139 325.000000 325.000000 325.000000 325.000000 325.000000 325.000000 325.000000 325.000000 325.000000 325.000000 324.760561 317.945831 307.294237 294.675413 297.958006 314.779634 325.000000 325.000000 325.000000 325.000000 325.000000 325.000000 325.000000 392.485081 419.933197 453.174910 488.182548 500.000000 500.000000 559.261969 585.332495 635.936859 684.803350 700.000000 760.992009 794.195225 801.575754 777.392942 700.000000 762.562438
405.212143 389.095858 383.335882 325.000000 325.000000 325.000000 325.000000 325.000000 325.000000 297.522140 261.278916 200.000000 200.000000 200.000000 200.000000 200.000000 200.000000 200.000000 200.000000 200.000000 200.000000 200.000000 200.000000 200.000000 200.000000 200.000000 200.000000 200.000000 200.000000 195.828412 185.606840 176.358404 174.160904 184.341949 200.000000 200.000000 200.000000 200.000000 255.775660 257.309709 257.263221 259.278758 280.471150 314.008026 325.000000 389.511399 413.935450 429.092674 445.943356 465.680834 500.000000 500.000000 577.759662 620.216902 652.617735 621.142158 631.267289 647.728693
290.736496 270.630005 259.918850 256.662581 200.000000 200.000000 200.000000 200.000000 198.863099 182.289553 110.000000 110.000000 20.000000 20.000000 50.000000 50.000000 50.000000 50.000000 50.000000 50.000000 50.000000 20.000000 0.000000 0.000000 0.000000 0.000000 0.000000 0.000000 0.000000 0.000000 0.000000 0.000000 0.000000 0.000000 0.000000 50.000000 110.000000 110.000000 110.000000 110.000000 110.000000 110.000000 172.248578 198.262517 200.000000 273.911034 300.789701 320.146563 325.000000 325.000000 325.000000 325.000000 400.635759 442.123082 481.011691 494.748310 500.000000 500.000000
189.140599 110.000000 110.000000 110.000000 110.000000 50.000000 20.000000 0.000000 0.000000 0.000000 0.000000 0.000000 0.000000 0.000000 0.000000 0.000000 0.000000 0.000000 0.000000 0.000000 0.000000 0.000000 0.000000 0.000000 0.000000 0.000000 0.000000 0.000000 0.000000 0.000000 0.000000 0.000000 0.000000 0.000000 0.000000 0.000000 0.000000 0.000000 0.000000 0.000000 0.000000 0.000000 0.000000 20.000000 110.000000 168.070535 200.000000 200.000000 200.000000 200.000000 200.000000 257.874716 279.310977 306.981700 325.000000 325.000000 394.276021 411.726076
0.000000 0.000000 0.000000 0.000000 0.000000 0.000000 0.000000 0.000000 0.000000 0.000000 0.000000 0.000000 0.000000 0.000000 0.000000 0.000000 0.000000 0.000000 0.000000 0.000000 0.000000 0.000000 0.000000 0.000000 0.000000 0.000000 0.000000 0.000000 0.000000 0.000000 0.000000 0.000000 0.000000 0.000000 0.000000 0.000000 0.000000 0.000000 0.000000 0.000000 0.000000 0.000000 0.000000 0.000000 0.000000 0.000000 20.000000 110.000000 110.000000 110.000000 110.000000 110.000000 178.831761 200.000000 200.000000 280.254870 300.900821 314.841062
0.000000 0.000000 0.000000 0.000000 0.000000 0.000000 0.000000 0.000000 0.000000 0.000000 0.000000 0.000000 0.000000 0.000000 0.000000 0.000000 0.000000 0.000000 0.000000 0.000000 0.000000 0.000000 0.000000 0.000000 0.000000 0.000000 0.000000 0.000000 0.000000 0.000000 0.000000 0.000000 0.000000 0.000000 0.000000 0.000000 0.000000 0.000000 0.000000 0.000000 0.000000 0.000000 0.000000 0.000000 0.000000 0.000000 0.000000 0.000000 0.000000 0.000000 0.000000 0.000000 50.000000 110.000000 110.000000 188.475039 200.000000 200.000000
0.000000 0.000000 0.000000 0.000000 0.000000 0.000000 0.000000 0.000000 0.000000 0.000000 0.000000 0.000000 0.000000 0.000000 0.000000 0.000000 0.000000 50.000000 50.000000 108.918487 110.000000 110.000000 110.000000 50.000000 50.000000 50.000000 50.000000 50.000000 110.000000 110.000000 110.000000 110.000000 107.886909 50.000000 50.000000 50.000000 50.000000 50.000000 50.000000 50.000000 50.000000 0.000000 0.000000 0.000000 0.000000 0.000000 0.000000 0.000000 0.000000 0.000000 0.000000 0.000000 0.000000 0.000000 0.000000 50.000000 110.000000 110.000000
0.000000 0.000000 0.000000 0.000000 0.000000 0.000000 0.000000 0.000000 0.000000 50.000000 50.000000 50.000000 50.000000 50.000000 50.000000 108.497161 110.000000 110.000000 110.000000 178.790135 183.404349 187.902149 190.181728 179.771837 164.998642 110.000000 171.572607 180.208536 193.047183 200.000000 200.000000 200.000000 191.360047 173.777639 110.000000 110.000000 165.557178 173.360688 176.980598 177.254923 166.417531 110.000000 110.000000 105.504434 50.000000 50.000000 0.000000 0.000000 0.000000 0.000000 0.000000 0.000000 0.000000 0.000000 0.000000 0.000000 0.000000 0.000000
50.000000 50.000000 50.000000 50.000000 50.000000 50.000000 108.283676 110.000000 110.000000 110.000000 110.000000 173.004764 176.519806 178.672757 177.155097 188.790489 200.000000 200.000000 200.000000 255.489135 264.329697 270.224304 275.681798 268.492450 200.000000 200.000000 258.511000 268.593033 281.939929 288.465141 291.518940 290.146445 280.568651 257.754881 200.000000 200.000000 200.000000 200.000000 200.000000 200.000000 200.000000 200.000000 200.000000 183.193754 167.857344 110.000000 110.000000 110.000000 110.000000 50.000000 0.000000 0.000000 0.000000 0.000000 0.000000 0.000000 0.000000 0.000000
110.000000 110.000000 110.000000 110.000000 110.000000 165.070096 171.775720 182.545064 200.000000 200.000000 258.507932 273.224344 278.285591 285.150141 289.064383 298.827503 306.913295 318.712063 325.000000 325.000000 325.000000 325.000000 325.000000 325.000000 325.000000 325.000000 325.000000 325.000000 384.911097 388.521759 390.960060 387.167329 325.000000 325.000000 325.000000 325.000000 325.000000 325.000000 325.000000 325.000000 320.123709 305.321659 286.785309 265.058801 200.000000 200.000000 200.000000 200.000000 188.443782 169.033912 110.000000 110.000000 50.000000 0.000000 0.000000 0.000000 0.000000 0.000000
185.780718 198.459178 200.000000 200.000000 200.000000 200.000000 200.000000 265.398409 307.119403 325.000000 325.000000 325.000000 386.186809 395.028868 416.841627 430.421432 438.969171 437.827332 449.973702 467.951442 483.403330 491.566357 497.872438 500.000000 500.000000 500.000000 500.000000 500.000000 500.000000 500.000000 500.000000 500.000000 500.000000 487.456663 478.182695 468.584666 459.102646 454.050545 446.742550 422.573754 408.009469 392.910142 325.000000 325.000000 325.000000 308.893273 295.810089 281.157865 261.687458 200.000000 200.000000 195.171621 110.000000 110.000000 110.000000 108.730566 50.000000 0.000000
257.331755 272.790801 289.353533 309.424214 311.544836 318.507074 325.000000 325.000000 414.270738 446.236652 468.828852 494.340889 500.000000 500.000000 571.857628 594.130258 592.523261 586.202685 589.832723 607.067966 623.234457 636.118228 651.168001 668.680479 680.061690 671.503265 661.671961 656.085699 653.307513 649.249735 647.653661 648.675165 650.636611 640.226404 629.143634 616.513551 604.330684 590.829575 559.399435 500.000000 500.000000 488.421066 466.139495 441.580026 416.494150 395.290097 325.000000 325.000000 325.000000 320.274346 298.233091 271.709019 200.000000 200.000000 199.250092 183.524283 165.796072 110.000000
325.000000 325.000000 394.621076 409.056105 417.868428 427.221544 459.689390 500.000000 500.000000 576.850388 606.463184 636.096800 667.465102 700.000000 700.000000 756.746010 700.000000 700.000000 700.000000 700.000000 763.509578 771.845432 787.717701 802.814468 817.163752 809.077075 799.262098 783.404974 779.560061 776.158015 769.835165 771.033731 772.784828 778.750324 768.736640 757.323783 700.000000 700.000000 683.350133 653.690304 627.310157 601.157348 572.795657 500.000000 500.000000 485.053321 463.613508 442.949277 420.455413 399.426638 325.000000 325.000000 325.000000 304.138133 284.556248 263.570788 200.000000 200.000000
433.843971 467.458470 500.000000 500.000000 560.988155 598.382189 637.639187 684.455445 700.000000 700.000000 763.660858 788.797991 812.883315 841.685053 866.468221 890.652576 887.309118 875.514430 862.303976 869.929766 874.962960 878.918272 890.880784 900.000000 900.000000 900.000000 899.954231 883.436035 876.622571 870.300665 862.898744 862.739458 868.848796 876.639504 870.563607 856.564717 839.887178 816.933127 792.232588 767.454457 700.000000 700.000000 687.825157 657.245324 623.945551 589.792479 563.600355 500.000000 500.000000 481.198063 465.868603 447.893198 420.612810 400.249312 325.000000 325.000000 325.000000 306.569899
500.000000 591.853699 642.673314 693.199310 700.000000 771.875701 806.898854 829.740538 851.439255 871.871107 891.980663 900.000000 900.000000 955.012617 977.471961 996.705842 991.817216 978.852375 967.077909 965.184836 968.447578 971.765238 979.729510 993.340202 1004.369892 996.293751 981.044900 966.064431 956.249447 900.000000 900.000000 900.000000 953.932764 960.233443 900.000000 900.000000 900.000000 900.000000 880.883518 858.357350 835.400640 810.917308 785.624839 757.108259 700.000000 694.693744 662.720315 631.565407 601.353876 583.541206 566.527406 500.000000 500.000000 500.000000 481.537771 455.413029 429.207283 397.013008
692.477054 700.000000 778.265508 814.064343 848.679882 881.291513 900.000000 900.000000 957.945645 969.040004 984.588293 1004.446428 1018.567449 1035.821285 1054.565344 1055.851025 1052.658773 1040.984135 1039.114779 1038.559902 1041.642270 1042.880662 1047.616350 1058.944948 1052.945231 1045.346202 1030.624815 1019.772265 1010.481507 1004.212295 1000.025400 1000.398642 1007.153087 1004.165527 996.859538 982.183663 970.101025 954.510701 900.000000 900.000000 894.927350 872.044405 848.099050 822.443776 794.740796 764.332069 700.000000 700.000000 695.265324 679.382201 667.878452 667.852188 647.258106 625.278220 602.462286 572.046535 500.000000 500.000000
