tests/Borden05m/data_simulated/sim_1/output-maps/watertableN0014.asc
ncols         160
nrows         34
xllcorner     620200.000000
yllcorner     5168000.000000
cellsize      0.500000
NODATA_value  -9999.0
[rows 0 to 24 of 34, columns 58 to 115 of 160]
-9999.0 -9999.0 -9999.0 -9999.0 -9999.0 -9999.0 -9999.0 -9999.0 -9999.0 -9999.0 -9999.0 -9999.0 -9999.0 -9999.0 -9999.0 -9999.0 -9999.0 -9999.0 -9999.0 -9999.0 -9999.0 -9999.0 -9999.0 -9999.0 -9999.0 -9999.0 -9999.0 -9999.0 -9999.0 -9999.0 -9999.0 -9999.0 -9999.0 -9999.0 -9999.0 -9999.0 -9999.0 -9999.0 -9999.0 -9999.0 -9999.0 -9999.0 -9999.0 -9999.0 -9999.0 -9999.0 -9999.0 -9999.0 -9999.0 -9999.0 -9999.0 -9999.0 -9999.0 -9999.0 -9999.0 -9999.0 -9999.0 -9999.0
-9999.0 886.516816 892.015318 897.361220 900.000000 900.000000 900.000000 900.000000 900.000000 900.000000 900.000000 900.000000 900.000000 900.000000 900.000000 900.000000 900.000000 900.000000 899.929467 899.373848 900.000000 900.000000 900.000000 900.000000 900.000000 900.000000 900.000000 900.000000 900.000000 900.000000 900.000000 900.000000 900.000000 900.000000 900.000000 895.389550 883.760015 878.270907 873.192434 870.066670 874.077402 877.622971 881.321864 886.058609 896.951269 -9999.0 -9999.0 -9999.0 -9999.0 -9999.0 -9999.0 -9999.0 -9999.0 -9999.0 -9999.0 -9999.0 -9999.0 -9999.0
900.000000 900.000000 900.000000 900.000000 900.000000 900.000000 900.000000 900.000000 900.000000 900.000000 900.000000 900.000000 900.000000 900.000000 900.000000 900.000000 900.000000 900.000000 900.000000 900.000000 900.000000 900.000000 900.000000 900.000000 900.000000 900.000000 900.000000 900.000000 900.000000 900.000000 900.000000 900.000000 900.000000 900.000000 900.000000 900.000000 897.231208 885.122022 879.989671 882.363427 887.365105 891.106292 897.514916 900.000000 900.000000 900.000000 900.000000 900.000000 900.000000 900.000000 900.000000 900.000000 900.000000 900.000000 889.689150 -9999.0 -9999.0 -9999.0
900.000000 900.000000 900.000000 900.000000 900.000000 900.000000 900.000000 900.000000 900.000000 900.000000 900.000000 900.000000 900.000000 900.000000 900.000000 900.000000 900.000000 900.000000 900.000000 900.000000 900.000000 900.000000 900.000000 900.000000 900.000000 900.000000 900.000000 900.000000 900.000000 900.000000 900.000000 900.000000 900.000000 900.000000 900.000000 900.000000 900.000000 893.713162 889.209451 892.333576 893.680430 900.000000 900.000000 900.000000 900.000000 900.000000 900.000000 900.000000 961.856834 955.195315 900.000000 900.000000 900.000000 900.000000 900.000000 897.995604 896.115402 896.602341
900.000000 900.000000 900.000000 900.000000 900.000000 900.000000 900.000000 900.000000 900.000000 900.000000 900.000000 900.000000 900.000000 900.000000 900.000000 900.000000 900.000000 900.000000 897.357862 897.030938 896.931099 898.375461 899.338269 899.833461 900.000000 900.000000 898.290388 897.458319 892.339057 886.714455 884.031941 892.473843 900.000000 900.000000 893.928495 886.194538 878.942142 868.144134 856.704059 858.101989 864.097437 873.342598 887.318115 900.000000 900.000000 900.000000 900.000000 955.497287 956.418476 958.981173 900.000000 900.000000 900.000000 900.000000 900.000000 900.000000 900.000000 900.000000
900.000000 900.000000 900.000000 900.000000 900.000000 900.000000 900.000000 900.000000 892.330413 876.916909 873.742338 870.862139 870.977671 880.453253 890.627854 894.801773 879.977677 864.223403 855.748015 854.421155 853.577645 845.418655 847.301776 849.907427 855.242440 852.669114 849.544279 837.943898 830.172286 823.365954 825.260357 837.056636 848.208549 850.476583 848.860057 846.945488 841.177126 830.749148 820.652909 825.736586 833.915031 845.368128 875.064338 900.000000 900.000000 900.000000 900.000000 900.000000 900.000000 900.000000 900.000000 900.000000 900.000000 900.000000 900.000000 900.000000 900.000000 900.000000
853.125834 858.647521 866.964860 877.664420 877.103001 873.272259 864.475214 850.432761 830.918936 805.583710 800.538553 795.716948 791.293367 801.969133 814.290644 826.069601 810.231884 799.974370 790.082140 785.753130 773.257283 762.259996 767.139450 776.041307 785.525332 778.547763 763.669201 700.000000 700.000000 700.000000 700.000000 700.000000 700.000000 756.296136 756.733329 761.147327 758.284465 700.000000 700.000000 700.000000 700.000000 769.880691 808.407376 845.593812 869.386400 866.684142 874.120791 881.158636 886.353919 900.000000 900.000000 900.000000 900.000000 900.000000 900.000000 900.000000 900.000000 900.000000
798.127844 800.998973 811.882561 823.984702 823.489414 814.566568 803.981487 783.228929 755.939372 700.000000 700.000000 700.000000 690.961429 697.939909 700.000000 700.000000 700.000000 697.141231 682.367652 667.944185 651.977266 637.227219 644.128282 655.276678 658.393471 652.529987 631.559123 612.468172 604.730544 600.893983 595.422237 602.870403 613.046310 624.537146 635.248213 644.749664 650.551748 633.070033 616.196796 619.749968 649.532543 680.270063 700.000000 763.477055 801.592344 809.078638 812.561811 816.124850 833.487223 850.950921 871.072487 883.344734 893.531362 900.000000 900.000000 900.000000 890.866230 882.126275
682.185488 675.408475 690.039426 694.789222 688.554096 674.860474 666.233432 648.063094 612.089690 566.837432 500.000000 500.000000 500.000000 500.000000 500.000000 500.000000 500.000000 500.000000 500.000000 499.821473 486.628425 473.890261 466.445521 467.733825 467.799736 464.746470 459.738139 452.428496 445.283855 438.653931 431.693827 430.942158 440.536080 449.836306 460.675155 470.397335 473.624935 474.644916 467.379068 469.184933 492.558003 500.000000 562.595018 610.035283 652.370307 680.643476 683.193553 700.000000 700.000000 700.000000 791.288510 813.353477 832.456106 863.874975 869.939904 860.902060 848.158661 841.499159
500.000000 500.000000 500.000000 500.000000 500.000000 500.000000 496.853011 487.374386 452.617434 414.763351 325.000000 325.000000 325.000000 325.000000 325.000000 325.000000 385.768823 384.897534 325.000000 325.000000 325.000000 325.000000 325.000000 325.000000 325.000000 325.000000 323.422226 321.200756 316.924226 310.448428 300.293202 287.818428 291.021304 307.175137 320.551802 325.000000 325.000000 325.000000 325.000000 325.000000 325.000000 325.000000 410.022922 444.281864 480.083947 500.000000 500.000000 500.000000 585.431728 640.267873 690.302664 700.000000 765.791561 798.948353 806.574027 782.943775 757.507670 768.504284
394.547781 325.000000 325.000000 325.000000 325.000000 325.000000 325.000000 325.000000 321.746770 286.928477 200.000000 200.000000 200.000000 200.000000 200.000000 200.000000 200.000000 200.000000 200.000000 200.000000 200.000000 200.000000 200.000000 199.486620 200.000000 199.785970 199.347355 196.582481 197.401335 191.469131 183.367287 173.240417 172.524662 180.506498 197.508409 200.000000 200.000000 200.000000 200.000000 200.000000 200.000000 200.000000 271.652655 304.527390 325.000000 325.000000 402.647719 418.392993 436.103076 456.973102 500.000000 500.000000 573.786909 621.195548 656.991084 625.765801 637.080042 654.523306
281.018510 260.838211 200.000000 200.000000 200.000000 200.000000 200.000000 200.000000 191.669071 170.993336 110.000000 50.000000 0.000000 0.000000 20.000000 110.000000 50.000000 110.000000 50.000000 50.000000 106.229603 20.000000 50.000000 0.000000 20.000000 0.000000 50.000000 0.000000 50.000000 0.000000 20.000000 0.000000 20.000000 0.000000 50.000000 20.000000 50.000000 110.000000 110.000000 110.000000 110.000000 110.000000 110.000000 190.821627 200.000000 264.851434 291.237525 310.318469 324.505748 325.000000 325.000000 325.000000 390.227640 432.787687 472.190409 485.380075 498.197877 500.000000
181.528438 110.000000 110.000000 110.000000 50.000000 50.000000 20.000000 0.000000 20.000000 0.000000 0.000000 0.000000 0.000000 0.000000 0.000000 0.000000 0.000000 0.000000 0.000000 0.000000 0.000000 0.000000 0.000000 0.000000 0.000000 0.000000 0.000000 0.000000 0.000000 0.000000 0.000000 0.000000 0.000000 0.000000 0.000000 0.000000 0.000000 0.000000 0.000000 0.000000 0.000000 0.000000 0.000000 20.000000 110.000000 110.000000 194.271712 200.000000 200.000000 200.000000 200.000000 200.000000 269.860610 296.868533 325.000000 325.000000 325.000000 399.017531
0.000000 0.000000 0.000000 0.000000 0.000000 0.000000 0.000000 0.000000 0.000000 0.000000 0.000000 0.000000 0.000000 0.000000 0.000000 0.000000 0.000000 0.000000 0.000000 0.000000 0.000000 0.000000 0.000000 0.000000 0.000000 0.000000 0.000000 0.000000 0.000000 0.000000 0.000000 0.000000 0.000000 0.000000 0.000000 0.000000 0.000000 0.000000 0.000000 0.000000 0.000000 0.000000 0.000000 0.000000 0.000000 0.000000 20.000000 110.000000 110.000000 110.000000 110.000000 110.000000 171.418139 199.420385 200.000000 270.018950 289.979411 303.551988
0.000000 0.000000 0.000000 0.000000 0.000000 0.000000 0.000000 0.000000 0.000000 0.000000 0.000000 0.000000 0.000000 0.000000 0.000000 0.000000 0.000000 0.000000 0.000000 0.000000 0.000000 0.000000 0.000000 0.000000 0.000000 0.000000 0.000000 0.000000 0.000000 0.000000 0.000000 0.000000 0.000000 0.000000 0.000000 0.000000 0.000000 0.000000 0.000000 0.000000 0.000000 0.000000 0.000000 0.000000 0.000000 0.000000 0.000000 0.000000 0.000000 0.000000 0.000000 0.000000 50.000000 110.000000 110.000000 180.732101 200.000000 200.000000
0.000000 0.000000 0.000000 0.000000 0.000000 0.000000 0.000000 0.000000 0.000000 0.000000 0.000000 0.000000 0.000000 0.000000 0.000000 0.000000 0.000000 0.000000 50.000000 50.000000 108.490064 110.000000 105.133796 50.000000 50.000000 50.000000 0.000000 50.000000 50.000000 110.000000 110.000000 109.954376 50.000000 50.000000 50.000000 50.000000 50.000000 50.000000 50.000000 50.000000 50.000000 0.000000 0.000000 0.000000 0.000000 0.000000 0.000000 0.000000 0.000000 0.000000 0.000000 0.000000 0.000000 0.000000 0.000000 50.000000 110.000000 110.000000
0.000000 0.000000 0.000000 0.000000 0.000000 0.000000 0.000000 0.000000 0.000000 0.000000 50.000000 50.000000 50.000000 50.000000 50.000000 50.000000 110.000000 110.000000 110.000000 169.655999 174.844390 179.526969 181.859747 171.452732 110.000000 110.000000 110.000000 168.204779 182.778516 190.987801 193.821667 192.447159 183.854496 167.310210 110.000000 110.000000 110.000000 166.760052 170.200728 170.383317 110.000000 110.000000 110.000000 50.000000 50.000000 0.000000 0.000000 0.000000 0.000000 0.000000 0.000000 0.000000 0.000000 0.000000 0.000000 0.000000 0.000000 0.000000
20.000000 50.000000 50.000000 50.000000 50.000000 50.000000 50.000000 107.173318 110.000000 110.000000 110.000000 110.000000 167.644434 170.180782 168.732720 180.082002 192.097492 200.000000 200.000000 200.000000 200.000000 259.612435 264.780254 257.225584 200.000000 200.000000 200.000000 200.000000 269.694131 276.661487 280.092612 279.200732 270.307129 200.000000 200.000000 200.000000 200.000000 200.000000 200.000000 200.000000 200.000000 200.000000 194.922207 173.937538 110.000000 110.000000 110.000000 110.000000 105.194494 50.000000 0.000000 0.000000 0.000000 0.000000 0.000000 0.000000 0.000000 0.000000
110.000000 110.000000 110.000000 110.000000 110.000000 110.000000 110.000000 173.116523 200.000000 200.000000 200.000000 262.140251 267.515606 274.741905 278.894507 288.672817 296.369922 307.639284 323.419349 325.000000 325.000000 325.000000 325.000000 325.000000 325.000000 325.000000 325.000000 325.000000 325.000000 325.000000 325.000000 325.000000 325.000000 325.000000 325.000000 325.000000 325.000000 325.000000 325.000000 323.904604 308.493204 293.948085 275.761115 200.000000 200.000000 200.000000 200.000000 196.501808 179.843434 110.000000 110.000000 110.000000 50.000000 0.000000 0.000000 0.000000 0.000000 0.000000
174.520268 187.703803 200.000000 200.000000 200.000000 200.000000 200.000000 200.000000 295.200561 325.000000 325.000000 325.000000 325.000000 325.000000 405.570800 419.954448 428.514052 427.057152 439.175852 457.504092 473.321223 481.636890 487.944178 500.000000 500.000000 500.000000 490.395302 496.811231 500.000000 497.148624 499.436876 500.000000 493.412014 477.973042 468.724360 458.921695 449.056760 443.360732 434.888934 409.668639 394.443061 325.000000 325.000000 325.000000 315.284223 296.637714 284.196323 270.220193 200.000000 200.000000 200.000000 186.458836 110.000000 110.000000 110.000000 50.000000 50.000000 0.000000
200.000000 260.441287 276.987154 297.316328 299.832677 307.091937 320.097469 325.000000 401.049740 433.784858 457.561338 484.227657 500.000000 500.000000 567.252747 591.698741 590.627826 584.260173 588.995826 608.539559 626.728500 640.698106 656.266354 673.946288 685.269984 676.699170 666.854571 661.394087 658.756156 654.783767 653.281221 654.309967 656.092531 645.109191 633.249003 619.453128 605.946371 590.829490 500.000000 500.000000 500.000000 478.149673 454.514814 428.852607 402.862033 325.000000 325.000000 325.000000 325.000000 308.292984 287.037018 261.321766 200.000000 200.000000 190.862127 175.829069 110.000000 110.000000
324.144041 325.000000 325.000000 395.333409 405.139928 415.789856 449.542813 494.995032 500.000000 573.255097 607.129231 640.061395 672.816544 700.000000 700.000000 761.806590 756.261927 700.000000 700.000000 755.332159 769.029943 777.191085 792.697283 807.429500 821.507395 813.525722 803.914738 788.386206 784.701936 781.440984 775.288815 776.500731 778.228200 784.120106 774.297113 763.116867 700.000000 700.000000 690.581138 660.773449 633.292005 604.845909 572.828838 500.000000 500.000000 474.881872 451.908513 430.075765 406.687286 385.636595 325.000000 325.000000 316.539361 293.009694 274.173919 200.000000 200.000000 200.000000
419.429747 454.662777 500.000000 500.000000 500.000000 595.708900 639.450819 688.842125 700.000000 700.000000 768.783456 793.687552 817.374656 845.661377 870.039799 893.958976 890.605943 878.890387 865.782480 873.307384 878.229335 882.070272 893.863909 900.000000 900.000000 900.000000 900.000000 886.400714 879.679602 873.446427 866.136779 866.012459 872.123229 879.924462 873.973446 860.192299 843.853241 821.461035 797.460904 773.429126 700.000000 700.000000 695.644884 665.028613 630.395722 593.296701 563.506588 500.000000 496.960892 471.067432 454.606173 435.957068 408.060478 387.370526 325.000000 325.000000 325.000000 295.995550
500.000000 590.441795 646.186925 698.076631 700.000000 776.128708 810.945892 833.600151 855.026997 875.202482 895.080716 900.000000 900.000000 957.464363 979.731943 998.823772 993.905563 980.957732 969.204377 967.278288 970.486436 973.741899 981.628340 995.160028 1006.129545 998.061597 982.863352 967.950918 958.193911 900.000000 900.000000 900.000000 956.021496 962.350853 954.426672 900.000000 900.000000 900.000000 884.022886 861.908476 839.454942 815.620119 791.129196 763.572317 700.000000 700.000000 671.639373 639.837186 607.479143 587.020280 567.033031 500.000000 500.000000 498.077397 471.751971 444.348794 417.128122 384.525456
697.915696 700.000000 783.027645 818.115263 852.064987 884.225717 900.000000 900.000000 960.208104 971.161043 986.572789 1006.297410 1020.307919 1037.465484 1056.130938 1057.364475 1054.139825 1042.448537 1040.563674 1039.986464 1043.040921 1044.250910 1048.957028 1060.257367 1054.236724 1046.630058 1031.917167 1021.084901 1011.820601 1005.580734 1001.422353 1001.816119 1008.586104 1005.632815 998.388596 983.806159 971.842975 956.411309 900.000000 900.000000 897.552795 875.032546 851.561887 826.551381 799.723646 770.452999 700.000000 700.000000 700.000000 688.475637 676.797022 676.159574 654.872764 631.460529 606.107854 571.634825 500.000000 497.403750
