tests/Borden05m/data_simulated/sim_1/output-maps/watertableN0019.asc
ncols         160
nrows         34
xllcorner     620200.000000
yllcorner     5168000.000000
cellsize      0.500000
NODATA_value  -9999.0
[rows 0 to 24 of 34, columns 0 to 57 of 160]
-9999.0 -9999.0 -9999.0 -9999.0 -9999.0 -9999.0 -9999.0 -9999.0 -9999.0 -9999.0 -9999.0 -9999.0 -9999.0 -9999.0 -9999.0 -9999.0 -9999.0 -9999.0 -9999.0 -9999.0 -9999.0 -9999.0 -9999.0 -9999.0 -9999.0 -9999.0 -9999.0 -9999.0 -9999.0 -9999.0 -9999.0 -9999.0 -9999.0 -9999.0 -9999.0 -9999.0 -9999.0 -9999.0 -9999.0 -9999.0 -9999.0 -9999.0 -9999.0 -9999.0 -9999.0 -9999.0 -9999.0 -9999.0 -9999.0 -9999.0 -9999.0 -9999.0 -9999.0 -9999.0 -9999.0 -9999.0 -9999.0 -9999.0
-9999.0 -9999.0 -9999.0 -9999.0 -9999.0 -9999.0 -9999.0 -9999.0 -9999.0 -9999.0 -9999.0 -9999.0 -9999.0 -9999.0 -9999.0 -9999.0 -9999.0 -9999.0 -9999.0 -9999.0 -9999.0 -9999.0 -9999.0 -9999.0 -9999.0 -9999.0 -9999.0 -9999.0 -9999.0 -9999.0 -9999.0 -9999.0 -9999.0 -9999.0 -9999.0 -9999.0 -9999.0 -9999.0 -9999.0 -9999.0 -9999.0 -9999.0 -9999.0 -9999.0 -9999.0 -9999.0 -9999.0 -9999.0 -9999.0 -9999.0 -9999.0 -9999.0 -9999.0 -9999.0 -9999.0 -9999.0 -9999.0 -9999.0
-9999.0 -9999.0 -9999.0 -9999.0 -9999.0 -9999.0 -9999.0 -9999.0 -9999.0 -9999.0 -9999.0 -9999.0 -9999.0 -9999.0 -9999.0 -9999.0 -9999.0 -9999.0 -9999.0 -9999.0 -9999.0 -9999.0 -9999.0 -9999.0 -9999.0 -9999.0 -9999.0 -9999.0 -9999.0 -9999.0 -9999.0 -9999.0 -9999.0 -9999.0 -9999.0 -9999.0 -9999.0 -9999.0 -9999.0 -9999.0 -9999.0 -9999.0 -9999.0 -9999.0 -9999.0 -9999.0 -9999.0 1012.605438 1029.823672 1046.026449 1047.815626 1025.356387 1002.336677 979.018249 958.844285 900.000000 900.000000 900.000000
-9999.0 -9999.0 -9999.0 -9999.0 -9999.0 -9999.0 -9999.0 -9999.0 -9999.0 -9999.0 -9999.0 -9999.0 -9999.0 -9999.0 -9999.0 -9999.0 -9999.0 -9999.0 -9999.0 -9999.0 -9999.0 -9999.0 -9999.0 -9999.0 -9999.0 -9999.0 -9999.0 -9999.0 -9999.0 -9999.0 -9999.0 -9999.0 -9999.0 -9999.0 -9999.0 -9999.0 -9999.0 -9999.0 -9999.0 -9999.0 965.716992 959.940215 958.437113 969.120045 980.295480 992.048075 1011.701298 1029.343336 1044.526726 1047.259868 1044.671514 1039.146609 1016.521229 992.569321 973.393166 956.339614 900.000000 900.000000
-9999.0 -9999.0 -9999.0 -9999.0 -9999.0 -9999.0 -9999.0 -9999.0 -9999.0 -9999.0 -9999.0 -9999.0 -9999.0 -9999.0 -9999.0 -9999.0 -9999.0 -9999.0 -9999.0 -9999.0 -9999.0 -9999.0 -9999.0 -9999.0 -9999.0 -9999.0 -9999.0 -9999.0 -9999.0 -9999.0 -9999.0 -9999.0 -9999.0 -9999.0 1056.701470 1039.341512 1021.465521 1003.402058 987.045750 980.537582 974.767770 969.063591 973.071810 977.843117 989.044496 1007.471731 1026.865035 1040.829844 1043.314418 1045.834440 1041.498519 1028.604057 1012.179111 996.054213 975.472486 900.000000 900.000000 900.000000
-9999.0 -9999.0 -9999.0 -9999.0 -9999.0 -9999.0 -9999.0 -9999.0 -9999.0 -9999.0 -9999.0 -9999.0 -9999.0 -9999.0 -9999.0 -9999.0 -9999.0 -9999.0 -9999.0 -9999.0 -9999.0 -9999.0 -9999.0 -9999.0 -9999.0 -9999.0 -9999.0 -9999.0 1052.465972 1058.337563 1063.443952 1064.949399 1066.248066 1067.416303 1060.552420 1048.391813 1030.347617 1009.126779 996.524808 989.509528 983.105450 982.357859 987.167773 989.339817 989.187347 1000.710059 1012.142510 1022.829423 1033.086262 1034.270345 1024.811893 1011.128007 995.357529 980.813082 965.707267 900.000000 900.000000 900.000000
-9999.0 -9999.0 -9999.0 -9999.0 -9999.0 -9999.0 -9999.0 -9999.0 -9999.0 -9999.0 -9999.0 -9999.0 -9999.0 -9999.0 -9999.0 -9999.0 -9999.0 -9999.0 -9999.0 -9999.0 -9999.0 -9999.0 -9999.0 1081.764703 1075.806037 1069.367785 1062.071897 1061.206200 1065.419509 1071.048145 1074.184844 1075.733904 1077.315231 1072.944485 1064.683235 1051.138404 1035.416252 1014.055784 1005.580903 999.126484 986.908114 984.665584 979.888031 976.012581 977.825616 980.451367 992.174571 1000.781228 995.128699 988.976115 982.520999 975.007123 962.079136 900.000000 900.000000 900.000000 886.351667 866.481138
-9999.0 -9999.0 -9999.0 -9999.0 -9999.0 -9999.0 -9999.0 -9999.0 -9999.0 -9999.0 -9999.0 -9999.0 -9999.0 -9999.0 -9999.0 -9999.0 -9999.0 -9999.0 -9999.0 1100.000000 1100.000000 1100.000000 1100.000000 1099.245379 1097.044323 1090.098884 1082.030610 1079.901916 1081.487508 1083.068728 1081.533683 1078.860779 1074.647748 1063.279372 1049.546505 1035.506674 1021.523288 1000.911074 986.307937 972.560108 956.650136 957.897995 962.228369 964.324763 963.858665 963.174678 957.273532 953.445503 900.000000 900.000000 900.000000 900.000000 900.000000 895.306524 874.576204 853.357007 832.872580 812.702057
-9999.0 -9999.0 -9999.0 -9999.0 -9999.0 -9999.0 -9999.0 -9999.0 -9999.0 -9999.0 -9999.0 -9999.0 -9999.0 -9999.0 -9999.0 -9999.0 1100.000000 1100.000000 1100.000000 1100.000000 1100.000000 1100.000000 1100.000000 1100.000000 1100.000000 1100.000000 1095.531228 1087.009631 1079.181007 1071.880251 1065.940119 1063.185329 1055.490845 1045.810626 1033.907779 1018.359564 996.657141 974.068621 957.817653 900.000000 900.000000 900.000000 900.000000 900.000000 900.000000 900.000000 896.076061 889.149399 884.959892 865.565982 850.442076 844.121098 835.885665 816.668625 791.100349 761.773024 700.000000 699.058665
-9999.0 -9999.0 -9999.0 -9999.0 -9999.0 -9999.0 -9999.0 -9999.0 -9999.0 -9999.0 -9999.0 -9999.0 -9999.0 1179.569190 1175.455725 1166.247407 1157.839483 1155.584689 1100.000000 1100.000000 1100.000000 1100.000000 1100.000000 1100.000000 1100.000000 1096.740890 1087.566523 1075.828143 1067.346196 1060.059467 1052.839066 1046.256321 1032.517235 1017.033211 1000.984166 980.621074 958.846539 900.000000 900.000000 900.000000 885.938308 881.917969 883.142034 880.952337 872.166476 853.063424 832.510889 818.173423 794.269657 767.846742 700.000000 700.000000 700.000000 700.000000 684.069359 641.441329 597.630734 563.294632
-9999.0 -9999.0 -9999.0 -9999.0 -9999.0 -9999.0 -9999.0 -9999.0 -9999.0 -9999.0 1213.849524 1211.368591 1214.792569 1214.370061 1209.642306 1197.820745 1184.620186 1177.891450 1166.688763 1100.000000 1100.000000 1100.000000 1100.000000 1100.000000 1094.347349 1083.695234 1070.554210 1057.523762 1040.242168 1027.391257 1014.622407 993.871836 977.077260 960.338841 900.000000 900.000000 900.000000 869.477859 840.808639 824.858055 798.804013 782.768016 784.745039 783.585336 774.088504 700.000000 700.000000 692.507140 663.471549 630.308783 604.382176 586.288884 572.666343 500.000000 500.000000 500.000000 464.166289 432.489298
-9999.0 -9999.0 -9999.0 -9999.0 -9999.0 -9999.0 -9999.0 -9999.0 1237.868376 1230.923896 1224.725624 1227.731905 1232.349612 1235.788453 1222.645315 1206.975342 1191.153679 1174.134895 1158.309284 1100.000000 1100.000000 1100.000000 1089.165366 1077.318296 1065.428201 1050.179562 1036.357335 1018.394132 996.814260 981.839434 962.405889 900.000000 900.000000 900.000000 880.855082 861.069118 830.417918 792.981248 756.261844 700.000000 692.931326 662.711356 659.591935 654.025566 646.298222 614.441205 577.732408 500.000000 500.000000 477.695635 446.607915 429.239019 417.996593 404.577199 388.365838 325.000000 325.000000 320.132330
-9999.0 -9999.0 -9999.0 -9999.0 -9999.0 -9999.0 1263.925200 1239.887866 1225.137141 1232.924198 1241.608511 1244.991233 1248.606120 1228.012739 1206.653630 1189.840043 1173.240094 1155.960518 1100.000000 1100.000000 1090.538786 1073.708668 1058.648985 1039.019441 1024.640091 1010.220619 992.500135 968.442736 900.000000 900.000000 879.558465 850.465384 821.236541 798.535314 776.738373 700.000000 700.000000 670.164284 625.071041 587.712698 500.000000 500.000000 500.000000 500.000000 491.471095 471.867639 441.116782 410.310649 325.000000 325.000000 318.055807 306.250918 295.950560 284.513461 270.620644 200.000000 200.000000 200.000000
-9999.0 -9999.0 -9999.0 -9999.0 1297.192752 1276.338324 1256.021551 1225.336213 1202.827707 1208.043239 1200.906351 1200.389940 1201.722564 1198.723909 1192.536390 1174.641061 1156.735051 1100.000000 1100.000000 1082.795330 1040.498043 1023.487213 996.540624 963.831115 900.000000 900.000000 900.000000 892.480350 861.138741 822.693242 770.457963 700.000000 690.094194 660.531363 633.843097 604.524312 565.996704 500.000000 483.794161 447.512010 416.043435 390.941209 325.000000 325.000000 325.000000 325.000000 320.473529 294.833594 266.223901 200.000000 200.000000 186.757324 178.013233 167.646221 110.000000 110.000000 50.000000 20.000000
-9999.0 -9999.0 -9999.0 1300.000000 1300.000000 1269.317054 1241.995531 1211.072966 1179.358940 1173.370571 1164.748224 1158.505581 1100.000000 1100.000000 1100.000000 1100.000000 1100.000000 1087.987217 1066.458008 1029.279765 992.386140 957.495134 900.000000 890.863018 866.008278 848.274731 829.205993 801.776227 756.810646 700.000000 647.303207 583.159425 500.000000 500.000000 486.678885 459.468612 434.428650 399.628932 325.000000 325.000000 303.891909 278.678007 256.159214 200.000000 200.000000 200.000000 200.000000 186.689596 110.000000 110.000000 20.000000 0.000000 0.000000 0.000000 0.000000 0.000000 0.000000 0.000000
-9999.0 -9999.0 1391.737991 1354.419713 1300.000000 1268.274799 1215.481736 1181.626150 1100.000000 1100.000000 1100.000000 1089.181338 1071.792117 1062.961090 1045.669431 1027.765476 1013.251691 1008.717335 994.498050 958.195450 900.000000 849.322904 812.282948 700.000000 700.000000 683.357881 665.966700 635.637015 596.374531 500.000000 488.914574 435.715689 394.030423 325.000000 325.000000 325.000000 306.024496 281.435634 200.000000 200.000000 193.448541 167.433178 110.000000 50.000000 50.000000 50.000000 0.000000 0.000000 0.000000 0.000000 0.000000 0.000000 0.000000 0.000000 0.000000 0.000000 0.000000 0.000000
-9999.0 -9999.0 1417.528030 1373.021633 1300.000000 1261.745288 1184.322022 1100.000000 1100.000000 1057.490793 1037.665083 1012.832328 993.761902 975.634877 900.000000 900.000000 900.000000 900.000000 900.000000 854.968346 789.794653 700.000000 634.012436 564.625772 500.000000 500.000000 500.000000 483.249305 455.396190 407.553899 325.000000 294.308450 200.000000 200.000000 200.000000 188.161172 110.000000 110.000000 50.000000 20.000000 0.000000 0.000000 0.000000 0.000000 0.000000 0.000000 0.000000 0.000000 0.000000 0.000000 0.000000 0.000000 0.000000 0.000000 0.000000 0.000000 0.000000 0.000000
-9999.0 1500.000000 1453.235587 1399.138940 1300.000000 1259.116241 1172.519936 1090.267125 1037.481255 993.056883 962.842568 900.000000 886.678899 833.721561 803.381047 770.706199 771.381606 771.555243 777.836402 700.000000 660.112509 500.000000 433.152130 325.000000 325.000000 325.000000 325.000000 325.000000 316.115363 269.880037 194.842775 110.000000 20.000000 0.000000 0.000000 0.000000 0.000000 0.000000 0.000000 0.000000 0.000000 0.000000 0.000000 0.000000 0.000000 0.000000 0.000000 0.000000 0.000000 0.000000 0.000000 0.000000 0.000000 0.000000 0.000000 0.000000 0.000000 20.000000
-9999.0 1500.000000 1480.215552 1407.470326 1300.000000 1259.546452 1100.000000 1011.337081 961.623788 900.000000 891.854294 842.470824 700.000000 667.149976 622.889144 577.115101 579.397998 590.597001 590.514694 500.000000 483.091722 397.173489 273.236865 199.309324 200.000000 200.000000 200.000000 180.171317 110.000000 108.899842 0.000000 0.000000 0.000000 0.000000 0.000000 0.000000 0.000000 0.000000 0.000000 0.000000 0.000000 0.000000 0.000000 0.000000 0.000000 0.000000 0.000000 0.000000 0.000000 20.000000 50.000000 50.000000 50.000000 50.000000 50.000000 50.000000 50.000000 110.000000
-9999.0 1568.111556 1497.011750 1431.506996 1360.103570 1235.243173 1100.000000 973.382425 879.581234 836.586722 781.936353 680.230308 570.030680 480.137352 433.669344 410.246567 397.888622 401.919773 325.000000 325.000000 200.000000 110.000000 20.000000 0.000000 20.000000 50.000000 106.939760 107.483639 50.000000 50.000000 20.000000 0.000000 0.000000 0.000000 0.000000 0.000000 0.000000 0.000000 0.000000 0.000000 20.000000 20.000000 0.000000 0.000000 20.000000 50.000000 50.000000 50.000000 50.000000 110.000000 110.000000 110.000000 110.000000 110.000000 110.000000 110.000000 110.000000 171.274733
-9999.0 1664.545492 1576.034657 1500.000000 1386.827675 1210.996622 1081.100172 900.000000 773.767203 700.000000 604.979841 492.330360 402.469527 325.000000 306.270916 266.273904 200.000000 200.000000 175.538871 110.000000 0.000000 0.000000 0.000000 0.000000 0.000000 50.000000 110.000000 110.000000 110.000000 110.000000 110.000000 50.000000 50.000000 0.000000 50.000000 50.000000 50.000000 50.000000 50.000000 50.000000 110.000000 110.000000 110.000000 109.761636 110.000000 110.000000 110.000000 110.000000 110.000000 110.000000 172.787990 180.120415 183.556223 189.529561 191.295935 198.525211 200.000000 200.000000
-9999.0 1700.000000 1667.821458 1569.707372 1418.106176 1245.284802 1093.212855 900.000000 690.160461 564.519028 461.682331 411.160603 325.000000 287.165065 200.000000 194.825332 177.624323 170.578328 110.000000 110.000000 110.000000 50.000000 20.000000 0.000000 108.973328 110.000000 110.000000 110.000000 169.487145 166.114423 110.000000 110.000000 110.000000 110.000000 110.000000 110.000000 110.000000 110.000000 110.000000 110.000000 168.309266 175.945961 180.478421 183.470668 187.406439 189.430183 197.636703 200.000000 200.000000 200.000000 200.000000 200.000000 200.000000 200.000000 256.014820 266.375212 292.470814 317.676454
-9999.0 1845.710427 1700.000000 1621.976263 1488.254275 1300.000000 1198.785930 1016.817286 838.906129 596.824062 410.089751 325.000000 325.000000 309.738006 200.000000 200.000000 194.592506 200.000000 200.000000 200.000000 200.000000 200.000000 200.000000 184.756706 181.522448 183.411818 189.694262 200.000000 200.000000 200.000000 200.000000 200.000000 200.000000 200.000000 200.000000 200.000000 200.000000 200.000000 200.000000 200.000000 258.036776 267.346832 270.524859 270.316322 271.566822 275.191504 282.717708 292.778014 304.889572 315.845312 324.104037 325.000000 325.000000 325.000000 325.000000 325.000000 388.670879 410.701003
-9999.0 -9999.0 1798.223780 1682.920497 1567.240636 1435.263775 1300.000000 1100.000000 970.088488 700.000000 615.280262 500.000000 454.546806 413.673724 325.000000 315.117236 306.874297 298.799376 322.502551 320.710958 313.189227 304.228437 292.383205 280.778056 272.046640 267.782602 265.581369 268.459234 276.959005 289.597335 303.324720 312.948051 318.279147 322.103409 314.285079 303.900429 305.149372 311.289807 322.086733 325.000000 325.000000 325.000000 325.000000 325.000000 325.000000 325.000000 325.000000 386.178622 398.934209 411.725751 417.949628 424.185720 430.346396 441.281803 452.791475 466.157887 490.440621 500.000000
-9999.0 -9999.0 1884.816502 1771.461176 1649.856480 1500.000000 1408.296482 1300.000000 1100.000000 997.297478 881.100872 776.628175 690.284794 623.347003 573.170241 500.000000 486.311393 473.838740 467.136010 451.050494 429.228982 408.567145 394.649644 382.589391 325.000000 325.000000 325.000000 325.000000 325.000000 389.219674 407.234830 426.952550 437.220488 442.249083 437.853862 430.523583 435.179250 445.044897 459.218994 475.959135 489.627563 500.000000 500.000000 500.000000 500.000000 500.000000 500.000000 500.000000 500.000000 500.000000 560.975517 568.816084 573.533289 582.962491 595.043365 604.795512 627.709769 658.672446
