tests/Borden05m/data_simulated/sim_1/output-maps/watertableN0002.asc
ncols         160
nrows         34
xllcorner     620200.000000
yllcorner     5168000.000000
cellsize      0.500000
NODATA_value  -9999.0
[rows 0 to 25 of 34, columns 0 to 57 of 160]
-9999.0 -9999.0 -9999.0 -9999.0 -9999.0 -9999.0 -9999.0 -9999.0 -9999.0 -9999.0 -9999.0 -9999.0 -9999.0 -9999.0 -9999.0 -9999.0 -9999.0 -9999.0 -9999.0 -9999.0 -9999.0 -9999.0 -9999.0 -9999.0 -9999.0 -9999.0 -9999.0 -9999.0 -9999.0 -9999.0 -9999.0 -9999.0 -9999.0 -9999.0 -9999.0 -9999.0 -9999.0 -9999.0 -9999.0 -9999.0 -9999.0 -9999.0 -9999.0 -9999.0 -9999.0 -9999.0 -9999.0 -9999.0 -9999.0 -9999.0 -9999.0 -9999.0 -9999.0 -9999.0 -9999.0 -9999.0 -9999.0 -9999.0
-9999.0 -9999.0 -9999.0 -9999.0 -9999.0 -9999.0 -9999.0 -9999.0 -9999.0 -9999.0 -9999.0 -9999.0 -9999.0 -9999.0 -9999.0 -9999.0 -9999.0 -9999.0 -9999.0 -9999.0 -9999.0 -9999.0 -9999.0 -9999.0 -9999.0 -9999.0 -9999.0 -9999.0 -9999.0 -9999.0 -9999.0 -9999.0 -9999.0 -9999.0 -9999.0 -9999.0 -9999.0 -9999.0 -9999.0 -9999.0 -9999.0 -9999.0 -9999.0 -9999.0 -9999.0 -9999.0 -9999.0 -9999.0 -9999.0 -9999.0 -9999.0 -9999.0 -9999.0 -9999.0 -9999.0 -9999.0 -9999.0 -9999.0
-9999.0 -9999.0 -9999.0 -9999.0 -9999.0 -9999.0 -9999.0 -9999.0 -9999.0 -9999.0 -9999.0 -9999.0 -9999.0 -9999.0 -9999.0 -9999.0 -9999.0 -9999.0 -9999.0 -9999.0 -9999.0 -9999.0 -9999.0 -9999.0 -9999.0 -9999.0 -9999.0 -9999.0 -9999.0 -9999.0 -9999.0 -9999.0 -9999.0 -9999.0 -9999.0 -9999.0 -9999.0 -9999.0 -9999.0 -9999.0 -9999.0 -9999.0 -9999.0 -9999.0 -9999.0 -9999.0 -9999.0 1020.093412 1037.492628 1053.933743 1055.947946 1033.596756 1010.711608 987.533112 967.517738 900.000000 900.000000 900.000000
-9999.0 -9999.0 -9999.0 -9999.0 -9999.0 -9999.0 -9999.0 -9999.0 -9999.0 -9999.0 -9999.0 -9999.0 -9999.0 -9999.0 -9999.0 -9999.0 -9999.0 -9999.0 -9999.0 -9999.0 -9999.0 -9999.0 -9999.0 -9999.0 -9999.0 -9999.0 -9999.0 -9999.0 -9999.0 -9999.0 -9999.0 -9999.0 -9999.0 -9999.0 -9999.0 -9999.0 -9999.0 -9999.0 -9999.0 -9999.0 972.606883 966.879255 965.493702 976.379687 987.761441 999.709196 1019.568361 1037.305343 1052.678158 1055.593812 1053.222703 1047.960640 1025.503057 1001.711686 982.733790 965.889044 900.000000 900.000000
-9999.0 -9999.0 -9999.0 -9999.0 -9999.0 -9999.0 -9999.0 -9999.0 -9999.0 -9999.0 -9999.0 -9999.0 -9999.0 -9999.0 -9999.0 -9999.0 -9999.0 -9999.0 -9999.0 -9999.0 -9999.0 -9999.0 -9999.0 -9999.0 -9999.0 -9999.0 -9999.0 -9999.0 -9999.0 -9999.0 -9999.0 -9999.0 -9999.0 -9999.0 1063.183032 1045.894617 1028.159997 1010.253331 994.044123 987.696049 981.990072 976.391206 980.591780 985.566465 997.018200 1015.745301 1035.423921 1049.620149 1052.299581 1055.079695 1051.014567 1038.377087 1022.213652 1006.381804 986.063776 963.527415 954.809279 900.000000
-9999.0 -9999.0 -9999.0 -9999.0 -9999.0 -9999.0 -9999.0 -9999.0 -9999.0 -9999.0 -9999.0 -9999.0 -9999.0 -9999.0 -9999.0 -9999.0 -9999.0 -9999.0 -9999.0 -9999.0 -9999.0 -9999.0 -9999.0 -9999.0 -9999.0 -9999.0 -9999.0 -9999.0 1057.818478 1063.850512 1069.182636 1070.937367 1072.506441 1073.944902 1067.261812 1055.298839 1037.453563 1016.415027 1004.035560 997.249583 991.037812 990.520703 995.606864 998.035140 998.124841 1009.990449 1021.772554 1032.819811 1043.474525 1045.035051 1035.907601 1022.558394 1007.148546 993.027335 978.392907 966.409756 900.000000 900.000000
-9999.0 -9999.0 -9999.0 -9999.0 -9999.0 -9999.0 -9999.0 -9999.0 -9999.0 -9999.0 -9999.0 -9999.0 -9999.0 -9999.0 -9999.0 -9999.0 -9999.0 -9999.0 -9999.0 -9999.0 -9999.0 -9999.0 -9999.0 1086.395024 1080.546926 1074.281021 1067.181591 1066.542099 1070.970585 1076.846517 1080.258031 1082.109871 1084.024079 1079.967695 1072.009669 1058.761446 1043.345398 1022.253803 1014.131582 1008.029773 996.087875 994.173690 989.688430 986.122624 988.310926 991.354198 1003.618030 1012.774475 1007.586667 1001.932026 995.998100 989.032928 976.666802 961.820211 900.000000 900.000000 900.000000 885.619649
-9999.0 -9999.0 -9999.0 -9999.0 -9999.0 -9999.0 -9999.0 -9999.0 -9999.0 -9999.0 -9999.0 -9999.0 -9999.0 -9999.0 -9999.0 -9999.0 -9999.0 -9999.0 -9999.0 1100.000000 1100.000000 1100.000000 1100.000000 1100.000000 1100.000000 1095.324277 1087.496411 1085.649708 1087.545807 1089.459720 1088.275671 1085.981545 1082.170655 1071.190889 1057.855358 1044.240083 1030.711522 1010.512553 996.368319 983.074100 967.568023 969.333447 974.191858 976.804505 976.879341 976.816954 971.591164 968.520935 963.264387 958.133055 900.000000 900.000000 900.000000 900.000000 896.677283 877.491377 859.447293 841.732067
-9999.0 -9999.0 -9999.0 -9999.0 -9999.0 -9999.0 -9999.0 -9999.0 -9999.0 -9999.0 -9999.0 -9999.0 -9999.0 -9999.0 -9999.0 -9999.0 1100.000000 1100.000000 1100.000000 1100.000000 1100.000000 1100.000000 1100.000000 1100.000000 1100.000000 1100.000000 1100.000000 1093.474216 1086.026292 1079.143849 1073.668463 1071.440897 1064.285124 1055.166844 1043.850305 1028.909853 1007.811376 985.848675 970.313261 954.395829 900.000000 900.000000 900.000000 900.000000 900.000000 900.000000 900.000000 900.000000 900.000000 889.228175 875.694452 870.965340 864.440819 847.453031 825.144662 800.515311 770.291607 700.000000
-9999.0 -9999.0 -9999.0 -9999.0 -9999.0 -9999.0 -9999.0 -9999.0 -9999.0 -9999.0 -9999.0 -9999.0 -9999.0 1183.216178 1179.219231 1170.159474 1161.901958 1159.840817 1156.106666 1100.000000 1100.000000 1100.000000 1100.000000 1100.000000 1100.000000 1100.000000 1094.630548 1083.362991 1075.423909 1068.744597 1062.194090 1056.351850 1043.347058 1028.626581 1013.395397 993.895885 973.088738 900.000000 900.000000 900.000000 900.000000 900.000000 900.000000 900.000000 896.516302 879.205431 860.989724 849.558905 829.008514 806.201844 792.462238 780.076263 771.706797 760.256729 700.000000 700.000000 671.439378 642.809217
-9999.0 -9999.0 -9999.0 -9999.0 -9999.0 -9999.0 -9999.0 -9999.0 -9999.0 -9999.0 1217.135582 1214.784203 1218.415836 1218.204199 1213.680942 1202.064923 1189.080706 1182.619347 1171.692655 1100.000000 1100.000000 1100.000000 1100.000000 1100.000000 1100.000000 1091.629890 1079.071379 1066.700472 1050.143884 1038.148372 1026.351664 1006.599794 990.888073 975.298349 958.518788 900.000000 900.000000 891.111846 865.010655 851.945563 829.026598 815.939203 819.747552 820.331145 813.167598 796.328809 773.180075 700.000000 700.000000 696.940407 675.778428 660.857057 650.035358 637.837735 622.983083 592.042077 551.726970 500.000000
-9999.0 -9999.0 -9999.0 -9999.0 -9999.0 -9999.0 -9999.0 -9999.0 1240.928350 1234.115348 1228.102658 1231.347005 1236.244049 1239.988059 1227.108442 1211.715552 1196.191898 1179.493626 1164.037479 1100.000000 1100.000000 1100.000000 1096.937603 1085.753015 1074.559349 1060.029437 1047.011101 1029.954159 1009.420596 995.791026 977.926436 957.030125 900.000000 900.000000 900.000000 887.055137 859.927316 827.120976 795.967784 772.038725 700.000000 700.000000 700.000000 700.000000 700.000000 687.202376 656.663833 624.873287 594.519036 561.387542 500.000000 500.000000 489.818459 475.832156 458.566787 438.466232 397.832330 306.993003
-9999.0 -9999.0 -9999.0 -9999.0 -9999.0 -9999.0 1266.667408 1242.747728 1228.202688 1236.281313 1245.303307 1249.037481 1253.038800 1232.754213 1211.728695 1195.283902 1179.080672 1162.239795 1100.000000 1100.000000 1098.666157 1082.673401 1068.551760 1049.882614 1036.490032 1023.091049 1006.483504 983.734159 961.630913 900.000000 900.000000 876.400027 851.047246 832.349057 814.832015 796.555090 765.771665 700.000000 693.585420 663.841710 635.999688 606.982523 596.956917 590.419918 580.858813 560.266050 500.000000 486.834931 441.187122 381.283528 291.617814 200.000000 200.000000 194.199864 110.000000 110.000000 50.000000 0.000000
-9999.0 -9999.0 -9999.0 -9999.0 1299.556957 1278.831790 1258.742073 1228.278789 1206.056384 1211.681738 1204.962879 1204.926649 1206.782917 1204.307816 1198.647296 1181.249772 1163.866942 1100.000000 1100.000000 1092.158517 1050.881568 1035.246001 1009.766775 978.519397 965.354439 900.000000 900.000000 900.000000 886.162246 852.403163 806.983686 768.390237 700.000000 700.000000 700.000000 678.227114 646.793450 610.344535 572.771082 500.000000 495.095537 465.007933 445.805347 434.140166 416.043116 385.242084 318.610439 200.000000 110.000000 50.000000 0.000000 0.000000 0.000000 0.000000 0.000000 0.000000 0.000000 0.000000
-9999.0 -9999.0 -9999.0 1300.000000 1300.000000 1271.863348 1244.833036 1214.255403 1182.943472 1177.512914 1169.497590 1163.939053 1158.277547 1100.000000 1100.000000 1100.000000 1100.000000 1097.855277 1077.384713 1041.578650 1006.528951 974.035759 900.000000 900.000000 891.282071 876.299706 860.170560 836.878922 798.304912 759.572147 700.000000 657.010278 619.819829 594.350749 573.254913 500.000000 500.000000 477.536531 432.253514 325.000000 200.000000 200.000000 110.000000 110.000000 110.000000 50.000000 0.000000 0.000000 0.000000 0.000000 0.000000 0.000000 0.000000 0.000000 0.000000 0.000000 0.000000 0.000000
-9999.0 -9999.0 1393.934677 1356.688243 1300.000000 1270.982069 1218.537395 1185.184702 1100.000000 1100.000000 1100.000000 1096.055145 1079.758353 1072.077330 1055.862824 1038.961652 1025.382354 1021.972074 1009.273253 975.341252 900.000000 875.248658 844.768378 789.920352 757.318080 700.000000 700.000000 697.468413 665.839730 621.740969 569.463854 500.000000 467.674811 425.993009 398.352681 325.000000 270.797232 200.000000 110.000000 50.000000 0.000000 0.000000 0.000000 0.000000 0.000000 0.000000 0.000000 0.000000 0.000000 0.000000 0.000000 0.000000 0.000000 0.000000 0.000000 0.000000 0.000000 0.000000
-9999.0 -9999.0 1419.778234 1375.365772 1300.000000 1264.692371 1187.716485 1100.000000 1100.000000 1063.696969 1045.339516 1022.196208 1005.124958 989.091169 965.692749 900.000000 900.000000 900.000000 900.000000 880.949892 823.642236 762.372734 693.753179 632.727911 591.708936 581.280873 573.120439 500.000000 500.000000 470.541337 388.149110 200.000000 188.811639 110.000000 50.000000 0.000000 0.000000 0.000000 0.000000 0.000000 0.000000 0.000000 0.000000 0.000000 0.000000 0.000000 0.000000 0.000000 0.000000 0.000000 0.000000 0.000000 0.000000 0.000000 0.000000 0.000000 0.000000 0.000000
-9999.0 1500.000000 1455.523862 1401.603566 1300.000000 1262.392801 1176.504285 1095.279638 1043.940605 1001.438635 973.781637 956.141791 900.000000 856.944441 830.636671 801.667902 803.469501 804.706004 813.301699 770.551357 700.000000 626.161130 498.978891 424.430964 325.000000 325.000000 325.000000 291.549313 200.000000 110.000000 20.000000 0.000000 0.000000 0.000000 0.000000 0.000000 0.000000 0.000000 0.000000 0.000000 0.000000 0.000000 0.000000 0.000000 0.000000 0.000000 0.000000 0.000000 0.000000 0.000000 0.000000 0.000000 0.000000 0.000000 0.000000 0.000000 0.000000 0.000000
-9999.0 1500.000000 1482.573516 1410.031039 1300.000000 1263.262698 1100.000000 1017.506014 970.401725 900.000000 900.000000 867.034328 780.288422 700.000000 672.691079 630.597756 632.514965 643.230722 643.693962 606.171348 500.000000 451.842591 200.000000 20.000000 0.000000 0.000000 0.000000 0.000000 0.000000 0.000000 0.000000 0.000000 0.000000 0.000000 0.000000 0.000000 0.000000 0.000000 0.000000 0.000000 0.000000 0.000000 0.000000 0.000000 0.000000 0.000000 0.000000 0.000000 0.000000 0.000000 0.000000 0.000000 0.000000 0.000000 0.000000 0.000000 0.000000 0.000000
-9999.0 1570.467082 1499.415211 1434.199200 1363.376565 1239.368242 1100.000000 981.611952 892.944164 857.356862 813.470475 700.000000 621.872680 500.000000 460.472689 419.957696 392.853916 392.726421 325.000000 200.000000 110.000000 0.000000 0.000000 0.000000 0.000000 0.000000 0.000000 0.000000 0.000000 0.000000 0.000000 0.000000 0.000000 0.000000 0.000000 0.000000 0.000000 0.000000 0.000000 0.000000 0.000000 0.000000 0.000000 0.000000 0.000000 0.000000 0.000000 0.000000 0.000000 0.000000 0.000000 0.000000 0.000000 0.000000 0.000000 0.000000 0.000000 0.000000
-9999.0 1667.126194 1578.632599 1500.000000 1390.393492 1215.432553 1087.620763 900.000000 796.571806 700.000000 659.838987 500.000000 417.552143 200.000000 110.000000 0.000000 0.000000 0.000000 0.000000 0.000000 0.000000 0.000000 0.000000 0.000000 0.000000 0.000000 0.000000 0.000000 0.000000 0.000000 0.000000 0.000000 0.000000 0.000000 0.000000 0.000000 0.000000 0.000000 0.000000 0.000000 0.000000 0.000000 0.000000 0.000000 0.000000 0.000000 0.000000 0.000000 0.000000 0.000000 0.000000 0.000000 0.000000 0.000000 0.000000 0.000000 0.000000 0.000000
-9999.0 1700.000000 1670.634932 1572.851972 1421.803968 1250.019442 1100.000000 900.000000 700.000000 622.504198 500.000000 446.167635 278.909774 20.000000 0.000000 0.000000 0.000000 0.000000 0.000000 0.000000 0.000000 0.000000 0.000000 0.000000 0.000000 0.000000 0.000000 0.000000 0.000000 0.000000 0.000000 0.000000 0.000000 0.000000 0.000000 0.000000 0.000000 0.000000 0.000000 0.000000 0.000000 0.000000 0.000000 0.000000 0.000000 0.000000 0.000000 0.000000 0.000000 0.000000 0.000000 0.000000 0.000000 0.000000 0.000000 50.000000 110.000000 200.000000
-9999.0 1848.707477 1700.000000 1625.185457 1492.028979 1300.000000 1205.849737 1028.879134 864.123000 650.402687 462.240851 388.150229 281.135761 110.000000 0.000000 0.000000 0.000000 0.000000 0.000000 0.000000 0.000000 0.000000 0.000000 0.000000 0.000000 0.000000 0.000000 0.000000 0.000000 0.000000 0.000000 0.000000 0.000000 0.000000 0.000000 0.000000 0.000000 0.000000 0.000000 0.000000 0.000000 50.000000 50.000000 50.000000 110.000000 110.000000 110.000000 110.000000 110.000000 192.517318 200.000000 200.000000 270.879362 325.000000 325.000000 397.503872 439.919369 473.091973
-9999.0 -9999.0 1801.427216 1686.215517 1570.995967 1439.891290 1300.000000 1100.000000 987.127798 791.880416 668.719165 563.314794 492.346970 413.254620 200.000000 110.000000 110.000000 110.000000 110.000000 110.000000 110.000000 110.000000 110.000000 110.000000 50.000000 20.000000 0.000000 0.000000 50.000000 110.000000 110.000000 110.000000 195.469486 200.000000 192.076422 110.000000 110.000000 190.924324 200.000000 200.000000 325.000000 387.040358 399.422343 400.212974 401.184964 407.050949 416.927626 435.405099 452.597031 468.139218 476.444715 485.350790 495.668973 500.000000 500.000000 500.000000 570.759670 596.943327
-9999.0 -9999.0 1888.266960 1774.950614 1653.637377 1500.000000 1413.853902 1300.000000 1100.000000 1015.035274 900.000000 812.002694 700.000000 670.117250 614.382747 500.000000 500.000000 500.000000 499.568927 488.047853 469.570733 449.880168 433.490285 413.755411 387.816767 325.000000 325.000000 325.000000 392.298899 423.754589 452.787320 478.104347 490.868207 496.724752 492.272823 484.614550 489.505549 500.000000 500.000000 500.000000 560.139872 576.789739 582.954854 585.651995 586.605494 589.692998 593.866588 604.255706 616.967125 626.096196 634.220363 641.309558 645.801501 654.467247 665.067850 672.767883 691.137184 700.000000
-9999.0 -9999.0 -9999.0 1843.182459 1700.000000 1670.032121 1568.426277 1496.129920 1408.470041 1287.269645 1172.479446 1061.168877 991.850725 900.000000 879.783443 826.956723 789.904591 768.951611 700.000000 700.000000 674.629901 639.345190 609.002992 593.716808 577.496466 560.916412 556.014541 566.630417 578.797675 596.619121 620.449611 643.655789 656.064154 655.022016 655.293894 653.509143 659.230356 664.705732 676.713266 690.703670 700.000000 700.000000 700.000000 700.000000 700.000000 700.000000 700.000000 700.000000 700.000000 759.462254 766.209141 769.268128 772.916595 777.781166 784.597419 791.996378 802.624162 828.454866
