tests/Borden05m/data_simulated/sim_1/output-maps/watertableN0014.asc
ncols         160
nrows         34
xllcorner     620200.000000
yllcorner     5168000.000000
cellsize      0.500000
NODATA_value  -9999.0
[rows 0 to 24 of 34, columns 0 to 57 of 160]
-9999.0 -9999.0 -9999.0 -9999.0 -9999.0 -9999.0 -9999.0 -9999.0 -9999.0 -9999.0 -9999.0 -9999.0 -9999.0 -9999.0 -9999.0 -9999.0 -9999.0 -9999.0 -9999.0 -9999.0 -9999.0 -9999.0 -9999.0 -9999.0 -9999.0 -9999.0 -9999.0 -9999.0 -9999.0 -9999.0 -9999.0 -9999.0 -9999.0 -9999.0 -9999.0 -9999.0 -9999.0 -9999.0 -9999.0 -9999.0 -9999.0 -9999.0 -9999.0 -9999.0 -9999.0 -9999.0 -9999.0 -9999.0 -9999.0 -9999.0 -9999.0 -9999.0 -9999.0 -9999.0 -9999.0 -9999.0 -9999.0 -9999.0
-9999.0 -9999.0 -9999.0 -9999.0 -9999.0 -9999.0 -9999.0 -9999.0 -9999.0 -9999.0 -9999.0 -9999.0 -9999.0 -9999.0 -9999.0 -9999.0 -9999.0 -9999.0 -9999.0 -9999.0 -9999.0 -9999.0 -9999.0 -9999.0 -9999.0 -9999.0 -9999.0 -9999.0 -9999.0 -9999.0 -9999.0 -9999.0 -9999.0 -9999.0 -9999.0 -9999.0 -9999.0 -9999.0 -9999.0 -9999.0 -9999.0 -9999.0 -9999.0 -9999.0 -9999.0 -9999.0 -9999.0 -9999.0 -9999.0 -9999.0 -9999.0 -9999.0 -9999.0 -9999.0 -9999.0 -9999.0 -9999.0 -9999.0
-9999.0 -9999.0 -9999.0 -9999.0 -9999.0 -9999.0 -9999.0 -9999.0 -9999.0 -9999.0 -9999.0 -9999.0 -9999.0 -9999.0 -9999.0 -9999.0 -9999.0 -9999.0 -9999.0 -9999.0 -9999.0 -9999.0 -9999.0 -9999.0 -9999.0 -9999.0 -9999.0 -9999.0 -9999.0 -9999.0 -9999.0 -9999.0 -9999.0 -9999.0 -9999.0 -9999.0 -9999.0 -9999.0 -9999.0 -9999.0 -9999.0 -9999.0 -9999.0 -9999.0 -9999.0 -9999.0 -9999.0 1013.587498 1030.824773 1047.056649 1048.871558 1026.429643 1003.440281 980.174102 960.066727 900.000000 900.000000 900.000000
-9999.0 -9999.0 -9999.0 -9999.0 -9999.0 -9999.0 -9999.0 -9999.0 -9999.0 -9999.0 -9999.0 -9999.0 -9999.0 -9999.0 -9999.0 -9999.0 -9999.0 -9999.0 -9999.0 -9999.0 -9999.0 -9999.0 -9999.0 -9999.0 -9999.0 -9999.0 -9999.0 -9999.0 -9999.0 -9999.0 -9999.0 -9999.0 -9999.0 -9999.0 -9999.0 -9999.0 -9999.0 -9999.0 -9999.0 -9999.0 966.645605 960.886622 959.402698 970.095440 981.280873 993.045770 1012.712134 1030.366479 1045.577555 1048.341510 1045.779542 1040.277873 1017.683309 993.783734 974.677289 957.702166 900.000000 900.000000
-9999.0 -9999.0 -9999.0 -9999.0 -9999.0 -9999.0 -9999.0 -9999.0 -9999.0 -9999.0 -9999.0 -9999.0 -9999.0 -9999.0 -9999.0 -9999.0 -9999.0 -9999.0 -9999.0 -9999.0 -9999.0 -9999.0 -9999.0 -9999.0 -9999.0 -9999.0 -9999.0 -9999.0 -9999.0 -9999.0 -9999.0 -9999.0 -9999.0 -9999.0 1057.497538 1040.147471 1022.290100 1004.256821 987.938658 981.464259 975.719131 970.041086 974.070649 978.860918 990.079414 1008.525354 1027.944566 1041.942830 1044.464910 1047.022121 1042.719046 1029.857368 1013.476531 997.417697 976.922600 954.244721 900.000000 900.000000
-9999.0 -9999.0 -9999.0 -9999.0 -9999.0 -9999.0 -9999.0 -9999.0 -9999.0 -9999.0 -9999.0 -9999.0 -9999.0 -9999.0 -9999.0 -9999.0 -9999.0 -9999.0 -9999.0 -9999.0 -9999.0 -9999.0 -9999.0 -9999.0 -9999.0 -9999.0 -9999.0 -9999.0 1053.048499 1058.948368 1064.095564 1065.647170 1066.993126 1068.204155 1061.369576 1049.231900 1031.212751 1010.026645 997.466935 990.494614 984.130952 983.418877 988.260010 990.463266 990.343237 1001.897145 1013.366723 1024.098765 1034.406540 1035.642741 1026.235224 1012.608751 996.913300 982.465923 967.479052 955.056240 900.000000 900.000000
-9999.0 -9999.0 -9999.0 -9999.0 -9999.0 -9999.0 -9999.0 -9999.0 -9999.0 -9999.0 -9999.0 -9999.0 -9999.0 -9999.0 -9999.0 -9999.0 -9999.0 -9999.0 -9999.0 -9999.0 -9999.0 -9999.0 -9999.0 1082.190106 1076.249509 1069.837587 1062.575189 1061.748939 1066.005066 1071.677811 1074.863613 1076.465172 1078.099705 1073.778463 1065.559575 1052.051971 1036.368599 1015.057341 1006.639775 1000.247661 988.092936 985.902509 981.173120 977.346709 979.208656 981.888309 993.668318 1002.340595 996.770065 990.704090 984.335830 976.915830 964.104648 900.000000 900.000000 900.000000 889.206569 869.593055
-9999.0 -9999.0 -9999.0 -9999.0 -9999.0 -9999.0 -9999.0 -9999.0 -9999.0 -9999.0 -9999.0 -9999.0 -9999.0 -9999.0 -9999.0 -9999.0 -9999.0 -9999.0 -9999.0 1100.000000 1100.000000 1100.000000 1100.000000 1099.666830 1097.492812 1090.580081 1082.550648 1080.465965 1082.101737 1083.737863 1082.263119 1079.653981 1075.504624 1064.197383 1050.522234 1036.541691 1022.627371 1002.101582 987.594898 973.948870 958.139814 959.462761 963.857085 966.019319 965.629666 965.038613 959.254427 955.550925 900.000000 900.000000 900.000000 900.000000 900.000000 898.396836 877.999245 857.200920 837.198846 817.502368
-9999.0 -9999.0 -9999.0 -9999.0 -9999.0 -9999.0 -9999.0 -9999.0 -9999.0 -9999.0 -9999.0 -9999.0 -9999.0 -9999.0 -9999.0 -9999.0 1100.000000 1100.000000 1100.000000 1100.000000 1100.000000 1100.000000 1100.000000 1100.000000 1100.000000 1100.000000 1096.077925 1087.609349 1079.841662 1072.609995 1066.746022 1064.072012 1056.461267 1046.865346 1035.051875 1019.607453 998.034077 975.596425 959.505501 900.000000 900.000000 900.000000 900.000000 900.000000 900.000000 900.000000 898.917039 892.211796 888.264037 869.175039 854.317249 848.207493 840.217694 821.428303 796.516532 767.980101 700.000000 700.000000
-9999.0 -9999.0 -9999.0 -9999.0 -9999.0 -9999.0 -9999.0 -9999.0 -9999.0 -9999.0 -9999.0 -9999.0 -9999.0 1179.789143 1175.684802 1166.493270 1158.105605 1155.868566 1100.000000 1100.000000 1100.000000 1100.000000 1100.000000 1100.000000 1100.000000 1097.272896 1088.150755 1076.476092 1068.068857 1060.872521 1053.757748 1047.292468 1033.682346 1018.338515 1002.446814 982.269611 960.714513 900.000000 900.000000 900.000000 888.890846 885.090610 886.441012 884.384047 875.796285 857.003010 836.843909 822.938576 799.586111 773.679143 756.855952 700.000000 700.000000 700.000000 690.789318 647.316108 599.993886 561.610357
-9999.0 -9999.0 -9999.0 -9999.0 -9999.0 -9999.0 -9999.0 -9999.0 -9999.0 -9999.0 1214.035895 1211.561315 1214.991674 1214.576115 1209.857680 1198.053432 1184.876673 1178.171587 1166.998351 1100.000000 1100.000000 1100.000000 1100.000000 1100.000000 1094.863311 1084.258909 1071.179534 1058.228227 1041.057979 1028.349344 1015.758517 995.225974 978.659519 962.161869 900.000000 900.000000 900.000000 872.697588 844.566011 829.116825 803.718920 788.189937 790.263741 789.232894 779.994584 759.703999 700.000000 699.185381 669.817187 635.110426 606.378179 585.814965 570.383542 500.000000 500.000000 496.667090 454.764564 422.284782
-9999.0 -9999.0 -9999.0 -9999.0 -9999.0 -9999.0 -9999.0 -9999.0 1238.046079 1231.106130 1224.914077 1227.926983 1232.551710 1235.994897 1222.863377 1207.212673 1191.418836 1174.435348 1158.647585 1100.000000 1100.000000 1100.000000 1089.649037 1077.832041 1065.979851 1050.787022 1037.044351 1019.211237 997.829311 983.111725 964.012805 900.000000 900.000000 900.000000 884.036081 864.703717 834.711763 798.143927 762.245323 700.000000 699.753333 669.609073 666.228926 660.489627 652.240523 618.077862 576.879241 500.000000 500.000000 469.374426 437.951199 420.319974 408.626926 394.510542 325.000000 325.000000 325.000000 309.952600
-9999.0 -9999.0 -9999.0 -9999.0 -9999.0 -9999.0 1264.104436 1240.066117 1225.319266 1233.109917 1241.800299 1245.191601 1248.812990 1228.234145 1206.895620 1190.108919 1173.544324 1156.306519 1100.000000 1100.000000 1091.011968 1074.211472 1059.178572 1039.591273 1025.262261 1010.923029 993.341116 969.517627 900.000000 900.000000 882.149552 853.786802 825.312362 803.279861 782.071410 759.150670 700.000000 676.603308 629.576736 588.041661 500.000000 500.000000 500.000000 493.186761 483.174842 463.009440 431.124426 399.254826 325.000000 325.000000 308.370630 297.545913 287.319399 275.589788 260.842667 200.000000 200.000000 200.000000
-9999.0 -9999.0 -9999.0 -9999.0 1297.376075 1276.521339 1256.202645 1225.520228 1203.023624 1208.247616 1201.127855 1200.626079 1201.971075 1198.985073 1192.814186 1174.954067 1157.088975 1100.000000 1100.000000 1083.295424 1041.066657 1024.106481 997.250037 964.671881 900.000000 900.000000 900.000000 894.076063 863.333576 825.821428 774.931237 700.000000 695.996775 666.305973 638.500346 606.339486 563.512310 500.000000 475.383969 437.719150 405.082447 325.000000 325.000000 325.000000 325.000000 325.000000 310.679671 284.724019 200.000000 200.000000 195.132784 181.750034 172.036792 110.000000 110.000000 110.000000 50.000000 20.000000
-9999.0 -9999.0 -9999.0 1300.000000 1300.000000 1269.503694 1242.183132 1211.273024 1179.586042 1173.620207 1165.023899 1158.806781 1100.000000 1100.000000 1100.000000 1100.000000 1100.000000 1088.457982 1066.982195 1029.910309 993.184103 958.490058 900.000000 892.161987 867.458500 849.857380 831.008509 803.972126 759.716625 700.000000 650.043847 581.114552 500.000000 500.000000 477.777309 449.818441 423.751710 388.315390 325.000000 323.964201 293.133583 266.667194 200.000000 200.000000 200.000000 200.000000 199.911408 178.033143 110.000000 50.000000 20.000000 20.000000 0.000000 0.000000 0.000000 0.000000 0.000000 0.000000
-9999.0 -9999.0 1391.899979 1354.595454 1300.000000 1268.470671 1215.690781 1181.865210 1100.000000 1100.000000 1100.000000 1089.570143 1072.218059 1063.412917 1046.148875 1028.283677 1013.813444 1009.323872 995.224235 959.216137 900.000000 851.229026 814.095301 700.000000 700.000000 684.181345 666.064261 633.888756 590.626965 500.000000 477.639294 423.875819 325.000000 325.000000 325.000000 319.064093 295.521887 271.532508 200.000000 200.000000 184.629552 110.000000 110.000000 50.000000 50.000000 20.000000 0.000000 0.000000 0.000000 0.000000 0.000000 0.000000 0.000000 0.000000 0.000000 0.000000 0.000000 0.000000
-9999.0 -9999.0 1417.691290 1373.199866 1300.000000 1261.959841 1184.572660 1100.000000 1100.000000 1057.895280 1038.120888 1013.370852 994.405795 976.379569 900.000000 900.000000 900.000000 900.000000 900.000000 856.744869 792.360306 700.000000 630.849577 500.000000 500.000000 492.244262 482.929110 462.153149 433.854530 386.667780 325.000000 280.273991 200.000000 200.000000 193.395738 178.590160 110.000000 50.000000 50.000000 50.000000 0.000000 0.000000 0.000000 0.000000 0.000000 0.000000 0.000000 0.000000 0.000000 0.000000 0.000000 0.000000 0.000000 0.000000 0.000000 0.000000 0.000000 0.000000
-9999.0 1500.000000 1453.409319 1399.323416 1300.000000 1259.358740 1172.827737 1090.663223 1037.970842 993.669999 963.596801 900.000000 887.811905 835.110261 804.576680 771.934037 772.388670 772.589780 778.844639 700.000000 659.647563 500.000000 418.126608 325.000000 319.407479 313.249532 315.951173 300.897978 274.030011 200.000000 172.570678 50.000000 0.000000 0.000000 0.000000 0.000000 0.000000 0.000000 0.000000 0.000000 0.000000 0.000000 0.000000 0.000000 0.000000 0.000000 0.000000 0.000000 0.000000 0.000000 0.000000 0.000000 0.000000 0.000000 0.000000 0.000000 0.000000 0.000000
-9999.0 1500.000000 1480.400825 1407.668095 1300.000000 1259.828870 1100.000000 1011.930252 962.474652 900.000000 893.005612 843.644565 700.000000 665.197595 615.710547 566.132492 567.614528 579.368299 579.034233 500.000000 468.649086 325.000000 200.000000 110.000000 110.000000 110.000000 50.000000 20.000000 0.000000 0.000000 0.000000 0.000000 0.000000 0.000000 0.000000 0.000000 0.000000 0.000000 0.000000 0.000000 0.000000 0.000000 0.000000 0.000000 0.000000 0.000000 0.000000 0.000000 0.000000 0.000000 20.000000 20.000000 50.000000 20.000000 50.000000 50.000000 50.000000 50.000000
-9999.0 1568.298714 1497.209584 1431.719948 1360.363159 1235.583558 1100.000000 974.330469 881.240842 838.398404 783.055361 677.849721 500.000000 465.792567 416.854736 391.511978 325.000000 325.000000 325.000000 306.547884 200.000000 50.000000 0.000000 0.000000 0.000000 0.000000 0.000000 0.000000 0.000000 0.000000 0.000000 0.000000 0.000000 0.000000 0.000000 0.000000 0.000000 0.000000 0.000000 0.000000 0.000000 0.000000 0.000000 0.000000 0.000000 0.000000 20.000000 50.000000 50.000000 50.000000 107.504799 110.000000 110.000000 110.000000 110.000000 110.000000 110.000000 110.000000
-9999.0 1664.733690 1576.239507 1500.000000 1387.112674 1211.400173 1081.790939 900.000000 777.235379 700.000000 597.770776 478.916836 385.635141 325.000000 289.682422 200.000000 200.000000 194.399526 110.000000 110.000000 0.000000 0.000000 0.000000 0.000000 0.000000 0.000000 0.000000 0.000000 0.000000 0.000000 0.000000 0.000000 0.000000 0.000000 0.000000 0.000000 20.000000 20.000000 50.000000 50.000000 50.000000 50.000000 50.000000 50.000000 50.000000 107.673228 110.000000 110.000000 110.000000 110.000000 110.000000 169.319476 173.258308 179.232235 180.699295 187.465868 200.000000 200.000000
-9999.0 1700.000000 1668.028451 1569.944361 1418.400342 1245.710317 1093.989969 900.000000 692.721746 500.000000 447.253034 394.747952 325.000000 271.172515 200.000000 179.810179 110.000000 110.000000 110.000000 110.000000 110.000000 50.000000 0.000000 0.000000 0.000000 0.000000 50.000000 104.869311 110.000000 110.000000 110.000000 110.000000 110.000000 110.000000 110.000000 110.000000 110.000000 110.000000 110.000000 110.000000 110.000000 110.000000 167.022420 169.720620 172.588969 174.451776 183.693260 195.282305 200.000000 200.000000 200.000000 200.000000 200.000000 200.000000 200.000000 200.000000 279.056408 303.726940
-9999.0 1845.895542 1700.000000 1622.211089 1488.540447 1300.000000 1199.410244 1017.990751 840.734557 590.560248 394.595372 325.000000 325.000000 293.538685 200.000000 185.530512 179.646295 200.000000 200.000000 200.000000 200.000000 200.000000 183.800359 110.000000 110.000000 110.000000 110.000000 110.000000 174.515797 181.832376 185.351187 192.309252 197.623172 198.133253 200.000000 197.267309 196.212213 200.000000 200.000000 200.000000 200.000000 200.000000 257.083012 256.641981 257.522187 260.992565 268.691227 278.915702 291.125058 302.156882 310.542876 316.430289 322.402922 325.000000 325.000000 325.000000 325.000000 395.537546
-9999.0 -9999.0 1798.438627 1683.157194 1567.516842 1435.606899 1300.000000 1100.000000 971.402093 700.000000 607.321854 497.625769 439.940009 396.452703 325.000000 297.959132 290.355100 282.355757 305.721766 303.554037 295.872377 286.559706 273.468298 259.255339 200.000000 200.000000 200.000000 200.000000 200.000000 263.324661 279.355928 291.566724 299.276565 304.951829 298.388844 289.025596 291.249392 298.073533 309.141513 323.483423 325.000000 325.000000 325.000000 325.000000 325.000000 325.000000 325.000000 325.000000 384.184800 397.363791 403.963989 410.534637 416.965898 428.266673 440.238999 454.064184 479.226854 500.000000
-9999.0 -9999.0 1885.023553 1771.694237 1650.116473 1500.000000 1408.698695 1300.000000 1100.000000 998.338902 881.810505 776.944556 686.840337 612.895226 500.000000 500.000000 472.287962 459.974081 453.149134 435.885426 412.905035 391.073874 325.000000 325.000000 325.000000 325.000000 325.000000 325.000000 325.000000 325.000000 387.815864 409.463678 421.426000 427.547819 423.922298 417.188950 422.479380 432.924401 447.741396 465.030120 478.994902 492.132171 496.573432 498.869146 499.797018 500.000000 500.000000 500.000000 500.000000 500.000000 500.000000 562.649252 568.200301 578.947905 592.873074 604.751284 630.557903 663.395509
