tests/Borden05m/data_simulated/sim_1/output-maps/watertableN0002.asc
ncols         160
nrows         34
xllcorner     620200.000000
yllcorner     5168000.000000
cellsize      0.500000
NODATA_value  -9999.0
[rows 0 to 25 of 34, columns 58 to 115 of 160]
-9999.0 -9999.0 -9999.0 -9999.0 -9999.0 -9999.0 -9999.0 -9999.0 -9999.0 -9999.0 -9999.0 -9999.0 -9999.0 -9999.0 -9999.0 -9999.0 -9999.0 -9999.0 -9999.0 -9999.0 -9999.0 -9999.0 -9999.0 -9999.0 -9999.0 -9999.0 -9999.0 -9999.0 -9999.0 -9999.0 -9999.0 -9999.0 -9999.0 -9999.0 -9999.0 -9999.0 -9999.0 -9999.0 -9999.0 -9999.0 -9999.0 -9999.0 -9999.0 -9999.0 -9999.0 -9999.0 -9999.0 -9999.0 -9999.0 -9999.0 -9999.0 -9999.0 -9999.0 -9999.0 -9999.0 -9999.0 -9999.0 -9999.0
-9999.0 893.712617 899.271879 900.000000 900.000000 900.000000 900.000000 900.000000 900.000000 900.000000 900.000000 900.000000 900.000000 900.000000 900.000000 900.000000 900.000000 900.000000 900.000000 900.000000 900.000000 900.000000 900.000000 900.000000 900.000000 900.000000 900.000000 900.000000 900.000000 900.000000 900.000000 900.000000 900.000000 900.000000 900.000000 900.000000 893.076672 887.494143 882.289762 879.002583 882.854404 886.208325 889.716114 894.297904 900.000000 -9999.0 -9999.0 -9999.0 -9999.0 -9999.0 -9999.0 -9999.0 -9999.0 -9999.0 -9999.0 -9999.0 -9999.0 -9999.0
900.000000 900.000000 900.000000 900.000000 900.000000 900.000000 900.000000 900.000000 954.801256 956.636311 956.759416 956.807842 900.000000 900.000000 900.000000 900.000000 900.000000 900.000000 900.000000 900.000000 900.000000 900.000000 900.000000 900.000000 900.000000 900.000000 900.000000 900.000000 954.440255 955.704436 900.000000 900.000000 900.000000 900.000000 900.000000 900.000000 900.000000 895.104229 889.830135 892.058477 896.869679 900.000000 900.000000 900.000000 900.000000 900.000000 900.000000 900.000000 954.069647 900.000000 900.000000 900.000000 900.000000 900.000000 896.500421 -9999.0 -9999.0 -9999.0
900.000000 900.000000 900.000000 900.000000 900.000000 900.000000 900.000000 955.692213 960.104255 900.000000 900.000000 900.000000 900.000000 900.000000 900.000000 900.000000 900.000000 900.000000 900.000000 900.000000 900.000000 900.000000 900.000000 900.000000 900.000000 900.000000 900.000000 900.000000 900.000000 900.000000 900.000000 900.000000 900.000000 900.000000 900.000000 900.000000 900.000000 900.000000 900.000000 900.000000 900.000000 900.000000 900.000000 900.000000 900.000000 900.000000 900.000000 958.807296 970.818211 963.794623 900.000000 900.000000 900.000000 900.000000 900.000000 900.000000 900.000000 900.000000
900.000000 900.000000 900.000000 900.000000 900.000000 900.000000 900.000000 900.000000 900.000000 900.000000 900.000000 900.000000 900.000000 900.000000 900.000000 900.000000 900.000000 900.000000 900.000000 900.000000 900.000000 900.000000 900.000000 900.000000 900.000000 900.000000 900.000000 900.000000 900.000000 900.000000 899.781227 900.000000 900.000000 900.000000 900.000000 900.000000 893.913594 883.015380 871.378907 872.458632 877.939660 886.543935 899.860396 900.000000 900.000000 900.000000 959.290266 966.056877 966.560708 968.743568 957.975167 956.054674 954.175620 900.000000 900.000000 900.000000 900.000000 900.000000
900.000000 900.000000 900.000000 900.000000 900.000000 900.000000 900.000000 900.000000 900.000000 893.319017 890.862966 888.525552 888.986638 898.637627 900.000000 900.000000 898.430885 882.942331 874.923881 874.148063 873.863885 866.068238 868.105809 870.721680 876.154317 873.826479 871.163694 859.999564 852.516942 845.798427 847.613905 859.154783 870.000895 871.943595 870.063122 867.969147 862.155165 851.790695 841.635794 846.239440 853.377625 863.483687 891.927020 900.000000 900.000000 900.000000 900.000000 900.000000 900.000000 900.000000 900.000000 900.000000 953.862862 954.246211 900.000000 900.000000 900.000000 900.000000
869.888090 876.038911 884.753269 895.844038 895.704264 892.472489 884.444757 871.471367 853.418079 829.737634 826.295909 822.665226 818.931523 829.644183 841.712563 853.345935 837.699652 828.226351 819.432233 816.359019 805.144354 795.121616 800.084403 808.697781 818.182135 811.787469 798.211399 783.280339 776.832315 773.284883 772.892951 782.543963 787.862455 790.697268 790.483741 794.413413 791.513756 780.618689 765.313094 764.952134 775.351070 797.771019 833.271310 867.958775 889.827648 885.565963 891.908582 897.928008 900.000000 900.000000 900.000000 900.000000 900.000000 900.000000 900.000000 900.000000 900.000000 900.000000
824.070439 828.072894 839.386636 851.962437 852.208218 844.380054 835.212340 816.669517 792.876347 768.166292 756.439027 700.000000 700.000000 700.000000 756.454748 765.439476 758.938024 700.000000 700.000000 700.000000 700.000000 698.388196 700.000000 700.000000 700.000000 700.000000 695.701923 680.530342 674.543380 671.169620 665.963279 671.525164 679.053664 688.000454 696.731907 700.000000 700.000000 695.433820 681.168502 682.846502 700.000000 700.000000 763.211697 799.859332 833.639510 838.214821 839.697875 841.219625 856.494529 871.857796 890.070285 900.000000 900.000000 900.000000 900.000000 900.000000 900.000000 894.838795
700.000000 700.000000 700.000000 700.000000 700.000000 700.000000 700.000000 700.000000 682.213086 647.458846 621.202680 597.869503 593.249467 603.120969 613.420590 627.935744 633.859639 620.622355 608.432384 595.949143 582.781129 569.024073 560.047045 560.096481 559.592598 556.416817 500.000000 500.000000 500.000000 500.000000 500.000000 500.000000 500.000000 500.000000 500.000000 561.721070 567.336725 569.592390 563.171966 564.300471 584.865027 611.936945 642.581700 679.006025 700.000000 700.000000 700.000000 700.000000 763.153372 784.503911 820.577271 839.316918 855.899160 885.479115 890.280431 880.551868 867.098301 859.391342
625.968945 610.362160 611.093292 608.735475 605.786283 599.744243 593.897736 583.700766 500.000000 500.000000 463.633152 429.677994 415.733757 430.104330 445.329832 460.640439 472.845745 472.632865 457.696407 436.119607 410.210503 387.354620 325.000000 325.000000 325.000000 325.000000 325.000000 325.000000 320.721513 200.000000 200.000000 200.000000 200.000000 200.000000 325.000000 386.307184 405.898769 413.012361 420.049909 420.876078 425.015069 457.688636 490.139309 500.000000 570.537836 598.593820 619.253054 639.056586 660.045805 700.000000 700.000000 776.199595 804.914686 833.824639 838.916214 814.798162 788.272585 797.088352
480.173171 459.496512 452.045981 449.525232 446.197408 437.902179 427.793814 408.005899 325.000000 200.000000 110.000000 110.000000 50.000000 110.000000 110.000000 110.000000 110.000000 110.000000 110.000000 110.000000 110.000000 50.000000 20.000000 20.000000 20.000000 20.000000 20.000000 0.000000 0.000000 0.000000 0.000000 0.000000 0.000000 0.000000 0.000000 50.000000 50.000000 110.000000 110.000000 110.000000 110.000000 110.000000 194.397713 271.405445 400.295202 454.764225 486.183181 500.000000 500.000000 500.000000 591.504101 618.260693 651.923729 688.790003 700.000000 687.642578 695.185181 700.000000
200.000000 110.000000 110.000000 110.000000 110.000000 110.000000 110.000000 50.000000 0.000000 0.000000 0.000000 0.000000 0.000000 0.000000 0.000000 0.000000 0.000000 0.000000 0.000000 0.000000 0.000000 0.000000 0.000000 0.000000 0.000000 0.000000 0.000000 0.000000 0.000000 0.000000 0.000000 0.000000 0.000000 0.000000 0.000000 0.000000 0.000000 0.000000 0.000000 0.000000 0.000000 0.000000 0.000000 0.000000 50.000000 110.000000 200.000000 272.298283 325.000000 325.000000 398.943381 426.005793 463.165179 500.000000 558.606430 578.256554 592.176933 607.003792
0.000000 0.000000 0.000000 0.000000 0.000000 0.000000 0.000000 0.000000 0.000000 0.000000 0.000000 0.000000 0.000000 0.000000 0.000000 0.000000 0.000000 0.000000 0.000000 0.000000 0.000000 0.000000 0.000000 0.000000 0.000000 0.000000 0.000000 0.000000 0.000000 0.000000 0.000000 0.000000 0.000000 0.000000 0.000000 0.000000 0.000000 0.000000 0.000000 0.000000 0.000000 0.000000 0.000000 0.000000 0.000000 0.000000 0.000000 0.000000 0.000000 20.000000 50.000000 110.000000 110.000000 200.000000 325.000000 435.990243 459.904285 482.877982
0.000000 0.000000 0.000000 0.000000 0.000000 0.000000 0.000000 0.000000 0.000000 0.000000 0.000000 0.000000 0.000000 0.000000 0.000000 0.000000 0.000000 0.000000 0.000000 0.000000 0.000000 0.000000 0.000000 0.000000 0.000000 0.000000 0.000000 0.000000 0.000000 0.000000 0.000000 0.000000 0.000000 0.000000 0.000000 0.000000 0.000000 0.000000 0.000000 0.000000 0.000000 0.000000 0.000000 0.000000 0.000000 0.000000 0.000000 0.000000 0.000000 0.000000 0.000000 0.000000 0.000000 0.000000 0.000000 110.000000 193.449873 200.000000
0.000000 0.000000 0.000000 0.000000 0.000000 0.000000 0.000000 0.000000 0.000000 0.000000 0.000000 0.000000 0.000000 0.000000 0.000000 0.000000 0.000000 0.000000 0.000000 0.000000 0.000000 0.000000 0.000000 0.000000 0.000000 0.000000 0.000000 0.000000 0.000000 0.000000 0.000000 0.000000 0.000000 0.000000 0.000000 0.000000 0.000000 0.000000 0.000000 0.000000 0.000000 0.000000 0.000000 0.000000 0.000000 0.000000 0.000000 0.000000 0.000000 0.000000 0.000000 0.000000 0.000000 0.000000 0.000000 0.000000 0.000000 0.000000
0.000000 0.000000 0.000000 0.000000 0.000000 0.000000 0.000000 0.000000 0.000000 0.000000 0.000000 0.000000 0.000000 0.000000 0.000000 0.000000 0.000000 0.000000 0.000000 0.000000 0.000000 0.000000 0.000000 0.000000 0.000000 0.000000 0.000000 0.000000 0.000000 0.000000 0.000000 0.000000 0.000000 0.000000 0.000000 0.000000 0.000000 0.000000 0.000000 0.000000 0.000000 0.000000 0.000000 0.000000 0.000000 0.000000 0.000000 0.000000 0.000000 0.000000 0.000000 0.000000 0.000000 0.000000 0.000000 0.000000 0.000000 0.000000
0.000000 0.000000 0.000000 0.000000 0.000000 0.000000 0.000000 0.000000 0.000000 0.000000 0.000000 0.000000 0.000000 0.000000 0.000000 0.000000 0.000000 0.000000 0.000000 0.000000 0.000000 0.000000 0.000000 0.000000 0.000000 0.000000 0.000000 0.000000 0.000000 0.000000 0.000000 0.000000 0.000000 0.000000 0.000000 0.000000 0.000000 0.000000 0.000000 0.000000 0.000000 0.000000 0.000000 0.000000 0.000000 0.000000 0.000000 0.000000 0.000000 0.000000 0.000000 0.000000 0.000000 0.000000 0.000000 0.000000 0.000000 0.000000
0.000000 0.000000 0.000000 0.000000 0.000000 0.000000 0.000000 0.000000 0.000000 0.000000 0.000000 0.000000 0.000000 0.000000 0.000000 0.000000 0.000000 0.000000 0.000000 20.000000 50.000000 110.000000 110.000000 110.000000 50.000000 50.000000 110.000000 110.000000 110.000000 110.000000 110.000000 110.000000 110.000000 50.000000 20.000000 0.000000 0.000000 20.000000 20.000000 0.000000 0.000000 0.000000 0.000000 0.000000 0.000000 0.000000 0.000000 0.000000 0.000000 0.000000 0.000000 0.000000 0.000000 0.000000 0.000000 0.000000 0.000000 0.000000
0.000000 0.000000 0.000000 0.000000 0.000000 0.000000 0.000000 0.000000 0.000000 0.000000 50.000000 110.000000 110.000000 110.000000 110.000000 192.989633 200.000000 200.000000 306.257720 325.000000 410.460940 422.304563 429.724466 435.634585 422.854766 415.876195 419.455273 431.856025 443.356532 449.221377 452.334170 446.668115 426.929732 402.405772 325.000000 325.000000 325.000000 325.000000 325.000000 325.000000 200.000000 200.000000 110.000000 50.000000 0.000000 0.000000 0.000000 0.000000 0.000000 0.000000 0.000000 0.000000 0.000000 0.000000 0.000000 0.000000 0.000000 0.000000
0.000000 0.000000 0.000000 0.000000 0.000000 0.000000 0.000000 50.000000 200.000000 321.410514 389.507695 428.502925 444.207244 455.495525 478.800205 492.850577 500.000000 500.000000 500.000000 500.000000 564.826454 573.957362 580.230323 591.252448 595.926129 591.412692 581.932367 588.882586 593.023863 590.928935 593.252799 595.028879 585.645360 569.065825 558.377394 500.000000 500.000000 500.000000 500.000000 500.000000 484.939041 463.628474 434.518755 394.574965 325.000000 200.000000 190.275074 110.000000 50.000000 0.000000 0.000000 0.000000 0.000000 0.000000 0.000000 0.000000 0.000000 0.000000
0.000000 50.000000 110.000000 110.000000 194.514581 200.000000 279.442468 409.624715 476.311823 500.000000 500.000000 576.777374 594.049186 616.820593 646.029922 664.750396 662.588621 657.113232 660.756695 676.239912 689.907932 700.000000 700.000000 700.000000 700.000000 700.000000 700.000000 700.000000 700.000000 700.000000 700.000000 700.000000 700.000000 700.000000 695.467539 685.718646 676.781109 667.056665 641.461129 618.167895 601.432505 580.403442 558.275640 500.000000 500.000000 471.325702 448.043612 418.996135 325.000000 288.756857 200.000000 110.000000 0.000000 0.000000 0.000000 0.000000 0.000000 0.000000
310.247607 389.883387 445.583272 466.083592 476.645074 488.591718 500.000000 578.446788 622.157270 651.202304 676.503055 700.000000 700.000000 754.117210 780.474916 799.178277 792.706347 786.151599 777.157377 789.566127 801.486765 808.143360 822.276906 835.876456 849.375649 841.494715 832.286564 817.149975 813.786537 810.849466 804.975925 806.437551 808.621751 815.469383 807.050317 797.739501 785.654393 760.867609 700.000000 700.000000 694.776276 675.485024 653.835841 629.968875 605.230809 579.364975 558.726919 500.000000 500.000000 480.505250 448.671238 406.323106 325.000000 200.000000 110.000000 110.000000 0.000000 0.000000
500.000000 500.000000 591.570564 622.676950 634.176652 666.052161 699.134538 700.000000 760.950631 780.602474 803.540990 824.699482 845.243072 870.880715 893.252848 900.000000 900.000000 899.781440 886.269669 893.239470 897.523116 900.000000 900.000000 900.000000 900.000000 900.000000 900.000000 900.000000 897.589720 891.514833 884.365254 884.466734 890.945782 899.299437 894.034712 881.153658 866.090302 845.518445 824.007830 803.143967 783.963728 762.639674 700.000000 700.000000 692.352239 666.690746 647.596270 624.429537 599.547956 577.310074 560.547036 500.000000 500.000000 475.263857 443.260966 404.923918 325.000000 200.000000
623.602563 662.784169 700.000000 700.000000 779.466895 810.839707 841.275412 860.435394 879.291355 897.373033 900.000000 900.000000 955.101660 974.030977 995.504845 1014.000826 1008.571637 995.217155 983.130789 980.882030 983.811621 986.798111 994.481649 1007.934334 1018.863453 1010.708896 995.442929 980.511924 970.788668 964.301197 958.253791 961.095385 969.344978 976.053920 968.509058 953.637415 900.000000 900.000000 900.000000 880.757825 860.155872 838.622897 817.061388 793.259809 768.670617 700.000000 700.000000 696.628241 674.324624 662.096509 649.316807 637.860378 618.194641 596.909327 572.829130 500.000000 500.000000 468.700281
700.000000 775.296331 813.605127 844.067698 874.864909 900.000000 900.000000 958.901847 976.220618 986.093901 1000.613613 1019.591381 1032.896400 1049.470522 1067.643429 1068.407767 1064.857429 1052.883345 1050.821891 1050.065789 1052.965066 1054.013522 1058.593809 1069.840133 1063.709143 1056.071114 1041.329456 1030.519844 1021.297011 1015.132251 1011.077901 1011.629669 1018.646406 1015.917107 1008.950032 994.670223 983.144427 968.252656 900.000000 900.000000 900.000000 890.619664 868.694383 845.619818 821.207980 794.947479 771.149029 700.000000 700.000000 700.000000 700.000000 700.000000 700.000000 694.235127 677.531370 653.565172 628.212431 594.904509
853.365902 878.908120 900.000000 900.000000 970.441646 999.930817 1028.925532 1052.984417 1062.126972 1072.835475 1084.275931 1097.425578 1100.000000 1100.000000 1100.000000 1100.000000 1100.000000 1100.000000 1100.000000 1100.000000 1100.000000 1100.000000 1100.000000 1100.000000 1100.000000 1100.000000 1093.656062 1082.642325 1072.430477 1068.479363 1064.361213 1061.491829 1058.271164 1055.825539 1051.598881 1040.438845 1028.899489 1015.894506 999.288818 982.217471 963.735592 900.000000 900.000000 896.394853 870.552158 844.478735 824.439533 814.536003 804.387325 799.863438 803.300705 806.392798 797.488143 784.342497 771.852812 700.000000 700.000000 700.000000
