tests/Borden05m/data_original/Borden05m_001/aspect.asc
ncols         160
nrows         34
xllcorner     620200.000000
yllcorner     5168000.000000
cellsize      0.500000
NODATA_value  -9999.0
[rows 0 to 25 of 34, columns 0 to 58 of 160]
-9999.0 -9999.0 -9999.0 -9999.0 -9999.0 -9999.0 -9999.0 -9999.0 -9999.0 -9999.0 -9999.0 -9999.0 -9999.0 -9999.0 -9999.0 -9999.0 -9999.0 -9999.0 -9999.0 -9999.0 -9999.0 -9999.0 -9999.0 -9999.0 -9999.0 -9999.0 -9999.0 -9999.0 -9999.0 -9999.0 -9999.0 -9999.0 -9999.0 -9999.0 -9999.0 -9999.0 -9999.0 -9999.0 -9999.0 -9999.0 -9999.0 -9999.0 -9999.0 -9999.0 -9999.0 -9999.0 -9999.0 -9999.0 -9999.0 -9999.0 -9999.0 -9999.0 -9999.0 -9999.0 -9999.0 -9999.0 -9999.0 -9999.0 -9999.0
-9999.0 -9999.0 -9999.0 -9999.0 -9999.0 -9999.0 -9999.0 -9999.0 -9999.0 -9999.0 -9999.0 -9999.0 -9999.0 -9999.0 -9999.0 -9999.0 -9999.0 -9999.0 -9999.0 -9999.0 -9999.0 -9999.0 -9999.0 -9999.0 -9999.0 -9999.0 -9999.0 -9999.0 -9999.0 -9999.0 -9999.0 -9999.0 -9999.0 -9999.0 -9999.0 -9999.0 -9999.0 -9999.0 -9999.0 -9999.0 -9999.0 -9999.0 -9999.0 -9999.0 -9999.0 -9999.0 -9999.0 -9999.0 -9999.0 -9999.0 -9999.0 -9999.0 -9999.0 -9999.0 -9999.0 -9999.0 -9999.0 -9999.0 -9999.0
-9999.0 -9999.0 -9999.0 -9999.0 -9999.0 -9999.0 -9999.0 -9999.0 -9999.0 -9999.0 -9999.0 -9999.0 -9999.0 -9999.0 -9999.0 -9999.0 -9999.0 -9999.0 -9999.0 -9999.0 -9999.0 -9999.0 -9999.0 -9999.0 -9999.0 -9999.0 -9999.0 -9999.0 -9999.0 -9999.0 -9999.0 -9999.0 -9999.0 -9999.0 -9999.0 -9999.0 -9999.0 -9999.0 -9999.0 -9999.0 -9999.0 -9999.0 -9999.0 -9999.0 -9999.0 -9999.0 -9999.0 315.130102 312.883414 282.444872 93.563873 56.015347 56.507388 55.251738 49.822663 47.061125 47.531276 33.419659 328.394186
-9999.0 -9999.0 -9999.0 -9999.0 -9999.0 -9999.0 -9999.0 -9999.0 -9999.0 -9999.0 -9999.0 -9999.0 -9999.0 -9999.0 -9999.0 -9999.0 -9999.0 -9999.0 -9999.0 -9999.0 -9999.0 -9999.0 -9999.0 -9999.0 -9999.0 -9999.0 -9999.0 -9999.0 -9999.0 -9999.0 -9999.0 -9999.0 -9999.0 -9999.0 -9999.0 -9999.0 -9999.0 -9999.0 -9999.0 -9999.0 30.672672 21.423252 324.043038 309.795777 309.549128 315.983297 310.974615 312.029634 310.282542 301.912324 111.872853 43.381245 56.827442 64.123325 60.829446 46.187333 55.194299 33.263628 326.489597
-9999.0 -9999.0 -9999.0 -9999.0 -9999.0 -9999.0 -9999.0 -9999.0 -9999.0 -9999.0 -9999.0 -9999.0 -9999.0 -9999.0 -9999.0 -9999.0 -9999.0 -9999.0 -9999.0 -9999.0 -9999.0 -9999.0 -9999.0 -9999.0 -9999.0 -9999.0 -9999.0 -9999.0 -9999.0 -9999.0 -9999.0 -9999.0 -9999.0 -9999.0 74.956539 60.618070 61.882144 69.084896 46.823631 30.792741 30.627423 24.977370 343.262174 323.493722 291.043856 310.282814 313.295234 209.047266 199.556255 142.642352 135.940379 130.383605 117.418896 124.907896 107.618042 85.092000 47.783112 23.243773 196.834989
-9999.0 -9999.0 -9999.0 -9999.0 -9999.0 -9999.0 -9999.0 -9999.0 -9999.0 -9999.0 -9999.0 -9999.0 -9999.0 -9999.0 -9999.0 -9999.0 -9999.0 -9999.0 -9999.0 -9999.0 -9999.0 -9999.0 -9999.0 -9999.0 -9999.0 -9999.0 -9999.0 -9999.0 335.178397 336.150168 341.882826 351.302689 351.924409 46.945016 63.641221 66.034042 67.947307 68.795254 41.999540 31.803586 25.048322 331.442171 346.102843 353.301919 214.169237 226.624569 216.876059 210.746962 194.557332 161.687265 158.582760 150.517656 147.509440 147.571804 145.494409 161.325700 146.467876 153.335529 166.988403
-9999.0 -9999.0 -9999.0 -9999.0 -9999.0 -9999.0 -9999.0 -9999.0 -9999.0 -9999.0 -9999.0 -9999.0 -9999.0 -9999.0 -9999.0 -9999.0 -9999.0 -9999.0 -9999.0 -9999.0 -9999.0 -9999.0 -9999.0 18.852358 15.515974 16.755289 10.056010 346.263371 339.962060 339.451198 343.515456 345.817285 18.068890 145.122967 141.851619 134.038582 124.010379 128.805534 157.470618 159.164868 166.592760 174.496686 161.386290 161.071651 194.971143 204.607605 201.935631 194.803003 171.628435 172.674488 172.271469 167.379775 160.323847 157.752239 156.009950 155.276842 157.439581 159.165810 161.912325
-9999.0 -9999.0 -9999.0 -9999.0 -9999.0 -9999.0 -9999.0 -9999.0 -9999.0 -9999.0 -9999.0 -9999.0 -9999.0 -9999.0 -9999.0 -9999.0 -9999.0 -9999.0 -9999.0 1.610232 1.739161 8.921366 11.080342 5.269257 14.467010 23.420596 14.467624 352.538678 352.958875 349.954344 173.434961 168.583640 142.661093 135.011719 135.737493 137.271207 136.389835 136.721375 147.684248 151.027003 150.953124 188.502117 190.006827 184.269098 179.284009 172.981117 172.990239 175.264825 174.010156 173.691193 173.374621 172.149703 166.991053 162.381075 162.213334 163.311644 165.215901 165.898055 166.047232
-9999.0 -9999.0 -9999.0 -9999.0 -9999.0 -9999.0 -9999.0 -9999.0 -9999.0 -9999.0 -9999.0 -9999.0 -9999.0 -9999.0 -9999.0 -9999.0 4.071591 4.144558 8.818439 9.436957 10.241742 20.100383 15.110501 11.873509 23.626660 25.772632 22.801398 142.455888 128.438736 148.625177 163.616727 162.447890 157.634169 155.035368 149.916122 144.696169 143.706602 147.868122 154.511658 154.249009 153.401573 182.395078 183.355827 179.556413 173.955482 165.218578 167.988308 175.433925 170.336437 167.938442 173.663370 176.511829 172.529327 166.392381 162.645156 161.158994 164.128869 168.556512 172.876147
-9999.0 -9999.0 -9999.0 -9999.0 -9999.0 -9999.0 -9999.0 -9999.0 -9999.0 -9999.0 -9999.0 -9999.0 -9999.0 6.273862 9.835077 13.079268 9.564438 6.006243 12.399238 36.602766 32.329973 19.800399 26.941235 148.125101 119.818747 130.450075 137.959543 144.543490 158.387331 162.537140 164.825624 163.385415 159.505931 159.719360 158.166825 156.117054 155.418352 157.257814 162.634347 165.816627 171.547521 176.862673 183.039704 176.358131 168.848511 165.453687 167.813752 167.922086 166.309052 169.350433 172.601230 174.460874 175.265662 172.410101 165.095474 160.566876 162.735022 168.412536 171.973615
-9999.0 -9999.0 -9999.0 -9999.0 -9999.0 -9999.0 -9999.0 -9999.0 -9999.0 -9999.0 13.935935 347.786476 348.738502 5.176861 16.818934 28.403783 28.414027 20.550687 43.844202 103.468633 110.026419 139.168950 144.076885 157.743530 156.829099 152.691932 152.597023 151.694879 156.619818 161.892693 159.327586 160.528933 164.078648 163.882360 162.690914 160.327791 156.495490 156.391380 164.051870 165.945266 166.509272 170.755725 181.896977 176.528802 172.903786 167.856519 165.820525 167.366406 168.026816 168.561375 172.217329 174.966950 175.446559 174.605705 170.732924 164.194184 162.574801 164.838416 169.323165
-9999.0 -9999.0 -9999.0 -9999.0 -9999.0 -9999.0 -9999.0 -9999.0 155.050190 84.272398 26.962469 344.748282 345.071116 28.329143 138.139185 136.195464 136.587768 121.370431 126.776038 121.576772 141.167465 145.781728 149.852390 159.880698 159.449519 158.967462 157.739294 155.860665 158.664748 162.875159 162.770791 163.792930 166.399544 167.434300 167.394754 163.133179 158.777821 158.573060 162.003084 164.751076 164.813832 166.042449 178.799803 178.571010 172.724779 166.073485 165.209285 165.580091 166.511269 166.735540 170.024909 174.590032 175.497944 174.374465 174.076589 171.777524 166.101565 163.016957 165.032870
-9999.0 -9999.0 -9999.0 -9999.0 -9999.0 -9999.0 109.378742 128.739936 142.154134 196.328075 187.240084 184.142436 160.848438 136.434910 129.984308 135.453229 136.023911 136.839786 140.566683 139.522652 149.009963 160.735984 159.423504 163.672459 167.376172 165.527062 160.980056 158.802520 156.128648 156.287558 161.588212 164.878797 167.746301 170.316007 170.406049 167.001812 162.540491 161.566797 163.481936 166.165075 166.763145 170.794281 176.702162 177.100528 174.673889 169.589130 165.753715 163.903326 163.056833 165.702161 171.064677 175.059373 175.162319 174.337780 173.795574 173.867996 170.309173 165.456288 163.672509
-9999.0 -9999.0 -9999.0 -9999.0 71.972462 111.953611 114.647192 119.936772 136.498848 166.308223 173.813626 181.297828 178.473282 176.373296 165.103578 157.357953 156.802352 153.389238 142.123410 140.465575 149.682603 159.267208 156.122071 162.870686 170.241032 170.074540 166.916421 161.315117 158.986127 154.615770 155.422054 163.243216 168.428116 170.289330 170.281139 167.943674 164.267961 162.535054 162.594311 163.985856 166.905861 170.654331 175.087392 176.088673 174.411217 172.150044 168.412582 165.185143 162.479245 162.735959 167.645439 173.407255 175.253698 174.274337 173.451090 173.259945 172.875735 170.400411 166.612371
-9999.0 -9999.0 -9999.0 75.903420 76.093477 102.108882 127.535655 127.120847 149.403823 171.169463 171.142364 172.508106 172.862382 172.040000 170.430429 169.971647 171.576940 167.474453 155.709829 149.356659 152.329444 158.436398 160.604057 164.978910 170.421422 172.790521 170.458238 164.529288 160.564579 158.782001 156.104386 159.468815 166.509430 171.147748 171.131891 170.062209 167.694600 163.550238 162.904495 163.088355 164.818009 167.876142 173.046697 176.736502 176.178880 173.091646 169.792086 168.810255 166.596238 163.632452 164.973680 169.760399 173.645060 172.250055 169.157862 169.513960 169.100111 166.450740 174.310532
-9999.0 -9999.0 56.871072 70.172163 77.690416 99.620416 126.522806 133.660679 140.880756 164.163199 168.179883 165.555288 170.550555 171.216958 169.310052 171.986818 176.632476 176.734569 162.682373 150.917194 150.825873 158.422330 160.444882 162.850915 170.607345 174.574303 173.660347 169.450952 164.187196 160.509458 160.102165 161.841381 165.603280 171.325208 174.646251 172.470246 171.407277 168.710572 164.894250 165.230634 165.591238 166.975187 171.450656 176.657769 175.620446 171.235806 168.385174 166.894746 165.681715 162.790187 170.010775 170.924400 180.637206 181.437229 182.492629 185.211797 349.164101 352.180513 346.347168
-9999.0 -9999.0 56.862186 66.988550 82.439103 96.795047 116.090583 141.918378 141.441631 152.725228 163.436452 162.430159 166.488043 168.778234 168.686275 168.956249 180.171157 181.033548 153.354460 152.227716 149.062440 149.845529 158.202487 164.630794 173.123564 178.901544 176.427473 171.958588 166.210944 160.441433 160.040019 161.086624 165.251203 171.448855 174.771217 173.566428 172.489744 172.767149 168.526185 166.660405 167.908976 164.673739 163.190244 163.025468 175.291083 180.775112 181.423916 183.189404 185.590370 353.737637 349.385850 354.422105 357.370819 2.318861 343.834961 343.757564 343.571958 346.809124 347.626588
-9999.0 57.535803 62.247557 78.619015 95.186313 95.276901 109.945996 138.389412 149.303202 153.046481 160.591758 154.147978 154.760310 164.937151 169.596979 169.197802 182.453386 183.340409 165.767989 161.430421 151.444814 142.630275 151.835050 167.792695 175.641538 182.313004 175.036855 172.962034 168.964662 163.152675 161.489675 163.019904 162.685436 169.332670 176.872095 175.108102 168.749522 164.603118 173.238372 173.996557 183.105995 183.557164 177.584782 355.033793 348.466212 346.046623 344.751728 342.214329 343.679116 348.422420 349.599185 348.714129 7.037939 5.871997 345.216339 344.597458 344.649175 345.862931 347.467043
-9999.0 66.693396 74.847637 80.756181 84.561235 103.037856 108.087455 126.694187 155.494370 158.025932 154.568143 150.303668 151.567770 162.273469 167.742785 167.136653 183.427741 182.797328 170.273457 167.346879 161.814723 151.596596 144.722442 150.729907 176.316739 176.717079 174.438079 170.129911 168.455121 168.233665 163.153286 170.345524 172.348815 172.641398 184.256949 185.615968 191.991384 348.549354 349.836074 351.032430 349.782096 4.010899 8.234561 356.459654 353.636861 350.288525 344.664077 344.084415 347.071364 350.842880 352.592999 354.506145 357.240559 352.996614 351.914818 347.320986 345.113754 346.063501 346.794695
-9999.0 55.328869 60.187540 60.657300 83.901514 105.015181 105.924130 116.643019 147.591141 156.215802 151.089849 149.214841 150.737812 157.850212 168.367385 174.081553 176.099288 175.134432 172.374684 166.957806 163.001621 162.901231 155.848779 152.997559 165.549157 174.009230 183.898619 185.180301 189.001673 351.113655 355.898281 10.933819 6.854388 4.126171 355.586261 351.572749 345.057730 343.415722 349.272582 352.293224 356.136939 6.111814 3.314067 355.013145 353.789830 351.713763 349.721710 348.223386 348.035129 350.786979 353.797110 355.462925 355.378448 353.829601 352.430166 347.312024 345.491980 346.012193 347.220130
-9999.0 44.323757 44.966401 66.205094 82.676402 102.286850 100.977002 110.117158 138.186210 150.517136 145.672632 142.165010 145.176240 152.832112 159.271555 164.098432 169.277983 170.934907 170.029698 172.765779 168.617494 164.935570 353.664193 354.182233 356.073693 344.042183 336.736974 339.464764 347.146070 348.280655 7.872043 12.080161 10.190987 9.646800 358.282870 359.095096 355.216217 352.438081 348.845872 346.056582 349.021449 355.478856 8.173439 7.911726 354.026897 353.427111 351.075955 349.856320 350.203599 350.946665 351.989873 354.766877 355.352052 356.335005 355.758490 343.068248 340.303326 346.350460 348.142864
-9999.0 44.842212 56.803837 72.832701 74.557709 71.774263 57.930461 58.810161 48.399855 147.544966 147.214382 137.043096 113.058430 133.490361 150.831984 158.184577 154.897157 22.069952 342.965299 326.441807 343.789994 8.818678 13.316028 13.998141 5.969738 346.764122 342.808062 342.445566 352.582108 358.317048 358.777673 0.257944 358.574476 357.509761 356.357732 2.861466 353.478321 352.795243 352.444547 353.188010 353.239154 354.116425 356.664546 358.107187 358.961017 356.767083 352.527636 351.401773 352.612447 353.775618 354.544900 356.979518 357.763015 356.203687 354.099117 346.505144 341.147823 343.774323 345.848850
-9999.0 54.730608 62.817838 65.715820 61.643365 57.175091 56.914605 57.217069 56.541357 68.804464 27.379577 9.595751 16.635798 37.934362 39.902996 24.675386 333.898950 340.825710 345.180768 351.021193 355.381992 7.949170 14.250219 14.243468 9.484049 6.665169 354.185588 346.797119 348.266527 354.530195 355.310686 355.001938 357.837843 359.189942 3.851822 3.589784 352.755874 351.623554 349.840180 350.093793 352.147851 355.585581 357.678245 0.431315 358.954898 356.666207 354.176637 352.637175 352.503594 354.013642 355.674296 356.519153 355.794060 354.770327 354.064144 349.152891 345.324131 346.183991 344.220370
-9999.0 -9999.0 57.429655 58.961930 57.623880 57.093036 55.743811 52.209537 54.176639 43.258248 25.880339 19.939968 15.273622 18.152953 18.601085 9.555402 1.233322 344.246804 348.801584 356.756949 358.430179 3.220947 7.130890 8.142876 6.640761 4.015170 2.927932 355.505386 350.980532 349.333970 351.094326 354.213200 356.366649 3.997949 5.130281 6.225615 358.013538 355.105103 352.736794 352.295230 352.852258 355.506295 358.061427 0.388344 358.584494 357.913275 355.297692 353.379522 353.370783 355.213727 357.154029 357.173197 355.810200 354.418691 353.785866 350.234541 346.968117 347.004881 343.592692
-9999.0 -9999.0 54.813374 56.622177 55.404405 49.186677 44.379945 41.977965 38.383145 26.966622 21.443140 17.915442 14.889936 13.098788 13.175241 10.010426 3.927720 1.939053 358.500350 3.038406 5.342564 5.232579 5.349217 6.012452 5.757353 4.906318 354.650593 354.499745 352.850002 350.793021 350.093932 352.620378 356.116140 357.139381 3.237015 3.893742 356.982951 354.741354 353.216257 353.296764 354.122929 356.156141 358.869675 359.546500 359.022529 358.787050 357.058236 354.953337 355.179321 356.392251 357.013759 357.892964 357.532876 355.901523 356.076531 353.734643 349.068067 347.476425 345.214039
-9999.0 -9999.0 -9999.0 53.046234 45.189717 35.551240 32.604163 32.038751 30.249706 25.658244 21.913420 18.457474 13.460364 11.653280 11.861941 9.432787 4.872460 2.000314 6.533044 9.923189 9.299124 10.666271 7.456093 5.371472 5.995369 3.902663 355.725270 355.614619 354.238244 351.594656 350.250668 352.250839 354.180217 0.240629 0.916092 357.682974 357.693573 356.212057 354.381961 354.041038 354.695624 356.693379 358.155845 358.555771 358.728085 358.509521 357.697075 356.418149 355.968051 356.229968 357.499806 358.568613 358.096215 357.135462 356.645646 355.468654 350.300018 346.783552 345.952995
