tests/Borden05m/data_original/Borden05m_001/aspect.asc
ncols         160
nrows         34
xllcorner     620200.000000
yllcorner     5168000.000000
cellsize      0.500000
NODATA_value  -9999.0
[rows 0 to 25 of 34, columns 59 to 117 of 160]
-9999.0 -9999.0 -9999.0 -9999.0 -9999.0 -9999.0 -9999.0 -9999.0 -9999.0 -9999.0 -9999.0 -9999.0 -9999.0 -9999.0 -9999.0 -9999.0 -9999.0 -9999.0 -9999.0 -9999.0 -9999.0 -9999.0 -9999.0 -9999.0 -9999.0 -9999.0 -9999.0 -9999.0 -9999.0 -9999.0 -9999.0 -9999.0 -9999.0 -9999.0 -9999.0 -9999.0 -9999.0 -9999.0 -9999.0 -9999.0 -9999.0 -9999.0 -9999.0 -9999.0 -9999.0 -9999.0 -9999.0 -9999.0 -9999.0 -9999.0 -9999.0 -9999.0 -9999.0 -9999.0 -9999.0 -9999.0 -9999.0 -9999.0 -9999.0
347.661230 347.266049 346.498820 339.840189 329.929435 329.942208 332.450227 349.557313 355.821873 356.673867 20.770638 23.534313 30.122241 29.981667 17.217669 8.528812 8.669505 4.677674 355.492546 352.128104 348.810659 348.673964 351.756978 343.887323 312.219346 296.851773 282.337418 70.146797 32.915180 21.103344 25.036256 33.389141 37.448297 30.118470 30.563753 29.613814 33.507565 29.146801 344.744896 346.644949 347.516566 347.964923 341.545673 333.572412 -9999.0 -9999.0 -9999.0 -9999.0 -9999.0 -9999.0 -9999.0 -9999.0 -9999.0 -9999.0 -9999.0 -9999.0 -9999.0 -9999.0 -9999.0
340.572758 349.863994 352.330174 348.561700 333.364764 328.322267 330.200185 339.066575 356.127077 359.126830 16.649672 24.630573 50.435692 31.744917 15.594849 11.537298 9.552913 358.192262 358.294856 354.141429 349.137139 348.448066 351.132957 356.421814 336.382896 221.518350 197.800190 186.911124 174.038372 173.960561 173.155010 25.375068 32.381361 26.511469 33.118113 51.236084 42.753673 29.337969 344.866413 340.548315 341.792574 338.264926 336.448760 333.494878 324.282893 322.984157 334.768148 20.386598 21.030613 50.214792 39.787683 30.609115 32.385721 32.680515 -9999.0 -9999.0 -9999.0 -9999.0 -9999.0
325.094874 331.267430 354.289278 4.301579 342.277589 330.467558 329.546066 162.998598 164.454077 176.273074 173.130604 168.363715 173.294045 15.461807 22.176804 46.010871 140.185778 167.095778 176.766424 188.671659 199.427569 196.605581 193.421835 203.353335 196.446859 182.893389 178.712402 172.890399 172.486801 177.283442 199.523380 206.628546 153.801794 144.079371 140.805827 156.875074 163.418477 169.233128 183.781542 189.994516 202.876173 206.241227 335.935358 344.526289 342.403237 328.382502 313.287297 326.248083 46.281845 49.394090 19.306173 25.306556 33.033917 29.602223 16.054558 6.060871 359.313325 355.673207 334.215735
197.945516 176.448625 164.918581 205.700356 217.811387 196.844966 142.107091 156.314558 169.828643 176.249436 174.844978 174.239894 198.504662 206.115787 145.212203 151.433211 158.598537 166.075691 180.386021 181.727273 182.315114 181.774323 183.296808 185.505265 176.276630 176.584192 175.112035 172.663188 174.609737 192.594288 194.739640 195.411886 172.930418 164.981314 163.435697 159.187869 156.051504 157.365977 186.733251 195.224606 204.052531 227.899499 249.887095 256.099667 204.814869 194.303795 188.218209 184.950977 154.878378 30.403796 8.696363 34.475549 34.560796 35.674312 30.913090 25.271337 359.151583 355.910486 341.057706
190.813346 190.501941 190.814389 179.810985 175.743615 164.391502 160.300424 160.597988 169.766310 177.499839 177.529624 186.116941 192.597946 189.189234 160.343248 161.479983 165.466402 174.532606 178.739179 174.680377 171.570989 183.098158 185.166610 186.983172 176.584378 172.184760 171.458107 174.137698 174.430259 186.137013 189.818551 185.498231 181.955049 178.814519 176.342238 170.867101 168.180731 168.575802 186.036275 189.612057 203.572068 219.815543 218.715459 212.548675 177.797494 186.848102 185.726482 185.795497 192.775219 195.228570 180.236990 180.361307 128.779441 126.584666 52.843128 325.468566 341.955230 351.072355 342.101446
189.013377 192.747548 188.035633 175.320601 173.010411 168.030311 163.023694 159.692826 167.551486 176.822476 176.565951 187.986287 188.334828 188.887545 169.310796 170.512221 172.494214 174.705883 173.806039 172.083480 172.986518 185.319670 186.812425 186.565223 172.513986 170.362176 173.419767 177.272551 178.732464 185.822496 184.288948 182.473790 181.181676 181.658930 183.184652 174.629194 169.666966 173.709308 188.102704 193.152958 203.324446 208.265648 205.368455 203.725799 186.709090 186.428093 185.522404 192.072299 198.968257 190.834692 190.654743 200.025373 139.654209 137.062322 147.355570 208.641542 162.660883 201.538630 225.068654
186.010939 189.508578 184.549696 174.128725 174.350409 170.842404 165.310236 163.900232 168.074491 173.872617 175.609490 175.576277 184.111063 184.700611 184.854809 175.316951 172.886848 173.237290 173.472899 173.472361 173.612268 183.599135 182.615362 178.347074 175.545513 172.874695 175.219101 178.005415 177.968810 177.378264 182.862879 183.950369 184.307957 184.199109 183.325865 172.361547 171.790033 171.326818 187.425291 194.270878 197.012236 199.742923 200.374688 192.923943 185.145589 180.971705 186.338466 192.364691 194.951552 196.645067 193.377197 197.010520 209.405854 164.842889 158.464824 159.250057 163.271959 199.679702 219.780260
187.801585 184.730821 177.837616 176.498652 176.460412 176.173994 170.125293 164.828391 165.638469 168.963514 174.361082 184.473804 184.435036 185.386003 184.952241 174.564689 174.250193 174.229924 174.243590 174.286158 174.988824 177.901336 179.918156 179.508457 179.065430 178.385782 177.241783 176.669941 176.406074 177.361317 183.621758 183.806662 184.511240 184.801469 183.142063 181.383850 177.018376 178.266912 189.433936 190.416812 192.834948 194.308940 194.473007 191.810648 190.766383 187.574686 188.876897 191.415349 199.608315 201.223113 196.431943 203.752635 200.421223 163.642842 165.287234 169.440975 198.331486 200.263489 202.110374
172.286397 179.009670 179.101855 178.536401 177.926158 177.381480 170.938249 164.038931 164.020944 166.879840 172.301474 184.795454 184.855465 185.218480 185.161632 182.789771 174.093636 172.943228 171.764758 172.991985 175.931461 177.626282 180.559222 179.677778 179.035044 178.820601 178.412948 176.989869 175.090675 173.371702 172.942418 184.783246 187.733551 187.967932 186.399149 182.706491 181.992400 182.695536 179.653955 191.905998 191.072767 192.322705 194.056322 193.298723 190.725856 190.219828 189.498575 194.952962 199.224509 197.942200 195.735332 195.502311 189.751898 162.793880 164.809976 163.599101 188.362533 191.086352 197.050532
175.006511 178.677960 179.399349 178.172831 177.276192 176.580973 173.641347 167.136207 161.991109 162.786219 170.555873 184.102955 184.770607 185.934810 185.502952 183.103399 177.901898 176.781986 174.080904 172.474169 172.783884 176.224580 179.583775 180.383743 179.054837 179.124289 179.427035 178.341576 175.557468 174.063345 176.106545 186.014761 187.641632 190.118548 188.292759 185.480630 184.289316 181.849584 179.087275 179.408002 191.088180 193.447763 198.631959 198.384836 194.297797 189.433790 186.489141 186.351487 191.344251 191.795859 189.501406 192.048582 192.550728 192.936887 166.095988 186.763096 188.881146 194.518621 198.090828
171.199030 177.030232 179.108742 177.618446 176.244254 174.767700 172.846730 171.583063 168.426927 164.789932 165.582330 167.819716 183.565014 187.121912 184.669324 180.676928 179.646132 178.643144 177.544846 174.966094 171.864796 173.878640 178.103504 181.574309 181.572867 179.172815 179.517132 180.149360 178.560163 177.288877 177.137154 182.040187 185.561114 190.331246 190.945671 188.636740 184.893480 182.747244 181.329210 180.805268 184.069003 191.519565 197.635054 199.001184 197.054877 192.348849 188.134277 185.252403 183.918402 184.691826 188.471906 193.464640 195.760778 192.379427 188.661843 186.462523 191.137744 196.039776 194.544232
166.121072 172.663881 176.248548 176.787553 175.375746 171.943970 170.482330 171.984178 172.204794 167.720107 166.245809 170.112896 175.395479 178.667548 178.463267 177.748032 179.806966 179.782400 179.677676 179.845935 179.116910 178.585963 179.133599 180.253474 180.406953 179.801247 179.877147 180.260764 180.818516 181.451553 178.844506 179.485476 182.055447 184.856633 194.053441 193.457949 188.325339 186.222778 186.605204 187.210014 187.465034 189.093109 193.513502 198.749510 200.145478 194.484629 185.905873 182.661127 181.896737 184.609454 189.037738 192.607834 196.322961 199.643443 195.120845 188.603998 191.779959 191.422036 187.798386
165.732346 169.147246 172.059590 174.095220 172.293987 167.892657 165.794970 172.000324 181.520969 181.929519 184.427855 189.820041 9.094694 351.971680 346.280900 353.204658 350.141925 334.668101 337.356437 3.389190 5.244152 8.812981 10.982206 354.701810 7.262052 11.927498 348.640442 348.098470 353.994158 356.060213 9.605555 14.818440 6.135399 2.907591 1.585069 5.723385 175.482325 176.085217 175.718394 184.275554 187.390392 197.492413 197.678174 202.031614 200.611570 195.358959 188.622263 185.471056 177.897561 182.657348 188.488142 196.137536 201.197226 203.552436 197.862682 191.155756 186.536201 184.680088 185.736401
175.453906 183.283182 184.464127 176.964994 176.035171 183.733240 347.509249 341.170843 351.049502 356.915198 354.925479 353.055366 354.572390 351.948983 350.715340 350.443060 345.771569 341.897177 349.030855 7.424089 7.066514 6.518716 5.052645 5.147406 5.103690 352.503714 350.483088 349.176206 353.593695 9.227049 9.032265 7.748393 4.372516 357.440349 357.211887 357.147154 357.072825 357.367543 4.538289 12.360664 17.615817 9.432399 9.006311 173.055447 189.138556 191.408618 202.930719 197.998943 183.444111 187.047123 195.397566 199.986575 201.842627 201.317411 199.406990 193.532064 184.584167 183.397569 184.297743
345.849562 352.684317 9.783007 13.904541 11.576851 342.721927 343.234020 344.840465 348.004987 353.495407 357.436736 358.097154 358.759554 350.660222 349.690183 344.559713 343.385076 345.443242 349.028984 355.956434 7.132884 8.105637 9.532968 8.029606 353.393184 353.247662 350.859463 350.661552 351.644869 1.722988 5.908018 10.522022 8.275610 1.900892 353.803044 355.036472 354.761600 355.928376 7.475502 11.566721 16.040773 16.285953 13.406256 10.280529 9.445498 13.313907 9.337212 169.542021 169.238669 192.636162 205.792924 200.595782 199.350477 199.263724 200.314980 193.779982 184.859515 183.249058 182.685401
346.663422 352.270634 6.791645 6.936173 6.810497 353.277152 347.650860 345.188186 346.422924 350.737466 354.414573 2.161153 1.991923 353.411655 349.161642 343.684114 344.632364 346.486891 351.397571 356.282570 357.434175 9.601698 11.342895 9.616593 348.787756 350.843979 350.357815 351.167145 355.677719 358.002284 4.700040 11.072401 14.636621 8.109145 350.149738 350.663750 352.924331 355.935091 6.742207 11.759300 16.946213 15.324270 11.098486 7.462390 7.363826 9.720535 11.414694 13.709659 13.685079 17.743787 15.739119 11.476840 196.430690 195.958832 202.330882 194.184912 191.076150 188.740930 188.238506
349.298551 352.290342 355.835783 357.949572 355.761124 352.544267 350.237900 350.438689 350.292083 350.394346 354.320855 358.951386 2.390110 352.393938 352.207009 348.436656 346.600033 348.408962 351.203929 355.193449 356.278686 5.892693 8.165711 8.344572 350.111598 351.314323 351.770146 352.694344 356.326318 357.683314 3.973097 11.952971 14.555903 8.202154 353.473008 353.560602 354.660738 357.043340 3.250219 8.346770 14.338608 15.379385 13.339490 9.706074 7.431440 8.445260 11.610489 13.618376 13.724391 16.004739 20.289532 20.927442 17.569892 22.641064 14.419045 168.664409 191.398076 200.037497 193.903695
346.855471 350.616498 354.121964 352.638434 352.888192 350.733422 337.068010 339.981615 349.825228 350.641610 354.857184 357.430193 358.099806 357.434113 355.939964 354.952966 351.790363 350.156745 350.564842 354.313962 357.397312 357.784374 5.886077 3.925508 2.396674 356.847198 355.376559 356.120190 357.710986 2.487523 5.340787 8.233472 7.468564 4.664563 356.361009 356.076961 1.881646 2.037807 9.487589 9.982711 11.296315 13.833229 15.223994 12.168175 7.724983 7.885652 10.979518 13.940339 14.883955 18.335742 22.504964 20.913042 14.771696 13.591400 14.584868 15.562570 20.573156 14.555942 11.714778
348.571548 349.748748 351.331966 357.882597 356.562087 344.721641 336.157592 336.835905 345.902593 349.316048 352.311111 356.290285 354.036648 353.525540 355.845662 356.356947 353.839316 352.225198 351.530166 354.303060 357.125139 356.420480 357.026705 1.903976 2.948072 4.173742 356.801873 357.445528 358.448137 358.693866 5.427917 6.357416 5.938892 4.000171 3.404795 2.128419 1.188272 6.476447 10.493483 8.351091 10.993118 13.671774 14.453012 13.326283 10.351395 9.079122 12.166349 13.656884 14.949513 18.461708 21.809729 20.434597 15.242226 12.522194 11.630283 14.015735 18.638842 20.893293 21.365121
348.694807 348.618549 347.531799 356.818147 354.978317 345.570563 338.566396 340.682981 345.963042 348.700035 350.639181 352.142192 349.537962 350.184026 352.590313 1.857509 3.159337 355.209075 352.859130 354.099387 354.747035 353.840047 354.480721 356.055264 3.930307 2.569745 0.854016 1.261793 0.947409 359.110678 359.140847 5.741707 4.634445 4.278778 4.206790 3.629214 8.387168 13.994590 11.278484 10.466454 12.329229 13.456567 14.765094 13.985565 11.439173 11.184607 13.181273 14.399767 15.743561 17.710825 20.573045 19.378757 14.299894 10.830484 11.275204 14.210167 19.088809 21.844576 23.938526
343.486162 347.829500 355.352753 357.622152 352.681427 345.389550 342.557874 344.261134 347.701395 348.940910 348.774799 348.004063 347.425250 349.336518 351.651243 3.241439 3.540842 353.244283 353.081599 354.412140 353.917618 352.042214 352.251813 352.663492 4.834759 6.328868 4.993695 1.702205 2.481788 3.396949 358.709385 357.787333 5.099206 5.025904 5.836230 10.474975 15.313085 14.873372 13.096214 12.047010 12.876387 14.476169 15.200285 15.404723 14.084086 12.407495 13.810340 15.202160 15.118463 15.521435 17.037867 16.618242 13.309272 12.440484 12.250324 14.061688 19.694844 22.026730 25.901987
340.444546 342.007033 352.310258 353.168128 349.024483 346.388737 346.646151 350.236863 350.190333 349.603262 349.962955 348.428077 347.323772 348.133513 348.626786 4.201469 6.742672 7.364275 355.658652 357.204126 355.089886 351.671125 351.175549 351.228352 5.868455 10.275282 7.521531 4.076653 4.723464 5.297873 357.746009 354.930764 354.202941 6.036756 9.626292 13.149020 15.063242 14.572806 13.381505 13.496054 14.858038 15.465046 16.281326 17.262940 15.119111 14.645669 17.285522 16.853246 12.264108 10.522718 13.998271 13.936883 12.067101 12.956813 11.658083 14.465505 20.438165 25.212776 29.131265
339.498459 338.537326 341.414446 345.605046 345.956668 347.997868 349.907941 350.290760 349.913102 349.188027 348.779513 348.360725 347.267275 346.715720 345.259042 6.677832 9.782420 4.975424 357.792730 357.756035 355.779833 351.667815 349.763557 348.431017 10.425675 13.978114 10.804680 7.055017 5.831205 5.710785 355.116055 352.920237 352.341306 10.493372 14.196001 15.222568 17.094555 18.242023 17.599205 17.856713 18.341774 19.241674 20.516450 20.887795 20.707925 20.954508 20.358027 14.089151 8.930973 8.480429 9.685702 11.412114 12.041830 12.877836 13.371547 16.108630 21.340993 25.006119 25.163599
341.039961 340.519432 342.048802 342.660248 342.897058 344.529094 347.928553 351.237307 351.940678 348.678290 348.561910 349.037758 346.011005 349.703537 4.552201 8.678057 7.543896 1.750194 357.489650 358.242495 357.206229 351.633016 346.402948 7.626814 14.065032 15.110006 11.162047 8.593454 5.784383 4.552440 354.814248 349.949188 6.353486 14.690228 16.851855 16.747559 20.906619 21.013302 19.478429 21.162440 22.553133 23.505555 24.591001 26.319837 26.428424 22.790964 14.480186 9.273812 7.788028 5.802565 10.315671 9.862700 9.778941 11.400383 13.215949 15.308173 19.466209 23.721356 26.003489
342.952608 341.170881 341.150026 340.777799 341.164270 342.183658 347.839863 352.481222 351.963715 350.475851 349.329139 349.027908 352.836798 357.725089 357.702731 1.756781 2.883279 2.496069 2.165376 358.880598 359.385301 4.385603 5.182050 6.099137 10.395905 13.055853 12.355301 8.709946 5.064434 3.942943 3.054830 3.517408 5.255663 11.751372 16.030888 17.158080 19.921998 21.215166 22.133671 24.696438 26.575717 28.223514 32.148879 34.184482 30.757410 20.511360 12.515044 8.755355 4.991456 356.692090 8.373528 8.713270 9.693543 12.080816 14.705666 15.154873 20.700747 27.652170 28.524370
