tests/Borden05m/sims/sim_1/output-maps/psiliqL0020N0002.asc
ncols         160
nrows         34
xllcorner     620200.000000
yllcorner     5168000.000000
cellsize      0.500000
NODATA_value  -9999.0
[rows 0 to 24 of 34, columns 55 to 109 of 160]
-9999.0 -9999.0 -9999.0 -9999.0 -9999.0 -9999.0 -9999.0 -9999.0 -9999.0 -9999.0 -9999.0 -9999.0 -9999.0 -9999.0 -9999.0 -9999.0 -9999.0 -9999.0 -9999.0 -9999.0 -9999.0 -9999.0 -9999.0 -9999.0 -9999.0 -9999.0 -9999.0 -9999.0 -9999.0 -9999.0 -9999.0 -9999.0 -9999.0 -9999.0 -9999.0 -9999.0 -9999.0 -9999.0 -9999.0 -9999.0 -9999.0 -9999.0 -9999.0 -9999.0 -9999.0 -9999.0 -9999.0 -9999.0 -9999.0 -9999.0 -9999.0 -9999.0 -9999.0 -9999.0 -9999.0
-9999.0 -9999.0 -9999.0 -9999.0 2216.971538 2211.678041 2206.869267 2202.414348 2194.007910 2185.004549 2177.159570 2173.333915 2172.541698 2171.980169 2171.711449 2176.991564 2185.244204 2193.059538 2200.208748 2202.705164 2205.181313 2207.297836 2207.734081 2206.646673 2203.525277 2200.353576 2197.068498 2195.550590 2187.961822 2176.820088 2168.373683 2165.727494 2170.062480 2174.486084 2176.971053 2182.425595 2192.881297 2203.415063 2211.704819 2223.662500 2229.836048 2234.784154 2237.250699 2232.919415 2229.250514 2225.131421 2219.321303 2208.167112 -9999.0 -9999.0 -9999.0 -9999.0 -9999.0 -9999.0 -9999.0
2162.031979 2180.850207 2201.500754 2204.776264 2193.239002 2188.343162 2185.319759 2183.697860 2179.399773 2171.078678 2166.147938 2160.952736 2158.909678 2159.184520 2159.401112 2163.518935 2174.235876 2182.315067 2187.135820 2189.852901 2192.679619 2191.774829 2191.186827 2190.993595 2188.179527 2184.796941 2181.497093 2179.762654 2180.840362 2173.344795 2167.673427 2164.068504 2161.755469 2164.414100 2166.989658 2171.005598 2180.243670 2188.127021 2195.980254 2210.457696 2222.999964 2228.186096 2225.346853 2220.254299 2216.140993 2208.814978 2198.242737 2187.992050 2179.205960 2172.484230 2166.718239 2160.240109 2166.047454 2172.911369 2182.079940
2146.407828 2165.820235 2186.317059 2189.180044 2178.830289 2171.039801 2165.270070 2165.894050 2169.221226 2166.128228 2161.663258 2155.415604 2164.955501 2166.322268 2167.475495 2170.967283 2173.669370 2178.086009 2180.824238 2186.285043 2195.322125 2198.136549 2198.670687 2198.818491 2196.968561 2193.846448 2192.039755 2189.359169 2184.221577 2182.845198 2182.875856 2182.140482 2186.682690 2188.220426 2190.630359 2184.595767 2188.554751 2194.657932 2201.380461 2207.163489 2213.290530 2216.171552 2212.546005 2212.090472 2203.342047 2189.293732 2178.589169 2170.406924 2169.397604 2165.979665 2157.674685 2143.972533 2151.250536 2166.622247 2170.859592
2152.194472 2161.492752 2172.833649 2175.797242 2171.025111 2173.096357 2175.077521 2176.709658 2175.281442 2172.290948 2169.299576 2180.918529 2189.940960 2191.756919 2194.668381 2198.746769 2199.229417 2188.148483 2186.127007 2193.963491 2203.955366 2209.423084 2209.660821 2209.478020 2206.610370 2205.599518 2205.409621 2203.545174 2203.728665 2205.793546 2204.575679 2208.398392 2214.068053 2217.356813 2210.921419 2202.169520 2203.710486 2211.755636 2220.372505 2227.634666 2237.709923 2248.355456 2247.617440 2242.162195 2232.978476 2219.558130 2196.176654 2177.314092 2165.912797 2157.797260 2150.044729 2151.109329 2146.621703 2158.710674 2159.912053
2145.184870 2164.472282 2185.305357 2192.406637 2186.796488 2182.821935 2181.259797 2182.314286 2182.229399 2184.205296 2194.951817 2207.950935 2221.093492 2223.766242 2226.192467 2225.532793 2217.468037 2207.440345 2204.484502 2218.596031 2235.297625 2243.422302 2243.506654 2240.916520 2245.842252 2245.389264 2245.008717 2241.125307 2242.636579 2242.205374 2249.868650 2257.687702 2265.396036 2263.971617 2251.816633 2239.904713 2239.085052 2243.146463 2248.188076 2254.816906 2264.595893 2273.527238 2268.121917 2261.569101 2252.489158 2224.969178 2199.582636 2183.552281 2183.153088 2182.968856 2177.691364 2174.500678 2171.875016 2165.827580 2165.113647
2187.644488 2208.196374 2228.842669 2243.552277 2238.060201 2230.818417 2222.083047 2222.922837 2224.978340 2232.258603 2244.213675 2259.481625 2282.584086 2283.959004 2285.965090 2286.784856 2275.073907 2262.660746 2252.445357 2272.686323 2283.464277 2291.305238 2290.776442 2298.155859 2307.467166 2303.621702 2296.769638 2285.828427 2292.010575 2301.223253 2316.573536 2324.209164 2329.023331 2326.164369 2313.694317 2307.427736 2307.453544 2311.669802 2310.824998 2317.086989 2326.011656 2340.399774 2338.876430 2332.347951 2310.715901 2273.257822 2240.909630 2223.793967 2231.736061 2224.666300 2217.100130 2214.485094 2201.343152 2191.709202 2192.354391
2231.670053 2247.784280 2265.509978 2283.285812 2276.895107 2267.152681 2252.797457 2251.473716 2257.723613 2268.328077 2286.958142 2307.579815 2329.656535 2333.208446 2331.540156 2341.374188 2335.259492 2325.590801 2318.086468 2334.829906 2345.920584 2356.722113 2364.375402 2377.146455 2388.233750 2375.239382 2360.890881 2353.304864 2359.804190 2382.905436 2403.190411 2408.489451 2408.870855 2409.933285 2397.723755 2392.115518 2387.204168 2384.698469 2380.144022 2376.690379 2397.959165 2416.376382 2414.783050 2391.814762 2367.880205 2329.432561 2291.049360 2262.199509 2267.873342 2263.852140 2264.170950 2250.928049 2236.624292 2224.232974 2217.365862
2299.121643 2324.780180 2343.720039 2365.616043 2361.880260 2342.613957 2331.169330 2335.380585 2349.014141 2357.170784 2374.648870 2395.437735 2424.224303 2441.046393 2456.469424 2461.623500 2453.940045 2445.510956 2433.343824 2435.481722 2456.460442 2469.194473 2479.031118 2488.793246 2501.557610 2504.632763 2500.097848 2499.310640 2503.586927 2514.461141 2526.798348 2534.035796 2538.508560 2542.060810 2533.398137 2521.966925 2518.492882 2511.307003 2506.960673 2504.688051 2511.199018 2526.440896 2522.932451 2490.490068 2462.519628 2427.295077 2388.741890 2357.525646 2345.004030 2356.727617 2349.468515 2331.408389 2315.829722 2284.909883 2273.525129
2385.292286 2420.124480 2446.729520 2460.652270 2471.904963 2462.761270 2463.205481 2467.964804 2476.447335 2481.108309 2488.847726 2521.646432 2555.689419 2583.065643 2607.053938 2615.574629 2604.633503 2595.267150 2582.886786 2574.176220 2582.354544 2598.747056 2616.295654 2631.846051 2643.385595 2646.433411 2645.165132 2645.776798 2649.073453 2652.472866 2656.780256 2664.888879 2673.233118 2685.098310 2695.033971 2686.424333 2667.293750 2656.129443 2644.335865 2640.871562 2640.145047 2640.563994 2640.146077 2626.556673 2588.325664 2556.916288 2524.323492 2499.275041 2480.945733 2472.651004 2451.615898 2426.954698 2377.181762 2337.782116 2303.950469
2490.038317 2533.598277 2563.961934 2585.444557 2600.404132 2601.116675 2604.070494 2606.591758 2612.027026 2616.463693 2621.986624 2647.545902 2690.004291 2729.420447 2760.688356 2763.043869 2751.799598 2741.317066 2732.000126 2719.671425 2716.339553 2727.104740 2740.862805 2759.489828 2770.578549 2778.243174 2774.469037 2775.206640 2778.710455 2779.811348 2782.303064 2786.042414 2795.460498 2810.121464 2823.545353 2823.384552 2806.514039 2790.325771 2773.340833 2768.093909 2763.333188 2757.234330 2757.644484 2757.821886 2744.360075 2714.020376 2672.379817 2629.364664 2606.462128 2586.688874 2572.839697 2555.235564 2519.863523 2458.060352 2421.336116
2619.187151 2652.088529 2685.300372 2717.458281 2735.057651 2740.718019 2740.348011 2741.302919 2749.154988 2754.168940 2762.341104 2777.828790 2807.222400 2840.649318 2869.682538 2886.437661 2880.914891 2865.769086 2846.148840 2838.690253 2836.801809 2839.979739 2848.436367 2859.373743 2877.290189 2895.383172 2785.616185 2786.448540 2900.864512 2786.146393 2786.945773 2787.039383 2789.136543 2795.977030 2804.590271 2807.599387 2801.734806 2902.664709 2880.076950 2866.826707 2858.798114 2854.228958 2853.069412 2855.416588 2855.645961 2840.697537 2807.874373 2764.830964 2731.664554 2711.721822 2695.041445 2676.645542 2662.581964 2633.558562 2612.056910
2745.231509 2761.840941 2790.962258 2820.118459 2842.647315 2858.749956 2861.449205 2866.223807 2871.585057 2880.582903 2896.484664 2796.846561 2812.859583 2832.722190 2856.725580 2871.190052 2876.514576 2875.654352 2872.784179 2874.215045 2874.476322 2827.253340 2832.125213 2836.962587 2849.842141 2862.096270 2865.872785 2866.364339 2865.015026 2865.976028 2866.567149 2866.578631 2866.233185 2867.570653 2871.394292 2872.848983 2871.030547 2861.548280 2873.365137 2854.778278 2842.101047 2834.303210 2826.404202 2818.167272 2808.865507 2799.887608 2904.228422 2873.716455 2838.556066 2814.619296 2803.375040 2794.572427 2784.665086 2776.925619 2758.697442
2856.898272 2869.702294 2888.553336 2911.473521 2813.848319 2834.413485 2845.145439 2853.889743 2858.426703 2871.422796 2886.444411 2874.422989 2880.714626 2887.219075 2893.673991 2895.887430 2896.513875 2896.208877 2893.890718 2893.290409 2891.197893 2887.257470 2877.258035 2878.811839 2880.563965 2883.124417 2886.754169 2885.561818 2886.590542 2889.523917 2887.894553 2882.134112 2878.301348 2876.743472 2877.512378 2884.779715 2888.092315 2888.965792 2886.600315 2885.778868 2885.018885 2882.440250 2879.217857 2874.673893 2868.857154 2878.803258 2868.330206 2842.689845 2806.671899 2897.661111 2886.002208 2883.439151 2881.654583 2877.644124 2869.975507
2849.884034 2862.550283 2876.319358 2862.194085 2878.498063 2887.158222 2891.209143 2894.609683 2897.167605 2899.392157 2896.284288 2893.108356 2888.346031 2886.930959 2885.618536 2883.214896 2883.842623 2881.935120 2877.959650 2874.170212 2866.906600 2855.772946 2844.587494 2841.476971 2845.884480 2851.220144 2855.992496 2859.883316 2863.412276 2863.877085 2858.768026 2850.675920 2843.411042 2841.670655 2848.334577 2853.964043 2859.911785 2860.697032 2859.328930 2857.071669 2857.035900 2854.141600 2854.474716 2861.225452 2875.196723 2879.144261 2883.579892 2882.919509 2870.323940 2848.123468 2851.823204 2832.392068 2837.510769 2833.140491 2822.084429
2888.403143 2890.532073 2889.331242 2887.977731 2881.854557 2875.981247 2875.256327 2879.194633 2886.104630 2887.253588 2880.296877 2871.946702 2864.944005 2857.905721 2855.717217 2854.897555 2854.502049 2854.850381 2849.621221 2841.046221 2825.506970 2814.047546 2803.002111 2797.070396 2794.091729 2798.156635 2808.711277 2819.699544 2824.522328 2816.373916 2808.423979 2797.216796 2789.243239 2789.620739 2791.163036 2800.379084 2815.864852 2822.092968 2822.817670 2816.947601 2811.314118 2804.994730 2802.347886 2808.830753 2823.758705 2839.022471 2853.576317 2862.148509 2869.571770 2876.305870 2876.899003 2878.978201 2880.121709 2878.509309 2879.773996
2882.414365 2875.700716 2868.999536 2863.916143 2857.514258 2852.145190 2850.424785 2852.560870 2854.927216 2851.222769 2844.821613 2835.543184 2824.757091 2815.229663 2808.343108 2809.311081 2811.604163 2812.995324 2806.209917 2792.070889 2899.708961 2885.110786 2869.915393 2864.688979 2858.140951 2851.043423 2860.570904 2878.570010 2885.144045 2870.220796 2860.000140 2845.625113 2839.139782 2835.948881 2837.451373 2846.971790 2868.745129 2891.379949 2893.965364 2884.720995 2875.859726 2872.798195 2871.610771 2878.683687 2897.372121 2786.091913 2800.694859 2810.526224 2815.827884 2823.598251 2832.894750 2845.522778 2859.455488 2871.073840 2877.229467
2858.213429 2850.566483 2843.037811 2835.602238 2828.834265 2823.471205 2819.321530 2817.387825 2814.097058 2808.202471 2801.993430 2914.850364 2900.003567 2884.934748 2868.272160 2862.533223 2856.731741 2856.489412 2843.831465 2833.910039 2817.109645 2800.538323 2783.187390 2769.643628 2762.705486 2755.423466 2755.387661 2769.061101 2777.383594 2766.297796 2756.491468 2745.236080 2740.390679 2737.444914 2740.106367 2750.938689 2772.053244 2791.187452 2799.905466 2793.541987 2792.223078 2793.392424 2794.023950 2802.015248 2815.987251 2835.148267 2858.901305 2879.081819 2891.263509 2900.907970 2912.529022 2791.443486 2804.580552 2818.469845 2835.767295
2828.118414 2819.736471 2810.092489 2800.729613 2791.232046 2919.905508 2911.306358 2910.506220 2901.047061 2891.612087 2868.454722 2815.113695 2791.975138 2770.603578 2752.299087 2743.812740 2733.934011 2719.511597 2709.273338 2702.660498 2700.071371 2683.845810 2662.855020 2644.438130 2638.336432 2633.661077 2618.984849 2617.569838 2618.802652 2630.063511 2623.543862 2620.647083 2621.184197 2619.081539 2621.533394 2635.110059 2645.031067 2653.043559 2660.437979 2663.871417 2674.344432 2685.469086 2695.407163 2714.025497 2727.983233 2746.254833 2769.530549 2797.463127 2815.046609 2827.455744 2840.684873 2857.571276 2876.537793 2896.767651 2921.333387
2795.333439 2917.122078 2901.071535 2884.633953 2869.665268 2856.015378 2838.834651 2837.234289 2831.116190 2817.751698 2764.175925 2719.053186 2680.215944 2659.863933 2634.483359 2619.630324 2603.299523 2568.148335 2550.701996 2546.916550 2556.831319 2550.075875 2533.968153 2520.527254 2510.824247 2501.826558 2485.469282 2470.153536 2475.408833 2491.291919 2490.174974 2491.705823 2498.294665 2497.577600 2492.494948 2493.347880 2506.738073 2513.788257 2525.120562 2541.175930 2546.725423 2560.954815 2593.107421 2608.035463 2625.141092 2646.441944 2669.953374 2697.450578 2722.538208 2739.497276 2757.666118 2779.699192 2799.809162 2823.521423 2849.353938
2872.185989 2842.371841 2819.954630 2800.279028 2778.780679 2751.727180 2728.711645 2723.303603 2713.435675 2684.345555 2628.556042 2588.134366 2560.432133 2536.416205 2511.034621 2487.318145 2451.693412 2417.143766 2395.067700 2405.975889 2414.810359 2421.574602 2408.727488 2396.689930 2386.379159 2369.539785 2352.964357 2338.144765 2348.012767 2356.460181 2371.376214 2377.020888 2380.954540 2385.752777 2384.662172 2376.571675 2375.658099 2384.358453 2394.835813 2406.794730 2425.977733 2460.455232 2486.237611 2505.429148 2527.613691 2548.950339 2572.872872 2597.868669 2622.704393 2642.232480 2663.681145 2688.159735 2712.943680 2736.417922 2763.696434
2782.825583 2752.950566 2724.201819 2698.334263 2663.435914 2617.445148 2600.074294 2588.545706 2567.517487 2521.943219 2478.255279 2449.481820 2430.786620 2405.573110 2382.264785 2353.033055 2319.635539 2295.754866 2274.883418 2283.286107 2291.727280 2307.961033 2297.639354 2288.858296 2284.353422 2268.968151 2255.274788 2239.437190 2246.042845 2257.236494 2278.286968 2283.589204 2287.521087 2296.111446 2295.407440 2291.778699 2277.674036 2285.347768 2296.267356 2310.898942 2340.857803 2364.385430 2387.936071 2410.308444 2431.192563 2455.167844 2479.757898 2504.909530 2533.178781 2555.084868 2576.525533 2600.227515 2622.878753 2642.196693 2663.867210
2658.957052 2632.481219 2609.836390 2583.745223 2542.030261 2496.454352 2455.522710 2430.976933 2382.429549 2346.388298 2319.503922 2311.461237 2296.009531 2274.172890 2253.425695 2232.573863 2208.876612 2188.447721 2163.514256 2167.951020 2182.128419 2197.658952 2196.113176 2195.179132 2192.908208 2182.787189 2169.169662 2155.489425 2159.084678 2175.383623 2192.885556 2201.978827 2209.331092 2217.064741 2217.023372 2208.573888 2199.250974 2204.445702 2219.466530 2235.914039 2254.879225 2276.256941 2297.813377 2318.741630 2341.867345 2365.445797 2389.618872 2415.977879 2444.916175 2467.702681 2493.313984 2519.981735 2540.262603 2553.240577 2566.353602
2543.925565 2522.030881 2496.948107 2468.295844 2425.155004 2383.703778 2341.522477 2296.359278 2262.229914 2231.529530 2220.030344 2202.871232 2187.461259 2171.260924 2150.451994 2132.868753 2116.587188 2094.998451 2082.061469 2088.410410 2101.452682 2110.438027 2115.592865 2113.037342 2110.359002 2104.000253 2090.124448 2083.814171 2093.204585 2108.371001 2122.415484 2133.454814 2140.286724 2145.762504 2142.882191 2134.110932 2130.182129 2138.336481 2153.788634 2167.697362 2183.307344 2204.163239 2224.867837 2246.646766 2269.440461 2291.975558 2317.045841 2342.959771 2369.657979 2397.250837 2421.376841 2443.530952 2455.377793 2467.851908 2472.903621
2409.254092 2394.897018 2368.455450 2339.562361 2308.669111 2273.346832 2246.380568 2214.255483 2183.551164 2153.773468 2127.864516 2113.607019 2105.889096 2092.220677 2074.438575 2062.484748 2046.535437 2033.850276 2037.640905 2039.340370 2048.330549 2047.414894 2048.128151 2045.429167 2044.598666 2041.602206 2033.862546 2043.932364 2050.754801 2064.514052 2074.739471 2084.302399 2090.214170 2093.951927 2094.628240 2089.633478 2094.625979 2101.014795 2114.882127 2126.122812 2140.000745 2160.008468 2176.885785 2195.873834 2218.111613 2241.076221 2265.129168 2290.951859 2319.034017 2344.177434 2363.359529 2372.081271 2383.158949 2387.875168 2380.725416
