tests/Borden05m/sims/sim_1/output-maps/psiliqL0005N0008.asc
ncols         160
nrows         34
xllcorner     620200.000000
yllcorner     5168000.000000
cellsize      0.500000
NODATA_value  -9999.0
[rows 0 to 24 of 34, columns 56 to 111 of 160]
-9999.0 -9999.0 -9999.0 -9999.0 -9999.0 -9999.0 -9999.0 -9999.0 -9999.0 -9999.0 -9999.0 -9999.0 -9999.0 -9999.0 -9999.0 -9999.0 -9999.0 -9999.0 -9999.0 -9999.0 -9999.0 -9999.0 -9999.0 -9999.0 -9999.0 -9999.0 -9999.0 -9999.0 -9999.0 -9999.0 -9999.0 -9999.0 -9999.0 -9999.0 -9999.0 -9999.0 -9999.0 -9999.0 -9999.0 -9999.0 -9999.0 -9999.0 -9999.0 -9999.0 -9999.0 -9999.0 -9999.0 -9999.0 -9999.0 -9999.0 -9999.0 -9999.0 -9999.0 -9999.0 -9999.0 -9999.0
-9999.0 -9999.0 -9999.0 -692.049925 -697.858221 -703.537569 -708.817595 -718.396376 -727.916650 -737.074426 -741.187482 -742.200521 -743.323787 -744.028889 -738.781223 -731.010973 -723.563161 -716.319942 -714.235362 -711.953618 -709.607183 -709.111249 -710.545858 -713.938819 -717.292191 -720.786123 -722.048190 -730.818977 -742.643639 -751.952447 -754.779667 -749.977953 -745.316264 -742.866384 -736.515958 -725.322527 -714.179898 -705.609773 -693.760880 -688.607330 -683.275420 -679.509648 -683.383269 -686.602336 -689.757753 -693.688038 -704.835279 -9999.0 -9999.0 -9999.0 -9999.0 -9999.0 -9999.0 -9999.0 -9999.0 -9999.0
-729.590577 -710.270283 -707.288006 -718.898136 -723.736877 -727.202325 -729.600682 -735.170466 -744.481820 -750.165766 -756.076972 -757.950654 -758.247390 -758.510415 -754.434617 -744.630030 -736.623729 -731.974253 -729.878249 -727.711367 -727.565860 -728.179107 -728.672881 -731.719449 -735.241027 -738.755156 -740.527345 -740.472156 -748.332682 -753.653341 -756.952969 -758.051608 -755.638460 -753.359134 -750.592707 -740.568080 -732.111615 -723.699887 -709.383611 -696.833029 -691.487288 -693.749309 -698.640208 -701.778356 -707.433646 -716.653442 -726.850641 -737.240624 -744.306718 -749.297594 -754.114292 -747.537931 -741.312340 -730.471779 -719.735622 -707.423233
-747.313143 -727.544785 -725.073475 -736.833712 -745.903319 -750.195249 -750.421865 -748.508353 -752.685939 -757.872065 -762.062514 -754.670135 -753.786892 -752.877293 -749.883757 -746.334460 -744.632193 -741.936110 -736.821935 -727.855399 -725.536683 -725.230625 -725.229150 -727.186209 -730.437204 -732.226205 -735.078420 -740.568783 -741.331175 -740.754787 -740.619415 -735.012747 -733.554291 -732.254479 -739.906482 -736.647925 -730.265054 -723.308136 -715.986059 -708.719859 -703.472368 -706.375127 -707.335787 -715.150811 -728.543858 -739.643482 -747.933837 -750.152224 -752.673406 -759.993238 -772.121566 -764.845376 -748.433046 -743.702678 -739.802810 -727.293706
-756.628545 -745.090691 -742.616793 -748.263485 -747.622709 -746.383411 -745.098296 -747.198829 -750.755834 -752.373078 -739.020588 -729.660011 -728.520030 -725.877809 -722.744901 -724.516079 -737.900383 -740.968339 -732.298982 -721.812877 -715.997197 -716.238089 -716.522493 -718.004201 -719.139081 -719.739917 -722.388393 -721.025805 -718.298177 -717.337545 -711.870303 -706.140761 -703.328523 -712.788374 -722.333104 -722.043393 -714.222446 -706.229625 -698.717794 -687.205117 -674.644886 -675.885405 -681.385029 -689.644601 -702.617942 -725.912758 -745.944598 -755.956327 -761.798639 -768.248861 -769.038962 -770.516090 -759.570302 -757.507447 -755.734007 -746.450609
-754.023958 -732.986556 -724.860025 -731.814000 -738.446018 -742.790173 -742.637645 -742.691858 -739.178181 -725.364539 -711.633894 -696.216304 -694.290078 -692.159832 -692.693224 -703.357027 -714.011383 -718.899649 -703.306422 -687.636282 -679.581791 -678.937710 -678.105694 -669.030658 -671.773582 -675.148005 -681.429142 -678.841166 -675.493876 -662.939990 -655.553301 -648.972002 -651.146021 -663.143288 -674.047208 -676.141744 -674.616752 -673.217895 -667.350253 -656.366396 -645.326114 -649.934785 -657.166554 -667.190063 -696.454974 -724.788310 -741.526712 -739.593943 -738.239880 -742.222100 -744.840009 -748.314977 -756.319465 -756.246992 -756.274885 -756.640411
-706.337178 -688.107229 -671.596711 -678.701289 -688.295826 -700.809577 -700.925247 -697.455913 -689.293585 -676.164191 -657.284428 -632.774136 -629.572140 -625.820967 -621.111983 -632.262887 -644.748084 -657.538856 -642.248346 -633.013172 -623.844300 -620.144977 -607.404313 -596.630378 -602.558643 -612.407028 -622.360308 -615.668911 -600.219591 -584.650112 -578.609574 -575.619422 -574.500953 -584.411040 -589.602349 -592.937205 -593.121444 -597.815270 -595.359782 -582.929817 -565.711294 -564.543364 -576.313378 -599.744334 -635.767532 -671.638215 -694.822646 -690.163961 -696.066123 -701.347881 -705.359724 -719.667864 -731.318791 -730.986589 -740.515197 -746.807499
-662.014850 -644.545650 -626.621752 -630.757291 -643.421973 -656.356090 -656.520850 -648.195872 -639.715752 -621.091198 -595.988866 -569.318293 -554.364625 -543.625455 -533.312656 -541.878963 -552.665878 -563.782021 -559.727732 -545.294260 -530.943972 -516.150335 -499.556235 -482.329071 -487.626646 -498.304941 -500.510601 -495.377402 -474.522515 -454.479157 -445.393798 -439.467887 -429.671393 -436.862710 -449.864295 -464.529872 -478.529635 -490.479773 -498.059159 -480.864370 -462.072084 -464.771091 -496.832498 -526.468023 -563.193472 -601.228386 -637.022964 -643.192480 -642.724194 -643.671164 -659.455088 -674.728772 -694.597487 -706.090801 -714.577748 -730.198088
-569.328194 -546.495676 -525.132155 -518.049121 -534.365886 -538.877449 -533.495291 -521.070691 -514.950753 -499.049277 -457.209099 -391.666953 -316.376653 -225.177246 -205.114153 -244.490216 -287.299608 -336.010614 -357.185395 -324.713633 -279.699629 -216.112917 -133.380436 -88.599414 -68.897985 -64.500399 -62.464440 -59.705372 -57.085596 -52.035946 -45.867954 -40.032536 -34.494797 -34.526967 -42.759156 -49.231940 -57.330245 -65.248129 -67.752605 -71.540314 -70.677894 -86.630765 -155.070773 -288.507267 -379.386015 -447.988111 -495.943635 -526.485463 -527.422518 -543.640143 -561.932538 -585.344427 -624.337471 -644.742320 -661.713323 -692.956589
-445.075678 -390.266202 -346.314427 -295.635639 -289.288902 -277.716328 -265.909217 -241.682325 -205.497653 -134.878647 -75.112746 -31.094992 4.155405 34.343562 44.819393 31.167277 16.600548 2.306541 -7.370929 -2.903731 17.400679 46.091589 79.055472 100.474308 109.053168 110.285121 111.738094 113.281065 115.683474 116.941645 120.150952 124.024384 128.917616 134.362871 132.708741 124.847925 118.265738 108.514272 105.431756 104.157282 97.443126 88.474427 68.216679 19.577416 -18.219032 -56.294389 -110.302470 -222.807101 -326.675848 -380.415575 -420.350059 -482.068269 -534.074332 -573.865049 -606.173521 -636.974095
-83.502224 -36.381560 -5.433290 11.574490 16.525142 19.309823 23.876463 34.279691 48.635155 71.014700 95.539002 124.620057 142.260080 154.312272 155.126579 150.680142 146.159093 141.630832 138.360486 138.055529 142.065239 147.829574 156.283620 162.323577 167.715657 167.481985 167.808416 167.656527 168.454136 168.943350 168.794802 170.549067 174.025873 177.262058 178.554490 175.474708 170.555337 165.106536 163.652657 161.740311 159.164207 157.776573 155.238568 151.528447 140.032486 120.050582 79.139580 35.113949 -0.380095 -18.960441 -38.053797 -64.480510 -139.915549 -275.055671 -378.396380 -451.237483
88.671030 117.484501 135.447359 142.753813 145.263936 144.489899 145.267774 148.499261 151.960520 157.661591 164.109949 170.153046 177.919054 186.169478 193.239271 191.815385 188.053118 181.928956 182.152946 182.678008 183.346318 185.567036 187.131703 192.419204 198.048810 199.738664 199.851513 198.441062 199.406339 199.589611 199.364959 198.688393 198.960517 200.948952 201.983063 201.994497 198.001224 192.106720 186.945524 184.276334 183.290295 182.259769 182.444945 182.340743 180.377729 172.337802 159.832768 145.832608 136.201606 129.205665 119.582511 106.004619 82.863469 45.218688 7.629262 -34.255647
155.002771 164.219055 171.749603 178.881440 183.648468 184.160940 186.243689 186.890793 190.644615 196.303100 201.895895 204.434936 209.765255 223.507990 231.157512 236.091424 238.503633 239.611073 242.725446 242.615030 240.347295 240.765675 241.538958 241.014767 243.647184 243.187985 243.545841 242.835739 243.770171 243.195315 243.851482 243.508288 241.363353 241.421988 240.859093 241.618216 239.865931 235.694164 222.945377 213.925688 209.818551 207.007003 203.562424 200.019697 197.679147 194.842406 188.191312 179.111153 170.509896 168.722715 167.526735 164.750174 161.242115 152.800556 143.885556 132.970794
187.561482 191.105718 195.999253 203.847551 210.041523 216.906541 222.775255 226.056235 235.007853 244.178405 243.493142 243.344889 242.007309 242.443702 241.471546 242.116406 241.510099 240.551287 240.235192 240.283341 235.191349 227.391582 228.760006 229.760849 231.414766 234.617564 232.477354 233.477294 235.875013 235.091574 230.060951 227.319426 225.879816 225.440772 231.991631 234.320600 235.468262 235.985934 236.231457 236.383998 236.729003 237.063125 237.004078 237.192579 233.906309 227.634344 212.847558 202.489323 191.924781 187.312306 186.090589 187.792573 186.976920 186.559216 181.845242 175.290816
230.623933 239.820345 246.019706 245.723319 244.368969 244.622191 244.892638 247.196860 245.949590 242.654585 239.448162 234.474748 233.877195 232.230654 230.268494 230.572382 229.129137 225.789414 223.958636 220.323144 212.217432 204.055813 203.656944 206.395291 209.611249 212.229687 213.590897 216.118195 218.159444 214.982669 209.014209 205.147950 204.147735 207.354957 211.201672 214.219984 214.362179 212.964285 211.856076 212.864036 211.553989 212.286316 217.315967 227.683479 233.947999 233.407817 233.790848 234.932104 235.657149 219.145417 206.191814 208.408393 206.989244 203.389237 197.034522 191.581499
238.746668 238.318837 236.281685 230.242843 224.944111 224.225388 228.026840 234.072456 236.075929 229.699527 223.203806 218.105578 213.294321 211.997428 210.657729 209.724030 210.038829 206.256479 204.580129 200.126232 197.439415 194.349138 192.722667 192.403913 194.627370 197.350282 199.475138 201.138896 199.286672 197.663162 194.719903 192.287770 193.111481 193.749500 196.480959 200.728763 200.403303 200.701883 199.349519 199.029863 197.046826 196.277571 198.365181 203.037919 207.175887 212.424192 217.644628 223.498888 228.523146 234.508724 234.061373 233.265473 232.954238 229.739880 219.255213 208.323157
224.782041 219.464161 215.872389 210.382972 205.605591 204.653251 207.840260 211.646621 210.138990 205.860452 202.578772 199.538714 196.706254 195.427712 196.281283 197.396774 198.136915 197.009277 193.232103 189.161841 186.993066 183.470417 183.885631 182.303708 179.922011 182.855973 187.985350 189.734496 184.892940 183.044160 178.955104 177.301610 176.897086 177.280583 180.056317 186.165807 192.422006 192.157026 188.807488 186.138518 185.105254 183.898333 185.615410 191.230808 196.247964 199.018066 200.567751 201.192273 203.375854 205.901936 209.190742 216.072856 223.311623 231.751118 231.341141 231.507285
206.139091 203.349128 201.457794 199.823013 198.384686 197.392876 196.991551 197.115934 195.658055 194.904419 193.996043 191.886438 189.523944 184.819474 183.911736 182.794468 184.612997 180.790633 178.759529 173.192065 170.127229 165.689903 163.088030 160.317847 155.325747 154.844057 159.695865 163.806654 157.198736 154.063641 148.868444 147.220020 146.560882 147.837389 153.087931 164.068063 172.093883 175.096224 171.975026 170.087050 169.411165 169.137266 169.857346 174.593711 180.386341 185.722120 188.741509 190.007872 191.047363 192.887087 196.169768 198.945492 201.598241 205.697235 212.800987 222.527854
198.080661 196.267001 194.833884 192.641639 189.844544 188.681428 190.294393 187.896861 187.004527 186.320038 169.584220 166.765788 160.651541 153.611307 149.181174 143.093349 140.008582 135.966992 134.639161 132.403355 127.208040 117.031654 103.934824 95.527266 80.806343 58.511627 56.821676 60.850518 64.357233 55.463264 45.941334 42.842753 41.536791 50.922695 78.904635 101.200489 115.832414 122.896709 120.746669 127.115497 131.194303 132.317036 141.226406 149.114090 157.163272 165.273008 173.301424 176.144685 178.072907 180.179158 183.647046 187.046803 189.795504 194.660389 200.436498 203.458768
192.406820 189.921860 186.788326 183.917217 180.442873 176.200160 177.529549 176.618274 175.421208 159.727630 139.471864 122.157488 106.551365 78.800397 48.661115 21.970759 -8.142528 -22.627975 -29.432127 -25.665664 -35.055312 -51.968686 -69.332955 -85.035065 -114.973569 -180.644113 -205.920052 -187.567320 -155.422048 -184.697014 -210.803891 -209.033590 -218.376525 -212.828181 -137.718477 -85.067805 -64.605523 -51.726553 -41.541828 -36.049085 -27.923831 1.627091 27.907408 65.565912 98.045345 121.604503 137.318070 148.929239 155.856374 161.756223 168.327770 172.155202 177.082939 182.114133 189.204826 192.312298
177.817781 173.104717 168.640734 162.046614 152.889163 140.493577 138.843879 134.410327 124.095320 77.048850 13.976321 -29.997179 -61.511308 -108.057679 -199.402910 -300.490115 -382.127924 -419.931821 -419.839147 -410.782569 -421.561052 -449.124802 -471.126742 -485.691426 -500.291118 -518.223512 -528.518571 -519.256808 -508.498138 -506.475585 -505.547984 -501.722454 -501.495941 -503.031541 -503.288419 -488.072846 -475.092628 -460.331559 -446.849450 -433.891253 -388.519765 -327.991494 -259.469868 -129.555725 -66.648705 -25.825569 14.529493 61.384677 93.398860 117.463963 133.627480 145.339526 154.378543 163.050589 172.303368 178.528539
156.317817 143.058862 130.170110 103.640476 53.671247 18.085339 1.099253 -12.433100 -50.338943 -121.711662 -309.662850 -401.573657 -448.535846 -484.808635 -515.568088 -548.038491 -577.867377 -597.088874 -589.814437 -582.705921 -574.137699 -587.768319 -600.793186 -607.714606 -621.869869 -635.747585 -649.157468 -640.338277 -631.486553 -617.227742 -614.485566 -611.811367 -606.314191 -608.256833 -610.306374 -615.998819 -607.113499 -598.146811 -586.520134 -561.453713 -535.645002 -509.544398 -486.255621 -459.254222 -422.356901 -369.110176 -284.098025 -135.415421 -66.434546 -26.377576 13.844511 59.999586 92.735609 116.018674 134.003240 145.334844
76.871937 33.085547 -11.506329 -68.652796 -174.605016 -322.543773 -353.708209 -414.840168 -467.904818 -524.528871 -555.293638 -576.642629 -599.951900 -620.895256 -640.901879 -666.944167 -689.506556 -711.592042 -707.010098 -694.974896 -681.198224 -690.078308 -695.073600 -698.107018 -709.751846 -723.051788 -736.539825 -732.829269 -718.576224 -702.323421 -696.744648 -691.069534 -683.839890 -683.987140 -690.162660 -698.830882 -693.658610 -681.439532 -666.813320 -645.589937 -623.939886 -603.082212 -584.205657 -562.720934 -539.268730 -514.117514 -484.284767 -448.212441 -414.816700 -361.459356 -270.545938 -129.363974 -69.904920 -36.780679 -0.404475 34.809271
-101.820093 -221.116230 -339.155771 -428.178239 -492.803759 -542.362327 -576.201382 -607.888687 -638.262558 -658.286866 -676.231584 -694.005457 -711.747283 -730.993122 -750.004958 -769.123501 -790.141887 -811.061212 -805.541929 -791.678763 -777.948179 -776.672109 -779.631746 -782.461753 -790.500020 -803.943801 -817.261976 -809.352255 -793.842317 -778.465738 -769.327677 -763.055254 -756.649517 -759.660833 -768.017419 -776.213677 -768.864734 -754.171863 -739.770542 -722.475773 -701.995698 -681.491484 -661.341026 -640.187179 -618.909391 -595.162172 -570.325823 -544.697072 -519.131987 -492.721635 -463.076581 -443.326804 -418.894573 -389.305463 -331.564149 -233.821869
-471.925005 -505.382547 -536.158189 -571.833659 -612.061145 -643.100672 -673.019217 -701.773520 -730.426799 -753.265139 -770.728692 -780.230048 -794.348679 -813.481440 -826.524376 -842.964786 -863.964400 -865.995764 -861.355283 -847.317328 -844.430039 -843.748204 -846.892195 -847.758024 -852.970540 -866.646187 -861.584697 -853.534703 -838.042982 -827.248839 -818.302956 -812.125471 -807.947998 -809.084777 -817.518939 -815.534607 -808.337472 -793.717666 -782.495317 -767.544648 -747.089235 -730.535119 -711.906411 -691.046020 -669.572785 -646.811871 -622.665386 -596.379637 -572.191230 -551.649823 -541.224564 -529.325213 -520.670069 -524.352943 -505.945808 -485.327890
