tests/Borden05m/sims/sim_1/output-maps/psiliqL0010N0017.asc
ncols         160
nrows         34
xllcorner     620200.000000
yllcorner     5168000.000000
cellsize      0.500000
NODATA_value  -9999.0
[rows 0 to 25 of 34, columns 0 to 56 of 160]
-9999.0 -9999.0 -9999.0 -9999.0 -9999.0 -9999.0 -9999.0 -9999.0 -9999.0 -9999.0 -9999.0 -9999.0 -9999.0 -9999.0 -9999.0 -9999.0 -9999.0 -9999.0 -9999.0 -9999.0 -9999.0 -9999.0 -9999.0 -9999.0 -9999.0 -9999.0 -9999.0 -9999.0 -9999.0 -9999.0 -9999.0 -9999.0 -9999.0 -9999.0 -9999.0 -9999.0 -9999.0 -9999.0 -9999.0 -9999.0 -9999.0 -9999.0 -9999.0 -9999.0 -9999.0 -9999.0 -9999.0 -9999.0 -9999.0 -9999.0 -9999.0 -9999.0 -9999.0 -9999.0 -9999.0 -9999.0 -9999.0
-9999.0 -9999.0 -9999.0 -9999.0 -9999.0 -9999.0 -9999.0 -9999.0 -9999.0 -9999.0 -9999.0 -9999.0 -9999.0 -9999.0 -9999.0 -9999.0 -9999.0 -9999.0 -9999.0 -9999.0 -9999.0 -9999.0 -9999.0 -9999.0 -9999.0 -9999.0 -9999.0 -9999.0 -9999.0 -9999.0 -9999.0 -9999.0 -9999.0 -9999.0 -9999.0 -9999.0 -9999.0 -9999.0 -9999.0 -9999.0 -9999.0 -9999.0 -9999.0 -9999.0 -9999.0 -9999.0 -9999.0 -9999.0 -9999.0 -9999.0 -9999.0 -9999.0 -9999.0 -9999.0 -9999.0 -9999.0 -9999.0
-9999.0 -9999.0 -9999.0 -9999.0 -9999.0 -9999.0 -9999.0 -9999.0 -9999.0 -9999.0 -9999.0 -9999.0 -9999.0 -9999.0 -9999.0 -9999.0 -9999.0 -9999.0 -9999.0 -9999.0 -9999.0 -9999.0 -9999.0 -9999.0 -9999.0 -9999.0 -9999.0 -9999.0 -9999.0 -9999.0 -9999.0 -9999.0 -9999.0 -9999.0 -9999.0 -9999.0 -9999.0 -9999.0 -9999.0 -9999.0 -9999.0 -9999.0 -9999.0 -9999.0 -9999.0 -9999.0 -9999.0 88.069670 70.655074 54.305255 52.452989 75.196301 98.541078 122.216338 142.715140 161.361199 180.355542
-9999.0 -9999.0 -9999.0 -9999.0 -9999.0 -9999.0 -9999.0 -9999.0 -9999.0 -9999.0 -9999.0 -9999.0 -9999.0 -9999.0 -9999.0 -9999.0 -9999.0 -9999.0 -9999.0 -9999.0 -9999.0 -9999.0 -9999.0 -9999.0 -9999.0 -9999.0 -9999.0 -9999.0 -9999.0 -9999.0 -9999.0 -9999.0 -9999.0 -9999.0 -9999.0 -9999.0 -9999.0 -9999.0 -9999.0 -9999.0 135.540135 141.401797 142.874385 132.141720 120.862920 108.929747 89.025224 71.171297 55.832640 53.083774 55.720125 61.288360 84.215564 108.587640 128.116737 145.416635 164.627548
-9999.0 -9999.0 -9999.0 -9999.0 -9999.0 -9999.0 -9999.0 -9999.0 -9999.0 -9999.0 -9999.0 -9999.0 -9999.0 -9999.0 -9999.0 -9999.0 -9999.0 -9999.0 -9999.0 -9999.0 -9999.0 -9999.0 -9999.0 -9999.0 -9999.0 -9999.0 -9999.0 -9999.0 -9999.0 -9999.0 -9999.0 -9999.0 -9999.0 -9999.0 43.493579 61.035063 79.112712 97.403349 113.985535 120.608876 126.449546 132.227696 128.177382 123.397490 112.070346 93.351619 73.723755 59.597857 57.116042 54.570062 58.977925 72.077783 88.809133 105.208613 126.185008 149.484247 158.787988
-9999.0 -9999.0 -9999.0 -9999.0 -9999.0 -9999.0 -9999.0 -9999.0 -9999.0 -9999.0 -9999.0 -9999.0 -9999.0 -9999.0 -9999.0 -9999.0 -9999.0 -9999.0 -9999.0 -9999.0 -9999.0 -9999.0 -9999.0 -9999.0 -9999.0 -9999.0 -9999.0 -9999.0 47.831393 41.902367 36.745273 35.216866 33.894209 32.704749 39.634462 51.920684 70.161451 91.669550 104.470741 111.610405 118.141000 118.916651 114.038723 111.890833 112.099947 100.406338 88.807810 77.958051 67.531137 66.308720 75.945759 89.924297 106.045769 120.924442 136.396810 148.916033 165.241583
-9999.0 -9999.0 -9999.0 -9999.0 -9999.0 -9999.0 -9999.0 -9999.0 -9999.0 -9999.0 -9999.0 -9999.0 -9999.0 -9999.0 -9999.0 -9999.0 -9999.0 -9999.0 -9999.0 -9999.0 -9999.0 -9999.0 -9999.0 18.297798 24.296090 30.787184 38.149146 39.022889 34.771797 29.082142 25.905953 24.327747 22.707952 27.119603 35.461646 49.167334 65.089248 86.771636 95.383074 101.890976 114.285047 116.657507 121.673833 125.672794 123.887525 121.226222 109.243123 100.443249 106.142524 112.393146 119.047954 126.812833 140.106204 155.935338 173.968649 195.010757 217.216034
-9999.0 -9999.0 -9999.0 -9999.0 -9999.0 -9999.0 -9999.0 -9999.0 -9999.0 -9999.0 -9999.0 -9999.0 -9999.0 -9999.0 -9999.0 -9999.0 -9999.0 -9999.0 -9999.0 -6.701358 -5.874470 -4.851876 -0.266457 0.680505 2.894932 9.895895 18.032706 20.179273 18.560948 16.950189 18.484346 21.171582 25.425202 36.927422 50.843483 65.089182 79.266738 100.216578 115.079594 129.040654 145.237301 144.126092 139.839083 137.809886 138.351834 139.040329 144.824191 148.612570 154.872123 160.831201 168.078059 177.504575 188.947199 207.983567 229.042591 250.412141 270.668545
-9999.0 -9999.0 -9999.0 -9999.0 -9999.0 -9999.0 -9999.0 -9999.0 -9999.0 -9999.0 -9999.0 -9999.0 -9999.0 -9999.0 -9999.0 -9999.0 -35.142349 -33.328489 -31.246604 -25.918909 -23.372609 -19.448658 -12.599885 -11.515650 -7.684543 -0.575619 4.409399 13.016391 20.929503 28.309424 34.317251 37.096891 44.881024 54.698341 66.784895 82.560402 104.598174 127.646121 144.221298 161.231506 178.384892 179.040858 178.095054 179.427005 180.506456 188.559382 207.264837 214.226210 217.988810 237.154455 252.366150 258.640052 267.022418 286.575982 311.912140 339.377510 372.622112
-9999.0 -9999.0 -9999.0 -9999.0 -9999.0 -9999.0 -9999.0 -9999.0 -9999.0 -9999.0 -9999.0 -9999.0 -9999.0 -79.962336 -75.847659 -66.645476 -58.272128 -56.037774 -52.098463 -46.369536 -34.240648 -30.720104 -24.501516 -16.876790 -5.352470 3.211214 12.491216 24.375971 32.963767 40.345736 47.659610 54.284538 68.199600 83.914597 100.214653 120.930299 143.155671 164.718597 186.365885 202.421704 217.271423 221.084160 220.078034 222.524608 231.396542 250.520861 271.072916 284.315903 306.877090 332.287106 348.168502 362.381713 372.835964 387.199680 409.921017 447.716589 486.320831
-9999.0 -9999.0 -9999.0 -9999.0 -9999.0 -9999.0 -9999.0 -9999.0 -9999.0 -9999.0 -114.548518 -112.047710 -115.523547 -115.023657 -110.354419 -98.524869 -85.317439 -78.548684 -67.315049 -46.743569 -29.480236 -25.946399 -11.129242 -1.049609 5.660782 16.454232 29.779833 42.994835 60.514634 73.559202 86.460465 107.445033 124.531126 141.605841 160.011313 180.750561 202.568988 233.651875 262.546871 278.120768 303.509058 318.326228 316.420796 317.581805 327.116943 346.308749 371.937788 400.542933 425.880960 454.662113 476.283131 492.339711 504.519340 518.396892 535.250302 569.008294 609.033680
-9999.0 -9999.0 -9999.0 -9999.0 -9999.0 -9999.0 -9999.0 -9999.0 -138.592122 -131.700579 -125.480988 -128.546872 -133.262567 -136.684183 -123.588263 -107.859839 -91.974691 -74.897269 -58.959319 -41.010652 -25.359557 -8.681836 10.917033 22.939573 35.014158 50.518997 64.585557 82.815402 104.777564 119.833985 139.316116 162.199719 182.691609 201.998753 221.913495 241.917656 272.152246 308.885265 344.164881 371.463026 402.170942 428.904578 430.801021 435.363530 441.725133 469.854519 502.113065 534.894587 563.661300 593.136632 623.367652 641.150158 652.312607 665.417973 681.158352 698.329920 724.233654
-9999.0 -9999.0 -9999.0 -9999.0 -9999.0 -9999.0 -164.530987 -140.462017 -125.724957 -133.568588 -142.112303 -145.508692 -149.107819 -128.973059 -107.580429 -90.717638 -74.032137 -56.637386 -40.196859 -25.643036 9.482191 26.559236 41.838150 61.693777 76.362783 91.103957 109.177105 133.644509 157.694873 191.245987 222.131644 250.573067 279.456850 301.686279 322.873801 344.759999 379.748436 420.717232 460.657178 493.117968 522.729553 553.860535 563.866487 570.906544 579.848183 599.859382 630.776885 661.405020 695.794814 728.267353 754.100001 766.060662 776.500040 787.938956 801.505868 814.592014 829.000517
-9999.0 -9999.0 -9999.0 -9999.0 -197.849341 -176.960083 -156.543869 -125.792978 -103.254504 -108.566402 -101.388948 -100.874862 -102.204006 -99.351058 -93.277543 -75.317272 -57.354351 -39.140556 -20.319393 17.269224 60.149130 77.382623 104.541171 137.675777 152.638040 168.665759 185.553492 210.250069 241.252225 278.937629 328.723017 371.776765 401.745953 428.071564 451.801973 477.219683 512.346053 551.396520 589.276678 624.503007 655.224617 680.581685 694.958474 703.564405 715.503999 731.017457 751.376507 778.086136 808.169791 840.067164 865.381506 880.013525 888.198630 898.635988 909.750299 922.836536 935.923592
-9999.0 -9999.0 -9999.0 -245.240364 -206.762512 -169.744310 -142.347415 -111.407206 -79.703047 -73.625074 -65.058562 -58.750778 -52.292994 -43.202469 -33.256777 -16.571183 -1.800453 11.971390 33.748969 71.353654 108.586912 143.330533 177.695872 209.296939 233.613147 251.239303 270.472481 297.124227 340.068696 383.101223 438.044659 494.857998 534.888825 561.642893 583.874318 610.924899 635.746987 670.740160 705.194295 737.598291 768.668285 793.436376 813.333302 821.971479 830.994152 839.908423 856.932433 878.170922 899.803440 928.230378 955.971729 978.421981 991.207919 1000.203509 1015.280442 1030.407384 1042.432578
-9999.0 -9999.0 -291.767724 -254.692701 -219.606106 -168.149822 -115.508312 -81.781180 -40.813800 -15.650230 -8.164000 10.645144 28.008860 36.802120 54.018179 71.887603 86.737344 91.615622 106.356582 142.374662 197.605745 249.127111 281.973256 339.480334 375.105302 401.432580 418.295220 445.897953 481.744609 527.490158 578.587177 629.202478 669.197433 700.954813 716.967258 735.281210 758.042727 780.674947 812.538269 841.170535 870.490389 895.820839 918.026423 927.327466 932.689711 947.333313 969.627123 992.917910 1015.148277 1036.410581 1046.615446 1053.628924 1057.025903 1059.265814 1062.277490 1064.476666 1065.648778
-9999.0 -9999.0 -317.064871 -272.897419 -230.470096 -160.879810 -84.253746 -46.406106 -2.925160 42.337436 62.154723 87.049730 105.491281 122.602053 147.378709 171.843021 179.532671 184.695979 185.966315 243.391775 306.116898 370.111722 435.642964 499.596963 541.804126 554.687014 564.696103 584.775484 610.992259 655.985848 706.964992 759.486335 803.562458 833.989811 849.734234 866.335028 886.083672 904.440478 922.443995 957.489390 980.544380 1003.416046 1027.738085 1047.147599 1054.878440 1057.070139 1051.743487 1057.301457 1061.125421 1062.919954 1063.481470 1060.382207 1059.768454 1060.680686 1061.858689 1056.976820 1050.218251
-9999.0 -404.037842 -352.050500 -297.900845 -227.382587 -158.000521 -71.915497 9.454528 62.036940 106.712108 136.969183 156.798132 208.075433 257.383181 285.530779 315.284586 316.024614 317.915208 311.491054 359.329136 417.065108 503.381590 615.805270 669.608967 704.254660 706.229096 702.060749 715.962440 742.059477 784.993546 849.233247 895.368128 944.031390 980.029189 993.479902 999.173041 1015.349674 1034.035462 1035.447511 1049.292255 1055.630648 1061.038702 1061.126882 1062.733292 1063.595002 1063.663571 1060.468909 1054.099796 1045.979840 1039.673052 1034.964476 1029.908990 1031.846829 1035.145076 1036.059600 1028.837571 1020.080814
-9999.0 -438.368804 -378.057257 -305.448436 -233.181741 -157.129052 -45.658724 87.425411 137.323735 174.664219 205.437511 248.162798 334.977459 403.795617 441.072234 483.320263 480.638440 471.287196 467.612483 504.505742 559.901305 635.354870 762.673747 840.205015 853.989110 861.923300 868.323517 892.242530 925.764393 959.751163 992.166766 1008.517081 1028.627521 1038.919369 1043.003484 1045.170696 1048.245244 1049.488763 1047.905851 1045.165785 1041.315625 1042.108457 1046.359868 1046.352658 1043.369320 1039.647416 1033.334702 1024.786893 1017.682298 1011.010822 1006.567560 1002.390173 1000.181782 1000.179215 995.804601 989.570510 979.563248
-9999.0 -463.599726 -393.874988 -328.277838 -255.626574 -131.751495 -7.782091 124.059283 216.433242 257.826384 302.679743 387.617118 486.102171 574.137305 621.619305 645.709351 653.784224 643.690258 657.302819 704.257895 769.591279 850.976205 921.101990 982.877197 989.065682 987.232623 974.142971 981.786821 991.443838 998.389660 1007.004758 1016.116980 1027.075764 1033.374156 1034.234124 1032.353713 1028.476674 1021.469269 1017.134651 1014.424427 1011.283485 1011.277454 1014.195860 1014.719162 1011.187317 1005.577384 999.396735 992.134747 984.349936 975.864332 970.424966 965.369760 962.440597 957.432679 952.450324 945.965360 932.020282
-9999.0 -553.047548 -468.170969 -407.090915 -275.394004 -107.541717 18.061796 173.201313 314.601867 365.720590 455.487517 565.230691 659.499210 724.221867 763.795948 804.108488 831.974379 857.576223 892.651650 886.158265 937.762643 981.524109 998.501648 1004.627340 998.079899 993.854248 983.554359 964.930183 957.254054 955.383402 963.528367 977.679417 989.301581 998.543038 997.977590 998.099422 997.416759 993.832093 990.380655 982.623856 975.251621 969.921720 968.541098 973.334294 967.293306 962.278345 954.961449 945.881255 936.142755 927.155953 918.524195 911.000137 907.472078 901.403377 899.415189 891.300464 864.440725
-9999.0 -634.008906 -555.273632 -453.191935 -303.195129 -138.721735 6.071264 179.532798 379.243624 491.878730 599.654324 660.289611 728.096001 789.363307 849.516083 888.155764 909.056302 918.224599 918.476749 929.257458 908.821198 909.578702 928.569657 951.604694 958.441741 957.493342 946.269271 934.992474 929.717811 932.061372 935.624649 939.966799 943.453152 944.581763 942.590108 943.949407 947.730239 941.877511 934.079778 926.566897 919.695890 911.805207 906.368666 902.952763 900.493225 899.013855 890.702404 879.661723 868.515871 859.661164 851.225937 844.783777 841.898387 836.741708 829.357896 817.641213 790.391284
-9999.0 -723.216774 -606.858537 -504.996163 -370.959043 -230.264017 -93.423476 77.643781 239.504927 454.279489 618.780292 687.236094 720.261600 768.077329 825.655177 884.071524 889.651508 862.516843 837.276971 827.527277 835.692386 849.400495 865.303024 884.742080 898.370379 904.178820 903.108967 894.781001 882.583672 876.463916 874.066241 868.732670 865.248053 866.326215 866.719580 872.739965 875.189091 866.146628 853.826114 838.871832 825.693411 815.700718 812.434998 812.953657 812.093201 808.157327 800.632593 790.000372 777.374131 765.721168 757.565963 751.617310 744.869602 735.486691 724.963151 712.987777 687.479806
-9999.0 -9999.0 -677.605251 -565.085200 -449.915998 -321.240313 -193.662217 -37.753528 120.240059 310.920126 431.500022 539.998832 600.058294 642.142376 692.537370 741.620503 755.296711 769.242222 750.580160 754.774289 762.853889 771.079700 782.604579 794.860419 806.647210 814.336393 819.634220 817.466382 809.092478 794.719123 778.312539 766.336134 759.739672 754.696625 763.261737 773.929639 771.680143 765.108203 753.630352 738.496294 725.667490 712.399742 708.480319 708.642727 708.193669 704.813206 699.533642 686.706270 673.707294 661.231214 655.113616 648.724633 642.674245 631.651505 619.928570 606.575865 583.158293
-9999.0 -9999.0 -760.116671 -648.934885 -528.350724 -401.576113 -293.490657 -191.196281 -30.616802 93.186918 198.079797 291.964131 368.377073 427.371661 471.713322 527.935015 560.355645 574.226195 586.876516 608.769138 632.504984 656.553918 672.983082 685.852569 698.784105 710.160001 718.256887 707.833537 697.709390 682.544072 663.567807 643.080654 632.563815 628.448141 631.857453 637.983103 632.873874 623.189262 609.071486 593.009554 579.752255 567.563075 563.086063 560.142441 558.792591 555.599468 551.795784 542.216173 529.991817 521.177046 512.686523 505.838929 501.891683 493.904912 483.481558 475.533156 456.234218
-9999.0 -9999.0 -9999.0 -719.866707 -622.611353 -539.217173 -441.158434 -366.089016 -273.764807 -159.399386 -53.049057 51.401029 117.966696 172.036974 224.497119 274.199715 311.797271 336.386159 359.925350 414.657051 449.075500 489.172732 524.084316 541.422036 556.736868 572.023672 575.608242 566.885828 557.627869 542.492447 519.967571 497.384788 485.777990 487.641673 486.668624 487.190656 481.075149 475.986146 464.629767 451.275068 437.336232 427.949634 423.049776 417.591121 413.461629 408.975456 404.585359 397.978116 388.998553 379.378267 372.250236 368.738165 364.448758 359.089232 351.379034 342.472555 330.250737
