tests/Borden05m/sims/sim_1/output-maps/psiliqL0028N0009.asc
ncols         160
nrows         34
xllcorner     620200.000000
yllcorner     5168000.000000
cellsize      0.500000
NODATA_value  -9999.0
[rows 0 to 24 of 34, columns 0 to 54 of 160]
-9999.0 -9999.0 -9999.0 -9999.0 -9999.0 -9999.0 -9999.0 -9999.0 -9999.0 -9999.0 -9999.0 -9999.0 -9999.0 -9999.0 -9999.0 -9999.0 -9999.0 -9999.0 -9999.0 -9999.0 -9999.0 -9999.0 -9999.0 -9999.0 -9999.0 -9999.0 -9999.0 -9999.0 -9999.0 -9999.0 -9999.0 -9999.0 -9999.0 -9999.0 -9999.0 -9999.0 -9999.0 -9999.0 -9999.0 -9999.0 -9999.0 -9999.0 -9999.0 -9999.0 -9999.0 -9999.0 -9999.0 -9999.0 -9999.0 -9999.0 -9999.0 -9999.0 -9999.0 -9999.0 -9999.0
-9999.0 -9999.0 -9999.0 -9999.0 -9999.0 -9999.0 -9999.0 -9999.0 -9999.0 -9999.0 -9999.0 -9999.0 -9999.0 -9999.0 -9999.0 -9999.0 -9999.0 -9999.0 -9999.0 -9999.0 -9999.0 -9999.0 -9999.0 -9999.0 -9999.0 -9999.0 -9999.0 -9999.0 -9999.0 -9999.0 -9999.0 -9999.0 -9999.0 -9999.0 -9999.0 -9999.0 -9999.0 -9999.0 -9999.0 -9999.0 -9999.0 -9999.0 -9999.0 -9999.0 -9999.0 -9999.0 -9999.0 -9999.0 -9999.0 -9999.0 -9999.0 -9999.0 -9999.0 -9999.0 -9999.0
-9999.0 -9999.0 -9999.0 -9999.0 -9999.0 -9999.0 -9999.0 -9999.0 -9999.0 -9999.0 -9999.0 -9999.0 -9999.0 -9999.0 -9999.0 -9999.0 -9999.0 -9999.0 -9999.0 -9999.0 -9999.0 -9999.0 -9999.0 -9999.0 -9999.0 -9999.0 -9999.0 -9999.0 -9999.0 -9999.0 -9999.0 -9999.0 -9999.0 -9999.0 -9999.0 -9999.0 -9999.0 -9999.0 -9999.0 -9999.0 -9999.0 -9999.0 -9999.0 -9999.0 -9999.0 -9999.0 -9999.0 3672.640892 3655.463249 3642.394596 3637.132243 3657.738988 3680.579677 3704.226390 3724.573569
-9999.0 -9999.0 -9999.0 -9999.0 -9999.0 -9999.0 -9999.0 -9999.0 -9999.0 -9999.0 -9999.0 -9999.0 -9999.0 -9999.0 -9999.0 -9999.0 -9999.0 -9999.0 -9999.0 -9999.0 -9999.0 -9999.0 -9999.0 -9999.0 -9999.0 -9999.0 -9999.0 -9999.0 -9999.0 -9999.0 -9999.0 -9999.0 -9999.0 -9999.0 -9999.0 -9999.0 -9999.0 -9999.0 -9999.0 -9999.0 3724.089170 3729.926935 3729.294895 3719.419372 3707.917804 3693.786353 3672.935397 3655.808750 3642.978006 3641.044540 3643.263421 3645.261939 3665.329332 3690.674015 3710.437599
-9999.0 -9999.0 -9999.0 -9999.0 -9999.0 -9999.0 -9999.0 -9999.0 -9999.0 -9999.0 -9999.0 -9999.0 -9999.0 -9999.0 -9999.0 -9999.0 -9999.0 -9999.0 -9999.0 -9999.0 -9999.0 -9999.0 -9999.0 -9999.0 -9999.0 -9999.0 -9999.0 -9999.0 -9999.0 -9999.0 -9999.0 -9999.0 -9999.0 -9999.0 3632.103881 3648.805099 3666.525218 3684.943350 3701.804857 3708.794648 3714.530338 3719.662114 3714.735098 3710.151624 3698.153260 3676.516116 3657.056071 3644.319484 3643.406513 3640.784712 3643.933029 3654.918543 3671.216509 3685.695099 3705.857914
-9999.0 -9999.0 -9999.0 -9999.0 -9999.0 -9999.0 -9999.0 -9999.0 -9999.0 -9999.0 -9999.0 -9999.0 -9999.0 -9999.0 -9999.0 -9999.0 -9999.0 -9999.0 -9999.0 -9999.0 -9999.0 -9999.0 -9999.0 -9999.0 -9999.0 -9999.0 -9999.0 -9999.0 3638.680055 3632.600378 3627.645254 3625.832784 3624.122272 3622.989898 3629.429318 3640.136386 3656.730754 3678.661064 3691.791266 3698.854307 3705.586432 3705.612441 3699.262783 3697.302964 3697.507894 3684.350967 3671.617430 3659.676839 3647.954791 3644.162336 3652.562019 3666.472874 3682.325328 3696.472270 3711.317744
-9999.0 -9999.0 -9999.0 -9999.0 -9999.0 -9999.0 -9999.0 -9999.0 -9999.0 -9999.0 -9999.0 -9999.0 -9999.0 -9999.0 -9999.0 -9999.0 -9999.0 -9999.0 -9999.0 -9999.0 -9999.0 -9999.0 -9999.0 3609.217961 3613.821600 3620.146434 3627.638970 3628.393635 3625.057508 3619.504284 3616.638483 3614.942529 3612.239975 3616.468187 3622.909182 3635.355442 3650.104676 3672.095889 3679.880267 3683.399153 3694.174176 3697.668538 3705.490187 3708.913816 3706.531178 3701.749627 3685.910868 3673.418651 3674.526585 3677.672046 3684.032136 3691.938302 3704.942684 3717.837763 3732.214539
-9999.0 -9999.0 -9999.0 -9999.0 -9999.0 -9999.0 -9999.0 -9999.0 -9999.0 -9999.0 -9999.0 -9999.0 -9999.0 -9999.0 -9999.0 -9999.0 -9999.0 -9999.0 -9999.0 3585.042288 3586.021486 3587.443105 3592.166641 3592.296412 3593.766030 3600.210178 3607.877461 3610.563475 3607.915993 3606.662303 3607.527016 3609.616477 3613.665935 3623.382518 3636.058554 3649.257081 3661.143633 3681.033430 3694.609123 3705.912304 3720.274510 3720.288715 3716.133979 3713.862453 3713.014134 3710.378664 3707.040466 3704.736790 3710.222786 3709.480186 3711.771350 3720.190464 3731.590564 3747.064477 3763.452428
-9999.0 -9999.0 -9999.0 -9999.0 -9999.0 -9999.0 -9999.0 -9999.0 -9999.0 -9999.0 -9999.0 -9999.0 -9999.0 -9999.0 -9999.0 -9999.0 3556.083803 3557.708660 3559.948262 3565.322853 3568.990079 3572.677654 3579.374552 3580.613283 3583.526492 3590.077574 3593.872169 3602.653710 3610.443776 3616.732343 3621.719375 3623.174974 3628.497661 3636.534088 3646.721459 3659.156423 3677.774477 3700.272903 3714.744335 3730.320337 3746.531486 3746.117727 3743.352552 3742.530535 3739.814887 3739.410997 3752.308027 3754.166840 3746.949636 3754.588984 3765.109106 3766.719209 3772.732819 3791.813099 3812.995973
-9999.0 -9999.0 -9999.0 -9999.0 -9999.0 -9999.0 -9999.0 -9999.0 -9999.0 -9999.0 -9999.0 -9999.0 -9999.0 3506.294280 3510.045743 3520.170239 3531.876812 3534.772291 3539.568670 3546.080125 3557.795319 3560.964189 3566.351963 3572.829643 3584.924519 3592.739343 3600.526200 3611.214385 3618.042333 3623.759596 3628.790164 3629.929228 3639.774228 3652.196342 3664.941633 3682.491229 3703.059024 3719.843453 3736.369987 3751.655103 3761.836534 3757.402140 3755.641990 3756.755874 3759.966853 3771.248644 3786.411736 3784.524676 3791.866505 3811.044466 3819.906833 3825.732142 3830.712363 3843.988492 3864.983216
-9999.0 -9999.0 -9999.0 -9999.0 -9999.0 -9999.0 -9999.0 -9999.0 -9999.0 -9999.0 3480.968264 3482.065277 3477.956023 3474.422778 3479.996267 3492.016879 3506.344543 3511.238292 3522.849682 3543.779982 3562.055849 3564.310011 3576.674101 3585.998959 3591.635715 3600.036714 3611.398335 3621.785896 3635.303901 3645.147961 3651.782107 3665.876603 3679.793634 3694.136049 3709.551668 3728.348919 3742.401188 3763.943119 3787.165330 3793.978376 3808.946927 3809.556199 3804.389138 3801.395231 3809.778172 3819.201701 3832.005089 3845.530070 3862.586932 3883.101591 3891.573562 3903.555176 3911.753532 3921.282780 3936.091755
-9999.0 -9999.0 -9999.0 -9999.0 -9999.0 -9999.0 -9999.0 -9999.0 3456.641797 3464.645452 3469.498183 3465.705820 3460.694809 3453.910725 3468.187566 3482.905696 3498.005698 3515.753595 3530.441559 3547.870964 3560.560095 3573.930481 3592.917698 3602.149546 3611.064672 3624.421825 3635.651218 3648.376852 3666.943638 3672.368586 3680.934154 3698.347255 3711.940979 3726.978584 3743.437082 3758.138430 3776.152722 3804.542255 3831.811065 3846.045616 3870.749276 3886.205956 3879.227192 3876.323081 3876.593386 3898.449134 3923.360923 3951.358531 3968.659420 3990.860008 4018.305450 4037.000688 4045.921096 4056.716847 4070.283687
-9999.0 -9999.0 -9999.0 -9999.0 -9999.0 -9999.0 3428.268027 3452.370819 3467.152247 3457.890942 3442.400045 3436.338131 3429.112262 3460.512275 3482.186901 3498.674194 3514.376037 3530.855500 3545.918510 3552.457463 3580.193826 3598.536414 3608.604345 3619.706224 3632.627800 3645.480562 3659.950990 3679.389888 3694.775832 3714.146896 3727.486848 3741.521465 3763.438531 3779.153927 3794.611846 3806.550266 3832.608308 3865.992006 3899.450598 3922.610178 3946.094498 3977.092626 3975.658755 3976.801762 3977.596090 4001.303910 4034.938853 4064.258135 4095.504727 4125.590927 4153.847042 4164.135857 4172.929881 4182.662796 4195.084606
-9999.0 -9999.0 -9999.0 -9999.0 3396.677967 3417.158343 3435.071484 3464.451057 3485.679754 3480.014486 3483.261000 3480.118389 3474.425378 3478.734452 3486.094464 3502.094327 3520.133150 3538.535242 3551.060584 3575.798824 3621.667805 3630.752375 3645.502354 3673.169941 3682.422382 3694.853220 3708.957274 3727.795076 3744.055947 3769.348699 3801.322314 3828.445911 3848.372822 3866.357227 3884.442490 3900.122807 3934.607372 3970.878337 4005.861637 4036.658603 4062.930665 4088.696216 4094.642434 4099.219777 4108.976823 4125.999338 4148.679663 4176.144725 4209.862976 4241.887196 4264.967186 4273.634723 4278.654226 4288.129546 4295.459962
-9999.0 -9999.0 -9999.0 3341.977563 3380.854292 3420.343728 3445.141939 3474.528874 3506.101579 3504.452089 3512.186122 3510.362976 3507.497788 3511.413336 3512.756698 3527.919721 3545.014931 3564.059192 3584.105783 3615.992599 3643.196395 3658.276770 3684.307686 3697.967015 3708.940751 3720.348118 3737.775263 3756.366595 3791.341867 3819.469690 3864.249001 3913.905638 3945.114412 3963.748854 3985.890523 4013.161393 4038.150152 4076.929892 4110.727128 4142.612966 4172.651934 4194.565282 4208.458589 4212.900950 4222.560902 4228.148653 4240.438947 4261.354475 4283.700666 4314.490268 4343.787797 4372.982530 4388.368227 4399.562468 4416.790767
-9999.0 -9999.0 3293.460425 3333.077238 3363.633685 3409.270830 3461.658024 3496.110751 3534.427848 3551.699548 3553.449549 3562.165042 3570.951768 3570.127324 3576.980069 3587.997650 3609.562105 3617.804611 3637.643415 3650.596004 3685.338350 3716.984759 3709.266825 3745.314573 3774.319667 3806.799375 3827.924974 3854.043930 3891.590538 3924.361895 3968.057126 4017.734234 4051.561224 4079.127738 4095.004482 4115.336407 4135.529586 4162.089339 4199.019665 4224.491561 4258.276180 4283.679974 4303.152791 4303.529647 4306.150700 4322.361937 4350.997111 4382.240780 4411.522421 4440.949499 4423.919691 4448.412589 4459.367147 4465.478963 4475.088905
-9999.0 -9999.0 3262.523735 3309.135145 3342.365289 3398.450006 3485.309243 3518.318959 3557.005437 3601.537409 3613.720975 3633.782237 3624.331555 3609.666930 3625.744386 3638.161082 3658.979205 3666.016397 3658.931582 3710.025341 3761.284382 3782.134594 3783.437610 3860.883209 3913.594722 3938.527731 3955.594958 3975.773248 3995.046007 4032.922199 4071.328389 4125.940037 4167.083064 4196.944666 4211.485904 4231.788933 4251.384347 4266.384156 4286.090572 4333.544996 4369.838370 4401.140166 4433.541579 4455.056350 4463.299102 4468.564182 4441.646482 4462.136345 4476.031709 4482.024693 4484.433707 4480.608654 4480.062842 4480.910004 4481.832897
-9999.0 3168.378576 3220.768648 3270.526348 3333.694998 3393.436224 3466.235066 3539.578941 3606.313212 3658.306347 3682.264617 3672.092896 3666.446029 3688.672899 3706.581006 3721.178944 3726.586026 3737.098507 3716.896838 3770.519912 3805.474457 3851.543889 3949.509794 4007.993032 4073.249562 4068.788672 4056.633142 4060.954096 4076.273362 4123.112682 4203.384365 4260.645313 4327.847234 4377.852093 4395.349007 4403.113473 4422.119362 4443.175016 4387.520601 4433.085592 4454.134442 4471.698060 4481.861557 4484.282381 4485.634424 4485.382653 4481.645171 4474.540631 4466.300840 4460.406842 4456.140666 4451.637530 4454.078866 4457.415246 4457.512241
-9999.0 3129.342593 3186.145123 3253.663376 3319.974196 3362.920800 3441.312896 3610.224416 3673.241388 3710.538562 3712.959489 3681.548469 3736.064436 3794.637481 3817.482913 3862.561325 3845.706797 3830.123741 3790.099783 3814.411732 3851.781454 3922.378581 4096.971113 4186.340181 4241.472794 4249.379779 4249.715385 4278.436753 4323.695790 4372.655118 4420.212545 4385.483107 4437.928231 4463.827677 4469.239817 4469.997400 4475.808483 4474.246938 4472.939721 4468.424724 4463.213555 4463.389658 4468.103964 4467.959925 4464.961854 4461.517831 4455.776019 4448.356265 4443.192970 4438.556165 4435.908352 4433.089194 4431.063128 4430.192815 4425.217372
-9999.0 3086.748375 3162.035356 3218.887555 3260.995611 3347.238586 3477.252246 3621.962722 3718.191075 3751.075857 3721.219090 3750.974774 3853.974799 3961.696194 4014.254264 4034.951729 4013.102042 3961.206171 3938.212860 3981.909255 4053.490236 4177.435433 4323.059187 4425.919038 4441.851565 4445.460964 4394.276316 4421.817064 4447.343846 4450.373034 4451.571633 4460.244187 4465.377752 4468.403299 4466.806922 4463.906389 4459.058354 4450.804964 4446.017376 4442.270318 4438.452210 4437.187709 4439.104914 4441.049276 4438.178351 4434.257169 4429.770660 4424.195363 4417.839981 4411.028969 4406.628377 4402.303064 4400.135161 4394.430649 4390.974532
-9999.0 2959.251260 3056.115917 3093.308862 3159.105610 3349.651881 3478.625355 3616.436010 3784.135858 3801.280282 3841.795796 3984.226877 4105.926886 4187.785026 4215.481076 4248.218438 4272.674179 4288.071118 4325.620797 4195.632292 4280.087401 4383.994590 4432.016899 4452.841113 4464.133234 4464.531362 4454.431728 4433.397659 4422.607492 4415.845101 4417.458011 4424.770918 4429.351204 4434.060221 4431.730526 4432.884315 4434.160347 4430.979592 4426.905981 4418.078010 4410.169524 4403.307893 4399.807943 4404.423245 4399.786372 4397.520798 4391.245290 4382.676976 4373.612727 4366.213264 4358.130902 4351.515631 4349.298263 4344.289967 4343.065588
-9999.0 2878.314340 2949.531003 3001.507142 3105.732972 3268.415722 3356.341406 3511.606024 3757.698157 3897.131281 4067.561691 4162.018025 4232.755291 4272.728504 4322.075840 4375.646486 4403.591905 4416.160269 4382.856857 4407.312563 4363.328329 4352.068753 4370.019966 4399.930997 4417.879288 4422.092213 4414.356957 4405.408649 4398.124234 4397.000954 4394.699196 4390.234858 4385.738170 4381.926655 4378.787381 4381.930026 4387.379870 4380.083407 4369.502565 4359.807954 4351.077456 4341.675038 4335.623325 4330.741534 4331.324931 4331.632522 4323.903104 4313.299987 4302.301545 4293.902599 4286.685890 4282.265060 4279.477460 4274.398255 4264.353841
-9999.0 2763.328511 2888.233951 2960.005771 3046.346311 3172.078141 3270.188971 3418.281629 3543.821642 3792.555227 3931.302610 4138.198475 4190.091043 4262.553784 4309.026249 4384.091249 4378.842193 4347.601445 4303.217043 4287.275209 4299.754625 4309.109521 4317.061472 4331.177091 4349.150008 4359.528021 4365.068228 4359.299314 4345.009923 4332.096949 4320.343111 4306.080619 4296.325183 4293.641431 4298.181135 4308.633203 4308.894247 4299.522506 4285.165677 4266.529022 4250.615198 4238.569438 4236.665492 4239.629640 4240.851728 4236.644809 4230.904952 4219.993218 4207.259664 4194.608615 4189.067809 4184.779983 4177.155572 4165.583184 4153.416782
-9999.0 -9999.0 2799.666715 2906.644148 2994.239425 3100.782405 3182.457325 3293.432048 3430.313140 3599.194924 3715.511969 3904.353592 4003.883087 4048.507258 4080.863291 4137.653114 4164.661796 4198.446148 4194.932119 4208.298777 4219.167839 4224.850987 4229.890403 4235.128672 4245.502511 4255.499010 4266.252816 4263.416287 4254.659283 4233.622049 4207.084720 4186.392762 4175.621175 4165.995202 4178.549797 4191.292523 4185.371153 4178.381814 4165.568507 4149.195055 4136.619934 4122.225351 4118.774613 4118.601944 4119.243256 4116.973425 4114.682008 4102.195017 4089.911273 4080.204677 4076.305853 4070.658703 4067.245825 4057.456769 4046.852709
-9999.0 -9999.0 2721.283229 2812.307396 2909.971341 3022.570363 3100.962852 3100.563069 3231.587822 3331.390283 3439.147607 3552.639336 3652.173852 3722.192953 3753.826554 3816.896228 3876.080983 3895.409939 3939.307751 3997.527809 4033.595357 4075.241678 4099.390517 4108.695418 4121.256331 4136.083519 4143.493612 4127.765841 4116.436814 4099.228802 4075.394049 4048.093024 4034.289527 4034.272445 4032.816564 4033.799200 4025.853141 4016.939562 4002.385362 3988.636672 3976.495044 3967.894272 3964.348472 3958.406646 3955.932565 3953.188478 3951.653568 3946.830230 3938.932790 3934.729238 3926.460148 3922.986208 3922.436367 3919.820431 3914.474168
