tests/Borden05m/sims/sim_1/output-maps/psiliqL0012N0009.asc
ncols         160
nrows         34
xllcorner     620200.000000
yllcorner     5168000.000000
cellsize      0.500000
NODATA_value  -9999.0
[rows 0 to 24 of 34, columns 0 to 55 of 160]
-9999.0 -9999.0 -9999.0 -9999.0 -9999.0 -9999.0 -9999.0 -9999.0 -9999.0 -9999.0 -9999.0 -9999.0 -9999.0 -9999.0 -9999.0 -9999.0 -9999.0 -9999.0 -9999.0 -9999.0 -9999.0 -9999.0 -9999.0 -9999.0 -9999.0 -9999.0 -9999.0 -9999.0 -9999.0 -9999.0 -9999.0 -9999.0 -9999.0 -9999.0 -9999.0 -9999.0 -9999.0 -9999.0 -9999.0 -9999.0 -9999.0 -9999.0 -9999.0 -9999.0 -9999.0 -9999.0 -9999.0 -9999.0 -9999.0 -9999.0 -9999.0 -9999.0 -9999.0 -9999.0 -9999.0 -9999.0
-9999.0 -9999.0 -9999.0 -9999.0 -9999.0 -9999.0 -9999.0 -9999.0 -9999.0 -9999.0 -9999.0 -9999.0 -9999.0 -9999.0 -9999.0 -9999.0 -9999.0 -9999.0 -9999.0 -9999.0 -9999.0 -9999.0 -9999.0 -9999.0 -9999.0 -9999.0 -9999.0 -9999.0 -9999.0 -9999.0 -9999.0 -9999.0 -9999.0 -9999.0 -9999.0 -9999.0 -9999.0 -9999.0 -9999.0 -9999.0 -9999.0 -9999.0 -9999.0 -9999.0 -9999.0 -9999.0 -9999.0 -9999.0 -9999.0 -9999.0 -9999.0 -9999.0 -9999.0 -9999.0 -9999.0 -9999.0
-9999.0 -9999.0 -9999.0 -9999.0 -9999.0 -9999.0 -9999.0 -9999.0 -9999.0 -9999.0 -9999.0 -9999.0 -9999.0 -9999.0 -9999.0 -9999.0 -9999.0 -9999.0 -9999.0 -9999.0 -9999.0 -9999.0 -9999.0 -9999.0 -9999.0 -9999.0 -9999.0 -9999.0 -9999.0 -9999.0 -9999.0 -9999.0 -9999.0 -9999.0 -9999.0 -9999.0 -9999.0 -9999.0 -9999.0 -9999.0 -9999.0 -9999.0 -9999.0 -9999.0 -9999.0 -9999.0 -9999.0 494.272627 476.963913 461.129761 459.106319 481.866057 505.446374 529.420465 550.186845 569.004913
-9999.0 -9999.0 -9999.0 -9999.0 -9999.0 -9999.0 -9999.0 -9999.0 -9999.0 -9999.0 -9999.0 -9999.0 -9999.0 -9999.0 -9999.0 -9999.0 -9999.0 -9999.0 -9999.0 -9999.0 -9999.0 -9999.0 -9999.0 -9999.0 -9999.0 -9999.0 -9999.0 -9999.0 -9999.0 -9999.0 -9999.0 -9999.0 -9999.0 -9999.0 -9999.0 -9999.0 -9999.0 -9999.0 -9999.0 -9999.0 541.782835 547.748144 549.145525 538.688075 527.554811 515.515109 495.586316 477.782280 462.820781 460.336802 463.158164 468.608476 491.531677 516.338198 536.204527 553.556645
-9999.0 -9999.0 -9999.0 -9999.0 -9999.0 -9999.0 -9999.0 -9999.0 -9999.0 -9999.0 -9999.0 -9999.0 -9999.0 -9999.0 -9999.0 -9999.0 -9999.0 -9999.0 -9999.0 -9999.0 -9999.0 -9999.0 -9999.0 -9999.0 -9999.0 -9999.0 -9999.0 -9999.0 -9999.0 -9999.0 -9999.0 -9999.0 -9999.0 -9999.0 448.761781 466.359974 484.633881 503.214843 520.102604 526.997982 532.948545 538.828131 534.885261 530.341538 519.146082 500.287361 480.832963 466.995097 464.868269 462.547263 467.095925 480.284524 497.323828 513.876566 535.112669 558.837959
-9999.0 -9999.0 -9999.0 -9999.0 -9999.0 -9999.0 -9999.0 -9999.0 -9999.0 -9999.0 -9999.0 -9999.0 -9999.0 -9999.0 -9999.0 -9999.0 -9999.0 -9999.0 -9999.0 -9999.0 -9999.0 -9999.0 -9999.0 -9999.0 -9999.0 -9999.0 -9999.0 -9999.0 452.375557 446.561062 441.627521 440.305718 439.192333 438.245767 445.287247 457.626727 475.970169 497.844850 511.007122 518.441329 525.261623 526.227278 521.467931 519.622575 520.104249 508.508026 497.030993 486.308214 476.011204 474.813059 484.661746 499.018575 515.519495 530.727033 546.516167 558.309805
-9999.0 -9999.0 -9999.0 -9999.0 -9999.0 -9999.0 -9999.0 -9999.0 -9999.0 -9999.0 -9999.0 -9999.0 -9999.0 -9999.0 -9999.0 -9999.0 -9999.0 -9999.0 -9999.0 -9999.0 -9999.0 -9999.0 -9999.0 422.271141 428.223686 434.863612 442.433998 443.486720 439.478419 434.003207 431.107350 429.794449 428.351273 433.041197 441.466782 455.360616 471.521173 493.635279 502.560163 509.131318 521.725549 524.604422 530.314843 534.627356 533.144335 530.604398 518.542964 509.688625 515.248415 521.541397 528.575623 536.796593 550.512437 566.453041 584.468453 605.388234
-9999.0 -9999.0 -9999.0 -9999.0 -9999.0 -9999.0 -9999.0 -9999.0 -9999.0 -9999.0 -9999.0 -9999.0 -9999.0 -9999.0 -9999.0 -9999.0 -9999.0 -9999.0 -9999.0 397.051251 397.999011 399.217159 403.975225 404.946689 407.249898 414.400068 422.721418 425.178173 423.699873 422.413109 424.190192 427.158883 431.760993 443.453287 457.642079 472.215703 486.615935 507.945515 523.166953 537.327059 553.807178 553.322204 549.557135 547.997977 548.862630 549.633523 554.839389 558.392975 565.001198 570.627224 577.747788 587.523195 599.441386 618.523049 639.404245 660.368666
-9999.0 -9999.0 -9999.0 -9999.0 -9999.0 -9999.0 -9999.0 -9999.0 -9999.0 -9999.0 -9999.0 -9999.0 -9999.0 -9999.0 -9999.0 -9999.0 368.367492 370.273966 372.521579 377.971675 380.810889 384.911976 391.963837 393.294510 397.280734 404.613411 409.777235 418.732954 426.981993 434.619722 440.927039 444.006985 451.995662 462.124291 474.541307 490.517896 512.768302 536.350104 553.278947 570.711296 588.342591 589.501374 589.002884 590.723404 591.953028 599.564667 618.078659 624.924915 627.868278 646.064330 661.078724 667.245973 675.857259 695.823521 720.987089 746.894124
-9999.0 -9999.0 -9999.0 -9999.0 -9999.0 -9999.0 -9999.0 -9999.0 -9999.0 -9999.0 -9999.0 -9999.0 -9999.0 322.630258 326.853742 336.357529 345.278516 347.790256 352.049838 358.098520 370.439579 374.211279 380.648578 388.477381 400.421275 409.284775 418.807329 430.993000 439.849043 447.544090 455.137918 461.723560 475.795886 491.791122 508.369496 529.418656 552.133088 573.804696 595.496091 612.081936 627.042047 630.650960 630.367616 633.427544 642.291483 660.993611 681.319631 693.244297 714.379234 739.185579 754.411370 768.012965 778.429345 793.367920 816.494957 853.623428
-9999.0 -9999.0 -9999.0 -9999.0 -9999.0 -9999.0 -9999.0 -9999.0 -9999.0 -9999.0 288.530600 291.041703 287.729865 288.024396 293.054438 305.192158 318.820158 325.692576 337.296854 358.251316 375.994421 379.786439 394.754390 405.203965 412.278318 423.314655 436.959117 450.428143 468.104914 481.426286 494.290891 515.201826 532.661549 550.184021 569.012258 590.265236 611.883043 642.479267 671.261952 686.401115 711.216188 725.219176 723.957078 725.573847 735.620578 754.051079 778.554246 805.943235 830.813881 858.870842 879.280051 895.488595 908.291547 923.215747 941.688298 978.151936
-9999.0 -9999.0 -9999.0 -9999.0 -9999.0 -9999.0 -9999.0 -9999.0 264.081000 271.283516 277.603197 274.736149 270.306674 266.859808 280.466252 296.488070 312.707513 330.295412 346.547445 364.910379 380.727810 397.572290 417.673624 429.994629 442.361870 458.300359 472.750026 491.088165 513.403282 528.106021 547.070812 570.046976 590.513056 610.112655 630.391911 650.492342 679.931571 716.165056 750.902554 777.209708 807.963804 834.536747 836.857159 841.784546 848.269549 876.239865 908.683776 942.690748 972.030366 1001.846601 1032.501172 1051.146199 1063.131459 1077.442702 1094.630532 1114.032850
-9999.0 -9999.0 -9999.0 -9999.0 -9999.0 -9999.0 237.397077 261.681034 276.724973 269.048906 260.102130 256.818660 253.265612 275.144729 297.096417 314.465430 331.603299 349.472054 366.353465 380.629231 415.580372 433.507447 448.967839 468.655597 483.968131 499.349222 517.867154 542.589599 566.427179 599.042867 628.477837 655.799813 684.531583 706.747840 727.989227 749.406589 784.004350 824.783675 864.774223 897.431709 928.301315 961.866686 972.873433 980.956690 990.179681 1011.539903 1043.945399 1076.017599 1111.532046 1144.526947 1171.067680 1183.357916 1194.427550 1206.764341 1221.293471 1234.648509
-9999.0 -9999.0 -9999.0 -9999.0 203.784101 224.802523 245.236932 276.186277 299.003256 294.129232 301.406146 302.101246 300.918320 304.602191 311.515655 329.972361 348.668700 367.642182 386.518923 423.461234 467.517426 484.743032 511.471172 544.982501 560.307844 576.907446 594.383679 619.195069 649.162470 685.852750 733.743647 775.185273 804.719124 831.077405 855.163514 880.635455 917.387612 958.434444 998.209271 1034.987564 1067.370705 1095.021857 1110.357967 1119.836727 1132.524901 1149.026105 1170.436287 1198.090714 1229.125024 1260.954449 1285.952801 1300.167715 1308.630926 1319.803037 1331.194391 1343.863725
-9999.0 -9999.0 -9999.0 155.398107 194.079101 231.625898 259.112333 290.365946 322.637377 328.523374 337.750056 343.974728 350.266337 359.684189 369.590140 387.025188 402.980893 418.279351 440.824584 478.764073 515.836755 549.321652 583.709493 614.355606 638.295873 656.282549 676.215246 702.629753 745.187865 786.944856 840.953967 897.761977 938.740740 966.861281 991.011041 1019.762465 1046.364821 1083.740478 1119.997338 1154.016951 1186.560663 1212.500774 1232.799935 1241.505604 1251.205834 1260.409325 1277.348246 1298.977016 1320.717706 1348.766202 1376.366422 1399.721410 1413.351741 1423.281163 1439.149977 1454.744896
-9999.0 -9999.0 108.462317 145.972390 180.789011 231.940446 285.057149 319.506970 360.949721 386.138426 394.021174 412.838137 430.429861 439.354743 456.640951 474.969197 491.780481 498.212244 514.653384 549.069559 602.756198 652.648847 681.727000 738.157242 774.646392 803.115795 821.601989 849.904158 887.048062 932.986192 984.636809 1036.273695 1077.209800 1110.414766 1128.121430 1148.051816 1171.619922 1195.487319 1228.848307 1258.170738 1289.043965 1315.361859 1337.792105 1346.044361 1351.538750 1367.082920 1390.377693 1414.982228 1438.273707 1460.404539 1467.674386 1476.937000 1481.671970 1484.835480 1488.998483 1491.952653
-9999.0 -9999.0 82.515453 127.143259 168.855607 237.386893 315.802295 353.930777 397.884207 444.293037 464.685651 490.581034 507.453179 522.526456 547.878807 572.553058 583.230292 589.998943 591.528148 648.950458 710.638116 770.102366 829.688024 898.288068 945.423604 962.665503 975.574483 997.086954 1023.627884 1068.677954 1118.293084 1170.519277 1214.418113 1245.619291 1262.322436 1280.332149 1300.627335 1318.545951 1337.052069 1374.144956 1399.490793 1424.186302 1450.061134 1470.077498 1478.474257 1481.781389 1474.652520 1482.540506 1488.136421 1490.993943 1492.320475 1489.677115 1489.578740 1490.755150 1492.167170 1487.548368
-9999.0 -5.456655 46.713377 100.648066 170.744452 239.610544 325.024607 406.518111 461.974710 509.081200 540.482407 558.868186 605.600272 653.579334 682.574879 712.792549 716.061208 720.508467 713.761469 762.777256 818.166763 901.497396 1015.407290 1074.168575 1117.086222 1122.426495 1120.177260 1134.586659 1159.892385 1202.320121 1265.849182 1310.252005 1359.506090 1396.914669 1411.405358 1418.175316 1435.349843 1454.605958 1450.075347 1468.020478 1476.706674 1484.272924 1486.239094 1488.650049 1490.425206 1491.453459 1489.135908 1483.629844 1476.543700 1471.477670 1467.842072 1463.637104 1466.240701 1469.568457 1470.492810 1463.653510
-9999.0 -40.298299 19.740274 92.098781 164.183284 237.218173 345.953323 484.224724 537.091104 576.338292 606.149241 642.932273 728.656468 798.875267 837.953386 884.328443 882.884965 874.493273 867.919373 904.211987 957.703949 1033.366817 1168.767314 1252.461914 1276.767933 1290.055965 1299.435426 1325.538378 1359.949688 1392.936616 1422.374794 1428.674141 1449.794616 1460.901429 1465.344103 1468.151760 1472.374517 1473.924681 1472.881168 1470.459533 1467.095456 1468.540971 1473.614733 1474.516367 1472.693913 1470.426937 1465.481304 1458.268833 1452.719785 1447.928074 1445.006853 1441.892884 1440.233652 1440.184265 1435.805427 1429.906365
-9999.0 -67.490368 2.985181 67.962519 137.775811 258.222308 383.867923 518.355470 612.522646 655.033682 694.394438 776.973727 881.584841 977.562587 1031.206170 1060.106618 1068.673513 1055.780285 1065.562665 1110.866910 1174.131711 1258.146778 1337.882168 1408.706179 1422.907285 1428.430132 1415.634427 1427.333676 1438.122722 1441.634667 1444.452739 1448.241125 1454.972833 1459.310732 1459.910208 1458.902019 1456.009077 1449.674080 1445.823454 1443.416718 1440.780450 1441.277087 1444.807192 1446.532911 1444.511141 1440.971287 1436.564202 1430.739602 1424.211227 1417.101538 1412.765255 1408.473855 1405.990931 1400.964284 1396.148010 1389.730574
-9999.0 -161.354441 -74.830288 -16.050726 108.917959 280.108650 407.061312 561.180107 706.137693 755.947834 845.180653 965.598176 1070.671580 1144.571066 1189.726988 1235.611343 1267.833717 1294.293235 1328.730345 1304.818956 1354.459284 1401.081391 1421.522958 1432.943419 1434.993718 1438.538026 1433.096645 1416.116720 1407.573090 1402.558286 1405.721140 1414.220772 1421.044801 1427.759631 1426.984935 1428.575877 1429.495313 1426.908741 1423.930644 1416.385716 1409.405755 1404.490104 1403.596356 1409.339409 1404.669419 1401.409252 1395.421547 1387.276962 1378.244527 1370.011471 1361.910145 1354.799006 1351.544871 1345.552136 1343.510100 1334.956472
-9999.0 -242.443116 -164.292602 -67.245934 78.257252 243.371809 382.789942 554.801624 759.679567 878.937015 1000.785734 1073.378355 1149.553665 1216.061512 1282.476661 1329.743693 1356.453205 1367.950096 1363.223156 1371.373446 1342.580316 1337.458783 1355.612885 1382.360823 1396.328618 1401.990791 1395.106890 1385.542230 1379.530633 1379.408296 1379.065589 1378.690267 1378.071601 1376.845523 1374.489078 1376.922133 1381.972363 1376.819947 1369.293319 1361.959751 1355.363103 1347.887751 1343.058539 1340.253483 1338.963294 1338.517589 1330.884322 1320.201221 1309.140875 1300.310433 1291.943346 1285.618583 1282.579651 1277.184806 1269.152974 1256.636774
-9999.0 -335.838567 -217.071214 -118.096959 11.343773 151.268039 284.882659 454.409842 612.920732 834.187332 1002.670796 1094.268558 1136.843847 1194.705975 1258.395239 1325.420749 1334.709704 1309.094222 1280.774709 1267.035188 1271.532550 1281.649747 1296.244452 1317.282484 1335.465089 1345.853813 1348.212753 1341.123319 1328.188406 1319.651125 1313.728855 1304.627470 1298.057609 1297.258224 1297.690708 1304.566392 1307.444292 1299.045549 1287.097401 1272.277335 1259.362001 1249.738942 1247.217092 1248.563116 1248.396527 1244.728507 1237.402694 1226.394259 1213.145590 1200.685160 1192.159262 1185.810155 1178.428088 1168.253339 1156.909133 1143.920199
-9999.0 -9999.0 -289.867375 -177.554319 -64.713316 62.312618 185.887919 338.110065 495.014860 684.843076 809.407974 932.955920 1003.498104 1052.514659 1107.837253 1163.802169 1183.172109 1201.224461 1183.911082 1187.319484 1193.704625 1200.586263 1211.914773 1225.261650 1239.556298 1250.021182 1257.597690 1255.915540 1246.981970 1230.394071 1210.686797 1195.380546 1186.346850 1179.537315 1188.029839 1198.971689 1196.657898 1190.513052 1179.415493 1164.706187 1152.494360 1139.667100 1136.290014 1136.783146 1136.632088 1133.268055 1127.808037 1114.041593 1099.808277 1086.250537 1079.124308 1071.749147 1065.073544 1053.325363 1040.843342 1026.811461
-9999.0 -9999.0 -373.537045 -262.757146 -144.123340 -18.076407 87.744733 179.876421 338.772704 461.694381 569.323992 668.330043 750.620057 815.957026 864.804089 926.725607 965.367996 981.449492 997.830204 1023.234577 1048.244600 1075.130943 1094.126667 1108.589732 1123.416844 1136.763186 1145.800411 1135.070281 1124.263116 1107.412154 1085.651247 1061.952908 1049.109056 1044.219192 1046.505589 1051.916896 1046.581087 1037.216583 1023.418125 1008.108502 995.547611 984.290603 980.330465 977.306780 975.862566 972.437757 968.172086 957.906879 944.575066 934.626509 924.668063 916.930492 912.312484 903.995065 893.295351 885.270324
