tests/Borden05m/sims/sim_1/output-maps/psiliqL0017N0016.asc
ncols         160
nrows         34
xllcorner     620200.000000
yllcorner     5168000.000000
cellsize      0.500000
NODATA_value  -9999.0
[rows 0 to 24 of 34, columns 55 to 109 of 160]
-9999.0 -9999.0 -9999.0 -9999.0 -9999.0 -9999.0 -9999.0 -9999.0 -9999.0 -9999.0 -9999.0 -9999.0 -9999.0 -9999.0 -9999.0 -9999.0 -9999.0 -9999.0 -9999.0 -9999.0 -9999.0 -9999.0 -9999.0 -9999.0 -9999.0 -9999.0 -9999.0 -9999.0 -9999.0 -9999.0 -9999.0 -9999.0 -9999.0 -9999.0 -9999.0 -9999.0 -9999.0 -9999.0 -9999.0 -9999.0 -9999.0 -9999.0 -9999.0 -9999.0 -9999.0 -9999.0 -9999.0 -9999.0 -9999.0 -9999.0 -9999.0 -9999.0 -9999.0 -9999.0 -9999.0
-9999.0 -9999.0 -9999.0 -9999.0 1632.009218 1626.722910 1621.894984 1617.456265 1609.054980 1600.225550 1592.426910 1588.827778 1588.272702 1587.895010 1587.841965 1593.356892 1601.733553 1609.690111 1617.049682 1619.715526 1622.360090 1624.699396 1625.316562 1624.314490 1621.274419 1618.146555 1614.906183 1613.464343 1605.721921 1594.518541 1585.936228 1583.237022 1587.576226 1591.963922 1594.373545 1599.897061 1610.351948 1620.865102 1629.124241 1640.876130 1646.677414 1651.443726 1653.840605 1649.301587 1645.367905 1641.071598 1635.292153 1624.018785 -9999.0 -9999.0 -9999.0 -9999.0 -9999.0 -9999.0 -9999.0
1576.671043 1595.782027 1616.380879 1619.794418 1608.373103 1603.582443 1600.630965 1599.053655 1594.769373 1586.581852 1581.801165 1576.818915 1575.157708 1575.634043 1576.064966 1580.436498 1591.144197 1599.392403 1604.388750 1607.201952 1610.116011 1609.650624 1609.253795 1609.156408 1606.449472 1603.170765 1599.929478 1598.241072 1599.088896 1591.583631 1586.002182 1582.463042 1580.392218 1582.930941 1585.336255 1588.979099 1598.205509 1606.071207 1613.904955 1628.146986 1640.419866 1645.370608 1642.376168 1636.995890 1632.667229 1625.252424 1614.552590 1604.010993 1594.678934 1587.551847 1581.525114 1574.980792 1580.455628 1586.795902 1595.880061
1561.465632 1581.077807 1601.665024 1604.743725 1594.421624 1586.633098 1581.421566 1582.125029 1585.409508 1582.439924 1578.224361 1572.851288 1582.274520 1583.920594 1585.358409 1589.019115 1592.111635 1596.181537 1599.127469 1604.742371 1613.960854 1616.920117 1617.622986 1617.916191 1616.201879 1613.189733 1611.467284 1608.818906 1603.700789 1602.464221 1602.596999 1602.034647 1606.700657 1608.148434 1610.158427 1603.740164 1607.404776 1613.418166 1620.044127 1625.955518 1632.091864 1635.177060 1631.388677 1630.384013 1621.385381 1607.002357 1595.687501 1586.989917 1585.247342 1581.523785 1572.968234 1559.230236 1565.957023 1580.930342 1584.874721
1567.730933 1577.341200 1589.197788 1592.483523 1587.903177 1589.931841 1592.027483 1593.896342 1592.722334 1590.065369 1587.856466 1600.203253 1609.743848 1611.885901 1615.105480 1619.260111 1619.495697 1608.290209 1606.314749 1614.546003 1624.896647 1630.695288 1631.098411 1631.105975 1628.702898 1627.778352 1627.565293 1625.601734 1626.049630 1628.262889 1627.522964 1631.623572 1637.181394 1640.149720 1633.073456 1624.067918 1625.182774 1632.952966 1641.160066 1648.256280 1658.356032 1669.013106 1667.801313 1661.862334 1652.291892 1638.319223 1614.437782 1594.793014 1583.143230 1574.937464 1566.881225 1566.933785 1562.517624 1573.704013 1574.582942
1564.036131 1582.773718 1604.162117 1611.984574 1606.607674 1602.508930 1600.768863 1602.032347 1602.410270 1605.192423 1617.023735 1630.671416 1644.637694 1647.651735 1650.445763 1650.202742 1642.045428 1632.198602 1629.113855 1643.670072 1660.244712 1668.595540 1669.086151 1667.443429 1673.297546 1672.493586 1671.550994 1667.247087 1668.981312 1669.350431 1677.915431 1685.541722 1692.837049 1691.097576 1678.899168 1667.078488 1665.813916 1669.171223 1673.289438 1679.571142 1689.339971 1698.337730 1692.723846 1685.483615 1675.510534 1647.026991 1620.444467 1603.525694 1602.827274 1602.203082 1596.469697 1592.655942 1589.127801 1582.056469 1580.830230
1609.075417 1630.373277 1651.076224 1666.643060 1661.446440 1654.236076 1645.258448 1646.353490 1649.200279 1657.190802 1669.947785 1686.488851 1710.248842 1712.580755 1715.418448 1717.401451 1706.206995 1694.109712 1683.717284 1703.036205 1713.724435 1722.124299 1722.753589 1731.301355 1740.886308 1736.752066 1729.400620 1718.760360 1724.940908 1735.203570 1750.290076 1757.378348 1761.581668 1759.285793 1747.293257 1741.106272 1740.293777 1743.454429 1741.783015 1747.122506 1756.432962 1770.825250 1769.393768 1761.341664 1738.831761 1701.092380 1667.390825 1648.357289 1654.587611 1647.004081 1639.222319 1635.454667 1621.291629 1610.431575 1610.115449
1657.325682 1674.661279 1693.054731 1711.473790 1706.230974 1696.522083 1683.056837 1682.480637 1689.640846 1700.345562 1719.431451 1741.298546 1764.396896 1770.312282 1771.079119 1781.112448 1775.045602 1765.759393 1758.149421 1772.517628 1784.186811 1795.619586 1804.304347 1817.047802 1828.273793 1816.778534 1803.463062 1796.897361 1802.686382 1824.042420 1842.704038 1847.669417 1848.231839 1849.916843 1839.009094 1832.777291 1826.858155 1823.037588 1817.850844 1814.034110 1833.706782 1850.965207 1849.029293 1825.615530 1801.243398 1763.323226 1724.837897 1694.156992 1696.562997 1692.587055 1691.711155 1677.110363 1661.692675 1646.911933 1638.344400
1730.625318 1758.148750 1778.262772 1800.226620 1798.936800 1781.250909 1771.786466 1776.547365 1789.978487 1797.915966 1814.625412 1837.040792 1867.258182 1886.183516 1903.293871 1907.981933 1900.469391 1892.105615 1879.750766 1880.169299 1899.342387 1911.383981 1921.453888 1931.525668 1943.974571 1948.003233 1944.246319 1943.448768 1947.016853 1955.909100 1966.385537 1973.025037 1977.630743 1982.155970 1975.588483 1964.509931 1959.219118 1951.219312 1945.790220 1943.362004 1948.003584 1961.166432 1958.091203 1928.361273 1900.756066 1867.177623 1829.164427 1797.766703 1782.873553 1791.650092 1782.202444 1763.566474 1745.764210 1712.637773 1698.582984
1821.021478 1856.372485 1883.636249 1897.722456 1909.962296 1902.996956 1904.222338 1908.883377 1917.027178 1922.005798 1929.921851 1962.633605 1997.343639 2025.542591 2049.576255 2058.157978 2047.770583 2038.467440 2026.475345 2017.565324 2023.908481 2039.165122 2056.072733 2071.417299 2082.582667 2085.733637 2084.440579 2084.708079 2087.074196 2090.043328 2093.394657 2100.152488 2107.469773 2117.080055 2127.012203 2119.594347 2102.485574 2090.807770 2078.204939 2074.055850 2072.919848 2072.273204 2071.838701 2060.744171 2025.590172 1995.543459 1962.920348 1936.259445 1916.837765 1906.158748 1886.005996 1862.006989 1813.733640 1773.719393 1739.279684
1926.934321 1968.966267 1999.727020 2022.210582 2037.284811 2039.099372 2042.034097 2044.856921 2050.695180 2055.631350 2061.954215 2086.188887 2125.160035 2163.125095 2193.503632 2196.571644 2186.289349 2175.997401 2166.321342 2154.769117 2151.374798 2160.662336 2173.009943 2190.203992 2201.144637 2209.523425 2207.931094 2208.290128 2209.208035 2211.289591 2213.185061 2215.658680 2223.452694 2236.201994 2248.251370 2248.451013 2233.129842 2215.630215 2198.420380 2192.314620 2186.951940 2180.884863 2181.053363 2181.367961 2170.584727 2142.861649 2105.069018 2062.671947 2038.540731 2018.336789 2004.800946 1987.429077 1956.236377 1899.601450 1865.702567
2053.113223 2083.341968 2113.477854 2144.522211 2162.660662 2169.370908 2169.619512 2171.317027 2179.222602 2184.973934 2194.175923 2211.111674 2237.822962 2268.952562 2296.730425 2313.584162 2308.871848 2294.923343 2276.384178 2269.822817 2268.045983 2270.480840 2277.818368 2287.150478 2303.608960 2320.375570 2326.025290 2326.790897 2324.122997 2326.506581 2327.868132 2328.003702 2329.654964 2335.526488 2343.295071 2345.830122 2339.696751 2321.567453 2300.081206 2286.387455 2278.052476 2273.428106 2271.856690 2273.741832 2273.755431 2260.264759 2228.675330 2188.197301 2155.348187 2134.716172 2118.602448 2103.482024 2090.734559 2066.041754 2046.193775
2170.261827 2185.471678 2212.571650 2240.480267 2264.692313 2281.180014 2284.706060 2290.149370 2295.561066 2305.051135 2320.869003 2341.839765 2357.828159 2376.750422 2399.802432 2413.650886 2419.301431 2419.054435 2416.893644 2418.366900 2418.397303 2380.132671 2383.906939 2387.630549 2397.765532 2407.982798 2411.504999 2411.815493 2410.182564 2411.570955 2412.121953 2412.243469 2411.929959 2412.662607 2415.653556 2416.635358 2414.849168 2405.888475 2413.505716 2395.342880 2382.705074 2374.724106 2366.571661 2357.801096 2347.860134 2337.512655 2319.205416 2290.541464 2256.544670 2230.665599 2219.374614 2211.702699 2203.226576 2196.474664 2179.640297
2277.173728 2289.207302 2306.426769 2327.971096 2358.120706 2379.024183 2390.234885 2399.416212 2404.537649 2417.534507 2432.076444 2423.798577 2429.218219 2434.697435 2440.052644 2441.902263 2442.372367 2441.977708 2439.448016 2438.585803 2436.234844 2431.529346 2421.308654 2422.369500 2423.608630 2425.820299 2429.165512 2427.748796 2428.612750 2431.511347 2429.979963 2424.422469 2420.765772 2419.227860 2419.833991 2426.925036 2430.002359 2430.650013 2428.710824 2427.820002 2427.109390 2424.974468 2422.334323 2418.585621 2413.683635 2420.346309 2409.209524 2384.128021 2348.529576 2311.109392 2298.647599 2295.540064 2294.739142 2291.231599 2284.255672
2395.655974 2408.694772 2422.699670 2414.087952 2428.455185 2436.002269 2439.706244 2443.017302 2445.661832 2447.469435 2444.312653 2440.958871 2436.093764 2434.525821 2432.953588 2430.251732 2430.509656 2428.145518 2423.678093 2419.381257 2411.782162 2400.148774 2388.245423 2384.767550 2388.700840 2393.436510 2397.651041 2400.968543 2404.230594 2404.904495 2400.014680 2392.167470 2385.132558 2383.405840 2389.996147 2395.599672 2401.245923 2402.038236 2400.797932 2398.869986 2399.242468 2396.947796 2397.795850 2404.809242 2418.715169 2423.648021 2427.255783 2426.542483 2415.967224 2396.910944 2395.228705 2375.229087 2378.859383 2373.549904 2361.442062
2436.461051 2438.671165 2438.050968 2436.750067 2430.889811 2425.134929 2424.376465 2428.127836 2434.723539 2435.574646 2428.192085 2419.367752 2411.823590 2404.306942 2401.498422 2399.821314 2398.629808 2398.137127 2392.117942 2383.030586 2366.349027 2353.975417 2342.052322 2335.349571 2332.201256 2336.107691 2345.851681 2355.844073 2360.355483 2352.806510 2345.163271 2334.381999 2326.565710 2327.025499 2329.007055 2338.216516 2353.104326 2358.834343 2359.904806 2354.909151 2350.445598 2345.128173 2343.639353 2351.120200 2366.801145 2383.100465 2397.787660 2406.575722 2414.177571 2420.837520 2422.721426 2424.302064 2424.996557 2423.321875 2423.012358
2431.192157 2424.587383 2417.848289 2412.558263 2405.741796 2399.803404 2397.583427 2399.252158 2401.170475 2396.880722 2389.486587 2378.475774 2366.695447 2356.146019 2348.593448 2348.476012 2349.709136 2349.918348 2342.362256 2326.809927 2308.335703 2294.075348 2279.457017 2274.746952 2268.930950 2263.071817 2272.937884 2290.366352 2296.670418 2282.403164 2272.363889 2258.136191 2251.307000 2248.159477 2249.645976 2259.047963 2279.860246 2300.976403 2303.035349 2293.762879 2284.800692 2281.155659 2279.546748 2286.478413 2305.043387 2326.281606 2342.369744 2353.054472 2359.377702 2368.015495 2378.004831 2391.350255 2405.299701 2416.866255 2424.097629
2405.098653 2396.979952 2388.843766 2380.692419 2373.035493 2366.014006 2360.908274 2357.936661 2353.904901 2346.897784 2338.749020 2320.918321 2307.603703 2294.338134 2279.319771 2274.728982 2270.165802 2270.649395 2258.561263 2248.316350 2229.874193 2213.768918 2197.422346 2185.310019 2178.927489 2172.300182 2173.955307 2188.228560 2196.754213 2184.840788 2174.901017 2163.104074 2157.792295 2154.747257 2157.114646 2167.703781 2189.162786 2208.095273 2216.177407 2209.382786 2206.712036 2206.503267 2206.562095 2213.744041 2228.036369 2248.225017 2270.680348 2288.822543 2299.504178 2308.037133 2318.855749 2334.336894 2349.127457 2363.816602 2381.645922
2369.857826 2359.971106 2349.404376 2339.031251 2327.655161 2315.915190 2308.591664 2309.193895 2301.707724 2294.457187 2275.389279 2225.166102 2205.009140 2185.747319 2169.179212 2162.101943 2153.388934 2141.578029 2131.792494 2125.175633 2120.882836 2105.266768 2087.086724 2069.789435 2064.158170 2059.748368 2047.355416 2048.313076 2050.274953 2058.740134 2051.989871 2048.060692 2047.634297 2045.451624 2048.249222 2061.878716 2072.610579 2081.555769 2088.643207 2090.435164 2099.670273 2107.854764 2115.463418 2132.999996 2146.761481 2164.763364 2187.059177 2212.714906 2228.148778 2239.050248 2251.096571 2267.776452 2285.368345 2303.925890 2327.214611
2328.387530 2312.518869 2297.672491 2282.687144 2269.070699 2255.418887 2240.297950 2240.304807 2236.074315 2225.703324 2178.339691 2135.608510 2101.593636 2082.811003 2059.299587 2046.199680 2032.194095 2000.629097 1984.506951 1979.953260 1988.034952 1980.223073 1963.469387 1949.845033 1940.844777 1932.810119 1917.842677 1905.032547 1910.085819 1924.575366 1922.296376 1922.730963 1928.466699 1927.478054 1923.163951 1925.898627 1939.774569 1947.407649 1958.397672 1973.004887 1978.563569 1991.596564 2021.808401 2036.511121 2053.022193 2073.899640 2096.714512 2120.866398 2143.591409 2158.740886 2175.112828 2195.294206 2213.535188 2235.481928 2259.852780
2271.493966 2242.098688 2221.335452 2203.573316 2184.539469 2160.502098 2139.141786 2135.589073 2127.678870 2103.549701 2053.994647 2014.637141 1986.570355 1963.815811 1939.447838 1918.066865 1886.371679 1853.230763 1831.995947 1840.880415 1849.152443 1853.729526 1840.495128 1828.288944 1818.127846 1802.516044 1786.474624 1772.938950 1782.323767 1790.827878 1803.331657 1808.268912 1812.219312 1816.296852 1815.348723 1808.831044 1810.428034 1819.426937 1830.175946 1841.989911 1859.501980 1892.187546 1917.865010 1936.710397 1958.642191 1979.773088 2003.571949 2028.704306 2052.380009 2070.553092 2090.708815 2111.520161 2134.148184 2156.006107 2181.702296
2189.779818 2161.330563 2134.148376 2110.498627 2080.964871 2038.470398 2022.773765 2012.934848 1995.653260 1954.334817 1911.657215 1881.829349 1861.816599 1837.296081 1814.199735 1786.098092 1753.553230 1728.786470 1708.265330 1716.029020 1723.911988 1738.291555 1727.437811 1717.831333 1712.724936 1697.587056 1683.844672 1668.570449 1675.540531 1686.277143 1705.917236 1710.873595 1714.736516 1722.847071 1722.190421 1719.239177 1707.390237 1715.758366 1726.874065 1741.582907 1771.181881 1795.896508 1820.292008 1842.891166 1864.171656 1887.746220 1912.544427 1937.842428 1965.311363 1986.479805 2007.221044 2030.469528 2052.146429 2070.843427 2091.917931
2077.515253 2051.998245 2030.037231 2005.206076 1965.788658 1921.627377 1884.371142 1863.531344 1819.532790 1784.950188 1755.547080 1744.304188 1727.988278 1705.914241 1684.960017 1664.041512 1639.389645 1618.019457 1593.337241 1597.407293 1610.829545 1625.678839 1622.539300 1620.583130 1617.932389 1607.368790 1593.722302 1580.094676 1583.707963 1599.604371 1616.906063 1625.472193 1632.678604 1640.500948 1640.729511 1633.155972 1624.519469 1630.285228 1645.399957 1662.184480 1682.554338 1705.114680 1727.633104 1749.284905 1773.173479 1797.759045 1822.749365 1849.691836 1878.141865 1900.476112 1925.807906 1951.978083 1972.107795 1984.859428 1998.369156
1968.115947 1946.390914 1922.009907 1894.644126 1853.256210 1811.873443 1769.716942 1727.117112 1693.606047 1663.045459 1649.387001 1631.539842 1615.142739 1598.104386 1577.051481 1558.536019 1541.040789 1519.059116 1504.152624 1509.939297 1522.835591 1532.510632 1536.683193 1533.876125 1530.976687 1524.127919 1510.286119 1502.593275 1511.640541 1526.901647 1541.307304 1552.124919 1559.048849 1564.920052 1562.333380 1554.058152 1549.776912 1558.311337 1574.290137 1589.191822 1606.158326 1628.030451 1649.755712 1672.424295 1696.175660 1719.851338 1745.981916 1772.941086 1800.563785 1828.480905 1853.235363 1875.666286 1887.801315 1900.333826 1906.669544
1838.838391 1823.678987 1797.768182 1769.318931 1737.486402 1700.825891 1672.333855 1640.118874 1609.109348 1578.862261 1552.912262 1537.373671 1528.636874 1514.311282 1495.725299 1482.893684 1466.296477 1451.569990 1453.671393 1455.629056 1465.271478 1465.024951 1465.582476 1462.676716 1461.656276 1458.090202 1449.230786 1458.115850 1465.187270 1479.302020 1489.800747 1499.409322 1505.574009 1509.624455 1510.218580 1504.964333 1509.722309 1516.788598 1531.406009 1543.475781 1558.495509 1579.588485 1597.583428 1617.717168 1640.849979 1664.840101 1689.994836 1716.872768 1745.945273 1772.116836 1792.667525 1802.872063 1814.831216 1820.847770 1815.089691
