tests/Borden05m/sims/sim_1/output-maps/psiliqL0005N0003.asc
ncols         160
nrows         34
xllcorner     620200.000000
yllcorner     5168000.000000
cellsize      0.500000
NODATA_value  -9999.0
[rows 0 to 24 of 34, columns 56 to 111 of 160]
-9999.0 -9999.0 -9999.0 -9999.0 -9999.0 -9999.0 -9999.0 -9999.0 -9999.0 -9999.0 -9999.0 -9999.0 -9999.0 -9999.0 -9999.0 -9999.0 -9999.0 -9999.0 -9999.0 -9999.0 -9999.0 -9999.0 -9999.0 -9999.0 -9999.0 -9999.0 -9999.0 -9999.0 -9999.0 -9999.0 -9999.0 -9999.0 -9999.0 -9999.0 -9999.0 -9999.0 -9999.0 -9999.0 -9999.0 -9999.0 -9999.0 -9999.0 -9999.0 -9999.0 -9999.0 -9999.0 -9999.0 -9999.0 -9999.0 -9999.0 -9999.0 -9999.0 -9999.0 -9999.0 -9999.0 -9999.0
-9999.0 -9999.0 -9999.0 -696.058037 -701.711317 -707.340318 -712.662181 -722.070355 -731.525038 -740.540366 -744.712874 -745.807969 -746.888444 -747.444604 -742.262910 -734.548926 -727.122883 -720.007231 -717.790602 -715.481541 -713.195282 -712.719823 -714.138786 -717.476498 -720.828722 -724.306583 -725.779544 -734.332628 -745.892704 -755.013755 -757.828221 -753.276913 -748.717824 -746.153181 -739.838701 -728.800558 -717.742841 -709.057330 -697.354169 -691.983331 -686.689639 -683.125745 -686.857259 -690.107000 -693.389179 -697.535447 -708.311025 -9999.0 -9999.0 -9999.0 -9999.0 -9999.0 -9999.0 -9999.0 -9999.0 -9999.0
-733.363755 -714.426865 -711.270566 -721.913071 -726.765356 -730.297579 -732.817995 -738.366754 -747.479174 -753.202379 -758.942851 -760.728329 -760.998690 -761.150924 -757.075009 -747.539135 -739.705047 -735.043740 -732.817604 -730.562529 -730.305501 -730.860042 -731.388608 -734.387036 -737.879653 -741.357669 -743.200447 -743.458425 -751.126646 -756.383993 -759.579377 -760.518649 -758.122388 -755.852001 -753.054598 -743.245795 -734.773205 -726.297303 -712.260430 -700.003370 -694.683314 -696.754943 -701.504924 -704.779196 -710.547496 -719.741980 -729.949726 -740.623440 -747.760127 -752.840158 -757.521253 -751.173439 -744.758138 -734.061310 -723.391778 -711.166080
-750.398878 -731.096921 -728.482815 -739.651532 -748.451474 -752.691416 -753.023111 -751.414114 -755.553593 -760.568406 -764.434709 -757.346286 -756.379753 -755.408479 -752.433643 -748.956993 -747.283728 -744.601432 -739.485469 -730.748347 -728.343034 -727.993366 -728.014523 -729.941532 -733.128901 -734.968778 -737.810177 -743.074123 -743.903908 -743.398006 -743.183253 -737.797800 -736.325824 -735.208172 -742.414316 -739.185242 -732.810184 -725.810539 -718.411002 -711.086793 -705.846810 -708.581615 -709.714099 -717.488314 -730.724426 -741.924290 -750.409712 -753.073468 -755.885366 -763.114321 -774.617516 -767.636996 -751.902702 -746.946339 -742.769752 -730.455323
-759.362293 -747.740418 -745.111889 -750.575198 -750.218881 -749.215171 -748.077060 -750.066247 -753.392535 -754.698893 -741.787137 -732.530663 -731.195312 -728.581049 -725.600074 -727.425178 -740.197307 -743.119200 -734.595632 -724.244773 -718.460924 -718.562442 -718.784785 -720.162426 -721.317238 -722.007884 -724.622041 -723.352997 -720.680843 -719.567428 -714.198114 -708.595834 -705.962961 -715.092120 -724.378849 -724.110963 -716.507586 -708.643910 -701.137778 -689.811578 -677.674085 -678.821331 -684.272149 -692.625219 -705.814265 -728.755307 -748.462209 -758.387174 -764.216847 -770.584598 -771.564665 -772.912049 -762.489351 -760.312233 -758.377433 -749.250229
-756.104661 -735.470897 -727.386510 -734.031252 -740.560348 -744.885123 -744.794930 -744.770110 -741.209012 -727.691428 -714.021261 -698.861842 -696.707541 -694.560699 -695.084167 -705.431944 -715.899372 -720.643073 -705.499598 -690.203466 -682.233251 -681.412520 -680.436518 -671.771038 -674.390819 -677.745655 -683.797504 -681.287172 -677.854835 -665.703284 -658.461304 -652.130174 -654.206178 -665.760505 -676.338312 -678.428803 -676.933115 -675.472943 -669.663488 -658.888863 -648.161187 -652.492094 -659.641856 -669.792064 -698.497921 -726.537421 -743.270074 -741.807182 -740.772527 -744.765861 -747.502836 -751.093266 -758.779937 -758.819811 -758.899556 -759.047903
-709.124620 -691.028528 -675.061438 -681.705726 -691.098540 -703.196375 -703.383953 -699.929811 -691.846591 -678.813122 -660.241823 -636.631633 -633.189646 -629.519592 -625.186206 -635.791192 -647.820192 -659.991493 -645.402194 -636.342518 -627.462345 -623.767596 -611.752564 -601.734785 -607.249800 -616.538216 -625.921063 -619.609005 -605.108528 -590.623641 -584.973852 -582.237916 -581.406016 -590.534202 -595.364124 -598.392562 -598.505441 -602.693165 -600.217960 -588.497515 -572.631867 -571.538581 -582.448823 -604.568804 -639.098353 -674.030447 -696.866725 -692.905926 -698.644781 -703.893721 -708.134237 -722.151737 -733.710457 -733.879249 -743.142738 -749.225021
-664.556117 -647.354106 -630.132495 -634.012971 -646.196322 -658.682540 -658.880260 -650.868389 -642.585958 -624.710261 -601.085170 -577.000916 -564.694208 -557.031713 -548.625110 -555.411691 -564.277072 -573.389311 -569.265339 -556.764088 -544.907713 -533.457259 -521.391390 -509.722265 -515.415634 -524.558388 -526.785314 -523.102410 -507.535456 -493.898855 -488.869358 -486.265404 -481.157400 -486.008531 -493.639105 -502.275444 -510.651503 -518.031130 -522.874092 -508.424495 -494.091484 -495.316288 -517.869525 -540.381967 -571.674819 -606.217137 -639.917928 -645.934533 -645.637904 -646.777465 -662.055071 -677.176152 -696.765421 -708.307812 -716.985491 -732.247853
-576.425481 -556.111042 -538.127472 -533.248096 -547.663358 -552.133290 -547.840721 -537.752297 -533.247501 -521.998076 -495.553943 -461.436267 -434.375407 -408.786193 -404.219682 -416.013462 -427.447991 -443.268150 -451.028370 -438.403692 -425.721617 -412.139768 -397.015469 -380.991950 -369.283859 -368.853022 -368.298656 -365.063015 -360.824049 -353.113005 -342.977877 -331.453747 -318.106866 -312.801005 -326.435572 -342.069613 -359.450956 -375.012666 -380.829031 -384.519490 -378.090907 -378.473915 -399.478841 -428.081139 -457.710451 -491.907882 -521.428193 -542.259730 -540.998406 -554.100391 -570.118407 -591.522892 -628.072704 -647.963020 -664.752078 -694.943783
-485.558130 -458.369788 -442.603238 -426.682879 -427.078064 -424.801992 -422.462663 -416.912951 -411.412486 -401.678022 -359.887253 -302.160845 -225.193823 -130.434875 -93.720364 -128.845605 -180.750637 -223.925497 -253.607336 -255.540456 -220.479088 -149.663769 -62.601951 -30.457713 -20.624345 -20.067194 -19.130055 -17.633101 -14.859050 -12.943981 -8.531683 -2.376960 6.998641 18.211803 14.392724 -0.753559 -12.109014 -26.444613 -36.403285 -52.396378 -86.515620 -103.939681 -126.543620 -215.311984 -283.057225 -339.497636 -387.650330 -417.439697 -438.753398 -456.688770 -474.988400 -513.849623 -551.570432 -584.110093 -612.190436 -640.350451
-367.047840 -320.872382 -267.577298 -226.051776 -207.211856 -200.485713 -189.966089 -161.698618 -114.276654 -59.973821 -26.500118 12.530435 54.084769 93.208644 103.118688 89.339457 69.302892 51.138678 38.623283 36.425056 49.045447 73.941025 107.726037 127.067347 136.476072 136.726471 137.086269 136.949236 137.813064 138.436277 138.511726 140.659048 144.770608 148.617625 149.601602 145.524720 139.611581 132.886445 128.253283 118.063146 103.616481 94.856370 84.967232 66.791178 35.366102 -5.656847 -74.254484 -213.603868 -284.654859 -311.814029 -334.436732 -355.717857 -404.568138 -430.114157 -462.452151 -498.206858
-62.359720 -11.395113 24.079456 45.469778 55.337713 56.919585 61.973179 75.361119 94.210024 117.197006 134.114431 143.054228 154.147629 165.356420 173.685988 171.174293 165.169159 156.988366 155.762939 156.127370 158.111824 163.269304 168.395698 175.926217 182.427966 184.383808 184.560610 183.215338 184.203809 184.450660 184.318875 183.729982 184.178318 186.196878 187.147944 186.943648 182.681398 176.390663 170.662441 167.109618 164.591752 162.255114 161.022590 158.550218 153.235969 139.964200 108.238368 56.914500 24.636050 6.177692 -6.977220 -19.017759 -40.268604 -96.528841 -219.884140 -313.239521
102.357871 129.694007 143.514512 153.369808 159.389402 160.141881 162.737836 164.929711 171.056553 179.287790 186.744034 189.823120 193.804273 200.977277 208.127241 213.141506 214.611961 215.910088 218.080563 218.777790 216.282624 218.056331 219.258520 219.618635 222.295905 222.159698 222.429292 221.972367 222.872199 222.552721 223.369174 222.810492 221.410287 221.122571 220.883624 221.472589 219.850083 215.597447 204.179335 199.824787 197.472332 194.559072 190.699908 186.509036 183.304190 179.137642 169.808169 155.665334 143.439682 139.757388 137.904166 134.732961 127.283599 99.668879 57.404708 15.992737
168.414919 174.821265 181.230231 189.608126 194.676540 197.500963 200.236602 203.008188 212.139370 221.337539 222.236815 221.283956 221.018791 219.758203 219.801165 219.249104 219.726883 217.623843 218.352235 217.694631 214.037233 206.659164 208.553203 209.556467 211.342121 214.188019 212.232100 212.881611 215.483381 214.865046 210.549774 208.010556 206.648140 206.296397 212.639687 215.008445 216.043288 216.916410 217.374421 218.237190 218.919363 219.177025 218.795872 218.508135 215.175270 209.014137 199.557330 189.360791 178.227826 173.544045 172.567459 174.075469 172.219763 168.600743 158.557948 145.558519
207.888406 217.361473 224.784161 224.062288 223.097937 222.685475 222.840666 224.788242 223.746743 221.086094 217.185612 213.453860 212.555971 211.527917 209.178122 209.898662 208.144946 205.217011 203.489037 200.793346 197.589061 193.503285 193.543028 195.949444 197.323237 198.010009 198.092300 199.204462 200.593735 199.235001 196.811505 194.531986 193.710956 196.595388 198.326252 199.644918 199.627543 199.112853 198.878811 200.086558 199.563854 199.820121 202.066072 210.023121 215.942857 215.476455 215.967240 216.964799 217.914358 204.320947 195.419491 197.869979 196.183177 191.852000 184.397800 177.686829
216.640557 216.879923 214.772478 209.722837 204.578820 204.104593 207.483211 213.669281 215.498978 209.648594 203.222007 199.680558 197.362824 197.073917 196.257191 195.748285 196.174062 194.617181 193.651197 189.395756 187.178709 184.374431 182.471415 181.633102 183.320211 185.830523 188.045813 189.612877 187.460538 185.578326 182.568937 180.061469 180.899512 181.785566 184.904109 189.664749 189.774197 190.394482 189.277850 189.034589 187.126392 186.268321 188.032216 192.459360 196.501940 200.356452 202.532721 206.182639 211.229506 217.785572 218.005689 217.066044 216.492820 213.341498 203.831594 197.312431
204.703551 200.709458 199.447083 197.272503 195.209836 194.897018 196.467012 198.549012 197.677579 195.517404 192.224563 188.898620 185.678277 183.745316 184.018621 184.745832 185.194677 184.057056 180.125500 175.774509 173.203571 168.990242 167.858528 163.926060 159.873845 163.168901 170.307641 173.035667 166.681121 162.333009 155.834315 152.788026 152.144374 153.784918 159.649833 169.431378 177.573015 177.940187 174.812983 172.193271 171.177391 169.995999 171.866638 177.881205 183.655009 187.226529 189.185582 190.048666 192.629554 195.602986 198.966832 202.846310 207.274336 215.566425 215.202527 215.526693
196.250085 194.454331 192.857513 191.456864 190.093416 188.906716 188.025367 187.606135 185.649473 184.104342 181.732383 177.955817 172.925459 164.585700 160.933355 158.116795 158.733194 153.885120 150.958016 144.262410 139.544169 132.638092 121.777323 103.114053 85.708497 87.762282 109.137588 122.046184 103.888921 83.877086 62.514590 52.340870 49.645232 57.862467 83.938591 120.754948 138.715496 143.401975 140.582652 138.724896 138.214253 138.129612 139.883108 146.535894 156.081190 166.265488 172.452714 175.204275 177.406246 180.506915 184.899217 188.173402 191.111243 195.496581 201.230951 207.056303
189.693435 187.626016 185.738614 182.832921 179.076419 177.076933 177.998301 174.795593 172.372339 167.796972 144.321064 135.353921 114.688046 83.577687 62.297509 46.270190 36.166555 25.848465 20.220027 12.538423 -1.548628 -20.604530 -49.851618 -98.509782 -139.167171 -153.145325 -103.674227 -80.119049 -97.098031 -146.620138 -189.936305 -210.654952 -218.886970 -198.967489 -119.718699 -48.419856 -20.885130 -11.020160 -12.999174 -6.121599 0.333743 2.419588 19.159759 38.062327 69.942089 110.961148 136.951852 144.732014 150.394159 157.411048 165.434897 171.591815 176.161544 182.666909 189.489435 192.870703
181.202092 177.426676 172.751454 166.941420 158.851760 151.213057 150.808974 147.964120 142.106906 104.824987 38.904341 -6.654524 -45.366621 -127.925069 -190.416284 -220.578228 -267.725674 -292.727356 -308.447070 -310.178262 -332.513535 -360.307369 -381.831947 -391.465499 -397.547432 -408.818384 -411.753204 -406.602287 -396.864987 -406.014942 -411.668567 -410.000480 -413.031246 -414.842264 -403.103851 -383.264374 -370.069361 -358.351932 -349.141799 -345.319872 -339.568858 -307.525566 -281.616522 -244.279270 -160.994554 -50.926388 -3.016720 26.866361 52.129428 88.297046 122.086641 138.240135 149.419353 161.079386 172.741430 178.026256
155.411797 145.679669 135.949729 113.468396 72.420654 38.517572 29.874218 17.892934 -6.599321 -82.503323 -259.259942 -331.465161 -365.432111 -395.945585 -412.419145 -433.711476 -462.712667 -480.515893 -478.668816 -471.960452 -475.648077 -490.047577 -502.745492 -512.082855 -522.694967 -536.444747 -544.919646 -537.390956 -528.936539 -526.237644 -524.735182 -521.511905 -521.106553 -522.591543 -524.408708 -514.800533 -506.779042 -497.693322 -489.790730 -482.538261 -458.465482 -435.808306 -420.620533 -400.073796 -376.618138 -344.369870 -303.691382 -259.224192 -208.762673 -102.282787 -27.550641 13.561357 51.381279 101.044237 135.179689 148.421719
75.562357 32.708189 -1.938630 -53.760403 -191.737544 -249.544479 -268.760711 -283.979446 -334.962648 -393.459892 -439.758394 -467.400223 -489.844781 -511.658348 -533.983198 -560.366250 -586.032058 -603.271437 -596.558295 -589.846801 -581.809093 -593.926263 -605.928530 -612.567326 -626.020005 -639.359070 -652.149967 -643.816069 -635.192901 -621.595781 -618.777404 -616.127773 -610.963214 -612.764364 -614.779661 -620.109433 -611.810726 -603.320013 -592.340108 -569.301018 -546.422135 -524.647828 -506.732246 -488.934655 -468.815174 -446.325023 -422.903561 -397.829733 -377.069287 -352.750570 -318.136646 -273.977483 -204.398175 -67.926985 -7.729734 28.594108
-170.974601 -259.692271 -311.481392 -361.424783 -413.177417 -442.911644 -450.028545 -477.422318 -506.961063 -545.081736 -566.622672 -584.453197 -605.617460 -625.397043 -644.772601 -670.059766 -692.262461 -713.751294 -709.439386 -697.724265 -684.543664 -692.896787 -697.894399 -701.141291 -712.610683 -725.753717 -738.843089 -735.164472 -721.168632 -705.266958 -699.549590 -693.902187 -686.925226 -687.088393 -693.067065 -701.307308 -696.184869 -684.134379 -669.654488 -648.888109 -627.769838 -607.618051 -589.578801 -569.550787 -548.419534 -526.969842 -503.738820 -479.722487 -462.593570 -440.845944 -417.036281 -395.346933 -378.995207 -354.068157 -309.403086 -264.101857
-387.446637 -414.615524 -439.665693 -476.805683 -516.052450 -554.739922 -584.724448 -613.513220 -642.021535 -661.411371 -679.086491 -696.641681 -714.292267 -733.469903 -752.465768 -771.652737 -792.575157 -812.937338 -807.702559 -794.156834 -780.869742 -779.604042 -782.554828 -785.528114 -793.581074 -806.783987 -819.505198 -811.799220 -796.504051 -781.295255 -772.112914 -765.797203 -759.563093 -762.413413 -770.503655 -778.295765 -771.047687 -756.514590 -742.086328 -724.780424 -704.389185 -684.023705 -664.061379 -643.237465 -622.421124 -599.525938 -576.002315 -552.397446 -529.815118 -508.121240 -486.571933 -475.768923 -464.668140 -454.287774 -436.032442 -416.329171
-501.351169 -523.850279 -548.128008 -579.263721 -616.658351 -646.735474 -676.128081 -704.644817 -733.119263 -755.981148 -773.476777 -783.447353 -797.757252 -816.771416 -830.250596 -846.822004 -867.184462 -869.764399 -865.375544 -852.093087 -848.828198 -848.054430 -851.022890 -852.125839 -857.340043 -870.105810 -865.581889 -857.568561 -842.375850 -831.343141 -822.264990 -816.007959 -811.830483 -812.858621 -820.710924 -818.848771 -811.662305 -797.233565 -785.710393 -770.591773 -750.230808 -733.449001 -714.740442 -693.907544 -672.507612 -649.943720 -626.201625 -600.755940 -577.724030 -558.633979 -549.041238 -538.673561 -531.657385 -535.464121 -521.202007 -506.701383
