tests/Borden05m/sims/sim_1/output-maps/psiliqL0016N0003.asc
ncols         160
nrows         34
xllcorner     620200.000000
yllcorner     5168000.000000
cellsize      0.500000
NODATA_value  -9999.0
[rows 0 to 24 of 34, columns 0 to 54 of 160]
-9999.0 -9999.0 -9999.0 -9999.0 -9999.0 -9999.0 -9999.0 -9999.0 -9999.0 -9999.0 -9999.0 -9999.0 -9999.0 -9999.0 -9999.0 -9999.0 -9999.0 -9999.0 -9999.0 -9999.0 -9999.0 -9999.0 -9999.0 -9999.0 -9999.0 -9999.0 -9999.0 -9999.0 -9999.0 -9999.0 -9999.0 -9999.0 -9999.0 -9999.0 -9999.0 -9999.0 -9999.0 -9999.0 -9999.0 -9999.0 -9999.0 -9999.0 -9999.0 -9999.0 -9999.0 -9999.0 -9999.0 -9999.0 -9999.0 -9999.0 -9999.0 -9999.0 -9999.0 -9999.0 -9999.0
-9999.0 -9999.0 -9999.0 -9999.0 -9999.0 -9999.0 -9999.0 -9999.0 -9999.0 -9999.0 -9999.0 -9999.0 -9999.0 -9999.0 -9999.0 -9999.0 -9999.0 -9999.0 -9999.0 -9999.0 -9999.0 -9999.0 -9999.0 -9999.0 -9999.0 -9999.0 -9999.0 -9999.0 -9999.0 -9999.0 -9999.0 -9999.0 -9999.0 -9999.0 -9999.0 -9999.0 -9999.0 -9999.0 -9999.0 -9999.0 -9999.0 -9999.0 -9999.0 -9999.0 -9999.0 -9999.0 -9999.0 -9999.0 -9999.0 -9999.0 -9999.0 -9999.0 -9999.0 -9999.0 -9999.0
-9999.0 -9999.0 -9999.0 -9999.0 -9999.0 -9999.0 -9999.0 -9999.0 -9999.0 -9999.0 -9999.0 -9999.0 -9999.0 -9999.0 -9999.0 -9999.0 -9999.0 -9999.0 -9999.0 -9999.0 -9999.0 -9999.0 -9999.0 -9999.0 -9999.0 -9999.0 -9999.0 -9999.0 -9999.0 -9999.0 -9999.0 -9999.0 -9999.0 -9999.0 -9999.0 -9999.0 -9999.0 -9999.0 -9999.0 -9999.0 -9999.0 -9999.0 -9999.0 -9999.0 -9999.0 -9999.0 -9999.0 1290.535435 1273.345032 1258.308378 1255.557184 1277.817391 1301.221255 1325.109287 1345.764533
-9999.0 -9999.0 -9999.0 -9999.0 -9999.0 -9999.0 -9999.0 -9999.0 -9999.0 -9999.0 -9999.0 -9999.0 -9999.0 -9999.0 -9999.0 -9999.0 -9999.0 -9999.0 -9999.0 -9999.0 -9999.0 -9999.0 -9999.0 -9999.0 -9999.0 -9999.0 -9999.0 -9999.0 -9999.0 -9999.0 -9999.0 -9999.0 -9999.0 -9999.0 -9999.0 -9999.0 -9999.0 -9999.0 -9999.0 -9999.0 1338.359326 1344.337397 1345.315434 1335.128641 1324.054699 1311.657292 1291.654304 1274.119243 1259.811391 1257.582670 1260.344115 1264.983555 1287.209267 1312.149312 1331.982116
-9999.0 -9999.0 -9999.0 -9999.0 -9999.0 -9999.0 -9999.0 -9999.0 -9999.0 -9999.0 -9999.0 -9999.0 -9999.0 -9999.0 -9999.0 -9999.0 -9999.0 -9999.0 -9999.0 -9999.0 -9999.0 -9999.0 -9999.0 -9999.0 -9999.0 -9999.0 -9999.0 -9999.0 -9999.0 -9999.0 -9999.0 -9999.0 -9999.0 -9999.0 1245.815786 1263.170122 1281.284709 1299.811896 1316.693566 1323.619527 1329.500761 1335.248079 1331.161895 1326.746340 1315.515852 1296.147427 1276.879177 1263.484769 1261.818183 1259.559211 1263.862276 1276.564758 1293.447910 1309.486665 1330.441308
-9999.0 -9999.0 -9999.0 -9999.0 -9999.0 -9999.0 -9999.0 -9999.0 -9999.0 -9999.0 -9999.0 -9999.0 -9999.0 -9999.0 -9999.0 -9999.0 -9999.0 -9999.0 -9999.0 -9999.0 -9999.0 -9999.0 -9999.0 -9999.0 -9999.0 -9999.0 -9999.0 -9999.0 1250.181442 1244.336092 1239.451922 1238.065335 1236.849533 1235.870911 1242.707816 1254.616096 1272.506323 1294.388161 1307.555006 1314.927712 1321.773311 1322.594616 1317.568454 1315.855787 1316.453187 1304.671131 1293.090966 1282.265768 1271.795431 1270.103984 1279.708624 1294.032215 1310.408749 1325.352520 1340.870918
-9999.0 -9999.0 -9999.0 -9999.0 -9999.0 -9999.0 -9999.0 -9999.0 -9999.0 -9999.0 -9999.0 -9999.0 -9999.0 -9999.0 -9999.0 -9999.0 -9999.0 -9999.0 -9999.0 -9999.0 -9999.0 -9999.0 -9999.0 1220.248471 1225.893674 1232.498909 1240.095578 1241.108702 1237.262631 1231.810869 1228.984658 1227.641914 1225.940950 1230.549820 1238.483483 1252.014161 1267.818366 1289.903909 1298.568141 1304.426056 1316.644231 1319.799557 1326.200333 1330.481982 1328.984083 1326.102050 1313.314265 1303.754833 1308.381796 1314.041762 1321.032009 1329.259405 1342.830227 1357.976925 1374.980057
-9999.0 -9999.0 -9999.0 -9999.0 -9999.0 -9999.0 -9999.0 -9999.0 -9999.0 -9999.0 -9999.0 -9999.0 -9999.0 -9999.0 -9999.0 -9999.0 -9999.0 -9999.0 -9999.0 1195.250072 1196.255527 1197.591132 1202.397351 1203.173311 1205.318529 1212.354744 1220.576934 1223.151324 1221.433539 1220.220655 1221.843579 1224.667021 1229.196762 1240.442476 1254.279454 1268.520087 1282.292103 1303.262050 1318.092360 1331.587710 1347.626294 1347.409282 1343.740568 1342.229597 1342.900082 1343.038977 1346.299754 1348.550551 1355.011016 1359.158782 1365.166733 1374.662412 1386.437219 1404.485210 1423.972409
-9999.0 -9999.0 -9999.0 -9999.0 -9999.0 -9999.0 -9999.0 -9999.0 -9999.0 -9999.0 -9999.0 -9999.0 -9999.0 -9999.0 -9999.0 -9999.0 1166.408091 1168.312558 1170.642503 1176.129482 1179.256544 1183.346503 1190.399546 1191.790534 1195.599833 1202.831195 1207.743198 1216.738499 1224.949323 1232.327191 1238.382440 1241.131597 1248.517876 1258.171995 1270.059088 1285.152778 1306.473907 1329.754909 1346.052574 1363.031519 1380.361062 1381.249372 1380.383521 1381.716177 1382.207167 1388.009040 1405.226948 1410.857504 1411.250925 1426.794490 1440.679196 1445.674127 1453.504115 1472.904724 1496.478517
-9999.0 -9999.0 -9999.0 -9999.0 -9999.0 -9999.0 -9999.0 -9999.0 -9999.0 -9999.0 -9999.0 -9999.0 -9999.0 1119.444828 1123.640433 1133.416006 1143.135262 1145.860810 1150.378574 1156.660005 1168.967050 1172.718253 1179.024481 1186.646990 1198.760826 1207.487922 1216.689889 1228.596755 1237.025697 1244.295026 1251.307183 1256.578500 1269.628825 1284.751690 1300.370819 1320.505127 1342.596516 1362.924838 1383.198111 1399.344109 1413.026768 1414.632873 1414.124500 1416.938959 1424.627163 1441.593623 1460.544504 1468.761075 1486.144791 1509.322005 1522.806778 1534.290046 1543.024194 1556.929988 1578.571889
-9999.0 -9999.0 -9999.0 -9999.0 -9999.0 -9999.0 -9999.0 -9999.0 -9999.0 -9999.0 1087.172234 1089.438531 1086.085673 1085.580767 1090.902528 1103.173029 1117.139741 1123.688511 1135.464878 1156.577039 1174.616922 1178.193798 1192.679690 1203.018822 1209.898450 1220.424489 1233.619338 1246.403486 1263.087021 1275.554822 1286.848561 1306.019490 1322.546703 1339.221338 1357.116958 1377.610563 1397.089100 1425.076830 1452.087277 1464.745185 1486.696096 1497.068783 1494.817645 1495.482100 1505.335586 1521.519778 1542.738364 1566.012022 1588.357427 1614.282458 1631.655540 1646.713956 1658.052791 1670.958842 1687.578986
-9999.0 -9999.0 -9999.0 -9999.0 -9999.0 -9999.0 -9999.0 -9999.0 1062.493266 1069.991343 1076.096372 1073.171892 1068.802425 1064.737239 1078.727966 1094.646002 1110.813722 1128.672075 1144.758231 1163.099377 1178.334621 1194.504786 1214.515002 1226.242413 1237.915009 1253.351521 1267.097210 1284.067220 1305.404702 1317.674065 1333.862099 1355.226822 1373.743744 1391.974736 1411.043497 1429.420841 1455.426519 1488.924915 1520.977629 1543.442625 1571.831439 1594.928209 1594.709258 1597.915850 1603.258194 1629.877808 1660.145183 1692.024460 1718.099915 1746.510066 1777.200338 1796.581512 1808.197683 1821.695140 1837.913546
-9999.0 -9999.0 -9999.0 -9999.0 -9999.0 -9999.0 1035.167628 1059.455183 1074.545748 1066.616075 1056.221222 1052.470191 1048.260429 1072.795746 1094.966745 1112.417258 1129.505942 1147.333928 1164.046633 1176.636581 1209.989317 1228.195858 1242.450931 1260.111310 1274.938350 1289.782316 1307.325436 1330.656165 1352.161439 1381.087402 1405.979661 1429.374962 1455.783638 1475.811187 1495.066727 1513.420798 1544.863949 1582.545328 1619.802031 1649.152320 1677.242393 1709.426503 1717.228758 1724.204325 1732.425141 1755.550030 1789.221163 1821.386656 1856.891598 1890.693124 1919.310680 1932.530412 1943.971371 1956.207162 1970.657791
-9999.0 -9999.0 -9999.0 -9999.0 1001.946179 1022.846981 1042.698941 1073.311598 1095.832115 1090.917697 1097.398276 1097.400990 1095.410464 1099.608827 1107.020279 1125.264991 1144.207287 1163.431579 1181.059378 1215.192030 1259.834936 1275.070973 1298.773507 1330.749649 1344.504921 1360.030004 1376.576755 1399.632234 1425.634482 1458.627221 1501.452354 1538.101114 1564.050518 1587.397666 1609.336900 1631.657143 1666.815153 1705.582895 1743.773499 1779.300360 1810.574323 1838.242955 1852.067342 1861.687973 1875.441946 1893.995387 1917.544569 1946.908600 1980.363644 2014.123951 2040.405992 2054.680722 2063.239350 2074.569302 2085.408591
-9999.0 -9999.0 -9999.0 951.975347 990.700661 1028.734312 1055.566793 1086.393921 1118.574937 1122.726653 1131.796187 1136.295050 1140.655948 1149.122167 1157.360386 1174.733729 1191.494495 1208.213784 1230.496464 1267.076272 1301.607361 1330.211014 1362.071924 1387.962792 1408.242150 1424.308922 1443.338021 1467.281652 1506.988473 1543.946615 1594.139603 1647.668363 1684.884401 1709.967316 1733.636477 1762.316302 1788.795467 1827.006330 1863.760619 1898.854649 1932.485296 1958.893949 1979.037993 1988.376812 2000.031253 2010.333570 2027.998885 2051.176494 2074.699383 2105.104451 2134.712849 2161.027819 2176.016206 2186.787319 2203.398560
-9999.0 -9999.0 904.676657 942.686887 976.413495 1026.158200 1079.065981 1113.515314 1154.215383 1177.522529 1184.039475 1200.572637 1216.296045 1223.212787 1238.398193 1255.471344 1274.089620 1281.537669 1299.161691 1328.154905 1376.609937 1421.017819 1439.715731 1489.740136 1523.356251 1552.294964 1571.149102 1598.427956 1634.714422 1676.016642 1724.851290 1775.830554 1815.243189 1847.743586 1866.090306 1887.360102 1911.391687 1937.581328 1973.824206 2004.328961 2037.956132 2065.702878 2088.845909 2096.703812 2103.223873 2120.695644 2147.051364 2175.057108 2201.321468 2226.640633 2229.073470 2243.222973 2250.229596 2254.576631 2260.427208
-9999.0 -9999.0 877.511869 922.590818 962.126715 1027.470313 1107.896886 1144.654796 1187.214255 1233.096635 1251.418389 1275.893717 1286.324893 1294.257513 1317.719111 1339.887890 1353.799757 1361.280066 1360.909631 1416.332373 1474.292592 1522.360285 1565.516782 1634.502428 1681.848921 1700.715807 1714.927285 1736.475775 1761.426499 1804.869809 1852.371919 1906.492070 1951.371384 1983.981936 2001.871210 2022.067259 2043.749440 2062.756981 2083.608550 2125.443068 2155.673488 2183.628171 2212.434930 2234.134414 2243.888380 2249.087422 2238.400240 2250.799587 2259.704752 2264.476107 2267.062752 2264.921046 2265.269702 2266.721713 2268.247882
-9999.0 788.115606 840.281419 893.086760 961.346244 1027.785556 1109.826922 1189.007224 1246.943451 1294.854013 1323.930357 1334.721687 1368.004864 1409.489898 1435.895853 1462.586999 1467.136019 1473.868068 1463.959848 1513.413894 1562.319485 1634.596900 1743.648338 1801.998084 1850.632196 1854.117897 1850.315857 1863.259457 1887.159448 1931.901869 2001.199994 2050.681404 2106.494668 2149.282561 2166.431593 2175.084447 2194.247976 2215.615433 2200.112676 2226.780802 2240.271810 2251.679887 2256.773506 2260.218481 2262.967629 2264.782197 2263.211617 2258.404198 2252.099963 2247.837119 2244.881380 2241.217049 2244.189991 2247.753975 2248.534692
-9999.0 752.274830 811.444358 882.478073 952.959083 1018.223086 1118.968281 1264.293808 1318.851451 1356.478021 1378.099724 1396.470375 1473.271861 1540.308359 1575.464824 1621.793653 1617.321816 1608.136105 1593.547996 1626.389557 1675.521415 1750.125163 1896.338893 1982.833880 2016.275884 2029.695306 2038.315161 2066.576842 2105.231284 2143.967205 2179.600981 2177.337860 2208.001943 2224.564640 2230.845043 2234.585806 2240.587143 2242.823615 2243.286190 2241.929062 2239.529648 2241.767691 2247.601466 2249.000791 2247.692441 2245.962304 2241.649801 2235.236237 2230.695036 2226.843931 2224.698818 2222.092962 2220.567473 2220.331938 2215.560382
-9999.0 721.311371 792.903144 855.728322 918.384653 1029.888210 1155.974438 1291.912054 1384.863925 1422.562355 1441.908311 1509.010930 1612.021793 1711.667353 1766.390925 1794.352249 1796.378362 1774.883353 1777.383761 1822.935438 1889.263131 1984.986786 2083.363313 2164.668244 2181.489348 2188.478197 2167.886363 2185.210981 2201.216816 2206.094775 2209.856427 2216.136887 2223.687623 2228.930211 2230.163965 2229.842596 2227.614540 2222.045770 2219.327940 2218.014641 2216.320772 2217.275399 2220.995635 2223.241455 2221.526235 2218.415164 2214.478571 2209.220900 2203.328943 2196.948095 2193.087617 2189.009279 2186.551166 2181.002494 2175.809179
-9999.0 618.986475 708.199683 761.419494 871.267276 1046.778377 1173.309267 1321.610686 1469.265361 1506.774282 1579.898330 1704.049958 1813.962639 1892.239929 1935.340455 1979.434424 2010.754296 2035.714714 2072.484587 2023.847957 2084.283601 2147.804162 2177.795529 2194.147269 2200.792982 2205.601450 2200.890348 2184.623512 2176.930614 2172.610544 2176.295622 2185.289768 2192.263452 2199.242324 2198.859761 2201.188956 2203.056694 2201.272204 2199.071015 2192.360476 2186.124345 2181.361733 2180.144944 2185.765136 2181.252105 2178.344462 2172.338720 2164.128349 2155.143948 2147.350213 2139.413321 2132.342275 2128.936678 2122.374287 2119.275997
-9999.0 538.114887 614.407904 700.207616 835.026356 998.943053 1124.371908 1289.978944 1501.080956 1619.788425 1749.815467 1827.189461 1904.127567 1967.169748 2031.876925 2082.384857 2110.543484 2123.762114 2113.913567 2128.646139 2098.749232 2094.875709 2115.727761 2145.733163 2162.854313 2170.096560 2164.792540 2156.965585 2151.769960 2152.088197 2151.659176 2150.547067 2149.224698 2147.715075 2145.615597 2148.776975 2154.510224 2149.429358 2141.697581 2134.435650 2127.844638 2120.166785 2115.044485 2111.549280 2110.455630 2109.831197 2101.750840 2090.739492 2079.528536 2070.728901 2062.507553 2056.301717 2052.608634 2046.085965 2035.787728
-9999.0 437.132868 559.647650 651.600588 770.204986 906.031522 1029.704546 1191.728863 1338.042345 1560.396190 1717.277702 1837.080892 1884.054120 1948.401618 2010.073526 2080.809325 2087.701055 2062.257834 2032.138503 2020.627230 2029.954933 2042.512541 2057.857425 2079.376429 2099.479066 2111.599957 2116.230088 2110.603635 2097.946114 2088.464012 2080.978757 2070.439042 2062.996131 2061.798065 2063.474478 2071.576726 2074.179842 2065.933316 2053.758310 2038.215222 2024.637206 2014.310110 2011.657632 2012.953737 2012.528241 2007.968616 2000.215409 1988.510150 1974.922630 1962.118008 1954.059577 1947.776200 1939.533262 1927.704648 1914.267360
-9999.0 -9999.0 483.142946 593.905433 700.421392 821.882698 934.195850 1074.503062 1223.480208 1403.578084 1521.959099 1660.325636 1738.858828 1788.171107 1839.075697 1896.625468 1919.290570 1943.014172 1931.248437 1939.481974 1949.222821 1957.779305 1969.389634 1982.574882 1997.661663 2009.526435 2019.031365 2017.712865 2008.938701 1990.958731 1969.158397 1952.228210 1942.607085 1935.074779 1944.718078 1956.341327 1953.363626 1947.202564 1935.759241 1920.492560 1907.952840 1894.377715 1890.508069 1890.236281 1889.537236 1885.566642 1879.990517 1865.813137 1851.700738 1839.005032 1832.644772 1825.514400 1819.178271 1807.098769 1793.909463
-9999.0 -9999.0 398.351853 506.613765 619.799714 742.513949 840.972573 909.061256 1059.342829 1174.062176 1279.183834 1380.119492 1465.917876 1531.849433 1576.204580 1639.009854 1683.883753 1702.180731 1726.989770 1762.021071 1790.893590 1822.247792 1843.379544 1857.786032 1873.446034 1888.401027 1897.866903 1886.210102 1875.159386 1857.931661 1835.542573 1811.103546 1798.215199 1794.681554 1796.188689 1800.690052 1794.921672 1785.869477 1772.031625 1757.147813 1744.569810 1733.693525 1729.423641 1725.138030 1722.799037 1718.847288 1714.647676 1705.409954 1693.555381 1685.426231 1676.281407 1669.834432 1666.226216 1659.134466 1649.399546
