tests/Borden05m/sims/sim_1/output-maps/psiliqL0015N0003.asc
ncols         160
nrows         34
xllcorner     620200.000000
yllcorner     5168000.000000
cellsize      0.500000
NODATA_value  -9999.0
[rows 0 to 24 of 34, columns 0 to 55 of 160]
-9999.0 -9999.0 -9999.0 -9999.0 -9999.0 -9999.0 -9999.0 -9999.0 -9999.0 -9999.0 -9999.0 -9999.0 -9999.0 -9999.0 -9999.0 -9999.0 -9999.0 -9999.0 -9999.0 -9999.0 -9999.0 -9999.0 -9999.0 -9999.0 -9999.0 -9999.0 -9999.0 -9999.0 -9999.0 -9999.0 -9999.0 -9999.0 -9999.0 -9999.0 -9999.0 -9999.0 -9999.0 -9999.0 -9999.0 -9999.0 -9999.0 -9999.0 -9999.0 -9999.0 -9999.0 -9999.0 -9999.0 -9999.0 -9999.0 -9999.0 -9999.0 -9999.0 -9999.0 -9999.0 -9999.0 -9999.0
-9999.0 -9999.0 -9999.0 -9999.0 -9999.0 -9999.0 -9999.0 -9999.0 -9999.0 -9999.0 -9999.0 -9999.0 -9999.0 -9999.0 -9999.0 -9999.0 -9999.0 -9999.0 -9999.0 -9999.0 -9999.0 -9999.0 -9999.0 -9999.0 -9999.0 -9999.0 -9999.0 -9999.0 -9999.0 -9999.0 -9999.0 -9999.0 -9999.0 -9999.0 -9999.0 -9999.0 -9999.0 -9999.0 -9999.0 -9999.0 -9999.0 -9999.0 -9999.0 -9999.0 -9999.0 -9999.0 -9999.0 -9999.0 -9999.0 -9999.0 -9999.0 -9999.0 -9999.0 -9999.0 -9999.0 -9999.0
-9999.0 -9999.0 -9999.0 -9999.0 -9999.0 -9999.0 -9999.0 -9999.0 -9999.0 -9999.0 -9999.0 -9999.0 -9999.0 -9999.0 -9999.0 -9999.0 -9999.0 -9999.0 -9999.0 -9999.0 -9999.0 -9999.0 -9999.0 -9999.0 -9999.0 -9999.0 -9999.0 -9999.0 -9999.0 -9999.0 -9999.0 -9999.0 -9999.0 -9999.0 -9999.0 -9999.0 -9999.0 -9999.0 -9999.0 -9999.0 -9999.0 -9999.0 -9999.0 -9999.0 -9999.0 -9999.0 -9999.0 1089.394979 1072.166386 1056.905926 1054.292030 1076.612727 1099.984863 1123.815975 1144.424121 1163.010787
-9999.0 -9999.0 -9999.0 -9999.0 -9999.0 -9999.0 -9999.0 -9999.0 -9999.0 -9999.0 -9999.0 -9999.0 -9999.0 -9999.0 -9999.0 -9999.0 -9999.0 -9999.0 -9999.0 -9999.0 -9999.0 -9999.0 -9999.0 -9999.0 -9999.0 -9999.0 -9999.0 -9999.0 -9999.0 -9999.0 -9999.0 -9999.0 -9999.0 -9999.0 -9999.0 -9999.0 -9999.0 -9999.0 -9999.0 -9999.0 1137.180481 1143.133179 1144.185824 1133.900760 1122.785623 1110.460002 1090.471396 1072.885737 1058.403898 1056.080662 1058.807169 1063.582075 1085.902511 1110.725750 1130.485775 1147.367880
-9999.0 -9999.0 -9999.0 -9999.0 -9999.0 -9999.0 -9999.0 -9999.0 -9999.0 -9999.0 -9999.0 -9999.0 -9999.0 -9999.0 -9999.0 -9999.0 -9999.0 -9999.0 -9999.0 -9999.0 -9999.0 -9999.0 -9999.0 -9999.0 -9999.0 -9999.0 -9999.0 -9999.0 -9999.0 -9999.0 -9999.0 -9999.0 -9999.0 -9999.0 1044.796712 1062.166394 1080.254257 1098.721728 1115.536273 1122.399781 1128.268887 1134.013454 1129.924831 1125.439925 1114.185302 1094.918786 1075.586125 1062.066183 1060.256834 1057.938684 1062.242536 1074.990395 1091.825298 1107.899967 1128.831611 1152.554763
-9999.0 -9999.0 -9999.0 -9999.0 -9999.0 -9999.0 -9999.0 -9999.0 -9999.0 -9999.0 -9999.0 -9999.0 -9999.0 -9999.0 -9999.0 -9999.0 -9999.0 -9999.0 -9999.0 -9999.0 -9999.0 -9999.0 -9999.0 -9999.0 -9999.0 -9999.0 -9999.0 -9999.0 1049.253177 1043.384226 1038.439827 1037.011507 1035.758227 1034.724005 1041.555995 1053.504685 1071.429215 1093.225809 1106.312427 1113.630892 1120.411793 1121.214669 1116.203107 1114.407678 1114.930322 1103.154159 1091.562566 1080.724387 1070.249610 1068.620508 1078.210340 1092.453078 1108.760358 1123.661359 1139.132656 1149.091034
-9999.0 -9999.0 -9999.0 -9999.0 -9999.0 -9999.0 -9999.0 -9999.0 -9999.0 -9999.0 -9999.0 -9999.0 -9999.0 -9999.0 -9999.0 -9999.0 -9999.0 -9999.0 -9999.0 -9999.0 -9999.0 -9999.0 -9999.0 1019.479168 1025.170408 1031.737466 1039.273218 1040.242175 1036.310060 1030.802065 1027.898792 1026.495739 1024.785333 1029.335934 1037.310605 1050.841992 1066.637313 1088.628645 1097.260735 1103.206389 1115.435549 1118.446073 1124.604107 1128.827525 1127.270742 1124.413276 1111.745566 1102.296213 1107.080994 1112.814279 1119.720562 1127.839595 1141.325304 1156.531915 1173.632687 1193.543594
-9999.0 -9999.0 -9999.0 -9999.0 -9999.0 -9999.0 -9999.0 -9999.0 -9999.0 -9999.0 -9999.0 -9999.0 -9999.0 -9999.0 -9999.0 -9999.0 -9999.0 -9999.0 -9999.0 994.538829 995.506072 996.776669 1001.530294 1002.317277 1004.455736 1011.463777 1019.647114 1022.125615 1020.400753 1019.097901 1020.680729 1023.454371 1027.908632 1039.164743 1052.981163 1067.188425 1080.993869 1101.926601 1116.730289 1130.272598 1146.309790 1145.924886 1142.140981 1140.533326 1141.169171 1141.378925 1145.030478 1147.503264 1153.889827 1158.291039 1164.453799 1173.882968 1185.533651 1203.647576 1223.255486 1242.739969
-9999.0 -9999.0 -9999.0 -9999.0 -9999.0 -9999.0 -9999.0 -9999.0 -9999.0 -9999.0 -9999.0 -9999.0 -9999.0 -9999.0 -9999.0 -9999.0 965.796548 967.678973 969.957240 975.404931 978.422188 982.469166 989.470114 990.790142 994.579918 1001.764097 1006.658975 1015.558190 1023.687284 1031.032787 1037.046470 1039.766033 1047.181588 1056.823889 1068.703472 1083.867740 1105.261767 1128.453358 1144.744515 1161.675883 1178.927855 1179.746001 1178.851660 1180.172668 1180.739359 1186.869687 1204.266904 1210.042335 1210.910169 1226.954202 1240.957411 1246.065648 1253.871113 1273.139361 1296.781787 1319.426302
-9999.0 -9999.0 -9999.0 -9999.0 -9999.0 -9999.0 -9999.0 -9999.0 -9999.0 -9999.0 -9999.0 -9999.0 -9999.0 919.222247 923.397308 933.067183 942.550934 945.184406 949.593754 955.768539 968.028712 971.722742 977.991772 985.588356 997.573688 1006.240104 1015.418581 1027.282345 1035.696689 1042.942321 1049.960356 1055.410845 1068.556988 1083.728009 1099.405720 1119.573157 1141.609366 1162.049624 1182.447190 1198.473934 1212.254737 1214.164160 1213.550343 1216.290724 1224.134862 1241.361525 1260.439838 1269.339862 1287.424352 1310.806287 1324.541241 1336.347929 1345.238740 1359.061545 1380.665796 1415.006122
-9999.0 -9999.0 -9999.0 -9999.0 -9999.0 -9999.0 -9999.0 -9999.0 -9999.0 -9999.0 886.596998 888.894981 885.511484 885.162392 890.364705 902.550311 916.378659 922.951881 934.623206 955.626546 973.514579 977.059370 991.569445 1001.830689 1008.644834 1019.174555 1032.346463 1045.153436 1061.922607 1074.427856 1085.924091 1105.326352 1121.873345 1138.537320 1156.428962 1176.850967 1196.569452 1224.883686 1251.996580 1264.936423 1287.268887 1298.251888 1296.031070 1296.784313 1306.550796 1323.107010 1344.874058 1368.855259 1391.573226 1417.894493 1435.940695 1451.164161 1462.652765 1475.745541 1492.471088 1529.210152
-9999.0 -9999.0 -9999.0 -9999.0 -9999.0 -9999.0 -9999.0 -9999.0 862.047465 869.435547 875.547628 872.588782 868.150439 864.180394 878.009677 893.884068 909.992399 927.706662 943.750567 962.002291 977.275301 993.494016 1013.393916 1025.126556 1036.820965 1052.220272 1065.965230 1083.081059 1104.444385 1117.080653 1133.698471 1155.182365 1173.891478 1192.164023 1211.218842 1229.667923 1256.107753 1289.822416 1322.082254 1345.059033 1373.588020 1397.143975 1397.303925 1400.841477 1406.448105 1433.335334 1463.968505 1496.148979 1522.962302 1551.923672 1582.886227 1602.271989 1614.022522 1627.671203 1644.099400 1664.695755
-9999.0 -9999.0 -9999.0 -9999.0 -9999.0 -9999.0 834.982967 859.220605 874.236516 866.308048 856.208787 852.504800 848.385144 872.175316 894.205896 911.548009 928.557853 946.298146 962.942132 975.823004 1009.422369 1027.390677 1041.762941 1059.733676 1074.478460 1089.244509 1106.801652 1130.220844 1152.009367 1181.512015 1207.156221 1231.120517 1257.683753 1277.851130 1297.199372 1315.865576 1347.553874 1385.430823 1422.886732 1452.663013 1481.039357 1513.180125 1521.617228 1528.972012 1537.735691 1560.758019 1594.412451 1626.849440 1662.787040 1696.973688 1725.597229 1738.893294 1750.379124 1762.682653 1777.223939 1790.704294
-9999.0 -9999.0 -9999.0 -9999.0 801.782576 822.666289 842.591639 873.207548 895.712182 890.715022 897.297060 897.372846 895.483010 899.449858 906.632622 924.823444 943.593059 962.631402 980.424150 1015.076330 1059.356218 1074.849354 1099.045069 1131.126065 1144.995209 1160.510574 1176.994287 1200.143931 1226.716525 1260.134245 1303.682051 1340.964508 1367.262448 1390.898534 1412.987651 1435.685245 1470.744194 1509.610185 1548.044888 1583.979490 1615.650718 1643.403340 1657.806182 1667.797589 1681.858442 1700.492096 1724.026573 1753.411984 1786.770550 1820.610712 1847.026908 1861.548085 1870.159317 1881.425884 1892.387769 1905.016419
-9999.0 -9999.0 -9999.0 752.262046 790.929252 828.771194 855.673210 886.494804 918.572133 923.023375 931.991913 936.779688 941.482461 950.050624 958.574279 975.833373 992.259462 1008.471593 1030.626536 1067.296408 1102.158900 1131.632942 1163.740118 1190.409775 1211.207570 1227.388374 1246.272058 1270.395767 1310.266272 1347.800059 1398.352697 1452.152113 1489.830617 1515.381863 1539.082208 1567.755523 1594.243249 1632.342744 1669.362932 1704.735536 1738.544451 1765.169267 1785.679044 1795.300478 1807.013108 1817.571061 1835.494862 1858.622248 1882.010070 1912.146054 1941.479864 1967.097789 1981.716292 1992.199746 2008.563104 2025.033343
-9999.0 -9999.0 705.105170 742.948527 776.881818 826.881726 879.713604 914.009646 954.718558 978.301848 984.955974 1001.852029 1017.841199 1025.074705 1040.613505 1057.839217 1075.848887 1082.864255 1099.948758 1129.958731 1179.285787 1224.547766 1245.279948 1296.296711 1330.086907 1358.472639 1376.853233 1403.970681 1439.972392 1481.918318 1531.185448 1582.320535 1622.255302 1655.202564 1673.711721 1694.925407 1719.077888 1744.991136 1781.028003 1811.819095 1845.211878 1872.878743 1896.051879 1904.289715 1910.912116 1928.242716 1954.091376 1981.356657 2007.009838 2031.686655 2035.444650 2048.406971 2054.825435 2058.829361 2064.223340 2068.139490
-9999.0 -9999.0 678.253566 723.167730 763.160602 829.172629 908.922464 945.810652 988.465942 1034.191083 1052.722227 1077.241078 1088.990550 1098.455266 1122.168510 1144.768268 1157.703081 1164.811422 1164.614705 1220.072734 1278.363798 1328.600365 1375.232977 1443.505253 1490.295663 1508.420711 1522.070993 1543.451478 1568.712446 1612.602933 1660.903964 1714.978957 1760.061663 1792.796550 1810.809820 1830.763912 1852.322139 1871.330451 1891.980016 1933.019602 1962.249939 1989.518695 2017.681769 2039.103580 2048.725182 2053.665306 2044.049293 2055.445271 2063.654908 2068.089367 2070.480106 2068.283647 2068.552051 2069.947265 2071.466650 2066.899494
-9999.0 589.286695 641.402675 694.412378 763.015377 829.894446 912.544695 992.001234 1048.945475 1096.218346 1125.404768 1137.627608 1173.848250 1216.627718 1243.416362 1270.754084 1274.820809 1280.801762 1271.338799 1320.124710 1370.036685 1444.529404 1554.631262 1613.077424 1660.268448 1664.181096 1660.730551 1674.057132 1698.418229 1742.807889 1810.986649 1859.600998 1914.154796 1955.884945 1972.653604 1981.056826 1999.897509 2020.950505 2008.468139 2033.230595 2045.705718 2056.253381 2060.622467 2063.894097 2066.537417 2068.323142 2066.740248 2061.935834 2055.635417 2051.380040 2048.428551 2044.750232 2047.713406 2051.282592 2052.159644 2045.406379
-9999.0 553.705355 613.040108 684.309924 755.048082 822.041448 924.471669 1067.600890 1121.180265 1158.541386 1181.488078 1203.781637 1282.270351 1349.837045 1385.815279 1431.968616 1428.139273 1419.029172 1406.116119 1439.330616 1489.285290 1564.223068 1708.115780 1794.271474 1825.694871 1839.251368 1848.172063 1875.996395 1913.703166 1951.087968 1985.351681 1985.457964 2013.950269 2029.332129 2035.332553 2039.003333 2044.719096 2046.987873 2047.334041 2045.982590 2043.552529 2045.714424 2051.419705 2052.758338 2051.435038 2049.722357 2045.430573 2039.031688 2034.506305 2030.699887 2028.589319 2026.011470 2024.562601 2024.452852 2019.825843 2013.773356
-9999.0 523.700693 594.954674 658.211103 722.483190 835.953483 961.527057 1096.498172 1188.913726 1226.773002 1250.063553 1320.251061 1423.339405 1522.336968 1577.176905 1605.522323 1609.154063 1589.703050 1593.825647 1639.100229 1704.666721 1797.747843 1891.895233 1970.901334 1987.359880 1994.218721 1975.775593 1991.869799 2006.708032 2011.333629 2014.949537 2020.697462 2028.120983 2033.223684 2034.400579 2034.033917 2031.794804 2026.255799 2023.550463 2022.289303 2020.621976 2021.615397 2025.350793 2027.506443 2025.799363 2022.696518 2018.780155 2013.569329 2007.794119 2001.516854 1997.771248 1993.797166 1991.421207 1986.024588 1980.871070 1973.668641
-9999.0 423.536910 512.003184 566.493337 679.913969 854.025093 980.167997 1129.119289 1274.876811 1313.938862 1389.807582 1512.660699 1621.902034 1700.002715 1744.298841 1788.993614 1820.393564 1845.595433 1881.742329 1839.370081 1897.330141 1956.939145 1984.906115 2000.332976 2006.101883 2010.850731 2006.220578 1990.030716 1982.295738 1977.873357 1981.435732 1990.287464 1997.193339 2004.113976 2003.674760 2005.912589 2007.678064 2005.913615 2003.836825 1997.267289 1991.125116 1986.485006 1985.402586 1991.055057 1986.513574 1983.528339 1977.543806 1969.418010 1960.606609 1952.888417 1945.071283 1938.089236 1934.733575 1928.212467 1925.135704 1914.734943
-9999.0 342.665417 419.340776 507.811583 645.078721 808.951963 937.325951 1103.589606 1311.594340 1428.526753 1555.358276 1631.682807 1709.498951 1774.623381 1840.450781 1890.113306 1917.673459 1930.376325 1921.956120 1935.397982 1906.249458 1902.520485 1923.046953 1952.534200 1969.123331 1976.225315 1970.803761 1962.806282 1957.540907 1957.728443 1957.202315 1956.132402 1954.865973 1953.370499 1951.207680 1954.245157 1959.912877 1954.999950 1947.611363 1940.615666 1934.239256 1926.724545 1921.685653 1918.300442 1917.049570 1916.311895 1908.147751 1897.037044 1885.753331 1876.928896 1868.694269 1862.453647 1858.828591 1852.347634 1842.179078 1827.083749
-9999.0 243.655497 365.115679 458.683479 579.782683 716.303499 841.930500 1004.919278 1152.802423 1372.929473 1531.511098 1644.401802 1691.268925 1755.085710 1817.854086 1887.617409 1894.922149 1869.463697 1840.097069 1828.536388 1837.204025 1849.653288 1865.233613 1886.991650 1906.911981 1918.855427 1923.137574 1917.288892 1904.535440 1895.080733 1887.680996 1877.213207 1869.779648 1868.572617 1869.912543 1877.740061 1880.474602 1872.278643 1860.269604 1845.037924 1831.709148 1821.566399 1818.875989 1820.037046 1819.446417 1814.781401 1806.729028 1794.793800 1780.986508 1768.102173 1759.850652 1753.477053 1745.294118 1733.578691 1720.171428 1704.722271
-9999.0 -9999.0 289.578507 400.600226 508.502507 631.068445 745.752485 888.304662 1038.102750 1219.026852 1337.611597 1471.938009 1548.906458 1598.716372 1651.042571 1708.227886 1730.035258 1752.422205 1739.529490 1746.956288 1756.285799 1764.827889 1776.769204 1790.401087 1805.647590 1817.426132 1826.590629 1825.160870 1816.113440 1798.058730 1776.300884 1759.384962 1749.653417 1742.172106 1751.502052 1762.982112 1760.202228 1754.066406 1742.720816 1727.611435 1715.115251 1701.635304 1697.750220 1697.474374 1696.634253 1692.435309 1686.435128 1671.933397 1657.501270 1644.463286 1637.888404 1630.683045 1624.177304 1611.972443 1598.592996 1583.739530
-9999.0 -9999.0 205.165970 313.898365 428.271708 551.581628 651.542702 725.135512 876.791311 992.552618 1097.309875 1197.123060 1281.739009 1347.264680 1392.513188 1455.007870 1498.331302 1516.142700 1538.953044 1571.707563 1599.729819 1630.062155 1650.830929 1665.546820 1681.322344 1696.113336 1705.550597 1693.999390 1682.679919 1665.088615 1642.436822 1617.915665 1604.894451 1600.958431 1602.665328 1607.433464 1601.809562 1592.690897 1578.845993 1563.807867 1551.160705 1540.086439 1535.763875 1531.627549 1529.296486 1525.209091 1520.720356 1511.041830 1498.781829 1490.293518 1481.100367 1474.473313 1470.697666 1463.317655 1453.283325 1446.002647
