tests/Borden05m/sims/sim_1/output-maps/psiliqL0021N0017.asc
ncols         160
nrows         34
xllcorner     620200.000000
yllcorner     5168000.000000
cellsize      0.500000
NODATA_value  -9999.0
[rows 0 to 24 of 34, columns 0 to 54 of 160]
-9999.0 -9999.0 -9999.0 -9999.0 -9999.0 -9999.0 -9999.0 -9999.0 -9999.0 -9999.0 -9999.0 -9999.0 -9999.0 -9999.0 -9999.0 -9999.0 -9999.0 -9999.0 -9999.0 -9999.0 -9999.0 -9999.0 -9999.0 -9999.0 -9999.0 -9999.0 -9999.0 -9999.0 -9999.0 -9999.0 -9999.0 -9999.0 -9999.0 -9999.0 -9999.0 -9999.0 -9999.0 -9999.0 -9999.0 -9999.0 -9999.0 -9999.0 -9999.0 -9999.0 -9999.0 -9999.0 -9999.0 -9999.0 -9999.0 -9999.0 -9999.0 -9999.0 -9999.0 -9999.0 -9999.0
-9999.0 -9999.0 -9999.0 -9999.0 -9999.0 -9999.0 -9999.0 -9999.0 -9999.0 -9999.0 -9999.0 -9999.0 -9999.0 -9999.0 -9999.0 -9999.0 -9999.0 -9999.0 -9999.0 -9999.0 -9999.0 -9999.0 -9999.0 -9999.0 -9999.0 -9999.0 -9999.0 -9999.0 -9999.0 -9999.0 -9999.0 -9999.0 -9999.0 -9999.0 -9999.0 -9999.0 -9999.0 -9999.0 -9999.0 -9999.0 -9999.0 -9999.0 -9999.0 -9999.0 -9999.0 -9999.0 -9999.0 -9999.0 -9999.0 -9999.0 -9999.0 -9999.0 -9999.0 -9999.0 -9999.0
-9999.0 -9999.0 -9999.0 -9999.0 -9999.0 -9999.0 -9999.0 -9999.0 -9999.0 -9999.0 -9999.0 -9999.0 -9999.0 -9999.0 -9999.0 -9999.0 -9999.0 -9999.0 -9999.0 -9999.0 -9999.0 -9999.0 -9999.0 -9999.0 -9999.0 -9999.0 -9999.0 -9999.0 -9999.0 -9999.0 -9999.0 -9999.0 -9999.0 -9999.0 -9999.0 -9999.0 -9999.0 -9999.0 -9999.0 -9999.0 -9999.0 -9999.0 -9999.0 -9999.0 -9999.0 -9999.0 -9999.0 2304.587715 2287.609190 2273.739006 2270.379820 2292.448112 2316.147281 2340.474468 2361.525907
-9999.0 -9999.0 -9999.0 -9999.0 -9999.0 -9999.0 -9999.0 -9999.0 -9999.0 -9999.0 -9999.0 -9999.0 -9999.0 -9999.0 -9999.0 -9999.0 -9999.0 -9999.0 -9999.0 -9999.0 -9999.0 -9999.0 -9999.0 -9999.0 -9999.0 -9999.0 -9999.0 -9999.0 -9999.0 -9999.0 -9999.0 -9999.0 -9999.0 -9999.0 -9999.0 -9999.0 -9999.0 -9999.0 -9999.0 -9999.0 2352.532335 2358.655971 2359.281507 2349.600669 2338.739443 2325.982203 2305.903406 2288.625071 2275.205950 2273.492927 2276.501009 2280.563981 2302.443182 2328.112972 2348.464460
-9999.0 -9999.0 -9999.0 -9999.0 -9999.0 -9999.0 -9999.0 -9999.0 -9999.0 -9999.0 -9999.0 -9999.0 -9999.0 -9999.0 -9999.0 -9999.0 -9999.0 -9999.0 -9999.0 -9999.0 -9999.0 -9999.0 -9999.0 -9999.0 -9999.0 -9999.0 -9999.0 -9999.0 -9999.0 -9999.0 -9999.0 -9999.0 -9999.0 -9999.0 2258.658027 2276.026219 2294.394348 2313.341359 2330.663214 2337.977628 2343.961220 2349.748936 2345.691073 2341.627913 2330.512492 2310.619446 2291.655086 2278.877427 2277.929954 2275.995245 2280.348530 2292.904111 2310.130872 2326.111970 2347.309526
-9999.0 -9999.0 -9999.0 -9999.0 -9999.0 -9999.0 -9999.0 -9999.0 -9999.0 -9999.0 -9999.0 -9999.0 -9999.0 -9999.0 -9999.0 -9999.0 -9999.0 -9999.0 -9999.0 -9999.0 -9999.0 -9999.0 -9999.0 -9999.0 -9999.0 -9999.0 -9999.0 -9999.0 2261.458098 2255.860334 2251.456895 2250.477977 2249.651251 2249.145038 2256.187939 2268.038529 2285.894003 2308.327729 2321.999660 2329.719009 2336.933247 2337.866560 2332.766644 2331.449001 2332.384840 2320.524038 2308.950090 2298.146916 2287.673209 2285.665929 2295.362779 2310.125389 2326.895868 2342.123587 2357.944462
-9999.0 -9999.0 -9999.0 -9999.0 -9999.0 -9999.0 -9999.0 -9999.0 -9999.0 -9999.0 -9999.0 -9999.0 -9999.0 -9999.0 -9999.0 -9999.0 -9999.0 -9999.0 -9999.0 -9999.0 -9999.0 -9999.0 -9999.0 2229.578489 2235.127003 2242.118040 2250.246982 2251.727151 2248.573835 2243.612795 2241.381126 2240.552044 2239.107415 2244.206924 2252.119222 2265.807573 2281.799441 2304.478292 2313.396263 2318.878169 2331.070541 2334.943079 2342.517546 2347.021081 2345.719194 2342.593014 2329.090252 2318.881622 2322.640231 2327.875281 2335.239321 2343.957379 2357.880174 2372.707600 2389.198429
-9999.0 -9999.0 -9999.0 -9999.0 -9999.0 -9999.0 -9999.0 -9999.0 -9999.0 -9999.0 -9999.0 -9999.0 -9999.0 -9999.0 -9999.0 -9999.0 -9999.0 -9999.0 -9999.0 2203.501043 2204.807314 2206.624639 2211.877703 2212.822969 2215.203062 2222.600097 2231.255167 2234.559629 2233.131000 2232.607013 2234.662458 2237.961006 2243.084396 2254.480837 2268.603666 2283.169350 2296.903726 2318.156222 2333.173661 2346.458203 2362.489520 2363.047956 2359.842368 2358.654533 2359.285001 2358.802219 2359.886343 2360.839142 2367.508287 2370.251513 2375.352093 2385.007718 2397.156037 2414.764937 2433.654084
-9999.0 -9999.0 -9999.0 -9999.0 -9999.0 -9999.0 -9999.0 -9999.0 -9999.0 -9999.0 -9999.0 -9999.0 -9999.0 -9999.0 -9999.0 -9999.0 2173.656704 2175.763820 2178.498268 2184.373992 2188.214292 2192.681877 2200.154168 2202.073556 2206.200465 2213.906131 2219.154919 2228.890120 2237.771355 2245.565668 2252.074146 2255.202215 2262.655070 2272.560593 2284.650345 2299.517469 2320.550164 2344.301138 2360.579696 2377.735773 2395.356264 2396.436428 2395.488149 2396.587831 2396.322892 2400.003184 2415.960019 2420.563482 2418.313145 2431.128254 2444.216558 2448.494499 2456.804359 2476.892809 2500.111317
-9999.0 -9999.0 -9999.0 -9999.0 -9999.0 -9999.0 -9999.0 -9999.0 -9999.0 -9999.0 -9999.0 -9999.0 -9999.0 2124.279876 2128.633164 2139.037428 2150.095222 2153.408348 2158.608816 2165.582453 2178.278173 2182.463865 2189.102782 2197.044258 2210.055522 2219.339701 2228.916342 2241.302470 2250.068165 2257.712865 2264.938668 2269.532279 2282.285504 2297.324241 2312.765870 2332.781206 2355.094903 2374.751480 2394.184046 2410.749499 2423.727385 2423.515784 2423.164545 2425.920626 2432.407550 2448.140039 2466.169246 2470.600124 2484.058523 2505.936808 2517.955659 2527.631419 2535.530962 2549.770542 2571.482830
-9999.0 -9999.0 -9999.0 -9999.0 -9999.0 -9999.0 -9999.0 -9999.0 -9999.0 -9999.0 2093.522186 2095.646354 2092.481093 2091.273614 2097.251202 2110.022828 2124.783869 2131.316209 2143.732015 2165.508005 2184.424853 2188.279813 2202.789499 2213.792598 2221.254581 2232.004354 2245.559612 2258.479207 2274.980781 2287.493152 2297.992698 2316.176479 2332.698067 2349.502236 2367.444453 2388.213904 2406.267563 2432.467311 2459.304713 2470.476446 2490.225226 2497.037526 2494.121845 2493.814569 2503.596522 2517.546989 2535.605575 2554.848974 2574.541346 2598.203379 2612.004165 2625.904206 2636.300246 2648.182261 2664.364455
-9999.0 -9999.0 -9999.0 -9999.0 -9999.0 -9999.0 -9999.0 -9999.0 2068.096775 2076.159661 2082.254518 2079.504406 2075.477887 2070.945748 2085.757309 2101.922642 2118.433894 2137.068316 2153.422258 2172.268604 2187.394314 2203.435800 2224.254697 2236.190917 2247.960188 2263.782841 2277.735624 2294.180138 2315.568371 2326.155513 2340.355214 2361.214598 2378.729481 2396.725970 2415.801629 2433.726936 2457.935337 2490.242092 2521.224515 2540.947623 2568.172892 2587.991692 2585.218222 2586.188763 2589.677185 2614.484136 2642.484996 2672.463838 2696.219445 2722.133262 2751.222431 2768.800601 2779.272960 2791.898536 2807.291739
-9999.0 -9999.0 -9999.0 -9999.0 -9999.0 -9999.0 2039.368322 2063.937036 2079.435607 2071.504508 2059.611835 2055.575513 2050.845293 2079.032555 2101.837733 2119.776463 2137.221257 2155.455308 2172.481966 2183.636504 2215.942985 2235.484676 2249.313981 2265.557899 2280.919492 2296.272563 2313.866706 2336.857770 2356.990422 2383.058315 2404.317166 2425.020988 2451.271850 2470.663209 2489.408634 2506.085096 2536.143202 2572.253307 2608.354100 2635.409462 2661.637122 2695.058157 2699.453683 2704.140385 2709.255624 2732.459112 2765.613244 2794.730877 2828.169039 2860.196291 2888.319487 2832.799198 2838.413796 2848.531745 2861.133023
-9999.0 -9999.0 -9999.0 -9999.0 2005.919955 2026.950832 2046.496311 2077.134375 2099.748663 2095.215489 2101.102766 2100.597889 2097.918972 2103.072161 2111.424889 2129.753109 2149.389784 2169.390160 2186.098061 2217.751561 2264.327810 2278.366671 2299.660090 2331.122754 2344.316609 2359.888396 2376.732923 2399.289643 2422.435506 2453.992457 2493.557198 2527.373468 2551.847716 2573.511378 2594.638386 2614.941780 2650.385189 2689.996223 2727.272250 2760.675637 2788.393749 2815.347703 2825.962551 2833.414024 2845.309943 2862.930092 2885.550128 2844.224573 2872.436547 2903.930700 2927.421038 2933.337504 2939.165205 2948.856329 2957.399987
-9999.0 -9999.0 -9999.0 1953.651983 1992.709412 2031.762234 2058.307123 2089.193235 2121.871312 2124.427811 2133.811942 2136.580079 2138.887776 2146.459779 2152.878941 2170.449931 2188.542379 2207.518484 2230.405940 2266.526911 2299.398017 2323.668059 2354.275707 2376.177873 2393.765707 2409.096218 2428.630539 2451.617775 2491.240352 2525.888545 2574.541581 2627.240623 2662.559008 2687.260280 2711.276312 2740.014407 2766.146037 2803.758784 2839.163863 2872.465373 2837.914848 2857.188026 2873.021421 2878.747677 2888.030679 2894.878416 2908.675307 2924.489651 2945.868338 2975.181765 3002.620157 2999.367574 3011.558980 3021.435737 3037.369064
-9999.0 -9999.0 1905.629111 1944.499498 1977.241192 2025.784047 2079.131072 2114.353381 2154.929768 2176.673552 2182.175013 2196.429299 2210.368847 2215.131311 2227.946428 2243.679617 2264.815532 2273.992058 2294.020312 2317.712376 2361.695749 2401.872163 2410.484668 2456.166962 2488.971042 2520.350988 2540.931093 2568.889521 2607.011181 2645.766930 2694.789282 2746.041303 2782.679564 2813.824764 2831.811615 2853.218263 2875.705168 2834.726696 2865.838322 2892.187240 2919.428084 2944.312121 2964.448191 2967.789569 2971.325872 2986.936328 3012.013224 3009.885596 3034.120824 3059.791395 3052.865576 3068.534205 3076.209618 3080.569310 3087.375594
-9999.0 -9999.0 1876.917056 1922.856400 1960.166400 2022.251736 2106.116515 2142.195236 2184.140824 2230.597663 2247.430326 2271.051606 2274.146223 2273.576717 2294.929938 2314.129418 2332.173510 2340.852886 2339.082792 2394.010853 2450.848043 2488.436196 2514.511723 2587.562747 2637.757593 2659.868163 2677.696613 2700.076897 2723.818410 2765.729427 2809.680212 2864.316000 2846.406222 2871.453999 2885.956048 2904.539443 2923.703487 2935.895311 2954.453725 2996.079424 2998.376604 3024.131592 3052.683205 3072.720198 3080.360369 3084.207977 3065.372838 3078.101285 3087.847855 3092.136186 3093.785949 3090.163553 3089.562153 3090.331032 3091.292950
-9999.0 1785.379147 1837.817937 1889.655112 1956.269831 2020.596889 2099.643132 2177.409128 2240.203231 2290.974985 2318.902991 2321.720051 2339.337010 2373.300571 2396.766364 2419.225296 2425.210381 2434.817879 2422.029862 2475.117087 2519.387060 2580.967150 2686.798461 2744.747346 2800.538989 2801.358033 2795.268162 2805.811806 2827.132679 2872.875807 2886.663941 2934.111757 2988.553920 3006.090791 3019.437530 3025.462983 3042.485088 3061.636520 3027.465715 3060.186777 3073.454301 3085.815390 3091.680342 3093.478147 3094.516190 3094.421220 3090.971477 3084.252565 3076.340352 3070.702402 3066.618693 3062.149949 3064.596372 3067.909291 3068.392720
-9999.0 1748.270386 1806.654314 1876.578115 1945.859700 2002.557990 2094.938249 2251.291830 2310.607543 2349.150776 2363.460906 2361.379706 2428.755471 2492.421139 2522.577705 2568.784129 2560.004448 2549.414515 2525.723276 2556.502306 2601.549026 2675.655720 2833.648472 2872.879138 2910.426155 2919.729370 2923.469187 2950.649906 2989.980642 3006.599860 3040.077277 3021.877853 3059.421043 3076.299963 3080.179201 3080.858745 3085.076286 3084.105426 3082.289776 3078.176150 3073.234807 3073.451790 3077.814813 3077.690957 3074.894050 3071.747284 3066.208962 3058.822815 3053.601798 3049.020410 3046.349747 3043.462923 3041.690505 3041.326968 3036.797170
-9999.0 1712.556773 1785.889278 1846.640462 1901.316614 2003.077956 2131.801002 2272.647671 2368.196066 2404.726972 2403.776035 2455.232199 2557.246238 2660.139930 2713.563191 2738.505328 2731.210255 2698.272174 2691.720145 2738.010269 2807.143505 2869.589467 2981.755442 3045.158326 3056.970009 3059.782391 3024.115044 3043.725462 3061.845211 3062.724351 3063.550360 3069.239932 3074.269943 3077.068057 3075.693456 3072.928373 3068.293387 3060.348353 3055.626412 3052.184201 3048.594360 3047.756458 3050.011878 3051.558457 3048.907297 3045.103943 3040.675569 3035.214840 3030.873409 3024.300555 3020.183646 3016.078993 3013.983180 3008.816581 3005.097469
-9999.0 1599.459156 1692.471939 1739.434950 1831.533465 2014.155386 2142.704326 2287.796620 2445.127706 2474.793059 2534.093513 2665.609744 2778.500912 2834.065970 2865.722232 2901.440411 2927.271930 2946.103583 2981.341195 2897.017476 2965.509822 3020.962032 3052.442103 3065.946502 3071.539629 3072.034079 3063.002124 3043.013181 3032.564094 3025.920128 3027.640898 3034.942374 3039.968845 3045.048961 3042.893585 3043.767308 3044.433724 3041.243358 3039.108633 3030.761298 3023.087869 3016.840125 3014.221476 3019.138247 3014.449389 3011.824995 3005.890398 2999.610662 3020.501892 3013.943514 3006.089320 2999.395653 2996.801625 2991.400445 2989.940036
-9999.0 1518.603473 1593.068937 1665.624478 1788.332641 1952.597756 2063.393323 2225.716390 2452.613951 2580.312619 2727.450955 2810.362000 2862.238921 2908.670335 2962.213660 2996.360859 3019.438999 3029.708209 3006.837667 3023.738031 3004.471288 2994.510190 2989.943131 3015.693996 3030.615317 3034.486852 3026.452139 3016.808976 3009.727346 3008.713648 3006.974616 3004.024773 3000.937098 2997.975823 2994.886511 2997.432599 3002.458328 2997.543575 3015.873565 3007.993064 3000.035029 2991.267872 2985.550492 2981.446182 2981.190884 2981.253275 2973.756276 2963.529401 2954.194139 2946.088866 2938.693438 2933.666019 2930.909184 2925.952063 2920.298020
-9999.0 1407.747505 1535.668857 1619.672124 1725.941314 1858.430942 1972.413562 2129.616050 2268.160437 2501.943651 2651.620798 2806.084498 2833.171629 2895.667645 2946.603367 3000.403059 2998.263920 2983.238785 2945.377002 2930.109445 2939.556607 2948.837952 2958.436388 2975.054836 2992.748554 3002.916726 3007.016536 3000.751933 2987.171538 2976.302641 2967.253116 2955.401097 2947.137900 2945.311208 2948.026787 2956.833855 2958.113449 2949.125141 2937.076988 2923.452443 2908.685245 2897.434741 2895.051112 2897.190969 2897.804673 2893.945041 2887.747009 2877.168681 2864.773652 2852.717671 2846.309492 2841.448714 2834.249335 2826.948903 2872.079528
-9999.0 -9999.0 1454.379632 1563.962482 1663.682752 1779.744943 1880.265920 2009.300633 2154.067458 2329.988426 2447.625995 2606.021869 2692.658143 2738.787468 2780.354949 2811.376211 2831.959659 2858.609366 2848.359093 2857.096682 2865.694321 2871.367155 2878.529233 2886.852451 2898.669099 2908.768440 2918.162301 2915.937352 2907.286912 2888.470866 2865.304630 2847.386689 2837.717446 2829.537080 2840.423358 2852.401061 2848.002420 2841.377836 2832.725376 2875.210249 2862.337981 2848.146009 2844.247077 2843.913528 2843.795500 2840.676456 2836.655049 2823.237848 2810.107213 2798.802983 2793.497622 2786.964981 2781.906796 2771.205003 2761.024027
-9999.0 -9999.0 1367.688594 1473.734919 1581.127352 1700.984122 1791.970326 1832.442778 1975.616944 2084.754709 2191.159068 2297.072082 2387.857135 2455.103022 2493.573840 2555.844060 2606.747616 2625.905032 2660.863842 2706.962485 2739.914894 2776.347782 2799.315316 2812.245403 2827.016964 2842.304166 2851.467067 2838.960983 2828.969255 2813.167212 2791.580222 2767.390287 2755.330366 2754.131023 2754.942920 2758.251863 2751.670769 2742.698179 2728.755652 2715.824665 2703.502990 2693.442859 2689.347933 2684.315464 2681.959774 2678.635387 2675.580391 2667.089321 2657.048798 2650.685472 2641.922924 2636.665975 2634.297814 2629.157325 2621.573290
