tests/Borden05m/sims/sim_1/output-maps/psiliqL0023N0013.asc
ncols         160
nrows         34
xllcorner     620200.000000
yllcorner     5168000.000000
cellsize      0.500000
NODATA_value  -9999.0
[rows 0 to 24 of 34, columns 0 to 54 of 160]
-9999.0 -9999.0 -9999.0 -9999.0 -9999.0 -9999.0 -9999.0 -9999.0 -9999.0 -9999.0 -9999.0 -9999.0 -9999.0 -9999.0 -9999.0 -9999.0 -9999.0 -9999.0 -9999.0 -9999.0 -9999.0 -9999.0 -9999.0 -9999.0 -9999.0 -9999.0 -9999.0 -9999.0 -9999.0 -9999.0 -9999.0 -9999.0 -9999.0 -9999.0 -9999.0 -9999.0 -9999.0 -9999.0 -9999.0 -9999.0 -9999.0 -9999.0 -9999.0 -9999.0 -9999.0 -9999.0 -9999.0 -9999.0 -9999.0 -9999.0 -9999.0 -9999.0 -9999.0 -9999.0 -9999.0
-9999.0 -9999.0 -9999.0 -9999.0 -9999.0 -9999.0 -9999.0 -9999.0 -9999.0 -9999.0 -9999.0 -9999.0 -9999.0 -9999.0 -9999.0 -9999.0 -9999.0 -9999.0 -9999.0 -9999.0 -9999.0 -9999.0 -9999.0 -9999.0 -9999.0 -9999.0 -9999.0 -9999.0 -9999.0 -9999.0 -9999.0 -9999.0 -9999.0 -9999.0 -9999.0 -9999.0 -9999.0 -9999.0 -9999.0 -9999.0 -9999.0 -9999.0 -9999.0 -9999.0 -9999.0 -9999.0 -9999.0 -9999.0 -9999.0 -9999.0 -9999.0 -9999.0 -9999.0 -9999.0 -9999.0
-9999.0 -9999.0 -9999.0 -9999.0 -9999.0 -9999.0 -9999.0 -9999.0 -9999.0 -9999.0 -9999.0 -9999.0 -9999.0 -9999.0 -9999.0 -9999.0 -9999.0 -9999.0 -9999.0 -9999.0 -9999.0 -9999.0 -9999.0 -9999.0 -9999.0 -9999.0 -9999.0 -9999.0 -9999.0 -9999.0 -9999.0 -9999.0 -9999.0 -9999.0 -9999.0 -9999.0 -9999.0 -9999.0 -9999.0 -9999.0 -9999.0 -9999.0 -9999.0 -9999.0 -9999.0 -9999.0 -9999.0 2704.364389 2687.428598 2673.955994 2670.267259 2692.161100 2715.873413 2740.266992 2761.366291
-9999.0 -9999.0 -9999.0 -9999.0 -9999.0 -9999.0 -9999.0 -9999.0 -9999.0 -9999.0 -9999.0 -9999.0 -9999.0 -9999.0 -9999.0 -9999.0 -9999.0 -9999.0 -9999.0 -9999.0 -9999.0 -9999.0 -9999.0 -9999.0 -9999.0 -9999.0 -9999.0 -9999.0 -9999.0 -9999.0 -9999.0 -9999.0 -9999.0 -9999.0 -9999.0 -9999.0 -9999.0 -9999.0 -9999.0 -9999.0 2752.658572 2758.803990 2759.232107 2749.686819 2738.840493 2725.872627 2705.708793 2688.504383 2675.387013 2673.806849 2676.825787 2680.560420 2702.196360 2728.049391 2748.498156
-9999.0 -9999.0 -9999.0 -9999.0 -9999.0 -9999.0 -9999.0 -9999.0 -9999.0 -9999.0 -9999.0 -9999.0 -9999.0 -9999.0 -9999.0 -9999.0 -9999.0 -9999.0 -9999.0 -9999.0 -9999.0 -9999.0 -9999.0 -9999.0 -9999.0 -9999.0 -9999.0 -9999.0 -9999.0 -9999.0 -9999.0 -9999.0 -9999.0 -9999.0 2658.634342 2675.937361 2694.310780 2713.324677 2730.729599 2738.126599 2744.115584 2749.867698 2745.757897 2741.765906 2730.624702 2710.451965 2691.545262 2678.956933 2678.231375 2676.349463 2680.636013 2693.037700 2710.300222 2726.152760 2747.338139
-9999.0 -9999.0 -9999.0 -9999.0 -9999.0 -9999.0 -9999.0 -9999.0 -9999.0 -9999.0 -9999.0 -9999.0 -9999.0 -9999.0 -9999.0 -9999.0 -9999.0 -9999.0 -9999.0 -9999.0 -9999.0 -9999.0 -9999.0 -9999.0 -9999.0 -9999.0 -9999.0 -9999.0 2661.675045 2656.064655 2651.696850 2650.707186 2649.861813 2649.383925 2656.378579 2668.090063 2685.815716 2708.357667 2722.128543 2729.898717 2737.189674 2738.098740 2732.898845 2731.668192 2732.668977 2720.707930 2709.071567 2698.215034 2687.675022 2685.470854 2695.127012 2709.979041 2726.807966 2742.050920 2757.876846
-9999.0 -9999.0 -9999.0 -9999.0 -9999.0 -9999.0 -9999.0 -9999.0 -9999.0 -9999.0 -9999.0 -9999.0 -9999.0 -9999.0 -9999.0 -9999.0 -9999.0 -9999.0 -9999.0 -9999.0 -9999.0 -9999.0 -9999.0 2629.915848 2635.313035 2642.296082 2650.449531 2651.914526 2648.831416 2643.887143 2641.707141 2640.891828 2639.360373 2644.477970 2652.221204 2665.826210 2681.756345 2704.545760 2713.450526 2718.682769 2730.780292 2734.864149 2742.838914 2747.367233 2746.082713 2742.795641 2728.955550 2718.442270 2721.810352 2726.829970 2734.290743 2743.127312 2757.030122 2771.627178 2787.730549
-9999.0 -9999.0 -9999.0 -9999.0 -9999.0 -9999.0 -9999.0 -9999.0 -9999.0 -9999.0 -9999.0 -9999.0 -9999.0 -9999.0 -9999.0 -9999.0 -9999.0 -9999.0 -9999.0 2604.115542 2605.446238 2607.310378 2612.558703 2613.352756 2615.648626 2623.001748 2631.626491 2635.008117 2633.475318 2633.010901 2635.022142 2638.293493 2643.442491 2654.698861 2668.751680 2683.279317 2696.845809 2718.073534 2733.039444 2746.138431 2762.086273 2762.890542 2759.819169 2758.719065 2759.284516 2758.439394 2758.621810 2759.054263 2765.817345 2768.009169 2772.738030 2782.331800 2793.668490 2810.902677 2829.260590
-9999.0 -9999.0 -9999.0 -9999.0 -9999.0 -9999.0 -9999.0 -9999.0 -9999.0 -9999.0 -9999.0 -9999.0 -9999.0 -9999.0 -9999.0 -9999.0 2574.432885 2576.538969 2579.312999 2585.202129 2589.198648 2593.653738 2601.055898 2602.860576 2606.908051 2614.593184 2619.753647 2629.550190 2638.456746 2646.171433 2652.614044 2655.649688 2662.893421 2672.679674 2684.650126 2699.245772 2719.995649 2743.781460 2759.857312 2776.982765 2794.663501 2795.793108 2794.804443 2795.809696 2795.151644 2797.100918 2812.465291 2816.715355 2813.516226 2825.341800 2838.171302 2841.952887 2804.942660 2822.085053 2843.820399
-9999.0 -9999.0 -9999.0 -9999.0 -9999.0 -9999.0 -9999.0 -9999.0 -9999.0 -9999.0 -9999.0 -9999.0 -9999.0 2524.442795 2528.801069 2539.361586 2550.822678 2554.250409 2559.586224 2566.680112 2579.358664 2583.515661 2590.016645 2597.776004 2611.015101 2620.305258 2629.793314 2642.117521 2650.752289 2658.273963 2665.312446 2669.366805 2681.740458 2696.513683 2711.679990 2731.454385 2753.608641 2772.752859 2790.907830 2807.455539 2820.122328 2819.221897 2818.989089 2821.771324 2827.592211 2799.432537 2814.095355 2815.904134 2826.852780 2847.187848 2857.512148 2865.216651 2869.577365 2882.543611 2903.146472
-9999.0 -9999.0 -9999.0 -9999.0 -9999.0 -9999.0 -9999.0 -9999.0 -9999.0 -9999.0 2494.516820 2496.549032 2493.400375 2491.828680 2497.991642 2510.870364 2525.834436 2532.231938 2544.751663 2566.607628 2585.645152 2589.339770 2603.434458 2614.772411 2622.293413 2632.911640 2646.367491 2659.077705 2675.222690 2687.453198 2697.342568 2714.836013 2731.007775 2747.621164 2765.383803 2785.996742 2802.418574 2827.391154 2813.674852 2821.033889 2838.441813 2842.598915 2838.172325 2836.218902 2844.664703 2854.663047 2870.219537 2886.956690 2904.658672 2926.535749 2937.954383 2950.506776 2959.333331 2969.590443 2983.970467
-9999.0 -9999.0 -9999.0 -9999.0 -9999.0 -9999.0 -9999.0 -9999.0 2468.890602 2477.151400 2483.196887 2480.473169 2476.531787 2471.750416 2486.821893 2503.003654 2519.549235 2538.363210 2554.645010 2573.427228 2588.132097 2603.793077 2625.141656 2637.057452 2648.693654 2664.470739 2678.280283 2694.255643 2715.354121 2724.875782 2737.961391 2758.229997 2774.197121 2791.767029 2810.638327 2827.931151 2807.744912 2836.025197 2863.137847 2880.062691 2905.496079 2922.675972 2917.664446 2916.503873 2918.060329 2940.984174 2967.150148 2995.267800 2997.695770 3020.209825 3047.520406 3065.025431 3073.803626 3084.469801 3097.804001
-9999.0 -9999.0 -9999.0 -9999.0 -9999.0 -9999.0 2439.682371 2464.336436 2479.958525 2471.991730 2459.463929 2455.278761 2450.303348 2479.913073 2502.927849 2521.003167 2538.504351 2556.761782 2573.655927 2583.804048 2615.921166 2635.910706 2649.506084 2665.083445 2680.545627 2695.966027 2713.405512 2736.013076 2755.117728 2778.812526 2798.184270 2817.195750 2800.208606 2815.537229 2831.961741 2845.910417 2871.793760 2905.357807 2939.355971 2964.075038 2988.011896 3002.087502 3002.211446 3004.134977 3006.372593 3028.182534 3060.129897 3088.729644 3119.261878 3149.162114 3175.930954 3182.990578 3191.424274 3200.920355 3212.895003
-9999.0 -9999.0 -9999.0 -9999.0 2406.219728 2427.275067 2446.656490 2477.265845 2499.879777 2495.468386 2501.096823 2500.372086 2497.399179 2502.931471 2511.658565 2530.001460 2549.855747 2570.000976 2585.946887 2616.962899 2664.345294 2677.900246 2698.232230 2729.433390 2742.404013 2757.977878 2774.858007 2796.920877 2817.395197 2804.363792 2838.513458 2868.783076 2888.740312 2907.321519 2925.990603 2943.439203 2976.687786 2996.332391 3030.055677 3060.844495 3087.127607 3111.158262 3118.527873 3123.399658 3133.036159 3148.951448 3170.180611 3193.534159 3225.229932 3256.328523 3279.269578 3288.824598 3294.159057 3303.339249 3311.096647
-9999.0 -9999.0 -9999.0 2353.065452 2392.221938 2431.644646 2458.028734 2488.893353 2521.730807 2523.624407 2533.132701 2535.205067 2536.669223 2543.928851 2549.679672 2567.369141 2585.973896 2605.703365 2629.388999 2665.444396 2697.675077 2720.338792 2750.536426 2770.249470 2786.857949 2802.040634 2821.823897 2843.989279 2835.318832 2862.811645 2908.068565 2958.095213 2990.099354 2993.997387 3014.147668 3040.019498 3063.617608 3099.292963 3132.147200 3163.161729 3189.688915 3211.332352 3225.934082 3230.602400 3239.341599 3245.223116 3258.149260 3278.309206 3299.674053 3328.951526 3357.130380 3383.581268 3397.818329 3408.012192 3424.231011
-9999.0 -9999.0 2304.802824 2343.976781 2376.253810 2424.275362 2477.743936 2513.216722 2553.680640 2574.764999 2579.880213 2593.223820 2607.017682 2611.229446 2623.390053 2638.852846 2661.212388 2671.242316 2692.415996 2713.991271 2755.677123 2794.401069 2799.020489 2801.189274 2829.701572 2859.846665 2878.670966 2904.424446 2938.769569 2973.451478 3001.523596 3048.904780 3082.664568 3109.407242 3124.122323 3142.768581 3162.418439 3183.691799 3218.047776 3243.542082 3275.172209 3299.757228 3319.108485 3321.047503 3323.812135 3339.136372 3365.455254 3393.619755 3420.436539 3447.107517 3437.254522 3456.588693 3465.212229 3470.024030 3477.589618
-9999.0 -9999.0 2275.463590 2321.699296 2358.025812 2418.756311 2503.922106 2539.625657 2581.178017 2628.205223 2644.709321 2668.361932 2669.048070 2665.624965 2686.716525 2705.268005 2725.413732 2734.918078 2732.746098 2786.604831 2804.218770 2833.559209 2850.285487 2921.228018 2970.341466 2991.208085 2990.317854 3008.693547 3028.447778 3066.588500 3105.813661 3157.804268 3195.343465 3223.878966 3237.618232 3255.822762 3274.327437 3288.955091 3307.284686 3350.598730 3382.277421 3410.651870 3440.204934 3460.549521 3468.254424 3472.400339 3451.210132 3467.324561 3478.263259 3482.981609 3484.797624 3481.107679 3480.486786 3481.249677 3482.180602
-9999.0 2183.094874 2235.610207 2286.995463 2352.839998 2416.240089 2493.971422 2570.991663 2636.018830 2688.247255 2716.196343 2716.502398 2728.680987 2760.309563 2783.533048 2805.172141 2812.429924 2823.666401 2809.610834 2823.813119 2860.018847 2914.236620 3000.198042 3055.243937 3111.111846 3107.814441 3096.640182 3102.737263 3119.808116 3163.703106 3234.348149 3286.078693 3346.258226 3390.798264 3406.198691 3412.572089 3429.995239 3449.601672 3409.168342 3445.452343 3462.008166 3475.834818 3482.851323 3484.757601 3485.822466 3485.624723 3482.040317 3475.198496 3467.150484 3461.402343 3457.235624 3452.733335 3455.161770 3458.473435 3458.847648
-9999.0 2145.469353 2203.499886 2272.905735 2341.587655 2394.692217 2483.552567 2644.483624 2705.939003 2745.309228 2757.423463 2748.066580 2812.587671 2851.131856 2876.574078 2920.768848 2907.902697 2893.977053 2863.504026 2888.565918 2928.755487 2983.328983 3141.801742 3224.514378 3267.823714 3275.697584 3277.450654 3304.158227 3344.899082 3387.456148 3428.131226 3405.201867 3446.921176 3467.297368 3471.558205 3472.155344 3476.730730 3475.502049 3473.748062 3469.443204 3464.387770 3464.531119 3468.938529 3468.759565 3465.861444 3462.590928 3456.960404 3449.534493 3444.268248 3439.652220 3436.976396 3434.103902 3432.262098 3431.766219 3427.130055
-9999.0 2107.845276 2181.827110 2241.662053 2293.007007 2390.664946 2520.257145 2663.293452 2760.172148 2796.850902 2788.437823 2813.994244 2913.737520 3005.896112 3055.545529 3076.123266 3061.427620 3019.710334 3004.971010 3047.004302 3113.734973 3220.086929 3342.937977 3433.515271 3447.227704 3450.070782 3409.777955 3431.460763 3451.557510 3453.930028 3454.871211 3461.307708 3466.266705 3469.065898 3467.543811 3464.663092 3459.898134 3451.801260 3446.969239 3443.387899 3439.686760 3438.685214 3440.807520 3442.436315 3439.695591 3435.836524 3431.372835 3425.791068 3419.573760 3412.886966 3408.701251 3404.555552 3402.471956 3397.197698 3393.572497
-9999.0 1990.426105 2084.908325 2129.271447 2214.105984 2399.361758 2528.523442 2672.181711 2819.992278 2844.153266 2896.198966 3020.884903 3133.226580 3207.683451 3237.559368 3271.253929 3295.290473 3311.776204 3346.341218 3247.661153 3319.504211 3403.496701 3441.276554 3457.657563 3464.756224 3465.070689 3455.599567 3435.192729 3424.539511 3417.792898 3419.397229 3426.622833 3431.450347 3436.360030 3434.096655 3434.998936 3435.793158 3432.496569 3428.574194 3420.014678 3412.248619 3405.804464 3402.917374 3407.735864 3403.051602 3400.523429 3394.453723 3386.228276 3377.845076 3370.514748 3362.728819 3356.237174 3353.972625 3348.952402 3347.806273
-9999.0 1909.558626 1983.239501 2050.394265 2168.093599 2332.312648 2437.132522 2597.737832 2817.671445 2945.884670 3091.386168 3174.296687 3241.942238 3286.766348 3338.182233 3386.375252 3411.018142 3420.924089 3394.709689 3412.578513 3372.215173 3361.519820 3377.934883 3405.607489 3421.236111 3425.047587 3416.963488 3407.405132 3400.171332 3399.047209 3397.080354 3393.642854 3390.105365 3386.858331 3383.717067 3386.399833 3391.484337 3384.665207 3375.239976 3366.180304 3357.988471 3349.041844 3343.241443 3338.942752 3338.976023 3339.177034 3331.693460 3321.370284 3310.752109 3302.635057 3295.467887 3290.838928 3288.345672 3283.554530 3274.687197
-9999.0 1794.736484 1924.760406 2005.485801 2106.676209 2237.682363 2347.629555 2502.792621 2638.479498 2861.413388 2998.574364 3165.150015 3209.270628 3273.825650 3322.488734 3391.728965 3388.258083 3356.794215 3315.760668 3299.198892 3307.965231 3316.301866 3325.073781 3340.219006 3357.308577 3366.964465 3371.010220 3364.513246 3350.432786 3338.745312 3328.739750 3316.054190 3307.250353 3305.089921 3308.262632 3317.493820 3318.442671 3309.239119 3295.525271 3278.083892 3262.979633 3251.565130 3249.385810 3251.840915 3252.728583 3248.897124 3242.982414 3232.488572 3220.123348 3208.099661 3202.185239 3197.779355 3190.735353 3180.235146 3171.878875
-9999.0 -9999.0 1841.518819 1950.558770 2047.446665 2161.209822 2256.898089 2381.340214 2524.600211 2699.479473 2799.762398 2964.579426 3045.225049 3086.895433 3123.420573 3175.772692 3197.980511 3224.910371 3215.035128 3223.872153 3231.985308 3236.638759 3242.282774 3248.874467 3259.558826 3269.037938 3278.349299 3275.597314 3266.659110 3247.041181 3222.825742 3204.055530 3194.028687 3185.410135 3196.757262 3208.954355 3204.138825 3197.361923 3185.139150 3172.158486 3159.677298 3145.687051 3142.225227 3142.307043 3142.848820 3140.503958 3137.659784 3126.043775 3113.865777 3103.703806 3099.510784 3093.979087 3090.161183 3080.392446 3070.024056
-9999.0 -9999.0 1754.049787 1859.149769 1964.133059 2082.734093 2170.625236 2199.976948 2340.422196 2447.856956 2555.389350 2665.037669 2759.019840 2804.441488 2838.765517 2900.024500 2951.926565 2969.292785 2991.657153 3036.294760 3067.335107 3102.766093 3123.783996 3132.902869 3145.280359 3159.062041 3166.608204 3152.251958 3141.088960 3124.263400 3102.214789 3076.663030 3063.658052 3062.443235 3062.342787 3064.824840 3057.786314 3048.814280 3034.582089 3020.586893 3008.363460 2998.971400 2995.360647 2990.450121 2988.500384 2985.877957 2984.689009 2995.741853 2987.178053 2981.874090 2973.703682 2969.421790 2968.045905 2964.095663 2957.582163
