tests/Borden05m/sims/sim_1/output-maps/psiliqL0005N0018.asc
ncols         160
nrows         34
xllcorner     620200.000000
yllcorner     5168000.000000
cellsize      0.500000
NODATA_value  -9999.0
[rows 0 to 24 of 34, columns 56 to 111 of 160]
-9999.0 -9999.0 -9999.0 -9999.0 -9999.0 -9999.0 -9999.0 -9999.0 -9999.0 -9999.0 -9999.0 -9999.0 -9999.0 -9999.0 -9999.0 -9999.0 -9999.0 -9999.0 -9999.0 -9999.0 -9999.0 -9999.0 -9999.0 -9999.0 -9999.0 -9999.0 -9999.0 -9999.0 -9999.0 -9999.0 -9999.0 -9999.0 -9999.0 -9999.0 -9999.0 -9999.0 -9999.0 -9999.0 -9999.0 -9999.0 -9999.0 -9999.0 -9999.0 -9999.0 -9999.0 -9999.0 -9999.0 -9999.0 -9999.0 -9999.0 -9999.0 -9999.0 -9999.0 -9999.0 -9999.0 -9999.0
-9999.0 -9999.0 -9999.0 -627.295309 -632.819526 -637.551515 -641.325978 -649.919241 -657.740337 -665.876348 -668.540742 -668.652687 -669.855975 -671.630963 -667.083668 -660.671290 -654.772378 -648.246780 -647.634838 -646.089517 -643.832323 -643.300601 -644.525014 -647.565818 -650.165854 -652.973102 -652.343967 -660.722216 -672.020562 -680.876987 -683.167696 -677.209578 -672.762261 -671.871180 -666.701658 -656.818307 -647.578828 -641.817827 -631.520452 -629.052704 -624.583024 -620.213106 -624.246265 -626.536607 -628.081236 -629.665031 -640.956809 -9999.0 -9999.0 -9999.0 -9999.0 -9999.0 -9999.0 -9999.0 -9999.0 -9999.0
-657.731503 -640.292843 -639.203077 -655.651229 -659.369752 -661.475580 -662.262746 -666.729365 -675.705945 -679.739604 -685.953666 -688.291249 -688.807958 -690.196677 -687.032849 -676.701456 -668.900852 -665.406519 -664.969826 -664.104974 -665.074217 -666.139511 -666.189121 -669.058570 -672.115469 -675.232125 -675.867307 -672.782334 -680.725304 -685.510427 -689.182784 -691.794564 -689.723308 -687.847112 -686.038218 -675.902764 -669.449875 -663.488202 -649.557307 -637.207070 -632.791507 -636.115442 -641.173137 -642.474161 -645.962139 -653.359925 -661.184658 -666.732131 -671.500192 -674.556724 -679.378613 -672.484007 -669.250824 -659.828255 -651.101719 -640.964661
-677.054583 -657.928959 -657.184899 -671.573173 -681.415845 -685.337218 -684.343374 -679.750641 -683.359979 -689.147471 -696.033857 -686.893651 -687.103351 -687.080925 -684.537703 -680.987175 -679.363408 -677.132373 -673.150368 -663.922352 -662.924599 -663.119237 -662.910787 -664.742148 -667.911906 -668.807358 -671.145007 -677.764971 -677.657989 -676.485377 -677.208269 -670.589622 -669.561180 -666.846258 -677.265566 -674.400491 -669.300773 -664.267370 -659.278650 -654.089758 -649.816471 -653.936284 -652.862722 -659.503078 -671.906049 -679.539310 -683.817093 -680.870218 -680.056269 -686.489052 -702.322241 -693.443755 -674.562134 -672.867170 -672.379974 -660.949946
-687.767482 -679.703787 -679.439935 -685.988038 -682.320819 -678.922912 -676.493445 -679.184204 -684.319011 -689.061258 -673.908923 -665.589831 -666.606230 -664.274547 -660.367476 -661.278081 -678.089688 -682.284006 -673.682860 -663.870585 -658.945109 -660.643358 -661.579465 -663.949570 -664.633418 -664.086303 -666.581738 -664.467187 -661.712039 -662.631510 -657.212110 -651.292480 -647.295298 -658.181659 -668.829977 -668.326754 -659.559428 -651.816109 -645.772005 -634.763615 -621.111227 -622.835260 -627.562699 -633.269721 -641.716384 -662.992188 -681.905175 -690.646811 -695.319726 -701.315575 -699.689111 -702.319739 -688.146392 -687.698515 -688.020850 -679.226212
-693.408423 -672.095743 -665.252388 -674.196698 -680.710660 -684.402468 -683.505158 -684.549033 -682.385555 -667.936613 -656.360923 -641.577533 -642.336725 -640.857583 -641.405756 -653.422966 -664.347827 -670.247239 -652.099344 -635.737670 -628.594627 -629.859165 -630.725093 -619.599025 -622.903156 -625.761740 -633.028756 -630.224242 -628.509374 -614.785723 -607.762154 -600.574197 -603.051747 -616.387185 -628.254534 -629.917825 -628.360934 -627.911764 -622.662230 -611.854382 -600.200276 -606.258013 -612.613329 -619.176071 -648.218175 -674.731347 -688.249199 -680.463260 -675.751466 -678.720061 -679.470163 -680.987200 -690.554518 -689.232135 -688.707684 -691.405176
-648.267897 -632.674096 -615.483099 -624.646683 -634.026089 -647.973153 -647.355923 -644.496498 -637.324072 -626.125975 -608.716171 -583.069159 -582.387645 -579.001763 -572.823282 -585.347568 -598.686212 -614.480118 -596.232911 -587.732998 -578.530645 -575.629317 -560.644136 -547.513711 -554.579759 -565.912482 -577.753479 -569.801569 -551.540777 -533.455166 -526.889924 -523.456361 -521.358196 -532.880788 -538.750063 -542.971766 -543.637153 -550.269676 -548.667907 -534.709232 -514.548762 -513.440527 -527.101975 -552.074478 -589.432310 -625.405692 -647.327684 -636.158877 -642.229249 -646.659570 -647.604153 -661.681058 -671.840959 -666.471247 -676.470269 -683.666723
-616.099215 -600.155314 -580.638463 -585.915739 -600.209870 -614.899181 -614.745113 -605.154287 -597.032887 -576.600884 -547.207583 -514.016222 -494.471823 -480.729526 -467.813715 -477.573900 -490.544238 -504.575085 -500.531469 -482.717701 -464.485361 -445.655895 -425.707911 -407.315239 -413.299074 -424.875228 -427.232120 -421.163489 -399.046419 -380.341190 -372.929936 -368.875339 -362.753299 -368.618543 -378.580523 -390.829855 -403.684398 -415.732269 -423.907982 -405.084770 -387.101554 -390.681706 -424.535294 -460.832097 -506.346599 -551.934903 -594.626566 -600.663010 -598.309227 -597.202764 -613.730460 -627.014122 -645.551505 -653.956089 -658.558798 -675.055291
-516.224724 -488.151356 -461.208269 -451.298297 -469.502324 -473.922914 -466.572246 -450.956742 -442.517016 -422.311496 -380.683489 -336.679809 -306.151602 -282.879587 -278.278136 -286.476512 -295.679220 -310.196990 -317.300632 -304.007296 -291.180568 -279.553651 -269.009872 -258.853328 -252.279681 -253.074557 -253.052849 -250.707009 -247.275426 -241.829245 -235.868828 -229.996652 -223.635405 -221.994756 -230.010292 -238.245652 -247.661833 -256.360624 -259.275297 -261.008237 -255.699508 -256.673545 -274.154129 -299.235807 -331.974726 -375.248010 -420.619226 -457.254204 -461.340823 -483.109635 -506.022227 -533.793203 -578.193899 -597.552262 -611.812663 -646.762980
-370.639812 -334.531652 -314.237347 -296.988471 -295.852456 -292.424196 -288.823395 -282.772649 -277.605357 -270.613783 -242.302850 -209.903163 -179.758866 -155.353813 -145.466963 -153.555729 -162.712884 -173.184580 -182.496687 -182.344355 -170.465064 -155.792468 -141.426711 -131.848583 -128.484748 -130.081747 -129.863994 -128.728535 -125.613873 -123.445082 -119.286286 -112.926163 -102.939987 -90.882469 -93.810813 -109.703653 -122.984229 -138.979918 -147.199452 -150.819103 -155.987512 -156.687078 -158.030296 -180.729428 -205.172431 -234.272867 -264.267838 -285.853821 -306.600648 -329.276908 -354.690560 -407.457138 -465.807995 -514.076020 -553.119838 -591.628155
-245.374631 -217.972427 -193.074781 -178.264625 -172.559650 -169.773721 -165.546579 -157.752835 -151.163453 -142.615420 -124.779872 -91.883953 -56.693303 -25.694368 -15.133723 -20.436394 -30.280996 -40.820856 -49.196665 -51.662321 -47.024461 -39.658752 -28.455367 -16.635437 -6.271264 -7.345437 -5.965388 -7.368061 -3.787073 -1.316992 -0.860778 4.699854 13.823805 22.191828 24.210101 12.907842 -1.632225 -20.367507 -35.420570 -46.032357 -53.263762 -54.764588 -54.681644 -56.330284 -76.480304 -108.192584 -149.589394 -178.881228 -201.303260 -214.988065 -229.706156 -244.960641 -280.803692 -302.142406 -335.725439 -380.042171
-142.046704 -114.991690 -86.983744 -67.588984 -57.051340 -54.011377 -47.286878 -34.635310 -25.144719 -13.369386 1.369195 20.919245 45.913392 79.654939 113.810931 114.287797 104.838438 91.381708 88.424642 88.968898 89.619796 92.583640 85.425941 109.259361 120.967670 113.994805 125.554697 112.373288 126.311419 129.163437 128.457416 129.176219 130.988289 135.497353 136.959644 121.900938 121.482614 102.781556 67.570267 52.369941 45.735194 41.553815 40.491037 37.985851 28.072726 2.817670 -34.417080 -70.408057 -96.501699 -115.263251 -128.931783 -138.705936 -148.090460 -162.357936 -187.380478 -223.919190
-35.975493 -12.303226 11.435787 34.661730 51.414289 57.452601 71.925280 95.671266 109.464296 123.101331 127.537905 148.450471 153.759066 181.347822 193.177905 199.260435 200.663499 201.302514 203.045824 203.437561 200.339204 200.705921 200.421575 202.226824 204.634758 204.575210 205.469193 204.360902 205.971276 206.692259 206.558593 206.779144 204.919837 205.050300 205.194119 203.702047 202.069960 195.156128 178.250447 166.640838 159.691598 152.550493 144.368935 135.430536 126.186172 110.416920 68.658583 32.087353 -0.413649 -19.293927 -28.843656 -35.380592 -40.982897 -55.156918 -75.855423 -102.132359
91.531797 107.208036 124.587498 144.971376 159.229660 158.646222 177.683793 186.245163 197.025623 207.081500 207.583939 209.365358 209.169889 210.600506 211.494968 211.927587 211.478672 209.546237 209.420530 207.465120 201.933082 193.155520 194.233416 195.353005 197.700953 200.537479 199.084572 199.731835 202.735235 201.580538 196.705734 193.734750 192.175481 192.158073 198.784575 201.389981 201.961403 202.567225 201.630698 201.296505 201.156859 200.913559 200.827963 200.762007 196.778040 188.046537 166.725698 138.943360 107.544268 72.186629 59.352100 58.417213 53.747428 45.500947 21.814854 -6.301117
188.561192 199.830644 208.880941 209.491091 210.283780 209.617263 212.386588 215.070766 215.432670 211.760547 207.753002 202.960665 201.932495 200.817253 198.745442 199.367008 197.416509 193.567090 189.821473 181.791526 170.694510 158.870973 156.745145 161.290778 165.818551 168.691019 171.169438 173.739122 175.920921 171.587896 164.925890 158.596299 156.533794 162.484797 167.879444 172.040741 172.067985 171.409264 169.835594 170.470688 169.010037 170.146132 177.160523 191.276987 199.413747 199.693665 199.384765 198.395398 196.265953 175.269214 155.979785 157.855648 153.334495 140.177782 101.628396 73.780387
205.347744 205.199072 202.499259 197.112406 191.856451 191.313580 195.138220 201.548741 203.306126 196.644230 188.261186 178.579003 171.962522 170.218267 168.651533 167.671472 167.386539 161.616575 152.175195 120.304910 103.498697 90.446431 83.584372 82.325683 87.634162 95.558787 102.984012 106.913489 102.209246 95.785035 86.839552 79.484255 79.797413 82.764481 91.060574 102.457996 104.740142 105.751504 102.140937 99.687244 95.532535 96.367487 108.787336 140.520938 156.795128 169.043830 176.711864 184.898589 191.831849 198.663945 198.728096 198.798549 198.693425 194.360712 179.176475 160.274834
190.116715 181.869957 175.571521 169.240087 163.352884 161.875146 164.859658 167.945575 165.912544 159.024913 145.783756 118.052744 103.470240 96.825341 96.725829 98.058933 97.756479 90.927308 75.100382 52.929625 36.893681 21.956859 17.356905 12.818940 10.400575 20.455042 35.065274 40.105991 28.741804 20.146707 7.626096 0.545070 -1.640663 0.249183 9.379397 26.590989 42.173777 43.051027 34.919214 27.283021 23.778588 23.552176 34.261452 58.315567 79.465341 94.564653 106.376668 121.491039 141.305844 152.311100 163.291018 175.647371 187.254054 198.196500 198.933665 198.704496
158.434507 134.011069 121.366443 113.034788 106.474702 102.054085 99.587657 97.368470 91.674844 84.363621 72.020414 55.233746 41.516814 27.923489 24.389791 22.175590 23.627550 12.178983 -0.366649 -21.422400 -37.597067 -53.179187 -61.705096 -67.439976 -72.751515 -65.619069 -49.902362 -41.031928 -55.944077 -65.723856 -78.670297 -84.992553 -87.941964 -86.696038 -77.521525 -55.337758 -37.492963 -31.673227 -39.440246 -45.989054 -48.690317 -48.361279 -41.610275 -23.615928 -2.100499 18.425046 34.175358 46.718456 59.031620 71.471260 87.451799 105.493954 133.865945 154.017887 172.415249 187.182688
97.076267 82.227802 70.264466 59.065946 48.417880 42.445829 42.692042 35.828023 29.408462 18.681246 -21.876222 -38.540402 -55.821625 -70.036290 -74.843840 -81.423354 -84.863126 -94.207335 -101.936743 -113.542963 -128.972320 -144.917129 -158.778024 -163.334649 -167.330321 -171.422066 -162.401073 -158.384427 -160.717200 -167.552415 -174.495147 -178.073881 -180.357743 -176.867897 -164.797491 -152.896810 -141.841166 -136.760469 -141.460052 -136.579821 -131.205023 -130.416244 -115.667469 -101.302754 -83.238154 -61.923272 -39.693754 -26.880014 -16.103157 -3.911001 12.964223 32.212163 54.253366 79.654755 107.598353 137.599936
44.083522 29.666506 15.254088 2.738462 -9.312054 -20.512179 -20.121449 -23.978746 -30.485797 -62.269802 -102.527891 -131.619669 -148.199949 -167.030475 -175.723675 -183.261141 -202.287082 -214.222952 -222.059946 -221.427304 -232.303686 -247.674919 -260.558080 -266.767060 -271.210100 -280.170743 -283.553777 -280.202774 -272.333433 -278.078215 -281.198964 -279.053652 -281.002195 -282.748873 -275.416055 -262.996233 -255.561223 -247.934489 -240.600696 -236.407935 -230.575987 -209.531409 -196.493644 -183.093940 -164.478944 -143.965259 -122.486076 -104.396005 -91.980504 -77.941444 -59.009417 -41.445629 -19.053216 6.336395 36.572703 59.761178
-22.054000 -39.817189 -54.917111 -69.887710 -85.658456 -105.023839 -106.977620 -113.608068 -125.540007 -163.681274 -200.390504 -228.915262 -248.109422 -269.077330 -282.909311 -303.576152 -334.599111 -356.316177 -356.314255 -350.639316 -356.366193 -375.468963 -394.488450 -409.638945 -426.172417 -446.900999 -459.467669 -448.818495 -436.962636 -434.282917 -433.170686 -428.961811 -428.425963 -429.653226 -429.571148 -413.259681 -399.808983 -385.837453 -373.790018 -361.863808 -331.448429 -303.811162 -285.627204 -266.414231 -247.740599 -226.399504 -204.063413 -185.269051 -171.260753 -154.161110 -135.786960 -115.794181 -94.542760 -68.744711 -38.689615 -14.211356
-88.720081 -112.890372 -132.334881 -152.776110 -183.209712 -195.955817 -203.800899 -211.281307 -238.303693 -274.413756 -309.942145 -341.812030 -373.449873 -407.502004 -443.379366 -483.120950 -519.411657 -542.687530 -533.976831 -526.406275 -517.333115 -534.546885 -550.100258 -557.242913 -572.600878 -587.253843 -602.658017 -591.753728 -583.100610 -567.831718 -566.301218 -564.092499 -557.914804 -560.317382 -562.075458 -568.434953 -557.727930 -548.023933 -535.664177 -506.775415 -474.824699 -441.100121 -410.767180 -380.247409 -349.100691 -317.738966 -288.962160 -264.259585 -246.172253 -228.205106 -208.255593 -189.530504 -171.072344 -149.242486 -123.077779 -99.938565
-178.330565 -197.900880 -218.021721 -246.246154 -283.137442 -310.987358 -323.029900 -355.827858 -395.736739 -453.793756 -490.968427 -518.428395 -546.206169 -569.164975 -589.023264 -614.993304 -635.758734 -659.350475 -652.624221 -639.879266 -624.030063 -635.336293 -639.257490 -639.747744 -650.393200 -662.338958 -677.223099 -673.909901 -659.900680 -643.828610 -640.671642 -635.961738 -628.118215 -628.127798 -634.690014 -645.598041 -641.031581 -629.809290 -617.121827 -596.983568 -576.516070 -555.969574 -536.538592 -512.177351 -483.105200 -449.461633 -409.766128 -370.346031 -342.273102 -311.323431 -282.419594 -261.530622 -248.334619 -232.406818 -207.804534 -189.462909
-265.570411 -286.905333 -313.090622 -358.599670 -416.016701 -476.754874 -517.358242 -553.416188 -587.350674 -607.858131 -624.321361 -640.206418 -655.027075 -670.865875 -685.869695 -699.918127 -717.301287 -741.191148 -732.613400 -717.718304 -702.285789 -701.193574 -703.537013 -704.194645 -710.097846 -722.847944 -740.350149 -731.591076 -717.149812 -703.594346 -697.082061 -692.723049 -686.055636 -690.021639 -699.473619 -710.919247 -703.843755 -690.368688 -679.403312 -665.899190 -648.720272 -631.137941 -613.590257 -594.419629 -574.617224 -550.788081 -523.992944 -493.594297 -460.567923 -424.151192 -386.871636 -365.332755 -345.588336 -327.975826 -303.604789 -281.673939
-396.859275 -433.391876 -472.169854 -516.129735 -562.187015 -592.772478 -619.706653 -644.059663 -668.106286 -685.657880 -698.705155 -701.145203 -709.848101 -725.100266 -730.391639 -741.000367 -762.468074 -758.077240 -752.353227 -736.133666 -737.110598 -737.404224 -741.139042 -739.708703 -743.357051 -761.628474 -752.678149 -746.653020 -733.094470 -727.410443 -722.125077 -718.368782 -715.339337 -717.136350 -728.907779 -726.223731 -720.824446 -708.212214 -702.681711 -693.050683 -676.585141 -665.917464 -652.136467 -635.486588 -617.927155 -598.474115 -576.763090 -551.237879 -526.497068 -503.884284 -491.269716 -475.369039 -462.351414 -463.497432 -437.156232 -409.160150
