tests/Borden05m/sims/sim_1/output-maps/psiliqL0019N0002.asc
ncols         160
nrows         34
xllcorner     620200.000000
yllcorner     5168000.000000
cellsize      0.500000
NODATA_value  -9999.0
[rows 0 to 24 of 34, columns 55 to 109 of 160]
-9999.0 -9999.0 -9999.0 -9999.0 -9999.0 -9999.0 -9999.0 -9999.0 -9999.0 -9999.0 -9999.0 -9999.0 -9999.0 -9999.0 -9999.0 -9999.0 -9999.0 -9999.0 -9999.0 -9999.0 -9999.0 -9999.0 -9999.0 -9999.0 -9999.0 -9999.0 -9999.0 -9999.0 -9999.0 -9999.0 -9999.0 -9999.0 -9999.0 -9999.0 -9999.0 -9999.0 -9999.0 -9999.0 -9999.0 -9999.0 -9999.0 -9999.0 -9999.0 -9999.0 -9999.0 -9999.0 -9999.0 -9999.0 -9999.0 -9999.0 -9999.0 -9999.0 -9999.0 -9999.0 -9999.0
-9999.0 -9999.0 -9999.0 -9999.0 2016.680189 2011.363716 2006.503647 2001.992400 1993.506801 1984.485301 1976.576331 1972.744672 1971.950163 1971.370445 1971.097633 1976.384577 1984.612148 1992.413753 1999.578680 2002.086786 2004.568736 2006.709009 2007.157448 2006.054082 2002.918471 1999.717612 1996.421778 1994.912243 1987.262201 1976.096813 1967.609367 1964.957588 1969.313885 1973.752098 1976.241863 1981.753179 1992.245992 2002.815895 2011.156802 2023.107090 2029.219734 2034.178273 2036.702593 2032.391514 2028.727119 2024.636126 2018.906517 2007.759325 -9999.0 -9999.0 -9999.0 -9999.0 -9999.0 -9999.0 -9999.0
1961.657287 1980.485461 2001.052285 2004.327381 1992.822616 1987.928343 1984.878456 1983.208951 1978.845466 1970.490761 1965.526636 1960.317158 1958.317198 1958.576795 1958.786076 1962.914413 1973.559026 1981.631186 1986.450386 1989.138576 1991.939201 1991.128205 1990.554419 1990.348977 1987.534307 1984.160514 1980.859568 1979.125881 1980.118835 1972.618848 1966.984030 1963.416267 1961.208390 1963.859444 1966.408955 1970.335074 1979.606559 1987.523959 1995.416568 2009.880551 2022.395302 2027.574153 2024.766982 2019.673820 2015.590309 2008.329729 1997.787259 1987.506478 1978.584259 1971.813553 1966.066033 1959.681214 1965.496328 1972.301602 1981.549687
1946.007479 1965.385976 1985.822862 1988.690011 1978.304926 1970.462394 1964.815978 1965.394641 1968.628220 1965.489542 1961.016273 1954.968570 1964.382312 1965.755087 1966.919460 1970.388224 1973.144170 1977.378858 1980.125404 1985.579198 1994.624273 1997.433050 1997.971638 1998.122443 1996.281671 1993.170950 1991.375024 1988.694886 1983.560118 1982.233785 1982.310569 1981.655214 1986.272564 1987.825282 1990.134600 1984.009017 1987.907459 1994.019213 2000.753805 2006.616628 2012.797411 2015.815532 2012.223858 2011.691643 2002.980626 1988.934664 1978.129705 1969.874262 1968.716778 1965.303677 1957.031122 1943.440435 1950.660807 1966.022933 1970.277205
1951.633594 1960.922781 1972.335274 1975.318658 1970.535672 1972.519427 1974.461783 1976.089438 1974.655280 1971.678348 1968.846172 1980.608135 1989.713627 1991.545528 1994.470443 1998.489350 1998.803329 1987.612971 1985.546411 1993.458555 2003.523213 2009.046392 2009.285187 2009.119948 2006.373525 2005.370789 2005.163374 2003.264328 2003.541192 2005.668483 2004.633202 2008.583129 2014.257209 2017.466879 2010.892793 2002.105579 2003.540586 2011.517162 2019.994459 2027.223841 2037.349021 2048.062850 2047.258391 2041.759644 2032.584270 2019.124572 1995.722681 1976.724200 1965.368878 1957.350450 1949.623851 1950.486162 1946.161244 1958.085153 1959.305483
1945.274735 1964.252945 1985.160837 1992.398624 1986.772336 1982.668405 1980.958630 1981.989563 1981.958643 1984.096142 1995.092027 2008.190067 2021.457979 2024.132577 2026.589365 2025.997697 2017.866575 2007.845543 2004.788532 2018.981703 2035.538383 2043.669889 2043.833647 2041.516458 2046.724992 2046.145717 2045.582405 2041.572851 2043.179691 2043.045640 2051.052805 2058.866285 2066.506395 2065.046232 2052.948621 2041.119348 2040.182553 2044.022328 2048.756297 2055.277487 2065.078758 2074.086229 2068.701043 2062.043512 2052.815939 2025.141789 1999.550202 1983.362094 1983.013677 1982.821930 1977.523939 1974.270284 1971.496508 1965.257713 1964.509981
1988.047815 2008.700052 2029.188022 2044.053810 2038.552829 2031.224393 2022.312729 2023.137124 2025.349591 2032.754877 2044.863333 2060.440911 2083.645511 2085.239292 2087.440627 2088.588912 2076.982552 2064.617142 2054.287789 2074.162164 2084.846577 2092.833678 2092.650925 2100.392263 2109.787518 2105.858992 2098.869639 2088.068714 2094.299632 2103.924572 2119.268938 2126.824497 2131.548602 2128.985968 2116.761664 2110.573773 2110.334932 2114.186357 2113.039348 2118.972317 2128.024922 2142.447740 2141.029961 2134.107532 2112.320305 2074.907959 2042.270933 2024.692260 2032.164227 2025.059282 2017.604568 2014.761407 2001.442009 1991.559245 1992.025031
2032.847033 2049.202435 2067.006166 2084.893647 2078.790531 2068.968715 2054.817410 2053.644626 2060.096660 2070.636226 2089.327029 2110.281349 2132.625499 2136.901207 2135.999082 2145.897002 2139.688760 2130.084397 2122.495404 2138.403711 2149.661996 2160.718130 2168.720211 2181.492118 2192.654591 2180.206493 2166.264093 2159.094514 2165.450507 2188.085546 2207.973745 2213.331465 2213.953900 2215.402640 2203.738670 2197.965449 2192.682146 2189.677439 2184.837834 2181.199132 2201.902435 2219.937834 2218.272649 2195.226466 2171.219201 2132.971694 2094.627509 2065.254250 2069.912472 2065.993289 2066.019253 2052.459842 2037.945048 2024.932277 2017.703871
2101.785089 2127.948940 2147.203717 2169.122064 2166.157402 2147.354647 2136.493127 2140.803163 2154.289475 2162.311497 2179.498822 2200.822448 2230.112603 2247.643805 2263.617336 2268.448346 2260.909483 2252.475634 2240.209861 2241.748169 2262.108129 2274.462183 2284.389493 2294.307553 2307.040604 2310.520518 2306.342520 2305.669553 2309.853987 2320.240072 2332.170478 2339.459429 2344.264215 2348.598860 2340.804608 2329.489018 2325.113258 2317.514305 2312.681969 2310.256014 2316.080228 2330.605220 2327.243272 2295.716539 2267.891466 2233.366100 2194.935172 2163.611976 2150.262068 2160.978388 2152.950391 2134.751544 2118.535248 2086.994372 2074.852542
2189.435551 2224.441535 2251.299958 2265.126582 2276.688125 2268.239764 2268.888322 2273.546208 2281.859525 2286.607569 2294.440770 2327.325124 2361.934207 2389.709335 2413.760370 2422.289498 2411.528524 2402.159204 2389.887788 2381.104212 2388.685441 2404.724024 2422.130143 2437.708557 2449.231432 2452.421950 2451.269972 2451.914696 2455.079840 2458.564780 2462.823377 2470.799654 2479.144223 2490.077049 2500.161244 2491.987906 2473.893897 2462.392855 2450.182437 2446.377680 2445.446004 2445.471130 2445.017731 2432.212020 2394.914228 2363.807152 2330.791744 2304.982193 2286.114639 2276.909898 2256.250640 2231.732584 2182.432446 2142.782168 2108.767541
2295.143206 2338.315618 2369.197859 2391.154910 2406.221987 2407.309629 2410.214778 2412.770764 2418.291025 2422.896228 2428.760021 2454.052515 2495.044933 2534.094995 2565.139107 2567.752582 2556.824634 2546.398181 2536.966820 2524.921370 2521.617695 2531.966806 2545.355378 2563.622097 2574.785114 2582.840399 2580.513742 2581.287141 2583.566858 2585.803839 2588.434297 2592.085331 2601.291169 2615.566513 2628.691547 2628.677138 2612.218959 2594.878792 2577.673171 2572.060414 2567.055822 2560.939706 2561.229460 2561.372549 2548.663111 2518.995452 2478.854416 2435.697368 2412.099890 2391.942297 2377.977193 2360.037703 2325.915627 2265.920815 2230.040173
2425.070594 2457.338101 2489.224672 2521.194346 2539.109014 2545.145062 2544.934557 2546.056152 2553.859396 2559.107354 2567.713887 2584.410314 2613.073233 2645.842249 2674.505698 2691.302929 2686.043303 2671.297259 2652.058191 2644.946264 2643.166141 2646.187689 2654.375523 2664.888071 2682.441741 2700.340465 2708.128842 2709.412003 2705.815232 2710.466830 2712.951192 2714.043356 2716.891958 2724.118624 2732.790639 2735.528814 2728.489827 2707.490860 2685.056573 2671.631057 2663.514850 2658.945306 2657.638032 2659.767321 2659.786389 2645.068475 2611.820014 2569.303276 2535.956851 2515.500768 2498.765946 2481.745084 2467.845904 2440.096846 2418.966974
2549.642414 2566.016418 2594.695226 2623.673950 2647.481051 2663.767471 2666.664879 2671.533275 2676.786786 2685.884900 2701.922758 2725.744914 2743.219523 2763.455301 2787.607764 2802.174366 2807.831452 2807.363722 2804.917939 2806.548193 2806.917550 2762.877836 2767.532529 2772.117642 2784.196732 2795.986798 2800.555783 2801.312001 2799.738238 2802.065366 2803.492028 2804.380406 2804.809893 2806.525589 2810.369831 2811.647084 2809.497792 2799.147739 2809.165952 2790.478202 2777.635059 2769.562297 2761.222625 2752.205185 2741.739069 2730.380973 2708.700062 2678.384446 2643.354512 2618.044042 2606.532961 2597.892672 2588.241442 2580.629672 2562.664088
2662.438907 2675.167104 2693.670737 2716.474992 2750.087336 2772.152471 2783.423160 2792.418525 2797.154667 2810.193924 2825.264145 2815.448157 2821.801599 2828.157589 2834.320760 2836.414370 2836.964530 2836.614903 2834.233855 2833.563529 2831.394657 2827.195976 2817.082573 2818.391829 2819.880448 2822.278336 2825.876336 2824.736771 2825.960718 2829.382813 2828.414262 2823.397198 2820.253359 2819.191713 2820.193976 2827.481862 2830.633783 2831.276970 2829.001349 2828.224437 2827.619650 2825.314437 2822.301928 2817.845098 2811.892303 2819.955295 2807.634672 2781.034754 2743.315407 2702.458574 2690.240104 2687.370612 2685.792755 2681.828933 2674.258446
2792.962427 2806.931290 2821.856651 2810.533237 2827.538672 2836.192688 2840.081673 2843.137732 2845.265421 2846.854693 2843.286525 2839.707611 2834.576759 2832.763091 2831.003900 2828.147847 2828.332624 2826.001757 2821.627600 2817.428924 2809.765117 2798.181830 2786.446721 2782.874115 2786.781451 2791.620384 2796.006863 2799.637566 2803.183118 2804.027098 2799.450044 2791.972554 2785.301790 2783.989802 2790.919533 2796.706851 2802.653725 2803.560896 2802.461003 2800.668649 2801.220580 2799.004071 2799.929195 2807.062017 2821.151602 2825.416445 2829.342750 2828.327278 2815.900014 2793.522383 2794.697399 2774.297602 2778.059548 2772.415506 2759.889012
2841.402843 2844.269229 2843.838657 2842.904842 2837.041193 2831.016690 2829.759477 2832.843842 2838.661083 2838.603688 2830.345167 2820.676994 2812.441568 2804.288340 2801.027945 2799.150178 2797.815233 2797.295431 2791.250848 2781.873949 2764.675110 2752.217885 2740.205271 2733.351630 2729.698707 2733.182263 2743.062497 2753.477389 2758.152726 2750.362103 2742.827060 2732.165504 2724.662629 2725.444338 2727.440863 2736.909409 2752.449346 2758.834987 2760.136643 2755.179186 2750.699248 2745.568257 2744.175617 2751.819169 2767.800194 2784.768582 2800.024585 2809.171239 2817.035784 2823.989246 2825.194033 2827.217125 2828.158340 2826.319865 2826.693363
2840.775837 2834.308571 2827.646777 2822.335927 2815.350620 2808.994785 2806.040548 2806.679230 2807.301412 2801.588970 2792.844154 2780.329327 2767.351656 2755.846318 2747.302293 2746.664162 2747.535635 2747.596171 2739.654377 2723.501925 2703.047968 2688.317292 2673.191818 2668.010753 2661.582887 2654.790556 2664.352701 2682.120201 2688.601938 2673.932330 2663.836870 2649.591189 2643.072779 2639.966260 2641.517550 2651.040342 2672.532590 2694.708529 2697.178444 2688.002905 2679.205340 2676.060475 2674.845459 2681.987546 2700.915252 2724.437254 2741.549255 2753.029422 2759.939107 2769.169942 2779.811019 2794.318473 2809.124274 2821.355578 2828.344165
2817.506546 2809.294067 2801.006089 2792.541701 2784.326622 2776.294468 2770.130846 2765.904935 2760.116287 2751.281788 2741.005251 2718.553585 2703.481773 2688.588343 2672.151422 2666.559978 2661.008665 2660.898031 2648.337008 2638.164816 2620.136409 2603.493452 2586.259405 2572.967246 2566.024461 2558.813592 2559.239393 2573.051308 2581.413951 2570.048579 2560.215155 2548.809911 2543.847811 2540.911332 2543.519256 2554.318325 2575.601673 2594.726522 2603.295757 2596.865010 2595.202154 2596.038887 2596.648463 2604.557878 2618.867862 2639.068923 2662.670103 2682.448803 2694.422586 2703.999714 2715.833445 2733.953721 2749.983908 2765.679218 2784.554423
2783.246747 2772.584465 2761.355723 2750.159552 2737.587939 2722.971981 2714.199091 2713.377481 2703.994346 2694.607033 2672.032990 2618.465845 2595.618981 2574.373202 2556.206940 2547.872624 2538.162263 2524.455220 2514.236272 2507.474375 2504.104717 2487.846951 2468.012607 2449.670713 2443.514638 2438.778121 2424.759640 2424.071140 2425.508733 2435.819009 2429.211952 2425.969272 2426.191320 2424.077331 2426.670122 2440.297762 2450.521385 2458.873909 2466.191814 2469.116264 2479.284291 2489.034632 2498.325191 2516.772604 2530.896148 2549.375841 2572.680897 2600.260455 2617.580909 2629.945292 2643.258971 2660.954123 2679.905420 2699.974031 2724.686362
2739.520315 2720.441861 2704.290563 2687.978753 2673.028980 2658.418642 2641.404164 2639.769085 2633.603822 2620.451544 2568.109115 2522.938657 2485.502465 2464.978803 2439.751880 2425.172914 2409.437343 2375.336962 2358.209143 2354.028211 2363.151660 2355.780583 2338.965825 2325.219449 2315.587733 2306.799110 2290.829618 2276.297131 2281.448496 2296.837822 2295.303444 2296.441873 2302.725595 2301.904034 2297.070104 2298.546209 2312.089512 2319.310883 2330.490867 2346.021030 2351.571003 2365.622567 2397.214364 2412.176292 2429.251459 2450.659000 2474.343516 2500.619325 2525.376533 2542.232208 2560.333539 2582.313142 2602.385006 2626.092693 2652.034116
2675.559194 2644.900535 2622.547811 2603.008023 2581.824261 2555.241829 2532.258442 2526.907150 2517.047158 2488.890096 2434.951801 2394.019989 2365.265539 2341.108815 2315.695805 2292.544104 2258.276081 2224.098408 2202.224367 2212.369567 2220.897618 2226.785552 2213.639348 2201.416747 2191.062776 2174.571148 2158.134525 2143.712784 2153.390697 2161.823162 2175.897265 2181.265283 2185.163829 2189.683312 2188.600598 2180.986790 2180.847483 2189.562917 2200.020627 2211.800682 2230.292539 2263.903519 2289.542281 2308.574892 2330.696494 2352.040929 2376.138363 2401.691134 2426.526188 2446.030919 2467.615210 2490.897769 2515.574053 2539.174952 2566.617437
2585.977718 2556.069549 2527.327186 2501.674853 2468.609143 2423.223191 2405.978173 2394.552882 2374.265485 2329.505623 2285.336907 2255.823265 2236.192754 2210.862889 2187.406637 2158.426797 2125.185269 2100.976441 2080.210207 2088.372688 2096.575692 2112.124183 2101.557057 2092.448206 2087.709533 2072.389746 2058.671162 2043.009864 2049.715932 2060.724998 2081.263781 2086.402334 2090.258515 2098.632234 2097.879815 2094.398258 2080.944394 2088.719813 2099.540440 2113.994618 2143.633021 2167.407419 2191.044110 2213.315671 2234.201399 2257.780408 2282.397316 2307.671769 2335.784000 2357.652432 2379.201814 2403.401177 2426.284651 2446.015832 2468.248375
2463.973872 2437.349466 2414.473129 2388.321003 2346.728114 2301.261854 2261.464234 2237.864139 2190.535998 2154.674219 2126.589489 2117.107322 2101.115369 2079.046276 2058.166977 2037.337418 2013.335318 1992.630720 1967.817476 1972.149206 1986.070965 2001.358239 1999.264751 1997.980237 1995.581932 1985.318973 1971.696993 1958.031731 1961.617663 1977.753159 1995.147414 2004.015127 2011.261115 2018.958519 2018.930012 2010.678615 2001.466940 2006.704535 2021.569556 2037.859195 2057.034955 2078.546636 2100.132625 2121.020977 2144.153638 2167.898656 2192.165947 2218.584142 2247.100965 2269.697132 2295.290561 2321.982657 2342.511930 2355.821198 2369.600931
2348.348766 2326.181473 2301.041081 2272.583763 2229.985413 2188.377326 2146.015775 2101.610019 2067.607107 2036.916542 2024.583390 2007.079530 1991.268657 1974.760621 1953.875831 1936.005004 1919.373970 1897.722599 1884.190465 1890.395476 1903.414993 1912.644945 1917.483729 1914.857221 1912.120355 1905.613277 1891.759215 1884.988879 1894.251859 1909.423801 1923.551001 1934.468410 1941.273328 1946.812914 1943.949714 1935.245533 1931.078356 1939.211667 1954.665612 1968.710145 1984.532457 2005.450597 2026.148904 2047.897657 2070.681033 2093.288156 2118.406620 2144.400667 2171.223234 2198.754545 2222.989214 2245.049510 2257.044676 2269.706602 2275.446664
2214.313455 2199.525667 2173.139995 2144.314963 2113.007363 2077.233929 2049.793236 2017.740471 1986.962640 1957.027668 1931.109030 1916.436889 1908.407308 1894.568170 1876.576356 1864.394589 1848.306043 1835.018525 1838.313845 1840.153128 1849.400721 1848.738936 1849.425600 1846.680443 1845.807205 1842.637911 1834.535516 1844.209496 1851.100226 1864.953811 1875.236263 1884.769792 1890.710357 1894.486143 1895.055808 1889.878757 1894.676163 1901.149888 1915.101071 1926.427567 1940.461936 1960.581609 1977.565868 1996.634812 2018.806310 2041.764365 2065.826470 2091.655411 2119.753904 2144.953381 2164.369855 2173.474871 2184.771148 2189.908771 2183.274140
