tests/Borden05m/sims/sim_1/output-maps/psiliqL0023N0012.asc
ncols         160
nrows         34
xllcorner     620200.000000
yllcorner     5168000.000000
cellsize      0.500000
NODATA_value  -9999.0
[rows 0 to 24 of 34, columns 0 to 54 of 160]
-9999.0 -9999.0 -9999.0 -9999.0 -9999.0 -9999.0 -9999.0 -9999.0 -9999.0 -9999.0 -9999.0 -9999.0 -9999.0 -9999.0 -9999.0 -9999.0 -9999.0 -9999.0 -9999.0 -9999.0 -9999.0 -9999.0 -9999.0 -9999.0 -9999.0 -9999.0 -9999.0 -9999.0 -9999.0 -9999.0 -9999.0 -9999.0 -9999.0 -9999.0 -9999.0 -9999.0 -9999.0 -9999.0 -9999.0 -9999.0 -9999.0 -9999.0 -9999.0 -9999.0 -9999.0 -9999.0 -9999.0 -9999.0 -9999.0 -9999.0 -9999.0 -9999.0 -9999.0 -9999.0 -9999.0
-9999.0 -9999.0 -9999.0 -9999.0 -9999.0 -9999.0 -9999.0 -9999.0 -9999.0 -9999.0 -9999.0 -9999.0 -9999.0 -9999.0 -9999.0 -9999.0 -9999.0 -9999.0 -9999.0 -9999.0 -9999.0 -9999.0 -9999.0 -9999.0 -9999.0 -9999.0 -9999.0 -9999.0 -9999.0 -9999.0 -9999.0 -9999.0 -9999.0 -9999.0 -9999.0 -9999.0 -9999.0 -9999.0 -9999.0 -9999.0 -9999.0 -9999.0 -9999.0 -9999.0 -9999.0 -9999.0 -9999.0 -9999.0 -9999.0 -9999.0 -9999.0 -9999.0 -9999.0 -9999.0 -9999.0
-9999.0 -9999.0 -9999.0 -9999.0 -9999.0 -9999.0 -9999.0 -9999.0 -9999.0 -9999.0 -9999.0 -9999.0 -9999.0 -9999.0 -9999.0 -9999.0 -9999.0 -9999.0 -9999.0 -9999.0 -9999.0 -9999.0 -9999.0 -9999.0 -9999.0 -9999.0 -9999.0 -9999.0 -9999.0 -9999.0 -9999.0 -9999.0 -9999.0 -9999.0 -9999.0 -9999.0 -9999.0 -9999.0 -9999.0 -9999.0 -9999.0 -9999.0 -9999.0 -9999.0 -9999.0 -9999.0 -9999.0 2704.464949 2687.531907 2674.064761 2670.383868 2692.287512 2716.011047 2740.416626 2761.528026
-9999.0 -9999.0 -9999.0 -9999.0 -9999.0 -9999.0 -9999.0 -9999.0 -9999.0 -9999.0 -9999.0 -9999.0 -9999.0 -9999.0 -9999.0 -9999.0 -9999.0 -9999.0 -9999.0 -9999.0 -9999.0 -9999.0 -9999.0 -9999.0 -9999.0 -9999.0 -9999.0 -9999.0 -9999.0 -9999.0 -9999.0 -9999.0 -9999.0 -9999.0 -9999.0 -9999.0 -9999.0 -9999.0 -9999.0 -9999.0 2752.756440 2758.904299 2759.336003 2749.794645 2738.952027 2725.987143 2705.824812 2688.618598 2675.504472 2673.930731 2676.958590 2680.704161 2702.352531 2728.218908 2748.681318
-9999.0 -9999.0 -9999.0 -9999.0 -9999.0 -9999.0 -9999.0 -9999.0 -9999.0 -9999.0 -9999.0 -9999.0 -9999.0 -9999.0 -9999.0 -9999.0 -9999.0 -9999.0 -9999.0 -9999.0 -9999.0 -9999.0 -9999.0 -9999.0 -9999.0 -9999.0 -9999.0 -9999.0 -9999.0 -9999.0 -9999.0 -9999.0 -9999.0 -9999.0 2658.715103 2676.021022 2694.399546 2713.419725 2730.831011 2738.233155 2744.223916 2749.979947 2745.874985 2741.888108 2730.751896 2710.583790 2691.681285 2679.097008 2678.377799 2676.504756 2680.802530 2693.217467 2710.494817 2726.363340 2747.565142
-9999.0 -9999.0 -9999.0 -9999.0 -9999.0 -9999.0 -9999.0 -9999.0 -9999.0 -9999.0 -9999.0 -9999.0 -9999.0 -9999.0 -9999.0 -9999.0 -9999.0 -9999.0 -9999.0 -9999.0 -9999.0 -9999.0 -9999.0 -9999.0 -9999.0 -9999.0 -9999.0 -9999.0 2661.783662 2656.167721 2651.795087 2650.802655 2649.956390 2649.478437 2656.471503 2668.186348 2685.917933 2708.467127 2722.245617 2730.023032 2737.320406 2738.236328 2733.043682 2731.820422 2732.828556 2720.874819 2709.246102 2698.398044 2687.868282 2685.676580 2695.347481 2710.216202 2727.063330 2742.326143 2758.172268
-9999.0 -9999.0 -9999.0 -9999.0 -9999.0 -9999.0 -9999.0 -9999.0 -9999.0 -9999.0 -9999.0 -9999.0 -9999.0 -9999.0 -9999.0 -9999.0 -9999.0 -9999.0 -9999.0 -9999.0 -9999.0 -9999.0 -9999.0 2630.163223 2635.541037 2642.500943 2650.631328 2652.073363 2648.964649 2644.008113 2641.821559 2641.003372 2639.471801 2644.591261 2652.337739 2665.948590 2681.886561 2704.685049 2713.599491 2718.841686 2730.949243 2735.043415 2743.028767 2747.567761 2746.293837 2743.017344 2729.188922 2718.688788 2722.071929 2727.108791 2734.588948 2743.446416 2757.370116 2771.991948 2788.119650
-9999.0 -9999.0 -9999.0 -9999.0 -9999.0 -9999.0 -9999.0 -9999.0 -9999.0 -9999.0 -9999.0 -9999.0 -9999.0 -9999.0 -9999.0 -9999.0 -9999.0 -9999.0 -9999.0 2604.579569 2605.884992 2607.713020 2612.916158 2613.649662 2615.908911 2623.233277 2631.833238 2635.192925 2633.641058 2633.164327 2635.168779 2638.437738 2643.587925 2654.848426 2668.907780 2683.444163 2697.021045 2718.260321 2733.238419 2746.350670 2762.312495 2763.131250 2760.074711 2758.989545 2759.569399 2758.737159 2758.935741 2759.386740 2766.170441 2768.385168 2773.139188 2782.757953 2794.106573 2811.370492 2829.759373
-9999.0 -9999.0 -9999.0 -9999.0 -9999.0 -9999.0 -9999.0 -9999.0 -9999.0 -9999.0 -9999.0 -9999.0 -9999.0 -9999.0 -9999.0 -9999.0 2575.085930 2577.172713 2579.911807 2585.744229 2589.699121 2594.113805 2601.473829 2603.218435 2607.224030 2614.876321 2620.009623 2629.783623 2638.672329 2646.374924 2652.811057 2655.845229 2663.091852 2672.884849 2684.865158 2699.472861 2720.236061 2744.036155 2760.125822 2777.268244 2794.967665 2796.116731 2795.148245 2796.173784 2795.533930 2797.487286 2812.871641 2817.145679 2813.972542 2825.827160 2838.688346 2842.501274 2803.861705 2821.042337 2842.759373
-9999.0 -9999.0 -9999.0 -9999.0 -9999.0 -9999.0 -9999.0 -9999.0 -9999.0 -9999.0 -9999.0 -9999.0 -9999.0 2525.195747 2529.558319 2540.112723 2551.540915 2554.944775 2560.249730 2567.302529 2579.938731 2584.052647 2590.508518 2598.222153 2611.413897 2620.667263 2630.124888 2642.424331 2651.040102 2658.549033 2665.581222 2669.635136 2682.013433 2696.796524 2711.976661 2731.766909 2753.936217 2773.096899 2791.257077 2807.825034 2820.515313 2819.639422 2819.432269 2822.241091 2828.087045 2798.395820 2813.095872 2814.883771 2825.810822 2846.120137 2856.417204 2864.098169 2868.495583 2881.442512 2902.023267
-9999.0 -9999.0 -9999.0 -9999.0 -9999.0 -9999.0 -9999.0 -9999.0 -9999.0 -9999.0 2495.232743 2497.294384 2494.179951 2492.627038 2498.808783 2511.697182 2526.656043 2533.039898 2545.534501 2567.353137 2586.344990 2589.993007 2604.035984 2615.331286 2622.807092 2633.384481 2646.805268 2659.486754 2675.609671 2687.825250 2697.708011 2715.201824 2731.378185 2748.004687 2765.786053 2786.418522 2802.845667 2827.838401 2812.704807 2820.091863 2837.473244 2841.604526 2837.149050 2835.165993 2843.586163 2853.618794 2869.156548 2885.873326 2903.608289 2925.466825 2936.860884 2949.388894 2958.192972 2968.424170 2982.825341
-9999.0 -9999.0 -9999.0 -9999.0 -9999.0 -9999.0 -9999.0 -9999.0 2469.531576 2477.833268 2483.930624 2481.261721 2477.375729 2472.643430 2487.757299 2503.969935 2520.530672 2539.343056 2555.604265 2574.346337 2588.993876 2604.607688 2625.916464 2637.780546 2649.364212 2665.092827 2678.860211 2694.800666 2715.871121 2725.371322 2738.448887 2758.717554 2774.675174 2792.260297 2811.155989 2828.475264 2806.701356 2835.016402 2862.158220 2879.057098 2904.464094 2921.669412 2916.634986 2915.446472 2916.974885 2939.875304 2966.016848 2994.157663 2997.092900 3019.678456 3046.980061 3064.495547 3073.262647 3083.915209 3097.239485
-9999.0 -9999.0 -9999.0 -9999.0 -9999.0 -9999.0 2440.209925 2464.911164 2480.601453 2472.706731 2460.258419 2456.157081 2451.265945 2480.955786 2504.041594 2522.172977 2539.709949 2557.978522 2574.854478 2584.958414 2617.045209 2636.981201 2650.514485 2666.023613 2681.419667 2696.779859 2714.167219 2736.731196 2755.796020 2779.442933 2798.804159 2817.820570 2799.180094 2814.534289 2830.922216 2844.834778 2870.747350 2904.337729 2938.310405 2962.998237 2986.949653 3001.519899 3001.707544 3003.616838 3005.838114 3027.631642 3059.565401 3088.178367 3118.784595 3148.678647 3175.454168 3182.861150 3191.317301 3200.811554 3212.783800
-9999.0 -9999.0 -9999.0 -9999.0 2406.629194 2427.725342 2447.174041 2477.858207 2500.561843 2496.252017 2501.992334 2501.385201 2498.530294 2504.177850 2513.009402 2531.437965 2551.351792 2571.523585 2587.454107 2618.467333 2665.802000 2679.286779 2699.535281 2730.641143 2743.525881 2759.023887 2775.838838 2797.848140 2818.258445 2803.317824 2837.490936 2867.726124 2887.708622 2906.310484 2924.946062 2942.358017 2975.619115 2995.760893 3029.544757 3060.319009 3086.610615 3110.706945 3118.067104 3122.925026 3132.548277 3148.451492 3169.687420 3193.399713 3225.121252 3256.217985 3279.157968 3288.739907 3294.074458 3303.253140 3311.009047
-9999.0 -9999.0 -9999.0 2353.429435 2392.622251 2432.101522 2458.564248 2489.525778 2522.479222 2524.506670 2534.163611 2536.391421 2538.010974 2545.427895 2551.323285 2569.133261 2587.826212 2607.609566 2631.350790 2667.380671 2699.532577 2722.101405 2752.187745 2771.735643 2788.233553 2803.323329 2823.026842 2845.139901 2834.179992 2861.762552 2907.041438 2957.033787 2989.047535 2993.438362 3013.644630 3039.497014 3063.079183 3098.838416 3131.683701 3162.700730 3189.563298 3211.230013 3225.829410 3230.494726 3239.231004 3245.109787 3258.034779 3278.222238 3299.587074 3328.862935 3357.043492 3383.563528 3397.804558 3407.998316 3424.216940
-9999.0 -9999.0 2305.136314 2344.335313 2376.655707 2424.748981 2478.313245 2513.905372 2554.512854 2575.767355 2581.073774 2594.618915 2608.683409 2613.128003 2625.498339 2641.136273 2663.624724 2673.729148 2694.921871 2716.435419 2757.951480 2796.550961 2801.057097 2800.180773 2828.692665 2858.790883 2877.613449 2903.327229 2937.693857 2972.389640 3000.956213 3048.396309 3082.162047 3108.964910 3123.666982 3142.296247 3161.947533 3183.565504 3217.942306 3243.435218 3275.090266 3299.674727 3319.023930 3320.960990 3323.723793 3339.046399 3365.367032 3393.601725 3420.422505 3447.093332 3437.240319 3456.578469 3465.202119 3470.013831 3477.579341
-9999.0 -9999.0 2275.796483 2322.060454 2358.438184 2419.254019 2504.533104 2540.377515 2582.100589 2629.381243 2646.150573 2670.089316 2671.080097 2667.949792 2689.315117 2708.097864 2728.412647 2738.013269 2735.855634 2789.599003 2803.286616 2832.616222 2849.330795 2920.274007 2969.340824 2990.200541 2989.769140 3008.196981 3027.935450 3066.060454 3105.365835 3157.362806 3195.223466 3223.783745 3237.520301 3255.721148 3274.223294 3288.872149 3307.200719 3350.515814 3382.260454 3410.638559 3440.191428 3460.535748 3468.240400 3472.386054 3451.195810 3467.314301 3478.253101 3482.971338 3484.787253 3481.097335 3480.476374 3481.239213 3482.170098
-9999.0 2183.402031 2235.938856 2287.362413 2353.267607 2416.763700 2494.623944 2571.808571 2637.088809 2689.607609 2717.881427 2718.538470 2731.076673 2763.030768 2786.586051 2808.509192 2815.973908 2827.329532 2813.312417 2822.862932 2859.100479 2913.350135 2999.693847 3054.803523 3110.649939 3107.332182 3096.210533 3102.293707 3119.348661 3163.249560 3234.229328 3285.980610 3346.183168 3390.782528 3406.186056 3412.559121 3429.981896 3449.588657 3409.155091 3445.438897 3461.998451 3475.825154 3482.841516 3484.747663 3485.812406 3485.614549 3482.030038 3475.188236 3467.140135 3461.391918 3457.225136 3452.722796 3455.151199 3458.462845 3458.837061
-9999.0 2145.779921 2203.832485 2273.282573 2342.033371 2395.236998 2484.239369 2645.398927 2707.134993 2746.836815 2759.320239 2750.355393 2815.247531 2850.573978 2875.985633 2920.120443 2907.187500 2893.190986 2862.648456 2887.685384 2927.862547 2982.812317 3141.419725 3224.413955 3267.737877 3275.608146 3277.359727 3304.063802 3344.803933 3387.416615 3428.117617 3405.189346 3446.909041 3467.288511 3471.549330 3472.146281 3476.721487 3475.492650 3473.738510 3469.433509 3464.378050 3464.521286 3468.928591 3468.749534 3465.851329 3462.580735 3456.950138 3449.524161 3444.257738 3439.641664 3436.965813 3434.093303 3432.251504 3431.755648 3427.119521
-9999.0 2108.162352 2182.167208 2242.049796 2293.468448 2391.231455 2520.976524 2664.264706 2761.456211 2798.494553 2790.438544 2813.521336 2913.266559 3005.591351 3055.250068 3075.795756 3061.069518 3019.322893 3004.555541 3046.565104 3113.288121 3219.981996 3342.856931 3433.501034 3447.216896 3450.059579 3409.766378 3431.448730 3451.545200 3453.920848 3454.862689 3461.299033 3466.257860 3469.056983 3467.534745 3464.653887 3459.888803 3451.791809 3446.959567 3443.378128 3439.676905 3438.675281 3440.797516 3442.426254 3439.685476 3435.826360 3431.362628 3425.780579 3419.558756 3412.871773 3408.686084 3404.540441 3402.456928 3397.182786 3393.557590
-9999.0 1990.751431 2085.258175 2129.670360 2214.580866 2399.947001 2529.264273 2673.137820 2819.653418 2843.781954 2895.812980 3020.634690 3132.991592 3207.623406 3237.504876 3271.195055 3295.226010 3311.706577 3346.266550 3247.581869 3319.420703 3403.479468 3441.265833 3457.650144 3464.748687 3465.062887 3455.591530 3435.184478 3424.531072 3417.784379 3419.388571 3426.614039 3431.441426 3436.350996 3434.087517 3434.989704 3435.783835 3432.486947 3428.560379 3420.000617 3412.234512 3405.790317 3402.903203 3407.721672 3403.037389 3400.509200 3394.439367 3386.209422 3377.753438 3370.419986 3362.634357 3356.143241 3353.879416 3348.860098 3347.714375
-9999.0 1909.892436 1983.600027 2050.804945 2168.582171 2332.915971 2437.898531 2598.687469 2817.325210 2945.551040 3091.173673 3174.119704 3241.890401 3286.728821 3338.142348 3386.366387 3411.010237 3420.913132 3394.697883 3412.563012 3372.150362 3361.455252 3377.921269 3405.596627 3421.224955 3425.036106 3416.951723 3407.393133 3400.159142 3399.034864 3397.067881 3393.630282 3390.092709 3386.845595 3383.704257 3386.386951 3391.471287 3384.647978 3375.155363 3366.091869 3357.899922 3348.953279 3343.152883 3338.854222 3338.887574 3339.088705 3331.605265 3321.281871 3310.659696 3302.542714 3295.376071 3290.747847 3288.255515 3283.464140 3274.573303
-9999.0 1795.077473 1925.135275 2005.910759 2107.180053 2238.303189 2348.406639 2503.772608 2639.739702 2861.044180 2998.362449 3164.941801 3209.215162 3273.776485 3322.436035 3391.717922 3388.246156 3356.740538 3315.704300 3299.139386 3307.900302 3316.234086 3325.005913 3340.148964 3357.236445 3366.890549 3370.934826 3364.436668 3350.355284 3338.667111 3328.660988 3315.975041 3307.170904 3305.010227 3308.182743 3317.413772 3318.362473 3309.158460 3295.439213 3277.973020 3262.867970 3251.453784 3249.274763 3251.730182 3252.618220 3248.787234 3242.872919 3232.376802 3220.011983 3207.989160 3202.075775 3197.671169 3190.627983 3180.104303 3171.407319
-9999.0 -9999.0 1841.920017 1951.002546 2047.966961 2161.843665 2257.685316 2382.323112 2525.840565 2701.055779 2799.336894 2964.163044 3044.928907 3086.624339 3123.134856 3175.650348 3197.858784 3224.779256 3214.955523 3223.795642 3231.904763 3236.554295 3242.194969 3248.785927 3259.467707 3268.944562 3278.254104 3275.500848 3266.561756 3246.943214 3222.724976 3203.954711 3193.927906 3185.309395 3196.656546 3208.853712 3204.038332 3197.260845 3185.013243 3171.694028 3159.197907 3145.209109 3141.749221 3141.833160 3142.377391 3140.035358 3137.189176 3125.494223 3113.317659 3103.161183 3098.974530 3093.449942 3089.639595 3079.876921 3069.493800
-9999.0 -9999.0 1754.465829 1859.612828 1964.669604 2083.382233 2171.416339 2200.947629 2341.628782 2449.370792 2557.233316 2667.331786 2761.691133 2803.904010 2838.209675 2899.447232 2951.304809 2968.656191 2991.192073 3035.898698 3066.926244 3102.336787 3123.339246 3132.513947 3144.884225 3158.656615 3166.195680 3151.834437 3140.668358 3123.836429 3101.711374 3076.157250 3063.153458 3061.939593 3061.840601 3064.324232 3057.287244 3048.316332 3034.082790 3020.060751 3007.837203 2998.447448 2994.839625 2989.932466 2987.986274 2985.364834 2984.095040 2994.763680 2986.166632 2980.873382 2972.715545 2968.447098 2967.085244 2963.149342 2956.650172
