tests/Borden05m/sims/sim_1/output-maps/psiliqL0011N0017.asc
ncols         160
nrows         34
xllcorner     620200.000000
yllcorner     5168000.000000
cellsize      0.500000
NODATA_value  -9999.0
[rows 0 to 24 of 34, columns 57 to 113 of 160]
-9999.0 -9999.0 -9999.0 -9999.0 -9999.0 -9999.0 -9999.0 -9999.0 -9999.0 -9999.0 -9999.0 -9999.0 -9999.0 -9999.0 -9999.0 -9999.0 -9999.0 -9999.0 -9999.0 -9999.0 -9999.0 -9999.0 -9999.0 -9999.0 -9999.0 -9999.0 -9999.0 -9999.0 -9999.0 -9999.0 -9999.0 -9999.0 -9999.0 -9999.0 -9999.0 -9999.0 -9999.0 -9999.0 -9999.0 -9999.0 -9999.0 -9999.0 -9999.0 -9999.0 -9999.0 -9999.0 -9999.0 -9999.0 -9999.0 -9999.0 -9999.0 -9999.0 -9999.0 -9999.0 -9999.0 -9999.0 -9999.0
-9999.0 -9999.0 420.087708 414.600550 409.350119 404.452343 395.530468 386.396050 378.006888 374.178311 373.429648 372.779257 372.558762 377.999703 386.134337 393.919419 401.259082 403.798205 406.370939 408.774010 409.390439 408.221479 405.052201 401.813970 398.450817 396.991073 388.815088 377.411446 368.544894 365.800960 370.280406 374.786532 377.299412 383.265242 394.076428 404.946242 413.514638 425.324491 430.946397 435.974175 438.893491 434.618155 430.835646 426.837744 421.687430 410.513711 -9999.0 -9999.0 -9999.0 -9999.0 -9999.0 -9999.0 -9999.0 -9999.0 -9999.0 -9999.0 -9999.0
403.196323 406.581904 395.537052 390.714085 387.476226 385.438815 380.539045 371.930624 366.746488 361.484980 359.894074 360.113656 360.361524 364.689261 374.886510 383.014188 387.937210 390.558972 393.253639 393.282107 392.902468 392.657366 389.849314 386.487388 383.139444 381.385445 381.673749 374.105361 368.725643 365.407351 363.967910 366.457292 368.794306 371.993582 381.543424 389.769186 398.000584 412.205313 424.508808 429.623093 426.987602 421.725630 417.670577 410.798422 400.568699 389.938476 379.729017 372.384726 366.644649 360.889184 366.678278 372.953529 382.805184 392.558169 404.443802 416.525513 -9999.0
387.957583 390.963838 380.278613 372.017908 367.375450 367.623131 370.144910 366.709086 362.265132 357.910987 366.369587 367.890586 369.273296 372.716568 376.102948 378.995512 381.900423 387.402483 396.555889 399.413379 400.099758 400.369499 398.647264 395.606756 393.863485 391.156630 386.028850 385.101427 385.543133 385.494864 390.615787 392.097106 393.599741 386.698099 390.085955 396.273297 403.108098 409.827824 416.602536 420.753477 417.318786 415.913070 407.106414 392.809153 381.047285 372.021787 369.449398 365.895230 357.752170 344.931575 351.587490 366.796527 371.137421 374.393271 385.990602 398.144218 408.383865
374.583603 377.819536 372.966809 374.256523 375.910149 377.558739 376.174483 373.457198 372.100643 385.207064 395.083503 397.228161 400.461344 404.216116 403.468278 391.479504 389.096833 397.685344 408.330462 414.442618 414.887198 415.044603 413.381274 412.453194 412.057474 409.836231 410.870921 413.559676 414.052941 419.049790 424.777528 427.584455 419.318823 409.982809 410.489913 418.054106 426.010482 433.308340 444.058603 455.400065 453.893964 447.622543 437.899384 423.440938 399.175792 378.746788 367.401626 359.943153 352.330065 351.446841 348.274960 358.754046 360.046562 361.451811 369.517361 379.551701 389.495941
390.756538 399.240458 393.549219 388.410656 385.529552 386.456720 387.040125 390.770022 404.205578 418.737986 434.231997 437.585110 440.641475 440.614521 431.425621 421.243648 417.357221 432.506819 448.878898 457.582869 458.801599 459.038986 466.754267 465.188129 463.059301 457.962750 460.404296 462.846129 473.819980 481.685480 488.736746 486.835255 474.744110 463.218823 461.166234 463.243316 465.749426 471.697604 482.000411 491.774924 486.280110 478.053771 466.589083 436.406044 407.549780 389.448841 388.880558 388.306382 382.747532 378.800090 374.576813 366.579668 365.454248 364.151046 363.100417 374.631649 386.554219
441.324773 458.042932 452.706807 444.728226 434.443370 435.327832 439.162914 448.136056 462.292255 481.435887 506.745643 511.059865 515.388532 519.231468 508.503432 496.354737 485.024312 502.242281 512.768183 522.300690 525.455408 536.687050 547.125554 542.505185 534.178871 524.339617 531.082273 544.358490 559.984161 566.974468 570.781490 570.160709 559.355391 553.364914 550.803321 551.683624 548.230126 551.850485 562.418861 577.418551 576.476395 565.278571 540.686888 502.031332 465.188568 442.044490 445.422129 437.428348 429.716609 424.463244 409.146441 396.781278 395.564204 385.060838 378.031292 388.787964 394.242660
492.882270 512.278159 508.787395 498.380915 485.937428 486.292484 494.951179 505.803438 526.148039 551.251087 577.264056 588.568586 594.440263 604.553588 598.443175 589.339007 580.938822 590.340764 603.262641 615.990387 627.227588 640.566139 652.614764 644.363258 633.275531 629.164421 634.376783 653.496113 670.300522 675.865730 677.769849 681.167796 673.155860 665.774432 657.882575 651.074557 644.191597 639.474720 656.232990 671.546548 668.928326 644.085607 617.987667 580.280751 540.471894 505.110685 500.583124 496.709661 493.661786 476.586240 459.166339 439.831432 427.951865 417.455676 401.707123 405.748143 410.217925
594.845981 616.982444 620.405278 605.337429 599.292102 604.857291 617.885628 625.670648 641.559187 668.286277 702.280905 726.284399 747.446382 752.371248 744.152347 735.322910 722.172903 719.042520 735.006522 747.362440 758.741595 770.046153 782.337692 788.599208 786.723897 786.512867 789.654669 795.808464 803.970088 810.788637 816.594464 822.527574 820.428198 810.528698 802.987026 793.304209 785.233223 782.071824 782.802744 791.763785 789.365239 764.510227 736.480290 703.685194 665.379627 632.080567 611.171982 613.313215 599.145151 578.805029 555.827387 517.640126 497.669089 479.352067 448.080292 442.290075 450.223345
711.135383 727.495372 742.277945 739.630197 742.221156 746.578981 754.124435 760.012358 768.761443 801.734251 837.225322 867.699305 892.618597 901.979812 892.594428 883.199440 871.847109 862.587107 865.602465 879.396798 895.713578 911.215837 922.059387 925.677402 924.424571 924.725798 926.594883 929.727722 932.576525 938.232911 945.225925 955.201864 966.365502 961.154958 944.416503 931.340398 916.493886 910.262780 907.785737 904.651472 903.836319 897.214858 867.357639 838.918881 806.295688 775.209101 752.112083 735.018501 714.035772 690.289174 643.707781 601.303504 564.324314 534.406626 504.088378 499.207350 521.597883
833.266898 858.462699 874.187573 878.341692 881.260639 884.787866 891.679543 897.933251 906.234690 928.297684 964.935726 1001.816021 1031.767999 1037.081513 1028.984054 1019.054458 1008.736835 998.932579 995.748647 1002.710489 1012.920955 1027.843938 1038.872855 1048.508496 1048.010789 1048.356940 1048.655067 1050.739010 1052.512848 1054.198430 1060.573061 1071.584236 1081.948058 1083.036075 1070.625973 1053.612540 1035.602633 1026.832126 1019.497836 1012.982607 1012.214316 1012.181688 1005.763032 981.459385 946.112117 903.147105 874.779276 852.001184 837.495709 820.488606 796.251439 747.071571 717.368962 682.271976 646.522117 623.239856 659.233079
946.631682 976.877724 996.226689 1005.147494 1006.738086 1010.199718 1018.667295 1026.214991 1037.372326 1054.189812 1076.752614 1104.933421 1131.829831 1149.934236 1147.272892 1135.818384 1119.757882 1115.401685 1114.297028 1116.047692 1121.973018 1128.773499 1142.788153 1157.121770 1162.034376 1162.556806 1160.338763 1162.438195 1163.453598 1163.611318 1164.249467 1168.309085 1174.678286 1176.745890 1172.350705 1157.077353 1137.140556 1121.439052 1111.643604 1106.346468 1103.421187 1103.656383 1102.184271 1090.441132 1062.410107 1025.243262 990.969114 967.232303 949.717291 935.102377 923.268596 905.452481 887.412258 857.397748 814.926363 778.784601 774.979817
1046.468880 1072.497715 1096.860959 1113.792652 1119.065017 1126.291294 1132.454539 1143.310191 1158.979381 1177.305252 1190.669207 1206.984312 1227.832374 1240.157256 1246.092632 1246.752348 1245.959735 1247.655550 1247.478345 1227.597322 1229.777290 1231.792813 1236.766656 1242.927371 1244.662429 1244.634794 1243.835428 1244.865768 1245.212818 1245.535200 1245.241869 1244.858575 1246.390352 1246.759809 1245.723083 1239.820483 1239.683652 1222.758200 1210.669089 1202.998483 1195.249744 1186.613172 1176.953225 1167.053086 1150.968356 1124.129042 1090.662404 1061.958597 1048.687033 1040.711235 1033.241452 1026.816205 1011.122850 989.391153 959.411288 921.738513 886.701255
1142.850894 1162.283143 1188.237210 1206.362327 1216.950223 1226.139186 1231.835391 1244.086184 1256.716858 1253.727668 1256.780261 1260.019750 1263.295368 1264.614450 1264.993288 1264.718576 1262.230746 1261.442868 1259.262848 1253.857182 1244.127991 1245.090284 1246.008277 1247.974909 1250.987378 1249.275282 1249.971435 1252.937734 1251.699692 1246.608422 1243.294940 1241.800947 1242.115378 1248.925211 1251.695695 1252.105023 1251.264521 1250.386932 1249.862662 1248.705651 1247.410547 1245.631331 1243.216697 1244.298388 1234.318546 1211.661382 1179.891157 1145.937557 1130.133369 1123.864911 1123.263030 1119.117912 1111.811526 1092.321444 1064.937914 1029.368700 991.685268
1247.929592 1248.569621 1256.188863 1260.302484 1262.558669 1265.404025 1268.176701 1269.166548 1265.926943 1262.275282 1257.416691 1256.006583 1254.641730 1252.176141 1252.559745 1250.195598 1245.731176 1241.446125 1234.203366 1222.652456 1210.539219 1207.526536 1211.535849 1215.830889 1219.411661 1221.811536 1224.678634 1226.059457 1221.856612 1214.611576 1208.013963 1206.206636 1212.479170 1217.796436 1222.516977 1222.931391 1221.721767 1220.156417 1220.859791 1219.150689 1220.423520 1227.528545 1241.082818 1247.825176 1249.849682 1249.362668 1243.592399 1233.156537 1221.806777 1202.007559 1204.310669 1198.976470 1186.657184 1164.947078 1140.781942 1111.397400 1082.567137
1258.909908 1256.989221 1251.237337 1245.654867 1245.071800 1248.978519 1255.694027 1256.856472 1249.630499 1240.887731 1233.192442 1225.826069 1223.179005 1221.305071 1220.037483 1219.362907 1213.254622 1204.614411 1188.291177 1175.417354 1163.185652 1156.379267 1154.141379 1158.703542 1167.498547 1175.902040 1180.045568 1173.986363 1167.179585 1157.323171 1149.729631 1150.111351 1152.591949 1161.262262 1174.268790 1178.184323 1179.126435 1174.913777 1171.578831 1166.863057 1166.277668 1174.527412 1190.654037 1206.429216 1220.218550 1228.672006 1236.308492 1242.724621 1247.137244 1247.838110 1248.089558 1247.032003 1244.451824 1229.174121 1208.562507 1185.040146 1160.646778
1237.169824 1231.666336 1224.703014 1218.712945 1216.781758 1218.986793 1221.666464 1218.066389 1210.725605 1199.610520 1187.453581 1176.593340 1169.724091 1169.569670 1170.782280 1170.654607 1163.528550 1148.398184 1130.160459 1115.717916 1101.058619 1096.350319 1091.121682 1086.996961 1096.940982 1112.805655 1118.428249 1105.676946 1096.442997 1083.041297 1076.020101 1073.348228 1075.052930 1084.355323 1103.344395 1121.615838 1123.049808 1114.399941 1106.154563 1102.551395 1101.467175 1109.639018 1129.166082 1149.836969 1165.288140 1175.823788 1182.830168 1191.943474 1202.019436 1214.253000 1227.427397 1238.527958 1247.695135 1250.797286 1249.223338 1244.501598 1230.564930
1205.949832 1197.397532 1189.682770 1182.985811 1178.257810 1175.580490 1172.593749 1166.119052 1158.434552 1144.137087 1130.954208 1118.169055 1103.982906 1099.876304 1096.452563 1097.362893 1085.568450 1074.207153 1054.694038 1038.566932 1022.439492 1011.938142 1005.661170 999.537069 1003.968085 1019.033247 1027.784347 1014.259432 1004.286785 991.718433 985.768959 982.743525 984.632448 994.756153 1016.922789 1035.536918 1042.578007 1035.344479 1030.699968 1029.203192 1029.416323 1036.315295 1052.337494 1073.286742 1094.818055 1111.478944 1122.055053 1131.094550 1142.271035 1157.504870 1172.352004 1187.274529 1204.869043 1224.743105 1239.360023 1248.654314 1252.969419
1164.701779 1154.328879 1143.286564 1132.273807 1125.672994 1126.104312 1118.952486 1112.006676 1097.116867 1051.807662 1033.601061 1015.255789 999.591703 993.393542 985.530139 977.834549 968.014539 960.529039 952.096045 936.042691 918.348778 902.061409 896.415057 891.747300 883.322131 888.614172 891.811761 894.632646 887.501723 881.630431 879.376793 877.080850 880.538074 894.165566 906.391058 917.123967 923.600310 922.224351 929.404202 936.277513 940.647654 957.230796 971.857718 990.509230 1012.806903 1036.948254 1050.994249 1061.660000 1073.730626 1090.378924 1108.204854 1126.827331 1150.245487 1175.475348 1192.299852 1204.226757 1216.773577
1114.301700 1099.781142 1086.679307 1073.673064 1060.421356 1060.515636 1056.326112 1047.625363 1007.711056 965.264620 932.866393 914.237156 891.985797 880.291392 869.013550 843.323709 828.853557 821.915392 825.567530 815.079322 797.615295 782.956008 774.449959 767.516301 754.675509 746.443401 750.896921 762.561497 757.970794 756.217250 760.212671 758.587133 755.646591 761.937710 776.593339 785.221425 795.377641 806.949858 812.249329 821.866913 848.434548 863.384498 879.659858 900.884406 923.816610 947.542183 968.594004 982.873785 998.491470 1018.345897 1036.345500 1058.345127 1083.046984 1112.578594 1133.253071 1148.832127 1161.699876
1041.168430 1024.469492 1007.084558 986.699841 965.821068 962.773301 955.095623 936.373429 890.826796 850.188244 819.684433 796.992311 772.222652 753.159773 726.167140 694.404926 673.859303 678.027920 684.613211 684.181665 669.520114 655.986874 645.093228 630.984363 615.222489 603.771256 612.098896 620.780334 628.485307 631.942912 635.796132 638.224060 637.285131 633.641332 640.091480 649.542260 660.662457 672.011526 686.144504 716.389745 742.424524 761.164399 783.354989 805.229427 829.669708 855.124474 877.980930 895.422407 915.221916 935.757443 957.896085 980.135490 1006.404720 1036.839103 1062.181449 1078.912289 1094.615802
958.817351 936.299863 910.171339 872.028737 856.636997 847.238785 834.423433 798.625450 755.873331 719.710566 694.446298 668.735870 643.670237 615.789617 583.713875 556.053362 535.452130 541.602928 548.178022 558.530207 546.010165 534.006598 526.983623 511.678128 497.286368 482.797776 490.439464 500.314345 517.142957 521.285729 524.793706 531.638702 530.659341 528.587102 520.773640 530.082879 541.142503 555.635806 584.103083 610.646340 636.745665 660.080280 682.728824 707.573213 733.986202 760.556200 788.053288 809.417233 830.295820 853.454713 875.399548 895.605219 918.478765 946.265149 970.636560 991.669260 1013.933216
858.384049 833.983072 797.941007 754.103134 719.996900 703.870841 666.210133 631.573202 594.529289 574.743285 554.579582 530.070184 507.012432 484.393808 457.130617 433.436475 409.059987 412.475942 424.553497 438.100904 431.627961 427.389500 423.737590 412.043719 398.115781 384.443257 388.058162 403.146416 419.982733 427.309041 433.930881 441.530109 441.760472 435.275866 427.259401 433.365070 447.849195 464.737787 487.064086 511.062550 534.892884 557.516677 582.584621 608.900834 635.847836 664.757649 694.624733 717.716256 744.112156 771.068837 792.913391 807.415823 823.855142 849.978473 870.383247 894.057550 918.282201
751.314033 723.989798 682.502827 638.811197 594.595438 554.865317 520.421291 487.760199 468.165495 447.767401 428.432384 409.006724 387.093495 366.702413 346.919701 324.352385 305.786274 310.809524 323.773743 335.100018 337.454641 334.220025 330.921628 323.099348 309.303360 298.820802 307.165714 322.566730 337.567201 347.706354 354.473873 360.682452 358.092384 350.074100 344.219774 352.514369 368.372121 383.884781 402.156601 424.671628 447.372617 470.608748 495.156778 520.066085 547.657736 576.365586 605.712831 634.779328 661.768767 687.178245 701.601627 715.943339 726.662303 745.663058 766.514032 789.441986 815.171937
624.244599 594.701013 559.529733 518.682170 485.864993 452.108918 419.811261 388.230885 361.933189 343.709817 332.923590 317.388107 297.508863 283.412698 266.042100 247.747578 246.970051 249.933982 261.325821 262.785817 263.310721 260.204192 258.968140 254.377782 243.347490 249.897665 257.483516 272.251411 283.148276 292.600151 298.922126 303.137704 302.978299 296.478173 299.897127 307.298407 322.212770 334.528104 350.289027 371.867507 390.277356 410.919493 434.346334 458.781629 484.722821 512.474166 542.512203 570.143621 593.105008 606.030479 619.967158 629.099263 626.933743 644.265522 662.541816 680.951951 707.199647
