tests/Borden05m/sims/sim_1/output-maps/psiliqL0009N0013.asc
ncols         160
nrows         34
xllcorner     620200.000000
yllcorner     5168000.000000
cellsize      0.500000
NODATA_value  -9999.0
[rows 0 to 25 of 34, columns 0 to 56 of 160]
-9999.0 -9999.0 -9999.0 -9999.0 -9999.0 -9999.0 -9999.0 -9999.0 -9999.0 -9999.0 -9999.0 -9999.0 -9999.0 -9999.0 -9999.0 -9999.0 -9999.0 -9999.0 -9999.0 -9999.0 -9999.0 -9999.0 -9999.0 -9999.0 -9999.0 -9999.0 -9999.0 -9999.0 -9999.0 -9999.0 -9999.0 -9999.0 -9999.0 -9999.0 -9999.0 -9999.0 -9999.0 -9999.0 -9999.0 -9999.0 -9999.0 -9999.0 -9999.0 -9999.0 -9999.0 -9999.0 -9999.0 -9999.0 -9999.0 -9999.0 -9999.0 -9999.0 -9999.0 -9999.0 -9999.0 -9999.0 -9999.0
-9999.0 -9999.0 -9999.0 -9999.0 -9999.0 -9999.0 -9999.0 -9999.0 -9999.0 -9999.0 -9999.0 -9999.0 -9999.0 -9999.0 -9999.0 -9999.0 -9999.0 -9999.0 -9999.0 -9999.0 -9999.0 -9999.0 -9999.0 -9999.0 -9999.0 -9999.0 -9999.0 -9999.0 -9999.0 -9999.0 -9999.0 -9999.0 -9999.0 -9999.0 -9999.0 -9999.0 -9999.0 -9999.0 -9999.0 -9999.0 -9999.0 -9999.0 -9999.0 -9999.0 -9999.0 -9999.0 -9999.0 -9999.0 -9999.0 -9999.0 -9999.0 -9999.0 -9999.0 -9999.0 -9999.0 -9999.0 -9999.0
-9999.0 -9999.0 -9999.0 -9999.0 -9999.0 -9999.0 -9999.0 -9999.0 -9999.0 -9999.0 -9999.0 -9999.0 -9999.0 -9999.0 -9999.0 -9999.0 -9999.0 -9999.0 -9999.0 -9999.0 -9999.0 -9999.0 -9999.0 -9999.0 -9999.0 -9999.0 -9999.0 -9999.0 -9999.0 -9999.0 -9999.0 -9999.0 -9999.0 -9999.0 -9999.0 -9999.0 -9999.0 -9999.0 -9999.0 -9999.0 -9999.0 -9999.0 -9999.0 -9999.0 -9999.0 -9999.0 -9999.0 -115.187803 -132.702644 -149.363788 -151.138176 -128.347866 -105.067907 -81.519387 -61.161834 -42.629144 -23.729206
-9999.0 -9999.0 -9999.0 -9999.0 -9999.0 -9999.0 -9999.0 -9999.0 -9999.0 -9999.0 -9999.0 -9999.0 -9999.0 -9999.0 -9999.0 -9999.0 -9999.0 -9999.0 -9999.0 -9999.0 -9999.0 -9999.0 -9999.0 -9999.0 -9999.0 -9999.0 -9999.0 -9999.0 -9999.0 -9999.0 -9999.0 -9999.0 -9999.0 -9999.0 -9999.0 -9999.0 -9999.0 -9999.0 -9999.0 -9999.0 -67.618953 -61.802466 -60.286440 -71.156562 -82.518610 -94.427340 -114.372475 -132.315714 -147.907615 -150.827761 -148.287149 -142.626204 -119.641182 -95.462187 -76.115112 -58.879161 -39.824624
-9999.0 -9999.0 -9999.0 -9999.0 -9999.0 -9999.0 -9999.0 -9999.0 -9999.0 -9999.0 -9999.0 -9999.0 -9999.0 -9999.0 -9999.0 -9999.0 -9999.0 -9999.0 -9999.0 -9999.0 -9999.0 -9999.0 -9999.0 -9999.0 -9999.0 -9999.0 -9999.0 -9999.0 -9999.0 -9999.0 -9999.0 -9999.0 -9999.0 -9999.0 -159.451670 -141.889314 -123.850179 -105.650596 -89.181853 -82.666672 -76.856881 -71.116860 -75.214365 -80.112547 -91.519101 -110.204705 -129.984991 -144.332713 -147.051131 -149.747294 -145.411115 -132.326456 -115.719168 -99.397538 -78.589709 -55.568574 -46.456698
-9999.0 -9999.0 -9999.0 -9999.0 -9999.0 -9999.0 -9999.0 -9999.0 -9999.0 -9999.0 -9999.0 -9999.0 -9999.0 -9999.0 -9999.0 -9999.0 -9999.0 -9999.0 -9999.0 -9999.0 -9999.0 -9999.0 -9999.0 -9999.0 -9999.0 -9999.0 -9999.0 -9999.0 -154.693876 -160.706021 -166.004096 -167.658804 -169.106223 -170.428802 -163.534033 -151.229786 -132.977722 -111.593607 -98.934629 -91.917306 -85.513151 -84.821108 -89.752390 -92.053147 -91.995669 -103.775424 -115.496277 -126.485444 -137.049870 -138.333564 -128.819653 -115.037565 -99.127827 -84.469570 -69.250617 -56.495169 -40.726242
-9999.0 -9999.0 -9999.0 -9999.0 -9999.0 -9999.0 -9999.0 -9999.0 -9999.0 -9999.0 -9999.0 -9999.0 -9999.0 -9999.0 -9999.0 -9999.0 -9999.0 -9999.0 -9999.0 -9999.0 -9999.0 -9999.0 -9999.0 -183.837454 -177.829232 -171.429708 -164.190982 -163.438973 -167.853001 -173.690120 -177.040858 -178.780893 -180.513851 -176.246697 -167.928188 -154.273686 -138.414016 -116.893057 -108.411097 -101.921588 -89.619402 -87.495938 -82.825156 -78.989887 -80.950303 -83.719427 -95.733351 -104.590261 -98.908191 -92.763693 -86.376363 -78.915149 -65.920623 -50.265294 -32.385753 -11.482112 10.581672
-9999.0 -9999.0 -9999.0 -9999.0 -9999.0 -9999.0 -9999.0 -9999.0 -9999.0 -9999.0 -9999.0 -9999.0 -9999.0 -9999.0 -9999.0 -9999.0 -9999.0 -9999.0 -9999.0 -208.564915 -207.825857 -206.940093 -202.483673 -201.602551 -199.470128 -192.570797 -184.551224 -182.595542 -184.328032 -186.143999 -184.767070 -182.251796 -178.192345 -166.778888 -152.975447 -138.861051 -124.763921 -103.987780 -89.314362 -75.474209 -59.437929 -60.880124 -65.442703 -67.730241 -67.397577 -66.829815 -60.860890 -57.083823 -51.142309 -45.162376 -37.987786 -28.858771 -17.776187 1.096849 22.052564 43.399031 63.852516
-9999.0 -9999.0 -9999.0 -9999.0 -9999.0 -9999.0 -9999.0 -9999.0 -9999.0 -9999.0 -9999.0 -9999.0 -9999.0 -9999.0 -9999.0 -9999.0 -236.752624 -235.007835 -233.048454 -227.835956 -225.481093 -221.691048 -214.988776 -214.081683 -210.373682 -203.414723 -198.558193 -190.158700 -182.448627 -175.234643 -169.416603 -166.830098 -159.171347 -149.517888 -137.597529 -121.928165 -100.026342 -77.305853 -60.987503 -44.267856 -27.416314 -27.062767 -28.265490 -27.168888 -26.243153 -18.080303 0.595940 7.456992 11.459192 30.976419 46.193554 52.465555 60.715042 80.070441 105.524064 133.986406 168.646094
-9999.0 -9999.0 -9999.0 -9999.0 -9999.0 -9999.0 -9999.0 -9999.0 -9999.0 -9999.0 -9999.0 -9999.0 -9999.0 -281.056692 -276.999106 -267.957418 -259.886172 -257.822269 -254.084807 -248.566490 -236.591046 -233.254237 -227.200192 -219.730146 -208.459089 -200.088127 -190.967936 -179.266127 -170.853650 -163.682852 -156.571769 -149.990397 -136.203619 -120.682933 -104.595032 -84.147147 -62.299624 -40.947385 -19.482831 -3.838267 10.856151 14.718419 13.336425 15.456733 24.284693 43.588286 64.284830 78.278618 101.709627 127.690337 144.323470 159.372810 170.444777 185.290088 208.985830 249.192727 290.850159
-9999.0 -9999.0 -9999.0 -9999.0 -9999.0 -9999.0 -9999.0 -9999.0 -9999.0 -9999.0 -315.909049 -313.410194 -316.972543 -316.367751 -311.871855 -300.190542 -287.204292 -280.516062 -269.511318 -249.180974 -232.212928 -228.879833 -214.190718 -204.350016 -197.875466 -187.241403 -174.105200 -161.050750 -143.658448 -130.850358 -118.065015 -97.196926 -80.459712 -63.774339 -45.753399 -25.459303 -3.740198 27.403296 56.216142 71.960182 97.733676 113.188990 111.190638 112.309200 121.794250 141.901191 169.145224 199.799128 226.962347 257.905984 282.094992 299.936734 313.557799 328.799372 346.933398 381.290928 421.742313
-9999.0 -9999.0 -9999.0 -9999.0 -9999.0 -9999.0 -9999.0 -9999.0 -339.801118 -333.045972 -326.858053 -330.022531 -334.889192 -338.292914 -325.415169 -309.805407 -294.086546 -277.292415 -261.564794 -243.891850 -228.393146 -211.865091 -192.561441 -180.728903 -168.834723 -153.571502 -139.740116 -121.644804 -100.009457 -85.009708 -65.557907 -43.009579 -22.759814 -3.821193 15.724771 35.556953 66.191747 103.354462 139.411876 168.163069 200.215749 228.577018 231.309619 236.475763 243.727105 274.079807 309.475134 344.761707 375.344508 405.611038 436.229943 454.339155 466.129016 480.018134 496.615688 513.912621 539.141503
-9999.0 -9999.0 -9999.0 -9999.0 -9999.0 -9999.0 -365.451441 -341.423574 -326.793732 -334.709102 -343.048405 -346.499741 -350.118238 -330.796947 -309.630780 -292.995865 -276.544303 -259.427301 -243.278224 -228.662662 -193.476709 -176.886948 -161.745300 -141.829587 -127.528675 -113.178684 -95.446131 -71.288813 -47.389347 -13.687661 17.585486 46.363245 75.260514 97.551829 118.939643 141.672201 178.107981 221.156639 263.851796 299.635381 331.995706 364.730814 376.045484 383.479424 392.777993 412.835275 444.188584 475.438691 510.147724 542.516093 567.855969 579.875048 590.629016 602.780661 617.266703 631.251828 645.272757
-9999.0 -9999.0 -9999.0 -9999.0 -398.694426 -377.834667 -357.370450 -326.634717 -304.172659 -309.666042 -302.502006 -302.047353 -303.423052 -300.953680 -295.271800 -277.546279 -259.965490 -242.182216 -223.455591 -185.548380 -143.258742 -126.120114 -98.835733 -65.934285 -51.196002 -35.521894 -19.040178 5.468887 36.890016 75.038718 125.995968 170.738923 202.187268 229.931522 255.211614 283.169288 320.933412 362.193018 401.352558 437.672056 469.497709 495.593800 510.824921 519.388195 530.930536 545.992054 565.918876 592.528365 622.401350 654.192731 679.119490 694.115212 702.604273 713.977601 726.512234 741.097835 753.973527
-9999.0 -9999.0 -9999.0 -445.630310 -407.221059 -370.407766 -342.975398 -312.106233 -280.616933 -274.385994 -266.094162 -259.688074 -253.092913 -244.114248 -234.088770 -217.714061 -203.502031 -190.511961 -169.150460 -131.760203 -94.597913 -59.368636 -24.943560 7.495686 32.416535 50.178163 69.312212 96.513288 140.569659 185.749980 243.614072 304.101478 346.706715 374.771966 397.278491 424.692793 450.198690 485.491520 519.984997 552.356504 583.831503 609.483981 630.343857 638.687926 646.843471 655.579597 672.203476 693.471620 715.323371 743.948640 770.865459 793.218596 805.744763 815.650952 831.480610 847.037834 858.745834
-9999.0 -9999.0 -491.986883 -455.106321 -419.863180 -368.165925 -315.649889 -282.211444 -241.402528 -216.149785 -208.755920 -189.807511 -172.401252 -163.515170 -146.129923 -128.296729 -114.321043 -110.241103 -96.492629 -59.873059 -3.936394 48.901023 85.104960 145.497272 182.908477 209.897910 227.360240 256.649696 294.868316 343.416050 395.580272 446.540083 486.852239 518.534288 534.136759 552.047415 574.926378 597.431030 628.692968 657.113330 686.654983 713.091562 736.698432 745.742044 750.077422 764.648809 785.556272 808.687958 830.785841 851.731876 863.126996 869.220090 872.319031 874.873957 877.944995 880.133965 881.226951
-9999.0 -9999.0 -516.987803 -473.024608 -430.219554 -359.979297 -284.137342 -246.356278 -202.986839 -158.095285 -138.349779 -113.707866 -94.182642 -75.676353 -50.685445 -25.820068 -19.334219 -14.926839 -13.867204 43.793299 108.046800 177.383704 251.612224 319.647420 364.347834 378.242198 388.645488 409.077795 435.788836 480.583772 530.706247 581.620965 624.516657 653.897639 668.905868 684.800168 704.445707 723.282684 740.713032 774.175426 797.039401 820.214652 844.682297 863.584155 870.713777 872.588303 867.929315 872.782830 876.280637 878.020542 878.305500 875.154188 875.026399 876.370035 877.823284 873.067773 866.531786
-9999.0 -603.428175 -551.586842 -497.319311 -426.552378 -356.797155 -270.277825 -188.843362 -137.535536 -93.851440 -63.813236 -42.646388 12.015993 63.546217 93.209097 124.498409 124.886821 125.804706 119.851808 168.408315 230.640339 324.187829 440.975105 498.692512 536.091985 541.450875 539.145540 553.652557 579.158153 619.257209 678.944043 721.562207 766.738151 800.199257 812.257186 817.084611 832.591842 850.795519 854.844600 866.374028 872.002190 876.998318 876.716497 878.169902 878.890912 878.866004 875.343855 869.240653 861.584753 855.631462 850.486166 844.989900 848.024744 852.071590 853.347096 845.838508 837.166184
-9999.0 -637.458343 -577.109178 -504.386736 -432.013822 -354.340315 -241.432951 -110.827467 -62.326562 -25.501835 6.913905 54.984148 146.295862 219.233220 260.771052 304.989899 303.760132 294.766834 293.526883 332.306918 389.801392 466.665181 593.345681 674.851383 693.403947 706.449145 715.707590 739.508320 770.221540 798.777815 823.904333 837.569579 851.945106 858.909899 861.512170 862.950542 865.155671 865.830857 863.607986 860.584469 856.788079 857.675119 861.940747 862.046225 859.298115 855.582682 848.421755 840.177563 833.638977 827.385389 821.960453 817.292590 816.053732 817.445702 813.716768 806.407656 795.861628
-9999.0 -661.659483 -592.428521 -526.595099 -452.547391 -326.818216 -203.717149 -73.260972 18.380494 60.840094 112.412777 205.099698 307.958971 396.751794 445.312450 470.764186 481.368367 474.483155 491.595362 540.952661 606.953164 685.061937 751.699393 815.143891 827.866426 832.014211 824.378884 831.301348 837.809698 840.157303 842.325791 844.472970 850.593069 854.001946 853.520146 851.055793 846.310064 838.109201 832.877328 829.809946 826.706205 826.785979 829.743581 830.450687 827.463215 822.097043 814.590008 806.864557 799.232074 790.954119 785.095499 779.900135 777.550933 773.483907 768.825708 761.764156 747.589107
-9999.0 -748.785735 -664.863859 -602.845665 -467.827934 -301.523510 -176.740717 -21.325926 119.264056 176.113573 274.827403 385.877573 480.185192 544.304248 584.800414 626.056355 654.972023 682.635139 720.216070 724.117563 773.949026 812.746218 828.110421 836.546390 835.112228 836.944818 829.652878 811.412049 801.900840 796.225321 798.960684 807.081564 813.624583 819.797859 817.963063 817.700119 815.614200 809.867881 805.031138 796.698493 789.222675 783.991982 782.808529 787.926965 782.341197 777.523443 769.631861 760.239824 750.520156 741.603302 732.909305 725.417145 722.194203 716.565307 714.804751 706.667817 679.971953
-9999.0 -829.484936 -750.659082 -646.317721 -494.248821 -330.011057 -182.727544 -8.587075 191.772472 309.595564 417.934939 478.128431 546.083100 608.417146 669.097090 707.126563 728.310202 738.632246 742.992711 755.821107 737.875927 737.971098 756.935459 782.122472 793.389790 796.479532 785.858236 773.767757 766.730986 766.141266 765.815114 765.934936 765.643756 764.261321 760.989387 761.681078 764.325586 757.035541 748.284375 740.352478 733.459477 725.723853 720.497155 717.478054 715.272526 714.017228 705.641944 694.538730 683.453357 674.690448 666.264200 659.833462 657.176846 652.303374 645.285700 633.818264 606.765322
-9999.0 -916.464224 -801.497583 -698.475455 -562.492147 -421.460342 -283.067724 -111.181954 54.661379 275.415259 445.514320 507.554961 539.938134 586.571759 644.721824 702.172424 708.658498 682.563737 659.726625 651.810831 660.417841 673.747378 690.159745 711.558853 727.981162 735.966644 734.931739 725.808281 712.302602 704.388148 699.702645 691.765414 685.804658 685.071311 684.056035 689.146012 690.962204 681.064007 668.212714 653.180646 640.173650 630.486853 627.403983 628.095986 627.466196 623.851511 616.397947 605.894654 593.369434 581.852657 573.605070 567.628151 561.034799 551.901478 541.593247 529.841206 504.400596
-9999.0 -9999.0 -871.026386 -758.701664 -642.738862 -513.532705 -383.959369 -226.213446 -66.748248 129.494524 256.726204 362.892206 422.118731 465.405757 517.168097 565.514592 578.295557 591.374742 572.494549 576.884525 585.144103 593.366683 605.374435 618.824273 632.044588 640.674748 645.867291 643.335355 634.101557 618.754551 601.154205 587.699691 579.518546 573.360844 580.776968 590.694374 588.096580 581.039992 569.288885 554.132762 541.438827 528.532177 524.894400 525.359822 525.131002 521.954294 516.707520 503.976297 490.930732 478.212035 471.834355 465.262028 458.919524 447.617134 435.534809 421.678003 397.517516
-9999.0 -9999.0 -952.928544 -841.599716 -720.426784 -593.716935 -484.710274 -377.306978 -215.605055 -90.034333 16.742192 112.043104 191.205362 253.684068 300.194734 355.760833 386.285311 399.695780 410.858073 431.503898 455.290553 478.869368 495.188006 508.545371 521.829680 533.236227 541.348619 531.002669 520.504008 504.701097 484.825052 463.238585 451.507871 446.171690 449.151540 455.035898 449.582637 439.350075 424.751605 408.209248 394.782867 382.510496 378.169927 375.576218 374.466297 371.404217 367.542675 357.600197 344.789803 335.246220 326.260135 318.743994 314.070564 304.961441 293.099986 283.421159 261.711078
-9999.0 -9999.0 -9999.0 -913.660122 -815.549348 -729.773373 -632.086818 -555.160880 -457.872526 -341.710906 -235.980823 -133.007561 -65.657275 -10.076117 43.515282 94.612037 131.827118 155.110118 177.065111 232.552036 267.996962 309.137457 343.901207 360.992252 376.394450 391.527825 395.197763 386.254249 376.585523 360.758321 337.149475 312.819703 299.292054 299.924509 298.672512 299.278004 292.525568 286.224622 273.139473 258.094097 242.882234 232.424873 227.203634 221.720738 217.699254 213.170522 208.600238 201.380201 191.769985 181.642344 173.861667 169.912924 165.308461 159.348076 150.991648 141.542457 128.396323
