tests/Borden05m/sims/sim_1/output-maps/psiliqL0008N0007.asc
ncols         160
nrows         34
xllcorner     620200.000000
yllcorner     5168000.000000
cellsize      0.500000
NODATA_value  -9999.0
[rows 0 to 24 of 34, columns 0 to 56 of 160]
-9999.0 -9999.0 -9999.0 -9999.0 -9999.0 -9999.0 -9999.0 -9999.0 -9999.0 -9999.0 -9999.0 -9999.0 -9999.0 -9999.0 -9999.0 -9999.0 -9999.0 -9999.0 -9999.0 -9999.0 -9999.0 -9999.0 -9999.0 -9999.0 -9999.0 -9999.0 -9999.0 -9999.0 -9999.0 -9999.0 -9999.0 -9999.0 -9999.0 -9999.0 -9999.0 -9999.0 -9999.0 -9999.0 -9999.0 -9999.0 -9999.0 -9999.0 -9999.0 -9999.0 -9999.0 -9999.0 -9999.0 -9999.0 -9999.0 -9999.0 -9999.0 -9999.0 -9999.0 -9999.0 -9999.0 -9999.0 -9999.0
-9999.0 -9999.0 -9999.0 -9999.0 -9999.0 -9999.0 -9999.0 -9999.0 -9999.0 -9999.0 -9999.0 -9999.0 -9999.0 -9999.0 -9999.0 -9999.0 -9999.0 -9999.0 -9999.0 -9999.0 -9999.0 -9999.0 -9999.0 -9999.0 -9999.0 -9999.0 -9999.0 -9999.0 -9999.0 -9999.0 -9999.0 -9999.0 -9999.0 -9999.0 -9999.0 -9999.0 -9999.0 -9999.0 -9999.0 -9999.0 -9999.0 -9999.0 -9999.0 -9999.0 -9999.0 -9999.0 -9999.0 -9999.0 -9999.0 -9999.0 -9999.0 -9999.0 -9999.0 -9999.0 -9999.0 -9999.0 -9999.0
-9999.0 -9999.0 -9999.0 -9999.0 -9999.0 -9999.0 -9999.0 -9999.0 -9999.0 -9999.0 -9999.0 -9999.0 -9999.0 -9999.0 -9999.0 -9999.0 -9999.0 -9999.0 -9999.0 -9999.0 -9999.0 -9999.0 -9999.0 -9999.0 -9999.0 -9999.0 -9999.0 -9999.0 -9999.0 -9999.0 -9999.0 -9999.0 -9999.0 -9999.0 -9999.0 -9999.0 -9999.0 -9999.0 -9999.0 -9999.0 -9999.0 -9999.0 -9999.0 -9999.0 -9999.0 -9999.0 -9999.0 -319.601991 -337.336561 -354.433062 -356.196855 -333.281526 -309.937462 -286.345007 -265.988144 -247.470684 -228.600304
-9999.0 -9999.0 -9999.0 -9999.0 -9999.0 -9999.0 -9999.0 -9999.0 -9999.0 -9999.0 -9999.0 -9999.0 -9999.0 -9999.0 -9999.0 -9999.0 -9999.0 -9999.0 -9999.0 -9999.0 -9999.0 -9999.0 -9999.0 -9999.0 -9999.0 -9999.0 -9999.0 -9999.0 -9999.0 -9999.0 -9999.0 -9999.0 -9999.0 -9999.0 -9999.0 -9999.0 -9999.0 -9999.0 -9999.0 -9999.0 -271.591082 -265.797836 -264.249245 -275.338508 -286.887984 -298.889174 -319.039396 -337.178593 -353.127249 -356.257735 -353.865881 -348.176055 -325.013208 -300.832696 -281.498995 -264.200285 -245.215266
-9999.0 -9999.0 -9999.0 -9999.0 -9999.0 -9999.0 -9999.0 -9999.0 -9999.0 -9999.0 -9999.0 -9999.0 -9999.0 -9999.0 -9999.0 -9999.0 -9999.0 -9999.0 -9999.0 -9999.0 -9999.0 -9999.0 -9999.0 -9999.0 -9999.0 -9999.0 -9999.0 -9999.0 -9999.0 -9999.0 -9999.0 -9999.0 -9999.0 -9999.0 -363.508949 -345.921910 -327.911148 -309.753505 -293.332984 -286.905259 -281.086813 -275.366718 -279.558089 -284.642926 -296.251089 -315.100171 -335.238521 -349.936755 -352.928537 -355.845486 -351.636509 -338.554625 -321.981992 -305.596001 -284.755275 -261.845781 -252.899609
-9999.0 -9999.0 -9999.0 -9999.0 -9999.0 -9999.0 -9999.0 -9999.0 -9999.0 -9999.0 -9999.0 -9999.0 -9999.0 -9999.0 -9999.0 -9999.0 -9999.0 -9999.0 -9999.0 -9999.0 -9999.0 -9999.0 -9999.0 -9999.0 -9999.0 -9999.0 -9999.0 -9999.0 -358.114601 -364.235021 -369.706087 -371.520660 -373.140251 -374.664946 -367.866447 -355.603548 -337.352475 -316.034597 -303.483690 -296.575606 -290.275128 -289.692046 -294.751409 -297.267354 -297.417510 -309.453459 -321.485515 -332.792601 -343.669806 -345.113628 -335.712833 -322.050300 -306.219629 -291.657090 -276.584697 -263.555990 -248.353841
-9999.0 -9999.0 -9999.0 -9999.0 -9999.0 -9999.0 -9999.0 -9999.0 -9999.0 -9999.0 -9999.0 -9999.0 -9999.0 -9999.0 -9999.0 -9999.0 -9999.0 -9999.0 -9999.0 -9999.0 -9999.0 -9999.0 -9999.0 -386.786234 -380.785118 -374.508401 -367.420697 -366.823585 -371.434567 -377.455987 -381.021717 -382.975571 -384.895594 -380.857218 -372.659178 -359.140103 -343.388675 -321.971524 -313.622898 -307.146359 -294.868785 -293.023667 -288.716535 -285.069267 -287.284749 -290.277777 -302.554516 -311.687617 -306.047258 -300.025724 -293.927901 -286.780267 -274.041623 -258.539356 -240.856827 -220.209610 -198.476990
-9999.0 -9999.0 -9999.0 -9999.0 -9999.0 -9999.0 -9999.0 -9999.0 -9999.0 -9999.0 -9999.0 -9999.0 -9999.0 -9999.0 -9999.0 -9999.0 -9999.0 -9999.0 -9999.0 -411.181411 -410.544738 -409.819351 -405.515984 -404.731918 -402.720367 -395.968292 -388.112074 -386.402750 -388.307905 -390.392170 -389.239346 -386.977232 -383.216081 -371.990580 -358.393217 -344.484786 -330.493855 -309.793323 -295.244520 -281.463852 -265.526207 -267.386002 -272.345072 -275.000142 -274.978118 -274.649633 -268.586677 -264.950786 -259.438738 -253.560169 -246.592107 -237.911135 -227.371162 -208.861673 -188.304445 -167.402490 -147.290738
-9999.0 -9999.0 -9999.0 -9999.0 -9999.0 -9999.0 -9999.0 -9999.0 -9999.0 -9999.0 -9999.0 -9999.0 -9999.0 -9999.0 -9999.0 -9999.0 -439.087703 -437.426871 -435.610798 -430.535200 -428.401075 -424.778713 -418.260744 -417.581515 -414.057244 -407.319163 -402.679619 -394.575768 -387.158928 -380.203413 -374.680135 -372.424383 -365.021224 -355.658241 -343.998359 -328.445261 -306.566299 -284.045940 -267.954903 -251.535027 -235.027352 -235.132221 -236.744729 -236.017321 -235.410093 -227.313014 -208.835767 -202.385117 -198.463442 -178.774844 -163.823422 -157.987874 -150.362441 -131.642084 -106.553444 -77.754942 -42.440720
-9999.0 -9999.0 -9999.0 -9999.0 -9999.0 -9999.0 -9999.0 -9999.0 -9999.0 -9999.0 -9999.0 -9999.0 -9999.0 -482.805652 -478.835043 -469.990471 -462.255728 -460.396779 -456.897442 -451.634672 -439.859474 -436.769980 -430.957574 -423.728081 -412.803087 -404.742543 -395.916174 -384.534828 -376.450756 -369.647690 -362.896850 -356.517004 -342.938089 -327.637508 -311.747421 -291.494642 -269.989316 -248.905814 -227.774053 -212.802285 -198.561508 -194.999415 -197.061463 -195.495758 -186.927354 -167.732915 -147.349837 -133.131758 -108.925310 -82.153117 -64.918695 -49.570989 -38.659786 -24.112397 0.187901 44.087727 92.807608
-9999.0 -9999.0 -9999.0 -9999.0 -9999.0 -9999.0 -9999.0 -9999.0 -9999.0 -9999.0 -517.794732 -515.323443 -519.009176 -518.363709 -514.113115 -502.653620 -489.949682 -483.404937 -472.690141 -452.664186 -436.079476 -433.075130 -418.644949 -409.196070 -403.135003 -392.845202 -380.084273 -367.372867 -350.220084 -337.769429 -325.186718 -304.398437 -288.037089 -271.797284 -254.254028 -234.575880 -213.261337 -182.422887 -154.148531 -138.891475 -113.361045 -97.919364 -100.452704 -99.536297 -90.088683 -69.264792 -40.934979 -8.149306 23.172866 61.061910 90.823788 111.616239 127.158495 145.178863 170.174752 222.771918 291.918937
-9999.0 -9999.0 -9999.0 -9999.0 -9999.0 -9999.0 -9999.0 -9999.0 -541.410784 -534.842557 -528.745149 -532.049809 -537.110842 -540.587490 -528.067313 -512.706409 -497.257835 -480.834345 -465.417310 -448.154162 -433.003062 -416.838200 -398.057214 -386.673040 -375.203950 -360.381017 -346.959224 -329.071841 -307.768807 -292.945272 -273.670031 -251.669461 -231.961576 -213.726910 -194.935639 -175.829397 -145.461297 -108.521746 -72.309285 -42.991705 -10.689269 18.643365 22.599756 29.724119 40.479955 76.647413 118.875923 164.893554 215.983816 275.926275 322.202321 346.198149 359.776642 374.399649 393.655021 418.578334 455.773931
-9999.0 -9999.0 -9999.0 -9999.0 -9999.0 -9999.0 -566.566362 -542.731507 -528.316970 -536.370493 -544.567560 -548.143217 -551.878470 -533.553060 -512.786882 -496.533917 -480.451849 -463.752426 -448.083321 -433.706083 -398.751308 -383.010797 -368.363218 -348.638799 -334.966600 -321.203922 -303.919858 -280.135733 -256.603161 -223.089757 -191.998104 -163.685925 -135.510089 -113.701716 -92.487367 -69.447715 -32.290317 13.068515 61.434186 104.293372 143.584565 184.382443 203.296354 219.359577 243.600314 285.416023 330.231669 370.501928 415.287134 460.143141 492.237932 506.184371 515.982250 525.489406 537.157655 549.753627 563.593872
-9999.0 -9999.0 -9999.0 -9999.0 -599.475009 -578.776638 -558.438347 -527.913625 -505.670418 -511.483809 -504.466791 -504.232609 -505.845085 -503.981723 -498.930800 -481.645702 -464.654444 -447.543614 -429.266353 -391.424426 -349.975119 -333.360307 -306.241424 -273.876120 -259.881222 -245.026883 -229.403407 -205.604270 -174.470762 -136.627541 -85.201572 -40.067840 -7.790215 22.298677 51.822975 85.803579 130.868600 187.316945 254.531514 313.381775 355.764210 386.364189 404.590515 417.484897 437.069808 462.831031 488.915307 516.904580 544.840003 573.970379 595.906221 607.485070 612.520674 619.272944 626.734386 636.161222 645.150246
-9999.0 -9999.0 -9999.0 -645.753527 -607.574392 -571.187307 -543.957657 -513.377468 -482.280580 -476.113148 -468.337212 -462.127516 -455.732269 -447.226885 -437.508666 -421.802683 -408.499726 -396.687692 -376.163171 -339.217605 -302.391728 -267.348290 -233.980213 -201.990249 -177.594849 -160.631931 -142.304311 -115.202966 -70.637748 -22.982336 40.774570 108.452186 161.432390 204.657053 247.687954 296.031747 333.607121 379.167879 427.006709 469.409812 503.767464 527.318160 544.628307 551.768054 560.846692 570.809841 586.374247 603.171668 618.459743 639.367846 660.216365 676.534903 684.976231 690.217830 701.552898 713.491870 722.656010
-9999.0 -9999.0 -691.795897 -655.211448 -619.966240 -568.357670 -516.285346 -483.382023 -442.996337 -418.000998 -411.153827 -392.557341 -375.637131 -367.260798 -350.167367 -332.712939 -319.931936 -317.146549 -304.867077 -268.078613 -212.408619 -160.139655 -122.972400 -61.393760 -22.652287 4.663377 23.283718 56.115378 99.826903 163.438267 245.834662 315.949390 366.763649 407.006847 433.025546 461.197907 489.561825 513.682327 545.079483 571.775850 595.955000 615.159211 631.534357 637.262465 640.467806 652.388591 669.561363 686.788351 703.111537 719.277212 729.106628 731.608151 732.226852 732.363558 733.163312 733.857085 734.206662
-9999.0 -9999.0 -716.424912 -672.774072 -629.774853 -559.343569 -484.649417 -447.304683 -404.500504 -360.426377 -341.315193 -317.463270 -297.482744 -278.300212 -253.850964 -229.303278 -224.810710 -221.957606 -222.226778 -165.330878 -100.926993 -27.623748 56.535238 133.580370 191.128532 212.453102 232.039224 268.643385 306.939024 361.728625 424.306395 481.327842 525.517215 553.980274 569.634467 586.061988 604.089152 619.229922 632.803022 660.830570 676.755033 693.105259 712.109187 728.282075 734.309863 734.873476 730.154500 732.210202 733.361330 733.720847 733.405614 729.902877 728.940631 729.410587 730.470082 726.099284 720.598892
-9999.0 -802.199201 -750.546149 -696.274325 -625.530408 -555.948283 -469.483093 -388.488473 -338.932113 -296.679959 -267.556970 -246.063113 -188.769132 -135.735028 -105.920748 -74.170643 -75.733647 -77.436958 -84.404036 -34.701834 35.379599 149.649455 297.659395 367.792692 410.356778 420.499246 423.885231 446.141114 476.396230 516.872586 572.819912 609.049373 647.177643 675.035501 684.618654 688.289127 702.117312 718.091915 723.290942 730.958081 733.080803 734.649564 731.636777 731.932154 732.386938 732.699919 729.877960 724.152124 717.149431 712.477280 709.230713 705.297768 708.158468 711.840486 713.739497 708.293639 702.614220
-9999.0 -835.903397 -775.525801 -702.813146 -630.620198 -552.029516 -438.320887 -310.523601 -264.054623 -228.865921 -196.201035 -143.116356 -44.073735 37.306555 84.620460 133.432842 130.456262 116.721423 116.592049 168.260160 250.425356 341.490054 476.543376 558.321574 573.318324 585.940518 595.939928 619.464423 647.891369 672.683347 693.268203 705.689729 714.805723 718.368466 719.636654 720.701733 722.547286 723.223619 720.833907 717.672995 713.428843 713.565264 717.106352 717.080361 715.064988 713.188925 708.980275 702.889177 699.000534 696.318456 695.205520 693.568133 693.323834 694.906218 692.720530 689.627429 684.290513
-9999.0 -859.084794 -790.327374 -724.303203 -649.156120 -522.527858 -401.065819 -272.458748 -182.982067 -141.643708 -82.564446 28.687844 163.722093 284.262174 344.124298 370.509183 378.275886 367.050874 380.383929 427.700311 494.722635 568.395512 627.201194 683.207252 692.706574 695.971528 691.093418 697.756059 703.495075 705.169552 706.000896 706.005818 710.515003 712.813420 712.095868 710.081676 706.533588 700.115157 696.512119 694.967979 692.996022 693.555504 696.540532 697.565563 696.189115 694.063822 691.743135 688.691871 685.653179 682.167050 681.029117 679.395755 679.054617 676.531530 674.117542 671.341327 663.092679
-9999.0 -943.932750 -860.851482 -797.764640 -659.856065 -496.227783 -373.257153 -218.609755 -82.204099 -20.769644 104.831031 265.987984 394.180676 476.818228 520.944837 557.096285 578.380214 597.441676 623.926486 622.939783 662.756469 692.601405 701.355341 704.628672 700.115789 702.000084 697.167169 682.300786 675.574048 671.340561 674.011898 681.093850 686.513358 692.011301 690.511281 691.302825 691.605674 689.647173 688.273767 683.014087 677.892603 674.157672 673.678238 679.284821 675.523155 673.901916 670.951498 666.868794 662.457243 658.643896 654.692369 650.910767 650.084953 646.367614 646.578112 641.847735 620.385694
-9999.0 -1024.572672 -945.392401 -838.552478 -684.720837 -521.946484 -373.459392 -200.747150 -5.638205 127.943006 283.829512 390.250515 485.806410 556.063015 612.478789 642.164260 656.907401 661.599778 660.884721 664.224380 640.180668 634.960871 647.862106 667.052849 674.994613 678.565723 672.370075 665.031737 661.723571 663.218314 663.876481 664.498379 664.499628 663.471932 660.875262 662.363462 666.849396 663.284807 658.528423 653.934123 649.316380 642.886906 638.274065 635.845427 634.784942 635.803006 631.313020 624.919308 618.777821 614.699145 610.429180 607.174658 606.613700 603.065043 596.814706 585.707391 558.734256
-9999.0 -1109.546244 -995.637379 -891.086190 -753.084486 -612.592568 -474.399717 -303.949129 -138.068509 96.605740 321.946988 422.963164 479.204370 530.486157 586.739142 639.129474 644.392572 619.056122 597.046048 586.274052 589.450373 597.404184 608.410083 624.730290 637.933168 645.748845 647.253573 641.623747 631.457007 626.035523 623.282669 617.153675 612.578693 612.622420 611.705359 616.665283 619.778248 612.892690 603.520747 590.966879 578.313399 567.209125 562.444886 562.055462 561.375443 558.820253 553.366356 545.643741 536.359153 528.229749 522.844698 519.067612 513.825774 504.598253 491.674380 473.334671 435.670648
-9999.0 -9999.0 -1064.145423 -951.588705 -834.464198 -704.961441 -574.929914 -417.808261 -259.632541 -59.387266 94.080439 244.426473 325.927796 381.179587 445.845939 503.495345 519.891808 534.095475 516.234613 518.830513 523.861630 528.978406 538.472851 550.352468 563.540699 573.489167 579.869824 577.942680 568.668765 553.618494 537.026899 525.038609 518.148422 512.868552 519.712192 528.926919 527.104022 521.678167 511.273481 494.680888 475.941762 453.706024 443.497256 440.628520 438.794402 434.497404 428.035520 413.908374 399.973340 387.190761 381.335953 375.257436 368.625802 355.477937 338.456688 313.088409 265.651319
-9999.0 -9999.0 -1145.631375 -1033.821342 -911.522683 -784.622153 -675.145206 -564.598927 -404.533876 -279.379836 -170.427063 -65.637126 21.075222 96.767154 173.814392 256.087807 296.401752 313.444666 324.003076 341.233172 362.938673 385.755296 404.314184 422.632178 443.299882 461.808466 472.273969 458.437220 440.537699 417.001585 391.526297 367.316741 354.883226 349.201739 352.348192 358.398223 353.095021 342.716018 326.834973 305.232137 280.067240 249.278767 234.080467 226.890870 223.543765 217.673899 209.673830 193.374823 174.726630 161.676299 150.907561 142.066236 136.240360 124.990531 109.954687 95.569041 66.683270
