tests/Borden05m/sims/sim_1/output-maps/psiliqL0020N0019.asc
ncols         160
nrows         34
xllcorner     620200.000000
yllcorner     5168000.000000
cellsize      0.500000
NODATA_value  -9999.0
[rows 0 to 24 of 34, columns 55 to 109 of 160]
-9999.0 -9999.0 -9999.0 -9999.0 -9999.0 -9999.0 -9999.0 -9999.0 -9999.0 -9999.0 -9999.0 -9999.0 -9999.0 -9999.0 -9999.0 -9999.0 -9999.0 -9999.0 -9999.0 -9999.0 -9999.0 -9999.0 -9999.0 -9999.0 -9999.0 -9999.0 -9999.0 -9999.0 -9999.0 -9999.0 -9999.0 -9999.0 -9999.0 -9999.0 -9999.0 -9999.0 -9999.0 -9999.0 -9999.0 -9999.0 -9999.0 -9999.0 -9999.0 -9999.0 -9999.0 -9999.0 -9999.0 -9999.0 -9999.0 -9999.0 -9999.0 -9999.0 -9999.0 -9999.0 -9999.0
-9999.0 -9999.0 -9999.0 -9999.0 2235.556128 2230.350462 2225.695893 2221.452210 2213.311227 2204.563089 2196.978634 2193.418757 2192.893479 2192.596257 2192.585259 2198.112871 2206.599244 2214.630076 2221.972161 2224.638353 2227.291546 2229.583979 2230.188045 2229.257211 2226.283183 2223.255558 2220.063197 2218.603908 2211.046255 2199.909570 2191.442235 2188.749404 2193.013764 2197.346965 2199.728161 2205.065908 2215.389085 2225.764152 2233.841484 2245.572733 2251.510791 2256.205689 2258.396529 2253.771863 2249.807470 2245.415327 2239.383669 2228.085181 -9999.0 -9999.0 -9999.0 -9999.0 -9999.0 -9999.0 -9999.0
2180.381370 2199.468439 2220.328627 2223.752434 2212.240933 2207.457603 2204.601250 2203.187737 2199.128239 2191.060751 2186.394427 2181.468783 2179.695265 2180.237369 2180.715259 2185.085127 2196.041933 2204.344733 2209.374490 2212.291750 2215.307916 2214.583340 2214.163451 2214.121499 2211.437890 2208.161052 2204.937596 2203.251868 2204.351780 2196.851974 2191.149502 2187.486753 2185.090983 2187.647235 2190.113044 2194.010381 2203.118884 2210.855764 2218.531629 2232.787806 2245.097473 2250.031779 2246.913825 2241.519584 2237.097454 2229.481927 2218.667264 2208.211256 2199.271639 2192.277357 2186.176107 2179.329732 2184.757058 2191.247433 2200.064979
2165.190645 2184.899618 2205.654524 2208.720824 2198.519779 2190.896272 2185.322694 2186.170455 2189.743920 2186.913736 2182.721396 2176.748297 2186.559599 2188.196893 2189.615999 2193.366292 2196.317365 2200.964484 2203.917920 2209.582761 2218.810687 2221.807225 2222.509384 2222.803909 2221.073489 2218.040624 2216.293677 2213.644482 2208.510363 2207.109339 2207.086476 2206.269229 2210.703974 2212.113859 2214.400603 2208.242420 2212.076276 2218.047524 2224.619337 2230.231773 2236.145460 2238.783542 2234.877986 2234.108458 2225.028373 2210.656326 2199.647262 2191.180945 2189.893518 2186.156210 2177.495167 2163.412146 2170.299428 2185.286834 2189.162586
2171.783537 2181.401561 2193.028972 2196.241517 2191.686301 2193.972056 2196.179732 2198.055664 2196.887928 2194.170834 2191.458863 2203.355563 2212.648926 2214.735732 2217.913168 2222.251071 2222.987076 2212.135703 2210.328913 2218.368211 2228.550197 2234.200968 2234.604127 2234.559044 2231.795206 2230.852608 2230.696733 2228.834008 2228.987836 2230.990983 2229.678576 2233.377537 2238.902258 2242.033942 2235.440149 2226.553403 2227.977749 2235.918931 2244.429992 2251.563788 2261.468466 2271.896087 2270.886704 2265.111142 2255.574033 2241.789268 2218.049554 2198.853963 2187.116580 2178.647521 2170.520613 2171.190958 2166.298795 2177.988763 2178.812779
2165.847392 2185.469182 2206.608075 2213.987146 2208.629344 2204.896605 2203.579739 2204.889807 2205.071839 2207.322035 2218.344941 2231.620101 2245.054669 2247.994941 2250.672189 2250.248644 2242.397864 2232.580093 2229.832425 2244.151695 2261.072375 2269.387377 2269.627468 2267.153560 2272.153059 2271.730061 2271.338408 2267.405395 2268.829082 2268.270880 2275.767796 2283.386963 2290.878549 2289.241697 2276.897539 2264.838762 2263.915436 2267.907530 2272.891294 2279.444134 2289.103447 2297.855795 2292.206139 2285.349210 2275.922233 2248.032035 2222.273215 2205.906095 2205.163884 2204.626089 2198.977824 2195.394237 2192.360119 2185.905583 2184.805984
2209.477522 2230.370640 2251.355456 2266.357605 2261.122837 2254.123006 2245.629495 2246.718762 2249.028417 2256.559800 2268.755738 2284.255028 2307.586260 2309.176327 2311.391999 2312.420358 2300.905657 2288.689337 2278.670613 2299.105438 2310.073614 2318.082080 2317.675896 2325.127672 2334.460084 2330.586933 2323.660734 2312.599262 2318.611943 2327.603751 2342.681598 2350.008344 2354.508627 2351.369935 2338.673262 2332.250982 2332.192504 2336.390386 2335.555549 2341.811746 2350.681755 2364.949290 2363.237084 2356.460557 2334.539641 2296.772571 2264.127432 2246.737576 2254.408396 2247.041400 2239.133824 2236.157816 2222.629716 2212.604135 2212.878572
2254.517511 2270.936348 2288.939462 2306.957206 2300.779555 2291.241855 2277.098818 2275.994400 2282.458991 2293.256047 2312.047007 2332.803610 2355.004520 2358.675645 2357.140559 2367.135835 2361.186877 2351.696415 2344.368926 2361.274358 2372.507222 2383.425628 2391.134656 2403.902998 2414.934811 2401.840360 2387.343514 2379.549771 2385.774273 2408.531264 2428.406206 2433.257183 2433.208890 2433.931908 2421.457335 2415.683499 2410.692772 2408.231063 2403.772442 2400.399182 2421.686868 2440.056303 2438.360349 2415.253196 2391.160388 2352.546267 2314.028533 2285.072647 2290.635085 2286.461344 2286.559974 2273.048838 2258.434785 2245.709530 2238.517914
2322.350914 2348.189537 2367.276587 2389.294273 2385.667902 2366.529230 2355.239037 2359.617297 2373.401589 2381.662346 2399.181933 2419.969136 2448.754637 2465.557343 2480.984489 2486.166587 2478.681942 2470.419711 2458.406025 2460.661061 2481.690091 2494.350209 2504.113067 2513.761835 2526.369101 2529.249670 2524.481680 2523.380539 2527.249441 2537.648338 2549.416123 2556.029626 2559.929650 2563.145377 2554.171995 2542.556161 2538.909838 2531.826335 2527.672818 2525.574843 2532.198494 2547.484594 2543.989516 2511.576832 2483.692390 2448.670950 2410.227528 2379.160981 2366.786534 2378.592989 2371.317218 2353.165225 2337.432480 2306.315038 2294.744422
2407.741409 2442.542448 2469.094164 2482.849771 2494.015928 2484.870084 2485.383538 2490.248684 2498.815074 2503.482545 2511.130679 2543.783069 2577.766307 2604.979931 2628.859861 2637.369757 2626.532949 2617.296084 2605.028690 2596.386790 2604.560040 2620.851083 2638.243178 2653.593777 2664.907460 2667.726183 2666.243667 2666.471557 2669.212603 2672.085872 2675.716159 2683.052670 2690.595367 2701.140381 2710.549879 2701.886261 2683.450137 2672.494305 2660.949724 2657.701632 2657.121345 2657.638512 2657.315242 2643.875152 2605.902689 2574.829139 2542.462368 2517.855690 2500.013378 2492.171686 2471.564155 2447.065272 2397.385200 2358.009235 2324.219087
2509.937549 2553.156149 2583.336003 2604.505228 2619.242730 2619.857063 2622.828544 2625.427940 2630.919515 2635.316110 2640.677222 2665.975068 2707.531148 2746.500359 2777.537785 2779.835551 2768.641656 2758.238695 2748.975439 2736.641503 2733.230355 2743.838482 2757.380145 2775.747977 2786.567820 2794.035620 2790.636334 2790.948445 2793.263643 2794.339526 2796.140031 2799.011805 2807.534326 2821.341898 2834.276947 2833.992174 2817.240501 2800.595716 2783.764422 2778.693129 2774.047840 2768.036092 2768.573820 2768.993608 2755.943953 2726.274447 2685.931761 2643.682853 2621.515550 2602.411000 2589.127202 2571.808070 2536.839899 2475.580221 2439.211922
2634.972362 2667.235880 2699.156461 2730.667996 2747.994508 2753.524724 2753.180169 2754.255104 2762.213546 2767.232570 2775.328299 2791.194582 2820.192427 2853.247189 2882.063514 2898.750870 2893.249551 2878.140255 2858.514050 2850.977096 2848.939785 2851.913918 2860.127733 2870.800570 2888.428664 2906.216551 2835.692179 2836.613718 2910.208244 2836.290786 2833.034261 2833.033389 2835.184830 2842.065714 2850.686827 2853.798263 2851.943733 2907.952434 2885.571269 2872.437468 2864.449411 2859.911278 2858.858273 2861.455928 2862.117652 2847.725674 2815.083166 2772.783124 2740.418145 2721.197548 2705.387624 2688.429223 2675.052857 2646.651414 2625.717892
2754.451599 2770.327764 2798.630955 2827.257077 2850.183590 2866.261558 2869.041177 2874.004885 2879.560531 2888.632484 2904.428714 2848.059545 2860.159729 2880.112233 2904.304481 2918.917741 2924.331621 2923.524429 2920.679237 2922.140415 2922.432268 2875.182719 2880.089657 2884.962220 2897.899619 2910.071540 2909.847707 2910.376592 2912.985105 2910.065469 2910.415163 2910.464404 2910.154499 2911.513999 2915.340446 2916.783071 2915.218705 2909.731325 2921.633675 2902.957759 2890.173469 2882.239312 2874.161007 2865.694587 2856.240607 2851.004492 2906.508088 2876.676648 2842.152911 2818.290794 2807.706912 2799.737845 2790.550221 2783.479469 2765.914663
2860.583267 2872.696229 2890.856246 2913.203701 2866.392799 2883.001263 2893.822866 2902.774968 2907.490833 2920.645614 2935.668612 2919.592923 2925.665572 2932.211896 2938.688622 2940.901494 2941.508730 2941.170271 2938.808146 2938.156984 2936.013506 2932.020041 2921.973555 2923.486237 2925.207506 2927.746466 2931.225540 2930.037128 2931.223919 2934.044134 2932.446759 2926.727108 2922.931639 2921.404558 2922.195894 2929.477019 2932.804220 2933.832499 2931.485656 2930.684521 2929.944595 2927.375491 2924.140114 2919.547705 2913.640667 2923.725211 2917.136078 2891.484055 2859.336719 2896.791104 2885.681472 2883.731588 2882.540164 2879.106904 2872.013937
2899.226337 2912.272851 2926.368541 2912.327582 2924.611323 2933.086506 2937.209051 2940.654015 2943.227100 2945.442534 2942.300991 2938.929628 2934.090854 2932.586238 2931.167424 2928.645936 2929.148502 2927.111467 2923.003097 2919.085231 2911.837424 2900.580807 2889.280343 2886.069728 2890.393553 2895.663974 2900.388352 2904.252168 2907.776951 2908.253840 2903.175664 2895.123835 2887.904439 2886.211716 2892.925185 2898.607689 2904.616454 2905.480115 2904.208821 2902.070279 2902.169673 2899.417371 2899.885625 2906.751442 2920.799263 2924.628064 2929.189246 2928.473601 2916.067457 2897.871448 2901.483902 2881.726988 2886.472208 2881.692503 2870.348319
2934.911241 2937.199127 2936.108797 2934.811948 2928.549631 2922.641712 2921.850002 2925.690458 2932.473990 2933.467684 2926.335829 2917.932442 2910.709737 2903.435428 2901.004539 2899.941103 2899.305193 2899.419766 2893.970271 2885.474069 2873.798590 2862.258155 2850.999787 2844.884138 2841.744054 2845.675523 2856.139258 2867.072769 2871.865120 2863.707904 2855.781257 2844.617285 2836.707960 2837.162832 2838.796764 2848.128713 2863.763463 2870.178602 2871.119464 2865.504989 2860.167481 2854.182284 2851.876985 2858.691992 2873.768354 2884.942048 2899.366604 2908.077832 2915.606209 2922.540179 2923.128093 2924.989732 2926.029428 2924.277921 2925.367054
2929.440250 2922.733841 2915.985381 2910.803954 2904.260763 2898.863503 2896.924642 2898.809524 2900.896070 2896.887290 2890.452353 2884.974525 2873.908609 2863.936662 2856.600009 2857.132914 2859.009613 2860.017577 2853.018790 2842.644478 2897.891418 2883.701435 2869.030529 2864.339103 2858.287591 2851.607608 2861.447297 2879.639433 2886.285050 2871.321903 2860.979440 2846.435922 2839.772263 2836.417000 2837.779594 2847.174700 2868.815328 2891.282429 2893.644837 2884.102165 2874.853442 2871.311975 2869.607083 2876.143635 2894.313052 2839.730074 2850.456785 2860.560924 2866.245785 2874.344423 2883.742068 2892.113828 2905.841785 2917.531875 2923.715868
2904.959952 2897.330038 2889.606187 2881.922583 2875.167911 2873.680765 2869.259384 2866.857681 2863.058057 2856.776310 2854.178692 2909.622826 2896.253517 2882.603398 2867.102926 2862.248512 2857.084394 2857.298443 2845.003804 2835.395302 2818.598330 2802.582028 2786.007125 2773.147651 2766.798616 2759.989410 2760.294722 2774.188006 2782.624724 2771.577824 2761.742817 2750.420124 2745.486103 2742.444906 2745.008659 2755.735631 2776.721960 2795.703857 2804.233480 2797.619083 2795.935127 2796.532942 2796.577639 2803.945176 2817.308953 2836.298046 2859.201069 2878.312665 2889.381165 2897.945508 2908.618977 2846.343955 2855.437115 2869.513251 2886.940914
2874.144314 2869.650803 2859.777851 2850.111558 2844.329560 2906.375050 2899.040426 2899.879817 2892.359199 2885.108088 2864.226108 2812.777877 2791.677047 2771.988854 2755.017871 2747.535034 2738.386919 2724.491622 2714.694034 2708.526412 2706.442829 2690.979696 2671.350492 2653.629810 2648.096431 2643.868527 2629.521999 2628.329886 2629.708974 2641.058366 2634.591050 2631.721255 2632.268287 2630.157691 2632.584076 2646.122172 2656.001882 2663.966114 2671.299246 2674.629308 2684.857165 2694.963241 2704.333371 2722.333914 2735.581592 2753.066717 2775.277763 2801.836947 2818.056286 2829.135125 2841.132305 2857.257136 2874.932567 2893.836777 2917.230885
2847.701689 2902.494555 2887.444007 2872.238192 2858.588083 2845.908844 2830.215121 2830.392296 2826.336335 2815.313282 2764.300125 2721.603055 2685.587822 2666.864341 2642.781182 2628.915684 2613.323743 2578.696245 2561.675943 2558.319182 2568.704496 2562.456068 2546.730780 2533.784120 2524.536963 2515.903078 2499.818776 2484.702390 2490.099700 2506.087509 2505.063552 2506.676158 2513.335497 2512.681727 2507.655461 2508.560112 2522.008501 2529.134495 2540.554914 2556.698717 2562.347430 2576.779093 2608.813315 2623.419573 2640.023361 2660.638314 2683.223046 2708.752838 2732.387774 2747.920121 2764.605969 2785.006094 2803.441746 2825.482034 2849.746369
2861.264889 2832.094166 2810.944933 2792.786657 2772.983951 2747.455874 2726.061815 2722.410005 2714.512245 2687.686072 2634.887602 2596.415159 2570.247525 2547.588084 2523.299591 2500.415222 2465.489071 2431.337787 2409.571624 2420.783328 2429.955741 2437.083129 2424.576477 2412.883825 2402.877572 2386.280759 2369.890038 2355.214772 2365.201980 2373.761186 2388.789895 2394.553538 2398.612384 2403.540861 2402.591420 2394.662759 2393.938473 2402.864541 2413.606556 2425.858027 2445.325620 2480.017260 2505.935007 2525.115402 2547.115538 2568.088230 2591.522117 2616.027235 2639.994933 2658.439696 2678.607956 2700.721424 2723.652901 2745.269135 2770.638297
2777.792500 2749.233893 2721.965703 2697.790920 2665.337345 2620.807226 2604.878756 2594.774627 2575.224657 2531.196398 2488.959686 2461.776234 2444.262793 2420.015329 2397.435273 2368.697322 2335.588809 2311.895546 2291.176944 2299.740847 2308.374443 2324.822338 2314.715604 2306.137024 2301.803815 2286.554470 2272.968538 2257.226230 2263.928174 2275.229228 2296.402426 2301.845915 2305.936210 2314.702930 2314.199767 2310.806844 2296.984293 2304.993131 2316.308687 2331.400249 2361.856112 2385.911581 2409.921288 2432.645190 2453.742178 2477.735293 2502.245777 2527.196414 2555.015060 2576.264569 2596.894765 2619.730335 2641.084450 2658.853813 2678.802112
2661.925974 2636.692127 2615.294515 2590.396518 2549.651912 2505.160235 2465.465114 2441.900876 2394.339950 2359.289716 2333.326768 2326.124198 2311.391479 2290.125299 2269.775912 2249.156577 2225.550155 2205.148484 2180.228628 2184.695807 2198.932210 2214.544413 2213.086744 2212.235750 2210.034055 2199.968247 2186.401029 2172.778231 2176.448775 2192.847123 2210.474525 2219.718899 2227.248773 2235.188166 2235.386901 2227.220941 2218.235403 2223.829737 2239.321753 2256.339909 2275.923452 2297.961477 2320.183849 2341.732847 2365.419923 2389.490211 2414.041323 2440.633235 2469.591136 2492.219950 2517.475703 2543.579394 2562.984498 2574.837988 2586.680642
2552.452267 2531.498760 2507.330951 2479.536164 2437.223679 2396.368038 2354.695231 2310.043441 2276.436003 2246.271135 2235.236502 2218.481873 2203.400970 2187.432509 2166.751844 2149.202750 2132.877742 2111.209876 2098.191744 2104.481085 2117.491973 2126.469332 2131.628276 2129.080047 2126.408179 2120.057483 2106.198526 2099.923313 2109.376797 2124.635083 2138.801065 2149.992496 2157.007918 2162.700808 2160.076167 2151.608319 2148.039786 2156.619874 2172.567187 2187.045196 2203.299213 2224.863148 2246.355978 2268.914532 2292.490141 2315.774321 2341.534632 2368.048437 2395.229151 2423.144955 2447.398084 2469.431794 2480.908654 2492.779502 2497.043746
2422.046401 2408.238343 2382.281130 2353.771045 2323.126820 2287.989425 2261.163461 2229.188630 2198.626804 2168.995607 2143.219430 2129.067328 2121.412292 2107.749921 2089.919883 2077.870919 2061.790160 2048.959473 2052.614812 2054.200455 2063.102877 2062.120828 2062.784398 2060.046871 2059.187185 2056.172518 2048.431358 2058.527185 2065.407665 2079.251792 2089.590912 2099.300314 2105.393928 2109.348521 2110.281779 2105.591724 2110.946695 2117.762044 2132.124800 2143.931302 2158.447053 2179.153736 2196.781743 2216.574577 2239.704036 2263.550504 2288.484976 2315.142573 2343.978817 2369.755527 2389.415826 2398.433917 2409.615307 2414.244980 2406.840170
