tests/Borden05m/sims/sim_1/output-maps/psiliqL0016N0018.asc
ncols         160
nrows         34
xllcorner     620200.000000
yllcorner     5168000.000000
cellsize      0.500000
NODATA_value  -9999.0
[rows 0 to 24 of 34, columns 0 to 54 of 160]
-9999.0 -9999.0 -9999.0 -9999.0 -9999.0 -9999.0 -9999.0 -9999.0 -9999.0 -9999.0 -9999.0 -9999.0 -9999.0 -9999.0 -9999.0 -9999.0 -9999.0 -9999.0 -9999.0 -9999.0 -9999.0 -9999.0 -9999.0 -9999.0 -9999.0 -9999.0 -9999.0 -9999.0 -9999.0 -9999.0 -9999.0 -9999.0 -9999.0 -9999.0 -9999.0 -9999.0 -9999.0 -9999.0 -9999.0 -9999.0 -9999.0 -9999.0 -9999.0 -9999.0 -9999.0 -9999.0 -9999.0 -9999.0 -9999.0 -9999.0 -9999.0 -9999.0 -9999.0 -9999.0 -9999.0
-9999.0 -9999.0 -9999.0 -9999.0 -9999.0 -9999.0 -9999.0 -9999.0 -9999.0 -9999.0 -9999.0 -9999.0 -9999.0 -9999.0 -9999.0 -9999.0 -9999.0 -9999.0 -9999.0 -9999.0 -9999.0 -9999.0 -9999.0 -9999.0 -9999.0 -9999.0 -9999.0 -9999.0 -9999.0 -9999.0 -9999.0 -9999.0 -9999.0 -9999.0 -9999.0 -9999.0 -9999.0 -9999.0 -9999.0 -9999.0 -9999.0 -9999.0 -9999.0 -9999.0 -9999.0 -9999.0 -9999.0 -9999.0 -9999.0 -9999.0 -9999.0 -9999.0 -9999.0 -9999.0 -9999.0
-9999.0 -9999.0 -9999.0 -9999.0 -9999.0 -9999.0 -9999.0 -9999.0 -9999.0 -9999.0 -9999.0 -9999.0 -9999.0 -9999.0 -9999.0 -9999.0 -9999.0 -9999.0 -9999.0 -9999.0 -9999.0 -9999.0 -9999.0 -9999.0 -9999.0 -9999.0 -9999.0 -9999.0 -9999.0 -9999.0 -9999.0 -9999.0 -9999.0 -9999.0 -9999.0 -9999.0 -9999.0 -9999.0 -9999.0 -9999.0 -9999.0 -9999.0 -9999.0 -9999.0 -9999.0 -9999.0 -9999.0 1300.334617 1283.218801 1268.310451 1265.726826 1288.183933 1311.805663 1335.925637 1356.819513
-9999.0 -9999.0 -9999.0 -9999.0 -9999.0 -9999.0 -9999.0 -9999.0 -9999.0 -9999.0 -9999.0 -9999.0 -9999.0 -9999.0 -9999.0 -9999.0 -9999.0 -9999.0 -9999.0 -9999.0 -9999.0 -9999.0 -9999.0 -9999.0 -9999.0 -9999.0 -9999.0 -9999.0 -9999.0 -9999.0 -9999.0 -9999.0 -9999.0 -9999.0 -9999.0 -9999.0 -9999.0 -9999.0 -9999.0 -9999.0 1347.714085 1353.761602 1354.843688 1344.776713 1333.825794 1321.542430 1301.627810 1284.122481 1269.910733 1267.824943 1270.765749 1275.612824 1298.068126 1323.253320 1343.340836
-9999.0 -9999.0 -9999.0 -9999.0 -9999.0 -9999.0 -9999.0 -9999.0 -9999.0 -9999.0 -9999.0 -9999.0 -9999.0 -9999.0 -9999.0 -9999.0 -9999.0 -9999.0 -9999.0 -9999.0 -9999.0 -9999.0 -9999.0 -9999.0 -9999.0 -9999.0 -9999.0 -9999.0 -9999.0 -9999.0 -9999.0 -9999.0 -9999.0 -9999.0 1254.379941 1271.879334 1290.194952 1308.936427 1326.017344 1333.100179 1339.055490 1344.907966 1340.945275 1336.662239 1325.566187 1306.328217 1287.180463 1273.896964 1272.367414 1270.277448 1274.779706 1287.708802 1304.841878 1321.150519 1342.389144
-9999.0 -9999.0 -9999.0 -9999.0 -9999.0 -9999.0 -9999.0 -9999.0 -9999.0 -9999.0 -9999.0 -9999.0 -9999.0 -9999.0 -9999.0 -9999.0 -9999.0 -9999.0 -9999.0 -9999.0 -9999.0 -9999.0 -9999.0 -9999.0 -9999.0 -9999.0 -9999.0 -9999.0 1257.268992 1251.603086 1246.978363 1245.888864 1244.981335 1244.297299 1251.379788 1263.524202 1281.661038 1303.788978 1317.185758 1324.757605 1331.764588 1332.739579 1327.865501 1326.303528 1327.050810 1315.417868 1303.987063 1293.315049 1283.014807 1281.516966 1291.341910 1305.912453 1322.562971 1337.805727 1353.644804
-9999.0 -9999.0 -9999.0 -9999.0 -9999.0 -9999.0 -9999.0 -9999.0 -9999.0 -9999.0 -9999.0 -9999.0 -9999.0 -9999.0 -9999.0 -9999.0 -9999.0 -9999.0 -9999.0 -9999.0 -9999.0 -9999.0 -9999.0 1226.079449 1231.883117 1238.724541 1246.601285 1247.916412 1244.371594 1239.205099 1236.690201 1235.680764 1234.322386 1239.268372 1247.521874 1261.362968 1277.473348 1299.855508 1308.797159 1314.904327 1327.339995 1330.689566 1337.266850 1341.713024 1340.373785 1337.650955 1325.026343 1315.638763 1320.452008 1326.317721 1333.536876 1342.021042 1355.878686 1371.343881 1388.692123
-9999.0 -9999.0 -9999.0 -9999.0 -9999.0 -9999.0 -9999.0 -9999.0 -9999.0 -9999.0 -9999.0 -9999.0 -9999.0 -9999.0 -9999.0 -9999.0 -9999.0 -9999.0 -9999.0 1200.275276 1201.408463 1202.936141 1207.971562 1208.997077 1211.385849 1218.699257 1227.231833 1230.141495 1228.773343 1227.919753 1229.919371 1233.135054 1238.064409 1249.708633 1263.936180 1278.559136 1292.703596 1314.030770 1329.194119 1342.989144 1359.287898 1359.290794 1355.806391 1354.453508 1355.269485 1355.551773 1358.961190 1361.367678 1367.993579 1372.321109 1378.531587 1388.257469 1400.294052 1418.634092 1438.437375
-9999.0 -9999.0 -9999.0 -9999.0 -9999.0 -9999.0 -9999.0 -9999.0 -9999.0 -9999.0 -9999.0 -9999.0 -9999.0 -9999.0 -9999.0 -9999.0 1170.959195 1172.972368 1175.465730 1181.145502 1184.467306 1188.781881 1196.088670 1197.756772 1201.862097 1209.418598 1214.688239 1224.071045 1232.695111 1240.507427 1247.016367 1250.232031 1258.090452 1268.214443 1280.565072 1296.113001 1317.875608 1341.576289 1358.259892 1375.578346 1393.189238 1394.294469 1393.583286 1395.023461 1395.595335 1401.469922 1418.758447 1424.456090 1424.912645 1440.527039 1454.503104 1459.619609 1467.596835 1487.161075 1510.893611
-9999.0 -9999.0 -9999.0 -9999.0 -9999.0 -9999.0 -9999.0 -9999.0 -9999.0 -9999.0 -9999.0 -9999.0 -9999.0 1123.599098 1127.884365 1137.794773 1147.675134 1150.565020 1155.274671 1161.774268 1174.319429 1178.334610 1184.930903 1192.869568 1205.326458 1214.429611 1224.044356 1236.402697 1245.318939 1253.106910 1260.659614 1266.482711 1280.084504 1295.751297 1311.902110 1332.554699 1355.143634 1375.935308 1396.618612 1413.102338 1427.033986 1428.788416 1428.327418 1431.108461 1438.714167 1455.571059 1474.389945 1482.441670 1499.625233 1522.593625 1535.903898 1547.257659 1555.889525 1569.676179 1591.131233
-9999.0 -9999.0 -9999.0 -9999.0 -9999.0 -9999.0 -9999.0 -9999.0 -9999.0 -9999.0 1090.988127 1093.336126 1090.102173 1089.731501 1095.186364 1107.610166 1121.752743 1128.497889 1140.498553 1161.863569 1180.183273 1184.065544 1198.882073 1209.577183 1216.843162 1227.792477 1241.456127 1254.758259 1272.009619 1285.085510 1297.012837 1316.821497 1333.972534 1351.245322 1369.712191 1390.747317 1410.727954 1439.153394 1466.506565 1479.389962 1501.435232 1511.756596 1509.303624 1509.641311 1519.080580 1534.793572 1555.476634 1578.124759 1599.758197 1624.957936 1641.686880 1656.208685 1667.062314 1679.443634 1695.400357
-9999.0 -9999.0 -9999.0 -9999.0 -9999.0 -9999.0 -9999.0 -9999.0 1066.107220 1073.694249 1079.918771 1077.117024 1072.882653 1068.961275 1083.102491 1099.187605 1115.546312 1133.625683 1149.967298 1168.598967 1184.154589 1200.669812 1221.044242 1233.156868 1245.242678 1261.134856 1275.390940 1292.936785 1314.913284 1327.871939 1344.769710 1366.829835 1385.994730 1404.812604 1424.404634 1443.242076 1469.621632 1503.365022 1535.491812 1557.850087 1585.952740 1608.580660 1607.713616 1610.106776 1614.511364 1640.091802 1669.218199 1699.813309 1724.476915 1751.499695 1780.983846 1799.385099 1810.159723 1822.801605 1838.022888
-9999.0 -9999.0 -9999.0 -9999.0 -9999.0 -9999.0 1038.531557 1062.926541 1078.163216 1070.377133 1060.130654 1056.525991 1052.461202 1077.140806 1099.461110 1117.077102 1134.361101 1152.424465 1169.418625 1182.331651 1216.038943 1234.614368 1249.243109 1267.281612 1282.508649 1297.797240 1315.854918 1339.780553 1361.957420 1391.602099 1417.214206 1441.267322 1468.223550 1488.668785 1508.222960 1526.755799 1558.216017 1595.680811 1632.447294 1661.065636 1688.235165 1719.322046 1725.869437 1731.428402 1738.099584 1759.597312 1791.556931 1821.897215 1855.489221 1887.490522 1914.604749 1926.625576 1937.094673 1948.427065 1961.901762
-9999.0 -9999.0 -9999.0 -9999.0 1005.021782 1026.033915 1046.054499 1076.841150 1099.547745 1094.816762 1101.469705 1101.626384 1099.769690 1104.087185 1111.615400 1129.994711 1149.110461 1168.564873 1186.483152 1220.956718 1265.962600 1281.552243 1305.573279 1337.838403 1351.885709 1367.753954 1384.729335 1408.311327 1434.910835 1468.519795 1511.903090 1548.972968 1575.139061 1598.488083 1620.249994 1642.232694 1676.821884 1714.691624 1751.634906 1785.671553 1815.347346 1841.363824 1853.462503 1861.243176 1873.058511 1889.664203 1911.288063 1938.697055 1970.257703 2002.314673 2027.211905 2040.407923 2048.125778 2058.721062 2068.831628
-9999.0 -9999.0 -9999.0 954.937706 993.771707 1031.968355 1059.009519 1090.066025 1122.481123 1126.850324 1136.101974 1140.732936 1145.173861 1153.679007 1161.941190 1179.358545 1196.221193 1213.124277 1235.674415 1272.575385 1307.424366 1336.272054 1368.259976 1394.173903 1414.450729 1430.576838 1449.785554 1474.023691 1514.074438 1551.338824 1601.698479 1655.164860 1692.040656 1716.513193 1739.395416 1767.157822 1792.529460 1829.293924 1864.263471 1897.394675 1929.058589 1953.616728 1971.966080 1979.479019 1989.251268 1997.699696 2013.590424 2035.075991 2057.040836 2086.086220 2114.557572 2139.893491 2154.165488 2164.376421 2180.477521
-9999.0 -9999.0 907.548292 945.650069 979.534165 1029.499621 1082.677350 1117.421019 1158.409992 1181.962063 1188.641068 1205.227381 1220.889539 1227.657101 1242.654375 1259.570867 1278.125475 1285.643542 1303.453313 1332.682136 1381.291976 1425.648359 1444.018565 1493.462884 1526.442463 1554.861400 1573.409365 1600.570314 1636.805782 1677.979012 1726.507288 1776.965503 1815.587349 1847.049735 1864.238592 1884.304123 1907.013075 1931.630736 1966.060480 1994.665022 2026.467196 2052.567455 2074.181718 2080.514157 2085.456569 2101.339556 2126.146464 2152.615658 2177.552006 2201.751607 2203.251387 2216.625336 2223.042985 2226.930271 2232.387108
-9999.0 -9999.0 880.401208 925.599415 965.345258 1030.978348 1111.755387 1148.889209 1191.799944 1237.937044 1256.341231 1280.673623 1290.733997 1298.123546 1320.971237 1342.589194 1356.128178 1363.458467 1363.115537 1418.575020 1476.355404 1523.792514 1565.782430 1633.207079 1678.942129 1696.477128 1709.741992 1730.714397 1755.305115 1798.406521 1845.490837 1899.071319 1943.205785 1974.891040 1991.732889 2010.833513 2031.358184 2049.050185 2068.419076 2108.655792 2137.284919 2163.866987 2191.443160 2211.917998 2220.384193 2224.256586 2212.235870 2223.319192 2231.022735 2234.738839 2236.425696 2233.549827 2233.332967 2234.354310 2235.525442
-9999.0 790.920766 843.180576 896.163541 964.698991 1031.511193 1114.004438 1193.666886 1252.021956 1300.157379 1329.117529 1339.352955 1371.635193 1411.804540 1436.802543 1462.245340 1465.906950 1472.154223 1462.054546 1511.297493 1559.594746 1630.491254 1737.317901 1793.034778 1839.058314 1840.396926 1835.089084 1847.152225 1870.649434 1915.278693 1984.570962 2034.117169 2089.796944 2132.132297 2148.671488 2156.591626 2174.892734 2195.242723 2178.566409 2203.985417 2216.227769 2226.528523 2230.617829 2233.046217 2234.696969 2235.331725 2232.537188 2226.494083 2219.003080 2213.646812 2209.747548 2205.324989 2207.740029 2210.913436 2211.423518
-9999.0 755.104709 814.385938 885.643428 956.468656 1022.200335 1123.519085 1269.457978 1324.501598 1362.248490 1383.355850 1400.396609 1475.068285 1539.479366 1571.961532 1615.984545 1609.911259 1599.831610 1584.824389 1617.291004 1665.591304 1738.467400 1881.922707 1965.100778 1995.318669 2005.981667 2012.625229 2039.788327 2078.136631 2117.141009 2153.562217 2152.237923 2183.670452 2200.592903 2206.849548 2210.242371 2215.642931 2217.065234 2216.544624 2214.112903 2210.645235 2211.920383 2216.880842 2217.400649 2215.129908 2212.350382 2206.927589 2199.378913 2193.713303 2188.798837 2185.728136 2182.405080 2180.398711 2179.913580 2175.090735
-9999.0 724.177404 795.898463 858.986702 922.051135 1034.121604 1160.909931 1297.602934 1391.099046 1428.707955 1446.876308 1511.436204 1610.698452 1705.978451 1756.511395 1781.054722 1780.702056 1757.880528 1759.770184 1804.953378 1870.603947 1964.833881 2060.786972 2138.823392 2152.257479 2156.272235 2133.506249 2149.704842 2165.607112 2171.231855 2176.379581 2184.283578 2193.280728 2199.517770 2201.209047 2200.859588 2198.225277 2191.974448 2188.385769 2186.098188 2183.435545 2183.522373 2186.483900 2187.996551 2185.507991 2181.570229 2176.779340 2170.655403 2163.908194 2156.687978 2152.097263 2147.489516 2144.772393 2139.264107 2134.422793
-9999.0 621.890693 711.247425 764.757566 875.064694 1051.221910 1178.567004 1327.750784 1475.976485 1513.098781 1584.215820 1704.492853 1809.093110 1881.589626 1919.407677 1959.265248 1987.693511 2011.001784 2047.056697 1998.157392 2058.231437 2120.669979 2148.675409 2162.233614 2165.769548 2167.703107 2160.855522 2143.500379 2135.853473 2132.582756 2138.037950 2149.081162 2157.939895 2166.326343 2166.738585 2169.283950 2170.919601 2168.590245 2165.650894 2158.084577 2150.992174 2145.481466 2143.654539 2148.760684 2143.778602 2140.440087 2134.039344 2125.463330 2116.132821 2107.944461 2099.657453 2092.405785 2089.096601 2082.995951 2080.772603
-9999.0 541.052506 617.500173 703.602553 838.901366 1003.498907 1129.801099 1296.348956 1508.016245 1626.102560 1753.553992 1826.317136 1897.169381 1953.829603 2012.837999 2058.769228 2083.821199 2095.251803 2084.550006 2098.960181 2068.731835 2063.954948 2083.104753 2110.730207 2125.137509 2129.843869 2122.678735 2114.006335 2109.097961 2110.733649 2112.333019 2113.507403 2114.290136 2114.400366 2113.298694 2116.866598 2122.540727 2117.085632 2108.812824 2100.878966 2093.611912 2085.367212 2079.849891 2076.128827 2074.969833 2074.431413 2066.565211 2055.809830 2044.801825 2036.131366 2028.029172 2022.051504 2018.843754 2013.206144 2004.298101
-9999.0 440.097827 562.786675 655.029908 774.097557 910.583230 1035.101587 1198.038263 1344.906628 1566.683043 1721.066796 1836.439412 1877.600566 1935.874447 1992.112623 2058.428656 2062.262774 2034.987051 2003.852858 1991.777708 2000.553947 2012.144360 2025.906144 2045.301788 2063.071195 2073.096122 2076.303001 2070.222561 2058.204247 2050.343895 2045.126764 2037.033266 2031.793651 2032.288488 2035.059368 2043.695411 2046.388509 2037.925722 2025.346913 2009.342715 1995.316497 1984.648286 1981.835531 1983.194536 1983.080890 1979.100037 1972.148311 1961.335288 1948.561327 1936.423729 1928.924219 1923.223360 1915.762043 1905.089358 1893.314906
-9999.0 -9999.0 486.374171 597.362828 704.286148 826.337903 939.400940 1080.523866 1230.058900 1409.872520 1526.482525 1661.428741 1735.335861 1779.657509 1825.984488 1879.783859 1899.720116 1921.611543 1908.740601 1916.222631 1925.187331 1932.622433 1942.617271 1953.815144 1966.872192 1977.060449 1985.580164 1984.206297 1976.416108 1960.346671 1941.017965 1926.616389 1919.192286 1913.319158 1924.034966 1936.232129 1933.461772 1927.254746 1915.626428 1900.150535 1887.402795 1873.706967 1869.878622 1869.867181 1869.706992 1866.581269 1862.119631 1849.179171 1836.212097 1824.465855 1818.876791 1812.466941 1806.961174 1795.964531 1784.207985
-9999.0 -9999.0 401.623112 510.094448 623.623712 746.840465 845.916344 914.676413 1065.490197 1180.217129 1284.415308 1383.316469 1466.156565 1528.698366 1569.817398 1629.856553 1672.609799 1689.405497 1713.182671 1747.456836 1775.489047 1805.705352 1825.323588 1837.968172 1851.950451 1865.633736 1874.491270 1863.082623 1853.190163 1837.913213 1817.920656 1795.849039 1784.951872 1782.896745 1785.365176 1790.414844 1784.908480 1775.929232 1762.041855 1747.058025 1734.394740 1723.515954 1719.375816 1715.404947 1713.606384 1710.446903 1707.252670 1699.118569 1688.281364 1680.993505 1672.535427 1666.706182 1663.750332 1657.448747 1648.701117
