tests/Borden05m/sims/sim_1/output-maps/psiliqL0020N0019.asc
ncols         160
nrows         34
xllcorner     620200.000000
yllcorner     5168000.000000
cellsize      0.500000
NODATA_value  -9999.0
[rows 0 to 24 of 34, columns 0 to 54 of 160]
-9999.0 -9999.0 -9999.0 -9999.0 -9999.0 -9999.0 -9999.0 -9999.0 -9999.0 -9999.0 -9999.0 -9999.0 -9999.0 -9999.0 -9999.0 -9999.0 -9999.0 -9999.0 -9999.0 -9999.0 -9999.0 -9999.0 -9999.0 -9999.0 -9999.0 -9999.0 -9999.0 -9999.0 -9999.0 -9999.0 -9999.0 -9999.0 -9999.0 -9999.0 -9999.0 -9999.0 -9999.0 -9999.0 -9999.0 -9999.0 -9999.0 -9999.0 -9999.0 -9999.0 -9999.0 -9999.0 -9999.0 -9999.0 -9999.0 -9999.0 -9999.0 -9999.0 -9999.0 -9999.0 -9999.0
-9999.0 -9999.0 -9999.0 -9999.0 -9999.0 -9999.0 -9999.0 -9999.0 -9999.0 -9999.0 -9999.0 -9999.0 -9999.0 -9999.0 -9999.0 -9999.0 -9999.0 -9999.0 -9999.0 -9999.0 -9999.0 -9999.0 -9999.0 -9999.0 -9999.0 -9999.0 -9999.0 -9999.0 -9999.0 -9999.0 -9999.0 -9999.0 -9999.0 -9999.0 -9999.0 -9999.0 -9999.0 -9999.0 -9999.0 -9999.0 -9999.0 -9999.0 -9999.0 -9999.0 -9999.0 -9999.0 -9999.0 -9999.0 -9999.0 -9999.0 -9999.0 -9999.0 -9999.0 -9999.0 -9999.0
-9999.0 -9999.0 -9999.0 -9999.0 -9999.0 -9999.0 -9999.0 -9999.0 -9999.0 -9999.0 -9999.0 -9999.0 -9999.0 -9999.0 -9999.0 -9999.0 -9999.0 -9999.0 -9999.0 -9999.0 -9999.0 -9999.0 -9999.0 -9999.0 -9999.0 -9999.0 -9999.0 -9999.0 -9999.0 -9999.0 -9999.0 -9999.0 -9999.0 -9999.0 -9999.0 -9999.0 -9999.0 -9999.0 -9999.0 -9999.0 -9999.0 -9999.0 -9999.0 -9999.0 -9999.0 -9999.0 -9999.0 2104.573231 2087.577780 2073.515258 2070.328659 2092.493099 2116.195414 2140.499519 2161.537156
-9999.0 -9999.0 -9999.0 -9999.0 -9999.0 -9999.0 -9999.0 -9999.0 -9999.0 -9999.0 -9999.0 -9999.0 -9999.0 -9999.0 -9999.0 -9999.0 -9999.0 -9999.0 -9999.0 -9999.0 -9999.0 -9999.0 -9999.0 -9999.0 -9999.0 -9999.0 -9999.0 -9999.0 -9999.0 -9999.0 -9999.0 -9999.0 -9999.0 -9999.0 -9999.0 -9999.0 -9999.0 -9999.0 -9999.0 -9999.0 2152.254437 2158.380624 2159.120771 2149.387269 2138.532125 2125.892197 2105.866643 2088.560740 2074.998867 2073.228081 2076.240481 2080.478540 2102.491246 2128.081835 2148.397221
-9999.0 -9999.0 -9999.0 -9999.0 -9999.0 -9999.0 -9999.0 -9999.0 -9999.0 -9999.0 -9999.0 -9999.0 -9999.0 -9999.0 -9999.0 -9999.0 -9999.0 -9999.0 -9999.0 -9999.0 -9999.0 -9999.0 -9999.0 -9999.0 -9999.0 -9999.0 -9999.0 -9999.0 -9999.0 -9999.0 -9999.0 -9999.0 -9999.0 -9999.0 2058.220652 2075.647970 2094.048976 2113.001135 2130.320737 2137.632894 2143.652904 2149.484049 2145.472938 2141.392056 2130.305189 2110.565973 2091.585553 2078.725211 2077.678462 2075.729709 2080.130040 2092.777835 2110.003343 2126.066319 2147.287859
-9999.0 -9999.0 -9999.0 -9999.0 -9999.0 -9999.0 -9999.0 -9999.0 -9999.0 -9999.0 -9999.0 -9999.0 -9999.0 -9999.0 -9999.0 -9999.0 -9999.0 -9999.0 -9999.0 -9999.0 -9999.0 -9999.0 -9999.0 -9999.0 -9999.0 -9999.0 -9999.0 -9999.0 2060.643258 2055.065468 2050.667089 2049.724836 2048.947361 2048.476506 2055.605467 2067.571150 2085.534863 2107.957670 2121.622682 2129.357503 2136.571171 2137.547565 2132.523492 2131.184625 2132.107823 2120.315271 2108.789567 2098.029630 2087.605941 2085.715208 2095.452519 2110.192766 2126.957114 2142.202730 2158.044179
-9999.0 -9999.0 -9999.0 -9999.0 -9999.0 -9999.0 -9999.0 -9999.0 -9999.0 -9999.0 -9999.0 -9999.0 -9999.0 -9999.0 -9999.0 -9999.0 -9999.0 -9999.0 -9999.0 -9999.0 -9999.0 -9999.0 -9999.0 2028.696490 2034.302648 2041.278579 2049.383497 2050.872759 2047.705442 2042.755263 2040.522875 2039.719834 2038.359728 2043.499077 2051.550672 2065.333169 2081.407436 2104.082040 2113.056290 2118.710031 2130.992671 2134.796868 2142.203497 2146.723243 2145.438785 2142.416445 2129.105980 2119.073361 2123.051936 2128.421252 2135.765989 2144.453512 2158.393144 2173.364278 2190.049449
-9999.0 -9999.0 -9999.0 -9999.0 -9999.0 -9999.0 -9999.0 -9999.0 -9999.0 -9999.0 -9999.0 -9999.0 -9999.0 -9999.0 -9999.0 -9999.0 -9999.0 -9999.0 -9999.0 2002.666260 2003.924159 2005.669306 2010.873179 2011.844587 2014.232093 2021.624063 2030.277230 2033.538902 2032.172090 2031.636510 2033.741148 2037.089612 2042.245332 2053.764631 2067.981020 2082.626861 2096.507803 2117.835616 2132.939165 2146.374349 2162.500273 2162.982662 2159.751188 2158.556276 2159.250283 2158.954542 2160.517284 2161.762658 2168.420087 2171.476088 2176.799553 2186.490775 2198.688074 2216.460019 2235.522916
-9999.0 -9999.0 -9999.0 -9999.0 -9999.0 -9999.0 -9999.0 -9999.0 -9999.0 -9999.0 -9999.0 -9999.0 -9999.0 -9999.0 -9999.0 -9999.0 1972.975647 1975.043473 1977.701359 1983.511099 1987.220944 1991.636679 1999.068134 2000.941898 2005.060628 2012.739976 2018.008777 2027.703549 2036.577292 2044.429869 2051.002251 2054.219276 2061.829919 2071.857186 2084.075822 2099.153210 2120.404191 2144.214198 2160.647017 2177.887276 2195.543997 2196.659653 2195.783568 2196.973575 2196.909246 2201.100995 2217.335834 2222.145400 2220.417749 2233.770688 2247.019418 2251.450527 2259.488237 2279.412189 2302.690575
-9999.0 -9999.0 -9999.0 -9999.0 -9999.0 -9999.0 -9999.0 -9999.0 -9999.0 -9999.0 -9999.0 -9999.0 -9999.0 1924.090819 1928.410537 1938.685929 1949.472630 1952.667358 1957.733483 1964.575526 1977.206101 1981.328138 1987.939682 1995.862510 2008.733869 2017.970610 2027.560522 2039.963944 2048.799643 2056.527874 2063.885852 2068.802430 2081.810319 2097.058495 2112.723140 2132.948145 2155.409571 2175.381123 2195.180028 2211.786119 2224.987404 2225.194105 2224.837913 2227.610419 2234.320944 2250.071788 2268.191629 2273.301258 2287.488523 2309.541168 2321.771304 2331.737065 2339.711631 2353.810394 2375.457508
-9999.0 -9999.0 -9999.0 -9999.0 -9999.0 -9999.0 -9999.0 -9999.0 -9999.0 -9999.0 1893.037200 1895.191448 1891.988780 1890.917919 1896.759989 1909.425796 1924.022073 1930.553484 1942.840911 1964.489554 1983.243990 1987.064646 2001.598953 2012.463539 2019.835432 2030.596288 2044.164800 2057.174101 2073.861333 2086.542655 2097.397234 2115.991225 2132.744108 2149.734904 2167.868012 2188.787324 2207.364049 2234.087927 2260.884466 2272.383947 2292.599122 2300.149444 2297.329642 2297.136632 2306.814841 2321.036779 2339.549500 2359.444284 2379.701397 2403.651811 2417.986773 2431.982386 2442.422387 2454.364483 2470.497276
-9999.0 -9999.0 -9999.0 -9999.0 -9999.0 -9999.0 -9999.0 -9999.0 1867.756943 1875.712745 1881.813889 1879.031730 1874.936112 1870.492284 1885.130980 1901.235623 1917.666297 1936.136181 1952.433581 1971.184396 1986.338663 2002.406061 2023.014615 2034.888014 2046.645995 2062.429794 2076.414927 2093.080178 2114.621164 2125.751557 2140.565531 2161.765850 2179.764891 2198.034995 2217.301578 2235.484662 2259.983142 2292.604352 2323.794668 2344.032704 2371.465444 2392.076461 2389.717002 2390.953960 2394.582223 2419.475271 2447.629704 2477.718702 2501.039445 2527.071829 2556.232125 2574.617341 2585.179682 2597.773568 2613.081155
-9999.0 -9999.0 -9999.0 -9999.0 -9999.0 -9999.0 1839.287903 1863.812820 1879.243608 1871.324184 1859.738451 1855.761431 1851.131068 1878.576046 1901.236134 1919.054975 1936.406184 1954.541915 1971.498857 1982.929502 2015.370014 2034.587212 2048.438659 2064.916873 2080.142799 2095.397030 2113.028662 2136.193866 2156.787688 2183.680661 2205.891283 2227.348145 2253.625997 2273.306355 2292.281297 2309.379105 2339.763068 2376.390541 2412.663426 2440.035863 2466.521110 2498.923198 2503.691449 2508.516070 2513.892838 2536.692473 2569.580107 2599.528002 2632.936784 2664.901285 2692.966906 2706.451037 2717.188336 2728.651095 2742.406749
-9999.0 -9999.0 -9999.0 -9999.0 1805.848487 1826.869589 1846.499081 1877.154158 1899.769846 1895.175420 1901.188360 1900.782527 1898.227480 1903.162923 1911.290591 1929.560156 1949.017103 1968.829637 1985.687498 2017.727513 2063.811074 2077.980790 2099.641451 2131.103657 2144.314922 2159.817986 2176.602974 2199.340589 2223.239258 2255.046241 2295.403462 2329.920203 2354.814514 2377.113497 2398.486635 2419.202290 2454.583970 2493.341670 2530.530045 2564.108341 2592.877824 2619.657874 2630.546927 2638.031110 2649.866477 2667.236048 2689.782882 2719.224137 2752.321521 2784.982368 2809.723163 2821.049357 2828.423826 2839.296940 2849.116951
-9999.0 -9999.0 -9999.0 1754.025052 1793.033688 1831.907513 1858.540153 1889.445178 1922.050349 1924.941951 1934.264520 1937.363772 1940.043874 1947.735833 1954.445869 1971.898434 1989.648170 2008.097269 2030.714496 2066.788793 2099.845863 2124.798967 2155.458578 2177.975559 2195.898340 2211.218076 2230.586114 2253.757873 2293.204986 2328.336905 2377.552656 2430.510229 2466.327906 2490.537435 2514.384905 2543.007140 2569.105562 2607.189021 2642.615537 2676.145072 2709.644626 2734.425499 2752.150602 2759.397130 2769.820247 2777.925590 2793.065461 2814.077213 2836.691561 2866.903972 2896.074809 2846.868448 2856.392046 2866.459279 2882.631419
-9999.0 -9999.0 1706.130732 1744.847078 1777.815874 1826.633719 1879.933462 1915.042387 1955.676950 1977.743034 1983.429968 1998.089116 2012.252082 2017.304857 2030.440048 2046.283481 2066.763030 2075.446580 2094.830365 2119.419625 2164.096267 2204.822084 2215.105311 2261.022135 2293.538114 2324.122722 2344.309518 2372.020671 2409.672580 2448.961954 2497.402878 2548.583539 2586.296543 2617.614145 2635.570417 2656.847148 2679.749674 2707.714405 2744.236660 2772.643261 2805.222310 2831.913791 2853.641259 2858.748123 2863.614697 2880.233743 2906.738075 2858.136055 2879.405862 2904.938413 2899.814339 2911.915948 2919.276816 2923.669298 2930.315965
-9999.0 -9999.0 1677.734135 1723.525455 1761.322293 1824.106271 1907.337948 1943.606856 1985.709062 2032.010699 2049.060472 2072.710634 2077.060156 2077.938757 2099.435061 2118.952471 2135.917454 2144.130171 2142.432914 2197.241081 2253.744090 2292.930602 2321.933256 2393.477781 2442.450674 2463.460497 2479.659575 2501.575926 2525.403580 2567.576103 2612.632436 2667.488809 2713.183198 2744.846595 2762.130742 2782.881744 2804.344109 2822.588300 2843.199874 2886.539451 2844.875420 2867.931747 2896.495716 2916.889453 2924.955210 2929.077736 2911.750668 2920.988791 2930.287707 2934.622960 2936.424861 2932.972489 2932.552509 2933.459118 2934.528644
-9999.0 1586.613221 1639.014658 1691.080754 1758.079115 1822.892321 1902.609085 1980.718789 2042.529911 2092.654429 2120.648273 2124.789418 2145.170927 2180.204832 2203.786878 2226.643745 2231.955690 2240.666382 2228.169194 2279.954362 2324.605835 2387.834992 2492.982153 2550.403181 2603.912089 2604.538229 2598.330266 2609.012442 2630.679677 2676.240008 2751.584727 2805.113535 2865.670498 2848.518727 2859.928705 2866.544103 2884.135170 2903.925271 2873.525119 2905.047348 2915.169999 2927.124154 2932.819496 2934.917901 2936.247786 2936.467365 2933.311758 2926.775577 2919.092832 2913.643422 2909.709473 2905.339696 2907.847732 2911.176298 2911.684922
-9999.0 1549.765370 1608.328262 1678.518096 1748.106786 1806.603931 1900.743700 2054.925279 2113.259983 2151.484544 2166.974497 2168.522453 2237.189205 2300.713653 2331.094952 2376.632070 2368.148942 2357.385634 2335.101858 2365.810657 2411.190883 2484.449567 2639.302456 2726.408551 2766.372657 2777.493714 2783.369713 2812.218029 2853.463830 2844.105020 2877.911636 2863.238665 2899.724008 2913.831914 2918.092134 2919.427731 2924.017531 2923.676288 2922.280474 2918.671112 2914.089559 2914.671793 2919.297402 2919.438708 2916.884257 2913.948339 2908.565848 2901.275425 2896.194646 2891.647253 2888.973465 2886.051400 2884.256246 2883.863237 2879.246602
-9999.0 1515.012226 1588.022452 1649.240261 1705.591493 1809.404136 1937.698932 2077.594103 2172.557019 2209.102435 2211.786226 2265.547153 2366.881718 2467.825677 2520.406577 2545.019856 2538.840963 2507.608692 2502.367056 2548.018043 2616.299504 2722.268669 2835.637028 2879.049865 2889.950642 2893.751831 2861.321386 2880.774722 2898.708552 2897.953782 2899.497998 2905.544678 2911.284213 2914.627205 2913.858961 2911.613777 2907.441300 2899.919107 2895.623531 2892.518579 2889.223354 2888.677333 2891.173441 2892.813267 2890.299976 2886.575773 2882.179284 2876.905788 2875.480453 2868.915125 2864.714625 2860.489379 2858.214886 2852.886991 2848.930956
-9999.0 1404.081202 1496.362731 1544.634310 1640.371099 1821.683399 1949.940922 2095.735438 2250.961893 2281.863553 2343.341843 2472.102281 2583.435126 2661.299985 2697.268839 2736.279229 2764.879409 2786.973239 2824.826272 2750.014112 2818.895717 2857.746486 2885.050649 2896.875665 2902.628571 2904.069249 2896.003707 2876.901870 2867.195955 2861.166077 2863.541427 2871.437691 2877.070969 2882.685508 2880.969826 2882.150664 2883.019157 2880.237512 2881.109416 2873.046735 2865.541049 2859.492224 2857.079980 2862.083748 2857.395705 2854.688818 2848.824161 2845.452714 2906.121713 2898.133853 2889.759056 2882.502392 2879.271841 2873.174474 2870.877909
-9999.0 1323.234849 1398.096610 1473.360245 1598.580822 1762.888835 1876.724514 2039.789692 2263.330440 2388.891583 2531.579009 2612.432166 2685.307574 2738.019283 2794.677671 2819.271643 2842.444516 2855.459142 2835.863592 2855.117374 2855.474738 2848.634411 2824.657816 2849.097475 2864.543710 2869.223901 2861.876069 2852.771797 2846.294569 2845.829485 2844.665259 2842.378367 2839.888957 2837.393845 2834.597451 2837.289299 2842.519850 2840.620506 2896.936966 2888.405683 2880.698234 2872.096139 2866.391942 2862.247890 2861.614392 2861.292223 2853.422523 2842.849060 2833.052775 2824.551641 2816.597976 2810.903241 2807.516964 2801.618923 2791.669917
-9999.0 1214.364035 1341.239819 1426.889283 1535.710396 1668.973395 1785.006116 1943.246124 2083.248976 2314.363878 2464.447077 2611.084898 2657.865994 2722.287810 2776.021454 2822.061515 2822.549462 2823.627484 2788.610986 2776.324933 2787.789733 2799.524657 2811.960104 2830.526828 2849.312295 2860.326791 2865.068709 2859.740293 2847.529316 2838.492376 2831.567703 2821.872087 2815.573686 2815.452381 2819.250207 2828.917955 2831.220072 2822.986171 2811.301064 2794.517513 2779.896307 2768.780204 2766.248423 2768.090110 2768.342735 2764.181165 2757.507282 2746.561141 2733.856336 2721.438009 2714.388270 2708.889851 2701.017988 2689.440553 2675.602476
-9999.0 -9999.0 1260.932389 1370.793617 1471.946134 1589.184360 1692.164532 1823.525335 1969.084934 2145.551675 2262.653757 2416.208830 2499.916679 2545.471603 2588.036256 2644.659516 2668.440852 2696.297163 2687.833004 2698.436611 2709.143950 2716.956250 2726.196176 2736.344576 2749.390681 2760.303526 2770.253543 2768.990370 2761.405530 2744.154554 2722.858307 2706.794634 2698.684518 2691.978063 2703.709000 2716.465058 2712.988489 2706.836531 2695.032979 2678.086577 2665.308602 2651.352512 2647.597029 2647.448493 2647.439181 2644.436479 2640.453571 2627.295318 2614.329269 2603.051981 2597.793946 2591.378729 2586.307977 2575.555773 2564.463439
-9999.0 -9999.0 1174.634090 1281.162957 1389.775414 1510.287539 1602.856595 1648.921297 1793.506027 1903.588685 2009.368912 2113.659446 2202.727237 2268.720111 2307.541515 2369.408401 2418.578398 2437.232500 2469.274436 2512.671248 2544.321859 2579.194261 2601.183810 2613.728291 2628.097564 2642.885636 2651.874341 2639.544655 2629.606197 2614.021463 2592.959363 2569.416462 2557.846387 2556.760839 2558.200302 2562.155084 2556.076565 2547.365872 2533.614618 2519.805499 2507.531863 2497.446177 2493.465670 2488.756713 2486.616426 2483.426666 2480.470403 2472.634306 2462.506489 2456.042311 2447.424879 2442.133341 2439.723510 2434.424019 2426.663669
