tests/Borden05m/sims/sim_1/output-maps/psiliqL0019N0013.asc
ncols         160
nrows         34
xllcorner     620200.000000
yllcorner     5168000.000000
cellsize      0.500000
NODATA_value  -9999.0
[rows 0 to 24 of 34, columns 55 to 109 of 160]
-9999.0 -9999.0 -9999.0 -9999.0 -9999.0 -9999.0 -9999.0 -9999.0 -9999.0 -9999.0 -9999.0 -9999.0 -9999.0 -9999.0 -9999.0 -9999.0 -9999.0 -9999.0 -9999.0 -9999.0 -9999.0 -9999.0 -9999.0 -9999.0 -9999.0 -9999.0 -9999.0 -9999.0 -9999.0 -9999.0 -9999.0 -9999.0 -9999.0 -9999.0 -9999.0 -9999.0 -9999.0 -9999.0 -9999.0 -9999.0 -9999.0 -9999.0 -9999.0 -9999.0 -9999.0 -9999.0 -9999.0 -9999.0 -9999.0 -9999.0 -9999.0 -9999.0 -9999.0 -9999.0 -9999.0
-9999.0 -9999.0 -9999.0 -9999.0 2033.757668 2028.521232 2023.806293 2019.493396 2011.249067 2002.472025 1994.812168 1991.231793 1990.686190 1990.348745 1990.307291 1995.810990 2004.237740 2012.218019 2019.539456 2022.183905 2024.803424 2027.081106 2027.662888 2026.686329 2023.671040 2020.583650 2017.367028 2015.908620 2008.285671 1997.123961 1988.616265 1985.920160 1990.209656 1994.562806 1996.955098 2002.356982 2012.725738 2023.148406 2031.304208 2043.053009 2048.954151 2053.685843 2055.964905 2051.395253 2047.473371 2043.147739 2037.231165 2025.966275 -9999.0 -9999.0 -9999.0 -9999.0 -9999.0 -9999.0 -9999.0
1978.645781 1997.730213 2018.495153 2021.893952 2010.366852 2005.568674 2002.677714 2001.210263 1997.079055 1988.971872 1984.264110 1979.313518 1977.569116 1978.077384 1978.524044 1982.874900 1993.724656 2001.982013 2006.968760 2009.812068 2012.759360 2012.089413 2011.649522 2011.566926 2008.860389 2005.576221 2002.340990 2000.649363 2001.661243 1994.156410 1988.491885 1984.869217 1982.583057 1985.138158 1987.584078 1991.399281 2000.550545 2008.332957 2016.065143 2030.338444 2042.647292 2047.600466 2044.543025 2039.179762 2034.821310 2027.304242 2016.548092 2006.101344 1997.098587 1990.103287 1984.055828 1977.330582 1982.787956 1989.237055 1998.146763
1963.498482 1983.163905 2003.846677 2006.905632 1996.658297 1988.978386 1983.527119 1984.329752 1987.810268 1984.934714 1980.733678 1974.958914 1984.640035 1986.272698 1987.684337 1991.384292 1994.353595 1998.779125 2001.698029 2007.311371 2016.505521 2019.457723 2020.130742 2020.400768 2018.658359 2015.622073 2013.876095 2011.221941 2006.088886 2004.738970 2004.765042 2004.031639 2008.546823 2009.980376 2012.171559 2005.929835 2009.714455 2015.709484 2022.314152 2028.027010 2034.023401 2036.823213 2032.974924 2032.152426 2023.133562 2008.784156 1997.696883 1989.183142 1987.782501 1984.079695 1975.475028 1961.522830 1968.367890 1983.357352 1987.257849
1970.090960 1979.705776 1991.411483 1994.650958 1990.093234 1992.301430 1994.480784 1996.362664 1995.199609 1992.507650 1989.967980 2002.022404 2011.412371 2013.518004 2016.698862 2020.952765 2021.481167 2010.478715 2008.582645 2016.653908 2026.869231 2032.537756 2032.909546 2032.856029 2030.193569 2029.245322 2029.063579 2027.162850 2027.410895 2029.480124 2028.354869 2032.185239 2037.717406 2040.775441 2034.050575 2025.136727 2026.469431 2034.362370 2042.759252 2049.886254 2059.866268 2070.382145 2069.320332 2063.510490 2053.987640 2040.166898 2016.409914 1997.076668 1985.389025 1977.021757 1968.924248 1969.394482 1964.665740 1976.189643 1977.029116
1965.095504 1984.440913 2005.690025 2013.237493 2007.893822 2004.060440 2002.622801 2003.934396 2004.195606 2006.635149 2017.939645 2031.348148 2044.930015 2047.889772 2050.599077 2050.225270 2042.277964 2032.425879 2029.530329 2043.884443 2060.608596 2068.888736 2069.176358 2066.951589 2072.216998 2071.656304 2071.076072 2067.016976 2068.541548 2068.288778 2076.138079 2083.756826 2091.181345 2089.508051 2077.224563 2065.259242 2064.241555 2068.043126 2072.755840 2079.235780 2088.945226 2097.789025 2092.160567 2085.187432 2075.592548 2047.522807 2021.531727 2004.969711 2004.249498 2003.678080 1997.983307 1994.311922 1991.106446 1984.437842 1983.280725
2009.513510 2030.575566 2051.459179 2066.676469 2061.489195 2054.455124 2045.832256 2046.949734 2049.459435 2057.163071 2069.565565 2085.431662 2108.916253 2110.762625 2113.185978 2114.526286 2103.085694 2090.869968 2080.681930 2100.697097 2111.519947 2119.626999 2119.533755 2127.325616 2136.725791 2132.757477 2125.687372 2114.766423 2120.835565 2130.249679 2145.327671 2152.571488 2156.968996 2154.110366 2141.655220 2135.329974 2135.048360 2138.935813 2137.855914 2143.835287 2152.870139 2167.187429 2165.569458 2158.364168 2136.237482 2098.460161 2065.458005 2047.531009 2054.666879 2047.203479 2039.351838 2036.088491 2022.326361 2011.997980 2012.038133
2056.020570 2072.787220 2090.967061 2109.183843 2103.377253 2093.837013 2079.966128 2079.073999 2085.799614 2096.592774 2115.511664 2136.669491 2159.198537 2163.639182 2162.885908 2172.920457 2166.846064 2157.364400 2149.887815 2165.896452 2177.241429 2188.355218 2196.376931 2209.120908 2220.207738 2207.642321 2193.540298 2186.160657 2192.243965 2214.535048 2234.003151 2238.886037 2239.034020 2240.082099 2228.135483 2222.229215 2216.958904 2214.093638 2209.444251 2205.964393 2226.740688 2244.746065 2242.957968 2219.719666 2195.484242 2157.003041 2118.436392 2088.858329 2093.311091 2089.149688 2088.872783 2074.953814 2060.036065 2046.599096 2038.954618
2126.277021 2152.762748 2172.288484 2194.432454 2191.681636 2173.103480 2162.482760 2167.034630 2180.735218 2188.918409 2206.201132 2227.570379 2256.883197 2274.425219 2290.421135 2295.297283 2287.841412 2279.488090 2267.292408 2268.877160 2289.244474 2301.549145 2311.387995 2321.170933 2333.726447 2336.996147 2332.573126 2331.584141 2335.361863 2345.255134 2356.584005 2363.196305 2367.336930 2371.139667 2362.991761 2351.559758 2347.259113 2339.923284 2335.417257 2333.271756 2339.269510 2353.854358 2350.476350 2318.910362 2291.062999 2256.566442 2218.167498 2186.907473 2173.609166 2184.313085 2176.181563 2157.784312 2141.297240 2109.444737 2096.994058
2214.220265 2249.341294 2276.266513 2290.117341 2301.734257 2293.402877 2294.221767 2299.062719 2307.515956 2312.309172 2320.075050 2352.802831 2387.230692 2414.818643 2438.742059 2447.214689 2436.457651 2427.108876 2414.847780 2406.045797 2413.560195 2429.467128 2446.688175 2462.039354 2473.312014 2476.248747 2474.837215 2475.094648 2477.724521 2480.622723 2484.141360 2491.267530 2498.731591 2508.687572 2518.274057 2510.051102 2492.392211 2481.261856 2469.460173 2465.993090 2465.277988 2465.416631 2465.030997 2452.317254 2415.202980 2384.370987 2351.671768 2326.266247 2307.801329 2298.926279 2278.497557 2254.045899 2204.727423 2165.000661 2130.896958
2318.561352 2361.541715 2392.213111 2413.949070 2428.896563 2429.992251 2433.008617 2435.713858 2441.330646 2445.910718 2451.601847 2476.595994 2517.019753 2555.662136 2586.444788 2588.919420 2577.919676 2567.440183 2557.939090 2545.789508 2542.334326 2552.481026 2565.624603 2583.616526 2594.501185 2602.311781 2599.873968 2600.233954 2601.788533 2603.511151 2605.337098 2608.041594 2616.284060 2629.704784 2642.332545 2642.223948 2625.987846 2608.824164 2591.967492 2586.653956 2581.830617 2575.816421 2576.205430 2576.534554 2564.162004 2535.052214 2495.769485 2453.344371 2430.431868 2410.871512 2397.398744 2379.806559 2345.990783 2286.305528 2250.652047
2445.257254 2477.031213 2508.161967 2539.621381 2557.304386 2563.285336 2563.174765 2564.463032 2572.388252 2577.627513 2586.090632 2602.657226 2630.906618 2663.291266 2691.685094 2708.308673 2702.930022 2688.068571 2668.687186 2661.386366 2659.377315 2662.142643 2670.061577 2680.306083 2697.587860 2715.161378 2721.995725 2722.879220 2719.302898 2722.686053 2724.203459 2724.306633 2726.205486 2732.650338 2740.851918 2743.482926 2736.731309 2716.752052 2694.683630 2681.465598 2673.440411 2668.907062 2667.678938 2670.009711 2670.407905 2656.236638 2623.560854 2581.792275 2549.207923 2529.443609 2513.452415 2497.338141 2484.037856 2456.803438 2436.153975
2564.763538 2580.537184 2608.528280 2636.992973 2660.701481 2676.953991 2679.977225 2685.068067 2690.520557 2699.684245 2715.559283 2738.472545 2755.519820 2775.463257 2799.418124 2813.845464 2819.362978 2818.718783 2816.041510 2817.396798 2817.464992 2773.122853 2777.512949 2781.885353 2793.797670 2805.413553 2809.693921 2810.182729 2808.272939 2809.907975 2810.517434 2810.517733 2810.088095 2811.102901 2814.495417 2815.607667 2813.544032 2803.475232 2813.655180 2795.010631 2782.116135 2773.978954 2765.649827 2756.798726 2746.703216 2736.000973 2715.730438 2686.142036 2651.749300 2626.898345 2616.013204 2608.084906 2599.076241 2592.066639 2574.704564
2672.447623 2684.591017 2702.470545 2724.671723 2757.168368 2779.032510 2790.458052 2799.777757 2804.867635 2818.170922 2833.337624 2823.389573 2829.613476 2835.859337 2841.936460 2843.941733 2844.366704 2843.828756 2841.195164 2840.227519 2837.751477 2833.272788 2822.949347 2824.140184 2825.592541 2827.991193 2831.560621 2830.323375 2831.300075 2834.239253 2832.605631 2826.822410 2822.927440 2821.236658 2821.810283 2828.876310 2831.977729 2832.649154 2830.367005 2829.500237 2828.750151 2826.303876 2823.236887 2818.864825 2813.161158 2821.639587 2809.904676 2783.813179 2746.661874 2706.958201 2695.276079 2692.929512 2691.871241 2688.426606 2681.388694
2796.711214 2810.181864 2824.584164 2812.777670 2829.378105 2837.976145 2842.096182 2845.577758 2848.214100 2850.297018 2847.128386 2843.819797 2838.864207 2837.158285 2835.451886 2832.591633 2832.699497 2830.214231 2825.621612 2821.179928 2813.296875 2801.543622 2789.732461 2786.197124 2790.239155 2795.263317 2799.817491 2803.523347 2806.969223 2807.485985 2802.379793 2794.257677 2786.935428 2785.068523 2791.591092 2797.129732 2802.937758 2803.755261 2802.537165 2800.575347 2800.914601 2798.498767 2799.293310 2806.406602 2820.581327 2825.000623 2829.139483 2828.320119 2816.089253 2793.985718 2795.372176 2775.197598 2779.221073 2773.875601 2761.700795
2840.339746 2842.798495 2841.956060 2840.668882 2834.602894 2828.632872 2827.698175 2831.329950 2837.848716 2838.560153 2831.058586 2822.067575 2814.366727 2806.603349 2803.602337 2801.863536 2800.558145 2799.976801 2793.823484 2784.363126 2767.203288 2754.813923 2742.966589 2736.379264 2733.065564 2736.913301 2747.122332 2757.756550 2762.467420 2754.486758 2746.561214 2735.385163 2727.346749 2727.650577 2729.276853 2738.479625 2753.834109 2760.058364 2761.182617 2756.001627 2751.262346 2745.860241 2744.230050 2751.688952 2767.516399 2784.261402 2799.379668 2808.389185 2816.099487 2822.903286 2823.959331 2825.860489 2826.758762 2824.940434 2825.381347
2835.893237 2829.139544 2822.200137 2816.688214 2809.667048 2803.526387 2801.043455 2802.415329 2803.997641 2799.410749 2791.880156 2780.597668 2768.606254 2757.867142 2749.872628 2749.589658 2750.654697 2750.802672 2742.920964 2726.945616 2707.216393 2692.894601 2678.263245 2673.623710 2667.742367 2661.458872 2671.448267 2689.517527 2696.132957 2681.407593 2671.086540 2656.504477 2649.607427 2646.140029 2647.377053 2656.642648 2677.917118 2699.897580 2702.168013 2692.767972 2683.694366 2680.216395 2678.640323 2685.403617 2703.890338 2726.297299 2742.848617 2753.807022 2760.170237 2768.847781 2778.935021 2792.835809 2807.211998 2819.123841 2825.843725
2809.946211 2801.674914 2793.346393 2784.928792 2776.949369 2769.453517 2764.004585 2760.768440 2756.262683 2748.969847 2740.453999 2720.230358 2706.593121 2692.882457 2677.338295 2672.359359 2667.198563 2667.340632 2654.997969 2645.083553 2627.343030 2611.268719 2594.780202 2582.204490 2575.917246 2569.271404 2570.145363 2584.273481 2592.806909 2581.470768 2571.531524 2559.926419 2554.715210 2551.516435 2553.875189 2564.444004 2585.518568 2604.459093 2612.865231 2606.260322 2604.362251 2604.830058 2605.030745 2612.479178 2626.300851 2646.085306 2668.972311 2687.859523 2698.867667 2707.466690 2718.316907 2734.759570 2749.843696 2764.777812 2782.946010
2774.742683 2764.464105 2753.576650 2742.808388 2730.889398 2717.636242 2709.859396 2710.301676 2702.507450 2695.001745 2674.468668 2622.848746 2601.825451 2582.044675 2564.965265 2557.375009 2548.145878 2534.758559 2524.825462 2518.417453 2515.533314 2499.991821 2481.147602 2463.555390 2458.035412 2453.822999 2440.213981 2439.816192 2441.433980 2451.818848 2445.200941 2441.881544 2441.984216 2439.726859 2442.165101 2455.646520 2465.752828 2474.028215 2481.306935 2484.203743 2494.259525 2503.587942 2512.543495 2530.567731 2544.160907 2562.000370 2584.417914 2610.844882 2626.948182 2638.079802 2650.193067 2666.800294 2684.509466 2703.336779 2726.833138
2732.618115 2714.920910 2699.564084 2684.102616 2670.066212 2656.323150 2640.419636 2640.170749 2635.711453 2624.582863 2574.488026 2531.490792 2496.199609 2477.154566 2452.999184 2439.140429 2423.863125 2390.059152 2373.184606 2369.318186 2378.863256 2372.024011 2355.765320 2342.579346 2333.447356 2325.067265 2309.416413 2295.120705 2300.431010 2315.912550 2314.424510 2315.569547 2321.830666 2320.971118 2316.098009 2317.547603 2331.101607 2338.391914 2349.704313 2365.413392 2371.169033 2385.424925 2417.049426 2431.877792 2448.646813 2469.556397 2492.478280 2517.469134 2540.993995 2556.567215 2573.299514 2593.768344 2612.257426 2634.361898 2658.752686
2673.320606 2643.479413 2622.140249 2603.741408 2583.776045 2558.306683 2536.505970 2532.488106 2524.208611 2497.928946 2446.212009 2407.091783 2379.837520 2356.857353 2332.283451 2309.668409 2275.732505 2241.721431 2219.977602 2230.299188 2239.090651 2245.314757 2232.528067 2220.661381 2210.621579 2194.386479 2178.151237 2163.888104 2173.689177 2182.219576 2196.371156 2201.804126 2205.759757 2210.335828 2209.324406 2201.817480 2201.839613 2210.789760 2221.564895 2233.736780 2252.659527 2286.700463 2312.688405 2331.938667 2354.117843 2375.346454 2399.141918 2424.217744 2448.323115 2466.891195 2487.307924 2508.888655 2531.893884 2553.745396 2579.364691
2589.182584 2560.377050 2532.804318 2508.408181 2476.799886 2432.476183 2416.218102 2405.805145 2386.638322 2343.143010 2300.284062 2272.041655 2253.410226 2228.819891 2205.834667 2177.089929 2143.917686 2119.693271 2098.909162 2107.103615 2115.409257 2131.115536 2120.730271 2111.800408 2107.218444 2092.027342 2078.415065 2062.848717 2069.646778 2080.748217 2101.382600 2106.621604 2110.586171 2119.083521 2118.483504 2115.201786 2102.015234 2110.141741 2121.410253 2136.410538 2166.663479 2191.092756 2215.363741 2238.196242 2259.535911 2283.442081 2308.237473 2333.526735 2361.435279 2382.878373 2403.785410 2427.112051 2448.804187 2467.091675 2487.663466
2473.588500 2447.972178 2426.053754 2400.780294 2359.926629 2315.128941 2275.982087 2252.950026 2206.232606 2171.034575 2143.622238 2134.762565 2119.261128 2097.514451 2076.779180 2055.938016 2031.825763 2010.973940 1986.028791 1990.278324 2004.177045 2019.488172 2017.441847 2016.211708 2013.863490 2003.644337 1990.066496 1976.453657 1980.106511 1996.327088 2013.823706 2022.810404 2030.195614 2038.058521 2038.232972 2030.236720 2021.349122 2026.995500 2042.368400 2059.281529 2079.158886 2101.435973 2123.823550 2145.500151 2169.381206 2193.811095 2218.673216 2245.563895 2274.401257 2297.116946 2322.610323 2348.957868 2368.831627 2381.211066 2393.851177
2362.671943 2341.187041 2316.640527 2288.661796 2246.418065 2205.021248 2162.797546 2118.514992 2084.662115 2054.159380 2042.021525 2024.689013 2008.982794 1992.488346 1971.524553 1953.498675 1936.662810 1914.794617 1901.067532 1907.123527 1920.044234 1929.216537 1934.023711 1931.379014 1928.631606 1922.122338 1908.278728 1901.537456 1910.854818 1926.105121 1940.333846 1951.377049 1958.334280 1964.057930 1961.418923 1952.991963 1949.168073 1957.723229 1973.685280 1988.329749 2004.843443 2026.536963 2048.094674 2070.728572 2094.415032 2117.911029 2143.883631 2170.662351 2198.166375 2226.244580 2250.850988 2273.078077 2284.971181 2297.281890 2302.463055
2231.500728 2217.005217 2190.804838 2162.039308 2130.668734 2094.744124 2067.106324 2034.858676 2003.919097 1973.860396 1947.839163 1933.062772 1924.904788 1910.896319 1892.697431 1880.281057 1863.941800 1850.408341 1853.486927 1855.147526 1864.257534 1863.491760 1864.101764 1861.299452 1860.385167 1857.190700 1849.082228 1858.777419 1865.716901 1879.643061 1890.022163 1899.679960 1905.775613 1909.739540 1910.537752 1905.639229 1910.777235 1917.661333 1932.099315 1943.992376 1958.676171 1979.521573 1997.300231 2017.229621 2040.336362 2064.249749 2089.282283 2116.058078 2145.045407 2171.042586 2191.125951 2200.731529 2212.351896 2217.633366 2210.978174
