tests/Borden05m/sims/sim_1/output-maps/psiliqL0009N0003.asc
ncols         160
nrows         34
xllcorner     620200.000000
yllcorner     5168000.000000
cellsize      0.500000
NODATA_value  -9999.0
[rows 0 to 25 of 34, columns 57 to 113 of 160]
-9999.0 -9999.0 -9999.0 -9999.0 -9999.0 -9999.0 -9999.0 -9999.0 -9999.0 -9999.0 -9999.0 -9999.0 -9999.0 -9999.0 -9999.0 -9999.0 -9999.0 -9999.0 -9999.0 -9999.0 -9999.0 -9999.0 -9999.0 -9999.0 -9999.0 -9999.0 -9999.0 -9999.0 -9999.0 -9999.0 -9999.0 -9999.0 -9999.0 -9999.0 -9999.0 -9999.0 -9999.0 -9999.0 -9999.0 -9999.0 -9999.0 -9999.0 -9999.0 -9999.0 -9999.0 -9999.0 -9999.0 -9999.0 -9999.0 -9999.0 -9999.0 -9999.0 -9999.0 -9999.0 -9999.0 -9999.0 -9999.0
-9999.0 -9999.0 7.785431 2.191205 -3.270252 -8.423093 -17.655096 -27.065103 -35.854384 -39.972136 -40.994471 -41.939256 -42.402342 -37.133673 -29.200895 -21.589274 -14.375694 -12.008763 -9.582936 -7.267983 -6.744938 -8.043499 -11.311892 -14.624837 -18.059973 -19.553360 -27.930072 -39.488027 -48.536162 -51.343856 -46.811688 -42.237309 -39.652191 -33.478789 -22.475635 -11.435107 -2.737666 9.118094 14.729344 19.948887 23.218078 19.270839 15.831476 12.243993 7.582584 -3.380007 -9999.0 -9999.0 -9999.0 -9999.0 -9999.0 -9999.0 -9999.0 -9999.0 -9999.0 -9999.0 -9999.0
-9.953236 -6.709263 -17.603379 -22.504657 -25.943522 -28.268799 -33.547755 -42.519711 -48.090240 -53.717605 -55.544811 -55.655013 -55.684679 -51.534292 -41.620408 -33.641145 -28.863027 -26.439525 -23.955225 -23.898326 -24.391975 -24.781396 -27.699663 -31.145949 -34.573911 -36.389961 -36.340762 -44.027758 -49.438530 -52.758382 -54.018510 -51.526651 -49.162396 -46.041359 -36.282555 -27.857296 -19.436899 -5.185769 7.197787 12.488292 10.175260 5.247207 1.650605 -4.644270 -14.354620 -24.739791 -35.119491 -42.281488 -47.631799 -52.819679 -46.574736 -39.986403 -29.584539 -19.292880 -7.116823 5.126636 -9999.0
-26.229437 -23.476496 -34.469801 -43.066021 -47.697721 -47.793221 -45.753448 -49.644382 -54.518346 -58.908396 -51.106777 -49.961549 -48.882135 -45.721839 -42.388659 -40.022328 -37.265837 -31.947985 -22.975846 -20.333734 -19.823003 -19.699342 -21.527902 -24.645569 -26.439867 -29.226844 -34.460879 -35.409806 -34.995362 -34.978396 -29.742462 -28.234805 -26.835603 -33.829631 -30.414970 -24.053454 -17.062016 -10.007013 -2.943232 1.705982 -1.334434 -2.444937 -10.655133 -24.351847 -35.713628 -44.370884 -46.805467 -49.901896 -57.533404 -69.691410 -62.623272 -46.889751 -42.063358 -38.252759 -26.188590 -13.772005 -3.466975
-41.821341 -38.982504 -44.257162 -43.472285 -42.209256 -40.908288 -42.712485 -45.888947 -47.470976 -34.629221 -25.183164 -23.561827 -20.747420 -17.425994 -18.709492 -31.149508 -33.841422 -25.315333 -14.804191 -8.857404 -8.665075 -8.672639 -10.229822 -11.219221 -11.698986 -14.074098 -12.984205 -10.354776 -9.699689 -4.597998 1.086079 3.852295 -4.718506 -14.023411 -13.522996 -5.830877 2.177146 9.617702 20.653411 32.396145 31.174670 25.446982 16.535298 2.858512 -20.648357 -40.577943 -51.148759 -57.746869 -64.644074 -65.261289 -67.449105 -56.619630 -54.702807 -52.843410 -44.135352 -33.679323 -23.449963
-28.573832 -20.478146 -26.790441 -32.678261 -36.305567 -35.890669 -35.744708 -32.326083 -19.101004 -5.140998 9.959900 12.588155 15.077122 14.670609 4.845677 -5.639091 -9.990516 5.117773 21.082120 29.504509 30.587078 31.172334 39.386543 37.561940 35.076678 29.647389 32.099695 34.840858 46.195755 53.796007 60.587392 58.633889 46.733207 35.576325 33.589151 35.540267 37.702234 43.603259 54.079977 64.246319 59.285923 51.712442 41.093734 11.810611 -16.383182 -33.610033 -32.984700 -32.544181 -37.137914 -40.239326 -43.840494 -51.363581 -51.734833 -52.284162 -52.727573 -40.617247 -28.284795
17.693619 33.808888 27.666071 18.887698 7.674386 7.939814 11.405641 19.817566 33.327431 52.036830 76.560631 80.388814 84.374543 88.260857 77.270138 64.800519 52.848889 69.031136 79.046992 88.520378 92.221072 104.287252 115.147828 110.605003 102.162377 92.578025 99.248881 113.040054 128.306450 134.838326 138.317464 138.297654 128.105396 122.533920 119.800563 120.286685 116.424678 119.432459 130.214430 145.355218 145.047392 133.974684 110.382731 73.371790 37.461628 14.785424 18.883489 12.192725 5.881950 1.529084 -12.813428 -24.423328 -24.805129 -34.514881 -40.905683 -29.501076 -23.482957
63.943508 82.254712 78.342631 67.035618 54.339774 54.345228 62.713742 72.652498 92.257471 117.147763 143.012399 155.421982 162.717822 172.490665 165.616952 155.689683 146.195495 153.323237 166.329014 179.661612 192.590725 207.484177 221.190775 215.113596 205.473257 202.464159 207.400490 225.461900 241.308615 246.889606 249.300331 253.529473 246.714337 239.090347 230.646577 222.866800 215.231125 209.730384 224.831147 238.877829 235.831010 210.789688 184.871177 148.529400 109.913039 74.722903 69.634221 67.514442 65.602073 49.711486 33.700769 14.779277 3.481967 -5.990386 -21.316635 -16.835825 -11.426466
161.560788 182.472759 186.708053 172.057402 166.723010 172.116874 184.694031 192.306384 207.993029 236.577822 273.111956 301.324137 326.885009 332.920313 322.630006 310.571976 294.334360 288.448874 303.714567 318.785268 335.444773 353.072926 370.071151 380.181086 380.584559 381.391814 384.770677 390.165727 397.815062 405.197576 412.112877 419.240861 418.877781 408.866647 399.881542 388.829815 378.887967 374.152620 371.633965 376.953808 372.417528 346.065640 314.082998 278.735446 238.837261 204.246371 181.128674 181.704769 167.505682 148.779376 126.534241 88.944246 68.985627 51.139435 20.120061 14.751034 24.362746
278.456766 296.620375 313.384815 312.807109 316.193800 321.042105 329.953755 338.987164 351.891531 389.677414 431.412782 470.908645 505.144589 518.365961 505.665370 489.292380 471.921936 459.063295 461.821428 481.346690 508.877995 537.456944 556.478189 564.492323 565.288975 566.594803 568.722436 572.014944 574.756928 580.134859 587.086405 597.134649 608.530027 603.914161 587.495502 574.610870 559.439759 551.708119 545.707516 536.523802 530.103814 517.756890 478.922180 441.648455 401.757445 362.529864 331.556422 308.509262 286.268912 263.244160 218.350670 176.034316 138.674959 107.395156 76.229464 70.153744 93.825305
422.792376 454.430522 474.711688 482.122663 486.396303 492.134473 503.789174 517.828057 534.896570 561.712490 601.420906 641.515108 674.514663 681.164973 671.136914 657.291545 643.305927 632.446596 630.570829 641.364383 658.702592 681.621171 698.502587 711.475862 712.720175 713.808184 714.154454 716.165557 717.803471 718.965765 724.380985 733.930423 742.976235 744.492631 734.352690 719.990794 704.476964 696.501353 687.869116 678.373464 673.447244 668.072167 656.269406 626.801773 586.102024 533.656143 489.220853 455.840561 436.809514 418.045133 394.284213 343.954638 310.831605 270.485964 229.260020 199.933190 229.838353
581.257742 615.413658 636.890244 646.865197 648.706656 653.001894 663.513984 675.538715 691.606960 710.367946 731.192171 756.567253 780.706262 796.949651 793.230089 781.535296 765.723699 762.204250 762.703505 766.723365 775.855287 785.691616 801.407906 816.216806 821.505695 822.398225 820.342915 822.323243 823.277999 823.266012 823.352896 826.126167 831.446008 833.649308 831.035054 819.285192 803.368278 790.437570 782.047236 776.649973 772.249578 770.014939 765.728775 752.996783 725.186252 686.480186 646.123171 617.731654 598.513023 583.340866 569.852137 549.121952 521.063271 476.561869 422.041970 375.280181 357.663459
706.100092 731.660723 754.109519 768.789537 772.487300 778.310753 783.509480 794.807921 810.814546 827.654388 838.398921 851.099031 868.099567 877.771687 882.678640 883.357924 883.277592 885.834207 887.075918 875.235803 879.106516 882.601794 887.214850 892.800442 894.296437 894.427940 893.938072 894.880477 895.275858 895.768319 895.559795 894.653972 895.530637 895.952296 895.972041 892.695006 892.243056 878.277027 868.485097 862.061238 854.788072 846.009823 836.234566 826.993845 813.352942 789.854627 759.217093 732.758152 721.862101 715.567787 708.225922 698.977949 677.209302 646.849667 609.266331 562.327416 511.565732
801.847398 818.910068 840.579106 854.905128 862.786131 869.553544 873.733910 884.914462 896.609718 894.915990 896.313136 897.469872 898.440883 898.438342 898.259572 898.188576 896.504853 897.220924 897.246406 894.106531 886.839064 889.373561 890.979101 893.094309 895.970186 894.147429 894.796299 897.808818 896.946873 892.476844 889.746890 888.471167 888.653747 895.434355 898.504482 899.786820 900.536248 901.065589 901.816152 901.647273 900.728282 898.872205 896.425877 895.468306 887.005757 868.093058 841.786169 813.832301 801.508931 797.198954 797.662798 793.030998 784.661511 764.284598 736.561675 699.359896 656.580301
894.384034 897.267474 901.300519 902.830811 903.185155 904.391396 906.134064 906.334816 903.128175 899.658561 895.157868 893.858849 892.200572 889.414606 889.756508 887.942826 884.942026 883.191121 879.629763 872.081156 863.184188 862.098989 866.446370 870.064596 872.660236 874.229160 876.760442 878.388478 874.981841 868.986684 863.576078 862.258561 868.337853 873.305630 877.716189 878.578736 878.106831 877.561629 879.147549 877.907004 878.549117 883.646020 894.455762 899.796248 900.421768 900.462207 897.805627 892.555516 880.751519 863.293485 866.028869 861.304920 850.357403 831.592408 811.320857 785.958487 760.142671
901.986090 900.332076 894.790747 889.124680 888.141483 891.405784 897.639318 898.904587 892.399319 884.967310 878.927391 872.939717 870.761176 868.730318 867.467398 867.523375 863.598470 858.934436 847.946676 840.079108 831.641608 826.612855 824.587763 828.082206 834.925752 841.589895 845.130833 839.764887 833.945079 825.577626 819.256594 820.363598 823.349528 831.893019 844.237174 847.907646 849.539571 846.728839 844.796436 840.640375 839.250719 844.681941 856.507406 868.059910 878.516938 884.869876 891.344030 897.318193 902.651744 902.971217 902.384372 900.914363 897.899712 884.847174 868.164886 849.880152 830.677475
886.229232 882.660279 877.227748 872.179688 870.592868 872.705704 875.419128 872.460598 866.404267 857.393937 847.697210 838.446002 832.073544 831.232597 831.846566 832.014770 827.285706 816.437041 803.581906 794.042911 782.689929 778.679643 772.195152 766.322965 774.110129 788.242922 793.212147 780.834918 771.558636 758.494440 751.924428 750.383123 753.773124 765.110539 785.160997 803.526573 805.985094 799.260806 792.791997 789.857213 788.120185 793.914620 809.515377 825.968331 837.932877 845.633504 850.320103 857.474027 865.647669 875.250422 885.335469 893.423603 901.144159 902.454875 901.621427 899.752048 887.664028
868.438798 862.850563 857.387950 852.141922 848.058466 845.423403 842.711473 836.705054 829.917731 818.000472 805.988163 793.132386 777.229046 770.466429 765.183417 765.308684 754.843028 746.147212 730.325255 717.551190 702.844582 690.968858 680.015256 669.433795 672.550598 688.476708 697.789429 682.077026 668.570063 652.480382 644.808964 642.629330 648.279838 665.144295 694.233811 716.605674 725.598833 720.267939 716.577644 715.509759 715.685580 721.351953 736.316045 756.585845 777.563373 792.967591 802.155812 809.936040 819.609297 832.313015 843.490582 853.914136 866.863477 882.176496 893.645575 901.468164 906.044190
843.517777 835.931388 826.672185 816.368143 809.746547 809.340939 801.507129 793.602735 778.495975 732.736684 712.260685 689.229755 666.222719 652.757026 639.705597 629.929537 618.995549 611.863213 603.379459 587.629524 568.520797 547.873969 534.521324 523.235799 514.002793 523.721081 529.069599 527.236438 513.466486 500.699710 494.485833 492.476687 501.646950 526.549994 550.503164 568.349941 577.916025 577.344760 585.047314 592.359621 596.552799 614.337502 632.428306 657.419036 687.163332 715.460096 731.450557 743.988819 757.967528 775.117537 791.345705 806.525448 825.536050 845.531032 857.706421 866.231360 876.140674
806.245709 792.680172 778.735823 763.216359 747.768960 745.227180 738.303392 725.993612 681.176099 627.538952 585.663708 556.951983 522.294451 499.695134 481.725028 452.374726 435.487005 426.557969 428.325011 415.569935 395.398619 376.991725 364.939084 355.617501 342.467541 336.569288 341.409707 351.037914 342.765612 337.435164 339.332024 337.678972 337.731920 350.339612 370.955207 383.846430 395.913317 407.488639 412.935116 421.732016 448.731391 466.920949 489.652927 523.079466 560.750020 594.390922 622.241300 643.956727 668.632016 695.914195 717.687771 741.030852 765.774063 793.042704 810.383636 823.245243 833.745174
733.642496 713.748404 690.193329 661.028309 632.247377 623.882895 611.225351 586.745156 529.288402 468.075553 423.079871 391.568260 359.420107 336.019522 307.493240 274.305454 253.254263 255.867409 262.062433 259.821390 244.230052 229.671759 218.018516 204.208232 188.713896 178.349403 186.444880 194.669696 199.746304 201.669926 204.871944 206.754624 206.558798 205.242604 214.722617 225.152783 236.463173 247.028007 258.886354 287.131064 312.567323 331.532231 356.108294 383.484769 415.661104 448.713545 479.541931 507.781726 543.059862 577.462078 609.728138 641.463755 677.444269 713.203542 740.141879 758.234557 775.143021
625.642126 593.997494 556.585487 502.739999 475.697814 460.048331 443.866753 403.319637 352.128367 304.793997 272.308983 243.535220 216.623266 188.745730 157.479737 129.739431 109.952136 116.328184 123.041262 132.554334 119.951870 107.669100 100.557739 85.729729 71.606304 57.677471 65.604157 74.948983 90.434735 93.851172 96.913779 103.219168 102.179702 100.499931 93.938904 103.177064 113.384563 126.455866 152.656548 177.426175 201.549251 222.821474 244.331801 269.118962 296.673835 325.055797 355.196659 381.274699 409.677881 441.805009 474.209677 508.909789 550.400017 590.704706 623.899630 653.722676 685.551560
474.453685 439.250582 394.908534 342.346542 304.192796 287.661006 251.075852 215.451273 174.843860 151.383576 129.997400 105.461570 82.907139 61.170976 34.545125 11.427851 -11.810239 -7.793118 4.448501 18.118593 11.068105 6.638316 3.214785 -8.369484 -22.040691 -35.559495 -31.878961 -17.119662 -0.601137 6.073745 12.296417 19.675494 19.765073 13.432200 5.245068 10.907681 24.335147 40.009697 61.267520 83.548024 105.273177 125.472933 148.096983 172.157536 197.017521 224.066674 252.510670 274.998378 302.394471 331.845069 358.298662 379.901018 406.538412 442.693179 473.623180 511.366667 553.050096
333.382470 302.000679 258.181300 212.827216 168.554017 131.199243 98.017203 66.206961 46.172808 26.356914 7.474289 -11.327879 -32.186377 -51.945777 -71.391732 -93.294578 -112.427837 -106.981066 -93.391050 -81.003029 -78.843628 -81.847340 -84.926042 -92.810039 -106.457880 -117.819046 -109.608267 -94.087391 -78.887653 -69.052869 -62.446477 -56.243100 -59.026638 -67.255041 -74.025405 -66.239034 -50.995285 -36.134671 -18.607357 2.589996 23.754661 45.011529 67.360114 89.907604 114.918104 140.889015 167.401125 193.619268 218.653635 243.269334 257.831307 273.498042 287.683069 310.501169 335.859653 365.777740 400.772649
198.439289 169.293000 134.638669 94.481759 62.525003 30.435149 -0.350201 -30.700147 -55.651881 -73.465107 -83.725151 -98.612310 -118.004495 -131.645233 -148.518903 -167.383622 -168.553612 -164.784717 -152.402562 -150.074349 -149.298931 -152.240486 -153.322960 -158.083210 -169.749303 -163.876455 -156.064361 -141.047660 -130.043915 -120.703669 -114.416632 -110.256263 -110.835805 -118.004972 -115.304304 -108.117269 -93.507189 -81.691054 -66.436450 -45.643242 -28.300194 -8.944385 12.847428 35.385789 59.209122 84.537451 111.908218 136.890927 157.584735 168.698437 181.123422 189.725857 187.648934 204.928143 223.408011 243.115146 271.437130
78.319719 52.327263 25.908723 -5.705670 -37.688377 -67.787729 -97.801119 -127.274650 -151.802650 -161.255033 -172.008953 -183.579103 -196.911986 -210.609072 -223.052616 -223.385604 -225.623386 -225.931454 -223.944915 -220.869528 -218.288237 -219.260293 -220.355484 -219.763255 -214.072232 -209.838869 -204.289275 -193.734074 -182.638699 -172.428708 -168.410371 -164.248449 -161.429148 -158.295765 -155.816835 -151.468129 -140.098853 -128.384972 -115.134988 -98.228888 -80.878786 -62.074726 -39.954404 -17.515667 6.479515 32.925442 59.731007 80.539895 91.053079 101.889200 106.984795 104.008885 101.491761 111.256558 125.713925 139.672337 163.312103
