tests/Borden05m/sims/sim_1/output-maps/psiliqL0022N0009.asc
ncols         160
nrows         34
xllcorner     620200.000000
yllcorner     5168000.000000
cellsize      0.500000
NODATA_value  -9999.0
[rows 0 to 24 of 34, columns 0 to 54 of 160]
-9999.0 -9999.0 -9999.0 -9999.0 -9999.0 -9999.0 -9999.0 -9999.0 -9999.0 -9999.0 -9999.0 -9999.0 -9999.0 -9999.0 -9999.0 -9999.0 -9999.0 -9999.0 -9999.0 -9999.0 -9999.0 -9999.0 -9999.0 -9999.0 -9999.0 -9999.0 -9999.0 -9999.0 -9999.0 -9999.0 -9999.0 -9999.0 -9999.0 -9999.0 -9999.0 -9999.0 -9999.0 -9999.0 -9999.0 -9999.0 -9999.0 -9999.0 -9999.0 -9999.0 -9999.0 -9999.0 -9999.0 -9999.0 -9999.0 -9999.0 -9999.0 -9999.0 -9999.0 -9999.0 -9999.0
-9999.0 -9999.0 -9999.0 -9999.0 -9999.0 -9999.0 -9999.0 -9999.0 -9999.0 -9999.0 -9999.0 -9999.0 -9999.0 -9999.0 -9999.0 -9999.0 -9999.0 -9999.0 -9999.0 -9999.0 -9999.0 -9999.0 -9999.0 -9999.0 -9999.0 -9999.0 -9999.0 -9999.0 -9999.0 -9999.0 -9999.0 -9999.0 -9999.0 -9999.0 -9999.0 -9999.0 -9999.0 -9999.0 -9999.0 -9999.0 -9999.0 -9999.0 -9999.0 -9999.0 -9999.0 -9999.0 -9999.0 -9999.0 -9999.0 -9999.0 -9999.0 -9999.0 -9999.0 -9999.0 -9999.0
-9999.0 -9999.0 -9999.0 -9999.0 -9999.0 -9999.0 -9999.0 -9999.0 -9999.0 -9999.0 -9999.0 -9999.0 -9999.0 -9999.0 -9999.0 -9999.0 -9999.0 -9999.0 -9999.0 -9999.0 -9999.0 -9999.0 -9999.0 -9999.0 -9999.0 -9999.0 -9999.0 -9999.0 -9999.0 -9999.0 -9999.0 -9999.0 -9999.0 -9999.0 -9999.0 -9999.0 -9999.0 -9999.0 -9999.0 -9999.0 -9999.0 -9999.0 -9999.0 -9999.0 -9999.0 -9999.0 -9999.0 2511.273825 2494.374878 2480.808130 2477.421838 2499.562461 2523.439394 2547.972142 2569.209825
-9999.0 -9999.0 -9999.0 -9999.0 -9999.0 -9999.0 -9999.0 -9999.0 -9999.0 -9999.0 -9999.0 -9999.0 -9999.0 -9999.0 -9999.0 -9999.0 -9999.0 -9999.0 -9999.0 -9999.0 -9999.0 -9999.0 -9999.0 -9999.0 -9999.0 -9999.0 -9999.0 -9999.0 -9999.0 -9999.0 -9999.0 -9999.0 -9999.0 -9999.0 -9999.0 -9999.0 -9999.0 -9999.0 -9999.0 -9999.0 2558.941508 2565.176268 2565.849362 2556.398247 2545.700583 2532.968844 2512.928180 2495.669540 2482.473522 2480.947483 2484.112232 2488.181593 2510.119688 2536.062395 2556.634614
-9999.0 -9999.0 -9999.0 -9999.0 -9999.0 -9999.0 -9999.0 -9999.0 -9999.0 -9999.0 -9999.0 -9999.0 -9999.0 -9999.0 -9999.0 -9999.0 -9999.0 -9999.0 -9999.0 -9999.0 -9999.0 -9999.0 -9999.0 -9999.0 -9999.0 -9999.0 -9999.0 -9999.0 -9999.0 -9999.0 -9999.0 -9999.0 -9999.0 -9999.0 2464.133074 2481.597339 2500.162297 2519.366866 2536.956102 2544.508012 2550.611229 2556.537881 2552.635529 2548.797205 2537.851105 2517.981144 2499.180371 2486.604356 2485.898806 2484.148013 2488.645971 2501.315832 2518.757491 2534.871105 2556.248463
-9999.0 -9999.0 -9999.0 -9999.0 -9999.0 -9999.0 -9999.0 -9999.0 -9999.0 -9999.0 -9999.0 -9999.0 -9999.0 -9999.0 -9999.0 -9999.0 -9999.0 -9999.0 -9999.0 -9999.0 -9999.0 -9999.0 -9999.0 -9999.0 -9999.0 -9999.0 -9999.0 -9999.0 2466.219263 2460.716978 2456.493451 2455.706486 2455.082234 2454.791586 2461.959502 2473.933469 2491.955729 2514.697963 2528.678818 2536.671552 2544.149922 2545.302768 2540.391169 2539.353919 2540.548687 2528.847801 2517.437348 2506.792131 2496.476437 2494.573953 2504.464052 2519.488776 2536.503949 2551.955511 2567.979638
-9999.0 -9999.0 -9999.0 -9999.0 -9999.0 -9999.0 -9999.0 -9999.0 -9999.0 -9999.0 -9999.0 -9999.0 -9999.0 -9999.0 -9999.0 -9999.0 -9999.0 -9999.0 -9999.0 -9999.0 -9999.0 -9999.0 -9999.0 2434.071211 2439.607754 2446.704411 2454.978792 2456.581752 2453.549867 2448.743306 2446.729372 2446.130888 2444.884976 2450.241013 2458.312883 2472.223703 2488.471746 2511.509651 2520.732271 2526.401578 2538.855065 2543.142133 2551.223912 2556.037954 2555.025419 2552.079196 2538.660323 2528.548760 2532.363534 2537.744871 2545.410170 2554.430125 2568.570351 2583.523414 2600.052384
-9999.0 -9999.0 -9999.0 -9999.0 -9999.0 -9999.0 -9999.0 -9999.0 -9999.0 -9999.0 -9999.0 -9999.0 -9999.0 -9999.0 -9999.0 -9999.0 -9999.0 -9999.0 -9999.0 2408.232329 2409.588941 2411.485742 2416.780980 2417.640727 2420.060557 2427.569845 2436.372659 2439.890510 2438.587899 2438.301430 2440.575154 2444.128766 2449.555504 2461.188372 2475.594719 2490.475329 2504.474525 2526.075873 2541.436661 2555.010168 2571.388291 2572.458932 2569.704259 2568.927930 2569.863087 2569.501830 2570.442783 2571.446111 2578.469609 2581.241369 2586.453733 2596.358585 2608.512197 2626.246324 2645.269872
-9999.0 -9999.0 -9999.0 -9999.0 -9999.0 -9999.0 -9999.0 -9999.0 -9999.0 -9999.0 -9999.0 -9999.0 -9999.0 -9999.0 -9999.0 -9999.0 2378.658410 2380.810182 2383.608069 2389.467850 2393.439454 2397.982805 2405.510456 2407.461162 2411.686268 2419.565932 2424.983614 2434.980946 2444.121764 2452.146641 2458.919809 2462.325744 2470.022467 2480.239763 2492.659719 2507.793594 2529.094133 2553.279340 2569.878385 2587.471029 2605.591724 2607.170023 2606.670348 2608.170546 2608.115242 2611.441565 2627.488513 2632.289292 2629.915586 2642.595945 2655.920117 2660.408092 2670.022153 2690.796390 2714.430572
-9999.0 -9999.0 -9999.0 -9999.0 -9999.0 -9999.0 -9999.0 -9999.0 -9999.0 -9999.0 -9999.0 -9999.0 -9999.0 2328.925445 2333.379651 2343.973782 2355.285910 2358.747457 2364.113553 2371.236821 2384.036131 2388.341152 2395.065386 2403.110101 2416.438717 2425.979325 2435.788927 2448.438904 2457.449952 2465.364442 2472.853702 2477.559769 2490.530209 2505.875445 2521.642176 2542.005638 2564.701023 2584.575828 2604.003856 2621.110496 2634.493723 2634.491038 2634.761182 2638.085615 2644.862915 2661.747420 2680.282019 2684.540578 2697.684607 2719.856712 2732.149022 2742.043805 2750.451921 2765.393203 2787.639719
-9999.0 -9999.0 -9999.0 -9999.0 -9999.0 -9999.0 -9999.0 -9999.0 -9999.0 -9999.0 2298.202765 2300.438118 2297.486825 2296.271442 2302.529035 2315.542029 2330.574129 2337.208681 2349.842182 2371.820133 2390.972418 2394.951228 2409.526499 2420.948664 2428.756775 2439.775957 2453.631840 2466.807966 2483.501697 2496.258136 2506.865804 2525.140793 2541.942580 2559.155109 2577.546100 2598.781260 2616.716334 2642.981989 2671.201071 2682.893178 2702.966987 2709.747984 2707.484070 2707.801363 2718.402561 2732.814044 2751.062036 2770.154991 2788.806238 2812.595326 2826.387283 2840.815764 2851.762436 2864.180724 2880.748178
-9999.0 -9999.0 -9999.0 -9999.0 -9999.0 -9999.0 -9999.0 -9999.0 2272.306250 2280.660521 2286.981333 2284.516908 2280.827493 2276.465060 2291.701682 2308.163350 2324.963702 2343.943469 2360.500029 2379.550283 2394.741748 2410.913701 2432.307093 2444.624908 2456.734685 2472.954877 2487.263593 2503.899347 2525.557968 2536.030234 2550.131436 2571.182722 2588.585010 2606.951211 2626.565622 2644.944351 2670.346929 2703.223447 2734.977282 2755.133190 2782.984276 2801.931472 2799.501548 2801.023758 2805.163226 2830.637699 2859.174775 2889.480861 2820.166942 2841.928533 2869.624211 2886.885835 2896.026429 2907.110842 2920.854322
-9999.0 -9999.0 -9999.0 -9999.0 -9999.0 -9999.0 2242.816134 2267.647530 2283.523099 2275.908091 2264.068705 2260.355864 2255.919367 2285.241150 2308.571177 2326.983680 2344.837665 2363.434462 2380.725592 2391.755537 2424.304983 2444.481063 2458.638541 2475.015872 2490.919844 2506.814070 2524.837235 2548.121165 2568.186988 2593.676299 2614.519100 2635.060262 2662.679398 2682.609453 2702.030877 2719.243532 2749.936102 2785.601460 2822.475104 2850.227655 2876.941859 2822.622262 2822.409834 2825.038279 2828.104960 2850.069797 2882.154024 2910.680377 2940.233629 2970.556239 2997.285311 2988.933905 2997.011847 3006.506138 3018.439742
-9999.0 -9999.0 -9999.0 -9999.0 2208.811564 2230.048619 2249.828683 2280.803509 2303.834380 2299.830103 2306.101717 2306.032343 2303.772104 2309.688344 2318.793939 2337.672543 2357.925831 2378.472470 2395.300657 2427.065562 2474.533212 2488.821966 2510.146933 2542.009920 2555.668378 2571.837585 2589.280103 2612.149025 2634.757986 2667.307370 2706.787177 2740.691650 2765.574287 2786.606950 2808.380952 2829.285715 2865.505380 2817.063047 2849.984898 2881.356324 2907.829553 2930.854487 2939.046921 2944.504312 2954.620514 2970.792563 2992.000933 2999.272160 3030.268346 3061.235302 3084.192414 3093.586714 3099.012043 3108.168753 3116.045502
-9999.0 -9999.0 -9999.0 2155.898791 2195.176645 2234.683712 2261.523075 2292.857187 2326.158338 2329.004255 2339.133923 2342.281513 2344.940067 2353.126962 2359.964240 2378.309146 2397.325929 2417.332955 2441.184228 2477.842136 2510.912472 2534.920670 2565.887142 2587.428321 2605.216376 2621.161641 2641.426248 2664.789924 2706.050699 2740.993949 2788.906897 2842.060937 2877.460207 2815.314667 2834.621183 2860.923123 2884.908193 2919.035760 2952.278432 2983.515780 2995.193939 3016.523781 3031.327091 3036.100342 3044.713139 3050.708625 3063.807292 3083.472161 3104.674088 3133.689998 3161.653951 3185.904987 3199.873310 3209.869575 3225.889119
-9999.0 -9999.0 2107.608400 2146.757875 2179.492346 2228.114605 2281.983603 2317.905581 2359.119256 2381.353639 2387.566777 2402.358184 2417.258333 2422.785951 2436.269980 2452.797180 2475.391552 2485.753065 2507.039049 2530.243655 2573.720950 2613.756624 2621.091763 2667.934517 2701.867270 2734.749330 2755.522732 2784.373731 2823.772937 2862.436214 2823.749137 2870.164121 2904.237433 2930.308917 2945.452626 2964.418493 2984.401453 2990.166375 3023.757408 3049.314575 3080.210508 3104.673984 3124.048754 3126.344956 3129.180388 3144.367129 3170.231106 3196.103066 3222.387751 3248.510694 3240.095320 3258.358299 3266.516443 3271.069674 3278.227570
-9999.0 -9999.0 2078.591182 2124.826880 2161.919422 2223.738911 2308.811880 2345.410244 2388.061621 2435.868567 2453.735551 2478.650798 2481.872997 2481.182032 2503.668878 2523.715915 2543.849331 2553.834747 2552.613839 2607.881997 2666.263174 2702.746039 2725.707419 2801.065091 2853.357781 2877.075003 2812.118702 2829.743964 2850.348987 2889.195046 2927.749761 2979.643179 3003.008631 3031.002366 3044.648912 3062.506870 3080.861492 3095.157928 3113.261700 3155.769403 3184.959316 3212.712934 3241.699935 3261.814005 3269.414719 3273.340278 3253.298001 3268.497032 3278.845470 3283.310712 3285.009732 3281.347729 3280.712930 3281.459810 3282.392903
-9999.0 1986.530319 2039.112531 2090.925423 2157.484081 2221.827015 2300.874862 2379.157748 2444.180756 2497.028577 2526.458552 2529.606138 2546.125223 2580.563671 2605.478686 2628.968463 2636.836184 2648.304854 2635.898609 2691.736481 2736.274116 2795.652007 2824.075840 2877.950099 2932.712616 2930.421053 2919.080706 2926.202664 2944.231477 2987.817390 3042.600550 3092.987043 3151.499144 3193.562148 3208.513591 3214.613503 3231.724961 3251.042807 3213.657403 3248.089256 3263.709926 3276.790761 3283.180037 3284.985368 3285.994607 3285.809388 3282.257242 3275.469049 3267.460773 3261.743008 3257.597183 3253.095822 3255.522194 3258.829131 3259.258740
-9999.0 1949.192437 2007.515465 2077.416108 2146.770960 2202.214304 2293.601020 2453.297170 2515.031927 2555.573955 2570.543290 2566.761798 2634.694069 2700.849159 2732.829769 2781.495008 2773.889889 2764.612413 2740.395116 2771.993559 2816.971244 2810.166759 2963.898184 3033.844738 3074.625774 3082.572047 3084.677080 3111.054170 3150.934507 3190.899457 3229.861814 3209.290314 3248.866229 3268.106306 3272.139128 3272.706935 3277.037737 3275.878015 3274.036939 3269.776234 3264.753474 3264.892054 3269.239653 3269.055111 3266.178270 3262.943638 3257.336437 3249.910247 3244.624709 3240.013435 3237.332421 3234.449434 3232.644400 3232.223023 3227.654004
-9999.0 1912.572875 1986.357710 2046.910163 2100.327816 2200.630966 2330.630121 2473.749751 2571.528504 2609.934080 2607.291798 2659.173133 2763.883723 2823.096207 2872.728068 2894.310956 2881.995962 2843.215096 2831.003799 2873.610336 2940.023634 3030.332482 3148.428313 3235.183585 3248.425191 3251.120768 3213.011496 3233.528157 3252.543420 3254.754382 3255.642944 3261.634991 3266.561672 3269.317651 3267.812661 3264.937942 3260.191460 3252.127564 3247.288639 3243.741830 3240.065367 3239.117555 3241.281875 3242.848450 3240.134545 3236.288565 3231.829989 3226.248352 3220.104932 3213.443529 3209.300317 3205.189767 3203.121870 3197.932029 3194.271508
-9999.0 1797.374082 1891.260588 1937.199024 2026.099417 2210.665204 2340.392928 2486.023843 2647.543568 2678.131899 2737.163037 2834.873570 2945.924624 3012.582306 3042.895052 3076.885213 3100.946550 3117.749484 3151.814040 3059.486624 3128.900474 3207.572149 3243.248599 3258.714376 3264.978050 3265.279596 3255.937535 3235.659124 3225.035999 3218.294629 3219.899434 3227.109562 3231.988316 3236.939796 3234.691210 3235.544553 3236.243592 3232.925803 3229.076485 3220.571985 3212.835028 3206.474854 3203.710735 3208.570132 3203.876660 3201.296119 3195.268043 3187.157121 3180.691521 3173.397577 3165.661911 3159.182001 3156.890341 3151.844704 3150.689831
-9999.0 1716.572957 1790.801724 1860.944877 1981.598220 2146.487726 2255.178493 2417.901509 2650.322635 2781.968070 2901.807834 2982.584000 3044.584668 3090.267519 3142.180924 3188.611313 3212.586795 3221.991387 3197.203776 3213.793077 3175.318925 3164.774534 3179.670207 3206.869857 3222.039236 3225.774734 3217.624557 3207.947297 3200.726118 3199.603874 3197.705677 3194.474877 3191.130383 3187.997346 3184.856686 3187.448384 3192.461029 3185.779920 3178.219834 3169.316156 3161.232101 3152.376584 3146.626048 3142.443055 3142.364598 3142.541735 3135.104176 3124.836887 3114.340585 3106.274919 3099.105239 3094.417422 3091.960562 3087.204954 3078.876046
-9999.0 1603.783098 1732.957200 1815.613760 1919.796559 2052.194921 2165.045551 2322.412297 2461.145451 2699.636230 2817.501955 2976.744597 3013.871756 3076.894126 3126.094749 3193.351130 3190.249360 3159.701428 3119.408025 3102.792070 3110.905382 3119.100880 3128.069937 3143.472838 3160.432390 3169.983911 3173.764015 3167.148220 3153.130351 3141.703575 3132.059068 3119.697360 3111.090464 3109.040194 3111.943962 3120.934619 3122.024235 3112.859828 3099.328967 3082.459880 3067.514818 3056.219665 3053.979058 3056.326042 3057.139637 3053.374296 3047.413923 3037.001180 3024.699162 3012.784536 3006.774893 3002.319809 2995.363851 2985.382186 2992.924427
-9999.0 -9999.0 1650.855111 1760.413892 1859.152928 1974.704040 2073.658942 2201.517251 2346.986787 2524.295993 2645.188168 2810.564204 2859.790741 2902.653718 2940.955258 2985.224364 3006.505448 3032.254599 3020.284971 3028.323096 3035.965760 3040.484900 3046.314384 3053.229557 3064.028413 3073.447908 3082.506234 3079.796657 3070.839955 3051.515549 3027.776914 3009.391420 2999.513699 2991.096479 3002.202308 3014.289546 3009.692712 3002.958785 2991.187928 2993.739630 2981.342146 2967.352612 2963.806405 2963.854314 2964.283458 2961.814860 2958.740719 2948.468405 2936.144963 2925.717069 2921.266560 2915.529742 2911.377449 2901.374150 2891.192278
-9999.0 -9999.0 1563.865948 1669.710428 1776.315207 1896.165385 1986.395544 2022.313721 2165.419954 2275.300973 2384.185963 2494.001222 2588.357201 2659.875536 2700.294601 2765.167974 2819.430456 2840.028444 2812.491185 2856.012201 2886.813886 2921.643987 2942.628944 2951.235459 2964.008612 2977.931681 2985.770434 2971.872057 2960.847351 2944.145487 2923.648068 2898.405411 2885.519179 2884.030142 2884.160045 2886.898117 2879.993543 2870.967330 2856.800202 2843.108436 2830.834623 2821.195150 2817.467807 2812.652864 2810.692398 2807.975267 2808.066114 2891.302569 2881.232541 2874.622483 2865.308442 2859.645086 2856.854321 2851.371206 2843.342203
