tests/Borden05m/sims/sim_1/output-maps/psiliqL0009N0016.asc
ncols         160
nrows         34
xllcorner     620200.000000
yllcorner     5168000.000000
cellsize      0.500000
NODATA_value  -9999.0
[rows 0 to 25 of 34, columns 0 to 56 of 160]
-9999.0 -9999.0 -9999.0 -9999.0 -9999.0 -9999.0 -9999.0 -9999.0 -9999.0 -9999.0 -9999.0 -9999.0 -9999.0 -9999.0 -9999.0 -9999.0 -9999.0 -9999.0 -9999.0 -9999.0 -9999.0 -9999.0 -9999.0 -9999.0 -9999.0 -9999.0 -9999.0 -9999.0 -9999.0 -9999.0 -9999.0 -9999.0 -9999.0 -9999.0 -9999.0 -9999.0 -9999.0 -9999.0 -9999.0 -9999.0 -9999.0 -9999.0 -9999.0 -9999.0 -9999.0 -9999.0 -9999.0 -9999.0 -9999.0 -9999.0 -9999.0 -9999.0 -9999.0 -9999.0 -9999.0 -9999.0 -9999.0
-9999.0 -9999.0 -9999.0 -9999.0 -9999.0 -9999.0 -9999.0 -9999.0 -9999.0 -9999.0 -9999.0 -9999.0 -9999.0 -9999.0 -9999.0 -9999.0 -9999.0 -9999.0 -9999.0 -9999.0 -9999.0 -9999.0 -9999.0 -9999.0 -9999.0 -9999.0 -9999.0 -9999.0 -9999.0 -9999.0 -9999.0 -9999.0 -9999.0 -9999.0 -9999.0 -9999.0 -9999.0 -9999.0 -9999.0 -9999.0 -9999.0 -9999.0 -9999.0 -9999.0 -9999.0 -9999.0 -9999.0 -9999.0 -9999.0 -9999.0 -9999.0 -9999.0 -9999.0 -9999.0 -9999.0 -9999.0 -9999.0
-9999.0 -9999.0 -9999.0 -9999.0 -9999.0 -9999.0 -9999.0 -9999.0 -9999.0 -9999.0 -9999.0 -9999.0 -9999.0 -9999.0 -9999.0 -9999.0 -9999.0 -9999.0 -9999.0 -9999.0 -9999.0 -9999.0 -9999.0 -9999.0 -9999.0 -9999.0 -9999.0 -9999.0 -9999.0 -9999.0 -9999.0 -9999.0 -9999.0 -9999.0 -9999.0 -9999.0 -9999.0 -9999.0 -9999.0 -9999.0 -9999.0 -9999.0 -9999.0 -9999.0 -9999.0 -9999.0 -9999.0 -114.646417 -132.139825 -148.771268 -150.532233 -127.752727 -104.473964 -80.902940 -60.506740 -41.929803 -22.986453
-9999.0 -9999.0 -9999.0 -9999.0 -9999.0 -9999.0 -9999.0 -9999.0 -9999.0 -9999.0 -9999.0 -9999.0 -9999.0 -9999.0 -9999.0 -9999.0 -9999.0 -9999.0 -9999.0 -9999.0 -9999.0 -9999.0 -9999.0 -9999.0 -9999.0 -9999.0 -9999.0 -9999.0 -9999.0 -9999.0 -9999.0 -9999.0 -9999.0 -9999.0 -9999.0 -9999.0 -9999.0 -9999.0 -9999.0 -9999.0 -67.114667 -61.289678 -59.765537 -70.632578 -81.990553 -93.890219 -113.819453 -131.742991 -147.304403 -150.200471 -147.648255 -141.989186 -119.010397 -94.813020 -75.425628 -58.140137 -39.037131
-9999.0 -9999.0 -9999.0 -9999.0 -9999.0 -9999.0 -9999.0 -9999.0 -9999.0 -9999.0 -9999.0 -9999.0 -9999.0 -9999.0 -9999.0 -9999.0 -9999.0 -9999.0 -9999.0 -9999.0 -9999.0 -9999.0 -9999.0 -9999.0 -9999.0 -9999.0 -9999.0 -9999.0 -9999.0 -9999.0 -9999.0 -9999.0 -9999.0 -9999.0 -158.937581 -141.387068 -123.357744 -105.158836 -88.680369 -82.154423 -76.337264 -70.586122 -74.675052 -79.565100 -90.963045 -109.634591 -129.386880 -143.698367 -146.385460 -149.056767 -144.709249 -131.623904 -115.010615 -98.661261 -77.801518 -54.717540 -45.546863
-9999.0 -9999.0 -9999.0 -9999.0 -9999.0 -9999.0 -9999.0 -9999.0 -9999.0 -9999.0 -9999.0 -9999.0 -9999.0 -9999.0 -9999.0 -9999.0 -9999.0 -9999.0 -9999.0 -9999.0 -9999.0 -9999.0 -9999.0 -9999.0 -9999.0 -9999.0 -9999.0 -9999.0 -154.257642 -160.252434 -165.527694 -167.159819 -168.584956 -169.889352 -162.993456 -150.694899 -132.452553 -111.070715 -98.401842 -91.369581 -84.948925 -84.241697 -89.159587 -91.444892 -91.369099 -103.128832 -114.820771 -125.772766 -136.297457 -137.549512 -128.015908 -114.213446 -98.268805 -83.555282 -68.262066 -55.421745 -39.566354
-9999.0 -9999.0 -9999.0 -9999.0 -9999.0 -9999.0 -9999.0 -9999.0 -9999.0 -9999.0 -9999.0 -9999.0 -9999.0 -9999.0 -9999.0 -9999.0 -9999.0 -9999.0 -9999.0 -9999.0 -9999.0 -9999.0 -9999.0 -183.465723 -177.446502 -171.031194 -163.774966 -163.001123 -167.393710 -173.205211 -176.529441 -178.242904 -179.949664 -175.663496 -167.336046 -153.682071 -137.826844 -116.303797 -107.804807 -101.289997 -88.957395 -86.808680 -82.113054 -78.251655 -80.184801 -82.922386 -94.901408 -103.716044 -97.982117 -91.784286 -85.345338 -77.829611 -64.767675 -49.025404 -31.036670 -10.005326 12.191754
-9999.0 -9999.0 -9999.0 -9999.0 -9999.0 -9999.0 -9999.0 -9999.0 -9999.0 -9999.0 -9999.0 -9999.0 -9999.0 -9999.0 -9999.0 -9999.0 -9999.0 -9999.0 -9999.0 -208.265724 -207.511134 -206.602899 -202.122137 -201.216531 -199.060614 -192.138392 -184.095724 -182.112995 -183.815855 -185.600784 -184.193671 -181.648283 -177.561615 -166.131267 -152.318315 -138.196563 -124.086522 -103.282164 -88.564051 -74.670956 -58.581595 -59.983141 -64.510954 -66.761364 -66.383765 -65.759542 -59.721649 -55.867808 -49.840580 -43.770787 -36.513177 -27.306712 -16.137216 2.853192 23.973388 45.525448 66.188311
-9999.0 -9999.0 -9999.0 -9999.0 -9999.0 -9999.0 -9999.0 -9999.0 -9999.0 -9999.0 -9999.0 -9999.0 -9999.0 -9999.0 -9999.0 -9999.0 -236.512982 -234.753818 -232.772307 -227.533759 -225.152826 -221.334048 -214.601436 -213.661232 -209.920267 -202.928902 -198.038893 -189.607857 -181.866224 -174.619942 -168.767682 -166.144222 -158.455516 -148.777267 -136.833294 -121.132748 -99.177959 -76.380940 -59.976504 -43.169919 -26.235690 -25.813377 -26.959859 -25.804874 -24.806579 -16.551270 2.233721 9.220536 13.366300 33.023736 48.344834 54.690571 63.016457 82.505386 108.185661 136.891091 171.633332
-9999.0 -9999.0 -9999.0 -9999.0 -9999.0 -9999.0 -9999.0 -9999.0 -9999.0 -9999.0 -9999.0 -9999.0 -9999.0 -280.867577 -276.800603 -267.742967 -259.650184 -257.563763 -253.798021 -248.245877 -236.234167 -232.857917 -226.762242 -219.249763 -207.937680 -199.525385 -190.365507 -178.627836 -170.177946 -162.965941 -155.810406 -149.182085 -135.351910 -119.780048 -103.624212 -83.085039 -61.122965 -39.637638 -18.033085 -2.251906 12.578297 16.556474 15.252272 17.451193 26.379980 45.806190 66.634329 80.784173 104.399640 130.512127 147.106325 162.016279 172.937595 187.671906 211.236720 250.927884 291.357829
-9999.0 -9999.0 -9999.0 -9999.0 -9999.0 -9999.0 -9999.0 -9999.0 -9999.0 -9999.0 -315.738856 -313.231833 -316.779079 -316.163979 -311.658923 -299.966305 -286.959710 -280.242751 -269.199299 -248.822248 -231.804972 -228.418098 -213.676930 -203.783318 -197.255192 -186.573343 -173.395198 -160.301332 -142.867594 -129.998692 -117.133189 -96.164940 -79.315049 -62.508282 -44.356735 -23.916500 -2.022853 29.326559 58.354858 74.290226 100.264228 115.873907 113.924975 115.105013 124.676087 144.791737 171.868197 202.295815 229.162390 259.534059 282.768319 299.563332 312.261131 326.666509 344.015150 377.685243 417.637209
-9999.0 -9999.0 -9999.0 -9999.0 -9999.0 -9999.0 -9999.0 -9999.0 -339.626408 -332.868593 -326.674372 -329.821432 -334.664404 -338.049635 -325.172075 -309.556572 -293.815528 -276.982073 -261.201828 -243.466685 -227.901630 -211.307782 -191.944665 -180.052306 -168.101124 -152.787214 -138.900147 -120.734384 -98.995751 -83.853787 -64.226690 -41.489953 -21.050903 -1.924752 17.803731 37.817380 68.662912 106.082575 142.301318 170.982721 202.848958 230.962912 233.504074 238.561422 245.595909 275.065997 308.846557 342.711821 372.497599 402.459313 432.796407 450.461247 461.703046 474.935198 490.844406 507.675910 532.997366
-9999.0 -9999.0 -9999.0 -9999.0 -9999.0 -9999.0 -365.268206 -341.259433 -326.631692 -334.528553 -342.841550 -346.265256 -349.855218 -330.539525 -309.372733 -292.717400 -276.226339 -259.052857 -242.833389 -228.139199 -192.891955 -176.230073 -161.014645 -141.024264 -126.632272 -112.177817 -94.319512 -70.004565 -45.911796 -11.970556 19.586272 48.632250 77.768619 100.276352 121.811596 144.544988 180.825595 223.528457 265.318183 299.531905 330.322667 361.935643 372.661090 379.956534 389.259379 409.118002 439.942180 470.639289 505.096048 537.543141 563.015325 574.864975 585.252918 596.711670 610.357745 623.774334 638.380612
-9999.0 -9999.0 -9999.0 -9999.0 -398.515655 -377.657866 -357.199232 -326.482261 -304.019755 -309.496916 -302.312477 -301.833555 -303.182015 -300.686930 -294.975595 -277.206758 -259.567797 -241.711467 -222.902853 -184.940924 -142.608011 -125.356783 -97.919420 -64.832360 -49.897614 -34.024519 -17.342080 7.377344 39.025968 77.454197 128.717140 173.477940 204.763928 232.244367 256.979318 283.792941 319.866605 359.770143 398.080230 433.594490 464.541685 489.841345 504.633099 513.396930 525.300357 540.622206 560.638152 587.135344 617.015177 649.088295 674.467913 689.268379 697.480684 707.888306 719.253800 732.896259 746.850854
-9999.0 -9999.0 -9999.0 -445.453019 -407.040277 -370.234718 -342.816265 -311.955388 -280.450003 -274.192885 -265.869000 -259.426602 -252.791509 -243.770229 -233.703144 -217.288086 -203.031914 -189.984919 -168.568815 -131.114118 -93.782971 -58.295334 -23.600266 9.097586 34.289319 52.316059 71.668382 98.990808 142.995078 187.940954 245.057435 303.712836 344.821021 372.050433 394.098090 420.997882 445.799900 480.546413 514.774243 546.871262 577.737043 602.540936 622.836266 631.921508 640.846442 650.154233 667.224593 688.312526 710.103795 739.067921 766.820590 788.756611 801.228501 809.982913 824.877271 839.924591 852.065621
-9999.0 -9999.0 -491.820222 -454.930095 -419.671821 -367.988811 -315.498046 -282.041713 -241.196011 -215.909570 -208.479387 -189.506491 -172.082268 -163.177664 -145.800593 -127.974267 -113.982767 -109.839644 -95.963174 -59.100148 -2.823730 50.317784 86.599203 146.915036 184.405334 211.522127 228.937729 257.562327 294.247887 341.163693 392.438465 442.635231 482.322491 513.614749 529.015355 546.775828 569.507246 591.973969 623.346878 651.837895 680.665057 705.908837 728.491794 738.837869 744.157502 759.473664 781.187553 803.737760 825.503481 846.446741 858.123519 864.014468 866.823975 868.761290 871.353324 873.345545 874.521414
-9999.0 -9999.0 -516.819228 -472.842731 -430.013310 -359.797128 -283.966240 -246.144496 -202.740906 -157.848934 -138.091475 -113.425874 -93.859729 -75.328452 -50.374865 -25.554698 -19.101188 -14.650916 -13.449022 44.446674 108.934664 177.991158 250.675644 316.766055 360.599983 374.316257 384.715440 404.983588 431.189217 475.450121 525.431918 576.321838 619.146992 648.437261 663.379187 679.230354 698.895200 717.889259 735.705911 769.775619 791.823469 814.042518 837.875329 857.255226 864.861126 867.111688 862.809332 867.311577 870.446291 871.944720 872.339647 869.100614 868.264856 869.192398 870.425378 865.682791 859.103359
-9999.0 -603.299465 -551.424576 -497.128863 -426.333798 -356.597191 -270.067531 -188.597625 -137.269358 -93.545195 -63.450283 -42.235040 12.389123 63.691941 92.809553 123.613911 123.685043 124.488835 118.498169 166.998178 228.503671 320.196212 435.992968 492.724115 529.551685 534.789970 532.536567 547.093058 572.596380 612.785736 672.814589 715.733892 761.074412 794.567844 806.595515 811.360228 826.888208 845.242276 849.538724 861.338807 866.623135 871.164660 870.552903 872.047630 872.838248 872.919220 869.579872 863.073471 854.805205 848.231451 843.374839 838.007735 839.512857 843.030894 844.154106 837.078611 828.429037
-9999.0 -637.348150 -576.954008 -504.190933 -431.774838 -354.115927 -241.166881 -110.520900 -61.896630 -24.994810 7.372760 55.135311 145.627238 217.060037 256.274776 298.689629 296.552912 287.117019 285.282176 323.334910 380.946015 458.716002 586.062317 667.491919 685.571787 698.518617 707.817528 731.690436 762.540587 791.415068 817.123300 831.137249 845.823125 852.907640 855.436990 856.681952 858.874482 859.786867 857.819937 854.936542 851.008484 851.690751 855.767488 855.693207 852.663798 848.731081 842.057805 833.184234 825.633887 818.104100 813.177241 808.649613 806.198784 806.331780 802.127817 796.010224 786.143841
-9999.0 -661.569139 -592.284970 -526.394960 -452.280017 -326.582467 -203.377646 -72.753924 19.177916 61.460809 112.153488 202.940415 302.772507 389.783027 436.701358 460.660848 470.056781 462.041140 477.729316 525.666091 592.717222 674.639181 743.432121 807.602037 820.340589 824.422231 816.681889 823.508348 830.013916 832.450685 834.745633 836.940119 843.639477 847.322826 846.612072 843.564735 838.743392 831.140182 826.416815 823.560932 820.384445 820.353309 823.183878 823.541391 819.811862 813.454447 806.552341 798.801412 790.614592 781.591204 775.831800 770.576879 767.516400 762.597801 757.655223 751.314938 737.748619
-9999.0 -748.748155 -664.767103 -602.657586 -467.541354 -301.256413 -176.305586 -20.483366 120.599270 175.914896 271.168455 379.802586 472.141519 535.054969 574.541529 614.738516 642.448705 668.519377 703.838138 705.629425 758.441584 801.468794 819.290883 828.675391 827.306863 829.013567 821.478723 802.973096 793.326316 787.538210 790.029479 797.859999 805.572276 812.272753 809.971580 808.412089 806.203327 801.714369 797.816166 789.902624 782.491484 777.186968 775.837770 780.586953 774.364389 768.844977 761.085129 751.703494 741.727048 732.459041 723.683397 716.058705 712.462507 706.414904 704.531585 696.720530 670.391276
-9999.0 -829.475346 -750.618337 -646.171003 -493.955569 -329.711384 -182.215360 -7.557010 192.713306 306.954674 412.136042 470.403857 537.071841 598.528476 658.475667 695.711893 715.877749 724.788089 727.268808 738.447823 721.647805 725.962256 747.468908 773.572281 784.662646 787.671031 777.256978 765.210368 758.139379 757.460366 756.976620 757.038296 757.445545 756.431241 752.876735 752.841663 755.439108 748.933572 740.872236 733.288297 726.462970 718.639081 713.222574 709.889713 707.246550 705.562994 697.078161 685.901982 674.674774 665.744403 657.229835 650.702315 647.881521 642.847798 635.804247 624.482439 597.624349
-9999.0 -916.462895 -801.480516 -698.384470 -562.220557 -421.068248 -282.588607 -110.433412 55.334500 272.703292 439.726581 500.022528 531.219909 576.862127 634.267333 691.103434 696.865767 669.816569 645.842440 637.116210 646.344790 662.084364 680.298020 702.544141 719.116685 727.216209 726.423040 717.430318 703.958606 696.032173 691.339287 683.504736 677.921404 677.425128 676.342550 681.186099 683.023283 673.494750 660.999057 646.133816 633.104946 623.274592 619.987114 620.424438 619.497990 615.604155 607.992517 597.398732 584.812196 573.254986 565.004273 559.035502 552.445361 543.343950 533.131640 521.528177 496.274111
-9999.0 -9999.0 -871.022072 -758.661054 -642.557336 -513.148799 -383.476614 -225.566489 -65.972086 129.196655 252.965518 357.336019 415.166331 456.818083 507.503150 555.347115 567.718071 580.294178 560.845912 564.892567 573.456889 582.735696 595.724017 609.818126 623.381896 632.262698 637.673306 635.254878 626.062265 610.756242 593.273802 580.050554 572.184810 566.242674 573.731712 583.645436 581.128177 574.270267 562.706937 547.611141 534.828873 521.735765 517.892934 518.156371 517.725961 514.367915 509.012467 496.264193 483.300079 470.715541 464.501990 458.112893 451.983362 440.980254 429.292908 415.871014 392.211569
-9999.0 -9999.0 -952.927995 -841.590637 -720.345885 -593.438895 -484.233981 -376.731006 -214.922240 -89.415130 16.691159 111.190065 188.624735 248.240125 293.144379 348.237667 378.591965 391.854720 402.779120 423.038571 446.503649 470.052485 486.583300 500.281814 513.911204 525.612036 533.920090 523.646783 513.169716 497.450136 477.848922 456.723528 445.461146 440.402408 443.528228 449.514537 444.248695 434.299504 420.037246 403.728097 390.344762 377.971961 373.490692 370.760287 369.524016 366.360298 362.473825 352.635152 340.087564 330.870156 322.222852 315.074033 310.829707 302.361038 291.358643 282.614424 261.940354
-9999.0 -9999.0 -9999.0 -913.658226 -815.531373 -729.687553 -631.807525 -554.607332 -457.075120 -341.044892 -235.272427 -132.586985 -65.472139 -10.626736 42.177766 93.034641 130.171031 153.483000 175.213880 229.622998 263.729664 303.833462 338.210996 355.389654 371.035759 386.408405 390.229001 381.346266 371.720073 356.050677 332.911417 309.374791 296.619607 297.622097 296.512023 297.208232 290.803883 285.087417 272.839441 258.549683 243.763037 233.458293 228.235972 222.706886 218.621009 214.032918 209.437464 202.241437 192.692585 182.624498 174.905253 171.050409 166.572009 160.794680 152.662255 143.418062 130.401892
