tests/Borden05m/sims/sim_1/output-maps/psiliqL0011N0013.asc
ncols         160
nrows         34
xllcorner     620200.000000
yllcorner     5168000.000000
cellsize      0.500000
NODATA_value  -9999.0
[rows 0 to 24 of 34, columns 57 to 113 of 160]
-9999.0 -9999.0 -9999.0 -9999.0 -9999.0 -9999.0 -9999.0 -9999.0 -9999.0 -9999.0 -9999.0 -9999.0 -9999.0 -9999.0 -9999.0 -9999.0 -9999.0 -9999.0 -9999.0 -9999.0 -9999.0 -9999.0 -9999.0 -9999.0 -9999.0 -9999.0 -9999.0 -9999.0 -9999.0 -9999.0 -9999.0 -9999.0 -9999.0 -9999.0 -9999.0 -9999.0 -9999.0 -9999.0 -9999.0 -9999.0 -9999.0 -9999.0 -9999.0 -9999.0 -9999.0 -9999.0 -9999.0 -9999.0 -9999.0 -9999.0 -9999.0 -9999.0 -9999.0 -9999.0 -9999.0 -9999.0 -9999.0
-9999.0 -9999.0 419.104682 413.616375 408.362542 403.458794 394.529358 385.384790 376.981910 373.135488 372.365715 371.692611 371.448127 376.863073 384.970334 392.727670 400.039625 402.551934 405.098847 407.478454 408.074857 406.890697 403.710825 400.466180 397.099360 395.637420 387.461157 376.058152 367.191448 364.445673 368.922171 373.426490 375.939461 381.905476 392.715403 403.583133 412.149599 423.958212 429.584074 434.623953 437.567063 433.328524 429.590324 425.639312 420.532987 409.391917 -9999.0 -9999.0 -9999.0 -9999.0 -9999.0 -9999.0 -9999.0 -9999.0 -9999.0 -9999.0 -9999.0
402.223239 405.585859 394.535373 389.707444 386.462637 384.415315 379.503154 370.879645 365.676663 360.392569 358.776250 358.969888 359.191798 363.493045 373.663506 381.764386 386.659686 389.252491 391.917865 391.919157 391.516074 391.252443 388.431497 385.061943 381.709591 379.952053 380.236483 372.663725 367.278881 363.955515 362.512410 365.001384 367.341541 370.545273 380.098072 388.325543 396.557859 410.763282 423.070838 428.198620 425.591407 420.372251 416.369873 409.555056 399.381460 388.801766 378.639596 371.343231 365.648813 359.934205 365.755407 372.055307 381.925404 391.690475 403.581206 415.663046 -9999.0
386.934872 389.913281 379.213996 370.943451 366.289770 366.521952 369.023629 365.563448 361.090486 356.703280 365.127178 366.615908 367.968948 371.384837 374.746375 377.614375 380.490849 385.958547 395.074350 397.895730 398.550403 398.794329 397.054258 394.004430 392.256753 389.544989 384.408153 383.467121 383.893846 383.833378 388.947933 390.431244 391.943268 385.053821 388.452128 394.647513 401.488406 408.211817 414.990434 419.154909 415.754327 414.404121 405.669134 391.450897 379.765619 370.808367 368.295519 364.795676 356.703720 343.929878 350.623954 365.863304 370.229287 373.503578 385.111151 397.268831 407.510164
373.442388 376.643116 371.770453 373.047343 374.686693 376.313961 374.900044 372.145391 370.744696 383.803336 393.634028 395.739977 398.939484 402.665391 401.894817 389.883840 387.470264 396.014900 406.608624 412.669781 413.068556 413.187657 411.498444 410.561153 410.164915 407.939731 408.958387 411.620273 412.084615 417.060239 422.779397 425.593028 417.345607 408.029531 408.553817 416.133251 424.102257 431.405203 442.153527 453.501833 452.035820 445.841314 436.222318 421.878193 397.719181 377.379861 366.108372 358.713620 351.160000 350.333284 347.213632 357.738355 359.069843 360.504998 368.589770 378.634807 388.586819
389.407021 397.847356 392.136288 386.990237 384.097849 384.999046 385.541009 389.217915 402.594507 417.070192 432.517403 435.837072 438.863171 438.806634 429.596496 419.391220 415.466660 430.555843 446.856558 455.489986 456.646257 456.829705 464.511007 462.941588 460.825025 455.732536 458.153259 460.556454 471.491679 479.334620 486.382921 484.498348 472.432039 460.923124 458.882569 460.975840 463.501899 469.456657 479.747667 489.515094 484.059789 475.928751 464.604890 434.577037 405.853422 387.856465 387.369291 386.863658 381.371744 377.494797 373.344966 365.419212 364.355347 363.099165 362.079375 373.627262 385.560330
439.691757 456.367501 451.028876 443.067078 432.786231 433.644552 437.427533 446.338640 460.440324 479.559548 504.881153 509.225431 513.562916 517.385807 506.633677 494.448764 483.057747 500.188121 510.625462 520.084372 523.182411 534.368417 544.786227 540.176801 531.876661 522.056025 528.790577 542.056167 557.690465 564.709070 568.554707 567.969205 557.162446 551.132629 548.528964 549.396634 545.962267 549.602675 560.174952 575.169666 574.236480 563.084660 538.597409 500.068855 463.320688 440.243027 443.674933 435.730855 428.078402 422.902633 407.680562 395.418926 394.293592 383.857201 376.867563 387.641612 393.102555
491.065362 510.476158 507.048038 496.719028 484.317932 484.659983 493.270023 504.081787 524.452395 549.719777 576.020840 587.589921 593.610952 603.749458 597.582457 588.372085 579.842181 589.132236 602.005315 614.744177 626.027956 639.425469 651.536227 643.301443 632.218376 628.126622 633.388449 652.631577 669.607731 675.320992 677.336201 680.791196 672.703771 665.162136 657.114725 650.230266 643.358101 638.706690 655.572221 670.954343 668.272559 643.244697 616.952514 579.040305 539.007633 503.480562 498.867738 494.947298 491.886977 474.841411 457.496689 438.285407 426.524206 416.103032 400.382446 404.419645 408.870649
593.643921 616.033314 619.691015 604.802351 598.865821 604.465551 617.491652 625.319242 641.436904 668.727317 703.514626 728.145075 749.636358 754.620850 746.304034 737.291242 723.925482 720.664798 736.651126 749.113066 760.600665 771.971927 784.309622 790.609100 788.768247 788.579732 791.727691 797.906454 806.125866 812.987189 818.802720 824.714051 822.551018 812.598927 805.055049 795.480412 787.601314 784.635318 785.477609 794.453550 791.951707 766.862981 738.438019 705.020022 665.918067 631.953118 610.636059 612.496698 598.078576 577.521691 554.406045 516.248082 496.357904 478.057407 446.722738 440.840499 448.680699
712.579846 729.530940 744.765584 742.442923 745.242935 749.681705 757.204483 763.072107 771.902290 805.135697 841.032951 871.831720 896.882072 906.184594 896.653774 887.096674 875.561189 866.211630 869.228644 883.074708 899.469388 915.023239 925.939092 929.654614 928.501133 928.841197 930.659967 933.705412 936.519863 942.112546 949.012635 958.891727 969.996776 964.838162 948.203366 935.405164 920.944276 915.054204 912.678798 909.483601 908.527103 901.702359 871.546261 842.683263 809.578935 778.103990 754.693104 737.193803 715.678610 691.287735 644.046609 601.295549 564.143429 533.979166 503.296763 498.087828 520.240887
837.552148 863.132154 879.205095 883.690221 886.864077 890.470991 897.215107 903.294435 911.497593 933.529136 970.238951 1007.151301 1037.017556 1042.117612 1033.815582 1023.767303 1013.243575 1003.365672 1000.123164 1007.047745 1017.340665 1032.350601 1043.541914 1053.402276 1053.121559 1053.564053 1053.738195 1055.616003 1057.343698 1058.897782 1065.092831 1075.932254 1086.201049 1087.422652 1075.096086 1058.463964 1041.004325 1032.725736 1025.416428 1018.723436 1017.752882 1017.533224 1010.930312 986.436368 950.932911 907.882759 879.433467 856.463826 841.643316 824.242265 799.628834 750.209622 720.212703 684.508541 647.884613 623.895272 659.545510
952.640821 983.009704 1002.567647 1011.844125 1013.782511 1017.342240 1025.473513 1032.689338 1043.652907 1060.263591 1082.768720 1110.832801 1137.509991 1155.298579 1152.413378 1140.898707 1124.550461 1120.128947 1118.918130 1120.548860 1126.617907 1133.557643 1147.818071 1162.471983 1167.720245 1168.436545 1166.057883 1167.855904 1168.875193 1168.821607 1169.198901 1173.003326 1179.199158 1181.450963 1177.026664 1162.161911 1142.842530 1127.721621 1117.848820 1112.285285 1109.128234 1109.196394 1107.609450 1095.796711 1067.759474 1030.642153 996.417115 972.669967 955.079743 940.356569 928.435199 910.587897 892.444421 862.129493 819.202018 782.701524 778.675871
1053.356382 1079.335688 1103.762817 1121.095710 1126.805110 1134.123530 1139.767361 1150.204362 1165.675307 1183.676933 1196.970507 1213.107259 1233.658232 1245.674907 1251.401036 1251.984639 1251.056490 1252.737205 1252.530851 1232.600783 1234.843819 1236.958016 1242.130678 1248.586096 1250.664011 1250.923385 1250.168626 1251.014567 1251.196037 1251.226201 1250.619312 1249.955213 1251.274051 1251.646368 1250.608328 1244.985220 1245.266265 1228.705756 1216.592741 1208.763426 1200.859355 1192.108249 1182.380404 1172.456485 1156.406812 1129.641259 1096.252230 1067.610578 1054.387908 1046.459770 1039.069077 1032.777050 1017.227155 995.564555 965.513070 927.786484 892.721570
1150.221005 1169.518386 1195.338500 1213.785690 1224.681648 1233.760216 1239.017056 1250.930716 1263.398561 1260.235776 1263.221338 1266.260740 1269.227316 1270.272367 1270.476590 1270.133775 1267.644576 1266.936863 1264.847538 1259.447534 1249.713779 1250.714063 1251.779367 1254.017520 1257.436376 1256.228435 1257.265007 1260.132520 1258.509908 1252.946623 1249.208185 1247.349343 1247.352380 1253.966257 1256.734765 1257.332881 1256.753692 1256.082243 1255.582427 1254.363656 1252.988612 1251.139190 1248.678745 1249.741042 1239.780429 1217.167524 1185.447346 1151.552322 1135.825757 1129.654924 1129.201943 1125.297786 1118.336227 1099.194604 1071.902622 1036.397169 998.796025
1255.656177 1256.143614 1263.587207 1267.740819 1270.016014 1272.679310 1275.144382 1275.919484 1272.621177 1268.983314 1264.122072 1262.496423 1260.752991 1258.031080 1258.263895 1255.862821 1251.487570 1247.414653 1240.408864 1228.877577 1216.683531 1213.658780 1217.791607 1222.391898 1226.509888 1229.732897 1233.298655 1234.624017 1229.751660 1221.777104 1214.579328 1212.285956 1218.113092 1223.056116 1227.759269 1228.324213 1227.296164 1225.865111 1226.615805 1224.901918 1226.143552 1233.205025 1246.716641 1253.430310 1255.449485 1254.973782 1249.213092 1238.785735 1227.467987 1207.738588 1210.180178 1205.102787 1193.207772 1171.993319 1147.953625 1118.693300 1090.047239
1267.247989 1265.185408 1259.141839 1253.313182 1252.506190 1256.156036 1262.618256 1263.642867 1256.494035 1247.960856 1240.417367 1232.773522 1229.591264 1227.435482 1226.015807 1225.313039 1219.348898 1211.034191 1195.090245 1182.187690 1169.825389 1162.993268 1160.905655 1165.828687 1175.267403 1184.619601 1189.648895 1183.668742 1176.052564 1165.286961 1156.975097 1156.802209 1158.815410 1167.107929 1179.997116 1183.947841 1184.980024 1180.853466 1177.576336 1172.891911 1172.311689 1180.538242 1196.621626 1212.357601 1226.125078 1234.569165 1242.181035 1248.535321 1252.908120 1253.618150 1253.944146 1253.051344 1250.751682 1235.808298 1215.373964 1192.086666 1168.001788
1246.516716 1240.854660 1233.373497 1226.849905 1224.477763 1226.321549 1228.728533 1225.016819 1217.861037 1207.126451 1195.296106 1184.106298 1176.656289 1176.108563 1177.085746 1176.870977 1169.834123 1154.960441 1137.016176 1122.611434 1107.914376 1103.255379 1098.220507 1094.471502 1104.999501 1121.634904 1127.931288 1115.278188 1105.470072 1091.340841 1083.692516 1080.523260 1081.812465 1090.777447 1109.573433 1127.772913 1129.215417 1120.618749 1112.444761 1108.913551 1107.880716 1116.067310 1135.574157 1156.213326 1171.640224 1182.159650 1189.122438 1198.107249 1208.076724 1220.256691 1233.428641 1244.576681 1253.845832 1257.090454 1255.630007 1251.064900 1237.316108
1216.431707 1207.653514 1199.170470 1191.691242 1186.347406 1183.215444 1179.926043 1173.340452 1165.808429 1151.819607 1138.865276 1125.840474 1111.198200 1106.689209 1102.963924 1103.692727 1091.868866 1080.623151 1061.281536 1045.236820 1029.168365 1018.784707 1012.726485 1006.934875 1011.815603 1027.390357 1036.551249 1023.091738 1012.807090 999.782229 993.398321 989.997667 991.557324 1001.388714 1023.335779 1041.822401 1048.831928 1041.649406 1037.115679 1035.760171 1036.101589 1043.082253 1059.132622 1080.076202 1101.591303 1118.230690 1128.754734 1137.677617 1148.739725 1163.887100 1178.672017 1193.546327 1211.102477 1230.972207 1245.595469 1254.916856 1259.277944
1175.523364 1164.821540 1153.059852 1141.281329 1134.036539 1133.975947 1126.492601 1119.401450 1104.565283 1059.402605 1041.258731 1022.714141 1006.699710 1000.124716 991.900822 983.903621 973.900847 966.383003 958.003109 941.998299 924.351661 908.161726 902.687288 898.269745 890.147895 895.742948 899.151508 902.004421 894.719518 888.599173 886.078530 883.536200 886.761087 900.163921 912.198962 922.818481 929.284630 928.009018 935.390920 942.536287 947.171341 963.961538 978.718466 997.443050 1019.784927 1043.950749 1057.986972 1068.595250 1080.589931 1097.158282 1114.897976 1133.423702 1156.738446 1181.881125 1198.625583 1210.470784 1222.957485
1124.933401 1110.033637 1096.332686 1082.668598 1068.809129 1068.390557 1063.814791 1054.889613 1014.901198 972.410772 939.860910 920.927202 898.299619 886.198514 874.473329 848.322847 833.484234 826.359749 829.936294 819.351669 801.758815 787.023831 778.546409 771.731923 759.060415 750.988293 755.540902 767.211013 762.532873 760.633555 764.468931 762.690805 759.613402 765.780607 780.347476 788.957712 799.203518 810.992146 816.647561 826.747303 853.803302 869.173341 885.777396 907.267948 930.428555 954.343584 975.527052 989.877828 1005.522622 1025.366440 1043.312845 1065.221019 1089.809474 1119.227659 1139.790016 1155.251829 1168.011803
1051.303633 1034.207821 1016.287568 995.306882 973.821218 970.192529 961.996612 942.880358 897.062466 856.117807 825.123231 801.816140 776.464832 756.892752 729.380712 697.049081 676.001110 679.888352 686.306053 685.616294 670.599671 656.780505 645.754010 631.634923 615.926128 604.549477 612.928312 621.610221 629.254375 632.616701 636.368458 638.702193 637.691017 634.009776 640.489205 650.036625 661.348038 672.999970 687.582790 718.469188 745.165519 764.527853 787.303335 809.764544 834.778827 860.749033 884.021382 901.785997 921.838088 942.551086 964.772251 987.012206 1013.232763 1043.600414 1068.867795 1085.510891 1101.121027
968.081490 945.093633 918.358821 879.546334 863.456073 853.334320 839.763450 803.255770 759.936307 723.181918 697.106102 670.470824 644.628525 616.223741 583.804413 555.878646 535.054482 541.047053 547.500213 557.708738 545.050247 532.968140 525.948443 510.712808 496.414793 481.999329 489.659454 499.502607 516.262750 520.325765 523.754284 530.527374 529.498094 527.394923 519.566302 528.867229 539.942512 554.482760 583.047966 609.798994 636.218696 660.003289 683.259495 708.885529 736.149456 763.544230 791.791073 813.834731 835.335099 859.019413 881.333825 901.774617 924.798360 952.689791 977.132485 998.194594 1020.461598
866.015439 840.943190 804.027163 759.264864 724.310575 707.379502 668.785939 633.166650 595.378440 575.098692 554.489828 529.567442 506.211074 483.434161 456.103454 432.366366 407.941854 411.306459 423.334080 436.833086 430.337959 426.111440 422.504601 410.881192 397.026388 383.405698 387.031995 402.097067 418.887186 426.160699 432.728756 440.278230 440.469695 433.952657 425.900858 431.958678 446.385014 463.202526 485.441682 509.362736 533.149650 555.791195 580.963667 607.509751 634.834096 664.293713 694.881944 718.811778 746.109392 773.932434 796.493968 811.585352 828.528011 855.090468 875.860490 899.814080 924.275018
756.072248 727.879875 685.281894 640.499606 595.537983 555.340988 520.483275 487.426393 467.553940 446.982006 427.510313 407.975429 385.998514 365.592875 345.825151 323.276913 304.721296 309.738685 322.689665 334.005635 336.367492 333.157965 329.898997 322.125451 308.377218 297.929785 306.284568 321.672578 336.645078 346.750711 353.483058 359.657807 357.038941 348.993377 343.104765 351.348841 367.139391 382.566847 400.732502 423.126480 445.699481 468.806870 493.227971 518.023317 545.532006 574.220098 603.654504 632.970457 660.428335 686.503013 701.663345 716.788122 728.288994 748.037602 769.574639 793.125009 819.485693
625.362308 595.266306 559.594793 518.362501 485.337301 451.476521 419.083673 387.408728 361.047066 342.789088 331.980769 316.433657 296.556524 282.472296 265.116434 246.833457 246.068210 249.042813 260.444138 261.912210 262.450141 259.362493 258.150015 253.584207 242.575671 249.146996 256.746663 271.518584 282.408434 291.845668 298.148177 302.342707 302.163145 295.642208 299.033109 306.394280 321.254126 333.500039 349.173979 370.648682 388.940179 409.448696 432.722696 456.981721 482.719358 510.243935 540.055515 567.517112 590.438638 603.491492 617.687529 627.195696 625.480401 643.322167 662.194275 681.338076 708.501808
