tests/Borden05m/sims/sim_1/output-maps/psiliqL0029N0004.asc
ncols         160
nrows         34
xllcorner     620200.000000
yllcorner     5168000.000000
cellsize      0.500000
NODATA_value  -9999.0
[rows 0 to 24 of 34, columns 55 to 109 of 160]
-9999.0 -9999.0 -9999.0 -9999.0 -9999.0 -9999.0 -9999.0 -9999.0 -9999.0 -9999.0 -9999.0 -9999.0 -9999.0 -9999.0 -9999.0 -9999.0 -9999.0 -9999.0 -9999.0 -9999.0 -9999.0 -9999.0 -9999.0 -9999.0 -9999.0 -9999.0 -9999.0 -9999.0 -9999.0 -9999.0 -9999.0 -9999.0 -9999.0 -9999.0 -9999.0 -9999.0 -9999.0 -9999.0 -9999.0 -9999.0 -9999.0 -9999.0 -9999.0 -9999.0 -9999.0 -9999.0 -9999.0 -9999.0 -9999.0 -9999.0 -9999.0 -9999.0 -9999.0 -9999.0 -9999.0
-9999.0 -9999.0 -9999.0 -9999.0 3997.335392 3992.078603 3987.420431 3983.001879 3974.584232 3965.260243 3957.533632 3953.307850 3952.088352 3951.233475 3950.534311 3955.284744 3963.317633 3970.884278 3977.652542 3980.025893 3982.309992 3984.034383 3984.168366 3983.010793 3979.730585 3976.329441 3972.903885 3971.127418 3963.919971 3952.836497 3944.631702 3941.948748 3946.057099 3950.356942 3952.797020 3957.801411 3968.082202 3978.611270 3987.180727 3999.880075 4007.150303 4012.522020 4014.992281 4011.000615 4007.765996 4003.729842 3997.325880 3986.201909 -9999.0 -9999.0 -9999.0 -9999.0 -9999.0 -9999.0 -9999.0
3942.311085 3960.630761 3981.825659 3984.893324 3973.035733 3967.900958 3964.783476 3963.196855 3959.089969 3950.631424 3945.538647 3940.023698 3937.169993 3937.129519 3936.924403 3940.430839 3951.273856 3958.965448 3963.416236 3966.023160 3968.867965 3966.940599 3966.045440 3965.785733 3962.826967 3959.274691 3955.844337 3953.933935 3955.600948 3947.983718 3941.849996 3937.824987 3934.552690 3937.332645 3940.082080 3944.930116 3953.999333 3961.820448 3969.727777 3985.088165 3998.430763 4004.213719 4001.643747 3997.133284 3993.295458 3985.695931 3974.760307 3964.843875 3957.144983 3951.264281 3945.949751 3939.367022 3945.894117 3954.077260 3963.281897
3925.494502 3944.664068 3965.169564 3967.644574 3957.461708 3949.840329 3942.550999 3943.119458 3946.813266 3943.626823 3938.739911 3930.262766 3940.601798 3941.483857 3942.016651 3945.103950 3946.618169 3952.129037 3954.391439 3959.643664 3968.541162 3971.301266 3971.642807 3971.594475 3969.504162 3966.147210 3964.078486 3961.207236 3955.855333 3953.852492 3953.320458 3951.769039 3955.631969 3957.147179 3960.323269 3955.099337 3959.713879 3965.966133 3972.952465 3978.221487 3984.226761 3986.402016 3983.093221 3984.018440 3975.686330 3962.081168 3952.537721 3945.341780 3946.113455 3943.256915 3935.351063 3921.429282 3930.061905 3946.355074 3951.229863
3930.068689 3938.913584 3949.167296 3951.525253 3946.453184 3948.838465 3950.628982 3951.723616 3949.756806 3946.049726 3941.068428 3950.953858 3958.943608 3960.170867 3962.412031 3966.352417 3967.464023 3956.768650 3954.749956 3961.704586 3971.122188 3976.047548 3976.143676 3975.632532 3971.493274 3970.223691 3969.987889 3968.219727 3967.350022 3968.655230 3965.621622 3968.143589 3973.553127 3976.952953 3972.328406 3964.075519 3966.643695 3975.254471 3984.598820 3992.236859 4002.273067 4012.900758 4013.471436 4009.199211 4000.796073 3988.598451 3966.370449 3949.338169 3938.364130 3930.192817 3922.941026 3926.663148 3921.617207 3936.090408 3937.968078
3913.495823 3935.063818 3954.831837 3960.192456 3954.148204 3950.700163 3949.787659 3950.354527 3949.079763 3948.902317 3956.709819 3968.008811 3978.420297 3980.195547 3981.786373 3980.244491 3973.031310 3962.645963 3960.177886 3973.019039 3989.815485 3997.524298 3996.711434 3991.475592 3993.639320 3994.089773 3995.102818 3992.092376 3992.481449 3989.131773 3993.482309 4001.176827 4009.351951 4008.092008 3995.595489 3983.027261 3983.293806 3989.381461 3997.189040 4005.073863 4015.178907 4024.121789 4019.348692 4014.627375 4007.836197 3982.875436 3961.251350 3947.524725 3947.880156 3948.788220 3944.483623 3942.758734 3942.451749 3939.078591 3939.513456
3948.396063 3967.177960 3987.486931 3999.793150 3993.541859 3986.227866 3978.209243 3978.310764 3978.085464 3983.393030 3993.149829 4004.795648 4025.987591 4024.669717 4024.471218 4022.182960 4008.851193 3995.397678 3985.695836 4008.778071 4020.012127 4026.807975 4023.196748 4027.176951 4035.523788 4032.184867 4026.303263 4013.812875 4019.260290 4024.490713 4039.681639 4047.919402 4053.557251 4048.184099 4033.606721 4026.579170 4028.806316 4036.277195 4038.304586 4047.917314 4056.295049 4071.142826 4069.555285 4067.501973 4048.119618 4010.949731 3982.690862 3971.813243 3984.482352 3979.030619 3972.649203 3973.345609 3962.938836 3956.596650 3959.743378
3977.780558 3990.324184 4006.204496 4022.449944 4012.696426 4002.720817 3985.525959 3981.836541 3985.289671 3995.563114 4012.830694 4029.780630 4048.916057 4045.468193 4036.708509 4046.441453 4039.363952 4028.183923 4020.853968 4044.743059 4054.426818 4064.354277 4069.187913 4081.875982 4092.103546 4073.975015 4055.723634 4044.095554 4051.585102 4078.637550 4102.337479 4107.117682 4105.688576 4104.331438 4087.505330 4083.055103 4080.387929 4081.994998 4080.069163 4078.662300 4105.647585 4128.325780 4128.327676 4107.008285 4084.340878 4043.667448 4005.606970 3982.825941 3998.741621 3995.029462 3999.146292 3989.992510 3978.968976 3973.828914 3972.844468
4023.676666 4043.826740 4059.509594 4081.795392 4070.564491 4046.146001 4028.357133 4030.587814 4044.519671 4052.991866 4072.414109 4088.130249 4112.857314 4123.070630 4132.681937 4136.688673 4130.007079 4121.590291 4109.856428 4116.868353 4142.497858 4154.161239 4162.041455 4169.977177 4182.757751 4181.964687 4174.042150 4171.905391 4176.599491 4191.667042 4207.510204 4214.329873 4216.876964 4218.815563 4203.309392 4189.711044 4188.689881 4183.943258 4183.931457 4183.485778 4196.962319 4219.660627 4216.014605 4176.747389 4149.608727 4113.444359 4074.294176 4044.983049 4041.088391 4062.854454 4062.452003 4046.381227 4037.682404 4013.474119 4010.712055
4090.171186 4122.988589 4147.013184 4156.580417 4162.953812 4146.063375 4143.332149 4147.772117 4156.659857 4159.593134 4165.952482 4198.673071 4232.579810 4256.919591 4279.635613 4286.658293 4273.941868 4264.192457 4250.305150 4241.678565 4254.466003 4272.565687 4290.615218 4305.482319 4316.923940 4318.665373 4317.003140 4317.025654 4320.449502 4323.500287 4328.189752 4337.311123 4345.118409 4353.502016 4360.840450 4349.239229 4332.093769 4323.479171 4315.494592 4315.619785 4317.595663 4322.665659 4323.856395 4304.664294 4259.654377 4226.810137 4194.155021 4176.268566 4164.422131 4166.994380 4148.628978 4123.347602 4070.062935 4032.895543 4001.952442
4173.874521 4219.532229 4249.034648 4265.020019 4277.509015 4273.361850 4275.344107 4276.228240 4279.688714 4281.594224 4283.472979 4311.690950 4354.856363 4395.329339 4427.379939 4426.405482 4411.616785 4400.066761 4391.291115 4375.953601 4371.900853 4385.889848 4402.550707 4424.089645 4434.371653 4439.619725 4435.650988 4435.837281 4438.028713 4440.493741 4442.766294 4446.894236 4457.319433 4473.359326 4488.805475 4487.425611 4466.869430 4448.515387 4432.688564 4431.307550 4429.641879 4424.783646 4427.558637 4429.565243 4411.177890 4377.798878 4336.340079 4295.828743 4280.988730 4266.830555 4255.978413 4238.255482 4193.325679 4122.062767 4079.781617
4290.279982 4326.864754 4356.425737 4387.233236 4401.500306 4402.609215 4399.522786 4397.761318 4404.939738 4406.960484 4411.668158 4428.524802 4463.388123 4501.142200 4532.080786 4547.257514 4538.424420 4518.954046 4495.302528 4484.191486 4480.834110 4484.952078 4495.379635 4509.714808 4530.533403 4551.120437 4557.059718 4557.998296 4555.239812 4557.798360 4559.518675 4559.667778 4563.156721 4572.799845 4583.553648 4587.175613 4578.468906 4555.778246 4531.105571 4520.379744 4514.311803 4511.066757 4512.770350 4518.863396 4522.915296 4506.923472 4468.829112 4421.838645 4392.137304 4378.239642 4365.763901 4351.032128 4337.654402 4300.450238 4278.016513
4401.584806 4417.724024 4447.309894 4477.260509 4499.900534 4514.435817 4514.036559 4516.535954 4521.486564 4528.320528 4543.504004 4568.403602 4589.248555 4613.903401 4642.406316 4659.987452 4665.206795 4662.959469 4658.032233 4659.059192 4659.480408 4584.740683 4592.074674 4599.401714 4619.733668 4637.557968 4644.103915 4644.862381 4641.836251 4643.924181 4644.834422 4644.653067 4644.270852 4647.350254 4653.388629 4655.696476 4652.843399 4638.226777 4661.331912 4640.181466 4626.092319 4617.540660 4609.000551 4600.690076 4591.112439 4580.904366 4559.298582 4526.671836 4491.338028 4470.939111 4463.588025 4457.189873 4447.727492 4441.507684 4423.423314
4501.501642 4512.156864 4531.503750 4555.443412 4591.872112 4617.011660 4628.940226 4638.687565 4643.470023 4658.136161 4676.033926 4656.541154 4666.454034 4676.712034 4686.904435 4690.404593 4691.406769 4690.944340 4688.482705 4687.558298 4684.876449 4681.747323 4670.922579 4672.571753 4674.669673 4677.338109 4681.154187 4680.117285 4681.294132 4684.270438 4682.416450 4676.162893 4671.906119 4670.324451 4671.502330 4679.068500 4682.690530 4683.709373 4679.563421 4678.536925 4677.348349 4673.290639 4668.224669 4661.083144 4651.947724 4670.482189 4657.600794 4627.680675 4584.625109 4540.880237 4534.702844 4537.988538 4537.419719 4535.991789 4530.184075
4633.706577 4648.216732 4663.839964 4635.438749 4662.094397 4675.735714 4682.114155 4686.788134 4689.783664 4693.606729 4690.663186 4687.775040 4682.786172 4681.095415 4679.700071 4677.218769 4677.832743 4675.941280 4671.788209 4667.535848 4659.020438 4647.105827 4635.920899 4632.000179 4636.217820 4642.053504 4647.499070 4652.378281 4656.252617 4655.911595 4650.165122 4641.477290 4633.711594 4632.121550 4639.175779 4645.019252 4651.999922 4652.952261 4651.545344 4648.877751 4648.473914 4644.912829 4645.029101 4652.363222 4667.732570 4669.522074 4676.563968 4675.561137 4655.698246 4619.730725 4637.231815 4616.879640 4623.569350 4618.786773 4607.194500
4681.461465 4684.767609 4682.822103 4681.936528 4675.369842 4669.177694 4668.351990 4672.418889 4679.554565 4680.527384 4673.375763 4664.597725 4657.170727 4649.423059 4646.935388 4646.546763 4646.381107 4646.979166 4641.613975 4631.715788 4614.004627 4602.312227 4591.207456 4585.240584 4580.818960 4583.798488 4595.566526 4608.650913 4613.856207 4603.677773 4594.823550 4582.534868 4574.391755 4574.900709 4575.559193 4585.302606 4603.213493 4611.777210 4612.635503 4605.711066 4598.571626 4591.660914 4588.276950 4594.680547 4610.294723 4627.776609 4644.229907 4653.840090 4661.809950 4669.239718 4665.994973 4669.265628 4671.065311 4668.524405 4672.874471
4676.279726 4669.103236 4661.925668 4656.473098 4650.000339 4644.749168 4642.815615 4644.479168 4646.069647 4641.644796 4635.255809 4625.171153 4613.943717 4604.098034 4595.913621 4596.951111 4599.331725 4601.180276 4593.505456 4577.668969 4559.501034 4545.841939 4531.846677 4527.860724 4521.577321 4512.779016 4522.791220 4543.461045 4551.253061 4534.250797 4522.968176 4507.354540 4500.965562 4496.657987 4497.218622 4506.066588 4529.571365 4555.367942 4557.793357 4546.443057 4535.147059 4530.497789 4527.168114 4531.365667 4547.918423 4569.323163 4586.099011 4597.016396 4602.407217 4610.240004 4619.744463 4634.831912 4650.352742 4663.279832 4666.875609
4650.546951 4642.716935 4634.974582 4627.233677 4620.263374 4613.955391 4609.554034 4607.551538 4603.110322 4596.840437 4589.665291 4566.856199 4554.132586 4540.721626 4525.217914 4521.043276 4515.556762 4516.360705 4504.609482 4497.195930 4481.193024 4465.735527 4449.995980 4435.661070 4429.900859 4422.891426 4419.380271 4432.294280 4440.570968 4432.188553 4422.643423 4412.622785 4408.591651 4405.213976 4407.908366 4418.481126 4437.368303 4455.726515 4464.733070 4457.662336 4457.665848 4458.549694 4457.008831 4463.721043 4473.669584 4491.349697 4514.518821 4534.665359 4544.948410 4551.758979 4560.893988 4575.546911 4589.948376 4604.660076 4623.205558
4619.741453 4610.275472 4600.198636 4590.271335 4579.594642 4568.861499 4562.089614 4565.032888 4559.013107 4553.432701 4528.267766 4470.147023 4447.857189 4428.365671 4411.611895 4404.385661 4395.451975 4376.648604 4367.989947 4364.031084 4368.856900 4355.234251 4337.611833 4319.364236 4314.512346 4311.132657 4291.147271 4283.658537 4283.397977 4303.456378 4297.798953 4297.959837 4301.151804 4298.838827 4299.586740 4312.154141 4318.672211 4322.790085 4329.879477 4336.788977 4348.733242 4357.642825 4370.068556 4387.908611 4398.271837 4413.160945 4433.432542 4459.997700 4476.392262 4486.082092 4496.482336 4511.861477 4528.087417 4546.140748 4568.794632
4584.616282 4567.155736 4552.148561 4537.574257 4524.670263 4511.580040 4494.757016 4496.774470 4494.847447 4483.820330 4424.516362 4383.955014 4349.402055 4332.281400 4307.929124 4293.504222 4275.312305 4232.958934 4214.407301 4215.607074 4233.518434 4231.889953 4217.076526 4205.831636 4195.983959 4185.747259 4166.480014 4144.574598 4151.103631 4171.624597 4174.328088 4179.318191 4188.457939 4188.384093 4180.659652 4175.380024 4186.753619 4191.487216 4203.262240 4223.088505 4228.383023 4247.383846 4283.776855 4296.562499 4311.733581 4329.747253 4349.859629 4371.908251 4395.335205 4409.750579 4425.205098 4443.636433 4460.347870 4480.623562 4503.069851
4532.250689 4500.009894 4478.266206 4460.487732 4440.636073 4411.597767 4391.515684 4389.110638 4382.983493 4350.627904 4296.136223 4261.746520 4240.127641 4218.269352 4195.428597 4169.916511 4129.134468 4093.212544 4070.794369 4089.853968 4102.420010 4117.532883 4106.963103 4096.832102 4087.422871 4068.007228 4050.681884 4032.681145 4044.547072 4053.297267 4075.837898 4083.897579 4087.968757 4095.007051 4093.484181 4080.644357 4072.179164 4080.027229 4089.801672 4102.362518 4126.645704 4164.296883 4189.262138 4207.914248 4228.376352 4246.582186 4267.457665 4290.061000 4313.141400 4330.306144 4348.456434 4366.596839 4387.299346 4405.782713 4427.914789
4448.201843 4419.847561 4393.609333 4370.230539 4336.801724 4287.909825 4273.479933 4264.248337 4239.282915 4188.035161 4146.413713 4129.969371 4120.356889 4097.590901 4077.506328 4047.829273 4013.037395 3993.003758 3972.406949 3984.172031 3995.798588 4019.000452 4011.442233 4006.191929 4004.380435 3988.954086 3975.953397 3958.893522 3964.846570 3977.849077 4003.536939 4010.241845 4014.688563 4024.970399 4024.354535 4018.955582 3998.441242 4004.501859 4015.401481 4030.413319 4062.683922 4084.615579 4106.539019 4128.376618 4147.334686 4168.398743 4189.935441 4212.369044 4238.804635 4258.153750 4276.856951 4298.073523 4316.570535 4329.378813 4343.845344
4337.005294 4313.705493 4295.197320 4271.108022 4226.120626 4181.975207 4138.776297 4108.486000 4051.487159 4016.158609 4000.584149 4005.079140 3995.308719 3977.169897 3959.716083 3941.661413 3921.717062 3904.788092 3879.887783 3886.349485 3903.793813 3922.336803 3926.412816 3929.244780 3928.668207 3920.300602 3907.111691 3893.590028 3897.467297 3915.340234 3933.825820 3944.876534 3953.027578 3960.848925 3960.374827 3949.747710 3938.944660 3943.163007 3958.699678 3974.501274 3990.526716 4010.104332 4030.001233 4049.808780 4071.664795 4093.426181 4115.423943 4139.393344 4165.547415 4186.605256 4209.641437 4233.337363 4248.342074 4255.381016 4260.592654
4233.002602 4215.230284 4192.801579 4165.155437 4122.900754 4084.165440 4044.060354 3994.253092 3961.653292 3934.560856 3932.078211 3918.955125 3908.446193 3896.488044 3877.643189 3863.463346 3851.174931 3831.146293 3824.606500 3833.241949 3847.387912 3854.960665 3863.642719 3862.320843 3860.682121 3856.085225 3842.348264 3840.413120 3851.076789 3866.254025 3879.549051 3891.605840 3898.524374 3903.201181 3899.876244 3890.143873 3887.945391 3895.849388 3910.919186 3923.412938 3936.611342 3956.052919 3974.608115 3994.987158 4016.187441 4036.817559 4059.898246 4083.713674 4108.590714 4135.053974 4156.016423 4172.466049 4179.320420 4186.984556 4183.038157
4108.325440 4099.343747 4074.117054 4046.183022 4018.865867 3988.468477 3967.221301 3937.631895 3909.335802 3882.237238 3857.711029 3848.552287 3845.152604 3834.605657 3819.965490 3810.970630 3797.188258 3790.873868 3800.042009 3801.349404 3808.810736 3806.316137 3807.882437 3806.127202 3806.126874 3805.048468 3800.844433 3814.620829 3820.831008 3833.740029 3843.424656 3853.160352 3858.642783 3861.819956 3863.188748 3859.513991 3865.888218 3871.113704 3883.860932 3894.047318 3906.075209 3924.571912 3939.975611 3957.219618 3977.841334 3999.168258 4021.220053 4045.218215 4071.675699 4094.563855 4110.022516 4114.246443 4121.266392 4119.634661 4105.123696
