tests/Borden05m/sims/sim_1/output-maps/psiliqL0014N0013.asc
ncols         160
nrows         34
xllcorner     620200.000000
yllcorner     5168000.000000
cellsize      0.500000
NODATA_value  -9999.0
[rows 0 to 24 of 34, columns 0 to 55 of 160]
-9999.0 -9999.0 -9999.0 -9999.0 -9999.0 -9999.0 -9999.0 -9999.0 -9999.0 -9999.0 -9999.0 -9999.0 -9999.0 -9999.0 -9999.0 -9999.0 -9999.0 -9999.0 -9999.0 -9999.0 -9999.0 -9999.0 -9999.0 -9999.0 -9999.0 -9999.0 -9999.0 -9999.0 -9999.0 -9999.0 -9999.0 -9999.0 -9999.0 -9999.0 -9999.0 -9999.0 -9999.0 -9999.0 -9999.0 -9999.0 -9999.0 -9999.0 -9999.0 -9999.0 -9999.0 -9999.0 -9999.0 -9999.0 -9999.0 -9999.0 -9999.0 -9999.0 -9999.0 -9999.0 -9999.0 -9999.0
-9999.0 -9999.0 -9999.0 -9999.0 -9999.0 -9999.0 -9999.0 -9999.0 -9999.0 -9999.0 -9999.0 -9999.0 -9999.0 -9999.0 -9999.0 -9999.0 -9999.0 -9999.0 -9999.0 -9999.0 -9999.0 -9999.0 -9999.0 -9999.0 -9999.0 -9999.0 -9999.0 -9999.0 -9999.0 -9999.0 -9999.0 -9999.0 -9999.0 -9999.0 -9999.0 -9999.0 -9999.0 -9999.0 -9999.0 -9999.0 -9999.0 -9999.0 -9999.0 -9999.0 -9999.0 -9999.0 -9999.0 -9999.0 -9999.0 -9999.0 -9999.0 -9999.0 -9999.0 -9999.0 -9999.0 -9999.0
-9999.0 -9999.0 -9999.0 -9999.0 -9999.0 -9999.0 -9999.0 -9999.0 -9999.0 -9999.0 -9999.0 -9999.0 -9999.0 -9999.0 -9999.0 -9999.0 -9999.0 -9999.0 -9999.0 -9999.0 -9999.0 -9999.0 -9999.0 -9999.0 -9999.0 -9999.0 -9999.0 -9999.0 -9999.0 -9999.0 -9999.0 -9999.0 -9999.0 -9999.0 -9999.0 -9999.0 -9999.0 -9999.0 -9999.0 -9999.0 -9999.0 -9999.0 -9999.0 -9999.0 -9999.0 -9999.0 -9999.0 896.189151 878.985809 863.614882 861.291053 883.853477 907.390208 931.365760 952.127765 970.897017
-9999.0 -9999.0 -9999.0 -9999.0 -9999.0 -9999.0 -9999.0 -9999.0 -9999.0 -9999.0 -9999.0 -9999.0 -9999.0 -9999.0 -9999.0 -9999.0 -9999.0 -9999.0 -9999.0 -9999.0 -9999.0 -9999.0 -9999.0 -9999.0 -9999.0 -9999.0 -9999.0 -9999.0 -9999.0 -9999.0 -9999.0 -9999.0 -9999.0 -9999.0 -9999.0 -9999.0 -9999.0 -9999.0 -9999.0 -9999.0 943.598122 949.583637 950.802297 940.527745 929.484835 917.335297 897.437016 879.811591 865.237844 862.950193 865.809873 870.916144 893.543712 918.469700 938.379394 955.538520
-9999.0 -9999.0 -9999.0 -9999.0 -9999.0 -9999.0 -9999.0 -9999.0 -9999.0 -9999.0 -9999.0 -9999.0 -9999.0 -9999.0 -9999.0 -9999.0 -9999.0 -9999.0 -9999.0 -9999.0 -9999.0 -9999.0 -9999.0 -9999.0 -9999.0 -9999.0 -9999.0 -9999.0 -9999.0 -9999.0 -9999.0 -9999.0 -9999.0 -9999.0 850.797855 868.302460 886.532249 905.119176 922.030285 928.954425 934.853019 940.680985 936.700197 932.269200 921.118544 902.079446 882.797219 869.255185 867.434023 865.221744 869.723720 882.741156 899.770898 916.138313 937.313937 961.190855
-9999.0 -9999.0 -9999.0 -9999.0 -9999.0 -9999.0 -9999.0 -9999.0 -9999.0 -9999.0 -9999.0 -9999.0 -9999.0 -9999.0 -9999.0 -9999.0 -9999.0 -9999.0 -9999.0 -9999.0 -9999.0 -9999.0 -9999.0 -9999.0 -9999.0 -9999.0 -9999.0 -9999.0 854.365668 848.597933 843.777857 842.522886 841.457959 840.583322 847.577797 859.755316 877.921553 899.842231 913.043883 920.476429 927.328777 928.250740 923.397071 921.666663 922.266602 910.651987 899.207565 888.520271 878.223731 876.866074 886.679305 901.106210 917.634284 932.806958 948.570388 959.342187
-9999.0 -9999.0 -9999.0 -9999.0 -9999.0 -9999.0 -9999.0 -9999.0 -9999.0 -9999.0 -9999.0 -9999.0 -9999.0 -9999.0 -9999.0 -9999.0 -9999.0 -9999.0 -9999.0 -9999.0 -9999.0 -9999.0 -9999.0 823.933724 829.795615 836.509312 844.196829 845.336610 841.504098 836.138284 833.384063 832.168299 830.707856 835.460460 843.728398 857.519038 873.569590 895.727107 904.573876 910.832904 923.275345 926.330066 932.425666 936.767518 935.331418 932.687670 920.341266 911.217729 916.395328 922.461512 929.571332 937.900456 951.653647 967.313399 984.948183 1005.443143
-9999.0 -9999.0 -9999.0 -9999.0 -9999.0 -9999.0 -9999.0 -9999.0 -9999.0 -9999.0 -9999.0 -9999.0 -9999.0 -9999.0 -9999.0 -9999.0 -9999.0 -9999.0 -9999.0 798.490108 799.528722 800.896994 805.783092 806.759516 809.085463 816.290284 824.681993 827.322296 825.848881 824.725867 826.555845 829.583499 834.278072 845.867790 859.990354 874.496018 888.668585 909.893287 924.987064 938.872377 955.177319 954.865093 951.181346 949.677520 950.481520 950.980581 955.263623 958.219031 964.811741 969.770949 976.425893 986.163403 998.108969 1016.759545 1037.015039 1057.222269
-9999.0 -9999.0 -9999.0 -9999.0 -9999.0 -9999.0 -9999.0 -9999.0 -9999.0 -9999.0 -9999.0 -9999.0 -9999.0 -9999.0 -9999.0 -9999.0 769.512864 771.473170 773.843800 779.404185 782.484126 786.691022 793.865545 795.354378 799.383988 806.804222 811.987132 821.112076 829.494345 837.156616 843.493451 846.561429 854.395574 864.423950 876.702490 892.352430 914.241304 937.765358 954.461111 971.731436 989.250578 990.288690 989.601137 991.112325 991.955889 998.644101 1016.480486 1022.675200 1024.298703 1041.148717 1055.613215 1061.221906 1069.437009 1089.047548 1113.265148 1137.032527
-9999.0 -9999.0 -9999.0 -9999.0 -9999.0 -9999.0 -9999.0 -9999.0 -9999.0 -9999.0 -9999.0 -9999.0 -9999.0 722.999392 727.252670 736.955584 746.348010 749.049344 753.537131 759.814731 772.263330 776.164331 782.685597 790.567821 802.758476 811.721934 821.258016 833.482283 842.305436 849.969944 857.451991 863.550958 877.269715 892.974005 909.207694 929.924583 952.439749 973.533610 994.584696 1010.980417 1025.274403 1027.799095 1027.283665 1030.081999 1038.207046 1055.858834 1075.254735 1085.007248 1103.921190 1127.631847 1141.793693 1154.167132 1163.500056 1177.515044 1199.290832 1234.099300
-9999.0 -9999.0 -9999.0 -9999.0 -9999.0 -9999.0 -9999.0 -9999.0 -9999.0 -9999.0 689.652885 692.087473 688.822337 688.784585 694.027251 706.305390 720.188590 727.001430 738.812343 759.983739 778.032062 781.890593 796.800701 807.384447 814.556400 825.536628 839.158989 852.489432 869.873472 882.970063 895.241409 915.454664 932.599035 949.830277 968.312375 989.287696 1009.900486 1039.199865 1067.037652 1080.798018 1103.925532 1115.754654 1113.598227 1114.330848 1123.856429 1140.664014 1162.851862 1187.295636 1209.978085 1236.236397 1254.603724 1269.788911 1281.302169 1294.388362 1310.793988 1346.355074
-9999.0 -9999.0 -9999.0 -9999.0 -9999.0 -9999.0 -9999.0 -9999.0 664.985897 672.381544 678.657325 675.832041 671.512249 667.836128 681.711778 697.765310 714.058161 731.903689 748.221844 766.748485 782.471082 799.191926 819.466696 831.712024 843.954545 859.866089 874.187941 892.063626 914.104829 927.794153 945.546888 967.850100 987.420672 1006.375870 1026.059797 1045.254695 1072.818553 1107.383775 1140.363147 1164.200840 1193.017539 1216.922666 1217.052447 1220.262327 1225.354483 1251.714372 1281.843133 1313.196935 1339.323702 1367.332651 1397.316494 1415.826136 1427.071033 1440.204157 1455.887979 1474.909125
-9999.0 -9999.0 -9999.0 -9999.0 -9999.0 -9999.0 637.861785 662.190257 677.324365 669.595051 660.005452 656.572995 652.778030 676.065060 698.205891 715.706463 732.934725 750.931529 767.913968 781.562240 815.950260 834.267269 849.371059 868.278398 883.578738 898.923325 917.186355 941.432495 964.291901 995.193674 1022.410981 1047.710047 1075.084972 1095.932040 1115.865430 1135.333360 1167.695237 1205.987676 1243.554763 1273.383971 1301.432709 1332.659635 1340.535828 1346.744323 1354.315112 1375.462138 1407.264867 1437.923200 1471.992692 1504.343032 1531.249890 1543.506854 1554.287603 1565.999653 1579.791400 1592.372102
-9999.0 -9999.0 -9999.0 -9999.0 604.314339 625.321315 645.536377 676.385178 699.129977 694.321224 701.285133 701.717044 700.209699 704.225473 711.464489 729.906575 748.852588 768.126431 786.598727 822.385476 866.997612 883.490351 908.934921 941.867614 956.588055 972.845468 990.054655 1014.139647 1042.151946 1076.837865 1121.853804 1160.333748 1187.258760 1211.200942 1233.333044 1256.257937 1290.892021 1329.106990 1366.496042 1401.216743 1431.586245 1457.687168 1470.754287 1478.903679 1490.855404 1507.224992 1528.561895 1555.853600 1586.996192 1619.003794 1644.117965 1657.990002 1666.149069 1677.018291 1687.717912 1699.924863
-9999.0 -9999.0 -9999.0 555.097108 593.840756 631.695954 658.937068 690.062598 722.376163 727.483347 736.708168 742.127710 747.493521 756.464536 765.569509 783.033807 799.510439 815.708415 838.365916 875.889335 911.945104 943.188128 976.409800 1004.658131 1026.730069 1043.775930 1063.296057 1088.399127 1129.157546 1167.760532 1218.839181 1272.690367 1310.135210 1335.073170 1357.592119 1385.069498 1410.264063 1446.504792 1481.510015 1514.715562 1546.507521 1571.417177 1590.391392 1598.190366 1607.687748 1616.343381 1632.619370 1654.047660 1675.859403 1704.531989 1732.713105 1757.164793 1771.177489 1781.289778 1797.309586 1813.285641
-9999.0 -9999.0 507.964568 545.750331 580.080560 630.612640 683.721602 718.275780 759.447244 783.775332 791.013819 808.669114 825.251669 833.067435 849.195456 866.837525 884.601047 891.713748 908.988996 940.927399 992.132973 1039.209993 1062.761869 1115.354458 1149.794851 1178.105791 1196.519053 1223.924328 1259.800650 1302.001432 1350.709675 1400.540186 1439.089712 1470.273135 1486.810304 1506.103623 1528.644887 1552.392981 1585.972871 1614.769074 1646.004151 1672.073954 1693.901515 1700.976760 1705.984276 1721.504385 1745.382134 1770.746959 1794.804919 1818.030912 1822.487830 1833.877430 1839.521695 1843.122096 1847.987207 1851.414487
-9999.0 -9999.0 481.431817 526.321608 567.023366 634.068416 713.608682 751.180034 794.543492 840.726998 860.007227 884.965802 898.254883 909.323995 933.287147 956.360410 968.537921 975.772458 976.551809 1033.053069 1092.661368 1145.720904 1195.978361 1263.266745 1309.171421 1326.388339 1339.434138 1360.499211 1385.501559 1428.572324 1475.822336 1527.769576 1570.828594 1601.332186 1617.260849 1635.094339 1654.918377 1672.346141 1691.066183 1729.606360 1756.496875 1782.032825 1808.610758 1828.673246 1836.898632 1840.271489 1830.485592 1839.792688 1846.344460 1849.589107 1851.056574 1848.286656 1848.187329 1849.375058 1850.715152 1845.908713
-9999.0 392.749054 444.942021 498.369988 567.649064 635.442230 719.320768 799.807759 856.590734 904.020044 933.906167 947.795399 986.776715 1030.344116 1056.868656 1084.330014 1087.771882 1093.362790 1085.168450 1134.271769 1185.847519 1262.351693 1372.352910 1429.388993 1473.876810 1477.405686 1473.794130 1486.992698 1510.995065 1553.727047 1619.144201 1665.217508 1716.790023 1755.720037 1770.368943 1776.944348 1794.045402 1813.412960 1802.541223 1824.065515 1834.428179 1843.249770 1846.122470 1848.350097 1849.844980 1850.422746 1847.594650 1841.596703 1834.156494 1828.818533 1824.897199 1820.481069 1823.027272 1826.383978 1827.131648 1820.111538
-9999.0 357.434554 417.072891 488.847233 560.260224 629.587077 734.515878 876.478048 930.206627 968.295228 993.062610 1018.947239 1097.856483 1164.043765 1198.788086 1243.095042 1239.106922 1230.211764 1219.817899 1254.378785 1305.517085 1379.997628 1519.777641 1603.658809 1631.545583 1644.130573 1652.539044 1679.232608 1715.254982 1750.457299 1782.379731 1783.856681 1809.131840 1822.161584 1826.589858 1828.851535 1832.927664 1833.848823 1832.695595 1830.064703 1826.517345 1827.729534 1832.546390 1833.029440 1830.748241 1827.932467 1822.404035 1814.742077 1808.960580 1803.954925 1800.751155 1797.370613 1795.548205 1795.384820 1790.789680 1784.683057
-9999.0 328.398581 399.469423 463.472171 529.861111 646.044918 772.142874 907.515359 1000.911346 1040.091019 1067.390212 1138.990989 1238.735808 1332.741875 1383.519919 1409.132518 1412.742499 1395.219075 1401.912256 1448.212730 1513.805886 1603.977134 1692.797577 1768.141008 1782.918669 1788.511607 1771.243684 1785.305257 1798.314457 1802.137901 1805.123183 1809.886660 1816.651462 1820.888444 1821.042091 1819.440423 1815.808390 1808.793633 1804.594185 1802.002417 1799.193326 1799.292149 1802.284792 1803.638752 1801.154227 1797.123020 1792.153865 1785.875920 1779.088457 1771.803623 1767.172916 1762.587840 1759.970588 1754.749968 1749.887160 1743.206163
-9999.0 230.397152 318.286524 374.395464 491.962063 665.541992 792.547589 943.869175 1089.653010 1131.459790 1209.247005 1327.143871 1429.814637 1501.284244 1541.151880 1582.469601 1611.900251 1637.044809 1673.605810 1639.139969 1695.981681 1752.160144 1777.720789 1791.364335 1795.194549 1798.752472 1793.100248 1776.071170 1767.695068 1762.898773 1766.304109 1775.046946 1781.795729 1788.296325 1787.097230 1788.194130 1788.495722 1785.185051 1781.640233 1773.760161 1766.494009 1761.036134 1759.398324 1764.561856 1759.528926 1755.993803 1749.519967 1740.945630 1731.695914 1723.428744 1715.151426 1707.893840 1704.585614 1698.527579 1696.325179 1687.304820
-9999.0 149.511719 226.756072 318.265007 458.585627 623.341719 756.035240 924.879797 1131.956667 1248.210473 1370.168759 1440.517386 1512.090616 1571.920953 1632.768768 1677.492885 1702.276761 1713.961367 1707.714864 1721.269109 1694.096972 1691.053049 1711.116335 1739.433640 1754.535946 1760.386275 1753.741412 1744.757088 1739.096554 1739.342949 1739.239440 1738.771151 1737.901905 1736.393670 1733.723419 1735.793798 1740.203398 1734.025766 1725.469826 1717.375201 1710.088186 1701.910147 1696.447139 1692.949762 1691.562070 1690.930050 1683.052200 1672.266565 1661.245931 1652.546757 1644.345779 1638.204641 1635.075982 1629.530321 1620.986478 1608.038701
-9999.0 52.475812 173.068840 268.606904 392.784545 530.894013 659.800696 825.608400 977.141103 1196.199524 1354.889841 1456.172194 1496.229602 1552.549144 1610.630026 1675.472527 1680.918022 1654.604772 1626.208658 1615.398979 1624.144066 1636.660875 1652.027733 1673.137873 1691.800926 1702.483537 1705.518656 1699.002718 1686.376340 1677.834377 1671.782234 1662.588636 1655.987679 1655.086630 1655.914462 1662.871541 1664.814851 1655.551200 1642.548480 1626.548758 1612.601097 1602.065120 1599.097286 1600.248489 1600.005283 1596.155435 1589.072917 1578.320451 1565.553718 1553.521515 1545.732201 1539.855789 1532.509321 1522.100397 1510.520721 1497.429163
-9999.0 -9999.0 98.550582 210.111579 319.912695 444.374757 562.572439 708.940988 861.362184 1044.420598 1162.602846 1289.773368 1360.264418 1405.129033 1454.106614 1507.455988 1526.242774 1546.279971 1532.154139 1539.083831 1548.183954 1556.359436 1567.670589 1580.427875 1594.509461 1605.134809 1613.335782 1611.830469 1603.382424 1586.916217 1567.250722 1552.187642 1543.607639 1536.783183 1545.824571 1556.771337 1553.543939 1546.649020 1534.592714 1518.895471 1505.894541 1492.216363 1488.322028 1488.398992 1488.203186 1485.043960 1480.321751 1467.385162 1454.334356 1442.251406 1436.376164 1429.834003 1423.963916 1412.718083 1400.666605 1387.412549
-9999.0 -9999.0 14.518113 123.972170 239.962686 364.520981 466.884311 547.177341 701.610054 819.578663 924.185539 1021.676505 1102.688518 1164.746721 1207.897336 1267.604246 1307.682165 1324.147639 1344.774870 1375.406434 1402.522781 1431.248464 1450.494013 1464.044788 1478.568710 1492.231251 1501.262340 1490.203988 1479.864945 1463.924694 1443.345426 1420.769866 1408.978348 1405.320547 1407.346186 1412.130919 1406.207481 1396.492756 1382.097000 1366.425586 1353.359540 1341.937599 1337.652035 1334.040319 1332.428040 1329.288528 1325.904242 1317.286617 1305.962677 1298.126518 1289.590299 1283.313340 1279.877880 1272.829570 1263.311176 1256.649301
