tests/Borden05m/sims/sim_1/output-maps/psiliqL0000N0011.asc
ncols         160
nrows         34
xllcorner     620200.000000
yllcorner     5168000.000000
cellsize      0.500000
NODATA_value  -9999.0
[rows 0 to 24 of 34, columns 0 to 55 of 160]
-9999.0 -9999.0 -9999.0 -9999.0 -9999.0 -9999.0 -9999.0 -9999.0 -9999.0 -9999.0 -9999.0 -9999.0 -9999.0 -9999.0 -9999.0 -9999.0 -9999.0 -9999.0 -9999.0 -9999.0 -9999.0 -9999.0 -9999.0 -9999.0 -9999.0 -9999.0 -9999.0 -9999.0 -9999.0 -9999.0 -9999.0 -9999.0 -9999.0 -9999.0 -9999.0 -9999.0 -9999.0 -9999.0 -9999.0 -9999.0 -9999.0 -9999.0 -9999.0 -9999.0 -9999.0 -9999.0 -9999.0 -9999.0 -9999.0 -9999.0 -9999.0 -9999.0 -9999.0 -9999.0 -9999.0 -9999.0
-9999.0 -9999.0 -9999.0 -9999.0 -9999.0 -9999.0 -9999.0 -9999.0 -9999.0 -9999.0 -9999.0 -9999.0 -9999.0 -9999.0 -9999.0 -9999.0 -9999.0 -9999.0 -9999.0 -9999.0 -9999.0 -9999.0 -9999.0 -9999.0 -9999.0 -9999.0 -9999.0 -9999.0 -9999.0 -9999.0 -9999.0 -9999.0 -9999.0 -9999.0 -9999.0 -9999.0 -9999.0 -9999.0 -9999.0 -9999.0 -9999.0 -9999.0 -9999.0 -9999.0 -9999.0 -9999.0 -9999.0 -9999.0 -9999.0 -9999.0 -9999.0 -9999.0 -9999.0 -9999.0 -9999.0 -9999.0
-9999.0 -9999.0 -9999.0 -9999.0 -9999.0 -9999.0 -9999.0 -9999.0 -9999.0 -9999.0 -9999.0 -9999.0 -9999.0 -9999.0 -9999.0 -9999.0 -9999.0 -9999.0 -9999.0 -9999.0 -9999.0 -9999.0 -9999.0 -9999.0 -9999.0 -9999.0 -9999.0 -9999.0 -9999.0 -9999.0 -9999.0 -9999.0 -9999.0 -9999.0 -9999.0 -9999.0 -9999.0 -9999.0 -9999.0 -9999.0 -9999.0 -9999.0 -9999.0 -9999.0 -9999.0 -9999.0 -9999.0 -563.682384 -566.890807 -570.805031 -571.907295 -567.597132 -565.826489 -564.238273 -563.273518 -562.399282
-9999.0 -9999.0 -9999.0 -9999.0 -9999.0 -9999.0 -9999.0 -9999.0 -9999.0 -9999.0 -9999.0 -9999.0 -9999.0 -9999.0 -9999.0 -9999.0 -9999.0 -9999.0 -9999.0 -9999.0 -9999.0 -9999.0 -9999.0 -9999.0 -9999.0 -9999.0 -9999.0 -9999.0 -9999.0 -9999.0 -9999.0 -9999.0 -9999.0 -9999.0 -9999.0 -9999.0 -9999.0 -9999.0 -9999.0 -9999.0 -564.699187 -563.202801 -561.919668 -564.031209 -564.825211 -564.483867 -566.628037 -569.184123 -571.858503 -570.977019 -570.953986 -573.004668 -570.141023 -567.923672 -567.319995 -566.854478
-9999.0 -9999.0 -9999.0 -9999.0 -9999.0 -9999.0 -9999.0 -9999.0 -9999.0 -9999.0 -9999.0 -9999.0 -9999.0 -9999.0 -9999.0 -9999.0 -9999.0 -9999.0 -9999.0 -9999.0 -9999.0 -9999.0 -9999.0 -9999.0 -9999.0 -9999.0 -9999.0 -9999.0 -9999.0 -9999.0 -9999.0 -9999.0 -9999.0 -9999.0 -570.720480 -567.979549 -566.884527 -565.874808 -564.233368 -564.978258 -565.622942 -564.328042 -565.502450 -565.490688 -566.867706 -569.494734 -572.133565 -573.578263 -571.823503 -572.353995 -572.396165 -571.067616 -570.347755 -570.220767 -568.444391 -565.465871
-9999.0 -9999.0 -9999.0 -9999.0 -9999.0 -9999.0 -9999.0 -9999.0 -9999.0 -9999.0 -9999.0 -9999.0 -9999.0 -9999.0 -9999.0 -9999.0 -9999.0 -9999.0 -9999.0 -9999.0 -9999.0 -9999.0 -9999.0 -9999.0 -9999.0 -9999.0 -9999.0 -9999.0 -566.333445 -567.428772 -568.258886 -568.183252 -568.581668 -570.165505 -570.663380 -570.508633 -569.151411 -566.886358 -566.646336 -567.078334 -566.987300 -567.610807 -569.257480 -569.386973 -567.475606 -569.064439 -569.744501 -570.759275 -573.538467 -574.234007 -572.676812 -571.252194 -570.093496 -569.985281 -570.044342 -570.292031
-9999.0 -9999.0 -9999.0 -9999.0 -9999.0 -9999.0 -9999.0 -9999.0 -9999.0 -9999.0 -9999.0 -9999.0 -9999.0 -9999.0 -9999.0 -9999.0 -9999.0 -9999.0 -9999.0 -9999.0 -9999.0 -9999.0 -9999.0 -568.037546 -567.024899 -566.686945 -565.823328 -566.319265 -568.540129 -569.926107 -570.516613 -571.012921 -572.201016 -572.390715 -572.509710 -571.896137 -571.517498 -569.130257 -570.592822 -571.554750 -569.435030 -570.026846 -568.581509 -566.896897 -567.261059 -566.847394 -569.876397 -572.139443 -569.696867 -568.765705 -568.989102 -569.686414 -569.097469 -568.283186 -567.260650 -565.332476
-9999.0 -9999.0 -9999.0 -9999.0 -9999.0 -9999.0 -9999.0 -9999.0 -9999.0 -9999.0 -9999.0 -9999.0 -9999.0 -9999.0 -9999.0 -9999.0 -9999.0 -9999.0 -9999.0 -567.723532 -568.066021 -568.734710 -568.522420 -570.682126 -571.613389 -571.065967 -569.988446 -570.694987 -571.921463 -572.974603 -572.859634 -572.741903 -573.051094 -571.544001 -570.382276 -570.121713 -570.666092 -568.858131 -568.467798 -567.498976 -564.611816 -566.674510 -568.634663 -569.657816 -569.744895 -570.346207 -568.541998 -568.028706 -567.965354 -568.282814 -568.393512 -568.126021 -568.107570 -565.982551 -564.138699 -562.750553
-9999.0 -9999.0 -9999.0 -9999.0 -9999.0 -9999.0 -9999.0 -9999.0 -9999.0 -9999.0 -9999.0 -9999.0 -9999.0 -9999.0 -9999.0 -9999.0 -567.762649 -567.962775 -568.795672 -570.155295 -571.321364 -571.381449 -570.559229 -572.172439 -572.737870 -572.444723 -573.193402 -572.480364 -571.702585 -570.750083 -570.352559 -571.532699 -571.412895 -571.694365 -571.982724 -571.664506 -569.607684 -567.780730 -567.614343 -566.348654 -563.812139 -565.497300 -566.176544 -566.103396 -567.169239 -566.458460 -562.543946 -563.427897 -565.454088 -561.408136 -559.420366 -560.515675 -561.238787 -558.923224 -555.354576 -550.718543
-9999.0 -9999.0 -9999.0 -9999.0 -9999.0 -9999.0 -9999.0 -9999.0 -9999.0 -9999.0 -9999.0 -9999.0 -9999.0 -567.824433 -568.017300 -567.854341 -569.975197 -571.597873 -572.603543 -573.999003 -572.367042 -573.638558 -574.080816 -573.850230 -572.412113 -572.459002 -572.374150 -571.520497 -571.942808 -572.500290 -573.047353 -574.087541 -572.967745 -571.885841 -571.231639 -569.679090 -568.622849 -567.914822 -566.256454 -566.249577 -565.171344 -565.847414 -567.542061 -567.952556 -566.799898 -563.281325 -560.793753 -560.197088 -555.339547 -550.294988 -548.134553 -545.134928 -543.967376 -542.385295 -537.770010 -522.196783
-9999.0 -9999.0 -9999.0 -9999.0 -9999.0 -9999.0 -9999.0 -9999.0 -9999.0 -9999.0 -570.885925 -569.831026 -571.389702 -574.293745 -575.593205 -574.998987 -574.386796 -575.525362 -575.568872 -572.661421 -571.119931 -574.023915 -572.174414 -572.238044 -573.529502 -573.326540 -572.662516 -572.679940 -570.996670 -571.102039 -571.266868 -568.468533 -567.941425 -567.378243 -566.533366 -565.667833 -565.052556 -561.054856 -557.737001 -558.399006 -553.417349 -550.260317 -553.231947 -554.292324 -553.669893 -550.118980 -544.316370 -535.748780 -526.484651 -512.227075 -498.610256 -488.330867 -479.299744 -465.558859 -440.845290 -404.658872
-9999.0 -9999.0 -9999.0 -9999.0 -9999.0 -9999.0 -9999.0 -9999.0 -575.031937 -573.395192 -572.362395 -573.673135 -575.433651 -578.627886 -577.477070 -576.365618 -575.650620 -574.554850 -574.092796 -573.755721 -574.620950 -573.731621 -571.982069 -572.636781 -572.560163 -571.466268 -571.610377 -570.705981 -569.257459 -570.351862 -569.734834 -568.528165 -567.507540 -566.642621 -565.550880 -565.143425 -561.112911 -555.676520 -549.699721 -544.629867 -537.241770 -527.372025 -527.662110 -525.456178 -523.053011 -508.770433 -486.866524 -446.032402 -405.419319 -389.410119 -374.931538 -366.468356 -359.740790 -349.660661 -335.371498 -322.117500
-9999.0 -9999.0 -9999.0 -9999.0 -9999.0 -9999.0 -577.424372 -573.813925 -572.084401 -576.239081 -579.386548 -580.434387 -582.316061 -578.289977 -574.726144 -574.131844 -573.701825 -573.181093 -573.684863 -576.219338 -570.901646 -572.638275 -573.937866 -572.450490 -572.786606 -572.849970 -572.033827 -569.953099 -569.303906 -565.035101 -562.143325 -559.757245 -556.308563 -554.319661 -552.134418 -549.605211 -542.162528 -530.334441 -512.915269 -493.569710 -465.670714 -424.292176 -406.888448 -399.398976 -394.768566 -387.588906 -372.057267 -350.619974 -323.887909 -299.907110 -282.283152 -274.070963 -265.394018 -254.243069 -239.326116 -221.923934
-9999.0 -9999.0 -9999.0 -9999.0 -575.255636 -574.518538 -575.292293 -572.191012 -570.050391 -575.122625 -573.333293 -574.222366 -575.874106 -577.933130 -580.398701 -578.758055 -577.872540 -577.333559 -577.799571 -572.639319 -568.423475 -571.720741 -569.745385 -565.660352 -566.971212 -566.770445 -566.868594 -565.291377 -562.194351 -558.300722 -548.437180 -539.420144 -533.375418 -524.920665 -515.601845 -502.767835 -477.734077 -424.080955 -395.003004 -376.320983 -356.262047 -336.406389 -322.339581 -315.581804 -307.643054 -298.182956 -284.226193 -262.165148 -235.535456 -203.266540 -181.830772 -166.558078 -159.562492 -146.186400 -128.995689 -81.548501
-9999.0 -9999.0 -9999.0 -577.312405 -573.802502 -572.623874 -574.511182 -574.020942 -571.421007 -574.188489 -574.765027 -575.254347 -575.552141 -575.560782 -575.832958 -574.947675 -574.901133 -575.832756 -575.310762 -572.461618 -571.480922 -569.345733 -567.907861 -565.380314 -563.167093 -562.538495 -561.477024 -558.241454 -549.570027 -539.598360 -518.590925 -485.931175 -439.726271 -405.707639 -393.849178 -381.685083 -367.613524 -342.794639 -318.698527 -295.495631 -269.797776 -245.402795 -221.240855 -213.867113 -207.648786 -201.779141 -184.614253 -165.881352 -139.698135 -78.296154 -82.365196 -36.360136 -52.070442 -19.542842 -7.306275 5.693639
-9999.0 -9999.0 -576.521644 -574.567356 -576.102460 -573.682039 -571.044102 -573.332015 -570.133081 -569.190357 -572.783661 -570.928911 -570.053294 -572.320853 -571.096908 -569.724664 -569.145353 -571.888498 -574.027482 -570.709553 -563.340077 -557.605524 -554.984881 -539.629296 -530.208462 -523.909043 -521.042870 -510.775811 -492.474136 -437.212942 -394.835346 -366.998321 -337.894764 -312.140993 -301.139422 -287.429326 -264.409394 -246.755701 -223.047099 -198.163954 -170.028211 -140.083773 -82.652407 -74.555053 -71.117307 -85.731024 -41.449023 -47.527027 -5.268288 11.329459 28.031006 27.754410 28.311482 27.669955 28.196730 27.716181
-9999.0 -9999.0 -578.819718 -575.516745 -578.009615 -572.842612 -568.256537 -573.446712 -572.309537 -567.560251 -569.215442 -568.932172 -569.847188 -569.791719 -567.922527 -563.730278 -566.280735 -567.250128 -572.463530 -561.369482 -551.796854 -534.471373 -496.402897 -442.804162 -401.905251 -395.659767 -393.519410 -386.051472 -372.494959 -338.873703 -294.676469 -252.487125 -214.483415 -188.039774 -174.083491 -156.647192 -106.022550 -87.723643 -106.363993 -78.183369 -30.327503 -12.848462 7.114666 22.467800 28.247540 27.651490 28.225138 27.678725 28.160855 28.039582 27.264879 24.642689 23.280413 24.124738 24.519821 20.377561
-9999.0 -579.414686 -577.803121 -577.803611 -574.504551 -575.889168 -572.168627 -566.772848 -567.717568 -566.176364 -566.611186 -570.440631 -559.379873 -549.839706 -547.182065 -538.736486 -542.954541 -545.782949 -551.972961 -540.322632 -516.767030 -431.575753 -356.615580 -307.457444 -281.041874 -276.673334 -279.663440 -267.249848 -243.608977 -206.812390 -140.860557 -80.320873 -45.418292 -19.792640 -11.927220 -10.754744 1.409140 15.526622 30.475357 32.808080 32.192631 32.780439 27.773037 28.253468 27.503543 28.325604 24.844384 19.539101 12.000513 6.811471 3.490374 0.074334 1.420531 4.284665 5.765195 0.047647
-9999.0 -584.551801 -577.911694 -574.082391 -575.827602 -578.839572 -569.875935 -556.700605 -562.891871 -565.236942 -566.458324 -558.147752 -531.053136 -502.343330 -478.909413 -439.289470 -443.717804 -461.974915 -460.286439 -412.814225 -376.593289 -320.865680 -216.396996 -97.159147 -95.236140 -87.512376 -80.495327 -61.327176 -37.315912 -17.023005 0.068571 20.082689 22.163103 21.984813 22.203539 21.977582 22.149380 21.963118 18.833900 15.090204 10.957902 10.672581 14.120880 13.667449 11.479726 8.554170 3.712086 -4.473255 -10.528049 -15.106220 -18.739779 -37.429482 -24.789315 -21.888456 -24.996581 -54.584819
-9999.0 -579.031467 -571.502764 -573.579512 -580.012211 -571.237123 -568.426409 -559.983678 -553.884526 -557.410524 -546.331018 -503.238189 -416.476534 -376.802412 -348.460232 -322.730392 -299.450415 -299.859289 -280.805054 -235.800230 -138.874956 -82.705380 -43.443160 3.730468 9.271025 9.272697 9.250939 9.254828 9.239854 9.233844 9.215760 7.406353 11.663820 13.667301 12.296904 9.616675 5.111374 -2.611511 -7.985458 -10.913250 -14.108770 -14.246683 -11.340735 -10.983698 -13.313291 -16.804695 -22.561112 -61.004801 -72.747340 -81.174437 -86.210659 -92.160386 -93.066097 -96.937570 -102.904240 -113.219285
-9999.0 -587.689435 -576.953067 -586.125261 -573.396477 -563.284767 -566.073404 -551.286131 -533.182662 -527.555140 -455.445642 -387.008197 -328.971734 -283.545914 -237.190394 -169.425683 -69.378748 -46.817907 -23.090985 -20.578126 5.770270 17.643166 17.671207 17.625496 9.288990 9.263248 2.133025 -16.513080 -26.864504 -33.570430 -31.989149 -25.276619 -19.235734 -13.507588 -15.604368 -15.797699 -17.701105 -58.396758 -68.121804 -76.989019 -84.327072 -89.050173 -89.504412 -83.948914 -89.128467 -93.530043 -101.261111 -114.563616 -125.634615 -134.671052 -142.712498 -149.898020 -152.796752 -158.415156 -160.302022 -167.970588
-9999.0 -594.142411 -586.500558 -580.695541 -569.671286 -562.397504 -555.199078 -538.618211 -495.732250 -426.673302 -372.172910 -342.810180 -294.279649 -231.313594 -152.021423 -23.390943 1.448899 1.448907 1.448899 -12.247876 -55.372807 -63.141298 -51.190057 -31.667710 -25.015046 -22.698379 -35.241070 -86.525576 -99.853356 -102.442108 -103.435617 -103.055789 -102.968348 -104.212810 -107.771249 -107.791275 -106.495689 -118.184129 -127.975409 -135.491090 -141.487168 -148.289610 -152.846558 -154.966909 -157.250710 -158.134331 -166.023192 -177.423367 -188.345575 -196.568558 -204.432114 -210.522995 -212.378669 -216.333385 -221.444515 -230.379140
-9999.0 -608.621828 -583.684442 -580.707400 -574.124406 -572.572169 -571.390780 -559.403017 -539.274049 -436.474088 -322.110059 -309.362547 -292.180015 -255.200904 -186.585297 -106.392219 -24.146817 -55.472532 -84.953080 -163.559653 -178.592642 -175.208504 -162.785398 -143.217938 -129.275565 -122.930134 -126.883504 -142.697274 -158.779135 -166.750817 -170.428665 -177.293557 -182.646809 -183.126757 -185.686559 -182.054892 -179.948602 -190.252255 -202.236328 -215.148119 -225.932599 -233.615265 -236.054378 -235.354211 -235.847429 -238.517053 -245.332562 -254.602774 -265.739026 -275.444881 -282.869861 -287.822525 -292.446960 -298.521861 -305.013230 -311.545201
-9999.0 -9999.0 -594.942115 -580.553715 -578.853159 -576.947332 -575.357508 -565.678084 -555.830659 -513.459851 -433.574699 -388.178434 -364.976147 -334.693602 -283.804266 -235.169004 -216.443319 -209.499713 -239.280300 -253.634900 -257.800017 -256.025153 -246.864199 -234.866680 -223.553919 -216.957146 -214.237781 -217.960957 -227.670519 -241.263251 -256.126765 -267.306507 -274.368972 -279.253580 -273.741658 -265.258032 -266.523111 -271.969511 -280.699585 -291.678290 -300.334197 -308.923137 -310.700370 -309.477354 -309.327674 -311.523555 -315.777462 -325.923739 -336.816436 -347.499644 -352.831027 -357.644141 -361.866664 -368.754455 -375.134525 -381.478277
-9999.0 -9999.0 -611.083441 -587.910515 -578.175275 -571.530260 -572.825011 -571.733875 -557.363624 -551.036866 -539.654019 -517.817062 -492.263699 -446.647979 -404.426272 -379.801542 -369.449540 -365.087173 -367.044762 -364.213943 -353.518783 -339.570063 -328.181673 -318.280990 -309.645914 -302.880349 -296.633880 -304.279154 -311.947583 -323.655867 -339.479843 -356.552636 -365.075581 -369.238654 -366.670944 -361.840384 -364.746365 -370.266614 -377.366843 -384.979454 -390.080376 -395.037569 -396.156008 -396.480501 -396.524626 -397.974540 -401.000080 -411.534912 -430.597420 -446.862785 -458.707888 -467.857480 -472.789472 -481.730504 -491.223862 -497.503732
