tests/Borden05m/sims/sim_1/output-maps/psiliqL0015N0014.asc
ncols         160
nrows         34
xllcorner     620200.000000
yllcorner     5168000.000000
cellsize      0.500000
NODATA_value  -9999.0
[rows 0 to 24 of 34, columns 0 to 55 of 160]
-9999.0 -9999.0 -9999.0 -9999.0 -9999.0 -9999.0 -9999.0 -9999.0 -9999.0 -9999.0 -9999.0 -9999.0 -9999.0 -9999.0 -9999.0 -9999.0 -9999.0 -9999.0 -9999.0 -9999.0 -9999.0 -9999.0 -9999.0 -9999.0 -9999.0 -9999.0 -9999.0 -9999.0 -9999.0 -9999.0 -9999.0 -9999.0 -9999.0 -9999.0 -9999.0 -9999.0 -9999.0 -9999.0 -9999.0 -9999.0 -9999.0 -9999.0 -9999.0 -9999.0 -9999.0 -9999.0 -9999.0 -9999.0 -9999.0 -9999.0 -9999.0 -9999.0 -9999.0 -9999.0 -9999.0 -9999.0
-9999.0 -9999.0 -9999.0 -9999.0 -9999.0 -9999.0 -9999.0 -9999.0 -9999.0 -9999.0 -9999.0 -9999.0 -9999.0 -9999.0 -9999.0 -9999.0 -9999.0 -9999.0 -9999.0 -9999.0 -9999.0 -9999.0 -9999.0 -9999.0 -9999.0 -9999.0 -9999.0 -9999.0 -9999.0 -9999.0 -9999.0 -9999.0 -9999.0 -9999.0 -9999.0 -9999.0 -9999.0 -9999.0 -9999.0 -9999.0 -9999.0 -9999.0 -9999.0 -9999.0 -9999.0 -9999.0 -9999.0 -9999.0 -9999.0 -9999.0 -9999.0 -9999.0 -9999.0 -9999.0 -9999.0 -9999.0
-9999.0 -9999.0 -9999.0 -9999.0 -9999.0 -9999.0 -9999.0 -9999.0 -9999.0 -9999.0 -9999.0 -9999.0 -9999.0 -9999.0 -9999.0 -9999.0 -9999.0 -9999.0 -9999.0 -9999.0 -9999.0 -9999.0 -9999.0 -9999.0 -9999.0 -9999.0 -9999.0 -9999.0 -9999.0 -9999.0 -9999.0 -9999.0 -9999.0 -9999.0 -9999.0 -9999.0 -9999.0 -9999.0 -9999.0 -9999.0 -9999.0 -9999.0 -9999.0 -9999.0 -9999.0 -9999.0 -9999.0 1098.066772 1080.907002 1065.766708 1063.311063 1085.817292 1109.391865 1133.434452 1154.257039 1173.055101
-9999.0 -9999.0 -9999.0 -9999.0 -9999.0 -9999.0 -9999.0 -9999.0 -9999.0 -9999.0 -9999.0 -9999.0 -9999.0 -9999.0 -9999.0 -9999.0 -9999.0 -9999.0 -9999.0 -9999.0 -9999.0 -9999.0 -9999.0 -9999.0 -9999.0 -9999.0 -9999.0 -9999.0 -9999.0 -9999.0 -9999.0 -9999.0 -9999.0 -9999.0 -9999.0 -9999.0 -9999.0 -9999.0 -9999.0 -9999.0 1145.486476 1151.498985 1152.645256 1142.471340 1131.472329 1119.254602 1099.347017 1081.779029 1067.385750 1065.198547 1068.097424 1073.071490 1095.609306 1120.660851 1140.655360 1157.771847
-9999.0 -9999.0 -9999.0 -9999.0 -9999.0 -9999.0 -9999.0 -9999.0 -9999.0 -9999.0 -9999.0 -9999.0 -9999.0 -9999.0 -9999.0 -9999.0 -9999.0 -9999.0 -9999.0 -9999.0 -9999.0 -9999.0 -9999.0 -9999.0 -9999.0 -9999.0 -9999.0 -9999.0 -9999.0 -9999.0 -9999.0 -9999.0 -9999.0 -9999.0 1052.515487 1070.005929 1088.264111 1106.913488 1123.895268 1130.884972 1136.797131 1142.629515 1138.652746 1134.292501 1123.167356 1104.028192 1084.813274 1071.400694 1069.726053 1067.575598 1072.077817 1085.050440 1102.130611 1118.467192 1139.672979 1163.677411
-9999.0 -9999.0 -9999.0 -9999.0 -9999.0 -9999.0 -9999.0 -9999.0 -9999.0 -9999.0 -9999.0 -9999.0 -9999.0 -9999.0 -9999.0 -9999.0 -9999.0 -9999.0 -9999.0 -9999.0 -9999.0 -9999.0 -9999.0 -9999.0 -9999.0 -9999.0 -9999.0 -9999.0 1055.898253 1050.169210 1045.429537 1044.236980 1043.227990 1042.422929 1049.430088 1061.570696 1079.704762 1101.713128 1114.997950 1122.487277 1129.405721 1130.346558 1125.477840 1123.828932 1124.501567 1112.878268 1101.442209 1090.764807 1080.469179 1079.044393 1088.866436 1103.368025 1119.960136 1135.170582 1150.974778 1161.281940
-9999.0 -9999.0 -9999.0 -9999.0 -9999.0 -9999.0 -9999.0 -9999.0 -9999.0 -9999.0 -9999.0 -9999.0 -9999.0 -9999.0 -9999.0 -9999.0 -9999.0 -9999.0 -9999.0 -9999.0 -9999.0 -9999.0 -9999.0 1025.176550 1031.009941 1037.785899 1045.561261 1046.773478 1043.055539 1037.769376 1035.114769 1033.980343 1032.547320 1037.371480 1045.606350 1059.400049 1075.461134 1097.713929 1106.593533 1112.764410 1125.193801 1128.389446 1134.722294 1139.115104 1137.728244 1135.047381 1122.565509 1113.314661 1118.315768 1124.288216 1131.459926 1139.874489 1153.688087 1169.258614 1186.758012 1207.094490
-9999.0 -9999.0 -9999.0 -9999.0 -9999.0 -9999.0 -9999.0 -9999.0 -9999.0 -9999.0 -9999.0 -9999.0 -9999.0 -9999.0 -9999.0 -9999.0 -9999.0 -9999.0 -9999.0 999.546668 1000.642352 1002.103180 1007.074462 1008.076255 1010.437821 1017.699079 1026.158201 1028.922978 1027.484331 1026.476386 1028.369206 1031.466549 1036.252453 1047.842581 1061.991364 1076.531839 1090.669423 1111.927535 1127.041551 1140.870325 1157.163984 1157.004753 1153.419487 1151.992731 1152.806457 1153.202391 1157.054918 1159.743557 1166.362028 1171.015787 1177.460349 1187.204926 1199.209249 1217.717436 1237.759125 1257.701479
-9999.0 -9999.0 -9999.0 -9999.0 -9999.0 -9999.0 -9999.0 -9999.0 -9999.0 -9999.0 -9999.0 -9999.0 -9999.0 -9999.0 -9999.0 -9999.0 970.374388 972.372110 974.819520 980.453856 983.672793 987.953913 995.214407 996.809352 1000.891247 1008.389820 1013.619708 1022.868927 1031.359049 1039.076924 1045.475233 1048.588707 1056.404521 1066.449946 1078.735280 1094.307942 1116.111168 1139.705070 1156.380451 1173.664439 1191.222973 1192.292610 1191.595535 1193.076553 1193.791345 1200.080102 1217.650387 1223.605829 1224.657053 1240.902158 1255.136675 1260.514322 1268.624756 1288.227934 1312.219111 1335.206122
-9999.0 -9999.0 -9999.0 -9999.0 -9999.0 -9999.0 -9999.0 -9999.0 -9999.0 -9999.0 -9999.0 -9999.0 -9999.0 923.407064 927.686668 937.508135 947.159869 949.974513 954.596458 961.011531 973.538950 977.530803 984.124287 992.067663 1004.420602 1013.476611 1023.065411 1035.358727 1044.218560 1051.924312 1059.412626 1065.338769 1078.961538 1094.609966 1110.767907 1131.422641 1153.949442 1174.871824 1195.723496 1212.152744 1226.259841 1228.399462 1227.916889 1230.715429 1238.589452 1255.849123 1274.960930 1283.869097 1301.927106 1325.277487 1339.025789 1350.902502 1359.899377 1373.816760 1395.451562 1429.713297
-9999.0 -9999.0 -9999.0 -9999.0 -9999.0 -9999.0 -9999.0 -9999.0 -9999.0 -9999.0 890.394322 892.795674 889.560804 889.372086 894.738221 907.109859 921.146886 927.955029 939.895990 961.205743 979.437834 983.361816 998.281492 1008.976417 1016.246223 1027.252616 1040.923663 1054.251203 1071.562289 1084.625214 1096.687724 1116.653207 1133.751868 1150.956064 1169.387199 1190.354676 1210.618939 1239.454579 1267.028437 1280.335720 1302.914217 1313.988989 1311.691322 1312.236693 1321.727464 1337.988876 1359.420726 1382.964341 1405.124670 1430.859836 1448.415264 1463.278228 1474.473473 1487.225013 1503.431606 1539.396907
-9999.0 -9999.0 -9999.0 -9999.0 -9999.0 -9999.0 -9999.0 -9999.0 865.598702 873.099847 879.364159 876.567146 872.309800 868.533218 882.566685 898.665210 915.025799 933.030546 949.411924 968.052876 983.764336 1000.464351 1020.876984 1033.145026 1045.392925 1061.365594 1075.705225 1093.441166 1115.447232 1128.741305 1146.014679 1168.130473 1187.427177 1206.245671 1225.822617 1244.784672 1271.707503 1305.821912 1338.344114 1361.420290 1389.866357 1413.128442 1412.764902 1415.575419 1420.329138 1446.295055 1475.912339 1506.880495 1532.275617 1559.800957 1589.546998 1608.012766 1619.035169 1631.941167 1647.426480 1666.805446
-9999.0 -9999.0 -9999.0 -9999.0 -9999.0 -9999.0 838.225347 862.595926 877.795461 870.054135 860.156129 856.661134 852.758436 876.772359 899.037701 916.636481 933.941091 952.030412 969.091452 982.460416 1016.613651 1035.182437 1050.183814 1068.796574 1084.194269 1099.626564 1117.872261 1142.003220 1164.520623 1194.748770 1221.081300 1245.651748 1272.704219 1293.244516 1312.894829 1331.812313 1363.649502 1401.468122 1438.592261 1467.789291 1495.384702 1526.534946 1533.751032 1539.643042 1546.770687 1568.093622 1599.974298 1630.477196 1664.313520 1696.494580 1723.500961 1735.621912 1746.240472 1757.770103 1771.431394 1783.848706
-9999.0 -9999.0 -9999.0 -9999.0 804.675503 825.692040 845.821906 876.653631 899.397722 894.650796 901.487032 901.813912 900.169102 904.377541 911.808332 930.273553 949.369524 968.813455 987.107573 1022.360318 1067.320356 1083.541679 1108.478700 1141.293507 1155.887070 1172.133256 1189.360834 1213.263764 1240.563159 1274.629908 1318.691462 1356.292692 1382.657856 1406.137984 1427.942116 1450.272563 1484.779194 1522.741616 1559.865279 1594.232068 1624.260124 1650.327908 1662.920134 1670.891930 1682.776268 1699.255761 1720.726269 1748.062649 1779.405903 1811.423081 1836.400610 1849.892755 1857.804670 1868.526062 1878.955202 1890.974394
-9999.0 -9999.0 -9999.0 755.017400 793.812236 831.847608 859.002779 890.112630 922.501839 927.271525 936.548018 941.617728 946.571098 955.364666 964.109825 981.620761 998.373750 1015.026968 1037.760021 1075.137200 1110.799191 1141.101983 1174.005089 1201.407782 1222.901885 1239.769700 1259.340368 1284.109399 1324.490166 1362.284870 1412.779359 1466.168120 1503.057197 1527.515729 1550.012660 1577.467638 1602.619360 1639.027186 1673.964163 1707.119095 1738.848329 1763.592524 1782.262151 1789.919908 1799.546531 1808.072561 1824.129707 1845.562248 1867.424079 1896.244743 1924.510748 1949.312146 1963.398818 1973.537957 1989.628397 2005.813432
-9999.0 -9999.0 707.750837 745.699026 779.813964 830.074640 883.235612 917.909448 959.023177 983.005973 990.016488 1007.196592 1023.383782 1030.745376 1046.383840 1063.747997 1082.007902 1089.448554 1107.152203 1137.947270 1188.133445 1234.203654 1255.586982 1307.078883 1341.270015 1370.062799 1388.849573 1416.268796 1452.272548 1493.742394 1542.025152 1591.781879 1629.982017 1660.957044 1677.528100 1696.971921 1719.410181 1743.445909 1777.367103 1806.038522 1837.559316 1863.651826 1885.375374 1892.077276 1897.038097 1912.699871 1936.996780 1962.852220 1987.299790 2010.952841 2013.850516 2026.130136 2032.083873 2035.793765 2040.990101 2044.710029
-9999.0 -9999.0 680.910676 725.959565 766.192865 832.546655 912.727581 950.112333 993.293348 1039.510095 1058.420191 1083.141446 1094.895740 1104.207159 1127.698267 1150.137807 1163.107711 1170.530516 1170.932910 1227.164392 1286.207672 1336.927617 1383.647114 1451.688923 1498.218683 1516.218556 1529.813788 1551.024838 1575.745274 1618.516572 1665.197593 1717.402937 1760.443319 1791.042820 1807.015031 1825.149452 1845.062397 1862.426233 1881.351236 1920.687352 1948.420735 1974.476603 2001.553425 2021.816948 2030.145208 2033.726802 2022.771853 2032.905144 2039.968341 2043.370837 2044.844973 2041.900366 2041.628985 2042.679421 2043.965831 2039.188277
-9999.0 591.825015 644.054452 697.266291 766.185096 833.505664 916.718845 996.833439 1054.457717 1102.311734 1131.818967 1143.970385 1179.690582 1221.644472 1247.489981 1274.032210 1277.691685 1283.747730 1274.787570 1324.237208 1374.603495 1448.936399 1558.191774 1615.537013 1661.782438 1665.074556 1661.206683 1674.085833 1697.719825 1740.953907 1807.621432 1854.651355 1907.525971 1947.476263 1962.514430 1969.321685 1986.685346 2006.303075 1992.380176 2015.780622 2027.058162 2036.613192 2040.088670 2042.407667 2043.962593 2044.533729 2041.670892 2035.580772 2028.035636 2022.591009 2018.557926 2013.988440 2016.316914 2019.494415 2020.145025 2013.227257
-9999.0 556.259871 615.722521 687.245615 758.378071 825.928138 929.083741 1073.080873 1127.531372 1165.531283 1188.561398 1210.117928 1286.998414 1352.382913 1386.076240 1430.320537 1425.376417 1415.995851 1403.455120 1437.257025 1487.503266 1562.001357 1704.706517 1789.477796 1819.782420 1832.491578 1840.761816 1867.993514 1905.022191 1941.541510 1974.841631 1973.936445 2001.345774 2015.490811 2020.151224 2022.438747 2026.768361 2027.657607 2026.649921 2024.035115 2020.498109 2021.729558 2026.604980 2027.092609 2024.800782 2021.973968 2016.447514 2008.763500 2002.946392 1997.876012 1994.601692 1991.084839 1988.997379 1988.562624 1983.856408 1977.893495
-9999.0 526.278508 597.677406 661.230767 725.971905 840.121978 966.599947 1102.681855 1196.192019 1234.665225 1257.489761 1325.670067 1425.283590 1520.042915 1570.802554 1595.960571 1597.649335 1577.533482 1581.927986 1627.933729 1694.143744 1787.306183 1880.941383 1959.041691 1974.573803 1980.605759 1961.425799 1976.887048 1991.161288 1995.253440 1998.370642 2003.619318 2010.443727 2014.745863 2014.893841 2013.301857 2009.701802 2002.754289 1998.673595 1996.140986 1993.367413 1993.439269 1996.393879 1997.808186 1995.304501 1991.291035 1986.357868 1980.075618 1973.213804 1965.846697 1961.099431 1956.343049 1953.516999 1948.044141 1943.181149 1936.586179
-9999.0 426.136644 514.762207 569.579707 683.530917 858.423367 985.634105 1135.932053 1282.985853 1322.511328 1397.056072 1516.278452 1620.070132 1692.201631 1731.168015 1771.835844 1800.805327 1825.051020 1861.419185 1819.974866 1879.044023 1939.352984 1967.423966 1982.469471 1987.597318 1991.581246 1986.170309 1969.314508 1961.133616 1956.493016 1960.003309 1968.827619 1975.568821 1982.053773 1980.853966 1982.025040 1982.496889 1979.344258 1975.905068 1968.075990 1960.844314 1955.326444 1953.563631 1958.673001 1953.642317 1950.170617 1943.676237 1935.024031 1925.654145 1917.321339 1908.915882 1901.526649 1898.088144 1891.919052 1889.680850 1880.601542
-9999.0 345.279186 422.125936 510.938548 648.762349 813.463571 942.996650 1110.732254 1320.135373 1437.350033 1562.163268 1633.885145 1705.276514 1763.687575 1823.749258 1869.152549 1894.110640 1905.692049 1897.288405 1911.515073 1883.394328 1880.429572 1901.230674 1930.532245 1946.602617 1952.997569 1946.844239 1938.317915 1932.888628 1933.300726 1933.241779 1932.644113 1931.635214 1930.045969 1927.395711 1929.588488 1934.143925 1927.991616 1919.374782 1911.237808 1903.888044 1895.627692 1890.098037 1886.456578 1885.152836 1884.527885 1876.598237 1865.751671 1854.647438 1845.867341 1837.614356 1831.448500 1828.182036 1822.517552 1813.759290 1800.698401
-9999.0 246.288230 367.929116 461.824760 583.461462 720.784093 847.533387 1011.948379 1161.182517 1381.634041 1538.271126 1646.760661 1687.541878 1744.996828 1802.287927 1867.950594 1872.651861 1845.918092 1816.270794 1805.093369 1814.374362 1827.236177 1842.813901 1864.177506 1883.477438 1894.739945 1898.467492 1892.411107 1879.970271 1871.342531 1865.056041 1855.635557 1848.911784 1847.953085 1849.089243 1856.331762 1858.209303 1849.020765 1836.002692 1819.856034 1805.774869 1795.107186 1792.167725 1793.383918 1793.170132 1789.214068 1782.145299 1771.300343 1758.459047 1746.300295 1738.578239 1732.711248 1725.233944 1714.636193 1702.925817 1689.786403
-9999.0 -9999.0 292.468589 403.746420 512.121072 635.401796 751.069509 894.863661 1045.889516 1227.368192 1344.839062 1476.026360 1548.365219 1593.087374 1640.856776 1694.526889 1713.974201 1735.033671 1721.687372 1729.162555 1738.642876 1747.091235 1758.532215 1771.363892 1785.757592 1796.849166 1805.663870 1804.403996 1796.190975 1779.594090 1759.595925 1744.264988 1735.635688 1728.685902 1738.027102 1749.140795 1745.768108 1738.928828 1726.874554 1711.143907 1698.164925 1684.401688 1680.484176 1680.474146 1680.259380 1677.079306 1672.445544 1659.461212 1646.402442 1634.435490 1628.649511 1622.118552 1616.378031 1605.208964 1593.262702 1580.268788
-9999.0 -9999.0 208.084130 317.047918 431.816190 555.724925 656.478641 731.053497 883.735883 1000.147244 1104.625670 1202.915370 1284.933525 1347.317971 1389.542201 1449.509209 1491.022695 1507.771005 1530.136456 1562.833531 1590.765480 1620.714573 1640.717604 1654.428367 1669.268984 1683.426902 1692.691683 1681.580805 1671.392999 1655.545054 1634.897936 1612.141223 1600.337770 1597.032116 1598.868192 1603.427467 1597.413988 1587.828128 1573.501172 1558.031830 1545.062579 1533.835269 1529.565807 1525.731991 1523.992042 1520.810900 1517.491024 1509.086793 1497.975296 1490.381325 1481.850422 1475.762579 1472.532649 1465.825904 1456.662430 1450.446396
