tests/Borden05m/sims/sim_1/output-maps/psiliqL0007N0002.asc
ncols         160
nrows         34
xllcorner     620200.000000
yllcorner     5168000.000000
cellsize      0.500000
NODATA_value  -9999.0
[rows 0 to 24 of 34, columns 0 to 55 of 160]
-9999.0 -9999.0 -9999.0 -9999.0 -9999.0 -9999.0 -9999.0 -9999.0 -9999.0 -9999.0 -9999.0 -9999.0 -9999.0 -9999.0 -9999.0 -9999.0 -9999.0 -9999.0 -9999.0 -9999.0 -9999.0 -9999.0 -9999.0 -9999.0 -9999.0 -9999.0 -9999.0 -9999.0 -9999.0 -9999.0 -9999.0 -9999.0 -9999.0 -9999.0 -9999.0 -9999.0 -9999.0 -9999.0 -9999.0 -9999.0 -9999.0 -9999.0 -9999.0 -9999.0 -9999.0 -9999.0 -9999.0 -9999.0 -9999.0 -9999.0 -9999.0 -9999.0 -9999.0 -9999.0 -9999.0 -9999.0
-9999.0 -9999.0 -9999.0 -9999.0 -9999.0 -9999.0 -9999.0 -9999.0 -9999.0 -9999.0 -9999.0 -9999.0 -9999.0 -9999.0 -9999.0 -9999.0 -9999.0 -9999.0 -9999.0 -9999.0 -9999.0 -9999.0 -9999.0 -9999.0 -9999.0 -9999.0 -9999.0 -9999.0 -9999.0 -9999.0 -9999.0 -9999.0 -9999.0 -9999.0 -9999.0 -9999.0 -9999.0 -9999.0 -9999.0 -9999.0 -9999.0 -9999.0 -9999.0 -9999.0 -9999.0 -9999.0 -9999.0 -9999.0 -9999.0 -9999.0 -9999.0 -9999.0 -9999.0 -9999.0 -9999.0 -9999.0
-9999.0 -9999.0 -9999.0 -9999.0 -9999.0 -9999.0 -9999.0 -9999.0 -9999.0 -9999.0 -9999.0 -9999.0 -9999.0 -9999.0 -9999.0 -9999.0 -9999.0 -9999.0 -9999.0 -9999.0 -9999.0 -9999.0 -9999.0 -9999.0 -9999.0 -9999.0 -9999.0 -9999.0 -9999.0 -9999.0 -9999.0 -9999.0 -9999.0 -9999.0 -9999.0 -9999.0 -9999.0 -9999.0 -9999.0 -9999.0 -9999.0 -9999.0 -9999.0 -9999.0 -9999.0 -9999.0 -9999.0 -522.124773 -539.683121 -556.812492 -558.480155 -535.908562 -513.096474 -490.078145 -470.230966 -452.140076
-9999.0 -9999.0 -9999.0 -9999.0 -9999.0 -9999.0 -9999.0 -9999.0 -9999.0 -9999.0 -9999.0 -9999.0 -9999.0 -9999.0 -9999.0 -9999.0 -9999.0 -9999.0 -9999.0 -9999.0 -9999.0 -9999.0 -9999.0 -9999.0 -9999.0 -9999.0 -9999.0 -9999.0 -9999.0 -9999.0 -9999.0 -9999.0 -9999.0 -9999.0 -9999.0 -9999.0 -9999.0 -9999.0 -9999.0 -9999.0 -474.840995 -469.149572 -467.570958 -478.705888 -490.192687 -501.959059 -521.814096 -539.716671 -555.623355 -558.813912 -556.557307 -550.971916 -528.241171 -504.757541 -486.020039 -469.138446
-9999.0 -9999.0 -9999.0 -9999.0 -9999.0 -9999.0 -9999.0 -9999.0 -9999.0 -9999.0 -9999.0 -9999.0 -9999.0 -9999.0 -9999.0 -9999.0 -9999.0 -9999.0 -9999.0 -9999.0 -9999.0 -9999.0 -9999.0 -9999.0 -9999.0 -9999.0 -9999.0 -9999.0 -9999.0 -9999.0 -9999.0 -9999.0 -9999.0 -9999.0 -565.149083 -547.776269 -530.088534 -512.316181 -496.254296 -490.073822 -484.402668 -478.795481 -483.019811 -488.164450 -499.703566 -518.230461 -538.142211 -552.734572 -555.816623 -558.811881 -554.784594 -542.039130 -526.035929 -510.187772 -490.001681 -467.819821
-9999.0 -9999.0 -9999.0 -9999.0 -9999.0 -9999.0 -9999.0 -9999.0 -9999.0 -9999.0 -9999.0 -9999.0 -9999.0 -9999.0 -9999.0 -9999.0 -9999.0 -9999.0 -9999.0 -9999.0 -9999.0 -9999.0 -9999.0 -9999.0 -9999.0 -9999.0 -9999.0 -9999.0 -559.535223 -565.642328 -571.147282 -573.010959 -574.684992 -576.297717 -569.624486 -557.536730 -539.575447 -518.730009 -506.560128 -499.933638 -493.896380 -493.453927 -498.553479 -501.209979 -501.481894 -513.412297 -525.306363 -536.489740 -547.300465 -548.802138 -539.780853 -526.720523 -511.591121 -497.738695 -483.421368 -470.646993
-9999.0 -9999.0 -9999.0 -9999.0 -9999.0 -9999.0 -9999.0 -9999.0 -9999.0 -9999.0 -9999.0 -9999.0 -9999.0 -9999.0 -9999.0 -9999.0 -9999.0 -9999.0 -9999.0 -9999.0 -9999.0 -9999.0 -9999.0 -587.729448 -581.734708 -575.565403 -568.619332 -568.100845 -572.789892 -578.840856 -582.478962 -584.508942 -586.467200 -582.585115 -574.517181 -561.269741 -545.890509 -525.037676 -517.065020 -510.814801 -498.874527 -497.382264 -493.515983 -490.117643 -492.532230 -495.614037 -507.786174 -516.874277 -511.414862 -505.754691 -500.251168 -493.811051 -481.911883 -467.231165 -450.452112 -430.823798
-9999.0 -9999.0 -9999.0 -9999.0 -9999.0 -9999.0 -9999.0 -9999.0 -9999.0 -9999.0 -9999.0 -9999.0 -9999.0 -9999.0 -9999.0 -9999.0 -9999.0 -9999.0 -9999.0 -611.857019 -611.270151 -610.627212 -606.415930 -605.651317 -603.680502 -597.024943 -589.291835 -587.727900 -589.662425 -591.859854 -590.802205 -588.666833 -585.098443 -574.089942 -560.826381 -547.345273 -533.805536 -513.762015 -499.795713 -486.505781 -471.088279 -473.415213 -478.718826 -481.728596 -482.063373 -482.067895 -476.159035 -472.885299 -468.160619 -462.867499 -456.646258 -448.977313 -439.624470 -422.403244 -403.397539 -384.379359
-9999.0 -9999.0 -9999.0 -9999.0 -9999.0 -9999.0 -9999.0 -9999.0 -9999.0 -9999.0 -9999.0 -9999.0 -9999.0 -9999.0 -9999.0 -9999.0 -639.495411 -637.865804 -636.117071 -631.121840 -629.122946 -625.575888 -619.161668 -618.582777 -615.126864 -608.513537 -603.971589 -596.084061 -588.882436 -582.108587 -576.786812 -574.718238 -567.545670 -558.546376 -547.359556 -532.364992 -511.227932 -489.678557 -474.421485 -458.867548 -443.218281 -443.953609 -446.080052 -445.911098 -445.912043 -438.461116 -421.089986 -415.844151 -413.034879 -394.822822 -381.685232 -377.483732 -371.687962 -355.388105 -333.265383 -307.892404
-9999.0 -9999.0 -9999.0 -9999.0 -9999.0 -9999.0 -9999.0 -9999.0 -9999.0 -9999.0 -9999.0 -9999.0 -9999.0 -682.664159 -678.717446 -669.999677 -662.534649 -660.778818 -657.409008 -652.292633 -640.635165 -637.643713 -631.931807 -624.807975 -614.128268 -606.254060 -597.613777 -586.501849 -578.677776 -572.169201 -565.732966 -559.567286 -546.467101 -531.820412 -516.697335 -497.424799 -477.137452 -457.232994 -437.350455 -423.852013 -410.869718 -408.152318 -411.283677 -410.879003 -403.651150 -386.328898 -368.493626 -356.751900 -335.747846 -313.214513 -299.865380 -287.629927 -279.659221 -268.727722 -249.675355 -214.360733
-9999.0 -9999.0 -9999.0 -9999.0 -9999.0 -9999.0 -9999.0 -9999.0 -9999.0 -9999.0 -717.984547 -715.464153 -719.145063 -718.323341 -714.182804 -702.823880 -690.290346 -683.746535 -673.190530 -653.385866 -637.080477 -634.186103 -619.894181 -610.679335 -604.841564 -594.786145 -582.377048 -570.070459 -553.424824 -541.565755 -529.535805 -509.508576 -494.159583 -479.059426 -462.809724 -444.734764 -425.057715 -396.240961 -370.508987 -357.698964 -334.582153 -321.033224 -325.700317 -326.991431 -320.717942 -303.866075 -280.372694 -253.465144 -230.701966 -203.699006 -182.148667 -167.300383 -156.512426 -144.106021 -128.915609 -96.897155
-9999.0 -9999.0 -9999.0 -9999.0 -9999.0 -9999.0 -9999.0 -9999.0 -741.491955 -735.019676 -728.891541 -732.190400 -737.271778 -740.611937 -728.253684 -712.961766 -697.620196 -681.416227 -666.145024 -649.125366 -634.137552 -618.173920 -599.842311 -588.794806 -577.699811 -563.440337 -550.656477 -533.498849 -513.271418 -499.279476 -481.029003 -460.594263 -442.516443 -426.234427 -409.751250 -393.358653 -366.187378 -333.601874 -302.561120 -278.423276 -251.392080 -226.764426 -227.054345 -224.539560 -220.529684 -194.411486 -163.212024 -130.578283 -98.958973 -64.276427 -26.261298 -3.062953 11.154164 26.368456 44.871782 66.240197
-9999.0 -9999.0 -9999.0 -9999.0 -9999.0 -9999.0 -766.422313 -742.643429 -728.292310 -736.301559 -744.151133 -747.628788 -751.221324 -733.645348 -713.056091 -696.968213 -681.053219 -664.572653 -649.153823 -634.757275 -600.140669 -585.173353 -571.075589 -551.912515 -539.158817 -526.408006 -510.267089 -487.908028 -465.957360 -434.301911 -405.435976 -379.948118 -355.295973 -337.334024 -320.611619 -302.784618 -272.087129 -235.544388 -199.702516 -169.615146 -141.306846 -111.544840 -101.173540 -94.590642 -84.753944 -63.426042 -26.403694 14.433183 63.196900 119.991232 181.326633 213.393593 230.562423 243.191358 256.376968 270.650841
-9999.0 -9999.0 -9999.0 -9999.0 -799.343474 -778.657908 -758.236490 -727.721919 -705.508982 -711.374960 -704.246916 -703.919859 -705.410257 -703.781001 -698.994544 -681.885923 -665.239260 -648.553365 -630.489663 -592.990371 -553.234239 -537.604565 -511.622543 -480.955080 -468.409594 -455.177606 -441.496956 -420.144827 -391.960067 -358.501296 -312.525793 -273.477094 -248.140239 -226.181435 -206.817713 -184.470383 -152.825401 -115.371564 -76.302416 -35.276700 5.324427 37.697536 57.735063 69.803469 88.010255 117.009839 166.238957 218.677652 261.433986 303.960117 342.868380 366.097085 375.471419 383.330369 390.685738 399.683747
-9999.0 -9999.0 -9999.0 -845.170501 -807.049924 -770.857422 -743.564584 -713.021933 -682.094943 -675.666423 -668.051853 -661.641600 -655.029260 -646.596314 -636.836704 -621.611407 -609.057000 -598.242318 -578.746533 -543.480928 -508.684716 -475.529997 -445.111377 -415.880827 -394.389402 -380.506758 -365.881829 -343.395723 -305.142917 -266.040923 -215.400184 -162.210356 -124.098866 -97.947140 -76.419771 -47.339451 -17.154687 24.530052 72.331815 131.822542 199.462605 238.956422 262.815873 272.284746 283.221655 298.399367 327.045259 357.475986 380.524301 404.771700 428.842746 447.213518 456.494658 461.563580 471.396727 481.013237
-9999.0 -9999.0 -891.071812 -854.651484 -819.194574 -767.343936 -715.401066 -682.737889 -642.532032 -617.522115 -610.820164 -592.375392 -575.887036 -567.953331 -551.539531 -535.052113 -523.866078 -522.393555 -512.154684 -477.297062 -425.199425 -378.078965 -346.338297 -291.428800 -259.780195 -239.031010 -227.369275 -203.672197 -172.035427 -126.428790 -72.036625 -14.197907 34.157334 75.957258 102.237402 139.425094 190.428140 224.945498 263.778528 303.538285 345.380396 374.296277 392.695212 399.001338 402.815724 415.658110 435.027652 454.602868 471.553011 486.421163 497.929684 500.430010 501.293390 501.438330 501.691818 501.785669
-9999.0 -9999.0 -915.380823 -871.889502 -828.427488 -757.360833 -683.475834 -646.211726 -603.758422 -560.680032 -542.416042 -520.124902 -500.958616 -482.707522 -460.536144 -437.825368 -435.828655 -434.800585 -437.233735 -385.750636 -329.678358 -266.344268 -194.877151 -134.602178 -93.554796 -83.708991 -75.917841 -53.748146 -23.096995 31.493279 109.081750 193.191074 248.303872 282.551729 302.952953 327.428616 357.315990 378.761983 394.879176 424.683952 443.869754 461.346454 478.140551 492.470152 498.419809 499.491199 497.239253 499.976630 501.778303 502.516621 502.731786 499.904877 499.155208 499.585170 500.654479 496.770780
-9999.0 -1000.725984 -949.115931 -894.628470 -823.541575 -753.568778 -666.730030 -586.113272 -538.687340 -498.904143 -472.306721 -453.319760 -399.226570 -351.869764 -327.527567 -299.500694 -303.780656 -307.919075 -318.230489 -277.286431 -221.381669 -128.585292 1.050757 73.919894 124.023186 135.852191 138.672087 172.272312 206.738318 250.564965 316.246144 365.516149 407.321375 435.206514 445.685540 451.380951 466.558687 482.270940 491.283214 498.449695 501.388401 503.130336 499.217379 499.123171 499.785603 500.752360 499.028802 494.786693 489.784251 486.830044 484.871373 481.817549 484.296717 487.229466 488.968412 484.668432
-9999.0 -1034.162848 -973.611508 -900.649443 -828.200075 -747.960186 -633.028571 -509.048135 -465.776427 -434.441669 -406.706394 -360.692497 -276.068694 -209.712630 -172.238687 -131.049186 -133.536088 -145.581632 -145.729680 -107.320175 -46.364980 48.118766 211.927659 307.574648 328.628285 345.559534 358.680421 386.503773 414.023599 436.990806 457.085554 473.350445 481.719705 484.896389 486.658999 488.626673 491.043642 492.342162 490.558790 488.332390 485.356404 485.880633 488.959658 488.944664 487.598390 486.801233 484.290008 480.270172 478.090649 476.520860 475.953512 474.480380 473.766070 474.626236 472.188159 469.373240
-9999.0 -1056.372133 -987.943562 -921.470881 -844.706813 -716.278579 -596.122164 -471.100568 -386.589251 -353.262169 -306.721100 -220.077063 -120.227744 -22.050570 39.568031 77.435059 99.785333 99.637073 137.244753 191.102431 252.336399 327.589401 393.564694 449.148688 460.322666 465.021974 463.787681 471.185041 476.416380 478.057793 478.922390 478.420774 482.466222 484.569774 484.303193 483.238652 481.047543 476.313175 473.891783 472.991148 471.447816 471.964534 474.505530 475.289487 474.350491 472.929835 471.555988 469.592179 467.467956 464.535556 463.380939 461.232575 459.666705 455.833888 452.170929 448.595175
-9999.0 -1139.037631 -1056.694136 -992.316010 -850.836816 -688.864958 -567.450053 -416.140534 -290.075304 -245.625961 -156.017258 -46.581654 79.014105 191.221335 256.770246 307.917882 340.293385 367.360475 399.745106 405.773424 439.392954 465.799093 475.138615 478.251041 473.500600 476.063247 472.928702 461.120327 455.943373 452.287698 454.675531 460.928179 465.568756 470.539820 469.274677 470.281534 470.844345 469.422859 468.271432 462.921755 457.359582 453.238509 452.373506 457.454319 453.974415 452.618514 450.167324 446.667523 442.668072 438.828265 434.297341 428.850656 424.524712 416.491439 412.610120 404.987045
-9999.0 -1219.651906 -1140.080239 -1030.549389 -874.262259 -711.742461 -561.603543 -393.300168 -214.879094 -118.958611 -21.910923 53.889837 181.133730 290.929026 372.284681 410.017152 429.057695 436.980684 440.136255 443.171412 421.058194 416.451330 428.310061 445.400330 452.187724 455.799740 450.873365 445.109240 442.596194 443.932739 444.160056 444.453704 444.278295 443.261563 440.950287 442.239082 446.174642 442.537954 437.056255 429.989117 421.667459 412.874141 407.352473 404.784328 403.599063 404.276425 399.641775 393.034523 386.399096 381.226536 374.860602 366.975447 356.523912 339.589475 322.134331 302.619572
-9999.0 -1302.627326 -1189.760993 -1083.575935 -943.055692 -801.925510 -662.395377 -494.935356 -339.956595 -143.057023 34.245285 101.935403 176.897718 258.766674 343.902637 402.768289 411.614798 390.170845 371.315435 361.673464 364.236805 371.203164 380.981733 395.860388 408.154345 416.083030 418.228048 412.979623 402.805106 396.675123 393.063960 386.597564 381.917938 381.906482 381.073964 385.641388 388.169256 380.436108 368.194745 346.930386 320.137388 300.185732 292.288871 291.413464 290.480402 286.903194 279.424353 269.016375 256.665475 245.085613 234.870751 222.162064 198.765277 165.111785 134.634017 106.871984
-9999.0 -9999.0 -1257.261031 -1144.431920 -1025.892125 -895.264247 -763.039732 -605.214035 -453.613282 -272.940107 -159.258847 -61.535104 7.736606 82.150432 179.521474 242.374980 258.907822 272.594203 251.659540 252.294355 256.101634 260.411165 269.863503 282.881305 298.416649 311.570894 320.386066 316.591963 303.427085 284.067293 263.762395 249.265183 240.912690 235.282163 242.971323 253.206938 250.980174 243.085223 226.537172 195.725655 150.646880 116.075816 104.358836 103.143816 102.058094 96.651060 87.467339 69.356434 51.669283 35.126770 26.073199 16.227379 4.783892 -12.390200 -29.193014 -46.834904
-9999.0 -9999.0 -1338.333848 -1226.035210 -1102.519150 -974.975169 -863.984833 -748.203522 -588.888954 -470.166403 -375.938574 -293.627490 -225.038156 -165.716781 -111.058704 -47.887970 -16.271781 -3.572798 0.449939 12.674182 32.287836 53.032225 69.845164 88.827792 111.939825 135.073092 151.108526 132.415333 108.630167 79.946669 50.787478 23.917323 10.037497 3.615561 8.486282 16.763578 11.440667 -0.760473 -19.246411 -42.407790 -63.178943 -80.714483 -87.025250 -89.611675 -90.455266 -93.620904 -97.985905 -108.992499 -122.429284 -132.045299 -140.342448 -147.532683 -151.817617 -160.436702 -170.962071 -178.423006
