tests/Borden05m/sims/sim_1/output-maps/psiliqL0017N0006.asc
ncols         160
nrows         34
xllcorner     620200.000000
yllcorner     5168000.000000
cellsize      0.500000
NODATA_value  -9999.0
[rows 0 to 24 of 34, columns 55 to 109 of 160]
-9999.0 -9999.0 -9999.0 -9999.0 -9999.0 -9999.0 -9999.0 -9999.0 -9999.0 -9999.0 -9999.0 -9999.0 -9999.0 -9999.0 -9999.0 -9999.0 -9999.0 -9999.0 -9999.0 -9999.0 -9999.0 -9999.0 -9999.0 -9999.0 -9999.0 -9999.0 -9999.0 -9999.0 -9999.0 -9999.0 -9999.0 -9999.0 -9999.0 -9999.0 -9999.0 -9999.0 -9999.0 -9999.0 -9999.0 -9999.0 -9999.0 -9999.0 -9999.0 -9999.0 -9999.0 -9999.0 -9999.0 -9999.0 -9999.0 -9999.0 -9999.0 -9999.0 -9999.0 -9999.0 -9999.0
-9999.0 -9999.0 -9999.0 -9999.0 1632.131773 1626.822978 1621.979063 1617.534986 1609.138191 1600.319405 1592.536954 1588.959351 1588.431036 1588.085278 1588.068446 1593.622046 1602.036775 1610.026934 1617.413182 1620.099563 1622.764797 1625.130763 1625.786167 1624.838553 1621.872074 1618.836812 1615.702217 1614.376998 1606.759156 1595.684151 1587.229071 1584.649933 1589.095061 1593.568045 1596.037136 1601.589631 1612.042274 1622.525075 1630.732895 1642.427388 1648.178309 1652.908125 1655.286157 1650.747697 1646.833822 1642.575299 1636.846735 1625.621974 -9999.0 -9999.0 -9999.0 -9999.0 -9999.0 -9999.0 -9999.0
1577.280547 1596.431964 1617.030542 1620.389719 1608.816863 1603.972678 1601.000626 1599.418855 1595.141262 1586.969612 1582.212902 1577.261469 1575.636881 1576.155035 1576.631756 1581.051175 1591.805947 1600.096169 1605.127478 1607.969564 1610.910628 1610.477668 1610.125955 1610.091641 1607.468463 1604.293953 1601.174304 1599.621343 1600.614280 1593.259142 1587.827292 1584.429706 1582.483071 1585.119800 1587.590316 1591.260413 1600.477110 1608.302620 1616.075410 1630.248307 1642.458118 1647.359220 1644.332922 1638.940167 1634.617923 1627.228753 1616.576888 1606.121561 1597.016131 1589.955042 1583.914786 1577.313061 1582.704941 1588.946819 1597.924164
1562.439996 1582.110218 1602.721818 1605.788386 1595.421526 1587.608462 1582.389716 1583.099234 1586.402257 1583.464485 1579.293415 1573.974824 1583.459428 1585.171126 1586.675938 1590.403242 1593.559824 1597.686946 1600.681233 1606.336968 1615.593516 1618.597672 1619.361778 1619.739432 1618.136100 1615.261314 1613.698975 1611.228316 1606.300324 1605.261862 1605.594177 1605.222322 1610.055052 1611.629768 1613.714708 1607.315147 1610.949141 1616.895592 1623.433819 1629.250394 1635.295796 1638.301935 1634.452304 1633.405092 1624.378941 1609.980628 1598.661080 1589.972092 1588.259641 1584.517321 1575.900169 1562.070110 1568.684124 1583.531137 1587.341573
1569.491264 1579.193441 1591.112724 1594.432741 1589.865688 1591.905856 1594.017911 1595.912850 1594.780781 1592.187271 1590.064563 1602.516082 1612.170435 1614.425360 1617.749976 1621.999747 1622.321972 1611.193032 1609.285825 1617.578575 1627.990138 1633.858793 1634.354138 1634.485998 1632.243696 1631.516496 1631.530515 1629.816430 1630.531226 1633.025013 1632.571405 1636.949859 1642.750487 1645.897413 1638.905154 1629.896617 1630.937992 1638.588661 1646.655865 1653.603125 1663.558421 1674.085161 1672.761253 1666.725723 1657.065821 1643.000214 1619.015738 1599.264568 1587.504505 1579.171450 1570.970221 1570.860999 1566.268403 1577.267798 1577.952411
1567.137573 1586.028876 1607.544769 1615.462957 1610.154958 1606.108946 1604.415851 1605.733497 1606.189794 1609.089645 1621.083386 1634.928818 1649.108565 1652.320738 1655.282196 1655.173912 1647.128243 1637.382762 1634.395491 1649.050305 1665.731784 1674.199009 1674.835789 1673.384219 1679.482297 1678.968298 1678.352066 1674.402665 1676.518804 1677.295362 1686.288183 1694.331750 1701.985307 1700.490827 1688.392126 1676.531129 1675.116279 1678.253311 1682.127037 1688.166608 1697.708920 1706.499404 1700.694078 1693.270982 1683.106607 1654.403759 1627.567724 1610.382222 1609.413191 1608.518023 1602.511508 1598.420229 1594.606071 1587.239825 1585.713000
1614.323059 1635.890482 1656.836998 1672.598769 1667.544753 1660.437729 1651.540067 1652.722883 1655.699127 1663.891927 1676.932493 1693.819503 1717.944235 1720.603015 1723.705713 1725.892523 1714.859905 1702.899567 1692.637829 1712.101525 1722.944647 1731.524099 1732.382648 1741.228875 1751.174648 1747.450729 1740.548544 1730.394254 1737.114268 1747.968916 1763.683193 1771.384089 1776.104938 1774.148711 1762.275641 1755.998761 1754.926096 1757.725052 1755.665018 1760.645409 1769.637855 1783.740577 1782.018043 1773.649152 1750.775497 1712.618013 1678.441130 1658.903924 1664.648098 1656.585918 1648.335792 1644.109456 1629.480967 1618.148439 1617.356060
1665.901162 1683.689892 1702.499152 1721.256185 1716.255968 1706.709940 1693.355373 1692.896987 1700.245146 1711.262488 1730.806435 1753.233719 1776.908643 1783.333365 1784.496161 1794.827118 1788.979914 1779.871812 1772.439920 1787.010579 1798.918517 1810.639390 1819.681089 1832.856046 1844.581633 1833.625973 1820.890903 1814.962736 1821.459923 1843.615456 1863.138451 1868.949860 1870.222504 1872.362351 1861.594733 1855.202532 1848.891760 1844.548771 1838.834362 1834.555375 1853.855729 1870.760958 1868.420209 1844.505140 1819.538318 1780.924270 1741.662217 1710.157287 1711.776778 1707.055532 1705.468132 1690.149675 1673.998371 1658.467092 1649.143111
1744.189693 1772.453057 1793.252296 1815.777747 1814.875025 1797.410951 1788.079601 1792.972551 1806.631847 1814.975495 1832.313610 1855.524620 1886.564434 1906.207205 1923.869253 1928.937759 1921.652286 1913.482983 1901.339220 1902.021264 1921.546642 1934.028242 1944.584918 1955.199449 1968.251943 1972.935570 1969.863998 1969.808968 1974.208221 1984.023620 1995.523446 2003.201101 2008.694928 2013.794463 2007.415250 1996.144261 1990.397892 1981.814384 1975.829126 1972.952453 1977.220901 1990.029791 1986.503947 1956.142185 1927.711658 1893.128287 1854.018262 1821.466846 1805.438014 1813.160385 1802.673550 1782.977916 1764.063208 1729.785148 1714.600564
1841.600205 1878.039603 1906.323443 1921.241553 1934.022008 1927.323136 1928.647497 1933.367677 1941.679425 1947.059843 1955.656271 1989.266899 2024.884449 2053.836986 2078.404249 2087.349714 2077.211891 2068.153729 2056.451619 2047.879784 2054.618058 2070.347423 2087.767496 2103.654123 2115.385048 2119.122686 2118.455312 2119.451228 2122.669801 2126.584752 2130.984973 2138.817201 2147.099913 2157.460208 2167.681323 2160.104200 2142.504377 2130.355733 2117.373596 2112.975837 2111.668698 2110.814859 2110.040985 2098.400054 2062.435031 2031.357068 1997.549021 1969.590945 1948.862416 1936.882230 1915.381007 1889.964738 1840.120012 1798.489931 1762.469700
1956.443012 1999.804818 2031.762233 2055.152463 2070.719081 2072.681865 2075.548372 2078.250110 2084.076304 2089.233066 2096.049858 2120.985376 2160.766972 2199.331512 2230.080160 2233.387019 2223.330459 2213.322266 2204.006838 2192.867651 2189.910855 2199.648151 2212.443826 2230.085616 2241.476897 2250.321695 2249.229296 2250.217706 2251.910829 2254.836239 2257.680451 2261.118448 2269.773039 2283.165329 2295.510223 2295.695308 2280.180774 2262.542847 2245.299023 2239.279182 2234.044768 2228.038394 2228.101960 2228.089256 2216.748366 2188.205991 2149.356389 2105.868825 2080.653708 2059.323532 2044.508625 2025.623423 1992.658121 1934.047566 1898.269215
2092.080091 2123.486911 2154.747144 2186.508665 2204.896031 2211.504280 2211.438103 2212.765136 2220.396965 2226.078257 2235.438208 2252.680400 2279.766012 2311.154075 2339.064963 2356.029865 2351.496997 2337.844931 2319.712365 2313.626840 2312.337088 2315.233130 2322.985497 2332.683772 2349.491445 2366.652462 2372.876078 2374.148175 2371.982157 2375.217932 2377.437496 2378.398536 2380.765335 2387.166445 2395.234686 2397.878842 2391.743309 2373.566046 2352.291871 2338.971753 2331.045959 2326.743167 2325.314495 2327.131539 2326.880075 2312.970771 2280.869818 2239.863903 2206.460793 2185.158827 2168.056243 2151.512103 2137.120974 2110.660628 2089.061471
2217.379184 2233.333159 2261.063132 2289.281922 2313.420584 2329.561032 2332.567632 2337.445524 2342.372267 2351.563269 2367.317515 2388.483355 2404.588572 2423.530038 2446.552035 2460.414341 2466.208631 2466.267006 2464.556007 2466.562013 2467.141605 2429.387648 2433.583230 2437.627308 2448.007060 2458.462110 2462.297025 2462.948685 2461.736267 2463.742709 2464.981851 2465.789431 2466.084621 2467.287800 2470.599335 2471.800393 2470.214550 2461.521059 2469.596898 2452.031611 2440.012900 2432.552150 2424.737404 2416.096549 2406.106179 2395.567463 2376.929039 2348.118042 2314.022039 2287.938112 2276.133573 2267.551896 2257.894368 2249.827875 2231.681740
2329.934721 2342.327888 2359.792152 2381.404716 2411.479081 2431.971263 2442.586927 2451.119938 2455.655711 2468.214271 2482.501807 2474.135598 2479.486717 2484.878000 2490.151320 2491.991438 2492.590651 2492.498073 2490.432937 2490.143520 2488.396889 2484.248275 2474.465624 2475.813832 2477.210030 2479.514384 2482.968528 2481.726309 2482.884397 2486.238524 2485.268373 2480.306684 2477.201793 2476.116122 2477.069315 2484.454004 2487.857207 2488.946558 2487.619514 2487.467551 2487.512723 2486.027491 2483.842062 2480.329581 2475.488949 2482.116623 2470.924181 2445.892419 2410.347642 2372.780659 2360.065254 2356.442635 2354.900167 2350.550508 2342.767652
2452.519458 2465.714723 2479.782641 2471.104058 2485.250921 2492.367058 2495.496445 2498.179536 2500.231920 2501.553770 2498.051234 2494.479831 2489.463541 2487.771615 2486.105938 2483.382226 2483.746613 2481.661303 2477.645644 2473.922159 2466.929782 2455.844694 2444.337816 2441.060777 2445.020138 2449.680191 2453.814310 2457.135471 2460.556011 2461.571798 2457.167008 2449.873126 2443.376060 2442.110745 2449.079816 2455.033371 2461.090239 2462.438716 2461.937248 2460.883926 2462.151724 2460.635529 2462.036723 2469.344539 2483.342671 2488.276206 2491.882021 2491.230784 2480.738277 2461.678495 2459.871500 2439.554896 2442.699910 2436.842536 2424.240567
2496.527032 2498.874519 2498.319800 2496.973066 2490.916078 2484.788484 2483.517975 2486.679282 2492.680565 2492.995842 2485.175982 2476.014180 2468.215324 2460.488974 2457.507532 2455.724081 2454.548870 2454.244424 2448.587847 2439.972059 2423.757555 2411.774478 2400.059756 2393.349501 2390.011424 2393.627402 2403.085200 2412.904534 2417.439950 2410.141121 2402.929389 2392.680186 2385.405412 2386.354741 2388.766899 2398.400931 2413.800336 2420.220225 2422.196109 2418.271335 2414.917547 2410.589824 2409.833716 2417.742490 2433.611312 2449.994643 2464.714712 2473.549655 2481.202715 2487.861032 2489.636536 2490.953593 2491.232558 2489.084763 2488.362218
2494.567070 2488.148628 2481.531950 2476.250533 2469.273325 2462.981160 2460.244154 2461.276651 2462.496897 2457.505616 2449.445513 2437.816446 2425.509472 2414.487132 2406.510754 2406.054095 2407.090054 2407.286428 2399.884618 2384.551417 2366.186782 2351.946918 2337.141521 2332.051480 2325.723748 2319.310327 2328.680365 2345.769946 2351.970606 2337.856445 2328.180169 2314.441690 2308.143983 2305.517553 2307.512423 2317.462202 2338.950642 2360.958482 2364.157249 2356.224658 2348.674188 2346.345848 2345.787304 2353.445483 2372.484891 2394.127988 2410.484480 2421.393587 2427.902078 2436.649607 2446.626960 2459.804335 2473.384401 2484.468261 2491.231362
2472.105578 2464.138435 2456.079643 2447.867424 2439.941715 2432.410090 2426.617319 2422.791325 2417.773041 2409.690075 2400.411192 2381.392102 2367.012218 2352.751870 2336.830987 2331.484516 2326.368488 2326.521276 2314.270632 2303.919838 2285.282559 2268.739536 2251.678722 2238.725386 2231.466689 2224.020341 2225.003261 2238.816812 2247.141851 2235.276512 2225.605387 2214.218551 2209.396731 2206.888539 2209.847419 2221.135519 2243.483060 2263.549633 2273.031247 2267.854711 2266.913209 2268.407371 2269.912932 2278.234689 2293.429889 2314.394208 2337.594140 2356.457283 2367.779125 2376.826082 2387.997188 2403.672534 2418.331579 2432.669169 2450.068666
2440.145971 2430.152711 2419.380470 2408.624694 2396.611775 2383.931590 2375.533449 2374.857795 2365.885425 2356.968819 2336.117041 2284.070255 2262.101721 2241.138863 2223.047659 2214.697645 2205.003794 2192.503796 2182.204694 2175.097360 2170.160464 2153.606269 2134.174670 2115.613053 2108.805919 2103.380180 2090.186297 2090.605824 2092.291828 2100.727991 2094.146880 2090.529912 2090.522833 2088.865690 2092.322783 2106.787650 2118.571241 2128.834944 2137.507380 2141.104393 2152.307916 2162.546208 2171.959260 2191.091506 2206.313934 2225.747912 2249.515383 2276.661662 2293.449991 2305.529451 2318.539033 2335.917826 2353.896533 2372.554497 2395.766892
2400.249021 2383.719211 2368.106548 2352.133097 2337.280449 2322.201329 2305.478044 2303.667428 2297.360930 2284.634084 2234.681371 2189.302500 2152.630877 2131.443173 2105.810642 2090.951174 2075.572207 2042.979114 2026.047437 2020.708841 2027.886248 2018.937832 2000.864378 1985.874648 1975.621821 1966.541406 1950.763028 1937.396057 1942.150014 1956.570044 1954.369957 1955.021379 1961.101808 1960.583532 1956.902651 1960.488420 1975.455949 1984.424893 1996.996642 2013.387205 2020.835488 2035.793814 2067.915741 2084.478347 2102.890310 2125.799863 2150.787527 2177.240714 2202.111522 2219.239513 2237.415867 2259.182140 2278.643290 2301.453753 2326.409015
2341.773490 2311.169390 2288.932379 2269.393479 2248.307760 2222.126484 2198.527425 2192.611482 2182.096535 2155.038227 2102.227597 2059.700612 2028.650027 2003.167814 1976.408753 1953.057441 1919.796817 1885.482285 1863.317413 1871.350344 1878.695922 1882.194598 1867.770150 1854.362221 1843.107583 1826.588953 1809.852845 1795.838612 1804.955110 1813.361101 1825.902921 1830.994127 1835.209469 1839.675819 1839.266655 1833.462877 1835.987246 1846.118871 1858.198228 1871.503722 1890.623276 1925.038187 1952.465344 1973.131695 1997.066279 2020.444935 2046.674422 2074.332944 2100.576636 2121.319251 2144.017982 2167.320424 2192.085964 2215.743691 2242.976985
2254.660535 2224.256652 2194.815508 2168.590384 2136.194049 2090.900083 2072.493472 2059.965172 2039.897486 1995.551262 1949.690972 1916.702865 1893.808712 1866.722106 1841.434354 1811.554591 1777.645463 1751.842704 1730.482417 1737.481129 1744.562842 1758.074349 1746.292150 1735.769193 1729.840478 1714.018053 1699.751097 1684.107005 1690.858638 1701.500571 1721.158194 1726.218275 1730.275109 1738.685109 1738.442802 1736.037863 1724.873642 1734.085399 1746.186139 1762.002557 1792.798414 1818.768219 1844.503410 1868.581736 1891.563271 1917.137864 1944.146307 1971.822256 2001.852676 2025.711332 2049.214528 2075.217202 2099.549790 2120.766969 2144.242734
2132.915798 2104.888184 2080.179665 2052.416847 2009.970352 1962.840408 1922.766422 1899.311908 1852.693322 1815.441991 1783.358365 1769.571186 1750.929898 1726.799327 1704.108943 1681.791987 1656.068070 1633.869564 1608.497832 1611.942700 1624.745286 1638.951816 1635.151076 1632.558873 1629.337136 1618.295159 1604.276488 1590.382271 1593.828661 1609.651759 1626.958304 1635.597182 1642.945668 1650.985325 1651.512926 1644.325664 1636.169640 1642.516596 1658.310882 1675.859603 1697.039667 1720.454783 1743.910291 1766.617215 1791.728785 1817.745873 1844.381993 1873.189308 1903.758969 1928.399841 1956.220693 1985.020346 2007.851078 2023.329582 2039.570483
2011.861536 1987.550759 1960.427712 1930.264222 1886.099640 1842.134237 1797.594049 1752.776373 1717.148360 1684.508398 1668.858514 1649.130664 1631.018865 1612.478612 1590.164759 1570.634731 1552.347784 1529.734278 1514.294983 1519.603230 1532.040410 1541.257462 1544.977688 1541.738551 1538.450977 1531.275906 1517.176714 1509.297925 1518.230306 1533.439527 1547.847854 1558.718550 1565.744052 1571.767419 1569.386286 1561.374269 1557.417139 1566.337076 1582.756505 1598.143187 1615.628961 1638.062767 1660.418422 1683.797737 1708.369289 1732.995477 1760.230933 1788.457140 1817.534278 1847.118133 1873.765978 1898.328437 1912.744133 1927.702844 1936.584840
1870.784541 1853.447805 1825.279607 1794.607573 1760.675713 1722.077390 1691.815654 1657.945908 1625.379695 1593.638371 1566.264150 1549.393784 1539.450772 1524.065290 1504.586211 1491.031740 1473.854741 1458.654901 1460.359964 1461.961304 1471.268606 1470.694985 1470.938578 1467.738974 1466.456482 1462.669152 1453.634533 1462.396276 1469.391006 1483.471306 1493.972654 1503.619339 1509.856031 1514.011734 1514.746018 1509.668424 1514.642226 1521.959851 1536.859323 1549.235283 1564.584423 1586.034478 1604.426230 1625.014943 1648.681017 1673.286993 1699.156955 1726.856577 1756.876657 1784.153754 1805.988409 1817.668218 1831.305465 1839.192196 1835.470460
