tests/Borden05m/sims/sim_1/output-maps/psiliqL0020N0006.asc
ncols         160
nrows         34
xllcorner     620200.000000
yllcorner     5168000.000000
cellsize      0.500000
NODATA_value  -9999.0
[rows 0 to 24 of 34, columns 0 to 54 of 160]
-9999.0 -9999.0 -9999.0 -9999.0 -9999.0 -9999.0 -9999.0 -9999.0 -9999.0 -9999.0 -9999.0 -9999.0 -9999.0 -9999.0 -9999.0 -9999.0 -9999.0 -9999.0 -9999.0 -9999.0 -9999.0 -9999.0 -9999.0 -9999.0 -9999.0 -9999.0 -9999.0 -9999.0 -9999.0 -9999.0 -9999.0 -9999.0 -9999.0 -9999.0 -9999.0 -9999.0 -9999.0 -9999.0 -9999.0 -9999.0 -9999.0 -9999.0 -9999.0 -9999.0 -9999.0 -9999.0 -9999.0 -9999.0 -9999.0 -9999.0 -9999.0 -9999.0 -9999.0 -9999.0 -9999.0
-9999.0 -9999.0 -9999.0 -9999.0 -9999.0 -9999.0 -9999.0 -9999.0 -9999.0 -9999.0 -9999.0 -9999.0 -9999.0 -9999.0 -9999.0 -9999.0 -9999.0 -9999.0 -9999.0 -9999.0 -9999.0 -9999.0 -9999.0 -9999.0 -9999.0 -9999.0 -9999.0 -9999.0 -9999.0 -9999.0 -9999.0 -9999.0 -9999.0 -9999.0 -9999.0 -9999.0 -9999.0 -9999.0 -9999.0 -9999.0 -9999.0 -9999.0 -9999.0 -9999.0 -9999.0 -9999.0 -9999.0 -9999.0 -9999.0 -9999.0 -9999.0 -9999.0 -9999.0 -9999.0 -9999.0
-9999.0 -9999.0 -9999.0 -9999.0 -9999.0 -9999.0 -9999.0 -9999.0 -9999.0 -9999.0 -9999.0 -9999.0 -9999.0 -9999.0 -9999.0 -9999.0 -9999.0 -9999.0 -9999.0 -9999.0 -9999.0 -9999.0 -9999.0 -9999.0 -9999.0 -9999.0 -9999.0 -9999.0 -9999.0 -9999.0 -9999.0 -9999.0 -9999.0 -9999.0 -9999.0 -9999.0 -9999.0 -9999.0 -9999.0 -9999.0 -9999.0 -9999.0 -9999.0 -9999.0 -9999.0 -9999.0 -9999.0 2104.394700 2087.463942 2073.506476 2070.447360 2092.748515 2116.585829 2141.013325 2162.153995
-9999.0 -9999.0 -9999.0 -9999.0 -9999.0 -9999.0 -9999.0 -9999.0 -9999.0 -9999.0 -9999.0 -9999.0 -9999.0 -9999.0 -9999.0 -9999.0 -9999.0 -9999.0 -9999.0 -9999.0 -9999.0 -9999.0 -9999.0 -9999.0 -9999.0 -9999.0 -9999.0 -9999.0 -9999.0 -9999.0 -9999.0 -9999.0 -9999.0 -9999.0 -9999.0 -9999.0 -9999.0 -9999.0 -9999.0 -9999.0 2151.676080 2157.864996 2158.706029 2149.095518 2138.372533 2125.859748 2105.934023 2088.652857 2075.188765 2073.553642 2076.721062 2081.120314 2103.289739 2129.023518 2149.460415
-9999.0 -9999.0 -9999.0 -9999.0 -9999.0 -9999.0 -9999.0 -9999.0 -9999.0 -9999.0 -9999.0 -9999.0 -9999.0 -9999.0 -9999.0 -9999.0 -9999.0 -9999.0 -9999.0 -9999.0 -9999.0 -9999.0 -9999.0 -9999.0 -9999.0 -9999.0 -9999.0 -9999.0 -9999.0 -9999.0 -9999.0 -9999.0 -9999.0 -9999.0 2057.437088 2074.899169 2093.367418 2112.409077 2129.826837 2137.225696 2143.281594 2149.207576 2145.326579 2141.398049 2130.476095 2110.905370 2092.088094 2079.380714 2078.512530 2076.764520 2081.377023 2094.236785 2111.663942 2127.911063 2149.291446
-9999.0 -9999.0 -9999.0 -9999.0 -9999.0 -9999.0 -9999.0 -9999.0 -9999.0 -9999.0 -9999.0 -9999.0 -9999.0 -9999.0 -9999.0 -9999.0 -9999.0 -9999.0 -9999.0 -9999.0 -9999.0 -9999.0 -9999.0 -9999.0 -9999.0 -9999.0 -9999.0 -9999.0 2060.135062 2054.538122 2050.128906 2049.187468 2048.417885 2047.948496 2055.038179 2067.046535 2085.096830 2107.633535 2121.428102 2129.297977 2136.646455 2137.784200 2132.948398 2131.820165 2132.971397 2121.420194 2110.147694 2099.652548 2089.511724 2087.918564 2097.957795 2112.990769 2130.028214 2145.525306 2161.587906
-9999.0 -9999.0 -9999.0 -9999.0 -9999.0 -9999.0 -9999.0 -9999.0 -9999.0 -9999.0 -9999.0 -9999.0 -9999.0 -9999.0 -9999.0 -9999.0 -9999.0 -9999.0 -9999.0 -9999.0 -9999.0 -9999.0 -9999.0 2028.761095 2034.331441 2041.266766 2049.324055 2050.742560 2047.444390 2042.453156 2040.215899 2039.429878 2038.103049 2043.287642 2051.395265 2065.275153 2081.483984 2104.322638 2113.483062 2119.341043 2131.844847 2135.894537 2143.573671 2148.391958 2147.429708 2144.752549 2131.814273 2122.179981 2126.580359 2132.383681 2140.158953 2149.255677 2163.572462 2178.901006 2195.915378
-9999.0 -9999.0 -9999.0 -9999.0 -9999.0 -9999.0 -9999.0 -9999.0 -9999.0 -9999.0 -9999.0 -9999.0 -9999.0 -9999.0 -9999.0 -9999.0 -9999.0 -9999.0 -9999.0 2003.338643 2004.558524 2006.247458 2011.363420 2012.175694 2014.500548 2021.860611 2030.489640 2033.723241 2032.322202 2031.784680 2033.916564 2037.318084 2042.552253 2054.176735 2068.527997 2083.346058 2097.435527 2119.004588 2134.377651 2148.111155 2164.562133 2165.397462 2162.551349 2161.775947 2162.922452 2163.112044 2165.208215 2167.027852 2174.287513 2177.959745 2183.893970 2194.168009 2206.910102 2225.211361 2244.795520
-9999.0 -9999.0 -9999.0 -9999.0 -9999.0 -9999.0 -9999.0 -9999.0 -9999.0 -9999.0 -9999.0 -9999.0 -9999.0 -9999.0 -9999.0 -9999.0 1974.139204 1976.184037 1978.785592 1984.459901 1988.114407 1992.491635 1999.879229 2001.697108 2005.799170 2013.487833 2018.778674 2028.501247 2037.409628 2045.316766 2051.969206 2055.295531 2063.049724 2073.261294 2085.708317 2101.058536 2122.623376 2146.786747 2163.606796 2181.275851 2199.393846 2201.002224 2200.661503 2202.436053 2203.007356 2207.892550 2224.888430 2230.502013 2229.605706 2243.820655 2257.929621 2263.207927 2272.160561 2292.878705 2316.877257
-9999.0 -9999.0 -9999.0 -9999.0 -9999.0 -9999.0 -9999.0 -9999.0 -9999.0 -9999.0 -9999.0 -9999.0 -9999.0 1925.528205 1929.884539 1940.178529 1950.900517 1954.084565 1959.139316 1965.953886 1978.577710 1982.709188 1989.341051 1997.299252 2010.231252 2019.547628 2029.229750 2041.733848 2050.679441 2058.534585 2066.046163 2071.150308 2084.390451 2099.930147 2115.949855 2136.588257 2159.513515 2180.005885 2200.378628 2217.606247 2231.452728 2232.327070 2232.696165 2236.270943 2243.892929 2260.747578 2279.969001 2286.184991 2301.489890 2324.702133 2338.075621 2349.136530 2358.178511 2373.250800 2395.785747
-9999.0 -9999.0 -9999.0 -9999.0 -9999.0 -9999.0 -9999.0 -9999.0 -9999.0 -9999.0 1894.390534 1896.651276 1893.575053 1892.572578 1898.512019 1911.267466 1925.925375 1932.518530 1944.861889 1966.561360 1985.377784 1989.282046 2003.927135 2014.938188 2022.473954 2033.413966 2047.173636 2060.381863 2077.275446 2090.178633 2101.287487 2120.179147 2137.282474 2154.710123 2173.374210 2194.911109 2214.185603 2241.711552 2269.472917 2281.909737 2303.033919 2311.470883 2309.608315 2310.474533 2321.342278 2336.901254 2356.810138 2378.110105 2399.751055 2425.162415 2440.893042 2456.121347 2467.756475 2480.830062 2498.097333
-9999.0 -9999.0 -9999.0 -9999.0 -9999.0 -9999.0 -9999.0 -9999.0 1868.922183 1877.022669 1883.295913 1880.719189 1876.843173 1872.607827 1887.453182 1903.751069 1920.353189 1938.978143 1955.417653 1974.308813 1989.621851 2005.884450 2026.738726 2038.882977 2050.934095 2067.031548 2081.344282 2098.343259 2120.219087 2131.695426 2146.902153 2168.553551 2187.075767 2205.981940 2226.023131 2245.130286 2270.765615 2304.537872 2336.979739 2358.464894 2387.076616 2408.801697 2407.648543 2410.194055 2415.255513 2441.726669 2471.530809 2503.319992 2528.873758 2556.783609 2587.524831 2606.996853 2618.781874 2632.552415 2649.001716
-9999.0 -9999.0 -9999.0 -9999.0 -9999.0 -9999.0 1840.103557 1864.802615 1880.475802 1872.833256 1861.561487 1857.930121 1853.661711 1881.468317 1904.478822 1922.625418 1940.275845 1958.684832 1975.899932 1987.600673 2020.357836 2039.919073 2054.154919 2071.053442 2086.740117 2102.488151 2120.634471 2144.322038 2165.433250 2192.869211 2215.679694 2237.835328 2264.998403 2285.596661 2305.650977 2324.001326 2355.785121 2393.844872 2431.682096 2460.607046 2488.574572 2522.869161 2529.229664 2535.597400 2542.590464 2567.100417 2601.717734 2633.216578 2668.596942 2702.442069 2732.210518 2748.251768 2760.433683 2773.011843 2787.729829
-9999.0 -9999.0 -9999.0 -9999.0 1806.262694 1827.437004 1847.315997 1878.267662 1901.250845 1897.090753 1903.598123 1903.730554 1901.736435 1907.232271 1915.898847 1934.671981 1954.591748 1974.835034 1992.117585 2024.619572 2071.184882 2085.869774 2108.098492 2140.182170 2154.079487 2170.318158 2187.865097 2211.391822 2236.118152 2268.881910 2310.134965 2345.604313 2371.535773 2394.943317 2417.675165 2439.951102 2477.076271 2518.039378 2557.206189 2592.562257 2622.739908 2651.195825 2663.685129 2672.731408 2686.182038 2705.245722 2729.564216 2761.908446 2797.009867 2831.392489 2857.568914 2869.664663 2878.106526 2889.887627 2900.458222
-9999.0 -9999.0 -9999.0 1754.282417 1793.430749 1832.529327 1859.486366 1890.814212 1923.951726 1927.485148 1937.546677 1941.455536 1944.986181 1953.523488 1961.036593 1979.229032 1997.655433 2016.742517 2040.012108 2076.724631 2110.436480 2136.115329 2167.580919 2190.994958 2209.919800 2226.291383 2246.727423 2271.052705 2311.829742 2348.174061 2398.453705 2452.560196 2489.599457 2515.589470 2541.132698 2571.539489 2599.475692 2639.344788 2676.738640 2712.170279 2748.498686 2775.062737 2794.278793 2802.923562 2814.774546 2824.380407 2841.028817 2863.175244 2887.343980 2919.003604 2949.357548 2813.170738 2824.664050 2834.562204 2850.460144
-9999.0 -9999.0 1706.264073 1745.087391 1778.247452 1827.367445 1881.099072 1916.787330 1958.172182 1981.169037 1987.941290 2003.808397 2019.267066 2025.578863 2039.892810 2056.800032 2078.231389 2087.778789 2107.996215 2133.405670 2178.972276 2220.697764 2232.112093 2279.494302 2313.502841 2345.570494 2367.165645 2396.359051 2435.504267 2476.209475 2526.330590 2578.799128 2617.457867 2650.109810 2669.634992 2692.631423 2717.391959 2748.413708 2787.004784 2817.099118 2850.712670 2878.765826 2901.747163 2908.045646 2914.137277 2932.054295 2959.800454 2824.025846 2847.319140 2872.702674 2867.468455 2881.602339 2889.026240 2893.251739 2899.749797
-9999.0 -9999.0 1677.866159 1723.784757 1761.824160 1824.994887 1908.789277 1945.834551 1988.978462 2036.621798 2055.247984 2080.651424 2086.833631 2089.496340 2112.655020 2133.643751 2151.879630 2161.215903 2160.573365 2216.495373 2274.347063 2314.876702 2345.330403 2418.570661 2469.440600 2492.427453 2511.047296 2534.883016 2560.290121 2603.665983 2649.720654 2705.778635 2753.619860 2785.657276 2804.161203 2826.378969 2849.468687 2869.568557 2891.811714 2936.489204 2811.929796 2836.768720 2865.047841 2885.089358 2892.843774 2896.686048 2879.258514 2890.607030 2900.004694 2904.197663 2905.870053 2902.428370 2901.912801 2902.738533 2903.754448
-9999.0 1586.629040 1639.126238 1691.369339 1758.668898 1823.957652 1904.385724 1983.521328 2046.752577 2098.701876 2128.878893 2135.466226 2158.415832 2195.961531 2221.838175 2246.670826 2253.619151 2263.725387 2252.532692 2305.831550 2352.007479 2416.813685 2524.254596 2583.497145 2639.235118 2642.183774 2638.287816 2650.926704 2674.043781 2719.929385 2797.365400 2852.026552 2913.601046 2818.332967 2831.071667 2837.165447 2854.183073 2873.457915 2842.622791 2873.823586 2885.809001 2897.703552 2903.134571 2905.003264 2906.144924 2906.213727 2902.945096 2896.453398 2888.708317 2883.208370 2879.234800 2874.837336 2877.328363 2880.660029 2881.199864
-9999.0 1549.785239 1608.447950 1678.846005 1748.787393 1807.844451 1902.851713 2058.349757 2118.507801 2159.110079 2177.500453 2182.378478 2254.557980 2321.678894 2355.226956 2403.378483 2396.950734 2387.835212 2367.013258 2399.212906 2446.136433 2521.206239 2678.272941 2768.158702 2810.824640 2824.576510 2832.861876 2863.707679 2906.401034 2815.147189 2850.569576 2835.302804 2871.182338 2886.713657 2890.682902 2891.574387 2895.770685 2895.083301 2893.381566 2889.504184 2884.806922 2885.183991 2889.630872 2889.631148 2886.975366 2883.976552 2878.565375 2871.268955 2866.070626 2861.552159 2858.919314 2856.043926 2854.306288 2853.990052 2849.470323
-9999.0 1515.038833 1588.156950 1649.605441 1706.350227 1810.799783 1940.095690 2081.556642 2178.770377 2218.286228 2224.684587 2282.949690 2388.910352 2494.911019 2551.667629 2579.522242 2575.857806 2546.536823 2542.868676 2589.985707 2659.761170 2767.648070 2882.904501 2854.543933 2866.062774 2869.119211 2835.961574 2854.714906 2872.092793 2872.601201 2873.799273 2879.294368 2884.519133 2887.513787 2886.353245 2883.772298 2879.319865 2871.555810 2866.933416 2863.652973 2860.210002 2859.535952 2861.931969 2863.505272 2860.962165 2857.245248 2852.881391 2847.398807 2843.938420 2837.346684 2833.262455 2829.160365 2827.018965 2821.842507 2817.926529
-9999.0 1404.114129 1496.511252 1545.027337 1641.188008 1823.189847 1952.534540 2100.060867 2257.947533 2292.386126 2358.430286 2492.902443 2609.964409 2694.931118 2736.027203 2778.662081 2810.179652 2834.412275 2873.852597 2800.449608 2871.152822 2833.007842 2862.117230 2874.856232 2880.020809 2880.812707 2872.184325 2852.571676 2842.383033 2835.985257 2837.903185 2845.360493 2850.592947 2855.858044 2853.847815 2854.790933 2855.464470 2852.279103 2850.974882 2842.697921 2835.118706 2829.017049 2826.577612 2831.585744 2826.933268 2824.293378 2818.391469 2813.015597 2975.895816 2968.656510 2960.943180 2954.045310 2950.778965 2944.214646 2941.050473
-9999.0 1323.274138 1398.259135 1473.775474 1599.433616 1764.452686 1879.413442 2044.254797 2270.623088 2400.026282 2548.097623 2634.807570 2715.411538 2774.807922 2836.479185 2803.662341 2826.395630 2837.050955 2816.016393 2832.560762 2912.823195 2907.526326 2800.261725 2825.433623 2840.240206 2844.313909 2836.456167 2826.905895 2820.019046 2819.163522 2817.623078 2814.987675 2812.185738 2809.421877 2806.408448 2808.929484 2813.906595 2809.851910 2959.893823 2950.760085 2942.535368 2933.598067 2927.789088 2923.803063 2923.593777 2923.932307 2916.909279 2907.359375 2899.058957 2891.400299 2883.967808 2878.423235 2874.733077 2867.991025 2856.584694
-9999.0 1214.410541 1341.427973 1427.326025 1536.579642 1670.544183 1787.677355 1947.645000 2090.287905 2325.240537 2480.716502 2633.026889 2687.481683 2758.301636 2816.969828 2806.800867 2805.870824 2877.542002 2843.857416 2832.659784 2844.991168 2857.682169 2871.073014 2890.891540 2911.099838 2923.550442 2929.547011 2925.126368 2913.375895 2904.342842 2897.027633 2886.662165 2879.534705 2878.523025 2881.414711 2890.183490 2891.590207 2882.491588 2870.345106 2852.521903 2837.067395 2825.349808 2822.478410 2824.263534 2824.728036 2821.000063 2814.912922 2804.647400 2792.688737 2780.816343 2774.035602 2768.437645 2759.985142 2747.142275 2730.361034
-9999.0 -9999.0 1261.189968 1371.260202 1472.816005 1590.714219 1694.712382 1827.637709 1975.533311 2155.398843 2276.980705 2435.577203 2525.244801 2576.291802 2623.556332 2685.406511 2713.040493 2744.499294 2738.068050 2749.987331 2761.631409 2770.291276 2780.454944 2791.712425 2805.964751 2818.052312 2828.995908 2828.416697 2821.116265 2803.744985 2781.988962 2765.262444 2756.362555 2748.797399 2759.639027 2771.467906 2767.004797 2759.784277 2746.745263 2727.477758 2713.626491 2698.847309 2694.529361 2694.096548 2694.051748 2691.196216 2687.441576 2674.476786 2661.792662 2650.718163 2645.466567 2638.758512 2633.040049 2621.335488 2609.276162
-9999.0 -9999.0 1174.921759 1281.661239 1390.640303 1511.753373 1605.209864 1652.589891 1799.117791 1911.879053 2021.078725 2129.388823 2222.805826 2293.344051 2336.172491 2401.418072 2453.610958 2474.863717 2509.480434 2554.457657 2587.203811 2622.974650 2645.895642 2659.571619 2674.989313 2690.692579 2700.393539 2688.480989 2678.621113 2662.757949 2641.077171 2616.864031 2604.570403 2602.703553 2603.318316 2606.384001 2599.329923 2589.571330 2574.807425 2560.319603 2547.115038 2536.168369 2531.542380 2526.440204 2524.135571 2520.939257 2517.990205 2509.835835 2499.748420 2493.316655 2484.569916 2478.905861 2475.839268 2469.593851 2460.646002
