tests/Borden05m/sims/sim_1/output-maps/psiliqL0005N0004.asc
ncols         160
nrows         34
xllcorner     620200.000000
yllcorner     5168000.000000
cellsize      0.500000
NODATA_value  -9999.0
[rows 0 to 24 of 34, columns 56 to 111 of 160]
-9999.0 -9999.0 -9999.0 -9999.0 -9999.0 -9999.0 -9999.0 -9999.0 -9999.0 -9999.0 -9999.0 -9999.0 -9999.0 -9999.0 -9999.0 -9999.0 -9999.0 -9999.0 -9999.0 -9999.0 -9999.0 -9999.0 -9999.0 -9999.0 -9999.0 -9999.0 -9999.0 -9999.0 -9999.0 -9999.0 -9999.0 -9999.0 -9999.0 -9999.0 -9999.0 -9999.0 -9999.0 -9999.0 -9999.0 -9999.0 -9999.0 -9999.0 -9999.0 -9999.0 -9999.0 -9999.0 -9999.0 -9999.0 -9999.0 -9999.0 -9999.0 -9999.0 -9999.0 -9999.0 -9999.0 -9999.0
-9999.0 -9999.0 -9999.0 -696.038873 -701.693692 -707.323738 -712.646214 -722.056193 -731.512168 -740.528832 -744.701556 -745.796512 -746.877186 -747.433776 -742.251387 -734.536415 -727.109418 -719.992405 -717.775868 -715.466535 -713.179705 -712.704077 -714.123284 -717.461649 -720.814331 -724.292700 -725.765187 -734.319984 -745.882006 -755.004345 -757.819065 -753.266744 -748.706972 -746.142392 -739.827182 -728.787333 -717.727870 -709.041443 -697.335733 -691.964743 -686.669883 -683.104468 -686.837510 -690.087916 -693.370355 -697.516655 -708.295438 -9999.0 -9999.0 -9999.0 -9999.0 -9999.0 -9999.0 -9999.0 -9999.0 -9999.0
-733.350647 -714.410039 -711.253815 -721.900960 -726.753705 -730.286074 -732.806366 -738.355718 -747.469485 -753.193026 -758.934340 -760.720143 -760.990569 -761.143067 -757.066858 -747.529529 -739.694229 -735.032461 -732.806445 -730.551364 -730.294619 -730.849374 -731.377870 -734.376735 -737.869767 -741.348203 -743.190948 -743.448075 -751.117493 -756.375416 -759.571292 -760.511022 -758.114550 -755.843976 -753.046445 -743.236251 -734.762897 -726.286286 -712.246715 -699.986660 -694.665586 -696.738432 -701.489862 -704.764269 -710.533144 -719.729039 -729.937991 -740.612007 -747.749225 -752.829509 -757.511363 -751.162452 -744.747116 -734.048850 -723.377935 -711.150398
-750.389214 -731.084034 -728.470015 -739.641583 -748.442976 -752.683351 -753.014782 -751.404849 -755.544726 -760.560306 -764.427626 -757.337945 -756.371523 -755.400308 -752.425175 -748.948036 -747.274533 -744.591941 -739.475471 -730.736697 -728.331323 -727.981709 -728.002766 -729.930073 -733.117983 -734.957901 -737.799628 -743.064734 -743.894395 -743.388232 -743.173663 -737.787016 -736.314913 -735.196603 -742.404805 -739.175334 -732.799579 -725.799253 -718.399037 -711.074029 -705.833285 -708.569210 -709.701371 -717.476918 -730.715125 -741.915792 -750.401418 -753.064268 -755.875692 -763.105458 -774.610850 -767.629273 -751.892166 -746.936005 -742.759843 -730.443729
-759.354043 -747.731452 -745.103077 -750.567271 -750.210142 -749.205699 -748.067065 -750.056691 -753.383820 -754.691033 -741.776885 -732.519002 -731.183989 -728.569240 -725.587340 -727.412489 -740.187932 -743.110502 -734.585590 -724.232967 -718.448101 -718.550017 -718.772527 -720.150652 -721.305522 -721.995943 -724.610553 -723.340990 -720.668202 -719.555050 -714.184461 -708.580647 -705.946588 -715.078659 -724.367735 -724.099780 -716.494574 -708.629121 -701.121540 -689.792068 -677.649465 -678.797762 -684.250733 -692.605934 -705.797305 -728.743331 -748.453351 -758.379401 -764.209557 -770.577931 -771.557648 -772.905438 -762.480895 -760.303936 -758.369431 -749.241187
-756.097548 -735.460796 -727.375245 -734.021596 -740.551589 -744.876771 -744.786340 -744.761666 -741.200264 -727.680081 -714.007377 -698.843556 -696.689237 -694.541599 -695.065024 -705.416442 -715.886617 -720.631604 -705.483571 -690.181783 -682.208265 -681.387658 -680.411509 -671.740240 -674.361510 -677.717747 -683.772851 -681.260977 -677.827188 -665.667414 -658.419890 -652.082734 -654.160490 -665.724562 -676.309520 -678.401280 -676.905114 -675.444937 -669.632876 -658.851790 -648.115945 -652.451933 -659.607487 -669.763289 -698.481613 -726.527541 -743.262298 -741.798097 -740.762576 -744.756403 -747.493415 -751.083949 -758.772123 -758.811778 -758.891448 -759.040393
-709.108747 -691.007502 -675.032292 -681.680496 -691.076817 -703.179196 -703.366302 -699.910904 -691.824557 -678.785083 -660.201323 -636.564673 -633.116996 -629.439114 -625.095780 -635.717450 -647.762176 -659.946963 -645.341415 -636.269384 -627.373720 -623.669808 -611.624945 -601.574948 -607.102955 -616.413813 -625.815727 -619.488125 -604.945335 -590.405254 -584.726937 -581.973267 -581.131769 -590.299224 -595.153478 -598.200212 -598.321521 -602.529665 -600.052903 -588.296818 -572.371072 -571.280781 -582.246006 -604.439933 -639.035501 -674.000343 -696.848000 -692.884124 -698.625891 -703.876757 -708.117819 -722.139130 -733.699928 -733.867442 -743.132884 -749.216413
-664.520873 -647.303104 -630.056909 -633.939959 -646.137566 -658.635550 -658.831677 -650.808792 -642.513105 -624.601153 -600.898536 -576.676196 -564.228086 -556.407001 -547.888955 -554.770400 -563.748548 -572.962759 -568.829572 -556.222396 -544.218332 -532.563134 -520.214699 -508.215012 -513.894180 -523.152679 -525.393761 -521.610539 -505.706588 -491.670472 -486.380870 -483.547207 -478.111676 -483.046583 -491.057151 -500.105317 -508.857610 -516.538815 -521.547508 -506.926878 -492.335340 -493.652978 -516.750674 -539.684170 -571.304374 -606.042160 -639.837386 -645.870734 -645.577626 -646.721652 -662.016141 -677.147973 -696.746582 -708.292328 -716.971576 -732.237718
-576.156508 -555.689853 -537.512168 -532.519150 -547.031327 -551.512055 -547.152446 -536.913599 -532.281928 -520.742790 -493.384041 -457.132041 -426.082883 -395.325746 -389.249459 -403.058598 -416.922653 -435.484890 -444.713171 -431.160245 -415.899594 -398.560418 -379.507053 -359.530664 -344.668835 -343.910465 -343.141022 -339.035766 -333.720535 -323.702461 -309.979253 -293.617516 -273.976570 -266.113326 -286.556608 -308.853941 -331.863377 -351.245793 -358.293536 -362.918577 -355.142304 -356.428875 -383.536339 -418.536538 -452.715632 -489.404586 -520.124581 -541.487436 -540.346726 -553.625017 -569.786774 -591.317745 -627.979023 -647.903872 -664.711060 -694.923215
-483.366279 -454.497340 -436.603052 -417.963778 -417.416572 -414.279533 -411.010423 -403.844789 -396.575735 -384.209250 -330.712282 -236.351418 -92.613295 -40.547295 -24.973898 -32.591484 -44.930745 -69.192089 -120.781182 -123.857499 -66.955596 -36.620824 -17.029484 -6.656873 -3.743701 -5.371563 -5.126379 -3.730257 -0.771937 1.679418 7.022180 14.423719 25.133928 36.734170 31.705527 15.276747 3.410829 -9.561030 -13.879364 -14.488614 -17.953043 -19.790572 -28.847295 -78.522648 -198.818762 -302.348838 -368.204769 -406.056388 -432.277544 -452.301463 -471.905366 -512.123761 -550.727321 -583.667330 -611.968715 -640.246607
-341.262860 -273.341297 -171.207027 -79.851644 -50.057473 -40.993146 -36.822298 -31.474478 -27.297091 -20.106240 0.733230 45.505607 100.922844 133.354732 137.440114 134.015017 127.610692 114.084208 96.421897 93.303017 108.837937 121.972504 133.109915 137.798326 142.115362 141.242623 141.241025 140.990096 141.855144 142.570900 142.816673 145.190477 149.514353 153.432610 154.276976 150.064211 144.244087 138.220073 136.567160 134.874736 132.987620 132.684287 130.533097 117.530572 73.327429 25.421726 -25.859142 -81.087154 -199.803038 -258.983868 -295.657576 -325.798066 -387.632645 -418.549441 -455.902648 -495.345358
-10.531035 24.749230 68.303344 105.294227 123.125856 126.938407 128.873822 131.730399 133.575971 137.256349 143.391441 151.881917 164.513488 175.592153 183.632463 182.547307 178.386101 170.930544 169.196820 169.250427 171.093075 174.218363 175.980994 180.971542 186.243559 187.725942 187.673354 186.245130 187.199966 187.474331 187.360212 186.849270 187.303398 189.351453 190.280791 190.061249 185.896202 179.877926 174.785904 172.584643 172.044209 171.255726 171.248173 169.314728 162.691047 150.102422 133.357325 99.967256 58.709414 31.111137 13.495078 1.491599 -11.326349 -32.187123 -86.243337 -251.653928
131.572855 143.131729 154.733003 166.393334 173.766548 174.988195 177.228337 177.758107 181.166644 186.403072 192.041287 194.835861 199.269497 209.272885 216.923249 222.293547 224.122691 225.508043 227.799424 227.973401 225.576472 226.445240 227.040333 226.698348 228.889945 228.675299 228.648994 228.269676 229.006875 228.853120 229.434810 229.201087 227.330882 227.219438 226.876380 227.311070 225.794612 221.497862 209.240918 203.545776 201.478695 198.949592 195.407039 191.342252 188.038267 184.136734 176.526357 164.418869 151.277390 146.244850 143.717168 141.144699 138.841421 129.756103 102.848507 52.883118
176.569424 180.829947 186.755505 195.413897 200.876177 204.061000 208.787427 212.009566 220.977925 229.449792 229.726772 228.802780 228.411243 227.685110 227.653501 227.342714 227.750190 225.837471 226.310268 225.842350 221.370615 213.912280 215.548511 216.370429 217.964364 220.697921 218.711699 219.364395 222.064733 221.276048 216.946680 214.410287 213.035508 212.625370 218.753590 220.996909 221.840126 222.705673 223.008224 223.792972 224.555849 224.846744 224.774896 224.583584 221.397776 215.057531 203.602623 193.443504 182.091337 176.916881 175.775282 177.554169 176.839439 175.890936 168.133658 155.878450
215.685690 224.921826 232.091107 231.332047 230.919443 230.249499 230.899174 232.606565 231.581756 228.566817 224.700808 220.642774 219.645155 218.658724 216.361412 217.100787 215.309585 212.327710 210.317628 207.017075 201.246530 196.867770 196.924089 199.432633 200.895724 201.630297 201.773286 203.393218 205.433276 203.243660 200.793161 198.549116 197.665252 200.362002 201.788563 202.832250 202.594092 201.836428 201.475331 202.707084 202.210637 202.610861 205.441336 215.603260 221.669926 221.212235 221.518987 222.622849 223.308629 207.505078 198.259658 200.802032 199.439628 195.657641 188.645015 182.325369
223.992986 223.964182 221.664503 216.638282 211.484889 210.882549 214.444714 220.607568 222.380270 216.486805 209.960260 204.912052 201.033172 200.733232 200.025207 199.524725 199.858588 198.117395 196.984868 192.564963 190.098561 187.414686 185.911071 185.646140 187.794307 190.422966 192.481210 194.066569 192.296497 190.885886 188.394325 186.170955 186.932900 187.303768 189.493129 193.228447 192.626352 192.853053 191.557148 191.286035 189.446324 188.745249 190.764021 195.567649 199.681834 203.512903 205.963334 211.550018 216.667861 222.917012 222.965411 222.038964 221.659019 218.580760 208.260339 200.743395
211.097157 206.176799 203.049480 200.267496 198.171680 197.872918 199.493999 201.644495 200.772653 198.696649 195.537010 192.287389 189.384701 188.092145 188.811903 189.524910 189.567748 187.947303 183.671933 179.160991 176.647115 172.964329 173.407413 172.073212 170.139257 173.602332 179.094005 180.969981 176.193169 174.485020 170.549670 168.901350 168.303947 168.224833 170.325324 175.768980 181.556128 181.019895 177.568215 174.913559 174.063326 173.234593 175.587919 182.035663 187.758038 190.872244 192.494398 193.409566 195.926720 198.728929 201.940083 205.968374 212.252918 220.687789 220.308434 220.566667
198.938660 197.071066 195.344711 193.997155 192.774791 191.659024 190.780813 190.375486 188.557757 187.416801 185.586933 182.481520 179.550312 174.514398 172.986432 170.013461 168.560978 161.688444 157.534543 150.313384 145.589893 140.137927 137.410588 135.448836 132.284857 134.258171 140.588920 144.911150 138.069189 135.419730 130.781681 129.185967 128.082813 127.841333 130.817072 139.614886 146.375164 148.746647 145.378637 143.583635 143.619863 144.768407 148.407962 157.110394 166.101225 173.391364 177.555539 179.929500 182.011669 184.648412 188.442531 191.373080 194.300734 198.563475 204.368081 211.938678
192.157006 190.259372 188.605293 186.190467 183.046299 181.233095 181.979876 178.641031 176.576157 173.863304 152.587219 144.979919 136.814442 128.764723 121.684872 104.347315 79.425212 56.687892 44.702649 34.568599 18.975963 2.452644 -12.012477 -16.482336 -20.810665 -27.442459 -20.974591 -17.833714 -17.707644 -22.826090 -27.962660 -30.371779 -32.211939 -28.520494 -16.764863 -7.245054 1.536216 6.399429 3.616837 11.094771 19.872031 28.332349 55.975819 90.693523 118.269022 136.408669 148.547221 155.840092 161.960319 166.841951 171.853783 176.550028 180.595855 186.470627 192.779822 196.083029
184.784633 181.445124 177.389515 173.764951 169.044117 162.028307 160.188138 156.179355 151.147431 126.967295 75.951482 24.753406 -0.800190 -24.905838 -41.769240 -71.470867 -164.624743 -225.330806 -255.353136 -259.923588 -293.447971 -331.487693 -359.014737 -371.401624 -379.381358 -393.142092 -396.559831 -390.512343 -379.072162 -390.557171 -398.142259 -397.023966 -400.644858 -401.766474 -386.495174 -361.679386 -344.986726 -329.715397 -316.982353 -311.262397 -302.039698 -251.634007 -196.659748 -93.123997 -34.486970 1.588894 35.842623 75.371922 108.497927 129.203950 141.186268 149.813335 160.053331 168.846796 177.923831 182.520354
164.127771 155.411415 146.732586 137.774600 123.009121 92.028286 71.245694 50.369436 21.705887 -38.955492 -140.794082 -285.578292 -338.046573 -377.863381 -399.365365 -424.909682 -457.503605 -476.780991 -475.214154 -468.414418 -472.601332 -487.801163 -501.047512 -510.690628 -521.545045 -535.528656 -544.100668 -536.472360 -527.898153 -525.220652 -523.746291 -520.496708 -520.089841 -521.564754 -523.302839 -513.384473 -505.053812 -495.621615 -487.386728 -479.795419 -454.623058 -430.078880 -412.668888 -387.367539 -354.995666 -309.279173 -242.673794 -139.617816 -53.772657 -11.990854 20.122621 58.976681 101.638966 130.929964 147.082817 158.769424
117.310392 77.055639 34.906945 -0.669817 -48.725758 -100.623580 -169.493622 -210.224629 -296.099753 -375.567543 -432.180571 -463.696740 -487.620550 -510.281851 -533.095852 -559.828638 -585.716579 -603.056560 -596.328361 -589.596706 -581.538668 -593.721628 -605.772785 -612.434638 -625.919979 -639.283417 -652.092285 -643.747340 -635.111941 -621.491652 -618.669158 -616.014393 -610.837566 -612.641361 -614.658340 -619.995106 -611.671110 -603.149945 -592.125095 -568.970190 -545.911770 -523.878691 -505.642170 -487.350498 -466.354868 -442.290036 -416.180341 -386.211163 -357.566816 -321.399313 -266.938252 -173.777278 -61.040337 -10.218564 30.761564 73.380017
-52.072080 -137.808194 -255.146725 -333.145911 -399.617495 -435.380807 -444.209360 -473.621898 -504.878508 -544.162689 -566.147507 -584.165459 -605.445035 -625.289363 -644.703107 -670.019375 -692.236709 -713.735201 -709.421536 -697.702151 -684.514759 -692.873645 -697.873289 -701.120653 -712.593771 -725.740021 -738.832607 -735.153412 -721.154566 -705.248292 -699.529924 -693.880778 -686.900483 -687.063512 -693.044750 -701.288772 -696.164373 -684.108652 -669.620896 -648.837328 -627.692021 -607.499706 -589.404977 -569.285118 -548.005839 -526.322316 -502.700531 -478.038168 -460.095346 -436.822001 -410.290368 -383.996603 -359.961921 -323.348690 -252.717281 -149.788316
-369.428347 -404.953756 -434.308435 -474.194774 -514.859804 -554.165463 -584.399305 -613.340280 -641.934253 -661.360332 -679.053026 -696.618724 -714.275781 -733.457814 -752.456406 -771.645051 -792.569056 -812.933195 -807.697728 -794.150817 -780.862051 -779.596273 -782.547294 -785.520488 -793.573915 -806.777960 -819.500723 -811.794122 -796.497893 -781.287912 -772.105064 -765.788992 -759.553955 -762.404890 -770.496334 -778.289817 -771.041057 -756.506471 -742.076844 -724.768676 -704.373232 -684.001261 -664.029033 -643.188516 -622.345358 -599.401866 -575.797035 -552.061207 -529.283039 -507.291202 -485.273673 -474.011586 -462.239384 -450.840382 -430.463040 -407.054867
-499.887911 -522.965603 -547.603188 -578.993613 -616.537553 -646.673111 -676.093951 -704.624548 -733.106456 -755.971516 -773.468767 -783.439126 -797.749622 -816.765041 -830.244149 -846.816072 -867.180065 -869.759432 -865.370130 -852.086169 -848.821648 -848.047975 -851.016800 -852.119478 -857.333898 -870.101240 -865.576534 -857.562877 -842.369142 -831.336284 -822.257906 -816.000691 -811.822995 -812.851372 -820.705016 -818.842578 -811.655763 -797.225914 -785.702643 -770.583358 -750.220405 -733.437318 -714.726180 -693.888677 -672.481383 -649.904761 -626.140018 -600.652208 -577.556201 -558.381500 -548.718683 -538.253946 -531.136838 -534.909927 -520.409912 -505.557601
