tests/Borden05m/sims/sim_1/output-maps/psiliqL0022N0004.asc
ncols         160
nrows         34
xllcorner     620200.000000
yllcorner     5168000.000000
cellsize      0.500000
NODATA_value  -9999.0
[rows 0 to 24 of 34, columns 0 to 54 of 160]
-9999.0 -9999.0 -9999.0 -9999.0 -9999.0 -9999.0 -9999.0 -9999.0 -9999.0 -9999.0 -9999.0 -9999.0 -9999.0 -9999.0 -9999.0 -9999.0 -9999.0 -9999.0 -9999.0 -9999.0 -9999.0 -9999.0 -9999.0 -9999.0 -9999.0 -9999.0 -9999.0 -9999.0 -9999.0 -9999.0 -9999.0 -9999.0 -9999.0 -9999.0 -9999.0 -9999.0 -9999.0 -9999.0 -9999.0 -9999.0 -9999.0 -9999.0 -9999.0 -9999.0 -9999.0 -9999.0 -9999.0 -9999.0 -9999.0 -9999.0 -9999.0 -9999.0 -9999.0 -9999.0 -9999.0
-9999.0 -9999.0 -9999.0 -9999.0 -9999.0 -9999.0 -9999.0 -9999.0 -9999.0 -9999.0 -9999.0 -9999.0 -9999.0 -9999.0 -9999.0 -9999.0 -9999.0 -9999.0 -9999.0 -9999.0 -9999.0 -9999.0 -9999.0 -9999.0 -9999.0 -9999.0 -9999.0 -9999.0 -9999.0 -9999.0 -9999.0 -9999.0 -9999.0 -9999.0 -9999.0 -9999.0 -9999.0 -9999.0 -9999.0 -9999.0 -9999.0 -9999.0 -9999.0 -9999.0 -9999.0 -9999.0 -9999.0 -9999.0 -9999.0 -9999.0 -9999.0 -9999.0 -9999.0 -9999.0 -9999.0
-9999.0 -9999.0 -9999.0 -9999.0 -9999.0 -9999.0 -9999.0 -9999.0 -9999.0 -9999.0 -9999.0 -9999.0 -9999.0 -9999.0 -9999.0 -9999.0 -9999.0 -9999.0 -9999.0 -9999.0 -9999.0 -9999.0 -9999.0 -9999.0 -9999.0 -9999.0 -9999.0 -9999.0 -9999.0 -9999.0 -9999.0 -9999.0 -9999.0 -9999.0 -9999.0 -9999.0 -9999.0 -9999.0 -9999.0 -9999.0 -9999.0 -9999.0 -9999.0 -9999.0 -9999.0 -9999.0 -9999.0 2498.038635 2481.054358 2467.341326 2463.766903 2485.692456 2509.340763 2533.644489 2554.666565
-9999.0 -9999.0 -9999.0 -9999.0 -9999.0 -9999.0 -9999.0 -9999.0 -9999.0 -9999.0 -9999.0 -9999.0 -9999.0 -9999.0 -9999.0 -9999.0 -9999.0 -9999.0 -9999.0 -9999.0 -9999.0 -9999.0 -9999.0 -9999.0 -9999.0 -9999.0 -9999.0 -9999.0 -9999.0 -9999.0 -9999.0 -9999.0 -9999.0 -9999.0 -9999.0 -9999.0 -9999.0 -9999.0 -9999.0 -9999.0 2546.352619 2552.480884 2552.995115 2543.363358 2532.485447 2519.594163 2499.439664 2482.157079 2468.853849 2467.167577 2470.136112 2473.986418 2495.694218 2521.407051 2541.761792
-9999.0 -9999.0 -9999.0 -9999.0 -9999.0 -9999.0 -9999.0 -9999.0 -9999.0 -9999.0 -9999.0 -9999.0 -9999.0 -9999.0 -9999.0 -9999.0 -9999.0 -9999.0 -9999.0 -9999.0 -9999.0 -9999.0 -9999.0 -9999.0 -9999.0 -9999.0 -9999.0 -9999.0 -9999.0 -9999.0 -9999.0 -9999.0 -9999.0 -9999.0 2452.572621 2469.866368 2488.186188 2507.120932 2524.451405 2531.790867 2537.778312 2543.546874 2539.457859 2535.420421 2524.277312 2504.225273 2485.267323 2472.559177 2471.697432 2469.761706 2474.051667 2486.498458 2503.710803 2519.597392 2540.761099
-9999.0 -9999.0 -9999.0 -9999.0 -9999.0 -9999.0 -9999.0 -9999.0 -9999.0 -9999.0 -9999.0 -9999.0 -9999.0 -9999.0 -9999.0 -9999.0 -9999.0 -9999.0 -9999.0 -9999.0 -9999.0 -9999.0 -9999.0 -9999.0 -9999.0 -9999.0 -9999.0 -9999.0 2456.198950 2450.500270 2445.986313 2444.864691 2443.895999 2443.285828 2450.208702 2461.920183 2479.653198 2502.096753 2515.790325 2523.525161 2530.783317 2531.716288 2526.579322 2525.315815 2526.290420 2514.381255 2502.775713 2491.944669 2481.436840 2479.330443 2489.006350 2503.812222 2520.609693 2535.847995 2551.675625
-9999.0 -9999.0 -9999.0 -9999.0 -9999.0 -9999.0 -9999.0 -9999.0 -9999.0 -9999.0 -9999.0 -9999.0 -9999.0 -9999.0 -9999.0 -9999.0 -9999.0 -9999.0 -9999.0 -9999.0 -9999.0 -9999.0 -9999.0 2425.270512 2430.626837 2437.450338 2445.407514 2446.688685 2443.378123 2438.271867 2435.916726 2434.948821 2433.324733 2438.313492 2446.042849 2459.614083 2475.519821 2498.219416 2507.118400 2512.485821 2524.660498 2528.681030 2536.504008 2541.068252 2539.818294 2536.648555 2523.014348 2512.692810 2516.298759 2521.472474 2528.933967 2537.758745 2551.718732 2566.490687 2582.859484
-9999.0 -9999.0 -9999.0 -9999.0 -9999.0 -9999.0 -9999.0 -9999.0 -9999.0 -9999.0 -9999.0 -9999.0 -9999.0 -9999.0 -9999.0 -9999.0 -9999.0 -9999.0 -9999.0 2400.110322 2401.317401 2402.995607 2408.052326 2408.696164 2410.847978 2418.033449 2426.477037 2429.622201 2427.949004 2427.279007 2429.148006 2432.280351 2437.279482 2448.489417 2462.485243 2476.966254 2490.577846 2511.807605 2526.818574 2540.061327 2556.129039 2556.907741 2553.877751 2552.843751 2553.543189 2552.972167 2553.701774 2554.497592 2561.322759 2563.908912 2568.951038 2578.711313 2590.770791 2608.377479 2627.278196
-9999.0 -9999.0 -9999.0 -9999.0 -9999.0 -9999.0 -9999.0 -9999.0 -9999.0 -9999.0 -9999.0 -9999.0 -9999.0 -9999.0 -9999.0 -9999.0 2370.877268 2372.887900 2375.491329 2381.168625 2384.911092 2389.188812 2396.439105 2398.106293 2401.981195 2409.465906 2414.459912 2424.017974 2432.711937 2440.280143 2446.585354 2449.515304 2456.734220 2466.478663 2478.438819 2493.132922 2514.020610 2537.823479 2554.078913 2571.339681 2589.147427 2590.435376 2589.667818 2590.925603 2590.664952 2593.849839 2609.720852 2614.348092 2611.818365 2624.363593 2637.576968 2641.980512 2651.517889 2672.239870 2695.835774
-9999.0 -9999.0 -9999.0 -9999.0 -9999.0 -9999.0 -9999.0 -9999.0 -9999.0 -9999.0 -9999.0 -9999.0 -9999.0 2321.639435 2325.937583 2336.317013 2347.415611 2350.647808 2355.757243 2362.606719 2375.103423 2379.077945 2385.451620 2393.109460 2405.987323 2415.049416 2424.361217 2436.502361 2444.999306 2452.395850 2459.363731 2463.549670 2476.005468 2490.843718 2506.122765 2526.034098 2548.329948 2567.849205 2587.002612 2603.812599 2616.916544 2616.661464 2616.705254 2619.829936 2626.437357 2643.123873 2661.531258 2665.700624 2678.789640 2700.947342 2713.254411 2723.186575 2731.654341 2746.678130 2769.018904
-9999.0 -9999.0 -9999.0 -9999.0 -9999.0 -9999.0 -9999.0 -9999.0 -9999.0 -9999.0 2291.535950 2293.597117 2290.401389 2288.931695 2294.934359 2307.670276 2322.412141 2328.739914 2341.046438 2362.677590 2381.458207 2385.036145 2399.179293 2410.065191 2417.324694 2427.782194 2441.068058 2453.673139 2469.800544 2481.997563 2492.051181 2509.785098 2526.069912 2542.770436 2560.676400 2581.485151 2599.094196 2625.041449 2652.872084 2664.317106 2684.207080 2690.848349 2688.472335 2688.699351 2699.232697 2713.596516 2731.839786 2750.970186 2769.674548 2793.586934 2807.530472 2822.120222 2833.266116 2845.912391 2862.718977
-9999.0 -9999.0 -9999.0 -9999.0 -9999.0 -9999.0 -9999.0 -9999.0 2266.088444 2274.245628 2280.297989 2277.555303 2273.559801 2268.875670 2283.779406 2299.892546 2316.329759 2334.931492 2351.095023 2369.734999 2384.484945 2400.165686 2420.957090 2432.656700 2444.138081 2459.724658 2473.404181 2489.426276 2510.496357 2520.408289 2533.957889 2554.491105 2571.438460 2589.325794 2608.490468 2626.484096 2651.462162 2684.082286 2715.657729 2735.727474 2763.561506 2782.532453 2780.136515 2781.703754 2785.906248 2811.472950 2840.141243 2870.607117 2805.427248 2828.197353 2855.590394 2872.930588 2881.770759 2892.511645 2905.927351
-9999.0 -9999.0 -9999.0 -9999.0 -9999.0 -9999.0 2237.160490 2261.767927 2277.323417 2269.386790 2257.199574 2253.124066 2248.309627 2277.239854 2300.165997 2318.161300 2335.584958 2353.740265 2370.580085 2381.130909 2413.087545 2432.653870 2446.156633 2461.857091 2477.073163 2492.282605 2509.641714 2532.302568 2551.808604 2576.801119 2597.133189 2617.200571 2644.250554 2663.752597 2682.818903 2699.757087 2730.261620 2765.864346 2802.762422 2830.627031 2857.497926 2808.778582 2809.422360 2811.633744 2814.278651 2835.825765 2867.546087 2896.124579 2926.722321 2956.743292 2983.389281 2986.457056 2994.888949 3004.336795 3016.218891
-9999.0 -9999.0 -9999.0 -9999.0 2203.738395 2224.770734 2244.222160 2274.848845 2297.485664 2293.064619 2298.902687 2298.393120 2295.688180 2301.150640 2309.792276 2328.194609 2347.960130 2368.010618 2384.324711 2415.466279 2462.285631 2475.907020 2496.538696 2527.692683 2540.632010 2556.095493 2572.873683 2595.154079 2617.280356 2649.242949 2688.269484 2721.794790 2746.342993 2767.116393 2788.687887 2809.484848 2845.708592 2803.172238 2836.849788 2867.768653 2894.185034 2918.088694 2925.908046 2930.977181 2940.725486 2956.553725 2977.677689 2996.698413 3028.075310 3058.989515 3081.905541 3091.721290 3097.124421 3106.245043 3114.087158
-9999.0 -9999.0 -9999.0 2151.026609 2190.127491 2229.354411 2255.816167 2286.713876 2319.533900 2321.873849 2331.489072 2334.130616 2336.289321 2343.973145 2350.301908 2368.128021 2386.613698 2406.073938 2429.290981 2465.303842 2497.718027 2521.050965 2551.334324 2572.189212 2589.266074 2604.523055 2624.156597 2646.991319 2687.723443 2722.277421 2769.894584 2822.840632 2858.110160 2801.824337 2821.780549 2847.515666 2870.982280 2906.250368 2939.085348 2970.119901 2992.798662 3014.466380 3029.208713 3033.918220 3042.469475 3048.406562 3061.462543 3081.556756 3102.731834 3131.707217 3159.674100 3185.641440 3199.662893 3209.656400 3225.672710
-9999.0 -9999.0 2102.874976 2141.891104 2174.391563 2222.661847 2276.078638 2311.478703 2352.123817 2373.761987 2379.385604 2393.615473 2407.928293 2412.917155 2425.873054 2441.862501 2463.900318 2473.684925 2494.365261 2516.964782 2559.835378 2599.243734 2605.959622 2652.070853 2685.338880 2717.615952 2737.811397 2766.215059 2805.281136 2843.764950 2810.126613 2857.242630 2891.145252 2917.936642 2932.593461 2951.055392 2970.798368 2987.725617 3021.632932 3047.134436 3078.412193 3102.838171 3122.163956 3124.414372 3127.206939 3142.353684 3168.221134 3195.835011 3222.173069 3248.292402 3239.874823 3258.191395 3266.349214 3270.900749 3278.057237
-9999.0 -9999.0 2073.830459 2119.904606 2156.708836 2218.103506 2302.642840 2338.634019 2380.623900 2427.692452 2444.883366 2469.194284 2471.867193 2470.676345 2492.671226 2512.208573 2531.807684 2541.242470 2539.480060 2594.243016 2652.078127 2688.026792 2710.386828 2785.154926 2836.908448 2860.205897 2799.110836 2817.322443 2837.360474 2875.700480 2915.302235 2966.989465 3000.720458 3029.071462 3042.648155 3060.427298 3078.712834 3093.333355 3111.391246 3153.887263 3184.708215 3212.510230 3241.493041 3261.602717 3269.199269 3273.120512 3253.075778 3268.329560 3278.677377 3283.140475 3284.837600 3281.174832 3280.538722 3281.284625 3282.217021
-9999.0 1981.848756 2034.323372 2085.913324 2152.121280 2215.971066 2294.405652 2371.981230 2436.177806 2488.223974 2516.952183 2519.527876 2535.587391 2569.639732 2594.163238 2617.223789 2624.621460 2635.606588 2622.759514 2678.212050 2722.384677 2781.363114 2812.024471 2866.645390 2920.814445 2917.932589 2907.176229 2913.806881 2931.369142 2974.831943 3040.282847 3090.974021 3149.823930 3193.334346 3208.326531 3214.420631 3231.525993 3250.844100 3213.454252 3247.881463 3263.551958 3276.631481 3283.018145 3284.821119 3285.828175 3285.640894 3282.086788 3275.297654 3267.287717 3261.568534 3257.421531 3252.919248 3255.345023 3258.651663 3259.081322
-9999.0 1944.454933 2002.647409 2072.280150 2141.227562 2196.123696 2286.820182 2445.648146 2506.480487 2546.187248 2560.485802 2556.240116 2623.884395 2689.837955 2721.614671 2770.004590 2762.043457 2752.372720 2727.793140 2759.115458 2803.931452 2797.474671 2953.074956 3031.916806 3072.911707 3080.775508 3082.817733 3109.118284 3148.960311 3190.294095 3229.668825 3209.103955 3248.679820 3267.963055 3271.993668 3272.558137 3276.885823 3275.723233 3273.879427 3269.616147 3264.591820 3264.728280 3269.073980 3268.887745 3266.009367 3262.773317 3257.164807 3249.737477 3244.450025 3239.838009 3237.156502 3234.273278 3232.468342 3232.047412 3227.479193
-9999.0 1907.744416 1981.379945 2041.633160 2094.601897 2194.306136 2323.549638 2465.715398 2562.522552 2600.083200 2596.850494 2648.385340 2753.039255 2815.276827 2864.693808 2885.474488 2872.428862 2832.958938 2820.079836 2862.023310 2928.032356 3028.361555 3146.750043 3234.985482 3248.266664 3250.955226 3212.839611 3233.349333 3252.359213 3254.611566 3255.503948 3261.492802 3266.416365 3269.170129 3267.662438 3264.785250 3260.036533 3251.970582 3247.128916 3243.580406 3239.902398 3238.953193 3241.116277 3242.681786 3239.966926 3236.120106 3231.660845 3226.076781 3219.871084 3213.208445 3209.065770 3204.956173 3202.889685 3197.701843 3194.042767
-9999.0 1792.438995 1886.159438 1931.776316 2020.197943 2204.125629 2333.058855 2477.741852 2638.133854 2667.865383 2726.407962 2828.427053 2939.236434 3011.485080 3041.830374 3075.712947 3099.657495 3116.353771 3150.314625 3057.890224 3127.206222 3207.337057 3243.092348 3258.596839 3264.856553 3265.153480 3255.807359 3235.525310 3224.898914 3218.155261 3219.757462 3226.965197 3231.841766 3236.791240 3234.540822 3235.392508 3236.090058 3232.769280 3228.862307 3220.355590 3212.617864 3206.257032 3203.492430 3208.351459 3203.657637 3201.076876 3195.047855 3186.875018 3178.567189 3171.237596 3163.510110 3157.042731 3154.768434 3149.745443 3148.611906
-9999.0 1711.535182 1785.574737 1855.380953 1975.537516 2139.761378 2247.624266 2409.434541 2640.709315 2771.554193 2896.262285 2977.198044 3043.623806 3089.480174 3141.311556 3188.490185 3212.476275 3221.838945 3197.039514 3213.577921 3173.875841 3163.301876 3179.471546 3206.706461 3221.870262 3225.600431 3217.445661 3207.764575 3200.540293 3199.415507 3197.515233 3194.282798 3190.936892 3187.802519 3184.660623 3187.251175 3192.262025 3185.523560 3176.269631 3167.322014 3159.236806 3150.380558 3144.629663 3140.446830 3140.369402 3140.548404 3133.113241 3122.844341 3112.289598 3104.227780 3097.070193 3092.399523 3089.965155 3085.226192 3076.519953
-9999.0 1598.666299 1727.588312 1809.903162 1913.585732 2045.311026 2157.344976 2313.797341 2451.553429 2689.195650 2812.091129 2970.870939 3012.919857 3075.942924 3125.042220 3193.215770 3190.097565 3158.523048 3118.158868 3101.469964 3109.482684 3117.612919 3126.555138 3141.905421 3158.817169 3168.327748 3172.073792 3165.430454 3151.391010 3139.947928 3130.291227 3117.920612 3109.306828 3107.250937 3110.150230 3119.137201 3120.223467 3111.052316 3097.449728 3080.173828 3065.226698 3053.938060 3051.703211 3054.056069 3054.876482 3051.119916 3045.169431 3034.745797 3022.453797 3010.556249 3004.567985 3000.139885 2993.210881 2982.851484 2978.683272
-9999.0 -9999.0 1645.263376 1754.538570 1852.800269 1967.696773 2065.864674 2192.850310 2337.425299 2513.921733 2634.224727 2799.421169 2852.667289 2895.196912 2932.821979 2983.087011 3004.359108 3029.912667 3018.826110 3026.802685 3034.358343 3038.798935 3044.558816 3051.427976 3062.171497 3071.544320 3080.564904 3077.828304 3068.852653 3049.517319 3025.753904 3007.367980 2997.490399 2989.073692 3000.179691 3012.268087 3007.674173 3000.937071 2988.759114 2979.942369 2967.397282 2953.464552 2949.976046 2950.080403 2950.568001 2948.164911 2945.128830 2933.559363 2921.318718 2911.000385 2906.681316 2901.102202 2897.130405 2887.296230 2876.920242
-9999.0 -9999.0 1558.149954 1663.682193 1769.832664 1889.045187 1978.541959 2013.663878 2155.941386 2265.054922 2373.363575 2482.822490 2577.033425 2648.625237 2689.108411 2754.010657 2808.419055 2829.240403 2801.522876 2845.460089 2875.722100 2910.045902 2930.584629 2939.908573 2952.384193 2966.045704 2973.684614 2959.644421 2948.533225 2931.757059 2909.981315 2884.742562 2871.882244 2870.417274 2870.582640 2873.362296 2866.503600 2857.519190 2843.356025 2829.289496 2817.043833 2807.475456 2803.828184 2799.096121 2797.217801 2794.564474 2793.327016 2877.170365 2866.941221 2860.103557 2850.496432 2844.495679 2841.351664 2835.529885 2827.205658
