tests/Borden05m/sims/sim_1/output-maps/psiliqL0002N0016.asc
ncols         160
nrows         34
xllcorner     620200.000000
yllcorner     5168000.000000
cellsize      0.500000
NODATA_value  -9999.0
[rows 0 to 24 of 34, columns 0 to 55 of 160]
-9999.0 -9999.0 -9999.0 -9999.0 -9999.0 -9999.0 -9999.0 -9999.0 -9999.0 -9999.0 -9999.0 -9999.0 -9999.0 -9999.0 -9999.0 -9999.0 -9999.0 -9999.0 -9999.0 -9999.0 -9999.0 -9999.0 -9999.0 -9999.0 -9999.0 -9999.0 -9999.0 -9999.0 -9999.0 -9999.0 -9999.0 -9999.0 -9999.0 -9999.0 -9999.0 -9999.0 -9999.0 -9999.0 -9999.0 -9999.0 -9999.0 -9999.0 -9999.0 -9999.0 -9999.0 -9999.0 -9999.0 -9999.0 -9999.0 -9999.0 -9999.0 -9999.0 -9999.0 -9999.0 -9999.0 -9999.0
-9999.0 -9999.0 -9999.0 -9999.0 -9999.0 -9999.0 -9999.0 -9999.0 -9999.0 -9999.0 -9999.0 -9999.0 -9999.0 -9999.0 -9999.0 -9999.0 -9999.0 -9999.0 -9999.0 -9999.0 -9999.0 -9999.0 -9999.0 -9999.0 -9999.0 -9999.0 -9999.0 -9999.0 -9999.0 -9999.0 -9999.0 -9999.0 -9999.0 -9999.0 -9999.0 -9999.0 -9999.0 -9999.0 -9999.0 -9999.0 -9999.0 -9999.0 -9999.0 -9999.0 -9999.0 -9999.0 -9999.0 -9999.0 -9999.0 -9999.0 -9999.0 -9999.0 -9999.0 -9999.0 -9999.0 -9999.0
-9999.0 -9999.0 -9999.0 -9999.0 -9999.0 -9999.0 -9999.0 -9999.0 -9999.0 -9999.0 -9999.0 -9999.0 -9999.0 -9999.0 -9999.0 -9999.0 -9999.0 -9999.0 -9999.0 -9999.0 -9999.0 -9999.0 -9999.0 -9999.0 -9999.0 -9999.0 -9999.0 -9999.0 -9999.0 -9999.0 -9999.0 -9999.0 -9999.0 -9999.0 -9999.0 -9999.0 -9999.0 -9999.0 -9999.0 -9999.0 -9999.0 -9999.0 -9999.0 -9999.0 -9999.0 -9999.0 -9999.0 -591.479522 -594.726738 -598.632029 -599.702425 -595.347277 -593.383153 -591.551623 -590.319041 -589.168415
-9999.0 -9999.0 -9999.0 -9999.0 -9999.0 -9999.0 -9999.0 -9999.0 -9999.0 -9999.0 -9999.0 -9999.0 -9999.0 -9999.0 -9999.0 -9999.0 -9999.0 -9999.0 -9999.0 -9999.0 -9999.0 -9999.0 -9999.0 -9999.0 -9999.0 -9999.0 -9999.0 -9999.0 -9999.0 -9999.0 -9999.0 -9999.0 -9999.0 -9999.0 -9999.0 -9999.0 -9999.0 -9999.0 -9999.0 -9999.0 -591.745405 -590.237698 -588.999421 -591.180024 -592.109129 -591.958290 -594.255668 -596.904777 -599.626963 -598.810392 -598.761478 -600.669531 -597.673923 -595.253247 -594.401809 -593.684730
-9999.0 -9999.0 -9999.0 -9999.0 -9999.0 -9999.0 -9999.0 -9999.0 -9999.0 -9999.0 -9999.0 -9999.0 -9999.0 -9999.0 -9999.0 -9999.0 -9999.0 -9999.0 -9999.0 -9999.0 -9999.0 -9999.0 -9999.0 -9999.0 -9999.0 -9999.0 -9999.0 -9999.0 -9999.0 -9999.0 -9999.0 -9999.0 -9999.0 -9999.0 -598.640330 -595.848683 -594.604617 -593.421574 -591.640294 -592.250112 -592.773242 -591.456323 -592.638513 -592.703524 -594.182406 -596.934058 -599.692591 -601.233456 -599.580515 -600.120751 -600.120069 -598.709937 -597.833410 -597.507100 -595.524715 -592.332012
-9999.0 -9999.0 -9999.0 -9999.0 -9999.0 -9999.0 -9999.0 -9999.0 -9999.0 -9999.0 -9999.0 -9999.0 -9999.0 -9999.0 -9999.0 -9999.0 -9999.0 -9999.0 -9999.0 -9999.0 -9999.0 -9999.0 -9999.0 -9999.0 -9999.0 -9999.0 -9999.0 -9999.0 -594.421854 -595.522063 -596.363444 -596.307753 -596.699609 -598.219936 -598.626119 -598.358416 -596.868937 -594.460550 -594.067839 -594.381133 -594.204156 -594.789084 -596.431352 -596.595331 -594.777483 -596.454443 -597.250146 -598.349206 -601.129328 -601.811299 -600.219233 -598.701613 -597.399472 -597.099116 -596.934318 -596.955002
-9999.0 -9999.0 -9999.0 -9999.0 -9999.0 -9999.0 -9999.0 -9999.0 -9999.0 -9999.0 -9999.0 -9999.0 -9999.0 -9999.0 -9999.0 -9999.0 -9999.0 -9999.0 -9999.0 -9999.0 -9999.0 -9999.0 -9999.0 -596.314991 -595.299311 -594.921784 -594.034391 -594.496298 -596.649651 -598.021822 -598.614915 -599.104832 -600.256188 -600.399037 -600.436801 -599.717156 -599.191291 -596.667719 -597.957126 -598.791569 -596.601945 -597.143251 -595.706568 -594.053863 -594.439642 -594.089571 -597.143567 -599.423160 -597.021754 -596.059684 -596.190050 -596.754969 -596.006759 -594.985731 -593.705287 -591.477085
-9999.0 -9999.0 -9999.0 -9999.0 -9999.0 -9999.0 -9999.0 -9999.0 -9999.0 -9999.0 -9999.0 -9999.0 -9999.0 -9999.0 -9999.0 -9999.0 -9999.0 -9999.0 -9999.0 -596.226179 -596.544366 -597.172885 -596.932611 -598.982008 -599.853374 -599.274681 -598.178780 -598.836041 -600.020801 -601.044741 -600.923630 -600.789166 -601.051741 -599.507654 -598.265761 -597.870800 -598.235109 -596.259998 -595.692735 -594.575121 -591.587083 -593.577999 -595.523026 -596.543460 -596.628166 -597.200523 -595.388570 -594.846449 -594.698633 -594.903341 -594.891413 -594.487800 -594.278962 -591.889441 -589.682399 -587.848762
-9999.0 -9999.0 -9999.0 -9999.0 -9999.0 -9999.0 -9999.0 -9999.0 -9999.0 -9999.0 -9999.0 -9999.0 -9999.0 -9999.0 -9999.0 -9999.0 -596.476650 -596.652649 -597.427280 -598.682781 -599.776285 -599.804588 -598.968200 -600.499635 -601.011591 -600.676856 -601.357410 -600.607480 -599.798950 -598.826744 -598.395873 -599.500668 -599.314891 -599.490607 -599.643591 -599.166598 -596.935732 -594.885155 -594.481364 -593.008397 -590.306646 -591.912947 -592.594971 -592.520007 -593.528422 -592.705081 -588.629784 -589.332447 -591.168086 -586.892171 -584.659749 -585.551283 -586.044466 -583.339878 -579.197168 -573.791060
-9999.0 -9999.0 -9999.0 -9999.0 -9999.0 -9999.0 -9999.0 -9999.0 -9999.0 -9999.0 -9999.0 -9999.0 -9999.0 -596.820943 -596.980302 -596.767769 -598.731016 -600.260680 -601.191933 -602.491329 -600.848992 -602.040254 -602.423890 -602.149305 -600.687491 -600.669009 -600.515497 -599.601040 -599.932555 -600.400336 -600.855747 -601.789266 -600.575590 -599.370488 -598.554251 -596.804727 -595.478399 -594.453128 -592.484917 -592.177536 -590.844498 -591.405516 -593.082371 -593.460645 -592.191321 -588.406276 -585.526565 -584.558734 -579.263334 -573.652906 -570.955425 -567.428263 -565.748544 -563.398787 -557.392759 -539.014833
-9999.0 -9999.0 -9999.0 -9999.0 -9999.0 -9999.0 -9999.0 -9999.0 -9999.0 -9999.0 -599.903283 -598.885597 -600.384485 -603.157866 -604.376345 -603.748267 -603.089183 -604.142265 -604.122058 -601.214947 -599.627698 -602.383401 -600.508864 -600.494434 -601.680375 -601.400986 -600.653192 -600.553111 -598.774506 -598.739201 -598.754144 -595.832231 -595.107659 -594.332606 -593.249714 -592.081823 -591.076340 -586.602435 -582.749287 -582.932866 -577.444897 -573.934333 -576.877174 -577.923988 -577.118204 -573.028926 -566.204549 -556.009412 -545.095096 -528.363815 -510.986318 -497.272589 -485.733834 -471.198030 -453.191944 -429.240153
-9999.0 -9999.0 -9999.0 -9999.0 -9999.0 -9999.0 -9999.0 -9999.0 -603.962231 -602.363826 -601.351742 -602.619518 -604.318311 -607.398784 -606.235981 -605.098956 -604.336453 -603.194870 -602.661078 -602.226243 -602.956523 -601.984351 -600.159817 -600.688296 -600.512090 -599.325129 -599.326045 -598.267992 -596.625941 -597.468440 -596.595579 -595.086173 -593.761301 -592.587909 -591.163405 -590.344943 -585.734365 -579.483353 -572.587474 -566.478608 -557.521595 -545.688838 -545.645339 -543.325841 -540.638136 -522.814341 -493.569463 -456.993779 -430.636013 -411.370356 -390.707279 -378.435743 -369.582298 -358.144970 -343.824953 -331.121761
-9999.0 -9999.0 -9999.0 -9999.0 -9999.0 -9999.0 -606.354682 -602.807982 -601.088686 -605.093827 -608.155035 -609.173019 -611.002402 -607.035808 -603.523367 -602.873811 -602.375175 -601.777799 -602.154880 -604.492628 -599.148789 -600.658751 -601.764721 -600.147926 -600.318131 -600.218663 -599.225284 -596.912285 -595.923941 -591.262177 -587.850018 -584.885109 -580.858727 -578.344441 -575.645067 -572.432373 -563.571384 -549.170122 -528.196134 -502.381936 -471.282633 -441.384380 -430.567248 -425.380560 -419.801671 -408.900561 -387.418917 -362.613688 -333.122872 -304.588927 -283.204591 -273.136426 -263.747509 -252.958409 -239.732898 -225.183344
-9999.0 -9999.0 -9999.0 -9999.0 -604.402696 -603.624509 -604.284365 -601.194910 -599.043539 -603.912887 -602.164488 -603.014693 -604.603630 -606.555970 -608.892794 -607.223545 -606.272900 -605.643984 -605.970298 -600.747943 -596.328701 -599.284951 -597.078992 -592.742560 -593.766349 -593.330701 -593.149629 -591.186373 -587.544722 -582.861043 -571.908719 -561.327908 -553.386420 -543.174989 -531.938562 -514.759620 -482.671200 -443.115009 -417.067166 -392.299000 -367.404251 -346.312243 -331.974721 -324.048012 -314.306125 -302.373685 -285.900704 -261.761150 -233.460339 -198.953038 -173.478504 -158.220942 -150.174539 -140.223170 -128.002434 -109.924681
-9999.0 -9999.0 -9999.0 -606.523555 -603.051724 -601.789888 -603.481595 -602.871107 -600.222101 -602.830944 -603.325724 -603.759457 -604.009345 -603.962792 -604.165202 -603.200659 -603.048667 -603.837174 -603.157597 -600.059142 -598.674514 -596.135717 -594.198299 -591.138540 -588.493422 -587.502759 -586.063313 -582.232909 -572.420733 -560.345302 -535.709565 -493.260190 -452.333722 -429.688000 -416.921462 -399.869479 -381.527200 -353.587127 -325.614218 -298.534881 -270.770960 -247.081908 -225.172069 -211.719762 -204.302205 -194.654719 -177.673689 -157.039039 -132.215451 -73.430187 -46.471163 -27.795566 -17.954867 -11.076986 1.222404 13.684982
-9999.0 -9999.0 -605.889876 -603.922170 -605.290938 -602.808618 -600.061426 -602.053576 -598.753397 -597.676885 -601.043099 -599.121933 -598.133030 -600.212697 -598.874707 -597.376013 -596.674957 -599.259710 -601.149049 -597.459333 -589.466056 -582.827804 -579.156094 -561.944448 -551.021874 -543.558805 -539.703327 -526.548064 -500.897436 -452.206441 -415.465615 -378.631134 -344.893801 -317.629257 -305.752638 -291.474762 -269.558809 -246.167854 -217.911520 -191.148035 -164.529860 -139.776295 -113.042721 -67.542736 -90.349540 -52.048170 -33.266619 -14.996901 3.308623 20.712109 36.783758 37.694469 37.438143 37.785300 37.548335 37.625570
-9999.0 -9999.0 -608.152841 -604.885605 -607.159367 -601.991915 -597.244976 -601.937191 -600.532676 -595.603775 -596.970967 -596.413461 -597.015898 -596.684426 -594.510290 -590.072366 -592.439113 -593.334081 -598.325256 -586.586040 -575.719246 -555.419169 -509.766785 -456.169040 -425.410974 -419.974027 -416.786617 -405.284327 -385.946261 -348.038857 -301.422050 -251.820631 -211.141388 -184.267222 -170.967799 -157.032125 -134.420518 -81.948152 -67.230176 -38.699792 -22.185031 -4.614539 14.876774 31.757886 36.565940 36.965125 37.477448 37.173762 37.474447 37.114379 37.246186 33.618280 32.425322 33.229147 34.268802 29.666114
-9999.0 -608.890548 -607.256006 -607.151132 -603.806044 -604.872386 -600.895788 -595.160683 -595.513166 -593.504636 -593.485519 -596.769655 -585.092828 -574.646306 -571.017710 -561.516158 -565.593795 -568.567382 -574.719736 -561.431389 -533.299154 -451.220881 -364.644918 -315.957990 -285.683846 -280.216526 -282.563304 -269.017849 -244.581902 -208.317777 -149.941604 -74.316000 -38.393314 -12.462713 -4.477285 -3.110409 8.766232 23.894837 39.339082 41.799008 42.025132 41.917471 37.245860 37.018337 37.528133 37.860769 34.275974 28.402888 21.272128 13.955029 11.421471 6.119803 -13.558241 11.701292 13.408353 6.697323
-9999.0 -613.882311 -607.430056 -603.620819 -605.080467 -607.711275 -598.548882 -584.818768 -589.854932 -591.442157 -591.949570 -582.720542 -553.084199 -519.783637 -490.353765 -456.081055 -457.658618 -469.782834 -467.586389 -435.929347 -395.158287 -328.251446 -222.463235 -143.923318 -106.422497 -95.128562 -86.761430 -66.774152 -41.916950 -20.108680 6.431744 28.195506 30.755741 30.810647 30.980650 30.971878 30.884526 31.133464 27.615659 24.317610 20.019836 20.068870 23.048760 22.740151 20.565406 18.206066 11.065378 3.229294 -4.508072 -40.421242 -49.349494 -55.237268 -59.882515 -57.265743 -60.682076 -66.793525
-9999.0 -608.658890 -601.350068 -603.204132 -609.184910 -600.387009 -596.829293 -587.241479 -579.606481 -581.778969 -568.992131 -521.029090 -447.286097 -399.283097 -368.032283 -349.525565 -337.267707 -337.610393 -317.640941 -271.295992 -195.752325 -77.802441 -36.869664 10.731338 17.946645 18.140250 17.904660 17.994934 18.141786 18.231134 18.382590 15.126730 20.272829 22.312512 21.072459 18.154322 12.648074 5.245292 -0.116617 -3.313265 -9.241169 -9.186785 -4.197982 -3.896938 -8.077269 -39.914900 -54.248923 -63.564017 -73.078029 -86.380385 -93.673214 -99.482087 -102.932184 -107.181086 -112.082336 -118.208456
-9999.0 -617.148109 -606.727642 -615.419670 -603.053614 -592.718161 -594.298746 -577.971912 -556.824305 -547.078190 -472.557665 -409.583045 -347.843946 -303.076982 -268.174411 -230.482190 -204.661259 -177.842688 -143.175099 -103.078481 8.556226 25.341293 26.101809 26.411408 18.201054 18.100564 3.364093 -20.103276 -30.675021 -37.379485 -36.712713 -50.377679 -15.235353 -7.234759 -10.543916 -37.140752 -51.802108 -58.498420 -62.921657 -70.938876 -78.689301 -83.719822 -84.364988 -79.649621 -86.976713 -96.703873 -106.410132 -116.419971 -126.856609 -137.133744 -146.234769 -153.981681 -157.658869 -163.562983 -165.144289 -171.888810
-9999.0 -623.459772 -616.010127 -610.369249 -599.611804 -592.075754 -584.090443 -565.534909 -516.014488 -448.425537 -392.279276 -360.782280 -310.001282 -252.766165 -195.543181 -165.089654 -148.716486 -141.967866 -131.429730 -120.130138 -116.040444 -57.835731 -44.373839 -24.740266 -31.394890 -31.544843 -73.568901 -91.820082 -100.421167 -101.865457 -103.014360 -104.345625 -100.113785 -100.122903 -104.690662 -109.184355 -109.711100 -116.857857 -124.563548 -131.678196 -138.020089 -145.347746 -150.456635 -153.359244 -156.855839 -159.482173 -168.339328 -179.534169 -190.570607 -199.383095 -207.864525 -214.456654 -216.788697 -221.162662 -226.648398 -236.071638
-9999.0 -637.692147 -613.408467 -610.429471 -603.993610 -602.110057 -600.295786 -587.131154 -563.770979 -457.971816 -337.015345 -323.865891 -306.697637 -274.466338 -220.171987 -171.204368 -165.103924 -192.529544 -212.356890 -219.007537 -207.892343 -184.999891 -165.543842 -143.770505 -131.082566 -126.169547 -133.594312 -145.480907 -159.564195 -166.696117 -170.058799 -176.765445 -181.018287 -180.960608 -183.685673 -180.987281 -179.446684 -189.146306 -200.989901 -214.509603 -226.272151 -234.963641 -238.126805 -237.990028 -239.138958 -242.624062 -250.165119 -259.912759 -271.503667 -281.800669 -289.757325 -295.217688 -300.509901 -307.576256 -315.395441 -323.785255
-9999.0 -9999.0 -624.341411 -610.386581 -608.595978 -606.520940 -604.609019 -594.456437 -582.946003 -536.276010 -459.178500 -413.458888 -384.022735 -353.551966 -309.216581 -271.036737 -265.752279 -260.324243 -283.929014 -283.086179 -276.152847 -266.780468 -253.771469 -239.782377 -227.643513 -220.872816 -218.485633 -221.559831 -230.840311 -244.317201 -259.027935 -269.963782 -276.708879 -281.555174 -275.631384 -266.933936 -268.701750 -274.999479 -285.157496 -298.250603 -309.134980 -319.867704 -322.642514 -321.746809 -321.893299 -324.605461 -329.351332 -339.960269 -350.772834 -361.741789 -367.048831 -372.131674 -377.072591 -385.467927 -393.809267 -402.786725
-9999.0 -9999.0 -640.149332 -617.595490 -608.132271 -601.593028 -602.553771 -601.250296 -586.606037 -578.884033 -565.634765 -541.932427 -511.027533 -466.196007 -436.534625 -408.497477 -396.322630 -390.485976 -390.449980 -383.455695 -368.677710 -353.689777 -342.725842 -331.897092 -321.617028 -313.428541 -306.552368 -315.047251 -323.823398 -336.688815 -352.466442 -369.608929 -378.740111 -383.847692 -380.554753 -374.681566 -378.446766 -386.092876 -396.212603 -407.369862 -415.280302 -422.610533 -424.529839 -425.152446 -425.229297 -426.784524 -429.139812 -436.496789 -447.662206 -457.770659 -466.623332 -474.624434 -479.713032 -489.415537 -500.966337 -509.359392
