tests/Borden05m/sims/sim_1/output-maps/psiliqL0022N0003.asc
ncols         160
nrows         34
xllcorner     620200.000000
yllcorner     5168000.000000
cellsize      0.500000
NODATA_value  -9999.0
[rows 0 to 24 of 34, columns 0 to 54 of 160]
-9999.0 -9999.0 -9999.0 -9999.0 -9999.0 -9999.0 -9999.0 -9999.0 -9999.0 -9999.0 -9999.0 -9999.0 -9999.0 -9999.0 -9999.0 -9999.0 -9999.0 -9999.0 -9999.0 -9999.0 -9999.0 -9999.0 -9999.0 -9999.0 -9999.0 -9999.0 -9999.0 -9999.0 -9999.0 -9999.0 -9999.0 -9999.0 -9999.0 -9999.0 -9999.0 -9999.0 -9999.0 -9999.0 -9999.0 -9999.0 -9999.0 -9999.0 -9999.0 -9999.0 -9999.0 -9999.0 -9999.0 -9999.0 -9999.0 -9999.0 -9999.0 -9999.0 -9999.0 -9999.0 -9999.0
-9999.0 -9999.0 -9999.0 -9999.0 -9999.0 -9999.0 -9999.0 -9999.0 -9999.0 -9999.0 -9999.0 -9999.0 -9999.0 -9999.0 -9999.0 -9999.0 -9999.0 -9999.0 -9999.0 -9999.0 -9999.0 -9999.0 -9999.0 -9999.0 -9999.0 -9999.0 -9999.0 -9999.0 -9999.0 -9999.0 -9999.0 -9999.0 -9999.0 -9999.0 -9999.0 -9999.0 -9999.0 -9999.0 -9999.0 -9999.0 -9999.0 -9999.0 -9999.0 -9999.0 -9999.0 -9999.0 -9999.0 -9999.0 -9999.0 -9999.0 -9999.0 -9999.0 -9999.0 -9999.0 -9999.0
-9999.0 -9999.0 -9999.0 -9999.0 -9999.0 -9999.0 -9999.0 -9999.0 -9999.0 -9999.0 -9999.0 -9999.0 -9999.0 -9999.0 -9999.0 -9999.0 -9999.0 -9999.0 -9999.0 -9999.0 -9999.0 -9999.0 -9999.0 -9999.0 -9999.0 -9999.0 -9999.0 -9999.0 -9999.0 -9999.0 -9999.0 -9999.0 -9999.0 -9999.0 -9999.0 -9999.0 -9999.0 -9999.0 -9999.0 -9999.0 -9999.0 -9999.0 -9999.0 -9999.0 -9999.0 -9999.0 -9999.0 2493.895810 2476.874579 2463.090748 2459.417152 2481.219498 2504.725478 2528.872940 2549.731905
-9999.0 -9999.0 -9999.0 -9999.0 -9999.0 -9999.0 -9999.0 -9999.0 -9999.0 -9999.0 -9999.0 -9999.0 -9999.0 -9999.0 -9999.0 -9999.0 -9999.0 -9999.0 -9999.0 -9999.0 -9999.0 -9999.0 -9999.0 -9999.0 -9999.0 -9999.0 -9999.0 -9999.0 -9999.0 -9999.0 -9999.0 -9999.0 -9999.0 -9999.0 -9999.0 -9999.0 -9999.0 -9999.0 -9999.0 -9999.0 2542.369291 2548.450630 2548.897465 2539.193025 2528.246876 2515.300328 2495.114190 2477.846987 2464.500854 2462.734964 2465.594757 2469.312187 2490.866856 2516.411596 2536.588875
-9999.0 -9999.0 -9999.0 -9999.0 -9999.0 -9999.0 -9999.0 -9999.0 -9999.0 -9999.0 -9999.0 -9999.0 -9999.0 -9999.0 -9999.0 -9999.0 -9999.0 -9999.0 -9999.0 -9999.0 -9999.0 -9999.0 -9999.0 -9999.0 -9999.0 -9999.0 -9999.0 -9999.0 -9999.0 -9999.0 -9999.0 -9999.0 -9999.0 -9999.0 2449.060129 2466.276313 2484.481331 2503.286064 2520.488841 2527.722414 2533.656409 2539.349838 2535.175981 2531.052958 2519.830239 2499.708427 2480.692609 2467.934608 2466.999794 2464.963303 2469.125981 2481.420740 2498.460017 2514.155718 2535.117767
-9999.0 -9999.0 -9999.0 -9999.0 -9999.0 -9999.0 -9999.0 -9999.0 -9999.0 -9999.0 -9999.0 -9999.0 -9999.0 -9999.0 -9999.0 -9999.0 -9999.0 -9999.0 -9999.0 -9999.0 -9999.0 -9999.0 -9999.0 -9999.0 -9999.0 -9999.0 -9999.0 -9999.0 2453.251289 2447.485523 2442.868002 2441.621991 2440.520154 2439.781341 2446.602398 2458.193651 2475.786729 2498.079548 2511.622715 2519.218761 2526.357192 2527.173221 2521.922047 2520.551147 2521.427528 2509.429662 2497.740039 2486.822567 2476.211833 2473.979239 2483.502480 2498.130861 2514.727992 2529.744524 2545.338141
-9999.0 -9999.0 -9999.0 -9999.0 -9999.0 -9999.0 -9999.0 -9999.0 -9999.0 -9999.0 -9999.0 -9999.0 -9999.0 -9999.0 -9999.0 -9999.0 -9999.0 -9999.0 -9999.0 -9999.0 -9999.0 -9999.0 -9999.0 2422.621575 2427.933488 2434.684446 2442.552781 2443.741402 2440.352976 2435.146325 2432.667159 2431.557826 2429.781567 2434.614607 2442.189169 2455.595436 2471.323757 2493.837595 2502.549578 2507.735223 2519.738929 2523.598327 2531.272312 2535.702049 2534.333830 2531.058510 2517.320071 2506.886210 2510.362822 2515.383105 2522.664504 2531.283346 2545.018058 2559.529557 2575.625937
-9999.0 -9999.0 -9999.0 -9999.0 -9999.0 -9999.0 -9999.0 -9999.0 -9999.0 -9999.0 -9999.0 -9999.0 -9999.0 -9999.0 -9999.0 -9999.0 -9999.0 -9999.0 -9999.0 2397.522984 2398.698809 2400.331454 2405.343432 2405.960803 2408.050959 2415.149144 2423.488265 2426.518214 2424.723718 2423.916513 2425.630627 2428.592025 2433.407985 2444.425017 2458.220072 2472.489712 2485.879621 2506.879832 2521.659040 2534.670621 2550.515450 2551.086977 2547.870039 2546.674023 2547.238308 2546.559300 2547.171969 2547.837971 2554.513788 2556.923750 2561.756983 2571.283309 2583.106169 2600.403308 2618.956794
-9999.0 -9999.0 -9999.0 -9999.0 -9999.0 -9999.0 -9999.0 -9999.0 -9999.0 -9999.0 -9999.0 -9999.0 -9999.0 -9999.0 -9999.0 -9999.0 2368.281837 2370.258049 2372.819490 2378.474748 2382.169009 2386.387081 2393.576268 2395.185829 2398.971170 2406.343552 2411.206768 2420.619189 2429.153292 2436.545717 2442.657879 2445.379672 2452.376175 2461.885325 2473.597357 2488.031925 2508.650155 2532.175984 2548.155786 2565.131394 2582.661469 2583.693001 2582.699185 2583.766609 2583.360684 2586.465233 2602.216852 2606.706660 2604.020578 2616.371138 2629.346286 2633.459879 2642.479130 2662.765167 2685.918312
-9999.0 -9999.0 -9999.0 -9999.0 -9999.0 -9999.0 -9999.0 -9999.0 -9999.0 -9999.0 -9999.0 -9999.0 -9999.0 2319.133522 2323.378338 2333.691587 2344.742383 2347.913304 2352.956204 2359.739925 2372.162481 2376.054639 2382.341078 2389.898055 2402.648574 2411.565361 2420.714107 2432.673579 2440.971502 2448.150244 2454.883046 2458.818110 2471.009727 2485.566186 2500.548496 2520.151449 2542.135274 2561.331200 2580.177631 2596.643548 2609.411367 2608.853287 2608.633093 2611.539527 2617.961474 2634.344257 2652.590411 2656.626007 2669.582252 2691.546326 2703.590317 2713.179907 2721.205683 2735.759847 2757.635263
-9999.0 -9999.0 -9999.0 -9999.0 -9999.0 -9999.0 -9999.0 -9999.0 -9999.0 -9999.0 2289.238435 2291.223435 2287.926473 2286.365923 2292.273780 2304.912153 2319.560385 2325.792727 2338.002540 2359.537265 2378.217456 2381.686945 2395.711968 2406.437901 2413.531556 2423.809572 2436.896147 2449.281899 2465.168533 2477.105617 2486.878178 2504.318172 2520.301218 2536.676176 2554.236451 2574.692732 2591.960542 2617.512865 2644.736858 2655.702038 2675.167421 2681.460495 2678.784881 2678.776394 2689.130492 2703.334335 2721.460532 2740.505197 2759.252742 2783.007911 2796.698244 2810.945765 2821.653452 2833.810008 2850.159975
-9999.0 -9999.0 -9999.0 -9999.0 -9999.0 -9999.0 -9999.0 -9999.0 2263.973401 2272.037593 2277.969154 2275.097252 2270.963198 2266.140593 2280.906251 2296.882522 2313.186523 2331.657588 2347.694395 2366.210017 2380.831625 2396.364853 2416.965792 2428.476159 2439.762092 2455.135948 2468.581915 2484.346023 2505.138563 2514.753448 2527.979083 2548.178923 2564.808710 2582.330221 2601.102970 2618.681797 2643.033327 2675.131116 2706.139393 2725.667843 2753.035771 2771.764268 2769.061715 2770.399283 2774.454663 2799.926150 2828.529036 2858.943644 2802.870825 2825.828550 2853.161114 2870.502892 2879.282494 2889.952497 2903.295819
-9999.0 -9999.0 -9999.0 -9999.0 -9999.0 -9999.0 2235.299231 2259.798449 2275.200653 2267.103803 2254.741572 2250.482485 2245.479993 2274.222481 2296.964048 2314.780399 2332.031086 2350.020825 2366.702324 2377.092027 2408.838080 2428.205511 2441.502422 2456.997040 2471.994263 2486.965622 2504.059190 2526.430711 2545.632534 2570.310261 2590.270983 2609.949889 2636.435919 2655.501018 2674.115385 2690.570461 2720.547693 2755.718809 2792.037143 2819.322418 2845.708353 2806.401291 2807.192505 2809.314141 2811.871583 2833.333523 2864.979911 2893.549653 2924.337841 2954.292421 2980.899911 2986.225493 2994.691959 3004.134352 3016.010752
-9999.0 -9999.0 -9999.0 -9999.0 2202.149481 2223.083654 2242.377026 2272.829907 2295.263840 2290.619690 2296.219179 2295.464217 2292.514539 2297.735395 2306.143912 2324.322747 2343.875360 2363.721733 2379.835120 2410.721783 2457.300834 2470.693064 2491.105120 2522.047165 2534.758010 2549.965410 2566.458810 2588.423751 2610.225034 2641.639471 2680.202500 2713.260248 2737.348782 2757.789854 2778.910776 2799.216427 2834.966118 2800.789169 2834.601660 2865.426244 2891.807500 2915.859560 2923.591126 2928.573861 2938.241053 2953.994206 2975.075230 2996.456107 3027.869881 3058.777490 3081.688067 3091.543752 3096.943369 3106.059806 3113.897904
-9999.0 -9999.0 -9999.0 2149.539337 2188.552318 2227.640939 2253.912890 2284.582023 2317.137265 2319.183617 2328.485993 2330.810514 2332.655321 2340.034482 2346.075523 2363.633003 2381.863666 2401.072500 2423.986999 2459.725326 2491.887345 2514.976698 2545.038364 2565.711488 2582.561082 2597.562212 2616.906194 2639.394222 2679.558026 2713.610817 2760.834531 2813.308065 2848.159986 2799.492658 2819.569850 2845.195663 2868.559926 2904.022012 2936.767226 2967.735518 2992.576216 3014.276368 3029.011556 3033.713895 3042.258120 3048.188411 3061.238636 3081.373505 3102.544208 3131.514531 3159.479038 3185.628208 3199.652425 3209.645730 3225.661841
-9999.0 -9999.0 2101.460258 2140.411053 2172.796337 2220.887945 2274.067958 2309.179619 2349.488232 2370.745086 2375.963608 2389.780854 2403.638868 2408.231214 2420.832395 2436.501198 2458.242161 2467.738580 2488.125840 2510.456433 2553.093181 2592.251510 2598.747337 2644.511436 2677.537219 2709.578009 2729.584026 2757.617550 2796.214412 2834.251241 2807.743901 2854.993081 2888.845931 2915.767514 2930.324608 2948.685867 2968.359084 2987.495901 3021.434235 3046.928803 3078.242327 3102.663172 3121.983280 3124.228320 3127.015751 3142.157555 3168.022620 3195.821520 3222.162351 3248.281418 3239.863639 3258.183014 3266.340744 3270.892171 3278.048572
-9999.0 -9999.0 2072.409740 2118.405866 2155.067645 2216.242290 2300.491407 2336.127134 2377.690574 2424.226014 2440.873825 2464.644749 2466.795887 2465.144091 2486.727488 2505.904384 2525.179255 2534.307970 2532.249865 2586.748084 2644.148560 2679.831406 2702.086753 2776.661843 2828.224334 2851.338914 2796.799176 2815.131621 2835.064998 2873.309756 2913.096967 2964.720328 3000.504112 3028.889389 3042.458318 3060.229086 3078.506723 3093.158996 3111.211020 3153.703446 3184.695694 3212.500216 3241.482755 3261.592165 3269.188468 3273.109447 3253.064506 3268.321158 3278.668863 3283.131822 3284.828821 3281.165967 3280.529772 3281.275616 3282.207970
-9999.0 1980.484192 2032.902376 2084.384075 2150.417878 2214.008305 2292.096862 2369.231747 2432.847153 2484.247206 2512.306146 2514.226037 2529.679789 2563.224329 2587.292258 2609.964379 2617.027304 2627.697797 2614.536900 2669.507863 2713.330462 2772.169752 2809.870364 2864.620291 2918.670871 2915.674271 2905.034084 2911.570516 2929.046363 2972.470174 3040.059584 3090.780704 3149.662115 3193.323055 3208.317345 3214.411104 3231.516124 3250.834208 3213.444099 3247.871006 3263.544100 3276.623490 3283.010000 3284.812836 3285.819760 3285.632355 3282.078127 3275.288899 3267.278854 3261.559580 3257.412504 3252.910160 3255.335901 3258.642525 3259.072193
-9999.0 1943.074970 2001.204459 2070.708558 2139.453730 2194.059893 2284.353095 2442.607939 2502.756443 2541.702947 2555.217521 2550.209163 2617.169280 2682.428290 2713.670090 2761.649687 2753.353197 2743.371496 2718.459950 2749.418605 2793.936751 2795.173720 2951.111524 3031.734873 3072.749847 3080.604316 3082.639478 3108.931702 3148.767886 3190.244612 3229.659320 3209.094724 3248.670507 3267.955975 3271.986417 3272.550697 3276.878210 3275.715458 3273.871501 3269.608076 3264.583631 3264.719971 3269.065562 3268.879230 3266.000765 3262.764633 3257.156044 3249.728650 3244.441119 3239.829061 3237.147526 3234.264289 3232.459366 3232.038470 3227.470310
-9999.0 1906.339203 1979.905388 2040.016188 2092.762182 2192.146224 2320.939639 2462.452923 2558.467755 2595.161779 2591.057555 2641.556938 2745.436591 2814.019904 2863.367494 2883.978419 2870.777176 2831.161006 2818.141038 2859.944378 2925.847392 3028.176694 3146.590787 3234.975940 3248.259041 3250.947177 3212.831194 3233.340521 3252.350060 3254.604550 3255.497066 3261.485732 3266.409112 3269.162724 3267.654876 3264.777548 3260.028709 3251.962646 3247.120858 3243.572259 3239.894171 3238.944894 3241.107913 3242.673369 3239.958460 3236.111596 3231.652304 3226.068172 3219.859164 3213.196517 3209.053884 3204.944357 3202.877965 3197.690257 3194.031321
-9999.0 1791.004504 1884.649823 1930.116287 2018.301473 2201.887089 2330.346320 2474.373947 2633.790190 2662.525723 2720.117903 2827.463796 2938.194775 3011.398310 3041.743269 3075.613132 3099.544824 3116.229276 3150.178634 3057.743555 3127.048553 3207.325837 3243.084950 3258.591289 3264.850727 3265.147385 3255.801028 3235.518769 3224.892187 3218.148379 3219.750429 3226.958028 3231.834469 3236.783827 3234.533306 3235.384898 3236.082367 3232.761487 3228.851461 3220.344683 3212.606937 3206.246085 3203.481478 3208.340503 3203.646679 3201.065925 3195.036899 3186.860781 3178.354832 3171.024063 3163.297908 3156.832283 3154.560276 3149.540200 3148.409859
-9999.0 1710.072515 1784.029910 1853.681098 1973.594428 2137.464535 2244.838598 2406.024138 2636.283777 2766.177475 2895.465769 2976.404043 3043.550916 3089.418844 3141.240676 3188.485043 3212.471482 3221.832092 3197.032052 3213.567874 3173.742597 3163.163416 3179.462077 3206.698678 3221.862126 3225.591979 3217.436936 3207.755628 3200.531166 3199.406235 3197.505843 3194.273314 3190.927326 3187.792875 3184.650907 3187.241394 3192.252179 3185.510680 3176.075846 3167.126065 3159.040940 3150.184830 3144.434175 3140.251694 3140.174762 3140.354406 3132.919987 3122.651504 3112.092752 3104.031843 3096.875972 3092.207526 3089.775950 3085.039915 3076.297212
-9999.0 1597.181442 1726.001357 1808.162816 1911.604080 2042.977899 2154.538467 2310.370270 2447.299803 2683.925123 2811.320103 2970.003126 3012.848212 3075.868303 3124.956192 3193.209526 3190.090279 3158.418463 3118.047687 3101.350991 3109.354127 3117.477154 3126.414652 3141.758733 3158.664847 3168.170609 3171.912711 3165.266302 3151.224586 3139.779901 3130.122081 3117.750653 3109.136193 3107.079664 3109.978368 3118.964795 3120.050560 3110.878672 3097.270805 3079.954087 3065.007435 3053.719780 3051.485908 3053.839836 3054.661496 3050.906458 3044.957714 3034.533854 3022.243560 3010.348375 3004.362865 2999.938032 2993.012596 2982.616600 2976.125995
-9999.0 -9999.0 1643.602199 1752.750938 1850.786991 1965.351043 2063.074196 2189.488588 2333.337634 2508.925929 2628.092947 2792.377229 2851.587505 2894.031254 2931.514113 2982.834186 3004.093751 3029.620153 3018.699320 3026.668967 3034.215462 3038.647616 3044.399775 3051.263354 3062.000516 3071.367998 3080.384335 3077.644789 3068.667224 3049.330974 3025.565423 3007.179647 2997.302153 2988.885461 2999.991342 3012.079668 3007.485860 3000.748613 2988.529605 2977.407086 2964.840276 2950.906270 2947.419325 2947.529710 2948.029451 2945.646103 2942.635005 2930.830427 2918.629767 2908.354820 2904.081680 2898.550467 2894.627260 2884.836525 2874.444538
-9999.0 -9999.0 1556.449944 1661.849615 1767.792246 1886.694406 1975.794891 2010.421050 2152.074091 2260.443188 2367.962871 2476.561095 2570.081758 2640.760803 2680.576284 2744.916859 2798.713384 2818.964194 2799.677359 2843.659004 2873.799959 2908.010878 2928.448148 2937.895629 2950.304340 2963.913280 2971.515081 2957.452470 2946.333005 2929.558363 2907.555461 2882.334278 2869.491355 2868.039205 2868.214449 2870.999901 2864.143022 2855.155387 2840.978716 2826.835691 2814.580195 2805.011999 2801.370136 2796.648799 2794.786690 2792.154334 2790.670095 2864.621330 2854.460187 2847.846525 2838.594893 2833.010896 2830.276756 2824.806268 2816.756374
