tests/Borden05m/sims/sim_1/output-maps/psiliqL0025N0008.asc
ncols         160
nrows         34
xllcorner     620200.000000
yllcorner     5168000.000000
cellsize      0.500000
NODATA_value  -9999.0
[rows 0 to 24 of 34, columns 0 to 54 of 160]
-9999.0 -9999.0 -9999.0 -9999.0 -9999.0 -9999.0 -9999.0 -9999.0 -9999.0 -9999.0 -9999.0 -9999.0 -9999.0 -9999.0 -9999.0 -9999.0 -9999.0 -9999.0 -9999.0 -9999.0 -9999.0 -9999.0 -9999.0 -9999.0 -9999.0 -9999.0 -9999.0 -9999.0 -9999.0 -9999.0 -9999.0 -9999.0 -9999.0 -9999.0 -9999.0 -9999.0 -9999.0 -9999.0 -9999.0 -9999.0 -9999.0 -9999.0 -9999.0 -9999.0 -9999.0 -9999.0 -9999.0 -9999.0 -9999.0 -9999.0 -9999.0 -9999.0 -9999.0 -9999.0 -9999.0
-9999.0 -9999.0 -9999.0 -9999.0 -9999.0 -9999.0 -9999.0 -9999.0 -9999.0 -9999.0 -9999.0 -9999.0 -9999.0 -9999.0 -9999.0 -9999.0 -9999.0 -9999.0 -9999.0 -9999.0 -9999.0 -9999.0 -9999.0 -9999.0 -9999.0 -9999.0 -9999.0 -9999.0 -9999.0 -9999.0 -9999.0 -9999.0 -9999.0 -9999.0 -9999.0 -9999.0 -9999.0 -9999.0 -9999.0 -9999.0 -9999.0 -9999.0 -9999.0 -9999.0 -9999.0 -9999.0 -9999.0 -9999.0 -9999.0 -9999.0 -9999.0 -9999.0 -9999.0 -9999.0 -9999.0
-9999.0 -9999.0 -9999.0 -9999.0 -9999.0 -9999.0 -9999.0 -9999.0 -9999.0 -9999.0 -9999.0 -9999.0 -9999.0 -9999.0 -9999.0 -9999.0 -9999.0 -9999.0 -9999.0 -9999.0 -9999.0 -9999.0 -9999.0 -9999.0 -9999.0 -9999.0 -9999.0 -9999.0 -9999.0 -9999.0 -9999.0 -9999.0 -9999.0 -9999.0 -9999.0 -9999.0 -9999.0 -9999.0 -9999.0 -9999.0 -9999.0 -9999.0 -9999.0 -9999.0 -9999.0 -9999.0 -9999.0 3073.635657 3056.407542 3042.764923 3038.023411 3058.918501 3081.762919 3105.327235 3125.609520
-9999.0 -9999.0 -9999.0 -9999.0 -9999.0 -9999.0 -9999.0 -9999.0 -9999.0 -9999.0 -9999.0 -9999.0 -9999.0 -9999.0 -9999.0 -9999.0 -9999.0 -9999.0 -9999.0 -9999.0 -9999.0 -9999.0 -9999.0 -9999.0 -9999.0 -9999.0 -9999.0 -9999.0 -9999.0 -9999.0 -9999.0 -9999.0 -9999.0 -9999.0 -9999.0 -9999.0 -9999.0 -9999.0 -9999.0 -9999.0 3124.464729 3130.284666 3129.973793 3119.925626 3108.433688 3094.647077 3073.943991 3056.708098 3043.442993 3041.336822 3043.569206 3046.088983 3066.545505 3091.632542 3111.257094
-9999.0 -9999.0 -9999.0 -9999.0 -9999.0 -9999.0 -9999.0 -9999.0 -9999.0 -9999.0 -9999.0 -9999.0 -9999.0 -9999.0 -9999.0 -9999.0 -9999.0 -9999.0 -9999.0 -9999.0 -9999.0 -9999.0 -9999.0 -9999.0 -9999.0 -9999.0 -9999.0 -9999.0 -9999.0 -9999.0 -9999.0 -9999.0 -9999.0 -9999.0 3032.699660 3049.500677 3067.222058 3085.554592 3102.308320 3109.188019 3114.916706 3120.121230 3115.301613 3110.645936 3098.721796 3077.537656 3058.021009 3045.026190 3043.811090 3041.144927 3044.428565 3055.675514 3071.941305 3086.625171 3106.799565
-9999.0 -9999.0 -9999.0 -9999.0 -9999.0 -9999.0 -9999.0 -9999.0 -9999.0 -9999.0 -9999.0 -9999.0 -9999.0 -9999.0 -9999.0 -9999.0 -9999.0 -9999.0 -9999.0 -9999.0 -9999.0 -9999.0 -9999.0 -9999.0 -9999.0 -9999.0 -9999.0 -9999.0 3039.110656 3033.031307 3028.004108 3026.191871 3024.494344 3023.300264 3029.777136 3040.687549 3057.484565 3079.267770 3092.268888 3099.277391 3105.917325 3106.011014 3099.849335 3097.799803 3097.946565 3084.975540 3072.372591 3060.550854 3048.970242 3045.516694 3054.016931 3067.817846 3083.577899 3097.693285 3112.472157
-9999.0 -9999.0 -9999.0 -9999.0 -9999.0 -9999.0 -9999.0 -9999.0 -9999.0 -9999.0 -9999.0 -9999.0 -9999.0 -9999.0 -9999.0 -9999.0 -9999.0 -9999.0 -9999.0 -9999.0 -9999.0 -9999.0 -9999.0 3009.810198 3014.616425 3020.924951 3028.346136 3029.073511 3025.548566 3019.930651 3016.962428 3015.227607 3012.640639 3016.828458 3023.510394 3036.080253 3050.929303 3072.767910 3080.589747 3084.509483 3095.461214 3098.680908 3105.949180 3109.381192 3107.006551 3102.480419 3087.179406 3075.187682 3076.930816 3080.449382 3086.700947 3094.410543 3107.266542 3120.425760 3135.150275
-9999.0 -9999.0 -9999.0 -9999.0 -9999.0 -9999.0 -9999.0 -9999.0 -9999.0 -9999.0 -9999.0 -9999.0 -9999.0 -9999.0 -9999.0 -9999.0 -9999.0 -9999.0 -9999.0 2985.677051 2986.605899 2987.923690 2992.580346 2992.754660 2994.299982 3000.781782 3008.466738 3011.000978 3008.463762 3007.084542 3007.987077 3010.094168 3014.086512 3023.999465 3036.771355 3050.022505 3062.157746 3082.081763 3095.725592 3107.325095 3121.850190 3121.544884 3117.241948 3114.880661 3114.120455 3111.873732 3109.870259 3108.378550 3113.770855 3113.905091 3116.771319 3125.093268 3136.188014 3151.910626 3168.656564
-9999.0 -9999.0 -9999.0 -9999.0 -9999.0 -9999.0 -9999.0 -9999.0 -9999.0 -9999.0 -9999.0 -9999.0 -9999.0 -9999.0 -9999.0 -9999.0 2958.846430 2960.530469 2962.778108 2968.151168 2971.669650 2975.435121 2982.153232 2981.015874 2983.908969 2990.477130 2994.389349 3003.054467 3010.772129 3017.142363 3022.190388 3023.747539 3029.349011 3037.538037 3047.883543 3060.699409 3079.691640 3102.067712 3116.663131 3132.248560 3148.391629 3147.949199 3145.293881 3144.631073 3142.318090 3143.027844 3156.567289 3158.920211 3153.145847 3162.290580 3173.178650 3175.149510 3180.557045 3199.175086 3220.402344
-9999.0 -9999.0 -9999.0 -9999.0 -9999.0 -9999.0 -9999.0 -9999.0 -9999.0 -9999.0 -9999.0 -9999.0 -9999.0 2909.805974 2913.658987 2923.680930 2934.871313 2937.703872 2942.405889 2948.830726 2960.658575 2963.929585 2969.483381 2976.083229 2985.336006 2993.115655 3001.037905 3011.801183 3018.786486 3024.632490 3029.880329 3031.754577 3042.081892 3054.839761 3067.942823 3085.755060 3106.295521 3123.535577 3140.532262 3155.569584 3166.158361 3162.759399 3160.823310 3161.852904 3165.636029 3177.237560 3192.725483 3192.735520 3201.938824 3221.466293 3230.847434 3237.457682 3242.730290 3255.510422 3275.974912
-9999.0 -9999.0 -9999.0 -9999.0 -9999.0 -9999.0 -9999.0 -9999.0 -9999.0 -9999.0 2882.767477 2884.151937 2880.222764 2877.433669 2882.928313 2894.990368 2909.201001 2914.475215 2926.084857 2947.004321 2965.148085 2967.647928 2980.317927 2986.837357 2992.402076 3001.054963 3012.584085 3023.263923 3037.246854 3047.397272 3054.821387 3069.781636 3083.920016 3098.388779 3113.940533 3132.646121 3147.488358 3170.049850 3193.131868 3200.750000 3216.808321 3219.197851 3214.088732 3211.315881 3219.340537 3229.682629 3243.796935 3258.933920 3276.468301 3297.498412 3307.396543 3319.388553 3327.624527 3337.231015 3351.676989
-9999.0 -9999.0 -9999.0 -9999.0 -9999.0 -9999.0 -9999.0 -9999.0 2858.355621 2866.230347 2871.391183 2867.806574 2862.941529 2856.817156 2870.996662 2885.981959 2901.306869 2919.027004 2933.987336 2951.531083 2964.644885 2978.529049 2994.357562 3003.742156 3012.987358 3026.494979 3037.968116 3051.347900 3070.171204 3076.837691 3086.804306 3104.661978 3118.888420 3134.111337 3150.578046 3165.506793 3184.262550 3213.123155 3240.746815 3256.190168 3280.958936 3297.461559 3291.307771 3289.048290 3289.679320 3311.780124 3337.054977 3365.008983 3383.410295 3406.145872 3433.457975 3451.461901 3460.239414 3470.890316 3484.261062
-9999.0 -9999.0 -9999.0 -9999.0 -9999.0 -9999.0 2830.239870 2854.388419 2869.245526 2860.310648 2846.081384 2840.577009 2834.076233 2863.723320 2885.477090 2902.150353 2918.130071 2934.852939 2950.182459 2957.906738 2983.428720 3001.245647 3011.846302 3024.122021 3037.044656 3049.907901 3064.640818 3084.516620 3100.851726 3121.960270 3137.507172 3153.142782 3174.882595 3190.823826 3206.358636 3218.991702 3245.424331 3278.867601 3312.221082 3335.859071 3359.425549 3389.599710 3389.407469 3390.944706 3392.525040 3415.012867 3447.564784 3476.478195 3507.651345 3537.581101 3564.944134 3575.069428 3583.716074 3593.300534 3605.446386
-9999.0 -9999.0 -9999.0 -9999.0 2798.238007 2818.822184 2837.221077 2866.905525 2888.447834 2882.952252 2886.977358 2884.575224 2879.743507 2883.953128 2891.244179 2907.710947 2925.861574 2944.309543 2957.726785 2980.733710 3025.609598 3035.654547 3052.033676 3080.149664 3089.895529 3102.462245 3116.522873 3135.721518 3153.630256 3179.476562 3213.217889 3241.732321 3262.115880 3280.362930 3298.311878 3314.530769 3348.017673 3383.641367 3418.161148 3448.875663 3475.161533 3500.199019 3506.942392 3511.627425 3521.245829 3537.541769 3559.350153 3586.183576 3618.767050 3650.229046 3673.220973 3682.501505 3687.708730 3697.002094 3704.583950
-9999.0 -9999.0 -9999.0 2754.079230 2783.826738 2822.684642 2847.983564 2877.717847 2909.416334 2909.172603 2917.173596 2916.827166 2915.580229 2920.481546 2923.387964 2938.929921 2955.745815 2973.901617 2989.945148 3022.182611 3050.493568 3068.176244 3094.841746 3110.698575 3123.159180 3134.905977 3151.903074 3170.951799 3205.540122 3234.776112 3279.740800 3329.125695 3360.551591 3379.442840 3400.661668 3426.995573 3451.064232 3488.359496 3521.532914 3552.876802 3582.507284 3604.329479 3618.639809 3623.208287 3632.306550 3638.061809 3650.728661 3671.273207 3693.028821 3722.905702 3751.534612 3779.301381 3794.007176 3804.600875 3821.223010
-9999.0 -9999.0 2705.536746 2745.119489 2777.024126 2813.867352 2866.231831 2900.649588 2939.496984 2958.149695 2960.944795 2971.350891 2978.870819 2979.290098 2987.550882 2999.393092 3019.519038 3026.837696 3045.256241 3061.354753 3098.546605 3132.336330 3130.111004 3167.958289 3196.965143 3227.473171 3246.980955 3272.325589 3308.406151 3342.058052 3385.633187 3434.218214 3467.998380 3495.358843 3510.466334 3529.702830 3549.545893 3574.680761 3610.130133 3635.609435 3668.175523 3693.084811 3712.478106 3713.786027 3716.487360 3732.161007 3759.409115 3789.027076 3816.839148 3844.612126 3831.888255 3853.295241 3862.851344 3868.182929 3876.566069
-9999.0 -9999.0 2675.591815 2722.266170 2757.725519 2806.075036 2891.149484 2925.019782 2964.471185 3007.161462 3020.220265 3040.641312 3035.267815 3025.340657 3042.321216 3056.234492 3074.399031 3080.613138 3074.221969 3125.271354 3176.430871 3202.669659 3212.949422 3286.786500 3336.753267 3358.893216 3374.004921 3393.357864 3412.839656 3450.790509 3490.051437 3543.081194 3583.687638 3612.827674 3626.878547 3645.910985 3664.843162 3679.684611 3698.560429 3743.531326 3777.263266 3806.817179 3837.509057 3858.321069 3866.240507 3870.833449 3847.352052 3865.226183 3877.347671 3882.575593 3884.628558 3880.884571 3880.293539 3881.090016 3882.017630
-9999.0 2582.296322 2634.995445 2686.142275 2751.400731 2802.557790 2877.278150 2951.884252 3014.375681 3064.596358 3088.967251 3082.996125 3085.885708 3111.633782 3130.366730 3146.727814 3150.729136 3159.141722 3140.322107 3191.006298 3227.908066 3278.819867 3377.693582 3434.406066 3493.921148 3490.055467 3478.746110 3484.057697 3500.349945 3545.420045 3621.611299 3675.616736 3738.673262 3785.584183 3801.830420 3808.759420 3826.814767 3847.001619 3800.479270 3840.475116 3858.836875 3874.158329 3882.433283 3884.545065 3885.724508 3885.504877 3881.858983 3874.912060 3866.787112 3860.980443 3856.773789 3852.271034 3854.704556 3858.026061 3858.289396
-9999.0 2544.192686 2601.993188 2671.160810 2739.653426 2789.592412 2860.936529 3021.937413 3082.108545 3118.585561 3124.646447 3104.251516 3162.679340 3221.246665 3245.365911 3289.060523 3273.763830 3258.355854 3223.284848 3248.224767 3286.885847 3356.620152 3522.173387 3608.950172 3657.033029 3664.908513 3666.089771 3693.591831 3736.135667 3781.427317 3824.933085 3797.286131 3843.296547 3865.889677 3870.610906 3871.271776 3876.341019 3874.978820 3873.403180 3869.013924 3863.896081 3864.052259 3868.582175 3868.416958 3865.478657 3862.138552 3856.463333 3849.039734 3843.814302 3839.189859 3836.525176 3833.673980 3831.758489 3831.112897 3826.341121
-9999.0 2504.740814 2579.488003 2638.718784 2687.190529 2781.159750 2897.091078 3037.397618 3131.941444 3164.891461 3145.822927 3182.753866 3283.545489 3386.889997 3437.743774 3458.215910 3440.515400 3394.589945 3376.417754 3419.002798 3487.608078 3602.717957 3734.747951 3830.444700 3845.053061 3848.201686 3803.551248 3827.576157 3849.844201 3852.486681 3853.532267 3860.862809 3865.891225 3868.780749 3867.228587 3864.339612 3859.541130 3851.381370 3846.566652 3842.918795 3839.170670 3838.063759 3840.103856 3841.858743 3839.065813 3835.181783 3830.708872 3825.129146 3818.845947 3812.109122 3807.837533 3803.620137 3801.503028 3796.056964 3792.499494
-9999.0 2383.091660 2479.185363 2521.267005 2599.214301 2787.635933 2902.430844 3040.538443 3202.029755 3222.861660 3269.647695 3405.165110 3521.288737 3599.555979 3628.575060 3661.871935 3686.058882 3702.093250 3737.836579 3626.618961 3703.492998 3795.656982 3837.548777 3855.714576 3864.490258 3864.837562 3855.114485 3834.456255 3823.747816 3816.994663 3818.602094 3825.862299 3830.590624 3835.419773 3833.129627 3834.132289 3835.119022 3831.868173 3827.875435 3819.208053 3811.384927 3804.773692 3801.641408 3806.378578 3801.713231 3799.290071 3793.137812 3784.764604 3775.875953 3768.510903 3760.607564 3754.068274 3751.825043 3746.812676 3745.637371
-9999.0 2302.282295 2375.331396 2437.388794 2550.465751 2715.251833 2798.782639 2955.781801 3190.046280 3322.724467 3480.975928 3568.652256 3638.124071 3681.048305 3731.627905 3782.064385 3808.030385 3818.994280 3789.942368 3810.437365 3768.472051 3757.549441 3774.738280 3803.312573 3819.868320 3823.839602 3815.894366 3806.579479 3799.324984 3798.200835 3796.099722 3792.251257 3788.329893 3784.856882 3781.716239 3784.582790 3789.813087 3782.793192 3772.691325 3763.368807 3754.961342 3745.832413 3739.931564 3735.399783 3735.653402 3735.897468 3728.316048 3717.880565 3707.100230 3698.870928 3691.685720 3687.142453 3684.534547 3679.628851 3670.218267
-9999.0 2183.546463 2315.876013 2393.601728 2490.144562 2620.548417 2727.318193 2861.843806 2989.181240 3229.567846 3370.793151 3553.489712 3601.441307 3669.180201 3716.954483 3788.648553 3784.464049 3752.961779 3710.580902 3694.257611 3704.494132 3713.229278 3721.671171 3736.397587 3753.833948 3763.773086 3768.411974 3762.202512 3748.035601 3735.855779 3725.149234 3711.831739 3702.646356 3700.275840 3703.994738 3713.713771 3714.387049 3705.115078 3691.130642 3673.134472 3657.704965 3646.039098 3643.970968 3646.630764 3647.653438 3643.673363 3637.830072 3627.162396 3614.651432 3602.379659 3596.618089 3592.263617 3584.990807 3573.989450 3562.316896
-9999.0 -9999.0 2230.851022 2339.583306 2434.126653 2546.276194 2638.285085 2759.130701 2878.596467 3046.115428 3160.986547 3335.037766 3426.946226 3470.364487 3505.131410 3560.074528 3584.191908 3613.825587 3606.758530 3617.422925 3626.626144 3631.679545 3637.071369 3643.119213 3653.671294 3663.350365 3673.233064 3670.443327 3661.574882 3641.387513 3616.234953 3596.696029 3586.371440 3577.350062 3589.180247 3601.595817 3596.338447 3589.475402 3576.939627 3560.829871 3548.269488 3534.126964 3530.680113 3530.671173 3531.265073 3528.964543 3526.342670 3513.980314 3501.774899 3491.822689 3487.779393 3482.237742 3478.620902 3468.878859 3458.373645
-9999.0 -9999.0 2142.703863 2247.140527 2350.157457 2468.246330 2553.988379 2573.201163 2712.233878 2792.055135 2898.047518 3003.661511 3097.466205 3164.262484 3197.271159 3258.493068 3312.544827 3330.178100 3367.905012 3419.017573 3452.004919 3489.824690 3512.015534 3521.487320 3533.895015 3548.049858 3555.507241 3540.578378 3529.334760 3512.335902 3489.192245 3462.936895 3449.618937 3448.887859 3448.252297 3450.142242 3442.748412 3433.805912 3419.442480 3405.442419 3393.255022 3384.192200 3380.622840 3375.316964 3373.175267 3370.514653 3368.779907 3363.419106 3355.040261 3350.329446 3342.292871 3338.527282 3337.692813 3334.501947 3328.691816
