tests/Borden05m/sims/sim_1/output-maps/psiliqL0022N0018.asc
ncols         160
nrows         34
xllcorner     620200.000000
yllcorner     5168000.000000
cellsize      0.500000
NODATA_value  -9999.0
[rows 0 to 24 of 34, columns 0 to 54 of 160]
-9999.0 -9999.0 -9999.0 -9999.0 -9999.0 -9999.0 -9999.0 -9999.0 -9999.0 -9999.0 -9999.0 -9999.0 -9999.0 -9999.0 -9999.0 -9999.0 -9999.0 -9999.0 -9999.0 -9999.0 -9999.0 -9999.0 -9999.0 -9999.0 -9999.0 -9999.0 -9999.0 -9999.0 -9999.0 -9999.0 -9999.0 -9999.0 -9999.0 -9999.0 -9999.0 -9999.0 -9999.0 -9999.0 -9999.0 -9999.0 -9999.0 -9999.0 -9999.0 -9999.0 -9999.0 -9999.0 -9999.0 -9999.0 -9999.0 -9999.0 -9999.0 -9999.0 -9999.0 -9999.0 -9999.0
-9999.0 -9999.0 -9999.0 -9999.0 -9999.0 -9999.0 -9999.0 -9999.0 -9999.0 -9999.0 -9999.0 -9999.0 -9999.0 -9999.0 -9999.0 -9999.0 -9999.0 -9999.0 -9999.0 -9999.0 -9999.0 -9999.0 -9999.0 -9999.0 -9999.0 -9999.0 -9999.0 -9999.0 -9999.0 -9999.0 -9999.0 -9999.0 -9999.0 -9999.0 -9999.0 -9999.0 -9999.0 -9999.0 -9999.0 -9999.0 -9999.0 -9999.0 -9999.0 -9999.0 -9999.0 -9999.0 -9999.0 -9999.0 -9999.0 -9999.0 -9999.0 -9999.0 -9999.0 -9999.0 -9999.0
-9999.0 -9999.0 -9999.0 -9999.0 -9999.0 -9999.0 -9999.0 -9999.0 -9999.0 -9999.0 -9999.0 -9999.0 -9999.0 -9999.0 -9999.0 -9999.0 -9999.0 -9999.0 -9999.0 -9999.0 -9999.0 -9999.0 -9999.0 -9999.0 -9999.0 -9999.0 -9999.0 -9999.0 -9999.0 -9999.0 -9999.0 -9999.0 -9999.0 -9999.0 -9999.0 -9999.0 -9999.0 -9999.0 -9999.0 -9999.0 -9999.0 -9999.0 -9999.0 -9999.0 -9999.0 -9999.0 -9999.0 2505.007522 2488.053124 2474.384865 2470.864065 2492.848475 2516.558025 2540.922868 2562.003264
-9999.0 -9999.0 -9999.0 -9999.0 -9999.0 -9999.0 -9999.0 -9999.0 -9999.0 -9999.0 -9999.0 -9999.0 -9999.0 -9999.0 -9999.0 -9999.0 -9999.0 -9999.0 -9999.0 -9999.0 -9999.0 -9999.0 -9999.0 -9999.0 -9999.0 -9999.0 -9999.0 -9999.0 -9999.0 -9999.0 -9999.0 -9999.0 -9999.0 -9999.0 -9999.0 -9999.0 -9999.0 -9999.0 -9999.0 -9999.0 2553.042613 2559.186699 2559.724182 2550.120733 2539.275260 2526.420191 2506.306817 2489.076961 2475.813237 2474.168963 2477.183976 2481.084098 2502.843221 2528.606655 2549.009278
-9999.0 -9999.0 -9999.0 -9999.0 -9999.0 -9999.0 -9999.0 -9999.0 -9999.0 -9999.0 -9999.0 -9999.0 -9999.0 -9999.0 -9999.0 -9999.0 -9999.0 -9999.0 -9999.0 -9999.0 -9999.0 -9999.0 -9999.0 -9999.0 -9999.0 -9999.0 -9999.0 -9999.0 -9999.0 -9999.0 -9999.0 -9999.0 -9999.0 -9999.0 2458.874206 2476.237094 2494.641304 2513.655238 2531.050560 2538.437221 2544.456922 2550.244913 2546.173556 2542.155271 2531.033954 2511.006393 2492.075155 2479.395781 2478.559939 2476.650242 2480.967527 2493.442886 2510.684072 2526.597492 2547.785632
-9999.0 -9999.0 -9999.0 -9999.0 -9999.0 -9999.0 -9999.0 -9999.0 -9999.0 -9999.0 -9999.0 -9999.0 -9999.0 -9999.0 -9999.0 -9999.0 -9999.0 -9999.0 -9999.0 -9999.0 -9999.0 -9999.0 -9999.0 -9999.0 -9999.0 -9999.0 -9999.0 -9999.0 2461.386223 2455.817653 2451.481293 2450.553566 2449.779347 2449.354959 2456.452483 2468.283043 2486.114255 2508.638019 2522.391474 2530.164731 2537.442137 2538.380447 2533.241919 2531.974921 2532.947059 2521.037263 2509.430943 2498.597777 2488.085068 2485.971213 2495.637766 2510.433853 2527.221801 2542.444530 2558.255370
-9999.0 -9999.0 -9999.0 -9999.0 -9999.0 -9999.0 -9999.0 -9999.0 -9999.0 -9999.0 -9999.0 -9999.0 -9999.0 -9999.0 -9999.0 -9999.0 -9999.0 -9999.0 -9999.0 -9999.0 -9999.0 -9999.0 -9999.0 2429.279429 2434.763811 2441.771236 2449.945574 2451.470636 2448.436085 2443.541691 2441.392797 2440.630665 2439.205779 2444.379468 2452.271914 2465.971983 2481.977727 2504.749836 2513.693178 2519.076433 2531.241652 2535.233441 2543.015633 2547.534004 2546.238836 2543.026693 2529.346117 2518.972773 2522.520466 2527.629270 2535.020622 2543.775480 2557.673374 2572.361205 2588.643408
-9999.0 -9999.0 -9999.0 -9999.0 -9999.0 -9999.0 -9999.0 -9999.0 -9999.0 -9999.0 -9999.0 -9999.0 -9999.0 -9999.0 -9999.0 -9999.0 -9999.0 -9999.0 -9999.0 2403.251186 2404.559931 2406.391337 2411.644465 2412.545802 2414.898133 2422.289802 2430.956810 2434.342032 2432.918994 2432.483385 2434.578107 2437.927859 2443.131032 2454.524192 2468.675378 2483.277694 2496.975361 2518.254325 2533.277090 2546.491673 2562.496365 2563.185497 2560.047932 2558.898587 2559.486078 2558.815672 2559.429476 2560.097401 2566.784598 2569.219714 2574.099153 2583.698565 2595.638128 2613.048685 2631.713643
-9999.0 -9999.0 -9999.0 -9999.0 -9999.0 -9999.0 -9999.0 -9999.0 -9999.0 -9999.0 -9999.0 -9999.0 -9999.0 -9999.0 -9999.0 -9999.0 2373.463762 2375.550819 2378.280953 2384.145193 2388.038364 2392.476605 2399.907651 2401.798477 2405.884965 2413.584735 2418.805804 2428.603718 2437.545059 2445.357374 2451.898634 2455.051802 2462.473882 2472.391919 2484.488784 2499.278552 2520.218821 2544.025718 2560.240014 2577.399154 2595.057582 2596.161434 2595.184107 2596.220639 2595.749015 2598.768278 2614.421100 2618.814901 2616.044424 2628.319009 2641.234359 2645.301918 2654.194446 2674.446748 2697.600673
-9999.0 -9999.0 -9999.0 -9999.0 -9999.0 -9999.0 -9999.0 -9999.0 -9999.0 -9999.0 -9999.0 -9999.0 -9999.0 2323.843469 2328.171097 2338.616531 2349.844594 2353.178008 2358.406060 2365.399918 2378.045400 2382.176567 2388.720090 2396.562560 2409.641947 2418.912958 2428.446628 2440.823271 2449.565481 2457.207986 2464.412151 2468.816682 2481.464702 2496.451231 2511.827226 2531.783698 2554.077755 2573.526533 2592.564515 2609.158653 2621.987211 2621.420095 2621.113207 2623.864835 2630.078904 2646.108078 2664.047296 2667.800274 2680.522190 2702.227577 2714.035087 2723.420596 2731.240858 2745.609273 2767.357323
-9999.0 -9999.0 -9999.0 -9999.0 -9999.0 -9999.0 -9999.0 -9999.0 -9999.0 -9999.0 2293.609002 2295.655148 2292.452482 2291.015669 2297.036121 2309.806825 2324.613008 2331.017787 2343.422619 2365.175325 2384.091743 2387.808641 2402.098679 2413.126775 2420.552540 2431.193214 2444.679569 2457.503356 2473.864773 2486.300658 2496.576135 2514.507993 2530.965899 2547.768334 2565.699896 2586.467913 2604.001984 2629.735001 2657.048350 2668.009229 2687.388748 2693.531301 2690.572506 2690.176969 2700.063298 2713.735479 2731.325335 2749.895146 2768.489645 2791.817726 2805.099083 2819.026415 2829.393674 2841.192470 2857.187103
-9999.0 -9999.0 -9999.0 -9999.0 -9999.0 -9999.0 -9999.0 -9999.0 2268.159680 2276.288182 2282.310691 2279.520957 2275.475689 2270.751470 2285.619914 2301.714750 2318.159745 2336.796412 2353.025865 2371.760213 2386.619963 2402.394085 2423.255210 2435.052455 2446.650497 2462.370869 2476.205370 2492.407935 2513.688685 2523.830710 2537.568718 2558.253838 2575.362159 2593.280289 2612.356443 2630.140277 2654.585660 2686.745737 2717.672369 2737.003894 2764.113077 2782.708554 2779.529733 2780.244917 2783.588266 2808.288963 2836.123469 2865.870377 2833.240432 2854.495127 2882.321565 2899.213428 2908.534141 2919.870274 2933.815439
-9999.0 -9999.0 -9999.0 -9999.0 -9999.0 -9999.0 2239.276479 2263.855260 2279.365783 2271.362168 2259.087174 2254.902579 2249.966512 2278.772380 2301.581275 2319.479547 2336.837284 2354.964862 2371.818669 2382.404620 2414.355254 2433.939122 2447.463483 2463.198883 2478.453546 2493.713892 2511.147396 2533.918825 2553.601712 2578.834873 2599.289094 2619.371273 2646.173565 2665.550284 2684.330294 2700.822793 2730.760425 2766.061346 2802.118422 2828.992462 2854.939102 2835.241015 2834.604047 2837.477095 2840.824375 2863.056126 2895.336471 2923.417104 2952.390188 2982.800126 3009.223812 2995.908194 3003.153272 3012.738950 3024.796923
-9999.0 -9999.0 -9999.0 -9999.0 2205.898334 2226.915744 2246.335451 2276.909058 2299.460469 2294.913957 2300.584934 2299.871852 2296.937884 2302.158268 2310.564064 2328.755283 2348.348981 2368.274897 2384.506234 2415.517955 2462.254002 2475.804475 2496.367147 2527.469459 2540.330268 2555.717849 2572.450971 2594.720138 2616.927522 2648.639835 2687.636045 2721.031555 2745.393607 2766.308044 2787.455687 2807.597960 2843.078261 2829.785092 2862.329303 2893.934193 2920.076406 2942.616244 2950.983439 2956.701718 2967.060529 2983.439129 3004.326407 3006.495820 3036.585347 3067.644216 3090.653088 3098.940356 3104.361623 3113.603144 3121.564913
-9999.0 -9999.0 -9999.0 2153.214665 2192.300380 2231.503026 2257.917175 2288.728303 2321.406328 2323.535972 2332.869888 2335.168052 2336.932556 2344.195883 2350.111530 2367.560037 2385.719504 2404.897117 2427.790219 2463.589000 2495.851383 2518.999683 2549.091979 2569.820920 2586.648460 2601.658620 2621.122160 2643.714652 2683.811377 2718.102112 2766.067748 2818.810692 2853.775103 2827.807233 2846.825317 2873.481801 2897.746923 2930.909853 2964.286981 2995.303502 3002.018343 3022.534825 3037.460627 3042.385533 3051.143232 3057.272207 3070.425346 3088.961930 3110.162830 3139.262127 3167.093349 3187.543951 3201.217979 3211.222262 3227.258461
-9999.0 -9999.0 2105.087662 2144.096260 2176.584041 2224.820148 2278.166519 2313.435284 2353.860708 2375.163868 2380.336387 2394.002841 2407.581333 2411.841320 2424.089203 2439.432345 2460.909260 2470.223818 2490.503851 2512.828340 2555.515528 2594.595128 2600.917483 2646.065389 2678.635436 2710.376602 2730.699128 2758.715133 2797.285925 2835.364939 2836.230080 2882.343123 2916.190193 2941.891047 2957.303741 2976.601890 2996.394519 2997.093116 3029.925860 3055.553696 3085.428130 3109.925031 3129.413859 3131.818807 3134.754157 3150.026768 3175.753938 3197.766561 3223.755042 3249.888894 3241.474286 3259.441984 3267.589410 3272.150981 3279.316338
-9999.0 -9999.0 2076.063153 2122.135299 2158.928394 2220.280402 2304.722650 2340.525434 2382.187277 2428.704130 2445.165037 2468.567299 2470.189668 2467.911302 2488.828235 2507.381317 2526.138539 2534.875817 2532.554131 2586.907719 2643.760100 2679.130669 2701.303889 2775.228397 2826.002295 2848.421991 2823.876742 2841.348500 2862.366911 2901.554623 2939.290665 2990.927670 3009.537240 3036.579897 3050.365296 3068.411235 3086.900357 3100.423165 3118.587760 3161.001395 3186.535441 3214.017913 3243.020920 3263.157522 3270.779615 3274.726679 3254.686640 3269.584307 3279.922846 3284.398159 3286.106091 3282.441488 3281.812702 3282.564627 3283.501298
-9999.0 1984.125086 2036.590348 2088.180336 2154.378809 2218.179647 2296.487727 2373.798196 2437.488804 2488.764337 2516.441318 2517.708409 2532.288313 2564.823939 2587.815510 2609.488294 2615.720992 2625.748172 2612.066388 2666.144529 2709.400530 2768.165263 2834.542828 2888.033345 2943.257255 2941.420564 2929.919099 2937.370721 2955.760182 2999.091843 3049.060752 3098.688719 3156.267043 3195.011046 3209.732395 3215.859779 3233.003730 3252.317263 3214.953739 3249.401222 3264.744963 3277.821250 3284.223940 3286.041732 3287.062334 3286.887683 3283.344863 3276.554671 3268.553966 3262.843028 3258.702899 3254.205837 3256.635257 3259.943735 3260.373237
-9999.0 1946.756469 2004.951883 2074.591275 2143.533403 2198.379323 2288.919369 2447.372319 2507.542649 2546.232520 2559.137788 2553.126180 2618.820769 2682.308573 2711.825419 2758.256690 2748.706258 2737.773215 2712.109740 2742.347234 2786.246631 2820.355160 2973.120095 3039.262963 3079.547792 3087.692427 3089.959101 3116.524198 3156.402431 3193.256697 3231.110926 3210.493001 3250.057935 3269.055023 3273.090386 3273.676600 3278.024828 3276.880504 3275.054424 3270.807250 3265.786892 3265.936146 3270.293707 3270.117999 3267.249060 3264.021548 3258.420722 3251.000479 3245.731086 3241.123796 3238.445131 3235.563246 3233.757786 3233.334275 3228.761978
-9999.0 1910.083740 1983.728825 2043.994504 2096.961973 2196.613255 2325.680054 2467.402627 2563.385605 2599.696645 2594.780112 2643.690209 2745.854826 2828.508888 2878.444660 2900.603848 2888.914380 2850.791380 2839.255840 2882.516769 2949.087227 3035.773906 3153.075626 3236.453450 3249.467820 3252.198512 3214.125399 3234.681316 3253.719640 3255.698623 3256.555204 3262.563826 3267.507543 3270.270945 3268.780516 3265.919425 3261.185235 3253.133055 3248.314867 3244.777655 3241.109308 3240.168940 3242.339808 3243.912056 3241.203092 3237.361321 3232.906766 3227.350835 3221.538967 3214.894185 3210.748857 3206.633908 3204.559414 3199.360386 3195.700693
-9999.0 1794.820251 1888.554557 1934.189423 2022.613315 2206.487129 2335.242386 2479.492483 2638.874847 2667.098906 2723.690189 2839.548073 2950.430587 3015.763162 3045.998271 3080.199225 3104.558500 3121.649379 3155.993423 3063.936335 3133.581150 3209.056605 3244.281200 3259.513319 3265.790584 3266.118666 3256.800221 3236.542990 3225.938573 3219.205648 3220.824622 3228.048559 3232.939841 3237.902550 3235.664241 3236.526763 3237.234485 3233.944974 3230.407179 3221.924389 3214.192286 3207.835870 3205.074625 3209.936121 3205.244647 3202.665589 3196.649210 3188.868358 3186.262332 3179.170952 3171.416278 3164.904516 3162.572055 3157.477566 3156.299775
-9999.0 1713.954213 1788.012973 1857.839882 1977.999439 2142.169023 2249.852332 2411.254693 2641.483962 2770.920819 2906.009958 2986.627526 3047.425177 3092.672301 3144.707872 3189.441096 3213.351984 3222.997948 3198.288389 3215.164697 3179.359082 3168.791654 3180.934470 3207.932290 3223.128294 3226.893573 3218.769080 3209.113381 3201.909855 3200.802193 3198.916302 3195.695356 3192.359297 3189.234048 3186.100342 3188.698524 3193.726981 3187.355955 3183.422212 3174.759785 3166.683720 3157.828994 3152.077452 3147.890984 3147.805079 3147.971395 3140.521758 3130.265340 3120.018966 3111.948986 3104.747336 3100.017261 3097.509708 3092.762270 3085.277261
-9999.0 1601.111455 1730.065789 1812.402188 1916.085507 2047.754293 2159.610646 2315.648720 2452.559414 2688.734508 2821.648693 2980.916657 3016.707478 3079.691057 3129.055170 3194.227607 3191.203426 3162.934532 3122.902693 3106.496810 3114.961694 3123.335644 3132.300006 3147.835998 3164.922453 3174.580944 3178.448285 3171.902366 3157.939757 3146.555923 3136.945574 3124.609458 3116.022623 3113.987988 3116.903325 3125.902678 3127.000759 3117.867232 3104.662179 3088.723108 3073.815259 3062.506947 3060.252298 3062.583097 3063.376379 3059.584812 3053.597456 3043.206972 3030.883090 3018.924807 3012.862683 3008.345010 3001.351172 2992.215802 3003.177883
-9999.0 -9999.0 1647.786365 1757.073478 1855.330674 1970.169429 2068.163701 2194.761850 2338.579535 2513.729112 2631.719143 2794.494740 2864.651315 2907.591853 2946.009261 2989.104825 3010.265955 3036.413777 3024.392735 3032.599624 3040.482812 3045.219138 3051.236137 3058.281182 3069.227378 3078.770992 3087.928491 3085.290595 3076.385452 3057.095978 3033.424971 3015.047956 3005.174421 2996.759093 3007.866077 3019.951397 3015.349419 3008.647558 2997.805116 3004.203396 2992.247360 2978.240338 2974.655604 2974.653359 2975.017539 2972.470740 2969.407744 2959.588212 2947.199289 2936.646286 2932.063906 2926.193498 2921.912950 2911.843321 2902.103462
-9999.0 -9999.0 1560.698114 1666.243862 1772.387030 1891.543407 1980.883533 2015.669269 2157.302616 2265.334493 2372.102253 2479.435053 2571.457872 2639.819630 2677.681638 2740.483339 2792.835003 2811.930338 2819.833967 2863.386029 2894.646757 2929.948278 2951.314150 2959.861147 2972.845404 2987.000945 2995.024335 2981.272479 2970.364575 2953.851694 2933.953426 2908.813762 2895.966626 2894.502487 2894.641601 2897.376261 2890.460613 2881.425890 2867.310254 2854.178314 2841.928171 2832.256002 2828.481024 2823.605631 2821.573645 2818.827017 2819.398442 2859.405896 2849.720387 2843.580321 2834.782343 2829.660732 2827.422722 2822.499711 2815.045378
