tests/Borden05m/sims/sim_1/output-maps/psiliqL0025N0016.asc
ncols         160
nrows         34
xllcorner     620200.000000
yllcorner     5168000.000000
cellsize      0.500000
NODATA_value  -9999.0
[rows 0 to 24 of 34, columns 55 to 109 of 160]
-9999.0 -9999.0 -9999.0 -9999.0 -9999.0 -9999.0 -9999.0 -9999.0 -9999.0 -9999.0 -9999.0 -9999.0 -9999.0 -9999.0 -9999.0 -9999.0 -9999.0 -9999.0 -9999.0 -9999.0 -9999.0 -9999.0 -9999.0 -9999.0 -9999.0 -9999.0 -9999.0 -9999.0 -9999.0 -9999.0 -9999.0 -9999.0 -9999.0 -9999.0 -9999.0 -9999.0 -9999.0 -9999.0 -9999.0 -9999.0 -9999.0 -9999.0 -9999.0 -9999.0 -9999.0 -9999.0 -9999.0 -9999.0 -9999.0 -9999.0 -9999.0 -9999.0 -9999.0 -9999.0 -9999.0
-9999.0 -9999.0 -9999.0 -9999.0 3198.670185 3193.348126 3188.528890 3184.019586 3176.585472 3167.300928 3159.381360 3155.191019 3154.018994 3153.152291 3152.504065 3157.354083 3165.357557 3172.921360 3179.718739 3180.733811 3182.955090 3184.775781 3184.970492 3183.773091 3180.560689 3178.602869 3175.230502 3173.518975 3166.093472 3154.938058 3146.584279 3143.883355 3148.068543 3152.411189 3154.870619 3160.092791 3170.492256 3181.048409 3188.177832 3200.549310 3207.484717 3212.839706 3215.492762 3211.542205 3208.304004 3204.397263 3198.444995 3187.381647 -9999.0 -9999.0 -9999.0 -9999.0 -9999.0 -9999.0 -9999.0
3144.723716 3163.055703 3182.748936 3185.834800 3175.295801 3170.258050 3167.087826 3165.364253 3161.065790 3152.521996 3147.349024 3141.822886 3139.177349 3139.125072 3138.956917 3142.588559 3153.237184 3160.978080 3165.486510 3168.014783 3170.775411 3169.236363 3168.415674 3168.126255 3165.176683 3161.686280 3158.261395 3156.375037 3157.725799 3150.109640 3144.132514 3140.253246 3137.378488 3140.087119 3142.758080 3147.253253 3156.439488 3164.355895 3172.248478 3185.907472 3198.901949 3204.596312 3202.107666 3197.556789 3193.888869 3186.667540 3177.320946 3167.389568 3159.225114 3153.106592 3147.796409 3141.495997 3147.948760 3155.787430 3165.204408
3127.955776 3147.034061 3167.335124 3169.855405 3159.545872 3151.741873 3144.994334 3145.435464 3148.801992 3145.482998 3140.604723 3132.940645 3142.747838 3143.672012 3144.309940 3147.411169 3149.298414 3154.185256 3156.543145 3161.791914 3170.671643 3173.386448 3173.746716 3173.720663 3171.674714 3168.361485 3166.346308 3163.494154 3158.169906 3156.377524 3156.030598 3154.784852 3158.902523 3160.326040 3163.233238 3157.673546 3162.043446 3168.297482 3175.179503 3180.699962 3185.330941 3187.940984 3184.725725 3185.372027 3178.585045 3165.074441 3155.335283 3147.898594 3148.056488 3145.171009 3137.339282 3123.783761 3132.087718 3148.238694 3153.083025
3132.089049 3140.894341 3151.408654 3153.840945 3148.727722 3150.795390 3152.482408 3153.617083 3151.680727 3148.074066 3143.753349 3154.179848 3162.322989 3163.590821 3165.927892 3169.748388 3170.495851 3159.484189 3157.336440 3164.570093 3174.059096 3179.137000 3179.216691 3178.773425 3175.122668 3173.889777 3173.592909 3171.696008 3171.204184 3172.753946 3170.436073 3173.448745 3178.835314 3180.412782 3176.709972 3168.335209 3170.503554 3178.872846 3186.197175 3193.713359 3203.880156 3214.756089 3215.029667 3210.555698 3202.233390 3189.949078 3169.216917 3151.754705 3140.905832 3133.082814 3125.937825 3128.808329 3124.338060 3138.068812 3139.947570
3118.231104 3138.472893 3158.335804 3164.187322 3158.075032 3154.137958 3152.681146 3153.204806 3152.190552 3152.690083 3161.509259 3173.189059 3182.724547 3184.481962 3186.173333 3184.906942 3179.010070 3168.696773 3165.865313 3179.053419 3193.703637 3201.360260 3200.826205 3196.651066 3199.924438 3199.855870 3200.128922 3196.604114 3197.356827 3195.163631 3200.843095 3208.461577 3216.319841 3214.833357 3202.585282 3190.358718 3190.222851 3195.523687 3202.156808 3209.680518 3219.892958 3229.134216 3224.431079 3219.290653 3211.925724 3186.417202 3165.526019 3151.404251 3151.785841 3152.653831 3148.441065 3146.490811 3145.563003 3141.395867 3141.699214
3154.185961 3173.254749 3191.567254 3204.418331 3198.105569 3190.445389 3181.740213 3181.799989 3182.208415 3187.996032 3198.318077 3211.146042 3232.666041 3232.158697 3232.622485 3231.468317 3218.702584 3205.501327 3195.384835 3217.020727 3227.788052 3234.933211 3232.567104 3237.915322 3246.546682 3242.841616 3236.385106 3224.427985 3230.023593 3236.830057 3251.896953 3259.692293 3264.834649 3260.514215 3246.870346 3240.218929 3241.552634 3247.731951 3248.698705 3257.092857 3266.031480 3281.040730 3279.903424 3276.341137 3256.492585 3219.778364 3190.573664 3179.577519 3188.830552 3183.308451 3178.903948 3178.760753 3167.671280 3160.382660 3163.003785
3184.989340 3198.393885 3214.418907 3230.829899 3222.082843 3211.739555 3195.353909 3192.265455 3196.500455 3206.440783 3223.815494 3241.900526 3261.867144 3261.090939 3255.113641 3264.593796 3257.602403 3246.834529 3239.215963 3259.741807 3269.890642 3280.109450 3286.047116 3298.599951 3309.037046 3293.030762 3276.349980 3266.327704 3273.158685 3298.211317 3320.143317 3324.929653 3324.153760 3323.848207 3309.071428 3304.131027 3300.508176 3300.468600 3297.652936 3295.678658 3320.499940 3341.716195 3341.513141 3320.043560 3297.447175 3258.421691 3220.980552 3196.438383 3208.511499 3205.470648 3208.777304 3198.573225 3186.841920 3179.327977 3178.389391
3235.879070 3257.736770 3274.194807 3295.711205 3287.214465 3264.519151 3249.007006 3251.587741 3264.853891 3272.642372 3290.642840 3308.069391 3334.114079 3346.746085 3358.405139 3361.946319 3355.051836 3346.454732 3334.334641 3338.975289 3362.245928 3373.470720 3381.887251 3390.396773 3402.960652 3403.690075 3397.089094 3395.330977 3399.575848 3412.518572 3426.510171 3433.222343 3436.442384 3439.274849 3426.817431 3414.162654 3411.847908 3406.184861 3404.579566 3403.730991 3414.578973 3434.475136 3431.480409 3395.958743 3369.354034 3335.148741 3297.174957 3267.980651 3261.252359 3279.531280 3277.000655 3260.946141 3250.086782 3223.782484 3218.192633
3305.835220 3338.685576 3363.013088 3373.036526 3380.695888 3366.526153 3364.566823 3368.558956 3376.689012 3379.797513 3386.172737 3418.382990 3452.058384 3477.205373 3499.927049 3507.086528 3494.893272 3485.086147 3471.660832 3462.790891 3473.283098 3490.260791 3507.795554 3522.722316 3534.007305 3536.183090 3534.622652 3534.687480 3537.702832 3540.685096 3544.886680 3553.178586 3560.780631 3569.485931 3577.717139 3567.628466 3550.736335 3541.294721 3531.997996 3530.969307 3532.225362 3535.764939 3536.853560 3520.880499 3479.780662 3448.592901 3416.704376 3396.698291 3383.182890 3382.266319 3364.600769 3340.700969 3290.048459 3252.901421 3221.720492
3391.799457 3435.389080 3464.529578 3481.942613 3494.652253 3491.909571 3493.666958 3494.681765 3498.440014 3500.880841 3503.782454 3530.211758 3571.419323 3610.583546 3641.670798 3641.717079 3628.184177 3616.872585 3607.661973 3593.479999 3589.556717 3601.899707 3617.063323 3637.113504 3647.594426 3653.882812 3650.721830 3650.951198 3652.677350 3655.000954 3657.122892 3660.669982 3670.188128 3685.107505 3699.457022 3698.704196 3680.054886 3662.158950 3646.089971 3643.396426 3640.799386 3635.877111 3638.169563 3640.062326 3624.738961 3593.884800 3554.433711 3514.068548 3496.946399 3481.639742 3470.822949 3454.152355 3414.771959 3349.745917 3311.202495
3506.673312 3540.339782 3569.254962 3599.451339 3614.420946 3616.860744 3614.384433 3613.300846 3620.273901 3623.122349 3628.942294 3645.459633 3677.211689 3712.387071 3741.946332 3757.415867 3749.763711 3732.006062 3709.980933 3700.337835 3697.481265 3701.031416 3710.438978 3723.127622 3742.509725 3761.815465 3767.576479 3768.454886 3765.782973 3768.192897 3769.743155 3769.858115 3772.718665 3781.107341 3790.907061 3794.260952 3786.579288 3765.683530 3742.302875 3730.823697 3724.250899 3720.815625 3721.728379 3726.767808 3729.891979 3715.237677 3679.902320 3635.733110 3605.695489 3590.324725 3577.493375 3563.604820 3551.340170 3519.214349 3498.517013
3615.429273 3630.572738 3658.671470 3687.369668 3710.040528 3724.769260 3725.251571 3728.333959 3733.073899 3740.459085 3755.527565 3778.727106 3797.655877 3820.158092 3846.644208 3862.829242 3868.091142 3866.460523 3862.450381 3863.659060 3864.009878 3801.501934 3807.738132 3813.953821 3830.966290 3846.306605 3851.857091 3852.491730 3849.959859 3851.786698 3852.548320 3852.445560 3852.073497 3854.374226 3859.426750 3861.357803 3858.970539 3846.397667 3864.496262 3844.496900 3831.047611 3822.845606 3814.609186 3806.355925 3796.933012 3787.061163 3767.097755 3736.322018 3702.009181 3680.413503 3672.450412 3666.390472 3658.022305 3652.393841 3635.500213
3713.955158 3724.524714 3742.660683 3765.338232 3799.178682 3822.528705 3833.904023 3843.189769 3847.851011 3861.763499 3878.370193 3862.445004 3870.739446 3879.322664 3887.851005 3890.779708 3891.618265 3891.231330 3888.840162 3888.066679 3885.652879 3882.167700 3871.712701 3873.321203 3875.265983 3877.885711 3881.617521 3880.509906 3881.618706 3884.572739 3882.814107 3876.775003 3872.702200 3871.127338 3872.121071 3879.553990 3883.040176 3883.997171 3880.645665 3879.713290 3878.718766 3875.323543 3871.084669 3865.109101 3857.465177 3872.204642 3860.171042 3832.188910 3792.034058 3750.950314 3743.215080 3744.932482 3744.867885 3743.349743 3737.779932
3838.589357 3852.243982 3867.009562 3844.925263 3867.228747 3878.642903 3883.979971 3888.086765 3890.890368 3894.007629 3890.996088 3887.985192 3883.102253 3881.540602 3880.190206 3877.753201 3878.384485 3876.498155 3872.437018 3868.403806 3860.457452 3848.901141 3837.725185 3834.171922 3838.479762 3844.097355 3849.246513 3853.688303 3857.410089 3857.426782 3851.962188 3843.536861 3835.990877 3834.330631 3841.207851 3846.952782 3853.471300 3854.346531 3852.953809 3850.465414 3850.222207 3846.955184 3847.166754 3854.242245 3868.992918 3871.747396 3877.639599 3876.800499 3860.180538 3830.085490 3841.470496 3821.548056 3827.561885 3822.988706 3811.666185
3882.310571 3885.076948 3883.449078 3882.345635 3875.971062 3869.921298 3869.147140 3873.168832 3880.220306 3881.290622 3874.247018 3865.680909 3858.464028 3851.052306 3848.717721 3848.157439 3847.909442 3848.416391 3843.132044 3833.842551 3816.855063 3805.288775 3794.230501 3788.295771 3784.529090 3788.001764 3799.237868 3811.395831 3816.435356 3807.162791 3798.712521 3786.905265 3778.836129 3779.283219 3780.328880 3789.830107 3806.653501 3814.168455 3814.956822 3808.490265 3802.008699 3795.347904 3792.278070 3798.702302 3813.995785 3830.748968 3846.347843 3855.487783 3863.207878 3870.322590 3868.778215 3871.514874 3873.020726 3870.894660 3873.881453
3876.673611 3869.700640 3862.736552 3857.454196 3851.024330 3845.737438 3843.920388 3845.820084 3847.785992 3843.716205 3837.359727 3827.395234 3816.409030 3806.747111 3799.178924 3800.221715 3802.597318 3804.274677 3797.026762 3781.712362 3763.949590 3750.506011 3736.674905 3732.766619 3726.904966 3719.299825 3729.425928 3749.132506 3756.504591 3740.451258 3729.585393 3714.408284 3707.824855 3703.836901 3704.619497 3713.541288 3736.005312 3760.055550 3762.122581 3751.167466 3740.283934 3735.536591 3732.303248 3736.906149 3753.600360 3774.361848 3790.408345 3800.808612 3806.125834 3813.897768 3823.277412 3837.520955 3852.313479 3864.640230 3869.359960
3851.617215 3843.881900 3836.252586 3828.670193 3821.817497 3815.667791 3811.421762 3809.498031 3805.621903 3799.577300 3792.615450 3772.109010 3759.766552 3746.958112 3732.152051 3728.351957 3723.661544 3724.822313 3713.405914 3705.476997 3689.068216 3673.806339 3658.272971 3645.026237 3639.347637 3632.698858 3631.084991 3644.576262 3653.015095 3643.500019 3633.825112 3623.180910 3618.661823 3615.306652 3617.775065 3628.200486 3647.742888 3666.036154 3674.414776 3667.042227 3665.673743 3665.617562 3663.995159 3670.227090 3680.975920 3698.845261 3721.123162 3739.957633 3749.765183 3756.587173 3765.752257 3780.122958 3794.187626 3808.485997 3826.433031
3821.217521 3811.973173 3802.129292 3792.498687 3782.100867 3771.643472 3765.234458 3767.948529 3762.016748 3756.486899 3733.988848 3679.153371 3658.253490 3639.501722 3623.450411 3616.891156 3608.619634 3592.688482 3584.155181 3579.771522 3581.989051 3568.137162 3550.815081 3533.250836 3528.439605 3524.963122 3507.701537 3503.162560 3503.728049 3519.958016 3513.927905 3512.679714 3514.588229 3512.207422 3513.488264 3526.214925 3533.893042 3539.308256 3546.008292 3550.735790 3561.187664 3569.096177 3579.177527 3596.152363 3606.869524 3622.007095 3642.141371 3667.570421 3682.852391 3692.201149 3702.447981 3717.588694 3733.622741 3751.228274 3773.501003
3786.763058 3770.367995 3755.927011 3741.769643 3729.223829 3716.555006 3700.940541 3702.961543 3700.971855 3690.904231 3636.363783 3595.865820 3562.354642 3545.441896 3522.103991 3508.833727 3492.734450 3454.597763 3437.406480 3437.181444 3452.250823 3448.961154 3433.866170 3422.162822 3412.896914 3403.648375 3386.019291 3367.293038 3373.415477 3391.949263 3392.975530 3396.388647 3404.297688 3403.790574 3397.033904 3394.200475 3406.119588 3411.459280 3422.524443 3440.066875 3444.812449 3461.071963 3494.587711 3507.150067 3521.870186 3539.910466 3559.966463 3581.667746 3603.902873 3617.656316 3632.543673 3650.698334 3667.100971 3687.152192 3709.491433
3736.325702 3705.518678 3684.666931 3667.547792 3648.697741 3622.065592 3602.335150 3600.348640 3594.454277 3565.704804 3513.817783 3478.655077 3455.713226 3434.360229 3411.806898 3388.473231 3351.826125 3317.505406 3296.051806 3312.206180 3323.762898 3335.742610 3324.627820 3314.126592 3304.763304 3286.872752 3270.181699 3253.812960 3264.926932 3273.611116 3292.773702 3299.719260 3303.643477 3309.554913 3308.042674 3297.078605 3291.661792 3299.508926 3309.130618 3320.863169 3342.194955 3377.039420 3401.342181 3419.118727 3439.075776 3457.201703 3478.000159 3500.388102 3522.612467 3539.079457 3556.878471 3574.831620 3595.203478 3613.888935 3636.309776
3656.811015 3628.987879 3603.090442 3580.389472 3549.181365 3503.308132 3489.375094 3480.853733 3459.357406 3412.340295 3371.294686 3351.643844 3339.425047 3316.896385 3296.616956 3268.352202 3235.046633 3214.068072 3194.040825 3204.933505 3215.712160 3236.323270 3227.989070 3221.588361 3218.952027 3203.859754 3190.799698 3174.464957 3180.820473 3193.076088 3216.704689 3222.749167 3226.892073 3236.305469 3235.492854 3230.675738 3212.753292 3219.200933 3229.693609 3243.923859 3274.613052 3296.672710 3318.545703 3339.686141 3358.381472 3378.854542 3400.334428 3422.582430 3448.188463 3467.003340 3485.278336 3506.089456 3524.596848 3538.346129 3553.998417
3549.531452 3526.125730 3507.186307 3483.667815 3441.459259 3398.289190 3358.428754 3332.274676 3280.580652 3246.548633 3227.264781 3227.378770 3216.239363 3197.581580 3179.833451 3163.687274 3142.845478 3124.949402 3100.563006 3106.598768 3123.015473 3140.600435 3142.521919 3143.987086 3142.926504 3134.006220 3120.805855 3107.344406 3111.180425 3128.391817 3146.441598 3156.593969 3164.333695 3172.031791 3171.637076 3161.834092 3151.506704 3155.923068 3170.844545 3184.509103 3201.248962 3221.090687 3240.950406 3260.459519 3282.004353 3303.635066 3325.523462 3349.318496 3374.725521 3394.993119 3417.613476 3440.958784 3456.545193 3464.397780 3471.302425
3448.147386 3429.728601 3407.415590 3380.744762 3340.046469 3301.407808 3261.633474 3215.319968 3183.483619 3158.346778 3152.969268 3138.972673 3127.161574 3114.145083 3095.167449 3080.218489 3066.696600 3046.449423 3037.494663 3045.496060 3059.491980 3067.996216 3075.380442 3073.750444 3071.858056 3066.651052 3052.988316 3049.206004 3059.354149 3074.551384 3088.177181 3099.754625 3106.585287 3111.546767 3108.327290 3098.904607 3095.789723 3103.622186 3118.634584 3131.387639 3145.326655 3164.924868 3182.097000 3202.325794 3223.393154 3244.060454 3267.117334 3290.888021 3315.530020 3341.322633 3362.374385 3379.347438 3386.799072 3394.962898 3393.328893
3326.833586 3316.454804 3291.754185 3264.573462 3236.643123 3205.056699 3182.400559 3154.819988 3126.476599 3099.183104 3074.849836 3064.173210 3059.576206 3048.679942 3033.216567 3023.385323 3009.054414 3000.281138 3007.387015 3009.161909 3017.563475 3016.005811 3017.400558 3015.407617 3015.193339 3013.390547 3007.715218 3019.899364 3026.125004 3039.410125 3049.329277 3058.962482 3064.585058 3067.950243 3068.933146 3064.573864 3070.211614 3075.806757 3088.877911 3099.325729 3111.927468 3130.788553 3146.383219 3163.875064 3183.044426 3204.316677 3226.396722 3250.358118 3276.652608 3299.573870 3315.655731 3320.782768 3328.376252 3328.222417 3315.547971
