tests/Borden05m/sims/sim_1/output-maps/psiliqL0021N0003.asc
ncols         160
nrows         34
xllcorner     620200.000000
yllcorner     5168000.000000
cellsize      0.500000
NODATA_value  -9999.0
[rows 0 to 24 of 34, columns 55 to 109 of 160]
-9999.0 -9999.0 -9999.0 -9999.0 -9999.0 -9999.0 -9999.0 -9999.0 -9999.0 -9999.0 -9999.0 -9999.0 -9999.0 -9999.0 -9999.0 -9999.0 -9999.0 -9999.0 -9999.0 -9999.0 -9999.0 -9999.0 -9999.0 -9999.0 -9999.0 -9999.0 -9999.0 -9999.0 -9999.0 -9999.0 -9999.0 -9999.0 -9999.0 -9999.0 -9999.0 -9999.0 -9999.0 -9999.0 -9999.0 -9999.0 -9999.0 -9999.0 -9999.0 -9999.0 -9999.0 -9999.0 -9999.0 -9999.0 -9999.0 -9999.0 -9999.0 -9999.0 -9999.0 -9999.0 -9999.0
-9999.0 -9999.0 -9999.0 -9999.0 2422.786916 2417.532272 2412.812569 2408.478485 2400.271618 2391.359594 2383.652838 2379.908760 2379.195287 2378.731313 2378.551096 2383.916154 2392.295234 2400.235171 2407.486502 2410.085716 2412.732774 2415.036793 2415.696662 2414.877081 2412.035462 2409.199147 2406.131196 2404.773611 2397.376324 2386.346196 2377.986609 2375.352365 2379.638085 2383.992341 2386.404335 2391.716955 2402.032562 2412.402581 2420.418224 2432.183829 2438.235143 2442.996122 2445.235880 2440.729447 2436.925135 2432.683513 2426.746467 2415.562621 -9999.0 -9999.0 -9999.0 -9999.0 -9999.0 -9999.0 -9999.0
2368.184293 2387.041545 2407.772625 2411.051195 2399.470756 2394.589309 2391.632196 2390.113402 2385.938307 2377.723372 2372.904449 2367.801953 2365.792232 2366.162988 2366.473784 2370.677327 2381.575919 2389.783648 2394.749818 2397.685131 2400.740704 2399.973849 2399.628946 2399.718885 2397.171591 2394.015719 2390.930749 2389.374585 2390.672065 2383.268557 2377.601371 2373.956849 2371.497339 2374.089788 2376.625022 2380.645452 2389.746911 2397.475099 2405.142972 2419.389694 2431.763899 2436.769325 2433.714655 2428.451650 2424.161043 2416.672654 2406.076384 2395.844777 2387.250161 2380.548071 2374.692339 2368.021925 2373.704004 2380.497933 2389.455323
2352.827017 2372.343016 2392.965152 2395.853256 2385.533034 2377.823318 2371.983644 2372.722419 2376.221756 2373.261993 2368.894737 2362.529691 2372.264234 2373.705750 2374.938996 2378.559601 2381.338789 2386.071192 2388.954817 2394.608611 2403.846905 2406.926861 2407.753627 2408.212757 2406.663725 2403.813589 2402.244255 2399.763064 2394.766501 2393.425435 2393.439609 2392.603623 2397.002562 2398.400339 2400.858711 2394.829111 2398.743964 2404.711133 2411.243253 2416.812511 2422.698478 2425.235540 2421.364306 2420.779186 2411.797987 2397.623410 2386.953207 2378.785029 2377.873870 2374.383196 2365.959383 2352.036852 2359.245076 2374.487128 2378.563911
2359.243174 2368.623300 2379.943807 2382.934390 2378.214751 2380.431629 2382.527433 2384.255850 2382.936501 2380.041880 2376.998063 2388.561930 2397.540062 2399.418789 2402.412109 2406.668439 2407.500662 2396.675076 2394.861363 2402.814661 2412.935976 2418.652035 2419.250127 2419.435481 2416.826228 2416.155139 2416.278331 2414.677341 2414.921112 2417.001583 2415.609202 2419.257754 2424.846543 2428.203894 2421.678439 2412.842452 2414.386960 2422.410353 2431.155577 2438.310370 2448.133640 2458.473941 2457.546728 2451.878622 2442.445507 2428.857129 2405.318323 2386.491011 2374.923182 2366.605130 2358.732500 2359.878075 2355.083692 2367.179317 2368.196981
2352.264873 2371.928876 2392.706954 2399.726617 2394.201611 2390.439584 2389.126457 2390.322923 2390.316147 2392.268692 2402.902039 2415.936023 2429.222131 2432.025488 2434.519853 2433.864513 2425.843324 2415.916394 2413.231648 2427.509189 2444.844500 2453.394987 2453.877314 2451.518592 2456.656082 2456.774350 2456.943766 2453.456302 2455.037084 2454.369470 2461.658443 2469.380102 2477.010999 2475.469788 2463.085049 2450.960748 2450.158721 2454.351222 2459.600976 2466.174877 2475.704493 2484.278358 2478.538058 2471.766488 2462.525395 2434.867093 2409.317189 2393.326172 2392.670710 2392.359202 2387.031314 2383.775048 2381.132978 2375.095368 2374.232721
2395.269350 2415.818456 2436.873304 2451.545493 2446.166110 2439.127963 2430.706033 2431.722328 2433.799250 2441.140123 2453.121125 2468.246884 2491.415615 2492.697144 2494.598246 2495.136007 2483.425612 2471.088616 2461.172237 2482.066342 2493.354606 2501.527741 2501.247535 2508.909805 2518.763555 2515.555308 2509.283478 2498.512227 2504.817189 2513.653201 2528.922280 2536.457943 2541.131282 2537.741778 2524.828267 2518.350474 2518.561454 2523.077864 2522.439611 2528.864886 2537.409024 2551.432315 2549.419640 2542.884914 2521.032689 2483.225659 2450.840101 2433.799847 2442.169960 2434.965494 2426.959506 2424.403907 2411.248025 2401.656027 2402.301051
2439.895172 2455.945765 2473.744207 2491.486376 2484.917519 2475.391337 2461.001319 2459.727967 2466.001188 2476.900903 2495.686548 2516.162928 2538.127578 2541.073293 2538.689732 2548.286108 2542.587970 2532.997197 2525.767751 2543.654058 2554.998037 2565.872569 2573.870694 2587.429464 2599.208446 2586.336149 2572.104156 2564.450421 2571.256709 2594.814748 2615.333784 2620.299722 2620.112465 2620.452257 2607.460045 2601.887422 2597.326230 2595.303570 2590.979354 2587.559903 2609.125957 2627.545174 2625.569348 2602.203957 2577.942005 2539.205210 2500.502943 2471.898922 2478.408072 2474.125852 2474.598230 2461.489842 2447.159548 2435.073061 2428.025771
2507.393543 2532.714357 2551.436809 2573.126774 2568.686647 2549.098240 2537.263352 2541.614953 2555.663062 2564.222051 2582.229843 2602.679791 2631.092764 2647.313162 2662.249182 2668.338346 2660.030725 2651.655725 2639.756315 2642.815662 2664.904717 2679.439490 2690.169717 2700.783268 2714.534216 2718.026366 2713.761735 2713.244475 2717.747225 2729.028325 2741.499101 2748.282928 2751.923595 2753.295834 2743.409639 2731.835329 2730.272199 2723.632409 2719.803468 2717.576553 2724.485769 2739.999238 2735.790864 2701.835537 2673.113738 2636.049224 2597.105300 2565.751589 2553.881083 2566.526948 2560.223154 2542.179178 2527.002986 2496.407822 2485.344514
2593.402545 2628.180682 2654.614547 2669.380359 2680.489219 2670.815234 2671.275973 2676.415903 2685.385960 2690.274361 2698.183112 2731.040428 2763.690801 2790.655308 2814.611925 2823.165716 2812.000132 2802.661367 2790.327032 2782.047260 2791.436001 2809.112227 2827.875589 2844.523882 2857.141825 2860.966303 2860.394516 2861.370243 2864.790306 2868.092594 2872.122447 2879.877937 2887.585820 2791.910400 2800.331615 2792.437874 2880.130319 2869.467374 2858.171902 2854.980220 2854.182457 2854.524609 2853.550818 2838.550369 2798.801643 2766.640847 2735.101748 2710.647582 2692.702446 2685.157845 2662.939127 2638.068834 2587.642659 2548.470609 2514.402114
2699.472866 2743.603005 2772.597357 2793.674709 2808.642254 2809.128092 2812.342552 2815.119905 2820.808448 2825.410011 2830.869328 2856.781585 2794.579875 2831.826516 2862.035232 2863.168837 2850.929218 2839.882746 2830.259739 2817.256096 2813.495569 2824.242858 2837.963114 2856.579189 2867.307059 2874.661875 2872.207778 2872.519426 2873.948209 2876.038446 2878.028295 2881.030456 2889.680157 2902.813428 2916.072699 2915.936425 2899.867432 2882.524687 2866.174237 2862.106412 2858.505037 2853.432928 2855.143082 2856.802577 2844.395535 2816.606198 2883.835968 2841.080221 2818.801394 2799.363220 2785.634525 2769.309746 2732.477996 2667.688951 2629.681144
2828.482607 2861.892627 2788.737609 2817.777098 2833.567217 2837.448885 2835.684110 2835.370924 2842.227844 2845.989915 2852.994250 2869.122546 2897.143118 2929.819703 2958.068057 2973.880361 2967.441013 2951.415615 2931.031209 2922.872458 2920.538678 2923.549870 2931.972065 2943.052215 2961.038264 2979.075427 2978.396873 2979.217507 2982.990373 2978.895798 2980.220952 2980.302847 2982.536345 2989.668935 2998.514876 3001.600272 2995.001514 2982.332375 2960.224868 2947.940288 2940.805653 2937.114834 2937.158337 2941.048483 2943.129920 2929.693750 2897.799014 2856.286314 2825.734226 2808.718857 2796.067839 2891.221288 2877.102926 2846.384637 2823.973085
2836.001244 2850.330773 2876.399371 2903.961473 2926.630862 2941.628850 2943.069986 2946.804738 2951.398196 2959.399287 2974.388200 2989.372987 3006.327892 3026.680379 3051.152046 3065.942542 3071.247512 3070.233453 3067.139899 3068.530011 3068.810392 3018.533728 3023.672761 3028.777983 3042.472317 3055.329942 3059.831031 3060.342589 3058.361356 3059.872242 3060.485726 3060.462377 3060.101206 3061.623767 3065.690569 3067.244511 3065.322688 3054.848558 3067.939379 3049.089268 3036.277969 3028.423545 3020.488231 3012.288942 3003.016767 2993.532951 2981.702972 2952.682897 2919.266555 2896.456149 2887.748741 2882.589925 2875.133373 2869.904892 2854.010409
2933.275295 2943.899987 2960.956486 2982.452032 3006.824683 3028.327167 3039.151914 3047.978193 3052.519989 3065.680578 3080.997860 3068.583273 3075.259930 3082.169115 3089.033694 3091.390857 3092.065361 3091.753252 3089.431711 3088.808329 3086.661871 3082.820080 3072.734535 3074.302192 3076.093904 3078.665036 3082.312671 3081.134694 3082.175928 3085.107994 3083.445249 3077.621247 3073.732871 3072.165263 3072.975149 3080.274817 3083.624940 3084.519959 3081.962466 3081.123741 3080.322773 3077.589373 3074.176671 3069.365751 3063.211463 3074.153830 3063.021637 3036.973258 2999.774234 2968.205908 2958.833298 2958.858162 2959.167185 2957.421971 2951.946733
3043.765432 3056.569332 3070.481620 3054.717500 3072.610250 3081.798324 3086.094791 3089.634558 3092.246020 3094.657008 3091.576947 3088.442488 3083.664917 3082.231588 3080.925239 3078.531326 3079.178609 3077.296012 3073.325246 3069.509671 3062.131019 3050.931737 3039.763628 3036.577007 3040.974299 3046.373450 3051.225900 3055.230168 3058.799358 3059.173848 3053.991340 3045.828858 3038.502892 3036.772910 3043.473550 3049.120393 3055.177121 3055.975553 3054.597395 3052.288541 3052.206281 3049.233536 3049.540520 3056.357291 3070.489013 3074.207626 3078.949374 3078.272722 3064.894624 3040.729548 3045.996476 3026.500937 3031.835696 3027.468273 3016.411491
3083.415825 3085.644231 3084.335449 3083.015239 3076.833037 3070.925614 3070.202228 3074.177337 3081.142806 3082.308469 3075.370483 3067.014069 3060.004844 3052.926641 3050.742815 3050.008547 3049.675921 3050.089471 3044.883639 3036.200834 3019.993871 3008.550979 2997.536337 2991.631449 2988.517851 2992.482076 3003.185350 3014.416294 3019.289537 3010.922299 3002.875759 2991.549787 2983.554863 2983.940570 2985.374276 2994.634429 3010.371838 3016.839687 3017.559694 3011.552455 3005.730342 2999.321288 2996.567433 3003.014389 3017.989119 3033.954003 3048.699239 3057.370018 3064.841113 3071.641660 3071.798249 3074.001215 3075.213471 3073.501975 3075.124499
3077.334394 3070.565103 3063.814261 3058.701346 3052.313009 3046.988673 3045.285634 3047.418581 3049.756397 3046.037764 3039.709861 3029.923905 3019.173198 3009.689378 3002.732036 3003.775249 3006.141346 3007.643260 3000.818308 2986.081539 2975.381537 2962.106158 2948.359951 2944.456797 2938.955486 2932.494031 2942.696191 2961.411559 2968.343990 2953.227393 2942.773138 2928.035149 2921.269090 2917.623148 2918.661165 2927.700737 2949.176763 2971.540216 2973.313423 2962.823573 2952.429686 2947.667582 2944.618777 2949.717005 2966.608580 2979.735735 2994.996214 3004.883798 3010.132085 3017.847716 3027.106605 3040.446867 3054.513233 3066.241816 3072.087050
3052.954789 3045.312827 3037.794391 3030.367798 3023.629974 3017.701303 3013.605232 3011.753964 3008.435795 3002.609041 2995.915422 2984.706742 2972.609291 2960.227715 2945.956554 2942.383733 2938.357939 2939.759495 2928.575755 2920.052630 2903.278668 2888.136976 2873.424535 2861.169679 2855.492707 2849.140383 2849.371492 2863.402950 2871.976763 2861.313476 2851.498926 2840.232001 2835.237253 2831.930626 2834.215410 2844.551065 2864.815693 2883.120845 2890.956744 2883.375190 2880.740582 2879.115589 2877.517461 2883.379646 2895.033829 2913.103002 2934.623517 2952.303889 2961.799877 2968.792950 2978.098583 2985.044667 2998.716774 3012.608056 3029.962207
3022.951209 3013.990504 3004.374418 2995.034542 2984.975771 2982.207872 2976.036454 2978.333569 2972.284516 2966.585542 2946.539058 2894.887889 2875.924955 2857.686233 2842.125130 2836.040468 2828.256954 2815.045615 2806.509505 2801.590162 2801.112952 2787.644053 2874.286301 2856.186098 2850.196096 2845.520427 2830.072681 2827.795783 2828.678576 2840.746472 2834.239534 2831.739201 2832.844792 2831.254910 2834.314017 2848.768656 2859.396795 2868.041422 2876.350683 2880.927331 2891.867475 2787.396983 2794.535762 2810.792000 2822.020569 2837.571876 2857.762975 2881.534458 2895.900018 2905.102990 2915.378729 2930.367409 2946.397919 2963.747195 2985.774860
2989.271546 2981.270365 2967.280486 2953.363390 2941.000648 2928.690593 2914.101457 2915.916820 2913.637767 2904.288510 2854.932873 2814.994183 2891.194115 2870.953444 2844.872072 2829.123898 2811.597487 2775.016340 2757.081669 2753.724083 2764.619066 2758.839294 2744.726563 2731.775562 2722.006396 2712.712396 2695.835003 2679.595706 2684.822038 2701.096471 2700.354211 2702.358557 2709.512984 2709.377412 2704.734496 2705.818563 2719.982764 2727.764497 2740.049794 2757.277758 2763.239408 2776.965205 2809.799285 2824.841495 2842.146315 2863.553507 2886.774192 2798.243153 2818.809403 2832.150840 2846.722385 2864.119409 2880.444666 2900.502544 2922.949373
2947.431083 2918.033143 2897.906006 2881.245109 2863.905302 2839.443164 2819.813567 2817.988972 2812.065457 2787.322981 2837.460381 2797.661388 2771.613383 2747.295799 2721.355838 2696.427446 2658.195596 2622.974180 2600.496825 2612.117392 2621.329543 2629.100286 2616.692506 2604.886948 2594.584087 2577.302691 2560.468280 2545.133417 2555.095359 2563.498649 2579.262731 2585.294519 2589.516737 2595.008982 2594.486930 2586.619611 2585.699680 2595.146322 2606.345872 2619.083743 2639.402239 2675.876738 2702.157451 2721.782711 2744.319253 2766.025448 2790.073095 2813.878077 2839.047876 2859.025114 2880.391774 2789.824399 2809.441741 2828.618910 2851.615614
2872.302144 2844.823074 2819.046659 2797.508826 2874.843540 2827.931923 2809.707171 2797.498886 2775.289161 2728.618306 2686.038690 2656.911605 2638.823381 2613.242998 2589.543213 2559.543942 2525.857503 2502.005727 2480.805443 2489.341695 2498.008587 2514.964045 2504.920762 2496.457782 2492.127269 2476.580722 2462.804851 2446.693722 2453.129103 2464.479194 2486.076019 2491.663941 2495.904076 2505.071019 2504.895247 2501.695713 2487.568653 2495.779949 2507.410802 2522.803813 2553.495291 2576.798518 2600.545062 2623.333204 2644.502293 2670.031736 2695.081852 2720.539614 2749.531773 2772.034171 2793.861012 2816.608591 2839.444539 2858.774301 2879.860886
2872.005244 2845.156293 2822.083339 2795.380689 2753.727835 2707.289591 2663.719890 2637.731062 2587.460438 2550.766927 2524.760156 2518.103891 2502.821645 2480.750465 2459.613794 2438.040816 2414.299039 2393.846160 2368.568283 2372.972360 2387.336730 2403.080713 2402.056779 2401.430858 2399.220771 2389.157944 2375.460215 2361.694288 2365.256520 2381.716987 2399.379166 2408.818541 2416.481844 2424.546395 2424.873315 2416.674305 2407.729979 2413.381606 2429.056808 2446.382646 2465.586212 2487.158387 2509.071497 2530.404316 2553.841978 2577.312747 2601.750038 2628.440358 2659.071386 2682.687529 2708.930147 2736.190598 2756.821885 2770.024016 2782.923008
2756.658719 2734.502114 2708.804335 2679.169854 2633.997805 2592.150884 2549.839965 2503.344899 2468.536075 2437.111845 2426.071610 2408.917473 2393.521397 2377.224263 2356.116741 2338.545089 2322.317158 2300.522077 2287.968181 2294.311572 2307.279156 2315.953817 2321.369390 2318.824493 2316.135076 2309.850911 2295.884952 2289.983965 2299.480317 2314.654919 2328.674249 2339.948683 2346.983649 2352.638456 2350.045523 2341.563004 2338.260425 2346.831778 2362.647234 2376.698681 2392.417998 2413.542392 2434.817122 2457.021991 2480.227776 2503.045236 2528.485913 2554.725494 2581.483090 2609.594998 2634.081288 2657.640889 2670.003512 2682.901223 2687.856502
2618.285439 2603.875860 2576.796638 2547.224113 2516.445735 2481.025751 2453.970947 2421.006886 2389.954223 2360.028470 2333.785221 2319.587170 2311.814659 2297.943074 2280.035792 2268.025903 2251.948093 2239.630311 2243.727055 2245.142047 2253.767354 2252.514449 2253.183796 2250.464135 2249.610268 2246.723664 2239.293898 2249.728699 2256.484802 2270.173437 2280.398856 2290.091231 2296.124251 2300.021431 2301.047353 2296.515633 2302.011720 2308.634832 2322.728876 2334.165027 2348.173041 2368.334579 2385.312842 2404.507573 2427.342562 2450.718760 2475.208845 2501.471201 2529.962041 2555.531456 2574.942118 2583.527271 2594.886261 2599.746541 2592.672007
