tests/Borden05m/sims/sim_1/output-maps/psiliqL0007N0016.asc
ncols         160
nrows         34
xllcorner     620200.000000
yllcorner     5168000.000000
cellsize      0.500000
NODATA_value  -9999.0
[rows 0 to 24 of 34, columns 57 to 113 of 160]
-9999.0 -9999.0 -9999.0 -9999.0 -9999.0 -9999.0 -9999.0 -9999.0 -9999.0 -9999.0 -9999.0 -9999.0 -9999.0 -9999.0 -9999.0 -9999.0 -9999.0 -9999.0 -9999.0 -9999.0 -9999.0 -9999.0 -9999.0 -9999.0 -9999.0 -9999.0 -9999.0 -9999.0 -9999.0 -9999.0 -9999.0 -9999.0 -9999.0 -9999.0 -9999.0 -9999.0 -9999.0 -9999.0 -9999.0 -9999.0 -9999.0 -9999.0 -9999.0 -9999.0 -9999.0 -9999.0 -9999.0 -9999.0 -9999.0 -9999.0 -9999.0 -9999.0 -9999.0 -9999.0 -9999.0 -9999.0 -9999.0
-9999.0 -9999.0 -391.656753 -397.355328 -402.972619 -408.267809 -417.685926 -427.198725 -436.174144 -440.324633 -441.354891 -442.341572 -442.816486 -437.498315 -429.556013 -421.911874 -414.618818 -412.264002 -409.834286 -407.471922 -406.944040 -408.314049 -411.660169 -415.039143 -418.543799 -420.048197 -428.633565 -440.330953 -449.516725 -452.352783 -447.761018 -443.142855 -440.536451 -434.205816 -423.034183 -411.816573 -402.973967 -391.000760 -385.422287 -380.090169 -376.650334 -380.617017 -384.099202 -387.666599 -392.193342 -403.260407 -9999.0 -9999.0 -9999.0 -9999.0 -9999.0 -9999.0 -9999.0 -9999.0 -9999.0 -9999.0 -9999.0
-409.903184 -406.630747 -417.512392 -422.440422 -425.954879 -428.392613 -433.850191 -442.953019 -448.622932 -454.313905 -456.073554 -456.223047 -456.271313 -452.075752 -442.238894 -434.214804 -429.403937 -427.017363 -424.585063 -424.369842 -424.874571 -425.330153 -428.320798 -431.833827 -435.329908 -437.182152 -437.317223 -445.070658 -450.439949 -453.707899 -454.775265 -452.307849 -449.977023 -447.021308 -437.122594 -428.547848 -419.954527 -405.598814 -393.083334 -387.702814 -389.971410 -394.969076 -398.562286 -404.778744 -414.437680 -424.939623 -435.663060 -442.952964 -448.274534 -453.289144 -447.003283 -440.515505 -429.902487 -419.332220 -407.020996 -394.643547 -9999.0
-426.412266 -423.645569 -434.828529 -443.599571 -448.015251 -448.206901 -446.353379 -450.369021 -455.298449 -459.323491 -451.763981 -450.621472 -449.515073 -446.365449 -442.875640 -440.869476 -438.088607 -432.752549 -423.719912 -421.104434 -420.630582 -420.553118 -422.442072 -425.635593 -427.481430 -430.338323 -435.633131 -436.491899 -435.976991 -435.788757 -430.355148 -428.832874 -427.630315 -434.887823 -431.554649 -425.079436 -417.947007 -410.534767 -403.151306 -398.065328 -401.061275 -402.376269 -410.666486 -424.513582 -436.145254 -444.964804 -447.676617 -450.740748 -458.301682 -470.255522 -463.273089 -447.493218 -442.614379 -438.610428 -426.327608 -413.784243 -403.425077
-442.322584 -439.457617 -444.836348 -444.254721 -443.085090 -441.801966 -443.651989 -446.840187 -448.108157 -434.864570 -425.150096 -423.472979 -420.577999 -417.312090 -418.942447 -431.793125 -434.647437 -425.854576 -415.076733 -408.955922 -408.808667 -408.835405 -410.202731 -411.295865 -411.932243 -414.506956 -413.224564 -410.388136 -409.239596 -403.710454 -397.831925 -395.095540 -404.307152 -413.949833 -413.672800 -405.923585 -397.837895 -390.138038 -378.587816 -366.314855 -367.685552 -373.721114 -382.952915 -397.151682 -421.167255 -441.550651 -452.062282 -458.437743 -465.235029 -466.206155 -468.050824 -457.496226 -455.510760 -453.675813 -444.721214 -434.155162 -423.871202
-428.419074 -419.933495 -426.403629 -432.704747 -436.762639 -436.431893 -436.185894 -432.368633 -418.354007 -403.706734 -387.557141 -384.588568 -381.826418 -382.078030 -392.523173 -403.445485 -408.228354 -392.490148 -376.138204 -367.331571 -365.973970 -364.681354 -355.633911 -357.962619 -361.181071 -367.187757 -364.382704 -360.579972 -347.771900 -339.644043 -332.606088 -334.643967 -347.064777 -358.639207 -361.125996 -359.656003 -358.040721 -351.993989 -340.718380 -329.619968 -334.673955 -343.195793 -355.139701 -386.113910 -415.943956 -433.953528 -433.252563 -432.797844 -437.400294 -440.610759 -444.532808 -452.460919 -452.827575 -453.272573 -453.669499 -441.437105 -429.059804
-379.701771 -362.586402 -368.808944 -378.115801 -390.090450 -389.877327 -385.890824 -376.799243 -362.095892 -341.232365 -314.381714 -308.819060 -303.516716 -298.442039 -309.893967 -323.205537 -336.165748 -320.051512 -309.175256 -298.368360 -293.088970 -278.982319 -266.857994 -272.301601 -282.253490 -292.282061 -284.743153 -267.984475 -250.290084 -242.517876 -238.444511 -237.630639 -248.624681 -255.323589 -259.734311 -260.827584 -266.089300 -263.485531 -250.405088 -232.680461 -232.921421 -247.710533 -275.533212 -316.379135 -355.892579 -381.415437 -378.535010 -385.602388 -392.158379 -397.322892 -412.461979 -424.861669 -425.596866 -435.518924 -442.085423 -430.613406 -424.511834
-325.883622 -305.454241 -308.334566 -320.564780 -333.447376 -332.910105 -323.270336 -312.360992 -290.186094 -260.102176 -228.000211 -209.971407 -198.571438 -187.143245 -194.868835 -206.238563 -217.518143 -211.438483 -195.466352 -179.036452 -162.994396 -145.903116 -130.579429 -137.127710 -148.237332 -151.117795 -145.180003 -124.287107 -105.838722 -98.505034 -94.896306 -89.697892 -96.430532 -106.004588 -117.180120 -128.161453 -138.161117 -144.303312 -126.833014 -110.057182 -113.578629 -143.962277 -176.779752 -220.596337 -266.432214 -308.028392 -317.539900 -320.473976 -324.225660 -342.496890 -360.658696 -382.355386 -395.371418 -405.556207 -421.892370 -417.795856 -411.939097
-204.862882 -178.797507 -170.838122 -186.334024 -191.035681 -184.275391 -169.791248 -160.764409 -141.971466 -105.888696 -63.897552 -33.888404 -9.460452 -4.284426 -13.153659 -22.915277 -37.583982 -43.533130 -28.983885 -15.546543 -2.946012 9.008338 20.759014 27.743055 26.585478 26.544721 29.404761 34.088399 40.906948 47.645536 53.922876 60.489213 61.107274 52.085356 43.349569 33.038866 23.720506 20.452606 19.410734 26.154377 24.512662 3.189168 -25.346020 -60.097048 -103.546670 -145.101504 -175.469631 -179.310068 -199.443719 -223.883674 -253.704228 -298.212772 -322.814913 -343.389097 -376.846376 -383.153766 -372.025506
-59.257369 -39.065932 -21.657953 -21.482983 -18.063566 -13.869073 -6.800806 -0.726652 7.976362 40.167663 75.494288 107.080339 132.433238 142.132653 133.297170 123.882215 112.773010 103.369232 104.576566 117.411755 132.970973 148.018503 158.135618 161.714103 160.289008 160.481591 161.855623 164.925600 167.301029 171.946631 178.510310 188.625154 200.531563 196.909044 180.642128 167.159759 151.252261 143.585038 140.272415 135.633010 134.811911 131.709206 106.243422 79.527756 47.606954 14.548610 -10.052073 -31.424092 -54.628143 -81.143194 -133.369245 -185.593106 -230.272459 -267.537700 -303.662063 -313.272091 -286.840240
68.243571 94.479277 110.272651 115.940077 119.078025 123.397251 130.871980 137.402608 146.129131 165.606688 200.133371 236.675771 267.957604 274.948795 267.526631 258.346881 246.755282 238.304661 236.583880 242.237219 250.861707 264.064497 275.038820 285.642490 285.896999 286.208306 285.880224 287.700626 289.313042 290.252946 295.688562 305.591488 314.879238 316.672671 306.129362 289.507718 270.422520 257.805492 248.190020 241.134942 239.803553 239.799343 236.739746 215.248921 182.190027 139.793167 109.958495 86.530157 71.757172 55.218482 35.699990 -7.411623 -33.893606 -70.051818 -113.092461 -148.970801 -119.135279
177.785561 206.730594 226.754749 237.431754 240.720687 246.976895 256.851874 265.434155 277.436612 293.415234 313.346990 341.270338 372.781871 392.019807 387.461122 379.943563 361.734992 359.083505 363.237362 365.457603 370.497650 375.681332 388.320609 401.690902 406.451929 407.005407 404.620179 406.458616 407.232110 407.268740 407.321429 410.019277 415.483916 417.446137 414.011024 400.302460 379.976356 357.023397 344.040525 337.765531 333.900690 333.149975 330.907324 320.476885 294.523906 258.086341 222.585225 196.943563 178.340705 164.109655 153.388771 141.184514 125.273618 97.903735 58.005560 21.458786 9.147962
279.183770 303.029978 328.263852 346.109753 353.584384 366.034554 376.106617 388.086548 403.510381 419.490740 430.944073 445.461585 465.737515 476.605394 481.845979 483.534069 482.841788 484.911807 485.982547 478.698340 479.934759 480.964780 482.742738 486.712296 487.478940 487.373667 486.983153 487.644598 487.806078 488.217556 487.960543 486.702947 487.299331 487.410012 486.897658 483.010021 477.308885 459.938494 447.669255 440.191908 432.815486 424.348550 415.097534 405.471313 389.612941 358.567318 323.543819 292.049286 275.458628 266.402677 259.548561 253.650511 238.963565 217.883966 190.339229 155.136719 118.802060
384.797927 399.895601 426.038646 442.822101 451.819388 463.186304 469.833063 481.108335 492.282373 492.611119 493.790363 495.112194 496.792102 497.415993 497.796336 497.733955 495.535429 495.147877 493.540969 487.587587 478.399315 479.420266 480.339174 482.362343 485.229334 482.893662 483.984821 486.445343 485.901318 481.158027 478.093460 476.555970 476.691871 483.409633 486.173113 486.643390 486.408610 485.258213 484.601727 484.056819 483.638955 483.140103 482.586670 479.985331 470.551650 448.479660 418.879464 386.066144 362.642862 352.320437 351.462664 346.857099 338.836432 317.132486 289.379233 254.884157 218.186663
483.825787 489.775547 493.612507 495.568463 496.389038 499.013616 501.657947 501.639810 498.255068 494.573617 489.440591 487.756285 485.416743 482.978019 484.585896 482.933731 479.041990 475.283503 468.308494 455.342690 443.082924 440.399076 444.580926 448.621063 451.312450 450.488886 455.434873 455.015805 453.961788 447.631848 441.367862 439.430349 445.516366 450.794750 455.224440 455.736352 454.343348 452.687523 453.250833 451.763450 453.264086 460.666656 474.978816 483.108511 484.032401 483.628803 481.215347 476.367248 457.550146 437.583237 439.182470 433.998332 420.591708 393.387660 367.332642 337.715116 307.800186
491.795978 489.266143 483.563063 478.102367 477.403293 480.971355 486.935735 488.598550 481.060851 472.962754 464.116718 455.556456 448.877967 446.805000 449.794645 450.574211 445.166057 437.172597 419.690441 401.475670 387.152791 379.685357 377.915189 382.860256 390.791113 397.378165 401.977196 396.291313 390.856658 381.861606 374.432514 374.725414 377.545190 385.948905 397.897502 400.792927 401.502342 397.545326 394.737096 390.406815 390.852893 401.445339 422.872070 439.363691 452.660316 461.204070 469.856201 476.320773 482.257749 482.315191 482.422125 482.027740 477.828345 462.233860 442.213058 419.238126 390.048199
468.893785 462.464775 454.943546 448.724017 446.696298 448.340132 448.592935 447.453571 437.873254 428.627889 411.755370 398.362243 389.909771 389.583722 392.450560 393.079753 386.811342 372.186470 353.361127 336.808221 321.066553 315.975866 311.054253 308.103677 318.076051 332.777457 338.105172 326.277677 317.770609 305.014595 297.875975 295.486979 297.271692 306.423392 324.145243 340.483904 341.369200 332.970385 325.102144 321.569391 321.140648 331.084947 353.225474 374.397533 390.038769 402.258680 414.431440 425.116826 435.292220 446.735168 459.715124 471.468053 482.136182 483.526350 482.826231 480.278488 463.404793
432.127359 419.962651 410.756717 403.618623 398.704125 395.578376 392.160622 386.441220 378.378210 366.733955 352.105629 338.672261 324.413283 320.609227 318.479556 320.160806 308.979603 297.230538 277.132143 260.697998 244.586659 235.270143 229.265437 223.680071 230.076828 245.630810 254.535196 239.984349 230.169005 217.270287 210.987609 207.951238 209.311681 218.705950 240.870906 258.906810 264.997396 257.325560 251.301139 248.981564 249.352056 256.214938 273.696481 295.194052 316.274104 332.765544 345.061707 355.091368 366.671380 382.252185 398.866901 418.596642 437.263179 456.581692 471.635877 480.766332 485.845574
383.108011 371.237019 359.504974 348.345604 341.892774 341.887290 334.634434 328.032266 316.101250 274.591017 257.730582 240.130467 225.329140 220.015382 213.047077 208.409078 198.928268 191.341787 180.663953 164.844192 148.062601 133.177150 128.114791 123.768660 118.347652 126.485501 130.407226 129.505253 122.454514 115.631102 112.314653 109.940557 113.463963 126.199480 138.424577 149.561318 155.127086 151.387340 157.060471 163.065375 165.061235 180.573026 195.203136 213.600174 235.367901 258.348975 271.636482 282.093976 294.031960 310.724450 329.456851 349.945747 374.542554 401.230339 422.738370 435.783957 448.315455
330.484108 315.940564 302.998346 290.426105 278.430833 278.542139 274.437073 267.279201 233.226551 192.253345 161.966298 144.416989 124.042730 114.002816 104.884016 83.254533 70.021194 62.048281 63.396912 51.944806 34.792001 20.094639 12.316398 6.380255 -4.743725 -9.885850 -5.848925 3.826705 -1.942916 -4.911111 -2.070988 -4.082504 -6.284644 1.543144 15.819153 24.491284 33.650331 42.896178 48.014740 55.595431 79.378869 93.834664 108.810202 128.853959 150.583215 173.096336 192.244397 205.218372 219.683762 238.856958 256.509511 278.712179 303.835797 333.770438 355.655172 371.882652 385.467703
259.719584 244.129984 228.307739 210.985164 190.871637 188.353624 181.145993 166.958188 125.935062 86.747447 56.051011 34.182210 9.837963 -7.525773 -32.100366 -64.860005 -86.826489 -85.883840 -79.948519 -84.344981 -102.468138 -120.015441 -134.066506 -149.827087 -168.295089 -179.966056 -171.007769 -160.582262 -155.714630 -153.282039 -149.212223 -147.897476 -148.940432 -150.234351 -138.188249 -126.115657 -112.666219 -100.033462 -86.385483 -54.886893 -26.366586 -6.555005 15.639681 37.242624 61.152903 85.757771 106.739833 122.356782 140.695821 160.020539 180.818099 202.436625 228.392867 258.548989 283.181134 299.487658 314.840559
183.623520 162.988591 140.344618 106.652495 92.242865 83.257398 73.410463 41.901353 0.356545 -39.251889 -70.499653 -101.318432 -133.230079 -166.651132 -204.322640 -238.794298 -262.020522 -256.240963 -249.368945 -241.042027 -256.451653 -271.637971 -280.726637 -297.129278 -312.899044 -327.489690 -318.770740 -308.775096 -293.212024 -289.623280 -286.298545 -280.147792 -281.587202 -283.269089 -288.409691 -277.803370 -266.087875 -250.824834 -220.614163 -188.670762 -156.520551 -128.080471 -99.812203 -69.717322 -38.765061 -9.095786 18.810999 39.765636 60.038486 82.164087 102.796436 122.418122 145.021339 171.991343 195.658992 215.077395 235.888004
91.573190 68.852145 36.148471 -6.613775 -39.297680 -53.865462 -90.066276 -130.329956 -181.262063 -213.028304 -240.168530 -269.610561 -296.181313 -321.159373 -351.072796 -376.794360 -401.136017 -397.304226 -385.127744 -371.566364 -380.229481 -385.809274 -389.784607 -402.138937 -416.292085 -430.131653 -426.290912 -411.422058 -394.592765 -388.113939 -381.905286 -374.427403 -374.414008 -380.610958 -388.821367 -382.816475 -369.057802 -352.475315 -328.975817 -303.816290 -278.470228 -254.127601 -226.105212 -194.979084 -161.680353 -125.398634 -88.718696 -60.949475 -30.375101 -0.660348 22.426894 37.406878 54.760123 81.115217 100.990008 123.003809 145.419358
-11.024758 -39.875826 -86.220148 -140.074746 -194.557154 -237.650011 -276.226973 -313.004545 -338.297114 -360.900166 -382.074378 -402.658534 -424.490743 -445.308553 -465.817566 -488.081460 -508.537835 -503.320754 -489.662891 -476.664453 -475.168447 -478.331245 -481.519859 -489.733439 -503.374501 -515.680481 -507.679937 -492.072231 -476.613214 -466.971555 -460.379386 -454.009038 -456.815925 -465.026591 -472.394887 -464.659486 -449.336835 -434.047806 -415.637781 -393.482996 -370.971245 -348.216022 -323.823947 -298.400178 -269.339978 -237.759735 -204.034502 -169.705282 -135.600940 -102.477338 -82.650641 -64.177563 -48.342852 -25.000065 -1.948940 21.793471 47.052709
-157.121999 -193.722291 -237.510514 -285.963365 -323.695054 -358.781693 -391.673366 -423.622259 -449.224104 -468.080365 -479.023292 -494.275011 -514.044179 -528.058733 -545.181841 -565.287620 -567.437761 -563.328408 -550.341192 -547.458844 -546.713453 -549.736734 -550.887345 -555.995996 -568.424110 -563.309350 -555.293693 -540.018675 -528.862921 -519.562465 -513.210231 -508.973654 -509.787432 -517.361557 -515.086844 -507.761529 -493.019314 -481.084697 -465.497286 -444.341756 -426.550854 -406.540679 -383.931849 -360.283075 -334.850225 -307.285783 -276.742817 -247.476016 -221.389331 -205.040347 -187.790032 -174.797685 -173.775663 -150.737068 -126.270762 -100.978692 -68.685899
