tests/Borden05m/sims/sim_1/output-maps/psiliqL0028N0003.asc
ncols         160
nrows         34
xllcorner     620200.000000
yllcorner     5168000.000000
cellsize      0.500000
NODATA_value  -9999.0
[rows 0 to 24 of 34, columns 55 to 109 of 160]
-9999.0 -9999.0 -9999.0 -9999.0 -9999.0 -9999.0 -9999.0 -9999.0 -9999.0 -9999.0 -9999.0 -9999.0 -9999.0 -9999.0 -9999.0 -9999.0 -9999.0 -9999.0 -9999.0 -9999.0 -9999.0 -9999.0 -9999.0 -9999.0 -9999.0 -9999.0 -9999.0 -9999.0 -9999.0 -9999.0 -9999.0 -9999.0 -9999.0 -9999.0 -9999.0 -9999.0 -9999.0 -9999.0 -9999.0 -9999.0 -9999.0 -9999.0 -9999.0 -9999.0 -9999.0 -9999.0 -9999.0 -9999.0 -9999.0 -9999.0 -9999.0 -9999.0 -9999.0 -9999.0 -9999.0
-9999.0 -9999.0 -9999.0 -9999.0 3797.616393 3792.342748 3787.643272 3783.186288 3774.726507 3765.396967 3757.615528 3753.392013 3752.177811 3751.313334 3750.620257 3755.389035 3763.408347 3770.968997 3777.752033 3780.118712 3782.403871 3784.152166 3784.300678 3783.131984 3779.849335 3776.450277 3773.022502 3771.258948 3763.994253 3752.890513 3744.646740 3741.958191 3746.085385 3750.396255 3752.841632 3757.901766 3768.214770 3778.766314 3787.340698 3799.997629 3807.187020 3812.555403 3815.072191 3811.091611 3807.856359 3803.852298 3797.544416 3786.435297 -9999.0 -9999.0 -9999.0 -9999.0 -9999.0 -9999.0 -9999.0
3742.560019 3760.886242 3781.985024 3785.056458 3773.250603 3768.127851 3764.992726 3763.366369 3759.198131 3750.711771 3745.592171 3740.067632 3737.259385 3737.209127 3737.006263 3740.536930 3751.324314 3759.021958 3763.481701 3766.072419 3768.892127 3767.057714 3766.177051 3765.905903 3762.945453 3759.395720 3755.963341 3754.055820 3755.640915 3748.021522 3741.925097 3737.935394 3734.762379 3737.526003 3740.255051 3745.015825 3754.116503 3761.965333 3769.896846 3785.200887 3798.497264 3804.260509 3801.711752 3797.191116 3793.377276 3785.855683 3774.994167 3765.065355 3757.239881 3751.305738 3746.001191 3739.499386 3746.018846 3754.126760 3763.394886
3725.735543 3744.874104 3765.328363 3767.809291 3757.584489 3749.912972 3742.753403 3743.283558 3746.888647 3743.661653 3738.769301 3730.488368 3740.689066 3741.574722 3742.126173 3745.208682 3746.806407 3752.153968 3754.434237 3759.680658 3768.571315 3771.316321 3771.658207 3771.611030 3769.527670 3766.177938 3764.118953 3761.248976 3755.900825 3753.947903 3753.460035 3751.983772 3755.911480 3757.424850 3760.513343 3755.205075 3759.760657 3766.018130 3773.005018 3778.364688 3784.426073 3786.731734 3783.447373 3784.285033 3775.976680 3762.387249 3752.773328 3745.522519 3746.148003 3743.293362 3735.416320 3721.597471 3730.159787 3746.429159 3751.307416
3730.160991 3738.986907 3749.298829 3751.668299 3746.579591 3748.878525 3750.635559 3751.732039 3749.764278 3746.073407 3741.248494 3751.262685 3759.306324 3760.538179 3762.795214 3766.694766 3767.681406 3756.897691 3754.840565 3761.861945 3771.319239 3776.281116 3776.368836 3775.869981 3771.848241 3770.583544 3770.328387 3768.524231 3767.745531 3769.108901 3766.251757 3768.894873 3774.312593 3777.679770 3772.863571 3764.566718 3767.037010 3775.604897 3784.886217 3792.518618 3802.609672 3813.301546 3813.799134 3809.476793 3801.075829 3788.836064 3766.577779 3749.431715 3738.502328 3730.430666 3723.216498 3726.738524 3721.849971 3736.150801 3738.041212
3714.211502 3735.439584 3755.244415 3760.720924 3754.651132 3751.071991 3750.014290 3750.560869 3749.341408 3749.323044 3757.373496 3768.773352 3779.386811 3781.178178 3782.792649 3781.294099 3773.947583 3763.558786 3760.993888 3773.932951 3790.665470 3798.385345 3797.641986 3792.670465 3795.110774 3795.430600 3796.257805 3793.117991 3793.597304 3790.536188 3795.218540 3802.893692 3810.990234 3809.695594 3797.239348 3784.755948 3784.922220 3790.814466 3798.351937 3806.148394 3816.281810 3825.300487 3820.546297 3815.721764 3808.787783 3783.667865 3761.770880 3747.916375 3748.318926 3749.232374 3744.941029 3743.173078 3742.726374 3739.169674 3739.584337
3749.327241 3768.186212 3788.400934 3800.862816 3794.594843 3787.192441 3779.000294 3779.089506 3779.020757 3784.446377 3794.342491 3806.282759 3827.577072 3826.461569 3826.427496 3824.420804 3811.205425 3797.812869 3788.006207 3810.726718 3821.867955 3828.752137 3825.451568 3829.772992 3838.190166 3834.758957 3828.732921 3816.375206 3821.859056 3827.482927 3842.642388 3850.769227 3856.283079 3851.173733 3836.829302 3829.895938 3831.899930 3839.048331 3840.811743 3850.120691 3858.639735 3873.529242 3872.055884 3869.627196 3850.130250 3813.074226 3784.532053 3773.145765 3785.444292 3779.980388 3773.647198 3774.133541 3763.573170 3757.009031 3760.014672
3779.462574 3792.243611 3808.179819 3824.466272 3814.962697 3804.893442 3787.899191 3784.358317 3788.005193 3798.193593 3815.486181 3832.718159 3852.060301 3849.278886 3841.213870 3850.887104 3843.824613 3832.746210 3825.343194 3848.390684 3858.191030 3868.196149 3873.305555 3885.959001 3896.238099 3878.639300 3860.779809 3849.552476 3856.876730 3883.428674 3906.686147 3911.467572 3910.201689 3909.107700 3892.794095 3888.221422 3885.315364 3886.511120 3884.363485 3882.815680 3909.261150 3931.575341 3931.527774 3910.172843 3887.524930 3847.260612 3809.355254 3786.111827 3801.094615 3797.553153 3801.446441 3792.032412 3780.834735 3775.079982 3773.646326
3826.638025 3847.213812 3863.089205 3885.185780 3874.636961 3850.647386 3833.425816 3835.742193 3849.505808 3857.805263 3876.870268 3893.012280 3918.067215 3928.883665 3939.008803 3942.979342 3936.161485 3927.695589 3915.864327 3922.282707 3947.325294 3958.968532 3966.987517 3975.066682 3987.792949 3987.380413 3979.788184 3977.745987 3982.327675 3996.863894 4012.244078 4019.036822 4021.752195 4023.914924 4009.171047 3995.808555 3994.463358 3989.487617 3989.077514 3988.531256 4001.350797 4023.348759 4019.865840 3981.535246 3954.525923 3918.767443 3879.910328 3850.630681 3846.031308 3866.928153 3865.990701 3849.926479 3840.690471 3815.959669 3812.469522
3893.988281 3926.811909 3950.913467 3960.675912 3967.374880 3951.164457 3948.625939 3952.953658 3961.651695 3964.628522 3970.991567 4003.584372 4037.433695 4061.975113 4084.692529 4091.753459 4079.163421 4069.399297 4055.627390 4046.939842 4059.153517 4076.977291 4094.898269 4109.780178 4121.182557 4123.032504 4121.395669 4121.428688 4124.750342 4127.783952 4132.351392 4141.265361 4149.021742 4157.495807 4165.057978 4153.834366 4136.742187 4127.920430 4119.607872 4119.444695 4121.240743 4125.928284 4127.093687 4108.706570 4064.674201 4032.239932 3999.776041 3981.360057 3969.096733 3970.792569 3952.516364 3927.579536 3874.955462 3837.790830 3806.790710
3978.335147 4023.480303 4052.892821 4069.239202 4081.783339 4077.987084 4079.912915 4080.829540 4084.364280 4086.403436 4088.537758 4116.308865 4158.994873 4199.141208 4230.950966 4230.231795 4215.756917 4204.266479 4195.382095 4180.333459 4176.313060 4189.890672 4206.177206 4227.343952 4237.675667 4243.183820 4239.417067 4239.614131 4241.689167 4244.118890 4246.353797 4250.336507 4260.534971 4276.295268 4291.467298 4290.244162 4270.164144 4251.924558 4236.037189 4234.328058 4232.429557 4227.555335 4230.209713 4232.187881 4214.566544 4181.818102 4140.851097 4100.376146 4084.965928 4070.520730 4059.673177 4042.212810 3998.665858 3928.869182 3887.521963
4094.365702 4130.221294 4159.630812 4190.286171 4204.728868 4206.170470 4203.236545 4201.644533 4208.771585 4210.999245 4215.984968 4232.756853 4266.842897 4303.952318 4334.546066 4349.795984 4341.258118 4322.215921 4298.970996 4288.226933 4284.994761 4288.970767 4299.143319 4313.066855 4333.526329 4353.793070 4359.688704 4360.612241 4357.874515 4360.396788 4362.074653 4362.215217 4365.547059 4374.876589 4385.391868 4388.946818 4380.496293 4358.253418 4333.903716 4322.989550 4316.795401 4313.502804 4315.008701 4320.838357 4324.658352 4309.000882 4271.595681 4225.310537 4195.525171 4181.259244 4168.693946 4154.162655 4141.062789 4105.123701 4083.124412
4205.044200 4220.934473 4250.149079 4279.786608 4302.434386 4317.018032 4316.839146 4319.484287 4324.382217 4331.353981 4346.508736 4370.984277 4391.350250 4415.466931 4443.465646 4460.697761 4465.927746 4463.834593 4459.136632 4460.209024 4460.612638 4388.930862 4395.990397 4403.039599 4422.541676 4439.744996 4446.042122 4446.769631 4443.867017 4445.889722 4446.762811 4446.601099 4446.221426 4449.106163 4454.898074 4457.111723 4454.375099 4440.269359 4462.122855 4441.260179 4427.330998 4418.866760 4410.402572 4402.106399 4392.567438 4382.443376 4361.247216 4329.083192 4294.004633 4273.306490 4265.802396 4259.488240 4250.299430 4244.227372 4226.440725
4304.613815 4315.247607 4334.291764 4357.915921 4393.698556 4418.390771 4430.181038 4439.812967 4444.565120 4459.042848 4476.617846 4458.017029 4467.525301 4477.364608 4487.140992 4490.498287 4491.459557 4491.016003 4488.571979 4487.685304 4485.070470 4481.852326 4471.120024 4472.759026 4474.818672 4477.474920 4481.269931 4480.215360 4481.375183 4484.345929 4482.515774 4476.315843 4472.105048 4470.525084 4471.656931 4479.189781 4482.777849 4483.781238 4479.833897 4478.830924 4477.690862 4473.798773 4468.939577 4462.089543 4453.326998 4470.912710 4458.243212 4428.807589 4386.477148 4343.396550 4336.829669 4339.723295 4339.280541 4337.830086 4332.081874
4434.927121 4449.223402 4464.632203 4437.810230 4463.377892 4476.462421 4482.580517 4487.112699 4490.060254 4493.706868 4490.746326 4487.827483 4482.865103 4481.206619 4479.822522 4477.352285 4477.970588 4476.080415 4471.950320 4467.752756 4459.379599 4447.554573 4436.371881 4432.543034 4436.783208 4442.564384 4447.935841 4452.705702 4456.541899 4456.290301 4450.614297 4441.992100 4434.281323 4432.673736 4439.683710 4445.502551 4452.367679 4453.300735 4451.897372 4449.274580 4448.910902 4445.423330 4445.563428 4452.832888 4468.047569 4470.078315 4476.832785 4475.870886 4456.818725 4422.319266 4438.291335 4418.046597 4424.567333 4419.837108 4408.312279
4481.673650 4484.844849 4482.978751 4482.038714 4475.520047 4469.363506 4468.550689 4472.606280 4479.720905 4480.718099 4473.593483 4464.868431 4457.493964 4449.830277 4447.380881 4446.949340 4446.763100 4447.338383 4441.993408 4432.247391 4414.717085 4403.056222 4391.963066 4386.004231 4381.746356 4384.849157 4396.484221 4409.337002 4414.500854 4404.548882 4395.795656 4383.627325 4375.502710 4375.996193 4376.751477 4386.434331 4404.073346 4412.374872 4413.215690 4406.405713 4399.430744 4392.582514 4389.277075 4395.685834 4411.219836 4428.519607 4444.759299 4454.251929 4462.159342 4469.510347 4466.690692 4469.827852 4471.554078 4469.116882 4473.126119
4476.378099 4469.252489 4462.128299 4456.718281 4450.256242 4444.996137 4443.091709 4444.814310 4446.498636 4442.162558 4435.781688 4425.727028 4414.559888 4404.760155 4396.729800 4397.768617 4400.147986 4401.953734 4394.385644 4378.679626 4360.612008 4347.006763 4333.052531 4329.086005 4322.908046 4314.408033 4324.448719 4344.877736 4352.564769 4335.799744 4324.621315 4309.116797 4302.679217 4298.451538 4299.067657 4307.934072 4331.178662 4356.538644 4358.874441 4347.622932 4336.430036 4331.756247 4328.450645 4332.749524 4349.337666 4370.582630 4387.176200 4397.964293 4403.336715 4411.154293 4420.627546 4435.504073 4450.842828 4463.619842 4467.496604
4450.814418 4443.008084 4435.293989 4427.592704 4420.651808 4414.383328 4410.020807 4408.038009 4403.738059 4397.524498 4390.402631 4368.168185 4355.539833 4342.279519 4326.950245 4322.869270 4317.581791 4318.474961 4306.807459 4299.265069 4283.160659 4267.752035 4252.063496 4238.000614 4232.260821 4225.341578 4222.304744 4235.363089 4243.680318 4235.014733 4225.437160 4215.260633 4211.107504 4207.735443 4210.373333 4220.909247 4239.960205 4258.302167 4267.151725 4260.005501 4259.666014 4260.315421 4258.754189 4265.346304 4275.494913 4293.222359 4316.168661 4335.987178 4346.151327 4352.964732 4362.107294 4376.690707 4391.008034 4405.616403 4424.012271
4420.110377 4410.699738 4400.681138 4390.828010 4380.220990 4369.555721 4362.874527 4365.760521 4359.762783 4354.195046 4329.696839 4272.397345 4250.454449 4231.147888 4214.569777 4207.510330 4198.742103 4180.656830 4172.029535 4167.964512 4172.138246 4158.457751 4140.900326 4122.823241 4117.981643 4114.577850 4095.273505 4088.522272 4088.468258 4107.569590 4101.818996 4101.627596 4104.498671 4102.168665 4103.049736 4115.656823 4122.464776 4126.906815 4133.898677 4140.262486 4151.833923 4160.503936 4172.344128 4189.967847 4200.419517 4215.370709 4235.607950 4261.889628 4278.006054 4287.610575 4297.972440 4313.292029 4329.469968 4347.411328 4369.969948
4385.152754 4367.957544 4353.091891 4338.621837 4325.807394 4312.822488 4296.301633 4298.320002 4296.377345 4285.590106 4227.476510 4186.930319 4152.627277 4135.558482 4111.460186 4097.324043 4079.650992 4038.352042 4020.140881 4020.984748 4038.185846 4036.142199 4021.257889 4009.898505 4000.196450 3990.206965 3971.349395 3950.238896 3956.666337 3976.690535 3978.974699 3983.570504 3992.402508 3992.220254 3984.737623 3980.069413 3991.579184 3996.464064 4008.061334 4027.316326 4032.473517 4050.793889 4086.467591 4099.197087 4114.255071 4132.275116 4152.373525 4174.345877 4197.475403 4211.725251 4227.037957 4245.400659 4262.034900 4282.254436 4304.673940
4333.268218 4301.385814 4279.865137 4262.251496 4242.649698 4214.212961 4194.218717 4191.918366 4185.849476 4154.394923 4100.544537 4065.956869 4044.006918 4022.275502 3999.507022 3974.534614 3934.698364 3899.175703 3877.001131 3895.336658 3907.652258 3921.983381 3911.278490 3901.056095 3891.659488 3872.626112 3855.460178 3837.868034 3849.546378 3858.280232 3879.976354 3887.757272 3891.791259 3898.547170 3897.026058 3884.653971 3876.949396 3884.795505 3894.529768 3906.882013 3930.428737 3967.463137 3992.266950 4010.699786 4031.035272 4049.224955 4070.081029 4092.630749 4115.496854 4132.486716 4150.549227 4168.653293 4189.273662 4207.807496 4230.011733
4250.352378 4222.130924 4195.977935 4172.768064 4139.884107 4091.746568 4077.436666 4068.383097 4044.285651 3994.095365 3952.613151 3935.280419 3925.016206 3902.313308 3882.182393 3852.833787 3818.410561 3798.143607 3777.692381 3789.242154 3800.659055 3823.215129 3815.464593 3809.928181 3807.911852 3792.570251 3779.555712 3762.677865 3768.732013 3781.547887 3806.720739 3813.260140 3817.630253 3827.694058 3827.027813 3821.772904 3801.904869 3808.060150 3818.856518 3833.695633 3865.570287 3887.536989 3909.446001 3931.106142 3949.998573 3970.994306 3992.520529 4014.907446 4041.139137 4060.354416 4078.950134 4100.065619 4118.564802 4131.607840 4146.370837
4140.124257 4116.798333 4098.182733 4074.236261 4029.938963 3986.032948 3943.580525 3914.324128 3858.654624 3823.626828 3807.128065 3810.526929 3800.418568 3782.153986 3764.602776 3746.492779 3726.321678 3709.168574 3684.413590 3690.783794 3707.984264 3726.298979 3729.846166 3732.344997 3731.654813 3723.155273 3709.968360 3696.465127 3700.333936 3718.041850 3736.417425 3747.241161 3755.285640 3763.071008 3762.610140 3752.180866 3741.486915 3745.743702 3761.131935 3776.877141 3793.103999 3812.746604 3832.653424 3852.384338 3874.160113 3895.890415 3917.857657 3941.783006 3967.824669 3988.688310 4011.620154 4035.231759 4050.381579 4057.623427 4063.257852
4036.773110 4018.839665 3996.440287 3969.033579 3927.088481 3888.377053 3848.351764 3799.395411 3766.961730 3739.811021 3736.609715 3723.293290 3712.484714 3700.284450 3681.425503 3667.040764 3654.458815 3634.392159 3627.264189 3635.754926 3649.875340 3657.691245 3666.057711 3664.666521 3662.971009 3658.227051 3644.512822 3642.118704 3652.656511 3667.838760 3681.215214 3693.149680 3700.042557 3704.785628 3701.480892 3691.818404 3689.381904 3697.257985 3712.304929 3724.880986 3738.254142 3757.736070 3776.368188 3796.729319 3817.913256 3838.550724 3861.622392 3885.423322 3910.242518 3936.534623 3957.518611 3974.169881 3981.176732 3988.965187 3985.596195
3912.855012 3903.527272 3878.434322 3850.666974 3823.194611 3792.503234 3770.881654 3741.301200 3712.995975 3685.838978 3661.383637 3651.870154 3648.190861 3637.483798 3622.657509 3613.471829 3599.570778 3592.658603 3601.326827 3602.765344 3610.474379 3608.224865 3609.757441 3607.950580 3607.903333 3606.648934 3602.080576 3615.463249 3621.750157 3634.756349 3644.498340 3654.206056 3659.721447 3662.941184 3664.207978 3660.355461 3666.537685 3671.846612 3684.665389 3694.908657 3707.068062 3725.644075 3741.106398 3758.412689 3779.043324 3800.373228 3822.446578 3846.433388 3872.846900 3895.739622 3911.350573 3915.800879 3922.960415 3921.693661 3907.637017
