tests/Borden05m/sims/sim_1/output-maps/psiliqL0002N0006.asc
ncols         160
nrows         34
xllcorner     620200.000000
yllcorner     5168000.000000
cellsize      0.500000
NODATA_value  -9999.0
[rows 0 to 24 of 34, columns 0 to 56 of 160]
-9999.0 -9999.0 -9999.0 -9999.0 -9999.0 -9999.0 -9999.0 -9999.0 -9999.0 -9999.0 -9999.0 -9999.0 -9999.0 -9999.0 -9999.0 -9999.0 -9999.0 -9999.0 -9999.0 -9999.0 -9999.0 -9999.0 -9999.0 -9999.0 -9999.0 -9999.0 -9999.0 -9999.0 -9999.0 -9999.0 -9999.0 -9999.0 -9999.0 -9999.0 -9999.0 -9999.0 -9999.0 -9999.0 -9999.0 -9999.0 -9999.0 -9999.0 -9999.0 -9999.0 -9999.0 -9999.0 -9999.0 -9999.0 -9999.0 -9999.0 -9999.0 -9999.0 -9999.0 -9999.0 -9999.0 -9999.0 -9999.0
-9999.0 -9999.0 -9999.0 -9999.0 -9999.0 -9999.0 -9999.0 -9999.0 -9999.0 -9999.0 -9999.0 -9999.0 -9999.0 -9999.0 -9999.0 -9999.0 -9999.0 -9999.0 -9999.0 -9999.0 -9999.0 -9999.0 -9999.0 -9999.0 -9999.0 -9999.0 -9999.0 -9999.0 -9999.0 -9999.0 -9999.0 -9999.0 -9999.0 -9999.0 -9999.0 -9999.0 -9999.0 -9999.0 -9999.0 -9999.0 -9999.0 -9999.0 -9999.0 -9999.0 -9999.0 -9999.0 -9999.0 -9999.0 -9999.0 -9999.0 -9999.0 -9999.0 -9999.0 -9999.0 -9999.0 -9999.0 -9999.0
-9999.0 -9999.0 -9999.0 -9999.0 -9999.0 -9999.0 -9999.0 -9999.0 -9999.0 -9999.0 -9999.0 -9999.0 -9999.0 -9999.0 -9999.0 -9999.0 -9999.0 -9999.0 -9999.0 -9999.0 -9999.0 -9999.0 -9999.0 -9999.0 -9999.0 -9999.0 -9999.0 -9999.0 -9999.0 -9999.0 -9999.0 -9999.0 -9999.0 -9999.0 -9999.0 -9999.0 -9999.0 -9999.0 -9999.0 -9999.0 -9999.0 -9999.0 -9999.0 -9999.0 -9999.0 -9999.0 -9999.0 -500.906511 -506.035380 -512.355500 -514.254758 -507.323369 -504.753580 -502.559489 -501.429097 -500.482615 -498.570890
-9999.0 -9999.0 -9999.0 -9999.0 -9999.0 -9999.0 -9999.0 -9999.0 -9999.0 -9999.0 -9999.0 -9999.0 -9999.0 -9999.0 -9999.0 -9999.0 -9999.0 -9999.0 -9999.0 -9999.0 -9999.0 -9999.0 -9999.0 -9999.0 -9999.0 -9999.0 -9999.0 -9999.0 -9999.0 -9999.0 -9999.0 -9999.0 -9999.0 -9999.0 -9999.0 -9999.0 -9999.0 -9999.0 -9999.0 -9999.0 -503.674360 -501.274510 -499.164489 -502.440868 -503.504309 -502.676629 -505.925438 -509.932442 -514.172115 -512.606091 -512.604716 -516.232406 -511.800215 -508.482074 -507.888215 -507.575874 -504.947607
-9999.0 -9999.0 -9999.0 -9999.0 -9999.0 -9999.0 -9999.0 -9999.0 -9999.0 -9999.0 -9999.0 -9999.0 -9999.0 -9999.0 -9999.0 -9999.0 -9999.0 -9999.0 -9999.0 -9999.0 -9999.0 -9999.0 -9999.0 -9999.0 -9999.0 -9999.0 -9999.0 -9999.0 -9999.0 -9999.0 -9999.0 -9999.0 -9999.0 -9999.0 -512.115103 -507.732573 -506.181445 -504.803266 -502.348072 -503.755439 -504.995099 -502.937467 -504.839991 -504.682785 -506.759603 -510.882118 -514.987711 -517.167291 -514.103430 -514.948529 -515.095613 -513.075376 -512.141611 -512.273199 -509.710073 -505.187774 -508.597293
-9999.0 -9999.0 -9999.0 -9999.0 -9999.0 -9999.0 -9999.0 -9999.0 -9999.0 -9999.0 -9999.0 -9999.0 -9999.0 -9999.0 -9999.0 -9999.0 -9999.0 -9999.0 -9999.0 -9999.0 -9999.0 -9999.0 -9999.0 -9999.0 -9999.0 -9999.0 -9999.0 -9999.0 -504.732740 -506.502047 -507.825176 -507.668479 -508.321814 -510.982663 -511.927040 -511.863128 -509.870918 -506.388649 -506.223252 -507.103268 -507.079848 -508.160409 -510.867508 -511.013013 -507.739166 -510.202060 -511.132208 -512.660427 -517.215624 -518.408506 -515.923705 -513.728696 -512.053047 -512.180997 -512.637144 -513.578651 -514.018639
-9999.0 -9999.0 -9999.0 -9999.0 -9999.0 -9999.0 -9999.0 -9999.0 -9999.0 -9999.0 -9999.0 -9999.0 -9999.0 -9999.0 -9999.0 -9999.0 -9999.0 -9999.0 -9999.0 -9999.0 -9999.0 -9999.0 -9999.0 -507.259162 -505.632704 -505.138248 -503.758809 -504.605332 -508.291655 -510.556921 -511.500583 -512.311521 -514.311978 -514.679082 -515.013435 -514.177741 -513.792203 -510.088640 -512.750796 -514.565910 -511.235810 -512.249905 -509.813355 -507.019412 -507.578609 -506.824294 -511.771906 -515.490876 -511.495714 -510.065071 -510.569091 -511.900097 -511.183529 -510.229761 -509.043769 -506.479141 -503.065812
-9999.0 -9999.0 -9999.0 -9999.0 -9999.0 -9999.0 -9999.0 -9999.0 -9999.0 -9999.0 -9999.0 -9999.0 -9999.0 -9999.0 -9999.0 -9999.0 -9999.0 -9999.0 -9999.0 -506.451550 -507.031941 -508.161385 -507.839803 -511.521476 -513.129356 -512.280134 -510.545052 -511.749171 -513.816325 -515.559517 -515.379068 -515.206943 -515.769383 -513.376216 -511.603450 -511.382283 -512.572593 -509.887321 -509.538992 -508.234119 -503.730593 -507.155713 -510.347129 -512.005889 -512.158198 -513.233085 -510.447789 -509.744586 -509.781573 -510.600894 -511.062464 -510.848342 -511.115936 -508.157389 -505.881351 -504.565333 -503.633146
-9999.0 -9999.0 -9999.0 -9999.0 -9999.0 -9999.0 -9999.0 -9999.0 -9999.0 -9999.0 -9999.0 -9999.0 -9999.0 -9999.0 -9999.0 -9999.0 -506.271843 -506.621388 -508.041061 -510.386588 -512.360225 -512.491640 -511.156626 -513.889281 -514.890268 -514.466130 -515.795742 -514.665387 -513.425944 -511.901543 -511.301506 -513.343991 -513.268589 -513.899953 -514.590596 -514.354246 -511.307443 -508.680217 -508.816656 -507.109055 -503.275432 -506.129221 -507.225517 -507.120379 -508.999406 -508.179254 -502.216112 -504.045390 -507.886324 -502.038118 -499.413212 -501.612280 -503.196966 -500.186331 -495.740957 -490.605155 -481.200211
-9999.0 -9999.0 -9999.0 -9999.0 -9999.0 -9999.0 -9999.0 -9999.0 -9999.0 -9999.0 -9999.0 -9999.0 -9999.0 -506.120934 -506.475047 -506.242576 -509.842239 -512.586937 -514.298139 -516.682398 -514.017123 -516.195914 -516.999145 -516.686025 -514.340151 -514.506489 -514.474122 -513.169196 -514.004378 -515.055622 -516.103874 -518.040397 -516.399245 -514.854228 -514.077311 -511.886682 -510.612350 -510.055578 -507.957473 -508.459520 -507.224585 -508.648109 -511.410361 -512.144123 -510.601361 -505.585176 -502.458690 -502.573355 -496.330982 -490.251703 -488.222602 -484.481883 -483.437021 -482.220845 -478.095078 -463.896930 -446.073202
-9999.0 -9999.0 -9999.0 -9999.0 -9999.0 -9999.0 -9999.0 -9999.0 -9999.0 -9999.0 -510.967456 -509.209075 -511.832899 -516.808266 -519.009138 -518.061236 -517.081518 -519.071109 -519.201328 -514.418760 -511.925835 -516.879852 -513.908756 -514.114954 -516.374547 -516.171368 -515.218750 -515.449471 -512.884508 -513.298736 -513.881797 -509.597305 -509.084778 -508.532303 -507.576671 -506.690184 -506.486585 -501.048409 -496.863193 -499.005864 -492.273898 -488.311939 -493.129109 -495.081237 -494.872966 -490.988767 -484.172030 -474.521650 -467.736735 -455.442589 -439.518694 -428.120611 -420.479387 -412.445516 -403.585103 -377.688959 -303.836706
-9999.0 -9999.0 -9999.0 -9999.0 -9999.0 -9999.0 -9999.0 -9999.0 -517.865368 -515.110906 -513.412030 -515.615973 -518.564383 -523.975408 -522.071450 -520.288248 -519.176304 -517.410720 -516.748464 -516.314711 -517.945907 -516.631278 -513.860928 -515.137059 -515.181171 -513.538934 -514.013427 -512.839193 -510.809014 -513.142436 -512.721344 -511.337092 -510.292745 -509.486507 -508.382951 -508.594355 -503.429799 -496.663413 -489.818877 -484.450329 -475.835514 -465.016284 -467.623041 -467.033358 -467.462303 -453.748369 -431.801127 -407.172048 -378.667921 -325.932608 -204.654115 -160.899379 -143.759263 -131.914390 -119.847139 -105.138193 -70.379889
-9999.0 -9999.0 -9999.0 -9999.0 -9999.0 -9999.0 -521.835133 -515.837804 -512.981612 -519.981925 -525.342006 -527.121090 -530.305864 -523.438823 -517.519984 -516.611405 -515.992935 -515.232448 -516.221741 -520.754542 -512.178369 -515.294236 -517.766801 -515.648074 -516.450883 -516.809623 -515.786197 -512.824664 -512.467052 -506.441311 -503.055577 -500.577571 -496.332595 -494.533906 -492.687791 -490.674996 -481.972345 -470.055762 -455.816871 -437.356938 -416.076700 -392.519429 -382.697605 -376.275779 -364.398329 -325.751113 -206.518332 -150.925704 -109.633325 -69.297806 -24.755104 -4.602665 6.261641 12.033622 12.658314 13.265635 14.001319
-9999.0 -9999.0 -9999.0 -9999.0 -518.042913 -516.872716 -518.298012 -513.205393 -509.721883 -518.266367 -515.318047 -516.864712 -519.698099 -523.168259 -527.334308 -524.696120 -523.308310 -522.515534 -523.551397 -515.374790 -508.712450 -514.727995 -512.042856 -505.869700 -508.564981 -508.673284 -509.351004 -507.592227 -503.877793 -499.531711 -487.002394 -476.484942 -471.204117 -464.771030 -458.495046 -447.516399 -426.232370 -397.327814 -351.072208 -225.405130 -159.985656 -129.072820 -115.642101 -108.401759 -94.806328 -70.454145 -30.887684 -1.281567 12.800090 14.674490 16.181267 16.929716 17.143570 17.469141 17.722409 18.184039 18.595087
-9999.0 -9999.0 -9999.0 -521.495179 -515.655914 -513.763392 -517.117037 -516.459824 -512.241953 -517.079955 -518.117494 -519.104836 -519.785389 -519.926700 -520.580363 -519.244630 -519.245823 -520.844959 -520.207699 -516.003609 -515.214437 -512.736390 -511.448667 -508.721131 -506.393074 -506.360081 -505.639286 -502.088509 -490.852088 -480.518872 -460.756399 -428.085771 -401.013660 -379.544963 -355.926859 -290.735778 -198.383884 -144.621357 -97.878668 -44.955285 -7.754611 11.227670 13.097815 13.294006 13.692134 14.196336 15.363730 16.377455 17.025991 18.092533 19.271377 20.193489 20.624586 20.780310 21.652341 31.687994 40.269585
-9999.0 -9999.0 -520.078795 -516.819678 -519.593984 -515.759808 -511.534181 -515.617113 -510.517269 -509.255498 -515.510213 -512.704523 -511.557244 -515.686309 -514.006591 -512.055783 -511.128818 -515.735574 -519.499209 -515.118044 -504.681553 -497.723895 -496.737069 -477.283123 -468.975303 -463.803327 -463.159592 -453.785187 -436.090906 -402.289783 -338.787416 -208.727773 -149.298965 -115.369461 -97.308019 -68.164761 -30.041671 -6.639274 12.789575 14.710403 16.182055 17.204076 18.085761 18.310674 18.277209 18.926152 19.879541 20.795010 22.650814 37.222110 52.975013 53.584528 52.784191 53.227172 52.374331 52.932529 52.509002
-9999.0 -9999.0 -523.997690 -518.462097 -522.947599 -514.645611 -507.116967 -516.328666 -514.861586 -507.326969 -510.549191 -510.582045 -513.112784 -514.084550 -511.716525 -505.561701 -509.691578 -511.232000 -520.267208 -503.837575 -491.977200 -472.437244 -430.841282 -396.882692 -366.864099 -364.034960 -359.972791 -324.468399 -227.471796 -160.096419 -99.138079 -36.781244 2.250338 13.287418 14.088045 15.085939 16.379817 17.383525 18.007603 19.703647 20.302367 21.232410 33.320898 48.441137 53.567058 53.691623 53.560386 52.903101 53.031312 52.540066 52.572365 48.869026 48.471907 48.351219 49.709955 44.854462 39.321289
-9999.0 -524.964225 -522.324514 -522.501773 -517.204000 -519.989477 -514.396458 -506.125504 -508.241139 -506.288084 -507.863745 -515.794172 -500.426522 -487.718325 -485.641620 -475.167786 -481.412030 -484.892449 -495.093194 -482.213851 -458.195285 -386.790650 -200.254404 -135.260082 -106.362348 -103.664775 -106.624431 -87.148399 -48.539574 -12.917599 14.344317 16.766224 19.132044 20.739940 21.106933 21.014411 27.511552 41.116293 56.195257 58.256610 57.779951 57.477131 53.272548 52.708798 53.240939 52.863478 49.763039 44.231660 37.065105 32.045117 28.611920 24.189644 26.604986 29.463097 30.936683 24.521721 20.937168
-9999.0 -533.643743 -522.596473 -516.333674 -519.598002 -525.491918 -511.572135 -490.322308 -501.934893 -507.057981 -511.326558 -502.423727 -469.134064 -435.006933 -414.932717 -388.579725 -394.318588 -407.172443 -409.409927 -379.646890 -267.985719 -163.088115 -37.300017 14.221142 14.532845 15.223098 15.625693 17.083768 19.006157 20.532912 25.596367 45.490831 47.470866 47.040924 47.155042 46.888109 47.052233 46.901662 43.573148 40.084709 35.574607 35.571076 38.854052 38.674471 36.210867 33.502665 28.417357 21.650788 20.646224 20.451006 20.412803 20.261578 20.243379 20.558615 20.334596 20.140243 19.875687
-9999.0 -524.549627 -511.801465 -515.625888 -527.212165 -513.362007 -509.660585 -497.523432 -490.523490 -499.455327 -488.951971 -441.325202 -362.019667 -199.103771 -139.462710 -124.287405 -120.350360 -132.287446 -123.030082 -86.868983 -26.605716 14.440998 18.008070 29.574974 34.826844 34.758504 34.559621 34.660859 34.729261 34.650060 34.513578 32.624353 36.765788 38.673119 37.373567 34.662884 30.334484 23.132074 20.585486 20.439712 20.252173 20.317771 20.675854 20.938186 20.641347 20.480352 20.326579 20.146516 20.043995 19.868722 19.899618 19.838278 19.891819 19.722959 19.604364 19.555876 19.263801
-9999.0 -539.527568 -521.369985 -537.407979 -517.141097 -500.436139 -506.646992 -485.861791 -464.428843 -466.661647 -401.479003 -215.317781 -91.871763 -15.054068 12.264310 14.510922 15.521796 16.548017 18.087497 19.270202 31.253794 43.515373 43.202245 42.794025 34.323586 34.396324 27.520627 19.990362 19.505561 19.137344 19.326359 19.864759 20.231750 20.835534 20.433856 20.581618 20.598805 20.333573 20.333724 19.983602 19.689666 19.484530 19.465238 20.103841 19.733726 19.703290 19.588996 19.438011 19.270078 19.132007 18.954830 18.744530 18.769692 18.498321 18.681477 18.606192 17.369397
-9999.0 -550.113828 -537.682798 -528.827473 -511.183570 -499.607690 -490.111213 -468.308616 -419.807491 -376.633283 -210.008642 -89.976095 0.349753 15.674766 18.971417 20.128627 27.167007 27.327885 27.385749 21.381944 18.417108 17.907789 18.624728 19.756989 19.990226 20.284617 19.595773 19.150121 19.107693 19.393836 19.435619 19.513167 19.520364 19.404619 19.155274 19.223246 19.648556 19.359357 19.127073 18.969818 18.849653 18.554169 18.325022 18.195198 18.160867 18.384551 18.172357 17.891452 17.655460 17.569230 17.399367 17.241131 17.264584 16.980809 16.458336 15.629846 13.800471
-9999.0 -574.172252 -532.919497 -528.690771 -518.465135 -516.536880 -516.036908 -499.033560 -476.063898 -378.544755 -137.453963 -44.056254 6.937493 13.347025 16.527070 19.938558 20.257852 17.975172 16.714197 15.950737 16.215636 16.678418 17.122812 17.921036 18.495273 18.863337 18.908606 18.586465 17.998861 17.871073 17.969547 17.681605 17.445400 17.547113 17.361241 17.632602 17.906814 17.378390 16.659672 15.582320 14.629888 13.980568 13.805956 13.901605 13.931003 13.847999 13.593806 13.251045 12.785700 12.389423 12.125124 11.894283 6.922449 -4.601571 -24.729720 -57.437820 -98.744742
-9999.0 -9999.0 -551.894247 -528.115215 -525.971432 -523.385597 -521.854750 -507.455894 -495.478825 -442.900919 -377.462348 -210.379246 -137.319905 -100.881339 -52.326026 4.026505 12.446205 13.779799 12.234649 12.486774 12.671600 12.727066 13.074810 13.528881 14.111814 14.552392 14.920943 14.882959 14.462582 13.699536 12.821450 12.264662 11.938168 8.865319 12.058985 12.715245 12.483028 11.878691 -3.925797 -35.560966 -62.627307 -81.898442 -87.897132 -87.980138 -87.977183 -90.124103 -93.644774 -103.260962 -112.196351 -121.060553 -124.012713 -128.289234 -135.862429 -153.895328 -189.186525 -279.019597 -353.475415
-9999.0 -9999.0 -578.218781 -540.386498 -524.626667 -513.823533 -516.880917 -516.977600 -494.507205 -487.934674 -475.782106 -449.606372 -420.524272 -390.899317 -342.628384 -202.949141 -157.955045 -143.584017 -138.864312 -134.529260 -122.934051 -112.494799 -105.441805 -96.435353 -84.628363 -72.074715 -63.403906 -75.825453 -87.974652 -102.755311 -118.375604 -134.194916 -141.811615 -147.026926 -143.487636 -138.305641 -143.776490 -157.509399 -190.454992 -274.523216 -332.105656 -358.431978 -364.955387 -366.449555 -366.331076 -369.099116 -372.984716 -383.386953 -394.643205 -401.768249 -407.277276 -412.622932 -416.073048 -424.029306 -434.471337 -442.408872 -453.730392
