tests/Borden05m/sims/sim_1/output-maps/psiliqL0016N0003.asc
ncols         160
nrows         34
xllcorner     620200.000000
yllcorner     5168000.000000
cellsize      0.500000
NODATA_value  -9999.0
[rows 0 to 24 of 34, columns 55 to 109 of 160]
-9999.0 -9999.0 -9999.0 -9999.0 -9999.0 -9999.0 -9999.0 -9999.0 -9999.0 -9999.0 -9999.0 -9999.0 -9999.0 -9999.0 -9999.0 -9999.0 -9999.0 -9999.0 -9999.0 -9999.0 -9999.0 -9999.0 -9999.0 -9999.0 -9999.0 -9999.0 -9999.0 -9999.0 -9999.0 -9999.0 -9999.0 -9999.0 -9999.0 -9999.0 -9999.0 -9999.0 -9999.0 -9999.0 -9999.0 -9999.0 -9999.0 -9999.0 -9999.0 -9999.0 -9999.0 -9999.0 -9999.0 -9999.0 -9999.0 -9999.0 -9999.0 -9999.0 -9999.0 -9999.0 -9999.0
-9999.0 -9999.0 -9999.0 -9999.0 1419.482281 1414.105803 1409.113096 1404.475240 1395.843622 1386.810558 1378.752686 1374.949179 1374.195819 1373.613101 1373.384579 1378.755723 1386.981154 1394.823515 1402.123279 1404.742874 1407.377624 1409.757411 1410.431514 1409.481322 1406.514177 1403.466934 1400.305752 1398.951625 1391.213584 1380.037093 1371.452449 1368.779891 1373.171095 1377.605836 1380.059095 1385.680301 1396.214112 1406.803706 1415.133984 1426.916725 1432.719496 1437.584199 1440.157784 1435.789450 1432.035394 1427.953680 1422.431658 1411.284612 -9999.0 -9999.0 -9999.0 -9999.0 -9999.0 -9999.0 -9999.0
1364.365396 1383.264067 1403.581191 1406.867660 1395.474295 1390.599505 1387.493361 1385.710850 1381.178545 1372.763261 1367.747396 1362.544590 1360.721143 1360.987932 1361.234895 1365.463627 1375.973098 1384.115270 1389.042795 1391.798594 1394.683689 1394.342646 1394.023252 1394.003248 1391.399969 1388.235159 1385.098658 1383.506038 1384.345027 1376.891056 1371.385915 1367.914649 1365.975978 1368.534338 1370.956650 1374.552444 1383.853176 1391.791857 1399.700106 1413.944237 1426.238637 1431.259095 1428.408260 1423.176384 1419.058070 1411.917169 1401.477977 1391.093737 1381.787468 1374.838950 1369.095566 1362.925213 1368.689168 1375.239060 1384.646298
1348.808646 1368.149027 1388.468797 1391.374387 1380.873405 1372.888580 1367.644723 1368.131619 1371.134387 1367.918552 1363.483300 1358.089833 1367.161676 1368.605692 1369.869651 1373.351383 1376.377163 1380.167055 1383.054513 1388.633122 1397.864420 1400.875578 1401.688820 1402.127208 1400.584665 1397.748371 1396.191382 1393.673621 1388.656284 1387.535747 1387.756568 1387.302252 1392.064694 1393.545723 1395.505735 1389.042033 1392.684670 1398.734108 1405.384324 1411.407094 1417.630905 1420.904337 1417.240424 1416.296808 1407.512966 1393.360809 1382.199569 1373.673230 1372.018652 1368.563643 1360.328751 1346.999917 1353.963811 1369.207010 1373.420482
1354.285020 1363.606260 1375.269492 1378.343047 1373.550073 1375.307647 1377.185941 1378.868377 1377.497009 1374.650527 1372.384427 1384.642686 1394.022037 1395.962190 1399.005170 1402.943493 1402.900399 1391.487510 1389.401624 1397.688130 1408.137191 1414.103754 1414.695179 1414.960717 1412.944954 1412.292122 1412.297619 1410.489202 1411.165069 1413.524444 1413.013647 1417.269858 1422.864727 1425.831101 1418.606684 1409.597609 1410.643929 1418.379761 1426.505264 1433.563778 1443.689065 1454.407340 1453.169638 1447.291540 1437.894583 1424.097094 1400.431586 1380.929712 1369.597094 1361.784259 1354.077125 1354.252790 1350.316225 1361.634303 1362.797690
1350.374831 1368.473975 1389.616462 1397.299101 1391.671318 1387.238886 1385.165511 1386.227517 1386.481361 1389.240603 1401.127235 1414.681360 1428.649360 1431.495286 1434.144799 1433.788806 1425.355075 1415.383313 1412.131695 1426.797043 1443.421681 1452.024044 1452.934399 1451.978647 1458.557669 1458.050175 1457.290519 1453.143915 1455.168969 1455.951354 1464.921283 1472.573850 1479.826911 1478.088681 1465.972600 1454.273430 1452.927655 1456.074272 1459.861067 1465.952511 1475.626962 1484.590353 1478.934604 1471.602568 1461.573227 1433.083271 1406.434316 1389.616970 1389.221301 1388.887085 1383.478846 1379.950678 1376.610205 1369.659432 1368.675695
1394.781371 1415.849621 1436.162950 1451.628933 1446.197409 1438.713613 1429.402424 1430.346731 1433.230622 1441.235357 1454.035937 1470.777011 1494.546877 1496.996485 1499.908881 1502.055997 1490.823850 1478.637372 1468.059033 1487.070464 1497.900326 1506.830643 1508.384915 1517.993138 1528.381725 1524.824090 1517.883316 1507.796326 1514.309175 1525.155976 1540.327987 1547.379757 1551.514807 1549.530610 1537.811744 1531.749053 1530.714979 1533.505005 1531.447297 1536.283805 1545.475615 1559.629586 1558.055167 1549.427898 1526.672299 1488.992101 1455.032906 1435.578952 1441.571683 1434.173880 1426.704764 1423.023037 1409.005919 1398.193361 1397.952148
1443.306669 1460.647590 1478.894843 1497.189142 1492.057441 1482.141993 1468.793556 1468.324160 1475.690074 1486.375622 1505.592718 1527.868325 1551.309764 1558.016839 1559.547456 1569.483121 1563.264365 1553.872169 1546.072067 1559.700686 1571.892404 1584.145344 1594.122599 1607.990409 1620.408193 1610.433239 1598.303805 1592.733819 1598.775327 1619.916522 1638.323143 1643.413523 1644.231328 1646.255493 1635.903040 1629.562594 1623.374052 1619.049472 1613.450183 1609.175058 1627.884736 1644.266614 1641.722079 1617.707352 1592.830716 1554.867343 1516.186132 1484.793575 1486.122506 1482.290014 1481.282757 1466.590113 1451.188876 1435.950162 1427.022465
1518.521500 1546.490637 1566.844234 1588.672476 1588.099180 1570.866377 1562.017688 1566.984447 1580.474562 1588.578073 1605.357339 1628.673269 1659.711054 1679.684169 1697.611987 1702.302516 1694.483903 1685.786237 1673.149369 1673.107793 1692.289148 1705.378375 1717.072880 1728.963385 1742.962296 1748.738300 1746.374060 1746.443394 1750.433013 1759.148269 1769.405707 1776.199900 1781.118106 1785.985161 1780.243293 1769.413218 1763.764980 1755.440814 1749.402090 1746.484199 1749.867707 1761.562029 1757.743080 1727.937997 1699.424393 1665.283877 1626.673738 1594.541917 1578.322653 1585.815122 1575.604992 1556.878069 1538.474903 1504.697064 1489.688224
1612.538697 1648.365206 1676.167235 1690.797088 1703.636751 1697.554233 1699.172966 1704.007074 1712.412698 1718.069298 1726.750047 1760.152097 1795.593304 1824.663626 1849.143787 1857.873687 1847.409490 1837.751216 1825.675326 1816.897131 1823.427909 1839.787751 1858.437817 1875.854947 1888.887959 1893.714851 1893.653201 1894.799571 1897.663763 1901.038315 1904.555420 1911.311836 1918.723833 1928.501079 1938.747516 1931.792531 1914.830833 1902.954191 1889.905229 1885.136459 1883.212595 1881.292224 1879.718005 1868.130461 1832.515330 1801.442594 1767.627815 1739.151690 1718.179307 1705.747120 1685.094160 1660.981166 1612.891151 1572.292872 1537.039755
1724.732157 1767.236743 1798.825997 1822.373430 1837.971369 1840.435615 1843.557566 1846.750726 1853.209024 1859.045849 1866.510239 1891.150877 1930.327115 1968.507441 1998.952720 2002.286700 1992.096058 1981.584657 1971.713719 1960.777165 1958.299349 1968.640756 1982.517068 2001.391959 2014.268081 2024.464208 2024.294196 2025.526102 2026.910766 2029.415926 2031.591873 2034.142799 2041.871503 2054.459789 2066.359610 2066.877753 2052.230720 2035.003391 2017.821774 2011.277726 2005.264857 1998.436974 1997.451115 1996.471176 1985.045626 1956.490633 1917.758034 1873.944973 1847.895577 1826.310825 1811.963583 1794.137275 1763.535828 1707.315052 1673.008496
1858.722962 1889.439562 1920.438824 1952.082199 1970.836895 1978.074105 1978.576864 1980.621549 1988.856262 1995.406047 2005.587070 2023.088675 2049.447857 2080.151802 2107.607559 2124.399978 2119.765921 2106.093182 2088.051165 2082.343102 2081.647536 2085.345105 2094.140761 2104.839842 2122.553047 2140.313745 2146.885197 2148.390104 2146.349560 2149.050950 2150.682122 2151.061656 2152.757390 2158.492182 2166.215859 2168.935777 2163.391125 2146.135203 2125.286441 2111.553431 2102.967924 2097.845762 2095.318718 2095.940636 2094.579849 2080.243997 2048.175769 2007.290762 1973.334077 1951.491040 1934.616511 1919.062384 1905.705552 1881.037474 1859.951433
1983.879750 1999.897895 2027.484014 2055.634453 2080.098249 2096.613125 2100.224724 2105.725842 2111.151819 2121.028893 2137.153615 2157.908778 2173.529853 2191.854555 2214.207757 2227.461651 2232.933925 2232.826479 2231.169254 2233.321845 2234.342924 2200.459421 2205.441783 2210.339770 2220.903611 2231.501836 2235.532786 2236.381754 2235.316608 2236.991824 2237.824567 2238.258230 2238.220388 2239.024601 2242.060618 2243.300062 2242.060931 2234.105655 2240.943070 2223.420736 2211.061009 2202.983061 2194.419305 2184.937335 2174.184098 2163.083662 2144.507565 2115.689832 2081.455028 2054.893008 2043.137533 2035.138893 2026.222449 2018.505503 2000.445106
2097.882257 2110.592728 2128.045894 2149.554514 2178.993268 2199.224504 2209.974854 2218.728586 2223.616030 2236.355401 2250.588782 2243.190194 2248.105441 2252.943370 2257.579019 2258.992738 2259.252450 2258.940824 2256.813486 2256.723825 2255.489600 2251.947784 2243.107916 2245.313865 2247.433999 2250.303817 2254.101103 2253.012654 2254.145065 2257.317117 2256.107579 2250.929614 2247.667656 2246.505743 2247.478120 2255.008485 2258.592148 2259.814623 2258.656151 2258.270515 2257.882834 2255.904158 2253.164686 2249.162361 2243.971769 2249.051339 2237.645526 2212.752951 2177.770154 2141.077596 2128.227900 2124.582557 2123.481165 2119.195700 2111.235142
2220.134913 2233.382697 2247.481982 2240.571218 2253.731300 2260.418661 2263.439428 2266.158827 2268.356144 2269.677482 2266.263391 2262.653704 2257.543660 2255.661563 2253.704663 2250.654513 2250.711223 2248.418847 2244.397939 2240.938854 2234.543355 2224.177493 2213.376296 2210.856651 2215.385229 2220.387756 2224.693152 2228.004046 2231.340724 2232.271515 2227.695479 2220.239713 2213.668257 2212.407602 2219.514889 2225.729811 2231.958582 2233.458535 2232.923677 2231.633711 2232.433961 2230.318277 2230.989160 2237.485090 2250.661719 2255.300038 2258.244285 2257.406959 2247.670974 2230.239761 2227.169390 2207.286963 2210.537045 2204.843617 2192.213584
2264.637863 2266.999466 2266.667554 2265.372168 2259.423228 2253.368242 2252.137266 2255.310217 2261.310880 2261.645413 2253.793145 2244.541458 2236.546245 2228.553903 2225.189245 2222.924035 2221.352206 2220.794092 2215.147993 2206.941856 2191.434948 2180.109238 2169.041158 2162.874791 2160.088745 2164.082795 2173.557424 2183.190229 2187.595846 2180.298908 2172.884282 2162.484596 2155.102367 2156.132342 2158.957614 2168.981778 2184.535192 2190.935135 2192.850836 2188.693297 2184.897692 2179.859889 2178.362205 2185.513018 2200.667034 2216.374584 2230.600286 2239.211940 2246.857662 2253.648541 2256.170455 2257.721541 2258.265592 2256.459049 2255.500781
2263.616557 2257.275502 2250.724473 2245.467906 2238.445263 2232.062427 2229.245576 2230.220766 2231.409501 2226.356651 2218.106687 2206.262494 2193.630250 2182.159813 2173.768804 2172.744069 2173.303247 2173.171764 2165.860037 2150.972161 2133.427234 2119.931515 2105.823859 2101.247334 2095.325045 2089.380640 2098.887699 2115.772149 2121.755854 2107.577845 2097.584862 2083.569383 2077.043140 2074.628062 2077.126388 2087.727160 2109.541136 2131.420843 2134.440970 2126.119908 2117.870498 2114.537295 2113.029000 2119.956723 2138.405664 2159.357768 2175.342060 2186.133434 2192.788270 2201.826690 2212.187087 2225.603333 2239.471671 2250.827863 2258.211903
2241.691835 2233.647996 2225.483960 2217.138838 2209.043505 2201.356097 2195.364995 2191.328266 2186.232612 2177.965779 2168.470147 2149.813289 2135.053571 2120.343469 2103.919535 2097.995493 2092.529101 2092.440341 2080.235444 2070.023810 2051.797967 2036.035485 2019.796739 2007.653829 2000.705997 1993.506849 1995.090348 2009.124256 2017.385069 2004.872616 1994.625553 1982.569955 1977.363058 1974.990505 1978.420304 1990.433905 2013.633218 2033.999437 2043.127183 2037.187922 2034.840382 2034.824116 2035.128230 2042.397711 2057.193761 2077.935639 2100.851163 2119.461012 2130.883924 2140.310402 2151.997627 2168.091695 2183.295671 2198.170439 2216.012219
2209.395127 2199.261879 2188.266403 2177.256518 2164.978878 2152.154157 2143.503759 2142.484552 2133.305254 2124.163708 2103.646400 2051.937971 2029.815370 2008.438452 1989.848176 1981.004643 1970.944438 1958.848789 1948.570578 1941.683875 1936.724028 1920.995028 1902.632010 1884.918825 1878.515065 1873.307100 1860.996543 1862.294329 1864.125545 1871.252969 1864.020511 1859.505799 1858.876749 1857.285053 1861.348047 1876.539900 1889.189407 1899.928652 1908.094515 1910.210746 1919.702590 1928.060568 1935.457473 1953.272339 1967.864226 1987.003732 2010.609999 2037.447245 2054.122080 2066.500716 2080.069349 2098.138313 2116.884925 2136.279628 2160.228171
2168.477622 2152.036720 2136.169360 2119.849684 2104.595391 2089.075092 2072.211300 2070.125170 2063.667298 2051.095398 2002.202452 1956.561068 1919.937791 1898.466259 1872.700753 1857.759356 1842.637618 1810.978303 1794.510522 1789.241010 1796.410827 1787.930271 1770.673448 1756.325062 1746.764571 1738.317431 1723.244891 1710.862823 1715.505988 1729.168945 1726.117741 1725.939316 1731.445194 1730.830399 1727.666856 1732.252386 1747.599973 1756.574292 1768.316269 1783.011683 1788.859779 1801.516386 1831.367739 1846.557857 1863.852591 1886.066237 1910.545411 1936.449818 1960.866265 1977.985118 1996.458168 2018.780387 2038.988005 2062.715454 2088.693797
2108.783083 2078.042028 2055.525948 2035.705190 2014.470030 1988.446218 1964.625634 1958.731355 1948.408035 1922.533622 1870.735222 1828.118425 1796.773159 1771.515927 1744.956872 1722.284534 1690.168321 1656.465383 1634.879694 1642.717662 1650.537122 1654.115899 1640.429732 1627.716479 1617.099861 1601.431703 1585.199201 1571.803171 1580.766459 1589.002998 1600.421119 1604.932160 1608.899988 1613.024407 1612.688008 1607.443046 1610.660524 1620.406509 1631.658736 1643.578637 1660.481715 1692.584134 1718.182608 1737.089206 1759.514939 1781.647086 1806.824498 1833.585644 1858.974548 1879.192141 1901.754148 1925.127688 1950.318371 1974.837305 2003.122454
2020.733029 1990.095514 1960.397915 1934.165551 1902.366243 1857.795904 1839.624230 1827.588402 1808.910886 1766.285989 1721.252268 1688.044878 1665.076262 1638.639083 1613.877880 1584.842315 1551.743960 1526.133645 1505.396759 1512.754190 1520.313155 1533.939481 1522.736985 1512.635539 1507.087231 1491.803652 1477.850808 1462.590235 1469.501144 1479.883391 1498.854723 1503.552013 1507.365279 1515.448124 1515.085000 1512.720181 1501.960091 1510.778216 1521.983444 1536.528680 1565.594207 1590.109919 1614.253608 1636.561872 1657.890403 1681.782740 1707.283634 1733.543883 1762.119797 1784.837016 1807.534575 1833.062159 1857.356407 1879.098844 1903.387850
1899.006698 1870.971248 1846.226058 1818.849887 1777.508610 1731.153222 1692.528747 1670.890466 1626.527815 1590.604666 1558.613034 1544.668741 1526.570718 1503.166346 1481.172033 1459.509957 1434.151957 1412.264986 1387.574098 1391.490679 1404.649413 1419.253943 1415.546089 1413.188404 1410.333979 1399.540620 1385.800451 1372.095959 1375.600589 1391.225432 1408.318590 1416.592934 1423.693226 1431.561431 1431.958234 1424.772100 1416.413360 1422.306685 1437.233880 1453.765325 1474.007810 1496.203079 1518.253247 1539.393381 1562.886192 1587.295104 1612.303179 1639.463791 1668.302156 1691.293491 1717.753753 1745.437796 1767.670206 1782.913086 1799.403733
1779.450252 1755.504976 1729.029132 1699.881564 1656.965100 1613.976146 1570.514781 1527.616221 1493.285635 1461.760907 1446.502658 1427.615355 1410.171554 1392.282830 1370.755522 1351.715413 1333.733245 1311.622638 1296.111636 1301.780481 1314.695655 1324.654154 1328.535975 1325.663540 1322.692519 1315.667632 1301.808094 1293.606240 1302.466315 1317.664540 1332.084522 1342.727771 1349.601628 1355.549028 1353.017378 1344.848572 1340.334209 1348.779213 1364.576379 1379.283852 1396.027535 1417.435576 1438.652364 1460.701708 1483.861618 1507.039140 1532.749358 1559.414729 1586.880877 1614.767883 1639.970018 1663.325833 1676.696699 1690.786775 1699.435690
1642.502799 1625.669654 1598.571048 1569.086375 1536.058462 1498.244758 1468.696955 1435.955905 1404.483533 1373.767326 1347.500130 1331.249141 1321.927652 1307.206831 1288.270059 1275.153357 1258.408319 1243.108040 1244.766554 1246.930082 1256.897554 1256.966130 1257.544849 1254.624743 1253.577114 1249.838719 1240.603816 1249.067977 1256.175969 1270.339654 1280.844605 1290.375222 1296.529432 1300.586817 1301.044262 1295.562741 1300.044042 1307.052410 1321.523957 1333.342463 1348.087941 1368.763712 1386.245311 1405.814101 1428.290633 1451.621040 1476.154856 1502.438641 1530.989869 1556.841554 1577.423697 1587.974814 1600.458522 1607.492016 1603.085050
