tests/Borden05m/sims/sim_1/output-maps/psiliqL0030N0018.asc
ncols         160
nrows         34
xllcorner     620200.000000
yllcorner     5168000.000000
cellsize      0.500000
NODATA_value  -9999.0
[rows 0 to 24 of 34, columns 0 to 54 of 160]
-9999.0 -9999.0 -9999.0 -9999.0 -9999.0 -9999.0 -9999.0 -9999.0 -9999.0 -9999.0 -9999.0 -9999.0 -9999.0 -9999.0 -9999.0 -9999.0 -9999.0 -9999.0 -9999.0 -9999.0 -9999.0 -9999.0 -9999.0 -9999.0 -9999.0 -9999.0 -9999.0 -9999.0 -9999.0 -9999.0 -9999.0 -9999.0 -9999.0 -9999.0 -9999.0 -9999.0 -9999.0 -9999.0 -9999.0 -9999.0 -9999.0 -9999.0 -9999.0 -9999.0 -9999.0 -9999.0 -9999.0 -9999.0 -9999.0 -9999.0 -9999.0 -9999.0 -9999.0 -9999.0 -9999.0
-9999.0 -9999.0 -9999.0 -9999.0 -9999.0 -9999.0 -9999.0 -9999.0 -9999.0 -9999.0 -9999.0 -9999.0 -9999.0 -9999.0 -9999.0 -9999.0 -9999.0 -9999.0 -9999.0 -9999.0 -9999.0 -9999.0 -9999.0 -9999.0 -9999.0 -9999.0 -9999.0 -9999.0 -9999.0 -9999.0 -9999.0 -9999.0 -9999.0 -9999.0 -9999.0 -9999.0 -9999.0 -9999.0 -9999.0 -9999.0 -9999.0 -9999.0 -9999.0 -9999.0 -9999.0 -9999.0 -9999.0 -9999.0 -9999.0 -9999.0 -9999.0 -9999.0 -9999.0 -9999.0 -9999.0
-9999.0 -9999.0 -9999.0 -9999.0 -9999.0 -9999.0 -9999.0 -9999.0 -9999.0 -9999.0 -9999.0 -9999.0 -9999.0 -9999.0 -9999.0 -9999.0 -9999.0 -9999.0 -9999.0 -9999.0 -9999.0 -9999.0 -9999.0 -9999.0 -9999.0 -9999.0 -9999.0 -9999.0 -9999.0 -9999.0 -9999.0 -9999.0 -9999.0 -9999.0 -9999.0 -9999.0 -9999.0 -9999.0 -9999.0 -9999.0 -9999.0 -9999.0 -9999.0 -9999.0 -9999.0 -9999.0 -9999.0 4072.143935 4055.002207 4042.320066 4036.715384 4057.135473 4079.979632 4103.687313 4124.083630
-9999.0 -9999.0 -9999.0 -9999.0 -9999.0 -9999.0 -9999.0 -9999.0 -9999.0 -9999.0 -9999.0 -9999.0 -9999.0 -9999.0 -9999.0 -9999.0 -9999.0 -9999.0 -9999.0 -9999.0 -9999.0 -9999.0 -9999.0 -9999.0 -9999.0 -9999.0 -9999.0 -9999.0 -9999.0 -9999.0 -9999.0 -9999.0 -9999.0 -9999.0 -9999.0 -9999.0 -9999.0 -9999.0 -9999.0 -9999.0 4123.990356 4129.842381 4128.999982 4119.243956 4107.740565 4093.383472 4072.437088 4055.383938 4042.845883 4041.032125 4043.247509 4044.904611 4064.719003 4090.241983 4110.104593
-9999.0 -9999.0 -9999.0 -9999.0 -9999.0 -9999.0 -9999.0 -9999.0 -9999.0 -9999.0 -9999.0 -9999.0 -9999.0 -9999.0 -9999.0 -9999.0 -9999.0 -9999.0 -9999.0 -9999.0 -9999.0 -9999.0 -9999.0 -9999.0 -9999.0 -9999.0 -9999.0 -9999.0 -9999.0 -9999.0 -9999.0 -9999.0 -9999.0 -9999.0 4031.842919 4048.480392 4066.203937 4084.684045 4101.622279 4108.689476 4114.431594 4119.518451 4114.524431 4109.994269 4097.951803 4076.017893 4056.600382 4044.040268 4043.333857 4040.747614 4043.812403 4054.630738 4070.957468 4085.306564 4105.468774
-9999.0 -9999.0 -9999.0 -9999.0 -9999.0 -9999.0 -9999.0 -9999.0 -9999.0 -9999.0 -9999.0 -9999.0 -9999.0 -9999.0 -9999.0 -9999.0 -9999.0 -9999.0 -9999.0 -9999.0 -9999.0 -9999.0 -9999.0 -9999.0 -9999.0 -9999.0 -9999.0 -9999.0 4038.510674 4032.433566 4027.530800 4025.723213 4024.009233 4022.922638 4029.339869 4039.915635 4056.380150 4078.414315 4091.636463 4098.741449 4105.540141 4105.526666 4099.057900 4097.164458 4097.414909 4084.140794 4071.326964 4059.313988 4047.504952 4043.494417 4051.835357 4065.827952 4081.750417 4095.926897 4110.824748
-9999.0 -9999.0 -9999.0 -9999.0 -9999.0 -9999.0 -9999.0 -9999.0 -9999.0 -9999.0 -9999.0 -9999.0 -9999.0 -9999.0 -9999.0 -9999.0 -9999.0 -9999.0 -9999.0 -9999.0 -9999.0 -9999.0 -9999.0 4008.927538 4013.398759 4019.738466 4027.283125 4028.060321 4024.853022 4019.347175 4016.554931 4014.890804 4012.117379 4016.378634 4022.664816 4035.035013 4049.724607 4071.824856 4079.591754 4082.850950 4093.515776 4097.201140 4105.399932 4108.826452 4106.446980 4101.503611 4085.315159 4072.498474 4073.192617 4076.099395 4082.542059 4090.589147 4103.701141 4116.429855 4130.583381
-9999.0 -9999.0 -9999.0 -9999.0 -9999.0 -9999.0 -9999.0 -9999.0 -9999.0 -9999.0 -9999.0 -9999.0 -9999.0 -9999.0 -9999.0 -9999.0 -9999.0 -9999.0 -9999.0 3984.747131 3985.763705 3987.259497 3992.031860 3992.101211 3993.523107 3999.947180 4007.608268 4010.401213 4007.685839 4006.522056 4007.368437 4009.453588 4013.548959 4023.142714 4035.763095 4048.935115 4060.664768 4080.540918 4094.080505 4105.195875 4119.459529 4119.697061 4115.651707 4113.450714 4112.554005 4109.668717 4105.451530 4102.618167 4108.178703 4106.863963 4108.784165 4117.278953 4128.879889 4144.198410 4160.352989
-9999.0 -9999.0 -9999.0 -9999.0 -9999.0 -9999.0 -9999.0 -9999.0 -9999.0 -9999.0 -9999.0 -9999.0 -9999.0 -9999.0 -9999.0 -9999.0 3955.662415 3957.286812 3959.573137 3964.983892 3968.809996 3972.510955 3979.234794 3980.536906 3983.398501 3989.943731 3993.667209 4002.534015 4010.380229 4016.622716 4021.578029 4022.975369 4028.122108 4036.067173 4046.159831 4058.351808 4076.731399 4099.322454 4113.721699 4129.303301 4145.572399 4145.190684 4142.365474 4141.450536 4138.478201 4137.331028 4149.811615 4151.354594 4143.189524 4149.839897 4160.129369 4161.506297 4167.557748 4186.938451 4208.092653
-9999.0 -9999.0 -9999.0 -9999.0 -9999.0 -9999.0 -9999.0 -9999.0 -9999.0 -9999.0 -9999.0 -9999.0 -9999.0 3905.242328 3908.975192 3919.233630 3931.344154 3934.348147 3939.280399 3945.924701 3957.645395 3960.831161 3966.188088 3972.604302 3984.834662 3992.643958 4000.349661 4010.997711 4017.731004 4023.373160 4028.270125 4028.930831 4038.466482 4050.677664 4063.197889 4080.585755 4101.183993 4117.676879 4133.891624 4149.355043 4159.279571 4154.169906 4152.542501 4153.728220 4156.566501 4167.294497 4182.234009 4179.083375 4185.185371 4204.131635 4212.649547 4217.952744 4222.730439 4236.338136 4257.687308
-9999.0 -9999.0 -9999.0 -9999.0 -9999.0 -9999.0 -9999.0 -9999.0 -9999.0 -9999.0 3880.868210 3881.829657 3877.679577 3873.731527 3879.441465 3891.525061 3906.023595 3910.760155 3922.472033 3943.509549 3961.973133 3964.166335 3976.346960 3985.683066 3991.300833 3999.544499 4010.806666 4021.011875 4034.232691 4043.885609 4050.006911 4063.538384 4077.321530 4091.595246 4106.936450 4125.810060 4139.338264 4160.208841 4183.221969 4189.492292 4203.735581 4203.159270 4197.955008 4194.815246 4203.438449 4212.242698 4224.173168 4236.624532 4253.362857 4273.534898 4281.057259 4293.033068 4301.207440 4310.686429 4325.737859
-9999.0 -9999.0 -9999.0 -9999.0 -9999.0 -9999.0 -9999.0 -9999.0 3856.463777 3864.613256 3869.344493 3865.505107 3860.500732 3853.388636 3867.848176 3882.511611 3897.588554 3915.483492 3930.115894 3947.584370 3960.054685 3973.178233 3992.228908 4001.288178 4009.996094 4023.267900 4034.350016 4046.654819 4065.065622 4069.677353 4077.325085 4094.457599 4107.633749 4122.564771 4139.036762 4153.598643 4170.784432 4198.853067 4225.879241 4239.309076 4263.970472 4278.729864 4271.202267 4267.869712 4267.900916 4289.594582 4314.265673 4342.292889 4358.828712 4380.671939 4408.206335 4427.362458 4436.378204 4447.270611 4460.968272
-9999.0 -9999.0 -9999.0 -9999.0 -9999.0 -9999.0 3827.762139 3851.895728 3866.718128 3857.337565 3841.118867 3834.810791 3827.238844 3859.955362 3881.733318 3898.258600 3913.940120 3930.419473 3945.448640 3951.239396 3978.321733 3996.986268 4006.671064 4017.006262 4029.945019 4042.809054 4057.122922 4076.288530 4091.057101 4109.274235 4121.160547 4134.140258 4155.846927 4171.405336 4186.813698 4198.290717 4224.092398 4257.436425 4290.966389 4313.808476 4337.238729 4368.757515 4366.495261 4367.375541 4367.645956 4392.167232 4426.524283 4456.114144 4487.408970 4517.599509 4546.451036 4556.847010 4565.739225 4575.571123 4588.176893
-9999.0 -9999.0 -9999.0 -9999.0 3796.298877 3816.759697 3834.433908 3863.705400 3884.840315 3879.194106 3882.070905 3878.597789 3872.504489 3877.068704 3884.673770 3900.567995 3918.739407 3937.305009 3949.303099 3972.827594 4019.280347 4027.743163 4041.426737 4068.815002 4077.759540 4090.121495 4104.276101 4122.893328 4138.053836 4162.636221 4193.424643 4219.622560 4239.238607 4257.048058 4275.225694 4290.548579 4325.699077 4362.372650 4397.664329 4428.516371 4454.779234 4481.029498 4486.444353 4490.949989 4500.799536 4518.306493 4541.568157 4569.452351 4603.927077 4636.326109 4659.464802 4667.723631 4672.617984 4682.214612 4689.377406
-9999.0 -9999.0 -9999.0 3740.749719 3779.701961 3819.505544 3844.066164 3873.342968 3904.977147 3902.558280 3910.303645 3907.696327 3903.928497 3907.413835 3907.955666 3923.112907 3940.640780 3960.469162 3980.570026 4012.137459 4038.623280 4051.992176 4077.622315 4089.827102 4099.832674 4111.038088 4128.775643 4147.077707 4181.921593 4209.294359 4253.950187 4303.789538 4334.854357 4353.289161 4376.045441 4403.941087 4429.543345 4469.312013 4503.525199 4535.772359 4566.081880 4588.055953 4601.671252 4606.029519 4616.063939 4621.540042 4633.579298 4654.742081 4677.481994 4708.880088 4738.623367 4768.769961 4784.608941 4796.203542 4813.835947
-9999.0 -9999.0 3691.983601 3731.904655 3761.994189 3807.043369 3859.472947 3894.096081 3932.233281 3948.768063 3950.046473 3957.835574 3965.889745 3964.231728 3970.174921 3980.673114 4003.227751 4012.116434 4032.872568 4043.750497 4076.873458 4107.116144 4095.754128 4130.258793 4159.256674 4193.052912 4215.258178 4241.895336 4280.411876 4312.596919 4356.342843 4406.747346 4440.605592 4468.308837 4484.698490 4505.760794 4526.187417 4553.695241 4591.612813 4617.079795 4651.676717 4677.410166 4696.936022 4696.692150 4699.259703 4715.829320 4745.389225 4777.716593 4807.977939 4838.507755 4818.607317 4845.157494 4857.044351 4863.676323 4874.104129
-9999.0 -9999.0 3660.415688 3707.324038 3739.579414 3794.241235 3882.336147 3914.940675 3953.268543 3997.939704 4009.544848 4029.395171 4017.221867 3999.427486 4014.933666 4026.384099 4049.002907 4056.620265 4049.101857 4100.233402 4151.226008 4168.477965 4163.797408 4243.642610 4298.185760 4324.981992 4343.324734 4364.052657 4383.186068 4421.012626 4458.848228 4514.514514 4556.013519 4586.356114 4601.224267 4622.374363 4642.411938 4657.517289 4677.777438 4726.887533 4764.888458 4797.355499 4830.896589 4852.879893 4861.338169 4867.051343 4837.842772 4860.076456 4875.154403 4881.657428 4884.303813 4880.424716 4879.909056 4880.789989 4881.709750
-9999.0 3565.366442 3617.895390 3667.203712 3729.617949 3788.388618 3859.850554 3932.501948 4001.076009 4054.233669 4077.944125 4065.002913 4053.697557 4073.605869 4090.999744 4104.458808 4110.839220 4122.786808 4101.688821 4156.905426 4190.547178 4233.388454 4330.723407 4390.386490 4459.470788 4454.613224 4441.892984 4445.553601 4460.224309 4508.243101 4591.233263 4650.664510 4720.629961 4772.697373 4791.028074 4799.349515 4818.989103 4840.623953 4778.881490 4828.159246 4850.999483 4870.057877 4881.480410 4884.107258 4885.574374 4885.301174 4881.502638 4874.293005 4865.976674 4860.024448 4855.718580 4851.215206 4853.661734 4857.008050 4856.994147
-9999.0 3525.796086 3582.305634 3649.308044 3715.033652 3754.428011 3829.345115 4002.537093 4067.437227 4105.308626 4105.334728 4066.611294 4118.549037 4176.922375 4198.917205 4244.921446 4227.031626 4211.335129 4168.012116 4191.899553 4228.409663 4299.553759 4480.171221 4571.266994 4631.099432 4639.027407 4638.799252 4668.333489 4715.402672 4766.807043 4817.065521 4777.614422 4834.349363 4862.453015 4868.325762 4869.147819 4875.453465 4873.759027 4872.630744 4868.031925 4862.758552 4862.947929 4867.785169 4867.655247 4864.617316 4861.104011 4855.317822 4847.900617 4842.778752 4838.133705 4835.497134 4832.699347 4830.599555 4829.579423 4824.468208
-9999.0 3481.236641 3557.196087 3613.199761 3652.007952 3734.234644 3865.192437 4011.780802 4109.137548 4142.009105 4104.988333 4129.807513 4234.279016 4344.901837 4398.595895 4419.443791 4394.828194 4338.952213 4312.744995 4357.182389 4430.747283 4560.580586 4715.266789 4822.901933 4839.717243 4843.633826 4788.093037 4817.977680 4845.676953 4848.963944 4850.264555 4859.831771 4865.035447 4868.151670 4866.525823 4863.617586 4858.736499 4850.420690 4845.651201 4841.838005 4837.973234 4836.603674 4838.438965 4840.509627 4837.586707 4833.640774 4829.145191 4823.572848 4817.169350 4810.308870 4805.822286 4801.425019 4799.223259 4793.346441 4789.957897
-9999.0 3348.416945 3447.689476 3482.328134 3540.909724 3734.264880 3863.965787 4000.497780 4172.217203 4186.903273 4223.240561 4370.269150 4495.686640 4579.937798 4606.751822 4639.116177 4663.751117 4678.723111 4717.477050 4574.974620 4664.483787 4776.219676 4828.328990 4850.925477 4863.895223 4864.327237 4853.976555 4832.691935 4821.847277 4815.078727 4816.695293 4824.043327 4828.524930 4833.153857 4830.797785 4832.052327 4833.521247 4830.387197 4826.259690 4817.324665 4809.359248 4802.330712 4798.585632 4803.119702 4798.501807 4796.341285 4789.983615 4781.285236 4772.104023 4764.681612 4756.479903 4749.813986 4747.613851 4742.608285 4741.351182
-9999.0 3267.235860 3337.785876 3385.375528 3484.680691 3647.470461 3729.478766 3883.511687 4136.166085 4280.076905 4458.619696 4557.595745 4629.176152 4667.182010 4715.707836 4771.367887 4800.632924 4814.270938 4778.133190 4805.229357 4759.899250 4748.415036 4766.874421 4797.676621 4816.553269 4820.927286 4813.332028 4804.628090 4797.323734 4796.201044 4793.765524 4788.890602 4784.010364 4779.973171 4776.834810 4780.161529 4785.757730 4778.276897 4767.376832 4757.434149 4748.488304 4738.903567 4732.751271 4727.636147 4728.439384 4728.789328 4720.961252 4710.246373 4699.102530 4690.590496 4683.352777 4679.013565 4676.106162 4670.911289 4660.444363
-9999.0 3138.636543 3275.151244 3343.736230 3426.162653 3550.543499 3644.713410 3790.970349 3913.751949 4167.893546 4304.976895 4528.005136 4582.524321 4658.136229 4703.740828 4781.053054 4775.094310 4744.027947 4698.307870 4682.620344 4696.595029 4706.363077 4713.988426 4727.696827 4746.027470 4756.698050 4762.839161 4757.363936 4742.992893 4729.591147 4717.139116 4702.246629 4692.111159 4689.218595 4694.305496 4705.246261 4705.232457 4695.794231 4681.189120 4662.125543 4645.888840 4633.589808 4631.795323 4634.962365 4636.317400 4631.959245 4626.288349 4615.213923 4602.331965 4589.428065 4584.034447 4579.791029 4571.932240 4559.979191 4547.485454
-9999.0 -9999.0 3184.473658 3291.017625 3376.944058 3481.234678 3558.205057 3664.719244 3800.217061 3968.120358 4085.252552 4283.916445 4388.514004 4433.937648 4464.686543 4522.706130 4551.642368 4588.193889 4587.048048 4602.216094 4614.195737 4620.298717 4625.103212 4629.801759 4640.056773 4650.264902 4661.599436 4658.731722 4650.049007 4628.445195 4600.984708 4579.524045 4568.454471 4558.425429 4571.462962 4584.423793 4578.059759 4570.986225 4557.987941 4541.440603 4528.855680 4514.293037 4510.839704 4510.557863 4511.230753 4508.981379 4506.910254 4494.340992 4482.004990 4472.462100 4468.659528 4462.942007 4459.665024 4449.844594 4439.174653
-9999.0 -9999.0 3094.283378 3194.987506 3290.460233 3403.089236 3478.383546 3466.936880 3595.424341 3693.444304 3802.541120 3919.215828 4022.266859 4094.232331 4124.953883 4189.196329 4251.801059 4272.262677 4320.253109 4383.203384 4421.324341 4465.521816 4490.976080 4500.169084 4512.832168 4528.107654 4535.486251 4519.225900 4507.839970 4490.492535 4466.197805 4438.199666 4424.072465 4424.531375 4422.528599 4422.906349 4414.592140 4405.697833 4391.016439 4377.435542 4365.324422 4357.031651 4353.501538 4347.135708 4344.440018 4341.640261 4340.239387 4335.807281 4328.230881 4324.364926 4315.940154 4312.659905 4312.299054 4310.065566 4305.027710
