tests/Borden05m/sims/sim_1/output-maps/psiliqL0003N0019.asc
ncols         160
nrows         34
xllcorner     620200.000000
yllcorner     5168000.000000
cellsize      0.500000
NODATA_value  -9999.0
[rows 0 to 24 of 34, columns 0 to 55 of 160]
-9999.0 -9999.0 -9999.0 -9999.0 -9999.0 -9999.0 -9999.0 -9999.0 -9999.0 -9999.0 -9999.0 -9999.0 -9999.0 -9999.0 -9999.0 -9999.0 -9999.0 -9999.0 -9999.0 -9999.0 -9999.0 -9999.0 -9999.0 -9999.0 -9999.0 -9999.0 -9999.0 -9999.0 -9999.0 -9999.0 -9999.0 -9999.0 -9999.0 -9999.0 -9999.0 -9999.0 -9999.0 -9999.0 -9999.0 -9999.0 -9999.0 -9999.0 -9999.0 -9999.0 -9999.0 -9999.0 -9999.0 -9999.0 -9999.0 -9999.0 -9999.0 -9999.0 -9999.0 -9999.0 -9999.0 -9999.0
-9999.0 -9999.0 -9999.0 -9999.0 -9999.0 -9999.0 -9999.0 -9999.0 -9999.0 -9999.0 -9999.0 -9999.0 -9999.0 -9999.0 -9999.0 -9999.0 -9999.0 -9999.0 -9999.0 -9999.0 -9999.0 -9999.0 -9999.0 -9999.0 -9999.0 -9999.0 -9999.0 -9999.0 -9999.0 -9999.0 -9999.0 -9999.0 -9999.0 -9999.0 -9999.0 -9999.0 -9999.0 -9999.0 -9999.0 -9999.0 -9999.0 -9999.0 -9999.0 -9999.0 -9999.0 -9999.0 -9999.0 -9999.0 -9999.0 -9999.0 -9999.0 -9999.0 -9999.0 -9999.0 -9999.0 -9999.0
-9999.0 -9999.0 -9999.0 -9999.0 -9999.0 -9999.0 -9999.0 -9999.0 -9999.0 -9999.0 -9999.0 -9999.0 -9999.0 -9999.0 -9999.0 -9999.0 -9999.0 -9999.0 -9999.0 -9999.0 -9999.0 -9999.0 -9999.0 -9999.0 -9999.0 -9999.0 -9999.0 -9999.0 -9999.0 -9999.0 -9999.0 -9999.0 -9999.0 -9999.0 -9999.0 -9999.0 -9999.0 -9999.0 -9999.0 -9999.0 -9999.0 -9999.0 -9999.0 -9999.0 -9999.0 -9999.0 -9999.0 -595.530128 -599.450919 -604.135803 -605.407137 -600.120155 -597.567393 -595.142740 -593.419505 -591.794984
-9999.0 -9999.0 -9999.0 -9999.0 -9999.0 -9999.0 -9999.0 -9999.0 -9999.0 -9999.0 -9999.0 -9999.0 -9999.0 -9999.0 -9999.0 -9999.0 -9999.0 -9999.0 -9999.0 -9999.0 -9999.0 -9999.0 -9999.0 -9999.0 -9999.0 -9999.0 -9999.0 -9999.0 -9999.0 -9999.0 -9999.0 -9999.0 -9999.0 -9999.0 -9999.0 -9999.0 -9999.0 -9999.0 -9999.0 -9999.0 -595.091652 -593.295528 -591.889256 -594.523241 -595.761102 -595.783901 -598.680774 -601.946906 -605.274979 -604.366166 -604.284789 -606.437334 -602.687619 -599.569825 -598.296805 -597.190259
-9999.0 -9999.0 -9999.0 -9999.0 -9999.0 -9999.0 -9999.0 -9999.0 -9999.0 -9999.0 -9999.0 -9999.0 -9999.0 -9999.0 -9999.0 -9999.0 -9999.0 -9999.0 -9999.0 -9999.0 -9999.0 -9999.0 -9999.0 -9999.0 -9999.0 -9999.0 -9999.0 -9999.0 -9999.0 -9999.0 -9999.0 -9999.0 -9999.0 -9999.0 -604.246833 -600.830228 -599.181516 -597.586515 -595.328977 -595.917013 -596.414819 -594.837978 -596.243541 -596.403004 -598.263903 -601.692476 -605.145837 -607.115442 -605.228529 -605.888024 -605.840801 -604.056903 -602.830810 -602.230554 -599.645529 -595.638797
-9999.0 -9999.0 -9999.0 -9999.0 -9999.0 -9999.0 -9999.0 -9999.0 -9999.0 -9999.0 -9999.0 -9999.0 -9999.0 -9999.0 -9999.0 -9999.0 -9999.0 -9999.0 -9999.0 -9999.0 -9999.0 -9999.0 -9999.0 -9999.0 -9999.0 -9999.0 -9999.0 -9999.0 -599.323023 -600.652146 -601.677321 -601.633570 -602.104049 -603.875602 -604.276082 -603.832343 -601.900619 -598.862396 -598.236077 -598.491453 -598.193386 -598.853079 -600.811334 -601.036960 -598.966946 -601.063522 -602.151638 -603.573284 -606.933412 -607.754918 -605.789539 -603.853981 -602.135502 -601.576416 -601.147919 -600.966722
-9999.0 -9999.0 -9999.0 -9999.0 -9999.0 -9999.0 -9999.0 -9999.0 -9999.0 -9999.0 -9999.0 -9999.0 -9999.0 -9999.0 -9999.0 -9999.0 -9999.0 -9999.0 -9999.0 -9999.0 -9999.0 -9999.0 -9999.0 -601.796844 -600.574578 -600.076864 -598.985582 -599.508944 -602.028148 -603.675817 -604.398250 -604.986606 -606.348146 -606.474112 -606.437365 -605.455429 -604.661503 -601.477085 -602.844915 -603.722236 -601.026281 -601.615758 -599.901414 -597.966163 -598.440256 -598.100820 -601.783667 -604.552929 -601.725861 -600.547164 -600.606448 -601.142732 -600.084464 -598.661972 -596.889354 -593.968987
-9999.0 -9999.0 -9999.0 -9999.0 -9999.0 -9999.0 -9999.0 -9999.0 -9999.0 -9999.0 -9999.0 -9999.0 -9999.0 -9999.0 -9999.0 -9999.0 -9999.0 -9999.0 -9999.0 -601.914781 -602.276971 -602.995377 -602.679598 -605.050810 -606.048999 -605.313670 -603.968076 -604.709768 -606.109679 -607.322727 -607.171974 -606.994761 -607.262545 -605.353892 -603.769629 -603.153944 -603.404037 -600.856385 -599.998415 -598.516136 -594.873764 -597.154621 -599.452910 -600.666190 -600.772024 -601.431263 -599.286441 -598.629148 -598.370485 -598.514455 -598.388782 -597.776271 -597.334807 -594.256719 -591.321428 -588.764628
-9999.0 -9999.0 -9999.0 -9999.0 -9999.0 -9999.0 -9999.0 -9999.0 -9999.0 -9999.0 -9999.0 -9999.0 -9999.0 -9999.0 -9999.0 -9999.0 -602.428974 -602.622291 -603.506856 -604.926573 -606.177570 -606.182514 -605.154819 -606.932746 -607.503173 -607.053655 -607.808191 -606.854054 -605.839240 -604.643693 -604.090858 -605.351449 -605.064261 -605.166266 -605.210388 -604.470865 -601.612318 -598.928647 -598.207115 -596.250878 -592.901048 -594.714824 -595.531421 -595.448774 -596.589925 -595.520921 -590.587940 -591.246201 -593.235495 -588.042926 -585.225961 -586.070762 -586.425048 -582.928567 -577.635927 -570.744341
-9999.0 -9999.0 -9999.0 -9999.0 -9999.0 -9999.0 -9999.0 -9999.0 -9999.0 -9999.0 -9999.0 -9999.0 -9999.0 -603.143270 -603.306478 -603.000752 -605.220434 -606.994014 -608.058136 -609.540305 -607.525860 -608.899212 -609.303955 -608.924679 -607.116560 -607.022580 -606.764818 -605.592127 -605.897775 -606.373995 -606.837260 -607.869381 -606.306296 -604.724212 -603.575255 -601.275451 -599.414835 -597.880291 -595.253961 -594.595063 -592.787812 -593.358238 -595.317292 -595.732546 -594.130655 -589.452451 -585.735512 -584.282986 -577.786904 -570.797529 -567.179311 -562.672923 -560.267316 -556.862125 -548.758615 -525.732916
-9999.0 -9999.0 -9999.0 -9999.0 -9999.0 -9999.0 -9999.0 -9999.0 -9999.0 -9999.0 -606.902110 -605.702456 -607.485361 -610.772123 -612.188996 -611.376279 -610.515067 -611.725134 -611.626581 -608.057974 -606.070541 -609.273284 -606.967105 -606.868387 -608.199707 -607.782153 -606.787392 -606.541608 -604.296684 -604.115435 -603.989487 -600.369124 -599.303909 -598.168869 -596.647619 -594.967750 -593.412839 -587.742959 -582.788341 -582.563469 -575.829973 -571.533937 -574.832521 -575.992698 -574.855229 -569.638056 -560.881417 -547.922855 -534.126334 -513.553992 -493.309706 -478.567717 -467.019089 -453.368224 -437.443111 -413.908960
-9999.0 -9999.0 -9999.0 -9999.0 -9999.0 -9999.0 -9999.0 -9999.0 -611.823223 -609.891984 -608.672193 -610.188647 -612.233410 -615.939114 -614.476563 -613.037996 -612.041375 -610.582609 -609.852056 -609.215650 -609.959287 -608.694914 -606.391898 -606.902627 -606.590937 -605.057786 -604.909884 -603.481227 -601.314915 -602.086180 -600.807778 -598.711247 -596.847851 -595.161242 -593.160875 -591.806031 -585.903615 -577.933998 -569.159029 -561.203129 -549.618428 -534.771146 -534.384685 -531.544676 -527.971914 -505.986798 -474.250667 -440.716263 -415.582665 -394.004057 -370.865821 -357.480204 -348.199355 -336.571332 -322.231620 -309.289050
-9999.0 -9999.0 -9999.0 -9999.0 -9999.0 -9999.0 -614.810368 -610.472795 -608.369536 -613.161351 -616.894068 -618.151023 -620.392256 -615.475348 -611.176573 -610.309044 -609.621209 -608.807014 -609.141118 -611.803250 -605.264978 -606.856895 -608.005159 -605.924793 -605.958608 -605.667603 -604.287448 -601.277153 -599.764254 -593.882031 -589.414980 -585.444991 -580.263039 -576.870920 -573.257185 -568.896722 -557.458858 -538.938262 -512.695028 -483.221429 -453.247018 -425.717962 -415.662255 -410.341852 -403.874138 -391.194745 -367.737996 -341.877169 -311.385088 -282.047714 -259.383642 -248.582092 -238.964291 -228.157332 -214.876012 -200.324883
-9999.0 -9999.0 -9999.0 -9999.0 -612.602239 -611.596560 -612.305276 -608.504604 -605.863438 -611.632360 -609.547722 -610.564252 -612.475131 -614.775854 -617.528292 -615.423238 -614.166312 -613.286568 -613.542101 -607.099233 -601.524880 -604.747879 -601.881162 -596.460859 -597.395081 -596.651101 -596.159327 -593.470198 -588.709174 -582.537181 -568.985305 -555.501217 -544.842206 -531.796015 -517.511809 -496.595732 -463.668714 -427.628387 -400.024081 -372.890184 -346.822544 -325.373179 -310.795204 -302.192454 -291.611090 -279.022553 -262.010688 -237.926082 -210.891610 -179.502499 -149.778797 -133.214333 -124.748264 -114.775317 -102.383448 -84.340372
-9999.0 -9999.0 -9999.0 -615.334723 -611.057620 -609.406828 -611.297499 -610.421418 -607.117125 -610.174681 -610.707752 -611.205155 -611.488574 -611.389767 -611.582564 -610.312059 -609.999917 -610.793008 -609.789889 -605.758227 -603.674678 -600.263009 -597.465683 -593.355952 -589.845746 -588.325825 -586.258448 -581.215301 -568.864439 -553.207005 -522.291358 -474.453601 -436.181795 -414.406199 -400.268404 -381.139215 -361.575832 -332.484646 -303.163053 -275.082607 -246.758234 -222.738826 -200.629059 -186.782776 -177.911112 -169.157866 -152.563299 -132.932788 -112.483138 -81.515583 -24.010481 -4.785080 5.752675 12.529051 25.068496 37.924795
-9999.0 -9999.0 -614.713691 -612.246465 -613.788466 -610.656971 -607.166988 -609.307407 -605.172203 -603.749011 -607.620081 -605.245168 -603.956499 -606.304282 -604.589792 -602.660345 -601.670910 -604.604739 -606.613491 -601.826386 -591.761231 -583.189991 -577.937002 -556.799442 -543.098265 -533.524021 -528.078957 -511.278752 -481.949884 -436.815823 -398.547405 -358.716012 -323.852301 -295.952511 -283.520379 -268.642977 -246.191038 -222.277983 -193.307379 -166.574097 -139.450897 -114.298685 -87.378459 -45.273430 -40.487559 -28.062682 -10.240010 8.699717 26.737177 43.941972 61.480187 62.173596 62.530842 62.708950 62.632236 62.944248
-9999.0 -9999.0 -617.529545 -613.478038 -616.109393 -609.735445 -603.729670 -608.958014 -606.966031 -600.815059 -602.182126 -601.251415 -601.725505 -601.129184 -598.241856 -592.780044 -595.338959 -596.323095 -602.059892 -587.541173 -573.709128 -547.991815 -493.843784 -441.495314 -411.726483 -406.322010 -402.680334 -390.120721 -370.119745 -332.249021 -283.720782 -231.262597 -189.101003 -161.353305 -147.491518 -133.073430 -110.137876 -61.169574 -44.494514 -16.009040 0.643568 18.984523 38.668872 56.072811 62.055748 62.292797 61.834605 62.208716 62.271743 62.322328 62.080911 59.032795 58.104368 58.536730 59.573085 54.934102
-9999.0 -618.636445 -616.555972 -616.319492 -612.143899 -613.167067 -608.011990 -600.708094 -600.494236 -597.598942 -597.140249 -600.564347 -586.332136 -573.464722 -568.420494 -556.909110 -561.303170 -564.690584 -571.557638 -554.904766 -519.865981 -437.100719 -346.346780 -302.855759 -283.802681 -283.641352 -287.937194 -275.800371 -250.696153 -208.498583 -136.910141 -54.360933 -16.694054 10.004853 18.203344 19.867425 32.304335 48.305122 63.491518 66.033449 66.082399 66.650794 62.289223 62.587383 62.470915 62.391346 59.514015 53.496974 45.784113 39.296315 35.313008 30.760097 32.998423 36.153749 37.575508 30.596106
-9999.0 -624.815781 -616.851101 -612.145879 -613.714109 -616.672033 -605.239931 -588.152621 -592.952497 -594.081201 -594.023365 -582.418500 -546.619937 -506.784435 -475.673034 -443.586385 -445.007107 -455.347907 -453.268063 -423.961714 -379.786694 -310.280381 -207.541927 -140.835430 -150.837244 -150.481577 -146.509690 -126.289133 -95.812261 -57.457500 23.494807 50.339299 54.084881 54.873088 55.099656 55.227458 55.478508 55.677533 52.371212 48.748755 41.885651 43.235557 47.757601 47.474789 43.471847 40.355071 34.990416 26.197430 -4.296633 -19.029547 -24.575859 -28.787252 -30.664362 -30.413582 -34.600927 -41.246558
-9999.0 -618.555585 -609.617673 -611.756031 -618.866884 -608.011010 -602.899756 -590.267261 -579.944189 -581.152826 -565.001921 -508.764526 -436.688692 -384.276210 -351.657414 -333.177170 -320.930516 -321.522783 -300.577049 -252.724627 -177.209359 -64.956361 -22.155267 23.125645 -23.659204 -46.581589 -55.942026 -56.841992 -51.785262 -39.461957 -13.955353 34.442524 41.722172 45.664801 43.354270 40.349275 35.936134 28.463726 23.034229 17.754562 -13.706343 -13.924226 15.535593 15.125902 -15.703062 -25.440351 -32.448922 -40.999038 -53.063303 -63.567149 -69.253348 -74.088751 -76.825897 -81.389857 -86.603194 -93.086824
-9999.0 -629.306347 -616.359339 -626.958932 -611.957154 -599.023920 -599.744712 -579.104991 -552.266673 -537.909341 -460.460355 -394.661994 -330.214199 -283.293202 -247.543119 -209.555053 -183.648667 -156.898028 -122.232058 -83.610893 19.293800 43.626654 45.232985 44.761437 26.570414 -38.666870 -61.583391 -83.205181 -90.813261 -90.059745 -76.070691 -53.010024 -35.181112 4.344557 -26.160276 -30.467207 -32.191311 -36.096181 -40.077760 -49.472321 -61.777512 -67.067174 -63.900572 -59.181835 -69.963514 -76.908065 -84.501298 -93.751721 -104.193887 -113.644175 -122.022795 -129.290526 -132.707478 -138.632764 -140.365372 -147.400775
-9999.0 -637.320752 -627.931642 -621.095699 -608.062052 -598.633507 -588.606785 -565.416109 -505.098953 -435.496844 -376.198458 -342.881083 -290.022427 -231.489276 -173.629337 -142.786032 -126.314854 -119.658259 -109.678078 -98.801107 -95.977431 -44.306046 -29.273544 -11.784099 -57.759765 -79.282867 -98.624716 -113.345278 -119.019430 -115.629276 -109.474422 -101.124337 -93.938329 -87.643304 -93.189188 -93.342083 -89.937964 -95.189562 -102.297508 -109.779900 -117.192243 -124.686350 -129.078099 -131.962795 -136.000935 -138.052762 -146.131109 -156.798284 -167.526422 -175.963232 -184.131400 -190.532551 -192.815422 -197.271472 -202.985467 -212.790758
-9999.0 -655.843156 -624.843807 -621.191450 -613.403086 -610.798902 -608.024191 -591.068628 -561.257659 -446.539733 -319.913520 -304.930667 -286.800255 -253.513238 -198.490331 -148.892344 -142.727479 -170.288020 -190.587531 -197.747350 -187.319670 -165.732955 -148.478499 -131.420733 -129.519862 -131.901610 -138.477989 -149.231099 -161.442898 -165.605126 -164.933137 -167.147198 -168.275082 -165.369471 -166.735139 -162.179682 -158.855207 -167.390369 -178.720512 -192.263345 -204.339154 -213.192153 -216.274218 -216.163333 -217.462445 -220.897473 -228.203772 -237.767188 -249.272537 -259.564634 -267.526279 -273.039843 -278.482317 -285.838067 -294.071932 -303.082119
-9999.0 -9999.0 -638.651095 -621.198543 -618.968008 -616.278786 -613.703851 -600.890315 -585.653638 -529.050163 -449.589219 -399.590236 -367.540510 -336.446400 -290.817247 -251.178430 -245.252889 -239.500559 -263.341391 -262.615597 -255.909560 -247.278618 -235.861854 -224.668320 -216.681678 -213.004902 -211.345291 -214.120207 -222.287076 -233.945480 -246.271758 -254.712351 -259.445796 -262.785474 -255.919901 -246.455125 -247.502891 -253.295561 -263.292663 -276.578925 -287.865021 -299.095241 -302.139325 -301.390035 -301.689321 -304.594658 -309.515850 -320.437859 -331.474150 -342.655630 -348.010464 -353.198341 -358.325450 -367.116211 -375.971821 -385.779230
-9999.0 -9999.0 -659.124648 -630.248504 -618.575375 -610.570308 -611.581969 -610.052524 -592.117374 -581.816983 -564.751005 -536.163097 -499.121062 -455.846061 -427.327059 -396.372688 -382.495333 -375.789542 -375.067764 -366.961908 -351.203780 -335.855168 -325.039765 -314.664103 -305.202757 -297.752912 -291.237368 -299.575321 -307.935562 -320.215670 -335.238667 -351.669515 -360.368035 -365.320968 -361.666365 -355.403953 -359.213645 -367.262784 -378.161289 -390.534546 -399.642131 -408.157073 -410.558382 -411.417994 -411.606116 -413.388864 -415.878899 -423.281435 -433.635810 -442.509513 -450.368786 -457.580168 -462.210485 -471.298736 -482.663644 -491.623173
