tests/Borden05m/sims/sim_1/output-maps/psiliqL0015N0016.asc
ncols         160
nrows         34
xllcorner     620200.000000
yllcorner     5168000.000000
cellsize      0.500000
NODATA_value  -9999.0
[rows 0 to 24 of 34, columns 56 to 111 of 160]
-9999.0 -9999.0 -9999.0 -9999.0 -9999.0 -9999.0 -9999.0 -9999.0 -9999.0 -9999.0 -9999.0 -9999.0 -9999.0 -9999.0 -9999.0 -9999.0 -9999.0 -9999.0 -9999.0 -9999.0 -9999.0 -9999.0 -9999.0 -9999.0 -9999.0 -9999.0 -9999.0 -9999.0 -9999.0 -9999.0 -9999.0 -9999.0 -9999.0 -9999.0 -9999.0 -9999.0 -9999.0 -9999.0 -9999.0 -9999.0 -9999.0 -9999.0 -9999.0 -9999.0 -9999.0 -9999.0 -9999.0 -9999.0 -9999.0 -9999.0 -9999.0 -9999.0 -9999.0 -9999.0 -9999.0 -9999.0
-9999.0 -9999.0 -9999.0 1228.857201 1223.512422 1218.557515 1213.981886 1205.425675 1196.520907 1188.554809 1184.907751 1184.314355 1183.869139 1183.779273 1189.282224 1197.586202 1205.493057 1212.856240 1215.494632 1218.128938 1220.502129 1221.131287 1220.085117 1217.011523 1213.853290 1210.581256 1209.144395 1201.271454 1190.016832 1181.352687 1178.646083 1183.033579 1187.458109 1189.895387 1195.554944 1206.112693 1216.729027 1225.079976 1236.836103 1242.557724 1247.388160 1249.935863 1245.462254 1241.554214 1237.330339 1231.735672 1220.482634 -9999.0 -9999.0 -9999.0 -9999.0 -9999.0 -9999.0 -9999.0 -9999.0 -9999.0
1192.499447 1212.894112 1216.306314 1204.997163 1200.205087 1197.175214 1195.465353 1191.001203 1182.703846 1177.820924 1172.777296 1171.168783 1171.585670 1171.976763 1176.348217 1186.895182 1195.112098 1200.093742 1202.853758 1205.706459 1205.418818 1205.041407 1204.908203 1202.180989 1198.887754 1195.623846 1193.925882 1194.599662 1187.086269 1181.582587 1178.123616 1176.265426 1178.786634 1181.164065 1184.650099 1193.969194 1201.936897 1209.885128 1224.094635 1236.352180 1241.330545 1238.431068 1233.065991 1228.801971 1221.537950 1210.963704 1200.372852 1190.751690 1183.529905 1177.565488 1171.245519 1176.781324 1183.054983 1192.352653 1201.460931 1213.080152
1177.643866 1198.114922 1201.191677 1190.770272 1182.849716 1177.854245 1178.433144 1181.493849 1178.403193 1174.146820 1169.146867 1178.279280 1179.912515 1181.356123 1184.962724 1188.168606 1191.862572 1194.809046 1200.396206 1209.602334 1212.539215 1213.249746 1213.548063 1211.844677 1208.838577 1207.124816 1204.471444 1199.361655 1198.235734 1198.475383 1198.085165 1202.901049 1204.359402 1206.201090 1199.620024 1203.180574 1209.231591 1215.901146 1222.049736 1228.362178 1231.766387 1228.066783 1226.903327 1217.945067 1203.564386 1192.069901 1183.230358 1181.179476 1177.472684 1169.010219 1155.531057 1162.183281 1177.182969 1181.211587 1183.889705 1195.000133
1173.587418 1185.565232 1188.870212 1184.239064 1186.061470 1188.047821 1189.879244 1188.671553 1186.030682 1184.137452 1196.761203 1206.433284 1208.599164 1211.846644 1215.892276 1215.829767 1204.396700 1202.309366 1210.666088 1221.113482 1227.017205 1227.437875 1227.498521 1225.347250 1224.436163 1224.181564 1222.148851 1222.797437 1225.162733 1224.820456 1229.205482 1234.807578 1237.718553 1230.263001 1221.160690 1222.069287 1229.749992 1237.838506 1244.958064 1255.220854 1266.053587 1264.711994 1258.648766 1249.024198 1234.889708 1210.872744 1190.936702 1179.341979 1171.328700 1163.359486 1163.038779 1158.976421 1169.866015 1170.825022 1172.088087 1179.542410
1179.703481 1201.209241 1209.288898 1203.858679 1199.471413 1197.405750 1198.601781 1199.084419 1202.208516 1214.582284 1228.509729 1242.953976 1246.068817 1248.956750 1248.814288 1240.370825 1230.473611 1227.160526 1241.908253 1258.379741 1266.814510 1267.518313 1266.470844 1272.923727 1271.876941 1270.567595 1266.019670 1267.977611 1268.995519 1278.308899 1285.971664 1293.159529 1291.366105 1279.236254 1267.548620 1266.039298 1268.970446 1272.534734 1278.661767 1288.533754 1297.716412 1292.119129 1284.581253 1274.174164 1245.199323 1217.915722 1200.606751 1199.908951 1199.238405 1193.495856 1189.570869 1185.747765 1178.304657 1177.046816 1175.387412 1174.078256
1228.925126 1249.539253 1265.495432 1260.299245 1252.906446 1243.563430 1244.632734 1247.827709 1256.138275 1269.312187 1286.622641 1310.776413 1313.679953 1316.967908 1319.573731 1308.598677 1296.573809 1285.933852 1304.541672 1315.109722 1323.801948 1325.178995 1334.521776 1344.322792 1340.034107 1332.402260 1322.051420 1328.374545 1339.536693 1354.686577 1361.661367 1365.690699 1363.952878 1352.403878 1346.340884 1344.996785 1347.438367 1345.195966 1349.931473 1359.560656 1374.053256 1372.784862 1363.807435 1340.799747 1302.971800 1268.406334 1248.107719 1253.393361 1245.639930 1237.846391 1233.547531 1218.968193 1207.571016 1206.906744 1196.583313 1189.698695
1275.866185 1294.593534 1313.274444 1308.631230 1298.768847 1285.717719 1285.476247 1293.111114 1303.797374 1323.161141 1345.883445 1369.704107 1377.219533 1379.566557 1389.581847 1383.550680 1374.427697 1366.639678 1379.345495 1391.334446 1403.058198 1412.439377 1425.237675 1436.648032 1426.242394 1413.720453 1407.986665 1413.521939 1434.002859 1451.917336 1457.002321 1457.978250 1460.241784 1450.340699 1443.781047 1437.259904 1432.506166 1426.803794 1422.681201 1441.289191 1457.812027 1455.679017 1431.972083 1407.307603 1369.798141 1331.198726 1299.210619 1299.431954 1295.535096 1293.971307 1278.600192 1262.586373 1246.356182 1236.724513 1226.950686 1212.458229
1363.789385 1384.639473 1406.494097 1406.729969 1389.978810 1381.704923 1386.718806 1399.942233 1407.721234 1423.979969 1447.585450 1478.824718 1499.263452 1517.606393 1522.301655 1514.583530 1506.127096 1493.560571 1492.797703 1510.832332 1522.857286 1533.267912 1543.693976 1556.079843 1560.892309 1557.812239 1557.227469 1560.622753 1568.544810 1578.196804 1584.869738 1589.880961 1594.906277 1589.853677 1579.176965 1573.120651 1564.552350 1558.245771 1555.568089 1558.869560 1570.596927 1567.757844 1539.728984 1512.134548 1479.063824 1441.223897 1409.470634 1392.788003 1399.486921 1388.618059 1369.607975 1350.326387 1315.765912 1299.930330 1284.000623 1254.769206
1464.815325 1492.592868 1507.275116 1520.309877 1514.803038 1516.500812 1521.040300 1528.935054 1534.166428 1542.306520 1575.042122 1609.942579 1638.807561 1663.035840 1671.801200 1661.736412 1652.425842 1640.662482 1631.633563 1636.842016 1651.553789 1668.224806 1683.619065 1694.716569 1698.096552 1696.885948 1697.187500 1699.361478 1702.368928 1705.542551 1711.922284 1719.118847 1728.785557 1739.111894 1732.447099 1715.503833 1703.345336 1689.997177 1685.188716 1683.628742 1682.160458 1681.604373 1672.013942 1638.657834 1609.211351 1576.653593 1548.596376 1528.025352 1515.299905 1495.032219 1471.317258 1423.904822 1383.440291 1348.467018 1321.909253 1294.023475
1579.338302 1610.181182 1633.553649 1648.864429 1651.485792 1654.413794 1657.422798 1663.539367 1668.876091 1675.858015 1699.352565 1737.415287 1774.866782 1804.922639 1808.613623 1799.022352 1788.873713 1778.981546 1768.012302 1764.697396 1773.170690 1784.772349 1801.217733 1812.251087 1821.163155 1820.035583 1820.419921 1821.072511 1823.155487 1825.022588 1827.220739 1834.540909 1846.667560 1858.135596 1858.643541 1844.271795 1826.892382 1809.443459 1802.561056 1796.633002 1790.463167 1790.336420 1790.538239 1781.215840 1754.668398 1717.783785 1675.248892 1649.735313 1628.709795 1614.925341 1597.760831 1569.012250 1515.025087 1482.669782 1446.923780 1413.652850
1693.722311 1723.540936 1754.336870 1772.937813 1780.423159 1781.097403 1783.272503 1791.209871 1797.488311 1807.357703 1824.257057 1849.481373 1879.433239 1906.657201 1923.758695 1919.688545 1906.615067 1888.885698 1883.060155 1881.545318 1883.699004 1890.516473 1899.003352 1914.707479 1930.755333 1936.090714 1936.801631 1934.318497 1936.470452 1937.700459 1937.808741 1939.136411 1944.364322 1951.649332 1954.062983 1948.503929 1931.455251 1910.575180 1896.391552 1887.701271 1882.917451 1880.918962 1882.260015 1881.784563 1868.904042 1838.568087 1799.308519 1766.072400 1744.474200 1728.008383 1713.217962 1700.853914 1678.509152 1659.308768 1627.255867 1582.923573
1796.194386 1822.576013 1849.909719 1874.249542 1890.931196 1895.007203 1900.873257 1906.298066 1916.133929 1931.883622 1951.784007 1966.775252 1984.678333 2006.813609 2020.040275 2025.757448 2025.840798 2024.142629 2025.708491 2025.705845 1993.549580 1996.758726 1999.904022 2008.347789 2017.270217 2020.201801 2020.425533 2019.070360 2020.277707 2020.732926 2020.889469 2020.580359 2020.922160 2023.420738 2024.220950 2022.691151 2014.798906 2019.873221 2002.201132 1989.805213 1981.953208 1973.939304 1965.205764 1955.362457 1945.234247 1927.918321 1900.086079 1866.421684 1839.717599 1827.935503 1820.316631 1812.258110 1805.664635 1789.261882 1766.950557 1735.153831
1900.234434 1916.865327 1937.735234 1966.373804 1986.352853 1997.341335 2006.384561 2011.531358 2024.196810 2038.081171 2031.499978 2036.076525 2040.731527 2045.293923 2046.901685 2047.327180 2046.994626 2044.508318 2043.716698 2041.481874 2036.565149 2026.494379 2027.504670 2028.639163 2030.793640 2034.056115 2032.582606 2033.412571 2036.289838 2034.808070 2029.365074 2025.805794 2024.273075 2024.786050 2031.808266 2034.816311 2035.428660 2033.852871 2032.957567 2032.300908 2030.480691 2028.268657 2025.142601 2021.036846 2025.851884 2015.197046 1991.050757 1956.870204 1920.870205 1907.533762 1903.539481 1902.897333 1899.246335 1892.259712 1873.249266 1845.667028
2015.395286 2028.972654 2023.476543 2035.576847 2041.985967 2045.192380 2048.269088 2050.864852 2052.344605 2049.146342 2045.691440 2040.836387 2039.303260 2037.744224 2035.079514 2035.377166 2033.042327 2028.630446 2024.432556 2017.086659 2005.569194 1993.609182 1990.270610 1994.218067 1998.818100 2002.857299 2005.936145 2009.118635 2009.974117 2005.240691 1997.540612 1990.624533 1988.863463 1995.359238 2000.902345 2006.303087 2007.038528 2005.778773 2003.912044 2004.348573 2002.210547 2003.150546 2010.110827 2023.793210 2029.269553 2032.347557 2031.730922 2022.787368 2006.689727 2001.895024 1982.039790 1985.269196 1979.997942 1967.940364 1946.506984 1922.310893
2043.341415 2042.849509 2041.387755 2035.571212 2029.867479 2029.139364 2032.886354 2039.459624 2040.373140 2033.042201 2024.302241 2016.803119 2009.386709 2006.606987 2004.836035 2003.627748 2003.115533 1997.147822 1988.365947 1972.055382 1959.674319 1947.699207 1940.959247 1938.104798 1942.234163 1951.691922 1961.206623 1965.633824 1958.545901 1951.123470 1940.600838 1932.830241 1933.256103 1935.417124 1944.483210 1958.800820 1963.979121 1964.988798 1960.202684 1956.063292 1950.892030 1949.622165 1957.214992 1972.842411 1988.819596 2003.135323 2011.748952 2019.284747 2025.824785 2028.551515 2029.835920 2030.366678 2028.885452 2027.861512 2011.955601 1990.434718
2029.118096 2022.421834 2017.143862 2010.298719 2004.331135 2002.167972 2003.958441 2006.072176 2001.977110 1994.624549 1983.719414 1972.008604 1961.471433 1954.165050 1954.028059 1955.268509 1955.406446 1948.071063 1932.811522 1914.705220 1900.514472 1885.926050 1881.214409 1875.581675 1870.299507 1880.207373 1897.144834 1903.240621 1889.459832 1879.649307 1865.658125 1858.738946 1855.742608 1857.315300 1866.717060 1886.966730 1907.170089 1909.017685 1899.921182 1891.154916 1887.466358 1885.956429 1893.185993 1911.914237 1932.755166 1948.518521 1959.025782 1965.402674 1974.075248 1984.023857 1996.919775 2010.524957 2021.836379 2029.658996 2034.368509 2032.037697
2001.389233 1993.234208 1985.081926 1977.451626 1970.555441 1965.539081 1962.611311 1958.873899 1952.012248 1944.053482 1927.605957 1914.482771 1901.461527 1886.740639 1882.311401 1878.140433 1878.793953 1866.843050 1856.268229 1837.492899 1821.409698 1805.160382 1793.571443 1787.202985 1780.731301 1783.315315 1797.866205 1806.474782 1794.009279 1784.027717 1771.940148 1766.393391 1763.350575 1765.577029 1776.051197 1797.794571 1816.660550 1824.410662 1817.462420 1814.105722 1813.410157 1813.472293 1820.512425 1835.339568 1855.767821 1877.872891 1895.426176 1905.939421 1914.534866 1925.388587 1940.610035 1955.258243 1969.826664 1987.430035 2008.175726 2023.197240
1964.287022 1953.799216 1943.524831 1932.309177 1920.910222 1913.795428 1914.288778 1906.863062 1899.667976 1881.955302 1833.340610 1813.868169 1794.924743 1778.646359 1771.852040 1763.429942 1753.007768 1743.226844 1736.323294 1730.634984 1714.873352 1696.900280 1679.923206 1674.263933 1669.757452 1658.688246 1661.099970 1663.474295 1670.042497 1663.134088 1658.525682 1657.469458 1655.246326 1658.285798 1671.959621 1683.239783 1692.820068 1699.724776 1700.461734 1708.984194 1716.632786 1723.120895 1740.332175 1754.396902 1772.648037 1794.953418 1820.060603 1834.981023 1845.768969 1857.803683 1874.439557 1892.013862 1910.442876 1933.619151 1959.114523 1975.759938
1917.562942 1903.012753 1888.207717 1874.732734 1861.206131 1846.629665 1846.603953 1842.331692 1832.465166 1787.542882 1744.857929 1711.410634 1692.659271 1669.547451 1656.925539 1643.875733 1614.316916 1598.775300 1593.421453 1599.994591 1591.249290 1574.219787 1560.239654 1551.418427 1543.781234 1529.557143 1518.293799 1523.139372 1536.660643 1533.577138 1533.253716 1538.391937 1537.187164 1533.344409 1537.290302 1551.443380 1559.411446 1570.114710 1583.690378 1589.126008 1600.966727 1629.922120 1644.692786 1661.141806 1682.171202 1705.053003 1729.018228 1751.184216 1766.064165 1782.205268 1802.268730 1820.401223 1842.313892 1866.735029 1896.508628 1917.567189
1848.053737 1827.697398 1810.257024 1791.734525 1768.831960 1747.566194 1744.135871 1736.265872 1713.912133 1665.708637 1625.872397 1596.948865 1574.219104 1549.770473 1529.271169 1499.310562 1466.778068 1445.869216 1453.196558 1460.881950 1463.786007 1450.126073 1437.572565 1427.278994 1412.290175 1396.455615 1383.674857 1392.679885 1401.183733 1412.040701 1416.456095 1420.354082 1423.874149 1422.929795 1417.356671 1420.515027 1429.586442 1440.373127 1451.935293 1468.189815 1499.873337 1525.501909 1544.188935 1566.126719 1587.449828 1611.444288 1636.693245 1660.117516 1678.082853 1698.152741 1718.843314 1741.325488 1763.337158 1789.237123 1819.598416 1845.673501
1768.948207 1741.900065 1718.583636 1690.204114 1649.126455 1633.532305 1623.861563 1608.099928 1568.656357 1525.994943 1494.138835 1472.493042 1447.752422 1424.226853 1396.459906 1364.336885 1338.832768 1318.414811 1325.645008 1333.046307 1346.062359 1334.710368 1324.395619 1318.741747 1303.645174 1289.773610 1274.806470 1281.975548 1292.370312 1311.023037 1315.681199 1319.409751 1327.091012 1326.333019 1323.677152 1313.152564 1321.781136 1332.802789 1347.331013 1376.387424 1401.489828 1426.202126 1448.802460 1470.298429 1494.040423 1519.167078 1544.728633 1572.086275 1593.256381 1614.024937 1637.262883 1659.079876 1678.345929 1700.074047 1727.536134 1751.750232
1661.120755 1638.831394 1614.119423 1575.855190 1531.892154 1495.858943 1476.761981 1435.065837 1400.704464 1369.029466 1355.181598 1337.799467 1315.118264 1293.653351 1272.345668 1246.970518 1224.934646 1200.403116 1204.226403 1217.138714 1231.507494 1227.258439 1224.563295 1221.604321 1210.697681 1196.990860 1183.364363 1186.959721 1202.550580 1219.663326 1227.798355 1234.801780 1242.550064 1242.794352 1235.607420 1227.196629 1233.075682 1247.961591 1264.734690 1285.683148 1308.613900 1331.422384 1353.228389 1377.306234 1402.220991 1427.575798 1454.860443 1483.453936 1505.776887 1531.256123 1557.545545 1578.191991 1591.533524 1606.059632 1630.883667 1650.709242
1555.716776 1531.162215 1503.972846 1462.835562 1421.034684 1378.559287 1337.225667 1303.655150 1272.619682 1257.161981 1238.587464 1221.295210 1203.521029 1182.219842 1163.099692 1144.851621 1122.674389 1106.527790 1112.011529 1124.870925 1135.046619 1138.586163 1135.621621 1132.579631 1125.404466 1111.580291 1102.954831 1111.752779 1127.039469 1141.625801 1152.209199 1159.080442 1165.071081 1162.502453 1154.342500 1149.569789 1158.053000 1174.018049 1189.147616 1206.563221 1228.645928 1250.666435 1273.480449 1297.425301 1321.403381 1347.856994 1375.178119 1403.104136 1431.104549 1456.296371 1479.428869 1492.135319 1505.155883 1512.878648 1529.746149 1549.452136
1432.806322 1406.845249 1378.337840 1345.728010 1307.993044 1278.310919 1245.755045 1214.415590 1183.779610 1157.733195 1141.288054 1131.839868 1117.076145 1098.016761 1084.716159 1067.816262 1051.859011 1052.957949 1055.201976 1065.377995 1065.658565 1066.174848 1063.179551 1062.069424 1058.149725 1048.558430 1056.655117 1063.883281 1078.201343 1088.823149 1098.376296 1104.596018 1108.710401 1109.070939 1103.427237 1107.769702 1114.981228 1129.736235 1141.933899 1157.249514 1178.553306 1196.732928 1217.073180 1240.318226 1264.453350 1289.831839 1316.922619 1346.195072 1372.692109 1393.868362 1404.816838 1417.303061 1424.263057 1419.621906 1435.073473 1451.588633
