tests/Borden05m/sims/sim_1/output-maps/psiliqL0027N0002.asc
ncols         160
nrows         34
xllcorner     620200.000000
yllcorner     5168000.000000
cellsize      0.500000
NODATA_value  -9999.0
[rows 0 to 24 of 34, columns 55 to 109 of 160]
-9999.0 -9999.0 -9999.0 -9999.0 -9999.0 -9999.0 -9999.0 -9999.0 -9999.0 -9999.0 -9999.0 -9999.0 -9999.0 -9999.0 -9999.0 -9999.0 -9999.0 -9999.0 -9999.0 -9999.0 -9999.0 -9999.0 -9999.0 -9999.0 -9999.0 -9999.0 -9999.0 -9999.0 -9999.0 -9999.0 -9999.0 -9999.0 -9999.0 -9999.0 -9999.0 -9999.0 -9999.0 -9999.0 -9999.0 -9999.0 -9999.0 -9999.0 -9999.0 -9999.0 -9999.0 -9999.0 -9999.0 -9999.0 -9999.0 -9999.0 -9999.0 -9999.0 -9999.0 -9999.0 -9999.0
-9999.0 -9999.0 -9999.0 -9999.0 3597.897394 3592.606892 3587.866113 3583.370696 3574.868781 3565.533692 3557.697424 3553.476177 3552.267270 3551.393194 3550.706204 3555.493326 3563.499062 3571.053717 3577.851526 3580.211532 3582.497749 3584.269949 3584.432990 3583.253175 3579.968085 3576.571115 3573.141119 3571.390478 3564.068536 3552.944530 3544.661778 3541.967635 3546.113672 3550.435569 3552.886245 3558.002121 3568.347339 3578.921359 3587.500669 3600.115184 3607.223737 3612.588786 3615.152101 3611.182607 3607.946721 3603.974755 3597.762952 3586.668685 -9999.0 -9999.0 -9999.0 -9999.0 -9999.0 -9999.0 -9999.0
3542.808953 3561.141723 3582.144389 3585.219592 3573.465474 3568.354745 3565.201978 3563.535883 3559.306294 3550.792119 3545.645696 3540.111566 3537.348777 3537.288735 3537.088124 3540.643022 3551.374772 3559.078470 3563.547168 3566.121679 3568.916290 3567.174830 3566.308662 3566.026074 3563.063939 3559.516749 3556.082347 3554.177705 3555.680883 3548.059326 3542.000200 3538.045803 3534.972068 3537.719362 3540.428023 3545.101536 3554.233674 3562.110220 3570.065916 3585.313608 3598.563764 3604.307299 3601.779756 3597.248947 3593.459094 3586.015435 3575.228027 3565.286836 3557.334778 3551.347196 3546.052631 3539.631752 3546.143576 3554.176260 3563.507874
3525.976583 3545.084140 3565.487164 3567.974008 3557.707270 3549.985615 3542.955809 3543.447657 3546.964028 3543.696483 3538.798691 3530.713970 3540.776334 3541.665587 3542.235695 3545.313416 3546.994645 3552.178900 3554.477035 3559.717653 3568.601470 3571.331377 3571.673607 3571.627586 3569.551178 3566.208668 3564.159421 3561.290718 3555.946318 3554.043314 3553.599613 3552.198505 3556.190992 3557.702522 3560.703418 3555.310814 3559.807437 3566.070127 3573.057572 3578.507890 3584.625386 3587.061451 3583.801525 3584.551626 3576.267031 3562.693331 3553.008935 3545.703258 3546.182553 3543.329811 3535.481579 3521.765660 3530.257669 3546.503244 3551.384970
3530.253294 3539.060231 3549.430363 3551.811345 3546.705998 3548.918587 3550.642138 3551.740464 3549.771751 3546.097088 3541.428562 3551.571513 3559.669040 3560.905493 3563.178399 3567.037116 3567.898791 3557.026734 3554.931176 3562.019305 3571.516291 3576.514685 3576.593996 3576.107430 3572.203208 3570.943398 3570.668886 3568.828736 3568.141041 3569.562573 3566.881894 3569.646158 3575.072059 3578.406587 3573.398736 3565.057918 3567.430326 3575.955323 3585.173613 3592.800378 3602.946277 3613.702333 3614.126833 3609.754375 3601.355585 3589.073676 3566.785110 3549.525263 3538.640526 3530.668515 3523.491970 3526.813899 3522.082736 3536.211195 3538.114347
3514.927182 3535.815351 3555.656995 3561.249393 3555.154060 3551.443820 3550.240921 3550.767213 3549.603054 3549.743771 3558.037175 3569.537895 3580.353325 3582.160809 3583.798925 3582.343707 3574.863858 3564.471609 3561.809891 3574.846865 3591.515455 3599.246391 3598.572538 3593.865338 3596.582228 3596.771427 3597.412792 3594.143606 3594.713159 3591.940603 3596.954771 3604.610556 3612.628517 3611.299181 3598.883206 3586.484635 3586.550634 3592.247471 3599.514833 3607.222925 3617.384714 3626.479184 3621.743903 3616.816154 3609.739369 3584.460294 3562.290411 3548.308026 3548.757697 3549.676528 3545.398437 3543.587423 3543.001000 3539.260757 3539.655218
3550.258420 3569.194465 3589.314936 3601.932481 3595.647827 3588.157017 3579.791345 3579.868249 3579.956049 3585.499724 3595.535153 3607.769870 3629.166553 3628.253421 3628.383774 3626.658648 3613.559658 3600.228060 3590.316577 3612.675365 3623.723783 3630.696298 3627.706389 3632.369032 3640.856544 3637.333047 3631.162579 3618.937537 3624.457821 3630.475140 3645.603136 3653.619052 3659.008908 3654.163367 3640.051883 3633.212707 3634.993544 3641.819467 3643.318900 3652.324068 3660.984422 3675.915657 3674.556483 3671.752419 3652.140883 3615.198722 3586.373244 3574.478289 3586.406231 3580.930157 3574.645193 3574.921474 3564.207506 3557.421414 3560.285967
3581.144591 3594.163038 3610.155141 3626.482601 3617.228969 3607.066067 3590.272423 3586.880092 3590.720715 3600.824072 3618.141668 3635.655688 3655.204546 3653.089578 3645.719231 3655.332754 3648.285273 3637.308498 3629.832421 3652.038310 3661.955242 3672.038020 3677.423197 3690.042020 3700.372652 3683.303585 3665.835983 3655.009397 3662.168358 3688.219798 3711.034814 3715.817461 3714.714803 3713.883962 3698.082861 3693.387741 3690.242799 3691.027242 3688.657806 3686.969061 3712.874714 3734.824903 3734.727873 3713.337401 3690.708981 3650.853776 3613.103537 3589.397713 3603.447610 3600.076843 3603.746590 3594.072315 3582.700494 3576.331049 3574.448185
3629.599383 3650.600884 3666.668816 3688.576169 3678.709430 3655.148771 3638.494499 3640.896571 3654.491946 3662.618660 3681.326427 3697.894311 3723.277116 3734.696700 3745.335668 3749.270011 3742.315890 3733.800887 3721.872226 3727.697060 3752.152729 3763.775824 3771.933580 3780.156187 3792.828147 3792.796140 3785.534217 3783.586582 3788.055859 3802.060745 3816.977952 3823.743771 3826.627426 3829.014286 3815.032702 3801.906067 3800.236834 3795.031976 3794.223571 3793.576733 3805.739274 3827.036892 3823.717076 3786.323103 3759.443119 3724.090527 3685.526480 3656.278313 3650.974225 3671.001853 3669.529399 3653.471730 3643.698537 3618.445219 3614.226989
3697.805376 3730.635230 3754.813751 3764.771407 3771.795947 3756.265538 3753.919729 3758.135198 3766.643533 3769.663910 3776.030652 3808.495672 3842.287580 3867.030635 3889.749446 3896.848625 3884.384975 3874.606138 3860.949631 3852.201118 3863.841032 3881.388894 3899.181319 3914.078036 3925.441174 3927.399634 3925.788199 3925.831721 3929.051181 3932.067616 3936.513033 3945.219599 3952.925075 3961.489598 3969.275506 3958.429502 3941.390605 3932.361688 3923.721152 3923.269605 3924.885823 3929.190909 3930.330980 3912.748847 3869.694026 3837.669727 3805.397061 3786.451547 3773.771335 3774.590757 3756.403750 3731.811469 3679.847990 3642.686118 3611.628978
3782.795774 3827.428378 3856.750993 3873.458386 3886.057664 3882.612319 3884.481722 3885.430839 3889.039847 3891.212649 3893.602537 3920.926780 3963.133382 4002.953078 4034.521993 4034.058108 4019.897048 4008.466197 3999.473075 3984.713317 3980.725267 3993.891496 4009.803704 4030.598258 4040.979680 4046.747915 4043.183145 4043.390982 4045.349622 4047.744040 4049.941301 4053.778778 4063.750508 4079.231210 4094.129121 4093.062713 4073.458859 4055.333729 4039.385814 4037.348565 4035.217236 4030.327024 4032.860790 4034.810518 4017.955197 3985.837325 3945.362114 3904.923548 3888.943126 3874.210906 3863.367941 3846.170138 3804.006036 3735.675597 3695.262309
3898.451421 3933.577834 3962.835887 3993.339106 4007.957429 4009.731726 4006.950305 4005.527748 4012.603432 4015.038005 4020.301777 4036.988904 4070.297671 4106.762436 4137.011346 4152.334454 4144.091815 4125.477795 4102.639463 4092.262380 4089.155412 4092.989456 4102.907003 4116.418901 4136.519256 4156.465703 4162.317691 4163.226187 4160.509217 4162.995217 4164.630631 4164.762656 4167.937398 4176.953333 4187.230088 4190.718023 4182.523680 4160.728589 4136.701861 4125.599357 4119.278999 4115.938851 4117.247052 4122.813318 4126.401408 4111.078291 4074.362251 4028.782428 3998.913039 3984.278846 3971.623990 3957.293182 3944.471177 3909.797165 3888.232310
4008.503595 4024.144922 4052.988265 4082.312706 4104.968239 4119.600248 4119.641732 4122.432619 4127.277870 4134.387433 4149.513468 4173.564952 4193.451946 4217.030462 4244.524976 4261.408071 4266.648697 4264.709717 4260.241031 4261.358855 4261.744868 4193.121041 4199.906121 4206.677484 4225.349683 4241.932024 4247.980330 4248.676880 4245.897782 4247.855264 4248.691200 4248.549130 4248.172001 4250.862072 4256.407518 4258.526969 4255.906798 4242.311941 4262.913797 4242.338891 4228.569676 4220.192859 4211.804594 4203.522721 4194.022437 4183.982385 4163.195850 4131.494548 4096.671237 4075.673868 4068.016767 4061.786608 4052.871368 4046.947059 4029.458135
4107.725987 4118.338351 4137.079778 4160.388429 4195.525000 4219.769882 4231.421849 4240.938369 4245.660218 4259.949535 4277.201766 4259.492905 4268.596569 4278.017182 4287.377549 4290.591981 4291.512346 4291.087667 4288.661254 4287.812309 4285.264491 4281.957328 4271.317468 4272.946300 4274.967671 4277.611730 4281.385675 4280.313434 4281.456235 4284.421421 4282.615098 4276.468793 4272.303978 4270.725716 4271.811532 4279.311062 4282.865168 4283.853103 4280.104373 4279.124924 4278.033375 4274.306906 4269.654484 4263.095942 4254.706271 4271.343231 4258.885629 4229.934503 4188.329188 4145.912864 4138.956494 4141.458051 4141.141363 4139.668384 4133.979674
4236.147664 4250.230072 4265.424443 4240.181712 4264.661388 4277.189128 4283.046879 4287.437264 4290.336843 4293.807007 4290.829466 4287.879925 4282.944033 4281.317823 4279.944974 4277.485802 4278.108433 4276.219550 4272.112431 4267.969664 4259.738760 4248.003318 4236.822863 4233.085889 4237.348597 4243.075265 4248.372611 4253.033124 4256.831182 4256.669007 4251.063473 4242.506909 4234.851051 4233.225921 4240.191641 4245.985850 4252.735436 4253.649209 4252.249399 4249.671408 4249.347890 4245.933831 4246.097755 4253.302554 4268.362567 4270.634556 4277.101602 4276.180634 4257.939204 4224.907807 4239.350856 4219.213554 4225.565317 4220.887442 4209.430058
4281.885834 4284.922088 4283.135398 4282.140900 4275.670251 4269.549319 4268.749388 4272.793672 4279.887246 4280.908813 4273.811203 4265.139137 4257.817201 4250.237495 4247.826373 4247.351917 4247.145094 4247.697601 4242.372841 4232.778993 4215.429543 4203.800217 4192.718675 4186.767878 4182.673752 4185.899827 4197.401915 4210.023091 4215.145501 4205.419991 4196.767763 4184.719783 4176.613664 4177.091676 4177.943761 4187.566055 4204.933199 4212.972535 4213.795877 4207.100361 4200.289862 4193.504115 4190.277200 4196.691121 4212.144950 4229.262605 4245.288692 4254.663768 4262.508733 4269.780976 4267.386411 4270.390075 4272.042845 4269.709360 4273.377768
4276.476473 4269.401741 4262.330929 4256.963463 4250.512145 4245.243106 4243.367803 4245.149452 4246.927625 4242.680319 4236.307568 4226.282903 4215.176059 4205.422277 4197.545978 4198.586123 4200.964248 4202.727192 4195.265831 4179.690283 4161.722982 4148.171586 4134.258385 4130.311287 4124.238771 4116.037051 4126.106219 4146.294428 4153.876477 4137.348690 4126.274454 4110.879054 4104.392872 4100.245089 4100.916691 4109.801557 4132.785959 4157.709346 4159.955525 4148.802807 4137.713012 4133.014704 4129.733176 4134.133380 4150.756910 4171.842097 4188.253389 4198.912191 4204.266214 4212.068582 4221.510629 4236.176234 4251.332915 4263.959851 4268.117598
4251.081884 4243.299233 4235.613395 4227.951732 4221.040241 4214.811266 4210.487580 4208.524479 4204.365796 4198.208559 4191.139971 4169.480172 4156.947081 4143.837413 4128.682576 4124.695263 4119.606819 4120.589218 4109.005436 4101.334208 4085.128294 4069.768543 4054.131013 4040.340159 4034.620783 4027.791730 4025.229218 4038.431898 4046.789668 4037.840913 4028.230897 4017.898480 4013.623356 4010.256910 4012.838299 4023.337368 4042.552106 4060.877819 4069.570381 4062.348665 4061.666180 4062.081148 4060.499548 4066.971565 4077.320243 4095.095021 4117.818500 4137.308996 4147.354245 4154.170486 4163.320600 4177.834503 4192.067693 4206.572731 4224.818984
4220.479301 4211.124005 4201.163640 4191.384685 4180.847338 4170.249943 4163.659440 4166.488154 4160.512458 4154.957390 4131.125912 4074.647667 4053.051709 4033.930105 4017.527658 4010.634999 4002.032230 3984.665056 3976.069123 3971.897940 3975.419593 3961.681252 3944.188818 3926.282247 3921.450940 3918.023044 3899.399738 3893.386008 3893.538538 3911.682802 3905.839039 3905.295355 3907.845538 3905.498504 3906.512732 3919.159504 3926.257342 3931.023544 3937.917877 3943.735995 3954.934604 3963.365047 3974.619700 3992.027083 4002.567196 4017.580472 4037.783358 4063.781557 4079.619845 4089.139058 4099.462544 4114.722580 4130.852518 4148.681908 4171.145264
4185.689227 4168.759352 4154.035220 4139.669418 4126.944525 4114.064936 4097.846249 4099.865535 4097.907244 4087.359883 4030.436657 3989.905624 3955.852500 3938.835564 3914.991249 3901.143865 3883.989678 3843.745149 3825.874462 3826.362422 3842.853259 3840.394445 3825.439252 3813.965373 3804.408940 3794.666670 3776.218777 3755.903195 3762.229043 3781.756474 3783.621309 3787.822817 3796.347078 3796.056415 3788.815593 3784.758802 3796.404749 3801.440912 3812.860429 3831.544147 3836.564011 3854.203932 3889.158327 3901.831675 3916.776562 3934.802979 3954.887422 3976.783503 3999.615600 4013.699924 4028.870817 4047.164884 4063.721929 4083.885311 4106.278029
4134.285747 4102.761733 4081.464068 4064.015260 4044.663322 4016.828156 3996.921750 3994.726094 3988.715458 3958.161942 3904.952851 3870.167218 3847.886195 3826.281652 3803.585447 3779.152717 3740.262259 3705.138863 3683.207893 3700.819348 3712.884506 3726.433878 3715.593876 3705.280088 3695.896104 3677.244996 3660.238471 3643.054922 3654.545683 3663.263196 3684.114809 3691.616965 3695.613762 3702.087289 3700.567935 3688.663584 3681.719629 3689.563782 3699.257863 3711.401507 3734.211769 3770.629392 3795.271762 3813.485323 3833.694192 3851.867723 3872.704392 3895.200498 3917.852308 3934.667287 3952.642020 3970.709747 3991.247978 4009.832278 4032.108678
4052.502912 4024.414287 3998.346538 3975.305589 3942.966490 3895.583311 3881.393399 3872.517858 3849.288386 3800.155569 3758.812589 3740.591468 3729.675523 3707.035715 3686.858459 3657.838302 3623.783726 3603.283455 3582.977813 3594.312277 3605.519522 3627.429805 3619.486953 3613.664433 3611.443268 3596.186416 3583.158028 3566.462207 3572.617456 3585.246697 3609.904539 3616.278435 3620.571943 3630.417716 3629.701090 3624.590226 3605.368495 3611.618440 3622.311555 3636.977947 3668.456652 3690.458398 3712.352983 3733.835667 3752.662460 3773.589869 3795.105618 3817.445848 3843.473638 3862.555083 3881.043318 3902.057714 3920.559069 3933.836867 3948.896330
3943.243219 3919.891173 3901.168146 3877.364499 3833.757299 3790.090689 3748.384754 3720.162256 3665.822089 3631.095047 3613.671980 3615.974717 3605.528417 3587.138075 3569.489470 3551.324148 3530.926295 3513.549058 3488.939398 3495.218105 3512.174716 3530.261156 3533.279518 3535.445216 3534.641421 3526.009944 3512.825031 3499.340227 3503.200576 3520.743469 3539.009032 3549.605789 3557.543704 3565.293091 3564.845454 3554.614023 3544.029171 3548.324399 3563.564194 3579.253007 3595.681281 3615.388875 3635.305615 3654.959897 3676.655430 3698.354649 3720.291371 3744.172667 3770.101924 3790.771365 3813.598870 3837.126155 3852.421084 3859.865838 3865.923050
3840.543617 3822.449046 3800.078994 3772.911721 3731.276208 3692.588667 3652.643174 3604.537729 3572.270169 3545.061188 3541.141221 3527.631456 3516.523236 3504.080857 3485.207818 3470.618184 3457.742700 3437.638025 3429.921879 3438.267903 3452.362770 3460.421827 3468.472704 3467.012200 3465.259898 3460.368879 3446.677381 3443.824289 3454.236234 3469.423496 3482.881378 3494.693522 3501.560741 3506.370077 3503.085540 3493.492937 3490.818419 3498.666583 3513.690674 3526.349034 3539.896944 3559.419221 3578.128262 3598.471481 3619.639071 3640.283889 3663.346539 3687.132970 3711.894322 3738.015272 3759.020799 3775.873714 3783.033044 3790.945819 3788.154233
3717.384583 3707.710798 3682.751590 3655.150926 3627.523354 3596.537992 3574.542007 3544.970507 3516.656150 3489.440720 3465.056247 3455.188022 3451.229119 3440.361940 3425.349531 3415.973029 3401.953299 3394.443340 3402.611645 3404.181286 3412.138022 3410.133594 3411.632446 3409.773959 3409.679793 3408.249402 3403.316721 3416.305670 3422.669306 3435.772669 3445.572025 3455.251760 3460.800111 3464.062413 3465.227209 3461.196931 3467.187153 3472.579520 3485.469847 3495.769996 3508.060915 3526.716238 3542.237186 3559.605760 3580.245313 3601.578199 3623.673103 3647.648561 3674.018101 3696.915389 3712.678630 3717.355315 3724.654437 3723.752660 3710.150338
