tests/Borden05m/sims/sim_1/output-maps/psiliqL0028N0017.asc
ncols         160
nrows         34
xllcorner     620200.000000
yllcorner     5168000.000000
cellsize      0.500000
NODATA_value  -9999.0
[rows 0 to 24 of 34, columns 0 to 54 of 160]
-9999.0 -9999.0 -9999.0 -9999.0 -9999.0 -9999.0 -9999.0 -9999.0 -9999.0 -9999.0 -9999.0 -9999.0 -9999.0 -9999.0 -9999.0 -9999.0 -9999.0 -9999.0 -9999.0 -9999.0 -9999.0 -9999.0 -9999.0 -9999.0 -9999.0 -9999.0 -9999.0 -9999.0 -9999.0 -9999.0 -9999.0 -9999.0 -9999.0 -9999.0 -9999.0 -9999.0 -9999.0 -9999.0 -9999.0 -9999.0 -9999.0 -9999.0 -9999.0 -9999.0 -9999.0 -9999.0 -9999.0 -9999.0 -9999.0 -9999.0 -9999.0 -9999.0 -9999.0 -9999.0 -9999.0
-9999.0 -9999.0 -9999.0 -9999.0 -9999.0 -9999.0 -9999.0 -9999.0 -9999.0 -9999.0 -9999.0 -9999.0 -9999.0 -9999.0 -9999.0 -9999.0 -9999.0 -9999.0 -9999.0 -9999.0 -9999.0 -9999.0 -9999.0 -9999.0 -9999.0 -9999.0 -9999.0 -9999.0 -9999.0 -9999.0 -9999.0 -9999.0 -9999.0 -9999.0 -9999.0 -9999.0 -9999.0 -9999.0 -9999.0 -9999.0 -9999.0 -9999.0 -9999.0 -9999.0 -9999.0 -9999.0 -9999.0 -9999.0 -9999.0 -9999.0 -9999.0 -9999.0 -9999.0 -9999.0 -9999.0
-9999.0 -9999.0 -9999.0 -9999.0 -9999.0 -9999.0 -9999.0 -9999.0 -9999.0 -9999.0 -9999.0 -9999.0 -9999.0 -9999.0 -9999.0 -9999.0 -9999.0 -9999.0 -9999.0 -9999.0 -9999.0 -9999.0 -9999.0 -9999.0 -9999.0 -9999.0 -9999.0 -9999.0 -9999.0 -9999.0 -9999.0 -9999.0 -9999.0 -9999.0 -9999.0 -9999.0 -9999.0 -9999.0 -9999.0 -9999.0 -9999.0 -9999.0 -9999.0 -9999.0 -9999.0 -9999.0 -9999.0 3672.641772 3655.464127 3642.395503 3637.133174 3657.739949 3680.580674 3704.227402 3724.574621
-9999.0 -9999.0 -9999.0 -9999.0 -9999.0 -9999.0 -9999.0 -9999.0 -9999.0 -9999.0 -9999.0 -9999.0 -9999.0 -9999.0 -9999.0 -9999.0 -9999.0 -9999.0 -9999.0 -9999.0 -9999.0 -9999.0 -9999.0 -9999.0 -9999.0 -9999.0 -9999.0 -9999.0 -9999.0 -9999.0 -9999.0 -9999.0 -9999.0 -9999.0 -9999.0 -9999.0 -9999.0 -9999.0 -9999.0 -9999.0 3724.089973 3729.927739 3729.295735 3719.420218 3707.918680 3693.787257 3672.936302 3655.809669 3642.978935 3641.045496 3643.264406 3645.262947 3665.330366 3690.675099 3710.438713
-9999.0 -9999.0 -9999.0 -9999.0 -9999.0 -9999.0 -9999.0 -9999.0 -9999.0 -9999.0 -9999.0 -9999.0 -9999.0 -9999.0 -9999.0 -9999.0 -9999.0 -9999.0 -9999.0 -9999.0 -9999.0 -9999.0 -9999.0 -9999.0 -9999.0 -9999.0 -9999.0 -9999.0 -9999.0 -9999.0 -9999.0 -9999.0 -9999.0 -9999.0 3632.104604 3648.805826 3666.525974 3684.944134 3701.805669 3708.795471 3714.531162 3719.662978 3714.735970 3710.152521 3698.154192 3676.517080 3657.057051 3644.320492 3643.407553 3640.785763 3643.934125 3654.919684 3671.217688 3685.696307 3705.859164
-9999.0 -9999.0 -9999.0 -9999.0 -9999.0 -9999.0 -9999.0 -9999.0 -9999.0 -9999.0 -9999.0 -9999.0 -9999.0 -9999.0 -9999.0 -9999.0 -9999.0 -9999.0 -9999.0 -9999.0 -9999.0 -9999.0 -9999.0 -9999.0 -9999.0 -9999.0 -9999.0 -9999.0 3638.680676 3632.601006 3627.645919 3625.833470 3624.122977 3622.990640 3629.430066 3640.137164 3656.731553 3678.661891 3691.792131 3698.855194 3705.587348 3705.613387 3699.263770 3697.303973 3697.508935 3684.352040 3671.618543 3659.677991 3647.955977 3644.163565 3652.563295 3666.474174 3682.326680 3696.473671 3711.319183
-9999.0 -9999.0 -9999.0 -9999.0 -9999.0 -9999.0 -9999.0 -9999.0 -9999.0 -9999.0 -9999.0 -9999.0 -9999.0 -9999.0 -9999.0 -9999.0 -9999.0 -9999.0 -9999.0 -9999.0 -9999.0 -9999.0 -9999.0 3609.218502 3613.822175 3620.147025 3627.639581 3628.394271 3625.058156 3619.504951 3616.639182 3614.943258 3612.240729 3616.468975 3622.909998 3635.356291 3650.105562 3672.096811 3679.881238 3683.400152 3694.175224 3697.669623 3705.491303 3708.914992 3706.532389 3701.750891 3685.912171 3673.419990 3674.527976 3677.673490 3684.033640 3691.939842 3704.944270 3717.839402 3732.216219
-9999.0 -9999.0 -9999.0 -9999.0 -9999.0 -9999.0 -9999.0 -9999.0 -9999.0 -9999.0 -9999.0 -9999.0 -9999.0 -9999.0 -9999.0 -9999.0 -9999.0 -9999.0 -9999.0 3585.043189 3586.022415 3587.444067 3592.167626 3592.297034 3593.766620 3600.210792 3607.878101 3610.564164 3607.916701 3606.663050 3607.527792 3609.617289 3613.666790 3623.383424 3636.059504 3649.258078 3661.144671 3681.034509 3694.610251 3705.913486 3720.275737 3720.289990 3716.135308 3713.863850 3713.015571 3710.380151 3707.042013 3704.738392 3710.224444 3709.481906 3711.773135 3720.192305 3731.592327 3747.066297 3763.454219
-9999.0 -9999.0 -9999.0 -9999.0 -9999.0 -9999.0 -9999.0 -9999.0 -9999.0 -9999.0 -9999.0 -9999.0 -9999.0 -9999.0 -9999.0 -9999.0 3556.090545 3557.715593 3559.955428 3565.330007 3568.997505 3572.685383 3579.382238 3580.614749 3583.527184 3590.078274 3593.872896 3602.654492 3610.444584 3616.733194 3621.720288 3623.175928 3628.498664 3636.535151 3646.722565 3659.157584 3677.775697 3700.274178 3714.745679 3730.321733 3746.532937 3746.119259 3743.354140 3742.532199 3739.816587 3739.412661 3752.309733 3754.168622 3746.951477 3754.590910 3765.111089 3766.721178 3772.733175 3791.813349 3812.996235
-9999.0 -9999.0 -9999.0 -9999.0 -9999.0 -9999.0 -9999.0 -9999.0 -9999.0 -9999.0 -9999.0 -9999.0 -9999.0 3506.300359 3510.052071 3520.176871 3531.883744 3534.779543 3539.576305 3546.088112 3557.803689 3560.972972 3566.361085 3572.838088 3584.925736 3592.740176 3600.527052 3611.215301 3618.043296 3623.760627 3628.791233 3629.930371 3639.775443 3652.197596 3664.942967 3682.492636 3703.060488 3719.844975 3736.371472 3751.656649 3761.838154 3757.403833 3755.643755 3756.757722 3759.968683 3771.248978 3786.411980 3784.524929 3791.866772 3811.044724 3819.907117 3825.732422 3830.712559 3843.988680 3864.983411
-9999.0 -9999.0 -9999.0 -9999.0 -9999.0 -9999.0 -9999.0 -9999.0 -9999.0 -9999.0 3480.973412 3482.070707 3477.961833 3474.428968 3480.002871 3492.023918 3506.352060 3511.246266 3522.858132 3543.788915 3562.065267 3564.319895 3576.683521 3586.000743 3591.636656 3600.037694 3611.399371 3621.786990 3635.305062 3645.149191 3651.783408 3665.877977 3679.795068 3694.137582 3709.553283 3728.350606 3742.402842 3763.944749 3787.165632 3793.978605 3808.947148 3809.556436 3804.389382 3801.395490 3809.778442 3819.201884 3832.005267 3845.530254 3862.587127 3883.101772 3891.573755 3903.555383 3911.753735 3921.283001 3936.091965
-9999.0 -9999.0 -9999.0 -9999.0 -9999.0 -9999.0 -9999.0 -9999.0 3456.646289 3464.650226 3469.503360 3465.711445 3460.700905 3453.917384 3468.194811 3482.913530 3498.014131 3515.762676 3530.451240 3547.881181 3560.570312 3573.940787 3592.919669 3602.150629 3611.065783 3624.423012 3635.652492 3648.378186 3666.945071 3672.370079 3680.935726 3698.348905 3711.942597 3726.980284 3743.438877 3758.140231 3776.153043 3804.542488 3831.811231 3846.045787 3870.749441 3886.206128 3879.227367 3876.323257 3876.593584 3898.449326 3923.361124 3951.358744 3968.659440 3990.860043 4018.305473 4037.000717 4045.921118 4056.716867 4070.283724
-9999.0 -9999.0 -9999.0 -9999.0 -9999.0 -9999.0 3428.271804 3452.374851 3467.156729 3457.895908 3442.405533 3436.344218 3429.119010 3460.519712 3482.195100 3498.683170 3514.385822 3530.866071 3545.929732 3552.468224 3580.195911 3598.538068 3608.605573 3619.707479 3632.629162 3645.482005 3659.952530 3679.391518 3694.777530 3714.148585 3727.488608 3741.523250 3763.438854 3779.154174 3794.612093 3806.550530 3832.608479 3865.992179 3899.450775 3922.610356 3946.094696 3977.092648 3975.658786 3976.801790 3977.596105 4001.303943 4034.938876 4064.258158 4095.504749 4125.590938 4153.847054 4164.135869 4172.929879 4182.662802 4195.084597
-9999.0 -9999.0 -9999.0 -9999.0 3396.681110 3417.161643 3435.075156 3464.455216 3485.684440 3480.019781 3483.266999 3480.125153 3474.432981 3478.742941 3486.103924 3502.104773 3520.144604 3538.547601 3551.072524 3575.801135 3621.669105 3630.753726 3645.503783 3673.171490 3682.424024 3694.854967 3708.959128 3727.797048 3744.057800 3769.349015 3801.322570 3828.446153 3848.373007 3866.357399 3884.442677 3900.122995 3934.607569 3970.878361 4005.861659 4036.658635 4062.930689 4088.696223 4094.642451 4099.219802 4108.976843 4125.999341 4148.679686 4176.144721 4209.862987 4241.887199 4264.967179 4273.634723 4278.654224 4288.129545 4295.459963
-9999.0 -9999.0 -9999.0 3342.008063 3380.860303 3420.347191 3445.145756 3474.533224 3506.106615 3504.457902 3512.192818 3510.370596 3507.506001 3511.422603 3512.767066 3527.931252 3545.027588 3564.072340 3584.108356 3615.994061 3643.197904 3658.278388 3684.309416 3697.968741 3708.942606 3720.350082 3737.777351 3756.368690 3791.342236 3819.469887 3864.249175 3913.905834 3945.114593 3963.748873 3985.890535 4013.161418 4038.150170 4076.929909 4110.727153 4142.612975 4172.651932 4194.565289 4208.458599 4212.900940 4222.560894 4228.148664 4240.438955 4261.354470 4283.700663 4314.490274 4343.787806 4372.982519 4388.368235 4399.562473 4416.790769
-9999.0 -9999.0 3293.490699 3333.108819 3363.664964 3409.275846 3461.662068 3496.115440 3534.433310 3551.705699 3553.456679 3562.172840 3570.953363 3570.128716 3576.981639 3587.999395 3609.564058 3617.806730 3637.645017 3650.597680 3685.340044 3716.986568 3709.268671 3745.314909 3774.319934 3806.799633 3827.925260 3854.044221 3891.590745 3924.362067 3968.057162 4017.734249 4051.561253 4079.127762 4095.004503 4115.336430 4135.529599 4162.089342 4199.019657 4224.491572 4258.276187 4283.679964 4303.152802 4303.529637 4306.150708 4322.361929 4350.997122 4382.240781 4411.522417 4440.949500 4423.919686 4448.412592 4459.367145 4465.478962 4475.088902
-9999.0 -9999.0 3262.554407 3309.167095 3342.398305 3398.455346 3485.313530 3518.323951 3557.010812 3601.538534 3613.722013 3633.783441 3624.332523 3609.668028 3625.745646 3638.162492 3658.980779 3666.018121 3658.933438 3710.027149 3761.284699 3782.134853 3783.437865 3860.883374 3913.594905 3938.527911 3955.594989 3975.773266 3995.046016 4032.922241 4071.328390 4125.940056 4167.083058 4196.944663 4211.485900 4231.788930 4251.384342 4266.384165 4286.090579 4333.544989 4369.838379 4401.140168 4433.541569 4455.056366 4463.299099 4468.564182 4441.646478 4462.136345 4476.031707 4482.024690 4484.433709 4480.608656 4480.062850 4480.909993 4481.832901
-9999.0 3168.606650 3220.810836 3270.559164 3333.729264 3393.443604 3466.239698 3539.583812 3606.314226 3658.307005 3682.265396 3672.093842 3666.447113 3688.674104 3706.582370 3721.180506 3726.587748 3737.100404 3716.898801 3770.520261 3805.474643 3851.544048 3949.509832 4007.993058 4073.249577 4068.788689 4056.633157 4060.954115 4076.273390 4123.112683 4203.384377 4260.645327 4327.847226 4377.852092 4395.349009 4403.113474 4422.119366 4443.175016 4387.520596 4433.085589 4454.134435 4471.698053 4481.861557 4484.282377 4485.634426 4485.382653 4481.645175 4474.540620 4466.300852 4460.406844 4456.140658 4451.637538 4454.078857 4457.415256 4457.512246
-9999.0 3129.576028 3186.199706 3253.698247 3320.012039 3362.960413 3441.319304 3610.225361 3673.241975 3710.539269 3712.960352 3681.549473 3736.065550 3794.637689 3817.483091 3862.561528 3845.707017 3830.123992 3790.100052 3814.411924 3851.781635 3922.378599 4096.971132 4186.340175 4241.472805 4249.379773 4249.715389 4278.436748 4323.695792 4372.655118 4420.212540 4385.483099 4437.928235 4463.827678 4469.239817 4469.997400 4475.808485 4474.246945 4472.939713 4468.424721 4463.213565 4463.389660 4468.103972 4467.959931 4464.961848 4461.517821 4455.776027 4448.356259 4443.192969 4438.556164 4435.908346 4433.089200 4431.063124 4430.192808 4425.217370
-9999.0 3087.057773 3162.279470 3218.948306 3261.050193 3347.281656 3477.258994 3621.963494 3718.191674 3751.076592 3721.219928 3750.974935 3853.974926 3961.696218 4014.254272 4034.951743 4013.102072 3961.206184 3938.212868 3981.909278 4053.490257 4177.435439 4323.059191 4425.919034 4441.851568 4445.460969 4394.276320 4421.817069 4447.343850 4450.373039 4451.571641 4460.244182 4465.377759 4468.403300 4466.806929 4463.906398 4459.058346 4450.804957 4446.017381 4442.270320 4438.452203 4437.187703 4439.104922 4441.049268 4438.178344 4434.257179 4429.770662 4424.195366 4417.839986 4411.028964 4406.628383 4402.303060 4400.135163 4394.430645 4390.974531
-9999.0 2960.214219 3056.506786 3093.593630 3159.397002 3349.710233 3478.632820 3616.437057 3784.135971 3801.280365 3841.795907 3984.226883 4105.926908 4187.785026 4215.481084 4248.218438 4272.674173 4288.071111 4325.620808 4195.632295 4280.087406 4383.994594 4432.016904 4452.841117 4464.133236 4464.531367 4454.431724 4433.397662 4422.607490 4415.845099 4417.458012 4424.770911 4429.351206 4434.060221 4431.730516 4432.884306 4434.160360 4430.979581 4426.905986 4418.078020 4410.169511 4403.307904 4399.807936 4404.423251 4399.786373 4397.520794 4391.245290 4382.676978 4373.612728 4366.213258 4358.130898 4351.515637 4349.298260 4344.289982 4343.065596
-9999.0 2879.469368 2950.552898 3001.937011 3106.046920 3268.477131 3356.351809 3511.612107 3757.698557 3897.131334 4067.561694 4162.018041 4232.755282 4272.728512 4322.075843 4375.646484 4403.591908 4416.160274 4382.856859 4407.312551 4363.328328 4352.068757 4370.019957 4399.931000 4417.879285 4422.092207 4414.356962 4405.408638 4398.124230 4397.000959 4394.699202 4390.234862 4385.738174 4381.926649 4378.787377 4381.930032 4387.379868 4380.083411 4369.502570 4359.807947 4351.077457 4341.675046 4335.623326 4330.741543 4331.324928 4331.632522 4323.903111 4313.299989 4302.301547 4293.902610 4286.685893 4282.265058 4279.477453 4274.398253 4264.353832
-9999.0 2760.228208 2889.455976 2961.105137 3046.739609 3172.163509 3270.244783 3418.294114 3543.823216 3792.555401 3931.302649 4138.198477 4190.091046 4262.553782 4309.026253 4384.091247 4378.842202 4347.601442 4303.217051 4287.275216 4299.754632 4309.109510 4317.061485 4331.177080 4349.150017 4359.528011 4365.068239 4359.299314 4345.009924 4332.096945 4320.343109 4306.080619 4296.325183 4293.641442 4298.181140 4308.633215 4308.894234 4299.522520 4285.165667 4266.529029 4250.615203 4238.569434 4236.665494 4239.629636 4240.851729 4236.644804 4230.904953 4219.993223 4207.259661 4194.608613 4189.067821 4184.779976 4177.155589 4165.583180 4153.416802
-9999.0 -9999.0 2800.958710 2907.828930 2994.746322 3101.157328 3182.560917 3293.522325 3430.329191 3599.197556 3715.512766 3904.353899 4003.883193 4048.507288 4080.863327 4137.653121 4164.661805 4198.446152 4194.932126 4208.298763 4219.167839 4224.850982 4229.890409 4235.128677 4245.502514 4255.499021 4266.252814 4263.416293 4254.659283 4233.622046 4207.084729 4186.392754 4175.621180 4165.995202 4178.549795 4191.292522 4185.371155 4178.381816 4165.568504 4149.195077 4136.619952 4122.225364 4118.774638 4118.601966 4119.243266 4116.973446 4114.682020 4102.195053 4089.911296 4080.204707 4076.305871 4070.658737 4067.245837 4057.456802 4046.852739
-9999.0 -9999.0 2717.613131 2813.809351 2911.248683 3023.169166 3101.525981 3101.064625 3231.718608 3331.437781 3439.165104 3552.647522 3652.176073 3722.194065 3753.827683 3816.896668 3876.081230 3895.410178 3939.307876 3997.527842 4033.595387 4075.241698 4099.390532 4108.695439 4121.256331 4136.083536 4143.493621 4127.765847 4116.436840 4099.228819 4075.394077 4048.093050 4034.289552 4034.272470 4032.816583 4033.799217 4025.853171 4016.939592 4002.385377 3988.636702 3976.495078 3967.894295 3964.348501 3958.406667 3955.932595 3953.188506 3951.653598 3946.830453 3938.933002 3934.729462 3926.460361 3922.986405 3922.436584 3919.820627 3914.474362
