tests/Borden05m/sims/sim_1/output-maps/psiliqL0028N0003.asc
ncols         160
nrows         34
xllcorner     620200.000000
yllcorner     5168000.000000
cellsize      0.500000
NODATA_value  -9999.0
[rows 0 to 24 of 34, columns 0 to 54 of 160]
-9999.0 -9999.0 -9999.0 -9999.0 -9999.0 -9999.0 -9999.0 -9999.0 -9999.0 -9999.0 -9999.0 -9999.0 -9999.0 -9999.0 -9999.0 -9999.0 -9999.0 -9999.0 -9999.0 -9999.0 -9999.0 -9999.0 -9999.0 -9999.0 -9999.0 -9999.0 -9999.0 -9999.0 -9999.0 -9999.0 -9999.0 -9999.0 -9999.0 -9999.0 -9999.0 -9999.0 -9999.0 -9999.0 -9999.0 -9999.0 -9999.0 -9999.0 -9999.0 -9999.0 -9999.0 -9999.0 -9999.0 -9999.0 -9999.0 -9999.0 -9999.0 -9999.0 -9999.0 -9999.0 -9999.0
-9999.0 -9999.0 -9999.0 -9999.0 -9999.0 -9999.0 -9999.0 -9999.0 -9999.0 -9999.0 -9999.0 -9999.0 -9999.0 -9999.0 -9999.0 -9999.0 -9999.0 -9999.0 -9999.0 -9999.0 -9999.0 -9999.0 -9999.0 -9999.0 -9999.0 -9999.0 -9999.0 -9999.0 -9999.0 -9999.0 -9999.0 -9999.0 -9999.0 -9999.0 -9999.0 -9999.0 -9999.0 -9999.0 -9999.0 -9999.0 -9999.0 -9999.0 -9999.0 -9999.0 -9999.0 -9999.0 -9999.0 -9999.0 -9999.0 -9999.0 -9999.0 -9999.0 -9999.0 -9999.0 -9999.0
-9999.0 -9999.0 -9999.0 -9999.0 -9999.0 -9999.0 -9999.0 -9999.0 -9999.0 -9999.0 -9999.0 -9999.0 -9999.0 -9999.0 -9999.0 -9999.0 -9999.0 -9999.0 -9999.0 -9999.0 -9999.0 -9999.0 -9999.0 -9999.0 -9999.0 -9999.0 -9999.0 -9999.0 -9999.0 -9999.0 -9999.0 -9999.0 -9999.0 -9999.0 -9999.0 -9999.0 -9999.0 -9999.0 -9999.0 -9999.0 -9999.0 -9999.0 -9999.0 -9999.0 -9999.0 -9999.0 -9999.0 3672.640857 3655.463224 3642.394563 3637.132210 3657.738952 3680.579634 3704.226360 3724.573530
-9999.0 -9999.0 -9999.0 -9999.0 -9999.0 -9999.0 -9999.0 -9999.0 -9999.0 -9999.0 -9999.0 -9999.0 -9999.0 -9999.0 -9999.0 -9999.0 -9999.0 -9999.0 -9999.0 -9999.0 -9999.0 -9999.0 -9999.0 -9999.0 -9999.0 -9999.0 -9999.0 -9999.0 -9999.0 -9999.0 -9999.0 -9999.0 -9999.0 -9999.0 -9999.0 -9999.0 -9999.0 -9999.0 -9999.0 -9999.0 3724.089139 3729.926914 3729.294858 3719.419349 3707.917773 3693.786317 3672.935372 3655.808717 3642.977978 3641.044507 3643.263385 3645.261909 3665.329307 3690.673974 3710.437560
-9999.0 -9999.0 -9999.0 -9999.0 -9999.0 -9999.0 -9999.0 -9999.0 -9999.0 -9999.0 -9999.0 -9999.0 -9999.0 -9999.0 -9999.0 -9999.0 -9999.0 -9999.0 -9999.0 -9999.0 -9999.0 -9999.0 -9999.0 -9999.0 -9999.0 -9999.0 -9999.0 -9999.0 -9999.0 -9999.0 -9999.0 -9999.0 -9999.0 -9999.0 3632.103852 3648.805079 3666.525191 3684.943320 3701.804825 3708.794622 3714.530318 3719.662076 3714.735073 3710.151598 3698.153228 3676.516077 3657.056039 3644.319445 3643.406470 3640.784683 3643.932989 3654.918494 3671.216459 3685.695055 3705.857863
-9999.0 -9999.0 -9999.0 -9999.0 -9999.0 -9999.0 -9999.0 -9999.0 -9999.0 -9999.0 -9999.0 -9999.0 -9999.0 -9999.0 -9999.0 -9999.0 -9999.0 -9999.0 -9999.0 -9999.0 -9999.0 -9999.0 -9999.0 -9999.0 -9999.0 -9999.0 -9999.0 -9999.0 3638.680034 3632.600362 3627.645224 3625.832759 3624.122253 3622.989867 3629.429294 3640.136353 3656.730728 3678.661038 3691.791231 3698.854277 3705.586399 3705.612406 3699.262739 3697.302929 3697.507859 3684.350933 3671.617390 3659.676793 3647.954747 3644.162287 3652.561964 3666.472834 3682.325278 3696.472213 3711.317689
-9999.0 -9999.0 -9999.0 -9999.0 -9999.0 -9999.0 -9999.0 -9999.0 -9999.0 -9999.0 -9999.0 -9999.0 -9999.0 -9999.0 -9999.0 -9999.0 -9999.0 -9999.0 -9999.0 -9999.0 -9999.0 -9999.0 -9999.0 3609.217950 3613.821572 3620.146409 3627.638947 3628.393610 3625.057485 3619.504263 3616.638456 3614.942502 3612.239952 3616.468162 3622.909159 3635.355417 3650.104648 3672.095861 3679.880228 3683.399124 3694.174136 3697.668499 3705.490155 3708.913768 3706.531135 3701.749574 3685.910818 3673.418609 3674.526537 3677.671996 3684.032075 3691.938251 3704.942628 3717.837702 3732.214474
-9999.0 -9999.0 -9999.0 -9999.0 -9999.0 -9999.0 -9999.0 -9999.0 -9999.0 -9999.0 -9999.0 -9999.0 -9999.0 -9999.0 -9999.0 -9999.0 -9999.0 -9999.0 -9999.0 3585.042258 3586.021454 3587.443075 3592.166603 3592.296382 3593.766015 3600.210162 3607.877447 3610.563444 3607.915970 3606.662273 3607.526990 3609.616452 3613.665906 3623.382481 3636.058514 3649.257037 3661.143590 3681.033390 3694.609082 3705.912256 3720.274465 3720.288671 3716.133934 3713.862395 3713.014082 3710.378609 3707.040402 3704.736728 3710.222724 3709.480123 3711.771282 3720.190389 3731.590503 3747.064402 3763.452358
-9999.0 -9999.0 -9999.0 -9999.0 -9999.0 -9999.0 -9999.0 -9999.0 -9999.0 -9999.0 -9999.0 -9999.0 -9999.0 -9999.0 -9999.0 -9999.0 3556.083343 3557.708186 3559.947783 3565.322345 3568.989554 3572.677103 3579.374001 3580.613231 3583.526473 3590.077546 3593.872147 3602.653676 3610.443752 3616.732317 3621.719335 3623.174938 3628.497626 3636.534045 3646.721423 3659.156386 3677.774436 3700.272860 3714.744275 3730.320283 3746.531436 3746.117660 3743.352492 3742.530464 3739.814830 3739.410929 3752.307966 3754.166767 3746.949569 3754.588902 3765.109032 3766.719130 3772.732804 3791.813101 3812.995965
-9999.0 -9999.0 -9999.0 -9999.0 -9999.0 -9999.0 -9999.0 -9999.0 -9999.0 -9999.0 -9999.0 -9999.0 -9999.0 3506.293879 3510.045315 3520.169799 3531.876345 3534.771803 3539.568132 3546.079566 3557.794737 3560.963572 3566.351310 3572.829004 3584.924467 3592.739305 3600.526176 3611.214347 3618.042298 3623.759549 3628.790131 3629.929181 3639.774171 3652.196306 3664.941584 3682.491174 3703.058969 3719.843395 3736.369935 3751.655048 3761.836473 3757.402076 3755.641926 3756.755800 3759.966784 3771.248630 3786.411731 3784.524669 3791.866491 3811.044467 3819.906821 3825.732137 3830.712356 3843.988493 3864.983215
-9999.0 -9999.0 -9999.0 -9999.0 -9999.0 -9999.0 -9999.0 -9999.0 -9999.0 -9999.0 3480.967937 3482.064919 3477.955637 3474.422375 3479.995826 3492.016408 3506.344015 3511.237739 3522.849097 3543.779359 3562.055176 3564.309298 3576.673388 3585.998889 3591.635690 3600.036672 3611.398297 3621.785860 3635.303862 3645.147917 3651.782059 3665.876553 3679.793587 3694.135983 3709.551600 3728.348847 3742.401115 3763.943059 3787.165315 3793.978364 3808.946927 3809.556194 3804.389135 3801.395225 3809.778161 3819.201695 3832.005089 3845.530071 3862.586919 3883.101594 3891.573561 3903.555168 3911.753531 3921.282769 3936.091751
-9999.0 -9999.0 -9999.0 -9999.0 -9999.0 -9999.0 -9999.0 -9999.0 3456.641523 3464.645159 3469.497860 3465.705454 3460.694428 3453.910280 3468.187063 3482.905154 3498.005122 3515.752948 3530.440872 3547.870220 3560.559335 3573.929706 3592.917626 3602.149511 3611.064628 3624.421778 3635.651160 3648.376807 3666.943571 3672.368526 3680.934093 3698.347189 3711.940921 3726.978521 3743.437012 3758.138360 3776.152716 3804.542255 3831.811061 3846.045610 3870.749279 3886.205950 3879.227188 3876.323083 3876.593376 3898.449133 3923.360921 3951.358517 3968.659432 3990.859998 4018.305452 4037.000684 4045.921099 4056.716853 4070.283677
-9999.0 -9999.0 -9999.0 -9999.0 -9999.0 -9999.0 3428.267786 3452.370587 3467.151968 3457.890612 3442.399687 3436.337726 3429.111801 3460.511776 3482.186333 3498.673570 3514.375340 3530.854739 3545.917689 3552.456652 3580.193747 3598.536347 3608.604292 3619.706184 3632.627742 3645.480510 3659.950931 3679.389828 3694.775772 3714.146822 3727.486780 3741.521385 3763.438518 3779.153917 3794.611844 3806.550256 3832.608313 3865.992001 3899.450594 3922.610181 3946.094483 3977.092633 3975.658748 3976.801757 3977.596098 4001.303903 4034.938856 4064.258136 4095.504722 4125.590931 4153.847046 4164.135848 4172.929884 4182.662793 4195.084616
-9999.0 -9999.0 -9999.0 -9999.0 3396.677789 3417.158152 3435.071284 3464.450788 3485.679456 3480.014154 3483.260614 3480.117949 3474.424858 3478.733874 3486.093796 3502.093583 3520.132320 3538.534329 3551.059679 3575.798725 3621.667754 3630.752324 3645.502307 3673.169869 3682.422319 3694.853155 3708.957208 3727.794985 3744.055865 3769.348703 3801.322302 3828.445917 3848.372813 3866.357222 3884.442478 3900.122802 3934.607358 3970.878343 4005.861637 4036.658596 4062.930665 4088.696222 4094.642432 4099.219768 4108.976819 4125.999350 4148.679657 4176.144731 4209.862968 4241.887195 4264.967194 4273.634724 4278.654228 4288.129547 4295.459963
-9999.0 -9999.0 -9999.0 3341.973826 3380.853930 3420.343530 3445.141696 3474.528618 3506.101264 3504.451716 3512.185684 3510.362467 3507.497225 3511.412665 3512.755947 3527.918860 3545.013982 3564.058178 3584.105672 3615.992542 3643.196331 3658.276706 3684.307615 3697.966953 3708.940667 3720.348038 3737.775168 3756.366509 3791.341862 3819.469676 3864.249000 3913.905624 3945.114409 3963.748863 3985.890533 4013.161392 4038.150158 4076.929890 4110.727120 4142.612972 4172.651938 4194.565278 4208.458582 4212.900959 4222.560910 4228.148644 4240.438942 4261.354479 4283.700669 4314.490264 4343.787790 4372.982540 4388.368220 4399.562464 4416.790765
-9999.0 -9999.0 3293.456833 3333.073429 3363.629754 3409.270533 3461.657780 3496.110453 3534.427505 3551.699135 3553.449068 3562.164489 3570.951707 3570.127277 3576.980008 3587.997594 3609.562028 3617.804518 3637.643361 3650.595937 3685.338282 3716.984688 3709.266751 3745.314560 3774.319654 3806.799379 3827.924960 3854.043919 3891.590524 3924.361906 3968.057120 4017.734241 4051.561218 4079.127729 4095.004478 4115.336400 4135.529588 4162.089339 4199.019673 4224.491552 4258.276176 4283.679984 4303.152783 4303.529657 4306.150693 4322.361945 4350.997102 4382.240779 4411.522423 4440.949498 4423.919694 4448.412587 4459.367149 4465.478963 4475.088907
-9999.0 -9999.0 3262.520125 3309.131309 3342.361206 3398.449668 3485.308994 3518.318657 3557.005077 3601.537373 3613.720943 3633.782189 3624.331522 3609.666890 3625.744334 3638.161029 3658.979144 3666.016337 3658.931507 3710.025256 3761.284384 3782.134583 3783.437600 3860.883214 3913.594716 3938.527729 3955.594960 3975.773254 3995.046020 4032.922182 4071.328401 4125.940033 4167.083071 4196.944670 4211.485908 4231.788937 4251.384353 4266.384149 4286.090566 4333.545004 4369.838362 4401.140164 4433.541588 4455.056337 4463.299105 4468.564181 4441.646486 4462.136344 4476.031711 4482.024695 4484.433704 4480.608653 4480.062834 4480.910013 4481.832894
-9999.0 3168.313595 3220.763559 3270.522466 3333.690737 3393.435796 3466.234786 3539.578626 3606.313178 3658.306328 3682.264594 3672.092858 3666.445997 3688.672852 3706.580964 3721.178876 3726.585965 3737.098431 3716.896759 3770.519907 3805.474449 3851.543893 3949.509788 4007.993026 4073.249569 4068.788676 4056.633141 4060.954093 4076.273350 4123.112695 4203.384357 4260.645303 4327.847241 4377.852093 4395.349006 4403.113472 4422.119358 4443.175017 4387.520605 4433.085595 4454.134449 4471.698067 4481.861557 4484.282384 4485.634423 4485.382652 4481.645167 4474.540640 4466.300830 4460.406841 4456.140672 4451.637523 4454.078874 4457.415236 4457.512237
-9999.0 3129.276460 3186.138436 3253.659278 3319.969623 3362.915672 3441.312491 3610.224391 3673.241373 3710.538539 3712.959462 3681.548428 3736.064390 3794.637476 3817.482908 3862.561316 3845.706793 3830.123731 3790.099770 3814.411722 3851.781449 3922.378590 4096.971108 4186.340188 4241.472786 4249.379787 4249.715383 4278.436760 4323.695789 4372.655119 4420.212550 4385.483114 4437.928228 4463.827676 4469.239818 4469.997400 4475.808481 4474.246931 4472.939727 4468.424727 4463.213545 4463.389656 4468.103957 4467.959920 4464.961859 4461.517839 4455.776011 4448.356270 4443.192972 4438.556165 4435.908357 4433.089188 4431.063131 4430.192821 4425.217373
-9999.0 3086.659147 3161.965066 3218.880018 3260.988767 3347.233173 3477.251839 3621.962699 3718.191049 3751.075828 3721.219065 3750.974771 3853.974806 3961.696189 4014.254269 4034.951730 4013.102032 3961.206176 3938.212871 3981.909252 4053.490236 4177.435431 4323.059185 4425.919042 4441.851563 4445.460961 4394.276312 4421.817060 4447.343842 4450.373030 4451.571627 4460.244191 4465.377747 4468.403299 4466.806917 4463.906382 4459.058360 4450.804970 4446.017371 4442.270316 4438.452216 4437.187715 4439.104906 4441.049283 4438.178356 4434.257160 4429.770659 4424.195361 4417.839977 4411.028974 4406.628372 4402.303067 4400.135160 4394.430652 4390.974533
-9999.0 2958.267859 3055.999713 3093.226942 3159.017325 3349.644374 3478.624900 3616.435970 3784.135859 3801.280286 3841.795783 3984.226885 4105.926876 4187.785028 4215.481070 4248.218439 4272.674186 4288.071126 4325.620789 4195.632291 4280.087398 4383.994586 4432.016896 4452.841109 4464.133232 4464.531358 4454.431731 4433.397657 4422.607495 4415.845103 4417.458011 4424.770924 4429.351202 4434.060220 4431.730535 4432.884323 4434.160336 4430.979601 4426.905978 4418.078002 4410.169534 4403.307884 4399.807949 4404.423240 4399.786371 4397.520801 4391.245291 4382.676974 4373.612728 4366.213270 4358.130906 4351.515626 4349.298267 4344.289956 4343.065582
-9999.0 2877.135651 2948.476490 3001.377531 3105.640467 3268.407916 3356.340762 3511.605649 3757.698140 3897.131286 4067.561698 4162.018016 4232.755300 4272.728497 4322.075839 4375.646487 4403.591903 4416.160265 4382.856856 4407.312574 4363.328330 4352.068750 4370.019973 4399.930995 4417.879291 4422.092219 4414.356952 4405.408658 4398.124237 4397.000950 4394.699192 4390.234854 4385.738167 4381.926661 4378.787384 4381.930021 4387.379871 4380.083403 4369.502562 4359.807962 4351.077455 4341.675032 4335.623326 4330.741527 4331.324935 4331.632523 4323.903099 4313.299987 4302.301545 4293.902591 4286.685889 4282.265063 4279.477467 4274.398258 4264.353849
-9999.0 2756.034962 2886.969842 2958.835175 3046.227462 3172.067087 3270.181767 3418.280822 3543.821590 3792.555223 3931.302601 4138.198484 4190.091043 4262.553786 4309.026246 4384.091250 4378.842186 4347.601448 4303.217037 4287.275204 4299.754620 4309.109532 4317.061462 4331.177102 4349.150001 4359.528031 4365.068220 4359.299314 4345.009922 4332.096954 4320.343114 4306.080619 4296.325184 4293.641423 4298.181132 4308.633193 4308.894260 4299.522494 4285.165686 4266.529017 4250.615195 4238.569444 4236.665492 4239.629645 4240.851728 4236.644815 4230.904953 4219.993216 4207.259669 4194.608620 4189.067800 4184.779992 4177.155558 4165.583190 4153.416779
-9999.0 -9999.0 2798.313425 2905.410747 2994.083570 3100.667714 3182.443553 3293.419688 3430.312069 3599.194803 3715.511940 3904.353585 4003.883076 4048.507264 4080.863291 4137.653119 4164.661797 4198.446154 4194.932118 4208.298790 4219.167840 4224.850992 4229.890400 4235.128669 4245.502510 4255.499002 4266.252819 4263.416284 4254.659285 4233.622052 4207.084713 4186.392770 4175.621172 4165.995203 4178.549800 4191.292526 4185.371153 4178.381814 4165.568511 4149.195050 4136.619933 4122.225354 4118.774605 4118.601938 4119.243262 4116.973420 4114.682012 4102.195009 4089.911276 4080.204674 4076.305859 4070.658694 4067.245837 4057.456762 4046.852704
-9999.0 -9999.0 2713.096936 2810.643360 2908.567373 3022.381600 3100.782231 3100.401099 3231.569348 3331.384587 3439.146400 3552.638803 3652.173776 3722.192908 3753.826513 3816.896212 3876.080979 3895.409942 3939.307742 3997.527803 4033.595349 4075.241680 4099.390524 4108.695410 4121.256343 4136.083516 4143.493615 4127.765847 4116.436804 4099.228799 4075.394046 4048.093022 4034.289527 4034.272443 4032.816567 4033.799205 4025.853136 4016.939556 4002.385368 3988.636670 3976.495040 3967.894275 3964.348470 3958.406652 3955.932563 3953.188477 3951.653573 3946.830218 3938.932791 3934.729227 3926.460142 3922.986213 3922.436350 3919.820430 3914.474165
