tests/Borden05m/sims/sim_1/output-maps/psiliqL0019N0017.asc
ncols         160
nrows         34
xllcorner     620200.000000
yllcorner     5168000.000000
cellsize      0.500000
NODATA_value  -9999.0
[rows 0 to 24 of 34, columns 0 to 54 of 160]
-9999.0 -9999.0 -9999.0 -9999.0 -9999.0 -9999.0 -9999.0 -9999.0 -9999.0 -9999.0 -9999.0 -9999.0 -9999.0 -9999.0 -9999.0 -9999.0 -9999.0 -9999.0 -9999.0 -9999.0 -9999.0 -9999.0 -9999.0 -9999.0 -9999.0 -9999.0 -9999.0 -9999.0 -9999.0 -9999.0 -9999.0 -9999.0 -9999.0 -9999.0 -9999.0 -9999.0 -9999.0 -9999.0 -9999.0 -9999.0 -9999.0 -9999.0 -9999.0 -9999.0 -9999.0 -9999.0 -9999.0 -9999.0 -9999.0 -9999.0 -9999.0 -9999.0 -9999.0 -9999.0 -9999.0
-9999.0 -9999.0 -9999.0 -9999.0 -9999.0 -9999.0 -9999.0 -9999.0 -9999.0 -9999.0 -9999.0 -9999.0 -9999.0 -9999.0 -9999.0 -9999.0 -9999.0 -9999.0 -9999.0 -9999.0 -9999.0 -9999.0 -9999.0 -9999.0 -9999.0 -9999.0 -9999.0 -9999.0 -9999.0 -9999.0 -9999.0 -9999.0 -9999.0 -9999.0 -9999.0 -9999.0 -9999.0 -9999.0 -9999.0 -9999.0 -9999.0 -9999.0 -9999.0 -9999.0 -9999.0 -9999.0 -9999.0 -9999.0 -9999.0 -9999.0 -9999.0 -9999.0 -9999.0 -9999.0 -9999.0
-9999.0 -9999.0 -9999.0 -9999.0 -9999.0 -9999.0 -9999.0 -9999.0 -9999.0 -9999.0 -9999.0 -9999.0 -9999.0 -9999.0 -9999.0 -9999.0 -9999.0 -9999.0 -9999.0 -9999.0 -9999.0 -9999.0 -9999.0 -9999.0 -9999.0 -9999.0 -9999.0 -9999.0 -9999.0 -9999.0 -9999.0 -9999.0 -9999.0 -9999.0 -9999.0 -9999.0 -9999.0 -9999.0 -9999.0 -9999.0 -9999.0 -9999.0 -9999.0 -9999.0 -9999.0 -9999.0 -9999.0 1903.474281 1886.447030 1872.171111 1869.132814 1891.367114 1915.045067 1939.298216 1960.294804
-9999.0 -9999.0 -9999.0 -9999.0 -9999.0 -9999.0 -9999.0 -9999.0 -9999.0 -9999.0 -9999.0 -9999.0 -9999.0 -9999.0 -9999.0 -9999.0 -9999.0 -9999.0 -9999.0 -9999.0 -9999.0 -9999.0 -9999.0 -9999.0 -9999.0 -9999.0 -9999.0 -9999.0 -9999.0 -9999.0 -9999.0 -9999.0 -9999.0 -9999.0 -9999.0 -9999.0 -9999.0 -9999.0 -9999.0 -9999.0 1951.155019 1957.251525 1958.066650 1948.241123 1937.355286 1924.798789 1904.794624 1887.428776 1873.700515 1871.848714 1874.840990 1879.228443 1901.348131 1926.832992 1947.086772
-9999.0 -9999.0 -9999.0 -9999.0 -9999.0 -9999.0 -9999.0 -9999.0 -9999.0 -9999.0 -9999.0 -9999.0 -9999.0 -9999.0 -9999.0 -9999.0 -9999.0 -9999.0 -9999.0 -9999.0 -9999.0 -9999.0 -9999.0 -9999.0 -9999.0 -9999.0 -9999.0 -9999.0 -9999.0 -9999.0 -9999.0 -9999.0 -9999.0 -9999.0 1857.521854 1874.941804 1893.289257 1912.155246 1929.381910 1936.603170 1942.569895 1948.386330 1944.373983 1940.233221 1929.137508 1909.518799 1890.492319 1877.521813 1876.351879 1874.366268 1878.790592 1891.506871 1908.706929 1924.828270 1946.051383
-9999.0 -9999.0 -9999.0 -9999.0 -9999.0 -9999.0 -9999.0 -9999.0 -9999.0 -9999.0 -9999.0 -9999.0 -9999.0 -9999.0 -9999.0 -9999.0 -9999.0 -9999.0 -9999.0 -9999.0 -9999.0 -9999.0 -9999.0 -9999.0 -9999.0 -9999.0 -9999.0 -9999.0 1860.378018 1854.756596 1850.270037 1849.252106 1848.396127 1847.817191 1854.865493 1866.830849 1884.798952 1907.111816 1920.675757 1928.338017 1935.471133 1936.426528 1931.425764 1930.021701 1930.895075 1919.139084 1907.634826 1896.895087 1886.501194 1884.708056 1894.466925 1909.164951 1925.901857 1941.146469 1956.989105
-9999.0 -9999.0 -9999.0 -9999.0 -9999.0 -9999.0 -9999.0 -9999.0 -9999.0 -9999.0 -9999.0 -9999.0 -9999.0 -9999.0 -9999.0 -9999.0 -9999.0 -9999.0 -9999.0 -9999.0 -9999.0 -9999.0 -9999.0 1828.754466 1834.416045 1841.361614 1849.403207 1850.826234 1847.515207 1842.476619 1840.137970 1839.242683 1837.836654 1842.875820 1850.922459 1864.671070 1880.710878 1903.272715 1912.202918 1917.937892 1930.231472 1933.901394 1941.086502 1945.579144 1944.277030 1941.329415 1928.190220 1918.318369 1922.505180 1927.998363 1935.312615 1943.953841 1957.883476 1972.983056 1989.841816
-9999.0 -9999.0 -9999.0 -9999.0 -9999.0 -9999.0 -9999.0 -9999.0 -9999.0 -9999.0 -9999.0 -9999.0 -9999.0 -9999.0 -9999.0 -9999.0 -9999.0 -9999.0 -9999.0 1802.715467 1803.968149 1805.693185 1810.886272 1811.886023 1814.289032 1821.671563 1830.294896 1833.455139 1832.059877 1831.412619 1833.453569 1836.725438 1841.775692 1853.273240 1867.437859 1882.026067 1895.924874 1917.208964 1932.289324 1945.780304 1961.920722 1962.261636 1958.952707 1957.711181 1958.436375 1958.294175 1960.322123 1961.857913 1968.506356 1971.878917 1977.425537 1987.135816 1999.316818 2017.237799 2036.479024
-9999.0 -9999.0 -9999.0 -9999.0 -9999.0 -9999.0 -9999.0 -9999.0 -9999.0 -9999.0 -9999.0 -9999.0 -9999.0 -9999.0 -9999.0 -9999.0 1773.005511 1775.092058 1777.753500 1783.576111 1787.234088 1791.672881 1799.121702 1800.985697 1805.132247 1812.803236 1818.082779 1827.695572 1836.488151 1844.300569 1850.817173 1853.985654 1861.603780 1871.596654 1883.788569 1898.926122 1920.252473 1943.988567 1960.446907 1977.670061 1995.283223 1996.372349 1995.522814 1996.770352 1996.873031 2001.508164 2018.013833 2023.045340 2021.862369 2035.776880 2049.204391 2053.799855 2061.745443 2081.554835 2104.934372
-9999.0 -9999.0 -9999.0 -9999.0 -9999.0 -9999.0 -9999.0 -9999.0 -9999.0 -9999.0 -9999.0 -9999.0 -9999.0 1724.371764 1728.715488 1738.947460 1749.561423 1752.733865 1757.770523 1764.590504 1777.266619 1781.431888 1788.110127 1796.098912 1808.913779 1818.154622 1827.773735 1840.170964 1849.013178 1856.725748 1864.087262 1869.174368 1882.267662 1897.552274 1913.269533 1933.537340 1955.976790 1976.105782 1996.090946 2012.624962 2025.971095 2026.538369 2026.139737 2028.907908 2035.836102 2051.788333 2070.061197 2075.901578 2090.848202 2113.124863 2125.614418 2135.914945 2144.026144 2158.033216 2179.641666
-9999.0 -9999.0 -9999.0 -9999.0 -9999.0 -9999.0 -9999.0 -9999.0 -9999.0 -9999.0 1692.804508 1695.035031 1691.867202 1691.022587 1696.819518 1709.484189 1724.033525 1730.690846 1742.986535 1764.651697 1783.391309 1787.325057 1802.025688 1812.923681 1820.338927 1831.204249 1844.834445 1857.931281 1874.749318 1887.495918 1898.564920 1917.396106 1934.176387 1951.156427 1969.291163 1990.167444 2009.037930 2036.119303 2062.914392 2074.678769 2095.300262 2103.522406 2100.775242 2100.701563 2110.309065 2124.879047 2143.925486 2164.525948 2185.203583 2209.480115 2224.410324 2238.547972 2249.082318 2261.128482 2277.217327
-9999.0 -9999.0 -9999.0 -9999.0 -9999.0 -9999.0 -9999.0 -9999.0 1667.554937 1675.443579 1681.614418 1678.869769 1674.790735 1670.537010 1685.117378 1701.291597 1717.788006 1736.254126 1752.668175 1771.506451 1786.885112 1803.190045 1823.848955 1835.889732 1847.829152 1863.721422 1877.829712 1894.740132 1916.384261 1927.936305 1943.205588 1964.540983 1982.747555 2001.055787 2020.301575 2038.545621 2063.340107 2096.139464 2127.456456 2148.143319 2175.704040 2196.852260 2194.858722 2196.373418 2200.187619 2225.247900 2253.653585 2283.903864 2307.373532 2333.632045 2362.901178 2381.504189 2392.145288 2404.743954 2420.019072
-9999.0 -9999.0 -9999.0 -9999.0 -9999.0 -9999.0 1639.246395 1663.760109 1679.176861 1671.328552 1660.123899 1656.294058 1651.868347 1678.694530 1701.351639 1719.212398 1736.651797 1754.889141 1771.991515 1783.938781 1816.833883 1836.041379 1850.237556 1867.253256 1882.612860 1897.984854 1915.799599 1939.194873 1960.189966 1987.735608 2010.713205 2032.704057 2058.946584 2078.673389 2097.654551 2114.979133 2145.510965 2182.298230 2218.608396 2246.220426 2272.846807 2304.677966 2309.833082 2314.818700 2320.511414 2342.992257 2375.698131 2405.978004 2439.453841 2471.435242 2499.300849 2511.950500 2522.585607 2533.997727 2547.667813
-9999.0 -9999.0 -9999.0 -9999.0 1605.739903 1626.773963 1646.528097 1677.246891 1699.924900 1695.343949 1701.574080 1701.376403 1699.074221 1703.944054 1712.022341 1730.433284 1749.934794 1769.806306 1787.092340 1819.898022 1865.886598 1880.598959 1903.043779 1934.900139 1948.493440 1964.230546 1981.166738 2004.175227 2028.756494 2060.879630 2101.862328 2136.858534 2161.900391 2184.341863 2205.660498 2226.547691 2261.610917 2299.834200 2336.836674 2370.482060 2399.620351 2426.164547 2437.313619 2444.843592 2456.660749 2473.850435 2496.230248 2524.745030 2557.458117 2589.967984 2614.761882 2626.967782 2634.424615 2645.189122 2655.038592
-9999.0 -9999.0 -9999.0 1554.333260 1593.311881 1632.036245 1658.799944 1689.780494 1722.386184 1725.705779 1735.081015 1738.646436 1741.860715 1749.862815 1757.081935 1774.662996 1792.346945 1810.583082 1833.353455 1869.829236 1903.551569 1929.707330 1960.941106 1984.554145 2003.287454 2018.996192 2038.468870 2061.978354 2101.492918 2137.051206 2186.442163 2239.355709 2275.268356 2299.132810 2322.511310 2350.738334 2376.531662 2414.307741 2449.548640 2482.966755 2515.479031 2540.131209 2557.964437 2565.238212 2575.476941 2583.666611 2599.039383 2620.581279 2643.063220 2672.969461 2702.090900 2730.158062 2745.296825 2756.134554 2772.833335
-9999.0 -9999.0 1506.549700 1545.123510 1578.338697 1627.466974 1680.769788 1715.832809 1756.614343 1779.121190 1785.139536 1800.377332 1815.010196 1820.609470 1834.347808 1850.616768 1870.793303 1879.383713 1898.588164 1924.579208 1970.501893 2012.409765 2025.007226 2072.035182 2104.932072 2135.228139 2155.227763 2182.897468 2220.172749 2259.846869 2307.951277 2358.729245 2396.564615 2427.663399 2445.187493 2465.963027 2488.719537 2515.231149 2551.096375 2579.496748 2612.188060 2638.688404 2660.313919 2665.656083 2670.487394 2686.901734 2713.125260 2742.449008 2769.025949 2794.890985 2792.106320 2808.766061 2816.653761 2821.346964 2828.041491
-9999.0 -9999.0 1478.464251 1524.118746 1562.423301 1625.946852 1708.604110 1745.142801 1787.512918 1833.841105 1851.316442 1875.240334 1881.133078 1883.776079 1905.767253 1925.989196 1942.300885 1950.520255 1949.414570 2004.661669 2061.708725 2103.273541 2135.906216 2206.788852 2255.312853 2275.784791 2291.321915 2313.094206 2337.096698 2379.406680 2424.850014 2479.240581 2523.842803 2555.550106 2572.465628 2592.545278 2613.543381 2631.425490 2651.584534 2694.248321 2726.718487 2755.196433 2784.446968 2805.562658 2814.315216 2818.855956 2803.450408 2817.363769 2826.922585 2831.431000 2833.495490 2830.585570 2830.447042 2831.544854 2832.736706
-9999.0 1387.742328 1440.116417 1492.426155 1559.832220 1625.176731 1705.631720 1784.185836 1845.190625 1894.891786 1923.221054 1928.998924 1952.492621 1988.971176 2013.088852 2036.798308 2041.928631 2050.278905 2038.656188 2090.028086 2135.892659 2201.457811 2307.316848 2364.863295 2416.961863 2418.149799 2412.419834 2423.580183 2445.727313 2491.277809 2564.500214 2616.719960 2676.012447 2722.459574 2740.113995 2748.624822 2767.664860 2788.745514 2762.854653 2793.836624 2808.958316 2821.541330 2827.485760 2830.180771 2831.985832 2832.602579 2829.757760 2823.631683 2816.081934 2810.683969 2806.759834 2802.367420 2804.814869 2808.026823 2808.397031
-9999.0 1351.152648 1409.902663 1480.374906 1550.298063 1610.639823 1706.619199 1858.784118 1916.351634 1954.533191 1971.530856 1977.081426 2047.422383 2111.328117 2142.440244 2187.834385 2180.208864 2169.887701 2149.706533 2181.147729 2227.628735 2301.146183 2453.688270 2540.285984 2578.348336 2589.806400 2596.195113 2624.798369 2665.588951 2709.041392 2749.136551 2740.106535 2777.414751 2797.384332 2804.031583 2807.256749 2813.188445 2814.259365 2813.918171 2811.340921 2807.815547 2809.111612 2814.221973 2814.731994 2812.403854 2809.550542 2804.106191 2796.606613 2791.035511 2786.157963 2783.148048 2779.886310 2777.787640 2777.090388 2772.069116
-9999.0 1317.356808 1390.052401 1451.753936 1509.809795 1615.724133 1743.684467 1882.814212 1977.453314 2014.339233 2021.016748 2077.600927 2178.648029 2278.330602 2330.640465 2355.507001 2351.062548 2322.214466 2319.043053 2364.887305 2432.943815 2536.241582 2645.998844 2733.265339 2749.105581 2754.476759 2725.841275 2745.879662 2765.014313 2770.854836 2775.637906 2784.228964 2792.713010 2798.597300 2799.860565 2799.213834 2796.316347 2789.810018 2786.129704 2783.698639 2780.961679 2780.872163 2783.667634 2785.341651 2782.784393 2778.846652 2774.077194 2767.953367 2761.006021 2753.725166 2749.035873 2744.336625 2741.568920 2735.789305 2731.014068
-9999.0 1208.589010 1300.147022 1349.744447 1449.150389 1629.209461 1757.277645 1903.953763 2057.434302 2089.955559 2153.984350 2280.729490 2390.700822 2467.253675 2503.967241 2543.543307 2572.402427 2595.082711 2632.759363 2564.706666 2631.853102 2706.874936 2741.588240 2758.752835 2765.789919 2768.706295 2762.196046 2744.852621 2737.167548 2733.644058 2738.614932 2749.097757 2757.194368 2764.925548 2764.882687 2767.278171 2768.974152 2766.503034 2763.200248 2755.356160 2748.126294 2742.316688 2740.065347 2745.011139 2740.055301 2736.895010 2730.381728 2721.489153 2710.874878 2702.638054 2694.185157 2686.842416 2683.516389 2677.353805 2675.017990
-9999.0 1127.748434 1203.014329 1281.003505 1408.769105 1573.181960 1690.168938 1854.141405 2074.707289 2198.473730 2337.403157 2416.493321 2488.911451 2542.877495 2600.651927 2650.815668 2678.183320 2691.289418 2676.195542 2694.304824 2661.611240 2656.047305 2677.027558 2706.769484 2723.449302 2729.262523 2722.983078 2715.060580 2710.193222 2711.624217 2712.604713 2712.625888 2712.269606 2711.524737 2710.007294 2713.537976 2719.179427 2713.123529 2703.144554 2694.563356 2686.836903 2678.214841 2672.454374 2668.316712 2667.455282 2666.980197 2659.003822 2648.237816 2637.568004 2628.896267 2620.805306 2614.945256 2611.515425 2605.600818 2595.855252
-9999.0 1020.860409 1146.698688 1234.011482 1345.418145 1479.517949 1597.707793 1757.158220 1898.902833 2127.733833 2278.922660 2418.003783 2463.406614 2526.548952 2581.421128 2652.253585 2655.375837 2628.372789 2594.810561 2582.882842 2593.872466 2605.953461 2619.326851 2638.610527 2657.634528 2668.835841 2673.524630 2668.207116 2656.104369 2647.292595 2640.615881 2631.055724 2624.695355 2624.364063 2627.529422 2636.574070 2638.633604 2630.009398 2617.395655 2600.597777 2585.965794 2574.828566 2572.107280 2573.717207 2573.772000 2569.550101 2562.701482 2551.684483 2538.843950 2526.401610 2519.149590 2513.514564 2505.663609 2494.250587 2481.296380
-9999.0 -9999.0 1067.373920 1177.528778 1280.145954 1398.618950 1504.157396 1638.000373 1784.593459 1961.948414 2078.996138 2228.084148 2309.480375 2354.951699 2398.789842 2454.878454 2477.970929 2504.413524 2495.113661 2505.221981 2515.800170 2523.863202 2533.687452 2544.517229 2557.978398 2569.070586 2578.932240 2577.794489 2570.186005 2553.139134 2532.142997 2516.227389 2507.967979 2501.117572 2512.234176 2524.501088 2520.878949 2514.428680 2502.420766 2486.020882 2473.094272 2459.071739 2455.183416 2454.964693 2454.819123 2451.690613 2447.499703 2434.332185 2421.287179 2409.814716 2404.398881 2397.912735 2392.659520 2381.740999 2370.197223
-9999.0 -9999.0 981.468296 1088.495218 1198.357233 1319.577263 1413.812502 1465.597568 1611.789986 1723.091998 1828.565302 1931.625618 2019.308036 2084.576297 2124.176104 2185.873323 2233.705607 2252.187746 2282.289252 2323.660636 2354.704897 2388.735511 2410.473367 2423.371535 2437.973160 2452.769762 2461.936909 2449.956673 2440.052277 2424.475953 2403.545066 2380.161065 2368.503288 2366.890495 2368.290926 2372.228220 2366.020264 2356.995897 2342.967069 2328.471686 2315.925604 2305.515736 2301.387346 2296.765732 2294.621062 2291.354713 2288.276074 2280.457223 2270.084459 2263.347038 2254.707395 2249.223260 2246.622148 2241.017179 2232.940822
