tests/Borden05m/sims/sim_1/output-maps/psiliqL0024N0014.asc
ncols         160
nrows         34
xllcorner     620200.000000
yllcorner     5168000.000000
cellsize      0.500000
NODATA_value  -9999.0
[rows 0 to 24 of 34, columns 0 to 54 of 160]
-9999.0 -9999.0 -9999.0 -9999.0 -9999.0 -9999.0 -9999.0 -9999.0 -9999.0 -9999.0 -9999.0 -9999.0 -9999.0 -9999.0 -9999.0 -9999.0 -9999.0 -9999.0 -9999.0 -9999.0 -9999.0 -9999.0 -9999.0 -9999.0 -9999.0 -9999.0 -9999.0 -9999.0 -9999.0 -9999.0 -9999.0 -9999.0 -9999.0 -9999.0 -9999.0 -9999.0 -9999.0 -9999.0 -9999.0 -9999.0 -9999.0 -9999.0 -9999.0 -9999.0 -9999.0 -9999.0 -9999.0 -9999.0 -9999.0 -9999.0 -9999.0 -9999.0 -9999.0 -9999.0 -9999.0
-9999.0 -9999.0 -9999.0 -9999.0 -9999.0 -9999.0 -9999.0 -9999.0 -9999.0 -9999.0 -9999.0 -9999.0 -9999.0 -9999.0 -9999.0 -9999.0 -9999.0 -9999.0 -9999.0 -9999.0 -9999.0 -9999.0 -9999.0 -9999.0 -9999.0 -9999.0 -9999.0 -9999.0 -9999.0 -9999.0 -9999.0 -9999.0 -9999.0 -9999.0 -9999.0 -9999.0 -9999.0 -9999.0 -9999.0 -9999.0 -9999.0 -9999.0 -9999.0 -9999.0 -9999.0 -9999.0 -9999.0 -9999.0 -9999.0 -9999.0 -9999.0 -9999.0 -9999.0 -9999.0 -9999.0
-9999.0 -9999.0 -9999.0 -9999.0 -9999.0 -9999.0 -9999.0 -9999.0 -9999.0 -9999.0 -9999.0 -9999.0 -9999.0 -9999.0 -9999.0 -9999.0 -9999.0 -9999.0 -9999.0 -9999.0 -9999.0 -9999.0 -9999.0 -9999.0 -9999.0 -9999.0 -9999.0 -9999.0 -9999.0 -9999.0 -9999.0 -9999.0 -9999.0 -9999.0 -9999.0 -9999.0 -9999.0 -9999.0 -9999.0 -9999.0 -9999.0 -9999.0 -9999.0 -9999.0 -9999.0 -9999.0 -9999.0 2880.625931 2863.458419 2849.755763 2845.355206 2866.537278 2889.587177 2913.331962 2933.794009
-9999.0 -9999.0 -9999.0 -9999.0 -9999.0 -9999.0 -9999.0 -9999.0 -9999.0 -9999.0 -9999.0 -9999.0 -9999.0 -9999.0 -9999.0 -9999.0 -9999.0 -9999.0 -9999.0 -9999.0 -9999.0 -9999.0 -9999.0 -9999.0 -9999.0 -9999.0 -9999.0 -9999.0 -9999.0 -9999.0 -9999.0 -9999.0 -9999.0 -9999.0 -9999.0 -9999.0 -9999.0 -9999.0 -9999.0 -9999.0 2930.740204 2936.636775 2936.561050 2926.605778 2915.272359 2901.743406 2881.195688 2863.946248 2850.640805 2848.630464 2851.052963 2853.952895 2874.757300 2899.980008 2919.773810
-9999.0 -9999.0 -9999.0 -9999.0 -9999.0 -9999.0 -9999.0 -9999.0 -9999.0 -9999.0 -9999.0 -9999.0 -9999.0 -9999.0 -9999.0 -9999.0 -9999.0 -9999.0 -9999.0 -9999.0 -9999.0 -9999.0 -9999.0 -9999.0 -9999.0 -9999.0 -9999.0 -9999.0 -9999.0 -9999.0 -9999.0 -9999.0 -9999.0 -9999.0 2838.465790 2855.403802 2873.281511 2891.763247 2908.656199 2915.643625 2921.436707 2926.788608 2922.161524 2917.656254 2905.936413 2885.076775 2865.699470 2852.759548 2851.611803 2849.128134 2852.677241 2864.246973 2880.745568 2895.743597 2916.159390
-9999.0 -9999.0 -9999.0 -9999.0 -9999.0 -9999.0 -9999.0 -9999.0 -9999.0 -9999.0 -9999.0 -9999.0 -9999.0 -9999.0 -9999.0 -9999.0 -9999.0 -9999.0 -9999.0 -9999.0 -9999.0 -9999.0 -9999.0 -9999.0 -9999.0 -9999.0 -9999.0 -9999.0 2844.076884 2838.104189 2833.215190 2831.592937 2830.095678 2829.057754 2835.661840 2846.798403 2863.853411 2885.794523 2898.960688 2906.146550 2912.931847 2913.238805 2907.346952 2905.485142 2905.833640 2893.144040 2880.802576 2869.239896 2857.940236 2854.851530 2863.651929 2877.689789 2893.692016 2908.073316 2923.090249
-9999.0 -9999.0 -9999.0 -9999.0 -9999.0 -9999.0 -9999.0 -9999.0 -9999.0 -9999.0 -9999.0 -9999.0 -9999.0 -9999.0 -9999.0 -9999.0 -9999.0 -9999.0 -9999.0 -9999.0 -9999.0 -9999.0 -9999.0 2814.287093 2819.259073 2825.712576 2833.282246 2834.167362 2830.701859 2825.224512 2822.419114 2820.890789 2818.571209 2822.971004 2829.947187 2842.786697 2857.914081 2879.957719 2888.050976 2892.362049 2903.627950 2907.017379 2914.370365 2918.078776 2915.979202 2911.806572 2896.962192 2885.425394 2887.682049 2891.638404 2898.172749 2906.126787 2919.206431 2932.760262 2947.868424
-9999.0 -9999.0 -9999.0 -9999.0 -9999.0 -9999.0 -9999.0 -9999.0 -9999.0 -9999.0 -9999.0 -9999.0 -9999.0 -9999.0 -9999.0 -9999.0 -9999.0 -9999.0 -9999.0 2790.413102 2791.437219 2792.872433 2797.645322 2797.376560 2799.057967 2805.737668 2813.635429 2816.332063 2814.041922 2812.849877 2814.016462 2816.399409 2820.654980 2830.922289 2844.018536 2857.587796 2870.114376 2890.364022 2904.345662 2916.367958 2931.276815 2931.198655 2927.183683 2925.128772 2924.720719 2922.889986 2921.662495 2920.795388 2926.522827 2927.324690 2930.757179 2939.371864 2950.228954 2966.342060 2983.304374
-9999.0 -9999.0 -9999.0 -9999.0 -9999.0 -9999.0 -9999.0 -9999.0 -9999.0 -9999.0 -9999.0 -9999.0 -9999.0 -9999.0 -9999.0 -9999.0 2774.030029 2776.146641 2778.966830 2784.953395 2789.078355 2793.569322 2800.946430 2787.149019 2789.080593 2795.860355 2800.075158 2808.976954 2816.954895 2823.652043 2829.038135 2830.963292 2837.005748 2845.606320 2856.374104 2869.690685 2889.179141 2911.883947 2926.864853 2942.839062 2959.361054 2959.315693 2957.106914 2956.900907 2955.072875 2956.063154 2970.159982 2973.077330 2968.196479 2978.269823 2989.705333 2991.935648 2986.384718 3004.444010 3025.747950
-9999.0 -9999.0 -9999.0 -9999.0 -9999.0 -9999.0 -9999.0 -9999.0 -9999.0 -9999.0 -9999.0 -9999.0 -9999.0 2723.673895 2728.023247 2738.655977 2750.335459 2753.829352 2759.248035 2766.429642 2779.127014 2783.298076 2789.740220 2797.292077 2791.787155 2799.251673 2807.542240 2818.679053 2826.076484 2832.339199 2838.050319 2840.574785 2851.480016 2864.787725 2878.460125 2896.803282 2917.736390 2935.521547 2952.688419 2968.049964 2979.229382 2976.635434 2975.105828 2976.568228 2980.726714 2982.279355 2997.506267 2998.230594 3008.136446 3027.875535 3037.528117 3044.483197 3049.457590 3062.138419 3082.498093
-9999.0 -9999.0 -9999.0 -9999.0 -9999.0 -9999.0 -9999.0 -9999.0 -9999.0 -9999.0 2694.226180 2696.181711 2693.002755 2691.220141 2697.446522 2710.354858 2725.407360 2731.730495 2744.305109 2766.214175 2785.322003 2788.932821 2802.499562 2794.642840 2799.318201 2808.424078 2820.428523 2831.634563 2846.208815 2856.907278 2865.060952 2880.784427 2895.453268 2910.474645 2926.602564 2945.764693 2960.912624 2984.015570 2997.873497 3005.450682 3021.967596 3025.044061 3020.059984 3017.471242 3025.475821 3035.765886 3050.392877 3066.146097 3083.796906 3105.074116 3115.534381 3127.613632 3135.941849 3145.663527 3159.990602
-9999.0 -9999.0 -9999.0 -9999.0 -9999.0 -9999.0 -9999.0 -9999.0 2668.580358 2676.901049 2682.869910 2680.104635 2676.147809 2671.185507 2686.332716 2702.474239 2718.998587 2737.876442 2754.110070 2772.835784 2787.105496 2802.370023 2803.101713 2811.694203 2821.488707 2835.548722 2847.612646 2861.720938 2881.130049 2888.691440 2899.656575 2918.173752 2932.720985 2948.541719 2965.604545 2980.926302 2989.981283 3018.647227 3046.076365 3062.013627 3086.895923 3103.724651 3097.933627 3095.990149 3096.845302 3119.122777 3144.617031 3172.563587 3188.887843 3211.703170 3238.980828 3256.749357 3265.491178 3276.107778 3289.423257
-9999.0 -9999.0 -9999.0 -9999.0 -9999.0 -9999.0 2639.242097 2663.895949 2679.516307 2671.465206 2658.545497 2654.205940 2649.023677 2679.258784 2702.293994 2720.359512 2737.822727 2756.041252 2772.801650 2782.008960 2793.066581 2810.556899 2821.197282 2834.395384 2847.906345 2861.371882 2876.792965 2897.397479 2914.545527 2936.348601 2953.185306 2969.689701 2981.647331 2997.347356 3013.037878 3026.030546 3052.256268 3085.700134 3119.118545 3143.029394 3166.649140 3194.289330 3194.422721 3196.105866 3197.964764 3220.063037 3252.268767 3281.039642 3312.087547 3341.971844 3369.035448 3378.781305 3387.364643 3396.900691 3408.955879
-9999.0 -9999.0 -9999.0 -9999.0 2605.879882 2626.911923 2646.151466 2676.680467 2699.214758 2694.773881 2700.172364 2699.228864 2695.988083 2701.588308 2710.381327 2728.616316 2748.476203 2768.580860 2783.616083 2791.804723 2835.518804 2846.488355 2864.050094 2892.949388 2903.536357 2916.840376 2931.569981 2951.509603 2969.825091 2985.887262 3019.891398 3048.986467 3069.205446 3087.532657 3105.554992 3122.082575 3155.273358 3188.420909 3222.700774 3253.402882 3279.689828 3304.394746 3311.412908 3316.146988 3325.731909 3341.797586 3363.313697 3389.600055 3421.788184 3453.063829 3476.027049 3485.495638 3490.765419 3499.998916 3507.665355
-9999.0 -9999.0 -9999.0 2552.319610 2591.495817 2631.056964 2657.293877 2688.065441 2720.883102 2722.325696 2731.763719 2733.332245 2734.077596 2740.974747 2746.192735 2763.747443 2782.413230 2802.127625 2802.268497 2833.759498 2863.083900 2882.373406 2909.952129 2926.846878 2940.519346 2953.133222 2970.712243 2990.325114 3013.679945 3042.453968 3087.467036 3136.880853 3168.416475 3185.188432 3206.019010 3232.059822 3255.837790 3292.533958 3325.508418 3356.673360 3385.857414 3407.633793 3422.084396 3426.696553 3435.609218 3441.421871 3454.214940 3474.619116 3496.177914 3525.751437 3554.156917 3581.413885 3595.891471 3606.285029 3622.705183
-9999.0 -9999.0 2503.975768 2543.276931 2575.263164 2622.980944 2676.433188 2711.932762 2752.206487 2772.724718 2777.430032 2789.921953 2788.298705 2789.421759 2798.971556 2811.935484 2832.444390 2840.304626 2858.255148 2876.100226 2914.497900 2949.770199 2949.865674 2978.544659 3007.274496 3037.273583 3056.294665 3081.519765 3116.760882 3150.732392 3192.017762 3240.154672 3273.917492 3301.124562 3315.987513 3334.874664 3354.603580 3378.942638 3413.885013 3439.367592 3471.512411 3496.257139 3515.624997 3517.244266 3519.973325 3535.468632 3562.253816 3591.295517 3618.616126 3645.837803 3634.549250 3654.926011 3664.015917 3669.087458 3677.061690
-9999.0 -9999.0 2474.322455 2520.680279 2556.445428 2616.453348 2702.181483 2737.565323 2778.541673 2814.083608 2827.871971 2849.268285 2845.615016 2838.139805 2856.350106 2871.703684 2889.926179 2896.802075 2891.496871 2942.678068 2984.461695 3012.219178 3025.531842 3097.884577 3147.069497 3168.343910 3180.657591 3199.658663 3219.219185 3257.210363 3296.654650 3349.155076 3389.284926 3418.168524 3432.057394 3450.668288 3469.380738 3484.155837 3502.755298 3546.898074 3579.744173 3608.713990 3638.836089 3659.413968 3667.225715 3671.594714 3649.258764 3666.259359 3677.789516 3682.762457 3684.696779 3680.979803 3680.373727 3681.153312 3682.082524
-9999.0 2381.556852 2434.092986 2485.219590 2550.603111 2613.489115 2690.453404 2766.752132 2821.761777 2871.496524 2896.896367 2893.297430 2900.021200 2927.753012 2947.799951 2965.809507 2970.389596 2979.117316 2961.417757 3001.071077 3037.885926 3090.365900 3187.561054 3243.595363 3301.218090 3297.570384 3286.465406 3292.119740 3308.750878 3353.229693 3427.748545 3480.655526 3542.316163 3588.167127 3603.995233 3610.645872 3628.384512 3648.281535 3604.803285 3642.942825 3660.407391 3674.981436 3682.626931 3684.635742 3685.757697 3685.548819 3681.933493 3675.039090 3666.952472 3661.174932 3656.988133 3652.485536 3654.916450 3658.233017 3658.551793
-9999.0 2343.668549 2401.503605 2470.616742 2538.939174 2590.133993 2677.029187 2830.056421 2889.444158 2926.569825 2934.866166 2919.072429 2979.634810 3032.133954 3056.631386 3100.092291 3085.539934 3070.411982 3037.188960 3062.076067 3101.229307 3168.522637 3330.885036 3416.539071 3462.262650 3470.129560 3471.592604 3498.690078 3540.329564 3584.371922 3626.511520 3601.224785 3645.090066 3666.579776 3671.070702 3671.699397 3676.521422 3675.225726 3673.560652 3669.213361 3664.126644 3664.276212 3668.744705 3668.572458 3665.654101 3662.348658 3656.695677 3649.270807 3644.024728 3639.404422 3636.734120 3633.872260 3631.993616 3631.422920 3626.719021
-9999.0 2305.084333 2379.368357 2438.708580 2488.325605 2583.803750 2713.618487 2846.639465 2941.111375 2975.085617 2960.472328 2994.997729 3095.016047 3195.570057 3245.829444 3266.258033 3249.970134 3206.063093 3189.524726 3231.757018 3299.381627 3411.201849 3538.684064 3631.958455 3646.123944 3649.119125 3606.646878 3629.500012 3650.681916 3653.194242 3654.188475 3661.071716 3666.065145 3668.909345 3667.371977 3664.486902 3659.704967 3651.576457 3646.752781 3643.138022 3639.413246 3638.358890 3640.439987 3642.131723 3639.364809 3635.493192 3631.024821 3625.443719 3619.186394 3612.474357 3608.245764 3604.064307 3601.964099 3596.604134 3593.012875
-9999.0 2185.497459 2280.691983 2323.715726 2404.838926 2591.290814 2720.593652 2853.027032 3008.994047 3031.113800 3080.144159 3212.367181 3326.609587 3403.509808 3432.965585 3466.451495 3490.551862 3506.801472 3541.945435 3436.987150 3511.336501 3599.550857 3639.396405 3656.674695 3664.611594 3664.942047 3655.344561 3634.811686 3624.130549 3617.380500 3618.986149 3626.228827 3631.006547 3635.875776 3633.598840 3634.551158 3635.441505 3632.167377 3628.203281 3619.589522 3611.794846 3605.267105 3602.257369 3607.035176 3602.360338 3599.884650 3593.773518 3585.467152 3576.673103 3569.320810 3561.476954 3554.962697 3552.710431 3547.696218 3546.537021
-9999.0 2104.613428 2177.876476 2242.285631 2357.397528 2521.480374 2623.263776 2782.991213 3002.244498 3132.108580 3285.627826 3370.994017 3439.938543 3483.837347 3534.828899 3584.206708 3609.512543 3619.942776 3592.308330 3611.484512 3570.215683 3559.405431 3576.315753 3604.443390 3620.535059 3624.425908 3616.410791 3606.973782 3599.729333 3598.604953 3596.570766 3592.927626 3589.198063 3585.837906 3582.696835 3585.471386 3590.628554 3583.702520 3573.793434 3564.596614 3556.296864 3547.259091 3541.408505 3536.993368 3537.136996 3537.359811 3529.827640 3519.448110 3508.742241 3500.569413 3493.394399 3488.809907 3486.261391 3481.413628 3472.229209
-9999.0 1987.799055 2118.840970 2197.877591 2296.449735 2426.629328 2534.404572 2688.336738 2809.759072 3043.101578 3184.154563 3358.759985 3405.257123 3471.412507 3519.622620 3590.172520 3586.343253 3554.773232 3513.060569 3496.611491 3506.102869 3514.632817 3523.238258 3538.169340 3555.427913 3565.221643 3569.560851 3563.205123 3549.079497 3537.144394 3526.787229 3513.784915 3504.789689 3502.523711 3505.969099 3515.443872 3516.254612 3507.016119 3493.158301 3475.391248 3460.123574 3448.584114 3446.461061 3449.019197 3449.975170 3446.070411 3440.192425 3429.608374 3417.171329 3405.025437 3399.189655 3394.812182 3387.656055 3376.859846 3365.681477
-9999.0 -9999.0 2034.594379 2143.320022 2238.723916 2351.233433 2444.390268 2566.322703 2708.553014 2868.183306 2978.175598 3146.697554 3235.169738 3277.909633 3313.492253 3367.656796 3390.814122 3419.072612 3410.748875 3420.502017 3429.151819 3433.997428 3439.508521 3445.825664 3456.438504 3466.012985 3475.606284 3472.832820 3463.927685 3444.023936 3419.335430 3400.180848 3390.005217 3381.185329 3392.774016 3405.080479 3400.044339 3393.223667 3380.796035 3365.100842 3352.555187 3338.494843 3335.047193 3335.090636 3335.666299 3333.352794 3330.622451 3318.411876 3306.230929 3296.191008 3292.092659 3286.578417 3282.885275 3273.151532 3262.688218
-9999.0 -9999.0 1946.720597 2051.302287 2155.012415 2272.891125 2359.113119 2382.720239 2521.562634 2627.982041 2735.707004 2828.764966 2921.441769 2981.188427 3014.658717 3074.579787 3127.097687 3144.297479 3178.280782 3226.548724 3258.510612 3295.075268 3316.628352 3326.069607 3338.432509 3352.371740 3359.851402 3345.193401 3333.981012 3317.057520 3294.247910 3268.343231 3255.185715 3254.215731 3253.852018 3256.042669 3248.831230 3239.877782 3225.578698 3211.523930 3199.320709 3190.101100 3186.520489 3181.422755 3179.387951 3176.753716 3175.064860 3172.029175 3163.534152 3158.615739 3150.612239 3146.699642 3145.715671 3142.274597 3136.248478
