tests/Borden05m/sims/sim_1/output-maps/psiliqL0019N0003.asc
ncols         160
nrows         34
xllcorner     620200.000000
yllcorner     5168000.000000
cellsize      0.500000
NODATA_value  -9999.0
[rows 0 to 24 of 34, columns 0 to 54 of 160]
-9999.0 -9999.0 -9999.0 -9999.0 -9999.0 -9999.0 -9999.0 -9999.0 -9999.0 -9999.0 -9999.0 -9999.0 -9999.0 -9999.0 -9999.0 -9999.0 -9999.0 -9999.0 -9999.0 -9999.0 -9999.0 -9999.0 -9999.0 -9999.0 -9999.0 -9999.0 -9999.0 -9999.0 -9999.0 -9999.0 -9999.0 -9999.0 -9999.0 -9999.0 -9999.0 -9999.0 -9999.0 -9999.0 -9999.0 -9999.0 -9999.0 -9999.0 -9999.0 -9999.0 -9999.0 -9999.0 -9999.0 -9999.0 -9999.0 -9999.0 -9999.0 -9999.0 -9999.0 -9999.0 -9999.0
-9999.0 -9999.0 -9999.0 -9999.0 -9999.0 -9999.0 -9999.0 -9999.0 -9999.0 -9999.0 -9999.0 -9999.0 -9999.0 -9999.0 -9999.0 -9999.0 -9999.0 -9999.0 -9999.0 -9999.0 -9999.0 -9999.0 -9999.0 -9999.0 -9999.0 -9999.0 -9999.0 -9999.0 -9999.0 -9999.0 -9999.0 -9999.0 -9999.0 -9999.0 -9999.0 -9999.0 -9999.0 -9999.0 -9999.0 -9999.0 -9999.0 -9999.0 -9999.0 -9999.0 -9999.0 -9999.0 -9999.0 -9999.0 -9999.0 -9999.0 -9999.0 -9999.0 -9999.0 -9999.0 -9999.0
-9999.0 -9999.0 -9999.0 -9999.0 -9999.0 -9999.0 -9999.0 -9999.0 -9999.0 -9999.0 -9999.0 -9999.0 -9999.0 -9999.0 -9999.0 -9999.0 -9999.0 -9999.0 -9999.0 -9999.0 -9999.0 -9999.0 -9999.0 -9999.0 -9999.0 -9999.0 -9999.0 -9999.0 -9999.0 -9999.0 -9999.0 -9999.0 -9999.0 -9999.0 -9999.0 -9999.0 -9999.0 -9999.0 -9999.0 -9999.0 -9999.0 -9999.0 -9999.0 -9999.0 -9999.0 -9999.0 -9999.0 1892.999827 1875.905441 1861.512563 1858.319587 1880.369961 1903.842607 1927.876360 1948.648090
-9999.0 -9999.0 -9999.0 -9999.0 -9999.0 -9999.0 -9999.0 -9999.0 -9999.0 -9999.0 -9999.0 -9999.0 -9999.0 -9999.0 -9999.0 -9999.0 -9999.0 -9999.0 -9999.0 -9999.0 -9999.0 -9999.0 -9999.0 -9999.0 -9999.0 -9999.0 -9999.0 -9999.0 -9999.0 -9999.0 -9999.0 -9999.0 -9999.0 -9999.0 -9999.0 -9999.0 -9999.0 -9999.0 -9999.0 -9999.0 1941.057459 1947.097631 1947.827584 1937.904007 1926.918099 1914.269662 1894.194125 1876.800713 1862.989487 1861.012096 1863.844005 1868.043278 1889.952842 1915.212721 1935.233656
-9999.0 -9999.0 -9999.0 -9999.0 -9999.0 -9999.0 -9999.0 -9999.0 -9999.0 -9999.0 -9999.0 -9999.0 -9999.0 -9999.0 -9999.0 -9999.0 -9999.0 -9999.0 -9999.0 -9999.0 -9999.0 -9999.0 -9999.0 -9999.0 -9999.0 -9999.0 -9999.0 -9999.0 -9999.0 -9999.0 -9999.0 -9999.0 -9999.0 -9999.0 1848.086288 1865.381103 1883.555386 1902.238005 1919.296891 1926.390315 1932.302892 1938.037751 1933.928407 1929.683785 1918.484036 1898.766056 1879.649085 1866.594470 1865.316668 1863.193128 1867.450524 1879.973254 1896.957749 1912.846174 1933.826096
-9999.0 -9999.0 -9999.0 -9999.0 -9999.0 -9999.0 -9999.0 -9999.0 -9999.0 -9999.0 -9999.0 -9999.0 -9999.0 -9999.0 -9999.0 -9999.0 -9999.0 -9999.0 -9999.0 -9999.0 -9999.0 -9999.0 -9999.0 -9999.0 -9999.0 -9999.0 -9999.0 -9999.0 1852.287253 1846.494390 1841.762961 1840.469095 1839.332676 1838.492659 1845.330782 1857.095223 1874.854835 1896.961864 1910.337183 1917.841115 1924.851477 1925.692347 1920.579927 1919.067514 1919.836051 1907.979034 1896.375555 1885.533528 1875.021427 1873.087599 1882.680028 1897.186535 1913.708110 1928.718619 1944.313069
-9999.0 -9999.0 -9999.0 -9999.0 -9999.0 -9999.0 -9999.0 -9999.0 -9999.0 -9999.0 -9999.0 -9999.0 -9999.0 -9999.0 -9999.0 -9999.0 -9999.0 -9999.0 -9999.0 -9999.0 -9999.0 -9999.0 -9999.0 1821.949431 1827.439971 1834.135757 1841.888165 1843.007775 1839.402789 1834.092168 1831.462561 1830.262025 1828.549265 1833.294372 1841.069758 1854.560455 1870.350375 1892.675013 1901.389417 1906.937375 1919.075014 1922.611806 1929.681820 1934.073215 1932.679997 1929.646336 1916.421967 1906.459127 1910.542062 1915.912402 1923.081461 1931.551922 1945.286582 1960.169992 1976.798080
-9999.0 -9999.0 -9999.0 -9999.0 -9999.0 -9999.0 -9999.0 -9999.0 -9999.0 -9999.0 -9999.0 -9999.0 -9999.0 -9999.0 -9999.0 -9999.0 -9999.0 -9999.0 -9999.0 1796.848649 1797.950209 1799.452377 1804.384207 1805.101919 1807.239375 1814.328749 1822.633421 1825.459897 1823.727344 1822.743313 1824.440422 1827.363189 1832.066989 1843.228616 1857.073885 1871.358623 1884.970723 1905.989154 1920.832040 1934.120017 1950.095255 1950.308184 1946.904382 1945.595290 1946.271368 1946.090924 1948.082526 1949.578237 1956.176392 1959.483491 1964.942404 1974.540859 1986.586127 2004.352837 2023.426069
-9999.0 -9999.0 -9999.0 -9999.0 -9999.0 -9999.0 -9999.0 -9999.0 -9999.0 -9999.0 -9999.0 -9999.0 -9999.0 -9999.0 -9999.0 -9999.0 1767.754030 1769.705935 1772.165475 1777.746747 1781.172543 1785.352012 1792.515080 1794.072126 1797.898512 1805.228839 1810.146549 1819.381353 1827.785281 1835.203305 1841.321385 1844.092751 1851.321146 1860.939013 1872.774585 1887.577411 1908.593483 1932.050722 1948.269530 1965.299101 1982.770557 1983.772017 1982.887779 1984.144893 1984.290287 1988.989144 2005.566843 2010.669821 2009.552661 2023.521098 2036.981133 2041.583180 2049.523290 2069.308568 2092.656586
-9999.0 -9999.0 -9999.0 -9999.0 -9999.0 -9999.0 -9999.0 -9999.0 -9999.0 -9999.0 -9999.0 -9999.0 -9999.0 1719.662531 1723.898222 1733.962830 1744.365316 1747.334647 1752.138981 1758.697700 1771.095790 1774.960975 1781.316950 1788.960644 1801.409321 1810.263086 1819.474790 1831.445440 1839.847145 1847.110535 1854.022829 1858.668481 1871.337044 1886.220061 1901.564725 1921.491224 1943.626553 1963.497163 1983.280888 1999.678172 2012.958615 2013.536113 2013.225933 2016.151163 2023.289457 2039.495437 2058.036779 2064.151491 2079.373465 2101.918934 2114.641314 2125.134554 2133.420783 2147.602436 2169.400116
-9999.0 -9999.0 -9999.0 -9999.0 -9999.0 -9999.0 -9999.0 -9999.0 -9999.0 -9999.0 1688.517863 1690.662413 1687.364056 1686.357546 1691.999276 1704.482470 1718.819731 1725.243693 1737.276252 1758.648694 1777.070564 1780.665126 1795.004634 1805.519437 1812.530931 1822.972451 1836.155982 1848.784876 1865.116492 1877.369102 1887.949081 1906.311565 1922.654078 1939.238203 1957.023159 1977.600544 1996.227383 2023.133131 2049.837027 2061.602868 2082.321159 2090.739978 2088.299023 2088.627112 2098.711375 2113.810043 2133.416042 2154.596233 2175.871417 2200.733653 2216.176320 2230.730446 2241.669183 2254.139577 2270.720893
-9999.0 -9999.0 -9999.0 -9999.0 -9999.0 -9999.0 -9999.0 -9999.0 1663.501171 1671.301838 1677.348096 1674.481006 1670.264772 1665.858167 1680.274830 1696.262128 1712.541142 1730.756192 1746.882849 1765.398327 1780.425827 1796.358320 1816.627094 1828.261799 1839.780713 1855.232255 1868.876458 1885.296417 1906.430643 1917.465918 1932.237127 1953.114346 1970.919653 1988.893910 2007.883622 2025.950383 2050.655322 2083.462040 2114.910820 2135.851070 2163.781335 2185.427766 2184.060322 2186.314584 2190.953855 2216.904371 2246.233149 2277.445871 2302.023420 2329.286078 2359.394564 2378.633014 2389.900622 2403.144992 2419.121836
-9999.0 -9999.0 -9999.0 -9999.0 -9999.0 -9999.0 1635.452400 1659.864167 1675.139184 1667.157848 1655.817426 1651.856226 1647.298981 1673.988760 1696.497271 1714.185286 1731.415520 1749.400352 1766.203376 1777.810191 1810.333197 1829.154610 1842.958174 1859.580096 1874.539762 1889.496553 1906.868727 1929.794881 1950.299432 1977.357531 1999.881987 2021.495796 2047.456610 2067.005687 2085.926421 2103.307190 2134.016547 2171.120746 2207.913824 2236.147850 2263.520582 2296.328719 2302.538917 2308.666503 2315.575366 2339.310391 2373.276081 2404.797085 2439.624767 2472.879340 2501.875902 2515.770060 2527.298752 2539.491295 2553.938287
-9999.0 -9999.0 -9999.0 -9999.0 1602.224452 1623.155922 1642.752852 1673.313848 1695.827155 1691.091393 1697.183205 1696.868366 1694.467496 1699.246620 1707.226927 1725.512315 1744.843423 1764.487054 1781.487045 1813.956610 1859.582030 1873.931292 1896.034233 1927.570099 1940.855687 1956.271437 1972.857310 1995.487837 2019.682833 2051.438766 2092.103915 2126.891772 2151.863467 2174.387153 2195.954900 2217.237150 2252.860962 2291.878209 2329.821264 2364.512435 2394.752061 2422.570058 2435.080810 2444.044218 2457.350606 2476.044739 2499.946497 2530.325156 2564.614073 2598.506874 2624.439410 2637.445797 2645.713240 2657.223263 2667.779030
-9999.0 -9999.0 -9999.0 1550.920463 1589.802327 1628.381745 1654.961739 1685.747031 1718.163471 1721.321389 1730.578160 1734.077496 1737.273494 1745.287188 1752.518116 1770.078808 1787.680359 1805.757510 1828.292767 1864.474498 1897.885929 1923.769025 1954.796102 1978.271306 1996.903398 2012.498292 2031.808375 2055.131446 2094.468261 2129.857818 2179.138809 2232.098430 2268.230565 2292.588946 2316.603128 2345.600625 2372.293258 2411.133806 2447.647615 2482.478193 2516.766757 2543.007241 2562.389955 2571.226479 2583.051249 2592.814079 2609.694387 2632.600473 2656.516795 2687.746517 2718.069377 2748.089979 2764.185632 2775.698770 2792.972251
-9999.0 -9999.0 1503.213362 1541.708170 1574.787095 1623.726530 1676.804714 1711.635531 1752.208466 1774.565589 1780.524093 1795.807227 1810.585432 1816.392960 1830.353550 1846.798183 1867.058993 1875.615419 1894.684252 1920.476630 1966.224562 2008.050323 2020.706741 2067.968537 2101.158046 2131.711879 2151.869290 2179.619835 2216.938501 2256.674354 2304.985667 2356.054336 2394.281523 2426.003271 2444.375593 2466.155291 2490.104480 2518.317750 2555.746685 2585.654225 2619.731330 2647.742889 2670.872957 2677.716676 2684.065583 2702.001925 2729.749974 2761.527141 2789.638650 2816.753379 2815.061752 2832.767583 2841.405751 2846.656612 2853.793509
-9999.0 -9999.0 1475.106564 1520.659777 1558.787881 1622.074083 1704.457091 1740.724539 1782.874798 1829.094754 1846.628330 1870.804603 1877.125786 1880.314578 1902.879839 1923.602629 1940.262661 1948.654491 1947.577589 2002.817491 2059.944600 2101.742758 2134.837958 2206.401905 2255.729514 2276.967848 2293.222763 2315.426433 2339.651637 2382.063928 2427.677769 2482.488676 2527.938434 2560.180889 2577.978552 2599.129837 2621.354763 2640.679749 2662.308761 2706.494830 2741.434768 2771.495095 2802.123342 2824.577169 2834.680848 2840.592118 2826.590702 2842.022585 2852.902129 2858.561256 2861.622294 2859.552076 2860.052236 2861.612407 2863.141206
-9999.0 1384.436357 1436.737420 1488.900711 1556.082224 1621.135092 1701.259515 1779.498203 1840.284060 1889.960938 1918.552496 1924.922347 1949.313313 1986.892477 2012.142176 2036.846038 2042.710922 2051.514125 2040.136635 2091.735716 2137.931042 2204.102288 2311.054559 2369.783147 2423.234182 2425.671855 2420.950323 2432.756906 2455.208035 2500.710236 2574.414900 2626.966715 2686.822158 2734.812903 2753.389212 2762.843559 2782.952553 2805.234439 2780.632844 2812.948013 2829.531621 2843.392483 2850.508777 2854.355558 2857.341059 2859.177894 2857.583670 2852.721977 2846.362191 2842.046855 2839.059127 2835.422886 2838.416879 2841.979935 2842.532104
-9999.0 1347.813389 1406.472601 1476.763060 1546.414812 1606.408254 1701.996054 1853.798691 1911.164915 1949.457847 1967.023899 1973.680222 2045.615769 2111.462625 2144.512228 2191.588619 2185.200014 2175.663194 2155.941938 2187.751730 2234.733129 2309.127636 2463.119758 2551.683051 2591.677867 2604.873428 2612.610190 2642.085983 2683.389667 2728.020276 2768.067640 2758.768123 2795.939936 2816.175553 2823.273588 2827.164253 2833.949664 2836.024251 2836.781889 2835.348417 2832.972189 2835.337326 2841.449505 2842.944564 2841.627304 2839.821977 2835.451158 2829.021060 2824.471128 2820.547423 2818.365054 2815.739318 2814.046917 2813.511815 2808.418238
-9999.0 1313.967232 1386.557175 1448.048629 1505.792192 1611.302881 1738.814807 1877.540640 1972.008261 2009.183647 2016.833504 2075.213297 2178.746465 2281.469932 2336.688536 2363.991293 2361.362133 2333.668472 2331.180373 2377.513242 2446.177122 2550.538871 2661.849101 2752.319283 2770.606210 2778.034556 2750.940757 2771.851198 2791.246214 2796.950635 2801.080576 2808.840251 2816.633863 2822.179244 2823.480389 2823.215228 2820.969143 2815.293652 2812.540482 2811.087671 2809.318957 2810.135425 2813.768240 2816.242551 2814.479604 2811.344970 2807.374970 2802.015773 2795.730456 2789.129710 2785.031998 2780.744014 2778.134976 2772.223512 2766.998569
-9999.0 1205.143894 1296.584102 1345.952233 1445.014246 1624.628717 1752.202869 1898.442331 2051.784395 2084.783136 2150.215582 2279.454163 2392.803653 2473.530035 2514.021699 2556.781799 2587.973820 2612.135774 2650.642046 2583.123990 2650.968080 2727.493553 2763.851352 2783.210951 2792.481259 2797.398453 2792.372217 2775.807117 2768.152649 2764.024136 2767.912146 2777.146193 2784.143499 2791.149006 2790.829284 2793.365189 2795.517882 2793.690644 2791.075472 2784.018886 2777.583426 2772.504885 2770.896814 2776.403767 2771.948269 2769.239140 2763.130237 2754.537227 2743.694223 2735.673303 2727.425078 2720.131747 2716.603729 2709.911734 2706.698949
-9999.0 1124.251575 1199.387525 1277.137462 1404.546626 1568.497712 1684.967310 1848.491555 2068.941634 2193.303713 2333.926655 2415.831657 2492.364665 2550.749329 2612.562406 2667.305034 2697.469057 2712.160210 2697.927906 2716.450759 2683.834125 2679.265021 2701.960121 2733.523130 2752.124246 2759.673392 2754.641845 2747.261652 2742.169782 2742.696265 2742.314107 2740.828367 2739.131588 2737.428106 2735.418659 2738.893195 2744.808334 2739.173461 2729.252397 2721.160889 2713.986993 2705.862551 2700.486927 2696.607110 2695.877338 2695.428437 2687.407926 2676.622008 2666.133525 2657.469661 2649.293234 2643.205207 2639.302190 2632.556961 2621.539646
-9999.0 1017.324966 1143.004002 1230.083277 1341.143552 1474.793177 1592.478836 1751.491431 1893.116742 2122.522197 2275.363631 2417.160124 2466.548187 2533.862724 2592.577806 2667.922355 2673.768558 2647.936000 2615.202489 2603.853637 2615.406721 2628.311369 2642.806844 2663.529229 2684.075988 2696.604721 2702.152344 2697.044227 2684.440576 2674.513163 2666.328949 2655.167332 2647.388751 2646.008784 2648.557502 2657.396748 2659.585818 2651.344285 2639.371510 2622.965931 2608.715576 2597.896111 2595.370633 2597.019985 2596.948943 2592.442465 2585.195389 2573.751226 2560.563960 2547.772547 2540.153626 2534.061068 2525.545702 2513.089961 2498.392575
-9999.0 -9999.0 1063.567892 1173.539007 1275.845803 1393.905126 1498.982607 1632.419430 1778.871406 1956.655074 2074.991726 2226.293684 2310.797371 2359.633518 2406.660475 2465.900233 2491.347354 2519.625913 2511.385505 2522.182152 2533.381961 2542.224151 2553.085829 2565.173218 2579.904826 2592.030291 2602.470713 2601.307981 2593.018824 2574.727481 2552.150075 2534.624989 2524.965983 2517.074678 2527.560407 2539.564572 2535.964232 2529.731984 2518.001698 2501.540034 2488.785000 2474.910300 2471.054802 2470.715543 2470.270283 2466.665874 2461.847530 2447.969227 2434.293769 2422.265514 2416.338171 2409.315523 2403.421024 2391.710382 2379.236524
-9999.0 -9999.0 977.608436 1084.453419 1194.043234 1314.894143 1408.730547 1460.160491 1606.184453 1717.721877 1824.028710 1928.597884 2018.375470 2086.055647 2127.964434 2191.691798 2241.190826 2260.986501 2292.153060 2334.224299 2365.881474 2400.619176 2423.252202 2437.220073 2452.812971 2468.340132 2477.822448 2465.627272 2454.959570 2438.149831 2415.705849 2390.857166 2377.960319 2375.424909 2376.247644 2379.907018 2373.652285 2364.748514 2350.971668 2336.829652 2324.496131 2314.176188 2310.014166 2305.214872 2302.738788 2298.982103 2295.263041 2286.653165 2275.647178 2268.371319 2259.244912 2253.276460 2250.144984 2243.918957 2235.113877
