tests/Borden05m/sims/sim_1/output-maps/psiliqL0023N0002.asc
ncols         160
nrows         34
xllcorner     620200.000000
yllcorner     5168000.000000
cellsize      0.500000
NODATA_value  -9999.0
[rows 0 to 24 of 34, columns 0 to 54 of 160]
-9999.0 -9999.0 -9999.0 -9999.0 -9999.0 -9999.0 -9999.0 -9999.0 -9999.0 -9999.0 -9999.0 -9999.0 -9999.0 -9999.0 -9999.0 -9999.0 -9999.0 -9999.0 -9999.0 -9999.0 -9999.0 -9999.0 -9999.0 -9999.0 -9999.0 -9999.0 -9999.0 -9999.0 -9999.0 -9999.0 -9999.0 -9999.0 -9999.0 -9999.0 -9999.0 -9999.0 -9999.0 -9999.0 -9999.0 -9999.0 -9999.0 -9999.0 -9999.0 -9999.0 -9999.0 -9999.0 -9999.0 -9999.0 -9999.0 -9999.0 -9999.0 -9999.0 -9999.0 -9999.0 -9999.0
-9999.0 -9999.0 -9999.0 -9999.0 -9999.0 -9999.0 -9999.0 -9999.0 -9999.0 -9999.0 -9999.0 -9999.0 -9999.0 -9999.0 -9999.0 -9999.0 -9999.0 -9999.0 -9999.0 -9999.0 -9999.0 -9999.0 -9999.0 -9999.0 -9999.0 -9999.0 -9999.0 -9999.0 -9999.0 -9999.0 -9999.0 -9999.0 -9999.0 -9999.0 -9999.0 -9999.0 -9999.0 -9999.0 -9999.0 -9999.0 -9999.0 -9999.0 -9999.0 -9999.0 -9999.0 -9999.0 -9999.0 -9999.0 -9999.0 -9999.0 -9999.0 -9999.0 -9999.0 -9999.0 -9999.0
-9999.0 -9999.0 -9999.0 -9999.0 -9999.0 -9999.0 -9999.0 -9999.0 -9999.0 -9999.0 -9999.0 -9999.0 -9999.0 -9999.0 -9999.0 -9999.0 -9999.0 -9999.0 -9999.0 -9999.0 -9999.0 -9999.0 -9999.0 -9999.0 -9999.0 -9999.0 -9999.0 -9999.0 -9999.0 -9999.0 -9999.0 -9999.0 -9999.0 -9999.0 -9999.0 -9999.0 -9999.0 -9999.0 -9999.0 -9999.0 -9999.0 -9999.0 -9999.0 -9999.0 -9999.0 -9999.0 -9999.0 2688.436956 2671.392110 2657.731972 2653.800062 2675.412101 2698.818659 2722.897307 2743.688625
-9999.0 -9999.0 -9999.0 -9999.0 -9999.0 -9999.0 -9999.0 -9999.0 -9999.0 -9999.0 -9999.0 -9999.0 -9999.0 -9999.0 -9999.0 -9999.0 -9999.0 -9999.0 -9999.0 -9999.0 -9999.0 -9999.0 -9999.0 -9999.0 -9999.0 -9999.0 -9999.0 -9999.0 -9999.0 -9999.0 -9999.0 -9999.0 -9999.0 -9999.0 -9999.0 -9999.0 -9999.0 -9999.0 -9999.0 -9999.0 2737.496823 2743.518848 2743.760873 2734.002203 2722.941052 2709.780735 2689.476699 2672.238277 2658.982954 2657.196198 2659.959279 2663.403032 2684.725627 2710.255574 2730.385632
-9999.0 -9999.0 -9999.0 -9999.0 -9999.0 -9999.0 -9999.0 -9999.0 -9999.0 -9999.0 -9999.0 -9999.0 -9999.0 -9999.0 -9999.0 -9999.0 -9999.0 -9999.0 -9999.0 -9999.0 -9999.0 -9999.0 -9999.0 -9999.0 -9999.0 -9999.0 -9999.0 -9999.0 -9999.0 -9999.0 -9999.0 -9999.0 -9999.0 -9999.0 2644.617691 2661.724346 2679.814201 2698.515181 2715.620189 2722.773472 2728.638941 2734.208311 2729.878803 2725.650650 2714.274225 2693.882132 2674.783260 2662.029611 2661.105233 2658.983748 2662.994673 2675.092472 2692.031648 2707.550771 2728.406028
-9999.0 -9999.0 -9999.0 -9999.0 -9999.0 -9999.0 -9999.0 -9999.0 -9999.0 -9999.0 -9999.0 -9999.0 -9999.0 -9999.0 -9999.0 -9999.0 -9999.0 -9999.0 -9999.0 -9999.0 -9999.0 -9999.0 -9999.0 -9999.0 -9999.0 -9999.0 -9999.0 -9999.0 2649.401330 2643.565421 2638.863418 2637.488201 2636.246117 2635.401649 2642.120513 2653.528378 2670.915947 2693.106771 2706.538605 2714.004015 2721.035151 2721.682350 2716.212881 2714.711335 2715.448349 2703.237050 2691.364004 2680.278009 2669.494969 2667.024602 2676.390368 2690.931835 2707.435971 2722.341809 2737.836622
-9999.0 -9999.0 -9999.0 -9999.0 -9999.0 -9999.0 -9999.0 -9999.0 -9999.0 -9999.0 -9999.0 -9999.0 -9999.0 -9999.0 -9999.0 -9999.0 -9999.0 -9999.0 -9999.0 -9999.0 -9999.0 -9999.0 -9999.0 2619.042066 2624.226665 2630.891093 2638.677462 2639.772437 2636.372102 2631.082565 2628.507512 2627.263349 2625.292001 2629.981686 2637.324824 2650.528901 2666.050878 2688.433226 2696.945473 2701.808951 2713.564570 2717.321220 2724.979490 2729.204500 2727.634479 2724.081350 2709.983041 2699.213698 2702.319000 2707.064982 2714.239624 2722.781466 2736.391128 2750.665461 2766.459796
-9999.0 -9999.0 -9999.0 -9999.0 -9999.0 -9999.0 -9999.0 -9999.0 -9999.0 -9999.0 -9999.0 -9999.0 -9999.0 -9999.0 -9999.0 -9999.0 -9999.0 -9999.0 -9999.0 2594.118995 2595.254680 2596.840078 2601.790039 2602.316284 2604.290793 2611.263280 2619.470033 2622.419766 2620.457622 2619.546391 2621.083752 2623.859708 2628.503893 2639.258517 2652.820898 2666.866012 2679.958485 2700.725562 2715.252636 2727.931333 2743.482407 2743.914682 2740.496172 2739.077090 2739.359376 2738.278639 2738.214297 2738.398426 2744.914481 2746.857549 2751.333631 2760.684814 2771.887386 2788.835220 2806.905994
-9999.0 -9999.0 -9999.0 -9999.0 -9999.0 -9999.0 -9999.0 -9999.0 -9999.0 -9999.0 -9999.0 -9999.0 -9999.0 -9999.0 -9999.0 -9999.0 2564.956525 2566.867442 2569.369770 2574.988692 2578.675485 2582.790282 2589.860262 2591.342630 2594.967818 2602.185597 2606.849930 2616.133391 2624.516265 2631.692293 2637.578965 2640.045754 2646.715198 2655.929322 2667.338115 2681.389319 2701.619403 2724.913976 2740.547044 2757.227999 2774.484942 2775.223137 2773.880184 2774.575254 2773.676634 2775.587886 2790.759847 2794.803950 2791.406068 2803.035729 2815.668170 2819.264499 2787.030506 2805.271879 2826.580926
-9999.0 -9999.0 -9999.0 -9999.0 -9999.0 -9999.0 -9999.0 -9999.0 -9999.0 -9999.0 -9999.0 -9999.0 -9999.0 2515.713131 2519.862171 2530.128759 2541.280729 2544.393307 2549.380792 2556.104657 2568.386697 2572.125648 2578.204925 2585.513690 2598.186395 2606.905950 2615.808212 2627.533800 2635.559834 2642.461881 2648.870272 2652.290724 2664.033505 2678.179391 2692.735264 2711.934682 2733.575148 2752.248078 2770.134488 2786.255778 2798.502190 2797.221135 2796.654825 2799.155853 2804.762888 2782.395518 2798.042820 2799.370876 2809.864004 2829.680723 2839.467040 2846.661766 2852.069997 2864.579766 2884.743558
-9999.0 -9999.0 -9999.0 -9999.0 -9999.0 -9999.0 -9999.0 -9999.0 -9999.0 -9999.0 2486.637266 2488.447658 2484.982613 2483.068596 2488.896342 2501.409033 2515.984530 2521.973322 2534.058830 2555.458084 2574.017717 2577.215144 2590.818050 2601.430776 2608.279716 2618.229845 2631.013742 2643.048788 2658.516291 2670.067535 2679.272961 2696.092289 2711.621915 2727.585569 2744.723332 2764.783249 2780.869955 2805.415498 2798.147088 2806.257974 2823.097231 2826.723582 2821.710506 2819.147137 2826.999168 2837.907381 2852.959207 2869.226475 2887.095075 2908.526140 2919.437917 2931.497985 2939.826360 2949.553669 2963.818571
-9999.0 -9999.0 -9999.0 -9999.0 -9999.0 -9999.0 -9999.0 -9999.0 2461.594130 2469.610647 2475.316609 2472.244209 2467.917127 2462.726346 2477.374381 2493.110323 2509.186600 2527.508308 2543.276936 2561.531150 2575.688138 2590.747157 2611.248385 2622.382513 2633.257400 2648.283778 2661.353228 2676.601353 2696.991036 2705.826313 2718.213535 2737.824534 2753.310105 2770.254304 2788.519228 2805.308789 2790.859715 2819.981420 2847.807143 2864.121147 2888.990626 2906.211974 2900.668059 2898.906573 2899.849931 2922.188914 2947.778840 2975.764295 2993.286065 3016.373321 3043.598180 3061.141722 3069.825572 3080.381716 3093.623618
-9999.0 -9999.0 -9999.0 -9999.0 -9999.0 -9999.0 2433.077480 2457.462077 2472.694493 2464.335639 2451.381104 2446.750736 2441.310717 2470.437370 2492.952785 2510.508665 2527.467618 2545.161860 2561.481486 2571.039900 2602.286509 2621.459865 2634.199433 2648.929494 2663.561593 2678.176370 2694.840362 2716.713815 2735.154084 2758.318752 2777.021460 2795.435252 2783.712071 2799.754681 2815.413510 2828.585835 2855.224722 2888.739568 2922.093837 2946.125457 2969.809247 2997.975721 2998.606900 3000.408845 3002.515089 3024.191545 3056.023289 3084.666937 3115.786157 3145.613514 3172.382720 3182.359191 3190.907481 3200.392992 3212.354915
-9999.0 -9999.0 -9999.0 -9999.0 2400.310698 2421.123654 2440.114016 2470.308044 2492.449033 2487.535755 2492.640170 2491.384119 2487.876947 2492.862864 2501.030832 2518.796603 2538.052016 2557.581882 2572.898949 2602.988352 2649.457271 2662.094732 2681.507204 2711.816210 2723.920911 2738.673391 2754.790995 2776.177974 2796.188905 2787.502671 2822.374168 2851.895251 2872.542624 2891.002225 2908.935950 2925.596783 2958.493199 2992.189705 3026.396066 3057.057508 3083.353500 3107.901311 3115.177981 3119.936636 3129.464443 3145.277833 3166.506500 3192.876922 3224.703751 3255.790974 3278.724233 3288.413291 3293.745692 3302.917774 3310.667276
-9999.0 -9999.0 -9999.0 2347.393892 2386.344615 2425.436069 2451.372599 2481.718666 2513.982973 2515.272406 2524.164608 2525.636548 2526.521276 2533.189962 2538.345780 2555.426944 2573.401014 2592.474267 2615.238993 2650.372402 2681.647036 2703.336860 2732.596842 2751.481138 2767.231330 2781.619657 2800.693547 2822.290774 2816.513730 2846.311304 2891.446671 2940.732731 2972.378256 2989.945809 3010.545164 3036.256671 3059.714085 3096.014278 3128.773690 3159.758008 3189.078222 3210.839538 3225.427916 3230.080519 3238.804353 3244.671301 3257.589229 3277.886326 3299.248249 3328.516672 3356.699861 3383.513958 3397.766472 3407.959811 3424.177841
-9999.0 -9999.0 2299.286173 2338.309794 2370.322633 2417.926620 2470.859081 2505.713803 2545.507408 2565.889246 2570.302727 2582.993885 2596.009900 2599.590628 2611.158214 2626.023953 2647.747435 2657.072404 2677.426703 2698.111488 2738.852276 2776.592948 2780.354772 2784.367790 2813.358660 2842.649955 2861.141697 2886.070604 2921.137732 2955.466769 2997.393353 3045.245819 3078.996147 3106.214877 3120.811653 3139.319960 3158.931467 3183.075814 3217.537778 3243.022038 3274.775653 3299.355313 3318.695604 3320.624278 3323.379142 3338.694434 3365.017842 3393.551274 3420.383637 3447.053879 3437.200637 3456.550344 3465.174149 3469.985577 3477.550852
-9999.0 -9999.0 2269.917278 2315.970742 2351.973980 2412.198900 2496.732632 2531.724368 2572.517970 2618.565086 2634.225981 2657.138956 2657.167647 2653.191718 2673.775576 2691.816296 2711.403864 2720.268788 2717.375212 2770.476273 2787.797309 2817.619982 2833.963106 2905.385002 2953.632793 2974.006624 2986.319499 3005.118382 3024.742071 3062.745121 3102.570598 3154.547727 3194.758097 3223.416968 3237.140969 3255.326383 3273.816441 3288.552187 3306.874305 3350.189558 3382.213191 3410.601855 3440.154054 3460.497538 3468.201449 3472.346296 3451.155771 3467.286078 3478.224985 3482.942866 3484.758461 3481.068519 3480.447335 3481.210037 3482.140787
-9999.0 2177.638825 2230.033391 2281.166625 2346.616774 2409.433964 2486.443423 2562.650171 2626.580747 2677.783460 2704.840481 2704.434303 2716.072334 2747.331141 2770.202210 2791.479612 2798.311358 2809.031003 2794.434794 2806.076608 2844.160559 2898.378996 2996.519374 3052.048068 3107.738586 3104.272696 3093.523743 3099.498195 3116.441292 3160.333359 3233.763377 3285.598364 3345.891202 3390.738911 3406.151361 3412.523386 3429.945035 3449.552690 3409.118388 3445.401470 3461.971839 3475.798518 3482.814437 3484.720196 3485.784566 3485.586364 3482.001525 3475.159692 3467.111289 3461.362847 3457.195881 3452.693369 3455.121696 3458.433267 3458.807500
-9999.0 2139.950773 2197.835331 2266.937201 2335.156204 2387.635645 2475.691878 2635.490930 2695.786795 2734.072923 2745.308048 2735.371051 2799.534766 2839.669653 2864.724897 2907.644124 2893.534713 2878.394169 2846.775914 2872.158629 2911.803613 2979.487868 3139.005959 3224.024084 3267.407034 3275.261579 3277.006640 3303.695877 3344.429613 3387.275603 3428.080114 3405.154821 3446.875423 3467.264345 3471.524968 3472.121364 3476.696045 3475.466739 3473.712162 3469.406730 3464.351094 3464.493996 3468.900980 3468.721645 3465.823201 3462.552378 3456.921540 3449.495389 3444.228529 3439.612326 3436.936400 3434.063837 3432.222069 3431.726295 3427.090291
-9999.0 2102.223364 2176.039544 2235.537831 2286.375824 2383.357721 2512.063868 2653.837419 2749.469643 2785.025223 2775.813188 2804.423136 2903.819425 3003.699838 3053.419002 3073.744406 3058.813454 3016.871726 3001.917071 3043.764672 3110.389346 3219.573524 3342.540973 3433.461810 3447.187390 3450.028832 3409.734535 3431.415550 3451.511103 3453.895777 3454.839353 3461.275230 3466.233538 3469.032386 3467.509695 3464.628424 3459.862991 3451.765650 3446.932835 3443.351116 3439.649652 3438.647801 3440.769814 3442.398399 3439.657463 3435.798189 3431.334350 3425.751670 3419.516590 3412.829230 3408.643635 3404.498191 3402.414939 3397.141180 3393.516139
-9999.0 1984.683224 2078.983017 2122.988177 2207.291070 2391.826901 2520.058749 2662.568589 2814.166458 2837.517814 2888.567172 3019.132639 3131.540150 3207.403420 3237.304552 3270.974491 3294.982298 3311.441667 3345.980796 3247.277159 3319.097198 3403.431902 3441.236692 3457.630217 3464.728274 3465.041693 3455.569662 3435.161985 3424.508036 3417.761043 3419.364818 3426.589895 3431.416905 3436.326143 3434.062372 3434.964282 3435.758132 3432.460572 3428.521738 3419.961409 3412.195208 3405.750884 3402.863726 3407.682131 3402.997805 3400.469592 3394.399496 3386.156356 3377.385541 3370.043428 3362.259424 3355.770768 3353.510287 3348.495174 3347.352567
-9999.0 1903.702334 1977.177908 2043.963579 2161.115771 2324.581651 2428.419015 2588.023821 2811.759455 2940.019790 3089.925143 3173.081469 3241.703371 3286.594948 3337.996098 3386.342984 3410.989368 3420.883615 3394.666038 3412.520573 3371.901595 3361.203658 3377.883829 3405.566955 3421.194344 3425.004534 3416.919302 3407.360042 3400.125489 3399.000753 3397.033403 3393.595522 3390.057707 3386.810373 3383.668817 3386.351297 3391.435235 3384.599713 3374.817858 3365.743405 3357.551282 3348.604669 3342.804397 3338.505944 3338.539715 3338.741421 3331.258653 3320.934925 3310.300001 3302.183780 3295.019569 3290.394666 3287.906545 3283.116496 3274.128578
-9999.0 1788.794101 1918.547599 1998.903511 2099.545990 2229.792130 2338.807944 2492.907280 2627.349924 2854.509418 2997.125106 3163.691226 3209.008236 3273.597928 3322.240127 3391.686749 3388.211938 3356.535607 3315.490433 3298.912867 3307.654158 3315.976183 3324.744713 3339.878377 3356.957048 3366.603643 3370.641655 3364.138517 3350.053269 3338.362228 3328.353881 3315.666385 3306.861040 3304.699342 3307.871044 3317.101383 3318.049502 3308.844022 3295.107876 3277.538817 3262.432178 3251.019570 3248.841971 3251.298861 3252.188577 3248.359726 3242.447463 3231.942474 3219.579899 3207.560963 3201.652189 3197.253286 3190.214836 3179.594294 3168.289572
-9999.0 -9999.0 1835.069802 1943.806162 2040.175361 2153.217629 2248.021529 2371.481278 2513.680804 2687.510919 2791.552857 2955.914004 3042.381506 3084.946703 3121.323539 3175.025101 3197.215589 3224.082687 3214.643151 3223.506026 3231.598708 3236.232315 3241.859102 3248.446701 3259.117641 3268.585114 3277.887105 3275.128571 3266.185845 3246.565057 3222.335667 3203.565443 3193.538843 3184.920533 3196.267779 3208.465243 3203.650535 3196.871680 3184.521068 3168.627116 3156.076131 3142.101136 3138.656366 3138.756080 3139.317854 3136.996253 3134.153364 3121.880027 3109.725907 3099.609016 3095.468417 3089.996017 3086.242117 3076.530379 3066.091027
-9999.0 -9999.0 1747.469615 1852.239046 1956.737087 2074.650744 2161.744934 2190.232189 2329.758956 2436.313224 2543.268206 2652.521679 2746.544974 2792.827342 2826.820377 2887.095790 2937.870603 2954.488039 2987.102455 3033.368798 3064.304747 3099.575610 3120.463212 3130.043128 3142.350231 3156.058074 3163.547949 3149.152356 3137.966035 3121.106709 3098.429830 3072.871397 3059.876969 3058.669773 3058.580935 3061.075561 3054.049636 3045.087598 3030.851198 3016.684510 3004.466265 2995.094905 2991.509276 2986.626789 2984.706074 2982.100456 2980.238648 2976.192314 2967.463647 2962.379138 2954.459289 2950.458290 2949.391201 2945.773517 2939.611200
