tests/Borden05m/sims/sim_1/output-maps/psiliqL0010N0014.asc
ncols         160
nrows         34
xllcorner     620200.000000
yllcorner     5168000.000000
cellsize      0.500000
NODATA_value  -9999.0
[rows 0 to 25 of 34, columns 0 to 56 of 160]
-9999.0 -9999.0 -9999.0 -9999.0 -9999.0 -9999.0 -9999.0 -9999.0 -9999.0 -9999.0 -9999.0 -9999.0 -9999.0 -9999.0 -9999.0 -9999.0 -9999.0 -9999.0 -9999.0 -9999.0 -9999.0 -9999.0 -9999.0 -9999.0 -9999.0 -9999.0 -9999.0 -9999.0 -9999.0 -9999.0 -9999.0 -9999.0 -9999.0 -9999.0 -9999.0 -9999.0 -9999.0 -9999.0 -9999.0 -9999.0 -9999.0 -9999.0 -9999.0 -9999.0 -9999.0 -9999.0 -9999.0 -9999.0 -9999.0 -9999.0 -9999.0 -9999.0 -9999.0 -9999.0 -9999.0 -9999.0 -9999.0
-9999.0 -9999.0 -9999.0 -9999.0 -9999.0 -9999.0 -9999.0 -9999.0 -9999.0 -9999.0 -9999.0 -9999.0 -9999.0 -9999.0 -9999.0 -9999.0 -9999.0 -9999.0 -9999.0 -9999.0 -9999.0 -9999.0 -9999.0 -9999.0 -9999.0 -9999.0 -9999.0 -9999.0 -9999.0 -9999.0 -9999.0 -9999.0 -9999.0 -9999.0 -9999.0 -9999.0 -9999.0 -9999.0 -9999.0 -9999.0 -9999.0 -9999.0 -9999.0 -9999.0 -9999.0 -9999.0 -9999.0 -9999.0 -9999.0 -9999.0 -9999.0 -9999.0 -9999.0 -9999.0 -9999.0 -9999.0 -9999.0
-9999.0 -9999.0 -9999.0 -9999.0 -9999.0 -9999.0 -9999.0 -9999.0 -9999.0 -9999.0 -9999.0 -9999.0 -9999.0 -9999.0 -9999.0 -9999.0 -9999.0 -9999.0 -9999.0 -9999.0 -9999.0 -9999.0 -9999.0 -9999.0 -9999.0 -9999.0 -9999.0 -9999.0 -9999.0 -9999.0 -9999.0 -9999.0 -9999.0 -9999.0 -9999.0 -9999.0 -9999.0 -9999.0 -9999.0 -9999.0 -9999.0 -9999.0 -9999.0 -9999.0 -9999.0 -9999.0 -9999.0 87.499692 70.072471 53.704365 51.839073 74.576439 97.907964 121.556634 142.019936 160.626937 179.582312
-9999.0 -9999.0 -9999.0 -9999.0 -9999.0 -9999.0 -9999.0 -9999.0 -9999.0 -9999.0 -9999.0 -9999.0 -9999.0 -9999.0 -9999.0 -9999.0 -9999.0 -9999.0 -9999.0 -9999.0 -9999.0 -9999.0 -9999.0 -9999.0 -9999.0 -9999.0 -9999.0 -9999.0 -9999.0 -9999.0 -9999.0 -9999.0 -9999.0 -9999.0 -9999.0 -9999.0 -9999.0 -9999.0 -9999.0 -9999.0 134.998133 140.852393 142.316865 131.578555 120.294181 108.353867 88.440076 70.577017 55.220241 52.452936 55.075775 60.634924 83.549101 107.893996 127.384936 144.642272 163.811306
-9999.0 -9999.0 -9999.0 -9999.0 -9999.0 -9999.0 -9999.0 -9999.0 -9999.0 -9999.0 -9999.0 -9999.0 -9999.0 -9999.0 -9999.0 -9999.0 -9999.0 -9999.0 -9999.0 -9999.0 -9999.0 -9999.0 -9999.0 -9999.0 -9999.0 -9999.0 -9999.0 -9999.0 -9999.0 -9999.0 -9999.0 -9999.0 -9999.0 -9999.0 42.984177 60.526826 78.601971 96.883325 113.450846 120.060120 125.891606 131.658605 127.598217 122.808972 111.472640 92.743015 73.098690 58.951305 56.446307 53.878988 58.270514 71.356104 88.066572 104.431725 125.361468 148.608761 157.862241
-9999.0 -9999.0 -9999.0 -9999.0 -9999.0 -9999.0 -9999.0 -9999.0 -9999.0 -9999.0 -9999.0 -9999.0 -9999.0 -9999.0 -9999.0 -9999.0 -9999.0 -9999.0 -9999.0 -9999.0 -9999.0 -9999.0 -9999.0 -9999.0 -9999.0 -9999.0 -9999.0 -9999.0 47.412724 41.467290 36.287809 34.735956 33.390549 32.182672 39.105907 51.388355 69.624486 91.121641 103.905673 111.026284 117.538538 118.297431 113.404265 111.240757 111.433211 99.721885 88.101232 77.224191 66.766968 65.515836 75.127409 89.078226 105.162619 119.991393 135.401909 147.852188 164.107928
-9999.0 -9999.0 -9999.0 -9999.0 -9999.0 -9999.0 -9999.0 -9999.0 -9999.0 -9999.0 -9999.0 -9999.0 -9999.0 -9999.0 -9999.0 -9999.0 -9999.0 -9999.0 -9999.0 -9999.0 -9999.0 -9999.0 -9999.0 17.959315 23.946827 30.422377 37.765832 38.617112 34.342636 28.627902 25.425145 23.819975 22.174193 26.564836 34.892492 48.587649 64.498015 86.162230 94.748157 101.226928 113.591161 115.937695 120.929922 124.904567 123.093585 120.403463 108.387936 99.550557 105.206686 111.413248 118.025369 125.745513 138.984955 154.745091 172.692767 193.637384 215.743526
-9999.0 -9999.0 -9999.0 -9999.0 -9999.0 -9999.0 -9999.0 -9999.0 -9999.0 -9999.0 -9999.0 -9999.0 -9999.0 -9999.0 -9999.0 -9999.0 -9999.0 -9999.0 -9999.0 -6.970446 -6.156816 -5.153224 -0.588852 0.336194 2.530621 9.511409 17.626437 19.747490 18.100561 16.459264 17.962132 20.617626 24.841386 36.318958 50.213578 64.436876 78.586035 99.497823 114.315516 128.228644 144.379104 143.229396 138.908784 136.845440 137.348475 137.990373 143.719598 147.447503 153.642198 159.537007 166.726487 176.098666 187.478177 206.428944 227.376022 248.621875 268.768226
-9999.0 -9999.0 -9999.0 -9999.0 -9999.0 -9999.0 -9999.0 -9999.0 -9999.0 -9999.0 -9999.0 -9999.0 -9999.0 -9999.0 -9999.0 -9999.0 -35.355659 -33.554745 -31.492431 -26.187571 -23.662791 -19.761882 -12.937143 -11.878701 -8.072905 -0.989359 3.968305 12.547118 20.429121 27.774421 33.744014 36.482567 44.227660 54.007349 66.054699 81.784234 103.763836 126.742513 143.244028 160.181187 177.265355 177.863650 176.871081 178.156660 179.181659 187.168160 205.796345 212.672841 216.347559 235.438244 250.604323 256.849282 265.195438 284.682875 309.931440 337.357044 370.678512
-9999.0 -9999.0 -9999.0 -9999.0 -9999.0 -9999.0 -9999.0 -9999.0 -9999.0 -9999.0 -9999.0 -9999.0 -9999.0 -80.123675 -76.018141 -66.831634 -58.479512 -56.265766 -52.350682 -46.648887 -34.547197 -31.055181 -24.865065 -17.268672 -5.771721 2.763504 12.014300 23.867997 32.418235 39.754088 47.014134 53.579593 67.433671 83.083045 99.309697 119.940998 142.069234 163.524393 185.062030 201.013867 215.764234 219.497361 218.439088 220.836598 229.651982 248.715815 269.209396 282.391044 304.904359 330.333906 346.328362 360.683939 371.270943 385.760086 408.676713 446.922474 486.278910
-9999.0 -9999.0 -9999.0 -9999.0 -9999.0 -9999.0 -9999.0 -9999.0 -9999.0 -9999.0 -114.682568 -112.188461 -115.674771 -115.185355 -110.526845 -98.712673 -85.527088 -78.784524 -67.581886 -47.043647 -29.812535 -26.311397 -11.522659 -1.470823 5.210832 15.977399 29.274238 42.452924 59.922948 72.896330 85.707167 106.587456 123.563256 140.525917 158.817852 179.437379 201.121731 232.059632 260.822380 276.294219 301.589065 316.350076 314.436790 315.591595 325.136446 344.418325 370.234839 399.064407 424.689265 453.915462 476.118581 492.732343 505.390834 519.712063 537.023474 571.259350 611.738586
-9999.0 -9999.0 -9999.0 -9999.0 -9999.0 -9999.0 -9999.0 -9999.0 -138.720988 -131.833028 -125.619769 -128.696432 -133.425773 -136.859031 -123.772029 -108.058802 -92.198518 -75.154023 -59.253747 -41.343417 -25.726517 -9.077923 10.499344 22.502337 34.557430 50.040459 64.072300 82.245295 104.118290 119.049384 138.377043 161.094083 181.420283 200.572745 220.351120 240.235154 270.351275 306.988258 342.281819 369.730609 400.645774 427.611233 429.679407 434.369180 440.951959 469.632608 502.701743 536.181605 565.402257 595.150863 625.626196 643.679161 655.163153 668.635715 684.778770 702.283575 728.366916
-9999.0 -9999.0 -9999.0 -9999.0 -9999.0 -9999.0 -164.662610 -140.586288 -125.850594 -133.702897 -142.259811 -145.671531 -149.286141 -129.158850 -107.778201 -90.937672 -74.284199 -56.928381 -40.529198 -26.011505 9.095724 26.154984 41.422468 61.271496 75.927382 90.643044 108.667664 133.052627 156.975737 190.348606 221.016396 249.247489 277.946856 300.038619 321.173316 343.121550 378.282678 419.585194 460.165142 493.513357 523.955066 555.718791 566.089641 573.258593 582.277425 602.483521 633.723248 664.663222 699.227036 731.713958 757.478848 769.429746 780.040295 791.759617 805.722755 819.122480 833.624255
-9999.0 -9999.0 -9999.0 -9999.0 -197.982902 -177.091544 -156.671384 -125.915192 -103.381581 -108.703987 -101.541231 -101.043399 -102.389815 -99.554147 -93.501595 -75.570703 -57.643238 -39.468530 -20.682478 16.894108 59.774350 76.996027 104.153469 137.302121 152.284185 168.324002 185.199258 209.844928 240.741811 278.253206 327.865085 370.889389 400.918474 427.398193 451.467649 477.498022 513.416958 553.163386 591.609596 627.415188 658.742511 684.644507 699.347039 707.922137 719.742560 735.149142 755.409884 782.119811 812.205917 843.994003 869.023894 883.391304 891.685655 902.330563 913.949189 927.451482 940.670891
-9999.0 -9999.0 -9999.0 -245.369178 -206.896638 -169.874963 -142.472797 -111.535106 -79.845113 -73.784070 -65.236830 -58.948894 -52.511262 -43.440259 -33.511504 -16.841546 -2.089051 11.659579 33.418033 71.007551 108.217744 142.972793 177.443732 209.232177 233.765600 251.591184 270.984246 297.774038 340.856420 384.014075 439.269521 496.726611 537.233326 564.237249 586.640224 613.946540 639.115047 674.399146 709.048072 741.699141 773.233292 798.574105 818.867456 827.288097 836.078368 844.763210 861.377526 882.465640 904.072358 932.398693 959.732468 981.690755 994.597919 1003.681218 1019.364803 1034.978180 1047.225792
-9999.0 -9999.0 -291.881549 -254.819407 -219.744978 -168.284504 -115.639924 -81.928343 -40.982283 -15.834419 -8.362975 10.438737 27.799519 36.594205 53.824915 71.706508 86.557728 91.417407 106.118250 142.086304 197.340791 249.106745 282.553567 340.911124 377.421513 404.544781 422.070095 450.359676 486.924112 533.051766 584.031477 634.427205 674.197011 705.737921 721.570833 739.780227 762.497190 785.066794 816.821239 845.441757 875.247515 901.281140 924.086908 933.047856 938.215507 952.722908 974.380955 997.451430 1019.662452 1040.891960 1050.854816 1057.561750 1060.950057 1063.254802 1066.639673 1069.231056 1070.707965
-9999.0 -9999.0 -317.180871 -273.025563 -230.617137 -161.023287 -84.405919 -46.583193 -3.119331 42.142438 61.959184 86.855924 105.307267 122.453268 147.306297 171.842159 179.584147 184.760071 186.021501 243.495454 306.542772 371.555689 439.126825 505.583979 550.118504 564.733242 575.837294 596.479457 622.728002 667.008633 716.526464 767.535463 810.456294 840.090922 855.310349 871.556753 891.034621 909.125854 926.802557 961.556904 985.092974 1008.518354 1033.315656 1052.672483 1060.347113 1062.456676 1056.793364 1062.246639 1066.126319 1067.991480 1068.378344 1065.040541 1064.295176 1065.198817 1066.620047 1062.131657 1055.834972
-9999.0 -404.194750 -352.182573 -298.033040 -227.540383 -158.160839 -72.099567 9.244401 61.805828 106.470566 136.742604 156.633498 208.065487 257.653591 286.212282 316.299062 317.250050 319.240050 312.912016 361.040515 419.779945 508.181449 623.293750 680.654800 719.377603 724.522601 722.180912 736.637068 761.975905 802.642328 863.359069 906.228293 952.618352 987.194629 999.793696 1004.949366 1020.716939 1039.061915 1040.181661 1053.849621 1060.431174 1066.156005 1066.523408 1068.241022 1069.229809 1069.370570 1066.054453 1059.662542 1051.734809 1045.654705 1040.688488 1035.292245 1036.966957 1040.155290 1041.280766 1034.508836 1026.402948
-9999.0 -438.538482 -378.208516 -305.588976 -233.354638 -157.313036 -45.889628 87.143347 136.978311 174.350109 205.310313 248.448121 336.005731 405.870714 444.378483 487.528335 485.300265 476.136366 472.659601 509.911856 566.010617 643.041004 773.244676 855.587297 875.812087 888.922437 898.249356 922.834892 954.767747 984.762822 1011.293568 1022.460166 1039.047704 1047.238563 1050.173732 1051.682987 1054.194273 1054.988539 1053.110947 1050.279648 1046.588559 1047.560904 1051.961020 1052.172928 1049.562919 1046.184723 1039.739462 1031.119828 1024.288484 1018.002488 1013.157117 1008.483033 1005.930009 1005.797184 1001.577738 995.700160 986.188686
-9999.0 -463.771937 -394.038751 -328.430986 -255.816524 -131.962275 -8.077111 123.634225 215.902118 257.598612 303.273560 389.579113 489.729942 578.937691 627.387543 652.208924 660.744450 650.909857 664.690035 711.787156 777.444458 859.999795 932.864204 999.694733 1013.276281 1018.060081 1008.777417 1017.315952 1025.253030 1027.988382 1030.382513 1033.081922 1039.383441 1042.944169 1042.464958 1039.942029 1035.258067 1027.576087 1022.851236 1020.066491 1017.114085 1017.232341 1020.202944 1021.021338 1018.122323 1013.157165 1006.659319 999.096871 991.352856 983.017796 977.293642 971.855066 968.651378 963.542096 958.653882 952.392551 938.731875
-9999.0 -553.224044 -468.363471 -407.299258 -275.600580 -107.785832 17.690241 172.593550 313.938529 366.192081 458.011088 569.404491 664.958253 730.493130 770.658858 811.429422 839.624201 865.447338 900.661941 894.271452 946.146223 990.952348 1010.413099 1021.124505 1021.423743 1024.055131 1017.508654 999.742668 990.575132 985.137682 988.031651 996.278589 1002.913998 1009.114227 1007.208276 1006.867242 1005.063265 1000.518053 996.516550 988.582156 981.282195 976.045445 974.761079 979.844177 974.316092 969.762282 962.295396 952.986089 943.179782 934.189073 925.385062 917.632951 913.933566 907.801524 905.861657 897.867147 871.142563
-9999.0 -634.146352 -555.469068 -453.428258 -303.408688 -138.987725 5.656253 178.886514 378.972548 493.621542 603.460221 665.506297 734.250977 796.114647 856.668975 895.601902 916.734176 926.096376 926.518482 937.478553 917.397200 919.116856 940.286899 967.327865 980.083549 984.302231 975.296751 964.231496 957.625247 957.259267 956.991712 956.992283 956.603687 955.141582 951.809728 952.493002 955.324400 948.635958 940.316376 932.584955 925.707206 917.891442 912.580275 909.400298 907.276396 906.071642 897.748773 886.604235 875.392762 866.489166 857.947437 851.372887 848.382533 843.174184 835.793604 824.111836 796.887639
-9999.0 -723.286279 -607.026694 -505.236736 -371.194985 -230.554670 -93.813840 77.124707 239.273773 456.018788 622.562673 692.322249 726.238304 774.699605 832.681530 891.327258 897.078164 870.121373 845.096863 835.615131 844.205006 858.776181 876.384987 898.702214 916.200246 925.202927 925.481852 917.151742 903.932634 895.931486 890.988328 882.812198 876.734441 875.928074 875.169795 880.468718 882.204271 872.551393 859.824065 844.677402 831.473832 821.552444 818.411786 819.109714 818.461542 814.695713 807.212887 796.549412 783.869424 772.149562 763.898654 757.840495 750.987680 741.510751 730.901448 718.840780 693.212862
-9999.0 -9999.0 -677.721413 -565.308649 -450.202629 -321.513505 -194.021185 -38.214713 119.836601 311.424799 433.967865 543.770144 604.887257 647.949678 698.931096 748.241444 762.032537 776.125632 757.702373 762.243623 770.796384 779.746749 792.441410 806.431525 820.330252 829.736419 835.818176 833.632644 824.594622 809.022043 791.021588 777.288044 769.069592 762.777435 770.487199 780.553219 777.779420 770.763513 758.960536 743.645545 730.772777 717.559645 713.742742 714.031647 713.715720 710.440200 705.198258 692.341054 679.255487 666.657364 660.396526 653.849828 647.625344 636.389416 624.404664 610.743492 586.942340
-9999.0 -9999.0 -760.165578 -649.095914 -528.628778 -401.879320 -293.826271 -191.605716 -31.064894 92.924805 198.431489 293.078487 370.698038 431.146216 476.325455 532.809099 565.293918 579.261014 592.171287 614.570288 638.950040 663.724386 680.974963 694.798157 708.745112 720.930482 729.426408 718.987437 708.484481 692.609849 672.645337 651.025355 639.448933 634.510197 637.325189 642.998833 637.473640 627.386554 612.888734 596.529270 583.109577 570.888036 566.450373 563.573979 562.295375 559.152293 555.349053 545.700725 533.331099 524.333695 515.647693 508.588920 504.397152 496.072942 485.199271 476.709627 456.764581
-9999.0 -9999.0 -9999.0 -719.960032 -622.829540 -539.548192 -441.556169 -366.490585 -274.242242 -159.824073 -53.393110 51.324960 118.230101 172.852275 225.780112 275.668201 313.293519 337.946415 361.809780 417.377243 452.717711 493.643324 529.204324 547.077450 562.866647 578.514569 582.278395 573.524480 564.033135 548.444727 525.240429 501.825904 489.434258 490.736806 489.376263 489.592432 483.115409 477.582038 465.682705 451.807819 437.505391 427.946856 423.000681 417.548795 413.444552 408.972553 404.571538 397.927621 388.888964 379.204508 372.010127 368.417041 364.025392 358.526991 350.640973 341.540970 329.138815
