tests/Borden05m/sims/sim_1/output-maps/psiliqL0015N0019.asc
ncols         160
nrows         34
xllcorner     620200.000000
yllcorner     5168000.000000
cellsize      0.500000
NODATA_value  -9999.0
[rows 0 to 24 of 34, columns 0 to 55 of 160]
-9999.0 -9999.0 -9999.0 -9999.0 -9999.0 -9999.0 -9999.0 -9999.0 -9999.0 -9999.0 -9999.0 -9999.0 -9999.0 -9999.0 -9999.0 -9999.0 -9999.0 -9999.0 -9999.0 -9999.0 -9999.0 -9999.0 -9999.0 -9999.0 -9999.0 -9999.0 -9999.0 -9999.0 -9999.0 -9999.0 -9999.0 -9999.0 -9999.0 -9999.0 -9999.0 -9999.0 -9999.0 -9999.0 -9999.0 -9999.0 -9999.0 -9999.0 -9999.0 -9999.0 -9999.0 -9999.0 -9999.0 -9999.0 -9999.0 -9999.0 -9999.0 -9999.0 -9999.0 -9999.0 -9999.0 -9999.0
-9999.0 -9999.0 -9999.0 -9999.0 -9999.0 -9999.0 -9999.0 -9999.0 -9999.0 -9999.0 -9999.0 -9999.0 -9999.0 -9999.0 -9999.0 -9999.0 -9999.0 -9999.0 -9999.0 -9999.0 -9999.0 -9999.0 -9999.0 -9999.0 -9999.0 -9999.0 -9999.0 -9999.0 -9999.0 -9999.0 -9999.0 -9999.0 -9999.0 -9999.0 -9999.0 -9999.0 -9999.0 -9999.0 -9999.0 -9999.0 -9999.0 -9999.0 -9999.0 -9999.0 -9999.0 -9999.0 -9999.0 -9999.0 -9999.0 -9999.0 -9999.0 -9999.0 -9999.0 -9999.0 -9999.0 -9999.0
-9999.0 -9999.0 -9999.0 -9999.0 -9999.0 -9999.0 -9999.0 -9999.0 -9999.0 -9999.0 -9999.0 -9999.0 -9999.0 -9999.0 -9999.0 -9999.0 -9999.0 -9999.0 -9999.0 -9999.0 -9999.0 -9999.0 -9999.0 -9999.0 -9999.0 -9999.0 -9999.0 -9999.0 -9999.0 -9999.0 -9999.0 -9999.0 -9999.0 -9999.0 -9999.0 -9999.0 -9999.0 -9999.0 -9999.0 -9999.0 -9999.0 -9999.0 -9999.0 -9999.0 -9999.0 -9999.0 -9999.0 1099.011003 1081.861999 1066.737621 1064.300556 1086.828036 1110.428193 1134.501691 1155.359592 1174.195014
-9999.0 -9999.0 -9999.0 -9999.0 -9999.0 -9999.0 -9999.0 -9999.0 -9999.0 -9999.0 -9999.0 -9999.0 -9999.0 -9999.0 -9999.0 -9999.0 -9999.0 -9999.0 -9999.0 -9999.0 -9999.0 -9999.0 -9999.0 -9999.0 -9999.0 -9999.0 -9999.0 -9999.0 -9999.0 -9999.0 -9999.0 -9999.0 -9999.0 -9999.0 -9999.0 -9999.0 -9999.0 -9999.0 -9999.0 -9999.0 1146.312716 1152.340880 1153.506351 1143.351335 1132.370217 1120.169662 1100.278793 1082.726468 1068.348980 1066.179319 1069.097294 1074.092800 1096.656195 1121.738544 1141.768183 1158.921616
-9999.0 -9999.0 -9999.0 -9999.0 -9999.0 -9999.0 -9999.0 -9999.0 -9999.0 -9999.0 -9999.0 -9999.0 -9999.0 -9999.0 -9999.0 -9999.0 -9999.0 -9999.0 -9999.0 -9999.0 -9999.0 -9999.0 -9999.0 -9999.0 -9999.0 -9999.0 -9999.0 -9999.0 -9999.0 -9999.0 -9999.0 -9999.0 -9999.0 -9999.0 1053.086905 1070.608524 1088.907687 1107.601460 1124.628133 1131.661051 1137.613458 1143.473921 1139.520924 1135.181772 1124.075881 1104.954945 1085.757934 1072.363158 1070.706491 1068.574464 1073.095873 1086.089730 1103.195078 1119.561789 1140.801700 1164.841482
-9999.0 -9999.0 -9999.0 -9999.0 -9999.0 -9999.0 -9999.0 -9999.0 -9999.0 -9999.0 -9999.0 -9999.0 -9999.0 -9999.0 -9999.0 -9999.0 -9999.0 -9999.0 -9999.0 -9999.0 -9999.0 -9999.0 -9999.0 -9999.0 -9999.0 -9999.0 -9999.0 -9999.0 1056.038557 1050.350544 1045.668853 1044.542891 1043.605362 1042.875045 1049.961944 1062.158387 1080.343369 1102.401551 1115.734849 1123.269727 1130.228872 1131.202825 1126.361518 1124.736010 1125.429361 1113.825170 1102.407455 1091.748034 1081.470043 1080.062476 1089.901745 1104.422115 1121.036470 1136.273461 1152.107199 1162.443681
-9999.0 -9999.0 -9999.0 -9999.0 -9999.0 -9999.0 -9999.0 -9999.0 -9999.0 -9999.0 -9999.0 -9999.0 -9999.0 -9999.0 -9999.0 -9999.0 -9999.0 -9999.0 -9999.0 -9999.0 -9999.0 -9999.0 -9999.0 1025.022669 1030.870231 1037.671280 1045.485556 1046.755796 1043.124131 1037.904064 1035.317292 1034.255292 1032.897922 1037.798768 1046.108756 1059.968714 1076.090939 1098.401879 1107.336426 1113.557599 1126.030924 1129.262765 1135.624889 1140.041696 1138.675106 1136.011950 1123.545940 1114.309430 1119.323284 1125.306590 1132.487645 1140.911686 1154.736949 1170.321846 1187.836133 1208.183455
-9999.0 -9999.0 -9999.0 -9999.0 -9999.0 -9999.0 -9999.0 -9999.0 -9999.0 -9999.0 -9999.0 -9999.0 -9999.0 -9999.0 -9999.0 -9999.0 -9999.0 -9999.0 -9999.0 999.307402 1000.398485 1001.856143 1006.833356 1007.862725 1010.241341 1017.524865 1026.018443 1028.833878 1027.462376 1026.525595 1028.495114 1031.674344 1036.545079 1048.220186 1062.451504 1077.069495 1091.279923 1112.606329 1127.782933 1141.666889 1158.006783 1157.883905 1154.325883 1152.919178 1153.747388 1154.153168 1158.011359 1160.701611 1167.317414 1171.963803 1178.396383 1188.126448 1200.115748 1218.608141 1238.628584 1258.537290
-9999.0 -9999.0 -9999.0 -9999.0 -9999.0 -9999.0 -9999.0 -9999.0 -9999.0 -9999.0 -9999.0 -9999.0 -9999.0 -9999.0 -9999.0 -9999.0 970.125705 972.112306 974.546965 980.176995 983.382949 987.649886 994.900587 996.494314 1000.578585 1008.088519 1013.344195 1022.637185 1031.189453 1038.983711 1045.469997 1048.679613 1056.595400 1066.740589 1079.122388 1094.786162 1116.674117 1140.344797 1157.086780 1174.425319 1192.025755 1193.124311 1192.444095 1193.931862 1194.643952 1200.920061 1218.467804 1224.392142 1225.403914 1241.599828 1255.776712 1261.091763 1269.135755 1288.665002 1312.565761 1335.435591
-9999.0 -9999.0 -9999.0 -9999.0 -9999.0 -9999.0 -9999.0 -9999.0 -9999.0 -9999.0 -9999.0 -9999.0 -9999.0 923.190313 927.452571 937.251769 946.885706 949.677211 954.272601 960.659483 973.153587 977.109295 983.667530 991.580714 1003.911522 1012.959275 1022.559724 1034.889077 1043.810955 1051.602418 1059.195257 1065.238076 1078.982147 1094.750000 1111.020633 1131.778160 1154.395543 1175.393250 1196.301516 1212.767888 1226.894898 1229.039183 1228.547185 1231.323326 1239.158221 1256.357123 1275.387253 1284.198019 1302.144814 1325.372624 1338.990147 1350.731405 1359.587864 1373.352289 1394.806426 1428.849031
-9999.0 -9999.0 -9999.0 -9999.0 -9999.0 -9999.0 -9999.0 -9999.0 -9999.0 -9999.0 890.243844 892.624936 889.361141 889.142440 894.476491 906.812958 920.812963 927.579187 939.471984 960.726252 978.894326 982.747340 997.592790 1008.216639 1015.426326 1026.392502 1040.052104 1053.403901 1070.777772 1083.939508 1096.128570 1116.236490 1133.481667 1150.825333 1169.380395 1190.450769 1210.793392 1239.677628 1267.266495 1280.557961 1303.098403 1314.122058 1311.765788 1312.241763 1321.637701 1337.764321 1359.022259 1382.368916 1404.325435 1429.856339 1447.212807 1461.881269 1472.878765 1485.418584 1501.393056 1537.105831
-9999.0 -9999.0 -9999.0 -9999.0 -9999.0 -9999.0 -9999.0 -9999.0 865.498515 872.977733 879.210782 876.379346 872.081696 868.259973 882.243735 898.287931 914.588913 932.526097 948.828719 967.376481 982.978502 999.554093 1019.832297 1031.966154 1044.093077 1059.972728 1074.261577 1091.999462 1114.064561 1127.470694 1144.894433 1167.179089 1186.644383 1205.614285 1225.311326 1244.353020 1271.309488 1305.406891 1337.857504 1360.817845 1389.125091 1412.247984 1411.760646 1414.453361 1419.065036 1444.831594 1474.198768 1504.899435 1530.042741 1557.353186 1586.918061 1605.216131 1616.058073 1628.760188 1644.022591 1663.179902
-9999.0 -9999.0 -9999.0 -9999.0 -9999.0 -9999.0 838.184965 862.532575 877.697777 869.919576 859.977832 856.432208 852.471112 876.418816 898.610750 916.128888 933.343805 951.330318 968.269581 981.491507 1015.467602 1033.830536 1048.603461 1066.980295 1082.156640 1097.406641 1115.531079 1139.617857 1162.174498 1192.515674 1219.014096 1243.771275 1271.003437 1291.694711 1311.445002 1330.396848 1362.198132 1399.911569 1436.865092 1465.844300 1493.209666 1524.148776 1531.199890 1536.966990 1543.968854 1565.123531 1596.782493 1627.039714 1660.650047 1692.664958 1719.569651 1731.602923 1742.104251 1753.474735 1766.949800 1779.186276
-9999.0 -9999.0 -9999.0 -9999.0 804.692079 825.690320 845.788778 876.585264 899.285588 894.486215 901.259478 901.512197 899.781796 903.893556 911.217242 929.564548 948.529105 967.821767 985.934749 1020.963932 1065.648028 1081.537676 1106.091890 1138.498226 1152.698443 1168.606710 1185.588309 1209.359927 1236.650390 1270.818086 1315.052186 1352.855540 1379.421034 1403.066991 1424.972781 1447.322875 1481.768957 1519.608477 1556.558259 1590.711989 1620.511645 1646.373276 1658.816438 1666.705161 1678.526133 1694.911923 1716.233982 1743.380225 1774.545471 1806.457239 1831.420431 1844.917969 1852.785910 1863.401942 1873.681106 1885.551101
-9999.0 -9999.0 -9999.0 755.055298 793.834853 831.846108 858.966125 890.030545 922.361063 927.056223 936.240421 941.199572 946.024703 954.673712 963.259911 980.598283 997.161705 1013.598771 1036.071640 1073.121872 1108.364559 1138.136867 1170.404802 1197.112562 1217.921512 1234.191557 1253.311284 1277.812509 1318.116925 1356.021674 1406.752694 1460.433538 1497.632038 1522.377228 1545.097085 1572.687580 1597.891223 1634.279021 1669.138411 1702.160350 1733.716917 1758.291837 1776.850087 1784.479310 1794.110300 1802.615345 1818.593209 1839.892825 1861.624302 1890.390396 1918.709358 1943.582214 1957.684353 1967.764403 1983.736584 1999.793074
-9999.0 -9999.0 707.803956 745.742360 779.839855 830.071685 883.190344 917.805473 958.837995 982.711859 989.583333 1006.593849 1022.583655 1029.724603 1045.123462 1062.234872 1080.225297 1087.366307 1104.708266 1135.035358 1184.588078 1229.821556 1250.176002 1300.504183 1333.546868 1361.342080 1379.397511 1406.404764 1442.339666 1484.065322 1532.852280 1583.227193 1622.053545 1653.594731 1670.632621 1690.426745 1713.101539 1737.277299 1771.250617 1799.891237 1831.308434 1857.277987 1878.922546 1885.630400 1890.631964 1906.315519 1930.582509 1956.354202 1980.723443 2004.374557 2007.368157 2019.767211 2025.783951 2029.475717 2034.583459 2038.191292
-9999.0 -9999.0 680.968947 726.007796 766.221577 832.541802 912.671207 949.978747 993.045057 1039.099114 1057.794926 1082.251339 1093.697438 1102.666965 1125.794064 1147.864186 1160.458695 1167.475788 1167.391721 1222.972287 1281.108290 1330.593595 1375.759277 1442.054564 1486.849346 1503.384107 1515.953574 1536.684257 1561.494544 1604.874125 1652.537534 1705.864727 1749.983779 1781.530119 1798.275160 1817.010981 1837.372369 1855.045772 1874.154049 1913.546695 1941.235432 1967.212409 1994.237469 2014.506075 2022.870034 2026.487076 2015.542601 2025.651296 2032.698665 2036.155993 2037.772642 2034.989967 2034.827325 2035.893453 2037.116002 2032.235924
-9999.0 591.906973 644.123967 697.321413 766.217848 833.500130 916.651008 996.663267 1054.124079 1101.732102 1130.903559 1142.636134 1177.865941 1219.284642 1244.582632 1270.595614 1273.749401 1279.283472 1269.712140 1318.342958 1367.556548 1440.300116 1547.530283 1602.584053 1646.508002 1647.830225 1642.641677 1654.998992 1678.940590 1723.224654 1791.441778 1840.186027 1894.649076 1935.946833 1952.077265 1959.747199 1977.770778 1997.861483 1984.231834 2007.764139 2019.050529 2028.573044 2032.023291 2034.339014 2035.905698 2036.509558 2033.688229 2027.626798 2020.121364 2014.790086 2010.954933 2006.600645 2009.084237 2012.314629 2012.927050 2005.925334
-9999.0 556.347241 615.800600 687.308393 758.416722 825.924303 929.005942 1072.868472 1127.084690 1164.708756 1187.214605 1208.121716 1284.263134 1348.877926 1381.819102 1425.367934 1419.793010 1409.791444 1396.543045 1429.432308 1478.421829 1551.189439 1691.609757 1773.666847 1801.165140 1811.445232 1818.094925 1844.739564 1882.245326 1920.178077 1955.536545 1956.867669 1986.339775 2002.212527 2008.254897 2011.638170 2016.825422 2018.339019 2017.723985 2015.292824 2011.799482 2013.030682 2017.906483 2018.382995 2016.080062 2013.286304 2007.840950 2000.243184 1994.522126 1989.616438 1986.587690 1983.324943 1981.429725 1981.085316 1976.383534 1970.379704
-9999.0 526.373512 597.764534 661.302749 726.018478 840.121989 966.513592 1102.421516 1195.596727 1233.509091 1255.557164 1322.820236 1421.472717 1515.303916 1565.212364 1589.607597 1590.595578 1569.793276 1573.425842 1618.485883 1683.428955 1774.842707 1866.164368 1941.403570 1953.893605 1957.265174 1936.310999 1951.157158 1965.980775 1971.626293 1976.990309 1984.721337 1993.867122 2000.137131 2001.867864 2001.552505 1998.979103 1992.797093 1989.206172 1986.915693 1984.220139 1984.323655 1987.302558 1988.709304 1986.186230 1982.217256 1977.408412 1971.275079 1964.570382 1957.406913 1952.917490 1948.421145 1945.799183 1940.449263 1935.638625 1929.063511
-9999.0 426.242178 514.860268 569.662858 683.586447 858.428385 985.539591 1135.617900 1282.215834 1320.973947 1394.501861 1512.637580 1615.379047 1686.555369 1724.670336 1764.571195 1792.831987 1816.372837 1851.968028 1809.586194 1867.427846 1926.057467 1951.898668 1964.199766 1966.381417 1967.769748 1960.639233 1943.182274 1935.516664 1932.349433 1938.001359 1949.240795 1958.304113 1966.809100 1967.264493 1969.802808 1971.407503 1969.122406 1966.263129 1958.749252 1951.656244 1946.207834 1944.490008 1949.607413 1944.575911 1941.163843 1934.809875 1926.334873 1917.156564 1909.039182 1900.878385 1893.729717 1890.492987 1884.469340 1882.331398 1873.332617
-9999.0 345.397447 422.235545 511.031919 648.826187 813.473745 942.895503 1110.375810 1319.232817 1435.546069 1559.239632 1629.837377 1700.179139 1757.659007 1816.904167 1861.571711 1885.847520 1896.744379 1887.582803 1900.898077 1871.608420 1867.097888 1885.878670 1912.739417 1926.219087 1930.361321 1922.742577 1913.718192 1908.743008 1910.425223 1912.217270 1913.743243 1914.834739 1915.128786 1914.068666 1917.602328 1923.283857 1918.016748 1910.023195 1902.261576 1895.111656 1886.962411 1881.499228 1877.889543 1876.611157 1876.056118 1868.259028 1857.582257 1846.664514 1838.089029 1830.056421 1824.108956 1821.038147 1815.541083 1806.929325 1794.013097
-9999.0 246.413078 368.048927 461.927324 583.534061 720.801842 847.437084 1011.596018 1160.304336 1379.868506 1535.404356 1642.815482 1682.587753 1739.148146 1795.662067 1860.633129 1864.696749 1837.318854 1806.950285 1794.907357 1803.106650 1814.598325 1828.463429 1847.823660 1865.050169 1874.543256 1877.135826 1870.710425 1858.652657 1851.052407 1846.261886 1838.582738 1833.622131 1834.287923 1836.838485 1845.293625 1848.197440 1839.832972 1827.422522 1811.680407 1797.845605 1787.324371 1784.473699 1785.743207 1785.575954 1781.694491 1774.744185 1764.051003 1751.382394 1739.412588 1731.891649 1726.227373 1718.947635 1708.541790 1697.027088 1684.096829
-9999.0 -9999.0 292.597188 403.858969 512.204667 635.432937 750.998608 894.577808 1045.180779 1225.936302 1342.482197 1472.699936 1544.102708 1587.971304 1635.005567 1688.046942 1706.919556 1727.381881 1713.362576 1720.031997 1728.538374 1735.814799 1745.870513 1757.156995 1770.007536 1779.808666 1787.802691 1786.286674 1778.383620 1762.590394 1743.761622 1729.800398 1722.581003 1716.958453 1727.479429 1739.621556 1737.132101 1731.022071 1719.535624 1704.217744 1691.514298 1677.927180 1674.120170 1674.182116 1674.028111 1670.924034 1666.396581 1653.548975 1640.648869 1628.857370 1623.256958 1616.918976 1611.378201 1600.420881 1588.705789 1575.973419
-9999.0 -9999.0 208.222052 317.170392 431.911713 555.775576 656.448373 730.866091 883.253666 999.185550 1103.015690 1200.560096 1281.787418 1343.409969 1384.979718 1444.397007 1485.412490 1501.635043 1523.382899 1555.345218 1582.413564 1611.384000 1630.305653 1642.874815 1656.623299 1669.889707 1678.595388 1667.330925 1657.395027 1642.160772 1622.403758 1600.697212 1589.983284 1587.716210 1590.489902 1595.879989 1590.596782 1581.638517 1567.829141 1552.762715 1540.084852 1529.055750 1524.915726 1521.168679 1519.497756 1516.390419 1513.164105 1504.878644 1493.906261 1486.464972 1478.097839 1472.183789 1469.140197 1462.640484 1453.711815 1447.761850
