tests/Borden05m/sims/sim_1/output-maps/psiliqL0009N0014.asc
ncols         160
nrows         34
xllcorner     620200.000000
yllcorner     5168000.000000
cellsize      0.500000
NODATA_value  -9999.0
[rows 0 to 25 of 34, columns 0 to 56 of 160]
-9999.0 -9999.0 -9999.0 -9999.0 -9999.0 -9999.0 -9999.0 -9999.0 -9999.0 -9999.0 -9999.0 -9999.0 -9999.0 -9999.0 -9999.0 -9999.0 -9999.0 -9999.0 -9999.0 -9999.0 -9999.0 -9999.0 -9999.0 -9999.0 -9999.0 -9999.0 -9999.0 -9999.0 -9999.0 -9999.0 -9999.0 -9999.0 -9999.0 -9999.0 -9999.0 -9999.0 -9999.0 -9999.0 -9999.0 -9999.0 -9999.0 -9999.0 -9999.0 -9999.0 -9999.0 -9999.0 -9999.0 -9999.0 -9999.0 -9999.0 -9999.0 -9999.0 -9999.0 -9999.0 -9999.0 -9999.0 -9999.0
-9999.0 -9999.0 -9999.0 -9999.0 -9999.0 -9999.0 -9999.0 -9999.0 -9999.0 -9999.0 -9999.0 -9999.0 -9999.0 -9999.0 -9999.0 -9999.0 -9999.0 -9999.0 -9999.0 -9999.0 -9999.0 -9999.0 -9999.0 -9999.0 -9999.0 -9999.0 -9999.0 -9999.0 -9999.0 -9999.0 -9999.0 -9999.0 -9999.0 -9999.0 -9999.0 -9999.0 -9999.0 -9999.0 -9999.0 -9999.0 -9999.0 -9999.0 -9999.0 -9999.0 -9999.0 -9999.0 -9999.0 -9999.0 -9999.0 -9999.0 -9999.0 -9999.0 -9999.0 -9999.0 -9999.0 -9999.0 -9999.0
-9999.0 -9999.0 -9999.0 -9999.0 -9999.0 -9999.0 -9999.0 -9999.0 -9999.0 -9999.0 -9999.0 -9999.0 -9999.0 -9999.0 -9999.0 -9999.0 -9999.0 -9999.0 -9999.0 -9999.0 -9999.0 -9999.0 -9999.0 -9999.0 -9999.0 -9999.0 -9999.0 -9999.0 -9999.0 -9999.0 -9999.0 -9999.0 -9999.0 -9999.0 -9999.0 -9999.0 -9999.0 -9999.0 -9999.0 -9999.0 -9999.0 -9999.0 -9999.0 -9999.0 -9999.0 -9999.0 -9999.0 -115.016588 -132.521650 -149.170461 -150.940714 -128.158581 -104.884598 -81.332118 -60.962433 -42.414433 -23.499764
-9999.0 -9999.0 -9999.0 -9999.0 -9999.0 -9999.0 -9999.0 -9999.0 -9999.0 -9999.0 -9999.0 -9999.0 -9999.0 -9999.0 -9999.0 -9999.0 -9999.0 -9999.0 -9999.0 -9999.0 -9999.0 -9999.0 -9999.0 -9999.0 -9999.0 -9999.0 -9999.0 -9999.0 -9999.0 -9999.0 -9999.0 -9999.0 -9999.0 -9999.0 -9999.0 -9999.0 -9999.0 -9999.0 -9999.0 -9999.0 -67.467084 -61.647747 -60.129217 -70.998715 -82.359231 -94.263397 -114.199949 -132.132874 -147.711623 -150.622826 -148.079183 -142.421891 -119.445214 -95.265087 -75.906127 -58.652842 -39.581123
-9999.0 -9999.0 -9999.0 -9999.0 -9999.0 -9999.0 -9999.0 -9999.0 -9999.0 -9999.0 -9999.0 -9999.0 -9999.0 -9999.0 -9999.0 -9999.0 -9999.0 -9999.0 -9999.0 -9999.0 -9999.0 -9999.0 -9999.0 -9999.0 -9999.0 -9999.0 -9999.0 -9999.0 -9999.0 -9999.0 -9999.0 -9999.0 -9999.0 -9999.0 -159.282586 -141.726368 -123.693931 -105.498350 -89.029054 -82.511895 -76.700485 -70.957131 -75.052262 -79.948008 -91.351315 -110.030145 -129.797016 -144.128884 -146.835284 -149.522844 -145.184594 -132.103910 -115.500328 -99.174009 -78.350128 -55.306681 -46.174160
-9999.0 -9999.0 -9999.0 -9999.0 -9999.0 -9999.0 -9999.0 -9999.0 -9999.0 -9999.0 -9999.0 -9999.0 -9999.0 -9999.0 -9999.0 -9999.0 -9999.0 -9999.0 -9999.0 -9999.0 -9999.0 -9999.0 -9999.0 -9999.0 -9999.0 -9999.0 -9999.0 -9999.0 -154.551954 -160.557763 -165.847712 -167.494578 -168.934269 -170.250523 -163.355799 -151.055128 -132.809794 -111.430862 -98.771722 -91.751474 -85.343146 -84.646969 -89.574570 -91.870570 -91.806803 -103.578793 -115.287662 -126.261803 -136.811159 -138.084619 -128.567128 -114.782521 -98.864902 -84.190060 -68.946023 -56.160993 -40.362388
-9999.0 -9999.0 -9999.0 -9999.0 -9999.0 -9999.0 -9999.0 -9999.0 -9999.0 -9999.0 -9999.0 -9999.0 -9999.0 -9999.0 -9999.0 -9999.0 -9999.0 -9999.0 -9999.0 -9999.0 -9999.0 -9999.0 -9999.0 -183.718647 -177.706495 -171.301382 -164.056599 -163.296827 -167.702975 -173.530924 -176.872384 -178.603220 -180.327118 -176.053613 -167.732719 -154.080322 -138.225841 -116.709286 -108.225126 -101.729573 -89.418652 -87.287974 -82.609752 -78.766393 -80.718346 -83.477223 -95.479686 -104.322396 -98.623117 -92.461259 -86.057485 -78.578914 -65.562078 -49.877533 -31.961409 -11.015482 11.090876
-9999.0 -9999.0 -9999.0 -9999.0 -9999.0 -9999.0 -9999.0 -9999.0 -9999.0 -9999.0 -9999.0 -9999.0 -9999.0 -9999.0 -9999.0 -9999.0 -9999.0 -9999.0 -9999.0 -208.473657 -207.729056 -206.835228 -202.369929 -201.479636 -199.338664 -192.431069 -184.403266 -182.437982 -184.159979 -185.965101 -184.577789 -182.052253 -177.983717 -166.565419 -152.760734 -138.647250 -124.550491 -103.769655 -89.083643 -75.226325 -59.172164 -60.601841 -65.154400 -67.430936 -67.084260 -66.498297 -60.506504 -56.704034 -50.733753 -44.723476 -37.521169 -28.367428 -17.258158 1.650670 22.658420 44.072637 64.594833
-9999.0 -9999.0 -9999.0 -9999.0 -9999.0 -9999.0 -9999.0 -9999.0 -9999.0 -9999.0 -9999.0 -9999.0 -9999.0 -9999.0 -9999.0 -9999.0 -236.683348 -234.933683 -232.966607 -227.744701 -225.380605 -221.580340 -214.867161 -213.948165 -210.228303 -203.257666 -198.389144 -189.978462 -182.257442 -175.032560 -169.203216 -166.604605 -158.937005 -149.277496 -137.352863 -121.677994 -99.762662 -77.017729 -60.670045 -43.920574 -27.041538 -26.665974 -27.851155 -26.736377 -25.787677 -17.595719 1.113697 8.013983 12.063305 31.627571 46.878773 53.171085 61.437603 80.828322 106.358361 134.921226 169.627450
-9999.0 -9999.0 -9999.0 -9999.0 -9999.0 -9999.0 -9999.0 -9999.0 -9999.0 -9999.0 -9999.0 -9999.0 -9999.0 -281.001126 -276.941212 -267.895453 -259.817938 -257.746891 -254.000108 -248.470301 -236.482309 -233.131704 -227.062900 -219.577661 -208.291788 -199.905954 -190.771620 -179.057445 -170.632656 -163.448821 -156.324296 -149.729464 -135.932001 -120.398546 -104.291438 -83.814377 -61.927948 -40.530146 -19.018347 -3.328870 11.408322 15.307371 13.949882 16.094758 24.954409 44.295253 65.027742 79.066107 102.561882 128.606412 145.239707 160.229995 171.226226 186.014221 209.674778 249.750346 291.004097
-9999.0 -9999.0 -9999.0 -9999.0 -9999.0 -9999.0 -9999.0 -9999.0 -9999.0 -9999.0 -315.853860 -313.352650 -316.909515 -316.302089 -311.804635 -300.122531 -287.132304 -280.436144 -269.419554 -249.073969 -232.089018 -228.737136 -214.029337 -204.169660 -197.675979 -187.025033 -173.874716 -160.808372 -143.405499 -130.580747 -117.772554 -96.874146 -80.100443 -63.374000 -45.308095 -24.964313 -3.187642 28.022627 56.906156 72.712204 98.547538 114.053556 112.069702 113.208219 122.727802 142.847078 170.023638 200.584591 227.661382 258.455801 282.326133 299.735769 312.939066 327.793512 345.586091 379.681035 419.988109
-9999.0 -9999.0 -9999.0 -9999.0 -9999.0 -9999.0 -9999.0 -9999.0 -339.740645 -332.985505 -326.796456 -329.954588 -334.812259 -338.209365 -325.335294 -309.728634 -294.006979 -277.202914 -261.459266 -243.765762 -228.243936 -211.692457 -192.367667 -180.514428 -168.601176 -153.322399 -139.475123 -121.360484 -99.694155 -84.648351 -65.137770 -42.526359 -22.213602 -3.210836 16.399257 36.292769 66.993149 104.245818 140.378010 169.114777 201.097725 229.379824 232.043772 237.172750 244.362801 274.418457 309.165332 343.825973 374.059078 404.209804 434.709890 452.586141 464.106549 477.668893 493.954166 511.065278 536.443453
-9999.0 -9999.0 -9999.0 -9999.0 -9999.0 -9999.0 -365.385960 -341.366848 -326.739806 -334.647925 -342.977021 -346.418209 -350.026204 -330.711666 -309.551909 -292.915944 -276.455647 -259.322453 -243.150571 -228.507857 -193.300624 -176.687023 -161.522261 -141.584941 -127.256131 -112.873181 -95.099075 -70.886992 -46.920786 -13.138348 18.230022 47.094835 76.068201 98.438469 119.894978 142.639605 179.016627 221.966289 264.393161 299.609015 331.327105 363.608780 374.684600 382.044083 391.329951 411.284800 442.394164 473.380434 507.959268 540.335698 565.653927 577.415907 587.949302 599.662890 613.736776 627.461324 642.043143
-9999.0 -9999.0 -9999.0 -9999.0 -398.630784 -377.771579 -357.309923 -326.584562 -304.126521 -309.615307 -302.446690 -301.985572 -303.353626 -300.878406 -295.190749 -277.456304 -259.859676 -242.053090 -223.298544 -185.375115 -143.079745 -125.909381 -98.578417 -65.615235 -50.807404 -35.060092 -18.502974 6.084605 37.584573 75.824779 126.897527 171.649176 203.040349 230.720331 255.865176 283.421381 320.481128 361.165700 400.000654 436.036420 467.561218 493.405616 508.513046 517.130933 528.792540 543.821312 563.692835 590.201916 620.063431 651.961372 676.947100 691.320121 699.689117 710.255452 722.296810 736.445551 750.428421
-9999.0 -9999.0 -9999.0 -445.567787 -407.156746 -370.346242 -342.920976 -312.060403 -280.571398 -274.335061 -266.036104 -259.621496 -253.016702 -244.027366 -233.991189 -217.605552 -203.382214 -190.377524 -169.006284 -131.611549 -94.407046 -59.094696 -24.574134 7.956692 32.980461 50.850245 70.080514 97.347499 141.397829 186.498975 244.145389 303.932743 345.904699 373.619909 395.960707 423.185823 448.394058 483.439666 517.807089 550.087695 581.453733 606.945598 627.763837 636.409997 644.972093 653.577019 670.203758 691.265391 713.081352 741.908728 769.101926 790.179539 802.981189 811.646935 827.513397 843.179674 855.466039
-9999.0 -9999.0 -491.928655 -455.044328 -419.795146 -368.103170 -315.602870 -282.164792 -241.348060 -216.086200 -208.683494 -189.731543 -172.327028 -163.444727 -146.077742 -128.266120 -114.303594 -110.217597 -96.444336 -59.763967 -3.725016 49.220823 85.475973 145.839422 183.313676 210.410710 227.930346 257.054287 294.709401 342.555650 394.351018 445.003310 485.041168 516.543166 532.051957 549.890023 572.688001 595.134572 626.353009 654.727627 684.229482 710.461640 734.059520 743.734429 748.935157 763.131589 784.157123 806.706809 828.547407 849.461260 860.824262 866.300636 869.177680 871.125561 874.203625 876.587221 877.960491
-9999.0 -9999.0 -516.929350 -472.960889 -430.146313 -359.915821 -284.088519 -246.299223 -202.920804 -158.036723 -138.299616 -113.667632 -94.149261 -75.658431 -50.710539 -25.896055 -19.457532 -15.071876 -14.003755 43.684109 107.996152 177.279176 251.060570 318.356575 362.787898 376.693417 387.168718 407.603022 434.143650 478.694535 528.717216 579.591161 622.426740 651.737079 666.691519 682.536120 702.152328 720.988938 738.411621 771.872559 794.765279 817.708104 842.255365 861.479801 868.987875 870.757192 866.099102 870.624903 873.870973 875.436100 875.540352 872.075368 871.162671 872.073710 873.556985 869.138745 862.868940
-9999.0 -603.385931 -551.531631 -497.252967 -426.474813 -356.728242 -270.218620 -188.776856 -137.474090 -93.793827 -63.755046 -42.592812 12.030567 63.443099 92.839395 123.853014 124.031768 124.809049 118.722457 167.122457 229.056063 322.005575 438.621505 496.144865 533.578092 539.057361 536.867488 551.448825 576.965588 617.049877 676.769766 719.431759 764.612714 798.027591 810.032177 814.777395 830.232918 848.447466 852.521617 864.077367 869.728424 874.645281 874.398159 875.967680 876.820362 876.841211 873.402828 866.945954 858.929080 852.624493 847.231458 841.565300 842.869356 846.265655 847.605121 840.906728 832.764944
-9999.0 -637.422892 -577.057257 -504.318833 -431.929184 -354.264064 -241.357427 -110.752864 -62.226146 -25.391772 6.985274 54.916472 145.900086 218.276210 258.798985 302.114076 300.319484 290.892663 289.032276 327.043750 384.479789 462.289070 589.785613 671.738442 690.584255 703.835340 713.228459 737.112758 767.875517 796.472495 821.658730 835.358491 849.747899 856.663106 859.169845 860.439068 862.503155 863.242283 861.133057 858.189980 854.433816 855.312254 859.593614 859.730077 857.041604 853.488137 846.682152 837.786850 830.667263 823.844790 818.132127 812.966708 810.164131 810.161714 806.107552 800.268892 790.771215
-9999.0 -661.630898 -592.381115 -526.526361 -452.453090 -326.743559 -203.618017 -73.126635 18.595402 60.969510 112.196843 204.187587 305.757677 393.758719 441.504438 466.088482 475.818056 467.893328 483.479165 531.014198 597.314448 678.683058 747.338293 811.756808 824.960326 829.363337 821.863493 828.857368 835.408003 837.780208 839.955841 842.083446 848.233648 851.591928 850.924795 848.097758 842.953535 834.996646 830.078257 827.202849 824.182409 824.287156 827.256162 827.947552 824.930172 819.565704 812.151462 804.038466 795.974956 787.258043 781.060251 775.334562 771.986809 766.966497 762.104775 755.928459 742.561741
-9999.0 -748.774495 -664.833356 -602.783570 -467.727488 -301.441824 -176.611274 -21.079615 119.671503 175.943672 273.299509 383.365155 476.779960 540.266812 580.151573 620.651088 648.533709 674.623641 709.763574 711.089967 763.167760 805.664454 823.334016 832.929567 832.048424 834.155617 826.991753 808.806352 799.326753 793.656456 796.349819 804.382203 811.027724 817.164991 815.050837 814.151137 811.200842 806.043841 801.811334 793.816918 786.488337 781.303493 780.117299 785.191700 779.531744 774.631958 766.672440 757.059269 747.076438 737.879741 728.908399 721.036681 717.273966 711.170317 709.328748 701.606930 675.375809
-9999.0 -829.482215 -750.646914 -646.270779 -494.146876 -329.914684 -182.570830 -8.263951 192.125163 308.501047 415.560315 474.929126 542.254988 604.074508 664.239201 701.616631 721.860547 730.765139 733.104970 743.937385 726.608681 730.472271 751.857572 778.252054 790.073923 793.450333 782.992315 770.986538 763.994593 763.419849 763.075939 763.160335 762.913589 761.475917 757.960897 758.184992 760.331082 753.344878 745.010853 737.349228 730.578738 722.871355 717.619803 714.538833 712.243160 710.882322 702.399844 691.158385 679.926200 671.006964 662.413010 655.772707 652.868791 647.802738 640.773364 629.489682 602.669685
-9999.0 -916.463866 -801.492666 -698.447344 -562.400503 -421.322008 -282.920828 -110.963119 54.831557 274.264533 443.135315 504.432996 536.249829 582.332798 639.975359 696.898261 702.695249 675.652935 651.629766 642.721127 651.624659 667.042251 685.125618 707.511497 724.464883 732.751253 731.895440 722.872121 709.422196 701.540958 696.878474 688.962103 683.032543 682.262736 681.102822 685.948594 687.551941 677.763083 665.110839 650.214479 637.253103 627.547090 624.412091 625.032081 624.314403 620.603066 613.059004 602.478827 589.893998 578.323081 570.018057 563.974812 557.314170 548.151748 537.886888 526.239758 500.928807
-9999.0 -9999.0 -871.025193 -758.689627 -642.680701 -513.399949 -383.791176 -226.013328 -66.537507 129.267033 255.144831 360.587443 419.225487 461.723127 512.862312 560.797754 573.165722 585.744302 566.317453 570.341748 578.791199 587.908532 600.782853 614.859085 628.492303 637.389889 642.747796 640.306721 631.124873 615.824377 598.292429 584.925834 576.821881 570.680944 578.051041 587.879911 585.218696 578.210040 566.544030 551.428601 538.710771 525.739015 522.028303 522.422486 522.122008 518.876070 513.579921 500.835209 487.818851 475.147227 468.822289 462.306770 456.036697 444.853201 432.940432 419.265518 395.298403
-9999.0 -9999.0 -952.928399 -841.597163 -720.402169 -593.625021 -484.544221 -377.107303 -215.396551 -89.888103 16.620194 111.641745 190.169540 251.386536 297.105247 352.337808 382.650324 395.870195 406.841724 427.314779 451.021457 474.738835 491.320591 504.978446 518.535882 530.152247 538.397633 528.115132 517.652574 501.908403 482.169594 460.787212 449.243365 443.993557 446.995403 452.878385 447.463680 437.326238 422.850903 406.378027 392.938996 380.608738 376.202126 373.548111 372.385188 369.280754 365.411278 355.516980 342.823455 333.421150 324.580913 317.225030 312.741506 303.919537 292.431293 283.118732 261.758571
-9999.0 -9999.0 -9999.0 -913.659609 -815.544204 -729.747425 -631.996597 -554.971773 -457.589948 -341.496979 -235.777208 -132.941836 -65.700541 -10.433116 42.772284 93.703858 130.802953 154.053251 175.936941 231.092300 266.010827 306.724558 341.362081 358.549948 374.118785 389.397546 393.163204 384.261494 374.622492 358.869057 335.479326 311.512599 298.334307 299.119454 297.910425 298.532587 291.916044 285.849069 273.084045 258.281838 243.164053 232.726181 227.474817 221.952290 217.893193 213.334715 208.751004 201.537717 191.950887 181.847769 174.095146 170.189889 165.644051 159.767459 151.508128 142.135189 129.020976
