tests/Borden05m/sims/sim_1/output-maps/psiliqL0017N0006.asc
ncols         160
nrows         34
xllcorner     620200.000000
yllcorner     5168000.000000
cellsize      0.500000
NODATA_value  -9999.0
[rows 0 to 24 of 34, columns 0 to 54 of 160]
-9999.0 -9999.0 -9999.0 -9999.0 -9999.0 -9999.0 -9999.0 -9999.0 -9999.0 -9999.0 -9999.0 -9999.0 -9999.0 -9999.0 -9999.0 -9999.0 -9999.0 -9999.0 -9999.0 -9999.0 -9999.0 -9999.0 -9999.0 -9999.0 -9999.0 -9999.0 -9999.0 -9999.0 -9999.0 -9999.0 -9999.0 -9999.0 -9999.0 -9999.0 -9999.0 -9999.0 -9999.0 -9999.0 -9999.0 -9999.0 -9999.0 -9999.0 -9999.0 -9999.0 -9999.0 -9999.0 -9999.0 -9999.0 -9999.0 -9999.0 -9999.0 -9999.0 -9999.0 -9999.0 -9999.0
-9999.0 -9999.0 -9999.0 -9999.0 -9999.0 -9999.0 -9999.0 -9999.0 -9999.0 -9999.0 -9999.0 -9999.0 -9999.0 -9999.0 -9999.0 -9999.0 -9999.0 -9999.0 -9999.0 -9999.0 -9999.0 -9999.0 -9999.0 -9999.0 -9999.0 -9999.0 -9999.0 -9999.0 -9999.0 -9999.0 -9999.0 -9999.0 -9999.0 -9999.0 -9999.0 -9999.0 -9999.0 -9999.0 -9999.0 -9999.0 -9999.0 -9999.0 -9999.0 -9999.0 -9999.0 -9999.0 -9999.0 -9999.0 -9999.0 -9999.0 -9999.0 -9999.0 -9999.0 -9999.0 -9999.0
-9999.0 -9999.0 -9999.0 -9999.0 -9999.0 -9999.0 -9999.0 -9999.0 -9999.0 -9999.0 -9999.0 -9999.0 -9999.0 -9999.0 -9999.0 -9999.0 -9999.0 -9999.0 -9999.0 -9999.0 -9999.0 -9999.0 -9999.0 -9999.0 -9999.0 -9999.0 -9999.0 -9999.0 -9999.0 -9999.0 -9999.0 -9999.0 -9999.0 -9999.0 -9999.0 -9999.0 -9999.0 -9999.0 -9999.0 -9999.0 -9999.0 -9999.0 -9999.0 -9999.0 -9999.0 -9999.0 -9999.0 1501.073437 1484.039394 1469.428697 1466.802465 1489.306393 1513.069933 1537.348580 1558.372547
-9999.0 -9999.0 -9999.0 -9999.0 -9999.0 -9999.0 -9999.0 -9999.0 -9999.0 -9999.0 -9999.0 -9999.0 -9999.0 -9999.0 -9999.0 -9999.0 -9999.0 -9999.0 -9999.0 -9999.0 -9999.0 -9999.0 -9999.0 -9999.0 -9999.0 -9999.0 -9999.0 -9999.0 -9999.0 -9999.0 -9999.0 -9999.0 -9999.0 -9999.0 -9999.0 -9999.0 -9999.0 -9999.0 -9999.0 -9999.0 1548.210313 1554.331268 1555.411547 1545.527422 1534.705078 1522.431445 1502.565738 1485.128335 1471.157789 1469.263006 1472.353727 1477.189856 1499.675069 1525.091323 1545.345921
-9999.0 -9999.0 -9999.0 -9999.0 -9999.0 -9999.0 -9999.0 -9999.0 -9999.0 -9999.0 -9999.0 -9999.0 -9999.0 -9999.0 -9999.0 -9999.0 -9999.0 -9999.0 -9999.0 -9999.0 -9999.0 -9999.0 -9999.0 -9999.0 -9999.0 -9999.0 -9999.0 -9999.0 -9999.0 -9999.0 -9999.0 -9999.0 -9999.0 -9999.0 1454.451357 1471.966994 1490.367928 1509.246212 1526.478996 1533.702839 1539.718990 1545.650358 1541.784757 1537.677060 1526.716310 1507.487527 1488.511532 1475.457247 1474.195415 1472.309737 1476.969480 1490.015514 1507.353224 1523.766985 1545.146482
-9999.0 -9999.0 -9999.0 -9999.0 -9999.0 -9999.0 -9999.0 -9999.0 -9999.0 -9999.0 -9999.0 -9999.0 -9999.0 -9999.0 -9999.0 -9999.0 -9999.0 -9999.0 -9999.0 -9999.0 -9999.0 -9999.0 -9999.0 -9999.0 -9999.0 -9999.0 -9999.0 -9999.0 1457.419441 1451.758393 1447.179343 1446.125889 1445.257870 1444.632849 1451.706807 1463.850276 1482.024653 1504.330970 1517.912790 1525.647420 1532.826988 1533.941356 1529.188396 1527.857877 1528.838698 1517.366358 1506.121910 1495.649338 1485.558406 1484.219870 1494.289944 1509.168220 1526.100004 1541.574837 1557.622557
-9999.0 -9999.0 -9999.0 -9999.0 -9999.0 -9999.0 -9999.0 -9999.0 -9999.0 -9999.0 -9999.0 -9999.0 -9999.0 -9999.0 -9999.0 -9999.0 -9999.0 -9999.0 -9999.0 -9999.0 -9999.0 -9999.0 -9999.0 1426.515318 1432.235969 1439.071208 1446.959485 1448.255953 1444.699413 1439.551176 1437.099983 1436.153836 1434.821936 1439.856159 1448.112056 1462.027278 1478.250410 1500.853665 1509.970102 1516.143706 1528.732763 1532.405830 1539.422304 1544.142095 1543.095468 1540.600417 1528.128951 1518.928623 1523.907235 1530.040484 1537.688013 1546.611818 1560.860493 1576.541969 1594.040838
-9999.0 -9999.0 -9999.0 -9999.0 -9999.0 -9999.0 -9999.0 -9999.0 -9999.0 -9999.0 -9999.0 -9999.0 -9999.0 -9999.0 -9999.0 -9999.0 -9999.0 -9999.0 -9999.0 1401.157600 1402.284370 1403.812655 1408.813393 1409.696117 1412.027646 1419.326099 1427.860480 1430.828065 1429.427277 1428.646723 1430.690467 1433.979771 1439.029498 1450.731638 1465.074369 1479.856528 1494.123599 1515.670192 1531.063229 1545.032468 1561.570683 1561.998535 1558.912355 1557.970102 1559.168458 1559.763434 1563.206030 1565.855248 1573.056880 1577.657185 1584.242175 1594.541940 1607.173116 1625.880456 1645.975849
-9999.0 -9999.0 -9999.0 -9999.0 -9999.0 -9999.0 -9999.0 -9999.0 -9999.0 -9999.0 -9999.0 -9999.0 -9999.0 -9999.0 -9999.0 -9999.0 1372.153726 1374.155147 1376.634077 1382.228688 1385.592689 1389.892291 1397.189928 1398.864218 1402.950190 1410.533060 1415.809114 1425.283099 1433.990434 1441.851382 1448.437138 1451.740979 1459.657801 1469.916156 1482.435269 1498.113271 1520.040988 1544.102868 1561.093403 1578.785789 1596.821883 1598.370422 1598.100875 1600.018113 1601.040701 1607.182310 1624.955259 1631.233044 1631.998182 1647.943794 1662.635610 1668.430873 1677.177841 1697.562822 1721.903064
-9999.0 -9999.0 -9999.0 -9999.0 -9999.0 -9999.0 -9999.0 -9999.0 -9999.0 -9999.0 -9999.0 -9999.0 -9999.0 1324.652667 1328.970851 1338.980338 1349.027374 1351.976080 1356.755633 1363.308852 1375.860689 1379.901769 1386.511235 1394.462598 1407.053288 1416.238072 1425.908846 1438.351540 1447.332104 1455.206525 1462.836427 1468.592579 1482.251606 1498.074707 1514.428608 1535.367042 1558.384599 1579.490150 1600.524490 1617.636111 1631.997755 1634.002322 1634.257709 1637.808123 1646.065909 1663.602059 1683.333065 1691.834591 1709.553374 1733.618721 1747.962446 1760.187954 1769.747293 1784.622518 1807.146702
-9999.0 -9999.0 -9999.0 -9999.0 -9999.0 -9999.0 -9999.0 -9999.0 -9999.0 -9999.0 1292.391484 1294.770354 1291.637146 1291.137290 1296.759706 1309.308319 1323.605722 1330.338822 1342.448898 1363.920430 1382.394234 1386.321227 1401.142615 1411.964696 1419.364232 1430.395269 1444.181781 1457.571939 1474.858254 1488.030966 1499.915072 1519.692788 1537.081821 1554.700766 1573.596783 1595.222399 1615.576154 1644.384800 1672.439355 1685.880416 1708.391726 1718.956730 1717.382431 1718.655104 1729.372914 1746.097498 1767.791406 1791.450418 1814.568520 1841.306465 1859.218384 1875.223718 1887.372640 1900.896362 1918.128481
-9999.0 -9999.0 -9999.0 -9999.0 -9999.0 -9999.0 -9999.0 -9999.0 1267.284174 1275.074372 1281.397023 1278.757958 1274.727518 1270.836200 1285.261476 1301.500155 1318.007934 1336.304387 1352.747920 1371.523831 1387.103653 1403.650034 1424.241580 1436.482213 1448.705870 1464.820047 1479.282455 1496.904013 1519.089474 1531.933717 1548.690608 1570.981215 1590.394243 1609.727723 1630.033635 1649.656173 1676.629927 1711.328171 1744.555386 1767.766311 1797.072822 1820.552977 1820.631292 1824.135803 1829.927944 1857.164190 1888.078487 1920.720243 1947.195039 1976.196580 2007.732719 2028.087953 2040.355964 2054.273620 2070.699281
-9999.0 -9999.0 -9999.0 -9999.0 -9999.0 -9999.0 1239.225664 1263.789919 1279.263465 1271.663095 1261.331756 1257.911578 1253.997363 1279.660004 1302.346766 1320.274982 1337.813652 1356.114786 1373.311665 1386.067960 1419.681820 1438.674613 1453.403817 1471.391861 1487.003435 1502.711037 1521.130047 1545.371754 1567.697494 1597.241810 1622.634071 1646.745539 1674.321797 1695.559554 1716.156636 1735.739346 1768.556309 1807.654900 1846.240119 1876.502656 1905.363269 1938.390610 1946.084679 1953.091902 1961.247863 1985.119766 2019.576142 2052.245255 2088.093622 2122.279002 2151.661755 2165.578065 2177.506172 2189.966580 2204.425020
-9999.0 -9999.0 -9999.0 -9999.0 1205.428441 1226.561894 1246.679668 1277.671250 1300.653637 1296.314132 1303.218804 1303.688028 1302.130776 1307.074059 1315.201053 1333.967469 1353.545969 1373.440498 1391.432411 1425.637601 1471.288979 1486.953156 1510.884900 1543.523289 1557.997444 1574.473370 1592.160999 1616.355403 1643.163421 1677.217077 1720.841449 1758.360214 1785.420307 1809.939193 1833.264408 1856.851629 1893.806816 1934.146236 1973.566423 2009.874060 2041.571548 2069.630941 2083.059511 2092.353310 2105.891876 2124.604191 2148.538675 2178.334124 2212.234249 2246.221859 2272.686339 2287.014918 2295.737133 2307.191963 2317.816942
-9999.0 -9999.0 -9999.0 1154.788317 1193.776009 1232.319704 1259.520210 1290.888088 1323.799227 1328.348436 1338.261539 1343.224547 1347.974000 1357.017083 1365.586801 1383.641578 1401.288579 1419.093237 1442.151520 1479.365787 1514.357021 1542.922929 1575.391890 1601.384457 1622.098749 1639.130368 1659.567501 1684.797160 1725.987855 1764.079431 1815.608394 1870.470158 1908.692424 1934.737887 1959.813119 1990.000625 2017.958084 2057.631979 2095.213969 2130.812502 2164.771345 2191.063678 2210.658640 2219.409858 2230.732239 2240.630568 2257.995267 2281.215871 2304.860962 2335.526187 2365.439648 2392.635027 2408.036229 2419.039409 2435.743045
-9999.0 -9999.0 1107.166519 1145.511285 1179.322441 1229.245003 1282.810878 1318.139371 1359.693947 1383.698992 1391.116163 1408.333869 1424.784662 1432.267265 1447.858887 1465.437888 1485.281179 1493.806596 1512.709417 1541.541278 1590.080141 1634.621579 1652.250815 1702.271055 1736.735561 1767.389616 1788.095704 1817.150169 1855.481076 1897.916279 1948.030831 2000.340907 2040.460446 2073.590665 2092.815348 2115.218126 2140.186125 2167.625717 2204.686082 2235.171091 2269.005265 2296.566757 2319.252274 2326.242798 2332.215212 2349.482201 2376.107796 2404.788409 2431.531123 2457.373067 2458.409235 2473.735566 2481.308368 2485.942455 2492.152848
-9999.0 -9999.0 1079.700932 1125.153485 1164.613228 1229.853050 1311.721564 1349.318314 1392.956630 1440.344681 1459.899051 1485.769446 1496.204971 1503.726549 1527.835872 1550.285336 1565.798614 1574.311007 1574.561672 1630.928121 1689.668367 1736.671634 1777.371874 1847.984227 1896.814451 1917.503311 1933.658652 1956.969826 1983.288851 2027.872653 2075.997735 2131.323467 2176.952282 2210.087772 2228.428975 2249.447631 2271.801682 2291.229094 2312.435941 2354.957438 2386.006628 2414.220246 2443.157574 2464.629109 2474.079136 2479.210041 2467.228638 2480.505052 2490.009913 2495.057877 2497.813180 2495.732258 2496.177315 2497.702987 2499.246738
-9999.0 989.703027 1042.079610 1094.981010 1163.384845 1230.098130 1312.512879 1392.696100 1453.197435 1503.574875 1534.510923 1545.817582 1577.922885 1619.531927 1646.568232 1673.309402 1678.880943 1686.949796 1677.361115 1728.494931 1777.522991 1848.669938 1957.607076 2016.528813 2067.236334 2071.101027 2068.048431 2081.945935 2106.782698 2153.166443 2224.770289 2275.976384 2333.646723 2378.038699 2395.840600 2404.932338 2424.539344 2446.217319 2427.511638 2455.743068 2469.823876 2481.607121 2486.959038 2490.180352 2492.747439 2494.424426 2492.814961 2488.037144 2481.811882 2477.644776 2474.797737 2471.260673 2474.359203 2478.038564 2478.863879
-9999.0 953.623266 1012.806981 1083.970211 1154.784266 1219.189207 1319.471930 1468.638470 1526.225810 1566.537393 1589.463233 1606.498598 1683.877784 1752.105618 1787.526004 1834.629583 1829.881437 1821.026520 1805.391105 1838.724951 1887.974996 1963.045997 2112.127652 2199.313116 2235.040311 2248.773357 2257.847834 2287.556352 2328.292648 2369.666957 2407.645951 2403.705194 2436.986026 2454.995446 2461.634727 2465.402432 2471.540513 2473.471397 2473.646708 2471.786799 2468.892006 2470.720104 2476.295764 2477.514020 2476.142475 2474.483186 2470.375372 2464.268548 2460.068995 2456.521859 2454.650470 2452.282477 2450.912149 2450.777444 2446.114392
-9999.0 921.728276 993.860052 1056.671698 1118.392047 1228.952253 1357.004267 1495.921497 1592.003160 1632.636284 1651.435216 1718.765371 1824.428181 1926.690673 1982.355377 2010.342323 2010.928167 1987.593959 1988.874790 2035.280900 2102.935357 2201.692712 2304.358106 2388.048159 2405.171402 2412.420739 2390.136804 2409.460390 2427.598825 2433.777891 2438.604058 2446.134954 2454.295089 2459.926993 2461.246298 2460.812863 2458.274119 2452.205139 2448.885670 2446.877832 2444.543204 2444.954648 2448.339289 2450.582287 2449.014958 2446.282045 2442.898868 2438.275158 2432.960282 2427.111962 2423.671476 2419.910490 2417.703387 2412.289993 2407.357993
-9999.0 817.261335 907.444397 959.847901 1066.873843 1244.922293 1373.476241 1523.454880 1676.106713 1715.802683 1790.326728 1919.663276 2033.282681 2113.765300 2156.629946 2200.452092 2231.773888 2256.594159 2294.197719 2239.563220 2302.670942 2370.156816 2401.868868 2418.725507 2425.882839 2430.650151 2426.134877 2410.436495 2403.710048 2400.555031 2405.399495 2415.414776 2423.089140 2430.470112 2430.197771 2432.403731 2433.923174 2431.467302 2428.335951 2420.655978 2413.566942 2408.103893 2406.444151 2412.054035 2407.936330 2405.794530 2400.699717 2393.463485 2385.296825 2378.347454 2371.033288 2364.419852 2361.335949 2354.989228 2352.087640
-9999.0 736.399741 812.550486 896.152988 1029.303705 1194.447650 1318.658350 1486.083780 1703.669304 1828.303795 1966.116763 2048.670510 2127.957594 2190.896897 2255.456866 2307.475242 2336.511804 2350.419930 2339.293040 2355.383102 2324.583248 2320.204648 2340.816080 2370.643440 2387.728809 2394.871651 2389.869421 2382.831088 2378.681313 2380.330326 2381.241879 2381.194736 2380.645469 2379.594981 2377.657854 2380.688590 2385.918217 2379.820779 2370.622197 2362.008840 2354.226578 2345.654140 2340.082834 2336.542336 2336.119679 2336.526490 2329.757798 2320.235629 2310.495244 2302.895969 2295.587040 2290.020204 2286.593899 2280.146803 2269.697456
-9999.0 633.448905 757.290980 848.089621 964.958827 1101.245299 1224.650430 1388.134071 1536.158724 1764.896991 1924.706731 2055.504780 2105.827965 2172.765399 2234.583620 2307.388347 2314.553281 2289.549476 2258.931026 2247.506362 2257.232584 2269.329233 2283.634404 2304.067231 2323.690657 2335.686908 2340.819608 2336.041286 2324.526840 2316.355999 2310.218687 2300.913317 2294.453425 2293.837086 2295.975858 2304.056379 2305.854958 2296.567303 2283.008682 2265.796398 2250.728805 2239.285889 2236.184209 2237.646946 2237.938397 2234.501185 2228.400316 2218.438384 2206.548643 2195.074369 2188.130434 2182.497780 2174.400302 2162.338088 2148.449231
-9999.0 -9999.0 679.923264 790.800033 896.614319 1018.025092 1129.488740 1269.710757 1420.765145 1603.736588 1725.955756 1872.150477 1955.332839 2006.379996 2057.526387 2116.921469 2141.611957 2167.575041 2157.468742 2166.662211 2176.576357 2184.569044 2195.051353 2206.981683 2221.291624 2232.979284 2242.994557 2242.415581 2234.969302 2218.436348 2198.084710 2182.514417 2174.051960 2167.070576 2177.152853 2188.590374 2184.671374 2177.362967 2164.385395 2147.306793 2133.252278 2118.460548 2113.979937 2113.639724 2113.551454 2110.739534 2106.838342 2094.362102 2081.903735 2070.663651 2065.306884 2058.665547 2052.539894 2040.288427 2026.720856
-9999.0 -9999.0 594.777463 702.925959 815.520955 938.555281 1036.785166 1101.122990 1252.383619 1368.937794 1477.616952 1582.807602 1672.532561 1741.156185 1786.567096 1851.443318 1899.353070 1919.287559 1946.897640 1984.553838 2014.223650 2046.207596 2067.122016 2080.646291 2095.774218 2110.758733 2120.462695 2109.270007 2099.412070 2083.745681 2062.919125 2039.772130 2027.939746 2025.326468 2026.716792 2030.607064 2023.941138 2013.827347 1998.568870 1982.274089 1968.276935 1956.425523 1951.506426 1946.892888 1944.857580 1941.758138 1938.825570 1931.086295 1920.661844 1913.733333 1905.191190 1899.148683 1895.596171 1888.362782 1878.223427
