tests/Borden05m/sims/sim_1/output-maps/psiliqL0030N0011.asc
ncols         160
nrows         34
xllcorner     620200.000000
yllcorner     5168000.000000
cellsize      0.500000
NODATA_value  -9999.0
[rows 0 to 24 of 34, columns 55 to 109 of 160]
-9999.0 -9999.0 -9999.0 -9999.0 -9999.0 -9999.0 -9999.0 -9999.0 -9999.0 -9999.0 -9999.0 -9999.0 -9999.0 -9999.0 -9999.0 -9999.0 -9999.0 -9999.0 -9999.0 -9999.0 -9999.0 -9999.0 -9999.0 -9999.0 -9999.0 -9999.0 -9999.0 -9999.0 -9999.0 -9999.0 -9999.0 -9999.0 -9999.0 -9999.0 -9999.0 -9999.0 -9999.0 -9999.0 -9999.0 -9999.0 -9999.0 -9999.0 -9999.0 -9999.0 -9999.0 -9999.0 -9999.0 -9999.0 -9999.0 -9999.0 -9999.0 -9999.0 -9999.0 -9999.0 -9999.0
-9999.0 -9999.0 -9999.0 -9999.0 4197.054396 4191.814450 4187.197589 4182.817474 4174.441958 4165.123520 4157.451729 4153.223698 4151.998889 4151.153614 4150.448363 4155.180462 4163.226910 4170.799566 4177.553046 4179.933076 4182.216112 4183.916596 4184.036053 4182.889601 4179.611833 4176.208605 4172.785267 4170.995893 4163.845694 4152.782485 4144.616658 4141.939304 4146.028812 4150.317624 4152.752409 4157.701053 4167.949628 4178.456237 4187.020755 4199.762510 4207.113593 4212.488641 4214.912364 4210.909619 4207.675640 4203.607380 4197.107341 4185.968526 -9999.0 -9999.0 -9999.0 -9999.0 -9999.0 -9999.0 -9999.0
4142.062153 4160.375280 4181.666293 4184.730188 4172.820857 4167.674078 4164.574215 4163.027344 4158.981809 4150.551083 4145.485124 4139.979760 4137.080595 4137.049919 4136.842544 4140.324741 4151.223397 4158.908939 4163.350762 4165.973901 4168.843807 4166.823489 4165.913835 4165.665568 4162.708487 4159.153666 4155.725333 4153.812041 4155.560969 4147.945921 4141.774897 4137.714582 4134.342998 4137.139295 4139.909118 4144.844405 4153.882165 4161.675551 4169.558711 4184.975453 4198.364257 4204.166921 4201.575754 4197.075442 4193.213638 4185.536188 4174.526456 4164.622382 4157.050087 4151.222823 4145.898308 4139.234658 4145.769388 4154.027764 4163.168902
4125.253462 4144.454039 4165.010756 4167.479850 4157.338941 4149.767679 4142.348601 4142.955365 4146.737877 4143.591983 4138.710527 4130.037166 4140.514542 4141.392988 4141.907134 4144.999222 4146.429930 4152.104115 4154.348642 4159.606667 4168.511012 4171.286204 4171.627403 4171.577916 4169.480649 4166.116479 4164.038024 4161.165504 4155.809850 4153.757079 4153.180876 4151.554310 4155.352461 4156.869501 4160.133187 4154.993604 4159.667103 4165.914134 4172.899912 4178.078289 4184.027452 4186.072292 4182.739072 4183.751849 4175.395987 4161.775076 4152.302108 4145.161051 4146.078909 4143.220473 4135.285811 4121.261094 4129.964023 4146.280979 4151.152316
4129.976379 4138.840261 4149.035773 4151.382216 4146.326766 4148.798410 4150.622396 4151.715192 4149.749343 4146.026054 4140.888358 4150.645025 4158.580883 4159.803555 4162.028847 4166.010069 4167.246645 4156.639597 4154.659352 4161.547232 4170.925140 4175.813983 4175.918513 4175.395085 4171.138313 4169.863833 4169.647387 4167.915218 4166.954514 4168.201549 4164.991494 4167.392303 4172.793659 4176.226138 4171.793244 4163.584325 4166.250383 4174.904052 4184.311420 4191.955098 4201.936468 4212.499967 4213.143733 4208.921633 4200.516311 4188.360842 4166.163118 4149.244618 4138.225935 4129.954963 4122.665548 4126.587784 4121.384448 4136.030014 4137.894954
4112.780146 4134.688048 4154.419257 4159.663990 4153.645281 4150.328340 4149.561022 4150.148191 4148.818115 4148.481582 4156.046151 4167.244264 4177.453790 4179.212918 4180.780089 4179.194892 4172.115036 4161.733133 4159.361885 4172.105132 4188.965488 4196.663255 4195.780883 4190.280718 4192.167870 4192.748944 4193.947831 4191.066765 4191.365600 4187.727361 4191.746078 4199.459963 4207.713674 4206.488429 4193.951628 4181.298565 4181.665395 4187.948451 4196.026142 4203.999340 4214.075994 4222.943099 4218.151083 4213.532989 4206.884608 4182.083009 4160.731831 4147.133066 4147.441384 4148.344068 4144.026214 4142.344381 4142.177122 4138.987502 4139.442575
4147.464890 4166.169701 4186.572928 4198.723486 4192.488876 4185.263294 4177.418195 4177.532025 4177.150164 4182.339683 4191.957165 4203.308546 4224.398117 4222.877861 4222.514940 4219.945106 4206.496967 4192.982493 4183.385467 4206.829425 4218.156303 4224.863816 4220.941936 4224.580912 4232.857408 4229.610772 4223.873611 4211.250544 4216.661521 4221.498504 4236.720890 4245.069569 4250.831418 4245.194454 4230.384145 4223.262400 4225.712711 4233.506055 4235.797435 4245.713932 4253.950369 4268.756409 4267.054689 4265.376753 4246.108978 4208.825243 4180.849665 4170.480722 4183.520421 4178.080850 4171.651205 4172.557685 4162.304502 4156.184273 4159.472079
4176.098544 4188.404749 4204.229182 4220.433614 4210.430149 4200.548186 4183.152720 4179.314764 4182.574153 4192.932647 4210.175201 4226.843096 4245.771811 4241.657491 4232.203160 4241.995811 4234.903281 4223.621637 4216.364738 4241.095438 4250.662604 4260.512397 4265.070263 4277.792968 4287.968989 4269.310731 4250.667465 4238.638623 4246.293477 4273.846417 4297.988822 4302.767794 4301.175471 4299.555183 4282.216557 4277.888790 4275.460488 4277.478878 4275.774840 4274.508912 4302.034025 4325.076213 4325.127571 4303.843730 4281.156819 4240.074284 4201.858691 4179.540046 4196.388624 4192.505779 4196.846148 4187.952599 4177.103215 4172.577845 4172.042614
4220.715310 4240.439668 4255.929978 4278.405008 4266.492021 4241.644619 4223.288460 4225.433429 4239.533532 4248.178465 4267.957953 4283.248217 4307.647420 4317.257597 4326.355064 4330.398001 4323.852675 4315.484988 4303.848533 4311.453996 4337.670421 4349.353954 4357.095393 4364.887667 4377.722549 4376.548965 4368.296118 4366.064798 4370.871307 4386.470199 4402.776322 4409.622919 4412.001724 4413.716204 4397.447739 4383.613528 4382.916404 4378.398895 4378.785408 4378.440302 4392.573840 4415.972500 4412.163375 4371.959538 4344.691530 4308.121279 4268.678029 4239.335415 4236.145482 4258.780747 4258.913298 4242.835985 4234.674334 4210.988566 4208.954592
4286.354089 4319.165274 4343.112891 4352.484921 4358.532745 4340.962300 4338.038354 4342.590585 4351.668027 4354.557737 4360.913395 4393.761774 4427.725922 4451.864078 4474.578693 4481.563137 4468.720317 4458.985612 4444.982906 4436.417300 4449.778481 4468.154084 4486.332169 4501.184472 4512.665320 4514.298239 4512.610605 4512.622625 4516.148657 4519.216618 4524.028116 4533.356888 4541.215071 4549.508229 4556.622929 4544.644090 4527.445351 4519.037912 4511.381314 4511.794871 4513.950575 4519.403037 4520.619099 4500.622011 4454.634549 4421.380333 4388.534002 4371.177070 4359.747536 4363.196189 4344.741599 4319.115668 4265.170416 4228.000251 4197.114177
4369.413904 4415.584148 4445.176487 4460.800834 4473.234693 4468.736607 4470.775305 4471.626935 4475.013141 4476.785020 4478.408196 4507.073043 4550.717862 4591.517461 4623.808912 4622.579161 4607.476652 4595.867052 4587.200127 4571.573735 4567.488654 4581.889019 4598.924213 4620.835326 4631.067645 4636.055627 4631.884916 4632.060420 4634.368267 4636.868596 4639.178782 4643.451975 4654.103887 4670.423392 4686.143645 4684.607056 4663.574721 4645.106209 4629.339947 4628.287043 4626.854202 4622.011954 4624.907557 4626.942613 4607.789242 4573.779664 4531.829062 4491.281336 4477.011526 4463.140388 4452.283640 4434.298153 4387.985495 4315.256360 4272.041266
4486.194252 4523.508218 4553.220658 4584.180294 4598.271741 4599.047961 4595.809031 4593.878099 4601.107897 4602.921718 4607.351351 4624.292750 4659.933346 4698.332078 4729.615500 4744.719046 4735.590724 4715.692173 4691.634064 4680.156044 4676.673454 4680.933393 4691.615954 4706.362764 4727.540468 4748.447808 4754.430736 4755.384352 4752.605104 4755.199939 4756.962688 4757.120336 4760.766383 4770.723098 4781.715430 4785.404400 4776.441528 4753.303080 4728.307417 4717.769937 4711.828206 4708.630716 4710.532001 4716.888438 4721.172228 4704.846065 4666.062540 4618.366756 4588.749432 4575.220046 4562.833858 4547.901597 4534.246022 4495.776768 4472.908612
4598.125415 4614.513574 4644.470712 4674.734415 4697.366686 4711.853592 4711.233979 4713.587615 4718.590910 4725.287071 4740.499279 4765.822920 4787.146855 4812.339880 4841.346995 4859.277143 4864.485840 4862.084347 4856.927834 4857.909357 4858.348177 4780.550498 4788.158954 4795.763833 4816.925671 4835.370929 4842.165706 4842.955132 4839.805483 4841.958640 4842.906035 4842.705045 4842.320281 4845.594343 4851.879186 4854.281228 4851.311695 4836.184193 4860.540971 4839.102756 4824.853643 4816.214552 4807.598523 4799.273753 4789.657447 4779.365351 4757.349944 4724.260479 4688.671433 4668.571737 4661.373646 4654.891514 4645.155551 4638.787995 4620.405913
4698.389476 4709.066116 4728.715728 4752.970912 4790.045667 4815.632557 4827.699405 4837.562170 4842.374931 4857.229476 4875.450010 4855.065274 4865.382764 4876.059454 4886.667874 4890.310896 4891.353978 4890.872672 4888.393434 4887.431297 4884.682427 4881.642328 4870.725134 4872.384483 4874.520661 4877.201304 4881.038450 4880.019204 4881.213088 4884.194943 4882.317133 4876.009930 4871.707195 4870.123821 4871.347725 4878.947226 4882.603219 4883.637503 4879.292941 4878.242930 4877.005840 4872.782512 4867.509767 4860.076748 4850.568454 4870.051670 4856.958378 4826.553758 4782.773063 4738.363928 4732.576017 4736.253777 4735.558907 4734.153487 4728.286265
4832.486040 4847.210050 4863.047737 4833.067262 4860.810897 4875.009005 4881.647793 4886.463570 4889.507068 4893.506582 4890.580039 4887.722608 4882.707244 4880.984217 4879.577612 4877.085257 4877.694901 4875.802139 4871.626104 4867.318931 4858.661283 4846.657075 4835.469919 4831.457314 4835.652446 4841.542617 4847.062305 4852.050855 4855.963333 4855.532895 4849.715952 4840.962474 4833.141874 4831.569359 4838.667847 4844.535946 4851.632164 4852.603794 4851.193317 4848.480921 4848.036919 4844.402325 4844.494768 4851.893556 4867.417570 4868.965834 4876.295153 4875.251392 4854.577770 4817.142187 4836.172294 4815.712679 4822.571370 4817.736444 4806.076716
4881.249277 4884.690372 4882.665457 4881.834335 4875.219647 4868.991875 4868.153285 4872.231500 4879.388229 4880.336675 4873.158047 4864.327017 4856.847485 4849.015846 4846.489897 4846.144192 4845.999116 4846.619949 4841.234537 4831.184184 4813.292178 4801.568224 4790.451855 4784.476944 4779.891552 4782.747828 4794.648828 4807.964820 4813.211555 4802.806668 4793.851435 4781.442409 4773.280795 4773.805227 4774.366900 4784.170892 4802.353646 4811.179551 4812.055309 4805.016424 4797.712509 4790.739309 4787.276829 4793.675258 4809.369610 4827.033609 4843.700517 4853.428242 4861.460558 4868.969083 4865.299252 4868.703401 4870.576537 4867.931921 4872.622833
4876.181357 4868.953989 4861.723032 4856.227912 4849.744437 4844.502203 4842.539527 4844.144014 4845.640664 4841.127032 4834.729938 4824.615269 4813.327554 4803.435909 4795.097444 4796.133606 4798.515455 4800.406821 4792.625266 4776.658307 4758.390067 4744.677110 4730.640820 4726.635436 4720.246591 4711.150002 4721.133722 4742.044355 4749.941360 4732.701850 4721.315032 4705.592296 4699.251900 4694.864438 4695.369592 4704.199106 4727.964057 4754.197231 4756.712280 4745.263180 4733.864082 4729.239335 4725.885579 4729.981803 4746.499191 4768.063691 4785.021812 4796.068507 4801.477722 4809.325710 4818.861379 4834.159757 4849.862665 4862.939819 4866.254615
4850.279491 4842.425779 4834.655173 4826.874657 4819.874939 4813.527459 4809.087261 4807.065062 4802.482592 4796.156381 4788.927941 4765.544222 4752.725328 4739.163733 4723.485583 4719.217275 4713.531741 4714.246450 4702.411507 4695.126800 4679.225382 4663.719024 4647.928455 4633.321530 4627.540905 4620.441262 4616.455806 4629.225464 4637.461613 4629.362377 4619.849688 4609.984933 4606.075796 4602.692515 4605.443397 4616.052997 4634.776412 4653.150866 4662.314402 4655.319180 4655.665684 4656.783968 4655.263467 4662.095788 4671.844244 4689.477043 4712.868987 4733.343543 4743.745498 4750.553227 4759.680681 4774.403118 4788.888715 4803.703742 4822.398844
4819.372521 4809.851206 4799.716139 4789.714667 4778.968281 4768.167279 4761.304702 4764.305263 4758.263422 4752.670347 4726.838692 4667.896707 4645.259927 4625.583455 4608.654015 4601.260991 4592.161845 4572.640370 4563.950370 4560.097649 4565.575561 4552.010747 4534.323345 4515.905237 4511.043038 4507.687471 4487.021035 4478.794795 4478.327706 4499.343161 4493.778911 4494.292082 4497.804930 4495.508998 4496.123733 4508.651471 4514.879639 4518.673358 4525.860285 4533.315470 4545.632564 4554.781711 4567.792980 4585.849382 4596.124161 4610.951172 4631.257133 4658.105775 4674.778460 4684.553615 4694.992239 4710.430922 4726.704873 4744.870169 4767.619325
4784.079820 4766.353924 4751.205223 4736.526676 4723.533134 4710.337591 4693.212391 4695.228936 4693.317551 4682.050561 4621.556215 4580.979708 4546.176831 4529.004326 4504.398051 4489.684412 4470.973612 4427.565824 4408.673718 4410.229395 4428.851019 4427.637708 4412.895166 4401.764769 4391.771470 4381.287547 4361.610640 4338.910302 4345.540929 4366.558653 4369.681476 4375.065886 4384.513375 4384.547926 4376.581688 4370.690630 4381.928055 4386.510368 4398.463141 4418.860680 4424.292521 4443.973811 4481.086124 4493.927915 4509.212082 4527.219399 4547.345728 4569.470620 4593.195008 4607.775907 4623.372227 4641.872212 4658.660834 4678.992687 4701.465756
4731.233147 4698.633980 4676.667276 4658.723969 4638.622457 4608.982568 4588.812651 4586.302912 4580.117504 4546.860892 4491.727913 4457.536166 4436.248369 4414.263198 4391.350172 4365.298403 4323.570579 4287.249389 4264.587603 4284.371287 4297.187757 4313.082384 4302.647713 4292.608115 4283.186256 4263.388353 4245.903584 4227.494261 4239.547759 4248.314310 4271.699439 4280.037883 4284.146249 4291.466937 4289.942291 4276.634751 4267.408938 4275.258951 4285.073577 4297.843017 4322.862675 4361.130621 4386.257325 4405.128712 4425.717438 4443.939416 4464.834298 4487.491261 4510.785944 4528.125565 4546.363651 4564.540386 4585.325023 4603.757937 4625.817844
4646.051314 4617.564202 4591.240723 4567.693019 4533.719331 4484.073078 4469.523205 4460.113578 4434.280185 4381.974945 4340.214281 4324.658320 4315.697562 4292.868503 4272.830264 4242.824765 4207.664231 4187.863905 4167.121517 4179.101906 4190.938120 4214.785777 4207.419871 4202.455673 4200.849013 4185.337916 4172.351075 4155.109184 4160.961129 4174.150269 4200.353138 4207.223545 4211.746878 4222.246737 4221.681268 4216.138260 4194.977608 4200.943570 4211.946451 4227.131005 4259.797569 4281.694164 4303.632032 4325.647093 4344.670804 4365.803176 4387.350345 4409.830649 4436.470141 4455.953080 4474.763768 4496.081437 4514.576263 4527.149786 4541.319854
4533.886339 4510.612647 4492.211909 4467.979787 4422.302294 4377.917472 4333.972071 4302.647863 4244.319690 4208.690393 4194.040229 4199.631358 4190.198870 4172.185804 4154.829382 4136.830054 4117.112438 4100.407618 4075.361973 4081.915169 4099.603373 4118.374618 4122.979475 4126.144557 4125.681600 4117.445933 4104.255017 4090.714930 4094.600660 4112.638626 4131.234204 4142.511916 4150.769506 4158.626850 4158.139514 4147.314550 4136.402412 4140.582307 4156.267421 4172.125410 4187.949424 4207.462064 4227.349047 4247.233224 4269.169471 4290.961953 4312.990232 4337.003679 4363.270152 4384.522196 4407.662723 4431.442961 4446.302575 4453.138599 4457.927455
4429.232091 4411.620898 4389.162878 4361.277296 4318.713021 4279.953825 4239.768948 4189.110779 4156.344850 4129.310697 4127.546703 4114.616952 4104.407677 4092.691640 4073.860884 4059.885923 4047.891045 4027.900427 4021.948817 4030.728978 4044.900486 4052.230090 4061.227723 4059.975167 4058.393243 4053.943397 4040.183709 4038.707541 4049.497069 4064.669286 4077.882884 4090.062003 4097.006201 4101.616724 4098.271589 4088.469349 4086.508878 4094.440788 4109.533452 4121.944885 4134.968549 4154.369761 4172.848047 4193.244987 4214.461635 4235.084385 4258.174108 4282.004021 4306.938918 4333.573335 4354.514231 4370.762221 4377.464105 4385.003926 4380.480116
4303.795875 4295.160217 4269.799779 4241.699081 4214.537117 4184.433716 4163.560948 4133.962595 4105.675625 4078.635506 4054.038425 4045.234419 4042.114355 4031.727510 4017.273473 4008.469433 3994.805741 3989.089140 3998.757186 3999.933465 4007.147091 4004.407412 4006.007433 4004.303826 4004.350406 4003.448008 3999.608293 4013.778402 4019.911852 4032.723717 4042.350976 4052.114639 4057.564117 4060.698725 4062.169529 4058.672520 4065.238740 4070.380803 4083.056467 4093.185979 4105.082351 4123.499758 4138.844828 4156.026559 4176.639339 4197.963288 4219.993531 4244.003044 4270.504492 4293.388079 4308.694469 4312.691998 4319.572376 4317.575652 4302.610375
